ctdpy/exports/archive_20191121_122431/received_data/SBE09_0827_20180828_1556_26_01_0928.cnv
* Sea-Bird SBE 9 Data File:
* FileName = D:\CTD_SBE911\DAT\26DA.2018.8.128.hex
* Software Version Seasave V 7.21d
* Temperature SN = 034605
* Conductivity SN = 041844
* Number of Bytes Per Scan = 48
* Number of Voltage Words = 5
* Number of Scans Averaged by the Deck Unit = 1
* NMEA Latitude = 57 11.61 N
* NMEA Longitude = 011 39.47 E
* NMEA UTC (Time) = Aug 28 2018  15:59:02
* NMEA baud rate = 4800
** Ship: DANA
** Average sound velocity: 1500.20 m/s
** True-depth calculation Thu, 28 Mar 2019 09:54:45 +0000
** CTD Python Module SMHI /ver 3-12/ feb 2012 
** LIMS Job: 20182601-0928
**  FLADEN
** Operator: Christian
** Cruise: 08/2018
# nquan = 26
# nvalues = 155                         
# units = specified
# name 0 = scan: Scan Count
# name 1 = prDM: Pressure, Digiquartz [db]
# name 2 = t090C: Temperature [ITS-90, deg C]
# name 3 = t190C: Temperature, 2 [ITS-90, deg C]
# name 4 = T2-T190C: Temperature Difference, 2 - 1 [ITS-90, deg C]
# name 5 = c0S/m: Conductivity [S/m]
# name 6 = c1S/m: Conductivity, 2 [S/m]
# name 7 = pumps: Pump Status
# name 8 = sbeox1ML/L: Oxygen, SBE 43, 2 [ml/l]
# name 9 = sbeox0ML/L: Oxygen, SBE 43 [ml/l]
# name 10 = altM: Altimeter [m]
# name 11 = chloroflTC0: Chlorophyll, Turner Cyclops [ug/l]
# name 12 = cpar: CPAR/Corrected Irradiance [%]
# name 13 = par: PAR/Irradiance, Biospherical/Lico [µE/(cm^2*s)]
# name 14 = spar: SPAR, Biospherical/Licor
# name 15 = sal00: Salinity, Practical [PSU]
# name 16 = sal11: Salinity, Practical, 2 [PSU]
# name 17 = secS-priS: Salinity, Practical, Difference, 2 - 1 [PSU]
# name 18 = sigma-t00: Density [sigma-t, kg/m^3 ]
# name 19 = sigma-t11: Density, 2 [sigma-t, kg/m^3 ]
# name 20 = depSM: Depth [salt water, m], lat = 57.1935
# name 21 = depFM: Depth [true depth, m], lat = 57.1935
# name 22 = dz/dtM: Descent Rate [m/s], WS = 2
# name 23 = svCM: Sound Velocity [Chen-Millero, m/s]
# name 24 = svCM1: Sound Velocity, 2 [Chen-Millero, m/s]
# name 25 = flag: flag
# span 0 =        228,       8172       
# span 1 =      2.000,     79.000       
# span 2 =     9.2309,    18.0202       
# span 3 =     9.2801,    18.0068       
# span 4 =    -0.0394,     0.6200       
# span 5 =   3.462015,   4.200342       
# span 6 =   3.468157,   4.198425       
# span 7 =          1,          1       
# span 8 =     4.0685,     5.9094       
# span 9 =     4.0744,     5.6459       
# span 10 =       2.74,       9.98      
# span 11 =     0.0238,     0.0692      
# span 12 = -1.663e-06, 6.7098e+00      
# span 13 = -6.349e-06, 2.6995e+01      
# span 14 = 3.3345e+02, 4.0233e+02      
# span 15 =    25.6735,    33.5493      
# span 16 =    25.7222,    33.5435      
# span 17 =    -0.8534,     0.0749      
# span 18 =    18.1836,    25.9455      
# span 19 =    18.2201,    25.9331      
# span 20 =      1.982,     78.258      
# span 21 =      2.000,     78.613      
# span 22 =     -0.069,      0.302      
# span 23 =    1486.57,    1511.61      
# span 24 =    1486.74,    1511.59      
# span 25 = 0.0000e+00, 0.0000e+00      
# interval = decibars: 0.5              
# start_time = Aug 28 2018 15:59:03 [NMEA time, first data scan]
# bad_flag = -9.990e-29
*END*
        228      2.000    17.8380    17.8342    -0.0038    3.47899    3.47203          1     5.9094     5.6459       9.98     0.0450  6.710e+00  2.700e+01  4.023e+02    25.8082    25.7535    -0.0547    18.2846    18.2438      1.982      2.000      0.185    1504.92    1504.85  0.000e+00
        277      2.500    17.8304    17.8342     0.0037    3.46202    3.47142          1     5.8739     5.6429       9.98     0.0449  6.013e+00  2.418e+01  4.021e+02    25.6735    25.7484     0.0749    18.1836    18.2398      2.477      2.501      0.259    1504.75    1504.85  0.000e+00
        329      3.000    17.8564    17.8329    -0.0235    3.52089    3.46816          1     5.9068     5.6216       9.98     0.0452  5.296e+00  2.130e+01  4.021e+02    26.1407    25.7222    -0.4185    18.5340    18.2201      2.972      3.001      0.223    1505.37    1504.82  0.000e+00
        376      3.500    17.8683    17.8432    -0.0251    3.54282    3.48831          1     5.8982     5.6223       9.98     0.0452  4.760e+00  1.914e+01  4.021e+02    26.3132    25.8811    -0.4321    18.6629    18.3390      3.468      3.501      0.277    1505.61    1505.04  0.000e+00
        421      4.000    17.8635    17.8550    -0.0085    3.53472    3.51511          1     5.8666     5.6146       9.98     0.0452  4.216e+00  1.695e+01  4.021e+02    26.2495    26.0938    -0.1558    18.6155    18.4986      3.963      4.001      0.262    1505.53    1505.33  0.000e+00
        464      4.500    17.8710    17.8586    -0.0124    3.54915    3.52416          1     5.8698     5.6062       9.98     0.0452  3.756e+00  1.509e+01  4.018e+02    26.3633    26.1657    -0.1976    18.7006    18.5526      4.459      4.501      0.288    1505.69    1505.43  0.000e+00
        509      5.000    17.8752    17.8688    -0.0064    3.55690    3.54350          1     5.8678     5.6042       9.98     0.0452  3.386e+00  1.356e+01  4.006e+02    26.4243    26.3181    -0.1061    18.7461    18.6666      4.954      5.001      0.250    1505.78    1505.64  0.000e+00
        557      5.500    17.8841    17.8720    -0.0121    3.57484    3.55334          1     5.8699     5.6081       9.98     0.0452  3.027e+00  1.211e+01  4.001e+02    26.5661    26.3969    -0.1693    18.8523    18.7259      5.449      5.500      0.252    1505.97    1505.75  0.000e+00
        604      6.000    17.8815    17.8725    -0.0090    3.56762    3.55199          1     5.8538     5.5967       9.98     0.0452  2.695e+00  1.078e+01  4.001e+02    26.5081    26.3852    -0.1229    18.8086    18.7169      5.945      6.000      0.268    1505.91    1505.74  0.000e+00
        646      6.500    17.8827    17.8765    -0.0062    3.56962    3.56041          1     5.8289     5.5761       9.98     0.0452  2.447e+00  9.789e+00  4.001e+02    26.5237    26.4519    -0.0718    18.8202    18.7669      6.440      6.500      0.290    1505.94    1505.84  0.000e+00
        689      7.000    17.8997    17.8804    -0.0193    3.60253    3.56697          1     5.8471     5.5477       9.98     0.0452  2.188e+00  8.755e+00  4.001e+02    26.7836    26.5032    -0.2804    19.0146    18.8051      6.935      7.000      0.261    1506.29    1505.92  0.000e+00
        737      7.500    17.9117    17.8892    -0.0225    3.62511    3.58347          1     5.8342     5.5430       9.98     0.0452  1.960e+00  7.841e+00  4.001e+02    26.9618    26.6333    -0.3285    19.1478    18.9023      7.431      7.500      0.266    1506.54    1506.10  0.000e+00
        779      8.000    17.9203    17.9016    -0.0187    3.64038    3.60610          1     5.8398     5.5208       9.98     0.0452  1.750e+00  6.991e+00  3.994e+02    27.0819    26.8115    -0.2704    19.2375    19.0355      7.926      7.999      0.291    1506.71    1506.35  0.000e+00
        823      8.500    17.9377    17.9130    -0.0247    3.67605    3.62698          1     5.8021     5.5055       9.98     0.0455  1.569e+00  6.247e+00  3.981e+02    27.3647    26.9761    -0.3886    19.4493    19.1584      8.422      8.499      0.249    1507.09    1506.57  0.000e+00
        872      9.000    17.9628    17.9329    -0.0299    3.71622    3.66465          1     5.7884     5.4892       9.98     0.0455  1.417e+00  5.639e+00  3.980e+02    27.6796    27.2736    -0.4060    19.6838    19.3809      8.917      8.998      0.258    1507.53    1506.98  0.000e+00
        918      9.500    17.9810    17.9500    -0.0310    3.73786    3.69610          1     5.7703     5.4745       9.98     0.0458  1.281e+00  5.098e+00  3.980e+02    27.8461    27.5218    -0.3243    19.8065    19.5663      9.412      9.498      0.247    1507.78    1507.32  0.000e+00
        970     10.000    17.9495    17.9598     0.0102    3.74859    3.71730          1     5.7402     5.4587       9.98     0.0457  1.159e+00  4.615e+00  3.980e+02    27.9562    27.6903    -0.2658    19.8980    19.6926      9.908      9.997      0.243    1507.82    1507.55  0.000e+00
       1013     10.500    17.9930    17.9536    -0.0394    3.78466    3.73152          1     5.7149     5.4466       9.98     0.0456  1.049e+00  4.172e+00  3.979e+02    28.2250    27.8119    -0.4130    20.0930    19.7869     10.403     10.496      0.297    1508.26    1507.67  0.000e+00
       1055     11.000    18.0095    17.9708    -0.0386    3.81043    3.75285          1     5.7246     5.4311       9.98     0.0459  9.546e-01  3.783e+00  3.963e+02    28.4270    27.9766    -0.4504    20.2433    19.9086     10.898     10.996      0.264    1508.55    1507.92  0.000e+00
       1102     11.500    17.9928    17.9841    -0.0086    3.82235    3.77451          1     5.6923     5.4063       9.98     0.0453  8.635e-01  3.420e+00  3.960e+02    28.5373    28.1467    -0.3907    20.3315    20.0353     11.394     11.495      0.271    1508.63    1508.16  0.000e+00
       1144     12.000    17.9760    17.9913     0.0152    3.83392    3.79412          1     5.6789     5.3948       9.98     0.0455  7.818e-01  3.096e+00  3.960e+02    28.6448    28.3041    -0.3407    20.4176    20.1538     11.889     11.994      0.282    1508.71    1508.37  0.000e+00
       1190     12.500    17.9788    17.9846     0.0058    3.84354    3.80733          1     5.6784     5.3726       9.98     0.0454  7.054e-01  2.793e+00  3.960e+02    28.7226    28.4181    -0.3046    20.4763    20.2424     12.385     12.493      0.255    1508.81    1508.49  0.000e+00
       1235     13.000    18.0176    17.9887    -0.0289    3.89796    3.82900          1     5.6692     5.3570       9.98     0.0451  6.428e-01  2.546e+00  3.960e+02    29.1474    28.5948    -0.5526    20.7915    20.3764     12.880     12.992      0.270    1509.42    1508.71  0.000e+00
       1283     13.500    18.0202    17.9926    -0.0276    3.92836    3.85160          1     5.6672     5.3538       9.98     0.0459  5.852e-01  2.318e+00  3.960e+02    29.3983    28.7796    -0.6188    20.9826    20.5166     13.375     13.491      0.232    1509.72    1508.94  0.000e+00
       1332     14.000    18.0051    18.0043    -0.0008    3.95464    3.87893          1     5.6169     5.3423       9.98     0.0442  5.317e-01  2.106e+00  3.960e+02    29.6281    28.9984    -0.6297    21.1617    20.6809     13.871     13.990      0.268    1509.94    1509.23  0.000e+00
       1375     14.500    17.9998    18.0068     0.0070    4.01464    3.91295          1     5.6196     5.3294       9.98     0.0442  4.828e-01  1.909e+00  3.953e+02    30.1327    29.2793    -0.8534    21.5484    20.8948     14.366     14.488      0.275    1510.51    1509.56  0.000e+00
       1421     15.000    18.0090    18.0040    -0.0050    4.03231    3.94849          1     5.6275     5.3443       8.97     0.0439  4.404e-01  1.736e+00  3.940e+02    30.2733    29.5772    -0.6962    21.6537    21.1230     14.861     14.987      0.260    1510.70    1509.90  0.000e+00
       1466     15.500    18.0074    18.0054    -0.0020    4.03294    3.98877          1     5.6011     5.3551       7.52     0.0428  4.014e-01  1.582e+00  3.940e+02    30.2797    29.9121    -0.3676    21.6590    21.3786     15.357     15.485      0.277    1510.71    1510.29  0.000e+00
       1511     16.000    17.9954    18.0062     0.0108    4.03289    4.01471          1     5.5518     5.3242       7.57     0.0426  3.655e-01  1.440e+00  3.940e+02    30.2880    30.1280    -0.1600    21.6682    21.5433     15.852     15.984      0.253    1510.69    1510.55  0.000e+00
       1558     16.500    17.9538    18.0013     0.0476    4.04346    4.02034          1     5.5755     5.2527       6.30     0.0427  3.351e-01  1.320e+00  3.940e+02    30.4072    30.1785    -0.2287    21.7692    21.5831     16.348     16.482      0.261    1510.71    1510.60  0.000e+00
       1604     17.000    17.8884    17.9699     0.0815    4.09565    4.03419          1     5.5860     5.2006       9.91     0.0425  3.050e-01  1.202e+00  3.939e+02    30.8943    30.3174    -0.5768    22.1572    21.6967     16.843     16.980      0.248    1511.08    1510.67  0.000e+00
       1654     17.500    17.8589    17.9455     0.0866    4.13830    4.05150          1     5.5418     5.1676       9.97     0.0424  2.805e-01  1.099e+00  3.920e+02    31.2754    30.4803    -0.7951    22.4557    21.8271     17.338     17.479      0.250    1511.43    1510.79  0.000e+00
       1700     18.000    17.8453    17.9118     0.0666    4.15548    4.08321          1     5.5280     5.1558       9.97     0.0418  2.548e-01  9.989e-01  3.919e+02    31.4306    30.7715    -0.6590    22.5776    22.0577     17.834     17.977      0.258    1511.58    1511.03  0.000e+00
       1747     18.500    17.8396    17.8857     0.0461    4.15788    4.11379          1     5.5010     5.1467       9.97     0.0411  2.303e-01  9.028e-01  3.919e+02    31.4551    31.0482    -0.4068    22.5977    22.2755     18.329     18.475      0.264    1511.60    1511.27  0.000e+00
       1789     19.000    17.8311    17.8651     0.0340    4.16072    4.13342          1     5.4659     5.1614       9.97     0.0406  2.081e-01  8.158e-01  3.919e+02    31.4854    31.2290    -0.2564    22.6229    22.4187     18.824     18.973      0.294    1511.61    1511.42  0.000e+00
       1832     19.500    17.7827    17.8496     0.0669    4.16462    4.14807          1     5.4410     5.1305       9.97     0.0402  1.885e-01  7.372e-01  3.910e+02    31.5556    31.3642    -0.1914    22.6882    22.5258     19.320     19.471      0.270    1511.56    1511.54  0.000e+00
       1877     20.000    17.7060    17.8157     0.1097    4.18228    4.15683          1     5.4323     5.1251       9.97     0.0414  1.714e-01  6.682e-01  3.899e+02    31.7645    31.4641    -0.3004    22.8663    22.6103     19.815     19.969      0.259    1511.58    1511.56  0.000e+00
       1924     20.500    17.6878    17.7789     0.0912    4.18835    4.16546          1     5.4341     5.1110       9.97     0.0400  1.552e-01  6.050e-01  3.899e+02    31.8300    31.5652    -0.2647    22.9208    22.6965     20.310     20.466      0.259    1511.61    1511.58  0.000e+00
       1969     21.000    17.5918    17.7406     0.1489    4.19071    4.17447          1     5.4105     5.0802       9.97     0.0397  1.409e-01  5.493e-01  3.899e+02    31.9251    31.6710    -0.2541    23.0164    22.7865     20.806     20.964      0.272    1511.44    1511.59  0.000e+00
       2016     21.500    17.5135    17.6825     0.1690    4.19192    4.18222          1     5.3758     5.0669       9.97     0.0392  1.285e-01  5.012e-01  3.899e+02    31.9967    31.7818    -0.2150    23.0899    22.8851     21.301     21.462      0.241    1511.29    1511.55  0.000e+00
       2064     22.000    17.4966    17.6194     0.1228    4.19096    4.18699          1     5.3635     5.0753       9.97     0.0398  1.149e-01  4.479e-01  3.898e+02    32.0017    31.8714    -0.1303    23.0977    22.9688     21.796     21.960      0.271    1511.26    1511.47  0.000e+00
       2106     22.500    17.4897    17.5731     0.0834    4.19153    4.18941          1     5.3409     5.0899       9.97     0.0393  1.041e-01  4.040e-01  3.881e+02    32.0119    31.9282    -0.0837    23.1071    23.0232     22.292     22.458      0.286    1511.25    1511.41  0.000e+00
       2150     23.000    17.4887    17.5500     0.0614    4.19414    4.19079          1     5.3306     5.0804       9.97     0.0419  9.392e-02  3.643e-01  3.879e+02    32.0348    31.9579    -0.0769    23.1249    23.0515     22.787     22.955      0.263    1511.29    1511.38  0.000e+00
       2195     23.500    17.4821    17.5333     0.0513    4.19501    4.19199          1     5.3333     5.0751       9.97     0.0403  8.482e-02  3.290e-01  3.879e+02    32.0472    31.9811    -0.0661    23.1360    23.0732     23.282     23.453      0.285    1511.29    1511.37  0.000e+00
       2236     24.000    17.4728    17.5147     0.0420    4.19556    4.19321          1     5.3325     5.0616       9.97     0.0408  7.548e-02  2.928e-01  3.879e+02    32.0591    32.0059    -0.0532    23.1473    23.0966     23.778     23.951      0.280    1511.28    1511.35  0.000e+00
       2283     24.500    17.4653    17.5022     0.0370    4.19743    4.19445          1     5.3314     5.0687       9.97     0.0415  6.706e-02  2.601e-01  3.879e+02    32.0808    32.0262    -0.0546    23.1657    23.1151     24.273     24.449      0.244    1511.29    1511.34  0.000e+00
       2330     25.000    17.4410    17.4903     0.0494    4.19975    4.19543          1     5.3141     5.0340       9.97     0.0409  5.937e-02  2.296e-01  3.867e+02    32.1196    32.0438    -0.0758    23.2011    23.1315     24.769     24.946      0.273    1511.27    1511.34  0.000e+00
       2374     25.500    17.2338    17.4765     0.2425    4.19800    4.19683          1     5.3135     5.0070       9.97     0.0400  5.216e-02  2.013e-01  3.859e+02    32.2693    32.0664    -0.2028    23.3647    23.1521     25.264     25.444      0.262    1510.83    1511.33  0.000e+00
       2421     26.000    17.1133    17.4281     0.3147    4.19351    4.19816          1     5.3018     5.0123       9.97     0.0404  4.541e-02  1.752e-01  3.859e+02    32.3268    32.1159    -0.2109    23.4371    23.2014     25.759     25.942      0.254    1510.54    1511.25  0.000e+00
       2466     26.500    17.0881    17.3261     0.2381    4.19216    4.19843          1     5.3128     5.0158       9.97     0.0410  3.902e-02  1.506e-01  3.859e+02    32.3352    32.1990    -0.1362    23.4494    23.2891     26.255     26.439      0.281    1510.48    1511.05  0.000e+00
       2508     27.000    17.0666    17.2282     0.1615    4.19139    4.19759          1     5.2952     5.0148       9.97     0.0408  3.302e-02  1.271e-01  3.848e+02    32.3456    32.2697    -0.0760    23.4624    23.3663     26.750     26.937      0.292    1510.44    1510.84  0.000e+00
       2548     27.500    17.0603    17.1484     0.0881    4.19132    4.19592          1     5.2608     5.0246       9.97     0.0430  2.760e-02  1.059e-01  3.838e+02    32.3499    32.3189    -0.0310    23.4672    23.4228     27.245     27.434      0.296    1510.43    1510.66  0.000e+00
       2592     28.000    17.0620    17.1177     0.0557    4.19149    4.19506          1     5.2585     5.0145       9.97     0.0421  2.265e-02  8.693e-02  3.838e+02    32.3499    32.3359    -0.0140    23.4668    23.4430     27.740     27.932      0.256    1510.45    1510.60  0.000e+00
       2640     28.500    17.0607    17.0918     0.0311    4.19151    4.19409          1     5.2455     5.0113       9.97     0.0434  1.774e-02  6.809e-02  3.838e+02    32.3509    32.3482    -0.0027    23.4679    23.4585     28.236     28.430      0.263    1510.45    1510.54  0.000e+00
       2682     29.000    17.0629    17.0788     0.0159    4.19257    4.19360          1     5.2339     5.0091       9.97     0.0430  1.316e-02  5.051e-02  3.838e+02    32.3580    32.3543    -0.0038    23.4728    23.4662     28.731     28.927      0.288    1510.48    1510.52  0.000e+00
