ctdpy/exports/archive_20191121_122431/received_data/SBE09_1044_20180527_0347_34_07_0031.cnv
* Sea-Bird SBE 9 Data File:
* FileName = C:\ctd\temp\2018\AU18D031.hex
* Software Version Seasave V 7.26.6.26
* Temperature SN = 5351
* Conductivity SN = 3941
* Number of Bytes Per Scan = 41
* Number of Voltage Words = 4
* Number of Scans Averaged by the Deck Unit = 1
* NMEA Latitude = 58 16.02 N
* NMEA Longitude = 010 43.46 E
* NMEA UTC (Time) = May 27 2018  03:48:04
* NMEA baud rate = 4800
** Station:  A16
** Operator:  SSip
** Ship: AURA
** Average sound velocity: 1478.76 m/s
** True-depth calculation Sun, 27 May 2018 04:17:51 +0000
** CTD Python Module SMHI /ver 3-12/ feb 2012 
** LIMS Job: 20183407-0031
** Cruise: SMHI-02-2018
** Latitude [GG MM.mm N] :
** Longitude [GG MM.mm E]:
# nquan = 26
# nvalues = 403                         
# units = specified
# name 0 = scan: Scan Count
# name 1 = prDM: Pressure, Digiquartz [db]
# name 2 = t090C: Temperature [ITS-90, deg C]
# name 3 = t190C: Temperature, 2 [ITS-90, deg C]
# name 4 = T2-T190C: Temperature Difference, 2 - 1 [ITS-90, deg C]
# name 5 = c0S/m: Conductivity [S/m]
# name 6 = c1S/m: Conductivity, 2 [S/m]
# name 7 = pumps: Pump Status
# name 8 = sbeox0ML/L: Oxygen, SBE 43 [ml/l]
# name 9 = sbeox1ML/L: Oxygen, SBE 43, 2 [ml/l]
# name 10 = altM: Altimeter [m]
# name 11 = flECO-AFL: Chl-a Fluorescence, WET Labs ECO-AFL/FL [mg/m^3]
# name 12 = flECO-AFL1: Phycocyanin Fluorescence, WET Labs ECO-AFL/FL, 2 [mg/m^3]
# name 13 = par: PAR/Irradiance, Biospherical/Lico [µE/(cm^2*s)]
# name 14 = turbWETntu0: Turbidity, WET Labs ECO [NTU]
# name 15 = sal00: Salinity, Practical [PSU]
# name 16 = sal11: Salinity, Practical, 2 [PSU]
# name 17 = secS-priS: Salinity, Practical, Difference, 2 - 1 [PSU]
# name 18 = sigma-t00: Density [sigma-t, Kg/m^3 ]
# name 19 = sigma-t11: Density, 2 [sigma-t, Kg/m^3 ]
# name 20 = depSM: Depth [salt water, m], lat = 58.267
# name 21 = depFM: Depth [true depth, m], lat = 58.267
# name 22 = dz/dtM: Descent Rate [m/s], WS = 2
# name 23 = svCM: Sound Velocity [Chen-Millero, m/s]
# name 24 = svCM1: Sound Velocity, 2 [Chen-Millero, m/s]
# name 25 = flag: flag
# span 0 =       7071,      16633       
# span 1 =      1.000,    202.000       
# span 2 =     5.9018,    18.1082       
# span 3 =     5.9032,    17.9369       
# span 4 =    -0.2596,     0.2106       
# span 5 =   3.436965,   3.968464       
# span 6 =   3.436948,   3.965895       
# span 7 =          1,          1       
# span 8 =    5.99561,    8.82130       
# span 9 =    5.92571,    8.70171       
# span 10 =       2.85,      98.79      
# span 11 =     0.0388,     4.9484      
# span 12 =     0.1501,     0.6497      
# span 13 = -9.974e-07, 3.1879e+02      
# span 14 =     0.1234,     1.2976      
# span 15 =    25.7331,    35.0503      
# span 16 =    26.0398,    35.0494      
# span 17 =    -0.3896,     0.3216      
# span 18 =    18.1649,    27.6038      
# span 19 =    18.4595,    27.6027      
# span 20 =      0.991,    200.026      
# span 21 =      1.000,    200.293      
# span 22 =     -0.121,      0.585      
# span 23 =    1476.78,    1505.67      
# span 24 =    1476.79,    1505.65      
# span 25 = 0.0000e+00, 0.0000e+00      
# interval = decibars: 0.5              
# start_time = May 27 2018 03:48:04 [NMEA time, first data scan]
# bad_flag = -9.990e-29
*END*
[from data line 279]
      13604    140.500     5.9960     5.9982     0.0023    3.44329    3.44339          1     6.3557     6.3024      98.58     0.0821     0.1783  1.000e-12  0.2044000    35.0072    35.0060    -0.0012    27.5590    27.5577    139.148    139.335      0.494    1477.04    1477.05  0.000e+00
      13630    141.000     5.9944     5.9953     0.0009    3.44317    3.44314          1     6.3592     6.2996      98.49     0.0762     0.1855  1.000e-12  0.1983000    35.0073    35.0060    -0.0013    27.5592    27.5581    139.643    139.831      0.445    1477.04    1477.04  0.000e+00
      13657    141.500     5.9936     5.9941     0.0004    3.44316    3.44312          1     6.3580     6.2965      98.41     0.0826     0.2504  1.000e-12  0.2000000    35.0077    35.0068    -0.0009    27.5597    27.5589    140.138    140.326      0.455    1477.05    1477.05  0.000e+00
      13682    142.000     5.9941     5.9943     0.0002    3.44323    3.44316          1     6.3630     6.3101      98.14     0.0807     0.2066  1.000e-12  0.2047000    35.0078    35.0068    -0.0010    27.5597    27.5589    140.633    140.822      0.504    1477.06    1477.06  0.000e+00
      13705    142.500     5.9897     5.9913     0.0015    3.44288    3.44290          1     6.3705     6.3239      97.82     0.0826     0.1926  1.000e-12  0.2071000    35.0081    35.0067    -0.0013    27.5605    27.5592    141.128    141.317      0.535    1477.05    1477.05  0.000e+00
      13727    143.000     5.9811     5.9834     0.0023    3.44210    3.44222          1     6.3722     6.3273      73.37     0.0827     0.2131  1.000e-12  0.2028000    35.0078    35.0069    -0.0010    27.5614    27.5603    141.623    141.813      0.530    1477.02    1477.03  0.000e+00
      13751    143.500     5.9617     5.9641     0.0024    3.44035    3.44048          1     6.3781     6.3333      88.89     0.0684     0.2356  1.000e-12  0.2029000    35.0080    35.0069    -0.0011    27.5640    27.5628    142.118    142.309      0.488    1476.96    1476.96  0.000e+00
      13777    144.000     5.9381     5.9420     0.0038    3.43816    3.43843          1     6.3929     6.3464      97.73     0.0628     0.2361  1.000e-12  0.1958000    35.0072    35.0063    -0.0009    27.5664    27.5652    142.613    142.804      0.434    1476.87    1476.88  0.000e+00
      13806    144.500     5.9217     5.9233     0.0015    3.43696    3.43695          1     6.4014     6.3553      97.96     0.0711     0.2254  1.000e-12  0.1876000    35.0104    35.0086    -0.0018    27.5710    27.5694    143.108    143.300      0.440    1476.82    1476.82  0.000e+00
      13831    145.000     5.9226     5.9239     0.0013    3.43746    3.43746          1     6.3979     6.3350      98.23     0.0702     0.2384  1.000e-12  0.1925000    35.0148    35.0135    -0.0013    27.5744    27.5732    143.603    143.795      0.518    1476.83    1476.84  0.000e+00
      13853    145.500     5.9267     5.9280     0.0013    3.43817    3.43819          1     6.3918     6.3261      67.38     0.0704     0.2386  1.000e-12  0.2158000    35.0184    35.0173    -0.0011    27.5767    27.5757    144.098    144.291      0.583    1476.86    1476.87  0.000e+00
      13873    146.000     5.9322     5.9337     0.0015    3.43898    3.43902          1     6.3804     6.3175      98.79     0.0716     0.2217  1.000e-12  0.2287000    35.0216    35.0205    -0.0011    27.5785    27.5775    144.593    144.787      0.581    1476.90    1476.90  0.000e+00
      13894    146.500     5.9443     5.9447     0.0004    3.44075    3.44063          1     6.3592     6.2758      98.65     0.0791     0.2218  1.000e-12  0.2345000    35.0289    35.0272    -0.0017    27.5827    27.5813    145.088    145.282      0.516    1476.96    1476.96  0.000e+00
      13920    147.000     5.9536     5.9552     0.0016    3.44203    3.44205          1     6.3355     6.2607      98.66     0.0724     0.2213  1.000e-12  0.2579000    35.0334    35.0321    -0.0013    27.5851    27.5838    145.583    145.778      0.435    1477.01    1477.02  0.000e+00
      13949    147.500     5.9543     5.9558     0.0015    3.44218    3.44220          1     6.3334     6.2858      92.35     0.0796     0.2419  1.000e-12  0.2733000    35.0341    35.0330    -0.0012    27.5856    27.5845    146.078    146.273      0.424    1477.03    1477.03  0.000e+00
      13976    148.000     5.9542     5.9556     0.0015    3.44222    3.44226          1     6.3365     6.2698      56.19     0.0652     0.1624  1.000e-12  0.2861000    35.0345    35.0335    -0.0011    27.5859    27.5849    146.573    146.769      0.485    1477.03    1477.04  0.000e+00
      13999    148.500     5.9537     5.9553     0.0016    3.44222    3.44227          1     6.3308     6.2694      95.88     0.0829     0.2301  1.000e-12  0.2796000    35.0348    35.0337    -0.0012    27.5862    27.5851    147.068    147.265      0.544    1477.04    1477.04  0.000e+00
      14020    149.000     5.9537     5.9552     0.0015    3.44225    3.44230          1     6.3276     6.2772      98.61     0.0647     0.2126  1.000e-12  0.2798000    35.0349    35.0339    -0.0010    27.5863    27.5853    147.563    147.760      0.564    1477.05    1477.05  0.000e+00
      14042    149.500     5.9539     5.9553     0.0014    3.44233    3.44236          1     6.3322     6.2630      98.03     0.0771     0.1857  1.000e-12  0.2840000    35.0353    35.0341    -0.0012    27.5866    27.5854    148.058    148.256      0.537    1477.06    1477.06  0.000e+00
      14065    150.000     5.9539     5.9553     0.0014    3.44237    3.44237          1     6.3320     6.2575      98.11     0.0701     0.1914  1.000e-12  0.2863000    35.0355    35.0341    -0.0014    27.5868    27.5854    148.553    148.751      0.471    1477.07    1477.07  0.000e+00
      14093    150.500     5.9542     5.9556     0.0015    3.44247    3.44250          1     6.3374     6.2760      98.04     0.0679     0.2060  1.000e-12  0.2861000    35.0361    35.0349    -0.0012    27.5871    27.5860    149.048    149.247      0.430    1477.08    1477.08  0.000e+00
      14120    151.000     5.9543     5.9557     0.0014    3.44250    3.44253          1     6.3413     6.2768      70.95     0.0866     0.1704  1.000e-12  0.2905000    35.0360    35.0349    -0.0011    27.5871    27.5860    149.543    149.743      0.469    1477.09    1477.09  0.000e+00
      14144    151.500     5.9535     5.9552     0.0016    3.44248    3.44253          1     6.3334     6.2755      78.85     0.0829     0.1689  1.000e-12  0.3080000    35.0363    35.0352    -0.0011    27.5874    27.5863    150.038    150.238      0.529    1477.09    1477.10  0.000e+00
      14166    152.000     5.9515     5.9532     0.0016    3.44238    3.44243          1     6.3244     6.2722      52.77     0.0684     0.1912  1.000e-12  0.2980000    35.0370    35.0358    -0.0011    27.5882    27.5871    150.533    150.734      0.559    1477.09    1477.10  0.000e+00
      14187    152.500     5.9491     5.9504     0.0012    3.44223    3.44223          1     6.3234     6.2627      88.22     0.0710     0.2448  1.000e-12  0.2926000    35.0375    35.0362    -0.0013    27.5889    27.5877    151.028    151.229      0.545    1477.09    1477.09  0.000e+00
      14210    153.000     5.9480     5.9498     0.0018    3.44216    3.44222          1     6.3242     6.2672      71.63     0.0776     0.2216  1.000e-12  0.3018000    35.0377    35.0364    -0.0013    27.5892    27.5880    151.523    151.725      0.495    1477.09    1477.10  0.000e+00
      14236    153.500     5.9469     5.9486     0.0017    3.44213    3.44217          1     6.3244     6.2857      87.01     0.0775     0.1955  1.000e-12  0.3031000    35.0383    35.0369    -0.0013    27.5898    27.5885    152.018    152.221      0.441    1477.10    1477.10  0.000e+00
      14264    154.000     5.9470     5.9487     0.0017    3.44221    3.44226          1     6.3231     6.2788      61.21     0.0767     0.2302  1.000e-12  0.3096000    35.0387    35.0375    -0.0012    27.5901    27.5889    152.513    152.716      0.435    1477.11    1477.11  0.000e+00
      14291    154.500     5.9477     5.9491     0.0014    3.44229    3.44233          1     6.3328     6.2654      81.96     0.0709     0.2067  1.000e-12  0.3180000    35.0386    35.0376    -0.0010    27.5900    27.5890    153.008    153.212      0.485    1477.12    1477.12  0.000e+00
      14314    155.000     5.9489     5.9502     0.0013    3.44250    3.44251          1     6.3371     6.2429      75.39     0.0739     0.1784  1.000e-12  0.3126000    35.0395    35.0383    -0.0012    27.5905    27.5894    153.503    153.707      0.542    1477.14    1477.14  0.000e+00
      14335    155.500     5.9498     5.9512     0.0014    3.44265    3.44267          1     6.3410     6.2473      48.72     0.0813     0.2112  1.000e-12  0.3116000    35.0400    35.0389    -0.0012    27.5908    27.5897    153.998    154.203      0.572    1477.15    1477.15  0.000e+00
      14356    156.000     5.9501     5.9513     0.0012    3.44270    3.44272          1     6.3423     6.2716      78.39     0.0806     0.2267  1.000e-12  0.3195000    35.0401    35.0390    -0.0011    27.5908    27.5898    154.493    154.698      0.562    1477.16    1477.16  0.000e+00
      14379    156.500     5.9489     5.9508     0.0019    3.44264    3.44268          1     6.3398     6.2821      98.32     0.0714     0.1976  1.000e-12  0.3094000    35.0404    35.0388    -0.0015    27.5912    27.5898    154.988    155.194      0.499    1477.16    1477.17  0.000e+00
      14405    157.000     5.9429     5.9465     0.0036    3.44222    3.44239          1     6.3316     6.2814      56.06     0.0624     0.1540  1.000e-12  0.3152000    35.0416    35.0397    -0.0018    27.5929    27.5910    155.483    155.690      0.436    1477.14    1477.16  0.000e+00
      14433    157.500     5.9393     5.9418     0.0025    3.44208    3.44221          1     6.3210     6.2657      47.19     0.0820     0.1832  1.000e-12  0.3451000    35.0435    35.0424    -0.0011    27.5949    27.5937    155.978    156.185      0.461    1477.14    1477.15  0.000e+00
      14457    158.000     5.9390     5.9422     0.0032    3.44208    3.44228          1     6.3248     6.2523      46.88     0.0634     0.2165  1.000e-12  0.3517000    35.0435    35.0424    -0.0011    27.5949    27.5937    156.472    156.681      0.532    1477.15    1477.16  0.000e+00
      14478    158.500     5.9376     5.9392     0.0017    3.44198    3.44204          1     6.3200     6.2646      46.32     0.0637     0.2303  1.000e-12  0.3571000    35.0436    35.0426    -0.0010    27.5952    27.5942    156.967    157.176      0.570    1477.15    1477.16  0.000e+00
      14499    159.000     5.9370     5.9384     0.0014    3.44196    3.44199          1     6.3190     6.2667      45.95     0.0665     0.2219  1.000e-12  0.3541000    35.0437    35.0426    -0.0011    27.5954    27.5944    157.462    157.672      0.552    1477.16    1477.16  0.000e+00
      14522    159.500     5.9355     5.9375     0.0020    3.44188    3.44195          1     6.3164     6.2633      45.47     0.0604     0.2086  1.000e-12  0.3669000    35.0440    35.0428    -0.0012    27.5958    27.5946    157.957    158.168      0.510    1477.16    1477.17  0.000e+00
      14547    160.000     5.9361     5.9378     0.0016    3.44199    3.44202          1     6.3045     6.2586      44.86     0.0509     0.1830  1.000e-12  0.3714000    35.0443    35.0431    -0.0013    27.5960    27.5948    158.452    158.663      0.481    1477.17    1477.18  0.000e+00
      14572    160.500     5.9345     5.9346     0.0001    3.44183    3.44173          1     6.3018     6.2438      44.39     0.0600     0.2123  1.000e-12  0.3663000    35.0441    35.0428    -0.0013    27.5960    27.5950    158.947    159.159      0.471    1477.18    1477.17  0.000e+00
      14597    161.000     5.9318     5.9335     0.0017    3.44162    3.44166          1     6.3138     6.2439      98.46     0.0812     0.1776  1.000e-12  0.3677000    35.0442    35.0429    -0.0013    27.5964    27.5952    159.442    159.654      0.489    1477.17    1477.18  0.000e+00
      14621    161.500     5.9316     5.9332     0.0015    3.44168    3.44171          1     6.3200     6.2510      48.25     0.0816     0.1724  1.000e-12  0.3705000    35.0448    35.0435    -0.0013    27.5970    27.5957    159.937    160.150      0.532    1477.18    1477.18  0.000e+00
      14643    162.000     5.9346     5.9368     0.0021    3.44217    3.44230          1     6.3104     6.2471      42.78     0.0605     0.1838  1.000e-12  0.3823000    35.0470    35.0462    -0.0008    27.5983    27.5974    160.432    160.646      0.553    1477.20    1477.21  0.000e+00
      14664    162.500     5.9375     5.9411     0.0035    3.44272    3.44293          1     6.3051     6.2424      53.54     0.0516     0.1997  1.000e-12  0.4061000    35.0499    35.0487    -0.0012    27.6002    27.5988    160.927    161.141      0.527    1477.23    1477.24  0.000e+00
      14688    163.000     5.9309     5.9348     0.0039    3.44214    3.44240          1     6.2944     6.2386      90.86     0.0626     0.2156  1.000e-12  0.5019000    35.0500    35.0488    -0.0012    27.6012    27.5997    161.422    161.637      0.476    1477.21    1477.22  0.000e+00
      14715    163.500     5.9228     5.9257     0.0029    3.44142    3.44158          1     6.2921     6.2353      40.79     0.0635     0.1822  1.000e-12  0.5634000    35.0500    35.0487    -0.0012    27.6021    27.6008    161.917    162.132      0.472    1477.18    1477.19  0.000e+00
      14739    164.000     5.9195     5.9211     0.0017    3.44115    3.44120          1     6.2950     6.2471      40.29     0.0723     0.1564  1.000e-12  0.7102000    35.0501    35.0489    -0.0012    27.6026    27.6015    162.412    162.628      0.522    1477.18    1477.18  0.000e+00
      14761    164.500     5.9205     5.9222     0.0017    3.44126    3.44131          1     6.2983     6.2451      39.90     0.0517     0.2206  1.000e-12  0.7226000    35.0500    35.0488    -0.0012    27.6024    27.6013    162.907    163.124      0.549    1477.19    1477.19  0.000e+00
      14783    165.000     5.9218     5.9224     0.0006    3.44140    3.44134          1     6.3054     6.2379      71.13     0.0527     0.2324  1.000e-12  0.7077000    35.0500    35.0487    -0.0013    27.6022    27.6012    163.402    163.619      0.533    1477.20    1477.20  0.000e+00
      14806    165.500     5.9222     5.9243     0.0021    3.44146    3.44154          1     6.3061     6.2430      39.88     0.0647     0.2561  1.000e-12  0.7076000    35.0500    35.0486    -0.0014    27.6023    27.6009    163.897    164.115      0.504    1477.21    1477.22  0.000e+00
      14830    166.000     5.9162     5.9215     0.0053    3.44095    3.44134          1     6.3098     6.2503      38.84     0.0654     0.2164  1.000e-12  0.7058000    35.0502    35.0491    -0.0011    27.6032    27.6017    164.392    164.610      0.486    1477.20    1477.22  0.000e+00
      14855    166.500     5.9178     5.9193     0.0016    3.44113    3.44119          1     6.3037     6.2633      38.34     0.0663     0.1747  1.000e-12  0.7625000    35.0503    35.0494    -0.0008    27.6030    27.6022    164.887    165.106      0.479    1477.21    1477.22  0.000e+00
      14880    167.000     5.9162     5.9200     0.0038    3.44096    3.44127          1     6.2984     6.2667      37.78     0.0664     0.1546  1.000e-12  0.7985000    35.0498    35.0493    -0.0005    27.6029    27.6020    165.382    165.602      0.485    1477.21    1477.23  0.000e+00
      14905    167.500     5.9082     5.9126     0.0043    3.44022    3.44052          1     6.3006     6.2642      37.36     0.0639     0.1552  1.000e-12  0.8365000    35.0495    35.0483    -0.0012    27.6036    27.6021    165.877    166.097      0.513    1477.19    1477.21  0.000e+00
