ctdpy/exports/archive_20191121_122431/received_data/SBE09_1044_20181015_1907_34_01_0095.cnv
* Sea-Bird SBE 9 Data File:
* FileName = C:\ctd\temp\ar18d095.hex
* Software Version Seasave V 7.21e
* Temperature SN = 5351
* Conductivity SN = 3941
* Number of Bytes Per Scan = 30
* Number of Voltage Words = 4
* Number of Scans Averaged by the Deck Unit = 1
* NMEA baud rate = 4800
** Station:  BY10
** Operator:  dbsj
** Ship: ARANDA
** Average sound velocity: 1447.45 m/s
** True-depth calculation Tue, 16 Oct 2018 06:25:20 +0000
** CTD Python Module SMHI /ver 3-12/ feb 2012 
** LIMS Job: 20183401-0095
** Cruise: SMHI-4-2018
** Latitude [GG MM.mm N]: 5638.021
** Longitude [GG MM.mm E] 1935.091
# nquan = 26
# nvalues = 273                         
# units = specified
# name 0 = scan: Scan Count
# name 1 = prDM: Pressure, Digiquartz [db]
# name 2 = t090C: Temperature [ITS-90, deg C]
# name 3 = t190C: Temperature, 2 [ITS-90, deg C]
# name 4 = T2-T190C: Temperature Difference, 2 - 1 [ITS-90, deg C]
# name 5 = c0S/m: Conductivity [S/m]
# name 6 = c1S/m: Conductivity, 2 [S/m]
# name 7 = pumps: Pump Status
# name 8 = sbeox0ML/L: Oxygen, SBE 43 [ml/l]
# name 9 = sbeox1ML/L: Oxygen, SBE 43, 2 [ml/l]
# name 10 = altM: Altimeter [m]
# name 11 = flECO-AFL: Chl-a Fluorescence, WET Labs ECO-AFL/FL [mg/m^3]
# name 12 = flECO-AFL1: Phycocyanin Fluorescence, WET Labs ECO-AFL/FL, 2 [mg/m^3]
# name 13 = par: PAR/Irradiance, Biospherical/Lico [µE/(cm^2*s)]
# name 14 = turbWETntu0: Turbidity, WET Labs ECO [NTU]
# name 15 = sal00: Salinity, Practical [PSU]
# name 16 = sal11: Salinity, Practical, 2 [PSU]
# name 17 = secS-priS: Salinity, Practical, Difference, 2 - 1 [PSU]
# name 18 = sigma-t00: Density [sigma-t, Kg/m^3 ]
# name 19 = sigma-t11: Density, 2 [sigma-t, Kg/m^3 ]
# name 20 = depSM: Depth [salt water, m], lat = 0
# name 21 = depFM: Depth [true depth, m], lat = 0
# name 22 = dz/dtM: Descent Rate [m/s], WS = 2
# name 23 = svCM: Sound Velocity [Chen-Millero, m/s]
# name 24 = svCM1: Sound Velocity, 2 [Chen-Millero, m/s]
# name 25 = flag: flag
# span 0 =       7684,      14241       
# span 1 =      1.500,    137.500       
# span 2 =     3.2716,    11.6833       
# span 3 =     3.2741,    11.6846       
# span 4 =    -0.0204,     0.0285       
# span 5 =   0.770997,   1.407021       
# span 6 =   0.771030,   1.407085       
# span 7 =          1,          1       
# span 8 = -9.990e-29, -9.990e-29       
# span 9 = -9.990e-29, -9.990e-29       
# span 10 =      -0.01,      99.04      
# span 11 =     0.2269,     1.4371      
# span 12 =     0.1360,     0.4639      
# span 13 = -5.052e-04, 2.0238e-01      
# span 14 =     0.1189,     1.2471      
# span 15 =     7.1746,    12.8364      
# span 16 =     7.1743,    12.8366      
# span 17 =    -0.0082,     0.0024      
# span 18 =     5.1070,    10.0273      
# span 19 =     5.1066,    10.0274      
# span 20 =      1.492,    136.699      
# span 21 =      1.520,    139.052      
# span 22 =      0.087,      0.791      
# span 23 =    1428.93,    1462.71      
# span 24 =    1428.94,    1462.72      
# span 25 = 0.0000e+00, 0.0000e+00      
# interval = decibars: 0.5              
# start_time = Oct 15 2018 19:07:49 [System UTC, header]
# bad_flag = -9.990e-29
*END*
       7684      1.500    11.6829    11.6838     0.0009    0.92993    0.92991          1 -9.990e-29 -9.990e-29      97.33     1.2532     0.3391  2.024e-01  0.2642000     7.1747     7.1743    -0.0004     5.1071     5.1067      1.492      1.520      0.217    1462.56    1462.56  0.000e+00
       7886      2.000    11.6823    11.6833     0.0010    0.92992    0.92990          1 -9.990e-29 -9.990e-29      97.33     1.3070     0.4037  4.320e-02  0.2786000     7.1747     7.1743    -0.0004     5.1072     5.1067      1.989      2.027      0.265    1462.56    1462.56  0.000e+00
       7929      2.500    11.6825    11.6837     0.0012    0.92993    0.92992          1 -9.990e-29 -9.990e-29      95.15     1.2688     0.3949 -5.052e-04  0.2755000     7.1746     7.1743    -0.0004     5.1071     5.1067      2.486      2.533      0.471    1462.57    1462.57  0.000e+00
       7954      3.000    11.6828    11.6841     0.0014    0.92994    0.92994          1 -9.990e-29 -9.990e-29      88.42     1.2486     0.3627  1.000e-12  0.2820000     7.1747     7.1744    -0.0003     5.1071     5.1067      2.984      3.040      0.451    1462.58    1462.58  0.000e+00
       7984      3.500    11.6831    11.6843     0.0013    0.92996    0.92995          1 -9.990e-29 -9.990e-29      97.22     1.2624     0.3754  1.000e-12  0.2800000     7.1747     7.1743    -0.0004     5.1071     5.1067      3.481      3.547      0.370    1462.59    1462.59  0.000e+00
       8016      4.000    11.6827    11.6839     0.0012    0.92995    0.92994          1 -9.990e-29 -9.990e-29      97.33     1.2900     0.3242  1.000e-12  0.2684000     7.1747     7.1743    -0.0004     5.1071     5.1067      3.978      4.053      0.428    1462.59    1462.60  0.000e+00
       8041      4.500    11.6830    11.6842     0.0012    0.92997    0.92996          1 -9.990e-29 -9.990e-29      97.34     1.2481     0.3753  1.000e-12  0.2906000     7.1747     7.1744    -0.0003     5.1071     5.1067      4.475      4.560      0.557    1462.60    1462.61  0.000e+00
       8060      5.000    11.6830    11.6842     0.0012    0.92998    0.92996          1 -9.990e-29 -9.990e-29      97.34     1.2372     0.3770  1.000e-12  0.2878000     7.1747     7.1743    -0.0004     5.1071     5.1067      4.973      5.067      0.593    1462.61    1462.62  0.000e+00
       8082      5.500    11.6833    11.6845     0.0012    0.92999    0.92998          1 -9.990e-29 -9.990e-29      97.33     1.2371     0.3451  1.000e-12  0.2765000     7.1747     7.1744    -0.0003     5.1070     5.1066      5.470      5.573      0.496    1462.62    1462.63  0.000e+00
       8110      6.000    11.6833    11.6846     0.0013    0.93000    0.92999          1 -9.990e-29 -9.990e-29      97.33     1.2367     0.3979  1.000e-12  0.2770000     7.1747     7.1744    -0.0003     5.1071     5.1067      5.967      6.080      0.432    1462.63    1462.63  0.000e+00
       8136      6.500    11.6799    11.6811     0.0013    0.92993    0.92993          1 -9.990e-29 -9.990e-29      97.31     1.2420     0.3858  1.000e-12  0.2900000     7.1748     7.1745    -0.0003     5.1076     5.1072      6.464      6.587      0.523    1462.63    1462.63  0.000e+00
       8156      7.000    11.6803    11.6813     0.0010    0.92995    0.92993          1 -9.990e-29 -9.990e-29      96.91     1.2469     0.3530  1.000e-12  0.2860000     7.1747     7.1744    -0.0003     5.1075     5.1071      6.961      7.094      0.591    1462.63    1462.64  0.000e+00
       8177      7.500    11.6776    11.6794     0.0018    0.92990    0.92990          1 -9.990e-29 -9.990e-29      97.33     1.2373     0.3808  1.000e-12  0.2867000     7.1748     7.1745    -0.0003     5.1079     5.1074      7.459      7.600      0.574    1462.63    1462.64  0.000e+00
       8199      8.000    11.6751    11.6767     0.0017    0.92985    0.92986          1 -9.990e-29 -9.990e-29      97.33     1.2958     0.3929  1.000e-12  0.2877000     7.1749     7.1746    -0.0003     5.1082     5.1078      7.956      8.107      0.525    1462.63    1462.64  0.000e+00
       8222      8.500    11.6734    11.6740     0.0006    0.92983    0.92981          1 -9.990e-29 -9.990e-29      97.34     1.2653     0.3696  1.000e-12  0.2810000     7.1750     7.1747    -0.0003     5.1085     5.1082      8.453      8.614      0.503    1462.63    1462.63  0.000e+00
       8246      9.000    11.6716    11.6733     0.0018    0.92980    0.92981          1 -9.990e-29 -9.990e-29      97.33     1.2509     0.3435  1.000e-12  0.2700000     7.1750     7.1747    -0.0003     5.1088     5.1083      8.950      9.120      0.515    1462.63    1462.64  0.000e+00
       8269      9.500    11.6747    11.6747     0.0000    0.92988    0.92984          1 -9.990e-29 -9.990e-29      92.37     1.2834     0.3613  1.000e-12  0.2769000     7.1750     7.1747    -0.0003     5.1084     5.1081      9.448      9.627      0.507    1462.65    1462.65  0.000e+00
       8293     10.000    11.6790    11.6807     0.0018    0.92997    0.92997          1 -9.990e-29 -9.990e-29      97.30     1.2894     0.3870  1.000e-12  0.2845000     7.1749     7.1746    -0.0003     5.1078     5.1073      9.945     10.134      0.503    1462.68    1462.68  0.000e+00
       8317     10.500    11.6820    11.6842     0.0022    0.93003    0.93004          1 -9.990e-29 -9.990e-29      97.33     1.3059     0.3729  1.000e-12  0.2867000     7.1748     7.1744    -0.0004     5.1073     5.1067     10.442     10.640      0.554    1462.70    1462.70  0.000e+00
       8337     11.000    11.6831    11.6838     0.0007    0.93007    0.93005          1 -9.990e-29 -9.990e-29      97.34     1.3154     0.3974  1.000e-12  0.2898000     7.1748     7.1745    -0.0003     5.1072     5.1068     10.939     11.147      0.615    1462.71    1462.71  0.000e+00
       8356     11.500    11.6802    11.6829     0.0027    0.93001    0.93003          1 -9.990e-29 -9.990e-29      97.33     1.2984     0.3976  1.000e-12  0.2926000     7.1748     7.1745    -0.0003     5.1076     5.1069     11.436     11.654      0.613    1462.71    1462.72  0.000e+00
       8376     12.000    11.6714    11.6736     0.0022    0.92985    0.92985          1 -9.990e-29 -9.990e-29      89.43     1.2749     0.3976  1.000e-12  0.2930000     7.1751     7.1748    -0.0004     5.1089     5.1084     11.934     12.160      0.519    1462.68    1462.69  0.000e+00
       8404     12.500    11.6710    11.6726     0.0016    0.92985    0.92984          1 -9.990e-29 -9.990e-29      86.90     1.3140     0.3957  1.000e-12  0.2916000     7.1751     7.1748    -0.0003     5.1090     5.1085     12.431     12.667      0.415    1462.69    1462.70  0.000e+00
       8432     13.000    11.6715    11.6728     0.0013    0.92985    0.92985          1 -9.990e-29 -9.990e-29      -0.01     1.4371     0.3884  1.000e-12  0.2859000     7.1750     7.1747    -0.0003     5.1089     5.1084     12.928     13.174      0.511    1462.70    1462.70  0.000e+00
       8452     13.500    11.6709    11.6724     0.0015    0.92985    0.92984          1 -9.990e-29 -9.990e-29      17.54     1.3698     0.3827  1.000e-12  0.2864000     7.1751     7.1747    -0.0003     5.1089     5.1085     13.425     13.680      0.643    1462.71    1462.71  0.000e+00
       8470     14.000    11.6648    11.6673     0.0027    0.92973    0.92975          1 -9.990e-29 -9.990e-29      98.33     1.3302     0.3829  1.000e-12  0.2871000     7.1752     7.1748    -0.0004     5.1098     5.1092     13.923     14.187      0.653    1462.69    1462.70  0.000e+00
       8490     14.500    11.6441    11.6564     0.0122    0.92925    0.92949          1 -9.990e-29 -9.990e-29      97.33     1.2947     0.4209  1.000e-12  0.2858000     7.1752     7.1748    -0.0004     5.1124     5.1106     14.420     14.694      0.535    1462.62    1462.67  0.000e+00
       8518     15.000    11.6009    11.6064     0.0056    0.92827    0.92835          1 -9.990e-29 -9.990e-29      97.34     1.3188     0.3437  1.000e-12  0.2900000     7.1753     7.1749    -0.0004     5.1180     5.1170     14.917     15.200      0.394    1462.47    1462.49  0.000e+00
       8547     15.500    11.5754    11.5791     0.0037    0.92772    0.92774          1 -9.990e-29 -9.990e-29      97.33     1.4101     0.3988  1.000e-12  0.2837000     7.1755     7.1750    -0.0005     5.1214     5.1205     15.414     15.707      0.501    1462.38    1462.39  0.000e+00
       8568     16.000    11.5389    11.5444     0.0054    0.92691    0.92698          1 -9.990e-29 -9.990e-29      97.35     1.3835     0.4528  1.000e-12  0.2877000     7.1758     7.1753    -0.0005     5.1262     5.1251     15.911     16.214      0.656    1462.25    1462.27  0.000e+00
       8584     16.500    11.5003    11.5061     0.0058    0.92608    0.92616          1 -9.990e-29 -9.990e-29      97.34     1.2612     0.4626  1.000e-12  0.3029000     7.1762     7.1757    -0.0004     5.1314     5.1303     16.409     16.720      0.694    1462.12    1462.14  0.000e+00
       8602     17.000    11.4824    11.4837     0.0013    0.92580    0.92580          1 -9.990e-29 -9.990e-29      97.34     1.1619     0.4639  1.000e-12  0.2851000     7.1773     7.1771    -0.0002     5.1345     5.1341     16.906     17.227      0.606    1462.06    1462.06  0.000e+00
       8627     17.500    11.4770    11.4758    -0.0013    0.92582    0.92579          1 -9.990e-29 -9.990e-29      97.33     1.1233     0.3329  1.000e-12  0.2930000     7.1784     7.1784    -0.0000     5.1360     5.1362     17.403     17.734      0.430    1462.05    1462.04  0.000e+00
       8658     18.000    11.4775    11.4772    -0.0003    0.92588    0.92585          1 -9.990e-29 -9.990e-29      97.34     1.1573     0.3515  1.000e-12  0.2766000     7.1788     7.1786    -0.0002     5.1363     5.1362     17.900     18.240      0.436    1462.06    1462.06  0.000e+00
       8681     18.500    11.4553    11.4614     0.0062    0.92560    0.92565          1 -9.990e-29 -9.990e-29      97.33     1.2103     0.3499  1.000e-12  0.2673000     7.1807     7.1799    -0.0008     5.1405     5.1391     18.398     18.747      0.600    1461.98    1462.01  0.000e+00
       8699     19.000    11.4238    11.4227    -0.0011    0.92505    0.92500          1 -9.990e-29 -9.990e-29      97.34     1.1426     0.3086  1.000e-12  0.2697000     7.1822     7.1819    -0.0003     5.1456     5.1455     18.895     19.254      0.656    1461.88    1461.87  0.000e+00
       8718     19.500    11.3602    11.3759     0.0155    0.92388    0.92410          1 -9.990e-29 -9.990e-29      97.34     1.0548     0.3090  1.000e-12  0.2700000     7.1846     7.1834    -0.0012     5.1553     5.1524     19.392     19.760      0.594    1461.65    1461.71  0.000e+00
       8741     20.000    11.2268    11.2295     0.0028    0.92134    0.92131          1 -9.990e-29 -9.990e-29      71.47     0.9347     0.3024  1.000e-12  0.2573000     7.1891     7.1883    -0.0008     5.1752     5.1743     19.889     20.267      0.463    1461.16    1461.17  0.000e+00
       8770     20.500    11.1293    11.1273    -0.0020    0.91938    0.91927          1 -9.990e-29 -9.990e-29      86.77     0.9059     0.3087  1.000e-12  0.2425000     7.1915     7.1909    -0.0005     5.1889     5.1887     20.386     20.774      0.442    1460.80    1460.79  0.000e+00
       8794     21.000    10.9887    10.9918     0.0030    0.91684    0.91686          1 -9.990e-29 -9.990e-29      97.40     0.8425     0.3027  1.000e-12  0.2396000     7.1974     7.1970    -0.0004     5.2103     5.2097     20.884     21.280      0.561    1460.28    1460.29  0.000e+00
       8814     21.500    10.9339    10.9345     0.0006    0.91622    0.91621          1 -9.990e-29 -9.990e-29      97.35     0.7275     0.2837  1.000e-12  0.2291000     7.2028     7.2025    -0.0002     5.2211     5.2208     21.381     21.787      0.636    1460.09    1460.09  0.000e+00
       8832     22.000    10.8992    10.9007     0.0015    0.91587    0.91586          1 -9.990e-29 -9.990e-29      97.34     0.6678     0.3370  1.000e-12  0.2240000     7.2065     7.2062    -0.0003     5.2281     5.2277     21.878     22.294      0.619    1459.97    1459.97  0.000e+00
       8853     22.500    10.8758    10.8779     0.0021    0.91561    0.91560          1 -9.990e-29 -9.990e-29      80.85     0.6459     0.2677  1.000e-12  0.2281000     7.2088     7.2084    -0.0005     5.2326     5.2320     22.375     22.800      0.529    1459.89    1459.90  0.000e+00
       8878     23.000    10.8651    10.8663     0.0011    0.91553    0.91551          1 -9.990e-29 -9.990e-29      69.29     0.6424     0.2688  1.000e-12  0.2184000     7.2102     7.2098    -0.0004     5.2350     5.2345     22.872     23.307      0.462    1459.86    1459.86  0.000e+00
       8904     23.500    10.8483    10.8496     0.0013    0.91524    0.91522          1 -9.990e-29 -9.990e-29      97.48     0.6388     0.2797  1.000e-12  0.2135000     7.2110     7.2106    -0.0004     5.2376     5.2371     23.370     23.813      0.510    1459.80    1459.81  0.000e+00
       8926     24.000    10.8295    10.8290    -0.0005    0.91481    0.91475          1 -9.990e-29 -9.990e-29      37.49     0.6314     0.3084  1.000e-12  0.2193000     7.2110     7.2106    -0.0004     5.2398     5.2395     23.867     24.320      0.563    1459.74    1459.74  0.000e+00
       8946     24.500    10.8032    10.8020    -0.0012    0.91430    0.91424          1 -9.990e-29 -9.990e-29      97.32     0.6299     0.3177  1.000e-12  0.2278000     7.2118     7.2115    -0.0003     5.2435     5.2434     24.364     24.827      0.566    1459.65    1459.64  0.000e+00
       8968     25.000    10.7857    10.7851    -0.0007    0.91406    0.91401          1 -9.990e-29 -9.990e-29      81.27     0.6609     0.2642  1.000e-12  0.2501000     7.2131     7.2128    -0.0003     5.2465     5.2463     24.861     25.333      0.553    1459.59    1459.59  0.000e+00
       8990     25.500    10.7590    10.7634     0.0045    0.91355    0.91361          1 -9.990e-29 -9.990e-29      55.60     0.6576     0.2491  1.000e-12  0.2546000     7.2139     7.2136    -0.0003     5.2503     5.2495     25.358     25.840      0.548    1459.50    1459.52  0.000e+00
       9012     26.000    10.7359    10.7326    -0.0032    0.91309    0.91298          1 -9.990e-29 -9.990e-29      97.64     0.6884     0.3099  1.000e-12  0.2340000     7.2145     7.2142    -0.0003     5.2534     5.2536     25.856     26.347      0.567    1459.42    1459.41  0.000e+00
       9032     26.500    10.7152    10.7163     0.0011    0.91267    0.91266          1 -9.990e-29 -9.990e-29      55.39     0.6485     0.2685  1.000e-12  0.2408000     7.2149     7.2147    -0.0003     5.2562     5.2558     26.353     26.853      0.596    1459.35    1459.35  0.000e+00
       9052     27.000    10.7129    10.7131     0.0001    0.91269    0.91265          1 -9.990e-29 -9.990e-29      73.66     0.6324     0.2495  1.000e-12  0.2424000     7.2155     7.2151    -0.0004     5.2569     5.2565     26.850     27.360      0.600    1459.35    1459.35  0.000e+00
       9072     27.500    10.7106    10.7103    -0.0002    0.91271    0.91266          1 -9.990e-29 -9.990e-29      97.17     0.6492     0.2926  1.000e-12  0.2281000     7.2161     7.2157    -0.0004     5.2575     5.2573     27.347     27.866      0.569    1459.35    1459.35  0.000e+00
       9094     28.000    10.7134    10.7194     0.0060    0.91282    0.91293          1 -9.990e-29 -9.990e-29      37.62     0.6007     0.2772  1.000e-12  0.2223000     7.2164     7.2162    -0.0002     5.2575     5.2566     27.844     28.373      0.531    1459.37    1459.39  0.000e+00
       9117     28.500    10.7112    10.7075    -0.0037    0.91283    0.91270          1 -9.990e-29 -9.990e-29      96.83     0.6352     0.3174  1.000e-12  0.2232000     7.2169     7.2165    -0.0004     5.2581     5.2583     28.342     28.880      0.535    1459.37    1459.35  0.000e+00
