ctdpy/exports/archive_20191121_122431/received_data/SBE09_1044_20181204_1824_34_01_0150.cnv
* Sea-Bird SBE 9 Data File:
* FileName = C:\ctd\temp\ar18d150.hex
* Software Version Seasave V 7.26.7.107
* Temperature SN = 5351
* Conductivity SN = 3941
* Number of Bytes Per Scan = 41
* Number of Voltage Words = 4
* Number of Scans Averaged by the Deck Unit = 1
* NMEA Latitude = 59 29.03 N
* NMEA Longitude = 022 53.82 E
* NMEA UTC (Time) = Dec 04 2018  18:24:30
* NMEA baud rate = 4800
** Station:  LL12
** Operator:  ASkj
** Ship: ARANDA
** Average sound velocity: 1444.34 m/s
** True-depth calculation Sun, 09 Dec 2018 13:42:18 +0000
** CTD Python Module SMHI /ver 3-12/ feb 2012 
** LIMS Job: 20183401-0150
** Cruise: SMHI-7-2018
** Latitude [GG MM.mm N]:
** Longitude [GG MM.mm E]
# nquan = 26
# nvalues = 150                         
# units = specified
# name 0 = scan: Scan Count
# name 1 = prDM: Pressure, Digiquartz [db]
# name 2 = t090C: Temperature [ITS-90, deg C]
# name 3 = t190C: Temperature, 2 [ITS-90, deg C]
# name 4 = T2-T190C: Temperature Difference, 2 - 1 [ITS-90, deg C]
# name 5 = c0S/m: Conductivity [S/m]
# name 6 = c1S/m: Conductivity, 2 [S/m]
# name 7 = pumps: Pump Status
# name 8 = sbeox0ML/L: Oxygen, SBE 43 [ml/l]
# name 9 = sbeox1ML/L: Oxygen, SBE 43, 2 [ml/l]
# name 10 = altM: Altimeter [m]
# name 11 = flECO-AFL: Chl-a Fluorescence, WET Labs ECO-AFL/FL [mg/m^3]
# name 12 = flECO-AFL1: Phycocyanin Fluorescence, WET Labs ECO-AFL/FL, 2 [mg/m^3]
# name 13 = par: PAR/Irradiance, Biospherical/Lico [µE/(cm^2*s)]
# name 14 = turbWETntu0: Turbidity, WET Labs ECO [NTU]
# name 15 = sal00: Salinity, Practical [PSU]
# name 16 = sal11: Salinity, Practical, 2 [PSU]
# name 17 = secS-priS: Salinity, Practical, Difference, 2 - 1 [PSU]
# name 18 = sigma-t00: Density [sigma-t, Kg/m^3 ]
# name 19 = sigma-t11: Density, 2 [sigma-t, Kg/m^3 ]
# name 20 = depSM: Depth [salt water, m], lat = 59.4838
# name 21 = depFM: Depth [true depth, m], lat = 59.4838
# name 22 = dz/dtM: Descent Rate [m/s], WS = 2
# name 23 = svCM: Sound Velocity [Chen-Millero, m/s]
# name 24 = svCM1: Sound Velocity, 2 [Chen-Millero, m/s]
# name 25 = flag: flag
# span 0 =      25566,      29368       
# span 1 =      0.500,     75.000       
# span 2 =     5.5552,     7.4100       
# span 3 =     5.5568,     7.4117       
# span 4 =    -0.0082,     0.0063       
# span 5 =   0.753141,   1.117201       
# span 6 =   0.754085,   1.117187       
# span 7 =          1,          1       
# span 8 =    0.07978,    7.72708       
# span 9 =    2.81423,    6.87055       
# span 10 =       4.86,      81.96      
# span 11 =     0.3328,     0.4818      
# span 12 =     0.1620,     0.2921      
# span 13 = -8.525e-04, 1.1246e-02      
# span 14 =     0.1954,     3.9985      
# span 15 =     6.4808,    10.3058      
# span 16 =     6.4909,    10.3050      
# span 17 =    -0.0382,     0.0102      
# span 18 =     5.0080,     8.1057      
# span 19 =     5.0155,     8.1051      
# span 20 =      0.495,     74.282      
# span 21 =      0.507,     75.982      
# span 22 =      0.017,      0.866      
# span 23 =    1440.96,    1445.86      
# span 24 =    1440.97,    1445.86      
# span 25 = 0.0000e+00, 0.0000e+00      
# interval = decibars: 0.5              
# start_time = Dec 04 2018 18:24:31 [NMEA time, first data scan]
# bad_flag = -9.990e-29
*END*
[from data line 56]
      26854     28.500     7.1892     7.1890    -0.0001    0.75462    0.75455          1     7.7059     5.4255      53.32     0.4032     0.2046  1.000e-12  0.2174000     6.4923     6.4916    -0.0006     5.0173     5.0168     28.231     28.883      0.333    1444.39    1444.39  0.000e+00
      26880     29.000     7.1865     7.1881     0.0016    0.75454    0.75453          1     7.7025     5.4208      52.92     0.4185     0.2330  1.000e-12  0.2356000     6.4919     6.4915    -0.0004     5.0172     5.0168     28.726     29.390      0.637    1444.38    1444.39  0.000e+00
      26896     29.500     7.1870     7.1887     0.0017    0.75456    0.75456          1     7.7053     5.4182      52.63     0.4068     0.2277  1.000e-12  0.2426000     6.4920     6.4917    -0.0003     5.0172     5.0168     29.221     29.897      0.804    1444.39    1444.40  0.000e+00
      26910     30.000     7.1846     7.1877     0.0031    0.75447    0.75452          1     7.7064     5.4196      52.18     0.3948     0.2358  1.000e-12  0.2193000     6.4916     6.4915    -0.0001     5.0171     5.0168     29.716     30.404      0.855    1444.39    1444.40  0.000e+00
      26924     30.500     7.1856     7.1881     0.0025    0.75453    0.75455          1     7.7089     5.4183      51.73     0.3946     0.2319  1.000e-12  0.2178000     6.4919     6.4916    -0.0003     5.0172     5.0168     30.211     30.910      0.794    1444.40    1444.41  0.000e+00
      26941     31.000     7.1854     7.1878     0.0024    0.75454    0.75455          1     7.7090     5.4192      51.08     0.3940     0.1885  1.000e-12  0.2289000     6.4919     6.4916    -0.0003     5.0172     5.0168     30.707     31.417      0.615    1444.41    1444.42  0.000e+00
      26968     31.500     7.1876     7.1873    -0.0003    0.75463    0.75454          1     7.7054     5.4169      50.27     0.3872     0.2393  1.000e-12  0.2215000     6.4923     6.4915    -0.0008     5.0174     5.0168     31.202     31.924      0.373    1444.43    1444.42  0.000e+00
      27003     32.000     7.1908     7.1922     0.0014    0.75475    0.75474          1     7.7031     5.4141      49.69     0.4102     0.2682  1.000e-12  0.2113000     6.4928     6.4924    -0.0004     5.0176     5.0172     31.697     32.430      0.425    1444.45    1444.45  0.000e+00
      27026     32.500     7.1898     7.1934     0.0036    0.75472    0.75479          1     7.7101     5.4132      49.32     0.4185     0.2066  1.000e-12  0.2263000     6.4926     6.4926    -0.0001     5.0175     5.0172     32.192     32.937      0.589    1444.45    1444.47  0.000e+00
      27044     33.000     7.1934     7.1926    -0.0008    0.75487    0.75477          1     7.7109     5.4166      48.94     0.4427     0.2380  1.000e-12  0.2041000     6.4932     6.4925    -0.0008     5.0178     5.0172     32.688     33.444      0.652    1444.48    1444.47  0.000e+00
      27063     33.500     7.1944     7.1957     0.0014    0.75490    0.75487          1     7.7081     5.4193      48.55     0.4215     0.2297  1.000e-12  0.2182000     6.4933     6.4928    -0.0005     5.0177     5.0173     33.183     33.951      0.632    1444.49    1444.49  0.000e+00
      27083     34.000     7.1955     7.1985     0.0029    0.75495    0.75499          1     7.7056     5.4168      47.86     0.4164     0.2078  1.000e-12  0.2196000     6.4935     6.4933    -0.0002     5.0178     5.0175     33.678     34.457      0.555    1444.50    1444.51  0.000e+00
      27106     34.500     7.1991     7.2007     0.0016    0.75511    0.75509          1     7.7031     5.4157      47.28     0.4134     0.2071  1.000e-12  0.2195000     6.4942     6.4938    -0.0005     5.0181     5.0176     34.173     34.964      0.545    1444.53    1444.53  0.000e+00
      27127     35.000     7.2052     7.2036    -0.0015    0.75536    0.75521          1     7.7039     5.4144      46.74     0.4053     0.2071  1.000e-12  0.2229000     6.4954     6.4943    -0.0011     5.0186     5.0179     34.669     35.471      0.642    1444.56    1444.55  0.000e+00
      27144     35.500     7.2042     7.2052     0.0009    0.75532    0.75527          1     7.7070     5.4177      46.26     0.3927     0.1995  1.000e-12  0.2179000     6.4951     6.4945    -0.0006     5.0185     5.0180     35.164     35.978      0.693    1444.56    1444.57  0.000e+00
      27161     36.000     7.2048     7.2048     0.0000    0.75535    0.75526          1     7.7061     5.4178      45.70     0.3939     0.1958  1.000e-12  0.2094000     6.4952     6.4944    -0.0008     5.0185     5.0179     35.659     36.484      0.635    1444.58    1444.57  0.000e+00
      27183     36.500     7.2027     7.2057     0.0031    0.75528    0.75531          1     7.7025     5.4172      44.67     0.4000     0.2570  1.000e-12  0.2130000     6.4949     6.4947    -0.0003     5.0185     5.0181     36.154     36.991      0.449    1444.57    1444.58  0.000e+00
      27219     37.000     7.1995     7.2018     0.0023    0.75516    0.75518          1     7.6990     5.4158      44.37     0.4065     0.2273  1.000e-12  0.2154000     6.4943     6.4941    -0.0002     5.0182     5.0179     36.649     37.498      0.342    1444.57    1444.58  0.000e+00
      27247     37.500     7.1981     7.1986     0.0005    0.75510    0.75504          1     7.7037     5.4109      44.00     0.3915     0.2008  1.000e-12  0.2426000     6.4940     6.4934    -0.0006     5.0181     5.0175     37.145     38.004      0.634    1444.57    1444.57  0.000e+00
      27262     38.000     7.1989     7.2019     0.0030    0.75513    0.75517          1     7.7031     5.4137      43.65     0.3937     0.1925  1.000e-12  0.2286000     6.4941     6.4939    -0.0002     5.0181     5.0177     37.640     38.511      0.816    1444.58    1444.59  0.000e+00
      27276     38.500     7.2034     7.2014    -0.0019    0.75533    0.75517          1     7.7053     5.4193      43.24     0.3918     0.2014  1.000e-12  0.2165000     6.4951     6.4939    -0.0011     5.0185     5.0178     38.135     39.018      0.851    1444.61    1444.60  0.000e+00
      27290     39.000     7.2081     7.2087     0.0006    0.75547    0.75546          1     7.7019     5.4180      42.72     0.3834     0.2070  1.000e-12  0.2189000     6.4954     6.4952    -0.0002     5.0185     5.0183     38.630     39.525      0.731    1444.64    1444.64  0.000e+00
      27314     39.500     7.2094     7.2115     0.0021    0.75555    0.75555          1     7.7015     5.4142      42.03     0.3881     0.2437  1.000e-12  0.2323000     6.4959     6.4955    -0.0004     5.0188     5.0183     39.125     40.031      0.415    1444.65    1444.66  0.000e+00
      27354     40.000     7.2247     7.2224    -0.0023    0.75614    0.75599          1     7.6920     5.4134      41.28     0.3830     0.2593  1.000e-12  0.2220000     6.4984     6.4974    -0.0010     5.0197     5.0191     39.621     40.538      0.369    1444.73    1444.71  0.000e+00
      27377     40.500     7.2386     7.2386    -0.0000    0.75665    0.75658          1     7.6898     5.4153      40.94     0.3940     0.2346  1.000e-12  0.2044000     6.5004     6.4998    -0.0007     5.0203     5.0198     40.116     41.045      0.658    1444.79    1444.79  0.000e+00
      27393     41.000     7.2349     7.2338    -0.0010    0.75654    0.75641          1     7.6828     5.4141      40.54     0.3823     0.2466  1.000e-12  0.2224000     6.5001     6.4990    -0.0010     5.0203     5.0195     40.611     41.552      0.794    1444.79    1444.78  0.000e+00
      27407     41.500     7.2541     7.2525    -0.0016    0.75744    0.75724          1     7.6792     5.4164      40.10     0.3806     0.2363  1.000e-12  0.2296000     6.5047     6.5032    -0.0015     5.0226     5.0215     41.106     42.058      0.834    1444.88    1444.87  0.000e+00
      27421     42.000     7.2529     7.2536     0.0006    0.75735    0.75730          1     7.6847     5.4205      39.57     0.3915     0.2294  1.000e-12  0.2201000     6.5040     6.5034    -0.0006     5.0222     5.0216     41.602     42.565      0.796    1444.88    1444.88  0.000e+00
      27437     42.500     7.2519     7.2525     0.0006    0.75731    0.75726          1     7.6867     5.4217      39.04     0.3972     0.2652  1.000e-12  0.2186000     6.5038     6.5032    -0.0006     5.0221     5.0215     42.097     43.072      0.682    1444.89    1444.89  0.000e+00
      27458     43.000     7.2759     7.2821     0.0063    0.75846    0.75857          1     7.6817     5.4149      38.45     0.4014     0.2374  1.000e-12  0.2170000     6.5098     6.5097    -0.0001     5.0252     5.0246     42.592     43.578      0.473    1445.00    1445.03  0.000e+00
      27499     43.500     7.2986     7.3032     0.0046    0.75938    0.75947          1     7.6632     5.4105      37.70     0.3683     0.2246  1.000e-12  0.2077000     6.5140     6.5139    -0.0001     5.0269     5.0265     43.087     44.085      0.268    1445.11    1445.13  0.000e+00
      27533     44.000     7.3117     7.3115    -0.0003    0.75998    0.75987          1     7.6536     5.4136      37.29     0.3945     0.2376  1.000e-12  0.1977000     6.5170     6.5161    -0.0009     5.0283     5.0276     43.582     44.592      0.597    1445.18    1445.17  0.000e+00
      27549     44.500     7.3024     7.3071     0.0047    0.75960    0.75969          1     7.6494     5.4132      36.90     0.3808     0.2427  1.000e-12  0.2107000     6.5151     6.5151     0.0000     5.0275     5.0272     44.078     45.099      0.796    1445.14    1445.16  0.000e+00
      27563     45.000     7.3295     7.3324     0.0030    0.76080    0.76087          1     7.6475     5.4111      36.55     0.3834     0.2216  1.000e-12  0.2128000     6.5211     6.5212     0.0001     5.0303     5.0301     44.573     45.605      0.865    1445.27    1445.28  0.000e+00
      27577     45.500     7.3322     7.3334     0.0012    0.76097    0.76100          1     7.6518     5.4083      36.15     0.3939     0.2069  1.000e-12  0.2221000     6.5221     6.5221    -0.0000     5.0309     5.0308     45.068     46.112      0.834    1445.29    1445.30  0.000e+00
      27592     46.000     7.3351     7.3365     0.0015    0.76128    0.76121          1     7.6580     5.4130      35.56     0.3860     0.2071  1.000e-12  0.2150000     6.5243     6.5235    -0.0009     5.0324     5.0316     45.563     46.619      0.723    1445.31    1445.32  0.000e+00
      27611     46.500     7.3422     7.3455     0.0032    0.76181    0.76187          1     7.6592     5.4136      34.91     0.3803     0.1908  1.000e-12  0.2058000     6.5278     6.5277    -0.0000     5.0346     5.0344     46.058     47.125      0.561    1445.35    1445.37  0.000e+00
      27637     47.000     7.3582     7.3616     0.0034    0.76274    0.76279          1     7.6505     5.4123      34.29     0.3762     0.1759  1.000e-12  0.2131000     6.5334     6.5332    -0.0002     5.0379     5.0375     46.553     47.632      0.404    1445.44    1445.45  0.000e+00
      27671     47.500     7.3646     7.3685     0.0039    0.76309    0.76315          1     7.6483     5.4094      33.69     0.3933     0.2153  1.000e-12  0.2201000     6.5353     6.5351    -0.0002     5.0389     5.0385     47.049     48.139      0.393    1445.47    1445.49  0.000e+00
      27697     48.000     7.3770     7.3743    -0.0026    0.76364    0.76340          1     7.6452     5.4074      33.27     0.3934     0.2045  1.000e-12  0.2201000     6.5380     6.5363    -0.0017     5.0402     5.0391     47.544     48.646      0.585    1445.54    1445.52  0.000e+00
      27714     48.500     7.3850     7.3853     0.0003    0.76403    0.76394          1     7.6453     5.4091      32.78     0.3923     0.1920  1.000e-12  0.2171000     6.5400     6.5391    -0.0009     5.0412     5.0405     48.039     49.152      0.724    1445.58    1445.58  0.000e+00
      27730     49.000     7.3906     7.3912     0.0006    0.76434    0.76427          1     7.6434     5.4065      32.39     0.3700     0.1925  1.000e-12  0.2360000     6.5417     6.5410    -0.0007     5.0422     5.0416     48.534     49.659      0.736    1445.61    1445.62  0.000e+00
      27747     49.500     7.4044     7.4059     0.0015    0.76506    0.76504          1     7.6423     5.4069      31.86     0.3690     0.2101  1.000e-12  0.2309000     6.5457     6.5453    -0.0004     5.0443     5.0439     49.029     50.166      0.623    1445.68    1445.69  0.000e+00
      27770     50.000     7.4064     7.4082     0.0018    0.76519    0.76519          1     7.6465     5.4148      31.25     0.3640     0.2062  1.000e-12  0.2319000     6.5464     6.5461    -0.0003     5.0447     5.0444     49.525     50.672      0.468    1445.70    1445.71  0.000e+00
      27798     50.500     7.4082     7.4099     0.0017    0.76527    0.76526          1     7.6459     5.4162      30.59     0.3575     0.2288  1.000e-12  0.2396000     6.5468     6.5464    -0.0004     5.0449     5.0444     50.020     51.179      0.461    1445.72    1445.73  0.000e+00
      27822     51.000     7.4076     7.4088     0.0012    0.76525    0.76523          1     7.6461     5.4175      30.07     0.3687     0.2536  1.000e-12  0.2284000     6.5467     6.5463    -0.0004     5.0449     5.0445     50.515     51.686      0.540    1445.72    1445.73  0.000e+00
      27843     51.500     7.4062     7.4076     0.0014    0.76523    0.76522          1     7.6412     5.4189      29.62     0.3745     0.2412  1.000e-12  0.2084000     6.5467     6.5463    -0.0004     5.0450     5.0446     51.010     52.193      0.582    1445.73    1445.73  0.000e+00
      27863     52.000     7.4050     7.4065     0.0015    0.76524    0.76522          1     7.6424     5.4182      29.11     0.3454     0.2312  1.000e-12  0.2049000     6.5470     6.5465    -0.0005     5.0453     5.0448     51.505     52.699      0.583    1445.73    1445.73  0.000e+00
      27884     52.500     7.4013     7.4026     0.0013    0.76518    0.76517          1     7.6434     5.4200      28.61     0.3916     0.2317  1.000e-12  0.2215000     6.5471     6.5467    -0.0003     5.0456     5.0453     52.001     53.206      0.607    1445.72    1445.73  0.000e+00
      27903     53.000     7.4001     7.4014     0.0014    0.76518    0.76515          1     7.6413     5.4242      28.11     0.3774     0.2349  1.000e-12  0.2193000     6.5472     6.5467    -0.0005     5.0458     5.0453     52.496     53.713      0.647    1445.72    1445.73  0.000e+00
      27921     53.500     7.3996     7.4011     0.0015    0.76517    0.76515          1     7.6434     5.4232      27.62     0.3651     0.2400  1.000e-12  0.2217000     6.5472     6.5467    -0.0005     5.0458     5.0453     52.991     54.219      0.628    1445.73    1445.74  0.000e+00
      27942     54.000     7.4012     7.4027     0.0015    0.76528    0.76526          1     7.6449     5.4200      27.05     0.3597     0.2090  1.000e-12  0.2373000     6.5479     6.5474    -0.0005     5.0462     5.0458     53.486     54.726      0.516    1445.75    1445.75  0.000e+00
      27969     54.500     7.4045     7.4063     0.0018    0.76558    0.76559          1     7.6423     5.4197      26.44     0.3690     0.2523  1.000e-12  0.2457000     6.5499     6.5497    -0.0002     5.0476     5.0473     53.981     55.233      0.424    1445.77    1445.78  0.000e+00
      27996     55.000     7.4075     7.4089     0.0014    0.76588    0.76588          1     7.6368     5.4218      25.92     0.3661     0.1620  1.000e-12  0.2312000     6.5520     6.5518    -0.0003     5.0491     5.0488     54.476     55.740      0.503    1445.79    1445.80  0.000e+00
      28018     55.500     7.4077     7.4091     0.0014    0.76608    0.76610          1     7.6313     5.4237      25.45     0.3579     0.2071  1.000e-12  0.2238000     6.5538     6.5537    -0.0001     5.0505     5.0503     54.972     56.246      0.579    1445.80    1445.81  0.000e+00
