ctdpy/exports/archive_20191121_122431/received_data/SBE09_1044_20181016_2349_34_01_0099.cnv
* Sea-Bird SBE 9 Data File:
* FileName = C:\LUOTAUS\DATA_IN\hex_in\SMHI\ar18d099.hex
* Software Version Seasave V 7.23.2
* Temperature SN = 5351
* Conductivity SN = 3941
* Number of Bytes Per Scan = 30
* Number of Voltage Words = 4
* Number of Scans Averaged by the Deck Unit = 1
** Station:  BY2
** Operator:  OBac
** Ship: ARANDA
** Average sound velocity: 1473.06 m/s
** True-depth calculation Wed, 17 Oct 2018 01:02:13 +0000
** CTD Python Module SMHI /ver 3-12/ feb 2012 
** LIMS Job: 20183401-0099
** Cruise: SMHI-4-2018
** Latitude [GG MM.mm N]: 54 58.270 N
** Longitude [GG MM.mm E] 14 05.924 E
# nquan = 26
# nvalues = 84                          
# units = specified
# name 0 = scan: Scan Count
# name 1 = prDM: Pressure, Digiquartz [db]
# name 2 = t090C: Temperature [ITS-90, deg C]
# name 3 = t190C: Temperature, 2 [ITS-90, deg C]
# name 4 = T2-T190C: Temperature Difference, 2 - 1 [ITS-90, deg C]
# name 5 = c0S/m: Conductivity [S/m]
# name 6 = c1S/m: Conductivity, 2 [S/m]
# name 7 = pumps: Pump Status
# name 8 = sbeox0ML/L: Oxygen, SBE 43 [ml/l]
# name 9 = sbeox1ML/L: Oxygen, SBE 43, 2 [ml/l]
# name 10 = altM: Altimeter [m]
# name 11 = flECO-AFL: Chl-a Fluorescence, WET Labs ECO-AFL/FL [mg/m^3]
# name 12 = flECO-AFL1: Phycocyanin Fluorescence, WET Labs ECO-AFL/FL, 2 [mg/m^3]
# name 13 = par: PAR/Irradiance, Biospherical/Lico [µE/(cm^2*s)]
# name 14 = turbWETntu0: Turbidity, WET Labs ECO [NTU]
# name 15 = sal00: Salinity, Practical [PSU]
# name 16 = sal11: Salinity, Practical, 2 [PSU]
# name 17 = secS-priS: Salinity, Practical, Difference, 2 - 1 [PSU]
# name 18 = sigma-t00: Density [sigma-t, Kg/m^3 ]
# name 19 = sigma-t11: Density, 2 [sigma-t, Kg/m^3 ]
# name 20 = depSM: Depth [salt water, m], lat = 0
# name 21 = depFM: Depth [true depth, m], lat = 0
# name 22 = dz/dtM: Descent Rate [m/s], WS = 2
# name 23 = svCM: Sound Velocity [Chen-Millero, m/s]
# name 24 = svCM1: Sound Velocity, 2 [Chen-Millero, m/s]
# name 25 = flag: flag
# span 0 =      75864,      78208       
# span 1 =      1.500,     43.000       
# span 2 =    10.0726,    15.1995       
# span 3 =    10.0120,    15.2787       
# span 4 =    -0.1948,     0.0858       
# span 5 =   1.035660,   2.329587       
# span 6 =   1.035759,   2.327054       
# span 7 =          1,          1       
# span 8 =    4.63653,    6.71125       
# span 9 =    4.45059,    6.68776       
# span 10 =       2.78,      75.18      
# span 11 =     0.2232,     2.6057      
# span 12 =     0.1838,     0.5997      
# span 13 = -3.955e-05, 4.1661e-01      
# span 14 =     0.1528,     0.4358      
# span 15 =     7.6052,    17.9577      
# span 16 =     7.6076,    17.9435      
# span 17 =    -0.0809,     0.5581      
# span 18 =     5.1154,    12.9390      
# span 19 =     5.1159,    12.9310      
# span 20 =      1.492,     42.759      
# span 21 =      1.520,     43.480      
# span 22 =     -0.131,      0.596      
# span 23 =    1459.37,    1486.52      
# span 24 =    1459.17,    1486.45      
# span 25 = 0.0000e+00, 0.0000e+00      
# interval = decibars: 0.5              
# start_time = Oct 16 2018 23:49:36 [System UTC, header]
# bad_flag = -9.990e-29
*END*
[from data line 56]
      77114     29.500    11.6736    11.5688    -0.1050    1.16696    1.15942          1     6.3197     5.6551      16.88     0.9407     0.3055  1.000e-12  0.2838000     9.1636     9.1250    -0.0387     6.6459     6.6294     29.336     29.880      0.559    1465.35    1464.91  0.000e+00
      77135     30.000    10.2975    10.1019    -0.1948    1.12647    1.11170          1     5.8621     5.4613      16.34     0.8724     0.3097  1.000e-12  0.2923000     9.1556     9.0747    -0.0809     6.8102     6.7699     29.833     30.385      0.573    1460.15    1459.30  0.000e+00
      77156     30.500    10.0726    10.0120    -0.0607    1.12732    1.12902          1     5.4232     5.1247      15.83     0.8229     0.2890  1.000e-12  0.3103000     9.2199     9.2504     0.0304     6.8865     6.9169     30.330     30.891      0.582    1459.37    1459.17  0.000e+00
      77176     31.000    10.3271    10.3232    -0.0042    1.16910    1.18558          1     5.1649     4.7980      15.35     0.6404     0.2523  1.000e-12  0.3168000     9.5221     9.6677     0.1456     7.0917     7.2050     30.827     31.397      0.587    1460.72    1460.88  0.000e+00
      77197     31.500    11.1394    11.2050     0.0655    1.28227    1.31034          1     4.9860     4.5480      14.82     0.5159     0.2655  1.000e-12  0.2868000    10.2919    10.5172     0.2253     7.5888     7.7546     31.325     31.902      0.578    1464.74    1465.26  0.000e+00
      77218     32.000    12.3856    12.4308     0.0456    1.44725    1.49727          1     4.8557     4.4812      14.30     0.4326     0.2312  1.000e-12  0.2820000    11.3447    11.7552     0.4105     8.2301     8.5398     31.822     32.408      0.567    1470.59    1471.24  0.000e+00
      77239     32.500    13.6797    13.7399     0.0602    1.80828    1.87712          1     4.7935     4.4506      13.77     0.3944     0.2147  1.000e-12  0.2660000    13.9714    14.5295     0.5581    10.0519    10.4709     32.319     32.912      0.561    1478.31    1479.17  0.000e+00
      77261     33.000    14.7520    14.8379     0.0858    2.01547    2.05384          1     4.8051     4.5194      13.26     0.3829     0.1971  1.000e-12  0.1972000    15.2975    15.5815     0.2840    10.8844    11.0865     32.816     33.416      0.558    1483.54    1484.16  0.000e+00
      77282     33.500    15.1995    15.2787     0.0794    2.09963    2.11716          1     4.7583     4.6000      12.77     0.2841     0.1838  1.000e-12  0.1865000    15.8161    15.9285     0.1123    11.2002    11.2714     33.313     33.920      0.560    1485.65    1486.04  0.000e+00
      77303     34.000    15.0966    15.1366     0.0400    2.11561    2.12421          1     4.7305     4.6170      12.28     0.2429     0.2225  1.000e-12  0.1528000    15.9893    16.0440     0.0547    11.3519    11.3863     33.810     34.424      0.578    1485.52    1485.71  0.000e+00
      77324     34.500    14.7173    14.7266     0.0094    2.11085    2.11260          1     4.7242     4.6651      11.77     0.2574     0.2077  1.000e-12  0.1598000    16.1047    16.1154     0.0107    11.5096    11.5161     34.308     34.927      0.588    1484.38    1484.43  0.000e+00
      77344     35.000    14.3435    14.3478     0.0041    2.10028    2.10311          1     4.7068     4.7242      11.27     0.2597     0.1902  1.000e-12  0.1687000    16.1706    16.1927     0.0220    11.6273    11.6435     34.805     35.431      0.584    1483.20    1483.24  0.000e+00
      77365     35.500    14.3178    14.3263     0.0086    2.11146    2.11637          1     4.7522     4.7157      10.75     0.2511     0.1979  1.000e-12  0.1750000    16.2753    16.3130     0.0378    11.7122    11.7396     35.302     35.934      0.577    1483.25    1483.32  0.000e+00
      77386     36.000    14.4341    14.4527     0.0185    2.13520    2.14199          1     4.8568     4.6910      10.24     0.2522     0.2325  1.000e-12  0.2028000    16.4261    16.4753     0.0492    11.8071    11.8415     35.799     36.437      0.569    1483.83    1483.95  0.000e+00
      77407     36.500    14.5058    14.5217     0.0158    2.15713    2.16395          1     4.9037     4.5837       9.72     0.2429     0.2071  1.000e-12  0.1933000    16.5798    16.6302     0.0504    11.9122    11.9480     36.296     36.941      0.569    1484.26    1484.37  0.000e+00
      77428     37.000    14.7366    14.7545     0.0180    2.18903    2.19774          1     4.8278     4.4716       9.29     0.2342     0.1954  1.000e-12  0.1928000    16.7486    16.8137     0.0651    11.9997    12.0463     36.793     37.444      0.586    1485.24    1485.37  0.000e+00
      77448     37.500    14.7593    14.7771     0.0178    2.20950    2.21528          1     4.7057     4.5069       6.72     0.2385     0.1931  1.000e-12  0.1828000    16.9101    16.9507     0.0406    12.1194    12.1472     37.291     37.947      0.596    1485.51    1485.62  0.000e+00
      77468     38.000    14.3758    14.3863     0.0105    2.20048    2.19809          1     4.6365     4.6242       6.50     0.2453     0.1934  1.000e-12  0.1771000    17.0005    16.9757    -0.0248    12.2582    12.2373     37.788     38.450      0.582    1484.33    1484.34  0.000e+00
      77489     38.500    14.1656    14.1632    -0.0024    2.18639    2.18696          1     4.6673     4.6957       6.85     0.2546     0.1938  1.000e-12  0.1892000    16.9731    16.9789     0.0059    12.2747    12.2796     38.285     38.953      0.565    1483.59    1483.59  0.000e+00
      77511     39.000    14.1954    14.1966     0.0011    2.19519    2.19810          1     4.7344     4.6942       6.89     0.2536     0.2355  1.000e-12  0.2312000    17.0346    17.0587     0.0241    12.3166    12.3350     38.782     39.456      0.562    1483.77    1483.80  0.000e+00
      77532     39.500    14.2293    14.2313     0.0020    2.20657    2.20967          1     4.7855     4.6596       6.63     0.2731     0.2594  1.000e-12  0.2558000    17.1161    17.1415     0.0255    12.3731    12.3923     39.279     39.960      0.564    1483.99    1484.03  0.000e+00
      77553     40.000    14.3045    14.3080     0.0036    2.22083    2.22556          1     4.7959     4.5802       6.20     0.2549     0.2320  1.000e-12  0.2520000    17.2036    17.2421     0.0385    12.4269    12.4558     39.776     40.463      0.573    1484.36    1484.41  0.000e+00
      77574     40.500    14.4360    14.4451     0.0091    2.24152    2.24811          1     4.7586     4.4973       5.71     0.2418     0.2151  1.000e-12  0.2414000    17.3202    17.3718     0.0516    12.4927    12.5307     40.274     40.966      0.587    1484.95    1485.04  0.000e+00
      77594     41.000    14.5124    14.5198     0.0074    2.26095    2.26756          1     4.6994     4.5580       5.20     0.2464     0.2369  1.000e-12  0.2383000    17.4501    17.5027     0.0525    12.5785    12.6175     40.771     41.469      0.583    1485.36    1485.45  0.000e+00
      77615     41.500    14.5135    14.5190     0.0055    2.27798    2.28229          1     4.6834     4.6801       4.71     0.2650     0.2785  1.000e-12  0.2478000    17.5934    17.6274     0.0340    12.6882    12.7133     41.268     41.971      0.568    1485.54    1485.60  0.000e+00
      77636     42.000    14.5172    14.5195     0.0023    2.28629    2.28950          1     4.7579     4.7100       4.21     0.2537     0.2002  1.000e-12  0.2666000    17.6618    17.6879     0.0261    12.7400    12.7596     41.765     42.474      0.541    1485.64    1485.68  0.000e+00
      77660     42.500    14.5731    14.5763     0.0032    2.29832    2.30117          1     4.8523     4.6294       3.67     0.2232     0.1876  1.000e-12  0.2347000    17.7380    17.7606     0.0226    12.7883    12.8050     42.262     42.977      0.471    1485.93    1485.96  0.000e+00
      78208     43.000    14.6699    14.6543    -0.0156    2.32959    2.32705          1     4.7580     4.4901       2.78     0.2488     0.2393  1.000e-12  0.2109000    17.9577    17.9435    -0.0142    12.9390    12.9310     42.759     43.480     -0.131    1486.52    1486.45  0.000e+00
