ctdpy/exports/archive_20191121_122431/received_data/SBE09_1044_20180416_0626_34_07_0006.cnv
* Sea-Bird SBE 9 Data File:
* FileName = C:\ctd\temp\2018\AU18D006.hex
* Software Version Seasave V 7.26.6.26
* Temperature SN = 5351
* Conductivity SN = 3941
* Number of Bytes Per Scan = 41
* Number of Voltage Words = 4
* Number of Scans Averaged by the Deck Unit = 1
* NMEA Latitude = 58 16.03 N
* NMEA Longitude = 010 43.44 E
* NMEA UTC (Time) = Apr 16 2018  06:26:53
* NMEA baud rate = 4800
** Station:  A16
** Operator:  A-KTh
** Ship: AURA
** Average sound velocity: 1478.38 m/s
** True-depth calculation Mon, 16 Apr 2018 06:59:32 +0000
** CTD Python Module SMHI /ver 3-12/ feb 2012 
** LIMS Job: 20183407-0006
** Cruise: SMHI-01-2018
** Latitude [GG MM.mm N] :
** Longitude [GG MM.mm E]:
# nquan = 26
# nvalues = 401                         
# units = specified
# name 0 = scan: Scan Count
# name 1 = prDM: Pressure, Digiquartz [db]
# name 2 = t090C: Temperature [ITS-90, deg C]
# name 3 = t190C: Temperature, 2 [ITS-90, deg C]
# name 4 = T2-T190C: Temperature Difference, 2 - 1 [ITS-90, deg C]
# name 5 = c0S/m: Conductivity [S/m]
# name 6 = c1S/m: Conductivity, 2 [S/m]
# name 7 = pumps: Pump Status
# name 8 = sbeox0ML/L: Oxygen, SBE 43 [ml/l]
# name 9 = sbeox1ML/L: Oxygen, SBE 43, 2 [ml/l]
# name 10 = altM: Altimeter [m]
# name 11 = flECO-AFL: Chl-a Fluorescence, WET Labs ECO-AFL/FL [mg/m^3]
# name 12 = flECO-AFL1: Phycocyanin Fluorescence, WET Labs ECO-AFL/FL, 2 [mg/m^3]
# name 13 = par: PAR/Irradiance, Biospherical/Lico [µE/(cm^2*s)]
# name 14 = turbWETntu0: Turbidity, WET Labs ECO [NTU]
# name 15 = sal00: Salinity, Practical [PSU]
# name 16 = sal11: Salinity, Practical, 2 [PSU]
# name 17 = secS-priS: Salinity, Practical, Difference, 2 - 1 [PSU]
# name 18 = sigma-t00: Density [sigma-t, Kg/m^3 ]
# name 19 = sigma-t11: Density, 2 [sigma-t, Kg/m^3 ]
# name 20 = depSM: Depth [salt water, m], lat = 58.2672
# name 21 = depFM: Depth [true depth, m], lat = 58.2672
# name 22 = dz/dtM: Descent Rate [m/s], WS = 2
# name 23 = svCM: Sound Velocity [Chen-Millero, m/s]
# name 24 = svCM1: Sound Velocity, 2 [Chen-Millero, m/s]
# name 25 = flag: flag
# span 0 =       4853,      14491       
# span 1 =      0.500,    200.500       
# span 2 =     2.6321,     7.5182       
# span 3 =     2.6324,     7.5188       
# span 4 =    -0.0213,     0.0437       
# span 5 =   2.295123,   3.575680       
# span 6 =   2.295208,   3.575695       
# span 7 =          1,          1       
# span 8 =    5.58695,    8.31690       
# span 9 =    5.50588,    8.32806       
# span 10 =       2.47,      98.72      
# span 11 =     0.0130,     1.1480      
# span 12 =     0.1341,     0.3521      
# span 13 = -4.298e-05, 3.3619e+02      
# span 14 =     0.1495,     1.2073      
# span 15 =    23.6183,    35.0665      
# span 16 =    23.6198,    35.0665      
# span 17 =    -0.0701,     0.0252      
# span 18 =    18.7250,    27.4670      
# span 19 =    18.7263,    27.4670      
# span 20 =      0.495,    198.541      
# span 21 =      0.500,    198.904      
# span 22 =     -0.028,      0.617      
# span 23 =    1449.60,    1482.56      
# span 24 =    1449.60,    1482.56      
# span 25 = 0.0000e+00, 0.0000e+00      
# interval = decibars: 0.5              
# start_time = Apr 16 2018 06:26:53 [NMEA time, first data scan]
# bad_flag = -9.990e-29
*END*
[from data line 112]
       7883     56.500     7.0710     7.0719     0.0009    3.50415    3.50428          1     6.0049     5.9338      61.28     0.1260     0.2058  5.754e-02  0.2054000    34.6322    34.6327     0.0005    27.1192    27.1194     55.967     56.138      0.532    1479.40    1479.40  0.000e+00
       7907     57.000     7.0720     7.0728     0.0008    3.50437    3.50446          1     6.0042     5.9431      71.43     0.1188     0.2507  5.402e-02  0.2144000    34.6333    34.6335     0.0002    27.1199    27.1200     56.463     56.633      0.488    1479.41    1479.41  0.000e+00
       7932     57.500     7.0752     7.0750    -0.0001    3.50490    3.50490          1     6.0009     5.9375      93.03     0.1017     0.2342  4.669e-02  0.2080000    34.6358    34.6358     0.0001    27.1214    27.1215     56.958     57.129      0.469    1479.44    1479.44  0.000e+00
       7958     58.000     7.0814     7.0823     0.0009    3.50603    3.50615          1     5.9977     5.9203      93.17     0.1026     0.2271  4.341e-02  0.2116000    34.6416    34.6420     0.0004    27.1252    27.1254     57.453     57.625      0.495    1479.48    1479.48  0.000e+00
       7981     58.500     7.0931     7.0936     0.0005    3.50820    3.50830          1     5.9895     5.9000      93.36     0.1021     0.2045  3.343e-02  0.2285000    34.6534    34.6540     0.0006    27.1328    27.1332     57.948     58.121      0.539    1479.54    1479.55  0.000e+00
       8002     59.000     7.1004     7.1008     0.0005    3.50950    3.50956          1     5.9864     5.9006      93.61     0.1016     0.1987  2.864e-02  0.2227000    34.6601    34.6604     0.0003    27.1371    27.1373     58.444     58.617      0.563    1479.59    1479.59  0.000e+00
       8023     59.500     7.1024     7.1027     0.0003    3.50987    3.50992          1     5.9822     5.9102      93.31     0.0705     0.2197  2.465e-02  0.2212000    34.6619    34.6622     0.0002    27.1382    27.1383     58.939     59.113      0.558    1479.61    1479.61  0.000e+00
       8045     60.000     7.1106     7.1111     0.0005    3.51107    3.51114          1     5.9752     5.9045      93.16     0.0959     0.2605  1.510e-02  0.2184000    34.6666    34.6668     0.0002    27.1408    27.1408     59.434     59.608      0.531    1479.65    1479.65  0.000e+00
       8069     60.500     7.1264     7.1257    -0.0006    3.51354    3.51346          1     5.9612     5.8866      49.56     0.0937     0.2220  9.357e-03  0.2159000    34.6776    34.6774    -0.0001    27.1472    27.1472     59.929     60.104      0.496    1479.74    1479.73  0.000e+00
       8094     61.000     7.1412     7.1413     0.0001    3.51599    3.51602          1     5.9597     5.8806      93.02     0.0747     0.2703  4.940e-03  0.2237000    34.6894    34.6896     0.0002    27.1544    27.1545     60.424     60.600      0.477    1479.82    1479.82  0.000e+00
       8119     61.500     7.1426     7.1431     0.0004    3.51629    3.51635          1     5.9611     5.8858      93.14     0.0823     0.2455  2.403e-03  0.2243000    34.6910    34.6911     0.0001    27.1555    27.1555     60.920     61.096      0.494    1479.83    1479.83  0.000e+00
       8142     62.000     7.1465     7.1468     0.0003    3.51696    3.51701          1     5.9609     5.8836      93.19     0.0965     0.2116 -4.298e-05  0.2214000    34.6942    34.6944     0.0002    27.1574    27.1575     61.415     61.592      0.524    1479.86    1479.86  0.000e+00
       8165     62.500     7.1519     7.1521     0.0002    3.51788    3.51791          1     5.9570     5.8706      93.22     0.0977     0.2070  2.641e-13  0.2207000    34.6986    34.6987     0.0001    27.1602    27.1602     61.910     62.087      0.544    1479.89    1479.89  0.000e+00
       8187     63.000     7.1543     7.1548     0.0004    3.51834    3.51841          1     5.9501     5.8641      93.05     0.0932     0.2229  1.000e-12  0.2192000    34.7010    34.7013     0.0003    27.1617    27.1619     62.405     62.583      0.546    1479.91    1479.91  0.000e+00
       8209     63.500     7.1595     7.1599     0.0004    3.51921    3.51926          1     5.9396     5.8665      93.26     0.0989     0.2163  1.000e-12  0.2209000    34.7051    34.7051     0.0001    27.1642    27.1642     62.900     63.079      0.527    1479.95    1479.95  0.000e+00
       8232     64.000     7.1654     7.1656     0.0001    3.52009    3.52011          1     5.9358     5.8688      93.19     0.0809     0.1668  1.000e-12  0.2159000    34.7084    34.7085     0.0001    27.1660    27.1660     63.396     63.575      0.504    1479.98    1479.98  0.000e+00
       8256     64.500     7.1762     7.1756    -0.0006    3.52138    3.52135          1     5.9401     5.8662      93.10     0.1015     0.1848  1.000e-12  0.2095000    34.7116    34.7118     0.0002    27.1670    27.1672     63.891     64.071      0.498    1480.04    1480.03  0.000e+00
       8280     65.000     7.1961     7.1955    -0.0007    3.52399    3.52394          1     5.9369     5.8659      93.14     0.0914     0.2285  1.000e-12  0.2341000    34.7198    34.7200     0.0001    27.1707    27.1708     64.386     64.566      0.506    1480.13    1480.13  0.000e+00
       8304     65.500     7.2219     7.2195    -0.0023    3.52748    3.52724          1     5.9228     5.8518      93.17     0.0799     0.2451  1.000e-12  0.2403000    34.7319    34.7317    -0.0002    27.1765    27.1767     64.881     65.062      0.524    1480.25    1480.24  0.000e+00
       8326     66.000     7.2349     7.2352     0.0003    3.52921    3.52925          1     5.9132     5.8384      93.33     0.0793     0.2425  1.000e-12  0.2416000    34.7375    34.7376     0.0002    27.1791    27.1792     65.376     65.558      0.542    1480.32    1480.32  0.000e+00
       8348     66.500     7.2419     7.2422     0.0003    3.53006    3.53012          1     5.9063     5.8302      93.38     0.0674     0.2437  1.000e-12  0.2239000    34.7395    34.7398     0.0003    27.1797    27.1799     65.872     66.054      0.543    1480.36    1480.36  0.000e+00
       8370     67.000     7.2875     7.2874    -0.0001    3.53577    3.53578          1     5.9174     5.8345      93.43     0.0649     0.2688  1.000e-12  0.2155000    34.7559    34.7560     0.0001    27.1861    27.1862     66.367     66.550      0.524    1480.56    1480.56  0.000e+00
       8394     67.500     7.3287     7.3281    -0.0005    3.54089    3.54094          1     5.9188     5.8262      93.16     0.3302     0.2335  1.000e-12  0.2801000    34.7702    34.7712     0.0010    27.1915    27.1924     66.862     67.045      0.491    1480.74    1480.74  0.000e+00
       8419     68.000     7.4118     7.4107    -0.0011    3.55132    3.55130          1     5.9052     5.8153      93.05     0.4135     0.1891  1.000e-12  0.2884000    34.8003    34.8011     0.0008    27.2033    27.2041     67.357     67.541      0.467    1481.11    1481.11  0.000e+00
       8445     68.500     7.4460     7.4455    -0.0005    3.55593    3.55592          1     5.8987     5.8188      93.13     0.0630     0.2110  1.000e-12  0.1868000    34.8159    34.8162     0.0004    27.2107    27.2110     67.852     68.037      0.473    1481.27    1481.26  0.000e+00
       8470     69.000     7.4684     7.4681    -0.0003    3.55894    3.55897          1     5.8944     5.8194      92.91     0.0695     0.1939  1.000e-12  0.2015000    34.8258    34.8264     0.0006    27.2152    27.2158     68.348     68.533      0.515    1481.37    1481.37  0.000e+00
       8492     69.500     7.4968     7.4949    -0.0019    3.56292    3.56269          1     5.8868     5.8143      93.17     0.0783     0.2268  1.000e-12  0.2231000    34.8403    34.8398    -0.0005    27.2226    27.2225     68.843     69.029      0.562    1481.51    1481.50  0.000e+00
       8513     70.000     7.5057     7.5061     0.0004    3.56445    3.56450          1     5.8818     5.8101      93.26     0.1127     0.2074  1.000e-12  0.2451000    34.8479    34.8480     0.0000    27.2273    27.2272     69.338     69.524      0.575    1481.56    1481.56  0.000e+00
       8534     70.500     7.5062     7.5067     0.0005    3.56458    3.56465          1     5.8851     5.8114      93.38     0.0517     0.2286  1.000e-12  0.1702000    34.8486    34.8488     0.0002    27.2277    27.2278     69.833     70.020      0.544    1481.57    1481.57  0.000e+00
       8557     71.000     7.5065     7.5069     0.0004    3.56469    3.56476          1     5.8821     5.8176      92.90     0.0592     0.1839  1.000e-12  0.1730000    34.8491    34.8494     0.0003    27.2281    27.2283     70.328     70.516      0.486    1481.58    1481.58  0.000e+00
       8584     71.500     7.5058     7.5064     0.0005    3.56481    3.56488          1     5.8828     5.8070      93.27     0.0522     0.1925  1.000e-12  0.1730000    34.8509    34.8511     0.0002    27.2296    27.2297     70.824     71.012      0.436    1481.59    1481.59  0.000e+00
       8612     72.000     7.5060     7.5065     0.0005    3.56485    3.56491          1     5.8857     5.8010      93.04     0.0481     0.2071  1.000e-12  0.1739000    34.8509    34.8511     0.0002    27.2295    27.2296     71.319     71.507      0.446    1481.60    1481.60  0.000e+00
       8637     72.500     7.5060     7.5067     0.0008    3.56498    3.56508          1     5.8865     5.8075      93.11     0.0580     0.1846  1.000e-12  0.1605000    34.8522    34.8524     0.0003    27.2306    27.2306     71.814     72.003      0.515    1481.61    1481.61  0.000e+00
       8659     73.000     7.5086     7.5091     0.0005    3.56542    3.56551          1     5.8847     5.8093      93.34     0.0422     0.2391  1.000e-12  0.1661000    34.8540    34.8544     0.0005    27.2316    27.2319     72.309     72.499      0.573    1481.63    1481.63  0.000e+00
       8679     73.500     7.5165     7.5160    -0.0006    3.56679    3.56669          1     5.8831     5.8083      93.01     0.0405     0.2710  1.000e-12  0.1632000    34.8607    34.8602    -0.0005    27.2357    27.2354     72.804     72.995      0.577    1481.68    1481.67  0.000e+00
       8701     74.000     7.5182     7.5188     0.0006    3.56720    3.56726          1     5.8856     5.8013      92.77     0.0509     0.2261  1.000e-12  0.1699000    34.8632    34.8633     0.0001    27.2375    27.2374     73.300     73.490      0.527    1481.69    1481.69  0.000e+00
       8725     74.500     7.5169     7.5174     0.0005    3.56730    3.56736          1     5.8831     5.7957      93.26     0.0582     0.2218  1.000e-12  0.1740000    34.8654    34.8655     0.0001    27.2394    27.2394     73.795     73.986      0.464    1481.70    1481.70  0.000e+00
       8752     75.000     7.5142     7.5156     0.0014    3.56726    3.56738          1     5.8777     5.7947      74.71     0.0468     0.2234  1.000e-12  0.1608000    34.8674    34.8672    -0.0001    27.2413    27.2410     74.290     74.482      0.450    1481.70    1481.70  0.000e+00
       8778     75.500     7.5121     7.5131     0.0010    3.56713    3.56723          1     5.8802     5.7985      92.50     0.0717     0.1943  1.000e-12  0.1620000    34.8679    34.8680     0.0001    27.2421    27.2420     74.785     74.978      0.488    1481.70    1481.70  0.000e+00
       8801     76.000     7.5110     7.5124     0.0015    3.56707    3.56722          1     5.8810     5.8122      92.71     0.0738     0.2209  1.000e-12  0.1927000    34.8681    34.8682     0.0001    27.2424    27.2423     75.280     75.473      0.533    1481.70    1481.71  0.000e+00
       8823     76.500     7.5099     7.5106     0.0006    3.56702    3.56708          1     5.8822     5.8144      93.03     0.0525     0.1814  1.000e-12  0.2263000    34.8683    34.8683     0.0000    27.2427    27.2426     75.775     75.969      0.552    1481.71    1481.71  0.000e+00
       8845     77.000     7.5098     7.5101     0.0003    3.56703    3.56707          1     5.8802     5.8026      88.60     0.0602     0.2520  1.000e-12  0.2214000    34.8683    34.8685     0.0001    27.2427    27.2428     76.271     76.465      0.551    1481.72    1481.72  0.000e+00
       8867     77.500     7.5096     7.5102     0.0005    3.56704    3.56710          1     5.8831     5.7878      29.55     0.0678     0.2531  1.000e-12  0.1913000    34.8683    34.8685     0.0002    27.2427    27.2428     76.766     76.961      0.543    1481.72    1481.73  0.000e+00
       8889     78.000     7.5097     7.5102     0.0005    3.56706    3.56712          1     5.8847     5.7929      93.56     0.0515     0.2125  1.000e-12  0.1645000    34.8683    34.8685     0.0002    27.2427    27.2428     77.261     77.457      0.529    1481.73    1481.73  0.000e+00
       8912     78.500     7.5096     7.5099     0.0003    3.56707    3.56712          1     5.8784     5.8020      93.01     0.0917     0.1918  1.000e-12  0.1618000    34.8682    34.8684     0.0002    27.2427    27.2428     77.756     77.952      0.527    1481.74    1481.74  0.000e+00
       8935     79.000     7.5087     7.5094     0.0006    3.56704    3.56712          1     5.8766     5.8027      93.11     0.0664     0.1945  1.000e-12  0.1654000    34.8686    34.8688     0.0002    27.2431    27.2432     78.251     78.448      0.543    1481.75    1481.75  0.000e+00
       8956     79.500     7.5089     7.5094     0.0005    3.56711    3.56717          1     5.8882     5.8094      93.14     0.0490     0.2618  1.000e-12  0.1675000    34.8689    34.8691     0.0001    27.2433    27.2434     78.746     78.944      0.557    1481.75    1481.76  0.000e+00
       8978     80.000     7.5092     7.5096     0.0004    3.56715    3.56722          1     5.8902     5.8042      93.05     0.0452     0.2373  1.000e-12  0.1632000    34.8688    34.8692     0.0003    27.2432    27.2434     79.242     79.440      0.550    1481.76    1481.77  0.000e+00
       9000     80.500     7.5090     7.5098     0.0008    3.56717    3.56725          1     5.8867     5.8010      92.94     0.0373     0.2577  1.000e-12  0.1557000    34.8689    34.8690     0.0001    27.2433    27.2432     79.737     79.935      0.524    1481.77    1481.77  0.000e+00
       9024     81.000     7.5079     7.5087     0.0008    3.56712    3.56720          1     5.8875     5.8077      93.13     0.0269     0.2533  1.000e-12  0.1622000    34.8693    34.8694     0.0001    27.2438    27.2437     80.232     80.431      0.497    1481.78    1481.78  0.000e+00
       9048     81.500     7.5071     7.5077     0.0006    3.56707    3.56715          1     5.8799     5.7956      93.42     0.0278     0.2275  1.000e-12  0.1724000    34.8693    34.8695     0.0002    27.2438    27.2439     80.727     80.927      0.503    1481.78    1481.78  0.000e+00
       9071     82.000     7.5037     7.5045     0.0007    3.56681    3.56689          1     5.8743     5.7927      92.90     0.0283     0.2080  1.000e-12  0.1607000    34.8695    34.8696     0.0001    27.2445    27.2445     81.222     81.423      0.544    1481.78    1481.78  0.000e+00
       9092     82.500     7.4986     7.4998     0.0012    3.56637    3.56650          1     5.8792     5.8025      92.75     0.0283     0.1761  1.000e-12  0.1618000    34.8697    34.8699     0.0002    27.2455    27.2454     81.717     81.918      0.587    1481.77    1481.77  0.000e+00
       9112     83.000     7.4934     7.4934     0.0000    3.56592    3.56595          1     5.8862     5.8113      93.20     0.0476     0.1341  1.000e-12  0.1659000    34.8697    34.8701     0.0004    27.2462    27.2465     82.213     82.414      0.602    1481.75    1481.75  0.000e+00
       9132     83.500     7.4920     7.4925     0.0005    3.56580    3.56587          1     5.8844     5.8108      92.99     0.0533     0.2253  1.000e-12  0.1649000    34.8697    34.8699     0.0002    27.2464    27.2465     82.708     82.910      0.580    1481.76    1481.76  0.000e+00
