ctdpy/exports/archive_20191121_122431/received_data/SBE09_1044_20180319_2217_34_02_0072.cnv
* Sea-Bird SBE 9 Data File:
* FileName = C:\ctd\temp\2018\ME18D072.hex
* Software Version Seasave V 7.26.6.26
* Temperature SN = 5351
* Conductivity SN = 3941
* Number of Bytes Per Scan = 41
* Number of Voltage Words = 4
* Number of Scans Averaged by the Deck Unit = 1
* NMEA Latitude = 58 20.37 N
* NMEA Longitude = 011 01.65 E
* NMEA UTC (Time) = Mar 19 2018  22:17:19
* NMEA baud rate = 4800
** Station:  Å13
** Operator:  A-KTh
** Ship: MERI
** Average sound velocity: 1472.22 m/s
** True-depth calculation Mon, 19 Mar 2018 22:55:50 +0000
** CTD Python Module SMHI /ver 3-12/ feb 2012 
** LIMS Job: 20183402-0072
** Cruise: SMHI-02-2018
** Latitude [GG MM.mm N] :
** Longitude [GG MM.mm E]:
# nquan = 26
# nvalues = 198                         
# units = specified
# name 0 = scan: Scan Count
# name 1 = prDM: Pressure, Digiquartz [db]
# name 2 = t090C: Temperature [ITS-90, deg C]
# name 3 = t190C: Temperature, 2 [ITS-90, deg C]
# name 4 = T2-T190C: Temperature Difference, 2 - 1 [ITS-90, deg C]
# name 5 = c0S/m: Conductivity [S/m]
# name 6 = c1S/m: Conductivity, 2 [S/m]
# name 7 = pumps: Pump Status
# name 8 = sbeox0ML/L: Oxygen, SBE 43 [ml/l]
# name 9 = sbeox1ML/L: Oxygen, SBE 43, 2 [ml/l]
# name 10 = altM: Altimeter [m]
# name 11 = flECO-AFL: Chl-a Fluorescence, WET Labs ECO-AFL/FL [mg/m^3]
# name 12 = flECO-AFL1: Phycocyanin Fluorescence, WET Labs ECO-AFL/FL, 2 [mg/m^3]
# name 13 = par: PAR/Irradiance, Biospherical/Lico [µE/(cm^2*s)]
# name 14 = turbWETntu0: Turbidity, WET Labs ECO [NTU]
# name 15 = sal00: Salinity, Practical [PSU]
# name 16 = sal11: Salinity, Practical, 2 [PSU]
# name 17 = secS-priS: Salinity, Practical, Difference, 2 - 1 [PSU]
# name 18 = sigma-t00: Density [sigma-t, Kg/m^3 ]
# name 19 = sigma-t11: Density, 2 [sigma-t, Kg/m^3 ]
# name 20 = depSM: Depth [salt water, m], lat = 58.3395
# name 21 = depFM: Depth [true depth, m], lat = 58.3395
# name 22 = dz/dtM: Descent Rate [m/s], WS = 2
# name 23 = svCM: Sound Velocity [Chen-Millero, m/s]
# name 24 = svCM1: Sound Velocity, 2 [Chen-Millero, m/s]
# name 25 = flag: flag
# span 0 =       4210,       9063       
# span 1 =      1.000,     99.500       
# span 2 =    -0.0282,     7.2488       
# span 3 =    -0.0276,     7.2488       
# span 4 =    -0.0292,     0.0112       
# span 5 =   2.137106,   3.554586       
# span 6 =   2.136986,   3.554616       
# span 7 =          1,          1       
# span 8 =    5.64260,    9.18743       
# span 9 =    5.66587,    9.23090       
# span 10 =       2.55,      98.84      
# span 11 =     0.0206,    22.5444      
# span 12 =     0.1822,     3.1408      
# span 13 = -2.006e-06, 3.6088e-01      
# span 14 =     0.4106,     2.4183      
# span 15 =    25.0218,    35.0268      
# span 16 =    25.0198,    35.0272      
# span 17 =    -0.0422,     0.0295      
# span 18 =    20.0594,    27.4343      
# span 19 =    20.0578,    27.4345      
# span 20 =      0.991,     98.551      
# span 21 =      0.999,     98.759      
# span 22 =     -0.031,      0.743      
# span 23 =    1435.71,    1480.53      
# span 24 =    1435.71,    1480.53      
# span 25 = 0.0000e+00, 0.0000e+00      
# interval = decibars: 0.5              
# start_time = Mar 19 2018 22:17:20 [NMEA time, first data scan]
# bad_flag = -9.990e-29
*END*
       4210      1.000    -0.0275    -0.0272     0.0003    2.13764    2.13728          1     9.1619     9.2266      98.71     7.0019     1.2331  3.609e-01  0.5789000    25.0283    25.0234    -0.0049    20.0647    20.0608      0.991      0.999      0.215    1435.71    1435.71  0.000e+00
       4244      1.500    -0.0282    -0.0276     0.0006    2.13711    2.13699          1     9.1720     9.2309      98.71     7.0970     1.2677  1.047e-01  0.6700000    25.0218    25.0198    -0.0020    20.0594    20.0578      1.486      1.498      0.432    1435.71    1435.71  0.000e+00
       4278      2.000    -0.0267    -0.0256     0.0012    2.13739    2.13743          1     9.1762     9.2244      98.71     7.3882     1.3320  4.769e-02  0.7643000    25.0240    25.0236    -0.0004    20.0612    20.0609      1.981      1.997      0.247    1435.73    1435.73  0.000e+00
       4337      2.500    -0.0261    -0.0250     0.0012    2.13747    2.13764          1     9.1860     9.2211      98.71     7.4176     1.3158  3.302e-02  0.6095000    25.0243    25.0255     0.0012    20.0614    20.0624      2.477      2.496      0.290    1435.74    1435.75  0.000e+00
       4368      3.000    -0.0245    -0.0234     0.0011    2.13788    2.13777          1     9.1863     9.2226      98.71     7.4495     1.1973  2.490e-02  0.7334000    25.0280    25.0257    -0.0023    20.0644    20.0625      2.972      2.996      0.368    1435.76    1435.76  0.000e+00
       4404      3.500    -0.0243    -0.0222     0.0021    2.13825    2.13982          1     9.1874     9.2162      98.71     7.4829     1.2695  1.186e-02  0.7535000    25.0323    25.0507     0.0183    20.0679    20.0826      3.467      3.495      0.324    1435.77    1435.81  0.000e+00
       4441      4.000    -0.0229    -0.0221     0.0008    2.14010    2.13987          1     9.1842     9.1953      98.71     7.3840     1.2630  2.641e-04  0.6998000    25.0546    25.0510    -0.0036    20.0858    20.0829      3.963      3.994      0.306    1435.82    1435.82  0.000e+00
       4483      4.500    -0.0208    -0.0212    -0.0004    2.14242    2.14134          1     9.1655     9.1957      98.71     7.0226     1.2354  2.758e-04  0.6719000    25.0823    25.0688    -0.0136    20.1081    20.0972      4.458      4.493      0.284    1435.87    1435.85  0.000e+00
       4525      5.000    -0.0178    -0.0160     0.0017    2.14562    2.14636          1     9.1487     9.1819      98.71     7.0014     1.2880 -2.006e-06  0.6885000    25.1206    25.1286     0.0080    20.1388    20.1452      4.953      4.992      0.287    1435.95    1435.97  0.000e+00
       4563      5.500    -0.0143    -0.0141     0.0002    2.14932    2.14890          1     9.1310     9.1562      98.71     6.8810     1.2260  1.000e-12  0.6809000    25.1647    25.1591    -0.0055    20.1743    20.1698      5.449      5.492      0.371    1436.03    1436.02  0.000e+00
       4592      6.000    -0.0148    -0.0145     0.0002    2.14957    2.14908          1     9.1250     9.1480      98.71     7.1531     1.1725  1.000e-12  0.6884000    25.1680    25.1616    -0.0064    20.1770    20.1718      5.944      5.991      0.432    1436.04    1436.03  0.000e+00
       4620      6.500    -0.0138    -0.0132     0.0006    2.15046    2.15036          1     9.1099     9.1476      98.71     7.3778     1.1448  1.000e-12  0.7123000    25.1784    25.1768    -0.0017    20.1853    20.1840      6.440      6.490      0.395    1436.07    1436.07  0.000e+00
       4659      7.000    -0.0143    -0.0137     0.0007    2.15097    2.15081          1     9.1034     9.1433      98.71     7.3201     1.1397  1.000e-12  0.7135000    25.1851    25.1825    -0.0026    20.1908    20.1887      6.935      6.989      0.261    1436.08    1436.08  0.000e+00
       4706      7.500    -0.0172    -0.0162     0.0010    2.15100    2.15085          1     9.0894     9.1268      98.71     7.4926     1.1561  1.000e-12  0.7013000    25.1877    25.1848    -0.0028    20.1929    20.1906      7.430      7.488      0.320    1436.08    1436.08  0.000e+00
       4736      8.000    -0.0201    -0.0193     0.0008    2.15452    2.15401          1     9.0635     9.0959      98.71     7.2965     1.1434  1.000e-12  0.6806000    25.2348    25.2277    -0.0071    20.2309    20.2252      7.925      7.988      0.499    1436.14    1436.13  0.000e+00
       4757      8.500    -0.0204    -0.0198     0.0007    2.15663    2.15608          1     9.0323     9.0516      98.71     6.8146     1.0167  1.000e-12  0.7160000    25.2619    25.2543    -0.0076    20.2527    20.2466      8.421      8.487      0.579    1436.18    1436.17  0.000e+00
       4777      9.000    -0.0233    -0.0224     0.0009    2.15987    2.15979          1     8.9904     8.9906      98.71     6.3771     0.9727  1.000e-12  0.6654000    25.3055    25.3038    -0.0018    20.2880    20.2866      8.916      8.986      0.571    1436.23    1436.23  0.000e+00
       4799      9.500    -0.0232    -0.0256    -0.0025    2.16515    2.16729          1     8.9738     8.9420      98.71     5.4413     0.9302  1.000e-12  0.6719000    25.3728    25.4023     0.0295    20.3422    20.3660      9.411      9.485      0.488    1436.33    1436.36  0.000e+00
       4828     10.000     0.0397     0.0314    -0.0083    2.17758    2.17674          1     8.8712     8.8335      98.71     5.9186     0.8566  1.000e-12  0.6964000    25.4793    25.4755    -0.0038    20.4265    20.4236      9.907      9.984      0.387    1436.78    1436.73  0.000e+00
       4860     10.500     0.1935     0.1939     0.0004    2.19897    2.19905          1     8.7289     8.7006      98.71    11.2477     0.9453  1.000e-12  1.1249000    25.6238    25.6245     0.0007    20.5391    20.5396     10.402     10.483      0.393    1437.70    1437.70  0.000e+00
       4888     11.000     0.3536     0.3583     0.0046    2.22964    2.23059          1     8.6639     8.6255      98.71    14.2061     0.9564  1.000e-12  1.5609000    25.8791    25.8872     0.0082    20.7400    20.7464     10.897     10.982      0.514    1438.79    1438.83  0.000e+00
       4909     11.500     0.5100     0.5099    -0.0001    2.25712    2.25699          1     8.5989     8.5396      98.71    11.0382     1.0614  1.000e-12  1.6658000    26.0951    26.0936    -0.0015    20.9090    20.9078     11.393     11.481      0.645    1439.82    1439.81  0.000e+00
       4926     12.000     0.7328     0.7338     0.0009    2.29721    2.29771          1     8.5071     8.4340      98.71     8.0978     1.1336  1.000e-12  0.8939000    26.4110    26.4166     0.0056    21.1550    21.1595     11.888     11.980      0.728    1441.27    1441.29  0.000e+00
       4941     12.500     0.8962     0.8957    -0.0007    2.32891    2.32880          1     8.4387     8.3488      98.71     9.1574     1.2661  1.000e-12  1.3759000    26.6696    26.6687    -0.0009    21.3567    21.3559     12.383     12.479      0.732    1442.38    1442.38  0.000e+00
       4958     13.000     1.0767     1.0673    -0.0092    2.36585    2.36369          1     8.2860     8.1988      98.71    10.2552     1.4893  1.000e-12  1.6576000    26.9759    26.9570    -0.0189    21.5949    21.5801     12.879     12.977      0.636    1443.62    1443.55  0.000e+00
       4982     13.500     1.3317     1.3242    -0.0076    2.41283    2.41185          1     8.0351     7.9575      98.71    12.2437     1.8583  1.009e-12  1.5256000    27.3388    27.3332    -0.0056    21.8742    21.8701     13.374     13.476      0.419    1445.26    1445.22  0.000e+00
       5020     14.000     1.6608     1.6568    -0.0039    2.47600    2.47669          1     7.7953     7.7094      98.71    11.8674     1.7824  4.532e-06  1.2275000    27.8312    27.8433     0.0121    22.2520    22.2619     13.869     13.974      0.328    1447.41    1447.40  0.000e+00
       5049     14.500     2.1962     2.1884    -0.0076    2.59866    2.59820          1     7.4689     7.3563      98.71    13.5164     1.5565 -1.301e-07  1.5432000    28.8555    28.8569     0.0014    23.0396    23.0412     14.365     14.472      0.567    1451.14    1451.11  0.000e+00
       5067     15.000     2.4621     2.4703     0.0080    2.66678    2.66838          1     7.5323     7.4110      98.71    17.7189     2.4312  1.000e-12  1.9409000    29.4424    29.4544     0.0120    23.4910    23.5000     14.860     14.969      0.709    1453.09    1453.14  0.000e+00
       5083     15.500     2.5319     2.5326     0.0006    2.68459    2.68424          1     7.5193     7.3820      98.71    22.5444     2.6980  1.000e-12  2.3083000    29.5935    29.5885    -0.0049    23.6065    23.6026     15.355     15.467      0.743    1453.60    1453.60  0.000e+00
       5099     16.000     3.4238     3.3943    -0.0292    2.90496    2.89903          1     7.3491     7.2028      98.71    20.7944     3.1408  8.802e-06  2.4183000    31.3942    31.3520    -0.0422    24.9702    24.9393     15.851     15.964      0.682    1459.80    1459.61  0.000e+00
       5119     16.500     3.9673     3.9592    -0.0083    3.01056    3.00995          1     7.1125     6.9794      98.71    13.3098     1.9483  2.320e-07  1.6983000    32.1213    32.1220     0.0008    25.4998    25.5012     16.346     16.461      0.566    1463.05    1463.02  0.000e+00
       5143     17.000     4.2314     4.2250    -0.0064    3.05312    3.05210          1     6.8894     6.7981      39.32     5.0817     1.0625  2.174e-10  0.8643000    32.3621    32.3565    -0.0056    25.6652    25.6614     16.841     16.958      0.465    1464.47    1464.44  0.000e+00
       5170     17.500     4.3474     4.3433    -0.0041    3.07199    3.07130          1     6.7365     6.7023      84.41     3.1438     0.6770  1.000e-12  0.6220000    32.4686    32.4646    -0.0040    25.7381    25.7353     17.337     17.454      0.427    1465.10    1465.08  0.000e+00
       5198     18.000     4.4001     4.3992    -0.0010    3.08135    3.08115          1     6.6640     6.6705      98.84     2.1938     0.5955  1.000e-12  0.4918000    32.5258    32.5243    -0.0014    25.7780    25.7770     17.832     17.950      0.448    1465.40    1465.40  0.000e+00
       5223     18.500     4.4212     4.4208    -0.0005    3.08416    3.08402          1     6.6200     6.6340      98.71     1.7039     0.4524  1.000e-12  0.4808000    32.5374    32.5362    -0.0012    25.7851    25.7842     18.327     18.447      0.534    1465.51    1465.51  0.000e+00
       5244     19.000     4.4464     4.4429    -0.0035    3.08827    3.08785          1     6.6149     6.6182      98.71     1.5219     0.4093  1.000e-12  0.4846000    32.5603    32.5588    -0.0015    25.8007    25.7999     18.823     18.943      0.632    1465.65    1465.64  0.000e+00
       5262     19.500     4.4880     4.4854    -0.0026    3.09487    3.09450          1     6.6510     6.6364      98.71     1.2477     0.4158  1.000e-12  0.4818000    32.5958    32.5941    -0.0017    25.8245    25.8234     19.318     19.440      0.680    1465.88    1465.87  0.000e+00
       5279     20.000     4.5870     4.5778    -0.0092    3.11377    3.11261          1     6.6357     6.6065      98.71     1.3709     0.4143  1.000e-12  0.5120000    32.7177    32.7133    -0.0044    25.9108    25.9083     19.813     19.936      0.657    1466.45    1466.41  0.000e+00
       5298     20.500     4.8432     4.8265    -0.0166    3.16150    3.15977          1     6.5297     6.4916      98.71     1.2199     0.3471  1.000e-12  0.4812000    33.0166    33.0131    -0.0035    26.1203    26.1193     20.308     20.433      0.566    1467.90    1467.83  0.000e+00
       5323     21.000     5.0791     5.0754    -0.0037    3.20096    3.19977          1     6.4577     6.4313      98.71     0.8920     0.3067  1.000e-12  0.4439000    33.2368    33.2268    -0.0100    26.2685    26.2610     20.804     20.929      0.452    1469.15    1469.12  0.000e+00
       5352     21.500     5.2977     5.2751    -0.0225    3.24164    3.23695          1     6.3956     6.3709      98.71     0.7705     0.3150  1.000e-12  0.4239000    33.4846    33.4536    -0.0309    26.4397    26.4178     21.299     21.425      0.420    1470.36    1470.23  0.000e+00
       5378     22.000     5.6464     5.6411    -0.0055    3.29840    3.29799          1     6.3325     6.2996      98.71     0.5295     0.3035  1.000e-12  0.4355000    33.7825    33.7831     0.0006    26.6341    26.6353     21.794     21.921      0.489    1472.15    1472.13  0.000e+00
       5401     22.500     5.8369     5.8299    -0.0070    3.32779    3.32700          1     6.2791     6.2537      98.71     0.3370     0.3039  1.000e-12  0.4395000    33.9240    33.9221    -0.0019    26.7227    26.7220     22.290     22.417      0.564    1473.10    1473.07  0.000e+00
       5421     23.000     5.9646     5.9610    -0.0035    3.34828    3.34794          1     6.2349     6.2240      98.71     0.2943     0.3006  1.000e-12  0.4375000    34.0268    34.0265    -0.0002    26.7881    26.7883     22.785     22.913      0.617    1473.75    1473.74  0.000e+00
       5440     23.500     6.0308     6.0250    -0.0058    3.35828    3.35759          1     6.2110     6.2123      98.70     0.2600     0.2373  1.000e-12  0.4308000    34.0726    34.0707    -0.0019    26.8159    26.8151     23.280     23.409      0.625    1474.08    1474.06  0.000e+00
       5460     24.000     6.0825     6.0808    -0.0016    3.36588    3.36560          1     6.1955     6.1957      98.68     0.2141     0.1887  1.000e-12  0.4189000    34.1058    34.1043    -0.0015    26.8356    26.8347     23.776     23.905      0.580    1474.33    1474.33  0.000e+00
       5482     24.500     6.1456     6.1428    -0.0028    3.37555    3.37527          1     6.1706     6.1670      98.66     0.2390     0.2134  1.000e-12  0.4410000    34.1507    34.1504    -0.0004    26.8631    26.8632     24.271     24.401      0.505    1474.65    1474.64  0.000e+00
       5508     25.000     6.2200     6.2181    -0.0020    3.38688    3.38638          1     6.1478     6.1487      98.65     0.2032     0.2565  1.000e-12  0.4487000    34.2026    34.1991    -0.0036    26.8945    26.8920     24.766     24.897      0.466    1475.02    1475.01  0.000e+00
       5533     25.500     6.2538     6.2545     0.0008    3.39150    3.39148          1     6.1430     6.1482      98.66     0.1784     0.2459  1.000e-12  0.4570000    34.2203    34.2193    -0.0010    26.9041    26.9032     25.261     25.393      0.501    1475.18    1475.18  0.000e+00
       5556     26.000     6.2705     6.2704     0.0000    3.39387    3.39380          1     6.1495     6.1596      98.68     0.1831     0.2284  1.000e-12  0.4492000    34.2297    34.2290    -0.0007    26.9094    26.9088     25.757     25.889      0.555    1475.27    1475.27  0.000e+00
       5576     26.500     6.2876     6.2873    -0.0004    3.39647    3.39635          1     6.1445     6.1452      98.70     0.1779     0.2370  1.000e-12  0.4423000    34.2413    34.2403    -0.0009    26.9163    26.9156     26.252     26.385      0.599    1475.36    1475.36  0.000e+00
       5596     27.000     6.3193     6.3171    -0.0022    3.40182    3.40152          1     6.1173     6.1104      98.71     0.1628     0.2364  1.000e-12  0.4416000    34.2690    34.2679    -0.0011    26.9340    26.9334     26.747     26.881      0.607    1475.53    1475.52  0.000e+00
       5616     27.500     6.3421     6.3416    -0.0005    3.40568    3.40562          1     6.0890     6.0872      98.71     0.1653     0.2124  1.000e-12  0.4767000    34.2890    34.2889    -0.0002    26.9469    26.9469     27.243     27.377      0.551    1475.65    1475.65  0.000e+00
       5640     28.000     6.3470     6.3468    -0.0002    3.40677    3.40667          1     6.0720     6.0804      98.71     0.1547     0.2188  1.000e-12  0.5069000    34.2960    34.2950    -0.0009    26.9517    26.9510     27.738     27.873      0.455    1475.69    1475.68  0.000e+00
