ctdpy/exports/archive_20191121_122431/received_data/SBE09_0827_20181008_0214_26_01_1041.cnv
* Sea-Bird SBE 9 Data File:
* FileName = D:\CTD_SBE911\DAT\26DA.2018.10.41.hex
* Software Version Seasave V 7.21d
* Temperature SN = 4548
* Conductivity SN = 3062
* Number of Bytes Per Scan = 48
* Number of Voltage Words = 5
* Number of Scans Averaged by the Deck Unit = 1
* NMEA Latitude = 58 41.88 N
* NMEA Longitude = 018 39.66 E
* NMEA UTC (Time) = Oct 08 2018  02:16:46
* NMEA baud rate = 4800
** Ship: DANA
** Average sound velocity: 1444.56 m/s
** True-depth calculation Thu, 28 Mar 2019 12:21:23 +0000
** CTD Python Module SMHI /ver 3-12/ feb 2012 
** LIMS Job: 20182601-1041
** Operator: Christian A-KTh
** Cruise: 10/2018
# nquan = 26
# nvalues = 440                         
# units = specified
# name 0 = scan: Scan Count
# name 1 = prDM: Pressure, Digiquartz [db]
# name 2 = t090C: Temperature [ITS-90, deg C]
# name 3 = t190C: Temperature, 2 [ITS-90, deg C]
# name 4 = T2-T190C: Temperature Difference, 2 - 1 [ITS-90, deg C]
# name 5 = c0S/m: Conductivity [S/m]
# name 6 = c1S/m: Conductivity, 2 [S/m]
# name 7 = pumps: Pump Status
# name 8 = sbeox1ML/L: Oxygen, SBE 43, 2 [ml/l]
# name 9 = sbeox0ML/L: Oxygen, SBE 43 [ml/l]
# name 10 = altM: Altimeter [m]
# name 11 = chloroflTC0: Chlorophyll, Turner Cyclops [ug/l]
# name 12 = cpar: CPAR/Corrected Irradiance [%]
# name 13 = par: PAR/Irradiance, Biospherical/Lico [µE/(cm^2*s)]
# name 14 = spar: SPAR, Biospherical/Licor
# name 15 = sal00: Salinity, Practical [PSU]
# name 16 = sal11: Salinity, Practical, 2 [PSU]
# name 17 = secS-priS: Salinity, Practical, Difference, 2 - 1 [PSU]
# name 18 = sigma-t00: Density [sigma-t, kg/m^3 ]
# name 19 = sigma-t11: Density, 2 [sigma-t, kg/m^3 ]
# name 20 = depSM: Depth [salt water, m], lat = 58.698
# name 21 = depFM: Depth [true depth, m], lat = 58.698
# name 22 = dz/dtM: Descent Rate [m/s], WS = 2
# name 23 = svCM: Sound Velocity [Chen-Millero, m/s]
# name 24 = svCM1: Sound Velocity, 2 [Chen-Millero, m/s]
# name 25 = flag: flag
# span 0 =         64,      15755       
# span 1 =      1.000,    220.500       
# span 2 =     3.3730,     8.4603       
# span 3 =     3.3726,     8.4551       
# span 4 =    -0.0864,     0.0310       
# span 5 =   0.758550,   1.242669       
# span 6 =   0.758638,   1.242431       
# span 7 =          1,          1       
# span 8 =     0.0298,     7.7606       
# span 9 =     0.0277,     7.2823       
# span 10 =       1.15,       9.98      
# span 11 =     0.0158,     0.0397      
# span 12 = -1.099e+02, 7.1018e+03      
# span 13 = 1.0000e-12, 1.0000e-12      
# span 14 = 1.8866e+00, 2.0330e+00      
# span 15 =     6.8731,    11.3902      
# span 16 =     6.8752,    11.3880      
# span 17 =    -0.0051,     0.0258      
# span 18 =     5.2340,     8.9324      
# span 19 =     5.2344,     8.9307      
# span 20 =      0.991,    218.328      
# span 21 =      1.013,    222.844      
# span 22 =      0.106,      0.589      
# span 23 =    1428.93,    1449.76      
# span 24 =    1428.93,    1449.76      
# span 25 = 0.0000e+00, 0.0000e+00      
# interval = decibars: 0.5              
# start_time = Oct 08 2018 02:16:47 [NMEA time, first data scan]
# bad_flag = -9.990e-29
*END*
[from data line 391]
      14463    196.500     6.2087     6.2086    -0.0001    1.23656    1.23641          1     0.0342     0.0317       9.96     0.0165  4.924e-11  1.000e-12  2.031e+00    11.3418    11.3403    -0.0015     8.8959     8.8947    194.575    198.615      0.401    1449.03    1449.03  0.000e+00
      14493    197.000     6.2093     6.2090    -0.0002    1.23673    1.23653          1     0.0336     0.0336       9.96     0.0161  4.924e-11  1.000e-12  2.031e+00    11.3432    11.3413    -0.0019     8.8969     8.8955    195.070    199.120      0.426    1449.04    1449.04  0.000e+00
      14520    197.500     6.2097     6.2096    -0.0001    1.23683    1.23667          1     0.0386     0.0313       9.96     0.0163  4.924e-11  1.000e-12  2.031e+00    11.3439    11.3424    -0.0015     8.8975     8.8963    195.565    199.624      0.450    1449.05    1449.05  0.000e+00
      14547    198.000     6.2102     6.2101    -0.0001    1.23696    1.23678          1     0.0337     0.0332       9.96     0.0166  4.924e-11  1.000e-12  2.031e+00    11.3449    11.3432    -0.0017     8.8983     8.8969    196.060    200.129      0.446    1449.06    1449.06  0.000e+00
      14574    198.500     6.2106     6.2105    -0.0000    1.23705    1.23689          1     0.0337     0.0317       9.96     0.0167  4.924e-11  1.000e-12  2.031e+00    11.3456    11.3440    -0.0016     8.8988     8.8975    196.555    200.634      0.442    1449.07    1449.07  0.000e+00
      14601    199.000     6.2109     6.2109    -0.0000    1.23712    1.23699          1     0.0365     0.0347       9.96     0.0167  4.924e-11  1.000e-12  2.031e+00    11.3462    11.3449    -0.0013     8.8992     8.8982    197.050    201.139      0.455    1449.08    1449.08  0.000e+00
      14626    199.500     6.2111     6.2111    -0.0001    1.23717    1.23706          1     0.0352     0.0345       9.96     0.0170  4.924e-11  1.000e-12  2.031e+00    11.3465    11.3454    -0.0011     8.8994     8.8985    197.544    201.644      0.487    1449.09    1449.09  0.000e+00
      14651    200.000     6.2113     6.2113     0.0001    1.23722    1.23711          1     0.0324     0.0309       9.96     0.0169  4.924e-11  1.000e-12  2.031e+00    11.3468    11.3458    -0.0010     8.8996     8.8988    198.039    202.148      0.451    1449.10    1449.10  0.000e+00
      14680    200.500     6.2113     6.2115     0.0002    1.23725    1.23715          1     0.0348     0.0306       9.96     0.0169  4.924e-11  1.000e-12  2.031e+00    11.3470    11.3460    -0.0010     8.8998     8.8990    198.534    202.653      0.419    1449.11    1449.11  0.000e+00
      14708    201.000     6.2114     6.2116     0.0002    1.23727    1.23718          1     0.0359     0.0339       9.96     0.0167  4.924e-11  1.000e-12  2.031e+00    11.3471    11.3462    -0.0010     8.8999     8.8991    199.029    203.158      0.427    1449.12    1449.12  0.000e+00
      14735    201.500     6.2118     6.2118     0.0000    1.23733    1.23722          1     0.0355     0.0322       9.96     0.0166  4.924e-11  1.000e-12  2.031e+00    11.3475    11.3464    -0.0011     8.9002     8.8993    199.524    203.663      0.481    1449.13    1449.13  0.000e+00
      14759    202.000     6.2117     6.2119     0.0002    1.23735    1.23726          1     0.0336     0.0320       9.96     0.0167  4.924e-11  1.000e-12  2.031e+00    11.3475    11.3467    -0.0009     8.9002     8.8995    200.019    204.167      0.506    1449.14    1449.14  0.000e+00
      14785    202.500     6.2117     6.2120     0.0003    1.23735    1.23729          1     0.0335     0.0320       9.96     0.0168  4.924e-11  1.000e-12  2.031e+00    11.3475    11.3468    -0.0007     8.9002     8.8996    200.514    204.672      0.386    1449.14    1449.14  0.000e+00
      14820    203.000     6.2119     6.2120     0.0001    1.23740    1.23731          1     0.0324     0.0300       9.96     0.0167  4.924e-11  1.000e-12  2.031e+00    11.3478    11.3469    -0.0009     8.9004     8.8997    201.008    205.177      0.378    1449.15    1449.15  0.000e+00
      14847    203.500     6.2120     6.2121     0.0001    1.23741    1.23734          1     0.0311     0.0331       9.96     0.0166  4.924e-11  1.000e-12  2.031e+00    11.3478    11.3471    -0.0007     8.9004     8.8998    201.503    205.682      0.498    1449.16    1449.16  0.000e+00
      14870    204.000     6.2122     6.2123     0.0001    1.23746    1.23736          1     0.0347     0.0308       9.96     0.0166  4.924e-11  1.000e-12  2.031e+00    11.3481    11.3471    -0.0010     8.9006     8.8998    201.998    206.187      0.498    1449.17    1449.17  0.000e+00
      14896    204.500     6.2123     6.2124     0.0001    1.23750    1.23739          1     0.0355     0.0320       9.96     0.0166  4.924e-11  1.000e-12  2.031e+00    11.3484    11.3473    -0.0011     8.9008     8.9000    202.493    206.691      0.446    1449.18    1449.18  0.000e+00
      14924    205.000     6.2124     6.2126     0.0002    1.23753    1.23744          1     0.0318     0.0304       9.96     0.0169  4.924e-11  1.000e-12  2.031e+00    11.3486    11.3476    -0.0010     8.9010     8.9002    202.988    207.196      0.433    1449.19    1449.19  0.000e+00
      14950    205.500     6.2132     6.2129    -0.0003    1.23773    1.23752          1     0.0328     0.0326       9.96     0.0168  4.924e-11  1.000e-12  2.031e+00    11.3502    11.3483    -0.0020     8.9022     8.9007    203.483    207.701      0.486    1449.20    1449.20  0.000e+00
      14974    206.000     6.2140     6.2135    -0.0006    1.23797    1.23770          1     0.0305     0.0323       9.96     0.0171  4.924e-11  1.000e-12  2.031e+00    11.3523    11.3497    -0.0025     8.9037     8.9018    203.977    208.206      0.512    1449.22    1449.21  0.000e+00
      14998    206.500     6.2148     6.2142    -0.0006    1.23818    1.23791          1     0.0354     0.0288       9.96     0.0171  4.924e-11  1.000e-12  2.031e+00    11.3539    11.3514    -0.0025     8.9050     8.9031    204.472    208.710      0.459    1449.23    1449.22  0.000e+00
      15026    207.000     6.2155     6.2151    -0.0005    1.23840    1.23810          1     0.0306     0.0315       9.96     0.0169  4.924e-11  1.000e-12  2.031e+00    11.3558    11.3530    -0.0028     8.9065     8.9043    204.967    209.215      0.403    1449.24    1449.24  0.000e+00
      15057    207.500     6.2163     6.2159    -0.0004    1.23858    1.23834          1     0.0339     0.0303       9.96     0.0162  4.924e-11  1.000e-12  2.031e+00    11.3572    11.3550    -0.0022     8.9075     8.9058    205.462    209.720      0.390    1449.26    1449.25  0.000e+00
      15087    208.000     6.2167     6.2164    -0.0003    1.23868    1.23849          1     0.0316     0.0302       9.96     0.0165  4.924e-11  1.000e-12  2.031e+00    11.3580    11.3562    -0.0018     8.9081     8.9067    205.957    210.225      0.427    1449.27    1449.26  0.000e+00
      15115    208.500     6.2169     6.2169     0.0000    1.23875    1.23861          1     0.0298     0.0298       9.96     0.0164  4.924e-11  1.000e-12  2.031e+00    11.3585    11.3571    -0.0014     8.9085     8.9074    206.452    210.729      0.391    1449.28    1449.27  0.000e+00
      15149    209.000     6.2173     6.2172    -0.0000    1.23884    1.23870          1     0.0321     0.0319       9.96     0.0165  4.924e-11  1.000e-12  2.031e+00    11.3593    11.3579    -0.0014     8.9090     8.9079    206.947    211.234      0.375    1449.29    1449.29  0.000e+00
      15177    209.500     6.2176     6.2175    -0.0001    1.23891    1.23878          1     0.0332     0.0306       9.96     0.0169  4.924e-11  1.000e-12  2.031e+00    11.3598    11.3584    -0.0013     8.9094     8.9084    207.441    211.739      0.480    1449.30    1449.29  0.000e+00
      15200    210.000     6.2183     6.2178    -0.0005    1.23908    1.23885          1     0.0326     0.0300       9.96     0.0167  4.924e-11  1.000e-12  2.031e+00    11.3611    11.3590    -0.0021     8.9104     8.9088    207.936    212.244      0.511    1449.31    1449.31  0.000e+00
      15224    210.500     6.2189     6.2185    -0.0004    1.23927    1.23902          1     0.0305     0.0305       9.96     0.0167  4.924e-11  1.000e-12  2.031e+00    11.3627    11.3603    -0.0024     8.9116     8.9098    208.431    212.749      0.494    1449.32    1449.32  0.000e+00
      15249    211.000     6.2192     6.2191    -0.0002    1.23934    1.23917          1     0.0316     0.0302       9.96     0.0168  4.924e-11  1.000e-12  2.031e+00    11.3631    11.3615    -0.0016     8.9119     8.9107    208.926    213.253      0.479    1449.33    1449.33  0.000e+00
      15275    211.500     6.2194     6.2194     0.0000    1.23938    1.23925          1     0.0328     0.0322       9.96     0.0162  4.924e-11  1.000e-12  2.031e+00    11.3634    11.3621    -0.0013     8.9122     8.9111    209.421    213.758      0.465    1449.34    1449.34  0.000e+00
      15300    212.000     6.2196     6.2196    -0.0000    1.23947    1.23931          1     0.0332     0.0311       9.92     0.0164  4.924e-11  1.000e-12  2.031e+00    11.3641    11.3626    -0.0015     8.9127     8.9115    209.916    214.263      0.482    1449.35    1449.35  0.000e+00
      15325    212.500     6.2203     6.2200    -0.0003    1.23966    1.23943          1     0.0317     0.0292       9.50     0.0169  4.924e-11  1.000e-12  2.031e+00    11.3657    11.3635    -0.0022     8.9139     8.9122    210.410    214.768      0.458    1449.36    1449.36  0.000e+00
      15352    213.000     6.2212     6.2206    -0.0006    1.23990    1.23958          1     0.0319     0.0310       8.93     0.0169  4.924e-11  1.000e-12  2.031e+00    11.3676    11.3646    -0.0030     8.9153     8.9130    210.905    215.272      0.422    1449.38    1449.37  0.000e+00
      15381    213.500     6.2227     6.2217    -0.0010    1.24030    1.23986          1     0.0309     0.0312       8.42     0.0169  4.924e-11  1.000e-12  2.031e+00    11.3711    11.3670    -0.0040     8.9179     8.9149    211.400    215.777      0.409    1449.40    1449.39  0.000e+00
      15411    214.000     6.2231     6.2227    -0.0004    1.24040    1.24018          1     0.0312     0.0277       7.91     0.0169  4.924e-11  1.000e-12  2.031e+00    11.3718    11.3698    -0.0020     8.9185     8.9170    211.895    216.282      0.408    1449.41    1449.40  0.000e+00
      15439    214.500     6.2230     6.2231     0.0001    1.24040    1.24029          1     0.0317     0.0312       7.40     0.0169  4.924e-11  1.000e-12  2.031e+00    11.3718    11.3706    -0.0012     8.9185     8.9175    212.390    216.787      0.458    1449.41    1449.41  0.000e+00
      15464    215.000     6.2232     6.2232    -0.0000    1.24042    1.24032          1     0.0320     0.0316       6.90     0.0168  4.924e-11  1.000e-12  2.031e+00    11.3718    11.3708    -0.0011     8.9185     8.9177    212.885    217.291      0.467    1449.42    1449.42  0.000e+00
      15491    215.500     6.2231     6.2233     0.0002    1.24043    1.24035          1     0.0306     0.0311       6.37     0.0171  4.924e-11  1.000e-12  2.031e+00    11.3718    11.3710    -0.0008     8.9185     8.9178    213.379    217.796      0.459    1449.43    1449.43  0.000e+00
      15517    216.000     6.2235     6.2235     0.0000    1.24050    1.24039          1     0.0318     0.0284       5.83     0.0168  4.924e-11  1.000e-12  2.031e+00    11.3724    11.3712    -0.0012     8.9189     8.9180    213.874    218.301      0.467    1449.44    1449.44  0.000e+00
      15542    216.500     6.2247     6.2238    -0.0009    1.24088    1.24046          1     0.0319     0.0301       5.34     0.0169  4.924e-11  1.000e-12  2.031e+00    11.3756    11.3717    -0.0038     8.9214     8.9184    214.369    218.806      0.474    1449.46    1449.45  0.000e+00
      15567    217.000     6.2260     6.2250    -0.0010    1.24124    1.24077          1     0.0313     0.0307       4.81     0.0167  4.924e-11  1.000e-12  2.031e+00    11.3786    11.3744    -0.0043     8.9237     8.9204    214.864    219.311      0.502    1449.48    1449.47  0.000e+00
      15591    217.500     6.2263     6.2259    -0.0004    1.24131    1.24105          1     0.0314     0.0306       4.31     0.0166  4.924e-11  1.000e-12  2.031e+00    11.3791    11.3767    -0.0024     8.9240     8.9222    215.359    219.815      0.473    1449.49    1449.48  0.000e+00
      15618    218.000     6.2265     6.2264    -0.0001    1.24133    1.24119          1     0.0312     0.0321       3.75     0.0168  4.924e-11  1.000e-12  2.031e+00    11.3792    11.3778    -0.0014     8.9241     8.9230    215.853    220.320      0.443    1449.50    1449.49  0.000e+00
      15644    218.500     6.2267     6.2267     0.0000    1.24139    1.24127          1     0.0315     0.0283       3.26     0.0167  4.924e-11  1.000e-12  2.031e+00    11.3796    11.3784    -0.0012     8.9244     8.9234    216.348    220.825      0.457    1449.50    1449.50  0.000e+00
      15671    219.000     6.2269     6.2270     0.0001    1.24148    1.24134          1     0.0311     0.0288       2.70     0.0167  4.925e-11  1.000e-12  2.031e+00    11.3803    11.3789    -0.0014     8.9249     8.9238    216.843    221.330      0.450    1449.51    1449.51  0.000e+00
      15698    219.500     6.2284     6.2274    -0.0010    1.24186    1.24145          1     0.0311     0.0306       2.19     0.0170  3.656e+03  1.000e-12  1.957e+00    11.3835    11.3798    -0.0037     8.9274     8.9245    217.338    221.834      0.442    1449.53    1449.52  0.000e+00
      15725    220.000     6.2309     6.2292    -0.0017    1.24246    1.24188          1     0.0313     0.0317       1.69     0.0170  4.288e+01  1.000e-12  2.030e+00    11.3885    11.3834    -0.0051     8.9311     8.9272    217.833    222.339      0.414    1449.56    1449.54  0.000e+00
      15755    220.500     6.2318     6.2312    -0.0007    1.24267    1.24243          1     0.0319     0.0288       1.15     0.0169 -2.368e+00  1.000e-12  2.031e+00    11.3902    11.3880    -0.0022     8.9324     8.9307    218.328    222.844      0.212    1449.57    1449.57  0.000e+00
