ctdpy/exports/archive_20191121_122431/received_data/SBE09_0827_20181122_0807_26_01_1219.cnv
* Sea-Bird SBE 9 Data File:
* FileName = D:\CTD_SBE911\DAT\26DA.2018.12.19.hex
* Software Version Seasave V 7.21d
* Temperature SN = 4548
* Conductivity SN = 3062
* Number of Bytes Per Scan = 48
* Number of Voltage Words = 5
* Number of Scans Averaged by the Deck Unit = 1
* NMEA Latitude = 57 03.86 N
* NMEA Longitude = 018 50.48 E
* NMEA UTC (Time) = Nov 22 2018  08:07:55
* NMEA baud rate = 4800
** Ship: DANA
** Average sound velocity: 1441.57 m/s
** True-depth calculation Tue, 02 Apr 2019 12:12:47 +0000
** CTD Python Module SMHI /ver 3-12/ feb 2012 
** LIMS Job: 20182601-1219
** Operator: Ronny
** Cruise: 12/2018
# nquan = 26
# nvalues = 134                         
# units = specified
# name 0 = scan: Scan Count
# name 1 = prDM: Pressure, Digiquartz [db]
# name 2 = t090C: Temperature [ITS-90, deg C]
# name 3 = t190C: Temperature, 2 [ITS-90, deg C]
# name 4 = T2-T190C: Temperature Difference, 2 - 1 [ITS-90, deg C]
# name 5 = c0S/m: Conductivity [S/m]
# name 6 = c1S/m: Conductivity, 2 [S/m]
# name 7 = pumps: Pump Status
# name 8 = sbeox1ML/L: Oxygen, SBE 43, 2 [ml/l]
# name 9 = sbeox0ML/L: Oxygen, SBE 43 [ml/l]
# name 10 = altM: Altimeter [m]
# name 11 = chloroflTC0: Chlorophyll, Turner Cyclops [ug/l]
# name 12 = cpar: CPAR/Corrected Irradiance [%]
# name 13 = par: PAR/Irradiance, Biospherical/Lico [µE/(cm^2*s)]
# name 14 = spar: SPAR, Biospherical/Licor
# name 15 = sal00: Salinity, Practical [PSU]
# name 16 = sal11: Salinity, Practical, 2 [PSU]
# name 17 = secS-priS: Salinity, Practical, Difference, 2 - 1 [PSU]
# name 18 = sigma-t00: Density [sigma-t, kg/m^3 ]
# name 19 = sigma-t11: Density, 2 [sigma-t, kg/m^3 ]
# name 20 = depSM: Depth [salt water, m], lat = 57.0643
# name 21 = depFM: Depth [true depth, m], lat = 57.0643
# name 22 = dz/dtM: Descent Rate [m/s], WS = 2
# name 23 = svCM: Sound Velocity [Chen-Millero, m/s]
# name 24 = svCM1: Sound Velocity, 2 [Chen-Millero, m/s]
# name 25 = flag: flag
# span 0 =        405,       7169       
# span 1 =      1.000,     67.500       
# span 2 =     3.9862,     7.9148       
# span 3 =     4.0011,     7.9150       
# span 4 =    -0.1914,     0.5687       
# span 5 =   0.796355,   0.977416       
# span 6 =   0.797723,   0.965063       
# span 7 =          1,          1       
# span 8 =     1.5142,     7.5024       
# span 9 =     1.2280,     7.7237       
# span 10 =       1.21,       9.99      
# span 11 =     0.0159,     0.0282      
# span 12 = -6.680e-05, 8.0527e+00      
# span 13 = -5.969e-05, 7.1956e+00      
# span 14 = 8.9357e+01, 9.3419e+01      
# span 15 =     7.2180,     9.1813      
# span 16 =     7.2180,     9.0748      
# span 17 =    -0.3033,     0.0002      
# span 18 =     5.5331,     7.2666      
# span 19 =     5.5330,     7.1851      
# span 20 =      0.991,     66.869      
# span 21 =      1.013,     68.355      
# span 22 =      0.046,      0.299      
# span 23 =    1432.51,    1448.10      
# span 24 =    1432.57,    1448.11      
# span 25 = 0.0000e+00, 0.0000e+00      
# interval = decibars: 0.5              
# start_time = Nov 22 2018 08:07:55 [NMEA time, first data scan]
# bad_flag = -9.990e-29
*END*
        405      1.000     7.9145     7.9150     0.0004    0.84881    0.84881          1     7.5004     7.7221       9.99     0.0249  8.053e+00  7.196e+00  8.936e+01     7.2181     7.2180    -0.0000     5.5331     5.5330      0.991      1.013      0.219    1447.85    1447.86  0.000e+00
        449      1.500     7.9139     7.9145     0.0005    0.84882    0.84882          1     7.4842     7.7229       9.99     0.0260  6.846e+00  6.117e+00  8.936e+01     7.2183     7.2181    -0.0002     5.5333     5.5331      1.486      1.519      0.252    1447.86    1447.86  0.000e+00
        498      2.000     7.9141     7.9144     0.0002    0.84885    0.84884          1     7.4840     7.7187       9.99     0.0257  5.758e+00  5.145e+00  8.936e+01     7.2184     7.2182    -0.0001     5.5334     5.5333      1.982      2.026      0.261    1447.87    1447.87  0.000e+00
        546      2.500     7.9139     7.9144     0.0005    0.84884    0.84885          1     7.4977     7.7226       9.99     0.0257  4.976e+00  4.446e+00  8.936e+01     7.2183     7.2182    -0.0000     5.5333     5.5332      2.477      2.532      0.235    1447.87    1447.88  0.000e+00
        593      3.000     7.9134     7.9142     0.0008    0.84885    0.84885          1     7.4985     7.7221       9.99     0.0254  4.324e+00  3.864e+00  8.936e+01     7.2184     7.2183    -0.0001     5.5335     5.5333      2.972      3.039      0.255    1447.88    1447.88  0.000e+00
        643      3.500     7.9133     7.9139     0.0006    0.84885    0.84885          1     7.4834     7.7232       9.99     0.0273  3.670e+00  3.279e+00  8.936e+01     7.2184     7.2183    -0.0001     5.5335     5.5334      3.468      3.545      0.257    1447.89    1447.89  0.000e+00
        687      4.000     7.9135     7.9136     0.0002    0.84886    0.84886          1     7.4898     7.7162       9.99     0.0262  3.123e+00  2.790e+00  8.936e+01     7.2184     7.2183    -0.0000     5.5334     5.5334      3.963      4.052      0.267    1447.90    1447.90  0.000e+00
        733      4.500     7.9148     7.9139    -0.0010    0.84886    0.84886          1     7.4860     7.7164       9.98     0.0263  2.720e+00  2.430e+00  8.936e+01     7.2181     7.2183     0.0002     5.5331     5.5333      4.459      4.558      0.259    1447.91    1447.91  0.000e+00
        778      5.000     7.9131     7.9148     0.0017    0.84882    0.84887          1     7.4874     7.7197       9.98     0.0258  2.379e+00  2.126e+00  8.936e+01     7.2180     7.2181     0.0001     5.5332     5.5331      4.954      5.065      0.281    1447.91    1447.92  0.000e+00
        823      5.500     7.9136     7.9138     0.0002    0.84888    0.84885          1     7.4960     7.7215       9.98     0.0257  2.071e+00  1.851e+00  8.936e+01     7.2184     7.2181    -0.0003     5.5334     5.5332      5.449      5.571      0.247    1447.92    1447.92  0.000e+00
        872      6.000     7.9139     7.9135    -0.0004    0.84891    0.84888          1     7.4972     7.7192       9.98     0.0249  1.791e+00  1.600e+00  8.936e+01     7.2185     7.2183    -0.0002     5.5335     5.5334      5.945      6.078      0.257    1447.93    1447.93  0.000e+00
        917      6.500     7.9129     7.9134     0.0006    0.84890    0.84889          1     7.4936     7.7170       9.98     0.0248  1.566e+00  1.399e+00  8.936e+01     7.2186     7.2184    -0.0002     5.5336     5.5334      6.440      6.584      0.262    1447.94    1447.94  0.000e+00
        963      7.000     7.9135     7.9136     0.0001    0.84892    0.84891          1     7.4966     7.7213       9.98     0.0256  1.358e+00  1.214e+00  8.936e+01     7.2186     7.2184    -0.0001     5.5336     5.5335      6.936      7.091      0.267    1447.95    1447.95  0.000e+00
       1008      7.500     7.9137     7.9139     0.0003    0.84892    0.84892          1     7.4916     7.7227       9.98     0.0255  1.168e+00  1.043e+00  8.936e+01     7.2185     7.2185    -0.0000     5.5335     5.5335      7.431      7.597      0.266    1447.95    1447.96  0.000e+00
       1054      8.000     7.9135     7.9144     0.0009    0.84893    0.84894          1     7.5016     7.7161       9.97     0.0259  1.015e+00  9.073e-01  8.936e+01     7.2185     7.2184    -0.0001     5.5335     5.5334      7.926      8.103      0.251    1447.96    1447.97  0.000e+00
       1104      8.500     7.9118     7.9138     0.0020    0.84890    0.84893          1     7.4945     7.7229       9.97     0.0263  8.754e-01  7.822e-01  8.936e+01     7.2186     7.2185    -0.0001     5.5337     5.5335      8.422      8.610      0.242    1447.96    1447.97  0.000e+00
       1151      9.000     7.9115     7.9126     0.0011    0.84890    0.84892          1     7.5021     7.7195       9.97     0.0249  7.485e-01  6.688e-01  8.936e+01     7.2186     7.2186    -0.0000     5.5338     5.5337      8.917      9.116      0.262    1447.97    1447.97  0.000e+00
       1198      9.500     7.9134     7.9128    -0.0005    0.84894    0.84893          1     7.5015     7.7177       9.97     0.0251  6.415e-01  5.733e-01  8.936e+01     7.2185     7.2185     0.0000     5.5335     5.5336      9.412      9.623      0.246    1447.98    1447.98  0.000e+00
       1246     10.000     7.9134     7.9136     0.0003    0.84894    0.84894          1     7.4956     7.7162       9.97     0.0267  5.451e-01  4.871e-01  8.936e+01     7.2185     7.2184    -0.0001     5.5335     5.5335      9.908     10.129      0.258    1447.99    1447.99  0.000e+00
       1291     10.500     7.9120     7.9135     0.0014    0.84893    0.84895          1     7.5024     7.7153       9.97     0.0250  4.570e-01  4.084e-01  8.936e+01     7.2186     7.2184    -0.0002     5.5337     5.5335     10.403     10.636      0.275    1448.00    1448.00  0.000e+00
       1336     11.000     7.9113     7.9129     0.0016    0.84892    0.84894          1     7.4917     7.7187       9.97     0.0248  3.822e-01  3.415e-01  8.936e+01     7.2186     7.2185    -0.0001     5.5338     5.5335     10.899     11.142      0.248    1448.00    1448.01  0.000e+00
       1387     11.500     7.9063     7.9112     0.0049    0.84884    0.84893          1     7.4805     7.7176       9.97     0.0249  3.150e-01  2.814e-01  8.936e+01     7.2188     7.2186    -0.0002     5.5343     5.5338     11.394     11.649      0.236    1447.99    1448.01  0.000e+00
       1436     12.000     7.9060     7.9087     0.0027    0.84885    0.84889          1     7.4922     7.7156       9.97     0.0262  2.558e-01  2.286e-01  8.936e+01     7.2189     7.2187    -0.0002     5.5344     5.5340     11.889     12.155      0.251    1448.00    1448.01  0.000e+00
       1483     12.500     7.9087     7.9077    -0.0010    0.84890    0.84888          1     7.4853     7.7115       9.96     0.0258  2.040e-01  1.822e-01  8.936e+01     7.2188     7.2187    -0.0001     5.5341     5.5342     12.385     12.662      0.262    1448.01    1448.01  0.000e+00
       1528     13.000     7.9070     7.9077     0.0008    0.84888    0.84889          1     7.4873     7.7188       9.96     0.0261  1.565e-01  1.399e-01  8.936e+01     7.2189     7.2188    -0.0001     5.5343     5.5342     12.880     13.168      0.270    1448.02    1448.02  0.000e+00
       1573     13.500     7.9080     7.9083     0.0002    0.84890    0.84890          1     7.5010     7.7157       9.96     0.0265  1.136e-01  1.015e-01  8.936e+01     7.2188     7.2187    -0.0000     5.5342     5.5341     13.376     13.675      0.261    1448.03    1448.03  0.000e+00
       1618     14.000     7.9081     7.9082     0.0001    0.84891    0.84891          1     7.4857     7.7221       9.96     0.0259  7.609e-02  6.799e-02  8.936e+01     7.2188     7.2187    -0.0001     5.5342     5.5341     13.871     14.181      0.275    1448.04    1448.04  0.000e+00
       1663     14.500     7.9094     7.9087    -0.0007    0.84893    0.84892          1     7.4719     7.7215       9.96     0.0265  4.185e-02  3.740e-02  8.936e+01     7.2186     7.2187     0.0001     5.5339     5.5341     14.366     14.688      0.258    1448.05    1448.05  0.000e+00
       1709     15.000     7.9093     7.9093    -0.0001    0.84893    0.84893          1     7.4930     7.7199       9.96     0.0263  1.314e-02  1.174e-02  8.936e+01     7.2187     7.2186    -0.0000     5.5340     5.5340     14.862     15.194      0.256    1448.06    1448.06  0.000e+00
       1756     15.500     7.9086     7.9093     0.0007    0.84893    0.84894          1     7.4963     7.7128       9.96     0.0250 -6.680e-05 -5.969e-05  8.936e+01     7.2187     7.2186    -0.0001     5.5341     5.5340     15.357     15.700      0.267    1448.06    1448.06  0.000e+00
       1801     16.000     7.9042     7.9081     0.0039    0.84890    0.84893          1     7.4962     7.7068       9.96     0.0254 -5.660e-10 -5.058e-10  8.936e+01     7.2193     7.2188    -0.0005     5.5349     5.5342     15.852     16.207      0.262    1448.05    1448.07  0.000e+00
       1846     16.500     7.9004     7.9057     0.0053    0.84883    0.84891          1     7.4920     7.7154       9.96     0.0282  1.119e-12  1.000e-12  8.936e+01     7.2194     7.2190    -0.0003     5.5353     5.5346     16.348     16.713      0.277    1448.05    1448.07  0.000e+00
       1888     17.000     7.8972     7.9016     0.0044    0.84876    0.84884          1     7.4931     7.7194       9.96     0.0260  1.119e-12  1.000e-12  8.936e+01     7.2194     7.2192    -0.0002     5.5355     5.5350     16.843     17.220      0.280    1448.04    1448.06  0.000e+00
       1934     17.500     7.8933     7.8982     0.0050    0.84867    0.84878          1     7.4922     7.7184       9.96     0.0260  1.119e-12  1.000e-12  8.936e+01     7.2192     7.2192    -0.0000     5.5357     5.5353     17.338     17.726      0.258    1448.03    1448.05  0.000e+00
       1978     18.000     7.8904     7.8961     0.0058    0.84864    0.84874          1     7.4879     7.7150       9.96     0.0245  1.119e-12  1.000e-12  8.936e+01     7.2195     7.2193    -0.0002     5.5361     5.5355     17.834     18.233      0.273    1448.03    1448.05  0.000e+00
       2024     18.500     7.8901     7.8933     0.0032    0.84864    0.84870          1     7.4743     7.7099       9.96     0.0252  1.119e-12  1.000e-12  8.936e+01     7.2195     7.2194    -0.0002     5.5362     5.5358     18.329     18.739      0.255    1448.04    1448.05  0.000e+00
       2070     19.000     7.8907     7.8921     0.0015    0.84867    0.84868          1     7.4801     7.7144       9.96     0.0273  1.119e-12  1.000e-12  8.936e+01     7.2196     7.2194    -0.0001     5.5362     5.5360     18.825     19.246      0.271    1448.05    1448.05  0.000e+00
       2114     19.500     7.8895     7.8917     0.0022    0.84866    0.84868          1     7.4934     7.7196       9.96     0.0257  1.119e-12  1.000e-12  8.936e+01     7.2197     7.2195    -0.0002     5.5363     5.5360     19.320     19.752      0.270    1448.05    1448.06  0.000e+00
       2158     20.000     7.8902     7.8908     0.0006    0.84868    0.84868          1     7.4895     7.7237       9.96     0.0270  1.119e-12  1.000e-12  8.936e+01     7.2197     7.2195    -0.0001     5.5363     5.5362     19.815     20.259      0.276    1448.06    1448.06  0.000e+00
       2201     20.500     7.8891     7.8897     0.0006    0.84866    0.84867          1     7.4835     7.7205       9.96     0.0272  1.119e-12  1.000e-12  8.936e+01     7.2197     7.2196    -0.0000     5.5364     5.5363     20.311     20.765      0.278    1448.06    1448.06  0.000e+00
       2245     21.000     7.8874     7.8900     0.0026    0.84864    0.84868          1     7.4894     7.7158       9.96     0.0255  1.119e-12  1.000e-12  8.940e+01     7.2197     7.2196    -0.0001     5.5366     5.5363     20.806     21.272      0.266    1448.06    1448.07  0.000e+00
       2291     21.500     7.8842     7.8880     0.0038    0.84858    0.84865          1     7.4737     7.7164       9.96     0.0251  1.118e-12  1.000e-12  8.940e+01     7.2198     7.2197    -0.0001     5.5369     5.5365     21.301     21.778      0.257    1448.06    1448.07  0.000e+00
       2338     22.000     7.8804     7.8870     0.0066    0.84851    0.84863          1     7.4892     7.7143       9.96     0.0260  1.116e-12  1.000e-12  8.958e+01     7.2199     7.2197    -0.0002     5.5372     5.5365     21.797     22.284      0.263    1448.05    1448.08  0.000e+00
       2381     22.500     7.8756     7.8815     0.0059    0.84842    0.84854          1     7.4919     7.7135       9.96     0.0252  1.116e-12  1.000e-12  8.959e+01     7.2200     7.2199    -0.0001     5.5377     5.5372     22.292     22.791      0.278    1448.04    1448.06  0.000e+00
       2426     23.000     7.8730     7.8780     0.0050    0.84838    0.84847          1     7.4940     7.7214       9.96     0.0248  1.112e-12  1.000e-12  8.998e+01     7.2202     7.2200    -0.0002     5.5381     5.5375     22.787     23.297      0.266    1448.04    1448.06  0.000e+00
       2470     23.500     7.8720     7.8758     0.0038    0.84837    0.84844          1     7.4948     7.7131       9.96     0.0249  1.106e-12  1.000e-12  9.042e+01     7.2202     7.2201    -0.0002     5.5382     5.5377     23.283     23.804      0.281    1448.04    1448.06  0.000e+00
       2513     24.000     7.8673     7.8725     0.0052    0.84829    0.84838          1     7.4832     7.7114       9.96     0.0244  1.104e-12  1.000e-12  9.055e+01     7.2204     7.2202    -0.0002     5.5386     5.5381     23.778     24.310      0.268    1448.03    1448.05  0.000e+00
       2558     24.500     7.8645     7.8699     0.0054    0.84825    0.84834          1     7.4819     7.7175       9.96     0.0248  1.101e-12  1.000e-12  9.084e+01     7.2205     7.2203    -0.0002     5.5390     5.5384     24.273     24.817      0.268    1448.03    1448.05  0.000e+00
       2603     25.000     7.8649     7.8675     0.0026    0.84827    0.84831          1     7.4827     7.7174       9.96     0.0241  1.102e-12  1.000e-12  9.075e+01     7.2206     7.2204    -0.0002     5.5390     5.5387     24.769     25.323      0.259    1448.04    1448.05  0.000e+00
       2650     25.500     7.8642     7.8669     0.0028    0.84827    0.84831          1     7.4880     7.7176       9.96     0.0247  1.098e-12  1.000e-12  9.107e+01     7.2206     7.2205    -0.0002     5.5391     5.5388     25.264     25.830      0.265    1448.04    1448.05  0.000e+00
       2694     26.000     7.8606     7.8647     0.0041    0.84821    0.84828          1     7.4885     7.7115       9.96     0.0249  1.097e-12  1.000e-12  9.120e+01     7.2208     7.2206    -0.0002     5.5395     5.5390     25.759     26.336      0.273    1448.04    1448.05  0.000e+00
       2738     26.500     7.8595     7.8610     0.0015    0.84821    0.84823          1     7.5015     7.7184       9.96     0.0263  1.094e-12  1.000e-12  9.139e+01     7.2209     7.2208    -0.0001     5.5397     5.5395     26.255     26.843      0.279    1448.04    1448.04  0.000e+00
       2781     27.000     7.8561     7.8605     0.0043    0.84816    0.84822          1     7.4875     7.7116       9.96     0.0269  1.094e-12  1.000e-12  9.139e+01     7.2211     7.2208    -0.0003     5.5401     5.5395     26.750     27.349      0.272    1448.03    1448.05  0.000e+00
       2826     27.500     7.8554     7.8579     0.0025    0.84815    0.84819          1     7.4811     7.7074       9.96     0.0278  1.094e-12  1.000e-12  9.139e+01     7.2211     7.2210    -0.0001     5.5402     5.5399     27.245     27.856      0.268    1448.04    1448.05  0.000e+00
       2871     28.000     7.8552     7.8570     0.0019    0.84816    0.84818          1     7.4810     7.7134       9.96     0.0263  1.095e-12  1.000e-12  9.134e+01     7.2212     7.2210    -0.0002     5.5403     5.5400     27.741     28.362      0.268    1448.05    1448.05  0.000e+00
