ctdpy/exports/archive_20191121_122431/received_data/SBE09_0827_20181011_1330_26_01_1070.cnv
* Sea-Bird SBE 9 Data File:
* FileName = D:\CTD_SBE911\DAT\26DA.2018.10.70.hex
* Software Version Seasave V 7.21d
* Temperature SN = 4548
* Conductivity SN = 3062
* Number of Bytes Per Scan = 48
* Number of Voltage Words = 5
* Number of Scans Averaged by the Deck Unit = 1
* NMEA Latitude = 56 43.61 N
* NMEA Longitude = 018 57.64 E
* NMEA UTC (Time) = Oct 11 2018  13:33:00
* NMEA baud rate = 4800
** Ship: DANA
** Average sound velocity: 1446.46 m/s
** True-depth calculation Thu, 28 Mar 2019 12:25:43 +0000
** CTD Python Module SMHI /ver 3-12/ feb 2012 
** LIMS Job: 20182601-1070
** Operator: Christian
** Cruise: 10/2018
# nquan = 26
# nvalues = 239                         
# units = specified
# name 0 = scan: Scan Count
# name 1 = prDM: Pressure, Digiquartz [db]
# name 2 = t090C: Temperature [ITS-90, deg C]
# name 3 = t190C: Temperature, 2 [ITS-90, deg C]
# name 4 = T2-T190C: Temperature Difference, 2 - 1 [ITS-90, deg C]
# name 5 = c0S/m: Conductivity [S/m]
# name 6 = c1S/m: Conductivity, 2 [S/m]
# name 7 = pumps: Pump Status
# name 8 = sbeox1ML/L: Oxygen, SBE 43, 2 [ml/l]
# name 9 = sbeox0ML/L: Oxygen, SBE 43 [ml/l]
# name 10 = altM: Altimeter [m]
# name 11 = chloroflTC0: Chlorophyll, Turner Cyclops [ug/l]
# name 12 = cpar: CPAR/Corrected Irradiance [%]
# name 13 = par: PAR/Irradiance, Biospherical/Lico [µE/(cm^2*s)]
# name 14 = spar: SPAR, Biospherical/Licor
# name 15 = sal00: Salinity, Practical [PSU]
# name 16 = sal11: Salinity, Practical, 2 [PSU]
# name 17 = secS-priS: Salinity, Practical, Difference, 2 - 1 [PSU]
# name 18 = sigma-t00: Density [sigma-t, kg/m^3 ]
# name 19 = sigma-t11: Density, 2 [sigma-t, kg/m^3 ]
# name 20 = depSM: Depth [salt water, m], lat = 56.7268
# name 21 = depFM: Depth [true depth, m], lat = 56.7268
# name 22 = dz/dtM: Descent Rate [m/s], WS = 2
# name 23 = svCM: Sound Velocity [Chen-Millero, m/s]
# name 24 = svCM1: Sound Velocity, 2 [Chen-Millero, m/s]
# name 25 = flag: flag
# span 0 =        210,      12751       
# span 1 =      1.500,    120.500       
# span 2 =     3.9758,    10.4366       
# span 3 =     3.9654,    10.4466       
# span 4 =    -0.4367,     0.1696       
# span 5 =   0.789001,   1.257982       
# span 6 =   0.788693,   1.257864       
# span 7 =          1,          1       
# span 8 =     0.0382,     7.5603       
# span 9 =     0.0400,     7.0783       
# span 10 =       1.43,      10.42      
# span 11 =     0.0159,     0.0398      
# span 12 = -1.411e-05, 9.5565e-01      
# span 13 = -1.891e-04, 1.2752e+01      
# span 14 = 1.2939e+03, 1.3427e+03      
# span 15 =     7.2049,    11.4792      
# span 16 =     7.2046,    11.4780      
# span 17 =    -0.0015,     0.1997      
# span 18 =     5.2801,     8.9854      
# span 19 =     5.2794,     8.9844      
# span 20 =      1.486,    119.361      
# span 21 =      1.520,    121.899      
# span 22 =     -0.373,      0.477      
# span 23 =    1432.37,    1457.99      
# span 24 =    1432.31,    1458.00      
# span 25 = 0.0000e+00, 0.0000e+00      
# interval = decibars: 0.5              
# start_time = Oct 11 2018 13:33:00 [NMEA time, first data scan]
# bad_flag = -9.990e-29
*END*
        210      1.500    10.4213    10.4466     0.0253    0.90457    0.90509          1     7.5328     7.0783      10.42     0.0398  9.556e-01  1.275e+01  1.334e+03     7.2062     7.2057    -0.0006     5.2829     5.2796      1.486      1.520      0.179    1457.81    1457.90  0.000e+00
        274      2.000    10.4047    10.4103     0.0056    0.90424    0.90434          1     7.5224     7.0604       9.06     0.0357  7.847e-01  1.049e+01  1.338e+03     7.2066     7.2064    -0.0002     5.2851     5.2843      1.982      2.026      0.222    1457.75    1457.77  0.000e+00
        327      2.500    10.4059    10.4131     0.0073    0.90430    0.90440          1     7.5369     7.0451       9.99     0.0356  6.621e-01  8.889e+00  1.343e+03     7.2069     7.2064    -0.0006     5.2852     5.2839      2.477      2.533      0.231    1457.77    1457.79  0.000e+00
        374      3.000    10.4274    10.4365     0.0091    0.90472    0.90484          1     7.5353     7.0689       9.99     0.0354  5.469e-01  7.339e+00  1.342e+03     7.2062     7.2055    -0.0007     5.2822     5.2806      2.973      3.040      0.271    1457.86    1457.89  0.000e+00
        421      3.500    10.4315    10.4348     0.0033    0.90480    0.90485          1     7.5459     7.0699       9.99     0.0350  4.638e-01  6.217e+00  1.340e+03     7.2060     7.2058    -0.0002     5.2816     5.2810      3.468      3.546      0.262    1457.88    1457.89  0.000e+00
        463      4.000    10.4255    10.4195    -0.0060    0.90469    0.90457          1     7.5418     7.0658       8.79     0.0343  3.866e-01  5.175e+00  1.338e+03     7.2062     7.2064     0.0002     5.2824     5.2832      3.963      4.053      0.291    1457.86    1457.84  0.000e+00
        511      4.500    10.4142    10.4138    -0.0004    0.90448    0.90448          1     7.5301     7.0611       9.98     0.0348  3.331e-01  4.447e+00  1.335e+03     7.2066     7.2067     0.0001     5.2840     5.2841      4.459      4.559      0.224    1457.83    1457.83  0.000e+00
        562      5.000    10.4110    10.4089    -0.0021    0.90445    0.90441          1     7.5316     7.0589       9.99     0.0355  2.843e-01  3.801e+00  1.337e+03     7.2069     7.2070     0.0001     5.2846     5.2849      4.954      5.066      0.261    1457.83    1457.82  0.000e+00
        611      5.500    10.4086    10.4029    -0.0057    0.90442    0.90432          1     7.5353     7.0538       9.99     0.0358  2.375e-01  3.180e+00  1.339e+03     7.2070     7.2074     0.0003     5.2850     5.2858      5.450      5.573      0.220    1457.82    1457.80  0.000e+00
        665      6.000    10.4034    10.4020    -0.0014    0.90431    0.90429          1     7.5306     7.0544       8.98     0.0362  2.026e-01  2.720e+00  1.343e+03     7.2071     7.2072     0.0001     5.2856     5.2858      5.945      6.079      0.238    1457.81    1457.81  0.000e+00
        711      6.500    10.4030    10.4236     0.0206    0.90431    0.90461          1     7.5332     7.0489       9.99     0.0353  1.708e-01  2.290e+00  1.341e+03     7.2071     7.2056    -0.0015     5.2857     5.2822      6.440      6.586      0.279    1457.82    1457.90  0.000e+00
        755      7.000    10.4173    10.4078    -0.0094    0.90453    0.90438          1     7.5381     7.0564       9.99     0.0358  1.453e-01  1.943e+00  1.337e+03     7.2061     7.2067     0.0006     5.2833     5.2848      6.936      7.092      0.261    1457.88    1457.85  0.000e+00
        802      7.500    10.4107    10.4045    -0.0062    0.90443    0.90433          1     7.5305     7.0502       9.98     0.0356  1.236e-01  1.648e+00  1.334e+03     7.2065     7.2069     0.0004     5.2843     5.2853      7.431      7.599      0.252    1457.86    1457.84  0.000e+00
        853      8.000    10.4146    10.4247     0.0101    0.90449    0.90463          1     7.5387     7.0658       9.98     0.0364  1.042e-01  1.391e+00  1.335e+03     7.2062     7.2055    -0.0008     5.2836     5.2819      7.927      8.105      0.222    1457.89    1457.92  0.000e+00
        907      8.500    10.4255    10.4297     0.0043    0.90466    0.90472          1     7.5399     7.0748       9.98     0.0362  8.832e-02  1.182e+00  1.338e+03     7.2054     7.2052    -0.0003     5.2818     5.2811      8.422      8.612      0.234    1457.94    1457.95  0.000e+00
        957      9.000    10.4319    10.4408     0.0089    0.90478    0.90491          1     7.5484     7.0698       9.98     0.0359  7.361e-02  9.870e-01  1.341e+03     7.2052     7.2046    -0.0006     5.2809     5.2794      8.917      9.119      0.229    1457.97    1458.00  0.000e+00
       1009      9.500    10.4366    10.4285    -0.0081    0.90485    0.90471          1     7.5603     7.0748       8.89     0.0349  6.262e-02  8.397e-01  1.341e+03     7.2049     7.2052     0.0004     5.2801     5.2813      9.413      9.625      0.253    1457.99    1457.96  0.000e+00
       1052     10.000    10.4159    10.4006    -0.0153    0.90449    0.90425          1     7.5398     7.0590       9.98     0.0349  5.343e-02  7.133e-01  1.335e+03     7.2057     7.2067     0.0009     5.2831     5.2856      9.908     10.132      0.294    1457.92    1457.87  0.000e+00
       1096     10.500    10.3957    10.3804    -0.0153    0.90415    0.90391          1     7.5122     7.0467       9.98     0.0356  4.377e-02  5.836e-01  1.333e+03     7.2068     7.2078     0.0010     5.2862     5.2887     10.404     10.638      0.243    1457.86    1457.80  0.000e+00
       1149     11.000    10.3681    10.3576    -0.0105    0.90372    0.90358          1     7.4989     7.0386       9.97     0.0344  3.633e-02  4.844e-01  1.334e+03     7.2084     7.2093     0.0009     5.2905     5.2924     10.899     11.145      0.230    1457.76    1457.72  0.000e+00
       1200     11.500    10.3593    10.3485    -0.0108    0.90361    0.90348          1     7.5016     7.0280       9.97     0.0336  2.974e-02  3.978e-01  1.338e+03     7.2092     7.2102     0.0010     5.2921     5.2941     11.394     11.652      0.234    1457.73    1457.69  0.000e+00
       1253     12.000    10.3533    10.3479    -0.0054    0.90356    0.90351          1     7.4998     7.0211       9.97     0.0345  2.385e-02  3.196e-01  1.341e+03     7.2099     7.2106     0.0007     5.2933     5.2945     11.890     12.158      0.227    1457.72    1457.70  0.000e+00
       1303     12.500    10.3425    10.3307    -0.0118    0.90348    0.90343          1     7.4822     7.0083       9.97     0.0353  1.924e-02  2.580e-01  1.341e+03     7.2113     7.2132     0.0019     5.2956     5.2984     12.385     12.665      0.250    1457.69    1457.64  0.000e+00
       1349     13.000    10.3172    10.3019    -0.0154    0.90334    0.90329          1     7.4407     6.9700       9.97     0.0337  1.523e-02  2.038e-01  1.338e+03     7.2151     7.2177     0.0026     5.3014     5.3051     12.880     13.171      0.280    1457.60    1457.55  0.000e+00
       1391     13.500    10.2974    10.2842    -0.0132    0.90337    0.90341          1     7.4029     6.9414       9.97     0.0317  1.145e-02  1.529e-01  1.335e+03     7.2191     7.2221     0.0029     5.3067     5.3105     13.376     13.678      0.273    1457.54    1457.49  0.000e+00
       1438     14.000    10.2853    10.2789    -0.0064    0.90345    0.90350          1     7.3855     6.9242       9.97     0.0306  8.175e-03  1.089e-01  1.332e+03     7.2222     7.2238     0.0017     5.3104     5.3124     13.871     14.185      0.243    1457.50    1457.48  0.000e+00
       1489     14.500    10.2810    10.2794    -0.0017    0.90354    0.90364          1     7.3662     6.9134       9.97     0.0299  5.363e-03  7.150e-02  1.333e+03     7.2238     7.2250     0.0012     5.3122     5.3133     14.367     14.691      0.236    1457.50    1457.49  0.000e+00
       1538     15.000    10.2808    10.2809     0.0000    0.90368    0.90377          1     7.3724     6.9134       9.97     0.0296  2.958e-03  3.957e-02  1.338e+03     7.2250     7.2257     0.0007     5.3131     5.3137     14.862     15.198      0.251    1457.51    1457.51  0.000e+00
       1586     15.500    10.2822    10.2831     0.0009    0.90384    0.90396          1     7.3639     6.9032       8.94     0.0289  8.249e-04  1.106e-02  1.341e+03     7.2260     7.2268     0.0008     5.3138     5.3143     15.357     15.704      0.249    1457.52    1457.53  0.000e+00
       1633     16.000    10.2833    10.2839     0.0006    0.90397    0.90404          1     7.3599     6.8914       8.88     0.0283 -1.411e-05 -1.891e-04  1.338e+03     7.2268     7.2273     0.0005     5.3143     5.3146     15.853     16.211      0.269    1457.53    1457.54  0.000e+00
       1676     16.500    10.2830    10.2822    -0.0007    0.90401    0.90402          1     7.3586     6.8843       8.84     0.0281  2.044e-11  2.740e-10  1.334e+03     7.2272     7.2274     0.0002     5.3146     5.3148     16.348     16.717      0.275    1457.54    1457.54  0.000e+00
       1722     17.000    10.2816    10.2812    -0.0004    0.90402    0.90404          1     7.3524     6.8921       9.98     0.0285  7.504e-14  1.000e-12  1.333e+03     7.2275     7.2278     0.0003     5.3150     5.3152     16.844     17.224      0.253    1457.54    1457.54  0.000e+00
       1768     17.500    10.2811    10.2809    -0.0002    0.90405    0.90407          1     7.3441     6.8865       8.87     0.0276  7.505e-14  1.000e-12  1.332e+03     7.2278     7.2280     0.0002     5.3153     5.3154     17.339     17.731      0.265    1457.55    1457.55  0.000e+00
       1817     18.000    10.2807    10.2804    -0.0003    0.90409    0.90411          1     7.3583     6.8936       9.95     0.0282  7.489e-14  1.000e-12  1.335e+03     7.2281     7.2284     0.0002     5.3156     5.3158     17.834     18.237      0.226    1457.56    1457.56  0.000e+00
       1869     18.500    10.2798    10.2791    -0.0007    0.90409    0.90408          1     7.3501     6.8837       6.92     0.0280  7.475e-14  1.000e-12  1.338e+03     7.2283     7.2284     0.0000     5.3158     5.3159     18.330     18.744      0.251    1457.56    1457.56  0.000e+00
       1913     19.000    10.2786    10.2783    -0.0003    0.90408    0.90409          1     7.3491     6.8827       9.93     0.0280  7.472e-14  1.000e-12  1.338e+03     7.2284     7.2285     0.0002     5.3160     5.3161     18.825     19.250      0.282    1457.57    1457.56  0.000e+00
       1958     19.500    10.2781    10.2780    -0.0001    0.90411    0.90412          1     7.3450     6.8677       9.97     0.0274  7.485e-14  1.000e-12  1.336e+03     7.2287     7.2288     0.0002     5.3163     5.3164     19.320     19.757      0.257    1457.57    1457.57  0.000e+00
       2004     20.000    10.2780    10.2784     0.0004    0.90414    0.90417          1     7.3422     6.8822       9.67     0.0269  7.515e-14  1.000e-12  1.331e+03     7.2289     7.2291     0.0002     5.3165     5.3165     19.816     20.263      0.266    1457.58    1457.58  0.000e+00
       2048     20.500    10.2781    10.2784     0.0004    0.90417    0.90419          1     7.3374     6.8763       9.16     0.0260  7.509e-14  1.000e-12  1.332e+03     7.2291     7.2292     0.0001     5.3166     5.3166     20.311     20.770      0.271    1457.59    1457.59  0.000e+00
       2095     21.000    10.2782    10.2783     0.0001    0.90419    0.90419          1     7.3352     6.8780       9.96     0.0268  7.505e-14  1.000e-12  1.332e+03     7.2292     7.2292     0.0000     5.3167     5.3167     20.807     21.277      0.244    1457.60    1457.60  0.000e+00
       2146     21.500    10.2778    10.2780     0.0002    0.90419    0.90420          1     7.3316     6.8745       9.07     0.0267  7.497e-14  1.000e-12  1.334e+03     7.2293     7.2293    -0.0000     5.3168     5.3167     21.302     21.783      0.229    1457.60    1457.60  0.000e+00
       2195     22.000    10.2776    10.2778     0.0002    0.90420    0.90420          1     7.3333     6.8752       9.98     0.0263  7.475e-14  1.000e-12  1.338e+03     7.2293     7.2293     0.0000     5.3168     5.3168     21.797     22.290      0.265    1457.61    1457.61  0.000e+00
       2240     22.500    10.2772    10.2776     0.0004    0.90420    0.90420          1     7.3327     6.8765       9.97     0.0259  7.486e-14  1.000e-12  1.336e+03     7.2293     7.2292    -0.0001     5.3168     5.3168     22.293     22.796      0.269    1457.62    1457.62  0.000e+00
       2284     23.000    10.2769    10.2773     0.0003    0.90419    0.90420          1     7.3313     6.8765       9.97     0.0261  7.506e-14  1.000e-12  1.332e+03     7.2293     7.2293    -0.0000     5.3169     5.3168     22.788     23.303      0.281    1457.63    1457.63  0.000e+00
       2328     23.500    10.2768    10.2769     0.0001    0.90420    0.90420          1     7.3344     6.8708       9.97     0.0261  7.518e-14  1.000e-12  1.330e+03     7.2293     7.2292    -0.0000     5.3169     5.3168     23.283     23.809      0.256    1457.63    1457.63  0.000e+00
       2376     24.000    10.2767    10.2765    -0.0002    0.90421    0.90420          1     7.3313     6.8686       9.97     0.0258  7.514e-14  1.000e-12  1.331e+03     7.2293     7.2293    -0.0000     5.3169     5.3170     23.779     24.316      0.249    1457.64    1457.64  0.000e+00
       2424     24.500    10.2758    10.2750    -0.0008    0.90419    0.90417          1     7.3195     6.8672       9.97     0.0255  7.502e-14  1.000e-12  1.333e+03     7.2293     7.2293    -0.0000     5.3170     5.3171     24.274     24.823      0.248    1457.64    1457.64  0.000e+00
       2474     25.000    10.2718    10.2698    -0.0020    0.90411    0.90406          1     7.3180     6.8594       9.97     0.0252  7.494e-14  1.000e-12  1.334e+03     7.2293     7.2293     0.0000     5.3175     5.3177     24.769     25.329      0.237    1457.64    1457.63  0.000e+00
       2523     25.500    10.2666    10.2650    -0.0016    0.90399    0.90396          1     7.3020     6.8458       9.97     0.0250  7.486e-14  1.000e-12  1.336e+03     7.2293     7.2293     0.0000     5.3180     5.3182     25.265     25.836      0.263    1457.63    1457.62  0.000e+00
       2566     26.000    10.2609    10.2576    -0.0032    0.90386    0.90380          1     7.3019     6.8402       9.97     0.0247  7.496e-14  1.000e-12  1.334e+03     7.2293     7.2293     0.0001     5.3186     5.3190     25.760     26.342      0.281    1457.61    1457.60  0.000e+00
       2609     26.500    10.2507    10.2416    -0.0091    0.90364    0.90346          1     7.2962     6.8310       9.97     0.0253  7.506e-14  1.000e-12  1.332e+03     7.2293     7.2296     0.0003     5.3198     5.3210     26.256     26.849      0.271    1457.58    1457.54  0.000e+00
       2654     27.000    10.2381    10.2312    -0.0069    0.90338    0.90325          1     7.2892     6.8201       9.97     0.0240  7.515e-14  1.000e-12  1.331e+03     7.2295     7.2298     0.0003     5.3213     5.3223     26.751     27.356      0.263    1457.54    1457.51  0.000e+00
       2702     27.500    10.2272    10.2216    -0.0056    0.90316    0.90307          1     7.2765     6.8293       9.97     0.0243  7.508e-14  1.000e-12  1.332e+03     7.2298     7.2300     0.0003     5.3227     5.3236     27.246     27.862      0.239    1457.51    1457.48  0.000e+00
       2753     28.000    10.2160    10.2108    -0.0052    0.90295    0.90286          1     7.2883     6.8313       9.97     0.0244  7.486e-14  1.000e-12  1.336e+03     7.2301     7.2304     0.0003     5.3242     5.3250     27.742     28.369      0.240    1457.47    1457.45  0.000e+00
       2801     28.500    10.1997    10.1896    -0.0100    0.90262    0.90245          1     7.2964     6.8289       9.97     0.0242  7.490e-14  1.000e-12  1.335e+03     7.2305     7.2310     0.0005     5.3263     5.3278     28.237     28.875      0.262    1457.41    1457.38  0.000e+00
