ctdpy/exports/archive_20191121_122431/received_data/SBE09_1044_20180417_2009_34_07_0014.cnv
* Sea-Bird SBE 9 Data File:
* FileName = C:\ctd\temp\2018\AU18D014.hex
* Software Version Seasave V 7.26.6.26
* Temperature SN = 5351
* Conductivity SN = 3941
* Number of Bytes Per Scan = 41
* Number of Voltage Words = 4
* Number of Scans Averaged by the Deck Unit = 1
* NMEA Latitude = 55 22.97 N
* NMEA Longitude = 015 20.01 E
* NMEA UTC (Time) = Apr 17 2018  20:09:51
* NMEA baud rate = 4800
** Station:  BY4
** Operator:  A-KTh
** Ship: AURA
** Average sound velocity: 1433.87 m/s
** True-depth calculation Tue, 17 Apr 2018 21:06:18 +0000
** CTD Python Module SMHI /ver 3-12/ feb 2012 
** LIMS Job: 20183407-0014
** Cruise: SMHI-01-2018
** Latitude [GG MM.mm N] :
** Longitude [GG MM.mm E]:
# nquan = 26
# nvalues = 172                         
# units = specified
# name 0 = scan: Scan Count
# name 1 = prDM: Pressure, Digiquartz [db]
# name 2 = t090C: Temperature [ITS-90, deg C]
# name 3 = t190C: Temperature, 2 [ITS-90, deg C]
# name 4 = T2-T190C: Temperature Difference, 2 - 1 [ITS-90, deg C]
# name 5 = c0S/m: Conductivity [S/m]
# name 6 = c1S/m: Conductivity, 2 [S/m]
# name 7 = pumps: Pump Status
# name 8 = sbeox0ML/L: Oxygen, SBE 43 [ml/l]
# name 9 = sbeox1ML/L: Oxygen, SBE 43, 2 [ml/l]
# name 10 = altM: Altimeter [m]
# name 11 = flECO-AFL: Chl-a Fluorescence, WET Labs ECO-AFL/FL [mg/m^3]
# name 12 = flECO-AFL1: Phycocyanin Fluorescence, WET Labs ECO-AFL/FL, 2 [mg/m^3]
# name 13 = par: PAR/Irradiance, Biospherical/Lico [µE/(cm^2*s)]
# name 14 = turbWETntu0: Turbidity, WET Labs ECO [NTU]
# name 15 = sal00: Salinity, Practical [PSU]
# name 16 = sal11: Salinity, Practical, 2 [PSU]
# name 17 = secS-priS: Salinity, Practical, Difference, 2 - 1 [PSU]
# name 18 = sigma-t00: Density [sigma-t, Kg/m^3 ]
# name 19 = sigma-t11: Density, 2 [sigma-t, Kg/m^3 ]
# name 20 = depSM: Depth [salt water, m], lat = 55.3828
# name 21 = depFM: Depth [true depth, m], lat = 55.3828
# name 22 = dz/dtM: Descent Rate [m/s], WS = 2
# name 23 = svCM: Sound Velocity [Chen-Millero, m/s]
# name 24 = svCM1: Sound Velocity, 2 [Chen-Millero, m/s]
# name 25 = flag: flag
# span 0 =       7975,      12637       
# span 1 =      0.500,     86.000       
# span 2 =     2.3802,     7.5817       
# span 3 =     2.3808,     7.5786       
# span 4 =    -0.0362,     0.0745       
# span 5 =   0.773674,   1.818909       
# span 6 =   0.773665,   1.818941       
# span 7 =          1,          1       
# span 8 =    0.10488,    9.49550       
# span 9 =    0.08439,    9.34242       
# span 10 =       2.52,      97.51      
# span 11 =     0.4015,     2.6998      
# span 12 =     0.1917,     0.6250      
# span 13 = -2.326e-06, 2.1947e+00      
# span 14 =     0.2360,     1.3844      
# span 15 =     7.5941,    16.9745      
# span 16 =     7.5936,    16.9741      
# span 17 =    -0.0198,     0.0026      
# span 18 =     6.0542,    13.2741      
# span 19 =     6.0538,    13.2737      
# span 20 =      0.496,     85.204      
# span 21 =      0.506,     86.908      
# span 22 =     -0.017,      0.596      
# span 23 =    1426.23,    1457.82      
# span 24 =    1426.24,    1457.80      
# span 25 = 0.0000e+00, 0.0000e+00      
# interval = decibars: 0.5              
# start_time = Apr 17 2018 20:09:51 [NMEA time, first data scan]
# bad_flag = -9.990e-29
*END*
[from data line 112]
      10956     56.500     2.4823     2.4834     0.0010    0.89999    0.89987          1     8.7983     8.6843      33.54     1.0465     0.3821  1.000e-12  0.4423000     9.0368     9.0353    -0.0016     7.2105     7.2092     55.981     57.191      0.473    1427.32    1427.32  0.000e+00
      10983     57.000     2.4872     2.4897     0.0025    0.90561    0.90545          1     8.7915     8.6436      32.92     1.1246     0.3553  1.000e-12  0.4257000     9.0961     9.0937    -0.0024     7.2578     7.2558     56.477     57.697      0.454    1427.43    1427.44  0.000e+00
      11008     57.500     2.4468     2.4467    -0.0002    0.91511    0.91441          1     8.7631     8.5337      32.33     1.1535     0.3298  1.000e-12  0.4272000     9.2105     9.2030    -0.0076     7.3494     7.3434     56.972     58.203      0.510    1427.40    1427.39  0.000e+00
      11030     58.000     2.7731     2.7488    -0.0243    0.97327    0.97076          1     8.3148     7.9943      31.84     1.3109     0.4089  1.000e-12  0.5141000     9.7414     9.7216    -0.0198     7.7696     7.7541     57.467     58.708      0.572    1429.60    1429.47  0.000e+00
      11050     58.500     2.8123     2.8169     0.0047    1.01185    1.01168          1     7.8627     7.5740      31.34     0.8976     0.3201  1.000e-12  0.7173000    10.1463    10.1431    -0.0032     8.0923     8.0897     57.963     59.213      0.590    1430.32    1430.34  0.000e+00
      11071     59.000     2.7810     2.7816     0.0006    1.03078    1.02979          1     7.5949     7.4236      30.84     1.1922     0.3195  1.000e-12  0.6635000    10.3611    10.3503    -0.0109     8.2641     8.2554     58.458     59.718      0.560    1430.46    1430.45  0.000e+00
      11094     59.500     2.7273     2.7356     0.0083    1.06035    1.05917          1     7.5845     7.5362      30.29     1.1606     0.3225  1.000e-12  0.6393000    10.7001    10.6844    -0.0156     8.5352     8.5226     58.953     60.223      0.491    1430.66    1430.68  0.000e+00
      11120     60.000     2.4563     2.4684     0.0120    1.08748    1.08737          1     7.8562     7.8913      29.74     1.2686     0.3022  1.000e-12  0.7303000    11.0893    11.0839    -0.0054     8.8496     8.8451     59.449     60.728      0.448    1429.93    1429.98  0.000e+00
      11146     60.500     2.3802     2.3808     0.0005    1.10384    1.10339          1     8.1554     8.1588      29.17     1.0459     0.3214  1.000e-12  0.7557000    11.2962    11.2911    -0.0051     9.0157     9.0116     59.944     61.233      0.497    1429.85    1429.85  0.000e+00
      11169     61.000     2.3836     2.3825    -0.0011    1.10961    1.10945          1     8.2266     8.1399      28.72     0.9154     0.3551  1.000e-12  0.7938000    11.3587    11.3572    -0.0015     9.0655     9.0644     60.439     61.738      0.559    1429.96    1429.95  0.000e+00
      11190     61.500     2.5373     2.5311    -0.0061    1.12324    1.12247          1     8.1198     7.9350      28.23     0.8805     0.3745  1.000e-12  0.8361000    11.4537    11.4474    -0.0062     9.1392     9.1343     60.935     62.242      0.580    1430.80    1430.76  0.000e+00
      11210     62.000     2.6233     2.6197    -0.0036    1.14418    1.14340          1     7.9005     7.6673      27.71     0.6607     0.4236  1.000e-12  0.8212000    11.6528    11.6456    -0.0072     9.2967     9.2910     61.430     62.747      0.559    1431.46    1431.44  0.000e+00
      11233     62.500     2.7665     2.7541    -0.0122    1.16297    1.16178          1     7.5911     7.3459      27.16     0.7345     0.2857  1.000e-12  0.8915000    11.8065    11.7981    -0.0084     9.4165     9.4100     61.925     63.252      0.503    1432.33    1432.26  0.000e+00
      11258     63.000     2.9553     2.9522    -0.0033    1.18430    1.18304          1     7.3060     7.0791      26.59     0.7248     0.2492  1.000e-12  0.7875000    11.9699    11.9573    -0.0126     9.5427     9.5327     62.421     63.756      0.460    1433.41    1433.38  0.000e+00
      11284     63.500     3.0718     3.0655    -0.0063    1.20972    1.20802          1     7.1078     6.9128      26.06     0.4591     0.3105  1.000e-12  0.7330000    12.2034    12.1872    -0.0162     9.7256     9.7129     62.916     64.260      0.490    1434.25    1434.20  0.000e+00
      11307     64.000     3.1917     3.1869    -0.0046    1.23406    1.23295          1     6.8941     6.7146      25.54     0.6268     0.2600  1.000e-12  0.7224000    12.4226    12.4124    -0.0102     9.8969     9.8889     63.411     64.765      0.548    1435.09    1435.05  0.000e+00
      11328     64.500     3.2529     3.2551     0.0022    1.24986    1.24922          1     6.7455     6.5978      25.04     0.9921     0.2624  1.000e-12  0.7012000    12.5708    12.5629    -0.0079    10.0130    10.0067     63.906     65.269      0.579    1435.56    1435.56  0.000e+00
      11349     65.000     3.2199     3.2217     0.0018    1.26104    1.26050          1     6.6991     6.5769      24.52     0.7371     0.2752  1.000e-12  0.6675000    12.7053    12.6987    -0.0066    10.1209    10.1157     64.402     65.773      0.560    1435.59    1435.59  0.000e+00
      11372     65.500     3.2491     3.2463    -0.0027    1.27122    1.27050          1     6.6958     6.5740      24.01     0.5930     0.2804  1.000e-12  0.6600000    12.8045    12.7978    -0.0067    10.1990    10.1938     64.897     66.277      0.503    1435.86    1435.84  0.000e+00
      11397     66.000     3.3513     3.3459    -0.0055    1.28567    1.28438          1     6.6179     6.4828      23.44     0.5573     0.3024  1.000e-12  0.6761000    12.9210    12.9091    -0.0119    10.2884    10.2792     65.392     66.781      0.468    1436.48    1436.44  0.000e+00
      11423     66.500     3.4989     3.4955    -0.0034    1.30651    1.30531          1     6.3936     6.2534      22.91     0.6048     0.2867  1.000e-12  0.6837000    13.0879    13.0762    -0.0116    10.4161    10.4070     65.888     67.286      0.491    1437.37    1437.34  0.000e+00
      11446     67.000     3.5748     3.5752     0.0004    1.32116    1.32064          1     6.2549     6.1220      22.41     0.8242     0.3071  1.000e-12  0.6961000    13.2158    13.2100    -0.0058    10.5150    10.5104     66.383     67.790      0.548    1437.88    1437.88  0.000e+00
      11467     67.500     3.6135     3.6107    -0.0029    1.33064    1.33002          1     6.2227     6.0810      21.93     0.8691     0.2677  1.000e-12  0.7169000    13.3025    13.2970    -0.0055    10.5824    10.5782     66.878     68.293      0.580    1438.17    1438.15  0.000e+00
      11487     68.000     3.8008     3.7948    -0.0060    1.35140    1.35057          1     6.0977     5.9098      21.41     0.8467     0.2442  1.000e-12  0.7224000    13.4496    13.4431    -0.0065    10.6920    10.6870     67.374     68.797      0.560    1439.21    1439.17  0.000e+00
      11510     68.500     4.0389     4.0270    -0.0119    1.37411    1.37245          1     5.8113     5.5958      20.85     0.5844     0.2665  1.000e-12  0.7043000    13.5951    13.5823    -0.0128    10.7972    10.7876     67.869     69.301      0.512    1440.46    1440.39  0.000e+00
      11534     69.000     4.2044     4.1995    -0.0049    1.39682    1.39574          1     5.5025     5.3147      20.30     0.5411     0.3103  1.000e-12  0.6831000    13.7690    13.7595    -0.0096    10.9276    10.9203     68.364     69.805      0.482    1441.42    1441.38  0.000e+00
      11559     69.500     4.3037     4.3002    -0.0035    1.40731    1.40650          1     5.2754     5.1187      19.75     0.4094     0.2769  1.000e-12  0.6696000    13.8391    13.8320    -0.0071    10.9783    10.9729     68.860     70.309      0.491    1441.95    1441.93  0.000e+00
      11583     70.000     4.4130     4.4137     0.0007    1.41962    1.41905          1     5.1586     4.9985      19.26     0.4015     0.2154  1.000e-12  0.6487000    13.9239    13.9176    -0.0063    11.0401    11.0351     69.355     70.813      0.529    1442.55    1442.54  0.000e+00
      11605     70.500     4.5782     4.5521    -0.0259    1.43993    1.43719          1     4.9032     4.6818      18.78     0.4141     0.2857  1.000e-12  0.7512000    14.0691    14.0512    -0.0178    11.1462    11.1335     69.850     71.316      0.568    1443.46    1443.32  0.000e+00
      11625     71.000     4.9974     4.9890    -0.0087    1.47976    1.47876          1     4.4751     4.1990      18.30     0.7031     0.3036  1.000e-12  0.7783000    14.3099    14.3031    -0.0069    11.3130    11.3081     70.346     71.820      0.572    1445.60    1445.55  0.000e+00
      11647     71.500     5.2523     5.2335    -0.0188    1.50451    1.50247          1     3.9649     3.6695      17.75     1.1534     0.3809  1.000e-12  0.7229000    14.4587    14.4456    -0.0131    11.4146    11.4055     70.841     72.323      0.536    1446.89    1446.79  0.000e+00
      11670     72.000     5.6854     5.6641    -0.0213    1.53921    1.53703          1     3.4270     3.1449      17.27     1.1560     0.3242  1.000e-12  0.7336000    14.6312    14.6179    -0.0133    11.5216    11.5126     71.336     72.827      0.488    1448.96    1448.85  0.000e+00
      11696     72.500     6.1325     6.1113    -0.0211    1.57197    1.56931          1     2.7831     2.5243      16.69     0.9692     0.2756  1.000e-12  0.7595000    14.7730    14.7552    -0.0178    11.6005    11.5881     71.831     73.330      0.471    1451.03    1450.92  0.000e+00
      11721     73.000     6.5521     6.5459    -0.0064    1.60564    1.60444          1     2.1644     1.9245      16.18     0.6085     0.3155  1.000e-12  0.6515000    14.9323    14.9229    -0.0094    11.6924    11.6856     72.327     73.834      0.519    1452.99    1452.95  0.000e+00
      11742     73.500     6.7210     6.7064    -0.0146    1.61987    1.61868          1     1.7383     1.5139      15.71     1.0641     0.3498  1.000e-12  0.6791000    15.0020    14.9964    -0.0056    11.7329    11.7298     72.822     74.337      0.575    1453.78    1453.71  0.000e+00
      11763     74.000     6.9758     6.9622    -0.0134    1.63918    1.63795          1     1.3545     1.1496      15.30     0.9203     0.3504  1.000e-12  0.6208000    15.0842    15.0778    -0.0064    11.7754    11.7716     73.317     74.840      0.584    1454.94    1454.88  0.000e+00
      11784     74.500     7.3326     7.3245    -0.0082    1.67153    1.67004          1     0.9362     0.7739      14.82     0.8743     0.3217  1.000e-12  0.6123000    15.2498    15.2385    -0.0113    11.8727    11.8646     73.813     75.344      0.547    1456.61    1456.56  0.000e+00
      11807     75.000     7.5817     7.5786    -0.0030    1.69816    1.69753          1     0.6788     0.6108      14.26     0.7696     0.2583  1.000e-12  0.5669000    15.4035    15.3986    -0.0049    11.9693    11.9658     74.308     75.847      0.492    1457.82    1457.80  0.000e+00
      11833     75.500     7.3271     7.4028     0.0745    1.69118    1.69484          1     1.0625     1.1546      13.68     0.6072     0.2328  1.000e-12  0.4668000    15.4471    15.4498     0.0026    12.0269    12.0222     74.803     76.350      0.463    1456.84    1457.16  0.000e+00
      11858     76.000     6.5448     6.5069    -0.0362    1.67077    1.66748          1     1.6837     1.8095      12.54     0.5097     0.2673  1.000e-12  0.4610000    15.5937    15.5775    -0.0162    12.2122    12.2027     75.299     76.853      0.495    1453.83    1453.65  0.000e+00
      11881     76.500     6.5234     6.5403     0.0166    1.69481    1.69464          1     1.8611     1.9185      11.93     0.5606     0.2542  1.000e-12  0.4913000    15.8483    15.8388    -0.0094    12.4143    12.4054     75.794     77.356      0.545    1454.07    1454.13  0.000e+00
      11902     77.000     6.3206     6.3416     0.0208    1.69917    1.69986          1     1.9558     2.0081      11.71     0.6430     0.2801  1.000e-12  0.4699000    15.9870    15.9842    -0.0028    12.5401    12.5362     76.289     77.859      0.561    1453.41    1453.49  0.000e+00
      11924     77.500     5.9156     5.9222     0.0067    1.68729    1.68714          1     2.0811     2.1201      11.47     0.5240     0.3113  1.000e-12  0.5109000    16.0555    16.0509    -0.0047    12.6265    12.6223     76.784     78.362      0.516    1451.81    1451.83  0.000e+00
      11950     78.000     5.8327     5.8340     0.0013    1.69476    1.69446          1     2.1469     2.1360      10.98     0.4806     0.2844  1.000e-12  0.6705000    16.1722    16.1684    -0.0039    12.7248    12.7216     77.280     78.865      0.412    1451.62    1451.62  0.000e+00
      11983     78.500     5.9388     5.9156    -0.0231    1.70636    1.70392          1     1.9721     1.8778      10.45     0.4450     0.2518  1.000e-12  0.7586000    16.2414    16.2273    -0.0142    12.7710    12.7616     77.775     79.368      0.377    1452.16    1452.04  0.000e+00
      12012     79.000     6.1341     6.1326    -0.0015    1.73036    1.72978          1     1.5895     1.4414      10.01     0.4344     0.2331  1.000e-12  0.7662000    16.3954    16.3901    -0.0053    12.8767    12.8726     78.270     79.871      0.459    1453.18    1453.16  0.000e+00
      12036     79.500     6.1939     6.1930    -0.0009    1.74405    1.74371          1     1.3573     1.2281       9.69     0.4307     0.2667  1.000e-12  0.7403000    16.5074    16.5044    -0.0030    12.9599    12.9575     78.766     80.374      0.500    1453.57    1453.57  0.000e+00
      12061     80.000     6.2628     6.2597    -0.0031    1.75220    1.75187          1     1.2043     1.0997       9.51     0.4774     0.3223  1.000e-12  0.7564000    16.5578    16.5559    -0.0019    12.9938    12.9925     79.261     80.877      0.451    1453.93    1453.92  0.000e+00
      12091     80.500     6.3359     6.3330    -0.0029    1.76125    1.76040          1     1.0526     0.9768       8.90     0.6771     0.3191  1.000e-12  0.7693000    16.6150    16.6077    -0.0073    13.0327    13.0271     79.756     81.379      0.347    1454.32    1454.29  0.000e+00
      12129     81.000     6.4215     6.4067    -0.0148    1.77423    1.77250          1     0.8638     0.7989       8.15     0.4586     0.2652  1.000e-12  0.7988000    16.7062    16.6957    -0.0105    13.0971    13.0901     80.251     81.882      0.332    1454.79    1454.72  0.000e+00
      12162     81.500     6.4985     6.4988     0.0004    1.78397    1.78386          1     0.6994     0.6248       7.57     0.4434     0.2848  1.000e-12  0.8731000    16.7682    16.7670    -0.0013    13.1392    13.1381     80.747     82.385      0.400    1455.20    1455.20  0.000e+00
      12191     82.000     6.5804     6.5702    -0.0102    1.79380    1.79266          1     0.5252     0.4490       7.00     0.4575     0.2766  1.000e-12  0.8633000    16.8284    16.8217    -0.0066    13.1792    13.1749     81.242     82.887      0.388    1455.62    1455.57  0.000e+00
      12227     82.500     6.7118     6.7070    -0.0048    1.80725    1.80681          1     0.2899     0.2242       6.34     0.4154     0.3025  1.000e-12  0.9797000    16.9008    16.8987    -0.0021    13.2244    13.2232     81.737     83.390      0.289    1456.26    1456.24  0.000e+00
      12274     83.000     6.7719     6.7651    -0.0068    1.81359    1.81278          1     0.1442     0.1111       5.71     0.4223     0.2488  1.000e-12  1.2308000    16.9357    16.9307    -0.0049    13.2463    13.2431     82.233     83.893      0.260    1456.56    1456.52  0.000e+00
      12314     83.500     6.7953     6.7999     0.0046    1.81690    1.81703          1     0.1167     0.0844       5.25     0.5443     0.1917  1.000e-12  1.2668000    16.9577    16.9567    -0.0009    13.2615    13.2603     82.728     84.395      0.338    1456.69    1456.70  0.000e+00
