ctdpy/exports/archive_20191121_122431/received_data/SBE09_0827_20181012_0347_26_01_1076.cnv
* Sea-Bird SBE 9 Data File:
* FileName = D:\CTD_SBE911\DAT\26DA.2018.10.76.hex
* Software Version Seasave V 7.21d
* Temperature SN = 4548
* Conductivity SN = 3062
* Number of Bytes Per Scan = 48
* Number of Voltage Words = 5
* Number of Scans Averaged by the Deck Unit = 1
* NMEA Latitude = 56 05.56 N
* NMEA Longitude = 018 27.19 E
* NMEA UTC (Time) = Oct 12 2018  03:49:55
* NMEA baud rate = 4800
** Ship: DANA
** Average sound velocity: 1446.85 m/s
** True-depth calculation Thu, 28 Mar 2019 12:26:15 +0000
** CTD Python Module SMHI /ver 3-12/ feb 2012 
** LIMS Job: 20182601-1076
** Operator: Christian
** Cruise: 10/2018
# nquan = 26
# nvalues = 191                         
# units = specified
# name 0 = scan: Scan Count
# name 1 = prDM: Pressure, Digiquartz [db]
# name 2 = t090C: Temperature [ITS-90, deg C]
# name 3 = t190C: Temperature, 2 [ITS-90, deg C]
# name 4 = T2-T190C: Temperature Difference, 2 - 1 [ITS-90, deg C]
# name 5 = c0S/m: Conductivity [S/m]
# name 6 = c1S/m: Conductivity, 2 [S/m]
# name 7 = pumps: Pump Status
# name 8 = sbeox1ML/L: Oxygen, SBE 43, 2 [ml/l]
# name 9 = sbeox0ML/L: Oxygen, SBE 43 [ml/l]
# name 10 = altM: Altimeter [m]
# name 11 = chloroflTC0: Chlorophyll, Turner Cyclops [ug/l]
# name 12 = cpar: CPAR/Corrected Irradiance [%]
# name 13 = par: PAR/Irradiance, Biospherical/Lico [µE/(cm^2*s)]
# name 14 = spar: SPAR, Biospherical/Licor
# name 15 = sal00: Salinity, Practical [PSU]
# name 16 = sal11: Salinity, Practical, 2 [PSU]
# name 17 = secS-priS: Salinity, Practical, Difference, 2 - 1 [PSU]
# name 18 = sigma-t00: Density [sigma-t, kg/m^3 ]
# name 19 = sigma-t11: Density, 2 [sigma-t, kg/m^3 ]
# name 20 = depSM: Depth [salt water, m], lat = 56.0927
# name 21 = depFM: Depth [true depth, m], lat = 56.0927
# name 22 = dz/dtM: Descent Rate [m/s], WS = 2
# name 23 = svCM: Sound Velocity [Chen-Millero, m/s]
# name 24 = svCM1: Sound Velocity, 2 [Chen-Millero, m/s]
# name 25 = flag: flag
# span 0 =        110,       9980       
# span 1 =      1.500,     96.500       
# span 2 =     3.3876,    11.3998       
# span 3 =     3.3849,    11.3991       
# span 4 =    -0.5349,     0.1247       
# span 5 =   0.774839,   1.232966       
# span 6 =   0.774732,   1.232937       
# span 7 =          1,          1       
# span 8 =     0.0502,     7.7001       
# span 9 =     0.0469,     7.2324       
# span 10 =       1.36,       9.98      
# span 11 =     0.0159,     0.0349      
# span 12 = -5.114e+01, 3.0921e+03      
# span 13 = 1.0000e-12, 1.0000e-12      
# span 14 = 1.9680e+00, 2.0318e+00      
# span 15 =     7.3098,    11.2759      
# span 16 =     7.3103,    11.2755      
# span 17 =    -0.0032,     0.0768      
# span 18 =     5.2684,     8.8339      
# span 19 =     5.2685,     8.8335      
# span 20 =      1.486,     95.599      
# span 21 =      1.520,     97.657      
# span 22 =     -0.067,      0.386      
# span 23 =    1429.49,    1461.86      
# span 24 =    1429.46,    1461.86      
# span 25 = 0.0000e+00, 0.0000e+00      
# interval = decibars: 0.5              
# start_time = Oct 12 2018 03:49:55 [NMEA time, first data scan]
# bad_flag = -9.990e-29
*END*
[from data line 168]
       8039     85.500     6.2066     6.2162     0.0095    1.20025    1.20122          1     0.0779     0.0680       9.97     0.0168  4.924e-11  1.000e-12  2.031e+00    11.0029    11.0094     0.0065     8.6294     8.6338     84.704     86.550      0.237    1446.82    1446.86  0.000e+00
       8091     86.000     6.2140     6.2222     0.0082    1.20143    1.20244          1     0.0768     0.0666       9.97     0.0167  4.924e-11  1.000e-12  2.031e+00    11.0121    11.0195     0.0074     8.6361     8.6414     85.199     87.055      0.227    1446.87    1446.91  0.000e+00
       8137     86.500     6.2213     6.2324     0.0111    1.20292    1.20436          1     0.0735     0.0663       9.97     0.0167  4.924e-11  1.000e-12  2.031e+00    11.0244    11.0350     0.0106     8.6453     8.6529     85.694     87.560      0.323    1446.92    1446.98  0.000e+00
       8171     87.000     6.2292     6.2374     0.0081    1.20430    1.20569          1     0.0770     0.0649       9.97     0.0167  4.924e-11  1.000e-12  2.031e+00    11.0354    11.0465     0.0111     8.6534     8.6616     86.189     88.065      0.344    1446.98    1447.03  0.000e+00
       8213     87.500     6.2352     6.2469     0.0118    1.20564    1.20748          1     0.0753     0.0643       9.97     0.0169  4.924e-11  1.000e-12  2.031e+00    11.0466    11.0610     0.0144     8.6619     8.6724     86.685     88.570      0.239    1447.02    1447.09  0.000e+00
       8268     88.000     6.2443     6.2532     0.0089    1.20742    1.20866          1     0.0699     0.0663       9.97     0.0169  4.924e-11  1.000e-12  2.031e+00    11.0613    11.0706     0.0093     8.6728     8.6795     87.180     89.074      0.237    1447.09    1447.14  0.000e+00
       8315     88.500     6.2529     6.2675     0.0146    1.20881    1.21044          1     0.0713     0.0642       9.85     0.0170  4.924e-11  1.000e-12  2.031e+00    11.0721    11.0835     0.0114     8.6807     8.6887     87.675     89.579      0.232    1447.15    1447.22  0.000e+00
       8372     89.000     6.2677     6.2816     0.0139    1.21113    1.21378          1     0.0702     0.0645       9.37     0.0168  4.924e-11  1.000e-12  2.031e+00    11.0902    11.1119     0.0217     8.6939     8.7101     88.170     90.084      0.231    1447.24    1447.33  0.000e+00
       8417     89.500     6.2768     6.2821     0.0053    1.21347    1.21445          1     0.0711     0.0635       8.86     0.0169  4.924e-11  1.000e-12  2.031e+00    11.1103    11.1183     0.0080     8.7091     8.7151     88.666     90.589      0.284    1447.31    1447.34  0.000e+00
       8458     90.000     6.2796     6.2877     0.0080    1.21438    1.21683          1     0.0688     0.0639       8.36     0.0162  4.924e-11  1.000e-12  2.031e+00    11.1183    11.1399     0.0216     8.7152     8.7317     89.161     91.094      0.311    1447.34    1447.40  0.000e+00
       8495     90.500     6.2835     6.2903     0.0068    1.21606    1.21779          1     0.0652     0.0629       7.83     0.0168  4.924e-11  1.000e-12  2.031e+00    11.1335    11.1485     0.0150     8.7269     8.7383     89.656     91.599      0.315    1447.39    1447.43  0.000e+00
       8541     91.000     6.2871     6.2948     0.0076    1.21733    1.21851          1     0.0660     0.0625       7.26     0.0170  4.924e-11  1.000e-12  2.031e+00    11.1448    11.1541     0.0092     8.7356     8.7423     90.151     92.104      0.226    1447.42    1447.47  0.000e+00
       8591     91.500     6.2908     6.2968     0.0060    1.21812    1.21914          1     0.0654     0.0602       6.75     0.0169  4.924e-11  1.000e-12  2.031e+00    11.1515    11.1596     0.0081     8.7405     8.7465     90.647     92.609      0.283    1447.46    1447.49  0.000e+00
       8633     92.000     6.2957     6.3042     0.0085    1.21922    1.22063          1     0.0671     0.0581       6.19     0.0168  4.924e-11  1.000e-12  2.031e+00    11.1606    11.1717     0.0111     8.7474     8.7556     91.142     93.113      0.241    1447.50    1447.54  0.000e+00
       8696     92.500     6.3033     6.3114     0.0082    1.22097    1.22232          1     0.0661     0.0599       5.68     0.0169  4.924e-11  1.000e-12  2.031e+00    11.1753    11.1860     0.0107     8.7584     8.7663     91.637     93.618      0.253    1447.55    1447.60  0.000e+00
       8734     93.000     6.3099     6.3251     0.0152    1.22250    1.22533          1     0.0656     0.0587       5.19     0.0169  4.924e-11  1.000e-12  2.031e+00    11.1883    11.2112     0.0229     8.7682     8.7852     92.132     94.123      0.360    1447.61    1447.70  0.000e+00
       8768     93.500     6.3211     6.3420     0.0208    1.22510    1.22940          1     0.0666     0.0591       4.66     0.0170  4.924e-11  1.000e-12  2.031e+00    11.2101    11.2458     0.0357     8.7846     8.8112     92.627     94.628      0.309    1447.69    1447.82  0.000e+00
       8822     94.000     6.3337     6.3523     0.0185    1.22831    1.23172          1     0.0610     0.0586       4.11     0.0170  4.924e-11  1.000e-12  2.031e+00    11.2377    11.2653     0.0276     8.8054     8.8258     93.123     95.133      0.230    1447.78    1447.90  0.000e+00
       8865     94.500     6.3460     6.3557     0.0097    1.23098    1.23247          1     0.0615     0.0582       3.63     0.0170  4.924e-11  1.000e-12  2.031e+00    11.2599    11.2715     0.0116     8.8220     8.8305     93.618     95.638      0.378    1447.87    1447.93  0.000e+00
       8897     95.000     6.3528     6.3562     0.0034    1.23229    1.23273          1     0.0604     0.0579       3.08     0.0170  4.924e-11  1.000e-12  2.031e+00    11.2705    11.2738     0.0033     8.8299     8.8323     94.113     96.142      0.286    1447.92    1447.94  0.000e+00
       8972     95.500     6.3528     6.3562     0.0034    1.23242    1.23280          1     0.0591     0.0582       2.55     0.0170  4.924e-11  1.000e-12  2.031e+00    11.2718    11.2744     0.0026     8.8309     8.8327     94.608     96.647      0.298    1447.93    1447.95  0.000e+00
       9004     96.000     6.3544     6.3566     0.0022    1.23275    1.23292          1     0.0622     0.0579       2.05     0.0171  4.924e-11  1.000e-12  2.031e+00    11.2745    11.2754     0.0009     8.8329     8.8335     95.104     97.152      0.379    1447.95    1447.96  0.000e+00
       9980     96.500     6.3560     6.3565     0.0006    1.23297    1.23294          1     0.0502     0.0469       1.36     0.0170  4.924e-11  1.000e-12  2.031e+00    11.2759    11.2755    -0.0005     8.8339     8.8335     95.599     97.657     -0.067    1447.97    1447.97  0.000e+00
