ctdpy/exports/archive_20191121_122431/received_data/SBE09_0827_20180902_1826_26_01_0951.cnv
* Sea-Bird SBE 9 Data File:
* FileName = D:\CTD_SBE911\DAT\26DA.2018.9.1.hex
* Software Version Seasave V 7.21d
* Temperature SN = 034605
* Conductivity SN = 041844
* Number of Bytes Per Scan = 48
* Number of Voltage Words = 5
* Number of Scans Averaged by the Deck Unit = 1
* NMEA Latitude = 56 40.15 N
* NMEA Longitude = 012 06.46 E
* NMEA UTC (Time) = Sep 02 2018  18:29:00
* NMEA baud rate = 4800
** Ship: DANA
** Average sound velocity: 1493.63 m/s
** True-depth calculation Wed, 03 Apr 2019 09:21:39 +0000
** CTD Python Module SMHI /ver 3-12/ feb 2012 
** LIMS Job: 20182601-0951
**  ANHOLT E
** Operator: Christian JKro
** Cruise: 09/2018
# nquan = 26
# nvalues = 116                         
# units = specified
# name 0 = scan: Scan Count
# name 1 = prDM: Pressure, Digiquartz [db]
# name 2 = t090C: Temperature [ITS-90, deg C]
# name 3 = t190C: Temperature, 2 [ITS-90, deg C]
# name 4 = T2-T190C: Temperature Difference, 2 - 1 [ITS-90, deg C]
# name 5 = c0S/m: Conductivity [S/m]
# name 6 = c1S/m: Conductivity, 2 [S/m]
# name 7 = pumps: Pump Status
# name 8 = sbeox1ML/L: Oxygen, SBE 43, 2 [ml/l]
# name 9 = sbeox0ML/L: Oxygen, SBE 43 [ml/l]
# name 10 = altM: Altimeter [m]
# name 11 = chloroflTC0: Chlorophyll, Turner Cyclops [ug/l]
# name 12 = cpar: CPAR/Corrected Irradiance [%]
# name 13 = par: PAR/Irradiance, Biospherical/Lico [µE/(cm^2*s)]
# name 14 = spar: SPAR, Biospherical/Licor
# name 15 = sal00: Salinity, Practical [PSU]
# name 16 = sal11: Salinity, Practical, 2 [PSU]
# name 17 = secS-priS: Salinity, Practical, Difference, 2 - 1 [PSU]
# name 18 = sigma-t00: Density [sigma-t, kg/m^3 ]
# name 19 = sigma-t11: Density, 2 [sigma-t, kg/m^3 ]
# name 20 = depSM: Depth [salt water, m], lat = 56.6692
# name 21 = depFM: Depth [true depth, m], lat = 56.6692
# name 22 = dz/dtM: Descent Rate [m/s], WS = 2
# name 23 = svCM: Sound Velocity [Chen-Millero, m/s]
# name 24 = svCM1: Sound Velocity, 2 [Chen-Millero, m/s]
# name 25 = flag: flag
# span 0 =        514,       6995       
# span 1 =      2.000,     59.500       
# span 2 =     7.6103,    18.3711       
# span 3 =     7.6076,    18.3661       
# span 4 =    -3.3177,     0.1059       
# span 5 =   3.002027,   4.075519       
# span 6 =   2.999341,   4.090264       
# span 7 =          1,          1       
# span 8 =     3.3725,     6.3816       
# span 9 =     3.4083,     6.0767       
# span 10 =       1.91,       9.98      
# span 11 =     0.0456,     0.3209      
# span 12 = 2.4620e-11, 4.9242e-11      
# span 13 = 1.0000e-12, 1.0000e-12      
# span 14 = 2.0307e+00, 4.0617e+00      
# span 15 =    21.7834,    33.9277      
# span 16 =    21.7882,    33.9307      
# span 17 =    -0.5803,     1.1192      
# span 18 =    15.1530,    26.4884      
# span 19 =    15.1575,    26.4911      
# span 20 =      1.982,     58.947      
# span 21 =      2.007,     59.277      
# span 22 =     -0.040,      0.295      
# span 23 =    1480.64,    1509.88      
# span 24 =    1480.62,    1510.03      
# span 25 = 0.0000e+00, 0.0000e+00      
# interval = decibars: 0.5              
# start_time = Sep 02 2018 18:29:01 [NMEA time, first data scan]
# bad_flag = -9.990e-29
*END*
        514      2.000    18.1191    18.1151    -0.0040    3.00242    3.00276          1     6.3607     6.0393       9.98     0.1326  2.462e-11  1.000e-12  4.062e+00    21.7834    21.7882     0.0048    15.1534    15.1579      1.982      2.007      0.187    1501.22    1501.22  0.000e+00
        574      2.500    18.1309    18.1189    -0.0120    3.00359    3.00309          1     6.3466     6.0767       9.98     0.1551  2.462e-11  1.000e-12  4.062e+00    21.7864    21.7888     0.0024    15.1530    15.1575      2.477      2.508      0.195    1501.27    1501.24  0.000e+00
        634      3.000    18.1015    18.1212     0.0197    3.00203    3.00335          1     6.3764     6.0438       9.98     0.1439  2.462e-11  1.000e-12  4.062e+00    21.7894    21.7895     0.0002    15.1619    15.1576      2.972      3.010      0.224    1501.19    1501.25  0.000e+00
        683      3.500    17.9843    18.0902     0.1059    3.01650    3.00632          1     6.3771     6.0740       9.98     0.1463  2.462e-11  1.000e-12  4.062e+00    21.9676    21.8295    -0.1381    15.3240    15.1950      3.468      3.512      0.241    1501.05    1501.21  0.000e+00
        734      4.000    17.9723    18.0321     0.0601    3.00777    3.01056          1     6.3777     6.0638       9.98     0.1579  2.462e-11  1.000e-12  4.062e+00    21.9039    21.8942    -0.0097    15.2781    15.2573      3.963      4.013      0.245    1500.95    1501.12  0.000e+00
        781      4.500    17.9610    18.0448     0.0834    3.01348    2.99934          1     6.3723     6.0516       9.98     0.1589  2.462e-11  1.000e-12  4.062e+00    21.9555    21.7975    -0.1580    15.3200    15.1808      4.459      4.515      0.254    1500.98    1501.06  0.000e+00
        829      5.000    17.9599    17.9920     0.0323    3.03772    2.99970          1     6.3642     6.0358       9.98     0.1634  2.462e-11  1.000e-12  4.062e+00    22.1506    21.8282    -0.3223    15.4688    15.2161      4.954      5.016      0.266    1501.21    1500.94  0.000e+00
        871      5.500    17.9520    17.9751     0.0230    3.05306    3.01433          1     6.3387     6.0345       9.98     0.1622  2.462e-11  1.000e-12  4.062e+00    22.2781    21.9545    -0.3236    15.5677    15.3161      5.450      5.518      0.277    1501.33    1501.04  0.000e+00
        917      6.000    18.0128    17.9686    -0.0442    3.06861    3.02448          1     6.3816     6.0152       9.98     0.1678  2.462e-11  1.000e-12  4.062e+00    22.3700    22.0393    -0.3307    15.6240    15.3821      5.945      6.019      0.250    1501.63    1501.12  0.000e+00
        964      6.500    18.0148    17.9712    -0.0436    3.11307    3.03796          1     6.3325     6.0152       9.98     0.1612  2.462e-11  1.000e-12  4.062e+00    22.7264    22.1461    -0.5803    15.8950    15.4629      6.440      6.521      0.270    1502.05    1501.26  0.000e+00
       1010      7.000    18.0068    17.9878    -0.0190    3.07118    3.06289          1     6.3066     6.0344       9.98     0.1661  2.462e-11  1.000e-12  4.062e+00    22.3936    22.3373    -0.0563    15.6434    15.6048      6.936      7.022      0.254    1501.65    1501.53  0.000e+00
       1055      7.500    18.0232    17.9993    -0.0238    3.06727    3.08814          1     6.3551     6.0313       9.98     0.1822  2.462e-11  1.000e-12  4.062e+00    22.3532    22.5340     0.1807    15.6089    15.7519      7.431      7.523      0.276    1501.67    1501.80  0.000e+00
       1100      8.000    18.0195    18.0064    -0.0131    3.08258    3.09592          1     6.3515     6.0064       9.98     0.1751  2.462e-11  1.000e-12  4.062e+00    22.4781    22.5925     0.1144    15.7048    15.7949      7.927      8.025      0.259    1501.81    1501.89  0.000e+00
       1146      8.500    18.0233    18.0123    -0.0110    3.12023    3.10629          1     6.3101     5.9633       9.98     0.1846  2.462e-11  1.000e-12  4.062e+00    22.7789    22.6727    -0.1062    15.9331    15.8547      8.422      8.526      0.269    1502.17    1502.01  0.000e+00
       1189      9.000    18.0302    18.0154    -0.0148    3.14627    3.11424          1     6.3156     5.8997       9.98     0.1983  2.462e-11  1.000e-12  4.062e+00    22.9846    22.7348    -0.2498    16.0882    15.9013      8.917      9.027      0.274    1502.43    1502.10  0.000e+00
       1234      9.500    18.0372    18.0215    -0.0157    3.16098    3.12637          1     6.3405     5.8561       9.98     0.1848  2.462e-11  1.000e-12  4.062e+00    23.0991    22.8290    -0.2701    16.1739    15.9717      9.413      9.529      0.260    1502.58    1502.23  0.000e+00
       1282     10.000    18.0770    18.0293    -0.0477    3.18063    3.14393          1     6.2953     5.7943       9.98     0.2248  2.462e-11  1.000e-12  4.062e+00    23.2351    22.9660    -0.2690    16.2684    16.0743      9.908     10.030      0.247    1502.87    1502.42  0.000e+00
       1332     10.500    18.1384    18.0670    -0.0714    3.21659    3.16676          1     6.2256     5.7390       9.98     0.2397  2.462e-11  1.000e-12  4.062e+00    23.4901    23.1288    -0.3613    16.4486    16.1897     10.404     10.531      0.242    1503.35    1502.73  0.000e+00
       1380     11.000    18.0751    18.0955     0.0204    3.23749    3.19706          1     6.1528     5.7851       9.98     0.2649  2.462e-11  1.000e-12  4.062e+00    23.6949    23.3568    -0.3381    16.6191    16.3569     10.899     11.032      0.251    1503.40    1503.08  0.000e+00
       1428     11.500    18.0579    18.0801     0.0223    3.25149    3.21427          1     6.1279     5.7670       9.98     0.2920  2.462e-11  1.000e-12  4.062e+00    23.8179    23.5043    -0.3136    16.7167    16.4727     11.394     11.533      0.256    1503.49    1503.20  0.000e+00
       1474     12.000    18.0249    18.0670     0.0420    3.25543    3.23179          1     6.1288     5.7825       9.98     0.3209  2.462e-11  1.000e-12  4.062e+00    23.8689    23.6533    -0.2156    16.7631    16.5892     11.890     12.034      0.264    1503.46    1503.34  0.000e+00
       1518     12.500    18.0507    18.0522     0.0015    3.26555    3.24548          1     6.1003     5.7400       9.98     0.2660  2.462e-11  1.000e-12  4.062e+00    23.9356    23.7723    -0.1633    16.8080    16.6833     12.385     12.535      0.276    1503.62    1503.44  0.000e+00
       1562     13.000    18.0438    18.0459     0.0021    3.27448    3.26255          1     6.0859     5.6593       9.98     0.2591  2.462e-11  1.000e-12  4.062e+00    24.0118    23.9140    -0.0979    16.8678    16.7927     12.881     13.035      0.270    1503.69    1503.59  0.000e+00
       1608     13.500    18.0274    18.0351     0.0077    3.30341    3.28142          1     6.0293     5.5450       9.98     0.2767  2.462e-11  1.000e-12  4.062e+00    24.2560    24.0731    -0.1829    17.0576    16.9164     13.376     13.536      0.252    1503.93    1503.74  0.000e+00
       1657     14.000    18.0843    18.0640    -0.0202    3.37960    3.34413          1     5.9257     5.4929       9.98     0.2706  2.462e-11  1.000e-12  4.062e+00    24.8405    24.5645    -0.2760    17.4900    17.2843     13.871     14.037      0.238    1504.77    1504.39  0.000e+00
       1707     14.500    18.2449    18.2286    -0.0163    3.44581    3.42828          1     5.8132     5.4622       9.98     0.2508  2.462e-11  1.000e-12  4.062e+00    25.2805    25.1482    -0.1323    17.7881    17.6911     14.367     14.537      0.251    1505.75    1505.56  0.000e+00
       1753     15.000    18.3178    18.3036    -0.0142    3.47342    3.46311          1     5.7730     5.4285       9.98     0.2564  2.462e-11  1.000e-12  4.062e+00    25.4596    25.3847    -0.0749    17.9077    17.8539     14.862     15.038      0.263    1506.18    1506.05  0.000e+00
       1797     15.500    18.3604    18.3504    -0.0100    3.49796    3.48829          1     5.7870     5.4332       9.98     0.2320  2.462e-11  1.000e-12  4.062e+00    25.6322    25.5600    -0.0722    18.0292    17.9765     15.358     15.538      0.278    1506.51    1506.40  0.000e+00
       1840     16.000    18.3711    18.3661    -0.0050    3.51905    3.51179          1     5.7675     5.4215       9.98     0.2456  2.479e-11  1.000e-12  4.048e+00    25.7966    25.7408    -0.0558    18.1520    18.1106     15.853     16.038      0.285    1506.74    1506.66  0.000e+00
       1882     16.500    18.3641    18.3625    -0.0016    3.54248    3.53674          1     5.7509     5.3810       9.98     0.2413  2.502e-11  1.000e-12  4.029e+00    25.9912    25.9456    -0.0456    18.3019    18.2675     16.348     16.538      0.280    1506.94    1506.89  0.000e+00
       1926     17.000    18.3446    18.3440    -0.0006    3.57197    3.56617          1     5.6960     5.3357       9.98     0.2369  2.462e-11  1.000e-12  4.061e+00    26.2433    26.1965    -0.0468    18.4986    18.4630     16.844     17.038      0.268    1507.18    1507.12  0.000e+00
       1973     17.500    18.3077    18.3093     0.0016    3.61129    3.60333          1     5.6286     5.2602       9.98     0.2428  2.462e-11  1.000e-12  4.062e+00    26.5874    26.5214    -0.0660    18.7696    18.7189     17.339     17.538      0.250    1507.46    1507.39  0.000e+00
       2022     18.000    18.2491    18.2508     0.0016    3.66264    3.65484          1     5.5428     5.1730       9.98     0.2583  2.511e-11  1.000e-12  4.021e+00    27.0453    26.9803    -0.0650    19.1325    19.0826     17.834     18.038      0.244    1507.81    1507.75  0.000e+00
       2070     18.500    18.1776    18.1764    -0.0012    3.72418    3.72397          1     5.4930     5.1538       9.98     0.2602  2.462e-11  1.000e-12  4.062e+00    27.5977    27.5969    -0.0008    19.5708    19.5705     18.330     18.538      0.258    1508.23    1508.23  0.000e+00
       2115     19.000    18.1739    18.1630    -0.0109    3.75739    3.78326          1     5.4515     5.1387       9.98     0.2489  2.462e-11  1.000e-12  4.062e+00    27.8734    28.0941     0.2207    19.7820    19.9530     18.825     19.037      0.267    1508.54    1508.76  0.000e+00
       2159     19.500    18.0639    18.0232    -0.0406    3.80355    3.81785          1     5.4083     5.0066       9.98     0.2369  2.462e-11  1.000e-12  4.062e+00    28.3302    28.4767     0.1465    20.1566    20.2780     19.321     19.536      0.277    1508.74    1508.78  0.000e+00
       2202     20.000    17.8577    17.8222    -0.0357    3.85566    3.86885          1     5.2903     5.0020       9.98     0.2157  2.462e-11  1.000e-12  4.062e+00    28.9065    29.0417     0.1353    20.6453    20.7569     19.816     20.035      0.288    1508.79    1508.83  0.000e+00
       2243     20.500    17.8089    17.6321    -0.1766    3.88450    3.92835          1     5.2335     4.9985       9.98     0.2238  2.462e-11  1.000e-12  4.062e+00    29.1816    29.6770     0.4954    20.8669    21.2871     20.311     20.534      0.285    1508.96    1508.99  0.000e+00
       2287     21.000    17.7865    17.5951    -0.1914    3.89147    3.96081          1     5.2078     4.9870       7.02     0.1916  2.516e-11  1.000e-12  4.017e+00    29.2557    29.9768     0.7211    20.9288    21.5251     20.807     21.033      0.266    1508.98    1509.23  0.000e+00
       2333     21.500    17.6829    17.5565    -0.1264    3.92980    3.97754          1     5.2031     4.9654       8.86     0.1898  2.513e-11  1.000e-12  4.019e+00    29.6516    30.1461     0.4945    21.2558    21.6636     21.302     21.532      0.252    1509.13    1509.32  0.000e+00
       2381     22.000    17.6252    17.4665    -0.1586    3.95728    4.01520          1     5.1770     4.9327       9.98     0.1823  2.514e-11  1.000e-12  4.019e+00    29.9246    30.5319     0.6074    21.4780    21.9798     21.797     22.031      0.254    1509.28    1509.49  0.000e+00
       2427     22.500    17.5305    17.4379    -0.0928    3.99541    4.05299          1     5.1537     4.8995       9.98     0.1710  2.515e-11  1.000e-12  4.018e+00    30.3162    30.8735     0.5572    21.7998    22.2479     22.293     22.529      0.264    1509.45    1509.80  0.000e+00
       2472     23.000    17.4849    17.4394    -0.0456    4.02678    4.07572          1     5.1284     4.8820       9.98     0.1576  2.519e-11  1.000e-12  4.014e+00    30.6155    31.0653     0.4498    22.0395    22.3944     22.788     23.027      0.279    1509.66    1510.03  0.000e+00
       2514     23.500    17.4716    17.2934    -0.1781    4.04679    4.08521          1     5.0755     4.8546       9.98     0.1359  2.466e-11  1.000e-12  4.059e+00    30.7950    31.2581     0.4630    22.1800    22.5762     23.283     23.526      0.287    1509.83    1509.82  0.000e+00
       2556     24.000    17.3979    17.0400    -0.3578    4.06679    4.09026          1     5.0390     4.7986       9.98     0.1261  2.573e-11  1.000e-12  3.970e+00    31.0209    31.4981     0.4772    22.3701    22.8191     23.779     24.024      0.283    1509.88    1509.34  0.000e+00
       2599     24.500    17.2290    16.8064    -0.4222    4.07552    4.07340          1     5.0294     4.7898       9.98     0.1123  2.684e-11  1.000e-12  3.878e+00    31.2248    31.5356     0.3108    22.5658    22.9019     24.274     24.522      0.270    1509.61    1508.68  0.000e+00
       2644     25.000    17.0013    16.6838    -0.3179    4.07214    4.06427          1     5.0665     4.7719       9.98     0.0964  2.692e-11  1.000e-12  3.872e+00    31.3723    31.5528     0.1805    22.7317    22.9432     24.770     25.020      0.262    1509.10    1508.34  0.000e+00
       2691     25.500    16.8374    16.2821    -0.5555    4.06540    4.03231          1     5.0523     4.7803       9.98     0.0978  2.760e-11  1.000e-12  3.816e+00    31.4419    31.5919     0.1500    22.8229    23.0642     25.265     25.518      0.256    1508.69    1507.15  0.000e+00
       2738     26.000    16.6028    15.3636    -1.2389    4.04464    3.95119          1     4.9882     4.7789       9.98     0.0921  2.779e-11  1.000e-12  3.800e+00    31.4461    31.6092     0.1631    22.8798    23.2808     25.760     26.016      0.257    1507.98    1504.31  0.000e+00
       2783     26.500    16.2401    15.1435    -1.0967    4.01379    3.93401          1     5.0310     4.8023       9.98     0.0908  2.746e-11  1.000e-12  3.828e+00    31.4631    31.6331     0.1700    22.9751    23.3470     26.256     26.514      0.276    1506.89    1503.65  0.000e+00
       2826     27.000    15.7395    14.9413    -0.7987    3.97518    3.92279          1     4.9879     4.7447       9.98     0.0841  2.691e-11  1.000e-12  3.873e+00    31.5210    31.6958     0.1749    23.1307    23.4385     26.751     27.011      0.283    1505.41    1503.09  0.000e+00
       2868     27.500    15.3533    14.7834    -0.5692    3.94323    3.91245          1     4.9318     4.7123       9.98     0.0771  2.586e-11  1.000e-12  3.960e+00    31.5462    31.7308     0.1846    23.2348    23.4990     27.246     27.509      0.288    1504.23    1502.63  0.000e+00
       2909     28.000    15.0429    14.7143    -0.3287    3.92587    3.91624          1     4.8546     4.6853       9.98     0.0733  2.935e-11  1.000e-12  3.671e+00    31.6408    31.8212     0.1804    23.3744    23.5833     27.742     28.007      0.295    1503.37    1502.52  0.000e+00
       2950     28.500    14.8989    14.7840    -0.1151    3.92072    3.93273          1     4.7502     4.6067       9.98     0.0633  2.817e-11  1.000e-12  3.768e+00    31.7110    31.9132     0.2022    23.4592    23.6394     28.237     28.504      0.278    1503.00    1502.86  0.000e+00
       2995     29.000    14.8020    14.6579    -0.1442    3.92654    3.93530          1     4.6771     4.4690       9.98     0.0548  2.941e-11  1.000e-12  3.667e+00    31.8424    32.0399     0.1975    23.5810    23.7637     28.732     29.002      0.261    1502.85    1502.61  0.000e+00
