ctdpy/exports/archive_20191121_122431/received_data/SBE09_0827_20181124_0602_26_01_1230.cnv
* Sea-Bird SBE 9 Data File:
* FileName = D:\CTD_SBE911\DAT\26DA.2018.12.30.hex
* Software Version Seasave V 7.21d
* Temperature SN = 4548
* Conductivity SN = 3062
* Number of Bytes Per Scan = 48
* Number of Voltage Words = 5
* Number of Scans Averaged by the Deck Unit = 1
* NMEA Latitude = 57 49.20 N
* NMEA Longitude = 019 33.25 E
* NMEA UTC (Time) = Nov 24 2018  06:02:38
* NMEA baud rate = 4800
** Ship: DANA
** Average sound velocity: 1442.96 m/s
** True-depth calculation Tue, 02 Apr 2019 12:13:43 +0000
** CTD Python Module SMHI /ver 3-12/ feb 2012 
** LIMS Job: 20182601-1230
** Operator: Ronny
** Cruise: 12/2018
# nquan = 26
# nvalues = 159                         
# units = specified
# name 0 = scan: Scan Count
# name 1 = prDM: Pressure, Digiquartz [db]
# name 2 = t090C: Temperature [ITS-90, deg C]
# name 3 = t190C: Temperature, 2 [ITS-90, deg C]
# name 4 = T2-T190C: Temperature Difference, 2 - 1 [ITS-90, deg C]
# name 5 = c0S/m: Conductivity [S/m]
# name 6 = c1S/m: Conductivity, 2 [S/m]
# name 7 = pumps: Pump Status
# name 8 = sbeox1ML/L: Oxygen, SBE 43, 2 [ml/l]
# name 9 = sbeox0ML/L: Oxygen, SBE 43 [ml/l]
# name 10 = altM: Altimeter [m]
# name 11 = chloroflTC0: Chlorophyll, Turner Cyclops [ug/l]
# name 12 = cpar: CPAR/Corrected Irradiance [%]
# name 13 = par: PAR/Irradiance, Biospherical/Lico [µE/(cm^2*s)]
# name 14 = spar: SPAR, Biospherical/Licor
# name 15 = sal00: Salinity, Practical [PSU]
# name 16 = sal11: Salinity, Practical, 2 [PSU]
# name 17 = secS-priS: Salinity, Practical, Difference, 2 - 1 [PSU]
# name 18 = sigma-t00: Density [sigma-t, kg/m^3 ]
# name 19 = sigma-t11: Density, 2 [sigma-t, kg/m^3 ]
# name 20 = depSM: Depth [salt water, m], lat = 57.82
# name 21 = depFM: Depth [true depth, m], lat = 57.82
# name 22 = dz/dtM: Descent Rate [m/s], WS = 2
# name 23 = svCM: Sound Velocity [Chen-Millero, m/s]
# name 24 = svCM1: Sound Velocity, 2 [Chen-Millero, m/s]
# name 25 = flag: flag
# span 0 =        261,       7663       
# span 1 =      1.000,     80.000       
# span 2 =     3.9037,     8.1654       
# span 3 =     3.8689,     8.1692       
# span 4 =    -1.1764,     0.0723       
# span 5 =   0.785450,   1.028869       
# span 6 =   0.783263,   1.030215       
# span 7 =          1,          1       
# span 8 =     0.4653,     7.5294       
# span 9 =     0.4612,     7.7056       
# span 10 =       1.29,       9.96      
# span 11 =     0.0159,     0.0240      
# span 12 = 4.9241e-11, 4.9241e-11      
# span 13 = 1.0000e-12, 1.0000e-12      
# span 14 = 2.0308e+00, 2.0308e+00      
# span 15 =     7.0613,     9.6198      
# span 16 =     7.0613,     9.6300      
# span 17 =    -0.0006,     0.1151      
# span 18 =     5.3930,     7.6007      
# span 19 =     5.3929,     7.6081      
# span 20 =      0.991,     79.244      
# span 21 =      1.013,     81.003      
# span 22 =      0.187,      0.421      
# span 23 =    1431.90,    1449.23      
# span 24 =    1431.71,    1449.35      
# span 25 = 0.0000e+00, 0.0000e+00      
# interval = decibars: 0.5              
# start_time = Nov 24 2018 06:02:38 [NMEA time, first data scan]
# bad_flag = -9.990e-29
*END*
[from data line 56]
       2913     29.000     8.1315     8.1344     0.0029    0.83723    0.83732          1     7.4563     7.6724       9.96     0.0217  4.924e-11  1.000e-12  2.031e+00     7.0653     7.0655     0.0002     5.3959     5.3959     28.730     29.379      0.421    1449.00    1449.01  0.000e+00
       2951     29.500     8.1146     8.1323     0.0175    0.83675    0.83725          1     7.4423     7.6893       9.96     0.0208  4.924e-11  1.000e-12  2.031e+00     7.0642     7.0653     0.0010     5.3965     5.3958     29.225     29.886      0.255    1448.94    1449.01  0.000e+00
       3020     30.000     8.1172     8.1209     0.0037    0.83685    0.83696          1     7.4433     7.6868       9.96     0.0209  4.924e-11  1.000e-12  2.031e+00     7.0646     7.0648     0.0002     5.3965     5.3964     29.720     30.392      0.355    1448.96    1448.97  0.000e+00
       3046     30.500     8.1117     8.1134     0.0017    0.83668    0.83672          1     7.4499     7.6861       9.96     0.0208  4.924e-11  1.000e-12  2.031e+00     7.0641     7.0640    -0.0000     5.3966     5.3964     30.216     30.899      0.388    1448.94    1448.95  0.000e+00
       3097     31.000     8.1147     8.1145    -0.0001    0.83678    0.83677          1     7.4647     7.6850       9.96     0.0213  4.924e-11  1.000e-12  2.031e+00     7.0643     7.0642    -0.0000     5.3965     5.3965     30.711     31.405      0.226    1448.96    1448.96  0.000e+00
       3146     31.500     8.1019     8.1041     0.0023    0.83640    0.83647          1     7.4591     7.6896       9.96     0.0212  4.924e-11  1.000e-12  2.031e+00     7.0634     7.0635     0.0001     5.3968     5.3968     31.206     31.912      0.384    1448.91    1448.93  0.000e+00
       3178     32.000     8.1108     8.1160     0.0052    0.83674    0.83680          1     7.4558     7.7025       9.96     0.0211  4.924e-11  1.000e-12  2.031e+00     7.0646     7.0641    -0.0005     5.3971     5.3962     31.701     32.418      0.306    1448.96    1448.98  0.000e+00
       3237     32.500     8.0883     8.0744    -0.0137    0.83599    0.83571          1     7.4535     7.6965       9.96     0.0214  4.924e-11  1.000e-12  2.031e+00     7.0623     7.0625     0.0003     5.3971     5.3984     32.197     32.925      0.254    1448.87    1448.82  0.000e+00
       3278     33.000     8.0610     8.0615     0.0004    0.83529    0.83530          1     7.4671     7.7033       9.96     0.0214  4.924e-11  1.000e-12  2.031e+00     7.0613     7.0613     0.0000     5.3985     5.3985     32.692     33.431      0.309    1448.77    1448.77  0.000e+00
       3325     33.500     8.0607     8.0606    -0.0001    0.83530    0.83530          1     7.4600     7.7030       9.96     0.0222  4.924e-11  1.000e-12  2.031e+00     7.0614     7.0614     0.0000     5.3987     5.3987     33.187     33.938      0.228    1448.78    1448.77  0.000e+00
       3373     34.000     8.0603     8.0610     0.0006    0.83531    0.83532          1     7.4479     7.7011       9.96     0.0230  4.924e-11  1.000e-12  2.031e+00     7.0616     7.0615    -0.0000     5.3988     5.3987     33.683     34.444      0.285    1448.78    1448.78  0.000e+00
       3416     34.500     8.0597     8.0598     0.0001    0.83531    0.83532          1     7.4494     7.6974       9.96     0.0210  4.924e-11  1.000e-12  2.031e+00     7.0616     7.0616     0.0000     5.3989     5.3989     34.178     34.951      0.259    1448.79    1448.79  0.000e+00
       3462     35.000     8.0575     8.0583     0.0008    0.83529    0.83530          1     7.4633     7.6941       9.96     0.0216  4.924e-11  1.000e-12  2.031e+00     7.0618     7.0618    -0.0000     5.3992     5.3991     34.673     35.458      0.292    1448.79    1448.79  0.000e+00
       3502     35.500     8.0557     8.0567     0.0010    0.83528    0.83529          1     7.4603     7.6984       9.96     0.0219  4.924e-11  1.000e-12  2.031e+00     7.0620     7.0619    -0.0001     5.3995     5.3994     35.169     35.964      0.270    1448.79    1448.79  0.000e+00
       3553     36.000     8.0519     8.0502    -0.0017    0.83523    0.83521          1     7.4578     7.7007       9.96     0.0215  4.924e-11  1.000e-12  2.031e+00     7.0623     7.0625     0.0002     5.4001     5.4003     35.664     36.471      0.235    1448.78    1448.77  0.000e+00
       3597     36.500     8.0491     8.0496     0.0005    0.83520    0.83520          1     7.4642     7.7047       9.96     0.0225  4.924e-11  1.000e-12  2.031e+00     7.0625     7.0624    -0.0001     5.4005     5.4004     36.159     36.977      0.301    1448.78    1448.78  0.000e+00
       3640     37.000     8.0480     8.0477    -0.0003    0.83523    0.83523          1     7.4744     7.6955       9.96     0.0221  4.924e-11  1.000e-12  2.031e+00     7.0630     7.0630     0.0000     5.4009     5.4010     36.654     37.484      0.250    1448.78    1448.78  0.000e+00
       3688     37.500     8.0458     8.0466     0.0008    0.83527    0.83531          1     7.4639     7.6915       9.96     0.0240  4.924e-11  1.000e-12  2.031e+00     7.0637     7.0639     0.0001     5.4017     5.4017     37.150     37.990      0.261    1448.78    1448.79  0.000e+00
       3732     38.000     8.0563     8.0584     0.0021    0.83576    0.83581          1     7.4447     7.6969       9.96     0.0220  4.924e-11  1.000e-12  2.031e+00     7.0659     7.0660     0.0000     5.4026     5.4024     37.645     38.497      0.281    1448.84    1448.84  0.000e+00
       3774     38.500     8.0656     8.0682     0.0026    0.83614    0.83621          1     7.4527     7.6918       9.96     0.0219  4.924e-11  1.000e-12  2.031e+00     7.0675     7.0676     0.0001     5.4030     5.4029     38.140     39.003      0.287    1448.88    1448.89  0.000e+00
       3819     39.000     8.0661     8.0675     0.0014    0.83615    0.83619          1     7.4600     7.6947       9.96     0.0230  4.924e-11  1.000e-12  2.031e+00     7.0675     7.0675     0.0001     5.4030     5.4029     38.636     39.510      0.251    1448.89    1448.90  0.000e+00
       3868     39.500     8.0671     8.0708     0.0037    0.83620    0.83631          1     7.4636     7.6933       9.96     0.0219  4.924e-11  1.000e-12  2.031e+00     7.0676     7.0679     0.0003     5.4030     5.4029     39.131     40.016      0.253    1448.91    1448.92  0.000e+00
       3913     40.000     8.0689     8.0729     0.0040    0.83626    0.83640          1     7.4547     7.6932       9.96     0.0209  4.924e-11  1.000e-12  2.031e+00     7.0678     7.0683     0.0005     5.4030     5.4030     39.626     40.523      0.266    1448.92    1448.94  0.000e+00
       3959     40.500     8.0697     8.0725     0.0028    0.83632    0.83641          1     7.4601     7.6961       9.96     0.0208  4.924e-11  1.000e-12  2.031e+00     7.0681     7.0683     0.0003     5.4031     5.4031     40.121     41.029      0.266    1448.93    1448.95  0.000e+00
       4003     41.000     8.0701     8.0750     0.0050    0.83633    0.83650          1     7.4544     7.6919       9.96     0.0215  4.924e-11  1.000e-12  2.031e+00     7.0681     7.0686     0.0005     5.4031     5.4031     40.617     41.536      0.267    1448.94    1448.96  0.000e+00
       4049     41.500     8.0778     8.1183     0.0406    0.83670    0.83835          1     7.4473     7.6871       9.96     0.0215  4.924e-11  1.000e-12  2.031e+00     7.0698     7.0766     0.0068     5.4038     5.4058     41.112     42.042      0.263    1448.98    1449.16  0.000e+00
       4094     42.000     8.0995     8.1582     0.0586    0.83765    0.84146          1     7.3940     7.6686       9.96     0.0220  4.924e-11  1.000e-12  2.031e+00     7.0740     7.0968     0.0228     5.4054     5.4184     41.607     42.549      0.277    1449.09    1449.35  0.000e+00
       4137     42.500     8.1118     8.1239     0.0121    0.83879    0.84104          1     7.4016     7.6531       9.96     0.0209  4.924e-11  1.000e-12  2.031e+00     7.0818     7.0998     0.0180     5.4104     5.4235     42.102     43.055      0.263    1449.15    1449.23  0.000e+00
       4186     43.000     8.1250     8.0691    -0.0559    0.84042    0.84001          1     7.5294     7.6467       9.96     0.0208  4.924e-11  1.000e-12  2.031e+00     7.0939     7.1014     0.0075     5.4188     5.4293     42.598     43.562      0.247    1449.23    1449.01  0.000e+00
       4233     43.500     8.0854     7.4756    -0.6098    0.84010    0.83343          1     7.3699     7.6291       9.96     0.0201  4.924e-11  1.000e-12  2.031e+00     7.0989     7.1625     0.0636     5.4260     5.5222     43.093     44.069      0.243    1449.08    1446.65  0.000e+00
       4286     44.000     7.5693     6.3925    -1.1764    0.83379    0.81985          1     7.1451     7.3963       9.96     0.0192  4.924e-11  1.000e-12  2.031e+00     7.1464     7.2614     0.1151     5.5032     5.6730     43.588     44.575      0.262    1447.03    1442.24  0.000e+00
       4323     44.500     6.8759     6.1286    -0.7477    0.82531    0.81607          1     7.0743     7.2061       9.96     0.0171  4.924e-11  1.000e-12  2.031e+00     7.2111     7.2817     0.0706     5.6026     5.7038     44.083     45.081      0.327    1444.22    1441.15  0.000e+00
       4372     45.000     6.4561     5.8994    -0.5559    0.81986    0.81303          1     7.0190     7.2239       9.96     0.0170  4.924e-11  1.000e-12  2.031e+00     7.2480     7.3017     0.0538     5.6582     5.7318     44.579     45.588      0.219    1442.51    1440.20  0.000e+00
       4423     45.500     6.0617     5.4754    -0.5870    0.81497    0.80781          1     6.8856     7.0944       9.96     0.0169  4.924e-11  1.000e-12  2.031e+00     7.2854     7.3430     0.0576     5.7102     5.7852     45.074     46.094      0.307    1440.88    1438.42  0.000e+00
       4462     46.000     5.6296     5.1700    -0.4594    0.80888    0.80299          1     6.8484     6.9900       9.96     0.0166  4.924e-11  1.000e-12  2.031e+00     7.3199     7.3628     0.0429     5.7596     5.8143     45.569     46.601      0.267    1439.07    1437.12  0.000e+00
       4516     46.500     5.2823     5.0544    -0.2279    0.80436    0.80110          1     6.9170     7.0267       9.96     0.0164  4.924e-11  1.000e-12  2.031e+00     7.3514     7.3695     0.0181     5.8006     5.8244     46.065     47.107      0.232    1437.61    1436.63  0.000e+00
       4561     47.000     5.1535     4.8730    -0.2806    0.80239    0.79840          1     6.8524     7.0240       9.96     0.0160  4.924e-11  1.000e-12  2.031e+00     7.3604     7.3829     0.0226     5.8131     5.8420     46.560     47.613      0.287    1437.06    1435.86  0.000e+00
       4606     47.500     4.9444     4.7004    -0.2440    0.79880    0.79569          1     6.8835     7.0248       9.96     0.0160  4.924e-11  1.000e-12  2.031e+00     7.3710     7.3944     0.0234     5.8299     5.8574     47.055     48.120      0.255    1436.17    1435.12  0.000e+00
       4652     48.000     4.7914     4.7312    -0.0602    0.79736    0.79875          1     6.8049     7.0282       9.96     0.0159  4.924e-11  1.000e-12  2.031e+00     7.3906     7.4180     0.0273     5.8512     5.8750     47.550     48.626      0.271    1435.52    1435.29  0.000e+00
       4694     48.500     4.7372     4.6485    -0.0887    0.79806    0.79772          1     6.8277     6.9922       9.96     0.0159  4.924e-11  1.000e-12  2.031e+00     7.4096     7.4261     0.0165     5.8682     5.8843     48.046     49.132      0.287    1435.32    1434.95  0.000e+00
       4742     49.000     4.6570     4.4399    -0.2173    0.79732    0.79351          1     6.8651     7.0074       9.96     0.0159  4.924e-11  1.000e-12  2.031e+00     7.4202     7.4307     0.0106     5.8793     5.8947     48.541     49.639      0.227    1434.98    1434.03  0.000e+00
       4791     49.500     4.3541     4.0061    -0.3477    0.79051    0.78326          1     7.0040     7.0583       9.96     0.0159  4.924e-11  1.000e-12  2.031e+00     7.4198     7.4251     0.0053     5.8886     5.9025     49.036     50.145      0.280    1433.64    1432.09  0.000e+00
       4834     50.000     4.1086     4.1145     0.0058    0.78545    0.78783          1     7.0406     7.2480       9.96     0.0159  4.924e-11  1.000e-12  2.031e+00     7.4240     7.4468     0.0228     5.8990     5.9170     49.531     50.651      0.258    1432.56    1432.61  0.000e+00
       4883     50.500     4.1500     4.0925    -0.0575    0.78832    0.78915          1     6.7435     7.1274       9.96     0.0159  4.924e-11  1.000e-12  2.031e+00     7.4437     7.4652     0.0215     5.9135     5.9321     50.027     51.157      0.257    1432.78    1432.55  0.000e+00
       4926     51.000     4.1104     4.1324     0.0219    0.78887    0.79133          1     6.6993     6.9711       9.96     0.0159  4.924e-11  1.000e-12  2.031e+00     7.4582     7.4782     0.0199     5.9262     5.9414     50.522     51.664      0.294    1432.63    1432.75  0.000e+00
       4968     51.500     4.1478     4.1945     0.0467    0.79142    0.79431          1     6.6017     6.8685       9.96     0.0159  4.924e-11  1.000e-12  2.031e+00     7.4755     7.4942     0.0187     5.9389     5.9524     51.017     52.170      0.261    1432.82    1433.06  0.000e+00
       5016     52.000     4.1785     4.1059    -0.0725    0.79348    0.79369          1     6.5102     6.7486       9.96     0.0159  4.924e-11  1.000e-12  2.031e+00     7.4893     7.5081     0.0188     5.9490     5.9659     51.512     52.676      0.275    1432.99    1432.69  0.000e+00
       5056     52.500     4.1254     4.0918    -0.0336    0.79390    0.79548          1     6.4407     6.6682       9.96     0.0159  4.924e-11  1.000e-12  2.031e+00     7.5056     7.5294     0.0238     5.9634     5.9832     52.008     53.182      0.272    1432.78    1432.66  0.000e+00
       5111     53.000     4.1082     4.0775    -0.0307    0.79572    0.79720          1     6.3154     6.5572       9.96     0.0159  4.924e-11  1.000e-12  2.031e+00     7.5280     7.5501     0.0222     5.9816     6.0000     52.503     53.689      0.217    1432.74    1432.63  0.000e+00
       5159     53.500     4.0587     3.8707    -0.1878    0.79614    0.79275          1     6.2863     6.4574       9.96     0.0159  4.924e-11  1.000e-12  2.031e+00     7.5436     7.5524     0.0088     5.9953     6.0069     52.998     54.195      0.289    1432.54    1431.71  0.000e+00
       5200     54.000     3.9191     3.8808    -0.0384    0.79370    0.79466          1     6.2631     6.4423       9.96     0.0159  4.924e-11  1.000e-12  2.031e+00     7.5508     7.5695     0.0187     6.0045     6.0203     53.493     54.701      0.267    1431.93    1431.78  0.000e+00
       5256     54.500     3.9065     3.8689    -0.0376    0.79469    0.79584          1     6.1425     6.3914       9.96     0.0159  4.924e-11  1.000e-12  2.031e+00     7.5638     7.5843     0.0205     6.0151     6.0323     53.989     55.207      0.237    1431.90    1431.76  0.000e+00
       5295     55.000     3.9037     3.9496     0.0459    0.79656    0.80167          1     6.0466     6.3170       9.96     0.0159  4.924e-11  1.000e-12  2.031e+00     7.5835     7.6251     0.0416     6.0309     6.0628     54.484     55.714      0.375    1431.92    1432.18  0.000e+00
       5331     55.500     3.9578     4.0302     0.0723    0.80234    0.80874          1     5.8392     6.1246       9.96     0.0159  4.924e-11  1.000e-12  2.031e+00     7.6299     7.6784     0.0485     6.0664     6.1031     54.979     56.220      0.250    1432.23    1432.62  0.000e+00
       5394     56.000     4.0080     3.9882    -0.0198    0.80881    0.81162          1     5.6098     5.8218       9.96     0.0159  4.924e-11  1.000e-12  2.031e+00     7.6843     7.7176     0.0333     6.1084     6.1353     55.474     56.726      0.282    1432.54    1432.49  0.000e+00
