ctdpy/exports/archive_20191121_122431/received_data/SBE09_1044_20181108_1217_34_01_0117.cnv
* Sea-Bird SBE 9 Data File:
* FileName = C:\ctd\temp\ar18d117.hex
* Software Version Seasave V 7.26.7.107
* Temperature SN = 5351
* Conductivity SN = 3941
* Number of Bytes Per Scan = 30
* Number of Voltage Words = 4
* Number of Scans Averaged by the Deck Unit = 1
* NMEA Latitude = 59 50.80 N
* NMEA Longitude = 024 50.26 E
* NMEA UTC (Time) = Nov 08 2018 12:17:10
* NMEA baud rate = 4800
** Station:  BY23
** Operator:  JKro
** Ship: ARANDA
** Average sound velocity: 1449.63 m/s
** True-depth calculation Thu, 08 Nov 2018 17:14:36 +0000
** CTD Python Module SMHI /ver 3-12/ feb 2012 
** LIMS Job: 20183401-0117
** Cruise: SMHI-6-2018
** Latitude [GG MM.mm N]:
** Longitude [GG MM.mm E]
# nquan = 26
# nvalues = 192                         
# units = specified
# name 0 = scan: Scan Count
# name 1 = prDM: Pressure, Digiquartz [db]
# name 2 = t090C: Temperature [ITS-90, deg C]
# name 3 = t190C: Temperature, 2 [ITS-90, deg C]
# name 4 = T2-T190C: Temperature Difference, 2 - 1 [ITS-90, deg C]
# name 5 = c0S/m: Conductivity [S/m]
# name 6 = c1S/m: Conductivity, 2 [S/m]
# name 7 = pumps: Pump Status
# name 8 = sbeox0ML/L: Oxygen, SBE 43 [ml/l]
# name 9 = sbeox1ML/L: Oxygen, SBE 43, 2 [ml/l]
# name 10 = altM: Altimeter [m]
# name 11 = flECO-AFL: Chl-a Fluorescence, WET Labs ECO-AFL/FL [mg/m^3]
# name 12 = flECO-AFL1: Phycocyanin Fluorescence, WET Labs ECO-AFL/FL, 2 [mg/m^3]
# name 13 = par: PAR/Irradiance, Biospherical/Lico [µE/(cm^2*s)]
# name 14 = turbWETntu0: Turbidity, WET Labs ECO [NTU]
# name 15 = sal00: Salinity, Practical [PSU]
# name 16 = sal11: Salinity, Practical, 2 [PSU]
# name 17 = secS-priS: Salinity, Practical, Difference, 2 - 1 [PSU]
# name 18 = sigma-t00: Density [sigma-t, Kg/m^3 ]
# name 19 = sigma-t11: Density, 2 [sigma-t, Kg/m^3 ]
# name 20 = depSM: Depth [salt water, m], lat = 59.8467
# name 21 = depFM: Depth [true depth, m], lat = 59.8467
# name 22 = dz/dtM: Descent Rate [m/s], WS = 2
# name 23 = svCM: Sound Velocity [Chen-Millero, m/s]
# name 24 = svCM1: Sound Velocity, 2 [Chen-Millero, m/s]
# name 25 = flag: flag
# span 0 =      23259,      28561       
# span 1 =      0.500,     96.000       
# span 2 =     6.0765,     9.4900       
# span 3 =     6.0776,     9.4917       
# span 4 =    -0.0192,     0.0113       
# span 5 =   0.739415,   1.136707       
# span 6 =   0.739365,   1.136785       
# span 7 =          1,          1       
# span 8 =    0.05933,    7.10179       
# span 9 =    0.10061,    6.84337       
# span 10 =       4.44,      97.68      
# span 11 =     0.3978,     1.1300      
# span 12 =     0.1699,     0.3793      
# span 13 = 1.0000e-12, 6.3824e+01      
# span 14 =     0.2893,     8.1802      
# span 15 =     5.9944,    10.4130      
# span 16 =     5.9940,    10.4135      
# span 17 =    -0.0121,     0.0027      
# span 18 =     4.4569,     8.1736      
# span 19 =     4.4591,     8.1739      
# span 20 =      0.495,     95.074      
# span 21 =      0.507,     97.220      
# span 22 =      0.123,      0.798      
# span 23 =    1445.60,    1453.26      
# span 24 =    1445.61,    1453.26      
# span 25 = 0.0000e+00, 0.0000e+00      
# interval = decibars: 0.5              
# start_time = Nov 08 2018 12:17:10 [NMEA time, header]
# bad_flag = -9.990e-29
*END*
      23259      0.500     9.2875     9.2685    -0.0192    0.74023    0.73992          1     7.0903     6.8270       9.70     1.0730     0.3793  6.382e+01  0.4070000     5.9944     5.9949     0.0005     4.4569     4.4591      0.495      0.507      0.123    1451.88    1451.80  0.000e+00
      23564      1.000     9.2487     9.2463    -0.0024    0.73950    0.73939          1     7.0997     6.8434      93.38     1.0667     0.3423  6.352e+01  0.4682000     5.9946     5.9940    -0.0006     4.4606     4.4604      0.991      1.014      0.206    1451.73    1451.72  0.000e+00
      23900      1.500     9.2451     9.2537     0.0086    0.73952    0.73965          1     7.0935     6.7534      87.80     1.1300     0.3313  4.194e+01  0.4548000     5.9952     5.9949    -0.0003     4.4615     4.4604      1.486      1.521      0.289    1451.73    1451.76  0.000e+00
      23908      2.000     9.2481     9.2467    -0.0014    0.73959    0.73950          1     7.0823     6.7790      85.26     1.0557     0.3132  1.833e+01  0.4837000     5.9953     5.9948    -0.0005     4.4613     4.4610      1.981      2.028      0.406    1451.74    1451.74  0.000e+00
      23936      2.500     9.2386     9.2390     0.0004    0.73942    0.73937          1     7.0676     6.8211      85.06     1.0022     0.3364  1.512e+01  0.5106000     5.9954     5.9948    -0.0005     4.4622     4.4618      2.476      2.535      0.470    1451.71    1451.72  0.000e+00
      23959      3.000     9.2377     9.2393     0.0015    0.73942    0.73938          1     7.0787     6.8001      74.39     1.0021     0.2949  1.244e+01  0.5326000     5.9955     5.9949    -0.0006     4.4624     4.4618      2.972      3.042      0.501    1451.72    1451.73  0.000e+00
      23984      3.500     9.2431     9.2438     0.0007    0.73981    0.73972          1     7.0832     6.7773      65.23     0.9926     0.2700  1.023e+01  0.5082000     5.9980     5.9971    -0.0009     4.4638     4.4631      3.467      3.549      0.465    1451.75    1451.75  0.000e+00
      24011      4.000     9.2437     9.2449     0.0012    0.73988    0.73981          1     7.0803     6.7752      59.46     0.9516     0.3551  8.354e+00  0.4992000     5.9984     5.9976    -0.0008     4.4641     4.4634      3.962      4.056      0.436    1451.76    1451.77  0.000e+00
      24038      4.500     9.2417     9.2449     0.0032    0.73976    0.73984          1     7.0726     6.8162      76.66     0.9388     0.2990  6.950e+00  0.4823000     5.9976     5.9978     0.0002     4.4637     4.4635      4.458      4.563      0.502    1451.76    1451.78  0.000e+00
      24060      5.000     9.2420     9.2447     0.0028    0.73978    0.73980          1     7.0758     6.7696      31.18     0.9305     0.3031  5.794e+00  0.5009000     5.9977     5.9975    -0.0003     4.4637     4.4633      4.953      5.070      0.579    1451.77    1451.78  0.000e+00
      24080      5.500     9.2430     9.2454     0.0024    0.73980    0.73984          1     7.0866     6.7703      86.89     0.9007     0.2781  4.729e+00  0.4997000     5.9977     5.9977    -0.0000     4.4636     4.4633      5.448      5.577      0.606    1451.78    1451.79  0.000e+00
      24100      6.000     9.2412     9.2432     0.0020    0.73974    0.73974          1     7.0842     6.7473      97.68     0.9130     0.2817  3.809e+00  0.4868000     5.9975     5.9971    -0.0004     4.4636     4.4631      5.943      6.084      0.565    1451.78    1451.79  0.000e+00
      24122      6.500     9.2418     9.2434     0.0016    0.73979    0.73980          1     7.0825     6.7759      97.60     0.9206     0.3054  3.173e+00  0.4824000     5.9977     5.9975    -0.0002     4.4637     4.4634      6.439      6.591      0.508    1451.79    1451.80  0.000e+00
      24146      7.000     9.2464     9.2463    -0.0001    0.74005    0.73996          1     7.1018     6.8028      97.19     0.9029     0.3013  2.726e+00  0.5267000     5.9992     5.9984    -0.0008     4.4644     4.4638      6.934      7.098      0.532    1451.82    1451.82  0.000e+00
      24168      7.500     9.2482     9.2492     0.0010    0.74014    0.74010          1     7.0938     6.7929      96.57     0.9233     0.3536  2.324e+00  0.5186000     5.9996     5.9990    -0.0005     4.4646     4.4641      7.429      7.605      0.589    1451.84    1451.84  0.000e+00
      24187      8.000     9.2467     9.2483     0.0016    0.74011    0.74008          1     7.0647     6.7536      96.16     0.9360     0.3297  1.925e+00  0.5042000     5.9995     5.9990    -0.0004     4.4647     4.4642      7.924      8.112      0.589    1451.84    1451.84  0.000e+00
      24209      8.500     9.2466     9.2480     0.0014    0.74011    0.74008          1     7.0451     6.7539      95.54     0.8965     0.2913  1.587e+00  0.5234000     5.9995     5.9990    -0.0005     4.4647     4.4642      8.420      8.619      0.535    1451.85    1451.85  0.000e+00
      24232      9.000     9.2553     9.2531    -0.0023    0.74068    0.74041          1     7.0575     6.7534      94.97     0.8982     0.2865  1.315e+00  0.4862000     6.0030     6.0010    -0.0020     4.4666     4.4652      8.915      9.126      0.499    1451.89    1451.88  0.000e+00
      24256      9.500     9.2878     9.2937     0.0058    0.74284    0.74314          1     7.0189     6.7285      94.34     0.8582     0.3054  1.105e+00  0.4831000     6.0162     6.0178     0.0016     4.4738     4.4745      9.410      9.633      0.525    1452.05    1452.07  0.000e+00
      24278     10.000     9.3689     9.3735     0.0047    0.74798    0.74820          1     6.9645     6.6630      93.80     0.7918     0.2983  9.156e-01  0.4815000     6.0472     6.0483     0.0011     4.4903     4.4907      9.906     10.140      0.561    1452.42    1452.44  0.000e+00
      24299     10.500     9.3820     9.3826     0.0007    0.74886    0.74881          1     6.9514     6.6568      93.37     0.7608     0.3145  7.585e-01  0.4470000     6.0526     6.0520    -0.0006     4.4932     4.4927     10.401     10.647      0.584    1452.48    1452.48  0.000e+00
      24319     11.000     9.4210     9.4190    -0.0021    0.75107    0.75086          1     6.9450     6.6365      92.90     0.7343     0.2753  6.433e-01  0.4360000     6.0651     6.0636    -0.0015     4.4992     4.4983     10.896     11.154      0.594    1452.66    1452.65  0.000e+00
      24339     11.500     9.4673     9.4675     0.0002    0.75463    0.75449          1     6.9319     6.6236      92.38     0.7122     0.2881  5.507e-01  0.4348000     6.0881     6.0868    -0.0013     4.5127     4.5117     11.391     11.661      0.593    1452.88    1452.88  0.000e+00
      24360     12.000     9.4756     9.4771     0.0015    0.75553    0.75545          1     6.9216     6.6415      91.85     0.7133     0.3026  4.620e-01  0.4185000     6.0944     6.0934    -0.0009     4.5168     4.5159     11.887     12.168      0.578    1452.93    1452.93  0.000e+00
      24381     12.500     9.4794     9.4807     0.0013    0.75629    0.75620          1     6.9262     6.6302      91.23     0.7011     0.3023  3.757e-01  0.3972000     6.1003     6.0993    -0.0010     4.5210     4.5201     12.382     12.675      0.543    1452.96    1452.96  0.000e+00
      24404     13.000     9.4836     9.4851     0.0015    0.75675    0.75673          1     6.9315     6.6263      90.77     0.6998     0.2859  3.120e-01  0.3955000     6.1036     6.1031    -0.0005     4.5232     4.5226     12.877     13.182      0.515    1452.99    1452.99  0.000e+00
      24427     13.500     9.4882     9.4897     0.0014    0.75733    0.75730          1     6.9400     6.6338      90.33     0.7093     0.2647  2.591e-01  0.3907000     6.1077     6.1072    -0.0006     4.5260     4.5254     13.372     13.689      0.534    1453.02    1453.02  0.000e+00
      24449     14.000     9.4900     9.4917     0.0017    0.75770    0.75769          1     6.9437     6.6434      89.81     0.6986     0.2631  2.215e-01  0.3856000     6.1106     6.1102    -0.0004     4.5280     4.5275     13.868     14.196      0.574    1453.04    1453.04  0.000e+00
      24469     14.500     9.4861     9.4877     0.0017    0.75779    0.75778          1     6.9191     6.6500      89.32     0.6865     0.2844  1.764e-01  0.3819000     6.1120     6.1117    -0.0004     4.5295     4.5290     14.363     14.703      0.603    1453.03    1453.04  0.000e+00
      24489     15.000     9.4816     9.4834     0.0018    0.75785    0.75785          1     6.8866     6.6084      88.69     0.6761     0.3043  1.449e-01  0.3782000     6.1132     6.1129    -0.0003     4.5309     4.5304     14.858     15.210      0.615    1453.02    1453.03  0.000e+00
      24508     15.500     9.4662     9.4687     0.0026    0.75749    0.75750          1     6.8564     6.5762      88.16     0.6754     0.3205  1.164e-01  0.4401000     6.1127     6.1123    -0.0003     4.5319     4.5314     15.354     15.717      0.610    1452.97    1452.98  0.000e+00
      24528     16.000     9.4556     9.4575     0.0019    0.75728    0.75727          1     6.8430     6.5626      87.71     0.6590     0.3210  8.444e-02  0.4086000     6.1126     6.1122    -0.0004     4.5329     4.5324     15.849     16.224      0.570    1452.94    1452.94  0.000e+00
      24551     16.500     9.4546     9.4564     0.0018    0.75737    0.75736          1     6.8440     6.5445      87.11     0.6656     0.3211  6.149e-02  0.3952000     6.1135     6.1131    -0.0004     4.5337     4.5332     16.344     16.731      0.494    1452.94    1452.95  0.000e+00
      24578     17.000     9.4503     9.4522     0.0019    0.75737    0.75734          1     6.8424     6.5637      86.52     0.6902     0.2845  4.154e-02  0.3960000     6.1141     6.1136    -0.0006     4.5346     4.5340     16.839     17.238      0.453    1452.93    1452.94  0.000e+00
      24603     17.500     9.4386     9.4424     0.0037    0.75721    0.75724          1     6.8529     6.5691      85.99     0.6797     0.2705  2.608e-02  0.4092000     6.1147     6.1144    -0.0004     4.5362     4.5356     17.334     17.745      0.539    1452.89    1452.91  0.000e+00
      24623     18.000     9.4266     9.4283     0.0017    0.75735    0.75734          1     6.8785     6.6019      85.33     0.6664     0.2852  1.529e-02  0.4153000     6.1179     6.1176    -0.0003     4.5399     4.5394     17.830     18.252      0.653    1452.86    1452.87  0.000e+00
      24640     18.500     9.4254     9.4271     0.0017    0.75741    0.75740          1     6.8986     6.6125      84.89     0.6775     0.3036  2.773e-03  0.4022000     6.1186     6.1183    -0.0004     4.5405     4.5401     18.325     18.759      0.707    1452.86    1452.87  0.000e+00
      24657     19.000     9.4286     9.4299     0.0013    0.75767    0.75765          1     6.9142     6.5979      84.52     0.6874     0.3081  6.245e-05  0.3967000     6.1203     6.1199    -0.0004     4.5415     4.5411     18.820     19.266      0.695    1452.89    1452.89  0.000e+00
      24675     19.500     9.4290     9.4310     0.0020    0.75775    0.75776          1     6.9181     6.6219      84.14     0.6851     0.2957  3.359e-12  0.4003000     6.1209     6.1206    -0.0003     4.5420     4.5416     19.315     19.773      0.625    1452.90    1452.90  0.000e+00
      24696     20.000     9.4350     9.4369     0.0019    0.75816    0.75815          1     6.9195     6.6343      83.61     0.6763     0.2864  1.000e-12  0.4049000     6.1233     6.1230    -0.0004     4.5433     4.5428     19.811     20.280      0.494    1452.93    1452.94  0.000e+00
      24726     20.500     9.4401     9.4401    -0.0000    0.75847    0.75836          1     6.9286     6.6160      82.93     0.6871     0.3167  1.000e-12  0.3916000     6.1251     6.1242    -0.0010     4.5442     4.5434     20.306     20.787      0.376    1452.96    1452.96  0.000e+00
      24756     21.000     9.4585     9.4585     0.0000    0.75963    0.75953          1     6.9442     6.6399      82.41     0.7005     0.2907  1.000e-12  0.3800000     6.1320     6.1311    -0.0009     4.5477     4.5470     20.801     21.294      0.509    1453.05    1453.05  0.000e+00
      24776     21.500     9.4673     9.4685     0.0012    0.76015    0.76013          1     6.9157     6.6134      81.89     0.6924     0.2711  1.000e-12  0.3825000     6.1350     6.1346    -0.0004     4.5492     4.5488     21.296     21.800      0.702    1453.10    1453.10  0.000e+00
      24791     22.000     9.4744     9.4742    -0.0002    0.76057    0.76048          1     6.8631     6.5903      81.30     0.6641     0.2767  1.000e-12  0.3696000     6.1374     6.1366    -0.0007     4.5504     4.5498     21.792     22.307      0.797    1453.14    1453.14  0.000e+00
      24805     22.500     9.4772     9.4794     0.0022    0.76085    0.76085          1     6.8069     6.5607      81.03     0.6589     0.2728  1.000e-12  0.3663000     6.1393     6.1388    -0.0004     4.5516     4.5511     22.287     22.814      0.791    1453.16    1453.17  0.000e+00
      24821     23.000     9.4402     9.4464     0.0062    0.75987    0.75998          1     6.7610     6.5095      80.62     0.6531     0.2462  1.000e-12  0.3597000     6.1370     6.1369    -0.0001     4.5535     4.5528     22.782     23.321      0.675    1453.02    1453.04  0.000e+00
      24844     23.500     9.4204     9.4227     0.0023    0.75933    0.75931          1     6.7393     6.4886      79.54     0.6408     0.2382  1.000e-12  0.3832000     6.1357     6.1351    -0.0006     4.5543     4.5536     23.277     23.828      0.446    1452.95    1452.95  0.000e+00
      24879     24.000     9.4175     9.4193     0.0017    0.75955    0.75951          1     6.7482     6.4787      79.08     0.6465     0.2676  1.000e-12  0.4041000     6.1380     6.1374    -0.0007     4.5564     4.5557     23.773     24.335      0.358    1452.94    1452.95  0.000e+00
      24905     24.500     9.4202     9.4215     0.0013    0.75983    0.75979          1     6.7940     6.5050      78.84     0.6537     0.2772  1.000e-12  0.4043000     6.1399     6.1394    -0.0006     4.5576     4.5571     24.268     24.842      0.612    1452.97    1452.97  0.000e+00
      24922     25.000     9.4229     9.4241     0.0012    0.76014    0.76010          1     6.8338     6.5314      78.49     0.6526     0.2781  1.000e-12  0.4073000     6.1422     6.1416    -0.0006     4.5591     4.5586     24.763     25.349      0.764    1452.99    1452.99  0.000e+00
      24937     25.500     9.4335     9.4342     0.0007    0.76095    0.76086          1     6.8646     6.5630      78.09     0.6440     0.2744  1.000e-12  0.3999000     6.1473     6.1464    -0.0009     4.5621     4.5613     25.258     25.856      0.798    1453.04    1453.05  0.000e+00
      24952     26.000     9.4405     9.4414     0.0009    0.76139    0.76133          1     6.8858     6.6060      77.75     0.6459     0.2750  1.000e-12  0.3959000     6.1498     6.1492    -0.0006     4.5634     4.5628     25.754     26.363      0.717    1453.08    1453.09  0.000e+00
      24971     26.500     9.4524     9.4492    -0.0032    0.76187    0.76169          1     6.8929     6.6094      77.22     0.6739     0.2024  1.000e-12  0.3958000     6.1520     6.1510    -0.0010     4.5639     4.5634     26.249     26.870      0.522    1453.14    1453.13  0.000e+00
      25002     27.000     9.4519     9.4529     0.0010    0.76189    0.76184          1     6.8892     6.6264      76.39     0.6750     0.2464  1.000e-12  0.3812000     6.1521     6.1516    -0.0005     4.5641     4.5636     26.744     27.377      0.369    1453.15    1453.15  0.000e+00
      25032     27.500     9.4677     9.4676    -0.0002    0.76257    0.76247          1     6.8590     6.6263      75.77     0.6610     0.2768  1.000e-12  0.3818000     6.1553     6.1544    -0.0009     4.5650     4.5643     27.239     27.884      0.508    1453.22    1453.22  0.000e+00
