ctdpy/exports/archive_20191121_122431/received_data/SBE09_1044_20180419_0001_34_07_0019.cnv
* Sea-Bird SBE 9 Data File:
* FileName = C:\ctd\temp\2018\AU18D019.hex
* Software Version Seasave V 7.26.6.26
* Temperature SN = 5351
* Conductivity SN = 3941
* Number of Bytes Per Scan = 41
* Number of Voltage Words = 4
* Number of Scans Averaged by the Deck Unit = 1
* NMEA Latitude = 57 18.73 N
* NMEA Longitude = 020 04.57 E
* NMEA UTC (Time) = Apr 19 2018  00:01:32
* NMEA baud rate = 4800
** Station:  BY15 extra
** Operator:  A-KTh
** Ship: AURA
** Average sound velocity: 1444.66 m/s
** True-depth calculation Thu, 19 Apr 2018 01:11:04 +0000
** CTD Python Module SMHI /ver 3-12/ feb 2012 
** LIMS Job: 20183407-0019
** Cruise: SMHI-01-2018
** Latitude [GG MM.mm N] :
** Longitude [GG MM.mm E]:
# nquan = 26
# nvalues = 469                         
# units = specified
# name 0 = scan: Scan Count
# name 1 = prDM: Pressure, Digiquartz [db]
# name 2 = t090C: Temperature [ITS-90, deg C]
# name 3 = t190C: Temperature, 2 [ITS-90, deg C]
# name 4 = T2-T190C: Temperature Difference, 2 - 1 [ITS-90, deg C]
# name 5 = c0S/m: Conductivity [S/m]
# name 6 = c1S/m: Conductivity, 2 [S/m]
# name 7 = pumps: Pump Status
# name 8 = sbeox0ML/L: Oxygen, SBE 43 [ml/l]
# name 9 = sbeox1ML/L: Oxygen, SBE 43, 2 [ml/l]
# name 10 = altM: Altimeter [m]
# name 11 = flECO-AFL: Chl-a Fluorescence, WET Labs ECO-AFL/FL [mg/m^3]
# name 12 = flECO-AFL1: Phycocyanin Fluorescence, WET Labs ECO-AFL/FL, 2 [mg/m^3]
# name 13 = par: PAR/Irradiance, Biospherical/Lico [µE/(cm^2*s)]
# name 14 = turbWETntu0: Turbidity, WET Labs ECO [NTU]
# name 15 = sal00: Salinity, Practical [PSU]
# name 16 = sal11: Salinity, Practical, 2 [PSU]
# name 17 = secS-priS: Salinity, Practical, Difference, 2 - 1 [PSU]
# name 18 = sigma-t00: Density [sigma-t, Kg/m^3 ]
# name 19 = sigma-t11: Density, 2 [sigma-t, Kg/m^3 ]
# name 20 = depSM: Depth [salt water, m], lat = 57.3122
# name 21 = depFM: Depth [true depth, m], lat = 57.3122
# name 22 = dz/dtM: Descent Rate [m/s], WS = 2
# name 23 = svCM: Sound Velocity [Chen-Millero, m/s]
# name 24 = svCM1: Sound Velocity, 2 [Chen-Millero, m/s]
# name 25 = flag: flag
# span 0 =       7601,      19727       
# span 1 =      0.500,    234.500       
# span 2 =     2.7380,     6.9109       
# span 3 =     2.7384,     6.9114       
# span 4 =    -0.0583,     0.0153       
# span 5 =   0.755572,   1.460423       
# span 6 =   0.755439,   1.460410       
# span 7 =          1,          1       
# span 8 =    0.02092,    9.89899       
# span 9 =    0.02471,    9.74129       
# span 10 =       4.19,      99.07      
# span 11 =     0.2506,     6.4826      
# span 12 =     0.1522,     1.1213      
# span 13 = 1.0000e-12, 2.4460e+00      
# span 14 =     0.1171,     0.5351      
# span 15 =     7.3378,    13.2983      
# span 16 =     7.3371,    13.2981      
# span 17 =    -0.0424,     0.0056      
# span 18 =     5.8483,    10.3801      
# span 19 =     5.8478,    10.3798      
# span 20 =      0.495,    232.208      
# span 21 =      0.506,    236.806      
# span 22 =      0.170,      0.656      
# span 23 =    1426.41,    1455.03      
# span 24 =    1426.42,    1455.03      
# span 25 = 0.0000e+00, 0.0000e+00      
# interval = decibars: 0.5              
# start_time = Apr 19 2018 00:01:32 [NMEA time, first data scan]
# bad_flag = -9.990e-29
*END*
[from data line 391]
      17772    196.000     6.8934     6.8938     0.0004    1.44521    1.44520          1     0.0299     0.0333      43.80     0.3343     0.2596  1.000e-12  0.2561000    13.1628    13.1626    -0.0002    10.2752    10.2750    194.103    197.993      0.434    1454.17    1454.17  0.000e+00
      17799    196.500     6.8943     6.8948     0.0005    1.44547    1.44546          1     0.0310     0.0305      43.29     0.3321     0.2362  1.000e-12  0.2417000    13.1649    13.1647    -0.0002    10.2767    10.2765    194.598    198.497      0.481    1454.18    1454.18  0.000e+00
      17822    197.000     6.8949     6.8953     0.0005    1.44575    1.44575          1     0.0289     0.0331      42.81     0.3231     0.2223  1.000e-12  0.2316000    13.1674    13.1672    -0.0002    10.2787    10.2785    195.093    199.001      0.555    1454.20    1454.20  0.000e+00
      17842    197.500     6.8944     6.8949     0.0005    1.44605    1.44603          1     0.0279     0.0326      42.35     0.3335     0.2453  1.000e-12  0.2531000    13.1704    13.1701    -0.0004    10.2811    10.2807    195.588    199.506      0.593    1454.21    1454.21  0.000e+00
      17863    198.000     6.8950     6.8954     0.0004    1.44645    1.44643          1     0.0289     0.0295      41.86     0.3440     0.2643  1.000e-12  0.2599000    13.1741    13.1738    -0.0003    10.2839    10.2836    196.082    200.010      0.579    1454.22    1454.22  0.000e+00
      17884    198.500     6.8965     6.8970     0.0005    1.44686    1.44685          1     0.0303     0.0327      41.30     0.3382     0.2446  1.000e-12  0.2590000    13.1774    13.1772    -0.0002    10.2863    10.2861    196.577    200.514      0.513    1454.24    1454.24  0.000e+00
      17910    199.000     6.8976     6.8981     0.0006    1.44712    1.44711          1     0.0292     0.0315      40.74     0.3198     0.2917  1.000e-12  0.2441000    13.1794    13.1791    -0.0003    10.2879    10.2876    197.072    201.018      0.438    1454.25    1454.26  0.000e+00
      17938    199.500     6.8980     6.8985     0.0006    1.44734    1.44734          1     0.0278     0.0284      40.21     0.3277     0.2236  1.000e-12  0.2304000    13.1814    13.1812    -0.0003    10.2894    10.2891    197.567    201.522      0.453    1454.27    1454.27  0.000e+00
      17963    200.000     6.8982     6.8987     0.0005    1.44756    1.44755          1     0.0277     0.0311      39.76     0.3095     0.2072  1.000e-12  0.2288000    13.1833    13.1831    -0.0003    10.2909    10.2906    198.062    202.026      0.538    1454.28    1454.28  0.000e+00
      17983    200.500     6.8980     6.8986     0.0006    1.44774    1.44774          1     0.0290     0.0306      39.27     0.3109     0.2186  1.000e-12  0.2284000    13.1851    13.1849    -0.0002    10.2923    10.2920    198.557    202.530      0.590    1454.29    1454.29  0.000e+00
      18004    201.000     6.8977     6.8982     0.0006    1.44791    1.44791          1     0.0290     0.0307      38.77     0.3211     0.2504  1.000e-12  0.2328000    13.1868    13.1866    -0.0002    10.2937    10.2934    199.052    203.034      0.571    1454.30    1454.30  0.000e+00
      18026    201.500     6.8978     6.8984     0.0005    1.44810    1.44810          1     0.0297     0.0318      38.24     0.3263     0.2443  1.000e-12  0.2465000    13.1886    13.1883    -0.0003    10.2950    10.2948    199.547    203.538      0.504    1454.31    1454.31  0.000e+00
      18051    202.000     6.8980     6.8984     0.0005    1.44826    1.44826          1     0.0286     0.0303      37.71     0.3420     0.2478  1.000e-12  0.2511000    13.1900    13.1898    -0.0003    10.2961    10.2959    200.042    204.042      0.464    1454.32    1454.32  0.000e+00
      18077    202.500     6.8984     6.8989     0.0005    1.44849    1.44849          1     0.0284     0.0283      37.18     0.3203     0.2451  1.000e-12  0.2539000    13.1919    13.1917    -0.0002    10.2976    10.2974    200.537    204.546      0.489    1454.33    1454.33  0.000e+00
      18101    203.000     6.8988     6.8993     0.0006    1.44870    1.44869          1     0.0281     0.0305      36.67     0.3124     0.2154  1.000e-12  0.2580000    13.1937    13.1935    -0.0003    10.2990    10.2987    201.032    205.050      0.513    1454.34    1454.34  0.000e+00
      18124    203.500     6.8992     6.8997     0.0005    1.44886    1.44886          1     0.0282     0.0300      36.16     0.3339     0.2131  1.000e-12  0.2475000    13.1951    13.1949    -0.0002    10.3001    10.2998    201.526    205.554      0.525    1454.35    1454.36  0.000e+00
      18146    204.000     6.8996     6.9001     0.0004    1.44901    1.44901          1     0.0283     0.0293      35.64     0.3335     0.2823  1.000e-12  0.2412000    13.1963    13.1961    -0.0002    10.3009    10.3007    202.021    206.059      0.541    1454.36    1454.37  0.000e+00
      18168    204.500     6.9000     6.9004     0.0004    1.44919    1.44917          1     0.0299     0.0314      35.13     0.3242     0.2439  1.000e-12  0.2401000    13.1978    13.1975    -0.0003    10.3021    10.3018    202.516    206.563      0.544    1454.38    1454.38  0.000e+00
      18191    205.000     6.9001     6.9006     0.0005    1.44943    1.44942          1     0.0289     0.0289      34.60     0.3292     0.2306  1.000e-12  0.2405000    13.2000    13.1998    -0.0003    10.3038    10.3036    203.011    207.067      0.506    1454.39    1454.39  0.000e+00
      18216    205.500     6.9003     6.9009     0.0005    1.44968    1.44967          1     0.0279     0.0288      34.07     0.3340     0.2285  1.000e-12  0.2444000    13.2024    13.2020    -0.0003    10.3057    10.3053    203.506    207.571      0.470    1454.40    1454.40  0.000e+00
      18241    206.000     6.9013     6.9018     0.0005    1.44992    1.44992          1     0.0285     0.0295      33.57     0.3350     0.2413  1.000e-12  0.2385000    13.2042    13.2040    -0.0002    10.3070    10.3068    204.001    208.075      0.487    1454.41    1454.42  0.000e+00
      18265    206.500     6.9017     6.9022     0.0005    1.45004    1.45004          1     0.0275     0.0289      33.09     0.3405     0.2178  1.000e-12  0.2619000    13.2052    13.2050    -0.0002    10.3078    10.3076    204.496    208.579      0.520    1454.42    1454.43  0.000e+00
      18288    207.000     6.9018     6.9024     0.0005    1.45021    1.45021          1     0.0289     0.0296      32.60     0.3480     0.1998  1.000e-12  0.2580000    13.2067    13.2065    -0.0002    10.3089    10.3087    204.991    209.083      0.546    1454.44    1454.44  0.000e+00
      18309    207.500     6.9016     6.9021     0.0006    1.45038    1.45038          1     0.0293     0.0300      32.10     0.3436     0.2077  1.000e-12  0.2263000    13.2083    13.2081    -0.0002    10.3102    10.3100    205.486    209.587      0.550    1454.44    1454.45  0.000e+00
      18331    208.000     6.9017     6.9022     0.0005    1.45051    1.45051          1     0.0271     0.0303      31.56     0.3353     0.2465  1.000e-12  0.2349000    13.2095    13.2093    -0.0002    10.3112    10.3109    205.981    210.091      0.528    1454.45    1454.46  0.000e+00
      18355    208.500     6.9018     6.9024     0.0006    1.45067    1.45067          1     0.0275     0.0290      31.01     0.3462     0.2691  1.000e-12  0.2459000    13.2109    13.2107    -0.0002    10.3122    10.3120    206.475    210.595      0.493    1454.46    1454.47  0.000e+00
      18380    209.000     6.9021     6.9026     0.0005    1.45081    1.45080          1     0.0292     0.0283      30.46     0.3346     0.2288  1.000e-12  0.2450000    13.2121    13.2118    -0.0003    10.3131    10.3129    206.970    211.099      0.463    1454.47    1454.48  0.000e+00
      18406    209.500     6.9029     6.9034     0.0005    1.45103    1.45102          1     0.0281     0.0294      29.94     0.3354     0.2442  1.000e-12  0.2224000    13.2138    13.2135    -0.0003    10.3144    10.3142    207.465    211.603      0.472    1454.49    1454.49  0.000e+00
      18431    210.000     6.9034     6.9039     0.0005    1.45119    1.45118          1     0.0276     0.0304      29.45     0.3464     0.2596  1.000e-12  0.2351000    13.2151    13.2148    -0.0003    10.3154    10.3151    207.960    212.107      0.531    1454.50    1454.50  0.000e+00
      18452    210.500     6.9035     6.9040     0.0005    1.45133    1.45132          1     0.0279     0.0286      29.01     0.3470     0.2333  1.000e-12  0.2293000    13.2164    13.2161    -0.0003    10.3164    10.3161    208.455    212.612      0.582    1454.51    1454.51  0.000e+00
      18472    211.000     6.9037     6.9041     0.0005    1.45145    1.45144          1     0.0265     0.0282      28.50     0.3557     0.2265  1.000e-12  0.2367000    13.2174    13.2171    -0.0002    10.3171    10.3169    208.950    213.116      0.578    1454.52    1454.52  0.000e+00
      18494    211.500     6.9037     6.9043     0.0005    1.45155    1.45155          1     0.0275     0.0290      27.97     0.3522     0.2249  1.000e-12  0.2564000    13.2183    13.2181    -0.0002    10.3178    10.3177    209.445    213.620      0.514    1454.53    1454.53  0.000e+00
      18519    212.000     6.9040     6.9046     0.0006    1.45169    1.45168          1     0.0280     0.0282      27.43     0.3393     0.2093  1.000e-12  0.2524000    13.2194    13.2191    -0.0003    10.3187    10.3184    209.940    214.124      0.448    1454.54    1454.54  0.000e+00
      18547    212.500     6.9045     6.9051     0.0006    1.45186    1.45186          1     0.0282     0.0278      26.89     0.3349     0.2037  1.000e-12  0.2493000    13.2208    13.2205    -0.0003    10.3198    10.3195    210.435    214.628      0.453    1454.55    1454.56  0.000e+00
      18572    213.000     6.9048     6.9053     0.0005    1.45211    1.45210          1     0.0276     0.0282      26.42     0.3273     0.2290  1.000e-12  0.2297000    13.2230    13.2228    -0.0003    10.3215    10.3212    210.929    215.132      0.512    1454.56    1454.57  0.000e+00
      18594    213.500     6.9053     6.9057     0.0005    1.45240    1.45240          1     0.0280     0.0284      25.90     0.3329     0.2415  1.000e-12  0.2150000    13.2256    13.2254    -0.0002    10.3235    10.3233    211.424    215.636      0.571    1454.58    1454.58  0.000e+00
      18614    214.000     6.9057     6.9061     0.0004    1.45272    1.45271          1     0.0263     0.0284      25.40     0.3438     0.2284  1.000e-12  0.2224000    13.2285    13.2283    -0.0002    10.3257    10.3255    211.919    216.140      0.586    1454.59    1454.59  0.000e+00
      18635    214.500     6.9060     6.9065     0.0005    1.45298    1.45297          1     0.0244     0.0284      24.89     0.3343     0.2306  1.000e-12  0.2208000    13.2308    13.2306    -0.0003    10.3275    10.3273    212.414    216.644      0.539    1454.60    1454.61  0.000e+00
      18659    215.000     6.9061     6.9067     0.0006    1.45318    1.45317          1     0.0275     0.0291      24.34     0.3238     0.2388  1.000e-12  0.2278000    13.2327    13.2324    -0.0003    10.3289    10.3287    212.909    217.148      0.458    1454.61    1454.62  0.000e+00
      18688    215.500     6.9065     6.9070     0.0005    1.45336    1.45336          1     0.0279     0.0285      23.80     0.3445     0.2573  1.000e-12  0.2324000    13.2343    13.2341    -0.0002    10.3302    10.3300    213.404    217.652      0.435    1454.63    1454.63  0.000e+00
      18714    216.000     6.9067     6.9072     0.0005    1.45348    1.45348          1     0.0277     0.0282      23.27     0.3360     0.2696  1.000e-12  0.2179000    13.2352    13.2350    -0.0002    10.3309    10.3307    213.899    218.156      0.494    1454.64    1454.64  0.000e+00
      18737    216.500     6.9069     6.9074     0.0005    1.45359    1.45359          1     0.0258     0.0282      22.78     0.3481     0.2249  1.000e-12  0.2283000    13.2361    13.2359    -0.0002    10.3316    10.3314    214.394    218.660      0.545    1454.65    1454.65  0.000e+00
      18758    217.000     6.9072     6.9077     0.0005    1.45375    1.45375          1     0.0277     0.0284      22.27     0.3347     0.2378  1.000e-12  0.2168000    13.2375    13.2373    -0.0002    10.3326    10.3324    214.889    219.164      0.554    1454.66    1454.66  0.000e+00
      18780    217.500     6.9075     6.9080     0.0005    1.45397    1.45396          1     0.0253     0.0288      21.76     0.3266     0.2733  1.000e-12  0.2347000    13.2395    13.2392    -0.0003    10.3341    10.3339    215.383    219.668      0.521    1454.67    1454.67  0.000e+00
      18804    218.000     6.9077     6.9083     0.0006    1.45419    1.45419          1     0.0276     0.0283      21.23     0.3307     0.2481  1.000e-12  0.2270000    13.2415    13.2412    -0.0003    10.3357    10.3354    215.878    220.172      0.475    1454.68    1454.68  0.000e+00
      18831    218.500     6.9079     6.9085     0.0006    1.45440    1.45440          1     0.0275     0.0283      20.68     0.3259     0.2063  1.000e-12  0.2166000    13.2433    13.2431    -0.0003    10.3371    10.3369    216.373    220.677      0.449    1454.69    1454.69  0.000e+00
      18857    219.000     6.9081     6.9087     0.0006    1.45460    1.45459          1     0.0266     0.0284      20.16     0.3237     0.2329  1.000e-12  0.2152000    13.2451    13.2448    -0.0004    10.3385    10.3382    216.868    221.181      0.466    1454.70    1454.70  0.000e+00
      18882    219.500     6.9083     6.9088     0.0005    1.45485    1.45483          1     0.0260     0.0284      19.66     0.3422     0.2069  1.000e-12  0.2779000    13.2474    13.2470    -0.0004    10.3403    10.3400    217.363    221.685      0.507    1454.71    1454.72  0.000e+00
      18905    220.000     6.9084     6.9089     0.0005    1.45503    1.45502          1     0.0251     0.0284      19.19     0.3459     0.2067  1.000e-12  0.2476000    13.2491    13.2488    -0.0002    10.3416    10.3414    217.858    222.189      0.547    1454.72    1454.73  0.000e+00
      18926    220.500     6.9086     6.9091     0.0005    1.45526    1.45525          1     0.0265     0.0284      18.72     0.3464     0.2263  1.000e-12  0.2228000    13.2511    13.2509    -0.0002    10.3432    10.3430    218.353    222.693      0.557    1454.74    1454.74  0.000e+00
      18948    221.000     6.9089     6.9094     0.0006    1.45553    1.45552          1     0.0272     0.0280      18.18     0.3443     0.2607  1.000e-12  0.2246000    13.2536    13.2533    -0.0003    10.3451    10.3448    218.847    223.197      0.511    1454.75    1454.75  0.000e+00
      18974    221.500     6.9089     6.9095     0.0006    1.45570    1.45570          1     0.0259     0.0281      17.59     0.3397     0.2240  1.000e-12  0.2254000    13.2551    13.2549    -0.0002    10.3463    10.3461    219.342    223.701      0.435    1454.76    1454.76  0.000e+00
      19003    222.000     6.9088     6.9094     0.0006    1.45585    1.45584          1     0.0255     0.0288      17.04     0.3467     0.2989  1.000e-12  0.2192000    13.2566    13.2563    -0.0003    10.3475    10.3472    219.837    224.205      0.422    1454.77    1454.77  0.000e+00
      19030    222.500     6.9090     6.9095     0.0005    1.45608    1.45606          1     0.0249     0.0278      16.55     0.3463     0.2143  1.000e-12  0.2265000    13.2587    13.2583    -0.0003    10.3491    10.3488    220.332    224.709      0.489    1454.78    1454.78  0.000e+00
