ctdpy/exports/archive_20191121_122431/received_data/SBE09_0827_20180301_0920_26_01_0337.cnv
* Sea-Bird SBE 9 Data File:
* FileName = D:\CTD_SBE911\DAT\26DA.2018.3.37.hex
* Software Version Seasave V 7.21d
* Temperature SN = 034757
* Conductivity SN = 041844
* Number of Bytes Per Scan = 48
* Number of Voltage Words = 5
* Number of Scans Averaged by the Deck Unit = 1
* NMEA Latitude = 57 17.08 N
* NMEA Longitude = 019 00.53 E
* NMEA UTC (Time) = Mar 01 2018  09:20:23
* NMEA baud rate = 4800
** Ship: DANA
** Average sound velocity: 1426.61 m/s
** True-depth calculation Tue, 02 Apr 2019 12:08:44 +0000
** CTD Python Module SMHI /ver 3-12/ feb 2012 
** LIMS Job: 20182601-0337
** Operator:
** Cruise: 02/2018
# nquan = 26
# nvalues = 111                         
# units = specified
# name 0 = scan: Scan Count
# name 1 = prDM: Pressure, Digiquartz [db]
# name 2 = t090C: Temperature [ITS-90, deg C]
# name 3 = t190C: Temperature, 2 [ITS-90, deg C]
# name 4 = T2-T190C: Temperature Difference, 2 - 1 [ITS-90, deg C]
# name 5 = c0S/m: Conductivity [S/m]
# name 6 = c1S/m: Conductivity, 2 [S/m]
# name 7 = pumps: Pump Status
# name 8 = sbeox1ML/L: Oxygen, SBE 43, 2 [ml/l]
# name 9 = sbeox0ML/L: Oxygen, SBE 43 [ml/l]
# name 10 = altM: Altimeter [m]
# name 11 = chloroflTC0: Chlorophyll, Turner Cyclops [ug/l]
# name 12 = cpar: CPAR/Corrected Irradiance [%]
# name 13 = par: PAR/Irradiance, Biospherical/Lico [µE/(cm^2*s)]
# name 14 = spar: SPAR, Biospherical/Licor
# name 15 = sal00: Salinity, Practical [PSU]
# name 16 = sal11: Salinity, Practical, 2 [PSU]
# name 17 = secS-priS: Salinity, Practical, Difference, 2 - 1 [PSU]
# name 18 = sigma-t00: Density [sigma-t, kg/m^3 ]
# name 19 = sigma-t11: Density, 2 [sigma-t, kg/m^3 ]
# name 20 = depSM: Depth [salt water, m], lat = 57.2847
# name 21 = depFM: Depth [true depth, m], lat = 57.2847
# name 22 = dz/dtM: Descent Rate [m/s], WS = 2
# name 23 = svCM: Sound Velocity [Chen-Millero, m/s]
# name 24 = svCM1: Sound Velocity, 2 [Chen-Millero, m/s]
# name 25 = flag: flag
# span 0 =         48,       6004       
# span 1 =      1.000,     56.000       
# span 2 =     2.8849,     2.8980       
# span 3 =     2.8846,     2.8967       
# span 4 =    -0.0052,     0.0040       
# span 5 =   0.753322,   0.753938       
# span 6 =   0.752580,   0.753240       
# span 7 =          1,          1       
# span 8 =     8.5711,     8.6369       
# span 9 =     8.5073,     8.5402       
# span 10 =       0.82,      10.00      
# span 11 =     0.0112,     0.0591      
# span 12 = 5.6802e-14, 1.1726e+01      
# span 13 = 1.0000e-12, 7.4374e+01      
# span 14 = 5.2396e+02, 1.7605e+03      
# span 15 =     7.3759,     7.3772      
# span 16 =     7.3687,     7.3693      
# span 17 =    -0.0083,    -0.0071      
# span 18 =     5.8813,     5.8823      
# span 19 =     5.8755,     5.8761      
# span 20 =      0.991,     55.477      
# span 21 =      1.013,     56.705      
# span 22 =     -0.283,      0.879      
# span 23 =    1426.18,    1427.03      
# span 24 =    1426.17,    1427.02      
# span 25 = 0.0000e+00, 0.0000e+00      
# interval = decibars: 0.5              
# start_time = Mar 01 2018 09:20:23 [NMEA time, first data scan]
# bad_flag = -9.990e-29
*END*
[from data line 56]
       2897     29.000     2.8950     2.8947    -0.0002    0.75374    0.75303          1     8.6251     8.5208       9.96     0.0121  1.219e-03  7.610e-03  6.239e+02     7.3766     7.3692    -0.0074     5.8818     5.8759     28.731     29.365      0.376    1426.64    1426.63  0.000e+00
       2923     29.500     2.8952     2.8953     0.0001    0.75375    0.75305          1     8.6228     8.5253       9.96     0.0121  6.103e-05  3.805e-04  6.254e+02     7.3766     7.3691    -0.0074     5.8818     5.8759     29.226     29.871      0.359    1426.65    1426.64  0.000e+00
       2983     30.000     2.8949     2.8955     0.0006    0.75375    0.75307          1     8.6252     8.5237       9.96     0.0122  1.665e-11  1.038e-10  6.298e+02     7.3766     7.3692    -0.0074     5.8818     5.8759     29.722     30.377      0.262    1426.65    1426.65  0.000e+00
       3025     30.500     2.8942     2.8950     0.0008    0.75374    0.75307          1     8.6274     8.5192       9.96     0.0122  1.579e-13  1.000e-12  6.335e+02     7.3765     7.3693    -0.0073     5.8818     5.8760     30.217     30.884      0.428    1426.66    1426.65  0.000e+00
       3051     31.000     2.8941     2.8948     0.0007    0.75375    0.75306          1     8.6227     8.5329       9.96     0.0122  1.570e-13  1.000e-12  6.369e+02     7.3766     7.3692    -0.0074     5.8818     5.8759     30.712     31.390      0.400    1426.66    1426.66  0.000e+00
       3111     31.500     2.8935     2.8949     0.0013    0.75374    0.75308          1     8.6241     8.5337       9.96     0.0120  1.541e-13  1.000e-12  6.490e+02     7.3765     7.3693    -0.0073     5.8818     5.8760     31.208     31.896      0.248    1426.67    1426.67  0.000e+00
       3160     32.000     2.8931     2.8933     0.0002    0.75374    0.75305          1     8.6116     8.5309       9.96     0.0112  1.508e-13  1.000e-12  6.633e+02     7.3765     7.3692    -0.0073     5.8818     5.8760     31.703     32.403      0.377    1426.68    1426.67  0.000e+00
       3193     32.500     2.8931     2.8939     0.0008    0.75374    0.75306          1     8.6188     8.5275       9.96     0.0122  1.378e-13  1.000e-12  7.284e+02     7.3765     7.3692    -0.0073     5.8818     5.8759     32.198     32.909      0.310    1426.69    1426.68  0.000e+00
       3244     33.000     2.8925     2.8950     0.0025    0.75374    0.75309          1     8.6315     8.5302       9.96     0.0122  1.179e-13  1.000e-12  8.439e+02     7.3765     7.3692    -0.0073     5.8818     5.8759     32.694     33.415      0.149    1426.69    1426.69  0.000e+00
       3326     33.500     2.8925     2.8925    -0.0000    0.75374    0.75304          1     8.6156     8.5305       9.96     0.0122  1.239e-13  1.000e-12  8.087e+02     7.3765     7.3692    -0.0073     5.8818     5.8759     33.189     33.921      0.304    1426.70    1426.69  0.000e+00
       3355     34.000     2.8907     2.8908     0.0001    0.75369    0.75301          1     8.6077     8.5310       9.96     0.0122  1.133e-13  1.000e-12  8.829e+02     7.3763     7.3691    -0.0072     5.8817     5.8759     33.684     34.428      0.467    1426.69    1426.69  0.000e+00
       3381     34.500     2.8862     2.8887     0.0025    0.75359    0.75297          1     8.6157     8.5309       9.96     0.0121  1.104e-13  1.000e-12  9.065e+02     7.3762     7.3691    -0.0071     5.8816     5.8759     34.179     34.934      0.357    1426.68    1426.69  0.000e+00
       3461     35.000     2.8865     2.8904     0.0040    0.75360    0.75301          1     8.6081     8.5221       9.96     0.0120  9.438e-14  1.000e-12  1.062e+03     7.3762     7.3691    -0.0072     5.8816     5.8759     34.675     35.440      0.294    1426.69    1426.70  0.000e+00
       3497     35.500     2.8866     2.8862    -0.0004    0.75360    0.75291          1     8.6005     8.5254       9.96     0.0122  8.093e-14  1.000e-12  1.239e+03     7.3762     7.3690    -0.0072     5.8815     5.8758     35.170     35.947      0.423    1426.70    1426.69  0.000e+00
       3527     36.000     2.8853     2.8859     0.0006    0.75358    0.75291          1     8.6158     8.5252       9.96     0.0122  7.786e-14  1.000e-12  1.285e+03     7.3761     7.3689    -0.0072     5.8815     5.8758     35.665     36.453      0.339    1426.70    1426.70  0.000e+00
       3571     36.500     2.8849     2.8884     0.0036    0.75358    0.75296          1     8.6369     8.5320       9.96     0.0122  8.535e-14  1.000e-12  1.175e+03     7.3761     7.3689    -0.0072     5.8815     5.8757     36.161     36.959      0.206    1426.71    1426.71  0.000e+00
       3647     37.000     2.8849     2.8855     0.0006    0.75358    0.75291          1     8.6268     8.5368       9.96     0.0123  7.533e-14  1.000e-12  1.335e+03     7.3761     7.3689    -0.0072     5.8816     5.8758     36.656     37.466      0.271    1426.72    1426.71  0.000e+00
       3682     37.500     2.8849     2.8846    -0.0003    0.75359    0.75289          1     8.6213     8.5262       9.96     0.0122  6.316e-14  1.000e-12  1.584e+03     7.3761     7.3689    -0.0073     5.8815     5.8758     37.151     37.972      0.421    1426.72    1426.71  0.000e+00
       3712     38.000     2.8851     2.8852     0.0001    0.75361    0.75291          1     8.6170     8.5231       9.96     0.0122  6.014e-14  1.000e-12  1.663e+03     7.3762     7.3689    -0.0073     5.8816     5.8757     37.647     38.478      0.316    1426.73    1426.72  0.000e+00
       3784     38.500     2.8860     2.8857    -0.0003    0.75363    0.75294          1     8.6186     8.5325       9.96     0.0122  5.978e-14  1.000e-12  1.673e+03     7.3761     7.3689    -0.0072     5.8815     5.8758     38.142     38.984      0.273    1426.75    1426.74  0.000e+00
       3824     39.000     2.8865     2.8863    -0.0002    0.75365    0.75295          1     8.6114     8.5402       9.96     0.0118  6.019e-14  1.000e-12  1.661e+03     7.3762     7.3689    -0.0073     5.8816     5.8758     38.637     39.491      0.390    1426.76    1426.75  0.000e+00
       3856     39.500     2.8864     2.8863    -0.0001    0.75365    0.75296          1     8.6134     8.5305       9.96     0.0123  6.098e-14  1.000e-12  1.640e+03     7.3761     7.3689    -0.0072     5.8816     5.8758     39.133     39.997      0.340    1426.76    1426.75  0.000e+00
       3901     40.000     2.8872     2.8877     0.0006    0.75368    0.75300          1     8.6225     8.5278       9.96     0.0124  6.250e-14  1.000e-12  1.600e+03     7.3762     7.3689    -0.0073     5.8816     5.8757     39.628     40.503      0.224    1426.77    1426.77  0.000e+00
       3955     40.500     2.8879     2.8876    -0.0003    0.75370    0.75300          1     8.6243     8.5345       9.96     0.0121  6.324e-14  1.000e-12  1.581e+03     7.3762     7.3689    -0.0073     5.8816     5.8757     40.123     41.010      0.247    1426.78    1426.78  0.000e+00
       4002     41.000     2.8881     2.8876    -0.0005    0.75371    0.75301          1     8.6229     8.5216       9.96     0.0122  6.301e-14  1.000e-12  1.587e+03     7.3761     7.3689    -0.0072     5.8815     5.8758     40.618     41.516      0.240    1426.79    1426.78  0.000e+00
       4053     41.500     2.8875     2.8882     0.0007    0.75370    0.75303          1     8.6179     8.5255       9.96     0.0122  6.308e-14  1.000e-12  1.585e+03     7.3761     7.3689    -0.0072     5.8815     5.8757     41.114     42.022      0.285    1426.80    1426.79  0.000e+00
       4086     42.000     2.8863     2.8876     0.0013    0.75368    0.75302          1     8.6188     8.5313       9.96     0.0122  6.295e-14  1.000e-12  1.588e+03     7.3761     7.3689    -0.0072     5.8815     5.8758     41.609     42.528      0.392    1426.80    1426.80  0.000e+00
       4125     42.500     2.8864     2.8876     0.0012    0.75369    0.75302          1     8.6197     8.5265       9.96     0.0120  6.220e-14  1.000e-12  1.608e+03     7.3761     7.3688    -0.0073     5.8815     5.8757     42.104     43.035      0.259    1426.81    1426.80  0.000e+00
       4208     43.000     2.8867     2.8871     0.0005    0.75370    0.75302          1     8.6195     8.5201       9.96     0.0123  6.069e-14  1.000e-12  1.648e+03     7.3761     7.3689    -0.0072     5.8815     5.8757     42.600     43.541      0.343    1426.82    1426.81  0.000e+00
       4233     43.500     2.8867     2.8863    -0.0004    0.75370    0.75301          1     8.6103     8.5263       9.96     0.0122  6.005e-14  1.000e-12  1.665e+03     7.3760     7.3689    -0.0072     5.8815     5.8757     43.095     44.047      0.477    1426.83    1426.82  0.000e+00
       4259     44.000     2.8871     2.8872     0.0001    0.75372    0.75303          1     8.6078     8.5288       9.96     0.0122  5.945e-14  1.000e-12  1.682e+03     7.3761     7.3688    -0.0073     5.8815     5.8757     43.590     44.554      0.404    1426.84    1426.83  0.000e+00
       4306     44.500     2.8872     2.8877     0.0006    0.75373    0.75305          1     8.6196     8.5355       9.96     0.0122  5.863e-14  1.000e-12  1.706e+03     7.3761     7.3689    -0.0073     5.8815     5.8757     44.085     45.060      0.210    1426.84    1426.84  0.000e+00
       4367     45.000     2.8872     2.8871    -0.0001    0.75374    0.75305          1     8.6195     8.5345       9.96     0.0122  5.752e-14  1.000e-12  1.738e+03     7.3761     7.3689    -0.0072     5.8815     5.8757     44.581     45.566      0.308    1426.85    1426.84  0.000e+00
       4404     45.500     2.8874     2.8877     0.0003    0.75375    0.75307          1     8.6216     8.5315       9.96     0.0128  5.698e-14  1.000e-12  1.755e+03     7.3761     7.3689    -0.0072     5.8815     5.8757     45.076     46.072      0.262    1426.86    1426.85  0.000e+00
       4466     46.000     2.8878     2.8883     0.0005    0.75377    0.75309          1     8.6157     8.5216       9.96     0.0122  5.680e-14  1.000e-12  1.760e+03     7.3761     7.3689    -0.0073     5.8815     5.8757     45.571     46.579      0.218    1426.87    1426.86  0.000e+00
       4518     46.500     2.8888     2.8884    -0.0004    0.75379    0.75310          1     8.6208     8.5118       9.96     0.0127  5.690e-14  1.000e-12  1.758e+03     7.3761     7.3689    -0.0072     5.8815     5.8757     46.067     47.085      0.216    1426.88    1426.87  0.000e+00
       4591     47.000     2.8879     2.8886     0.0007    0.75378    0.75311          1     8.6084     8.5357       9.96     0.0121  5.728e-14  1.000e-12  1.746e+03     7.3761     7.3689    -0.0072     5.8815     5.8758     46.562     47.591      0.283    1426.89    1426.88  0.000e+00
       4624     47.500     2.8875     2.8872    -0.0003    0.75378    0.75309          1     8.6063     8.5321       9.73     0.0124  5.745e-14  1.000e-12  1.740e+03     7.3761     7.3689    -0.0072     5.8815     5.8758     47.057     48.098      0.381    1426.89    1426.88  0.000e+00
       4660     48.000     2.8886     2.8888     0.0002    0.75381    0.75312          1     8.6172     8.5362       9.20     0.0122  5.760e-14  1.000e-12  1.736e+03     7.3761     7.3688    -0.0073     5.8815     5.8757     47.552     48.604      0.232    1426.91    1426.90  0.000e+00
       4750     48.500     2.8897     2.8890    -0.0007    0.75384    0.75314          1     8.6055     8.5260       8.70     0.0122  5.849e-14  1.000e-12  1.710e+03     7.3761     7.3689    -0.0072     5.8815     5.8758     48.048     49.110      0.227    1426.92    1426.91  0.000e+00
       4801     49.000     2.8889     2.8892     0.0004    0.75383    0.75315          1     8.6124     8.5298       8.15     0.0121  5.913e-14  1.000e-12  1.691e+03     7.3761     7.3689    -0.0072     5.8815     5.8757     48.543     49.616      0.239    1426.92    1426.92  0.000e+00
       4855     49.500     2.8886     2.8883    -0.0003    0.75383    0.75313          1     8.6163     8.5198       7.61     0.0119  6.010e-14  1.000e-12  1.664e+03     7.3761     7.3689    -0.0072     5.8815     5.8757     49.038     50.123      0.234    1426.93    1426.92  0.000e+00
       4899     50.000     2.8891     2.8886    -0.0005    0.75384    0.75314          1     8.6074     8.5330       7.12     0.0127  6.087e-14  1.000e-12  1.643e+03     7.3761     7.3689    -0.0072     5.8815     5.8757     49.534     50.629      0.256    1426.94    1426.93  0.000e+00
       4981     50.500     2.8901     2.8900    -0.0001    0.75387    0.75318          1     8.6079     8.5328       6.62     0.0118  6.220e-14  1.000e-12  1.608e+03     7.3761     7.3688    -0.0072     5.8815     5.8757     50.029     51.135      0.286    1426.95    1426.94  0.000e+00
       5014     51.000     2.8897     2.8896    -0.0001    0.75387    0.75318          1     8.6045     8.5312       6.08     0.0121  6.247e-14  1.000e-12  1.601e+03     7.3760     7.3689    -0.0072     5.8814     5.8757     50.524     51.642      0.383    1426.96    1426.95  0.000e+00
       5071     51.500     2.8900     2.8894    -0.0006    0.75388    0.75319          1     8.6229     8.5300       5.55     0.0122  6.267e-14  1.000e-12  1.596e+03     7.3761     7.3689    -0.0072     5.8815     5.8757     51.019     52.148      0.230    1426.97    1426.95  0.000e+00
       5138     52.000     2.8898     2.8895    -0.0003    0.75388    0.75320          1     8.6265     8.5267       5.03     0.0122  6.288e-14  1.000e-12  1.590e+03     7.3760     7.3689    -0.0071     5.8814     5.8757     51.515     52.654      0.232    1426.97    1426.96  0.000e+00
       5191     52.500     2.8898     2.8895    -0.0003    0.75389    0.75320          1     8.6121     8.5343       4.50     0.0121  6.320e-14  1.000e-12  1.582e+03     7.3760     7.3688    -0.0072     5.8814     5.8757     52.010     53.161      0.260    1426.98    1426.97  0.000e+00
       5229     53.000     2.8897     2.8895    -0.0002    0.75389    0.75321          1     8.6039     8.5305       3.98     0.0122  6.364e-14  1.000e-12  1.571e+03     7.3760     7.3689    -0.0071     5.8814     5.8757     52.505     53.667      0.324    1426.99    1426.98  0.000e+00
       5319     53.500     2.8905     2.8897    -0.0007    0.75391    0.75322          1     8.6061     8.5325       3.46     0.0122  6.494e-14  1.000e-12  1.540e+03     7.3760     7.3689    -0.0071     5.8814     5.8758     53.000     54.173      0.263    1427.00    1426.99  0.000e+00
       5367     54.000     2.8900     2.8895    -0.0005    0.75391    0.75322          1     8.6082     8.5259       2.95     0.0118  6.585e-14  1.000e-12  1.519e+03     7.3760     7.3688    -0.0071     5.8814     5.8757     53.496     54.679      0.437    1427.01    1427.00  0.000e+00
       5408     54.500     2.8901     2.8893    -0.0007    0.75392    0.75323          1     8.6184     8.5266       2.42     0.0122  6.678e-14  1.000e-12  1.498e+03     7.3760     7.3689    -0.0071     5.8814     5.8757     53.991     55.186      0.269    1427.01    1427.00  0.000e+00
       5505     55.000     2.8907     2.8894    -0.0013    0.75394    0.75323          1     8.6179     8.5202       1.90     0.0122  6.884e-14  1.000e-12  1.453e+03     7.3760     7.3688    -0.0072     5.8814     5.8757     54.486     55.692      0.221    1427.03    1427.01  0.000e+00
       5762     55.500     2.8898     2.8894    -0.0004    0.75392    0.75324          1     8.6152     8.5316       1.41     0.0122  1.317e-13  1.000e-12  7.694e+02     7.3760     7.3689    -0.0071     5.8814     5.8757     54.982     56.198      0.337    1427.03    1427.02  0.000e+00
       6004     56.000     2.8894     2.8896     0.0001    0.75391    0.75324          1     8.6146     8.5267       0.82     0.0117  1.466e-13  1.000e-12  6.810e+02     7.3759     7.3688    -0.0071     5.8813     5.8756     55.477     56.705     -0.283    1427.03    1427.02  0.000e+00
