ctdpy/exports/archive_20191121_122431/received_data/SBE09_0827_20180829_1133_26_01_0935.cnv
* Sea-Bird SBE 9 Data File:
* FileName = D:\CTD_SBE911\DAT\26DA.2018.8.135.hex
* Software Version Seasave V 7.21d
* Temperature SN = 034605
* Conductivity SN = 041844
* Number of Bytes Per Scan = 48
* Number of Voltage Words = 5
* Number of Scans Averaged by the Deck Unit = 1
* NMEA Latitude = 56 56.35 N
* NMEA Longitude = 012 12.56 E
* NMEA UTC (Time) = Aug 29 2018  11:35:56
* NMEA baud rate = 4800
** Ship: DANA
** Average sound velocity: 1499.85 m/s
** True-depth calculation Wed, 24 Apr 2019 11:51:50 +0000
** CTD Python Module SMHI /ver 3-12/ feb 2012 
** LIMS Job: 20182601-0935
**  N14 FALKENBERG
** Operator: Christian
** Cruise: 08/2018
# nquan = 26
# nvalues = 58                          
# units = specified
# name 0 = scan: Scan Count
# name 1 = prDM: Pressure, Digiquartz [db]
# name 2 = t090C: Temperature [ITS-90, deg C]
# name 3 = t190C: Temperature, 2 [ITS-90, deg C]
# name 4 = T2-T190C: Temperature Difference, 2 - 1 [ITS-90, deg C]
# name 5 = c0S/m: Conductivity [S/m]
# name 6 = c1S/m: Conductivity, 2 [S/m]
# name 7 = pumps: Pump Status
# name 8 = sbeox1ML/L: Oxygen, SBE 43, 2 [ml/l]
# name 9 = sbeox0ML/L: Oxygen, SBE 43 [ml/l]
# name 10 = altM: Altimeter [m]
# name 11 = chloroflTC0: Chlorophyll, Turner Cyclops [ug/l]
# name 12 = cpar: CPAR/Corrected Irradiance [%]
# name 13 = par: PAR/Irradiance, Biospherical/Lico [µE/(cm^2*s)]
# name 14 = spar: SPAR, Biospherical/Licor
# name 15 = sal00: Salinity, Practical [PSU]
# name 16 = sal11: Salinity, Practical, 2 [PSU]
# name 17 = secS-priS: Salinity, Practical, Difference, 2 - 1 [PSU]
# name 18 = sigma-t00: Density [sigma-t, kg/m^3 ]
# name 19 = sigma-t11: Density, 2 [sigma-t, kg/m^3 ]
# name 20 = depSM: Depth [salt water, m], lat = 56.9392
# name 21 = depFM: Depth [true depth, m], lat = 56.9392
# name 22 = dz/dtM: Descent Rate [m/s], WS = 2
# name 23 = svCM: Sound Velocity [Chen-Millero, m/s]
# name 24 = svCM1: Sound Velocity, 2 [Chen-Millero, m/s]
# name 25 = flag: flag
# span 0 =        701,       5190       
# span 1 =      1.500,     30.000       
# span 2 =     9.7242,    18.1252       
# span 3 =     9.7306,    18.0139       
# span 4 =    -0.1761,     1.3665       
# span 5 =   3.140400,   3.876942       
# span 6 =   0.351816,   3.876915       
# span 7 =          0,          1       
# span 8 =     3.5765,     6.5419       
# span 9 =     3.8153,     6.1168       
# span 10 =       3.02,      11.25      
# span 11 =     0.0644,     0.2691      
# span 12 = 2.5510e-02, 7.9871e+00      
# span 13 = 3.5896e-01, 1.0065e+02      
# span 14 = 1.2602e+03, 1.9830e+03      
# span 15 =    22.9736,    33.2756      
# span 16 =     2.1714,    33.3326      
# span 17 =   -20.8229,     0.1014      
# span 18 =    16.0923,    25.6514      
# span 19 =     0.2656,    25.6769      
# span 20 =      1.486,     29.722      
# span 21 =      1.504,     29.977      
# span 22 =     -0.050,      0.285      
# span 23 =    1487.23,    1505.85      
# span 24 =    1478.52,    1505.01      
# span 25 = 0.0000e+00, 0.0000e+00      
# interval = decibars: 0.5              
# start_time = Aug 29 2018 11:35:57 [NMEA time, first data scan]
# bad_flag = -9.990e-29
*END*
        701      1.500    18.0279    17.9918    -0.0361    3.15611    1.77477          0     6.5419     5.0460      11.25     0.0808  7.987e+00  1.007e+02  1.260e+03    23.0673    12.7485   -10.3187    16.1517     8.3091      1.486      1.504      0.166    1502.39    1490.58  0.000e+00
       1460      2.000    17.9873    17.9689    -0.0185    3.14427    0.35182          0     5.9975     4.4319       8.30     0.1665  6.536e+00  8.345e+01  1.277e+03    22.9943     2.1714   -20.8229    16.1053     0.2656      1.982      2.005      0.234    1502.19    1478.52  0.000e+00
       1508      2.500    17.9998    17.9978    -0.0019    3.14351    0.52891          0     5.5856     4.4040       7.90     0.1946  5.970e+00  7.627e+01  1.278e+03    22.9811     3.3551   -19.6260    16.0924     1.1629      2.477      2.506      0.267    1502.22    1479.98  0.000e+00
       1558      3.000    17.9727    18.0060     0.0333    3.14226    0.85214          0     5.4660     4.3619      10.10     0.2012  5.344e+00  6.838e+01  1.280e+03    22.9860     5.6691   -17.3168    16.1023     2.9214      2.972      3.007      0.255    1502.15    1482.65  0.000e+00
       1604      3.500    17.9561    18.0099     0.0538    3.14144    1.48467          0     5.2478     4.3509      10.00     0.2036  4.839e+00  6.205e+01  1.282e+03    22.9886    10.1664   -12.8222    16.1081     6.3428      3.468      3.508      0.231    1502.11    1487.79  0.000e+00
       1656      4.000    17.9752    18.0108     0.0356    3.14093    1.48559          0     5.2909     4.2922      10.00     0.2272  4.242e+00  5.455e+01  1.286e+03    22.9736    10.1726   -12.8011    16.0923     6.3473      3.963      4.010      0.239    1502.16    1487.81  0.000e+00
       1709      4.500    17.9459    18.0081     0.0623    3.14040    1.63861          0     5.2448     4.2224      10.00     0.2100  3.746e+00  4.848e+01  1.294e+03    22.9856    11.2658   -11.7199    16.1081     7.1796      4.459      4.511      0.222    1502.10    1489.06  0.000e+00
       1762      5.000    17.9274    18.0071     0.0797    3.14109    1.64131          0     5.0184     4.1165      10.00     0.2155  3.311e+00  4.396e+01  1.329e+03    23.0015    11.2866   -11.7149    16.1243     7.1956      4.954      5.012      0.228    1502.07    1489.08  0.000e+00
       1813      5.500    17.9187    18.0049     0.0862    3.14202    1.64367          0     4.8806     4.2930      10.00     0.2237  2.854e+00  3.934e+01  1.379e+03    23.0137    11.3047   -11.7089    16.1356     7.2099      5.449      5.513      0.243    1502.06    1489.11  0.000e+00
       1862      6.000    17.9144    18.0021     0.0876    3.14265    1.65116          0     4.7333     4.3499      10.00     0.2523  2.575e+00  3.496e+01  1.357e+03    23.0210    11.3614   -11.6596    16.1422     7.2535      5.945      6.014      0.254    1502.07    1489.17  0.000e+00
       1909      6.500    17.9128    18.0041     0.0912    3.14304    1.65447          0     4.5989     4.2878      10.00     0.2297  2.427e+00  3.152e+01  1.298e+03    23.0249    11.3856   -11.6393    16.1455     7.2715      6.440      6.515      0.250    1502.07    1489.21  0.000e+00
       1957      7.000    17.9104    18.0058     0.0955    3.14359    1.66625          0     4.4955     4.2866      10.00     0.2329  2.190e+00  2.844e+01  1.298e+03    23.0307    11.4731   -11.5575    16.1504     7.3377      6.936      7.017      0.242    1502.08    1489.33  0.000e+00
       2008      7.500    17.9110    18.0043     0.0933    3.14439    1.70750          0     4.4081     4.2468      10.00     0.2303  1.993e+00  2.587e+01  1.298e+03    23.0367    11.7826   -11.2541    16.1548     7.5731      7.431      7.518      0.233    1502.10    1489.68  0.000e+00
       2061      8.000    17.9114    18.0009     0.0895    3.14538    1.67523          0     4.2766     4.2235      10.00     0.2181  1.818e+00  2.359e+01  1.298e+03    23.0442    11.5415   -11.5027    16.1605     7.3907      7.926      8.019      0.217    1502.12    1489.40  0.000e+00
       2117      8.500    17.9163    17.9961     0.0798    3.14700    1.72308          0     4.1982     4.2320       9.99     0.2214  1.649e+00  2.140e+01  1.298e+03    23.0545    11.9019   -11.1526    16.1673     7.6655      8.422      8.520      0.225    1502.15    1489.80  0.000e+00
       2168      9.000    17.9218    17.9940     0.0722    3.14813    1.82389          0     4.0887     4.1705       9.99     0.2132  1.504e+00  1.949e+01  1.296e+03    23.0604    12.6629   -10.3975    16.1705     8.2444      8.917      9.021      0.239    1502.18    1490.67  0.000e+00
       2217      9.500    17.9278    17.9908     0.0629    3.14898    1.98746          0     3.9901     4.0569       9.99     0.2075  1.366e+00  1.768e+01  1.294e+03    23.0638    13.9208    -9.1430    16.1717     9.2014      9.413      9.522      0.244    1502.21    1492.08  0.000e+00
       2267     10.000    17.9544    17.9895     0.0351    3.14946    2.00625          0     3.8278     3.9972       9.99     0.1965  1.251e+00  1.618e+01  1.293e+03    23.0526    14.0572    -8.9953    16.1571     9.3052      9.908     10.024      0.243    1502.29    1492.24  0.000e+00
       2316     10.500    17.9477    17.9889     0.0412    3.14995    2.66501          0     3.7539     3.9838       9.98     0.1960  1.140e+00  1.472e+01  1.291e+03    23.0602    19.1793    -3.8809    16.1645    13.2008     10.403     10.525      0.239    1502.29    1498.03  0.000e+00
       2367     11.000    17.9655    17.9887     0.0232    3.15023    2.90925          0     3.6838     3.8830       9.98     0.1903  1.040e+00  1.341e+01  1.290e+03    23.0523    21.1189    -1.9334    16.1544    14.6773     10.899     11.026      0.234    1502.34    1500.23  0.000e+00
       2420     11.500    17.9597    17.9888     0.0291    3.15063    3.13179          0     3.6433     3.8896       9.98     0.2006  9.522e-01  1.230e+01  1.292e+03    23.0587    22.8907    -0.1680    16.1606    16.0261     11.394     11.527      0.216    1502.34    1502.24  0.000e+00
       2476     12.000    17.9544    17.9891     0.0347    3.15123    3.14125          0     3.6025     3.9105       9.98     0.1909  8.728e-01  1.130e+01  1.294e+03    23.0664    22.9664    -0.1000    16.1677    16.0836     11.889     12.028      0.222    1502.34    1502.33  0.000e+00
       2528     12.500    17.9634    17.9894     0.0261    3.15175    3.14406          0     3.5765     3.8849       9.98     0.1997  7.959e-01  1.034e+01  1.299e+03    23.0654    22.9887    -0.0767    16.1649    16.1006     12.385     12.529      0.237    1502.37    1502.36  0.000e+00
       2577     13.000    17.9713    17.9894     0.0182    3.15119    3.14496          0     3.5963     3.8153       9.98     0.2080  7.280e-01  9.481e+00  1.302e+03    23.0563    22.9959    -0.0604    16.1562    16.1060     12.880     13.031      0.253    1502.39    1502.38  0.000e+00
       2624     13.500    17.9752    17.9890     0.0138    3.15107    3.14511          0     4.4959     4.7435       9.97     0.2021  6.623e-01  8.671e+00  1.309e+03    23.0530    22.9972    -0.0558    16.1528    16.1071     13.376     13.532      0.260    1502.41    1502.39  0.000e+00
       2670     14.000    17.9723    17.9839     0.0116    3.17970    2.93036          1     6.2705     6.1168       9.97     0.1852  6.063e-01  7.976e+00  1.316e+03    23.2858    21.3452    -1.9406    16.3308    14.8518     13.871     14.033      0.257    1502.67    1500.52  0.000e+00
       2718     14.500    17.9634    17.9787     0.0154    3.18964    3.18574          1     6.0926     5.8045       9.98     0.1803  5.584e-01  7.327e+00  1.312e+03    23.3711    23.3318    -0.0392    16.3978    16.3644     14.366     14.534      0.240    1502.75    1502.75  0.000e+00
       2770     15.000    17.9583    17.9740     0.0157    3.20028    3.18906          1     5.8687     5.6527       9.98     0.1859  5.159e-01  6.752e+00  1.309e+03    23.4600    23.3602    -0.0997    16.4667    16.3871     14.862     15.035      0.229    1502.84    1502.78  0.000e+00
       2823     15.500    17.9539    17.9692     0.0153    3.21043    3.19050          1     5.8579     5.6232       9.98     0.2177  4.749e-01  6.237e+00  1.313e+03    23.5445    23.3745    -0.1700    16.5321    16.3991     15.357     15.536      0.224    1502.93    1502.79  0.000e+00
       2874     16.000    17.9509    17.9624     0.0116    3.22161    3.19625          1     5.9256     5.6124       9.98     0.1949  4.368e-01  5.754e+00  1.317e+03    23.6366    23.4247    -0.2119    16.6030    16.4389     15.853     16.037      0.255    1503.04    1502.83  0.000e+00
       2919     16.500    17.9398    17.9598     0.0200    3.23740    3.20165          1     5.8626     5.5485       9.98     0.1916  4.008e-01  5.309e+00  1.325e+03    23.7709    23.4697    -0.3011    16.7078    16.4738     16.348     16.538      0.272    1503.16    1502.88  0.000e+00
       2962     17.000    17.8788    17.9557     0.0768    3.30131    3.20879          1     5.8547     5.5090       9.98     0.1871  3.666e-01  4.906e+00  1.339e+03    24.3260    23.5298    -0.7962    17.1449    16.5205     16.843     17.039      0.275    1503.62    1502.95  0.000e+00
       3007     17.500    17.9425    17.9312    -0.0113    3.37176    3.23747          1     5.8568     5.5320       9.98     0.1897  3.348e-01  4.523e+00  1.351e+03    24.8616    23.7762    -1.0855    17.5387    16.7138     17.339     17.539      0.265    1504.42    1503.16  0.000e+00
       3053     18.000    18.1252    17.9491    -0.1761    3.44903    3.30095          1     5.7564     5.5280       9.98     0.1986  3.098e-01  4.214e+00  1.361e+03    25.3794    24.2810    -1.0984    17.8913    17.0945     17.834     18.040      0.255    1505.56    1503.79  0.000e+00
       3100     18.500    17.9304    18.0139     0.0840    3.52683    3.36333          1     5.7262     5.1368       9.98     0.2691  2.876e-01  3.995e+00  1.389e+03    26.1425    24.7495    -1.3930    18.5184    17.4368     18.329     18.540      0.252    1505.85    1504.53  0.000e+00
       3149     19.000    16.7379    17.8941     1.1557    3.69990    3.44530          1     5.7608     4.7768       9.98     0.2081  2.615e-01  3.798e+00  1.453e+03    28.3899    25.4930    -2.8969    20.5073    18.0313     18.825     19.039      0.244    1504.78    1505.01  0.000e+00
       3196     19.500    15.7871    17.1063     1.3192    3.81174    3.59051          1     5.5759     4.6975       9.98     0.2163  2.324e-01  3.590e+00  1.546e+03    30.0497    27.2120    -2.8377    21.9902    19.5233     19.320     19.538      0.268    1503.74    1504.58  0.000e+00
       3240     20.000    15.2558    16.6226     1.3665    3.84799    3.69717          1     5.3680     4.7116       9.98     0.1938  2.071e-01  3.392e+00  1.639e+03    30.7782    28.4441    -2.3342    22.6651    20.5746     19.815     20.036      0.268    1502.91    1504.51  0.000e+00
       3284     20.500    15.0359    16.2316     1.1965    3.86094    3.73425          1     5.2537     4.6631       9.98     0.1986  1.897e-01  3.239e+00  1.708e+03    31.0670    29.0457    -2.0213    22.9343    21.1224     20.311     20.534      0.283    1502.55    1503.99  0.000e+00
       3326     21.000    14.7262    15.4218     0.6950    3.86951    3.82537          1     5.0977     4.6307       9.95     0.1489  1.694e-01  3.022e+00  1.784e+03    31.3920    30.4486    -0.9433    23.2500    22.3760     20.806     21.032      0.284    1501.95    1503.07  0.000e+00
       3369     21.500    14.2580    15.0835     0.8258    3.87694    3.85212          1     4.9845     4.6508       9.61     0.1741  1.521e-01  2.741e+00  1.802e+03    31.8413    30.9501    -0.8912    23.6941    22.8342     21.302     21.530      0.275    1500.96    1502.58  0.000e+00
       3415     22.000    13.6928    14.7761     1.0832    3.86002    3.86789          1     4.9223     4.6894       9.13     0.1455  1.396e-01  2.462e+00  1.764e+03    32.1549    31.3374    -0.8175    24.0519    23.1975     21.797     22.027      0.257    1499.49    1502.06  0.000e+00
       3461     22.500    13.4169    14.1136     0.6966    3.84514    3.87691          1     4.8725     4.7145       8.65     0.1502  1.274e-01  2.263e+00  1.777e+03    32.2485    31.9600    -0.2885    24.1797    23.8155     22.292     22.524      0.258    1498.70    1500.65  0.000e+00
       3508     23.000    13.2890    13.5242     0.2353    3.83846    3.86212          1     4.8039     4.7310       8.17     0.1343  1.181e-01  2.151e+00  1.821e+03    32.2942    32.3160     0.0218    24.2405    24.2103     22.788     23.021      0.252    1498.33    1499.14  0.000e+00
       3555     23.500    13.1287    13.2984     0.1698    3.83004    3.85192          1     4.8305     4.6501       7.69     0.1234  1.089e-01  2.012e+00  1.847e+03    32.3513    32.4122     0.0609    24.3163    24.3299     23.283     23.519      0.262    1497.87    1498.51  0.000e+00
       3600     24.000    12.7169    13.0609     0.3437    3.80587    3.83782          1     4.8596     4.6300       7.20     0.0973  9.838e-02  1.872e+00  1.904e+03    32.4754    32.4823     0.0068    24.4928    24.4310     23.778     24.016      0.269    1496.65    1497.81  0.000e+00
       3644     24.500    12.6138    12.7580     0.1444    3.80041    3.81978          1     4.7307     4.6757       6.95     0.1045  8.926e-02  1.758e+00  1.970e+03    32.5120    32.5718     0.0598    24.5411    24.5595     24.274     24.513      0.275    1496.35    1496.91  0.000e+00
       3687     25.000    12.5255    12.6524     0.1270    3.79591    3.81244          1     4.7115     4.6870       6.56     0.1097  8.277e-02  1.641e+00  1.983e+03    32.5452    32.5931     0.0478    24.5838    24.5965     24.769     25.010      0.281    1496.10    1496.59  0.000e+00
       3731     25.500    12.3188    12.5215     0.2027    3.78328    3.80493          1     4.7732     4.6484       5.72     0.0807  7.745e-02  1.507e+00  1.946e+03    32.6035    32.6347     0.0312    24.6684    24.6539     25.264     25.507      0.269    1495.47    1496.20  0.000e+00
       3776     26.000    11.8395    12.2365     0.3967    3.75125    3.78820          1     4.8046     4.4590       5.97     0.0834  7.060e-02  1.341e+00  1.899e+03    32.7137    32.7224     0.0088    24.8434    24.7761     25.760     26.004      0.260    1493.97    1495.34  0.000e+00
       3823     26.500    11.0456    11.5476     0.5020    3.70115    3.74817          1     4.6648     4.3615       5.48     0.0757  6.174e-02  1.146e+00  1.855e+03    32.9273    32.9415     0.0142    25.1534    25.0742     26.255     26.501      0.252    1491.47    1493.24  0.000e+00
       3871     27.000    10.5834    10.9000     0.3167    3.67225    3.70797          1     4.5366     4.3173       5.20     0.0752  5.407e-02  9.771e-01  1.807e+03    33.0556    33.1256     0.0701    25.3347    25.3337     26.750     26.997      0.256    1490.00    1491.20  0.000e+00
       3916     27.500    10.3129    10.5428     0.2299    3.65345    3.68388          1     4.4453     4.2582       3.77     0.0788  4.954e-02  8.625e-01  1.741e+03    33.1125    33.2090     0.0965    25.4254    25.4612     27.246     27.494      0.267    1489.11    1490.05  0.000e+00
       3961     28.000    10.0748    10.2278     0.1530    3.63878    3.66266          1     4.3815     4.2649       3.29     0.0800  4.685e-02  7.915e-01  1.690e+03    33.1817    33.2831     0.1014    25.5198    25.5730     27.741     27.991      0.274    1488.35    1489.02  0.000e+00
       4004     28.500    10.0432    10.1197     0.0766    3.63665    3.65305          1     4.3275     4.2424       4.45     0.0977  4.093e-02  7.213e-01  1.763e+03    33.1889    33.2850     0.0961    25.5307    25.5928     28.236     28.487      0.285    1488.25    1488.64  0.000e+00
