ctdpy/exports/archive_20191121_122431/received_data/SBE09_0827_20181122_0807_26_01_1219.cnv
* Sea-Bird SBE 9 Data File:
* FileName = D:\CTD_SBE911\DAT\26DA.2018.12.19.hex
* Software Version Seasave V 7.21d
* Temperature SN = 4548
* Conductivity SN = 3062
* Number of Bytes Per Scan = 48
* Number of Voltage Words = 5
* Number of Scans Averaged by the Deck Unit = 1
* NMEA Latitude = 57 03.86 N
* NMEA Longitude = 018 50.48 E
* NMEA UTC (Time) = Nov 22 2018  08:07:55
* NMEA baud rate = 4800
** Ship: DANA
** Average sound velocity: 1441.57 m/s
** True-depth calculation Tue, 02 Apr 2019 12:12:47 +0000
** CTD Python Module SMHI /ver 3-12/ feb 2012 
** LIMS Job: 20182601-1219
** Operator: Ronny
** Cruise: 12/2018
# nquan = 26
# nvalues = 134                         
# units = specified
# name 0 = scan: Scan Count
# name 1 = prDM: Pressure, Digiquartz [db]
# name 2 = t090C: Temperature [ITS-90, deg C]
# name 3 = t190C: Temperature, 2 [ITS-90, deg C]
# name 4 = T2-T190C: Temperature Difference, 2 - 1 [ITS-90, deg C]
# name 5 = c0S/m: Conductivity [S/m]
# name 6 = c1S/m: Conductivity, 2 [S/m]
# name 7 = pumps: Pump Status
# name 8 = sbeox1ML/L: Oxygen, SBE 43, 2 [ml/l]
# name 9 = sbeox0ML/L: Oxygen, SBE 43 [ml/l]
# name 10 = altM: Altimeter [m]
# name 11 = chloroflTC0: Chlorophyll, Turner Cyclops [ug/l]
# name 12 = cpar: CPAR/Corrected Irradiance [%]
# name 13 = par: PAR/Irradiance, Biospherical/Lico [µE/(cm^2*s)]
# name 14 = spar: SPAR, Biospherical/Licor
# name 15 = sal00: Salinity, Practical [PSU]
# name 16 = sal11: Salinity, Practical, 2 [PSU]
# name 17 = secS-priS: Salinity, Practical, Difference, 2 - 1 [PSU]
# name 18 = sigma-t00: Density [sigma-t, kg/m^3 ]
# name 19 = sigma-t11: Density, 2 [sigma-t, kg/m^3 ]
# name 20 = depSM: Depth [salt water, m], lat = 57.0643
# name 21 = depFM: Depth [true depth, m], lat = 57.0643
# name 22 = dz/dtM: Descent Rate [m/s], WS = 2
# name 23 = svCM: Sound Velocity [Chen-Millero, m/s]
# name 24 = svCM1: Sound Velocity, 2 [Chen-Millero, m/s]
# name 25 = flag: flag
# span 0 =        405,       7169       
# span 1 =      1.000,     67.500       
# span 2 =     3.9862,     7.9148       
# span 3 =     4.0011,     7.9150       
# span 4 =    -0.1914,     0.5687       
# span 5 =   0.796355,   0.977416       
# span 6 =   0.797723,   0.965063       
# span 7 =          1,          1       
# span 8 =     1.5142,     7.5024       
# span 9 =     1.2280,     7.7237       
# span 10 =       1.21,       9.99      
# span 11 =     0.0159,     0.0282      
# span 12 = -6.680e-05, 8.0527e+00      
# span 13 = -5.969e-05, 7.1956e+00      
# span 14 = 8.9357e+01, 9.3419e+01      
# span 15 =     7.2180,     9.1813      
# span 16 =     7.2180,     9.0748      
# span 17 =    -0.3033,     0.0002      
# span 18 =     5.5331,     7.2666      
# span 19 =     5.5330,     7.1851      
# span 20 =      0.991,     66.869      
# span 21 =      1.013,     68.355      
# span 22 =      0.046,      0.299      
# span 23 =    1432.51,    1448.10      
# span 24 =    1432.57,    1448.11      
# span 25 = 0.0000e+00, 0.0000e+00      
# interval = decibars: 0.5              
# start_time = Nov 22 2018 08:07:55 [NMEA time, first data scan]
# bad_flag = -9.990e-29
*END*
[from data line 112]
       5503     57.000     4.0684     4.0705     0.0021    0.79989    0.79975          1     6.4100     6.5761       9.96     0.0159  1.094e-12  1.000e-12  9.139e+01     7.5791     7.5772    -0.0019     6.0233     6.0217     56.468     57.728      0.266    1432.69    1432.70  0.000e+00
       5552     57.500     4.0739     4.0724    -0.0015    0.80023    0.79994          1     6.4124     6.5624       9.96     0.0159  1.090e-12  1.000e-12  9.178e+01     7.5812     7.5785    -0.0026     6.0248     6.0227     56.964     58.234      0.235    1432.72    1432.71  0.000e+00
       5602     58.000     4.0771     4.0754    -0.0017    0.80056    0.80015          1     6.3972     6.5372       9.96     0.0159  1.088e-12  1.000e-12  9.189e+01     7.5838     7.5799    -0.0038     6.0268     6.0238     57.459     58.741      0.248    1432.75    1432.74  0.000e+00
       5650     58.500     4.0724     4.0781     0.0056    0.80088    0.80048          1     6.3876     6.5102       9.96     0.0160  1.092e-12  1.000e-12  9.160e+01     7.5880     7.5826    -0.0054     6.0303     6.0258     57.954     59.247      0.256    1432.74    1432.76  0.000e+00
       5695     59.000     4.0561     4.0725     0.0163    0.80143    0.80083          1     6.3742     6.4660       9.80     0.0162  1.084e-12  1.000e-12  9.223e+01     7.5973     7.5874    -0.0099     6.0381     6.0297     58.449     59.753      0.265    1432.69    1432.75  0.000e+00
       5742     59.500     4.0517     4.0631     0.0114    0.80202    0.80132          1     6.3282     6.4308       9.32     0.0160  1.085e-12  1.000e-12  9.221e+01     7.6043     7.5945    -0.0097     6.0437     6.0357     58.945     60.259      0.256    1432.68    1432.72  0.000e+00
       5789     60.000     4.0581     4.0621     0.0040    0.80300    0.80197          1     6.2931     6.4015       8.83     0.0161  1.077e-12  1.000e-12  9.285e+01     7.6127     7.6013    -0.0114     6.0502     6.0411     59.440     60.766      0.258    1432.73    1432.74  0.000e+00
       5834     60.500     4.0430     4.0582     0.0153    0.80338    0.80256          1     6.2657     6.3574       8.32     0.0159  1.074e-12  1.000e-12  9.315e+01     7.6200     7.6081    -0.0119     6.0565     6.0466     59.935     61.272      0.260    1432.68    1432.73  0.000e+00
       5881     61.000     4.0161     4.0430     0.0269    0.80522    0.80341          1     6.2241     6.2526       7.81     0.0159  1.074e-12  1.000e-12  9.312e+01     7.6450     7.6203    -0.0247     6.0770     6.0567     60.431     61.778      0.261    1432.60    1432.69  0.000e+00
       5926     61.500     3.9862     4.0246     0.0385    0.80720    0.80477          1     6.1512     6.1097       7.33     0.0161  1.072e-12  1.000e-12  9.325e+01     7.6722     7.6383    -0.0339     6.0993     6.0714     60.926     62.284      0.260    1432.51    1432.64  0.000e+00
       5973     62.000     3.9892     4.0011     0.0119    0.80941    0.80648          1     6.0443     6.0028       6.84     0.0159  1.072e-12  1.000e-12  9.333e+01     7.6939     7.6613    -0.0326     6.1165     6.0903     61.421     62.790      0.260    1432.56    1432.57  0.000e+00
       6018     62.500     4.1252     4.0222    -0.1030    0.82022    0.80932          1     5.9373     5.7419       6.33     0.0160  1.070e-12  1.000e-12  9.342e+01     7.7720     7.6852    -0.0868     6.1749     6.1087     61.916     63.296      0.275    1433.28    1432.70  0.000e+00
       6062     63.000     4.3134     4.1220    -0.1914    0.84277    0.81876          1     5.7287     5.0651       5.84     0.0159  1.072e-12  1.000e-12  9.333e+01     7.9560     7.7578    -0.1982     6.3154     6.1637     62.412     63.803      0.260    1434.36    1433.25  0.000e+00
       6110     63.500     4.4565     4.2849    -0.1717    0.87665    0.84261          1     5.1730     3.9494       5.35     0.0159  1.070e-12  1.000e-12  9.342e+01     8.2646     7.9614    -0.3033     6.5556     6.3206     62.907     64.309      0.255    1435.41    1434.25  0.000e+00
       6156     64.000     4.4978     4.3583    -0.1394    0.88931    0.85774          1     4.5569     3.3851       4.84     0.0160  1.070e-12  1.000e-12  9.342e+01     8.3825     8.0969    -0.2856     6.6476     6.4259     63.402     64.815      0.262    1435.75    1434.76  0.000e+00
       6203     64.500     4.5246     4.4514    -0.0733    0.89927    0.87965          1     3.9257     3.1106       4.31     0.0159  1.070e-12  1.000e-12  9.342e+01     8.4766     8.2962    -0.1804     6.7213     6.5809     63.897     65.320      0.249    1435.99    1435.44  0.000e+00
       6250     65.000     4.5975     4.4880    -0.1094    0.91812    0.88945          1     3.5390     2.6818       3.80     0.0159  1.070e-12  1.000e-12  9.342e+01     8.6489     8.3863    -0.2625     6.8551     6.6510     64.393     65.826      0.262    1436.55    1435.72  0.000e+00
       6297     65.500     4.6683     4.5795    -0.0889    0.94027    0.91307          1     3.0416     2.0491       3.30     0.0159  1.070e-12  1.000e-12  9.342e+01     8.8547     8.6023    -0.2524     7.0155     6.8189     64.888     66.332      0.254    1437.13    1436.41  0.000e+00
       6343     66.000     4.6837     4.6210    -0.0627    0.94742    0.92747          1     2.5124     1.7983       2.80     0.0159  1.070e-12  1.000e-12  9.342e+01     8.9230     8.7374    -0.1856     7.0690     6.9243     65.383     66.838      0.256    1437.29    1436.78  0.000e+00
       6393     66.500     4.7166     4.6576    -0.0591    0.95525    0.94024          1     2.1488     1.6346       2.26     0.0159  1.070e-12  1.000e-12  9.342e+01     8.9934     8.8571    -0.1363     7.1234     7.0178     65.878     67.343      0.242    1437.53    1437.10  0.000e+00
       6440     67.000     4.7732     4.6956    -0.0776    0.96416    0.94897          1     1.9167     1.4900       1.72     0.0160  1.070e-12  1.000e-12  9.342e+01     9.0682     8.9354    -0.1328     7.1803     7.0783     66.374     67.849      0.250    1437.89    1437.38  0.000e+00
       7169     67.500     4.8504     4.7826    -0.0679    0.97742    0.96506          1     1.5142     1.2280       1.21     0.0161  1.070e-12  1.000e-12  9.342e+01     9.1813     9.0748    -0.1065     7.2666     7.1851     66.869     68.355      0.046    1438.38    1437.95  0.000e+00
