ctdpy/exports/archive_20191121_122431/received_data/SBE09_1044_20180127_1927_34_02_0021.cnv
* Sea-Bird SBE 9 Data File:
* FileName = C:\ctd\temp\2018\ME18D021.hex
* Software Version Seasave V 7.26.6.26
* Temperature SN = 5351
* Conductivity SN = 3941
* Number of Bytes Per Scan = 41
* Number of Voltage Words = 4
* Number of Scans Averaged by the Deck Unit = 1
* NMEA Latitude = 55 21.04 N
* NMEA Longitude = 019 03.53 E
* NMEA UTC (Time) = Jan 27 2018  19:28:07
* NMEA baud rate = 4800
** Station:  PL-P63
** Operator:  JKro
** Ship: MERI
** Average sound velocity: 1437.82 m/s
** True-depth calculation Sat, 27 Jan 2018 22:02:46 +0000
** CTD Python Module SMHI /ver 3-12/ feb 2012 
** LIMS Job: 20183402-0021
** Cruise: SMHI-01-2018
** Latitude [GG MM.mm N] :
** Longitude [GG MM.mm E]:
# nquan = 26
# nvalues = 160                         
# units = specified
# name 0 = scan: Scan Count
# name 1 = prDM: Pressure, Digiquartz [db]
# name 2 = t090C: Temperature [ITS-90, deg C]
# name 3 = t190C: Temperature, 2 [ITS-90, deg C]
# name 4 = T2-T190C: Temperature Difference, 2 - 1 [ITS-90, deg C]
# name 5 = c0S/m: Conductivity [S/m]
# name 6 = c1S/m: Conductivity, 2 [S/m]
# name 7 = pumps: Pump Status
# name 8 = sbeox0ML/L: Oxygen, SBE 43 [ml/l]
# name 9 = sbeox1ML/L: Oxygen, SBE 43, 2 [ml/l]
# name 10 = altM: Altimeter [m]
# name 11 = flECO-AFL: Chl-a Fluorescence, WET Labs ECO-AFL/FL [mg/m^3]
# name 12 = flECO-AFL1: Phycocyanin Fluorescence, WET Labs ECO-AFL/FL, 2 [mg/m^3]
# name 13 = par: PAR/Irradiance, Biospherical/Lico [µE/(cm^2*s)]
# name 14 = turbWETntu0: Turbidity, WET Labs ECO [NTU]
# name 15 = sal00: Salinity, Practical [PSU]
# name 16 = sal11: Salinity, Practical, 2 [PSU]
# name 17 = secS-priS: Salinity, Practical, Difference, 2 - 1 [PSU]
# name 18 = sigma-t00: Density [sigma-t, Kg/m^3 ]
# name 19 = sigma-t11: Density, 2 [sigma-t, Kg/m^3 ]
# name 20 = depSM: Depth [salt water, m], lat = 55.3507
# name 21 = depFM: Depth [true depth, m], lat = 55.3507
# name 22 = dz/dtM: Descent Rate [m/s], WS = 2
# name 23 = svCM: Sound Velocity [Chen-Millero, m/s]
# name 24 = svCM1: Sound Velocity, 2 [Chen-Millero, m/s]
# name 25 = flag: flag
# span 0 =      16014,      21122       
# span 1 =      1.500,     81.000       
# span 2 =     4.7860,     6.3139       
# span 3 =     4.7866,     6.3142       
# span 4 =    -0.0185,     0.0163       
# span 5 =   0.799846,   1.224933       
# span 6 =   0.799804,   1.224929       
# span 7 =          1,          1       
# span 8 =    0.17013,    8.07115       
# span 9 =    0.26122,    8.06551       
# span 10 =       1.36,      83.57      
# span 11 =     0.2753,     0.6617      
# span 12 =     0.2270,     0.3982      
# span 13 = 1.0000e-12, 9.5547e-02      
# span 14 =     0.1439,     0.2822      
# span 15 =     7.3964,    11.2133      
# span 16 =     7.3961,    11.2131      
# span 17 =    -0.0237,     0.0013      
# span 18 =     5.8500,     8.7876      
# span 19 =     5.8495,     8.7874      
# span 20 =      1.486,     80.252      
# span 21 =      1.519,     81.977      
# span 22 =     -0.048,      0.757      
# span 23 =    1435.35,    1447.45      
# span 24 =    1435.36,    1447.46      
# span 25 = 0.0000e+00, 0.0000e+00      
# interval = decibars: 0.5              
# start_time = Jan 27 2018 19:28:08 [NMEA time, first data scan]
# bad_flag = -9.990e-29
*END*
[from data line 112]
      19735     57.500     4.8491     4.8514     0.0022    0.82838    0.82790          1     7.3002     7.3376      26.04     0.4767     0.2957  1.000e-12  0.1888000     7.6854     7.6801    -0.0053     6.0825     6.0782     56.972     58.224      0.356    1436.31    1436.31  0.000e+00
      19766     58.000     4.8733     4.8741     0.0008    0.83566    0.83552          1     7.0871     7.1854      25.50     0.4681     0.3125  1.000e-12  0.2034000     7.7523     7.7507    -0.0016     6.1346     6.1333     57.467     58.731      0.463    1436.51    1436.51  0.000e+00
      19790     58.500     4.9835     4.9818    -0.0016    0.84774    0.84662          1     6.6853     6.8217      24.78     0.4679     0.3074  1.000e-12  0.1975000     7.8467     7.8360    -0.0107     6.2049     6.1965     57.963     59.237      0.487    1437.12    1437.10  0.000e+00
      19817     59.000     5.1598     5.1620     0.0021    0.87616    0.87617          1     5.8275     6.1036      24.04     0.4391     0.3342  1.000e-12  0.2036000     8.0870     8.0867    -0.0004     6.3876     6.3872     58.458     59.743      0.390    1438.21    1438.21  0.000e+00
      19850     59.500     5.2444     5.2422    -0.0023    0.89837    0.89632          1     4.3476     4.8315      23.09     0.3805     0.2861  1.000e-12  0.1713000     8.2869     8.2670    -0.0199     6.5418     6.5262     58.953     60.249      0.402    1438.84    1438.80  0.000e+00
      19876     60.000     5.3417     5.3424     0.0007    0.97598    0.97579          1     1.9929     2.8525      22.28     0.3498     0.2536  1.000e-12  0.1763000     9.0339     9.0317    -0.0022     7.1275     7.1257     59.449     60.755      0.501    1440.22    1440.22  0.000e+00
      19899     60.500     5.3611     5.3612     0.0001    0.98716    0.98703          1     0.7232     1.7018      21.79     0.2963     0.2801  1.000e-12  0.1852000     9.1401     9.1387    -0.0013     7.2104     7.2093     59.944     61.260      0.515    1440.44    1440.44  0.000e+00
      19924     61.000     5.3639     5.3646     0.0006    0.98893    0.98885          1     0.5577     1.4057      21.24     0.2926     0.2772  1.000e-12  0.1886000     9.1569     9.1559    -0.0010     7.2235     7.2227     60.439     61.766      0.431    1440.49    1440.49  0.000e+00
      19956     61.500     5.3667     5.3673     0.0007    0.99093    0.99080          1     0.8733     1.5296      20.67     0.2972     0.2698  1.000e-12  0.1968000     9.1760     9.1745    -0.0015     7.2385     7.2373     60.935     62.271      0.357    1440.53    1440.53  0.000e+00
      19988     62.000     5.3692     5.3702     0.0011    0.99220    0.99216          1     1.1726     1.5780      19.96     0.3203     0.3112  1.000e-12  0.1853000     9.1880     9.1873    -0.0007     7.2478     7.2472     61.430     62.777      0.413    1440.56    1440.57  0.000e+00
      20015     62.500     5.3709     5.3717     0.0008    0.99320    0.99317          1     1.3249     1.5991      19.39     0.3126     0.3140  1.000e-12  0.1935000     9.1973     9.1968    -0.0005     7.2551     7.2547     61.925     63.283      0.498    1440.59    1440.59  0.000e+00
      20037     63.000     5.3720     5.3726     0.0006    0.99408    0.99401          1     1.4096     1.6400      19.22     0.3036     0.3178  1.000e-12  0.2017000     9.2057     9.2049    -0.0008     7.2617     7.2610     62.421     63.788      0.518    1440.62    1440.62  0.000e+00
      20062     63.500     5.3727     5.3733     0.0007    0.99499    0.99494          1     1.4490     1.5901      19.10     0.2867     0.2674  1.000e-12  0.2003000     9.2146     9.2139    -0.0007     7.2686     7.2681     62.916     64.294      0.450    1440.64    1440.64  0.000e+00
      20092     64.000     5.3739     5.3747     0.0008    0.99634    0.99625          1     1.4525     1.5859      19.14     0.3237     0.2999  1.000e-12  0.1980000     9.2276     9.2265    -0.0011     7.2789     7.2780     63.411     64.799      0.374    1440.67    1440.67  0.000e+00
      20124     64.500     5.3774     5.3775     0.0001    0.99849    0.99828          1     1.4217     1.5514      18.75     0.2859     0.3143  1.000e-12  0.1853000     9.2481     9.2459    -0.0021     7.2948     7.2931     63.907     65.305      0.404    1440.72    1440.71  0.000e+00
      20152     65.000     5.4007     5.4005    -0.0003    1.00438    1.00422          1     1.3423     1.4594      18.27     0.3081     0.2720  1.000e-12  0.1813000     9.3003     9.2988    -0.0015     7.3349     7.3337     64.402     65.811      0.433    1440.89    1440.89  0.000e+00
      20180     65.500     5.4214     5.4216     0.0002    1.01313    1.01305          1     1.2088     1.3527      17.76     0.3052     0.2868  1.000e-12  0.1892000     9.3819     9.3810    -0.0009     7.3983     7.3975     64.897     66.316      0.444    1441.09    1441.09  0.000e+00
      20205     66.000     5.4359     5.4358    -0.0001    1.01893    1.01871          1     1.0931     1.2053      17.26     0.2984     0.3028  1.000e-12  0.1789000     9.4356     9.4335    -0.0021     7.4399     7.4383     65.393     66.822      0.510    1441.23    1441.23  0.000e+00
      20227     66.500     5.4579     5.4573    -0.0007    1.02577    1.02564          1     1.0409     1.1542      16.85     0.3074     0.3169  1.000e-12  0.1801000     9.4976     9.4965    -0.0011     7.4877     7.4869     65.888     67.327      0.531    1441.41    1441.41  0.000e+00
      20253     67.000     5.4708     5.4707    -0.0001    1.02823    1.02805          1     1.0394     1.1692      16.22     0.2930     0.3145  1.000e-12  0.1770000     9.5184     9.5166    -0.0018     7.5035     7.5021     66.383     67.833      0.395    1441.50    1441.50  0.000e+00
      20295     67.500     5.4841     5.4836    -0.0005    1.03144    1.03108          1     1.0620     1.1401      15.53     0.3152     0.2832  1.000e-12  0.1663000     9.5466     9.5431    -0.0035     7.5250     7.5223     66.879     68.338      0.286    1441.60    1441.60  0.000e+00
      20326     68.000     5.5311     5.5302    -0.0009    1.04321    1.04300          1     1.0128     1.0923      15.18     0.2841     0.2418  1.000e-12  0.1736000     9.6505     9.6487    -0.0018     7.6046     7.6032     67.374     68.844      0.548    1441.95    1441.94  0.000e+00
      20344     68.500     5.5502     5.5501    -0.0001    1.04937    1.04916          1     0.9303     1.0192      14.75     0.2753     0.2564  1.000e-12  0.1824000     9.7065     9.7043    -0.0021     7.6476     7.6460     67.869     69.349      0.648    1442.11    1442.10  0.000e+00
      20363     69.000     5.5658     5.5655    -0.0003    1.05544    1.05519          1     0.8448     0.9465      14.24     0.2820     0.2834  1.000e-12  0.1838000     9.7624     9.7600    -0.0024     7.6909     7.6890     68.365     69.854      0.602    1442.25    1442.25  0.000e+00
      20387     69.500     5.5786     5.5791     0.0005    1.05988    1.05988          1     0.7638     0.8677      13.62     0.2960     0.2321  1.000e-12  0.1738000     9.8028     9.8027    -0.0001     7.7222     7.7220     68.860     70.360      0.399    1442.37    1442.37  0.000e+00
      20432     70.000     5.5936     5.5918    -0.0018    1.06411    1.06357          1     0.7226     0.8169      12.94     0.3043     0.2825  1.000e-12  0.1780000     9.8406     9.8357    -0.0049     7.7511     7.7474     69.355     70.865      0.261    1442.49    1442.47  0.000e+00
      20464     70.500     5.6698     5.6648    -0.0050    1.07676    1.07632          1     0.7614     0.8291      12.52     0.2884     0.2593  1.000e-12  0.1814000     9.9443     9.9414    -0.0029     7.8287     7.8267     69.850     71.370      0.510    1442.95    1442.93  0.000e+00
      20485     71.000     5.7331     5.7322    -0.0009    1.08797    1.08778          1     0.8024     0.8613      12.14     0.2754     0.2635  1.000e-12  0.1672000    10.0371    10.0355    -0.0016     7.8982     7.8970     70.346     71.876      0.598    1443.35    1443.35  0.000e+00
      20504     71.500     5.7792     5.7789    -0.0003    1.09520    1.09511          1     0.8161     0.8739      11.65     0.3082     0.2695  1.000e-12  0.1720000    10.0952    10.0944    -0.0008     7.9413     7.9408     70.841     72.381      0.566    1443.63    1443.63  0.000e+00
      20528     72.000     5.7882     5.7887     0.0005    1.09887    1.09881          1     0.7664     0.8198      11.04     0.3091     0.2881  1.000e-12  0.1729000    10.1290    10.1283    -0.0007     7.9674     7.9668     71.336     72.886      0.438    1443.72    1443.72  0.000e+00
      20563     72.500     5.7939     5.7942     0.0003    1.10260    1.10247          1     0.6596     0.7456      10.40     0.3199     0.3336  1.000e-12  0.1790000    10.1643    10.1629    -0.0014     7.9950     7.9938     71.832     73.392      0.312    1443.80    1443.80  0.000e+00
      20600     73.000     5.7919     5.7930     0.0011    1.10671    1.10658          1     0.5051     0.5849       9.87     0.3040     0.3134  1.000e-12  0.1824000    10.2057    10.2041    -0.0017     8.0277     8.0263     72.327     73.897      0.403    1443.85    1443.85  0.000e+00
      20625     73.500     5.7958     5.7952    -0.0006    1.11123    1.11100          1     0.4035     0.4595       9.44     0.3177     0.3021  1.000e-12  0.1903000    10.2495    10.2473    -0.0021     8.0620     8.0603     72.822     74.402      0.530    1443.93    1443.92  0.000e+00
      20646     74.000     5.8162     5.8149    -0.0013    1.11886    1.11825          1     0.3334     0.4311       8.98     0.3149     0.3041  1.000e-12  0.1968000    10.3192    10.3135    -0.0057     8.1157     8.1113     73.318     74.907      0.554    1444.11    1444.10  0.000e+00
      20669     74.500     5.8352     5.8350    -0.0001    1.12812    1.12781          1     0.2574     0.4137       8.42     0.3147     0.2508  1.000e-12  0.2059000    10.4055    10.4024    -0.0031     8.1826     8.1801     73.813     75.412      0.465    1444.31    1444.30  0.000e+00
      20701     75.000     5.8787     5.8785    -0.0003    1.14073    1.14045          1     0.1922     0.2746       7.68     0.3065     0.2609  1.000e-12  0.2221000    10.5175    10.5148    -0.0027     8.2682     8.2661     74.308     75.917      0.334    1444.65    1444.64  0.000e+00
      20737     75.500     5.9147     5.9143    -0.0004    1.15062    1.15036          1     0.1701     0.2612       7.26     0.3213     0.2514  1.000e-12  0.2104000    10.6047    10.6022    -0.0025     8.3347     8.3327     74.803     76.422      0.419    1444.92    1444.91  0.000e+00
      20761     76.000     5.9660     5.9663     0.0003    1.16142    1.16136          1     0.1925     0.2724       6.85     0.3213     0.2504  1.000e-12  0.2153000    10.6959    10.6953    -0.0007     8.4034     8.4028     75.299     76.928      0.535    1445.26    1445.26  0.000e+00
      20783     76.500     5.9928     5.9932     0.0004    1.16626    1.16624          1     0.2213     0.3074       6.36     0.3109     0.2905  1.000e-12  0.2154000    10.7355    10.7352    -0.0003     8.4328     8.4326     75.794     77.433      0.502    1445.43    1445.43  0.000e+00
      20811     77.000     6.0074     6.0072    -0.0002    1.16913    1.16895          1     0.2494     0.2968       5.77     0.3077     0.3015  1.000e-12  0.2068000    10.7593    10.7576    -0.0016     8.4506     8.4493     76.289     77.938      0.373    1445.53    1445.53  0.000e+00
      20846     77.500     6.0630     6.0609    -0.0020    1.17931    1.17919          1     0.2816     0.3334       5.20     0.3056     0.3107  1.000e-12  0.2263000    10.8427    10.8421    -0.0006     8.5127     8.5124     76.785     78.443      0.382    1445.88    1445.87  0.000e+00
      20873     78.000     6.1460     6.1422    -0.0038    1.19508    1.19459          1     0.3189     0.3445       4.77     0.3124     0.2567  1.000e-12  0.2353000    10.9725    10.9689    -0.0037     8.6095     8.6069     77.280     78.947      0.513    1446.40    1446.38  0.000e+00
      20895     78.500     6.2067     6.2063    -0.0004    1.20632    1.20624          1     0.3501     0.3744       4.30     0.3070     0.2743  1.000e-12  0.2502000    11.0643    11.0636    -0.0007     8.6777     8.6772     77.775     79.452      0.502    1446.78    1446.78  0.000e+00
      20923     79.000     6.2511     6.2482    -0.0029    1.21427    1.21372          1     0.3773     0.4017       3.70     0.3274     0.2893  1.000e-12  0.2695000    11.1286    11.1240    -0.0046     8.7253     8.7219     78.270     79.957      0.365    1447.06    1447.04  0.000e+00
      20959     79.500     6.2821     6.2801    -0.0019    1.21959    1.21927          1     0.3839     0.4136       3.14     0.3119     0.3078  1.000e-12  0.2707000    11.1710    11.1685    -0.0025     8.7565     8.7547     78.766     80.462      0.378    1447.25    1447.24  0.000e+00
      20986     80.000     6.3031     6.3027    -0.0003    1.22314    1.22300          1     0.3886     0.4205       2.69     0.3096     0.2270  1.000e-12  0.2822000    11.1992    11.1980    -0.0012     8.7772     8.7763     79.261     80.967      0.462    1447.38    1447.38  0.000e+00
      21012     80.500     6.3139     6.3142     0.0003    1.22493    1.22493          1     0.3862     0.4113       2.20     0.3196     0.2836  1.000e-12  0.2723000    11.2133    11.2131    -0.0002     8.7876     8.7874     79.756     81.472      0.431    1447.45    1447.46  0.000e+00
      21122     81.000     6.3041     6.2885    -0.0156    1.22280    1.21990          1     0.3709     0.4189       1.36     0.3065     0.2629  1.000e-12  0.2623000    11.1953    11.1716    -0.0237     8.7741     8.7565     80.252     81.977     -0.048    1447.40    1447.30  0.000e+00
