ctdpy/exports/archive_20191121_122431/received_data/SBE09_0827_20181124_1748_26_01_1238.cnv
* Sea-Bird SBE 9 Data File:
* FileName = D:\CTD_SBE911\DAT\26DA.2018.12.38.hex
* Software Version Seasave V 7.21d
* Temperature SN = 4548
* Conductivity SN = 3062
* Number of Bytes Per Scan = 48
* Number of Voltage Words = 5
* Number of Scans Averaged by the Deck Unit = 1
* NMEA Latitude = 57 46.51 N
* NMEA Longitude = 018 08.17 E
* NMEA UTC (Time) = Nov 24 2018  17:48:33
* NMEA baud rate = 4800
** Ship: DANA
** Average sound velocity: 1441.56 m/s
** True-depth calculation Tue, 02 Apr 2019 12:14:21 +0000
** CTD Python Module SMHI /ver 3-12/ feb 2012 
** LIMS Job: 20182601-1238
** Operator: Ronny
** Cruise: 12/2018
# nquan = 26
# nvalues = 210                         
# units = specified
# name 0 = scan: Scan Count
# name 1 = prDM: Pressure, Digiquartz [db]
# name 2 = t090C: Temperature [ITS-90, deg C]
# name 3 = t190C: Temperature, 2 [ITS-90, deg C]
# name 4 = T2-T190C: Temperature Difference, 2 - 1 [ITS-90, deg C]
# name 5 = c0S/m: Conductivity [S/m]
# name 6 = c1S/m: Conductivity, 2 [S/m]
# name 7 = pumps: Pump Status
# name 8 = sbeox1ML/L: Oxygen, SBE 43, 2 [ml/l]
# name 9 = sbeox0ML/L: Oxygen, SBE 43 [ml/l]
# name 10 = altM: Altimeter [m]
# name 11 = chloroflTC0: Chlorophyll, Turner Cyclops [ug/l]
# name 12 = cpar: CPAR/Corrected Irradiance [%]
# name 13 = par: PAR/Irradiance, Biospherical/Lico [µE/(cm^2*s)]
# name 14 = spar: SPAR, Biospherical/Licor
# name 15 = sal00: Salinity, Practical [PSU]
# name 16 = sal11: Salinity, Practical, 2 [PSU]
# name 17 = secS-priS: Salinity, Practical, Difference, 2 - 1 [PSU]
# name 18 = sigma-t00: Density [sigma-t, kg/m^3 ]
# name 19 = sigma-t11: Density, 2 [sigma-t, kg/m^3 ]
# name 20 = depSM: Depth [salt water, m], lat = 57.7752
# name 21 = depFM: Depth [true depth, m], lat = 57.7752
# name 22 = dz/dtM: Descent Rate [m/s], WS = 2
# name 23 = svCM: Sound Velocity [Chen-Millero, m/s]
# name 24 = svCM1: Sound Velocity, 2 [Chen-Millero, m/s]
# name 25 = flag: flag
# span 0 =        225,      10064       
# span 1 =      0.500,    105.000       
# span 2 =     4.3651,     7.6489       
# span 3 =     4.3529,     7.6368       
# span 4 =    -0.2375,     0.0841       
# span 5 =   0.783260,   1.138680       
# span 6 =   0.783266,   1.138654       
# span 7 =          1,          1       
# span 8 =     0.0949,     7.6502       
# span 9 =     0.0450,     7.8840       
# span 10 =       1.42,       9.99      
# span 11 =     0.0159,     0.0243      
# span 12 = 4.9241e-11, 4.9241e-11      
# span 13 = 1.0000e-12, 1.0000e-12      
# span 14 = 2.0308e+00, 2.0308e+00      
# span 15 =     6.7727,    10.5378      
# span 16 =     6.7726,    10.5373      
# span 17 =    -0.0187,     0.0868      
# span 18 =     5.2416,     8.2931      
# span 19 =     5.2415,     8.2926      
# span 20 =      0.495,    104.003      
# span 21 =      0.507,    106.284      
# span 22 =      0.199,      0.300      
# span 23 =    1434.73,    1446.78      
# span 24 =    1434.67,    1446.73      
# span 25 = 0.0000e+00, 0.0000e+00      
# interval = decibars: 0.5              
# start_time = Nov 24 2018 17:48:33 [NMEA time, first data scan]
# bad_flag = -9.990e-29
*END*
        225      0.500     7.1300     7.1286    -0.0014    0.78336    0.78331          1     7.6322     7.8840       9.96     0.0231  4.924e-11  1.000e-12  2.031e+00     6.7729     6.7726    -0.0002     5.2418     5.2416      0.495      0.507      0.222    1444.04    1444.04  0.000e+00
        269      1.000     7.1331     7.1340     0.0009    0.78345    0.78346          1     7.6300     7.8838       9.96     0.0235  4.924e-11  1.000e-12  2.031e+00     6.7730     6.7729    -0.0000     5.2416     5.2415      0.991      1.013      0.251    1444.07    1444.07  0.000e+00
        318      1.500     7.1275     7.1261    -0.0014    0.78331    0.78327          1     7.6394     7.8763       7.28     0.0243  4.924e-11  1.000e-12  2.031e+00     6.7727     6.7726    -0.0001     5.2418     5.2418      1.486      1.520      0.293    1444.05    1444.04  0.000e+00
        355      2.000     7.1253     7.1265     0.0013    0.78326    0.78328          1     7.6386     7.8764       9.86     0.0231  4.924e-11  1.000e-12  2.031e+00     6.7727     6.7726    -0.0000     5.2419     5.2418      1.981      2.026      0.276    1444.05    1444.05  0.000e+00
        403      2.500     7.1304     7.1350     0.0045    0.78341    0.78351          1     7.6260     7.8675       8.86     0.0221  4.924e-11  1.000e-12  2.031e+00     6.7730     6.7730     0.0000     5.2418     5.2415      2.477      2.533      0.263    1444.08    1444.10  0.000e+00
        447      3.000     7.1394     7.1394     0.0001    0.78370    0.78365          1     7.6391     7.8721       9.92     0.0220  4.924e-11  1.000e-12  2.031e+00     6.7739     6.7734    -0.0004     5.2419     5.2415      2.972      3.040      0.249    1444.12    1444.12  0.000e+00
        497      3.500     7.1532     7.1510    -0.0022    0.78409    0.78400          1     7.6484     7.8708       7.62     0.0220  4.924e-11  1.000e-12  2.031e+00     6.7747     6.7743    -0.0003     5.2416     5.2415      3.468      3.546      0.270    1444.19    1444.18  0.000e+00
        539      4.000     7.1406     7.1442     0.0036    0.78379    0.78386          1     7.6430     7.8716       7.71     0.0220  4.924e-11  1.000e-12  2.031e+00     6.7744     6.7743    -0.0001     5.2422     5.2419      3.963      4.053      0.267    1444.15    1444.16  0.000e+00
        586      4.500     7.1333     7.1343     0.0010    0.78365    0.78366          1     7.6434     7.8772       9.59     0.0221  4.924e-11  1.000e-12  2.031e+00     6.7745     6.7743    -0.0001     5.2428     5.2426      4.458      4.560      0.257    1444.12    1444.13  0.000e+00
        633      5.000     7.1337     7.1343     0.0007    0.78367    0.78367          1     7.6337     7.8792       8.24     0.0220  4.924e-11  1.000e-12  2.031e+00     6.7745     6.7744    -0.0001     5.2428     5.2426      4.954      5.066      0.258    1444.13    1444.14  0.000e+00
        677      5.500     7.1339     7.1347     0.0007    0.78369    0.78370          1     7.6451     7.8765       7.71     0.0220  4.924e-11  1.000e-12  2.031e+00     6.7745     6.7745    -0.0000     5.2428     5.2427      5.449      5.573      0.270    1444.14    1444.15  0.000e+00
        726      6.000     7.1316     7.1329     0.0012    0.78362    0.78365          1     7.6348     7.8798       9.99     0.0220  4.924e-11  1.000e-12  2.031e+00     6.7743     6.7743     0.0000     5.2427     5.2427      5.944      6.079      0.238    1444.14    1444.15  0.000e+00
        773      6.500     7.1301     7.1306     0.0005    0.78357    0.78357          1     7.6404     7.8787       9.96     0.0220  4.924e-11  1.000e-12  2.031e+00     6.7741     6.7740    -0.0001     5.2427     5.2426      6.440      6.586      0.271    1444.14    1444.14  0.000e+00
        816      7.000     7.1290     7.1303     0.0013    0.78354    0.78357          1     7.6447     7.8777       8.74     0.0220  4.924e-11  1.000e-12  2.031e+00     6.7740     6.7740    -0.0000     5.2427     5.2426      6.935      7.093      0.283    1444.14    1444.15  0.000e+00
        859      7.500     7.1279     7.1285     0.0007    0.78352    0.78352          1     7.6373     7.8785       9.96     0.0220  4.924e-11  1.000e-12  2.031e+00     6.7739     6.7738    -0.0001     5.2427     5.2426      7.430      7.599      0.269    1444.15    1444.15  0.000e+00
        903      8.000     7.1286     7.1287     0.0002    0.78355    0.78354          1     7.6397     7.8738       9.96     0.0220  4.924e-11  1.000e-12  2.031e+00     6.7740     6.7739    -0.0001     5.2428     5.2426      7.926      8.106      0.284    1444.16    1444.16  0.000e+00
        945      8.500     7.1317     7.1305    -0.0012    0.78367    0.78360          1     7.6502     7.8684       9.96     0.0220  4.924e-11  1.000e-12  2.031e+00     6.7745     6.7741    -0.0004     5.2429     5.2427      8.421      8.612      0.277    1444.18    1444.17  0.000e+00
        990      9.000     7.1333     7.1327    -0.0006    0.78372    0.78368          1     7.6373     7.8731       9.96     0.0223  4.924e-11  1.000e-12  2.031e+00     6.7746     6.7743    -0.0003     5.2429     5.2427      8.917      9.119      0.266    1444.20    1444.19  0.000e+00
       1035      9.500     7.1315     7.1323     0.0009    0.78366    0.78368          1     7.6368     7.8758       9.96     0.0223  4.924e-11  1.000e-12  2.031e+00     6.7744     6.7743    -0.0001     5.2428     5.2427      9.412      9.626      0.264    1444.20    1444.20  0.000e+00
       1081     10.000     7.1368     7.1355    -0.0013    0.78390    0.78382          1     7.6293     7.8772       9.96     0.0223  4.924e-11  1.000e-12  2.031e+00     6.7755     6.7750    -0.0005     5.2433     5.2430      9.907     10.132      0.268    1444.23    1444.22  0.000e+00
       1125     10.500     7.1336     7.1361     0.0025    0.78378    0.78386          1     7.6308     7.8797       9.96     0.0221  4.924e-11  1.000e-12  2.031e+00     6.7749     6.7752     0.0003     5.2431     5.2431     10.403     10.639      0.271    1444.22    1444.23  0.000e+00
       1169     11.000     7.1338     7.1335    -0.0003    0.78378    0.78375          1     7.6352     7.8763       9.96     0.0224  4.924e-11  1.000e-12  2.031e+00     6.7748     6.7746    -0.0002     5.2430     5.2428     10.898     11.145      0.283    1444.23    1444.23  0.000e+00
       1209     11.500     7.1343     7.1346     0.0003    0.78380    0.78380          1     7.6296     7.8743       9.96     0.0221  4.924e-11  1.000e-12  2.031e+00     6.7749     6.7747    -0.0001     5.2430     5.2429     11.393     11.652      0.300    1444.24    1444.24  0.000e+00
       1251     12.000     7.1333     7.1344     0.0011    0.78376    0.78379          1     7.6343     7.8676       9.96     0.0221  4.924e-11  1.000e-12  2.031e+00     6.7746     6.7747     0.0001     5.2429     5.2429     11.889     12.159      0.273    1444.24    1444.25  0.000e+00
       1296     12.500     7.1341     7.1338    -0.0003    0.78381    0.78377          1     7.6410     7.8744       9.96     0.0220  4.924e-11  1.000e-12  2.031e+00     6.7749     6.7745    -0.0003     5.2430     5.2428     12.384     12.665      0.270    1444.25    1444.25  0.000e+00
       1340     13.000     7.1376     7.1370    -0.0006    0.78397    0.78392          1     7.6393     7.8823       9.96     0.0220  4.924e-11  1.000e-12  2.031e+00     6.7756     6.7752    -0.0004     5.2434     5.2431     12.879     13.172      0.275    1444.28    1444.27  0.000e+00
       1384     13.500     7.1375     7.1380     0.0004    0.78398    0.78398          1     7.6472     7.8721       9.96     0.0221  4.924e-11  1.000e-12  2.031e+00     6.7757     6.7755    -0.0001     5.2434     5.2433     13.375     13.679      0.271    1444.29    1444.29  0.000e+00
       1428     14.000     7.1380     7.1378    -0.0003    0.78400    0.78397          1     7.6385     7.8769       9.96     0.0225  4.924e-11  1.000e-12  2.031e+00     6.7757     6.7755    -0.0002     5.2434     5.2433     13.870     14.185      0.276    1444.30    1444.29  0.000e+00
       1470     14.500     7.1344     7.1368     0.0024    0.78387    0.78395          1     7.6335     7.8683       9.96     0.0224  4.924e-11  1.000e-12  2.031e+00     6.7751     6.7754     0.0002     5.2432     5.2432     14.365     14.692      0.297    1444.29    1444.30  0.000e+00
       1511     15.000     7.1350     7.1360     0.0011    0.78390    0.78392          1     7.6438     7.8740       9.96     0.0222  4.924e-11  1.000e-12  2.031e+00     6.7752     6.7753     0.0000     5.2432     5.2432     14.861     15.198      0.280    1444.30    1444.30  0.000e+00
       1555     15.500     7.1362     7.1361    -0.0000    0.78395    0.78393          1     7.6404     7.8771       9.96     0.0221  4.924e-11  1.000e-12  2.031e+00     6.7754     6.7752    -0.0002     5.2433     5.2432     15.356     15.705      0.279    1444.31    1444.31  0.000e+00
       1597     16.000     7.1381     7.1365    -0.0016    0.78405    0.78395          1     7.6405     7.8775       9.96     0.0224  4.924e-11  1.000e-12  2.031e+00     6.7759     6.7753    -0.0006     5.2436     5.2432     15.851     16.212      0.281    1444.33    1444.32  0.000e+00
       1641     16.500     7.1470     7.1436    -0.0033    0.78440    0.78423          1     7.6378     7.8719       9.96     0.0222  4.924e-11  1.000e-12  2.031e+00     6.7774     6.7765    -0.0009     5.2441     5.2436     16.347     16.718      0.267    1444.38    1444.36  0.000e+00
       1685     17.000     7.1471     7.1481     0.0011    0.78440    0.78443          1     7.6343     7.8659       9.96     0.0220  4.924e-11  1.000e-12  2.031e+00     6.7773     6.7773     0.0000     5.2440     5.2440     16.842     17.225      0.278    1444.38    1444.39  0.000e+00
       1728     17.500     7.1453     7.1439    -0.0014    0.78433    0.78426          1     7.6464     7.8654       9.96     0.0222  4.924e-11  1.000e-12  2.031e+00     6.7770     6.7766    -0.0004     5.2439     5.2437     17.337     17.731      0.283    1444.38    1444.38  0.000e+00
       1771     18.000     7.1510     7.1492    -0.0018    0.78456    0.78447          1     7.6485     7.8699       9.96     0.0221  4.924e-11  1.000e-12  2.031e+00     6.7779     6.7774    -0.0005     5.2442     5.2440     17.833     18.238      0.282    1444.42    1444.41  0.000e+00
       1813     18.500     7.1503     7.1507     0.0003    0.78453    0.78453          1     7.6462     7.8687       9.96     0.0221  4.924e-11  1.000e-12  2.031e+00     6.7777     6.7776    -0.0001     5.2442     5.2441     18.328     18.745      0.284    1444.42    1444.42  0.000e+00
       1855     19.000     7.1502     7.1502     0.0000    0.78454    0.78452          1     7.6435     7.8657       9.96     0.0220  4.924e-11  1.000e-12  2.031e+00     6.7777     6.7776    -0.0002     5.2442     5.2441     18.823     19.251      0.290    1444.43    1444.43  0.000e+00
       1897     19.500     7.1556     7.1526    -0.0031    0.78476    0.78461          1     7.6285     7.8690       9.96     0.0220  4.924e-11  1.000e-12  2.031e+00     6.7786     6.7779    -0.0007     5.2445     5.2442     19.319     19.758      0.277    1444.46    1444.45  0.000e+00
       1940     20.000     7.1573     7.1549    -0.0024    0.78484    0.78471          1     7.6379     7.8753       9.96     0.0222  4.924e-11  1.000e-12  2.031e+00     6.7791     6.7783    -0.0008     5.2448     5.2443     19.814     20.265      0.291    1444.48    1444.47  0.000e+00
       1982     20.500     7.1761     7.1667    -0.0093    0.78564    0.78521          1     7.6390     7.8614       9.96     0.0220  4.924e-11  1.000e-12  2.031e+00     6.7827     6.7806    -0.0021     5.2463     5.2453     20.309     20.771      0.271    1444.57    1444.53  0.000e+00
       2028     21.000     7.1707     7.1683    -0.0025    0.78542    0.78528          1     7.6221     7.8641       9.96     0.0224  4.924e-11  1.000e-12  2.031e+00     6.7817     6.7809    -0.0008     5.2459     5.2454     20.805     21.278      0.259    1444.55    1444.54  0.000e+00
       2073     21.500     7.1993     7.1820    -0.0172    0.78668    0.78587          1     7.6273     7.8507       9.96     0.0220  4.924e-11  1.000e-12  2.031e+00     6.7877     6.7836    -0.0041     5.2486     5.2466     21.300     21.784      0.276    1444.69    1444.61  0.000e+00
       2117     22.000     7.2093     7.2071    -0.0022    0.78702    0.78691          1     7.6060     7.8525       9.96     0.0224  4.924e-11  1.000e-12  2.031e+00     6.7888     6.7882    -0.0006     5.2489     5.2486     21.795     22.291      0.261    1444.74    1444.73  0.000e+00
       2164     22.500     7.2407     7.2223    -0.0184    0.78839    0.78755          1     7.6022     7.8382       9.96     0.0221  4.924e-11  1.000e-12  2.031e+00     6.7953     6.7911    -0.0041     5.2517     5.2498     22.291     22.798      0.257    1444.89    1444.80  0.000e+00
       2211     23.000     7.2710     7.2507    -0.0202    0.78976    0.78874          1     7.5862     7.8307       9.96     0.0220  4.924e-11  1.000e-12  2.031e+00     6.8020     6.7965    -0.0055     5.2549     5.2520     22.786     23.304      0.258    1445.03    1444.94  0.000e+00
       2256     23.500     7.3482     7.3011    -0.0471    0.79340    0.79102          1     7.5919     7.8028       9.96     0.0211  4.924e-11  1.000e-12  2.031e+00     6.8204     6.8076    -0.0127     5.2639     5.2572     23.281     23.811      0.262    1445.38    1445.17  0.000e+00
       2303     24.000     7.3951     7.3609    -0.0342    0.79578    0.79393          1     7.5560     7.7933       9.96     0.0208  4.924e-11  1.000e-12  2.031e+00     6.8331     6.8228    -0.0103     5.2705     5.2649     23.777     24.317      0.254    1445.60    1445.44  0.000e+00
       2349     24.500     7.4810     7.4221    -0.0590    0.80038    0.79717          1     7.5409     7.7714       9.96     0.0200  4.924e-11  1.000e-12  2.031e+00     6.8585     6.8405    -0.0180     5.2843     5.2744     24.272     24.824      0.274    1445.99    1445.73  0.000e+00
       2393     25.000     7.5567     7.4919    -0.0646    0.80439    0.80095          1     7.5362     7.7779       9.96     0.0197  4.924e-11  1.000e-12  2.031e+00     6.8803     6.8616    -0.0187     5.2958     5.2859     24.767     25.331      0.261    1446.34    1446.05  0.000e+00
       2439     25.500     7.6448     7.6080    -0.0371    0.80922    0.80708          1     7.5329     7.7536       9.96     0.0195  4.924e-11  1.000e-12  2.031e+00     6.9072     6.8948    -0.0123     5.3103     5.3034     25.263     25.837      0.265    1446.75    1446.58  0.000e+00
       2485     26.000     7.6489     7.6341    -0.0148    0.80979    0.80889          1     7.5375     7.7617       9.96     0.0196  4.924e-11  1.000e-12  2.031e+00     6.9116     6.9063    -0.0054     5.3135     5.3104     25.758     26.344      0.254    1446.78    1446.71  0.000e+00
       2532     26.500     7.6358     7.6368     0.0010    0.80947    0.80928          1     7.5207     7.7613       9.96     0.0195  4.924e-11  1.000e-12  2.031e+00     6.9112     6.9093    -0.0019     5.3142     5.3126     26.253     26.850      0.259    1446.73    1446.73  0.000e+00
       2578     27.000     7.5994     7.6110     0.0116    0.80915    0.80915          1     7.5400     7.7839       9.96     0.0197  4.924e-11  1.000e-12  2.031e+00     6.9154     6.9131    -0.0023     5.3202     5.3175     26.749     27.357      0.257    1446.60    1446.64  0.000e+00
       2626     27.500     7.5916     7.5964     0.0048    0.80952    0.80934          1     7.5598     7.7850       9.96     0.0197  4.924e-11  1.000e-12  2.031e+00     6.9203     6.9177    -0.0027     5.3246     5.3222     27.244     27.863      0.261    1446.58    1446.59  0.000e+00
