ctdpy/exports/archive_20191121_122431/received_data/SBE09_1044_20180320_0034_34_02_0074.cnv
* Sea-Bird SBE 9 Data File:
* FileName = C:\ctd\temp\2018\ME18D074.hex
* Software Version Seasave V 7.26.6.26
* Temperature SN = 5351
* Conductivity SN = 3941
* Number of Bytes Per Scan = 41
* Number of Voltage Words = 4
* Number of Scans Averaged by the Deck Unit = 1
* NMEA Latitude = 58 17.63 N
* NMEA Longitude = 010 50.71 E
* NMEA UTC (Time) = Mar 20 2018  00:34:08
* NMEA baud rate = 4800
** Station:  Å15
** Operator:  MHan
** Ship: MERI
** Average sound velocity: 1474.78 m/s
** True-depth calculation Tue, 20 Mar 2018 01:28:06 +0000
** CTD Python Module SMHI /ver 3-12/ feb 2012 
** LIMS Job: 20183402-0074
** Cruise: SMHI-02-2018
** Latitude [GG MM.mm N] :
** Longitude [GG MM.mm E]:
# nquan = 26
# nvalues = 264                         
# units = specified
# name 0 = scan: Scan Count
# name 1 = prDM: Pressure, Digiquartz [db]
# name 2 = t090C: Temperature [ITS-90, deg C]
# name 3 = t190C: Temperature, 2 [ITS-90, deg C]
# name 4 = T2-T190C: Temperature Difference, 2 - 1 [ITS-90, deg C]
# name 5 = c0S/m: Conductivity [S/m]
# name 6 = c1S/m: Conductivity, 2 [S/m]
# name 7 = pumps: Pump Status
# name 8 = sbeox0ML/L: Oxygen, SBE 43 [ml/l]
# name 9 = sbeox1ML/L: Oxygen, SBE 43, 2 [ml/l]
# name 10 = altM: Altimeter [m]
# name 11 = flECO-AFL: Chl-a Fluorescence, WET Labs ECO-AFL/FL [mg/m^3]
# name 12 = flECO-AFL1: Phycocyanin Fluorescence, WET Labs ECO-AFL/FL, 2 [mg/m^3]
# name 13 = par: PAR/Irradiance, Biospherical/Lico [µE/(cm^2*s)]
# name 14 = turbWETntu0: Turbidity, WET Labs ECO [NTU]
# name 15 = sal00: Salinity, Practical [PSU]
# name 16 = sal11: Salinity, Practical, 2 [PSU]
# name 17 = secS-priS: Salinity, Practical, Difference, 2 - 1 [PSU]
# name 18 = sigma-t00: Density [sigma-t, Kg/m^3 ]
# name 19 = sigma-t11: Density, 2 [sigma-t, Kg/m^3 ]
# name 20 = depSM: Depth [salt water, m], lat = 58.2938
# name 21 = depFM: Depth [true depth, m], lat = 58.2938
# name 22 = dz/dtM: Descent Rate [m/s], WS = 2
# name 23 = svCM: Sound Velocity [Chen-Millero, m/s]
# name 24 = svCM1: Sound Velocity, 2 [Chen-Millero, m/s]
# name 25 = flag: flag
# span 0 =       7720,      14801       
# span 1 =      1.000,    132.500       
# span 2 =    -0.0105,     7.6036       
# span 3 =    -0.0086,     7.6033       
# span 4 =    -0.0320,     0.0557       
# span 5 =   2.141924,   3.589202       
# span 6 =   2.142003,   3.589220       
# span 7 =          1,          1       
# span 8 =    5.61562,    9.16898       
# span 9 =    5.63080,    9.21156       
# span 10 =       0.94,     101.41      
# span 11 =     0.0153,    13.2621      
# span 12 =     0.1333,     2.0572      
# span 13 = -2.150e-07, 5.6219e-01      
# span 14 =     0.1912,     1.5430      
# span 15 =    25.0682,    35.0497      
# span 16 =    25.0678,    35.0499      
# span 17 =    -0.0170,     0.1180      
# span 18 =    20.0965,    27.4487      
# span 19 =    20.0961,    27.4488      
# span 20 =      0.991,    131.227      
# span 21 =      0.998,    131.487      
# span 22 =     -0.446,      0.821      
# span 23 =    1435.86,    1482.13      
# span 24 =    1435.87,    1482.13      
# span 25 = 0.0000e+00, 0.0000e+00      
# interval = decibars: 0.5              
# start_time = Mar 20 2018 00:34:09 [NMEA time, first data scan]
# bad_flag = -9.990e-29
*END*
[from data line 168]
      11690     85.000     7.4131     7.4145     0.0015    3.57321    3.57341          1     5.6617     5.6665      51.16     0.0354     0.2455  1.000e-12  0.3111000    35.0292    35.0298     0.0007    27.3833    27.3836     84.193     84.398      0.590    1481.68    1481.69  0.000e+00
      11726     85.500     7.4125     7.4142     0.0017    3.57315    3.57340          1     5.6616     5.6699      50.62     0.0348     0.2301  1.000e-12  0.3164000    35.0289    35.0299     0.0010    27.3831    27.3836     84.688     84.894      0.276    1481.68    1481.69  0.000e+00
      11776     86.000     7.4077     7.4088     0.0011    3.57271    3.57284          1     5.6584     5.6685      49.96     0.0409     0.1969  1.000e-12  0.2928000    35.0286    35.0290     0.0004    27.3836    27.3837     85.183     85.390      0.434    1481.67    1481.68  0.000e+00
      11796     86.500     7.3975     7.3972    -0.0003    3.57175    3.57176          1     5.6614     5.6790      49.69     0.0254     0.2246  1.000e-12  0.3282000    35.0282    35.0286     0.0004    27.3848    27.3851     85.678     85.885      0.632    1481.64    1481.64  0.000e+00
      11814     87.000     7.3827     7.3829     0.0002    3.57039    3.57045          1     5.6620     5.6870      49.34     0.0311     0.2284  1.000e-12  0.3082000    35.0281    35.0286     0.0004    27.3868    27.3871     86.173     86.381      0.679    1481.59    1481.60  0.000e+00
      11832     87.500     7.3813     7.3814     0.0001    3.57038    3.57044          1     5.6599     5.6886      48.88     0.0328     0.2237  1.000e-12  0.2914000    35.0293    35.0298     0.0006    27.3879    27.3883     86.669     86.877      0.626    1481.60    1481.60  0.000e+00
      11853     88.000     7.3865     7.3870     0.0004    3.57113    3.57125          1     5.6629     5.6840      48.26     0.0275     0.2218  1.000e-12  0.2711000    35.0319    35.0327     0.0008    27.3892    27.3898     87.164     87.372      0.490    1481.63    1481.63  0.000e+00
      11885     88.500     7.3920     7.3928     0.0009    3.57192    3.57210          1     5.6665     5.6793      47.53     0.0268     0.1923  1.000e-12  0.2700000    35.0347    35.0357     0.0010    27.3907    27.3913     87.659     87.868      0.322    1481.66    1481.67  0.000e+00
      11926     89.000     7.3963     7.3966     0.0003    3.57262    3.57269          1     5.6760     5.6846      46.96     0.0418     0.2262  1.000e-12  0.2787000    35.0377    35.0382     0.0004    27.3924    27.3927     88.154     88.364      0.344    1481.69    1481.69  0.000e+00
      11954     89.500     7.3967     7.3968     0.0000    3.57274    3.57279          1     5.6784     5.6907      46.56     0.0316     0.2148  1.000e-12  0.2156000    35.0383    35.0389     0.0005    27.3928    27.3932     88.649     88.859      0.488    1481.70    1481.70  0.000e+00
      11977     90.000     7.3916     7.3917     0.0002    3.57235    3.57241          1     5.6767     5.6972      46.13     0.0160     0.2239  1.000e-12  0.2292000    35.0391    35.0396     0.0005    27.3941    27.3945     89.144     89.355      0.542    1481.69    1481.69  0.000e+00
      11999     90.500     7.3809     7.3812     0.0003    3.57143    3.57148          1     5.6743     5.7017      45.65     0.0256     0.2148  1.000e-12  0.2346000    35.0396    35.0398     0.0002    27.3961    27.3962     89.639     89.851      0.520    1481.66    1481.66  0.000e+00
      12023     91.000     7.3687     7.3689     0.0002    3.57026    3.57031          1     5.6817     5.7073      45.16     0.0162     0.2115  1.000e-12  0.2396000    35.0389    35.0392     0.0003    27.3973    27.3975     90.135     90.347      0.466    1481.62    1481.62  0.000e+00
      12051     91.500     7.3585     7.3588     0.0003    3.56928    3.56936          1     5.6996     5.7079      44.72     0.0515     0.2321  1.000e-12  0.2191000    35.0383    35.0388     0.0005    27.3983    27.3986     90.630     90.842      0.414    1481.59    1481.59  0.000e+00
      12080     92.000     7.3563     7.3566     0.0003    3.56909    3.56918          1     5.7060     5.7075      44.16     0.0248     0.2328  1.000e-12  0.2264000    35.0382    35.0389     0.0007    27.3985    27.3990     91.125     91.338      0.438    1481.59    1481.59  0.000e+00
      12106     92.500     7.3509     7.3513     0.0004    3.56862    3.56871          1     5.7013     5.7070      43.60     0.0181     0.2319  1.000e-12  0.2051000    35.0383    35.0389     0.0006    27.3993    27.3998     91.620     91.834      0.461    1481.57    1481.58  0.000e+00
      12133     93.000     7.3473     7.3476     0.0003    3.56836    3.56843          1     5.6941     5.7061      43.05     0.0308     0.2538  1.000e-12  0.2154000    35.0388    35.0393     0.0005    27.4003    27.4006     92.115     92.329      0.405    1481.57    1481.57  0.000e+00
      12165     93.500     7.3465     7.3466     0.0001    3.56834    3.56840          1     5.6960     5.6994      66.24     0.0254     0.2366  1.000e-12  0.2086000    35.0392    35.0397     0.0005    27.4007    27.4010     92.610     92.825      0.401    1481.58    1481.58  0.000e+00
      12192     94.000     7.3463     7.3465     0.0002    3.56835    3.56842          1     5.6982     5.7056      41.87     0.0254     0.2300  1.000e-12  0.2074000    35.0393    35.0398     0.0005    27.4008    27.4012     93.105     93.321      0.483    1481.58    1481.58  0.000e+00
      12215     94.500     7.3462     7.3463     0.0001    3.56838    3.56844          1     5.7053     5.7118      41.53     0.0161     0.2372  1.000e-12  0.2182000    35.0394    35.0399     0.0005    27.4009    27.4013     93.601     93.816      0.517    1481.59    1481.59  0.000e+00
      12239     95.000     7.3464     7.3465     0.0001    3.56844    3.56850          1     5.6988     5.7041      40.99     0.0264     0.2059  1.000e-12  0.2206000    35.0396    35.0402     0.0006    27.4011    27.4015     94.096     94.312      0.481    1481.60    1481.60  0.000e+00
      12266     95.500     7.3480     7.3481     0.0001    3.56867    3.56873          1     5.6865     5.6912      40.32     0.0359     0.2098  1.000e-12  0.2187000    35.0403    35.0408     0.0006    27.4014    27.4018     94.591     94.808      0.403    1481.62    1481.62  0.000e+00
      12301     96.000     7.3501     7.3506     0.0005    3.56898    3.56908          1     5.6697     5.6824      39.70     0.0202     0.2120  1.000e-12  0.2170000    35.0413    35.0418     0.0006    27.4018    27.4022     95.086     95.303      0.326    1481.63    1481.64  0.000e+00
      12336     96.500     7.3465     7.3463    -0.0002    3.56873    3.56875          1     5.6729     5.6875      39.40     0.0468     0.2270  1.000e-12  0.2151000    35.0419    35.0424     0.0004    27.4029    27.4032     95.581     95.799      0.408    1481.63    1481.63  0.000e+00
      12361     97.000     7.3410     7.3410     0.0001    3.56832    3.56839          1     5.6783     5.6875      38.95     0.0427     0.2382  1.000e-12  0.2352000    35.0428    35.0434     0.0006    27.4043    27.4048     96.076     96.295      0.542    1481.62    1481.62  0.000e+00
      12381     97.500     7.3418     7.3418    -0.0000    3.56855    3.56861          1     5.6784     5.6865      38.56     0.0153     0.2062  1.000e-12  0.2295000    35.0442    35.0448     0.0006    27.4053    27.4058     96.571     96.790      0.611    1481.63    1481.63  0.000e+00
      12400     98.000     7.3351     7.3356     0.0005    3.56794    3.56801          1     5.6755     5.6953      38.15     0.0379     0.2071  1.000e-12  0.2279000    35.0440    35.0444     0.0003    27.4061    27.4063     97.066     97.286      0.581    1481.61    1481.62  0.000e+00
      12424     98.500     7.3289     7.3289    -0.0000    3.56733    3.56737          1     5.6709     5.6986      37.70     0.0323     0.2164  1.000e-12  0.2545000    35.0435    35.0439     0.0004    27.4066    27.4069     97.562     97.782      0.428    1481.60    1481.60  0.000e+00
      12463     99.000     7.3248     7.3246    -0.0002    3.56696    3.56696          1     5.6807     5.6964      37.14     0.0314     0.2258  1.000e-12  0.2654000    35.0433    35.0435     0.0002    27.4070    27.4073     98.057     98.277      0.271    1481.59    1481.59  0.000e+00
      12503     99.500     7.3161     7.3158    -0.0003    3.56620    3.56622          1     5.6807     5.6929      36.64     0.0337     0.2037  1.000e-12  0.2626000    35.0435    35.0440     0.0005    27.4084    27.4089     98.552     98.773      0.405    1481.56    1481.56  0.000e+00
      12527    100.000     7.3133     7.3133    -0.0000    3.56603    3.56609          1     5.6796     5.6862      36.24     0.0218     0.1825  1.000e-12  0.2824000    35.0443    35.0449     0.0006    27.4095    27.4100     99.047     99.269      0.571    1481.56    1481.56  0.000e+00
      12546    100.500     7.3147     7.3148     0.0001    3.56622    3.56630          1     5.6803     5.6842      35.82     0.0202     0.1891  1.000e-12  0.3017000    35.0447    35.0455     0.0008    27.4096    27.4102     99.542     99.765      0.626    1481.58    1481.58  0.000e+00
      12566    101.000     7.3136     7.3138     0.0003    3.56620    3.56626          1     5.6764     5.6861      35.33     0.0242     0.2259  1.000e-12  0.3153000    35.0453    35.0457     0.0005    27.4102    27.4105    100.037    100.260      0.563    1481.58    1481.58  0.000e+00
      12591    101.500     7.3121     7.3122     0.0001    3.56613    3.56618          1     5.6696     5.6849      34.70     0.0303     0.1826  1.000e-12  0.3153000    35.0459    35.0463     0.0005    27.4109    27.4112    100.532    100.756      0.400    1481.58    1481.58  0.000e+00
      12628    102.000     7.3057     7.3049    -0.0008    3.56555    3.56550          1     5.6698     5.6841      34.09     0.0505     0.1916  1.000e-12  0.3099000    35.0457    35.0460     0.0003    27.4117    27.4120    101.027    101.252      0.316    1481.57    1481.56  0.000e+00
      12663    102.500     7.2937     7.2940     0.0003    3.56443    3.56449          1     5.6645     5.6845      33.63     0.0419     0.2172  1.000e-12  0.3390000    35.0453    35.0458     0.0004    27.4131    27.4134    101.522    101.747      0.393    1481.53    1481.53  0.000e+00
      12690    103.000     7.2773     7.2778     0.0005    3.56283    3.56290          1     5.6607     5.6784      33.17     0.0252     0.1976  1.000e-12  0.3801000    35.0443    35.0445     0.0002    27.4146    27.4147    102.018    102.243      0.479    1481.47    1481.47  0.000e+00
      12714    103.500     7.2542     7.2556     0.0014    3.56060    3.56072          1     5.6630     5.6729      32.73     0.0468     0.2032  1.000e-12  0.4575000    35.0430    35.0429    -0.0001    27.4169    27.4166    102.513    102.739      0.525    1481.39    1481.40  0.000e+00
      12736    104.000     7.2379     7.2383     0.0004    3.55904    3.55911          1     5.6556     5.6654      32.27     0.0552     0.2278  1.000e-12  0.5675000    35.0422    35.0426     0.0004    27.4186    27.4188    103.008    103.234      0.515    1481.34    1481.34  0.000e+00
      12761    104.500     7.2310     7.2311     0.0001    3.55841    3.55845          1     5.6491     5.6543      31.79     0.0569     0.2225  1.000e-12  0.6407000    35.0420    35.0424     0.0004    27.4195    27.4197    103.503    103.730      0.454    1481.32    1481.32  0.000e+00
      12791    105.000     7.2089     7.2084    -0.0006    3.55634    3.55632          1     5.6469     5.6614      31.19     0.0412     0.1972  1.000e-12  0.6865000    35.0415    35.0419     0.0004    27.4222    27.4225    103.998    104.226      0.355    1481.24    1481.24  0.000e+00
      12826    105.500     7.1963     7.1965     0.0002    3.55522    3.55528          1     5.6445     5.6685      30.62     0.0442     0.2365  1.000e-12  0.6902000    35.0418    35.0423     0.0004    27.4242    27.4245    104.493    104.721      0.384    1481.20    1481.20  0.000e+00
      12854    106.000     7.1925     7.1933     0.0008    3.55494    3.55504          1     5.6409     5.6647      30.18     0.0379     0.2226  1.000e-12  0.7013000    35.0423    35.0426     0.0003    27.4251    27.4252    104.988    105.217      0.476    1481.19    1481.20  0.000e+00
      12878    106.500     7.1884     7.1887     0.0003    3.55458    3.55466          1     5.6381     5.6623      29.77     0.0544     0.2719  1.000e-12  0.7196000    35.0423    35.0429     0.0006    27.4257    27.4261    105.483    105.713      0.502    1481.19    1481.19  0.000e+00
      12902    107.000     7.1859     7.1859    -0.0001    3.55440    3.55442          1     5.6429     5.6570      29.27     0.0537     0.1848  1.000e-12  0.7428000    35.0425    35.0428     0.0003    27.4262    27.4264    105.978    106.208      0.479    1481.19    1481.19  0.000e+00
      12929    107.500     7.1739     7.1740     0.0001    3.55335    3.55339          1     5.6416     5.6489      28.73     0.0460     0.2506  1.000e-12  0.7668000    35.0429    35.0434     0.0004    27.4282    27.4285    106.473    106.704      0.407    1481.15    1481.15  0.000e+00
      12962    108.000     7.1673     7.1676     0.0003    3.55282    3.55289          1     5.6369     5.6425      28.17     0.0416     0.2369  1.000e-12  0.7766000    35.0437    35.0441     0.0005    27.4298    27.4301    106.969    107.200      0.353    1481.13    1481.13  0.000e+00
      12994    108.500     7.1634     7.1638     0.0004    3.55250    3.55257          1     5.6358     5.6431      27.67     0.0470     0.2270  1.000e-12  0.7675000    35.0439    35.0442     0.0004    27.4304    27.4307    107.464    107.695      0.433    1481.12    1481.13  0.000e+00
      13019    109.000     7.1420     7.1460     0.0039    3.55059    3.55096          1     5.6394     5.6524      27.22     0.0348     0.2309  1.000e-12  0.7935000    35.0444    35.0443    -0.0001    27.4339    27.4333    107.959    108.191      0.496    1481.05    1481.07  0.000e+00
      13043    109.500     7.1331     7.1343     0.0013    3.54981    3.54997          1     5.6379     5.6502      26.74     0.0623     0.2346  1.000e-12  0.7938000    35.0446    35.0451     0.0005    27.4353    27.4355    108.454    108.687      0.473    1481.03    1481.03  0.000e+00
      13071    110.000     7.1277     7.1284     0.0007    3.54935    3.54943          1     5.6427     5.6414      26.22     0.0567     0.2225  1.000e-12  0.8100000    35.0447    35.0449     0.0002    27.4362    27.4362    108.949    109.182      0.402    1481.01    1481.01  0.000e+00
      13102    110.500     7.1143     7.1139    -0.0004    3.54814    3.54816          1     5.6384     5.6508      25.70     0.0535     0.2268  1.000e-12  0.8075000    35.0448    35.0454     0.0007    27.4381    27.4387    109.444    109.678      0.381    1480.97    1480.97  0.000e+00
      13133    111.000     7.0966     7.0973     0.0007    3.54660    3.54670          1     5.6350     5.6550      25.21     0.0642     0.2126  1.000e-12  0.8268000    35.0456    35.0460     0.0005    27.4412    27.4415    109.939    110.174      0.402    1480.91    1480.91  0.000e+00
      13162    111.500     7.0895     7.0906     0.0011    3.54599    3.54613          1     5.6402     5.6481      24.76     0.0421     0.1692  1.000e-12  0.8170000    35.0458    35.0462     0.0004    27.4424    27.4426    110.434    110.669      0.424    1480.89    1480.90  0.000e+00
