ctdpy/exports/archive_20191121_122431/received_data/SBE09_1044_20180530_1535_34_07_0046.cnv
* Sea-Bird SBE 9 Data File:
* FileName = C:\ctd\temp\2018\AU18D046.hex
* Software Version Seasave V 7.26.6.26
* Temperature SN = 5351
* Conductivity SN = 3941
* Number of Bytes Per Scan = 41
* Number of Voltage Words = 4
* Number of Scans Averaged by the Deck Unit = 1
* NMEA Latitude = 57 18.74 N
* NMEA Longitude = 020 04.57 E
* NMEA UTC (Time) = May 30 2018  15:35:45
* NMEA baud rate = 4800
** Station:  BY15
** Operator:  JKro
** Ship: AURA
** Average sound velocity: 1447.99 m/s
** True-depth calculation Wed, 30 May 2018 16:55:02 +0000
** CTD Python Module SMHI /ver 3-12/ feb 2012 
** LIMS Job: 20183407-0046
** Cruise: SMHI-02-2018
** Latitude [GG MM.mm N] :
** Longitude [GG MM.mm E]:
# nquan = 26
# nvalues = 471                         
# units = specified
# name 0 = scan: Scan Count
# name 1 = prDM: Pressure, Digiquartz [db]
# name 2 = t090C: Temperature [ITS-90, deg C]
# name 3 = t190C: Temperature, 2 [ITS-90, deg C]
# name 4 = T2-T190C: Temperature Difference, 2 - 1 [ITS-90, deg C]
# name 5 = c0S/m: Conductivity [S/m]
# name 6 = c1S/m: Conductivity, 2 [S/m]
# name 7 = pumps: Pump Status
# name 8 = sbeox0ML/L: Oxygen, SBE 43 [ml/l]
# name 9 = sbeox1ML/L: Oxygen, SBE 43, 2 [ml/l]
# name 10 = altM: Altimeter [m]
# name 11 = flECO-AFL: Chl-a Fluorescence, WET Labs ECO-AFL/FL [mg/m^3]
# name 12 = flECO-AFL1: Phycocyanin Fluorescence, WET Labs ECO-AFL/FL, 2 [mg/m^3]
# name 13 = par: PAR/Irradiance, Biospherical/Lico [µE/(cm^2*s)]
# name 14 = turbWETntu0: Turbidity, WET Labs ECO [NTU]
# name 15 = sal00: Salinity, Practical [PSU]
# name 16 = sal11: Salinity, Practical, 2 [PSU]
# name 17 = secS-priS: Salinity, Practical, Difference, 2 - 1 [PSU]
# name 18 = sigma-t00: Density [sigma-t, Kg/m^3 ]
# name 19 = sigma-t11: Density, 2 [sigma-t, Kg/m^3 ]
# name 20 = depSM: Depth [salt water, m], lat = 57.3123
# name 21 = depFM: Depth [true depth, m], lat = 57.3123
# name 22 = dz/dtM: Descent Rate [m/s], WS = 2
# name 23 = svCM: Sound Velocity [Chen-Millero, m/s]
# name 24 = svCM1: Sound Velocity, 2 [Chen-Millero, m/s]
# name 25 = flag: flag
# span 0 =      11442,      26051       
# span 1 =      1.000,    236.000       
# span 2 =     2.9692,    15.1405       
# span 3 =     2.9703,    15.1466       
# span 4 =    -0.0381,     0.0438       
# span 5 =   0.759898,   1.459491       
# span 6 =   0.759791,   1.459480       
# span 7 =          1,          1       
# span 8 =   -0.01819,    9.87640       
# span 9 =   -0.19286,    9.95841       
# span 10 =       0.00,      98.61      
# span 11 =     0.2129,     8.4804      
# span 12 =     0.1382,     0.8795      
# span 13 = -9.822e-07, 4.8387e+02      
# span 14 =     0.1154,     0.6344      
# span 15 =     7.2409,    13.2904      
# span 16 =     7.2410,    13.2899      
# span 17 =    -0.0027,     0.0011      
# span 18 =     4.6726,    10.3742      
# span 19 =     4.6717,    10.3737      
# span 20 =      0.991,    233.693      
# span 21 =      1.014,    238.331      
# span 22 =     -0.141,      0.561      
# span 23 =    1427.24,    1475.07      
# span 24 =    1427.24,    1475.09      
# span 25 = 0.0000e+00, 0.0000e+00      
# interval = decibars: 0.5              
# start_time = May 30 2018 15:35:46 [NMEA time, first data scan]
# bad_flag = -9.990e-29
*END*
[from data line 446]
      22511    224.000     6.9056     6.9067     0.0011    1.45679    1.45677          1     0.0184     0.0200      15.02     0.3952     0.2242  1.000e-12  0.2299000    13.2667    13.2661    -0.0006    10.3557    10.3551    221.817    226.234      0.470    1454.80    1454.80  0.000e+00
      22537    224.500     6.9058     6.9069     0.0011    1.45700    1.45698          1     0.0199     0.0201      14.51     0.3597     0.2206  1.000e-12  0.2290000    13.2686    13.2680    -0.0006    10.3571    10.3566    222.311    226.738      0.468    1454.81    1454.81  0.000e+00
      22562    225.000     6.9056     6.9067     0.0011    1.45720    1.45719          1     0.0177     0.0195      14.02     0.3600     0.2652  1.000e-12  0.2289000    13.2705    13.2700    -0.0005    10.3587    10.3582    222.806    227.242      0.480    1454.82    1454.82  0.000e+00
      22587    225.500     6.9054     6.9064     0.0010    1.45737    1.45736          1     0.0200     0.0198      13.49     0.3714     0.2690  1.000e-12  0.2310000    13.2722    13.2717    -0.0005    10.3600    10.3595    223.301    227.746      0.444    1454.83    1454.83  0.000e+00
      22616    226.000     6.9053     6.9064     0.0011    1.45751    1.45749          1     0.0186     0.0200      12.91     0.3750     0.2063  1.000e-12  0.2446000    13.2735    13.2729    -0.0005    10.3610    10.3605    223.796    228.250      0.397    1454.84    1454.84  0.000e+00
      22647    226.500     6.9053     6.9063     0.0011    1.45759    1.45758          1     0.0196     0.0199      12.39     0.4372     0.2307  1.000e-12  0.2464000    13.2742    13.2736    -0.0005    10.3616    10.3610    224.291    228.754      0.392    1454.85    1454.85  0.000e+00
      22678    227.000     6.9052     6.9062     0.0010    1.45763    1.45762          1     0.0184     0.0196      11.89     0.4300     0.2618  1.000e-12  0.2436000    13.2745    13.2740    -0.0005    10.3618    10.3613    224.786    229.258      0.392    1454.86    1454.86  0.000e+00
      22708    227.500     6.9054     6.9064     0.0010    1.45771    1.45770          1     0.0200     0.0193      11.38     0.3936     0.1727  1.000e-12  0.2298000    13.2751    13.2746    -0.0005    10.3623    10.3618    225.281    229.762      0.389    1454.87    1454.87  0.000e+00
      22740    228.000     6.9056     6.9067     0.0011    1.45790    1.45789          1     0.0174     0.0199      10.85     0.3757     0.2394  1.000e-12  0.2410000    13.2768    13.2763    -0.0005    10.3636    10.3631    225.775    230.266      0.363    1454.88    1454.88  0.000e+00
      22774    228.500     6.9057     6.9068     0.0010    1.45799    1.45798          1     0.0200     0.0195      10.28     0.3998     0.2375  1.000e-12  0.2389000    13.2775    13.2770    -0.0005    10.3641    10.3637    226.270    230.770      0.341    1454.89    1454.89  0.000e+00
      22810    229.000     6.9060     6.9070     0.0011    1.45807    1.45806          1     0.0175     0.0195       9.77     0.3931     0.2552  1.000e-12  0.2345000    13.2781    13.2777    -0.0005    10.3646    10.3642    226.765    231.274      0.344    1454.90    1454.90  0.000e+00
      22844    229.500     6.9062     6.9072     0.0010    1.45829    1.45828          1     0.0195     0.0194       9.26     0.3698     0.2407  1.000e-12  0.2275000    13.2801    13.2796    -0.0005    10.3661    10.3656    227.260    231.778      0.357    1454.91    1454.91  0.000e+00
      22878    230.000     6.9070     6.9080     0.0010    1.45871    1.45869          1     0.0177     0.0194       8.71     0.3604     0.2360  1.000e-12  0.2393000    13.2839    13.2833    -0.0006    10.3690    10.3685    227.755    232.282      0.340    1454.92    1454.93  0.000e+00
      22914    230.500     6.9072     6.9082     0.0010    1.45894    1.45893          1     0.0182     0.0202       8.21     0.3682     0.2678  1.000e-12  0.2400000    13.2860    13.2855    -0.0005    10.3707    10.3702    228.250    232.786      0.339    1454.93    1454.94  0.000e+00
      22949    231.000     6.9069     6.9080     0.0010    1.45916    1.45915          1     0.0193     0.0193       7.69     0.3880     0.2375  1.000e-12  0.2461000    13.2881    13.2876    -0.0005    10.3724    10.3719    228.745    233.290      0.330    1454.94    1454.95  0.000e+00
      22986    231.500     6.9068     6.9079     0.0011    1.45927    1.45925          1     0.0153     0.0197       7.17     0.4173     0.2533  1.000e-12  0.2541000    13.2891    13.2885    -0.0006    10.3731    10.3726    229.239    233.794      0.322    1454.95    1454.96  0.000e+00
      23023    232.000     6.9069     6.9079     0.0010    1.45940    1.45938          1     0.0202     0.0196       6.68     0.4037     0.2428  1.000e-12  0.2714000    13.2903    13.2897    -0.0006    10.3741    10.3735    229.734    234.298      0.321    1454.96    1454.97  0.000e+00
      23061    232.500     6.9069     6.9079     0.0011    1.45942    1.45941          1     0.0195     0.0196       6.14     0.4118     0.2655  1.000e-12  0.2604000    13.2904    13.2898    -0.0006    10.3742    10.3736    230.229    234.803      0.324    1454.97    1454.97  0.000e+00
      23097    233.000     6.9069     6.9079     0.0010    1.45944    1.45942          1     0.0177     0.0194       5.64     0.3839     0.2262  1.000e-12  0.2481000    13.2904    13.2899    -0.0005    10.3742    10.3737    230.724    235.307      0.333    1454.98    1454.98  0.000e+00
      23135    233.500     6.9069     6.9079     0.0010    1.45945    1.45943          1     0.0175     0.0201       5.07     0.3911     0.2681  1.000e-12  0.2578000    13.2904    13.2899    -0.0005    10.3742    10.3737    231.219    235.811      0.313    1454.99    1454.99  0.000e+00
      23172    234.000     6.9070     6.9080     0.0010    1.45946    1.45945          1     0.0185     0.0191       4.57     0.3976     0.2357  1.000e-12  0.2507000    13.2904    13.2899    -0.0005    10.3742    10.3737    231.714    236.315      0.327    1455.00    1455.00  0.000e+00
      23209    234.500     6.9069     6.9079     0.0010    1.45947    1.45946          1     0.0190     0.0191       4.09     0.4269     0.2664  1.000e-12  0.2604000    13.2904    13.2899    -0.0005    10.3742    10.3737    232.208    236.819      0.317    1455.00    1455.01  0.000e+00
      23247    235.000     6.9070     6.9080     0.0010    1.45948    1.45947          1     0.0142     0.0169       3.62     0.3902     0.2401  1.000e-12  0.2528000    13.2904    13.2899    -0.0005    10.3742    10.3737    232.703    237.323      0.319    1455.01    1455.02  0.000e+00
      23288    235.500     6.9069     6.9079     0.0010    1.45949    1.45948          1     0.0175     0.0207       3.11     0.3836     0.2413  1.000e-12  0.2588000    13.2904    13.2899    -0.0005    10.3742    10.3737    233.198    237.827      0.260    1455.02    1455.02  0.000e+00
      26051    236.000     6.9070     6.9080     0.0010    1.45931    1.45926          1     0.0125     0.0149       2.32     0.4129     0.2396  1.000e-12  0.2377000    13.2885    13.2876    -0.0008    10.3726    10.3719    233.693    238.331     -0.141    1455.03    1455.03  0.000e+00
