ctdpy/exports/archive_20191121_122431/received_data/SBE09_0827_20181011_1330_26_01_1070.cnv
* Sea-Bird SBE 9 Data File:
* FileName = D:\CTD_SBE911\DAT\26DA.2018.10.70.hex
* Software Version Seasave V 7.21d
* Temperature SN = 4548
* Conductivity SN = 3062
* Number of Bytes Per Scan = 48
* Number of Voltage Words = 5
* Number of Scans Averaged by the Deck Unit = 1
* NMEA Latitude = 56 43.61 N
* NMEA Longitude = 018 57.64 E
* NMEA UTC (Time) = Oct 11 2018  13:33:00
* NMEA baud rate = 4800
** Ship: DANA
** Average sound velocity: 1446.46 m/s
** True-depth calculation Thu, 28 Mar 2019 12:25:43 +0000
** CTD Python Module SMHI /ver 3-12/ feb 2012 
** LIMS Job: 20182601-1070
** Operator: Christian
** Cruise: 10/2018
# nquan = 26
# nvalues = 239                         
# units = specified
# name 0 = scan: Scan Count
# name 1 = prDM: Pressure, Digiquartz [db]
# name 2 = t090C: Temperature [ITS-90, deg C]
# name 3 = t190C: Temperature, 2 [ITS-90, deg C]
# name 4 = T2-T190C: Temperature Difference, 2 - 1 [ITS-90, deg C]
# name 5 = c0S/m: Conductivity [S/m]
# name 6 = c1S/m: Conductivity, 2 [S/m]
# name 7 = pumps: Pump Status
# name 8 = sbeox1ML/L: Oxygen, SBE 43, 2 [ml/l]
# name 9 = sbeox0ML/L: Oxygen, SBE 43 [ml/l]
# name 10 = altM: Altimeter [m]
# name 11 = chloroflTC0: Chlorophyll, Turner Cyclops [ug/l]
# name 12 = cpar: CPAR/Corrected Irradiance [%]
# name 13 = par: PAR/Irradiance, Biospherical/Lico [µE/(cm^2*s)]
# name 14 = spar: SPAR, Biospherical/Licor
# name 15 = sal00: Salinity, Practical [PSU]
# name 16 = sal11: Salinity, Practical, 2 [PSU]
# name 17 = secS-priS: Salinity, Practical, Difference, 2 - 1 [PSU]
# name 18 = sigma-t00: Density [sigma-t, kg/m^3 ]
# name 19 = sigma-t11: Density, 2 [sigma-t, kg/m^3 ]
# name 20 = depSM: Depth [salt water, m], lat = 56.7268
# name 21 = depFM: Depth [true depth, m], lat = 56.7268
# name 22 = dz/dtM: Descent Rate [m/s], WS = 2
# name 23 = svCM: Sound Velocity [Chen-Millero, m/s]
# name 24 = svCM1: Sound Velocity, 2 [Chen-Millero, m/s]
# name 25 = flag: flag
# span 0 =        210,      12751       
# span 1 =      1.500,    120.500       
# span 2 =     3.9758,    10.4366       
# span 3 =     3.9654,    10.4466       
# span 4 =    -0.4367,     0.1696       
# span 5 =   0.789001,   1.257982       
# span 6 =   0.788693,   1.257864       
# span 7 =          1,          1       
# span 8 =     0.0382,     7.5603       
# span 9 =     0.0400,     7.0783       
# span 10 =       1.43,      10.42      
# span 11 =     0.0159,     0.0398      
# span 12 = -1.411e-05, 9.5565e-01      
# span 13 = -1.891e-04, 1.2752e+01      
# span 14 = 1.2939e+03, 1.3427e+03      
# span 15 =     7.2049,    11.4792      
# span 16 =     7.2046,    11.4780      
# span 17 =    -0.0015,     0.1997      
# span 18 =     5.2801,     8.9854      
# span 19 =     5.2794,     8.9844      
# span 20 =      1.486,    119.361      
# span 21 =      1.520,    121.899      
# span 22 =     -0.373,      0.477      
# span 23 =    1432.37,    1457.99      
# span 24 =    1432.31,    1458.00      
# span 25 = 0.0000e+00, 0.0000e+00      
# interval = decibars: 0.5              
# start_time = Oct 11 2018 13:33:00 [NMEA time, first data scan]
# bad_flag = -9.990e-29
*END*
[from data line 112]
       5556     57.500     4.0146     4.0165     0.0018    0.81515    0.81607          1     6.2350     5.8971       9.97     0.0160  7.552e-14  1.000e-12  1.324e+03     7.7472     7.7562     0.0089     6.1582     6.1653     56.965     58.244      0.232    1432.67    1432.69  0.000e+00
       5607     58.000     4.0185     4.0167    -0.0019    0.81726    0.81794          1     6.1310     5.7933       9.97     0.0159  7.551e-14  1.000e-12  1.324e+03     7.7678     7.7751     0.0074     6.1744     6.1803     57.461     58.750      0.258    1432.72    1432.72  0.000e+00
       5651     58.500     4.0116     4.0076    -0.0040    0.81968    0.82068          1     6.0364     5.7092       9.97     0.0159  7.564e-14  1.000e-12  1.322e+03     7.7941     7.8052     0.0111     6.1955     6.2045     57.956     59.256      0.265    1432.73    1432.73  0.000e+00
       5700     59.000     4.0021     3.9966    -0.0055    0.82263    0.82374          1     5.9010     5.5885       9.97     0.0160  7.567e-14  1.000e-12  1.322e+03     7.8264     7.8391     0.0127     6.2215     6.2317     58.451     59.762      0.235    1432.74    1432.73  0.000e+00
       5752     59.500     3.9941     3.9902    -0.0039    0.82520    0.82601          1     5.7887     5.4670       9.97     0.0159  7.574e-14  1.000e-12  1.320e+03     7.8546     7.8637     0.0092     6.2440     6.2514     58.946     60.269      0.225    1432.75    1432.74  0.000e+00
       5805     60.000     3.9921     3.9894    -0.0028    0.82641    0.82693          1     5.7367     5.4136       9.97     0.0159  7.554e-14  1.000e-12  1.324e+03     7.8673     7.8733     0.0060     6.2542     6.2590     59.442     60.775      0.235    1432.76    1432.76  0.000e+00
       5856     60.500     3.9893     3.9874    -0.0018    0.82731    0.82761          1     5.6980     5.3767       9.97     0.0159  7.543e-14  1.000e-12  1.326e+03     7.8772     7.8807     0.0036     6.2621     6.2650     59.937     61.281      0.235    1432.77    1432.77  0.000e+00
       5905     61.000     3.9908     3.9907    -0.0001    0.82788    0.82809          1     5.6799     5.3555       9.97     0.0159  7.551e-14  1.000e-12  1.324e+03     7.8825     7.8848     0.0022     6.2663     6.2681     60.432     61.787      0.255    1432.79    1432.79  0.000e+00
       5950     61.500     3.9914     3.9918     0.0004    0.82842    0.82868          1     5.6585     5.3334       9.97     0.0159  7.557e-14  1.000e-12  1.323e+03     7.8878     7.8904     0.0025     6.2705     6.2726     60.928     62.293      0.268    1432.81    1432.82  0.000e+00
       5995     62.000     3.9982     4.0007     0.0025    0.82951    0.83028          1     5.6283     5.2985       9.97     0.0159  7.575e-14  1.000e-12  1.320e+03     7.8973     7.9046     0.0073     6.2779     6.2836     61.423     62.799      0.261    1432.86    1432.88  0.000e+00
       6044     62.500     4.0033     4.0045     0.0012    0.83217    0.83314          1     5.5311     5.2164       9.97     0.0159  7.566e-14  1.000e-12  1.322e+03     7.9232     7.9328     0.0097     6.2983     6.3059     61.918     63.305      0.235    1432.92    1432.94  0.000e+00
       6096     63.000     4.0088     4.0079    -0.0009    0.83558    0.83691          1     5.3944     5.1025       9.97     0.0159  7.575e-14  1.000e-12  1.320e+03     7.9567     7.9705     0.0138     6.3248     6.3358     62.413     63.811      0.230    1433.00    1433.01  0.000e+00
       6148     63.500     4.0029     4.0039     0.0009    0.84018    0.84184          1     5.2091     4.9388       9.97     0.0159  7.547e-14  1.000e-12  1.325e+03     8.0052     8.0220     0.0168     6.3635     6.3768     62.909     64.317      0.241    1433.04    1433.07  0.000e+00
       6195     64.000     4.0194     4.0292     0.0098    0.84504    0.84722          1     5.0237     4.7816       9.97     0.0159  7.541e-14  1.000e-12  1.326e+03     8.0509     8.0707     0.0198     6.3993     6.4148     63.404     64.823      0.260    1433.19    1433.25  0.000e+00
       6240     64.500     4.0590     4.0695     0.0105    0.85319    0.85494          1     4.7530     4.5597       9.97     0.0159  7.550e-14  1.000e-12  1.325e+03     8.1245     8.1398     0.0153     6.4567     6.4685     63.899     65.329      0.270    1433.47    1433.53  0.000e+00
       6285     65.000     4.1004     4.1295     0.0292    0.86051    0.86467          1     4.4945     4.3234       9.97     0.0159  7.558e-14  1.000e-12  1.323e+03     8.1890     8.2243     0.0353     6.5067     6.5339     64.394     65.835      0.255    1433.74    1433.92  0.000e+00
       6334     65.500     4.1823     4.2411     0.0587    0.87385    0.88253          1     4.1055     3.9260       9.97     0.0160  7.556e-14  1.000e-12  1.324e+03     8.3048     8.3786     0.0738     6.5963     6.6530     64.890     66.341      0.243    1434.27    1434.62  0.000e+00
       6383     66.000     4.3135     4.3576     0.0442    0.89749    0.90432          1     3.4271     3.3544       9.97     0.0159  7.564e-14  1.000e-12  1.322e+03     8.5126     8.5709     0.0583     6.7571     6.8018     65.385     66.847      0.244    1435.13    1435.40  0.000e+00
       6434     66.500     4.3855     4.4034     0.0178    0.90945    0.91169          1     2.9138     2.8879       9.97     0.0159  7.557e-14  1.000e-12  1.323e+03     8.6159     8.6341     0.0181     6.8366     6.8503     65.880     67.353      0.229    1435.59    1435.69  0.000e+00
       6486     67.000     4.4200     4.4456     0.0256    0.91542    0.91909          1     2.7182     2.6560       9.97     0.0161  7.547e-14  1.000e-12  1.325e+03     8.6676     8.6983     0.0307     6.8764     6.8998     66.375     67.859      0.241    1435.81    1435.97  0.000e+00
       6533     67.500     4.4819     4.5211     0.0392    0.92555    0.93014          1     2.4880     2.4205       9.97     0.0161  7.543e-14  1.000e-12  1.326e+03     8.7544     8.7908     0.0364     6.9429     6.9704     66.871     68.365      0.268    1436.21    1436.43  0.000e+00
       6578     68.000     4.5948     4.6407     0.0459    0.94150    0.94692          1     2.1881     2.1493       9.97     0.0159  7.554e-14  1.000e-12  1.324e+03     8.8865     8.9292     0.0427     7.0435     7.0755     67.366     68.870      0.247    1436.88    1437.14  0.000e+00
       6629     68.500     4.6828     4.7294     0.0466    0.95482    0.96050          1     1.8522     1.8211       9.97     0.0160  7.555e-14  1.000e-12  1.324e+03     8.9980     9.0429     0.0450     7.1283     7.1620     67.861     69.376      0.238    1437.42    1437.69  0.000e+00
       6679     69.000     4.7813     4.8369     0.0556    0.97051    0.97849          1     1.3934     1.3812       9.97     0.0164  7.559e-14  1.000e-12  1.323e+03     9.1300     9.1955     0.0655     7.2289     7.2784     68.356     69.882      0.237    1438.03    1438.36  0.000e+00
       6729     69.500     4.8748     4.9381     0.0634    0.98568    0.99435          1     0.9339     0.8907       9.97     0.0166  7.551e-14  1.000e-12  1.324e+03     9.2577     9.3277     0.0700     7.3260     7.3786     68.852     70.387      0.239    1438.62    1438.98  0.000e+00
       6781     70.000     4.9561     4.9960     0.0400    0.99791    1.00286          1     0.6441     0.6131       9.97     0.0165  7.540e-14  1.000e-12  1.326e+03     9.3586     9.3974     0.0387     7.4023     7.4311     69.347     70.893      0.234    1439.11    1439.33  0.000e+00
       6829     70.500     4.9921     5.0080     0.0158    1.00303    1.00431          1     0.5681     0.5655       9.97     0.0162  7.542e-14  1.000e-12  1.326e+03     9.4001     9.4086     0.0084     7.4334     7.4394     69.842     71.398      0.263    1439.33    1439.41  0.000e+00
       6875     71.000     5.0138     5.0278     0.0140    1.00581    1.00686          1     0.5727     0.5498       9.97     0.0163  7.558e-14  1.000e-12  1.323e+03     9.4220     9.4286     0.0066     7.4498     7.4543     70.337     71.904      0.255    1439.46    1439.53  0.000e+00
       6923     71.500     5.0283     5.0372     0.0089    1.00742    1.00808          1     0.5912     0.5482       9.97     0.0164  7.563e-14  1.000e-12  1.322e+03     9.4341     9.4382     0.0041     7.4586     7.4615     70.833     72.409      0.245    1439.54    1439.59  0.000e+00
       6973     72.000     5.0414     5.0562     0.0148    1.00908    1.01042          1     0.6299     0.5745       9.97     0.0162  7.575e-14  1.000e-12  1.320e+03     9.4471     9.4563     0.0092     7.4683     7.4749     71.328     72.915      0.236    1439.63    1439.70  0.000e+00
       7025     72.500     5.0653     5.0854     0.0201    1.01203    1.01401          1     0.7114     0.6437       9.97     0.0163  7.551e-14  1.000e-12  1.324e+03     9.4699     9.4842     0.0143     7.4853     7.4956     71.823     73.420      0.230    1439.77    1439.87  0.000e+00
       7074     73.000     5.1120     5.1449     0.0330    1.01845    1.02206          1     0.7640     0.6924       9.97     0.0166  7.546e-14  1.000e-12  1.325e+03     9.5213     9.5483     0.0270     7.5237     7.5434     72.318     73.926      0.258    1440.04    1440.22  0.000e+00
       7122     73.500     5.2120     5.3816     0.1696    1.03357    1.05840          1     0.7044     0.6014       9.97     0.0169  7.549e-14  1.000e-12  1.325e+03     9.6448     9.8445     0.1997     7.6164     7.7654     72.814     74.431      0.238    1440.64    1441.63  0.000e+00
       7172     74.000     5.4249     5.5494     0.1244    1.06889    1.08675          1     0.4232     0.2974       9.97     0.0164  7.564e-14  1.000e-12  1.322e+03     9.9373    10.0793     0.1420     7.8365     7.9419     73.309     74.937      0.257    1441.95    1442.66  0.000e+00
       7216     74.500     5.5261     5.5686     0.0426    1.08377    1.08869          1     0.2371     0.1955       9.97     0.0170  7.564e-14  1.000e-12  1.322e+03    10.0564    10.0928     0.0364     7.9251     7.9514     73.804     75.442      0.268    1442.54    1442.77  0.000e+00
       7263     75.000     5.5562     5.5845     0.0283    1.08807    1.09106          1     0.1885     0.1672       9.97     0.0170  7.564e-14  1.000e-12  1.322e+03    10.0903    10.1117     0.0214     7.9501     7.9655     74.299     75.947      0.247    1442.72    1442.87  0.000e+00
       7315     75.500     5.5919     5.6183     0.0263    1.09325    1.09620          1     0.1610     0.1407       9.97     0.0170  7.564e-14  1.000e-12  1.322e+03    10.1313    10.1528     0.0216     7.9805     7.9960     74.795     76.452      0.224    1442.94    1443.08  0.000e+00
       7366     76.000     5.6241     5.6479     0.0237    1.09804    1.10055          1     0.1377     0.1118       9.97     0.0171  7.564e-14  1.000e-12  1.322e+03    10.1694    10.1873     0.0179     8.0088     8.0216     75.290     76.958      0.243    1443.13    1443.26  0.000e+00
       7415     76.500     5.6491     5.6659     0.0168    1.10160    1.10323          1     0.1309     0.1058       9.97     0.0171  7.571e-14  1.000e-12  1.321e+03    10.1974    10.2085     0.0112     8.0294     8.0373     75.785     77.463      0.248    1443.28    1443.37  0.000e+00
       7463     77.000     5.6609     5.6698     0.0089    1.10307    1.10358          1     0.1271     0.1022       9.97     0.0171  7.553e-14  1.000e-12  1.324e+03    10.2083    10.2107     0.0024     8.0374     8.0388     76.280     77.968      0.246    1443.35    1443.40  0.000e+00
       7512     77.500     5.6665     5.6730     0.0065    1.10366    1.10397          1     0.1295     0.1005       9.97     0.0169  7.555e-14  1.000e-12  1.324e+03    10.2125    10.2136     0.0011     8.0403     8.0408     76.776     78.473      0.251    1443.39    1443.42  0.000e+00
       7560     78.000     5.6705     5.6748     0.0043    1.10405    1.10416          1     0.1225     0.0946       9.97     0.0171  7.564e-14  1.000e-12  1.322e+03    10.2151    10.2149    -0.0002     8.0421     8.0417     77.271     78.978      0.239    1443.42    1443.44  0.000e+00
       7613     78.500     5.6739     5.6827     0.0087    1.10442    1.10517          1     0.1194     0.0930       9.97     0.0171  7.557e-14  1.000e-12  1.323e+03    10.2177    10.2225     0.0048     8.0440     8.0473     77.766     79.484      0.225    1443.44    1443.49  0.000e+00
       7662     79.000     5.6816     5.6871     0.0055    1.10546    1.10584          1     0.1143     0.0912       9.97     0.0171  7.552e-14  1.000e-12  1.324e+03    10.2257    10.2278     0.0021     8.0499     8.0512     78.261     79.989      0.262    1443.50    1443.52  0.000e+00
       7711     79.500     5.6867     5.6935     0.0068    1.10618    1.10689          1     0.1102     0.0875       9.97     0.0171  7.552e-14  1.000e-12  1.324e+03    10.2312    10.2362     0.0050     8.0539     8.0575     78.757     80.494      0.224    1443.53    1443.57  0.000e+00
       7764     80.000     5.6950     5.7022     0.0072    1.10755    1.10832          1     0.1099     0.0844       9.97     0.0170  7.555e-14  1.000e-12  1.324e+03    10.2422    10.2477     0.0055     8.0621     8.0661     79.252     80.999      0.247    1443.59    1443.63  0.000e+00
       7811     80.500     5.7045     5.7115     0.0070    1.10923    1.10997          1     0.1037     0.0812       9.97     0.0171  7.577e-14  1.000e-12  1.320e+03    10.2561    10.2613     0.0052     8.0725     8.0762     79.747     81.504      0.255    1443.66    1443.69  0.000e+00
       7860     81.000     5.7145     5.7202     0.0057    1.11086    1.11140          1     0.1027     0.0822       9.97     0.0171  7.585e-14  1.000e-12  1.318e+03    10.2691    10.2728     0.0037     8.0822     8.0848     80.242     82.010      0.230    1443.72    1443.75  0.000e+00
       7914     81.500     5.7328     5.7502     0.0174    1.11301    1.11442          1     0.0994     0.0803       9.97     0.0171  7.581e-14  1.000e-12  1.319e+03    10.2849    10.2937     0.0087     8.0936     8.0995     80.737     82.515      0.225    1443.83    1443.92  0.000e+00
       7964     82.000     5.7616     5.7671     0.0055    1.11621    1.11661          1     0.0942     0.0790       9.97     0.0170  7.558e-14  1.000e-12  1.323e+03    10.3081    10.3103     0.0023     8.1102     8.1116     81.233     83.020      0.244    1443.99    1444.02  0.000e+00
       8016     82.500     5.7686     5.7771     0.0085    1.11726    1.11786          1     0.0956     0.0777       9.97     0.0170  7.555e-14  1.000e-12  1.324e+03    10.3163    10.3197     0.0034     8.1162     8.1184     81.728     83.525      0.229    1444.04    1444.08  0.000e+00
       8066     83.000     5.8049     5.8192     0.0143    1.12120    1.12257          1     0.0888     0.0750       9.97     0.0171  7.585e-14  1.000e-12  1.318e+03    10.3444    10.3536     0.0093     8.1362     8.1427     82.223     84.030      0.245    1444.24    1444.31  0.000e+00
       8114     83.500     5.8310     5.8383     0.0074    1.12571    1.12658          1     0.0912     0.0746       9.97     0.0170  7.593e-14  1.000e-12  1.317e+03    10.3812    10.3876     0.0064     8.1637     8.1683     82.718     84.535      0.251    1444.40    1444.44  0.000e+00
       8163     84.000     5.8572     5.8732     0.0159    1.13093    1.13295          1     0.0844     0.0737       9.97     0.0172  7.593e-14  1.000e-12  1.317e+03    10.4250    10.4402     0.0152     8.1966     8.2076     83.214     85.041      0.237    1444.58    1444.67  0.000e+00
       8215     84.500     5.8925     5.9051     0.0126    1.13633    1.13806          1     0.0875     0.0726       9.97     0.0171  7.587e-14  1.000e-12  1.318e+03    10.4678    10.4811     0.0133     8.2282     8.2379     83.709     85.546      0.232    1444.79    1444.86  0.000e+00
