ctdpy/exports/archive_20191121_122431/received_data/SBE09_0827_20180823_1200_26_01_0866.cnv
* Sea-Bird SBE 9 Data File:
* FileName = D:\CTD_SBE911\DAT\26DA.2018.8.66.hex
* Software Version Seasave V 7.21d
* Temperature SN = 034605
* Conductivity SN = 041844
* Number of Bytes Per Scan = 48
* Number of Voltage Words = 5
* Number of Scans Averaged by the Deck Unit = 1
* NMEA Latitude = 57 46.02 N
* NMEA Longitude = 009 49.32 E
* NMEA UTC (Time) = Aug 23 2018  12:03:13
* NMEA baud rate = 4800
** Ship: DANA
** Average sound velocity: 1507.65 m/s
** True-depth calculation Thu, 28 Mar 2019 09:25:42 +0000
** CTD Python Module SMHI /ver 3-12/ feb 2012 
** LIMS Job: 20182601-0866
**  11 N HIRTSHALS
** Operator: Christian
** Cruise: 08/2018
# nquan = 26
# nvalues = 76                          
# units = specified
# name 0 = scan: Scan Count
# name 1 = prDM: Pressure, Digiquartz [db]
# name 2 = t090C: Temperature [ITS-90, deg C]
# name 3 = t190C: Temperature, 2 [ITS-90, deg C]
# name 4 = T2-T190C: Temperature Difference, 2 - 1 [ITS-90, deg C]
# name 5 = c0S/m: Conductivity [S/m]
# name 6 = c1S/m: Conductivity, 2 [S/m]
# name 7 = pumps: Pump Status
# name 8 = sbeox1ML/L: Oxygen, SBE 43, 2 [ml/l]
# name 9 = sbeox0ML/L: Oxygen, SBE 43 [ml/l]
# name 10 = altM: Altimeter [m]
# name 11 = chloroflTC0: Chlorophyll, Turner Cyclops [ug/l]
# name 12 = cpar: CPAR/Corrected Irradiance [%]
# name 13 = par: PAR/Irradiance, Biospherical/Lico [µE/(cm^2*s)]
# name 14 = spar: SPAR, Biospherical/Licor
# name 15 = sal00: Salinity, Practical [PSU]
# name 16 = sal11: Salinity, Practical, 2 [PSU]
# name 17 = secS-priS: Salinity, Practical, Difference, 2 - 1 [PSU]
# name 18 = sigma-t00: Density [sigma-t, kg/m^3 ]
# name 19 = sigma-t11: Density, 2 [sigma-t, kg/m^3 ]
# name 20 = depSM: Depth [salt water, m], lat = 57.767
# name 21 = depFM: Depth [true depth, m], lat = 57.767
# name 22 = dz/dtM: Descent Rate [m/s], WS = 2
# name 23 = svCM: Sound Velocity [Chen-Millero, m/s]
# name 24 = svCM1: Sound Velocity, 2 [Chen-Millero, m/s]
# name 25 = flag: flag
# span 0 =         93,       3855       
# span 1 =      1.000,     38.500       
# span 2 =    13.2495,    17.2609       
# span 3 =    13.2495,    17.2568       
# span 4 =    -0.0149,     0.6057       
# span 5 =   3.967911,   4.274226       
# span 6 =   3.968918,   4.274224       
# span 7 =          1,          1       
# span 8 =     5.1989,     5.8597       
# span 9 =     5.0422,     5.5752       
# span 10 =       1.68,      10.01      
# span 11 =     0.1525,     0.3312      
# span 12 = -4.402e-08, 9.6653e+00      
# span 13 = -9.834e-08, 2.0220e+01      
# span 14 = 2.0511e+02, 2.3599e+02      
# span 15 =    31.7172,    33.5404      
# span 16 =    31.7228,    33.6083      
# span 17 =    -0.0988,     0.0833      
# span 18 =    22.9380,    25.2115      
# span 19 =    22.9422,    25.2343      
# span 20 =      0.991,     38.140      
# span 21 =      0.996,     38.291      
# span 22 =     -0.094,      0.481      
# span 23 =    1499.93,    1511.42      
# span 24 =    1499.94,    1511.40      
# span 25 = 0.0000e+00, 0.0000e+00      
# interval = decibars: 0.5              
# start_time = Aug 23 2018 12:03:13 [NMEA time, first data scan]
# bad_flag = -9.990e-29
*END*
[from data line 56]
       2802     29.000    15.0282    15.1609     0.1327    4.11509    4.12843          1     5.5385     5.4433       9.97     0.3108  3.083e-02  6.797e-02  2.205e+02    33.3583    33.3657     0.0074    24.7004    24.6772     28.730     28.853      0.235    1505.33    1505.76  0.000e+00
       2861     29.500    14.9985    15.0164     0.0180    4.11362    4.11805          1     5.6637     5.4576       9.87     0.2827  2.015e-02  4.462e-02  2.214e+02    33.3702    33.3950     0.0248    24.7159    24.7312     29.225     29.350      0.235    1505.26    1505.35  0.000e+00
       2902     30.000    14.6347    14.9168     0.2830    4.08292    4.11254          1     5.7108     5.2289       9.40     0.3102  1.331e-02  2.946e-02  2.214e+02    33.4027    33.4301     0.0275    24.8191    24.7798     29.720     29.847      0.324    1504.14    1505.08  0.000e+00
       2940     30.500    13.6554    14.2620     0.6057    4.00147    4.06684          1     5.6155     5.0496       8.91     0.2861  5.252e-03  1.166e-02  2.225e+02    33.5001    33.5774     0.0773    25.0987    25.0326     30.216     30.343      0.275    1501.09    1503.15  0.000e+00
       2996     31.000    13.3340    13.4518     0.1179    3.97403    3.99395          1     5.3479     5.0422       8.43     0.1986  1.883e-04  4.185e-04  2.234e+02    33.5250    33.6083     0.0833    25.1836    25.2241     30.711     30.840      0.222    1500.07    1500.55  0.000e+00
       3041     31.500    13.2980    13.3272     0.0293    3.97110    3.98019          1     5.2694     5.0614       7.94     0.1748 -4.402e-08 -9.834e-08  2.243e+02    33.5290    33.5888     0.0598    25.1939    25.2343     31.206     31.337      0.310    1499.96    1500.13  0.000e+00
       3084     32.000    13.2923    13.3062     0.0140    3.97087    3.97716          1     5.2576     5.0734       7.44     0.1681  4.436e-13  1.000e-12  2.254e+02    33.5317    33.5787     0.0470    25.1971    25.2307     31.702     31.834      0.229    1499.95    1500.06  0.000e+00
       3143     32.500    13.3020    13.3010    -0.0010    3.97199    3.97574          1     5.2424     5.0801       6.96     0.1595  4.436e-13  1.000e-12  2.254e+02    33.5334    33.5696     0.0361    25.1965    25.2247     32.197     32.331      0.242    1500.00    1500.04  0.000e+00
       3184     33.000    13.2997    13.3079     0.0081    3.97201    3.97589          1     5.2379     5.0784       6.50     0.1764  4.430e-13  1.000e-12  2.257e+02    33.5354    33.5648     0.0294    25.1985    25.2197     32.692     32.827      0.320    1500.00    1500.06  0.000e+00
       3224     33.500    13.2909    13.3020     0.0111    3.97137    3.97536          1     5.2291     5.0681       6.00     0.1743  4.399e-13  1.000e-12  2.273e+02    33.5369    33.5647     0.0278    25.2015    25.2208     33.187     33.324      0.272    1499.98    1500.05  0.000e+00
       3276     34.000    13.2907    13.2919     0.0012    3.97148    3.97409          1     5.2237     5.0655       5.52     0.1675  4.396e-13  1.000e-12  2.274e+02    33.5380    33.5615     0.0235    25.2024    25.2203     33.683     33.821      0.221    1499.99    1500.02  0.000e+00
       3323     34.500    13.2927    13.2916    -0.0011    3.97175    3.97373          1     5.2101     5.0717       5.06     0.1620  4.391e-13  1.000e-12  2.277e+02    33.5386    33.5582     0.0196    25.2024    25.2178     34.178     34.318      0.300    1500.00    1500.02  0.000e+00
       3362     35.000    13.3002    13.2993    -0.0010    3.97243    3.97427          1     5.2276     5.0741       4.57     0.1725  4.359e-13  1.000e-12  2.294e+02    33.5381    33.5563     0.0181    25.2006    25.2148     34.673     34.814      0.286    1500.04    1500.06  0.000e+00
       3410     35.500    13.2890    13.2950     0.0060    3.97147    3.97385          1     5.2360     5.0695       4.06     0.1651  4.358e-13  1.000e-12  2.295e+02    33.5388    33.5559     0.0171    25.2033    25.2154     35.169     35.311      0.232    1500.01    1500.05  0.000e+00
       3459     36.000    13.2834    13.2854     0.0020    3.97109    3.97290          1     5.2338     5.0662       3.60     0.1629  4.335e-13  1.000e-12  2.307e+02    33.5399    33.5552     0.0153    25.2053    25.2167     35.664     35.808      0.274    1500.00    1500.03  0.000e+00
       3503     36.500    13.2754    13.2816     0.0062    3.97035    3.97247          1     5.2257     5.0621       3.15     0.1593  4.319e-13  1.000e-12  2.315e+02    33.5398    33.5543     0.0145    25.2068    25.2168     36.159     36.305      0.235    1499.98    1500.02  0.000e+00
       3561     37.000    13.2602    13.2674     0.0072    3.96901    3.97107          1     5.1996     5.0635       2.66     0.1641  4.314e-13  1.000e-12  2.318e+02    33.5404    33.5535     0.0131    25.2104    25.2190     36.655     36.801      0.255    1499.94    1499.98  0.000e+00
       3598     37.500    13.2602    13.2621     0.0019    3.96901    3.97053          1     5.2172     5.0646       2.13     0.1815  4.286e-13  1.000e-12  2.333e+02    33.5402    33.5528     0.0126    25.2102    25.2195     37.150     37.298      0.354    1499.95    1499.97  0.000e+00
       3637     38.000    13.2547    13.2578     0.0031    3.96854    3.97011          1     5.2164     5.0632       1.68     0.1730  4.282e-13  1.000e-12  2.335e+02    33.5404    33.5524     0.0120    25.2115    25.2201     37.645     37.795      0.252    1499.94    1499.96  0.000e+00
       3855     38.500    13.2495    13.2495    -0.0000    3.96791    3.96892          1     5.1989     5.0577       2.08     0.1525  4.238e-13  1.000e-12  2.360e+02    33.5388    33.5483     0.0095    25.2112    25.2186     38.140     38.291     -0.094    1499.93    1499.94  0.000e+00
