ctdpy/exports/archive_20191121_122431/received_data/SBE09_0827_20180129_0608_26_01_0251.cnv
* Sea-Bird SBE 9 Data File:
* FileName = D:\CTD_SBE911\DAT\26DA.2018.1.151.hex
* Software Version Seasave V 7.21d
* Temperature SN = 034757
* Conductivity SN = 041844
* Number of Bytes Per Scan = 48
* Number of Voltage Words = 5
* Number of Scans Averaged by the Deck Unit = 1
* NMEA Latitude = 57 54.44 N
* NMEA Longitude = 011 10.70 E
* NMEA UTC (Time) = Jan 29 2018  06:08:18
* NMEA baud rate = 4800
** Ship: DANA
** Average sound velocity: 1473.24 m/s
** True-depth calculation Thu, 28 Mar 2019 08:33:38 +0000
** CTD Python Module SMHI /ver 3-12/ feb 2012 
** LIMS Job: 20182601-0251
** 13 Marstrand
** Operator: Ronny Sørensen
** Cruise: 01/2018
# nquan = 26
# nvalues = 129                         
# units = specified
# name 0 = scan: Scan Count
# name 1 = prDM: Pressure, Digiquartz [db]
# name 2 = t090C: Temperature [ITS-90, deg C]
# name 3 = t190C: Temperature, 2 [ITS-90, deg C]
# name 4 = T2-T190C: Temperature Difference, 2 - 1 [ITS-90, deg C]
# name 5 = c0S/m: Conductivity [S/m]
# name 6 = c1S/m: Conductivity, 2 [S/m]
# name 7 = pumps: Pump Status
# name 8 = sbeox1ML/L: Oxygen, SBE 43, 2 [ml/l]
# name 9 = sbeox0ML/L: Oxygen, SBE 43 [ml/l]
# name 10 = altM: Altimeter [m]
# name 11 = chloroflTC0: Chlorophyll, Turner Cyclops [ug/l]
# name 12 = cpar: CPAR/Corrected Irradiance [%]
# name 13 = par: PAR/Irradiance, Biospherical/Lico [µE/(cm^2*s)]
# name 14 = spar: SPAR, Biospherical/Licor
# name 15 = sal00: Salinity, Practical [PSU]
# name 16 = sal11: Salinity, Practical, 2 [PSU]
# name 17 = secS-priS: Salinity, Practical, Difference, 2 - 1 [PSU]
# name 18 = sigma-t00: Density [sigma-t, kg/m^3 ]
# name 19 = sigma-t11: Density, 2 [sigma-t, kg/m^3 ]
# name 20 = depSM: Depth [salt water, m], lat = 57.9073
# name 21 = depFM: Depth [true depth, m], lat = 57.9073
# name 22 = dz/dtM: Descent Rate [m/s], WS = 2
# name 23 = svCM: Sound Velocity [Chen-Millero, m/s]
# name 24 = svCM1: Sound Velocity, 2 [Chen-Millero, m/s]
# name 25 = flag: flag
# span 0 =        -30,       7641       
# span 1 =      2.000,     66.000       
# span 2 =     5.8834,     5.9549       
# span 3 =     5.8813,     5.9545       
# span 4 =    -0.0088,     0.0083       
# span 5 =   3.307983,   3.310611       
# span 6 =   3.306919,   3.309924       
# span 7 =          1,          1       
# span 8 =     6.2490,     6.3760       
# span 9 =     6.4271,     6.4615       
# span 10 =       1.85,       9.95      
# span 11 =     0.0225,     0.5551      
# span 12 = -3.761e-02, 5.2066e+01      
# span 13 = 1.0000e-12, 1.0000e-12      
# span 14 = 2.0297e+00, 2.0308e+00      
# span 15 =    33.5968,    33.6482      
# span 16 =    33.5860,    33.6424      
# span 17 =    -0.0132,    -0.0005      
# span 18 =    26.4500,    26.4989      
# span 19 =    26.4417,    26.4945      
# span 20 =      1.982,     65.378      
# span 21 =      1.985,     65.489      
# span 22 =     -0.078,      0.696      
# span 23 =    1472.81,    1473.64      
# span 24 =    1472.79,    1473.63      
# span 25 = 0.0000e+00, 0.0000e+00      
# interval = decibars: 0.5              
# start_time = Jan 29 2018 06:08:18 [NMEA time, first data scan]
# bad_flag = -9.990e-29
*END*
[from data line 112]
       5709     58.000     5.8842     5.8839    -0.0003    3.30890    3.30836          1     6.3016     6.4365       9.66     0.1795  4.924e-11  1.000e-12  2.031e+00    33.6454    33.6395    -0.0059    26.4966    26.4920     57.455     57.551      0.300    1473.52    1473.51  0.000e+00
       5746     58.500     5.8845     5.8842    -0.0003    3.30896    3.30845          1     6.3011     6.4391       9.15     0.1968  4.924e-11  1.000e-12  2.031e+00    33.6454    33.6400    -0.0054    26.4966    26.4924     57.950     58.048      0.308    1473.53    1473.52  0.000e+00
       5823     59.000     5.8850     5.8851     0.0000    3.30904    3.30852          1     6.3274     6.4454       8.66     0.1904  4.924e-11  1.000e-12  2.031e+00    33.6456    33.6397    -0.0059    26.4967    26.4921     58.445     58.544      0.230    1473.54    1473.54  0.000e+00
       5880     59.500     5.8859     5.8856    -0.0003    3.30913    3.30857          1     6.3249     6.4401       8.20     0.2110  4.924e-11  1.000e-12  2.031e+00    33.6455    33.6395    -0.0060    26.4965    26.4918     58.941     59.040      0.412    1473.55    1473.54  0.000e+00
       5905     60.000     5.8862     5.8855    -0.0006    3.30919    3.30862          1     6.3084     6.4385       7.71     0.2370  4.924e-11  1.000e-12  2.031e+00    33.6457    33.6398    -0.0058    26.4966    26.4921     59.436     59.536      0.442    1473.56    1473.55  0.000e+00
       5938     60.500     5.8864     5.8863    -0.0002    3.30920    3.30856          1     6.3255     6.4458       7.18     0.2318  4.924e-11  1.000e-12  2.031e+00    33.6452    33.6382    -0.0070    26.4962    26.4907     59.931     60.032      0.255    1473.57    1473.56  0.000e+00
       6003     61.000     5.8869     5.8864    -0.0005    3.30921    3.30859          1     6.3251     6.4324       6.68     0.2646  4.924e-11  1.000e-12  2.031e+00    33.6447    33.6382    -0.0065    26.4958    26.4907     60.426     60.528      0.315    1473.58    1473.57  0.000e+00
       6031     61.500     5.8871     5.8865    -0.0006    3.30919    3.30860          1     6.3390     6.4325       6.18     0.2820  4.924e-11  1.000e-12  2.031e+00    33.6440    33.6379    -0.0061    26.4952    26.4905     60.921     61.024      0.409    1473.59    1473.58  0.000e+00
       6102     62.000     5.8872     5.8864    -0.0008    3.30920    3.30866          1     6.3589     6.4389       5.71     0.3136  4.924e-11  1.000e-12  2.031e+00    33.6438    33.6384    -0.0054    26.4950    26.4909     61.417     61.520      0.318    1473.60    1473.59  0.000e+00
       6161     62.500     5.8871     5.8863    -0.0008    3.30920    3.30864          1     6.3670     6.4407       5.29     0.3246  4.924e-11  1.000e-12  2.031e+00    33.6436    33.6380    -0.0056    26.4949    26.4906     61.912     62.017      0.532    1473.60    1473.60  0.000e+00
       6183     63.000     5.8869     5.8858    -0.0011    3.30915    3.30851          1     6.3760     6.4362       4.79     0.3117  4.924e-11  1.000e-12  2.031e+00    33.6430    33.6369    -0.0061    26.4944    26.4897     62.407     62.513      0.451    1473.61    1473.60  0.000e+00
       6234     63.500     5.8868     5.8860    -0.0009    3.30914    3.30853          1     6.3357     6.4357       4.26     0.3655  4.924e-11  1.000e-12  2.031e+00    33.6426    33.6367    -0.0060    26.4942    26.4895     62.902     63.009      0.249    1473.62    1473.61  0.000e+00
       6283     64.000     5.8870     5.8860    -0.0010    3.30917    3.30857          1     6.3197     6.4423       3.75     0.4138  4.924e-11  1.000e-12  2.031e+00    33.6426    33.6368    -0.0058    26.4941    26.4897     63.398     63.505      0.357    1473.63    1473.62  0.000e+00
       6317     64.500     5.8863     5.8850    -0.0013    3.30906    3.30835          1     6.3223     6.4325       3.25     0.4061  4.924e-11  1.000e-12  2.031e+00    33.6418    33.6351    -0.0067    26.4936    26.4884     63.893     64.001      0.304    1473.63    1473.62  0.000e+00
       6368     65.000     5.8861     5.8854    -0.0007    3.30898    3.30846          1     6.3246     6.4353       2.73     0.4569  4.924e-11  1.000e-12  2.031e+00    33.6408    33.6357    -0.0051    26.4928    26.4889     64.388     64.497      0.156    1473.64    1473.63  0.000e+00
       6454     65.500     5.8842     5.8849     0.0007    3.30864    3.30844          1     6.3522     6.4377       2.30     0.4552  4.924e-11  1.000e-12  2.031e+00    33.6387    33.6357    -0.0030    26.4913    26.4889     64.883     64.993      0.198    1473.64    1473.63  0.000e+00
       7641     66.000     5.8834     5.8813    -0.0020    3.30862    3.30786          1     6.3046     6.4424       1.85     0.5551  4.924e-11  1.000e-12  2.031e+00    33.6390    33.6325    -0.0065    26.4917    26.4868     65.378     65.489     -0.078    1473.64    1473.62  0.000e+00
