ctdpy/exports/archive_20191121_122431/received_data/SBE09_1044_20180921_1441_34_01_0036.cnv
* Sea-Bird SBE 9 Data File:
* FileName = C:\ctd\temp\2018\AR18D036.hex
* Software Version Seasave V 7.26.6.26
* Temperature SN = 5351
* Conductivity SN = 3941
* Number of Bytes Per Scan = 41
* Number of Voltage Words = 4
* Number of Scans Averaged by the Deck Unit = 1
* NMEA Latitude = 58 01.04 N
* NMEA Longitude = 017 59.10 E
* NMEA UTC (Time) = Sep 21 2018  14:41:12
* NMEA baud rate = 4800
** Station:  BY32
** Operator:  MHan
** Ship: ARANDA
** Average sound velocity: 1449.87 m/s
** True-depth calculation Fri, 21 Sep 2018 15:46:04 +0000
** CTD Python Module SMHI /ver 3-12/ feb 2012 
** LIMS Job: 20183401-0036
** Cruise: SMHI-02-2018
** Latitude [GG MM.mm N] :
** Longitude [GG MM.mm E]:
# nquan = 26
# nvalues = 396                         
# units = specified
# name 0 = scan: Scan Count
# name 1 = prDM: Pressure, Digiquartz [db]
# name 2 = t090C: Temperature [ITS-90, deg C]
# name 3 = t190C: Temperature, 2 [ITS-90, deg C]
# name 4 = T2-T190C: Temperature Difference, 2 - 1 [ITS-90, deg C]
# name 5 = c0S/m: Conductivity [S/m]
# name 6 = c1S/m: Conductivity, 2 [S/m]
# name 7 = pumps: Pump Status
# name 8 = sbeox0ML/L: Oxygen, SBE 43 [ml/l]
# name 9 = sbeox1ML/L: Oxygen, SBE 43, 2 [ml/l]
# name 10 = altM: Altimeter [m]
# name 11 = flECO-AFL: Chl-a Fluorescence, WET Labs ECO-AFL/FL [mg/m^3]
# name 12 = flECO-AFL1: Phycocyanin Fluorescence, WET Labs ECO-AFL/FL, 2 [mg/m^3]
# name 13 = par: PAR/Irradiance, Biospherical/Lico [µE/(cm^2*s)]
# name 14 = turbWETntu0: Turbidity, WET Labs ECO [NTU]
# name 15 = sal00: Salinity, Practical [PSU]
# name 16 = sal11: Salinity, Practical, 2 [PSU]
# name 17 = secS-priS: Salinity, Practical, Difference, 2 - 1 [PSU]
# name 18 = sigma-t00: Density [sigma-t, Kg/m^3 ]
# name 19 = sigma-t11: Density, 2 [sigma-t, Kg/m^3 ]
# name 20 = depSM: Depth [salt water, m], lat = 58.0173
# name 21 = depFM: Depth [true depth, m], lat = 58.0173
# name 22 = dz/dtM: Descent Rate [m/s], WS = 2
# name 23 = svCM: Sound Velocity [Chen-Millero, m/s]
# name 24 = svCM1: Sound Velocity, 2 [Chen-Millero, m/s]
# name 25 = flag: flag
# span 0 =      17631,      28033       
# span 1 =      1.000,    198.500       
# span 2 =     3.5560,    15.9811       
# span 3 =     3.5584,    15.9821       
# span 4 =    -0.1638,     1.2487       
# span 5 =   0.763695,   1.202804       
# span 6 =   0.763665,   1.202770       
# span 7 =          1,          1       
# span 8 =    0.01926,    7.78522       
# span 9 =    0.68245,    6.08489       
# span 10 =       0.00,      99.57      
# span 11 =     0.1950,     1.4099      
# span 12 =     0.1631,     0.4418      
# span 13 = -1.029e-05, 2.0278e+03      
# span 14 =     0.1564,     1.5357      
# span 15 =     6.7813,    11.0622      
# span 16 =     6.7808,    11.0614      
# span 17 =    -0.0386,     0.1994      
# span 18 =     4.1499,     8.6871      
# span 19 =     4.1491,     8.6864      
# span 20 =      0.991,    196.566      
# span 21 =      1.014,    200.732      
# span 22 =     -0.093,      1.218      
# span 23 =    1430.26,    1477.50      
# span 24 =    1430.27,    1477.50      
# span 25 = 0.0000e+00, 0.0000e+00      
# interval = decibars: 0.5              
# start_time = Sep 21 2018 14:41:12 [NMEA time, first data scan]
# bad_flag = -9.990e-29
*END*
[from data line 112]
      20100     57.000     3.6468     3.6457    -0.0010    0.76823    0.76833          1     7.6796     5.0839      97.97     0.2269     0.2215  1.000e-12  0.1864000     7.3517     7.3530     0.0014     5.8520     5.8531     56.464     57.787      0.271    1430.49    1430.49  0.000e+00
      20152     57.500     3.6392     3.6420     0.0027    0.76933    0.76973          1     7.6422     5.0479      97.93     0.2147     0.2316  1.000e-12  0.1917000     7.3647     7.3681     0.0035     5.8625     5.8652     56.959     58.293      0.392    1430.48    1430.50  0.000e+00
      20174     58.000     3.6140     3.6158     0.0018    0.76994    0.76991          1     7.5972     5.0105      97.98     0.2382     0.2217  1.000e-12  0.1870000     7.3765     7.3759    -0.0007     5.8724     5.8719     57.454     58.799      0.664    1430.39    1430.40  0.000e+00
      20189     58.500     3.5842     3.5871     0.0029    0.76970    0.76971          1     7.5818     4.9816      97.95     0.2211     0.2166  1.000e-12  0.1926000     7.3808     7.3802    -0.0006     5.8763     5.8758     57.950     59.305      0.781    1430.27    1430.28  0.000e+00
      20204     59.000     3.5793     3.5819     0.0026    0.76982    0.76984          1     7.5660     4.9572      97.94     0.2114     0.1942  1.000e-12  0.1941000     7.3831     7.3827    -0.0004     5.8782     5.8779     58.445     59.812      0.758    1430.26    1430.27  0.000e+00
      20222     59.500     3.5884     3.5907     0.0023    0.77035    0.77032          1     7.5446     4.9313      97.94     0.1950     0.2096  1.000e-12  0.2342000     7.3864     7.3856    -0.0008     5.8808     5.8800     58.940     60.318      0.585    1430.31    1430.32  0.000e+00
      20250     60.000     3.5937     3.5980     0.0044    0.77063    0.77066          1     7.5384     4.8988      97.96     0.2073     0.2635  1.000e-12  0.2170000     7.3881     7.3874    -0.0007     5.8819     5.8813     59.435     60.824      0.260    1430.34    1430.36  0.000e+00
      20323     60.500     3.6159     3.6202     0.0044    0.77120    0.77158          1     7.5311     4.8569      97.93     0.2439     0.2242  1.000e-12  0.1875000     7.3888     7.3917     0.0029     5.8821     5.8844     59.930     61.331      0.373    1430.45    1430.48  0.000e+00
      20341     61.000     3.6433     3.6460     0.0027    0.77372    0.77370          1     7.4041     4.8201      98.00     0.2312     0.1921  1.000e-12  0.2227000     7.4084     7.4076    -0.0008     5.8972     5.8965     60.426     61.837      0.731    1430.61    1430.62  0.000e+00
      20355     61.500     3.5885     3.5918     0.0032    0.77530    0.77523          1     7.3097     4.7985      97.97     0.2134     0.2260  1.000e-12  0.2355000     7.4371     7.4357    -0.0015     5.9211     5.9199     60.921     62.343      0.861    1430.41    1430.42  0.000e+00
      20368     62.000     3.5686     3.5714     0.0028    0.77748    0.77743          1     7.2200     4.7839      98.03     0.2170     0.2363  1.000e-12  0.2248000     7.4641     7.4629    -0.0011     5.9429     5.9419     61.416     62.849      0.848    1430.36    1430.37  0.000e+00
      20383     62.500     3.5560     3.5584     0.0024    0.77846    0.77840          1     7.1260     4.7697      98.01     0.2122     0.1889  1.000e-12  0.2232000     7.4770     7.4758    -0.0012     5.9534     5.9525     61.911     63.356      0.676    1430.33    1430.34  0.000e+00
      20407     63.000     3.5617     3.5618     0.0001    0.78003    0.77982          1     7.0248     4.7487      98.00     0.2096     0.2291  1.000e-12  0.2169000     7.4919     7.4897    -0.0022     5.9651     5.9634     62.407     63.862      0.310    1430.38    1430.38  0.000e+00
      20478     63.500     3.5811     3.5823     0.0011    0.78120    0.77954          1     6.9748     4.6923      97.98     0.2120     0.1638  1.000e-12  0.1889000     7.4994     7.4819    -0.0175     5.9708     5.9569     62.902     64.368      0.359    1430.49    1430.47  0.000e+00
      20498     64.000     3.5774     3.5792     0.0018    0.78391    0.78379          1     6.8634     4.6625      97.94     0.2350     0.2370  1.000e-12  0.2219000     7.5281     7.5264    -0.0017     5.9937     5.9923     63.397     64.874      0.687    1430.51    1430.52  0.000e+00
      20513     64.500     3.5882     3.5895     0.0013    0.78733    0.78716          1     6.7660     4.6437      97.96     0.2359     0.2014  1.000e-12  0.2312000     7.5608     7.5587    -0.0020     6.0195     6.0179     63.892     65.381      0.796    1430.61    1430.62  0.000e+00
      20527     65.000     3.6081     3.6099     0.0018    0.79039    0.79031          1     6.6598     4.6314      97.97     0.2202     0.1916  1.000e-12  0.2288000     7.5876     7.5864    -0.0013     6.0405     6.0394     64.387     65.887      0.764    1430.75    1430.75  0.000e+00
      20545     65.500     3.6105     3.6122     0.0016    0.79215    0.79203          1     6.5311     4.6129      97.99     0.2257     0.1641  1.000e-12  0.2261000     7.6051     7.6036    -0.0016     6.0544     6.0531     64.883     66.393      0.563    1430.79    1430.79  0.000e+00
      20591     66.000     3.6299     3.6221    -0.0078    0.79577    0.79393          1     6.3577     4.5689      97.95     0.2336     0.1977  1.000e-12  0.2102000     7.6379     7.6207    -0.0172     6.0801     6.0666     65.378     66.899      0.287    1430.92    1430.87  0.000e+00
      20638     66.500     3.6547     3.6546    -0.0001    0.80055    0.80036          1     6.1552     4.5137      98.00     0.2205     0.1901  1.000e-12  0.2000000     7.6813     7.6792    -0.0020     6.1141     6.1125     65.873     67.405      0.586    1431.10    1431.10  0.000e+00
      20653     67.000     3.6902     3.6906     0.0004    0.80611    0.80590          1     6.0225     4.5029      98.01     0.2418     0.2521  1.000e-12  0.2315000     7.7301     7.7278    -0.0023     6.1522     6.1504     66.368     67.912      0.829    1431.33    1431.33  0.000e+00
      20666     67.500     3.7186     3.7194     0.0008    0.81077    0.81058          1     5.8882     4.4939      98.03     0.2369     0.2262  1.000e-12  0.2300000     7.7712     7.7691    -0.0021     6.1843     6.1826     66.863     68.418      0.898    1431.52    1431.52  0.000e+00
      20679     68.000     3.7437     3.7453     0.0015    0.81450    0.81443          1     5.7349     4.4789      98.02     0.2326     0.2079  1.000e-12  0.2364000     7.8036     7.8025    -0.0011     6.2095     6.2086     67.359     68.924      0.821    1431.69    1431.69  0.000e+00
      20696     68.500     3.7685     3.7678    -0.0007    0.81841    0.81805          1     5.5624     4.4651      98.02     0.2249     0.2176  1.000e-12  0.2361000     7.8378     7.8342    -0.0035     6.2361     6.2333     67.854     69.430      0.538    1431.85    1431.84  0.000e+00
      20762     69.000     3.7886     3.7788    -0.0098    0.82126    0.81936          1     5.4316     4.3882      98.21     0.2388     0.2284  1.000e-12  0.2014000     7.8622     7.8450    -0.0171     6.2551     6.2417     68.349     69.936      0.299    1431.98    1431.91  0.000e+00
      20796     69.500     3.8834     3.8813    -0.0021    0.83523    0.83468          1     5.0969     4.3395      98.03     0.2245     0.2288  1.000e-12  0.2017000     7.9827     7.9776    -0.0051     6.3487     6.3447     68.844     70.442      0.541    1432.57    1432.56  0.000e+00
      20815     70.000     3.9210     3.9209    -0.0001    0.84040    0.84017          1     4.8196     4.3091      98.01     0.2144     0.2169  1.000e-12  0.2050000     8.0266     8.0243    -0.0024     6.3826     6.3807     69.339     70.948      0.644    1432.81    1432.80  0.000e+00
      20833     70.500     3.9699     3.9705     0.0006    0.84826    0.84814          1     4.5836     4.2921      97.99     0.2467     0.1778  1.000e-12  0.2109000     8.0952     8.0937    -0.0014     6.4358     6.4346     69.835     71.454      0.685    1433.12    1433.12  0.000e+00
      20850     71.000     4.0083     4.0088     0.0006    0.85425    0.85406          1     4.3353     4.2914      98.01     0.2407     0.2221  1.000e-12  0.2149000     8.1469     8.1449    -0.0020     6.4759     6.4743     70.330     71.960      0.681    1433.37    1433.37  0.000e+00
      20868     71.500     4.1093     4.1106     0.0013    0.86863    0.86836          1     4.0074     4.2851      98.01     0.2416     0.2464  1.000e-12  0.2181000     8.2689     8.2658    -0.0031     6.5699     6.5674     70.825     72.466      0.601    1433.99    1433.99  0.000e+00
      20893     72.000     4.2112     4.2091    -0.0020    0.88466    0.88375          1     3.5836     4.2392      98.01     0.2602     0.2383  1.000e-12  0.2241000     8.4071     8.3982    -0.0088     6.6766     6.6696     71.320     72.972      0.349    1434.63    1434.61  0.000e+00
      20964     72.500     4.0862     4.2388     0.1522    0.86672    0.89000          1     3.7939     4.1207      98.00     0.2582     0.2389  1.000e-12  0.2061000     8.2548     8.4543     0.1994     6.5593     6.7131     71.815     73.478      0.357    1433.88    1434.82  0.000e+00
      20985     73.000     4.3886     4.3885     0.0001    0.91307    0.91270          1     3.1712     4.1045      98.03     0.2738     0.2121  1.000e-12  0.2365000     8.6511     8.6473    -0.0037     6.8644     6.8614     72.311     73.984      0.709    1435.75    1435.74  0.000e+00
      20999     73.500     4.4456     4.4474     0.0019    0.92064    0.92054          1     2.6824     4.1043      97.99     0.2773     0.2062  1.000e-12  0.2333000     8.7131     8.7116    -0.0015     6.9115     6.9103     72.806     74.490      0.855    1436.09    1436.09  0.000e+00
      21012     74.000     4.5101     4.5124     0.0024    0.93130    0.93119          1     2.2396     4.1117      98.03     0.2846     0.2222  1.000e-12  0.2292000     8.8044     8.8027    -0.0018     6.9816     6.9801     73.301     74.995      0.853    1436.50    1436.51  0.000e+00
      21027     74.500     4.6718     4.6723     0.0005    0.95642    0.95620          1     1.7394     4.1053      98.04     0.2786     0.2056  1.000e-12  0.2305000     9.0162     9.0137    -0.0024     7.1431     7.1412     73.796     75.501      0.685    1437.49    1437.49  0.000e+00
      21074     75.000     4.7226     4.7493     0.0261    0.96437    0.96884          1     1.3874     4.0136      98.02     0.2849     0.1798  1.000e-12  0.2451000     9.0829     9.1210     0.0381     7.1940     7.2231     74.291     76.007      0.348    1437.81    1437.98  0.000e+00
      21133     75.500     4.8421     4.8743     0.0324    0.98320    0.98794          1     1.1526     3.9295      98.05     0.3049     0.2176  1.000e-12  0.2600000     9.2407     9.2798     0.0392     7.3139     7.3435     74.787     76.512      0.662    1438.54    1438.74  0.000e+00
      21145     76.000     4.9497     4.9520     0.0023    0.99972    0.99961          1     0.7839     3.9226      98.05     0.3093     0.2675  1.000e-12  0.2544000     9.3778     9.3760    -0.0018     7.4177     7.4162     75.282     77.018      0.926    1439.20    1439.21  0.000e+00
      21156     76.500     5.0522     5.0545     0.0024    1.01624    1.01618          1     0.5147     3.9193      98.06     0.2929     0.2650  1.000e-12  0.2979000     9.5155     9.5142    -0.0012     7.5219     7.5208     75.777     77.523      1.016    1439.83    1439.84  0.000e+00
      21168     77.000     5.1546     5.1553     0.0007    1.03164    1.03142          1     0.3023     3.9239      98.03     0.2846     0.2244  1.000e-12  0.3171000     9.6414     9.6390    -0.0025     7.6166     7.6146     76.272     78.029      0.954    1440.45    1440.45  0.000e+00
      21182     77.500     5.1981     5.1985     0.0004    1.03758    1.03751          1     0.1290     3.9203      98.06     0.3071     0.2258  1.000e-12  0.3089000     9.6885     9.6877    -0.0008     7.6517     7.6510     76.767     78.534      0.699    1440.70    1440.70  0.000e+00
      21235     78.000     5.2067     5.1957    -0.0110    1.04099    1.03935          1     0.1488     3.8351      98.06     0.3228     0.2291  1.000e-12  0.4189000     9.7203     9.7069    -0.0133     7.6763     7.6663     77.262     79.040      0.318    1440.79    1440.72  0.000e+00
      21290     78.500     5.2873     5.2933     0.0060    1.05447    1.05537          1     0.1654     3.7668      98.08     0.3154     0.2260  1.000e-12  0.7600000     9.8324     9.8397     0.0073     7.7608     7.7663     77.758     79.545      0.601    1441.29    1441.32  0.000e+00
      21304     79.000     5.3510     5.3533     0.0023    1.06350    1.06348          1     0.1215     3.7545      98.09     0.3214     0.2505  1.000e-12  0.9906000     9.9043     9.9034    -0.0009     7.8144     7.8136     78.253     80.050      0.827    1441.66    1441.67  0.000e+00
      21317     79.500     5.3799     5.3817     0.0018    1.06849    1.06846          1     0.1109     3.7443      98.14     0.3371     0.2581  1.000e-12  1.5357000     9.9458     9.9449    -0.0009     7.8456     7.8448     78.748     80.556      0.909    1441.85    1441.86  0.000e+00
      21330     80.000     5.3964     5.3981     0.0017    1.07183    1.07174          1     0.1067     3.7424      98.30     0.3455     0.2783  1.000e-12  1.5078000     9.9743     9.9729    -0.0014     7.8673     7.8661     79.243     81.061      0.876    1441.96    1441.97  0.000e+00
      21344     80.500     5.4217     5.4226     0.0009    1.07619    1.07606          1     0.1060     3.7201      98.31     0.3583     0.2493  1.000e-12  1.4200000    10.0104    10.0089    -0.0016     7.8944     7.8932     79.738     81.566      0.705    1442.13    1442.13  0.000e+00
      21381     81.000     5.4148     5.4092    -0.0056    1.07539    1.07412          1     0.1167     3.6619      98.22     0.3615     0.2181  1.000e-12  1.3499000    10.0044     9.9933    -0.0111     7.8901     7.8816     80.233     82.072      0.345    1442.10    1442.06  0.000e+00
      21437     81.500     5.4410     5.4436     0.0024    1.08019    1.08065          1     0.1212     3.5844      98.12     0.3448     0.2501  1.000e-12  1.3420000    10.0447    10.0486     0.0039     7.9204     7.9234     80.729     82.577      0.527    1442.27    1442.29  0.000e+00
      21453     82.000     5.4747     5.4762     0.0015    1.08575    1.08571          1     0.1127     3.5596      98.08     0.3372     0.2598  1.000e-12  1.3955000    10.0903    10.0894    -0.0009     7.9546     7.9539     81.224     83.082      0.671    1442.48    1442.49  0.000e+00
      21471     82.500     5.5060     5.5072     0.0013    1.09056    1.09050          1     0.1097     3.5329      97.97     0.3378     0.2577  1.000e-12  1.1744000    10.1291    10.1280    -0.0010     7.9835     7.9826     81.719     83.587      0.593    1442.67    1442.68  0.000e+00
      21497     83.000     5.5254     5.5274     0.0020    1.09414    1.09421          1     0.1071     3.4928      40.74     0.3477     0.2248  1.000e-12  0.8495000    10.1589    10.1591     0.0002     8.0060     8.0060     82.214     84.093      0.410    1442.80    1442.81  0.000e+00
      21527     83.500     5.5591     5.5606     0.0014    1.10063    1.10067          1     0.0985     3.4454      99.57     0.3507     0.2181  1.000e-12  0.7444000    10.2137    10.2137    -0.0000     8.0473     8.0473     82.709     84.598      0.479    1443.03    1443.03  0.000e+00
      21548     84.000     5.5877     5.5890     0.0014    1.10650    1.10639          1     0.0984     3.4141      98.10     0.3516     0.2374  1.000e-12  0.8273000    10.2637    10.2622    -0.0015     8.0852     8.0839     83.205     85.103      0.622    1443.22    1443.22  0.000e+00
