ctdpy/exports/archive_20191121_122431/received_data/SBE09_0827_20180226_1640_26_01_0320.cnv
* Sea-Bird SBE 9 Data File:
* FileName = D:\CTD_SBE911\DAT\26DA.2018.3.20.hex
* Software Version Seasave V 7.21d
* Temperature SN = 034757
* Conductivity SN = 041844
* Number of Bytes Per Scan = 48
* Number of Voltage Words = 5
* Number of Scans Averaged by the Deck Unit = 1
* NMEA Latitude = 55 39.34 N
* NMEA Longitude = 015 48.40 E
* NMEA UTC (Time) = Feb 26 2018  16:40:50
* NMEA baud rate = 4800
** Ship: DANA
** Average sound velocity: 1434.78 m/s
** True-depth calculation Tue, 02 Apr 2019 12:03:02 +0000
** CTD Python Module SMHI /ver 3-12/ feb 2012 
** LIMS Job: 20182601-0320
** Operator:
** Cruise: 02/2018
# nquan = 26
# nvalues = 131                         
# units = specified
# name 0 = scan: Scan Count
# name 1 = prDM: Pressure, Digiquartz [db]
# name 2 = t090C: Temperature [ITS-90, deg C]
# name 3 = t190C: Temperature, 2 [ITS-90, deg C]
# name 4 = T2-T190C: Temperature Difference, 2 - 1 [ITS-90, deg C]
# name 5 = c0S/m: Conductivity [S/m]
# name 6 = c1S/m: Conductivity, 2 [S/m]
# name 7 = pumps: Pump Status
# name 8 = sbeox1ML/L: Oxygen, SBE 43, 2 [ml/l]
# name 9 = sbeox0ML/L: Oxygen, SBE 43 [ml/l]
# name 10 = altM: Altimeter [m]
# name 11 = chloroflTC0: Chlorophyll, Turner Cyclops [ug/l]
# name 12 = cpar: CPAR/Corrected Irradiance [%]
# name 13 = par: PAR/Irradiance, Biospherical/Lico [µE/(cm^2*s)]
# name 14 = spar: SPAR, Biospherical/Licor
# name 15 = sal00: Salinity, Practical [PSU]
# name 16 = sal11: Salinity, Practical, 2 [PSU]
# name 17 = secS-priS: Salinity, Practical, Difference, 2 - 1 [PSU]
# name 18 = sigma-t00: Density [sigma-t, kg/m^3 ]
# name 19 = sigma-t11: Density, 2 [sigma-t, kg/m^3 ]
# name 20 = depSM: Depth [salt water, m], lat = 55.6557
# name 21 = depFM: Depth [true depth, m], lat = 55.6557
# name 22 = dz/dtM: Descent Rate [m/s], WS = 2
# name 23 = svCM: Sound Velocity [Chen-Millero, m/s]
# name 24 = svCM1: Sound Velocity, 2 [Chen-Millero, m/s]
# name 25 = flag: flag
# span 0 =        -66,       6374       
# span 1 =      2.000,     67.000       
# span 2 =     3.0867,     8.5157       
# span 3 =     3.0837,     8.5763       
# span 4 =    -0.1028,     0.6291       
# span 5 =   0.761981,   1.779730       
# span 6 =   0.761186,   1.778984       
# span 7 =          1,          1       
# span 8 =     0.0906,     9.2219       
# span 9 =     0.1252,     8.4791       
# span 10 =       1.75,      10.13      
# span 11 =     0.0112,     0.0212      
# span 12 = 2.4578e-11, 2.6970e-11      
# span 13 = 1.0000e-12, 1.0000e-12      
# span 14 = 3.8679e+00, 4.0651e+00      
# span 15 =     7.4223,    16.2715      
# span 16 =     7.4146,    16.2625      
# span 17 =    -0.0488,     0.4604      
# span 18 =     5.9166,    12.6613      
# span 19 =     5.9104,    12.6539      
# span 20 =      1.982,     66.382      
# span 21 =      2.025,     67.774      
# span 22 =     -0.020,      0.484      
# span 23 =    1427.16,    1459.63      
# span 24 =    1427.13,    1459.67      
# span 25 = 0.0000e+00, 0.0000e+00      
# interval = decibars: 0.5              
# start_time = Feb 26 2018 16:40:50 [NMEA time, first data scan]
# bad_flag = -9.990e-29
*END*
        -66      2.000     3.0868     3.0837    -0.0031    0.76199    0.76119          1     8.1876     8.4611      10.13     0.0122  2.462e-11  1.000e-12  4.062e+00     7.4226     7.4149    -0.0077     5.9168     5.9107      1.982      2.025      0.072    1427.16    1427.13  0.000e+00
        238      2.500     3.0867     3.0867     0.0000    0.76198    0.76123          1     8.1931     8.4691       9.63     0.0122  2.462e-11  1.000e-12  4.062e+00     7.4224     7.4146    -0.0078     5.9167     5.9104      2.477      2.531      0.286    1427.16    1427.15  0.000e+00
        300      3.000     3.0888     3.0878    -0.0010    0.76203    0.76127          1     8.1886     8.4754       8.43     0.0122  2.462e-11  1.000e-12  4.062e+00     7.4224     7.4146    -0.0078     5.9166     5.9104      2.973      3.038      0.356    1427.18    1427.17  0.000e+00
        330      3.500     3.0883     3.0883    -0.0000    0.76203    0.76129          1     8.2064     8.4677       9.90     0.0122  2.462e-11  1.000e-12  4.062e+00     7.4224     7.4146    -0.0078     5.9166     5.9104      3.468      3.544      0.484    1427.19    1427.18  0.000e+00
        380      4.000     3.0896     3.0898     0.0002    0.76207    0.76133          1     8.1956     8.4704       9.96     0.0122  2.462e-11  1.000e-12  4.062e+00     7.4225     7.4147    -0.0077     5.9167     5.9105      3.964      4.050      0.291    1427.20    1427.19  0.000e+00
        424      4.500     3.0903     3.0909     0.0006    0.76211    0.76138          1     8.1886     8.4767       9.96     0.0122  2.462e-11  1.000e-12  4.062e+00     7.4227     7.4149    -0.0078     5.9168     5.9106      4.459      4.556      0.435    1427.21    1427.21  0.000e+00
        465      5.000     3.0914     3.0898    -0.0016    0.76214    0.76136          1     8.1926     8.4699       9.96     0.0120  2.462e-11  1.000e-12  4.062e+00     7.4227     7.4148    -0.0078     5.9168     5.9106      4.955      5.063      0.265    1427.23    1427.21  0.000e+00
        520      5.500     3.0894     3.0897     0.0003    0.76209    0.76135          1     8.1990     8.4570       9.96     0.0122  2.462e-11  1.000e-12  4.062e+00     7.4225     7.4147    -0.0078     5.9167     5.9105      5.450      5.569      0.314    1427.23    1427.21  0.000e+00
        558      6.000     3.0887     3.0881    -0.0006    0.76206    0.76132          1     8.2444     8.4645       9.96     0.0122  2.462e-11  1.000e-12  4.062e+00     7.4223     7.4147    -0.0077     5.9166     5.9105      5.945      6.075      0.279    1427.23    1427.22  0.000e+00
        614      6.500     3.0901     3.0936     0.0035    0.76214    0.76152          1     8.3761     8.4611       9.96     0.0120  2.462e-11  1.000e-12  4.062e+00     7.4227     7.4155    -0.0073     5.9169     5.9110      6.441      6.582      0.212    1427.24    1427.25  0.000e+00
        664      7.000     3.0938     3.0925    -0.0014    0.76228    0.76150          1     8.5196     8.4593       9.96     0.0120  2.462e-11  1.000e-12  4.062e+00     7.4233     7.4154    -0.0078     5.9173     5.9110      6.936      7.088      0.267    1427.27    1427.25  0.000e+00
        707      7.500     3.0919     3.0976     0.0056    0.76221    0.76166          1     8.5838     8.4618       9.96     0.0119  2.462e-11  1.000e-12  4.062e+00     7.4229     7.4159    -0.0071     5.9170     5.9113      7.432      7.594      0.289    1427.27    1427.29  0.000e+00
        751      8.000     3.0947     3.0919    -0.0027    0.76233    0.76152          1     8.6194     8.4588       9.96     0.0125  2.462e-11  1.000e-12  4.062e+00     7.4235     7.4156    -0.0079     5.9174     5.9112      7.927      8.100      0.243    1427.29    1427.27  0.000e+00
        805      8.500     3.0944     3.1001     0.0057    0.76230    0.76176          1     8.6469     8.4626       9.96     0.0122  2.462e-11  1.000e-12  4.062e+00     7.4232     7.4162    -0.0069     5.9172     5.9116      8.423      8.607      0.218    1427.29    1427.31  0.000e+00
        859      9.000     3.0981     3.1000     0.0019    0.76246    0.76183          1     8.6999     8.4661       9.96     0.0120  2.462e-11  1.000e-12  4.062e+00     7.4239     7.4169    -0.0071     5.9178     5.9121      8.918      9.113      0.229    1427.32    1427.32  0.000e+00
        907      9.500     3.0981     3.0990     0.0009    0.76247    0.76177          1     8.7522     8.4732       9.96     0.0121  2.462e-11  1.000e-12  4.062e+00     7.4239     7.4165    -0.0075     5.9177     5.9118      9.414      9.619      0.287    1427.33    1427.32  0.000e+00
        951     10.000     3.0994     3.0977    -0.0017    0.76253    0.76174          1     8.7893     8.4728       9.96     0.0121  2.462e-11  1.000e-12  4.062e+00     7.4241     7.4163    -0.0078     5.9179     5.9117      9.909     10.125      0.248    1427.34    1427.32  0.000e+00
        997     10.500     3.0956     3.0939    -0.0018    0.76238    0.76161          1     8.8447     8.4557       9.96     0.0122  2.462e-11  1.000e-12  4.062e+00     7.4234     7.4158    -0.0077     5.9174     5.9113     10.405     10.632      0.303    1427.33    1427.31  0.000e+00
       1036     11.000     3.0951     3.0959     0.0008    0.76237    0.76167          1     8.8992     8.4503       9.96     0.0118  2.462e-11  1.000e-12  4.062e+00     7.4234     7.4158    -0.0076     5.9174     5.9113     10.900     11.138      0.276    1427.34    1427.33  0.000e+00
       1084     11.500     3.0955     3.0942    -0.0013    0.76239    0.76160          1     8.9192     8.4525       9.96     0.0122  2.462e-11  1.000e-12  4.062e+00     7.4234     7.4154    -0.0080     5.9174     5.9110     11.395     11.644      0.245    1427.35    1427.33  0.000e+00
       1133     12.000     3.0964     3.1004     0.0040    0.76243    0.76185          1     8.9148     8.4560       9.96     0.0122  2.462e-11  1.000e-12  4.062e+00     7.4236     7.4166    -0.0070     5.9175     5.9118     11.891     12.151      0.237    1427.36    1427.37  0.000e+00
       1185     12.500     3.0961     3.0942    -0.0019    0.76242    0.76163          1     8.9020     8.4535       9.96     0.0121  2.462e-11  1.000e-12  4.062e+00     7.4234     7.4157    -0.0077     5.9174     5.9112     12.386     12.657      0.241    1427.37    1427.35  0.000e+00
       1231     13.000     3.0944     3.0947     0.0003    0.76236    0.76165          1     8.9288     8.4610       9.96     0.0121  2.462e-11  1.000e-12  4.062e+00     7.4231     7.4156    -0.0075     5.9171     5.9111     12.882     13.163      0.262    1427.37    1427.36  0.000e+00
       1284     13.500     3.0945     3.0944    -0.0001    0.76238    0.76165          1     8.9755     8.4696       9.96     0.0120  2.462e-11  1.000e-12  4.062e+00     7.4232     7.4156    -0.0076     5.9172     5.9112     13.377     13.669      0.216    1427.38    1427.36  0.000e+00
       1332     14.000     3.0950     3.0954     0.0003    0.76240    0.76169          1     8.9664     8.4791       9.96     0.0122  2.462e-11  1.000e-12  4.062e+00     7.4233     7.4158    -0.0075     5.9173     5.9113     13.873     14.176      0.309    1427.38    1427.38  0.000e+00
       1371     14.500     3.0961     3.0957    -0.0004    0.76245    0.76171          1     9.0115     8.4623       9.96     0.0124  2.462e-11  1.000e-12  4.062e+00     7.4235     7.4159    -0.0076     5.9174     5.9113     14.368     14.682      0.257    1427.40    1427.39  0.000e+00
       1428     15.000     3.0949     3.0936    -0.0013    0.76241    0.76166          1     9.0601     8.4622       9.96     0.0123  2.462e-11  1.000e-12  4.062e+00     7.4233     7.4157    -0.0076     5.9173     5.9112     14.863     15.188      0.224    1427.40    1427.38  0.000e+00
       1474     15.500     3.0940     3.0919    -0.0021    0.76239    0.76161          1     9.0644     8.4685       9.96     0.0122  2.462e-11  1.000e-12  4.062e+00     7.4232     7.4155    -0.0077     5.9172     5.9111     15.359     15.694      0.276    1427.41    1427.38  0.000e+00
       1522     16.000     3.0932     3.0919    -0.0013    0.76235    0.76159          1     9.0827     8.4609       9.96     0.0120  2.462e-11  1.000e-12  4.062e+00     7.4229     7.4152    -0.0077     5.9170     5.9109     15.854     16.201      0.209    1427.41    1427.39  0.000e+00
       1583     16.500     3.0920     3.0924     0.0004    0.76231    0.76161          1     9.0598     8.4609       9.96     0.0119  2.462e-11  1.000e-12  4.062e+00     7.4227     7.4153    -0.0074     5.9169     5.9109     16.350     16.707      0.249    1427.41    1427.40  0.000e+00
       1620     17.000     3.0918     3.0920     0.0002    0.76230    0.76160          1     9.0629     8.4620       9.96     0.0115  2.462e-11  1.000e-12  4.062e+00     7.4226     7.4151    -0.0074     5.9167     5.9108     16.845     17.213      0.371    1427.42    1427.41  0.000e+00
       1654     17.500     3.0916     3.0911    -0.0005    0.76232    0.76158          1     9.1009     8.4636       9.96     0.0122  2.462e-11  1.000e-12  4.062e+00     7.4227     7.4151    -0.0076     5.9169     5.9108     17.341     17.720      0.264    1427.42    1427.41  0.000e+00
       1717     18.000     3.0923     3.0920    -0.0004    0.76235    0.76162          1     9.1205     8.4559       9.96     0.0122  2.462e-11  1.000e-12  4.062e+00     7.4228     7.4153    -0.0076     5.9169     5.9109     17.836     18.226      0.268    1427.43    1427.42  0.000e+00
       1755     18.500     3.0907     3.0909     0.0002    0.76229    0.76159          1     9.1536     8.4610       9.96     0.0123  2.462e-11  1.000e-12  4.062e+00     7.4225     7.4151    -0.0074     5.9167     5.9108     18.331     18.732      0.277    1427.43    1427.43  0.000e+00
       1820     19.000     3.1029     3.0996    -0.0033    0.76290    0.76180          1     9.1353     8.4736       9.96     0.0122  2.462e-11  1.000e-12  4.062e+00     7.4260     7.4152    -0.0107     5.9193     5.9108     18.827     19.238      0.290    1427.50    1427.47  0.000e+00
       1855     19.500     3.1145     3.1233     0.0088    0.76330    0.76296          1     9.1741     8.4673       9.96     0.0117  2.462e-11  1.000e-12  4.062e+00     7.4274     7.4218    -0.0056     5.9204     5.9158     19.322     19.745      0.381    1427.57    1427.60  0.000e+00
       1900     20.000     3.0970     3.1103     0.0133    0.76262    0.76245          1     9.1725     8.4622       9.96     0.0134  2.462e-11  1.000e-12  4.062e+00     7.4243     7.4194    -0.0049     5.9180     5.9140     19.818     20.251      0.240    1427.49    1427.54  0.000e+00
       1957     20.500     3.1311     3.1157    -0.0152    0.76411    0.76252          1     9.0952     8.4621       9.96     0.0128  2.462e-11  1.000e-12  4.062e+00     7.4319     7.4188    -0.0131     5.9238     5.9134     20.313     20.757      0.359    1427.66    1427.58  0.000e+00
       1988     21.000     3.1427     3.1433     0.0004    0.76469    0.76383          1     9.1370     8.4455       9.96     0.0122  2.462e-11  1.000e-12  4.062e+00     7.4352     7.4261    -0.0091     5.9262     5.9190     20.808     21.263      0.297    1427.73    1427.72  0.000e+00
       2053     21.500     3.1511     3.1549     0.0037    0.76499    0.76433          1     9.2154     8.4476       9.96     0.0123  2.462e-11  1.000e-12  4.062e+00     7.4364     7.4286    -0.0077     5.9270     5.9208     21.304     21.770      0.296    1427.78    1427.78  0.000e+00
       2087     22.000     3.1621     3.1627     0.0006    0.76552    0.76470          1     9.2024     8.4499       9.96     0.0122  2.462e-11  1.000e-12  4.062e+00     7.4393     7.4306    -0.0087     5.9293     5.9223     21.799     22.276      0.376    1427.84    1427.83  0.000e+00
       2143     22.500     3.1661     3.1623    -0.0038    0.76566    0.76470          1     9.2017     8.4327       9.96     0.0120  2.462e-11  1.000e-12  4.062e+00     7.4397     7.4305    -0.0092     5.9296     5.9223     22.295     22.782      0.249    1427.87    1427.84  0.000e+00
       2198     23.000     3.1706     3.1673    -0.0033    0.76586    0.76491          1     9.2101     8.4260       9.96     0.0122  2.462e-11  1.000e-12  4.062e+00     7.4407     7.4315    -0.0092     5.9303     5.9230     22.790     23.289      0.393    1427.90    1427.87  0.000e+00
       2229     23.500     3.1729     3.1704    -0.0025    0.76599    0.76509          1     9.2032     8.4354       9.96     0.0117  2.462e-11  1.000e-12  4.062e+00     7.4414     7.4327    -0.0088     5.9308     5.9239     23.285     23.795      0.311    1427.92    1427.89  0.000e+00
       2287     24.000     3.1752     3.1727    -0.0024    0.76609    0.76521          1     9.1600     8.4378       9.96     0.0121  2.462e-11  1.000e-12  4.062e+00     7.4419     7.4332    -0.0086     5.9312     5.9243     23.781     24.301      0.243    1427.94    1427.91  0.000e+00
       2328     24.500     3.1741     3.1736    -0.0005    0.76602    0.76527          1     9.1703     8.4379       9.96     0.0122  2.462e-11  1.000e-12  4.062e+00     7.4413     7.4336    -0.0077     5.9307     5.9246     24.276     24.807      0.340    1427.94    1427.92  0.000e+00
       2366     25.000     3.1745     3.1737    -0.0008    0.76605    0.76527          1     9.1596     8.4405       9.96     0.0122  2.462e-11  1.000e-12  4.062e+00     7.4415     7.4336    -0.0079     5.9309     5.9246     24.772     25.314      0.267    1427.95    1427.93  0.000e+00
       2420     25.500     3.1722     3.1739     0.0018    0.76592    0.76529          1     9.2097     8.4395       9.96     0.0114  2.462e-11  1.000e-12  4.062e+00     7.4407     7.4336    -0.0070     5.9302     5.9246     25.267     25.820      0.225    1427.94    1427.94  0.000e+00
       2467     26.000     3.1776     3.1767    -0.0008    0.76620    0.76540          1     9.2033     8.4293       9.96     0.0121  2.462e-11  1.000e-12  4.062e+00     7.4423     7.4341    -0.0082     5.9314     5.9249     25.763     26.326      0.271    1427.98    1427.96  0.000e+00
       2513     26.500     3.1808     3.1788    -0.0021    0.76636    0.76552          1     9.1634     8.4355       9.96     0.0122  2.462e-11  1.000e-12  4.062e+00     7.4431     7.4348    -0.0083     5.9321     5.9255     26.258     26.832      0.252    1428.00    1427.98  0.000e+00
       2564     27.000     3.1856     3.1821    -0.0035    0.76659    0.76567          1     9.2089     8.4378       9.96     0.0121  2.462e-11  1.000e-12  4.062e+00     7.4443     7.4355    -0.0088     5.9330     5.9260     26.753     27.339      0.223    1428.03    1428.01  0.000e+00
       2611     27.500     3.2036     3.1941    -0.0095    0.76743    0.76614          1     9.2154     8.4352       9.96     0.0118  2.462e-11  1.000e-12  4.062e+00     7.4488     7.4376    -0.0112     5.9363     5.9275     27.249     27.845      0.334    1428.13    1428.07  0.000e+00
       2645     28.000     3.2206     3.2113    -0.0094    0.76821    0.76690          1     9.2000     8.4301       9.96     0.0122  2.462e-11  1.000e-12  4.062e+00     7.4529     7.4415    -0.0115     5.9394     5.9304     27.744     28.351      0.305    1428.22    1428.16  0.000e+00
       2705     28.500     3.2486     3.2297    -0.0189    0.76948    0.76774          1     9.2219     8.4176       9.96     0.0120  2.462e-11  1.000e-12  4.062e+00     7.4596     7.4458    -0.0138     5.9444     5.9337     28.240     28.857      0.238    1428.37    1428.26  0.000e+00
       2748     29.000     3.2564     3.2502    -0.0062    0.76980    0.76868          1     9.2011     8.4142       9.96     0.0122  2.462e-11  1.000e-12  4.062e+00     7.4611     7.4509    -0.0102     5.9454     5.9374     28.735     29.364      0.356    1428.41    1428.37  0.000e+00
