ctdpy/exports/archive_20191121_122431/received_data/SBE09_0827_20180121_1116_26_01_0145.cnv
* Sea-Bird SBE 9 Data File:
* FileName = D:\CTD_SBE911\DAT\26DA.2018.1.45.hex
* Software Version Seasave V 7.21d
* Temperature SN = 034757
* Conductivity SN = 041844
* Number of Bytes Per Scan = 48
* Number of Voltage Words = 5
* Number of Scans Averaged by the Deck Unit = 1
* NMEA Latitude = 57 59.40 N
* NMEA Longitude = 009 54.41 E
* NMEA UTC (Time) = Jan 21 2018  11:16:22
* NMEA baud rate = 4800
** Ship: DANA
** Average sound velocity: 1478.24 m/s
** True-depth calculation Thu, 28 Mar 2019 08:25:29 +0000
** CTD Python Module SMHI /ver 3-12/ feb 2012 
** LIMS Job: 20182601-0145
** Operator:
** Cruise: 01/2018
# nquan = 26
# nvalues = 206                         
# units = specified
# name 0 = scan: Scan Count
# name 1 = prDM: Pressure, Digiquartz [db]
# name 2 = t090C: Temperature [ITS-90, deg C]
# name 3 = t190C: Temperature, 2 [ITS-90, deg C]
# name 4 = T2-T190C: Temperature Difference, 2 - 1 [ITS-90, deg C]
# name 5 = c0S/m: Conductivity [S/m]
# name 6 = c1S/m: Conductivity, 2 [S/m]
# name 7 = pumps: Pump Status
# name 8 = sbeox1ML/L: Oxygen, SBE 43, 2 [ml/l]
# name 9 = sbeox0ML/L: Oxygen, SBE 43 [ml/l]
# name 10 = altM: Altimeter [m]
# name 11 = chloroflTC0: Chlorophyll, Turner Cyclops [ug/l]
# name 12 = cpar: CPAR/Corrected Irradiance [%]
# name 13 = par: PAR/Irradiance, Biospherical/Lico [µE/(cm^2*s)]
# name 14 = spar: SPAR, Biospherical/Licor
# name 15 = sal00: Salinity, Practical [PSU]
# name 16 = sal11: Salinity, Practical, 2 [PSU]
# name 17 = secS-priS: Salinity, Practical, Difference, 2 - 1 [PSU]
# name 18 = sigma-t00: Density [sigma-t, kg/m^3 ]
# name 19 = sigma-t11: Density, 2 [sigma-t, kg/m^3 ]
# name 20 = depSM: Depth [salt water, m], lat = 57.99
# name 21 = depFM: Depth [true depth, m], lat = 57.99
# name 22 = dz/dtM: Descent Rate [m/s], WS = 2
# name 23 = svCM: Sound Velocity [Chen-Millero, m/s]
# name 24 = svCM1: Sound Velocity, 2 [Chen-Millero, m/s]
# name 25 = flag: flag
# span 0 =        314,      10919       
# span 1 =      2.000,    104.500       
# span 2 =     6.7882,     6.8171       
# span 3 =     6.7878,     6.8167       
# span 4 =    -0.0044,     0.0031       
# span 5 =   3.470923,   3.475460       
# span 6 =   3.471141,   3.475662       
# span 7 =          1,          1       
# span 8 =     6.0510,     6.2058       
# span 9 =     6.2449,     6.3004       
# span 10 =       1.23,      10.00      
# span 11 =     0.0226,     0.0398      
# span 12 = 1.7277e-13, 4.4797e+00      
# span 13 = 1.0000e-12, 2.3668e+01      
# span 14 = 5.0566e+02, 5.7879e+02      
# span 15 =    34.5676,    34.5698      
# span 16 =    34.5703,    34.5730      
# span 17 =     0.0021,     0.0036      
# span 18 =    27.1047,    27.1074      
# span 19 =    27.1070,    27.1099      
# span 20 =      1.981,    103.506      
# span 21 =      1.983,    103.628      
# span 22 =      0.184,      0.447      
# span 23 =    1477.37,    1479.01      
# span 24 =    1477.36,    1479.01      
# span 25 = 0.0000e+00, 0.0000e+00      
# interval = decibars: 0.5              
# start_time = Jan 21 2018 11:16:22 [NMEA time, first data scan]
# bad_flag = -9.990e-29
*END*
[from data line 112]
       6313     58.000     6.8109     6.8105    -0.0004    3.47478    3.47500          1     6.2016     6.2592       9.95     0.0356  1.939e-13  1.000e-12  5.158e+02    34.5694    34.5724     0.0029    27.1056    27.1079     57.455     57.516      0.316    1478.34    1478.34  0.000e+00
       6349     58.500     6.8113     6.8111    -0.0002    3.47482    3.47507          1     6.1912     6.2612       9.95     0.0331  1.946e-13  1.000e-12  5.139e+02    34.5692    34.5722     0.0030    27.1054    27.1077     57.950     58.012      0.317    1478.35    1478.35  0.000e+00
       6389     59.000     6.8115     6.8110    -0.0005    3.47486    3.47508          1     6.1794     6.2712       9.95     0.0318  1.946e-13  1.000e-12  5.138e+02    34.5692    34.5723     0.0030    27.1053    27.1078     58.445     58.508      0.285    1478.36    1478.36  0.000e+00
       6440     59.500     6.8113     6.8108    -0.0005    3.47487    3.47509          1     6.1955     6.2626       9.95     0.0329  1.946e-13  1.000e-12  5.138e+02    34.5694    34.5722     0.0029    27.1055    27.1078     58.940     59.004      0.193    1478.36    1478.36  0.000e+00
       6503     60.000     6.8118     6.8114    -0.0005    3.47495    3.47516          1     6.2048     6.2597       9.95     0.0328  1.941e-13  1.000e-12  5.152e+02    34.5694    34.5723     0.0029    27.1054    27.1078     59.435     59.499      0.252    1478.37    1478.37  0.000e+00
       6547     60.500     6.8123     6.8120    -0.0003    3.47501    3.47523          1     6.2014     6.2662       9.95     0.0332  1.933e-13  1.000e-12  5.173e+02    34.5694    34.5722     0.0028    27.1053    27.1076     59.931     59.995      0.251    1478.38    1478.39  0.000e+00
       6603     61.000     6.8123     6.8117    -0.0005    3.47503    3.47525          1     6.1979     6.2623       9.95     0.0322  1.925e-13  1.000e-12  5.195e+02    34.5694    34.5723     0.0029    27.1053    27.1077     60.426     60.491      0.208    1478.39    1478.39  0.000e+00
       6653     61.500     6.8121     6.8116    -0.0005    3.47504    3.47525          1     6.1984     6.2640       9.95     0.0322  1.929e-13  1.000e-12  5.183e+02    34.5694    34.5722     0.0028    27.1054    27.1077     60.921     60.987      0.283    1478.40    1478.40  0.000e+00
       6695     62.000     6.8125     6.8127     0.0002    3.47509    3.47536          1     6.1872     6.2664       9.95     0.0325  1.935e-13  1.000e-12  5.168e+02    34.5693    34.5721     0.0027    27.1053    27.1074     61.416     61.483      0.285    1478.41    1478.41  0.000e+00
       6736     62.500     6.8126     6.8117    -0.0009    3.47513    3.47533          1     6.1778     6.2681       9.95     0.0332  1.939e-13  1.000e-12  5.158e+02    34.5694    34.5725     0.0030    27.1053    27.1079     61.911     61.979      0.283    1478.42    1478.42  0.000e+00
       6787     63.000     6.8128     6.8125    -0.0002    3.47518    3.47540          1     6.1863     6.2681       9.95     0.0337  1.934e-13  1.000e-12  5.171e+02    34.5695    34.5722     0.0027    27.1053    27.1075     62.407     62.474      0.204    1478.43    1478.43  0.000e+00
       6846     63.500     6.8130     6.8123    -0.0007    3.47520    3.47541          1     6.1867     6.2586       9.95     0.0322  1.922e-13  1.000e-12  5.202e+02    34.5693    34.5723     0.0030    27.1052    27.1077     62.902     62.970      0.218    1478.44    1478.44  0.000e+00
       6900     64.000     6.8131     6.8129    -0.0002    3.47524    3.47546          1     6.1841     6.2623       9.95     0.0315  1.916e-13  1.000e-12  5.219e+02    34.5693    34.5720     0.0027    27.1052    27.1073     63.397     63.466      0.226    1478.44    1478.45  0.000e+00
       6948     64.500     6.8136     6.8132    -0.0004    3.47531    3.47553          1     6.1883     6.2635       9.95     0.0317  1.919e-13  1.000e-12  5.211e+02    34.5694    34.5722     0.0029    27.1052    27.1075     63.892     63.962      0.293    1478.45    1478.46  0.000e+00
       6986     65.000     6.8129     6.8118    -0.0012    3.47527    3.47546          1     6.1964     6.2681       9.95     0.0312  1.924e-13  1.000e-12  5.198e+02    34.5694    34.5726     0.0032    27.1053    27.1080     64.388     64.458      0.311    1478.46    1478.46  0.000e+00
       7030     65.500     6.8121     6.8114    -0.0008    3.47523    3.47542          1     6.2021     6.2622       9.95     0.0330  1.930e-13  1.000e-12  5.181e+02    34.5695    34.5724     0.0029    27.1054    27.1079     64.883     64.954      0.247    1478.46    1478.47  0.000e+00
       7078     66.000     6.8116     6.8111    -0.0005    3.47521    3.47542          1     6.2001     6.2594       9.95     0.0337  1.924e-13  1.000e-12  5.197e+02    34.5696    34.5724     0.0029    27.1056    27.1079     65.378     65.449      0.246    1478.47    1478.47  0.000e+00
       7139     66.500     6.8115     6.8105    -0.0009    3.47521    3.47539          1     6.1866     6.2647       9.95     0.0334  1.912e-13  1.000e-12  5.229e+02    34.5694    34.5724     0.0030    27.1055    27.1080     65.873     65.945      0.187    1478.48    1478.48  0.000e+00
       7198     67.000     6.8110     6.8104    -0.0006    3.47520    3.47539          1     6.1931     6.2626       9.95     0.0339  1.901e-13  1.000e-12  5.260e+02    34.5695    34.5723     0.0028    27.1056    27.1079     66.368     66.441      0.247    1478.48    1478.49  0.000e+00
       7242     67.500     6.8109     6.8104    -0.0005    3.47521    3.47542          1     6.1636     6.2639       9.95     0.0337  1.907e-13  1.000e-12  5.245e+02    34.5695    34.5724     0.0029    27.1056    27.1080     66.864     66.937      0.301    1478.49    1478.49  0.000e+00
       7280     68.000     6.8111     6.8106    -0.0005    3.47525    3.47547          1     6.1793     6.2610       9.95     0.0365  1.910e-13  1.000e-12  5.236e+02    34.5695    34.5725     0.0030    27.1056    27.1080     67.359     67.433      0.314    1478.50    1478.50  0.000e+00
       7323     68.500     6.8107     6.8100    -0.0007    3.47524    3.47545          1     6.1879     6.2596       9.95     0.0351  1.916e-13  1.000e-12  5.220e+02    34.5695    34.5726     0.0030    27.1057    27.1082     67.854     67.929      0.243    1478.51    1478.51  0.000e+00
       7373     69.000     6.8104     6.8093    -0.0011    3.47524    3.47540          1     6.1872     6.2605       9.95     0.0331  1.912e-13  1.000e-12  5.230e+02    34.5696    34.5724     0.0028    27.1057    27.1081     68.349     68.424      0.253    1478.51    1478.51  0.000e+00
       7428     69.500     6.8103     6.8072    -0.0031    3.47525    3.47528          1     6.2041     6.2646       9.95     0.0350  1.901e-13  1.000e-12  5.259e+02    34.5695    34.5730     0.0034    27.1057    27.1089     68.844     68.920      0.189    1478.52    1478.52  0.000e+00
       7495     70.000     6.8095     6.8076    -0.0019    3.47519    3.47531          1     6.1926     6.2675       9.95     0.0335  1.894e-13  1.000e-12  5.281e+02    34.5695    34.5727     0.0032    27.1058    27.1086     69.340     69.416      0.233    1478.53    1478.52  0.000e+00
       7540     70.500     6.8072     6.8066    -0.0006    3.47499    3.47518          1     6.1892     6.2640       9.95     0.0339  1.894e-13  1.000e-12  5.280e+02    34.5693    34.5719     0.0026    27.1060    27.1081     69.835     69.912      0.299    1478.53    1478.53  0.000e+00
       7575     71.000     6.8080     6.8091     0.0011    3.47511    3.47546          1     6.1860     6.2663       9.95     0.0334  1.898e-13  1.000e-12  5.268e+02    34.5695    34.5723     0.0027    27.1060    27.1081     70.330     70.408      0.368    1478.54    1478.55  0.000e+00
       7611     71.500     6.8091     6.8093     0.0002    3.47522    3.47551          1     6.1876     6.2644       9.95     0.0337  1.901e-13  1.000e-12  5.260e+02    34.5695    34.5724     0.0029    27.1058    27.1081     70.825     70.904      0.276    1478.55    1478.56  0.000e+00
       7674     72.000     6.8093     6.8089    -0.0004    3.47527    3.47549          1     6.1962     6.2593       9.95     0.0337  1.901e-13  1.000e-12  5.261e+02    34.5695    34.5724     0.0028    27.1059    27.1082     71.320     71.399      0.228    1478.56    1478.56  0.000e+00
       7721     72.500     6.8094     6.8091    -0.0003    3.47531    3.47553          1     6.1859     6.2664       9.95     0.0368  1.894e-13  1.000e-12  5.280e+02    34.5696    34.5724     0.0027    27.1059    27.1081     71.816     71.895      0.287    1478.57    1478.57  0.000e+00
       7782     73.000     6.8098     6.8086    -0.0011    3.47535    3.47553          1     6.1911     6.2608       9.95     0.0352  1.884e-13  1.000e-12  5.307e+02    34.5695    34.5726     0.0031    27.1058    27.1084     72.311     72.391      0.202    1478.58    1478.58  0.000e+00
       7841     73.500     6.8081     6.8074    -0.0008    3.47523    3.47543          1     6.1964     6.2579       9.95     0.0338  1.881e-13  1.000e-12  5.316e+02    34.5694    34.5725     0.0030    27.1060    27.1085     72.806     72.887      0.315    1478.58    1478.58  0.000e+00
       7875     74.000     6.8077     6.8054    -0.0023    3.47521    3.47527          1     6.1930     6.2633       9.95     0.0323  1.887e-13  1.000e-12  5.300e+02    34.5694    34.5725     0.0031    27.1060    27.1087     73.301     73.383      0.369    1478.59    1478.58  0.000e+00
       7909     74.500     6.8064     6.8055    -0.0008    3.47510    3.47529          1     6.1901     6.2617       9.95     0.0336  1.887e-13  1.000e-12  5.300e+02    34.5694    34.5723     0.0029    27.1061    27.1085     73.796     73.879      0.310    1478.59    1478.59  0.000e+00
       7965     75.000     6.8059     6.8050    -0.0009    3.47507    3.47526          1     6.1980     6.2583       9.95     0.0353  1.887e-13  1.000e-12  5.300e+02    34.5692    34.5722     0.0029    27.1061    27.1086     74.292     74.374      0.193    1478.59    1478.59  0.000e+00
       8025     75.500     6.8066     6.8068     0.0002    3.47518    3.47542          1     6.1903     6.2619       9.95     0.0354  1.887e-13  1.000e-12  5.300e+02    34.5694    34.5720     0.0025    27.1062    27.1081     74.787     74.870      0.314    1478.61    1478.61  0.000e+00
       8059     76.000     6.8084     6.8092     0.0007    3.47538    3.47566          1     6.1942     6.2586       9.95     0.0335  1.884e-13  1.000e-12  5.309e+02    34.5696    34.5720     0.0024    27.1060    27.1078     75.282     75.366      0.288    1478.62    1478.63  0.000e+00
       8132     76.500     6.8092     6.8084    -0.0008    3.47546    3.47566          1     6.1838     6.2582       9.95     0.0352  1.874e-13  1.000e-12  5.337e+02    34.5695    34.5725     0.0030    27.1058    27.1083     75.777     75.862      0.247    1478.63    1478.63  0.000e+00
       8176     77.000     6.8071     6.8058    -0.0013    3.47527    3.47547          1     6.1737     6.2654       9.95     0.0345  1.872e-13  1.000e-12  5.341e+02    34.5692    34.5727     0.0035    27.1059    27.1089     76.272     76.358      0.353    1478.63    1478.63  0.000e+00
       8211     77.500     6.8046     6.8024    -0.0022    3.47506    3.47517          1     6.1731     6.2616       9.95     0.0332  1.872e-13  1.000e-12  5.341e+02    34.5692    34.5726     0.0034    27.1062    27.1092     76.767     76.853      0.310    1478.63    1478.63  0.000e+00
       8256     78.000     6.8027     6.8018    -0.0010    3.47489    3.47509          1     6.1894     6.2627       9.95     0.0337  1.877e-13  1.000e-12  5.327e+02    34.5689    34.5721     0.0032    27.1063    27.1089     77.263     77.349      0.232    1478.63    1478.63  0.000e+00
       8315     78.500     6.8011     6.8014     0.0002    3.47477    3.47506          1     6.1887     6.2596       9.95     0.0345  1.876e-13  1.000e-12  5.330e+02    34.5690    34.5719     0.0030    27.1065    27.1088     77.758     77.845      0.199    1478.63    1478.64  0.000e+00
       8366     79.000     6.8007     6.8008     0.0001    3.47475    3.47503          1     6.1790     6.2502       9.95     0.0346  1.870e-13  1.000e-12  5.348e+02    34.5689    34.5719     0.0030    27.1066    27.1089     78.253     78.341      0.290    1478.64    1478.64  0.000e+00
       8408     79.500     6.8023     6.8039     0.0016    3.47493    3.47532          1     6.1958     6.2532       9.95     0.0334  1.865e-13  1.000e-12  5.362e+02    34.5691    34.5717     0.0026    27.1065    27.1083     78.748     78.837      0.244    1478.66    1478.67  0.000e+00
       8473     80.000     6.8035     6.8032    -0.0003    3.47507    3.47531          1     6.1867     6.2561       9.95     0.0331  1.865e-13  1.000e-12  5.361e+02    34.5691    34.5721     0.0030    27.1063    27.1088     79.243     79.333      0.257    1478.67    1478.67  0.000e+00
       8513     80.500     6.8025     6.8008    -0.0017    3.47499    3.47511          1     6.1923     6.2575       9.95     0.0335  1.865e-13  1.000e-12  5.361e+02    34.5689    34.5721     0.0031    27.1063    27.1090     79.738     79.828      0.311    1478.67    1478.67  0.000e+00
       8559     81.000     6.8013     6.8007    -0.0006    3.47489    3.47510          1     6.1883     6.2653       9.95     0.0335  1.861e-13  1.000e-12  5.373e+02    34.5689    34.5718     0.0028    27.1065    27.1088     80.234     80.324      0.219    1478.68    1478.68  0.000e+00
       8614     81.500     6.8010     6.8003    -0.0007    3.47489    3.47508          1     6.1800     6.2648       9.95     0.0334  1.862e-13  1.000e-12  5.371e+02    34.5690    34.5718     0.0028    27.1066    27.1089     80.729     80.820      0.261    1478.68    1478.68  0.000e+00
       8658     82.000     6.8009     6.8003    -0.0006    3.47490    3.47510          1     6.1883     6.2640       9.95     0.0355  1.863e-13  1.000e-12  5.369e+02    34.5689    34.5717     0.0028    27.1065    27.1088     81.224     81.316      0.247    1478.69    1478.69  0.000e+00
       8712     82.500     6.8006     6.8003    -0.0003    3.47490    3.47512          1     6.1898     6.2567       9.95     0.0355  1.852e-13  1.000e-12  5.401e+02    34.5689    34.5717     0.0028    27.1065    27.1088     81.719     81.812      0.215    1478.70    1478.70  0.000e+00
       8766     83.000     6.8012     6.8012    -0.0000    3.47498    3.47521          1     6.2058     6.2617       9.95     0.0351  1.851e-13  1.000e-12  5.402e+02    34.5690    34.5716     0.0026    27.1065    27.1086     82.214     82.308      0.233    1478.71    1478.71  0.000e+00
       8813     83.500     6.8017     6.8013    -0.0005    3.47506    3.47529          1     6.1971     6.2594       9.95     0.0338  1.851e-13  1.000e-12  5.402e+02    34.5691    34.5720     0.0030    27.1065    27.1089     82.710     82.803      0.294    1478.72    1478.72  0.000e+00
       8849     84.000     6.8009     6.8000    -0.0009    3.47499    3.47517          1     6.1909     6.2605       9.95     0.0340  1.851e-13  1.000e-12  5.402e+02    34.5689    34.5718     0.0029    27.1065    27.1089     83.205     83.299      0.341    1478.72    1478.72  0.000e+00
       8901     84.500     6.8006     6.8001    -0.0004    3.47499    3.47520          1     6.1848     6.2686       9.95     0.0343  1.849e-13  1.000e-12  5.409e+02    34.5689    34.5717     0.0028    27.1066    27.1088     83.700     83.795      0.218    1478.73    1478.73  0.000e+00
       8970     85.000     6.8009     6.8005    -0.0004    3.47505    3.47526          1     6.1706     6.2646       9.95     0.0359  1.844e-13  1.000e-12  5.422e+02    34.5690    34.5718     0.0028    27.1066    27.1088     84.195     84.291      0.299    1478.74    1478.74  0.000e+00
