ctdpy/exports/archive_20191121_122431/received_data/SBE09_1044_20180531_1100_34_07_0050.cnv
* Sea-Bird SBE 9 Data File:
* FileName = C:\ctd\temp\2018\AU18D050.hex
* Software Version Seasave V 7.26.6.26
* Temperature SN = 5351
* Conductivity SN = 3941
* Number of Bytes Per Scan = 41
* Number of Voltage Words = 4
* Number of Scans Averaged by the Deck Unit = 1
* NMEA Latitude = 58 56.19 N
* NMEA Longitude = 019 09.42 E
* NMEA UTC (Time) = May 31 2018  11:00:36
* NMEA baud rate = 4800
** Station:  Huvudskär Havsboj
** Operator:  MHan
** Ship: AURA
** Average sound velocity: 1439.33 m/s
** True-depth calculation Thu, 31 May 2018 12:14:17 +0000
** CTD Python Module SMHI /ver 3-12/ feb 2012 
** LIMS Job: 20183407-0050
** Cruise: SMHI-02-2018
** Latitude [GG MM.mm N] :
** Longitude [GG MM.mm E]:
# nquan = 26
# nvalues = 178                         
# units = specified
# name 0 = scan: Scan Count
# name 1 = prDM: Pressure, Digiquartz [db]
# name 2 = t090C: Temperature [ITS-90, deg C]
# name 3 = t190C: Temperature, 2 [ITS-90, deg C]
# name 4 = T2-T190C: Temperature Difference, 2 - 1 [ITS-90, deg C]
# name 5 = c0S/m: Conductivity [S/m]
# name 6 = c1S/m: Conductivity, 2 [S/m]
# name 7 = pumps: Pump Status
# name 8 = sbeox0ML/L: Oxygen, SBE 43 [ml/l]
# name 9 = sbeox1ML/L: Oxygen, SBE 43, 2 [ml/l]
# name 10 = altM: Altimeter [m]
# name 11 = flECO-AFL: Chl-a Fluorescence, WET Labs ECO-AFL/FL [mg/m^3]
# name 12 = flECO-AFL1: Phycocyanin Fluorescence, WET Labs ECO-AFL/FL, 2 [mg/m^3]
# name 13 = par: PAR/Irradiance, Biospherical/Lico [µE/(cm^2*s)]
# name 14 = turbWETntu0: Turbidity, WET Labs ECO [NTU]
# name 15 = sal00: Salinity, Practical [PSU]
# name 16 = sal11: Salinity, Practical, 2 [PSU]
# name 17 = secS-priS: Salinity, Practical, Difference, 2 - 1 [PSU]
# name 18 = sigma-t00: Density [sigma-t, Kg/m^3 ]
# name 19 = sigma-t11: Density, 2 [sigma-t, Kg/m^3 ]
# name 20 = depSM: Depth [salt water, m], lat = 58.9365
# name 21 = depFM: Depth [true depth, m], lat = 58.9365
# name 22 = dz/dtM: Descent Rate [m/s], WS = 2
# name 23 = svCM: Sound Velocity [Chen-Millero, m/s]
# name 24 = svCM1: Sound Velocity, 2 [Chen-Millero, m/s]
# name 25 = flag: flag
# span 0 =       6976,      11938       
# span 1 =      0.500,     89.000       
# span 2 =     2.5512,    11.1566       
# span 3 =     2.5515,    11.1226       
# span 4 =    -0.0361,     0.1657       
# span 5 =   0.703924,   1.188197       
# span 6 =   0.703582,   1.188117       
# span 7 =          1,          1       
# span 8 =    0.06943,    9.16800       
# span 9 =    0.05072,    9.27312       
# span 10 =       1.35,      91.31      
# span 11 =     0.2467,     3.6759      
# span 12 =     0.1353,     0.5459      
# span 13 = 1.0000e-12, 4.4439e+03      
# span 14 =     0.1250,     1.5213      
# span 15 =     6.0567,    10.9460      
# span 16 =     6.0586,    10.9451      
# span 17 =    -0.0183,     0.0048      
# span 18 =     4.3058,     8.5975      
# span 19 =     4.3114,     8.5967      
# span 20 =      0.495,     88.149      
# span 21 =      0.507,     90.099      
# span 22 =     -0.279,      0.579      
# span 23 =    1425.05,    1459.23      
# span 24 =    1425.05,    1459.10      
# span 25 = 0.0000e+00, 0.0000e+00      
# interval = decibars: 0.5              
# start_time = May 31 2018 11:00:36 [NMEA time, first data scan]
# bad_flag = -9.990e-29
*END*
[from data line 56]
       8932     28.500     7.3159     7.3170     0.0011    0.78956    0.78954          1     8.7495     8.6611      62.80     0.4805     0.2657  2.294e+00  0.1812000     6.7907     6.7903    -0.0004     5.2429     5.2425     28.232     28.888      0.482    1445.29    1445.29  0.000e+00
       8955     29.000     7.2959     7.2992     0.0033    0.78900    0.78901          1     8.7708     8.6877      62.37     0.4812     0.2657  2.084e+00  0.1864000     6.7894     6.7889    -0.0005     5.2433     5.2426     28.727     29.394      0.541    1445.21    1445.22  0.000e+00
       8977     29.500     7.2870     7.2879     0.0009    0.78902    0.78898          1     8.8286     8.7563      61.88     0.4997     0.2469  1.935e+00  0.1946000     6.7912     6.7907    -0.0006     5.2454     5.2448     29.222     29.901      0.538    1445.18    1445.19  0.000e+00
       9000     30.000     7.2826     7.2848     0.0023    0.78915    0.78914          1     8.8496     8.7900      61.39     0.4913     0.2569  1.787e+00  0.1825000     6.7932     6.7927    -0.0005     5.2472     5.2467     29.717     30.407      0.486    1445.18    1445.19  0.000e+00
       9027     30.500     7.1639     7.1805     0.0165    0.78590    0.78621          1     8.6653     8.6588      60.86     0.4806     0.2802  1.609e+00  0.1822000     6.7864     6.7860    -0.0003     5.2500     5.2486     30.213     30.914      0.425    1444.68    1444.75  0.000e+00
       9056     31.000     6.6243     6.6566     0.0322    0.77195    0.77252          1     8.6816     8.7544      60.24     0.4460     0.2670  1.455e+00  0.1868000     6.7622     6.7611    -0.0010     5.2655     5.2627     30.708     31.421      0.432    1442.39    1442.52  0.000e+00
       9082     31.500     6.2700     6.2644    -0.0054    0.76469    0.76450          1     8.5802     8.6362      59.74     0.4270     0.2431  1.354e+00  0.1817000     6.7637     6.7630    -0.0007     5.2877     5.2874     31.203     31.927      0.504    1440.89    1440.87  0.000e+00
       9104     32.000     6.0868     6.1239     0.0368    0.76211    0.76255          1     8.7315     8.7688      59.35     0.3817     0.2148  1.242e+00  0.1702000     6.7755     6.7723    -0.0032     5.3067     5.3023     31.699     32.434      0.545    1440.13    1440.28  0.000e+00
       9126     32.500     5.8877     5.8852    -0.0023    0.75853    0.75838          1     8.8430     8.8562      58.84     0.3749     0.1969  1.126e+00  0.1673000     6.7810     6.7802    -0.0008     5.3216     5.3210     32.194     32.940      0.523    1439.29    1439.28  0.000e+00
       9150     33.000     6.0434     6.0440     0.0009    0.76438    0.76434          1     8.9001     8.8969      58.31     0.4029     0.2391  1.016e+00  0.1704000     6.8058     6.8053    -0.0005     5.3332     5.3327     32.689     33.447      0.464    1440.00    1440.00  0.000e+00
       9178     33.500     5.6436     5.6599     0.0162    0.75579    0.75590          1     8.8212     8.8220      57.73     0.4225     0.2879  9.214e-01  0.1849000     6.8036     6.8014    -0.0022     5.3512     5.3487     33.184     33.954      0.419    1438.28    1438.34  0.000e+00
       9207     34.000     5.3067     5.3265     0.0197    0.75271    0.75285          1     8.6182     8.6763      57.13     0.3764     0.2656  8.532e-01  0.1742000     6.8422     6.8395    -0.0027     5.3967     5.3938     33.680     34.460      0.455    1436.87    1436.95  0.000e+00
       9231     34.500     4.5040     4.5375     0.0334    0.73620    0.73650          1     8.6328     8.7144      56.61     0.3638     0.2504  7.802e-01  0.1631000     6.8445     6.8405    -0.0040     5.4274     5.4232     34.175     34.967      0.526    1433.33    1433.48  0.000e+00
       9253     35.000     4.2704     4.2786     0.0083    0.73467    0.73467          1     8.5522     8.6373      56.14     0.3414     0.2233  6.987e-01  0.1550000     6.8779     6.8761    -0.0018     5.4609     5.4593     34.670     35.473      0.535    1432.34    1432.38  0.000e+00
       9276     35.500     3.9502     3.9657     0.0155    0.73133    0.73145          1     8.6459     8.7060      55.59     0.3157     0.2436  6.381e-01  0.1575000     6.9115     6.9094    -0.0021     5.4955     5.4935     35.165     35.980      0.481    1430.96    1431.02  0.000e+00
       9303     36.000     3.4915     3.5009     0.0094    0.72263    0.72268          1     8.6802     8.6912      55.03     0.2969     0.2834  5.861e-01  0.1615000     6.9201     6.9185    -0.0015     5.5110     5.5096     35.661     36.486      0.445    1428.89    1428.94  0.000e+00
       9330     36.500     3.3780     3.3878     0.0099    0.72292    0.72298          1     8.7088     8.6477      54.53     0.2974     0.2248  5.393e-01  0.1525000     6.9473     6.9457    -0.0016     5.5343     5.5329     36.156     36.993      0.474    1428.42    1428.46  0.000e+00
       9354     37.000     3.1607     3.1652     0.0044    0.72180    0.72173          1     8.7465     8.5913      54.01     0.3090     0.2059  4.857e-01  0.1469000     6.9825     6.9808    -0.0017     5.5650     5.5636     36.651     37.499      0.486    1427.48    1427.49  0.000e+00
       9379     37.500     3.2665     3.2643    -0.0022    0.72800    0.72790          1     8.7549     8.5949      53.47     0.3087     0.1370  4.349e-01  0.1466000     7.0238     7.0232    -0.0006     5.5967     5.5963     37.146     38.005      0.454    1428.02    1428.01  0.000e+00
       9406     38.000     3.2932     3.2957     0.0026    0.73025    0.73024          1     8.7548     8.6119      52.91     0.3012     0.1929  3.917e-01  0.1496000     7.0411     7.0405    -0.0007     5.6102     5.6097     37.641     38.512      0.466    1428.18    1428.19  0.000e+00
       9431     38.500     3.2645     3.2682     0.0037    0.73066    0.73066          1     8.7713     8.6253      52.42     0.2907     0.2602  3.605e-01  0.1437000     7.0516     7.0508    -0.0008     5.6189     5.6182     38.137     39.018      0.511    1428.07    1428.08  0.000e+00
       9454     39.000     3.1906     3.1971     0.0065    0.72977    0.72980          1     8.8142     8.6489      51.91     0.2848     0.2644  3.271e-01  0.1395000     7.0585     7.0574    -0.0011     5.6253     5.6244     38.632     39.525      0.506    1427.74    1427.77  0.000e+00
       9479     39.500     3.1813     3.1805    -0.0008    0.73114    0.73105          1     8.6311     8.4787      51.35     0.2896     0.1978  2.953e-01  0.1424000     7.0746     7.0739    -0.0007     5.6383     5.6377     39.127     40.031      0.460    1427.73    1427.73  0.000e+00
       9506     40.000     3.0444     3.0621     0.0177    0.72975    0.72995          1     8.5634     8.4545      50.81     0.2910     0.2238  2.652e-01  0.1397000     7.0903     7.0885    -0.0018     5.6520     5.6504     39.622     40.538      0.442    1427.13    1427.21  0.000e+00
       9532     40.500     2.8090     2.8134     0.0044    0.72582    0.72578          1     8.6005     8.4840      50.27     0.3030     0.1858  2.438e-01  0.1437000     7.1012     7.0998    -0.0013     5.6625     5.6614     40.118     41.044      0.460    1426.06    1426.08  0.000e+00
       9558     41.000     2.8726     2.8740     0.0014    0.72846    0.72843          1     8.5855     8.4611      49.75     0.3086     0.2337  2.234e-01  0.1497000     7.1147     7.1141    -0.0006     5.6729     5.6724     40.613     41.550      0.471    1426.38    1426.39  0.000e+00
       9583     41.500     2.8571     2.8595     0.0024    0.72863    0.72863          1     8.5694     8.4314      49.20     0.2903     0.2027  1.974e-01  0.1378000     7.1198     7.1193    -0.0005     5.6771     5.6767     41.108     42.057      0.487    1426.32    1426.33  0.000e+00
       9608     42.000     2.8465     2.8488     0.0023    0.72918    0.72916          1     8.5633     8.4077      48.68     0.2898     0.2028  1.727e-01  0.1276000     7.1279     7.1272    -0.0007     5.6836     5.6831     41.603     42.563      0.490    1426.29    1426.30  0.000e+00
       9633     42.500     2.8151     2.8182     0.0030    0.72931    0.72931          1     8.5446     8.3990      48.17     0.2802     0.2168  1.501e-01  0.1250000     7.1362     7.1355    -0.0007     5.6904     5.6898     42.099     43.070      0.451    1426.17    1426.18  0.000e+00
       9661     43.000     2.7637     2.7695     0.0058    0.72893    0.72896          1     8.4759     8.3760      47.60     0.2797     0.2304  1.384e-01  0.1347000     7.1437     7.1426    -0.0010     5.6966     5.6958     42.594     43.576      0.415    1425.95    1425.97  0.000e+00
       9690     43.500     2.6794     2.6884     0.0089    0.72799    0.72805          1     8.3883     8.3169      47.08     0.2887     0.2449  1.222e-01  0.1492000     7.1525     7.1511    -0.0013     5.7040     5.7029     43.089     44.082      0.445    1425.57    1425.61  0.000e+00
       9715     44.000     2.5627     2.5678     0.0052    0.72668    0.72667          1     8.3984     8.2962      46.69     0.2847     0.2701  1.091e-01  0.1448000     7.1648     7.1636    -0.0012     5.7142     5.7132     43.584     44.589      0.503    1425.06    1425.08  0.000e+00
       9738     44.500     2.5579     2.5582     0.0003    0.72752    0.72747          1     8.4496     8.3056      46.12     0.2847     0.2447  9.040e-02  0.1327000     7.1747     7.1741    -0.0006     5.7221     5.7216     44.079     45.095      0.506    1425.05    1425.05  0.000e+00
       9763     45.000     2.7926     2.7788    -0.0138    0.73389    0.73362          1     8.3737     8.2075      45.77     0.2978     0.2262  7.597e-02  0.1279000     7.1889     7.1893     0.0003     5.7326     5.7329     44.575     45.601      0.450    1426.17    1426.11  0.000e+00
       9791     45.500     2.9208     2.9227     0.0019    0.73819    0.73815          1     8.2689     8.1193      45.67     0.2859     0.2290  6.864e-02  0.1359000     7.2053     7.2045    -0.0008     5.7449     5.7442     45.070     46.108      0.418    1426.79    1426.80  0.000e+00
       9820     46.000     2.9142     2.9164     0.0022    0.73953    0.73948          1     8.2518     8.1280      44.95     0.2631     0.1757  5.611e-02  0.1741000     7.2207     7.2198    -0.0010     5.7573     5.7565     45.565     46.614      0.452    1426.79    1426.80  0.000e+00
       9845     46.500     2.8907     2.8936     0.0029    0.74017    0.74017          1     8.2773     8.1785      43.94     0.2603     0.2092  4.257e-02  0.1530000     7.2327     7.2320    -0.0007     5.7670     5.7664     46.060     47.120      0.477    1426.71    1426.72  0.000e+00
       9870     47.000     2.8550     2.8571     0.0022    0.73994    0.73993          1     8.3461     8.2648      43.42     0.2696     0.1782  3.349e-02  0.1473000     7.2383     7.2377    -0.0006     5.7717     5.7712     46.556     47.627      0.469    1426.56    1426.56  0.000e+00
       9896     47.500     2.8521     2.8535     0.0013    0.74082    0.74076          1     8.3200     8.2058      42.85     0.2815     0.1844  2.207e-02  0.1401000     7.2481     7.2471    -0.0009     5.7795     5.7788     47.051     48.133      0.458    1426.56    1426.57  0.000e+00
       9923     48.000     2.8617     2.8643     0.0026    0.74214    0.74213          1     8.1702     8.0318      42.33     0.2650     0.2336  1.541e-02  0.1368000     7.2597     7.2589    -0.0008     5.7888     5.7881     47.546     48.640      0.447    1426.63    1426.64  0.000e+00
       9950     48.500     2.7779     2.7861     0.0081    0.74091    0.74097          1     8.1074     8.0015      41.80     0.2704     0.2473  9.222e-03  0.1426000     7.2657     7.2644    -0.0012     5.7940     5.7930     48.041     49.146      0.412    1426.26    1426.29  0.000e+00
       9980     49.000     2.7246     2.7287     0.0041    0.74024    0.74024          1     8.1073     8.0510      41.25     0.2806     0.2247  1.354e-03  0.1360000     7.2707     7.2698    -0.0009     5.7983     5.7976     48.536     49.652      0.426    1426.03    1426.04  0.000e+00
      10006     49.500     2.6519     2.6565     0.0046    0.73903    0.73907          1     8.1293     8.1028      40.77     0.2486     0.2483  6.993e-04  0.1314000     7.2744     7.2738    -0.0006     5.8016     5.8010     49.032     50.159      0.504    1425.70    1425.72  0.000e+00
      10029     50.000     2.5709     2.5742     0.0033    0.73776    0.73778          1     8.2084     8.2036      40.26     0.2722     0.2253  9.242e-06  0.1316000     7.2794     7.2789    -0.0005     5.8058     5.8053     49.527     50.665      0.524    1425.34    1425.35  0.000e+00
      10052     50.500     2.5512     2.5515     0.0003    0.73846    0.73838          1     8.3234     8.2894      39.72     0.2725     0.2219  1.000e-12  0.1315000     7.2912     7.2904    -0.0008     5.8153     5.8146     50.022     51.171      0.478    1425.27    1425.27  0.000e+00
      10079     51.000     2.6035     2.6008    -0.0027    0.74079    0.74067          1     8.3425     8.2297      39.15     0.2948     0.1999  1.000e-12  0.1772000     7.3038     7.3032    -0.0006     5.8252     5.8247     50.517     51.678      0.442    1425.54    1425.52  0.000e+00
      10106     51.500     2.6938     2.6913    -0.0025    0.74371    0.74361          1     8.2109     8.0546      38.65     0.2845     0.2241  1.000e-12  0.1317000     7.3140     7.3135    -0.0005     5.8330     5.8326     51.012     52.184      0.487    1425.98    1425.96  0.000e+00
      10129     52.000     2.7142     2.7161     0.0018    0.74490    0.74487          1     8.0994     7.9583      38.13     0.2730     0.2077  1.000e-12  0.1428000     7.3218     7.3211    -0.0007     5.8392     5.8386     51.508     52.690      0.556    1426.09    1426.10  0.000e+00
      10149     52.500     2.6926     2.6953     0.0027    0.74514    0.74513          1     8.0952     7.9823      37.66     0.2910     0.2043  1.000e-12  0.1433000     7.3293     7.3285    -0.0007     5.8452     5.8446     52.003     53.196      0.579    1426.01    1426.02  0.000e+00
      10170     53.000     2.6958     2.6951    -0.0007    0.74603    0.74594          1     8.1127     7.9886      37.13     0.2772     0.2040  1.000e-12  0.1465000     7.3378     7.3370    -0.0007     5.8520     5.8514     52.498     53.703      0.520    1426.04    1426.04  0.000e+00
      10196     53.500     2.7517     2.7511    -0.0005    0.74855    0.74847          1     8.0207     7.8712      36.54     0.2868     0.1662  1.000e-12  0.1325000     7.3515     7.3507    -0.0008     5.8627     5.8621     52.993     54.209      0.445    1426.33    1426.32  0.000e+00
      10223     54.000     2.7484     2.7531     0.0046    0.74994    0.74993          1     7.9012     7.7475      36.00     0.2951     0.2644  1.000e-12  0.1509000     7.3668     7.3657    -0.0011     5.8749     5.8740     53.488     54.715      0.494    1426.34    1426.36  0.000e+00
      10245     54.500     2.6919     2.6940     0.0021    0.74959    0.74956          1     7.8432     7.6938      35.53     0.2794     0.2490  1.000e-12  0.1559000     7.3761     7.3753    -0.0008     5.8827     5.8820     53.984     55.222      0.577    1426.10    1426.11  0.000e+00
      10265     55.000     2.7049     2.7058     0.0009    0.75118    0.75110          1     7.7835     7.6308      35.05     0.2748     0.2239  1.000e-12  0.1350000     7.3898     7.3888    -0.0010     5.8935     5.8927     54.479     55.728      0.570    1426.18    1426.19  0.000e+00
      10288     55.500     2.7280     2.7286     0.0006    0.75310    0.75302          1     7.7086     7.5690      34.48     0.2928     0.2427  1.000e-12  0.1433000     7.4047     7.4037    -0.0010     5.9053     5.9046     54.974     56.234      0.506    1426.32    1426.32  0.000e+00
