ctdpy/exports/archive_20191121_122431/received_data/SBE09_1044_20180203_0252_34_02_0049.cnv
* Sea-Bird SBE 9 Data File:
* FileName = C:\ctd\temp\2018\ME18D049.hex
* Software Version Seasave V 7.26.6.26
* Temperature SN = 5351
* Conductivity SN = 3941
* Number of Bytes Per Scan = 41
* Number of Voltage Words = 4
* Number of Scans Averaged by the Deck Unit = 1
* NMEA Latitude = 56 57.39 N
* NMEA Longitude = 011 44.84 E
* NMEA UTC (Time) = Feb 03 2018  02:53:01
* NMEA baud rate = 4800
** Station:  L:a Middelgrund
** Operator:  SSip
** Ship: MERI
** Average sound velocity: 1471.22 m/s
** True-depth calculation Sat, 03 Feb 2018 03:51:45 +0000
** CTD Python Module SMHI /ver 3-12/ feb 2012 
** LIMS Job: 20183402-0049
** Cruise: SMHI-01-2018
** Latitude [GG MM.mm N] :
** Longitude [GG MM.mm E]:
# nquan = 26
# nvalues = 193                         
# units = specified
# name 0 = scan: Scan Count
# name 1 = prDM: Pressure, Digiquartz [db]
# name 2 = t090C: Temperature [ITS-90, deg C]
# name 3 = t190C: Temperature, 2 [ITS-90, deg C]
# name 4 = T2-T190C: Temperature Difference, 2 - 1 [ITS-90, deg C]
# name 5 = c0S/m: Conductivity [S/m]
# name 6 = c1S/m: Conductivity, 2 [S/m]
# name 7 = pumps: Pump Status
# name 8 = sbeox0ML/L: Oxygen, SBE 43 [ml/l]
# name 9 = sbeox1ML/L: Oxygen, SBE 43, 2 [ml/l]
# name 10 = altM: Altimeter [m]
# name 11 = flECO-AFL: Chl-a Fluorescence, WET Labs ECO-AFL/FL [mg/m^3]
# name 12 = flECO-AFL1: Phycocyanin Fluorescence, WET Labs ECO-AFL/FL, 2 [mg/m^3]
# name 13 = par: PAR/Irradiance, Biospherical/Lico [µE/(cm^2*s)]
# name 14 = turbWETntu0: Turbidity, WET Labs ECO [NTU]
# name 15 = sal00: Salinity, Practical [PSU]
# name 16 = sal11: Salinity, Practical, 2 [PSU]
# name 17 = secS-priS: Salinity, Practical, Difference, 2 - 1 [PSU]
# name 18 = sigma-t00: Density [sigma-t, Kg/m^3 ]
# name 19 = sigma-t11: Density, 2 [sigma-t, Kg/m^3 ]
# name 20 = depSM: Depth [salt water, m], lat = 56.9565
# name 21 = depFM: Depth [true depth, m], lat = 56.9565
# name 22 = dz/dtM: Descent Rate [m/s], WS = 2
# name 23 = svCM: Sound Velocity [Chen-Millero, m/s]
# name 24 = svCM1: Sound Velocity, 2 [Chen-Millero, m/s]
# name 25 = flag: flag
# span 0 =       7377,      11713       
# span 1 =      2.000,     98.000       
# span 2 =     3.4309,     6.8703       
# span 3 =     3.4296,     6.8708       
# span 4 =    -0.0312,     0.0446       
# span 5 =   1.853123,   3.385538       
# span 6 =   1.852592,   3.385729       
# span 7 =          1,          1       
# span 8 =    6.07338,    7.81551       
# span 9 =    6.05811,    7.80812       
# span 10 =       4.43,      98.64      
# span 11 =     0.1747,     1.1125      
# span 12 =     0.2486,     0.4817      
# span 13 = -8.333e-06, 4.1590e-02      
# span 14 =     0.3306,     2.6907      
# span 15 =    19.1877,    33.5074      
# span 16 =    19.1821,    33.5090      
# span 17 =    -0.1359,     0.1974      
# span 18 =    15.2645,    26.2606      
# span 19 =    15.2602,    26.2617      
# span 20 =      1.982,     97.077      
# span 21 =      2.006,     97.446      
# span 22 =     -0.092,      0.801      
# span 23 =    1443.90,    1477.89      
# span 24 =    1443.90,    1477.89      
# span 25 = 0.0000e+00, 0.0000e+00      
# interval = decibars: 0.5              
# start_time = Feb 03 2018 02:53:01 [NMEA time, first data scan]
# bad_flag = -9.990e-29
*END*
       7377      2.000     3.4779     3.4755    -0.0024    1.86288    1.86256          1     7.7991     7.8079      98.63     1.1125     0.4221  4.030e-02  0.3306000    19.2702    19.2680    -0.0022    15.3276    15.3260      1.982      2.006      0.250    1444.19    1444.18  0.000e+00
       7460      2.500     3.4582     3.4645     0.0062    1.85851    1.86026          1     7.7874     7.8057      98.63     1.1027     0.3919  2.516e-02  0.3426000    19.2325    19.2485     0.0160    15.2987    15.3111      2.477      2.508      0.670    1444.07    1444.12  0.000e+00
       7475      3.000     3.4309     3.4424     0.0115    1.85312    1.85544          1     7.7992     7.8028      98.63     1.1028     0.4199  4.159e-02  0.3625000    19.1877    19.2070     0.0193    15.2645    15.2793      2.972      3.010      0.777    1443.90    1443.97  0.000e+00
       7490      3.500     3.4615     3.4429    -0.0185    1.85871    1.85522          1     7.8080     7.8041      98.63     1.0921     0.4165  1.332e-02  0.3644000    19.2323    19.2041    -0.0282    15.2984    15.2770      3.468      3.511      0.772    1444.10    1443.98  0.000e+00
       7506      4.000     3.4350     3.4296    -0.0055    1.85343    1.85259          1     7.8090     7.8069      98.63     1.0786     0.4306  7.054e-04  0.3647000    19.1883    19.1821    -0.0062    15.2649    15.2602      3.963      4.013      0.750    1443.93    1443.90  0.000e+00
       7522      4.500     3.4444     3.4429    -0.0015    1.85510    1.85500          1     7.8155     7.8081      98.63     1.0784     0.4817  1.423e-03  0.3689000    19.2015    19.2012    -0.0003    15.2748    15.2747      4.459      4.514      0.735    1444.00    1443.99  0.000e+00
       7539      5.000     3.4445     3.4453     0.0007    1.85512    1.85531          1     7.7911     7.7841      98.63     1.0753     0.4717 -8.333e-06  0.3652000    19.2015    19.2032     0.0017    15.2748    15.2761      4.954      5.016      0.748    1444.01    1444.01  0.000e+00
       7554      5.500     3.4462     3.4501     0.0039    1.85556    1.85625          1     7.7813     7.7781      98.63     1.0661     0.4662  8.433e-13  0.3588000    19.2053    19.2108     0.0055    15.2777    15.2819      5.449      5.518      0.797    1444.03    1444.05  0.000e+00
       7569      6.000     3.4543     3.4554     0.0011    1.85685    1.85723          1     7.7525     7.7764      98.45     1.0661     0.4234  1.000e-12  0.3568000    19.2148    19.2185     0.0037    15.2849    15.2877      5.945      6.019      0.801    1444.08    1444.09  0.000e+00
       7584      6.500     3.4561     3.4814     0.0251    1.85728    1.86196          1     7.7420     7.7617      98.27     1.0661     0.4183  1.000e-12  0.3561000    19.2184    19.2562     0.0378    15.2876    15.3164      6.440      6.521      0.729    1444.10    1444.26  0.000e+00
       7602      7.000     3.4981     3.5191     0.0215    1.86547    1.86926          1     7.7523     7.8081      98.61     1.0661     0.4054  1.000e-12  0.3634000    19.2856    19.3157     0.0302    15.3387    15.3616      6.936      7.022      0.570    1444.38    1444.52  0.000e+00
       7630      7.500     3.6262     3.6144    -0.0117    1.89212    1.89058          1     7.7307     7.7766      97.85     1.0830     0.4478  1.000e-12  0.3630000    19.5085    19.4984    -0.0101    15.5087    15.5014      7.431      7.524      0.377    1445.24    1445.18  0.000e+00
       7664      8.000     3.7409     3.7336    -0.0078    1.92240    1.92033          1     7.6850     7.7059      98.56     1.0456     0.4307  1.000e-12  0.3732000    19.7794    19.7604    -0.0189    15.7171    15.7025      7.926      8.025      0.385    1446.10    1446.04  0.000e+00
       7691      8.500     3.7533     3.7588     0.0052    1.92811    1.92862          1     7.6145     7.6455      98.08     1.0250     0.4411  1.000e-12  0.3974000    19.8357    19.8380     0.0023    15.7611    15.7626      8.422      8.527      0.494    1446.23    1446.26  0.000e+00
       7714      9.000     3.7619     3.7857     0.0236    1.93090    1.93442          1     7.6477     7.6777      98.62     1.0174     0.4575  1.000e-12  0.4101000    19.8615    19.8865     0.0250    15.7811    15.7995      8.917      9.028      0.533    1446.31    1446.45  0.000e+00
       7737      9.500     3.8542     3.8551     0.0011    1.95407    1.95343          1     7.6842     7.7136      98.63     1.0210     0.4360  1.000e-12  0.4258000    20.0643    20.0566    -0.0077    15.9363    15.9302      9.413      9.529      0.524    1446.98    1446.98  0.000e+00
       7760     10.000     4.0567     4.0253    -0.0312    2.01080    2.00158          1     7.6490     7.6780      98.63     1.0540     0.4396  1.000e-12  0.4315000    20.5729    20.4895    -0.0834    16.3270    16.2628      9.908     10.031      0.506    1448.52    1448.28  0.000e+00
       7785     10.500     4.0953     4.0991     0.0037    2.02265    2.02231          1     7.6056     7.6019      98.63     1.0471     0.4636  1.000e-12  0.4550000    20.6807    20.6746    -0.0061    16.4099    16.4048     10.403     10.532      0.444    1448.84    1448.84  0.000e+00
       7815     11.000     4.0098     3.9982    -0.0113    1.99916    1.99556          1     7.5113     7.4946      98.63     1.0835     0.4336  1.000e-12  0.4585000    20.4719    20.4388    -0.0331    16.2500    16.2244     10.899     11.033      0.403    1448.21    1448.11  0.000e+00
       7843     11.500     3.9662     3.9668     0.0004    1.98529    1.98562          1     7.4882     7.5076      98.63     1.0195     0.4239  1.000e-12  0.4332000    20.3439    20.3472     0.0033    16.1512    16.1538     11.394     11.534      0.488    1447.86    1447.87  0.000e+00
       7865     12.000     4.0029     4.0482     0.0446    2.00174    2.02197          1     7.4499     7.4966      98.63     1.0332     0.4363  1.000e-12  0.4452000    20.5046    20.7020     0.1974    16.2763    16.4298     11.889     12.035      0.585    1448.23    1448.68  0.000e+00
       7884     12.500     4.2264     4.2274     0.0019    2.11672    2.11810          1     7.4115     7.4533      98.63     1.1028     0.4393  1.000e-12  0.4847000    21.6458    21.6607     0.0149    17.1657    17.1775     12.385     12.536      0.612    1450.67    1450.69  0.000e+00
       7904     13.000     4.3239     4.3167    -0.0074    2.17809    2.17578          1     7.3815     7.3983      98.63     1.0849     0.4193  1.000e-12  0.5241000    22.2663    22.2454    -0.0209    17.6501    17.6342     12.880     13.036      0.550    1451.88    1451.83  0.000e+00
       7929     13.500     4.4560     4.4480    -0.0081    2.25704    2.24991          1     7.2737     7.2962      98.63     1.1109     0.3983  1.000e-12  0.5791000    23.0579    22.9838    -0.0741    18.2671    18.2090     13.376     13.537      0.422    1453.47    1453.34  0.000e+00
       7961     14.000     4.5332     4.5377     0.0046    2.31991    2.32332          1     7.1645     7.1967      98.63     1.0972     0.3783  1.000e-12  0.6102000    23.7066    23.7416     0.0349    18.7747    18.8020     13.871     14.037      0.405    1454.63    1454.69  0.000e+00
       7987     14.500     4.5918     4.5908    -0.0011    2.37607    2.37662          1     7.1290     7.1760      98.63     1.0176     0.4117  1.000e-12  0.5806000    24.2927    24.2997     0.0070    19.2338    19.2394     14.366     14.537      0.545    1455.63    1455.64  0.000e+00
       8007     15.000     4.7474     4.7178    -0.0293    2.44740    2.43625          1     7.0715     7.1138      98.63     0.9203     0.3993  1.000e-12  0.6482000    24.9755    24.8729    -0.1025    19.7610    19.6824     14.862     15.036      0.623    1457.17    1456.91  0.000e+00
       8025     15.500     4.8959     4.8924    -0.0040    2.51122    2.51048          1     6.9600     6.9942      98.63     0.9062     0.3743  1.000e-12  0.6895000    25.5766    25.5711    -0.0055    20.2235    20.2194     15.357     15.535      0.616    1458.56    1458.54  0.000e+00
       8046     16.000     5.0395     5.0283    -0.0112    2.57903    2.57393          1     6.8054     6.8461      98.63     0.8966     0.3788  1.000e-12  0.7277000    26.2225    26.1744    -0.0481    20.7211    20.6840     15.852     16.034      0.541    1459.99    1459.88  0.000e+00
       8071     16.500     5.1494     5.1462    -0.0032    2.63912    2.63557          1     6.7285     6.7707      98.63     0.7531     0.3494  1.000e-12  0.7835000    26.8064    26.7693    -0.0370    21.1722    21.1433     16.348     16.533      0.439    1461.19    1461.13  0.000e+00
       8100     17.000     5.3088     5.3034    -0.0053    2.75305    2.74640          1     6.6673     6.7090      98.63     0.5253     0.3186  1.000e-12  0.8218000    27.9485    27.8786    -0.0698    22.0591    22.0045     16.843     17.032      0.423    1463.31    1463.20  0.000e+00
       8127     17.500     5.4600     5.4647     0.0047    2.92949    2.91772          1     6.6101     6.6450      98.63     0.4342     0.3164  1.000e-12  0.7990000    29.7952    29.6593    -0.1359    23.5029    23.3950     17.339     17.530      0.493    1466.27    1466.12  0.000e+00
       8150     18.000     5.4571     5.4557    -0.0013    2.96948    2.96841          1     6.5601     6.5798      98.63     0.3789     0.3155  1.000e-12  0.7732000    30.2467    30.2357    -0.0109    23.8601    23.8515     17.834     18.027      0.556    1466.84    1466.82  0.000e+00
       8170     18.500     5.4698     5.4672    -0.0026    2.98162    2.98055          1     6.5565     6.5878      98.64     0.3638     0.3662  1.000e-12  0.7816000    30.3714    30.3617    -0.0097    23.9573    23.9499     18.329     18.524      0.618    1467.06    1467.04  0.000e+00
       8189     19.000     5.4884     5.4871    -0.0014    2.99196    2.99161          1     6.5664     6.5984      98.63     0.3389     0.3667  1.000e-12  0.7924000    30.4706    30.4680    -0.0027    24.0336    24.0317     18.825     19.022      0.647    1467.27    1467.26  0.000e+00
       8207     19.500     5.5708     5.5611    -0.0099    3.02571    3.02252          1     6.5426     6.5619      92.28     0.3451     0.3461  1.000e-12  0.8060000    30.7746    30.7475    -0.0271    24.2647    24.2444     19.320     19.519      0.607    1468.00    1467.92  0.000e+00
       8228     20.000     5.6702     5.6705     0.0004    3.06568    3.06587          1     6.5061     6.5132      93.79     0.3333     0.3334  1.000e-12  0.8073000    31.1322    31.1340     0.0018    24.5360    24.5374     19.815     20.016      0.534    1468.86    1468.87  0.000e+00
       8253     20.500     5.6979     5.7018     0.0039    3.07891    3.08012          1     6.4831     6.4809      98.56     0.3080     0.3469  1.000e-12  0.7893000    31.2548    31.2649     0.0101    24.6297    24.6372     20.311     20.513      0.486    1469.14    1469.16  0.000e+00
       8277     21.000     5.7416     5.7388    -0.0028    3.10217    3.09991          1     6.4504     6.4532      98.64     0.3070     0.3299  1.000e-12  0.7910000    31.4749    31.4522    -0.0227    24.7986    24.7810     20.806     21.010      0.525    1469.60    1469.56  0.000e+00
       8298     21.500     5.7914     5.7874    -0.0040    3.12978    3.12676          1     6.4431     6.4460      98.63     0.3065     0.3621  1.000e-12  0.8401000    31.7380    31.7079    -0.0301    25.0006    24.9773     21.302     21.507      0.615    1470.14    1470.09  0.000e+00
       8317     22.000     5.8189     5.8128    -0.0060    3.14550    3.14349          1     6.4436     6.4435      98.63     0.2723     0.3661  1.000e-12  0.9057000    31.8882    31.8713    -0.0168    25.1160    25.1034     21.797     22.004      0.678    1470.45    1470.40  0.000e+00
       8334     22.500     5.8600     5.8583    -0.0018    3.15650    3.15629          1     6.4276     6.4280      94.74     0.2654     0.3449  1.000e-12  0.8954000    31.9725    31.9718    -0.0008    25.1778    25.1774     22.292     22.501      0.676    1470.73    1470.72  0.000e+00
       8352     23.000     5.9114     5.9121     0.0007    3.17251    3.17245          1     6.4049     6.4094      79.59     0.2580     0.3354  1.000e-12  0.8930000    32.1029    32.1016    -0.0013    25.2746    25.2735     22.788     22.997      0.611    1471.11    1471.11  0.000e+00
       8374     23.500     5.9360     5.9339    -0.0021    3.18243    3.18052          1     6.3949     6.3980      79.11     0.2492     0.3314  1.000e-12  0.9282000    32.1904    32.1711    -0.0193    25.3407    25.3258     23.283     23.494      0.519    1471.33    1471.29  0.000e+00
       8399     24.000     5.9539     5.9514    -0.0025    3.18633    3.18586          1     6.3958     6.3899      72.68     0.2584     0.3147  1.000e-12  0.9187000    32.2168    32.2139    -0.0029    25.3595    25.3575     23.778     23.991      0.486    1471.44    1471.42  0.000e+00
       8423     24.500     5.9870     5.9843    -0.0027    3.19417    3.19356          1     6.3802     6.3741      74.52     0.2361     0.3057  1.000e-12  0.9067000    32.2727    32.2685    -0.0042    25.3996    25.3967     24.274     24.488      0.518    1471.65    1471.63  0.000e+00
       8445     25.000     6.0155     6.0143    -0.0014    3.20163    3.20143          1     6.3736     6.3652      98.59     0.2597     0.3229  1.000e-12  0.9456000    32.3288    32.3278    -0.0011    25.4405    25.4398     24.769     24.984      0.562    1471.84    1471.84  0.000e+00
       8465     25.500     6.0304     6.0272    -0.0031    3.20520    3.20471          1     6.3705     6.3552      80.56     0.2414     0.3448  1.000e-12  0.9222000    32.3543    32.3518    -0.0025    25.4588    25.4572     25.264     25.481      0.609    1471.94    1471.93  0.000e+00
       8484     26.000     6.0685     6.0710     0.0024    3.21423    3.21498          1     6.3686     6.3556      94.51     0.2359     0.3436  1.000e-12  0.9198000    32.4185    32.4245     0.0060    25.5048    25.5093     25.760     25.977      0.651    1472.18    1472.20  0.000e+00
       8502     26.500     6.0812     6.0818     0.0006    3.21863    3.21866          1     6.3677     6.3611      92.81     0.2359     0.3540  1.000e-12  0.9298000    32.4554    32.4550    -0.0003    25.5324    25.5320     26.255     26.474      0.656    1472.29    1472.29  0.000e+00
       8521     27.000     6.0973     6.0955    -0.0018    3.22266    3.22240          1     6.3703     6.3609      75.86     0.2240     0.3625  1.000e-12  0.9588000    32.4846    32.4834    -0.0012    25.5534    25.5527     26.750     26.971      0.599    1472.40    1472.39  0.000e+00
       8543     27.500     6.1069     6.1070     0.0001    3.22484    3.22500          1     6.3720     6.3544      75.20     0.2327     0.3621  1.000e-12  0.9645000    32.4996    32.5013     0.0017    25.5641    25.5655     27.246     27.467      0.489    1472.46    1472.47  0.000e+00
       8571     28.000     6.1123     6.1127     0.0005    3.22583    3.22593          1     6.3485     6.3248      74.71     0.2456     0.3295  1.000e-12  0.9432000    32.5052    32.5058     0.0006    25.5679    25.5683     27.741     27.964      0.442    1472.50    1472.50  0.000e+00
       8596     28.500     6.1120     6.1126     0.0006    3.22619    3.22651          1     6.3373     6.3061      74.12     0.2482     0.3141  1.000e-12  0.9792000    32.5092    32.5122     0.0030    25.5711    25.5734     28.236     28.460      0.540    1472.51    1472.52  0.000e+00
       8616     29.000     6.1113     6.1105    -0.0009    3.22925    3.22908          1     6.3388     6.3125      73.76     0.2481     0.3159  1.000e-12  0.9955000    32.5438    32.5428    -0.0010    25.5985    25.5977     28.732     28.957      0.663    1472.56    1472.55  0.000e+00
