ctdpy/exports/archive_20191121_122431/received_data/SBE09_1044_20180418_0901_34_07_0016.cnv
* Sea-Bird SBE 9 Data File:
* FileName = C:\ctd\temp\2018\AU18D016.hex
* Software Version Seasave V 7.26.6.26
* Temperature SN = 5351
* Conductivity SN = 3941
* Number of Bytes Per Scan = 41
* Number of Voltage Words = 4
* Number of Scans Averaged by the Deck Unit = 1
* NMEA Latitude = 55 33.31 N
* NMEA Longitude = 018 24.00 E
* NMEA UTC (Time) = Apr 18 2018  09:01:31
* NMEA baud rate = 4800
** Station:  BCS III-10
** Operator:  A-KTh
** Ship: AURA
** Average sound velocity: 1430.08 m/s
** True-depth calculation Wed, 18 Apr 2018 10:56:58 +0000
** CTD Python Module SMHI /ver 3-12/ feb 2012 
** LIMS Job: 20183407-0016
** Cruise: SMHI-01-2018
** Latitude [GG MM.mm N] :
** Longitude [GG MM.mm E]:
# nquan = 26
# nvalues = 169                         
# units = specified
# name 0 = scan: Scan Count
# name 1 = prDM: Pressure, Digiquartz [db]
# name 2 = t090C: Temperature [ITS-90, deg C]
# name 3 = t190C: Temperature, 2 [ITS-90, deg C]
# name 4 = T2-T190C: Temperature Difference, 2 - 1 [ITS-90, deg C]
# name 5 = c0S/m: Conductivity [S/m]
# name 6 = c1S/m: Conductivity, 2 [S/m]
# name 7 = pumps: Pump Status
# name 8 = sbeox0ML/L: Oxygen, SBE 43 [ml/l]
# name 9 = sbeox1ML/L: Oxygen, SBE 43, 2 [ml/l]
# name 10 = altM: Altimeter [m]
# name 11 = flECO-AFL: Chl-a Fluorescence, WET Labs ECO-AFL/FL [mg/m^3]
# name 12 = flECO-AFL1: Phycocyanin Fluorescence, WET Labs ECO-AFL/FL, 2 [mg/m^3]
# name 13 = par: PAR/Irradiance, Biospherical/Lico [µE/(cm^2*s)]
# name 14 = turbWETntu0: Turbidity, WET Labs ECO [NTU]
# name 15 = sal00: Salinity, Practical [PSU]
# name 16 = sal11: Salinity, Practical, 2 [PSU]
# name 17 = secS-priS: Salinity, Practical, Difference, 2 - 1 [PSU]
# name 18 = sigma-t00: Density [sigma-t, Kg/m^3 ]
# name 19 = sigma-t11: Density, 2 [sigma-t, Kg/m^3 ]
# name 20 = depSM: Depth [salt water, m], lat = 55.5552
# name 21 = depFM: Depth [true depth, m], lat = 55.5552
# name 22 = dz/dtM: Descent Rate [m/s], WS = 2
# name 23 = svCM: Sound Velocity [Chen-Millero, m/s]
# name 24 = svCM1: Sound Velocity, 2 [Chen-Millero, m/s]
# name 25 = flag: flag
# span 0 =       8826,      12884       
# span 1 =      1.000,     85.000       
# span 2 =     3.0071,     6.5054       
# span 3 =     3.0083,     6.5274       
# span 4 =    -0.0223,     0.1060       
# span 5 =   0.765342,   1.236469       
# span 6 =   0.765325,   1.243532       
# span 7 =          1,          1       
# span 8 =    0.81367,    9.12939       
# span 9 =    0.71341,    8.99468       
# span 10 =       2.06,      98.70      
# span 11 =     0.3081,     0.8888      
# span 12 =     0.1688,     0.3381      
# span 13 = -1.970e-05, 1.6702e+03      
# span 14 =     0.1097,     0.4174      
# span 15 =     7.4586,    11.2634      
# span 16 =     7.4583,    11.3256      
# span 17 =    -0.0059,     0.1550      
# span 18 =     5.9425,     8.8135      
# span 19 =     5.9420,     8.8607      
# span 20 =      0.991,     84.212      
# span 21 =      1.013,     86.039      
# span 22 =     -0.208,      0.568      
# span 23 =    1427.44,    1448.39      
# span 24 =    1427.45,    1448.57      
# span 25 = 0.0000e+00, 0.0000e+00      
# interval = decibars: 0.5              
# start_time = Apr 18 2018 09:01:31 [NMEA time, first data scan]
# bad_flag = -9.990e-29
*END*
[from data line 56]
      10210     29.000     3.0466     3.0475     0.0009    0.76553    0.76550          1     8.9002     8.7906      97.63     0.4701     0.2447  3.884e+00  0.1364000     7.4651     7.4646    -0.0005     5.9512     5.9507     28.735     29.363      0.551    1427.45    1427.46  0.000e+00
      10232     29.500     3.0424     3.0442     0.0018    0.76545    0.76545          1     8.8966     8.7962      97.63     0.4401     0.2248  3.623e+00  0.1276000     7.4652     7.4647    -0.0004     5.9512     5.9509     29.231     29.869      0.538    1427.44    1427.45  0.000e+00
      10254     30.000     3.0416     3.0428     0.0012    0.76545    0.76543          1     8.8894     8.7889      97.63     0.4406     0.2326  3.404e+00  0.1244000     7.4653     7.4648    -0.0005     5.9513     5.9509     29.726     30.375      0.545    1427.45    1427.45  0.000e+00
      10276     30.500     3.0400     3.0410     0.0010    0.76544    0.76541          1     8.8861     8.7765      97.29     0.4575     0.2385  3.193e+00  0.1378000     7.4655     7.4650    -0.0005     5.9515     5.9511     30.221     30.882      0.554    1427.45    1427.45  0.000e+00
      10298     31.000     3.0376     3.0390     0.0013    0.76541    0.76539          1     8.8954     8.7841      58.69     0.4686     0.2203  2.982e+00  0.1389000     7.4657     7.4652    -0.0005     5.9517     5.9513     30.717     31.388      0.558    1427.44    1427.45  0.000e+00
      10319     31.500     3.0375     3.0388     0.0013    0.76543    0.76541          1     8.9102     8.7889      58.65     0.4673     0.2492  2.786e+00  0.1205000     7.4658     7.4653    -0.0005     5.9518     5.9514     31.212     31.894      0.560    1427.45    1427.46  0.000e+00
      10341     32.000     3.0367     3.0381     0.0014    0.76543    0.76541          1     8.9044     8.7800      95.59     0.4572     0.2476  2.605e+00  0.1322000     7.4659     7.4654    -0.0005     5.9519     5.9515     31.708     32.401      0.546    1427.46    1427.46  0.000e+00
      10363     32.500     3.0364     3.0374     0.0011    0.76543    0.76541          1     8.8974     8.7780      97.67     0.4567     0.2114  2.439e+00  0.1414000     7.4660     7.4655    -0.0005     5.9520     5.9515     32.203     32.907      0.532    1427.46    1427.47  0.000e+00
      10386     33.000     3.0331     3.0338     0.0008    0.76537    0.76534          1     8.9018     8.7737      97.65     0.4691     0.1930  2.284e+00  0.1270000     7.4660     7.4656    -0.0004     5.9520     5.9516     32.698     33.413      0.541    1427.45    1427.46  0.000e+00
      10408     33.500     3.0309     3.0322     0.0013    0.76534    0.76533          1     8.9039     8.7612      97.65     0.4373     0.1832  2.139e+00  0.1365000     7.4662     7.4657    -0.0005     5.9522     5.9518     33.194     33.919      0.556    1427.45    1427.46  0.000e+00
      10429     34.000     3.0324     3.0335     0.0011    0.76540    0.76537          1     8.8995     8.7572      97.67     0.4277     0.1688  2.006e+00  0.1401000     7.4664     7.4658    -0.0005     5.9523     5.9518     33.689     34.426      0.561    1427.47    1427.47  0.000e+00
      10450     34.500     3.0315     3.0325     0.0010    0.76538    0.76537          1     8.8930     8.7689      97.73     0.4500     0.2076  1.871e+00  0.1349000     7.4664     7.4659    -0.0004     5.9523     5.9519     34.185     34.932      0.554    1427.47    1427.48  0.000e+00
      10472     35.000     3.0335     3.0354     0.0018    0.76545    0.76545          1     8.8898     8.7683      97.74     0.4771     0.2329  1.748e+00  0.1297000     7.4665     7.4661    -0.0004     5.9524     5.9520     34.680     35.438      0.540    1427.49    1427.50  0.000e+00
      10495     35.500     3.0402     3.0432     0.0029    0.76564    0.76567          1     8.8949     8.7581      62.85     0.4558     0.2680  1.637e+00  0.1256000     7.4669     7.4665    -0.0004     5.9526     5.9523     35.175     35.944      0.536    1427.53    1427.54  0.000e+00
      10517     36.000     3.0435     3.0468     0.0033    0.76574    0.76577          1     8.8981     8.7546      74.40     0.4561     0.2313  1.527e+00  0.1553000     7.4671     7.4666    -0.0004     5.9527     5.9524     35.671     36.451      0.546    1427.55    1427.57  0.000e+00
      10539     36.500     3.0478     3.0493     0.0015    0.76586    0.76584          1     8.9064     8.7639      97.30     0.4775     0.1974  1.429e+00  0.1273000     7.4672     7.4668    -0.0005     5.9528     5.9524     36.166     36.957      0.558    1427.58    1427.58  0.000e+00
      10560     37.000     3.0490     3.0495     0.0006    0.76590    0.76586          1     8.9123     8.7752      97.55     0.4801     0.2053  1.335e+00  0.1159000     7.4673     7.4667    -0.0006     5.9529     5.9524     36.661     37.463      0.562    1427.59    1427.59  0.000e+00
      10582     37.500     3.0495     3.0504     0.0009    0.76592    0.76589          1     8.9103     8.7915      59.86     0.4868     0.2665  1.244e+00  0.1183000     7.4674     7.4668    -0.0005     5.9529     5.9525     37.157     37.969      0.555    1427.60    1427.61  0.000e+00
      10604     38.000     3.0506     3.0520     0.0015    0.76595    0.76594          1     8.9154     8.7954      82.61     0.4856     0.2791  1.166e+00  0.1255000     7.4674     7.4669    -0.0005     5.9529     5.9525     37.652     38.476      0.537    1427.61    1427.62  0.000e+00
      10626     38.500     3.0529     3.0543     0.0014    0.76602    0.76601          1     8.9182     8.7905      84.03     0.4682     0.2202  1.086e+00  0.1252000     7.4675     7.4671    -0.0004     5.9530     5.9526     38.148     38.982      0.528    1427.63    1427.64  0.000e+00
      10649     39.000     3.0554     3.0568     0.0014    0.76612    0.76610          1     8.9162     8.7907      66.23     0.4690     0.1993  1.015e+00  0.1331000     7.4678     7.4674    -0.0005     5.9532     5.9528     38.643     39.488      0.545    1427.66    1427.66  0.000e+00
      10670     39.500     3.0540     3.0555     0.0016    0.76611    0.76609          1     8.9117     8.7997      66.53     0.4554     0.2274  9.519e-01  0.1488000     7.4680     7.4675    -0.0006     5.9534     5.9529     39.138     39.994      0.565    1427.65    1427.66  0.000e+00
      10691     40.000     3.0502     3.0520     0.0018    0.76603    0.76603          1     8.9088     8.7975      53.89     0.4457     0.2708  8.791e-01  0.1379000     7.4680     7.4676    -0.0004     5.9534     5.9531     39.634     40.501      0.560    1427.64    1427.65  0.000e+00
      10713     40.500     3.0508     3.0519     0.0012    0.76605    0.76603          1     8.9039     8.7980      85.07     0.4538     0.2960  8.230e-01  0.1364000     7.4680     7.4675    -0.0005     5.9534     5.9530     40.129     41.007      0.537    1427.66    1427.66  0.000e+00
      10736     41.000     3.0498     3.0486    -0.0012    0.76603    0.76596          1     8.9067     8.7924      80.01     0.4556     0.2824  7.688e-01  0.1333000     7.4680     7.4674    -0.0005     5.9534     5.9530     40.624     41.513      0.517    1427.66    1427.65  0.000e+00
      10759     41.500     3.0476     3.0504     0.0028    0.76599    0.76601          1     8.9091     8.7825      76.88     0.4640     0.2305  7.103e-01  0.1366000     7.4679     7.4675    -0.0004     5.9534     5.9530     41.120     42.019      0.526    1427.66    1427.67  0.000e+00
      10782     42.000     3.0476     3.0486     0.0009    0.76599    0.76597          1     8.9110     8.7675      49.29     0.4736     0.2839  6.622e-01  0.1403000     7.4679     7.4675    -0.0005     5.9534     5.9530     41.615     42.526      0.549    1427.67    1427.67  0.000e+00
      10803     42.500     3.0466     3.0482     0.0016    0.76597    0.76596          1     8.9073     8.7553      48.11     0.4795     0.2782  6.168e-01  0.1385000     7.4678     7.4674    -0.0004     5.9533     5.9529     42.111     43.032      0.557    1427.67    1427.68  0.000e+00
      10825     43.000     3.0428     3.0455     0.0028    0.76588    0.76589          1     8.8993     8.7635      48.81     0.4679     0.2484  5.817e-01  0.1429000     7.4677     7.4673    -0.0005     5.9533     5.9528     42.606     43.538      0.551    1427.66    1427.67  0.000e+00
      10847     43.500     3.0440     3.0457     0.0017    0.76592    0.76592          1     8.8984     8.7744      89.53     0.4705     0.2836  5.385e-01  0.1656000     7.4678     7.4673    -0.0005     5.9533     5.9529     43.101     44.044      0.539    1427.67    1427.68  0.000e+00
      10869     44.000     3.0436     3.0455     0.0019    0.76592    0.76592          1     8.8955     8.7643      51.51     0.4685     0.2820  4.933e-01  0.1319000     7.4678     7.4673    -0.0005     5.9533     5.9529     43.597     44.551      0.533    1427.68    1427.69  0.000e+00
      10892     44.500     3.0468     3.0479     0.0011    0.76601    0.76600          1     8.8923     8.7691      45.88     0.4865     0.1946  4.614e-01  0.1406000     7.4679     7.4675    -0.0004     5.9534     5.9531     44.092     45.057      0.541    1427.70    1427.70  0.000e+00
      10914     45.000     3.0507     3.0510     0.0003    0.76612    0.76608          1     8.9036     8.7796      45.66     0.4924     0.2151  4.316e-01  0.1425000     7.4681     7.4677    -0.0005     5.9535     5.9531     44.587     45.563      0.548    1427.73    1427.73  0.000e+00
      10936     45.500     3.0523     3.0526     0.0003    0.76617    0.76613          1     8.9041     8.7771      45.11     0.4891     0.2194  4.011e-01  0.1475000     7.4682     7.4677    -0.0005     5.9536     5.9532     45.083     46.069      0.531    1427.74    1427.74  0.000e+00
      10959     46.000     3.0550     3.0557     0.0007    0.76626    0.76623          1     8.9013     8.7769      80.94     0.4727     0.2346  3.604e-01  0.1514000     7.4685     7.4680    -0.0005     5.9537     5.9533     45.578     46.576      0.524    1427.76    1427.76  0.000e+00
      10981     46.500     3.0561     3.0572     0.0011    0.76631    0.76629          1     8.9064     8.7765      98.70     0.4479     0.2622  3.351e-01  0.1261000     7.4686     7.4682    -0.0004     5.9538     5.9535     46.073     47.082      0.543    1427.78    1427.78  0.000e+00
      11003     47.000     3.0557     3.0571     0.0014    0.76630    0.76629          1     8.9137     8.7806      53.85     0.4566     0.2683  3.084e-01  0.1365000     7.4686     7.4681    -0.0004     5.9538     5.9534     46.569     47.588      0.546    1427.78    1427.79  0.000e+00
      11026     47.500     3.0530     3.0546     0.0016    0.76623    0.76622          1     8.9161     8.7934      43.04     0.4802     0.2706  2.869e-01  0.1478000     7.4684     7.4679    -0.0004     5.9537     5.9533     47.064     48.094      0.524    1427.78    1427.78  0.000e+00
      11049     48.000     3.0548     3.0555     0.0007    0.76629    0.76626          1     8.9123     8.7916      73.45     0.4812     0.2706  2.661e-01  0.1383000     7.4685     7.4680    -0.0005     5.9538     5.9534     47.559     48.601      0.514    1427.79    1427.80  0.000e+00
      11072     48.500     3.0562     3.0569     0.0008    0.76633    0.76630          1     8.9082     8.7806      40.81     0.4994     0.2960  2.468e-01  0.1320000     7.4686     7.4681    -0.0006     5.9538     5.9534     48.055     49.107      0.541    1427.81    1427.81  0.000e+00
      11093     49.000     3.0548     3.0559     0.0011    0.76630    0.76628          1     8.9112     8.7814      41.33     0.4916     0.2671  2.250e-01  0.1412000     7.4685     7.4680    -0.0005     5.9537     5.9533     48.550     49.613      0.568    1427.81    1427.81  0.000e+00
      11114     49.500     3.0530     3.0544     0.0015    0.76625    0.76624          1     8.9117     8.7838      41.03     0.4680     0.2700  2.064e-01  0.1412000     7.4683     7.4679    -0.0004     5.9536     5.9533     49.046     50.119      0.563    1427.81    1427.81  0.000e+00
      11136     50.000     3.0531     3.0538     0.0008    0.76626    0.76623          1     8.9122     8.7900      72.74     0.4542     0.3058  1.803e-01  0.1307000     7.4683     7.4678    -0.0005     5.9536     5.9532     49.541     50.626      0.540    1427.82    1427.82  0.000e+00
      11159     50.500     3.0534     3.0543     0.0009    0.76628    0.76625          1     8.9064     8.7837      39.68     0.4795     0.2608  1.644e-01  0.1251000     7.4684     7.4679    -0.0005     5.9537     5.9533     50.036     51.132      0.521    1427.83    1427.83  0.000e+00
      11182     51.000     3.0541     3.0558     0.0017    0.76631    0.76629          1     8.9014     8.7722      39.29     0.4568     0.2295  1.457e-01  0.1242000     7.4685     7.4679    -0.0005     5.9537     5.9533     50.532     51.638      0.538    1427.84    1427.85  0.000e+00
      11204     51.500     3.0548     3.0555     0.0007    0.76634    0.76631          1     8.9049     8.7884      38.90     0.4690     0.2575  1.282e-01  0.1352000     7.4686     7.4681    -0.0005     5.9539     5.9534     51.027     52.144      0.563    1427.85    1427.85  0.000e+00
      11225     52.000     3.0551     3.0559     0.0009    0.76636    0.76633          1     8.9101     8.8040      38.35     0.4490     0.2683  1.172e-01  0.1097000     7.4687     7.4681    -0.0005     5.9539     5.9534     51.522     52.651      0.565    1427.86    1427.86  0.000e+00
      11246     52.500     3.0555     3.0567     0.0012    0.76639    0.76637          1     8.9098     8.7979      37.67     0.4654     0.2490  1.072e-01  0.1176000     7.4688     7.4683    -0.0005     5.9540     5.9536     52.018     53.157      0.548    1427.87    1427.87  0.000e+00
      11268     53.000     3.0552     3.0564     0.0012    0.76638    0.76636          1     8.9098     8.7840      37.05     0.4706     0.2349  9.465e-02  0.1324000     7.4687     7.4682    -0.0005     5.9539     5.9535     52.513     53.663      0.535    1427.87    1427.88  0.000e+00
      11291     53.500     3.0552     3.0565     0.0013    0.76639    0.76637          1     8.9130     8.7854      36.38     0.4684     0.2682  8.520e-02  0.1380000     7.4687     7.4682    -0.0005     5.9539     5.9535     53.008     54.169      0.534    1427.88    1427.89  0.000e+00
      11313     54.000     3.0551     3.0564     0.0013    0.76639    0.76638          1     8.9132     8.7913      35.88     0.4922     0.2446  7.264e-02  0.1324000     7.4687     7.4682    -0.0005     5.9539     5.9535     53.504     54.676      0.537    1427.89    1427.89  0.000e+00
      11336     54.500     3.0547     3.0560     0.0013    0.76639    0.76637          1     8.9115     8.7896      35.32     0.4800     0.2668  6.385e-02  0.1139000     7.4687     7.4682    -0.0005     5.9539     5.9535     53.999     55.182      0.538    1427.89    1427.90  0.000e+00
      11358     55.000     3.0544     3.0551     0.0007    0.76639    0.76636          1     8.9115     8.7696      34.42     0.4560     0.2730  4.943e-02  0.1433000     7.4687     7.4683    -0.0004     5.9539     5.9536     54.494     55.688      0.526    1427.90    1427.91  0.000e+00
      11381     55.500     3.0509     3.0511     0.0002    0.76631    0.76627          1     8.9085     8.7656      33.46     0.4905     0.2234  4.173e-02  0.1273000     7.4686     7.4681    -0.0005     5.9539     5.9535     54.990     56.194      0.518    1427.89    1427.89  0.000e+00
      11404     56.000     3.0461     3.0472     0.0011    0.76620    0.76619          1     8.9128     8.7774      32.90     0.4756     0.2153  2.939e-02  0.1305000     7.4685     7.4681    -0.0004     5.9539     5.9535     55.485     56.701      0.522    1427.88    1427.88  0.000e+00
