ctdpy/exports/archive_20191121_122431/received_data/SBE09_0827_20180304_0925_26_01_0359.cnv
* Sea-Bird SBE 9 Data File:
* FileName = D:\CTD_SBE911\DAT\26DA.2018.3.59.hex
* Software Version Seasave V 7.21d
* Temperature SN = 034757
* Conductivity SN = 041844
* Number of Bytes Per Scan = 48
* Number of Voltage Words = 5
* Number of Scans Averaged by the Deck Unit = 1
* NMEA Latitude = 55 40.71 N
* NMEA Longitude = 014 28.73 E
* NMEA UTC (Time) = Mar 04 2018  09:25:38
* NMEA baud rate = 4800
** Ship: DANA
** Average sound velocity: 1423.31 m/s
** True-depth calculation Tue, 02 Apr 2019 12:10:29 +0000
** CTD Python Module SMHI /ver 3-12/ feb 2012 
** LIMS Job: 20182601-0359
** Operator:
** Cruise: 02/2018
# nquan = 26
# nvalues = 93                          
# units = specified
# name 0 = scan: Scan Count
# name 1 = prDM: Pressure, Digiquartz [db]
# name 2 = t090C: Temperature [ITS-90, deg C]
# name 3 = t190C: Temperature, 2 [ITS-90, deg C]
# name 4 = T2-T190C: Temperature Difference, 2 - 1 [ITS-90, deg C]
# name 5 = c0S/m: Conductivity [S/m]
# name 6 = c1S/m: Conductivity, 2 [S/m]
# name 7 = pumps: Pump Status
# name 8 = sbeox1ML/L: Oxygen, SBE 43, 2 [ml/l]
# name 9 = sbeox0ML/L: Oxygen, SBE 43 [ml/l]
# name 10 = altM: Altimeter [m]
# name 11 = chloroflTC0: Chlorophyll, Turner Cyclops [ug/l]
# name 12 = cpar: CPAR/Corrected Irradiance [%]
# name 13 = par: PAR/Irradiance, Biospherical/Lico [µE/(cm^2*s)]
# name 14 = spar: SPAR, Biospherical/Licor
# name 15 = sal00: Salinity, Practical [PSU]
# name 16 = sal11: Salinity, Practical, 2 [PSU]
# name 17 = secS-priS: Salinity, Practical, Difference, 2 - 1 [PSU]
# name 18 = sigma-t00: Density [sigma-t, kg/m^3 ]
# name 19 = sigma-t11: Density, 2 [sigma-t, kg/m^3 ]
# name 20 = depSM: Depth [salt water, m], lat = 55.6785
# name 21 = depFM: Depth [true depth, m], lat = 55.6785
# name 22 = dz/dtM: Descent Rate [m/s], WS = 2
# name 23 = svCM: Sound Velocity [Chen-Millero, m/s]
# name 24 = svCM1: Sound Velocity, 2 [Chen-Millero, m/s]
# name 25 = flag: flag
# span 0 =        116,       4761       
# span 1 =      1.000,     47.000       
# span 2 =     2.1897,     2.3165       
# span 3 =     2.1891,     2.3170       
# span 4 =    -0.0035,     0.0121       
# span 5 =   0.730451,   0.738712       
# span 6 =   0.729842,   0.738118       
# span 7 =          1,          1       
# span 8 =     8.7286,     8.7730       
# span 9 =     8.7297,     8.8023       
# span 10 =       0.97,      10.00      
# span 11 =     0.0212,     0.0460      
# span 12 = 1.7212e-13, 8.0760e+00      
# span 13 = 1.0000e-12, 4.4517e+01      
# span 14 = 5.4841e+02, 5.8099e+02      
# span 15 =     7.2950,     7.3485      
# span 16 =     7.2886,     7.3420      
# span 17 =    -0.0074,    -0.0027      
# span 18 =     5.8179,     5.8611      
# span 19 =     5.8128,     5.8559      
# span 20 =      0.991,     46.568      
# span 21 =      1.013,     47.594      
# span 22 =     -0.038,      0.372      
# span 23 =    1422.83,    1424.19      
# span 24 =    1422.82,    1424.19      
# span 25 = 0.0000e+00, 0.0000e+00      
# interval = decibars: 0.5              
# start_time = Mar 04 2018 09:25:39 [NMEA time, first data scan]
# bad_flag = -9.990e-29
*END*
[from data line 56]
       2863     29.000     2.1920     2.1911    -0.0009    0.73102    0.73041          1     8.7669     8.7840       9.95     0.0437  1.791e-13  1.000e-12  5.585e+02     7.2975     7.2912    -0.0064     5.8199     5.8148     28.735     29.367      0.258    1423.26    1423.25  0.000e+00
       2908     29.500     2.1911     2.1913     0.0002    0.73099    0.73040          1     8.7620     8.7831       9.95     0.0428  1.791e-13  1.000e-12  5.585e+02     7.2974     7.2910    -0.0063     5.8198     5.8147     29.230     29.873      0.264    1423.26    1423.26  0.000e+00
       2957     30.000     2.1956     2.2009     0.0052    0.73118    0.73074          1     8.7730     8.7859       9.95     0.0432  1.791e-13  1.000e-12  5.585e+02     7.2983     7.2923    -0.0060     5.8206     5.8158     29.726     30.379      0.232    1423.29    1423.31  0.000e+00
       3007     30.500     2.1987     2.1954    -0.0032    0.73128    0.73061          1     8.7510     8.7725       9.95     0.0445  1.786e-13  1.000e-12  5.600e+02     7.2986     7.2921    -0.0064     5.8208     5.8156     30.221     30.886      0.267    1423.32    1423.29  0.000e+00
       3052     31.000     2.1987     2.1952    -0.0035    0.73130    0.73059          1     8.7562     8.7664       9.95     0.0433  1.784e-13  1.000e-12  5.605e+02     7.2987     7.2920    -0.0067     5.8209     5.8155     30.716     31.392      0.235    1423.32    1423.30  0.000e+00
       3107     31.500     2.2038     2.2093     0.0055    0.73149    0.73097          1     8.7710     8.7644       9.95     0.0440  1.784e-13  1.000e-12  5.605e+02     7.2995     7.2927    -0.0069     5.8216     5.8161     31.212     31.898      0.242    1423.35    1423.37  0.000e+00
       3151     32.000     2.2163     2.2248     0.0085    0.73197    0.73165          1     8.7578     8.7699       9.95     0.0444  1.784e-13  1.000e-12  5.605e+02     7.3016     7.2963    -0.0054     5.8233     5.8191     31.707     32.405      0.276    1423.42    1423.46  0.000e+00
       3200     32.500     2.2219     2.2247     0.0028    0.73219    0.73167          1     8.7555     8.7761       9.95     0.0456  1.784e-13  1.000e-12  5.605e+02     7.3027     7.2964    -0.0063     5.8242     5.8192     32.203     32.911      0.230    1423.46    1423.47  0.000e+00
       3249     33.000     2.2306     2.2358     0.0053    0.73262    0.73217          1     8.7598     8.7694       9.95     0.0447  1.782e-13  1.000e-12  5.613e+02     7.3052     7.2992    -0.0060     5.8262     5.8214     32.698     33.417      0.255    1423.51    1423.53  0.000e+00
       3296     33.500     2.2357     2.2388     0.0031    0.73289    0.73241          1     8.7534     8.7677       9.95     0.0451  1.778e-13  1.000e-12  5.625e+02     7.3068     7.3010    -0.0058     5.8275     5.8229     33.193     33.924      0.251    1423.55    1423.55  0.000e+00
       3346     34.000     2.2387     2.2401     0.0014    0.73307    0.73251          1     8.7471     8.7554       9.95     0.0454  1.778e-13  1.000e-12  5.625e+02     7.3080     7.3017    -0.0063     5.8285     5.8234     33.689     34.430      0.227    1423.57    1423.57  0.000e+00
       3400     34.500     2.2401     2.2424     0.0023    0.73318    0.73268          1     8.7533     8.7647       9.95     0.0460  1.775e-13  1.000e-12  5.633e+02     7.3088     7.3029    -0.0059     5.8291     5.8244     34.184     34.936      0.243    1423.59    1423.59  0.000e+00
       3446     35.000     2.2428     2.2449     0.0021    0.73335    0.73284          1     8.7583     8.7721       9.95     0.0444  1.771e-13  1.000e-12  5.645e+02     7.3099     7.3040    -0.0059     5.8300     5.8253     34.680     35.443      0.257    1423.61    1423.61  0.000e+00
       3497     35.500     2.2474     2.2506     0.0032    0.73367    0.73321          1     8.7482     8.7602       9.95     0.0454  1.771e-13  1.000e-12  5.646e+02     7.3122     7.3065    -0.0057     5.8319     5.8273     35.175     35.949      0.223    1423.64    1423.65  0.000e+00
       3546     36.000     2.2535     2.2562     0.0028    0.73408    0.73362          1     8.7418     8.7525       9.95     0.0456  1.765e-13  1.000e-12  5.665e+02     7.3151     7.3096    -0.0055     5.8342     5.8298     35.670     36.455      0.273    1423.68    1423.69  0.000e+00
       3591     36.500     2.2574     2.2592     0.0018    0.73437    0.73386          1     8.7473     8.7600       9.95     0.0453  1.765e-13  1.000e-12  5.666e+02     7.3173     7.3113    -0.0060     5.8359     5.8312     36.166     36.961      0.252    1423.71    1423.71  0.000e+00
       3641     37.000     2.2594     2.2607     0.0014    0.73453    0.73401          1     8.7531     8.7658       9.95     0.0446  1.765e-13  1.000e-12  5.666e+02     7.3184     7.3126    -0.0059     5.8369     5.8322     36.661     37.468      0.239    1423.73    1423.73  0.000e+00
       3690     37.500     2.2612     2.2634     0.0021    0.73471    0.73426          1     8.7489     8.7717       9.95     0.0440  1.761e-13  1.000e-12  5.678e+02     7.3198     7.3145    -0.0053     5.8380     5.8338     37.156     37.974      0.245    1423.75    1423.75  0.000e+00
       3740     38.000     2.2638     2.2655     0.0016    0.73498    0.73454          1     8.7449     8.7666       9.95     0.0445  1.759e-13  1.000e-12  5.686e+02     7.3221     7.3170    -0.0051     5.8398     5.8357     37.652     38.480      0.241    1423.77    1423.77  0.000e+00
       3788     38.500     2.2652     2.2659     0.0007    0.73514    0.73461          1     8.7387     8.7559       9.86     0.0435  1.759e-13  1.000e-12  5.686e+02     7.3234     7.3176    -0.0058     5.8409     5.8362     38.147     38.987      0.254    1423.79    1423.78  0.000e+00
       3835     39.000     2.2650     2.2656     0.0006    0.73515    0.73464          1     8.7476     8.7506       9.38     0.0452  1.758e-13  1.000e-12  5.688e+02     7.3234     7.3178    -0.0056     5.8409     5.8364     38.643     39.493      0.257    1423.79    1423.79  0.000e+00
       3880     39.500     2.2632     2.2617    -0.0016    0.73528    0.73480          1     8.7494     8.7565       8.86     0.0424  1.753e-13  1.000e-12  5.705e+02     7.3252     7.3204    -0.0048     5.8423     5.8385     39.138     39.999      0.271    1423.79    1423.78  0.000e+00
       3927     40.000     2.2617     2.2611    -0.0006    0.73537    0.73482          1     8.7455     8.7542       8.34     0.0429  1.752e-13  1.000e-12  5.707e+02     7.3264     7.3208    -0.0056     5.8433     5.8387     39.633     40.506      0.247    1423.80    1423.79  0.000e+00
       3976     40.500     2.2610     2.2606    -0.0003    0.73540    0.73484          1     8.7479     8.7615       7.82     0.0429  1.750e-13  1.000e-12  5.713e+02     7.3269     7.3210    -0.0059     5.8437     5.8389     40.129     41.012      0.243    1423.80    1423.79  0.000e+00
       4024     41.000     2.2605     2.2597    -0.0008    0.73544    0.73486          1     8.7464     8.7610       7.30     0.0425  1.746e-13  1.000e-12  5.727e+02     7.3273     7.3214    -0.0060     5.8440     5.8392     40.624     41.518      0.259    1423.81    1423.80  0.000e+00
       4072     41.500     2.2597     2.2586    -0.0011    0.73547    0.73489          1     8.7495     8.7623       6.77     0.0431  1.746e-13  1.000e-12  5.727e+02     7.3278     7.3218    -0.0060     5.8444     5.8396     41.119     42.025      0.238    1423.81    1423.80  0.000e+00
       4121     42.000     2.2579     2.2568    -0.0010    0.73554    0.73498          1     8.7513     8.7559       6.25     0.0442  1.745e-13  1.000e-12  5.729e+02     7.3289     7.3231    -0.0058     5.8453     5.8406     41.615     42.531      0.276    1423.81    1423.80  0.000e+00
       4161     42.500     2.2584     2.2613     0.0028    0.73586    0.73561          1     8.7445     8.7527       5.71     0.0433  1.740e-13  1.000e-12  5.747e+02     7.3321     7.3288    -0.0033     5.8479     5.8452     42.110     43.037      0.281    1423.83    1423.84  0.000e+00
       4210     43.000     2.2703     2.2824     0.0121    0.73684    0.73686          1     8.7376     8.7626       5.18     0.0413  1.740e-13  1.000e-12  5.747e+02     7.3398     7.3371    -0.0027     5.8540     5.8519     42.605     43.544      0.235    1423.90    1423.95  0.000e+00
       4256     43.500     2.2847     2.2920     0.0074    0.73762    0.73737          1     8.7365     8.7530       4.67     0.0413  1.740e-13  1.000e-12  5.747e+02     7.3447     7.3403    -0.0045     5.8580     5.8544     43.101     44.050      0.285    1423.98    1424.01  0.000e+00
       4301     44.000     2.2915     2.2949     0.0034    0.73796    0.73747          1     8.7399     8.7480       4.14     0.0412  1.739e-13  1.000e-12  5.750e+02     7.3466     7.3406    -0.0060     5.8595     5.8547     43.596     44.556      0.240    1424.03    1424.03  0.000e+00
       4353     44.500     2.2986     2.3014     0.0028    0.73821    0.73767          1     8.7363     8.7335       3.62     0.0403  1.734e-13  1.000e-12  5.768e+02     7.3476     7.3412    -0.0064     5.8603     5.8552     44.092     45.062      0.238    1424.07    1424.07  0.000e+00
       4401     45.000     2.3041     2.3079     0.0038    0.73837    0.73783          1     8.7332     8.7427       3.12     0.0413  1.734e-13  1.000e-12  5.768e+02     7.3480     7.3413    -0.0067     5.8607     5.8553     44.587     45.569      0.260    1424.10    1424.11  0.000e+00
       4446     45.500     2.3069     2.3100     0.0031    0.73842    0.73789          1     8.7322     8.7297       2.59     0.0417  1.732e-13  1.000e-12  5.772e+02     7.3478     7.3414    -0.0064     5.8605     5.8554     45.082     46.075      0.270    1424.12    1424.13  0.000e+00
       4493     46.000     2.3092     2.3112     0.0020    0.73850    0.73793          1     8.7423     8.7388       2.06     0.0397  1.728e-13  1.000e-12  5.787e+02     7.3480     7.3415    -0.0065     5.8607     5.8555     45.578     46.581      0.240    1424.14    1424.14  0.000e+00
       4543     46.500     2.3127     2.3151     0.0024    0.73861    0.73805          1     8.7323     8.7376       1.55     0.0383  1.728e-13  1.000e-12  5.788e+02     7.3483     7.3417    -0.0066     5.8609     5.8557     46.073     47.088      0.260    1424.17    1424.17  0.000e+00
       4761     47.000     2.3165     2.3170     0.0004    0.73871    0.73812          1     8.7286     8.7337       0.97     0.0387  1.721e-13  1.000e-12  5.810e+02     7.3485     7.3420    -0.0064     5.8611     5.8559     46.568     47.594     -0.038    1424.19    1424.19  0.000e+00
