ctdpy/exports/archive_20191121_122431/received_data/SBE09_1044_20181110_0220_34_01_0124.cnv
* Sea-Bird SBE 9 Data File:
* FileName = C:\ctd\temp\ar18d124.hex
* Software Version Seasave V 7.26.7.107
* Temperature SN = 5351
* Conductivity SN = 3941
* Number of Bytes Per Scan = 41
* Number of Voltage Words = 4
* Number of Scans Averaged by the Deck Unit = 1
* NMEA Latitude = 56 38.03 N
* NMEA Longitude = 019 35.08 E
* NMEA UTC (Time) = Nov 10 2018  02:20:16
* NMEA baud rate = 4800
** Station:  BY10
** Operator:  JKro
** Ship: ARANDA
** Average sound velocity: 1448.29 m/s
** True-depth calculation Sat, 10 Nov 2018 03:29:54 +0000
** CTD Python Module SMHI /ver 3-12/ feb 2012 
** LIMS Job: 20183401-0124
** Cruise: SMHI-6-2018
** Latitude [GG MM.mm N]:
** Longitude [GG MM.mm E]
# nquan = 26
# nvalues = 275                         
# units = specified
# name 0 = scan: Scan Count
# name 1 = prDM: Pressure, Digiquartz [db]
# name 2 = t090C: Temperature [ITS-90, deg C]
# name 3 = t190C: Temperature, 2 [ITS-90, deg C]
# name 4 = T2-T190C: Temperature Difference, 2 - 1 [ITS-90, deg C]
# name 5 = c0S/m: Conductivity [S/m]
# name 6 = c1S/m: Conductivity, 2 [S/m]
# name 7 = pumps: Pump Status
# name 8 = sbeox0ML/L: Oxygen, SBE 43 [ml/l]
# name 9 = sbeox1ML/L: Oxygen, SBE 43, 2 [ml/l]
# name 10 = altM: Altimeter [m]
# name 11 = flECO-AFL: Chl-a Fluorescence, WET Labs ECO-AFL/FL [mg/m^3]
# name 12 = flECO-AFL1: Phycocyanin Fluorescence, WET Labs ECO-AFL/FL, 2 [mg/m^3]
# name 13 = par: PAR/Irradiance, Biospherical/Lico [µE/(cm^2*s)]
# name 14 = turbWETntu0: Turbidity, WET Labs ECO [NTU]
# name 15 = sal00: Salinity, Practical [PSU]
# name 16 = sal11: Salinity, Practical, 2 [PSU]
# name 17 = secS-priS: Salinity, Practical, Difference, 2 - 1 [PSU]
# name 18 = sigma-t00: Density [sigma-t, Kg/m^3 ]
# name 19 = sigma-t11: Density, 2 [sigma-t, Kg/m^3 ]
# name 20 = depSM: Depth [salt water, m], lat = 56.6338
# name 21 = depFM: Depth [true depth, m], lat = 56.6338
# name 22 = dz/dtM: Descent Rate [m/s], WS = 2
# name 23 = svCM: Sound Velocity [Chen-Millero, m/s]
# name 24 = svCM1: Sound Velocity, 2 [Chen-Millero, m/s]
# name 25 = flag: flag
# span 0 =      31715,      38767       
# span 1 =      1.000,    138.000       
# span 2 =     3.6630,     9.4046       
# span 3 =     3.6652,     9.4059       
# span 4 =    -0.0052,     0.0323       
# span 5 =   0.785277,   1.374281       
# span 6 =   0.785300,   1.374217       
# span 7 =          1,          1       
# span 8 =    0.02855,    7.39700       
# span 9 =    0.05869,    7.41867       
# span 10 =       3.31,      98.04      
# span 11 =     0.2188,     1.2487      
# span 12 =     0.1547,     0.4645      
# span 13 = -8.732e-05, 5.2316e-02      
# span 14 =     0.1188,     0.8663      
# span 15 =     7.2782,    12.5419      
# span 16 =     7.2778,    12.5409      
# span 17 =    -0.0048,     0.0015      
# span 18 =     5.4467,     9.8025      
# span 19 =     5.4463,     9.8016      
# span 20 =      0.991,    136.691      
# span 21 =      1.013,    139.556      
# span 22 =      0.185,      0.521      
# span 23 =    1430.86,    1454.42      
# span 24 =    1430.87,    1454.43      
# span 25 = 0.0000e+00, 0.0000e+00      
# interval = decibars: 0.5              
# start_time = Nov 10 2018 02:20:17 [NMEA time, first data scan]
# bad_flag = -9.990e-29
*END*
[from data line 56]
      33138     29.000     9.4016     9.4025     0.0009    0.88974    0.88972          1     7.3444     7.0128      83.06     1.0785     0.3801  1.000e-12  0.2492000     7.2782     7.2779    -0.0003     5.4468     5.4464     28.733     29.378      0.479    1454.36    1454.36  0.000e+00
      33163     29.500     9.4013     9.4029     0.0016    0.88974    0.88974          1     7.3478     7.0095      87.91     1.1005     0.3565  1.000e-12  0.2554000     7.2782     7.2779    -0.0004     5.4468     5.4464     29.228     29.884      0.471    1454.37    1454.37  0.000e+00
      33188     30.000     9.4011     9.4012     0.0001    0.88974    0.88970          1     7.3473     7.0057      61.63     1.0638     0.3471  1.000e-12  0.2534000     7.2782     7.2778    -0.0004     5.4469     5.4465     29.723     30.391      0.484    1454.37    1454.37  0.000e+00
      33213     30.500     9.4000     9.4003     0.0003    0.88972    0.88970          1     7.3526     7.0060      71.27     1.0584     0.3784  1.000e-12  0.2557000     7.2782     7.2779    -0.0003     5.4470     5.4467     30.219     30.897      0.493    1454.38    1454.38  0.000e+00
      33237     31.000     9.3994     9.4010     0.0016    0.88972    0.88972          1     7.3535     7.0073      97.59     1.0554     0.3808  1.000e-12  0.2477000     7.2782     7.2779    -0.0003     5.4470     5.4467     30.714     31.404      0.498    1454.38    1454.39  0.000e+00
      33261     31.500     9.4004     9.4013     0.0010    0.88975    0.88974          1     7.3605     7.0119      80.68     1.0710     0.3551  1.000e-12  0.2573000     7.2782     7.2779    -0.0003     5.4469     5.4466     31.209     31.910      0.492    1454.39    1454.40  0.000e+00
      33286     32.000     9.4001     9.4014     0.0013    0.88975    0.88974          1     7.3463     7.0086      86.64     1.1135     0.3381  1.000e-12  0.2754000     7.2782     7.2779    -0.0003     5.4470     5.4466     31.705     32.417      0.488    1454.40    1454.41  0.000e+00
      33310     32.500     9.4000     9.4012     0.0012    0.88975    0.88974          1     7.3349     7.0068      95.77     1.0958     0.3323  1.000e-12  0.2381000     7.2782     7.2779    -0.0003     5.4470     5.4466     32.200     32.923      0.487    1454.41    1454.41  0.000e+00
      33335     33.000     9.4000     9.4011     0.0012    0.88976    0.88975          1     7.3479     7.0109      70.09     1.1067     0.3325  1.000e-12  0.2481000     7.2782     7.2780    -0.0003     5.4470     5.4466     32.695     33.430      0.485    1454.42    1454.42  0.000e+00
      33360     33.500     9.3982     9.3997     0.0015    0.88973    0.88973          1     7.3544     7.0117      97.36     1.0941     0.3616  1.000e-12  0.2419000     7.2783     7.2780    -0.0003     5.4472     5.4468     33.191     33.936      0.488    1454.42    1454.42  0.000e+00
      33384     34.000     9.3970     9.3981     0.0011    0.88971    0.88970          1     7.3513     7.0081      65.48     1.0852     0.3442  1.000e-12  0.2467000     7.2783     7.2780    -0.0003     5.4473     5.4470     33.686     34.443      0.495    1454.42    1454.43  0.000e+00
      33408     34.500     9.3955     9.3965     0.0010    0.88968    0.88967          1     7.3496     7.0061      97.43     1.1369     0.3971  1.000e-12  0.2311000     7.2783     7.2780    -0.0003     5.4475     5.4472     34.181     34.949      0.493    1454.42    1454.43  0.000e+00
      33433     35.000     9.3847     9.3855     0.0009    0.88945    0.88943          1     7.3405     7.0072      79.23     1.1224     0.3965  1.000e-12  0.2488000     7.2784     7.2780    -0.0004     5.4487     5.4483     34.677     35.456      0.483    1454.39    1454.39  0.000e+00
      33458     35.500     9.3749     9.3765     0.0016    0.88925    0.88925          1     7.3358     7.0053      82.90     1.0488     0.3257  1.000e-12  0.2420000     7.2785     7.2782    -0.0003     5.4497     5.4493     35.172     35.962      0.484    1454.36    1454.36  0.000e+00
      33482     36.000     9.3740     9.3761     0.0021    0.88924    0.88925          1     7.3411     7.0036      96.56     1.0899     0.3632  1.000e-12  0.2360000     7.2786     7.2782    -0.0003     5.4498     5.4494     35.667     36.469      0.494    1454.36    1454.37  0.000e+00
      33507     36.500     9.3705     9.3714     0.0009    0.88917    0.88915          1     7.3398     7.0015      61.83     1.0039     0.3683  1.000e-12  0.2306000     7.2786     7.2783    -0.0003     5.4502     5.4499     36.163     36.975      0.494    1454.36    1454.36  0.000e+00
      33531     37.000     9.3642     9.3673     0.0030    0.88903    0.88907          1     7.3416     6.9989      97.78     1.0276     0.3430  1.000e-12  0.2349000     7.2786     7.2784    -0.0003     5.4508     5.4503     36.658     37.482      0.484    1454.34    1454.35  0.000e+00
      33556     37.500     9.3626     9.3640     0.0014    0.88901    0.88901          1     7.3455     7.0011      60.17     1.0422     0.3372  1.000e-12  0.2350000     7.2788     7.2785    -0.0003     5.4511     5.4507     37.153     37.988      0.479    1454.34    1454.35  0.000e+00
      33581     38.000     9.3617     9.3633     0.0015    0.88902    0.88902          1     7.3427     6.9979      97.80     1.0261     0.3367  1.000e-12  0.2360000     7.2789     7.2786    -0.0003     5.4513     5.4509     37.649     38.495      0.486    1454.35    1454.35  0.000e+00
      33605     38.500     9.3607     9.3615     0.0008    0.88902    0.88900          1     7.3424     7.0007      76.62     0.9697     0.3272  1.000e-12  0.2402000     7.2791     7.2788    -0.0003     5.4515     5.4512     38.144     39.001      0.494    1454.35    1454.36  0.000e+00
      33630     39.000     9.3494     9.3516     0.0022    0.88877    0.88879          1     7.3343     6.9938      78.49     0.9666     0.3065  1.000e-12  0.2494000     7.2791     7.2788    -0.0003     5.4527     5.4522     38.639     39.508      0.487    1454.31    1454.32  0.000e+00
      33655     39.500     9.3341     9.3380     0.0039    0.88843    0.88848          1     7.3325     6.9897      95.45     0.9227     0.3061  1.000e-12  0.2368000     7.2791     7.2788    -0.0003     5.4542     5.4535     39.135     40.014      0.483    1454.26    1454.28  0.000e+00
      33679     40.000     9.3001     9.3030     0.0029    0.88762    0.88765          1     7.3370     6.9912      56.90     0.9591     0.3279  1.000e-12  0.2283000     7.2789     7.2786    -0.0003     5.4574     5.4568     39.630     40.521      0.491    1454.13    1454.15  0.000e+00
      33704     40.500     9.2883     9.2919     0.0035    0.88737    0.88742          1     7.3309     6.9949      97.74     0.9812     0.3555  1.000e-12  0.2401000     7.2790     7.2787    -0.0003     5.4586     5.4580     40.125     41.027      0.496    1454.10    1454.11  0.000e+00
      33728     41.000     9.2787     9.2808     0.0021    0.88717    0.88718          1     7.3225     7.0009      55.06     0.9555     0.3773  1.000e-12  0.2274000     7.2791     7.2788    -0.0003     5.4596     5.4592     40.621     41.534      0.491    1454.06    1454.07  0.000e+00
      33752     41.500     9.2756     9.2772     0.0016    0.88712    0.88712          1     7.3375     7.0050      96.15     0.9466     0.3290  1.000e-12  0.2306000     7.2793     7.2789    -0.0004     5.4601     5.4596     41.116     42.040      0.482    1454.06    1454.07  0.000e+00
      33778     42.000     9.2749     9.2763     0.0014    0.88713    0.88713          1     7.3484     7.0061      73.82     0.9503     0.3434  1.000e-12  0.2447000     7.2794     7.2791    -0.0003     5.4602     5.4599     41.611     42.547      0.479    1454.07    1454.07  0.000e+00
      33803     42.500     9.2582     9.2592     0.0010    0.88675    0.88674          1     7.3358     7.0132      75.40     0.9802     0.3116  1.000e-12  0.2360000     7.2794     7.2791    -0.0004     5.4619     5.4615     42.107     43.053      0.487    1454.01    1454.01  0.000e+00
      33827     43.000     9.2038     9.2079     0.0042    0.88552    0.88556          1     7.3404     7.0086      98.04     0.9952     0.3520  1.000e-12  0.2341000     7.2795     7.2790    -0.0005     5.4672     5.4664     42.602     43.560      0.496    1453.80    1453.82  0.000e+00
      33851     43.500     9.1584     9.1614     0.0030    0.88451    0.88453          1     7.3438     7.0063      49.77     0.9924     0.3655  1.000e-12  0.2357000     7.2797     7.2793    -0.0004     5.4718     5.4712     43.097     44.066      0.493    1453.63    1453.64  0.000e+00
      33876     44.000     9.1246     9.1273     0.0028    0.88377    0.88378          1     7.3531     7.0215      97.01     0.9866     0.3234  1.000e-12  0.2243000     7.2800     7.2796    -0.0004     5.4752     5.4747     43.593     44.573      0.483    1453.50    1453.51  0.000e+00
      33901     44.500     9.0838     9.0868     0.0030    0.88291    0.88293          1     7.3689     7.0354      97.68     0.8952     0.3607  1.000e-12  0.2212000     7.2806     7.2802    -0.0005     5.4797     5.4790     44.088     45.079      0.482    1453.35    1453.36  0.000e+00
      33925     45.000     9.0425     9.0473     0.0048    0.88206    0.88210          1     7.3674     7.0378      97.70     0.8400     0.2632  1.000e-12  0.2255000     7.2814     7.2809    -0.0006     5.4842     5.4833     44.583     45.586      0.490    1453.19    1453.21  0.000e+00
      33950     45.500     8.9397     8.9490     0.0093    0.87999    0.88010          1     7.3470     7.0381      97.70     0.8290     0.3047  1.000e-12  0.2446000     7.2840     7.2830    -0.0010     5.4959     5.4943     45.079     46.092      0.501    1452.79    1452.83  0.000e+00
      33973     46.000     8.8131     8.8215     0.0082    0.87757    0.87765          1     7.3283     7.0388      97.70     0.8503     0.3000  1.000e-12  0.2407000     7.2882     7.2872    -0.0010     5.5109     5.5093     45.574     46.599      0.506    1452.30    1452.33  0.000e+00
      33997     46.500     8.6621     8.6714     0.0095    0.87438    0.87449          1     7.3330     7.0452      97.64     0.7934     0.3003  1.000e-12  0.2925000     7.2906     7.2896    -0.0009     5.5264     5.5248     46.069     47.105      0.503    1451.71    1451.74  0.000e+00
      34021     47.000     8.5632     8.5668     0.0036    0.87219    0.87220          1     7.3518     7.0469      97.48     0.6740     0.3080  1.000e-12  0.1919000     7.2912     7.2905    -0.0007     5.5357     5.5349     46.564     47.612      0.486    1451.32    1451.33  0.000e+00
      34046     47.500     8.4958     8.4919    -0.0039    0.87053    0.87037          1     7.3637     7.0486      97.73     0.6301     0.2882  1.000e-12  0.1910000     7.2900     7.2894    -0.0006     5.5407     5.5406     47.060     48.118      0.472    1451.05    1451.03  0.000e+00
      34072     48.000     8.4391     8.4372    -0.0019    0.86934    0.86922          1     7.3775     7.0525      97.73     0.6174     0.2833  1.000e-12  0.1744000     7.2909     7.2902    -0.0006     5.5464     5.5460     47.555     48.625      0.477    1450.83    1450.82  0.000e+00
      34097     48.500     8.4185     8.4199     0.0014    0.86894    0.86892          1     7.3856     7.0488      97.73     0.6144     0.3033  1.000e-12  0.1919000     7.2915     7.2911    -0.0004     5.5486     5.5482     48.050     49.131      0.490    1450.75    1450.76  0.000e+00
      34121     49.000     8.3988     8.4011     0.0024    0.86850    0.86851          1     7.3905     7.0575      97.74     0.5993     0.2797  1.000e-12  0.1870000     7.2916     7.2911    -0.0004     5.5504     5.5499     48.546     49.638      0.494    1450.68    1450.69  0.000e+00
      34145     49.500     8.3790     8.3814     0.0024    0.86807    0.86808          1     7.3926     7.0607      97.73     0.5976     0.2573  1.000e-12  0.1735000     7.2917     7.2913    -0.0004     5.5522     5.5517     49.041     50.144      0.485    1450.61    1450.62  0.000e+00
      34170     50.000     8.3505     8.3541     0.0036    0.86740    0.86744          1     7.3911     7.0584      97.75     0.5704     0.2843  1.000e-12  0.1854000     7.2915     7.2911    -0.0004     5.5545     5.5539     49.536     50.650      0.483    1450.51    1450.52  0.000e+00
      34195     50.500     8.2992     8.3032     0.0041    0.86619    0.86623          1     7.3955     7.0593      84.34     0.5597     0.2307  1.000e-12  0.1871000     7.2911     7.2905    -0.0005     5.5586     5.5578     50.032     51.157      0.499    1450.30    1450.32  0.000e+00
      34219     51.000     8.2734     8.2756     0.0022    0.86586    0.86586          1     7.3970     7.0671      92.00     0.5655     0.2329  1.000e-12  0.1869000     7.2933     7.2929    -0.0004     5.5625     5.5620     50.527     51.663      0.505    1450.21    1450.22  0.000e+00
      34243     51.500     8.2571     8.2599     0.0027    0.86586    0.86586          1     7.3839     7.0694      49.38     0.5528     0.3034  1.000e-12  0.1956000     7.2966     7.2961    -0.0006     5.5665     5.5658     51.022     52.170      0.489    1450.16    1450.17  0.000e+00
      34268     52.000     8.1873     8.1959     0.0086    0.86478    0.86487          1     7.3545     7.0684      81.67     0.6458     0.2684  1.000e-12  0.2075000     7.3013     7.3003    -0.0009     5.5760     5.5745     51.518     52.676      0.476    1449.89    1449.92  0.000e+00
      34293     52.500     8.0352     8.0456     0.0105    0.86145    0.86157          1     7.3241     7.0669      77.21     0.6469     0.2915  1.000e-12  0.1973000     7.3024     7.3014    -0.0011     5.5894     5.5878     52.013     53.183      0.492    1449.27    1449.32  0.000e+00
      34317     53.000     7.8350     7.8464     0.0114    0.85759    0.85769          1     7.3292     7.1004      49.51     0.5895     0.2225  1.000e-12  0.1842000     7.3088     7.3074    -0.0014     5.6105     5.6085     52.508     53.689      0.500    1448.47    1448.52  0.000e+00
      34341     53.500     7.6303     7.6396     0.0092    0.85406    0.85415          1     7.2644     7.0910      90.81     0.5413     0.2492  1.000e-12  0.1803000     7.3192     7.3181    -0.0011     5.6345     5.6329     53.003     54.196      0.489    1447.65    1447.68  0.000e+00
      34366     54.000     7.3740     7.3934     0.0194    0.84926    0.84955          1     7.1547     7.0380      90.02     0.4949     0.2643  1.000e-12  0.1743000     7.3287     7.3273    -0.0014     5.6609     5.6584     53.499     54.702      0.484    1446.61    1446.69  0.000e+00
      34390     54.500     6.8637     6.8962     0.0323    0.83894    0.83927          1     7.1812     7.0684      89.45     0.4457     0.2390  1.000e-12  0.1714000     7.3404     7.3367    -0.0038     5.7054     5.7003     53.994     55.208      0.486    1444.50    1444.63  0.000e+00
      34415     55.000     6.4479     6.4656     0.0178    0.83062    0.83075          1     7.2694     7.1273      97.59     0.4078     0.2282  1.000e-12  0.1656000     7.3507     7.3482    -0.0025     5.7398     5.7367     54.489     55.715      0.486    1442.76    1442.83  0.000e+00
      34440     55.500     6.2301     6.2511     0.0210    0.82654    0.82688          1     7.2491     7.1433      97.84     0.3995     0.2288  1.000e-12  0.1551000     7.3588     7.3575    -0.0013     5.7588     5.7566     54.985     56.221      0.481    1441.85    1441.94  0.000e+00
      34465     56.000     5.8911     5.9082     0.0172    0.81994    0.82018          1     7.1383     7.1156      90.92     0.3868     0.2402  1.000e-12  0.1553000     7.3688     7.3674    -0.0014     5.7852     5.7832     55.480     56.727      0.488    1440.42    1440.49  0.000e+00
