ctdpy/exports/archive_20191121_122431/received_data/SBE09_0827_20180303_0738_26_01_0351.cnv
* Sea-Bird SBE 9 Data File:
* FileName = D:\CTD_SBE911\DAT\26DA.2018.3.51.hex
* Software Version Seasave V 7.21d
* Temperature SN = 034757
* Conductivity SN = 041844
* Number of Bytes Per Scan = 48
* Number of Voltage Words = 5
* Number of Scans Averaged by the Deck Unit = 1
* NMEA Latitude = 56 38.69 N
* NMEA Longitude = 017 00.72 E
* NMEA UTC (Time) = Mar 03 2018  07:38:43
* NMEA baud rate = 4800
** Ship: DANA
** Average sound velocity: 1426.13 m/s
** True-depth calculation Tue, 02 Apr 2019 12:09:52 +0000
** CTD Python Module SMHI /ver 3-12/ feb 2012 
** LIMS Job: 20182601-0351
** Operator:
** Cruise: 02/2018
# nquan = 26
# nvalues = 126                         
# units = specified
# name 0 = scan: Scan Count
# name 1 = prDM: Pressure, Digiquartz [db]
# name 2 = t090C: Temperature [ITS-90, deg C]
# name 3 = t190C: Temperature, 2 [ITS-90, deg C]
# name 4 = T2-T190C: Temperature Difference, 2 - 1 [ITS-90, deg C]
# name 5 = c0S/m: Conductivity [S/m]
# name 6 = c1S/m: Conductivity, 2 [S/m]
# name 7 = pumps: Pump Status
# name 8 = sbeox1ML/L: Oxygen, SBE 43, 2 [ml/l]
# name 9 = sbeox0ML/L: Oxygen, SBE 43 [ml/l]
# name 10 = altM: Altimeter [m]
# name 11 = chloroflTC0: Chlorophyll, Turner Cyclops [ug/l]
# name 12 = cpar: CPAR/Corrected Irradiance [%]
# name 13 = par: PAR/Irradiance, Biospherical/Lico [µE/(cm^2*s)]
# name 14 = spar: SPAR, Biospherical/Licor
# name 15 = sal00: Salinity, Practical [PSU]
# name 16 = sal11: Salinity, Practical, 2 [PSU]
# name 17 = secS-priS: Salinity, Practical, Difference, 2 - 1 [PSU]
# name 18 = sigma-t00: Density [sigma-t, kg/m^3 ]
# name 19 = sigma-t11: Density, 2 [sigma-t, kg/m^3 ]
# name 20 = depSM: Depth [salt water, m], lat = 56.6448
# name 21 = depFM: Depth [true depth, m], lat = 56.6448
# name 22 = dz/dtM: Descent Rate [m/s], WS = 2
# name 23 = svCM: Sound Velocity [Chen-Millero, m/s]
# name 24 = svCM1: Sound Velocity, 2 [Chen-Millero, m/s]
# name 25 = flag: flag
# span 0 =         59,       6244       
# span 1 =      1.000,     63.500       
# span 2 =     2.7933,     2.8180       
# span 3 =     2.7915,     2.8171       
# span 4 =    -0.0100,     0.0040       
# span 5 =   0.742377,   0.743515       
# span 6 =   0.741666,   0.742838       
# span 7 =          1,          1       
# span 8 =     8.5781,     8.6252       
# span 9 =     8.5023,     8.5423       
# span 10 =       1.32,       9.99      
# span 11 =     0.0115,     0.0183      
# span 12 = 5.1832e-13, 9.4392e+00      
# span 13 = 1.0000e-12, 1.9169e+01      
# span 14 = 1.8276e+02, 2.0308e+02      
# span 15 =     7.2829,     7.2842      
# span 16 =     7.2756,     7.2771      
# span 17 =    -0.0075,    -0.0062      
# span 18 =     5.8076,     5.8087      
# span 19 =     5.8017,     5.8031      
# span 20 =      0.991,     62.909      
# span 21 =      1.013,     64.304      
# span 22 =     -0.126,      0.571      
# span 23 =    1425.68,    1426.67      
# span 24 =    1425.65,    1426.65      
# span 25 = 0.0000e+00, 0.0000e+00      
# interval = decibars: 0.5              
# start_time = Mar 03 2018 07:38:44 [NMEA time, first data scan]
# bad_flag = -9.990e-29
*END*
[from data line 112]
       5563     57.000     2.7964     2.7971     0.0006    0.74312    0.74247          1     8.6055     8.5212       8.34     0.0129  5.411e-13  1.000e-12  1.848e+02     7.2836     7.2766    -0.0070     5.8082     5.8026     56.470     57.721      0.385    1426.50    1426.49  0.000e+00
       5622     57.500     2.7976     2.7971    -0.0005    0.74316    0.74249          1     8.6047     8.5216       7.80     0.0132  5.411e-13  1.000e-12  1.848e+02     7.2836     7.2767    -0.0069     5.8082     5.8027     56.966     58.228      0.275    1426.51    1426.50  0.000e+00
       5690     58.000     2.7980     2.7975    -0.0005    0.74317    0.74249          1     8.5945     8.5073       7.29     0.0129  5.411e-13  1.000e-12  1.848e+02     7.2836     7.2766    -0.0070     5.8083     5.8027     57.461     58.734      0.456    1426.52    1426.51  0.000e+00
       5713     58.500     2.7979     2.7966    -0.0013    0.74318    0.74250          1     8.6018     8.5157       6.74     0.0133  5.411e-13  1.000e-12  1.848e+02     7.2836     7.2768    -0.0068     5.8083     5.8028     57.956     59.240      0.430    1426.53    1426.52  0.000e+00
       5771     59.000     2.7976     2.7967    -0.0010    0.74318    0.74250          1     8.5994     8.5262       6.20     0.0139  5.409e-13  1.000e-12  1.849e+02     7.2837     7.2767    -0.0070     5.8083     5.8028     58.452     59.747      0.247    1426.54    1426.52  0.000e+00
       5822     59.500     2.7970     2.7956    -0.0014    0.74318    0.74249          1     8.5883     8.5188       5.69     0.0137  5.411e-13  1.000e-12  1.848e+02     7.2837     7.2768    -0.0069     5.8083     5.8028     58.947     60.253      0.332    1426.54    1426.53  0.000e+00
       5862     60.000     2.7964     2.7960    -0.0005    0.74317    0.74250          1     8.5992     8.5144       5.17     0.0138  5.391e-13  1.000e-12  1.855e+02     7.2837     7.2768    -0.0070     5.8083     5.8028     59.442     60.759      0.269    1426.55    1426.54  0.000e+00
       5906     60.500     2.7972     2.8011     0.0040    0.74319    0.74260          1     8.6011     8.5221       4.65     0.0142  5.365e-13  1.000e-12  1.864e+02     7.2837     7.2766    -0.0072     5.8083     5.8026     59.937     61.266      0.275    1426.56    1426.57  0.000e+00
       5969     61.000     2.8024     2.8050     0.0027    0.74332    0.74271          1     8.5985     8.5109       4.10     0.0145  5.361e-13  1.000e-12  1.866e+02     7.2838     7.2768    -0.0070     5.8084     5.8028     60.433     61.772      0.199    1426.59    1426.59  0.000e+00
       6027     61.500     2.8056     2.8056    -0.0000    0.74340    0.74273          1     8.6075     8.5188       3.57     0.0132  5.366e-13  1.000e-12  1.864e+02     7.2838     7.2768    -0.0070     5.8084     5.8027     60.928     62.278      0.305    1426.61    1426.60  0.000e+00
       6062     62.000     2.8065     2.8067     0.0002    0.74343    0.74276          1     8.5975     8.5156       3.03     0.0135  5.354e-13  1.000e-12  1.868e+02     7.2838     7.2768    -0.0070     5.8084     5.8027     61.423     62.785      0.323    1426.63    1426.62  0.000e+00
       6108     62.500     2.8065     2.8048    -0.0016    0.74343    0.74273          1     8.5950     8.5023       2.43     0.0136  5.352e-13  1.000e-12  1.868e+02     7.2838     7.2768    -0.0070     5.8083     5.8027     61.918     63.291      0.204    1426.63    1426.62  0.000e+00
       6169     63.000     2.8054     2.8082     0.0028    0.74341    0.74279          1     8.5894     8.5249       1.90     0.0127  5.352e-13  1.000e-12  1.868e+02     7.2838     7.2766    -0.0071     5.8083     5.8026     62.414     63.797      0.263    1426.64    1426.64  0.000e+00
       6244     63.500     2.8103     2.8095    -0.0008    0.74352    0.74284          1     8.5928     8.5033       1.32     0.0141  5.352e-13  1.000e-12  1.868e+02     7.2837     7.2767    -0.0069     5.8082     5.8027     62.909     64.304     -0.126    1426.67    1426.65  0.000e+00
