ctdpy/exports/archive_20191121_122431/received_data/SBE09_1044_20180922_1429_34_01_0039.cnv
* Sea-Bird SBE 9 Data File:
* FileName = C:\ctd\temp\2018\AR18D039.hex
* Software Version Seasave V 7.26.6.26
* Temperature SN = 5351
* Conductivity SN = 3941
* Number of Bytes Per Scan = 41
* Number of Voltage Words = 4
* Number of Scans Averaged by the Deck Unit = 1
* NMEA Latitude = 55 37.04 N
* NMEA Longitude = 014 52.07 E
* NMEA UTC (Time) = Sep 22 2018  14:29:12
* NMEA baud rate = 4800
** Station:  Hanöbukten
** Operator:  Obac
** Ship: ARANDA
** Average sound velocity: 1463.77 m/s
** True-depth calculation Sat, 22 Sep 2018 15:18:08 +0000
** CTD Python Module SMHI /ver 3-12/ feb 2012 
** LIMS Job: 20183401-0039
** Cruise: SMHI-02-2018
** Latitude [GG MM.mm N] :
** Longitude [GG MM.mm E]:
# nquan = 26
# nvalues = 144                         
# units = specified
# name 0 = scan: Scan Count
# name 1 = prDM: Pressure, Digiquartz [db]
# name 2 = t090C: Temperature [ITS-90, deg C]
# name 3 = t190C: Temperature, 2 [ITS-90, deg C]
# name 4 = T2-T190C: Temperature Difference, 2 - 1 [ITS-90, deg C]
# name 5 = c0S/m: Conductivity [S/m]
# name 6 = c1S/m: Conductivity, 2 [S/m]
# name 7 = pumps: Pump Status
# name 8 = sbeox0ML/L: Oxygen, SBE 43 [ml/l]
# name 9 = sbeox1ML/L: Oxygen, SBE 43, 2 [ml/l]
# name 10 = altM: Altimeter [m]
# name 11 = flECO-AFL: Chl-a Fluorescence, WET Labs ECO-AFL/FL [mg/m^3]
# name 12 = flECO-AFL1: Phycocyanin Fluorescence, WET Labs ECO-AFL/FL, 2 [mg/m^3]
# name 13 = par: PAR/Irradiance, Biospherical/Lico [µE/(cm^2*s)]
# name 14 = turbWETntu0: Turbidity, WET Labs ECO [NTU]
# name 15 = sal00: Salinity, Practical [PSU]
# name 16 = sal11: Salinity, Practical, 2 [PSU]
# name 17 = secS-priS: Salinity, Practical, Difference, 2 - 1 [PSU]
# name 18 = sigma-t00: Density [sigma-t, Kg/m^3 ]
# name 19 = sigma-t11: Density, 2 [sigma-t, Kg/m^3 ]
# name 20 = depSM: Depth [salt water, m], lat = 55.6173
# name 21 = depFM: Depth [true depth, m], lat = 55.6173
# name 22 = dz/dtM: Descent Rate [m/s], WS = 2
# name 23 = svCM: Sound Velocity [Chen-Millero, m/s]
# name 24 = svCM1: Sound Velocity, 2 [Chen-Millero, m/s]
# name 25 = flag: flag
# span 0 =      26928,      30492       
# span 1 =      1.500,     73.000       
# span 2 =     6.2428,    16.8935       
# span 3 =     6.2523,    16.8961       
# span 4 =    -0.0713,     0.1533       
# span 5 =   0.917139,   1.785607       
# span 6 =   0.917214,   1.785586       
# span 7 =          1,          1       
# span 8 =    0.06113,    6.50050       
# span 9 =    2.09702,    4.61414       
# span 10 =       0.56,     100.34      
# span 11 =     0.2236,     2.2027      
# span 12 =     0.1369,     0.5869      
# span 13 = 9.8436e-13, 5.5548e+02      
# span 14 =     0.1374,     1.4413      
# span 15 =     7.6981,    16.2082      
# span 16 =     7.6980,    16.2079      
# span 17 =    -0.0732,     0.1420      
# span 18 =     4.6844,    12.6319      
# span 19 =     4.6837,    12.6315      
# span 20 =      1.486,     72.325      
# span 21 =      1.521,     73.776      
# span 22 =     -0.392,      1.466      
# span 23 =    1443.75,    1481.50      
# span 24 =    1443.78,    1481.50      
# span 25 = 0.0000e+00, 0.0000e+00      
# interval = decibars: 0.5              
# start_time = Sep 22 2018 14:29:12 [NMEA time, first data scan]
# bad_flag = -9.990e-29
*END*
[from data line 112]
      29772     57.500     9.6749     9.6819     0.0072    1.73214    1.73239          1     0.5506     3.2001      19.37     0.2725     0.2304  1.000e-12  0.2670000    14.8411    14.8406    -0.0005    11.3016    11.3003     56.971     58.178      0.699    1465.09    1465.12  0.000e+00
      29788     58.000     9.2481     9.2621     0.0140    1.72836    1.72883          1     0.3860     3.2079      18.97     0.2725     0.2074  1.000e-12  0.2913000    14.9824    14.9810    -0.0014    11.4619    11.4592     57.466     58.682      0.759    1463.62    1463.68  0.000e+00
      29803     58.500     8.7070     8.7122     0.0051    1.70614    1.70632          1     0.2602     3.1913      18.44     0.2732     0.2080  1.000e-12  0.3392000    14.9987    14.9983    -0.0005    11.5363    11.5354     57.961     59.185      0.688    1461.54    1461.56  0.000e+00
      29824     59.000     8.5774     8.5806     0.0032    1.70589    1.70597          1     0.1714     3.1587      17.92     0.2991     0.2183  1.000e-12  0.4402000    15.0511    15.0506    -0.0006    11.5915    11.5907     58.457     59.689      0.497    1461.10    1461.11  0.000e+00
      29854     59.500     8.3825     8.3762    -0.0063    1.70214    1.70194          1     0.1301     3.1100      17.29     0.3032     0.2232  1.000e-12  0.5346000    15.0980    15.0988     0.0008    11.6490    11.6503     58.952     60.192      0.389    1460.40    1460.37  0.000e+00
      29883     60.000     8.1872     8.1938     0.0066    1.70744    1.70741          1     0.1041     3.0720      16.79     0.3125     0.2000  1.000e-12  0.6810000    15.2331    15.2299    -0.0032    11.7752    11.7719     59.447     60.695      0.467    1459.80    1459.82  0.000e+00
      29907     60.500     8.0922     8.0968     0.0046    1.70961    1.70964          1     0.0978     3.0383      16.39     0.2923     0.2400  1.000e-12  0.8687000    15.2953    15.2936    -0.0017    11.8336    11.8318     59.943     61.199      0.561    1459.50    1459.52  0.000e+00
      29926     61.000     8.0094     8.0116     0.0023    1.71073    1.71076          1     0.1037     3.0059      15.94     0.3027     0.2921  1.000e-12  0.9103000    15.3422    15.3415    -0.0006    11.8787    11.8780     60.438     61.702      0.700    1459.24    1459.25  0.000e+00
      29942     61.500     7.8984     7.9005     0.0021    1.71101    1.71108          1     0.1116     2.9716      15.50     0.3092     0.2237  1.000e-12  0.9667000    15.3935    15.3932    -0.0003    11.9301    11.9297     60.933     62.205      0.837    1458.86    1458.87  0.000e+00
      29955     62.000     7.7807     7.7836     0.0029    1.71051    1.71055          1     0.1152     2.9257      15.08     0.3383     0.2240  1.000e-12  1.4413000    15.4403    15.4394    -0.0009    11.9785    11.9776     61.429     62.709      0.936    1458.46    1458.47  0.000e+00
      29967     62.500     7.6943     7.6957     0.0014    1.71023    1.71026          1     0.1148     2.8895      14.65     0.3376     0.2111  1.000e-12  1.4237000    15.4756    15.4753    -0.0003    12.0147    12.0144     61.924     63.212      0.960    1458.16    1458.17  0.000e+00
      29979     63.000     7.6136     7.6156     0.0021    1.71067    1.71074          1     0.1090     2.8623      14.14     0.3391     0.2124  1.000e-12  1.1578000    15.5157    15.5155    -0.0002    12.0540    12.0537     62.419     63.715      0.860    1457.89    1457.90  0.000e+00
      30002     63.500     7.5695     7.5636    -0.0048    1.71162    1.71161          1     0.1226     2.8228      13.50     0.3491     0.2447  1.000e-12  0.9941000    15.5448    15.5472     0.0024    12.0810    12.0835     62.915     64.218      0.532    1457.76    1457.74  0.000e+00
      30090     64.000     8.0185     7.9490    -0.0713    1.71385    1.71368          1     0.2479     2.7039      12.79     0.3547     0.2053  1.000e-12  0.8148000    15.3681    15.3968     0.0287    11.8980    11.9276     63.410     64.722      0.884    1459.35    1459.11  0.000e+00
      30098     64.500     7.5753     7.6847     0.1104    1.71495    1.71457          1     0.1837     2.6820      12.53     0.3484     0.2099  1.000e-12  0.8137000    15.5749    15.5225    -0.0525    12.1040    12.0522     63.905     65.225      1.207    1457.84    1458.21  0.000e+00
      30107     65.000     7.3346     7.3422     0.0085    1.71735    1.71751          1     0.1492     2.6647      12.20     0.3425     0.2089  1.000e-12  0.7954000    15.7064    15.7046    -0.0018    12.2303    12.2282     64.401     65.728      1.391    1457.03    1457.06  0.000e+00
      30115     65.500     7.3299     7.3324     0.0025    1.72022    1.72031          1     0.1189     2.6535      11.86     0.3396     0.2171  1.000e-12  0.7957000    15.7371    15.7369    -0.0002    12.2547    12.2543     64.896     66.231      1.466    1457.06    1457.07  0.000e+00
      30122     66.000     7.3182     7.3207     0.0025    1.72165    1.72174          1     0.1005     2.6412      11.42     0.3411     0.2493  1.000e-12  0.7759000    15.7565    15.7563    -0.0002    12.2710    12.2706     65.391     66.734      1.443    1457.05    1457.05  0.000e+00
      30130     66.500     7.3095     7.3118     0.0023    1.72369    1.72374          1     0.0857     2.6278      10.91     0.3861     0.2498  1.000e-12  0.5569000    15.7807    15.7801    -0.0006    12.2908    12.2901     65.886     67.237      1.316    1457.05    1457.05  0.000e+00
      30140     67.000     7.3347     7.3367     0.0020    1.72785    1.72785          1     0.0766     2.6096      10.38     0.3894     0.2463  1.000e-12  0.5472000    15.8105    15.8096    -0.0008    12.3118    12.3109     66.382     67.740      1.021    1457.20    1457.20  0.000e+00
      30183     67.500     7.4087     7.4089    -0.0011    1.72735    1.72718          1     0.0953     2.5326       9.48     0.3766     0.2453  1.000e-12  0.5562000    15.7719    15.7701    -0.0017    12.2744    12.2731     66.877     68.243      0.648    1457.46    1457.45  0.000e+00
      30252     68.000     7.5109     7.5136     0.0032    1.72385    1.72337          1     0.1216     2.4191       8.92     0.3524     0.2769  1.000e-12  0.6144000    15.6907    15.6847    -0.0060    12.2010    12.1961     67.372     68.746      1.133    1457.78    1457.78  0.000e+00
      30259     68.500     7.4148     7.4442     0.0282    1.73165    1.72715          1     0.1073     2.4089       8.60     0.3870     0.2805  1.000e-12  0.5634000    15.8116    15.7535    -0.0581    12.3049    12.2566     67.868     69.250      1.284    1457.55    1457.59  0.000e+00
      30268     69.000     7.3832     7.3907     0.0089    1.74701    1.74597          1     0.0934     2.3976       8.24     0.3839     0.2804  1.000e-12  0.5638000    15.9785    15.9646    -0.0138    12.4387    12.4271     68.363     69.753      1.327    1457.63    1457.65  0.000e+00
      30276     69.500     7.4025     7.4042     0.0016    1.75344    1.75352          1     0.0835     2.3885       7.77     0.3837     0.2787  1.000e-12  0.5685000    16.0334    16.0334     0.0000    12.4799    12.4798     68.858     70.256      1.269    1457.79    1457.79  0.000e+00
      30286     70.000     7.3286     7.3286     0.0000    1.75804    1.75828          1     0.0733     2.3772       7.24     0.3824     0.2804  1.000e-12  0.5863000    16.1134    16.1157     0.0023    12.5496    12.5515     69.354     70.759      1.096    1457.59    1457.60  0.000e+00
      30299     70.500     7.2631     7.2637     0.0006    1.76252    1.76262          1     0.0669     2.3587       6.56     0.3986     0.2804  1.000e-12  0.5729000    16.1885    16.1891     0.0007    12.6147    12.6152     69.849     71.262      0.768    1457.43    1457.43  0.000e+00
      30362     71.000     7.2937     7.2969     0.0037    1.75823    1.75789          1     0.0706     2.2692       5.67     0.4187     0.2565  1.000e-12  0.5021000    16.1312    16.1264    -0.0049    12.5670    12.5628     70.344     71.764      0.464    1457.49    1457.50  0.000e+00
      30413     71.500     7.2497     7.2652     0.0150    1.76326    1.76146          1     0.0699     2.1995       5.25     0.4134     0.2363  1.000e-12  0.4702000    16.2018    16.1766    -0.0252    12.6264    12.6052     70.839     72.267      0.821    1457.41    1457.44  0.000e+00
      30426     72.000     7.2450     7.2472     0.0022    1.76365    1.76369          1     0.0653     2.1819       4.84     0.4134     0.2329  1.000e-12  0.4680000    16.2078    16.2071    -0.0007    12.6316    12.6308     71.335     72.770      0.863    1457.40    1457.41  0.000e+00
      30440     72.500     7.2448     7.2465     0.0017    1.76369    1.76374          1     0.0630     2.1647       4.35     0.4428     0.2097  1.000e-12  0.4587000    16.2082    16.2079    -0.0003    12.6319    12.6315     71.830     73.273      0.636    1457.41    1457.42  0.000e+00
      30492     73.000     7.2699     7.2577    -0.0119    1.76242    1.76363          1     0.0611     2.0970       3.17     0.4426     0.3015  1.000e-12  0.4280000    16.1837    16.2014     0.0178    12.6103    12.6254     72.325     73.776     -0.392    1457.49    1457.46  0.000e+00
