ctdpy/exports/archive_20191121_122431/received_data/SBE09_1044_20180528_2041_34_07_0040.cnv
* Sea-Bird SBE 9 Data File:
* FileName = C:\ctd\temp\2018\AU18D040.hex
* Software Version Seasave V 7.26.6.26
* Temperature SN = 5351
* Conductivity SN = 3941
* Number of Bytes Per Scan = 41
* Number of Voltage Words = 4
* Number of Scans Averaged by the Deck Unit = 1
* NMEA Latitude = 55 22.99 N
* NMEA Longitude = 015 20.05 E
* NMEA UTC (Time) = May 28 2018  20:41:39
* NMEA baud rate = 4800
** Station:  BY4
** Operator:  JKro
** Ship: AURA
** Average sound velocity: 1443.49 m/s
** True-depth calculation Mon, 28 May 2018 21:35:14 +0000
** CTD Python Module SMHI /ver 3-12/ feb 2012 
** LIMS Job: 20183407-0040
** Cruise: SMHI-02-2018
** Latitude [GG MM.mm N] :
** Longitude [GG MM.mm E]:
# nquan = 26
# nvalues = 174                         
# units = specified
# name 0 = scan: Scan Count
# name 1 = prDM: Pressure, Digiquartz [db]
# name 2 = t090C: Temperature [ITS-90, deg C]
# name 3 = t190C: Temperature, 2 [ITS-90, deg C]
# name 4 = T2-T190C: Temperature Difference, 2 - 1 [ITS-90, deg C]
# name 5 = c0S/m: Conductivity [S/m]
# name 6 = c1S/m: Conductivity, 2 [S/m]
# name 7 = pumps: Pump Status
# name 8 = sbeox0ML/L: Oxygen, SBE 43 [ml/l]
# name 9 = sbeox1ML/L: Oxygen, SBE 43, 2 [ml/l]
# name 10 = altM: Altimeter [m]
# name 11 = flECO-AFL: Chl-a Fluorescence, WET Labs ECO-AFL/FL [mg/m^3]
# name 12 = flECO-AFL1: Phycocyanin Fluorescence, WET Labs ECO-AFL/FL, 2 [mg/m^3]
# name 13 = par: PAR/Irradiance, Biospherical/Lico [µE/(cm^2*s)]
# name 14 = turbWETntu0: Turbidity, WET Labs ECO [NTU]
# name 15 = sal00: Salinity, Practical [PSU]
# name 16 = sal11: Salinity, Practical, 2 [PSU]
# name 17 = secS-priS: Salinity, Practical, Difference, 2 - 1 [PSU]
# name 18 = sigma-t00: Density [sigma-t, Kg/m^3 ]
# name 19 = sigma-t11: Density, 2 [sigma-t, Kg/m^3 ]
# name 20 = depSM: Depth [salt water, m], lat = 55.3832
# name 21 = depFM: Depth [true depth, m], lat = 55.3832
# name 22 = dz/dtM: Descent Rate [m/s], WS = 2
# name 23 = svCM: Sound Velocity [Chen-Millero, m/s]
# name 24 = svCM1: Sound Velocity, 2 [Chen-Millero, m/s]
# name 25 = flag: flag
# span 0 =      15787,      20778       
# span 1 =      1.000,     87.500       
# span 2 =     2.7438,    13.4384       
# span 3 =     2.7452,    13.4401       
# span 4 =    -0.0693,     0.5184       
# span 5 =   0.788996,   1.815397       
# span 6 =   0.788996,   1.815404       
# span 7 =          1,          1       
# span 8 =    0.04536,    9.62599       
# span 9 =   -0.06228,    9.70045       
# span 10 =       1.21,      97.38      
# span 11 =     0.2330,     2.4178      
# span 12 =     0.1591,     0.4182      
# span 13 = -1.240e-04, 1.3380e+00      
# span 14 =     0.1144,     0.6482      
# span 15 =     7.4478,    16.8622      
# span 16 =     7.4444,    16.8617      
# span 17 =    -0.0107,     0.0229      
# span 18 =     5.1626,    13.1717      
# span 19 =     5.1623,    13.1712      
# span 20 =      0.991,     86.690      
# span 21 =      1.013,     88.428      
# span 22 =     -0.277,      0.494      
# span 23 =    1427.44,    1469.42      
# span 24 =    1427.44,    1469.45      
# span 25 = 0.0000e+00, 0.0000e+00      
# interval = decibars: 0.5              
# start_time = May 28 2018 20:41:40 [NMEA time, first data scan]
# bad_flag = -9.990e-29
*END*
[from data line 56]
      17353     29.000     4.7633     4.7676     0.0043    0.81611    0.81613          1     8.4625     8.3321      62.36     0.4202     0.1696  1.000e-12  0.2669000     7.5865     7.5857    -0.0008     6.0073     6.0066     28.736     29.371      0.419    1435.35    1435.37  0.000e+00
      17382     29.500     4.7291     4.7319     0.0027    0.81549    0.81549          1     8.4456     8.3158      61.81     0.4053     0.2314  1.000e-12  0.2685000     7.5881     7.5875    -0.0007     6.0099     6.0093     29.231     29.877      0.423    1435.21    1435.22  0.000e+00
      17410     30.000     4.7175     4.7201     0.0025    0.81568    0.81567          1     8.4329     8.3211      61.40     0.4068     0.2796  1.000e-12  0.2454000     7.5926     7.5919    -0.0007     6.0138     6.0132     29.726     30.384      0.423    1435.17    1435.18  0.000e+00
      17439     30.500     4.7318     4.7333     0.0015    0.81666    0.81663          1     8.4377     8.3151      62.88     0.3964     0.2538  1.000e-12  0.2211000     7.5990     7.5984    -0.0006     6.0184     6.0179     30.222     30.890      0.418    1435.25    1435.26  0.000e+00
      17467     31.000     4.7139     4.7173     0.0034    0.81665    0.81666          1     8.3993     8.2790      76.38     0.3787     0.2172  1.000e-12  0.2552000     7.6030     7.6023    -0.0007     6.0222     6.0215     30.717     31.396      0.435    1435.19    1435.20  0.000e+00
      17494     31.500     4.6649     4.6680     0.0032    0.81563    0.81565          1     8.3716     8.2741      59.80     0.3806     0.2293  1.000e-12  0.2759000     7.6040     7.6034    -0.0005     6.0247     6.0242     31.213     31.902      0.450    1434.98    1434.99  0.000e+00
      17521     32.000     4.5223     4.5265     0.0043    0.81208    0.81208          1     8.4176     8.3362      59.23     0.3729     0.2147  1.000e-12  0.2549000     7.6011     7.6001    -0.0010     6.0273     6.0264     31.708     32.408      0.425    1434.35    1434.37  0.000e+00
      17550     32.500     4.5099     4.5120     0.0021    0.81249    0.81246          1     8.3652     8.2725      58.70     0.3195     0.2485  1.000e-12  0.2418000     7.6079     7.6072    -0.0007     6.0331     6.0325     32.203     32.915      0.404    1434.31    1434.32  0.000e+00
      17580     33.000     4.3792     4.3867     0.0075    0.80933    0.80939          1     8.2594     8.1963      58.18     0.3086     0.2557  1.000e-12  0.2171000     7.6062     7.6051    -0.0011     6.0359     6.0348     32.699     33.421      0.424    1433.73    1433.77  0.000e+00
      17607     33.500     4.1331     4.1373     0.0041    0.80301    0.80302          1     8.2846     8.2491      57.70     0.2983     0.2166  1.000e-12  0.1956000     7.5991     7.5981    -0.0009     6.0374     6.0365     33.194     33.927      0.450    1432.63    1432.65  0.000e+00
      17634     34.000     3.9892     3.9924     0.0032    0.79965    0.79966          1     8.3162     8.2441      57.26     0.3067     0.2382  1.000e-12  0.1790000     7.5981     7.5976    -0.0005     6.0404     6.0399     33.690     34.433      0.438    1431.99    1432.01  0.000e+00
      17662     34.500     3.9866     3.9888     0.0023    0.80058    0.80056          1     8.2948     8.1753      56.65     0.2969     0.2136  1.000e-12  0.1784000     7.6082     7.6075    -0.0007     6.0484     6.0479     34.185     34.940      0.401    1432.00    1432.01  0.000e+00
      17692     35.000     3.9724     3.9748     0.0024    0.80107    0.80107          1     8.2522     8.1119      56.15     0.3020     0.2433  1.000e-12  0.1774000     7.6165     7.6159    -0.0005     6.0554     6.0549     34.680     35.446      0.422    1431.96    1431.97  0.000e+00
      17719     35.500     3.9433     3.9457     0.0024    0.80097    0.80097          1     8.2339     8.0977      55.59     0.3091     0.2073  1.000e-12  0.1645000     7.6221     7.6215    -0.0006     6.0606     6.0601     35.176     35.952      0.448    1431.84    1431.85  0.000e+00
      17747     36.000     3.8828     3.8867     0.0039    0.80008    0.80009          1     8.1723     8.0716      55.04     0.2883     0.2026  1.000e-12  0.1632000     7.6271     7.6263    -0.0008     6.0660     6.0653     35.671     36.458      0.427    1431.58    1431.60  0.000e+00
      17775     36.500     3.7938     3.8037     0.0099    0.79856    0.79863          1     8.1698     8.0720      54.53     0.2643     0.1935  1.000e-12  0.1484000     7.6322     7.6307    -0.0016     6.0721     6.0707     36.167     36.964      0.423    1431.20    1431.24  0.000e+00
      17803     37.000     3.6118     3.6153     0.0037    0.79439    0.79443          1     8.2124     8.0913      54.04     0.2603     0.2464  1.000e-12  0.1522000     7.6319     7.6315    -0.0005     6.0757     6.0753     36.662     37.471      0.435    1430.38    1430.39  0.000e+00
      17831     37.500     3.6341     3.6363     0.0023    0.79575    0.79571          1     8.1141     8.0186      53.98     0.2603     0.2331  1.000e-12  0.1501000     7.6407     7.6397    -0.0009     6.0822     6.0814     37.157     37.977      0.427    1430.50    1430.51  0.000e+00
      17859     38.000     3.4465     3.4527     0.0060    0.79204    0.79210          1     8.0860     8.0004      54.08     0.2599     0.2416  1.000e-12  0.1499000     7.6465     7.6456    -0.0009     6.0902     6.0894     37.653     38.483      0.420    1429.66    1429.69  0.000e+00
      17888     38.500     3.3576     3.3597     0.0021    0.79111    0.79109          1     8.1020     8.0013      53.52     0.2506     0.2198  1.000e-12  0.1501000     7.6577     7.6571    -0.0007     6.1007     6.1001     38.148     38.989      0.417    1429.28    1429.29  0.000e+00
      17917     39.000     3.3792     3.3821     0.0029    0.79261    0.79261          1     8.0292     7.9269      53.02     0.2603     0.1929  1.000e-12  0.1485000     7.6682     7.6675    -0.0007     6.1086     6.1080     38.643     39.495      0.432    1429.40    1429.41  0.000e+00
      17944     39.500     3.3096     3.3138     0.0042    0.79131    0.79136          1     7.9880     7.8812      52.64     0.2528     0.2189  1.000e-12  0.1320000     7.6711     7.6706    -0.0005     6.1120     6.1115     39.139     40.001      0.449    1429.09    1429.11  0.000e+00
      17971     40.000     3.1790     3.1825     0.0034    0.78900    0.78900          1     7.9735     7.8413      72.82     0.2552     0.2069  1.000e-12  0.1462000     7.6779     7.6771    -0.0008     6.1193     6.1186     39.634     40.508      0.420    1428.51    1428.52  0.000e+00
      18001     40.500     3.1956     3.1962     0.0006    0.79088    0.79082          1     7.9306     7.7747      51.03     0.2652     0.2346  1.000e-12  0.1547000     7.6936     7.6928    -0.0008     6.1316     6.1309     40.130     41.014      0.408    1428.61    1428.62  0.000e+00
      18029     41.000     3.2836     3.2831    -0.0004    0.79441    0.79434          1     8.0211     7.8669      50.29     0.2558     0.2115  1.000e-12  0.1421000     7.7094     7.7088    -0.0007     6.1429     6.1424     40.625     41.520      0.441    1429.05    1429.04  0.000e+00
      18055     41.500     3.5233     3.5112    -0.0121    0.80241    0.80194          1     8.1205     8.0248      49.78     0.2603     0.2715  1.000e-12  0.1402000     7.7351     7.7332    -0.0019     6.1593     6.1580     41.120     42.026      0.462    1430.18    1430.12  0.000e+00
      18081     42.000     3.7363     3.7349    -0.0014    0.80907    0.80897          1     8.1807     8.1102      49.54     0.2431     0.2761  1.000e-12  0.1345000     7.7531     7.7524    -0.0007     6.1695     6.1690     41.616     42.532      0.445    1431.18    1431.17  0.000e+00
      18110     42.500     3.7618     3.7637     0.0019    0.81086    0.81082          1     8.2041     8.1064      49.17     0.2642     0.2036  1.000e-12  0.1315000     7.7654     7.7646    -0.0009     6.1787     6.1780     42.111     43.038      0.407    1431.32    1431.32  0.000e+00
      18140     43.000     3.7247     3.7265     0.0019    0.81087    0.81084          1     8.2642     8.1312      48.41     0.2725     0.2525  1.000e-12  0.1485000     7.7743     7.7736    -0.0007     6.1866     6.1860     42.606     43.545      0.423    1431.17    1431.18  0.000e+00
      18166     43.500     3.8373     3.8376     0.0003    0.81528    0.81521          1     8.2824     8.1587      47.51     0.2716     0.2709  1.000e-12  0.1426000     7.7926     7.7919    -0.0007     6.1987     6.1981     43.102     44.051      0.458    1431.71    1431.71  0.000e+00
      18193     44.000     3.7933     3.7972     0.0039    0.81480    0.81481          1     8.1578     8.0708      46.84     0.2627     0.2390  1.000e-12  0.1450000     7.7982     7.7974    -0.0008     6.2041     6.2034     43.597     44.557      0.447    1431.53    1431.54  0.000e+00
      18220     44.500     3.5426     3.5526     0.0100    0.80900    0.80912          1     8.0623     7.9989      46.15     0.2907     0.2566  1.000e-12  0.1575000     7.7984     7.7972    -0.0012     6.2094     6.2082     44.093     45.063      0.432    1430.40    1430.44  0.000e+00
      18248     45.000     3.1473     3.1546     0.0072    0.80069    0.80077          1     8.0379     7.9758      45.66     0.3108     0.2092  1.000e-12  0.1616000     7.8072     7.8063    -0.0009     6.2227     6.2219     44.588     45.569      0.423    1428.61    1428.64  0.000e+00
      18277     45.500     3.0296     3.0328     0.0032    0.79937    0.79937          1     8.0002     7.9286      45.19     0.2797     0.2060  1.000e-12  0.1440000     7.8219     7.8211    -0.0008     6.2359     6.2352     45.083     46.075      0.407    1428.10    1428.11  0.000e+00
      18306     46.000     2.9936     2.9965     0.0029    0.80049    0.80047          1     8.0192     7.9427      44.64     0.2788     0.2404  1.000e-12  0.1382000     7.8424     7.8415    -0.0009     6.2526     6.2518     45.579     46.581      0.441    1427.97    1427.98  0.000e+00
      18332     46.500     3.0365     3.0384     0.0019    0.80379    0.80374          1     7.9887     7.8824      44.14     0.2716     0.2329  1.000e-12  0.1447000     7.8665     7.8655    -0.0010     6.2714     6.2706     46.074     47.087      0.471    1428.20    1428.21  0.000e+00
      18357     47.000     3.0148     3.0193     0.0045    0.80570    0.80568          1     7.9551     7.8278      43.65     0.2742     0.2396  1.000e-12  0.1425000     7.8918     7.8906    -0.0013     6.2918     6.2908     46.569     47.593      0.447    1428.14    1428.16  0.000e+00
      18387     47.500     2.9743     2.9754     0.0012    0.80719    0.80714          1     7.9027     7.7736      43.06     0.2927     0.2635  1.000e-12  0.1524000     7.9174     7.9166    -0.0008     6.3127     6.3120     47.065     48.100      0.389    1428.00    1428.00  0.000e+00
      18418     48.000     2.9805     2.9826     0.0021    0.81012    0.81007          1     7.9054     7.7889      42.53     0.2673     0.2569  1.000e-12  0.1409000     7.9467     7.9456    -0.0011     6.3359     6.3351     47.560     48.606      0.398    1428.07    1428.08  0.000e+00
      18447     48.500     3.0536     3.0539     0.0003    0.81537    0.81529          1     8.0113     7.9117      42.02     0.2969     0.2139  1.000e-12  0.1179000     7.9838     7.9829    -0.0009     6.3647     6.3640     48.056     49.112      0.446    1428.46    1428.47  0.000e+00
      18472     49.000     3.0992     3.1009     0.0018    0.81948    0.81940          1     7.9805     7.8930      41.48     0.2941     0.2071  1.000e-12  0.1206000     8.0157     8.0144    -0.0013     6.3896     6.3885     48.551     49.618      0.466    1428.72    1428.73  0.000e+00
      18499     49.500     3.1180     3.1255     0.0075    0.82522    0.82519          1     7.8555     7.7272      40.97     0.2559     0.2071  1.000e-12  0.1431000     8.0712     8.0690    -0.0021     6.4335     6.4317     49.046     50.124      0.432    1428.89    1428.92  0.000e+00
      18529     50.000     2.8117     2.8188     0.0071    0.82215    0.82215          1     7.6730     7.4578      40.39     0.3011     0.2040  1.000e-12  0.1471000     8.1159     8.1141    -0.0019     6.4726     6.4711     49.542     50.630      0.375    1427.54    1427.58  0.000e+00
      18561     50.500     2.8494     2.8503     0.0008    0.82801    0.82793          1     7.3562     7.1762      39.76     0.2844     0.1917  1.000e-12  0.1340000     8.1685     8.1673    -0.0012     6.5142     6.5133     50.037     51.136      0.404    1427.80    1427.80  0.000e+00
      18588     51.000     2.7943     2.7977     0.0034    0.83120    0.83116          1     7.2856     7.1790      39.27     0.2700     0.2231  1.000e-12  0.1388000     8.2163     8.2150    -0.0012     6.5529     6.5519     50.532     51.642      0.470    1427.61    1427.62  0.000e+00
      18613     51.500     2.7438     2.7452     0.0013    0.83396    0.83389          1     7.3244     7.2254      38.78     0.2330     0.2046  1.000e-12  0.1425000     8.2586     8.2575    -0.0011     6.5871     6.5862     51.028     52.148      0.458    1427.44    1427.44  0.000e+00
      18641     52.000     2.7669     2.7680     0.0011    0.83815    0.83805          1     7.2989     7.1755      38.23     0.2521     0.2432  1.000e-12  0.1211000     8.2971     8.2958    -0.0013     6.6176     6.6165     51.523     52.654      0.409    1427.60    1427.61  0.000e+00
      18671     52.500     2.7799     2.7818     0.0019    0.84259    0.84247          1     7.2316     7.1007      37.69     0.2726     0.2394  1.000e-12  0.1363000     8.3409     8.3391    -0.0017     6.6525     6.6510     52.018     53.159      0.425    1427.73    1427.74  0.000e+00
      18698     53.000     2.7545     2.7564     0.0019    0.84698    0.84687          1     7.2098     7.0830      37.16     0.2621     0.2454  1.000e-12  0.1280000     8.3942     8.3926    -0.0016     6.6953     6.6939     52.514     53.665      0.423    1427.69    1427.70  0.000e+00
      18727     53.500     2.7643     2.7652     0.0009    0.85173    0.85162          1     7.2193     7.0942      36.63     0.2402     0.2163  1.000e-12  0.1287000     8.4422     8.4408    -0.0014     6.7334     6.7323     53.009     54.171      0.420    1427.81    1427.81  0.000e+00
      18755     54.000     2.8115     2.8119     0.0004    0.85802    0.85787          1     7.1633     7.0090      36.11     0.2701     0.1824  1.000e-12  0.1144000     8.4966     8.4949    -0.0017     6.7764     6.7751     53.504     54.677      0.455    1428.10    1428.10  0.000e+00
      18780     54.500     2.8509     2.8518     0.0009    0.86439    0.86426          1     7.0627     6.8946      35.60     0.2533     0.1958  1.000e-12  0.1298000     8.5539     8.5523    -0.0016     6.8218     6.8205     54.000     55.183      0.464    1428.37    1428.37  0.000e+00
      18807     55.000     2.8853     2.8860     0.0006    0.87104    0.87086          1     6.9652     6.8184      35.07     0.2793     0.2242  1.000e-12  0.1249000     8.6154     8.6133    -0.0021     6.8704     6.8687     54.495     55.689      0.424    1428.61    1428.61  0.000e+00
      18837     55.500     2.9084     2.9090     0.0006    0.87730    0.87710          1     6.8915     6.7818      34.57     0.2645     0.2266  1.000e-12  0.1316000     8.6757     8.6734    -0.0023     6.9182     6.9164     54.990     56.195      0.406    1428.80    1428.80  0.000e+00
      18866     56.000     2.9388     2.9394     0.0005    0.88504    0.88488          1     6.8752     6.7754      34.08     0.2676     0.2091  1.000e-12  0.1353000     8.7496     8.7478    -0.0019     6.9768     6.9753     55.486     56.700      0.441    1429.05    1429.05  0.000e+00
