ctdpy/exports/archive_20191121_122431/received_data/SBE09_1044_20180416_0143_34_07_0003.cnv
* Sea-Bird SBE 9 Data File:
* FileName = C:\ctd\temp\2018\AU18D003.hex
* Software Version Seasave V 7.26.6.26
* Temperature SN = 5351
* Conductivity SN = 3941
* Number of Bytes Per Scan = 41
* Number of Voltage Words = 4
* Number of Scans Averaged by the Deck Unit = 1
* NMEA Latitude = 58 20.42 N
* NMEA Longitude = 011 01.66 E
* NMEA UTC (Time) = Apr 16 2018  01:43:08
* NMEA baud rate = 4800
** Station:  A13
** Operator:  SSip
** Ship: AURA
** Average sound velocity: 1478.36 m/s
** True-depth calculation Mon, 16 Apr 2018 02:46:09 +0000
** CTD Python Module SMHI /ver 3-12/ feb 2012 
** LIMS Job: 20183407-0003
** Cruise: SMHI-01-2018
** Latitude [GG MM.mm N] :
** Longitude [GG MM.mm E]:
# nquan = 26
# nvalues = 173                         
# units = specified
# name 0 = scan: Scan Count
# name 1 = prDM: Pressure, Digiquartz [db]
# name 2 = t090C: Temperature [ITS-90, deg C]
# name 3 = t190C: Temperature, 2 [ITS-90, deg C]
# name 4 = T2-T190C: Temperature Difference, 2 - 1 [ITS-90, deg C]
# name 5 = c0S/m: Conductivity [S/m]
# name 6 = c1S/m: Conductivity, 2 [S/m]
# name 7 = pumps: Pump Status
# name 8 = sbeox0ML/L: Oxygen, SBE 43 [ml/l]
# name 9 = sbeox1ML/L: Oxygen, SBE 43, 2 [ml/l]
# name 10 = altM: Altimeter [m]
# name 11 = flECO-AFL: Chl-a Fluorescence, WET Labs ECO-AFL/FL [mg/m^3]
# name 12 = flECO-AFL1: Phycocyanin Fluorescence, WET Labs ECO-AFL/FL, 2 [mg/m^3]
# name 13 = par: PAR/Irradiance, Biospherical/Lico [µE/(cm^2*s)]
# name 14 = turbWETntu0: Turbidity, WET Labs ECO [NTU]
# name 15 = sal00: Salinity, Practical [PSU]
# name 16 = sal11: Salinity, Practical, 2 [PSU]
# name 17 = secS-priS: Salinity, Practical, Difference, 2 - 1 [PSU]
# name 18 = sigma-t00: Density [sigma-t, Kg/m^3 ]
# name 19 = sigma-t11: Density, 2 [sigma-t, Kg/m^3 ]
# name 20 = depSM: Depth [salt water, m], lat = 58.3403
# name 21 = depFM: Depth [true depth, m], lat = 58.3403
# name 22 = dz/dtM: Descent Rate [m/s], WS = 2
# name 23 = svCM: Sound Velocity [Chen-Millero, m/s]
# name 24 = svCM1: Sound Velocity, 2 [Chen-Millero, m/s]
# name 25 = flag: flag
# span 0 =       4625,      10137       
# span 1 =     14.500,    100.500       
# span 2 =     3.8160,     7.3552       
# span 3 =     3.8359,     7.3559       
# span 4 =    -0.0622,     0.0302       
# span 5 =   2.833951,   3.552525       
# span 6 =   2.840434,   3.552606       
# span 7 =          1,          1       
# span 8 =    5.69551,    7.52056       
# span 9 =    5.62730,    7.40992       
# span 10 =       4.29,      98.73      
# span 11 =     0.0428,     0.5580      
# span 12 =     0.1472,     0.3186      
# span 13 = 1.0000e-12, 1.0000e-12      
# span 14 =     0.1599,     2.4059      
# span 15 =    30.1878,    34.9150      
# span 16 =    30.2454,    34.9150      
# span 17 =    -0.0727,     0.0713      
# span 18 =    23.9768,    27.3539      
# span 19 =    24.0208,    27.3539      
# span 20 =     14.365,     99.542      
# span 21 =     14.402,     99.687      
# span 22 =     -0.160,      0.624      
# span 23 =    1459.90,    1480.78      
# span 24 =    1460.06,    1480.78      
# span 25 = 0.0000e+00, 0.0000e+00      
# interval = decibars: 0.5              
# start_time = Apr 16 2018 01:43:08 [NMEA time, first data scan]
# bad_flag = -9.990e-29
*END*
       4625     14.500     4.9665     4.9963     0.0279    3.09843    3.10284          1     6.7871     6.7803      98.72     0.5580     0.2604  1.000e-12  0.1929000    32.1727    32.1939     0.0212    25.4381    25.4516     14.365     14.402      0.154    1467.23    1467.38  0.000e+00
       6521     15.000     3.8160     3.8359     0.0198    2.83395    2.84043          1     7.5086     7.4099      98.72     0.3191     0.2267  1.000e-12  0.1599000    30.1878    30.2454     0.0576    23.9768    24.0208     14.860     14.899      0.512    1459.90    1460.06  0.000e+00
       6560     15.500     3.8798     3.8995     0.0197    2.85435    2.86199          1     7.3826     7.2343      98.72     0.3116     0.2065  1.000e-12  0.1655000    30.3683    30.4396     0.0713    24.1147    24.1695     15.355     15.397      0.498    1460.41    1460.59  0.000e+00
       6585     16.000     3.9110     3.9414     0.0302    2.86683    2.87421          1     7.5206     7.3228      98.71     0.3267     0.2268  1.000e-12  0.1628000    30.4854    30.5437     0.0583    24.2048    24.2484     15.851     15.894      0.499    1460.70    1460.90  0.000e+00
       6608     16.500     4.3498     4.2880    -0.0622    2.96276    2.95149          1     7.2695     7.0250      98.72     0.3580     0.2765  1.000e-12  0.1759000    31.1909    31.1182    -0.0727    24.7228    24.6712     16.346     16.391      0.522    1463.45    1463.10  0.000e+00
       6631     17.000     5.0511     5.0348    -0.0160    3.11619    3.11304          1     6.7805     6.5335      98.72     0.4014     0.2909  1.000e-12  0.1989000    32.2925    32.2721    -0.0204    25.5236    25.5092     16.841     16.888      0.541    1467.77    1467.68  0.000e+00
       6653     17.500     5.1538     5.1536    -0.0002    3.13933    3.13965          1     6.4739     6.2614      98.71     0.5097     0.2617  1.000e-12  0.2215000    32.4578    32.4617     0.0039    25.6432    25.6462     17.337     17.384      0.562    1468.41    1468.41  0.000e+00
       6674     18.000     5.3033     5.3020    -0.0012    3.17283    3.17271          1     6.2702     6.1001      98.72     0.5166     0.2288  1.000e-12  0.2135000    32.6947    32.6946    -0.0001    25.8138    25.8138     17.832     17.881      0.563    1469.32    1469.32  0.000e+00
       6695     18.500     5.4049     5.4034    -0.0015    3.19538    3.19499          1     6.1208     5.9920      98.72     0.5051     0.2875  1.000e-12  0.2197000    32.8521    32.8492    -0.0030    25.9267    25.9245     18.327     18.377      0.549    1469.94    1469.93  0.000e+00
       6718     19.000     5.4646     5.4630    -0.0016    3.20625    3.20602          1     6.0921     5.9937      98.72     0.4767     0.2539  1.000e-12  0.2351000    32.9171    32.9160    -0.0011    25.9711    25.9705     18.823     18.874      0.538    1470.28    1470.27  0.000e+00
       6740     19.500     5.5140     5.5050    -0.0090    3.21699    3.21587          1     6.1163     6.0321      98.72     0.4541     0.2185  1.000e-12  0.2390000    32.9903    32.9865    -0.0038    26.0233    26.0213     19.318     19.370      0.541    1470.58    1470.54  0.000e+00
       6762     20.000     5.7384     5.7260    -0.0124    3.25652    3.25533          1     6.1295     6.0552      98.72     0.4783     0.2204  1.000e-12  0.2355000    33.2173    33.2160    -0.0013    26.1760    26.1765     19.813     19.866      0.551    1471.78    1471.72  0.000e+00
       6783     20.500     5.8688     5.8582    -0.0107    3.28280    3.28084          1     6.1407     6.0689      98.71     0.5569     0.2707  1.000e-12  0.2338000    33.3851    33.3734    -0.0116    26.2928    26.2849     20.308     20.363      0.568    1472.52    1472.46  0.000e+00
       6804     21.000     5.9414     5.9361    -0.0053    3.29758    3.29694          1     6.1502     6.0727      98.71     0.5363     0.2692  1.000e-12  0.2354000    33.4796    33.4776    -0.0020    26.3585    26.3576     20.804     20.859      0.574    1472.93    1472.91  0.000e+00
       6825     21.500     6.0658     6.0601    -0.0056    3.32452    3.32359          1     6.1508     6.0677      98.72     0.5383     0.2493  1.000e-12  0.2460000    33.6589    33.6541    -0.0047    26.4847    26.4816     21.299     21.355      0.560    1473.66    1473.64  0.000e+00
       6847     22.000     6.1352     6.1303    -0.0048    3.33987    3.33912          1     6.1463     6.0608      98.72     0.5149     0.2661  1.000e-12  0.2447000    33.7619    33.7584    -0.0035    26.5573    26.5551     21.794     21.851      0.540    1474.08    1474.05  0.000e+00
       6870     22.500     6.1797     6.1791    -0.0006    3.35014    3.34999          1     6.1559     6.0618      98.72     0.4653     0.2619  1.000e-12  0.2448000    33.8325    33.8314    -0.0011    26.6074    26.6066     22.290     22.347      0.533    1474.35    1474.35  0.000e+00
       6892     23.000     6.2004     6.1995    -0.0010    3.35510    3.35471          1     6.1615     6.0733      98.72     0.4370     0.2378  1.000e-12  0.2563000    33.8672    33.8638    -0.0034    26.6321    26.6296     22.785     22.843      0.548    1474.49    1474.48  0.000e+00
       6914     23.500     6.2530     6.2512    -0.0019    3.36627    3.36569          1     6.1457     6.0698      98.71     0.4356     0.2699  1.000e-12  0.2561000    33.9395    33.9348    -0.0047    26.6825    26.6790     23.280     23.339      0.569    1474.79    1474.78  0.000e+00
       6934     24.000     6.2863     6.2872     0.0009    3.37573    3.37566          1     6.1553     6.0921      92.15     0.3923     0.2239  1.000e-12  0.2658000    34.0119    34.0101    -0.0018    26.7353    26.7338     23.776     23.835      0.590    1475.02    1475.02  0.000e+00
       6954     24.500     6.2718     6.2732     0.0014    3.37760    3.37755          1     6.2009     6.1446      90.99     0.3571     0.2363  1.000e-12  0.2881000    34.0471    34.0450    -0.0021    26.7650    26.7632     24.271     24.331      0.578    1475.02    1475.02  0.000e+00
       6976     25.000     6.3177     6.3153    -0.0024    3.38926    3.38885          1     6.2494     6.1832      80.86     0.3130     0.2707  1.000e-12  0.2839000    34.1311    34.1290    -0.0021    26.8254    26.8241     24.766     24.827      0.550    1475.31    1475.30  0.000e+00
       6998     25.500     6.3773     6.3776     0.0003    3.39905    3.39908          1     6.2608     6.1848      86.80     0.2657     0.2926  1.000e-12  0.2691000    34.1804    34.1805     0.0001    26.8566    26.8566     25.261     25.323      0.539    1475.62    1475.62  0.000e+00
       7020     26.000     6.4115     6.4123     0.0008    3.40444    3.40449          1     6.2473     6.1743      98.57     0.2302     0.2706  1.000e-12  0.2654000    34.2061    34.2058    -0.0003    26.8724    26.8720     25.757     25.819      0.544    1475.79    1475.79  0.000e+00
       7042     26.500     6.4158     6.4169     0.0011    3.40511    3.40521          1     6.2345     6.1647      89.19     0.2113     0.2685  1.000e-12  0.2664000    34.2089    34.2090     0.0001    26.8740    26.8740     26.252     26.315      0.559    1475.82    1475.83  0.000e+00
       7063     27.000     6.4174     6.4180     0.0006    3.40535    3.40536          1     6.2319     6.1655      77.43     0.2015     0.2643  1.000e-12  0.2651000    34.2098    34.2093    -0.0005    26.8745    26.8740     26.747     26.811      0.582    1475.84    1475.84  0.000e+00
       7083     27.500     6.4269     6.4273     0.0004    3.40681    3.40680          1     6.2334     6.1650      77.16     0.2016     0.2605  1.000e-12  0.2618000    34.2162    34.2157    -0.0005    26.8783    26.8779     27.243     27.307      0.597    1475.89    1475.89  0.000e+00
       7103     28.000     6.4424     6.4414    -0.0010    3.40920    3.40901          1     6.2312     6.1416      76.82     0.2272     0.2469  1.000e-12  0.2639000    34.2271    34.2260    -0.0011    26.8849    26.8842     27.738     27.803      0.586    1475.97    1475.97  0.000e+00
       7124     28.500     6.4849     6.4832    -0.0017    3.41646    3.41615          1     6.2322     6.1292      89.93     0.2435     0.2086  1.000e-12  0.2672000    34.2651    34.2634    -0.0018    26.9093    26.9082     28.233     28.299      0.566    1476.20    1476.19  0.000e+00
       7146     29.000     6.5148     6.5137    -0.0011    3.42175    3.42163          1     6.2306     6.1366      78.10     0.2308     0.2403  1.000e-12  0.2667000    34.2937    34.2935    -0.0002    26.9279    26.9279     28.728     28.795      0.563    1476.36    1476.35  0.000e+00
       7167     29.500     6.5598     6.5581    -0.0017    3.42968    3.42939          1     6.2142     6.1276      98.73     0.2021     0.2387  1.000e-12  0.2797000    34.3365    34.3349    -0.0016    26.9557    26.9546     29.224     29.291      0.566    1476.60    1476.59  0.000e+00
       7188     30.000     6.5846     6.5846    -0.0000    3.43416    3.43412          1     6.1937     6.1060      79.10     0.2027     0.2278  1.000e-12  0.2733000    34.3610    34.3606    -0.0004    26.9717    26.9714     29.719     29.787      0.572    1476.73    1476.73  0.000e+00
       7209     30.500     6.5931     6.5934     0.0003    3.43554    3.43552          1     6.1805     6.0968      73.54     0.1767     0.2271  1.000e-12  0.2772000    34.3676    34.3671    -0.0005    26.9758    26.9754     30.214     30.283      0.583    1476.78    1476.78  0.000e+00
       7229     31.000     6.6083     6.6077    -0.0006    3.43783    3.43776          1     6.1583     6.0730      73.29     0.1821     0.2466  1.000e-12  0.2735000    34.3775    34.3773    -0.0002    26.9816    26.9815     30.710     30.778      0.583    1476.86    1476.86  0.000e+00
       7250     31.500     6.6428     6.6420    -0.0008    3.44329    3.44313          1     6.1332     6.0363      72.90     0.1981     0.3186  1.000e-12  0.2688000    34.4032    34.4023    -0.0009    26.9972    26.9966     31.205     31.274      0.573    1477.04    1477.03  0.000e+00
       7271     32.000     6.6609     6.6606    -0.0003    3.44642    3.44632          1     6.1307     6.0352      72.41     0.1858     0.2595  1.000e-12  0.2590000    34.4194    34.4187    -0.0007    27.0076    27.0071     31.700     31.770      0.573    1477.14    1477.13  0.000e+00
       7292     32.500     6.6946     6.6900    -0.0047    3.45086    3.45034          1     6.1241     6.0378      71.86     0.1458     0.2225  1.000e-12  0.2869000    34.4345    34.4334    -0.0011    27.0150    27.0147     32.195     32.266      0.573    1477.30    1477.28  0.000e+00
       7313     33.000     6.8140     6.8061    -0.0079    3.46654    3.46552          1     6.1095     6.0263      71.61     0.1556     0.2022  1.000e-12  0.2796000    34.4878    34.4845    -0.0033    27.0408    27.0393     32.691     32.762      0.567    1477.84    1477.80  0.000e+00
       7334     33.500     6.8590     6.8631     0.0041    3.47236    3.47289          1     6.1092     6.0191      70.97     0.1450     0.1917  1.000e-12  0.2675000    34.5066    34.5083     0.0018    27.0495    27.0503     33.186     33.258      0.570    1478.04    1478.06  0.000e+00
       7355     34.000     6.8895     6.8887    -0.0008    3.47608    3.47605          1     6.1097     6.0141      70.21     0.1393     0.1918  1.000e-12  0.2505000    34.5168    34.5172     0.0003    27.0534    27.0537     33.681     33.754      0.578    1478.18    1478.18  0.000e+00
       7376     34.500     6.9274     6.9248    -0.0026    3.48065    3.48040          1     6.1069     6.0103      69.95     0.1388     0.2207  1.000e-12  0.2384000    34.5289    34.5287    -0.0002    27.0577    27.0579     34.176     34.250      0.582    1478.35    1478.34  0.000e+00
       7396     35.000     6.9404     6.9411     0.0007    3.48306    3.48308          1     6.0958     6.0077      69.42     0.1139     0.2453  1.000e-12  0.2300000    34.5421    34.5416    -0.0005    27.0663    27.0658     34.672     34.745      0.576    1478.43    1478.43  0.000e+00
       7417     35.500     6.9440     6.9445     0.0005    3.48396    3.48399          1     6.0844     6.0072      68.66     0.1027     0.2469  1.000e-12  0.2280000    34.5482    34.5480    -0.0002    27.0706    27.0704     35.167     35.241      0.567    1478.46    1478.46  0.000e+00
       7439     36.000     6.9417     6.9425     0.0008    3.48415    3.48418          1     6.0664     6.0040      68.10     0.1108     0.2094  1.000e-12  0.2423000    34.5523    34.5518    -0.0005    27.0741    27.0737     35.662     35.737      0.559    1478.46    1478.47  0.000e+00
       7460     36.500     6.9422     6.9430     0.0008    3.48445    3.48456          1     6.0646     6.0051      67.63     0.1274     0.2297  1.000e-12  0.2435000    34.5549    34.5553     0.0004    27.0761    27.0763     36.158     36.233      0.560    1478.48    1478.48  0.000e+00
       7482     37.000     6.9574     6.9568    -0.0006    3.48634    3.48628          1     6.0698     6.0070      67.29     0.1383     0.1862  1.000e-12  0.2477000    34.5602    34.5602     0.0000    27.0782    27.0783     36.653     36.729      0.561    1478.55    1478.55  0.000e+00
       7503     37.500     6.9936     6.9918    -0.0018    3.49115    3.49087          1     6.0842     6.0208      66.92     0.1336     0.2392  1.000e-12  0.2554000    34.5766    34.5752    -0.0013    27.0861    27.0853     37.148     37.225      0.564    1478.72    1478.71  0.000e+00
       7524     38.000     7.0215     7.0206    -0.0009    3.49499    3.49488          1     6.0922     6.0191      66.18     0.1135     0.2592  1.000e-12  0.2354000    34.5905    34.5902    -0.0002    27.0932    27.0931     37.643     37.720      0.567    1478.85    1478.85  0.000e+00
       7545     38.500     7.0585     7.0565    -0.0019    3.50001    3.49979          1     6.0864     6.0066      65.79     0.1415     0.2380  1.000e-12  0.2350000    34.6082    34.6078    -0.0005    27.1020    27.1019     38.139     38.216      0.577    1479.02    1479.02  0.000e+00
       7566     39.000     7.0799     7.0798    -0.0001    3.50293    3.50290          1     6.0839     6.0038      65.45     0.1214     0.2072  1.000e-12  0.2310000    34.6186    34.6183    -0.0003    27.1072    27.1070     38.634     38.712      0.579    1479.13    1479.13  0.000e+00
       7587     39.500     7.0864     7.0866     0.0003    3.50391    3.50392          1     6.0656     5.9794      65.02     0.1075     0.1940  1.000e-12  0.2338000    34.6225    34.6224    -0.0001    27.1094    27.1093     39.129     39.208      0.571    1479.17    1479.17  0.000e+00
       7608     40.000     7.0875     7.0880     0.0005    3.50520    3.50521          1     6.0354     5.9445      64.44     0.1092     0.2008  1.000e-12  0.2449000    34.6354    34.6349    -0.0005    27.1194    27.1189     39.624     39.704      0.566    1479.20    1479.20  0.000e+00
       7629     40.500     7.0950     7.0950     0.0001    3.50713    3.50713          1     6.0102     5.9145      63.73     0.1244     0.2197  1.000e-12  0.2620000    34.6488    34.6487    -0.0001    27.1289    27.1288     40.120     40.200      0.565    1479.25    1479.25  0.000e+00
       7651     41.000     7.1560     7.1546    -0.0014    3.51483    3.51468          1     5.9898     5.9012      63.39     0.1016     0.2426  1.000e-12  0.2792000    34.6717    34.6714    -0.0002    27.1384    27.1384     40.615     40.695      0.563    1479.52    1479.52  0.000e+00
       7672     41.500     7.2060     7.2053    -0.0006    3.52161    3.52155          1     5.9780     5.9012      62.90     0.1345     0.2456  1.000e-12  0.2723000    34.6955    34.6956     0.0001    27.1501    27.1503     41.110     41.191      0.571    1479.75    1479.75  0.000e+00
