ctdpy/exports/archive_20191121_122431/received_data/SBE09_0827_20180903_1913_26_01_0957.cnv
* Sea-Bird SBE 9 Data File:
* FileName = D:\CTD_SBE911\DAT\26DA.2018.9.7.hex
* Software Version Seasave V 7.21d
* Temperature SN = 034605
* Conductivity SN = 041844
* Number of Bytes Per Scan = 48
* Number of Voltage Words = 5
* Number of Scans Averaged by the Deck Unit = 1
* NMEA Latitude = 55 15.16 N
* NMEA Longitude = 015 59.19 E
* NMEA UTC (Time) = Sep 03 2018  19:15:57
* NMEA baud rate = 4800
** Ship: DANA
** Average sound velocity: 1460.17 m/s
** True-depth calculation Wed, 03 Apr 2019 09:24:41 +0000
** CTD Python Module SMHI /ver 3-12/ feb 2012 
** LIMS Job: 20182601-0957
**  BY5
** Operator: Christian JKro
** Cruise: 09/2018
# nquan = 26
# nvalues = 172                         
# units = specified
# name 0 = scan: Scan Count
# name 1 = prDM: Pressure, Digiquartz [db]
# name 2 = t090C: Temperature [ITS-90, deg C]
# name 3 = t190C: Temperature, 2 [ITS-90, deg C]
# name 4 = T2-T190C: Temperature Difference, 2 - 1 [ITS-90, deg C]
# name 5 = c0S/m: Conductivity [S/m]
# name 6 = c1S/m: Conductivity, 2 [S/m]
# name 7 = pumps: Pump Status
# name 8 = sbeox1ML/L: Oxygen, SBE 43, 2 [ml/l]
# name 9 = sbeox0ML/L: Oxygen, SBE 43 [ml/l]
# name 10 = altM: Altimeter [m]
# name 11 = chloroflTC0: Chlorophyll, Turner Cyclops [ug/l]
# name 12 = cpar: CPAR/Corrected Irradiance [%]
# name 13 = par: PAR/Irradiance, Biospherical/Lico [µE/(cm^2*s)]
# name 14 = spar: SPAR, Biospherical/Licor
# name 15 = sal00: Salinity, Practical [PSU]
# name 16 = sal11: Salinity, Practical, 2 [PSU]
# name 17 = secS-priS: Salinity, Practical, Difference, 2 - 1 [PSU]
# name 18 = sigma-t00: Density [sigma-t, kg/m^3 ]
# name 19 = sigma-t11: Density, 2 [sigma-t, kg/m^3 ]
# name 20 = depSM: Depth [salt water, m], lat = 55.2527
# name 21 = depFM: Depth [true depth, m], lat = 55.2527
# name 22 = dz/dtM: Descent Rate [m/s], WS = 2
# name 23 = svCM: Sound Velocity [Chen-Millero, m/s]
# name 24 = svCM1: Sound Velocity, 2 [Chen-Millero, m/s]
# name 25 = flag: flag
# span 0 =        119,      12351       
# span 1 =      1.500,     87.000       
# span 2 =     3.7987,    19.2222       
# span 3 =     3.7464,    19.2231       
# span 4 =    -2.2248,     0.6064       
# span 5 =   0.799857,   1.789234       
# span 6 =   0.800692,   1.788779       
# span 7 =          1,          1       
# span 8 =     0.0342,     7.2493       
# span 9 =     0.0175,     7.5189       
# span 10 =      -0.99,       9.97      
# span 11 =     0.0440,     0.2405      
# span 12 = -3.454e+03, 7.6982e+03      
# span 13 = 1.0000e-12, 1.0000e-12      
# span 14 = 1.8745e+00, 2.1010e+00      
# span 15 =     7.3974,    16.5551      
# span 16 =     7.4803,    16.5509      
# span 17 =    -0.0865,     0.2381      
# span 18 =     4.1047,    12.9226      
# span 19 =     4.1020,    12.9194      
# span 20 =      1.487,     86.196      
# span 21 =      1.522,     87.936      
# span 22 =     -0.440,      0.459      
# span 23 =    1431.40,    1488.70      
# span 24 =    1431.27,    1488.74      
# span 25 = 0.0000e+00, 0.0000e+00      
# interval = decibars: 0.5              
# start_time = Sep 03 2018 19:15:57 [NMEA time, first data scan]
# bad_flag = -9.990e-29
*END*
[from data line 112]
       5714     57.500     9.4598     9.5329     0.0733    1.47260    1.49165          1     3.0774     3.0901       9.97     0.0454  1.620e+03  1.000e-12  1.998e+00    12.5165    12.6665     0.1499     9.5189     9.6272     56.972     58.238      0.275    1461.44    1461.90  0.000e+00
       5766     58.000     9.5179     9.8158     0.2979    1.48900    1.52161          1     3.1135     3.1011       9.97     0.0456  1.935e+03  1.000e-12  1.992e+00    12.6473    12.8417     0.1943     9.6140     9.7304     57.468     58.743      0.191    1461.83    1463.22  0.000e+00
       5837     58.500     9.6670    10.2098     0.5426    1.50887    1.55608          1     3.1625     3.1320       9.97     0.0448 -5.440e+01  1.000e-12  2.032e+00    12.7774    13.0155     0.2381     9.6979     9.8176     57.963     59.247      0.165    1462.58    1464.95  0.000e+00
       5901     59.000    10.4253    10.6557     0.2307    1.58435    1.59438          1     3.1160     3.0067       9.97     0.0443  4.925e-11  1.000e-12  2.031e+00    13.1938    13.2018     0.0079     9.9288     9.9058     58.459     59.752      0.244    1465.99    1466.87  0.000e+00
       5943     59.500    10.5303    10.5237    -0.0066    1.60338    1.59834          1     3.0110     2.8698       9.97     0.0451  5.144e+03  1.000e-12  1.926e+00    13.3280    13.2850    -0.0430    10.0197     9.9873     58.954     60.256      0.302    1466.56    1466.48  0.000e+00
       5983     60.000    10.9778    10.9455    -0.0323    1.64725    1.63690          1     2.9275     2.7010       9.97     0.0441 -6.940e+01  1.000e-12  2.032e+00    13.5586    13.4777    -0.0809    10.1397    10.0814     59.449     60.760      0.305    1468.52    1468.31  0.000e+00
       6020     60.500    11.1635    11.1175    -0.0459    1.68013    1.66874          1     2.7942     2.5196       9.97     0.0450 -3.534e-03  1.000e-12  2.031e+00    13.7835    13.6990    -0.0845    10.2887    10.2296     59.945     61.264      0.341    1469.49    1469.22  0.000e+00
       6056     61.000    11.1637    11.1494    -0.0143    1.70335    1.69307          1     2.6488     2.3210       9.97     0.0450  4.924e-11  1.000e-12  2.031e+00    13.9905    13.9041    -0.0865    10.4489    10.3840     60.440     61.768      0.292    1469.75    1469.59  0.000e+00
       6110     61.500    11.2333    11.2205    -0.0129    1.71962    1.71030          1     2.4301     2.2022       9.97     0.0452  6.809e-10  1.000e-12  2.031e+00    14.1093    14.0310    -0.0783    10.5312    10.4724     60.935     62.272      0.194    1470.16    1470.02  0.000e+00
       6176     62.000    11.2624    11.2359    -0.0274    1.73191    1.72141          1     2.3009     2.1407       9.97     0.0447  1.430e+03  1.000e-12  2.002e+00    14.2078    14.1242    -0.0835    10.6034    10.5424     61.431     62.776      0.172    1470.39    1470.19  0.000e+00
       6245     62.500    11.4312    11.4051    -0.0262    1.75077    1.74174          1     2.2161     2.0691       9.97     0.0452  5.912e+01  1.000e-12  2.030e+00    14.3108    14.2405    -0.0704    10.6595    10.6087     61.926     63.280      0.229    1471.15    1470.97  0.000e+00
       6288     63.000    11.5688    11.5434    -0.0254    1.76482    1.75917          1     2.1511     2.0326       9.97     0.0471  4.515e-06  1.000e-12  2.031e+00    14.3824    14.3422    -0.0403    10.6953    10.6678     62.421     63.784      0.320    1471.75    1471.60  0.000e+00
       6327     63.500    11.5502    11.5441    -0.0061    1.76777    1.76487          1     2.1094     1.9816       9.97     0.0457  4.924e-11  1.000e-12  2.031e+00    14.4157    14.3923    -0.0234    10.7237    10.7065     62.917     64.288      0.292    1471.73    1471.68  0.000e+00
       6367     64.000    11.4203    11.4342     0.0140    1.76458    1.76380          1     2.0575     1.8964       9.97     0.0464  4.924e-11  1.000e-12  2.031e+00    14.4377    14.4253    -0.0123    10.7591    10.7476     63.412     64.792      0.316    1471.28    1471.32  0.000e+00
       6405     64.500    11.0037    11.0617     0.0579    1.74658    1.75046          1     1.9875     1.8222       9.97     0.0455  4.924e-11  1.000e-12  2.031e+00    14.4389    14.4511     0.0123    10.8177    10.8193     63.907     65.296      0.295    1469.75    1469.98  0.000e+00
       6456     65.000    10.5718    10.6436     0.0723    1.72799    1.73261          1     1.9075     1.8336       9.97     0.0455  2.167e+03  1.000e-12  1.987e+00    14.4404    14.4540     0.0137    10.8768    10.8780     64.403     65.799      0.191    1468.14    1468.43  0.000e+00
       6525     65.500    10.1278    10.3981     0.2700    1.71395    1.72423          1     1.8877     1.6224       9.97     0.0455  1.750e+03  1.000e-12  1.995e+00    14.4878    14.4746    -0.0132    10.9708    10.9260     64.898     66.303      0.174    1466.53    1467.54  0.000e+00
       6588     66.000     9.9806    10.0338     0.0535    1.72621    1.72326          1     1.7123     1.3461       9.97     0.0459  3.801e+03  1.000e-12  1.954e+00    14.6596    14.6110    -0.0486    11.1228    11.0784     65.393     66.807      0.226    1466.18    1466.33  0.000e+00
       6635     66.500     9.9268     9.9606     0.0337    1.73842    1.73874          1     1.4624     1.1386       9.97     0.0454 -7.286e+01  1.000e-12  2.032e+00    14.7944    14.7836    -0.0108    11.2341    11.2215     65.888     67.310      0.287    1466.15    1466.26  0.000e+00
       6673     67.000     9.7852     9.8334     0.0483    1.74399    1.74096          1     1.2858     0.9498       9.97     0.0462  2.855e+03  1.000e-12  1.973e+00    14.9040    14.8560    -0.0480    11.3369    11.2936     66.384     67.814      0.333    1465.75    1465.87  0.000e+00
       6712     67.500     9.4999     9.6157     0.1156    1.73741    1.74117          1     1.1176     0.8122       9.97     0.0459  8.436e+01  1.000e-12  2.029e+00    14.9605    14.9476    -0.0129    11.4154    11.3915     66.879     68.318      0.274    1464.73    1465.16  0.000e+00
       6759     68.000     9.3304     9.4900     0.1596    1.73300    1.73770          1     0.9882     0.7476       9.97     0.0457  3.064e-11  1.000e-12  2.031e+00    14.9896    14.9673    -0.0223    11.4582    11.4219     67.374     68.821      0.263    1464.12    1464.71  0.000e+00
       6804     68.500     9.1288     9.3148     0.1863    1.72809    1.73314          1     0.9087     0.6668       9.97     0.0478  4.924e-11  1.000e-12  2.031e+00    15.0276    14.9973    -0.0303    11.5114    11.4661     67.870     69.325      0.225    1463.39    1464.07  0.000e+00
       6882     69.000     8.8935     9.0150     0.1218    1.72443    1.72861          1     0.8032     0.4418       9.97     0.0481  4.924e-11  1.000e-12  2.031e+00    15.0921    15.0805    -0.0116    11.5884    11.5655     68.365     69.828      0.225    1462.56    1463.02  0.000e+00
       6933     69.500     8.7338     8.8478     0.1137    1.72185    1.72525          1     0.5857     0.2948       9.97     0.0484  4.239e-09  1.000e-12  2.031e+00    15.1351    15.1191    -0.0160    11.6398    11.6146     68.860     70.331      0.247    1461.99    1462.42  0.000e+00
       6982     70.000     8.6686     8.7272     0.0587    1.72537    1.72564          1     0.4354     0.1454       9.97     0.0487  4.498e+03  1.000e-12  1.939e+00    15.1965    15.1741    -0.0223    11.6949    11.6710     69.356     70.835      0.267    1461.82    1462.02  0.000e+00
       7021     70.500     8.4025     8.4284     0.0260    1.72001    1.72318          1     0.2983     0.0741       9.97     0.0477  2.101e+03  1.000e-12  1.988e+00    15.2593    15.2787     0.0193    11.7728    11.7851     69.851     71.338      0.351    1460.85    1460.98  0.000e+00
       7055     71.000     8.0341     8.0750     0.0408    1.71000    1.71396          1     0.1856     0.0785       9.97     0.0491  7.775e+02  1.000e-12  2.015e+00    15.3220    15.3427     0.0207    11.8603    11.8723     70.346     71.842      0.305    1459.47    1459.66  0.000e+00
       7104     71.500     7.7957     7.9776     0.1821    1.70778    1.71232          1     0.1402     0.0914       9.97     0.0489 -5.632e-02  1.000e-12  2.031e+00    15.4047    15.3692    -0.0355    11.9492    11.9030     70.842     72.345      0.226    1458.63    1459.31  0.000e+00
       7157     72.000     7.7090     7.7743     0.0654    1.71239    1.71267          1     0.1339     0.0933       9.97     0.0496  7.912e-07  1.000e-12  2.031e+00    15.4880    15.4619    -0.0262    12.0230    11.9961     71.337     72.848      0.213    1458.39    1458.62  0.000e+00
       7227     72.500     7.6551     7.7223     0.0672    1.71418    1.71424          1     0.1237     0.0920       9.97     0.0514  1.799e+03  1.000e-12  1.994e+00    15.5295    15.5003    -0.0292    12.0608    12.0312     71.832     73.351      0.202    1458.23    1458.47  0.000e+00
       7280     73.000     7.5647     7.6288     0.0641    1.71491    1.71580          1     0.1152     0.0908       9.97     0.0529  6.414e+02  1.000e-12  2.018e+00    15.5770    15.5570    -0.0199    12.1068    12.0849     72.328     73.854      0.259    1457.93    1458.17  0.000e+00
       7326     73.500     7.4874     7.5555     0.0681    1.71931    1.71737          1     0.1089     0.0836       9.97     0.0531  1.589e+03  1.000e-12  1.998e+00    15.6550    15.6053    -0.0497    12.1753    12.1298     72.823     74.358      0.274    1457.73    1457.94  0.000e+00
       7365     74.000     7.4523     7.4565     0.0043    1.72357    1.72338          1     0.1060     0.0846       9.97     0.0548  1.146e+01  1.000e-12  2.031e+00    15.7129    15.7091    -0.0037    12.2241    12.2207     73.318     74.861      0.331    1457.66    1457.68  0.000e+00
       7404     74.500     7.4319     7.4389     0.0070    1.72611    1.72621          1     0.1009     0.0797       9.97     0.0553  4.924e-11  1.000e-12  2.031e+00    15.7471    15.7450    -0.0021    12.2529    12.2505     73.813     75.364      0.268    1457.63    1457.66  0.000e+00
       7452     75.000     7.4218     7.4236     0.0019    1.72696    1.72741          1     0.0967     0.0772       9.97     0.0547  4.924e-11  1.000e-12  2.031e+00    15.7600    15.7637     0.0036    12.2639    12.2666     74.309     75.867      0.262    1457.61    1457.63  0.000e+00
       7499     75.500     7.4099     7.4126     0.0027    1.72803    1.72817          1     0.0960     0.0770       9.97     0.0538  5.494e+01  1.000e-12  2.030e+00    15.7759    15.7762     0.0002    12.2775    12.2774     74.804     76.370      0.205    1457.59    1457.60  0.000e+00
       7576     76.000     7.3746     7.3759     0.0014    1.73244    1.73151          1     0.0908     0.0708       9.97     0.0552 -1.330e+00  1.000e-12  2.031e+00    15.8358    15.8260    -0.0098    12.3278    12.3200     75.299     76.873      0.247    1457.53    1457.53  0.000e+00
       7622     76.500     7.3360     7.3482     0.0122    1.73627    1.73531          1     0.0893     0.0697       9.97     0.0546  4.924e-11  1.000e-12  2.031e+00    15.8914    15.8762    -0.0151    12.3750    12.3620     75.795     77.376      0.225    1457.45    1457.48  0.000e+00
       7673     77.000     7.3073     7.3039    -0.0034    1.73917    1.73910          1     0.0870     0.0696       9.97     0.0561  4.924e-11  1.000e-12  2.031e+00    15.9332    15.9342     0.0009    12.4105    12.4116     76.290     77.879      0.318    1457.40    1457.38  0.000e+00
       7705     77.500     7.2791     7.2801     0.0010    1.74221    1.74174          1     0.0844     0.0680       9.97     0.0552  4.924e-11  1.000e-12  2.031e+00    15.9764    15.9713    -0.0051    12.4470    12.4430     76.785     78.382      0.361    1457.35    1457.34  0.000e+00
       7745     78.000     7.2550     7.2524    -0.0026    1.74552    1.74507          1     0.0844     0.0635       9.97     0.0558  1.330e+03  1.000e-12  2.004e+00    16.0205    16.0172    -0.0033    12.4839    12.4815     77.281     78.885      0.249    1457.31    1457.30  0.000e+00
       7796     78.500     7.2252     7.2245    -0.0008    1.74994    1.74927          1     0.0823     0.0633       9.78     0.0555  6.352e+02  1.000e-12  2.018e+00    16.0783    16.0719    -0.0063    12.5319    12.5271     77.776     79.388      0.258    1457.27    1457.26  0.000e+00
       7844     79.000     7.2044     7.1968    -0.0076    1.75415    1.75412          1     0.0794     0.0633       9.28     0.0563 -4.943e+00  1.000e-12  2.031e+00    16.1300    16.1333     0.0033    12.5744    12.5777     78.271     79.891      0.210    1457.26    1457.23  0.000e+00
       7909     79.500     7.1460     7.1319    -0.0140    1.76626    1.76613          1     0.0788     0.0614       8.81     0.0556  1.900e+03  1.000e-12  1.992e+00    16.2785    16.2838     0.0053    12.6964    12.7018     78.766     80.394      0.214    1457.21    1457.16  0.000e+00
       7957     80.000     7.1063     7.1054    -0.0009    1.77408    1.77316          1     0.0788     0.0618       8.28     0.0559  2.381e+03  1.000e-12  1.982e+00    16.3756    16.3668    -0.0088    12.7762    12.7694     79.262     80.897      0.280    1457.18    1457.16  0.000e+00
       8000     80.500     7.0966     7.0944    -0.0022    1.77816    1.77752          1     0.0746     0.0586       7.80     0.0559  1.545e+01  1.000e-12  2.030e+00    16.4210    16.4156    -0.0054    12.8127    12.8087     79.757     81.400      0.265    1457.20    1457.19  0.000e+00
       8043     81.000     7.0814     7.0811    -0.0003    1.78106    1.78042          1     0.0766     0.0574       7.27     0.0565 -4.819e-04  1.000e-12  2.031e+00    16.4573    16.4510    -0.0062    12.8425    12.8377     80.252     81.903      0.318    1457.19    1457.18  0.000e+00
       8079     81.500     7.0732     7.0721    -0.0010    1.78225    1.78215          1     0.0752     0.0566       6.72     0.0583  4.924e-11  1.000e-12  2.031e+00    16.4731    16.4726    -0.0005    12.8557    12.8554     80.748     82.405      0.313    1457.19    1457.18  0.000e+00
       8125     82.000     7.0769     7.0707    -0.0062    1.78245    1.78237          1     0.0748     0.0544       6.24     0.0569  4.924e-11  1.000e-12  2.031e+00    16.4732    16.4753     0.0021    12.8555    12.8577     81.243     82.908      0.227    1457.21    1457.19  0.000e+00
       8178     82.500     7.0770     7.0681    -0.0089    1.78284    1.78267          1     0.0748     0.0537       5.70     0.0583  3.264e+03  1.000e-12  1.964e+00    16.4770    16.4795     0.0025    12.8584    12.8612     81.738     83.411      0.236    1457.22    1457.19  0.000e+00
       8232     83.000     7.0735     7.0645    -0.0090    1.78338    1.78374          1     0.0715     0.0535       5.19     0.0599  7.698e+03  1.000e-12  1.875e+00    16.4839    16.4918     0.0080    12.8641    12.8712     82.233     83.914      0.213    1457.23    1457.20  0.000e+00
       8284     83.500     7.0683     7.0616    -0.0067    1.78449    1.78449          1     0.0700     0.0519       5.59     0.0593  2.251e+03  1.000e-12  1.985e+00    16.4974    16.5006     0.0031    12.8753    12.8783     82.729     84.417      0.265    1457.23    1457.21  0.000e+00
       8346     84.000     7.0670     7.0634    -0.0037    1.78484    1.78464          1     0.0690     0.0513       4.94     0.0603 -3.431e+00  1.000e-12  2.031e+00    16.5014    16.5011    -0.0003    12.8785    12.8786     83.224     84.919      0.222    1457.24    1457.22  0.000e+00
       8405     84.500     7.0623     7.0594    -0.0029    1.78528    1.78506          1     0.0721     0.0509       3.67     0.0606  4.168e+03  1.000e-12  1.946e+00    16.5080    16.5072    -0.0008    12.8841    12.8837     83.719     85.422      0.259    1457.24    1457.22  0.000e+00
