ctdpy/exports/archive_20191121_122431/received_data/SBE09_0827_20180125_1811_26_01_0203.cnv
* Sea-Bird SBE 9 Data File:
* FileName = D:\CTD_SBE911\DAT\26DA.2018.1.103.hex
* Software Version Seasave V 7.21d
* Temperature SN = 034757
* Conductivity SN = 041844
* Number of Bytes Per Scan = 48
* Number of Voltage Words = 5
* Number of Scans Averaged by the Deck Unit = 1
* NMEA Latitude = 56 20.82 N
* NMEA Longitude = 011 57.91 E
* NMEA UTC (Time) = Jan 25 2018  18:11:15
* NMEA baud rate = 4800
** Ship: DANA
** Average sound velocity: 1458.45 m/s
** True-depth calculation Thu, 28 Mar 2019 08:29:54 +0000
** CTD Python Module SMHI /ver 3-12/ feb 2012 
** LIMS Job: 20182601-0203
** Persgrund
** Operator: Ronny Sørensen
** Cruise: 01/2018
# nquan = 26
# nvalues = 57                          
# units = specified
# name 0 = scan: Scan Count
# name 1 = prDM: Pressure, Digiquartz [db]
# name 2 = t090C: Temperature [ITS-90, deg C]
# name 3 = t190C: Temperature, 2 [ITS-90, deg C]
# name 4 = T2-T190C: Temperature Difference, 2 - 1 [ITS-90, deg C]
# name 5 = c0S/m: Conductivity [S/m]
# name 6 = c1S/m: Conductivity, 2 [S/m]
# name 7 = pumps: Pump Status
# name 8 = sbeox1ML/L: Oxygen, SBE 43, 2 [ml/l]
# name 9 = sbeox0ML/L: Oxygen, SBE 43 [ml/l]
# name 10 = altM: Altimeter [m]
# name 11 = chloroflTC0: Chlorophyll, Turner Cyclops [ug/l]
# name 12 = cpar: CPAR/Corrected Irradiance [%]
# name 13 = par: PAR/Irradiance, Biospherical/Lico [µE/(cm^2*s)]
# name 14 = spar: SPAR, Biospherical/Licor
# name 15 = sal00: Salinity, Practical [PSU]
# name 16 = sal11: Salinity, Practical, 2 [PSU]
# name 17 = secS-priS: Salinity, Practical, Difference, 2 - 1 [PSU]
# name 18 = sigma-t00: Density [sigma-t, kg/m^3 ]
# name 19 = sigma-t11: Density, 2 [sigma-t, kg/m^3 ]
# name 20 = depSM: Depth [salt water, m], lat = 56.347
# name 21 = depFM: Depth [true depth, m], lat = 56.347
# name 22 = dz/dtM: Descent Rate [m/s], WS = 2
# name 23 = svCM: Sound Velocity [Chen-Millero, m/s]
# name 24 = svCM1: Sound Velocity, 2 [Chen-Millero, m/s]
# name 25 = flag: flag
# span 0 =        266,       2328       
# span 1 =      2.000,     30.000       
# span 2 =     3.4143,     7.1887       
# span 3 =     3.4192,     7.1831       
# span 4 =    -0.6681,     0.0049       
# span 5 =   1.435976,   3.325921       
# span 6 =   1.437073,   3.324729       
# span 7 =          1,          1       
# span 8 =     5.7096,     7.7077       
# span 9 =     5.8038,     7.7925       
# span 10 =       1.56,       9.96      
# span 11 =     0.0159,     0.0375      
# span 12 = 4.9241e-11, 4.9241e-11      
# span 13 = 1.0000e-12, 1.0000e-12      
# span 14 = 2.0308e+00, 2.0308e+00      
# span 15 =    14.5330,    32.5851      
# span 16 =    14.5462,    32.5752      
# span 17 =    -4.5304,     0.0192      
# span 18 =    11.5657,    25.4918      
# span 19 =    11.5763,    25.4844      
# span 20 =      1.982,     29.724      
# span 21 =      2.014,     30.002      
# span 22 =      0.182,      0.386      
# span 23 =    1438.02,    1476.85      
# span 24 =    1438.03,    1476.83      
# span 25 = 0.0000e+00, 0.0000e+00      
# interval = decibars: 0.5              
# start_time = Jan 25 2018 18:11:15 [NMEA time, first data scan]
# bad_flag = -9.990e-29
*END*
        266      2.000     3.4581     3.4560    -0.0021    1.43598    1.43764          1     7.6425     7.7361       9.96     0.0159  4.924e-11  1.000e-12  2.031e+00    14.5330    14.5521     0.0192    11.5657    11.5810      1.982      2.014      0.182    1438.02    1438.03  0.000e+00
        361      2.500     3.4521     3.4551     0.0030    1.44111    1.43707          1     7.6525     7.7268       9.96     0.0162  4.924e-11  1.000e-12  2.031e+00    14.5919    14.5462    -0.0457    11.6127    11.5763      2.477      2.517      0.282    1438.07    1438.03  0.000e+00
        399      3.000     3.4494     3.4517     0.0023    1.44490    1.44008          1     7.6681     7.7334       9.96     0.0162  4.924e-11  1.000e-12  2.031e+00    14.6345    14.5806    -0.0539    11.6467    11.6038      2.973      3.021      0.371    1438.13    1438.07  0.000e+00
        433      3.500     3.4505     3.4517     0.0012    1.44309    1.44084          1     7.6939     7.7613       9.96     0.0159  4.924e-11  1.000e-12  2.031e+00    14.6141    14.5888    -0.0253    11.6304    11.6103      3.468      3.524      0.322    1438.11    1438.08  0.000e+00
        472      4.000     3.4468     3.4511     0.0043    1.44759    1.44139          1     7.6582     7.7678       9.96     0.0159  4.924e-11  1.000e-12  2.031e+00    14.6650    14.5950    -0.0700    11.6710    11.6152      3.963      4.027      0.325    1438.17    1438.10  0.000e+00
        508      4.500     3.4457     3.4485     0.0028    1.44919    1.44421          1     7.6651     7.7790       9.96     0.0216  4.924e-11  1.000e-12  2.031e+00    14.6829    14.6269    -0.0560    11.6853    11.6407      4.459      4.531      0.320    1438.19    1438.14  0.000e+00
        545      5.000     3.4459     3.4469     0.0010    1.44942    1.44636          1     7.6910     7.7795       9.96     0.0223  4.924e-11  1.000e-12  2.031e+00    14.6852    14.6512    -0.0340    11.6871    11.6600      4.954      5.034      0.355    1438.21    1438.17  0.000e+00
        576      5.500     3.4414     3.4451     0.0038    1.45414    1.44802          1     7.6632     7.7859       9.96     0.0225  4.924e-11  1.000e-12  2.031e+00    14.7390    14.6701    -0.0689    11.7300    11.6751      5.450      5.538      0.386    1438.26    1438.19  0.000e+00
        610      6.000     3.4453     3.4440    -0.0013    1.44966    1.44995          1     7.6366     7.7742       9.96     0.0234  4.924e-11  1.000e-12  2.031e+00    14.6879    14.6916     0.0037    11.6892    11.6923      5.945      6.041      0.327    1438.22    1438.22  0.000e+00
        646      6.500     3.4406     3.4423     0.0016    1.45541    1.45199          1     7.6241     7.7825       9.96     0.0236  4.924e-11  1.000e-12  2.031e+00    14.7530    14.7147    -0.0382    11.7411    11.7107      6.441      6.544      0.350    1438.30    1438.25  0.000e+00
        681      7.000     3.4380     3.4422     0.0041    1.45663    1.45223          1     7.6230     7.7925       9.96     0.0232  4.924e-11  1.000e-12  2.031e+00    14.7675    14.7172    -0.0503    11.7528    11.7127      6.936      7.048      0.335    1438.31    1438.26  0.000e+00
        718      7.500     3.4374     3.4400     0.0025    1.45758    1.45429          1     7.6309     7.7741       9.96     0.0240  4.924e-11  1.000e-12  2.031e+00    14.7781    14.7408    -0.0373    11.7612    11.7315      7.431      7.551      0.322    1438.33    1438.29  0.000e+00
        754      8.000     3.4367     3.4387     0.0020    1.46234    1.45601          1     7.6433     7.7842       9.96     0.0241  4.924e-11  1.000e-12  2.031e+00    14.8306    14.7602    -0.0704    11.8030    11.7469      7.927      8.054      0.335    1438.40    1438.32  0.000e+00
        790      8.500     3.4382     3.4382    -0.0000    1.46038    1.45777          1     7.6605     7.7855       9.96     0.0233  4.924e-11  1.000e-12  2.031e+00    14.8082    14.7796    -0.0286    11.7851    11.7624      8.422      8.558      0.334    1438.39    1438.35  0.000e+00
        825      9.000     3.4396     3.4396    -0.0000    1.45933    1.45991          1     7.6842     7.7808       9.96     0.0234  4.924e-11  1.000e-12  2.031e+00    14.7959    14.8023     0.0064    11.7753    11.7804      8.918      9.061      0.351    1438.39    1438.39  0.000e+00
        859      9.500     3.4367     3.4376     0.0009    1.46439    1.46204          1     7.6765     7.7832       9.96     0.0235  4.924e-11  1.000e-12  2.031e+00    14.8528    14.8265    -0.0263    11.8206    11.7997      9.413      9.564      0.339    1438.45    1438.42  0.000e+00
        896     10.000     3.4401     3.4394    -0.0007    1.46870    1.46558          1     7.6660     7.7683       9.96     0.0232  4.924e-11  1.000e-12  2.031e+00    14.8985    14.8645    -0.0340    11.8568    11.8298      9.908     10.068      0.325    1438.54    1438.49  0.000e+00
        932     10.500     3.4394     3.4379    -0.0016    1.46768    1.46838          1     7.6709     7.7678       9.96     0.0232  4.924e-11  1.000e-12  2.031e+00    14.8874    14.8958     0.0084    11.8480    11.8547     10.404     10.571      0.360    1438.53    1438.53  0.000e+00
        965     11.000     3.4322     3.4326     0.0004    1.49280    1.47942          1     7.7077     7.7352       9.96     0.0232  4.924e-11  1.000e-12  2.031e+00    15.1671    15.0196    -0.1475    12.0705    11.9533     10.899     11.074      0.346    1438.86    1438.67  0.000e+00
       1002     11.500     3.4143     3.4192     0.0049    1.49465    1.48796          1     7.6878     7.7238       9.96     0.0232  4.924e-11  1.000e-12  2.031e+00    15.1957    15.1197    -0.0760    12.0939    12.0334     11.395     11.577      0.319    1438.83    1438.75  0.000e+00
       1038     12.000     3.4603     3.4491    -0.0113    1.52218    1.50620          1     7.6598     7.6496       9.96     0.0231  4.924e-11  1.000e-12  2.031e+00    15.4774    15.3066    -0.1708    12.3158    12.1806     11.890     12.081      0.348    1439.40    1439.13  0.000e+00
       1071     12.500     3.4897     3.4777    -0.0120    1.55385    1.53187          1     7.6430     7.6227       9.96     0.0230  4.924e-11  1.000e-12  2.031e+00    15.8129    15.5758    -0.2371    12.5811    12.3933     12.386     12.584      0.364    1439.97    1439.61  0.000e+00
       1106     13.000     3.5550     3.5018    -0.0533    1.64806    1.57547          1     7.5324     7.5379       9.96     0.0232  4.924e-11  1.000e-12  2.031e+00    16.8224    16.0456    -0.7767    13.3798    12.7654     12.881     13.086      0.317    1441.57    1440.33  0.000e+00
       1145     13.500     3.6089     3.5481    -0.0608    1.67166    1.60388          1     7.4880     7.3864       9.96     0.0230  4.924e-11  1.000e-12  2.031e+00    17.0559    16.3364    -0.7194    13.5626    12.9942     13.376     13.589      0.320    1442.11    1440.92  0.000e+00
       1180     14.000     3.7506     3.6918    -0.0590    1.72230    1.68024          1     7.3551     7.2305       9.96     0.0231  4.924e-11  1.000e-12  2.031e+00    17.5414    17.1070    -0.4343    13.9408    13.5991     13.872     14.091      0.350    1443.37    1442.55  0.000e+00
       1215     14.500     4.1634     3.7939    -0.3698    1.88686    1.72216          1     6.9287     6.8296       9.96     0.0232  4.924e-11  1.000e-12  2.031e+00    19.1272    17.5166    -1.6106    15.1736    13.9189     14.367     14.593      0.337    1447.21    1443.54  0.000e+00
       1251     15.000     4.9234     4.2554    -0.6681    2.16241    1.83998          1     6.6771     6.5111       9.96     0.0232  4.924e-11  1.000e-12  2.031e+00    21.6929    18.5554    -3.1375    17.1502    14.7143     14.863     15.094      0.348    1453.74    1446.88  0.000e+00
       1284     15.500     5.8802     5.2562    -0.6234    2.68303    2.22728          1     6.5930     6.1134       9.96     0.0230  4.924e-11  1.000e-12  2.031e+00    26.7057    22.1753    -4.5304    21.0175    17.5019     15.358     15.594      0.355    1464.05    1455.75  0.000e+00
       1319     16.000     6.2267     5.9327    -0.2941    2.96967    2.71247          1     6.2969     6.0732       9.96     0.0235  4.924e-11  1.000e-12  2.031e+00    29.5680    26.9911    -2.5769    23.2369    21.2380     15.853     16.092      0.327    1469.06    1464.63  0.000e+00
       1358     16.500     6.6473     6.3149    -0.3316    3.10670    2.92673          1     6.1171     5.9754       9.96     0.0238  4.924e-11  1.000e-12  2.031e+00    30.6978    29.0192    -1.6786    24.0761    22.7937     16.349     16.590      0.313    1472.16    1468.73  0.000e+00
       1395     17.000     6.8874     6.7703    -0.1178    3.18003    3.10626          1     6.0282     5.9097       9.96     0.0244  4.924e-11  1.000e-12  2.031e+00    31.2813    30.5832    -0.6981    24.5053    23.9706     16.844     17.087      0.326    1473.85    1472.51  0.000e+00
       1435     17.500     6.9358     6.8757    -0.0602    3.20856    3.16862          1     5.9124     5.9029       9.96     0.0249  4.924e-11  1.000e-12  2.031e+00    31.5476    31.1676    -0.3800    24.7086    24.4173     17.340     17.584      0.277    1474.38    1473.67  0.000e+00
       1478     18.000     6.9546     6.9266    -0.0280    3.22263    3.20176          1     5.8344     5.9037       9.96     0.0257  4.924e-11  1.000e-12  2.031e+00    31.6833    31.4818    -0.2015    24.8129    24.6580     17.835     18.081      0.290    1474.63    1474.27  0.000e+00
       1517     18.500     6.9639     6.9436    -0.0203    3.22692    3.21371          1     5.8191     5.9047       9.96     0.0258  4.924e-11  1.000e-12  2.031e+00    31.7212    31.5961    -0.1251    24.8416    24.7458     18.330     18.578      0.330    1474.72    1474.48  0.000e+00
       1554     19.000     6.9736     6.9442    -0.0294    3.23116    3.21754          1     5.7958     5.8972       9.96     0.0264  4.924e-11  1.000e-12  2.031e+00    31.7582    31.6370    -0.1212    24.8694    24.7779     18.826     19.075      0.302    1474.81    1474.54  0.000e+00
       1595     19.500     6.9823     6.9480    -0.0343    3.23555    3.22091          1     5.7784     5.9053       9.96     0.0272  4.924e-11  1.000e-12  2.031e+00    31.7978    31.6700    -0.1278    24.8995    24.8034     19.321     19.572      0.308    1474.90    1474.61  0.000e+00
       1630     20.000     6.9871     6.9471    -0.0400    3.23891    3.22420          1     5.7921     5.8882       9.96     0.0269  4.924e-11  1.000e-12  2.031e+00    31.8297    31.7064    -0.1232    24.9239    24.8322     19.816     20.069      0.355    1474.97    1474.66  0.000e+00
       1665     20.500     7.0080     6.9667    -0.0415    3.24682    3.22961          1     5.7939     5.8794       9.96     0.0269  4.924e-11  1.000e-12  2.031e+00    31.8961    31.7470    -0.1491    24.9735    24.8615     20.312     20.565      0.323    1475.14    1474.79  0.000e+00
       1704     21.000     7.0694     7.0071    -0.0622    3.26546    3.24179          1     5.7952     5.8549       9.87     0.0269  4.924e-11  1.000e-12  2.031e+00    32.0417    31.8420    -0.1997    25.0799    24.9310     20.807     21.062      0.308    1475.57    1475.08  0.000e+00
       1742     21.500     7.0936     7.0587    -0.0350    3.27428    3.25919          1     5.7844     5.8353       9.44     0.0269  4.924e-11  1.000e-12  2.031e+00    32.1148    31.9833    -0.1315    25.1342    25.0354     21.303     21.559      0.331    1475.77    1475.46  0.000e+00
       1777     22.000     7.1084     7.0645    -0.0437    3.27967    3.26389          1     5.7612     5.8339       8.96     0.0274  4.924e-11  1.000e-12  2.031e+00    32.1594    32.0287    -0.1307    25.1673    25.0703     21.798     22.056      0.344    1475.89    1475.55  0.000e+00
       1813     22.500     7.1461     7.0781    -0.0679    3.29435    3.26935          1     5.7621     5.8258       8.47     0.0271  4.924e-11  1.000e-12  2.031e+00    32.2834    32.0752    -0.2082    25.2598    25.1051     22.293     22.553      0.329    1476.20    1475.67  0.000e+00
       1849     23.000     7.1882     7.1252    -0.0632    3.31586    3.28533          1     5.7476     5.8144       7.97     0.0278  4.924e-11  1.000e-12  2.031e+00    32.4774    32.2048    -0.2726    25.4068    25.2008     22.789     23.049      0.347    1476.61    1476.03  0.000e+00
       1882     23.500     7.1887     7.1460    -0.0428    3.32015    3.29841          1     5.7648     5.8133       7.49     0.0281  4.924e-11  1.000e-12  2.031e+00    32.5232    32.3272    -0.1960    25.4427    25.2943     23.284     23.546      0.375    1476.68    1476.27  0.000e+00
       1915     24.000     7.1880     7.1605    -0.0276    3.32387    3.30758          1     5.7660     5.8201       6.98     0.0284  4.924e-11  1.000e-12  2.031e+00    32.5641    32.4131    -0.1510    25.4750    25.3599     23.780     24.043      0.352    1476.73    1476.44  0.000e+00
       1949     24.500     7.1867     7.1634    -0.0234    3.32481    3.31224          1     5.7562     5.8227       6.47     0.0296  4.924e-11  1.000e-12  2.031e+00    32.5754    32.4607    -0.1147    25.4841    25.3970     24.275     24.539      0.353    1476.75    1476.52  0.000e+00
       1982     25.000     7.1859     7.1681    -0.0177    3.32492    3.31599          1     5.7595     5.8265       5.98     0.0306  4.924e-11  1.000e-12  2.031e+00    32.5771    32.4967    -0.0804    25.4856    25.4247     24.770     25.036      0.358    1476.76    1476.59  0.000e+00
       2017     25.500     7.1851     7.1734    -0.0118    3.32505    3.31901          1     5.7431     5.8200       5.49     0.0316  4.924e-11  1.000e-12  2.031e+00    32.5789    32.5244    -0.0545    25.4871    25.4458     25.266     25.532      0.334    1476.77    1476.65  0.000e+00
       2053     26.000     7.1844     7.1753    -0.0091    3.32517    3.32069          1     5.7241     5.8245       5.01     0.0319  4.924e-11  1.000e-12  2.031e+00    32.5806    32.5406    -0.0400    25.4885    25.4583     25.761     26.029      0.348    1476.77    1476.69  0.000e+00
       2086     26.500     7.1837     7.1781    -0.0057    3.32523    3.32228          1     5.7216     5.8185       4.52     0.0330  4.924e-11  1.000e-12  2.031e+00    32.5817    32.5550    -0.0267    25.4895    25.4692     26.256     26.526      0.368    1476.78    1476.73  0.000e+00
       2120     27.000     7.1828     7.1789    -0.0039    3.32530    3.32323          1     5.7208     5.8175       4.02     0.0331  4.924e-11  1.000e-12  2.031e+00    32.5832    32.5643    -0.0189    25.4907    25.4764     26.752     27.022      0.343    1476.79    1476.75  0.000e+00
       2155     27.500     7.1831     7.1781    -0.0050    3.32536    3.32346          1     5.7367     5.8253       3.53     0.0333  4.924e-11  1.000e-12  2.031e+00    32.5833    32.5673    -0.0160    25.4908    25.4789     27.247     27.519      0.350    1476.80    1476.76  0.000e+00
       2188     28.000     7.1831     7.1798    -0.0033    3.32538    3.32383          1     5.7096     5.8167       3.02     0.0335  4.924e-11  1.000e-12  2.031e+00    32.5833    32.5695    -0.0138    25.4908    25.4804     27.743     28.015      0.376    1476.80    1476.77  0.000e+00
       2221     28.500     7.1850     7.1792    -0.0058    3.32561    3.32392          1     5.7361     5.8147       2.52     0.0342  4.924e-11  1.000e-12  2.031e+00    32.5836    32.5708    -0.0129    25.4908    25.4815     28.238     28.512      0.335    1476.82    1476.78  0.000e+00
       2257     29.000     7.1862     7.1813    -0.0049    3.32575    3.32427          1     5.7413     5.8125       2.03     0.0362  4.924e-11  1.000e-12  2.031e+00    32.5839    32.5724    -0.0115    25.4908    25.4824     28.733     29.009      0.345    1476.83    1476.80  0.000e+00
