ctdpy/exports/archive_20191121_122431/received_data/SBE09_0827_20181007_1041_26_01_1035.cnv
* Sea-Bird SBE 9 Data File:
* FileName = D:\CTD_SBE911\DAT\26DA.2018.10.35.hex
* Software Version Seasave V 7.21d
* Temperature SN = 4548
* Conductivity SN = 3062
* Number of Bytes Per Scan = 48
* Number of Voltage Words = 5
* Number of Scans Averaged by the Deck Unit = 1
* NMEA Latitude = 58 29.84 N
* NMEA Longitude = 017 44.78 E
* NMEA UTC (Time) = Oct 07 2018  10:43:48
* NMEA baud rate = 4800
** Ship: DANA
** Average sound velocity: 1437.54 m/s
** True-depth calculation Thu, 28 Mar 2019 12:20:31 +0000
** CTD Python Module SMHI /ver 3-12/ feb 2012 
** LIMS Job: 20182601-1035
** Operator: Christian
** Cruise: 10/2018
# nquan = 26
# nvalues = 165                         
# units = specified
# name 0 = scan: Scan Count
# name 1 = prDM: Pressure, Digiquartz [db]
# name 2 = t090C: Temperature [ITS-90, deg C]
# name 3 = t190C: Temperature, 2 [ITS-90, deg C]
# name 4 = T2-T190C: Temperature Difference, 2 - 1 [ITS-90, deg C]
# name 5 = c0S/m: Conductivity [S/m]
# name 6 = c1S/m: Conductivity, 2 [S/m]
# name 7 = pumps: Pump Status
# name 8 = sbeox1ML/L: Oxygen, SBE 43, 2 [ml/l]
# name 9 = sbeox0ML/L: Oxygen, SBE 43 [ml/l]
# name 10 = altM: Altimeter [m]
# name 11 = chloroflTC0: Chlorophyll, Turner Cyclops [ug/l]
# name 12 = cpar: CPAR/Corrected Irradiance [%]
# name 13 = par: PAR/Irradiance, Biospherical/Lico [µE/(cm^2*s)]
# name 14 = spar: SPAR, Biospherical/Licor
# name 15 = sal00: Salinity, Practical [PSU]
# name 16 = sal11: Salinity, Practical, 2 [PSU]
# name 17 = secS-priS: Salinity, Practical, Difference, 2 - 1 [PSU]
# name 18 = sigma-t00: Density [sigma-t, kg/m^3 ]
# name 19 = sigma-t11: Density, 2 [sigma-t, kg/m^3 ]
# name 20 = depSM: Depth [salt water, m], lat = 58.4973
# name 21 = depFM: Depth [true depth, m], lat = 58.4973
# name 22 = dz/dtM: Descent Rate [m/s], WS = 2
# name 23 = svCM: Sound Velocity [Chen-Millero, m/s]
# name 24 = svCM1: Sound Velocity, 2 [Chen-Millero, m/s]
# name 25 = flag: flag
# span 0 =        155,       8085       
# span 1 =      1.500,     83.500       
# span 2 =     3.7924,     8.2331       
# span 3 =     3.7958,     8.2360       
# span 4 =    -0.1085,     0.2744       
# span 5 =   0.774562,   1.028264       
# span 6 =   0.775076,   1.027287       
# span 7 =          1,          1       
# span 8 =     0.4371,     7.6867       
# span 9 =     0.4204,     7.2175       
# span 10 =       1.13,      10.00      
# span 11 =     0.0159,     0.0321      
# span 12 = -3.631e-06, 1.4850e+00      
# span 13 = -6.237e-05, 2.5485e+01      
# span 14 = 1.7126e+03, 1.7192e+03      
# span 15 =     6.9644,     9.6191      
# span 16 =     6.9644,     9.6108      
# span 17 =    -0.1596,     0.0026      
# span 18 =     5.3085,     7.6011      
# span 19 =     5.3083,     7.5948      
# span 20 =      1.486,     82.706      
# span 21 =      1.520,     84.535      
# span 22 =      0.050,      0.334      
# span 23 =    1430.95,    1448.87      
# span 24 =    1430.98,    1448.87      
# span 25 = 0.0000e+00, 0.0000e+00      
# interval = decibars: 0.5              
# start_time = Oct 07 2018 10:43:49 [NMEA time, first data scan]
# bad_flag = -9.990e-29
*END*
[from data line 56]
       2905     29.500     4.3240     4.4479     0.1238    0.77582    0.77754          1     7.3789     7.0355       9.96     0.0171  5.827e-14  1.000e-12  1.716e+03     7.2811     7.2710    -0.0101     5.7796     5.7679     29.223     29.885      0.290    1433.02    1433.56  0.000e+00
       2948     30.000     4.1933     4.3103     0.1169    0.77456    0.77610          1     7.3733     6.9948       9.96     0.0171  5.825e-14  1.000e-12  1.717e+03     7.2973     7.2869    -0.0104     5.7961     5.7845     29.719     30.391      0.277    1432.46    1432.97  0.000e+00
       2992     30.500     4.1742     4.2105     0.0364    0.77468    0.77516          1     7.3745     6.9658       9.96     0.0170  5.821e-14  1.000e-12  1.718e+03     7.3027     7.2995    -0.0032     5.8009     5.7974     30.214     30.897      0.262    1432.39    1432.55  0.000e+00
       3040     31.000     4.1642     4.1809     0.0167    0.77482    0.77508          1     7.3778     6.9478       9.96     0.0170  5.827e-14  1.000e-12  1.716e+03     7.3063     7.3051    -0.0012     5.8041     5.8027     30.709     31.404      0.241    1432.36    1432.43  0.000e+00
       3089     31.500     4.1488     4.1650     0.0161    0.77488    0.77511          1     7.3699     6.9495       9.96     0.0168  5.827e-14  1.000e-12  1.716e+03     7.3103     7.3089    -0.0013     5.8076     5.8061     31.204     31.910      0.248    1432.30    1432.37  0.000e+00
       3140     32.000     4.1325     4.1466     0.0141    0.77493    0.77510          1     7.3636     6.9439       9.96     0.0168  5.820e-14  1.000e-12  1.718e+03     7.3143     7.3129    -0.0015     5.8113     5.8098     31.700     32.416      0.228    1432.24    1432.30  0.000e+00
       3190     32.500     4.1204     4.1332     0.0128    0.77508    0.77517          1     7.3491     6.9317       9.96     0.0168  5.825e-14  1.000e-12  1.717e+03     7.3184     7.3165    -0.0019     5.8149     5.8130     32.195     32.923      0.285    1432.20    1432.25  0.000e+00
       3226     33.000     4.0953     4.1194     0.0241    0.77565    0.77533          1     7.3300     6.9280       9.96     0.0168  5.827e-14  1.000e-12  1.716e+03     7.3298     7.3212    -0.0086     5.8245     5.8171     32.690     33.429      0.334    1432.11    1432.21  0.000e+00
       3269     33.500     4.0994     4.1053     0.0059    0.77695    0.77624          1     7.2860     6.9072       9.96     0.0163  5.824e-14  1.000e-12  1.717e+03     7.3420     7.3335    -0.0085     5.8341     5.8272     33.186     33.935      0.239    1432.15    1432.17  0.000e+00
       3320     34.000     4.0471     4.0809     0.0338    0.77667    0.77676          1     7.2746     6.8780       9.96     0.0163  5.827e-14  1.000e-12  1.716e+03     7.3508     7.3441    -0.0067     5.8425     5.8363     33.681     34.441      0.258    1431.94    1432.08  0.000e+00
       3366     34.500     4.0419     4.0545     0.0127    0.77808    0.77734          1     7.2265     6.8661       9.96     0.0163  5.827e-14  1.000e-12  1.716e+03     7.3663     7.3559    -0.0103     5.8549     5.8463     34.176     34.948      0.250    1431.94    1431.98  0.000e+00
       3418     35.000     3.9789     4.0208     0.0420    0.77795    0.77814          1     7.1776     6.8332       9.96     0.0164  5.822e-14  1.000e-12  1.718e+03     7.3790     7.3716    -0.0074     5.8666     5.8596     34.671     35.454      0.229    1431.68    1431.86  0.000e+00
       3465     35.500     3.8610     3.9465     0.0853    0.77595    0.77732          1     7.2097     6.7963       9.96     0.0162  5.827e-14  1.000e-12  1.716e+03     7.3853     7.3799    -0.0054     5.8743     5.8680     35.167     35.960      0.279    1431.17    1431.54  0.000e+00
       3509     36.000     3.8519     3.8806     0.0287    0.77653    0.77662          1     7.2016     6.7921       9.96     0.0160  5.827e-14  1.000e-12  1.716e+03     7.3932     7.3876    -0.0056     5.8808     5.8757     35.662     36.467      0.267    1431.14    1431.27  0.000e+00
       3552     36.500     3.8439     3.8573     0.0134    0.77655    0.77669          1     7.2004     6.7820       9.96     0.0160  5.832e-14  1.000e-12  1.715e+03     7.3951     7.3935    -0.0016     5.8824     5.8809     36.157     36.973      0.290    1431.12    1431.17  0.000e+00
       3596     37.000     3.8384     3.8477     0.0092    0.77667    0.77673          1     7.1967     6.7771       9.96     0.0160  5.827e-14  1.000e-12  1.716e+03     7.3976     7.3961    -0.0015     5.8845     5.8832     36.652     37.479      0.247    1431.10    1431.14  0.000e+00
       3647     37.500     3.8102     3.8286     0.0183    0.77689    0.77682          1     7.1789     6.7657       9.96     0.0160  5.827e-14  1.000e-12  1.716e+03     7.4061     7.4012    -0.0048     5.8919     5.8877     37.148     37.986      0.237    1430.99    1431.07  0.000e+00
       3695     38.000     3.8000     3.8102     0.0102    0.77753    0.77725          1     7.1462     6.7543       9.96     0.0159  5.827e-14  1.000e-12  1.716e+03     7.4150     7.4097    -0.0053     5.8992     5.8948     37.643     38.492      0.260    1430.97    1431.01  0.000e+00
       3744     38.500     3.7924     3.7999     0.0075    0.77811    0.77781          1     7.1283     6.7281       9.96     0.0159  5.822e-14  1.000e-12  1.718e+03     7.4225     7.4177    -0.0048     5.9054     5.9014     38.138     38.998      0.234    1430.95    1430.98  0.000e+00
       3792     39.000     3.7973     3.7958    -0.0015    0.77947    0.77857          1     7.0856     6.7057       9.96     0.0159  5.824e-14  1.000e-12  1.717e+03     7.4352     7.4264    -0.0089     5.9154     5.9084     38.633     39.504      0.283    1431.00    1430.98  0.000e+00
       3833     39.500     3.7961     3.7996     0.0034    0.78028    0.77965          1     7.0411     6.6696       9.96     0.0161  5.825e-14  1.000e-12  1.717e+03     7.4438     7.4365    -0.0073     5.9222     5.9164     39.129     40.011      0.284    1431.01    1431.02  0.000e+00
       3879     40.000     3.7978     3.7983     0.0005    0.78089    0.78038          1     7.0157     6.6172       9.96     0.0160  5.821e-14  1.000e-12  1.718e+03     7.4496     7.4443    -0.0053     5.9268     5.9226     39.624     40.517      0.233    1431.03    1431.03  0.000e+00
       3932     40.500     3.8436     3.8115    -0.0322    0.78303    0.78146          1     6.9747     6.5759       9.96     0.0159  5.821e-14  1.000e-12  1.718e+03     7.4609     7.4522    -0.0087     5.9348     5.9286     40.119     41.023      0.248    1431.26    1431.11  0.000e+00
       3978     41.000     4.0027     3.8941    -0.1085    0.79101    0.78493          1     6.7435     6.5375       9.96     0.0163  5.819e-14  1.000e-12  1.718e+03     7.5059     7.4688    -0.0372     5.9668     5.9399     40.614     41.529      0.253    1432.05    1431.51  0.000e+00
       4029     41.500     3.9758     3.9779     0.0020    0.79422    0.79171          1     6.5547     6.3850       9.96     0.0165  5.817e-14  1.000e-12  1.719e+03     7.5447     7.5187    -0.0261     5.9983     5.9776     41.110     42.036      0.235    1431.98    1431.96  0.000e+00
       4073     42.000     3.9589     3.9676     0.0087    0.79452    0.79349          1     6.5225     6.2567       9.96     0.0162  5.826e-14  1.000e-12  1.717e+03     7.5517     7.5392    -0.0126     6.0043     5.9941     41.605     42.542      0.331    1431.92    1431.94  0.000e+00
       4108     42.500     3.9286     3.9522     0.0236    0.79531    0.79450          1     6.4978     6.2055       9.96     0.0164  5.823e-14  1.000e-12  1.717e+03     7.5667     7.5530    -0.0138     6.0170     6.0054     42.100     43.048      0.308    1431.81    1431.90  0.000e+00
       4153     43.000     3.9012     3.9217     0.0205    0.79543    0.79521          1     6.4870     6.1553       9.96     0.0165  5.820e-14  1.000e-12  1.718e+03     7.5743     7.5672    -0.0071     6.0236     6.0175     42.595     43.554      0.250    1431.71    1431.79  0.000e+00
       4200     43.500     3.8961     3.9051     0.0089    0.79594    0.79544          1     6.4682     6.1174       9.96     0.0161  5.822e-14  1.000e-12  1.718e+03     7.5806     7.5733    -0.0072     6.0287     6.0228     43.091     44.061      0.258    1431.70    1431.73  0.000e+00
       4247     44.000     3.9214     3.9075    -0.0139    0.79821    0.79653          1     6.3700     6.0872       9.96     0.0164  5.824e-14  1.000e-12  1.717e+03     7.5978     7.5838    -0.0140     6.0419     6.0310     43.586     44.567      0.247    1431.85    1431.76  0.000e+00
       4299     44.500     3.9307     3.9221    -0.0086    0.79925    0.79817          1     6.3018     6.0199       9.96     0.0164  5.819e-14  1.000e-12  1.719e+03     7.6063     7.5971    -0.0091     6.0483     6.0413     44.081     45.073      0.227    1431.91    1431.86  0.000e+00
       4348     45.000     3.9300     3.9300     0.0000    0.79998    0.79912          1     6.2783     5.9639       9.96     0.0160  5.822e-14  1.000e-12  1.718e+03     7.6138     7.6050    -0.0088     6.0543     6.0473     44.576     45.579      0.260    1431.92    1431.91  0.000e+00
       4395     45.500     3.9213     3.9272     0.0059    0.80059    0.79988          1     6.2550     5.9236       9.96     0.0162  5.824e-14  1.000e-12  1.717e+03     7.6219     7.6134    -0.0085     6.0610     6.0541     45.072     46.085      0.253    1431.90    1431.91  0.000e+00
       4440     46.000     3.9339     3.9263    -0.0076    0.80160    0.80056          1     6.2319     5.8973       9.96     0.0164  5.820e-14  1.000e-12  1.718e+03     7.6293     7.6204    -0.0089     6.0666     6.0597     45.567     46.592      0.274    1431.97    1431.93  0.000e+00
       4486     46.500     3.9374     3.9332    -0.0042    0.80214    0.80136          1     6.2004     5.8826       9.96     0.0161  5.820e-14  1.000e-12  1.718e+03     7.6339     7.6270    -0.0070     6.0701     6.0647     46.062     47.098      0.246    1432.00    1431.98  0.000e+00
       4535     47.000     3.9177     3.9304     0.0127    0.80282    0.80220          1     6.1592     5.8492       9.96     0.0160  5.820e-14  1.000e-12  1.718e+03     7.6454     7.6361    -0.0093     6.0797     6.0720     46.557     47.604      0.251    1431.94    1431.98  0.000e+00
       4585     47.500     3.9043     3.9152     0.0109    0.80352    0.80292          1     6.1194     5.8090       9.96     0.0160  5.820e-14  1.000e-12  1.718e+03     7.6557     7.6470    -0.0087     6.0882     6.0810     47.052     48.110      0.224    1431.90    1431.94  0.000e+00
       4639     48.000     3.9032     3.9081     0.0049    0.80494    0.80388          1     6.0723     5.7709       9.96     0.0160  5.821e-14  1.000e-12  1.718e+03     7.6704     7.6583    -0.0121     6.1000     6.0902     47.548     48.616      0.241    1431.92    1431.93  0.000e+00
       4685     48.500     3.8938     3.9007     0.0069    0.80603    0.80506          1     6.0233     5.7277       9.96     0.0160  5.827e-14  1.000e-12  1.716e+03     7.6837     7.6721    -0.0116     6.1107     6.1014     48.043     49.123      0.260    1431.90    1431.92  0.000e+00
       4734     49.000     3.8935     3.8961     0.0026    0.80636    0.80591          1     6.0038     5.6843       9.96     0.0159  5.824e-14  1.000e-12  1.717e+03     7.6871     7.6819    -0.0052     6.1134     6.1093     48.538     49.629      0.241    1431.91    1431.92  0.000e+00
       4782     49.500     3.8933     3.8945     0.0012    0.80683    0.80645          1     5.9839     5.6583       9.96     0.0160  5.822e-14  1.000e-12  1.718e+03     7.6919     7.6877    -0.0041     6.1173     6.1139     49.033     50.135      0.263    1431.93    1431.93  0.000e+00
       4828     50.000     3.8967     3.8948    -0.0019    0.80720    0.80684          1     5.9752     5.6364       9.96     0.0160  5.827e-14  1.000e-12  1.716e+03     7.6948     7.6915    -0.0033     6.1195     6.1169     49.529     50.641      0.247    1431.95    1431.94  0.000e+00
       4882     50.500     3.9016     3.8994    -0.0022    0.80792    0.80745          1     5.9440     5.6129       9.96     0.0159  5.822e-14  1.000e-12  1.718e+03     7.7009     7.6966    -0.0043     6.1242     6.1209     50.024     51.147      0.219    1431.99    1431.98  0.000e+00
       4931     51.000     3.9028     3.9023    -0.0005    0.80824    0.80796          1     5.9266     5.5896       9.96     0.0162  5.824e-14  1.000e-12  1.717e+03     7.7038     7.7012    -0.0027     6.1265     6.1244     50.519     51.653      0.251    1432.01    1432.00  0.000e+00
       4982     51.500     3.9043     3.9040    -0.0004    0.80854    0.80832          1     5.9224     5.5720       9.96     0.0161  5.827e-14  1.000e-12  1.716e+03     7.7065     7.7044    -0.0022     6.1287     6.1269     51.014     52.160      0.234    1432.03    1432.02  0.000e+00
       5029     52.000     3.9053     3.9048    -0.0005    0.80875    0.80854          1     5.9137     5.5651       9.96     0.0160  5.825e-14  1.000e-12  1.717e+03     7.7083     7.7063    -0.0020     6.1300     6.1284     51.510     52.666      0.272    1432.04    1432.04  0.000e+00
       5075     52.500     3.9083     3.9064    -0.0019    0.80934    0.80883          1     5.8870     5.5565       9.96     0.0161  5.827e-14  1.000e-12  1.716e+03     7.7136     7.7088    -0.0048     6.1342     6.1304     52.005     53.172      0.242    1432.07    1432.06  0.000e+00
       5126     53.000     3.9098     3.9092    -0.0006    0.81014    0.80960          1     5.8557     5.5395       9.96     0.0159  5.824e-14  1.000e-12  1.717e+03     7.7214     7.7159    -0.0055     6.1403     6.1360     52.500     53.678      0.251    1432.09    1432.08  0.000e+00
       5174     53.500     3.9078     3.9096     0.0018    0.81098    0.81039          1     5.8260     5.5140       9.96     0.0161  5.829e-14  1.000e-12  1.716e+03     7.7304     7.7240    -0.0065     6.1475     6.1424     52.995     54.184      0.223    1432.10    1432.11  0.000e+00
       5229     54.000     3.8987     3.9060     0.0073    0.81105    0.81091          1     5.8214     5.4940       9.96     0.0160  5.827e-14  1.000e-12  1.716e+03     7.7332     7.7300    -0.0032     6.1500     6.1473     53.490     54.690      0.250    1432.08    1432.10  0.000e+00
       5274     54.500     3.8393     3.8892     0.0499    0.81132    0.81104          1     5.8247     5.4786       9.96     0.0160  5.827e-14  1.000e-12  1.716e+03     7.7500     7.7353    -0.0148     6.1647     6.1518     53.986     55.197      0.262    1431.84    1432.04  0.000e+00
       5322     55.000     3.8697     3.8574    -0.0123    0.81372    0.81200          1     5.7535     5.4701       9.96     0.0159  5.827e-14  1.000e-12  1.716e+03     7.7673     7.7526    -0.0147     6.1778     6.1664     54.481     55.703      0.244    1432.00    1431.93  0.000e+00
       5369     55.500     3.8873     3.8766    -0.0107    0.81480    0.81378          1     5.6783     5.4219       9.96     0.0159  5.834e-14  1.000e-12  1.714e+03     7.7742     7.7663    -0.0079     6.1828     6.1768     54.976     56.209      0.263    1432.10    1432.04  0.000e+00
       5416     56.000     3.8866     3.8851    -0.0015    0.81541    0.81463          1     5.6471     5.3727       9.96     0.0159  5.828e-14  1.000e-12  1.716e+03     7.7805     7.7729    -0.0076     6.1878     6.1819     55.471     56.715      0.249    1432.11    1432.10  0.000e+00
       5463     56.500     3.8869     3.8869     0.0000    0.81628    0.81551          1     5.6164     5.3341       9.96     0.0160  5.832e-14  1.000e-12  1.715e+03     7.7893     7.7814    -0.0079     6.1948     6.1886     55.966     57.221      0.253    1432.13    1432.12  0.000e+00
