ctdpy/exports/archive_20191121_122431/received_data/SBE09_1044_20180526_2340_34_07_0028.cnv
* Sea-Bird SBE 9 Data File:
* FileName = C:\ctd\temp\2018\AU18D028.hex
* Software Version Seasave V 7.26.6.26
* Temperature SN = 5351
* Conductivity SN = 3941
* Number of Bytes Per Scan = 41
* Number of Voltage Words = 4
* Number of Scans Averaged by the Deck Unit = 1
* NMEA Latitude = 58 20.42 N
* NMEA Longitude = 011 01.66 E
* NMEA UTC (Time) = May 26 2018  23:40:56
* NMEA baud rate = 4800
** Station:  A13
** Operator:  SSip
** Ship: AURA
** Average sound velocity: 1478.40 m/s
** True-depth calculation Sun, 27 May 2018 00:18:43 +0000
** CTD Python Module SMHI /ver 3-12/ feb 2012 
** LIMS Job: 20183407-0028
** Cruise: SMHI-02-2018
** Latitude [GG MM.mm N] :
** Longitude [GG MM.mm E]:
# nquan = 26
# nvalues = 188                         
# units = specified
# name 0 = scan: Scan Count
# name 1 = prDM: Pressure, Digiquartz [db]
# name 2 = t090C: Temperature [ITS-90, deg C]
# name 3 = t190C: Temperature, 2 [ITS-90, deg C]
# name 4 = T2-T190C: Temperature Difference, 2 - 1 [ITS-90, deg C]
# name 5 = c0S/m: Conductivity [S/m]
# name 6 = c1S/m: Conductivity, 2 [S/m]
# name 7 = pumps: Pump Status
# name 8 = sbeox0ML/L: Oxygen, SBE 43 [ml/l]
# name 9 = sbeox1ML/L: Oxygen, SBE 43, 2 [ml/l]
# name 10 = altM: Altimeter [m]
# name 11 = flECO-AFL: Chl-a Fluorescence, WET Labs ECO-AFL/FL [mg/m^3]
# name 12 = flECO-AFL1: Phycocyanin Fluorescence, WET Labs ECO-AFL/FL, 2 [mg/m^3]
# name 13 = par: PAR/Irradiance, Biospherical/Lico [µE/(cm^2*s)]
# name 14 = turbWETntu0: Turbidity, WET Labs ECO [NTU]
# name 15 = sal00: Salinity, Practical [PSU]
# name 16 = sal11: Salinity, Practical, 2 [PSU]
# name 17 = secS-priS: Salinity, Practical, Difference, 2 - 1 [PSU]
# name 18 = sigma-t00: Density [sigma-t, Kg/m^3 ]
# name 19 = sigma-t11: Density, 2 [sigma-t, Kg/m^3 ]
# name 20 = depSM: Depth [salt water, m], lat = 58.3403
# name 21 = depFM: Depth [true depth, m], lat = 58.3403
# name 22 = dz/dtM: Descent Rate [m/s], WS = 2
# name 23 = svCM: Sound Velocity [Chen-Millero, m/s]
# name 24 = svCM1: Sound Velocity, 2 [Chen-Millero, m/s]
# name 25 = flag: flag
# span 0 =       6079,       9821       
# span 1 =      1.000,     94.500       
# span 2 =     5.9839,    18.2264       
# span 3 =     5.9872,    18.2241       
# span 4 =    -0.0228,     0.2130       
# span 5 =   2.675725,   3.528218       
# span 6 =   2.677859,   3.528940       
# span 7 =          1,          1       
# span 8 =    5.81044,    7.29365       
# span 9 =    5.76198,    7.25981       
# span 10 =       3.36,      98.39      
# span 11 =     0.1721,     2.2763      
# span 12 =     0.1513,     0.4657      
# span 13 = -9.128e-03, 5.1849e-01      
# span 14 =     0.1937,     0.9848      
# span 15 =    19.8561,    34.9351      
# span 16 =    19.8557,    34.9340      
# span 17 =    -0.1691,     0.0271      
# span 18 =    13.6627,    27.4437      
# span 19 =    13.6629,    27.4426      
# span 20 =      0.991,     93.600      
# span 21 =      1.005,     93.855      
# span 22 =     -0.171,      0.684      
# span 23 =    1474.57,    1499.61      
# span 24 =    1474.58,    1499.69      
# span 25 = 0.0000e+00, 0.0000e+00      
# interval = decibars: 0.5              
# start_time = May 26 2018 23:40:56 [NMEA time, first data scan]
# bad_flag = -9.990e-29
*END*
[from data line 168]
       9407     85.000     6.4232     6.4250     0.0018    3.46592    3.46596          1     6.0772     6.0177      12.67     0.8720     0.2840  1.000e-12  0.7054000    34.8509    34.8495    -0.0013    27.3797    27.3784     84.193     84.437      0.583    1477.62    1477.62  0.000e+00
       9428     85.500     6.4217     6.4237     0.0020    3.46618    3.46623          1     6.0717     6.0030      12.94     0.9053     0.3225  1.000e-12  0.7177000    34.8551    34.8535    -0.0015    27.3833    27.3818     84.688     84.933      0.597    1477.63    1477.63  0.000e+00
       9448     86.000     6.4156     6.4175     0.0018    3.46722    3.46729          1     6.0577     5.9880      12.58     0.8051     0.2741  1.000e-12  0.7069000    34.8726    34.8716    -0.0011    27.3979    27.3968     85.183     85.429      0.594    1477.63    1477.64  0.000e+00
       9468     86.500     6.4175     6.4192     0.0017    3.46851    3.46856          1     6.0363     5.9866      12.06     0.6693     0.2881  1.000e-12  0.6694000    34.8849    34.8837    -0.0012    27.4073    27.4061     85.678     85.924      0.583    1477.66    1477.67  0.000e+00
       9489     87.000     6.4174     6.4192     0.0018    3.46872    3.46877          1     6.0156     5.9861      11.55     0.5732     0.2895  1.000e-12  0.6374000    34.8871    34.8859    -0.0013    27.4091    27.4079     86.173     86.420      0.580    1477.67    1477.68  0.000e+00
       9509     87.500     6.4178     6.4194     0.0017    3.46881    3.46886          1     6.0053     5.9743      11.05     0.5710     0.2507  1.000e-12  0.6363000    34.8875    34.8863    -0.0012    27.4094    27.4082     86.668     86.916      0.586    1477.68    1477.69  0.000e+00
       9530     88.000     6.4181     6.4197     0.0016    3.46892    3.46895          1     6.0012     5.9677      10.48     0.5500     0.2653  1.000e-12  0.6434000    34.8882    34.8869    -0.0013    27.4098    27.4086     87.163     87.411      0.589    1477.69    1477.70  0.000e+00
       9550     88.500     6.4183     6.4200     0.0017    3.46902    3.46905          1     5.9999     5.9483       9.91     0.5293     0.2852  1.000e-12  0.6135000    34.8888    34.8873    -0.0015    27.4103    27.4089     87.659     87.907      0.595    1477.70    1477.71  0.000e+00
       9570     89.000     6.4186     6.4204     0.0017    3.46920    3.46928          1     5.9955     5.9250       9.37     0.5247     0.2487  1.000e-12  0.6132000    34.8902    34.8892    -0.0009    27.4113    27.4104     88.154     88.403      0.596    1477.72    1477.72  0.000e+00
       9590     89.500     6.4192     6.4208     0.0016    3.46943    3.46946          1     5.9892     5.9144       9.10     0.5277     0.2001  1.000e-12  0.6216000    34.8919    34.8907    -0.0012    27.4127    27.4115     88.649     88.898      0.588    1477.73    1477.73  0.000e+00
       9611     90.000     6.4216     6.4231     0.0015    3.47020    3.47019          1     5.9782     5.9097       8.62     0.5336     0.2499  1.000e-12  0.6345000    34.8978    34.8961    -0.0017    27.4170    27.4155     89.144     89.394      0.575    1477.75    1477.76  0.000e+00
       9632     90.500     6.4222     6.4241     0.0018    3.47041    3.47050          1     5.9770     5.9056       8.14     0.4769     0.2504  1.000e-12  0.7169000    34.8993    34.8984    -0.0009    27.4180    27.4171     89.639     89.890      0.570    1477.77    1477.77  0.000e+00
       9653     91.000     6.4221     6.4239     0.0019    3.47040    3.47050          1     5.9730     5.9076       7.64     0.4690     0.2497  1.000e-12  0.6859000    34.8991    34.8983    -0.0008    27.4179    27.4171     90.134     90.386      0.571    1477.77    1477.78  0.000e+00
       9674     91.500     6.4223     6.4240     0.0017    3.47048    3.47056          1     5.9713     5.9070       7.20     0.4596     0.2495  1.000e-12  0.6980000    34.8995    34.8986    -0.0009    27.4182    27.4173     90.629     90.881      0.574    1477.78    1477.79  0.000e+00
       9695     92.000     6.4229     6.4245     0.0016    3.47067    3.47071          1     5.9645     5.8999       6.69     0.4404     0.2471  1.000e-12  0.7266000    34.9008    34.8995    -0.0013    27.4192    27.4180     91.125     91.377      0.570    1477.79    1477.80  0.000e+00
       9716     92.500     6.4279     6.4279    -0.0001    3.47202    3.47163          1     5.9355     5.8696       6.19     0.4052     0.2356  1.000e-12  0.7524000    34.9105    34.9061    -0.0044    27.4262    27.4227     91.620     91.873      0.569    1477.84    1477.83  0.000e+00
       9737     93.000     6.4310     6.4329     0.0019    3.47278    3.47289          1     5.8929     5.8228       5.72     0.3449     0.2102  1.000e-12  0.7548000    34.9155    34.9148    -0.0008    27.4297    27.4289     92.115     92.368      0.571    1477.86    1477.87  0.000e+00
       9758     93.500     6.4377     6.4382     0.0005    3.47444    3.47416          1     5.8443     5.7827       5.21     0.2987     0.2360  1.000e-12  0.8469000    34.9269    34.9233    -0.0036    27.4378    27.4349     92.610     92.864      0.572    1477.91    1477.91  0.000e+00
       9779     94.000     6.4422     6.4438     0.0015    3.47561    3.47565          1     5.8104     5.7620       4.45     0.2524     0.2252  1.000e-12  0.9163000    34.9351    34.9340    -0.0011    27.4437    27.4426     93.105     93.360      0.532    1477.95    1477.95  0.000e+00
       9821     94.500     6.4398     6.4416     0.0018    3.47481    3.47493          1     5.8196     5.7854       3.36     0.1791     0.1614  1.000e-12  0.9848000    34.9284    34.9279    -0.0005    27.4387    27.4381     93.600     93.855     -0.171    1477.94    1477.95  0.000e+00
