ctdpy/exports/archive_20191121_122431/received_data/SBE09_0827_20181124_1003_26_01_1234.cnv
* Sea-Bird SBE 9 Data File:
* FileName = D:\CTD_SBE911\DAT\26DA.2018.12.34.hex
* Software Version Seasave V 7.21d
* Temperature SN = 4548
* Conductivity SN = 3062
* Number of Bytes Per Scan = 48
* Number of Voltage Words = 5
* Number of Scans Averaged by the Deck Unit = 1
* NMEA Latitude = 57 53.06 N
* NMEA Longitude = 019 27.78 E
* NMEA UTC (Time) = Nov 24 2018  10:04:17
* NMEA baud rate = 4800
** Ship: DANA
** Average sound velocity: 1443.36 m/s
** True-depth calculation Tue, 02 Apr 2019 12:14:02 +0000
** CTD Python Module SMHI /ver 3-12/ feb 2012 
** LIMS Job: 20182601-1234
** Operator: Ronny
** Cruise: 12/2018
# nquan = 26
# nvalues = 117                         
# units = specified
# name 0 = scan: Scan Count
# name 1 = prDM: Pressure, Digiquartz [db]
# name 2 = t090C: Temperature [ITS-90, deg C]
# name 3 = t190C: Temperature, 2 [ITS-90, deg C]
# name 4 = T2-T190C: Temperature Difference, 2 - 1 [ITS-90, deg C]
# name 5 = c0S/m: Conductivity [S/m]
# name 6 = c1S/m: Conductivity, 2 [S/m]
# name 7 = pumps: Pump Status
# name 8 = sbeox1ML/L: Oxygen, SBE 43, 2 [ml/l]
# name 9 = sbeox0ML/L: Oxygen, SBE 43 [ml/l]
# name 10 = altM: Altimeter [m]
# name 11 = chloroflTC0: Chlorophyll, Turner Cyclops [ug/l]
# name 12 = cpar: CPAR/Corrected Irradiance [%]
# name 13 = par: PAR/Irradiance, Biospherical/Lico [µE/(cm^2*s)]
# name 14 = spar: SPAR, Biospherical/Licor
# name 15 = sal00: Salinity, Practical [PSU]
# name 16 = sal11: Salinity, Practical, 2 [PSU]
# name 17 = secS-priS: Salinity, Practical, Difference, 2 - 1 [PSU]
# name 18 = sigma-t00: Density [sigma-t, kg/m^3 ]
# name 19 = sigma-t11: Density, 2 [sigma-t, kg/m^3 ]
# name 20 = depSM: Depth [salt water, m], lat = 57.8843
# name 21 = depFM: Depth [true depth, m], lat = 57.8843
# name 22 = dz/dtM: Descent Rate [m/s], WS = 2
# name 23 = svCM: Sound Velocity [Chen-Millero, m/s]
# name 24 = svCM1: Sound Velocity, 2 [Chen-Millero, m/s]
# name 25 = flag: flag
# span 0 =        256,       5984       
# span 1 =      1.500,     59.500       
# span 2 =     3.9356,     7.9462       
# span 3 =     3.9784,     7.9572       
# span 4 =    -0.0345,     0.4429       
# span 5 =   0.786990,   0.848292       
# span 6 =   0.790178,   0.849742       
# span 7 =          1,          1       
# span 8 =     3.6721,     7.5578       
# span 9 =     3.8331,     7.7824       
# span 10 =       0.79,       9.99      
# span 11 =     0.0159,     0.0235      
# span 12 = -5.134e-06, 7.0372e+00      
# span 13 = -7.820e-06, 1.1004e+01      
# span 14 = 1.2776e+02, 1.5637e+02      
# span 15 =     6.9007,     8.0556      
# span 16 =     6.9007,     8.0699      
# span 17 =    -0.0633,     0.0143      
# span 18 =     5.2824,     6.3997      
# span 19 =     5.2816,     6.4110      
# span 20 =      1.486,     58.941      
# span 21 =      1.520,     60.269      
# span 22 =     -0.282,      0.307      
# span 23 =    1432.06,    1447.67      
# span 24 =    1432.29,    1447.68      
# span 25 = 0.0000e+00, 0.0000e+00      
# interval = decibars: 0.5              
# start_time = Nov 24 2018 10:04:17 [NMEA time, first data scan]
# bad_flag = -9.990e-29
*END*
[from data line 56]
       2752     29.500     7.6641     7.6654     0.0013    0.81715    0.81717          1     7.5578     7.7758       9.96     0.0228  6.839e-13  1.000e-12  1.462e+02     6.9757     6.9756    -0.0001     5.3626     5.3624     29.225     29.888      0.237    1446.98    1446.98  0.000e+00
       2797     30.000     7.6638     7.6651     0.0012    0.81716    0.81717          1     7.5518     7.7707       9.96     0.0230  6.839e-13  1.000e-12  1.462e+02     6.9757     6.9756    -0.0001     5.3627     5.3625     29.720     30.394      0.283    1446.98    1446.99  0.000e+00
       2841     30.500     7.6630     7.6644     0.0014    0.81715    0.81717          1     7.5492     7.7721       9.96     0.0226  6.839e-13  1.000e-12  1.462e+02     6.9758     6.9756    -0.0002     5.3628     5.3625     30.215     30.901      0.259    1446.99    1446.99  0.000e+00
       2887     31.000     7.6615     7.6637     0.0022    0.81712    0.81716          1     7.5401     7.7799       9.96     0.0231  6.839e-13  1.000e-12  1.462e+02     6.9758     6.9757    -0.0001     5.3629     5.3626     30.711     31.407      0.277    1446.99    1447.00  0.000e+00
       2931     31.500     7.6612     7.6626     0.0014    0.81713    0.81714          1     7.5388     7.7752       9.96     0.0232  6.839e-13  1.000e-12  1.462e+02     6.9758     6.9757    -0.0001     5.3629     5.3627     31.206     31.914      0.257    1447.00    1447.00  0.000e+00
       2978     32.000     7.6615     7.6622     0.0007    0.81716    0.81715          1     7.5426     7.7732       9.96     0.0230  6.839e-13  1.000e-12  1.462e+02     6.9760     6.9757    -0.0002     5.3630     5.3628     31.701     32.420      0.266    1447.01    1447.01  0.000e+00
       3022     32.500     7.6613     7.6621     0.0008    0.81719    0.81716          1     7.5478     7.7741       9.96     0.0230  6.857e-13  1.000e-12  1.458e+02     6.9762     6.9759    -0.0003     5.3632     5.3629     32.197     32.927      0.266    1447.01    1447.02  0.000e+00
       3071     33.000     7.6620     7.6620     0.0000    0.81724    0.81719          1     7.5469     7.7723       9.96     0.0232  6.933e-13  1.000e-12  1.442e+02     6.9766     6.9760    -0.0005     5.3635     5.3630     32.692     33.434      0.244    1447.03    1447.02  0.000e+00
       3116     33.500     7.6643     7.6631    -0.0011    0.81738    0.81727          1     7.5428     7.7642       9.96     0.0232  6.935e-13  1.000e-12  1.442e+02     6.9773     6.9765    -0.0008     5.3639     5.3633     33.187     33.940      0.277    1447.04    1447.04  0.000e+00
       3162     34.000     7.6701     7.6659    -0.0042    0.81766    0.81742          1     7.5457     7.7740       9.96     0.0230  6.935e-13  1.000e-12  1.442e+02     6.9787     6.9773    -0.0014     5.3645     5.3637     33.682     34.447      0.246    1447.08    1447.06  0.000e+00
       3209     34.500     7.6783     7.6710    -0.0072    0.81805    0.81768          1     7.5422     7.7579       9.96     0.0222  6.935e-13  1.000e-12  1.442e+02     6.9805     6.9785    -0.0020     5.3653     5.3643     34.178     34.953      0.285    1447.12    1447.09  0.000e+00
       3250     35.000     7.6882     7.6781    -0.0101    0.81851    0.81798          1     7.5407     7.7553       9.96     0.0224  6.935e-13  1.000e-12  1.442e+02     6.9827     6.9799    -0.0029     5.3663     5.3648     34.673     35.460      0.271    1447.17    1447.13  0.000e+00
       3299     35.500     7.7028     7.6892    -0.0136    0.81921    0.81853          1     7.5277     7.7552       9.96     0.0220  6.935e-13  1.000e-12  1.442e+02     6.9862     6.9827    -0.0035     5.3679     5.3662     35.168     35.966      0.242    1447.25    1447.19  0.000e+00
       3344     36.000     7.7155     7.7001    -0.0154    0.81984    0.81905          1     7.5238     7.7442       9.96     0.0221  6.971e-13  1.000e-12  1.435e+02     6.9893     6.9851    -0.0042     5.3694     5.3673     35.664     36.473      0.282    1447.31    1447.24  0.000e+00
       3389     36.500     7.7190     7.7130    -0.0060    0.82015    0.81969          1     7.5252     7.7420       9.96     0.0219  7.029e-13  1.000e-12  1.423e+02     6.9914     6.9884    -0.0030     5.3708     5.3689     36.159     36.979      0.255    1447.34    1447.31  0.000e+00
       3437     37.000     7.7213     7.7156    -0.0057    0.82053    0.81994          1     7.5214     7.7221       9.96     0.0228  7.034e-13  1.000e-12  1.422e+02     6.9943     6.9901    -0.0042     5.3729     5.3700     36.654     37.486      0.254    1447.36    1447.33  0.000e+00
       3480     37.500     7.7034     7.7136     0.0102    0.82012    0.82018          1     7.5040     7.7153       9.96     0.0224  7.034e-13  1.000e-12  1.422e+02     6.9941     6.9927    -0.0015     5.3741     5.3722     37.149     37.993      0.291    1447.29    1447.33  0.000e+00
       3525     38.000     7.6937     7.7028     0.0092    0.82030    0.82010          1     7.5025     7.7107       9.96     0.0218  7.034e-13  1.000e-12  1.422e+02     6.9976     6.9941    -0.0036     5.3776     5.3741     37.645     38.499      0.251    1447.26    1447.30  0.000e+00
       3572     38.500     7.6700     7.6965     0.0265    0.82020    0.82028          1     7.5153     7.6935       9.96     0.0211  7.034e-13  1.000e-12  1.422e+02     7.0015     6.9969    -0.0046     5.3824     5.3768     38.140     39.006      0.265    1447.18    1447.28  0.000e+00
       3617     39.000     7.5690     7.6713     0.1023    0.81890    0.82007          1     7.4838     7.6366       9.96     0.0218  7.037e-13  1.000e-12  1.421e+02     7.0097     7.0000    -0.0098     5.3964     5.3811     38.635     39.512      0.268    1446.78    1447.19  0.000e+00
       3662     39.500     7.4331     7.5596     0.1265    0.81790    0.81909          1     7.4464     7.5691       9.96     0.0212  7.101e-13  1.000e-12  1.408e+02     7.0279     7.0134    -0.0145     5.4207     5.4000     39.131     40.019      0.254    1446.25    1446.75  0.000e+00
       3712     40.000     7.3439     7.4654     0.1215    0.81744    0.81841          1     7.4034     7.5280       9.96     0.0209  7.135e-13  1.000e-12  1.402e+02     7.0416     7.0260    -0.0156     5.4379     5.4169     39.626     40.525      0.245    1445.90    1446.39  0.000e+00
       3756     40.500     7.2411     7.3877     0.1467    0.81682    0.81791          1     7.3638     7.4643       9.96     0.0208  7.136e-13  1.000e-12  1.401e+02     7.0567     7.0370    -0.0197     5.4570     5.4311     40.121     41.032      0.295    1445.50    1446.09  0.000e+00
       3800     41.000     7.1376     7.2818     0.1437    0.81702    0.81747          1     7.3201     7.4104       9.96     0.0202  7.136e-13  1.000e-12  1.401e+02     7.0797     7.0544    -0.0253     5.4822     5.4523     40.616     41.538      0.235    1445.10    1445.67  0.000e+00
       3851     41.500     7.0274     7.2081     0.1808    0.81749    0.81758          1     7.2710     7.3300       9.96     0.0195  7.136e-13  1.000e-12  1.401e+02     7.1067     7.0705    -0.0362     5.5109     5.4701     41.112     42.045      0.271    1444.69    1445.39  0.000e+00
       3893     42.000     6.9291     7.0610     0.1320    0.81961    0.81765          1     7.2020     7.2887       9.96     0.0195  7.136e-13  1.000e-12  1.401e+02     7.1467     7.1011    -0.0455     5.5489     5.5043     41.607     42.551      0.278    1444.33    1444.83  0.000e+00
       3942     42.500     6.8672     6.9801     0.1129    0.82365    0.82076          1     7.1403     7.2621       9.96     0.0185  7.187e-13  1.000e-12  1.392e+02     7.1974     7.1469    -0.0505     5.5929     5.5457     42.102     43.058      0.228    1444.14    1444.55  0.000e+00
       3992     43.000     6.7749     6.9124     0.1374    0.82264    0.82205          1     7.1041     7.2178       9.96     0.0172  7.241e-13  1.000e-12  1.381e+02     7.2073     7.1730    -0.0342     5.6066     5.5707     42.597     43.564      0.256    1443.77    1444.31  0.000e+00
       4038     43.500     6.4746     6.7223     0.2477    0.82014    0.82181          1     7.0598     7.0941       9.96     0.0171  7.241e-13  1.000e-12  1.381e+02     7.2469     7.2104    -0.0365     5.6563     5.6124     43.093     44.070      0.257    1442.56    1443.56  0.000e+00
       4086     44.000     6.0800     6.5222     0.4419    0.81483    0.82027          1     7.0161     7.0121       9.96     0.0171  7.241e-13  1.000e-12  1.381e+02     7.2803     7.2379    -0.0424     5.7053     5.6465     43.588     44.577      0.247    1440.93    1442.76  0.000e+00
       4133     44.500     5.7059     6.1492     0.4429    0.80803    0.81558          1     6.9719     7.0316       9.96     0.0171  7.241e-13  1.000e-12  1.381e+02     7.2951     7.2725    -0.0226     5.7364     5.6954     44.083     45.083      0.265    1439.34    1441.22  0.000e+00
       4179     45.000     5.4614     5.8425     0.3819    0.80535    0.81108          1     6.9554     6.9971       9.96     0.0168  7.241e-13  1.000e-12  1.381e+02     7.3222     7.2951    -0.0271     5.7695     5.7295     44.579     45.590      0.251    1438.33    1439.94  0.000e+00
       4226     45.500     5.0970     5.5363     0.4388    0.80038    0.80708          1     6.8891     6.9389       9.96     0.0167  7.261e-13  1.000e-12  1.377e+02     7.3532     7.3227    -0.0306     5.8097     5.7663     45.074     46.096      0.274    1436.78    1438.66  0.000e+00
       4270     46.000     4.8880     5.2745     0.3869    0.79767    0.80359          1     6.8234     6.9376       9.96     0.0165  7.340e-13  1.000e-12  1.362e+02     7.3725     7.3457    -0.0268     5.8332     5.7964     45.569     46.602      0.241    1435.90    1437.56  0.000e+00
       4323     46.500     4.7014     5.1320     0.4304    0.79537    0.80194          1     6.8374     6.9405       9.96     0.0164  7.350e-13  1.000e-12  1.361e+02     7.3910     7.3607    -0.0303     5.8547     5.8142     46.064     47.109      0.261    1435.10    1436.96  0.000e+00
       4363     47.000     4.5796     4.8685     0.2887    0.79403    0.79821          1     6.8005     6.8994       9.96     0.0161  7.349e-13  1.000e-12  1.361e+02     7.4048     7.3821    -0.0227     5.8698     5.8415     46.560     47.615      0.295    1434.59    1435.84  0.000e+00
       4411     47.500     4.5208     4.6978     0.1769    0.79383    0.79610          1     6.7668     6.8755       9.96     0.0159  7.349e-13  1.000e-12  1.361e+02     7.4160     7.3990    -0.0169     5.8806     5.8612     47.055     48.121      0.235    1434.35    1435.12  0.000e+00
       4457     48.000     4.4618     4.6239     0.1623    0.79299    0.79553          1     6.7354     6.9037       9.96     0.0159  7.349e-13  1.000e-12  1.361e+02     7.4207     7.4098    -0.0110     5.8862     5.8722     47.550     48.627      0.300    1434.10    1434.81  0.000e+00
       4498     48.500     4.3010     4.5021     0.2010    0.79023    0.79378          1     6.7500     6.9489       9.96     0.0159  7.352e-13  1.000e-12  1.360e+02     7.4291     7.4195    -0.0095     5.8977     5.8840     48.045     49.134      0.265    1433.40    1434.29  0.000e+00
       4548     49.000     4.0986     4.3822     0.2836    0.78699    0.79188          1     6.7870     7.0311       9.96     0.0159  7.434e-13  1.000e-12  1.345e+02     7.4420     7.4274    -0.0147     5.9136     5.8939     48.541     49.640      0.249    1432.52    1433.77  0.000e+00
       4591     49.500     4.0631     4.2428     0.1797    0.78967    0.79018          1     6.7825     6.7587       9.96     0.0159  7.460e-13  1.000e-12  1.341e+02     7.4773     7.4416    -0.0357     5.9426     5.9093     49.036     50.146      0.277    1432.41    1433.17  0.000e+00
       4638     50.000     4.0247     4.1356     0.1109    0.79155    0.79067          1     6.6568     6.5346       9.96     0.0159  7.461e-13  1.000e-12  1.340e+02     7.5052     7.4709    -0.0343     5.9657     5.9356     49.531     50.653      0.245    1432.29    1432.74  0.000e+00
       4683     50.500     4.0710     4.0956     0.0246    0.79496    0.79233          1     6.4811     6.3963       9.96     0.0159  7.461e-13  1.000e-12  1.340e+02     7.5291     7.4968    -0.0323     5.9835     5.9572     50.026     51.159      0.292    1432.53    1432.60  0.000e+00
       4726     51.000     4.0521     4.0839     0.0318    0.79493    0.79408          1     6.3575     6.3755       9.92     0.0159  7.461e-13  1.000e-12  1.340e+02     7.5332     7.5172    -0.0159     5.9872     5.9737     50.522     51.665      0.257    1432.46    1432.58  0.000e+00
       4773     51.500     3.9532     4.0505     0.0971    0.79509    0.79460          1     6.2953     6.3777       9.50     0.0159  7.461e-13  1.000e-12  1.340e+02     7.5575     7.5300    -0.0275     6.0090     5.9847     51.017     52.171      0.274    1432.06    1432.46  0.000e+00
       4815     52.000     3.9867     4.0027     0.0162    0.79863    0.79645          1     6.2477     6.2916       8.97     0.0159  7.474e-13  1.000e-12  1.338e+02     7.5859     7.5599    -0.0260     6.0307     6.0097     51.512     52.677      0.276    1432.25    1432.29  0.000e+00
       4864     52.500     4.0418     4.0246    -0.0172    0.80254    0.79926          1     6.1520     6.1618       8.42     0.0159  7.566e-13  1.000e-12  1.322e+02     7.6129     7.5834    -0.0295     6.0508     6.0278     52.007     53.184      0.230    1432.54    1432.42  0.000e+00
       4913     53.000     4.0961     4.0665    -0.0296    0.80665    0.80276          1     6.0358     5.9969       7.90     0.0159  7.576e-13  1.000e-12  1.320e+02     7.6420     7.6093    -0.0326     6.0725     6.0473     52.503     53.690      0.263    1432.83    1432.66  0.000e+00
       4958     53.500     4.0526     4.0727     0.0200    0.80751    0.80600          1     5.9207     5.9312       7.38     0.0159  7.576e-13  1.000e-12  1.320e+02     7.6608     7.6408    -0.0200     6.0886     6.0722     52.998     54.196      0.256    1432.67    1432.73  0.000e+00
       5008     54.000     4.0269     4.0597     0.0329    0.80795    0.80742          1     5.8250     5.8778       6.84     0.0159  7.576e-13  1.000e-12  1.320e+02     7.6713     7.6582    -0.0131     6.0976     6.0864     53.493     54.702      0.237    1432.57    1432.70  0.000e+00
       5054     54.500     3.9356     3.9954     0.0598    0.80905    0.80829          1     5.7510     5.7846       6.34     0.0159  7.576e-13  1.000e-12  1.320e+02     7.7040     7.6821    -0.0219     6.1258     6.1070     53.988     55.208      0.287    1432.21    1432.45  0.000e+00
       5097     55.000     3.9728     3.9784     0.0056    0.81389    0.81146          1     5.6325     5.6355       5.79     0.0159  7.580e-13  1.000e-12  1.319e+02     7.7445     7.7184    -0.0261     6.1572     6.1363     54.484     55.715      0.254    1432.44    1432.43  0.000e+00
       5147     55.500     4.0675     4.0330    -0.0345    0.82114    0.81710          1     5.4759     5.4217       5.25     0.0159  7.664e-13  1.000e-12  1.305e+02     7.7960     7.7631    -0.0330     6.1956     6.1703     54.979     56.221      0.250    1432.94    1432.74  0.000e+00
       5196     56.000     4.0888     4.0773    -0.0116    0.82243    0.82080          1     5.3383     5.3419       4.72     0.0159  7.694e-13  1.000e-12  1.300e+02     7.8041     7.7902    -0.0139     6.2014     6.1907     55.474     56.727      0.229    1433.05    1432.98  0.000e+00
       5249     56.500     4.1017     4.0922    -0.0095    0.82322    0.82194          1     5.2530     5.2451       4.20     0.0159  7.694e-13  1.000e-12  1.300e+02     7.8090     7.7982    -0.0108     6.2050     6.1967     55.969     57.233      0.245    1433.13    1433.07  0.000e+00
