ctdpy/exports/archive_20191121_122431/received_data/SBE09_1044_20180128_0524_34_02_0023.cnv
* Sea-Bird SBE 9 Data File:
* FileName = C:\ctd\temp\2018\ME18D023.hex
* Software Version Seasave V 7.26.6.26
* Temperature SN = 5351
* Conductivity SN = 3941
* Number of Bytes Per Scan = 41
* Number of Voltage Words = 4
* Number of Scans Averaged by the Deck Unit = 1
* NMEA Latitude = 56 07.52 N
* NMEA Longitude = 019 17.02 E
* NMEA UTC (Time) = Jan 28 2018  05:25:08
* NMEA baud rate = 4800
** Station:  BY9 Klaipeda
** Operator:  SSip
** Ship: MERI
** Average sound velocity: 1440.05 m/s
** True-depth calculation Sun, 28 Jan 2018 06:14:09 +0000
** CTD Python Module SMHI /ver 3-12/ feb 2012 
** LIMS Job: 20183402-0023
** Cruise: SMHI-01-2018
** Latitude [GG MM.mm N] :
** Longitude [GG MM.mm E]:
# nquan = 26
# nvalues = 220                         
# units = specified
# name 0 = scan: Scan Count
# name 1 = prDM: Pressure, Digiquartz [db]
# name 2 = t090C: Temperature [ITS-90, deg C]
# name 3 = t190C: Temperature, 2 [ITS-90, deg C]
# name 4 = T2-T190C: Temperature Difference, 2 - 1 [ITS-90, deg C]
# name 5 = c0S/m: Conductivity [S/m]
# name 6 = c1S/m: Conductivity, 2 [S/m]
# name 7 = pumps: Pump Status
# name 8 = sbeox0ML/L: Oxygen, SBE 43 [ml/l]
# name 9 = sbeox1ML/L: Oxygen, SBE 43, 2 [ml/l]
# name 10 = altM: Altimeter [m]
# name 11 = flECO-AFL: Chl-a Fluorescence, WET Labs ECO-AFL/FL [mg/m^3]
# name 12 = flECO-AFL1: Phycocyanin Fluorescence, WET Labs ECO-AFL/FL, 2 [mg/m^3]
# name 13 = par: PAR/Irradiance, Biospherical/Lico [µE/(cm^2*s)]
# name 14 = turbWETntu0: Turbidity, WET Labs ECO [NTU]
# name 15 = sal00: Salinity, Practical [PSU]
# name 16 = sal11: Salinity, Practical, 2 [PSU]
# name 17 = secS-priS: Salinity, Practical, Difference, 2 - 1 [PSU]
# name 18 = sigma-t00: Density [sigma-t, Kg/m^3 ]
# name 19 = sigma-t11: Density, 2 [sigma-t, Kg/m^3 ]
# name 20 = depSM: Depth [salt water, m], lat = 56.1253
# name 21 = depFM: Depth [true depth, m], lat = 56.1253
# name 22 = dz/dtM: Descent Rate [m/s], WS = 2
# name 23 = svCM: Sound Velocity [Chen-Millero, m/s]
# name 24 = svCM1: Sound Velocity, 2 [Chen-Millero, m/s]
# name 25 = flag: flag
# span 0 =       4981,       9976       
# span 1 =      3.500,    113.000       
# span 2 =     4.4740,     6.5695       
# span 3 =     4.4747,     6.5702       
# span 4 =    -0.0149,     0.1693       
# span 5 =   0.787750,   1.335681       
# span 6 =   0.787702,   1.335702       
# span 7 =          1,          1       
# span 8 =    0.02613,    8.14609       
# span 9 =    0.09171,    8.10969       
# span 10 =       5.24,      98.67      
# span 11 =     0.2364,     0.5006      
# span 12 =     0.2236,     0.3917      
# span 13 = -2.162e-03, 2.9901e-03      
# span 14 =     0.1004,     0.2579      
# span 15 =     7.3707,    12.2161      
# span 16 =     7.3702,    12.2160      
# span 17 =    -0.0151,     0.3311      
# span 18 =     5.8461,     9.5574      
# span 19 =     5.8457,     9.5573      
# span 20 =      3.468,    111.940      
# span 21 =      3.544,    114.273      
# span 22 =     -0.100,      1.348      
# span 23 =    1433.40,    1450.30      
# span 24 =    1433.40,    1450.30      
# span 25 = 0.0000e+00, 0.0000e+00      
# interval = decibars: 0.5              
# start_time = Jan 28 2018 05:25:08 [NMEA time, first data scan]
# bad_flag = -9.990e-29
*END*
[from data line 112]
       7544     59.500     5.3982     5.3949    -0.0038    0.96420    0.96259          1     2.2399     3.1494      61.11     0.3006     0.2992  1.000e-12  0.1140000     8.9015     8.8864    -0.0151     7.0201     7.0083     58.949     60.249      0.478    1440.29    1440.25  0.000e+00
       7615     60.000     5.0500     5.2188     0.1693    0.89580    0.93342          1     3.3742     4.5751      82.88     0.3043     0.3167  1.000e-12  0.1017000     8.3089     8.6400     0.3311     6.5676     6.8214     59.445     60.755      0.375    1438.02    1439.18  0.000e+00
       7633     60.500     5.5145     5.5168     0.0029    0.99333    0.99395          1     1.5549     2.8401      98.02     0.2843     0.2852  1.000e-12  0.1064000     9.1598     9.1653     0.0054     7.2182     7.2224     59.940     61.261      0.717    1441.13    1441.15  0.000e+00
       7648     61.000     5.5591     5.5595     0.0004    1.00311    1.00346          1     0.9536     1.9762      82.75     0.2917     0.2236  1.000e-12  0.1117000     9.2446     9.2479     0.0033     7.2827     7.2853     60.435     61.767      0.864    1441.44    1441.45  0.000e+00
       7660     61.500     5.5213     5.5179    -0.0034    1.01343    1.01353          1     0.6398     1.4835      64.76     0.2969     0.2682  1.000e-12  0.1106000     9.3576     9.3595     0.0019     7.3739     7.3756     60.931     62.272      0.917    1441.43    1441.42  0.000e+00
       7673     62.000     5.4458     5.4467     0.0009    1.02176    1.02201          1     0.4354     1.1658      75.28     0.2909     0.3162  1.000e-12  0.1087000     9.4617     9.4640     0.0023     7.4600     7.4618     61.426     62.778      0.880    1441.24    1441.25  0.000e+00
       7688     62.500     5.4796     5.4815     0.0019    1.03383    1.03397          1     0.3069     0.9473      27.09     0.2888     0.2915  1.000e-12  0.1089000     9.5726     9.5734     0.0008     7.5458     7.5463     61.921     63.283      0.753    1441.54    1441.55  0.000e+00
       7707     63.000     5.5112     5.5114     0.0001    1.04301    1.04303          1     0.2716     0.8092      65.71     0.2821     0.2883  1.000e-12  0.1020000     9.6550     9.6552     0.0001     7.6092     7.6093     62.417     63.789      0.515    1441.79    1441.79  0.000e+00
       7741     63.500     5.5327     5.5359     0.0033    1.04864    1.04922          1     0.3870     0.7808      65.57     0.2770     0.3142  1.000e-12  0.1079000     9.7050     9.7098     0.0048     7.6475     7.6511     62.912     64.294      0.317    1441.95    1441.97  0.000e+00
       7774     64.000     5.5523     5.5521    -0.0002    1.05607    1.05622          1     0.4986     0.7899      62.01     0.2850     0.2743  1.000e-12  0.1068000     9.7734     9.7750     0.0016     7.7004     7.7017     63.407     64.799      0.476    1442.13    1442.13  0.000e+00
       7796     64.500     5.5727     5.5720    -0.0007    1.06288    1.06281          1     0.5396     0.7838      58.93     0.2866     0.3027  1.000e-12  0.1081000     9.8354     9.8349    -0.0005     7.7481     7.7478     63.902     65.305      0.605    1442.30    1442.30  0.000e+00
       7814     65.000     5.6083     5.6078    -0.0005    1.06948    1.06938          1     0.5799     0.7859      73.73     0.2962     0.3002  1.000e-12  0.1012000     9.8907     9.8899    -0.0008     7.7898     7.7892     64.398     65.810      0.656    1442.53    1442.53  0.000e+00
       7832     65.500     5.6145     5.6143    -0.0001    1.07470    1.07459          1     0.5385     0.7230      54.75     0.2969     0.2676  1.000e-12  0.1019000     9.9410     9.9399    -0.0011     7.8291     7.8283     64.893     66.315      0.654    1442.63    1442.63  0.000e+00
       7851     66.000     5.5555     5.5568     0.0013    1.07771    1.07769          1     0.4091     0.5903      57.27     0.2831     0.2823  1.000e-12  0.1073000     9.9883     9.9878    -0.0006     7.8698     7.8692     65.388     66.821      0.613    1442.45    1442.45  0.000e+00
       7872     66.500     5.5771     5.5764    -0.0007    1.08353    1.08350          1     0.2967     0.4752      53.63     0.2766     0.3117  1.000e-12  0.1139000    10.0401    10.0400    -0.0001     7.9094     7.9094     65.884     67.326      0.572    1442.61    1442.61  0.000e+00
       7893     67.000     5.6024     5.6021    -0.0003    1.08933    1.08932          1     0.2539     0.4261      53.25     0.2847     0.3256  1.000e-12  0.1196000    10.0904    10.0904     0.0001     7.9477     7.9477     66.379     67.831      0.571    1442.79    1442.79  0.000e+00
       7914     67.500     5.6296     5.6293    -0.0004    1.09477    1.09473          1     0.2560     0.4079      52.77     0.2847     0.3118  1.000e-12  0.1244000    10.1365    10.1362    -0.0002     7.9825     7.9823     66.874     68.336      0.563    1442.98    1442.97  0.000e+00
       7936     68.000     5.6727     5.6718    -0.0009    1.10160    1.10155          1     0.2670     0.4031      63.31     0.3064     0.2437  1.000e-12  0.1182000    10.1916    10.1914    -0.0002     8.0235     8.0234     67.369     68.842      0.488    1443.24    1443.24  0.000e+00
       7964     68.500     5.6874     5.6880     0.0006    1.10685    1.10701          1     0.2412     0.3637      45.00     0.3281     0.2686  1.000e-12  0.1468000    10.2396    10.2410     0.0014     8.0605     8.0616     67.865     69.347      0.413    1443.37    1443.38  0.000e+00
       7992     69.000     5.7165     5.7163    -0.0001    1.11292    1.11290          1     0.2400     0.3424      51.25     0.2827     0.3176  1.000e-12  0.1499000    10.2913    10.2911    -0.0002     8.0996     8.0994     68.360     69.852      0.519    1443.57    1443.57  0.000e+00
       8012     69.500     5.7438     5.7439     0.0001    1.11909    1.11899          1     0.2464     0.3379      50.67     0.3090     0.3015  1.000e-12  0.1789000    10.3444    10.3433    -0.0010     8.1398     8.1390     68.855     70.357      0.683    1443.76    1443.76  0.000e+00
       8028     70.000     5.7646     5.7651     0.0006    1.12413    1.12409          1     0.2271     0.3164      68.76     0.3043     0.3118  1.000e-12  0.1747000    10.3882    10.3877    -0.0005     8.1731     8.1727     69.351     70.862      0.756    1443.91    1443.92  0.000e+00
       8043     70.500     5.7831     5.7838     0.0007    1.12981    1.12979          1     0.1969     0.2882      70.20     0.2970     0.3149  1.000e-12  0.1732000    10.4391    10.4387    -0.0004     8.2122     8.2118     69.846     71.368      0.721    1444.06    1444.07  0.000e+00
       8062     71.000     5.8005     5.8013     0.0008    1.13459    1.13460          1     0.1638     0.2532      49.43     0.3180     0.3035  1.000e-12  0.1992000    10.4813    10.4811    -0.0002     8.2444     8.2442     70.341     71.873      0.583    1444.20    1444.20  0.000e+00
       8087     71.500     5.8128     5.8136     0.0008    1.13881    1.13886          1     0.1152     0.2067      69.28     0.2936     0.2448  1.000e-12  0.2264000    10.5195    10.5197     0.0003     8.2737     8.2739     70.836     72.378      0.427    1444.31    1444.31  0.000e+00
       8116     72.000     5.8264     5.8270     0.0006    1.14267    1.14268          1     0.0761     0.1642      47.29     0.3071     0.2948  1.000e-12  0.2566000    10.5536    10.5536    -0.0000     8.2998     8.2998     71.332     72.883      0.457    1444.42    1444.42  0.000e+00
       8140     72.500     5.8401     5.8405     0.0004    1.14634    1.14631          1     0.0638     0.1485      47.38     0.2739     0.3180  1.000e-12  0.2579000    10.5860    10.5855    -0.0005     8.3245     8.3241     71.827     73.388      0.575    1444.53    1444.53  0.000e+00
       8159     73.000     5.8546     5.8551     0.0004    1.14953    1.14949          1     0.0613     0.1406      84.35     0.2885     0.3343  1.000e-12  0.2434000    10.6131    10.6125    -0.0006     8.3449     8.3445     72.322     73.893      0.643    1444.63    1444.63  0.000e+00
       8177     73.500     5.8703     5.8709     0.0006    1.15280    1.15279          1     0.0626     0.1355      97.17     0.3014     0.3336  1.000e-12  0.2266000    10.6406    10.6404    -0.0002     8.3657     8.3655     72.817     74.398      0.634    1444.74    1444.74  0.000e+00
       8197     74.000     5.8876     5.8884     0.0007    1.15621    1.15619          1     0.0786     0.1457      97.37     0.3073     0.2616  1.000e-12  0.2036000    10.6691    10.6687    -0.0004     8.3871     8.3867     73.313     74.903      0.566    1444.86    1444.86  0.000e+00
       8220     74.500     5.9103     5.9105     0.0002    1.16054    1.16048          1     0.1399     0.1899      49.68     0.2847     0.2699  1.000e-12  0.1969000    10.7050    10.7044    -0.0006     8.4139     8.4135     73.808     75.408      0.518    1445.01    1445.01  0.000e+00
       8243     75.000     5.9357     5.9357    -0.0000    1.16504    1.16497          1     0.2175     0.2538      44.71     0.3090     0.2699  1.000e-12  0.2035000    10.7418    10.7410    -0.0007     8.4414     8.4408     74.303     75.913      0.541    1445.17    1445.17  0.000e+00
       8264     75.500     5.9529     5.9528    -0.0001    1.16849    1.16839          1     0.2602     0.2890      56.87     0.2996     0.2782  1.000e-12  0.1935000    10.7705    10.7696    -0.0010     8.4629     8.4622     74.798     76.418      0.567    1445.29    1445.29  0.000e+00
       8285     76.000     5.9659     5.9660     0.0001    1.17128    1.17120          1     0.2717     0.2989      96.96     0.2898     0.2945  1.000e-12  0.1848000    10.7940    10.7932    -0.0008     8.4806     8.4800     75.294     76.923      0.559    1445.38    1445.38  0.000e+00
       8308     76.500     5.9748     5.9750     0.0002    1.17323    1.17315          1     0.2747     0.3047      97.17     0.2853     0.3007  1.000e-12  0.1799000    10.8106    10.8097    -0.0008     8.4931     8.4924     75.789     77.428      0.529    1445.45    1445.45  0.000e+00
       8330     77.000     5.9847     5.9849     0.0002    1.17525    1.17517          1     0.2706     0.3048      57.79     0.2886     0.2619  1.000e-12  0.1751000    10.8274    10.8266    -0.0008     8.5057     8.5051     76.284     77.933      0.548    1445.52    1445.52  0.000e+00
       8351     77.500     5.9951     5.9954     0.0003    1.17738    1.17732          1     0.2593     0.2965      42.21     0.2987     0.3169  1.000e-12  0.1690000    10.8453    10.8445    -0.0008     8.5191     8.5185     76.780     78.438      0.574    1445.59    1445.59  0.000e+00
       8372     78.000     6.0108     6.0110     0.0002    1.18058    1.18050          1     0.2420     0.2774      41.82     0.3217     0.2735  1.000e-12  0.1984000    10.8720    10.8711    -0.0009     8.5391     8.5384     77.275     78.943      0.555    1445.70    1445.70  0.000e+00
       8395     78.500     6.0229     6.0229     0.0001    1.18416    1.18409          1     0.2407     0.2814      41.24     0.2985     0.2613  1.000e-12  0.2428000    10.9037    10.9029    -0.0007     8.5633     8.5627     77.770     79.448      0.516    1445.80    1445.80  0.000e+00
       8419     79.000     6.0302     6.0305     0.0003    1.18693    1.18686          1     0.2202     0.2693      40.90     0.2670     0.2725  1.000e-12  0.2166000    10.9287    10.9280    -0.0007     8.5826     8.5820     78.265     79.953      0.533    1445.87    1445.87  0.000e+00
       8440     79.500     6.0381     6.0384     0.0002    1.19009    1.19002          1     0.1270     0.1917      40.35     0.2781     0.2912  1.000e-12  0.2089000    10.9575    10.9567    -0.0008     8.6047     8.6041     78.761     80.458      0.615    1445.95    1445.95  0.000e+00
       8458     80.000     6.0491     6.0494     0.0003    1.19329    1.19325          1     0.0564     0.1325      39.91     0.2946     0.3002  1.000e-12  0.2067000    10.9857    10.9852    -0.0005     8.6262     8.6258     79.256     80.963      0.680    1446.04    1446.04  0.000e+00
       8475     80.500     6.0591     6.0595     0.0004    1.19590    1.19586          1     0.0303     0.1069      39.42     0.3213     0.2737  1.000e-12  0.1975000    11.0084    11.0078    -0.0005     8.6434     8.6430     79.751     81.468      0.666    1446.12    1446.12  0.000e+00
       8494     81.000     6.0674     6.0678     0.0004    1.19768    1.19764          1     0.0261     0.0978      38.76     0.3115     0.2804  1.000e-12  0.1832000    11.0233    11.0228    -0.0006     8.6547     8.6542     80.246     81.973      0.549    1446.18    1446.18  0.000e+00
       8522     81.500     6.0730     6.0732     0.0002    1.19917    1.19909          1     0.0274     0.0917      38.18     0.3184     0.3080  1.000e-12  0.1649000    11.0363    11.0354    -0.0009     8.6645     8.6638     80.742     82.477      0.389    1446.23    1446.23  0.000e+00
       8555     82.000     6.0831     6.0833     0.0002    1.20088    1.20086          1     0.0969     0.1404      37.59     0.3176     0.2756  1.000e-12  0.1326000    11.0498    11.0496    -0.0002     8.6745     8.6743     81.237     82.982      0.422    1446.30    1446.30  0.000e+00
       8578     82.500     6.0972     6.0973     0.0001    1.20314    1.20309          1     0.1811     0.2084      37.16     0.2967     0.2729  1.000e-12  0.1551000    11.0677    11.0671    -0.0005     8.6876     8.6872     81.732     83.487      0.636    1446.39    1446.39  0.000e+00
       8595     83.000     6.1058     6.1061     0.0003    1.20508    1.20504          1     0.1881     0.2138      36.70     0.2969     0.2887  1.000e-12  0.1867000    11.0841    11.0836    -0.0005     8.7000     8.6995     82.227     83.992      0.790    1446.45    1446.45  0.000e+00
       8609     83.500     6.1116     6.1120     0.0004    1.20685    1.20681          1     0.1819     0.2093      36.27     0.2969     0.2859  1.000e-12  0.1910000    11.0997    11.0991    -0.0006     8.7118     8.7113     82.723     84.497      0.852    1446.50    1446.51  0.000e+00
       8622     84.000     6.1184     6.1188     0.0004    1.20849    1.20846          1     0.1867     0.2172      35.79     0.2848     0.2847  1.000e-12  0.1916000    11.1136    11.1132    -0.0004     8.7224     8.7220     83.218     85.002      0.811    1446.56    1446.56  0.000e+00
       8639     84.500     6.1258     6.1262     0.0004    1.21021    1.21016          1     0.1913     0.2218      35.19     0.2903     0.3019  1.000e-12  0.1886000    11.1282    11.1276    -0.0006     8.7334     8.7329     83.713     85.507      0.649    1446.62    1446.62  0.000e+00
       8665     85.000     6.1328     6.1327    -0.0001    1.21202    1.21191          1     0.1679     0.2034      34.46     0.2964     0.2706  1.000e-12  0.1853000    11.1438    11.1428    -0.0010     8.7452     8.7444     84.208     86.012      0.372    1446.67    1446.67  0.000e+00
       8706     85.500     6.1402     6.1404     0.0002    1.21369    1.21369          1     0.1991     0.2284      33.86     0.3037     0.2821  1.000e-12  0.1897000    11.1579    11.1578    -0.0001     8.7558     8.7557     84.704     86.516      0.355    1446.73    1446.73  0.000e+00
       8731     86.000     6.1532     6.1534     0.0002    1.21637    1.21636          1     0.3224     0.3303      33.48     0.2714     0.2917  1.000e-12  0.1847000    11.1802    11.1800    -0.0002     8.7725     8.7723     85.199     87.021      0.615    1446.82    1446.82  0.000e+00
       8748     86.500     6.1628     6.1631     0.0004    1.21840    1.21837          1     0.3437     0.3554      33.06     0.2942     0.2674  1.000e-12  0.1652000    11.1971    11.1967    -0.0004     8.7851     8.7848     85.694     87.526      0.751    1446.89    1446.89  0.000e+00
