ctdpy/exports/archive_20191121_122431/received_data/SBE09_0827_20181126_1145_26_01_1252.cnv
* Sea-Bird SBE 9 Data File:
* FileName = D:\CTD_SBE911\DAT\26DA.2018.12.52.hex
* Software Version Seasave V 7.21d
* Temperature SN = 4548
* Conductivity SN = 3062
* Number of Bytes Per Scan = 48
* Number of Voltage Words = 5
* Number of Scans Averaged by the Deck Unit = 1
* NMEA Latitude = 56 42.44 N
* NMEA Longitude = 017 02.78 E
* NMEA UTC (Time) = Nov 26 2018  11:46:05
* NMEA baud rate = 4800
** Ship: DANA
** Average sound velocity: 1441.16 m/s
** True-depth calculation Tue, 02 Apr 2019 12:15:31 +0000
** CTD Python Module SMHI /ver 3-12/ feb 2012 
** LIMS Job: 20182601-1252
** Operator: Ronny
** Cruise: 12/2018
# nquan = 26
# nvalues = 153                         
# units = specified
# name 0 = scan: Scan Count
# name 1 = prDM: Pressure, Digiquartz [db]
# name 2 = t090C: Temperature [ITS-90, deg C]
# name 3 = t190C: Temperature, 2 [ITS-90, deg C]
# name 4 = T2-T190C: Temperature Difference, 2 - 1 [ITS-90, deg C]
# name 5 = c0S/m: Conductivity [S/m]
# name 6 = c1S/m: Conductivity, 2 [S/m]
# name 7 = pumps: Pump Status
# name 8 = sbeox1ML/L: Oxygen, SBE 43, 2 [ml/l]
# name 9 = sbeox0ML/L: Oxygen, SBE 43 [ml/l]
# name 10 = altM: Altimeter [m]
# name 11 = chloroflTC0: Chlorophyll, Turner Cyclops [ug/l]
# name 12 = cpar: CPAR/Corrected Irradiance [%]
# name 13 = par: PAR/Irradiance, Biospherical/Lico [µE/(cm^2*s)]
# name 14 = spar: SPAR, Biospherical/Licor
# name 15 = sal00: Salinity, Practical [PSU]
# name 16 = sal11: Salinity, Practical, 2 [PSU]
# name 17 = secS-priS: Salinity, Practical, Difference, 2 - 1 [PSU]
# name 18 = sigma-t00: Density [sigma-t, kg/m^3 ]
# name 19 = sigma-t11: Density, 2 [sigma-t, kg/m^3 ]
# name 20 = depSM: Depth [salt water, m], lat = 56.7073
# name 21 = depFM: Depth [true depth, m], lat = 56.7073
# name 22 = dz/dtM: Descent Rate [m/s], WS = 2
# name 23 = svCM: Sound Velocity [Chen-Millero, m/s]
# name 24 = svCM1: Sound Velocity, 2 [Chen-Millero, m/s]
# name 25 = flag: flag
# span 0 =        202,       7207       
# span 1 =      0.500,     76.500       
# span 2 =     4.0863,     7.2396       
# span 3 =     4.0801,     7.2401       
# span 4 =    -0.2784,     0.0661       
# span 5 =   0.806924,   0.924651       
# span 6 =   0.806303,   0.934256       
# span 7 =          1,          1       
# span 8 =     1.9922,     7.6437       
# span 9 =     2.0582,     7.8712       
# span 10 =       1.07,       9.99      
# span 11 =     0.0158,     0.0277      
# span 12 = -4.456e-06, 1.8741e+00      
# span 13 = -5.383e-05, 2.2460e+01      
# span 14 = 1.1728e+03, 1.2246e+03      
# span 15 =     7.1683,     8.7047      
# span 16 =     7.1682,     8.7923      
# span 17 =    -0.0066,     0.1059      
# span 18 =     5.5707,     6.8981      
# span 19 =     5.5706,     6.9661      
# span 20 =      0.495,     75.785      
# span 21 =      0.506,     77.468      
# span 22 =      0.156,      0.341      
# span 23 =    1433.13,    1445.83      
# span 24 =    1433.10,    1445.83      
# span 25 = 0.0000e+00, 0.0000e+00      
# interval = decibars: 0.5              
# start_time = Nov 26 2018 11:46:05 [NMEA time, first data scan]
# bad_flag = -9.990e-29
*END*
[from data line 112]
       5328     56.500     4.7612     4.7637     0.0025    0.80877    0.81162          1     6.2015     6.3816       9.96     0.0159  8.349e-14  1.000e-12  1.198e+03     7.5101     7.5379     0.0278     5.9469     5.9688     55.975     57.225      0.256    1435.68    1435.73  0.000e+00
       5372     57.000     4.7814     4.7422    -0.0392    0.81191    0.81402          1     6.1560     6.3362       9.96     0.0159  8.311e-14  1.000e-12  1.203e+03     7.5367     7.5667     0.0300     5.9673     5.9924     56.470     57.732      0.277    1435.81    1435.67  0.000e+00
       5419     57.500     4.7378     4.6390    -0.0988    0.81346    0.81469          1     6.0661     6.2739       9.96     0.0159  8.288e-14  1.000e-12  1.207e+03     7.5620     7.5970     0.0350     5.9889     6.0201     56.965     58.238      0.242    1435.66    1435.26  0.000e+00
       5468     58.000     4.6086     4.3761    -0.2325    0.81432    0.81517          1     5.8423     6.1081       9.96     0.0159  8.297e-14  1.000e-12  1.205e+03     7.6002     7.6626     0.0624     6.0237     6.0807     57.461     58.744      0.252    1435.14    1434.19  0.000e+00
       5515     58.500     4.3790     4.2195    -0.1595    0.81546    0.81612          1     5.6196     5.8632       9.96     0.0159  8.306e-14  1.000e-12  1.204e+03     7.6646     7.7086     0.0440     6.0823     6.1220     57.956     59.250      0.254    1434.21    1433.56  0.000e+00
       5563     59.000     4.2487     4.1893    -0.0595    0.81605    0.81649          1     5.5395     5.7032       9.96     0.0159  8.397e-14  1.000e-12  1.191e+03     7.7010     7.7194     0.0184     6.1151     6.1314     58.451     59.756      0.255    1433.68    1433.44  0.000e+00
       5608     59.500     4.2111     4.1581    -0.0529    0.81645    0.81672          1     5.5167     5.6647       9.96     0.0159  8.363e-14  1.000e-12  1.196e+03     7.7139     7.7290     0.0151     6.1264     6.1399     58.946     60.263      0.265    1433.54    1433.32  0.000e+00
       5655     60.000     4.1710     4.1369    -0.0340    0.81669    0.81701          1     5.4919     5.6446       9.96     0.0159  8.370e-14  1.000e-12  1.195e+03     7.7256     7.7369     0.0113     6.1369     6.1468     59.442     60.769      0.258    1433.38    1433.25  0.000e+00
       5699     60.500     4.1488     4.1240    -0.0247    0.81708    0.81793          1     5.4598     5.6219       9.96     0.0159  8.418e-14  1.000e-12  1.188e+03     7.7348     7.7492     0.0145     6.1447     6.1569     59.937     61.275      0.273    1433.31    1433.21  0.000e+00
       5745     61.000     4.1334     4.1198    -0.0136    0.81786    0.81830          1     5.4278     5.5919       9.96     0.0159  8.337e-14  1.000e-12  1.200e+03     7.7462     7.7539     0.0077     6.1542     6.1607     60.432     61.781      0.264    1433.26    1433.21  0.000e+00
       5789     61.500     4.1270     4.1206    -0.0064    0.81823    0.81846          1     5.4252     5.5764       9.96     0.0159  8.443e-14  1.000e-12  1.184e+03     7.7515     7.7553     0.0038     6.1586     6.1618     60.928     62.287      0.265    1433.24    1433.22  0.000e+00
       5836     62.000     4.1252     4.1134    -0.0118    0.81840    0.81853          1     5.4226     5.5723       9.96     0.0159  8.380e-14  1.000e-12  1.193e+03     7.7536     7.7576     0.0041     6.1603     6.1639     61.423     62.793      0.258    1433.25    1433.20  0.000e+00
       5881     62.500     4.1142     4.0866    -0.0275    0.81863    0.81917          1     5.3970     5.5534       9.96     0.0159  8.344e-14  1.000e-12  1.198e+03     7.7584     7.7705     0.0120     6.1645     6.1748     61.918     63.299      0.269    1433.21    1433.10  0.000e+00
       5926     63.000     4.0929     4.0801    -0.0128    0.81927    0.82009          1     5.3552     5.5169       9.96     0.0158  8.312e-14  1.000e-12  1.203e+03     7.7700     7.7813     0.0113     6.1742     6.1836     62.413     63.806      0.262    1433.14    1433.10  0.000e+00
       5972     63.500     4.0863     4.0903     0.0040    0.82020    0.82151          1     5.3104     5.4790       9.96     0.0159  8.382e-14  1.000e-12  1.193e+03     7.7809     7.7934     0.0125     6.1831     6.1929     62.909     64.312      0.265    1433.13    1433.16  0.000e+00
       6016     64.000     4.0914     4.0835    -0.0079    0.82149    0.82208          1     5.2586     5.4312       9.96     0.0159  8.313e-14  1.000e-12  1.203e+03     7.7927     7.8006     0.0079     6.1923     6.1988     63.404     64.818      0.274    1433.18    1433.15  0.000e+00
       6062     64.500     4.0883     4.0951     0.0068    0.82213    0.82352          1     5.2212     5.3970       9.96     0.0159  8.399e-14  1.000e-12  1.191e+03     7.8000     7.8126     0.0126     6.1982     6.2080     63.899     65.324      0.251    1433.18    1433.23  0.000e+00
       6110     65.000     4.1020     4.1424     0.0404    0.82405    0.82756          1     5.1774     5.3581       9.96     0.0159  8.369e-14  1.000e-12  1.195e+03     7.8162     7.8423     0.0261     6.2107     6.2303     64.395     65.830      0.257    1433.27    1433.48  0.000e+00
       6155     65.500     4.1554     4.1918     0.0365    0.82849    0.83165          1     5.0874     5.2718       9.96     0.0159  8.402e-14  1.000e-12  1.190e+03     7.8487     7.8721     0.0234     6.2350     6.2525     64.890     66.336      0.257    1433.56    1433.75  0.000e+00
       6204     66.000     4.1861     4.2012     0.0151    0.83141    0.83347          1     5.0244     5.1850       9.96     0.0159  8.423e-14  1.000e-12  1.187e+03     7.8709     7.8883     0.0174     6.2518     6.2651     65.385     66.842      0.245    1433.73    1433.82  0.000e+00
       6250     66.500     4.2045     4.2185     0.0140    0.83374    0.83533          1     4.9695     5.1207       9.96     0.0159  8.352e-14  1.000e-12  1.197e+03     7.8902     7.9030     0.0128     6.2665     6.2763     65.880     67.349      0.279    1433.85    1433.93  0.000e+00
       6295     67.000     4.2177     4.2283     0.0105    0.83551    0.83728          1     4.9045     5.0627       9.96     0.0158  8.353e-14  1.000e-12  1.197e+03     7.9049     7.9204     0.0155     6.2778     6.2898     66.376     67.855      0.245    1433.93    1434.00  0.000e+00
       6343     67.500     4.2275     4.2324     0.0049    0.83749    0.83930          1     4.8172     4.9868       9.96     0.0159  8.289e-14  1.000e-12  1.206e+03     7.9226     7.9399     0.0173     6.2916     6.3052     66.871     68.361      0.273    1434.01    1434.05  0.000e+00
       6386     68.000     4.2299     4.2249    -0.0050    0.83948    0.84092          1     4.7547     4.9048       9.75     0.0159  8.289e-14  1.000e-12  1.206e+03     7.9422     7.9581     0.0158     6.3071     6.3198     67.366     68.867      0.261    1434.05    1434.05  0.000e+00
       6439     68.500     4.2239     4.2214    -0.0025    0.84109    0.84200          1     4.7107     4.8366       9.22     0.0159  8.338e-14  1.000e-12  1.199e+03     7.9599     7.9698     0.0098     6.3213     6.3292     67.861     69.373      0.231    1434.06    1434.06  0.000e+00
       6485     69.000     4.2233     4.2303     0.0070    0.84264    0.84475          1     4.6529     4.7851       8.73     0.0159  8.380e-14  1.000e-12  1.193e+03     7.9758     7.9955     0.0197     6.3339     6.3494     68.357     69.879      0.297    1434.08    1434.14  0.000e+00
       6528     69.500     4.2380     4.2623     0.0242    0.84682    0.85188          1     4.4960     4.6704       8.22     0.0159  8.359e-14  1.000e-12  1.196e+03     8.0147     8.0603     0.0456     6.3643     6.3998     68.852     70.385      0.243    1434.21    1434.37  0.000e+00
       6580     70.000     4.2895     4.3258     0.0363    0.85561    0.85997          1     4.1784     4.3784       7.73     0.0159  8.440e-14  1.000e-12  1.185e+03     8.0914     8.1268     0.0354     6.4237     6.4506     69.347     70.891      0.277    1434.54    1434.75  0.000e+00
       6619     70.500     4.3349     4.3789     0.0440    0.86082    0.86499          1     3.9710     4.1327       7.22     0.0159  8.438e-14  1.000e-12  1.185e+03     8.1331     8.1646     0.0315     6.4553     6.4789     69.842     71.397      0.286    1434.81    1435.04  0.000e+00
       6668     71.000     4.3838     4.4083     0.0244    0.86648    0.86951          1     3.7453     3.8907       6.69     0.0159  8.363e-14  1.000e-12  1.196e+03     8.1784     8.2032     0.0248     6.4897     6.5085     70.338     71.903      0.235    1435.09    1435.23  0.000e+00
       6716     71.500     4.4050     4.4123     0.0073    0.86942    0.87020          1     3.6727     3.7515       6.19     0.0159  8.306e-14  1.000e-12  1.204e+03     8.2030     8.2090     0.0061     6.5085     6.5130     70.833     72.409      0.276    1435.22    1435.26  0.000e+00
       6761     72.000     4.4106     4.4149     0.0043    0.87021    0.87073          1     3.6566     3.7286       5.65     0.0159  8.365e-14  1.000e-12  1.196e+03     8.2095     8.2137     0.0042     6.5135     6.5167     71.328     72.915      0.245    1435.26    1435.29  0.000e+00
       6812     72.500     4.4136     4.4181     0.0045    0.87076    0.87136          1     3.6307     3.7056       5.15     0.0159  8.379e-14  1.000e-12  1.194e+03     8.2142     8.2192     0.0050     6.5171     6.5209     71.823     73.421      0.256    1435.29    1435.32  0.000e+00
       6854     73.000     4.4349     4.5011     0.0661    0.87557    0.88766          1     3.3356     3.5534       4.65     0.0159  8.380e-14  1.000e-12  1.193e+03     8.2577     8.3636     0.1059     6.5508     6.6325     72.319     73.927      0.285    1435.45    1435.88  0.000e+00
       6901     73.500     4.5051     4.5265     0.0214    0.88975    0.89432          1     2.9063     3.0923       4.12     0.0159  8.416e-14  1.000e-12  1.188e+03     8.3837     8.4246     0.0409     6.6483     6.6800     72.814     74.433      0.242    1435.93    1436.08  0.000e+00
       6947     74.000     4.5204     4.5368     0.0164    0.89370    0.89872          1     2.8167     2.9022       3.62     0.0160  8.355e-14  1.000e-12  1.197e+03     8.4198     8.4665     0.0467     6.6764     6.7128     73.309     74.939      0.283    1436.05    1436.19  0.000e+00
       6990     74.500     4.5423     4.5759     0.0336    0.90157    0.90916          1     2.6192     2.7486       3.09     0.0159  8.301e-14  1.000e-12  1.205e+03     8.4939     8.5622     0.0683     6.7344     6.7873     73.804     75.445      0.257    1436.25    1436.49  0.000e+00
       7040     75.000     4.5787     4.6103     0.0316    0.90983    0.91646          1     2.3080     2.4799       2.57     0.0159  8.295e-14  1.000e-12  1.206e+03     8.5682     8.6271     0.0589     6.7919     6.8374     74.300     75.950      0.249    1436.52    1436.73  0.000e+00
       7086     75.500     4.6091     4.6197     0.0106    0.91814    0.92195          1     2.1694     2.2343       2.06     0.0159  8.225e-14  1.000e-12  1.216e+03     8.6444     8.6803     0.0358     6.8512     6.8792     74.795     76.456      0.264    1436.76    1436.85  0.000e+00
       7146     76.000     4.6168     4.6326     0.0158    0.92161    0.92585          1     2.0861     2.1326       1.56     0.0159  8.346e-14  1.000e-12  1.198e+03     8.6776     8.7163     0.0387     6.8771     6.9072     75.290     76.962      0.216    1436.84    1436.96  0.000e+00
       7207     76.500     4.6305     4.6672     0.0370    0.92465    0.93426          1     1.9922     2.0582       1.07     0.0159  8.524e-14  1.000e-12  1.173e+03     8.7047     8.7923     0.0877     6.8981     6.9661     75.785     77.468      0.156    1436.94    1437.22  0.000e+00
