ctdpy/exports/archive_20191121_122431/received_data/SBE09_1044_20180314_2244_34_02_0058.cnv
* Sea-Bird SBE 9 Data File:
* FileName = C:\ctd\temp\2018\ME18D058.hex
* Software Version Seasave V 7.26.6.26
* Temperature SN = 5351
* Conductivity SN = 3941
* Number of Bytes Per Scan = 41
* Number of Voltage Words = 4
* Number of Scans Averaged by the Deck Unit = 1
* NMEA Latitude = 56 40.14 N
* NMEA Longitude = 012 06.66 E
* NMEA UTC (Time) = Mar 14 2018  22:44:48
* NMEA baud rate = 4800
** Station:  MHAN
** Operator:  Anholt E
** Ship: MERI
** Average sound velocity: 1460.82 m/s
** True-depth calculation Sat, 17 Mar 2018 10:24:54 +0000
** CTD Python Module SMHI /ver 3-12/ feb 2012 
** LIMS Job: 20183402-0058
** Cruise: SMHI-02-2018
** Latitude [GG MM.mm N] :
** Longitude [GG MM.mm E]:
# nquan = 26
# nvalues = 120                         
# units = specified
# name 0 = scan: Scan Count
# name 1 = prDM: Pressure, Digiquartz [db]
# name 2 = t090C: Temperature [ITS-90, deg C]
# name 3 = t190C: Temperature, 2 [ITS-90, deg C]
# name 4 = T2-T190C: Temperature Difference, 2 - 1 [ITS-90, deg C]
# name 5 = c0S/m: Conductivity [S/m]
# name 6 = c1S/m: Conductivity, 2 [S/m]
# name 7 = pumps: Pump Status
# name 8 = sbeox0ML/L: Oxygen, SBE 43 [ml/l]
# name 9 = sbeox1ML/L: Oxygen, SBE 43, 2 [ml/l]
# name 10 = altM: Altimeter [m]
# name 11 = flECO-AFL: Chl-a Fluorescence, WET Labs ECO-AFL/FL [mg/m^3]
# name 12 = flECO-AFL1: Phycocyanin Fluorescence, WET Labs ECO-AFL/FL, 2 [mg/m^3]
# name 13 = par: PAR/Irradiance, Biospherical/Lico [µE/(cm^2*s)]
# name 14 = turbWETntu0: Turbidity, WET Labs ECO [NTU]
# name 15 = sal00: Salinity, Practical [PSU]
# name 16 = sal11: Salinity, Practical, 2 [PSU]
# name 17 = secS-priS: Salinity, Practical, Difference, 2 - 1 [PSU]
# name 18 = sigma-t00: Density [sigma-t, Kg/m^3 ]
# name 19 = sigma-t11: Density, 2 [sigma-t, Kg/m^3 ]
# name 20 = depSM: Depth [salt water, m], lat = 56.669
# name 21 = depFM: Depth [true depth, m], lat = 56.669
# name 22 = dz/dtM: Descent Rate [m/s], WS = 2
# name 23 = svCM: Sound Velocity [Chen-Millero, m/s]
# name 24 = svCM1: Sound Velocity, 2 [Chen-Millero, m/s]
# name 25 = flag: flag
# span 0 =       5202,       8999       
# span 1 =      0.500,     60.000       
# span 2 =     0.3795,     5.4673       
# span 3 =     0.3751,     5.4682       
# span 4 =    -0.0459,     0.0459       
# span 5 =   1.408919,   3.270295       
# span 6 =   1.409147,   3.270311       
# span 7 =          1,          1       
# span 8 =    6.35377,    9.58972       
# span 9 =    6.33612,    9.60025       
# span 10 =       2.67,      98.74      
# span 11 =     0.3049,     9.4933      
# span 12 =     0.2904,     1.7673      
# span 13 = 9.9663e-13, 3.9640e-01      
# span 14 =     0.4622,     1.8488      
# span 15 =    15.3478,    33.7763      
# span 16 =    15.3508,    33.7758      
# span 17 =    -0.1349,     0.1016      
# span 18 =    12.2694,    26.6715      
# span 19 =    12.2717,    26.6709      
# span 20 =      0.495,     59.442      
# span 21 =      0.503,     59.716      
# span 22 =     -0.104,      0.502      
# span 23 =    1428.13,    1471.44      
# span 24 =    1428.13,    1471.45      
# span 25 = 0.0000e+00, 0.0000e+00      
# interval = decibars: 0.5              
# start_time = Mar 14 2018 22:44:48 [NMEA time, first data scan]
# bad_flag = -9.990e-29
*END*
[from data line 112]
       8294     56.500     5.2969     5.2973     0.0003    3.26634    3.26638          1     6.4169     6.4016       6.41     1.0061     0.4708  1.000e-12  1.6635000    33.7508    33.7509     0.0001    26.6507    26.6507     55.975     56.243      0.423    1471.27    1471.27  0.000e+00
       8322     57.000     5.2966     5.2969     0.0003    3.26654    3.26659          1     6.4190     6.3971       5.92     1.2671     0.5265  1.000e-12  1.6042000    33.7532    33.7534     0.0002    26.6526    26.6527     56.470     56.739      0.438    1471.28    1471.28  0.000e+00
       8350     57.500     5.2956     5.2957     0.0001    3.26690    3.26699          1     6.4153     6.4010       5.43     1.1797     0.5529  1.000e-12  1.7102000    33.7580    33.7590     0.0010    26.6566    26.6573     56.966     57.235      0.432    1471.29    1471.29  0.000e+00
       8378     58.000     5.2943     5.2947     0.0004    3.26724    3.26728          1     6.4110     6.3969       4.93     1.1822     0.5016  1.000e-12  1.6412000    33.7630    33.7630    -0.0000    26.6606    26.6606     57.461     57.731      0.428    1471.30    1471.30  0.000e+00
       8406     58.500     5.2944     5.2947     0.0004    3.26727    3.26730          1     6.4145     6.3894       4.43     1.2997     0.4694  1.000e-12  1.6010000    33.7630    33.7630     0.0000    26.6606    26.6606     57.956     58.227      0.423    1471.31    1471.31  0.000e+00
       8435     59.000     5.2940     5.2945     0.0004    3.26738    3.26741          1     6.4147     6.3947       3.94     1.5240     0.3899  1.000e-12  1.7149000    33.7644    33.7643    -0.0001    26.6618    26.6616     58.451     58.724      0.415    1471.32    1471.32  0.000e+00
       8464     59.500     5.2936     5.2939     0.0003    3.26768    3.26775          1     6.4150     6.4005       3.44     1.2307     0.4442  1.000e-12  1.8488000    33.7679    33.7684     0.0005    26.6646    26.6650     58.947     59.220      0.397    1471.33    1471.33  0.000e+00
       8999     60.000     5.2919     5.2927     0.0008    3.26828    3.26831          1     6.4221     6.4009       2.67     1.8490     0.5353  1.000e-12  1.3146000    33.7763    33.7758    -0.0005    26.6715    26.6709     59.442     59.716     -0.104    1471.34    1471.34  0.000e+00
