ctdpy/exports/archive_20191121_122431/received_data/SBE09_0827_20180905_1157_26_01_0964.cnv
* Sea-Bird SBE 9 Data File:
* FileName = D:\CTD_SBE911\DAT\26DA.2018.9.14.hex
* Software Version Seasave V 7.21d
* Temperature SN = 034605
* Conductivity SN = 041844
* Number of Bytes Per Scan = 48
* Number of Voltage Words = 5
* Number of Scans Averaged by the Deck Unit = 1
* NMEA Latitude = 57 06.96 N
* NMEA Longitude = 017 40.19 E
* NMEA UTC (Time) = Sep 05 2018  12:00:09
* NMEA baud rate = 4800
** Ship: DANA
** Average sound velocity: 1448.35 m/s
** True-depth calculation Wed, 03 Apr 2019 09:29:58 +0000
** CTD Python Module SMHI /ver 3-12/ feb 2012 
** LIMS Job: 20182601-0964
**  BY38 KARLSØDJUPET
** Operator: Christian
** Cruise: 09/2018
# nquan = 26
# nvalues = 210                         
# units = specified
# name 0 = scan: Scan Count
# name 1 = prDM: Pressure, Digiquartz [db]
# name 2 = t090C: Temperature [ITS-90, deg C]
# name 3 = t190C: Temperature, 2 [ITS-90, deg C]
# name 4 = T2-T190C: Temperature Difference, 2 - 1 [ITS-90, deg C]
# name 5 = c0S/m: Conductivity [S/m]
# name 6 = c1S/m: Conductivity, 2 [S/m]
# name 7 = pumps: Pump Status
# name 8 = sbeox1ML/L: Oxygen, SBE 43, 2 [ml/l]
# name 9 = sbeox0ML/L: Oxygen, SBE 43 [ml/l]
# name 10 = altM: Altimeter [m]
# name 11 = chloroflTC0: Chlorophyll, Turner Cyclops [ug/l]
# name 12 = cpar: CPAR/Corrected Irradiance [%]
# name 13 = par: PAR/Irradiance, Biospherical/Lico [µE/(cm^2*s)]
# name 14 = spar: SPAR, Biospherical/Licor
# name 15 = sal00: Salinity, Practical [PSU]
# name 16 = sal11: Salinity, Practical, 2 [PSU]
# name 17 = secS-priS: Salinity, Practical, Difference, 2 - 1 [PSU]
# name 18 = sigma-t00: Density [sigma-t, kg/m^3 ]
# name 19 = sigma-t11: Density, 2 [sigma-t, kg/m^3 ]
# name 20 = depSM: Depth [salt water, m], lat = 57.116
# name 21 = depFM: Depth [true depth, m], lat = 57.116
# name 22 = dz/dtM: Descent Rate [m/s], WS = 2
# name 23 = svCM: Sound Velocity [Chen-Millero, m/s]
# name 24 = svCM1: Sound Velocity, 2 [Chen-Millero, m/s]
# name 25 = flag: flag
# span 0 =        232,      10589       
# span 1 =      1.500,    106.000       
# span 2 =     3.8147,    18.6467       
# span 3 =     3.8017,    18.6438       
# span 4 =    -3.3652,     0.2698       
# span 5 =   0.782026,   1.157918       
# span 6 =   0.781393,   1.157337       
# span 7 =          1,          1       
# span 8 =     0.0526,     7.1614       
# span 9 =     0.0370,     7.3948       
# span 10 =       2.10,       9.98      
# span 11 =     0.0436,     0.3006      
# span 12 = 4.9788e-14, 1.2532e+01      
# span 13 = 1.0000e-12, 2.5136e+02      
# span 14 = 1.9715e+03, 2.0103e+03      
# span 15 =     6.6823,    10.7034      
# span 16 =     6.6792,    10.6980      
# span 17 =    -0.1453,     0.3966      
# span 18 =     3.5740,     8.4186      
# span 19 =     3.5717,     8.4144      
# span 20 =      1.487,    104.999      
# span 21 =      1.522,    107.280      
# span 22 =      0.051,      0.305      
# span 23 =    1431.71,    1485.95      
# span 24 =    1431.64,    1485.94      
# span 25 = 0.0000e+00, 0.0000e+00      
# interval = decibars: 0.5              
# start_time = Sep 05 2018 12:00:10 [NMEA time, first data scan]
# bad_flag = -9.990e-29
*END*
[from data line 112]
       5530     57.500     3.8550     3.8384    -0.0166    0.80026    0.80089          1     6.2094     6.3613       9.98     0.0443  5.042e-14  1.000e-12  1.984e+03     7.6324     7.6428     0.0104     6.0709     6.0795     56.963     58.271      0.229    1431.80    1431.74  0.000e+00
       5581     58.000     3.8206     3.8017    -0.0189    0.80352    0.80435          1     6.0519     6.1299       9.98     0.0436  5.037e-14  1.000e-12  1.985e+03     7.6739     7.6869     0.0130     6.1046     6.1154     57.459     58.777      0.243    1431.71    1431.64  0.000e+00
       5632     58.500     3.8147     3.8185     0.0038    0.80880    0.81132          1     5.7923     5.8107       9.98     0.0439  5.037e-14  1.000e-12  1.985e+03     7.7294     7.7544     0.0250     6.1489     6.1687     57.954     59.284      0.232    1431.76    1431.81  0.000e+00
       5682     59.000     3.8372     3.8612     0.0241    0.81534    0.81934          1     5.4250     5.4539       9.98     0.0449  5.031e-14  1.000e-12  1.988e+03     7.7911     7.8265     0.0354     6.1975     6.2250     58.449     59.790      0.243    1431.95    1432.11  0.000e+00
       5729     59.500     3.8730     3.9286     0.0556    0.82146    0.82771          1     5.0882     5.1595       9.98     0.0455  5.026e-14  1.000e-12  1.990e+03     7.8453     7.8961     0.0507     6.2397     6.2787     58.944     60.296      0.266    1432.19    1432.51  0.000e+00
       5775     60.000     3.9297     4.0218     0.0921    0.82933    0.83992          1     4.7267     4.8314       9.98     0.0461  5.030e-14  1.000e-12  1.988e+03     7.9123     7.9984     0.0860     6.2916     6.3575     59.440     60.802      0.262    1432.54    1433.07  0.000e+00
       5820     60.500     3.9947     4.1202     0.1255    0.83782    0.85105          1     4.2934     4.4724       9.98     0.0455  5.030e-14  1.000e-12  1.988e+03     7.9835     8.0880     0.1046     6.3464     6.4260     59.935     61.308      0.267    1432.93    1433.63  0.000e+00
       5866     61.000     4.0954     4.2630     0.1676    0.85027    0.87517          1     3.8651     4.0246       9.98     0.0465  5.030e-14  1.000e-12  1.988e+03     8.0861     8.2985     0.2124     6.4252     6.5887     60.430     61.814      0.252    1433.52    1434.55  0.000e+00
       5914     61.500     4.2102     4.4486     0.2384    0.87321    0.91812          1     3.1991     3.4523       9.98     0.0467  5.031e-14  1.000e-12  1.988e+03     8.2917     8.6884     0.3966     6.5851     6.8917     60.926     62.320      0.244    1434.31    1435.88  0.000e+00
       5965     62.000     4.3266     4.5542     0.2276    0.89570    0.93676          1     2.2501     2.8053       9.98     0.0463  5.030e-14  1.000e-12  1.988e+03     8.4916     8.8501     0.3585     6.7399     7.0162     61.421     62.826      0.234    1435.09    1436.56  0.000e+00
       6015     62.500     4.3903     4.6603     0.2698    0.91095    0.94939          1     1.8054     2.3719       9.98     0.0488  5.030e-14  1.000e-12  1.988e+03     8.6305     8.9499     0.3194     6.8479     7.0911     61.916     63.332      0.247    1435.56    1437.17  0.000e+00
       6062     63.000     4.5664     4.7371     0.1707    0.94131    0.96174          1     1.4728     1.6276       9.98     0.0473  5.034e-14  1.000e-12  1.986e+03     8.8929     9.0542     0.1613     7.0496     7.1707     62.411     63.837      0.259    1436.69    1437.65  0.000e+00
       6109     63.500     4.7729     4.7989     0.0262    0.97079    0.97078          1     1.1475     0.8428       9.98     0.0468  5.036e-14  1.000e-12  1.986e+03     9.1360     9.1288    -0.0072     7.2340     7.2272     62.907     64.343      0.252    1437.92    1438.02  0.000e+00
       6157     64.000     4.8736     4.8807     0.0071    0.99119    0.98832          1     0.8561     0.2470       9.98     0.0484  5.039e-14  1.000e-12  1.984e+03     9.3148     9.2837    -0.0310     7.3712     7.3463     63.402     64.849      0.247    1438.60    1438.59  0.000e+00
       6205     64.500     4.9708     4.9590    -0.0118    1.00858    1.00479          1     0.4472     0.0837       9.98     0.0501  5.037e-14  1.000e-12  1.985e+03     9.4633     9.4283    -0.0350     7.4843     7.4572     63.897     65.354      0.261    1439.22    1439.12  0.000e+00
       6252     65.000     5.0373     5.0235    -0.0138    1.01898    1.01485          1     0.2703     0.1240       9.98     0.0503  5.040e-14  1.000e-12  1.984e+03     9.5493     9.5115    -0.0378     7.5493     7.5201     64.392     65.860      0.236    1439.63    1439.52  0.000e+00
       6306     65.500     5.1009     5.0699    -0.0310    1.02907    1.02265          1     0.2226     0.1722       9.98     0.0520  5.037e-14  1.000e-12  1.985e+03     9.6328     9.5770    -0.0559     7.6124     7.5697     64.888     66.365      0.224    1440.02    1439.81  0.000e+00
       6356     66.000     5.1461     5.1057    -0.0404    1.03526    1.02808          1     0.2093     0.1870       9.98     0.0548  5.039e-14  1.000e-12  1.984e+03     9.6821     9.6215    -0.0607     7.6491     7.6031     65.383     66.871      0.251    1440.29    1440.03  0.000e+00
       6406     66.500     5.1887     5.0923    -0.0963    1.04093    1.02689          1     0.1990     0.1850       9.98     0.0564  5.044e-14  1.000e-12  1.982e+03     9.7268     9.6132    -0.1137     7.6824     7.5972     65.878     67.376      0.235    1440.54    1439.97  0.000e+00
       6454     67.000     5.2387     5.1395    -0.0992    1.04836    1.03258          1     0.1959     0.1745       9.98     0.0561  5.045e-14  1.000e-12  1.982e+03     9.7870     9.6568    -0.1302     7.7275     7.6295     66.373     67.881      0.259    1440.84    1440.24  0.000e+00
       6500     67.500     5.2999     5.1819    -0.1180    1.05720    1.03934          1     0.1786     0.1653       9.98     0.0559  5.046e-14  1.000e-12  1.982e+03     9.8580     9.7127    -0.1453     7.7804     7.6716     66.868     68.387      0.259    1441.20    1440.50  0.000e+00
       6548     68.000     5.3466     5.2391    -0.1075    1.06431    1.04766          1     0.1618     0.1560       9.98     0.0574  5.056e-14  1.000e-12  1.978e+03     9.9156     9.7797    -0.1359     7.8235     7.7217     67.364     68.892      0.251    1441.48    1440.85  0.000e+00
       6597     68.500     5.3748     5.2951    -0.0798    1.06934    1.05638          1     0.1464     0.1475       9.98     0.0571  5.060e-14  1.000e-12  1.976e+03     9.9577     9.8510    -0.1067     7.8553     7.7752     67.859     69.397      0.238    1441.67    1441.19  0.000e+00
       6648     69.000     5.4111     5.3280    -0.0832    1.07429    1.06164          1     0.1377     0.1406       9.98     0.0554  5.062e-14  1.000e-12  1.976e+03     9.9965     9.8941    -0.1024     7.8840     7.8075     68.354     69.903      0.231    1441.88    1441.39  0.000e+00
       6699     69.500     5.4563     5.3729    -0.0833    1.08087    1.06814          1     0.1285     0.1353       9.98     0.0550  5.068e-14  1.000e-12  1.973e+03    10.0490     9.9460    -0.1031     7.9231     7.8461     68.849     70.408      0.242    1442.15    1441.66  0.000e+00
       6747     70.000     5.4768     5.4048    -0.0719    1.08508    1.07304          1     0.1260     0.1272       9.98     0.0548  5.071e-14  1.000e-12  1.972e+03    10.0850     9.9856    -0.0994     7.9504     7.8758     69.345     70.913      0.252    1442.29    1441.86  0.000e+00
       6795     70.500     5.4946     5.4354    -0.0592    1.08824    1.07789          1     0.1182     0.1230       9.97     0.0552  5.072e-14  1.000e-12  1.972e+03    10.1112    10.0252    -0.0860     7.9701     7.9053     69.840     71.418      0.250    1442.41    1442.05  0.000e+00
       6843     71.000     5.5042     5.4591    -0.0452    1.08998    1.08193          1     0.1136     0.1162       9.98     0.0552  5.070e-14  1.000e-12  1.972e+03    10.1257    10.0585    -0.0672     7.9810     7.9304     70.335     71.924      0.258    1442.48    1442.20  0.000e+00
       6888     71.500     5.5157     5.4805    -0.0352    1.09198    1.08545          1     0.1094     0.1138       9.97     0.0554  5.066e-14  1.000e-12  1.974e+03    10.1422    10.0874    -0.0549     7.9934     7.9520     70.830     72.429      0.266    1442.56    1442.34  0.000e+00
       6935     72.000     5.5317     5.4939    -0.0378    1.09469    1.08801          1     0.1075     0.1104       9.97     0.0549  5.064e-14  1.000e-12  1.975e+03    10.1645    10.1090    -0.0555     8.0101     7.9683     71.326     72.934      0.244    1442.66    1442.43  0.000e+00
       6986     72.500     5.5457     5.5079    -0.0379    1.09658    1.09044          1     0.1040     0.1043       9.97     0.0547  5.059e-14  1.000e-12  1.976e+03    10.1791    10.1290    -0.0501     8.0208     7.9834     71.821     73.439      0.230    1442.75    1442.52  0.000e+00
       7040     73.000     5.5598     5.5245    -0.0353    1.09939    1.09276          1     0.1023     0.1049       9.98     0.0559  5.057e-14  1.000e-12  1.977e+03    10.2028    10.1471    -0.0557     8.0387     7.9967     72.316     73.944      0.229    1442.85    1442.63  0.000e+00
       7088     73.500     5.5686     5.5388    -0.0299    1.10138    1.09553          1     0.1009     0.0998       9.97     0.0555  5.060e-14  1.000e-12  1.976e+03    10.2201    10.1705    -0.0496     8.0519     8.0144     72.811     74.450      0.252    1442.92    1442.72  0.000e+00
       7137     74.000     5.5781     5.5478    -0.0303    1.10287    1.09724          1     0.1019     0.0938       9.97     0.0548  5.056e-14  1.000e-12  1.978e+03    10.2320    10.1848    -0.0472     8.0607     8.0252     73.307     74.955      0.247    1442.98    1442.79  0.000e+00
       7183     74.500     5.5933     5.5691    -0.0242    1.10503    1.10052          1     0.0980     0.0958       9.97     0.0544  5.059e-14  1.000e-12  1.976e+03    10.2489    10.2111    -0.0378     8.0732     8.0448     73.802     75.460      0.270    1443.07    1442.92  0.000e+00
       7228     75.000     5.6034     5.5817    -0.0217    1.10702    1.10277          1     0.0926     0.0896       9.97     0.0539  5.060e-14  1.000e-12  1.976e+03    10.2657    10.2297    -0.0359     8.0859     8.0588     74.297     75.965      0.265    1443.15    1443.01  0.000e+00
       7275     75.500     5.6109     5.5894    -0.0216    1.10862    1.10424          1     0.0930     0.0891       9.97     0.0536  5.055e-14  1.000e-12  1.978e+03    10.2793    10.2421    -0.0372     8.0962     8.0680     74.792     76.470      0.242    1443.20    1443.06  0.000e+00
       7325     76.000     5.6173     5.6016    -0.0157    1.11050    1.10651          1     0.0896     0.0855       9.97     0.0530  5.056e-14  1.000e-12  1.978e+03    10.2961    10.2609    -0.0352     8.1091     8.0822     75.287     76.976      0.239    1443.26    1443.15  0.000e+00
       7377     76.500     5.6239     5.6100    -0.0139    1.11242    1.10872          1     0.0897     0.0844       9.97     0.0541  5.054e-14  1.000e-12  1.979e+03    10.3132    10.2804    -0.0328     8.1222     8.0971     75.783     77.481      0.230    1443.32    1443.22  0.000e+00
       7427     77.000     5.6320     5.6236    -0.0084    1.11374    1.11128          1     0.0888     0.0826       9.97     0.0540  5.050e-14  1.000e-12  1.980e+03    10.3239    10.3018    -0.0221     8.1302     8.1133     76.278     77.986      0.247    1443.38    1443.31  0.000e+00
       7475     77.500     5.6391     5.6368    -0.0023    1.11504    1.11387          1     0.0852     0.0790       9.97     0.0544  5.047e-14  1.000e-12  1.981e+03    10.3346    10.3236    -0.0110     8.1382     8.1296     76.773     78.491      0.256    1443.43    1443.40  0.000e+00
       7521     78.000     5.6435     5.6419    -0.0016    1.11579    1.11480          1     0.0892     0.0800       9.97     0.0526  5.045e-14  1.000e-12  1.982e+03    10.3407    10.3312    -0.0094     8.1427     8.1354     77.268     78.996      0.265    1443.46    1443.44  0.000e+00
       7566     78.500     5.6502     5.6488    -0.0014    1.11698    1.11605          1     0.0842     0.0764       9.97     0.0532  5.045e-14  1.000e-12  1.982e+03    10.3505    10.3416    -0.0089     8.1501     8.1431     77.764     79.501      0.258    1443.51    1443.49  0.000e+00
       7615     79.000     5.6548     5.6537    -0.0010    1.11808    1.11710          1     0.0853     0.0754       9.97     0.0534  5.041e-14  1.000e-12  1.984e+03    10.3599    10.3505    -0.0094     8.1573     8.1499     78.259     80.007      0.243    1443.55    1443.53  0.000e+00
       7665     79.500     5.6594     5.6587    -0.0007    1.11940    1.11852          1     0.0827     0.0755       9.97     0.0542  5.044e-14  1.000e-12  1.982e+03    10.3717    10.3630    -0.0086     8.1663     8.1595     78.754     80.512      0.238    1443.59    1443.58  0.000e+00
       7714     80.000     5.6623     5.6618    -0.0006    1.12039    1.11958          1     0.0827     0.0704       9.97     0.0544  5.043e-14  1.000e-12  1.983e+03    10.3805    10.3726    -0.0079     8.1731     8.1669     79.249     81.017      0.242    1443.63    1443.61  0.000e+00
       7765     80.500     5.6667     5.6663    -0.0004    1.12152    1.12073          1     0.0794     0.0710       9.97     0.0542  5.040e-14  1.000e-12  1.984e+03    10.3904    10.3826    -0.0078     8.1806     8.1745     79.744     81.522      0.232    1443.66    1443.65  0.000e+00
       7816     81.000     5.6765     5.6765    -0.0000    1.12352    1.12267          1     0.0796     0.0708       9.97     0.0537  5.043e-14  1.000e-12  1.983e+03    10.4073    10.3988    -0.0086     8.1934     8.1867     80.240     82.027      0.246    1443.74    1443.73  0.000e+00
       7863     81.500     5.6864     5.6859    -0.0005    1.12570    1.12493          1     0.0801     0.0692       9.97     0.0538  5.043e-14  1.000e-12  1.983e+03    10.4260    10.4185    -0.0075     8.2075     8.2016     80.735     82.532      0.254    1443.81    1443.80  0.000e+00
       7911     82.000     5.6931     5.6929    -0.0003    1.12729    1.12658          1     0.0796     0.0660       9.97     0.0534  5.040e-14  1.000e-12  1.984e+03    10.4397    10.4326    -0.0070     8.2179     8.2124     81.230     83.037      0.246    1443.86    1443.85  0.000e+00
       7960     82.500     5.6986     5.6989     0.0003    1.12851    1.12796          1     0.0805     0.0660       9.97     0.0525  5.042e-14  1.000e-12  1.983e+03    10.4501    10.4445    -0.0056     8.2259     8.2214     81.725     83.542      0.245    1443.91    1443.90  0.000e+00
       8010     83.000     5.7032     5.7037     0.0005    1.12978    1.12931          1     0.0774     0.0670       9.97     0.0544  5.041e-14  1.000e-12  1.984e+03    10.4613    10.4564    -0.0049     8.2344     8.2305     82.220     84.048      0.234    1443.95    1443.95  0.000e+00
       8061     83.500     5.7069     5.7067    -0.0002    1.13115    1.13064          1     0.0747     0.0665       9.97     0.0538  5.033e-14  1.000e-12  1.987e+03    10.4738    10.4687    -0.0051     8.2440     8.2400     82.716     84.553      0.236    1443.99    1443.98  0.000e+00
       8112     84.000     5.7099     5.7097    -0.0002    1.13203    1.13146          1     0.0789     0.0617       9.97     0.0543  5.025e-14  1.000e-12  1.990e+03    10.4815    10.4759    -0.0056     8.2500     8.2456     83.211     85.058      0.242    1444.02    1444.01  0.000e+00
       8161     84.500     5.7120     5.7115    -0.0005    1.13281    1.13232          1     0.0723     0.0594       9.97     0.0551  5.024e-14  1.000e-12  1.990e+03    10.4886    10.4838    -0.0048     8.2554     8.2517     83.706     85.563      0.244    1444.05    1444.04  0.000e+00
