ctdpy/exports/archive_20191121_122431/received_data/SBE09_0745_20181210_0825_34_01_0176.cnv
* Sea-Bird SBE 9 Data File:
* FileName = C:\ctd\temp\ar18d176.hex
* Software Version Seasave V 7.26.7.107
* Temperature SN = 4387
* Conductivity SN = 2994
* Number of Bytes Per Scan = 41
* Number of Voltage Words = 4
* Number of Scans Averaged by the Deck Unit = 1
* NMEA Latitude = 58 01.01 N
* NMEA Longitude = 017 59.07 E
* NMEA UTC (Time) = Dec 10 2018  08:25:21
* NMEA baud rate = 4800
** Station:  BY32
** Operator:  JKro
** Ship: ARANDA
** Average sound velocity: 1443.22 m/s
** True-depth calculation Mon, 10 Dec 2018 09:28:26 +0000
** CTD Python Module SMHI /ver 3-12/ feb 2012 
** LIMS Job: 20183401-0176
** Cruise: SMHI-7-2018
** Latitude [GG MM.mm N]:
** Longitude [GG MM.mm E]:
# nquan = 26
# nvalues = 394                         
# units = specified
# name 0 = scan: Scan Count
# name 1 = prDM: Pressure, Digiquartz [db]
# name 2 = t090C: Temperature [ITS-90, deg C]
# name 3 = t190C: Temperature, 2 [ITS-90, deg C]
# name 4 = T2-T190C: Temperature Difference, 2 - 1 [ITS-90, deg C]
# name 5 = c0S/m: Conductivity [S/m]
# name 6 = c1S/m: Conductivity, 2 [S/m]
# name 7 = pumps: Pump Status
# name 8 = sbeox0ML/L: Oxygen, SBE 43 [ml/l]
# name 9 = sbeox1ML/L: Oxygen, SBE 43, 2 [ml/l]
# name 10 = altM: Altimeter [m]
# name 11 = flECO-AFL: Chl-a Fluorescence, WET Labs ECO-AFL/FL [mg/m^3]
# name 12 = flECO-AFL1: Phycocyanin Fluorescence, WET Labs ECO-AFL/FL, 2 [mg/m^3]
# name 13 = par: PAR/Irradiance, Biospherical/Lico [µE/(cm^2*s)]
# name 14 = turbWETntu0: Turbidity, WET Labs ECO [NTU]
# name 15 = sal00: Salinity, Practical [PSU]
# name 16 = sal11: Salinity, Practical, 2 [PSU]
# name 17 = secS-priS: Salinity, Practical, Difference, 2 - 1 [PSU]
# name 18 = sigma-t00: Density [sigma-t, Kg/m^3 ]
# name 19 = sigma-t11: Density, 2 [sigma-t, Kg/m^3 ]
# name 20 = depSM: Depth [salt water, m], lat = 58.0168
# name 21 = depFM: Depth [true depth, m], lat = 58.0168
# name 22 = dz/dtM: Descent Rate [m/s], WS = 2
# name 23 = svCM: Sound Velocity [Chen-Millero, m/s]
# name 24 = svCM1: Sound Velocity, 2 [Chen-Millero, m/s]
# name 25 = flag: flag
# span 0 =      23600,      35264       
# span 1 =      1.500,    198.000       
# span 2 =     4.6694,     6.0243       
# span 3 =     4.6684,     6.0247       
# span 4 =    -0.0033,     0.0071       
# span 5 =   0.787296,   1.189475       
# span 6 =   0.787373,   1.189548       
# span 7 =          1,          1       
# span 8 =    0.02089,    7.99201       
# span 9 =    0.04537,    7.99762       
# span 10 =       3.26,      99.30      
# span 11 =     0.2325,     0.5535      
# span 12 =     0.1507,     0.3240      
# span 13 = -4.335e-05, 9.6452e+01      
# span 14 =     0.1635,     2.7822      
# span 15 =     7.0414,    10.9493      
# span 16 =     7.0420,    10.9499      
# span 17 =    -0.0038,     0.0037      
# span 18 =     5.5221,     8.6020      
# span 19 =     5.5226,     8.6025      
# span 20 =      1.486,    196.071      
# span 21 =      1.519,    200.173      
# span 22 =     -0.057,      0.715      
# span 23 =    1436.56,    1447.58      
# span 24 =    1436.56,    1447.58      
# span 25 = 0.0000e+00, 0.0000e+00      
# interval = decibars: 0.5              
# start_time = Dec 10 2018 08:25:21 [NMEA time, first data scan]
# bad_flag = -9.990e-29
*END*
[from data line 56]
      25292     29.500     5.9959     5.9961     0.0003    0.79244    0.79252          1     7.9809     7.9790      98.66     0.5065     0.3158  5.963e-02  0.2139000     7.0848     7.0855     0.0007     5.5557     5.5563     29.225     29.882      0.462    1440.09    1440.09  0.000e+00
      25318     30.000     5.9961     5.9966     0.0005    0.79251    0.79258          1     7.9800     7.9720      98.66     0.5045     0.2788  4.578e-02  0.2030000     7.0854     7.0860     0.0006     5.5562     5.5566     29.720     30.388      0.493    1440.10    1440.10  0.000e+00
      25341     30.500     5.9953     5.9957     0.0004    0.79251    0.79259          1     7.9830     7.9666      98.60     0.5235     0.2703  4.048e-02  0.2055000     7.0855     7.0862     0.0007     5.5563     5.5568     30.215     30.895      0.580    1440.11    1440.11  0.000e+00
      25360     31.000     5.9927     5.9932     0.0005    0.79250    0.79258          1     7.9839     7.9714      98.44     0.5347     0.3240  2.584e-02  0.2067000     7.0859     7.0865     0.0006     5.5567     5.5572     30.710     31.401      0.608    1440.10    1440.10  0.000e+00
      25380     31.500     5.9946     5.9948     0.0002    0.79261    0.79269          1     7.9810     7.9693      98.66     0.5446     0.2698  1.727e-02  0.2047000     7.0865     7.0872     0.0007     5.5572     5.5577     31.206     31.907      0.535    1440.12    1440.12  0.000e+00
      25407     32.000     5.9968     5.9971     0.0003    0.79273    0.79280          1     7.9775     7.9777      98.67     0.5445     0.2776  1.044e-02  0.2027000     7.0871     7.0877     0.0006     5.5575     5.5580     31.701     32.414      0.430    1440.14    1440.14  0.000e+00
      25435     32.500     5.9987     5.9990     0.0003    0.79283    0.79290          1     7.9726     7.9829      98.67     0.5335     0.2384  2.054e-03  0.2043000     7.0876     7.0882     0.0006     5.5578     5.5583     32.196     32.920      0.475    1440.15    1440.16  0.000e+00
      25457     33.000     6.0026     6.0030     0.0004    0.79308    0.79316          1     7.9700     7.9698      98.67     0.5353     0.2875 -4.335e-05  0.2038000     7.0892     7.0898     0.0007     5.5588     5.5593     32.692     33.427      0.550    1440.18    1440.18  0.000e+00
      25479     33.500     6.0028     6.0032     0.0004    0.79316    0.79324          1     7.9747     7.9667      98.67     0.5168     0.2740  1.486e-11  0.2112000     7.0898     7.0905     0.0007     5.5593     5.5598     33.187     33.933      0.530    1440.19    1440.19  0.000e+00
      25503     34.000     6.0024     6.0028     0.0004    0.79319    0.79326          1     7.9741     7.9691      98.67     0.5162     0.2904  1.000e-12  0.2010000     7.0901     7.0907     0.0006     5.5595     5.5600     33.682     34.440      0.474    1440.20    1440.20  0.000e+00
      25529     34.500     6.0010     6.0014     0.0004    0.79320    0.79328          1     7.9758     7.9716      98.67     0.5186     0.3096  1.000e-12  0.2071000     7.0905     7.0911     0.0007     5.5599     5.5604     34.177     34.946      0.481    1440.20    1440.20  0.000e+00
      25553     35.000     5.9980     5.9985     0.0005    0.79329    0.79337          1     7.9798     7.9720      98.67     0.5403     0.2963  1.000e-12  0.2175000     7.0919     7.0926     0.0007     5.5612     5.5617     34.673     35.453      0.502    1440.20    1440.20  0.000e+00
      25577     35.500     5.9961     5.9965     0.0004    0.79338    0.79345          1     7.9824     7.9704      98.66     0.5279     0.2654  1.000e-12  0.2125000     7.0930     7.0937     0.0006     5.5622     5.5627     35.168     35.959      0.502    1440.20    1440.20  0.000e+00
      25601     36.000     5.9949     5.9952     0.0003    0.79342    0.79349          1     7.9868     7.9726      98.67     0.5284     0.2533  1.000e-12  0.2128000     7.0937     7.0943     0.0006     5.5628     5.5632     35.663     36.466      0.492    1440.20    1440.20  0.000e+00
      25625     36.500     5.9930     5.9941     0.0012    0.79348    0.79353          1     7.9664     7.9633      98.67     0.5057     0.2848  1.000e-12  0.2066000     7.0946     7.0948     0.0003     5.5636     5.5637     36.159     36.972      0.519    1440.20    1440.21  0.000e+00
      25647     37.000     5.9801     5.9814     0.0014    0.79393    0.79399          1     7.9230     7.9079      98.67     0.4944     0.2352  1.000e-12  0.1961000     7.1016     7.1019     0.0003     5.5698     5.5699     36.654     37.478      0.569    1440.16    1440.17  0.000e+00
      25668     37.500     5.9354     5.9355     0.0001    0.79545    0.79558          1     7.8530     7.8274      98.67     0.4917     0.2763  1.000e-12  0.1980000     7.1255     7.1268     0.0012     5.5910     5.5920     37.149     37.985      0.569    1440.01    1440.01  0.000e+00
      25690     38.000     5.8915     5.8925     0.0010    0.79689    0.79700          1     7.7584     7.7317      98.66     0.4813     0.2999  1.000e-12  0.2082000     7.1486     7.1494     0.0008     5.6115     5.6120     37.644     38.491      0.521    1439.86    1439.86  0.000e+00
      25714     38.500     5.8505     5.8508     0.0003    0.79831    0.79841          1     7.6476     7.6184      98.67     0.4530     0.2626  1.000e-12  0.2111000     7.1709     7.1718     0.0008     5.6312     5.6318     38.140     38.998      0.462    1439.72    1439.72  0.000e+00
      25742     39.000     5.7890     5.7901     0.0011    0.80107    0.80119          1     7.5039     7.4628      98.67     0.4371     0.2556  1.000e-12  0.2002000     7.2106     7.2115     0.0009     5.6656     5.6663     38.635     39.504      0.422    1439.51    1439.52  0.000e+00
      25770     39.500     5.6919     5.6912    -0.0007    0.80475    0.80495          1     7.3164     7.2626      98.67     0.4219     0.2764  1.000e-12  0.1888000     7.2670     7.2691     0.0022     5.7150     5.7167     39.130     40.011      0.444    1439.17    1439.17  0.000e+00
      25796     40.000     5.6217     5.6234     0.0017    0.80909    0.80913          1     7.1386     7.0997      98.66     0.3948     0.2917  1.000e-12  0.1816000     7.3243     7.3243     0.0000     5.7636     5.7636     39.625     40.517      0.524    1438.95    1438.95  0.000e+00
      25817     40.500     5.5748     5.5758     0.0010    0.81200    0.81208          1     7.0233     6.9922      98.67     0.3759     0.2864  1.000e-12  0.1820000     7.3628     7.3634     0.0006     5.7963     5.7967     40.121     41.023      0.619    1438.80    1438.81  0.000e+00
      25835     41.000     5.5407     5.5471     0.0063    0.81356    0.81332          1     6.9373     6.9107      98.66     0.3597     0.2761  1.000e-12  0.1810000     7.3854     7.3817    -0.0038     5.8158     5.8125     40.616     41.530      0.654    1438.69    1438.71  0.000e+00
      25853     41.500     5.5179     5.5189     0.0010    0.81550    0.81553          1     6.8366     6.8153      98.66     0.3617     0.2372  1.000e-12  0.1881000     7.4093     7.4094     0.0001     5.8357     5.8357     41.111     42.036      0.591    1438.63    1438.63  0.000e+00
      25877     42.000     5.4241     5.4233    -0.0007    0.82137    0.82149          1     6.6386     6.6016      98.67     0.3628     0.2481  1.000e-12  0.1785000     7.4875     7.4889     0.0014     5.9018     5.9030     41.606     42.542      0.451    1438.33    1438.33  0.000e+00
      25907     42.500     5.2751     5.2785     0.0034    0.83061    0.83061          1     6.3485     6.3022      48.30     0.3565     0.2773  1.000e-12  0.1872000     7.6118     7.6111    -0.0008     6.0068     6.0061     42.102     43.048      0.423    1437.84    1437.86  0.000e+00
      25932     43.000     5.2029     5.2003    -0.0026    0.84140    0.84115          1     6.1338     6.0826      99.03     0.2820     0.2512  1.000e-12  0.1814000     7.7348     7.7328    -0.0019     6.1072     6.1057     42.597     43.555      0.519    1437.69    1437.68  0.000e+00
      25954     43.500     5.2676     5.2685     0.0009    0.84913    0.84925          1     6.0497     6.0061      39.01     0.2830     0.2392  1.000e-12  0.1819000     7.7960     7.7970     0.0010     6.1527     6.1535     43.092     44.061      0.524    1438.06    1438.07  0.000e+00
      25979     44.000     5.3454     5.3525     0.0071    0.85289    0.85335          1     6.0378     6.0223      79.25     0.2749     0.2380  1.000e-12  0.1683000     7.8148     7.8177     0.0029     6.1641     6.1661     43.588     44.567      0.469    1438.43    1438.47  0.000e+00
      26005     44.500     5.3898     5.3905     0.0006    0.85491    0.85502          1     6.0450     6.0505      98.66     0.2325     0.2290  1.000e-12  0.1781000     7.8244     7.8253     0.0009     6.1696     6.1703     44.083     45.073      0.484    1438.65    1438.65  0.000e+00
      26028     45.000     5.3866     5.3871     0.0005    0.85536    0.85545          1     6.0373     6.0449      98.66     0.2510     0.2425  1.000e-12  0.1678000     7.8295     7.8302     0.0007     6.1738     6.1743     44.578     45.579      0.551    1438.65    1438.65  0.000e+00
      26049     45.500     5.3658     5.3662     0.0004    0.85626    0.85635          1     6.0159     6.0230      98.66     0.2800     0.2298  1.000e-12  0.1635000     7.8431     7.8439     0.0008     6.1855     6.1862     45.073     46.085      0.561    1438.58    1438.58  0.000e+00
      26071     46.000     5.3705     5.3709     0.0004    0.85742    0.85749          1     5.9978     6.0074      98.66     0.2789     0.2177  1.000e-12  0.1683000     7.8533     7.8539     0.0006     6.1934     6.1938     45.569     46.592      0.528    1438.62    1438.63  0.000e+00
      26095     46.500     5.3658     5.3663     0.0005    0.85798    0.85806          1     5.9834     5.9892      98.66     0.2517     0.2676  1.000e-12  0.1810000     7.8599     7.8606     0.0007     6.1988     6.1993     46.064     47.098      0.505    1438.62    1438.62  0.000e+00
      26118     47.000     5.3540     5.3545     0.0004    0.85872    0.85879          1     5.9609     5.9597      98.66     0.2603     0.1965  1.000e-12  0.1926000     7.8699     7.8705     0.0006     6.2072     6.2077     46.559     47.604      0.490    1438.59    1438.59  0.000e+00
      26144     47.500     5.3436     5.3443     0.0007    0.85947    0.85955          1     5.9145     5.9247      98.66     0.2671     0.1994  1.000e-12  0.1868000     7.8797     7.8803     0.0006     6.2155     6.2159     47.054     48.110      0.450    1438.56    1438.57  0.000e+00
      26172     48.000     5.3376     5.3380     0.0004    0.85991    0.85998          1     5.8730     5.8757      98.67     0.2782     0.2368  1.000e-12  0.1838000     7.8853     7.8860     0.0006     6.2202     6.2207     47.550     48.616      0.454    1438.55    1438.55  0.000e+00
      26196     48.500     5.3315     5.3319     0.0004    0.86042    0.86051          1     5.8495     5.8510      98.66     0.2606     0.2247  1.000e-12  0.1848000     7.8918     7.8925     0.0007     6.2256     6.2262     48.045     49.122      0.556    1438.54    1438.54  0.000e+00
      26216     49.000     5.3217     5.3227     0.0010    0.86080    0.86090          1     5.8358     5.8403      98.66     0.2616     0.1971  1.000e-12  0.1755000     7.8978     7.8985     0.0008     6.2307     6.2313     48.540     49.628      0.614    1438.51    1438.52  0.000e+00
      26235     49.500     5.3313     5.3324     0.0011    0.86134    0.86145          1     5.8342     5.8409      98.66     0.2603     0.2114  1.000e-12  0.1868000     7.9007     7.9016     0.0008     6.2327     6.2333     49.035     50.134      0.569    1438.57    1438.57  0.000e+00
      26260     50.000     5.3397     5.3401     0.0004    0.86208    0.86215          1     5.8430     5.8514      98.66     0.2532     0.2016  1.000e-12  0.1741000     7.9060     7.9066     0.0006     6.2364     6.2369     49.531     50.641      0.429    1438.62    1438.62  0.000e+00
      26291     50.500     5.3378     5.3383     0.0006    0.86261    0.86269          1     5.8412     5.8537      98.66     0.2601     0.1702  1.000e-12  0.1745000     7.9116     7.9123     0.0007     6.2410     6.2415     50.026     51.147      0.418    1438.63    1438.63  0.000e+00
      26316     51.000     5.3365     5.3369     0.0004    0.86325    0.86333          1     5.8323     5.8379      98.67     0.2520     0.1964  1.000e-12  0.1700000     7.9182     7.9189     0.0007     6.2462     6.2467     50.521     51.653      0.561    1438.64    1438.64  0.000e+00
      26335     51.500     5.3357     5.3362     0.0005    0.86380    0.86389          1     5.8201     5.8228      98.66     0.2597     0.2072  1.000e-12  0.1749000     7.9237     7.9244     0.0007     6.2506     6.2512     51.016     52.159      0.617    1438.65    1438.65  0.000e+00
      26355     52.000     5.3349     5.3354     0.0005    0.86434    0.86442          1     5.7956     5.7999      98.66     0.2695     0.2016  1.000e-12  0.1759000     7.9292     7.9298     0.0006     6.2550     6.2555     51.512     52.665      0.564    1438.66    1438.66  0.000e+00
      26378     52.500     5.3319     5.3325     0.0005    0.86501    0.86508          1     5.7620     5.7611      98.66     0.2636     0.2788  1.000e-12  0.1788000     7.9364     7.9370     0.0006     6.2608     6.2613     52.007     53.171      0.482    1438.66    1438.67  0.000e+00
      26404     53.000     5.3278     5.3283     0.0006    0.86570    0.86578          1     5.7230     5.7277      98.66     0.2561     0.2365  1.000e-12  0.1784000     7.9441     7.9448     0.0007     6.2671     6.2676     52.502     53.677      0.465    1438.66    1438.67  0.000e+00
      26430     53.500     5.3225     5.3230     0.0006    0.86627    0.86634          1     5.6827     5.6906      98.66     0.2680     0.2253  1.000e-12  0.1817000     7.9509     7.9515     0.0006     6.2727     6.2732     52.997     54.183      0.473    1438.66    1438.66  0.000e+00
      26455     54.000     5.3132     5.3141     0.0009    0.86651    0.86657          1     5.6462     5.6528      98.66     0.2691     0.2505  1.000e-12  0.1825000     7.9554     7.9559     0.0005     6.2767     6.2770     53.492     54.689      0.475    1438.63    1438.63  0.000e+00
      26480     54.500     5.3017     5.3021     0.0004    0.86652    0.86660          1     5.6255     5.6374      92.43     0.2578     0.2782  1.000e-12  0.1840000     7.9582     7.9589     0.0007     6.2794     6.2800     53.988     55.195      0.494    1438.59    1438.59  0.000e+00
      26504     55.000     5.2983     5.2988     0.0006    0.86706    0.86713          1     5.6271     5.6375      98.63     0.2519     0.2209  1.000e-12  0.1942000     7.9643     7.9649     0.0006     6.2844     6.2849     54.483     55.702      0.516    1438.59    1438.59  0.000e+00
      26527     55.500     5.3005     5.3011     0.0007    0.86746    0.86752          1     5.6298     5.6358      98.66     0.2492     0.2505  1.000e-12  0.1898000     7.9677     7.9681     0.0005     6.2870     6.2873     54.978     56.208      0.537    1438.61    1438.62  0.000e+00
      26549     56.000     5.2998     5.3002     0.0005    0.86780    0.86787          1     5.6291     5.6308      98.66     0.2444     0.2510  1.000e-12  0.1756000     7.9711     7.9717     0.0006     6.2897     6.2902     55.473     56.714      0.532    1438.62    1438.63  0.000e+00
      26572     56.500     5.2982     5.2987     0.0005    0.86812    0.86820          1     5.6191     5.6264      98.66     0.2749     0.2485  1.000e-12  0.1696000     7.9746     7.9753     0.0007     6.2925     6.2931     55.969     57.220      0.516    1438.63    1438.63  0.000e+00
