ctdpy/exports/archive_20191121_122431/received_data/SBE09_0827_20181120_0602_26_01_1201.cnv
* Sea-Bird SBE 9 Data File:
* FileName = D:\CTD_SBE911\DAT\26DA.2018.12.1.hex
* Software Version Seasave V 7.21d
* Temperature SN = 4548
* Conductivity SN = 3062
* Number of Bytes Per Scan = 48
* Number of Voltage Words = 5
* Number of Scans Averaged by the Deck Unit = 1
* NMEA Latitude = 55 27.74 N
* NMEA Longitude = 014 35.92 E
* NMEA UTC (Time) = Nov 20 2018  06:02:38
* NMEA baud rate = 4800
** Ship: DANA
** Average sound velocity: 1448.95 m/s
** True-depth calculation Tue, 02 Apr 2019 12:11:33 +0000
** CTD Python Module SMHI /ver 3-12/ feb 2012 
** LIMS Job: 20182601-1201
** Operator: Ronny
** Cruise: 12/2018
# nquan = 26
# nvalues = 117                         
# units = specified
# name 0 = scan: Scan Count
# name 1 = prDM: Pressure, Digiquartz [db]
# name 2 = t090C: Temperature [ITS-90, deg C]
# name 3 = t190C: Temperature, 2 [ITS-90, deg C]
# name 4 = T2-T190C: Temperature Difference, 2 - 1 [ITS-90, deg C]
# name 5 = c0S/m: Conductivity [S/m]
# name 6 = c1S/m: Conductivity, 2 [S/m]
# name 7 = pumps: Pump Status
# name 8 = sbeox1ML/L: Oxygen, SBE 43, 2 [ml/l]
# name 9 = sbeox0ML/L: Oxygen, SBE 43 [ml/l]
# name 10 = altM: Altimeter [m]
# name 11 = chloroflTC0: Chlorophyll, Turner Cyclops [ug/l]
# name 12 = cpar: CPAR/Corrected Irradiance [%]
# name 13 = par: PAR/Irradiance, Biospherical/Lico [µE/(cm^2*s)]
# name 14 = spar: SPAR, Biospherical/Licor
# name 15 = sal00: Salinity, Practical [PSU]
# name 16 = sal11: Salinity, Practical, 2 [PSU]
# name 17 = secS-priS: Salinity, Practical, Difference, 2 - 1 [PSU]
# name 18 = sigma-t00: Density [sigma-t, kg/m^3 ]
# name 19 = sigma-t11: Density, 2 [sigma-t, kg/m^3 ]
# name 20 = depSM: Depth [salt water, m], lat = 55.4623
# name 21 = depFM: Depth [true depth, m], lat = 55.4623
# name 22 = dz/dtM: Descent Rate [m/s], WS = 2
# name 23 = svCM: Sound Velocity [Chen-Millero, m/s]
# name 24 = svCM1: Sound Velocity, 2 [Chen-Millero, m/s]
# name 25 = flag: flag
# span 0 =         90,       5923       
# span 1 =      2.000,     60.000       
# span 2 =     7.9235,     7.9361       
# span 3 =     7.9240,     7.9377       
# span 4 =    -0.0014,     0.0017       
# span 5 =   0.898051,   0.898978       
# span 6 =   0.898052,   0.898972       
# span 7 =          1,          1       
# span 8 =     7.4268,     7.4694       
# span 9 =     7.6511,     7.6834       
# span 10 =       1.44,       9.96      
# span 11 =     0.0283,     0.0314      
# span 12 = -6.217e+03, 9.4215e+04      
# span 13 = 1.0000e-12, 1.0000e-12      
# span 14 = 1.1746e-01, 2.1571e+00      
# span 15 =     7.6656,     7.6668      
# span 16 =     7.6653,     7.6667      
# span 17 =    -0.0006,    -0.0000      
# span 18 =     5.8820,     5.8837      
# span 19 =     5.8817,     5.8836      
# span 20 =      1.982,     59.448      
# span 21 =      2.025,     60.755      
# span 22 =     -0.047,      0.748      
# span 23 =    1448.51,    1449.42      
# span 24 =    1448.51,    1449.43      
# span 25 = 0.0000e+00, 0.0000e+00      
# interval = decibars: 0.5              
# start_time = Nov 20 2018 06:02:39 [NMEA time, first data scan]
# bad_flag = -9.990e-29
*END*
         90      2.000     7.9361     7.9365     0.0005    0.89828    0.89827          1     7.4345     7.6699       9.96     0.0312  4.924e-11  1.000e-12  2.031e+00     7.6668     7.6665    -0.0002     5.8828     5.8825      1.982      2.025      0.168    1448.52    1448.51  0.000e+00
        117      2.500     7.9360     7.9377     0.0017    0.89830    0.89831          1     7.4472     7.6648       9.96     0.0294  4.924e-11  1.000e-12  2.031e+00     7.6668     7.6666    -0.0002     5.8828     5.8825      2.477      2.531      0.403    1448.52    1448.53  0.000e+00
        273      3.000     7.9335     7.9338     0.0003    0.89824    0.89823          1     7.4454     7.6668       9.96     0.0297  4.924e-11  1.000e-12  2.031e+00     7.6668     7.6667    -0.0001     5.8830     5.8829      2.973      3.038      0.392    1448.52    1448.52  0.000e+00
        475      3.500     7.9282     7.9286     0.0004    0.89812    0.89811          1     7.4313     7.6668       9.96     0.0293  4.924e-11  1.000e-12  2.031e+00     7.6668     7.6666    -0.0002     5.8834     5.8832      3.468      3.544      0.595    1448.51    1448.51  0.000e+00
        515      4.000     7.9281     7.9288     0.0006    0.89812    0.89812          1     7.4337     7.6698       9.96     0.0303  4.924e-11  1.000e-12  2.031e+00     7.6668     7.6666    -0.0002     5.8834     5.8832      3.964      4.050      0.450    1448.51    1448.52  0.000e+00
        608      4.500     7.9278     7.9281     0.0003    0.89813    0.89812          1     7.4403     7.6754       9.96     0.0283  4.924e-11  1.000e-12  2.031e+00     7.6668     7.6667    -0.0002     5.8835     5.8833      4.459      4.557      0.710    1448.52    1448.52  0.000e+00
        653      5.000     7.9266     7.9277     0.0011    0.89810    0.89811          1     7.4496     7.6676       9.96     0.0291  4.924e-11  1.000e-12  2.031e+00     7.6668     7.6666    -0.0001     5.8835     5.8833      4.955      5.063      0.371    1448.52    1448.53  0.000e+00
        715      5.500     7.9261     7.9262     0.0001    0.89808    0.89807          1     7.4502     7.6605       9.96     0.0293  4.924e-11  1.000e-12  2.031e+00     7.6667     7.6665    -0.0001     5.8835     5.8834      5.450      5.569      0.484    1448.53    1448.53  0.000e+00
        759      6.000     7.9255     7.9256     0.0001    0.89808    0.89807          1     7.4409     7.6679       9.96     0.0293  4.924e-11  1.000e-12  2.031e+00     7.6667     7.6665    -0.0002     5.8836     5.8834      5.946      6.075      0.315    1448.53    1448.53  0.000e+00
        839      6.500     7.9256     7.9261     0.0005    0.89808    0.89809          1     7.4461     7.6834       9.96     0.0294  4.924e-11  1.000e-12  2.031e+00     7.6667     7.6666    -0.0000     5.8835     5.8834      6.441      6.582      0.426    1448.54    1448.55  0.000e+00
        866      7.000     7.9254     7.9261     0.0006    0.89809    0.89809          1     7.4494     7.6763       9.96     0.0293  4.924e-11  1.000e-12  2.031e+00     7.6667     7.6665    -0.0002     5.8836     5.8834      6.936      7.088      0.331    1448.55    1448.55  0.000e+00
        957      7.500     7.9235     7.9246     0.0011    0.89805    0.89806          1     7.4336     7.6684       9.96     0.0293  4.924e-11  1.000e-12  2.031e+00     7.6667     7.6666    -0.0001     5.8837     5.8836      7.432      7.594      0.335    1448.55    1448.55  0.000e+00
        980      8.000     7.9243     7.9240    -0.0003    0.89809    0.89805          1     7.4387     7.6650       9.96     0.0293  4.924e-11  1.000e-12  2.031e+00     7.6668     7.6665    -0.0002     5.8837     5.8836      7.927      8.101      0.487    1448.56    1448.56  0.000e+00
       1018      8.500     7.9261     7.9260    -0.0001    0.89813    0.89811          1     7.4429     7.6604       9.96     0.0293  4.924e-11  1.000e-12  2.031e+00     7.6667     7.6665    -0.0002     5.8835     5.8834      8.423      8.607      0.301    1448.58    1448.58  0.000e+00
       1091      9.000     7.9304     7.9300    -0.0004    0.89824    0.89821          1     7.4478     7.6642       9.96     0.0293  4.924e-11  1.000e-12  2.031e+00     7.6667     7.6665    -0.0002     5.8832     5.8831      8.918      9.113      0.401    1448.60    1448.60  0.000e+00
       1119      9.500     7.9296     7.9303     0.0007    0.89822    0.89822          1     7.4493     7.6719       9.96     0.0293  4.924e-11  1.000e-12  2.031e+00     7.6667     7.6665    -0.0002     5.8832     5.8830      9.414      9.620      0.327    1448.61    1448.61  0.000e+00
       1215     10.000     7.9277     7.9282     0.0005    0.89818    0.89818          1     7.4500     7.6649       9.96     0.0296  4.924e-11  1.000e-12  2.031e+00     7.6667     7.6665    -0.0001     5.8833     5.8832      9.909     10.126      0.337    1448.61    1448.61  0.000e+00
       1239     10.500     7.9277     7.9281     0.0004    0.89819    0.89818          1     7.4466     7.6589       9.96     0.0293  4.924e-11  1.000e-12  2.031e+00     7.6667     7.6665    -0.0002     5.8834     5.8832     10.405     10.632      0.442    1448.61    1448.62  0.000e+00
       1270     11.000     7.9274     7.9282     0.0008    0.89819    0.89819          1     7.4378     7.6599       9.96     0.0293  4.924e-11  1.000e-12  2.031e+00     7.6667     7.6665    -0.0002     5.8834     5.8832     10.900     11.138      0.318    1448.62    1448.63  0.000e+00
       1340     11.500     7.9280     7.9286     0.0006    0.89821    0.89821          1     7.4465     7.6617       9.96     0.0293  4.924e-11  1.000e-12  2.031e+00     7.6667     7.6665    -0.0002     5.8834     5.8832     11.396     11.645      0.231    1448.63    1448.64  0.000e+00
       1385     12.000     7.9284     7.9289     0.0005    0.89823    0.89821          1     7.4495     7.6608       9.96     0.0293  4.924e-11  1.000e-12  2.031e+00     7.6667     7.6665    -0.0002     5.8833     5.8831     11.891     12.151      0.337    1448.64    1448.64  0.000e+00
       1444     12.500     7.9285     7.9291     0.0007    0.89823    0.89823          1     7.4407     7.6609       9.96     0.0294  1.139e-03  1.000e-12  2.031e+00     7.6667     7.6664    -0.0002     5.8833     5.8831     12.386     12.657      0.229    1448.65    1448.65  0.000e+00
       1503     13.000     7.9283     7.9287     0.0005    0.89823    0.89822          1     7.4440     7.6600       9.96     0.0293  7.269e+04  1.000e-12  5.546e-01     7.6667     7.6664    -0.0002     5.8833     5.8831     12.882     13.164      0.384    1448.66    1448.66  0.000e+00
       1535     13.500     7.9286     7.9289     0.0003    0.89826    0.89824          1     7.4353     7.6653       9.96     0.0293  9.422e+04  1.000e-12  1.175e-01     7.6667     7.6665    -0.0002     5.8834     5.8831     13.377     13.670      0.291    1448.67    1448.67  0.000e+00
       1611     14.000     7.9295     7.9295    -0.0000    0.89829    0.89826          1     7.4408     7.6553       9.96     0.0293 -6.217e+03  1.000e-12  2.157e+00     7.6667     7.6665    -0.0002     5.8833     5.8831     13.873     14.176      0.333    1448.68    1448.68  0.000e+00
       1636     14.500     7.9293     7.9299     0.0006    0.89829    0.89828          1     7.4410     7.6592       9.96     0.0295  4.924e-11  1.000e-12  2.031e+00     7.6667     7.6665    -0.0002     5.8833     5.8831     14.368     14.682      0.391    1448.69    1448.69  0.000e+00
       1690     15.000     7.9283     7.9290     0.0007    0.89826    0.89826          1     7.4417     7.6673       9.96     0.0293  4.924e-11  1.000e-12  2.031e+00     7.6667     7.6665    -0.0002     5.8833     5.8832     14.864     15.189      0.246    1448.69    1448.69  0.000e+00
       1736     15.500     7.9275     7.9285     0.0010    0.89825    0.89825          1     7.4416     7.6641       9.96     0.0293  4.924e-11  1.000e-12  2.031e+00     7.6666     7.6665    -0.0002     5.8834     5.8831     15.359     15.695      0.374    1448.69    1448.70  0.000e+00
       1774     16.000     7.9277     7.9282     0.0005    0.89826    0.89825          1     7.4366     7.6690       9.96     0.0293  4.924e-11  1.000e-12  2.031e+00     7.6667     7.6665    -0.0002     5.8834     5.8832     15.855     16.201      0.254    1448.70    1448.70  0.000e+00
       1827     16.500     7.9277     7.9283     0.0007    0.89827    0.89826          1     7.4447     7.6645       9.96     0.0296  4.924e-11  1.000e-12  2.031e+00     7.6667     7.6665    -0.0002     5.8834     5.8832     16.350     16.708      0.332    1448.71    1448.71  0.000e+00
       1859     17.000     7.9272     7.9280     0.0008    0.89826    0.89826          1     7.4455     7.6630       9.96     0.0298  4.924e-11  1.000e-12  2.031e+00     7.6666     7.6665    -0.0002     5.8834     5.8832     16.845     17.214      0.342    1448.72    1448.72  0.000e+00
       1903     17.500     7.9282     7.9288     0.0006    0.89827    0.89827          1     7.4509     7.6725       9.96     0.0295  4.924e-11  1.000e-12  2.031e+00     7.6665     7.6663    -0.0001     5.8832     5.8830     17.341     17.720      0.258    1448.73    1448.73  0.000e+00
       1941     18.000     7.9295     7.9296     0.0001    0.89830    0.89828          1     7.4537     7.6624       9.96     0.0295  4.924e-11  1.000e-12  2.031e+00     7.6664     7.6661    -0.0002     5.8830     5.8828     17.836     18.226      0.398    1448.74    1448.74  0.000e+00
       1984     18.500     7.9301     7.9302     0.0001    0.89832    0.89830          1     7.4573     7.6649       9.96     0.0303  4.924e-11  1.000e-12  2.031e+00     7.6663     7.6661    -0.0002     5.8829     5.8828     18.332     18.733      0.278    1448.75    1448.75  0.000e+00
       2061     19.000     7.9303     7.9311     0.0008    0.89833    0.89832          1     7.4627     7.6722       9.96     0.0304  4.924e-11  1.000e-12  2.031e+00     7.6664     7.6661    -0.0002     5.8829     5.8827     18.827     19.239      0.440    1448.76    1448.76  0.000e+00
       2080     19.500     7.9308     7.9308     0.0000    0.89835    0.89833          1     7.4564     7.6731       9.96     0.0300  4.924e-11  1.000e-12  2.031e+00     7.6664     7.6662    -0.0002     5.8829     5.8827     19.323     19.745      0.562    1448.77    1448.77  0.000e+00
       2102     20.000     7.9306     7.9308     0.0002    0.89835    0.89834          1     7.4563     7.6770       9.96     0.0300  4.924e-11  1.000e-12  2.031e+00     7.6663     7.6662    -0.0001     5.8828     5.8827     19.818     20.252      0.441    1448.78    1448.78  0.000e+00
       2188     20.500     7.9304     7.9309     0.0005    0.89834    0.89833          1     7.4530     7.6706       9.96     0.0314  4.924e-11  1.000e-12  2.031e+00     7.6662     7.6660    -0.0002     5.8828     5.8826     20.313     20.758      0.335    1448.79    1448.79  0.000e+00
       2227     21.000     7.9305     7.9309     0.0005    0.89834    0.89833          1     7.4456     7.6711       9.96     0.0306  4.924e-11  1.000e-12  2.031e+00     7.6661     7.6660    -0.0002     5.8827     5.8825     20.809     21.264      0.664    1448.79    1448.80  0.000e+00
       2241     21.500     7.9307     7.9310     0.0003    0.89836    0.89835          1     7.4444     7.6745       9.96     0.0296  4.924e-11  1.000e-12  2.031e+00     7.6662     7.6660    -0.0002     5.8828     5.8826     21.304     21.770      0.748    1448.80    1448.80  0.000e+00
       2258     22.000     7.9306     7.9311     0.0005    0.89837    0.89836          1     7.4416     7.6715       9.96     0.0293  4.924e-11  1.000e-12  2.031e+00     7.6663     7.6660    -0.0002     5.8828     5.8826     21.800     22.277      0.618    1448.81    1448.81  0.000e+00
       2346     22.500     7.9306     7.9311     0.0005    0.89836    0.89836          1     7.4430     7.6702       9.96     0.0304  4.924e-11  1.000e-12  2.031e+00     7.6661     7.6660    -0.0001     5.8827     5.8826     22.295     22.783      0.428    1448.82    1448.82  0.000e+00
       2405     23.000     7.9308     7.9311     0.0004    0.89837    0.89836          1     7.4534     7.6727       9.96     0.0298  4.924e-11  1.000e-12  2.031e+00     7.6661     7.6659    -0.0002     5.8827     5.8825     22.791     23.289      0.565    1448.83    1448.83  0.000e+00
       2426     23.500     7.9309     7.9313     0.0004    0.89838    0.89837          1     7.4543     7.6714       9.96     0.0301  4.924e-11  1.000e-12  2.031e+00     7.6662     7.6660    -0.0002     5.8827     5.8825     23.286     23.796      0.535    1448.84    1448.84  0.000e+00
       2462     24.000     7.9308     7.9313     0.0006    0.89839    0.89839          1     7.4573     7.6707       9.96     0.0305  4.924e-11  1.000e-12  2.031e+00     7.6662     7.6660    -0.0001     5.8827     5.8826     23.781     24.302      0.318    1448.84    1448.85  0.000e+00
       2553     24.500     7.9307     7.9312     0.0005    0.89839    0.89838          1     7.4554     7.6734       9.96     0.0305  4.924e-11  1.000e-12  2.031e+00     7.6661     7.6659    -0.0002     5.8827     5.8825     24.277     24.808      0.390    1448.85    1448.85  0.000e+00
       2579     25.000     7.9304     7.9312     0.0008    0.89839    0.89839          1     7.4596     7.6734       9.96     0.0304  4.924e-11  1.000e-12  2.031e+00     7.6662     7.6659    -0.0002     5.8828     5.8825     24.772     25.315      0.475    1448.86    1448.86  0.000e+00
       2604     25.500     7.9303     7.9309     0.0006    0.89839    0.89839          1     7.4580     7.6679       9.96     0.0303  4.924e-11  1.000e-12  2.031e+00     7.6661     7.6660    -0.0002     5.8827     5.8825     25.268     25.821      0.429    1448.86    1448.87  0.000e+00
       2669     26.000     7.9297     7.9301     0.0004    0.89839    0.89838          1     7.4455     7.6658       9.96     0.0305  4.924e-11  1.000e-12  2.031e+00     7.6662     7.6660    -0.0002     5.8828     5.8826     25.763     26.327      0.323    1448.87    1448.87  0.000e+00
       2734     26.500     7.9303     7.9298    -0.0005    0.89842    0.89838          1     7.4434     7.6615       9.96     0.0294  4.924e-11  1.000e-12  2.031e+00     7.6663     7.6660    -0.0003     5.8828     5.8827     26.258     26.833      0.627    1448.88    1448.88  0.000e+00
       2751     27.000     7.9302     7.9305     0.0003    0.89843    0.89841          1     7.4369     7.6637       9.96     0.0293  4.924e-11  1.000e-12  2.031e+00     7.6663     7.6661    -0.0002     5.8829     5.8827     26.754     27.340      0.626    1448.89    1448.89  0.000e+00
       2788     27.500     7.9303     7.9307     0.0005    0.89844    0.89843          1     7.4343     7.6636       9.96     0.0296  4.924e-11  1.000e-12  2.031e+00     7.6663     7.6661    -0.0002     5.8829     5.8827     27.249     27.846      0.380    1448.90    1448.90  0.000e+00
       2881     28.000     7.9305     7.9310     0.0005    0.89845    0.89844          1     7.4353     7.6700       9.96     0.0303  4.924e-11  1.000e-12  2.031e+00     7.6663     7.6661    -0.0002     5.8828     5.8827     27.745     28.352      0.436    1448.91    1448.91  0.000e+00
       2900     28.500     7.9307     7.9310     0.0003    0.89847    0.89846          1     7.4268     7.6691       9.96     0.0294  4.924e-11  1.000e-12  2.031e+00     7.6664     7.6662    -0.0002     5.8829     5.8827     28.240     28.859      0.564    1448.92    1448.92  0.000e+00
       2921     29.000     7.9307     7.9312     0.0005    0.89848    0.89847          1     7.4292     7.6701       9.96     0.0293  4.924e-11  1.000e-12  2.031e+00     7.6664     7.6662    -0.0002     5.8829     5.8827     28.735     29.365      0.497    1448.92    1448.92  0.000e+00
