ctdpy/exports/archive_20191121_122431/received_data/SBE09_1044_20181110_0220_34_01_0124.cnv
* Sea-Bird SBE 9 Data File:
* FileName = C:\ctd\temp\ar18d124.hex
* Software Version Seasave V 7.26.7.107
* Temperature SN = 5351
* Conductivity SN = 3941
* Number of Bytes Per Scan = 41
* Number of Voltage Words = 4
* Number of Scans Averaged by the Deck Unit = 1
* NMEA Latitude = 56 38.03 N
* NMEA Longitude = 019 35.08 E
* NMEA UTC (Time) = Nov 10 2018  02:20:16
* NMEA baud rate = 4800
** Station:  BY10
** Operator:  JKro
** Ship: ARANDA
** Average sound velocity: 1448.29 m/s
** True-depth calculation Sat, 10 Nov 2018 03:29:54 +0000
** CTD Python Module SMHI /ver 3-12/ feb 2012 
** LIMS Job: 20183401-0124
** Cruise: SMHI-6-2018
** Latitude [GG MM.mm N]:
** Longitude [GG MM.mm E]
# nquan = 26
# nvalues = 275                         
# units = specified
# name 0 = scan: Scan Count
# name 1 = prDM: Pressure, Digiquartz [db]
# name 2 = t090C: Temperature [ITS-90, deg C]
# name 3 = t190C: Temperature, 2 [ITS-90, deg C]
# name 4 = T2-T190C: Temperature Difference, 2 - 1 [ITS-90, deg C]
# name 5 = c0S/m: Conductivity [S/m]
# name 6 = c1S/m: Conductivity, 2 [S/m]
# name 7 = pumps: Pump Status
# name 8 = sbeox0ML/L: Oxygen, SBE 43 [ml/l]
# name 9 = sbeox1ML/L: Oxygen, SBE 43, 2 [ml/l]
# name 10 = altM: Altimeter [m]
# name 11 = flECO-AFL: Chl-a Fluorescence, WET Labs ECO-AFL/FL [mg/m^3]
# name 12 = flECO-AFL1: Phycocyanin Fluorescence, WET Labs ECO-AFL/FL, 2 [mg/m^3]
# name 13 = par: PAR/Irradiance, Biospherical/Lico [µE/(cm^2*s)]
# name 14 = turbWETntu0: Turbidity, WET Labs ECO [NTU]
# name 15 = sal00: Salinity, Practical [PSU]
# name 16 = sal11: Salinity, Practical, 2 [PSU]
# name 17 = secS-priS: Salinity, Practical, Difference, 2 - 1 [PSU]
# name 18 = sigma-t00: Density [sigma-t, Kg/m^3 ]
# name 19 = sigma-t11: Density, 2 [sigma-t, Kg/m^3 ]
# name 20 = depSM: Depth [salt water, m], lat = 56.6338
# name 21 = depFM: Depth [true depth, m], lat = 56.6338
# name 22 = dz/dtM: Descent Rate [m/s], WS = 2
# name 23 = svCM: Sound Velocity [Chen-Millero, m/s]
# name 24 = svCM1: Sound Velocity, 2 [Chen-Millero, m/s]
# name 25 = flag: flag
# span 0 =      31715,      38767       
# span 1 =      1.000,    138.000       
# span 2 =     3.6630,     9.4046       
# span 3 =     3.6652,     9.4059       
# span 4 =    -0.0052,     0.0323       
# span 5 =   0.785277,   1.374281       
# span 6 =   0.785300,   1.374217       
# span 7 =          1,          1       
# span 8 =    0.02855,    7.39700       
# span 9 =    0.05869,    7.41867       
# span 10 =       3.31,      98.04      
# span 11 =     0.2188,     1.2487      
# span 12 =     0.1547,     0.4645      
# span 13 = -8.732e-05, 5.2316e-02      
# span 14 =     0.1188,     0.8663      
# span 15 =     7.2782,    12.5419      
# span 16 =     7.2778,    12.5409      
# span 17 =    -0.0048,     0.0015      
# span 18 =     5.4467,     9.8025      
# span 19 =     5.4463,     9.8016      
# span 20 =      0.991,    136.691      
# span 21 =      1.013,    139.556      
# span 22 =      0.185,      0.521      
# span 23 =    1430.86,    1454.42      
# span 24 =    1430.87,    1454.43      
# span 25 = 0.0000e+00, 0.0000e+00      
# interval = decibars: 0.5              
# start_time = Nov 10 2018 02:20:17 [NMEA time, first data scan]
# bad_flag = -9.990e-29
*END*
[from data line 168]
      35886     85.000     5.8778     5.8787     0.0010    1.13826    1.13810          1     0.0656     0.0995      57.77     0.3275     0.2212  1.000e-12  0.3978000    10.4915    10.4895    -0.0020     8.2477     8.2461     84.205     86.061      0.498    1444.77    1444.77  0.000e+00
      35909     85.500     5.9061     5.9066     0.0005    1.14352    1.14340          1     0.0632     0.0957      57.31     0.3271     0.2162  1.000e-12  0.2845000    10.5349    10.5336    -0.0013     8.2802     8.2791     84.700     86.566      0.514    1444.95    1444.95  0.000e+00
      35933     86.000     5.9302     5.9310     0.0008    1.14894    1.14888          1     0.0639     0.0944      56.66     0.3619     0.2390  1.000e-12  0.2864000    10.5812    10.5803    -0.0009     8.3152     8.3145     85.195     87.071      0.493    1445.12    1445.12  0.000e+00
      35958     86.500     5.9583     5.9592     0.0010    1.15554    1.15543          1     0.0632     0.0895      56.03     0.3159     0.2337  1.000e-12  0.3160000    10.6380    10.6366    -0.0014     8.3582     8.3570     85.690     87.576      0.461    1445.32    1445.32  0.000e+00
      35984     87.000     5.9966     5.9986     0.0020    1.16221    1.16221          1     0.0595     0.0878      77.97     0.3396     0.2069  1.000e-12  0.3210000    10.6921    10.6915    -0.0006     8.3984     8.3978     86.185     88.081      0.477    1445.56    1445.57  0.000e+00
      36008     87.500     6.0127     6.0138     0.0011    1.16521    1.16510          1     0.0614     0.0877      54.35     0.3059     0.2129  1.000e-12  0.3028000    10.7168    10.7154    -0.0014     8.4168     8.4157     86.681     88.586      0.512    1445.67    1445.67  0.000e+00
      36031     88.000     6.0300     6.0304     0.0004    1.16841    1.16825          1     0.0606     0.0830      54.48     0.3141     0.2346  1.000e-12  0.2972000    10.7431    10.7413    -0.0017     8.4364     8.4350     87.176     89.091      0.513    1445.78    1445.78  0.000e+00
      36056     88.500     6.0473     6.0488     0.0015    1.17189    1.17182          1     0.0622     0.0816      54.09     0.3140     0.2678  1.000e-12  0.2873000    10.7720    10.7709    -0.0011     8.4581     8.4571     87.671     89.596      0.481    1445.90    1445.90  0.000e+00
      36081     89.000     6.0610     6.0623     0.0013    1.17451    1.17443          1     0.0585     0.0818      53.41     0.3243     0.2587  1.000e-12  0.2961000    10.7936    10.7923    -0.0013     8.4742     8.4731     88.166     90.101      0.476    1445.99    1446.00  0.000e+00
      36106     89.500     6.0767     6.0780     0.0012    1.17750    1.17742          1     0.0541     0.0792      52.90     0.3259     0.1894  1.000e-12  0.3024000    10.8182    10.8170    -0.0011     8.4926     8.4916     88.662     90.606      0.497    1446.10    1446.10  0.000e+00
      36129     90.000     6.0888     6.0903     0.0015    1.17991    1.17989          1     0.0560     0.0773      52.43     0.3269     0.1778  1.000e-12  0.2802000    10.8382    10.8375    -0.0007     8.5075     8.5069     89.157     91.111      0.505    1446.18    1446.19  0.000e+00
      36153     90.500     6.0912     6.0930     0.0018    1.18040    1.18042          1     0.0580     0.0789      51.85     0.3274     0.1779  1.000e-12  0.3015000    10.8422    10.8418    -0.0004     8.5105     8.5101     89.652     91.616      0.499    1446.20    1446.21  0.000e+00
      36178     91.000     6.0989     6.0998     0.0009    1.18177    1.18163          1     0.0569     0.0787      51.41     0.3373     0.2274  1.000e-12  0.3234000    10.8533    10.8516    -0.0017     8.5187     8.5173     90.147     92.121      0.485    1446.26    1446.26  0.000e+00
      36203     91.500     6.1139     6.1142     0.0004    1.18420    1.18407          1     0.0519     0.0720      50.94     0.3238     0.2229  1.000e-12  0.3270000    10.8725    10.8711    -0.0014     8.5329     8.5317     90.642     92.626      0.473    1446.36    1446.36  0.000e+00
      36228     92.000     6.1551     6.1549    -0.0002    1.19316    1.19285          1     0.0512     0.0728      50.32     0.3154     0.2438  1.000e-12  0.3346000    10.9481    10.9450    -0.0030     8.5897     8.5873     91.138     93.131      0.485    1446.63    1446.63  0.000e+00
      36252     92.500     6.1873     6.1881     0.0008    1.19930    1.19923          1     0.0523     0.0737      49.79     0.3092     0.2158  1.000e-12  0.3388000    10.9984    10.9975    -0.0009     8.6271     8.6264     91.633     93.636      0.505    1446.84    1446.84  0.000e+00
      36276     93.000     6.2130     6.2124    -0.0006    1.20246    1.20226          1     0.0513     0.0703      49.35     0.3160     0.2680  1.000e-12  0.3337000    11.0214    11.0196    -0.0017     8.6435     8.6421     92.128     94.141      0.501    1446.99    1446.98  0.000e+00
      36300     93.500     6.2491     6.2492     0.0001    1.20710    1.20697          1     0.0523     0.0701      48.84     0.3179     0.2663  1.000e-12  0.3072000    11.0555    11.0543    -0.0013     8.6679     8.6669     92.623     94.646      0.489    1447.19    1447.19  0.000e+00
      36325     94.000     6.2630     6.2638     0.0008    1.20901    1.20894          1     0.0517     0.0720      48.29     0.3140     0.1988  1.000e-12  0.2704000    11.0698    11.0689    -0.0010     8.6782     8.6774     93.118     95.150      0.487    1447.28    1447.28  0.000e+00
      36349     94.500     6.2720     6.2728     0.0009    1.21037    1.21030          1     0.0524     0.0718      47.78     0.3223     0.1980  1.000e-12  0.2545000    11.0803    11.0793    -0.0010     8.6859     8.6850     93.614     95.655      0.493    1447.33    1447.34  0.000e+00
      36374     95.000     6.2839     6.2846     0.0007    1.21279    1.21270          1     0.0515     0.0707      47.21     0.3121     0.2108  1.000e-12  0.2589000    11.1003    11.0992    -0.0011     8.7007     8.6998     94.109     96.160      0.496    1447.42    1447.42  0.000e+00
      36398     95.500     6.2948     6.2958     0.0011    1.21475    1.21471          1     0.0500     0.0728      46.67     0.3101     0.1916  1.000e-12  0.2729000    11.1160    11.1153    -0.0007     8.7124     8.7117     94.604     96.665      0.493    1447.49    1447.49  0.000e+00
      36422     96.000     6.3026     6.3038     0.0012    1.21594    1.21592          1     0.0452     0.0718      45.84     0.3017     0.1990  1.000e-12  0.2700000    11.1252    11.1245    -0.0007     8.7191     8.7184     95.099     97.170      0.485    1447.54    1447.55  0.000e+00
      36447     96.500     6.3106     6.3120     0.0013    1.21805    1.21798          1     0.0500     0.0719      45.61     0.2846     0.1547  1.000e-12  0.2550000    11.1433    11.1422    -0.0011     8.7328     8.7318     95.594     97.675      0.485    1447.61    1447.61  0.000e+00
      36472     97.000     6.3108     6.3123     0.0016    1.21957    1.21953          1     0.0503     0.0721      45.18     0.3129     0.2279  1.000e-12  0.2709000    11.1582    11.1573    -0.0009     8.7444     8.7436     96.089     98.180      0.493    1447.64    1447.64  0.000e+00
      36496     97.500     6.3073     6.3085     0.0012    1.22166    1.22158          1     0.0480     0.0713      44.78     0.3039     0.1913  1.000e-12  0.3216000    11.1799    11.1787    -0.0012     8.7618     8.7608     96.585     98.685      0.496    1447.66    1447.66  0.000e+00
      36520     98.000     6.3186     6.3194     0.0007    1.22370    1.22362          1     0.0471     0.0725      44.27     0.3037     0.1784  1.000e-12  0.4400000    11.1963    11.1953    -0.0010     8.7739     8.7731     97.080     99.189      0.492    1447.73    1447.73  0.000e+00
      36545     98.500     6.3251     6.3262     0.0011    1.22487    1.22480          1     0.0474     0.0710      43.64     0.3035     0.2318  1.000e-12  0.4326000    11.2056    11.2046    -0.0010     8.7808     8.7799     97.575     99.694      0.491    1447.78    1447.78  0.000e+00
      36569     99.000     6.3338     6.3343     0.0005    1.22680    1.22668          1     0.0494     0.0716      43.08     0.3257     0.2094  1.000e-12  0.4551000    11.2218    11.2204    -0.0014     8.7929     8.7918     98.070    100.199      0.498    1447.84    1447.85  0.000e+00
      36593     99.500     6.3540     6.3544     0.0004    1.23029    1.23018          1     0.0471     0.0699      42.56     0.3056     0.2071  1.000e-12  0.4993000    11.2496    11.2483    -0.0012     8.8133     8.8123     98.565    100.704      0.506    1447.97    1447.97  0.000e+00
      36617    100.000     6.3673     6.3683     0.0010    1.23281    1.23276          1     0.0473     0.0663      42.12     0.3061     0.2251  1.000e-12  0.5048000    11.2700    11.2692    -0.0008     8.8285     8.8278     99.061    101.209      0.497    1448.06    1448.07  0.000e+00
      36641    100.500     6.3758     6.3767     0.0009    1.23419    1.23412          1     0.0466     0.0726      41.56     0.3037     0.2263  1.000e-12  0.4417000    11.2807    11.2798    -0.0009     8.8363     8.8355     99.556    101.714      0.486    1448.12    1448.12  0.000e+00
      36666    101.000     6.3919     6.3926     0.0007    1.23704    1.23695          1     0.0465     0.0712      41.00     0.3129     0.2300  1.000e-12  0.3224000    11.3035    11.3024    -0.0012     8.8531     8.8521    100.051    102.218      0.485    1448.22    1448.23  0.000e+00
      36691    101.500     6.4056     6.4062     0.0006    1.23996    1.23985          1     0.0452     0.0676      40.43     0.2952     0.2184  1.000e-12  0.2186000    11.3277    11.3264    -0.0013     8.8711     8.8701    100.546    102.723      0.481    1448.32    1448.32  0.000e+00
      36716    102.000     6.4163     6.4170     0.0007    1.24208    1.24199          1     0.0462     0.0712      39.97     0.3070     0.2072  1.000e-12  0.1746000    11.3450    11.3439    -0.0011     8.8840     8.8831    101.041    103.228      0.477    1448.39    1448.40  0.000e+00
      36741    102.500     6.4247     6.4257     0.0009    1.24413    1.24406          1     0.0447     0.0703      39.47     0.3159     0.2001  1.000e-12  0.1974000    11.3624    11.3614    -0.0010     8.8971     8.8962    101.537    103.733      0.480    1448.46    1448.46  0.000e+00
      36766    103.000     6.4297     6.4305     0.0008    1.24539    1.24531          1     0.0468     0.0729      38.89     0.2983     0.2078  1.000e-12  0.1692000    11.3731    11.3720    -0.0011     8.9051     8.9042    102.032    104.237      0.499    1448.50    1448.50  0.000e+00
      36789    103.500     6.4353     6.4362     0.0009    1.24698    1.24690          1     0.0442     0.0704      38.38     0.2996     0.2141  1.000e-12  0.1446000    11.3868    11.3857    -0.0011     8.9155     8.9146    102.527    104.742      0.511    1448.55    1448.55  0.000e+00
      36813    104.000     6.4436     6.4441     0.0005    1.24894    1.24884          1     0.0417     0.0707      37.87     0.3046     0.1699  1.000e-12  0.1457000    11.4033    11.4021    -0.0012     8.9279     8.9269    103.022    105.247      0.499    1448.61    1448.62  0.000e+00
      36837    104.500     6.4557     6.4565     0.0008    1.25137    1.25130          1     0.0431     0.0692      37.35     0.2968     0.2104  1.000e-12  0.1465000    11.4232    11.4222    -0.0010     8.9426     8.9418    103.517    105.752      0.485    1448.70    1448.70  0.000e+00
      36862    105.000     6.4632     6.4640     0.0009    1.25282    1.25277          1     0.0427     0.0704      36.83     0.2900     0.2349  1.000e-12  0.1380000    11.4349    11.4342    -0.0007     8.9513     8.9507    104.012    106.256      0.487    1448.75    1448.75  0.000e+00
      36886    105.500     6.4669     6.4679     0.0010    1.25361    1.25357          1     0.0421     0.0688      36.35     0.2954     0.2334  1.000e-12  0.1261000    11.4413    11.4406    -0.0007     8.9561     8.9555    104.508    106.761      0.504    1448.78    1448.79  0.000e+00
      36910    106.000     6.4703     6.4713     0.0009    1.25453    1.25448          1     0.0426     0.0702      35.89     0.3085     0.2905  1.000e-12  0.1218000    11.4492    11.4484    -0.0008     8.9620     8.9613    105.003    107.266      0.511    1448.82    1448.82  0.000e+00
      36934    106.500     6.4927     6.4921    -0.0006    1.25686    1.25676          1     0.0442     0.0726      35.44     0.3193     0.2317  1.000e-12  0.1287000    11.4646    11.4638    -0.0008     8.9726     8.9720    105.498    107.771      0.498    1448.94    1448.93  0.000e+00
      36958    107.000     6.5149     6.5154     0.0006    1.25925    1.25917          1     0.0499     0.0747      34.85     0.3198     0.1749  1.000e-12  0.1270000    11.4807    11.4797    -0.0009     8.9836     8.9828    105.993    108.275      0.479    1449.06    1449.06  0.000e+00
      36984    107.500     6.5242     6.5251     0.0010    1.26135    1.26130          1     0.0499     0.0725      34.26     0.2911     0.1631  1.000e-12  0.1322000    11.4982    11.4973    -0.0009     8.9967     8.9959    106.488    108.780      0.473    1449.13    1449.13  0.000e+00
      37009    108.000     6.5375     6.5382     0.0007    1.26388    1.26379          1     0.0547     0.0773      33.77     0.2886     0.1626  1.000e-12  0.1327000    11.5185    11.5174    -0.0011     9.0117     9.0107    106.983    109.285      0.485    1449.22    1449.22  0.000e+00
      37033    108.500     6.5475     6.5481     0.0007    1.26621    1.26614          1     0.0617     0.0819      33.25     0.2868     0.2071  1.000e-12  0.1203000    11.5380    11.5372    -0.0008     9.0263     9.0256    107.479    109.790      0.494    1449.29    1449.29  0.000e+00
      37057    109.000     6.5560     6.5568     0.0008    1.26831    1.26826          1     0.0646     0.0888      32.77     0.2812     0.2266  1.000e-12  0.1249000    11.5558    11.5550    -0.0008     9.0396     9.0389    107.974    110.294      0.499    1449.36    1449.36  0.000e+00
      37081    109.500     6.5629     6.5639     0.0009    1.27085    1.27073          1     0.0754     0.0968      32.36     0.2816     0.2012  1.000e-12  0.1241000    11.5784    11.5769    -0.0015     9.0568     9.0556    108.469    110.799      0.499    1449.42    1449.42  0.000e+00
      37105    110.000     6.5658     6.5667     0.0009    1.27306    1.27296          1     0.0786     0.0974      31.83     0.2817     0.2059  1.000e-12  0.1188000    11.5991    11.5978    -0.0014     9.0729     9.0718    108.964    111.304      0.493    1449.47    1449.47  0.000e+00
      37130    110.500     6.5665     6.5678     0.0012    1.27353    1.27353          1     0.0725     0.0968      31.39     0.2666     0.2417  1.000e-12  0.1288000    11.6034    11.6030    -0.0004     9.0763     9.0758    109.459    111.808      0.485    1449.48    1449.49  0.000e+00
      37155    111.000     6.5669     6.5682     0.0012    1.27380    1.27381          1     0.0691     0.0961      30.84     0.2904     0.2345  1.000e-12  0.1306000    11.6058    11.6055    -0.0003     9.0781     9.0778    109.954    112.313      0.486    1449.50    1449.50  0.000e+00
      37179    111.500     6.5668     6.5681     0.0013    1.27429    1.27431          1     0.0635     0.0895      30.23     0.2827     0.2214  1.000e-12  0.1384000    11.6106    11.6104    -0.0002     9.0819     9.0816    110.450    112.818      0.496    1449.51    1449.52  0.000e+00
