ctdpy/exports/archive_20191121_122431/received_data/SBE09_0827_20181122_0807_26_01_1219.cnv
* Sea-Bird SBE 9 Data File:
* FileName = D:\CTD_SBE911\DAT\26DA.2018.12.19.hex
* Software Version Seasave V 7.21d
* Temperature SN = 4548
* Conductivity SN = 3062
* Number of Bytes Per Scan = 48
* Number of Voltage Words = 5
* Number of Scans Averaged by the Deck Unit = 1
* NMEA Latitude = 57 03.86 N
* NMEA Longitude = 018 50.48 E
* NMEA UTC (Time) = Nov 22 2018  08:07:55
* NMEA baud rate = 4800
** Ship: DANA
** Average sound velocity: 1441.57 m/s
** True-depth calculation Tue, 02 Apr 2019 12:12:47 +0000
** CTD Python Module SMHI /ver 3-12/ feb 2012 
** LIMS Job: 20182601-1219
** Operator: Ronny
** Cruise: 12/2018
# nquan = 26
# nvalues = 134                         
# units = specified
# name 0 = scan: Scan Count
# name 1 = prDM: Pressure, Digiquartz [db]
# name 2 = t090C: Temperature [ITS-90, deg C]
# name 3 = t190C: Temperature, 2 [ITS-90, deg C]
# name 4 = T2-T190C: Temperature Difference, 2 - 1 [ITS-90, deg C]
# name 5 = c0S/m: Conductivity [S/m]
# name 6 = c1S/m: Conductivity, 2 [S/m]
# name 7 = pumps: Pump Status
# name 8 = sbeox1ML/L: Oxygen, SBE 43, 2 [ml/l]
# name 9 = sbeox0ML/L: Oxygen, SBE 43 [ml/l]
# name 10 = altM: Altimeter [m]
# name 11 = chloroflTC0: Chlorophyll, Turner Cyclops [ug/l]
# name 12 = cpar: CPAR/Corrected Irradiance [%]
# name 13 = par: PAR/Irradiance, Biospherical/Lico [µE/(cm^2*s)]
# name 14 = spar: SPAR, Biospherical/Licor
# name 15 = sal00: Salinity, Practical [PSU]
# name 16 = sal11: Salinity, Practical, 2 [PSU]
# name 17 = secS-priS: Salinity, Practical, Difference, 2 - 1 [PSU]
# name 18 = sigma-t00: Density [sigma-t, kg/m^3 ]
# name 19 = sigma-t11: Density, 2 [sigma-t, kg/m^3 ]
# name 20 = depSM: Depth [salt water, m], lat = 57.0643
# name 21 = depFM: Depth [true depth, m], lat = 57.0643
# name 22 = dz/dtM: Descent Rate [m/s], WS = 2
# name 23 = svCM: Sound Velocity [Chen-Millero, m/s]
# name 24 = svCM1: Sound Velocity, 2 [Chen-Millero, m/s]
# name 25 = flag: flag
# span 0 =        405,       7169       
# span 1 =      1.000,     67.500       
# span 2 =     3.9862,     7.9148       
# span 3 =     4.0011,     7.9150       
# span 4 =    -0.1914,     0.5687       
# span 5 =   0.796355,   0.977416       
# span 6 =   0.797723,   0.965063       
# span 7 =          1,          1       
# span 8 =     1.5142,     7.5024       
# span 9 =     1.2280,     7.7237       
# span 10 =       1.21,       9.99      
# span 11 =     0.0159,     0.0282      
# span 12 = -6.680e-05, 8.0527e+00      
# span 13 = -5.969e-05, 7.1956e+00      
# span 14 = 8.9357e+01, 9.3419e+01      
# span 15 =     7.2180,     9.1813      
# span 16 =     7.2180,     9.0748      
# span 17 =    -0.3033,     0.0002      
# span 18 =     5.5331,     7.2666      
# span 19 =     5.5330,     7.1851      
# span 20 =      0.991,     66.869      
# span 21 =      1.013,     68.355      
# span 22 =      0.046,      0.299      
# span 23 =    1432.51,    1448.10      
# span 24 =    1432.57,    1448.11      
# span 25 = 0.0000e+00, 0.0000e+00      
# interval = decibars: 0.5              
# start_time = Nov 22 2018 08:07:55 [NMEA time, first data scan]
# bad_flag = -9.990e-29
*END*
[from data line 56]
       2962     29.000     7.8514     7.8546     0.0031    0.84810    0.84816          1     7.4915     7.7162       9.96     0.0246  1.094e-12  1.000e-12  9.139e+01     7.2213     7.2212    -0.0001     5.5407     5.5403     28.731     29.375      0.267    1448.05    1448.06  0.000e+00
       3006     29.500     7.8523     7.8527     0.0004    0.84813    0.84813          1     7.4837     7.7188       9.96     0.0259  1.094e-12  1.000e-12  9.139e+01     7.2214     7.2213    -0.0002     5.5406     5.5405     29.227     29.881      0.279    1448.06    1448.06  0.000e+00
       3049     30.000     7.8533     7.8535     0.0001    0.84816    0.84816          1     7.4905     7.7118       9.96     0.0266  1.094e-12  1.000e-12  9.139e+01     7.2214     7.2213    -0.0001     5.5406     5.5405     29.722     30.388      0.273    1448.07    1448.07  0.000e+00
       3093     30.500     7.8520     7.8538     0.0019    0.84814    0.84817          1     7.4867     7.7140       9.96     0.0262  1.094e-12  1.000e-12  9.139e+01     7.2214     7.2213    -0.0001     5.5407     5.5404     30.217     30.894      0.270    1448.07    1448.08  0.000e+00
       3138     31.000     7.8491     7.8522     0.0031    0.84809    0.84815          1     7.4944     7.7128       9.96     0.0255  1.094e-12  1.000e-12  9.139e+01     7.2215     7.2213    -0.0001     5.5410     5.5406     30.713     31.401      0.275    1448.07    1448.08  0.000e+00
       3182     31.500     7.8478     7.8500     0.0021    0.84808    0.84811          1     7.4982     7.7135       9.96     0.0250  1.094e-12  1.000e-12  9.139e+01     7.2216     7.2215    -0.0002     5.5411     5.5409     31.208     31.907      0.265    1448.07    1448.08  0.000e+00
       3228     32.000     7.8476     7.8495     0.0018    0.84809    0.84811          1     7.4941     7.7133       9.96     0.0261  1.094e-12  1.000e-12  9.139e+01     7.2216     7.2215    -0.0001     5.5412     5.5409     31.703     32.414      0.255    1448.08    1448.09  0.000e+00
       3274     32.500     7.8468     7.8488     0.0019    0.84809    0.84811          1     7.4940     7.7049       9.96     0.0270  1.094e-12  1.000e-12  9.139e+01     7.2217     7.2216    -0.0002     5.5413     5.5410     32.199     32.920      0.275    1448.08    1448.09  0.000e+00
       3316     33.000     7.8460     7.8476     0.0016    0.84809    0.84810          1     7.4886     7.7138       9.96     0.0249  1.094e-12  1.000e-12  9.139e+01     7.2218     7.2217    -0.0002     5.5415     5.5412     32.694     33.427      0.278    1448.09    1448.10  0.000e+00
       3361     33.500     7.8460     7.8470     0.0010    0.84810    0.84810          1     7.4881     7.7162       9.96     0.0247  1.094e-12  1.000e-12  9.139e+01     7.2219     7.2218    -0.0002     5.5415     5.5413     33.189     33.933      0.272    1448.10    1448.10  0.000e+00
       3404     34.000     7.8433     7.8465     0.0032    0.84817    0.84812          1     7.4858     7.7109       9.96     0.0256  1.094e-12  1.000e-12  9.139e+01     7.2231     7.2219    -0.0012     5.5427     5.5415     33.685     34.440      0.276    1448.09    1448.11  0.000e+00
       3448     34.500     7.7903     7.8410     0.0507    0.84799    0.84816          1     7.4877     7.6443       9.96     0.0250  1.094e-12  1.000e-12  9.139e+01     7.2323     7.2234    -0.0089     5.5540     5.5431     34.180     34.946      0.267    1447.90    1448.09  0.000e+00
       3494     35.000     7.6718     7.7889     0.1172    0.84703    0.84794          1     7.4606     7.5223       9.96     0.0248  1.094e-12  1.000e-12  9.139e+01     7.2480     7.2321    -0.0159     5.5755     5.5540     34.675     35.453      0.260    1447.44    1447.90  0.000e+00
       3540     35.500     7.3404     7.6612     0.3205    0.84184    0.84671          1     7.3822     7.2643       9.96     0.0222  1.094e-12  1.000e-12  9.139e+01     7.2691     7.2472    -0.0219     5.6165     5.5756     35.171     35.959      0.268    1446.10    1447.40  0.000e+00
       3584     36.000     6.9973     7.4284     0.4311    0.83650    0.84327          1     7.2644     7.2407       9.96     0.0196  1.094e-12  1.000e-12  9.139e+01     7.2914     7.2639    -0.0275     5.6581     5.6062     35.666     36.465      0.272    1444.70    1446.46  0.000e+00
       3629     36.500     6.7264     7.1269     0.4007    0.83315    0.83936          1     7.2387     7.2018       9.96     0.0186  1.094e-12  1.000e-12  9.139e+01     7.3174     7.2908    -0.0266     5.6962     5.6488     36.161     36.972      0.266    1443.60    1445.25  0.000e+00
       3672     37.000     6.2387     6.8076     0.5687    0.82349    0.83429          1     7.1438     7.1294       9.96     0.0183  1.094e-12  1.000e-12  9.139e+01     7.3300     7.3108    -0.0192     5.7355     5.6858     36.657     37.478      0.299    1441.56    1443.95  0.000e+00
       3713     37.500     5.7927     6.3088     0.5161    0.81627    0.82570          1     7.0804     7.0892       9.96     0.0185  1.094e-12  1.000e-12  9.139e+01     7.3572     7.3360    -0.0211     5.7810     5.7362     37.152     37.984      0.264    1439.69    1441.87  0.000e+00
       3761     38.000     5.5400     6.0923     0.5524    0.81391    0.82235          1     7.0350     7.0722       9.96     0.0172  1.094e-12  1.000e-12  9.139e+01     7.3894     7.3506    -0.0388     5.8189     5.7601     37.647     38.491      0.262    1438.64    1440.98  0.000e+00
       3805     38.500     5.3805     5.8246     0.4439    0.81164    0.81883          1     6.9976     7.0316       9.96     0.0171  1.094e-12  1.000e-12  9.139e+01     7.4023     7.3748    -0.0274     5.8364     5.7934     38.143     38.997      0.269    1437.97    1439.86  0.000e+00
       3851     39.000     5.1541     5.5113     0.3572    0.80885    0.81433          1     6.9457     7.0389       9.96     0.0171  1.094e-12  1.000e-12  9.139e+01     7.4249     7.3997    -0.0252     5.8642     5.8284     38.638     39.503      0.260    1437.02    1438.55  0.000e+00
       3896     39.500     5.0327     5.3090     0.2763    0.80754    0.81185          1     6.9204     6.9827       9.96     0.0173  1.094e-12  1.000e-12  9.139e+01     7.4390     7.4201    -0.0189     5.8802     5.8537     39.133     40.010      0.272    1436.52    1437.70  0.000e+00
       3940     40.000     4.8740     5.1504     0.2765    0.80520    0.80965          1     6.8674     6.9884       9.96     0.0171  1.094e-12  1.000e-12  9.139e+01     7.4512     7.4335    -0.0177     5.8961     5.8711     39.629     40.516      0.269    1435.84    1437.03  0.000e+00
       3984     40.500     4.8133     5.0058     0.1923    0.80435    0.80758          1     6.8320     6.9954       9.96     0.0171  1.094e-12  1.000e-12  9.139e+01     7.4563     7.4453    -0.0111     5.9024     5.8863     40.124     41.022      0.275    1435.59    1436.42  0.000e+00
       4028     41.000     4.7283     4.8922     0.1640    0.80290    0.80588          1     6.8378     7.0027       9.96     0.0170  1.094e-12  1.000e-12  9.139e+01     7.4609     7.4538    -0.0071     5.9091     5.8975     40.619     41.529      0.270    1435.23    1435.94  0.000e+00
       4075     41.500     4.6552     4.7948     0.1396    0.80188    0.80444          1     6.8415     6.9873       9.96     0.0167  1.094e-12  1.000e-12  9.139e+01     7.4671     7.4612    -0.0059     5.9166     5.9070     41.114     42.035      0.246    1434.92    1435.53  0.000e+00
       4123     42.000     4.4646     4.6939     0.2292    0.79754    0.80271          1     6.8263     7.0056       9.96     0.0162  1.094e-12  1.000e-12  9.139e+01     7.4666     7.4666     0.0000     5.9225     5.9149     41.610     42.541      0.256    1434.08    1435.10  0.000e+00
       4169     42.500     4.4379     4.5679     0.1302    0.79775    0.80018          1     6.8294     7.0376       9.96     0.0161  1.094e-12  1.000e-12  9.139e+01     7.4747     7.4697    -0.0050     5.9298     5.9216     42.105     43.047      0.261    1433.98    1434.55  0.000e+00
       4214     43.000     4.4719     4.5260     0.0541    0.79980    0.79961          1     6.8367     6.9677       9.96     0.0161  1.094e-12  1.000e-12  9.139e+01     7.4876     7.4734    -0.0141     5.9389     5.9260     42.600     43.554      0.265    1434.15    1434.38  0.000e+00
       4261     43.500     4.3565     4.4728     0.1162    0.79785    0.79961          1     6.8026     6.9248       9.96     0.0159  1.094e-12  1.000e-12  9.139e+01     7.4940     7.4853    -0.0087     5.9476     5.9371     43.096     44.060      0.256    1433.66    1434.16  0.000e+00
       4306     44.000     4.3194     4.4028     0.0834    0.79723    0.79867          1     6.7776     6.9273       9.96     0.0160  1.094e-12  1.000e-12  9.139e+01     7.4962     7.4917    -0.0045     5.9505     5.9444     43.591     44.566      0.270    1433.50    1433.87  0.000e+00
       4352     44.500     4.2579     4.3594     0.1015    0.79636    0.79804          1     6.7668     6.9125       9.96     0.0159  1.094e-12  1.000e-12  9.139e+01     7.5013     7.4952    -0.0061     5.9563     5.9485     44.086     45.072      0.255    1433.24    1433.69  0.000e+00
       4401     45.000     4.2422     4.3223     0.0800    0.79684    0.79775          1     6.7476     6.8952       9.96     0.0159  1.094e-12  1.000e-12  9.139e+01     7.5097     7.5007    -0.0090     5.9634     5.9539     44.582     45.579      0.242    1433.19    1433.54  0.000e+00
       4449     45.500     4.2607     4.2912     0.0306    0.79772    0.79772          1     6.7162     6.8705       9.96     0.0160  1.094e-12  1.000e-12  9.139e+01     7.5144     7.5074    -0.0070     5.9666     5.9602     45.077     46.085      0.252    1433.29    1433.41  0.000e+00
       4495     46.000     4.2589     4.2800     0.0211    0.79812    0.79793          1     6.6994     6.8593       9.96     0.0161  1.094e-12  1.000e-12  9.139e+01     7.5187     7.5120    -0.0067     5.9701     5.9642     45.572     46.591      0.269    1433.29    1433.38  0.000e+00
       4540     46.500     4.2627     4.2758     0.0132    0.79854    0.79823          1     6.6927     6.8361       9.96     0.0166  1.094e-12  1.000e-12  9.139e+01     7.5221     7.5160    -0.0062     5.9727     5.9674     46.067     47.097      0.266    1433.32    1433.37  0.000e+00
       4585     47.000     4.2361     4.2705     0.0343    0.79821    0.79854          1     6.6770     6.8243       9.96     0.0159  1.094e-12  1.000e-12  9.139e+01     7.5248     7.5202    -0.0045     5.9756     5.9709     46.563     47.604      0.260    1433.21    1433.36  0.000e+00
       4632     47.500     4.2408     4.2547     0.0139    0.79871    0.79848          1     6.6585     6.8195       9.96     0.0159  1.094e-12  1.000e-12  9.139e+01     7.5286     7.5232    -0.0054     5.9785     5.9738     47.058     48.110      0.267    1433.25    1433.30  0.000e+00
       4676     48.000     4.2131     4.2535     0.0404    0.79815    0.79885          1     6.6439     6.7878       9.96     0.0159  1.094e-12  1.000e-12  9.139e+01     7.5293     7.5271    -0.0022     5.9798     5.9769     47.553     48.616      0.263    1433.13    1433.31  0.000e+00
       4725     48.500     4.1893     4.2264     0.0371    0.79776    0.79841          1     6.6246     6.7869       9.96     0.0159  1.094e-12  1.000e-12  9.139e+01     7.5308     7.5289    -0.0019     5.9816     5.9791     48.049     49.122      0.242    1433.03    1433.20  0.000e+00
       4772     49.000     4.1922     4.2147     0.0226    0.79792    0.79829          1     6.6187     6.7847       9.96     0.0159  1.094e-12  1.000e-12  9.139e+01     7.5316     7.5302    -0.0014     5.9822     5.9805     48.544     49.629      0.264    1433.06    1433.15  0.000e+00
       4815     49.500     4.1904     4.2077     0.0174    0.79805    0.79825          1     6.6205     6.7820       9.96     0.0159  1.094e-12  1.000e-12  9.139e+01     7.5333     7.5313    -0.0020     5.9836     5.9816     49.039     50.135      0.287    1433.06    1433.13  0.000e+00
       4858     50.000     4.1694     4.1985     0.0292    0.79814    0.79830          1     6.6164     6.7549       9.96     0.0161  1.094e-12  1.000e-12  9.139e+01     7.5389     7.5338    -0.0051     5.9887     5.9838     49.535     50.641      0.268    1432.98    1433.10  0.000e+00
       4904     50.500     4.1540     4.1799     0.0259    0.79829    0.79829          1     6.5970     6.7272       9.96     0.0159  1.094e-12  1.000e-12  9.139e+01     7.5440     7.5380    -0.0059     5.9931     5.9877     50.030     51.147      0.270    1432.93    1433.03  0.000e+00
       4948     51.000     4.1285     4.1642     0.0357    0.79820    0.79843          1     6.5767     6.6993       9.96     0.0159  1.094e-12  1.000e-12  9.139e+01     7.5488     7.5430    -0.0059     5.9976     5.9920     50.525     51.654      0.266    1432.82    1432.98  0.000e+00
       4995     51.500     4.0851     4.1388     0.0537    0.79755    0.79825          1     6.5583     6.6911       9.96     0.0159  1.094e-12  1.000e-12  9.139e+01     7.5521     7.5469    -0.0052     6.0014     5.9958     51.020     52.160      0.253    1432.64    1432.88  0.000e+00
       5041     52.000     4.0689     4.1068     0.0380    0.79758    0.79793          1     6.5425     6.6793       9.96     0.0159  1.094e-12  1.000e-12  9.139e+01     7.5562     7.5509    -0.0053     6.0050     5.9998     51.516     52.666      0.264    1432.58    1432.75  0.000e+00
       5087     52.500     4.0609     4.0892     0.0283    0.79775    0.79794          1     6.5233     6.6648       9.96     0.0159  1.094e-12  1.000e-12  9.139e+01     7.5596     7.5551    -0.0046     6.0080     6.0036     52.011     53.172      0.255    1432.56    1432.68  0.000e+00
       5133     53.000     4.0569     4.0774     0.0205    0.79779    0.79795          1     6.5012     6.6557       9.96     0.0159  1.094e-12  1.000e-12  9.139e+01     7.5609     7.5577    -0.0032     6.0091     6.0061     52.506     53.679      0.269    1432.55    1432.64  0.000e+00
       5177     53.500     4.0576     4.0687     0.0111    0.79802    0.79795          1     6.4899     6.6562       9.96     0.0159  1.094e-12  1.000e-12  9.139e+01     7.5630     7.5597    -0.0033     6.0108     6.0079     53.001     54.185      0.274    1432.56    1432.61  0.000e+00
       5222     54.000     4.0653     4.0676     0.0023    0.79863    0.79815          1     6.4905     6.6301       9.96     0.0159  1.094e-12  1.000e-12  9.139e+01     7.5674     7.5619    -0.0055     6.0140     6.0096     53.497     54.691      0.256    1432.61    1432.62  0.000e+00
       5271     54.500     4.0572     4.0674     0.0103    0.79866    0.79842          1     6.4832     6.6195       9.96     0.0160  1.094e-12  1.000e-12  9.139e+01     7.5695     7.5647    -0.0049     6.0160     6.0118     53.992     55.197      0.245    1432.59    1432.63  0.000e+00
       5318     55.000     4.0599     4.0650     0.0051    0.79912    0.79871          1     6.4692     6.6061       9.96     0.0165  1.094e-12  1.000e-12  9.139e+01     7.5735     7.5682    -0.0053     6.0190     6.0147     54.487     55.703      0.265    1432.61    1432.63  0.000e+00
       5364     55.500     4.0633     4.0662     0.0029    0.79939    0.79911          1     6.4426     6.5913       9.96     0.0164  1.094e-12  1.000e-12  9.139e+01     7.5754     7.5718    -0.0035     6.0205     6.0176     54.983     56.210      0.253    1432.64    1432.65  0.000e+00
       5412     56.000     4.0654     4.0673     0.0019    0.79960    0.79935          1     6.4279     6.5813       9.96     0.0159  1.094e-12  1.000e-12  9.143e+01     7.5770     7.5740    -0.0030     6.0217     6.0192     55.478     56.716      0.247    1432.66    1432.66  0.000e+00
