ctdpy/exports/archive_20191121_122431/received_data/SBE09_1044_20180124_1606_34_02_0001.cnv
* Sea-Bird SBE 9 Data File:
* FileName = C:\ctd\temp\2018\ME18D001.hex
* Software Version Seasave V 7.26.6.26
* Temperature SN = 5351
* Conductivity SN = 3941
* Number of Bytes Per Scan = 41
* Number of Voltage Words = 4
* Number of Scans Averaged by the Deck Unit = 1
* NMEA Latitude = 57 32.99 N
* NMEA Longitude = 011 31.12 E
* NMEA UTC (Time) = Jan 24 2018  16:06:46
* NMEA baud rate = 4800
** Station:  SW VINGA GF4
** Operator:  SSip
** Ship: MERI
** Average sound velocity: 1469.49 m/s
** True-depth calculation Fri, 26 Jan 2018 18:12:40 +0000
** CTD Python Module SMHI /ver 3-12/ feb 2012 
** LIMS Job: 20183402-0001
** Cruise: SMHI-01-2018
** Latitude [GG MM.mm N] :
** Longitude [GG MM.mm E]:
# nquan = 26
# nvalues = 152                         
# units = specified
# name 0 = scan: Scan Count
# name 1 = prDM: Pressure, Digiquartz [db]
# name 2 = t090C: Temperature [ITS-90, deg C]
# name 3 = t190C: Temperature, 2 [ITS-90, deg C]
# name 4 = T2-T190C: Temperature Difference, 2 - 1 [ITS-90, deg C]
# name 5 = c0S/m: Conductivity [S/m]
# name 6 = c1S/m: Conductivity, 2 [S/m]
# name 7 = pumps: Pump Status
# name 8 = sbeox0ML/L: Oxygen, SBE 43 [ml/l]
# name 9 = sbeox1ML/L: Oxygen, SBE 43, 2 [ml/l]
# name 10 = altM: Altimeter [m]
# name 11 = flECO-AFL: Chl-a Fluorescence, WET Labs ECO-AFL/FL [mg/m^3]
# name 12 = flECO-AFL1: Phycocyanin Fluorescence, WET Labs ECO-AFL/FL, 2 [mg/m^3]
# name 13 = par: PAR/Irradiance, Biospherical/Lico [µE/(cm^2*s)]
# name 14 = turbWETntu0: Turbidity, WET Labs ECO [NTU]
# name 15 = sal00: Salinity, Practical [PSU]
# name 16 = sal11: Salinity, Practical, 2 [PSU]
# name 17 = secS-priS: Salinity, Practical, Difference, 2 - 1 [PSU]
# name 18 = sigma-t00: Density [sigma-t, Kg/m^3 ]
# name 19 = sigma-t11: Density, 2 [sigma-t, Kg/m^3 ]
# name 20 = depSM: Depth [salt water, m], lat = 57.5498
# name 21 = depFM: Depth [true depth, m], lat = 57.5498
# name 22 = dz/dtM: Descent Rate [m/s], WS = 2
# name 23 = svCM: Sound Velocity [Chen-Millero, m/s]
# name 24 = svCM1: Sound Velocity, 2 [Chen-Millero, m/s]
# name 25 = flag: flag
# span 0 =      14268,      17763       
# span 1 =      1.000,     76.500       
# span 2 =     3.8040,     7.9619       
# span 3 =     3.8038,     7.9617       
# span 4 =    -0.0339,     0.0175       
# span 5 =   1.945075,   3.571930       
# span 6 =   1.944941,   3.571630       
# span 7 =          1,          1       
# span 8 =    5.88129,    7.73248       
# span 9 =    5.86656,    7.72839       
# span 10 =       0.00,      93.02      
# span 11 =     0.1034,     0.9109      
# span 12 =     0.2409,     0.4104      
# span 13 = -1.856e-04, 3.3348e-01      
# span 14 =     0.3754,     4.1260      
# span 15 =    19.9968,    34.4769      
# span 16 =    19.9954,    34.4748      
# span 17 =    -0.0504,     0.0820      
# span 18 =    15.8859,    26.8695      
# span 19 =    15.8849,    26.8680      
# span 20 =      0.991,     75.780      
# span 21 =      1.003,     76.128      
# span 22 =     -0.217,      1.038      
# span 23 =    1446.57,    1482.92      
# span 24 =    1446.57,    1482.91      
# span 25 = 0.0000e+00, 0.0000e+00      
# interval = decibars: 0.5              
# start_time = Jan 24 2018 16:06:47 [NMEA time, first data scan]
# bad_flag = -9.990e-29
*END*
[from data line 112]
      16770     57.000     7.9270     7.9238    -0.0031    3.56416    3.56345          1     5.9463     5.9309      23.42     0.1320     0.2793  1.000e-12  1.1853000    34.4319    34.4274    -0.0045    26.8385    26.8354     56.466     56.786      0.433    1482.43    1482.41  0.000e+00
      16785     57.500     7.9451     7.9450    -0.0001    3.56726    3.56717          1     5.9213     5.9165      23.13     0.1034     0.2899  1.000e-12  1.3656000    34.4471    34.4461    -0.0009    26.8477    26.8470     56.961     57.282      0.785    1482.53    1482.53  0.000e+00
      16799     58.000     7.9619     7.9617    -0.0002    3.56952    3.56946          1     5.9080     5.9138      22.75     0.1109     0.3027  1.000e-12  1.5621000    34.4545    34.4541    -0.0004    26.8511    26.8508     57.457     57.778      0.921    1482.61    1482.61  0.000e+00
      16811     58.500     7.9566     7.9570     0.0004    3.56912    3.56910          1     5.9039     5.9158      22.31     0.1138     0.2794  1.000e-12  1.6664000    34.4552    34.4546    -0.0006    26.8524    26.8519     57.952     58.274      0.932    1482.60    1482.60  0.000e+00
      16824     59.000     7.9514     7.9519     0.0004    3.56866    3.56866          1     5.9056     5.9179      21.80     0.1288     0.2726  1.000e-12  1.6482000    34.4552    34.4547    -0.0004    26.8531    26.8528     58.447     58.770      0.822    1482.59    1482.59  0.000e+00
      16842     59.500     7.9438     7.9442     0.0004    3.56805    3.56805          1     5.9000     5.9165      21.20     0.1341     0.2708  1.000e-12  1.6635000    34.4559    34.4554    -0.0005    26.8548    26.8544     58.942     59.266      0.555    1482.56    1482.57  0.000e+00
      16885     60.000     7.9387     7.9403     0.0017    3.56761    3.56768          1     5.8993     5.9064      20.47     0.1291     0.2639  1.000e-12  1.5499000    34.4560    34.4551    -0.0009    26.8557    26.8547     59.438     59.762      0.276    1482.55    1482.56  0.000e+00
      16925     60.500     7.9366     7.9371     0.0005    3.56744    3.56744          1     5.9255     5.9028      20.06     0.1344     0.3022  1.000e-12  1.4702000    34.4559    34.4554    -0.0005    26.8559    26.8555     59.933     60.258      0.570    1482.55    1482.56  0.000e+00
      16941     61.000     7.9374     7.9377     0.0003    3.56760    3.56757          1     5.9302     5.9120      19.69     0.1448     0.2844  1.000e-12  1.5928000    34.4566    34.4560    -0.0005    26.8563    26.8559     60.428     60.754      0.795    1482.57    1482.57  0.000e+00
      16955     61.500     7.9377     7.9379     0.0002    3.56766    3.56765          1     5.9353     5.9163      19.27     0.1292     0.2731  1.000e-12  1.7694000    34.4568    34.4565    -0.0004    26.8565    26.8562     60.923     61.250      0.894    1482.58    1482.58  0.000e+00
      16967     62.000     7.9376     7.9378     0.0003    3.56766    3.56765          1     5.9330     5.9152      18.82     0.1260     0.2877  1.000e-12  1.7950000    34.4566    34.4563    -0.0003    26.8564    26.8561     61.419     61.746      0.894    1482.58    1482.58  0.000e+00
      16981     62.500     7.9370     7.9370     0.0000    3.56763    3.56759          1     5.9301     5.9071      18.32     0.1260     0.3020  1.000e-12  1.8437000    34.4567    34.4562    -0.0004    26.8565    26.8562     61.914     62.242      0.780    1482.59    1482.59  0.000e+00
      17000     63.000     7.9363     7.9365     0.0002    3.56762    3.56758          1     5.9178     5.8934      17.69     0.1367     0.2409  1.000e-12  2.1797000    34.4569    34.4564    -0.0006    26.8568    26.8563     62.409     62.738      0.502    1482.60    1482.60  0.000e+00
      17055     63.500     7.9349     7.9355     0.0005    3.56748    3.56749          1     5.8929     5.8911      16.91     0.1532     0.2777  1.000e-12  2.0403000    34.4566    34.4562    -0.0004    26.8567    26.8563     62.904     63.234      0.325    1482.60    1482.60  0.000e+00
      17087     64.000     7.9352     7.9354     0.0003    3.56746    3.56741          1     5.9047     5.8859      16.53     0.1252     0.3220  1.000e-12  2.3478000    34.4559    34.4550    -0.0009    26.8562    26.8554     63.399     63.730      0.673    1482.61    1482.61  0.000e+00
      17102     64.500     7.9359     7.9356    -0.0003    3.56758    3.56746          1     5.9161     5.8810      16.16     0.1419     0.2908  1.000e-12  2.4432000    34.4563    34.4553    -0.0010    26.8564    26.8556     63.895     64.226      0.871    1482.62    1482.61  0.000e+00
      17114     65.000     7.9369     7.9370     0.0001    3.56779    3.56778          1     5.9223     5.8782      15.72     0.1645     0.2849  1.000e-12  2.5727000    34.4572    34.4570    -0.0002    26.8569    26.8567     64.390     64.721      0.950    1482.63    1482.63  0.000e+00
      17127     65.500     7.9373     7.9389     0.0015    3.56786    3.56814          1     5.9222     5.8829      15.25     0.1667     0.2996  1.000e-12  2.9100000    34.4573    34.4588     0.0015    26.8569    26.8579     64.885     65.217      0.924    1482.64    1482.65  0.000e+00
      17140     66.000     7.9362     7.9365     0.0003    3.56770    3.56770          1     5.9155     5.8908      14.64     0.1761     0.3035  1.000e-12  3.5452000    34.4564    34.4562    -0.0002    26.8564    26.8562     65.380     65.713      0.764    1482.64    1482.64  0.000e+00
      17177     66.500     7.9357     7.9361     0.0005    3.56770    3.56771          1     5.9086     5.8961      13.98     0.1589     0.3061  1.000e-12  3.0821000    34.4568    34.4564    -0.0004    26.8568    26.8564     65.876     66.209      0.396    1482.65    1482.65  0.000e+00
      17234     67.000     7.9373     7.9375     0.0003    3.56795    3.56798          1     5.8883     5.8989      13.53     0.1579     0.2700  1.000e-12  2.7732000    34.4576    34.4577     0.0001    26.8572    26.8572     66.371     66.705      0.667    1482.67    1482.67  0.000e+00
      17246     67.500     7.9401     7.9405     0.0005    3.56849    3.56853          1     5.8813     5.8865      13.25     0.1648     0.2618  1.000e-12  2.9884000    34.4605    34.4604    -0.0001    26.8590    26.8589     66.866     67.201      0.936    1482.69    1482.69  0.000e+00
      17257     68.000     7.9434     7.9434     0.0000    3.56908    3.56903          1     5.8864     5.8784      12.85     0.1558     0.3128  1.000e-12  3.6002000    34.4633    34.4627    -0.0006    26.8607    26.8602     67.361     67.697      1.038    1482.71    1482.71  0.000e+00
      17268     68.500     7.9431     7.9437     0.0005    3.56905    3.56913          1     5.8933     5.8678      12.41     0.1548     0.3190  1.000e-12  4.0297000    34.4630    34.4632     0.0003    26.8605    26.8606     67.857     68.193      1.016    1482.72    1482.72  0.000e+00
      17280     69.000     7.9434     7.9438     0.0004    3.56912    3.56914          1     5.8980     5.8666      11.92     0.1692     0.2876  1.000e-12  4.1260000    34.4632    34.4630    -0.0002    26.8607    26.8605     68.352     68.689      0.842    1482.73    1482.73  0.000e+00
      17311     69.500     7.9431     7.9430    -0.0001    3.56914    3.56907          1     5.9007     5.8740      11.17     0.1769     0.2736  1.000e-12  4.0754000    34.4635    34.4628    -0.0008    26.8610    26.8604     68.847     69.185      0.430    1482.74    1482.74  0.000e+00
      17370     70.000     7.9440     7.9432    -0.0009    3.56936    3.56916          1     5.9017     5.8788      10.54     0.1501     0.3169  1.000e-12  3.5785000    34.4646    34.4633    -0.0013    26.8617    26.8607     69.342     69.681      0.563    1482.75    1482.75  0.000e+00
      17384     70.500     7.9470     7.9465    -0.0005    3.56984    3.56969          1     5.8951     5.8854      10.22     0.1657     0.3191  1.000e-12  3.7906000    34.4667    34.4655    -0.0012    26.8628    26.8620     69.837     70.177      0.831    1482.77    1482.77  0.000e+00
      17397     71.000     7.9486     7.9487     0.0002    3.57013    3.57013          1     5.8941     5.8886       9.83     0.1750     0.3183  1.000e-12  3.9541000    34.4680    34.4678    -0.0002    26.8637    26.8635     70.333     70.673      0.917    1482.79    1482.79  0.000e+00
      17410     71.500     7.9497     7.9493    -0.0004    3.57035    3.57025          1     5.8990     5.8872       9.36     0.1711     0.2971  1.000e-12  3.9877000    34.4690    34.4683    -0.0007    26.8643    26.8638     70.828     71.169      0.893    1482.80    1482.80  0.000e+00
      17424     72.000     7.9509     7.9506    -0.0004    3.57061    3.57052          1     5.9036     5.8852       8.44     0.1651     0.2718  1.000e-12  4.0139000    34.4702    34.4697    -0.0005    26.8651    26.8647     71.323     71.665      0.768    1482.82    1482.81  0.000e+00
      17444     72.500     7.9516     7.9514    -0.0002    3.57079    3.57070          1     5.8989     5.8875       8.18     0.1572     0.2833  1.000e-12  3.7886000    34.4713    34.4705    -0.0007    26.8658    26.8652     71.818     72.161      0.477    1482.83    1482.83  0.000e+00
      17502     73.000     7.9508     7.9513     0.0005    3.57073    3.57076          1     5.8982     5.8875       6.27     0.1777     0.2517  1.000e-12  3.3813000    34.4712    34.4710    -0.0002    26.8659    26.8656     72.313     72.657      0.368    1482.83    1482.83  0.000e+00
      17528     73.500     7.9517     7.9519     0.0003    3.57084    3.57080          1     5.8941     5.8826       6.24     0.1640     0.2752  1.000e-12  3.4017000    34.4713    34.4706    -0.0007    26.8658    26.8652     72.809     73.153      0.729    1482.84    1482.84  0.000e+00
      17542     74.000     7.9523     7.9520    -0.0002    3.57096    3.57086          1     5.8884     5.8909       6.15     0.1544     0.2955  1.000e-12  3.6701000    34.4717    34.4709    -0.0008    26.8660    26.8654     73.304     73.649      0.901    1482.85    1482.85  0.000e+00
      17554     74.500     7.9526     7.9522    -0.0004    3.57103    3.57094          1     5.8879     5.8987       5.90     0.1534     0.3191  1.000e-12  3.7024000    34.4720    34.4714    -0.0006    26.8662    26.8658     73.799     74.144      0.945    1482.86    1482.86  0.000e+00
      17566     75.000     7.9533     7.9534     0.0000    3.57119    3.57117          1     5.8926     5.9038       5.53     0.1470     0.2948  1.000e-12  3.7202000    34.4727    34.4724    -0.0003    26.8666    26.8664     74.294     74.640      0.858    1482.88    1482.88  0.000e+00
      17583     75.500     7.9532     7.9534     0.0003    3.57120    3.57120          1     5.8979     5.9001       4.86     0.1512     0.2677  1.000e-12  3.6424000    34.4728    34.4725    -0.0003    26.8667    26.8665     74.789     75.136      0.594    1482.88    1482.89  0.000e+00
      17669     76.000     7.9527     7.9528     0.0001    3.57121    3.57115          1     5.8836     5.8802       4.44     0.1683     0.3105  1.000e-12  3.2126000    34.4730    34.4723    -0.0007    26.8670    26.8664     75.285     75.632      0.258    1482.89    1482.89  0.000e+00
      17763     76.500     7.9564     7.9552    -0.0012    3.57193    3.57163          1     5.9129     5.8890       3.85     0.1635     0.2811  1.000e-12  3.0831000    34.4769    34.4748    -0.0021    26.8695    26.8680     75.780     76.128     -0.217    1482.92    1482.91  0.000e+00
