ctdpy/exports/archive_20191121_122431/received_data/SBE09_0827_20180226_1640_26_01_0320.cnv
* Sea-Bird SBE 9 Data File:
* FileName = D:\CTD_SBE911\DAT\26DA.2018.3.20.hex
* Software Version Seasave V 7.21d
* Temperature SN = 034757
* Conductivity SN = 041844
* Number of Bytes Per Scan = 48
* Number of Voltage Words = 5
* Number of Scans Averaged by the Deck Unit = 1
* NMEA Latitude = 55 39.34 N
* NMEA Longitude = 015 48.40 E
* NMEA UTC (Time) = Feb 26 2018  16:40:50
* NMEA baud rate = 4800
** Ship: DANA
** Average sound velocity: 1434.78 m/s
** True-depth calculation Tue, 02 Apr 2019 12:03:02 +0000
** CTD Python Module SMHI /ver 3-12/ feb 2012 
** LIMS Job: 20182601-0320
** Operator:
** Cruise: 02/2018
# nquan = 26
# nvalues = 131                         
# units = specified
# name 0 = scan: Scan Count
# name 1 = prDM: Pressure, Digiquartz [db]
# name 2 = t090C: Temperature [ITS-90, deg C]
# name 3 = t190C: Temperature, 2 [ITS-90, deg C]
# name 4 = T2-T190C: Temperature Difference, 2 - 1 [ITS-90, deg C]
# name 5 = c0S/m: Conductivity [S/m]
# name 6 = c1S/m: Conductivity, 2 [S/m]
# name 7 = pumps: Pump Status
# name 8 = sbeox1ML/L: Oxygen, SBE 43, 2 [ml/l]
# name 9 = sbeox0ML/L: Oxygen, SBE 43 [ml/l]
# name 10 = altM: Altimeter [m]
# name 11 = chloroflTC0: Chlorophyll, Turner Cyclops [ug/l]
# name 12 = cpar: CPAR/Corrected Irradiance [%]
# name 13 = par: PAR/Irradiance, Biospherical/Lico [µE/(cm^2*s)]
# name 14 = spar: SPAR, Biospherical/Licor
# name 15 = sal00: Salinity, Practical [PSU]
# name 16 = sal11: Salinity, Practical, 2 [PSU]
# name 17 = secS-priS: Salinity, Practical, Difference, 2 - 1 [PSU]
# name 18 = sigma-t00: Density [sigma-t, kg/m^3 ]
# name 19 = sigma-t11: Density, 2 [sigma-t, kg/m^3 ]
# name 20 = depSM: Depth [salt water, m], lat = 55.6557
# name 21 = depFM: Depth [true depth, m], lat = 55.6557
# name 22 = dz/dtM: Descent Rate [m/s], WS = 2
# name 23 = svCM: Sound Velocity [Chen-Millero, m/s]
# name 24 = svCM1: Sound Velocity, 2 [Chen-Millero, m/s]
# name 25 = flag: flag
# span 0 =        -66,       6374       
# span 1 =      2.000,     67.000       
# span 2 =     3.0867,     8.5157       
# span 3 =     3.0837,     8.5763       
# span 4 =    -0.1028,     0.6291       
# span 5 =   0.761981,   1.779730       
# span 6 =   0.761186,   1.778984       
# span 7 =          1,          1       
# span 8 =     0.0906,     9.2219       
# span 9 =     0.1252,     8.4791       
# span 10 =       1.75,      10.13      
# span 11 =     0.0112,     0.0212      
# span 12 = 2.4578e-11, 2.6970e-11      
# span 13 = 1.0000e-12, 1.0000e-12      
# span 14 = 3.8679e+00, 4.0651e+00      
# span 15 =     7.4223,    16.2715      
# span 16 =     7.4146,    16.2625      
# span 17 =    -0.0488,     0.4604      
# span 18 =     5.9166,    12.6613      
# span 19 =     5.9104,    12.6539      
# span 20 =      1.982,     66.382      
# span 21 =      2.025,     67.774      
# span 22 =     -0.020,      0.484      
# span 23 =    1427.16,    1459.63      
# span 24 =    1427.13,    1459.67      
# span 25 = 0.0000e+00, 0.0000e+00      
# interval = decibars: 0.5              
# start_time = Feb 26 2018 16:40:50 [NMEA time, first data scan]
# bad_flag = -9.990e-29
*END*
[from data line 112]
       5427     58.000     8.1780     8.2565     0.0784    1.36248    1.39197          1     2.8801     2.6567       9.96     0.0143  2.462e-11  1.000e-12  4.062e+00    11.9273    12.1801     0.2528     9.1935     9.3834     57.466     58.711      0.278    1455.66    1456.28  0.000e+00
       5479     58.500     8.2265     8.3113     0.0849    1.38393    1.41774          1     2.7084     2.6005       9.96     0.0153  2.462e-11  1.000e-12  4.062e+00    12.1140    12.4052     0.2912     9.3347     9.5538     57.961     59.215      0.193    1456.09    1456.79  0.000e+00
       5539     59.000     8.3069     8.4124     0.1055    1.43188    1.45647          1     2.3607     2.3223       9.87     0.0159  2.462e-11  1.000e-12  4.062e+00    12.5407    12.7362     0.1955     9.6601     9.8022     58.457     59.720      0.247    1456.94    1457.61  0.000e+00
       5588     59.500     8.4702     8.5763     0.1062    1.49098    1.52947          1     2.3213     2.1754       9.43     0.0152  2.462e-11  1.000e-12  4.062e+00    13.0424    13.3682     0.3258    10.0353    10.2787     58.952     60.224      0.232    1458.22    1459.04  0.000e+00
       5634     60.000     8.5157     8.4977    -0.0180    1.55015    1.58335          1     2.0459     1.9552       8.94     0.0147  2.462e-11  1.000e-12  4.062e+00    13.5878    13.9110     0.3232    10.4563    10.7104     59.447     60.728      0.328    1459.08    1459.41  0.000e+00
       5668     60.500     8.4774     8.4631    -0.0144    1.59479    1.61584          1     1.6720     1.7173       8.40     0.0147  2.462e-11  1.000e-12  4.062e+00    14.0281    14.2352     0.2071    10.8039    10.9670     59.942     61.232      0.322    1459.48    1459.67  0.000e+00
       5718     61.000     8.4137     8.3108    -0.1028    1.62563    1.65107          1     1.2197     1.4380       7.87     0.0155  2.508e-11  1.000e-12  4.024e+00    14.3491    14.6356     0.2865    11.0612    11.2956     60.438     61.736      0.211    1459.63    1459.57  0.000e+00
       5771     61.500     8.2946     8.2613    -0.0334    1.65755    1.66386          1     1.0964     1.1665       7.36     0.0159  2.557e-11  1.000e-12  3.983e+00    14.7047    14.7794     0.0747    11.3512    11.4130     60.933     62.239      0.233    1459.60    1459.56  0.000e+00
       5824     62.000     8.1752     8.1781     0.0030    1.68329    1.67838          1     1.0930     0.9791       6.85     0.0168  2.458e-11  1.000e-12  4.065e+00    15.0037    14.9549    -0.0488    11.5972    11.5587     61.428     62.743      0.246    1459.50    1459.45  0.000e+00
       5868     62.500     8.0638     8.0493    -0.0147    1.70036    1.69845          1     0.8689     0.7340       6.34     0.0171  2.462e-11  1.000e-12  4.062e+00    15.2172    15.2049    -0.0123    11.7755    11.7674     61.924     63.246      0.254    1459.32    1459.25  0.000e+00
       5921     63.000     7.9779     7.9780     0.0001    1.71918    1.71684          1     0.4542     0.4381       5.84     0.0171  2.513e-11  1.000e-12  4.020e+00    15.4380    15.4150    -0.0230    11.9569    11.9389     62.419     63.750      0.233    1459.26    1459.23  0.000e+00
       5965     63.500     7.9473     7.9490     0.0017    1.72441    1.72289          1     0.2776     0.3683       5.35     0.0177  2.527e-11  1.000e-12  4.008e+00    15.5025    15.4868    -0.0156    12.0104    11.9980     62.914     64.253      0.318    1459.23    1459.21  0.000e+00
       6003     64.000     7.9264     7.9136    -0.0127    1.72957    1.73074          1     0.2420     0.3235       4.83     0.0183  2.465e-11  1.000e-12  4.059e+00    15.5621    15.5793     0.0172    12.0591    12.0739     63.410     64.756      0.279    1459.22    1459.20  0.000e+00
       6055     64.500     7.8906     7.8773    -0.0135    1.73503    1.73481          1     0.1967     0.2821       4.33     0.0189  2.509e-11  1.000e-12  4.023e+00    15.6314    15.6352     0.0039    12.1169    12.1213     63.905     65.259      0.208    1459.18    1459.13  0.000e+00
       6121     65.000     7.8448     7.7895    -0.0555    1.73750    1.73940          1     0.2507     0.2831       3.81     0.0204  2.464e-11  1.000e-12  4.060e+00    15.6760    15.7196     0.0435    12.1565    12.1961     64.400     65.762      0.203    1459.05    1458.89  0.000e+00
       6173     65.500     7.6445     7.6349    -0.0099    1.76274    1.75831          1     0.2300     0.2112       3.32     0.0210  2.462e-11  1.000e-12  4.062e+00    16.0157    15.9762    -0.0395    12.4423    12.4123     64.896     66.265      0.353    1458.68    1458.59  0.000e+00
       6205     66.000     7.5289     7.4737    -0.0551    1.77293    1.77666          1     0.1320     0.1601       2.81     0.0212  2.481e-11  1.000e-12  4.046e+00    16.1695    16.2323     0.0628    12.5741    12.6287     65.391     66.768      0.314    1458.41    1458.26  0.000e+00
       6281     66.500     7.4713     7.4595    -0.0118    1.77828    1.77869          1     0.0906     0.1366       2.30     0.0187  2.531e-11  1.000e-12  4.005e+00    16.2494    16.2590     0.0096    12.6424    12.6510     65.886     67.271      0.227    1458.28    1458.25  0.000e+00
       6374     67.000     7.4545     7.4579     0.0034    1.77973    1.77898          1     0.0984     0.1252       1.75     0.0182  2.697e-11  1.000e-12  3.868e+00    16.2715    16.2625    -0.0090    12.6613    12.6539     66.382     67.774     -0.020    1458.25    1458.25  0.000e+00
