ctdpy/exports/archive_20191121_122431/received_data/SBE09_1044_20181018_0402_34_01_0105.cnv
* Sea-Bird SBE 9 Data File:
* FileName = C:\LUOTAUS\DATA_IN\hex_in\SMHI\ar18d105.hex
* Software Version Seasave V 7.23.2
* Temperature SN = 5351
* Conductivity SN = 3941
* Number of Bytes Per Scan = 30
* Number of Voltage Words = 4
* Number of Scans Averaged by the Deck Unit = 1
* NMEA baud rate = 4800
** Station:  Å16
** Operator:  DBSj
** Ship: ARANDA
** Average sound velocity: 1491.39 m/s
** True-depth calculation Thu, 18 Oct 2018 04:25:24 +0000
** CTD Python Module SMHI /ver 3-12/ feb 2012 
** LIMS Job: 20183401-0105
** Cruise: SMHI-4-2018
** Latitude [GG MM.mm N]: 58 16.037 N
** Longitude [GG MM.mm E] 10 43.446 E
# nquan = 26
# nvalues = 402                         
# units = specified
# name 0 = scan: Scan Count
# name 1 = prDM: Pressure, Digiquartz [db]
# name 2 = t090C: Temperature [ITS-90, deg C]
# name 3 = t190C: Temperature, 2 [ITS-90, deg C]
# name 4 = T2-T190C: Temperature Difference, 2 - 1 [ITS-90, deg C]
# name 5 = c0S/m: Conductivity [S/m]
# name 6 = c1S/m: Conductivity, 2 [S/m]
# name 7 = pumps: Pump Status
# name 8 = sbeox0ML/L: Oxygen, SBE 43 [ml/l]
# name 9 = sbeox1ML/L: Oxygen, SBE 43, 2 [ml/l]
# name 10 = altM: Altimeter [m]
# name 11 = flECO-AFL: Chl-a Fluorescence, WET Labs ECO-AFL/FL [mg/m^3]
# name 12 = flECO-AFL1: Phycocyanin Fluorescence, WET Labs ECO-AFL/FL, 2 [mg/m^3]
# name 13 = par: PAR/Irradiance, Biospherical/Lico [µE/(cm^2*s)]
# name 14 = turbWETntu0: Turbidity, WET Labs ECO [NTU]
# name 15 = sal00: Salinity, Practical [PSU]
# name 16 = sal11: Salinity, Practical, 2 [PSU]
# name 17 = secS-priS: Salinity, Practical, Difference, 2 - 1 [PSU]
# name 18 = sigma-t00: Density [sigma-t, Kg/m^3 ]
# name 19 = sigma-t11: Density, 2 [sigma-t, Kg/m^3 ]
# name 20 = depSM: Depth [salt water, m], lat = 0
# name 21 = depFM: Depth [true depth, m], lat = 0
# name 22 = dz/dtM: Descent Rate [m/s], WS = 2
# name 23 = svCM: Sound Velocity [Chen-Millero, m/s]
# name 24 = svCM1: Sound Velocity, 2 [Chen-Millero, m/s]
# name 25 = flag: flag
# span 0 =       9432,      18876       
# span 1 =      1.000,    201.500       
# span 2 =     7.1834,    13.0145       
# span 3 =     7.1851,    13.0153       
# span 4 =    -0.0158,     0.0291       
# span 5 =   3.559296,   3.993843       
# span 6 =   3.559334,   3.993751       
# span 7 =          1,          1       
# span 8 =    5.05668,    5.84759       
# span 9 =    4.83724,    5.51388       
# span 10 =       3.19,     100.07      
# span 11 =     0.0406,     1.7516      
# span 12 =     0.1447,     0.4266      
# span 13 = -6.733e-03, 4.4792e-01      
# span 14 =     0.1754,     1.1110      
# span 15 =    33.0466,    35.0596      
# span 16 =    33.0450,    35.0584      
# span 17 =    -0.0163,     0.0055      
# span 18 =    24.8781,    27.4400      
# span 19 =    24.8766,    27.4388      
# span 20 =      0.994,    200.295      
# span 21 =      0.994,    199.944      
# span 22 =     -0.060,      0.911      
# span 23 =    1482.26,    1499.37      
# span 24 =    1482.26,    1499.38      
# span 25 = 0.0000e+00, 0.0000e+00      
# interval = decibars: 0.5              
# start_time = Oct 18 2018 04:02:01 [System UTC, header]
# bad_flag = -9.990e-29
*END*
[from data line 391]
      18192    196.500     7.1971     7.1985     0.0014    3.56084    3.56087          1     5.2499     4.9775       8.51     0.0657     0.2086  1.000e-12  0.8454000    35.0571    35.0562    -0.0010    27.4361    27.4352    195.328    194.987      0.545    1482.72    1482.72  0.000e+00
      18215    197.000     7.1966     7.1989     0.0022    3.56082    3.56092          1     5.2476     4.9763       8.00     0.0870     0.1685  1.000e-12  0.8504000    35.0572    35.0561    -0.0011    27.4363    27.4351    195.824    195.483      0.516    1482.72    1482.73  0.000e+00
      18238    197.500     7.1949     7.1967     0.0017    3.56071    3.56078          1     5.2402     4.9804       7.53     0.0419     0.1840  1.000e-12  0.8266000    35.0575    35.0564    -0.0011    27.4367    27.4356    196.321    195.978      0.577    1482.73    1482.73  0.000e+00
      18257    198.000     7.1896     7.1918     0.0022    3.56034    3.56047          1     5.2477     4.9838       7.05     0.0724     0.2210  1.000e-12  0.9221000    35.0587    35.0578    -0.0009    27.4384    27.4374    196.818    196.474      0.622    1482.71    1482.72  0.000e+00
      18277    198.500     7.1864     7.1881     0.0018    3.56011    3.56019          1     5.2675     4.9861       6.56     0.0794     0.2218  1.000e-12  0.9969000    35.0591    35.0581    -0.0010    27.4392    27.4382    197.315    196.970      0.523    1482.71    1482.72  0.000e+00
      18310    199.000     7.1877     7.1905     0.0029    3.56026    3.56040          1     5.2666     4.9849       5.91     0.0855     0.2221  1.000e-12  1.0762000    35.0591    35.0578    -0.0014    27.4391    27.4376    197.811    197.466      0.298    1482.72    1482.73  0.000e+00
      18353    199.500     7.1843     7.1870     0.0027    3.55998    3.56014          1     5.2700     4.9817       5.36     0.0763     0.2045  1.000e-12  0.9135000    35.0592    35.0583    -0.0009    27.4396    27.4385    198.308    197.961      0.363    1482.72    1482.73  0.000e+00
      18381    200.000     7.1837     7.1853     0.0016    3.55995    3.56001          1     5.2766     4.9787       4.95     0.0857     0.2138  1.000e-12  1.0370000    35.0593    35.0583    -0.0010    27.4398    27.4387    198.805    198.457      0.417    1482.73    1482.73  0.000e+00
      18413    200.500     7.1834     7.1851     0.0018    3.55996    3.56002          1     5.2674     4.9881       4.43     0.0890     0.2116  1.000e-12  1.1110000    35.0595    35.0584    -0.0011    27.4400    27.4388    199.302    198.953      0.351    1482.73    1482.74  0.000e+00
      18447    201.000     7.1835     7.1855     0.0021    3.56000    3.56008          1     5.2609     4.9894       3.92     0.0795     0.2316  1.000e-12  1.0908000    35.0596    35.0583    -0.0012    27.4400    27.4387    199.799    199.448      0.373    1482.74    1482.75  0.000e+00
      18876    201.500     7.1840     7.1858     0.0018    3.56004    3.56013          1     5.2688     4.9920       3.19     0.0895     0.1967  1.000e-12  0.9730000    35.0593    35.0584    -0.0009    27.4397    27.4387    200.295    199.944     -0.060    1482.75    1482.76  0.000e+00
