ctdpy/exports/archive_20191121_122431/received_data/SBE09_1044_20180527_0347_34_07_0031.cnv
* Sea-Bird SBE 9 Data File:
* FileName = C:\ctd\temp\2018\AU18D031.hex
* Software Version Seasave V 7.26.6.26
* Temperature SN = 5351
* Conductivity SN = 3941
* Number of Bytes Per Scan = 41
* Number of Voltage Words = 4
* Number of Scans Averaged by the Deck Unit = 1
* NMEA Latitude = 58 16.02 N
* NMEA Longitude = 010 43.46 E
* NMEA UTC (Time) = May 27 2018  03:48:04
* NMEA baud rate = 4800
** Station:  A16
** Operator:  SSip
** Ship: AURA
** Average sound velocity: 1478.76 m/s
** True-depth calculation Sun, 27 May 2018 04:17:51 +0000
** CTD Python Module SMHI /ver 3-12/ feb 2012 
** LIMS Job: 20183407-0031
** Cruise: SMHI-02-2018
** Latitude [GG MM.mm N] :
** Longitude [GG MM.mm E]:
# nquan = 26
# nvalues = 403                         
# units = specified
# name 0 = scan: Scan Count
# name 1 = prDM: Pressure, Digiquartz [db]
# name 2 = t090C: Temperature [ITS-90, deg C]
# name 3 = t190C: Temperature, 2 [ITS-90, deg C]
# name 4 = T2-T190C: Temperature Difference, 2 - 1 [ITS-90, deg C]
# name 5 = c0S/m: Conductivity [S/m]
# name 6 = c1S/m: Conductivity, 2 [S/m]
# name 7 = pumps: Pump Status
# name 8 = sbeox0ML/L: Oxygen, SBE 43 [ml/l]
# name 9 = sbeox1ML/L: Oxygen, SBE 43, 2 [ml/l]
# name 10 = altM: Altimeter [m]
# name 11 = flECO-AFL: Chl-a Fluorescence, WET Labs ECO-AFL/FL [mg/m^3]
# name 12 = flECO-AFL1: Phycocyanin Fluorescence, WET Labs ECO-AFL/FL, 2 [mg/m^3]
# name 13 = par: PAR/Irradiance, Biospherical/Lico [µE/(cm^2*s)]
# name 14 = turbWETntu0: Turbidity, WET Labs ECO [NTU]
# name 15 = sal00: Salinity, Practical [PSU]
# name 16 = sal11: Salinity, Practical, 2 [PSU]
# name 17 = secS-priS: Salinity, Practical, Difference, 2 - 1 [PSU]
# name 18 = sigma-t00: Density [sigma-t, Kg/m^3 ]
# name 19 = sigma-t11: Density, 2 [sigma-t, Kg/m^3 ]
# name 20 = depSM: Depth [salt water, m], lat = 58.267
# name 21 = depFM: Depth [true depth, m], lat = 58.267
# name 22 = dz/dtM: Descent Rate [m/s], WS = 2
# name 23 = svCM: Sound Velocity [Chen-Millero, m/s]
# name 24 = svCM1: Sound Velocity, 2 [Chen-Millero, m/s]
# name 25 = flag: flag
# span 0 =       7071,      16633       
# span 1 =      1.000,    202.000       
# span 2 =     5.9018,    18.1082       
# span 3 =     5.9032,    17.9369       
# span 4 =    -0.2596,     0.2106       
# span 5 =   3.436965,   3.968464       
# span 6 =   3.436948,   3.965895       
# span 7 =          1,          1       
# span 8 =    5.99561,    8.82130       
# span 9 =    5.92571,    8.70171       
# span 10 =       2.85,      98.79      
# span 11 =     0.0388,     4.9484      
# span 12 =     0.1501,     0.6497      
# span 13 = -9.974e-07, 3.1879e+02      
# span 14 =     0.1234,     1.2976      
# span 15 =    25.7331,    35.0503      
# span 16 =    26.0398,    35.0494      
# span 17 =    -0.3896,     0.3216      
# span 18 =    18.1649,    27.6038      
# span 19 =    18.4595,    27.6027      
# span 20 =      0.991,    200.026      
# span 21 =      1.000,    200.293      
# span 22 =     -0.121,      0.585      
# span 23 =    1476.78,    1505.67      
# span 24 =    1476.79,    1505.65      
# span 25 = 0.0000e+00, 0.0000e+00      
# interval = decibars: 0.5              
# start_time = May 27 2018 03:48:04 [NMEA time, first data scan]
# bad_flag = -9.990e-29
*END*
[from data line 112]
       9779     57.000     6.7388     6.7388    -0.0001    3.49973    3.49951          1     6.2132     6.1601      97.25     0.1205     0.1880  1.000e-12  0.1473000    34.9194    34.9170    -0.0023    27.3913    27.3895     56.463     56.563      0.545    1478.48    1478.48  0.000e+00
       9802     57.500     6.7767     6.7769     0.0002    3.50407    3.50394          1     6.1785     6.1004      97.25     0.1254     0.1961  1.000e-12  0.1530000    34.9288    34.9270    -0.0017    27.3935    27.3921     56.958     57.059      0.534    1478.65    1478.65  0.000e+00
       9825     58.000     6.7726     6.7723    -0.0003    3.50364    3.50350          1     6.1552     6.0786      97.25     0.1485     0.1908  1.000e-12  0.1490000    34.9278    34.9266    -0.0012    27.3934    27.3924     57.453     57.554      0.503    1478.64    1478.63  0.000e+00
       9849     58.500     6.7708     6.7719     0.0011    3.50357    3.50354          1     6.1555     6.0883      97.25     0.1450     0.2191  1.000e-12  0.1491000    34.9287    34.9272    -0.0015    27.3943    27.3929     57.948     58.050      0.487    1478.64    1478.64  0.000e+00
       9874     59.000     6.7929     6.7908    -0.0021    3.50629    3.50581          1     6.1258     6.0530      97.26     0.1412     0.1716  1.000e-12  0.1541000    34.9361    34.9328    -0.0033    27.3971    27.3948     58.444     58.546      0.512    1478.74    1478.73  0.000e+00
       9896     59.500     6.8238     6.8254     0.0017    3.50980    3.50975          1     6.0911     6.0111      97.25     0.1610     0.2354  1.000e-12  0.1553000    34.9432    34.9410    -0.0022    27.3985    27.3965     58.939     59.041      0.549    1478.88    1478.88  0.000e+00
       9917     60.000     6.8086     6.8121     0.0034    3.50826    3.50855          1     6.0813     6.0079      97.25     0.1266     0.1699  1.000e-12  0.1671000    34.9413    34.9410    -0.0002    27.3990    27.3984     59.434     59.537      0.568    1478.83    1478.84  0.000e+00
       9939     60.500     6.7973     6.7983     0.0010    3.50718    3.50719          1     6.0896     6.0282      97.25     0.1260     0.2026  1.000e-12  0.1668000    34.9407    34.9398    -0.0009    27.4001    27.3992     59.929     60.033      0.551    1478.79    1478.79  0.000e+00
       9961     61.000     6.7917     6.7936     0.0019    3.50665    3.50674          1     6.0939     6.0454      97.24     0.1125     0.1842  1.000e-12  0.1589000    34.9403    34.9393    -0.0010    27.4006    27.3995     60.424     60.528      0.513    1478.78    1478.78  0.000e+00
       9986     61.500     6.7876     6.7886     0.0010    3.50628    3.50628          1     6.0920     6.0577      97.24     0.1253     0.1687  1.000e-12  0.1594000    34.9400    34.9391    -0.0010    27.4009    27.4000     60.920     61.024      0.483    1478.77    1478.77  0.000e+00
      10011     62.000     6.7722     6.7753     0.0031    3.50482    3.50500          1     6.0975     6.0658      97.26     0.1383     0.2133  1.000e-12  0.1476000    34.9394    34.9381    -0.0012    27.4025    27.4011     61.415     61.520      0.491    1478.72    1478.73  0.000e+00
      10034     62.500     6.7611     6.7628     0.0016    3.50424    3.50429          1     6.0996     6.0608      97.28     0.1216     0.2369  1.000e-12  0.1392000    34.9439    34.9428    -0.0011    27.4076    27.4065     61.910     62.015      0.523    1478.69    1478.69  0.000e+00
      10057     63.000     6.7590     6.7606     0.0015    3.50419    3.50424          1     6.0979     6.0505      97.26     0.1065     0.2036  1.000e-12  0.1429000    34.9452    34.9442    -0.0009    27.4089    27.4080     62.405     62.511      0.543    1478.69    1478.69  0.000e+00
      10078     63.500     6.7412     6.7436     0.0024    3.50260    3.50281          1     6.1076     6.0728      97.27     0.1121     0.1634  1.000e-12  0.1419000    34.9455    34.9454    -0.0001    27.4116    27.4112     62.900     63.007      0.551    1478.63    1478.64  0.000e+00
      10100     64.000     6.7125     6.7143     0.0018    3.49993    3.50007          1     6.1292     6.1069      97.28     0.1034     0.2020  1.000e-12  0.1425000    34.9449    34.9447    -0.0002    27.4151    27.4146     63.396     63.502      0.542    1478.52    1478.53  0.000e+00
      10123     64.500     6.6967     6.6977     0.0011    3.49857    3.49856          1     6.1404     6.1149      97.34     0.1378     0.2070  1.000e-12  0.1497000    34.9457    34.9446    -0.0012    27.4178    27.4168     63.891     63.998      0.527    1478.47    1478.47  0.000e+00
      10146     65.000     6.6951     6.6968     0.0017    3.49858    3.49864          1     6.1422     6.0989      97.38     0.1271     0.2071  1.000e-12  0.1553000    34.9472    34.9462    -0.0011    27.4192    27.4182     64.386     64.494      0.513    1478.48    1478.48  0.000e+00
      10169     65.500     6.6820     6.6844     0.0024    3.49733    3.49751          1     6.1473     6.0761      97.30     0.1260     0.2006  1.000e-12  0.1421000    34.9464    34.9460    -0.0004    27.4204    27.4198     64.881     64.989      0.518    1478.43    1478.44  0.000e+00
      10192     66.000     6.6691     6.6710     0.0019    3.49620    3.49629          1     6.1472     6.0716      97.31     0.1260     0.2002  1.000e-12  0.1328000    34.9468    34.9459    -0.0009    27.4225    27.4215     65.377     65.485      0.540    1478.39    1478.40  0.000e+00
      10214     66.500     6.6635     6.6650     0.0015    3.49578    3.49582          1     6.1496     6.0765      97.26     0.1324     0.2203  1.000e-12  0.1352000    34.9475    34.9465    -0.0011    27.4237    27.4227     65.872     65.981      0.546    1478.38    1478.38  0.000e+00
      10236     67.000     6.6599     6.6618     0.0019    3.49551    3.49560          1     6.1523     6.0822      97.23     0.1254     0.2070  1.000e-12  0.1323000    34.9480    34.9471    -0.0009    27.4246    27.4237     66.367     66.476      0.528    1478.37    1478.38  0.000e+00
      10260     67.500     6.6505     6.6521     0.0016    3.49477    3.49484          1     6.1467     6.0836      97.22     0.1123     0.1796  1.000e-12  0.1291000    34.9491    34.9482    -0.0009    27.4268    27.4259     66.862     66.972      0.501    1478.35    1478.35  0.000e+00
      10284     68.000     6.6468     6.6484     0.0016    3.49456    3.49462          1     6.1401     6.0833      97.23     0.1294     0.2153  1.000e-12  0.1341000    34.9503    34.9493    -0.0010    27.4282    27.4272     67.357     67.468      0.496    1478.34    1478.35  0.000e+00
      10308     68.500     6.6379     6.6399     0.0020    3.49378    3.49393          1     6.1357     6.0814      97.24     0.1381     0.2217  1.000e-12  0.1361000    34.9505    34.9501    -0.0004    27.4296    27.4290     67.852     67.964      0.517    1478.31    1478.32  0.000e+00
      10330     69.000     6.6169     6.6203     0.0033    3.49209    3.49232          1     6.1346     6.0723      97.37     0.1376     0.2125  1.000e-12  0.1635000    34.9528    34.9520    -0.0008    27.4343    27.4331     68.348     68.459      0.539    1478.24    1478.25  0.000e+00
      10352     69.500     6.5895     6.5916     0.0021    3.49001    3.49015          1     6.1382     6.0733      98.48     0.1135     0.2000  1.000e-12  0.2196000    34.9575    34.9569    -0.0006    27.4417    27.4409     68.843     68.955      0.555    1478.15    1478.16  0.000e+00
      10374     70.000     6.5788     6.5803     0.0016    3.48921    3.48928          1     6.1375     6.0862      98.57     0.1138     0.2079  1.000e-12  0.1435000    34.9593    34.9585    -0.0009    27.4445    27.4436     69.338     69.451      0.553    1478.12    1478.12  0.000e+00
      10396     70.500     6.5732     6.5752     0.0020    3.48876    3.48886          1     6.1401     6.0932      98.44     0.1227     0.2580  1.000e-12  0.1271000    34.9597    34.9589    -0.0009    27.4456    27.4446     69.833     69.946      0.534    1478.11    1478.11  0.000e+00
      10419     71.000     6.5706     6.5748     0.0042    3.48856    3.48885          1     6.1415     6.0964      97.44     0.1333     0.1938  1.000e-12  0.1607000    34.9599    34.9589    -0.0011    27.4461    27.4447     70.328     70.442      0.511    1478.10    1478.12  0.000e+00
      10443     71.500     6.5685     6.5691     0.0006    3.48840    3.48837          1     6.1407     6.0888      97.41     0.1260     0.1782  1.000e-12  0.1586000    34.9601    34.9591    -0.0010    27.4465    27.4457     70.824     70.938      0.505    1478.10    1478.10  0.000e+00
      10466     72.000     6.5609     6.5634     0.0024    3.48771    3.48787          1     6.1458     6.0819      98.26     0.1105     0.1652  1.000e-12  0.1284000    34.9598    34.9591    -0.0007    27.4473    27.4464     71.319     71.433      0.519    1478.08    1478.09  0.000e+00
      10489     72.500     6.5544     6.5562     0.0018    3.48716    3.48725          1     6.1441     6.0740      98.59     0.1043     0.2221  1.000e-12  0.1269000    34.9602    34.9593    -0.0008    27.4485    27.4476     71.814     71.929      0.537    1478.07    1478.07  0.000e+00
      10511     73.000     6.5504     6.5534     0.0030    3.48685    3.48702          1     6.1347     6.0735      98.60     0.1049     0.2413  1.000e-12  0.1384000    34.9605    34.9594    -0.0011    27.4493    27.4480     72.309     72.425      0.544    1478.06    1478.07  0.000e+00
      10533     73.500     6.5259     6.5286     0.0027    3.48480    3.48500          1     6.1390     6.0796      98.59     0.1043     0.2230  1.000e-12  0.1371000    34.9625    34.9620    -0.0005    27.4541    27.4533     72.804     72.920      0.534    1477.97    1477.98  0.000e+00
      10556     74.000     6.5098     6.5114     0.0015    3.48351    3.48356          1     6.1351     6.0785      98.60     0.0724     0.1950  1.000e-12  0.1307000    34.9643    34.9633    -0.0010    27.4577    27.4567     73.299     73.416      0.511    1477.92    1477.92  0.000e+00
      10580     74.500     6.5105     6.5118     0.0013    3.48373    3.48374          1     6.1328     6.0860      98.60     0.0894     0.1501  1.000e-12  0.1249000    34.9658    34.9646    -0.0012    27.4588    27.4577     73.795     73.911      0.496    1477.93    1477.94  0.000e+00
      10604     75.000     6.5110     6.5124     0.0014    3.48383    3.48386          1     6.1348     6.0965      98.61     0.0893     0.1645  1.000e-12  0.1234000    34.9662    34.9651    -0.0012    27.4591    27.4580     74.290     74.407      0.510    1477.94    1477.95  0.000e+00
      10627     75.500     6.5112     6.5129     0.0016    3.48394    3.48400          1     6.1349     6.0906      98.61     0.0835     0.2329  1.000e-12  0.1342000    34.9670    34.9659    -0.0011    27.4596    27.4586     74.785     74.903      0.535    1477.95    1477.96  0.000e+00
      10649     76.000     6.5116     6.5132     0.0015    3.48409    3.48414          1     6.1353     6.0890      98.61     0.0800     0.1590  1.000e-12  0.1327000    34.9679    34.9669    -0.0010    27.4603    27.4594     75.280     75.398      0.552    1477.97    1477.97  0.000e+00
      10671     76.500     6.5127     6.5142     0.0015    3.48435    3.48439          1     6.1335     6.0883      98.61     0.0804     0.1772  1.000e-12  0.1330000    34.9695    34.9684    -0.0011    27.4614    27.4603     75.775     75.894      0.556    1477.98    1477.98  0.000e+00
      10692     77.000     6.5156     6.5167     0.0011    3.48478    3.48476          1     6.1356     6.0891      98.60     0.0837     0.1851  1.000e-12  0.1361000    34.9710    34.9697    -0.0013    27.4622    27.4611     76.271     76.390      0.546    1478.00    1478.00  0.000e+00
      10714     77.500     6.5093     6.5117     0.0025    3.48436    3.48451          1     6.1376     6.0922      98.59     0.0888     0.1778  1.000e-12  0.1308000    34.9726    34.9717    -0.0009    27.4644    27.4633     76.766     76.885      0.530    1477.99    1477.99  0.000e+00
      10738     78.000     6.4891     6.4923     0.0032    3.48257    3.48281          1     6.1400     6.0875      98.60     0.0728     0.1959  1.000e-12  0.1349000    34.9731    34.9725    -0.0006    27.4674    27.4665     77.261     77.381      0.492    1477.92    1477.93  0.000e+00
      10764     78.500     6.4738     6.4757     0.0019    3.48127    3.48135          1     6.1251     6.0723      98.62     0.0818     0.2602  1.000e-12  0.1253000    34.9739    34.9728    -0.0011    27.4701    27.4690     77.756     77.877      0.459    1477.86    1477.87  0.000e+00
      10790     79.000     6.4930     6.4892    -0.0039    3.48357    3.48291          1     6.1267     6.0648      98.62     0.0738     0.1825  1.000e-12  0.1321000    34.9796    34.9762    -0.0034    27.4720    27.4699     78.251     78.372      0.480    1477.96    1477.94  0.000e+00
      10813     79.500     6.5155     6.5203     0.0048    3.48604    3.48635          1     6.1116     6.0274      98.62     0.0932     0.2080  1.000e-12  0.1370000    34.9840    34.9824    -0.0016    27.4725    27.4706     78.746     78.868      0.532    1478.06    1478.08  0.000e+00
      10835     80.000     6.5935     6.5912    -0.0022    3.49494    3.49443          1     6.0564     5.9726      98.63     0.0742     0.2468  1.000e-12  0.1360000    35.0030    34.9996    -0.0034    27.4770    27.4746     79.242     79.364      0.571    1478.40    1478.38  0.000e+00
      10856     80.500     6.5956     6.5965     0.0010    3.49520    3.49526          1     6.0234     5.9509      98.62     0.0728     0.2179  1.000e-12  0.1450000    35.0035    35.0033    -0.0002    27.4771    27.4768     79.737     79.859      0.578    1478.41    1478.42  0.000e+00
      10877     81.000     6.5742     6.5765     0.0023    3.49309    3.49323          1     6.0249     5.9621      98.62     0.0777     0.2131  1.000e-12  0.1489000    35.0016    35.0008    -0.0008    27.4785    27.4776     80.232     80.355      0.544    1478.33    1478.34  0.000e+00
      10900     81.500     6.5689     6.5721     0.0032    3.49256    3.49279          1     6.0371     5.9817      98.62     0.0791     0.2218  1.000e-12  0.1566000    35.0010    35.0002    -0.0008    27.4787    27.4777     80.727     80.851      0.484    1478.32    1478.33  0.000e+00
      10927     82.000     6.5651     6.5658     0.0007    3.49218    3.49216          1     6.0419     5.9825      98.62     0.0671     0.2155  1.000e-12  0.1576000    35.0003    34.9994    -0.0009    27.4787    27.4779     81.222     81.346      0.450    1478.31    1478.32  0.000e+00
      10953     82.500     6.5555     6.5561     0.0007    3.49119    3.49116          1     6.0453     5.9837      98.62     0.0623     0.2071  1.000e-12  0.1549000    34.9988    34.9979    -0.0009    27.4788    27.4780     81.717     81.842      0.492    1478.28    1478.28  0.000e+00
      10975     83.000     6.5468     6.5461    -0.0006    3.49026    3.49011          1     6.0462     5.9953      98.63     0.0673     0.2099  1.000e-12  0.1598000    34.9972    34.9962    -0.0009    27.4787    27.4780     82.212     82.338      0.558    1478.25    1478.25  0.000e+00
      10996     83.500     6.5215     6.5251     0.0035    3.48759    3.48790          1     6.0553     6.0153      98.62     0.0748     0.2217  1.000e-12  0.1766000    34.9930    34.9927    -0.0002    27.4788    27.4781     82.708     82.833      0.585    1478.16    1478.17  0.000e+00
      11017     84.000     6.4935     6.4961     0.0027    3.48472    3.48488          1     6.0780     6.0354      98.62     0.0736     0.2081  1.000e-12  0.2840000    34.9895    34.9886    -0.0009    27.4798    27.4787     83.203     83.329      0.553    1478.05    1478.06  0.000e+00
