ctdpy/exports/archive_20191121_122431/received_data/SBE09_1044_20181015_1317_34_01_0094.cnv
* Sea-Bird SBE 9 Data File:
* FileName = C:\ctd\temp\ar18d094.hex
* Software Version Seasave V 7.21e
* Temperature SN = 5351
* Conductivity SN = 3941
* Number of Bytes Per Scan = 41
* Number of Voltage Words = 4
* Number of Scans Averaged by the Deck Unit = 1
* NMEA Latitude = 57 18.74 N
* NMEA Longitude = 020 04.58 E
* NMEA UTC (Time) = Oct 15 2018  16:17:23
* NMEA baud rate = 4800
** Station:  BY15
** Operator:  OBac
** Ship: ARANDA
** Average sound velocity: 1450.21 m/s
** True-depth calculation Mon, 15 Oct 2018 17:26:16 +0000
** CTD Python Module SMHI /ver 3-12/ feb 2012 
** LIMS Job: 20183401-0094
** Cruise: SMHI-4-2018
** Latitude [GG MM.mm N]:
** Longitude [GG MM.mm E]
# nquan = 26
# nvalues = 468                         
# units = specified
# name 0 = scan: Scan Count
# name 1 = prDM: Pressure, Digiquartz [db]
# name 2 = t090C: Temperature [ITS-90, deg C]
# name 3 = t190C: Temperature, 2 [ITS-90, deg C]
# name 4 = T2-T190C: Temperature Difference, 2 - 1 [ITS-90, deg C]
# name 5 = c0S/m: Conductivity [S/m]
# name 6 = c1S/m: Conductivity, 2 [S/m]
# name 7 = pumps: Pump Status
# name 8 = sbeox0ML/L: Oxygen, SBE 43 [ml/l]
# name 9 = sbeox1ML/L: Oxygen, SBE 43, 2 [ml/l]
# name 10 = altM: Altimeter [m]
# name 11 = flECO-AFL: Chl-a Fluorescence, WET Labs ECO-AFL/FL [mg/m^3]
# name 12 = flECO-AFL1: Phycocyanin Fluorescence, WET Labs ECO-AFL/FL, 2 [mg/m^3]
# name 13 = par: PAR/Irradiance, Biospherical/Lico [µE/(cm^2*s)]
# name 14 = turbWETntu0: Turbidity, WET Labs ECO [NTU]
# name 15 = sal00: Salinity, Practical [PSU]
# name 16 = sal11: Salinity, Practical, 2 [PSU]
# name 17 = secS-priS: Salinity, Practical, Difference, 2 - 1 [PSU]
# name 18 = sigma-t00: Density [sigma-t, Kg/m^3 ]
# name 19 = sigma-t11: Density, 2 [sigma-t, Kg/m^3 ]
# name 20 = depSM: Depth [salt water, m], lat = 57.3123
# name 21 = depFM: Depth [true depth, m], lat = 57.3123
# name 22 = dz/dtM: Descent Rate [m/s], WS = 2
# name 23 = svCM: Sound Velocity [Chen-Millero, m/s]
# name 24 = svCM1: Sound Velocity, 2 [Chen-Millero, m/s]
# name 25 = flag: flag
# span 0 =      17128,      28165       
# span 1 =      2.000,    235.500       
# span 2 =     3.5745,    11.3845       
# span 3 =     3.5769,    11.3846       
# span 4 =    -0.1889,     0.1191       
# span 5 =   0.766242,   1.455787       
# span 6 =   0.766398,   1.455787       
# span 7 =          1,          1       
# span 8 =    0.04451,    7.02034       
# span 9 =    0.04183,    7.61863       
# span 10 =       3.01,     100.02      
# span 11 =     0.2144,     1.1424      
# span 12 =     0.1385,     0.3946      
# span 13 = -1.223e-04, 1.8350e-01      
# span 14 =     0.1089,     1.3995      
# span 15 =     6.9679,    13.2568      
# span 16 =     6.9674,    13.2563      
# span 17 =    -0.0106,     0.0085      
# span 18 =     5.0001,    10.3484      
# span 19 =     4.9998,    10.3479      
# span 20 =      1.982,    233.198      
# span 21 =      2.027,    237.876      
# span 22 =     -0.230,      0.827      
# span 23 =    1430.36,    1461.52      
# span 24 =    1430.37,    1461.52      
# span 25 = 0.0000e+00, 0.0000e+00      
# interval = decibars: 0.5              
# start_time = Oct 15 2018 16:17:23 [NMEA time, first data scan]
# bad_flag = -9.990e-29
*END*
[from data line 391]
      25320    197.500     6.8825     6.8839     0.0014    1.44225    1.44224          1     0.0535     0.0490      42.74     0.3358     0.1781  1.000e-12  0.1694000    13.1374    13.1368    -0.0006    10.2562    10.2556    195.587    199.566      0.585    1454.12    1454.12  0.000e+00
      25344    198.000     6.8831     6.8845     0.0014    1.44257    1.44256          1     0.0545     0.0483      42.13     0.3503     0.1861  1.000e-12  0.1678000    13.1402    13.1396    -0.0006    10.2583    10.2577    196.082    200.071      0.465    1454.13    1454.14  0.000e+00
      25370    198.500     6.8847     6.8860     0.0013    1.44304    1.44303          1     0.0569     0.0476      41.57     0.3331     0.2244  1.000e-12  0.1686000    13.1442    13.1436    -0.0006    10.2613    10.2607    196.577    200.575      0.518    1454.15    1454.15  0.000e+00
      25391    199.000     6.8853     6.8866     0.0013    1.44337    1.44335          1     0.0557     0.0468      41.12     0.3226     0.1626  1.000e-12  0.1716000    13.1471    13.1464    -0.0006    10.2635    10.2629    197.072    201.079      0.659    1454.16    1454.17  0.000e+00
      25407    199.500     6.8856     6.8870     0.0014    1.44359    1.44359          1     0.0540     0.0486      40.71     0.3503     0.2084  1.000e-12  0.1809000    13.1491    13.1486    -0.0006    10.2651    10.2645    197.567    201.583      0.754    1454.18    1454.18  0.000e+00
      25422    200.000     6.8857     6.8870     0.0014    1.44403    1.44402          1     0.0539     0.0488      40.25     0.3289     0.2295  1.000e-12  0.1745000    13.1533    13.1526    -0.0006    10.2683    10.2677    198.062    202.087      0.776    1454.19    1454.20  0.000e+00
      25438    200.500     6.8858     6.8870     0.0013    1.44432    1.44431          1     0.0554     0.0495      39.75     0.3141     0.2089  1.000e-12  0.1676000    13.1560    13.1554    -0.0006    10.2705    10.2699    198.557    202.591      0.714    1454.20    1454.20  0.000e+00
      25457    201.000     6.8859     6.8873     0.0014    1.44451    1.44451          1     0.0556     0.0473      39.16     0.3504     0.2284  1.000e-12  0.1677000    13.1577    13.1572    -0.0006    10.2718    10.2713    199.052    203.095      0.575    1454.21    1454.22  0.000e+00
      25482    201.500     6.8861     6.8874     0.0014    1.44464    1.44464          1     0.0538     0.0476      38.51     0.3306     0.2465  1.000e-12  0.1685000    13.1588    13.1583    -0.0006    10.2727    10.2721    199.547    203.599      0.437    1454.22    1454.23  0.000e+00
      25510    202.000     6.8864     6.8878     0.0014    1.44480    1.44479          1     0.0556     0.0470      37.92     0.3385     0.2393  1.000e-12  0.1669000    13.1601    13.1595    -0.0006    10.2736    10.2730    200.042    204.103      0.508    1454.23    1454.24  0.000e+00
      25530    202.500     6.8872     6.8885     0.0013    1.44498    1.44498          1     0.0551     0.0478      37.50     0.3502     0.2247  1.000e-12  0.1727000    13.1615    13.1611    -0.0005    10.2747    10.2742    200.537    204.607      0.688    1454.25    1454.25  0.000e+00
      25546    203.000     6.8874     6.8887     0.0013    1.44524    1.44524          1     0.0543     0.0478      37.14     0.3493     0.1919  1.000e-12  0.1770000    13.1639    13.1634    -0.0005    10.2765    10.2760    201.032    205.112      0.802    1454.26    1454.26  0.000e+00
      25560    203.500     6.8873     6.8886     0.0013    1.44558    1.44558          1     0.0551     0.0479      36.66     0.3359     0.1925  1.000e-12  0.1794000    13.1672    13.1667    -0.0005    10.2791    10.2786    201.526    205.616      0.827    1454.27    1454.27  0.000e+00
      25574    204.000     6.8877     6.8890     0.0013    1.44583    1.44582          1     0.0543     0.0477      36.16     0.3532     0.1925  1.000e-12  0.1830000    13.1694    13.1688    -0.0006    10.2808    10.2802    202.021    206.120      0.741    1454.28    1454.29  0.000e+00
      25593    204.500     6.8874     6.8887     0.0013    1.44603    1.44602          1     0.0546     0.0467      35.55     0.3589     0.2323  1.000e-12  0.1852000    13.1714    13.1709    -0.0005    10.2824    10.2819    202.516    206.624      0.547    1454.29    1454.30  0.000e+00
      25622    205.000     6.8878     6.8891     0.0013    1.44627    1.44626          1     0.0543     0.0478      34.70     0.3495     0.2364  1.000e-12  0.1834000    13.1736    13.1730    -0.0006    10.2841    10.2835    203.011    207.128      0.377    1454.30    1454.31  0.000e+00
      25653    205.500     6.8885     6.8898     0.0013    1.44647    1.44646          1     0.0545     0.0463      34.17     0.3426     0.2073  1.000e-12  0.1756000    13.1751    13.1745    -0.0006    10.2852    10.2847    203.506    207.632      0.488    1454.32    1454.32  0.000e+00
      25674    206.000     6.8886     6.8899     0.0013    1.44665    1.44664          1     0.0537     0.0476      33.85     0.3472     0.2691  1.000e-12  0.1756000    13.1768    13.1762    -0.0006    10.2865    10.2860    204.001    208.136      0.654    1454.33    1454.33  0.000e+00
      25691    206.500     6.8885     6.8898     0.0013    1.44678    1.44678          1     0.0540     0.0478      33.44     0.3611     0.2355  1.000e-12  0.1791000    13.1780    13.1775    -0.0005    10.2875    10.2870    204.496    208.640      0.727    1454.34    1454.34  0.000e+00
      25707    207.000     6.8894     6.8907     0.0013    1.44691    1.44691          1     0.0536     0.0471      32.96     0.3517     0.1648  1.000e-12  0.1859000    13.1788    13.1784    -0.0004    10.2881    10.2876    204.991    209.144      0.703    1454.35    1454.35  0.000e+00
      25725    207.500     6.8904     6.8917     0.0013    1.44706    1.44705          1     0.0532     0.0478      32.44     0.3400     0.2197  1.000e-12  0.1827000    13.1798    13.1793    -0.0005    10.2888    10.2883    205.486    209.648      0.598    1454.36    1454.37  0.000e+00
      25748    208.000     6.8912     6.8924     0.0013    1.44719    1.44718          1     0.0525     0.0480      31.88     0.3318     0.2081  1.000e-12  0.1710000    13.1807    13.1802    -0.0006    10.2894    10.2889    205.981    210.152      0.483    1454.37    1454.38  0.000e+00
      25774    208.500     6.8920     6.8933     0.0013    1.44736    1.44735          1     0.0548     0.0467      31.27     0.3415     0.2012  1.000e-12  0.1670000    13.1819    13.1813    -0.0006    10.2903    10.2897    206.475    210.656      0.473    1454.39    1454.39  0.000e+00
      25798    209.000     6.8927     6.8940     0.0013    1.44752    1.44752          1     0.0521     0.0458      30.75     0.3258     0.2375  1.000e-12  0.1598000    13.1832    13.1827    -0.0005    10.2912    10.2907    206.970    211.161      0.551    1454.40    1454.41  0.000e+00
      25818    209.500     6.8931     6.8944     0.0014    1.44765    1.44765          1     0.0532     0.0487      30.31     0.3382     0.2607  1.000e-12  0.1551000    13.1843    13.1837    -0.0005    10.2920    10.2915    207.465    211.665      0.625    1454.41    1454.42  0.000e+00
      25837    210.000     6.8931     6.8946     0.0014    1.44776    1.44776          1     0.0538     0.0488      29.83     0.3362     0.2483  1.000e-12  0.1601000    13.1852    13.1847    -0.0006    10.2928    10.2922    207.960    212.169      0.646    1454.42    1454.43  0.000e+00
      25856    210.500     6.8928     6.8941     0.0013    1.44783    1.44784          1     0.0521     0.0481      29.36     0.3366     0.1904  1.000e-12  0.1679000    13.1859    13.1855    -0.0004    10.2933    10.2929    208.455    212.673      0.611    1454.43    1454.43  0.000e+00
      25876    211.000     6.8927     6.8940     0.0014    1.44791    1.44791          1     0.0541     0.0477      28.81     0.3352     0.2004  1.000e-12  0.1816000    13.1866    13.1861    -0.0005    10.2939    10.2934    208.950    213.177      0.543    1454.44    1454.44  0.000e+00
      25900    211.500     6.8929     6.8943     0.0013    1.44807    1.44806          1     0.0533     0.0461      28.19     0.3370     0.2036  1.000e-12  0.1931000    13.1880    13.1875    -0.0006    10.2950    10.2944    209.445    213.681      0.490    1454.45    1454.45  0.000e+00
      25925    212.000     6.8926     6.8939     0.0013    1.44828    1.44827          1     0.0525     0.0481      27.67     0.3402     0.1873  1.000e-12  0.1788000    13.1901    13.1895    -0.0006    10.2966    10.2961    209.940    214.185      0.515    1454.46    1454.46  0.000e+00
      25947    212.500     6.8928     6.8941     0.0013    1.44845    1.44845          1     0.0517     0.0476      27.21     0.3483     0.2131  1.000e-12  0.1746000    13.1916    13.1911    -0.0005    10.2978    10.2973    210.435    214.689      0.608    1454.47    1454.47  0.000e+00
      25965    213.000     6.8929     6.8942     0.0013    1.44860    1.44860          1     0.0528     0.0475      26.78     0.3372     0.2635  1.000e-12  0.1859000    13.1929    13.1924    -0.0005    10.2989    10.2983    210.929    215.193      0.683    1454.48    1454.48  0.000e+00
      25982    213.500     6.8933     6.8945     0.0012    1.44871    1.44870          1     0.0520     0.0481      26.30     0.3315     0.2651  1.000e-12  0.1825000    13.1938    13.1933    -0.0005    10.2995    10.2990    211.424    215.697      0.694    1454.49    1454.49  0.000e+00
      25999    214.000     6.8937     6.8950     0.0013    1.44885    1.44884          1     0.0514     0.0477      25.76     0.3291     0.2595  1.000e-12  0.1800000    13.1949    13.1943    -0.0006    10.3003    10.2997    211.919    216.201      0.620    1454.50    1454.50  0.000e+00
      26022    214.500     6.8933     6.8947     0.0014    1.44900    1.44900          1     0.0518     0.0462      25.14     0.3522     0.2267  1.000e-12  0.1814000    13.1964    13.1959    -0.0005    10.3015    10.3010    212.414    216.705      0.477    1454.51    1454.51  0.000e+00
      26050    215.000     6.8932     6.8946     0.0014    1.44910    1.44912          1     0.0528     0.0480      24.52     0.3815     0.2599  1.000e-12  0.1793000    13.1974    13.1970    -0.0003    10.3023    10.3019    212.909    217.209      0.447    1454.52    1454.52  0.000e+00
      26074    215.500     6.8934     6.8948     0.0014    1.44917    1.44917          1     0.0525     0.0458      24.07     0.3587     0.2210  1.000e-12  0.1812000    13.1979    13.1973    -0.0005    10.3027    10.3021    213.404    217.714      0.597    1454.53    1454.53  0.000e+00
      26092    216.000     6.8934     6.8948     0.0013    1.44921    1.44921          1     0.0515     0.0456      23.71     0.3509     0.2697  1.000e-12  0.1805000    13.1982    13.1976    -0.0006    10.3029    10.3024    213.899    218.218      0.704    1454.53    1454.54  0.000e+00
      26108    216.500     6.8934     6.8948     0.0014    1.44925    1.44925          1     0.0522     0.0483      23.22     0.3593     0.2809  1.000e-12  0.1808000    13.1984    13.1979    -0.0005    10.3031    10.3026    214.394    218.722      0.714    1454.54    1454.55  0.000e+00
      26125    217.000     6.8935     6.8948     0.0013    1.44930    1.44931          1     0.0513     0.0483      22.67     0.3705     0.2919  1.000e-12  0.1797000    13.1988    13.1983    -0.0005    10.3034    10.3029    214.889    219.226      0.632    1454.55    1454.56  0.000e+00
      26147    217.500     6.8936     6.8950     0.0014    1.44938    1.44938          1     0.0525     0.0469      22.11     0.3503     0.3053  1.000e-12  0.1731000    13.1994    13.1989    -0.0005    10.3038    10.3033    215.383    219.730      0.513    1454.56    1454.57  0.000e+00
      26173    218.000     6.8936     6.8949     0.0013    1.44956    1.44956          1     0.0512     0.0466      21.55     0.3594     0.2105  1.000e-12  0.1731000    13.2011    13.2007    -0.0005    10.3052    10.3047    215.878    220.234      0.479    1454.57    1454.58  0.000e+00
      26196    218.500     6.8934     6.8948     0.0013    1.44971    1.44971          1     0.0517     0.0485      21.06     0.3718     0.2257  1.000e-12  0.1954000    13.2025    13.2020    -0.0006    10.3063    10.3058    216.373    220.738      0.545    1454.58    1454.58  0.000e+00
      26217    219.000     6.8934     6.8948     0.0014    1.44982    1.44982          1     0.0522     0.0459      20.56     0.3612     0.2408  1.000e-12  0.1915000    13.2035    13.2030    -0.0005    10.3071    10.3066    216.868    221.242      0.612    1454.59    1454.59  0.000e+00
      26236    219.500     6.8936     6.8949     0.0013    1.44996    1.44996          1     0.0512     0.0468      20.06     0.3696     0.2398  1.000e-12  0.1894000    13.2048    13.2043    -0.0005    10.3081    10.3076    217.363    221.746      0.651    1454.60    1454.60  0.000e+00
      26254    220.000     6.8937     6.8950     0.0012    1.45005    1.45004          1     0.0514     0.0462      19.56     0.3840     0.1910  1.000e-12  0.1867000    13.2054    13.2049    -0.0005    10.3086    10.3081    217.858    222.250      0.668    1454.61    1454.61  0.000e+00
      26272    220.500     6.8937     6.8951     0.0014    1.45014    1.45015          1     0.0507     0.0463      19.06     0.3717     0.2304  1.000e-12  0.1905000    13.2063    13.2058    -0.0004    10.3093    10.3088    218.353    222.754      0.639    1454.62    1454.62  0.000e+00
      26292    221.000     6.8941     6.8954     0.0013    1.45034    1.45033          1     0.0513     0.0461      18.50     0.3799     0.2478  1.000e-12  0.1909000    13.2080    13.2074    -0.0006    10.3106    10.3100    218.848    223.258      0.543    1454.63    1454.63  0.000e+00
      26317    221.500     6.8952     6.8965     0.0013    1.45091    1.45089          1     0.0511     0.0475      17.88     0.3698     0.2636  1.000e-12  0.1837000    13.2132    13.2124    -0.0007    10.3145    10.3139    219.342    223.762      0.447    1454.65    1454.65  0.000e+00
      26344    222.000     6.8962     6.8975     0.0013    1.45132    1.45132          1     0.0520     0.0454      17.36     0.3592     0.2724  1.000e-12  0.1878000    13.2167    13.2161    -0.0006    10.3172    10.3167    219.837    224.266      0.533    1454.67    1454.67  0.000e+00
      26363    222.500     6.8965     6.8978     0.0013    1.45155    1.45155          1     0.0507     0.0466      16.93     0.3668     0.2328  1.000e-12  0.1976000    13.2187    13.2182    -0.0005    10.3188    10.3183    220.332    224.771      0.689    1454.68    1454.68  0.000e+00
      26379    223.000     6.8969     6.8982     0.0013    1.45178    1.45176          1     0.0504     0.0459      16.51     0.3736     0.2625  1.000e-12  0.2052000    13.2207    13.2201    -0.0006    10.3203    10.3197    220.827    225.275      0.761    1454.69    1454.69  0.000e+00
      26395    223.500     6.8971     6.8984     0.0013    1.45206    1.45205          1     0.0508     0.0445      16.02     0.3825     0.2580  1.000e-12  0.2035000    13.2233    13.2227    -0.0007    10.3224    10.3217    221.322    225.779      0.726    1454.70    1454.71  0.000e+00
      26413    224.000     6.8974     6.8987     0.0013    1.45237    1.45236          1     0.0507     0.0466      15.46     0.3767     0.2342  1.000e-12  0.2061000    13.2261    13.2255    -0.0006    10.3245    10.3240    221.817    226.283      0.586    1454.72    1454.72  0.000e+00
