ctdpy/exports/archive_20191121_122431/received_data/SBE09_0827_20180120_0610_26_01_0124.cnv
* Sea-Bird SBE 9 Data File:
* FileName = D:\CTD_SBE911\DAT\26DA.2018.1.24.hex
* Software Version Seasave V 7.21d
* Temperature SN = 034757
* Conductivity SN = 041844
* Number of Bytes Per Scan = 48
* Number of Voltage Words = 5
* Number of Scans Averaged by the Deck Unit = 1
* NMEA Latitude = 57 24.91 N
* NMEA Longitude = 008 32.91 E
* NMEA UTC (Time) = Jan 20 2018  06:10:35
* NMEA baud rate = 4800
** Ship: DANA
** Average sound velocity: 1477.10 m/s
** True-depth calculation Thu, 28 Mar 2019 08:23:40 +0000
** CTD Python Module SMHI /ver 3-12/ feb 2012 
** LIMS Job: 20182601-0124
** 16N
** Operator: Ronny Sørensen
** Cruise: 01/2018
# nquan = 26
# nvalues = 76                          
# units = specified
# name 0 = scan: Scan Count
# name 1 = prDM: Pressure, Digiquartz [db]
# name 2 = t090C: Temperature [ITS-90, deg C]
# name 3 = t190C: Temperature, 2 [ITS-90, deg C]
# name 4 = T2-T190C: Temperature Difference, 2 - 1 [ITS-90, deg C]
# name 5 = c0S/m: Conductivity [S/m]
# name 6 = c1S/m: Conductivity, 2 [S/m]
# name 7 = pumps: Pump Status
# name 8 = sbeox1ML/L: Oxygen, SBE 43, 2 [ml/l]
# name 9 = sbeox0ML/L: Oxygen, SBE 43 [ml/l]
# name 10 = altM: Altimeter [m]
# name 11 = chloroflTC0: Chlorophyll, Turner Cyclops [ug/l]
# name 12 = cpar: CPAR/Corrected Irradiance [%]
# name 13 = par: PAR/Irradiance, Biospherical/Lico [µE/(cm^2*s)]
# name 14 = spar: SPAR, Biospherical/Licor
# name 15 = sal00: Salinity, Practical [PSU]
# name 16 = sal11: Salinity, Practical, 2 [PSU]
# name 17 = secS-priS: Salinity, Practical, Difference, 2 - 1 [PSU]
# name 18 = sigma-t00: Density [sigma-t, kg/m^3 ]
# name 19 = sigma-t11: Density, 2 [sigma-t, kg/m^3 ]
# name 20 = depSM: Depth [salt water, m], lat = 57.4152
# name 21 = depFM: Depth [true depth, m], lat = 57.4152
# name 22 = dz/dtM: Descent Rate [m/s], WS = 2
# name 23 = svCM: Sound Velocity [Chen-Millero, m/s]
# name 24 = svCM1: Sound Velocity, 2 [Chen-Millero, m/s]
# name 25 = flag: flag
# span 0 =          9,       6784       
# span 1 =      1.000,     38.500       
# span 2 =     6.6575,     6.6634       
# span 3 =     6.6561,     6.6628       
# span 4 =    -0.0016,    -0.0001       
# span 5 =   3.456031,   3.458137       
# span 6 =   3.456331,   3.458495       
# span 7 =          1,          1       
# span 8 =     6.0942,     6.2333       
# span 9 =     6.2220,     6.4496       
# span 10 =       0.30,       9.96      
# span 11 =     0.0237,     0.0419      
# span 12 = 4.9241e-11, 4.9241e-11      
# span 13 = 1.0000e-12, 1.0000e-12      
# span 14 = 2.0308e+00, 2.0308e+00      
# span 15 =    34.5445,    34.5451      
# span 16 =    34.5470,    34.5497      
# span 17 =     0.0020,     0.0050      
# span 18 =    27.1061,    27.1068      
# span 19 =    27.1082,    27.1108      
# span 20 =      0.991,     38.142      
# span 21 =      0.992,     38.179      
# span 22 =     -0.119,      0.777      
# span 23 =    1476.79,    1477.40      
# span 24 =    1476.79,    1477.41      
# span 25 = 0.0000e+00, 0.0000e+00      
# interval = decibars: 0.5              
# start_time = Jan 20 2018 06:10:36 [NMEA time, first data scan]
# bad_flag = -9.990e-29
*END*
          9      1.000     6.6615     6.6611    -0.0004    3.45635    3.45666          1     6.1316     6.2821       9.96     0.0283  4.924e-11  1.000e-12  2.031e+00    34.5447    34.5485     0.0038    27.1063    27.1094      0.991      0.992     -0.119    1476.79    1476.79  0.000e+00
         33      1.500     6.6610     6.6598    -0.0012    3.45631    3.45664          1     6.1083     6.2851       9.96     0.0272  4.924e-11  1.000e-12  2.031e+00    34.5445    34.5494     0.0049    27.1062    27.1103      1.486      1.487      0.358    1476.80    1476.80  0.000e+00
        255      2.000     6.6577     6.6561    -0.0016    3.45603    3.45633          1     6.1446     6.2829       9.96     0.0255  4.924e-11  1.000e-12  2.031e+00    34.5445    34.5495     0.0050    27.1067    27.1108      1.982      1.983      0.470    1476.79    1476.79  0.000e+00
        489      2.500     6.6579     6.6568    -0.0012    3.45609    3.45635          1     6.1431     6.2816       9.95     0.0248  4.924e-11  1.000e-12  2.031e+00    34.5448    34.5488     0.0040    27.1068    27.1102      2.477      2.479      0.319    1476.80    1476.80  0.000e+00
        569      3.000     6.6582     6.6574    -0.0009    3.45612    3.45646          1     6.0942     6.2792       9.95     0.0237  4.924e-11  1.000e-12  2.031e+00    34.5445    34.5491     0.0046    27.1066    27.1103      2.972      2.975      0.388    1476.81    1476.81  0.000e+00
        596      3.500     6.6575     6.6569    -0.0006    3.45608    3.45644          1     6.1728     6.2830       9.96     0.0253  4.924e-11  1.000e-12  2.031e+00    34.5445    34.5491     0.0046    27.1067    27.1104      3.468      3.471      0.408    1476.81    1476.82  0.000e+00
        627      4.000     6.6575     6.6574    -0.0001    3.45611    3.45648          1     6.1148     6.2803       9.95     0.0260  4.924e-11  1.000e-12  2.031e+00    34.5446    34.5488     0.0042    27.1068    27.1101      3.963      3.967      0.387    1476.82    1476.83  0.000e+00
        657      4.500     6.6579     6.6573    -0.0007    3.45617    3.45653          1     6.1316     6.2836       9.95     0.0276  4.924e-11  1.000e-12  2.031e+00    34.5446    34.5493     0.0046    27.1067    27.1105      4.458      4.462      0.430    1476.83    1476.84  0.000e+00
        685      5.000     6.6578     6.6573    -0.0005    3.45619    3.45652          1     6.1671     6.2844       9.95     0.0263  4.924e-11  1.000e-12  2.031e+00    34.5446    34.5489     0.0042    27.1068    27.1102      4.954      4.958      0.370    1476.84    1476.84  0.000e+00
        829      5.500     6.6599     6.6594    -0.0005    3.45640    3.45677          1     6.1364     6.2861       9.96     0.0271  4.924e-11  1.000e-12  2.031e+00    34.5446    34.5492     0.0046    27.1065    27.1102      5.449      5.454      0.463    1476.85    1476.86  0.000e+00
        872      6.000     6.6612     6.6595    -0.0016    3.45654    3.45678          1     6.1477     6.2796       9.95     0.0282  4.924e-11  1.000e-12  2.031e+00    34.5447    34.5490     0.0044    27.1063    27.1100      5.945      5.950      0.574    1476.87    1476.87  0.000e+00
        893      6.500     6.6615     6.6601    -0.0014    3.45659    3.45685          1     6.1723     6.2772       9.96     0.0274  4.924e-11  1.000e-12  2.031e+00    34.5446    34.5489     0.0043    27.1062    27.1098      6.440      6.446      0.544    1476.88    1476.88  0.000e+00
        917      7.000     6.6614     6.6604    -0.0010    3.45661    3.45691          1     6.1912     6.2763       9.95     0.0251  4.924e-11  1.000e-12  2.031e+00    34.5447    34.5490     0.0043    27.1063    27.1099      6.935      6.942      0.484    1476.89    1476.89  0.000e+00
        943      7.500     6.6612     6.6606    -0.0006    3.45662    3.45695          1     6.1731     6.2799       9.95     0.0262  4.924e-11  1.000e-12  2.031e+00    34.5448    34.5490     0.0041    27.1064    27.1098      7.431      7.437      0.447    1476.89    1476.90  0.000e+00
        981      8.000     6.6611     6.6606    -0.0005    3.45664    3.45697          1     6.1703     6.2849       9.95     0.0262  4.924e-11  1.000e-12  2.031e+00    34.5449    34.5490     0.0041    27.1065    27.1098      7.926      7.933      0.325    1476.90    1476.91  0.000e+00
       1134      8.500     6.6613     6.6607    -0.0006    3.45668    3.45701          1     6.1672     6.2832       9.95     0.0269  4.924e-11  1.000e-12  2.031e+00    34.5448    34.5490     0.0042    27.1065    27.1098      8.421      8.429      0.229    1476.91    1476.91  0.000e+00
       1179      9.000     6.6617     6.6607    -0.0010    3.45672    3.45702          1     6.1441     6.2705       9.95     0.0262  4.924e-11  1.000e-12  2.031e+00    34.5446    34.5489     0.0043    27.1062    27.1097      8.917      8.925      0.419    1476.92    1476.92  0.000e+00
       1201      9.500     6.6621     6.6612    -0.0010    3.45679    3.45707          1     6.1293     6.2785       9.95     0.0257  4.924e-11  1.000e-12  2.031e+00    34.5447    34.5488     0.0041    27.1062    27.1096      9.412      9.421      0.623    1476.93    1476.93  0.000e+00
       1218     10.000     6.6623     6.6615    -0.0008    3.45683    3.45714          1     6.1420     6.2803       9.96     0.0272  4.924e-11  1.000e-12  2.031e+00    34.5448    34.5489     0.0042    27.1062    27.1096      9.908      9.917      0.691    1476.94    1476.94  0.000e+00
       1235     10.500     6.6620     6.6615    -0.0006    3.45684    3.45717          1     6.1637     6.2738       9.95     0.0269  4.924e-11  1.000e-12  2.031e+00    34.5448    34.5491     0.0043    27.1063    27.1098     10.403     10.412      0.635    1476.95    1476.95  0.000e+00
       1280     11.000     6.6617     6.6610    -0.0007    3.45683    3.45715          1     6.1718     6.2823       9.95     0.0289  4.924e-11  1.000e-12  2.031e+00    34.5448    34.5491     0.0043    27.1063    27.1098     10.898     10.908      0.370    1476.95    1476.96  0.000e+00
       1437     11.500     6.6614     6.6607    -0.0007    3.45682    3.45714          1     6.1593     6.2952       9.95     0.0276  4.924e-11  1.000e-12  2.031e+00    34.5448    34.5490     0.0042    27.1064    27.1098     11.394     11.404      0.364    1476.96    1476.96  0.000e+00
       1456     12.000     6.6616     6.6606    -0.0009    3.45684    3.45716          1     6.1560     6.2515       9.95     0.0271  4.924e-11  1.000e-12  2.031e+00    34.5445    34.5490     0.0045    27.1062    27.1098     11.889     11.900      0.489    1476.97    1476.97  0.000e+00
       1482     12.500     6.6614     6.6607    -0.0007    3.45687    3.45719          1     6.1762     6.2417       9.95     0.0275  4.924e-11  1.000e-12  2.031e+00    34.5447    34.5490     0.0043    27.1063    27.1098     12.384     12.396      0.408    1476.98    1476.98  0.000e+00
       1524     13.000     6.6613     6.6608    -0.0005    3.45689    3.45721          1     6.1742     6.2821       9.95     0.0322  4.924e-11  1.000e-12  2.031e+00    34.5449    34.5490     0.0041    27.1065    27.1098     12.880     12.892      0.247    1476.98    1476.99  0.000e+00
       1563     13.500     6.6614     6.6608    -0.0007    3.45690    3.45724          1     6.2018     6.2729       9.95     0.0293  4.924e-11  1.000e-12  2.031e+00    34.5446    34.5490     0.0044    27.1063    27.1098     13.375     13.387      0.475    1476.99    1477.00  0.000e+00
       1584     14.000     6.6616     6.6609    -0.0007    3.45695    3.45727          1     6.1660     6.2783       9.95     0.0291  4.924e-11  1.000e-12  2.031e+00    34.5446    34.5489     0.0043    27.1062    27.1097     13.870     13.883      0.563    1477.00    1477.00  0.000e+00
       1611     14.500     6.6617     6.6613    -0.0005    3.45699    3.45732          1     6.1612     6.2791       9.95     0.0289  4.924e-11  1.000e-12  2.031e+00    34.5448    34.5489     0.0041    27.1063    27.1096     14.366     14.379      0.397    1477.01    1477.02  0.000e+00
       1763     15.000     6.6619     6.6616    -0.0002    3.45703    3.45738          1     6.1945     6.2803       9.95     0.0308  4.924e-11  1.000e-12  2.031e+00    34.5448    34.5490     0.0042    27.1063    27.1097     14.861     14.875      0.382    1477.02    1477.02  0.000e+00
       1791     15.500     6.6623     6.6617    -0.0006    3.45709    3.45741          1     6.1879     6.2682       9.95     0.0331  4.924e-11  1.000e-12  2.031e+00    34.5448    34.5490     0.0041    27.1063    27.1096     15.357     15.371      0.393    1477.03    1477.03  0.000e+00
       1821     16.000     6.6625     6.6618    -0.0007    3.45714    3.45743          1     6.1958     6.3139       9.95     0.0332  4.924e-11  1.000e-12  2.031e+00    34.5448    34.5489     0.0040    27.1063    27.1096     15.852     15.867      0.416    1477.04    1477.04  0.000e+00
       1850     16.500     6.6620     6.6612    -0.0008    3.45709    3.45741          1     6.2028     6.2948       9.95     0.0332  4.924e-11  1.000e-12  2.031e+00    34.5447    34.5490     0.0043    27.1063    27.1098     16.347     16.362      0.404    1477.04    1477.05  0.000e+00
       1882     17.000     6.6616     6.6611    -0.0004    3.45710    3.45743          1     6.2135     6.3189       9.95     0.0311  4.924e-11  1.000e-12  2.031e+00    34.5449    34.5490     0.0041    27.1065    27.1097     16.843     16.858      0.334    1477.05    1477.06  0.000e+00
       1923     17.500     6.6618     6.6616    -0.0002    3.45713    3.45748          1     6.1974     6.2844       9.95     0.0299  4.924e-11  1.000e-12  2.031e+00    34.5448    34.5489     0.0041    27.1063    27.1096     17.338     17.354      0.265    1477.06    1477.06  0.000e+00
       2041     18.000     6.6621     6.6616    -0.0005    3.45719    3.45753          1     6.2055     6.2220       9.95     0.0305  4.924e-11  1.000e-12  2.031e+00    34.5449    34.5491     0.0043    27.1064    27.1098     17.833     17.850      0.303    1477.07    1477.07  0.000e+00
       2101     18.500     6.6627     6.6618    -0.0009    3.45726    3.45756          1     6.1887     6.2921       9.95     0.0308  4.924e-11  1.000e-12  2.031e+00    34.5448    34.5490     0.0042    27.1062    27.1097     18.329     18.346      0.470    1477.08    1477.08  0.000e+00
       2125     19.000     6.6634     6.6624    -0.0011    3.45735    3.45763          1     6.1869     6.2790       9.95     0.0327  4.924e-11  1.000e-12  2.031e+00    34.5448    34.5489     0.0041    27.1061    27.1095     18.824     18.841      0.490    1477.09    1477.09  0.000e+00
       2150     19.500     6.6631     6.6626    -0.0004    3.45734    3.45768          1     6.1762     6.2796       9.95     0.0347  4.924e-11  1.000e-12  2.031e+00    34.5448    34.5490     0.0043    27.1062    27.1096     19.319     19.337      0.487    1477.10    1477.10  0.000e+00
       2175     20.000     6.6633     6.6628    -0.0005    3.45739    3.45772          1     6.1952     6.2864       9.95     0.0300  4.924e-11  1.000e-12  2.031e+00    34.5448    34.5490     0.0042    27.1061    27.1096     19.815     19.833      0.482    1477.11    1477.11  0.000e+00
       2201     20.500     6.6629     6.6626    -0.0002    3.45737    3.45772          1     6.2081     6.2929       9.95     0.0313  4.924e-11  1.000e-12  2.031e+00    34.5449    34.5489     0.0041    27.1063    27.1095     20.310     20.329      0.376    1477.11    1477.12  0.000e+00
       2294     21.000     6.6631     6.6624    -0.0007    3.45743    3.45773          1     6.2055     6.2880       9.95     0.0316  4.924e-11  1.000e-12  2.031e+00    34.5450    34.5490     0.0040    27.1063    27.1096     20.805     20.825      0.192    1477.12    1477.12  0.000e+00
       2409     21.500     6.6628     6.6620    -0.0009    3.45740    3.45768          1     6.1847     6.2839       9.95     0.0335  4.924e-11  1.000e-12  2.031e+00    34.5447    34.5486     0.0039    27.1062    27.1093     21.301     21.321      0.405    1477.13    1477.13  0.000e+00
       2425     22.000     6.6622     6.6614    -0.0009    3.45737    3.45770          1     6.1569     6.2790       9.95     0.0340  4.924e-11  1.000e-12  2.031e+00    34.5448    34.5493     0.0045    27.1063    27.1099     21.796     21.816      0.602    1477.14    1477.14  0.000e+00
       2444     22.500     6.6621     6.6615    -0.0007    3.45740    3.45772          1     6.1588     6.2790       9.95     0.0360  4.924e-11  1.000e-12  2.031e+00    34.5449    34.5492     0.0043    27.1064    27.1098     22.291     22.312      0.597    1477.14    1477.15  0.000e+00
       2467     23.000     6.6620     6.6614    -0.0006    3.45742    3.45774          1     6.1783     6.2745       9.95     0.0345  4.924e-11  1.000e-12  2.031e+00    34.5450    34.5492     0.0042    27.1065    27.1098     22.787     22.808      0.435    1477.15    1477.16  0.000e+00
       2514     23.500     6.6619     6.6614    -0.0006    3.45743    3.45776          1     6.1819     6.2819       9.95     0.0365  4.924e-11  1.000e-12  2.031e+00    34.5449    34.5491     0.0042    27.1064    27.1098     23.282     23.304      0.231    1477.16    1477.16  0.000e+00
       2564     24.000     6.6619     6.6615    -0.0004    3.45746    3.45779          1     6.1945     6.2836       9.95     0.0385  4.924e-11  1.000e-12  2.031e+00    34.5450    34.5491     0.0040    27.1065    27.1097     23.777     23.800      0.312    1477.17    1477.17  0.000e+00
       2660     24.500     6.6623     6.6616    -0.0007    3.45750    3.45783          1     6.1433     6.2787       9.95     0.0343  4.924e-11  1.000e-12  2.031e+00    34.5448    34.5491     0.0043    27.1063    27.1098     24.273     24.296      0.449    1477.18    1477.18  0.000e+00
       2724     25.000     6.6627     6.6618    -0.0009    3.45756    3.45785          1     6.1273     6.2805       9.95     0.0347  4.924e-11  1.000e-12  2.031e+00    34.5448    34.5490     0.0042    27.1062    27.1097     24.768     24.791      0.777    1477.19    1477.19  0.000e+00
       2737     25.500     6.6629     6.6620    -0.0010    3.45760    3.45790          1     6.1635     6.2800       9.95     0.0346  4.924e-11  1.000e-12  2.031e+00    34.5448    34.5491     0.0043    27.1062    27.1097     25.263     25.287      0.768    1477.20    1477.20  0.000e+00
       2754     26.000     6.6627     6.6620    -0.0007    3.45761    3.45793          1     6.1901     6.2773       9.95     0.0338  4.924e-11  1.000e-12  2.031e+00    34.5449    34.5492     0.0042    27.1063    27.1098     25.759     25.783      0.592    1477.20    1477.21  0.000e+00
       2826     26.500     6.6623     6.6616    -0.0008    3.45760    3.45791          1     6.1876     6.2800       9.95     0.0347  4.924e-11  1.000e-12  2.031e+00    34.5449    34.5492     0.0043    27.1064    27.1098     26.254     26.279      0.305    1477.21    1477.21  0.000e+00
       2876     27.000     6.6621     6.6616    -0.0005    3.45762    3.45794          1     6.1432     6.2872       9.95     0.0393  4.924e-11  1.000e-12  2.031e+00    34.5451    34.5491     0.0041    27.1065    27.1098     26.749     26.775      0.487    1477.22    1477.22  0.000e+00
       2916     27.500     6.6622     6.6615    -0.0007    3.45764    3.45796          1     6.1896     6.2931       9.95     0.0353  4.924e-11  1.000e-12  2.031e+00    34.5450    34.5491     0.0042    27.1064    27.1098     27.245     27.271      0.360    1477.23    1477.23  0.000e+00
       3029     28.000     6.6620     6.6614    -0.0007    3.45766    3.45796          1     6.2333     6.2734       9.95     0.0351  4.924e-11  1.000e-12  2.031e+00    34.5450    34.5491     0.0041    27.1065    27.1098     27.740     27.766      0.526    1477.23    1477.24  0.000e+00
