ctdpy/exports/archive_20191121_122431/received_data/SBE09_0745_20181210_0825_34_01_0176.cnv
* Sea-Bird SBE 9 Data File:
* FileName = C:\ctd\temp\ar18d176.hex
* Software Version Seasave V 7.26.7.107
* Temperature SN = 4387
* Conductivity SN = 2994
* Number of Bytes Per Scan = 41
* Number of Voltage Words = 4
* Number of Scans Averaged by the Deck Unit = 1
* NMEA Latitude = 58 01.01 N
* NMEA Longitude = 017 59.07 E
* NMEA UTC (Time) = Dec 10 2018  08:25:21
* NMEA baud rate = 4800
** Station:  BY32
** Operator:  JKro
** Ship: ARANDA
** Average sound velocity: 1443.22 m/s
** True-depth calculation Mon, 10 Dec 2018 09:28:26 +0000
** CTD Python Module SMHI /ver 3-12/ feb 2012 
** LIMS Job: 20183401-0176
** Cruise: SMHI-7-2018
** Latitude [GG MM.mm N]:
** Longitude [GG MM.mm E]:
# nquan = 26
# nvalues = 394                         
# units = specified
# name 0 = scan: Scan Count
# name 1 = prDM: Pressure, Digiquartz [db]
# name 2 = t090C: Temperature [ITS-90, deg C]
# name 3 = t190C: Temperature, 2 [ITS-90, deg C]
# name 4 = T2-T190C: Temperature Difference, 2 - 1 [ITS-90, deg C]
# name 5 = c0S/m: Conductivity [S/m]
# name 6 = c1S/m: Conductivity, 2 [S/m]
# name 7 = pumps: Pump Status
# name 8 = sbeox0ML/L: Oxygen, SBE 43 [ml/l]
# name 9 = sbeox1ML/L: Oxygen, SBE 43, 2 [ml/l]
# name 10 = altM: Altimeter [m]
# name 11 = flECO-AFL: Chl-a Fluorescence, WET Labs ECO-AFL/FL [mg/m^3]
# name 12 = flECO-AFL1: Phycocyanin Fluorescence, WET Labs ECO-AFL/FL, 2 [mg/m^3]
# name 13 = par: PAR/Irradiance, Biospherical/Lico [µE/(cm^2*s)]
# name 14 = turbWETntu0: Turbidity, WET Labs ECO [NTU]
# name 15 = sal00: Salinity, Practical [PSU]
# name 16 = sal11: Salinity, Practical, 2 [PSU]
# name 17 = secS-priS: Salinity, Practical, Difference, 2 - 1 [PSU]
# name 18 = sigma-t00: Density [sigma-t, Kg/m^3 ]
# name 19 = sigma-t11: Density, 2 [sigma-t, Kg/m^3 ]
# name 20 = depSM: Depth [salt water, m], lat = 58.0168
# name 21 = depFM: Depth [true depth, m], lat = 58.0168
# name 22 = dz/dtM: Descent Rate [m/s], WS = 2
# name 23 = svCM: Sound Velocity [Chen-Millero, m/s]
# name 24 = svCM1: Sound Velocity, 2 [Chen-Millero, m/s]
# name 25 = flag: flag
# span 0 =      23600,      35264       
# span 1 =      1.500,    198.000       
# span 2 =     4.6694,     6.0243       
# span 3 =     4.6684,     6.0247       
# span 4 =    -0.0033,     0.0071       
# span 5 =   0.787296,   1.189475       
# span 6 =   0.787373,   1.189548       
# span 7 =          1,          1       
# span 8 =    0.02089,    7.99201       
# span 9 =    0.04537,    7.99762       
# span 10 =       3.26,      99.30      
# span 11 =     0.2325,     0.5535      
# span 12 =     0.1507,     0.3240      
# span 13 = -4.335e-05, 9.6452e+01      
# span 14 =     0.1635,     2.7822      
# span 15 =     7.0414,    10.9493      
# span 16 =     7.0420,    10.9499      
# span 17 =    -0.0038,     0.0037      
# span 18 =     5.5221,     8.6020      
# span 19 =     5.5226,     8.6025      
# span 20 =      1.486,    196.071      
# span 21 =      1.519,    200.173      
# span 22 =     -0.057,      0.715      
# span 23 =    1436.56,    1447.58      
# span 24 =    1436.56,    1447.58      
# span 25 = 0.0000e+00, 0.0000e+00      
# interval = decibars: 0.5              
# start_time = Dec 10 2018 08:25:21 [NMEA time, first data scan]
# bad_flag = -9.990e-29
*END*
[from data line 223]
      29270    113.000     5.8744     5.8749     0.0005    1.16654    1.16663          1     0.0476     0.0753      98.70     0.3576     0.2421  1.000e-12  0.3231000    10.7693    10.7701     0.0008     8.4668     8.4674    111.922    114.331      0.431    1445.55    1445.55  0.000e+00
      29297    113.500     5.8751     5.8754     0.0003    1.16669    1.16677          1     0.0480     0.0732      96.84     0.3462     0.2312  1.000e-12  0.3228000    10.7705    10.7712     0.0007     8.4677     8.4683    112.417    114.836      0.493    1445.56    1445.57  0.000e+00
      29319    114.000     5.8753     5.8756     0.0003    1.16673    1.16681          1     0.0485     0.0748      90.13     0.3558     0.2550  1.000e-12  0.3180000    10.7708    10.7715     0.0007     8.4679     8.4685    112.912    115.341      0.560    1445.57    1445.57  0.000e+00
      29340    114.500     5.8754     5.8756     0.0002    1.16678    1.16688          1     0.0463     0.0756      35.74     0.3644     0.2797  1.000e-12  0.3166000    10.7712    10.7720     0.0008     8.4683     8.4689    113.407    115.846      0.575    1445.58    1445.58  0.000e+00
      29361    115.000     5.8768     5.8772     0.0004    1.16711    1.16723          1     0.0470     0.0750      98.09     0.3597     0.2779  1.000e-12  0.3293000    10.7739    10.7749     0.0010     8.4703     8.4711    113.902    116.351      0.546    1445.60    1445.60  0.000e+00
      29384    115.500     5.8791     5.8795     0.0004    1.16754    1.16764          1     0.0474     0.0754      98.67     0.3484     0.2261  1.000e-12  0.3372000    10.7774    10.7782     0.0009     8.4729     8.4736    114.397    116.856      0.516    1445.62    1445.62  0.000e+00
      29408    116.000     5.8802     5.8806     0.0004    1.16775    1.16783          1     0.0457     0.0740      98.67     0.3551     0.2340  1.000e-12  0.3142000    10.7790    10.7797     0.0007     8.4741     8.4747    114.893    117.361      0.482    1445.64    1445.64  0.000e+00
      29434    116.500     5.8820     5.8824     0.0004    1.16807    1.16816          1     0.0472     0.0746      88.25     0.3450     0.2369  1.000e-12  0.3174000    10.7815    10.7823     0.0008     8.4760     8.4766    115.388    117.866      0.439    1445.65    1445.66  0.000e+00
      29462    117.000     5.8843     5.8848     0.0005    1.16852    1.16862          1     0.0474     0.0735      57.43     0.3458     0.2123  1.000e-12  0.3065000    10.7852    10.7861     0.0009     8.4787     8.4794    115.883    118.371      0.440    1445.68    1445.68  0.000e+00
      29488    117.500     5.8867     5.8872     0.0004    1.16898    1.16907          1     0.0455     0.0703      87.14     0.3413     0.2761  1.000e-12  0.3041000    10.7889    10.7897     0.0008     8.4815     8.4821    116.378    118.876      0.491    1445.70    1445.70  0.000e+00
      29512    118.000     5.8881     5.8885     0.0005    1.16924    1.16936          1     0.0466     0.0709      93.60     0.3373     0.2553  1.000e-12  0.2909000    10.7910    10.7921     0.0010     8.4831     8.4839    116.873    119.381      0.515    1445.72    1445.72  0.000e+00
      29535    118.500     5.8890     5.8894     0.0004    1.16945    1.16955          1     0.0471     0.0753      67.83     0.3511     0.2334  1.000e-12  0.2876000    10.7927    10.7935     0.0008     8.4844     8.4850    117.368    119.886      0.509    1445.73    1445.73  0.000e+00
      29558    119.000     5.8900     5.8904     0.0004    1.16968    1.16977          1     0.0470     0.0727      82.78     0.3679     0.2243  1.000e-12  0.2931000    10.7946    10.7953     0.0007     8.4858     8.4863    117.863    120.391      0.548    1445.74    1445.75  0.000e+00
      29579    119.500     5.8916     5.8918     0.0002    1.16996    1.17006          1     0.0444     0.0675      84.64     0.3465     0.2143  1.000e-12  0.2986000    10.7968    10.7977     0.0009     8.4874     8.4881    118.358    120.896      0.603    1445.76    1445.76  0.000e+00
      29598    120.000     5.8934     5.8935     0.0001    1.17034    1.17037          1     0.0460     0.0688      84.46     0.3458     0.1975  1.000e-12  0.2935000    10.7999    10.8002     0.0003     8.4898     8.4900    118.853    121.401      0.579    1445.78    1445.78  0.000e+00
      29623    120.500     5.8941     5.8944     0.0004    1.17051    1.17059          1     0.0470     0.0699      90.50     0.3532     0.2450  1.000e-12  0.2845000    10.8013    10.8020     0.0007     8.4908     8.4914    119.348    121.906      0.409    1445.79    1445.80  0.000e+00
      29661    121.000     5.8951     5.8956     0.0005    1.17072    1.17082          1     0.0449     0.0713      99.22     0.3611     0.2236  1.000e-12  0.2857000    10.8030    10.8038     0.0008     8.4921     8.4927    119.843    122.411      0.341    1445.81    1445.81  0.000e+00
      29687    121.500     5.8965     5.8968     0.0003    1.17094    1.17104          1     0.0438     0.0709      98.63     0.3677     0.2225  1.000e-12  0.2858000    10.8046    10.8055     0.0009     8.4933     8.4940    120.338    122.916      0.607    1445.83    1445.83  0.000e+00
      29704    122.000     5.8974     5.8977     0.0003    1.17115    1.17124          1     0.0439     0.0697      82.38     0.3452     0.2362  1.000e-12  0.2815000    10.8063    10.8071     0.0008     8.4946     8.4952    120.834    123.421      0.715    1445.84    1445.84  0.000e+00
      29721    122.500     5.8981     5.8984     0.0003    1.17132    1.17142          1     0.0432     0.0704      81.70     0.3641     0.2238  1.000e-12  0.2833000    10.8077    10.8086     0.0009     8.4956     8.4963    121.329    123.926      0.665    1445.85    1445.85  0.000e+00
      29742    123.000     5.8996     5.9000     0.0005    1.17166    1.17176          1     0.0434     0.0706      85.76     0.3811     0.2322  1.000e-12  0.2883000    10.8105    10.8114     0.0009     8.4978     8.4984    121.824    124.431      0.463    1445.87    1445.87  0.000e+00
      29776    123.500     5.9008     5.9011     0.0003    1.17193    1.17201          1     0.0438     0.0699      83.66     0.3665     0.2140  1.000e-12  0.2924000    10.8128    10.8135     0.0007     8.4995     8.5000    122.319    124.936      0.362    1445.89    1445.89  0.000e+00
      29804    124.000     5.9018     5.9021     0.0004    1.17211    1.17219          1     0.0427     0.0704      93.72     0.3578     0.2782  1.000e-12  0.2873000    10.8141    10.8149     0.0007     8.5005     8.5010    122.814    125.441      0.521    1445.90    1445.90  0.000e+00
      29825    124.500     5.9021     5.9025     0.0004    1.17218    1.17226          1     0.0445     0.0689      98.58     0.3723     0.2317  1.000e-12  0.2861000    10.8146    10.8153     0.0007     8.5008     8.5014    123.309    125.946      0.560    1445.91    1445.91  0.000e+00
      29847    125.000     5.9025     5.9029     0.0004    1.17228    1.17237          1     0.0438     0.0704      83.35     0.3757     0.2321  1.000e-12  0.2833000    10.8154    10.8162     0.0008     8.5014     8.5020    123.804    126.451      0.491    1445.92    1445.92  0.000e+00
      29874    125.500     5.9036     5.9040     0.0004    1.17253    1.17262          1     0.0421     0.0705      76.88     0.3566     0.2171  1.000e-12  0.2774000    10.8174    10.8182     0.0008     8.5030     8.5036    124.299    126.955      0.433    1445.94    1445.94  0.000e+00
      29901    126.000     5.9042     5.9046     0.0004    1.17262    1.17271          1     0.0417     0.0688      69.31     0.3528     0.2368  1.000e-12  0.2777000    10.8181    10.8189     0.0008     8.5035     8.5041    124.794    127.460      0.501    1445.95    1445.95  0.000e+00
      29923    126.500     5.9054     5.9057     0.0003    1.17288    1.17297          1     0.0444     0.0667      77.89     0.3580     0.2312  1.000e-12  0.2825000    10.8202    10.8210     0.0008     8.5050     8.5056    125.289    127.965      0.593    1445.96    1445.97  0.000e+00
      29942    127.000     5.9057     5.9060     0.0003    1.17298    1.17307          1     0.0421     0.0676      98.32     0.3586     0.2127  1.000e-12  0.2857000    10.8210    10.8219     0.0008     8.5057     8.5063    125.784    128.470      0.619    1445.97    1445.98  0.000e+00
      29962    127.500     5.9058     5.9060     0.0002    1.17301    1.17310          1     0.0416     0.0668      86.17     0.3700     0.2359  1.000e-12  0.2807000    10.8213    10.8221     0.0008     8.5058     8.5064    126.279    128.975      0.563    1445.98    1445.98  0.000e+00
      29986    128.000     5.9059     5.9062     0.0003    1.17309    1.17318          1     0.0405     0.0679      80.60     0.3804     0.2284  1.000e-12  0.2746000    10.8219    10.8226     0.0007     8.5063     8.5069    126.774    129.480      0.433    1445.99    1445.99  0.000e+00
      30019    128.500     5.9065     5.9069     0.0004    1.17325    1.17333          1     0.0438     0.0670      72.40     0.3784     0.2694  1.000e-12  0.2807000    10.8232    10.8239     0.0007     8.5073     8.5078    127.269    129.985      0.345    1446.00    1446.01  0.000e+00
      30051    129.000     5.9067     5.9071     0.0004    1.17329    1.17338          1     0.0416     0.0669      99.30     0.3595     0.2392  1.000e-12  0.2732000    10.8234    10.8241     0.0007     8.5075     8.5080    127.764    130.490      0.486    1446.01    1446.01  0.000e+00
      30072    129.500     5.9077     5.9080     0.0003    1.17345    1.17354          1     0.0427     0.0675      85.35     0.3490     0.2915  1.000e-12  0.2836000    10.8246    10.8255     0.0009     8.5083     8.5090    128.260    130.995      0.624    1446.03    1446.03  0.000e+00
      30090    130.000     5.9087     5.9090     0.0003    1.17368    1.17376          1     0.0390     0.0655      73.79     0.3574     0.2230  1.000e-12  0.2923000    10.8265    10.8272     0.0007     8.5098     8.5103    128.755    131.500      0.660    1446.04    1446.04  0.000e+00
      30108    130.500     5.9096     5.9100     0.0004    1.17389    1.17399          1     0.0414     0.0659      73.57     0.3767     0.2407  1.000e-12  0.2783000    10.8282    10.8291     0.0008     8.5111     8.5117    129.250    132.005      0.590    1446.06    1446.06  0.000e+00
      30132    131.000     5.9099     5.9103     0.0004    1.17399    1.17408          1     0.0412     0.0651      54.48     0.3743     0.2505  1.000e-12  0.2661000    10.8291    10.8298     0.0007     8.5117     8.5123    129.745    132.510      0.469    1446.07    1446.07  0.000e+00
      30159    131.500     5.9102     5.9106     0.0004    1.17404    1.17413          1     0.0403     0.0663      72.47     0.3787     0.2276  1.000e-12  0.2576000    10.8294    10.8301     0.0008     8.5119     8.5125    130.240    133.015      0.479    1446.07    1446.08  0.000e+00
      30182    132.000     5.9109     5.9112     0.0003    1.17415    1.17424          1     0.0380     0.0654      71.90     0.3597     0.2328  1.000e-12  0.2783000    10.8301    10.8309     0.0008     8.5125     8.5131    130.735    133.520      0.566    1446.09    1446.09  0.000e+00
      30202    132.500     5.9118     5.9122     0.0005    1.17432    1.17443          1     0.0369     0.0655      71.50     0.3545     0.2557  1.000e-12  0.2788000    10.8315    10.8324     0.0010     8.5135     8.5142    131.230    134.025      0.558    1446.10    1446.10  0.000e+00
      30226    133.000     5.9120     5.9123     0.0004    1.17439    1.17447          1     0.0381     0.0659      83.25     0.3599     0.1850  1.000e-12  0.2586000    10.8320    10.8327     0.0007     8.5139     8.5144    131.725    134.530      0.440    1446.11    1446.11  0.000e+00
      30258    133.500     5.9120     5.9124     0.0004    1.17440    1.17449          1     0.0385     0.0663      87.54     0.3522     0.2115  1.000e-12  0.2617000    10.8320    10.8328     0.0007     8.5139     8.5145    132.220    135.035      0.382    1446.12    1446.12  0.000e+00
      30286    134.000     5.9120     5.9123     0.0003    1.17441    1.17449          1     0.0393     0.0647      97.65     0.3581     0.2598  1.000e-12  0.2580000    10.8320    10.8327     0.0007     8.5139     8.5144    132.715    135.540      0.504    1446.13    1446.13  0.000e+00
      30307    134.500     5.9121     5.9125     0.0003    1.17442    1.17450          1     0.0364     0.0664      68.76     0.3632     0.2895  1.000e-12  0.2554000    10.8320    10.8327     0.0007     8.5139     8.5144    133.210    136.045      0.611    1446.13    1446.14  0.000e+00
      30326    135.000     5.9121     5.9124     0.0003    1.17442    1.17450          1     0.0389     0.0660      68.70     0.3689     0.2357  1.000e-12  0.2573000    10.8319    10.8326     0.0007     8.5138     8.5144    133.705    136.550      0.646    1446.14    1446.14  0.000e+00
      30344    135.500     5.9121     5.9124     0.0003    1.17442    1.17451          1     0.0420     0.0648      68.23     0.3578     0.2286  1.000e-12  0.2680000    10.8318    10.8326     0.0009     8.5137     8.5144    134.200    137.055      0.635    1446.15    1446.15  0.000e+00
      30364    136.000     5.9120     5.9123     0.0003    1.17442    1.17450          1     0.0357     0.0645      67.86     0.3672     0.2246  1.000e-12  0.2682000    10.8317    10.8325     0.0007     8.5137     8.5143    134.695    137.560      0.584    1446.16    1446.16  0.000e+00
      30386    136.500     5.9117     5.9123     0.0005    1.17440    1.17451          1     0.0381     0.0637      67.47     0.3627     0.2362  1.000e-12  0.2645000    10.8316    10.8324     0.0008     8.5136     8.5142    135.190    138.065      0.488    1446.16    1446.17  0.000e+00
      30415    137.000     5.9116     5.9121     0.0005    1.17440    1.17449          1     0.0375     0.0670      66.72     0.3580     0.2629  1.000e-12  0.2617000    10.8315    10.8323     0.0008     8.5135     8.5141    135.685    138.570      0.388    1446.17    1446.17  0.000e+00
      30445    137.500     5.9118     5.9121     0.0003    1.17444    1.17452          1     0.0358     0.0637      66.06     0.3682     0.2431  1.000e-12  0.2619000    10.8317    10.8325     0.0008     8.5137     8.5143    136.180    139.075      0.467    1446.18    1446.18  0.000e+00
      30467    138.000     5.9121     5.9125     0.0003    1.17448    1.17457          1     0.0378     0.0635      65.78     0.3912     0.2400  1.000e-12  0.2565000    10.8320    10.8328     0.0008     8.5139     8.5145    136.675    139.580      0.605    1446.19    1446.19  0.000e+00
      30486    138.500     5.9125     5.9128     0.0003    1.17457    1.17467          1     0.0368     0.0631      65.22     0.3799     0.2130  1.000e-12  0.2527000    10.8327    10.8335     0.0008     8.5144     8.5150    137.170    140.085      0.634    1446.20    1446.20  0.000e+00
      30505    139.000     5.9134     5.9137     0.0003    1.17481    1.17489          1     0.0367     0.0639      64.66     0.3733     0.2704  1.000e-12  0.2513000    10.8346    10.8353     0.0008     8.5159     8.5164    137.665    140.590      0.547    1446.21    1446.22  0.000e+00
      30532    139.500     5.9135     5.9139     0.0004    1.17485    1.17493          1     0.0377     0.0613      64.04     0.3729     0.2133  1.000e-12  0.2674000    10.8349    10.8356     0.0007     8.5161     8.5166    138.160    141.095      0.403    1446.22    1446.22  0.000e+00
      30563    140.000     5.9144     5.9146     0.0003    1.17501    1.17509          1     0.0368     0.0635      63.45     0.3701     0.2480  1.000e-12  0.2705000    10.8361    10.8368     0.0007     8.5170     8.5175    138.655    141.600      0.448    1446.24    1446.24  0.000e+00
