ctdpy/exports/archive_20191121_122431/received_data/SBE09_0827_20180122_1715_26_01_0165.cnv
* Sea-Bird SBE 9 Data File:
* FileName = D:\CTD_SBE911\DAT\26DA.2018.1.65.hex
* Software Version Seasave V 7.21d
* Temperature SN = 034757
* Conductivity SN = 041844
* Number of Bytes Per Scan = 48
* Number of Voltage Words = 5
* Number of Scans Averaged by the Deck Unit = 1
* NMEA Latitude = 58 29.76 N
* NMEA Longitude = 011 06.26 E
* NMEA UTC (Time) = Jan 22 2018  17:15:09
* NMEA baud rate = 4800
** Ship: DANA
** Average sound velocity: 1465.15 m/s
** True-depth calculation Thu, 28 Mar 2019 08:26:52 +0000
** CTD Python Module SMHI /ver 3-12/ feb 2012 
** LIMS Job: 20182601-0165
**  NW Skagga
** Operator:  A-KTh
** Cruise: 01/2018
# nquan = 26
# nvalues = 110                         
# units = specified
# name 0 = scan: Scan Count
# name 1 = prDM: Pressure, Digiquartz [db]
# name 2 = t090C: Temperature [ITS-90, deg C]
# name 3 = t190C: Temperature, 2 [ITS-90, deg C]
# name 4 = T2-T190C: Temperature Difference, 2 - 1 [ITS-90, deg C]
# name 5 = c0S/m: Conductivity [S/m]
# name 6 = c1S/m: Conductivity, 2 [S/m]
# name 7 = pumps: Pump Status
# name 8 = sbeox1ML/L: Oxygen, SBE 43, 2 [ml/l]
# name 9 = sbeox0ML/L: Oxygen, SBE 43 [ml/l]
# name 10 = altM: Altimeter [m]
# name 11 = chloroflTC0: Chlorophyll, Turner Cyclops [ug/l]
# name 12 = cpar: CPAR/Corrected Irradiance [%]
# name 13 = par: PAR/Irradiance, Biospherical/Lico [µE/(cm^2*s)]
# name 14 = spar: SPAR, Biospherical/Licor
# name 15 = sal00: Salinity, Practical [PSU]
# name 16 = sal11: Salinity, Practical, 2 [PSU]
# name 17 = secS-priS: Salinity, Practical, Difference, 2 - 1 [PSU]
# name 18 = sigma-t00: Density [sigma-t, kg/m^3 ]
# name 19 = sigma-t11: Density, 2 [sigma-t, kg/m^3 ]
# name 20 = depSM: Depth [salt water, m], lat = 58.496
# name 21 = depFM: Depth [true depth, m], lat = 58.496
# name 22 = dz/dtM: Descent Rate [m/s], WS = 2
# name 23 = svCM: Sound Velocity [Chen-Millero, m/s]
# name 24 = svCM1: Sound Velocity, 2 [Chen-Millero, m/s]
# name 25 = flag: flag
# span 0 =        263,       5427       
# span 1 =      2.000,     56.500       
# span 2 =     3.1241,     6.8562       
# span 3 =     3.0816,     6.8678       
# span 4 =    -0.0781,     0.3929       
# span 5 =   2.090172,   3.409203       
# span 6 =   2.090131,   3.410416       
# span 7 =          1,          1       
# span 8 =     5.8933,     7.3164       
# span 9 =     6.0834,     7.4856       
# span 10 =       1.59,       9.96      
# span 11 =     0.0208,     0.0865      
# span 12 = 4.9241e-11, 4.9241e-11      
# span 13 = 1.0000e-12, 1.0000e-12      
# span 14 = 2.0308e+00, 2.0308e+00      
# span 15 =    22.0600,    33.8016      
# span 16 =    22.0579,    33.8035      
# span 17 =    -0.1912,     0.5555      
# span 18 =    17.5624,    26.4942      
# span 19 =    17.5606,    26.4942      
# span 20 =      1.981,     55.966      
# span 21 =      2.002,     56.249      
# span 22 =     -0.066,      0.472      
# span 23 =    1446.41,    1477.53      
# span 24 =    1446.42,    1477.57      
# span 25 = 0.0000e+00, 0.0000e+00      
# interval = decibars: 0.5              
# start_time = Jan 22 2018 17:15:10 [NMEA time, first data scan]
# bad_flag = -9.990e-29
*END*
[from data line 56]
       2906     30.000     5.7938     5.8061     0.0123    3.17100    3.17375          1     6.2548     6.4393       9.96     0.0366  4.924e-11  1.000e-12  2.031e+00    32.1946    32.2137     0.0192    25.3611    25.3748     29.719     29.943      0.434    1470.87    1470.94  0.000e+00
       2937     30.500     5.8045     5.8099     0.0054    3.17684    3.17916          1     6.2679     6.4370       9.96     0.0364  4.924e-11  1.000e-12  2.031e+00    32.2497    32.2706     0.0209    25.4033    25.4192     30.214     30.440      0.290    1470.99    1471.04  0.000e+00
       3011     31.000     5.8154     5.8199     0.0045    3.18271    3.18329          1     6.2508     6.4381       9.96     0.0362  4.924e-11  1.000e-12  2.031e+00    32.3050    32.3073     0.0022    25.4458    25.4470     30.709     30.936      0.291    1471.11    1471.13  0.000e+00
       3043     31.500     5.8220     5.8238     0.0018    3.18529    3.18567          1     6.2590     6.4380       9.96     0.0362  4.924e-11  1.000e-12  2.031e+00    32.3275    32.3300     0.0025    25.4628    25.4645     31.204     31.433      0.379    1471.17    1471.18  0.000e+00
       3084     32.000     5.8259     5.8322     0.0063    3.18695    3.18761          1     6.2679     6.4344       9.96     0.0364  4.924e-11  1.000e-12  2.031e+00    32.3421    32.3435     0.0014    25.4738    25.4742     31.700     31.930      0.232    1471.21    1471.24  0.000e+00
       3139     32.500     5.8467     5.8537     0.0070    3.19024    3.19025          1     6.2786     6.4317       9.96     0.0357  4.924e-11  1.000e-12  2.031e+00    32.3589    32.3524    -0.0065    25.4846    25.4786     32.195     32.426      0.308    1471.33    1471.35  0.000e+00
       3175     33.000     5.8578     5.8613     0.0035    3.19252    3.19284          1     6.2626     6.4256       9.96     0.0361  4.924e-11  1.000e-12  2.031e+00    32.3737    32.3739     0.0002    25.4950    25.4947     32.690     32.923      0.274    1471.40    1471.41  0.000e+00
       3233     33.500     5.8819     5.8968     0.0149    3.19622    3.19649          1     6.2346     6.4332       9.96     0.0362  4.924e-11  1.000e-12  2.031e+00    32.3918    32.3806    -0.0112    25.5064    25.4957     33.185     33.419      0.259    1471.53    1471.57  0.000e+00
       3270     34.000     5.9409     5.9486     0.0078    3.20300    3.20290          1     6.2462     6.3962       9.96     0.0357  4.924e-11  1.000e-12  2.031e+00    32.4112    32.4026    -0.0086    25.5146    25.5068     33.681     33.916      0.365    1471.80    1471.82  0.000e+00
       3308     34.500     5.9326     5.9306    -0.0019    3.20274    3.20255          1     6.2226     6.3943       9.96     0.0352  4.924e-11  1.000e-12  2.031e+00    32.4160    32.4157    -0.0003    25.5194    25.5194     34.176     34.413      0.245    1471.78    1471.77  0.000e+00
       3370     35.000     5.9400     5.9408     0.0007    3.20436    3.20434          1     6.2338     6.3925       9.96     0.0355  4.924e-11  1.000e-12  2.031e+00    32.4268    32.4258    -0.0010    25.5270    25.5261     34.671     34.909      0.244    1471.83    1471.83  0.000e+00
       3409     35.500     5.9270     5.9290     0.0020    3.20400    3.20405          1     6.2328     6.3925       9.96     0.0351  4.924e-11  1.000e-12  2.031e+00    32.4349    32.4336    -0.0013    25.5350    25.5337     35.167     35.406      0.315    1471.80    1471.80  0.000e+00
       3451     36.000     5.9464     5.9543     0.0079    3.20718    3.20765          1     6.2619     6.3911       9.96     0.0347  4.924e-11  1.000e-12  2.031e+00    32.4517    32.4494    -0.0023    25.5459    25.5431     35.662     35.902      0.256    1471.90    1471.93  0.000e+00
       3501     36.500     5.9649     5.9677     0.0027    3.21279    3.21274          1     6.2295     6.3896       9.96     0.0349  4.924e-11  1.000e-12  2.031e+00    32.4965    32.4934    -0.0031    25.5791    25.5762     36.157     36.399      0.259    1472.04    1472.05  0.000e+00
       3542     37.000     5.9629     5.9582    -0.0047    3.22117    3.22208          1     6.2187     6.3890       9.96     0.0346  4.924e-11  1.000e-12  2.031e+00    32.5922    32.6069     0.0147    25.6549    25.6670     36.652     36.895      0.297    1472.16    1472.16  0.000e+00
       3589     37.500     5.9565     5.9592     0.0028    3.22751    3.22902          1     6.2465     6.4004       9.96     0.0349  4.924e-11  1.000e-12  2.031e+00    32.6693    32.6835     0.0142    25.7166    25.7274     37.148     37.392      0.224    1472.24    1472.27  0.000e+00
       3639     38.000     5.9836     5.9938     0.0102    3.23447    3.23534          1     6.2063     6.3903       9.96     0.0354  4.924e-11  1.000e-12  2.031e+00    32.7209    32.7207    -0.0002    25.7540    25.7526     37.643     37.889      0.321    1472.42    1472.46  0.000e+00
       3671     38.500     5.9938     5.9950     0.0012    3.23659    3.23693          1     6.1956     6.3807       9.96     0.0346  4.924e-11  1.000e-12  2.031e+00    32.7344    32.7371     0.0027    25.7634    25.7654     38.138     38.385      0.362    1472.49    1472.50  0.000e+00
       3714     39.000     6.0311     6.0978     0.0666    3.24524    3.25219          1     6.2126     6.3737       9.96     0.0342  4.924e-11  1.000e-12  2.031e+00    32.7950    32.8082     0.0132    25.8066    25.8088     38.633     38.881      0.220    1472.72    1473.00  0.000e+00
       3779     39.500     6.1620     6.1765     0.0145    3.26961    3.27180          1     6.1888     6.3424       9.96     0.0339  4.924e-11  1.000e-12  2.031e+00    32.9405    32.9509     0.0104    25.9054    25.9117     39.129     39.378      0.320    1473.43    1473.51  0.000e+00
       3808     40.000     6.1769     6.2333     0.0563    3.27868    3.28465          1     6.1822     6.3539       9.96     0.0342  4.924e-11  1.000e-12  2.031e+00    33.0271    33.0388     0.0117    25.9719    25.9740     39.624     39.874      0.386    1473.61    1473.85  0.000e+00
       3852     40.500     6.2384     6.2332    -0.0052    3.29305    3.29637          1     6.1897     6.3370       9.96     0.0339  4.924e-11  1.000e-12  2.031e+00    33.1273    33.1694     0.0421    26.0432    26.0771     40.119     40.371      0.222    1473.99    1474.02  0.000e+00
       3911     41.000     6.2036     6.2003    -0.0033    3.29487    3.29526          1     6.1717     6.3432       9.96     0.0341  4.924e-11  1.000e-12  2.031e+00    33.1814    33.1890     0.0076    26.0903    26.0967     40.614     40.867      0.340    1473.93    1473.92  0.000e+00
       3940     41.500     6.2100     6.2229     0.0129    3.29887    3.30092          1     6.1589     6.3403       9.96     0.0333  4.924e-11  1.000e-12  2.031e+00    33.2195    33.2298     0.0103    26.1196    26.1261     41.110     41.363      0.372    1474.01    1474.07  0.000e+00
       3994     42.000     6.2295     6.2501     0.0205    3.30398    3.30604          1     6.1584     6.3318       9.96     0.0332  4.924e-11  1.000e-12  2.031e+00    33.2573    33.2600     0.0027    26.1469    26.1465     41.605     41.860      0.251    1474.14    1474.23  0.000e+00
       4044     42.500     6.2730     6.2877     0.0148    3.31164    3.31264          1     6.1557     6.3194       9.96     0.0338  4.924e-11  1.000e-12  2.031e+00    33.3000    33.2966    -0.0033    26.1751    26.1706     42.100     42.356      0.413    1474.38    1474.43  0.000e+00
       4071     43.000     6.2911     6.2911     0.0002    3.31476    3.31581          1     6.1644     6.3084       9.96     0.0330  4.924e-11  1.000e-12  2.031e+00    33.3168    33.3284     0.0117    26.1860    26.1952     42.595     42.852      0.369    1474.48    1474.49  0.000e+00
       4141     43.500     6.3120     6.3259     0.0139    3.32202    3.32365          1     6.1201     6.3103       9.96     0.0340  4.924e-11  1.000e-12  2.031e+00    33.3769    33.3815     0.0046    26.2308    26.2327     43.091     43.348      0.288    1474.64    1474.71  0.000e+00
       4180     44.000     6.3526     6.3824     0.0298    3.33082    3.33331          1     6.1084     6.3080       9.96     0.0339  4.924e-11  1.000e-12  2.031e+00    33.4349    33.4333    -0.0016    26.2715    26.2664     43.586     43.845      0.472    1474.89    1475.00  0.000e+00
       4205     44.500     6.3896     6.4538     0.0641    3.33693    3.34224          1     6.1272     6.2952       9.96     0.0330  4.924e-11  1.000e-12  2.031e+00    33.4663    33.4623    -0.0040    26.2915    26.2800     44.081     44.341      0.390    1475.08    1475.33  0.000e+00
       4274     45.000     6.4476     6.4942     0.0466    3.34530    3.34974          1     6.0774     6.2831       9.96     0.0334  4.924e-11  1.000e-12  2.031e+00    33.5022    33.5057     0.0035    26.3122    26.3090     44.576     44.837      0.272    1475.36    1475.55  0.000e+00
       4319     45.500     6.5096     6.5720     0.0623    3.35340    3.35734          1     6.0527     6.2581       9.96     0.0330  4.924e-11  1.000e-12  2.031e+00    33.5309    33.5134    -0.0175    26.3269    26.3049     45.072     45.333      0.404    1475.65    1475.87  0.000e+00
       4349     46.000     6.5846     6.6817     0.0971    3.36303    3.37133          1     6.0801     6.2271       9.96     0.0326  4.924e-11  1.000e-12  2.031e+00    33.5639    33.5604    -0.0034    26.3430    26.3275     45.567     45.829      0.347    1475.99    1476.37  0.000e+00
       4397     46.500     6.7088     6.7906     0.0817    3.37924    3.38705          1     6.0563     6.1947       9.96     0.0325  4.924e-11  1.000e-12  2.031e+00    33.6210    33.6268     0.0059    26.3716    26.3654     46.062     46.326      0.202    1476.56    1476.89  0.000e+00
       4455     47.000     6.7525     6.7422    -0.0104    3.38653    3.38633          1     5.9946     6.1734       9.96     0.0319  4.924e-11  1.000e-12  2.031e+00    33.6583    33.6662     0.0079    26.3953    26.4028     46.557     46.822      0.254    1476.79    1476.75  0.000e+00
       4495     47.500     6.6854     6.6652    -0.0202    3.38136    3.38018          1     6.0331     6.2041       9.91     0.0330  4.924e-11  1.000e-12  2.031e+00    33.6669    33.6737     0.0068    26.4110    26.4190     47.052     47.318      0.334    1476.54    1476.47  0.000e+00
       4531     48.000     6.6641     6.6552    -0.0089    3.38009    3.37954          1     6.0741     6.2204       9.48     0.0338  4.924e-11  1.000e-12  2.031e+00    33.6736    33.6762     0.0025    26.4191    26.4223     47.548     47.814      0.304    1476.48    1476.44  0.000e+00
       4580     48.500     6.6535     6.6503    -0.0032    3.37968    3.37947          1     6.0566     6.2255       8.97     0.0333  4.924e-11  1.000e-12  2.031e+00    33.6791    33.6800     0.0009    26.4248    26.4259     48.043     48.310      0.208    1476.45    1476.44  0.000e+00
       4635     49.000     6.6474     6.6473    -0.0001    3.37944    3.37942          1     6.0433     6.2183       8.49     0.0338  4.924e-11  1.000e-12  2.031e+00    33.6823    33.6821    -0.0002    26.4281    26.4280     48.538     48.807      0.282    1476.44    1476.44  0.000e+00
       4673     49.500     6.6443     6.6390    -0.0053    3.38007    3.38006          1     6.0420     6.2101       7.99     0.0336  4.924e-11  1.000e-12  2.031e+00    33.6920    33.6971     0.0051    26.4362    26.4409     49.033     49.303      0.297    1476.45    1476.43  0.000e+00
       4719     50.000     6.6292     6.6274    -0.0018    3.37951    3.37963          1     6.0481     6.2007       7.51     0.0344  4.924e-11  1.000e-12  2.031e+00    33.7005    33.7037     0.0032    26.4449    26.4476     49.529     49.799      0.248    1476.41    1476.40  0.000e+00
       4762     50.500     6.6456     6.6618     0.0161    3.38217    3.38310          1     6.0589     6.1952       7.00     0.0349  4.924e-11  1.000e-12  2.031e+00    33.7135    33.7079    -0.0055    26.4529    26.4464     50.024     50.295      0.302    1476.49    1476.55  0.000e+00
       4808     51.000     6.6830     6.6922     0.0091    3.38664    3.38742          1     6.0438     6.1837       6.51     0.0372  4.924e-11  1.000e-12  2.031e+00    33.7258    33.7254    -0.0004    26.4577    26.4562     50.519     50.791      0.227    1476.66    1476.70  0.000e+00
       4859     51.500     6.6808     6.6769    -0.0038    3.38677    3.38661          1     6.0072     6.1854       6.04     0.0412  4.924e-11  1.000e-12  2.031e+00    33.7293    33.7313     0.0020    26.4607    26.4628     51.014     51.287      0.298    1476.67    1476.66  0.000e+00
       4895     52.000     6.6669     6.6548    -0.0121    3.38564    3.38500          1     6.0032     6.1949       5.53     0.0402  4.924e-11  1.000e-12  2.031e+00    33.7302    33.7351     0.0049    26.4633    26.4688     51.510     51.783      0.323    1476.62    1476.58  0.000e+00
       4945     52.500     6.6564     6.6569     0.0005    3.38494    3.38522          1     6.0530     6.2000       4.99     0.0397  4.924e-11  1.000e-12  2.031e+00    33.7325    33.7351     0.0026    26.4665    26.4685     52.005     52.280      0.213    1476.59    1476.60  0.000e+00
       4996     53.000     6.6597     6.6610     0.0013    3.38563    3.38585          1     6.0145     6.1982       4.52     0.0436  4.924e-11  1.000e-12  2.031e+00    33.7366    33.7379     0.0012    26.4694    26.4701     52.500     52.776      0.356    1476.62    1476.63  0.000e+00
       5028     53.500     6.6625     6.6662     0.0037    3.38603    3.38639          1     6.0211     6.1844       4.04     0.0441  4.924e-11  1.000e-12  2.031e+00    33.7381    33.7384     0.0003    26.4701    26.4699     52.995     53.272      0.313    1476.64    1476.65  0.000e+00
       5087     54.000     6.6892     6.7154     0.0261    3.38949    3.39107          1     6.0143     6.1750       3.53     0.0419  4.924e-11  1.000e-12  2.031e+00    33.7497    33.7415    -0.0083    26.4757    26.4658     53.490     53.768      0.251    1476.77    1476.86  0.000e+00
       5126     54.500     6.7525     6.7763     0.0238    3.39686    3.39814          1     6.0038     6.1382       3.06     0.0445  4.924e-11  1.000e-12  2.031e+00    33.7686    33.7593    -0.0093    26.4822    26.4717     53.986     54.264      0.372    1477.05    1477.13  0.000e+00
       5163     55.000     6.7830     6.8102     0.0271    3.40057    3.40271          1     5.9559     6.1115       2.56     0.0604  4.924e-11  1.000e-12  2.031e+00    33.7793    33.7761    -0.0032    26.4865    26.4804     54.481     54.760      0.248    1477.19    1477.29  0.000e+00
       5232     55.500     6.8116     6.8254     0.0138    3.40408    3.40488          1     5.8933     6.0915       2.08     0.0849  4.924e-11  1.000e-12  2.031e+00    33.7895    33.7847    -0.0048    26.4907    26.4851     54.976     55.256      0.297    1477.32    1477.37  0.000e+00
       5263     56.000     6.8284     6.8390     0.0106    3.40587    3.40639          1     5.9225     6.0834       1.59     0.0865  4.924e-11  1.000e-12  2.031e+00    33.7924    33.7877    -0.0047    26.4908    26.4856     55.471     55.752      0.373    1477.40    1477.43  0.000e+00
       5427     56.500     6.8562     6.8678     0.0117    3.40920    3.41042          1     5.9371     6.0867       1.60     0.0823  4.924e-11  1.000e-12  2.031e+00    33.8016    33.8035     0.0019    26.4942    26.4942     55.966     56.249     -0.066    1477.53    1477.57  0.000e+00
