ctdpy/exports/archive_20191121_122431/received_data/SBE09_0827_20181124_1748_26_01_1238.cnv
* Sea-Bird SBE 9 Data File:
* FileName = D:\CTD_SBE911\DAT\26DA.2018.12.38.hex
* Software Version Seasave V 7.21d
* Temperature SN = 4548
* Conductivity SN = 3062
* Number of Bytes Per Scan = 48
* Number of Voltage Words = 5
* Number of Scans Averaged by the Deck Unit = 1
* NMEA Latitude = 57 46.51 N
* NMEA Longitude = 018 08.17 E
* NMEA UTC (Time) = Nov 24 2018  17:48:33
* NMEA baud rate = 4800
** Ship: DANA
** Average sound velocity: 1441.56 m/s
** True-depth calculation Tue, 02 Apr 2019 12:14:21 +0000
** CTD Python Module SMHI /ver 3-12/ feb 2012 
** LIMS Job: 20182601-1238
** Operator: Ronny
** Cruise: 12/2018
# nquan = 26
# nvalues = 210                         
# units = specified
# name 0 = scan: Scan Count
# name 1 = prDM: Pressure, Digiquartz [db]
# name 2 = t090C: Temperature [ITS-90, deg C]
# name 3 = t190C: Temperature, 2 [ITS-90, deg C]
# name 4 = T2-T190C: Temperature Difference, 2 - 1 [ITS-90, deg C]
# name 5 = c0S/m: Conductivity [S/m]
# name 6 = c1S/m: Conductivity, 2 [S/m]
# name 7 = pumps: Pump Status
# name 8 = sbeox1ML/L: Oxygen, SBE 43, 2 [ml/l]
# name 9 = sbeox0ML/L: Oxygen, SBE 43 [ml/l]
# name 10 = altM: Altimeter [m]
# name 11 = chloroflTC0: Chlorophyll, Turner Cyclops [ug/l]
# name 12 = cpar: CPAR/Corrected Irradiance [%]
# name 13 = par: PAR/Irradiance, Biospherical/Lico [µE/(cm^2*s)]
# name 14 = spar: SPAR, Biospherical/Licor
# name 15 = sal00: Salinity, Practical [PSU]
# name 16 = sal11: Salinity, Practical, 2 [PSU]
# name 17 = secS-priS: Salinity, Practical, Difference, 2 - 1 [PSU]
# name 18 = sigma-t00: Density [sigma-t, kg/m^3 ]
# name 19 = sigma-t11: Density, 2 [sigma-t, kg/m^3 ]
# name 20 = depSM: Depth [salt water, m], lat = 57.7752
# name 21 = depFM: Depth [true depth, m], lat = 57.7752
# name 22 = dz/dtM: Descent Rate [m/s], WS = 2
# name 23 = svCM: Sound Velocity [Chen-Millero, m/s]
# name 24 = svCM1: Sound Velocity, 2 [Chen-Millero, m/s]
# name 25 = flag: flag
# span 0 =        225,      10064       
# span 1 =      0.500,    105.000       
# span 2 =     4.3651,     7.6489       
# span 3 =     4.3529,     7.6368       
# span 4 =    -0.2375,     0.0841       
# span 5 =   0.783260,   1.138680       
# span 6 =   0.783266,   1.138654       
# span 7 =          1,          1       
# span 8 =     0.0949,     7.6502       
# span 9 =     0.0450,     7.8840       
# span 10 =       1.42,       9.99      
# span 11 =     0.0159,     0.0243      
# span 12 = 4.9241e-11, 4.9241e-11      
# span 13 = 1.0000e-12, 1.0000e-12      
# span 14 = 2.0308e+00, 2.0308e+00      
# span 15 =     6.7727,    10.5378      
# span 16 =     6.7726,    10.5373      
# span 17 =    -0.0187,     0.0868      
# span 18 =     5.2416,     8.2931      
# span 19 =     5.2415,     8.2926      
# span 20 =      0.495,    104.003      
# span 21 =      0.507,    106.284      
# span 22 =      0.199,      0.300      
# span 23 =    1434.73,    1446.78      
# span 24 =    1434.67,    1446.73      
# span 25 = 0.0000e+00, 0.0000e+00      
# interval = decibars: 0.5              
# start_time = Nov 24 2018 17:48:33 [NMEA time, first data scan]
# bad_flag = -9.990e-29
*END*
[from data line 168]
       8093     84.500     5.0347     5.0471     0.0124    1.00406    1.00634          1     0.4015     0.4093       9.96     0.0159  4.924e-11  1.000e-12  2.031e+00     9.3963     9.4158     0.0195     7.4285     7.4433     83.701     85.569      0.257    1439.73    1439.81  0.000e+00
       8143     85.000     5.0469     5.0704     0.0235    1.00692    1.01252          1     0.3188     0.3497       9.96     0.0159  4.924e-11  1.000e-12  2.031e+00     9.4215     9.4714     0.0499     7.4479     7.4862     84.197     86.075      0.230    1439.82    1439.99  0.000e+00
       8194     85.500     5.0717     5.1079     0.0362    1.01388    1.02351          1     0.1750     0.2360       9.96     0.0159  4.924e-11  1.000e-12  2.031e+00     9.4847     9.5715     0.0868     7.4966     7.5635     84.692     86.580      0.241    1440.02    1440.29  0.000e+00
       8246     86.000     5.1069     5.1514     0.0445    1.02372    1.03270          1     0.1157     0.1158       9.96     0.0162  4.924e-11  1.000e-12  2.031e+00     9.5738     9.6515     0.0777     7.5654     7.6247     85.187     87.086      0.222    1440.30    1440.59  0.000e+00
       8298     86.500     5.1527     5.1762     0.0235    1.03346    1.03746          1     0.1169     0.0805       9.96     0.0168  4.924e-11  1.000e-12  2.031e+00     9.6587     9.6922     0.0335     7.6303     7.6557     85.682     87.591      0.233    1440.61    1440.76  0.000e+00
       8349     87.000     5.1708     5.1794     0.0086    1.03688    1.03811          1     0.1189     0.0841       9.96     0.0169  4.924e-11  1.000e-12  2.031e+00     9.6878     9.6977     0.0099     7.6525     7.6599     86.177     88.097      0.253    1440.73    1440.78  0.000e+00
       8396     87.500     5.1783     5.1877     0.0094    1.03840    1.03971          1     0.1191     0.0853       9.96     0.0169  4.924e-11  1.000e-12  2.031e+00     9.7009     9.7114     0.0105     7.6624     7.6703     86.672     88.602      0.247    1440.79    1440.85  0.000e+00
       8444     88.000     5.1864     5.1961     0.0097    1.03988    1.04119          1     0.1193     0.0868       9.96     0.0168  4.924e-11  1.000e-12  2.031e+00     9.7133     9.7237     0.0104     7.6718     7.6796     87.168     89.107      0.250    1440.85    1440.91  0.000e+00
       8492     88.500     5.1964     5.2071     0.0107    1.04167    1.04312          1     0.1153     0.0824       9.96     0.0170  4.924e-11  1.000e-12  2.031e+00     9.7284     9.7399     0.0115     7.6833     7.6918     87.663     89.613      0.255    1440.92    1440.98  0.000e+00
       8541     89.000     5.2139     5.2328     0.0189    1.04495    1.04793          1     0.1125     0.0813       9.96     0.0169  4.924e-11  1.000e-12  2.031e+00     9.7563     9.7807     0.0245     7.7044     7.7228     88.158     90.118      0.234    1441.04    1441.15  0.000e+00
       8591     89.500     5.2383     5.2578     0.0195    1.04959    1.05277          1     0.1141     0.0795       9.96     0.0167  4.924e-11  1.000e-12  2.031e+00     9.7958     9.8220     0.0262     7.7344     7.7542     88.653     90.624      0.251    1441.20    1441.32  0.000e+00
       8638     90.000     5.2625     5.2778     0.0153    1.05419    1.05645          1     0.1137     0.0758       9.96     0.0171  4.924e-11  1.000e-12  2.031e+00     9.8349     9.8531     0.0182     7.7641     7.7777     89.148     91.129      0.255    1441.37    1441.46  0.000e+00
       8684     90.500     5.2820     5.2956     0.0136    1.05783    1.05974          1     0.1101     0.0747       9.96     0.0170  4.924e-11  1.000e-12  2.031e+00     9.8657     9.8809     0.0152     7.7875     7.7987     89.643     91.634      0.257    1441.50    1441.58  0.000e+00
       8732     91.000     5.2985     5.3118     0.0133    1.06048    1.06207          1     0.1088     0.0700       9.96     0.0169  4.924e-11  1.000e-12  2.031e+00     9.8874     9.8994     0.0120     7.8038     7.8126     90.139     92.140      0.253    1441.61    1441.68  0.000e+00
       8778     91.500     5.3213     5.3418     0.0205    1.06435    1.06725          1     0.1087     0.0703       9.96     0.0167  4.924e-11  1.000e-12  2.031e+00     9.9195     9.9426     0.0231     7.8279     7.8451     90.634     92.645      0.257    1441.75    1441.87  0.000e+00
       8828     92.000     5.3515     5.3636     0.0121    1.06954    1.07116          1     0.1093     0.0651       9.96     0.0169  4.924e-11  1.000e-12  2.031e+00     9.9626     9.9753     0.0127     7.8604     7.8698     91.129     93.150      0.241    1441.95    1442.02  0.000e+00
       8876     92.500     5.3726     5.3848     0.0123    1.07337    1.07513          1     0.1088     0.0678       9.96     0.0169  4.924e-11  1.000e-12  2.031e+00     9.9947    10.0088     0.0140     7.8847     7.8951     91.624     93.655      0.240    1442.09    1442.16  0.000e+00
       8926     93.000     5.4063     5.4396     0.0332    1.08005    1.08490          1     0.1027     0.0653       9.96     0.0169  4.924e-11  1.000e-12  2.031e+00    10.0517    10.0904     0.0387     7.9278     7.9566     92.119     94.161      0.268    1442.31    1442.51  0.000e+00
       8971     93.500     5.4709     5.4864     0.0155    1.09159    1.09364          1     0.1058     0.0638       9.96     0.0170  4.924e-11  1.000e-12  2.031e+00    10.1480    10.1639     0.0159     8.0004     8.0121     92.614     94.666      0.244    1442.72    1442.81  0.000e+00
       9020     94.000     5.4882     5.4995     0.0112    1.09455    1.09588          1     0.1046     0.0603       9.96     0.0170  4.924e-11  1.000e-12  2.031e+00    10.1724    10.1824     0.0099     8.0187     8.0259     93.109     95.171      0.270    1442.84    1442.90  0.000e+00
       9064     94.500     5.5142     5.5353     0.0211    1.09927    1.10250          1     0.1053     0.0589       9.96     0.0171  4.924e-11  1.000e-12  2.031e+00    10.2118    10.2378     0.0260     8.0484     8.0677     93.605     95.676      0.257    1443.01    1443.13  0.000e+00
       9112     95.000     5.5460     5.5557     0.0097    1.10526    1.10659          1     0.1045     0.0573       9.96     0.0171  4.924e-11  1.000e-12  2.031e+00    10.2621    10.2724     0.0103     8.0863     8.0939     94.100     96.182      0.247    1443.22    1443.27  0.000e+00
       9162     95.500     5.5528     5.5560     0.0032    1.10666    1.10692          1     0.1047     0.0576       9.96     0.0171  4.924e-11  1.000e-12  2.031e+00    10.2740    10.2756     0.0017     8.0953     8.0964     94.595     96.687      0.232    1443.27    1443.28  0.000e+00
       9212     96.000     5.5541     5.5573     0.0032    1.10704    1.10721          1     0.1042     0.0571       9.96     0.0171  4.924e-11  1.000e-12  2.031e+00    10.2773    10.2780     0.0007     8.0978     8.0982     95.090     97.192      0.263    1443.28    1443.30  0.000e+00
       9257     96.500     5.5618     5.5705     0.0087    1.10843    1.10957          1     0.1058     0.0565       9.96     0.0171  4.924e-11  1.000e-12  2.031e+00    10.2888    10.2976     0.0088     8.1064     8.1129     95.585     97.697      0.251    1443.34    1443.39  0.000e+00
       9304     97.000     5.5841     5.5960     0.0119    1.11250    1.11402          1     0.1041     0.0570       9.87     0.0171  4.924e-11  1.000e-12  2.031e+00    10.3226    10.3342     0.0116     8.1319     8.1404     96.080     98.202      0.274    1443.49    1443.55  0.000e+00
       9350     97.500     5.6004     5.6082     0.0078    1.11519    1.11608          1     0.1001     0.0539       9.39     0.0171  4.924e-11  1.000e-12  2.031e+00    10.3445    10.3510     0.0066     8.1482     8.1529     96.575     98.707      0.245    1443.59    1443.63  0.000e+00
       9397     98.000     5.6156     5.6240     0.0084    1.11787    1.11895          1     0.0994     0.0514       8.88     0.0171  4.924e-11  1.000e-12  2.031e+00    10.3666    10.3748     0.0082     8.1648     8.1708     97.071     99.213      0.271    1443.69    1443.74  0.000e+00
       9445     98.500     5.6336     5.6424     0.0088    1.12122    1.12235          1     0.1015     0.0524       8.32     0.0171  4.924e-11  1.000e-12  2.031e+00    10.3944    10.4031     0.0086     8.1857     8.1920     97.566     99.718      0.230    1443.81    1443.86  0.000e+00
       9496     99.000     5.6560     5.6625     0.0066    1.12546    1.12617          1     0.1002     0.0524       7.79     0.0171  4.924e-11  1.000e-12  2.031e+00    10.4299    10.4350     0.0051     8.2124     8.2160     98.061    100.223      0.241    1443.96    1444.00  0.000e+00
       9544     99.500     5.6898     5.7075     0.0176    1.13169    1.13422          1     0.0993     0.0512       7.27     0.0171  4.924e-11  1.000e-12  2.031e+00    10.4816    10.5015     0.0198     8.2512     8.2658     98.556    100.728      0.266    1444.18    1444.28  0.000e+00
       9588    100.000     5.7151     5.7252     0.0101    1.13618    1.13754          1     0.0986     0.0497       6.76     0.0171  4.924e-11  1.000e-12  2.031e+00    10.5186    10.5291     0.0105     8.2789     8.2865     99.051    101.233      0.269    1444.35    1444.40  0.000e+00
       9635    100.500     5.7238     5.7284     0.0046    1.13767    1.13810          1     0.0993     0.0489       6.21     0.0171  4.924e-11  1.000e-12  2.031e+00    10.5307    10.5336     0.0028     8.2879     8.2899     99.546    101.738      0.243    1444.41    1444.43  0.000e+00
       9684    101.000     5.7265     5.7298     0.0033    1.13811    1.13831          1     0.0990     0.0484       5.68     0.0171  4.924e-11  1.000e-12  2.031e+00    10.5342    10.5351     0.0009     8.2905     8.2910    100.041    102.243      0.263    1444.43    1444.44  0.000e+00
       9730    101.500     5.7280     5.7303     0.0023    1.13831    1.13840          1     0.0988     0.0469       5.15     0.0171  4.924e-11  1.000e-12  2.031e+00    10.5356    10.5357     0.0002     8.2915     8.2915    100.537    102.748      0.242    1444.45    1444.46  0.000e+00
       9780    102.000     5.7287     5.7309     0.0022    1.13841    1.13847          1     0.0997     0.0486       4.64     0.0171  4.924e-11  1.000e-12  2.031e+00    10.5363    10.5363    -0.0000     8.2920     8.2919    101.032    103.253      0.253    1444.46    1444.47  0.000e+00
       9827    102.500     5.7297     5.7315     0.0017    1.13856    1.13858          1     0.0991     0.0463       4.11     0.0178  4.924e-11  1.000e-12  2.031e+00    10.5373    10.5371    -0.0002     8.2928     8.2925    101.527    103.759      0.248    1444.47    1444.48  0.000e+00
       9874    103.000     5.7300     5.7314     0.0014    1.13859    1.13856          1     0.0949     0.0473       3.58     0.0176  4.924e-11  1.000e-12  2.031e+00    10.5375    10.5368    -0.0007     8.2929     8.2923    102.022    104.264      0.268    1444.48    1444.49  0.000e+00
       9918    103.500     5.7301     5.7313     0.0013    1.13858    1.13855          1     0.0974     0.0464       3.04     0.0172  4.924e-11  1.000e-12  2.031e+00    10.5373    10.5366    -0.0008     8.2928     8.2921    102.517    104.769      0.274    1444.49    1444.49  0.000e+00
       9964    104.000     5.7301     5.7314     0.0013    1.13858    1.13855          1     0.0960     0.0464       2.52     0.0173  4.924e-11  1.000e-12  2.031e+00    10.5372    10.5366    -0.0007     8.2927     8.2921    103.012    105.274      0.240    1444.50    1444.50  0.000e+00
      10014    104.500     5.7302     5.7316     0.0014    1.13859    1.13861          1     0.0951     0.0450       1.97     0.0181  4.924e-11  1.000e-12  2.031e+00    10.5372    10.5370    -0.0002     8.2926     8.2924    103.507    105.779      0.247    1444.51    1444.51  0.000e+00
      10064    105.000     5.7307     5.7318     0.0011    1.13868    1.13865          1     0.1036     0.0479       1.42     0.0183  4.924e-11  1.000e-12  2.031e+00    10.5378    10.5373    -0.0006     8.2931     8.2926    104.003    106.284      0.199    1444.52    1444.52  0.000e+00
