ctdpy/exports/archive_20191121_122431/received_data/SBE09_1044_20180203_1510_34_02_0052.cnv
* Sea-Bird SBE 9 Data File:
* FileName = C:\ctd\temp\2018\ME18D052.hex
* Software Version Seasave V 7.26.6.26
* Temperature SN = 5351
* Conductivity SN = 3941
* Number of Bytes Per Scan = 41
* Number of Voltage Words = 4
* Number of Scans Averaged by the Deck Unit = 1
* NMEA Latitude = 58 15.59 N
* NMEA Longitude = 011 26.11 E
* NMEA UTC (Time) = Feb 03 2018  15:10:26
* NMEA baud rate = 4800
** Station:  Slägg
** Operator:  SSip
** Ship: MERI
** Average sound velocity: 1469.65 m/s
** True-depth calculation Sat, 03 Feb 2018 18:57:24 +0000
** CTD Python Module SMHI /ver 3-12/ feb 2012 
** LIMS Job: 20183402-0052
** Cruise: SMHI-01-2018
** Latitude [GG MM.mm N] :
** Longitude [GG MM.mm E]:
# nquan = 26
# nvalues = 140                         
# units = specified
# name 0 = scan: Scan Count
# name 1 = prDM: Pressure, Digiquartz [db]
# name 2 = t090C: Temperature [ITS-90, deg C]
# name 3 = t190C: Temperature, 2 [ITS-90, deg C]
# name 4 = T2-T190C: Temperature Difference, 2 - 1 [ITS-90, deg C]
# name 5 = c0S/m: Conductivity [S/m]
# name 6 = c1S/m: Conductivity, 2 [S/m]
# name 7 = pumps: Pump Status
# name 8 = sbeox0ML/L: Oxygen, SBE 43 [ml/l]
# name 9 = sbeox1ML/L: Oxygen, SBE 43, 2 [ml/l]
# name 10 = altM: Altimeter [m]
# name 11 = flECO-AFL: Chl-a Fluorescence, WET Labs ECO-AFL/FL [mg/m^3]
# name 12 = flECO-AFL1: Phycocyanin Fluorescence, WET Labs ECO-AFL/FL, 2 [mg/m^3]
# name 13 = par: PAR/Irradiance, Biospherical/Lico [µE/(cm^2*s)]
# name 14 = turbWETntu0: Turbidity, WET Labs ECO [NTU]
# name 15 = sal00: Salinity, Practical [PSU]
# name 16 = sal11: Salinity, Practical, 2 [PSU]
# name 17 = secS-priS: Salinity, Practical, Difference, 2 - 1 [PSU]
# name 18 = sigma-t00: Density [sigma-t, Kg/m^3 ]
# name 19 = sigma-t11: Density, 2 [sigma-t, Kg/m^3 ]
# name 20 = depSM: Depth [salt water, m], lat = 58.2598
# name 21 = depFM: Depth [true depth, m], lat = 58.2598
# name 22 = dz/dtM: Descent Rate [m/s], WS = 2
# name 23 = svCM: Sound Velocity [Chen-Millero, m/s]
# name 24 = svCM1: Sound Velocity, 2 [Chen-Millero, m/s]
# name 25 = flag: flag
# span 0 =       7842,      10920       
# span 1 =      2.000,     71.500       
# span 2 =     3.3465,     6.9058       
# span 3 =     3.3715,     6.9035       
# span 4 =    -0.0125,     0.0249       
# span 5 =   2.343458,   3.356188       
# span 6 =   2.349746,   3.356095       
# span 7 =          1,          1       
# span 8 =    5.43995,    7.35425       
# span 9 =    5.44124,    7.35638       
# span 10 =       4.95,      98.59      
# span 11 =     0.2313,     0.7371      
# span 12 =     0.3133,     0.4736      
# span 13 = -2.811e-05, 5.3741e+00      
# span 14 =     1.4235,     3.0348      
# span 15 =    24.8601,    33.1643      
# span 16 =    24.9140,    33.1650      
# span 17 =    -0.0326,     0.0641      
# span 18 =    19.7781,    25.9856      
# span 19 =    19.8192,    25.9864      
# span 20 =      1.981,     70.824      
# span 21 =      1.998,     71.051      
# span 22 =     -0.003,      0.655      
# span 23 =    1450.81,    1477.15      
# span 24 =    1450.99,    1477.14      
# span 25 = 0.0000e+00, 0.0000e+00      
# interval = decibars: 0.5              
# start_time = Feb 03 2018 15:10:27 [NMEA time, first data scan]
# bad_flag = -9.990e-29
*END*
[from data line 56]
       9061     30.000     5.2434     5.2430    -0.0004    3.11046    3.11056          1     6.7369     6.7275      98.09     0.4773     0.3418  1.000e-12  2.0456000    32.0355    32.0371     0.0016    25.2988    25.3001     29.719     29.840      0.525    1468.44    1468.44  0.000e+00
       9084     30.500     5.2488     5.2484    -0.0004    3.11188    3.11199          1     6.7330     6.7304      56.74     0.4623     0.3195  1.000e-12  2.1344000    32.0462    32.0479     0.0017    25.3066    25.3080     30.215     30.337      0.520    1468.48    1468.48  0.000e+00
       9108     31.000     5.2509     5.2512     0.0003    3.11257    3.11278          1     6.7418     6.7294      73.98     0.4641     0.3574  1.000e-12  2.0999000    32.0518    32.0540     0.0021    25.3109    25.3125     30.710     30.834      0.518    1468.51    1468.51  0.000e+00
       9131     31.500     5.2528     5.2530     0.0001    3.11321    3.11339          1     6.7335     6.7291      46.44     0.4747     0.3978  1.000e-12  2.0840000    32.0571    32.0590     0.0019    25.3148    25.3163     31.205     31.330      0.523    1468.53    1468.53  0.000e+00
       9153     32.000     5.2538     5.2537    -0.0000    3.11354    3.11354          1     6.7219     6.7256      73.37     0.4695     0.3887  1.000e-12  2.0587000    32.0597    32.0597    -0.0000    25.3168    25.3168     31.700     31.827      0.532    1468.54    1468.54  0.000e+00
       9176     32.500     5.2554     5.2559     0.0005    3.11407    3.11435          1     6.7141     6.7254      43.37     0.4554     0.3335  1.000e-12  2.0284000    32.0639    32.0667     0.0028    25.3199    25.3221     32.196     32.324      0.537    1468.57    1468.57  0.000e+00
       9198     33.000     5.2568     5.2567    -0.0001    3.11452    3.11467          1     6.7154     6.7266      43.21     0.4556     0.4065  1.000e-12  2.0974000    32.0675    32.0693     0.0018    25.3226    25.3240     32.691     32.821      0.539    1468.58    1468.58  0.000e+00
       9220     33.500     5.2567     5.2567    -0.0001    3.11461    3.11470          1     6.7144     6.7203      42.70     0.4556     0.4736  1.000e-12  2.0616000    32.0683    32.0694     0.0012    25.3232    25.3241     33.186     33.317      0.545    1468.59    1468.59  0.000e+00
       9242     34.000     5.2567     5.2567    -0.0001    3.11467    3.11472          1     6.7203     6.7232      42.74     0.4798     0.4376  1.000e-12  2.0775000    32.0688    32.0694     0.0006    25.3236    25.3241     33.681     33.814      0.553    1468.60    1468.60  0.000e+00
       9264     34.500     5.2557     5.2561     0.0004    3.11482    3.11489          1     6.7292     6.7289      41.85     0.4519     0.4127  1.000e-12  2.0692000    32.0712    32.0716     0.0004    25.3257    25.3259     34.177     34.311      0.560    1468.61    1468.61  0.000e+00
       9285     35.000     5.2547     5.2550     0.0003    3.11511    3.11515          1     6.7361     6.7268      68.07     0.4580     0.3903  1.000e-12  2.0951000    32.0752    32.0753     0.0001    25.3289    25.3290     34.672     34.807      0.565    1468.62    1468.62  0.000e+00
       9306     35.500     5.2548     5.2548    -0.0001    3.11552    3.11545          1     6.7408     6.7223      47.95     0.4644     0.3468  1.000e-12  2.1126000    32.0795    32.0788    -0.0006    25.3323    25.3318     35.167     35.304      0.569    1468.63    1468.63  0.000e+00
       9327     36.000     5.2546     5.2539    -0.0007    3.11579    3.11599          1     6.7317     6.7218      40.21     0.4579     0.3908  1.000e-12  2.1133000    32.0825    32.0855     0.0029    25.3347    25.3371     35.663     35.801      0.568    1468.64    1468.64  0.000e+00
       9348     36.500     5.2510     5.2509    -0.0001    3.11612    3.11627          1     6.7173     6.7070      73.24     0.4684     0.3430  1.000e-12  2.1233000    32.0896    32.0914     0.0018    25.3408    25.3421     36.158     36.297      0.562    1468.64    1468.65  0.000e+00
       9370     37.000     5.2453     5.2452    -0.0001    3.11686    3.11678          1     6.7218     6.7035      39.10     0.4440     0.3189  1.000e-12  2.1704000    32.1033    32.1024    -0.0009    25.3522    25.3515     36.653     36.794      0.553    1468.65    1468.65  0.000e+00
       9392     37.500     5.2470     5.2466    -0.0004    3.11849    3.11846          1     6.7358     6.7159      38.65     0.4440     0.3384  1.000e-12  2.1351000    32.1199    32.1199     0.0001    25.3651    25.3652     37.148     37.291      0.552    1468.68    1468.68  0.000e+00
       9413     38.000     5.2677     5.2677    -0.0000    3.12511    3.12539          1     6.7180     6.7067      38.49     0.4523     0.3656  1.000e-12  2.1943000    32.1752    32.1783     0.0031    25.4066    25.4091     37.644     37.787      0.558    1468.85    1468.85  0.000e+00
       9435     38.500     5.3326     5.3276    -0.0049    3.13750    3.13705          1     6.6821     6.6939      37.82     0.4458     0.3156  1.000e-12  2.2877000    32.2536    32.2532    -0.0003    25.4613    25.4616     38.139     38.284      0.558    1469.22    1469.20  0.000e+00
       9456     39.000     5.3607     5.3560    -0.0046    3.14190    3.14139          1     6.6453     6.6662      37.45     0.4351     0.3580  1.000e-12  2.3816000    32.2763    32.2750    -0.0012    25.4761    25.4756     38.634     38.781      0.554    1469.37    1469.35  0.000e+00
       9478     39.500     5.3778     5.3797     0.0018    3.14436    3.14474          1     6.6303     6.6414      36.78     0.4422     0.4151  1.000e-12  2.4596000    32.2875    32.2900     0.0025    25.4830    25.4848     39.129     39.277      0.546    1469.46    1469.47  0.000e+00
       9500     40.000     5.3929     5.3884    -0.0045    3.14638    3.14594          1     6.6227     6.6315      36.37     0.4313     0.3912  1.000e-12  2.4976000    32.2958    32.2951    -0.0007    25.4878    25.4878     39.625     39.774      0.545    1469.54    1469.52  0.000e+00
       9522     40.500     5.4062     5.4006    -0.0056    3.14804    3.14753          1     6.5996     6.6148      35.95     0.4312     0.3582  1.000e-12  2.4086000    32.3015    32.3011    -0.0004    25.4908    25.4912     40.120     40.271      0.544    1469.61    1469.59  0.000e+00
       9545     41.000     5.4082     5.4070    -0.0012    3.14815    3.14817          1     6.5807     6.5989      35.23     0.4218     0.3584  1.000e-12  2.5090000    32.3006    32.3019     0.0013    25.4899    25.4910     40.615     40.767      0.544    1469.63    1469.62  0.000e+00
       9566     41.500     5.4073     5.4129     0.0056    3.14806    3.14884          1     6.5885     6.5997      34.48     0.4423     0.3601  1.000e-12  2.5230000    32.3001    32.3036     0.0035    25.4896    25.4917     41.110     41.264      0.551    1469.63    1469.66  0.000e+00
       9588     42.000     5.4295     5.4169    -0.0125    3.15121    3.14947          1     6.5810     6.5915      34.11     0.4446     0.3608  1.000e-12  2.5747000    32.3143    32.3067    -0.0077    25.4983    25.4937     41.606     41.760      0.550    1469.74    1469.68  0.000e+00
       9610     42.500     5.4870     5.4840    -0.0030    3.16005    3.15988          1     6.5429     6.5682      33.70     0.4278     0.3485  1.000e-12  2.6516000    32.3589    32.3599     0.0010    25.5270    25.5281     42.101     42.257      0.533    1470.04    1470.03  0.000e+00
       9633     43.000     5.5145     5.5212     0.0067    3.16469    3.16606          1     6.5053     6.5314      33.35     0.4200     0.3906  1.000e-12  2.6872000    32.3848    32.3938     0.0090    25.5442    25.5506     42.596     42.754      0.522    1470.19    1470.23  0.000e+00
       9656     43.500     5.5451     5.5449    -0.0002    3.16967    3.16978          1     6.4755     6.5083      32.62     0.4179     0.3911  1.000e-12  2.7603000    32.4115    32.4129     0.0014    25.5618    25.5630     43.091     43.250      0.522    1470.36    1470.36  0.000e+00
       9679     44.000     5.5482     5.5493     0.0010    3.17092    3.17110          1     6.4730     6.5023      32.17     0.3999     0.3709  1.000e-12  2.4682000    32.4224    32.4232     0.0009    25.5700    25.5706     43.587     43.747      0.532    1470.40    1470.40  0.000e+00
       9701     44.500     5.5450     5.5438    -0.0012    3.17139    3.17158          1     6.4836     6.5066      31.73     0.3985     0.3912  1.000e-12  2.4924000    32.4305    32.4338     0.0033    25.5769    25.5796     44.082     44.243      0.534    1470.40    1470.40  0.000e+00
       9724     45.000     5.5404     5.5408     0.0005    3.17149    3.17159          1     6.4934     6.5097      31.10     0.4052     0.3920  1.000e-12  2.4519000    32.4359    32.4366     0.0006    25.5817    25.5822     44.577     44.740      0.531    1470.40    1470.40  0.000e+00
       9747     45.500     5.5395     5.5392    -0.0003    3.17155    3.17169          1     6.5016     6.5128      30.54     0.4157     0.4354  1.000e-12  2.4987000    32.4372    32.4390     0.0019    25.5828    25.5843     45.072     45.236      0.528    1470.40    1470.40  0.000e+00
       9769     46.000     5.5396     5.5401     0.0005    3.17172    3.17179          1     6.5036     6.5043      30.07     0.4083     0.4221  1.000e-12  2.5054000    32.4388    32.4390     0.0002    25.5840    25.5841     45.568     45.733      0.522    1470.41    1470.42  0.000e+00
       9793     46.500     5.5390     5.5391     0.0001    3.17177    3.17186          1     6.5280     6.5139      29.79     0.4037     0.4203  1.000e-12  2.4904000    32.4396    32.4405     0.0010    25.5847    25.5854     46.063     46.229      0.513    1470.42    1470.42  0.000e+00
       9816     47.000     5.5450     5.5425    -0.0025    3.17390    3.17352          1     6.5282     6.5043      29.26     0.4121     0.3621  1.000e-12  2.5383000    32.4577    32.4558    -0.0019    25.5984    25.5971     46.558     46.726      0.514    1470.48    1470.46  0.000e+00
       9839     47.500     5.5856     5.5815    -0.0041    3.18290    3.18235          1     6.5080     6.4874      28.68     0.4148     0.3387  1.000e-12  2.6148000    32.5201    32.5179    -0.0022    25.6430    25.6417     47.053     47.223      0.523    1470.73    1470.71  0.000e+00
       9862     48.000     5.5990     5.5979    -0.0011    3.18536    3.18532          1     6.4769     6.4735      28.23     0.3967     0.3614  1.000e-12  2.6156000    32.5348    32.5354     0.0006    25.6530    25.6536     47.549     47.719      0.525    1470.81    1470.80  0.000e+00
       9885     48.500     5.6250     5.6197    -0.0054    3.18966    3.18900          1     6.4367     6.4506      27.67     0.3983     0.3963  1.000e-12  2.7226000    32.5579    32.5557    -0.0022    25.6683    25.6671     48.044     48.216      0.516    1470.95    1470.93  0.000e+00
       9908     49.000     5.6408     5.6374    -0.0034    3.19202    3.19163          1     6.4300     6.4422      27.18     0.3972     0.3980  1.000e-12  2.7923000    32.5691    32.5680    -0.0011    25.6752    25.6747     48.539     48.712      0.529    1471.04    1471.02  0.000e+00
       9931     49.500     5.6492     5.6474    -0.0018    3.19356    3.19338          1     6.4181     6.4379      26.83     0.4079     0.3421  1.000e-12  2.9186000    32.5782    32.5778    -0.0003    25.6814    25.6814     49.034     49.209      0.547    1471.09    1471.08  0.000e+00
       9952     50.000     5.6792     5.6760    -0.0032    3.19802    3.19766          1     6.4010     6.4217      26.36     0.4085     0.3750  1.000e-12  2.8299000    32.5992    32.5982    -0.0010    25.6945    25.6941     49.530     49.705      0.557    1471.24    1471.23  0.000e+00
       9974     50.500     5.6890     5.6882    -0.0008    3.19955    3.19956          1     6.3938     6.4027      25.76     0.4085     0.3964  1.000e-12  2.9730000    32.6068    32.6076     0.0009    25.6993    25.7001     50.025     50.202      0.567    1471.30    1471.30  0.000e+00
       9995     51.000     5.6911     5.6924     0.0013    3.19986    3.20015          1     6.3852     6.3954      25.26     0.4037     0.3966  1.000e-12  3.0084000    32.6080    32.6100     0.0020    25.7000    25.7014     50.520     50.698      0.574    1471.32    1471.33  0.000e+00
      10015     51.500     5.6911     5.6905    -0.0006    3.19987    3.19991          1     6.3866     6.4029      24.84     0.3980     0.3850  1.000e-12  2.8743000    32.6079    32.6088     0.0009    25.6999    25.7007     51.015     51.195      0.575    1471.33    1471.33  0.000e+00
      10036     52.000     5.6890     5.6860    -0.0030    3.19964    3.19932          1     6.3874     6.3977      24.34     0.3845     0.4190  1.000e-12  2.9483000    32.6070    32.6064    -0.0006    25.6995    25.6994     51.511     51.691      0.568    1471.33    1471.32  0.000e+00
      10058     52.500     5.7004     5.6959    -0.0045    3.20119    3.20070          1     6.3700     6.3628      23.83     0.3846     0.3917  1.000e-12  2.9419000    32.6133    32.6121    -0.0011    25.7031    25.7027     52.006     52.188      0.562    1471.39    1471.37  0.000e+00
      10079     53.000     5.7028     5.7011    -0.0017    3.20154    3.20142          1     6.3502     6.3457      23.26     0.3952     0.3695  1.000e-12  2.9219000    32.6147    32.6149     0.0002    25.7039    25.7043     52.501     52.684      0.561    1471.41    1471.40  0.000e+00
      10100     53.500     5.7259     5.7269     0.0009    3.20414    3.20435          1     6.3669     6.3747      22.78     0.4099     0.3533  1.000e-12  3.0198000    32.6214    32.6227     0.0014    25.7065    25.7074     52.996     53.181      0.566    1471.52    1471.52  0.000e+00
      10121     54.000     5.7825     5.8010     0.0182    3.21082    3.21294          1     6.2734     6.3403      22.32     0.4055     0.3396  1.000e-12  3.0348000    32.6417    32.6476     0.0059    25.7158    25.7182     53.491     53.677      0.569    1471.78    1471.86  0.000e+00
      10142     54.500     6.0121     6.0330     0.0212    3.23748    3.24006          1     6.0991     6.1893      21.79     0.3712     0.3136  1.000e-12  2.8427000    32.7189    32.7276     0.0087    25.7489    25.7533     53.987     54.174      0.573    1472.80    1472.90  0.000e+00
      10163     55.000     6.0987     6.0944    -0.0041    3.24789    3.24753          1     6.0015     6.0844      21.33     0.3406     0.3896  1.000e-12  2.5920000    32.7514    32.7516     0.0002    25.7639    25.7646     54.482     54.670      0.574    1473.20    1473.18  0.000e+00
      10184     55.500     6.1403     6.1454     0.0049    3.25333    3.25407          1     5.9665     6.0483      20.77     0.3402     0.3812  1.000e-12  2.5262000    32.7718    32.7753     0.0034    25.7749    25.7770     54.977     55.167      0.566    1473.40    1473.42  0.000e+00
      10206     56.000     6.2598     6.2624     0.0026    3.26944    3.26986          1     5.8494     5.9500      20.38     0.3388     0.3675  1.000e-12  2.4997000    32.8357    32.8379     0.0021    25.8104    25.8117     55.472     55.663      0.558    1473.96    1473.97  0.000e+00
      10227     56.500     6.4790     6.4767    -0.0023    3.29902    3.29871          1     5.7198     5.8225      19.91     0.3330     0.3626  1.000e-12  2.4590000    32.9525    32.9513    -0.0012    25.8746    25.8739     55.968     56.160      0.559    1474.98    1474.97  0.000e+00
      10249     57.000     6.5234     6.5276     0.0042    3.30507    3.30578          1     5.6463     5.7341      19.41     0.3192     0.3641  1.000e-12  2.3544000    32.9764    32.9801     0.0037    25.8878    25.8901     56.463     56.656      0.567    1475.19    1475.22  0.000e+00
