ctdpy/exports/archive_20191121_122431/received_data/SBE09_1044_20180201_1313_34_02_0042.cnv
* Sea-Bird SBE 9 Data File:
* FileName = C:\ctd\temp\2018\ME18D042.hex
* Software Version Seasave V 7.26.6.26
* Temperature SN = 5351
* Conductivity SN = 3941
* Number of Bytes Per Scan = 41
* Number of Voltage Words = 4
* Number of Scans Averaged by the Deck Unit = 1
* NMEA Latitude = 56 06.99 N
* NMEA Longitude = 016 32.19 E
* NMEA UTC (Time) = Feb 01 2018  13:13:09
* NMEA baud rate = 4800
** Station:  BY39
** Operator:  JKro
** Ship: MERI
** Average sound velocity: 1433.03 m/s
** True-depth calculation Thu, 01 Feb 2018 14:05:31 +0000
** CTD Python Module SMHI /ver 3-12/ feb 2012 
** LIMS Job: 20183402-0042
** Cruise: SMHI-01-2018
** Latitude [GG MM.mm N] :
** Longitude [GG MM.mm E]:
# nquan = 26
# nvalues = 96                          
# units = specified
# name 0 = scan: Scan Count
# name 1 = prDM: Pressure, Digiquartz [db]
# name 2 = t090C: Temperature [ITS-90, deg C]
# name 3 = t190C: Temperature, 2 [ITS-90, deg C]
# name 4 = T2-T190C: Temperature Difference, 2 - 1 [ITS-90, deg C]
# name 5 = c0S/m: Conductivity [S/m]
# name 6 = c1S/m: Conductivity, 2 [S/m]
# name 7 = pumps: Pump Status
# name 8 = sbeox0ML/L: Oxygen, SBE 43 [ml/l]
# name 9 = sbeox1ML/L: Oxygen, SBE 43, 2 [ml/l]
# name 10 = altM: Altimeter [m]
# name 11 = flECO-AFL: Chl-a Fluorescence, WET Labs ECO-AFL/FL [mg/m^3]
# name 12 = flECO-AFL1: Phycocyanin Fluorescence, WET Labs ECO-AFL/FL, 2 [mg/m^3]
# name 13 = par: PAR/Irradiance, Biospherical/Lico [µE/(cm^2*s)]
# name 14 = turbWETntu0: Turbidity, WET Labs ECO [NTU]
# name 15 = sal00: Salinity, Practical [PSU]
# name 16 = sal11: Salinity, Practical, 2 [PSU]
# name 17 = secS-priS: Salinity, Practical, Difference, 2 - 1 [PSU]
# name 18 = sigma-t00: Density [sigma-t, Kg/m^3 ]
# name 19 = sigma-t11: Density, 2 [sigma-t, Kg/m^3 ]
# name 20 = depSM: Depth [salt water, m], lat = 56.1165
# name 21 = depFM: Depth [true depth, m], lat = 56.1165
# name 22 = dz/dtM: Descent Rate [m/s], WS = 2
# name 23 = svCM: Sound Velocity [Chen-Millero, m/s]
# name 24 = svCM1: Sound Velocity, 2 [Chen-Millero, m/s]
# name 25 = flag: flag
# span 0 =      13732,      17732       
# span 1 =      1.000,     48.500       
# span 2 =     4.1182,     5.0429       
# span 3 =     4.1198,     5.0423       
# span 4 =    -0.0209,     0.0239       
# span 5 =   0.765728,   0.906193       
# span 6 =   0.765665,   0.906060       
# span 7 =          1,          1       
# span 8 =    3.34331,    8.14028       
# span 9 =    3.44475,    8.07910       
# span 10 =       2.11,      51.63      
# span 11 =     0.2898,     0.4307      
# span 12 =     0.2273,     0.3851      
# span 13 = -3.636e-06, 3.3536e+02      
# span 14 =     0.1171,     0.2522      
# span 15 =     7.2125,     8.4169      
# span 16 =     7.2121,     8.4156      
# span 17 =    -0.0326,     0.0224      
# span 18 =     5.7290,     6.6535      
# span 19 =     5.7286,     6.6526      
# span 20 =      0.991,     48.053      
# span 21 =      1.013,     49.110      
# span 22 =     -0.269,      0.790      
# span 23 =    1431.88,    1437.94      
# span 24 =    1431.87,    1437.94      
# span 25 = 0.0000e+00, 0.0000e+00      
# interval = decibars: 0.5              
# start_time = Feb 01 2018 13:13:09 [NMEA time, first data scan]
# bad_flag = -9.990e-29
*END*
[from data line 56]
      15965     29.000     4.1800     4.1775    -0.0024    0.76643    0.76656          1     8.1163     8.0498      22.94     0.3824     0.3263  6.683e-01  0.1343000     7.2181     7.2200     0.0019     5.7336     5.7351     28.734     29.369      0.725    1432.28    1432.27  0.000e+00
      15982     29.500     4.1651     4.1688     0.0037    0.76715    0.76697          1     8.1084     8.0466      22.42     0.3736     0.3116  6.162e-01  0.1427000     7.2286     7.2260    -0.0026     5.7423     5.7401     29.229     29.876      0.612    1432.24    1432.25  0.000e+00
      16042     30.000     4.1606     4.1594    -0.0012    0.76743    0.76749          1     8.1074     8.0484      21.56     0.4013     0.3230  5.623e-01  0.1571000     7.2324     7.2332     0.0009     5.7454     5.7462     29.725     30.382      0.342    1432.23    1432.23  0.000e+00
      16096     30.500     4.1527     4.1534     0.0008    0.76796    0.76792          1     8.1008     8.0377      20.95     0.4050     0.3407  5.189e-01  0.1555000     7.2394     7.2389    -0.0005     5.7512     5.7508     30.220     30.888      0.615    1432.21    1432.21  0.000e+00
      16112     31.000     4.1481     4.1491     0.0010    0.76824    0.76820          1     8.0873     8.0449      20.50     0.3984     0.3119  4.817e-01  0.1673000     7.2432     7.2426    -0.0006     5.7544     5.7539     30.715     31.395      0.694    1432.20    1432.21  0.000e+00
      16129     31.500     4.1467     4.1474     0.0008    0.76834    0.76832          1     8.0907     8.0438      20.01     0.4254     0.3122  4.371e-01  0.1791000     7.2445     7.2441    -0.0004     5.7554     5.7551     31.211     31.901      0.579    1432.21    1432.21  0.000e+00
      16175     32.000     4.1464     4.1472     0.0008    0.76838    0.76835          1     8.0922     8.0347      19.31     0.4218     0.3405  3.857e-01  0.1815000     7.2449     7.2443    -0.0005     5.7558     5.7553     31.706     32.407      0.290    1432.21    1432.22  0.000e+00
      16241     32.500     4.1498     4.1503     0.0005    0.76816    0.76816          1     8.0748     8.0305      18.78     0.3826     0.3399  3.447e-01  0.1782000     7.2418     7.2417    -0.0001     5.7532     5.7531     32.201     32.914      0.442    1432.23    1432.23  0.000e+00
      16261     33.000     4.1443     4.1437    -0.0006    0.76857    0.76865          1     8.0713     8.0242      18.53     0.4069     0.2881  3.222e-01  0.1856000     7.2471     7.2481     0.0009     5.7576     5.7584     32.697     33.420      0.587    1432.22    1432.22  0.000e+00
      16281     33.500     4.1414     4.1419     0.0005    0.76877    0.76879          1     8.0861     8.0220      18.02     0.4025     0.2871  2.934e-01  0.1849000     7.2498     7.2498     0.0000     5.7598     5.7598     33.192     33.926      0.527    1432.22    1432.22  0.000e+00
      16319     34.000     4.1391     4.1404     0.0013    0.76894    0.76889          1     8.0888     8.0320      17.28     0.4094     0.3851  2.616e-01  0.1890000     7.2519     7.2511    -0.0008     5.7615     5.7608     33.688     34.433      0.278    1432.22    1432.23  0.000e+00
      16381     34.500     4.1371     4.1370    -0.0001    0.76919    0.76925          1     8.0784     8.0298      16.63     0.3994     0.3635  2.358e-01  0.1854000     7.2548     7.2555     0.0007     5.7639     5.7644     34.183     34.939      0.388    1432.23    1432.23  0.000e+00
      16404     35.000     4.1334     4.1344     0.0010    0.76955    0.76947          1     8.0745     8.0181      16.36     0.4105     0.3297  2.109e-01  0.1981000     7.2592     7.2582    -0.0010     5.7675     5.7666     34.678     35.445      0.497    1432.22    1432.22  0.000e+00
      16431     35.500     4.1323     4.1313    -0.0010    0.76961    0.76975          1     8.0658     8.0050      15.84     0.4187     0.3423  1.841e-01  0.2069000     7.2600     7.2616     0.0016     5.7681     5.7694     35.174     35.952      0.333    1432.23    1432.22  0.000e+00
      16489     36.000     4.1259     4.1275     0.0016    0.77023    0.77013          1     8.0362     7.9956      15.17     0.3955     0.3495  1.628e-01  0.2132000     7.2676     7.2663    -0.0014     5.7744     5.7732     35.669     36.458      0.307    1432.21    1432.22  0.000e+00
      16518     36.500     4.1193     4.1198     0.0006    0.77104    0.77103          1     8.0174     7.9792      14.75     0.4307     0.3608  1.391e-01  0.2221000     7.2773     7.2770    -0.0002     5.7822     5.7820     36.164     36.965      0.457    1432.20    1432.21  0.000e+00
      16545     37.000     4.1182     4.1217     0.0036    0.77313    0.77389          1     7.9236     7.9210      14.25     0.4120     0.3470  1.181e-01  0.2244000     7.2986     7.3055     0.0069     5.7992     5.8046     36.660     37.471      0.366    1432.24    1432.26  0.000e+00
      16597     37.500     4.1571     4.1620     0.0048    0.78051    0.78090          1     7.6415     7.6845      13.62     0.4088     0.3378  1.033e-01  0.2356000     7.3647     7.3675     0.0028     5.8506     5.8527     37.155     37.977      0.221    1432.50    1432.53  0.000e+00
      16643     38.000     4.1780     4.1842     0.0062    0.78262    0.78310          1     7.5094     7.5404      13.13     0.4085     0.3059  9.058e-02  0.2522000     7.3812     7.3847     0.0035     5.8632     5.8658     37.650     38.483      0.415    1432.63    1432.66  0.000e+00
      16666     38.500     4.2202     4.2157    -0.0042    0.78723    0.78684          1     7.3858     7.4247      12.72     0.3982     0.3583  7.719e-02  0.2436000     7.4183     7.4154    -0.0029     5.8915     5.8893     38.146     38.990      0.511    1432.87    1432.85  0.000e+00
      16692     39.000     4.2440     4.2658     0.0215    0.79011    0.79282          1     7.1344     7.2836      12.18     0.3878     0.3253  6.391e-02  0.2302000     7.4421     7.4645     0.0224     5.9097     5.9268     38.641     39.496      0.375    1433.02    1433.14  0.000e+00
      16761     39.500     4.3680     4.3918     0.0239    0.80487    0.80736          1     6.5798     6.8408      11.51     0.3519     0.3215  4.536e-02  0.1705000     7.5628     7.5825     0.0197     6.0018     6.0167     39.136     40.002      0.300    1433.73    1433.86  0.000e+00
      16794     40.000     4.4266     4.4224    -0.0042    0.81123    0.81069          1     6.4326     6.5696      11.13     0.3502     0.3135  3.558e-02  0.1942000     7.6134     7.6090    -0.0044     6.0402     6.0368     39.632     40.509      0.519    1434.07    1434.04  0.000e+00
      16815     40.500     4.4261     4.4293     0.0033    0.81119    0.81142          1     6.4134     6.5013      10.73     0.3263     0.3146  2.487e-02  0.1887000     7.6131     7.6147     0.0016     6.0399     6.0411     40.127     41.015      0.548    1434.07    1434.09  0.000e+00
      16841     41.000     4.4563     4.4552    -0.0010    0.81482    0.81448          1     6.3360     6.3906      10.17     0.3233     0.3171  1.236e-02  0.1858000     7.6427     7.6395    -0.0031     6.0624     6.0600     40.622     41.521      0.352    1434.25    1434.24  0.000e+00
      16912     41.500     4.5660     4.5451    -0.0209    0.83047    0.82674          1     5.8395     5.9774       9.32     0.3111     0.3200  2.112e-03  0.1614000     7.7746     7.7420    -0.0326     6.1633     6.1382     41.118     42.027      0.283    1434.91    1434.78  0.000e+00
      16949     42.000     4.7041     4.6983    -0.0058    0.85367    0.85314          1     5.0300     5.2636       9.02     0.3161     0.3065 -3.636e-06  0.1596000     7.9749     7.9710    -0.0039     6.3172     6.3143     41.613     42.533      0.418    1435.79    1435.76  0.000e+00
      16977     42.500     4.8158     4.8120    -0.0038    0.87040    0.87018          1     4.3470     4.6957       8.55     0.2902     0.3022  1.000e-12  0.1911000     8.1157     8.1144    -0.0012     6.4245     6.4236     42.109     43.039      0.370    1436.47    1436.45  0.000e+00
      17018     43.000     4.8717     4.8777     0.0060    0.88117    0.88189          1     3.8963     4.2535       7.93     0.3088     0.3321  1.000e-12  0.2071000     8.2098     8.2155     0.0057     6.4968     6.5011     42.604     43.545      0.237    1436.85    1436.88  0.000e+00
      17083     43.500     4.9422     4.9532     0.0110    0.89137    0.89303          1     3.6274     3.9109       7.35     0.2934     0.3057  1.000e-12  0.1828000     8.2945     8.3083     0.0139     6.5610     6.5714     43.099     44.051      0.265    1437.27    1437.34  0.000e+00
      17120     44.000     5.0176     5.0184     0.0008    0.90298    0.90321          1     3.4041     3.6375       6.96     0.2924     0.2937  1.000e-12  0.1727000     8.3917     8.3938     0.0021     6.6347     6.6364     43.595     44.557      0.416    1437.73    1437.74  0.000e+00
      17150     44.500     5.0337     5.0291    -0.0046    0.90539    0.90463          1     3.3433     3.5008       6.49     0.2994     0.3084  1.000e-12  0.1843000     8.4117     8.4053    -0.0064     6.6499     6.6450     44.090     45.063      0.325    1437.84    1437.81  0.000e+00
      17208     45.000     5.0376     5.0377     0.0000    0.90576    0.90575          1     3.3860     3.4904       5.89     0.3040     0.3227  1.000e-12  0.1821000     8.4143     8.4141    -0.0001     6.6517     6.6516     44.585     45.569      0.246    1437.87    1437.86  0.000e+00
      17250     45.500     5.0392     5.0389    -0.0003    0.90595    0.90588          1     3.4255     3.4847       5.50     0.2898     0.3112  1.000e-12  0.1858000     8.4157     8.4151    -0.0005     6.6528     6.6523     45.081     46.075      0.372    1437.88    1437.88  0.000e+00
      17281     46.000     5.0401     5.0398    -0.0004    0.90601    0.90592          1     3.4445     3.4779       5.09     0.3139     0.3152  1.000e-12  0.1993000     8.4160     8.4152    -0.0008     6.6530     6.6524     45.576     46.581      0.345    1437.90    1437.89  0.000e+00
      17330     46.500     5.0396     5.0399     0.0003    0.90594    0.90585          1     3.4509     3.4813       4.44     0.2921     0.2884  1.000e-12  0.1911000     8.4153     8.4144    -0.0009     6.6525     6.6517     46.071     47.087      0.203    1437.90    1437.90  0.000e+00
      17386     47.000     5.0402     5.0405     0.0003    0.90593    0.90590          1     3.4566     3.4741       3.93     0.3067     0.3261  1.000e-12  0.1825000     8.4151     8.4147    -0.0004     6.6522     6.6519     46.567     47.593      0.275    1437.91    1437.91  0.000e+00
      17422     47.500     5.0422     5.0409    -0.0013    0.90612    0.90592          1     3.4563     3.4613       3.48     0.3091     0.3211  1.000e-12  0.1764000     8.4164     8.4148    -0.0017     6.6532     6.6520     47.062     48.099      0.388    1437.93    1437.92  0.000e+00
      17479     48.000     5.0429     5.0423    -0.0005    0.90619    0.90606          1     3.4524     3.4566       3.00     0.2939     0.3219  1.000e-12  0.1809000     8.4169     8.4156    -0.0012     6.6535     6.6526     47.557     48.604      0.311    1437.94    1437.94  0.000e+00
      17732     48.500     5.0382     5.0392     0.0011    0.90572    0.90568          1     3.4385     3.4447       2.11     0.3008     0.2273  1.000e-12  0.2149000     8.4132     8.4126    -0.0007     6.6509     6.6503     48.053     49.110     -0.269    1437.93    1437.93  0.000e+00
