ctdpy/exports/archive_20191121_122431/received_data/SBE09_1044_20180416_2319_34_07_0010.cnv
* Sea-Bird SBE 9 Data File:
* FileName = C:\ctd\temp\2018\AU18D010.hex
* Software Version Seasave V 7.26.6.26
* Temperature SN = 5351
* Conductivity SN = 3941
* Number of Bytes Per Scan = 41
* Number of Voltage Words = 4
* Number of Scans Averaged by the Deck Unit = 1
* NMEA Latitude = 56 40.11 N
* NMEA Longitude = 012 06.68 E
* NMEA UTC (Time) = Apr 16 2018  23:19:22
* NMEA baud rate = 4800
** Station:  Anholt E
** Operator:  A-KTh
** Ship: AURA
** Average sound velocity: 1431.76 m/s
** True-depth calculation Tue, 17 Apr 2018 00:30:33 +0000
** CTD Python Module SMHI /ver 3-12/ feb 2012 
** LIMS Job: 20183407-0010
** Cruise: SMHI-01-2018
** Latitude [GG MM.mm N] :
** Longitude [GG MM.mm E]:
# nquan = 26
# nvalues = 120                         
# units = specified
# name 0 = scan: Scan Count
# name 1 = prDM: Pressure, Digiquartz [db]
# name 2 = t090C: Temperature [ITS-90, deg C]
# name 3 = t190C: Temperature, 2 [ITS-90, deg C]
# name 4 = T2-T190C: Temperature Difference, 2 - 1 [ITS-90, deg C]
# name 5 = c0S/m: Conductivity [S/m]
# name 6 = c1S/m: Conductivity, 2 [S/m]
# name 7 = pumps: Pump Status
# name 8 = sbeox0ML/L: Oxygen, SBE 43 [ml/l]
# name 9 = sbeox1ML/L: Oxygen, SBE 43, 2 [ml/l]
# name 10 = altM: Altimeter [m]
# name 11 = flECO-AFL: Chl-a Fluorescence, WET Labs ECO-AFL/FL [mg/m^3]
# name 12 = flECO-AFL1: Phycocyanin Fluorescence, WET Labs ECO-AFL/FL, 2 [mg/m^3]
# name 13 = par: PAR/Irradiance, Biospherical/Lico [µE/(cm^2*s)]
# name 14 = turbWETntu0: Turbidity, WET Labs ECO [NTU]
# name 15 = sal00: Salinity, Practical [PSU]
# name 16 = sal11: Salinity, Practical, 2 [PSU]
# name 17 = secS-priS: Salinity, Practical, Difference, 2 - 1 [PSU]
# name 18 = sigma-t00: Density [sigma-t, Kg/m^3 ]
# name 19 = sigma-t11: Density, 2 [sigma-t, Kg/m^3 ]
# name 20 = depSM: Depth [salt water, m], lat = 56.6685
# name 21 = depFM: Depth [true depth, m], lat = 56.6685
# name 22 = dz/dtM: Descent Rate [m/s], WS = 2
# name 23 = svCM: Sound Velocity [Chen-Millero, m/s]
# name 24 = svCM1: Sound Velocity, 2 [Chen-Millero, m/s]
# name 25 = flag: flag
# span 0 =       7693,      11082       
# span 1 =      0.500,     60.000       
# span 2 =     4.4588,     6.2447       
# span 3 =     4.4614,     6.2457       
# span 4 =    -0.0369,     0.1509       
# span 5 =   1.548967,   3.398742       
# span 6 =   1.536299,   3.398818       
# span 7 =          1,          1       
# span 8 =    5.49133,    8.53827       
# span 9 =    5.42747,    8.40574       
# span 10 =       1.72,      97.67      
# span 11 =     0.1707,    16.0613      
# span 12 =     0.1717,     1.8299      
# span 13 = 1.0000e-12, 3.3213e-01      
# span 14 =     0.2445,     1.4590      
# span 15 =    14.5886,    34.2933      
# span 16 =    14.4381,    34.2931      
# span 17 =    -0.1506,     0.1445      
# span 18 =    11.4613,    26.9629      
# span 19 =    11.3391,    26.9627      
# span 20 =      0.673,     59.442      
# span 21 =     -0.000,     59.695      
# span 22 =     -0.143,      0.568      
# span 23 =    1449.33,    1475.80      
# span 24 =    1449.35,    1475.80      
# span 25 = 0.0000e+00, 0.0000e+00      
# interval = decibars: 0.5              
# start_time = Apr 16 2018 23:19:22 [NMEA time, first data scan]
# bad_flag = -9.990e-29
*END*
[from data line 112]
      10849     56.500     6.2403     6.2413     0.0010    3.39787    3.39797          1     5.5241     5.4429       5.39     0.2513     0.2347  1.000e-12  1.0905000    34.2896    34.2896     0.0001    26.9605    26.9605     55.975     56.223      0.466    1475.72    1475.73  0.000e+00
      10874     57.000     6.2416     6.2417     0.0002    3.39812    3.39807          1     5.5228     5.4530       4.92     0.2710     0.2634  1.000e-12  1.0917000    34.2908    34.2901    -0.0007    26.9614    26.9608     56.470     56.719      0.481    1475.74    1475.74  0.000e+00
      10899     57.500     6.2428     6.2438     0.0009    3.39840    3.39846          1     5.5111     5.4454       4.41     0.2999     0.2445  1.000e-12  1.1426000    34.2924    34.2920    -0.0004    26.9625    26.9620     56.966     57.215      0.485    1475.75    1475.76  0.000e+00
      10924     58.000     6.2433     6.2438     0.0005    3.39847    3.39850          1     5.5112     5.4344       3.88     0.2500     0.1950  1.000e-12  1.1830000    34.2925    34.2923    -0.0002    26.9625    26.9623     57.461     57.711      0.474    1475.76    1475.76  0.000e+00
      10950     58.500     6.2434     6.2442     0.0008    3.39853    3.39858          1     5.5130     5.4407       3.38     0.2807     0.2726  1.000e-12  1.1200000    34.2927    34.2925    -0.0002    26.9626    26.9624     57.956     58.207      0.434    1475.77    1475.78  0.000e+00
      10980     59.000     6.2443     6.2450     0.0007    3.39866    3.39870          1     5.5064     5.4374       2.85     0.2656     0.2690  1.000e-12  1.0829000    34.2930    34.2928    -0.0003    26.9628    26.9625     58.451     58.703      0.372    1475.79    1475.79  0.000e+00
      11014     59.500     6.2447     6.2457     0.0010    3.39874    3.39882          1     5.4957     5.4275       2.34     0.2826     0.2736  1.000e-12  1.1455000    34.2933    34.2931    -0.0001    26.9629    26.9627     58.947     59.199      0.325    1475.80    1475.80  0.000e+00
      11082     60.000     6.2413     6.2421     0.0008    3.39825    3.39829          1     5.4913     5.4422       1.72     0.3905     0.3124  1.000e-12  1.0644000    34.2911    34.2906    -0.0005    26.9616    26.9611     59.442     59.695     -0.143    1475.79    1475.79  0.000e+00
