ctdpy/exports/archive_20191121_122431/received_data/SBE09_1044_20180127_1927_34_02_0021.cnv
* Sea-Bird SBE 9 Data File:
* FileName = C:\ctd\temp\2018\ME18D021.hex
* Software Version Seasave V 7.26.6.26
* Temperature SN = 5351
* Conductivity SN = 3941
* Number of Bytes Per Scan = 41
* Number of Voltage Words = 4
* Number of Scans Averaged by the Deck Unit = 1
* NMEA Latitude = 55 21.04 N
* NMEA Longitude = 019 03.53 E
* NMEA UTC (Time) = Jan 27 2018  19:28:07
* NMEA baud rate = 4800
** Station:  PL-P63
** Operator:  JKro
** Ship: MERI
** Average sound velocity: 1437.82 m/s
** True-depth calculation Sat, 27 Jan 2018 22:02:46 +0000
** CTD Python Module SMHI /ver 3-12/ feb 2012 
** LIMS Job: 20183402-0021
** Cruise: SMHI-01-2018
** Latitude [GG MM.mm N] :
** Longitude [GG MM.mm E]:
# nquan = 26
# nvalues = 160                         
# units = specified
# name 0 = scan: Scan Count
# name 1 = prDM: Pressure, Digiquartz [db]
# name 2 = t090C: Temperature [ITS-90, deg C]
# name 3 = t190C: Temperature, 2 [ITS-90, deg C]
# name 4 = T2-T190C: Temperature Difference, 2 - 1 [ITS-90, deg C]
# name 5 = c0S/m: Conductivity [S/m]
# name 6 = c1S/m: Conductivity, 2 [S/m]
# name 7 = pumps: Pump Status
# name 8 = sbeox0ML/L: Oxygen, SBE 43 [ml/l]
# name 9 = sbeox1ML/L: Oxygen, SBE 43, 2 [ml/l]
# name 10 = altM: Altimeter [m]
# name 11 = flECO-AFL: Chl-a Fluorescence, WET Labs ECO-AFL/FL [mg/m^3]
# name 12 = flECO-AFL1: Phycocyanin Fluorescence, WET Labs ECO-AFL/FL, 2 [mg/m^3]
# name 13 = par: PAR/Irradiance, Biospherical/Lico [µE/(cm^2*s)]
# name 14 = turbWETntu0: Turbidity, WET Labs ECO [NTU]
# name 15 = sal00: Salinity, Practical [PSU]
# name 16 = sal11: Salinity, Practical, 2 [PSU]
# name 17 = secS-priS: Salinity, Practical, Difference, 2 - 1 [PSU]
# name 18 = sigma-t00: Density [sigma-t, Kg/m^3 ]
# name 19 = sigma-t11: Density, 2 [sigma-t, Kg/m^3 ]
# name 20 = depSM: Depth [salt water, m], lat = 55.3507
# name 21 = depFM: Depth [true depth, m], lat = 55.3507
# name 22 = dz/dtM: Descent Rate [m/s], WS = 2
# name 23 = svCM: Sound Velocity [Chen-Millero, m/s]
# name 24 = svCM1: Sound Velocity, 2 [Chen-Millero, m/s]
# name 25 = flag: flag
# span 0 =      16014,      21122       
# span 1 =      1.500,     81.000       
# span 2 =     4.7860,     6.3139       
# span 3 =     4.7866,     6.3142       
# span 4 =    -0.0185,     0.0163       
# span 5 =   0.799846,   1.224933       
# span 6 =   0.799804,   1.224929       
# span 7 =          1,          1       
# span 8 =    0.17013,    8.07115       
# span 9 =    0.26122,    8.06551       
# span 10 =       1.36,      83.57      
# span 11 =     0.2753,     0.6617      
# span 12 =     0.2270,     0.3982      
# span 13 = 1.0000e-12, 9.5547e-02      
# span 14 =     0.1439,     0.2822      
# span 15 =     7.3964,    11.2133      
# span 16 =     7.3961,    11.2131      
# span 17 =    -0.0237,     0.0013      
# span 18 =     5.8500,     8.7876      
# span 19 =     5.8495,     8.7874      
# span 20 =      1.486,     80.252      
# span 21 =      1.519,     81.977      
# span 22 =     -0.048,      0.757      
# span 23 =    1435.35,    1447.45      
# span 24 =    1435.36,    1447.46      
# span 25 = 0.0000e+00, 0.0000e+00      
# interval = decibars: 0.5              
# start_time = Jan 27 2018 19:28:08 [NMEA time, first data scan]
# bad_flag = -9.990e-29
*END*
      16014      1.500     4.9435     4.9397    -0.0037    0.80085    0.80073          1     8.0711     8.0007      83.45     0.5937     0.2773  9.359e-02  0.1512000     7.3976     7.3971    -0.0004     5.8510     5.8508      1.486      1.519      0.030    1435.47    1435.46  0.000e+00
      16032      2.000     4.9334     4.9340     0.0004    0.80063    0.80059          1     8.0627     8.0441      83.54     0.5821     0.3379  9.555e-02  0.1625000     7.3976     7.3970    -0.0005     5.8514     5.8509      1.982      2.025      0.729    1435.43    1435.44  0.000e+00
      16044      2.500     4.9484     4.9387    -0.0096    0.80101    0.80072          1     8.0523     8.0364      83.57     0.5778     0.3558  4.175e-02  0.1670000     7.3979     7.3972    -0.0007     5.8511     5.8509      2.477      2.532      0.757    1435.51    1435.46  0.000e+00
      16139      3.000     4.9791     4.9605    -0.0185    0.80174    0.80125          1     8.0610     8.0391      83.20     0.5851     0.3417  1.517e-02  0.1716000     7.3982     7.3976    -0.0007     5.8501     5.8503      2.973      3.038      0.483    1435.65    1435.57  0.000e+00
      16246      3.500     4.9807     4.9698    -0.0109    0.80180    0.80146          1     8.0609     8.0348      82.36     0.5788     0.3591  3.560e-02  0.1726000     7.3985     7.3974    -0.0010     5.8502     5.8499      3.468      3.544      0.333    1435.67    1435.62  0.000e+00
      16289      4.000     4.9721     4.9866     0.0144    0.80154    0.80188          1     8.0420     8.0384      81.80     0.5937     0.3710  2.901e-02  0.1656000     7.3977     7.3978     0.0000     5.8500     5.8495      3.964      4.050      0.572    1435.63    1435.70  0.000e+00
      16313      4.500     4.9662     4.9686     0.0025    0.80141    0.80144          1     8.0549     8.0347      81.50     0.5889     0.3581  9.039e-03  0.1641000     7.3976     7.3974    -0.0002     5.8501     5.8499      4.459      4.557      0.408    1435.62    1435.63  0.000e+00
      16386      5.000     4.9612     4.9685     0.0073    0.80128    0.80142          1     8.0566     8.0077      80.69     0.5973     0.3142  8.872e-03  0.1603000     7.3974     7.3972    -0.0002     5.8502     5.8497      4.955      5.063      0.474    1435.60    1435.63  0.000e+00
      16401      5.500     4.9029     4.9172     0.0142    0.79988    0.80017          1     8.0609     8.0397      80.46     0.6617     0.3056  2.049e-03  0.1610000     7.3964     7.3961    -0.0003     5.8516     5.8508      5.450      5.569      0.585    1435.35    1435.42  0.000e+00
      16440      6.000     4.9097     4.9167     0.0070    0.80007    0.80019          1     8.0668     8.0225      79.88     0.5986     0.3158  1.704e-04  0.1675000     7.3967     7.3964    -0.0003     5.8516     5.8511      5.946      6.076      0.324    1435.39    1435.42  0.000e+00
      16509      6.500     4.9055     4.9218     0.0163    0.79997    0.80030          1     8.0614     8.0457      79.28     0.5770     0.3169  3.567e-04  0.1675000     7.3966     7.3962    -0.0004     5.8517     5.8507      6.441      6.582      0.418    1435.38    1435.45  0.000e+00
      16531      7.000     4.8998     4.9003     0.0005    0.79986    0.79983          1     8.0629     8.0246      78.81     0.5777     0.3515  6.809e-06  0.1881000     7.3968     7.3963    -0.0005     5.8520     5.8516      6.937      7.088      0.515    1435.36    1435.36  0.000e+00
      16556      7.500     4.8985     4.8992     0.0008    0.79985    0.79982          1     8.0616     8.0196      78.40     0.5796     0.3311  1.000e-12  0.1690000     7.3969     7.3964    -0.0006     5.8522     5.8517      7.432      7.595      0.341    1435.36    1435.37  0.000e+00
      16634      8.000     4.8992     4.8998     0.0006    0.79990    0.79985          1     8.0449     8.0655      77.67     0.6491     0.2885  1.000e-12  0.1607000     7.3971     7.3965    -0.0006     5.8523     5.8518      7.927      8.101      0.346    1435.38    1435.38  0.000e+00
      16656      8.500     4.8965     4.8971     0.0007    0.79985    0.79980          1     8.0522     8.0319      77.24     0.6034     0.3188  1.000e-12  0.1672000     7.3971     7.3966    -0.0006     5.8524     5.8520      8.423      8.607      0.502    1435.37    1435.37  0.000e+00
      16683      9.000     4.8961     4.8969     0.0008    0.79985    0.79982          1     8.0685     8.0200      76.69     0.6145     0.3186  1.000e-12  0.1800000     7.3972     7.3967    -0.0005     5.8525     5.8520      8.918      9.114      0.342    1435.38    1435.38  0.000e+00
      16751      9.500     4.8963     4.8975     0.0011    0.79988    0.79985          1     8.0572     8.0128      76.16     0.5943     0.3187  1.000e-12  0.1652000     7.3973     7.3968    -0.0005     5.8526     5.8521      9.414      9.620      0.309    1435.39    1435.39  0.000e+00
      16783     10.000     4.8966     4.8970     0.0005    0.79989    0.79985          1     8.0491     8.0215      75.85     0.6147     0.3168  1.000e-12  0.1857000     7.3973     7.3968    -0.0005     5.8526     5.8522      9.909     10.126      0.497    1435.40    1435.40  0.000e+00
      16807     10.500     4.8963     4.8969     0.0006    0.79990    0.79986          1     8.0647     8.0276      75.24     0.5960     0.3135  1.000e-12  0.1736000     7.3974     7.3969    -0.0005     5.8527     5.8522     10.405     10.632      0.387    1435.40    1435.41  0.000e+00
      16877     11.000     4.8963     4.8971     0.0007    0.79991    0.79987          1     8.0492     8.0231      74.63     0.5959     0.3545  1.000e-12  0.1569000     7.3974     7.3969    -0.0005     5.8527     5.8523     10.900     11.139      0.311    1435.41    1435.42  0.000e+00
      16907     11.500     4.8959     4.8967     0.0008    0.79991    0.79987          1     8.0506     8.0195      74.25     0.5916     0.3160  1.000e-12  0.1673000     7.3975     7.3969    -0.0005     5.8527     5.8523     11.396     11.645      0.516    1435.42    1435.42  0.000e+00
      16931     12.000     4.8959     4.8966     0.0007    0.79992    0.79988          1     8.0604     8.0143      73.90     0.5806     0.3275  1.000e-12  0.1719000     7.3975     7.3969    -0.0006     5.8527     5.8523     11.891     12.151      0.390    1435.43    1435.43  0.000e+00
      17000     12.500     4.8961     4.8967     0.0006    0.79993    0.79989          1     8.0503     8.0238      73.05     0.5942     0.2799  1.000e-12  0.1529000     7.3975     7.3970    -0.0005     5.8527     5.8523     12.387     12.658      0.304    1435.44    1435.44  0.000e+00
      17033     13.000     4.8972     4.8978     0.0007    0.79997    0.79993          1     8.0487     8.0282      72.64     0.5899     0.3540  1.000e-12  0.1764000     7.3977     7.3971    -0.0006     5.8528     5.8523     12.882     13.164      0.496    1435.45    1435.45  0.000e+00
      17057     13.500     4.8977     4.8982     0.0005    0.79999    0.79995          1     8.0555     8.0317      72.10     0.6085     0.3137  1.000e-12  0.1650000     7.3976     7.3971    -0.0006     5.8528     5.8523     13.377     13.670      0.443    1435.46    1435.46  0.000e+00
      17114     14.000     4.8974     4.8982     0.0007    0.79999    0.79996          1     8.0595     8.0232      71.44     0.6007     0.3319  1.000e-12  0.1628000     7.3976     7.3971    -0.0005     5.8528     5.8524     13.873     14.177      0.266    1435.46    1435.47  0.000e+00
      17165     14.500     4.8973     4.8982     0.0008    0.79999    0.79996          1     8.0501     8.0214      71.04     0.5528     0.3589  1.000e-12  0.1663000     7.3976     7.3971    -0.0005     5.8528     5.8523     14.368     14.683      0.498    1435.47    1435.47  0.000e+00
      17185     15.000     4.8974     4.8983     0.0009    0.80000    0.79997          1     8.0667     8.0362      70.61     0.6055     0.3528  1.000e-12  0.1604000     7.3976     7.3971    -0.0005     5.8528     5.8523     14.864     15.189      0.532    1435.48    1435.48  0.000e+00
      17225     15.500     4.8974     4.8983     0.0009    0.80001    0.79997          1     8.0620     8.0249      69.94     0.6143     0.3412  1.000e-12  0.1605000     7.3976     7.3971    -0.0005     5.8528     5.8523     15.359     15.695      0.303    1435.49    1435.49  0.000e+00
      17296     16.000     4.8969     4.8977     0.0008    0.80000    0.79996          1     8.0617     8.0207      69.38     0.6015     0.3504  1.000e-12  0.1484000     7.3976     7.3970    -0.0006     5.8528     5.8523     15.855     16.202      0.389    1435.49    1435.50  0.000e+00
      17319     16.500     4.8953     4.8961     0.0007    0.79996    0.79993          1     8.0593     8.0107      68.97     0.5911     0.3356  1.000e-12  0.1666000     7.3974     7.3970    -0.0004     5.8527     5.8523     16.350     16.708      0.486    1435.49    1435.50  0.000e+00
      17347     17.000     4.8952     4.8961     0.0009    0.79997    0.79993          1     8.0579     8.0168      68.38     0.6022     0.3075  1.000e-12  0.1622000     7.3975     7.3969    -0.0005     5.8528     5.8523     16.846     17.214      0.323    1435.50    1435.51  0.000e+00
      17426     17.500     4.8951     4.8960     0.0009    0.79997    0.79994          1     8.0696     7.9231      67.72     0.5965     0.3211  1.000e-12  0.1632000     7.3975     7.3970    -0.0006     5.8528     5.8523     17.341     17.721      0.292    1435.51    1435.51  0.000e+00
      17457     18.000     4.8948     4.8955     0.0007    0.79997    0.79993          1     8.0625     8.0349      67.32     0.5820     0.3151  1.000e-12  0.1745000     7.3975     7.3969    -0.0005     5.8528     5.8523     17.836     18.227      0.457    1435.52    1435.52  0.000e+00
      17486     18.500     4.8951     4.8957     0.0006    0.79998    0.79995          1     8.0688     8.0457      66.79     0.6080     0.3101  1.000e-12  0.1608000     7.3975     7.3970    -0.0005     5.8528     5.8523     18.332     18.733      0.328    1435.52    1435.53  0.000e+00
      17552     19.000     4.8957     4.8962     0.0005    0.80001    0.79997          1     8.0671     8.0444      66.16     0.6072     0.3146  1.000e-12  0.1678000     7.3975     7.3970    -0.0006     5.8528     5.8523     18.827     19.240      0.273    1435.54    1435.54  0.000e+00
      17592     19.500     4.8953     4.8966     0.0012    0.80001    0.79998          1     8.0670     8.0265      65.70     0.6023     0.3160  1.000e-12  0.1778000     7.3975     7.3970    -0.0006     5.8528     5.8523     19.323     19.746      0.353    1435.54    1435.55  0.000e+00
      17631     20.000     4.8945     4.8958     0.0013    0.79999    0.79996          1     8.0621     8.0062      65.13     0.5847     0.3386  1.000e-12  0.1727000     7.3975     7.3969    -0.0005     5.8528     5.8523     19.818     20.252      0.264    1435.55    1435.55  0.000e+00
      17679     20.500     4.8945     4.8952     0.0007    0.80000    0.79995          1     8.0645     8.0174      64.58     0.6013     0.3458  1.000e-12  0.1579000     7.3975     7.3969    -0.0006     5.8528     5.8523     20.314     20.759      0.261    1435.55    1435.56  0.000e+00
      17725     21.000     4.8946     4.8952     0.0006    0.80000    0.79996          1     8.0508     8.0173      64.09     0.5874     0.3497  1.000e-12  0.1653000     7.3975     7.3969    -0.0005     5.8528     5.8523     20.809     21.265      0.285    1435.56    1435.56  0.000e+00
      17761     21.500     4.8956     4.8962     0.0007    0.80003    0.80000          1     8.0541     8.0185      63.66     0.5982     0.2804  1.000e-12  0.1603000     7.3975     7.3970    -0.0005     5.8527     5.8523     21.304     21.771      0.406    1435.58    1435.58  0.000e+00
      17787     22.000     4.8961     4.8967     0.0007    0.80005    0.80002          1     8.0545     8.0207      63.18     0.5954     0.3199  1.000e-12  0.1687000     7.3975     7.3970    -0.0005     5.8527     5.8523     21.800     22.277      0.466    1435.59    1435.59  0.000e+00
      17813     22.500     4.8959     4.8966     0.0007    0.80005    0.80002          1     8.0586     8.0059      62.67     0.6076     0.3340  1.000e-12  0.1701000     7.3975     7.3970    -0.0005     5.8527     5.8523     22.295     22.784      0.432    1435.59    1435.60  0.000e+00
      17845     23.000     4.8958     4.8965     0.0007    0.80006    0.80002          1     8.0540     8.0306      62.12     0.5842     0.2783  1.000e-12  0.1672000     7.3975     7.3970    -0.0005     5.8528     5.8523     22.791     23.290      0.350    1435.60    1435.60  0.000e+00
      17878     23.500     4.8954     4.8964     0.0010    0.80005    0.80003          1     8.0650     8.0133      61.66     0.5984     0.3187  1.000e-12  0.1686000     7.3975     7.3970    -0.0005     5.8527     5.8523     23.286     23.796      0.410    1435.61    1435.61  0.000e+00
      17905     24.000     4.8948     4.8952     0.0005    0.80004    0.80000          1     8.0638     8.0018      61.13     0.6144     0.3170  1.000e-12  0.1800000     7.3974     7.3969    -0.0005     5.8527     5.8523     23.782     24.303      0.475    1435.61    1435.61  0.000e+00
      17930     24.500     4.8957     4.8971     0.0013    0.80008    0.80008          1     8.0585     7.9726      60.58     0.5785     0.3153  1.000e-12  0.1797000     7.3976     7.3972    -0.0004     5.8528     5.8525     24.277     24.809      0.466    1435.62    1435.63  0.000e+00
      17956     25.000     4.8968     4.8979     0.0011    0.80016    0.80014          1     8.0565     8.0427      60.08     0.5668     0.3307  1.000e-12  0.1831000     7.3980     7.3975    -0.0004     5.8531     5.8527     24.772     25.315      0.450    1435.64    1435.64  0.000e+00
      17983     25.500     4.8982     4.8989     0.0008    0.80024    0.80019          1     8.0559     8.0260      59.54     0.5867     0.3797  1.000e-12  0.1617000     7.3984     7.3978    -0.0007     5.8534     5.8528     25.268     25.822      0.420    1435.65    1435.65  0.000e+00
      18015     26.000     4.8964     4.8969     0.0005    0.80014    0.80010          1     8.0587     8.0204      58.99     0.5788     0.3529  1.000e-12  0.1668000     7.3978     7.3972    -0.0006     5.8530     5.8525     25.763     26.328      0.368    1435.65    1435.65  0.000e+00
      18046     26.500     4.9017     4.9004    -0.0013    0.80043    0.80028          1     8.0527     8.0255      58.43     0.6029     0.3409  1.000e-12  0.1607000     7.3994     7.3982    -0.0012     5.8541     5.8531     26.259     26.834      0.447    1435.68    1435.68  0.000e+00
      18069     27.000     4.9021     4.9029     0.0007    0.80045    0.80042          1     8.0534     7.9905      57.98     0.5810     0.3108  1.000e-12  0.1715000     7.3994     7.3990    -0.0004     5.8540     5.8537     26.754     27.341      0.571    1435.69    1435.70  0.000e+00
      18089     27.500     4.9027     4.9031     0.0004    0.80049    0.80044          1     8.0516     7.9888      57.53     0.5536     0.3306  1.000e-12  0.1833000     7.3996     7.3990    -0.0006     5.8542     5.8537     27.249     27.847      0.587    1435.70    1435.70  0.000e+00
      18111     28.000     4.9029     4.9036     0.0007    0.80053    0.80049          1     8.0454     7.9924      57.05     0.5579     0.3982  1.000e-12  0.1695000     7.4000     7.3994    -0.0006     5.8544     5.8540     27.745     28.353      0.450    1435.71    1435.71  0.000e+00
      18148     28.500     4.9035     4.9045     0.0011    0.80060    0.80058          1     8.0385     8.0060      56.32     0.5778     0.3384  1.000e-12  0.1676000     7.4005     7.4000    -0.0004     5.8548     5.8544     28.240     28.859      0.304    1435.72    1435.73  0.000e+00
