ctdpy/exports/archive_20191121_122431/received_data/SBE09_1044_20180131_2342_34_02_0040.cnv
* Sea-Bird SBE 9 Data File:
* FileName = C:\ctd\temp\2018\ME18D040.hex
* Software Version Seasave V 7.26.6.26
* Temperature SN = 5351
* Conductivity SN = 3941
* Number of Bytes Per Scan = 41
* Number of Voltage Words = 4
* Number of Scans Averaged by the Deck Unit = 1
* NMEA Latitude = 57 43.03 N
* NMEA Longitude = 017 22.01 E
* NMEA UTC (Time) = Jan 31 2018  23:42:48
* NMEA baud rate = 4800
** Station:  BY36
** Operator:  SSip
** Ship: MERI
** Average sound velocity: 1438.96 m/s
** True-depth calculation Thu, 01 Feb 2018 00:30:53 +0000
** CTD Python Module SMHI /ver 3-12/ feb 2012 
** LIMS Job: 20183402-0040
** Cruise: SMHI-01-2018
** Latitude [GG MM.mm N] :
** Longitude [GG MM.mm E]:
# nquan = 26
# nvalues = 263                         
# units = specified
# name 0 = scan: Scan Count
# name 1 = prDM: Pressure, Digiquartz [db]
# name 2 = t090C: Temperature [ITS-90, deg C]
# name 3 = t190C: Temperature, 2 [ITS-90, deg C]
# name 4 = T2-T190C: Temperature Difference, 2 - 1 [ITS-90, deg C]
# name 5 = c0S/m: Conductivity [S/m]
# name 6 = c1S/m: Conductivity, 2 [S/m]
# name 7 = pumps: Pump Status
# name 8 = sbeox0ML/L: Oxygen, SBE 43 [ml/l]
# name 9 = sbeox1ML/L: Oxygen, SBE 43, 2 [ml/l]
# name 10 = altM: Altimeter [m]
# name 11 = flECO-AFL: Chl-a Fluorescence, WET Labs ECO-AFL/FL [mg/m^3]
# name 12 = flECO-AFL1: Phycocyanin Fluorescence, WET Labs ECO-AFL/FL, 2 [mg/m^3]
# name 13 = par: PAR/Irradiance, Biospherical/Lico [µE/(cm^2*s)]
# name 14 = turbWETntu0: Turbidity, WET Labs ECO [NTU]
# name 15 = sal00: Salinity, Practical [PSU]
# name 16 = sal11: Salinity, Practical, 2 [PSU]
# name 17 = secS-priS: Salinity, Practical, Difference, 2 - 1 [PSU]
# name 18 = sigma-t00: Density [sigma-t, Kg/m^3 ]
# name 19 = sigma-t11: Density, 2 [sigma-t, Kg/m^3 ]
# name 20 = depSM: Depth [salt water, m], lat = 57.7172
# name 21 = depFM: Depth [true depth, m], lat = 57.7172
# name 22 = dz/dtM: Descent Rate [m/s], WS = 2
# name 23 = svCM: Sound Velocity [Chen-Millero, m/s]
# name 24 = svCM1: Sound Velocity, 2 [Chen-Millero, m/s]
# name 25 = flag: flag
# span 0 =       6174,      11599       
# span 1 =      2.000,    133.000       
# span 2 =     4.5896,     5.7373       
# span 3 =     4.5904,     5.7382       
# span 4 =    -0.0099,     0.0046       
# span 5 =   0.776981,   1.134298       
# span 6 =   0.776957,   1.134212       
# span 7 =          1,          1       
# span 8 =    0.02591,    8.05922       
# span 9 =    0.05223,    8.00406       
# span 10 =       4.40,      98.72      
# span 11 =     0.2341,     0.3950      
# span 12 =     0.2274,     0.3820      
# span 13 = 1.0000e-12, 8.9117e-02      
# span 14 =     0.1005,     2.6488      
# span 15 =     7.2371,    10.5044      
# span 16 =     7.2367,    10.5035      
# span 17 =    -0.0174,     0.0131      
# span 18 =     5.7365,     8.2697      
# span 19 =     5.7361,     8.2689      
# span 20 =      1.981,    131.728      
# span 21 =      2.025,    134.547      
# span 22 =     -0.290,      1.034      
# span 23 =    1433.72,    1444.71      
# span 24 =    1433.72,    1444.71      
# span 25 = 0.0000e+00, 0.0000e+00      
# interval = decibars: 0.5              
# start_time = Jan 31 2018 23:42:49 [NMEA time, first data scan]
# bad_flag = -9.990e-29
*END*
[from data line 112]
       8536     58.000     4.6085     4.6087     0.0003    0.77869    0.77864          1     8.0027     7.9502      82.33     0.3189     0.2701  1.000e-12  0.1170000     7.2435     7.2430    -0.0005     5.7409     5.7405     57.456     58.738      0.744    1434.68    1434.68  0.000e+00
       8553     58.500     4.6096     4.6102     0.0006    0.77877    0.77874          1     7.9735     7.9274      81.38     0.3168     0.2995  1.000e-12  0.1187000     7.2440     7.2436    -0.0004     5.7413     5.7410     57.951     59.245      0.642    1434.70    1434.70  0.000e+00
       8574     59.000     4.6242     4.6255     0.0012    0.77988    0.77983          1     7.9277     7.8883      80.71     0.3058     0.3143  1.000e-12  0.1184000     7.2518     7.2511    -0.0007     5.7470     5.7464     58.446     59.751      0.523    1434.78    1434.79  0.000e+00
       8600     59.500     4.6666     4.6629    -0.0037    0.78276    0.78238          1     7.8308     7.8150      80.08     0.3144     0.3040  1.000e-12  0.1239000     7.2712     7.2682    -0.0030     5.7610     5.7587     58.942     60.257      0.450    1435.00    1434.98  0.000e+00
       8627     60.000     4.7793     4.7703    -0.0089    0.79115    0.79028          1     7.5672     7.6048      79.55     0.2936     0.2977  1.000e-12  0.1293000     7.3299     7.3232    -0.0067     5.8035     5.7985     59.437     60.764      0.489    1435.58    1435.54  0.000e+00
       8649     60.500     4.8736     4.8723    -0.0013    0.79895    0.79873          1     7.2739     7.3723      79.09     0.2834     0.3134  1.000e-12  0.1071000     7.3865     7.3846    -0.0019     5.8449     5.8434     59.932     61.270      0.604    1436.08    1436.07  0.000e+00
       8667     61.000     4.9435     4.9401    -0.0034    0.80542    0.80512          1     7.0196     7.1610      78.64     0.2740     0.3171  1.000e-12  0.1097000     7.4350     7.4329    -0.0022     5.8806     5.8791     60.427     61.776      0.673    1436.46    1436.44  0.000e+00
       8684     61.500     5.0258     5.0190    -0.0067    0.81320    0.81256          1     6.7500     6.9168      78.18     0.2745     0.2955  1.000e-12  0.1150000     7.4937     7.4888    -0.0048     5.9238     5.9203     60.922     62.283      0.661    1436.90    1436.87  0.000e+00
       8703     62.000     5.1161     5.1111    -0.0051    0.82130    0.82095          1     6.4546     6.6478      77.63     0.2833     0.2876  1.000e-12  0.1291000     7.5534     7.5511    -0.0023     5.9674     5.9658     61.418     62.789      0.574    1437.38    1437.36  0.000e+00
       8727     62.500     5.1568     5.1554    -0.0015    0.82752    0.82716          1     6.2129     6.4188      77.06     0.2710     0.2964  1.000e-12  0.1255000     7.6055     7.6023    -0.0032     6.0069     6.0045     61.913     63.295      0.472    1437.64    1437.63  0.000e+00
       8753     63.000     5.2175     5.2129    -0.0046    0.83483    0.83420          1     5.8813     6.1170      77.42     0.2472     0.3178  1.000e-12  0.1428000     7.6638     7.6586    -0.0052     6.0504     6.0465     62.408     63.801      0.529    1437.98    1437.96  0.000e+00
       8773     63.500     5.3754     5.3723    -0.0031    0.85051    0.85030          1     5.5234     5.7921      77.33     0.2583     0.3163  1.000e-12  0.1295000     7.7818     7.7805    -0.0013     6.1367     6.1358     62.903     64.307      0.681    1438.83    1438.82  0.000e+00
       8789     64.000     5.4229     5.4224    -0.0005    0.85555    0.85550          1     5.2853     5.5737      76.98     0.2603     0.3165  1.000e-12  0.1302000     7.8203     7.8200    -0.0003     6.1649     6.1646     63.399     64.814      0.752    1439.09    1439.09  0.000e+00
       8805     64.500     5.4427     5.4429     0.0003    0.85756    0.85756          1     5.0496     5.3596      76.56     0.2589     0.3166  1.000e-12  0.1299000     7.8353     7.8353    -0.0000     6.1758     6.1758     63.894     65.320      0.707    1439.21    1439.21  0.000e+00
       8824     65.000     5.5852     5.5754    -0.0099    0.87344    0.87271          1     4.7127     5.0565      75.84     0.2597     0.3195  1.000e-12  0.1349000     7.9575     7.9527    -0.0048     6.2654     6.2621     64.389     65.826      0.570    1439.99    1439.94  0.000e+00
       8849     65.500     5.6742     5.6758     0.0016    0.88287    0.88282          1     4.3416     4.6839      75.15     0.2419     0.2897  1.000e-12  0.1360000     8.0288     8.0279    -0.0009     6.3172     6.3164     64.884     66.332      0.460    1440.47    1440.48  0.000e+00
       8875     66.000     5.7371     5.7375     0.0004    0.89423    0.89381          1     3.9908     4.3191      74.61     0.2554     0.2433  1.000e-12  0.1466000     8.1248     8.1206    -0.0042     6.3897     6.3864     65.379     66.838      0.503    1440.87    1440.87  0.000e+00
       8897     66.500     5.7373     5.7382     0.0010    0.90616    0.90619          1     3.6539     3.9863      74.18     0.2604     0.3032  1.000e-12  0.1491000     8.2414     8.2415     0.0001     6.4817     6.4818     65.875     67.344      0.578    1441.03    1441.03  0.000e+00
       8917     67.000     5.7286     5.7300     0.0014    0.91412    0.91384          1     3.3633     3.6948      73.69     0.2499     0.2921  1.000e-12  0.1518000     8.3215     8.3184    -0.0031     6.5454     6.5429     66.370     67.850      0.616    1441.10    1441.10  0.000e+00
       8936     67.500     5.6929     5.6959     0.0030    0.92420    0.92375          1     3.1140     3.4487      73.17     0.2380     0.2641  1.000e-12  0.1525000     8.4292     8.4239    -0.0052     6.6322     6.6279     66.865     68.356      0.622    1441.09    1441.10  0.000e+00
       8955     68.000     5.6684     5.6697     0.0013    0.93020    0.92999          1     2.9334     3.2531      72.70     0.2600     0.2274  1.000e-12  0.1432000     8.4942     8.4918    -0.0024     6.6848     6.6828     67.360     68.862      0.594    1441.07    1441.08  0.000e+00
       8976     68.500     5.6593     5.6601     0.0009    0.93290    0.93288          1     2.8451     3.1315      72.18     0.2603     0.3414  1.000e-12  0.1362000     8.5229     8.5225    -0.0004     6.7079     6.7076     67.856     69.368      0.561    1441.08    1441.08  0.000e+00
       8998     69.000     5.6478     5.6477    -0.0001    0.93573    0.93583          1     2.8228     3.0757      71.58     0.2609     0.3153  1.000e-12  0.1276000     8.5537     8.5547     0.0010     6.7328     6.7336     68.351     69.874      0.556    1441.08    1441.08  0.000e+00
       9019     69.500     5.6410     5.6419     0.0009    0.93669    0.93663          1     2.8414     3.0464      71.04     0.2591     0.2872  1.000e-12  0.1206000     8.5647     8.5638    -0.0009     6.7419     6.7411     68.846     70.379      0.579    1441.07    1441.07  0.000e+00
       9039     70.000     5.6381     5.6393     0.0011    0.93701    0.93690          1     2.8588     3.0194      70.53     0.2524     0.2907  1.000e-12  0.1182000     8.5685     8.5671    -0.0015     6.7451     6.7438     69.341     70.885      0.617    1441.07    1441.07  0.000e+00
       9058     70.500     5.6273     5.6271    -0.0002    0.93947    0.93961          1     2.8157     2.9531      70.05     0.2341     0.3002  1.000e-12  0.1239000     8.5955     8.5969     0.0014     6.7669     6.7680     69.836     71.391      0.650    1441.07    1441.07  0.000e+00
       9076     71.000     5.6014     5.6031     0.0017    0.94516    0.94498          1     2.7154     2.8570      69.53     0.2721     0.3144  1.000e-12  0.1291000     8.6581     8.6559    -0.0022     6.8176     6.8158     70.332     71.897      0.660    1441.04    1441.05  0.000e+00
       9095     71.500     5.5800     5.5817     0.0017    0.94796    0.94779          1     2.5934     2.7410      69.10     0.2781     0.3277  1.000e-12  0.1282000     8.6912     8.6891    -0.0021     6.8449     6.8431     70.827     72.403      0.642    1441.00    1441.00  0.000e+00
       9114     72.000     5.5583     5.5605     0.0022    0.95290    0.95262          1     2.4484     2.5973      68.89     0.2719     0.3619  1.000e-12  0.1240000     8.7455     8.7422    -0.0033     6.8888     6.8861     71.322     72.909      0.601    1440.98    1440.99  0.000e+00
       9135     72.500     5.5219     5.5241     0.0023    0.95836    0.95815          1     2.2825     2.4355      68.30     0.2604     0.3229  1.000e-12  0.1241000     8.8090     8.8063    -0.0027     6.9408     6.9386     71.817     73.414      0.523    1440.91    1440.92  0.000e+00
       9162     73.000     5.4699     5.4745     0.0046    0.96521    0.96444          1     2.0760     2.2402      67.58     0.2814     0.3182  1.000e-12  0.1263000     8.8905     8.8816    -0.0089     7.0078     7.0006     72.312     73.920      0.397    1440.80    1440.81  0.000e+00
       9194     73.500     5.4600     5.4603     0.0003    0.97217    0.97185          1     1.8834     2.0505      66.88     0.2721     0.3132  1.000e-12  0.1435000     8.9621     8.9588    -0.0033     7.0649     7.0623     72.808     74.426      0.428    1440.85    1440.85  0.000e+00
       9218     74.000     5.4690     5.4691     0.0001    0.97700    0.97676          1     1.7523     1.9239      66.39     0.2725     0.2683  1.000e-12  0.1428000     9.0076     9.0052    -0.0025     7.1004     7.0984     73.303     74.931      0.651    1440.96    1440.96  0.000e+00
       9233     74.500     5.4664     5.4670     0.0007    0.98626    0.98596          1     1.6063     1.7895      65.96     0.2725     0.3036  1.000e-12  0.1435000     9.1003     9.0971    -0.0032     7.1737     7.1711     73.798     75.437      0.829    1441.07    1441.07  0.000e+00
       9247     75.000     5.4580     5.4588     0.0008    0.99352    0.99339          1     1.4683     1.6688      65.52     0.2694     0.3188  1.000e-12  0.1490000     9.1747     9.1732    -0.0015     7.2328     7.2316     74.293     75.943      0.935    1441.14    1441.14  0.000e+00
       9259     75.500     5.4596     5.4600     0.0004    0.99563    0.99558          1     1.3504     1.5602      65.10     0.2642     0.3179  1.000e-12  0.1671000     9.1952     9.1946    -0.0006     7.2490     7.2484     74.788     76.448      0.969    1441.18    1441.18  0.000e+00
       9271     76.000     5.4566     5.4571     0.0005    1.00020    1.00006          1     1.2517     1.4639      64.60     0.2622     0.3189  1.000e-12  0.1692000     9.2414     9.2399    -0.0015     7.2855     7.2844     75.284     76.954      0.922    1441.23    1441.23  0.000e+00
       9285     76.500     5.4466     5.4474     0.0008    1.00438    1.00424          1     1.1634     1.3690      64.03     0.2651     0.2963  1.000e-12  0.1852000     9.2857     9.2842    -0.0016     7.3211     7.3198     75.779     77.460      0.771    1441.25    1441.26  0.000e+00
       9306     77.000     5.4430     5.4444     0.0015    1.00809    1.00764          1     1.1263     1.2816      63.27     0.2925     0.3040  1.000e-12  0.2012000     9.3237     9.3188    -0.0049     7.3512     7.3473     76.274     77.965      0.432    1441.30    1441.30  0.000e+00
       9364     77.500     5.4608     5.4638     0.0031    0.99290    0.99123          1     1.5672     1.5194      62.51     0.2854     0.3517  1.000e-12  0.1859000     9.1675     9.1500    -0.0174     7.2270     7.2130     76.769     78.471      0.360    1441.18    1441.17  0.000e+00
       9389     78.000     5.4447     5.4440    -0.0007    1.00944    1.01047          1     1.2952     1.3790      62.20     0.2944     0.3094  1.000e-12  0.1852000     9.3365     9.3470     0.0105     7.3612     7.3696     77.264     78.976      0.684    1441.33    1441.34  0.000e+00
       9404     78.500     5.4414     5.4420     0.0006    1.01334    1.01322          1     1.0847     1.2244      61.86     0.2857     0.2708  1.000e-12  0.2018000     9.3763     9.3749    -0.0014     7.3928     7.3917     77.760     79.482      0.879    1441.38    1441.38  0.000e+00
       9416     79.000     5.4396     5.4401     0.0005    1.01727    1.01714          1     0.9187     1.0830      61.51     0.2837     0.3065  1.000e-12  0.2152000     9.4158     9.4144    -0.0015     7.4241     7.4230     78.255     79.987      0.991    1441.43    1441.43  0.000e+00
       9428     79.500     5.4373     5.4380     0.0007    1.02413    1.02388          1     0.7651     0.9486      61.01     0.2956     0.3162  1.000e-12  0.2287000     9.4849     9.4823    -0.0026     7.4788     7.4767     78.750     80.493      1.034    1441.51    1441.51  0.000e+00
       9439     80.000     5.4362     5.4370     0.0008    1.03395    1.03397          1     0.6142     0.8144      60.50     0.3081     0.2997  1.000e-12  0.2402000     9.5832     9.5832     0.0000     7.5565     7.5564     79.245     80.998      1.007    1441.64    1441.64  0.000e+00
       9451     80.500     5.4410     5.4417     0.0008    1.03953    1.03955          1     0.4774     0.6893      60.01     0.2996     0.2730  1.000e-12  0.2585000     9.6375     9.6375    -0.0000     7.5991     7.5990     79.740     81.504      0.891    1441.74    1441.74  0.000e+00
       9467     81.000     5.4440     5.4447     0.0006    1.04247    1.04230          1     0.3657     0.5845      59.36     0.2841     0.2712  1.000e-12  0.2928000     9.6660     9.6641    -0.0019     7.6214     7.6199     80.236     82.009      0.668    1441.80    1441.80  0.000e+00
       9493     81.500     5.4455     5.4460     0.0005    1.04375    1.04331          1     0.3550     0.5265      58.50     0.3081     0.2885  1.000e-12  0.3079000     9.6783     9.6738    -0.0045     7.6310     7.6274     80.731     82.515      0.315    1441.83    1441.82  0.000e+00
       9551     82.000     5.4467     5.4465    -0.0002    1.02830    1.02961          1     0.7015     0.7690      57.79     0.3031     0.3211  1.000e-12  0.2739000     9.5235     9.5366     0.0131     7.5088     7.5191     81.226     83.020      0.359    1441.64    1441.66  0.000e+00
       9572     82.500     5.4477     5.4482     0.0005    1.04615    1.04601          1     0.5164     0.6205      57.51     0.2837     0.3104  1.000e-12  0.2694000     9.7015     9.7000    -0.0016     7.6493     7.6480     81.721     83.525      0.702    1441.88    1441.88  0.000e+00
       9587     83.000     5.4482     5.4488     0.0005    1.04644    1.04634          1     0.4243     0.5304      57.11     0.2953     0.3037  1.000e-12  0.3263000     9.7042     9.7030    -0.0011     7.6513     7.6504     82.216     84.031      0.879    1441.90    1441.90  0.000e+00
       9599     83.500     5.4494     5.4498     0.0004    1.04743    1.04728          1     0.3770     0.4799      56.69     0.2969     0.3254  1.000e-12  0.3314000     9.7136     9.7120    -0.0016     7.6587     7.6574     82.711     84.536      0.967    1441.92    1441.92  0.000e+00
       9611     84.000     5.4520     5.4523     0.0004    1.04930    1.04909          1     0.3377     0.4475      56.22     0.2969     0.3350  1.000e-12  0.3370000     9.7316     9.7294    -0.0022     7.6727     7.6710     83.207     85.042      0.980    1441.96    1441.96  0.000e+00
       9623     84.500     5.4578     5.4581     0.0003    1.05233    1.05216          1     0.2990     0.4112      55.73     0.2969     0.3281  1.000e-12  0.3381000     9.7601     9.7583    -0.0018     7.6950     7.6935     83.702     85.547      0.925    1442.03    1442.03  0.000e+00
       9637     85.000     5.4614     5.4616     0.0001    1.05405    1.05381          1     0.2551     0.3646      55.17     0.3172     0.3175  1.000e-12  0.3385000     9.7761     9.7737    -0.0025     7.7074     7.7054     84.197     86.052      0.801    1442.07    1442.07  0.000e+00
