ctdpy/exports/archive_20191121_122431/received_data/SBE09_1044_20181020_0511_34_01_0114.cnv
* Sea-Bird SBE 9 Data File:
* FileName = C:\ctd\temp\ar18d114.hex
* Software Version Seasave V 7.26.7.107
* Temperature SN = 5351
* Conductivity SN = 3941
* Number of Bytes Per Scan = 41
* Number of Voltage Words = 4
* Number of Scans Averaged by the Deck Unit = 1
* NMEA Latitude = 57 07.03 N
* NMEA Longitude = 017 40.13 E
* NMEA UTC (Time) = Oct 20 2018  05:10:43
* NMEA baud rate = 4800
** Station:  BY38
** Operator:  OBac
** Ship: ARANDA
** Average sound velocity: 1445.45 m/s
** True-depth calculation Sat, 20 Oct 2018 06:04:12 +0000
** CTD Python Module SMHI /ver 3-12/ feb 2012 
** LIMS Job: 20183401-0114
** Cruise: SMHI-4-2018
** Latitude [GG MM.mm N]:
** Longitude [GG MM.mm E]
# nquan = 26
# nvalues = 208                         
# units = specified
# name 0 = scan: Scan Count
# name 1 = prDM: Pressure, Digiquartz [db]
# name 2 = t090C: Temperature [ITS-90, deg C]
# name 3 = t190C: Temperature, 2 [ITS-90, deg C]
# name 4 = T2-T190C: Temperature Difference, 2 - 1 [ITS-90, deg C]
# name 5 = c0S/m: Conductivity [S/m]
# name 6 = c1S/m: Conductivity, 2 [S/m]
# name 7 = pumps: Pump Status
# name 8 = sbeox0ML/L: Oxygen, SBE 43 [ml/l]
# name 9 = sbeox1ML/L: Oxygen, SBE 43, 2 [ml/l]
# name 10 = altM: Altimeter [m]
# name 11 = flECO-AFL: Chl-a Fluorescence, WET Labs ECO-AFL/FL [mg/m^3]
# name 12 = flECO-AFL1: Phycocyanin Fluorescence, WET Labs ECO-AFL/FL, 2 [mg/m^3]
# name 13 = par: PAR/Irradiance, Biospherical/Lico [µE/(cm^2*s)]
# name 14 = turbWETntu0: Turbidity, WET Labs ECO [NTU]
# name 15 = sal00: Salinity, Practical [PSU]
# name 16 = sal11: Salinity, Practical, 2 [PSU]
# name 17 = secS-priS: Salinity, Practical, Difference, 2 - 1 [PSU]
# name 18 = sigma-t00: Density [sigma-t, Kg/m^3 ]
# name 19 = sigma-t11: Density, 2 [sigma-t, Kg/m^3 ]
# name 20 = depSM: Depth [salt water, m], lat = 57.1172
# name 21 = depFM: Depth [true depth, m], lat = 57.1172
# name 22 = dz/dtM: Descent Rate [m/s], WS = 2
# name 23 = svCM: Sound Velocity [Chen-Millero, m/s]
# name 24 = svCM1: Sound Velocity, 2 [Chen-Millero, m/s]
# name 25 = flag: flag
# span 0 =      32973,      38318       
# span 1 =      1.500,    105.000       
# span 2 =     4.0816,    11.4383       
# span 3 =     4.0821,    11.4397       
# span 4 =    -0.0042,     0.0131       
# span 5 =   0.789304,   1.171632       
# span 6 =   0.789466,   1.171596       
# span 7 =          1,          1       
# span 8 =    0.03478,    7.33271       
# span 9 =    0.07212,    6.93829       
# span 10 =       3.13,      98.96      
# span 11 =     0.2457,     1.3251      
# span 12 =     0.1499,     0.4532      
# span 13 = -7.985e-06, 7.5069e+00      
# span 14 =     0.1624,     1.8060      
# span 15 =     6.9402,    10.8191      
# span 16 =     6.9399,    10.8182      
# span 17 =    -0.0058,     0.0012      
# span 18 =     4.9566,     8.5056      
# span 19 =     4.9562,     8.5048      
# span 20 =      1.486,    104.008      
# span 21 =      1.520,    106.226      
# span 22 =      0.008,      0.592      
# span 23 =    1432.89,    1461.57      
# span 24 =    1432.92,    1461.57      
# span 25 = 0.0000e+00, 0.0000e+00      
# interval = decibars: 0.5              
# start_time = Oct 20 2018 05:10:43 [NMEA time, first data scan]
# bad_flag = -9.990e-29
*END*
[from data line 112]
      35583     57.500     4.8781     4.8795     0.0014    0.99330    0.99317          1     0.2577     0.4292      51.63     0.3291     0.2406  1.000e-12  0.4174000     9.3360     9.3342    -0.0018     7.3878     7.3863     56.963     58.236      0.544    1438.54    1438.54  0.000e+00
      35605     58.000     4.8980     4.8985     0.0005    0.99738    0.99716          1     0.1507     0.3208      51.10     0.3266     0.2710  1.000e-12  0.4724000     9.3716     9.3692    -0.0024     7.4151     7.4132     57.459     58.742      0.530    1438.68    1438.68  0.000e+00
      35628     58.500     4.9344     4.9352     0.0009    1.00464    1.00445          1     0.0998     0.2634      50.55     0.3424     0.2676  1.000e-12  0.7804000     9.4347     9.4326    -0.0021     7.4634     7.4617     57.954     59.247      0.533    1438.93    1438.93  0.000e+00
      35650     59.000     4.9813     4.9815     0.0002    1.01200    1.01178          1     0.0973     0.2403      50.12     0.3824     0.2336  1.000e-12  1.8060000     9.4958     9.4935    -0.0023     7.5096     7.5077     58.449     59.753      0.532    1439.22    1439.22  0.000e+00
      35673     59.500     5.0286     5.0292     0.0006    1.02056    1.02031          1     0.1061     0.2297      49.59     0.3495     0.2324  1.000e-12  1.7640000     9.5687     9.5660    -0.0026     7.5651     7.5629     58.944     60.258      0.523    1439.52    1439.53  0.000e+00
      35696     60.000     5.0559     5.0582     0.0023    1.02592    1.02593          1     0.1095     0.2236      49.02     0.3797     0.2080  1.000e-12  1.4716000     9.6149     9.6144    -0.0006     7.6004     7.5998     59.440     60.764      0.534    1439.71    1439.72  0.000e+00
      35718     60.500     5.0680     5.0696     0.0017    1.02803    1.02796          1     0.1150     0.2186      48.60     0.3754     0.2398  1.000e-12  1.2281000     9.6327     9.6315    -0.0012     7.6138     7.6128     59.935     61.269      0.557    1439.79    1439.80  0.000e+00
      35739     61.000     5.0801     5.0831     0.0029    1.02971    1.02984          1     0.1150     0.2117      47.78     0.3778     0.2511  1.000e-12  1.1104000     9.6460     9.6466     0.0005     7.6238     7.6241     60.430     61.774      0.559    1439.87    1439.89  0.000e+00
      35761     61.500     5.1225     5.1224    -0.0001    1.03570    1.03553          1     0.1167     0.2073      47.36     0.3835     0.2403  1.000e-12  1.0130000     9.6942     9.6925    -0.0017     7.6598     7.6585     60.925     62.280      0.529    1440.13    1440.12  0.000e+00
      35785     62.000     5.1420     5.1432     0.0011    1.03871    1.03858          1     0.1155     0.2024      46.95     0.3855     0.2181  1.000e-12  0.9163000     9.7188     9.7172    -0.0016     7.6784     7.6770     61.421     62.785      0.508    1440.25    1440.25  0.000e+00
      35808     62.500     5.1550     5.1576     0.0026    1.04058    1.04062          1     0.1120     0.1943      46.46     0.3866     0.2039  1.000e-12  0.9162000     9.7338     9.7335    -0.0004     7.6896     7.6892     61.916     63.291      0.534    1440.33    1440.35  0.000e+00
      35830     63.000     5.1811     5.1826     0.0014    1.04453    1.04445          1     0.1104     0.1879      45.96     0.3859     0.1783  1.000e-12  0.8957000     9.7659     9.7647    -0.0012     7.7137     7.7126     62.411     63.796      0.562    1440.50    1440.50  0.000e+00
      35851     63.500     5.2206     5.2213     0.0008    1.05056    1.05037          1     0.1109     0.1824      45.44     0.3870     0.2040  1.000e-12  0.8391000     9.8151     9.8129    -0.0022     7.7506     7.7488     62.906     64.301      0.557    1440.74    1440.74  0.000e+00
      35873     64.000     5.2531     5.2535     0.0005    1.05533    1.05508          1     0.1041     0.1773      44.96     0.3982     0.2354  1.000e-12  0.7556000     9.8535     9.8508    -0.0027     7.7793     7.7771     63.402     64.807      0.535    1440.94    1440.94  0.000e+00
      35896     64.500     5.2770     5.2784     0.0014    1.05892    1.05882          1     0.1018     0.1758      44.52     0.3847     0.2397  1.000e-12  0.6650000     9.8825     9.8811    -0.0015     7.8010     7.7998     63.897     65.312      0.525    1441.09    1441.09  0.000e+00
      35918     65.000     5.2912     5.2928     0.0015    1.06109    1.06099          1     0.1012     0.1700      44.06     0.3741     0.2243  1.000e-12  0.6135000     9.9001     9.8986    -0.0015     7.8142     7.8129     64.392     65.817      0.530    1441.18    1441.18  0.000e+00
      35941     65.500     5.3061     5.3073     0.0013    1.06387    1.06373          1     0.1000     0.1639      43.81     0.3718     0.2068  1.000e-12  0.5848000     9.9236     9.9218    -0.0019     7.8319     7.8304     64.888     66.323      0.539    1441.28    1441.28  0.000e+00
      35963     66.000     5.3321     5.3332     0.0011    1.06787    1.06774          1     0.0988     0.1627      43.66     0.3755     0.2100  1.000e-12  0.5448000     9.9560     9.9544    -0.0016     7.8562     7.8549     65.383     66.828      0.544    1441.44    1441.44  0.000e+00
      35985     66.500     5.3499     5.3515     0.0017    1.07043    1.07036          1     0.0922     0.1584      43.29     0.4009     0.2645  1.000e-12  0.4885000     9.9764     9.9752    -0.0012     7.8714     7.8703     65.878     67.333      0.547    1441.55    1441.56  0.000e+00
      36007     67.000     5.3660     5.3671     0.0011    1.07286    1.07274          1     0.0899     0.1514      42.87     0.4007     0.2170  1.000e-12  0.4377000     9.9960     9.9944    -0.0015     7.8860     7.8847     66.373     67.839      0.543    1441.65    1441.66  0.000e+00
      36029     67.500     5.3893     5.3906     0.0013    1.07624    1.07612          1     0.0852     0.1498      42.40     0.3881     0.2329  1.000e-12  0.4099000    10.0230    10.0213    -0.0016     7.9061     7.9047     66.868     68.344      0.534    1441.80    1441.80  0.000e+00
      36052     68.000     5.4109     5.4124     0.0015    1.07937    1.07928          1     0.0843     0.1468      41.86     0.4045     0.2583  1.000e-12  0.3717000    10.0478    10.0465    -0.0013     7.9245     7.9234     67.364     68.849      0.530    1441.93    1441.94  0.000e+00
      36074     68.500     5.4258     5.4273     0.0015    1.08132    1.08126          1     0.0822     0.1450      41.32     0.3852     0.2604  1.000e-12  0.3645000    10.0628    10.0617    -0.0011     7.9356     7.9346     67.859     69.354      0.530    1442.02    1442.03  0.000e+00
      36097     69.000     5.4416     5.4424     0.0009    1.08355    1.08341          1     0.0822     0.1429      40.88     0.3819     0.2443  1.000e-12  0.3621000    10.0804    10.0787    -0.0017     7.9486     7.9472     68.354     69.860      0.540    1442.12    1442.12  0.000e+00
      36119     69.500     5.4596     5.4616     0.0019    1.08616    1.08614          1     0.0815     0.1394      40.32     0.3910     0.2347  1.000e-12  0.3457000    10.1011    10.1003    -0.0008     7.9640     7.9632     68.849     70.365      0.555    1442.23    1442.24  0.000e+00
      36140     70.000     5.4676     5.4690     0.0014    1.08734    1.08722          1     0.0770     0.1350      39.82     0.3995     0.3039  1.000e-12  0.3247000    10.1104    10.1088    -0.0016     7.9709     7.9696     69.345     70.870      0.548    1442.29    1442.29  0.000e+00
      36163     70.500     5.4837     5.4853     0.0016    1.09008    1.08999          1     0.0823     0.1368      39.28     0.3968     0.2611  1.000e-12  0.3132000    10.1330    10.1316    -0.0014     7.9879     7.9866     69.840     71.375      0.525    1442.39    1442.40  0.000e+00
      36186     71.000     5.4880     5.4900     0.0020    1.09184    1.09178          1     0.0786     0.1334      38.72     0.3617     0.2308  1.000e-12  0.2914000    10.1493    10.1481    -0.0012     8.0004     7.9994     70.335     71.881      0.520    1442.44    1442.45  0.000e+00
      36209     71.500     5.4936     5.4954     0.0018    1.09299    1.09293          1     0.0725     0.1276      38.28     0.3742     0.2143  1.000e-12  0.3702000    10.1590    10.1579    -0.0012     8.0079     8.0068     70.830     72.386      0.537    1442.48    1442.49  0.000e+00
      36231     72.000     5.5034     5.5052     0.0018    1.09474    1.09468          1     0.0739     0.1275      37.72     0.3964     0.2158  1.000e-12  0.3870000    10.1735    10.1724    -0.0012     8.0188     8.0177     71.326     72.891      0.553    1442.55    1442.56  0.000e+00
      36252     72.500     5.5110     5.5128     0.0018    1.09610    1.09604          1     0.0691     0.1241      37.21     0.3911     0.2396  1.000e-12  0.4346000    10.1848    10.1836    -0.0012     8.0272     8.0262     71.821     73.396      0.558    1442.61    1442.61  0.000e+00
      36274     73.000     5.5214     5.5229     0.0015    1.09804    1.09793          1     0.0694     0.1239      36.72     0.3879     0.2927  1.000e-12  0.4750000    10.2010    10.1994    -0.0016     8.0395     8.0381     72.316     73.901      0.542    1442.68    1442.69  0.000e+00
      36297     73.500     5.5394     5.5409     0.0016    1.10104    1.10092          1     0.0693     0.1230      36.11     0.3931     0.2779  1.000e-12  0.4314000    10.2255    10.2238    -0.0017     8.0578     8.0564     72.811     74.407      0.516    1442.80    1442.80  0.000e+00
      36320     74.000     5.5516     5.5528     0.0012    1.10344    1.10331          1     0.0629     0.1211      35.63     0.4016     0.2431  1.000e-12  0.3399000    10.2457    10.2441    -0.0016     8.0731     8.0717     73.307     74.912      0.518    1442.88    1442.89  0.000e+00
      36343     74.500     5.5743     5.5757     0.0014    1.10639    1.10631          1     0.0663     0.1197      34.82     0.3940     0.2525  1.000e-12  0.3556000    10.2683    10.2671    -0.0012     8.0896     8.0886     73.802     75.417      0.550    1443.02    1443.02  0.000e+00
      36364     75.000     5.5811     5.5829     0.0018    1.10772    1.10767          1     0.0695     0.1177      34.09     0.3523     0.2344  1.000e-12  0.2659000    10.2795    10.2784    -0.0011     8.0980     8.0971     74.297     75.922      0.562    1443.07    1443.08  0.000e+00
      36385     75.500     5.5906     5.5923     0.0017    1.10941    1.10935          1     0.0698     0.1168      33.88     0.3841     0.1971  1.000e-12  0.2901000    10.2934    10.2923    -0.0011     8.1085     8.1075     74.792     76.427      0.547    1443.14    1443.14  0.000e+00
      36408     76.000     5.6028     5.6046     0.0018    1.11166    1.11158          1     0.0685     0.1134      33.49     0.3776     0.2084  1.000e-12  0.2832000    10.3122    10.3108    -0.0014     8.1226     8.1214     75.287     76.933      0.527    1443.22    1443.23  0.000e+00
      36431     76.500     5.6091     5.6108     0.0017    1.11340    1.11333          1     0.0643     0.1134      33.04     0.3723     0.2218  1.000e-12  0.3662000    10.3275    10.3263    -0.0012     8.1343     8.1333     75.783     77.438      0.518    1443.27    1443.28  0.000e+00
      36454     77.000     5.6200     5.6214     0.0014    1.11484    1.11475          1     0.0582     0.1149      32.49     0.3884     0.2077  1.000e-12  0.3768000    10.3385    10.3372    -0.0013     8.1424     8.1412     76.278     77.943      0.530    1443.34    1443.35  0.000e+00
      36476     77.500     5.6306     5.6321     0.0015    1.11672    1.11664          1     0.0622     0.1113      32.01     0.4023     0.2522  1.000e-12  0.3042000    10.3540    10.3527    -0.0013     8.1540     8.1529     76.773     78.448      0.559    1443.42    1443.42  0.000e+00
      36497     78.000     5.6336     5.6355     0.0019    1.11833    1.11827          1     0.0639     0.1077      31.45     0.3957     0.2334  1.000e-12  0.3013000    10.3692    10.3680    -0.0012     8.1658     8.1647     77.268     78.953      0.562    1443.46    1443.46  0.000e+00
      36519     78.500     5.6345     5.6363     0.0018    1.11975    1.11967          1     0.0645     0.1098      30.96     0.3871     0.2390  1.000e-12  0.6131000    10.3830    10.3816    -0.0014     8.1766     8.1754     77.763     79.458      0.524    1443.49    1443.49  0.000e+00
      36543     79.000     5.6500     5.6516     0.0016    1.12225    1.12214          1     0.0582     0.1068      30.40     0.3875     0.2804  1.000e-12  1.1123000    10.4032    10.4016    -0.0016     8.1917     8.1903     78.259     79.963      0.502    1443.59    1443.59  0.000e+00
      36567     79.500     5.6656     5.6669     0.0013    1.12488    1.12473          1     0.0556     0.1052      29.85     0.4107     0.2492  1.000e-12  0.7777000    10.4245    10.4226    -0.0019     8.2076     8.2060     78.754     80.469      0.541    1443.69    1443.69  0.000e+00
      36588     80.000     5.6780     5.6795     0.0015    1.12729    1.12722          1     0.0613     0.1058      29.42     0.4024     0.2770  1.000e-12  0.5409000    10.4447    10.4436    -0.0012     8.2228     8.2218     79.249     80.974      0.574    1443.77    1443.78  0.000e+00
      36609     80.500     5.6841     5.6855     0.0014    1.12911    1.12901          1     0.0603     0.1060      28.86     0.3896     0.3022  1.000e-12  0.5545000    10.4609    10.4595    -0.0015     8.2352     8.2340     79.744     81.479      0.561    1443.83    1443.83  0.000e+00
      36631     81.000     5.6959     5.6972     0.0012    1.13141    1.13131          1     0.0578     0.1044      28.35     0.3971     0.2876  1.000e-12  0.5735000    10.4802    10.4788    -0.0014     8.2497     8.2486     80.240     81.984      0.533    1443.91    1443.91  0.000e+00
      36653     81.500     5.7074     5.7086     0.0012    1.13375    1.13366          1     0.0579     0.1021      27.83     0.4134     0.2713  1.000e-12  0.4650000    10.4999    10.4987    -0.0013     8.2646     8.2636     80.735     82.489      0.530    1443.99    1444.00  0.000e+00
      36676     82.000     5.7160     5.7175     0.0015    1.13535    1.13532          1     0.0566     0.1025      27.28     0.4253     0.2740  1.000e-12  0.2868000    10.5133    10.5124    -0.0009     8.2746     8.2738     81.230     82.994      0.536    1444.06    1444.06  0.000e+00
      36698     82.500     5.7190     5.7208     0.0018    1.13586    1.13583          1     0.0536     0.1019      26.80     0.4300     0.2973  1.000e-12  0.2673000    10.5173    10.5164    -0.0008     8.2776     8.2768     81.725     83.499      0.534    1444.08    1444.09  0.000e+00
      36721     83.000     5.7209     5.7228     0.0018    1.13626    1.13623          1     0.0502     0.1011      26.24     0.4093     0.3238  1.000e-12  0.2789000    10.5206    10.5197    -0.0009     8.2801     8.2793     82.220     84.004      0.538    1444.10    1444.11  0.000e+00
      36743     83.500     5.7234     5.7251     0.0017    1.13688    1.13685          1     0.0526     0.1000      25.72     0.4203     0.3049  1.000e-12  0.2662000    10.5259    10.5251    -0.0008     8.2842     8.2834     82.716     84.509      0.548    1444.13    1444.13  0.000e+00
      36765     84.000     5.7248     5.7264     0.0017    1.13719    1.13717          1     0.0552     0.0998      25.26     0.4123     0.2567  1.000e-12  0.2507000    10.5286    10.5278    -0.0008     8.2862     8.2855     83.211     85.014      0.544    1444.14    1444.15  0.000e+00
      36787     84.500     5.7262     5.7279     0.0017    1.13747    1.13744          1     0.0570     0.0969      24.69     0.4153     0.2760  1.000e-12  0.2572000    10.5308    10.5299    -0.0009     8.2878     8.2870     83.706     85.519      0.528    1444.16    1444.17  0.000e+00
