ctdpy/exports/archive_20191121_122431/received_data/SBE09_0827_20180227_0602_26_01_0321.cnv
* Sea-Bird SBE 9 Data File:
* FileName = D:\CTD_SBE911\DAT\26DA.2018.3.21.hex
* Software Version Seasave V 7.21d
* Temperature SN = 034757
* Conductivity SN = 041844
* Number of Bytes Per Scan = 48
* Number of Voltage Words = 5
* Number of Scans Averaged by the Deck Unit = 1
* NMEA Latitude = 56 11.75 N
* NMEA Longitude = 019 25.18 E
* NMEA UTC (Time) = Feb 27 2018  06:02:25
* NMEA baud rate = 4800
** Ship: DANA
** Average sound velocity: 1435.51 m/s
** True-depth calculation Tue, 02 Apr 2019 12:03:44 +0000
** CTD Python Module SMHI /ver 3-12/ feb 2012 
** LIMS Job: 20182601-0321
** Operator:
** Cruise: 02/2018
# nquan = 26
# nvalues = 205                         
# units = specified
# name 0 = scan: Scan Count
# name 1 = prDM: Pressure, Digiquartz [db]
# name 2 = t090C: Temperature [ITS-90, deg C]
# name 3 = t190C: Temperature, 2 [ITS-90, deg C]
# name 4 = T2-T190C: Temperature Difference, 2 - 1 [ITS-90, deg C]
# name 5 = c0S/m: Conductivity [S/m]
# name 6 = c1S/m: Conductivity, 2 [S/m]
# name 7 = pumps: Pump Status
# name 8 = sbeox1ML/L: Oxygen, SBE 43, 2 [ml/l]
# name 9 = sbeox0ML/L: Oxygen, SBE 43 [ml/l]
# name 10 = altM: Altimeter [m]
# name 11 = chloroflTC0: Chlorophyll, Turner Cyclops [ug/l]
# name 12 = cpar: CPAR/Corrected Irradiance [%]
# name 13 = par: PAR/Irradiance, Biospherical/Lico [µE/(cm^2*s)]
# name 14 = spar: SPAR, Biospherical/Licor
# name 15 = sal00: Salinity, Practical [PSU]
# name 16 = sal11: Salinity, Practical, 2 [PSU]
# name 17 = secS-priS: Salinity, Practical, Difference, 2 - 1 [PSU]
# name 18 = sigma-t00: Density [sigma-t, kg/m^3 ]
# name 19 = sigma-t11: Density, 2 [sigma-t, kg/m^3 ]
# name 20 = depSM: Depth [salt water, m], lat = 56.1958
# name 21 = depFM: Depth [true depth, m], lat = 56.1958
# name 22 = dz/dtM: Descent Rate [m/s], WS = 2
# name 23 = svCM: Sound Velocity [Chen-Millero, m/s]
# name 24 = svCM1: Sound Velocity, 2 [Chen-Millero, m/s]
# name 25 = flag: flag
# span 0 =        -22,      11032       
# span 1 =      1.500,    103.500       
# span 2 =     3.2526,     6.3919       
# span 3 =     3.2495,     6.3952       
# span 4 =    -0.0070,     0.2074       
# span 5 =   0.764197,   1.234929       
# span 6 =   0.762167,   1.234936       
# span 7 =          1,          1       
# span 8 =     0.1835,     8.4231       
# span 9 =     0.2604,     8.3825       
# span 10 =      -1.09,       9.95      
# span 11 =     0.0110,     0.0167      
# span 12 = 4.4764e-12, 7.9600e+00      
# span 13 = 1.0000e-12, 1.7782e+00      
# span 14 = 1.7954e+01, 2.2339e+01      
# span 15 =     7.4068,    11.2822      
# span 16 =     7.3859,    11.2812      
# span 17 =    -0.0212,     0.1453      
# span 18 =     5.9021,     8.8363      
# span 19 =     5.8856,     8.8353      
# span 20 =      1.486,    102.531      
# span 21 =      1.519,    104.698      
# span 22 =      0.004,      0.824      
# span 23 =    1427.90,    1448.23      
# span 24 =    1427.87,    1448.25      
# span 25 = 0.0000e+00, 0.0000e+00      
# interval = decibars: 0.5              
# start_time = Feb 27 2018 06:02:25 [NMEA time, first data scan]
# bad_flag = -9.990e-29
*END*
[from data line 168]
       8561     85.500     6.3101     6.3165     0.0064    1.20938    1.20967          1     0.5483     0.5689       9.95     0.0141  4.924e-12  1.000e-12  2.031e+01    11.0598    11.0606     0.0008     8.6671     8.6673     84.703     86.523      0.257    1447.33    1447.35  0.000e+00
       8609     86.000     6.3141     6.3184     0.0043    1.21023    1.21051          1     0.5381     0.5660       9.95     0.0144  4.924e-12  1.000e-12  2.031e+01    11.0668    11.0681     0.0013     8.6724     8.6731     85.198     87.028      0.221    1447.36    1447.38  0.000e+00
       8663     86.500     6.3167     6.3222     0.0055    1.21109    1.21124          1     0.5342     0.5617       9.95     0.0137  4.924e-12  1.000e-12  2.031e+01    11.0744    11.0740    -0.0004     8.6781     8.6775     85.693     87.533      0.287    1447.39    1447.41  0.000e+00
       8700     87.000     6.3198     6.3248     0.0049    1.21181    1.21181          1     0.5353     0.5566       9.95     0.0135  4.924e-12  1.000e-12  2.031e+01    11.0803    11.0787    -0.0016     8.6826     8.6810     86.189     88.038      0.293    1447.42    1447.44  0.000e+00
       8754     87.500     6.3219     6.3265     0.0046    1.21236    1.21247          1     0.5344     0.5534       9.95     0.0142  4.924e-12  1.000e-12  2.031e+01    11.0850    11.0846    -0.0004     8.6861     8.6855     86.684     88.542      0.156    1447.44    1447.46  0.000e+00
       8829     88.000     6.3235     6.3272     0.0037    1.21288    1.21254          1     0.5300     0.5526       9.95     0.0147  4.924e-12  1.000e-12  2.031e+01    11.0895    11.0850    -0.0046     8.6896     8.6857     87.179     89.047      0.280    1447.46    1447.47  0.000e+00
       8866     88.500     6.3254     6.3277     0.0023    1.21316    1.21264          1     0.5326     0.5530       9.95     0.0145  4.924e-12  1.000e-12  2.031e+01    11.0916    11.0857    -0.0059     8.6911     8.6863     87.674     89.552      0.269    1447.48    1447.48  0.000e+00
       8934     89.000     6.3250     6.3279     0.0029    1.21327    1.21277          1     0.5306     0.5506       9.95     0.0143  4.924e-12  1.000e-12  2.031e+01    11.0928    11.0869    -0.0059     8.6920     8.6872     88.170     90.057      0.212    1447.49    1447.49  0.000e+00
       8988     89.500     6.3269     6.3282     0.0013    1.21348    1.21298          1     0.5268     0.5474       9.95     0.0141  4.924e-12  1.000e-12  2.031e+01    11.0941    11.0888    -0.0054     8.6930     8.6887     88.665     90.562      0.280    1447.50    1447.50  0.000e+00
       9024     90.000     6.3283     6.3288     0.0005    1.21386    1.21316          1     0.5239     0.5436       9.95     0.0139  4.924e-12  1.000e-12  2.031e+01    11.0973    11.0902    -0.0071     8.6953     8.6898     89.160     91.067      0.381    1447.52    1447.51  0.000e+00
       9056     90.500     6.3288     6.3306     0.0018    1.21409    1.21365          1     0.5240     0.5393       9.95     0.0143  4.924e-12  1.000e-12  2.031e+01    11.0993    11.0944    -0.0050     8.6969     8.6929     89.655     91.572      0.282    1447.53    1447.54  0.000e+00
       9145     91.000     6.3294     6.3312     0.0018    1.21432    1.21385          1     0.5238     0.5400       9.95     0.0144  4.924e-12  1.000e-12  2.031e+01    11.1013    11.0961    -0.0053     8.6985     8.6942     90.151     92.077      0.259    1447.55    1447.55  0.000e+00
       9189     91.500     6.3321     6.3345     0.0024    1.21520    1.21474          1     0.5175     0.5340       9.95     0.0139  4.924e-12  1.000e-12  2.031e+01    11.1090    11.1037    -0.0053     8.7043     8.7000     90.646     92.582      0.241    1447.58    1447.58  0.000e+00
       9250     92.000     6.3338     6.3373     0.0034    1.21576    1.21568          1     0.5118     0.5298       9.95     0.0167  4.924e-12  1.000e-12  2.031e+01    11.1139    11.1120    -0.0019     8.7081     8.7063     91.141     93.086      0.213    1447.60    1447.61  0.000e+00
       9303     92.500     6.3359     6.3398     0.0038    1.21634    1.21637          1     0.5083     0.5262       9.95     0.0143  4.924e-12  1.000e-12  2.031e+01    11.1189    11.1180    -0.0009     8.7118     8.7108     91.636     93.591      0.227    1447.62    1447.64  0.000e+00
       9352     93.000     6.3392     6.3400     0.0008    1.21755    1.21699          1     0.5036     0.5163       9.95     0.0144  4.924e-12  1.000e-12  2.031e+01    11.1296    11.1239    -0.0057     8.7200     8.7155     92.131     94.096      0.329    1447.65    1447.65  0.000e+00
       9392     93.500     6.3389     6.3390     0.0001    1.21786    1.21726          1     0.4976     0.5111       9.95     0.0143  4.924e-12  1.000e-12  2.031e+01    11.1327    11.1268    -0.0060     8.7225     8.7178     92.627     94.601      0.295    1447.67    1447.66  0.000e+00
       9488     94.000     6.3384     6.3385     0.0001    1.21767    1.21725          1     0.4959     0.5132       9.95     0.0146  4.924e-12  1.000e-12  2.031e+01    11.1309    11.1267    -0.0042     8.7211     8.7178     93.122     95.106      0.376    1447.67    1447.67  0.000e+00
       9513     94.500     6.3389     6.3386    -0.0003    1.21800    1.21738          1     0.4900     0.5081       9.81     0.0147  4.924e-12  1.000e-12  2.031e+01    11.1340    11.1279    -0.0061     8.7235     8.7187     93.617     95.611      0.386    1447.69    1447.68  0.000e+00
       9561     95.000     6.3380     6.3384     0.0004    1.21791    1.21734          1     0.4921     0.5087       9.34     0.0146  4.924e-12  1.000e-12  2.031e+01    11.1332    11.1275    -0.0057     8.7229     8.7184     94.112     96.116      0.190    1447.69    1447.68  0.000e+00
       9639     95.500     6.3375     6.3384     0.0010    1.21784    1.21741          1     0.4930     0.5070       8.85     0.0144  4.924e-12  1.000e-12  2.031e+01    11.1327    11.1281    -0.0046     8.7226     8.7189     94.608     96.620      0.219    1447.69    1447.69  0.000e+00
       9687     96.000     6.3380     6.3375    -0.0004    1.21810    1.21745          1     0.4909     0.5026       8.34     0.0143  4.924e-12  1.000e-12  2.031e+01    11.1350    11.1286    -0.0063     8.7243     8.7194     95.103     97.125      0.290    1447.70    1447.70  0.000e+00
       9723     96.500     6.3375     6.3369    -0.0006    1.21822    1.21750          1     0.4861     0.4972       7.83     0.0136  4.924e-12  1.000e-12  2.031e+01    11.1362    11.1293    -0.0069     8.7253     8.7199     95.598     97.630      0.343    1447.71    1447.70  0.000e+00
       9805     97.000     6.3365     6.3356    -0.0008    1.21840    1.21798          1     0.4808     0.4936       7.33     0.0140  4.924e-12  1.000e-12  2.031e+01    11.1383    11.1343    -0.0040     8.7270     8.7240     96.093     98.135      0.275    1447.72    1447.71  0.000e+00
       9860     97.500     6.3338     6.3330    -0.0008    1.22033    1.21918          1     0.4713     0.4650       6.84     0.0139  4.924e-12  1.000e-12  2.031e+01    11.1582    11.1470    -0.0111     8.7429     8.7341     96.588     98.640      0.496    1447.74    1447.72  0.000e+00
       9884     98.000     6.3398     6.3393    -0.0005    1.22318    1.22229          1     0.4517     0.4460       6.31     0.0145  4.924e-12  1.000e-12  2.031e+01    11.1842    11.1755    -0.0087     8.7629     8.7561     97.084     99.145      0.428    1447.81    1447.79  0.000e+00
       9959     98.500     6.3377     6.3390     0.0013    1.22155    1.22180          1     0.4429     0.4591       5.77     0.0143  4.924e-12  1.000e-12  2.031e+01    11.1687    11.1707     0.0020     8.7509     8.7524     97.579     99.650      0.208    1447.79    1447.80  0.000e+00
      10036     99.000     6.3404     6.3429     0.0025    1.22321    1.22359          1     0.4331     0.4461       5.26     0.0147  4.938e-12  1.000e-12  2.025e+01    11.1841    11.1871     0.0030     8.7628     8.7650     98.074    100.154      0.302    1447.83    1447.84  0.000e+00
      10067     99.500     6.3445     6.3439    -0.0006    1.22483    1.22414          1     0.4166     0.4279       4.76     0.0146  4.924e-12  1.000e-12  2.031e+01    11.1987    11.1921    -0.0066     8.7740     8.7689     98.569    100.659      0.414    1447.87    1447.86  0.000e+00
      10112    100.000     6.3438     6.3440     0.0002    1.22461    1.22419          1     0.4126     0.4296       4.23     0.0145  4.924e-12  1.000e-12  2.031e+01    11.1967    11.1925    -0.0043     8.7725     8.7691     99.064    101.164      0.299    1447.87    1447.87  0.000e+00
      10212    100.500     6.3429     6.3440     0.0012    1.22433    1.22413          1     0.4117     0.4335       3.74     0.0137  4.924e-12  1.000e-12  2.031e+01    11.1942    11.1918    -0.0024     8.7705     8.7686     99.560    101.669      0.442    1447.87    1447.87  0.000e+00
      10229    101.000     6.3501     6.3501    -0.0000    1.22594    1.22499          1     0.4080     0.4227       3.23     0.0142  4.924e-12  1.000e-12  2.031e+01    11.2075    11.1981    -0.0094     8.7805     8.7731    100.055    102.174      0.527    1447.93    1447.92  0.000e+00
      10258    101.500     6.3641     6.3707     0.0065    1.22884    1.22876          1     0.4054     0.4155       2.70     0.0147  4.948e-12  1.000e-12  2.022e+01    11.2316    11.2285    -0.0030     8.7985     8.7956    100.550    102.679      0.321    1448.02    1448.05  0.000e+00
      10371    102.000     6.3564     6.3670     0.0106    1.22769    1.22851          1     0.3999     0.4155       2.67     0.0142  4.966e-12  1.000e-12  2.015e+01    11.2226    11.2272     0.0046     8.7919     8.7948    101.045    103.183      0.273    1447.99    1448.04  0.000e+00
      10498    102.500     6.3800     6.3867     0.0067    1.23249    1.23300          1     0.3820     0.3995       2.78     0.0146  5.015e-12  1.000e-12  1.997e+01    11.2622    11.2650     0.0028     8.8214     8.8232    101.540    103.688      0.254    1448.14    1448.18  0.000e+00
      10892    103.000     6.3878     6.3926     0.0048    1.23410    1.23421          1     0.3717     0.3859       2.83     0.0145  5.354e-12  1.000e-12  1.871e+01    11.2754    11.2749    -0.0004     8.8313     8.8306    102.036    104.193      0.200    1448.20    1448.22  0.000e+00
      11032    103.500     6.3919     6.3952     0.0027    1.23493    1.23494          1     0.3747     0.3758      -1.09     0.0149  5.559e-12  1.000e-12  1.795e+01    11.2822    11.2812    -0.0010     8.8363     8.8353    102.531    104.698      0.104    1448.23    1448.25  0.000e+00
