ctdpy/exports/archive_20191121_122431/received_data/SBE09_1044_20181207_1521_34_01_0163.cnv
* Sea-Bird SBE 9 Data File:
* FileName = C:\ctd\temp\ar18d163.hex
* Software Version Seasave V 7.26.7.107
* Temperature SN = 5351
* Conductivity SN = 3941
* Number of Bytes Per Scan = 41
* Number of Voltage Words = 4
* Number of Scans Averaged by the Deck Unit = 1
* NMEA Latitude = 57 11.57 N
* NMEA Longitude = 011 39.44 E
* NMEA UTC (Time) = Dec 07 2018  15:21:15
* NMEA baud rate = 4800
** Station:  Fladen
** Operator:  ASkj
** Ship: ARANDA
** Average sound velocity: 1481.93 m/s
** True-depth calculation Sun, 09 Dec 2018 17:16:12 +0000
** CTD Python Module SMHI /ver 3-12/ feb 2012 
** LIMS Job: 20183401-0163
** Cruise: SMHI-7-2018
** Latitude [GG MM.mm N]:
** Longitude [GG MM.mm E]
# nquan = 26
# nvalues = 156                         
# units = specified
# name 0 = scan: Scan Count
# name 1 = prDM: Pressure, Digiquartz [db]
# name 2 = t090C: Temperature [ITS-90, deg C]
# name 3 = t190C: Temperature, 2 [ITS-90, deg C]
# name 4 = T2-T190C: Temperature Difference, 2 - 1 [ITS-90, deg C]
# name 5 = c0S/m: Conductivity [S/m]
# name 6 = c1S/m: Conductivity, 2 [S/m]
# name 7 = pumps: Pump Status
# name 8 = sbeox0ML/L: Oxygen, SBE 43 [ml/l]
# name 9 = sbeox1ML/L: Oxygen, SBE 43, 2 [ml/l]
# name 10 = altM: Altimeter [m]
# name 11 = flECO-AFL: Chl-a Fluorescence, WET Labs ECO-AFL/FL [mg/m^3]
# name 12 = flECO-AFL1: Phycocyanin Fluorescence, WET Labs ECO-AFL/FL, 2 [mg/m^3]
# name 13 = par: PAR/Irradiance, Biospherical/Lico [µE/(cm^2*s)]
# name 14 = turbWETntu0: Turbidity, WET Labs ECO [NTU]
# name 15 = sal00: Salinity, Practical [PSU]
# name 16 = sal11: Salinity, Practical, 2 [PSU]
# name 17 = secS-priS: Salinity, Practical, Difference, 2 - 1 [PSU]
# name 18 = sigma-t00: Density [sigma-t, Kg/m^3 ]
# name 19 = sigma-t11: Density, 2 [sigma-t, Kg/m^3 ]
# name 20 = depSM: Depth [salt water, m], lat = 57.1928
# name 21 = depFM: Depth [true depth, m], lat = 57.1928
# name 22 = dz/dtM: Descent Rate [m/s], WS = 2
# name 23 = svCM: Sound Velocity [Chen-Millero, m/s]
# name 24 = svCM1: Sound Velocity, 2 [Chen-Millero, m/s]
# name 25 = flag: flag
# span 0 =      10847,      15171       
# span 1 =      1.500,     79.000       
# span 2 =     6.9080,     9.3849       
# span 3 =     6.9190,     9.3854       
# span 4 =    -0.0106,     0.0111       
# span 5 =   2.565380,   3.713271       
# span 6 =   2.567407,   3.713355       
# span 7 =          1,          1       
# span 8 =    5.49989,    7.11997       
# span 9 =    5.49762,    7.13584       
# span 10 =       5.58,      97.56      
# span 11 =     0.1055,     2.7819      
# span 12 =     0.1601,     0.5642      
# span 13 = 1.0000e-12, 1.0000e-12      
# span 14 =     0.5643,     2.1091      
# span 15 =    24.6755,    34.7927      
# span 16 =    24.6890,    34.7925      
# span 17 =    -0.0751,     0.0203      
# span 18 =    19.3089,    26.9802      
# span 19 =    19.3182,    26.9798      
# span 20 =      1.486,     78.258      
# span 21 =      1.499,     78.500      
# span 22 =     -0.063,      0.595      
# span 23 =    1465.50,    1487.40      
# span 24 =    1465.53,    1487.40      
# span 25 = 0.0000e+00, 0.0000e+00      
# interval = decibars: 0.5              
# start_time = Dec 07 2018 15:21:15 [NMEA time, first data scan]
# bad_flag = -9.990e-29
*END*
      10847      1.500     6.9651     6.9636    -0.0016    2.57746    2.57707          1     7.0976     7.1113      69.90     2.6884     0.4646  1.000e-12  0.5643000    24.7637    24.7606    -0.0031    19.3717    19.3695      1.486      1.499      0.177    1465.77    1465.76  0.000e+00
      11188      2.000     6.9451     6.9464     0.0013    2.57072    2.57077          1     7.1071     7.1339      96.52     2.6400     0.5038  1.000e-12  0.5782000    24.7068    24.7064    -0.0004    19.3293    19.3288      1.982      1.998      0.296    1465.63    1465.63  0.000e+00
      11235      2.500     6.9338     6.9333    -0.0005    2.56943    2.56912          1     7.1115     7.1272      57.83     2.6704     0.4916  1.000e-12  0.6361000    24.7011    24.6982    -0.0029    19.3261    19.3238      2.477      2.498      0.403    1465.58    1465.58  0.000e+00
      11263      3.000     6.9242     6.9226    -0.0015    2.56775    2.56759          1     7.1200     7.1298      60.69     2.7191     0.5026  1.000e-12  0.6315000    24.6900    24.6894    -0.0005    19.3185    19.3182      2.972      2.998      0.407    1465.54    1465.53  0.000e+00
      11294      3.500     6.9473     6.9368    -0.0106    2.57052    2.56912          1     7.1194     7.1358      97.23     2.6399     0.4867  1.000e-12  0.6299000    24.7025    24.6953    -0.0072    19.3257    19.3212      3.468      3.497      0.421    1465.65    1465.60  0.000e+00
      11320      4.000     6.9473     6.9530     0.0056    2.57183    2.57414          1     7.1170     7.1296      97.56     2.7206     0.5642  1.000e-12  0.6343000    24.7162    24.7364     0.0203    19.3364    19.3517      3.963      3.997      0.482    1465.68    1465.73  0.000e+00
      11345      4.500     6.9512     6.9499    -0.0012    2.57418    2.57378          1     7.1155     7.1159      74.38     2.5781     0.5413  1.000e-12  0.6511000    24.7380    24.7347    -0.0033    19.3531    19.3507      4.459      4.496      0.472    1465.73    1465.72  0.000e+00
      11370      5.000     6.9398     6.9439     0.0041    2.57191    2.57252          1     7.1083     7.1039      39.66     2.6645     0.4911  1.000e-12  0.6751000    24.7220    24.7255     0.0035    19.3418    19.3441      4.954      4.996      0.501    1465.67    1465.69  0.000e+00
      11392      5.500     6.9274     6.9331     0.0057    2.56932    2.57037          1     7.1022     7.1027      85.54     2.7819     0.5063  1.000e-12  0.7351000    24.7033    24.7104     0.0071    19.3285    19.3334      5.449      5.496      0.557    1465.61    1465.64  0.000e+00
      11414      6.000     6.9080     6.9190     0.0111    2.56538    2.56741          1     7.1072     7.1123      97.18     2.6325     0.4285  1.000e-12  0.6484000    24.6755    24.6890     0.0135    19.3089    19.3182      5.945      5.995      0.512    1465.50    1465.56  0.000e+00
      11440      6.500     6.9157     6.9216     0.0058    2.56708    2.56803          1     7.1162     7.1277      97.56     2.6461     0.5393  1.000e-12  0.6271000    24.6878    24.6935     0.0057    19.3177    19.3215      6.440      6.495      0.453    1465.56    1465.59  0.000e+00
      11465      7.000     6.9716     6.9626    -0.0089    2.57907    2.57664          1     7.0974     7.1058      58.08     2.7031     0.5294  1.000e-12  0.6359000    24.7739    24.7547    -0.0192    19.3790    19.3649      6.936      6.994      0.528    1465.90    1465.84  0.000e+00
      11486      7.500     7.0189     7.0237     0.0048    2.58895    2.58975          1     7.0750     7.0806      44.32     2.6473     0.4794  1.000e-12  0.6677000    24.8440    24.8490     0.0049    19.4287    19.4320      7.431      7.494      0.580    1466.18    1466.20  0.000e+00
      11507      8.000     7.0489     7.0507     0.0019    2.59869    2.59871          1     7.0613     7.0513      96.19     2.4970     0.4346  1.000e-12  0.6744000    24.9247    24.9237    -0.0010    19.4886    19.4876      7.926      7.994      0.544    1466.41    1466.41  0.000e+00
      11531      8.500     7.0535     7.0544     0.0009    2.60323    2.60320          1     7.0449     7.0337      97.55     2.3165     0.4116  1.000e-12  0.6729000    24.9692    24.9681    -0.0011    19.5230    19.5220      8.422      8.493      0.496    1466.49    1466.49  0.000e+00
      11555      9.000     7.0564     7.0580     0.0017    2.60418    2.60428          1     7.0414     7.0419      97.53     2.1845     0.4106  1.000e-12  0.6543000    24.9768    24.9768    -0.0001    19.5286    19.5284      8.917      8.993      0.509    1466.52    1466.52  0.000e+00
      11578      9.500     7.0449     7.0464     0.0014    2.60342    2.60348          1     7.0480     7.0505      97.49     2.0744     0.4063  1.000e-12  0.6152000    24.9770    24.9766    -0.0004    19.5301    19.5296      9.412      9.492      0.522    1466.48    1466.49  0.000e+00
      11601     10.000     7.0433     7.0459     0.0026    2.60345    2.60360          1     7.0449     7.0554      64.40     2.0200     0.3918  1.000e-12  0.6290000    24.9783    24.9780    -0.0003    19.5313    19.5307      9.908      9.992      0.511    1466.49    1466.49  0.000e+00
      11625     10.500     7.0411     7.0439     0.0028    2.60336    2.60352          1     7.0375     7.0551      87.50     2.0310     0.3674  1.000e-12  0.5752000    24.9787    24.9784    -0.0003    19.5318    19.5313     10.403     10.491      0.530    1466.48    1466.50  0.000e+00
      11646     11.000     7.0335     7.0355     0.0021    2.60295    2.60303          1     7.0384     7.0634      97.39     2.0430     0.3961  1.000e-12  0.5819000    24.9797    24.9791    -0.0006    19.5335    19.5328     10.899     10.991      0.571    1466.46    1466.47  0.000e+00
      11667     11.500     7.0231     7.0243     0.0012    2.60270    2.60274          1     7.0450     7.0674      97.32     2.1244     0.3738  1.000e-12  0.5931000    24.9844    24.9840    -0.0005    19.5384    19.5379     11.394     11.490      0.558    1466.44    1466.44  0.000e+00
      11690     12.000     7.0195     7.0211     0.0015    2.60359    2.60366          1     7.0513     7.0676      97.32     2.0524     0.3819  1.000e-12  0.6012000    24.9962    24.9959    -0.0003    19.5481    19.5476     11.889     11.990      0.503    1466.45    1466.45  0.000e+00
      11715     12.500     7.0251     7.0266     0.0015    2.60435    2.60441          1     7.0473     7.0648      67.89     1.9136     0.3902  1.000e-12  0.5805000    25.0001    24.9996    -0.0005    19.5505    19.5499     12.385     12.489      0.494    1466.48    1466.49  0.000e+00
      11738     13.000     7.0319     7.0328     0.0009    2.60596    2.60587          1     7.0405     7.0559      85.96     1.8156     0.3913  1.000e-12  0.5734000    25.0119    25.0102    -0.0017    19.5590    19.5575     12.880     12.989      0.557    1466.53    1466.53  0.000e+00
      11758     13.500     7.0345     7.0360     0.0014    2.60674    2.60676          1     7.0380     7.0528      97.40     1.7629     0.4116  1.000e-12  0.5843000    25.0180    25.0172    -0.0008    19.5635    19.5627     13.375     13.488      0.574    1466.56    1466.56  0.000e+00
      11780     14.000     7.0344     7.0361     0.0017    2.60729    2.60736          1     7.0318     7.0449      97.32     1.7559     0.4109  1.000e-12  0.5843000    25.0237    25.0231    -0.0006    19.5679    19.5673     13.871     13.988      0.527    1466.57    1466.58  0.000e+00
      11804     14.500     7.0432     7.0448     0.0016    2.60868    2.60872          1     7.0236     7.0414      97.31     1.8543     0.3831  1.000e-12  0.5795000    25.0318    25.0310    -0.0008    19.5733    19.5725     14.366     14.487      0.491    1466.62    1466.63  0.000e+00
      11828     15.000     7.0602     7.0595    -0.0006    2.61098    2.61071          1     6.9157     6.9258      97.32     1.8972     0.3690  1.000e-12  0.7140000    25.0436    25.0412    -0.0024    19.5806    19.5788     14.861     14.987      0.521    1466.71    1466.71  0.000e+00
      11850     15.500     7.1155     7.1169     0.0015    2.61881    2.61884          1     6.8497     6.8417      89.52     1.9327     0.3781  1.000e-12  0.6695000    25.0857    25.0849    -0.0008    19.6072    19.6065     15.357     15.486      0.545    1467.00    1467.00  0.000e+00
      11872     16.000     7.0956     7.0981     0.0024    2.63824    2.63685          1     6.8693     6.8597      84.40     1.7873     0.4059  1.000e-12  0.7252000    25.3050    25.2884    -0.0165    19.7817    19.7685     15.852     15.986      0.552    1467.20    1467.19  0.000e+00
      11894     16.500     7.2408     7.2340    -0.0068    2.74883    2.74546          1     6.7517     6.7323      97.50     1.8051     0.4211  1.000e-12  0.8562000    26.3620    26.3316    -0.0304    20.5942    20.5711     16.348     16.485      0.543    1469.09    1469.03  0.000e+00
      11916     17.000     7.6196     7.6142    -0.0055    2.86900    2.86657          1     6.6382     6.5945      97.32     1.8553     0.4090  1.000e-12  1.1737000    27.3348    27.3135    -0.0213    21.3105    21.2944     16.843     16.984      0.533    1471.79    1471.75  0.000e+00
      11939     17.500     7.7406     7.7394    -0.0012    2.91479    2.91234          1     6.5906     6.5618      97.31     1.6168     0.4071  1.000e-12  1.1454000    27.7198    27.6951    -0.0247    21.5968    21.5776     17.338     17.482      0.508    1472.75    1472.71  0.000e+00
      11963     18.000     7.9277     7.9201    -0.0076    3.03845    3.03070          1     6.4645     6.4439      97.31     1.2009     0.3652  1.000e-12  0.8330000    28.8650    28.7899    -0.0751    22.4698    22.4119     17.834     17.980      0.493    1474.90    1474.77  0.000e+00
      11987     18.500     8.0768     8.0810     0.0041    3.13863    3.13903          1     6.3421     6.3119      97.32     1.0582     0.3242  1.000e-12  0.9320000    29.7919    29.7926     0.0007    23.1760    23.1760     18.329     18.478      0.522    1476.62    1476.64  0.000e+00
      12009     19.000     8.1479     8.1504     0.0026    3.16711    3.16707          1     6.2750     6.2504      97.33     0.9618     0.2840  1.000e-12  1.1086000    30.0300    30.0273    -0.0027    23.3527    23.3503     18.824     18.976      0.565    1477.20    1477.20  0.000e+00
      12030     19.500     8.2551     8.2531    -0.0020    3.20665    3.20466          1     6.2264     6.2007      97.35     0.8588     0.2769  1.000e-12  0.8631000    30.3520    30.3330    -0.0191    23.5899    23.5753     19.320     19.474      0.571    1478.01    1477.98  0.000e+00
      12052     20.000     8.3627     8.3637     0.0010    3.25782    3.25777          1     6.1527     6.1340      97.38     0.7529     0.2826  1.000e-12  0.8409000    30.7944    30.7929    -0.0015    23.9211    23.9198     19.815     19.971      0.510    1478.97    1478.97  0.000e+00
      12078     20.500     8.4464     8.4440    -0.0023    3.30129    3.29868          1     6.0772     6.0664      97.34     0.6865     0.2864  1.000e-12  0.8172000    31.1755    31.1502    -0.0253    24.2075    24.1880     20.310     20.468      0.460    1479.77    1479.73  0.000e+00
      12103     21.000     8.5573     8.5568    -0.0005    3.34406    3.34322          1     6.0407     6.0262      97.32     0.6448     0.2931  1.000e-12  0.8084000    31.5242    31.5158    -0.0084    24.4643    24.4578     20.806     20.966      0.522    1480.62    1480.61  0.000e+00
      12124     21.500     8.7430     8.7383    -0.0047    3.40962    3.40664          1     5.9539     5.9294      97.33     0.6118     0.3165  1.000e-12  0.8170000    32.0410    32.0143    -0.0267    24.8411    24.8208     21.301     21.463      0.578    1481.96    1481.91  0.000e+00
      12145     22.000     8.9063     8.9073     0.0011    3.47488    3.47288          1     5.8396     5.8125      97.36     0.5543     0.2449  1.000e-12  0.8203000    32.5724    32.5506    -0.0217    25.2321    25.2150     21.796     21.959      0.568    1483.23    1483.21  0.000e+00
      12167     22.500     8.9967     8.9954    -0.0013    3.52559    3.52483          1     5.7671     5.7428      97.36     0.4588     0.2472  1.000e-12  0.8198000    33.0165    33.0098    -0.0067    25.5657    25.5607     22.292     22.456      0.532    1484.12    1484.11  0.000e+00
      12190     23.000     9.0426     9.0404    -0.0022    3.54560    3.54379          1     5.7650     5.7459      97.46     0.3473     0.2473  1.000e-12  0.8095000    33.1817    33.1649    -0.0168    25.6878    25.6749     22.787     22.953      0.512    1484.50    1484.47  0.000e+00
      12214     23.500     9.1185     9.1160    -0.0024    3.58044    3.57894          1     5.7802     5.7747      97.36     0.3091     0.2138  1.000e-12  0.7668000    33.4727    33.4594    -0.0132    25.9035    25.8935     23.282     23.449      0.503    1485.15    1485.12  0.000e+00
      12237     24.000     9.1769     9.1774     0.0005    3.60395    3.60280          1     5.7795     5.7844      97.32     0.3070     0.2405  1.000e-12  0.7413000    33.6619    33.6495    -0.0124    26.0422    26.0324     23.778     23.945      0.528    1485.60    1485.59  0.000e+00
      12259     24.500     9.1922     9.1940     0.0018    3.61749    3.61746          1     5.7679     5.7758      97.30     0.2605     0.2622  1.000e-12  0.7403000    33.7878    33.7858    -0.0020    26.1383    26.1365     24.273     24.442      0.568    1485.82    1485.82  0.000e+00
      12280     25.000     9.1953     9.1966     0.0013    3.61929    3.61939          1     5.7507     5.7566      39.07     0.2403     0.1936  1.000e-12  0.7402000    33.8033    33.8031    -0.0003    26.1500    26.1495     24.769     24.938      0.562    1485.86    1485.86  0.000e+00
      12302     25.500     9.2036     9.2040     0.0005    3.62092    3.62087          1     5.7646     5.7677      69.13     0.2444     0.1925  1.000e-12  0.7324000    33.8122    33.8112    -0.0010    26.1556    26.1547     25.264     25.434      0.520    1485.91    1485.91  0.000e+00
      12326     26.000     9.2232     9.2201    -0.0031    3.62582    3.62487          1     5.7826     5.7827      82.76     0.2490     0.2187  1.000e-12  0.7107000    33.8442    33.8373    -0.0069    26.1775    26.1726     25.759     25.931      0.500    1486.03    1486.01  0.000e+00
      12350     26.500     9.3275     9.3243    -0.0032    3.65613    3.65470          1     5.7916     5.7825      57.76     0.2303     0.2811  1.000e-12  0.7043000    34.0593    34.0475    -0.0118    26.3289    26.3202     26.254     26.427      0.531    1486.68    1486.66  0.000e+00
      12371     27.000     9.3579     9.3585     0.0007    3.66988    3.66926          1     5.7963     5.7824      60.15     0.2119     0.2278  1.000e-12  0.7089000    34.1727    34.1656    -0.0071    26.4127    26.4070     26.750     26.923      0.568    1486.94    1486.93  0.000e+00
      12392     27.500     9.3638     9.3634    -0.0004    3.68074    3.68048          1     5.7986     5.7871      90.07     0.2091     0.1926  1.000e-12  0.7051000    34.2793    34.2771    -0.0023    26.4951    26.4934     27.245     27.419      0.562    1487.10    1487.10  0.000e+00
      12414     28.000     9.3849     9.3854     0.0005    3.68610    3.68601          1     5.7754     5.7729      97.35     0.1901     0.1952  1.000e-12  0.7273000    34.3144    34.3130    -0.0013    26.5191    26.5179     27.741     27.915      0.523    1487.23    1487.23  0.000e+00
      12438     28.500     9.3676     9.3717     0.0041    3.68750    3.68777          1     5.7186     5.7215      97.36     0.1612     0.2034  1.000e-12  0.7167000    34.3453    34.3442    -0.0012    26.5461    26.5446     28.236     28.411      0.517    1487.21    1487.23  0.000e+00
