ctdpy/exports/archive_20191121_122431/received_data/SBE09_1044_20180314_2244_34_02_0058.cnv
* Sea-Bird SBE 9 Data File:
* FileName = C:\ctd\temp\2018\ME18D058.hex
* Software Version Seasave V 7.26.6.26
* Temperature SN = 5351
* Conductivity SN = 3941
* Number of Bytes Per Scan = 41
* Number of Voltage Words = 4
* Number of Scans Averaged by the Deck Unit = 1
* NMEA Latitude = 56 40.14 N
* NMEA Longitude = 012 06.66 E
* NMEA UTC (Time) = Mar 14 2018  22:44:48
* NMEA baud rate = 4800
** Station:  MHAN
** Operator:  Anholt E
** Ship: MERI
** Average sound velocity: 1460.82 m/s
** True-depth calculation Sat, 17 Mar 2018 10:24:54 +0000
** CTD Python Module SMHI /ver 3-12/ feb 2012 
** LIMS Job: 20183402-0058
** Cruise: SMHI-02-2018
** Latitude [GG MM.mm N] :
** Longitude [GG MM.mm E]:
# nquan = 26
# nvalues = 120                         
# units = specified
# name 0 = scan: Scan Count
# name 1 = prDM: Pressure, Digiquartz [db]
# name 2 = t090C: Temperature [ITS-90, deg C]
# name 3 = t190C: Temperature, 2 [ITS-90, deg C]
# name 4 = T2-T190C: Temperature Difference, 2 - 1 [ITS-90, deg C]
# name 5 = c0S/m: Conductivity [S/m]
# name 6 = c1S/m: Conductivity, 2 [S/m]
# name 7 = pumps: Pump Status
# name 8 = sbeox0ML/L: Oxygen, SBE 43 [ml/l]
# name 9 = sbeox1ML/L: Oxygen, SBE 43, 2 [ml/l]
# name 10 = altM: Altimeter [m]
# name 11 = flECO-AFL: Chl-a Fluorescence, WET Labs ECO-AFL/FL [mg/m^3]
# name 12 = flECO-AFL1: Phycocyanin Fluorescence, WET Labs ECO-AFL/FL, 2 [mg/m^3]
# name 13 = par: PAR/Irradiance, Biospherical/Lico [µE/(cm^2*s)]
# name 14 = turbWETntu0: Turbidity, WET Labs ECO [NTU]
# name 15 = sal00: Salinity, Practical [PSU]
# name 16 = sal11: Salinity, Practical, 2 [PSU]
# name 17 = secS-priS: Salinity, Practical, Difference, 2 - 1 [PSU]
# name 18 = sigma-t00: Density [sigma-t, Kg/m^3 ]
# name 19 = sigma-t11: Density, 2 [sigma-t, Kg/m^3 ]
# name 20 = depSM: Depth [salt water, m], lat = 56.669
# name 21 = depFM: Depth [true depth, m], lat = 56.669
# name 22 = dz/dtM: Descent Rate [m/s], WS = 2
# name 23 = svCM: Sound Velocity [Chen-Millero, m/s]
# name 24 = svCM1: Sound Velocity, 2 [Chen-Millero, m/s]
# name 25 = flag: flag
# span 0 =       5202,       8999       
# span 1 =      0.500,     60.000       
# span 2 =     0.3795,     5.4673       
# span 3 =     0.3751,     5.4682       
# span 4 =    -0.0459,     0.0459       
# span 5 =   1.408919,   3.270295       
# span 6 =   1.409147,   3.270311       
# span 7 =          1,          1       
# span 8 =    6.35377,    9.58972       
# span 9 =    6.33612,    9.60025       
# span 10 =       2.67,      98.74      
# span 11 =     0.3049,     9.4933      
# span 12 =     0.2904,     1.7673      
# span 13 = 9.9663e-13, 3.9640e-01      
# span 14 =     0.4622,     1.8488      
# span 15 =    15.3478,    33.7763      
# span 16 =    15.3508,    33.7758      
# span 17 =    -0.1349,     0.1016      
# span 18 =    12.2694,    26.6715      
# span 19 =    12.2717,    26.6709      
# span 20 =      0.495,     59.442      
# span 21 =      0.503,     59.716      
# span 22 =     -0.104,      0.502      
# span 23 =    1428.13,    1471.44      
# span 24 =    1428.13,    1471.45      
# span 25 = 0.0000e+00, 0.0000e+00      
# interval = decibars: 0.5              
# start_time = Mar 14 2018 22:44:48 [NMEA time, first data scan]
# bad_flag = -9.990e-29
*END*
[from data line 56]
       6848     28.500     5.4574     5.4580     0.0006    3.26454    3.26458          1     6.3879     6.3528      34.47     0.3735     0.3314  1.000e-12  0.9928000    33.5833    33.5831    -0.0002    26.4992    26.4990     28.237     28.463      0.467    1471.25    1471.25  0.000e+00
       6873     29.000     5.4597     5.4604     0.0007    3.26509    3.26512          1     6.3636     6.3437      33.98     0.4802     0.3331  1.000e-12  0.9809000    33.5870    33.5866    -0.0004    26.5018    26.5014     28.732     28.959      0.485    1471.27    1471.27  0.000e+00
       6898     29.500     5.3987     5.4001     0.0013    3.25934    3.25943          1     6.3703     6.3603      33.47     0.5556     0.3504  1.000e-12  0.9839000    33.5822    33.5819    -0.0003    26.5052    26.5049     29.228     29.455      0.482    1471.03    1471.03  0.000e+00
       6923     30.000     5.3253     5.3266     0.0014    3.25247    3.25258          1     6.4060     6.3969      32.96     0.3907     0.4377  1.000e-12  0.9708000    33.5770    33.5769    -0.0001    26.5097    26.5095     29.723     29.951      0.461    1470.73    1470.74  0.000e+00
       6950     30.500     5.3220     5.3226     0.0006    3.25316    3.25319          1     6.4249     6.4076      32.46     0.5271     0.2904  1.000e-12  0.9887000    33.5880    33.5877    -0.0003    26.5188    26.5185     30.219     30.447      0.454    1470.74    1470.74  0.000e+00
       6976     31.000     5.3551     5.3571     0.0020    3.25765    3.25790          1     6.4123     6.3873      31.96     0.4260     0.3079  1.000e-12  1.0081000    33.6059    33.6067     0.0008    26.5291    26.5295     30.714     30.943      0.465    1470.90    1470.91  0.000e+00
       7001     31.500     5.3774     5.3765    -0.0008    3.26049    3.26031          1     6.3935     6.3743      31.50     0.3626     0.3613  1.000e-12  1.1193000    33.6157    33.6145    -0.0012    26.5343    26.5334     31.209     31.440      0.477    1471.02    1471.01  0.000e+00
       7026     32.000     5.3805     5.3804    -0.0001    3.26111    3.26108          1     6.3922     6.3758      31.04     0.3350     0.3300  1.000e-12  1.2269000    33.6194    33.6192    -0.0002    26.5369    26.5367     31.705     31.936      0.474    1471.04    1471.04  0.000e+00
       7052     32.500     5.3912     5.3911    -0.0001    3.26282    3.26278          1     6.3846     6.3651      30.52     0.3642     0.3190  1.000e-12  1.1977000    33.6280    33.6276    -0.0004    26.5424    26.5421     32.200     32.432      0.476    1471.10    1471.10  0.000e+00
       7077     33.000     5.3979     5.3991     0.0012    3.26415    3.26418          1     6.3774     6.3601      30.00     0.3055     0.3157  1.000e-12  1.1700000    33.6361    33.6353    -0.0008    26.5480    26.5472     32.695     32.928      0.477    1471.15    1471.15  0.000e+00
       7102     33.500     5.3885     5.3891     0.0006    3.26464    3.26465          1     6.3834     6.3628      29.52     0.3962     0.2990  1.000e-12  1.2046000    33.6510    33.6505    -0.0006    26.5609    26.5604     33.191     33.424      0.468    1471.14    1471.14  0.000e+00
       7128     34.000     5.3844     5.3855     0.0011    3.26451    3.26458          1     6.3897     6.3682      29.05     0.4641     0.3548  1.000e-12  1.2012000    33.6534    33.6530    -0.0004    26.5633    26.5628     33.686     33.920      0.463    1471.13    1471.14  0.000e+00
       7154     34.500     5.3834     5.3834    -0.0001    3.26451    3.26451          1     6.3836     6.3690      28.52     0.3782     0.3621  1.000e-12  1.1978000    33.6541    33.6541     0.0000    26.5639    26.5640     34.181     34.416      0.459    1471.14    1471.14  0.000e+00
       7180     35.000     5.3828     5.3830     0.0002    3.26452    3.26452          1     6.3757     6.3628      27.99     0.3662     0.3154  1.000e-12  1.1936000    33.6545    33.6544    -0.0001    26.5644    26.5642     34.677     34.912      0.475    1471.14    1471.14  0.000e+00
       7205     35.500     5.3824     5.3826     0.0002    3.26453    3.26454          1     6.3800     6.3576      27.51     0.3462     0.3145  1.000e-12  1.1761000    33.6548    33.6546    -0.0002    26.5647    26.5645     35.172     35.408      0.502    1471.15    1471.15  0.000e+00
       7228     36.000     5.3821     5.3824     0.0003    3.26461    3.26462          1     6.3879     6.3568      27.01     0.4756     0.3187  1.000e-12  1.3061000    33.6557    33.6555    -0.0002    26.5654    26.5652     35.667     35.904      0.501    1471.16    1471.16  0.000e+00
       7253     36.500     5.3817     5.3820     0.0003    3.26465    3.26466          1     6.3907     6.3626      26.53     0.3923     0.3266  1.000e-12  1.2125000    33.6564    33.6562    -0.0002    26.5660    26.5658     36.163     36.400      0.482    1471.17    1471.17  0.000e+00
       7278     37.000     5.3810     5.3812     0.0002    3.26474    3.26473          1     6.3950     6.3707      26.02     0.3985     0.3413  1.000e-12  1.1956000    33.6578    33.6575    -0.0003    26.5672    26.5669     36.658     36.897      0.474    1471.17    1471.17  0.000e+00
       7303     37.500     5.3800     5.3802     0.0002    3.26486    3.26484          1     6.3928     6.3774      25.49     0.3528     0.3455  1.000e-12  1.1610000    33.6600    33.6596    -0.0004    26.5690    26.5687     37.153     37.393      0.484    1471.18    1471.18  0.000e+00
       7328     38.000     5.3795     5.3800     0.0005    3.26497    3.26496          1     6.3930     6.3775      25.00     0.3641     0.3555  1.000e-12  1.1226000    33.6614    33.6608    -0.0007    26.5702    26.5696     37.649     37.889      0.490    1471.19    1471.19  0.000e+00
       7352     38.500     5.3777     5.3781     0.0004    3.26510    3.26512          1     6.3967     6.3742      24.49     0.3230     0.3822  1.000e-12  1.0960000    33.6646    33.6643    -0.0002    26.5729    26.5727     38.144     38.385      0.478    1471.19    1471.19  0.000e+00
       7378     39.000     5.3759     5.3761     0.0002    3.26524    3.26525          1     6.4021     6.3774      24.04     0.3049     0.3698  1.000e-12  1.1293000    33.6677    33.6676    -0.0001    26.5756    26.5755     38.639     38.881      0.476    1471.20    1471.20  0.000e+00
       7403     39.500     5.3742     5.3744     0.0003    3.26529    3.26533          1     6.4024     6.3769      23.72     0.3308     0.3538  1.000e-12  1.1881000    33.6698    33.6699     0.0001    26.5774    26.5775     39.135     39.377      0.482    1471.20    1471.20  0.000e+00
       7428     40.000     5.3741     5.3743     0.0001    3.26539    3.26542          1     6.3900     6.3700      23.09     0.4210     0.3490  1.000e-12  1.1731000    33.6707    33.6708     0.0001    26.5782    26.5783     39.630     39.873      0.483    1471.21    1471.21  0.000e+00
       7452     40.500     5.3732     5.3735     0.0002    3.26545    3.26548          1     6.3817     6.3669      22.51     0.4624     0.3268  1.000e-12  1.1538000    33.6720    33.6721     0.0001    26.5793    26.5793     40.125     40.369      0.486    1471.22    1471.22  0.000e+00
       7477     41.000     5.3776     5.3773    -0.0003    3.26611    3.26606          1     6.3811     6.3655      21.97     0.8233     0.3106  1.000e-12  1.1507000    33.6749    33.6746    -0.0003    26.5811    26.5809     40.621     40.865      0.471    1471.25    1471.25  0.000e+00
       7503     41.500     5.3841     5.3834    -0.0006    3.26690    3.26682          1     6.3853     6.3658      21.45     0.6689     0.3250  1.000e-12  1.1857000    33.6772    33.6769    -0.0003    26.5821    26.5820     41.116     41.361      0.455    1471.28    1471.28  0.000e+00
       7529     42.000     5.3863     5.3866     0.0003    3.26731    3.26734          1     6.3806     6.3626      20.94     0.3741     0.3572  1.000e-12  1.2053000    33.6794    33.6793    -0.0001    26.5837    26.5836     41.611     41.857      0.469    1471.30    1471.30  0.000e+00
       7555     42.500     5.3862     5.3867     0.0005    3.26748    3.26751          1     6.3771     6.3606      20.45     0.3693     0.3284  1.000e-12  1.2195000    33.6811    33.6809    -0.0001    26.5850    26.5848     42.107     42.353      0.475    1471.31    1471.32  0.000e+00
       7580     43.000     5.3819     5.3821     0.0002    3.26727    3.26729          1     6.3807     6.3506      19.95     0.3702     0.3702  1.000e-12  1.2517000    33.6828    33.6828     0.0000    26.5869    26.5869     42.602     42.850      0.468    1471.31    1471.31  0.000e+00
       7606     43.500     5.3829     5.3833     0.0003    3.26810    3.26808          1     6.3750     6.3420      19.44     0.5522     0.3819  1.000e-12  1.3394000    33.6909    33.6905    -0.0005    26.5931    26.5928     43.097     43.346      0.473    1471.33    1471.33  0.000e+00
       7631     44.000     5.3879     5.3882     0.0003    3.26896    3.26899          1     6.3648     6.3361      18.94     0.5242     0.3415  1.000e-12  1.4625000    33.6956    33.6955    -0.0000    26.5963    26.5962     43.592     43.842      0.476    1471.36    1471.37  0.000e+00
       7656     44.500     5.3878     5.3880     0.0003    3.26911    3.26914          1     6.3627     6.3400      18.48     0.4272     0.3239  1.000e-12  1.5671000    33.6971    33.6972     0.0001    26.5975    26.5976     44.088     44.338      0.467    1471.37    1471.37  0.000e+00
       7682     45.000     5.3869     5.3873     0.0004    3.26946    3.26950          1     6.3611     6.3448      17.98     0.3879     0.3015  1.000e-12  1.6241000    33.7018    33.7018     0.0000    26.6013    26.6013     44.583     44.834      0.457    1471.38    1471.39  0.000e+00
       7709     45.500     5.3839     5.3843     0.0003    3.26948    3.26950          1     6.3588     6.3434      17.45     0.3701     0.3855  1.000e-12  1.6818000    33.7047    33.7047    -0.0001    26.6040    26.6039     45.078     45.330      0.458    1471.38    1471.39  0.000e+00
       7735     46.000     5.3828     5.3836     0.0008    3.26949    3.26953          1     6.3538     6.3463      16.93     0.3862     0.3446  1.000e-12  1.7149000    33.7058    33.7054    -0.0004    26.6049    26.6045     45.574     45.826      0.463    1471.39    1471.39  0.000e+00
       7760     46.500     5.3821     5.3827     0.0005    3.26957    3.26963          1     6.3596     6.3440      16.43     0.4007     0.3292  1.000e-12  1.7689000    33.7070    33.7072     0.0002    26.6060    26.6061     46.069     46.322      0.462    1471.39    1471.40  0.000e+00
       7787     47.000     5.3827     5.3830     0.0003    3.26972    3.26977          1     6.3666     6.3438      15.94     0.4191     0.3222  1.000e-12  1.7376000    33.7080    33.7083     0.0003    26.6067    26.6069     46.564     46.818      0.459    1471.41    1471.41  0.000e+00
       7813     47.500     5.3826     5.3830     0.0004    3.26988    3.26989          1     6.3678     6.3385      15.46     0.4815     0.3618  1.000e-12  1.7486000    33.7096    33.7094    -0.0002    26.6080    26.6077     47.060     47.314      0.455    1471.42    1471.42  0.000e+00
       7840     48.000     5.3827     5.3831     0.0004    3.27011    3.27011          1     6.3616     6.3399      14.93     0.5230     0.3504  1.000e-12  1.6846000    33.7119    33.7115    -0.0003    26.6097    26.6094     47.555     47.810      0.441    1471.43    1471.43  0.000e+00
       7867     48.500     5.3824     5.3827     0.0002    3.27029    3.27031          1     6.3623     6.3521      14.41     0.4613     0.3938  1.000e-12  1.6385000    33.7140    33.7140    -0.0001    26.6115    26.6114     48.050     48.306      0.447    1471.44    1471.44  0.000e+00
       7893     49.000     5.3815     5.3819     0.0004    3.27025    3.27029          1     6.3596     6.3501      13.92     0.4683     0.5088  1.000e-12  1.7200000    33.7142    33.7142     0.0000    26.6118    26.6117     48.546     48.802      0.451    1471.44    1471.44  0.000e+00
       7920     49.500     5.3794     5.3799     0.0005    3.27013    3.27017          1     6.3631     6.3453      13.43     0.5449     0.3582  1.000e-12  1.6973000    33.7147    33.7146    -0.0001    26.6124    26.6123     49.041     49.298      0.461    1471.44    1471.45  0.000e+00
       7945     50.000     5.3772     5.3778     0.0005    3.27004    3.27007          1     6.3653     6.3394      12.94     0.5214     0.3771  1.000e-12  1.6300000    33.7155    33.7154    -0.0001    26.6133    26.6132     49.536     49.795      0.467    1471.44    1471.45  0.000e+00
       7971     50.500     5.3629     5.3664     0.0036    3.26890    3.26916          1     6.3713     6.3483      12.44     0.4753     0.3357  1.000e-12  1.6529000    33.7167    33.7161    -0.0006    26.6159    26.6150     50.031     50.291      0.461    1471.40    1471.41  0.000e+00
       7998     51.000     5.3505     5.3475    -0.0029    3.26787    3.26757          1     6.3825     6.3777      11.93     0.6395     0.4069  1.000e-12  1.5118000    33.7172    33.7168    -0.0004    26.6178    26.6178     50.527     50.787      0.459    1471.35    1471.34  0.000e+00
       8023     51.500     5.3444     5.3436    -0.0008    3.26736    3.26728          1     6.3909     6.3856      11.43     0.4803     0.3884  1.000e-12  1.4909000    33.7172    33.7171    -0.0001    26.6185    26.6185     51.022     51.283      0.464    1471.34    1471.33  0.000e+00
       8049     52.000     5.3423     5.3418    -0.0005    3.26721    3.26718          1     6.3923     6.3698      10.94     0.6452     0.3099  1.000e-12  1.5692000    33.7174    33.7175     0.0001    26.6189    26.6190     51.517     51.779      0.458    1471.34    1471.34  0.000e+00
       8076     52.500     5.3243     5.3351     0.0108    3.26597    3.26674          1     6.3999     6.3761      10.44     0.6320     0.3569  1.000e-12  1.5249000    33.7211    33.7190    -0.0021    26.6239    26.6210     52.013     52.275      0.449    1471.28    1471.32  0.000e+00
       8103     53.000     5.3078     5.3091     0.0014    3.26497    3.26504          1     6.4173     6.4005       9.94     0.7604     0.4402  1.000e-12  1.6100000    33.7259    33.7254    -0.0005    26.6297    26.6291     52.508     52.771      0.453    1471.23    1471.23  0.000e+00
       8129     53.500     5.2975     5.2985     0.0009    3.26490    3.26491          1     6.4279     6.4178       9.44     0.9196     0.3827  1.000e-12  1.4607000    33.7352    33.7344    -0.0008    26.6382    26.6375     53.003     53.267      0.457    1471.20    1471.21  0.000e+00
       8155     54.000     5.2959     5.2963     0.0004    3.26512    3.26515          1     6.4226     6.4168       8.92     0.8962     0.3805  1.000e-12  1.7974000    33.7391    33.7391     0.0000    26.6415    26.6415     53.499     53.763      0.450    1471.21    1471.21  0.000e+00
       8182     54.500     5.2960     5.2964     0.0004    3.26522    3.26526          1     6.4241     6.4105       8.43     0.8780     0.4792  1.000e-12  1.4513000    33.7399    33.7400     0.0001    26.6421    26.6422     53.994     54.259      0.453    1471.22    1471.22  0.000e+00
       8209     55.000     5.2962     5.2967     0.0004    3.26546    3.26552          1     6.4176     6.4064       7.94     0.8641     0.4455  1.000e-12  1.4819000    33.7422    33.7424     0.0002    26.6439    26.6441     54.489     54.755      0.434    1471.23    1471.23  0.000e+00
       8237     55.500     5.2966     5.2970     0.0003    3.26579    3.26577          1     6.4058     6.4069       7.41     1.5053     0.4591  1.000e-12  1.5699000    33.7453    33.7447    -0.0006    26.6464    26.6458     54.984     55.251      0.417    1471.25    1471.25  0.000e+00
