ctdpy/exports/archive_20191121_122431/received_data/SBE09_1044_20181114_2217_34_01_0148.cnv
* Sea-Bird SBE 9 Data File:
* FileName = C:\ctd\temp\ar18d148.hex
* Software Version Seasave V 7.26.7.107
* Temperature SN = 5351
* Conductivity SN = 3941
* Number of Bytes Per Scan = 41
* Number of Voltage Words = 4
* Number of Scans Averaged by the Deck Unit = 1
* NMEA Latitude = 58 55.93 N
* NMEA Longitude = 019 09.86 E
* NMEA UTC (Time) = Nov 14 2018  22:18:00
* NMEA baud rate = 4800
** Station:  Huvudskar Ost
** Operator:  JKro
** Ship: ARANDA
** Average sound velocity: 1441.49 m/s
** True-depth calculation Wed, 14 Nov 2018 22:45:42 +0000
** CTD Python Module SMHI /ver 3-12/ feb 2012 
** LIMS Job: 20183401-0148
** Cruise: SMHI-6-2018
** Latitude [GG MM.mm N]:
** Longitude [GG MM.mm E]
# nquan = 26
# nvalues = 171                         
# units = specified
# name 0 = scan: Scan Count
# name 1 = prDM: Pressure, Digiquartz [db]
# name 2 = t090C: Temperature [ITS-90, deg C]
# name 3 = t190C: Temperature, 2 [ITS-90, deg C]
# name 4 = T2-T190C: Temperature Difference, 2 - 1 [ITS-90, deg C]
# name 5 = c0S/m: Conductivity [S/m]
# name 6 = c1S/m: Conductivity, 2 [S/m]
# name 7 = pumps: Pump Status
# name 8 = sbeox0ML/L: Oxygen, SBE 43 [ml/l]
# name 9 = sbeox1ML/L: Oxygen, SBE 43, 2 [ml/l]
# name 10 = altM: Altimeter [m]
# name 11 = flECO-AFL: Chl-a Fluorescence, WET Labs ECO-AFL/FL [mg/m^3]
# name 12 = flECO-AFL1: Phycocyanin Fluorescence, WET Labs ECO-AFL/FL, 2 [mg/m^3]
# name 13 = par: PAR/Irradiance, Biospherical/Lico [µE/(cm^2*s)]
# name 14 = turbWETntu0: Turbidity, WET Labs ECO [NTU]
# name 15 = sal00: Salinity, Practical [PSU]
# name 16 = sal11: Salinity, Practical, 2 [PSU]
# name 17 = secS-priS: Salinity, Practical, Difference, 2 - 1 [PSU]
# name 18 = sigma-t00: Density [sigma-t, Kg/m^3 ]
# name 19 = sigma-t11: Density, 2 [sigma-t, Kg/m^3 ]
# name 20 = depSM: Depth [salt water, m], lat = 58.9322
# name 21 = depFM: Depth [true depth, m], lat = 58.9322
# name 22 = dz/dtM: Descent Rate [m/s], WS = 2
# name 23 = svCM: Sound Velocity [Chen-Millero, m/s]
# name 24 = svCM1: Sound Velocity, 2 [Chen-Millero, m/s]
# name 25 = flag: flag
# span 0 =      11293,      16535       
# span 1 =      0.500,     85.500       
# span 2 =     3.8495,     8.2493       
# span 3 =     3.8511,     8.2463       
# span 4 =    -0.0530,     0.0445       
# span 5 =   0.779597,   1.070964       
# span 6 =   0.779483,   1.070311       
# span 7 =          1,          1       
# span 8 =    0.05166,    7.68905       
# span 9 =    0.14034,    7.31599       
# span 10 =       3.98,      91.10      
# span 11 =     0.2585,     0.9204      
# span 12 =     0.1490,     0.3362      
# span 13 = 9.9995e-13, 5.8165e-01      
# span 14 =     0.1316,     1.7046      
# span 15 =     6.5688,     9.9732      
# span 16 =     6.5676,     9.9672      
# span 17 =    -0.0243,     0.0163      
# span 18 =     4.9996,     7.8679      
# span 19 =     4.9996,     7.8632      
# span 20 =      0.495,     84.684      
# span 21 =      0.507,     86.586      
# span 22 =     -0.069,      0.582      
# span 23 =    1431.84,    1449.16      
# span 24 =    1431.84,    1449.17      
# span 25 = 0.0000e+00, 0.0000e+00      
# interval = decibars: 0.5              
# start_time = Nov 14 2018 22:18:00 [NMEA time, first data scan]
# bad_flag = -9.990e-29
*END*
      11293      0.500     8.0276     8.0469     0.0192    0.78067    0.78128          1     7.6611     7.2801      91.04     0.8160     0.2984  5.747e-01  0.2165000     6.5761     6.5780     0.0019     5.0213     5.0213      0.495      0.507      0.105    1447.51    1447.60  0.000e+00
      11387      1.000     8.0222     8.0294     0.0072    0.78028    0.78062          1     7.6646     7.2917      91.10     0.8300     0.3059  5.817e-01  0.2336000     6.5736     6.5753     0.0017     5.0197     5.0205      0.991      1.013      0.208    1447.50    1447.53  0.000e+00
      11480      1.500     8.0051     8.0167     0.0116    0.77960    0.78004          1     7.6673     7.2707      90.64     0.8649     0.3116  2.961e-02  0.2457000     6.5705     6.5724     0.0019     5.0187     5.0192      1.486      1.520      0.316    1447.43    1447.48  0.000e+00
      11508      2.000     8.0489     8.0493     0.0005    0.78148    0.78156          1     7.6563     7.2668      90.32     0.8290     0.2989  1.716e-03  0.2547000     6.5793     6.5799     0.0006     5.0221     5.0225      1.981      2.027      0.367    1447.63    1447.63  0.000e+00
      11545      2.500     8.0969     8.1336     0.0365    0.78195    0.78260          1     7.6638     7.2786      89.82     0.8163     0.2817  9.999e-13  0.2523000     6.5744     6.5735    -0.0010     5.0144     5.0107      2.477      2.534      0.332    1447.83    1447.97  0.000e+00
      11574      3.000     8.1997     8.2355     0.0361    0.78376    0.78446          1     7.6753     7.2758      89.44     0.9204     0.2753  1.000e-12  0.2640000     6.5716     6.5712    -0.0004     5.0039     5.0006      2.972      3.040      0.512    1448.25    1448.39  0.000e+00
      11596      3.500     8.2308     8.2463     0.0154    0.78450    0.78467          1     7.6890     7.2865      89.06     0.8585     0.2879  1.000e-12  0.2902000     6.5724     6.5710    -0.0014     5.0019     4.9996      3.467      3.547      0.479    1448.39    1448.45  0.000e+00
      11626      4.000     8.2493     8.1961    -0.0530    0.78478    0.78358          1     7.6611     7.2937      88.35     0.8449     0.2781  1.000e-12  0.3275000     6.5714     6.5705    -0.0009     4.9996     5.0033      3.963      4.054      0.396    1448.47    1448.25  0.000e+00
      11655      4.500     8.2332     8.1953    -0.0379    0.78442    0.78377          1     7.6624     7.3160      67.46     0.8677     0.2792  1.000e-12  0.2596000     6.5711     6.5723     0.0012     5.0007     5.0048      4.458      4.561      0.446    1448.41    1448.26  0.000e+00
      11680      5.000     8.1282     8.1728     0.0445    0.78274    0.78347          1     7.6539     7.2954      33.37     0.8449     0.3226  1.000e-12  0.2690000     6.5755     6.5737    -0.0018     5.0127     5.0077      4.953      5.067      0.500    1447.99    1448.17  0.000e+00
      11703      5.500     8.1046     8.1318     0.0268    0.78205    0.78265          1     7.6657     7.3026      76.91     0.8627     0.2954  1.000e-12  0.2555000     6.5737     6.5740     0.0003     5.0132     5.0112      5.449      5.574      0.537    1447.91    1448.01  0.000e+00
      11725      6.000     8.0398     8.0233    -0.0163    0.78071    0.77992          1     7.6721     7.3055      85.73     0.8233     0.2923  1.000e-12  0.2604000     6.5736     6.5696    -0.0040     5.0184     5.0165      5.944      6.081      0.517    1447.65    1447.57  0.000e+00
      11750      6.500     8.0328     8.0249    -0.0079    0.78065    0.78012          1     7.6758     7.2945      30.38     0.8561     0.3032  1.000e-12  0.2565000     6.5743     6.5710    -0.0033     5.0194     5.0175      6.439      6.587      0.463    1447.63    1447.59  0.000e+00
      11777      7.000     8.0130     8.0120    -0.0010    0.77964    0.77948          1     7.6685     7.2871      69.72     0.8379     0.3192  1.000e-12  0.2812000     6.5688     6.5676    -0.0012     5.0167     5.0159      6.934      7.094      0.447    1447.55    1447.54  0.000e+00
      11803      7.500     8.0214     8.0186    -0.0028    0.78018    0.77988          1     7.6751     7.2874      82.43     0.8586     0.3113  1.000e-12  0.2784000     6.5721     6.5700    -0.0021     5.0186     5.0172      7.430      7.601      0.476    1447.59    1447.58  0.000e+00
      11827      8.000     8.0246     8.0272     0.0025    0.78042    0.78044          1     7.6762     7.2848      83.23     0.8586     0.3362  1.000e-12  0.2623000     6.5736     6.5734    -0.0003     5.0196     5.0192      7.925      8.108      0.503    1447.62    1447.63  0.000e+00
      11851      8.500     8.0498     8.0427    -0.0071    0.78202    0.78146          1     7.6514     7.2789      82.95     0.8586     0.3173  1.000e-12  0.2623000     6.5833     6.5795    -0.0038     5.0252     5.0228      8.420      8.614      0.520    1447.74    1447.71  0.000e+00
      11874      9.000     8.0627     8.0599    -0.0028    0.78294    0.78258          1     7.6378     7.2579      82.68     0.7894     0.2751  1.000e-12  0.2608000     6.5892     6.5864    -0.0028     5.0287     5.0268      8.916      9.121      0.516    1447.81    1447.79  0.000e+00
      11897      9.500     8.0731     8.0715    -0.0016    0.78367    0.78348          1     7.6501     7.2563      82.33     0.7553     0.2587  1.000e-12  0.2508000     6.5938     6.5923    -0.0015     5.0315     5.0305      9.411      9.628      0.486    1447.86    1447.86  0.000e+00
      11923     10.000     8.0987     8.0851    -0.0135    0.78524    0.78434          1     7.6480     7.2696      82.07     0.7183     0.2883  1.000e-12  0.2423000     6.6031     6.5976    -0.0056     5.0367     5.0335      9.906     10.135      0.451    1447.99    1447.93  0.000e+00
      11950     10.500     8.1225     8.1278     0.0052    0.78771    0.78771          1     7.6026     7.2493      81.71     0.6792     0.2835  1.000e-12  0.2366000     6.6208     6.6198    -0.0010     5.0487     5.0475     10.402     10.641      0.476    1448.11    1448.14  0.000e+00
      11974     11.000     8.0851     8.1003     0.0151    0.78729    0.78761          1     7.5895     7.2329      81.32     0.5799     0.2276  1.000e-12  0.2257000     6.6241     6.6241     0.0000     5.0542     5.0530     10.897     11.148      0.538    1447.98    1448.04  0.000e+00
      11995     11.500     8.0077     8.0145     0.0068    0.78603    0.78603          1     7.5974     7.2384      80.94     0.5423     0.2071  1.000e-12  0.2274000     6.6272     6.6259    -0.0013     5.0629     5.0613     11.392     11.655      0.563    1447.67    1447.70  0.000e+00
      12017     12.000     8.0026     8.0041     0.0015    0.78647    0.78641          1     7.6071     7.2373      80.42     0.5212     0.2204  1.000e-12  0.2264000     6.6321     6.6313    -0.0009     5.0671     5.0663     11.887     12.161      0.519    1447.66    1447.67  0.000e+00
      12042     12.500     8.0058     8.0065     0.0007    0.78692    0.78686          1     7.6079     7.2322      79.71     0.5095     0.2665  1.000e-12  0.2176000     6.6355     6.6348    -0.0007     5.0695     5.0690     12.383     12.668      0.444    1447.69    1447.69  0.000e+00
      12070     13.000     8.0011     8.0023     0.0012    0.78697    0.78695          1     7.6082     7.2283      79.15     0.5168     0.2664  1.000e-12  0.2177000     6.6368     6.6364    -0.0004     5.0709     5.0705     12.878     13.175      0.447    1447.68    1447.68  0.000e+00
      12095     13.500     7.9974     7.9993     0.0019    0.78689    0.78690          1     7.6113     7.2262      78.78     0.5113     0.2753  1.000e-12  0.2231000     6.6368     6.6365    -0.0003     5.0712     5.0708     13.373     13.681      0.513    1447.67    1447.68  0.000e+00
      12118     14.000     7.9953     7.9969     0.0017    0.78686    0.78687          1     7.6103     7.2294      78.35     0.5117     0.2524  1.000e-12  0.2147000     6.6369     6.6366    -0.0002     5.0714     5.0711     13.869     14.188      0.544    1447.67    1447.68  0.000e+00
      12140     14.500     7.9930     7.9946     0.0016    0.78684    0.78684          1     7.6069     7.2255      77.74     0.5167     0.2584  1.000e-12  0.2093000     6.6370     6.6367    -0.0003     5.0717     5.0713     14.364     14.695      0.532    1447.67    1447.68  0.000e+00
      12163     15.000     7.9930     7.9944     0.0014    0.78694    0.78690          1     7.6047     7.2249      77.19     0.5041     0.2656  1.000e-12  0.2214000     6.6378     6.6372    -0.0006     5.0723     5.0718     14.859     15.202      0.498    1447.68    1447.68  0.000e+00
      12188     15.500     7.9962     7.9976     0.0014    0.78750    0.78747          1     7.5903     7.2221      76.52     0.5022     0.2775  1.000e-12  0.2245000     6.6423     6.6417    -0.0005     5.0756     5.0751     15.355     15.708      0.467    1447.71    1447.71  0.000e+00
      12214     16.000     8.0034     8.0052     0.0018    0.78828    0.78829          1     7.5938     7.2166      75.94     0.4913     0.3050  1.000e-12  0.2120000     6.6479     6.6476    -0.0002     5.0794     5.0791     15.850     16.215      0.471    1447.75    1447.76  0.000e+00
      12239     16.500     8.0033     8.0048     0.0015    0.78830    0.78831          1     7.5981     7.2195      75.42     0.5025     0.3015  1.000e-12  0.2131000     6.6481     6.6478    -0.0003     5.0796     5.0793     16.345     16.722      0.507    1447.76    1447.76  0.000e+00
      12262     17.000     8.0040     8.0056     0.0016    0.78843    0.78843          1     7.5992     7.2167      74.91     0.4761     0.2714  1.000e-12  0.1995000     6.6491     6.6488    -0.0003     5.0803     5.0799     16.840     17.228      0.525    1447.77    1447.78  0.000e+00
      12285     17.500     8.0071     8.0092     0.0021    0.78881    0.78884          1     7.6010     7.2087      74.51     0.4878     0.2910  1.000e-12  0.2122000     6.6518     6.6517    -0.0001     5.0822     5.0820     17.336     17.735      0.498    1447.79    1447.80  0.000e+00
      12310     18.000     8.0114     8.0127     0.0014    0.78922    0.78919          1     7.5943     7.2003      74.13     0.5001     0.2732  1.000e-12  0.2233000     6.6547     6.6541    -0.0006     5.0842     5.0836     17.831     18.242      0.456    1447.82    1447.83  0.000e+00
      12337     18.500     8.0136     8.0170     0.0035    0.78942    0.78956          1     7.5921     7.2015      73.53     0.4842     0.2480  1.000e-12  0.2157000     6.6560     6.6566     0.0006     5.0850     5.0852     18.326     18.748      0.472    1447.84    1447.86  0.000e+00
      12361     19.000     8.0186     8.0210     0.0023    0.78982    0.78988          1     7.5860     7.2003      72.94     0.4857     0.2649  1.000e-12  0.2101000     6.6587     6.6587     0.0000     5.0867     5.0865     18.822     19.255      0.525    1447.87    1447.88  0.000e+00
      12383     19.500     8.0211     8.0225     0.0013    0.79000    0.78999          1     7.5793     7.1942      71.80     0.4991     0.1829  1.000e-12  0.2109000     6.6598     6.6594    -0.0004     5.0874     5.0869     19.317     19.762      0.532    1447.89    1447.90  0.000e+00
      12406     20.000     8.0223     8.0234     0.0011    0.79007    0.79003          1     7.5791     7.1960      71.29     0.4894     0.2715  1.000e-12  0.2158000     6.6601     6.6595    -0.0006     5.0875     5.0870     19.812     20.268      0.489    1447.90    1447.91  0.000e+00
      12432     20.500     8.0318     8.0354     0.0038    0.79052    0.79059          1     7.5686     7.1913      70.35     0.4668     0.2579  1.000e-12  0.2279000     6.6623     6.6623    -0.0001     5.0885     5.0881     20.307     20.775      0.456    1447.96    1447.97  0.000e+00
      12458     21.000     8.0518     8.0541     0.0023    0.79145    0.79144          1     7.5648     7.1902      69.96     0.4654     0.2809  1.000e-12  0.2153000     6.6669     6.6663    -0.0006     5.0905     5.0898     20.803     21.282      0.486    1448.05    1448.06  0.000e+00
      12482     21.500     8.0659     8.0644    -0.0016    0.79209    0.79195          1     7.5622     7.1808      69.63     0.5018     0.2514  1.000e-12  0.2056000     6.6700     6.6690    -0.0009     5.0917     5.0911     21.298     21.789      0.535    1448.12    1448.11  0.000e+00
      12503     22.000     8.1037     8.1042     0.0005    0.79375    0.79368          1     7.5522     7.1700      68.98     0.4957     0.2563  1.000e-12  0.2039000     6.6777     6.6770    -0.0007     5.0948     5.0942     21.793     22.295      0.551    1448.29    1448.29  0.000e+00
      12525     22.500     8.1281     8.1299     0.0019    0.79482    0.79481          1     7.5482     7.1649      68.73     0.4831     0.2655  1.000e-12  0.1999000     6.6827     6.6823    -0.0004     5.0967     5.0962     22.289     22.802      0.516    1448.41    1448.41  0.000e+00
      12550     23.000     8.1444     8.1444     0.0000    0.79563    0.79555          1     7.5460     7.1677      68.06     0.4903     0.2565  1.000e-12  0.2011000     6.6869     6.6861    -0.0007     5.0986     5.0981     22.784     23.309      0.460    1448.49    1448.48  0.000e+00
      12578     23.500     8.1650     8.1650    -0.0001    0.79664    0.79654          1     7.5489     7.1688      67.57     0.5211     0.2647  1.000e-12  0.2087000     6.6920     6.6912    -0.0008     5.1010     5.1003     23.279     23.815      0.442    1448.58    1448.58  0.000e+00
      12604     24.000     8.1683     8.1694     0.0011    0.79695    0.79692          1     7.5349     7.1585      67.22     0.5182     0.2402  1.000e-12  0.2019000     6.6942     6.6937    -0.0005     5.1024     5.1019     23.774     24.322      0.485    1448.61    1448.61  0.000e+00
      12627     24.500     8.1538     8.1577     0.0040    0.79662    0.79669          1     7.5206     7.1545      66.66     0.5016     0.2190  1.000e-12  0.1979000     6.6939     6.6937    -0.0001     5.1033     5.1029     24.270     24.829      0.527    1448.56    1448.57  0.000e+00
      12649     25.000     8.1203     8.1232     0.0029    0.79573    0.79576          1     7.5278     7.1599      66.30     0.4896     0.2086  1.000e-12  0.1973000     6.6921     6.6918    -0.0003     5.1047     5.1042     24.765     25.335      0.545    1448.43    1448.44  0.000e+00
      12671     25.500     8.1317     8.1321     0.0004    0.79628    0.79621          1     7.5362     7.1593      65.90     0.4835     0.2760  1.000e-12  0.1935000     6.6949     6.6942    -0.0007     5.1059     5.1053     25.260     25.842      0.538    1448.48    1448.48  0.000e+00
      12694     26.000     8.1588     8.1582    -0.0007    0.79735    0.79725          1     7.5373     7.1558      65.32     0.5263     0.2519  1.000e-12  0.1974000     6.6993     6.6986    -0.0008     5.1072     5.1067     25.755     26.349      0.506    1448.61    1448.60  0.000e+00
      12719     26.500     8.1657     8.1666     0.0009    0.79771    0.79767          1     7.5357     7.1512      64.98     0.4876     0.2355  1.000e-12  0.1994000     6.7013     6.7007    -0.0005     5.1082     5.1077     26.251     26.855      0.461    1448.65    1448.65  0.000e+00
      12746     27.000     8.1658     8.1668     0.0010    0.79782    0.79779          1     7.5268     7.1444      63.20     0.4978     0.2141  1.000e-12  0.2029000     6.7021     6.7017    -0.0005     5.1088     5.1084     26.746     27.362      0.456    1448.66    1448.66  0.000e+00
      12771     27.500     8.1557     8.1575     0.0018    0.79768    0.79766          1     7.5220     7.1471       3.98     0.4948     0.2509  1.000e-12  0.1907000     6.7027     6.7022    -0.0005     5.1101     5.1096     27.241     27.869      0.499    1448.62    1448.63  0.000e+00
