ctdpy/exports/archive_20191121_122431/received_data/SBE09_1044_20180319_1043_34_02_0069.cnv
* Sea-Bird SBE 9 Data File:
* FileName = C:\ctd\temp\2018\ME18D069.hex
* Software Version Seasave V 7.26.6.26
* Temperature SN = 5351
* Conductivity SN = 3941
* Number of Bytes Per Scan = 41
* Number of Voltage Words = 4
* Number of Scans Averaged by the Deck Unit = 1
* NMEA Latitude = 57 11.57 N
* NMEA Longitude = 011 39.52 E
* NMEA UTC (Time) = Mar 19 2018  10:43:19
* NMEA baud rate = 4800
** Station:  Fladen
** Operator:  SSip
** Ship: MERI
** Average sound velocity: 1469.92 m/s
** True-depth calculation Mon, 19 Mar 2018 12:28:27 +0000
** CTD Python Module SMHI /ver 3-12/ feb 2012 
** LIMS Job: 20183402-0069
** Cruise: SMHI-02-2018
** Latitude [GG MM.mm N] :
** Longitude [GG MM.mm E]:
# nquan = 26
# nvalues = 155                         
# units = specified
# name 0 = scan: Scan Count
# name 1 = prDM: Pressure, Digiquartz [db]
# name 2 = t090C: Temperature [ITS-90, deg C]
# name 3 = t190C: Temperature, 2 [ITS-90, deg C]
# name 4 = T2-T190C: Temperature Difference, 2 - 1 [ITS-90, deg C]
# name 5 = c0S/m: Conductivity [S/m]
# name 6 = c1S/m: Conductivity, 2 [S/m]
# name 7 = pumps: Pump Status
# name 8 = sbeox0ML/L: Oxygen, SBE 43 [ml/l]
# name 9 = sbeox1ML/L: Oxygen, SBE 43, 2 [ml/l]
# name 10 = altM: Altimeter [m]
# name 11 = flECO-AFL: Chl-a Fluorescence, WET Labs ECO-AFL/FL [mg/m^3]
# name 12 = flECO-AFL1: Phycocyanin Fluorescence, WET Labs ECO-AFL/FL, 2 [mg/m^3]
# name 13 = par: PAR/Irradiance, Biospherical/Lico [µE/(cm^2*s)]
# name 14 = turbWETntu0: Turbidity, WET Labs ECO [NTU]
# name 15 = sal00: Salinity, Practical [PSU]
# name 16 = sal11: Salinity, Practical, 2 [PSU]
# name 17 = secS-priS: Salinity, Practical, Difference, 2 - 1 [PSU]
# name 18 = sigma-t00: Density [sigma-t, Kg/m^3 ]
# name 19 = sigma-t11: Density, 2 [sigma-t, Kg/m^3 ]
# name 20 = depSM: Depth [salt water, m], lat = 57.1928
# name 21 = depFM: Depth [true depth, m], lat = 57.1928
# name 22 = dz/dtM: Descent Rate [m/s], WS = 2
# name 23 = svCM: Sound Velocity [Chen-Millero, m/s]
# name 24 = svCM1: Sound Velocity, 2 [Chen-Millero, m/s]
# name 25 = flag: flag
# span 0 =       4410,       8813       
# span 1 =      1.500,     78.500       
# span 2 =     0.5685,     6.9966       
# span 3 =     0.5667,     6.9968       
# span 4 =    -0.1121,     0.0547       
# span 5 =   1.589695,   3.518721       
# span 6 =   1.589485,   3.518751       
# span 7 =          1,          1       
# span 8 =    5.79238,    9.21081       
# span 9 =    5.79875,    9.25566       
# span 10 =       0.75,      99.84      
# span 11 =     0.0787,     6.3312      
# span 12 =     0.1551,     1.4073      
# span 13 = -1.213e-10, 7.1179e+02      
# span 14 =     0.4644,     1.3445      
# span 15 =    17.7751,    34.8581      
# span 16 =    17.7745,    34.8583      
# span 17 =    -0.2922,     0.2222      
# span 18 =    14.2207,    27.3083      
# span 19 =    14.2202,    27.3086      
# span 20 =      1.486,     77.763      
# span 21 =      1.506,     77.999      
# span 22 =     -0.060,      0.910      
# span 23 =    1428.99,    1479.71      
# span 24 =    1428.98,    1479.71      
# span 25 = 0.0000e+00, 0.0000e+00      
# interval = decibars: 0.5              
# start_time = Mar 19 2018 10:43:19 [NMEA time, first data scan]
# bad_flag = -9.990e-29
*END*
[from data line 56]
       6422     29.500     5.9532     5.9546     0.0014    3.37454    3.37480          1     6.1437     6.1435      98.71     0.4564     0.2195  3.186e-01  0.8642000    34.3313    34.3329     0.0016    27.0302    27.0312     29.227     29.414      0.448    1474.20    1474.21  0.000e+00
       6450     30.000     6.0206     6.0185    -0.0021    3.38327    3.38345          1     6.1384     6.1277      98.71     0.1898     0.2201  2.903e-01  0.8564000    34.3612    34.3653     0.0041    27.0452    27.0488     29.722     29.910      0.449    1474.51    1474.51  0.000e+00
       6475     30.500     6.0977     6.0963    -0.0015    3.39444    3.39450          1     6.1171     6.1011      98.71     0.2408     0.2475  2.610e-01  0.8823000    34.4085    34.4106     0.0022    27.0728    27.0747     30.217     30.406      0.488    1474.88    1474.88  0.000e+00
       6500     31.000     6.1781     6.1764    -0.0017    3.40560    3.40568          1     6.0773     6.0703      98.71     0.3485     0.2969  2.379e-01  0.9244000    34.4522    34.4548     0.0026    27.0970    27.0993     30.712     30.902      0.486    1475.27    1475.26  0.000e+00
       6525     31.500     6.2075     6.2088     0.0013    3.41005    3.41040          1     6.0572     6.0542      98.71     1.0429     0.2955  2.045e-01  0.9891000    34.4721    34.4747     0.0026    27.1089    27.1108     31.208     31.398      0.472    1475.42    1475.42  0.000e+00
       6550     32.000     6.2251     6.2300     0.0049    3.41278    3.41377          1     6.0535     6.0498      98.71     0.4271     0.2726  1.744e-01  0.9649000    34.4846    34.4907     0.0060    27.1165    27.1207     31.703     31.894      0.473    1475.51    1475.53  0.000e+00
       6576     32.500     6.2480     6.2475    -0.0004    3.41623    3.41628          1     6.0376     6.0530      98.71     0.5070     0.2505  1.486e-01  0.9834000    34.4999    34.5008     0.0009    27.1256    27.1264     32.198     32.389      0.456    1475.63    1475.63  0.000e+00
       6603     33.000     6.2728     6.2716    -0.0012    3.41959    3.41959          1     6.0291     6.0494      98.71     0.2491     0.2797  1.303e-01  0.9281000    34.5120    34.5132     0.0012    27.1320    27.1331     32.694     32.885      0.457    1475.75    1475.75  0.000e+00
       6628     33.500     6.2953     6.2928    -0.0025    3.42267    3.42248          1     6.0435     6.0522      98.71     0.1484     0.2075  1.153e-01  0.9497000    34.5234    34.5238     0.0004    27.1381    27.1387     33.189     33.381      0.509    1475.86    1475.85  0.000e+00
       6650     34.000     6.3620     6.3614    -0.0006    3.43210    3.43216          1     6.0298     6.0343      65.98     0.2437     0.2232  9.455e-02  0.9688000    34.5611    34.5623     0.0012    27.1591    27.1600     33.684     33.877      0.524    1476.18    1476.18  0.000e+00
       6674     34.500     6.4490     6.4484    -0.0005    3.44363    3.44364          1     6.0148     6.0249      69.51     0.1718     0.2536  7.856e-02  0.9852000    34.6013    34.6020     0.0006    27.1794    27.1800     34.180     34.373      0.456    1476.58    1476.58  0.000e+00
       6704     35.000     6.4655     6.4656     0.0001    3.44567    3.44576          1     6.0015     6.0182      98.94     0.2020     0.2263  6.355e-02  0.9439000    34.6071    34.6080     0.0009    27.1817    27.1824     34.675     34.868      0.404    1476.66    1476.66  0.000e+00
       6732     35.500     6.4727     6.4717    -0.0010    3.44663    3.44658          1     5.9950     5.9970      98.71     0.1477     0.2383  4.899e-02  0.9191000    34.6103    34.6107     0.0004    27.1833    27.1837     35.170     35.364      0.482    1476.70    1476.69  0.000e+00
       6754     36.000     6.4579     6.4582     0.0003    3.44537    3.44539          1     5.9959     5.9966      56.91     0.1432     0.2208  3.034e-02  0.9881000    34.6109    34.6109    -0.0000    27.1857    27.1857     35.666     35.860      0.538    1476.65    1476.65  0.000e+00
       6777     36.500     6.4741     6.4735    -0.0006    3.44744    3.44746          1     5.9918     6.0020      75.06     0.1393     0.2539  2.029e-02  1.0184000    34.6174    34.6182     0.0009    27.1887    27.1894     36.161     36.356      0.521    1476.73    1476.73  0.000e+00
       6801     37.000     6.5167     6.5171     0.0003    3.45274    3.45283          1     5.9884     6.0023      71.42     0.1378     0.2668  5.659e-03  0.9955000    34.6328    34.6337     0.0008    27.1952    27.1958     36.656     36.852      0.471    1476.92    1476.93  0.000e+00
       6828     37.500     6.5352     6.5348    -0.0004    3.45504    3.45503          1     5.9822     5.9930      98.31     0.1471     0.2637  7.741e-05  0.9513000    34.6396    34.6398     0.0003    27.1981    27.1983     37.152     37.347      0.446    1477.01    1477.01  0.000e+00
       6854     38.000     6.5682     6.5670    -0.0013    3.45927    3.45927          1     5.9799     5.9983      98.71     0.1441     0.2024 -1.213e-10  0.9364000    34.6529    34.6542     0.0013    27.2042    27.2054     37.647     37.843      0.478    1477.17    1477.16  0.000e+00
       6878     38.500     6.6037     6.5984    -0.0052    3.46377    3.46323          1     5.9840     5.9984      92.34     0.4642     0.2536  1.000e-12  0.9316000    34.6667    34.6661    -0.0006    27.2103    27.2106     38.142     38.339      0.505    1477.33    1477.31  0.000e+00
       6902     39.000     6.6845     6.6932     0.0087    3.47379    3.47497          1     5.9730     5.9847      59.21     0.3346     0.2696  1.000e-12  0.9519000    34.6958    34.7001     0.0043    27.2224    27.2246     38.638     38.835      0.496    1477.69    1477.73  0.000e+00
       6926     39.500     6.7237     6.7236    -0.0001    3.47860    3.47865          1     5.9652     5.9737      98.30     0.1493     0.2434  1.000e-12  0.9053000    34.7092    34.7099     0.0007    27.2277    27.2282     39.133     39.330      0.497    1477.87    1477.87  0.000e+00
       6950     40.000     6.7245     6.7250     0.0005    3.47875    3.47885          1     5.9594     5.9687      98.71     0.1408     0.2331  1.000e-12  0.8257000    34.7098    34.7104     0.0006    27.2280    27.2284     39.628     39.826      0.502    1477.88    1477.88  0.000e+00
       6974     40.500     6.7293     6.7290    -0.0003    3.47935    3.47937          1     5.9482     5.9697      98.71     0.1329     0.2345  1.000e-12  0.8054000    34.7114    34.7119     0.0005    27.2286    27.2291     40.123     40.322      0.504    1477.91    1477.91  0.000e+00
       6998     41.000     6.7330     6.7331     0.0002    3.47984    3.47992          1     5.9508     5.9735      90.15     0.1441     0.2376  1.000e-12  0.8210000    34.7129    34.7136     0.0007    27.2293    27.2298     40.619     40.818      0.488    1477.93    1477.94  0.000e+00
       7023     41.500     6.7450     6.7430    -0.0020    3.48139    3.48121          1     5.9615     5.9698      45.81     0.1567     0.2403  1.000e-12  0.8198000    34.7176    34.7176     0.0001    27.2314    27.2317     41.114     41.314      0.499    1478.00    1477.99  0.000e+00
       7046     42.000     6.7541     6.7534    -0.0007    3.48260    3.48261          1     5.9568     5.9631      99.84     0.1339     0.1551  1.000e-12  0.8073000    34.7216    34.7224     0.0008    27.2333    27.2340     41.609     41.809      0.543    1478.04    1478.04  0.000e+00
       7067     42.500     6.7701     6.7700    -0.0001    3.48483    3.48487          1     5.9480     5.9530      48.37     0.2247     0.2864  1.000e-12  0.8149000    34.7299    34.7304     0.0005    27.2376    27.2380     42.105     42.305      0.569    1478.12    1478.13  0.000e+00
       7088     43.000     6.7710     6.7710     0.0000    3.48501    3.48503          1     5.9444     5.9514      65.10     0.1167     0.2633  1.000e-12  0.8434000    34.7306    34.7307     0.0002    27.2380    27.2382     42.600     42.801      0.557    1478.14    1478.14  0.000e+00
       7111     43.500     6.7698     6.7711     0.0013    3.48485    3.48505          1     5.9458     5.9582      48.12     0.2720     0.2342  1.000e-12  0.8340000    34.7298    34.7307     0.0009    27.2376    27.2381     43.095     43.297      0.516    1478.14    1478.15  0.000e+00
       7135     44.000     6.7791     6.7812     0.0021    3.48615    3.48648          1     5.9469     5.9572      84.45     0.1550     0.2298  1.000e-12  0.8212000    34.7346    34.7360     0.0014    27.2401    27.2409     43.591     43.792      0.481    1478.19    1478.20  0.000e+00
       7160     44.500     6.7890     6.7888    -0.0003    3.48746    3.48747          1     5.9409     5.9521      58.10     0.1095     0.2336  1.000e-12  0.8696000    34.7387    34.7390     0.0003    27.2420    27.2423     44.086     44.288      0.503    1478.24    1478.24  0.000e+00
       7183     45.000     6.7923     6.7909    -0.0014    3.48791    3.48778          1     5.9387     5.9434      85.11     0.2271     0.2183  1.000e-12  0.8566000    34.7401    34.7401     0.0001    27.2426    27.2429     44.581     44.784      0.550    1478.26    1478.26  0.000e+00
       7204     45.500     6.7973     6.7980     0.0008    3.48858    3.48877          1     5.9358     5.9430      98.50     0.2959     0.2080  1.000e-12  0.8804000    34.7423    34.7436     0.0013    27.2437    27.2446     45.076     45.280      0.573    1478.30    1478.30  0.000e+00
       7225     46.000     6.7989     6.7988    -0.0001    3.48884    3.48887          1     5.9387     5.9513      88.98     0.2573     0.2209  1.000e-12  0.9120000    34.7432    34.7436     0.0003    27.2442    27.2445     45.572     45.775      0.559    1478.31    1478.31  0.000e+00
       7247     46.500     6.7966     6.7981     0.0015    3.48854    3.48880          1     5.9475     5.9506      63.47     0.1150     0.2212  1.000e-12  0.8227000    34.7420    34.7433     0.0013    27.2436    27.2444     46.067     46.271      0.525    1478.31    1478.32  0.000e+00
       7271     47.000     6.8032     6.8032     0.0000    3.48946    3.48951          1     5.9428     5.9456      79.94     0.1541     0.2238  1.000e-12  0.7949000    34.7453    34.7458     0.0004    27.2453    27.2456     46.562     46.767      0.493    1478.35    1478.35  0.000e+00
       7296     47.500     6.8073     6.8059    -0.0013    3.49002    3.48986          1     5.9384     5.9475      65.53     2.1849     0.2256  1.000e-12  0.8538000    34.7470    34.7467    -0.0003    27.2461    27.2460     47.058     47.263      0.483    1478.37    1478.37  0.000e+00
       7320     48.000     6.8010     6.8074     0.0064    3.48919    3.49012          1     5.9371     5.9474      63.79     0.1598     0.2224  1.000e-12  1.2819000    34.7439    34.7478     0.0039    27.2445    27.2467     47.553     47.758      0.528    1478.35    1478.38  0.000e+00
       7341     48.500     6.8122     6.8145     0.0023    3.49075    3.49108          1     5.9313     5.9501      48.44     0.1331     0.2232  1.000e-12  0.8671000    34.7497    34.7510     0.0013    27.2475    27.2482     48.048     48.254      0.574    1478.41    1478.42  0.000e+00
       7362     49.000     6.8140     6.8133    -0.0007    3.49097    3.49095          1     5.9330     5.9541      65.46     0.1175     0.2196  1.000e-12  0.8096000    34.7501    34.7505     0.0004    27.2475    27.2480     48.543     48.750      0.567    1478.43    1478.43  0.000e+00
       7384     49.500     6.8061     6.8109     0.0048    3.49001    3.49068          1     5.9352     5.9535      34.32     0.1753     0.1920  1.000e-12  0.7963000    34.7471    34.7497     0.0026    27.2463    27.2477     49.039     49.246      0.494    1478.40    1478.42  0.000e+00
       7411     50.000     6.8114     6.8120     0.0006    3.49074    3.49084          1     5.9329     5.9497      33.51     0.1837     0.2146  1.000e-12  0.8750000    34.7495    34.7501     0.0005    27.2475    27.2478     49.534     49.741      0.443    1478.43    1478.44  0.000e+00
       7437     50.500     6.8093     6.8077    -0.0015    3.49043    3.49021          1     5.9198     5.9435      33.04     0.1839     0.2711  1.000e-12  0.8870000    34.7480    34.7472    -0.0009    27.2466    27.2461     50.029     50.237      0.531    1478.43    1478.43  0.000e+00
       7457     51.000     6.8018     6.8035     0.0017    3.48945    3.48969          1     5.9201     5.9470      32.50     0.1993     0.3147  1.000e-12  0.9435000    34.7445    34.7455     0.0010    27.2448    27.2454     50.525     50.733      0.608    1478.41    1478.41  0.000e+00
       7476     51.500     6.8038     6.8040     0.0001    3.48974    3.48978          1     5.9319     5.9457      31.98     0.1416     0.2599  1.000e-12  1.1885000    34.7454    34.7458     0.0003    27.2453    27.2455     51.020     51.229      0.581    1478.42    1478.42  0.000e+00
       7499     52.000     6.8344     6.8313    -0.0031    3.49399    3.49363          1     5.9267     5.9292      31.41     0.1378     0.1949  1.000e-12  0.9497000    34.7613    34.7604    -0.0009    27.2536    27.2533     51.515     51.725      0.480    1478.57    1478.56  0.000e+00
       7527     52.500     6.8703     6.8689    -0.0013    3.49877    3.49867          1     5.9135     5.9174      30.97     0.1343     0.1962  1.000e-12  0.8149000    34.7774    34.7777     0.0003    27.2614    27.2618     52.010     52.220      0.452    1478.74    1478.73  0.000e+00
       7551     53.000     6.8775     6.8771    -0.0004    3.49980    3.49978          1     5.9048     5.9140      30.40     0.1136     0.2046  1.000e-12  0.7884000    34.7812    34.7815     0.0002    27.2634    27.2637     52.506     52.716      0.561    1478.78    1478.78  0.000e+00
       7570     53.500     6.8894     6.8893    -0.0000    3.50148    3.50148          1     5.8990     5.9086      29.93     0.1138     0.1828  1.000e-12  0.8221000    34.7875    34.7876     0.0001    27.2667    27.2668     53.001     53.212      0.635    1478.84    1478.84  0.000e+00
       7589     54.000     6.8968     6.8968    -0.0000    3.50253    3.50255          1     5.8916     5.9046      29.41     0.1000     0.2393  1.000e-12  0.8255000    34.7913    34.7916     0.0003    27.2687    27.2689     53.496     53.708      0.594    1478.88    1478.88  0.000e+00
       7612     54.500     6.8994     6.8994    -0.0001    3.50296    3.50299          1     5.8833     5.8995      28.96     0.1006     0.2560  1.000e-12  0.8253000    34.7932    34.7936     0.0003    27.2699    27.2701     53.991     54.203      0.465    1478.90    1478.90  0.000e+00
       7641     55.000     6.9038     6.9038     0.0000    3.50363    3.50369          1     5.8812     5.8988      27.93     0.4404     0.2424  1.000e-12  0.9255000    34.7960    34.7966     0.0006    27.2714    27.2719     54.487     54.699      0.448    1478.93    1478.93  0.000e+00
       7665     55.500     6.9079     6.9076    -0.0003    3.50423    3.50425          1     5.8790     5.9009      27.26     0.4295     0.2570  1.000e-12  0.9361000    34.7982    34.7986     0.0005    27.2726    27.2730     54.982     55.195      0.566    1478.96    1478.96  0.000e+00
       7684     56.000     6.9148     6.9152     0.0004    3.50531    3.50539          1     5.8733     5.8941      26.67     0.1090     0.2129  1.000e-12  0.8522000    34.8028    34.8033     0.0005    27.2753    27.2756     55.477     55.691      0.607    1479.00    1479.00  0.000e+00
       7704     56.500     6.9203     6.9202    -0.0001    3.50614    3.50620          1     5.8655     5.8846      26.24     0.1626     0.1914  1.000e-12  0.8733000    34.8061    34.8069     0.0008    27.2771    27.2778     55.973     56.186      0.564    1479.03    1479.03  0.000e+00
