ctdpy/exports/archive_20191121_122431/received_data/SBE09_0827_20181121_1029_26_01_1212.cnv
* Sea-Bird SBE 9 Data File:
* FileName = D:\CTD_SBE911\DAT\26DA.2018.12.12.hex
* Software Version Seasave V 7.21d
* Temperature SN = 4548
* Conductivity SN = 3062
* Number of Bytes Per Scan = 48
* Number of Voltage Words = 5
* Number of Scans Averaged by the Deck Unit = 1
* NMEA Latitude = 55 40.13 N
* NMEA Longitude = 014 30.35 E
* NMEA UTC (Time) = Nov 21 2018  10:30:00
* NMEA baud rate = 4800
** Ship: DANA
** Average sound velocity: 1448.05 m/s
** True-depth calculation Tue, 02 Apr 2019 12:12:19 +0000
** CTD Python Module SMHI /ver 3-12/ feb 2012 
** LIMS Job: 20182601-1212
** Operator: Ronny
** Cruise: 12/2018
# nquan = 26
# nvalues = 94                          
# units = specified
# name 0 = scan: Scan Count
# name 1 = prDM: Pressure, Digiquartz [db]
# name 2 = t090C: Temperature [ITS-90, deg C]
# name 3 = t190C: Temperature, 2 [ITS-90, deg C]
# name 4 = T2-T190C: Temperature Difference, 2 - 1 [ITS-90, deg C]
# name 5 = c0S/m: Conductivity [S/m]
# name 6 = c1S/m: Conductivity, 2 [S/m]
# name 7 = pumps: Pump Status
# name 8 = sbeox1ML/L: Oxygen, SBE 43, 2 [ml/l]
# name 9 = sbeox0ML/L: Oxygen, SBE 43 [ml/l]
# name 10 = altM: Altimeter [m]
# name 11 = chloroflTC0: Chlorophyll, Turner Cyclops [ug/l]
# name 12 = cpar: CPAR/Corrected Irradiance [%]
# name 13 = par: PAR/Irradiance, Biospherical/Lico [µE/(cm^2*s)]
# name 14 = spar: SPAR, Biospherical/Licor
# name 15 = sal00: Salinity, Practical [PSU]
# name 16 = sal11: Salinity, Practical, 2 [PSU]
# name 17 = secS-priS: Salinity, Practical, Difference, 2 - 1 [PSU]
# name 18 = sigma-t00: Density [sigma-t, kg/m^3 ]
# name 19 = sigma-t11: Density, 2 [sigma-t, kg/m^3 ]
# name 20 = depSM: Depth [salt water, m], lat = 55.6688
# name 21 = depFM: Depth [true depth, m], lat = 55.6688
# name 22 = dz/dtM: Descent Rate [m/s], WS = 2
# name 23 = svCM: Sound Velocity [Chen-Millero, m/s]
# name 24 = svCM1: Sound Velocity, 2 [Chen-Millero, m/s]
# name 25 = flag: flag
# span 0 =         15,       6656       
# span 1 =      1.000,     47.500       
# span 2 =     7.7323,     7.9062       
# span 3 =     7.7327,     7.9067       
# span 4 =    -0.0039,     0.0094       
# span 5 =   0.884282,   0.892189       
# span 6 =   0.884282,   0.892178       
# span 7 =          1,          1       
# span 8 =     7.3706,     7.4288       
# span 9 =     7.6125,     7.6533       
# span 10 =       0.27,       9.99      
# span 11 =     0.0243,     0.0284      
# span 12 = -5.057e-05, 8.2975e+00      
# span 13 = -4.519e-05, 7.9033e+00      
# span 14 = 8.3683e+01, 9.5237e+01      
# span 15 =     7.5799,     7.6117      
# span 16 =     7.5798,     7.6115      
# span 17 =    -0.0010,     0.0010      
# span 18 =     5.8309,     5.8421      
# span 19 =     5.8308,     5.8419      
# span 20 =      0.991,     47.064      
# span 21 =      1.013,     48.100      
# span 22 =     -0.180,      0.603      
# span 23 =    1447.61,    1449.05      
# span 24 =    1447.62,    1449.05      
# span 25 = 0.0000e+00, 0.0000e+00      
# interval = decibars: 0.5              
# start_time = Nov 21 2018 10:30:01 [NMEA time, first data scan]
# bad_flag = -9.990e-29
*END*
[from data line 56]
       3052     29.000     7.7445     7.7440    -0.0005    0.88495    0.88491          1     7.3996     7.6343       9.96     0.0243  1.164e-12  1.000e-12  8.592e+01     7.5825     7.5823    -0.0002     5.8320     5.8319     28.735     29.366      0.306    1448.06    1448.05  0.000e+00
       3084     29.500     7.7437     7.7429    -0.0008    0.88491    0.88486          1     7.4056     7.6335       9.96     0.0246  1.153e-12  1.000e-12  8.675e+01     7.5823     7.5820    -0.0003     5.8319     5.8318     29.230     29.873      0.353    1448.06    1448.06  0.000e+00
       3129     30.000     7.7440     7.7463     0.0022    0.88495    0.88500          1     7.4060     7.6355       9.96     0.0245  1.144e-12  1.000e-12  8.738e+01     7.5825     7.5824    -0.0001     5.8321     5.8319     29.726     30.379      0.207    1448.07    1448.08  0.000e+00
       3206     30.500     7.7429     7.7414    -0.0015    0.88486    0.88477          1     7.4051     7.6458       9.96     0.0246  1.145e-12  1.000e-12  8.733e+01     7.5819     7.5814    -0.0005     5.8317     5.8314     30.221     30.885      0.310    1448.07    1448.07  0.000e+00
       3234     31.000     7.7409     7.7413     0.0004    0.88477    0.88478          1     7.4070     7.6444       9.96     0.0244  1.145e-12  1.000e-12  8.733e+01     7.5814     7.5814    -0.0000     5.8315     5.8314     30.716     31.392      0.374    1448.07    1448.07  0.000e+00
       3289     31.500     7.7408     7.7413     0.0004    0.88478    0.88477          1     7.4085     7.6434       9.96     0.0249  1.145e-12  1.000e-12  8.733e+01     7.5814     7.5813    -0.0001     5.8315     5.8313     31.212     31.898      0.217    1448.08    1448.08  0.000e+00
       3353     32.000     7.7408     7.7416     0.0008    0.88477    0.88480          1     7.4106     7.6437       9.96     0.0250  1.145e-12  1.000e-12  8.733e+01     7.5813     7.5814     0.0001     5.8314     5.8314     31.707     32.404      0.410    1448.09    1448.09  0.000e+00
       3376     32.500     7.7404     7.7407     0.0004    0.88476    0.88476          1     7.4094     7.6399       9.96     0.0256  1.145e-12  1.000e-12  8.733e+01     7.5813     7.5812    -0.0001     5.8314     5.8313     32.203     32.911      0.479    1448.09    1448.09  0.000e+00
       3419     33.000     7.7404     7.7408     0.0003    0.88477    0.88477          1     7.4140     7.6354       9.96     0.0246  1.145e-12  1.000e-12  8.733e+01     7.5813     7.5812    -0.0001     5.8314     5.8313     32.698     33.417      0.283    1448.10    1448.10  0.000e+00
       3496     33.500     7.7405     7.7408     0.0003    0.88478    0.88477          1     7.4146     7.6368       9.96     0.0256  1.145e-12  1.000e-12  8.733e+01     7.5812     7.5811    -0.0001     5.8314     5.8313     33.193     33.923      0.399    1448.11    1448.11  0.000e+00
       3520     34.000     7.7399     7.7403     0.0004    0.88475    0.88476          1     7.4133     7.6380       9.96     0.0256  1.145e-12  1.000e-12  8.733e+01     7.5811     7.5810    -0.0001     5.8313     5.8312     33.689     34.429      0.410    1448.11    1448.12  0.000e+00
       3565     34.500     7.7408     7.7418     0.0011    0.88481    0.88483          1     7.4003     7.6383       9.96     0.0251  1.137e-12  1.000e-12  8.792e+01     7.5813     7.5813    -0.0000     5.8314     5.8313     34.184     34.936      0.198    1448.13    1448.13  0.000e+00
       3634     35.000     7.7412     7.7411    -0.0001    0.88483    0.88482          1     7.4094     7.6337       9.96     0.0244  1.119e-12  1.000e-12  8.938e+01     7.5814     7.5813    -0.0001     5.8314     5.8313     34.680     35.442      0.242    1448.14    1448.13  0.000e+00
       3679     35.500     7.7403     7.7410     0.0007    0.88480    0.88481          1     7.4098     7.6350       9.96     0.0244  1.119e-12  1.000e-12  8.936e+01     7.5813     7.5812    -0.0000     5.8314     5.8313     35.175     35.948      0.274    1448.14    1448.14  0.000e+00
       3720     36.000     7.7410     7.7417     0.0008    0.88484    0.88485          1     7.4025     7.6393       9.96     0.0244  1.119e-12  1.000e-12  8.936e+01     7.5815     7.5814    -0.0001     5.8315     5.8314     35.670     36.455      0.319    1448.15    1448.15  0.000e+00
       3758     36.500     7.7440     7.7452     0.0012    0.88498    0.88501          1     7.4054     7.6329       9.96     0.0245  1.119e-12  1.000e-12  8.936e+01     7.5820     7.5820     0.0000     5.8317     5.8316     36.166     36.961      0.268    1448.17    1448.18  0.000e+00
       3813     37.000     7.7470     7.7534     0.0064    0.88514    0.88538          1     7.4015     7.6299       9.96     0.0248  1.119e-12  1.000e-12  8.936e+01     7.5827     7.5835     0.0008     5.8320     5.8322     36.661     37.467      0.258    1448.19    1448.22  0.000e+00
       3849     37.500     7.7502     7.7524     0.0022    0.88526    0.88533          1     7.4041     7.6348       9.96     0.0250  1.119e-12  1.000e-12  8.936e+01     7.5831     7.5833     0.0001     5.8321     5.8320     37.156     37.974      0.434    1448.22    1448.23  0.000e+00
       3875     38.000     7.7520     7.7571     0.0051    0.88539    0.88557          1     7.4089     7.6435       9.96     0.0265  1.119e-12  1.000e-12  8.936e+01     7.5838     7.5843     0.0005     5.8325     5.8325     37.652     38.480      0.378    1448.23    1448.25  0.000e+00
       3942     38.500     7.7625     7.7586    -0.0039    0.88582    0.88562          1     7.4042     7.6439       9.96     0.0257  1.119e-12  1.000e-12  8.936e+01     7.5854     7.5844    -0.0010     5.8329     5.8324     38.147     38.986      0.221    1448.29    1448.27  0.000e+00
       4001     39.000     7.7618     7.7620     0.0002    0.88580    0.88577          1     7.4016     7.6402       9.91     0.0254  1.114e-12  1.000e-12  8.980e+01     7.5854     7.5850    -0.0003     5.8330     5.8327     38.643     39.493      0.322    1448.29    1448.29  0.000e+00
       4035     39.500     7.7667     7.7663    -0.0004    0.88602    0.88597          1     7.3989     7.6334       9.41     0.0253  1.107e-12  1.000e-12  9.037e+01     7.5863     7.5859    -0.0004     5.8333     5.8330     39.138     39.999      0.328    1448.32    1448.32  0.000e+00
       4080     40.000     7.7661     7.7673     0.0012    0.88599    0.88601          1     7.3979     7.6314       8.81     0.0250  1.095e-12  1.000e-12  9.130e+01     7.5861     7.5860    -0.0001     5.8331     5.8330     39.633     40.505      0.247    1448.33    1448.33  0.000e+00
       4124     40.500     7.7701     7.7789     0.0088    0.88622    0.88652          1     7.3999     7.6417       8.37     0.0247  1.094e-12  1.000e-12  9.139e+01     7.5872     7.5881     0.0009     5.8337     5.8337     40.129     41.012      0.315    1448.35    1448.39  0.000e+00
       4161     41.000     7.8070     7.8164     0.0094    0.88784    0.88818          1     7.3970     7.6376       7.84     0.0256  1.094e-12  1.000e-12  9.139e+01     7.5941     7.5951     0.0010     5.8362     5.8363     40.624     41.518      0.309    1448.52    1448.56  0.000e+00
       4201     41.500     7.8386     7.8449     0.0063    0.88926    0.88940          1     7.4061     7.6306       7.28     0.0262  1.094e-12  1.000e-12  9.139e+01     7.6002     7.6002    -0.0000     5.8385     5.8379     41.119     42.024      0.311    1448.66    1448.69  0.000e+00
       4240     42.000     7.8506     7.8566     0.0060    0.88970    0.88989          1     7.4047     7.6274       6.68     0.0269  1.094e-12  1.000e-12  9.139e+01     7.6016     7.6021     0.0005     5.8386     5.8385     41.615     42.531      0.271    1448.72    1448.75  0.000e+00
       4292     42.500     7.8505     7.8534     0.0029    0.88966    0.88975          1     7.4068     7.6323       6.14     0.0261  1.094e-12  1.000e-12  9.139e+01     7.6012     7.6014     0.0001     5.8383     5.8382     42.110     43.037      0.253    1448.73    1448.74  0.000e+00
       4331     43.000     7.8519     7.8548     0.0029    0.88973    0.88979          1     7.3929     7.6379       5.67     0.0267  1.094e-12  1.000e-12  9.139e+01     7.6015     7.6014    -0.0001     5.8384     5.8381     42.605     43.543      0.354    1448.74    1448.76  0.000e+00
       4366     43.500     7.8619     7.8630     0.0011    0.89015    0.89014          1     7.3954     7.6248       5.11     0.0265  1.094e-12  1.000e-12  9.139e+01     7.6031     7.6028    -0.0003     5.8389     5.8385     43.101     44.049      0.306    1448.79    1448.80  0.000e+00
       4408     44.000     7.8620     7.8630     0.0010    0.89014    0.89015          1     7.3978     7.6260       4.51     0.0263  1.094e-12  1.000e-12  9.139e+01     7.6029     7.6028    -0.0001     5.8387     5.8385     43.596     44.556      0.303    1448.80    1448.81  0.000e+00
       4443     44.500     7.8841     7.8907     0.0065    0.89124    0.89142          1     7.3931     7.6206       3.97     0.0270  1.093e-12  1.000e-12  9.145e+01     7.6082     7.6084     0.0002     5.8411     5.8408     44.092     45.062      0.358    1448.91    1448.94  0.000e+00
       4490     45.000     7.8907     7.8961     0.0054    0.89146    0.89167          1     7.3857     7.6224       3.48     0.0269  1.089e-12  1.000e-12  9.185e+01     7.6087     7.6095     0.0008     5.8410     5.8411     44.587     45.568      0.230    1448.94    1448.97  0.000e+00
       4561     45.500     7.8943     7.9001     0.0058    0.89167    0.89186          1     7.3900     7.6125       3.02     0.0268  1.078e-12  1.000e-12  9.277e+01     7.6097     7.6102     0.0005     5.8415     5.8414     45.082     46.075      0.352    1448.97    1448.99  0.000e+00
       4590     46.000     7.8986     7.8964    -0.0022    0.89183    0.89168          1     7.3837     7.6135       2.42     0.0264  1.076e-12  1.000e-12  9.291e+01     7.6103     7.6094    -0.0009     5.8415     5.8410     45.578     46.581      0.367    1448.99    1448.98  0.000e+00
       4862     46.500     7.8914     7.8908    -0.0005    0.89146    0.89140          1     7.3927     7.6207       1.76     0.0267  1.082e-12  1.000e-12  9.243e+01     7.6084     7.6079    -0.0005     5.8407     5.8403     46.073     47.087      0.216    1448.97    1448.97  0.000e+00
       5443     47.000     7.8916     7.8932     0.0017    0.89149    0.89154          1     7.3706     7.6193       1.08     0.0284  1.100e-12  1.000e-12  9.091e+01     7.6086     7.6087     0.0001     5.8408     5.8407     46.568     47.594      0.219    1448.98    1448.99  0.000e+00
       6656     47.500     7.9062     7.9067     0.0005    0.89219    0.89218          1     7.3834     7.6158       0.27     0.0275  1.197e-12  1.000e-12  8.368e+01     7.6117     7.6115    -0.0002     5.8421     5.8419     47.064     48.100     -0.180    1449.05    1449.05  0.000e+00
