ctdpy/exports/archive_20191121_122431/received_data/SBE09_1044_20180128_0524_34_02_0023.cnv
* Sea-Bird SBE 9 Data File:
* FileName = C:\ctd\temp\2018\ME18D023.hex
* Software Version Seasave V 7.26.6.26
* Temperature SN = 5351
* Conductivity SN = 3941
* Number of Bytes Per Scan = 41
* Number of Voltage Words = 4
* Number of Scans Averaged by the Deck Unit = 1
* NMEA Latitude = 56 07.52 N
* NMEA Longitude = 019 17.02 E
* NMEA UTC (Time) = Jan 28 2018  05:25:08
* NMEA baud rate = 4800
** Station:  BY9 Klaipeda
** Operator:  SSip
** Ship: MERI
** Average sound velocity: 1440.05 m/s
** True-depth calculation Sun, 28 Jan 2018 06:14:09 +0000
** CTD Python Module SMHI /ver 3-12/ feb 2012 
** LIMS Job: 20183402-0023
** Cruise: SMHI-01-2018
** Latitude [GG MM.mm N] :
** Longitude [GG MM.mm E]:
# nquan = 26
# nvalues = 220                         
# units = specified
# name 0 = scan: Scan Count
# name 1 = prDM: Pressure, Digiquartz [db]
# name 2 = t090C: Temperature [ITS-90, deg C]
# name 3 = t190C: Temperature, 2 [ITS-90, deg C]
# name 4 = T2-T190C: Temperature Difference, 2 - 1 [ITS-90, deg C]
# name 5 = c0S/m: Conductivity [S/m]
# name 6 = c1S/m: Conductivity, 2 [S/m]
# name 7 = pumps: Pump Status
# name 8 = sbeox0ML/L: Oxygen, SBE 43 [ml/l]
# name 9 = sbeox1ML/L: Oxygen, SBE 43, 2 [ml/l]
# name 10 = altM: Altimeter [m]
# name 11 = flECO-AFL: Chl-a Fluorescence, WET Labs ECO-AFL/FL [mg/m^3]
# name 12 = flECO-AFL1: Phycocyanin Fluorescence, WET Labs ECO-AFL/FL, 2 [mg/m^3]
# name 13 = par: PAR/Irradiance, Biospherical/Lico [µE/(cm^2*s)]
# name 14 = turbWETntu0: Turbidity, WET Labs ECO [NTU]
# name 15 = sal00: Salinity, Practical [PSU]
# name 16 = sal11: Salinity, Practical, 2 [PSU]
# name 17 = secS-priS: Salinity, Practical, Difference, 2 - 1 [PSU]
# name 18 = sigma-t00: Density [sigma-t, Kg/m^3 ]
# name 19 = sigma-t11: Density, 2 [sigma-t, Kg/m^3 ]
# name 20 = depSM: Depth [salt water, m], lat = 56.1253
# name 21 = depFM: Depth [true depth, m], lat = 56.1253
# name 22 = dz/dtM: Descent Rate [m/s], WS = 2
# name 23 = svCM: Sound Velocity [Chen-Millero, m/s]
# name 24 = svCM1: Sound Velocity, 2 [Chen-Millero, m/s]
# name 25 = flag: flag
# span 0 =       4981,       9976       
# span 1 =      3.500,    113.000       
# span 2 =     4.4740,     6.5695       
# span 3 =     4.4747,     6.5702       
# span 4 =    -0.0149,     0.1693       
# span 5 =   0.787750,   1.335681       
# span 6 =   0.787702,   1.335702       
# span 7 =          1,          1       
# span 8 =    0.02613,    8.14609       
# span 9 =    0.09171,    8.10969       
# span 10 =       5.24,      98.67      
# span 11 =     0.2364,     0.5006      
# span 12 =     0.2236,     0.3917      
# span 13 = -2.162e-03, 2.9901e-03      
# span 14 =     0.1004,     0.2579      
# span 15 =     7.3707,    12.2161      
# span 16 =     7.3702,    12.2160      
# span 17 =    -0.0151,     0.3311      
# span 18 =     5.8461,     9.5574      
# span 19 =     5.8457,     9.5573      
# span 20 =      3.468,    111.940      
# span 21 =      3.544,    114.273      
# span 22 =     -0.100,      1.348      
# span 23 =    1433.40,    1450.30      
# span 24 =    1433.40,    1450.30      
# span 25 = 0.0000e+00, 0.0000e+00      
# interval = decibars: 0.5              
# start_time = Jan 28 2018 05:25:08 [NMEA time, first data scan]
# bad_flag = -9.990e-29
*END*
       4981      3.500     4.4775     4.4789     0.0015    0.78779    0.78778          1     8.1216     8.0991      98.62     0.4378     0.3417 -2.162e-03  0.1004000     7.3708     7.3704    -0.0005     5.8461     5.8458      3.468      3.544      0.112    1433.40    1433.42  0.000e+00
       5055      4.000     4.4754     4.4756     0.0002    0.78775    0.78770          1     8.1240     8.1040      98.62     0.4507     0.3180  2.990e-03  0.1133000     7.3708     7.3703    -0.0005     5.8462     5.8458      3.964      4.050      0.284    1433.40    1433.40  0.000e+00
       5205      4.500     4.4756     4.4757     0.0001    0.78776    0.78772          1     8.1413     8.0899      98.62     0.4436     0.3028  1.019e-04  0.1142000     7.3708     7.3704    -0.0005     5.8462     5.8458      4.459      4.557      0.414    1433.41    1433.41  0.000e+00
       5238      5.000     4.4759     4.4759     0.0001    0.78779    0.78774          1     8.1339     8.0873      98.62     0.4731     0.3151  1.638e-12  0.1150000     7.3710     7.3704    -0.0006     5.8463     5.8459      4.954      5.063      0.392    1433.42    1433.42  0.000e+00
       5267      5.500     4.4758     4.4763     0.0005    0.78780    0.78775          1     8.1204     8.0899      98.62     0.4545     0.3917  1.000e-12  0.1356000     7.3710     7.3704    -0.0006     5.8463     5.8458      5.450      5.569      0.563    1433.43    1433.43  0.000e+00
       5284      6.000     4.4758     4.4772     0.0013    0.78780    0.78778          1     8.1215     8.0964      98.62     0.4442     0.3245  1.000e-12  0.1121000     7.3710     7.3705    -0.0005     5.8463     5.8459      5.945      6.076      0.724    1433.44    1433.44  0.000e+00
       5300      6.500     4.4757     4.4770     0.0013    0.78781    0.78778          1     8.1333     8.1008      98.62     0.4386     0.2984  1.000e-12  0.1144000     7.3710     7.3705    -0.0005     5.8463     5.8459      6.441      6.582      0.755    1433.45    1433.45  0.000e+00
       5316      7.000     4.4752     4.4754     0.0002    0.78779    0.78774          1     8.1461     8.0954      98.62     0.4319     0.3150  1.000e-12  0.1164000     7.3708     7.3703    -0.0006     5.8462     5.8458      6.936      7.088      0.690    1433.45    1433.45  0.000e+00
       5335      7.500     4.4741     4.4749     0.0008    0.78776    0.78773          1     8.1422     8.0969      98.62     0.4643     0.3073  1.000e-12  0.1231000     7.3707     7.3702    -0.0005     5.8462     5.8458      7.432      7.595      0.531    1433.45    1433.46  0.000e+00
       5369      8.000     4.4740     4.4747     0.0007    0.78777    0.78773          1     8.1279     8.1097      98.62     0.4717     0.3382  1.000e-12  0.1245000     7.3708     7.3702    -0.0006     5.8462     5.8458      7.927      8.101      0.308    1433.46    1433.46  0.000e+00
       5405      8.500     4.4744     4.4751     0.0007    0.78779    0.78776          1     8.1314     8.1065      98.63     0.4671     0.3135  1.000e-12  0.1222000     7.3708     7.3704    -0.0004     5.8462     5.8459      8.422      8.607      0.525    1433.47    1433.47  0.000e+00
       5423      9.000     4.4742     4.4749     0.0008    0.78778    0.78775          1     8.1327     8.0966      98.63     0.4557     0.3137  1.000e-12  0.1199000     7.3707     7.3703    -0.0004     5.8462     5.8458      8.918      9.114      0.752    1433.48    1433.48  0.000e+00
       5437      9.500     4.4741     4.4750     0.0009    0.78779    0.78775          1     8.1349     8.0930      98.63     0.4556     0.3311  1.000e-12  0.1236000     7.3707     7.3702    -0.0005     5.8462     5.8457      9.413      9.620      0.819    1433.49    1433.49  0.000e+00
       5452     10.000     4.4742     4.4750     0.0008    0.78780    0.78777          1     8.1363     8.1012      98.63     0.4649     0.3474  1.000e-12  0.1256000     7.3708     7.3703    -0.0005     5.8462     5.8458      9.909     10.126      0.753    1433.49    1433.50  0.000e+00
       5470     10.500     4.4743     4.4751     0.0008    0.78780    0.78778          1     8.1348     8.1050      98.63     0.4776     0.3198  1.000e-12  0.1301000     7.3708     7.3704    -0.0004     5.8462     5.8459     10.404     10.632      0.586    1433.50    1433.50  0.000e+00
       5499     11.000     4.4743     4.4756     0.0013    0.78782    0.78782          1     8.1334     8.1053      98.63     0.4554     0.3024  1.000e-12  0.1196000     7.3709     7.3705    -0.0003     5.8463     5.8460     10.899     11.139      0.330    1433.51    1433.51  0.000e+00
       5542     11.500     4.4766     4.4777     0.0011    0.78795    0.78794          1     8.1270     8.1031      98.63     0.4891     0.2598  1.000e-12  0.1131000     7.3716     7.3712    -0.0003     5.8468     5.8464     11.395     11.645      0.365    1433.53    1433.53  0.000e+00
       5567     12.000     4.4769     4.4774     0.0005    0.78796    0.78792          1     8.1249     8.1030      98.63     0.4801     0.3197  1.000e-12  0.1314000     7.3716     7.3710    -0.0006     5.8467     5.8463     11.890     12.151      0.595    1433.54    1433.54  0.000e+00
       5585     12.500     4.4767     4.4774     0.0006    0.78796    0.78792          1     8.1272     8.1029      98.63     0.4540     0.3295  1.000e-12  0.1302000     7.3715     7.3709    -0.0006     5.8467     5.8462     12.386     12.658      0.691    1433.55    1433.55  0.000e+00
       5601     13.000     4.4769     4.4774     0.0006    0.78797    0.78793          1     8.1268     8.0871      98.63     0.4469     0.3287  1.000e-12  0.1292000     7.3715     7.3709    -0.0005     5.8467     5.8462     12.881     13.164      0.689    1433.55    1433.56  0.000e+00
       5620     13.500     4.4776     4.4775    -0.0002    0.78801    0.78794          1     8.1251     8.0788      98.63     0.4554     0.3308  1.000e-12  0.1245000     7.3717     7.3710    -0.0007     5.8468     5.8463     13.377     13.670      0.603    1433.57    1433.56  0.000e+00
       5643     14.000     4.4769     4.4775     0.0006    0.78798    0.78795          1     8.1290     8.0704      98.63     0.4556     0.3302  1.000e-12  0.1101000     7.3715     7.3710    -0.0005     5.8467     5.8463     13.872     14.177      0.470    1433.57    1433.57  0.000e+00
       5670     14.500     4.4765     4.4772     0.0008    0.78796    0.78794          1     8.1339     8.0585      98.63     0.4919     0.2925  1.000e-12  0.1127000     7.3713     7.3709    -0.0004     5.8466     5.8462     14.367     14.683      0.488    1433.57    1433.58  0.000e+00
       5692     15.000     4.4780     4.4784     0.0004    0.78806    0.78801          1     8.1302     8.0695      98.63     0.4586     0.2350  1.000e-12  0.1111000     7.3719     7.3713    -0.0007     5.8470     5.8464     14.863     15.189      0.633    1433.59    1433.59  0.000e+00
       5709     15.500     4.4783     4.4792     0.0009    0.78808    0.78806          1     8.1319     8.0766      98.63     0.4618     0.3155  1.000e-12  0.1215000     7.3720     7.3715    -0.0004     5.8470     5.8466     15.358     15.696      0.710    1433.60    1433.60  0.000e+00
       5725     16.000     4.4791     4.4795     0.0004    0.78813    0.78809          1     8.1325     8.0896      98.63     0.4678     0.3223  1.000e-12  0.1299000     7.3722     7.3717    -0.0005     5.8472     5.8468     15.854     16.202      0.656    1433.61    1433.61  0.000e+00
       5748     16.500     4.4791     4.4799     0.0009    0.78814    0.78812          1     8.1244     8.0952      98.63     0.4726     0.3041  1.000e-12  0.1223000     7.3722     7.3718    -0.0004     5.8472     5.8469     16.349     16.708      0.426    1433.62    1433.62  0.000e+00
       5787     17.000     4.4790     4.4797     0.0006    0.78814    0.78811          1     8.1119     8.0916      98.63     0.5006     0.2982  1.000e-12  0.1178000     7.3722     7.3718    -0.0005     5.8472     5.8468     16.844     17.214      0.349    1433.63    1433.63  0.000e+00
       5812     17.500     4.4791     4.4803     0.0012    0.78814    0.78815          1     8.1142     8.0996      98.63     0.4921     0.2647  1.000e-12  0.1132000     7.3721     7.3720    -0.0002     5.8471     5.8470     17.340     17.721      0.697    1433.63    1433.64  0.000e+00
       5826     18.000     4.4808     4.4826     0.0018    0.78826    0.78828          1     8.1122     8.0922      98.63     0.4799     0.2661  1.000e-12  0.1011000     7.3729     7.3727    -0.0002     5.8477     5.8474     17.835     18.227      0.886    1433.65    1433.66  0.000e+00
       5838     18.500     4.4819     4.4837     0.0017    0.78833    0.78835          1     8.1153     8.0830      98.63     0.4482     0.3297  1.000e-12  0.1279000     7.3733     7.3731    -0.0002     5.8479     5.8477     18.331     18.733      0.933    1433.66    1433.67  0.000e+00
       5851     19.000     4.4835     4.4841     0.0006    0.78843    0.78838          1     8.1275     8.0808      98.63     0.4326     0.3270  1.000e-12  0.1416000     7.3738     7.3732    -0.0006     5.8484     5.8478     18.826     19.240      0.846    1433.68    1433.68  0.000e+00
       5867     19.500     4.4816     4.4832     0.0016    0.78832    0.78834          1     8.1368     8.0741      98.62     0.4500     0.3170  1.000e-12  0.1335000     7.3731     7.3729    -0.0001     5.8478     5.8476     19.321     19.746      0.589    1433.68    1433.69  0.000e+00
       5906     20.000     4.4822     4.4832     0.0010    0.78836    0.78835          1     8.1289     8.0749      98.61     0.4655     0.2864  1.000e-12  0.1168000     7.3733     7.3730    -0.0003     5.8479     5.8477     19.817     20.252      0.299    1433.69    1433.69  0.000e+00
       5941     20.500     4.4818     4.4832     0.0013    0.78833    0.78834          1     8.1137     8.0982      98.60     0.4747     0.2906  1.000e-12  0.1181000     7.3730     7.3728    -0.0002     5.8478     5.8476     20.312     20.759      0.676    1433.70    1433.70  0.000e+00
       5954     21.000     4.4818     4.4823     0.0005    0.78834    0.78829          1     8.1164     8.1001      98.59     0.4802     0.3013  1.000e-12  0.1186000     7.3730     7.3725    -0.0006     5.8478     5.8473     20.808     21.265      0.945    1433.70    1433.70  0.000e+00
       5965     21.500     4.4808     4.4823     0.0015    0.78829    0.78830          1     8.1168     8.0969      98.54     0.4557     0.3261  1.000e-12  0.1266000     7.3727     7.3725    -0.0002     5.8475     5.8473     21.303     21.771      1.077    1433.71    1433.71  0.000e+00
       5976     22.000     4.4806     4.4818     0.0013    0.78828    0.78828          1     8.1179     8.0902      98.11     0.4431     0.3273  1.000e-12  0.1318000     7.3726     7.3723    -0.0003     5.8474     5.8472     21.798     22.278      1.090    1433.71    1433.72  0.000e+00
       5987     22.500     4.4793     4.4812     0.0018    0.78823    0.78825          1     8.1194     8.0814      97.40     0.4342     0.3245  1.000e-12  0.1234000     7.3723     7.3721    -0.0002     5.8473     5.8470     22.294     22.784      0.966    1433.72    1433.72  0.000e+00
       6002     23.000     4.4812     4.4818     0.0006    0.78833    0.78829          1     8.1256     8.0775      97.86     0.4102     0.3157  1.000e-12  0.1133000     7.3729     7.3723    -0.0005     5.8476     5.8472     22.789     23.290      0.607    1433.73    1433.74  0.000e+00
       6070     23.500     4.4808     4.4813     0.0005    0.78831    0.78826          1     8.1275     8.0889      98.06     0.4626     0.2976  1.000e-12  0.1193000     7.3727     7.3721    -0.0006     5.8475     5.8470     23.285     23.796      0.441    1433.74    1433.74  0.000e+00
       6085     24.000     4.4787     4.4802     0.0014    0.78820    0.78821          1     8.1280     8.0880      98.11     0.4452     0.2874  1.000e-12  0.1177000     7.3720     7.3717    -0.0003     5.8470     5.8468     23.780     24.303      0.980    1433.74    1433.74  0.000e+00
       6095     24.500     4.4806     4.4807     0.0001    0.78831    0.78824          1     8.1285     8.0923      98.09     0.4558     0.3250  1.000e-12  0.1354000     7.3726     7.3718    -0.0007     5.8474     5.8468     24.275     24.809      1.190    1433.75    1433.75  0.000e+00
       6104     25.000     4.4794     4.4804     0.0010    0.78825    0.78823          1     8.1279     8.0968      97.25     0.4556     0.3315  1.000e-12  0.1344000     7.3721     7.3717    -0.0004     5.8471     5.8468     24.771     25.315      1.272    1433.75    1433.76  0.000e+00
       6113     25.500     4.4793     4.4806     0.0013    0.78825    0.78826          1     8.1298     8.1041      93.41     0.4515     0.3319  1.000e-12  0.1326000     7.3721     7.3719    -0.0002     5.8471     5.8469     25.266     25.822      1.234    1433.76    1433.77  0.000e+00
       6123     26.000     4.4778     4.4790     0.0012    0.78817    0.78817          1     8.1331     8.0977      95.38     0.4216     0.3145  1.000e-12  0.1081000     7.3716     7.3713    -0.0003     5.8467     5.8465     25.762     26.328      1.059    1433.76    1433.77  0.000e+00
       6140     26.500     4.4768     4.4780     0.0012    0.78813    0.78812          1     8.1364     8.0882      95.19     0.4262     0.3062  1.000e-12  0.1099000     7.3713     7.3710    -0.0003     5.8466     5.8463     26.257     26.834      0.625    1433.77    1433.77  0.000e+00
       6217     27.000     4.4785     4.4795     0.0011    0.78822    0.78821          1     8.1238     8.0845      98.61     0.4569     0.3158  1.000e-12  0.1136000     7.3719     7.3715    -0.0004     5.8469     5.8466     26.752     27.341      0.528    1433.78    1433.78  0.000e+00
       6227     27.500     4.4795     4.4786    -0.0008    0.78829    0.78817          1     8.1284     8.0877      98.34     0.4322     0.3135  1.000e-12  0.1246000     7.3722     7.3712    -0.0010     5.8472     5.8464     27.248     27.847      0.894    1433.80    1433.79  0.000e+00
       6239     28.000     4.4795     4.4797     0.0001    0.78829    0.78823          1     8.1297     8.0911      98.37     0.4323     0.3150  1.000e-12  0.1250000     7.3722     7.3715    -0.0007     5.8471     5.8466     27.743     28.353      1.043    1433.80    1433.80  0.000e+00
       6250     28.500     4.4805     4.4812     0.0006    0.78837    0.78833          1     8.1333     8.0952      97.62     0.4434     0.2819  1.000e-12  0.1239000     7.3727     7.3721    -0.0006     5.8475     5.8470     28.238     28.860      1.094    1433.82    1433.82  0.000e+00
       6260     29.000     4.4835     4.4844     0.0010    0.78853    0.78850          1     8.1288     8.0934      97.24     0.4434     0.2584  1.000e-12  0.1261000     7.3736     7.3730    -0.0005     5.8481     5.8477     28.734     29.366      1.043    1433.84    1433.84  0.000e+00
       6272     29.500     4.4833     4.4843     0.0010    0.78853    0.78851          1     8.1247     8.0893      98.26     0.4350     0.2742  1.000e-12  0.1280000     7.3735     7.3731    -0.0004     5.8481     5.8477     29.229     29.872      0.867    1433.84    1433.85  0.000e+00
       6291     30.000     4.4829     4.4839     0.0010    0.78852    0.78851          1     8.1231     8.0810      98.43     0.4316     0.2976  1.000e-12  0.1229000     7.3734     7.3731    -0.0004     5.8481     5.8477     29.725     30.379      0.494    1433.85    1433.86  0.000e+00
       6343     30.500     4.4834     4.4842     0.0008    0.78856    0.78853          1     8.1193     8.0860      98.05     0.4659     0.3212  1.000e-12  0.1382000     7.3737     7.3732    -0.0004     5.8482     5.8478     30.220     30.885      0.327    1433.86    1433.86  0.000e+00
