ctdpy/exports/archive_20191121_122431/received_data/SBE09_1044_20180530_1535_34_07_0046.cnv
* Sea-Bird SBE 9 Data File:
* FileName = C:\ctd\temp\2018\AU18D046.hex
* Software Version Seasave V 7.26.6.26
* Temperature SN = 5351
* Conductivity SN = 3941
* Number of Bytes Per Scan = 41
* Number of Voltage Words = 4
* Number of Scans Averaged by the Deck Unit = 1
* NMEA Latitude = 57 18.74 N
* NMEA Longitude = 020 04.57 E
* NMEA UTC (Time) = May 30 2018  15:35:45
* NMEA baud rate = 4800
** Station:  BY15
** Operator:  JKro
** Ship: AURA
** Average sound velocity: 1447.99 m/s
** True-depth calculation Wed, 30 May 2018 16:55:02 +0000
** CTD Python Module SMHI /ver 3-12/ feb 2012 
** LIMS Job: 20183407-0046
** Cruise: SMHI-02-2018
** Latitude [GG MM.mm N] :
** Longitude [GG MM.mm E]:
# nquan = 26
# nvalues = 471                         
# units = specified
# name 0 = scan: Scan Count
# name 1 = prDM: Pressure, Digiquartz [db]
# name 2 = t090C: Temperature [ITS-90, deg C]
# name 3 = t190C: Temperature, 2 [ITS-90, deg C]
# name 4 = T2-T190C: Temperature Difference, 2 - 1 [ITS-90, deg C]
# name 5 = c0S/m: Conductivity [S/m]
# name 6 = c1S/m: Conductivity, 2 [S/m]
# name 7 = pumps: Pump Status
# name 8 = sbeox0ML/L: Oxygen, SBE 43 [ml/l]
# name 9 = sbeox1ML/L: Oxygen, SBE 43, 2 [ml/l]
# name 10 = altM: Altimeter [m]
# name 11 = flECO-AFL: Chl-a Fluorescence, WET Labs ECO-AFL/FL [mg/m^3]
# name 12 = flECO-AFL1: Phycocyanin Fluorescence, WET Labs ECO-AFL/FL, 2 [mg/m^3]
# name 13 = par: PAR/Irradiance, Biospherical/Lico [µE/(cm^2*s)]
# name 14 = turbWETntu0: Turbidity, WET Labs ECO [NTU]
# name 15 = sal00: Salinity, Practical [PSU]
# name 16 = sal11: Salinity, Practical, 2 [PSU]
# name 17 = secS-priS: Salinity, Practical, Difference, 2 - 1 [PSU]
# name 18 = sigma-t00: Density [sigma-t, Kg/m^3 ]
# name 19 = sigma-t11: Density, 2 [sigma-t, Kg/m^3 ]
# name 20 = depSM: Depth [salt water, m], lat = 57.3123
# name 21 = depFM: Depth [true depth, m], lat = 57.3123
# name 22 = dz/dtM: Descent Rate [m/s], WS = 2
# name 23 = svCM: Sound Velocity [Chen-Millero, m/s]
# name 24 = svCM1: Sound Velocity, 2 [Chen-Millero, m/s]
# name 25 = flag: flag
# span 0 =      11442,      26051       
# span 1 =      1.000,    236.000       
# span 2 =     2.9692,    15.1405       
# span 3 =     2.9703,    15.1466       
# span 4 =    -0.0381,     0.0438       
# span 5 =   0.759898,   1.459491       
# span 6 =   0.759791,   1.459480       
# span 7 =          1,          1       
# span 8 =   -0.01819,    9.87640       
# span 9 =   -0.19286,    9.95841       
# span 10 =       0.00,      98.61      
# span 11 =     0.2129,     8.4804      
# span 12 =     0.1382,     0.8795      
# span 13 = -9.822e-07, 4.8387e+02      
# span 14 =     0.1154,     0.6344      
# span 15 =     7.2409,    13.2904      
# span 16 =     7.2410,    13.2899      
# span 17 =    -0.0027,     0.0011      
# span 18 =     4.6726,    10.3742      
# span 19 =     4.6717,    10.3737      
# span 20 =      0.991,    233.693      
# span 21 =      1.014,    238.331      
# span 22 =     -0.141,      0.561      
# span 23 =    1427.24,    1475.07      
# span 24 =    1427.24,    1475.09      
# span 25 = 0.0000e+00, 0.0000e+00      
# interval = decibars: 0.5              
# start_time = May 30 2018 15:35:46 [NMEA time, first data scan]
# bad_flag = -9.990e-29
*END*
[from data line 223]
      16979    112.500     6.7187     6.7200     0.0013    1.30770    1.30767          1     0.5793     0.5382      97.56     0.3751     0.2076  1.000e-12  0.1365000    11.8875    11.8867    -0.0007     9.2879     9.2873    111.433    113.800      0.504    1450.51    1450.51  0.000e+00
      17003    113.000     6.7030     6.7045     0.0015    1.30917    1.30914          1     0.5369     0.5023      97.56     0.4063     0.2071  1.000e-12  0.1372000    11.9073    11.9064    -0.0009     9.3048     9.3039    111.929    114.305      0.497    1450.47    1450.48  0.000e+00
      17027    113.500     6.6922     6.6934     0.0012    1.31079    1.31074          1     0.5248     0.5144      97.56     0.3827     0.2071  1.000e-12  0.1423000    11.9269    11.9260    -0.0008     9.3209     9.3202    112.424    114.810      0.501    1450.46    1450.47  0.000e+00
      17051    114.000     6.6770     6.6780     0.0010    1.31107    1.31106          1     0.5482     0.5575      97.57     0.3589     0.2071  1.000e-12  0.1431000    11.9348    11.9344    -0.0004     9.3283     9.3279    112.919    115.314      0.503    1450.42    1450.42  0.000e+00
      17075    114.500     6.6889     6.6899     0.0010    1.31263    1.31262          1     0.5761     0.5605      97.57     0.4358     0.2497  1.000e-12  0.1601000    11.9460    11.9455    -0.0005     9.3362     9.3357    113.414    115.819      0.500    1450.49    1450.49  0.000e+00
      17099    115.000     6.6452     6.6480     0.0028    1.31229    1.31231          1     0.5216     0.4759      81.50     0.4538     0.2545  1.000e-12  0.1611000    11.9577    11.9569    -0.0008     9.3487     9.3479    113.909    116.323      0.492    1450.33    1450.34  0.000e+00
      17124    115.500     6.6049     6.6058     0.0009    1.31234    1.31232          1     0.4501     0.4123      97.72     0.3979     0.2231  1.000e-12  0.1514000    11.9722    11.9717    -0.0005     9.3631     9.3627    114.404    116.828      0.494    1450.19    1450.19  0.000e+00
      17148    116.000     6.5817     6.5828     0.0012    1.31306    1.31306          1     0.4160     0.3848      97.57     0.4012     0.2069  1.000e-12  0.1488000    11.9873    11.9869    -0.0004     9.3767     9.3763    114.899    117.332      0.500    1450.12    1450.12  0.000e+00
      17172    116.500     6.5700     6.5713     0.0013    1.31502    1.31496          1     0.3909     0.3705      97.56     0.4068     0.2414  1.000e-12  0.1451000    12.0107    12.0096    -0.0011     9.3960     9.3950    115.394    117.837      0.504    1450.10    1450.11  0.000e+00
      17195    117.000     6.6368     6.6380     0.0012    1.32027    1.32023          1     0.3884     0.3639      97.57     0.4215     0.2638  1.000e-12  0.1506000    12.0390    12.0382    -0.0008     9.4132     9.4125    115.890    118.341      0.501    1450.43    1450.43  0.000e+00
      17220    117.500     6.5969     6.5981     0.0013    1.32109    1.32106          1     0.3566     0.3241      97.56     0.4119     0.2010  1.000e-12  0.1541000    12.0610    12.0603    -0.0007     9.4335     9.4329    116.385    118.846      0.499    1450.30    1450.30  0.000e+00
      17244    118.000     6.5848     6.5859     0.0011    1.32329    1.32325          1     0.3191     0.2939      97.56     0.4369     0.2356  1.000e-12  0.1538000    12.0869    12.0861    -0.0008     9.4548     9.4540    116.880    119.350      0.501    1450.29    1450.29  0.000e+00
      17268    118.500     6.5905     6.5913     0.0008    1.32733    1.32728          1     0.2991     0.2686      97.56     0.4603     0.2491  1.000e-12  0.1523000    12.1248    12.1240    -0.0009     9.4841     9.4834    117.375    119.855      0.496    1450.37    1450.37  0.000e+00
      17292    119.000     6.6004     6.6014     0.0010    1.32983    1.32980          1     0.2490     0.2053      97.55     0.4194     0.2657  1.000e-12  0.1577000    12.1460    12.1452    -0.0007     9.5000     9.4993    117.870    120.359      0.496    1450.44    1450.44  0.000e+00
      17316    119.500     6.6050     6.6060     0.0011    1.33178    1.33175          1     0.1762     0.1236      97.57     0.3864     0.2657  1.000e-12  0.1652000    12.1635    12.1628    -0.0007     9.5134     9.5127    118.365    120.864      0.502    1450.49    1450.49  0.000e+00
      17340    120.000     6.5912     6.5922     0.0011    1.33321    1.33319          1     0.1263     0.0831      97.57     0.3916     0.2152  1.000e-12  0.1730000    12.1825    12.1818    -0.0006     9.5294     9.5288    118.860    121.368      0.501    1450.46    1450.47  0.000e+00
      17364    120.500     6.5800     6.5810     0.0010    1.33487    1.33483          1     0.1064     0.0956      97.57     0.4826     0.2288  1.000e-12  0.1913000    12.2028    12.2020    -0.0008     9.5461     9.5454    119.355    121.873      0.496    1450.45    1450.45  0.000e+00
      17388    121.000     6.5890     6.5901     0.0011    1.33793    1.33789          1     0.1332     0.1248      97.57     0.4406     0.2566  1.000e-12  0.1861000    12.2297    12.2290    -0.0008     9.5666     9.5659    119.850    122.377      0.499    1450.53    1450.53  0.000e+00
      17412    121.500     6.6251     6.6268     0.0017    1.34208    1.34205          1     0.1184     0.0891      97.57     0.4184     0.2817  1.000e-12  0.1518000    12.2578    12.2569    -0.0009     9.5859     9.5851    120.346    122.882      0.501    1450.73    1450.73  0.000e+00
      17436    122.000     6.6312     6.6323     0.0012    1.34437    1.34433          1     0.0733     0.0470      97.56     0.3975     0.2846  1.000e-12  0.1688000    12.2782    12.2773    -0.0008     9.6015     9.6007    120.841    123.386      0.496    1450.79    1450.79  0.000e+00
      17460    122.500     6.6499     6.6518     0.0019    1.34769    1.34771          1     0.0572     0.0348      97.56     0.4200     0.2518  1.000e-12  0.2352000    12.3042    12.3037    -0.0005     9.6205     9.6200    121.336    123.891      0.491    1450.90    1450.91  0.000e+00
      17485    123.000     6.6670     6.6683     0.0013    1.34940    1.34941          1     0.0494     0.0349      97.56     0.4200     0.2325  1.000e-12  0.2178000    12.3149    12.3145    -0.0004     9.6276     9.6272    121.831    124.395      0.492    1451.00    1451.00  0.000e+00
      17509    123.500     6.6570     6.6578     0.0008    1.34945    1.34944          1     0.0561     0.0467      97.56     0.4080     0.2612  1.000e-12  0.2104000    12.3189    12.3185    -0.0004     9.6315     9.6311    122.326    124.899      0.495    1450.97    1450.97  0.000e+00
      17533    124.000     6.6274     6.6285     0.0010    1.34965    1.34964          1     0.0688     0.0684      97.58     0.3443     0.2753  1.000e-12  0.1837000    12.3314    12.3309    -0.0005     9.6435     9.6431    122.821    125.404      0.488    1450.87    1450.87  0.000e+00
      17558    124.500     6.6267     6.6279     0.0011    1.35131    1.35129          1     0.0808     0.0751      97.57     0.3863     0.2212  1.000e-12  0.1803000    12.3479    12.3473    -0.0006     9.6566     9.6561    123.316    125.908      0.486    1450.89    1450.90  0.000e+00
      17583    125.000     6.6423     6.6435     0.0012    1.35303    1.35302          1     0.0788     0.0631      97.56     0.3776     0.2224  1.000e-12  0.1902000    12.3593    12.3587    -0.0006     9.6643     9.6638    123.811    126.413      0.488    1450.98    1450.98  0.000e+00
      17608    125.500     6.6460     6.6471     0.0011    1.35487    1.35484          1     0.0742     0.0632      97.56     0.4178     0.2224  1.000e-12  0.2302000    12.3760    12.3753    -0.0007     9.6772     9.6765    124.306    126.917      0.482    1451.02    1451.03  0.000e+00
      17632    126.000     6.6472     6.6483     0.0011    1.35652    1.35651          1     0.0677     0.0539      97.57     0.5140     0.2347  1.000e-12  0.2095000    12.3918    12.3913    -0.0006     9.6895     9.6890    124.801    127.421      0.488    1451.06    1451.06  0.000e+00
      17657    126.500     6.6545     6.6555     0.0010    1.35766    1.35764          1     0.0545     0.0372      97.56     0.4742     0.1933  1.000e-12  0.2327000    12.4004    12.3998    -0.0006     9.6957     9.6951    125.297    127.926      0.498    1451.11    1451.11  0.000e+00
      17681    127.000     6.6583     6.6594     0.0011    1.35911    1.35907          1     0.0458     0.0404      97.57     0.4289     0.2661  1.000e-12  0.2441000    12.4133    12.4125    -0.0008     9.7055     9.7048    125.792    128.430      0.488    1451.15    1451.15  0.000e+00
      17706    127.500     6.6601     6.6611     0.0010    1.36109    1.36104          1     0.0537     0.0475      97.57     0.4195     0.2510  1.000e-12  0.2226000    12.4321    12.4312    -0.0009     9.7202     9.7194    126.287    128.934      0.481    1451.19    1451.19  0.000e+00
      17731    128.000     6.6647     6.6656     0.0010    1.36249    1.36245          1     0.0595     0.0445      97.57     0.4282     0.2353  1.000e-12  0.2290000    12.4441    12.4434    -0.0007     9.7292     9.7286    126.782    129.439      0.490    1451.23    1451.23  0.000e+00
      17755    128.500     6.6684     6.6694     0.0010    1.36373    1.36369          1     0.0495     0.0383      97.56     0.3996     0.2438  1.000e-12  0.2152000    12.4550    12.4542    -0.0008     9.7375     9.7368    127.277    129.943      0.493    1451.26    1451.27  0.000e+00
      17779    129.000     6.6766     6.6776     0.0010    1.36641    1.36635          1     0.0440     0.0339      97.57     0.4448     0.2397  1.000e-12  0.2083000    12.4784    12.4775    -0.0009     9.7553     9.7544    127.772    130.448      0.488    1451.34    1451.34  0.000e+00
      17804    129.500     6.6841     6.6850     0.0010    1.36845    1.36840          1     0.0396     0.0326      97.56     0.5116     0.2396  1.000e-12  0.2641000    12.4957    12.4949    -0.0008     9.7683     9.7675    128.267    130.952      0.482    1451.40    1451.40  0.000e+00
      17829    130.000     6.6901     6.6911     0.0010    1.37007    1.37005          1     0.0411     0.0340      97.59     0.4231     0.2732  1.000e-12  0.2500000    12.5095    12.5089    -0.0006     9.7786     9.7781    128.762    131.456      0.484    1451.45    1451.45  0.000e+00
      17854    130.500     6.6930     6.6942     0.0011    1.37126    1.37123          1     0.0431     0.0356      97.59     0.3564     0.2595  1.000e-12  0.1710000    12.5201    12.5194    -0.0007     9.7867     9.7861    129.257    131.961      0.488    1451.48    1451.49  0.000e+00
      17878    131.000     6.6961     6.6972     0.0010    1.37240    1.37236          1     0.0371     0.0335      97.58     0.4018     0.2222  1.000e-12  0.2069000    12.5301    12.5294    -0.0007     9.7943     9.7937    129.752    132.465      0.491    1451.51    1451.52  0.000e+00
      17902    131.500     6.7002     6.7014     0.0011    1.37348    1.37345          1     0.0426     0.0321      97.57     0.4114     0.2309  1.000e-12  0.2634000    12.5392    12.5385    -0.0007     9.8011     9.8005    130.247    132.969      0.496    1451.55    1451.55  0.000e+00
      17927    132.000     6.7052     6.7062     0.0011    1.37444    1.37443          1     0.0403     0.0317      97.59     0.4020     0.2532  1.000e-12  0.2244000    12.5469    12.5463    -0.0006     9.8068     9.8063    130.742    133.474      0.491    1451.59    1451.59  0.000e+00
      17951    132.500     6.7081     6.7091     0.0010    1.37542    1.37540          1     0.0411     0.0321      97.57     0.3845     0.2626  1.000e-12  0.1816000    12.5553    12.5548    -0.0006     9.8132     9.8127    131.238    133.978      0.486    1451.62    1451.62  0.000e+00
      17976    133.000     6.7111     6.7120     0.0009    1.37649    1.37645          1     0.0411     0.0337      97.57     0.4609     0.2510  1.000e-12  0.2217000    12.5647    12.5640    -0.0007     9.8203     9.8197    131.733    134.482      0.481    1451.65    1451.65  0.000e+00
      18001    133.500     6.7184     6.7193     0.0009    1.37845    1.37841          1     0.0368     0.0329      97.57     0.4066     0.2578  1.000e-12  0.1858000    12.5814    12.5805    -0.0008     9.8328     9.8321    132.228    134.986      0.476    1451.71    1451.71  0.000e+00
      18026    134.000     6.7243     6.7252     0.0009    1.38005    1.38001          1     0.0399     0.0326      97.58     0.3255     0.2102  1.000e-12  0.1674000    12.5949    12.5942    -0.0007     9.8430     9.8423    132.723    135.491      0.491    1451.76    1451.76  0.000e+00
      18050    134.500     6.7281     6.7290     0.0009    1.38116    1.38112          1     0.0379     0.0316      97.58     0.3673     0.2648  1.000e-12  0.1660000    12.6044    12.6036    -0.0008     9.8502     9.8495    133.218    135.995      0.501    1451.80    1451.80  0.000e+00
      18074    135.000     6.7322     6.7330     0.0008    1.38232    1.38227          1     0.0336     0.0324      97.60     0.3151     0.2463  1.000e-12  0.1590000    12.6142    12.6135    -0.0007     9.8575     9.8569    133.713    136.499      0.486    1451.83    1451.84  0.000e+00
      18100    135.500     6.7362     6.7371     0.0008    1.38341    1.38335          1     0.0382     0.0304      97.58     0.3137     0.2351  1.000e-12  0.1864000    12.6234    12.6226    -0.0008     9.8644     9.8637    134.208    137.004      0.483    1451.87    1451.87  0.000e+00
      18124    136.000     6.7416     6.7423     0.0007    1.38493    1.38484          1     0.0370     0.0326      97.58     0.3488     0.2117  1.000e-12  0.1669000    12.6364    12.6353    -0.0011     9.8742     9.8733    134.703    137.508      0.489    1451.92    1451.92  0.000e+00
      18149    136.500     6.7463     6.7473     0.0009    1.38633    1.38630          1     0.0386     0.0328      97.58     0.3133     0.1844  1.000e-12  0.1563000    12.6484    12.6477    -0.0006     9.8832     9.8827    135.198    138.012      0.480    1451.96    1451.96  0.000e+00
      18174    137.000     6.7498     6.7507     0.0009    1.38739    1.38734          1     0.0374     0.0319      97.59     0.6229     0.1995  1.000e-12  0.1792000    12.6575    12.6567    -0.0008     9.8902     9.8894    135.693    138.517      0.479    1451.99    1452.00  0.000e+00
      18199    137.500     6.7528     6.7537     0.0009    1.38859    1.38856          1     0.0350     0.0321      78.61     0.3093     0.2357  1.000e-12  0.1501000    12.6681    12.6675    -0.0006     9.8982     9.8977    136.188    139.021      0.493    1452.03    1452.03  0.000e+00
      18223    138.000     6.7569     6.7577     0.0008    1.38991    1.38986          1     0.0385     0.0317      76.47     0.3314     0.2223  1.000e-12  0.1491000    12.6796    12.6788    -0.0008     9.9069     9.9062    136.683    139.525      0.492    1452.07    1452.07  0.000e+00
      18248    138.500     6.7627     6.7636     0.0008    1.39161    1.39156          1     0.0342     0.0295      97.27     0.3681     0.2073  1.000e-12  0.1381000    12.6941    12.6933    -0.0008     9.9179     9.9172    137.178    140.029      0.480    1452.12    1452.12  0.000e+00
      18273    139.000     6.7661     6.7669     0.0008    1.39274    1.39270          1     0.0355     0.0321      97.58     0.3736     0.2281  1.000e-12  0.1740000    12.7040    12.7033    -0.0008     9.9254     9.9247    137.673    140.534      0.477    1452.15    1452.15  0.000e+00
      18298    139.500     6.7690     6.7700     0.0010    1.39375    1.39371          1     0.0369     0.0297      97.57     0.4023     0.2556  1.000e-12  0.2420000    12.7127    12.7120    -0.0007     9.9320     9.9314    138.168    141.038      0.480    1452.18    1452.19  0.000e+00
