ctdpy/exports/archive_20191121_115250/received_data/a13_v50_18.cnv
* Sea-Bird SBE19plus Data File:
* FileName = C:\CTD\SBE_19plus\Temp\A13_v50_18.hex
* Software Version 1.59
* Temperature SN =  4644
* Conductivity SN =  4644
* System UpLoad Time = Dec 16 2018 21:48:40
** A13 2018K25 v50
* ds
# nquan = 11
# nvalues = 108                         
# units = specified
# name 0 = prdM: Pressure, Strain Gauge [db]
# name 1 = c0S/m: Conductivity [S/m]
# name 2 = tv290C: Temperature [ITS-90, deg C]
# name 3 = par: PAR/Irradiance, Biospherical/Licor
# name 4 = dz/dtM: Descent Rate [m/s]
# name 5 = sbeox0ML/L: Oxygen, SBE 43 [ml/l]
# name 6 = density00: Density [density, kg/m^3]
# name 7 = sal00: Salinity, Practical [PSU]
# name 8 = depFM: Depth [fresh water, m], lat = 58
# name 9 = nbin: number of scans per bin
# name 10 = flag: flag
# span 0 =      2.000,    109.000       
# span 1 =   0.326389,   0.400998       
# span 2 =     3.2942,     4.4995       
# span 3 = 6.4323e-02, 1.5114e+00       
# span 4 =     -0.017,      1.207       
# span 5 =     6.8825,     8.5683       
# span 6 =  1002.3316,  1003.4745       
# span 7 =     2.9266,     3.6931       
# span 8 =      2.039,    111.149       
# span 9 =          3,          9       
# span 10 = 0.0000e+00, 0.0000e+00      
# interval = decibars: 1                
# start_time = Dec 13 2018 07:32:05 [Instrument's time stamp, header]
# bad_flag = -9.990e-29
*END*
      2.000   0.326433     3.9159 1.5114e+00     -0.017     8.4733  1002.3316     2.9268      2.039          5 0.0000e+00
      3.000   0.326389     3.9120 6.6282e-01      0.700     8.5683  1002.3365     2.9266      3.059          5 0.0000e+00
      4.000   0.326417     3.9127 2.7223e-01      0.936     8.5556  1002.3415     2.9268      4.079          4 0.0000e+00
      5.000   0.326447     3.9136 1.6246e-01      1.044     8.5414  1002.3466     2.9269      5.098          4 0.0000e+00
      6.000   0.326506     3.9166 1.2036e-01      1.078     8.5323  1002.3516     2.9271      6.118          4 0.0000e+00
      7.000   0.326606     3.9208 9.7902e-02      1.071     8.5274  1002.3569     2.9277      7.138          3 0.0000e+00
      8.000   0.326645     3.9218 8.6239e-02      1.094     8.5385  1002.3620     2.9279      8.158          4 0.0000e+00
      9.000   0.326602     3.9188 7.7123e-02      1.109     8.5353  1002.3668     2.9277      9.177          4 0.0000e+00
     10.000   0.326542     3.9153 7.3919e-02      1.101     8.5198  1002.3715     2.9274     10.197          3 0.0000e+00
     11.000   0.326512     3.9129 7.1138e-02      1.100     8.5185  1002.3764     2.9272     11.217          4 0.0000e+00
     12.000   0.326494     3.9114 7.0125e-02      1.122     8.5043  1002.3813     2.9272     12.236          3 0.0000e+00
     13.000   0.326494     3.9108 6.9276e-02      1.141     8.4991  1002.3862     2.9272     13.256          4 0.0000e+00
     14.000   0.326498     3.9104 6.8654e-02      1.140     8.5048  1002.3911     2.9272     14.276          3 0.0000e+00
     15.000   0.326506     3.9104 6.8393e-02      1.133     8.5012  1002.3960     2.9272     15.296          4 0.0000e+00
     16.000   0.326546     3.9123 6.7617e-02      1.150     8.5053  1002.4011     2.9274     16.316          3 0.0000e+00
     17.000   0.326617     3.9145 6.8101e-02      1.155     8.5091  1002.4063     2.9278     17.335          4 0.0000e+00
     18.000   0.326728     3.9183 6.7705e-02      1.145     8.5161  1002.4118     2.9285     18.355          4 0.0000e+00
     19.000   0.326876     3.9207 6.7937e-02      1.122     8.5212  1002.4175     2.9296     19.374          3 0.0000e+00
     20.000   0.326929     3.9192 6.7604e-02      1.124     8.5162  1002.4229     2.9302     20.394          4 0.0000e+00
     21.000   0.326944     3.9156 6.7621e-02      1.159     8.5125  1002.4282     2.9306     21.414          3 0.0000e+00
     22.000   0.326946     3.9049 6.7559e-02      1.182     8.5168  1002.4340     2.9315     22.434          3 0.0000e+00
     23.000   0.326956     3.8909 6.7642e-02      1.137     8.5109  1002.4401     2.9328     23.453          4 0.0000e+00
     24.000   0.326971     3.8847 6.7364e-02      1.103     8.5093  1002.4456     2.9334     24.473          4 0.0000e+00
     25.000   0.326983     3.8811 6.7391e-02      1.138     8.5057  1002.4509     2.9338     25.493          3 0.0000e+00
     26.000   0.327001     3.8757 6.7405e-02      1.171     8.4956  1002.4563     2.9344     26.513          4 0.0000e+00
     27.000   0.327029     3.8619 6.7433e-02      1.147     8.4969  1002.4625     2.9359     27.532          3 0.0000e+00
     28.000   0.327108     3.8316 6.7434e-02      1.119     8.5075  1002.4704     2.9393     28.552          3 0.0000e+00
     29.000   0.327376     3.7970 6.7240e-02      1.143     8.5291  1002.4801     2.9449     29.572          4 0.0000e+00
     30.000   0.327593     3.7777 6.7392e-02      1.178     8.5469  1002.4882     2.9487     30.591          3 0.0000e+00
     31.000   0.327804     3.7762 6.7315e-02      1.187     8.5542  1002.4948     2.9508     31.611          4 0.0000e+00
     32.000   0.328116     3.7870 6.7288e-02      1.189     8.5468  1002.5012     2.9528     32.631          3 0.0000e+00
     33.000   0.328458     3.8036 6.7431e-02      1.196     8.5348  1002.5074     2.9545     33.651          3 0.0000e+00
     34.000   0.328690     3.8144 6.7186e-02      1.207     8.5319  1002.5131     2.9557     34.670          4 0.0000e+00
     35.000   0.328747     3.8151 6.7198e-02      1.190     8.5274  1002.5184     2.9560     35.690          3 0.0000e+00
     36.000   0.328835     3.8156 6.6998e-02      1.163     8.5190  1002.5239     2.9568     36.710          4 0.0000e+00
     37.000   0.328862     3.8128 6.6980e-02      1.163     8.5028  1002.5292     2.9572     37.730          3 0.0000e+00
     38.000   0.328817     3.8063 6.7022e-02      1.174     8.4813  1002.5343     2.9573     38.749          3 0.0000e+00
     39.000   0.328733     3.7963 6.6921e-02      1.178     8.4456  1002.5393     2.9574     39.769          4 0.0000e+00
     40.000   0.328701     3.7908 6.7076e-02      1.173     8.4326  1002.5444     2.9575     40.789          3 0.0000e+00
     41.000   0.328998     3.8069 6.7065e-02      1.159     8.4594  1002.5502     2.9589     41.808          4 0.0000e+00
     42.000   0.330431     3.8830 6.6961e-02      1.162     8.4375  1002.5598     2.9656     42.828          3 0.0000e+00
     43.000   0.335152     4.0635 6.6954e-02      1.154     8.3047  1002.5853     2.9939     43.848          4 0.0000e+00
     44.000   0.342718     4.2871 6.7075e-02      1.126     8.1346  1002.6277     3.0449     44.867          3 0.0000e+00
     45.000   0.348405     4.4419 6.7122e-02      1.140     8.0106  1002.6611     3.0841     45.887          4 0.0000e+00
     46.000   0.351505     4.4995 6.6953e-02      1.146     7.9599  1002.6838     3.1078     46.907          3 0.0000e+00
     47.000   0.352789     4.4944 6.6641e-02      1.103     7.9507  1002.6987     3.1203     47.927          4 0.0000e+00
     48.000   0.353671     4.4853 6.6817e-02      1.100     7.9293  1002.7110     3.1294     48.946          3 0.0000e+00
     49.000   0.354641     4.4828 6.6972e-02      1.165     7.9072  1002.7233     3.1387     49.966          4 0.0000e+00
     50.000   0.355416     4.4728 6.6908e-02      1.188     7.9047  1002.7349     3.1469     50.986          3 0.0000e+00
     51.000   0.355954     4.4506 6.6678e-02      1.140     7.9056  1002.7460     3.1540     52.005          4 0.0000e+00
     52.000   0.356443     4.4256 6.6860e-02      1.100     7.9132  1002.7568     3.1609     53.025          3 0.0000e+00
     53.000   0.356830     4.3987 6.6867e-02      1.127     7.8950  1002.7672     3.1671     54.045          4 0.0000e+00
     54.000   0.357198     4.3558 6.6813e-02      1.141     7.8737  1002.7789     3.1746     55.065          4 0.0000e+00
     55.000   0.357995     4.2738 6.6773e-02      1.107     7.8612  1002.7975     3.1900     56.085          3 0.0000e+00
     56.000   0.359758     4.1457 6.6542e-02      1.099     7.8382  1002.8277     3.2192     57.104          4 0.0000e+00
     57.000   0.361642     4.0436 6.6708e-02      1.127     7.8162  1002.8564     3.2472     58.124          3 0.0000e+00
     58.000   0.363127     3.9910 6.6459e-02      1.105     7.7851  1002.8774     3.2665     59.143          4 0.0000e+00
     59.000   0.364946     3.9629 6.6554e-02      1.085     7.7419  1002.8987     3.2867     60.163          4 0.0000e+00
     60.000   0.366592     3.9468 6.6553e-02      1.122     7.7056  1002.9177     3.3040     61.183          3 0.0000e+00
     61.000   0.367977     3.9421 6.6603e-02      1.146     7.6740  1002.9336     3.3177     62.202          4 0.0000e+00
     62.000   0.369177     3.9370 6.6401e-02      1.116     7.6468  1002.9481     3.3297     63.222          3 0.0000e+00
     63.000   0.369987     3.9111 6.6356e-02      1.095     7.6606  1002.9616     3.3400     64.242          4 0.0000e+00
     64.000   0.370745     3.8695 6.6601e-02      1.111     7.6630  1002.9761     3.3515     65.262          3 0.0000e+00
     65.000   0.371480     3.8290 6.6560e-02      1.127     7.6468  1002.9904     3.3626     66.281          4 0.0000e+00
     66.000   0.371833     3.7908 6.6452e-02      1.122     7.7087  1003.0015     3.3699     67.301          4 0.0000e+00
     67.000   0.371436     3.7159 6.6413e-02      1.106     7.7999  1003.0103     3.3738     68.321          3 0.0000e+00
     68.000   0.370534     3.6331 6.6380e-02      1.105     7.9184  1003.0158     3.3736     69.341          4 0.0000e+00
     69.000   0.370149     3.5945 6.6134e-02      1.119     7.9718  1003.0212     3.3737     70.360          3 0.0000e+00
     70.000   0.370638     3.6176 6.6288e-02      1.106     7.8720  1003.0277     3.3761     71.380          4 0.0000e+00
     71.000   0.372173     3.6920 6.6242e-02      1.106     7.7161  1003.0376     3.3831     72.400          4 0.0000e+00
     72.000   0.373148     3.7256 6.6235e-02      1.142     7.6244  1003.0469     3.3890     73.420          3 0.0000e+00
     73.000   0.373611     3.7163 6.6199e-02      1.135     7.6213  1003.0562     3.3944     74.439          4 0.0000e+00
     74.000   0.374219     3.6994 6.6307e-02      1.097     7.6303  1003.0674     3.4020     75.459          3 0.0000e+00
     75.000   0.375268     3.6952 6.6254e-02      1.111     7.5894  1003.0807     3.4124     76.479          4 0.0000e+00
     76.000   0.376182     3.6870 6.6198e-02      1.141     7.5628  1003.0934     3.4221     77.498          3 0.0000e+00
     77.000   0.376389     3.6590 6.6079e-02      1.133     7.5783  1003.1025     3.4270     78.518          4 0.0000e+00
     78.000   0.376406     3.6251 6.6032e-02      1.125     7.5709  1003.1106     3.4307     79.538          4 0.0000e+00
     79.000   0.376425     3.5984 6.5913e-02      1.124     7.5693  1003.1181     3.4336     80.558          3 0.0000e+00
     80.000   0.376419     3.5698 6.6011e-02      1.099     7.5710  1003.1256     3.4365     81.577          4 0.0000e+00
     81.000   0.376557     3.5376 6.6081e-02      1.080     7.5625  1003.1345     3.4412     82.597          4 0.0000e+00
     82.000   0.376873     3.5099 6.5976e-02      1.085     7.5591  1003.1443     3.4472     83.617          3 0.0000e+00
     83.000   0.377557     3.4895 6.5905e-02      1.081     7.5856  1003.1564     3.4559     84.636          4 0.0000e+00
     84.000   0.378559     3.4866 6.5798e-02      1.058     7.6696  1003.1693     3.4659     85.656          4 0.0000e+00
     85.000   0.380007     3.4982 6.5820e-02      1.066     7.7861  1003.1844     3.4787     86.676          4 0.0000e+00
     86.000   0.381138     3.5023 6.5804e-02      1.076     7.8691  1003.1977     3.4892     87.696          3 0.0000e+00
     87.000   0.382183     3.4901 6.5830e-02      1.072     7.8791  1003.2118     3.5006     88.715          4 0.0000e+00
     88.000   0.383603     3.4700 6.5787e-02      1.091     7.8276  1003.2296     3.5165     89.735          4 0.0000e+00
     89.000   0.385446     3.4449 6.5942e-02      1.099     7.7272  1003.2512     3.5372     90.755          3 0.0000e+00
     90.000   0.387672     3.4159 6.5715e-02      1.066     7.6179  1003.2761     3.5621     91.774          4 0.0000e+00
     91.000   0.390378     3.3806 6.5725e-02      1.050     7.5195  1003.3055     3.5924     92.794          4 0.0000e+00
     92.000   0.391901     3.3532 6.5493e-02      1.068     7.4542  1003.3249     3.6103     93.814          4 0.0000e+00
     93.000   0.392550     3.3363 6.5610e-02      1.060     7.4125  1003.3364     3.6185     94.834          3 0.0000e+00
     94.000   0.392725     3.3250 6.5605e-02      1.049     7.3956  1003.3437     3.6214     95.853          4 0.0000e+00
     95.000   0.392677     3.3081 6.5598e-02      1.089     7.3854  1003.3498     3.6227     96.873          4 0.0000e+00
     96.000   0.392684     3.2972 6.5578e-02      1.117     7.3783  1003.3558     3.6239     97.893          3 0.0000e+00
     97.000   0.392831     3.2942 6.5380e-02      1.096     7.3775  1003.3620     3.6257     98.912          4 0.0000e+00
     98.000   0.393171     3.2958 6.5326e-02      1.068     7.3778  1003.3695     3.6287     99.932          4 0.0000e+00
     99.000   0.394091     3.3113 6.5407e-02      1.076     7.3686  1003.3801     3.6360    100.952          3 0.0000e+00
    100.000   0.396044     3.3364 6.5370e-02      1.111     7.3396  1003.3979     3.6523    101.972          4 0.0000e+00
    101.000   0.397568     3.3543 6.5326e-02      1.086     7.2711  1003.4130     3.6651    102.992          4 0.0000e+00
    102.000   0.398607     3.3702 6.5366e-02      1.055     7.2040  1003.4245     3.6735    104.011          5 0.0000e+00
    103.000   0.399335     3.3825 6.5281e-02      0.789     7.2072  1003.4338     3.6791    105.031          6 0.0000e+00
    104.000   0.400193     3.3907 6.5239e-02      0.703     7.1097  1003.4446     3.6866    106.050          8 0.0000e+00
    105.000   0.400677     3.3955 6.5131e-02      0.120     7.2168  1003.4528     3.6907    107.070          6 0.0000e+00
    106.000   0.400793     3.3951 6.5209e-02      0.696     7.2193  1003.4587     3.6918    108.090          6 0.0000e+00
    107.000   0.400839     3.3963 6.5092e-02      0.982     7.0901  1003.4638     3.6920    109.110          5 0.0000e+00
    108.000   0.400953     3.3964 6.4931e-02      0.201     7.1224  1003.4695     3.6931    110.129          9 0.0000e+00
    109.000   0.400998     3.3991 6.4323e-02      0.779     6.8825  1003.4745     3.6931    111.149          6 0.0000e+00
