ctdpy/exports/archive_20191121_115250/received_data/a13_v41_18.cnv
* Sea-Bird SBE19plus Data File:
* FileName = C:\CTD\CTD 2018\v41\A13_v41_18.hex
* Software Version 1.59
* Temperature SN =  4644
* Conductivity SN =  4644
* System UpLoad Time = Oct 11 2018 07:33:07
** A13 k23 v41 2018
* ds
# nquan = 11
# nvalues = 123                         
# units = specified
# name 0 = prdM: Pressure, Strain Gauge [db]
# name 1 = c0S/m: Conductivity [S/m]
# name 2 = tv290C: Temperature [ITS-90, deg C]
# name 3 = par: PAR/Irradiance, Biospherical/Licor
# name 4 = dz/dtM: Descent Rate [m/s]
# name 5 = sbeox0ML/L: Oxygen, SBE 43 [ml/l]
# name 6 = density00: Density [density, kg/m^3]
# name 7 = sal00: Salinity, Practical [PSU]
# name 8 = depFM: Depth [fresh water, m], lat = 58
# name 9 = nbin: number of scans per bin
# name 10 = flag: flag
# span 0 =      1.000,    123.000       
# span 1 =   0.340410,   0.436853       
# span 2 =     2.5679,     8.3481       
# span 3 = 7.8081e-02, 7.3307e+00       
# span 4 =      0.003,      1.263       
# span 5 =     6.9248,     8.1052       
# span 6 =  1001.9539,  1003.7070       
# span 7 =     2.6878,     3.9197       
# span 8 =      1.020,    125.425       
# span 9 =          3,         11       
# span 10 = 0.0000e+00, 0.0000e+00      
# interval = decibars: 1                
# start_time = Oct 11 2018 07:00:27 [Instrument's time stamp, header]
# bad_flag = -9.990e-29
*END*
      1.000   0.340556     8.3360 7.3307e+00      0.003     7.7662  1001.9539     2.6883      1.020          6 0.0000e+00
      2.000   0.340530     8.3320 2.6744e+00      0.660     7.7474  1001.9590     2.6883      2.039          4 0.0000e+00
      3.000   0.340478     8.3307 1.1771e+00      1.011     7.7360  1001.9636     2.6880      3.059          4 0.0000e+00
      4.000   0.340477     8.3321 6.5455e-01      1.051     7.7189  1001.9681     2.6878      4.079          4 0.0000e+00
      5.000   0.340480     8.3320 4.0652e-01      1.094     7.7049  1001.9730     2.6878      5.098          4 0.0000e+00
      6.000   0.340453     8.3287 2.5436e-01      1.114     7.7044  1001.9780     2.6878      6.118          3 0.0000e+00
      7.000   0.340417     8.3240 1.8657e-01      1.092     7.7062  1001.9831     2.6878      7.138          4 0.0000e+00
      8.000   0.340410     8.3207 1.4378e-01      1.088     7.6847  1001.9883     2.6879      8.158          3 0.0000e+00
      9.000   0.340423     8.3200 1.1826e-01      1.119     7.6585  1001.9932     2.6881      9.177          4 0.0000e+00
     10.000   0.340475     8.3201 1.0477e-01      1.143     7.6483  1001.9983     2.6885     10.197          3 0.0000e+00
     11.000   0.340741     8.3238 9.6658e-02      1.131     7.6485  1002.0044     2.6903     11.217          4 0.0000e+00
     12.000   0.341413     8.3328 9.1698e-02      1.118     7.6633  1002.0124     2.6953     12.237          4 0.0000e+00
     13.000   0.342334     8.3425 8.8041e-02      1.129     7.6592  1002.0219     2.7022     13.256          3 0.0000e+00
     14.000   0.343030     8.3481 8.6084e-02      1.151     7.6546  1002.0305     2.7076     14.276          3 0.0000e+00
     15.000   0.343244     8.3480 8.4630e-02      1.183     7.6625  1002.0367     2.7093     15.296          4 0.0000e+00
     16.000   0.343288     8.3454 8.3380e-02      1.201     7.6629  1002.0421     2.7099     16.316          3 0.0000e+00
     17.000   0.343589     8.3431 8.2747e-02      1.181     7.6365  1002.0491     2.7125     17.335          3 0.0000e+00
     18.000   0.344265     8.3404 8.2245e-02      1.181     7.6283  1002.0587     2.7183     18.355          4 0.0000e+00
     19.000   0.344866     8.3374 8.1878e-02      1.230     7.6286  1002.0678     2.7235     19.375          3 0.0000e+00
     20.000   0.345387     8.3333 8.1690e-02      1.263     7.6149  1002.0766     2.7282     20.394          3 0.0000e+00
     21.000   0.345937     8.3267 8.1776e-02      1.247     7.6257  1002.0858     2.7333     21.414          3 0.0000e+00
     22.000   0.346410     8.3172 8.1056e-02      1.231     7.6511  1002.0950     2.7379     22.433          4 0.0000e+00
     23.000   0.346825     8.3067 8.1616e-02      1.218     7.6509  1002.1039     2.7422     23.453          3 0.0000e+00
     24.000   0.347210     8.2955 8.1188e-02      1.197     7.6523  1002.1127     2.7462     24.473          3 0.0000e+00
     25.000   0.347503     8.2848 8.1023e-02      1.188     7.6586  1002.1208     2.7495     25.493          4 0.0000e+00
     26.000   0.347743     8.2744 8.1528e-02      1.206     7.6526  1002.1286     2.7523     26.513          3 0.0000e+00
     27.000   0.347943     8.2636 8.1227e-02      1.234     7.6453  1002.1361     2.7547     27.532          3 0.0000e+00
     28.000   0.348110     8.2518 8.1068e-02      1.255     7.6322  1002.1436     2.7571     28.552          3 0.0000e+00
     29.000   0.348256     8.2392 8.0651e-02      1.243     7.6352  1002.1510     2.7592     29.572          4 0.0000e+00
     30.000   0.348364     8.2249 8.0753e-02      1.227     7.6468  1002.1584     2.7612     30.592          3 0.0000e+00
     31.000   0.348440     8.2050 8.1087e-02      1.242     7.6605  1002.1663     2.7633     31.611          3 0.0000e+00
     32.000   0.348474     8.1831 8.0740e-02      1.204     7.6760  1002.1742     2.7653     32.631          4 0.0000e+00
     33.000   0.348508     8.1656 8.0794e-02      1.162     7.6713  1002.1815     2.7669     33.651          3 0.0000e+00
     34.000   0.348607     8.1502 8.0810e-02      1.164     7.6668  1002.1891     2.7689     34.670          3 0.0000e+00
     35.000   0.348712     8.1264 8.0829e-02      1.192     7.6812  1002.1977     2.7716     35.690          4 0.0000e+00
     36.000   0.348720     8.0871 8.1024e-02      1.219     7.7198  1002.2077     2.7747     36.710          3 0.0000e+00
     37.000   0.348596     8.0308 8.0860e-02      1.214     7.7868  1002.2191     2.7780     37.729          3 0.0000e+00
     38.000   0.348302     7.9408 8.0776e-02      1.185     7.7509  1002.2337     2.7826     38.749          4 0.0000e+00
     39.000   0.347721     7.7755 8.0773e-02      1.164     7.7296  1002.2561     2.7907     39.769          3 0.0000e+00
     40.000   0.346292     7.4067 8.0974e-02      1.165     7.8413  1002.2979     2.8080     40.789          4 0.0000e+00
     41.000   0.344410     6.8840 8.0731e-02      1.170     7.9163  1002.3536     2.8342     41.808          3 0.0000e+00
     42.000   0.343224     6.4358 8.0618e-02      1.162     7.9452  1002.4023     2.8609     42.828          4 0.0000e+00
     43.000   0.342369     5.9743 8.0735e-02      1.147     8.0366  1002.4525     2.8921     43.848          3 0.0000e+00
     44.000   0.341864     5.3772 8.0849e-02      1.145     8.0692  1002.5167     2.9390     44.867          3 0.0000e+00
     45.000   0.342647     4.7653 8.0456e-02      1.171     8.0715  1002.5876     3.0006     45.887          4 0.0000e+00
     46.000   0.344140     4.2926 8.0842e-02      1.184     8.0936  1002.6477     3.0578     46.907          3 0.0000e+00
     47.000   0.345628     3.9497 8.0738e-02      1.162     8.1052  1002.6942     3.1040     47.927          4 0.0000e+00
     48.000   0.346908     3.6888 8.0687e-02      1.127     8.0955  1002.7312     3.1412     48.946          4 0.0000e+00
     49.000   0.348060     3.4839 8.0341e-02      1.107     8.0531  1002.7621     3.1721     49.966          3 0.0000e+00
     50.000   0.348567     3.2912 8.0550e-02      1.112     7.9889  1002.7867     3.1960     50.986          4 0.0000e+00
     51.000   0.349221     3.1403 8.0473e-02      1.118     7.9715  1002.8088     3.2173     52.006          3 0.0000e+00
     52.000   0.350889     3.0569 8.0579e-02      1.113     7.9866  1002.8333     3.2419     53.025          4 0.0000e+00
     53.000   0.352927     3.0181 8.0281e-02      1.106     7.9746  1002.8573     3.2658     54.045          3 0.0000e+00
     54.000   0.355222     2.9894 8.1034e-02      1.103     7.9685  1002.8826     3.2913     55.064          4 0.0000e+00
     55.000   0.357697     2.9520 8.0290e-02      1.120     7.9802  1002.9100     3.3194     56.085          4 0.0000e+00
     56.000   0.360343     2.9289 8.0265e-02      1.132     7.9832  1002.9376     3.3479     57.104          3 0.0000e+00
     57.000   0.362918     2.9216 8.0315e-02      1.121     7.9851  1002.9634     3.3741     58.124          4 0.0000e+00
     58.000   0.365346     2.8967 8.0488e-02      1.109     7.9806  1002.9896     3.4006     59.144          3 0.0000e+00
     59.000   0.367394     2.8314 8.0436e-02      1.113     7.9866  1003.0161     3.4278     60.163          4 0.0000e+00
     60.000   0.369308     2.7305 8.0366e-02      1.119     7.9811  1003.0443     3.4576     61.183          4 0.0000e+00
     61.000   0.371508     2.6390 8.0460e-02      1.122     7.9684  1003.0741     3.4894     62.203          3 0.0000e+00
     62.000   0.373421     2.5917 8.0214e-02      1.125     7.9726  1003.0981     3.5137     63.222          4 0.0000e+00
     63.000   0.375035     2.5723 8.0380e-02      1.116     7.9745  1003.1176     3.5319     64.242          3 0.0000e+00
     64.000   0.376412     2.5679 8.0172e-02      1.100     7.9691  1003.1339     3.5461     65.262          4 0.0000e+00
     65.000   0.378666     2.6090 8.0207e-02      1.101     7.9747  1003.1535     3.5640     66.281          4 0.0000e+00
     66.000   0.381672     2.6755 8.0014e-02      1.110     7.9286  1003.1771     3.5866     67.301          3 0.0000e+00
     67.000   0.384369     2.7292 8.0412e-02      1.116     7.8717  1003.1990     3.6075     68.321          4 0.0000e+00
     68.000   0.386522     2.7369 8.0130e-02      1.119     7.8593  1003.2205     3.6280     69.341          3 0.0000e+00
     69.000   0.388138     2.6969 7.9963e-02      1.126     7.8552  1003.2417     3.6486     70.361          4 0.0000e+00
     70.000   0.390511     2.7067 8.0234e-02      1.124     7.8355  1003.2648     3.6712     71.380          3 0.0000e+00
     71.000   0.393493     2.7774 8.0066e-02      1.120     7.7899  1003.2874     3.6928     72.400          4 0.0000e+00
     72.000   0.396112     2.8648 8.0082e-02      1.123     7.7652  1003.3055     3.7088     73.419          3 0.0000e+00
     73.000   0.398588     2.9610 7.9885e-02      1.123     7.7234  1003.3214     3.7222     74.439          4 0.0000e+00
     74.000   0.401373     3.0763 7.9785e-02      1.124     7.6720  1003.3377     3.7364     75.459          4 0.0000e+00
     75.000   0.404181     3.1965 8.0077e-02      1.115     7.6322  1003.3535     3.7502     76.479          3 0.0000e+00
     76.000   0.406826     3.3024 8.0039e-02      1.083     7.5714  1003.3690     3.7639     77.498          4 0.0000e+00
     77.000   0.408908     3.3698 7.9958e-02      1.074     7.5287  1003.3836     3.7764     78.518          4 0.0000e+00
     78.000   0.410152     3.4059 8.0067e-02      1.100     7.4843  1003.3947     3.7844     79.538          3 0.0000e+00
     79.000   0.410870     3.4243 7.9838e-02      1.134     7.4427  1003.4033     3.7892     80.558          4 0.0000e+00
     80.000   0.411467     3.4401 8.0047e-02      1.139     7.4294  1003.4113     3.7932     81.577          3 0.0000e+00
     81.000   0.412454     3.4740 8.0003e-02      1.126     7.4282  1003.4205     3.7988     82.597          4 0.0000e+00
     82.000   0.415055     3.5692 7.9737e-02      1.113     7.3969  1003.4360     3.8131     83.617          4 0.0000e+00
     83.000   0.418720     3.7020 7.9694e-02      1.111     7.3426  1003.4556     3.8332     84.636          3 0.0000e+00
     84.000   0.421973     3.8224 7.9595e-02      1.096     7.2873  1003.4730     3.8506     85.656          4 0.0000e+00
     85.000   0.423635     3.8886 7.9834e-02      1.039     7.2486  1003.4836     3.8589     86.676          4 0.0000e+00
     86.000   0.424347     3.9213 7.9577e-02      1.012     7.2255  1003.4904     3.8618     87.696          4 0.0000e+00
     87.000   0.424714     3.9402 7.9513e-02      1.025     7.2111  1003.4960     3.8631     88.715          4 0.0000e+00
     88.000   0.425034     3.9561 7.9692e-02      1.043     7.1978  1003.5016     3.8642     89.735          3 0.0000e+00
     89.000   0.425745     3.9898 7.9675e-02      1.067     7.1836  1003.5083     3.8671     90.755          4 0.0000e+00
     90.000   0.427071     4.0406 7.9529e-02      1.092     7.1554  1003.5177     3.8738     91.775          4 0.0000e+00
     91.000   0.428150     4.0818 7.9696e-02      1.112     7.1414  1003.5262     3.8793     92.794          3 0.0000e+00
     92.000   0.428949     4.1158 7.9773e-02      1.119     7.1457  1003.5335     3.8829     93.814          4 0.0000e+00
     93.000   0.429706     4.1506 7.9632e-02      1.105     7.1468  1003.5402     3.8860     94.834          4 0.0000e+00
     94.000   0.430666     4.1886 7.9415e-02      1.084     7.1374  1003.5481     3.8907     95.853          3 0.0000e+00
     95.000   0.431559     4.2202 7.9544e-02      1.089     7.1125  1003.5562     3.8955     96.873          4 0.0000e+00
     96.000   0.432320     4.2491 7.9563e-02      1.092     7.0814  1003.5635     3.8993     97.893          4 0.0000e+00
     97.000   0.433272     4.2829 7.9343e-02      1.084     7.0594  1003.5718     3.9043     98.913          3 0.0000e+00
     98.000   0.434107     4.3119 7.9456e-02      1.062     7.0543  1003.5797     3.9089     99.932          4 0.0000e+00
     99.000   0.434611     4.3343 7.9720e-02      1.056     7.0268  1003.5857     3.9110    100.952          4 0.0000e+00
    100.000   0.435075     4.3540 7.9403e-02      1.075     7.0232  1003.5918     3.9130    101.971          4 0.0000e+00
    101.000   0.435446     4.3690 7.9206e-02      1.089     7.0098  1003.5977     3.9147    102.991          3 0.0000e+00
    102.000   0.435630     4.3770 7.9156e-02      1.094     6.9879  1003.6030     3.9155    104.011          4 0.0000e+00
    103.000   0.435835     4.3861 7.9205e-02      1.099     6.9845  1003.6084     3.9163    105.031          4 0.0000e+00
    104.000   0.436077     4.3959 7.9297e-02      1.094     6.9727  1003.6139     3.9174    106.050          3 0.0000e+00
    105.000   0.436222     4.4029 7.9561e-02      1.069     6.9460  1003.6190     3.9179    107.070          4 0.0000e+00
    106.000   0.436324     4.4086 7.9048e-02      1.064     6.9372  1003.6239     3.9181    108.090          4 0.0000e+00
    107.000   0.436475     4.4159 7.9091e-02      1.074     6.9377  1003.6291     3.9186    109.110          3 0.0000e+00
    108.000   0.436659     4.4230 7.9131e-02      1.079     6.9447  1003.6345     3.9194    110.129          4 0.0000e+00
    109.000   0.436738     4.4266 7.9034e-02      1.075     6.9529  1003.6395     3.9197    111.149          4 0.0000e+00
    110.000   0.436752     4.4279 7.9186e-02      1.075     6.9472  1003.6443     3.9196    112.169          3 0.0000e+00
    111.000   0.436747     4.4284 7.9144e-02      1.092     6.9362  1003.6490     3.9194    113.189          4 0.0000e+00
    112.000   0.436730     4.4290 7.9309e-02      1.110     6.9248  1003.6537     3.9191    114.208          4 0.0000e+00
    113.000   0.436744     4.4309 7.9238e-02      1.104     6.9291  1003.6584     3.9190    115.228          4 0.0000e+00
    114.000   0.436781     4.4328 7.9112e-02      1.097     6.9606  1003.6633     3.9190    116.248          4 0.0000e+00
    115.000   0.436770     4.4331 7.8902e-02      1.049     7.0623  1003.6680     3.9188    117.267          6 0.0000e+00
    116.000   0.436853     4.4327 7.8851e-02      0.173     7.1224  1003.6735     3.9196    118.287         11 0.0000e+00
    117.000   0.436827     4.4309 7.8804e-02      0.520     7.1180  1003.6783     3.9195    119.307          5 0.0000e+00
    118.000   0.436831     4.4313 7.8763e-02      0.923     7.1078  1003.6832     3.9194    120.326          7 0.0000e+00
    119.000   0.436838     4.4339 7.8640e-02      0.348     7.0945  1003.6877     3.9191    121.346          6 0.0000e+00
    120.000   0.436790     4.4320 7.8489e-02      0.492     7.1004  1003.6924     3.9188    122.366          7 0.0000e+00
    121.000   0.436813     4.4330 7.8430e-02      0.655     7.0959  1003.6973     3.9188    123.386          9 0.0000e+00
    122.000   0.436834     4.4341 7.8429e-02      0.215     7.0968  1003.7021     3.9188    124.405          7 0.0000e+00
    123.000   0.436824     4.4330 7.8081e-02      0.956     7.0977  1003.7070     3.9188    125.425          6 0.0000e+00
