ctdpy/exports/archive_20191121_115250/received_data/a13_v37_18.cnv
* Sea-Bird SBE19plus Data File:
* FileName = C:\CTD\CTD 2018\v37\A13_v37_18.hex
* Software Version 1.59
* Temperature SN =  4644
* Conductivity SN =  4644
* System UpLoad Time = Sep 13 2018 07:36:43
** A13_v37_18
* ds
# nquan = 11
# nvalues = 123                         
# units = specified
# name 0 = prdM: Pressure, Strain Gauge [db]
# name 1 = c0S/m: Conductivity [S/m]
# name 2 = tv290C: Temperature [ITS-90, deg C]
# name 3 = par: PAR/Irradiance, Biospherical/Licor
# name 4 = dz/dtM: Descent Rate [m/s]
# name 5 = sbeox0ML/L: Oxygen, SBE 43 [ml/l]
# name 6 = density00: Density [density, kg/m^3]
# name 7 = sal00: Salinity, Practical [PSU]
# name 8 = depFM: Depth [fresh water, m], lat = 0
# name 9 = nbin: number of scans per bin
# name 10 = flag: flag
# span 0 =      1.000,    123.000       
# span 1 =   0.326272,   0.451056       
# span 2 =     1.4978,    14.2344       
# span 3 = 8.4108e-02, 1.3019e+02       
# span 4 =     -0.166,      1.101       
# span 5 =     6.8341,     8.4167       
# span 6 =  1001.3861,  1003.7523       
# span 7 =     2.7467,     3.9935       
# span 8 =      1.020,    125.425       
# span 9 =          4,         22       
# span 10 = 0.0000e+00, 0.0000e+00      
# interval = decibars: 1                
# start_time = Sep 13 2018 07:10:53 [Instrument's time stamp, header]
# bad_flag = -9.990e-29
*END*
      1.000   0.411095    14.2266 1.3019e+02     -0.166     6.9609  1001.3861     2.8028      1.020          8 0.0000e+00
      2.000   0.411171    14.2331 4.9355e+01      0.384     6.9596  1001.3898     2.8028      2.039          6 0.0000e+00
      3.000   0.411186    14.2342 1.8685e+01      0.817     6.9618  1001.3943     2.8028      3.059          5 0.0000e+00
      4.000   0.411214    14.2344 1.2110e+01      0.832     6.9636  1001.3991     2.8029      4.079          5 0.0000e+00
      5.000   0.411177    14.2285 7.7546e+00      0.806     6.9652  1001.4047     2.8031      5.099          5 0.0000e+00
      6.000   0.411166    14.2259 4.6409e+00      0.912     6.9633  1001.4098     2.8031      6.118          4 0.0000e+00
      7.000   0.411155    14.2249 2.8555e+00      0.934     6.9697  1001.4146     2.8031      7.138          5 0.0000e+00
      8.000   0.411145    14.2244 1.8238e+00      0.857     6.9628  1001.4193     2.8030      8.158          4 0.0000e+00
      9.000   0.411093    14.2240 1.2454e+00      0.813     6.9607  1001.4237     2.8026      9.177          5 0.0000e+00
     10.000   0.411042    14.2231 8.3041e-01      0.848     6.9610  1001.4282     2.8023     10.197          5 0.0000e+00
     11.000   0.411023    14.2226 5.3154e-01      0.903     6.9604  1001.4328     2.8021     11.217          4 0.0000e+00
     12.000   0.411106    14.2234 3.6924e-01      0.880     6.9658  1001.4378     2.8027     12.236          5 0.0000e+00
     13.000   0.411231    14.2247 2.7082e-01      0.852     6.9641  1001.4428     2.8034     13.256          4 0.0000e+00
     14.000   0.411318    14.2254 2.0306e-01      0.882     6.9608  1001.4478     2.8040     14.276          5 0.0000e+00
     15.000   0.411376    14.2254 1.5975e-01      0.931     6.9631  1001.4528     2.8044     15.296          4 0.0000e+00
     16.000   0.411426    14.2247 1.3347e-01      0.936     6.9685  1001.4579     2.8047     16.315          4 0.0000e+00
     17.000   0.411533    14.2222 1.1905e-01      0.903     6.9895  1001.4636     2.8056     17.335          5 0.0000e+00
     18.000   0.411787    14.2161 1.0813e-01      0.949     7.0115  1001.4709     2.8079     18.355          4 0.0000e+00
     19.000   0.412921    14.1930 1.0027e-01      0.971     7.0217  1001.4866     2.8177     19.375          4 0.0000e+00
     20.000   0.413833    14.1459 9.6051e-02      0.955     7.0673  1001.5059     2.8277     20.394          4 0.0000e+00
     21.000   0.412773    14.0089 9.2992e-02      0.946     7.0716  1001.5323     2.8299     21.414          4 0.0000e+00
     22.000   0.410220    13.7607 9.0564e-02      0.998     7.1586  1001.5723     2.8293     22.434          4 0.0000e+00
     23.000   0.402637    13.2021 8.9460e-02      0.990     7.4506  1001.6427     2.8139     23.453          5 0.0000e+00
     24.000   0.382978    11.7967 8.8267e-02      0.901     7.5702  1001.7900     2.7683     24.473          4 0.0000e+00
     25.000   0.367135    10.4236 8.7547e-02      0.918     7.4970  1001.9306     2.7467     25.493          4 0.0000e+00
     26.000   0.360189     9.6113 8.7121e-02      1.035     7.5494  1002.0184     2.7522     26.512          4 0.0000e+00
     27.000   0.356455     9.0520 8.6554e-02      1.073     7.8810  1002.0818     2.7645     27.532          4 0.0000e+00
     28.000   0.353308     8.5188 8.6222e-02      0.954     8.2824  1002.1413     2.7797     28.552          4 0.0000e+00
     29.000   0.347178     7.9124 8.6199e-02      0.905     8.2685  1002.1868     2.7757     29.571          4 0.0000e+00
     30.000   0.341611     7.3353 8.5930e-02      1.016     8.1178  1002.2271     2.7738     30.591          4 0.0000e+00
     31.000   0.336449     6.7615 8.5843e-02      1.073     8.2208  1002.2649     2.7749     31.611          4 0.0000e+00
     32.000   0.332772     6.2559 8.5697e-02      0.973     8.4167  1002.3011     2.7835     32.631          4 0.0000e+00
     33.000   0.330010     5.8697 8.5885e-02      0.905     8.3758  1002.3277     2.7904     33.651          4 0.0000e+00
     34.000   0.328836     5.5530 8.5603e-02      0.975     8.2681  1002.3566     2.8060     34.670          4 0.0000e+00
     35.000   0.328012     5.2044 8.5563e-02      1.010     8.3345  1002.3897     2.8277     35.690          4 0.0000e+00
     36.000   0.326272     4.8422 8.5620e-02      0.999     8.4053  1002.4161     2.8424     36.710          4 0.0000e+00
     37.000   0.328205     4.7437 8.5875e-02      0.973     8.4052  1002.4441     2.8687     37.730          4 0.0000e+00
     38.000   0.331431     4.7205 8.5472e-02      0.984     8.3039  1002.4750     2.9006     38.750          4 0.0000e+00
     39.000   0.333707     4.6190 8.5444e-02      1.025     8.1546  1002.5060     2.9307     39.769          4 0.0000e+00
     40.000   0.334503     4.3625 8.5696e-02      0.994     8.0660  1002.5398     2.9610     40.789          5 0.0000e+00
     41.000   0.333899     4.0751 8.5771e-02      0.953     8.0810  1002.5651     2.9812     41.808          4 0.0000e+00
     42.000   0.335232     3.9512 8.5573e-02      0.968     8.1083  1002.5907     3.0051     42.828          4 0.0000e+00
     43.000   0.338690     3.9265 8.5529e-02      0.972     8.1433  1002.6239     3.0402     43.848          4 0.0000e+00
     44.000   0.342307     3.8801 8.5553e-02      0.944     8.1837  1002.6603     3.0790     44.867          4 0.0000e+00
     45.000   0.345998     3.8403 8.5732e-02      0.955     8.1906  1002.6968     3.1181     45.887          4 0.0000e+00
     46.000   0.349037     3.7416 8.5581e-02      0.979     8.1087  1002.7334     3.1567     46.907          5 0.0000e+00
     47.000   0.349150     3.4629 8.5531e-02      0.938     8.0922  1002.7625     3.1849     47.927          4 0.0000e+00
     48.000   0.346884     3.0498 8.5679e-02      0.921     8.0752  1002.7828     3.2036     48.947          4 0.0000e+00
     49.000   0.346015     2.7857 8.5615e-02      0.922     8.0964  1002.8008     3.2214     49.966          5 0.0000e+00
     50.000   0.347169     2.6539 8.5462e-02      0.880     8.1839  1002.8246     3.2461     50.986          4 0.0000e+00
     51.000   0.348165     2.5242 8.5495e-02      0.844     8.2142  1002.8469     3.2692     52.006          5 0.0000e+00
     52.000   0.349491     2.4488 8.5385e-02      0.936     8.0378  1002.8678     3.2901     53.025          4 0.0000e+00
     53.000   0.352284     2.4914 8.5622e-02      0.979     7.9643  1002.8920     3.3135     54.045          5 0.0000e+00
     54.000   0.355893     2.5872 8.5578e-02      0.832     8.1039  1002.9188     3.3395     55.065          4 0.0000e+00
     55.000   0.358969     2.6770 8.5641e-02      0.775     8.1617  1002.9415     3.3607     56.084          4 0.0000e+00
     56.000   0.361112     2.6959 8.5561e-02      0.992     8.0795  1002.9620     3.3800     57.104          4 0.0000e+00
     57.000   0.362297     2.6060 8.5669e-02      1.101     8.0439  1002.9834     3.4013     58.124          5 0.0000e+00
     58.000   0.362567     2.4803 8.5641e-02      0.838     8.1746  1003.0000     3.4173     59.143          5 0.0000e+00
     59.000   0.360658     2.2208 8.5527e-02      0.724     8.2748  1003.0086     3.4260     60.163          4 0.0000e+00
     60.000   0.359103     1.9739 8.5758e-02      0.969     8.2199  1003.0183     3.4370     61.183          4 0.0000e+00
     61.000   0.359910     1.8852 8.5678e-02      1.091     8.2446  1003.0359     3.4548     62.203          4 0.0000e+00
     62.000   0.361095     1.8240 8.5407e-02      0.925     8.3462  1003.0548     3.4736     63.222          5 0.0000e+00
     63.000   0.361764     1.7572 8.5497e-02      0.863     8.3334  1003.0697     3.4878     64.242          4 0.0000e+00
     64.000   0.362373     1.6598 8.5675e-02      0.982     8.2726  1003.0862     3.5048     65.262          4 0.0000e+00
     65.000   0.363533     1.5376 8.5479e-02      1.031     8.2715  1003.1088     3.5304     66.282          4 0.0000e+00
     66.000   0.365122     1.4978 8.5767e-02      0.931     8.3412  1003.1296     3.5513     67.301          4 0.0000e+00
     67.000   0.367638     1.5702 8.5285e-02      0.898     8.3467  1003.1507     3.5690     68.321          5 0.0000e+00
     68.000   0.370793     1.6936 8.5418e-02      0.955     8.3301  1003.1733     3.5874     69.341          4 0.0000e+00
     69.000   0.373322     1.7789 8.5655e-02      0.986     8.3031  1003.1932     3.6035     70.360          4 0.0000e+00
     70.000   0.374988     1.8067 8.5454e-02      0.971     8.2608  1003.2099     3.6173     71.380          4 0.0000e+00
     71.000   0.376489     1.8055 8.5857e-02      0.941     8.2269  1003.2273     3.6328     72.400          4 0.0000e+00
     72.000   0.377484     1.7563 8.5655e-02      0.948     8.1613  1003.2440     3.6487     73.420          4 0.0000e+00
     73.000   0.380279     1.7726 8.5691e-02      1.006     8.1298  1003.2708     3.6754     74.439          4 0.0000e+00
     74.000   0.383603     1.8750 8.5524e-02      0.988     8.1058  1003.2956     3.6975     75.459          5 0.0000e+00
     75.000   0.388086     2.0501 8.5745e-02      0.889     8.0179  1003.3238     3.7227     76.479          4 0.0000e+00
     76.000   0.391540     2.1898 8.5301e-02      0.869     7.9347  1003.3459     3.7413     77.498          4 0.0000e+00
     77.000   0.393908     2.2996 8.5574e-02      0.974     7.8927  1003.3611     3.7523     78.518          4 0.0000e+00
     78.000   0.396638     2.4446 8.5589e-02      1.019     7.8402  1003.3759     3.7628     79.538          5 0.0000e+00
     79.000   0.400228     2.6213 8.5394e-02      0.894     7.7711  1003.3944     3.7779     80.558          4 0.0000e+00
     80.000   0.403281     2.7751 8.5559e-02      0.865     7.7249  1003.4100     3.7903     81.577          4 0.0000e+00
     81.000   0.405877     2.9156 8.5385e-02      1.024     7.6755  1003.4227     3.7995     82.597          4 0.0000e+00
     82.000   0.407556     3.0180 8.5439e-02      1.033     7.6332  1003.4313     3.8040     83.617          5 0.0000e+00
     83.000   0.409121     3.0967 8.5308e-02      0.848     7.6244  1003.4411     3.8102     84.637          4 0.0000e+00
     84.000   0.411433     3.1775 8.5595e-02      0.835     7.5510  1003.4565     3.8235     85.656          4 0.0000e+00
     85.000   0.413666     3.2661 8.5511e-02      1.019     7.4915  1003.4703     3.8350     86.676          4 0.0000e+00
     86.000   0.415335     3.3528 8.5242e-02      1.085     7.4652  1003.4796     3.8411     87.696          4 0.0000e+00
     87.000   0.417197     3.4595 8.5539e-02      0.900     7.4518  1003.4883     3.8466     88.715          5 0.0000e+00
     88.000   0.419852     3.5842 8.5394e-02      0.817     7.3908  1003.5011     3.8578     89.735          4 0.0000e+00
     89.000   0.422148     3.6886 8.5310e-02      0.963     7.3332  1003.5129     3.8678     90.754          4 0.0000e+00
     90.000   0.423852     3.7937 8.5596e-02      1.057     7.2974  1003.5197     3.8718     91.775          4 0.0000e+00
     91.000   0.427203     3.9911 8.5388e-02      0.986     7.2839  1003.5290     3.8809     92.794          5 0.0000e+00
     92.000   0.431729     4.2079 8.5321e-02      0.892     7.2541  1003.5443     3.8988     93.814          4 0.0000e+00
     93.000   0.435472     4.3834 8.5414e-02      0.892     7.2140  1003.5576     3.9138     94.834          4 0.0000e+00
     94.000   0.438694     4.5320 8.5602e-02      0.955     7.1986  1003.5695     3.9270     95.853          4 0.0000e+00
     95.000   0.441395     4.6594 8.5390e-02      0.969     7.1711  1003.5794     3.9375     96.873          5 0.0000e+00
     96.000   0.443250     4.7462 8.5450e-02      0.923     7.1318  1003.5877     3.9447     97.893          4 0.0000e+00
     97.000   0.444760     4.8067 8.5357e-02      0.892     7.0858  1003.5965     3.9518     98.912          4 0.0000e+00
     98.000   0.445759     4.8453 8.5250e-02      0.957     7.0351  1003.6040     3.9566     99.932          5 0.0000e+00
     99.000   0.446279     4.8676 8.5502e-02      0.983     7.0135  1003.6100     3.9587    100.952          4 0.0000e+00
    100.000   0.446339     4.8673 8.5545e-02      0.853     7.0296  1003.6153     3.9593    101.972          5 0.0000e+00
    101.000   0.446365     4.8584 8.5353e-02      0.819     6.9978  1003.6214     3.9605    102.991          4 0.0000e+00
    102.000   0.446348     4.8521 8.5253e-02      0.953     6.9534  1003.6269     3.9610    104.011          4 0.0000e+00
    103.000   0.446380     4.8538 8.5235e-02      1.003     6.9623  1003.6317     3.9610    105.031          5 0.0000e+00
    104.000   0.446766     4.8674 8.5188e-02      0.877     7.0217  1003.6378     3.9630    106.050          4 0.0000e+00
    105.000   0.447662     4.8961 8.5318e-02      0.798     7.0089  1003.6457     3.9680    107.070          5 0.0000e+00
    106.000   0.448543     4.9155 8.5300e-02      0.916     6.9257  1003.6547     3.9739    108.090          4 0.0000e+00
    107.000   0.448606     4.9006 8.5246e-02      1.048     6.8613  1003.6619     3.9762    109.110          4 0.0000e+00
    108.000   0.448317     4.8833 8.5195e-02      0.934     6.9111  1003.6667     3.9755    110.129          5 0.0000e+00
    109.000   0.448678     4.8873 8.5218e-02      0.752     6.9459  1003.6737     3.9784    111.149          5 0.0000e+00
    110.000   0.448724     4.8703 8.5268e-02      0.854     6.8847  1003.6810     3.9808    112.169          4 0.0000e+00
    111.000   0.448599     4.8579 8.5181e-02      1.041     6.8482  1003.6864     3.9810    113.188          4 0.0000e+00
    112.000   0.448729     4.8631 8.5214e-02      0.952     6.9041  1003.6916     3.9815    114.208          5 0.0000e+00
    113.000   0.449070     4.8776 8.5160e-02      0.808     6.9082  1003.6972     3.9829    115.228          5 0.0000e+00
    114.000   0.449492     4.8923 8.5103e-02      0.927     6.8341  1003.7033     3.9851    116.248          5 0.0000e+00
    115.000   0.449860     4.9008 8.5045e-02      0.354     7.0318  1003.7098     3.9875    117.267         15 0.0000e+00
    116.000   0.450184     4.9052 8.5031e-02      0.289     7.0704  1003.7165     3.9900    118.287         15 0.0000e+00
    117.000   0.450242     4.9091 8.4917e-02      0.163     7.0598  1003.7212     3.9900    119.307         22 0.0000e+00
    118.000   0.450325     4.9136 8.4852e-02      0.198     7.0502  1003.7261     3.9901    120.326         16 0.0000e+00
    119.000   0.450550     4.9195 8.4752e-02      0.295     7.0456  1003.7319     3.9915    121.346         17 0.0000e+00
    120.000   0.450546     4.9213 8.4546e-02      0.133     7.0452  1003.7364     3.9912    122.366         15 0.0000e+00
    121.000   0.450640     4.9233 8.4144e-02      0.257     7.0315  1003.7417     3.9917    123.386         16 0.0000e+00
    122.000   0.450855     4.9313 8.4108e-02      0.269     7.0287  1003.7471     3.9927    124.405         17 0.0000e+00
    123.000   0.451056     4.9402 8.4156e-02      0.134     7.0184  1003.7523     3.9935    125.425         18 0.0000e+00
