ctdpy/exports/archive_20191121_115250/received_data/a13_v03_18.cnv
* Sea-Bird SBE19plus Data File:
* FileName = C:\CTD\CTD 2018\v01_k03\A13_k01_19.hex
* Software Version 1.59
* Temperature SN =  4644
* Conductivity SN =  4644
* System UpLoad Time = Jan 16 2018 21:49:33
** A13 k01 v03 2018
**
# nquan = 11
# nvalues = 123                         
# units = specified
# name 0 = prdM: Pressure, Strain Gauge [db]
# name 1 = c0S/m: Conductivity [S/m]
# name 2 = tv290C: Temperature [ITS-90, deg C]
# name 3 = par: PAR/Irradiance, Biospherical/Licor
# name 4 = dz/dtM: Descent Rate [m/s]
# name 5 = sbeox0ML/L: Oxygen, SBE 43 [ml/l]
# name 6 = density00: Density [density, kg/m^3]
# name 7 = sal00: Salinity, Practical [PSU]
# name 8 = depFM: Depth [fresh water, m], lat = 0
# name 9 = nbin: number of scans per bin
# name 10 = flag: flag
# span 0 =      1.000,    123.000       
# span 1 =   0.300433,   0.388245       
# span 2 =     1.1158,     4.1024       
# span 3 = 4.3598e-02, 8.0300e-01       
# span 4 =      0.065,      1.314       
# span 5 =     6.5685,     8.8706       
# span 6 =  1002.2906,  1003.3732       
# span 7 =     2.9254,     3.4919       
# span 8 =      1.020,    125.425       
# span 9 =          2,         16       
# span 10 = 0.0000e+00, 0.0000e+00      
# interval = decibars: 1                
# start_time = Jan 16 2018 21:17:00 [Instrument's time stamp, header]
# bad_flag = -9.990e-29
*END*
      1.000   0.301113     1.1929 8.0300e-01      0.341     8.6388  1002.2906     2.9262      1.020          7 0.0000e+00
      2.000   0.300689     1.1405 5.6632e-01      0.252     8.6184  1002.2941     2.9267      2.039         12 0.0000e+00
      3.000   0.300720     1.1412 3.9663e-01      0.299     8.3602  1002.2993     2.9268      3.059         11 0.0000e+00
      4.000   0.300706     1.1407 2.0132e-01      0.206     8.3849  1002.3042     2.9267      4.079          8 0.0000e+00
      5.000   0.300669     1.1383 1.1205e-01      0.531     8.5270  1002.3090     2.9265      5.099          9 0.0000e+00
      6.000   0.300686     1.1378 7.2426e-02      0.374     8.2687  1002.3141     2.9266      6.118         13 0.0000e+00
      7.000   0.300631     1.1345 5.7682e-02      0.191     8.5730  1002.3187     2.9263      7.138         10 0.0000e+00
      8.000   0.300612     1.1305 4.9626e-02      0.520     8.4484  1002.3237     2.9265      8.158         11 0.0000e+00
      9.000   0.300570     1.1259 4.4395e-02      0.221     8.3887  1002.3285     2.9264      9.177         11 0.0000e+00
     10.000   0.300459     1.1167 4.3598e-02      0.466     8.3702  1002.3329     2.9261     10.197         10 0.0000e+00
     11.000   0.300495     1.1158 4.3617e-02      0.275     8.2004  1002.3382     2.9264     11.217         14 0.0000e+00
     12.000   0.300444     1.1180 4.3617e-02      0.387     8.5783  1002.3427     2.9257     12.237         10 0.0000e+00
     13.000   0.300433     1.1186 4.3617e-02      0.451     8.4974  1002.3475     2.9254     13.256         10 0.0000e+00
     14.000   0.300527     1.1234 4.3617e-02      0.273     8.5561  1002.3531     2.9259     14.276         11 0.0000e+00
     15.000   0.300746     1.1314 4.3617e-02      0.524     8.5556  1002.3596     2.9273     15.296          9 0.0000e+00
     16.000   0.300820     1.1445 4.3617e-02      0.352     8.3344  1002.3646     2.9268     16.316         10 0.0000e+00
     17.000   0.301146     1.1581 4.3617e-02      0.193     8.5251  1002.3718     2.9288     17.335         13 0.0000e+00
     18.000   0.301939     1.1889 4.3617e-02      0.516     8.6542  1002.3821     2.9340     18.355          9 0.0000e+00
     19.000   0.301893     1.1840 4.3617e-02      0.238     8.6626  1002.3868     2.9340     19.375          8 0.0000e+00
     20.000   0.301308     1.1548 4.3617e-02      0.175     8.7936  1002.3881     2.9306     20.394          8 0.0000e+00
     21.000   0.301085     1.1500 4.3617e-02      0.578     8.8229  1002.3914     2.9287     21.414          7 0.0000e+00
     22.000   0.301233     1.1529 4.3617e-02      0.492     8.5490  1002.3975     2.9299     22.434         11 0.0000e+00
     23.000   0.301074     1.1486 4.3617e-02      0.285     8.6711  1002.4013     2.9286     23.454         10 0.0000e+00
     24.000   0.301116     1.1463 4.3617e-02      0.332     8.3376  1002.4067     2.9292     24.473         15 0.0000e+00
     25.000   0.300964     1.1394 4.3617e-02      0.295     8.5973  1002.4107     2.9282     25.493         11 0.0000e+00
     26.000   0.300983     1.1411 4.3617e-02      0.321     8.5262  1002.4158     2.9282     26.513         13 0.0000e+00
     27.000   0.301588     1.1736 4.3617e-02      0.065     8.7127  1002.4244     2.9313     27.532          7 0.0000e+00
     28.000   0.302736     1.2193 4.3617e-02      0.745     8.7563  1002.4371     2.9388     28.552          5 0.0000e+00
     29.000   0.302733     1.2230 4.3617e-02      0.570     8.5515  1002.4419     2.9383     29.572         12 0.0000e+00
     30.000   0.304548     1.3106 4.3617e-02      0.100     8.8706  1002.4581     2.9486     30.592          6 0.0000e+00
     31.000   0.307683     1.4392 4.3617e-02      0.817     8.8016  1002.4832     2.9685     31.611          5 0.0000e+00
     32.000   0.309189     1.5049 4.3617e-02      1.212     8.6167  1002.4975     2.9776     32.631          4 0.0000e+00
     33.000   0.308791     1.4975 4.3617e-02      0.645     8.5191  1002.4995     2.9742     33.651         11 0.0000e+00
     34.000   0.309403     1.5203 4.3617e-02      0.179     8.7912  1002.5084     2.9782     34.670          7 0.0000e+00
     35.000   0.309934     1.5470 4.3617e-02      0.770     8.7918  1002.5165     2.9811     35.690          4 0.0000e+00
     36.000   0.310067     1.5555 4.3617e-02      1.125     8.6656  1002.5221     2.9815     36.710          4 0.0000e+00
     37.000   0.309784     1.5478 4.3617e-02      0.835     8.5122  1002.5251     2.9793     37.730          9 0.0000e+00
     38.000   0.309744     1.5459 4.3617e-02      0.084     8.7414  1002.5298     2.9790     38.749          8 0.0000e+00
     39.000   0.310020     1.5610 4.3617e-02      0.713     8.7416  1002.5363     2.9804     39.769          5 0.0000e+00
     40.000   0.310062     1.5655 4.3617e-02      0.993     8.5727  1002.5414     2.9803     40.789          5 0.0000e+00
     41.000   0.310045     1.5706 4.3617e-02      0.657     8.5254  1002.5459     2.9796     41.808          7 0.0000e+00
     42.000   0.310181     1.5745 4.3617e-02      0.457     8.7142  1002.5518     2.9805     42.828          7 0.0000e+00
     43.000   0.310261     1.5778 4.3617e-02      0.650     8.7677  1002.5572     2.9810     43.848          6 0.0000e+00
     44.000   0.310382     1.5833 4.3617e-02      0.731     8.7860  1002.5629     2.9816     44.867          5 0.0000e+00
     45.000   0.310472     1.5869 4.3617e-02      0.811     8.7346  1002.5684     2.9822     45.887          5 0.0000e+00
     46.000   0.310480     1.5887 4.3617e-02      0.890     8.5832  1002.5733     2.9820     46.907          5 0.0000e+00
     47.000   0.310416     1.5902 4.3617e-02      0.713     8.4319  1002.5777     2.9811     47.927          7 0.0000e+00
     48.000   0.310495     1.5934 4.3617e-02      0.433     8.6183  1002.5831     2.9815     48.946          6 0.0000e+00
     49.000   0.310663     1.5977 4.3617e-02      0.709     8.6856  1002.5892     2.9828     49.966          5 0.0000e+00
     50.000   0.310688     1.5988 4.3617e-02      1.023     8.5547  1002.5943     2.9829     50.986          4 0.0000e+00
     51.000   0.310628     1.5978 4.3617e-02      0.801     8.4007  1002.5988     2.9823     52.005          7 0.0000e+00
     52.000   0.310610     1.5975 4.3617e-02      0.360     8.6443  1002.6036     2.9821     53.025          7 0.0000e+00
     53.000   0.310694     1.5998 4.3617e-02      0.585     8.7659  1002.6092     2.9827     54.045          5 0.0000e+00
     54.000   0.310729     1.6014 4.3617e-02      0.968     8.6241  1002.6143     2.9828     55.064          5 0.0000e+00
     55.000   0.310719     1.6019 4.3617e-02      0.802     8.5129  1002.6192     2.9826     56.085          7 0.0000e+00
     56.000   0.310771     1.6042 4.3617e-02      0.483     8.6474  1002.6244     2.9829     57.104          6 0.0000e+00
     57.000   0.310903     1.6097 4.3617e-02      0.702     8.6669  1002.6302     2.9836     58.124          6 0.0000e+00
     58.000   0.310985     1.6138 4.3617e-02      0.724     8.6864  1002.6356     2.9840     59.143          6 0.0000e+00
     59.000   0.311076     1.6172 4.3617e-02      0.605     8.7544  1002.6411     2.9846     60.163          6 0.0000e+00
     60.000   0.311272     1.6254 4.3617e-02      0.730     8.6829  1002.6472     2.9857     61.183          5 0.0000e+00
     61.000   0.311537     1.6363 4.3617e-02      0.841     8.4532  1002.6538     2.9873     62.203          6 0.0000e+00
     62.000   0.312030     1.6625 4.3617e-02      0.377     8.4431  1002.6615     2.9898     63.223          8 0.0000e+00
     63.000   0.314967     1.7633 4.3617e-02      0.502     8.6239  1002.6851     3.0099     64.242          4 0.0000e+00
     64.000   0.318951     1.9077 4.3617e-02      1.011     8.5368  1002.7146     3.0363     65.262          5 0.0000e+00
     65.000   0.323355     2.0763 4.3617e-02      1.157     8.2284  1002.7454     3.0644     66.281          5 0.0000e+00
     66.000   0.324472     2.1362 4.3617e-02      0.435     8.2490  1002.7557     3.0697     67.301         10 0.0000e+00
     67.000   0.344229     2.7429 4.3617e-02      0.231     8.0291  1002.8780     3.2068     68.321          4 0.0000e+00
     68.000   0.354350     3.0493 4.3617e-02      1.002     7.7480  1002.9395     3.2757     69.341          4 0.0000e+00
     69.000   0.354340     3.0676 4.3617e-02      1.314     7.5232  1002.9428     3.2737     70.360          5 0.0000e+00
     70.000   0.352593     3.0040 4.3617e-02      0.742     7.4243  1002.9389     3.2629     71.380          9 0.0000e+00
     71.000   0.352345     3.0089 4.3617e-02      0.115     7.6752  1002.9415     3.2599     72.400          8 0.0000e+00
     72.000   0.355111     3.1365 4.3617e-02      0.659     7.7104  1002.9579     3.2740     73.419          4 0.0000e+00
     73.000   0.358197     3.2491 4.3617e-02      1.055     7.5930  1002.9777     3.2927     74.439          4 0.0000e+00
     74.000   0.359411     3.2970 4.3617e-02      1.166     7.3937  1002.9881     3.2996     75.459          6 0.0000e+00
     75.000   0.357868     3.2391 4.3617e-02      0.303     7.3484  1002.9857     3.2904     76.479         12 0.0000e+00
     76.000   0.360435     3.3516 4.3617e-02      0.372     7.6027  1003.0011     3.3039     77.498          5 0.0000e+00
     77.000   0.367437     3.5762 4.3617e-02      0.917     7.4428  1003.0407     3.3489     78.518          5 0.0000e+00
     78.000   0.370168     3.6661 4.3617e-02      1.081     7.2367  1003.0586     3.3660     79.538          5 0.0000e+00
     79.000   0.369215     3.6386 4.3617e-02      0.454     7.1587  1003.0586     3.3595     80.558         11 0.0000e+00
     80.000   0.372223     3.7114 4.3617e-02      0.294     7.3544  1003.0801     3.3810     81.577          7 0.0000e+00
     81.000   0.373633     3.7600 4.3617e-02      0.720     7.2466  1003.0913     3.3895     82.597          5 0.0000e+00
     82.000   0.373413     3.7605 4.3617e-02      0.925     7.0106  1003.0944     3.3873     83.617          6 0.0000e+00
     83.000   0.371662     3.7102 4.3617e-02      0.402     6.8962  1003.0904     3.3755     84.637         12 0.0000e+00
     84.000   0.373147     3.7451 4.3617e-02      0.279     7.2470  1003.1035     3.3862     85.656          7 0.0000e+00
     85.000   0.373971     3.7787 4.3617e-02      0.832     7.1646  1003.1116     3.3906     86.676          5 0.0000e+00
     86.000   0.373231     3.7484 4.3617e-02      0.582     6.9986  1003.1136     3.3865     87.696         12 0.0000e+00
     87.000   0.373652     3.7691 4.3617e-02      0.251     6.9839  1003.1198     3.3884     88.715         11 0.0000e+00
     88.000   0.375262     3.8079 4.3617e-02      0.464     7.0330  1003.1334     3.3998     89.735          9 0.0000e+00
     89.000   0.376802     3.8359 4.3617e-02      0.368     6.9796  1003.1474     3.4117     90.755         10 0.0000e+00
     90.000   0.376309     3.8137 4.3617e-02      0.321     6.8346  1003.1506     3.4092     91.774         14 0.0000e+00
     91.000   0.378828     3.8665 4.3617e-02      0.346     7.1075  1003.1697     3.4278     92.794          7 0.0000e+00
     92.000   0.380410     3.9074 4.3617e-02      0.892     6.8979  1003.1828     3.4387     93.814          6 0.0000e+00
     93.000   0.379814     3.8900 4.3617e-02      0.233     7.0121  1003.1848     3.4347     94.834          9 0.0000e+00
     94.000   0.379289     3.8797 4.3617e-02      0.422     6.7975  1003.1866     3.4307     95.853         12 0.0000e+00
     95.000   0.379981     3.8944 4.3617e-02      0.290     6.7346  1003.1953     3.4358     96.873          8 0.0000e+00
     96.000   0.381367     3.9329 4.3617e-02      0.229     6.8137  1003.2071     3.4450     97.893         16 0.0000e+00
     97.000   0.380544     3.8998 4.3617e-02      0.089     6.7988  1003.2089     3.4405     98.913          2 0.0000e+00
     98.000   0.379936     3.8875 4.3617e-02      0.251     6.8247  1003.2103     3.4358     99.932         15 0.0000e+00
     99.000   0.380215     3.9074 4.3617e-02      0.476     6.8431  1003.2153     3.4364    100.952          9 0.0000e+00
    100.000   0.380168     3.9051 4.3617e-02      0.327     6.9304  1003.2201     3.4361    101.972          9 0.0000e+00
    101.000   0.380609     3.9174 4.3617e-02      0.519     7.1239  1003.2271     3.4390    102.991          5 0.0000e+00
    102.000   0.381180     3.9317 4.3617e-02      0.945     6.9567  1003.2349     3.4429    104.011          6 0.0000e+00
    103.000   0.381632     3.9402 4.3617e-02      0.380     6.9366  1003.2424     3.4463    105.031          8 0.0000e+00
    104.000   0.382926     3.9681 4.3617e-02      0.628     6.9251  1003.2544     3.4557    106.051          8 0.0000e+00
    105.000   0.383415     3.9786 4.3617e-02      0.570     6.8050  1003.2620     3.4592    107.070          8 0.0000e+00
    106.000   0.384409     3.9985 4.3617e-02      0.123     7.1263  1003.2725     3.4666    108.090          6 0.0000e+00
    107.000   0.385321     4.0239 4.3617e-02      1.024     6.9456  1003.2817     3.4726    109.110          4 0.0000e+00
    108.000   0.385790     4.0363 4.3617e-02      1.076     6.7305  1003.2889     3.4757    110.129          6 0.0000e+00
    109.000   0.385816     4.0423 4.3617e-02      0.608     6.6759  1003.2934     3.4753    111.149          7 0.0000e+00
    110.000   0.387021     4.0690 4.3617e-02      0.440     6.9882  1003.3048     3.4839    112.169          6 0.0000e+00
    111.000   0.387969     4.0908 4.3617e-02      0.724     7.0397  1003.3146     3.4906    113.189          4 0.0000e+00
    112.000   0.388174     4.0974 4.3617e-02      1.021     6.8983  1003.3204     3.4919    114.208          4 0.0000e+00
    113.000   0.388126     4.0968 4.3617e-02      1.143     6.7355  1003.3249     3.4914    115.228          5 0.0000e+00
    114.000   0.387921     4.0878 4.3617e-02      0.585     6.8454  1003.3291     3.4903    116.248          7 0.0000e+00
    115.000   0.388140     4.0956 4.3617e-02      0.442     7.0352  1003.3349     3.4915    117.267          5 0.0000e+00
    116.000   0.388245     4.1009 4.3617e-02      1.002     6.8961  1003.3400     3.4919    118.287          5 0.0000e+00
    117.000   0.388115     4.0972 4.3617e-02      0.417     6.7098  1003.3442     3.4909    119.307         11 0.0000e+00
    118.000   0.388023     4.0942 4.3617e-02      0.189     6.7858  1003.3487     3.4903    120.326          9 0.0000e+00
    119.000   0.388138     4.0995 4.3617e-02      0.501     6.8611  1003.3539     3.4908    121.346          6 0.0000e+00
    120.000   0.388120     4.0999 4.3617e-02      0.672     6.7223  1003.3585     3.4905    122.366          8 0.0000e+00
    121.000   0.388141     4.1007 4.3617e-02      0.475     6.5685  1003.3634     3.4906    123.386          7 0.0000e+00
    122.000   0.388152     4.1024 4.3617e-02      0.512     6.5990  1003.3682     3.4904    124.405          9 0.0000e+00
    123.000   0.388161     4.1019 4.3617e-02      0.486     6.7045  1003.3732     3.4905    125.425          7 0.0000e+00
