ctdpy/exports/archive_20191121_115250/received_data/a13_v28_18.cnv
* Sea-Bird SBE19plus Data File:
* FileName = C:\CTD\CTD 2018\v28\A13_v28_18.hex
* Software Version 1.59
* Temperature SN =  4644
* Conductivity SN =  4644
* System UpLoad Time = Jul 12 2018 08:47:10
** A13_v28_18
* ds
# nquan = 11
# nvalues = 124                         
# units = specified
# name 0 = prdM: Pressure, Strain Gauge [db]
# name 1 = c0S/m: Conductivity [S/m]
# name 2 = tv290C: Temperature [ITS-90, deg C]
# name 3 = par: PAR/Irradiance, Biospherical/Licor
# name 4 = dz/dtM: Descent Rate [m/s]
# name 5 = sbeox0ML/L: Oxygen, SBE 43 [ml/l]
# name 6 = density00: Density [density, kg/m^3]
# name 7 = sal00: Salinity, Practical [PSU]
# name 8 = depFM: Depth [fresh water, m], lat = 0
# name 9 = nbin: number of scans per bin
# name 10 = flag: flag
# span 0 =      1.000,    124.000       
# span 1 =   0.312748,   0.429079       
# span 2 =     0.6598,    16.7086       
# span 3 = 1.0503e-01, 8.3911e+02       
# span 4 =      0.016,      1.195       
# span 5 =     7.9640,     9.3448       
# span 6 =  1000.9480,  1003.6027       
# span 7 =     2.6268,     3.8090       
# span 8 =      1.020,    126.445       
# span 9 =          3,         16       
# span 10 = 0.0000e+00, 0.0000e+00      
# interval = decibars: 1                
# start_time = Jul 12 2018 08:24:44 [Instrument's time stamp, header]
# bad_flag = -9.990e-29
*END*
      1.000   0.429079    16.7086 8.3911e+02      0.016     8.1375  1000.9480     2.7564      1.020          8 0.0000e+00
      2.000   0.411531    15.2905 5.0810e+02      0.511     8.3272  1001.1702     2.7310      2.039          5 0.0000e+00
      3.000   0.389715    13.7202 2.6910e+02      1.043     8.4816  1001.3743     2.6824      3.059          4 0.0000e+00
      4.000   0.374589    12.4784 1.3816e+02      1.131     8.4463  1001.5271     2.6566      4.079          3 0.0000e+00
      5.000   0.360367    11.2611 8.4583e+01      1.148     8.3632  1001.6586     2.6334      5.099          4 0.0000e+00
      6.000   0.351254    10.3496 4.7746e+01      1.162     8.3824  1001.7551     2.6268      6.118          3 0.0000e+00
      7.000   0.345961     9.7064 3.1849e+01      1.173     8.4382  1001.8244     2.6308      7.138          4 0.0000e+00
      8.000   0.342861     9.2872 2.1139e+01      1.170     8.4004  1001.8708     2.6361      8.158          3 0.0000e+00
      9.000   0.342284     9.0871 1.2144e+01      1.170     8.4349  1001.9004     2.6461      9.177          3 0.0000e+00
     10.000   0.342569     8.9533 8.2466e+00      1.183     8.5387  1001.9257     2.6583     10.197          4 0.0000e+00
     11.000   0.342826     8.7868 5.5805e+00      1.179     8.5151  1001.9553     2.6728     11.217          3 0.0000e+00
     12.000   0.343094     8.6620 3.6105e+00      1.180     8.4455  1001.9789     2.6843     12.236          4 0.0000e+00
     13.000   0.341989     8.4417 2.3829e+00      1.195     8.4895  1002.0063     2.6918     13.256          3 0.0000e+00
     14.000   0.338672     8.0729 1.5698e+00      1.189     8.5830  1002.0379     2.6920     14.276          3 0.0000e+00
     15.000   0.335708     7.7134 1.1495e+00      1.160     8.6534  1002.0688     2.6943     15.296          4 0.0000e+00
     16.000   0.334265     7.4573 8.2235e-01      1.145     8.6943  1002.0956     2.7017     16.315          3 0.0000e+00
     17.000   0.333419     7.2047 5.6804e-01      1.136     8.7323  1002.1251     2.7141     17.335          4 0.0000e+00
     18.000   0.332624     6.9418 4.1023e-01      1.147     8.7653  1002.1555     2.7278     18.355          3 0.0000e+00
     19.000   0.331903     6.7045 3.1344e-01      1.150     8.7715  1002.1826     2.7403     19.374          4 0.0000e+00
     20.000   0.331664     6.5308 2.4451e-01      1.146     8.8263  1002.2053     2.7520     20.394          3 0.0000e+00
     21.000   0.331472     6.4048 1.9877e-01      1.150     8.8808  1002.2228     2.7604     21.414          4 0.0000e+00
     22.000   0.331120     6.2911 1.6828e-01      1.158     8.8632  1002.2376     2.7665     22.434          3 0.0000e+00
     23.000   0.331104     6.1901 1.5080e-01      1.162     8.8622  1002.2532     2.7744     23.454          4 0.0000e+00
     24.000   0.330627     6.0763 1.3899e-01      1.152     8.9169  1002.2669     2.7794     24.473          3 0.0000e+00
     25.000   0.329612     5.9302 1.3030e-01      1.148     8.9290  1002.2799     2.7823     25.493          4 0.0000e+00
     26.000   0.328558     5.7817 1.2422e-01      1.141     8.9672  1002.2927     2.7850     26.513          3 0.0000e+00
     27.000   0.327805     5.6337 1.2030e-01      1.137     9.0417  1002.3072     2.7903     27.532          4 0.0000e+00
     28.000   0.326221     5.3985 1.1761e-01      1.137     9.0535  1002.3240     2.7954     28.552          3 0.0000e+00
     29.000   0.324313     5.1476 1.1521e-01      1.145     9.1040  1002.3392     2.7989     29.572          4 0.0000e+00
     30.000   0.322063     4.8716 1.1365e-01      1.150     9.1856  1002.3532     2.8013     30.592          3 0.0000e+00
     31.000   0.319233     4.5710 1.1266e-01      1.151     9.1818  1002.3639     2.8004     31.611          4 0.0000e+00
     32.000   0.317716     4.3599 1.1146e-01      1.167     9.2136  1002.3756     2.8041     32.631          3 0.0000e+00
     33.000   0.316718     4.1600 1.1134e-01      1.188     9.2479  1002.3895     2.8117     33.651          3 0.0000e+00
     34.000   0.314502     3.9105 1.1106e-01      1.181     9.2505  1002.3976     2.8121     34.670          4 0.0000e+00
     35.000   0.313551     3.7350 1.0986e-01      1.149     9.2583  1002.4088     2.8181     35.690          3 0.0000e+00
     36.000   0.313017     3.5967 1.1027e-01      1.129     9.2749  1002.4200     2.8250     36.710          4 0.0000e+00
     37.000   0.312756     3.4955 1.1022e-01      1.113     9.2873  1002.4303     2.8312     37.729          4 0.0000e+00
     38.000   0.312748     3.4193 1.0968e-01      1.112     9.2936  1002.4407     2.8377     38.749          3 0.0000e+00
     39.000   0.312857     3.3589 1.1005e-01      1.126     9.3086  1002.4507     2.8440     39.769          4 0.0000e+00
     40.000   0.312941     3.3032 1.0966e-01      1.140     9.3383  1002.4602     2.8497     40.789          3 0.0000e+00
     41.000   0.312954     3.2414 1.0935e-01      1.143     9.3448  1002.4696     2.8552     41.808          4 0.0000e+00
     42.000   0.313011     3.1978 1.0910e-01      1.129     9.3116  1002.4780     2.8596     42.828          3 0.0000e+00
     43.000   0.313171     3.1507 1.0903e-01      1.127     9.2949  1002.4874     2.8652     43.848          4 0.0000e+00
     44.000   0.313444     3.1055 1.0923e-01      1.120     9.3032  1002.4975     2.8719     44.868          4 0.0000e+00
     45.000   0.313810     3.0682 1.0928e-01      1.093     9.3006  1002.5078     2.8787     45.887          3 0.0000e+00
     46.000   0.314049     3.0272 1.0965e-01      1.088     9.2944  1002.5174     2.8847     46.907          4 0.0000e+00
     47.000   0.313994     2.9586 1.0925e-01      1.097     9.2892  1002.5265     2.8902     47.927          3 0.0000e+00
     48.000   0.313914     2.8736 1.0928e-01      1.101     9.2788  1002.5364     2.8970     48.946          4 0.0000e+00
     49.000   0.314255     2.7944 1.0896e-01      1.107     9.2564  1002.5492     2.9075     49.966          4 0.0000e+00
     50.000   0.315120     2.7118 1.0930e-01      1.099     9.1956  1002.5663     2.9235     50.986          3 0.0000e+00
     51.000   0.316108     2.6217 1.0904e-01      1.090     9.0760  1002.5849     2.9414     52.006          4 0.0000e+00
     52.000   0.316903     2.5357 1.0900e-01      1.090     9.0002  1002.6015     2.9572     53.025          4 0.0000e+00
     53.000   0.317821     2.4546 1.0892e-01      1.071     8.9615  1002.6188     2.9738     54.045          4 0.0000e+00
     54.000   0.318836     2.3721 1.0862e-01      1.037     8.9185  1002.6370     2.9915     55.065          4 0.0000e+00
     55.000   0.319961     2.3181 1.0866e-01      1.016     8.8901  1002.6542     3.0078     56.084          4 0.0000e+00
     56.000   0.321157     2.2865 1.0890e-01      1.009     8.8707  1002.6707     3.0227     57.104          3 0.0000e+00
     57.000   0.322371     2.2692 1.0884e-01      1.014     8.8478  1002.6864     3.0364     58.124          4 0.0000e+00
     58.000   0.323828     2.2382 1.0866e-01      1.051     8.7723  1002.7050     3.0539     59.144          4 0.0000e+00
     59.000   0.326645     2.1673 1.0868e-01      1.066     8.6643  1002.7370     3.0890     60.163          4 0.0000e+00
     60.000   0.330470     2.0992 1.0906e-01      1.069     8.5614  1002.7771     3.1341     61.183          3 0.0000e+00
     61.000   0.333596     2.0646 1.0850e-01      1.071     8.5022  1002.8094     3.1690     62.203          4 0.0000e+00
     62.000   0.336060     2.0314 1.0836e-01      1.075     8.4699  1002.8365     3.1971     63.222          4 0.0000e+00
     63.000   0.338842     2.0054 1.0861e-01      1.062     8.4438  1002.8657     3.2279     64.242          4 0.0000e+00
     64.000   0.341960     1.9843 1.0848e-01      1.047     8.4285  1002.8973     3.2615     65.262          4 0.0000e+00
     65.000   0.344859     1.9407 1.0802e-01      1.053     8.4293  1002.9287     3.2954     66.282          3 0.0000e+00
     66.000   0.347194     1.8709 1.0820e-01      1.073     8.4522  1002.9572     3.3264     67.301          4 0.0000e+00
     67.000   0.348704     1.7872 1.0809e-01      1.077     8.4462  1002.9800     3.3506     68.321          4 0.0000e+00
     68.000   0.350176     1.7242 1.0777e-01      1.095     8.4521  1003.0010     3.3724     69.341          3 0.0000e+00
     69.000   0.351513     1.6718 1.0820e-01      1.103     8.4669  1003.0203     3.3916     70.361          4 0.0000e+00
     70.000   0.352704     1.6135 1.0875e-01      1.101     8.4946  1003.0388     3.4101     71.380          4 0.0000e+00
     71.000   0.353751     1.5567 1.0808e-01      1.088     8.5343  1003.0560     3.4270     72.400          3 0.0000e+00
     72.000   0.354653     1.4946 1.0766e-01      1.078     8.5692  1003.0723     3.4431     73.420          4 0.0000e+00
     73.000   0.355783     1.4441 1.0822e-01      1.090     8.6396  1003.0898     3.4602     74.439          4 0.0000e+00
     74.000   0.356871     1.3601 1.0758e-01      1.111     8.6718  1003.1090     3.4808     75.459          3 0.0000e+00
     75.000   0.357952     1.2513 1.0723e-01      1.127     8.6727  1003.1297     3.5041     76.479          4 0.0000e+00
     76.000   0.358948     1.1590 1.0761e-01      1.142     8.7095  1003.1485     3.5249     77.498          3 0.0000e+00
     77.000   0.359581     1.0773 1.0793e-01      1.133     8.7636  1003.1637     3.5407     78.518          4 0.0000e+00
     78.000   0.360038     1.0042 1.0771e-01      1.114     8.7874  1003.1768     3.5538     79.538          3 0.0000e+00
     79.000   0.360569     0.9507 1.0754e-01      1.105     8.8034  1003.1894     3.5655     80.557          4 0.0000e+00
     80.000   0.361077     0.9064 1.0748e-01      1.109     8.8475  1003.2013     3.5759     81.577          4 0.0000e+00
     81.000   0.361733     0.8823 1.0772e-01      1.128     8.8743  1003.2132     3.5855     82.597          3 0.0000e+00
     82.000   0.362496     0.8787 1.0757e-01      1.120     8.8617  1003.2249     3.5939     83.617          4 0.0000e+00
     83.000   0.363267     0.8750 1.0755e-01      1.110     8.8364  1003.2366     3.6024     84.636          3 0.0000e+00
     84.000   0.364098     0.8618 1.0760e-01      1.118     8.8363  1003.2494     3.6126     85.656          4 0.0000e+00
     85.000   0.364996     0.8355 1.0734e-01      1.115     8.8147  1003.2635     3.6251     86.676          4 0.0000e+00
     86.000   0.365940     0.7979 1.0732e-01      1.107     8.8134  1003.2788     3.6394     87.696          3 0.0000e+00
     87.000   0.366432     0.7306 1.0765e-01      1.099     8.8512  1003.2918     3.6525     88.715          4 0.0000e+00
     88.000   0.366930     0.6832 1.0652e-01      1.118     8.8814  1003.3038     3.6633     89.735          3 0.0000e+00
     89.000   0.368095     0.6891 1.0750e-01      1.134     8.8829  1003.3184     3.6749     90.755          4 0.0000e+00
     90.000   0.369528     0.7033 1.0730e-01      1.113     8.8416  1003.3348     3.6883     91.774          3 0.0000e+00
     91.000   0.370680     0.7141 1.0718e-01      1.106     8.7976  1003.3490     3.6992     92.794          4 0.0000e+00
     92.000   0.371416     0.7136 1.0675e-01      1.120     8.7825  1003.3603     3.7070     93.814          4 0.0000e+00
     93.000   0.371801     0.6950 1.0700e-01      1.118     8.7706  1003.3697     3.7132     94.834          3 0.0000e+00
     94.000   0.372051     0.6755 1.0681e-01      1.117     8.7657  1003.3779     3.7182     95.853          4 0.0000e+00
     95.000   0.372410     0.6625 1.0716e-01      1.129     8.7765  1003.3867     3.7235     96.873          3 0.0000e+00
     96.000   0.373017     0.6617 1.0714e-01      1.141     8.7720  1003.3969     3.7300     97.893          4 0.0000e+00
     97.000   0.373604     0.6638 1.0689e-01      1.141     8.7533  1003.4068     3.7359     98.912          3 0.0000e+00
     98.000   0.374182     0.6612 1.0649e-01      1.132     8.7373  1003.4169     3.7423     99.932          4 0.0000e+00
     99.000   0.375034     0.6598 1.0645e-01      1.133     8.7220  1003.4293     3.7514    100.952          3 0.0000e+00
    100.000   0.375938     0.6645 1.0665e-01      1.123     8.7107  1003.4417     3.7604    101.972          4 0.0000e+00
    101.000   0.376441     0.6700 1.0667e-01      1.104     8.7182  1003.4507     3.7650    102.991          4 0.0000e+00
    102.000   0.376791     0.6760 1.0655e-01      1.089     8.7251  1003.4583     3.7679    104.011          3 0.0000e+00
    103.000   0.377119     0.6807 1.0697e-01      1.089     8.6961  1003.4657     3.7708    105.031          4 0.0000e+00
    104.000   0.377391     0.6840 1.0684e-01      1.084     8.6841  1003.4728     3.7732    106.050          4 0.0000e+00
    105.000   0.377531     0.6842 1.0678e-01      1.081     8.6834  1003.4790     3.7746    107.070          3 0.0000e+00
    106.000   0.377629     0.6833 1.0677e-01      1.082     8.6792  1003.4848     3.7756    108.090          4 0.0000e+00
    107.000   0.377743     0.6820 1.0598e-01      1.079     8.6687  1003.4908     3.7770    109.110          4 0.0000e+00
    108.000   0.377831     0.6796 1.0612e-01      1.079     8.6700  1003.4967     3.7781    110.129          4 0.0000e+00
    109.000   0.377918     0.6792 1.0576e-01      1.082     8.6727  1003.5024     3.7790    111.149          3 0.0000e+00
    110.000   0.378039     0.6769 1.0604e-01      1.088     8.6631  1003.5086     3.7805    112.169          4 0.0000e+00
    111.000   0.378297     0.6742 1.0647e-01      1.081     8.6666  1003.5159     3.7835    113.189          4 0.0000e+00
    112.000   0.378626     0.6727 1.0601e-01      1.071     8.6570  1003.5237     3.7871    114.208          3 0.0000e+00
    113.000   0.378981     0.6732 1.0613e-01      1.068     8.6303  1003.5317     3.7907    115.228          4 0.0000e+00
    114.000   0.379261     0.6733 1.0574e-01      1.067     8.6168  1003.5391     3.7936    116.248          4 0.0000e+00
    115.000   0.379363     0.6732 1.0530e-01      1.072     8.6050  1003.5449     3.7946    117.267          4 0.0000e+00
    116.000   0.379399     0.6724 1.0601e-01      1.078     8.5960  1003.5502     3.7950    118.287          3 0.0000e+00
    117.000   0.379402     0.6698 1.0543e-01      1.084     8.5935  1003.5553     3.7953    119.307          4 0.0000e+00
    118.000   0.379435     0.6687 1.0522e-01      1.082     8.6093  1003.5606     3.7957    120.326          4 0.0000e+00
    119.000   0.379559     0.6701 1.0556e-01      1.074     8.6204  1003.5666     3.7968    121.346          3 0.0000e+00
    120.000   0.379772     0.6722 1.0557e-01      1.076     8.6169  1003.5732     3.7987    122.366          4 0.0000e+00
    121.000   0.380006     0.6737 1.0503e-01      1.084     8.6089  1003.5801     3.8010    123.386          4 0.0000e+00
    122.000   0.380241     0.6765 1.0538e-01      1.075     8.5693  1003.5869     3.8030    124.405          4 0.0000e+00
    123.000   0.380446     0.6771 1.0520e-01      1.059     8.4116  1003.5935     3.8051    125.425          6 0.0000e+00
    124.000   0.381112     0.7016 1.0541e-01      0.201     7.9640  1003.6027     3.8090    126.445         16 0.0000e+00
