ctdpy/exports/archive_20191121_115250/received_data/a13_v33_18.cnv
* Sea-Bird SBE19plus Data File:
* FileName = C:\CTD\CTD 2018\v33\A13_v33_18.hex
* Software Version 1.59
* Temperature SN =  4644
* Conductivity SN =  4644
* System UpLoad Time = Aug 16 2018 07:36:13
** A13_v33_18
* ds
# nquan = 11
# nvalues = 124                         
# units = specified
# name 0 = prdM: Pressure, Strain Gauge [db]
# name 1 = c0S/m: Conductivity [S/m]
# name 2 = tv290C: Temperature [ITS-90, deg C]
# name 3 = par: PAR/Irradiance, Biospherical/Licor
# name 4 = dz/dtM: Descent Rate [m/s]
# name 5 = sbeox0ML/L: Oxygen, SBE 43 [ml/l]
# name 6 = density00: Density [density, kg/m^3]
# name 7 = sal00: Salinity, Practical [PSU]
# name 8 = depFM: Depth [fresh water, m], lat = 0
# name 9 = nbin: number of scans per bin
# name 10 = flag: flag
# span 0 =      1.000,    124.000       
# span 1 =   0.325211,   0.429376       
# span 2 =     1.1178,    14.7849       
# span 3 = 8.9453e-02, 7.8189e+01       
# span 4 =     -0.010,      1.039       
# span 5 =     7.0414,     8.9398       
# span 6 =  1001.2455,  1003.7313       
# span 7 =     2.7012,     3.9272       
# span 8 =      1.020,    126.445       
# span 9 =          3,         18       
# span 10 = 0.0000e+00, 0.0000e+00      
# interval = decibars: 1                
# start_time = Aug 16 2018 07:10:34 [Instrument's time stamp, header]
# bad_flag = -9.990e-29
*END*
      1.000   0.406129    14.7772 7.8189e+01     -0.010     7.1270  1001.2455     2.7283      1.020          8 0.0000e+00
      2.000   0.405939    14.7754 4.2151e+01      0.545     7.1251  1001.2494     2.7270      2.039          6 0.0000e+00
      3.000   0.405797    14.7745 2.1984e+01      0.754     7.1228  1001.2535     2.7260      3.059          5 0.0000e+00
      4.000   0.405967    14.7832 1.1962e+01      0.880     7.1255  1001.2572     2.7266      4.079          4 0.0000e+00
      5.000   0.405995    14.7837 7.2834e+00      0.933     7.1275  1001.2619     2.7267      5.099          4 0.0000e+00
      6.000   0.405944    14.7838 4.6694e+00      0.956     7.1168  1001.2662     2.7263      6.118          4 0.0000e+00
      7.000   0.405925    14.7849 3.0304e+00      1.011     7.1118  1001.2705     2.7261      7.138          4 0.0000e+00
      8.000   0.405831    14.7738 2.0642e+00      1.039     7.1003  1001.2769     2.7261      8.158          4 0.0000e+00
      9.000   0.405715    14.7501 1.4621e+00      1.017     7.0414  1001.2858     2.7269      9.177          4 0.0000e+00
     10.000   0.405011    14.6727 1.0788e+00      1.031     7.0872  1001.3026     2.7272     10.197          4 0.0000e+00
     11.000   0.401708    14.3795 8.1882e-01      1.022     7.5116  1001.3489     2.7237     11.216          4 0.0000e+00
     12.000   0.390276    13.3583 6.1324e-01      1.021     7.7066  1001.4898     2.7116     12.237          4 0.0000e+00
     13.000   0.372935    11.6672 4.6928e-01      1.024     7.6863  1001.7014     2.7012     13.257          4 0.0000e+00
     14.000   0.363960    10.5607 3.6157e-01      1.020     7.8544  1001.8373     2.7119     14.276          4 0.0000e+00
     15.000   0.359110     9.8914 2.8250e-01      1.034     7.9784  1001.9172     2.7228     15.296          4 0.0000e+00
     16.000   0.357801     9.6284 2.2660e-01      1.021     8.0436  1001.9538     2.7320     16.315          4 0.0000e+00
     17.000   0.357968     9.4741 1.8657e-01      1.000     8.0732  1001.9826     2.7450     17.335          4 0.0000e+00
     18.000   0.356097     9.1566 1.5880e-01      1.008     8.0642  1002.0218     2.7539     18.355          4 0.0000e+00
     19.000   0.352229     8.6490 1.3968e-01      0.997     8.1552  1002.0733     2.7610     19.374          4 0.0000e+00
     20.000   0.347705     8.0748 1.2637e-01      0.991     8.2955  1002.1259     2.7678     20.394          4 0.0000e+00
     21.000   0.344248     7.6153 1.1735e-01      1.007     8.4069  1002.1670     2.7747     21.414          4 0.0000e+00
     22.000   0.342296     7.2793 1.1041e-01      1.011     8.4652  1002.2005     2.7846     22.434          3 0.0000e+00
     23.000   0.340929     7.0125 1.0598e-01      1.006     8.4686  1002.2282     2.7942     23.454          4 0.0000e+00
     24.000   0.340111     6.8010 1.0226e-01      1.008     8.5021  1002.2523     2.8042     24.473          4 0.0000e+00
     25.000   0.339337     6.5928 9.9752e-02      1.011     8.5047  1002.2758     2.8143     25.493          4 0.0000e+00
     26.000   0.338531     6.4113 9.8539e-02      0.996     8.4994  1002.2955     2.8221     26.513          4 0.0000e+00
     27.000   0.336924     6.1777 9.6928e-02      0.997     8.5648  1002.3149     2.8271     27.532          4 0.0000e+00
     28.000   0.335583     5.9921 9.5922e-02      0.992     8.6624  1002.3303     2.8305     28.552          4 0.0000e+00
     29.000   0.335305     5.9049 9.5417e-02      0.995     8.6840  1002.3423     2.8352     29.572          4 0.0000e+00
     30.000   0.334760     5.7918 9.4331e-02      0.994     8.6895  1002.3552     2.8397     30.592          4 0.0000e+00
     31.000   0.333508     5.6168 9.4340e-02      1.006     8.7047  1002.3692     2.8431     31.611          4 0.0000e+00
     32.000   0.331183     5.3730 9.3696e-02      1.003     8.7713  1002.3818     2.8425     32.631          4 0.0000e+00
     33.000   0.328545     5.1137 9.3668e-02      1.008     8.8484  1002.3927     2.8403     33.651          4 0.0000e+00
     34.000   0.327612     4.9282 9.3343e-02      1.007     8.9163  1002.4082     2.8475     34.670          4 0.0000e+00
     35.000   0.326945     4.7039 9.3529e-02      1.004     8.9130  1002.4288     2.8605     35.690          4 0.0000e+00
     36.000   0.326143     4.4872 9.2908e-02      1.017     8.9154  1002.4470     2.8718     36.710          4 0.0000e+00
     37.000   0.325529     4.2899 9.3039e-02      1.011     8.9398  1002.4644     2.8832     37.729          4 0.0000e+00
     38.000   0.325211     4.1181 9.2850e-02      1.001     8.9022  1002.4813     2.8952     38.749          4 0.0000e+00
     39.000   0.325425     3.9296 9.2909e-02      1.000     8.8657  1002.5034     2.9139     39.769          4 0.0000e+00
     40.000   0.326392     3.7447 9.2709e-02      0.991     8.8103  1002.5305     2.9396     40.788          4 0.0000e+00
     41.000   0.327404     3.6282 9.3241e-02      0.978     8.7165  1002.5523     2.9598     41.809          4 0.0000e+00
     42.000   0.327956     3.5405 9.2767e-02      0.994     8.6849  1002.5683     2.9731     42.828          5 0.0000e+00
     43.000   0.328517     3.4071 9.2935e-02      0.985     8.6634  1002.5877     2.9907     43.848          4 0.0000e+00
     44.000   0.329312     3.2808 9.2817e-02      0.973     8.6504  1002.6083     3.0101     44.867          4 0.0000e+00
     45.000   0.330567     3.1636 9.2578e-02      0.970     8.6128  1002.6318     3.0332     45.887          4 0.0000e+00
     46.000   0.331695     3.0236 9.2772e-02      0.963     8.5635  1002.6557     3.0574     46.907          4 0.0000e+00
     47.000   0.332418     2.8667 9.2696e-02      0.955     8.5221  1002.6776     3.0794     47.927          4 0.0000e+00
     48.000   0.333422     2.7352 9.2756e-02      0.957     8.5151  1002.6997     3.1019     48.946          4 0.0000e+00
     49.000   0.334986     2.6631 9.2701e-02      0.954     8.5567  1002.7221     3.1243     49.966          5 0.0000e+00
     50.000   0.336509     2.5920 9.2541e-02      0.960     8.5671  1002.7441     3.1464     50.986          4 0.0000e+00
     51.000   0.337866     2.5116 9.2861e-02      0.960     8.5088  1002.7653     3.1678     52.006          4 0.0000e+00
     52.000   0.339443     2.3799 9.2824e-02      0.949     8.4771  1002.7919     3.1966     53.025          4 0.0000e+00
     53.000   0.340848     2.2209 9.2688e-02      0.931     8.4426  1002.8187     3.2267     54.045          5 0.0000e+00
     54.000   0.341804     2.1178 9.2826e-02      0.894     8.4063  1002.8382     3.2468     55.064          4 0.0000e+00
     55.000   0.343203     2.0678 9.2943e-02      0.886     8.3758  1002.8577     3.2660     56.084          5 0.0000e+00
     56.000   0.345042     2.0413 9.2321e-02      0.878     8.3723  1002.8794     3.2873     57.104          4 0.0000e+00
     57.000   0.346792     2.0243 9.2660e-02      0.894     8.3790  1002.8996     3.3068     58.124          5 0.0000e+00
     58.000   0.348295     2.0070 9.2532e-02      0.920     8.3748  1002.9179     3.3238     59.143          4 0.0000e+00
     59.000   0.349767     1.9885 9.2778e-02      0.921     8.3781  1002.9361     3.3406     60.163          4 0.0000e+00
     60.000   0.351503     1.9753 9.2810e-02      0.938     8.4157  1002.9561     3.3596     61.183          5 0.0000e+00
     61.000   0.353227     1.9699 9.2721e-02      0.932     8.4386  1002.9755     3.3776     62.203          4 0.0000e+00
     62.000   0.354656     1.9711 9.2901e-02      0.916     8.4428  1002.9920     3.3919     63.222          4 0.0000e+00
     63.000   0.356325     1.9298 9.3015e-02      0.928     8.4547  1003.0134     3.4133     64.242          4 0.0000e+00
     64.000   0.357838     1.8767 9.2652e-02      0.925     8.4655  1003.0343     3.4344     65.262          5 0.0000e+00
     65.000   0.359112     1.8495 9.3026e-02      0.925     8.4941  1003.0515     3.4503     66.282          4 0.0000e+00
     66.000   0.360127     1.8160 9.2291e-02      0.943     8.4981  1003.0670     3.4643     67.301          4 0.0000e+00
     67.000   0.361027     1.7575 9.2669e-02      0.966     8.4994  1003.0833     3.4799     68.321          4 0.0000e+00
     68.000   0.361676     1.6521 9.2734e-02      0.965     8.5216  1003.1007     3.4982     69.341          4 0.0000e+00
     69.000   0.362383     1.5283 9.2713e-02      0.972     8.5488  1003.1196     3.5193     70.360          5 0.0000e+00
     70.000   0.363231     1.4478 9.3000e-02      0.962     8.5806  1003.1368     3.5371     71.380          4 0.0000e+00
     71.000   0.364235     1.3891 9.2678e-02      0.972     8.6008  1003.1539     3.5541     72.400          4 0.0000e+00
     72.000   0.365331     1.3363 9.2743e-02      0.990     8.6080  1003.1714     3.5715     73.420          4 0.0000e+00
     73.000   0.366260     1.2968 9.2700e-02      0.988     8.6108  1003.1867     3.5856     74.439          4 0.0000e+00
     74.000   0.367018     1.2581 9.2931e-02      0.968     8.6164  1003.2005     3.5979     75.459          4 0.0000e+00
     75.000   0.367699     1.2166 9.2654e-02      0.959     8.6300  1003.2137     3.6097     76.479          4 0.0000e+00
     76.000   0.368436     1.1780 9.2461e-02      0.967     8.6217  1003.2274     3.6218     77.498          4 0.0000e+00
     77.000   0.369365     1.1488 9.2716e-02      0.970     8.6091  1003.2420     3.6349     78.518          5 0.0000e+00
     78.000   0.370386     1.1230 9.2721e-02      0.975     8.5963  1003.2572     3.6485     79.538          4 0.0000e+00
     79.000   0.371445     1.1178 9.2449e-02      0.977     8.5841  1003.2714     3.6602     80.558          4 0.0000e+00
     80.000   0.372553     1.1210 9.2645e-02      0.969     8.5548  1003.2855     3.6713     81.577          4 0.0000e+00
     81.000   0.373872     1.1363 9.2352e-02      0.966     8.4896  1003.3006     3.6833     82.597          4 0.0000e+00
     82.000   0.375474     1.1631 9.2393e-02      0.972     8.4671  1003.3173     3.6968     83.617          4 0.0000e+00
     83.000   0.377437     1.2293 9.2623e-02      0.974     8.4435  1003.3345     3.7093     84.636          4 0.0000e+00
     84.000   0.380678     1.3715 9.2609e-02      0.968     8.4124  1003.3570     3.7261     85.656          4 0.0000e+00
     85.000   0.383639     1.4956 9.2483e-02      0.981     8.3519  1003.3780     3.7421     86.676          4 0.0000e+00
     86.000   0.385152     1.5529 9.2696e-02      0.975     8.2953  1003.3914     3.7508     87.695          5 0.0000e+00
     87.000   0.385882     1.5594 9.2435e-02      0.968     8.2647  1003.4019     3.7575     88.715          4 0.0000e+00
     88.000   0.386291     1.5558 9.2482e-02      0.970     8.2354  1003.4105     3.7621     89.735          4 0.0000e+00
     89.000   0.386773     1.5699 9.2544e-02      0.973     8.1755  1003.4184     3.7653     90.755          4 0.0000e+00
     90.000   0.387716     1.6101 9.2551e-02      0.967     8.0919  1003.4283     3.7702     91.774          4 0.0000e+00
     91.000   0.389348     1.6804 9.2752e-02      0.962     8.0714  1003.4415     3.7785     92.794          4 0.0000e+00
     92.000   0.392619     1.8483 9.2370e-02      0.975     8.0553  1003.4605     3.7919     93.814          4 0.0000e+00
     93.000   0.399043     2.1921 9.2269e-02      0.974     7.9806  1003.4903     3.8161     94.834          4 0.0000e+00
     94.000   0.406258     2.5499 9.2774e-02      0.989     7.8806  1003.5228     3.8460     95.853          4 0.0000e+00
     95.000   0.410650     2.7777 9.2430e-02      0.994     7.7837  1003.5421     3.8627     96.873          4 0.0000e+00
     96.000   0.413610     2.9268 9.2696e-02      0.993     7.7098  1003.5566     3.8742     97.893          4 0.0000e+00
     97.000   0.415691     3.0280 9.2306e-02      0.982     7.6610  1003.5682     3.8826     98.913          5 0.0000e+00
     98.000   0.416980     3.0984 9.2274e-02      0.973     7.6515  1003.5764     3.8869     99.932          4 0.0000e+00
     99.000   0.418150     3.1601 9.2167e-02      0.966     7.6324  1003.5844     3.8910    100.952          4 0.0000e+00
    100.000   0.418947     3.2030 9.2275e-02      0.967     7.6132  1003.5913     3.8936    101.972          4 0.0000e+00
    101.000   0.419235     3.2259 9.2346e-02      0.978     7.6045  1003.5961     3.8936    102.991          4 0.0000e+00
    102.000   0.419245     3.2359 9.2368e-02      0.966     7.5881  1003.6001     3.8924    104.011          4 0.0000e+00
    103.000   0.419148     3.2420 9.2347e-02      0.935     7.5980  1003.6036     3.8907    105.031          5 0.0000e+00
    104.000   0.419083     3.2495 9.2216e-02      0.936     7.6081  1003.6072     3.8891    106.050          4 0.0000e+00
    105.000   0.419153     3.2595 9.2288e-02      0.939     7.6130  1003.6116     3.8885    107.070          4 0.0000e+00
    106.000   0.419234     3.2677 9.1992e-02      0.945     7.5977  1003.6163     3.8882    108.090          5 0.0000e+00
    107.000   0.419300     3.2749 9.2212e-02      0.943     7.5776  1003.6209     3.8879    109.110          4 0.0000e+00
    108.000   0.419301     3.2753 9.2120e-02      0.927     7.4785  1003.6258     3.8878    110.129          6 0.0000e+00
    109.000   0.419206     3.2695 9.2001e-02      0.491     7.3637  1003.6305     3.8875    111.149          8 0.0000e+00
    110.000   0.419498     3.2873 9.2070e-02      0.456     7.3956  1003.6358     3.8882    112.169          9 0.0000e+00
    111.000   0.421041     3.3728 9.1992e-02      0.477     7.3926  1003.6441     3.8930    113.188          9 0.0000e+00
    112.000   0.422608     3.4651 9.1902e-02      0.399     7.2141  1003.6517     3.8973    114.208         11 0.0000e+00
    113.000   0.423594     3.5163 9.1853e-02      0.228     7.2713  1003.6589     3.9008    115.228         14 0.0000e+00
    114.000   0.423714     3.5272 9.1711e-02      0.240     7.2147  1003.6635     3.9005    116.248         18 0.0000e+00
    115.000   0.424736     3.5670 9.1542e-02      0.183     7.6139  1003.6722     3.9057    117.267         13 0.0000e+00
    116.000   0.425682     3.5855 9.1418e-02      0.220     7.7072  1003.6825     3.9127    118.287         18 0.0000e+00
    117.000   0.425711     3.5879 9.1209e-02      0.372     7.6767  1003.6873     3.9126    119.307         12 0.0000e+00
    118.000   0.425745     3.5919 9.1151e-02      0.218     7.6644  1003.6920     3.9124    120.326         13 0.0000e+00
    119.000   0.425755     3.5935 9.0905e-02      0.183     7.6642  1003.6968     3.9122    121.346         15 0.0000e+00
    120.000   0.426115     3.6107 9.0602e-02      0.179     7.6543  1003.7026     3.9136    122.366         15 0.0000e+00
    121.000   0.426854     3.6445 9.0458e-02      0.249     7.6423  1003.7096     3.9167    123.386         14 0.0000e+00
    122.000   0.427139     3.6594 9.0159e-02      0.349     7.6332  1003.7150     3.9176    124.405         12 0.0000e+00
    123.000   0.428062     3.7006 8.9903e-02      0.181     7.6170  1003.7226     3.9216    125.425         17 0.0000e+00
    124.000   0.429376     3.7595 8.9453e-02      0.204     7.5919  1003.7313     3.9272    126.445          9 0.0000e+00
