ctdpy/exports/archive_20191121_115250/received_data/a13_v20_18.cnv
* Sea-Bird SBE19plus Data File:
* FileName = C:\CTD\CTD 2018\v20\A13_v20_18.hex
* Software Version 1.59
* Temperature SN =  7668
* Conductivity SN =  7668
* System UpLoad Time = May 17 2018 08:31:34
** A13_v20_18
* ds
# nquan = 10
# nvalues = 125                         
# units = specified
# name 0 = prdM: Pressure, Strain Gauge [db]
# name 1 = c0S/m: Conductivity [S/m]
# name 2 = tv290C: Temperature [ITS-90, deg C]
# name 3 = par: PAR/Irradiance, Biospherical/Licor
# name 4 = dz/dtM: Descent Rate [m/s]
# name 5 = density00: Density [density, kg/m^3]
# name 6 = sal00: Salinity, Practical [PSU]
# name 7 = depFM: Depth [fresh water, m], lat = 0
# name 8 = nbin: number of scans per bin
# name 9 = flag: flag
# span 0 =      1.000,    125.000       
# span 1 =   0.295197,   0.379837       
# span 2 =     0.5946,     1.8657       
# span 3 = 1.0000e-12, 2.0454e+02       
# span 4 =      0.152,      1.190       
# span 5 =  1002.2436,  1003.5720       
# span 6 =     2.8704,     3.7510       
# span 7 =      1.020,    127.465       
# span 8 =          3,         23       
# span 9 = 0.0000e+00, 0.0000e+00       
# interval = decibars: 1                
# start_time = May 17 2018 08:15:15 [Instrument's time stamp, header]
# bad_flag = -9.990e-29
*END*
      1.000   0.295211     1.1382 2.0454e+02      0.188  1002.2436     2.8704      1.020          9 0.0000e+00
      2.000   0.295197     1.1356 9.1397e+01      0.764  1002.2485     2.8704      2.039          5 0.0000e+00
      3.000   0.295214     1.1351 5.6119e+01      0.856  1002.2537     2.8706      3.059          5 0.0000e+00
      4.000   0.295233     1.1347 3.5418e+01      0.900  1002.2588     2.8708      4.079          5 0.0000e+00
      5.000   0.295242     1.1345 2.1793e+01      0.836  1002.2638     2.8709      5.099          4 0.0000e+00
      6.000   0.295231     1.1339 1.4937e+01      0.860  1002.2688     2.8707      6.118          5 0.0000e+00
      7.000   0.295234     1.1333 9.9056e+00      0.948  1002.2738     2.8707      7.138          4 0.0000e+00
      8.000   0.295245     1.1329 6.2499e+00      0.969  1002.2788     2.8708      8.158          4 0.0000e+00
      9.000   0.295251     1.1331 4.5069e+00      0.950  1002.2838     2.8708      9.177          4 0.0000e+00
     10.000   0.295236     1.1335 3.1536e+00      0.976  1002.2887     2.8706     10.197          4 0.0000e+00
     11.000   0.295222     1.1322 2.2202e+00      1.002  1002.2936     2.8705     11.217          4 0.0000e+00
     12.000   0.295215     1.1298 1.6273e+00      1.046  1002.2986     2.8706     12.237          4 0.0000e+00
     13.000   0.295214     1.1287 1.1056e+00      1.100  1002.3036     2.8706     13.256          3 0.0000e+00
     14.000   0.295225     1.1296 7.8375e-01      1.114  1002.3086     2.8706     14.276          4 0.0000e+00
     15.000   0.295235     1.1296 5.6856e-01      1.087  1002.3137     2.8706     15.296          4 0.0000e+00
     16.000   0.295240     1.1281 3.8662e-01      1.090  1002.3187     2.8708     16.316          3 0.0000e+00
     17.000   0.295255     1.1233 2.5076e-01      1.139  1002.3240     2.8713     17.335          4 0.0000e+00
     18.000   0.295303     1.1099 1.6193e-01      1.164  1002.3299     2.8730     18.355          3 0.0000e+00
     19.000   0.295403     1.0901 9.7388e-02      1.126  1002.3364     2.8758     19.374          4 0.0000e+00
     20.000   0.295544     1.0672 4.7986e-02      1.101  1002.3435     2.8793     20.394          3 0.0000e+00
     21.000   0.295673     1.0502 7.6879e-03      1.129  1002.3502     2.8821     21.414          4 0.0000e+00
     22.000   0.295760     1.0413 1.9931e-04      1.162  1002.3562     2.8839     22.434          3 0.0000e+00
     23.000   0.295825     1.0364 1.0000e-12      1.167  1002.3619     2.8849     23.453          4 0.0000e+00
     24.000   0.295902     1.0304 1.0000e-12      1.155  1002.3677     2.8862     24.473          3 0.0000e+00
     25.000   0.295978     1.0227 1.0000e-12      1.146  1002.3736     2.8876     25.493          4 0.0000e+00
     26.000   0.296064     1.0096 1.0000e-12      1.137  1002.3798     2.8897     26.513          3 0.0000e+00
     27.000   0.296165     0.9963 1.0000e-12      1.104  1002.3861     2.8919     27.532          4 0.0000e+00
     28.000   0.296226     0.9902 1.0000e-12      1.104  1002.3918     2.8931     28.552          3 0.0000e+00
     29.000   0.296269     0.9883 1.0000e-12      1.154  1002.3972     2.8936     29.572          4 0.0000e+00
     30.000   0.296314     0.9878 1.0000e-12      1.190  1002.4026     2.8941     30.591          3 0.0000e+00
     31.000   0.296365     0.9881 1.0000e-12      1.150  1002.4080     2.8945     31.611          4 0.0000e+00
     32.000   0.296412     0.9882 1.0000e-12      1.086  1002.4133     2.8949     32.631          4 0.0000e+00
     33.000   0.296444     0.9880 1.0000e-12      1.073  1002.4186     2.8952     33.651          3 0.0000e+00
     34.000   0.296466     0.9878 1.0000e-12      1.100  1002.4238     2.8954     34.670          4 0.0000e+00
     35.000   0.296489     0.9876 1.0000e-12      1.117  1002.4289     2.8956     35.690          3 0.0000e+00
     36.000   0.296506     0.9880 1.0000e-12      1.093  1002.4340     2.8957     36.710          4 0.0000e+00
     37.000   0.296545     0.9905 1.0000e-12      1.073  1002.4392     2.8958     37.729          4 0.0000e+00
     38.000   0.296628     0.9976 1.0000e-12      1.069  1002.4446     2.8960     38.749          4 0.0000e+00
     39.000   0.296742     1.0094 1.0000e-12      1.088  1002.4501     2.8959     39.769          3 0.0000e+00
     40.000   0.296861     1.0217 1.0000e-12      1.112  1002.4556     2.8960     40.789          4 0.0000e+00
     41.000   0.296921     1.0282 1.0000e-12      1.117  1002.4608     2.8959     41.808          3 0.0000e+00
     42.000   0.296960     1.0320 1.0000e-12      1.094  1002.4659     2.8959     42.828          4 0.0000e+00
     43.000   0.296991     1.0333 1.0000e-12      1.080  1002.4711     2.8961     43.848          4 0.0000e+00
     44.000   0.296983     1.0273 1.0000e-12      1.081  1002.4763     2.8965     44.867          4 0.0000e+00
     45.000   0.296983     1.0207 1.0000e-12      1.075  1002.4815     2.8971     45.887          3 0.0000e+00
     46.000   0.297033     1.0190 1.0000e-12      1.088  1002.4869     2.8976     46.907          4 0.0000e+00
     47.000   0.297309     1.0242 1.0000e-12      1.101  1002.4940     2.9000     47.927          4 0.0000e+00
     48.000   0.299005     1.0584 1.0000e-12      1.049  1002.5118     2.9142     48.946          4 0.0000e+00
     49.000   0.303964     1.1682 1.0000e-12      0.989  1002.5536     2.9550     49.966          4 0.0000e+00
     50.000   0.309621     1.3462 1.0000e-12      1.026  1002.5977     2.9961     50.986          3 0.0000e+00
     51.000   0.315457     1.5452 1.0000e-12      1.077  1002.6412     3.0366     52.006          4 0.0000e+00
     52.000   0.320188     1.6683 1.0000e-12      1.052  1002.6787     3.0728     53.025          4 0.0000e+00
     53.000   0.322728     1.6993 1.0000e-12      1.039  1002.7028     3.0956     54.045          4 0.0000e+00
     54.000   0.324570     1.6736 1.0000e-12      1.054  1002.7243     3.1169     55.065          4 0.0000e+00
     55.000   0.325862     1.6128 1.0000e-12      1.064  1002.7431     3.1361     56.085          3 0.0000e+00
     56.000   0.327420     1.5853 1.0000e-12      1.067  1002.7624     3.1547     57.104          4 0.0000e+00
     57.000   0.330583     1.6975 1.0000e-12      1.059  1002.7871     3.1756     58.124          4 0.0000e+00
     58.000   0.333745     1.8196 1.0000e-12      1.053  1002.8108     3.1954     59.143          4 0.0000e+00
     59.000   0.335878     1.8657 1.0000e-12      1.053  1002.8304     3.2123     60.163          3 0.0000e+00
     60.000   0.336706     1.8344 1.0000e-12      1.054  1002.8441     3.2239     61.183          4 0.0000e+00
     61.000   0.337290     1.8055 1.0000e-12      1.033  1002.8555     3.2327     62.203          4 0.0000e+00
     62.000   0.338143     1.7468 1.0000e-12      1.028  1002.8710     3.2474     63.222          4 0.0000e+00
     63.000   0.338971     1.6523 1.0000e-12      1.054  1002.8884     3.2656     64.242          4 0.0000e+00
     64.000   0.340084     1.5625 1.0000e-12      1.061  1002.9078     3.2863     65.262          4 0.0000e+00
     65.000   0.341150     1.4687 1.0000e-12      1.055  1002.9271     3.3071     66.282          3 0.0000e+00
     66.000   0.342128     1.3661 1.0000e-12      1.055  1002.9460     3.3280     67.302          4 0.0000e+00
     67.000   0.343160     1.2892 1.0000e-12      1.083  1002.9640     3.3469     68.321          4 0.0000e+00
     68.000   0.344549     1.2439 1.0000e-12      1.113  1002.9831     3.3661     69.341          3 0.0000e+00
     69.000   0.346864     1.2338 1.0000e-12      1.127  1003.0080     3.3912     70.360          4 0.0000e+00
     70.000   0.349832     1.2719 1.0000e-12      1.116  1003.0357     3.4178     71.380          3 0.0000e+00
     71.000   0.352146     1.3022 1.0000e-12      1.088  1003.0582     3.4384     72.400          4 0.0000e+00
     72.000   0.353843     1.3094 1.0000e-12      1.102  1003.0769     3.4551     73.419          4 0.0000e+00
     73.000   0.355547     1.3001 1.0000e-12      1.124  1003.0966     3.4738     74.439          3 0.0000e+00
     74.000   0.357521     1.3103 1.0000e-12      1.133  1003.1175     3.4931     75.459          4 0.0000e+00
     75.000   0.359364     1.3066 1.0000e-12      1.134  1003.1381     3.5125     76.479          3 0.0000e+00
     76.000   0.358840     1.1296 1.0000e-12      1.130  1003.1494     3.5271     77.498          4 0.0000e+00
     77.000   0.358315     0.9505 1.0000e-12      1.134  1003.1604     3.5419     78.518          3 0.0000e+00
     78.000   0.359116     0.8992 1.0000e-12      1.152  1003.1751     3.5562     79.538          4 0.0000e+00
     79.000   0.359914     0.8594 1.0000e-12      1.161  1003.1891     3.5691     80.557          3 0.0000e+00
     80.000   0.359972     0.7620 1.0000e-12      1.152  1003.2001     3.5809     81.577          4 0.0000e+00
     81.000   0.360116     0.6940 1.0000e-12      1.139  1003.2100     3.5903     82.597          3 0.0000e+00
     82.000   0.361225     0.7293 1.0000e-12      1.143  1003.2226     3.5978     83.617          4 0.0000e+00
     83.000   0.362018     0.7519 1.0000e-12      1.158  1003.2330     3.6035     84.636          3 0.0000e+00
     84.000   0.362142     0.7115 1.0000e-12      1.159  1003.2413     3.6095     85.656          4 0.0000e+00
     85.000   0.362244     0.6601 1.0000e-12      1.145  1003.2500     3.6165     86.676          3 0.0000e+00
     86.000   0.362731     0.6395 1.0000e-12      1.130  1003.2603     3.6240     87.696          4 0.0000e+00
     87.000   0.363431     0.6459 1.0000e-12      1.126  1003.2709     3.6306     88.715          3 0.0000e+00
     88.000   0.364105     0.6532 1.0000e-12      1.146  1003.2813     3.6369     89.735          4 0.0000e+00
     89.000   0.364492     0.6313 1.0000e-12      1.182  1003.2907     3.6435     90.755          3 0.0000e+00
     90.000   0.364943     0.5946 1.0000e-12      1.184  1003.3016     3.6526     91.774          3 0.0000e+00
     91.000   0.365758     0.6059 1.0000e-12      1.138  1003.3130     3.6598     92.794          4 0.0000e+00
     92.000   0.366817     0.6512 1.0000e-12      1.120  1003.3245     3.6656     93.814          4 0.0000e+00
     93.000   0.367490     0.6663 1.0000e-12      1.137  1003.3344     3.6709     94.834          3 0.0000e+00
     94.000   0.368481     0.7028 1.0000e-12      1.138  1003.3457     3.6770     95.853          4 0.0000e+00
     95.000   0.370103     0.7879 1.0000e-12      1.115  1003.3595     3.6840     96.873          3 0.0000e+00
     96.000   0.371387     0.8489 1.0000e-12      1.088  1003.3717     3.6902     97.893          4 0.0000e+00
     97.000   0.372334     0.8824 1.0000e-12      1.080  1003.3827     3.6961     98.913          4 0.0000e+00
     98.000   0.373250     0.9057 1.0000e-12      1.115  1003.3940     3.7029     99.932          3 0.0000e+00
     99.000   0.373721     0.9001 1.0000e-12      1.149  1003.4033     3.7085    100.952          4 0.0000e+00
    100.000   0.374433     0.9201 1.0000e-12      1.132  1003.4131     3.7135    101.971          3 0.0000e+00
    101.000   0.375454     0.9650 1.0000e-12      1.091  1003.4239     3.7188    102.991          4 0.0000e+00
    102.000   0.375964     0.9693 1.0000e-12      1.079  1003.4329     3.7236    104.011          4 0.0000e+00
    103.000   0.376497     0.9729 1.0000e-12      1.110  1003.4421     3.7287    105.031          3 0.0000e+00
    104.000   0.376995     0.9819 1.0000e-12      1.130  1003.4507     3.7328    106.051          4 0.0000e+00
    105.000   0.377455     0.9914 1.0000e-12      1.100  1003.4589     3.7364    107.070          3 0.0000e+00
    106.000   0.378088     1.0057 1.0000e-12      1.083  1003.4683     3.7413    108.090          4 0.0000e+00
    107.000   0.378431     1.0155 1.0000e-12      1.121  1003.4755     3.7436    109.110          4 0.0000e+00
    108.000   0.378558     1.0199 1.0000e-12      1.136  1003.4813     3.7444    110.129          3 0.0000e+00
    109.000   0.378628     1.0212 1.0000e-12      1.097  1003.4867     3.7449    111.149          4 0.0000e+00
    110.000   0.378738     1.0223 1.0000e-12      1.079  1003.4925     3.7458    112.169          3 0.0000e+00
    111.000   0.378875     1.0254 1.0000e-12      1.124  1003.4984     3.7468    113.188          4 0.0000e+00
    112.000   0.378989     1.0286 1.0000e-12      1.167  1003.5041     3.7476    114.208          4 0.0000e+00
    113.000   0.379063     1.0312 1.0000e-12      1.122  1003.5095     3.7479    115.228          4 0.0000e+00
    114.000   0.379089     1.0326 1.0000e-12      1.054  1003.5146     3.7480    116.248          4 0.0000e+00
    115.000   0.379134     1.0346 1.0000e-12      0.752  1003.5198     3.7481    117.268          6 0.0000e+00
    116.000   0.379296     1.0416 1.0000e-12      0.660  1003.5256     3.7489    118.287          4 0.0000e+00
    117.000   0.379566     1.0539 1.0000e-12      0.874  1003.5320     3.7502    119.307          5 0.0000e+00
    118.000   0.379750     1.0635 1.0000e-12      0.897  1003.5379     3.7509    120.326          4 0.0000e+00
    119.000   0.379821     1.0682 1.0000e-12      0.944  1003.5431     3.7510    121.346          5 0.0000e+00
    120.000   0.379837     1.0699 1.0000e-12      0.936  1003.5481     3.7508    122.366          4 0.0000e+00
    121.000   0.379831     1.0703 1.0000e-12      0.873  1003.5529     3.7507    123.386          6 0.0000e+00
    122.000   0.379751     1.0686 1.0000e-12      0.516  1003.5573     3.7500    124.405         11 0.0000e+00
    123.000   0.379729     1.0711 1.0000e-12      0.152  1003.5619     3.7493    125.425         23 0.0000e+00
    124.000   0.379757     1.0711 1.0000e-12      0.248  1003.5671     3.7496    126.445         15 0.0000e+00
    125.000   0.379752     1.0711 1.0000e-12      0.297  1003.5720     3.7494    127.465         12 0.0000e+00
