ctdpy/exports/archive_20191121_115250/received_data/a13_v24_18.cnv
* Sea-Bird SBE19plus Data File:
* FileName = C:\CTD\CTD 2018\v24\A13_v24_18.hex
* Software Version 1.59
* Temperature SN =  4644
* Conductivity SN =  4644
* System UpLoad Time = Jun 14 2018 07:20:43
** A13 2018K13 v24
* ds
# nquan = 11
# nvalues = 123                         
# units = specified
# name 0 = prdM: Pressure, Strain Gauge [db]
# name 1 = c0S/m: Conductivity [S/m]
# name 2 = tv290C: Temperature [ITS-90, deg C]
# name 3 = par: PAR/Irradiance, Biospherical/Licor
# name 4 = dz/dtM: Descent Rate [m/s]
# name 5 = sbeox0ML/L: Oxygen, SBE 43 [ml/l]
# name 6 = density00: Density [density, kg/m^3]
# name 7 = sal00: Salinity, Practical [PSU]
# name 8 = depFM: Depth [fresh water, m], lat = 0
# name 9 = nbin: number of scans per bin
# name 10 = flag: flag
# span 0 =      1.000,    123.000       
# span 1 =   0.307888,   0.378501       
# span 2 =     0.5643,     8.4297       
# span 3 = 8.7826e-02, 5.0589e+01       
# span 4 =      0.030,      1.181       
# span 5 =     8.2758,     9.5229       
# span 6 =  1001.9727,  1003.5824       
# span 7 =     2.7180,     3.7954       
# span 8 =      1.020,    125.425       
# span 9 =          3,         12       
# span 10 = 0.0000e+00, 0.0000e+00      
# interval = decibars: 1                
# start_time = Jun 14 2018 07:07:42 [Instrument's time stamp, header]
# bad_flag = -9.990e-29
*END*
      1.000   0.345327     8.4297 5.0589e+01      0.030     9.2390  1001.9727     2.7211      1.020          9 0.0000e+00
      2.000   0.343749     8.2958 2.1433e+01      0.561     9.4866  1001.9850     2.7181      2.039          5 0.0000e+00
      3.000   0.342949     8.2093 1.0469e+01      0.965     9.4086  1001.9960     2.7180      3.059          4 0.0000e+00
      4.000   0.342779     8.1787 5.3464e+00      1.088     9.3766  1002.0036     2.7189      4.079          3 0.0000e+00
      5.000   0.342683     8.1592 3.0965e+00      1.092     9.4245  1002.0103     2.7195      5.099          4 0.0000e+00
      6.000   0.342592     8.1363 1.9004e+00      1.100     9.3987  1002.0175     2.7205      6.118          4 0.0000e+00
      7.000   0.341802     8.0333 1.2097e+00      1.111     9.2947  1002.0304     2.7217      7.138          3 0.0000e+00
      8.000   0.339350     7.7506 8.4009e-01      1.119     9.2393  1002.0549     2.7228      8.158          4 0.0000e+00
      9.000   0.334933     7.2842 6.2127e-01      1.143     9.2060  1002.0874     2.7213      9.178          3 0.0000e+00
     10.000   0.330814     6.8379 4.9236e-01      1.154     9.2381  1002.1164     2.7206     10.197          4 0.0000e+00
     11.000   0.328585     6.5359 3.9418e-01      1.163     9.3031  1002.1399     2.7249     11.217          3 0.0000e+00
     12.000   0.327458     6.3577 3.2346e-01      1.168     9.3341  1002.1565     2.7291     12.237          3 0.0000e+00
     13.000   0.327415     6.2778 2.6913e-01      1.163     9.3335  1002.1697     2.7351     13.256          4 0.0000e+00
     14.000   0.327652     6.1982 2.2049e-01      1.152     9.3989  1002.1847     2.7435     14.276          3 0.0000e+00
     15.000   0.327489     6.0493 1.8632e-01      1.147     9.4273  1002.2041     2.7541     15.296          4 0.0000e+00
     16.000   0.326630     5.8786 1.6151e-01      1.144     9.3109  1002.2207     2.7602     16.315          3 0.0000e+00
     17.000   0.325058     5.6783 1.4138e-01      1.142     9.2567  1002.2347     2.7623     17.335          4 0.0000e+00
     18.000   0.322204     5.3798 1.2742e-01      1.150     9.2908  1002.2484     2.7609     18.355          3 0.0000e+00
     19.000   0.319310     5.0892 1.1748e-01      1.153     9.2684  1002.2597     2.7584     19.375          4 0.0000e+00
     20.000   0.318605     4.9511 1.1110e-01      1.166     9.2633  1002.2722     2.7633     20.394          3 0.0000e+00
     21.000   0.319277     4.8980 1.0560e-01      1.175     9.3178  1002.2867     2.7739     21.414          4 0.0000e+00
     22.000   0.319743     4.8412 1.0205e-01      1.169     9.3557  1002.3002     2.7828     22.434          3 0.0000e+00
     23.000   0.320144     4.8005 9.9840e-02      1.161     9.3644  1002.3116     2.7899     23.454          4 0.0000e+00
     24.000   0.320518     4.7656 9.7739e-02      1.154     9.3447  1002.3223     2.7962     24.473          3 0.0000e+00
     25.000   0.320488     4.7164 9.6369e-02      1.151     9.3228  1002.3313     2.8000     25.493          4 0.0000e+00
     26.000   0.320597     4.6787 9.5220e-02      1.140     9.3490  1002.3403     2.8042     26.513          3 0.0000e+00
     27.000   0.320692     4.6415 9.4139e-02      1.129     9.4144  1002.3492     2.8082     27.532          4 0.0000e+00
     28.000   0.320623     4.6035 9.3893e-02      1.104     9.4275  1002.3569     2.8107     28.552          3 0.0000e+00
     29.000   0.320329     4.5460 9.3153e-02      1.092     9.3899  1002.3646     2.8128     29.572          4 0.0000e+00
     30.000   0.318698     4.3753 9.2782e-02      1.100     9.3706  1002.3718     2.8121     30.591          4 0.0000e+00
     31.000   0.315733     4.0907 9.2330e-02      1.105     9.3950  1002.3780     2.8084     31.611          3 0.0000e+00
     32.000   0.313097     3.8111 9.2356e-02      1.104     9.3936  1002.3849     2.8074     32.631          4 0.0000e+00
     33.000   0.311366     3.5956 9.1967e-02      1.113     9.3046  1002.3928     2.8094     33.651          3 0.0000e+00
     34.000   0.310405     3.4189 9.1882e-02      1.105     9.3314  1002.4030     2.8154     34.670          4 0.0000e+00
     35.000   0.308841     3.1501 9.1981e-02      1.091     9.4013  1002.4145     2.8237     35.690          4 0.0000e+00
     36.000   0.307888     2.9567 9.2043e-02      1.096     9.4618  1002.4249     2.8314     36.710          3 0.0000e+00
     37.000   0.309401     2.9860 9.1665e-02      1.092     9.4797  1002.4397     2.8435     37.729          4 0.0000e+00
     38.000   0.311129     3.0597 9.1895e-02      1.092     9.4751  1002.4531     2.8538     38.749          4 0.0000e+00
     39.000   0.312276     3.0930 9.1895e-02      1.082     9.4649  1002.4647     2.8619     39.769          3 0.0000e+00
     40.000   0.312440     3.0592 9.1610e-02      1.092     9.4619  1002.4732     2.8664     40.789          4 0.0000e+00
     41.000   0.312350     3.0028 9.1773e-02      1.105     9.4723  1002.4812     2.8705     41.808          4 0.0000e+00
     42.000   0.312276     2.9501 9.1478e-02      1.101     9.4784  1002.4891     2.8745     42.828          3 0.0000e+00
     43.000   0.311875     2.8648 9.1585e-02      1.102     9.4643  1002.4964     2.8781     43.848          4 0.0000e+00
     44.000   0.311313     2.7638 9.1359e-02      1.100     9.4594  1002.5035     2.8816     44.867          4 0.0000e+00
     45.000   0.310988     2.6825 9.1365e-02      1.079     9.4940  1002.5109     2.8857     45.887          4 0.0000e+00
     46.000   0.310487     2.5817 9.1380e-02      1.035     9.5229  1002.5182     2.8898     46.907          3 0.0000e+00
     47.000   0.310112     2.4690 9.1433e-02      1.030     9.4956  1002.5270     2.8963     47.927          4 0.0000e+00
     48.000   0.310231     2.3729 9.1242e-02      1.039     9.4190  1002.5386     2.9062     48.946          4 0.0000e+00
     49.000   0.310387     2.2585 9.1096e-02      1.051     9.3483  1002.5514     2.9182     49.966          4 0.0000e+00
     50.000   0.310889     2.1489 9.1231e-02      1.086     9.2983  1002.5667     2.9333     50.986          3 0.0000e+00
     51.000   0.312271     2.0969 9.1208e-02      1.067     9.2098  1002.5857     2.9518     52.006          4 0.0000e+00
     52.000   0.315053     2.1193 9.1167e-02      1.065     9.0777  1002.6118     2.9776     53.025          4 0.0000e+00
     53.000   0.318322     2.1627 9.1278e-02      1.072     8.9222  1002.6405     3.0063     54.045          4 0.0000e+00
     54.000   0.320624     2.1845 9.1061e-02      1.065     8.7884  1002.6627     3.0272     55.065          3 0.0000e+00
     55.000   0.321597     2.1763 9.0909e-02      1.061     8.7119  1002.6760     3.0377     56.085          4 0.0000e+00
     56.000   0.322313     2.1614 9.1065e-02      1.050     8.6842  1002.6876     3.0462     57.104          4 0.0000e+00
     57.000   0.324008     2.1888 9.0977e-02      1.052     8.6479  1002.7045     3.0605     58.124          4 0.0000e+00
     58.000   0.326959     2.2517 9.0837e-02      1.060     8.5743  1002.7293     3.0839     59.143          4 0.0000e+00
     59.000   0.329382     2.3025 9.0982e-02      1.067     8.4797  1002.7505     3.1032     60.163          3 0.0000e+00
     60.000   0.331016     2.3175 9.0387e-02      1.080     8.4504  1002.7676     3.1180     61.183          4 0.0000e+00
     61.000   0.332132     2.3027 9.0432e-02      1.082     8.4316  1002.7825     3.1306     62.203          4 0.0000e+00
     62.000   0.333291     2.2932 9.1013e-02      1.082     8.4061  1002.7973     3.1431     63.222          3 0.0000e+00
     63.000   0.335062     2.3159 9.0763e-02      1.074     8.3876  1002.8150     3.1585     64.242          4 0.0000e+00
     64.000   0.335978     2.2789 9.0641e-02      1.058     8.3878  1002.8297     3.1713     65.262          4 0.0000e+00
     65.000   0.336367     2.2092 9.0750e-02      1.053     8.4000  1002.8423     3.1821     66.282          4 0.0000e+00
     66.000   0.337104     2.1460 9.0909e-02      1.054     8.4304  1002.8573     3.1958     67.301          3 0.0000e+00
     67.000   0.337925     2.1101 9.0892e-02      1.066     8.4598  1002.8712     3.2076     68.321          4 0.0000e+00
     68.000   0.339015     2.0894 9.0991e-02      1.098     8.4603  1002.8863     3.2207     69.341          4 0.0000e+00
     69.000   0.341638     2.0715 9.0434e-02      1.104     8.4775  1002.9137     3.2490     70.360          3 0.0000e+00
     70.000   0.345095     2.0297 9.0444e-02      1.105     8.4917  1002.9495     3.2882     71.380          4 0.0000e+00
     71.000   0.347849     1.9576 9.0477e-02      1.116     8.4950  1002.9816     3.3236     72.400          3 0.0000e+00
     72.000   0.350468     1.8601 9.0606e-02      1.141     8.5056  1003.0143     3.3605     73.419          4 0.0000e+00
     73.000   0.352581     1.7344 9.0262e-02      1.146     8.5271  1003.0448     3.3955     74.439          3 0.0000e+00
     74.000   0.353659     1.6048 9.0805e-02      1.148     8.5720  1003.0669     3.4206     75.459          4 0.0000e+00
     75.000   0.354355     1.4913 9.0455e-02      1.149     8.6487  1003.0848     3.4401     76.479          3 0.0000e+00
     76.000   0.355018     1.3788 9.0231e-02      1.143     8.7072  1003.1022     3.4593     77.498          4 0.0000e+00
     77.000   0.355578     1.3030 9.0375e-02      1.127     8.7440  1003.1165     3.4735     78.518          4 0.0000e+00
     78.000   0.355996     1.2525 9.0214e-02      1.116     8.7967  1003.1280     3.4834     79.538          3 0.0000e+00
     79.000   0.356381     1.1752 9.0142e-02      1.120     8.8269  1003.1408     3.4961     80.558          4 0.0000e+00
     80.000   0.356773     1.0821 9.0191e-02      1.132     8.8507  1003.1546     3.5106     81.577          3 0.0000e+00
     81.000   0.357243     0.9580 9.0127e-02      1.144     8.9099  1003.1706     3.5296     82.597          4 0.0000e+00
     82.000   0.357966     0.8205 9.0240e-02      1.162     8.9707  1003.1896     3.5528     83.617          3 0.0000e+00
     83.000   0.358953     0.7208 9.0152e-02      1.173     9.0246  1003.2085     3.5747     84.636          3 0.0000e+00
     84.000   0.360217     0.6711 9.0394e-02      1.181     9.0471  1003.2271     3.5938     85.656          4 0.0000e+00
     85.000   0.361330     0.6483 8.9961e-02      1.180     9.0440  1003.2428     3.6082     86.676          3 0.0000e+00
     86.000   0.361963     0.6310 9.0193e-02      1.167     9.0351  1003.2541     3.6169     87.696          4 0.0000e+00
     87.000   0.362411     0.6156 8.9959e-02      1.146     9.0326  1003.2638     3.6234     88.715          3 0.0000e+00
     88.000   0.362879     0.6079 8.9830e-02      1.134     9.0158  1003.2732     3.6292     89.735          4 0.0000e+00
     89.000   0.363576     0.6076 8.9985e-02      1.132     9.0004  1003.2842     3.6365     90.755          3 0.0000e+00
     90.000   0.364400     0.6088 8.9835e-02      1.121     9.0004  1003.2962     3.6451     91.774          4 0.0000e+00
     91.000   0.365494     0.6077 8.9784e-02      1.109     8.9814  1003.3107     3.6568     92.794          4 0.0000e+00
     92.000   0.367123     0.6066 8.9718e-02      1.116     8.9546  1003.3297     3.6742     93.814          3 0.0000e+00
     93.000   0.368546     0.6004 8.9802e-02      1.129     8.9427  1003.3472     3.6900     94.834          4 0.0000e+00
     94.000   0.369487     0.5852 8.9731e-02      1.136     8.9317  1003.3612     3.7018     95.853          3 0.0000e+00
     95.000   0.370315     0.5746 8.9740e-02      1.150     8.9086  1003.3739     3.7118     96.873          4 0.0000e+00
     96.000   0.371126     0.5728 8.9640e-02      1.139     8.9007  1003.3859     3.7206     97.893          3 0.0000e+00
     97.000   0.371794     0.5718 8.9669e-02      1.103     8.8966  1003.3967     3.7278     98.913          4 0.0000e+00
     98.000   0.372365     0.5745 8.9538e-02      1.080     8.8875  1003.4064     3.7335     99.932          4 0.0000e+00
     99.000   0.372965     0.5756 8.9603e-02      1.089     8.8659  1003.4165     3.7397    100.952          3 0.0000e+00
    100.000   0.373581     0.5729 8.9581e-02      1.110     8.8466  1003.4269     3.7465    101.971          4 0.0000e+00
    101.000   0.374274     0.5674 8.9606e-02      1.116     8.8423  1003.4381     3.7545    102.991          3 0.0000e+00
    102.000   0.374910     0.5643 8.9420e-02      1.116     8.8505  1003.4487     3.7616    104.011          4 0.0000e+00
    103.000   0.375306     0.5652 8.9252e-02      1.119     8.8444  1003.4571     3.7656    105.031          4 0.0000e+00
    104.000   0.375630     0.5698 8.9379e-02      1.118     8.8328  1003.4646     3.7684    106.051          3 0.0000e+00
    105.000   0.375937     0.5726 8.9343e-02      1.127     8.8297  1003.4720     3.7713    107.070          4 0.0000e+00
    106.000   0.376130     0.5743 8.9042e-02      1.133     8.8248  1003.4785     3.7730    108.090          3 0.0000e+00
    107.000   0.376261     0.5739 8.9302e-02      1.123     8.8182  1003.4846     3.7744    109.110          4 0.0000e+00
    108.000   0.376432     0.5737 8.9243e-02      1.112     8.8104  1003.4911     3.7762    110.129          3 0.0000e+00
    109.000   0.376635     0.5729 8.8957e-02      1.103     8.7956  1003.4978     3.7784    111.149          4 0.0000e+00
    110.000   0.376858     0.5754 8.9202e-02      1.103     8.7834  1003.5046     3.7803    112.169          4 0.0000e+00
    111.000   0.377087     0.5774 8.9115e-02      1.099     8.7721  1003.5114     3.7825    113.188          3 0.0000e+00
    112.000   0.377267     0.5783 8.8871e-02      1.091     8.7729  1003.5178     3.7842    114.208          4 0.0000e+00
    113.000   0.377369     0.5781 8.9126e-02      1.088     8.7705  1003.5237     3.7853    115.228          4 0.0000e+00
    114.000   0.377461     0.5777 8.9186e-02      1.077     8.7716  1003.5294     3.7862    116.248          3 0.0000e+00
    115.000   0.377590     0.5776 8.8949e-02      1.075     8.7681  1003.5355     3.7875    117.267          4 0.0000e+00
    116.000   0.377781     0.5791 8.8651e-02      1.073     8.7552  1003.5420     3.7893    118.287          4 0.0000e+00
    117.000   0.377931     0.5812 8.8862e-02      1.051     8.7425  1003.5481     3.7906    119.307          4 0.0000e+00
    118.000   0.377999     0.5820 8.8796e-02      1.036     8.7278  1003.5536     3.7911    120.327          4 0.0000e+00
    119.000   0.378033     0.5824 8.8765e-02      1.029     8.7333  1003.5588     3.7913    121.346          4 0.0000e+00
    120.000   0.378046     0.5818 8.8656e-02      1.028     8.7576  1003.5639     3.7915    122.366          4 0.0000e+00
    121.000   0.378060     0.5824 8.8694e-02      1.031     8.7408  1003.5690     3.7915    123.386          4 0.0000e+00
    122.000   0.378128     0.5827 8.7826e-02      1.039     8.5855  1003.5745     3.7921    124.405          5 0.0000e+00
    123.000   0.378501     0.5875 8.8996e-02      0.364     8.2758  1003.5824     3.7954    125.425         12 0.0000e+00
