ctdpy/exports/archive_20191121_115250/received_data/a13_v17_18.cnv
* Sea-Bird SBE19plus Data File:
* FileName = C:\CTD\CTD 2018\v17\A13_v17_18.hex
* Software Version 1.59
* Temperature SN =  7668
* Conductivity SN =  7668
* System UpLoad Time = Apr 25 2018 20:37:01
** A13 k08 v17 2018
* ds
# nquan = 10
# nvalues = 120                         
# units = specified
# name 0 = prdM: Pressure, Strain Gauge [db]
# name 1 = c0S/m: Conductivity [S/m]
# name 2 = tv290C: Temperature [ITS-90, deg C]
# name 3 = par: PAR/Irradiance, Biospherical/Licor
# name 4 = dz/dtM: Descent Rate [m/s]
# name 5 = density00: Density [density, kg/m^3]
# name 6 = sal00: Salinity, Practical [PSU]
# name 7 = depFM: Depth [fresh water, m], lat = 0
# name 8 = nbin: number of scans per bin
# name 9 = flag: flag
# span 0 =      1.000,    120.000       
# span 1 =   0.281403,   0.378836       
# span 2 =    -0.0512,     3.1560       
# span 3 = 1.0000e-12, 1.9640e+01       
# span 4 =      0.057,      1.195       
# span 5 =  1002.1584,  1003.5425       
# span 6 =     2.8113,     3.7456       
# span 7 =      1.020,    122.366       
# span 8 =          3,         15       
# span 9 = 0.0000e+00, 0.0000e+00       
# interval = decibars: 1                
# start_time = Apr 25 2018 20:11:21 [Instrument's time stamp, header]
# bad_flag = -9.990e-29
*END*
      1.000   0.282095     0.2954 1.9640e+01      0.371  1002.1584     2.8113      1.020          6 0.0000e+00
      2.000   0.281403     0.1946 8.5757e+00      0.901  1002.1597     2.8132      2.039          4 0.0000e+00
      3.000   0.281716     0.1424 4.8228e+00      1.045  1002.1685     2.8213      3.059          4 0.0000e+00
      4.000   0.282262     0.1034 2.6050e+00      1.091  1002.1791     2.8307      4.079          3 0.0000e+00
      5.000   0.283671     0.0455 1.5312e+00      1.124  1002.1974     2.8510      5.099          4 0.0000e+00
      6.000   0.285133     0.0055 8.9127e-01      1.135  1002.2160     2.8703      6.118          3 0.0000e+00
      7.000   0.285972    -0.0104 5.2529e-01      1.125  1002.2286     2.8807      7.138          4 0.0000e+00
      8.000   0.286232    -0.0156 3.1446e-01      1.121  1002.2359     2.8839      8.158          4 0.0000e+00
      9.000   0.286460    -0.0170 1.7703e-01      1.128  1002.2430     2.8864      9.177          3 0.0000e+00
     10.000   0.286909    -0.0149 9.1544e-02      1.153  1002.2518     2.8910     10.197          3 0.0000e+00
     11.000   0.287390    -0.0120 3.9392e-02      1.163  1002.2610     2.8958     11.217          4 0.0000e+00
     12.000   0.287663    -0.0115 4.6375e-03      1.167  1002.2683     2.8986     12.236          3 0.0000e+00
     13.000   0.287877    -0.0137 7.4130e-05      1.187  1002.2752     2.9010     13.256          4 0.0000e+00
     14.000   0.288040    -0.0177 1.0000e-12      1.185  1002.2817     2.9031     14.276          3 0.0000e+00
     15.000   0.288163    -0.0223 1.0000e-12      1.176  1002.2880     2.9048     15.296          3 0.0000e+00
     16.000   0.288274    -0.0276 1.0000e-12      1.173  1002.2940     2.9064     16.315          4 0.0000e+00
     17.000   0.288376    -0.0335 1.0000e-12      1.173  1002.3000     2.9080     17.335          3 0.0000e+00
     18.000   0.288465    -0.0380 1.0000e-12      1.177  1002.3059     2.9093     18.355          4 0.0000e+00
     19.000   0.288528    -0.0407 1.0000e-12      1.183  1002.3115     2.9102     19.375          3 0.0000e+00
     20.000   0.288580    -0.0432 1.0000e-12      1.189  1002.3170     2.9109     20.394          3 0.0000e+00
     21.000   0.288634    -0.0468 1.0000e-12      1.184  1002.3226     2.9118     21.414          4 0.0000e+00
     22.000   0.288689    -0.0497 1.0000e-12      1.178  1002.3281     2.9126     22.434          3 0.0000e+00
     23.000   0.288743    -0.0508 1.0000e-12      1.176  1002.3336     2.9132     23.454          4 0.0000e+00
     24.000   0.288794    -0.0511 1.0000e-12      1.167  1002.3391     2.9137     24.473          3 0.0000e+00
     25.000   0.288844    -0.0512 1.0000e-12      1.155  1002.3445     2.9142     25.493          4 0.0000e+00
     26.000   0.288891    -0.0512 1.0000e-12      1.136  1002.3499     2.9147     26.513          3 0.0000e+00
     27.000   0.288939    -0.0506 1.0000e-12      1.140  1002.3553     2.9150     27.532          4 0.0000e+00
     28.000   0.289012    -0.0471 1.0000e-12      1.149  1002.3609     2.9154     28.552          3 0.0000e+00
     29.000   0.289139    -0.0380 1.4712e-05      1.136  1002.3668     2.9159     29.572          4 0.0000e+00
     30.000   0.289308    -0.0257 4.5947e-08      1.121  1002.3730     2.9164     30.592          3 0.0000e+00
     31.000   0.289483    -0.0126 1.0000e-12      1.117  1002.3793     2.9170     31.611          4 0.0000e+00
     32.000   0.289616    -0.0040 1.0000e-12      1.119  1002.3852     2.9175     32.631          3 0.0000e+00
     33.000   0.289709    -0.0035 1.0000e-12      1.120  1002.3910     2.9184     33.651          4 0.0000e+00
     34.000   0.289825    -0.0055 1.0000e-12      1.116  1002.3971     2.9198     34.670          4 0.0000e+00
     35.000   0.290010    -0.0039 1.0000e-12      1.119  1002.4037     2.9215     35.690          3 0.0000e+00
     36.000   0.290241     0.0023 1.0000e-12      1.119  1002.4105     2.9233     36.710          4 0.0000e+00
     37.000   0.290538     0.0154 1.0000e-12      1.114  1002.4178     2.9252     37.730          3 0.0000e+00
     38.000   0.290961     0.0454 1.0000e-12      1.111  1002.4258     2.9267     38.749          4 0.0000e+00
     39.000   0.291885     0.1079 1.0000e-12      1.111  1002.4372     2.9305     39.769          4 0.0000e+00
     40.000   0.293188     0.1929 1.0000e-12      1.114  1002.4513     2.9361     40.789          3 0.0000e+00
     41.000   0.296002     0.3732 1.0000e-12      1.116  1002.4753     2.9485     41.808          4 0.0000e+00
     42.000   0.300509     0.6509 1.0000e-12      1.119  1002.5098     2.9690     42.828          3 0.0000e+00
     43.000   0.304497     0.9095 1.0000e-12      1.115  1002.5389     2.9857     43.848          4 0.0000e+00
     44.000   0.307412     1.1050 1.0000e-12      1.107  1002.5602     2.9970     44.868          4 0.0000e+00
     45.000   0.310223     1.2817 1.0000e-12      1.097  1002.5809     3.0089     45.887          3 0.0000e+00
     46.000   0.312592     1.4261 1.0000e-12      1.066  1002.5987     3.0192     46.907          4 0.0000e+00
     47.000   0.314433     1.5366 1.0000e-12      1.047  1002.6134     3.0273     47.927          4 0.0000e+00
     48.000   0.316205     1.6357 1.0000e-12      1.051  1002.6279     3.0357     48.946          4 0.0000e+00
     49.000   0.318124     1.7357 1.0000e-12      1.063  1002.6433     3.0455     49.966          3 0.0000e+00
     50.000   0.320589     1.8480 1.0000e-12      1.077  1002.6622     3.0595     50.986          4 0.0000e+00
     51.000   0.323163     1.9649 1.0000e-12      1.078  1002.6815     3.0741     52.006          4 0.0000e+00
     52.000   0.325149     2.0591 1.0000e-12      1.080  1002.6970     3.0849     53.025          4 0.0000e+00
     53.000   0.326448     2.1244 1.0000e-12      1.083  1002.7084     3.0915     54.045          3 0.0000e+00
     54.000   0.327666     2.1773 1.0000e-12      1.082  1002.7200     3.0985     55.065          4 0.0000e+00
     55.000   0.329004     2.2292 1.0000e-12      1.078  1002.7325     3.1068     56.085          4 0.0000e+00
     56.000   0.330257     2.2807 1.0000e-12      1.076  1002.7442     3.1143     57.104          3 0.0000e+00
     57.000   0.332081     2.3524 1.0000e-12      1.076  1002.7591     3.1254     58.124          4 0.0000e+00
     58.000   0.334461     2.4447 1.0000e-12      1.078  1002.7770     3.1400     59.143          4 0.0000e+00
     59.000   0.337139     2.5395 1.0000e-12      1.082  1002.7969     3.1572     60.163          3 0.0000e+00
     60.000   0.339842     2.6267 1.0000e-12      1.086  1002.8173     3.1754     61.183          4 0.0000e+00
     61.000   0.342262     2.7000 1.0000e-12      1.089  1002.8362     3.1920     62.203          4 0.0000e+00
     62.000   0.344511     2.7733 1.0000e-12      1.088  1002.8536     3.2069     63.222          3 0.0000e+00
     63.000   0.347259     2.8584 1.0000e-12      1.083  1002.8738     3.2255     64.242          4 0.0000e+00
     64.000   0.349973     2.9353 1.0000e-12      1.083  1002.8943     3.2444     65.262          4 0.0000e+00
     65.000   0.352538     3.0015 1.0000e-12      1.086  1002.9143     3.2629     66.281          3 0.0000e+00
     66.000   0.355363     3.0846 1.0000e-12      1.108  1002.9348     3.2822     67.301          4 0.0000e+00
     67.000   0.357290     3.1380 1.0000e-12      1.123  1002.9504     3.2956     68.321          4 0.0000e+00
     68.000   0.358549     3.1560 1.0000e-12      1.116  1002.9638     3.3060     69.341          3 0.0000e+00
     69.000   0.359482     3.1560 1.0000e-12      1.118  1002.9759     3.3151     70.360          4 0.0000e+00
     70.000   0.360361     3.1479 1.0000e-12      1.122  1002.9884     3.3245     71.380          3 0.0000e+00
     71.000   0.361056     3.1189 1.0000e-12      1.135  1003.0011     3.3342     72.400          4 0.0000e+00
     72.000   0.361787     3.1031 1.0000e-12      1.155  1003.0131     3.3430     73.419          3 0.0000e+00
     73.000   0.363064     3.1264 1.0000e-12      1.163  1003.0261     3.3530     74.439          4 0.0000e+00
     74.000   0.364368     3.1511 1.0000e-12      1.172  1003.0391     3.3632     75.459          3 0.0000e+00
     75.000   0.364500     3.1036 1.0000e-12      1.170  1003.0490     3.3694     76.479          3 0.0000e+00
     76.000   0.364281     3.0080 1.0000e-12      1.166  1003.0602     3.3772     77.498          4 0.0000e+00
     77.000   0.364321     2.8863 1.0000e-12      1.164  1003.0753     3.3903     78.518          3 0.0000e+00
     78.000   0.364263     2.7181 1.0000e-12      1.164  1003.0932     3.4075     79.538          4 0.0000e+00
     79.000   0.363383     2.4552 1.0000e-12      1.177  1003.1114     3.4268     80.558          3 0.0000e+00
     80.000   0.361213     2.0920 1.0000e-12      1.195  1003.1257     3.4442     81.577          3 0.0000e+00
     81.000   0.360079     1.8116 1.0000e-12      1.189  1003.1408     3.4633     82.597          4 0.0000e+00
     82.000   0.359907     1.6479 1.0000e-12      1.173  1003.1553     3.4795     83.617          3 0.0000e+00
     83.000   0.359738     1.5189 1.0000e-12      1.167  1003.1673     3.4921     84.636          4 0.0000e+00
     84.000   0.359472     1.3935 1.0000e-12      1.170  1003.1780     3.5033     85.656          3 0.0000e+00
     85.000   0.359081     1.2737 1.0000e-12      1.172  1003.1872     3.5126     86.676          3 0.0000e+00
     86.000   0.358746     1.1725 1.0000e-12      1.175  1003.1955     3.5205     87.695          4 0.0000e+00
     87.000   0.358593     1.0882 1.0000e-12      1.175  1003.2042     3.5284     88.715          3 0.0000e+00
     88.000   0.358616     1.0098 1.0000e-12      1.175  1003.2139     3.5375     89.735          4 0.0000e+00
     89.000   0.358823     0.9357 1.0000e-12      1.171  1003.2250     3.5481     90.755          3 0.0000e+00
     90.000   0.359332     0.8816 1.0000e-12      1.164  1003.2374     3.5596     91.775          4 0.0000e+00
     91.000   0.360292     0.8631 1.0000e-12      1.161  1003.2516     3.5718     92.794          3 0.0000e+00
     92.000   0.361088     0.8424 1.0000e-12      1.150  1003.2645     3.5825     93.814          4 0.0000e+00
     93.000   0.362023     0.8485 1.0000e-12      1.139  1003.2771     3.5916     94.834          3 0.0000e+00
     94.000   0.362825     0.8507 1.0000e-12      1.135  1003.2887     3.5997     95.853          4 0.0000e+00
     95.000   0.363953     0.8718 1.0000e-12      1.139  1003.3020     3.6091     96.873          4 0.0000e+00
     96.000   0.366228     0.9969 1.0000e-12      1.136  1003.3188     3.6183     97.893          4 0.0000e+00
     97.000   0.368008     1.0930 1.0000e-12      0.504  1003.3328     3.6257     98.912         15 0.0000e+00
     98.000   0.369016     1.1072 1.0000e-12      0.057  1003.3454     3.6346     99.932          7 0.0000e+00
     99.000   0.369435     1.0718 1.0000e-12      0.755  1003.3562     3.6430    100.952          4 0.0000e+00
    100.000   0.370159     1.0381 1.0000e-12      1.138  1003.3693     3.6545    101.971          4 0.0000e+00
    101.000   0.370831     1.0216 1.0000e-12      1.132  1003.3810     3.6634    102.991          4 0.0000e+00
    102.000   0.371880     1.0302 1.0000e-12      1.136  1003.3943     3.6733    104.011          3 0.0000e+00
    103.000   0.372581     1.0208 1.0000e-12      1.134  1003.4058     3.6818    105.031          4 0.0000e+00
    104.000   0.373029     0.9969 1.0000e-12      1.125  1003.4161     3.6893    106.050          3 0.0000e+00
    105.000   0.373014     0.9498 1.0000e-12      1.127  1003.4239     3.6946    107.070          4 0.0000e+00
    106.000   0.372975     0.9083 1.0000e-12      1.132  1003.4311     3.6991    108.090          3 0.0000e+00
    107.000   0.373149     0.8864 1.0000e-12      1.129  1003.4389     3.7035    109.110          4 0.0000e+00
    108.000   0.373414     0.8739 1.0000e-12      1.132  1003.4468     3.7077    110.129          4 0.0000e+00
    109.000   0.373770     0.8761 1.0000e-12      1.138  1003.4547     3.7111    111.149          3 0.0000e+00
    110.000   0.374495     0.9053 1.0000e-12      1.146  1003.4640     3.7152    112.169          4 0.0000e+00
    111.000   0.375388     0.9373 1.0000e-12      1.135  1003.4745     3.7207    113.188          3 0.0000e+00
    112.000   0.376280     0.9595 1.0000e-12      1.128  1003.4856     3.7274    114.208          4 0.0000e+00
    113.000   0.377023     0.9761 1.0000e-12      1.121  1003.4958     3.7331    115.228          3 0.0000e+00
    114.000   0.377588     0.9897 1.0000e-12      1.097  1003.5046     3.7373    116.248          4 0.0000e+00
    115.000   0.378076     1.0013 1.0000e-12      1.087  1003.5130     3.7410    117.267          4 0.0000e+00
    116.000   0.378349     1.0089 1.0000e-12      1.092  1003.5197     3.7429    118.287          3 0.0000e+00
    117.000   0.378604     1.0166 1.0000e-12      1.095  1003.5263     3.7446    119.307          4 0.0000e+00
    118.000   0.378754     1.0220 1.0000e-12      1.075  1003.5322     3.7454    120.326          4 0.0000e+00
    119.000   0.378771     1.0231 1.0000e-12      1.057  1003.5372     3.7454    121.346          5 0.0000e+00
    120.000   0.378836     1.0263 1.0000e-12      0.791  1003.5425     3.7456    122.366          9 0.0000e+00
