ctdpy/exports/archive_20191121_115250/received_data/a5_v37_18.cnv
* Sea-Bird SBE19plus Data File:
* FileName = C:\CTD\CTD 2018\v37\A5_v37_18.hex
* Software Version 1.59
* Temperature SN =  4644
* Conductivity SN =  4644
* System UpLoad Time = Sep 12 2018 08:27:35
** A5 2018K21 v37
* ds
# nquan = 11
# nvalues = 97                          
# units = specified
# name 0 = prdM: Pressure, Strain Gauge [db]
# name 1 = c0S/m: Conductivity [S/m]
# name 2 = tv290C: Temperature [ITS-90, deg C]
# name 3 = par: PAR/Irradiance, Biospherical/Licor
# name 4 = dz/dtM: Descent Rate [m/s]
# name 5 = sbeox0ML/L: Oxygen, SBE 43 [ml/l]
# name 6 = density00: Density [density, kg/m^3]
# name 7 = sal00: Salinity, Practical [PSU]
# name 8 = depFM: Depth [fresh water, m], lat = 0
# name 9 = nbin: number of scans per bin
# name 10 = flag: flag
# span 0 =      1.000,     97.000       
# span 1 =   0.302752,   0.368345       
# span 2 =     2.2023,    14.0616       
# span 3 = 8.1808e-02, 2.6107e+01       
# span 4 =      0.135,      1.069       
# span 5 =     6.4402,     8.8790       
# span 6 =  1001.1768,  1003.1462       
# span 7 =     2.4971,     3.3619       
# span 8 =      1.020,     98.912       
# span 9 =          4,         27       
# span 10 = 0.0000e+00, 0.0000e+00      
# interval = decibars: 1                
# start_time = Sep 12 2018 08:11:29 [Instrument's time stamp, header]
# bad_flag = -9.990e-29
*END*
      1.000   0.367381    14.0527 2.6107e+01      0.139     6.4402  1001.1768     2.4982      1.020         13 0.0000e+00
      2.000   0.367275    14.0430 1.4646e+01      0.236     6.6665  1001.1827     2.4981      2.040         13 0.0000e+00
      3.000   0.367168    14.0394 8.6160e+00      0.474     6.8008  1001.1875     2.4975      3.059          6 0.0000e+00
      4.000   0.367116    14.0374 4.4561e+00      0.834     6.7734  1001.1922     2.4972      4.079          5 0.0000e+00
      5.000   0.367111    14.0376 2.9131e+00      0.818     6.9162  1001.1968     2.4971      5.099          5 0.0000e+00
      6.000   0.367126    14.0381 2.1134e+00      0.715     6.6706  1001.2014     2.4972      6.118          5 0.0000e+00
      7.000   0.367151    14.0382 1.1120e+00      0.928     6.5762  1001.2062     2.4973      7.138          4 0.0000e+00
      8.000   0.367254    14.0402 6.7456e-01      1.013     6.8430  1001.2110     2.4979      8.158          5 0.0000e+00
      9.000   0.367364    14.0429 5.9343e-01      0.670     6.8868  1001.2158     2.4985      9.177          5 0.0000e+00
     10.000   0.367514    14.0464 3.9648e-01      0.724     6.6600  1001.2206     2.4993     10.197          5 0.0000e+00
     11.000   0.367710    14.0517 2.3651e-01      1.041     6.6971  1001.2252     2.5003     11.217          4 0.0000e+00
     12.000   0.367937    14.0572 1.8283e-01      0.931     6.9180  1001.2301     2.5016     12.237          5 0.0000e+00
     13.000   0.368100    14.0602 1.6763e-01      0.614     6.8041  1001.2350     2.5026     13.256          5 0.0000e+00
     14.000   0.368200    14.0614 1.2955e-01      0.828     6.6178  1001.2400     2.5031     14.276          4 0.0000e+00
     15.000   0.368284    14.0616 1.0865e-01      1.069     6.7723  1001.2451     2.5037     15.295          5 0.0000e+00
     16.000   0.368328    14.0600 1.0272e-01      0.805     6.9116  1001.2503     2.5041     16.315          5 0.0000e+00
     17.000   0.368345    14.0587 9.7902e-02      0.658     6.7686  1001.2553     2.5043     17.335          5 0.0000e+00
     18.000   0.368332    14.0559 9.1457e-02      0.919     6.6620  1001.2604     2.5043     18.355          4 0.0000e+00
     19.000   0.368263    14.0508 8.8207e-02      1.012     6.9340  1001.2656     2.5041     19.374          5 0.0000e+00
     20.000   0.368038    14.0240 8.7280e-02      0.758     7.2503  1001.2742     2.5042     20.394          5 0.0000e+00
     21.000   0.367055    13.8057 8.5741e-02      0.725     7.1725  1001.3156     2.5111     21.414          5 0.0000e+00
     22.000   0.363268    13.0059 8.4649e-02      0.959     6.8942  1001.4490     2.5355     22.434          4 0.0000e+00
     23.000   0.356950    11.5100 8.3941e-02      0.964     7.1713  1001.6802     2.5892     23.454          5 0.0000e+00
     24.000   0.349705    10.0704 8.3574e-02      0.732     7.8391  1001.8732     2.6338     24.473          5 0.0000e+00
     25.000   0.343214     9.1455 8.3340e-02      0.758     7.7558  1001.9741     2.6487     25.493          4 0.0000e+00
     26.000   0.336842     8.2820 8.3117e-02      0.959     7.6856  1002.0552     2.6601     26.513          5 0.0000e+00
     27.000   0.327013     7.2688 8.2813e-02      0.908     8.2689  1002.1211     2.6533     27.532          5 0.0000e+00
     28.000   0.317170     6.3891 8.2503e-02      0.762     8.4807  1002.1574     2.6350     28.552          5 0.0000e+00
     29.000   0.309313     5.5985 8.2353e-02      0.847     8.2174  1002.1876     2.6262     29.572          4 0.0000e+00
     30.000   0.307632     5.1083 8.2529e-02      0.955     8.1904  1002.2263     2.6495     30.591          5 0.0000e+00
     31.000   0.308371     4.7792 8.2331e-02      0.879     8.4567  1002.2657     2.6825     31.611          4 0.0000e+00
     32.000   0.307426     4.4247 8.2366e-02      0.773     8.6884  1002.2935     2.7025     32.631          5 0.0000e+00
     33.000   0.305621     4.0763 8.2360e-02      0.860     8.4792  1002.3128     2.7142     33.651          5 0.0000e+00
     34.000   0.305699     3.8305 8.2388e-02      0.935     8.4918  1002.3370     2.7354     34.670          4 0.0000e+00
     35.000   0.304736     3.5025 8.2307e-02      0.818     8.8790  1002.3584     2.7538     35.690          5 0.0000e+00
     36.000   0.302772     3.2331 8.2244e-02      0.783     8.7738  1002.3668     2.7577     36.710          5 0.0000e+00
     37.000   0.302752     3.0786 8.2219e-02      0.933     8.5759  1002.3817     2.7707     37.730          4 0.0000e+00
     38.000   0.305232     3.1050 8.2237e-02      0.908     8.7272  1002.4042     2.7925     38.749          5 0.0000e+00
     39.000   0.308386     3.2680 8.2340e-02      0.734     8.6674  1002.4225     2.8088     39.769          5 0.0000e+00
     40.000   0.310791     3.3902 8.1995e-02      0.841     8.4486  1002.4375     2.8213     40.789          4 0.0000e+00
     41.000   0.313605     3.4808 8.2332e-02      0.980     8.3556  1002.4575     2.8404     41.808          5 0.0000e+00
     42.000   0.316711     3.5778 8.2400e-02      0.823     8.3821  1002.4790     2.8617     42.828          5 0.0000e+00
     43.000   0.318156     3.6102 8.2135e-02      0.709     8.3180  1002.4925     2.8727     43.848          5 0.0000e+00
     44.000   0.318293     3.4961 8.2198e-02      0.850     8.1420  1002.5071     2.8840     44.867          5 0.0000e+00
     45.000   0.317822     3.2882 8.2184e-02      0.889     8.1437  1002.5235     2.8980     45.887          5 0.0000e+00
     46.000   0.316965     3.1043 8.2187e-02      0.771     8.2957  1002.5348     2.9061     46.907          5 0.0000e+00
     47.000   0.317021     2.9896 8.2241e-02      0.780     8.3442  1002.5481     2.9170     47.927          5 0.0000e+00
     48.000   0.317332     2.8266 8.2195e-02      0.852     8.2279  1002.5664     2.9348     48.946          5 0.0000e+00
     49.000   0.318110     2.7053 8.2181e-02      0.821     8.2659  1002.5855     2.9536     49.966          5 0.0000e+00
     50.000   0.318893     2.6190 8.2266e-02      0.705     8.2931  1002.6022     2.9693     50.986          5 0.0000e+00
     51.000   0.319578     2.5418 8.2461e-02      0.772     8.1988  1002.6175     2.9832     52.005          5 0.0000e+00
     52.000   0.320909     2.4686 8.2352e-02      0.857     8.1792  1002.6376     3.0032     53.026          5 0.0000e+00
     53.000   0.322773     2.4399 8.2007e-02      0.796     8.1625  1002.6593     3.0244     54.045          5 0.0000e+00
     54.000   0.325016     2.4334 8.2214e-02      0.777     8.1317  1002.6825     3.0473     55.065          5 0.0000e+00
     55.000   0.327164     2.4407 8.2235e-02      0.798     8.0899  1002.7042     3.0679     56.084          5 0.0000e+00
     56.000   0.329242     2.4429 8.2271e-02      0.841     8.0044  1002.7256     3.0883     57.104          4 0.0000e+00
     57.000   0.331804     2.4715 8.2390e-02      0.919     7.9712  1002.7491     3.1110     58.124          5 0.0000e+00
     58.000   0.335193     2.4860 8.2243e-02      0.829     8.0117  1002.7801     3.1432     59.143          5 0.0000e+00
     59.000   0.338434     2.4502 8.2174e-02      0.744     8.0251  1002.8134     3.1790     60.163          5 0.0000e+00
     60.000   0.341324     2.4093 8.2228e-02      0.867     7.9427  1002.8443     3.2120     61.183          4 0.0000e+00
     61.000   0.343176     2.3911 8.2034e-02      0.972     7.8714  1002.8653     3.2323     62.203          5 0.0000e+00
     62.000   0.344644     2.3879 8.2141e-02      0.858     7.8617  1002.8822     3.2472     63.222          4 0.0000e+00
     63.000   0.345870     2.3838 8.2171e-02      0.782     7.8401  1002.8973     3.2598     64.242          5 0.0000e+00
     64.000   0.347603     2.3552 8.2483e-02      0.887     7.8159  1002.9182     3.2801     65.262          5 0.0000e+00
     65.000   0.349479     2.3424 8.2212e-02      0.892     7.7930  1002.9391     3.3002     66.282          4 0.0000e+00
     66.000   0.350826     2.3388 8.2249e-02      0.848     7.7480  1002.9551     3.3140     67.301          5 0.0000e+00
     67.000   0.351404     2.3268 8.2160e-02      0.854     7.7194  1002.9655     3.3210     68.321          4 0.0000e+00
     68.000   0.351647     2.3118 8.2310e-02      0.883     7.7078  1002.9735     3.3249     69.341          5 0.0000e+00
     69.000   0.351813     2.3024 8.2351e-02      0.920     7.6429  1002.9804     3.3275     70.360          4 0.0000e+00
     70.000   0.352061     2.2949 8.2227e-02      0.948     7.6269  1002.9878     3.3308     71.380          5 0.0000e+00
     71.000   0.352237     2.2868 8.2356e-02      0.827     7.6723  1002.9947     3.3333     72.400          5 0.0000e+00
     72.000   0.352286     2.2876 8.2166e-02      0.776     7.6876  1003.0000     3.3336     73.419          4 0.0000e+00
     73.000   0.352327     2.2826 8.2057e-02      0.910     7.6517  1003.0056     3.3345     74.439          5 0.0000e+00
     74.000   0.352397     2.2750 8.2296e-02      0.946     7.6236  1003.0116     3.3360     75.459          4 0.0000e+00
     75.000   0.352435     2.2684 8.2184e-02      0.841     7.6502  1003.0173     3.3370     76.478          5 0.0000e+00
     76.000   0.352439     2.2621 8.1911e-02      0.761     7.7136  1003.0227     3.3376     77.498          5 0.0000e+00
     77.000   0.352489     2.2699 8.2513e-02      0.828     7.6736  1003.0275     3.3372     78.518          4 0.0000e+00
     78.000   0.352615     2.2634 8.2305e-02      0.988     7.5584  1003.0339     3.3391     79.538          5 0.0000e+00
     79.000   0.352847     2.2519 8.2389e-02      0.968     7.5539  1003.0414     3.3426     80.557          5 0.0000e+00
     80.000   0.352998     2.2494 8.2120e-02      0.725     7.6362  1003.0478     3.3443     81.578          5 0.0000e+00
     81.000   0.353009     2.2519 8.2184e-02      0.726     7.6057  1003.0526     3.3441     82.597          4 0.0000e+00
     82.000   0.353054     2.2463 8.2255e-02      1.002     7.5020  1003.0583     3.3451     83.617          4 0.0000e+00
     83.000   0.353212     2.2397 8.2076e-02      0.989     7.5309  1003.0649     3.3473     84.636          5 0.0000e+00
     84.000   0.353238     2.2401 8.2392e-02      0.690     7.6000  1003.0700     3.3474     85.656          5 0.0000e+00
     85.000   0.353140     2.2431 8.2173e-02      0.803     7.5742  1003.0739     3.3461     86.676          4 0.0000e+00
     86.000   0.353131     2.2268 8.2203e-02      1.019     7.5390  1003.0799     3.3476     87.696          5 0.0000e+00
     87.000   0.353173     2.2134 8.2097e-02      0.918     7.5426  1003.0861     3.3494     88.715          5 0.0000e+00
     88.000   0.353247     2.2109 8.2149e-02      0.783     7.5881  1003.0918     3.3504     89.735          5 0.0000e+00
     89.000   0.353337     2.2149 8.2158e-02      0.790     7.5884  1003.0972     3.3508     90.755          4 0.0000e+00
     90.000   0.353394     2.2135 8.2052e-02      0.903     7.5675  1003.1027     3.3514     91.775          5 0.0000e+00
     91.000   0.353420     2.2071 8.2226e-02      0.950     7.5356  1003.1082     3.3523     92.794          4 0.0000e+00
     92.000   0.353477     2.2023 8.2228e-02      0.833     7.4965  1003.1139     3.3533     93.814          6 0.0000e+00
     93.000   0.354001     2.2241 8.2127e-02      0.468     7.2552  1003.1215     3.3562     94.833         12 0.0000e+00
     94.000   0.354283     2.2295 8.1962e-02      0.244     7.0634  1003.1284     3.3584     95.853         16 0.0000e+00
     95.000   0.354300     2.2293 8.1936e-02      0.270     7.0156  1003.1334     3.3586     96.873         16 0.0000e+00
     96.000   0.354353     2.2263 8.1951e-02      0.228     6.8886  1003.1390     3.3594     97.893         18 0.0000e+00
     97.000   0.354753     2.2395 8.1808e-02      0.135     6.8057  1003.1462     3.3619     98.912         27 0.0000e+00
