ctdpy/exports/archive_20191121_115250/received_data/a5_v50_18.cnv
* Sea-Bird SBE19plus Data File:
* FileName = C:\CTD\SBE_19plus\Temp\A5_v50_18.hex
* Software Version 1.59
* Temperature SN =  4644
* Conductivity SN =  4644
* System UpLoad Time = Dec 16 2018 21:43:17
** A5 2018K25 v50
* ds
# nquan = 11
# nvalues = 99                          
# units = specified
# name 0 = prdM: Pressure, Strain Gauge [db]
# name 1 = c0S/m: Conductivity [S/m]
# name 2 = tv290C: Temperature [ITS-90, deg C]
# name 3 = par: PAR/Irradiance, Biospherical/Licor
# name 4 = dz/dtM: Descent Rate [m/s]
# name 5 = sbeox0ML/L: Oxygen, SBE 43 [ml/l]
# name 6 = density00: Density [density, kg/m^3]
# name 7 = sal00: Salinity, Practical [PSU]
# name 8 = depFM: Depth [fresh water, m], lat = 58
# name 9 = nbin: number of scans per bin
# name 10 = flag: flag
# span 0 =      2.000,    100.000       
# span 1 =   0.299719,   0.320943       
# span 2 =     3.6339,     4.4720       
# span 3 = 5.8156e-02, 1.6019e+00       
# span 4 =      0.076,      1.219       
# span 5 =     7.7214,     8.7321       
# span 6 =  1002.1500,  1002.7207       
# span 7 =     2.6961,     2.8215       
# span 8 =      2.039,    101.971       
# span 9 =          3,          8       
# span 10 = 0.0000e+00, 0.0000e+00      
# interval = decibars: 1                
# start_time = Dec 12 2018 07:27:54 [Instrument's time stamp, header]
# bad_flag = -9.990e-29
*END*
      2.000   0.300013     3.6560 1.6019e+00      0.076     8.5733  1002.1500     2.6974      2.039          6 0.0000e+00
      3.000   0.299968     3.6519 4.3923e-01      0.578     8.7321  1002.1549     2.6973      3.059          5 0.0000e+00
      4.000   0.299972     3.6506 1.7700e-01      0.948     8.7190  1002.1599     2.6974      4.079          4 0.0000e+00
      5.000   0.299987     3.6501 1.0575e-01      1.039     8.6837  1002.1649     2.6975      5.099          4 0.0000e+00
      6.000   0.299994     3.6493 7.8140e-02      1.059     8.6605  1002.1699     2.6976      6.118          4 0.0000e+00
      7.000   0.299984     3.6472 6.8831e-02      1.037     8.6599  1002.1749     2.6976      7.138          4 0.0000e+00
      8.000   0.299820     3.6389 6.5210e-02      1.038     8.6609  1002.1791     2.6967      8.158          4 0.0000e+00
      9.000   0.299719     3.6339 6.3037e-02      1.082     8.6537  1002.1836     2.6961      9.177          3 0.0000e+00
     10.000   0.299805     3.6377 6.2257e-02      1.107     8.6455  1002.1889     2.6966     10.197          4 0.0000e+00
     11.000   0.299964     3.6440 6.1664e-02      1.087     8.6272  1002.1945     2.6975     11.217          4 0.0000e+00
     12.000   0.299985     3.6445 6.1788e-02      1.082     8.6190  1002.1996     2.6976     12.237          3 0.0000e+00
     13.000   0.299951     3.6422 6.1359e-02      1.102     8.6182  1002.2043     2.6974     13.256          4 0.0000e+00
     14.000   0.299930     3.6408 6.1220e-02      1.131     8.6237  1002.2092     2.6973     14.276          4 0.0000e+00
     15.000   0.299927     3.6399 6.1271e-02      1.123     8.6222  1002.2141     2.6973     15.296          3 0.0000e+00
     16.000   0.299916     3.6392 6.1180e-02      1.107     8.6173  1002.2190     2.6972     16.315          4 0.0000e+00
     17.000   0.299953     3.6409 6.1303e-02      1.117     8.6232  1002.2240     2.6973     17.335          3 0.0000e+00
     18.000   0.300100     3.6494 6.1125e-02      1.125     8.6268  1002.2294     2.6980     18.355          4 0.0000e+00
     19.000   0.300398     3.6636 6.1395e-02      1.104     8.6337  1002.2356     2.6996     19.375          3 0.0000e+00
     20.000   0.300558     3.6717 6.1083e-02      1.113     8.6287  1002.2411     2.7004     20.394          4 0.0000e+00
     21.000   0.300657     3.6778 6.1191e-02      1.143     8.6078  1002.2463     2.7008     21.414          4 0.0000e+00
     22.000   0.300802     3.6862 6.1270e-02      1.143     8.5889  1002.2518     2.7014     22.434          3 0.0000e+00
     23.000   0.300983     3.6965 6.1184e-02      1.123     8.5849  1002.2573     2.7023     23.454          4 0.0000e+00
     24.000   0.301250     3.7120 6.1002e-02      1.092     8.5810  1002.2631     2.7034     24.473          3 0.0000e+00
     25.000   0.302024     3.7559 6.1041e-02      1.077     8.5613  1002.2707     2.7071     25.493          4 0.0000e+00
     26.000   0.303584     3.8329 6.0664e-02      1.127     8.5382  1002.2817     2.7155     26.513          3 0.0000e+00
     27.000   0.304954     3.8971 6.1070e-02      1.187     8.5309  1002.2922     2.7231     27.532          4 0.0000e+00
     28.000   0.305665     3.9332 6.0887e-02      1.160     8.5339  1002.2997     2.7268     28.552          3 0.0000e+00
     29.000   0.306025     3.9536 6.0897e-02      1.099     8.5319  1002.3058     2.7284     29.572          4 0.0000e+00
     30.000   0.306239     3.9660 6.0840e-02      1.107     8.5267  1002.3113     2.7293     30.591          3 0.0000e+00
     31.000   0.306386     3.9761 6.0921e-02      1.160     8.5054  1002.3166     2.7298     31.611          4 0.0000e+00
     32.000   0.306601     3.9896 6.0674e-02      1.181     8.4883  1002.3220     2.7307     32.631          3 0.0000e+00
     33.000   0.306921     4.0091 6.0854e-02      1.183     8.4779  1002.3278     2.7321     33.651          4 0.0000e+00
     34.000   0.307438     4.0383 6.0770e-02      1.152     8.4739  1002.3343     2.7344     34.670          3 0.0000e+00
     35.000   0.308292     4.0824 6.0782e-02      1.135     8.4748  1002.3422     2.7387     35.690          4 0.0000e+00
     36.000   0.309337     4.1362 6.0800e-02      1.165     8.4637  1002.3506     2.7440     36.710          3 0.0000e+00
     37.000   0.310768     4.2060 6.0586e-02      1.180     8.4532  1002.3607     2.7516     37.730          4 0.0000e+00
     38.000   0.312083     4.2645 6.0549e-02      1.155     8.4552  1002.3707     2.7590     38.749          3 0.0000e+00
     39.000   0.312751     4.2981 6.0809e-02      1.140     8.4475  1002.3778     2.7624     39.769          3 0.0000e+00
     40.000   0.313103     4.3170 6.0612e-02      1.164     8.4232  1002.3837     2.7641     40.789          4 0.0000e+00
     41.000   0.313290     4.3275 6.0549e-02      1.176     8.4061  1002.3891     2.7649     41.809          3 0.0000e+00
     42.000   0.313347     4.3342 6.0679e-02      1.149     8.4057  1002.3938     2.7648     42.828          4 0.0000e+00
     43.000   0.313438     4.3418 6.0708e-02      1.091     8.3907  1002.3987     2.7650     43.848          4 0.0000e+00
     44.000   0.313570     4.3493 6.0438e-02      1.092     8.3666  1002.4040     2.7655     44.868          3 0.0000e+00
     45.000   0.313629     4.3544 6.0437e-02      1.157     8.3712  1002.4089     2.7656     45.887          4 0.0000e+00
     46.000   0.313656     4.3579 6.0395e-02      1.155     8.4158  1002.4136     2.7655     46.907          3 0.0000e+00
     47.000   0.313731     4.3625 6.0366e-02      1.053     8.4470  1002.4187     2.7658     47.927          4 0.0000e+00
     48.000   0.313941     4.3708 6.0329e-02      1.052     8.4291  1002.4244     2.7670     48.946          4 0.0000e+00
     49.000   0.314239     4.3813 6.0462e-02      1.167     8.4013  1002.4306     2.7688     49.966          3 0.0000e+00
     50.000   0.314437     4.3888 6.0352e-02      1.219     8.3930  1002.4363     2.7700     50.986          4 0.0000e+00
     51.000   0.314538     4.3939 6.0336e-02      1.136     8.4062  1002.4415     2.7705     52.006          3 0.0000e+00
     52.000   0.314635     4.3980 6.0158e-02      1.029     8.4103  1002.4468     2.7710     53.025          4 0.0000e+00
     53.000   0.314766     4.4017 6.0215e-02      1.044     8.3852  1002.4523     2.7718     54.045          3 0.0000e+00
     54.000   0.314919     4.4049 6.0166e-02      1.153     8.3547  1002.4580     2.7730     55.065          4 0.0000e+00
     55.000   0.315036     4.4058 6.0189e-02      1.162     8.3572  1002.4637     2.7739     56.084          4 0.0000e+00
     56.000   0.315120     4.4046 6.0161e-02      1.074     8.3999  1002.4693     2.7748     57.104          4 0.0000e+00
     57.000   0.315186     4.4025 5.9988e-02      1.005     8.4223  1002.4748     2.7755     58.124          3 0.0000e+00
     58.000   0.315253     4.4013 6.0059e-02      1.050     8.3965  1002.4803     2.7762     59.144          4 0.0000e+00
     59.000   0.315320     4.4013 6.0057e-02      1.155     8.3648  1002.4856     2.7768     60.163          3 0.0000e+00
     60.000   0.315342     4.4011 5.9955e-02      1.177     8.3757  1002.4907     2.7769     61.183          4 0.0000e+00
     61.000   0.315386     4.4023 5.9957e-02      1.087     8.4053  1002.4958     2.7772     62.203          4 0.0000e+00
     62.000   0.315520     4.4053 5.9872e-02      1.003     8.3951  1002.5014     2.7782     63.222          4 0.0000e+00
     63.000   0.315785     4.4108 6.0057e-02      1.059     8.3555  1002.5078     2.7801     64.242          3 0.0000e+00
     64.000   0.316028     4.4156 5.9846e-02      1.182     8.3381  1002.5140     2.7819     65.262          4 0.0000e+00
     65.000   0.316163     4.4178 5.9671e-02      1.182     8.3510  1002.5197     2.7830     66.281          3 0.0000e+00
     66.000   0.316243     4.4178 5.9726e-02      1.055     8.3865  1002.5252     2.7837     67.301          4 0.0000e+00
     67.000   0.316310     4.4172 5.9876e-02      1.031     8.3889  1002.5306     2.7843     68.321          4 0.0000e+00
     68.000   0.316366     4.4153 5.9753e-02      1.110     8.3686  1002.5360     2.7849     69.341          3 0.0000e+00
     69.000   0.316354     4.4079 5.9649e-02      1.161     8.3503  1002.5414     2.7853     70.360          4 0.0000e+00
     70.000   0.316274     4.3984 5.9642e-02      1.139     8.3446  1002.5465     2.7854     71.380          3 0.0000e+00
     71.000   0.316245     4.3933 5.9621e-02      1.087     8.3458  1002.5516     2.7855     72.400          4 0.0000e+00
     72.000   0.316260     4.3901 5.9543e-02      1.060     8.3445  1002.5568     2.7858     73.420          4 0.0000e+00
     73.000   0.316298     4.3880 5.9494e-02      1.087     8.3274  1002.5622     2.7863     74.439          3 0.0000e+00
     74.000   0.316337     4.3867 5.9462e-02      1.128     8.3075  1002.5674     2.7867     75.459          4 0.0000e+00
     75.000   0.316369     4.3864 5.9561e-02      1.139     8.3067  1002.5725     2.7870     76.478          3 0.0000e+00
     76.000   0.316443     4.3865 5.9503e-02      1.101     8.3298  1002.5779     2.7877     77.499          4 0.0000e+00
     77.000   0.316580     4.3863 5.9420e-02      1.074     8.3411  1002.5839     2.7889     78.518          4 0.0000e+00
     78.000   0.316825     4.3870 5.9191e-02      1.108     8.3228  1002.5905     2.7911     79.538          3 0.0000e+00
     79.000   0.317146     4.3912 5.9513e-02      1.144     8.2848  1002.5974     2.7937     80.557          4 0.0000e+00
     80.000   0.317647     4.4009 5.9326e-02      1.125     8.2598  1002.6051     2.7975     81.577          4 0.0000e+00
     81.000   0.318207     4.4123 5.9278e-02      1.106     8.2364  1002.6132     2.8017     82.597          3 0.0000e+00
     82.000   0.318842     4.4237 5.9301e-02      1.072     8.1950  1002.6218     2.8066     83.617          4 0.0000e+00
     83.000   0.319278     4.4317 5.9198e-02      1.066     8.1502  1002.6292     2.8099     84.637          4 0.0000e+00
     84.000   0.319581     4.4382 5.9249e-02      1.097     8.1338  1002.6357     2.8122     85.656          3 0.0000e+00
     85.000   0.319918     4.4457 5.9191e-02      1.080     8.1469  1002.6424     2.8146     86.676          4 0.0000e+00
     86.000   0.320203     4.4527 5.9312e-02      0.999     8.1590  1002.6488     2.8166     87.696          4 0.0000e+00
     87.000   0.320403     4.4583 5.9169e-02      1.020     8.1618  1002.6547     2.8180     88.715          4 0.0000e+00
     88.000   0.320525     4.4620 5.9121e-02      1.105     8.1409  1002.6601     2.8188     89.735          4 0.0000e+00
     89.000   0.320557     4.4627 5.9097e-02      1.110     8.0659  1002.6652     2.8189     90.755          4 0.0000e+00
     90.000   0.320572     4.4629 5.8940e-02      1.055     7.9695  1002.6701     2.8190     91.774          4 0.0000e+00
     91.000   0.320559     4.4631 5.9019e-02      0.866     8.0109  1002.6749     2.8188     92.794          5 0.0000e+00
     92.000   0.320702     4.4668 5.8977e-02      0.705     7.9813  1002.6804     2.8198     93.814          6 0.0000e+00
     93.000   0.320754     4.4683 5.8801e-02      0.546     7.8422  1002.6855     2.8201     94.834          7 0.0000e+00
     94.000   0.320882     4.4701 5.8787e-02      0.350     8.0455  1002.6912     2.8211     95.853          7 0.0000e+00
     95.000   0.320935     4.4720 5.8698e-02      0.772     8.0086  1002.6963     2.8214     96.873          6 0.0000e+00
     96.000   0.320894     4.4698 5.8618e-02      0.368     7.8959  1002.7010     2.8211     97.893          8 0.0000e+00
     97.000   0.320943     4.4706 5.8440e-02      0.473     7.9634  1002.7062     2.8215     98.912          7 0.0000e+00
     98.000   0.320884     4.4669 5.8521e-02      0.601     8.0336  1002.7109     2.8212     99.932          7 0.0000e+00
     99.000   0.320791     4.4629 5.8156e-02      0.791     7.8050  1002.7154     2.8206    100.952          5 0.0000e+00
    100.000   0.320853     4.4634 5.8506e-02      0.114     7.7214  1002.7207     2.8211    101.971          8 0.0000e+00
