ctdpy/exports/archive_20191121_115250/received_data/a5_v12_18.cnv
* Sea-Bird SBE19plus Data File:
* FileName = C:\CTD\CTD 2018\A5_v12_18.hex
* Software Version 1.59
* Temperature SN =  7668
* Conductivity SN =  7668
* System UpLoad Time = Mar 20 2018 11:23:37
**
** K05 A5 v12
# nquan = 10
# nvalues = 69                          
# units = specified
# name 0 = prdM: Pressure, Strain Gauge [db]
# name 1 = c0S/m: Conductivity [S/m]
# name 2 = tv290C: Temperature [ITS-90, deg C]
# name 3 = par: PAR/Irradiance, Biospherical/Licor
# name 4 = dz/dtM: Descent Rate [m/s]
# name 5 = density00: Density [density, kg/m^3]
# name 6 = sal00: Salinity, Practical [PSU]
# name 7 = depFM: Depth [fresh water, m], lat = 0
# name 8 = nbin: number of scans per bin
# name 9 = flag: flag
# span 0 =      1.000,     69.000       
# span 1 =   0.285084,   0.309015       
# span 2 =    -0.0728,     1.5840       
# span 3 = -4.246e-05, 2.2901e+02       
# span 4 =      0.032,      1.152       
# span 5 =  1002.1994,  1002.6753       
# span 6 =     2.8729,     2.9661       
# span 7 =      1.020,     70.360       
# span 8 =          4,         21       
# span 9 = 0.0000e+00, 0.0000e+00       
# interval = decibars: 1                
# start_time = Mar 20 2018 10:37:45 [Instrument's time stamp, header]
# bad_flag = -9.990e-29
*END*
      1.000   0.290355     0.3827 2.2901e+02      0.032  1002.2269     2.8904      1.020          9 0.0000e+00
      2.000   0.285602     0.0335 2.9150e+01      0.536  1002.1994     2.8729      2.039          5 0.0000e+00
      3.000   0.285084    -0.0349 8.3097e+00      0.903  1002.2013     2.8738      3.059          4 0.0000e+00
      4.000   0.285190    -0.0530 3.2306e+00      1.098  1002.2076     2.8766      4.079          4 0.0000e+00
      5.000   0.285349    -0.0571 1.9497e+00      1.012  1002.2141     2.8786      5.098          4 0.0000e+00
      6.000   0.285449    -0.0587 1.2338e+00      0.915  1002.2200     2.8798      6.118          5 0.0000e+00
      7.000   0.285531    -0.0619 7.5727e-01      0.962  1002.2258     2.8809      7.138          4 0.0000e+00
      8.000   0.285638    -0.0640 4.7284e-01      1.008  1002.2318     2.8822      8.158          4 0.0000e+00
      9.000   0.285754    -0.0634 3.2396e-01      0.854  1002.2378     2.8833      9.178          5 0.0000e+00
     10.000   0.285838    -0.0648 2.0055e-01      0.810  1002.2435     2.8843     10.197          5 0.0000e+00
     11.000   0.285916    -0.0657 1.3139e-01      0.819  1002.2493     2.8852     11.217          5 0.0000e+00
     12.000   0.285971    -0.0667 6.4260e-02      0.827  1002.2548     2.8858     12.237          4 0.0000e+00
     13.000   0.286022    -0.0682 1.8414e-02      0.894  1002.2603     2.8864     13.256          5 0.0000e+00
     14.000   0.286076    -0.0692 2.9880e-04      0.818  1002.2658     2.8870     14.276          5 0.0000e+00
     15.000   0.286117    -0.0690 -4.246e-05      0.746  1002.2711     2.8874     15.296          5 0.0000e+00
     16.000   0.286136    -0.0695 1.0000e-12      0.819  1002.2763     2.8876     16.316          4 0.0000e+00
     17.000   0.286153    -0.0710 1.0000e-12      0.973  1002.2815     2.8878     17.335          4 0.0000e+00
     18.000   0.286181    -0.0719 1.0000e-12      1.024  1002.2867     2.8881     18.355          5 0.0000e+00
     19.000   0.286208    -0.0723 1.0000e-12      0.964  1002.2920     2.8884     19.375          4 0.0000e+00
     20.000   0.286233    -0.0728 1.0000e-12      0.975  1002.2972     2.8886     20.394          4 0.0000e+00
     21.000   0.286340    -0.0726 1.0000e-12      0.929  1002.3032     2.8897     21.414          7 0.0000e+00
     22.000   0.286533    -0.0623 1.0000e-12      0.218  1002.3096     2.8907     22.434         11 0.0000e+00
     23.000   0.286392    -0.0685 1.0000e-12      0.533  1002.3136     2.8898     23.453          7 0.0000e+00
     24.000   0.286373    -0.0706 1.0000e-12      0.619  1002.3184     2.8897     24.473          5 0.0000e+00
     25.000   0.286365    -0.0709 1.0000e-12      0.759  1002.3234     2.8896     25.493          5 0.0000e+00
     26.000   0.286393    -0.0707 1.0000e-12      0.899  1002.3286     2.8898     26.513          4 0.0000e+00
     27.000   0.286414    -0.0704 1.0000e-12      0.917  1002.3338     2.8899     27.532          4 0.0000e+00
     28.000   0.286429    -0.0703 1.0000e-12      0.958  1002.3390     2.8900     28.552          4 0.0000e+00
     29.000   0.286456    -0.0694 1.0000e-12      1.094  1002.3442     2.8902     29.572          4 0.0000e+00
     30.000   0.286525    -0.0662 1.0000e-12      1.152  1002.3497     2.8905     30.592          4 0.0000e+00
     31.000   0.286607    -0.0621 1.0000e-12      1.020  1002.3553     2.8909     31.611          4 0.0000e+00
     32.000   0.286666    -0.0586 1.0000e-12      0.840  1002.3608     2.8912     32.631          4 0.0000e+00
     33.000   0.286683    -0.0576 1.0000e-12      0.860  1002.3659     2.8912     33.651          5 0.0000e+00
     34.000   0.286714    -0.0565 1.0000e-12      0.963  1002.3712     2.8914     34.670          4 0.0000e+00
     35.000   0.286761    -0.0543 1.0000e-12      1.021  1002.3766     2.8916     35.690          4 0.0000e+00
     36.000   0.286791    -0.0524 1.0000e-12      0.980  1002.3818     2.8917     36.710          4 0.0000e+00
     37.000   0.286831    -0.0508 1.0000e-12      0.896  1002.3871     2.8919     37.730          5 0.0000e+00
     38.000   0.286914    -0.0475 1.0000e-12      0.781  1002.3928     2.8924     38.749          6 0.0000e+00
     39.000   0.286980    -0.0445 1.0000e-12      0.692  1002.3983     2.8928     39.769          6 0.0000e+00
     40.000   0.287091    -0.0383 1.0000e-12      0.627  1002.4041     2.8933     40.789          7 0.0000e+00
     41.000   0.287235    -0.0296 1.0000e-12      0.487  1002.4102     2.8940     41.808          7 0.0000e+00
     42.000   0.287420    -0.0147 1.0000e-12      0.618  1002.4165     2.8945     42.828          7 0.0000e+00
     43.000   0.288045     0.0325 1.0000e-12      0.605  1002.4258     2.8965     43.848          6 0.0000e+00
     44.000   0.288813     0.0872 1.0000e-12      0.646  1002.4362     2.8995     44.868          6 0.0000e+00
     45.000   0.289282     0.1250 1.0000e-12      0.715  1002.4443     2.9008     45.887          5 0.0000e+00
     46.000   0.289951     0.1795 1.0000e-12      0.787  1002.4537     2.9027     46.907          5 0.0000e+00
     47.000   0.291155     0.2837 1.0000e-12      0.778  1002.4663     2.9054     47.927          5 0.0000e+00
     48.000   0.292966     0.4291 1.0000e-12      0.819  1002.4827     2.9107     48.946          4 0.0000e+00
     49.000   0.294044     0.5250 1.0000e-12      0.936  1002.4939     2.9129     49.966          4 0.0000e+00
     50.000   0.295018     0.6185 3.8267e-06      1.001  1002.5041     2.9141     50.986          4 0.0000e+00
     51.000   0.296899     0.7744 1.9202e-08      1.018  1002.5197     2.9190     52.005          5 0.0000e+00
     52.000   0.297909     0.8774 1.0000e-12      0.967  1002.5295     2.9197     53.025          4 0.0000e+00
     53.000   0.298282     0.9261 1.0000e-12      0.888  1002.5357     2.9189     54.045          5 0.0000e+00
     54.000   0.298601     0.9626 1.5044e-05      0.862  1002.5420     2.9187     55.065          4 0.0000e+00
     55.000   0.298954     1.0038 -1.902e-07      0.836  1002.5483     2.9184     56.084          6 0.0000e+00
     56.000   0.299531     1.0660 1.0000e-12      0.757  1002.5557     2.9185     57.104          6 0.0000e+00
     57.000   0.298838     1.0991 1.2057e-06      0.350  1002.5535     2.9081     58.124         12 0.0000e+00
     58.000   0.299968     1.1529 -2.609e-08      0.381  1002.5657     2.9147     59.144         10 0.0000e+00
     59.000   0.300328     1.1807 1.0000e-12      0.487  1002.5725     2.9158     60.163          8 0.0000e+00
     60.000   0.300492     1.1981 1.0000e-12      0.498  1002.5781     2.9158     61.183          9 0.0000e+00
     61.000   0.300592     1.2125 1.0000e-12      0.408  1002.5833     2.9154     62.203         10 0.0000e+00
     62.000   0.301182     1.2392 1.0000e-12      0.418  1002.5920     2.9189     63.223          9 0.0000e+00
     63.000   0.300675     1.2268 1.0000e-12      0.272  1002.5932     2.9148     64.242         15 0.0000e+00
     64.000   0.302792     1.3064 1.0000e-12      0.230  1002.6123     2.9290     65.262         17 0.0000e+00
     65.000   0.303365     1.3325 1.0000e-12      0.200  1002.6208     2.9324     66.282         21 0.0000e+00
     66.000   0.303519     1.3432 1.0000e-12      0.131  1002.6266     2.9329     67.301         13 0.0000e+00
     67.000   0.305471     1.4238 1.0000e-12      0.151  1002.6440     2.9452     68.321         20 0.0000e+00
     68.000   0.307041     1.4911 1.0000e-12      0.213  1002.6587     2.9548     69.341         17 0.0000e+00
     69.000   0.309015     1.5840 1.0000e-12      0.222  1002.6753     2.9661     70.360         19 0.0000e+00
