ctdpy/exports/archive_20191121_115250/received_data/a5_v33_18.cnv
* Sea-Bird SBE19plus Data File:
* FileName = C:\CTD\CTD 2018\v33\A5_v33_18.hex
* Software Version 1.59
* Temperature SN =  4644
* Conductivity SN =  4644
* System UpLoad Time = Aug 15 2018 09:29:16
** A5_v33_18
* ds
# nquan = 11
# nvalues = 94                          
# units = specified
# name 0 = prdM: Pressure, Strain Gauge [db]
# name 1 = c0S/m: Conductivity [S/m]
# name 2 = tv290C: Temperature [ITS-90, deg C]
# name 3 = par: PAR/Irradiance, Biospherical/Licor
# name 4 = dz/dtM: Descent Rate [m/s]
# name 5 = sbeox0ML/L: Oxygen, SBE 43 [ml/l]
# name 6 = density00: Density [density, kg/m^3]
# name 7 = sal00: Salinity, Practical [PSU]
# name 8 = depFM: Depth [fresh water, m], lat = 0
# name 9 = nbin: number of scans per bin
# name 10 = flag: flag
# span 0 =      1.000,     94.000       
# span 1 =   0.293266,   0.372670       
# span 2 =     2.2267,    14.8891       
# span 3 = 8.1343e-02, 1.5735e+02       
# span 4 =     -0.102,      1.214       
# span 5 =     6.7734,     9.1164       
# span 6 =  1001.0394,  1003.1318       
# span 7 =     2.4714,     3.3626       
# span 8 =      1.020,     95.853       
# span 9 =          3,         12       
# span 10 = 0.0000e+00, 0.0000e+00      
# interval = decibars: 1                
# start_time = Aug 15 2018 09:19:38 [Instrument's time stamp, header]
# bad_flag = -9.990e-29
*END*
      1.000   0.372656    14.8891 1.5735e+02     -0.102     6.8868  1001.0394     2.4829      1.020          7 0.0000e+00
      2.000   0.372633    14.8863 8.8355e+01      0.502     6.8611  1001.0444     2.4829      2.040          5 0.0000e+00
      3.000   0.372656    14.8859 4.8396e+01      0.835     6.7837  1001.0492     2.4830      3.059          4 0.0000e+00
      4.000   0.372669    14.8857 2.7186e+01      1.084     6.7734  1001.0540     2.4831      4.079          3 0.0000e+00
      5.000   0.372670    14.8853 1.6125e+01      1.198     6.7964  1001.0587     2.4831      5.099          4 0.0000e+00
      6.000   0.372654    14.8832 1.0230e+01      1.191     6.8101  1001.0637     2.4831      6.118          3 0.0000e+00
      7.000   0.372588    14.8786 6.8901e+00      1.165     6.7984  1001.0689     2.4829      7.138          4 0.0000e+00
      8.000   0.372523    14.8748 4.4261e+00      1.171     6.7807  1001.0740     2.4826      8.158          3 0.0000e+00
      9.000   0.372433    14.8691 2.8583e+00      1.203     6.7879  1001.0792     2.4823      9.177          3 0.0000e+00
     10.000   0.372094    14.8482 1.9248e+00      1.214     6.9018  1001.0862     2.4812     10.197          4 0.0000e+00
     11.000   0.371144    14.7902 1.3278e+00      1.179     7.1032  1001.0975     2.4781     11.217          3 0.0000e+00
     12.000   0.369607    14.6648 9.5065e-01      1.131     7.1765  1001.1190     2.4750     12.237          4 0.0000e+00
     13.000   0.367006    14.3831 6.6585e-01      1.130     7.2559  1001.1654     2.4741     13.256          3 0.0000e+00
     14.000   0.359100    13.4829 4.6958e-01      1.174     7.5081  1001.2984     2.4740     14.276          4 0.0000e+00
     15.000   0.344345    11.8248 3.4109e-01      1.199     7.8663  1001.5132     2.4714     15.296          3 0.0000e+00
     16.000   0.326953     9.7257 2.5647e-01      1.175     8.3538  1001.7445     2.4760     16.316          3 0.0000e+00
     17.000   0.309239     7.5376 2.0103e-01      1.141     8.8265  1001.9209     2.4818     17.335          4 0.0000e+00
     18.000   0.297738     6.0342 1.6140e-01      1.150     8.9433  1002.0108     2.4904     18.355          3 0.0000e+00
     19.000   0.294675     5.4038 1.3599e-01      1.167     8.8301  1002.0529     2.5096     19.375          4 0.0000e+00
     20.000   0.294267     5.0805 1.1821e-01      1.177     8.8091  1002.0834     2.5301     20.394          3 0.0000e+00
     21.000   0.294801     4.8818 1.0732e-01      1.168     8.8514  1002.1091     2.5501     21.414          4 0.0000e+00
     22.000   0.295634     4.7277 9.9760e-02      1.142     8.8396  1002.1329     2.5696     22.434          3 0.0000e+00
     23.000   0.296072     4.5358 9.4551e-02      1.149     8.7941  1002.1566     2.5885     23.453          4 0.0000e+00
     24.000   0.295551     4.2275 9.0946e-02      1.167     8.7922  1002.1817     2.6079     24.473          3 0.0000e+00
     25.000   0.294426     3.8215 8.8440e-02      1.160     8.8763  1002.2082     2.6297     25.493          4 0.0000e+00
     26.000   0.293508     3.4418 8.6467e-02      1.142     8.9940  1002.2324     2.6517     26.513          3 0.0000e+00
     27.000   0.293266     3.1843 8.5136e-02      1.138     9.0647  1002.2523     2.6705     27.532          3 0.0000e+00
     28.000   0.293940     3.0615 8.4567e-02      1.157     9.0633  1002.2701     2.6872     28.552          4 0.0000e+00
     29.000   0.294945     2.9934 8.3512e-02      1.178     9.0358  1002.2871     2.7026     29.572          3 0.0000e+00
     30.000   0.296089     2.9616 8.2883e-02      1.177     9.0397  1002.3029     2.7163     30.591          4 0.0000e+00
     31.000   0.297301     2.9284 8.2769e-02      1.158     9.0558  1002.3193     2.7309     31.611          3 0.0000e+00
     32.000   0.298386     2.8810 8.2139e-02      1.155     9.0768  1002.3356     2.7454     32.631          4 0.0000e+00
     33.000   0.299384     2.8387 8.2312e-02      1.177     9.0952  1002.3510     2.7588     33.651          3 0.0000e+00
     34.000   0.300246     2.8011 8.2056e-02      1.181     9.0919  1002.3649     2.7704     34.670          4 0.0000e+00
     35.000   0.301058     2.7655 8.1948e-02      1.150     9.1068  1002.3784     2.7814     35.690          3 0.0000e+00
     36.000   0.301698     2.7140 8.2130e-02      1.125     9.1164  1002.3915     2.7921     36.710          3 0.0000e+00
     37.000   0.302092     2.6347 8.1719e-02      1.146     9.0936  1002.4042     2.8029     37.730          4 0.0000e+00
     38.000   0.302510     2.5626 8.2040e-02      1.173     9.0546  1002.4168     2.8132     38.749          3 0.0000e+00
     39.000   0.303104     2.5032 8.1784e-02      1.173     9.0109  1002.4299     2.8243     39.769          4 0.0000e+00
     40.000   0.303895     2.4610 8.1641e-02      1.155     9.0072  1002.4435     2.8358     40.789          3 0.0000e+00
     41.000   0.304892     2.4293 8.2234e-02      1.142     9.0013  1002.4583     2.8485     41.808          4 0.0000e+00
     42.000   0.305999     2.4048 8.1916e-02      1.151     8.9619  1002.4734     2.8616     42.828          3 0.0000e+00
     43.000   0.307079     2.3746 8.1626e-02      1.163     8.9168  1002.4887     2.8750     43.848          4 0.0000e+00
     44.000   0.308712     2.3185 8.1346e-02      1.143     8.8160  1002.5099     2.8963     44.868          3 0.0000e+00
     45.000   0.311207     2.2739 8.1755e-02      1.101     8.6581  1002.5374     2.9252     45.887          4 0.0000e+00
     46.000   0.313931     2.2479 8.1800e-02      1.081     8.5121  1002.5658     2.9547     46.907          4 0.0000e+00
     47.000   0.316531     2.2409 8.1678e-02      1.108     8.3976  1002.5919     2.9813     47.927          3 0.0000e+00
     48.000   0.319865     2.2661 8.1729e-02      1.142     8.3070  1002.6222     3.0122     48.946          4 0.0000e+00
     49.000   0.324021     2.3149 8.1667e-02      1.130     8.2253  1002.6575     3.0490     49.966          3 0.0000e+00
     50.000   0.328103     2.3662 8.1515e-02      1.085     8.1730  1002.6919     3.0847     50.986          4 0.0000e+00
     51.000   0.329955     2.3856 8.1569e-02      1.088     8.1581  1002.7104     3.1013     52.006          4 0.0000e+00
     52.000   0.331106     2.3974 8.1913e-02      1.133     8.1549  1002.7238     3.1116     53.025          3 0.0000e+00
     53.000   0.332052     2.4067 8.1660e-02      1.127     8.1692  1002.7357     3.1200     54.045          4 0.0000e+00
     54.000   0.332825     2.4135 8.1658e-02      1.026     8.1884  1002.7463     3.1270     55.065          4 0.0000e+00
     55.000   0.333539     2.4181 8.1607e-02      0.985     8.1880  1002.7567     3.1336     56.084          4 0.0000e+00
     56.000   0.334582     2.4156 8.1813e-02      1.036     8.1887  1002.7701     3.1442     57.104          4 0.0000e+00
     57.000   0.335503     2.4073 8.1636e-02      1.078     8.1779  1002.7830     3.1542     58.124          3 0.0000e+00
     58.000   0.336322     2.4065 8.1670e-02      1.067     8.1451  1002.7945     3.1624     59.144          4 0.0000e+00
     59.000   0.336991     2.4093 8.1677e-02      1.065     8.1237  1002.8046     3.1687     60.163          4 0.0000e+00
     60.000   0.337552     2.4032 8.1636e-02      1.098     8.0995  1002.8144     3.1749     61.183          3 0.0000e+00
     61.000   0.338524     2.4028 8.1665e-02      1.122     8.0791  1002.8271     3.1846     62.203          4 0.0000e+00
     62.000   0.339825     2.4047 8.1343e-02      1.092     8.0615  1002.8424     3.1973     63.222          4 0.0000e+00
     63.000   0.341326     2.4049 8.1731e-02      1.062     8.0193  1002.8594     3.2122     64.242          4 0.0000e+00
     64.000   0.342907     2.4077 8.1952e-02      1.065     7.9750  1002.8768     3.2277     65.262          3 0.0000e+00
     65.000   0.344471     2.4032 8.2232e-02      1.098     7.9355  1002.8946     3.2437     66.281          4 0.0000e+00
     66.000   0.346039     2.3951 8.1682e-02      1.108     7.9064  1002.9126     3.2602     67.301          3 0.0000e+00
     67.000   0.347650     2.3848 8.1805e-02      1.099     7.8810  1002.9312     3.2773     68.321          4 0.0000e+00
     68.000   0.348995     2.3691 8.1489e-02      1.101     7.8475  1002.9480     3.2923     69.341          4 0.0000e+00
     69.000   0.350201     2.3501 8.1587e-02      1.127     7.8345  1002.9640     3.3064     70.360          3 0.0000e+00
     70.000   0.350929     2.3301 8.1576e-02      1.153     7.8079  1002.9762     3.3157     71.380          4 0.0000e+00
     71.000   0.351274     2.3156 8.1815e-02      1.153     7.7931  1002.9850     3.3206     72.400          3 0.0000e+00
     72.000   0.351461     2.3099 8.1602e-02      1.148     7.8015  1002.9918     3.3230     73.419          4 0.0000e+00
     73.000   0.351633     2.3078 8.2012e-02      1.136     7.8050  1002.9982     3.3249     74.439          3 0.0000e+00
     74.000   0.351915     2.3007 8.1824e-02      1.144     7.7943  1003.0059     3.3284     75.459          4 0.0000e+00
     75.000   0.352186     2.2914 8.1936e-02      1.151     7.7911  1003.0137     3.3320     76.479          3 0.0000e+00
     76.000   0.352434     2.2851 8.1866e-02      1.123     7.8130  1003.0210     3.3351     77.498          4 0.0000e+00
     77.000   0.352584     2.2790 8.1848e-02      1.091     7.8237  1003.0276     3.3372     78.518          3 0.0000e+00
     78.000   0.352650     2.2751 8.1978e-02      1.108     7.7984  1003.0333     3.3382     79.538          4 0.0000e+00
     79.000   0.352698     2.2743 8.1641e-02      1.148     7.7884  1003.0386     3.3387     80.557          3 0.0000e+00
     80.000   0.352745     2.2748 8.1722e-02      1.151     7.7909  1003.0439     3.3391     81.577          4 0.0000e+00
     81.000   0.352800     2.2721 8.1856e-02      1.117     7.7905  1003.0495     3.3399     82.597          3 0.0000e+00
     82.000   0.352782     2.2726 8.1825e-02      1.115     7.7899  1003.0542     3.3396     83.617          4 0.0000e+00
     83.000   0.352782     2.2754 8.1927e-02      1.150     7.7794  1003.0589     3.3392     84.636          3 0.0000e+00
     84.000   0.352839     2.2745 8.1640e-02      1.166     7.7776  1003.0644     3.3398     85.656          4 0.0000e+00
     85.000   0.352925     2.2725 8.1948e-02      1.146     7.7933  1003.0701     3.3408     86.676          4 0.0000e+00
     86.000   0.353007     2.2674 8.1703e-02      1.099     7.7958  1003.0760     3.3422     87.696          3 0.0000e+00
     87.000   0.353106     2.2602 8.1391e-02      1.098     7.7891  1003.0823     3.3438     88.715          4 0.0000e+00
     88.000   0.353219     2.2552 8.1742e-02      1.142     7.7831  1003.0884     3.3454     89.735          4 0.0000e+00
     89.000   0.353407     2.2524 8.1727e-02      1.141     7.7245  1003.0951     3.3475     90.755          4 0.0000e+00
     90.000   0.353844     2.2531 8.1723e-02      0.800     7.5178  1003.1035     3.3518     91.774         10 0.0000e+00
     91.000   0.353695     2.2481 8.1771e-02      0.796     7.6355  1003.1076     3.3508     92.794          5 0.0000e+00
     92.000   0.353990     2.2362 8.1811e-02      0.859     7.6246  1003.1157     3.3549     93.814          4 0.0000e+00
     93.000   0.354310     2.2267 8.1948e-02      0.908     7.5111  1003.1238     3.3590     94.834          5 0.0000e+00
     94.000   0.354769     2.2365 8.2205e-02      0.562     7.3939  1003.1318     3.3626     95.853         12 0.0000e+00
