ctdpy/exports/archive_20191121_115250/received_data/a5_v03_18.cnv
* Sea-Bird SBE19plus Data File:
* FileName = C:\CTD\CTD 2018\v01_k03\A5_v03_2018.hex
* Software Version 1.59
* Temperature SN =  4644
* Conductivity SN =  4644
* System UpLoad Time = Jan 17 2018 19:04:20
** A5 k01 v3 2018
**
# nquan = 11
# nvalues = 95                          
# units = specified
# name 0 = prdM: Pressure, Strain Gauge [db]
# name 1 = c0S/m: Conductivity [S/m]
# name 2 = tv290C: Temperature [ITS-90, deg C]
# name 3 = par: PAR/Irradiance, Biospherical/Licor
# name 4 = dz/dtM: Descent Rate [m/s]
# name 5 = sbeox0ML/L: Oxygen, SBE 43 [ml/l]
# name 6 = density00: Density [density, kg/m^3]
# name 7 = sal00: Salinity, Practical [PSU]
# name 8 = depFM: Depth [fresh water, m], lat = 0
# name 9 = nbin: number of scans per bin
# name 10 = flag: flag
# span 0 =      1.000,     95.000       
# span 1 =   0.277678,   0.292623       
# span 2 =     0.3147,     0.6520       
# span 3 = 4.3617e-02, 6.9695e-01       
# span 4 =      0.149,      1.339       
# span 5 =     8.7401,     9.6018       
# span 6 =  1002.1191,  1002.7068       
# span 7 =     2.7586,     2.8832       
# span 8 =      1.020,     96.873       
# span 9 =          3,         12       
# span 10 = 0.0000e+00, 0.0000e+00      
# interval = decibars: 1                
# start_time = Jan 17 2018 18:36:24 [Instrument's time stamp, header]
# bad_flag = -9.990e-29
*END*
      1.000   0.277678     0.3628 6.9695e-01      0.149     9.6018  1002.1191     2.7586      1.020         11 0.0000e+00
      2.000   0.280808     0.3227 4.5214e-01      0.419     9.0522  1002.1518     2.7952      2.039          5 0.0000e+00
      3.000   0.280862     0.3218 2.0244e-01      1.030     9.1017  1002.1573     2.7958      3.059          5 0.0000e+00
      4.000   0.280884     0.3221 1.8042e-01      0.725     9.1757  1002.1624     2.7959      4.079          4 0.0000e+00
      5.000   0.280892     0.3223 8.0270e-02      0.893     9.1908  1002.1675     2.7959      5.099          4 0.0000e+00
      6.000   0.280875     0.3211 5.4378e-02      1.106     9.1850  1002.1724     2.7958      6.118          4 0.0000e+00
      7.000   0.280852     0.3195 4.7742e-02      1.065     9.1864  1002.1772     2.7956      7.138          4 0.0000e+00
      8.000   0.280844     0.3186 4.4392e-02      1.026     9.1778  1002.1822     2.7956      8.158          4 0.0000e+00
      9.000   0.280849     0.3182 4.3676e-02      1.071     9.1572  1002.1872     2.7956      9.178          4 0.0000e+00
     10.000   0.280858     0.3180 4.3617e-02      1.059     9.1583  1002.1924     2.7956     10.197          3 0.0000e+00
     11.000   0.280869     0.3184 4.3617e-02      0.984     9.1679  1002.1974     2.7957     11.217          4 0.0000e+00
     12.000   0.280889     0.3192 4.3617e-02      1.020     9.1458  1002.2025     2.7957     12.236          4 0.0000e+00
     13.000   0.280900     0.3196 4.3617e-02      1.178     9.1109  1002.2076     2.7958     13.256          3 0.0000e+00
     14.000   0.280903     0.3194 4.3617e-02      1.292     9.0961  1002.2127     2.7958     14.276          3 0.0000e+00
     15.000   0.280910     0.3192 4.3617e-02      1.238     9.1071  1002.2177     2.7958     15.296          4 0.0000e+00
     16.000   0.280910     0.3186 4.3617e-02      1.094     9.1383  1002.2227     2.7958     16.316          4 0.0000e+00
     17.000   0.280900     0.3174 4.3617e-02      0.969     9.1786  1002.2277     2.7957     17.335          4 0.0000e+00
     18.000   0.280892     0.3165 4.3617e-02      0.969     9.1972  1002.2326     2.7957     18.355          3 0.0000e+00
     19.000   0.280880     0.3152 4.3617e-02      1.080     9.1736  1002.2376     2.7956     19.375          4 0.0000e+00
     20.000   0.280880     0.3147 4.3617e-02      1.239     9.1381  1002.2425     2.7956     20.394          3 0.0000e+00
     21.000   0.280916     0.3166 4.3617e-02      1.339     9.1170  1002.2479     2.7957     21.414          3 0.0000e+00
     22.000   0.280980     0.3198 4.3617e-02      1.215     9.1140  1002.2533     2.7961     22.434          4 0.0000e+00
     23.000   0.280987     0.3203 4.3617e-02      0.991     9.1497  1002.2583     2.7960     23.454          4 0.0000e+00
     24.000   0.281010     0.3219 4.3617e-02      0.947     9.1757  1002.2635     2.7961     24.473          3 0.0000e+00
     25.000   0.281043     0.3235 4.3617e-02      1.117     9.1631  1002.2687     2.7962     25.493          4 0.0000e+00
     26.000   0.281081     0.3248 4.3617e-02      1.289     9.1340  1002.2740     2.7965     26.513          3 0.0000e+00
     27.000   0.281109     0.3256 4.3617e-02      1.277     9.1089  1002.2793     2.7966     27.532          4 0.0000e+00
     28.000   0.281131     0.3266 4.3617e-02      1.126     9.1130  1002.2844     2.7967     28.552          3 0.0000e+00
     29.000   0.281171     0.3283 4.3617e-02      1.015     9.1331  1002.2897     2.7969     29.572          4 0.0000e+00
     30.000   0.281234     0.3311 4.3617e-02      1.022     9.1429  1002.2952     2.7972     30.592          3 0.0000e+00
     31.000   0.281304     0.3343 4.3617e-02      1.129     9.1487  1002.3007     2.7976     31.611          4 0.0000e+00
     32.000   0.281397     0.3382 4.3617e-02      1.200     9.1582  1002.3064     2.7982     32.631          3 0.0000e+00
     33.000   0.281432     0.3398 4.3617e-02      1.195     9.1559  1002.3116     2.7984     33.651          4 0.0000e+00
     34.000   0.281428     0.3398 4.3617e-02      1.179     9.1434  1002.3166     2.7982     34.671          3 0.0000e+00
     35.000   0.281412     0.3391 4.3617e-02      1.127     9.1474  1002.3215     2.7981     35.690          4 0.0000e+00
     36.000   0.281400     0.3385 4.3617e-02      1.061     9.1596  1002.3264     2.7979     36.710          4 0.0000e+00
     37.000   0.281395     0.3382 4.3617e-02      1.090     9.1543  1002.3313     2.7978     37.730          3 0.0000e+00
     38.000   0.281405     0.3386 4.3617e-02      1.187     9.1288  1002.3364     2.7979     38.749          3 0.0000e+00
     39.000   0.281420     0.3394 4.3617e-02      1.232     9.1007  1002.3415     2.7979     39.769          4 0.0000e+00
     40.000   0.281471     0.3423 4.3617e-02      1.152     9.0964  1002.3469     2.7981     40.789          4 0.0000e+00
     41.000   0.281652     0.3511 4.3617e-02      0.987     9.1379  1002.3532     2.7991     41.808          4 0.0000e+00
     42.000   0.281871     0.3600 4.3617e-02      0.911     9.1517  1002.3598     2.8006     42.828          3 0.0000e+00
     43.000   0.281981     0.3651 4.3617e-02      1.087     9.1247  1002.3656     2.8012     43.848          4 0.0000e+00
     44.000   0.282132     0.3715 4.3617e-02      1.302     9.1146  1002.3718     2.8022     44.867          3 0.0000e+00
     45.000   0.282298     0.3788 4.3617e-02      1.331     9.1183  1002.3780     2.8032     45.887          3 0.0000e+00
     46.000   0.282563     0.3879 4.3617e-02      1.126     9.1316  1002.3850     2.8051     46.907          4 0.0000e+00
     47.000   0.282844     0.3965 4.3617e-02      1.018     9.1412  1002.3922     2.8072     47.927          4 0.0000e+00
     48.000   0.283111     0.4033 4.3617e-02      1.075     9.1352  1002.3993     2.8093     48.946          3 0.0000e+00
     49.000   0.283445     0.4097 4.3617e-02      1.161     9.1214  1002.4069     2.8122     49.966          4 0.0000e+00
     50.000   0.283896     0.4164 4.3617e-02      1.188     9.1089  1002.4156     2.8163     50.986          3 0.0000e+00
     51.000   0.284337     0.4220 4.3617e-02      1.158     9.0961  1002.4242     2.8203     52.006          4 0.0000e+00
     52.000   0.284675     0.4260 4.3617e-02      1.106     9.0982  1002.4319     2.8235     53.025          3 0.0000e+00
     53.000   0.284806     0.4281 4.3617e-02      1.072     9.1075  1002.4380     2.8246     54.045          4 0.0000e+00
     54.000   0.285048     0.4319 4.3617e-02      1.066     9.1229  1002.4449     2.8267     55.065          4 0.0000e+00
     55.000   0.285435     0.4391 4.3617e-02      1.072     9.1439  1002.4531     2.8301     56.084          3 0.0000e+00
     56.000   0.286026     0.4516 4.3617e-02      1.109     9.1209  1002.4627     2.8350     57.104          4 0.0000e+00
     57.000   0.286667     0.4657 4.3617e-02      1.189     9.0863  1002.4728     2.8404     58.124          3 0.0000e+00
     58.000   0.287066     0.4757 4.3617e-02      1.177     9.0957  1002.4809     2.8436     59.144          4 0.0000e+00
     59.000   0.287336     0.4846 4.3617e-02      1.020     9.1233  1002.4879     2.8456     60.163          4 0.0000e+00
     60.000   0.287739     0.4972 4.3617e-02      0.968     9.1329  1002.4959     2.8486     61.183          4 0.0000e+00
     61.000   0.287996     0.5057 4.3617e-02      1.085     9.1326  1002.5029     2.8504     62.203          3 0.0000e+00
     62.000   0.288102     0.5103 4.3617e-02      1.174     9.1238  1002.5086     2.8511     63.222          4 0.0000e+00
     63.000   0.288212     0.5138 4.3617e-02      1.115     9.1214  1002.5144     2.8519     64.242          4 0.0000e+00
     64.000   0.288276     0.5129 4.3617e-02      1.028     9.1239  1002.5200     2.8525     65.262          4 0.0000e+00
     65.000   0.288291     0.5086 4.3617e-02      1.026     9.1177  1002.5252     2.8530     66.282          3 0.0000e+00
     66.000   0.288283     0.5038 4.3617e-02      1.116     9.1028  1002.5303     2.8533     67.301          4 0.0000e+00
     67.000   0.288258     0.5005 4.3617e-02      1.177     9.0921  1002.5351     2.8533     68.321          3 0.0000e+00
     68.000   0.288397     0.5026 4.3617e-02      1.106     9.1150  1002.5413     2.8545     69.341          4 0.0000e+00
     69.000   0.288684     0.5078 4.3617e-02      0.992     9.1411  1002.5485     2.8570     70.360          4 0.0000e+00
     70.000   0.288830     0.5125 4.3617e-02      1.028     9.1467  1002.5546     2.8580     71.380          4 0.0000e+00
     71.000   0.288949     0.5165 4.3617e-02      1.152     9.1353  1002.5605     2.8588     72.400          3 0.0000e+00
     72.000   0.288982     0.5175 4.3617e-02      1.218     9.1304  1002.5657     2.8590     73.420          3 0.0000e+00
     73.000   0.289019     0.5198 4.3617e-02      1.150     9.1344  1002.5709     2.8591     74.439          4 0.0000e+00
     74.000   0.289125     0.5255 4.3617e-02      1.091     9.1206  1002.5767     2.8596     75.459          4 0.0000e+00
     75.000   0.289204     0.5304 4.3617e-02      1.115     9.1127  1002.5822     2.8600     76.479          3 0.0000e+00
     76.000   0.289223     0.5321 4.3617e-02      1.089     9.1234  1002.5872     2.8600     77.499          4 0.0000e+00
     77.000   0.289254     0.5331 4.3617e-02      0.969     9.1436  1002.5925     2.8601     78.518          4 0.0000e+00
     78.000   0.289296     0.5344 4.3617e-02      0.994     9.1384  1002.5978     2.8604     79.538          4 0.0000e+00
     79.000   0.289322     0.5349 4.3617e-02      1.162     9.1124  1002.6029     2.8605     80.558          3 0.0000e+00
     80.000   0.289382     0.5359 4.3617e-02      1.294     9.0855  1002.6084     2.8610     81.577          3 0.0000e+00
     81.000   0.289477     0.5372 4.3617e-02      1.229     9.0835  1002.6142     2.8618     82.597          4 0.0000e+00
     82.000   0.289526     0.5376 4.3617e-02      1.028     9.1292  1002.6196     2.8623     83.616          4 0.0000e+00
     83.000   0.289568     0.5398 4.3617e-02      0.930     9.1445  1002.6248     2.8625     84.636          4 0.0000e+00
     84.000   0.289638     0.5448 4.3617e-02      1.005     9.1404  1002.6303     2.8626     85.656          3 0.0000e+00
     85.000   0.289674     0.5482 4.3617e-02      1.163     9.1120  1002.6354     2.8627     86.676          4 0.0000e+00
     86.000   0.289670     0.5488 4.3617e-02      1.285     9.0614  1002.6404     2.8625     87.695          3 0.0000e+00
     87.000   0.289648     0.5482 4.3617e-02      1.255     9.0383  1002.6451     2.8623     88.715          4 0.0000e+00
     88.000   0.289637     0.5478 4.3617e-02      1.039     9.0602  1002.6501     2.8621     89.735          4 0.0000e+00
     89.000   0.289647     0.5481 4.3617e-02      0.857     9.1214  1002.6551     2.8621     90.755          4 0.0000e+00
     90.000   0.289667     0.5494 4.3617e-02      0.957     9.1158  1002.6602     2.8622     91.774          4 0.0000e+00
     91.000   0.289751     0.5542 4.3617e-02      1.213     9.0601  1002.6657     2.8625     92.794          4 0.0000e+00
     92.000   0.289946     0.5657 4.3617e-02      1.090     8.9231  1002.6720     2.8635     93.814          6 0.0000e+00
     93.000   0.290300     0.5823 4.3617e-02      0.400     8.7952  1002.6795     2.8655     94.834          9 0.0000e+00
     94.000   0.290979     0.6116 4.3617e-02      0.232     8.7401  1002.6892     2.8699     95.853         12 0.0000e+00
     95.000   0.292623     0.6520 4.3617e-02      0.645     8.9102  1002.7068     2.8832     96.873          4 0.0000e+00
