ctdpy/exports/archive_20191121_115250/received_data/a5_v41_18.cnv
* Sea-Bird SBE19plus Data File:
* FileName = C:\CTD\CTD 2018\v41\A5_v41_18.hex
* Software Version 1.59
* Temperature SN =  4644
* Conductivity SN =  4644
* System UpLoad Time = Oct 10 2018 10:16:39
** A5 k23 v41 2018
* ds
# nquan = 11
# nvalues = 89                          
# units = specified
# name 0 = prdM: Pressure, Strain Gauge [db]
# name 1 = c0S/m: Conductivity [S/m]
# name 2 = tv290C: Temperature [ITS-90, deg C]
# name 3 = par: PAR/Irradiance, Biospherical/Licor
# name 4 = dz/dtM: Descent Rate [m/s]
# name 5 = sbeox0ML/L: Oxygen, SBE 43 [ml/l]
# name 6 = density00: Density [density, kg/m^3]
# name 7 = sal00: Salinity, Practical [PSU]
# name 8 = depFM: Depth [fresh water, m], lat = 58
# name 9 = nbin: number of scans per bin
# name 10 = flag: flag
# span 0 =      1.000,     89.000       
# span 1 =   0.335775,   0.359592       
# span 2 =     2.4172,     9.4916       
# span 3 = 8.3392e-02, 2.5868e+01       
# span 4 =      0.053,      1.468       
# span 5 =     6.8087,     8.1865       
# span 6 =  1001.9135,  1003.0309       
# span 7 =     2.7559,     3.2647       
# span 8 =      1.020,     90.755       
# span 9 =          3,          6       
# span 10 = 0.0000e+00, 0.0000e+00      
# interval = decibars: 1                
# start_time = Oct 10 2018 09:47:03 [Instrument's time stamp, header]
# bad_flag = -9.990e-29
*END*
      1.000   0.359416     9.4916 2.5868e+01      0.063     6.8087  1001.9135     2.7561      1.020          4 0.0000e+00
      2.000   0.359314     9.4839 2.1760e+01      0.053     7.4487  1001.9188     2.7559      2.040          6 0.0000e+00
      3.000   0.359365     9.4806 9.6576e+00      0.575     7.4425  1001.9243     2.7565      3.059          5 0.0000e+00
      4.000   0.359381     9.4780 5.6765e+00      0.997     7.3335  1001.9295     2.7568      4.079          4 0.0000e+00
      5.000   0.359402     9.4765 3.3622e+00      1.193     7.2978  1001.9346     2.7570      5.098          4 0.0000e+00
      6.000   0.359421     9.4754 2.3198e+00      1.078     7.3318  1001.9396     2.7572      6.118          4 0.0000e+00
      7.000   0.359436     9.4752 1.6170e+00      0.929     7.3111  1001.9445     2.7573      7.138          4 0.0000e+00
      8.000   0.359446     9.4747 1.0901e+00      0.968     7.2546  1001.9494     2.7574      8.158          3 0.0000e+00
      9.000   0.359455     9.4738 7.9179e-01      1.154     7.2499  1001.9543     2.7575      9.177          4 0.0000e+00
     10.000   0.359467     9.4733 6.2155e-01      1.214     7.3147  1001.9592     2.7576     10.197          3 0.0000e+00
     11.000   0.359479     9.4729 5.0337e-01      1.077     7.3950  1001.9641     2.7577     11.217          4 0.0000e+00
     12.000   0.359484     9.4721 3.7670e-01      0.969     7.4085  1001.9689     2.7577     12.237          4 0.0000e+00
     13.000   0.359488     9.4703 2.7182e-01      1.007     7.3727  1001.9739     2.7578     13.256          3 0.0000e+00
     14.000   0.359500     9.4696 2.1914e-01      1.181     7.2923  1001.9789     2.7580     14.276          4 0.0000e+00
     15.000   0.359507     9.4693 1.8561e-01      1.329     7.2392  1001.9837     2.7580     15.296          3 0.0000e+00
     16.000   0.359516     9.4696 1.6412e-01      1.261     7.3031  1001.9884     2.7580     16.315          4 0.0000e+00
     17.000   0.359521     9.4696 1.4562e-01      1.010     7.4065  1001.9932     2.7580     17.335          4 0.0000e+00
     18.000   0.359516     9.4697 1.2584e-01      0.845     7.4195  1001.9979     2.7579     18.355          4 0.0000e+00
     19.000   0.359512     9.4683 1.0948e-01      0.945     7.3424  1002.0028     2.7579     19.374          3 0.0000e+00
     20.000   0.359515     9.4674 1.0146e-01      1.226     7.2635  1002.0077     2.7580     20.394          3 0.0000e+00
     21.000   0.359528     9.4680 9.6579e-02      1.468     7.2343  1002.0124     2.7580     21.414          3 0.0000e+00
     22.000   0.359540     9.4686 9.4443e-02      1.434     7.2795  1002.0172     2.7580     22.434          4 0.0000e+00
     23.000   0.359535     9.4638 9.2280e-02      1.131     7.3630  1002.0226     2.7583     23.454          4 0.0000e+00
     24.000   0.359529     9.4555 9.0259e-02      0.870     7.4028  1002.0285     2.7588     24.473          4 0.0000e+00
     25.000   0.359538     9.4532 8.8518e-02      0.869     7.3680  1002.0336     2.7590     25.493          3 0.0000e+00
     26.000   0.359550     9.4541 8.7562e-02      1.076     7.2706  1002.0383     2.7590     26.513          4 0.0000e+00
     27.000   0.359557     9.4538 8.6812e-02      1.314     7.2165  1002.0431     2.7591     27.532          3 0.0000e+00
     28.000   0.359570     9.4548 8.6217e-02      1.421     7.2473  1002.0478     2.7590     28.552          3 0.0000e+00
     29.000   0.359580     9.4558 8.6155e-02      1.253     7.3403  1002.0525     2.7590     29.572          4 0.0000e+00
     30.000   0.359582     9.4541 8.5751e-02      0.972     7.3929  1002.0575     2.7591     30.591          4 0.0000e+00
     31.000   0.359579     9.4516 8.5281e-02      0.898     7.3820  1002.0625     2.7592     31.611          3 0.0000e+00
     32.000   0.359582     9.4502 8.5346e-02      1.081     7.3511  1002.0675     2.7593     32.631          4 0.0000e+00
     33.000   0.359592     9.4503 8.5460e-02      1.264     7.3431  1002.0723     2.7593     33.651          3 0.0000e+00
     34.000   0.359571     9.4436 8.4853e-02      1.336     7.3980  1002.0779     2.7597     34.670          3 0.0000e+00
     35.000   0.359466     9.4204 8.5202e-02      1.270     7.4610  1002.0854     2.7605     35.690          3 0.0000e+00
     36.000   0.359252     9.3773 8.5361e-02      1.143     7.4673  1002.0952     2.7620     36.710          4 0.0000e+00
     37.000   0.358376     9.2288 8.5006e-02      1.098     7.4577  1002.1161     2.7662     37.730          4 0.0000e+00
     38.000   0.355783     8.8562 8.5121e-02      1.094     7.4997  1002.1578     2.7736     38.749          3 0.0000e+00
     39.000   0.351483     8.3281 8.4954e-02      1.093     7.6902  1002.2077     2.7789     39.769          4 0.0000e+00
     40.000   0.346944     7.7815 8.4751e-02      1.117     7.8859  1002.2548     2.7836     40.789          3 0.0000e+00
     41.000   0.343235     7.3130 8.4891e-02      1.178     7.7805  1002.2938     2.7891     41.809          3 0.0000e+00
     42.000   0.341577     6.9680 8.4918e-02      1.260     7.6112  1002.3290     2.8025     42.828          4 0.0000e+00
     43.000   0.341211     6.5744 8.4719e-02      1.234     7.7563  1002.3772     2.8315     43.848          4 0.0000e+00
     44.000   0.340740     6.0626 8.4767e-02      1.047     8.0546  1002.4362     2.8700     44.868          3 0.0000e+00
     45.000   0.339569     5.6167 8.4751e-02      0.928     8.1865  1002.4802     2.8973     45.887          4 0.0000e+00
     46.000   0.337962     5.2158 8.4821e-02      1.071     7.9644  1002.5142     2.9173     46.907          3 0.0000e+00
     47.000   0.336455     4.7953 8.4529e-02      1.321     7.7321  1002.5488     2.9402     47.927          3 0.0000e+00
     48.000   0.336044     4.3972 8.4585e-02      1.366     7.7252  1002.5872     2.9719     48.947          4 0.0000e+00
     49.000   0.336516     4.1135 8.4650e-02      1.063     7.9327  1002.6206     3.0020     49.966          4 0.0000e+00
     50.000   0.336481     3.8800 8.4523e-02      0.795     8.0806  1002.6451     3.0231     50.985          4 0.0000e+00
     51.000   0.335889     3.6110 8.4530e-02      0.920     8.0948  1002.6676     3.0424     52.006          4 0.0000e+00
     52.000   0.335775     3.3783 8.4277e-02      1.159     8.0390  1002.6901     3.0631     53.025          3 0.0000e+00
     53.000   0.336035     3.1335 8.4493e-02      1.323     7.7991  1002.7158     3.0889     54.045          3 0.0000e+00
     54.000   0.336820     2.9421 8.4713e-02      1.326     7.6360  1002.7412     3.1150     55.065          4 0.0000e+00
     55.000   0.338332     2.8387 8.4426e-02      1.147     7.7113  1002.7655     3.1399     56.084          4 0.0000e+00
     56.000   0.339853     2.8068 8.4611e-02      0.862     7.8691  1002.7848     3.1579     57.104          4 0.0000e+00
     57.000   0.340177     2.8061 8.4593e-02      0.863     7.8820  1002.7923     3.1611     58.124          4 0.0000e+00
     58.000   0.340252     2.7776 8.4308e-02      1.145     7.7298  1002.7999     3.1646     59.143          3 0.0000e+00
     59.000   0.340813     2.7430 8.4026e-02      1.400     7.5311  1002.8118     3.1735     60.163          3 0.0000e+00
     60.000   0.342265     2.7280 8.4382e-02      1.298     7.4655  1002.8292     3.1893     61.183          4 0.0000e+00
     61.000   0.343726     2.7189 8.4450e-02      0.863     7.6582  1002.8464     3.2046     62.203          4 0.0000e+00
     62.000   0.343597     2.7198 8.4696e-02      0.767     7.8197  1002.8503     3.2033     63.222          4 0.0000e+00
     63.000   0.343060     2.6742 8.4012e-02      1.070     7.7604  1002.8542     3.2024     64.242          3 0.0000e+00
     64.000   0.343023     2.6180 8.4339e-02      1.381     7.6383  1002.8628     3.2076     65.262          3 0.0000e+00
     65.000   0.343684     2.5912 8.4242e-02      1.423     7.5736  1002.8750     3.2168     66.281          4 0.0000e+00
     66.000   0.344633     2.5690 8.4350e-02      1.087     7.6338  1002.8890     3.2285     67.301          4 0.0000e+00
     67.000   0.344973     2.5674 8.4009e-02      0.806     7.7167  1002.8968     3.2319     68.321          4 0.0000e+00
     68.000   0.344681     2.5559 8.4257e-02      0.958     7.7194  1002.9002     3.2301     69.341          4 0.0000e+00
     69.000   0.344574     2.5247 8.3787e-02      1.179     7.7143  1002.9064     3.2321     70.360          3 0.0000e+00
     70.000   0.344692     2.5005 8.4247e-02      1.253     7.7087  1002.9140     3.2357     71.380          3 0.0000e+00
     71.000   0.344894     2.4942 8.4236e-02      1.214     7.6725  1002.9210     3.2383     72.400          4 0.0000e+00
     72.000   0.345098     2.4904 8.4069e-02      1.188     7.6116  1002.9278     3.2407     73.419          3 0.0000e+00
     73.000   0.345385     2.4843 8.3903e-02      1.132     7.5954  1002.9354     3.2441     74.440          4 0.0000e+00
     74.000   0.345745     2.4802 8.3967e-02      0.972     7.6621  1002.9435     3.2481     75.459          4 0.0000e+00
     75.000   0.345780     2.4802 8.3937e-02      0.868     7.7347  1002.9487     3.2483     76.479          4 0.0000e+00
     76.000   0.345483     2.4676 8.3834e-02      1.025     7.6961  1002.9521     3.2466     77.499          3 0.0000e+00
     77.000   0.345289     2.4481 8.3406e-02      1.314     7.5786  1002.9569     3.2466     78.518          3 0.0000e+00
     78.000   0.345511     2.4410 8.3789e-02      1.438     7.4976  1002.9640     3.2495     79.538          4 0.0000e+00
     79.000   0.345991     2.4396 8.3855e-02      1.207     7.5046  1002.9729     3.2543     80.558          4 0.0000e+00
     80.000   0.346336     2.4468 8.3950e-02      0.862     7.5894  1002.9801     3.2570     81.577          4 0.0000e+00
     81.000   0.346331     2.4668 8.3845e-02      0.844     7.6814  1002.9835     3.2548     82.597          4 0.0000e+00
     82.000   0.346048     2.4584 8.3772e-02      1.014     7.7044  1002.9868     3.2528     83.617          4 0.0000e+00
     83.000   0.345891     2.4428 8.3851e-02      1.155     7.6627  1002.9915     3.2528     84.636          3 0.0000e+00
     84.000   0.345833     2.4297 8.3392e-02      1.269     7.5668  1002.9969     3.2534     85.656          3 0.0000e+00
     85.000   0.345965     2.4199 8.3696e-02      1.295     7.4853  1003.0035     3.2557     86.676          4 0.0000e+00
     86.000   0.346325     2.4172 8.3568e-02      1.053     7.5414  1003.0116     3.2595     87.696          5 0.0000e+00
     87.000   0.346484     2.4223 8.3528e-02      0.750     7.6454  1003.0174     3.2605     88.715          4 0.0000e+00
     88.000   0.346347     2.4191 8.3659e-02      0.902     7.5321  1003.0214     3.2594     89.735          5 0.0000e+00
     89.000   0.347099     2.4405 8.3568e-02      0.954     7.2326  1003.0309     3.2647     90.755          6 0.0000e+00
