ctdpy/exports/archive_20191121_115250/received_data/a5_v17_18.cnv
* Sea-Bird SBE19plus Data File:
* FileName = C:\CTD\CTD 2018\v17\A5_v17_18.hex
* Software Version 1.59
* Temperature SN =  7668
* Conductivity SN =  7668
* System UpLoad Time = Apr 25 2018 09:47:57
** A5 k08 v17 2018
* ds
# nquan = 10
# nvalues = 90                          
# units = specified
# name 0 = prdM: Pressure, Strain Gauge [db]
# name 1 = c0S/m: Conductivity [S/m]
# name 2 = tv290C: Temperature [ITS-90, deg C]
# name 3 = par: PAR/Irradiance, Biospherical/Licor
# name 4 = dz/dtM: Descent Rate [m/s]
# name 5 = density00: Density [density, kg/m^3]
# name 6 = sal00: Salinity, Practical [PSU]
# name 7 = depFM: Depth [fresh water, m], lat = 0
# name 8 = nbin: number of scans per bin
# name 9 = flag: flag
# span 0 =      1.000,     90.000       
# span 1 =   0.284518,   0.350036       
# span 2 =    -0.0601,     2.8887       
# span 3 = -2.125e-04, 1.8878e+02       
# span 4 =      0.168,      1.166       
# span 5 =  1002.1930,  1003.0158       
# span 6 =     2.8647,     3.2489       
# span 7 =      1.020,     91.774       
# span 8 =          3,         24       
# span 9 = 0.0000e+00, 0.0000e+00       
# interval = decibars: 1                
# start_time = Apr 25 2018 09:19:50 [Instrument's time stamp, header]
# bad_flag = -9.990e-29
*END*
      1.000   0.286856     0.2029 1.8878e+02      0.168  1002.2014     2.8703      1.020         10 0.0000e+00
      2.000   0.284872     0.0379 7.3886e+01      0.680  1002.1930     2.8647      2.039          6 0.0000e+00
      3.000   0.284613     0.0065 4.2518e+01      0.788  1002.1964     2.8649      3.059          5 0.0000e+00
      4.000   0.284518    -0.0051 2.7324e+01      0.757  1002.2008     2.8649      4.079          5 0.0000e+00
      5.000   0.284542    -0.0050 1.7485e+01      0.838  1002.2060     2.8651      5.098          4 0.0000e+00
      6.000   0.284651    -0.0006 1.1920e+01      0.901  1002.2119     2.8658      6.118          5 0.0000e+00
      7.000   0.284664    -0.0032 7.8902e+00      0.911  1002.2171     2.8661      7.138          4 0.0000e+00
      8.000   0.284616    -0.0101 5.5436e+00      0.935  1002.2218     2.8662      8.158          4 0.0000e+00
      9.000   0.284611    -0.0150 3.9967e+00      0.958  1002.2269     2.8665      9.177          5 0.0000e+00
     10.000   0.284611    -0.0180 2.8241e+00      0.973  1002.2319     2.8667     10.197          4 0.0000e+00
     11.000   0.284639    -0.0191 2.0760e+00      0.970  1002.2372     2.8671     11.217          4 0.0000e+00
     12.000   0.284684    -0.0198 1.4859e+00      0.959  1002.2427     2.8675     12.237          4 0.0000e+00
     13.000   0.284727    -0.0206 1.0537e+00      0.970  1002.2480     2.8680     13.256          4 0.0000e+00
     14.000   0.284766    -0.0214 7.7778e-01      0.980  1002.2534     2.8685     14.276          4 0.0000e+00
     15.000   0.284803    -0.0218 5.5276e-01      0.975  1002.2588     2.8689     15.296          4 0.0000e+00
     16.000   0.284837    -0.0221 3.8877e-01      0.976  1002.2641     2.8691     16.315          4 0.0000e+00
     17.000   0.284860    -0.0222 2.7619e-01      0.983  1002.2693     2.8694     17.335          4 0.0000e+00
     18.000   0.284888    -0.0220 1.8275e-01      0.980  1002.2745     2.8696     18.355          4 0.0000e+00
     19.000   0.284912    -0.0222 1.2776e-01      0.973  1002.2797     2.8698     19.375          4 0.0000e+00
     20.000   0.284921    -0.0226 7.1041e-02      0.988  1002.2848     2.8699     20.394          4 0.0000e+00
     21.000   0.284927    -0.0231 2.9939e-02      1.011  1002.2899     2.8699     21.414          4 0.0000e+00
     22.000   0.284943    -0.0233 -2.125e-04      1.021  1002.2950     2.8701     22.434          4 0.0000e+00
     23.000   0.284978    -0.0225 -1.207e-06      1.001  1002.3003     2.8703     23.453          5 0.0000e+00
     24.000   0.285041    -0.0213 1.0000e-12      0.980  1002.3058     2.8708     24.473          4 0.0000e+00
     25.000   0.285135    -0.0202 1.0000e-12      0.956  1002.3117     2.8716     25.493          4 0.0000e+00
     26.000   0.285218    -0.0195 1.0000e-12      0.949  1002.3174     2.8723     26.513          4 0.0000e+00
     27.000   0.285253    -0.0192 1.0000e-12      0.950  1002.3227     2.8727     27.532          4 0.0000e+00
     28.000   0.285290    -0.0186 1.0000e-12      0.958  1002.3280     2.8729     28.552          4 0.0000e+00
     29.000   0.285338    -0.0176 1.0000e-12      0.963  1002.3334     2.8733     29.572          4 0.0000e+00
     30.000   0.285374    -0.0169 1.0000e-12      0.968  1002.3387     2.8735     30.592          4 0.0000e+00
     31.000   0.285409    -0.0159 1.0000e-12      0.978  1002.3440     2.8738     31.611          4 0.0000e+00
     32.000   0.285471    -0.0145 1.0000e-12      1.041  1002.3495     2.8742     32.631          4 0.0000e+00
     33.000   0.285593    -0.0118 1.0000e-12      1.113  1002.3555     2.8752     33.651          4 0.0000e+00
     34.000   0.285759    -0.0100 1.0000e-12      1.106  1002.3619     2.8768     34.670          3 0.0000e+00
     35.000   0.285952    -0.0128 1.0000e-12      1.097  1002.3686     2.8790     35.690          4 0.0000e+00
     36.000   0.286160    -0.0204 1.0000e-12      1.115  1002.3756     2.8819     36.710          3 0.0000e+00
     37.000   0.286497    -0.0299 1.0000e-12      1.125  1002.3838     2.8864     37.730          4 0.0000e+00
     38.000   0.287068    -0.0356 1.0000e-12      1.117  1002.3938     2.8929     38.749          4 0.0000e+00
     39.000   0.287653    -0.0380 1.0000e-12      1.110  1002.4040     2.8993     39.769          3 0.0000e+00
     40.000   0.288024    -0.0454 1.0000e-12      1.120  1002.4124     2.9039     40.789          4 0.0000e+00
     41.000   0.288240    -0.0540 1.0000e-12      1.128  1002.4194     2.9070     41.808          3 0.0000e+00
     42.000   0.288414    -0.0601 1.0000e-12      1.131  1002.4261     2.9094     42.828          4 0.0000e+00
     43.000   0.288645    -0.0585 1.0000e-12      1.129  1002.4331     2.9117     43.848          3 0.0000e+00
     44.000   0.289007    -0.0428 1.0000e-12      1.116  1002.4409     2.9140     44.868          4 0.0000e+00
     45.000   0.289538    -0.0107 1.0000e-12      1.093  1002.4498     2.9165     45.887          4 0.0000e+00
     46.000   0.290041     0.0233 1.0000e-12      1.056  1002.4583     2.9185     46.907          4 0.0000e+00
     47.000   0.290329     0.0478 1.0000e-12      1.033  1002.4652     2.9192     47.927          4 0.0000e+00
     48.000   0.290700     0.0827 1.0000e-12      1.032  1002.4726     2.9198     48.946          3 0.0000e+00
     49.000   0.291130     0.1186 1.0000e-12      1.052  1002.4804     2.9208     49.966          4 0.0000e+00
     50.000   0.292022     0.1897 1.0000e-12      1.072  1002.4913     2.9234     50.986          4 0.0000e+00
     51.000   0.293685     0.3301 1.0000e-12      1.078  1002.5067     2.9275     52.006          4 0.0000e+00
     52.000   0.295191     0.4716 1.0000e-12      1.080  1002.5203     2.9298     53.025          3 0.0000e+00
     53.000   0.296109     0.5682 1.0000e-12      1.077  1002.5300     2.9302     54.045          4 0.0000e+00
     54.000   0.296721     0.6350 1.0000e-12      1.075  1002.5380     2.9302     55.065          4 0.0000e+00
     55.000   0.297300     0.6932 1.0000e-12      1.069  1002.5459     2.9306     56.084          3 0.0000e+00
     56.000   0.297736     0.7342 1.0000e-12      1.070  1002.5531     2.9312     57.104          4 0.0000e+00
     57.000   0.298443     0.7864 1.0000e-12      1.078  1002.5622     2.9336     58.124          4 0.0000e+00
     58.000   0.299781     0.8773 1.0000e-12      1.080  1002.5750     2.9388     59.143          4 0.0000e+00
     59.000   0.300937     0.9665 1.0000e-12      1.074  1002.5862     2.9423     60.163          3 0.0000e+00
     60.000   0.302312     1.0707 1.0000e-12      1.099  1002.5985     2.9465     61.183          4 0.0000e+00
     61.000   0.303856     1.1794 1.0000e-12      1.109  1002.6118     2.9521     62.203          3 0.0000e+00
     62.000   0.305138     1.2690 1.0000e-12      1.095  1002.6235     2.9567     63.222          4 0.0000e+00
     63.000   0.306828     1.3613 1.0000e-12      1.093  1002.6383     2.9653     64.242          4 0.0000e+00
     64.000   0.309504     1.4735 1.0000e-12      1.093  1002.6600     2.9819     65.262          3 0.0000e+00
     65.000   0.312842     1.5970 1.0000e-12      1.086  1002.6863     3.0041     66.281          4 0.0000e+00
     66.000   0.316894     1.7356 1.0000e-12      1.097  1002.7172     3.0319     67.301          4 0.0000e+00
     67.000   0.321289     1.8798 1.0000e-12      1.119  1002.7500     3.0625     68.321          3 0.0000e+00
     68.000   0.326074     2.0384 1.0000e-12      1.127  1002.7845     3.0953     69.340          4 0.0000e+00
     69.000   0.331846     2.2205 1.0000e-12      1.128  1002.8248     3.1353     70.360          3 0.0000e+00
     70.000   0.336376     2.3683 1.0000e-12      1.133  1002.8565     3.1660     71.380          4 0.0000e+00
     71.000   0.339334     2.4673 1.0000e-12      1.139  1002.8784     3.1855     72.400          3 0.0000e+00
     72.000   0.341132     2.5314 1.0000e-12      1.165  1002.8932     3.1970     73.420          4 0.0000e+00
     73.000   0.342900     2.5905 1.0000e-12      1.166  1002.9080     3.2086     74.439          3 0.0000e+00
     74.000   0.344502     2.6462 1.0000e-12      1.153  1002.9216     3.2189     75.459          4 0.0000e+00
     75.000   0.345907     2.6958 1.0000e-12      1.159  1002.9341     3.2277     76.479          3 0.0000e+00
     76.000   0.346933     2.7347 1.0000e-12      1.157  1002.9443     3.2339     77.498          4 0.0000e+00
     77.000   0.347826     2.7689 1.0000e-12      1.150  1002.9537     3.2392     78.518          3 0.0000e+00
     78.000   0.348464     2.7953 1.0000e-12      1.152  1002.9617     3.2428     79.538          3 0.0000e+00
     79.000   0.348816     2.8126 1.0000e-12      1.158  1002.9681     3.2445     80.558          4 0.0000e+00
     80.000   0.349160     2.8301 1.0000e-12      1.158  1002.9743     3.2460     81.577          3 0.0000e+00
     81.000   0.349549     2.8482 1.0000e-12      1.162  1002.9809     3.2480     82.597          4 0.0000e+00
     82.000   0.349746     2.8604 1.0000e-12      1.146  1002.9864     3.2486     83.617          3 0.0000e+00
     83.000   0.349856     2.8683 1.0000e-12      1.123  1002.9916     3.2489     84.636          4 0.0000e+00
     84.000   0.349915     2.8738 1.0000e-12      1.115  1002.9965     3.2488     85.656          4 0.0000e+00
     85.000   0.349973     2.8791 1.0000e-12      1.109  1003.0015     3.2488     86.676          3 0.0000e+00
     86.000   0.350010     2.8840 1.0000e-12      1.117  1003.0063     3.2486     87.696          4 0.0000e+00
     87.000   0.350036     2.8877 1.0000e-12      1.130  1003.0111     3.2484     88.715          4 0.0000e+00
     88.000   0.349990     2.8887 1.0000e-12      1.141  1003.0155     3.2478     89.735          4 0.0000e+00
     89.000   0.349148     2.8621 1.0000e-12      0.687  1003.0158     3.2421     90.755          9 0.0000e+00
     90.000   0.348270     2.8415 1.0000e-12      0.173  1003.0154     3.2355     91.774         24 0.0000e+00
