ctdpy/exports/archive_20191121_115250/received_data/a5_v28_18.cnv
* Sea-Bird SBE19plus Data File:
* FileName = C:\CTD\CTD 2018\v28\A5_v28_18.hex
* Software Version 1.59
* Temperature SN =  4644
* Conductivity SN =  4644
* System UpLoad Time = Jul 11 2018 09:52:27
** A5_v28_18
* ds
# nquan = 11
# nvalues = 94                          
# units = specified
# name 0 = prdM: Pressure, Strain Gauge [db]
# name 1 = c0S/m: Conductivity [S/m]
# name 2 = tv290C: Temperature [ITS-90, deg C]
# name 3 = par: PAR/Irradiance, Biospherical/Licor
# name 4 = dz/dtM: Descent Rate [m/s]
# name 5 = sbeox0ML/L: Oxygen, SBE 43 [ml/l]
# name 6 = density00: Density [density, kg/m^3]
# name 7 = sal00: Salinity, Practical [PSU]
# name 8 = depFM: Depth [fresh water, m], lat = 0
# name 9 = nbin: number of scans per bin
# name 10 = flag: flag
# span 0 =      1.000,     94.000       
# span 1 =   0.298245,   0.396846       
# span 2 =     1.9557,    16.6843       
# span 3 = 9.0079e-02, 1.0297e+03       
# span 4 =     -0.076,      0.921       
# span 5 =     7.1194,     9.3181       
# span 6 =  1000.7895,  1003.1180       
# span 7 =     2.4763,     3.3440       
# span 8 =      1.020,     95.853       
# span 9 =          4,         19       
# span 10 = 0.0000e+00, 0.0000e+00      
# interval = decibars: 1                
# start_time = Jul 11 2018 09:27:09 [Instrument's time stamp, header]
# bad_flag = -9.990e-29
*END*
      1.000   0.393579    16.4120 1.0297e+03     -0.076     8.2474  1000.8284     2.5330      1.020          7 0.0000e+00
      2.000   0.396846    16.6843 5.2722e+02      0.569     8.2837  1000.7895     2.5382      2.040          6 0.0000e+00
      3.000   0.388756    16.0215 3.0056e+02      0.736     8.1737  1000.8956     2.5241      3.059          6 0.0000e+00
      4.000   0.372861    14.7012 1.5561e+02      0.763     8.1505  1001.0913     2.4960      4.079          5 0.0000e+00
      5.000   0.365569    13.9742 8.8014e+01      0.830     8.1898  1001.2004     2.4900      5.098          4 0.0000e+00
      6.000   0.360925    13.5401 5.4653e+01      0.851     8.0833  1001.2621     2.4841      6.118          5 0.0000e+00
      7.000   0.357744    13.2731 3.0885e+01      0.856     7.8958  1001.2987     2.4778      7.138          5 0.0000e+00
      8.000   0.356198    13.1207 1.7565e+01      0.892     7.7244  1001.3228     2.4763      8.158          4 0.0000e+00
      9.000   0.355733    13.0348 1.0296e+01      0.913     7.6499  1001.3406     2.4783      9.178          4 0.0000e+00
     10.000   0.355736    12.9718 6.5392e+00      0.921     7.7140  1001.3568     2.4824     10.197          5 0.0000e+00
     11.000   0.355635    12.8945 4.2149e+00      0.903     7.7923  1001.3750     2.4866     11.217          4 0.0000e+00
     12.000   0.354667    12.6912 2.6718e+00      0.885     7.8128  1001.4108     2.4926     12.237          5 0.0000e+00
     13.000   0.351707    12.1802 1.7041e+00      0.890     7.8567  1001.4886     2.5040     13.256          4 0.0000e+00
     14.000   0.346861    11.3677 1.1075e+00      0.899     7.9577  1001.6022     2.5213     14.276          5 0.0000e+00
     15.000   0.341993    10.5133 7.4567e-01      0.900     8.1498  1001.7149     2.5417     15.296          4 0.0000e+00
     16.000   0.340075     9.9805 5.1564e-01      0.889     8.2265  1001.7894     2.5635     16.316          5 0.0000e+00
     17.000   0.339778     9.6756 3.5115e-01      0.886     8.3268  1001.8375     2.5827     17.335          4 0.0000e+00
     18.000   0.340014     9.4331 2.5270e-01      0.888     8.5616  1001.8791     2.6020     18.355          5 0.0000e+00
     19.000   0.340858     9.1886 1.8709e-01      0.903     8.6552  1001.9243     2.6266     19.375          4 0.0000e+00
     20.000   0.339047     8.7681 1.5488e-01      0.905     8.5794  1001.9759     2.6425     20.394          5 0.0000e+00
     21.000   0.332491     7.9631 1.3365e-01      0.889     8.7108  1002.0440     2.6478     21.414          4 0.0000e+00
     22.000   0.325104     7.0777 1.2031e-01      0.878     8.7677  1002.1069     2.6517     22.434          5 0.0000e+00
     23.000   0.320469     6.3827 1.1182e-01      0.866     9.0259  1002.1577     2.6649     23.453          4 0.0000e+00
     24.000   0.314766     5.7017 1.0541e-01      0.872     9.1076  1002.1926     2.6674     24.473          5 0.0000e+00
     25.000   0.313335     5.2912 1.0313e-01      0.885     9.0750  1002.2267     2.6871     25.493          4 0.0000e+00
     26.000   0.309891     4.7810 9.8581e-02      0.878     9.1078  1002.2523     2.6966     26.513          5 0.0000e+00
     27.000   0.305578     4.2605 9.7227e-02      0.864     9.2172  1002.2685     2.6989     27.532          5 0.0000e+00
     28.000   0.302644     3.8111 9.5801e-02      0.870     9.2753  1002.2859     2.7083     28.552          4 0.0000e+00
     29.000   0.299996     3.4087 9.4919e-02      0.884     9.3120  1002.2991     2.7165     29.572          5 0.0000e+00
     30.000   0.298245     3.0805 9.4485e-02      0.880     9.3024  1002.3122     2.7272     30.591          4 0.0000e+00
     31.000   0.298554     2.9300 9.3855e-02      0.883     9.3181  1002.3290     2.7430     31.611          5 0.0000e+00
     32.000   0.299699     2.8706 9.3287e-02      0.884     9.3045  1002.3466     2.7592     32.631          4 0.0000e+00
     33.000   0.300789     2.8244 9.3018e-02      0.871     9.3065  1002.3629     2.7737     33.651          5 0.0000e+00
     34.000   0.301388     2.7443 9.2604e-02      0.870     9.3039  1002.3774     2.7865     34.670          4 0.0000e+00
     35.000   0.301675     2.6510 9.2935e-02      0.884     9.2501  1002.3902     2.7974     35.690          5 0.0000e+00
     36.000   0.302292     2.5634 9.2505e-02      0.890     9.2297  1002.4051     2.8111     36.710          5 0.0000e+00
     37.000   0.302773     2.4733 9.2921e-02      0.875     9.2144  1002.4191     2.8238     37.730          4 0.0000e+00
     38.000   0.303424     2.4187 9.3109e-02      0.874     9.2825  1002.4324     2.8351     38.749          5 0.0000e+00
     39.000   0.304391     2.4177 9.3585e-02      0.879     9.2875  1002.4451     2.8447     39.769          4 0.0000e+00
     40.000   0.306605     2.5208 9.3726e-02      0.885     9.2380  1002.4615     2.8573     40.789          5 0.0000e+00
     41.000   0.307208     2.4641 9.2781e-02      0.880     9.2231  1002.4746     2.8683     41.808          4 0.0000e+00
     42.000   0.306941     2.3048 9.3759e-02      0.864     9.1838  1002.4867     2.8800     42.828          5 0.0000e+00
     43.000   0.307833     2.1944 9.4246e-02      0.851     9.0695  1002.5050     2.8989     43.848          5 0.0000e+00
     44.000   0.309049     2.0901 9.4077e-02      0.845     8.9844  1002.5255     2.9206     44.868          5 0.0000e+00
     45.000   0.310130     1.9793 9.4678e-02      0.841     8.9024  1002.5453     2.9417     45.887          4 0.0000e+00
     46.000   0.311873     1.9557 9.4254e-02      0.842     8.8367  1002.5657     2.9614     46.907          5 0.0000e+00
     47.000   0.314756     2.0079 9.3885e-02      0.844     8.7908  1002.5911     2.9854     47.927          5 0.0000e+00
     48.000   0.317939     2.0789 9.4590e-02      0.846     8.6945  1002.6177     3.0107     48.946          4 0.0000e+00
     49.000   0.322305     2.1434 9.3498e-02      0.850     8.5701  1002.6541     3.0483     49.966          5 0.0000e+00
     50.000   0.325109     2.1927 9.4028e-02      0.848     8.4846  1002.6787     3.0716     50.986          5 0.0000e+00
     51.000   0.327240     2.2423 9.4541e-02      0.840     8.4132  1002.6977     3.0881     52.005          5 0.0000e+00
     52.000   0.330439     2.3176 9.4101e-02      0.829     8.3008  1002.7236     3.1127     53.025          5 0.0000e+00
     53.000   0.333543     2.3618 9.4370e-02      0.812     8.1913  1002.7506     3.1393     54.045          5 0.0000e+00
     54.000   0.334875     2.3722 9.4592e-02      0.790     8.1163  1002.7656     3.1516     55.065          5 0.0000e+00
     55.000   0.336414     2.3928 9.3683e-02      0.780     8.0377  1002.7814     3.1648     56.084          5 0.0000e+00
     56.000   0.338984     2.4392 9.4184e-02      0.687     8.0670  1002.8038     3.1858     57.104          6 0.0000e+00
     57.000   0.342064     2.4994 9.4765e-02      0.710     8.0582  1002.8292     3.2104     58.124          5 0.0000e+00
     58.000   0.344303     2.5475 9.4564e-02      0.804     7.9699  1002.8486     3.2278     59.143          5 0.0000e+00
     59.000   0.346220     2.5939 9.4795e-02      0.815     7.8918  1002.8655     3.2422     60.163          5 0.0000e+00
     60.000   0.347665     2.6522 9.4247e-02      0.815     7.8550  1002.8777     3.2505     61.183          5 0.0000e+00
     61.000   0.349470     2.7580 9.3889e-02      0.815     7.7375  1002.8891     3.2576     62.203          5 0.0000e+00
     62.000   0.350959     2.8442 9.3499e-02      0.821     7.5633  1002.8993     3.2635     63.222          5 0.0000e+00
     63.000   0.350575     2.8011 9.4239e-02      0.819     7.5206  1002.9044     3.2640     64.242          5 0.0000e+00
     64.000   0.350320     2.7535 9.4272e-02      0.800     7.5723  1002.9110     3.2663     65.262          5 0.0000e+00
     65.000   0.351137     2.7608 9.4346e-02      0.795     7.5888  1002.9218     3.2736     66.282          5 0.0000e+00
     66.000   0.351887     2.7649 9.4454e-02      0.808     7.5830  1002.9323     3.2805     67.301          4 0.0000e+00
     67.000   0.352396     2.7554 9.4493e-02      0.834     7.5768  1002.9420     3.2865     68.321          5 0.0000e+00
     68.000   0.352689     2.7496 9.4833e-02      0.851     7.5857  1002.9496     3.2899     69.341          5 0.0000e+00
     69.000   0.352880     2.7516 9.3908e-02      0.860     7.5920  1002.9559     3.2915     70.361          5 0.0000e+00
     70.000   0.353081     2.7452 9.4381e-02      0.839     7.6006  1002.9629     3.2942     71.380          4 0.0000e+00
     71.000   0.353207     2.7295 9.4429e-02      0.821     7.6136  1002.9700     3.2969     72.400          5 0.0000e+00
     72.000   0.353295     2.6986 9.3769e-02      0.852     7.6132  1002.9780     3.3009     73.420          5 0.0000e+00
     73.000   0.353416     2.6734 9.3875e-02      0.860     7.6227  1002.9857     3.3047     74.439          5 0.0000e+00
     74.000   0.353524     2.6487 9.3826e-02      0.834     7.6482  1002.9934     3.3083     75.459          4 0.0000e+00
     75.000   0.353558     2.6160 9.4175e-02      0.823     7.6657  1003.0010     3.3119     76.479          5 0.0000e+00
     76.000   0.353586     2.5653 9.3190e-02      0.848     7.7004  1003.0099     3.3174     77.498          5 0.0000e+00
     77.000   0.353525     2.5240 9.3684e-02      0.857     7.7380  1003.0174     3.3210     78.518          5 0.0000e+00
     78.000   0.353537     2.5031 9.4456e-02      0.838     7.7558  1003.0239     3.3232     79.538          4 0.0000e+00
     79.000   0.353589     2.4939 9.4551e-02      0.837     7.7759  1003.0300     3.3247     80.558          5 0.0000e+00
     80.000   0.353675     2.4888 9.4671e-02      0.846     7.8028  1003.0359     3.3260     81.577          5 0.0000e+00
     81.000   0.353827     2.4843 9.4684e-02      0.837     7.8393  1003.0424     3.3279     82.597          5 0.0000e+00
     82.000   0.354017     2.4769 9.4265e-02      0.840     7.8357  1003.0494     3.3305     83.617          4 0.0000e+00
     83.000   0.354131     2.4732 9.3672e-02      0.851     7.8088  1003.0555     3.3320     84.636          5 0.0000e+00
     84.000   0.354202     2.4644 9.3326e-02      0.852     7.7899  1003.0616     3.3336     85.656          5 0.0000e+00
     85.000   0.354250     2.4513 9.3676e-02      0.839     7.7977  1003.0678     3.3354     86.676          5 0.0000e+00
     86.000   0.354304     2.4434 9.3758e-02      0.832     7.8206  1003.0737     3.3366     87.695          4 0.0000e+00
     87.000   0.354337     2.4390 9.3349e-02      0.843     7.8202  1003.0792     3.3374     88.715          6 0.0000e+00
     88.000   0.354494     2.4433 9.3731e-02      0.841     7.7499  1003.0851     3.3384     89.735          6 0.0000e+00
     89.000   0.354880     2.4450 9.3816e-02      0.250     7.5211  1003.0930     3.3420     90.755          6 0.0000e+00
     90.000   0.355738     2.5563 9.2138e-02      0.189     7.3412  1003.0964     3.3389     91.775         14 0.0000e+00
     91.000   0.355266     2.4727 9.1597e-02      0.302     7.3118  1003.1038     3.3429     92.794         16 0.0000e+00
     92.000   0.355391     2.4737 9.1759e-02      0.205     7.1194  1003.1097     3.3440     93.814         19 0.0000e+00
     93.000   0.355689     2.5099 9.0984e-02      0.138     7.4007  1003.1142     3.3431     94.833         14 0.0000e+00
     94.000   0.354930     2.4437 9.0079e-02      0.532     7.6007  1003.1180     3.3423     95.853          8 0.0000e+00
