ctdpy/exports/archive_20191121_115250/received_data/a5_v20_18.cnv
* Sea-Bird SBE19plus Data File:
* FileName = C:\CTD\CTD 2018\v20\A5_v20_18.hex
* Software Version 1.59
* Temperature SN =  7668
* Conductivity SN =  7668
* System UpLoad Time = May 16 2018 08:38:31
** A5_v20_18
* ds
# nquan = 10
# nvalues = 98                          
# units = specified
# name 0 = prdM: Pressure, Strain Gauge [db]
# name 1 = c0S/m: Conductivity [S/m]
# name 2 = tv290C: Temperature [ITS-90, deg C]
# name 3 = par: PAR/Irradiance, Biospherical/Licor
# name 4 = dz/dtM: Descent Rate [m/s]
# name 5 = density00: Density [density, kg/m^3]
# name 6 = sal00: Salinity, Practical [PSU]
# name 7 = depFM: Depth [fresh water, m], lat = 0
# name 8 = nbin: number of scans per bin
# name 9 = flag: flag
# span 0 =      1.000,     98.000       
# span 1 =   0.289673,   0.355282       
# span 2 =     0.6574,     3.0472       
# span 3 = 1.0000e-12, 8.5789e+02       
# span 4 =      0.170,      1.170       
# span 5 =  1002.2041,  1003.0893       
# span 6 =     2.8289,     3.2842       
# span 7 =      1.020,     99.932       
# span 8 =          3,         19       
# span 9 = 0.0000e+00, 0.0000e+00       
# interval = decibars: 1                
# start_time = May 16 2018 08:20:15 [Instrument's time stamp, header]
# bad_flag = -9.990e-29
*END*
      1.000   0.289814     0.9823 8.5789e+02      0.319  1002.2041     2.8290      1.020          8 0.0000e+00
      2.000   0.289767     0.9776 4.5718e+02      0.672  1002.2089     2.8289      2.039          5 0.0000e+00
      3.000   0.289754     0.9740 2.4125e+02      0.896  1002.2138     2.8290      3.059          4 0.0000e+00
      4.000   0.289743     0.9700 1.2990e+02      0.948  1002.2188     2.8292      4.079          4 0.0000e+00
      5.000   0.289694     0.9621 8.9952e+01      0.932  1002.2237     2.8294      5.099          5 0.0000e+00
      6.000   0.289673     0.9560 5.9359e+01      0.934  1002.2287     2.8296      6.118          4 0.0000e+00
      7.000   0.289686     0.9538 3.8417e+01      0.936  1002.2339     2.8299      7.138          4 0.0000e+00
      8.000   0.289699     0.9531 2.5135e+01      0.934  1002.2390     2.8301      8.158          4 0.0000e+00
      9.000   0.289713     0.9526 1.6381e+01      0.951  1002.2441     2.8302      9.178          5 0.0000e+00
     10.000   0.289729     0.9519 1.2149e+01      0.971  1002.2492     2.8304     10.197          4 0.0000e+00
     11.000   0.289743     0.9512 7.8813e+00      0.977  1002.2543     2.8305     11.217          4 0.0000e+00
     12.000   0.289757     0.9506 5.4796e+00      0.965  1002.2595     2.8307     12.237          4 0.0000e+00
     13.000   0.289766     0.9502 3.9165e+00      0.975  1002.2645     2.8307     13.256          4 0.0000e+00
     14.000   0.289780     0.9502 2.6372e+00      0.983  1002.2696     2.8308     14.276          4 0.0000e+00
     15.000   0.289799     0.9508 1.8369e+00      0.983  1002.2747     2.8309     15.296          4 0.0000e+00
     16.000   0.289813     0.9513 1.2938e+00      1.021  1002.2798     2.8309     16.316          4 0.0000e+00
     17.000   0.289827     0.9515 8.6834e-01      1.086  1002.2849     2.8310     17.335          3 0.0000e+00
     18.000   0.289843     0.9520 5.8962e-01      1.110  1002.2900     2.8311     18.355          4 0.0000e+00
     19.000   0.289858     0.9526 4.1277e-01      1.110  1002.2950     2.8311     19.375          3 0.0000e+00
     20.000   0.289871     0.9531 2.5967e-01      1.129  1002.3001     2.8311     20.394          4 0.0000e+00
     21.000   0.289884     0.9537 1.5979e-01      1.161  1002.3052     2.8312     21.414          3 0.0000e+00
     22.000   0.289896     0.9541 9.8145e-02      1.170  1002.3103     2.8312     22.434          4 0.0000e+00
     23.000   0.289909     0.9546 4.0822e-02      1.168  1002.3153     2.8312     23.454          3 0.0000e+00
     24.000   0.289924     0.9553 1.1019e-02      1.158  1002.3204     2.8313     24.473          4 0.0000e+00
     25.000   0.289938     0.9557 3.4708e-04      1.143  1002.3255     2.8313     25.493          3 0.0000e+00
     26.000   0.289952     0.9563 1.0000e-12      1.144  1002.3306     2.8313     26.513          4 0.0000e+00
     27.000   0.289966     0.9568 1.0000e-12      1.155  1002.3356     2.8314     27.532          3 0.0000e+00
     28.000   0.289983     0.9575 1.0000e-12      1.161  1002.3407     2.8314     28.552          4 0.0000e+00
     29.000   0.290003     0.9585 1.0000e-12      1.156  1002.3458     2.8315     29.572          3 0.0000e+00
     30.000   0.290020     0.9593 1.0000e-12      1.147  1002.3509     2.8315     30.591          4 0.0000e+00
     31.000   0.290032     0.9598 1.0000e-12      1.129  1002.3560     2.8316     31.611          3 0.0000e+00
     32.000   0.290042     0.9604 1.0000e-12      1.122  1002.3610     2.8316     32.631          4 0.0000e+00
     33.000   0.290052     0.9609 1.0000e-12      1.126  1002.3661     2.8315     33.650          3 0.0000e+00
     34.000   0.290062     0.9614 1.0000e-12      1.118  1002.3711     2.8316     34.670          4 0.0000e+00
     35.000   0.290091     0.9634 1.0000e-12      1.113  1002.3762     2.8316     35.690          3 0.0000e+00
     36.000   0.290133     0.9660 1.0000e-12      1.105  1002.3815     2.8318     36.710          4 0.0000e+00
     37.000   0.290172     0.9673 1.0000e-12      1.099  1002.3867     2.8320     37.730          4 0.0000e+00
     38.000   0.290195     0.9679 1.0000e-12      1.102  1002.3919     2.8321     38.749          3 0.0000e+00
     39.000   0.290205     0.9680 1.0000e-12      1.104  1002.3969     2.8321     39.769          4 0.0000e+00
     40.000   0.290208     0.9671 1.0000e-12      1.098  1002.4019     2.8322     40.789          4 0.0000e+00
     41.000   0.290198     0.9636 1.0000e-12      1.095  1002.4069     2.8323     41.808          3 0.0000e+00
     42.000   0.290161     0.9506 1.0000e-12      1.099  1002.4121     2.8331     42.828          4 0.0000e+00
     43.000   0.290053     0.8986 1.0000e-12      1.099  1002.4180     2.8367     43.848          4 0.0000e+00
     44.000   0.290064     0.7940 1.0000e-12      1.106  1002.4266     2.8463     44.868          3 0.0000e+00
     45.000   0.291009     0.6815 1.0000e-12      1.109  1002.4432     2.8666     45.887          4 0.0000e+00
     46.000   0.293497     0.6574 1.0000e-12      1.106  1002.4701     2.8948     46.907          3 0.0000e+00
     47.000   0.295880     0.7118 1.0000e-12      1.099  1002.4934     2.9145     47.927          4 0.0000e+00
     48.000   0.297123     0.7342 1.0000e-12      1.078  1002.5081     2.9253     48.946          4 0.0000e+00
     49.000   0.298464     0.7459 1.0000e-12      1.051  1002.5240     2.9381     49.966          4 0.0000e+00
     50.000   0.300631     0.8261 1.0000e-12      1.045  1002.5443     2.9530     50.986          4 0.0000e+00
     51.000   0.303671     0.9770 1.0000e-12      1.043  1002.5690     2.9701     52.006          3 0.0000e+00
     52.000   0.307696     1.1957 1.0000e-12      1.050  1002.5985     2.9907     53.025          4 0.0000e+00
     53.000   0.311922     1.4034 1.0000e-12      1.059  1002.6289     3.0140     54.045          4 0.0000e+00
     54.000   0.315745     1.5681 1.0000e-12      1.063  1002.6572     3.0372     55.065          4 0.0000e+00
     55.000   0.318926     1.7055 1.0000e-12      1.071  1002.6811     3.0562     56.084          3 0.0000e+00
     56.000   0.321718     1.8264 1.0000e-12      1.073  1002.7023     3.0727     57.104          4 0.0000e+00
     57.000   0.323740     1.9152 1.0000e-12      1.074  1002.7186     3.0844     58.124          4 0.0000e+00
     58.000   0.325769     1.9947 1.0000e-12      1.076  1002.7354     3.0971     59.144          4 0.0000e+00
     59.000   0.327659     2.0689 1.0000e-12      1.079  1002.7512     3.1088     60.163          3 0.0000e+00
     60.000   0.329766     2.1458 1.0000e-12      1.072  1002.7684     3.1224     61.183          4 0.0000e+00
     61.000   0.332669     2.2475 1.0000e-12      1.054  1002.7904     3.1414     62.203          4 0.0000e+00
     62.000   0.336939     2.3864 1.0000e-12      1.038  1002.8204     3.1703     63.222          4 0.0000e+00
     63.000   0.341935     2.5448 1.0000e-12      1.045  1002.8544     3.2042     64.242          3 0.0000e+00
     64.000   0.346627     2.6882 1.0000e-12      1.067  1002.8865     3.2363     65.262          4 0.0000e+00
     65.000   0.349064     2.7722 1.0000e-12      1.074  1002.9045     3.2519     66.281          4 0.0000e+00
     66.000   0.350213     2.8145 1.0000e-12      1.079  1002.9153     3.2589     67.301          4 0.0000e+00
     67.000   0.350701     2.8375 1.0000e-12      1.088  1002.9223     3.2613     68.321          3 0.0000e+00
     68.000   0.351010     2.8541 1.0000e-12      1.093  1002.9284     3.2626     69.341          4 0.0000e+00
     69.000   0.351338     2.8691 1.0000e-12      1.105  1002.9347     3.2643     70.360          3 0.0000e+00
     70.000   0.351722     2.8857 1.0000e-12      1.131  1002.9413     3.2663     71.380          4 0.0000e+00
     71.000   0.352178     2.9053 1.0000e-12      1.134  1002.9483     3.2688     72.400          4 0.0000e+00
     72.000   0.352722     2.9265 1.0000e-12      1.110  1002.9559     3.2719     73.420          3 0.0000e+00
     73.000   0.353285     2.9499 1.0000e-12      1.099  1002.9634     3.2750     74.439          4 0.0000e+00
     74.000   0.353784     2.9719 1.0000e-12      1.104  1002.9704     3.2776     75.459          3 0.0000e+00
     75.000   0.354052     2.9856 1.0000e-12      1.112  1002.9764     3.2788     76.479          4 0.0000e+00
     76.000   0.354217     2.9942 1.0000e-12      1.125  1002.9819     3.2795     77.498          3 0.0000e+00
     77.000   0.354264     2.9989 1.0000e-12      1.145  1002.9868     3.2794     78.518          4 0.0000e+00
     78.000   0.354278     3.0010 1.0000e-12      1.152  1002.9916     3.2793     79.538          3 0.0000e+00
     79.000   0.354291     3.0027 1.0000e-12      1.149  1002.9965     3.2791     80.558          4 0.0000e+00
     80.000   0.354376     3.0072 1.0000e-12      1.150  1003.0017     3.2795     81.577          3 0.0000e+00
     81.000   0.354517     3.0135 1.0000e-12      1.152  1003.0072     3.2802     82.597          4 0.0000e+00
     82.000   0.354744     3.0212 1.0000e-12      1.148  1003.0133     3.2815     83.617          3 0.0000e+00
     83.000   0.354983     3.0293 1.0000e-12      1.144  1003.0194     3.2830     84.636          4 0.0000e+00
     84.000   0.355092     3.0341 1.0000e-12      1.137  1003.0247     3.2835     85.656          3 0.0000e+00
     85.000   0.355125     3.0365 1.0000e-12      1.141  1003.0297     3.2835     86.676          4 0.0000e+00
     86.000   0.355198     3.0400 1.0000e-12      1.158  1003.0349     3.2838     87.696          3 0.0000e+00
     87.000   0.355277     3.0435 1.0000e-12      1.156  1003.0401     3.2842     88.715          4 0.0000e+00
     88.000   0.355282     3.0452 1.0000e-12      1.151  1003.0449     3.2840     89.735          3 0.0000e+00
     89.000   0.355268     3.0462 1.0000e-12      1.159  1003.0496     3.2837     90.755          4 0.0000e+00
     90.000   0.355248     3.0467 1.0000e-12      1.159  1003.0543     3.2834     91.774          3 0.0000e+00
     91.000   0.355229     3.0472 1.0000e-12      1.148  1003.0590     3.2831     92.794          4 0.0000e+00
     92.000   0.355176     3.0460 1.0000e-12      1.152  1003.0635     3.2826     93.814          4 0.0000e+00
     93.000   0.354822     3.0384 1.0000e-12      0.691  1003.0662     3.2799     94.834         10 0.0000e+00
     94.000   0.354515     3.0301 1.0000e-12      0.170  1003.0694     3.2776     95.853         19 0.0000e+00
     95.000   0.354719     3.0373 1.0000e-12      0.272  1003.0753     3.2788     96.873         15 0.0000e+00
     96.000   0.354842     3.0404 1.0000e-12      0.292  1003.0809     3.2796     97.893         13 0.0000e+00
     97.000   0.354922     3.0444 1.0000e-12      0.314  1003.0861     3.2800     98.912         14 0.0000e+00
     98.000   0.354721     3.0461 1.0000e-12      0.230  1003.0893     3.2778     99.932          4 0.0000e+00
