ctdpy/exports/archive_20191121_115250/received_data/a5_v24_18.cnv
* Sea-Bird SBE19plus Data File:
* FileName = C:\CTD\CTD 2018\v24\A5_v24_18.hex
* Software Version 1.59
* Temperature SN =  4644
* Conductivity SN =  4644
* System UpLoad Time = Jun 13 2018 08:31:16
** A5 2018K13 v24
* ds
# nquan = 11
# nvalues = 93                          
# units = specified
# name 0 = prdM: Pressure, Strain Gauge [db]
# name 1 = c0S/m: Conductivity [S/m]
# name 2 = tv290C: Temperature [ITS-90, deg C]
# name 3 = par: PAR/Irradiance, Biospherical/Licor
# name 4 = dz/dtM: Descent Rate [m/s]
# name 5 = sbeox0ML/L: Oxygen, SBE 43 [ml/l]
# name 6 = density00: Density [density, kg/m^3]
# name 7 = sal00: Salinity, Practical [PSU]
# name 8 = depFM: Depth [fresh water, m], lat = 0
# name 9 = nbin: number of scans per bin
# name 10 = flag: flag
# span 0 =      1.000,     93.000       
# span 1 =   0.295096,   0.351777       
# span 2 =     1.5390,     8.7924       
# span 3 = 8.1789e-02, 1.9537e+02       
# span 4 =      0.062,      1.199       
# span 5 =     6.6428,     9.5716       
# span 6 =  1001.6226,  1003.0531       
# span 7 =     2.3017,     3.2647       
# span 8 =      1.020,     94.833       
# span 9 =          1,         15       
# span 10 = 0.0000e+00, 0.0000e+00      
# interval = decibars: 1                
# start_time = Jun 13 2018 08:20:47 [Instrument's time stamp, header]
# bad_flag = -9.990e-29
*END*
      1.000   0.297363     8.7196 1.9537e+02      0.062     8.6409  1001.6226     2.3031      1.020          9 0.0000e+00
      2.000   0.297742     8.7641 7.2050e+01      0.668     8.6262  1001.6240     2.3033      2.039          5 0.0000e+00
      3.000   0.298087     8.7924 3.6468e+01      0.848     8.5527  1001.6274     2.3043      3.059          5 0.0000e+00
      4.000   0.297585     8.7442 1.9455e+01      0.843     8.5503  1001.6351     2.3032      4.079          5 0.0000e+00
      5.000   0.297114     8.7043 1.0632e+01      0.868     8.5531  1001.6419     2.3019      5.099          4 0.0000e+00
      6.000   0.297003     8.6927 5.8631e+00      0.907     8.5451  1001.6475     2.3017      6.118          4 0.0000e+00
      7.000   0.297023     8.6917 3.2213e+00      1.000     8.5200  1001.6525     2.3019      7.138          4 0.0000e+00
      8.000   0.297002     8.6863 1.8533e+00      1.060     8.5485  1001.6578     2.3020      8.158          4 0.0000e+00
      9.000   0.296870     8.6674 1.0908e+00      1.053     8.7051  1001.6642     2.3021      9.177          4 0.0000e+00
     10.000   0.296707     8.6301 6.3178e-01      1.049     8.8347  1001.6726     2.3032     10.197          3 0.0000e+00
     11.000   0.296517     8.5277 3.8872e-01      1.071     8.7145  1001.6891     2.3082     11.217          4 0.0000e+00
     12.000   0.296279     8.2193 2.5989e-01      1.079     8.6224  1001.7305     2.3264     12.237          4 0.0000e+00
     13.000   0.296722     7.4914 1.8799e-01      1.066     8.6626  1001.8240     2.3790     13.256          4 0.0000e+00
     14.000   0.298560     6.7654 1.4724e-01      1.074     8.7908  1001.9219     2.4451     14.276          3 0.0000e+00
     15.000   0.299763     6.3855 1.2485e-01      1.087     8.9674  1001.9749     2.4828     15.296          4 0.0000e+00
     16.000   0.300401     6.2210 1.1202e-01      1.079     9.1019  1002.0009     2.5003     16.315          4 0.0000e+00
     17.000   0.300929     6.1328 1.0344e-01      1.069     9.1313  1002.0183     2.5115     17.335          3 0.0000e+00
     18.000   0.301529     6.0690 9.7109e-02      1.115     9.1054  1002.0337     2.5214     18.355          4 0.0000e+00
     19.000   0.301785     5.9610 9.2704e-02      1.181     9.1081  1002.0509     2.5317     19.375          3 0.0000e+00
     20.000   0.301436     5.7692 9.0402e-02      1.199     9.1696  1002.0720     2.5429     20.394          3 0.0000e+00
     21.000   0.300731     5.5472 8.8804e-02      1.177     9.2905  1002.0928     2.5533     21.414          4 0.0000e+00
     22.000   0.300250     5.3592 8.6956e-02      1.162     9.3019  1002.1116     2.5632     22.434          3 0.0000e+00
     23.000   0.299635     5.1591 8.6279e-02      1.175     9.2240  1002.1299     2.5729     23.454          4 0.0000e+00
     24.000   0.298418     4.8515 8.5716e-02      1.183     9.2452  1002.1526     2.5855     24.473          3 0.0000e+00
     25.000   0.296505     4.3825 8.5191e-02      1.161     9.2994  1002.1815     2.6045     25.493          4 0.0000e+00
     26.000   0.295096     3.9120 8.4937e-02      1.135     9.3595  1002.2116     2.6287     26.513          3 0.0000e+00
     27.000   0.295140     3.5713 8.4677e-02      1.148     9.4202  1002.2410     2.6567     27.532          4 0.0000e+00
     28.000   0.296655     3.3362 8.4253e-02      1.139     9.4515  1002.2735     2.6905     28.552          3 0.0000e+00
     29.000   0.298283     3.1787 8.3980e-02      1.113     9.5123  1002.3013     2.7193     29.572          4 0.0000e+00
     30.000   0.298971     3.0462 8.4045e-02      1.111     9.5394  1002.3200     2.7372     30.591          3 0.0000e+00
     31.000   0.299284     2.9454 8.3952e-02      1.108     9.4850  1002.3338     2.7488     31.611          4 0.0000e+00
     32.000   0.299357     2.8396 8.4065e-02      1.101     9.4911  1002.3458     2.7585     32.631          4 0.0000e+00
     33.000   0.298526     2.6577 8.3760e-02      1.095     9.4885  1002.3550     2.7660     33.650          3 0.0000e+00
     34.000   0.297630     2.4851 8.3668e-02      1.100     9.5213  1002.3628     2.7721     34.670          4 0.0000e+00
     35.000   0.297621     2.3937 8.3798e-02      1.104     9.5530  1002.3728     2.7799     35.690          4 0.0000e+00
     36.000   0.298036     2.3615 8.3844e-02      1.108     9.5480  1002.3829     2.7868     36.710          3 0.0000e+00
     37.000   0.299080     2.3869 8.3834e-02      1.109     9.5330  1002.3947     2.7949     37.730          4 0.0000e+00
     38.000   0.299798     2.3922 8.3726e-02      1.106     9.5277  1002.4050     2.8015     38.749          3 0.0000e+00
     39.000   0.300047     2.3695 8.3558e-02      1.090     9.5254  1002.4132     2.8059     39.769          4 0.0000e+00
     40.000   0.300203     2.3421 8.3696e-02      1.099     9.5269  1002.4209     2.8098     40.788          4 0.0000e+00
     41.000   0.300447     2.3261 8.3331e-02      1.117     9.5264  1002.4287     2.8136     41.808          3 0.0000e+00
     42.000   0.300762     2.3234 8.3440e-02      1.112     9.5166  1002.4363     2.8169     42.828          4 0.0000e+00
     43.000   0.301195     2.3329 8.3597e-02      1.119     9.5048  1002.4441     2.8203     43.848          4 0.0000e+00
     44.000   0.301654     2.3502 8.3713e-02      1.114     9.4998  1002.4518     2.8233     44.867          3 0.0000e+00
     45.000   0.301970     2.3544 8.3545e-02      1.077     9.5120  1002.4589     2.8260     45.887          4 0.0000e+00
     46.000   0.302194     2.3512 8.3436e-02      1.039     9.5089  1002.4659     2.8284     46.907          4 0.0000e+00
     47.000   0.302342     2.3457 8.3314e-02      1.045     9.5008  1002.4723     2.8303     47.927          4 0.0000e+00
     48.000   0.302376     2.3310 8.3554e-02      1.067     9.5090  1002.4783     2.8319     48.946          3 0.0000e+00
     49.000   0.302409     2.3177 8.3343e-02      1.083     9.5340  1002.4842     2.8334     49.966          4 0.0000e+00
     50.000   0.302817     2.3397 8.3208e-02      1.074     9.5407  1002.4912     2.8354     50.986          4 0.0000e+00
     51.000   0.303252     2.3655 8.3374e-02      1.064     9.5247  1002.4981     2.8374     52.005          4 0.0000e+00
     52.000   0.303382     2.3631 8.3344e-02      1.068     9.4927  1002.5042     2.8388     53.025          3 0.0000e+00
     53.000   0.303148     2.3264 8.3160e-02      1.073     9.4676  1002.5093     2.8397     54.045          4 0.0000e+00
     54.000   0.302735     2.2683 8.3047e-02      1.063     9.5410  1002.5142     2.8408     55.065          4 0.0000e+00
     55.000   0.302516     2.2242 8.3260e-02      1.059     9.5716  1002.5199     2.8425     56.084          4 0.0000e+00
     56.000   0.302882     2.2333 8.3176e-02      1.074     9.5118  1002.5272     2.8452     57.104          3 0.0000e+00
     57.000   0.303283     2.2260 8.2903e-02      1.090     9.4935  1002.5357     2.8499     58.124          4 0.0000e+00
     58.000   0.302368     2.0660 8.3076e-02      1.079     9.4692  1002.5420     2.8551     59.144          4 0.0000e+00
     59.000   0.301332     1.8760 8.3165e-02      1.069     9.4033  1002.5485     2.8618     60.163          3 0.0000e+00
     60.000   0.301224     1.7365 8.3136e-02      1.082     9.2918  1002.5596     2.8734     61.183          4 0.0000e+00
     61.000   0.302062     1.6186 8.2915e-02      1.082     9.1455  1002.5770     2.8927     62.203          4 0.0000e+00
     62.000   0.303804     1.5484 8.2907e-02      1.062     9.0011  1002.5996     2.9168     63.222          4 0.0000e+00
     63.000   0.306453     1.5390 8.2901e-02      1.052     8.8621  1002.6268     2.9446     64.242          3 0.0000e+00
     64.000   0.310326     1.6216 8.2868e-02      1.074     8.6305  1002.6594     2.9762     65.262          4 0.0000e+00
     65.000   0.316547     1.7983 8.2769e-02      1.082     8.4354  1002.7060     3.0224     66.282          4 0.0000e+00
     66.000   0.322489     1.9690 8.2755e-02      1.086     8.2823  1002.7497     3.0660     67.301          3 0.0000e+00
     67.000   0.327779     2.1402 8.2751e-02      1.103     8.0966  1002.7871     3.1025     68.321          4 0.0000e+00
     68.000   0.334511     2.3460 8.2383e-02      1.101     7.9224  1002.8332     3.1496     69.340          3 0.0000e+00
     69.000   0.339772     2.5056 8.2696e-02      1.132     7.8191  1002.8694     3.1862     70.360          4 0.0000e+00
     70.000   0.342371     2.5905 8.2401e-02      1.174     7.7601  1002.8891     3.2035     71.380          3 0.0000e+00
     71.000   0.343516     2.6321 8.2715e-02      1.151     7.7335  1002.9001     3.2106     72.400          4 0.0000e+00
     72.000   0.344863     2.6768 8.2561e-02      1.122     7.7228  1002.9125     3.2195     73.420          3 0.0000e+00
     73.000   0.346416     2.7148 8.2655e-02      1.126     7.7092  1002.9269     3.2310     74.439          4 0.0000e+00
     74.000   0.347660     2.7442 8.2714e-02      1.153     7.7017  1002.9395     3.2403     75.459          3 0.0000e+00
     75.000   0.348495     2.7684 8.2650e-02      1.162     7.6985  1002.9492     3.2460     76.479          4 0.0000e+00
     76.000   0.349073     2.7903 8.2513e-02      1.142     7.6874  1002.9571     3.2495     77.498          3 0.0000e+00
     77.000   0.349469     2.8125 8.2654e-02      1.139     7.6538  1002.9634     3.2511     78.518          4 0.0000e+00
     78.000   0.349759     2.8291 8.2554e-02      1.166     7.6354  1002.9694     3.2522     79.538          3 0.0000e+00
     79.000   0.349998     2.8405 8.2586e-02      1.166     7.6208  1002.9753     3.2533     80.558          4 0.0000e+00
     80.000   0.350356     2.8547 8.2390e-02      1.157     7.6002  1002.9819     3.2554     81.577          3 0.0000e+00
     81.000   0.350778     2.8709 8.2687e-02      1.157     7.5849  1002.9889     3.2578     82.597          4 0.0000e+00
     82.000   0.351179     2.8856 8.2568e-02      1.164     7.5789  1002.9958     3.2602     83.617          3 0.0000e+00
     83.000   0.351457     2.8935 8.2206e-02      1.157     7.5627  1003.0023     3.2621     84.637          3 0.0000e+00
     84.000   0.351585     2.8958 8.2343e-02      1.149     7.5393  1003.0080     3.2631     85.656          4 0.0000e+00
     85.000   0.351653     2.8963 8.2322e-02      1.181     7.5286  1003.0135     3.2636     86.676          3 0.0000e+00
     86.000   0.351707     2.8970 8.2665e-02      1.193     7.5319  1003.0187     3.2640     87.696          4 0.0000e+00
     87.000   0.351723     2.8978 8.2458e-02      1.158     7.5428  1003.0237     3.2640     88.715          3 0.0000e+00
     88.000   0.351732     2.8976 8.2218e-02      1.129     7.5482  1003.0286     3.2641     89.735          4 0.0000e+00
     89.000   0.351749     2.8968 8.2306e-02      1.140     7.5360  1003.0337     3.2643     90.755          4 0.0000e+00
     90.000   0.351774     2.8958 8.2178e-02      1.144     7.4923  1003.0389     3.2646     91.775          4 0.0000e+00
     91.000   0.351777     2.8937 8.2171e-02      1.114     7.3837  1003.0440     3.2647     92.794          5 0.0000e+00
     92.000   0.351740     2.8917 8.1789e-02      0.358     7.2065  1003.0487     3.2645     93.814         15 0.0000e+00
     93.000   0.351763     2.9008 8.2632e-02      0.514     6.6428  1003.0531     3.2637     94.833          1 0.0000e+00
