ctdpy/exports/archive_20191121_115250/received_data/al5_v31_18.cnv
* Sea-Bird SBE19plus Data File:
* FileName = C:\CTD\CTD 2018\v31\Al5_v31_18.hex
* Software Version 1.59
* Temperature SN =  4644
* Conductivity SN =  4644
* System UpLoad Time = Jul 31 2018 12:02:27
** Al5_v31_18
* ds
# nquan = 11
# nvalues = 42                          
# units = specified
# name 0 = prdM: Pressure, Strain Gauge [db]
# name 1 = c0S/m: Conductivity [S/m]
# name 2 = tv290C: Temperature [ITS-90, deg C]
# name 3 = par: PAR/Irradiance, Biospherical/Licor
# name 4 = dz/dtM: Descent Rate [m/s]
# name 5 = sbeox0ML/L: Oxygen, SBE 43 [ml/l]
# name 6 = density00: Density [density, kg/m^3]
# name 7 = sal00: Salinity, Practical [PSU]
# name 8 = depFM: Depth [fresh water, m], lat = 0
# name 9 = nbin: number of scans per bin
# name 10 = flag: flag
# span 0 =      1.000,     42.000       
# span 1 =   0.553761,   0.726952       
# span 2 =     2.3405,    21.6214       
# span 3 = 1.1956e-01, 1.8554e+02       
# span 4 =      0.110,      0.653       
# span 5 =     6.3291,     7.6236       
# span 6 =  1000.7654,  1004.6502       
# span 7 =     3.8305,     5.5763       
# span 8 =      1.020,     42.828       
# span 9 =          2,         19       
# span 10 = 0.0000e+00, 0.0000e+00      
# interval = decibars: 1                
# start_time = Jul 31 2018 11:35:39 [Instrument's time stamp, header]
# bad_flag = -9.990e-29
*END*
      1.000   0.651443    21.6214 1.8554e+02      0.110     6.5285  1000.7654     3.8305      1.020         19 0.0000e+00
      2.000   0.658193    21.5159 9.5320e+01      0.222     6.4840  1000.8332     3.8822      2.039         14 0.0000e+00
      3.000   0.658961    21.4503 4.9686e+01      0.408     6.4118  1000.8608     3.8929      3.059          8 0.0000e+00
      4.000   0.660146    21.2202 2.6698e+01      0.598     6.3291  1000.9387     3.9210      4.079          7 0.0000e+00
      5.000   0.660800    20.8419 1.5405e+01      0.617     6.3491  1001.0570     3.9594      5.099          6 0.0000e+00
      6.000   0.663333    20.3935 9.3278e+00      0.634     6.3777  1001.2039     4.0171      6.118          6 0.0000e+00
      7.000   0.700019    20.2242 6.0407e+00      0.631     6.4305  1001.4385     4.2723      7.138          7 0.0000e+00
      8.000   0.726952    20.0822 4.2512e+00      0.614     6.5213  1001.6183     4.4631      8.158          6 0.0000e+00
      9.000   0.715490    19.6336 3.1091e+00      0.653     6.6694  1001.6961     4.4340      9.178          6 0.0000e+00
     10.000   0.690661    18.9566 2.2988e+00      0.620     6.7130  1001.7684     4.3383     10.197          7 0.0000e+00
     11.000   0.681681    18.5009 1.6463e+00      0.632     6.8291  1001.8541     4.3247     11.217          6 0.0000e+00
     12.000   0.664772    17.7170 1.2049e+00      0.578     6.9049  1001.9851     4.2902     12.237          7 0.0000e+00
     13.000   0.658546    17.2127 8.7012e-01      0.585     6.8838  1002.0915     4.2996     13.256          7 0.0000e+00
     14.000   0.665909    17.0094 6.3374e-01      0.572     6.9365  1002.1893     4.3727     14.276          7 0.0000e+00
     15.000   0.654819    16.4988 4.7372e-01      0.613     7.0539  1002.2676     4.3489     15.296          6 0.0000e+00
     16.000   0.646582    15.9751 3.5688e-01      0.626     6.9734  1002.3620     4.3467     16.316          7 0.0000e+00
     17.000   0.670313    16.0020 2.8057e-01      0.588     6.9147  1002.4904     4.5145     17.336          7 0.0000e+00
     18.000   0.683945    15.9191 2.3191e-01      0.620     6.9875  1002.5919     4.6224     18.355          6 0.0000e+00
     19.000   0.671305    15.4644 2.0104e-01      0.583     7.0573  1002.6429     4.5827     19.375          7 0.0000e+00
     20.000   0.661562    15.0903 1.7820e-01      0.589     7.0742  1002.6873     4.5543     20.394          7 0.0000e+00
     21.000   0.650583    14.5308 1.6208e-01      0.557     7.2141  1002.7673     4.5373     21.414          7 0.0000e+00
     22.000   0.626152    13.1591 1.5053e-01      0.570     7.3905  1002.9550     4.5120     22.434          7 0.0000e+00
     23.000   0.612018    11.7905 1.4169e-01      0.602     7.4836  1003.1801     4.5651     23.454          7 0.0000e+00
     24.000   0.597219    10.3599 1.3608e-01      0.575     7.4900  1003.3938     4.6222     24.473          6 0.0000e+00
     25.000   0.590944     9.4522 1.3217e-01      0.619     7.5155  1003.5390     4.6860     25.493          7 0.0000e+00
     26.000   0.587860     8.7460 1.2943e-01      0.618     7.5035  1003.6590     4.7526     26.513          6 0.0000e+00
     27.000   0.585119     8.1637 1.2709e-01      0.616     7.5398  1003.7538     4.8073     27.533          7 0.0000e+00
     28.000   0.582997     7.6709 1.2601e-01      0.608     7.5644  1003.8334     4.8563     28.552          7 0.0000e+00
     29.000   0.577741     7.0050 1.2486e-01      0.570     7.5853  1003.9183     4.9026     29.572          7 0.0000e+00
     30.000   0.572889     6.3067 1.2416e-01      0.584     7.5158  1004.0068     4.9584     30.592          7 0.0000e+00
     31.000   0.567534     5.6260 1.2388e-01      0.543     7.4612  1004.0831     5.0084     31.611          7 0.0000e+00
     32.000   0.562043     4.8799 1.2344e-01      0.594     7.5296  1004.1627     5.0684     32.631          7 0.0000e+00
     33.000   0.557381     4.1133 1.2309e-01      0.590     7.6236  1004.2456     5.1413     33.650          6 0.0000e+00
     34.000   0.554126     3.4119 1.2282e-01      0.609     7.6234  1004.3240     5.2204     34.670          7 0.0000e+00
     35.000   0.553761     2.9944 1.2266e-01      0.605     7.4942  1004.3829     5.2846     35.690          7 0.0000e+00
     36.000   0.555304     2.7171 1.2255e-01      0.582     7.3917  1004.4376     5.3463     36.710          6 0.0000e+00
     37.000   0.557210     2.5537 1.2246e-01      0.584     7.2807  1004.4799     5.3933     37.730          7 0.0000e+00
     38.000   0.560026     2.4401 1.2227e-01      0.576     7.0859  1004.5232     5.4418     38.749          7 0.0000e+00
     39.000   0.563293     2.3745 1.2227e-01      0.577     6.8785  1004.5639     5.4870     39.769          7 0.0000e+00
     40.000   0.566587     2.3423 1.2220e-01      0.586     6.7613  1004.6006     5.5268     40.789          7 0.0000e+00
     41.000   0.569026     2.3405 1.2199e-01      0.552 -9.990e-29  1004.6260     5.5525     41.808         10 0.0000e+00
     42.000   0.571591     2.3565 1.1956e-01      0.421 -9.990e-29  1004.6502     5.5763     42.828          2 0.0000e+00
