ctdpy/exports/archive_20191121_115250/received_data/al6_v31_18.cnv
* Sea-Bird SBE19plus Data File:
* FileName = C:\CTD\CTD 2018\v31\Al6_v31_18.hex
* Software Version 1.59
* Temperature SN =  4644
* Conductivity SN =  4644
* System UpLoad Time = Jul 31 2018 13:09:32
** Al6_v31_18
* ds
# nquan = 11
# nvalues = 19                          
# units = specified
# name 0 = prdM: Pressure, Strain Gauge [db]
# name 1 = c0S/m: Conductivity [S/m]
# name 2 = tv290C: Temperature [ITS-90, deg C]
# name 3 = par: PAR/Irradiance, Biospherical/Licor
# name 4 = dz/dtM: Descent Rate [m/s]
# name 5 = sbeox0ML/L: Oxygen, SBE 43 [ml/l]
# name 6 = density00: Density [density, kg/m^3]
# name 7 = sal00: Salinity, Practical [PSU]
# name 8 = depFM: Depth [fresh water, m], lat = 0
# name 9 = nbin: number of scans per bin
# name 10 = flag: flag
# span 0 =      1.000,     19.000       
# span 1 =   0.629154,   0.709461       
# span 2 =    13.9591,    21.0884       
# span 3 = 1.5842e-01, 1.6675e+02       
# span 4 =      0.191,      0.296       
# span 5 =     6.2887,     7.2237       
# span 6 =  1000.9613,  1002.7759       
# span 7 =     3.9200,     4.7187       
# span 8 =      1.020,     19.375       
# span 9 =         11,         19       
# span 10 = 0.0000e+00, 0.0000e+00      
# interval = decibars: 1                
# start_time = Jul 31 2018 12:47:06 [Instrument's time stamp, header]
# bad_flag = -9.990e-29
*END*
      1.000   0.659613    21.0884 1.6675e+02      0.227     6.5607  1000.9613     3.9296      1.020         11 0.0000e+00
      2.000   0.658433    21.0434 8.0575e+01      0.191     6.4776  1000.9733     3.9261      2.039         19 0.0000e+00
      3.000   0.655405    20.8959 4.3523e+01      0.296     6.3726  1001.0062     3.9200      3.059         14 0.0000e+00
      4.000   0.653839    20.7747 2.4635e+01      0.288     6.3401  1001.0383     3.9209      4.079         15 0.0000e+00
      5.000   0.651887    20.6253 1.4451e+01      0.229     6.3878  1001.0765     3.9219      5.099         17 0.0000e+00
      6.000   0.656706    20.5775 8.8238e+00      0.242     6.2887  1001.1183     3.9572      6.118         17 0.0000e+00
      7.000   0.667200    20.1407 5.4650e+00      0.237     6.4356  1001.3003     4.0665      7.138         16 0.0000e+00
      8.000   0.709461    19.7107 3.5316e+00      0.242     6.5185  1001.6389     4.3861      8.158         17 0.0000e+00
      9.000   0.689611    18.9757 2.4414e+00      0.226     6.6179  1001.7530     4.3294      9.177         18 0.0000e+00
     10.000   0.688136    18.6130 1.6975e+00      0.255     6.6418  1001.8519     4.3569     10.197         15 0.0000e+00
     11.000   0.687959    18.1728 1.1957e+00      0.252     6.7355  1001.9773     4.4020     11.217         16 0.0000e+00
     12.000   0.681046    17.4484 8.5945e-01      0.250     6.7612  1002.1436     4.4315     12.237         16 0.0000e+00
     13.000   0.679276    17.1375 6.2293e-01      0.231     6.8099  1002.2222     4.4528     13.256         17 0.0000e+00
     14.000   0.672292    16.6740 4.5698e-01      0.252     6.8146  1002.3123     4.4541     14.276         16 0.0000e+00
     15.000   0.699230    16.8362 3.4297e-01      0.258     6.7853  1002.4197     4.6270     15.296         15 0.0000e+00
     16.000   0.699921    16.3089 2.6768e-01      0.271     6.8897  1002.5684     4.6925     16.315         15 0.0000e+00
     17.000   0.696950    15.9017 2.1921e-01      0.275     6.9291  1002.6640     4.7187     17.335         15 0.0000e+00
     18.000   0.676182    15.2699 1.8509e-01      0.271     7.1350  1002.7139     4.6405     18.355         15 0.0000e+00
     19.000   0.629154    13.9591 1.5842e-01      0.232     7.2237  1002.7759     4.4438     19.375         11 0.0000e+00
