ctdpy/exports/archive_20191121_115250/received_data/b3_v08_18.cnv
* Sea-Bird SBE19plus Data File:
* FileName = C:\CTD\CTD 2018\v08\B3_v08_18.hex
* Software Version 1.59
* Temperature SN =  4644
* Conductivity SN =  4644
* System UpLoad Time = Feb 19 2018 14:40:00
** B3_v08_18
* ds
# nquan = 11
# nvalues = 22                          
# units = specified
# name 0 = prdM: Pressure, Strain Gauge [db]
# name 1 = c0S/m: Conductivity [S/m]
# name 2 = tv290C: Temperature [ITS-90, deg C]
# name 3 = par: PAR/Irradiance, Biospherical/Licor
# name 4 = dz/dtM: Descent Rate [m/s]
# name 5 = sbeox0ML/L: Oxygen, SBE 43 [ml/l]
# name 6 = density00: Density [density, kg/m^3]
# name 7 = sal00: Salinity, Practical [PSU]
# name 8 = depFM: Depth [fresh water, m], lat = 0
# name 9 = nbin: number of scans per bin
# name 10 = flag: flag
# span 0 =      1.000,     22.000       
# span 1 =   0.390495,   0.478655       
# span 2 =    -0.1436,     0.6192       
# span 3 = 4.5686e-02, 7.8222e+01       
# span 4 =     -0.236,      0.884       
# span 5 =     8.8259,     9.4065       
# span 6 =  1003.1501,  1003.9527       
# span 7 =     4.0283,     4.8793       
# span 8 =      1.019,     22.434       
# span 9 =          2,         10       
# span 10 = 0.0000e+00, 0.0000e+00      
# interval = decibars: 1                
# start_time = Feb 19 2018 14:06:16 [Instrument's time stamp, header]
# bad_flag = -9.990e-29
*END*
      1.000   0.393538    -0.1371 7.8222e+01     -0.236     9.3853  1003.1501     4.0615      1.019          2 0.0000e+00
      2.000   0.393280    -0.1384 4.1796e+01      0.331     9.3862  1003.1529     4.0588      2.039          7 0.0000e+00
      3.000   0.393783    -0.1371 1.8299e+01      0.755     9.3790  1003.1623     4.0641      3.059          5 0.0000e+00
      4.000   0.395694    -0.1324 8.5077e+00      0.884     9.3652  1003.1840     4.0843      4.079          5 0.0000e+00
      5.000   0.394603    -0.1346 4.7285e+00      0.797     9.3759  1003.1794     4.0726      5.099          6 0.0000e+00
      6.000   0.392431    -0.1384 2.7603e+00      0.631     9.3849  1003.1653     4.0491      6.118          8 0.0000e+00
      7.000   0.390858    -0.1436 1.6866e+00      0.432     9.4065  1003.1565     4.0325      7.138          9 0.0000e+00
      8.000   0.390495    -0.1426 1.0415e+00      0.368     9.4002  1003.1582     4.0283      8.158         10 0.0000e+00
      9.000   0.391592    -0.1412 6.4354e-01      0.464     9.4005  1003.1729     4.0400      9.177          8 0.0000e+00
     10.000   0.395535    -0.1346 4.1489e-01      0.518     9.3652  1003.2126     4.0824     10.197          8 0.0000e+00
     11.000   0.396935    -0.1338 2.7916e-01      0.524     9.3610  1003.2301     4.0976     11.217          8 0.0000e+00
     12.000   0.398586    -0.1230 1.9358e-01      0.529     9.3407  1003.2492     4.1141     12.237          7 0.0000e+00
     13.000   0.400589    -0.0948 1.4078e-01      0.530     9.3314  1003.2704     4.1322     13.256          8 0.0000e+00
     14.000   0.403085    -0.0670 1.0645e-01      0.526     9.3141  1003.2960     4.1558     14.276          7 0.0000e+00
     15.000   0.403817    -0.0597 8.4557e-02      0.531     9.3106  1003.3070     4.1627     15.296          8 0.0000e+00
     16.000   0.403243    -0.0631 7.0264e-02      0.532     9.3144  1003.3071     4.1568     16.315          7 0.0000e+00
     17.000   0.403959    -0.0573 6.1075e-02      0.533     9.3037  1003.3181     4.1637     17.335          8 0.0000e+00
     18.000   0.408000    -0.0333 5.5151e-02      0.552     9.2660  1003.3576     4.2047     18.355          7 0.0000e+00
     19.000   0.414522     0.0162 5.1409e-02      0.539     9.2394  1003.4175     4.2693     19.375          7 0.0000e+00
     20.000   0.435198     0.1845 4.8989e-02      0.539     9.1082  1003.5945     4.4715     20.394          8 0.0000e+00
     21.000   0.469241     0.4720 4.7249e-02      0.533     8.8983  1003.8786     4.8005     21.414          6 0.0000e+00
     22.000   0.478655     0.6192 4.5686e-02      0.254     8.8259  1003.9527     4.8793     22.434          8 0.0000e+00
