ctdpy/exports/archive_20191121_115250/received_data/b3_v26_18.cnv
* Sea-Bird SBE19plus Data File:
* FileName = C:\CTD\CTD 2018\B3_v26_18.hex
* Software Version 1.59
* Temperature SN =  7668
* Conductivity SN =  7668
* System UpLoad Time = Jun 26 2018 09:42:17
** B3_v26_18
* ds
# nquan = 10
# nvalues = 23                          
# units = specified
# name 0 = prdM: Pressure, Strain Gauge [db]
# name 1 = c0S/m: Conductivity [S/m]
# name 2 = tv290C: Temperature [ITS-90, deg C]
# name 3 = par: PAR/Irradiance, Biospherical/Licor
# name 4 = dz/dtM: Descent Rate [m/s]
# name 5 = density00: Density [density, kg/m^3]
# name 6 = sal00: Salinity, Practical [PSU]
# name 7 = depFM: Depth [fresh water, m], lat = 0
# name 8 = nbin: number of scans per bin
# name 9 = flag: flag
# span 0 =      1.000,     23.000       
# span 1 =   0.528886,   0.568635       
# span 2 =     4.2437,    11.1547       
# span 3 = 4.3627e-02, 2.5787e+02       
# span 4 =      0.165,      0.610       
# span 5 =  1002.7399,  1004.2667       
# span 6 =     4.0324,     5.2325       
# span 7 =      1.020,     23.454       
# span 8 =          6,         24       
# span 9 = 0.0000e+00, 0.0000e+00       
# interval = decibars: 1                
# start_time = Jun 26 2018 09:09:10 [Instrument's time stamp, header]
# bad_flag = -9.990e-29
*END*
      1.000   0.536167    11.1547 2.5787e+02      0.338  1002.7399     4.0324      1.020         12 0.0000e+00
      2.000   0.535590    11.1038 1.4508e+02      0.314  1002.7510     4.0333      2.039         12 0.0000e+00
      3.000   0.533763    10.9568 9.0264e+01      0.327  1002.7731     4.0346      3.059         13 0.0000e+00
      4.000   0.532080    10.6955 5.6811e+01      0.349  1002.8181     4.0495      4.079         11 0.0000e+00
      5.000   0.528886    10.3952 3.5926e+01      0.373  1002.8602     4.0565      5.099         10 0.0000e+00
      6.000   0.529356    10.0079 2.3642e+01      0.391  1002.9408     4.1040      6.118         11 0.0000e+00
      7.000   0.531907     8.7357 1.5673e+01      0.348  1003.1935     4.2733      7.138         11 0.0000e+00
      8.000   0.531572     7.5830 1.0658e+01      0.348  1003.3951     4.4125      8.158         11 0.0000e+00
      9.000   0.538790     7.1609 7.4308e+00      0.375  1003.5204     4.5311      9.177         12 0.0000e+00
     10.000   0.540138     6.8904 5.2933e+00      0.330  1003.5792     4.5789     10.197         12 0.0000e+00
     11.000   0.545490     6.4741 3.8167e+00      0.344  1003.6897     4.6840     11.217         11 0.0000e+00
     12.000   0.547798     5.7824 2.7422e+00      0.346  1003.8210     4.8017     12.237         12 0.0000e+00
     13.000   0.550531     5.4601 1.9995e+00      0.306  1003.8961     4.8736     13.256         14 0.0000e+00
     14.000   0.554657     5.0950 1.4616e+00      0.237  1003.9878     4.9666     14.276         18 0.0000e+00
     15.000   0.557808     4.8726 1.0756e+00      0.165  1004.0502     5.0300     15.296         24 0.0000e+00
     16.000   0.559590     4.7861 8.2642e-01      0.237  1004.0818     5.0603     16.315         16 0.0000e+00
     17.000   0.561195     4.7006 6.0916e-01      0.288  1004.1117     5.0889     17.335         14 0.0000e+00
     18.000   0.562492     4.6227 4.5314e-01      0.210  1004.1383     5.1134     18.355         20 0.0000e+00
     19.000   0.564399     4.4869 3.4569e-01      0.252  1004.1782     5.1530     19.375         10 0.0000e+00
     20.000   0.566261     4.3502 2.3419e-01      0.604  1004.2178     5.1925     20.394          6 0.0000e+00
     21.000   0.566762     4.3196 1.6249e-01      0.610  1004.2311     5.2022     21.414          7 0.0000e+00
     22.000   0.567234     4.2993 1.0488e-01      0.606  1004.2426     5.2099     22.434          8 0.0000e+00
     23.000   0.568635     4.2437 4.3627e-02      0.416  1004.2667     5.2325     23.454          6 0.0000e+00
