ctdpy/exports/archive_20191121_115250/received_data/b3_v03_18.cnv
* Sea-Bird SBE19plus Data File:
* FileName = C:\CTD\CTD 2018\v01_k03\B3_v03_18.hex
* Software Version 1.59
* Temperature SN =  4644
* Conductivity SN =  4644
* System UpLoad Time = Jan 18 2018 15:11:59
** B3 2018K01 v3
* ds
# nquan = 11
# nvalues = 22                          
# units = specified
# name 0 = prdM: Pressure, Strain Gauge [db]
# name 1 = c0S/m: Conductivity [S/m]
# name 2 = tv290C: Temperature [ITS-90, deg C]
# name 3 = par: PAR/Irradiance, Biospherical/Licor
# name 4 = dz/dtM: Descent Rate [m/s]
# name 5 = sbeox0ML/L: Oxygen, SBE 43 [ml/l]
# name 6 = density00: Density [density, kg/m^3]
# name 7 = sal00: Salinity, Practical [PSU]
# name 8 = depFM: Depth [fresh water, m], lat = 0
# name 9 = nbin: number of scans per bin
# name 10 = flag: flag
# span 0 =      1.000,     22.000       
# span 1 =   0.479029,   0.520724       
# span 2 =     0.5738,     1.8157       
# span 3 = 4.3617e-02, 1.5465e+00       
# span 4 =      0.017,      1.037       
# span 5 =     8.8943,     9.2310       
# span 6 =  1003.8643,  1004.1924       
# span 7 =     4.8920,     5.1367       
# span 8 =      1.020,     22.434       
# span 9 =          2,          8       
# span 10 = 0.0000e+00, 0.0000e+00      
# interval = decibars: 1                
# start_time = Jan 18 2018 14:46:43 [Instrument's time stamp, header]
# bad_flag = -9.990e-29
*END*
      1.000   0.480568     0.6379 1.5465e+00      0.017     9.1780  1003.8643     4.8993      1.020          6 0.0000e+00
      2.000   0.480160     0.6230 7.5974e-01      0.410     9.1820  1003.8670     4.8971      2.040          6 0.0000e+00
      3.000   0.479440     0.5955 2.9831e-01      0.719     9.1944  1003.8681     4.8935      3.059          6 0.0000e+00
      4.000   0.479029     0.5762 1.2627e-01      0.893     9.1788  1003.8711     4.8920      4.079          5 0.0000e+00
      5.000   0.479055     0.5738 7.7970e-02      0.663     9.2112  1003.8765     4.8926      5.099          5 0.0000e+00
      6.000   0.479401     0.5894 4.9187e-02      0.738     9.2310  1003.8831     4.8938      6.119          5 0.0000e+00
      7.000   0.482945     0.7296 4.3845e-02      0.881     9.1726  1003.9062     4.9098      7.138          5 0.0000e+00
      8.000   0.490369     0.9875 4.3617e-02      0.865     9.1193  1003.9514     4.9488      8.158          4 0.0000e+00
      9.000   0.496117     1.2006 4.3617e-02      0.850     9.0606  1003.9849     4.9763      9.177          5 0.0000e+00
     10.000   0.501018     1.3724 4.3617e-02      0.863     9.0147  1004.0144     5.0010     10.197          4 0.0000e+00
     11.000   0.504184     1.4572 4.3617e-02      0.882     9.0024  1004.0375     5.0209     11.217          5 0.0000e+00
     12.000   0.505124     1.4752 4.3617e-02      0.872     9.0014  1004.0485     5.0279     12.237          4 0.0000e+00
     13.000   0.506281     1.4905 4.3617e-02      0.932     9.0032  1004.0616     5.0377     13.256          4 0.0000e+00
     14.000   0.507970     1.5231 4.3617e-02      1.027     8.9846  1004.0775     5.0502     14.276          4 0.0000e+00
     15.000   0.510228     1.5950 4.3617e-02      1.025     8.9652  1004.0938     5.0624     15.296          4 0.0000e+00
     16.000   0.512245     1.6670 4.3617e-02      0.985     8.9559  1004.1080     5.0721     16.316          4 0.0000e+00
     17.000   0.514492     1.7174 4.3617e-02      0.995     8.9525  1004.1263     5.0875     17.335          4 0.0000e+00
     18.000   0.516849     1.7553 4.3617e-02      1.037     8.9314  1004.1470     5.1061     18.355          4 0.0000e+00
     19.000   0.519033     1.7865 4.3617e-02      1.003     8.9055  1004.1668     5.1240     19.375          5 0.0000e+00
     20.000   0.520079     1.8019 4.3617e-02      0.877     8.9085  1004.1788     5.1324     20.394          7 0.0000e+00
     21.000   0.520349     1.7988 4.3617e-02      0.235     8.8943  1004.1863     5.1356     21.414          8 0.0000e+00
     22.000   0.520724     1.8157 4.3617e-02      0.394     8.8981  1004.1924     5.1367     22.434          2 0.0000e+00
