ctdpy/exports/archive_20191121_115250/received_data/b3_v39_18.cnv
* Sea-Bird SBE19plus Data File:
* FileName = C:\CTD\CTD 2018\B3_v39_18.hex
* Software Version 1.59
* Temperature SN =  4644
* Conductivity SN =  4644
* System UpLoad Time = Sep 25 2018 09:16:17
** B3_v39_2018
* ds
# nquan = 11
# nvalues = 23                          
# units = specified
# name 0 = prdM: Pressure, Strain Gauge [db]
# name 1 = c0S/m: Conductivity [S/m]
# name 2 = tv290C: Temperature [ITS-90, deg C]
# name 3 = par: PAR/Irradiance, Biospherical/Licor
# name 4 = dz/dtM: Descent Rate [m/s]
# name 5 = sbeox0ML/L: Oxygen, SBE 43 [ml/l]
# name 6 = density00: Density [density, kg/m^3]
# name 7 = sal00: Salinity, Practical [PSU]
# name 8 = depFM: Depth [fresh water, m], lat = 0
# name 9 = nbin: number of scans per bin
# name 10 = flag: flag
# span 0 =      1.000,     23.000       
# span 1 =   0.571484,   0.615068       
# span 2 =    12.1139,    12.2947       
# span 3 = 4.3601e-02, 6.9858e+01       
# span 4 =      0.075,      0.685       
# span 5 =     6.4943,     6.8977       
# span 6 =  1002.7598,  1003.0976       
# span 7 =     4.2072,     4.5322       
# span 8 =      1.020,     23.454       
# span 9 =          4,         13       
# span 10 = 0.0000e+00, 0.0000e+00      
# interval = decibars: 1                
# start_time = Sep 25 2018 08:53:07 [Instrument's time stamp, header]
# bad_flag = -9.990e-29
*END*
      1.000   0.571762    12.1261 6.9858e+01      0.075     6.8891  1002.7598     4.2083      1.020         13 0.0000e+00
      2.000   0.571780    12.1267 3.5361e+01      0.290     6.8917  1002.7644     4.2083      2.039         11 0.0000e+00
      3.000   0.571598    12.1188 2.0569e+01      0.472     6.8977  1002.7697     4.2077      3.059          8 0.0000e+00
      4.000   0.571621    12.1192 1.3133e+01      0.592     6.8965  1002.7744     4.2078      4.079          6 0.0000e+00
      5.000   0.571484    12.1139 9.1663e+00      0.664     6.8843  1002.7793     4.2072      5.099          6 0.0000e+00
      6.000   0.571724    12.1221 6.6375e+00      0.624     6.8773  1002.7837     4.2081      6.118          7 0.0000e+00
      7.000   0.572151    12.1380 4.7258e+00      0.506     6.8784  1002.7875     4.2097      7.138          8 0.0000e+00
      8.000   0.572135    12.1371 3.1959e+00      0.584     6.8795  1002.7923     4.2096      8.158          6 0.0000e+00
      9.000   0.572064    12.1343 2.1206e+00      0.646     6.8797  1002.7971     4.2093      9.177          6 0.0000e+00
     10.000   0.572281    12.1374 1.4081e+00      0.638     6.8822  1002.8024     4.2105     10.197          6 0.0000e+00
     11.000   0.572228    12.1377 9.3868e-01      0.685     6.8799  1002.8067     4.2101     11.217          6 0.0000e+00
     12.000   0.572301    12.1369 6.1069e-01      0.668     6.8791  1002.8120     4.2107     12.237          6 0.0000e+00
     13.000   0.572366    12.1369 3.9857e-01      0.662     6.8779  1002.8170     4.2111     13.256          7 0.0000e+00
     14.000   0.572524    12.1383 2.4370e-01      0.610     6.8774  1002.8223     4.2121     14.276          5 0.0000e+00
     15.000   0.572451    12.1377 1.5185e-01      0.631     6.8731  1002.8266     4.2116     15.296          8 0.0000e+00
     16.000   0.573148    12.1456 9.0362e-02      0.571     6.8693  1002.8338     4.2161     16.315          6 0.0000e+00
     17.000   0.573565    12.1492 5.8463e-02      0.589     6.8711  1002.8403     4.2189     17.335          7 0.0000e+00
     18.000   0.574541    12.1499 4.4240e-02      0.607     6.8348  1002.8507     4.2264     18.355          6 0.0000e+00
     19.000   0.580775    12.1843 4.3601e-02      0.483     6.7592  1002.8859     4.2715     19.375         11 0.0000e+00
     20.000   0.594513    12.2637 4.3617e-02      0.398     6.5335  1002.9569     4.3704     20.395         10 0.0000e+00
     21.000   0.614877    12.2947 4.3617e-02      0.374     6.4961  1003.0788     4.5269     21.414         10 0.0000e+00
     22.000   0.615068    12.2806 4.3617e-02      0.413     6.4943  1003.0877     4.5300     22.434         10 0.0000e+00
     23.000   0.614926    12.2531 4.3617e-02      0.092     6.4975  1003.0976     4.5322     23.454          4 0.0000e+00
