ctdpy/exports/archive_20191121_115250/received_data/b3_v22_18.cnv
* Sea-Bird SBE19plus Data File:
* FileName = C:\CTD\CTD 2018\B3_v22_2018.hex
* Software Version 1.59
* Temperature SN =  7668
* Conductivity SN =  7668
* System UpLoad Time = May 28 2018 09:57:07
** B3_v22_2018
* ds
# nquan = 10
# nvalues = 25                          
# units = specified
# name 0 = prdM: Pressure, Strain Gauge [db]
# name 1 = c0S/m: Conductivity [S/m]
# name 2 = tv290C: Temperature [ITS-90, deg C]
# name 3 = par: PAR/Irradiance, Biospherical/Licor
# name 4 = dz/dtM: Descent Rate [m/s]
# name 5 = density00: Density [density, kg/m^3]
# name 6 = sal00: Salinity, Practical [PSU]
# name 7 = depFM: Depth [fresh water, m], lat = 0
# name 8 = nbin: number of scans per bin
# name 9 = flag: flag
# span 0 =      1.000,     25.000       
# span 1 =   0.322049,   0.518805       
# span 2 =     2.1049,    11.6183       
# span 3 = -1.532e-04, 3.4059e+01       
# span 4 =      0.172,      0.394       
# span 5 =  1001.3525,  1004.1574       
# span 6 =     2.3152,     5.0694       
# span 7 =      1.020,     25.493       
# span 8 =          1,         24       
# span 9 = 0.0000e+00, 0.0000e+00       
# interval = decibars: 1                
# start_time = May 28 2018 09:30:46 [Instrument's time stamp, header]
# bad_flag = -9.990e-29
*END*
      1.000   0.322049    11.6183 3.4059e+01      0.197  1001.3525     2.3152      1.020         18 0.0000e+00
      2.000   0.322063    11.5987 1.5229e+01      0.259  1001.3605     2.3165      2.039         15 0.0000e+00
      3.000   0.322415    11.5642 1.5419e+01      0.298  1001.3729     2.3213      3.059         14 0.0000e+00
      4.000   0.322698    11.5241 1.6070e+01      0.180  1001.3858     2.3259      4.079         24 0.0000e+00
      5.000   0.326696    11.2250 7.3316e+00      0.212  1001.4624     2.3755      5.099         17 0.0000e+00
      6.000   0.329523     9.3783 3.2476e+00      0.340  1001.7615     2.5218      6.118         11 0.0000e+00
      7.000   0.334894     7.9091 1.5839e+00      0.305  1001.9999     2.6732      7.138         15 0.0000e+00
      8.000   0.340023     7.6818 7.5839e-01      0.186  1002.0680     2.7340      8.158         21 0.0000e+00
      9.000   0.348510     6.3539 3.5717e-01      0.231  1002.2896     2.9168      9.178         18 0.0000e+00
     10.000   0.357834     5.3533 1.5856e-01      0.206  1002.4707     3.0894     10.197         20 0.0000e+00
     11.000   0.364992     4.9897 5.4618e-02      0.172  1002.5648     3.1895     11.217         24 0.0000e+00
     12.000   0.375726     4.7248 2.0755e-03      0.179  1002.6771     3.3160     12.236         20 0.0000e+00
     13.000   0.410164     3.6237 -1.532e-04      0.298  1003.0570     3.7642     13.256         12 0.0000e+00
     14.000   0.431313     3.2532 1.0000e-12      0.357  1003.2654     4.0166     14.276         12 0.0000e+00
     15.000   0.451008     3.0181 1.0000e-12      0.330  1003.4518     4.2432     15.296         12 0.0000e+00
     16.000   0.466861     2.6618 1.0000e-12      0.341  1003.6225     4.4516     16.315         11 0.0000e+00
     17.000   0.478800     2.4460 1.0000e-12      0.350  1003.7482     4.6042     17.335         12 0.0000e+00
     18.000   0.494640     2.2890 1.0000e-12      0.351  1003.9010     4.7904     18.355         11 0.0000e+00
     19.000   0.502240     2.2412 1.0000e-12      0.354  1003.9743     4.8763     19.375         12 0.0000e+00
     20.000   0.505707     2.2443 1.0000e-12      0.296  1004.0077     4.9117     20.394         15 0.0000e+00
     21.000   0.506131     2.4295 1.0000e-12      0.191  1003.9948     4.8875     21.414         17 0.0000e+00
     22.000   0.510843     2.1797 1.0000e-12      0.394  1004.0676     4.9749     22.434         10 0.0000e+00
     23.000   0.512597     2.1300 1.0000e-12      0.384  1004.0929     5.0009     23.453         11 0.0000e+00
     24.000   0.515419     2.1068 1.0000e-12      0.389  1004.1240     5.0339     24.473         12 0.0000e+00
     25.000   0.518805     2.1049 1.0000e-12      0.379  1004.1574     5.0694     25.493          1 0.0000e+00
