ctdpy/exports/archive_20191121_115250/received_data/b3_v35_18.cnv
* Sea-Bird SBE19plus Data File:
* FileName = C:\CTD\CTD 2018\B3_v35_18.hex
* Software Version 1.59
* Temperature SN =  4644
* Conductivity SN =  4644
* System UpLoad Time = Aug 29 2018 09:53:39
** B3_v35_18
* ds
# nquan = 11
# nvalues = 23                          
# units = specified
# name 0 = prdM: Pressure, Strain Gauge [db]
# name 1 = c0S/m: Conductivity [S/m]
# name 2 = tv290C: Temperature [ITS-90, deg C]
# name 3 = par: PAR/Irradiance, Biospherical/Licor
# name 4 = dz/dtM: Descent Rate [m/s]
# name 5 = sbeox0ML/L: Oxygen, SBE 43 [ml/l]
# name 6 = density00: Density [density, kg/m^3]
# name 7 = sal00: Salinity, Practical [PSU]
# name 8 = depFM: Depth [fresh water, m], lat = 0
# name 9 = nbin: number of scans per bin
# name 10 = flag: flag
# span 0 =      1.000,     23.000       
# span 1 =   0.602461,   0.606720       
# span 2 =    13.6580,    14.3839       
# span 3 = 9.4688e-02, 2.0962e+02       
# span 4 =      0.139,      0.638       
# span 5 =     6.4429,     6.9565       
# span 6 =  1002.4571,  1002.7306       
# span 7 =     4.2244,     4.3062       
# span 8 =      1.020,     23.454       
# span 9 =          6,         15       
# span 10 = 0.0000e+00, 0.0000e+00      
# interval = decibars: 1                
# start_time = Aug 29 2018 09:25:37 [Instrument's time stamp, header]
# bad_flag = -9.990e-29
*END*
      1.000   0.606293    14.3839 2.0962e+02      0.139     6.9565  1002.4571     4.2246      1.020         15 0.0000e+00
      2.000   0.605856    14.3481 1.1377e+02      0.461     6.8835  1002.4677     4.2252      2.040          7 0.0000e+00
      3.000   0.604972    14.2844 6.8281e+01      0.593     6.8551  1002.4822     4.2254      3.059          7 0.0000e+00
      4.000   0.604027    14.2284 4.2149e+01      0.608     6.8219  1002.4945     4.2244      4.079          6 0.0000e+00
      5.000   0.603364    14.1806 2.5899e+01      0.609     6.8231  1002.5065     4.2245      5.099          7 0.0000e+00
      6.000   0.603174    14.1646 1.7028e+01      0.560     6.8121  1002.5138     4.2248      6.118          7 0.0000e+00
      7.000   0.603026    14.1509 1.1336e+01      0.638     6.8001  1002.5207     4.2251      7.138          6 0.0000e+00
      8.000   0.602550    14.1098 7.6653e+00      0.566     6.8122  1002.5322     4.2259      8.158          8 0.0000e+00
      9.000   0.602702    14.0932 5.3022e+00      0.614     6.8054  1002.5416     4.2288      9.177          6 0.0000e+00
     10.000   0.602556    14.0801 3.6669e+00      0.582     6.7998  1002.5484     4.2291     10.197          8 0.0000e+00
     11.000   0.602461    14.0711 2.4993e+00      0.515     6.8062  1002.5546     4.2293     11.217          6 0.0000e+00
     12.000   0.602915    14.0741 1.7680e+00      0.626     6.8072  1002.5611     4.2323     12.237          7 0.0000e+00
     13.000   0.603531    14.0738 1.2323e+00      0.530     6.7867  1002.5694     4.2369     13.256          8 0.0000e+00
     14.000   0.603753    14.0613 8.6229e-01      0.535     6.7416  1002.5782     4.2399     14.276          7 0.0000e+00
     15.000   0.603768    14.0400 6.2235e-01      0.562     6.7492  1002.5878     4.2423     15.296          8 0.0000e+00
     16.000   0.604413    14.0334 4.3724e-01      0.487     6.6884  1002.5977     4.2478     16.315          7 0.0000e+00
     17.000   0.604563    14.0075 3.2026e-01      0.617     6.6528  1002.6092     4.2517     17.335          6 0.0000e+00
     18.000   0.604725    13.9860 2.3873e-01      0.584     6.6521  1002.6198     4.2552     18.355          8 0.0000e+00
     19.000   0.604997    13.9819 1.8253e-01      0.541     6.5866  1002.6270     4.2576     19.375          7 0.0000e+00
     20.000   0.605008    13.9203 1.4625e-01      0.609     6.5526  1002.6459     4.2644     20.394          6 0.0000e+00
     21.000   0.605582    13.8548 1.2143e-01      0.570     6.5132  1002.6692     4.2759     21.414          8 0.0000e+00
     22.000   0.605978    13.7751 1.0461e-01      0.514     6.4429  1002.6946     4.2876     22.434          6 0.0000e+00
     23.000   0.606720    13.6580 9.4688e-02      0.631 -9.990e-29  1002.7306     4.3062     23.454          7 0.0000e+00
