ctdpy/exports/archive_20191121_115250/received_data/b3_v31_18.cnv
* Sea-Bird SBE19plus Data File:
* FileName = C:\CTD\CTD 2018\v31\B3_v31_18.hex
* Software Version 1.59
* Temperature SN =  4644
* Conductivity SN =  4644
* System UpLoad Time = Aug 02 2018 10:21:12
** B3_v31_18
* ds
# nquan = 11
# nvalues = 22                          
# units = specified
# name 0 = prdM: Pressure, Strain Gauge [db]
# name 1 = c0S/m: Conductivity [S/m]
# name 2 = tv290C: Temperature [ITS-90, deg C]
# name 3 = par: PAR/Irradiance, Biospherical/Licor
# name 4 = dz/dtM: Descent Rate [m/s]
# name 5 = sbeox0ML/L: Oxygen, SBE 43 [ml/l]
# name 6 = density00: Density [density, kg/m^3]
# name 7 = sal00: Salinity, Practical [PSU]
# name 8 = depFM: Depth [fresh water, m], lat = 0
# name 9 = nbin: number of scans per bin
# name 10 = flag: flag
# span 0 =      1.000,     22.000       
# span 1 =   0.575372,   0.643541       
# span 2 =     3.9579,    22.3093       
# span 3 = 2.2783e-01, 2.4007e+02       
# span 4 =      0.041,      0.585       
# span 5 =     5.7860,     6.6921       
# span 6 =  1000.2526,  1004.4549       
# span 7 =     3.3634,     5.4680       
# span 8 =      1.020,     22.434       
# span 9 =          7,         22       
# span 10 = 0.0000e+00, 0.0000e+00      
# interval = decibars: 1                
# start_time = Aug 02 2018 09:54:27 [Instrument's time stamp, header]
# bad_flag = -9.990e-29
*END*
      1.000   0.585272    22.3093 2.4007e+02      0.067     6.2150  1000.2526     3.3634      1.020         13 0.0000e+00
      2.000   0.584288    22.1541 1.3862e+02      0.367     6.1838  1000.2979     3.3691      2.039         10 0.0000e+00
      3.000   0.584244    22.1334 8.0133e+01      0.407     6.1845  1000.3083     3.3704      3.059         11 0.0000e+00
      4.000   0.584194    22.1228 4.8917e+01      0.415     6.1859  1000.3156     3.3708      4.079         10 0.0000e+00
      5.000   0.584063    22.1139 3.1742e+01      0.346     6.1719  1000.3221     3.3706      5.099         11 0.0000e+00
      6.000   0.584034    22.0917 2.0354e+01      0.385     6.0727  1000.3329     3.3721      6.118         10 0.0000e+00
      7.000   0.582585    21.9316 1.3503e+01      0.425     5.7994  1000.3771     3.3754      7.138         10 0.0000e+00
      8.000   0.585019    21.3418 9.4143e+00      0.313     5.8394  1000.5627     3.4365      8.158         13 0.0000e+00
      9.000   0.601995    20.7812 6.6715e+00      0.318     5.9032  1000.8081     3.5887      9.177         10 0.0000e+00
     10.000   0.616156    20.5216 4.6929e+00      0.494     5.9472  1000.9548     3.7013     10.197          7 0.0000e+00
     11.000   0.643541    19.7168 3.3735e+00      0.585     5.9553  1001.3208     3.9510     11.217          9 0.0000e+00
     12.000   0.629953    18.2395 2.5507e+00      0.373     5.8634  1001.6618     3.9997     12.237         13 0.0000e+00
     13.000   0.604290    14.7165 1.8906e+00      0.335     6.0884  1002.4045     4.1758     13.256         10 0.0000e+00
     14.000   0.582522    11.2468 1.4249e+00      0.283     5.9249  1003.0721     4.3945     14.276         15 0.0000e+00
     15.000   0.577222     8.9736 1.0642e+00      0.247     5.7860  1003.4884     4.6334     15.296         17 0.0000e+00
     16.000   0.575372     6.7138 8.0423e-01      0.249     5.9150  1003.8892     4.9240     16.315         18 0.0000e+00
     17.000   0.578036     5.5517 6.2593e-01      0.244     5.9404  1004.1067     5.1203     17.335         18 0.0000e+00
     18.000   0.581449     5.0853 4.9296e-01      0.122     5.9797  1004.2122     5.2246     18.355         16 0.0000e+00
     19.000   0.585061     4.6588 3.9095e-01      0.185     6.4714  1004.3118     5.3273     19.375         22 0.0000e+00
     20.000   0.586647     4.3526 3.1844e-01      0.126     6.6076  1004.3766     5.3923     20.394         19 0.0000e+00
     21.000   0.586834     4.1124 2.6326e-01      0.212     6.6921  1004.4197     5.4337     21.414         16 0.0000e+00
     22.000   0.587710     3.9579 2.2783e-01      0.041     6.6775  1004.4549     5.4680     22.434         13 0.0000e+00
