ctdpy/exports/archive_20191121_115250/received_data/b3_v45_18.cnv
* Sea-Bird SBE19plus Data File:
* FileName = C:\CTD\CTD 2018\v45\B3_v45_18.hex
* Software Version 1.59
* Temperature SN =  4644
* Conductivity SN =  4644
* System UpLoad Time = Nov 06 2018 09:00:41
** B3_v45_18
* ds
# nquan = 11
# nvalues = 22                          
# units = specified
# name 0 = prdM: Pressure, Strain Gauge [db]
# name 1 = c0S/m: Conductivity [S/m]
# name 2 = tv290C: Temperature [ITS-90, deg C]
# name 3 = par: PAR/Irradiance, Biospherical/Licor
# name 4 = dz/dtM: Descent Rate [m/s]
# name 5 = sbeox0ML/L: Oxygen, SBE 43 [ml/l]
# name 6 = density00: Density [density, kg/m^3]
# name 7 = sal00: Salinity, Practical [PSU]
# name 8 = depFM: Depth [fresh water, m], lat = 58
# name 9 = nbin: number of scans per bin
# name 10 = flag: flag
# span 0 =      1.000,     22.000       
# span 1 =   0.499452,   0.519113       
# span 2 =     5.8261,     6.1156       
# span 3 = 5.0606e-02, 5.9038e+00       
# span 4 =      0.059,      0.681       
# span 5 =     7.8396,     8.2439       
# span 6 =  1003.3936,  1003.6072       
# span 7 =     4.3354,     4.4885       
# span 8 =      1.020,     22.434       
# span 9 =          4,         12       
# span 10 = 0.0000e+00, 0.0000e+00      
# interval = decibars: 1                
# start_time = Nov 06 2018 08:53:20 [Instrument's time stamp, header]
# bad_flag = -9.990e-29
*END*
      1.000   0.499475     5.9070 5.9038e+00      0.059     8.2380  1003.3936     4.3354      1.020          7 0.0000e+00
      2.000   0.499462     5.9058 3.2269e+00      0.269     8.2368  1003.3985     4.3354      2.040         12 0.0000e+00
      3.000   0.499465     5.9045 2.0253e+00      0.334     8.2401  1003.4035     4.3355      3.059         12 0.0000e+00
      4.000   0.499452     5.9022 1.2258e+00      0.382     8.2413  1003.4085     4.3356      4.079          8 0.0000e+00
      5.000   0.499475     5.9008 7.9784e-01      0.435     8.2407  1003.4137     4.3359      5.098         10 0.0000e+00
      6.000   0.499535     5.8957 4.7288e-01      0.437     8.2418  1003.4197     4.3370      6.118          7 0.0000e+00
      7.000   0.499745     5.8897 3.4223e-01      0.649     8.2337  1003.4269     4.3397      7.138          5 0.0000e+00
      8.000   0.501037     5.8588 2.2094e-01      0.344     8.2296  1003.4456     4.3556      8.158          8 0.0000e+00
      9.000   0.502937     5.8475 1.6608e-01      0.681     8.2268  1003.4660     4.3746      9.177          5 0.0000e+00
     10.000   0.503404     5.8484 1.2596e-01      0.432     8.2338  1003.4741     4.3787     10.197          9 0.0000e+00
     11.000   0.503256     5.8403 9.6140e-02      0.545     8.2391  1003.4790     4.3783     11.217          6 0.0000e+00
     12.000   0.503137     5.8328 8.2200e-02      0.584     8.2359  1003.4840     4.3781     12.236          9 0.0000e+00
     13.000   0.503051     5.8261 6.9726e-02      0.409     8.2439  1003.4891     4.3781     13.256          7 0.0000e+00
     14.000   0.503106     5.8264 6.3618e-02      0.581     8.2369  1003.4943     4.3785     14.276          8 0.0000e+00
     15.000   0.503160     5.8274 5.9286e-02      0.452     8.2336  1003.4993     4.3788     15.296          8 0.0000e+00
     16.000   0.503259     5.8301 5.6138e-02      0.507     8.2216  1003.5045     4.3793     16.315          7 0.0000e+00
     17.000   0.503367     5.8316 5.4163e-02      0.571     8.2007  1003.5098     4.3800     17.335          8 0.0000e+00
     18.000   0.503538     5.8333 5.2813e-02      0.525     8.1934  1003.5156     4.3813     18.355          8 0.0000e+00
     19.000   0.503697     5.8373 5.1777e-02      0.414     8.1824  1003.5210     4.3822     19.375          8 0.0000e+00
     20.000   0.504471     5.8366 5.1248e-02      0.492     8.1844  1003.5316     4.3894     20.394         10 0.0000e+00
     21.000   0.506506     5.8536 5.0900e-02      0.310     8.0568  1003.5488     4.4060     21.414         12 0.0000e+00
     22.000   0.519113     6.1156 5.0606e-02      0.423     7.8396  1003.6072     4.4885     22.434          4 0.0000e+00
