ctdpy/exports/archive_20191121_115250/received_data/b3_v19_18.cnv
* Sea-Bird SBE19plus Data File:
* FileName = C:\CTD\CTD 2018\B3_v19_18.hex
* Software Version 1.59
* Temperature SN =  7668
* Conductivity SN =  7668
* System UpLoad Time = May 07 2018 10:18:50
** B3 k09 v19 2018
* ds
# nquan = 10
# nvalues = 24                          
# units = specified
# name 0 = prdM: Pressure, Strain Gauge [db]
# name 1 = c0S/m: Conductivity [S/m]
# name 2 = tv290C: Temperature [ITS-90, deg C]
# name 3 = par: PAR/Irradiance, Biospherical/Licor
# name 4 = dz/dtM: Descent Rate [m/s]
# name 5 = density00: Density [density, kg/m^3]
# name 6 = sal00: Salinity, Practical [PSU]
# name 7 = depFM: Depth [fresh water, m], lat = 0
# name 8 = nbin: number of scans per bin
# name 9 = flag: flag
# span 0 =      1.000,     24.000       
# span 1 =   0.268454,   0.484688       
# span 2 =     1.5997,     5.0186       
# span 3 = -1.527e-04, 5.5270e+01       
# span 4 =     -0.264,      0.630       
# span 5 =  1001.8094,  1003.9086       
# span 6 =     2.3006,     4.7882       
# span 7 =      1.020,     24.472       
# span 8 =          1,         16       
# span 9 = 0.0000e+00, 0.0000e+00       
# interval = decibars: 1                
# start_time = May 07 2018 09:47:57 [Instrument's time stamp, header]
# bad_flag = -9.990e-29
*END*
      1.000   0.268454     5.0186 5.5270e+01      0.167  1001.8094     2.3006      1.020         16 0.0000e+00
      2.000   0.269220     4.9906 1.1532e+01      0.218  1001.8220     2.3095      2.039         15 0.0000e+00
      3.000   0.277306     4.8605 3.1052e+00      0.421  1001.8959     2.3925      3.059          8 0.0000e+00
      4.000   0.301882     4.4814 7.9208e-01      0.573  1002.1118     2.6482      4.079          7 0.0000e+00
      5.000   0.327366     4.0376 2.4672e-01      0.581  1002.3436     2.9250      5.099          7 0.0000e+00
      6.000   0.338752     3.8274 8.6105e-02      0.578  1002.4523     3.0523      6.118          7 0.0000e+00
      7.000   0.343107     3.7705 8.0937e-03      0.569  1002.4952     3.0993      7.138          6 0.0000e+00
      8.000   0.345549     3.7329 -1.527e-04      0.619  1002.5220     3.1262      8.157          7 0.0000e+00
      9.000   0.347081     3.6988 1.0000e-12      0.572  1002.5415     3.1442      9.178          7 0.0000e+00
     10.000   0.348535     3.6783 1.0000e-12      0.620  1002.5592     3.1601     10.197          6 0.0000e+00
     11.000   0.349713     3.6564 1.0000e-12      0.606  1002.5751     3.1735     11.217          7 0.0000e+00
     12.000   0.350545     3.5993 1.0000e-12      0.567  1002.5911     3.1871     12.237          7 0.0000e+00
     13.000   0.351441     3.4805 1.0000e-12      0.630  1002.6128     3.2074     13.256          7 0.0000e+00
     14.000   0.354421     3.3261 1.0000e-12      0.520  1002.6535     3.2518     14.276          7 0.0000e+00
     15.000   0.360696     3.0975 1.0000e-12      0.592  1002.7262     3.3365     15.296          7 0.0000e+00
     16.000   0.366152     2.9020 1.0000e-12      0.574  1002.7899     3.4108     16.315          7 0.0000e+00
     17.000   0.372626     2.7036 1.0000e-12      0.557  1002.8623     3.4966     17.335          7 0.0000e+00
     18.000   0.392133     2.3900 1.0000e-12      0.605  1003.0503     3.7287     18.355          7 0.0000e+00
     19.000   0.423647     2.0706 1.0000e-12      0.567  1003.3403     4.0893     19.375          7 0.0000e+00
     20.000   0.445982     1.9026 1.0000e-12      0.571  1003.5456     4.3421     20.394          6 0.0000e+00
     21.000   0.470898     1.7215 1.0000e-12      0.608  1003.7767     4.6278     21.414          7 0.0000e+00
     22.000   0.484688     1.6180 1.0000e-12      0.557  1003.9086     4.7882     22.434          8 0.0000e+00
     23.000   0.480299     1.5997 1.0000e-12      0.527  1003.8782     4.7447     23.453         11 0.0000e+00
     24.000   0.478503     1.6723 1.0000e-12     -0.264  1003.8605     4.7145     24.472          1 0.0000e+00
