ctdpy/exports/archive_20191121_115250/received_data/b7_v11_18.cnv
* Sea-Bird SBE19plus Data File:
* FileName = C:\CTD\CTD 2018\B7_v11_18.hex
* Software Version 1.59
* Temperature SN =  7668
* Conductivity SN =  7668
* System UpLoad Time = Mar 15 2018 10:28:35
** B7_v11_18
* ds
# nquan = 10
# nvalues = 22                          
# units = specified
# name 0 = prdM: Pressure, Strain Gauge [db]
# name 1 = c0S/m: Conductivity [S/m]
# name 2 = tv290C: Temperature [ITS-90, deg C]
# name 3 = par: PAR/Irradiance, Biospherical/Licor
# name 4 = dz/dtM: Descent Rate [m/s]
# name 5 = density00: Density [density, kg/m^3]
# name 6 = sal00: Salinity, Practical [PSU]
# name 7 = depFM: Depth [fresh water, m], lat = 0
# name 8 = nbin: number of scans per bin
# name 9 = flag: flag
# span 0 =      1.000,     22.000       
# span 1 =   0.100149,   0.452192       
# span 2 =    -0.1100,     0.5413       
# span 3 = -2.943e-05, 2.6422e+01       
# span 4 =      0.141,      0.646       
# span 5 =  1000.6276,  1003.7124       
# span 6 =     0.9537,     4.6042       
# span 7 =      1.020,     22.434       
# span 8 =          6,         18       
# span 9 = 0.0000e+00, 0.0000e+00       
# interval = decibars: 1                
# start_time = Mar 15 2018 09:52:44 [Instrument's time stamp, header]
# bad_flag = -9.990e-29
*END*
      1.000   0.100149    -0.0238 2.6422e+01      0.141  1000.6276     0.9537      1.020         16 0.0000e+00
      2.000   0.202192    -0.0833 2.2185e+00      0.307  1001.4836     2.0015      2.039         13 0.0000e+00
      3.000   0.296279    -0.1013 7.9989e-01      0.334  1002.3007     3.0008      3.059         11 0.0000e+00
      4.000   0.338332    -0.1100 3.8459e-01      0.434  1002.6745     3.4552      4.079          9 0.0000e+00
      5.000   0.350231    -0.1066 1.9445e-01      0.450  1002.7843     3.5839      5.098          9 0.0000e+00
      6.000   0.354625    -0.0903 1.0177e-01      0.424  1002.8274     3.6297      6.118          9 0.0000e+00
      7.000   0.357349    -0.0626 4.0682e-02      0.412  1002.8553     3.6559      7.138         11 0.0000e+00
      8.000   0.358414    -0.0526 6.8422e-03      0.326  1002.8692     3.6662      8.158         14 0.0000e+00
      9.000   0.363669    -0.0439 -2.943e-05      0.213  1002.9203     3.7223      9.177         18 0.0000e+00
     10.000   0.379360    -0.0346 1.0000e-12      0.248  1003.0636     3.8921     10.197         14 0.0000e+00
     11.000   0.395200    -0.0037 1.0000e-12      0.399  1003.2073     4.0610     11.217          9 0.0000e+00
     12.000   0.404670     0.0393 1.0000e-12      0.464  1003.2938     4.1587     12.236          9 0.0000e+00
     13.000   0.410653     0.0888 1.0000e-12      0.482  1003.3488     4.2173     13.256          8 0.0000e+00
     14.000   0.418627     0.1733 1.0000e-12      0.488  1003.4189     4.2925     14.276          8 0.0000e+00
     15.000   0.425776     0.2835 1.0000e-12      0.519  1003.4795     4.3548     15.296          7 0.0000e+00
     16.000   0.430028     0.3701 1.0000e-12      0.529  1003.5157     4.3886     16.315          8 0.0000e+00
     17.000   0.442657     0.4523 1.0000e-12      0.550  1003.6257     4.5139     17.335          6 0.0000e+00
     18.000   0.450984     0.5183 1.0000e-12      0.618  1003.6986     4.5945     18.355          7 0.0000e+00
     19.000   0.452192     0.5403 1.0000e-12      0.646  1003.7124     4.6042     19.375          6 0.0000e+00
     20.000   0.448737     0.5413 1.0000e-12      0.611  1003.6869     4.5664     20.394          7 0.0000e+00
     21.000   0.447929     0.5359 1.0000e-12      0.550  1003.6852     4.5584     21.414          8 0.0000e+00
     22.000   0.443334     0.4309 1.0000e-12      0.445  1003.6578     4.5238     22.434         13 0.0000e+00
