ctdpy/exports/archive_20191121_115250/received_data/b7_v28_18.cnv
* Sea-Bird SBE19plus Data File:
* FileName = C:\CTD\CTD 2018\v28\B7_v28_18.hex
* Software Version 1.59
* Temperature SN =  4644
* Conductivity SN =  4644
* System UpLoad Time = Jul 09 2018 13:41:43
** B7_v28_18
* ds
# nquan = 11
# nvalues = 22                          
# units = specified
# name 0 = prdM: Pressure, Strain Gauge [db]
# name 1 = c0S/m: Conductivity [S/m]
# name 2 = tv290C: Temperature [ITS-90, deg C]
# name 3 = par: PAR/Irradiance, Biospherical/Licor
# name 4 = dz/dtM: Descent Rate [m/s]
# name 5 = sbeox0ML/L: Oxygen, SBE 43 [ml/l]
# name 6 = density00: Density [density, kg/m^3]
# name 7 = sal00: Salinity, Practical [PSU]
# name 8 = depFM: Depth [fresh water, m], lat = 0
# name 9 = nbin: number of scans per bin
# name 10 = flag: flag
# span 0 =      1.000,     22.000       
# span 1 =   0.544555,   0.582960       
# span 2 =     3.8806,    14.8716       
# span 3 = 3.4482e-01, 1.1986e+03       
# span 4 =     -0.015,      1.147       
# span 5 =     6.3480,     7.6629       
# span 6 =  1002.1606,  1004.4289       
# span 7 =     3.9249,     5.4336       
# span 8 =      1.020,     22.434       
# span 9 =          3,         10       
# span 10 = 0.0000e+00, 0.0000e+00      
# interval = decibars: 1                
# start_time = Jul 09 2018 13:19:59 [Instrument's time stamp, header]
# bad_flag = -9.990e-29
*END*
      1.000   0.570285    14.6962 1.1986e+03     -0.015     7.6629  1002.1790     3.9256      1.020          7 0.0000e+00
      2.000   0.571197    14.7541 6.3906e+02      0.550     7.6428  1002.1752     3.9265      2.039          5 0.0000e+00
      3.000   0.572670    14.8716 3.7543e+02      1.054     7.5044  1002.1606     3.9255      3.059          4 0.0000e+00
      4.000   0.572353    14.8541 2.4763e+02      1.141     7.5469  1002.1676     3.9249      4.079          3 0.0000e+00
      5.000   0.569129    14.5366 1.4503e+02      1.144     7.5390  1002.2277     3.9329      5.099          4 0.0000e+00
      6.000   0.560980    13.6986 8.7189e+01      1.143     7.3964  1002.3761     3.9569      6.118          3 0.0000e+00
      7.000   0.555715    12.7209 5.3099e+01      1.147     7.4730  1002.5641     4.0182      7.138          4 0.0000e+00
      8.000   0.552025    11.4055 3.4832e+01      1.143     7.1956  1002.8196     4.1321      8.158          6 0.0000e+00
      9.000   0.548527     9.6516 3.0290e+01      0.207     6.8012  1003.1451     4.3052      9.177         10 0.0000e+00
     10.000   0.544668     7.6797 1.9429e+01      0.597     6.5385  1003.4792     4.5160     10.197          5 0.0000e+00
     11.000   0.544555     6.8385 1.3195e+01      0.844     6.4418  1003.6240     4.6258     11.217          5 0.0000e+00
     12.000   0.545287     6.2455 9.0606e+00      0.856     6.4059  1003.7296     4.7134     12.237          5 0.0000e+00
     13.000   0.546647     5.7234 6.1246e+00      0.856     6.3480  1003.8265     4.7992     13.256          4 0.0000e+00
     14.000   0.548898     5.4530 4.2385e+00      0.853     6.3679  1003.8898     4.8591     14.276          5 0.0000e+00
     15.000   0.552008     5.2333 2.9593e+00      0.881     6.5048  1003.9515     4.9206     15.296          4 0.0000e+00
     16.000   0.558030     4.8971 2.1120e+00      0.928     6.6029  1004.0531     5.0284     16.315          5 0.0000e+00
     17.000   0.564427     4.5788 1.5599e+00      0.916     6.6059  1004.1550     5.1392     17.335          5 0.0000e+00
     18.000   0.569389     4.3650 1.1931e+00      0.781     6.5803  1004.2304     5.2211     18.355          5 0.0000e+00
     19.000   0.573143     4.2297 8.8088e-01      0.747     6.5095  1004.2848     5.2795     19.374          5 0.0000e+00
     20.000   0.576368     4.1279 6.4655e-01      0.761     6.4794  1004.3302     5.3277     20.394          6 0.0000e+00
     21.000   0.579614     4.0011 4.8306e-01      0.617     6.5241  1004.3796     5.3805     21.414          7 0.0000e+00
     22.000   0.582960     3.8806 3.4482e-01      0.541     6.5383  1004.4289     5.4336     22.434         10 0.0000e+00
