ctdpy/exports/archive_20191121_115250/received_data/b7_v17_18.cnv
* Sea-Bird SBE19plus Data File:
* FileName = C:\CTD\CTD 2018\v17\B7_v17_18.hex
* Software Version 1.59
* Temperature SN =  7668
* Conductivity SN =  7668
* System UpLoad Time = Apr 23 2018 14:59:14
** B7 2018K08 v17
* ds
# nquan = 10
# nvalues = 22                          
# units = specified
# name 0 = prdM: Pressure, Strain Gauge [db]
# name 1 = c0S/m: Conductivity [S/m]
# name 2 = tv290C: Temperature [ITS-90, deg C]
# name 3 = par: PAR/Irradiance, Biospherical/Licor
# name 4 = dz/dtM: Descent Rate [m/s]
# name 5 = density00: Density [density, kg/m^3]
# name 6 = sal00: Salinity, Practical [PSU]
# name 7 = depFM: Depth [fresh water, m], lat = 0
# name 8 = nbin: number of scans per bin
# name 9 = flag: flag
# span 0 =      1.000,     22.000       
# span 1 =   0.386833,   0.528454       
# span 2 =     1.0212,     2.1249       
# span 3 = 1.0000e-12, 2.1341e+02       
# span 4 =      0.193,      0.814       
# span 5 =  1002.9503,  1004.2990       
# span 6 =     3.7083,     5.2779       
# span 7 =      1.020,     22.434       
# span 8 =          5,         15       
# span 9 = 0.0000e+00, 0.0000e+00       
# interval = decibars: 1                
# start_time = Apr 23 2018 14:37:35 [Instrument's time stamp, header]
# bad_flag = -9.990e-29
*END*
      1.000   0.391869     2.1071 2.1341e+02      0.320  1002.9868     3.7600      1.020          8 0.0000e+00
      2.000   0.386833     2.1091 8.6967e+01      0.737  1002.9503     3.7083      2.039          5 0.0000e+00
      3.000   0.390283     2.1147 4.0455e+01      0.754  1002.9831     3.7428      3.059          6 0.0000e+00
      4.000   0.399972     2.1249 1.9894e+01      0.765  1003.0667     3.8405      4.079          5 0.0000e+00
      5.000   0.404283     2.1099 1.1569e+01      0.781  1003.1083     3.8863      5.099          5 0.0000e+00
      6.000   0.405379     2.0791 7.3310e+00      0.776  1003.1247     3.9013      6.118          5 0.0000e+00
      7.000   0.406224     2.0112 4.8168e+00      0.794  1003.1422     3.9183      7.138          5 0.0000e+00
      8.000   0.409219     1.7972 2.9809e+00      0.814  1003.1893     3.9760      8.158          5 0.0000e+00
      9.000   0.412040     1.6510 1.9273e+00      0.795  1003.2295     4.0238      9.177          5 0.0000e+00
     10.000   0.418378     1.4812 1.2986e+00      0.784  1003.3013     4.1120     10.197          5 0.0000e+00
     11.000   0.431135     1.2314 8.1919e-01      0.803  1003.4346     4.2799     11.217          5 0.0000e+00
     12.000   0.453806     1.0388 5.3822e-01      0.802  1003.6500     4.5482     12.236          5 0.0000e+00
     13.000   0.475038     1.0212 3.7024e-01      0.768  1003.8399     4.7781     13.256          5 0.0000e+00
     14.000   0.491554     1.0816 2.5609e-01      0.793  1003.9820     4.9459     14.276          5 0.0000e+00
     15.000   0.498898     1.1376 1.7029e-01      0.801  1004.0448     5.0156     15.296          6 0.0000e+00
     16.000   0.504779     1.1895 1.2082e-01      0.751  1004.0952     5.0702     16.315          5 0.0000e+00
     17.000   0.512724     1.2702 7.4367e-02      0.734  1004.1602     5.1420     17.335          5 0.0000e+00
     18.000   0.519112     1.3430 3.8720e-02      0.770  1004.2123     5.1982     18.355          5 0.0000e+00
     19.000   0.522252     1.3816 9.2930e-03      0.775  1004.2399     5.2252     19.375          6 0.0000e+00
     20.000   0.524026     1.4035 5.7862e-04      0.765  1004.2576     5.2404     20.394          6 0.0000e+00
     21.000   0.526060     1.4294 1.0000e-12      0.603  1004.2771     5.2576     21.414          8 0.0000e+00
     22.000   0.528454     1.4602 1.0000e-12      0.193  1004.2990     5.2779     22.434         15 0.0000e+00
