ctdpy/exports/archive_20191121_115250/received_data/b7_v41_18.cnv
* Sea-Bird SBE19plus Data File:
* FileName = C:\CTD\CTD 2018\v41\B7_v41_18.hex
* Software Version 1.59
* Temperature SN =  4644
* Conductivity SN =  4644
* System UpLoad Time = Oct 08 2018 15:45:08
** B7 k23 v41 2018
* ds
# nquan = 11
# nvalues = 23                          
# units = specified
# name 0 = prdM: Pressure, Strain Gauge [db]
# name 1 = c0S/m: Conductivity [S/m]
# name 2 = tv290C: Temperature [ITS-90, deg C]
# name 3 = par: PAR/Irradiance, Biospherical/Licor
# name 4 = dz/dtM: Descent Rate [m/s]
# name 5 = sbeox0ML/L: Oxygen, SBE 43 [ml/l]
# name 6 = density00: Density [density, kg/m^3]
# name 7 = sal00: Salinity, Practical [PSU]
# name 8 = depFM: Depth [fresh water, m], lat = 58
# name 9 = nbin: number of scans per bin
# name 10 = flag: flag
# span 0 =      1.000,     23.000       
# span 1 =   0.565620,   0.583173       
# span 2 =     7.6744,     7.8924       
# span 3 = 6.5282e-02, 2.1980e+01       
# span 4 =     -0.062,      1.380       
# span 5 =     7.1657,     7.6431       
# span 6 =  1003.5566,  1003.8104       
# span 7 =     4.6827,     4.8577       
# span 8 =      1.020,     23.454       
# span 9 =          3,         16       
# span 10 = 0.0000e+00, 0.0000e+00      
# interval = decibars: 1                
# start_time = Oct 08 2018 15:12:09 [Instrument's time stamp, header]
# bad_flag = -9.990e-29
*END*
      1.000   0.565620     7.8273 2.1980e+01      0.255     7.6289  1003.5566     4.6827      1.020         16 0.0000e+00
      2.000   0.567312     7.8496 1.7705e+01     -0.062     7.6415  1003.5692     4.6946      2.039          6 0.0000e+00
      3.000   0.567171     7.8469 7.4764e+00      0.829     7.6431  1003.5734     4.6937      3.059          4 0.0000e+00
      4.000   0.566948     7.8436 3.4540e+00      1.236     7.6365  1003.5772     4.6921      4.079          3 0.0000e+00
      5.000   0.566887     7.8426 1.7963e+00      1.380     7.6294  1003.5817     4.6916      5.098          3 0.0000e+00
      6.000   0.567459     7.8466 1.0881e+00      1.367     7.6252  1003.5897     4.6960      6.118          3 0.0000e+00
      7.000   0.567916     7.8514 7.1122e-01      1.201     7.6162  1003.5967     4.6994      7.138          4 0.0000e+00
      8.000   0.568979     7.8643 4.4797e-01      0.988     7.6065  1003.6065     4.7069      8.158          4 0.0000e+00
      9.000   0.570271     7.8786 2.8393e-01      0.960     7.6053  1003.6177     4.7164      9.177          5 0.0000e+00
     10.000   0.571044     7.8858 1.9410e-01      0.955     7.5938  1003.6265     4.7222     10.197          4 0.0000e+00
     11.000   0.571588     7.8898 1.3670e-01      0.928     7.5956  1003.6343     4.7264     11.217          4 0.0000e+00
     12.000   0.571742     7.8909 1.0403e-01      0.941     7.6010  1003.6399     4.7275     12.236          5 0.0000e+00
     13.000   0.571558     7.8904 9.0216e-02      0.701     7.5881  1003.6435     4.7259     13.256          5 0.0000e+00
     14.000   0.571752     7.8909 8.0576e-02      0.902     7.5720  1003.6495     4.7274     14.276          4 0.0000e+00
     15.000   0.572416     7.8924 7.4763e-02      1.016     7.5556  1003.6585     4.7330     15.296          3 0.0000e+00
     16.000   0.572911     7.8923 7.0617e-02      1.084     7.5493  1003.6667     4.7373     16.315          4 0.0000e+00
     17.000   0.572985     7.8904 6.8186e-02      1.120     7.5535  1003.6723     4.7382     17.335          4 0.0000e+00
     18.000   0.572933     7.8884 6.7149e-02      1.042     7.5486  1003.6770     4.7379     18.355          4 0.0000e+00
     19.000   0.572947     7.8863 6.6523e-02      0.972     7.5187  1003.6823     4.7382     19.375          4 0.0000e+00
     20.000   0.573179     7.8792 6.6107e-02      1.049     7.4304  1003.6899     4.7412     20.394          4 0.0000e+00
     21.000   0.574655     7.8460 6.5497e-02      1.106     7.3047  1003.7108     4.7587     21.414          4 0.0000e+00
     22.000   0.578126     7.7736 6.5282e-02      0.901     7.1823  1003.7527     4.7992     22.434          6 0.0000e+00
     23.000   0.583173     7.6744 6.5832e-02      0.525     7.1657  1003.8104     4.8577     23.454          6 0.0000e+00
