ctdpy/exports/archive_20191121_115250/received_data/b7_v50_18.cnv
* Sea-Bird SBE19plus Data File:
* FileName = C:\CTD\SBE_19plus\Temp\B3_v50_18.hex
* Software Version 1.59
* Temperature SN =  4644
* Conductivity SN =  4644
* System UpLoad Time = Dec 16 2018 21:35:03
** B7 2018K25 v50
* ds
# nquan = 11
# nvalues = 22                          
# units = specified
# name 0 = prdM: Pressure, Strain Gauge [db]
# name 1 = c0S/m: Conductivity [S/m]
# name 2 = tv290C: Temperature [ITS-90, deg C]
# name 3 = par: PAR/Irradiance, Biospherical/Licor
# name 4 = dz/dtM: Descent Rate [m/s]
# name 5 = sbeox0ML/L: Oxygen, SBE 43 [ml/l]
# name 6 = density00: Density [density, kg/m^3]
# name 7 = sal00: Salinity, Practical [PSU]
# name 8 = depFM: Depth [fresh water, m], lat = 58
# name 9 = nbin: number of scans per bin
# name 10 = flag: flag
# span 0 =      1.000,     22.000       
# span 1 =   0.520300,   0.524133       
# span 2 =     3.4334,     3.4550       
# span 3 = 6.2658e-02, 2.0997e+00       
# span 4 =      0.093,      0.718       
# span 5 =     8.6004,     8.6154       
# span 6 =  1003.8895,  1004.0208       
# span 7 =     4.8781,     4.9149       
# span 8 =      1.020,     22.434       
# span 9 =          6,          9       
# span 10 = 0.0000e+00, 0.0000e+00      
# interval = decibars: 1                
# start_time = Dec 10 2018 14:05:45 [Instrument's time stamp, header]
# bad_flag = -9.990e-29
*END*
      1.000   0.520553     3.4550 2.0997e+00      0.093     8.6112  1003.8895     4.8795      1.020          7 0.0000e+00
      2.000   0.520402     3.4513 9.9363e-01      0.503     8.6150  1003.8936     4.8785      2.040          7 0.0000e+00
      3.000   0.520334     3.4478 4.7087e-01      0.600     8.6092  1003.8984     4.8783      3.059          7 0.0000e+00
      4.000   0.520351     3.4456 2.4926e-01      0.607     8.6154  1003.9037     4.8787      4.079          7 0.0000e+00
      5.000   0.520300     3.4445 1.4162e-01      0.575     8.6120  1003.9083     4.8782      5.099          6 0.0000e+00
      6.000   0.520302     3.4448 1.0026e-01      0.586     8.6131  1003.9131     4.8781      6.118          8 0.0000e+00
      7.000   0.520330     3.4450 8.2101e-02      0.537     8.6098  1003.9181     4.8783      7.138          7 0.0000e+00
      8.000   0.520496     3.4455 7.2540e-02      0.611     8.6127  1003.9242     4.8797      8.158          6 0.0000e+00
      9.000   0.520634     3.4461 6.8774e-02      0.621     8.6116  1003.9301     4.8809      9.178          7 0.0000e+00
     10.000   0.521106     3.4464 6.6430e-02      0.519     8.6137  1003.9387     4.8855     10.197          7 0.0000e+00
     11.000   0.521416     3.4444 6.5000e-02      0.589     8.6121  1003.9463     4.8889     11.217          7 0.0000e+00
     12.000   0.521934     3.4421 6.4195e-02      0.608     8.6077  1003.9556     4.8943     12.236          7 0.0000e+00
     13.000   0.522129     3.4411 6.3707e-02      0.564     8.6099  1003.9621     4.8963     13.256          8 0.0000e+00
     14.000   0.522167     3.4401 6.3406e-02      0.405     8.6099  1003.9674     4.8968     14.276          7 0.0000e+00
     15.000   0.522282     3.4371 6.3146e-02      0.718     8.6149  1003.9735     4.8983     15.296          6 0.0000e+00
     16.000   0.522318     3.4360 6.3126e-02      0.572     8.6094  1003.9788     4.8987     16.315          8 0.0000e+00
     17.000   0.522400     3.4345 6.2862e-02      0.451     8.6135  1003.9845     4.8997     17.335          8 0.0000e+00
     18.000   0.522611     3.4334 6.2881e-02      0.581     8.6037  1003.9912     4.9018     18.355          7 0.0000e+00
     19.000   0.523359     3.4376 6.2756e-02      0.629     8.6030  1004.0014     4.9086     19.375          7 0.0000e+00
     20.000   0.524005     3.4450 6.2740e-02      0.411     8.6006  1004.0105     4.9139     20.394          9 0.0000e+00
     21.000   0.524133     3.4464 6.2658e-02      0.505     8.6004  1004.0162     4.9149     21.414          7 0.0000e+00
     22.000   0.524094     3.4461 6.2687e-02      0.634     8.6030  1004.0208     4.9144     22.434          9 0.0000e+00
