ctdpy/exports/archive_20191121_115250/received_data/b7_v33_18.cnv
* Sea-Bird SBE19plus Data File:
* FileName = C:\CTD\CTD 2018\v33\B7_v33_18.hex
* Software Version 1.59
* Temperature SN =  4644
* Conductivity SN =  4644
* System UpLoad Time = Aug 13 2018 12:54:14
** B7_v33_18
* ds
# nquan = 11
# nvalues = 22                          
# units = specified
# name 0 = prdM: Pressure, Strain Gauge [db]
# name 1 = c0S/m: Conductivity [S/m]
# name 2 = tv290C: Temperature [ITS-90, deg C]
# name 3 = par: PAR/Irradiance, Biospherical/Licor
# name 4 = dz/dtM: Descent Rate [m/s]
# name 5 = sbeox0ML/L: Oxygen, SBE 43 [ml/l]
# name 6 = density00: Density [density, kg/m^3]
# name 7 = sal00: Salinity, Practical [PSU]
# name 8 = depFM: Depth [fresh water, m], lat = 0
# name 9 = nbin: number of scans per bin
# name 10 = flag: flag
# span 0 =      1.000,     22.000       
# span 1 =   0.582635,   0.635547       
# span 2 =     4.1145,    13.8799       
# span 3 = 1.2281e-01, 2.0217e+02       
# span 4 =      0.093,      0.678       
# span 5 =     6.1989,     6.9681       
# span 6 =  1002.7494,  1004.3953       
# span 7 =     4.4987,     5.3970       
# span 8 =      1.020,     22.434       
# span 9 =          6,         11       
# span 10 = 0.0000e+00, 0.0000e+00      
# interval = decibars: 1                
# start_time = Aug 13 2018 12:37:01 [Instrument's time stamp, header]
# bad_flag = -9.990e-29
*END*
      1.000   0.635547    13.8638 2.0217e+02      0.093     6.9681  1002.7494     4.5028      1.020          9 0.0000e+00
      2.000   0.635461    13.8767 9.8392e+01      0.650     6.9678  1002.7504     4.5006      2.040          6 0.0000e+00
      3.000   0.635263    13.8799 5.5814e+01      0.678     6.9557  1002.7531     4.4987      3.059          7 0.0000e+00
      4.000   0.634997    13.8544 3.5597e+01      0.486     6.9437  1002.7622     4.4995      4.079          9 0.0000e+00
      5.000   0.634755    13.8154 2.2222e+01      0.483     6.8864  1002.7747     4.5022      5.099          8 0.0000e+00
      6.000   0.634143    13.6392 1.4116e+01      0.499     6.8592  1002.8172     4.5180      6.118          8 0.0000e+00
      7.000   0.633245    13.3020 9.2366e+00      0.489     6.8552  1002.8954     4.5508      7.138          8 0.0000e+00
      8.000   0.632845    13.0008 6.2868e+00      0.486     6.8502  1002.9673     4.5835      8.158          8 0.0000e+00
      9.000   0.632226    12.7425 4.3018e+00      0.500     6.8285  1003.0275     4.6098      9.178          8 0.0000e+00
     10.000   0.631720    12.5586 3.0233e+00      0.516     6.7810  1003.0709     4.6281     10.197          8 0.0000e+00
     11.000   0.630849    12.3418 2.1439e+00      0.531     6.7713  1003.1191     4.6477     11.217          7 0.0000e+00
     12.000   0.630073    12.1162 1.5568e+00      0.554     6.7783  1003.1697     4.6694     12.237          7 0.0000e+00
     13.000   0.630241    12.0017 1.1538e+00      0.529     6.7528  1003.2008     4.6849     13.256          8 0.0000e+00
     14.000   0.629377    11.7819 8.4200e-01      0.562     6.7365  1003.2488     4.7054     14.276          6 0.0000e+00
     15.000   0.626952    11.3160 6.2633e-01      0.611     6.6346  1003.3401     4.7449     15.296          7 0.0000e+00
     16.000   0.620476    10.2999 4.7313e-01      0.594     6.6173  1003.5183     4.8238     16.315          7 0.0000e+00
     17.000   0.610866     8.8730 3.6187e-01      0.596     6.6945  1003.7467     4.9353     17.335          7 0.0000e+00
     18.000   0.602283     7.5211 2.8316e-01      0.588     6.6926  1003.9481     5.0510     18.355          6 0.0000e+00
     19.000   0.594526     6.3278 2.2771e-01      0.589     6.4835  1004.1092     5.1568     19.375          7 0.0000e+00
     20.000   0.588055     5.2662 1.8528e-01      0.593     6.3979  1004.2424     5.2595     20.394          7 0.0000e+00
     21.000   0.582635     4.4164 1.4956e-01      0.588     6.2649  1004.3402     5.3424     21.414          7 0.0000e+00
     22.000   0.583169     4.1145 1.2281e-01      0.528     6.1989  1004.3953     5.3970     22.434         11 0.0000e+00
