ctdpy/exports/archive_20191121_115250/received_data/b7_v24_18.cnv
* Sea-Bird SBE19plus Data File:
* FileName = C:\CTD\CTD 2018\v24\B7_v24_18.hex
* Software Version 1.59
* Temperature SN =  4644
* Conductivity SN =  4644
* System UpLoad Time = Jun 11 2018 13:34:53
** B7 2018K13 v24
* ds
# nquan = 11
# nvalues = 21                          
# units = specified
# name 0 = prdM: Pressure, Strain Gauge [db]
# name 1 = c0S/m: Conductivity [S/m]
# name 2 = tv290C: Temperature [ITS-90, deg C]
# name 3 = par: PAR/Irradiance, Biospherical/Licor
# name 4 = dz/dtM: Descent Rate [m/s]
# name 5 = sbeox0ML/L: Oxygen, SBE 43 [ml/l]
# name 6 = density00: Density [density, kg/m^3]
# name 7 = sal00: Salinity, Practical [PSU]
# name 8 = depFM: Depth [fresh water, m], lat = 0
# name 9 = nbin: number of scans per bin
# name 10 = flag: flag
# span 0 =      1.000,     21.000       
# span 1 =   0.511077,   0.565155       
# span 2 =     2.7402,     7.7753       
# span 3 = 3.3348e-01, 1.1005e+03       
# span 4 =      0.063,      0.772       
# span 5 =     7.3090,     8.9651       
# span 6 =  1003.2292,  1004.4428       
# span 7 =     4.2610,     5.4454       
# span 8 =      1.020,     21.414       
# span 9 =          5,         10       
# span 10 = 0.0000e+00, 0.0000e+00      
# interval = decibars: 1                
# start_time = Jun 11 2018 13:04:04 [Instrument's time stamp, header]
# bad_flag = -9.990e-29
*END*
      1.000   0.517086     7.7753 1.1005e+03      0.063     8.8133  1003.2292     4.2610      1.020          9 0.0000e+00
      2.000   0.515774     7.6686 5.5435e+02      0.520     8.6566  1003.2424     4.2624      2.039          7 0.0000e+00
      3.000   0.514945     7.6157 3.0037e+02      0.565     8.6044  1003.2501     4.2615      3.059          7 0.0000e+00
      4.000   0.514657     7.5568 1.7338e+02      0.572     8.5979  1003.2625     4.2661      4.079          7 0.0000e+00
      5.000   0.513650     7.3694 1.0800e+02      0.575     8.6995  1003.2905     4.2801      5.098          7 0.0000e+00
      6.000   0.512736     7.2026 6.5452e+01      0.623     8.6959  1003.3156     4.2925      6.118          6 0.0000e+00
      7.000   0.512824     7.1380 3.8675e+01      0.701     8.6939  1003.3313     4.3012      7.138          5 0.0000e+00
      8.000   0.512867     7.0876 2.3584e+01      0.730     8.7501  1003.3444     4.3078      8.158          6 0.0000e+00
      9.000   0.511885     6.8625 1.4547e+01      0.727     8.9651  1003.3776     4.3271      9.178          5 0.0000e+00
     10.000   0.511077     6.4980 9.3105e+00      0.749     8.9049  1003.4329     4.3659     10.197          6 0.0000e+00
     11.000   0.511105     5.6015 6.1110e+00      0.760     8.6454  1003.5710     4.4834     11.217          5 0.0000e+00
     12.000   0.515106     4.3907 4.1379e+00      0.756     8.4013  1003.7764     4.6880     12.237          5 0.0000e+00
     13.000   0.522258     3.6763 2.9092e+00      0.761     8.2204  1003.9326     4.8621     13.256          5 0.0000e+00
     14.000   0.529008     3.3417 2.1392e+00      0.757     8.1255  1004.0349     4.9805     14.276          6 0.0000e+00
     15.000   0.534217     3.1871 1.5920e+00      0.755     8.0050  1004.1019     5.0570     15.296          5 0.0000e+00
     16.000   0.538645     3.0887 1.1808e+00      0.764     7.9280  1004.1554     5.1173     16.315          5 0.0000e+00
     17.000   0.542046     2.9977 8.9591e-01      0.757     7.8556  1004.1998     5.1664     17.335          6 0.0000e+00
     18.000   0.545422     2.9225 6.7980e-01      0.772     7.8033  1004.2421     5.2129     18.355          5 0.0000e+00
     19.000   0.550638     2.8303 5.2336e-01      0.769     7.7857  1004.3018     5.2813     19.375          5 0.0000e+00
     20.000   0.557420     2.7406 4.1322e-01      0.771     7.6280  1004.3742     5.3658     20.394          6 0.0000e+00
     21.000   0.565155     2.7402 3.3348e-01      0.636     7.3090  1004.4428     5.4454     21.414         10 0.0000e+00
