ctdpy/exports/archive_20191121_115250/received_data/b7_v37_18.cnv
* Sea-Bird SBE19plus Data File:
* FileName = C:\CTD\CTD 2018\v37\B7_v37_18.hex
* Software Version 1.59
* Temperature SN =  4644
* Conductivity SN =  4644
* System UpLoad Time = Sep 10 2018 13:53:49
** B7_v37_18
* ds
# nquan = 11
# nvalues = 22                          
# units = specified
# name 0 = prdM: Pressure, Strain Gauge [db]
# name 1 = c0S/m: Conductivity [S/m]
# name 2 = tv290C: Temperature [ITS-90, deg C]
# name 3 = par: PAR/Irradiance, Biospherical/Licor
# name 4 = dz/dtM: Descent Rate [m/s]
# name 5 = sbeox0ML/L: Oxygen, SBE 43 [ml/l]
# name 6 = density00: Density [density, kg/m^3]
# name 7 = sal00: Salinity, Practical [PSU]
# name 8 = depFM: Depth [fresh water, m], lat = 0
# name 9 = nbin: number of scans per bin
# name 10 = flag: flag
# span 0 =      1.000,     22.000       
# span 1 =   0.571862,   0.596966       
# span 2 =    13.9254,    14.7402       
# span 3 = 1.6758e-01, 6.7342e+02       
# span 4 =     -0.011,      0.882       
# span 5 =     5.1106,     6.7704       
# span 6 =  1002.1776,  1002.6007       
# span 7 =     3.9328,     4.1946       
# span 8 =      1.020,     22.434       
# span 9 =          4,         11       
# span 10 = 0.0000e+00, 0.0000e+00      
# interval = decibars: 1                
# start_time = Sep 10 2018 13:39:03 [Instrument's time stamp, header]
# bad_flag = -9.990e-29
*END*
      1.000   0.571862    14.7402 6.7342e+02     -0.011     6.7511  1002.1776     3.9328      1.020         10 0.0000e+00
      2.000   0.574746    14.7192 3.8987e+02      0.409     6.7568  1002.2034     3.9560      2.039          7 0.0000e+00
      3.000   0.573431    14.7222 2.2400e+02      0.741     6.7457  1002.1999     3.9460      3.059          5 0.0000e+00
      4.000   0.573913    14.7175 1.4903e+02      0.768     6.7155  1002.2083     3.9500      4.079          5 0.0000e+00
      5.000   0.574290    14.7114 8.7080e+01      0.801     6.7057  1002.2165     3.9533      5.099          5 0.0000e+00
      6.000   0.575875    14.6981 4.9076e+01      0.853     6.7398  1002.2332     3.9663      6.118          5 0.0000e+00
      7.000   0.575471    14.7048 3.3233e+01      0.846     6.7704  1002.2339     3.9626      7.138          5 0.0000e+00
      8.000   0.573613    14.7195 2.1072e+01      0.839     6.7453  1002.2246     3.9474      8.158          4 0.0000e+00
      9.000   0.572803    14.7274 1.4229e+01      0.865     6.6246  1002.2228     3.9406      9.177          5 0.0000e+00
     10.000   0.578670    14.6882 9.2414e+00      0.880     6.4592  1002.2697     3.9876     10.197          5 0.0000e+00
     11.000   0.584887    14.6083 5.9693e+00      0.863     6.3798  1002.3283     4.0416     11.217          4 0.0000e+00
     12.000   0.588880    14.5325 3.9953e+00      0.846     6.3934  1002.3734     4.0789     12.237          5 0.0000e+00
     13.000   0.590187    14.5092 2.8096e+00      0.848     6.3868  1002.3909     4.0910     13.256          5 0.0000e+00
     14.000   0.590442    14.5037 1.8663e+00      0.882     6.3659  1002.3983     4.0934     14.276          4 0.0000e+00
     15.000   0.591277    14.4927 1.2522e+00      0.881     6.3507  1002.4102     4.1007     15.296          5 0.0000e+00
     16.000   0.592015    14.4823 8.7161e-01      0.854     6.3344  1002.4215     4.1072     16.315          5 0.0000e+00
     17.000   0.592623    14.4751 6.3009e-01      0.848     6.2722  1002.4312     4.1124     17.335          4 0.0000e+00
     18.000   0.593221    14.4597 4.5228e-01      0.856     6.1526  1002.4428     4.1184     18.355          5 0.0000e+00
     19.000   0.593909    14.4143 3.2378e-01      0.869     5.9281  1002.4621     4.1282     19.375          5 0.0000e+00
     20.000   0.595723    14.3592 2.4006e-01      0.868     5.8385  1002.4899     4.1475     20.394          5 0.0000e+00
     21.000   0.596966    14.2819 2.0223e-01      0.477     5.7425  1002.5198     4.1649     21.414         11 0.0000e+00
     22.000   0.595822    13.9254 1.6758e-01      0.261     5.1106  1002.6007     4.1946     22.434         10 0.0000e+00
