ctdpy/exports/archive_20191121_115250/received_data/bo3_v08_18.cnv
* Sea-Bird SBE19plus Data File:
* FileName = C:\CTD\CTD 2018\v08\BO3_v08_18.hex
* Software Version 1.59
* Temperature SN =  4644
* Conductivity SN =  4644
* System UpLoad Time = Feb 22 2018 10:52:18
** BO3_v08_18
* ds
# nquan = 11
# nvalues = 94                          
# units = specified
# name 0 = prdM: Pressure, Strain Gauge [db]
# name 1 = c0S/m: Conductivity [S/m]
# name 2 = tv290C: Temperature [ITS-90, deg C]
# name 3 = par: PAR/Irradiance, Biospherical/Licor
# name 4 = dz/dtM: Descent Rate [m/s]
# name 5 = sbeox0ML/L: Oxygen, SBE 43 [ml/l]
# name 6 = density00: Density [density, kg/m^3]
# name 7 = sal00: Salinity, Practical [PSU]
# name 8 = depFM: Depth [fresh water, m], lat = 0
# name 9 = nbin: number of scans per bin
# name 10 = flag: flag
# span 0 =     10.000,    103.000       
# span 1 =   0.266117,   0.387248       
# span 2 =    -0.1570,     3.7518       
# span 3 = 4.3596e-02, 1.9247e+00       
# span 4 =     -0.182,      1.085       
# span 5 =     6.8756,     9.0436       
# span 6 =  1002.0738,  1003.3004       
# span 7 =     2.6818,     3.5208       
# span 8 =     10.197,    105.031       
# span 9 =          3,          7       
# span 10 = 0.0000e+00, 0.0000e+00      
# interval = decibars: 1                
# start_time = Feb 22 2018 10:18:17 [Instrument's time stamp, header]
# bad_flag = -9.990e-29
*END*
     10.000   0.266130    -0.1570 1.9247e+00     -0.182     9.0064  1002.0738     2.6821     10.197          3 0.0000e+00
     11.000   0.266118    -0.1566 1.1553e+00      0.577     9.0211  1002.0786     2.6819     11.217          4 0.0000e+00
     12.000   0.266117    -0.1561 7.5483e-01      0.975     9.0436  1002.0837     2.6818     12.237          5 0.0000e+00
     13.000   0.266125    -0.1557 5.1945e-01      0.985     9.0376  1002.0887     2.6818     13.256          4 0.0000e+00
     14.000   0.266139    -0.1557 3.6260e-01      1.007     9.0263  1002.0939     2.6818     14.276          4 0.0000e+00
     15.000   0.266157    -0.1557 2.5897e-01      1.020     9.0267  1002.0990     2.6820     15.296          4 0.0000e+00
     16.000   0.266175    -0.1555 1.8825e-01      1.034     9.0155  1002.1042     2.6821     16.316          4 0.0000e+00
     17.000   0.266200    -0.1550 1.3888e-01      1.025     9.0109  1002.1094     2.6823     17.335          3 0.0000e+00
     18.000   0.266238    -0.1546 1.0657e-01      1.030     9.0073  1002.1148     2.6826     18.355          4 0.0000e+00
     19.000   0.266283    -0.1547 8.4657e-02      1.039     9.0085  1002.1202     2.6830     19.375          4 0.0000e+00
     20.000   0.266325    -0.1547 6.9971e-02      1.037     9.0151  1002.1256     2.6834     20.394          4 0.0000e+00
     21.000   0.266371    -0.1549 5.9797e-02      1.039     9.0134  1002.1310     2.6839     21.414          4 0.0000e+00
     22.000   0.266418    -0.1548 5.2875e-02      1.039     9.0074  1002.1364     2.6843     22.434          4 0.0000e+00
     23.000   0.266463    -0.1543 4.8004e-02      1.057     9.0070  1002.1418     2.6847     23.453          3 0.0000e+00
     24.000   0.266521    -0.1533 4.4675e-02      1.072     9.0170  1002.1473     2.6851     24.473          4 0.0000e+00
     25.000   0.266585    -0.1523 4.3596e-02      1.063     9.0069  1002.1529     2.6857     25.493          4 0.0000e+00
     26.000   0.266638    -0.1517 4.3617e-02      1.051     8.9949  1002.1584     2.6862     26.513          4 0.0000e+00
     27.000   0.266698    -0.1510 4.3617e-02      1.052     8.9899  1002.1639     2.6867     27.532          4 0.0000e+00
     28.000   0.266761    -0.1504 4.3617e-02      1.058     8.9944  1002.1695     2.6872     28.552          3 0.0000e+00
     29.000   0.266831    -0.1503 4.3617e-02      1.048     9.0008  1002.1751     2.6879     29.572          4 0.0000e+00
     30.000   0.266911    -0.1502 4.3617e-02      1.032     8.9933  1002.1808     2.6887     30.591          4 0.0000e+00
     31.000   0.266980    -0.1506 4.3617e-02      1.037     8.9931  1002.1864     2.6894     31.611          4 0.0000e+00
     32.000   0.267055    -0.1513 4.3617e-02      1.054     8.9983  1002.1921     2.6902     32.631          4 0.0000e+00
     33.000   0.267139    -0.1518 4.3617e-02      1.078     9.0082  1002.1978     2.6911     33.651          3 0.0000e+00
     34.000   0.267223    -0.1522 4.3617e-02      1.084     9.0059  1002.2036     2.6920     34.670          4 0.0000e+00
     35.000   0.267303    -0.1523 4.3617e-02      1.071     9.0040  1002.2093     2.6928     35.690          4 0.0000e+00
     36.000   0.267385    -0.1522 4.3617e-02      1.062     8.9983  1002.2150     2.6936     36.710          4 0.0000e+00
     37.000   0.267467    -0.1522 4.3617e-02      1.059     8.9823  1002.2207     2.6944     37.729          3 0.0000e+00
     38.000   0.267556    -0.1516 4.3617e-02      1.059     8.9670  1002.2265     2.6953     38.749          4 0.0000e+00
     39.000   0.267651    -0.1511 4.3617e-02      1.063     8.9433  1002.2323     2.6961     39.769          4 0.0000e+00
     40.000   0.267765    -0.1489 4.3617e-02      1.065     8.8981  1002.2383     2.6971     40.789          4 0.0000e+00
     41.000   0.267938    -0.1401 4.3617e-02      1.069     8.8291  1002.2448     2.6981     41.808          3 0.0000e+00
     42.000   0.268274    -0.1160 4.3617e-02      1.076     8.7399  1002.2523     2.6995     42.828          4 0.0000e+00
     43.000   0.269027    -0.0445 4.3617e-02      1.081     8.6663  1002.2627     2.7011     43.848          4 0.0000e+00
     44.000   0.271065     0.1292 4.3617e-02      1.073     8.6324  1002.2823     2.7072     44.867          4 0.0000e+00
     45.000   0.274403     0.3610 4.3617e-02      1.064     8.6484  1002.3110     2.7218     45.887          3 0.0000e+00
     46.000   0.278573     0.6195 4.3617e-02      1.066     8.7105  1002.3449     2.7423     46.907          4 0.0000e+00
     47.000   0.283105     0.8484 4.3617e-02      1.066     8.7544  1002.3812     2.7689     47.927          4 0.0000e+00
     48.000   0.287201     1.0246 4.3617e-02      1.068     8.7724  1002.4145     2.7954     48.946          4 0.0000e+00
     49.000   0.291134     1.1738 4.3617e-02      1.051     8.7183  1002.4467     2.8224     49.966          3 0.0000e+00
     50.000   0.295233     1.3150 4.3617e-02      1.035     8.6543  1002.4800     2.8515     50.986          4 0.0000e+00
     51.000   0.299682     1.4472 4.3617e-02      1.044     8.6120  1002.5159     2.8848     52.006          4 0.0000e+00
     52.000   0.304181     1.5606 4.3617e-02      1.066     8.5398  1002.5526     2.9201     53.025          4 0.0000e+00
     53.000   0.308288     1.6475 4.3617e-02      1.078     8.4856  1002.5871     2.9537     54.045          3 0.0000e+00
     54.000   0.311833     1.7217 4.3617e-02      1.075     8.4435  1002.6172     2.9826     55.065          4 0.0000e+00
     55.000   0.316438     1.8381 4.3617e-02      1.073     8.4008  1002.6536     3.0181     56.085          4 0.0000e+00
     56.000   0.320894     1.9709 4.3617e-02      1.076     8.3710  1002.6873     3.0503     57.104          4 0.0000e+00
     57.000   0.325253     2.1201 4.3617e-02      1.062     8.3271  1002.7187     3.0797     58.124          4 0.0000e+00
     58.000   0.329742     2.2690 4.3617e-02      1.038     8.2503  1002.7506     3.1102     59.144          3 0.0000e+00
     59.000   0.333115     2.3868 4.3617e-02      1.024     8.1736  1002.7750     3.1322     60.163          4 0.0000e+00
     60.000   0.335462     2.4761 4.3617e-02      1.025     8.1315  1002.7928     3.1468     61.183          4 0.0000e+00
     61.000   0.338069     2.5743 4.3617e-02      1.037     8.0939  1002.8117     3.1630     62.203          4 0.0000e+00
     62.000   0.341262     2.6794 4.3617e-02      1.033     8.0624  1002.8346     3.1841     63.223          4 0.0000e+00
     63.000   0.343975     2.7717 4.3617e-02      1.020     8.0245  1002.8543     3.2017     64.242          4 0.0000e+00
     64.000   0.346629     2.8573 4.3617e-02      1.017     7.9891  1002.8738     3.2193     65.262          4 0.0000e+00
     65.000   0.348992     2.9223 4.3617e-02      1.024     7.9323  1002.8925     3.2360     66.281          4 0.0000e+00
     66.000   0.350774     2.9691 4.3617e-02      1.039     7.8502  1002.9078     3.2488     67.301          4 0.0000e+00
     67.000   0.352509     3.0150 4.3617e-02      1.037     7.8001  1002.9228     3.2612     68.321          4 0.0000e+00
     68.000   0.353520     3.0386 4.3617e-02      1.022     7.6675  1002.9337     3.2686     69.341          6 0.0000e+00
     69.000   0.352424     3.0381 4.3617e-02      0.268     7.6496  1002.9300     3.2578     70.360          6 0.0000e+00
     70.000   0.355134     3.1108 4.3617e-02      0.448     7.8790  1002.9504     3.2770     71.380          5 0.0000e+00
     71.000   0.356580     3.1390 4.3617e-02      1.004     7.8834  1002.9643     3.2882     72.400          4 0.0000e+00
     72.000   0.357622     3.1448 4.3617e-02      1.058     7.8856  1002.9769     3.2978     73.419          4 0.0000e+00
     73.000   0.357961     3.1026 4.3617e-02      1.066     7.9034  1002.9879     3.3054     74.439          4 0.0000e+00
     74.000   0.359021     3.1070 4.3617e-02      1.072     7.9142  1003.0008     3.3153     75.459          3 0.0000e+00
     75.000   0.361518     3.2018 4.3617e-02      1.084     7.8653  1003.0174     3.3299     76.479          4 0.0000e+00
     76.000   0.363701     3.2969 4.3617e-02      1.085     7.8087  1003.0313     3.3414     77.498          4 0.0000e+00
     77.000   0.365055     3.3533 4.3617e-02      1.066     7.7699  1003.0419     3.3487     78.518          4 0.0000e+00
     78.000   0.366481     3.3809 4.3617e-02      1.055     7.7261  1003.0555     3.3597     79.538          3 0.0000e+00
     79.000   0.367739     3.3841 4.3617e-02      1.061     7.6749  1003.0699     3.3716     80.558          4 0.0000e+00
     80.000   0.368360     3.3395 4.3617e-02      1.058     7.6775  1003.0835     3.3822     81.577          4 0.0000e+00
     81.000   0.368560     3.2776 4.3617e-02      1.058     7.7010  1003.0954     3.3906     82.597          4 0.0000e+00
     82.000   0.369215     3.2635 4.3617e-02      1.060     7.7247  1003.1066     3.3984     83.617          3 0.0000e+00
     83.000   0.370474     3.2895 4.3617e-02      1.059     7.7305  1003.1190     3.4079     84.636          4 0.0000e+00
     84.000   0.371886     3.3257 4.3617e-02      1.063     7.7034  1003.1318     3.4179     85.656          4 0.0000e+00
     85.000   0.373334     3.3803 4.3617e-02      1.067     7.6485  1003.1431     3.4262     86.676          4 0.0000e+00
     86.000   0.374806     3.4390 4.3617e-02      1.060     7.5916  1003.1542     3.4342     87.696          4 0.0000e+00
     87.000   0.376249     3.4956 4.3617e-02      1.059     7.5420  1003.1651     3.4422     88.715          3 0.0000e+00
     88.000   0.378456     3.5726 4.3617e-02      1.063     7.4857  1003.1801     3.4555     89.735          4 0.0000e+00
     89.000   0.380976     3.6575 4.3617e-02      1.070     7.4140  1003.1965     3.4708     90.755          4 0.0000e+00
     90.000   0.382862     3.7098 4.3617e-02      1.069     7.3620  1003.2110     3.4834     91.774          4 0.0000e+00
     91.000   0.384072     3.7304 4.3617e-02      1.064     7.3188  1003.2232     3.4929     92.794          3 0.0000e+00
     92.000   0.384783     3.7324 4.3617e-02      1.070     7.2699  1003.2334     3.4995     93.814          4 0.0000e+00
     93.000   0.385207     3.7272 4.3617e-02      1.064     7.2352  1003.2420     3.5041     94.834          4 0.0000e+00
     94.000   0.385331     3.7121 4.3617e-02      1.040     7.2371  1003.2493     3.5068     95.853          4 0.0000e+00
     95.000   0.385784     3.7131 4.3617e-02      1.010     7.2460  1003.2575     3.5110     96.873          4 0.0000e+00
     96.000   0.386277     3.7239 4.3617e-02      0.994     7.2362  1003.2652     3.5146     97.893          4 0.0000e+00
     97.000   0.386761     3.7386 4.3617e-02      0.990     7.2139  1003.2723     3.5176     98.912          4 0.0000e+00
     98.000   0.387111     3.7477 4.3617e-02      0.996     7.1776  1003.2790     3.5200     99.932          4 0.0000e+00
     99.000   0.387248     3.7518 4.3617e-02      0.999     7.1241  1003.2846     3.5208    100.952          5 0.0000e+00
    100.000   0.387181     3.7491 4.3617e-02      0.989     6.9819  1003.2892     3.5203    101.972          6 0.0000e+00
    101.000   0.386718     3.7296 4.3617e-02      0.389     6.9024  1003.2923     3.5179    102.991          7 0.0000e+00
    102.000   0.386615     3.7181 4.3617e-02      0.169     6.9114  1003.2975     3.5181    104.011          5 0.0000e+00
    103.000   0.386573     3.7350 4.3617e-02      0.209     6.8756  1003.3004     3.5158    105.031          6 0.0000e+00
