ctdpy/exports/archive_20191121_115250/received_data/c14_v41_18.cnv
* Sea-Bird SBE19plus Data File:
* FileName = C:\CTD\CTD 2018\v41\C14_v41_18.hex
* Software Version 1.59
* Temperature SN =  4644
* Conductivity SN =  4644
* System UpLoad Time = Oct 09 2018 07:29:32
** C14 k23 v41 2018
* ds
# nquan = 11
# nvalues = 82                          
# units = specified
# name 0 = prdM: Pressure, Strain Gauge [db]
# name 1 = c0S/m: Conductivity [S/m]
# name 2 = tv290C: Temperature [ITS-90, deg C]
# name 3 = par: PAR/Irradiance, Biospherical/Licor
# name 4 = dz/dtM: Descent Rate [m/s]
# name 5 = sbeox0ML/L: Oxygen, SBE 43 [ml/l]
# name 6 = density00: Density [density, kg/m^3]
# name 7 = sal00: Salinity, Practical [PSU]
# name 8 = depFM: Depth [fresh water, m], lat = 58
# name 9 = nbin: number of scans per bin
# name 10 = flag: flag
# span 0 =      1.000,     82.000       
# span 1 =   0.564106,   0.657643       
# span 2 =     2.3335,     8.3871       
# span 3 = 6.6918e-02, 4.2777e+00       
# span 4 =      0.185,      1.338       
# span 5 =     4.7006,     8.1361       
# span 6 =  1003.8832,  1005.3384       
# span 7 =     5.1532,     6.2072       
# span 8 =      1.020,     83.617       
# span 9 =          3,          8       
# span 10 = 0.0000e+00, 0.0000e+00      
# interval = decibars: 1                
# start_time = Oct 09 2018 07:00:55 [Instrument's time stamp, header]
# bad_flag = -9.990e-29
*END*
      1.000   0.627857     8.3864 4.2777e+00      0.185     7.6578  1003.8832     5.1534      1.020          8 0.0000e+00
      2.000   0.627867     8.3863 1.6090e+00      0.642     7.6641  1003.8880     5.1535      2.039          5 0.0000e+00
      3.000   0.627891     8.3870 8.5367e-01      0.821     7.6637  1003.8927     5.1535      3.059          4 0.0000e+00
      4.000   0.627903     8.3871 5.6653e-01      0.983     7.6603  1003.8975     5.1535      4.079          4 0.0000e+00
      5.000   0.627887     8.3862 3.5201e-01      1.221     7.6642  1003.9023     5.1534      5.099          3 0.0000e+00
      6.000   0.627875     8.3856 2.5056e-01      1.306     7.6673  1003.9071     5.1533      6.118          4 0.0000e+00
      7.000   0.627883     8.3858 1.9347e-01      1.123     7.6695  1003.9118     5.1533      7.138          4 0.0000e+00
      8.000   0.627892     8.3859 1.5279e-01      0.969     7.6688  1003.9165     5.1532      8.158          4 0.0000e+00
      9.000   0.627906     8.3860 1.2016e-01      0.995     7.6684  1003.9213     5.1533      9.177          3 0.0000e+00
     10.000   0.627924     8.3864 1.0209e-01      1.129     7.6670  1003.9261     5.1533     10.197          4 0.0000e+00
     11.000   0.627925     8.3865 9.3187e-02      1.145     7.6668  1003.9308     5.1532     11.217          4 0.0000e+00
     12.000   0.627932     8.3865 8.6815e-02      1.057     7.6709  1003.9356     5.1532     12.236          3 0.0000e+00
     13.000   0.627943     8.3863 8.1907e-02      1.028     7.6696  1003.9404     5.1532     13.256          4 0.0000e+00
     14.000   0.627961     8.3864 7.8719e-02      1.105     7.6688  1003.9452     5.1533     14.276          3 0.0000e+00
     15.000   0.627994     8.3864 7.5774e-02      1.193     7.6673  1003.9501     5.1535     15.296          4 0.0000e+00
     16.000   0.628008     8.3859 7.4129e-02      1.147     7.6697  1003.9550     5.1536     16.315          4 0.0000e+00
     17.000   0.628012     8.3842 7.2992e-02      1.035     7.6707  1003.9601     5.1538     17.335          3 0.0000e+00
     18.000   0.627996     8.3810 7.1709e-02      1.043     7.6704  1003.9653     5.1540     18.355          4 0.0000e+00
     19.000   0.627990     8.3791 7.0777e-02      1.161     7.6715  1003.9704     5.1542     19.375          3 0.0000e+00
     20.000   0.628000     8.3786 7.0101e-02      1.210     7.6699  1003.9752     5.1543     20.395          4 0.0000e+00
     21.000   0.628009     8.3787 6.9727e-02      1.121     7.6676  1003.9800     5.1542     21.414          3 0.0000e+00
     22.000   0.628023     8.3792 6.9333e-02      1.048     7.6681  1003.9847     5.1542     22.434          4 0.0000e+00
     23.000   0.628026     8.3786 6.9132e-02      1.129     7.6697  1003.9896     5.1542     23.454          3 0.0000e+00
     24.000   0.628010     8.3764 6.8913e-02      1.234     7.6674  1003.9946     5.1543     24.473          4 0.0000e+00
     25.000   0.627987     8.3739 6.8772e-02      1.203     7.6710  1003.9997     5.1544     25.493          3 0.0000e+00
     26.000   0.627919     8.3676 6.8273e-02      1.098     7.6792  1004.0051     5.1547     26.512          4 0.0000e+00
     27.000   0.627697     8.3492 6.8617e-02      1.093     7.6725  1004.0119     5.1553     27.533          3 0.0000e+00
     28.000   0.627412     8.3274 6.8329e-02      1.176     7.6742  1004.0189     5.1559     28.551          3 0.0000e+00
     29.000   0.627158     8.3035 6.8066e-02      1.257     7.6810  1004.0265     5.1571     29.571          4 0.0000e+00
     30.000   0.626263     8.2316 6.7971e-02      1.257     7.6916  1004.0390     5.1596     30.592          3 0.0000e+00
     31.000   0.624423     8.0892 6.8043e-02      1.154     7.6987  1004.0584     5.1641     31.611          4 0.0000e+00
     32.000   0.621650     7.8697 6.8091e-02      1.077     7.6983  1004.0858     5.1718     32.631          3 0.0000e+00
     33.000   0.617351     7.5281 6.7904e-02      1.135     7.8020  1004.1246     5.1839     33.651          4 0.0000e+00
     34.000   0.610694     6.9901 6.8148e-02      1.200     7.9658  1004.1807     5.2041     34.670          3 0.0000e+00
     35.000   0.600570     6.1906 6.7947e-02      1.155     8.0926  1004.2529     5.2324     35.690          4 0.0000e+00
     36.000   0.590187     5.3635 6.8032e-02      1.091     8.1249  1004.3196     5.2630     36.710          3 0.0000e+00
     37.000   0.582941     4.7643 6.7912e-02      1.120     8.0727  1004.3653     5.2880     37.729          4 0.0000e+00
     38.000   0.579487     4.4389 6.7668e-02      1.148     8.0167  1004.3940     5.3063     38.749          3 0.0000e+00
     39.000   0.578201     4.2713 6.7773e-02      1.150     7.9865  1004.4144     5.3207     39.769          4 0.0000e+00
     40.000   0.576735     4.0970 6.7835e-02      1.180     8.0095  1004.4340     5.3344     40.789          3 0.0000e+00
     41.000   0.574507     3.8690 6.7604e-02      1.253     8.0458  1004.4552     5.3494     41.808          3 0.0000e+00
     42.000   0.571465     3.5686 6.7722e-02      1.228     8.1011  1004.4797     5.3683     42.828          4 0.0000e+00
     43.000   0.567999     3.2161 6.7632e-02      0.983     8.1361  1004.5069     5.3919     43.848          4 0.0000e+00
     44.000   0.565225     2.9218 6.7569e-02      0.841     8.1289  1004.5301     5.4129     44.868          4 0.0000e+00
     45.000   0.564302     2.7766 6.7489e-02      1.058     8.1133  1004.5473     5.4279     45.887          3 0.0000e+00
     46.000   0.564106     2.6855 6.7760e-02      1.335     8.1077  1004.5629     5.4413     46.907          4 0.0000e+00
     47.000   0.564131     2.6022 6.7753e-02      1.311     8.0962  1004.5793     5.4556     47.927          3 0.0000e+00
     48.000   0.564344     2.5103 6.7759e-02      0.957     8.0631  1004.5983     5.4735     48.946          5 0.0000e+00
     49.000   0.564773     2.4259 6.7352e-02      0.849     8.0196  1004.6180     5.4925     49.966          3 0.0000e+00
     50.000   0.565670     2.3794 6.7716e-02      1.093     7.9439  1004.6365     5.5097     50.986          4 0.0000e+00
     51.000   0.567359     2.3450 6.7559e-02      1.291     7.8283  1004.6601     5.5332     52.005          3 0.0000e+00
     52.000   0.570748     2.3335 6.7649e-02      1.152     7.6986  1004.6948     5.5705     53.025          4 0.0000e+00
     53.000   0.574154     2.3635 6.7484e-02      0.867     7.6061  1004.7241     5.6006     54.045          5 0.0000e+00
     54.000   0.576801     2.4038 6.7620e-02      0.854     7.5038  1004.7456     5.6210     55.064          3 0.0000e+00
     55.000   0.579367     2.4481 6.7384e-02      1.068     7.3802  1004.7657     5.6398     56.084          4 0.0000e+00
     56.000   0.582292     2.5054 6.7358e-02      1.246     7.2604  1004.7870     5.6599     57.104          3 0.0000e+00
     57.000   0.585782     2.5791 6.7503e-02      1.273     7.1271  1004.8104     5.6829     58.124          4 0.0000e+00
     58.000   0.589261     2.6528 6.7726e-02      1.162     6.9797  1004.8336     5.7057     59.144          3 0.0000e+00
     59.000   0.592944     2.7234 6.7511e-02      1.019     6.8930  1004.8589     5.7312     60.163          4 0.0000e+00
     60.000   0.595224     2.7576 6.7415e-02      0.974     6.7810  1004.8776     5.7485     61.183          4 0.0000e+00
     61.000   0.597218     2.7735 6.7888e-02      1.044     6.6170  1004.8965     5.7661     62.203          3 0.0000e+00
     62.000   0.601446     2.8048 6.7728e-02      1.187     6.4634  1004.9317     5.8040     63.222          4 0.0000e+00
     63.000   0.605828     2.8375 6.7683e-02      1.218     6.2901  1004.9678     5.8432     64.242          4 0.0000e+00
     64.000   0.610459     2.8837 6.7686e-02      1.067     6.0937  1005.0039     5.8824     65.262          4 0.0000e+00
     65.000   0.616126     2.9661 6.7393e-02      0.927     5.9354  1005.0428     5.9255     66.282          3 0.0000e+00
     66.000   0.620346     3.0364 6.7543e-02      1.018     5.8023  1005.0715     5.9558     67.301          4 0.0000e+00
     67.000   0.623102     3.0896 6.6918e-02      1.226     5.6834  1005.0906     5.9742     68.321          3 0.0000e+00
     68.000   0.627342     3.1675 6.7523e-02      1.338     5.5540  1005.1179     6.0031     69.341          3 0.0000e+00
     69.000   0.632954     3.2680 6.7262e-02      1.247     5.3623  1005.1525     6.0417     70.361          4 0.0000e+00
     70.000   0.639337     3.3848 6.7419e-02      1.073     5.0859  1005.1904     6.0848     71.380          3 0.0000e+00
     71.000   0.646309     3.5113 6.7606e-02      1.009     4.8418  1005.2310     6.1318     72.400          4 0.0000e+00
     72.000   0.652876     3.6201 6.7385e-02      1.094     4.7444  1005.2706     6.1777     73.419          4 0.0000e+00
     73.000   0.655956     3.6743 6.7505e-02      1.151     4.7066  1005.2912     6.1985     74.439          3 0.0000e+00
     74.000   0.656850     3.6933 6.7371e-02      1.123     4.7006  1005.2999     6.2038     75.459          4 0.0000e+00
     75.000   0.657311     3.7036 6.7735e-02      1.072     4.7122  1005.3067     6.2064     76.479          4 0.0000e+00
     76.000   0.657475     3.7092 6.7379e-02      1.074     4.7261  1005.3119     6.2069     77.499          3 0.0000e+00
     77.000   0.657599     3.7133 6.7435e-02      1.143     4.7427  1005.3170     6.2072     78.518          4 0.0000e+00
     78.000   0.657643     3.7166 6.7207e-02      1.079     4.7434  1005.3215     6.2069     79.538          6 0.0000e+00
     79.000   0.657556     3.7183 6.7201e-02      0.360     4.7489  1005.3254     6.2056     80.557          6 0.0000e+00
     80.000   0.657583     3.7206 6.7248e-02      0.728     4.7423  1005.3300     6.2054     81.577          5 0.0000e+00
     81.000   0.657559     3.7219 6.7392e-02      0.883     4.7449  1005.3344     6.2048     82.597          5 0.0000e+00
     82.000   0.657484     3.7228 6.7443e-02      0.936     4.7423  1005.3384     6.2037     83.617          6 0.0000e+00
