ctdpy/exports/archive_20191121_115250/received_data/c14_v20_18.cnv
* Sea-Bird SBE19plus Data File:
* FileName = C:\CTD\CTD 2018\v20\C14_v20_18.hex
* Software Version 1.59
* Temperature SN =  7668
* Conductivity SN =  7668
* System UpLoad Time = May 15 2018 08:28:14
** C14_v20_18
* ds
# nquan = 10
# nvalues = 86                          
# units = specified
# name 0 = prdM: Pressure, Strain Gauge [db]
# name 1 = c0S/m: Conductivity [S/m]
# name 2 = tv290C: Temperature [ITS-90, deg C]
# name 3 = par: PAR/Irradiance, Biospherical/Licor
# name 4 = dz/dtM: Descent Rate [m/s]
# name 5 = density00: Density [density, kg/m^3]
# name 6 = sal00: Salinity, Practical [PSU]
# name 7 = depFM: Depth [fresh water, m], lat = 0
# name 8 = nbin: number of scans per bin
# name 9 = flag: flag
# span 0 =      1.000,     86.000       
# span 1 =   0.532833,   0.640002       
# span 2 =     0.8305,     4.5943       
# span 3 = 1.0000e-12, 6.8434e+02       
# span 4 =      0.104,      0.938       
# span 5 =  1004.2053,  1005.2331       
# span 6 =     5.2813,     6.0446       
# span 7 =      1.020,     87.696       
# span 8 =          4,          9       
# span 9 = 0.0000e+00, 0.0000e+00       
# interval = decibars: 1                
# start_time = May 15 2018 08:14:18 [Instrument's time stamp, header]
# bad_flag = -9.990e-29
*END*
      1.000   0.575403     4.2995 6.8434e+02      0.254  1004.2053     5.2922      1.020          9 0.0000e+00
      2.000   0.574897     4.2604 3.8584e+02      0.693  1004.2120     5.2934      2.039          5 0.0000e+00
      3.000   0.574445     4.2191 2.3802e+02      0.711  1004.2195     5.2956      3.059          6 0.0000e+00
      4.000   0.574603     4.2262 1.5108e+02      0.715  1004.2245     5.2959      4.079          6 0.0000e+00
      5.000   0.577724     4.4046 9.9081e+01      0.733  1004.2267     5.2977      5.099          5 0.0000e+00
      6.000   0.579643     4.5311 5.9853e+01      0.784  1004.2272     5.2961      6.118          4 0.0000e+00
      7.000   0.580587     4.5943 4.2205e+01      0.854  1004.2296     5.2950      7.138          5 0.0000e+00
      8.000   0.579260     4.5228 3.1951e+01      0.884  1004.2351     5.2935      8.158          5 0.0000e+00
      9.000   0.575416     4.2986 2.2315e+01      0.912  1004.2440     5.2917      9.177          4 0.0000e+00
     10.000   0.570391     4.0017 1.5844e+01      0.892  1004.2535     5.2899     10.197          5 0.0000e+00
     11.000   0.568132     3.8497 1.2311e+01      0.876  1004.2628     5.2920     11.217          4 0.0000e+00
     12.000   0.566895     3.7668 9.4623e+00      0.883  1004.2697     5.2930     12.237          5 0.0000e+00
     13.000   0.566232     3.7116 7.2232e+00      0.898  1004.2772     5.2953     13.256          4 0.0000e+00
     14.000   0.565572     3.6588 5.5924e+00      0.889  1004.2844     5.2972     14.276          5 0.0000e+00
     15.000   0.564192     3.5756 4.2011e+00      0.887  1004.2900     5.2968     15.296          4 0.0000e+00
     16.000   0.562858     3.4960 3.2169e+00      0.904  1004.2954     5.2963     16.316          4 0.0000e+00
     17.000   0.562120     3.4447 2.4538e+00      0.926  1004.3016     5.2972     17.335          5 0.0000e+00
     18.000   0.560974     3.3751 1.8680e+00      0.923  1004.3069     5.2970     18.355          4 0.0000e+00
     19.000   0.558388     3.2240 1.4520e+00      0.901  1004.3118     5.2955     19.375          5 0.0000e+00
     20.000   0.552449     2.8852 1.0955e+00      0.899  1004.3140     5.2906     20.394          4 0.0000e+00
     21.000   0.543553     2.3876 8.3668e-01      0.901  1004.3102     5.2813     21.414          4 0.0000e+00
     22.000   0.537942     2.0126 6.4319e-01      0.895  1004.3146     5.2853     22.434          5 0.0000e+00
     23.000   0.534501     1.7506 4.6373e-01      0.882  1004.3218     5.2930     23.453          4 0.0000e+00
     24.000   0.534355     1.6563 3.6029e-01      0.881  1004.3366     5.3072     24.473          5 0.0000e+00
     25.000   0.536009     1.6498 2.5648e-01      0.891  1004.3564     5.3258     25.493          5 0.0000e+00
     26.000   0.536844     1.5943 1.8526e-01      0.882  1004.3749     5.3440     26.513          4 0.0000e+00
     27.000   0.536250     1.4706 1.4245e-01      0.873  1004.3893     5.3588     27.532          5 0.0000e+00
     28.000   0.535579     1.3553 9.3508e-02      0.874  1004.4018     5.3714     28.552          4 0.0000e+00
     29.000   0.535736     1.2751 5.7006e-02      0.864  1004.4173     5.3868     29.572          5 0.0000e+00
     30.000   0.535474     1.1647 2.2798e-02      0.836  1004.4325     5.4030     30.592          5 0.0000e+00
     31.000   0.533797     1.0029 4.2384e-03      0.840  1004.4411     5.4131     31.611          5 0.0000e+00
     32.000   0.532833     0.8835 8.5747e-05      0.851  1004.4509     5.4234     32.631          4 0.0000e+00
     33.000   0.533109     0.8305 1.0000e-12      0.852  1004.4641     5.4356     33.651          5 0.0000e+00
     34.000   0.535858     0.9002 1.0000e-12      0.855  1004.4854     5.4531     34.670          5 0.0000e+00
     35.000   0.537500     0.9315 1.0000e-12      0.851  1004.5012     5.4654     35.690          4 0.0000e+00
     36.000   0.537602     0.8871 1.0000e-12      0.841  1004.5120     5.4742     36.710          5 0.0000e+00
     37.000   0.538191     0.8752 1.0000e-12      0.855  1004.5234     5.4826     37.730          5 0.0000e+00
     38.000   0.539882     0.9460 1.0000e-12      0.835  1004.5351     5.4883     38.749          5 0.0000e+00
     39.000   0.542593     1.0677 1.0000e-12      0.790  1004.5497     5.4961     39.769          4 0.0000e+00
     40.000   0.543691     1.0931 1.0000e-12      0.871  1004.5613     5.5033     40.789          5 0.0000e+00
     41.000   0.543604     1.0408 1.0000e-12      0.890  1004.5715     5.5115     41.808          4 0.0000e+00
     42.000   0.544302     1.0377 1.0000e-12      0.888  1004.5828     5.5195     42.828          5 0.0000e+00
     43.000   0.545580     1.0862 1.0000e-12      0.886  1004.5932     5.5246     43.848          5 0.0000e+00
     44.000   0.547179     1.1489 1.0000e-12      0.879  1004.6047     5.5306     44.867          4 0.0000e+00
     45.000   0.548442     1.1889 1.0000e-12      0.858  1004.6158     5.5370     45.887          5 0.0000e+00
     46.000   0.549271     1.2046 1.0000e-12      0.836  1004.6260     5.5431     46.907          5 0.0000e+00
     47.000   0.550280     1.2319 1.0000e-12      0.833  1004.6364     5.5489     47.927          4 0.0000e+00
     48.000   0.551323     1.2735 1.0000e-12      0.841  1004.6454     5.5526     48.946          5 0.0000e+00
     49.000   0.552134     1.3108 1.0000e-12      0.844  1004.6528     5.5546     49.966          5 0.0000e+00
     50.000   0.553855     1.3769 1.0000e-12      0.864  1004.6645     5.5612     50.986          5 0.0000e+00
     51.000   0.556111     1.4594 1.0000e-12      0.860  1004.6787     5.5706     52.005          4 0.0000e+00
     52.000   0.557602     1.5160 1.0000e-12      0.847  1004.6894     5.5763     53.025          5 0.0000e+00
     53.000   0.558917     1.5534 1.0000e-12      0.853  1004.7009     5.5836     54.045          5 0.0000e+00
     54.000   0.560182     1.5768 1.0000e-12      0.853  1004.7138     5.5928     55.065          4 0.0000e+00
     55.000   0.562180     1.6320 1.0000e-12      0.856  1004.7288     5.6041     56.084          5 0.0000e+00
     56.000   0.566713     1.8024 1.0000e-12      0.858  1004.7504     5.6217     57.104          5 0.0000e+00
     57.000   0.570759     1.9538 1.0000e-12      0.853  1004.7699     5.6373     58.124          4 0.0000e+00
     58.000   0.573643     2.0478 1.0000e-12      0.848  1004.7867     5.6508     59.144          5 0.0000e+00
     59.000   0.578033     2.2055 1.0000e-12      0.856  1004.8072     5.6686     60.163          5 0.0000e+00
     60.000   0.581788     2.3578 1.0000e-12      0.858  1004.8227     5.6806     61.183          4 0.0000e+00
     61.000   0.584739     2.4768 1.0000e-12      0.849  1004.8356     5.6899     62.203          5 0.0000e+00
     62.000   0.586901     2.5601 1.0000e-12      0.847  1004.8467     5.6974     63.222          5 0.0000e+00
     63.000   0.588794     2.6274 1.0000e-12      0.864  1004.8577     5.7049     64.242          4 0.0000e+00
     64.000   0.591601     2.7029 1.0000e-12      0.860  1004.8749     5.7204     65.262          5 0.0000e+00
     65.000   0.594902     2.7844 1.0000e-12      0.856  1004.8952     5.7398     66.282          5 0.0000e+00
     66.000   0.597954     2.8653 1.0000e-12      0.876  1004.9133     5.7566     67.301          4 0.0000e+00
     67.000   0.601445     2.9539 1.0000e-12      0.893  1004.9337     5.7765     68.321          5 0.0000e+00
     68.000   0.604994     3.0470 1.0000e-12      0.884  1004.9537     5.7961     69.341          4 0.0000e+00
     69.000   0.607575     3.1138 1.0000e-12      0.885  1004.9695     5.8103     70.360          5 0.0000e+00
     70.000   0.610426     3.1723 1.0000e-12      0.881  1004.9887     5.8288     71.380          4 0.0000e+00
     71.000   0.614420     3.2536 1.0000e-12      0.911  1005.0136     5.8548     72.400          4 0.0000e+00
     72.000   0.618385     3.3300 1.0000e-12      0.938  1005.0387     5.8812     73.420          5 0.0000e+00
     73.000   0.623196     3.4050 1.0000e-12      0.921  1005.0707     5.9164     74.439          4 0.0000e+00
     74.000   0.627063     3.4659 1.0000e-12      0.905  1005.0971     5.9444     75.459          4 0.0000e+00
     75.000   0.628584     3.4932 1.0000e-12      0.921  1005.1098     5.9547     76.479          5 0.0000e+00
     76.000   0.629464     3.5104 1.0000e-12      0.923  1005.1190     5.9604     77.498          4 0.0000e+00
     77.000   0.630220     3.5209 1.0000e-12      0.921  1005.1282     5.9660     78.518          5 0.0000e+00
     78.000   0.630862     3.5225 1.0000e-12      0.919  1005.1379     5.9721     79.538          4 0.0000e+00
     79.000   0.631613     3.5270 1.0000e-12      0.918  1005.1481     5.9788     80.557          4 0.0000e+00
     80.000   0.632574     3.5381 1.0000e-12      0.934  1005.1588     5.9864     81.577          4 0.0000e+00
     81.000   0.633815     3.5534 1.0000e-12      0.930  1005.1712     5.9960     82.597          5 0.0000e+00
     82.000   0.635231     3.5709 1.0000e-12      0.915  1005.1846     6.0070     83.617          4 0.0000e+00
     83.000   0.636432     3.5834 1.0000e-12      0.925  1005.1970     6.0168     84.636          5 0.0000e+00
     84.000   0.638083     3.5987 1.0000e-12      0.923  1005.2126     6.0305     85.656          5 0.0000e+00
     85.000   0.639525     3.6164 1.0000e-12      0.710  1005.2261     6.0417     86.676          8 0.0000e+00
     86.000   0.640002     3.6263 1.0000e-12      0.104  1005.2331     6.0446     87.696          6 0.0000e+00
