ctdpy/exports/archive_20191121_115250/received_data/c14_v33_18.cnv
* Sea-Bird SBE19plus Data File:
* FileName = C:\CTD\CTD 2018\v33\C14_v33_18.hex
* Software Version 1.59
* Temperature SN =  4644
* Conductivity SN =  4644
* System UpLoad Time = Aug 14 2018 12:28:42
** C14_v33_18
* ds
# nquan = 11
# nvalues = 86                          
# units = specified
# name 0 = prdM: Pressure, Strain Gauge [db]
# name 1 = c0S/m: Conductivity [S/m]
# name 2 = tv290C: Temperature [ITS-90, deg C]
# name 3 = par: PAR/Irradiance, Biospherical/Licor
# name 4 = dz/dtM: Descent Rate [m/s]
# name 5 = sbeox0ML/L: Oxygen, SBE 43 [ml/l]
# name 6 = density00: Density [density, kg/m^3]
# name 7 = sal00: Salinity, Practical [PSU]
# name 8 = depFM: Depth [fresh water, m], lat = 0
# name 9 = nbin: number of scans per bin
# name 10 = flag: flag
# span 0 =      1.000,     86.000       
# span 1 =   0.540563,   0.739690       
# span 2 =     1.6385,    16.5186       
# span 3 = 1.0983e-01, 8.4479e+01       
# span 4 =      0.022,      1.221       
# span 5 =     4.8896,     8.6624       
# span 6 =  1002.6658,  1005.3189       
# span 7 =     4.9527,     6.1586       
# span 8 =      1.020,     87.696       
# span 9 =          3,         13       
# span 10 = 0.0000e+00, 0.0000e+00      
# interval = decibars: 1                
# start_time = Aug 14 2018 12:15:48 [Instrument's time stamp, header]
# bad_flag = -9.990e-29
*END*
      1.000   0.739209    16.4960 8.4479e+01      0.022     6.5497  1002.6658     4.9533      1.020          9 0.0000e+00
      2.000   0.739491    16.5102 6.2581e+01      0.399     6.5583  1002.6680     4.9536      2.040          5 0.0000e+00
      3.000   0.739690    16.5186 5.4653e+01      1.010     6.5557  1002.6714     4.9539      3.059          4 0.0000e+00
      4.000   0.739463    16.5080 4.3667e+01      1.094     6.5491  1002.6776     4.9535      4.079          4 0.0000e+00
      5.000   0.739166    16.4940 3.4151e+01      1.118     6.5395  1002.6843     4.9530      5.099          3 0.0000e+00
      6.000   0.738985    16.4844 2.7404e+01      1.161     6.5313  1002.6905     4.9529      6.118          4 0.0000e+00
      7.000   0.738861    16.4774 2.0808e+01      1.179     6.5257  1002.6963     4.9527      7.138          3 0.0000e+00
      8.000   0.738766    16.4715 1.5984e+01      1.165     6.5176  1002.7019     4.9527      8.158          3 0.0000e+00
      9.000   0.738679    16.4660 1.3221e+01      1.171     6.5112  1002.7075     4.9527      9.178          4 0.0000e+00
     10.000   0.738600    16.4610 1.0243e+01      1.193     6.5066  1002.7130     4.9527     10.197          3 0.0000e+00
     11.000   0.738527    16.4564 8.3123e+00      1.194     6.5071  1002.7184     4.9527     11.217          4 0.0000e+00
     12.000   0.738459    16.4521 6.6138e+00      1.174     6.5135  1002.7237     4.9527     12.236          3 0.0000e+00
     13.000   0.738391    16.4472 5.3379e+00      1.138     6.5170  1002.7293     4.9527     13.256          4 0.0000e+00
     14.000   0.738300    16.4402 4.3452e+00      1.131     6.4565  1002.7352     4.9529     14.276          3 0.0000e+00
     15.000   0.737954    16.4155 3.5048e+00      1.150     6.2648  1002.7446     4.9533     15.296          4 0.0000e+00
     16.000   0.736458    16.3107 2.8759e+00      1.156     6.2534  1002.7693     4.9553     16.315          3 0.0000e+00
     17.000   0.729997    15.8685 2.3501e+00      1.152     6.5094  1002.8566     4.9630     17.335          3 0.0000e+00
     18.000   0.709949    14.5887 1.9202e+00      1.151     6.7770  1003.0802     4.9751     18.355          4 0.0000e+00
     19.000   0.682892    12.8861 1.5693e+00      1.142     6.9158  1003.3461     4.9869     19.374          3 0.0000e+00
     20.000   0.660091    11.4232 1.2868e+00      1.151     7.0861  1003.5475     4.9990     20.394          4 0.0000e+00
     21.000   0.639934    10.1595 1.0614e+00      1.175     7.3371  1003.6982     5.0045     21.414          3 0.0000e+00
     22.000   0.622063     9.0172 8.8748e-01      1.184     7.4766  1003.8175     5.0110     22.434          4 0.0000e+00
     23.000   0.605645     8.0451 7.4503e-01      1.176     7.5991  1003.8984     5.0050     23.453          3 0.0000e+00
     24.000   0.597261     7.4111 6.2900e-01      1.154     7.7048  1003.9614     5.0211     24.473          4 0.0000e+00
     25.000   0.592997     6.9032 5.2482e-01      1.158     7.6702  1004.0265     5.0564     25.493          3 0.0000e+00
     26.000   0.592099     6.5099 4.4353e-01      1.165     7.6104  1004.0935     5.1063     26.512          4 0.0000e+00
     27.000   0.593209     6.2471 3.7750e-01      1.153     7.4688  1004.1515     5.1560     27.532          3 0.0000e+00
     28.000   0.591353     5.8949 3.2700e-01      1.126     7.7607  1004.2023     5.1922     28.552          3 0.0000e+00
     29.000   0.583126     5.3210 2.8746e-01      1.128     8.2572  1004.2396     5.2028     29.572          4 0.0000e+00
     30.000   0.564606     4.3101 2.5292e-01      1.174     8.5649  1004.2585     5.1815     30.592          3 0.0000e+00
     31.000   0.549179     3.4604 2.2507e-01      1.203     8.5682  1004.2629     5.1630     31.611          4 0.0000e+00
     32.000   0.544570     3.0771 2.0447e-01      1.189     8.4491  1004.2826     5.1778     32.631          3 0.0000e+00
     33.000   0.545502     2.9604 1.8665e-01      1.164     8.4651  1004.3105     5.2060     33.651          3 0.0000e+00
     34.000   0.546364     2.8256 1.7271e-01      1.178     8.4260  1004.3401     5.2367     34.670          4 0.0000e+00
     35.000   0.543059     2.5441 1.6162e-01      1.192     8.3696  1004.3543     5.2488     35.690          3 0.0000e+00
     36.000   0.542915     2.4046 1.5211e-01      1.189     8.3772  1004.3757     5.2703     36.710          4 0.0000e+00
     37.000   0.542903     2.2723 1.4502e-01      1.185     8.4375  1004.3972     5.2921     37.730          3 0.0000e+00
     38.000   0.541554     2.0836 1.3884e-01      1.150     8.5129  1004.4143     5.3096     38.749          4 0.0000e+00
     39.000   0.540563     1.9090 1.3425e-01      1.119     8.5705  1004.4323     5.3285     39.769          3 0.0000e+00
     40.000   0.540586     1.7861 1.2986e-01      1.128     8.6068  1004.4523     5.3495     40.789          4 0.0000e+00
     41.000   0.541222     1.7012 1.2704e-01      1.171     8.6224  1004.4729     5.3707     41.808          3 0.0000e+00
     42.000   0.541967     1.6396 1.2360e-01      1.221     8.6624  1004.4915     5.3890     42.828          3 0.0000e+00
     43.000   0.543665     1.6385 1.2192e-01      1.199     8.6285  1004.5110     5.4071     43.848          4 0.0000e+00
     44.000   0.545996     1.6905 1.2003e-01      1.130     8.6505  1004.5295     5.4228     44.867          3 0.0000e+00
     45.000   0.550694     1.8738 1.1810e-01      1.083     8.5762  1004.5517     5.4407     45.887          4 0.0000e+00
     46.000   0.556658     2.1200 1.1693e-01      1.112     8.4106  1004.5756     5.4608     46.907          4 0.0000e+00
     47.000   0.562883     2.3872 1.1635e-01      1.145     8.3876  1004.5976     5.4797     47.927          3 0.0000e+00
     48.000   0.565582     2.4633 1.1548e-01      1.139     8.4311  1004.6149     5.4945     48.946          4 0.0000e+00
     49.000   0.563267     2.2903 1.1457e-01      1.114     8.5195  1004.6235     5.5002     49.966          3 0.0000e+00
     50.000   0.560547     2.0989 1.1410e-01      1.080     8.6101  1004.6306     5.5049     50.986          4 0.0000e+00
     51.000   0.559192     1.9832 1.1343e-01      1.054     8.5823  1004.6390     5.5107     52.006          4 0.0000e+00
     52.000   0.561913     2.0945 1.1321e-01      1.087     8.5555  1004.6524     5.5198     53.025          3 0.0000e+00
     53.000   0.568636     2.3950 1.1246e-01      1.138     8.5800  1004.6738     5.5376     54.045          4 0.0000e+00
     54.000   0.572388     2.5574 1.1239e-01      1.119     8.5250  1004.6877     5.5481     55.065          4 0.0000e+00
     55.000   0.574203     2.6284 1.1208e-01      1.056     8.3792  1004.6978     5.5545     56.084          4 0.0000e+00
     56.000   0.576425     2.7039 1.1170e-01      1.003     8.3192  1004.7106     5.5642     57.104          4 0.0000e+00
     57.000   0.576211     2.6551 1.1175e-01      1.009     8.2106  1004.7205     5.5704     58.124          3 0.0000e+00
     58.000   0.573593     2.5025 1.1161e-01      1.067     8.0549  1004.7247     5.5698     59.143          4 0.0000e+00
     59.000   0.573838     2.4671 1.1171e-01      1.116     7.9165  1004.7365     5.5785     60.163          4 0.0000e+00
     60.000   0.574058     2.4300 1.1089e-01      1.113     7.7865  1004.7482     5.5872     61.183          3 0.0000e+00
     61.000   0.573240     2.3250 1.1109e-01      1.084     7.6974  1004.7606     5.5970     62.203          4 0.0000e+00
     62.000   0.572379     2.1909 1.1074e-01      1.077     7.6361  1004.7763     5.6116     63.222          4 0.0000e+00
     63.000   0.572162     2.0976 1.1086e-01      1.083     7.4785  1004.7919     5.6258     64.242          3 0.0000e+00
     64.000   0.574356     2.1169 1.1098e-01      1.102     7.2503  1004.8126     5.6453     65.262          4 0.0000e+00
     65.000   0.579799     2.2466 1.1059e-01      1.110     7.0605  1004.8457     5.6791     66.281          3 0.0000e+00
     66.000   0.585497     2.3753 1.1068e-01      1.112     6.7253  1004.8804     5.7155     67.301          4 0.0000e+00
     67.000   0.592259     2.5280 1.1046e-01      1.104     6.1452  1004.9200     5.7583     68.321          4 0.0000e+00
     68.000   0.605666     2.7905 1.1054e-01      1.078     5.6384  1004.9976     5.8496     69.341          3 0.0000e+00
     69.000   0.619679     3.0471 1.1041e-01      1.086     5.4116  1005.0787     5.9466     70.361          4 0.0000e+00
     70.000   0.628529     3.2244 1.1085e-01      1.149     5.3084  1005.1282     6.0044     71.380          3 0.0000e+00
     71.000   0.634383     3.3441 1.1056e-01      1.203     5.2405  1005.1616     6.0418     72.400          4 0.0000e+00
     72.000   0.638682     3.4281 1.1037e-01      1.199     5.1921  1005.1877     6.0698     73.420          3 0.0000e+00
     73.000   0.641234     3.4776 1.1018e-01      1.128     5.1600  1005.2051     6.0864     74.439          4 0.0000e+00
     74.000   0.642691     3.5079 1.1040e-01      1.089     5.1260  1005.2167     6.0953     75.459          3 0.0000e+00
     75.000   0.644089     3.5351 1.1066e-01      1.126     5.0942  1005.2283     6.1043     76.479          4 0.0000e+00
     76.000   0.645592     3.5627 1.1056e-01      1.151     5.0638  1005.2407     6.1142     77.498          3 0.0000e+00
     77.000   0.647035     3.5900 1.1062e-01      1.143     5.0249  1005.2526     6.1236     78.518          4 0.0000e+00
     78.000   0.648462     3.6159 1.1071e-01      1.122     4.9770  1005.2646     6.1331     79.538          3 0.0000e+00
     79.000   0.650042     3.6430 1.1059e-01      1.116     4.9339  1005.2776     6.1439     80.558          4 0.0000e+00
     80.000   0.651247     3.6645 1.1046e-01      1.120     4.8982  1005.2885     6.1519     81.577          4 0.0000e+00
     81.000   0.652021     3.6788 1.1029e-01      1.127     4.8966  1005.2971     6.1569     82.597          3 0.0000e+00
     82.000   0.652323     3.6856 1.0983e-01      1.140     4.8971  1005.3032     6.1586     83.617          4 0.0000e+00
     83.000   0.652350     3.6884 1.0996e-01      1.162     4.8905  1005.3078     6.1582     84.636          3 0.0000e+00
     84.000   0.652294     3.6895 1.1031e-01      1.152     4.8896  1005.3119     6.1573     85.656          4 0.0000e+00
     85.000   0.652219     3.6905 1.1012e-01      1.113     4.8912  1005.3160     6.1563     86.676          5 0.0000e+00
     86.000   0.652175     3.6993 1.1032e-01      0.446     4.8904  1005.3189     6.1540     87.696         13 0.0000e+00
