ctdpy/exports/archive_20191121_115250/received_data/c14_v03_18.cnv
* Sea-Bird SBE19plus Data File:
* FileName = C:\CTD\CTD 2018\v01_k03\C14_v03_18.hex
* Software Version 1.59
* Temperature SN =  4644
* Conductivity SN =  4644
* System UpLoad Time = Jan 19 2018 07:41:28
** C14 k01 v3 2018
* ds
# nquan = 11
# nvalues = 86                          
# units = specified
# name 0 = prdM: Pressure, Strain Gauge [db]
# name 1 = c0S/m: Conductivity [S/m]
# name 2 = tv290C: Temperature [ITS-90, deg C]
# name 3 = par: PAR/Irradiance, Biospherical/Licor
# name 4 = dz/dtM: Descent Rate [m/s]
# name 5 = sbeox0ML/L: Oxygen, SBE 43 [ml/l]
# name 6 = density00: Density [density, kg/m^3]
# name 7 = sal00: Salinity, Practical [PSU]
# name 8 = depFM: Depth [fresh water, m], lat = 0
# name 9 = nbin: number of scans per bin
# name 10 = flag: flag
# span 0 =      1.000,     86.000       
# span 1 =   0.544002,   0.642470       
# span 2 =     3.0572,     4.0613       
# span 3 = 5.6760e-02, 1.3271e+00       
# span 4 =      0.036,      1.144       
# span 5 =     5.7538,     8.3574       
# span 6 =  1004.0510,  1005.1762       
# span 7 =     5.0907,     5.9900       
# span 8 =      1.020,     87.696       
# span 9 =          3,         12       
# span 10 = 0.0000e+00, 0.0000e+00      
# interval = decibars: 1                
# start_time = Jan 19 2018 07:10:09 [Instrument's time stamp, header]
# bad_flag = -9.990e-29
*END*
      1.000   0.544002     3.7048 1.3271e+00      0.036     8.3433  1004.0510     5.0907      1.020          6 0.0000e+00
      2.000   0.574500     3.0726 5.8665e-01      0.548     8.3540  1004.3812     5.4861      2.040          5 0.0000e+00
      3.000   0.573993     3.0883 1.9980e-01      0.908     8.3430  1004.3799     5.4786      3.059          5 0.0000e+00
      4.000   0.574248     3.0997 1.4894e-01      0.841     8.3417  1004.3852     5.4791      4.079          5 0.0000e+00
      5.000   0.574258     3.1002 1.1894e-01      0.877     8.3475  1004.3901     5.4790      5.099          4 0.0000e+00
      6.000   0.574196     3.0970 1.0184e-01      0.943     8.3463  1004.3949     5.4789      6.118          4 0.0000e+00
      7.000   0.574179     3.0959 8.0996e-02      0.958     8.3363  1004.3998     5.4787      7.138          4 0.0000e+00
      8.000   0.574217     3.0966 7.6226e-02      0.940     8.3437  1004.4048     5.4789      8.158          4 0.0000e+00
      9.000   0.573971     3.0846 6.9153e-02      0.995     8.3459  1004.4093     5.4783      9.177          4 0.0000e+00
     10.000   0.573541     3.0649 6.5659e-02      1.057     8.3513  1004.4135     5.4772     10.197          4 0.0000e+00
     11.000   0.573409     3.0572 6.3795e-02      1.066     8.3574  1004.4183     5.4771     11.217          4 0.0000e+00
     12.000   0.573571     3.0626 6.2622e-02      1.054     8.3528  1004.4237     5.4777     12.236          4 0.0000e+00
     13.000   0.573777     3.0713 6.1639e-02      1.030     8.3518  1004.4290     5.4782     13.256          4 0.0000e+00
     14.000   0.574060     3.0847 6.0910e-02      1.012     8.3473  1004.4343     5.4787     14.276          4 0.0000e+00
     15.000   0.574408     3.1007 6.0414e-02      1.021     8.3388  1004.4397     5.4794     15.296          3 0.0000e+00
     16.000   0.574797     3.1190 6.0131e-02      1.054     8.3376  1004.4452     5.4802     16.315          4 0.0000e+00
     17.000   0.574998     3.1285 5.9849e-02      1.031     8.3442  1004.4503     5.4805     17.335          4 0.0000e+00
     18.000   0.574906     3.1251 5.9668e-02      1.002     8.3452  1004.4548     5.4801     18.354          4 0.0000e+00
     19.000   0.574798     3.1205 5.9569e-02      1.011     8.3412  1004.4594     5.4796     19.375          4 0.0000e+00
     20.000   0.575002     3.1297 5.9514e-02      1.032     8.3315  1004.4647     5.4801     20.394          4 0.0000e+00
     21.000   0.575211     3.1395 5.9413e-02      1.050     8.3327  1004.4698     5.4804     21.414          4 0.0000e+00
     22.000   0.575199     3.1393 5.9358e-02      1.086     8.3375  1004.4746     5.4802     22.434          3 0.0000e+00
     23.000   0.575074     3.1337 5.9237e-02      1.089     8.3406  1004.4792     5.4798     23.454          4 0.0000e+00
     24.000   0.575064     3.1330 5.9274e-02      1.008     8.3349  1004.4841     5.4797     24.473          4 0.0000e+00
     25.000   0.575180     3.1380 5.9229e-02      1.000     8.3285  1004.4891     5.4799     25.493          4 0.0000e+00
     26.000   0.575291     3.1430 5.9252e-02      1.063     8.3354  1004.4942     5.4801     26.513          4 0.0000e+00
     27.000   0.575244     3.1412 5.9106e-02      1.060     8.3394  1004.4989     5.4798     27.532          4 0.0000e+00
     28.000   0.575204     3.1395 5.9067e-02      1.015     8.3361  1004.5037     5.4796     28.552          4 0.0000e+00
     29.000   0.575278     3.1420 5.9118e-02      1.012     8.3416  1004.5087     5.4799     29.572          3 0.0000e+00
     30.000   0.575303     3.1435 5.8994e-02      1.067     8.3362  1004.5135     5.4797     30.592          4 0.0000e+00
     31.000   0.575330     3.1445 5.8994e-02      1.087     8.3084  1004.5185     5.4797     31.611          4 0.0000e+00
     32.000   0.575264     3.1410 5.8860e-02      1.036     8.3073  1004.5233     5.4796     32.631          4 0.0000e+00
     33.000   0.575138     3.1348 5.8874e-02      1.011     8.3533  1004.5280     5.4792     33.651          4 0.0000e+00
     34.000   0.575087     3.1316 5.8850e-02      1.057     8.3478  1004.5328     5.4791     34.670          3 0.0000e+00
     35.000   0.575064     3.1305 5.8856e-02      1.109     8.3115  1004.5377     5.4790     35.690          4 0.0000e+00
     36.000   0.575074     3.1305 5.8803e-02      1.053     8.3350  1004.5426     5.4790     36.710          4 0.0000e+00
     37.000   0.575071     3.1298 5.8746e-02      0.944     8.3241  1004.5475     5.4790     37.729          4 0.0000e+00
     38.000   0.575066     3.1289 5.8708e-02      0.979     8.3479  1004.5524     5.4790     38.749          4 0.0000e+00
     39.000   0.575102     3.1300 5.8748e-02      1.108     8.3480  1004.5574     5.4791     39.769          4 0.0000e+00
     40.000   0.575089     3.1296 5.8664e-02      1.144     8.3286  1004.5622     5.4789     40.789          3 0.0000e+00
     41.000   0.575083     3.1287 5.8583e-02      1.023     8.3330  1004.5671     5.4789     41.809          4 0.0000e+00
     42.000   0.575116     3.1294 5.8606e-02      0.925     8.3357  1004.5721     5.4790     42.829          4 0.0000e+00
     43.000   0.575103     3.1286 5.8541e-02      1.017     8.3364  1004.5770     5.4789     43.848          4 0.0000e+00
     44.000   0.575065     3.1266 5.8514e-02      1.126     8.3371  1004.5818     5.4788     44.867          4 0.0000e+00
     45.000   0.575047     3.1251 5.8558e-02      1.051     8.3550  1004.5867     5.4787     45.887          4 0.0000e+00
     46.000   0.575085     3.1258 5.8477e-02      0.903     8.3305  1004.5917     5.4789     46.907          4 0.0000e+00
     47.000   0.575163     3.1283 5.8464e-02      0.923     8.3444  1004.5969     5.4791     47.927          4 0.0000e+00
     48.000   0.575169     3.1286 5.8413e-02      1.094     8.3383  1004.6017     5.4790     48.946          4 0.0000e+00
     49.000   0.575170     3.1280 5.8414e-02      1.124     8.3076  1004.6066     5.4790     49.966          4 0.0000e+00
     50.000   0.575154     3.1266 5.8300e-02      0.971     8.3333  1004.6115     5.4790     50.986          4 0.0000e+00
     51.000   0.575161     3.1266 5.8278e-02      0.905     8.3329  1004.6165     5.4790     52.006          4 0.0000e+00
     52.000   0.575220     3.1288 5.8269e-02      1.047     8.3340  1004.6214     5.4791     53.025          4 0.0000e+00
     53.000   0.575264     3.1302 5.8310e-02      1.121     8.3280  1004.6264     5.4792     54.045          4 0.0000e+00
     54.000   0.575247     3.1292 5.8211e-02      0.958     8.3393  1004.6313     5.4791     55.065          4 0.0000e+00
     55.000   0.575260     3.1296 5.8152e-02      0.852     8.3332  1004.6362     5.4791     56.084          4 0.0000e+00
     56.000   0.575296     3.1311 5.8152e-02      0.995     8.3439  1004.6411     5.4791     57.104          4 0.0000e+00
     57.000   0.575348     3.1332 5.8136e-02      1.090     8.3080  1004.6461     5.4791     58.124          4 0.0000e+00
     58.000   0.575671     3.1476 5.8073e-02      0.999     8.3262  1004.6515     5.4799     59.144          4 0.0000e+00
     59.000   0.576391     3.1779 5.8093e-02      0.905     8.3098  1004.6578     5.4820     60.163          4 0.0000e+00
     60.000   0.576796     3.1968 5.8045e-02      0.957     8.2878  1004.6632     5.4827     61.183          4 0.0000e+00
     61.000   0.577221     3.2132 5.7936e-02      1.074     8.2952  1004.6691     5.4842     62.203          4 0.0000e+00
     62.000   0.577253     3.2129 5.8016e-02      1.078     8.2833  1004.6743     5.4845     63.223          4 0.0000e+00
     63.000   0.577523     3.2204 5.7973e-02      0.958     8.2760  1004.6802     5.4858     64.242          4 0.0000e+00
     64.000   0.577963     3.2368 5.7866e-02      0.924     8.2646  1004.6863     5.4874     65.262          4 0.0000e+00
     65.000   0.578381     3.2509 5.7870e-02      1.016     8.2522  1004.6925     5.4891     66.281          4 0.0000e+00
     66.000   0.579075     3.2709 5.7803e-02      1.052     8.2055  1004.7000     5.4927     67.301          4 0.0000e+00
     67.000   0.580762     3.3138 5.7782e-02      1.015     8.1025  1004.7122     5.5024     68.321          4 0.0000e+00
     68.000   0.584467     3.3907 5.7778e-02      0.968     7.9290  1004.7357     5.5267     69.341          4 0.0000e+00
     69.000   0.589030     3.4744 5.7699e-02      0.966     7.6867  1004.7648     5.5584     70.360          4 0.0000e+00
     70.000   0.595291     3.5677 5.7616e-02      1.024     7.3340  1004.8059     5.6054     71.380          4 0.0000e+00
     71.000   0.603392     3.6688 5.7670e-02      1.058     6.9031  1004.8601     5.6693     72.400          4 0.0000e+00
     72.000   0.612921     3.7619 5.7682e-02      0.994     6.5033  1004.9266     5.7486     73.420          4 0.0000e+00
     73.000   0.621600     3.8256 5.7586e-02      0.946     6.1379  1004.9906     5.8243     74.439          4 0.0000e+00
     74.000   0.628881     3.8951 5.7575e-02      1.005     5.8919  1005.0422     5.8847     75.459          4 0.0000e+00
     75.000   0.635370     3.9742 5.7537e-02      1.054     5.8187  1005.0856     5.9353     76.479          4 0.0000e+00
     76.000   0.638181     4.0164 5.7516e-02      0.994     5.8315  1005.1057     5.9556     77.499          4 0.0000e+00
     77.000   0.639537     4.0377 5.7493e-02      0.963     5.8526  1005.1177     5.9652     78.518          4 0.0000e+00
     78.000   0.640578     4.0519 5.7463e-02      0.998     5.8293  1005.1284     5.9729     79.538          4 0.0000e+00
     79.000   0.641603     4.0604 5.7411e-02      0.998     5.7784  1005.1399     5.9815     80.557          4 0.0000e+00
     80.000   0.642343     4.0613 5.7407e-02      1.001     5.7538  1005.1505     5.9886     81.577          4 0.0000e+00
     81.000   0.642470     4.0597 5.7398e-02      1.026     5.7539  1005.1565     5.9900     82.597          5 0.0000e+00
     82.000   0.642354     4.0585 5.7333e-02      0.682     5.7643  1005.1606     5.9890     83.617          9 0.0000e+00
     83.000   0.642034     4.0584 5.7116e-02      0.223     5.7813  1005.1629     5.9857     84.636          8 0.0000e+00
     84.000   0.641868     4.0586 5.6942e-02      0.280     5.7781  1005.1663     5.9839     85.656         12 0.0000e+00
     85.000   0.641876     4.0584 5.6925e-02      0.551     5.7656  1005.1712     5.9839     86.676          7 0.0000e+00
     86.000   0.641897     4.0582 5.6760e-02      0.156     5.7628  1005.1762     5.9841     87.696          9 0.0000e+00
