ctdpy/exports/archive_20191121_115250/received_data/c14_v37_18.cnv
* Sea-Bird SBE19plus Data File:
* FileName = C:\CTD\CTD 2018\v37\C14_v37_18.hex
* Software Version 1.59
* Temperature SN =  4644
* Conductivity SN =  4644
* System UpLoad Time = Sep 11 2018 08:27:31
** C14 2018K21 v37
* ds
# nquan = 11
# nvalues = 85                          
# units = specified
# name 0 = prdM: Pressure, Strain Gauge [db]
# name 1 = c0S/m: Conductivity [S/m]
# name 2 = tv290C: Temperature [ITS-90, deg C]
# name 3 = par: PAR/Irradiance, Biospherical/Licor
# name 4 = dz/dtM: Descent Rate [m/s]
# name 5 = sbeox0ML/L: Oxygen, SBE 43 [ml/l]
# name 6 = density00: Density [density, kg/m^3]
# name 7 = sal00: Salinity, Practical [PSU]
# name 8 = depFM: Depth [fresh water, m], lat = 0
# name 9 = nbin: number of scans per bin
# name 10 = flag: flag
# span 0 =      1.000,     85.000       
# span 1 =   0.545246,   0.747585       
# span 2 =     1.9633,    15.0713       
# span 3 = 9.6872e-02, 4.2232e+01       
# span 4 =      0.069,      1.161       
# span 5 =     4.0872,     8.5880       
# span 6 =  1003.0943,  1005.2768       
# span 7 =     5.1426,     6.1099       
# span 8 =      1.020,     86.676       
# span 9 =          4,         15       
# span 10 = 0.0000e+00, 0.0000e+00      
# interval = decibars: 1                
# start_time = Sep 11 2018 08:08:44 [Instrument's time stamp, header]
# bad_flag = -9.990e-29
*END*
      1.000   0.747585    15.0713 4.2232e+01      0.069     6.8299  1003.0943     5.1955      1.020         10 0.0000e+00
      2.000   0.747324    15.0508 2.6380e+01      0.541     6.8365  1003.1028     5.1962      2.039          8 0.0000e+00
      3.000   0.747479    15.0574 1.7785e+01      0.474     6.8384  1003.1065     5.1964      3.059          5 0.0000e+00
      4.000   0.747416    15.0544 1.0328e+01      0.779     6.8346  1003.1115     5.1963      4.079          4 0.0000e+00
      5.000   0.747299    15.0489 6.6553e+00      1.050     6.8344  1003.1169     5.1961      5.099          5 0.0000e+00
      6.000   0.747231    15.0457 5.0155e+00      1.027     6.8349  1003.1219     5.1959      6.118          4 0.0000e+00
      7.000   0.747140    15.0417 4.4754e+00      0.814     6.8382  1003.1270     5.1957      7.138          6 0.0000e+00
      8.000   0.747132    15.0407 3.7496e+00      0.623     6.8364  1003.1318     5.1957      8.157          5 0.0000e+00
      9.000   0.747096    15.0385 2.9673e+00      0.774     6.8334  1003.1368     5.1957      9.177          4 0.0000e+00
     10.000   0.747106    15.0385 2.3162e+00      1.086     6.8402  1003.1414     5.1957     10.197          4 0.0000e+00
     11.000   0.747192    15.0410 1.8720e+00      1.090     6.8917  1003.1458     5.1959     11.217          5 0.0000e+00
     12.000   0.747008    15.0286 1.6852e+00      0.736     6.6158  1003.1526     5.1961     12.237          5 0.0000e+00
     13.000   0.744760    14.8928 1.4058e+00      0.697     6.5627  1003.1800     5.1971     13.256          4 0.0000e+00
     14.000   0.728304    13.9422 1.0551e+00      0.965     7.2162  1003.3327     5.1987     14.276          4 0.0000e+00
     15.000   0.677363    11.2902 8.2897e-01      1.005     7.6517  1003.6605     5.1576     15.296          5 0.0000e+00
     16.000   0.643685     9.4038 7.0435e-01      0.851     7.6908  1003.8577     5.1426     16.315          4 0.0000e+00
     17.000   0.633522     8.7376 5.9118e-01      0.868     7.5410  1003.9282     5.1506     17.335          5 0.0000e+00
     18.000   0.633459     8.6048 4.6985e-01      0.981     7.3992  1003.9588     5.1693     18.355          4 0.0000e+00
     19.000   0.633276     8.4647 3.8318e-01      0.903     7.0383  1003.9899     5.1881     19.374          5 0.0000e+00
     20.000   0.627290     8.0178 3.3533e-01      0.728     7.3364  1004.0400     5.2010     20.394          5 0.0000e+00
     21.000   0.609534     7.0325 2.8688e-01      0.789     7.6491  1004.1023     5.1881     21.414          4 0.0000e+00
     22.000   0.591447     6.0262 2.3699e-01      1.042     7.6292  1004.1521     5.1736     22.434          4 0.0000e+00
     23.000   0.588735     5.6205 2.0501e-01      1.074     7.5687  1004.2045     5.2103     23.454          5 0.0000e+00
     24.000   0.588687     5.3745 1.8665e-01      0.813     7.6994  1004.2492     5.2480     24.473          5 0.0000e+00
     25.000   0.582901     4.9157 1.7065e-01      0.678     7.8490  1004.2834     5.2646     25.493          5 0.0000e+00
     26.000   0.577533     4.4887 1.5700e-01      0.822     7.9262  1004.3134     5.2804     26.513          4 0.0000e+00
     27.000   0.573563     4.1248 1.4620e-01      0.971     7.9895  1004.3422     5.2998     27.533          4 0.0000e+00
     28.000   0.567652     3.7039 1.3652e-01      1.060     8.1455  1004.3620     5.3093     28.552          4 0.0000e+00
     29.000   0.558354     3.1289 1.2895e-01      1.031     8.2998  1004.3726     5.3097     29.572          5 0.0000e+00
     30.000   0.549626     2.5385 1.2381e-01      0.809     8.4573  1004.3848     5.3182     30.592          5 0.0000e+00
     31.000   0.545246     2.1721 1.2050e-01      0.660     8.4482  1004.4001     5.3340     31.611          5 0.0000e+00
     32.000   0.547152     2.1654 1.1597e-01      0.793     8.3193  1004.4219     5.3550     32.631          4 0.0000e+00
     33.000   0.551613     2.2918 1.1251e-01      1.058     8.2807  1004.4480     5.3800     33.650          4 0.0000e+00
     34.000   0.555748     2.3852 1.0972e-01      1.161     8.2405  1004.4753     5.4071     34.670          4 0.0000e+00
     35.000   0.557375     2.3769 1.0814e-01      0.918     8.2727  1004.4948     5.4254     35.690          5 0.0000e+00
     36.000   0.558203     2.3236 1.0650e-01      0.660     8.2984  1004.5135     5.4430     36.710          5 0.0000e+00
     37.000   0.558665     2.2755 1.0497e-01      0.787     8.3244  1004.5286     5.4560     37.729          4 0.0000e+00
     38.000   0.558682     2.2150 1.0351e-01      1.010     8.3513  1004.5414     5.4665     38.749          4 0.0000e+00
     39.000   0.558452     2.1423 1.0320e-01      1.006     8.3587  1004.5538     5.4766     39.769          5 0.0000e+00
     40.000   0.558726     2.0919 1.0213e-01      0.892     8.4221  1004.5675     5.4881     40.789          5 0.0000e+00
     41.000   0.557789     1.9852 1.0129e-01      0.819     8.4500  1004.5782     5.4967     41.808          5 0.0000e+00
     42.000   0.558630     1.9633 1.0091e-01      0.763     8.5258  1004.5930     5.5093     42.828          4 0.0000e+00
     43.000   0.559828     1.9711 1.0001e-01      0.849     8.5863  1004.6070     5.5204     43.848          5 0.0000e+00
     44.000   0.561263     2.0082 9.9981e-02      0.956     8.5880  1004.6191     5.5289     44.867          4 0.0000e+00
     45.000   0.562287     2.0308 9.9419e-02      0.941     8.5579  1004.6298     5.5356     45.887          5 0.0000e+00
     46.000   0.562648     2.0238 9.9217e-02      0.776     8.5039  1004.6386     5.5406     46.907          5 0.0000e+00
     47.000   0.562745     2.0047 9.8896e-02      0.739     8.4559  1004.6468     5.5449     47.927          5 0.0000e+00
     48.000   0.563090     1.9924 9.8323e-02      0.867     8.4385  1004.6561     5.5505     48.947          4 0.0000e+00
     49.000   0.563458     1.9773 9.8357e-02      0.959     8.3877  1004.6661     5.5570     49.966          5 0.0000e+00
     50.000   0.564575     2.0011 9.8554e-02      0.843     8.2852  1004.6773     5.5644     50.986          5 0.0000e+00
     51.000   0.565892     2.0269 9.8203e-02      0.684     8.1174  1004.6899     5.5736     52.005          5 0.0000e+00
     52.000   0.566731     1.9893 9.8017e-02      0.774     7.8817  1004.7068     5.5890     53.025          5 0.0000e+00
     53.000   0.568687     1.9794 9.8289e-02      0.898     7.6885  1004.7295     5.6113     54.045          5 0.0000e+00
     54.000   0.570594     1.9801 9.7940e-02      0.887     7.5591  1004.7504     5.6312     55.065          4 0.0000e+00
     55.000   0.572913     2.0248 9.8123e-02      0.820     7.4314  1004.7690     5.6476     56.084          5 0.0000e+00
     56.000   0.576584     2.1200 9.8000e-02      0.768     7.2905  1004.7921     5.6691     57.104          5 0.0000e+00
     57.000   0.580659     2.2227 9.8038e-02      0.827     7.1335  1004.8173     5.6933     58.124          5 0.0000e+00
     58.000   0.584241     2.3199 9.7795e-02      0.927     7.0043  1004.8387     5.7132     59.144          4 0.0000e+00
     59.000   0.588202     2.4118 9.7825e-02      0.885     6.9088  1004.8639     5.7379     60.163          5 0.0000e+00
     60.000   0.592495     2.4997 9.7450e-02      0.711     6.7703  1004.8921     5.7667     61.183          5 0.0000e+00
     61.000   0.597599     2.6096 9.7768e-02      0.807     6.6559  1004.9236     5.7998     62.203          5 0.0000e+00
     62.000   0.601373     2.6969 9.7521e-02      0.995     6.4292  1004.9470     5.8229     63.222          4 0.0000e+00
     63.000   0.607606     2.8297 9.7567e-02      0.847     6.0846  1004.9836     5.8630     64.242          5 0.0000e+00
     64.000   0.614645     2.9706 9.7517e-02      0.745     5.5930  1005.0251     5.9096     65.262          4 0.0000e+00
     65.000   0.622002     3.1057 9.7616e-02      1.017     5.1172  1005.0695     5.9602     66.282          4 0.0000e+00
     66.000   0.629060     3.2291 9.7167e-02      1.090     4.8153  1005.1125     6.0095     67.301          5 0.0000e+00
     67.000   0.632174     3.2913 9.7225e-02      0.670     4.5572  1005.1328     6.0296     68.321          6 0.0000e+00
     68.000   0.634152     3.3306 9.7555e-02      0.622     4.2681  1005.1474     6.0423     69.341          4 0.0000e+00
     69.000   0.635550     3.3574 9.7211e-02      0.965     4.0872  1005.1593     6.0514     70.361          4 0.0000e+00
     70.000   0.636353     3.3758 9.7463e-02      1.079     4.0980  1005.1676     6.0561     71.380          5 0.0000e+00
     71.000   0.637574     3.4021 9.7466e-02      0.903     4.3098  1005.1781     6.0635     72.400          5 0.0000e+00
     72.000   0.639130     3.4309 9.7146e-02      0.760     4.4020  1005.1909     6.0738     73.420          4 0.0000e+00
     73.000   0.640288     3.4528 9.7228e-02      0.839     4.3489  1005.2015     6.0814     74.439          5 0.0000e+00
     74.000   0.641219     3.4711 9.7351e-02      0.962     4.2953  1005.2108     6.0873     75.459          4 0.0000e+00
     75.000   0.641933     3.4850 9.7114e-02      0.921     4.2497  1005.2191     6.0918     76.479          5 0.0000e+00
     76.000   0.642582     3.4973 9.7300e-02      0.776     4.2282  1005.2272     6.0960     77.499          5 0.0000e+00
     77.000   0.643558     3.5153 9.7308e-02      0.820     4.2405  1005.2369     6.1024     78.518          4 0.0000e+00
     78.000   0.644480     3.5331 9.7391e-02      0.994     4.2688  1005.2462     6.1083     79.538          4 0.0000e+00
     79.000   0.644798     3.5412 9.7115e-02      1.031     4.3082  1005.2523     6.1099     80.558          4 0.0000e+00
     80.000   0.644853     3.5446 9.6872e-02      0.942     4.3097  1005.2569     6.1097     81.577          5 0.0000e+00
     81.000   0.644781     3.5450 9.6980e-02      0.888     4.2863  1005.2611     6.1088     82.597          4 0.0000e+00
     82.000   0.644675     3.5438 9.7236e-02      0.866     4.3155  1005.2653     6.1078     83.617          5 0.0000e+00
     83.000   0.644685     3.5462 9.7108e-02      0.843     4.3612  1005.2697     6.1074     84.636          5 0.0000e+00
     84.000   0.644657     3.5501 9.6956e-02      0.503     4.3667  1005.2737     6.1062     85.656         15 0.0000e+00
     85.000   0.644484     3.5517 9.7044e-02      0.270 -9.990e-29  1005.2768     6.1041     86.676         13 0.0000e+00
