ctdpy/exports/archive_20191121_115250/received_data/c14_v50_18.cnv
* Sea-Bird SBE19plus Data File:
* FileName = C:\CTD\SBE_19plus\Temp\C14_v50_18.hex
* Software Version 1.59
* Temperature SN =  4644
* Conductivity SN =  4644
* System UpLoad Time = Dec 16 2018 21:38:44
** C14 2018K25 v50
* ds
# nquan = 11
# nvalues = 86                          
# units = specified
# name 0 = prdM: Pressure, Strain Gauge [db]
# name 1 = c0S/m: Conductivity [S/m]
# name 2 = tv290C: Temperature [ITS-90, deg C]
# name 3 = par: PAR/Irradiance, Biospherical/Licor
# name 4 = dz/dtM: Descent Rate [m/s]
# name 5 = sbeox0ML/L: Oxygen, SBE 43 [ml/l]
# name 6 = density00: Density [density, kg/m^3]
# name 7 = sal00: Salinity, Practical [PSU]
# name 8 = depFM: Depth [fresh water, m], lat = 58
# name 9 = nbin: number of scans per bin
# name 10 = flag: flag
# span 0 =      1.000,     86.000       
# span 1 =   0.564985,   0.644869       
# span 2 =     3.0322,     4.5029       
# span 3 = 7.6012e-02, 1.9936e+00       
# span 4 =      0.009,      1.525       
# span 5 =     4.9325,     8.4134       
# span 6 =  1004.1062,  1005.2859       
# span 7 =     5.1713,     6.1092       
# span 8 =      1.020,     87.696       
# span 9 =          3,          8       
# span 10 = 0.0000e+00, 0.0000e+00      
# interval = decibars: 1                
# start_time = Dec 11 2018 08:31:37 [Instrument's time stamp, header]
# bad_flag = -9.990e-29
*END*
      1.000   0.565165     4.4284 1.9936e+00      0.009     8.4040  1004.1062     5.1713      1.020          8 0.0000e+00
      2.000   0.564996     4.4170 1.5695e+00      0.337     8.4030  1004.1114     5.1713      2.039          6 0.0000e+00
      3.000   0.564985     4.4159 8.9179e-01      0.964     8.4068  1004.1163     5.1713      3.059          4 0.0000e+00
      4.000   0.564994     4.4159 3.4791e-01      1.130     8.4041  1004.1212     5.1713      4.079          4 0.0000e+00
      5.000   0.565009     4.4162 1.9778e-01      0.819     8.4036  1004.1261     5.1713      5.099          4 0.0000e+00
      6.000   0.565024     4.4162 1.4658e-01      0.832     8.4042  1004.1310     5.1714      6.118          4 0.0000e+00
      7.000   0.565043     4.4165 1.1392e-01      1.059     8.4064  1004.1359     5.1714      7.138          4 0.0000e+00
      8.000   0.565056     4.4166 1.0093e-01      1.145     8.4050  1004.1408     5.1714      8.158          4 0.0000e+00
      9.000   0.565067     4.4167 9.6536e-02      1.156     8.4068  1004.1457     5.1714      9.177          3 0.0000e+00
     10.000   0.565078     4.4165 8.9343e-02      1.131     8.4030  1004.1506     5.1714     10.197          4 0.0000e+00
     11.000   0.565091     4.4165 8.4419e-02      1.030     8.4051  1004.1555     5.1715     11.217          4 0.0000e+00
     12.000   0.565093     4.4163 8.2728e-02      0.892     8.4134  1004.1604     5.1714     12.237          4 0.0000e+00
     13.000   0.565095     4.4162 8.1515e-02      0.904     8.4043  1004.1652     5.1714     13.256          4 0.0000e+00
     14.000   0.565108     4.4164 8.0573e-02      1.068     8.4056  1004.1701     5.1714     14.276          4 0.0000e+00
     15.000   0.565119     4.4164 7.9644e-02      1.226     8.4038  1004.1750     5.1714     15.296          3 0.0000e+00
     16.000   0.565125     4.4161 7.9595e-02      1.138     8.4059  1004.1799     5.1714     16.315          5 0.0000e+00
     17.000   0.565149     4.4162 7.8850e-02      0.889     8.4023  1004.1849     5.1715     17.335          4 0.0000e+00
     18.000   0.565168     4.4163 7.9126e-02      0.882     8.4018  1004.1898     5.1716     18.355          4 0.0000e+00
     19.000   0.565208     4.4167 7.8612e-02      1.028     8.4038  1004.1949     5.1718     19.375          4 0.0000e+00
     20.000   0.565251     4.4172 7.8383e-02      1.074     8.4012  1004.2000     5.1721     20.394          3 0.0000e+00
     21.000   0.565266     4.4174 7.8496e-02      1.023     8.4047  1004.2049     5.1721     21.414          4 0.0000e+00
     22.000   0.565263     4.4172 7.8594e-02      1.034     8.3983  1004.2097     5.1720     22.434          4 0.0000e+00
     23.000   0.565273     4.4173 7.8089e-02      1.123     8.3950  1004.2146     5.1720     23.453          3 0.0000e+00
     24.000   0.565291     4.4175 7.7892e-02      1.191     8.3978  1004.2195     5.1721     24.473          4 0.0000e+00
     25.000   0.565294     4.4174 7.8012e-02      1.050     8.4012  1004.2244     5.1720     25.493          5 0.0000e+00
     26.000   0.565285     4.4169 7.8026e-02      0.808     8.4053  1004.2292     5.1719     26.513          4 0.0000e+00
     27.000   0.565280     4.4166 7.8155e-02      0.830     8.4020  1004.2340     5.1718     27.533          4 0.0000e+00
     28.000   0.565299     4.4170 7.7748e-02      1.066     8.4034  1004.2389     5.1718     28.552          3 0.0000e+00
     29.000   0.565345     4.4177 7.8161e-02      1.223     8.4024  1004.2440     5.1721     29.572          4 0.0000e+00
     30.000   0.565414     4.4184 7.7889e-02      1.168     8.3999  1004.2492     5.1725     30.591          4 0.0000e+00
     31.000   0.565471     4.4190 7.7961e-02      1.054     8.3972  1004.2544     5.1729     31.611          4 0.0000e+00
     32.000   0.565500     4.4192 7.7833e-02      1.012     8.3991  1004.2594     5.1731     32.631          4 0.0000e+00
     33.000   0.565489     4.4189 7.7783e-02      1.007     8.3984  1004.2641     5.1729     33.651          3 0.0000e+00
     34.000   0.565576     4.4201 7.7787e-02      1.003     8.3825  1004.2694     5.1735     34.670          4 0.0000e+00
     35.000   0.565953     4.4251 7.7777e-02      1.045     8.3808  1004.2764     5.1763     35.690          4 0.0000e+00
     36.000   0.566534     4.4327 7.7682e-02      1.101     8.3752  1004.2846     5.1807     36.710          4 0.0000e+00
     37.000   0.567305     4.4424 7.7676e-02      1.067     8.3649  1004.2939     5.1866     37.729          4 0.0000e+00
     38.000   0.568304     4.4545 7.7946e-02      0.994     8.3565  1004.3047     5.1944     38.749          4 0.0000e+00
     39.000   0.569510     4.4685 7.7636e-02      1.006     8.3448  1004.3167     5.2039     39.769          3 0.0000e+00
     40.000   0.570662     4.4809 7.7801e-02      1.102     8.3409  1004.3287     5.2131     40.789          4 0.0000e+00
     41.000   0.571382     4.4873 7.7557e-02      1.141     8.3328  1004.3381     5.2190     41.808          4 0.0000e+00
     42.000   0.572118     4.4931 7.7410e-02      1.029     8.3222  1004.3477     5.2252     42.828          4 0.0000e+00
     43.000   0.573060     4.4995 7.7480e-02      0.851     8.3095  1004.3589     5.2333     43.848          4 0.0000e+00
     44.000   0.574088     4.5029 7.7341e-02      0.887     8.2962  1004.3711     5.2427     44.868          4 0.0000e+00
     45.000   0.574810     4.4998 7.7360e-02      1.150     8.2779  1004.3820     5.2502     45.887          3 0.0000e+00
     46.000   0.575170     4.4927 7.7319e-02      1.295     8.2605  1004.3906     5.2547     46.907          4 0.0000e+00
     47.000   0.575459     4.4685 7.7492e-02      1.030     8.2185  1004.4014     5.2613     47.927          5 0.0000e+00
     48.000   0.576150     4.4199 7.7367e-02      0.773     8.0921  1004.4190     5.2757     48.946          4 0.0000e+00
     49.000   0.577905     4.3268 7.7385e-02      0.812     7.8645  1004.4517     5.3078     49.966          5 0.0000e+00
     50.000   0.581735     4.1517 7.7330e-02      0.906     7.6003  1004.5132     5.3739     50.986          3 0.0000e+00
     51.000   0.586271     3.9855 7.6916e-02      1.094     7.3960  1004.5791     5.4462     52.005          4 0.0000e+00
     52.000   0.590413     3.8805 7.7128e-02      1.334     7.2696  1004.6327     5.5050     53.025          3 0.0000e+00
     53.000   0.593235     3.8248 7.7203e-02      1.347     7.1894  1004.6684     5.5425     54.045          4 0.0000e+00
     54.000   0.595098     3.7995 7.7252e-02      0.831     7.1202  1004.6920     5.5653     55.065          6 0.0000e+00
     55.000   0.596382     3.7829 7.7208e-02      0.517     6.9202  1004.7095     5.5809     56.084          4 0.0000e+00
     56.000   0.598431     3.7449 7.7459e-02      0.781     6.7249  1004.7366     5.6078     57.104          3 0.0000e+00
     57.000   0.601672     3.6408 7.7163e-02      1.195     6.5766  1004.7833     5.6583     58.124          4 0.0000e+00
     58.000   0.603720     3.4845 7.6627e-02      1.482     6.5103  1004.8286     5.7063     59.144          3 0.0000e+00
     59.000   0.604988     3.3642 7.6785e-02      1.464     6.5226  1004.8621     5.7403     60.163          4 0.0000e+00
     60.000   0.603864     3.1941 7.6968e-02      0.956     6.5702  1004.8836     5.7590     61.183          5 0.0000e+00
     61.000   0.602377     3.0493 7.6957e-02      0.456     6.5245  1004.8981     5.7696     62.203          5 0.0000e+00
     62.000   0.603759     3.0322 7.7099e-02      0.639     6.4248  1004.9169     5.7868     63.222          4 0.0000e+00
     63.000   0.605680     3.0534 7.6817e-02      1.036     6.3053  1004.9342     5.8025     64.242          3 0.0000e+00
     64.000   0.607565     3.0739 7.7246e-02      1.398     6.1903  1004.9513     5.8180     65.262          3 0.0000e+00
     65.000   0.610713     3.1035 7.6919e-02      1.525     6.0424  1004.9774     5.8448     66.282          4 0.0000e+00
     66.000   0.614333     3.1424 7.6697e-02      1.269     5.8850  1005.0059     5.8747     67.301          4 0.0000e+00
     67.000   0.618862     3.1949 7.6775e-02      0.701     5.7732  1005.0395     5.9113     68.321          6 0.0000e+00
     68.000   0.621092     3.2232 7.6773e-02      0.597     5.6953  1005.0581     5.9288     69.341          4 0.0000e+00
     69.000   0.622598     3.2448 7.6574e-02      0.928     5.6225  1005.0718     5.9401     70.361          3 0.0000e+00
     70.000   0.624465     3.2703 7.6887e-02      1.299     5.5382  1005.0878     5.9544     71.381          3 0.0000e+00
     71.000   0.626334     3.2992 7.6773e-02      1.404     5.4585  1005.1033     5.9680     72.400          4 0.0000e+00
     72.000   0.628794     3.3355 7.6741e-02      1.175     5.3956  1005.1223     5.9863     73.420          4 0.0000e+00
     73.000   0.630374     3.3582 7.6630e-02      0.788     5.3497  1005.1364     5.9981     74.439          5 0.0000e+00
     74.000   0.631409     3.3727 7.6494e-02      0.719     5.3316  1005.1472     6.0058     75.459          4 0.0000e+00
     75.000   0.632222     3.3851 7.6601e-02      0.959     5.2858  1005.1567     6.0117     76.479          4 0.0000e+00
     76.000   0.633544     3.4064 7.6450e-02      1.151     5.2150  1005.1688     6.0211     77.498          4 0.0000e+00
     77.000   0.635172     3.4296 7.6538e-02      1.164     5.1448  1005.1830     6.0332     78.518          4 0.0000e+00
     78.000   0.636699     3.4488 7.6431e-02      1.033     5.0783  1005.1971     6.0450     79.538          4 0.0000e+00
     79.000   0.638174     3.4671 7.6236e-02      0.897     5.0265  1005.2109     6.0565     80.558          4 0.0000e+00
     80.000   0.639504     3.4846 7.6264e-02      0.905     5.0009  1005.2236     6.0667     81.577          4 0.0000e+00
     81.000   0.641229     3.5026 7.6346e-02      0.941     4.9653  1005.2394     6.0807     82.597          5 0.0000e+00
     82.000   0.642993     3.5213 7.6240e-02      0.935     4.9373  1005.2554     6.0950     83.617          4 0.0000e+00
     83.000   0.644123     3.5341 7.6249e-02      0.963     4.9325  1005.2672     6.1040     84.636          4 0.0000e+00
     84.000   0.644588     3.5402 7.6353e-02      0.980     4.9392  1005.2748     6.1074     85.656          5 0.0000e+00
     85.000   0.644839     3.5438 7.6012e-02      0.897     4.9445  1005.2810     6.1092     86.676          6 0.0000e+00
     86.000   0.644869     3.5448 7.6282e-02      0.321     4.9381  1005.2859     6.1092     87.696          8 0.0000e+00
