ctdpy/exports/archive_20191121_115250/received_data/c14_v08_18.cnv
* Sea-Bird SBE19plus Data File:
* FileName = C:\CTD\CTD 2018\v08\C14_v08_18.hex
* Software Version 1.59
* Temperature SN =  4644
* Conductivity SN =  4644
* System UpLoad Time = Feb 21 2018 07:35:07
** C14_v08_18
* ds
# nquan = 11
# nvalues = 85                          
# units = specified
# name 0 = prdM: Pressure, Strain Gauge [db]
# name 1 = c0S/m: Conductivity [S/m]
# name 2 = tv290C: Temperature [ITS-90, deg C]
# name 3 = par: PAR/Irradiance, Biospherical/Licor
# name 4 = dz/dtM: Descent Rate [m/s]
# name 5 = sbeox0ML/L: Oxygen, SBE 43 [ml/l]
# name 6 = density00: Density [density, kg/m^3]
# name 7 = sal00: Salinity, Practical [PSU]
# name 8 = depFM: Depth [fresh water, m], lat = 0
# name 9 = nbin: number of scans per bin
# name 10 = flag: flag
# span 0 =      1.000,     85.000       
# span 1 =   0.520147,   0.632106       
# span 2 =     0.7467,     3.8361       
# span 3 = 4.7418e-02, 2.9108e+00       
# span 4 =     -0.712,      0.874       
# span 5 =     6.2717,     9.2679       
# span 6 =  1004.2018,  1005.1263       
# span 7 =     5.3119,     5.9272       
# span 8 =      1.019,     86.676       
# span 9 =          1,          9       
# span 10 = 0.0000e+00, 0.0000e+00      
# interval = decibars: 1                
# start_time = Feb 21 2018 07:08:59 [Instrument's time stamp, header]
# bad_flag = -9.990e-29
*END*
      1.000   0.520167     0.7494 2.9108e+00     -0.712     9.2095  1004.2018     5.3121      1.019          1 0.0000e+00
      2.000   0.520147     0.7481 1.6964e+00      0.315     9.2451  1004.2066     5.3121      2.039          7 0.0000e+00
      3.000   0.520191     0.7501 1.0511e+00      0.723     9.2527  1004.2117     5.3121      3.059          7 0.0000e+00
      4.000   0.520219     0.7510 7.7567e-01      0.476     9.2435  1004.2168     5.3122      4.079          8 0.0000e+00
      5.000   0.520188     0.7486 4.8729e-01      0.626     9.2559  1004.2217     5.3121      5.098          7 0.0000e+00
      6.000   0.520162     0.7467 3.8382e-01      0.424     9.2557  1004.2266     5.3120      6.118          9 0.0000e+00
      7.000   0.520182     0.7473 2.7917e-01      0.549     9.2568  1004.2316     5.3121      7.138          8 0.0000e+00
      8.000   0.520199     0.7478 2.2569e-01      0.415     9.2523  1004.2366     5.3120      8.158          8 0.0000e+00
      9.000   0.520194     0.7472 1.6877e-01      0.552     9.2439  1004.2416     5.3120      9.178          8 0.0000e+00
     10.000   0.520327     0.7533 1.3871e-01      0.490     9.2587  1004.2470     5.3123     10.197          7 0.0000e+00
     11.000   0.520374     0.7557 1.1105e-01      0.613     9.2679  1004.2521     5.3123     11.217          7 0.0000e+00
     12.000   0.520396     0.7563 9.6148e-02      0.572     9.2468  1004.2571     5.3123     12.237          7 0.0000e+00
     13.000   0.520426     0.7578 8.3009e-02      0.593     9.2580  1004.2621     5.3123     13.256          6 0.0000e+00
     14.000   0.520445     0.7590 7.4864e-02      0.598     9.2492  1004.2671     5.3121     14.276          7 0.0000e+00
     15.000   0.520482     0.7604 6.8870e-02      0.577     9.2589  1004.2722     5.3122     15.296          7 0.0000e+00
     16.000   0.520505     0.7618 6.4429e-02      0.606     9.2495  1004.2772     5.3121     16.315          6 0.0000e+00
     17.000   0.520559     0.7644 6.0854e-02      0.705     9.2629  1004.2823     5.3121     17.335          5 0.0000e+00
     18.000   0.520586     0.7658 5.8125e-02      0.778     9.2453  1004.2873     5.3121     18.355          5 0.0000e+00
     19.000   0.520604     0.7662 5.6314e-02      0.737     9.2503  1004.2923     5.3121     19.374          6 0.0000e+00
     20.000   0.520585     0.7650 5.4719e-02      0.744     9.2537  1004.2972     5.3120     20.394          5 0.0000e+00
     21.000   0.520571     0.7638 5.3527e-02      0.798     9.2499  1004.3022     5.3119     21.414          5 0.0000e+00
     22.000   0.520550     0.7621 5.2623e-02      0.730     9.2591  1004.3071     5.3119     22.434          6 0.0000e+00
     23.000   0.520626     0.7659 5.1960e-02      0.698     9.2577  1004.3122     5.3119     23.454          5 0.0000e+00
     24.000   0.520967     0.7830 5.1357e-02      0.769     9.2440  1004.3184     5.3126     24.473          6 0.0000e+00
     25.000   0.521505     0.8096 5.0892e-02      0.733     9.2312  1004.3251     5.3138     25.493          5 0.0000e+00
     26.000   0.521806     0.8251 5.0494e-02      0.732     9.2307  1004.3311     5.3143     26.513          6 0.0000e+00
     27.000   0.522100     0.8380 5.0219e-02      0.750     9.2293  1004.3372     5.3151     27.532          5 0.0000e+00
     28.000   0.522503     0.8549 4.9952e-02      0.752     9.2273  1004.3438     5.3165     28.552          5 0.0000e+00
     29.000   0.523216     0.8828 4.9767e-02      0.729     9.2070  1004.3520     5.3193     29.572          6 0.0000e+00
     30.000   0.524189     0.9197 4.9613e-02      0.750     9.1960  1004.3614     5.3234     30.592          5 0.0000e+00
     31.000   0.525538     0.9700 4.9468e-02      0.776     9.1526  1004.3726     5.3293     31.611          5 0.0000e+00
     32.000   0.528309     1.0597 4.9342e-02      0.778     9.1381  1004.3918     5.3437     32.631          5 0.0000e+00
     33.000   0.531094     1.1535 4.9267e-02      0.811     9.1045  1004.4105     5.3574     33.650          5 0.0000e+00
     34.000   0.535287     1.2923 4.9187e-02      0.838     9.0245  1004.4359     5.3784     34.670          4 0.0000e+00
     35.000   0.540440     1.4564 4.9119e-02      0.865     8.9437  1004.4661     5.4052     35.690          5 0.0000e+00
     36.000   0.543644     1.5576 4.9043e-02      0.839     8.9298  1004.4864     5.4217     36.710          5 0.0000e+00
     37.000   0.544198     1.5830 4.8977e-02      0.817     8.9067  1004.4930     5.4231     37.729          5 0.0000e+00
     38.000   0.544916     1.6086 4.8970e-02      0.865     8.8910  1004.5009     5.4262     38.749          4 0.0000e+00
     39.000   0.546064     1.6339 4.8918e-02      0.838     8.8991  1004.5126     5.4339     39.769          5 0.0000e+00
     40.000   0.546113     1.6284 4.8910e-02      0.828     8.9027  1004.5185     5.4353     40.789          5 0.0000e+00
     41.000   0.546282     1.6318 4.8859e-02      0.874     8.9050  1004.5245     5.4364     41.808          5 0.0000e+00
     42.000   0.546569     1.6405 4.8803e-02      0.818     8.9041  1004.5307     5.4378     42.828          5 0.0000e+00
     43.000   0.546899     1.6524 4.8727e-02      0.811     8.8833  1004.5370     5.4392     43.848          4 0.0000e+00
     44.000   0.547743     1.6767 4.8773e-02      0.865     8.8693  1004.5461     5.4438     44.867          5 0.0000e+00
     45.000   0.549327     1.7252 4.8734e-02      0.784     8.8176  1004.5585     5.4520     45.887          5 0.0000e+00
     46.000   0.551558     1.8044 4.8697e-02      0.789     8.7674  1004.5726     5.4618     46.907          5 0.0000e+00
     47.000   0.553198     1.8611 4.8629e-02      0.853     8.7165  1004.5842     5.4692     47.927          5 0.0000e+00
     48.000   0.554216     1.8882 4.8671e-02      0.813     8.7208  1004.5944     5.4752     48.947          5 0.0000e+00
     49.000   0.554876     1.8876 4.8592e-02      0.837     8.7337  1004.6049     5.4821     49.966          4 0.0000e+00
     50.000   0.555517     1.8993 4.8616e-02      0.873     8.6963  1004.6137     5.4868     50.986          5 0.0000e+00
     51.000   0.557449     1.9762 4.8588e-02      0.849     8.6598  1004.6252     5.4936     52.006          5 0.0000e+00
     52.000   0.558813     2.0321 4.8547e-02      0.801     8.6185  1004.6343     5.4981     53.025          5 0.0000e+00
     53.000   0.559756     2.0651 4.8495e-02      0.810     8.6165  1004.6429     5.5022     54.045          5 0.0000e+00
     54.000   0.560234     2.0706 4.8478e-02      0.826     8.6050  1004.6511     5.5061     55.065          5 0.0000e+00
     55.000   0.561136     2.0857 4.8451e-02      0.787     8.5679  1004.6616     5.5128     56.085          5 0.0000e+00
     56.000   0.562814     2.1261 4.8416e-02      0.805     8.5519  1004.6753     5.5233     57.104          5 0.0000e+00
     57.000   0.563394     2.1324 4.8381e-02      0.802     8.5405  1004.6843     5.5282     58.124          5 0.0000e+00
     58.000   0.563962     2.1492 4.8426e-02      0.774     8.4738  1004.6917     5.5311     59.144          5 0.0000e+00
     59.000   0.565256     2.1955 4.8348e-02      0.805     8.5112  1004.7013     5.5365     60.163          5 0.0000e+00
     60.000   0.567618     2.2843 4.8306e-02      0.823     8.3928  1004.7141     5.5455     61.183          5 0.0000e+00
     61.000   0.571461     2.4298 4.8307e-02      0.797     8.3105  1004.7314     5.5601     62.203          5 0.0000e+00
     62.000   0.573739     2.5266 4.8296e-02      0.797     8.2576  1004.7420     5.5667     63.222          5 0.0000e+00
     63.000   0.575441     2.5943 4.8267e-02      0.821     8.2000  1004.7516     5.5724     64.242          5 0.0000e+00
     64.000   0.578565     2.6988 4.8148e-02      0.820     8.0751  1004.7677     5.5863     65.262          5 0.0000e+00
     65.000   0.583429     2.8411 4.8173e-02      0.785     7.9547  1004.7925     5.6114     66.282          5 0.0000e+00
     66.000   0.587044     2.9302 4.8155e-02      0.799     7.8584  1004.8142     5.6329     67.302          5 0.0000e+00
     67.000   0.589532     2.9812 4.8142e-02      0.846     7.7722  1004.8320     5.6493     68.321          4 0.0000e+00
     68.000   0.592117     3.0328 4.8119e-02      0.821     7.6561  1004.8505     5.6667     69.341          5 0.0000e+00
     69.000   0.596789     3.1206 4.8088e-02      0.793     7.4830  1004.8805     5.6988     70.360          5 0.0000e+00
     70.000   0.602635     3.2438 4.8090e-02      0.828     7.2840  1004.9144     5.7365     71.380          5 0.0000e+00
     71.000   0.609481     3.4061 4.8031e-02      0.810     7.0055  1004.9498     5.7771     72.400          5 0.0000e+00
     72.000   0.617681     3.5921 4.8006e-02      0.796     6.8041  1004.9917     5.8268     73.419          5 0.0000e+00
     73.000   0.621949     3.6844 4.7941e-02      0.819     6.7143  1005.0161     5.8531     74.439          5 0.0000e+00
     74.000   0.623729     3.7228 4.7958e-02      0.826     6.6595  1005.0290     5.8640     75.459          5 0.0000e+00
     75.000   0.625099     3.7454 4.7883e-02      0.823     6.5953  1005.0411     5.8736     76.479          5 0.0000e+00
     76.000   0.626839     3.7669 4.7892e-02      0.794     6.4781  1005.0564     5.8871     77.499          5 0.0000e+00
     77.000   0.629248     3.7932 4.7958e-02      0.830     6.3928  1005.0762     5.9065     78.518          4 0.0000e+00
     78.000   0.630512     3.8092 4.7876e-02      0.868     6.3417  1005.0885     5.9162     79.537          5 0.0000e+00
     79.000   0.631023     3.8168 4.7825e-02      0.769     6.3366  1005.0961     5.9199     80.558          5 0.0000e+00
     80.000   0.631006     3.8186 4.7797e-02      0.779     6.3379  1005.1005     5.9192     81.578          5 0.0000e+00
     81.000   0.631119     3.8214 4.7828e-02      0.874     6.3244  1005.1058     5.9198     82.597          5 0.0000e+00
     82.000   0.631481     3.8264 4.7740e-02      0.801     6.2913  1005.1127     5.9224     83.617          6 0.0000e+00
     83.000   0.632106     3.8335 4.7756e-02      0.704     6.2717  1005.1213     5.9272     84.636          6 0.0000e+00
     84.000   0.631667     3.8358 4.7450e-02      0.229     6.2805  1005.1222     5.9224     85.656          7 0.0000e+00
     85.000   0.631577     3.8361 4.7418e-02      0.707     6.2723  1005.1263     5.9213     86.676          6 0.0000e+00
