ctdpy/exports/archive_20191121_115250/received_data/c14_v24_18.cnv
* Sea-Bird SBE19plus Data File:
* FileName = C:\CTD\CTD 2018\v24\C14_v24_18.hex
* Software Version 1.59
* Temperature SN =  4644
* Conductivity SN =  4644
* System UpLoad Time = Jun 12 2018 08:29:07
** C14 2018K13 v24
* ds
# nquan = 11
# nvalues = 87                          
# units = specified
# name 0 = prdM: Pressure, Strain Gauge [db]
# name 1 = c0S/m: Conductivity [S/m]
# name 2 = tv290C: Temperature [ITS-90, deg C]
# name 3 = par: PAR/Irradiance, Biospherical/Licor
# name 4 = dz/dtM: Descent Rate [m/s]
# name 5 = sbeox0ML/L: Oxygen, SBE 43 [ml/l]
# name 6 = density00: Density [density, kg/m^3]
# name 7 = sal00: Salinity, Practical [PSU]
# name 8 = depFM: Depth [fresh water, m], lat = 0
# name 9 = nbin: number of scans per bin
# name 10 = flag: flag
# span 0 =      1.000,     87.000       
# span 1 =   0.544655,   0.670954       
# span 2 =     1.2245,    11.0977       
# span 3 = 5.8542e-01, 9.2890e+02       
# span 4 =     -0.247,      0.947       
# span 5 =     4.1503,     9.1921       
# span 6 =  1003.6013,  1005.2761       
# span 7 =     5.1329,     6.0941       
# span 8 =      1.020,     88.715       
# span 9 =          3,         17       
# span 10 = 0.0000e+00, 0.0000e+00      
# interval = decibars: 1                
# start_time = Jun 12 2018 08:02:12 [Instrument's time stamp, header]
# bad_flag = -9.990e-29
*END*
      1.000   0.670954    11.0977 9.2890e+02      0.004     7.9514  1003.6013     5.1335      1.020         11 0.0000e+00
      2.000   0.670643    11.0764 7.1174e+02      0.304     8.0044  1003.6087     5.1338      2.039          7 0.0000e+00
      3.000   0.670631    11.0771 3.3845e+02      0.786     7.9941  1003.6131     5.1335      3.059          6 0.0000e+00
      4.000   0.670635    11.0788 2.4609e+02      0.683     8.0583  1003.6174     5.1333      4.079          5 0.0000e+00
      5.000   0.670609    11.0793 1.8157e+02      0.740     8.0001  1003.6218     5.1329      5.099          6 0.0000e+00
      6.000   0.670633    11.0800 1.1438e+02      0.737     7.8932  1003.6264     5.1329      6.118          5 0.0000e+00
      7.000   0.670625    11.0776 9.0943e+01      0.725     8.0450  1003.6316     5.1331      7.138          6 0.0000e+00
      8.000   0.670545    11.0682 6.5635e+01      0.658     8.1587  1003.6379     5.1337      8.158          6 0.0000e+00
      9.000   0.670223    11.0205 4.4271e+01      0.734     8.1969  1003.6511     5.1376      9.177          5 0.0000e+00
     10.000   0.668947    10.8263 3.4099e+01      0.772     8.2801  1003.6907     5.1541     10.197          5 0.0000e+00
     11.000   0.663800    10.2073 2.5065e+01      0.741     8.3016  1003.7970     5.1986     11.217          5 0.0000e+00
     12.000   0.655422     9.4876 1.8424e+01      0.776     8.2338  1003.8992     5.2312     12.237          6 0.0000e+00
     13.000   0.650604     9.1223 1.3108e+01      0.776     8.3849  1003.9473     5.2430     13.256          5 0.0000e+00
     14.000   0.648950     8.9838 9.9603e+00      0.730     8.3023  1003.9693     5.2489     14.276          5 0.0000e+00
     15.000   0.648499     8.9020 7.0577e+00      0.787     8.2061  1003.9875     5.2570     15.296          5 0.0000e+00
     16.000   0.648568     8.8277 5.1674e+00      0.755     8.3750  1004.0078     5.2685     16.315          6 0.0000e+00
     17.000   0.648387     8.7727 3.9852e+00      0.696     8.3593  1004.0224     5.2749     17.335          5 0.0000e+00
     18.000   0.648204     8.7053 2.9325e+00      0.814     8.2811  1004.0395     5.2833     18.355          5 0.0000e+00
     19.000   0.648088     8.6374 2.1570e+00      0.839     8.3306  1004.0571     5.2923     19.375          5 0.0000e+00
     20.000   0.647520     8.5710 1.6719e+00      0.738     8.3644  1004.0712     5.2971     20.394          6 0.0000e+00
     21.000   0.644875     8.4176 1.2980e+00      0.679     8.4037  1004.0884     5.2968     21.414          5 0.0000e+00
     22.000   0.639539     8.1979 9.6827e-01      0.714     8.4674  1004.0997     5.2826     22.434          6 0.0000e+00
     23.000   0.636663     8.0300 7.2322e-01      0.776     8.6425  1004.1172     5.2822     23.454          5 0.0000e+00
     24.000   0.633013     7.7803 6.0749e-01      0.719     8.6230  1004.1446     5.2872     24.473          6 0.0000e+00
     25.000   0.626231     7.2873 7.4113e-01      0.788     8.4182  1004.1945     5.3010     25.493          6 0.0000e+00
     26.000   0.626651     7.0300 9.4191e-01      0.495     8.4613  1004.2502     5.3443     26.513          9 0.0000e+00
     27.000   0.613477     6.2041 5.6652e+00      0.337     8.8759  1004.3076     5.3514     27.532          7 0.0000e+00
     28.000   0.593561     5.1529 8.4394e+00      0.673     9.1860  1004.3411     5.3293     28.552          6 0.0000e+00
     29.000   0.581518     4.4650 9.1798e+00      0.767     9.1921  1004.3621     5.3228     29.572          5 0.0000e+00
     30.000   0.574545     3.9996 9.0010e+00      0.876     9.1598  1004.3831     5.3295     30.592          4 0.0000e+00
     31.000   0.570749     3.6642 8.6964e+00      0.887     9.1339  1004.4070     5.3465     31.611          5 0.0000e+00
     32.000   0.566487     3.3284 8.2315e+00      0.817     9.1637  1004.4256     5.3589     32.631          5 0.0000e+00
     33.000   0.562701     3.0101 7.3898e+00      0.803     9.1011  1004.4440     5.3734     33.650          5 0.0000e+00
     34.000   0.558736     2.7038 6.6454e+00      0.805     9.1062  1004.4579     5.3841     34.670          5 0.0000e+00
     35.000   0.555979     2.4671 5.7782e+00      0.810     9.1058  1004.4714     5.3955     35.690          5 0.0000e+00
     36.000   0.553553     2.2510 5.0960e+00      0.792     9.0299  1004.4840     5.4069     36.710          5 0.0000e+00
     37.000   0.549477     1.9243 4.4648e+00      0.797     9.0434  1004.4960     5.4201     37.729          5 0.0000e+00
     38.000   0.546450     1.6567 3.8461e+00      0.796     8.9352  1004.5082     5.4342     38.749          5 0.0000e+00
     39.000   0.544655     1.4770 3.4023e+00      0.847     8.7279  1004.5194     5.4462     39.769          5 0.0000e+00
     40.000   0.545010     1.3790 3.0295e+00      0.814     8.7489  1004.5390     5.4670     40.789          5 0.0000e+00
     41.000   0.545208     1.3364 2.4622e+00      0.704     8.8250  1004.5507     5.4765     41.808          5 0.0000e+00
     42.000   0.545285     1.3112 3.1840e+00      0.835     8.7126  1004.5593     5.4817     42.828          5 0.0000e+00
     43.000   0.546164     1.2747 1.8659e+00      0.876     8.6847  1004.5761     5.4975     43.848          5 0.0000e+00
     44.000   0.546935     1.2410 1.4006e+00      0.739     8.7547  1004.5917     5.5116     44.868          5 0.0000e+00
     45.000   0.547183     1.2275 9.7498e-01      0.794     8.6888  1004.6003     5.5166     45.887          5 0.0000e+00
     46.000   0.548093     1.2245 8.2345e-01      0.887     8.6117  1004.6135     5.5268     46.907          5 0.0000e+00
     47.000   0.549322     1.2345 1.0344e+00      0.772     8.6537  1004.6278     5.5382     47.927          5 0.0000e+00
     48.000   0.549842     1.2408 1.7523e+00      0.703     8.5908  1004.6364     5.5425     48.946          5 0.0000e+00
     49.000   0.550229     1.2329 2.4523e+00      0.799     8.4857  1004.6457     5.5480     49.966          5 0.0000e+00
     50.000   0.551225     1.2359 3.1312e+00      0.787     8.4915  1004.6588     5.5581     50.986          6 0.0000e+00
     51.000   0.551969     1.2648 2.9010e+00      0.718     8.5313  1004.6667     5.5608     52.005          5 0.0000e+00
     52.000   0.552863     1.3159 5.7304e+00      0.720     8.5491  1004.6732     5.5612     53.025          5 0.0000e+00
     53.000   0.554136     1.3739 6.2748e+00      0.819     8.4686  1004.6819     5.5644     54.045          5 0.0000e+00
     54.000   0.556158     1.4414 5.5834e+00      0.858     8.3919  1004.6960     5.5739     55.065          5 0.0000e+00
     55.000   0.557254     1.4664 5.1658e+00      0.693     8.4148  1004.7072     5.5811     56.084          6 0.0000e+00
     56.000   0.558721     1.5308 4.9213e+00      0.722     8.3870  1004.7167     5.5852     57.104          5 0.0000e+00
     57.000   0.560787     1.6055 4.5022e+00      0.827     8.3441  1004.7299     5.5937     58.124          5 0.0000e+00
     58.000   0.563846     1.7255 4.2361e+00      0.783     8.2461  1004.7457     5.6048     59.143          5 0.0000e+00
     59.000   0.567439     1.8605 4.0690e+00      0.785     8.1237  1004.7637     5.6187     60.163          5 0.0000e+00
     60.000   0.571852     2.0168 3.9118e+00      0.784     7.9235  1004.7854     5.6373     61.183          5 0.0000e+00
     61.000   0.576727     2.1580 3.6964e+00      0.823     7.6879  1004.8125     5.6632     62.203          5 0.0000e+00
     62.000   0.579344     2.2334 3.5105e+00      0.802     7.5715  1004.8290     5.6770     63.222          5 0.0000e+00
     63.000   0.581559     2.3145 3.4955e+00      0.747     7.5326  1004.8413     5.6856     64.242          5 0.0000e+00
     64.000   0.585837     2.4501 3.3504e+00      0.831     7.4797  1004.8630     5.7058     65.262          5 0.0000e+00
     65.000   0.591185     2.6106 3.1122e+00      0.895     7.3556  1004.8895     5.7325     66.281          5 0.0000e+00
     66.000   0.596450     2.7484 2.7548e+00      0.829     7.1265  1004.9181     5.7621     67.301          4 0.0000e+00
     67.000   0.600638     2.8463 2.4703e+00      0.803     6.9197  1004.9431     5.7876     68.321          5 0.0000e+00
     68.000   0.605558     2.9548 2.1943e+00      0.892     6.7733  1004.9722     5.8185     69.341          4 0.0000e+00
     69.000   0.612727     3.1100 1.9827e+00      0.909     6.6061  1005.0122     5.8638     70.360          5 0.0000e+00
     70.000   0.619798     3.2574 1.8311e+00      0.903     6.4238  1005.0519     5.9091     71.380          4 0.0000e+00
     71.000   0.623835     3.3357 1.7079e+00      0.877     6.2692  1005.0772     5.9358     72.400          5 0.0000e+00
     72.000   0.627143     3.3936 1.5990e+00      0.810     6.1002  1005.0997     5.9588     73.419          5 0.0000e+00
     73.000   0.630643     3.4510 1.5051e+00      0.832     5.9671  1005.1236     5.9836     74.439          4 0.0000e+00
     74.000   0.633190     3.4901 1.4097e+00      0.947     5.9000  1005.1427     6.0022     75.459          5 0.0000e+00
     75.000   0.634067     3.5022 1.3613e+00      0.852     5.8708  1005.1527     6.0087     76.479          6 0.0000e+00
     76.000   0.635543     3.5305 1.3812e+00      0.446     5.7923  1005.1648     6.0183     77.498         11 0.0000e+00
     77.000   0.637438     3.5715 1.3997e+00      0.390     5.6525  1005.1782     6.0298     78.518          9 0.0000e+00
     78.000   0.637256     3.5833 1.1865e+00      0.397     5.4073  1005.1796     6.0257     79.538         13 0.0000e+00
     79.000   0.639329     3.6011 1.0529e+00      0.304     5.4797  1005.1982     6.0433     80.558         10 0.0000e+00
     80.000   0.641143     3.6286 7.9394e-01      0.230     5.4344  1005.2131     6.0564     81.577         17 0.0000e+00
     81.000   0.642491     3.6445 5.8542e-01      0.338     5.3111  1005.2261     6.0670     82.597         12 0.0000e+00
     82.000   0.643271     3.6630 6.0770e-01      0.125     5.2036  1005.2341     6.0713     83.617         13 0.0000e+00
     83.000   0.644894     3.6719 8.6030e-01      0.373     4.9947  1005.2505     6.0859     84.637          9 0.0000e+00
     84.000   0.645154     3.6845 1.4842e+00      0.280     4.9656  1005.2553     6.0861     85.656         12 0.0000e+00
     85.000   0.645480     3.6791 2.2198e+00      0.235     4.8681  1005.2637     6.0903     86.676         13 0.0000e+00
     86.000   0.645713     3.6779 2.7560e+00      0.525     4.8718  1005.2706     6.0927     87.696          9 0.0000e+00
     87.000   0.646126     3.6929 5.7996e+00     -0.247     4.1503  1005.2761     6.0941     88.715          3 0.0000e+00
