ctdpy/exports/archive_20191121_115250/received_data/c14_v28_18.cnv
* Sea-Bird SBE19plus Data File:
* FileName = C:\CTD\CTD 2018\v28\C14_v28_18.hex
* Software Version 1.59
* Temperature SN =  4644
* Conductivity SN =  4644
* System UpLoad Time = Jul 10 2018 08:43:26
** C14_v28_18
* ds
# nquan = 11
# nvalues = 87                          
# units = specified
# name 0 = prdM: Pressure, Strain Gauge [db]
# name 1 = c0S/m: Conductivity [S/m]
# name 2 = tv290C: Temperature [ITS-90, deg C]
# name 3 = par: PAR/Irradiance, Biospherical/Licor
# name 4 = dz/dtM: Descent Rate [m/s]
# name 5 = sbeox0ML/L: Oxygen, SBE 43 [ml/l]
# name 6 = density00: Density [density, kg/m^3]
# name 7 = sal00: Salinity, Practical [PSU]
# name 8 = depFM: Depth [fresh water, m], lat = 0
# name 9 = nbin: number of scans per bin
# name 10 = flag: flag
# span 0 =      1.000,     87.000       
# span 1 =   0.559083,   0.707442       
# span 2 =     1.9303,    13.3119       
# span 3 = 1.0858e-01, 6.7953e+02       
# span 4 =     -0.012,      0.957       
# span 5 =     4.5018,     8.8530       
# span 6 =  1003.3228,  1005.2958       
# span 7 =     5.1218,     6.1177       
# span 8 =      1.020,     88.715       
# span 9 =          4,         19       
# span 10 = 0.0000e+00, 0.0000e+00      
# interval = decibars: 1                
# start_time = Jul 10 2018 08:13:17 [Instrument's time stamp, header]
# bad_flag = -9.990e-29
*END*
      1.000   0.706341    13.2099 6.7953e+02     -0.012     7.6744  1003.3258     5.1283      1.020          6 0.0000e+00
      2.000   0.706736    13.2510 5.9188e+02      0.222     7.6872  1003.3228     5.1258      2.039         15 0.0000e+00
      3.000   0.706675    13.2482 4.6353e+02      0.315     7.7082  1003.3277     5.1256      3.059          6 0.0000e+00
      4.000   0.706763    13.2631 2.0978e+02      0.874     7.7064  1003.3292     5.1243      4.079          5 0.0000e+00
      5.000   0.707442    13.3119 1.4618e+02      0.879     7.6924  1003.3259     5.1230      5.099          5 0.0000e+00
      6.000   0.707273    13.3104 1.0779e+02      0.877     7.6564  1003.3299     5.1218      6.118          4 0.0000e+00
      7.000   0.705914    13.2224 7.6014e+01      0.903     7.6270  1003.3479     5.1229      7.138          5 0.0000e+00
      8.000   0.704337    13.0629 5.6717e+01      0.885     7.6092  1003.3819     5.1319      8.158          4 0.0000e+00
      9.000   0.704498    12.9736 3.8993e+01      0.899     7.5757  1003.4092     5.1451      9.177          5 0.0000e+00
     10.000   0.705177    12.9398 2.8105e+01      0.933     7.5511  1003.4261     5.1549     10.197          4 0.0000e+00
     11.000   0.705674    12.8307 2.0252e+01      0.942     7.5873  1003.4602     5.1735     11.217          4 0.0000e+00
     12.000   0.704631    12.4890 1.3822e+01      0.913     7.7287  1003.5406     5.2119     12.237          5 0.0000e+00
     13.000   0.700029    11.9267 9.9428e+00      0.840     7.7683  1003.6501     5.2531     13.256          5 0.0000e+00
     14.000   0.697114    11.5820 7.8077e+00      0.727     7.7467  1003.7170     5.2780     14.276          6 0.0000e+00
     15.000   0.696198    11.4633 6.2068e+00      0.769     7.7054  1003.7433     5.2873     15.296          5 0.0000e+00
     16.000   0.696037    11.4253 4.7866e+00      0.695     7.6834  1003.7557     5.2913     16.315          6 0.0000e+00
     17.000   0.695083    11.3349 3.6130e+00      0.631     7.6884  1003.7751     5.2963     17.335          6 0.0000e+00
     18.000   0.693731    11.2228 2.7937e+00      0.671     7.6737  1003.7969     5.3012     18.355          6 0.0000e+00
     19.000   0.693580    11.1871 2.1458e+00      0.694     7.6616  1003.8088     5.3050     19.375          6 0.0000e+00
     20.000   0.693674    11.1116 1.6306e+00      0.669     7.6836  1003.8312     5.3165     20.394          6 0.0000e+00
     21.000   0.693979    10.9861 1.2664e+00      0.669     7.7036  1003.8664     5.3370     21.414          6 0.0000e+00
     22.000   0.692726    10.8344 1.0195e+00      0.671     7.7338  1003.8974     5.3486     22.434          6 0.0000e+00
     23.000   0.691377    10.6891 8.2535e-01      0.688     7.7562  1003.9261     5.3584     23.454          6 0.0000e+00
     24.000   0.689402    10.5164 6.7187e-01      0.694     7.7540  1003.9567     5.3671     24.473          5 0.0000e+00
     25.000   0.687150    10.3382 5.4425e-01      0.704     7.7616  1003.9863     5.3744     25.493          6 0.0000e+00
     26.000   0.683316    10.0828 4.4211e-01      0.777     7.7559  1004.0221     5.3797     26.513          5 0.0000e+00
     27.000   0.677981     9.7790 3.6727e-01      0.780     7.7469  1004.0576     5.3794     27.532          5 0.0000e+00
     28.000   0.669739     9.3859 3.0931e-01      0.756     7.8001  1004.0913     5.3675     28.552          5 0.0000e+00
     29.000   0.659251     8.8700 2.6185e-01      0.792     7.8686  1004.1328     5.3540     29.572          5 0.0000e+00
     30.000   0.651147     8.4037 2.3125e-01      0.788     7.9767  1004.1768     5.3533     30.592          5 0.0000e+00
     31.000   0.643888     7.9201 2.0631e-01      0.784     8.1130  1004.2268     5.3625     31.611          5 0.0000e+00
     32.000   0.636027     7.4200 1.8830e-01      0.787     8.1012  1004.2724     5.3687     32.631          6 0.0000e+00
     33.000   0.628695     6.9702 1.7256e-01      0.769     8.3015  1004.3089     5.3717     33.651          5 0.0000e+00
     34.000   0.612049     6.0824 1.6057e-01      0.774     8.5963  1004.3508     5.3564     34.670          5 0.0000e+00
     35.000   0.589861     4.9215 1.5109e-01      0.791     8.6943  1004.3829     5.3298     35.690          5 0.0000e+00
     36.000   0.576585     4.1639 1.4377e-01      0.795     8.7578  1004.4031     5.3224     36.710          5 0.0000e+00
     37.000   0.569693     3.6715 1.3792e-01      0.803     8.7674  1004.4263     5.3341     37.729          5 0.0000e+00
     38.000   0.566480     3.3471 1.3364e-01      0.811     8.7209  1004.4519     5.3552     38.749          5 0.0000e+00
     39.000   0.564362     3.0956 1.3004e-01      0.817     8.8142  1004.4748     5.3754     39.769          5 0.0000e+00
     40.000   0.560302     2.7457 1.2765e-01      0.795     8.8530  1004.4942     5.3925     40.789          5 0.0000e+00
     41.000   0.559083     2.5671 1.2509e-01      0.798     8.7364  1004.5130     5.4101     41.809          5 0.0000e+00
     42.000   0.562567     2.6463 1.2338e-01      0.812     8.6372  1004.5361     5.4325     42.828          5 0.0000e+00
     43.000   0.566205     2.7558 1.2187e-01      0.790     8.5789  1004.5561     5.4512     43.848          5 0.0000e+00
     44.000   0.568916     2.8310 1.2032e-01      0.772     8.5408  1004.5729     5.4662     44.867          5 0.0000e+00
     45.000   0.570482     2.8585 1.1970e-01      0.773     8.4564  1004.5868     5.4775     45.887          5 0.0000e+00
     46.000   0.572439     2.8957 1.1854e-01      0.755     8.4527  1004.6025     5.4911     46.907          5 0.0000e+00
     47.000   0.572381     2.8644 1.1766e-01      0.768     8.3523  1004.6113     5.4958     47.927          6 0.0000e+00
     48.000   0.574303     2.9222 1.1715e-01      0.756     8.2996  1004.6238     5.5054     48.946          5 0.0000e+00
     49.000   0.574775     2.9206 1.1648e-01      0.774     8.2732  1004.6327     5.5105     49.966          5 0.0000e+00
     50.000   0.574153     2.8640 1.1611e-01      0.793     8.2603  1004.6404     5.5137     50.986          5 0.0000e+00
     51.000   0.572710     2.7611 1.1557e-01      0.775     8.2778  1004.6477     5.5165     52.006          5 0.0000e+00
     52.000   0.571897     2.6804 1.1482e-01      0.769     8.2341  1004.6571     5.5219     53.025          6 0.0000e+00
     53.000   0.572501     2.6688 1.1514e-01      0.778     8.2335  1004.6685     5.5301     54.045          5 0.0000e+00
     54.000   0.571894     2.6118 1.1477e-01      0.775     8.2467  1004.6762     5.5336     55.065          5 0.0000e+00
     55.000   0.570953     2.5382 1.1437e-01      0.772     8.3173  1004.6833     5.5365     56.084          5 0.0000e+00
     56.000   0.569355     2.4398 1.1435e-01      0.776     8.2839  1004.6883     5.5369     57.104          5 0.0000e+00
     57.000   0.570185     2.4419 1.1387e-01      0.784     8.2199  1004.6998     5.5451     58.124          5 0.0000e+00
     58.000   0.568388     2.3033 1.1400e-01      0.768     8.1811  1004.7083     5.5505     59.143          5 0.0000e+00
     59.000   0.565941     2.1060 1.1376e-01      0.780     8.1505  1004.7188     5.5593     60.163          6 0.0000e+00
     60.000   0.564680     1.9706 1.1322e-01      0.784     7.9927  1004.7308     5.5699     61.183          5 0.0000e+00
     61.000   0.565633     1.9303 1.1324e-01      0.770     7.7997  1004.7491     5.5870     62.203          5 0.0000e+00
     62.000   0.567342     1.9386 1.1305e-01      0.774     7.6109  1004.7673     5.6034     63.222          5 0.0000e+00
     63.000   0.570692     2.0242 1.1344e-01      0.780     7.2696  1004.7892     5.6234     64.242          5 0.0000e+00
     64.000   0.577741     2.2157 1.1297e-01      0.772     6.6994  1004.8277     5.6632     65.262          5 0.0000e+00
     65.000   0.588676     2.4698 1.1265e-01      0.778     6.1491  1004.8888     5.7318     66.281          5 0.0000e+00
     66.000   0.596087     2.6444 1.1279e-01      0.796     5.9679  1004.9302     5.7772     67.302          5 0.0000e+00
     67.000   0.598453     2.7016 1.1337e-01      0.799     5.9034  1004.9463     5.7912     68.321          5 0.0000e+00
     68.000   0.600564     2.7538 1.1270e-01      0.797     5.6958  1004.9610     5.8035     69.341          5 0.0000e+00
     69.000   0.604615     2.8501 1.1229e-01      0.806     5.3738  1004.9849     5.8277     70.360          5 0.0000e+00
     70.000   0.610429     2.9661 1.1229e-01      0.829     5.2572  1005.0202     5.8664     71.380          5 0.0000e+00
     71.000   0.614991     3.0434 1.1251e-01      0.824     5.3576  1005.0506     5.8990     72.400          5 0.0000e+00
     72.000   0.621868     3.1636 1.1209e-01      0.815     5.4732  1005.0930     5.9473     73.420          5 0.0000e+00
     73.000   0.628385     3.2857 1.1229e-01      0.816     5.4052  1005.1318     5.9912     74.439          5 0.0000e+00
     74.000   0.632715     3.3737 1.1210e-01      0.836     5.2824  1005.1576     6.0189     75.459          5 0.0000e+00
     75.000   0.636212     3.4423 1.1232e-01      0.828     5.1868  1005.1797     6.0417     76.479          5 0.0000e+00
     76.000   0.638123     3.4817 1.1200e-01      0.742     5.1071  1005.1937     6.0537     77.498          4 0.0000e+00
     77.000   0.639424     3.5072 1.1173e-01      0.852     5.0639  1005.2048     6.0619     78.518          5 0.0000e+00
     78.000   0.640547     3.5280 1.1159e-01      0.922     4.9860  1005.2153     6.0694     79.538          4 0.0000e+00
     79.000   0.641869     3.5512 1.1190e-01      0.950     4.8395  1005.2270     6.0783     80.558          4 0.0000e+00
     80.000   0.644946     3.5936 1.1212e-01      0.957     4.7028  1005.2495     6.1014     81.577          5 0.0000e+00
     81.000   0.646561     3.6174 1.1164e-01      0.919     4.6394  1005.2634     6.1132     82.597          7 0.0000e+00
     82.000   0.646975     3.6321 1.1093e-01      0.312     4.6246  1005.2691     6.1145     83.617          7 0.0000e+00
     83.000   0.647132     3.6397 1.0981e-01      0.201     4.5478  1005.2739     6.1146     84.637         19 0.0000e+00
     84.000   0.647543     3.6450 1.0952e-01      0.233     4.5119  1005.2812     6.1176     85.656         11 0.0000e+00
     85.000   0.647531     3.6433 1.0908e-01      0.496     4.5071  1005.2862     6.1177     86.676          9 0.0000e+00
     86.000   0.647521     3.6426 1.0949e-01      0.389     4.5032  1005.2910     6.1177     87.696         13 0.0000e+00
     87.000   0.647572     3.6451 1.0858e-01      0.212     4.5018  1005.2958     6.1176     88.715          4 0.0000e+00
