ctdpy/exports/archive_20191121_115250/received_data/c14_v17_18.cnv
* Sea-Bird SBE19plus Data File:
* FileName = C:\CTD\CTD 2018\v17\C14_v17_18.hex
* Software Version 1.59
* Temperature SN =  7668
* Conductivity SN =  7668
* System UpLoad Time = Apr 24 2018 08:51:13
** C14 k08 v17 2018
* ds
# nquan = 10
# nvalues = 88                          
# units = specified
# name 0 = prdM: Pressure, Strain Gauge [db]
# name 1 = c0S/m: Conductivity [S/m]
# name 2 = tv290C: Temperature [ITS-90, deg C]
# name 3 = par: PAR/Irradiance, Biospherical/Licor
# name 4 = dz/dtM: Descent Rate [m/s]
# name 5 = density00: Density [density, kg/m^3]
# name 6 = sal00: Salinity, Practical [PSU]
# name 7 = depFM: Depth [fresh water, m], lat = 0
# name 8 = nbin: number of scans per bin
# name 9 = flag: flag
# span 0 =      1.000,     88.000       
# span 1 =   0.533616,   0.645481       
# span 2 =     0.9207,     3.6559       
# span 3 = -3.048e-05, 5.0298e+01       
# span 4 =      0.312,      1.397       
# span 5 =  1004.2384,  1005.2820       
# span 6 =     5.3292,     6.0943       
# span 7 =      1.020,     89.735       
# span 8 =          3,         12       
# span 9 = 0.0000e+00, 0.0000e+00       
# interval = decibars: 1                
# start_time = Apr 24 2018 08:30:50 [Instrument's time stamp, header]
# bad_flag = -9.990e-29
*END*
      1.000   0.534413     1.5382 5.0298e+01      0.312  1004.2384     5.3304      1.020          9 0.0000e+00
      2.000   0.533961     1.5150 3.2909e+01      0.548  1004.2421     5.3294      2.039          6 0.0000e+00
      3.000   0.533833     1.5072 2.0639e+01      0.781  1004.2468     5.3293      3.059          5 0.0000e+00
      4.000   0.533743     1.5012 1.3605e+01      0.869  1004.2516     5.3292      4.079          4 0.0000e+00
      5.000   0.533652     1.4950 8.8622e+00      0.900  1004.2564     5.3292      5.098          5 0.0000e+00
      6.000   0.533616     1.4917 6.3521e+00      1.010  1004.2614     5.3293      6.118          4 0.0000e+00
      7.000   0.533634     1.4913 4.8747e+00      1.008  1004.2665     5.3294      7.138          3 0.0000e+00
      8.000   0.533704     1.4923 4.3001e+00      0.993  1004.2719     5.3299      8.158          4 0.0000e+00
      9.000   0.533732     1.4939 3.6610e+00      1.095  1004.2768     5.3298      9.178          4 0.0000e+00
     10.000   0.533771     1.4944 2.8002e+00      1.170  1004.2820     5.3300     10.197          3 0.0000e+00
     11.000   0.533816     1.4934 2.3553e+00      1.114  1004.2874     5.3306     11.217          4 0.0000e+00
     12.000   0.533920     1.4921 2.2199e+00      0.967  1004.2933     5.3318     12.237          4 0.0000e+00
     13.000   0.534006     1.4923 2.0103e+00      0.957  1004.2990     5.3326     13.256          4 0.0000e+00
     14.000   0.534039     1.4923 1.6397e+00      1.129  1004.3041     5.3328     14.276          3 0.0000e+00
     15.000   0.534085     1.4924 1.2550e+00      1.241  1004.3094     5.3332     15.296          4 0.0000e+00
     16.000   0.534243     1.4927 9.7654e-01      1.173  1004.3156     5.3347     16.316          3 0.0000e+00
     17.000   0.534787     1.4916 7.5642e-01      1.079  1004.3253     5.3406     17.335          4 0.0000e+00
     18.000   0.536012     1.4814 6.0549e-01      1.099  1004.3419     5.3553     18.355          3 0.0000e+00
     19.000   0.537453     1.4669 4.3899e-01      1.155  1004.3609     5.3731     19.375          4 0.0000e+00
     20.000   0.539342     1.4567 3.3119e-01      1.141  1004.3832     5.3950     20.394          4 0.0000e+00
     21.000   0.541191     1.4491 2.6305e-01      1.062  1004.4049     5.4159     21.414          3 0.0000e+00
     22.000   0.541870     1.4272 2.1508e-01      1.010  1004.4182     5.4269     22.434          4 0.0000e+00
     23.000   0.541748     1.3939 1.5979e-01      1.082  1004.4260     5.4313     23.453          3 0.0000e+00
     24.000   0.541563     1.3657 1.0899e-01      1.210  1004.4326     5.4341     24.473          4 0.0000e+00
     25.000   0.541510     1.3425 5.3131e-02      1.228  1004.4398     5.4375     25.493          3 0.0000e+00
     26.000   0.541496     1.3189 2.4106e-02      1.127  1004.4473     5.4414     26.513          4 0.0000e+00
     27.000   0.541478     1.2923 8.6564e-03      1.051  1004.4551     5.4457     27.532          4 0.0000e+00
     28.000   0.541363     1.2540 8.9538e-04      1.071  1004.4635     5.4511     28.552          3 0.0000e+00
     29.000   0.541159     1.1977 -3.048e-05      1.191  1004.4732     5.4587     29.572          3 0.0000e+00
     30.000   0.540986     1.1394 1.0000e-12      1.281  1004.4833     5.4670     30.592          4 0.0000e+00
     31.000   0.541005     1.0834 1.0000e-12      1.218  1004.4949     5.4770     31.611          3 0.0000e+00
     32.000   0.541637     1.0696 1.0000e-12      1.070  1004.5069     5.4861     32.631          4 0.0000e+00
     33.000   0.542616     1.0764 1.0000e-12      1.011  1004.5195     5.4954     33.651          4 0.0000e+00
     34.000   0.542765     1.0428 1.0000e-12      1.065  1004.5296     5.5029     34.670          3 0.0000e+00
     35.000   0.542571     0.9930 1.0000e-12      1.189  1004.5386     5.5095     35.690          3 0.0000e+00
     36.000   0.543899     1.0261 1.0000e-12      1.264  1004.5512     5.5179     36.710          4 0.0000e+00
     37.000   0.545219     1.0661 1.0000e-12      1.191  1004.5630     5.5250     37.730          4 0.0000e+00
     38.000   0.545356     1.0467 1.0000e-12      1.071  1004.5714     5.5298     38.749          3 0.0000e+00
     39.000   0.545279     1.0110 1.0000e-12      1.061  1004.5798     5.5352     39.769          4 0.0000e+00
     40.000   0.545471     0.9876 1.0000e-12      1.145  1004.5891     5.5414     40.789          3 0.0000e+00
     41.000   0.545830     0.9826 1.0000e-12      1.137  1004.5977     5.5461     41.808          4 0.0000e+00
     42.000   0.546209     0.9866 1.0000e-12      1.049  1004.6054     5.5494     42.828          4 0.0000e+00
     43.000   0.546470     0.9868 1.0000e-12      1.094  1004.6126     5.5520     43.848          3 0.0000e+00
     44.000   0.546627     0.9815 1.0000e-12      1.226  1004.6195     5.5546     44.868          3 0.0000e+00
     45.000   0.546881     0.9742 1.0000e-12      1.235  1004.6275     5.5586     45.887          4 0.0000e+00
     46.000   0.547654     0.9838 1.0000e-12      1.069  1004.6380     5.5651     46.907          4 0.0000e+00
     47.000   0.548688     1.0058 1.0000e-12      1.001  1004.6494     5.5722     47.927          3 0.0000e+00
     48.000   0.549041     0.9928 1.0000e-12      1.103  1004.6589     5.5783     48.946          4 0.0000e+00
     49.000   0.548441     0.9360 1.0000e-12      1.218  1004.6652     5.5819     49.966          3 0.0000e+00
     50.000   0.548652     0.9207 1.0000e-12      1.248  1004.6737     5.5869     50.986          4 0.0000e+00
     51.000   0.551275     1.0357 1.0000e-12      1.149  1004.6880     5.5945     52.005          3 0.0000e+00
     52.000   0.558682     1.3960 1.0000e-12      1.030  1004.7134     5.6093     53.025          4 0.0000e+00
     53.000   0.567112     1.8040 1.0000e-12      1.063  1004.7390     5.6260     54.045          3 0.0000e+00
     54.000   0.571632     2.0233 1.0000e-12      1.195  1004.7535     5.6344     55.065          3 0.0000e+00
     55.000   0.573764     2.0984 1.0000e-12      1.284  1004.7664     5.6434     56.084          4 0.0000e+00
     56.000   0.572914     2.0203 1.0000e-12      1.228  1004.7745     5.6483     57.104          4 0.0000e+00
     57.000   0.573319     1.9691 1.0000e-12      1.086  1004.7896     5.6617     58.124          3 0.0000e+00
     58.000   0.577125     2.0559 1.0000e-12      0.971  1004.8150     5.6861     59.144          4 0.0000e+00
     59.000   0.581024     2.1736 1.0000e-12      1.005  1004.8367     5.7058     60.163          3 0.0000e+00
     60.000   0.584599     2.2866 1.0000e-12      1.221  1004.8561     5.7228     61.183          4 0.0000e+00
     61.000   0.587823     2.3950 1.0000e-12      1.397  1004.8728     5.7368     62.203          3 0.0000e+00
     62.000   0.592493     2.5347 1.0000e-12      1.222  1004.8967     5.7601     63.223          5 0.0000e+00
     63.000   0.597254     2.6685 1.0000e-12      0.645  1004.9218     5.7852     64.242          5 0.0000e+00
     64.000   0.601767     2.7861 1.0000e-12      0.591  1004.9468     5.8105     65.262          4 0.0000e+00
     65.000   0.606783     2.9104 1.0000e-12      1.144  1004.9744     5.8395     66.281          5 0.0000e+00
     66.000   0.611039     3.0159 1.0000e-12      0.862  1004.9983     5.8640     67.301          6 0.0000e+00
     67.000   0.613772     3.0934 1.0000e-12      0.345  1005.0136     5.8778     68.321          8 0.0000e+00
     68.000   0.620768     3.2756 1.0000e-12      0.636  1005.0472     5.9159     69.340          5 0.0000e+00
     69.000   0.627590     3.4608 1.0000e-12      0.897  1005.0781     5.9513     70.360          5 0.0000e+00
     70.000   0.630204     3.5346 1.0000e-12      0.791  1005.0922     5.9641     71.380          5 0.0000e+00
     71.000   0.631653     3.5614 1.0000e-12      0.768  1005.1043     5.9738     72.400          4 0.0000e+00
     72.000   0.632678     3.5738 1.0000e-12      0.900  1005.1154     5.9817     73.419          5 0.0000e+00
     73.000   0.633190     3.5806 1.0000e-12      0.927  1005.1232     5.9856     74.439          4 0.0000e+00
     74.000   0.633594     3.5857 1.0000e-12      0.906  1005.1305     5.9886     75.459          4 0.0000e+00
     75.000   0.634017     3.5920 1.0000e-12      1.001  1005.1377     5.9916     76.479          4 0.0000e+00
     76.000   0.634466     3.6001 1.0000e-12      1.096  1005.1448     5.9945     77.498          4 0.0000e+00
     77.000   0.634621     3.6036 1.0000e-12      0.945  1005.1502     5.9954     78.518          5 0.0000e+00
     78.000   0.634691     3.6048 1.0000e-12      0.720  1005.1554     5.9957     79.538          5 0.0000e+00
     79.000   0.634976     3.6062 1.0000e-12      0.775  1005.1623     5.9983     80.558          4 0.0000e+00
     80.000   0.635623     3.6081 1.0000e-12      1.037  1005.1720     6.0043     81.577          3 0.0000e+00
     81.000   0.636786     3.6122 1.0000e-12      1.263  1005.1855     6.0152     82.597          4 0.0000e+00
     82.000   0.639111     3.6220 1.0000e-12      1.105  1005.2074     6.0368     83.617          5 0.0000e+00
     83.000   0.641644     3.6355 1.0000e-12      0.624  1005.2304     6.0598     84.636          5 0.0000e+00
     84.000   0.642916     3.6433 1.0000e-12      0.660  1005.2442     6.0711     85.656          5 0.0000e+00
     85.000   0.643209     3.6455 1.0000e-12      1.002  1005.2510     6.0736     86.676          4 0.0000e+00
     86.000   0.643551     3.6474 1.0000e-12      1.185  1005.2582     6.0766     87.695          4 0.0000e+00
     87.000   0.644514     3.6519 1.0000e-12      0.974  1005.2700     6.0853     88.715          5 0.0000e+00
     88.000   0.645481     3.6559 1.0000e-12      0.560  1005.2820     6.0943     89.735         12 0.0000e+00
