ctdpy/exports/archive_20191121_115250/received_data/c24_v33_18.cnv
* Sea-Bird SBE19plus Data File:
* FileName = C:\CTD\CTD 2018\v33\C24_v33_18.hex
* Software Version 1.59
* Temperature SN =  4644
* Conductivity SN =  4644
* System UpLoad Time = Aug 14 2018 06:27:29
** C24_v33_18
* ds
# nquan = 11
# nvalues = 71                          
# units = specified
# name 0 = prdM: Pressure, Strain Gauge [db]
# name 1 = c0S/m: Conductivity [S/m]
# name 2 = tv290C: Temperature [ITS-90, deg C]
# name 3 = par: PAR/Irradiance, Biospherical/Licor
# name 4 = dz/dtM: Descent Rate [m/s]
# name 5 = sbeox0ML/L: Oxygen, SBE 43 [ml/l]
# name 6 = density00: Density [density, kg/m^3]
# name 7 = sal00: Salinity, Practical [PSU]
# name 8 = depFM: Depth [fresh water, m], lat = 0
# name 9 = nbin: number of scans per bin
# name 10 = flag: flag
# span 0 =      1.000,     71.000       
# span 1 =   0.577426,   0.779169       
# span 2 =     3.1796,    16.1077       
# span 3 = 8.7662e-02, 1.9484e+02       
# span 4 =     -0.088,      1.110       
# span 5 =     6.5099,     8.2305       
# span 6 =  1002.9932,  1004.7661       
# span 7 =     5.2234,     5.5438       
# span 8 =      1.020,     72.400       
# span 9 =          3,         13       
# span 10 = 0.0000e+00, 0.0000e+00      
# interval = decibars: 1                
# start_time = Aug 14 2018 06:14:47 [Instrument's time stamp, header]
# bad_flag = -9.990e-29
*END*
      1.000   0.779169    16.1077 1.9484e+02     -0.088     6.6866  1002.9932     5.2919      1.020          7 0.0000e+00
      2.000   0.778578    16.0802 9.3855e+01      0.568     6.6945  1003.0020     5.2911      2.039          6 0.0000e+00
      3.000   0.778492    16.0745 5.9162e+01      0.764     6.6948  1003.0076     5.2912      3.059          5 0.0000e+00
      4.000   0.778513    16.0741 3.0439e+01      0.873     6.6913  1003.0124     5.2913      4.079          4 0.0000e+00
      5.000   0.778558    16.0751 2.2669e+01      0.958     6.6907  1003.0170     5.2915      5.099          5 0.0000e+00
      6.000   0.778616    16.0765 1.4981e+01      0.929     6.6947  1003.0214     5.2916      6.118          4 0.0000e+00
      7.000   0.778620    16.0758 1.0332e+01      0.940     6.6925  1003.0262     5.2917      7.138          4 0.0000e+00
      8.000   0.778599    16.0740 6.8647e+00      0.985     6.6870  1003.0312     5.2917      8.158          4 0.0000e+00
      9.000   0.778535    16.0701 4.7269e+00      1.015     6.6895  1003.0364     5.2917      9.177          4 0.0000e+00
     10.000   0.778493    16.0672 3.5400e+00      0.991     6.6916  1003.0416     5.2917     10.197          4 0.0000e+00
     11.000   0.778496    16.0663 2.6267e+00      0.954     6.6889  1003.0464     5.2918     11.217          4 0.0000e+00
     12.000   0.778487    16.0650 1.9745e+00      0.960     6.6832  1003.0513     5.2918     12.236          4 0.0000e+00
     13.000   0.778432    16.0605 1.4731e+00      1.017     6.7067  1003.0568     5.2919     13.256          4 0.0000e+00
     14.000   0.778172    16.0454 1.0899e+00      1.061     6.6289  1003.0640     5.2919     14.276          4 0.0000e+00
     15.000   0.777726    16.0184 8.2068e-01      1.066     6.5099  1003.0735     5.2922     15.296          3 0.0000e+00
     16.000   0.775850    15.8960 6.2656e-01      1.065     6.6125  1003.1011     5.2946     16.316          4 0.0000e+00
     17.000   0.763834    15.2167 4.8582e-01      1.075     6.8211  1003.2211     5.2961     17.335          4 0.0000e+00
     18.000   0.742013    14.0755 3.8670e-01      1.090     7.0013  1003.3978     5.2853     18.355          4 0.0000e+00
     19.000   0.722047    13.0061 3.1305e-01      1.055     7.0637  1003.5534     5.2774     19.374          3 0.0000e+00
     20.000   0.705913    12.1147 2.5576e-01      1.024     7.0977  1003.6749     5.2735     20.395          4 0.0000e+00
     21.000   0.692038    11.3500 2.1422e-01      1.055     7.2875  1003.7708     5.2690     21.414          4 0.0000e+00
     22.000   0.674637    10.3901 1.8550e-01      1.080     7.4957  1003.8785     5.2622     22.434          4 0.0000e+00
     23.000   0.653721     9.2677 1.6304e-01      1.067     7.6836  1003.9839     5.2475     23.454          4 0.0000e+00
     24.000   0.635165     8.2721 1.4832e-01      1.041     7.7446  1004.0640     5.2326     24.473          3 0.0000e+00
     25.000   0.621362     7.5097 1.3722e-01      1.048     7.8871  1004.1186     5.2234     25.493          4 0.0000e+00
     26.000   0.612262     6.9016 1.2705e-01      1.082     8.0264  1004.1699     5.2325     26.513          4 0.0000e+00
     27.000   0.601915     6.2672 1.1930e-01      1.110     8.0590  1004.2119     5.2339     27.532          3 0.0000e+00
     28.000   0.595627     5.8541 1.1285e-01      1.100     8.0550  1004.2409     5.2387     28.552          4 0.0000e+00
     29.000   0.593482     5.6284 1.0851e-01      1.074     8.0491  1004.2674     5.2535     29.572          4 0.0000e+00
     30.000   0.592044     5.4568 1.0423e-01      1.051     8.0190  1004.2898     5.2666     30.592          4 0.0000e+00
     31.000   0.591278     5.3157 1.0152e-01      1.044     7.9900  1004.3120     5.2814     31.611          3 0.0000e+00
     32.000   0.590811     5.1889 9.9718e-02      1.063     8.0085  1004.3338     5.2968     32.631          4 0.0000e+00
     33.000   0.589097     5.0126 9.7638e-02      1.096     8.0314  1004.3540     5.3083     33.651          4 0.0000e+00
     34.000   0.585692     4.7809 9.6486e-02      1.107     8.0942  1004.3695     5.3123     34.671          3 0.0000e+00
     35.000   0.582412     4.5504 9.4550e-02      1.098     8.1473  1004.3850     5.3173     35.690          4 0.0000e+00
     36.000   0.579485     4.3421 9.3206e-02      1.108     8.1822  1004.3992     5.3221     36.710          4 0.0000e+00
     37.000   0.578253     4.2046 9.2654e-02      1.097     8.2130  1004.4153     5.3322     37.730          3 0.0000e+00
     38.000   0.577426     4.0865 9.1667e-02      1.052     8.2110  1004.4314     5.3431     38.749          4 0.0000e+00
     39.000   0.577476     4.0204 9.1235e-02      1.062     8.2104  1004.4466     5.3543     39.769          4 0.0000e+00
     40.000   0.577901     3.9828 9.0436e-02      1.095     8.2305  1004.4603     5.3646     40.789          4 0.0000e+00
     41.000   0.578082     3.9355 9.0218e-02      1.095     8.2159  1004.4736     5.3741     41.808          3 0.0000e+00
     42.000   0.578817     3.9136 8.9871e-02      1.077     8.2116  1004.4876     5.3849     42.828          4 0.0000e+00
     43.000   0.581237     3.9535 8.9889e-02      1.040     8.1750  1004.5055     5.4022     43.848          4 0.0000e+00
     44.000   0.582493     3.9525 8.8778e-02      0.996     8.1421  1004.5205     5.4148     44.867          4 0.0000e+00
     45.000   0.582479     3.8823 8.8914e-02      1.014     8.0759  1004.5357     5.4262     45.887          4 0.0000e+00
     46.000   0.580501     3.7214 8.9061e-02      1.062     7.9894  1004.5488     5.4332     46.907          3 0.0000e+00
     47.000   0.579194     3.5881 8.8900e-02      1.090     7.8688  1004.5629     5.4423     47.927          4 0.0000e+00
     48.000   0.579204     3.5127 8.8461e-02      1.068     7.7766  1004.5789     5.4549     48.947          4 0.0000e+00
     49.000   0.579459     3.4581 8.8659e-02      1.012     7.7043  1004.5937     5.4666     49.966          4 0.0000e+00
     50.000   0.579687     3.4123 8.8181e-02      0.996     7.6561  1004.6071     5.4766     50.986          4 0.0000e+00
     51.000   0.579904     3.3824 8.8264e-02      1.020     7.6286  1004.6180     5.4837     52.006          4 0.0000e+00
     52.000   0.580124     3.3589 8.8289e-02      1.021     7.6009  1004.6280     5.4898     53.025          4 0.0000e+00
     53.000   0.580312     3.3325 8.8493e-02      0.996     7.5736  1004.6382     5.4961     54.045          4 0.0000e+00
     54.000   0.580438     3.3030 8.8537e-02      0.998     7.5567  1004.6484     5.5023     55.065          4 0.0000e+00
     55.000   0.580652     3.2889 8.8884e-02      0.989     7.5693  1004.6570     5.5067     56.084          4 0.0000e+00
     56.000   0.580894     3.2845 8.8280e-02      0.944     7.5595  1004.6644     5.5099     57.104          4 0.0000e+00
     57.000   0.581145     3.2838 8.7662e-02      0.967     7.5342  1004.6714     5.5124     58.124          4 0.0000e+00
     58.000   0.581417     3.2788 8.8396e-02      1.017     7.5039  1004.6791     5.5159     59.143          4 0.0000e+00
     59.000   0.581692     3.2677 8.8256e-02      0.993     7.4682  1004.6878     5.5205     60.164          4 0.0000e+00
     60.000   0.581902     3.2581 8.8336e-02      0.982     7.4537  1004.6957     5.5242     61.183          4 0.0000e+00
     61.000   0.581981     3.2477 8.8179e-02      1.011     7.4499  1004.7027     5.5267     62.203          4 0.0000e+00
     62.000   0.582062     3.2415 8.8079e-02      0.986     7.4437  1004.7091     5.5284     63.222          5 0.0000e+00
     63.000   0.582159     3.2379 8.8259e-02      0.967     7.4349  1004.7153     5.5299     64.242          4 0.0000e+00
     64.000   0.582235     3.2344 8.8125e-02      0.998     7.4281  1004.7212     5.5312     65.262          3 0.0000e+00
     65.000   0.582311     3.2321 8.8559e-02      1.041     7.4203  1004.7270     5.5323     66.282          4 0.0000e+00
     66.000   0.582401     3.2304 8.8084e-02      1.054     7.4129  1004.7328     5.5334     67.302          4 0.0000e+00
     67.000   0.582502     3.2275 8.8126e-02      1.001     7.3877  1004.7389     5.5348     68.321          5 0.0000e+00
     68.000   0.582571     3.2206 8.8270e-02      1.001     7.3688  1004.7453     5.5366     69.341          6 0.0000e+00
     69.000   0.582783     3.2059 8.8117e-02      0.265     7.3009  1004.7540     5.5411     70.360         13 0.0000e+00
     70.000   0.582656     3.1848 8.8051e-02      0.372     7.2119  1004.7609     5.5434     71.380          6 0.0000e+00
     71.000   0.582616     3.1796 8.8127e-02      0.811     7.2031  1004.7661     5.5438     72.400          8 0.0000e+00
