ctdpy/exports/archive_20191121_115250/received_data/c3_v50_18.cnv
* Sea-Bird SBE19plus Data File:
* FileName = C:\CTD\SBE_19plus\Temp\C3_v50_18.hex
* Software Version 1.59
* Temperature SN =  4644
* Conductivity SN =  4644
* System UpLoad Time = Dec 16 2018 21:40:20
** C3 2018K25 v50
* ds
# nquan = 11
# nvalues = 196                         
# units = specified
# name 0 = prdM: Pressure, Strain Gauge [db]
# name 1 = c0S/m: Conductivity [S/m]
# name 2 = tv290C: Temperature [ITS-90, deg C]
# name 3 = par: PAR/Irradiance, Biospherical/Licor
# name 4 = dz/dtM: Descent Rate [m/s]
# name 5 = sbeox0ML/L: Oxygen, SBE 43 [ml/l]
# name 6 = density00: Density [density, kg/m^3]
# name 7 = sal00: Salinity, Practical [PSU]
# name 8 = depFM: Depth [fresh water, m], lat = 58
# name 9 = nbin: number of scans per bin
# name 10 = flag: flag
# span 0 =      1.000,    196.000       
# span 1 =   0.556978,   0.678469       
# span 2 =     3.5913,     5.4515       
# span 3 = 4.4006e-02, 1.0615e+01       
# span 4 =     -0.532,      1.354       
# span 5 =     4.7200,     8.3097       
# span 6 =  1003.9900,  1006.0335       
# span 7 =     5.0334,     6.3889       
# span 8 =      1.019,    199.865       
# span 9 =          1,         11       
# span 10 = 0.0000e+00, 0.0000e+00      
# interval = decibars: 1                
# start_time = Dec 11 2018 13:20:16 [Instrument's time stamp, header]
# bad_flag = -9.990e-29
*END*
      1.000   0.557646     4.8176 1.0615e+01     -0.532     8.2892  1003.9900     5.0381      1.019          1 0.0000e+00
      2.000   0.557300     4.8128 7.0471e+00      0.219     8.3033  1003.9929     5.0354      2.039         11 0.0000e+00
      3.000   0.557298     4.8112 4.5212e+00      0.374     8.3059  1003.9979     5.0355      3.059          5 0.0000e+00
      4.000   0.557184     4.8080 2.4628e+00      0.993     8.3051  1004.0024     5.0348      4.079          4 0.0000e+00
      5.000   0.557187     4.8071 1.4468e+00      1.136     8.3087  1004.0073     5.0349      5.098          4 0.0000e+00
      6.000   0.557052     4.8042 9.5769e-01      1.043     8.3073  1004.0115     5.0339      6.118          4 0.0000e+00
      7.000   0.556978     4.8025 7.0129e-01      0.957     8.3091  1004.0160     5.0334      7.138          4 0.0000e+00
      8.000   0.557007     4.8030 4.9696e-01      1.020     8.3097  1004.0210     5.0335      8.158          4 0.0000e+00
      9.000   0.557027     4.8033 3.4882e-01      1.124     8.3070  1004.0258     5.0336      9.178          3 0.0000e+00
     10.000   0.557059     4.8038 2.4678e-01      1.111     8.3083  1004.0308     5.0337     10.197          4 0.0000e+00
     11.000   0.557155     4.8056 1.7205e-01      1.056     8.3095  1004.0361     5.0342     11.217          4 0.0000e+00
     12.000   0.557363     4.8098 1.2333e-01      1.069     8.2928  1004.0419     5.0356     12.237          3 0.0000e+00
     13.000   0.558002     4.8213 9.7608e-02      1.103     8.2877  1004.0499     5.0399     13.256          4 0.0000e+00
     14.000   0.559242     4.8404 8.3142e-02      1.083     8.2767  1004.0613     5.0488     14.276          4 0.0000e+00
     15.000   0.559925     4.8528 7.2506e-02      1.046     8.2586  1004.0694     5.0535     15.296          4 0.0000e+00
     16.000   0.561184     4.8722 6.3945e-02      1.056     8.2455  1004.0809     5.0625     16.316          3 0.0000e+00
     17.000   0.562333     4.8913 5.7908e-02      1.093     8.2338  1004.0916     5.0706     17.335          4 0.0000e+00
     18.000   0.563654     4.9130 5.4258e-02      1.142     8.2155  1004.1032     5.0800     18.355          3 0.0000e+00
     19.000   0.565296     4.9399 5.2044e-02      1.178     8.1888  1004.1164     5.0916     19.375          4 0.0000e+00
     20.000   0.567310     4.9731 5.0722e-02      1.162     8.1710  1004.1315     5.1058     20.394          3 0.0000e+00
     21.000   0.569062     5.0018 4.9541e-02      1.076     8.1631  1004.1453     5.1182     21.414          4 0.0000e+00
     22.000   0.569994     5.0185 4.8508e-02      1.039     8.1543  1004.1546     5.1244     22.434          4 0.0000e+00
     23.000   0.570739     5.0319 4.7790e-02      1.078     8.1562  1004.1629     5.1294     23.453          3 0.0000e+00
     24.000   0.571234     5.0405 4.7435e-02      1.117     8.1559  1004.1702     5.1328     24.473          4 0.0000e+00
     25.000   0.571384     5.0437 4.7215e-02      1.126     8.1529  1004.1756     5.1337     25.493          3 0.0000e+00
     26.000   0.571451     5.0453 4.7076e-02      1.138     8.1507  1004.1807     5.1340     26.513          4 0.0000e+00
     27.000   0.571465     5.0459 4.6781e-02      1.169     8.1497  1004.1855     5.1339     27.532          3 0.0000e+00
     28.000   0.571509     5.0466 4.6725e-02      1.179     8.1495  1004.1905     5.1341     28.552          4 0.0000e+00
     29.000   0.571587     5.0479 4.6598e-02      1.140     8.1523  1004.1957     5.1346     29.572          3 0.0000e+00
     30.000   0.571640     5.0490 4.6665e-02      1.099     8.1472  1004.2007     5.1348     30.592          4 0.0000e+00
     31.000   0.571663     5.0496 4.6565e-02      1.105     8.1543  1004.2056     5.1349     31.611          3 0.0000e+00
     32.000   0.571683     5.0502 4.6394e-02      1.147     8.1559  1004.2104     5.1349     32.631          4 0.0000e+00
     33.000   0.571752     5.0519 4.6559e-02      1.172     8.1515  1004.2155     5.1352     33.651          3 0.0000e+00
     34.000   0.571970     5.0570 4.6189e-02      1.187     8.1431  1004.2212     5.1364     34.670          4 0.0000e+00
     35.000   0.572661     5.0704 4.6324e-02      1.193     8.1365  1004.2291     5.1409     35.690          3 0.0000e+00
     36.000   0.574218     5.0932 4.6417e-02      1.142     8.1422  1004.2422     5.1522     36.710          4 0.0000e+00
     37.000   0.575738     5.1115 4.6254e-02      1.103     8.1587  1004.2557     5.1639     37.730          3 0.0000e+00
     38.000   0.577733     5.1303 4.6356e-02      1.134     8.1682  1004.2726     5.1800     38.749          4 0.0000e+00
     39.000   0.579261     5.1447 4.6363e-02      1.153     8.1689  1004.2867     5.1924     39.769          3 0.0000e+00
     40.000   0.580326     5.1612 4.6180e-02      1.101     8.1772  1004.2970     5.1999     40.789          4 0.0000e+00
     41.000   0.581385     5.1832 4.6350e-02      1.074     8.1603  1004.3063     5.2065     41.809          4 0.0000e+00
     42.000   0.582265     5.2052 4.6269e-02      1.123     8.1204  1004.3142     5.2114     42.828          3 0.0000e+00
     43.000   0.583938     5.2461 4.6203e-02      1.165     8.0660  1004.3251     5.2210     43.848          4 0.0000e+00
     44.000   0.585389     5.2799 4.6321e-02      1.121     7.9947  1004.3354     5.2295     44.867          4 0.0000e+00
     45.000   0.586183     5.2939 4.6187e-02      1.055     7.9181  1004.3440     5.2348     45.887          3 0.0000e+00
     46.000   0.586625     5.2915 4.6307e-02      1.068     7.8773  1004.3525     5.2393     46.907          4 0.0000e+00
     47.000   0.587318     5.2937 4.6225e-02      1.137     7.8641  1004.3621     5.2455     47.927          3 0.0000e+00
     48.000   0.588301     5.3097 4.6469e-02      1.163     7.8613  1004.3717     5.2523     48.946          4 0.0000e+00
     49.000   0.588880     5.3199 4.6272e-02      1.096     7.8769  1004.3793     5.2561     49.966          4 0.0000e+00
     50.000   0.589173     5.3227 4.6232e-02      1.011     7.8692  1004.3858     5.2584     50.986          3 0.0000e+00
     51.000   0.589844     5.3340 4.6056e-02      1.058     7.8439  1004.3938     5.2629     52.005          4 0.0000e+00
     52.000   0.591659     5.3622 4.6327e-02      1.169     7.8224  1004.4077     5.2757     53.025          3 0.0000e+00
     53.000   0.593059     5.3712 4.6059e-02      1.190     7.8073  1004.4215     5.2875     54.045          4 0.0000e+00
     54.000   0.593305     5.3571 4.6101e-02      1.072     7.8028  1004.4305     5.2920     55.065          4 0.0000e+00
     55.000   0.593210     5.3447 4.6332e-02      0.979     7.8015  1004.4366     5.2930     56.084          4 0.0000e+00
     56.000   0.593102     5.3368 4.6041e-02      1.025     7.7954  1004.4419     5.2931     57.104          4 0.0000e+00
     57.000   0.592980     5.3301 4.6160e-02      1.103     7.7955  1004.4468     5.2929     58.124          3 0.0000e+00
     58.000   0.592869     5.3245 4.5931e-02      1.118     7.7972  1004.4517     5.2926     59.144          4 0.0000e+00
     59.000   0.592713     5.3164 4.6108e-02      1.126     7.7906  1004.4566     5.2923     60.163          3 0.0000e+00
     60.000   0.592517     5.3062 4.6222e-02      1.153     7.7891  1004.4616     5.2920     61.183          4 0.0000e+00
     61.000   0.592266     5.2937 4.6276e-02      1.158     7.7840  1004.4665     5.2915     62.203          3 0.0000e+00
     62.000   0.592003     5.2794 4.6141e-02      1.112     7.7779  1004.4717     5.2911     63.222          4 0.0000e+00
     63.000   0.591758     5.2642 4.6209e-02      1.058     7.7655  1004.4771     5.2911     64.242          4 0.0000e+00
     64.000   0.591598     5.2461 4.6128e-02      1.014     7.7512  1004.4836     5.2923     65.262          4 0.0000e+00
     65.000   0.591864     5.2280 4.6249e-02      1.001     7.7432  1004.4934     5.2977     66.282          4 0.0000e+00
     66.000   0.592673     5.2178 4.6224e-02      1.056     7.7474  1004.5060     5.3069     67.301          3 0.0000e+00
     67.000   0.593512     5.2217 4.6088e-02      1.144     7.7454  1004.5165     5.3142     68.321          3 0.0000e+00
     68.000   0.594340     5.2323 4.6054e-02      1.215     7.7220  1004.5258     5.3204     69.341          4 0.0000e+00
     69.000   0.595104     5.2395 4.6247e-02      1.245     7.7200  1004.5352     5.3265     70.360          3 0.0000e+00
     70.000   0.595795     5.2437 4.5989e-02      1.182     7.6930  1004.5446     5.3323     71.380          4 0.0000e+00
     71.000   0.596578     5.2347 4.6029e-02      1.051     7.6664  1004.5567     5.3412     72.400          4 0.0000e+00
     72.000   0.597151     5.2005 4.6109e-02      0.981     7.6403  1004.5715     5.3520     73.419          4 0.0000e+00
     73.000   0.597328     5.1576 4.6089e-02      1.027     7.6313  1004.5847     5.3605     74.439          3 0.0000e+00
     74.000   0.597243     5.1156 4.5947e-02      1.125     7.6264  1004.5957     5.3663     75.459          4 0.0000e+00
     75.000   0.597202     5.0845 4.6076e-02      1.187     7.6216  1004.6053     5.3709     76.479          3 0.0000e+00
     76.000   0.597244     5.0656 4.5977e-02      1.171     7.6161  1004.6135     5.3742     77.498          4 0.0000e+00
     77.000   0.597437     5.0570 4.6064e-02      1.075     7.6067  1004.6212     5.3774     78.518          4 0.0000e+00
     78.000   0.598251     5.0664 4.5996e-02      0.959     7.6278  1004.6306     5.3836     79.538          4 0.0000e+00
     79.000   0.599624     5.0938 4.6069e-02      0.964     7.6056  1004.6414     5.3923     80.557          4 0.0000e+00
     80.000   0.601546     5.1491 4.6098e-02      1.092     7.5436  1004.6517     5.4017     81.577          3 0.0000e+00
     81.000   0.606061     5.2909 4.6071e-02      1.231     7.5131  1004.6670     5.4220     82.597          4 0.0000e+00
     82.000   0.610343     5.4251 4.5981e-02      1.219     7.5004  1004.6815     5.4411     83.617          3 0.0000e+00
     83.000   0.611233     5.4515 4.6042e-02      1.000     7.4757  1004.6885     5.4452     84.636          5 0.0000e+00
     84.000   0.611558     5.4454 4.6068e-02      0.831     7.4272  1004.6968     5.4492     85.656          4 0.0000e+00
     85.000   0.612169     5.4362 4.5978e-02      0.890     7.3771  1004.7077     5.4564     86.676          4 0.0000e+00
     86.000   0.612968     5.4189 4.5963e-02      1.068     7.3453  1004.7214     5.4668     87.696          3 0.0000e+00
     87.000   0.612893     5.3767 4.6071e-02      1.219     7.3015  1004.7329     5.4728     88.715          4 0.0000e+00
     88.000   0.612406     5.3225 4.5909e-02      1.269     7.2705  1004.7432     5.4769     89.735          3 0.0000e+00
     89.000   0.611477     5.2424 4.6030e-02      1.161     7.2874  1004.7545     5.4811     90.755          4 0.0000e+00
     90.000   0.608990     5.0921 4.5940e-02      0.942     7.2989  1004.7657     5.4817     91.774          4 0.0000e+00
     91.000   0.606350     4.9398 4.6152e-02      0.840     7.2912  1004.7757     5.4811     92.795          4 0.0000e+00
     92.000   0.605656     4.8726 4.6157e-02      0.952     7.3016  1004.7862     5.4854     93.814          4 0.0000e+00
     93.000   0.605396     4.8111 4.6014e-02      1.130     7.3160  1004.7991     5.4929     94.833          3 0.0000e+00
     94.000   0.605376     4.7399 4.6056e-02      1.222     7.2754  1004.8154     5.5044     95.853          4 0.0000e+00
     95.000   0.605918     4.6964 4.5732e-02      1.236     7.1883  1004.8316     5.5168     96.873          3 0.0000e+00
     96.000   0.607973     4.6958 4.6106e-02      1.180     7.1148  1004.8523     5.5368     97.893          4 0.0000e+00
     97.000   0.610132     4.7242 4.6034e-02      1.002     7.0831  1004.8691     5.5530     98.912          4 0.0000e+00
     98.000   0.610980     4.7358 4.6160e-02      0.881     7.0671  1004.8785     5.5592     99.932          4 0.0000e+00
     99.000   0.611562     4.7397 4.5926e-02      0.996     7.0744  1004.8871     5.5642    100.952          4 0.0000e+00
    100.000   0.611999     4.7415 4.6156e-02      1.188     7.0554  1004.8950     5.5680    101.971          3 0.0000e+00
    101.000   0.612480     4.7493 4.5981e-02      1.224     7.0046  1004.9022     5.5713    102.991          4 0.0000e+00
    102.000   0.613905     4.7811 4.5924e-02      1.061     6.9348  1004.9128     5.5798    104.011          4 0.0000e+00
    103.000   0.616030     4.8137 4.5847e-02      0.919     6.8082  1004.9285     5.5949    105.031          4 0.0000e+00
    104.000   0.618234     4.8153 4.5936e-02      0.937     6.7252  1004.9499     5.6159    106.051          4 0.0000e+00
    105.000   0.620597     4.7516 4.6024e-02      1.036     6.6151  1004.9837     5.6496    107.070          4 0.0000e+00
    106.000   0.622438     4.6506 4.5827e-02      1.113     6.5298  1005.0197     5.6847    108.090          3 0.0000e+00
    107.000   0.624223     4.5831 4.5911e-02      1.159     6.4548  1005.0497     5.7137    109.109          4 0.0000e+00
    108.000   0.625511     4.4770 4.5956e-02      1.180     6.3808  1005.0823     5.7447    110.129          3 0.0000e+00
    109.000   0.627363     4.3570 4.5961e-02      1.120     6.3244  1005.1217     5.7838    111.149          4 0.0000e+00
    110.000   0.628895     4.2937 4.5984e-02      0.965     6.2526  1005.1491     5.8100    112.169          4 0.0000e+00
    111.000   0.629804     4.2625 4.6039e-02      0.901     6.1398  1005.1662     5.8244    113.188          4 0.0000e+00
    112.000   0.631894     4.1849 4.5882e-02      1.010     6.0207  1005.2005     5.8588    114.208          4 0.0000e+00
    113.000   0.635370     4.0436 4.6080e-02      1.163     5.9424  1005.2564     5.9187    115.228          3 0.0000e+00
    114.000   0.636874     3.9256 4.5751e-02      1.225     5.9197  1005.2929     5.9549    116.248          4 0.0000e+00
    115.000   0.637357     3.8758 4.5852e-02      1.134     5.8978  1005.3098     5.9688    117.268          4 0.0000e+00
    116.000   0.637785     3.8570 4.5886e-02      0.998     5.8456  1005.3212     5.9764    118.287          4 0.0000e+00
    117.000   0.638659     3.8344 4.5800e-02      0.928     5.7676  1005.3367     5.9892    119.307          4 0.0000e+00
    118.000   0.640055     3.7960 4.5667e-02      0.976     5.6880  1005.3591     6.0102    120.326          3 0.0000e+00
    119.000   0.641223     3.7470 4.5865e-02      1.148     5.6119  1005.3814     6.0309    121.346          4 0.0000e+00
    120.000   0.642160     3.6927 4.5783e-02      1.297     5.5468  1005.4028     6.0503    122.366          3 0.0000e+00
    121.000   0.642859     3.6512 4.5793e-02      1.241     5.4934  1005.4202     6.0650    123.386          4 0.0000e+00
    122.000   0.643696     3.6231 4.5856e-02      0.983     5.4106  1005.4364     6.0785    124.406          4 0.0000e+00
    123.000   0.645091     3.6013 4.5946e-02      0.830     5.3205  1005.4561     6.0966    125.425          4 0.0000e+00
    124.000   0.646949     3.5913 4.6008e-02      0.938     5.2771  1005.4776     6.1172    126.445          3 0.0000e+00
    125.000   0.647916     3.5923 4.5650e-02      1.188     5.2689  1005.4900     6.1267    127.464          4 0.0000e+00
    126.000   0.648501     3.5945 4.5930e-02      1.354     5.2696  1005.4992     6.1321    128.484          3 0.0000e+00
    127.000   0.649071     3.5991 4.5782e-02      1.278     5.2563  1005.5078     6.1369    129.504          4 0.0000e+00
    128.000   0.649919     3.6069 4.5802e-02      1.050     5.2394  1005.5181     6.1439    130.524          4 0.0000e+00
    129.000   0.651824     3.6239 4.5937e-02      0.907     5.2165  1005.5354     6.1599    131.543          4 0.0000e+00
    130.000   0.653360     3.6374 4.5779e-02      0.933     5.2145  1005.5502     6.1727    132.563          4 0.0000e+00
    131.000   0.654316     3.6434 4.5771e-02      1.028     5.2194  1005.5617     6.1812    133.583          3 0.0000e+00
