ctdpy/exports/archive_20191121_115250/received_data/c3_v08_18.cnv
* Sea-Bird SBE19plus Data File:
* FileName = C:\CTD\CTD 2018\v08\C3_v08_18.hex
* Software Version 1.59
* Temperature SN =  4644
* Conductivity SN =  4644
* System UpLoad Time = Feb 21 2018 13:32:46
** C3_v08_18
* ds
# nquan = 11
# nvalues = 195                         
# units = specified
# name 0 = prdM: Pressure, Strain Gauge [db]
# name 1 = c0S/m: Conductivity [S/m]
# name 2 = tv290C: Temperature [ITS-90, deg C]
# name 3 = par: PAR/Irradiance, Biospherical/Licor
# name 4 = dz/dtM: Descent Rate [m/s]
# name 5 = sbeox0ML/L: Oxygen, SBE 43 [ml/l]
# name 6 = density00: Density [density, kg/m^3]
# name 7 = sal00: Salinity, Practical [PSU]
# name 8 = depFM: Depth [fresh water, m], lat = 0
# name 9 = nbin: number of scans per bin
# name 10 = flag: flag
# span 0 =      1.000,    195.000       
# span 1 =   0.492159,   0.672740       
# span 2 =     0.0148,     4.0481       
# span 3 = 4.3617e-02, 6.2999e+02       
# span 4 =     -0.196,      1.140       
# span 5 =     5.3346,     9.4984       
# span 6 =  1004.0232,  1005.9974       
# span 7 =     5.1286,     6.3391       
# span 8 =      1.020,    198.845       
# span 9 =          1,          8       
# span 10 = 0.0000e+00, 0.0000e+00      
# interval = decibars: 1                
# start_time = Feb 21 2018 13:02:41 [Instrument's time stamp, header]
# bad_flag = -9.990e-29
*END*
[from data line 132]
    133.000   0.648484     3.9144 4.3617e-02      1.038     6.3083  1005.4784     6.0713    135.623          4 0.0000e+00
    134.000   0.649054     3.9280 4.3617e-02      1.038     6.2689  1005.4854     6.0744    136.642          4 0.0000e+00
    135.000   0.649705     3.9437 4.3617e-02      1.044     6.2341  1005.4927     6.0779    137.662          4 0.0000e+00
    136.000   0.650255     3.9565 4.3617e-02      1.027     6.1976  1005.4997     6.0809    138.681          4 0.0000e+00
    137.000   0.651379     3.9745 4.3617e-02      1.001     6.1701  1005.5103     6.0887    139.701          4 0.0000e+00
    138.000   0.652687     3.9915 4.3617e-02      1.007     6.1392  1005.5226     6.0985    140.721          4 0.0000e+00
    139.000   0.653770     4.0045 4.3617e-02      1.013     6.1132  1005.5337     6.1068    141.741          4 0.0000e+00
    140.000   0.654983     4.0173 4.3617e-02      0.986     6.0934  1005.5460     6.1165    142.760          4 0.0000e+00
    141.000   0.656534     4.0296 4.3617e-02      0.973     6.0655  1005.5610     6.1296    143.780          4 0.0000e+00
    142.000   0.658124     4.0364 4.3617e-02      0.985     6.0472  1005.5772     6.1441    144.799          4 0.0000e+00
    143.000   0.659464     4.0404 4.3617e-02      1.000     6.0435  1005.5919     6.1566    145.820          4 0.0000e+00
    144.000   0.660560     4.0446 4.3617e-02      0.987     6.0404  1005.6047     6.1667    146.839          4 0.0000e+00
    145.000   0.661436     4.0478 4.3617e-02      0.992     6.0306  1005.6159     6.1748    147.859          4 0.0000e+00
    146.000   0.661935     4.0481 4.3617e-02      1.010     6.0068  1005.6246     6.1796    148.878          4 0.0000e+00
    147.000   0.662561     4.0453 4.3617e-02      1.021     5.9863  1005.6348     6.1863    149.898          4 0.0000e+00
    148.000   0.663215     4.0419 4.3617e-02      1.017     5.9655  1005.6454     6.1934    150.918          4 0.0000e+00
    149.000   0.663750     4.0405 4.3617e-02      1.006     5.9397  1005.6547     6.1988    151.937          4 0.0000e+00
    150.000   0.664239     4.0395 4.3617e-02      1.021     5.9206  1005.6635     6.2038    152.957          3 0.0000e+00
    151.000   0.664550     4.0363 4.3617e-02      1.046     5.9106  1005.6714     6.2074    153.977          4 0.0000e+00
    152.000   0.664867     4.0306 4.3617e-02      1.044     5.8783  1005.6797     6.2116    154.997          4 0.0000e+00
    153.000   0.665327     4.0209 4.3617e-02      1.014     5.8582  1005.6898     6.2179    156.017          4 0.0000e+00
    154.000   0.665698     4.0123 4.3617e-02      0.990     5.8433  1005.6991     6.2232    157.036          4 0.0000e+00
    155.000   0.665882     4.0074 4.3617e-02      1.013     5.8377  1005.7062     6.2258    158.056          4 0.0000e+00
    156.000   0.665976     4.0042 4.3617e-02      1.017     5.8207  1005.7123     6.2272    159.076          4 0.0000e+00
    157.000   0.666110     3.9955 4.3617e-02      1.000     5.7937  1005.7197     6.2301    160.096          4 0.0000e+00
    158.000   0.666291     3.9813 4.3617e-02      1.004     5.7666  1005.7284     6.2346    161.116          4 0.0000e+00
    159.000   0.666426     3.9670 4.3617e-02      1.026     5.7344  1005.7368     6.2385    162.135          4 0.0000e+00
    160.000   0.666617     3.9483 4.3617e-02      1.036     5.6940  1005.7464     6.2439    163.155          4 0.0000e+00
    161.000   0.666872     3.9260 4.3617e-02      1.022     5.6622  1005.7572     6.2506    164.174          4 0.0000e+00
    162.000   0.667096     3.9063 4.3617e-02      1.018     5.6395  1005.7672     6.2565    165.194          4 0.0000e+00
    163.000   0.667279     3.8924 4.3617e-02      1.029     5.6272  1005.7759     6.2608    166.213          4 0.0000e+00
    164.000   0.667401     3.8846 4.3617e-02      1.010     5.6237  1005.7831     6.2634    167.233          4 0.0000e+00
    165.000   0.667497     3.8802 4.3617e-02      0.996     5.6179  1005.7894     6.2651    168.253          3 0.0000e+00
    166.000   0.667663     3.8734 4.3617e-02      1.018     5.6019  1005.7967     6.2680    169.273          4 0.0000e+00
    167.000   0.667876     3.8652 4.3617e-02      1.011     5.6003  1005.8046     6.2716    170.293          5 0.0000e+00
    168.000   0.668011     3.8603 4.3617e-02      0.965     5.5929  1005.8114     6.2738    171.312          4 0.0000e+00
    169.000   0.668172     3.8550 4.3617e-02      0.976     5.5821  1005.8184     6.2763    172.332          3 0.0000e+00
    170.000   0.668466     3.8453 4.3617e-02      1.037     5.5746  1005.8273     6.2810    173.352          4 0.0000e+00
    171.000   0.668634     3.8396 4.3617e-02      1.043     5.5711  1005.8344     6.2837    174.371          4 0.0000e+00
    172.000   0.668714     3.8371 4.3617e-02      1.001     5.5643  1005.8402     6.2849    175.391          4 0.0000e+00
    173.000   0.668846     3.8331 4.3617e-02      1.007     5.5605  1005.8468     6.2869    176.411          4 0.0000e+00
    174.000   0.669000     3.8277 4.3617e-02      1.036     5.5550  1005.8538     6.2893    177.431          4 0.0000e+00
    175.000   0.669133     3.8227 4.3617e-02      1.004     5.5469  1005.8605     6.2915    178.450          4 0.0000e+00
    176.000   0.669228     3.8199 4.3617e-02      0.946     5.5452  1005.8665     6.2929    179.470          4 0.0000e+00
    177.000   0.669319     3.8176 4.3617e-02      0.970     5.5426  1005.8725     6.2942    180.490          5 0.0000e+00
    178.000   0.669405     3.8158 4.3617e-02      0.989     5.5371  1005.8782     6.2952    181.510          4 0.0000e+00
    179.000   0.669510     3.8134 4.3617e-02      0.972     5.5353  1005.8843     6.2967    182.529          4 0.0000e+00
    180.000   0.669696     3.8081 4.3617e-02      0.960     5.5202  1005.8915     6.2994    183.549          4 0.0000e+00
    181.000   0.669915     3.8018 4.3617e-02      0.980     5.4983  1005.8992     6.3027    184.569          4 0.0000e+00
    182.000   0.670145     3.7954 4.3617e-02      1.009     5.4678  1005.9069     6.3062    185.588          4 0.0000e+00
    183.000   0.670559     3.7850 4.3617e-02      1.004     5.4331  1005.9169     6.3123    186.608          4 0.0000e+00
    184.000   0.671014     3.7740 4.3617e-02      0.981     5.4084  1005.9272     6.3189    187.628          4 0.0000e+00
    185.000   0.671472     3.7646 4.3617e-02      0.972     5.3792  1005.9374     6.3252    188.647          4 0.0000e+00
    186.000   0.671688     3.7600 4.3617e-02      0.976     5.3653  1005.9447     6.3281    189.667          4 0.0000e+00
    187.000   0.671773     3.7588 4.3617e-02      0.990     5.3730  1005.9504     6.3292    190.687          4 0.0000e+00
    188.000   0.671855     3.7585 4.3617e-02      0.968     5.3715  1005.9559     6.3299    191.707          5 0.0000e+00
    189.000   0.671910     3.7580 4.3617e-02      0.962     5.3540  1005.9612     6.3304    192.727          4 0.0000e+00
    190.000   0.671996     3.7570 4.3617e-02      0.994     5.3457  1005.9669     6.3314    193.746          6 0.0000e+00
    191.000   0.672073     3.7564 4.3617e-02      0.355     5.3346  1005.9724     6.3322    194.766          7 0.0000e+00
    192.000   0.672184     3.7558 4.3617e-02      0.171     5.3437  1005.9782     6.3333    195.785          8 0.0000e+00
    193.000   0.672251     3.7556 4.3617e-02      0.338     5.3389  1005.9836     6.3339    196.805          6 0.0000e+00
    194.000   0.672404     3.7549 4.3617e-02      0.196     5.3424  1005.9897     6.3354    197.825          8 0.0000e+00
    195.000   0.672740     3.7535 4.3617e-02      0.544 -9.990e-29  1005.9974     6.3391    198.845          1 0.0000e+00
