ctdpy/exports/archive_20191121_115250/received_data/c3_v17_18.cnv
* Sea-Bird SBE19plus Data File:
* FileName = C:\CTD\CTD 2018\v17\C3_v17_18.hex
* Software Version 1.59
* Temperature SN =  7668
* Conductivity SN =  7668
* System UpLoad Time = Apr 24 2018 14:23:28
** C3 k08 v17 2018
* ds
# nquan = 10
# nvalues = 199                         
# units = specified
# name 0 = prdM: Pressure, Strain Gauge [db]
# name 1 = c0S/m: Conductivity [S/m]
# name 2 = tv290C: Temperature [ITS-90, deg C]
# name 3 = par: PAR/Irradiance, Biospherical/Licor
# name 4 = dz/dtM: Descent Rate [m/s]
# name 5 = density00: Density [density, kg/m^3]
# name 6 = sal00: Salinity, Practical [PSU]
# name 7 = depFM: Depth [fresh water, m], lat = 0
# name 8 = nbin: number of scans per bin
# name 9 = flag: flag
# span 0 =      1.000,    199.000       
# span 1 =   0.507859,   0.674347       
# span 2 =     0.0709,     3.9104       
# span 3 = -1.625e-04, 5.2074e+02       
# span 4 =      0.157,      1.565       
# span 5 =  1004.1107,  1006.0048       
# span 6 =     5.1782,     6.3331       
# span 7 =      1.020,    202.923       
# span 8 =          3,         18       
# span 9 = 0.0000e+00, 0.0000e+00       
# interval = decibars: 1                
# start_time = Apr 24 2018 13:57:36 [Instrument's time stamp, header]
# bad_flag = -9.990e-29
*END*
[from data line 145]
    146.000   0.669877     3.8837 1.0000e-12      0.992  1005.7168     6.2906    148.878          4 0.0000e+00
    147.000   0.670064     3.8829 1.0000e-12      1.013  1005.7232     6.2925    149.898          4 0.0000e+00
    148.000   0.670245     3.8822 1.0000e-12      1.074  1005.7296     6.2944    150.918          4 0.0000e+00
    149.000   0.670353     3.8800 1.0000e-12      1.097  1005.7356     6.2957    151.938          4 0.0000e+00
    150.000   0.670423     3.8786 1.0000e-12      1.042  1005.7412     6.2966    152.958          4 0.0000e+00
    151.000   0.670485     3.8773 1.0000e-12      1.001  1005.7467     6.2974    153.977          4 0.0000e+00
    152.000   0.670563     3.8752 1.0000e-12      0.999  1005.7525     6.2985    154.997          3 0.0000e+00
    153.000   0.670627     3.8726 1.0000e-12      1.041  1005.7583     6.2995    156.016          4 0.0000e+00
    154.000   0.670662     3.8711 1.0000e-12      1.135  1005.7636     6.3000    157.036          3 0.0000e+00
    155.000   0.670682     3.8707 1.0000e-12      1.197  1005.7687     6.3002    158.056          4 0.0000e+00
    156.000   0.670705     3.8703 1.0000e-12      1.062  1005.7737     6.3004    159.076          4 0.0000e+00
    157.000   0.670744     3.8696 1.0000e-12      0.873  1005.7789     6.3008    160.095          4 0.0000e+00
    158.000   0.670788     3.8687 1.0000e-12      0.951  1005.7842     6.3013    161.115          4 0.0000e+00
    159.000   0.670839     3.8673 1.0000e-12      1.129  1005.7897     6.3019    162.135          3 0.0000e+00
    160.000   0.670908     3.8655 1.0000e-12      1.219  1005.7953     6.3029    163.155          4 0.0000e+00
    161.000   0.670978     3.8640 1.0000e-12      1.148  1005.8009     6.3038    164.174          4 0.0000e+00
    162.000   0.671033     3.8627 1.0000e-12      0.999  1005.8064     6.3044    165.194          4 0.0000e+00
    163.000   0.671079     3.8618 1.0000e-12      0.943  1005.8117     6.3050    166.213          4 0.0000e+00
    164.000   0.671133     3.8605 1.0000e-12      1.003  1005.8171     6.3057    167.233          4 0.0000e+00
    165.000   0.671201     3.8592 1.0000e-12      1.065  1005.8227     6.3065    168.253          3 0.0000e+00
    166.000   0.671266     3.8581 1.0000e-12      1.103  1005.8282     6.3072    169.273          4 0.0000e+00
    167.000   0.671315     3.8574 1.0000e-12      1.153  1005.8335     6.3077    170.292          4 0.0000e+00
    168.000   0.671375     3.8566 1.0000e-12      1.166  1005.8389     6.3084    171.312          3 0.0000e+00
    169.000   0.671447     3.8557 1.0000e-12      1.025  1005.8444     6.3092    172.332          5 0.0000e+00
    170.000   0.671547     3.8549 1.0000e-12      0.871  1005.8502     6.3102    173.351          4 0.0000e+00
    171.000   0.671674     3.8550 1.0000e-12      0.935  1005.8560     6.3114    174.371          3 0.0000e+00
    172.000   0.671833     3.8570 1.0000e-12      1.177  1005.8617     6.3125    175.391          3 0.0000e+00
    173.000   0.672098     3.8631 1.0000e-12      1.338  1005.8675     6.3138    176.411          4 0.0000e+00
    174.000   0.672554     3.8753 1.0000e-12      1.184  1005.8738     6.3160    177.431          4 0.0000e+00
    175.000   0.672735     3.8800 1.0000e-12      0.847  1005.8792     6.3167    178.450          4 0.0000e+00
    176.000   0.672736     3.8781 1.0000e-12      0.792  1005.8843     6.3171    179.470          4 0.0000e+00
    177.000   0.672881     3.8799 1.0000e-12      1.045  1005.8899     6.3180    180.490          4 0.0000e+00
    178.000   0.673101     3.8843 1.0000e-12      1.271  1005.8957     6.3193    181.509          3 0.0000e+00
    179.000   0.673283     3.8865 1.0000e-12      1.309  1005.9015     6.3206    182.529          4 0.0000e+00
    180.000   0.673268     3.8812 1.0000e-12      1.086  1005.9071     6.3213    183.549          4 0.0000e+00
    181.000   0.672999     3.8674 1.0000e-12      0.759  1005.9122     6.3212    184.569          6 0.0000e+00
    182.000   0.672763     3.8555 1.0000e-12      0.531  1005.9172     6.3210    185.589          7 0.0000e+00
    183.000   0.672798     3.8542 1.0000e-12      0.711  1005.9225     6.3215    186.608          5 0.0000e+00
    184.000   0.672904     3.8558 1.0000e-12      0.770  1005.9279     6.3221    187.628          6 0.0000e+00
    185.000   0.672812     3.8487 1.0000e-12      0.496  1005.9332     6.3224    188.648          5 0.0000e+00
    186.000   0.672726     3.8407 1.0000e-12      0.797  1005.9387     6.3230    189.667          4 0.0000e+00
    187.000   0.672906     3.8424 1.0000e-12      1.114  1005.9447     6.3244    190.687          5 0.0000e+00
    188.000   0.673023     3.8445 1.0000e-12      0.998  1005.9500     6.3250    191.706          5 0.0000e+00
    189.000   0.673134     3.8469 1.0000e-12      0.623  1005.9552     6.3256    192.726          6 0.0000e+00
    190.000   0.673541     3.8602 1.0000e-12      0.606  1005.9609     6.3270    193.746          4 0.0000e+00
    191.000   0.674256     3.8821 1.0000e-12      0.931  1005.9675     6.3298    194.766          4 0.0000e+00
    192.000   0.674347     3.8839 1.0000e-12      1.099  1005.9727     6.3303    195.786          5 0.0000e+00
    193.000   0.674169     3.8765 1.0000e-12      0.801  1005.9773     6.3298    196.805          6 0.0000e+00
    194.000   0.674226     3.8765 1.0000e-12      0.637  1005.9826     6.3303    197.825          5 0.0000e+00
    195.000   0.674294     3.8761 1.0000e-12      0.828  1005.9880     6.3309    198.845          5 0.0000e+00
    196.000   0.674254     3.8697 1.0000e-12      0.914  1005.9936     6.3316    199.864          6 0.0000e+00
    197.000   0.674254     3.8630 1.0000e-12      0.292  1005.9996     6.3328    200.884         18 0.0000e+00
    198.000   0.674214     3.8586 1.0000e-12      0.157  1006.0048     6.3331    201.904         18 0.0000e+00
    199.000   0.665415     3.8580 1.0000e-12      0.315  1005.9395     6.2447    202.923         16 0.0000e+00
