ctdpy/exports/archive_20191121_115250/received_data/c3_v28_18.cnv
* Sea-Bird SBE19plus Data File:
* FileName = C:\CTD\CTD 2018\v28\C3_v28_18.hex
* Software Version 1.59
* Temperature SN =  4644
* Conductivity SN =  4644
* System UpLoad Time = Jul 10 2018 14:37:21
** C3_v28_18
* ds
# nquan = 11
# nvalues = 197                         
# units = specified
# name 0 = prdM: Pressure, Strain Gauge [db]
# name 1 = c0S/m: Conductivity [S/m]
# name 2 = tv290C: Temperature [ITS-90, deg C]
# name 3 = par: PAR/Irradiance, Biospherical/Licor
# name 4 = dz/dtM: Descent Rate [m/s]
# name 5 = sbeox0ML/L: Oxygen, SBE 43 [ml/l]
# name 6 = density00: Density [density, kg/m^3]
# name 7 = sal00: Salinity, Practical [PSU]
# name 8 = depFM: Depth [fresh water, m], lat = 0
# name 9 = nbin: number of scans per bin
# name 10 = flag: flag
# span 0 =      1.000,    197.000       
# span 1 =   0.527353,   0.717002       
# span 2 =     1.3460,    16.0777       
# span 3 = 1.2732e-01, 1.2184e+03       
# span 4 =     -0.028,      1.183       
# span 5 =     4.7907,     9.2537       
# span 6 =  1002.6601,  1006.0135       
# span 7 =     4.8065,     6.3559       
# span 8 =      1.020,    200.884       
# span 9 =          3,          8       
# span 10 = 0.0000e+00, 0.0000e+00      
# interval = decibars: 1                
# start_time = Jul 10 2018 14:12:46 [Instrument's time stamp, header]
# bad_flag = -9.990e-29
*END*
      1.000   0.714562    15.9816 1.2184e+03     -0.028     7.5565  1002.6677     4.8379      1.020          7 0.0000e+00
      2.000   0.716706    16.0723 8.1221e+02      0.565     7.5425  1002.6601     4.8425      2.039          7 0.0000e+00
      3.000   0.716899    16.0777 5.6473e+02      0.741     7.5350  1002.6643     4.8432      3.059          6 0.0000e+00
      4.000   0.717002    16.0753 3.8042e+02      0.648     7.5351  1002.6701     4.8442      4.079          6 0.0000e+00
      5.000   0.715908    16.0140 2.5010e+02      0.629     7.6780  1002.6848     4.8435      5.099          5 0.0000e+00
      6.000   0.711020    15.7468 1.8643e+02      0.825     7.9913  1002.7326     4.8402      6.118          4 0.0000e+00
      7.000   0.695638    14.9982 1.2742e+02      0.940     7.9995  1002.8443     4.8180      7.138          4 0.0000e+00
      8.000   0.685369    14.4504 9.2636e+01      0.964     7.8857  1002.9281     4.8084      8.158          5 0.0000e+00
      9.000   0.680721    14.1558 6.6668e+01      0.958     7.7537  1002.9789     4.8095      9.177          4 0.0000e+00
     10.000   0.677316    13.9597 4.8258e+01      0.963     7.6242  1003.0119     4.8079     10.197          4 0.0000e+00
     11.000   0.675240    13.8424 3.2697e+01      0.961     7.3398  1003.0330     4.8065     11.217          4 0.0000e+00
     12.000   0.673154    13.7007 2.4305e+01      0.952     7.2283  1003.0598     4.8082     12.236          4 0.0000e+00
     13.000   0.664639    13.1577 1.6692e+01      0.963     7.2585  1003.1434     4.8103     13.256          5 0.0000e+00
     14.000   0.650929    12.3368 1.2254e+01      0.950     7.2639  1003.2564     4.8067     14.276          4 0.0000e+00
     15.000   0.646149    11.9372 9.3088e+00      0.945     7.2353  1003.3227     4.8197     15.296          4 0.0000e+00
     16.000   0.645645    11.8183 6.9769e+00      0.954     7.2227  1003.3509     4.8309     16.316          4 0.0000e+00
     17.000   0.646061    11.7603 5.3232e+00      0.933     7.2247  1003.3711     4.8416     17.335          4 0.0000e+00
     18.000   0.644449    11.6385 4.1685e+00      0.940     7.2306  1003.3929     4.8444     18.355          5 0.0000e+00
     19.000   0.640403    11.3708 3.1007e+00      0.943     7.5308  1003.4313     4.8465     19.374          4 0.0000e+00
     20.000   0.628683    10.6229 2.4105e+00      0.952     7.8249  1003.5226     4.8486     20.394          4 0.0000e+00
     21.000   0.613623     9.6040 1.9058e+00      0.954     7.9259  1003.6404     4.8584     21.414          4 0.0000e+00
     22.000   0.606033     9.0098 1.4878e+00      0.942     7.8927  1003.7121     4.8740     22.434          5 0.0000e+00
     23.000   0.604107     8.7767 1.1776e+00      0.931     7.7067  1003.7490     4.8892     23.453          4 0.0000e+00
     24.000   0.602460     8.5554 9.3958e-01      0.915     8.3483  1003.7850     4.9053     24.473          4 0.0000e+00
     25.000   0.586099     7.3915 7.2776e-01      0.927     8.6806  1003.8888     4.9233     25.493          5 0.0000e+00
     26.000   0.562988     5.8431 5.8845e-01      0.916     9.0676  1003.9900     4.9340     26.513          4 0.0000e+00
     27.000   0.545305     4.5367 4.8978e-01      0.898     9.2537  1004.0598     4.9585     27.532          5 0.0000e+00
     28.000   0.531500     3.4654 4.0640e-01      0.900     9.2288  1004.1059     4.9852     28.552          4 0.0000e+00
     29.000   0.527466     2.9616 3.4866e-01      0.904     9.1449  1004.1442     5.0225     29.572          4 0.0000e+00
     30.000   0.527353     2.7361 3.0243e-01      0.914     9.0930  1004.1764     5.0568     30.591          5 0.0000e+00
     31.000   0.527972     2.5622 2.6493e-01      0.917     9.0814  1004.2080     5.0907     31.611          4 0.0000e+00
     32.000   0.528339     2.3739 2.4091e-01      0.878     9.0797  1004.2390     5.1246     32.631          5 0.0000e+00
     33.000   0.528459     2.1821 2.2165e-01      0.872     9.0438  1004.2681     5.1569     33.651          4 0.0000e+00
     34.000   0.528384     1.9496 2.0562e-01      0.897     9.0445  1004.3002     5.1942     34.670          5 0.0000e+00
     35.000   0.529013     1.7064 1.9375e-01      0.909     9.0242  1004.3390     5.2411     35.690          4 0.0000e+00
     36.000   0.531550     1.4878 1.8463e-01      0.929     8.9837  1004.3910     5.3048     36.710          4 0.0000e+00
     37.000   0.534064     1.3989 1.7638e-01      0.978     8.9547  1004.4277     5.3466     37.729          4 0.0000e+00
     38.000   0.535746     1.3763 1.7118e-01      1.047     8.9524  1004.4497     5.3684     38.749          4 0.0000e+00
     39.000   0.536926     1.3688 1.6661e-01      1.084     8.9524  1004.4657     5.3823     39.769          3 0.0000e+00
     40.000   0.537926     1.3577 1.6199e-01      1.084     8.9568  1004.4804     5.3948     40.789          4 0.0000e+00
     41.000   0.538863     1.3460 1.5899e-01      1.070     8.9479  1004.4948     5.4068     41.808          4 0.0000e+00
     42.000   0.539924     1.3499 1.5621e-01      1.070     8.9375  1004.5084     5.4173     42.828          4 0.0000e+00
     43.000   0.541100     1.3601 1.5411e-01      1.052     8.9398  1004.5222     5.4281     43.848          3 0.0000e+00
     44.000   0.542038     1.3663 1.5198e-01      1.029     8.9438  1004.5345     5.4369     44.868          4 0.0000e+00
     45.000   0.542685     1.3682 1.5056e-01      1.043     8.9434  1004.5448     5.4435     45.887          4 0.0000e+00
     46.000   0.543245     1.3667 1.4933e-01      1.058     8.9233  1004.5547     5.4496     46.907          4 0.0000e+00
     47.000   0.543892     1.3670 1.4816e-01      1.061     8.9001  1004.5651     5.4564     47.927          4 0.0000e+00
     48.000   0.544929     1.3780 1.4732e-01      1.066     8.8822  1004.5776     5.4655     48.946          3 0.0000e+00
     49.000   0.545965     1.3870 1.4666e-01      1.054     8.8670  1004.5903     5.4749     49.966          4 0.0000e+00
     50.000   0.546831     1.3941 1.4587e-01      1.042     8.8478  1004.6018     5.4828     50.986          4 0.0000e+00
     51.000   0.547449     1.4005 1.4538e-01      1.046     8.8417  1004.6113     5.4882     52.006          4 0.0000e+00
     52.000   0.548441     1.4081 1.4449e-01      1.038     8.7763  1004.6239     5.4974     53.025          4 0.0000e+00
     53.000   0.550282     1.4351 1.4471e-01      1.040     8.6220  1004.6413     5.5122     54.045          4 0.0000e+00
     54.000   0.552651     1.4880 1.4403e-01      1.059     8.4865  1004.6601     5.5281     55.065          3 0.0000e+00
     55.000   0.554459     1.5329 1.4357e-01      1.064     8.4186  1004.6750     5.5394     56.084          4 0.0000e+00
     56.000   0.555231     1.5512 1.4357e-01      1.067     8.4006  1004.6842     5.5442     57.104          4 0.0000e+00
     57.000   0.555748     1.5638 1.4329e-01      1.077     8.3961  1004.6920     5.5474     58.124          4 0.0000e+00
     58.000   0.556317     1.5744 1.4275e-01      1.067     8.3618  1004.7004     5.5515     59.144          3 0.0000e+00
     59.000   0.557144     1.5944 1.4273e-01      1.051     8.3407  1004.7099     5.5567     60.163          4 0.0000e+00
     60.000   0.557966     1.6156 1.4240e-01      1.053     8.3343  1004.7192     5.5616     61.183          4 0.0000e+00
     61.000   0.558257     1.6231 1.4257e-01      1.040     8.3296  1004.7256     5.5632     62.203          4 0.0000e+00
     62.000   0.558364     1.6264 1.4226e-01      1.040     8.3339  1004.7310     5.5636     63.222          3 0.0000e+00
     63.000   0.558416     1.6275 1.4215e-01      1.066     8.3373  1004.7361     5.5639     64.242          4 0.0000e+00
     64.000   0.558410     1.6248 1.4156e-01      1.111     8.3359  1004.7413     5.5642     65.262          4 0.0000e+00
     65.000   0.558428     1.6248 1.4176e-01      1.141     8.3383  1004.7464     5.5643     66.281          3 0.0000e+00
     66.000   0.558576     1.6292 1.4197e-01      1.124     8.3353  1004.7519     5.5650     67.301          4 0.0000e+00
     67.000   0.558833     1.6368 1.4167e-01      1.101     8.3142  1004.7581     5.5662     68.321          3 0.0000e+00
     68.000   0.559394     1.6534 1.4190e-01      1.103     8.2875  1004.7656     5.5692     69.341          4 0.0000e+00
     69.000   0.560166     1.6751 1.4183e-01      1.107     8.2626  1004.7744     5.5734     70.360          4 0.0000e+00
     70.000   0.560961     1.6959 1.4068e-01      1.102     8.2125  1004.7834     5.5780     71.380          3 0.0000e+00
     71.000   0.562108     1.7270 1.4121e-01      1.108     8.1653  1004.7941     5.5846     72.400          4 0.0000e+00
     72.000   0.563518     1.7649 1.4111e-01      1.116     8.1329  1004.8061     5.5927     73.420          3 0.0000e+00
     73.000   0.564512     1.7914 1.4145e-01      1.116     8.1122  1004.8160     5.5984     74.439          4 0.0000e+00
     74.000   0.565153     1.8103 1.4141e-01      1.137     8.1022  1004.8239     5.6018     75.459          3 0.0000e+00
     75.000   0.565706     1.8251 1.4110e-01      1.144     8.0848  1004.8315     5.6049     76.479          4 0.0000e+00
     76.000   0.566310     1.8407 1.4109e-01      1.131     8.0492  1004.8396     5.6084     77.498          3 0.0000e+00
     77.000   0.567227     1.8643 1.4072e-01      1.158     8.0030  1004.8491     5.6138     78.518          4 0.0000e+00
     78.000   0.568652     1.9021 1.4067e-01      1.183     7.9583  1004.8611     5.6220     79.538          3 0.0000e+00
     79.000   0.570291     1.9478 1.4094e-01      1.150     7.8984  1004.8738     5.6310     80.557          4 0.0000e+00
     80.000   0.571876     1.9945 1.4046e-01      1.127     7.8408  1004.8859     5.6393     81.577          3 0.0000e+00
     81.000   0.573673     2.0452 1.4044e-01      1.122     7.7846  1004.8992     5.6491     82.597          4 0.0000e+00
     82.000   0.575158     2.0859 1.4049e-01      1.118     7.7508  1004.9111     5.6573     83.617          3 0.0000e+00
     83.000   0.576012     2.1103 1.4051e-01      1.139     7.7662  1004.9199     5.6618     84.637          4 0.0000e+00
     84.000   0.576551     2.1281 1.4011e-01      1.172     7.7024  1004.9268     5.6642     85.656          3 0.0000e+00
     85.000   0.578019     2.1700 1.3965e-01      1.160     7.5945  1004.9383     5.6720     86.676          4 0.0000e+00
     86.000   0.582382     2.2698 1.3980e-01      1.165     7.4839  1004.9661     5.6997     87.696          3 0.0000e+00
     87.000   0.586436     2.3636 1.4030e-01      1.161     7.3806  1004.9918     5.7251     88.715          4 0.0000e+00
     88.000   0.589851     2.4451 1.3989e-01      1.136     7.3039  1005.0136     5.7459     89.735          3 0.0000e+00
     89.000   0.592968     2.5149 1.3976e-01      1.139     7.2515  1005.0344     5.7657     90.755          4 0.0000e+00
     90.000   0.594855     2.5610 1.4007e-01      1.128     7.2148  1005.0483     5.7768     91.775          4 0.0000e+00
     91.000   0.596715     2.6047 1.3987e-01      1.085     7.1819  1005.0623     5.7881     92.794          3 0.0000e+00
     92.000   0.598215     2.6405 1.3987e-01      1.072     7.1424  1005.0743     5.7971     93.814          4 0.0000e+00
     93.000   0.599282     2.6681 1.3928e-01      1.077     7.1221  1005.0839     5.8030     94.834          4 0.0000e+00
     94.000   0.600120     2.6901 1.3964e-01      1.078     7.1137  1005.0925     5.8076     95.853          3 0.0000e+00
     95.000   0.600741     2.7083 1.3946e-01      1.108     7.0865  1005.0998     5.8106     96.873          4 0.0000e+00
     96.000   0.601846     2.7348 1.3923e-01      1.109     7.0619  1005.1098     5.8171     97.893          4 0.0000e+00
     97.000   0.602824     2.7591 1.3898e-01      1.070     7.0388  1005.1192     5.8227     98.912          3 0.0000e+00
     98.000   0.603622     2.7803 1.3972e-01      1.077     7.0076  1005.1274     5.8270     99.932          4 0.0000e+00
     99.000   0.604665     2.8050 1.3874e-01      1.101     6.9836  1005.1372     5.8331    100.952          4 0.0000e+00
    100.000   0.605886     2.8337 1.3970e-01      1.090     6.9320  1005.1478     5.8404    101.971          3 0.0000e+00
    101.000   0.607448     2.8713 1.3909e-01      1.099     6.8558  1005.1598     5.8495    102.991          4 0.0000e+00
    102.000   0.610647     2.9390 1.3887e-01      1.101     6.7647  1005.1807     5.8700    104.011          4 0.0000e+00
    103.000   0.614670     3.0220 1.3899e-01      1.088     6.6295  1005.2058     5.8961    105.031          3 0.0000e+00
    104.000   0.619634     3.1252 1.3880e-01      1.079     6.5095  1005.2352     5.9279    106.050          4 0.0000e+00
    105.000   0.625266     3.2360 1.3879e-01      1.083     6.4372  1005.2685     5.9650    107.070          4 0.0000e+00
    106.000   0.628728     3.3107 1.3810e-01      1.098     6.3736  1005.2896     5.9864    108.090          3 0.0000e+00
    107.000   0.631751     3.3764 1.3853e-01      1.127     6.3100  1005.3083     6.0049    109.109          4 0.0000e+00
    108.000   0.635139     3.4458 1.3779e-01      1.109     6.2592  1005.3293     6.0264    110.129          3 0.0000e+00
    109.000   0.637601     3.4984 1.3823e-01      1.098     6.2394  1005.3454     6.0415    111.149          4 0.0000e+00
    110.000   0.639215     3.5316 1.3771e-01      1.094     6.2080  1005.3578     6.0516    112.169          4 0.0000e+00
    111.000   0.640244     3.5536 1.3788e-01      1.064     6.1798  1005.3673     6.0578    113.188          4 0.0000e+00
    112.000   0.641869     3.5811 1.3788e-01      1.062     6.1403  1005.3807     6.0690    114.208          3 0.0000e+00
    113.000   0.643615     3.6103 1.3767e-01      1.073     6.0763  1005.3947     6.0811    115.228          4 0.0000e+00
    114.000   0.646442     3.6529 1.3808e-01      1.059     5.9722  1005.4151     6.1016    116.248          4 0.0000e+00
    115.000   0.650490     3.7110 1.3757e-01      1.066     5.8918  1005.4427     6.1315    117.267          4 0.0000e+00
    116.000   0.654503     3.7657 1.3761e-01      1.064     5.8456  1005.4704     6.1616    118.287          3 0.0000e+00
    117.000   0.656154     3.7910 1.3687e-01      1.047     5.8273  1005.4841     6.1733    119.307          4 0.0000e+00
    118.000   0.656716     3.8008 1.3715e-01      1.053     5.8227  1005.4917     6.1770    120.326          4 0.0000e+00
    119.000   0.657123     3.8071 1.3709e-01      1.052     5.8238  1005.4987     6.1799    121.346          4 0.0000e+00
    120.000   0.657384     3.8114 1.3717e-01      1.026     5.8230  1005.5048     6.1815    122.366          4 0.0000e+00
    121.000   0.657615     3.8149 1.3685e-01      1.022     5.8151  1005.5108     6.1831    123.386          4 0.0000e+00
    122.000   0.657910     3.8187 1.3702e-01      1.019     5.8120  1005.5173     6.1852    124.405          4 0.0000e+00
    123.000   0.658087     3.8212 1.3675e-01      1.013     5.8059  1005.5231     6.1864    125.425          4 0.0000e+00
    124.000   0.658290     3.8242 1.3647e-01      1.015     5.7939  1005.5290     6.1878    126.445          4 0.0000e+00
    125.000   0.658724     3.8297 1.3710e-01      1.032     5.7875  1005.5364     6.1910    127.465          3 0.0000e+00
    126.000   0.659474     3.8387 1.3669e-01      1.042     5.7557  1005.5456     6.1968    128.484          4 0.0000e+00
    127.000   0.660531     3.8513 1.3602e-01      1.049     5.6997  1005.5567     6.2049    129.504          4 0.0000e+00
    128.000   0.662669     3.8746 1.3684e-01      1.047     5.6453  1005.5745     6.2218    130.523          4 0.0000e+00
    129.000   0.664919     3.8974 1.3678e-01      1.040     5.6185  1005.5933     6.2400    131.544          4 0.0000e+00
    130.000   0.665912     3.9082 1.3658e-01      1.044     5.6086  1005.6042     6.2479    132.563          4 0.0000e+00
    131.000   0.666376     3.9127 1.3594e-01      1.043     5.5922  1005.6119     6.2515    133.583          4 0.0000e+00
