ctdpy/exports/archive_20191121_115250/received_data/c3_v28_18.cnv
* Sea-Bird SBE19plus Data File:
* FileName = C:\CTD\CTD 2018\v28\C3_v28_18.hex
* Software Version 1.59
* Temperature SN =  4644
* Conductivity SN =  4644
* System UpLoad Time = Jul 10 2018 14:37:21
** C3_v28_18
* ds
# nquan = 11
# nvalues = 197                         
# units = specified
# name 0 = prdM: Pressure, Strain Gauge [db]
# name 1 = c0S/m: Conductivity [S/m]
# name 2 = tv290C: Temperature [ITS-90, deg C]
# name 3 = par: PAR/Irradiance, Biospherical/Licor
# name 4 = dz/dtM: Descent Rate [m/s]
# name 5 = sbeox0ML/L: Oxygen, SBE 43 [ml/l]
# name 6 = density00: Density [density, kg/m^3]
# name 7 = sal00: Salinity, Practical [PSU]
# name 8 = depFM: Depth [fresh water, m], lat = 0
# name 9 = nbin: number of scans per bin
# name 10 = flag: flag
# span 0 =      1.000,    197.000       
# span 1 =   0.527353,   0.717002       
# span 2 =     1.3460,    16.0777       
# span 3 = 1.2732e-01, 1.2184e+03       
# span 4 =     -0.028,      1.183       
# span 5 =     4.7907,     9.2537       
# span 6 =  1002.6601,  1006.0135       
# span 7 =     4.8065,     6.3559       
# span 8 =      1.020,    200.884       
# span 9 =          3,          8       
# span 10 = 0.0000e+00, 0.0000e+00      
# interval = decibars: 1                
# start_time = Jul 10 2018 14:12:46 [Instrument's time stamp, header]
# bad_flag = -9.990e-29
*END*
[from data line 132]
    133.000   0.667359     3.9187 1.3583e-01      0.989     5.5535  1005.6283     6.2601    135.622          4 0.0000e+00
    134.000   0.667795     3.9210 1.3535e-01      0.974     5.5445  1005.6361     6.2639    136.642          4 0.0000e+00
    135.000   0.668127     3.9225 1.3547e-01      0.991     5.5325  1005.6433     6.2668    137.662          4 0.0000e+00
    136.000   0.668426     3.9239 1.3586e-01      0.998     5.5252  1005.6502     6.2694    138.682          4 0.0000e+00
    137.000   0.668679     3.9252 1.3539e-01      0.998     5.5146  1005.6568     6.2716    139.701          4 0.0000e+00
    138.000   0.668890     3.9264 1.3591e-01      1.000     5.5003  1005.6631     6.2734    140.721          4 0.0000e+00
    139.000   0.669086     3.9273 1.3552e-01      0.997     5.5020  1005.6693     6.2751    141.741          4 0.0000e+00
    140.000   0.669356     3.9283 1.3457e-01      0.986     5.4846  1005.6760     6.2775    142.760          4 0.0000e+00
    141.000   0.669766     3.9295 1.3439e-01      0.989     5.4667  1005.6839     6.2813    143.780          4 0.0000e+00
    142.000   0.670380     3.9312 1.3498e-01      0.991     5.4579  1005.6933     6.2870    144.800          4 0.0000e+00
    143.000   0.670827     3.9317 1.3492e-01      0.981     5.4522  1005.7015     6.2913    145.819          4 0.0000e+00
    144.000   0.671007     3.9311 1.3469e-01      0.980     5.4418  1005.7079     6.2930    146.839          4 0.0000e+00
    145.000   0.671113     3.9301 1.3492e-01      0.986     5.4372  1005.7137     6.2942    147.859          4 0.0000e+00
    146.000   0.671194     3.9298 1.3382e-01      0.989     5.4284  1005.7192     6.2949    148.879          4 0.0000e+00
    147.000   0.671261     3.9297 1.3355e-01      0.989     5.4287  1005.7245     6.2955    149.898          4 0.0000e+00
    148.000   0.671355     3.9291 1.3423e-01      0.996     5.4204  1005.7301     6.2965    150.918          4 0.0000e+00
    149.000   0.671436     3.9288 1.3367e-01      0.985     5.4172  1005.7356     6.2973    151.938          4 0.0000e+00
    150.000   0.671490     3.9291 1.3412e-01      0.975     5.4095  1005.7408     6.2977    152.957          4 0.0000e+00
    151.000   0.671543     3.9295 1.3336e-01      0.985     5.4070  1005.7459     6.2980    153.977          4 0.0000e+00
    152.000   0.671606     3.9302 1.3343e-01      1.015     5.4048  1005.7511     6.2983    154.996          4 0.0000e+00
    153.000   0.671630     3.9306 1.3315e-01      1.033     5.4058  1005.7560     6.2984    156.017          4 0.0000e+00
    154.000   0.671647     3.9307 1.3376e-01      1.040     5.4079  1005.7609     6.2984    157.036          4 0.0000e+00
    155.000   0.671667     3.9307 1.3353e-01      1.024     5.3965  1005.7659     6.2985    158.056          4 0.0000e+00
    156.000   0.671687     3.9307 1.3249e-01      1.015     5.3982  1005.7708     6.2986    159.076          4 0.0000e+00
    157.000   0.671721     3.9309 1.3279e-01      1.048     5.3955  1005.7759     6.2988    160.095          3 0.0000e+00
    158.000   0.671759     3.9313 1.3250e-01      1.083     5.3905  1005.7809     6.2990    161.115          4 0.0000e+00
    159.000   0.671834     3.9317 1.3289e-01      1.055     5.3761  1005.7862     6.2996    162.135          4 0.0000e+00
    160.000   0.671963     3.9316 1.3309e-01      1.048     5.3635  1005.7920     6.3008    163.155          4 0.0000e+00
    161.000   0.672179     3.9312 1.3210e-01      1.053     5.3419  1005.7986     6.3029    164.174          4 0.0000e+00
    162.000   0.672418     3.9305 1.3284e-01      1.063     5.3140  1005.8054     6.3053    165.194          3 0.0000e+00
    163.000   0.672757     3.9293 1.3239e-01      1.066     5.2933  1005.8131     6.3088    166.214          4 0.0000e+00
    164.000   0.672983     3.9267 1.3228e-01      1.055     5.2719  1005.8202     6.3115    167.234          4 0.0000e+00
    165.000   0.673098     3.9241 1.3246e-01      1.056     5.2418  1005.8263     6.3131    168.253          4 0.0000e+00
    166.000   0.673254     3.9232 1.3225e-01      1.080     5.1994  1005.8325     6.3147    169.273          3 0.0000e+00
    167.000   0.673572     3.9266 1.3179e-01      1.086     5.1470  1005.8393     6.3171    170.293          4 0.0000e+00
    168.000   0.674206     3.9371 1.3203e-01      1.074     5.0775  1005.8472     6.3214    171.312          4 0.0000e+00
    169.000   0.674962     3.9506 1.3215e-01      1.071     5.0283  1005.8556     6.3262    172.332          4 0.0000e+00
    170.000   0.675683     3.9641 1.3170e-01      1.052     5.0045  1005.8637     6.3307    173.352          3 0.0000e+00
    171.000   0.675987     3.9705 1.3155e-01      1.020     5.0017  1005.8698     6.3324    174.372          4 0.0000e+00
    172.000   0.676090     3.9728 1.3113e-01      1.011     4.9976  1005.8750     6.3329    175.391          4 0.0000e+00
    173.000   0.676186     3.9745 1.3101e-01      1.041     4.9879  1005.8802     6.3334    176.411          4 0.0000e+00
    174.000   0.676317     3.9769 1.3116e-01      1.057     4.9768  1005.8856     6.3342    177.431          4 0.0000e+00
    175.000   0.676479     3.9794 1.3119e-01      1.068     4.9635  1005.8913     6.3352    178.450          4 0.0000e+00
    176.000   0.676569     3.9808 1.3122e-01      1.060     4.9643  1005.8965     6.3357    179.470          3 0.0000e+00
    177.000   0.676605     3.9815 1.3077e-01      1.035     4.9643  1005.9015     6.3358    180.490          4 0.0000e+00
    178.000   0.676627     3.9818 1.3060e-01      1.019     4.9768  1005.9063     6.3359    181.509          4 0.0000e+00
    179.000   0.676628     3.9819 1.3064e-01      1.007     4.9630  1005.9111     6.3358    182.529          4 0.0000e+00
    180.000   0.676683     3.9830 1.3008e-01      0.994     4.9276  1005.9162     6.3360    183.549          4 0.0000e+00
    181.000   0.676833     3.9854 1.3047e-01      0.994     4.9291  1005.9217     6.3369    184.569          4 0.0000e+00
    182.000   0.677031     3.9888 1.2996e-01      0.998     4.8991  1005.9274     6.3381    185.588          4 0.0000e+00
    183.000   0.677276     3.9933 1.3043e-01      1.020     4.8705  1005.9334     6.3396    186.608          4 0.0000e+00
    184.000   0.677565     3.9985 1.2953e-01      1.035     4.8427  1005.9395     6.3414    187.628          4 0.0000e+00
    185.000   0.677873     4.0036 1.2970e-01      1.032     4.8167  1005.9459     6.3434    188.647          4 0.0000e+00
    186.000   0.678157     4.0079 1.3022e-01      1.031     4.7991  1005.9521     6.3452    189.667          4 0.0000e+00
    187.000   0.678381     4.0114 1.2959e-01      1.041     4.7907  1005.9580     6.3467    190.687          4 0.0000e+00
    188.000   0.678643     4.0151 1.2928e-01      1.028     4.7918  1005.9642     6.3485    191.707          4 0.0000e+00
    189.000   0.678892     4.0186 1.2928e-01      1.011     4.7956  1005.9704     6.3502    192.726          4 0.0000e+00
    190.000   0.679169     4.0218 1.2881e-01      1.014     4.8013  1005.9767     6.3523    193.746          3 0.0000e+00
    191.000   0.679278     4.0232 1.2941e-01      1.016     4.8032  1005.9822     6.3529    194.766          4 0.0000e+00
    192.000   0.679338     4.0240 1.2868e-01      1.015     4.8015  1005.9873     6.3533    195.786          4 0.0000e+00
    193.000   0.679417     4.0251 1.2823e-01      0.999     4.8091  1005.9924     6.3538    196.805          4 0.0000e+00
    194.000   0.679539     4.0268 1.2803e-01      0.997     4.8077  1005.9979     6.3545    197.825          5 0.0000e+00
    195.000   0.679637     4.0281 1.2873e-01      1.000     4.8056  1006.0033     6.3551    198.845          4 0.0000e+00
    196.000   0.679710     4.0290 1.2815e-01      1.013     4.7968  1006.0084     6.3556    199.864          5 0.0000e+00
    197.000   0.679815     4.0320 1.2732e-01      0.591     4.7957  1006.0135     6.3559    200.884          8 0.0000e+00
