ctdpy/exports/archive_20191121_115250/received_data/c3_v50_18.cnv
* Sea-Bird SBE19plus Data File:
* FileName = C:\CTD\SBE_19plus\Temp\C3_v50_18.hex
* Software Version 1.59
* Temperature SN =  4644
* Conductivity SN =  4644
* System UpLoad Time = Dec 16 2018 21:40:20
** C3 2018K25 v50
* ds
# nquan = 11
# nvalues = 196                         
# units = specified
# name 0 = prdM: Pressure, Strain Gauge [db]
# name 1 = c0S/m: Conductivity [S/m]
# name 2 = tv290C: Temperature [ITS-90, deg C]
# name 3 = par: PAR/Irradiance, Biospherical/Licor
# name 4 = dz/dtM: Descent Rate [m/s]
# name 5 = sbeox0ML/L: Oxygen, SBE 43 [ml/l]
# name 6 = density00: Density [density, kg/m^3]
# name 7 = sal00: Salinity, Practical [PSU]
# name 8 = depFM: Depth [fresh water, m], lat = 58
# name 9 = nbin: number of scans per bin
# name 10 = flag: flag
# span 0 =      1.000,    196.000       
# span 1 =   0.556978,   0.678469       
# span 2 =     3.5913,     5.4515       
# span 3 = 4.4006e-02, 1.0615e+01       
# span 4 =     -0.532,      1.354       
# span 5 =     4.7200,     8.3097       
# span 6 =  1003.9900,  1006.0335       
# span 7 =     5.0334,     6.3889       
# span 8 =      1.019,    199.865       
# span 9 =          1,         11       
# span 10 = 0.0000e+00, 0.0000e+00      
# interval = decibars: 1                
# start_time = Dec 11 2018 13:20:16 [Instrument's time stamp, header]
# bad_flag = -9.990e-29
*END*
[from data line 132]
    133.000   0.654983     3.6430 4.5785e-02      1.171     5.2451  1005.5768     6.1878    135.622          4 0.0000e+00
    134.000   0.655236     3.6407 4.5698e-02      1.156     5.2508  1005.5840     6.1906    136.642          3 0.0000e+00
    135.000   0.655602     3.6402 4.5755e-02      1.055     5.2478  1005.5918     6.1943    137.662          4 0.0000e+00
    136.000   0.656310     3.6450 4.5558e-02      0.926     5.2572  1005.6015     6.2005    138.681          5 0.0000e+00
    137.000   0.657387     3.6516 4.5716e-02      0.909     5.2462  1005.6138     6.2100    139.701          3 0.0000e+00
    138.000   0.658493     3.6663 4.5704e-02      1.019     5.2119  1005.6250     6.2183    140.721          4 0.0000e+00
    139.000   0.659617     3.6853 4.5577e-02      1.141     5.1655  1005.6356     6.2259    141.741          4 0.0000e+00
    140.000   0.660699     3.7021 4.5853e-02      1.167     5.1354  1005.6462     6.2336    142.760          3 0.0000e+00
    141.000   0.661515     3.7135 4.5599e-02      1.075     5.1169  1005.6556     6.2395    143.780          4 0.0000e+00
    142.000   0.662020     3.7164 4.5856e-02      0.998     5.1100  1005.6639     6.2439    144.800          4 0.0000e+00
    143.000   0.662325     3.7174 4.5836e-02      0.991     5.0908  1005.6710     6.2467    145.819          4 0.0000e+00
    144.000   0.662794     3.7263 4.5665e-02      0.979     5.0735  1005.6780     6.2496    146.839          4 0.0000e+00
    145.000   0.663243     3.7360 4.5884e-02      0.929     5.0708  1005.6847     6.2522    147.859          4 0.0000e+00
    146.000   0.663447     3.7366 4.5739e-02      0.981     5.0910  1005.6911     6.2540    148.878          4 0.0000e+00
    147.000   0.663342     3.7271 4.5436e-02      1.133     5.1320  1005.6966     6.2547    149.898          4 0.0000e+00
    148.000   0.663150     3.7100 4.5792e-02      1.210     5.1522  1005.7029     6.2559    150.918          3 0.0000e+00
    149.000   0.663349     3.6991 4.5753e-02      1.109     5.1218  1005.7111     6.2599    151.938          4 0.0000e+00
    150.000   0.664184     3.7171 4.5747e-02      0.943     5.0043  1005.7195     6.2647    152.957          5 0.0000e+00
    151.000   0.665502     3.7594 4.5690e-02      0.894     4.8844  1005.7275     6.2698    153.977          4 0.0000e+00
    152.000   0.666677     3.7986 4.5841e-02      0.973     4.8108  1005.7349     6.2740    154.997          3 0.0000e+00
    153.000   0.667314     3.8215 4.5662e-02      1.116     4.7839  1005.7408     6.2760    156.016          4 0.0000e+00
    154.000   0.667630     3.8326 4.5649e-02      1.157     4.7800  1005.7461     6.2769    157.036          4 0.0000e+00
    155.000   0.667819     3.8363 4.5672e-02      1.067     4.7851  1005.7518     6.2780    158.056          4 0.0000e+00
    156.000   0.668006     3.8377 4.5715e-02      1.009     4.7885  1005.7579     6.2794    159.076          4 0.0000e+00
    157.000   0.668120     3.8376 4.5623e-02      1.013     4.7868  1005.7636     6.2805    160.095          3 0.0000e+00
    158.000   0.668191     3.8373 4.5737e-02      0.992     4.7907  1005.7690     6.2812    161.115          4 0.0000e+00
    159.000   0.668257     3.8376 4.5606e-02      0.973     4.8030  1005.7743     6.2817    162.135          4 0.0000e+00
    160.000   0.668399     3.8370 4.5756e-02      1.043     4.8267  1005.7803     6.2831    163.155          4 0.0000e+00
    161.000   0.668502     3.8322 4.5688e-02      1.133     4.8416  1005.7867     6.2849    164.174          4 0.0000e+00
    162.000   0.668465     3.8258 4.5592e-02      1.110     4.8523  1005.7924     6.2857    165.194          4 0.0000e+00
    163.000   0.668408     3.8220 4.5620e-02      0.984     4.8650  1005.7974     6.2858    166.214          4 0.0000e+00
    164.000   0.668336     3.8184 4.5726e-02      0.946     4.8740  1005.8022     6.2856    167.234          4 0.0000e+00
    165.000   0.668273     3.8146 4.5685e-02      1.035     4.8950  1005.8072     6.2856    168.253          3 0.0000e+00
    166.000   0.668171     3.8077 4.5430e-02      1.101     4.9479  1005.8123     6.2858    169.273          4 0.0000e+00
    167.000   0.667890     3.7909 4.5550e-02      1.032     4.9762  1005.8178     6.2860    170.293          4 0.0000e+00
    168.000   0.667895     3.7846 4.5578e-02      0.957     4.9604  1005.8238     6.2872    171.312          4 0.0000e+00
    169.000   0.668502     3.7986 4.5627e-02      0.947     4.9504  1005.8310     6.2905    172.332          4 0.0000e+00
    170.000   0.668814     3.8026 4.5387e-02      1.006     4.9295  1005.8375     6.2928    173.352          4 0.0000e+00
    171.000   0.669133     3.8071 4.5588e-02      1.081     4.8783  1005.8441     6.2950    174.371          4 0.0000e+00
    172.000   0.669809     3.8239 4.5689e-02      1.047     4.8358  1005.8513     6.2985    175.391          4 0.0000e+00
    173.000   0.670345     3.8387 4.5416e-02      0.955     4.8224  1005.8578     6.3009    176.411          4 0.0000e+00
    174.000   0.670431     3.8402 4.5472e-02      0.951     4.8449  1005.8630     6.3014    177.430          5 0.0000e+00
    175.000   0.670354     3.8347 4.5360e-02      0.998     4.8669  1005.8681     6.3015    178.450          4 0.0000e+00
    176.000   0.670298     3.8269 4.5417e-02      1.003     4.8711  1005.8739     6.3023    179.470          6 0.0000e+00
    177.000   0.670266     3.8212 4.5518e-02      0.283     4.8965  1005.8794     6.3030    180.490          9 0.0000e+00
    178.000   0.669977     3.8048 4.5602e-02      0.439     4.9427  1005.8848     6.3031    181.510          6 0.0000e+00
    179.000   0.669825     3.7916 4.5454e-02      0.845     4.9988  1005.8907     6.3040    182.529          4 0.0000e+00
    180.000   0.669562     3.7748 4.5331e-02      0.900     4.9322  1005.8963     6.3045    183.549          4 0.0000e+00
    181.000   0.670216     3.7914 4.5331e-02      0.997     4.8737  1005.9034     6.3078    184.569          4 0.0000e+00
    182.000   0.671434     3.8217 4.5581e-02      1.104     4.9460  1005.9126     6.3142    185.588          4 0.0000e+00
    183.000   0.671129     3.7965 4.5528e-02      1.146     5.0307  1005.9194     6.3158    186.608          4 0.0000e+00
    184.000   0.670796     3.7655 4.5485e-02      1.055     5.0316  1005.9270     6.3183    187.628          4 0.0000e+00
    185.000   0.671330     3.7704 4.5574e-02      0.839     4.9538  1005.9352     6.3226    188.647          5 0.0000e+00
    186.000   0.672373     3.7970 4.5438e-02      0.787     4.9263  1005.9437     6.3279    189.667          4 0.0000e+00
    187.000   0.673035     3.8005 4.5318e-02      1.000     4.9279  1005.9531     6.3338    190.687          7 0.0000e+00
    188.000   0.673144     3.8025 4.5422e-02      0.024     4.9291  1005.9585     6.3344    191.707         10 0.0000e+00
    189.000   0.673836     3.8007 4.5388e-02      0.600     4.9895  1005.9691     6.3416    192.727          5 0.0000e+00
    190.000   0.675886     3.7987 4.5307e-02      0.951     5.0476  1005.9907     6.3625    193.746          4 0.0000e+00
    191.000   0.677745     3.7965 4.5227e-02      1.165     5.0609  1006.0108     6.3816    194.765          4 0.0000e+00
    192.000   0.678315     3.7960 4.5137e-02      1.172     5.0672  1006.0202     6.3874    195.785          6 0.0000e+00
    193.000   0.678411     3.7963 4.5244e-02      0.165     5.0574  1006.0257     6.3882    196.805          7 0.0000e+00
    194.000   0.678469     3.7951 4.5122e-02      0.664     5.0626  1006.0311     6.3889    197.825          6 0.0000e+00
    195.000   0.678150     3.7943 4.5319e-02      0.793     5.0033  1006.0335     6.3857    198.845          8 0.0000e+00
    196.000   0.674366     3.7946 4.4006e-02      0.164     4.7200  1006.0080     6.3472    199.865          1 0.0000e+00
