ctdpy/exports/archive_20191121_115250/received_data/c3_v20_18.cnv
* Sea-Bird SBE19plus Data File:
* FileName = C:\CTD\CTD 2018\v20\C3_v20_18.hex
* Software Version 1.59
* Temperature SN =  7668
* Conductivity SN =  7668
* System UpLoad Time = May 15 2018 14:03:56
** C3_v20_18
* ds
# nquan = 10
# nvalues = 198                         
# units = specified
# name 0 = prdM: Pressure, Strain Gauge [db]
# name 1 = c0S/m: Conductivity [S/m]
# name 2 = tv290C: Temperature [ITS-90, deg C]
# name 3 = par: PAR/Irradiance, Biospherical/Licor
# name 4 = dz/dtM: Descent Rate [m/s]
# name 5 = density00: Density [density, kg/m^3]
# name 6 = sal00: Salinity, Practical [PSU]
# name 7 = depFM: Depth [fresh water, m], lat = 0
# name 8 = nbin: number of scans per bin
# name 9 = flag: flag
# span 0 =      1.000,    198.000       
# span 1 =   0.527171,   0.673277       
# span 2 =     0.6556,     3.9368       
# span 3 = 1.0000e-12, 1.4519e+03       
# span 4 =      0.194,      1.177       
# span 5 =  1004.1147,  1006.0021       
# span 6 =     5.1585,     6.3288       
# span 7 =      1.020,    201.904       
# span 8 =          3,         20       
# span 9 = 0.0000e+00, 0.0000e+00       
# interval = decibars: 1                
# start_time = May 15 2018 13:44:39 [Instrument's time stamp, header]
# bad_flag = -9.990e-29
*END*
[from data line 145]
    146.000   0.670615     3.8761 1.0000e-12      0.999  1005.7241     6.2995    148.879          4 0.0000e+00
    147.000   0.670670     3.8745 1.0000e-12      0.997  1005.7295     6.3002    149.898          5 0.0000e+00
    148.000   0.670760     3.8726 1.0000e-12      0.993  1005.7354     6.3014    150.918          4 0.0000e+00
    149.000   0.670891     3.8698 1.0000e-12      0.991  1005.7417     6.3032    151.938          4 0.0000e+00
    150.000   0.670995     3.8673 1.0000e-12      0.989  1005.7478     6.3046    152.957          4 0.0000e+00
    151.000   0.671054     3.8657 1.0000e-12      0.991  1005.7533     6.3053    153.977          4 0.0000e+00
    152.000   0.671095     3.8649 1.0000e-12      1.014  1005.7586     6.3058    154.997          3 0.0000e+00
    153.000   0.671164     3.8636 1.0000e-12      1.030  1005.7642     6.3066    156.016          4 0.0000e+00
    154.000   0.671233     3.8623 1.0000e-12      1.035  1005.7697     6.3075    157.036          4 0.0000e+00
    155.000   0.671273     3.8615 1.0000e-12      1.033  1005.7750     6.3079    158.056          4 0.0000e+00
    156.000   0.671318     3.8608 1.0000e-12      1.045  1005.7802     6.3084    159.076          4 0.0000e+00
    157.000   0.671375     3.8601 1.0000e-12      1.064  1005.7857     6.3090    160.095          4 0.0000e+00
    158.000   0.671433     3.8594 1.0000e-12      1.047  1005.7910     6.3096    161.115          3 0.0000e+00
    159.000   0.671501     3.8586 1.0000e-12      1.040  1005.7965     6.3103    162.135          4 0.0000e+00
    160.000   0.671581     3.8572 1.0000e-12      1.053  1005.8022     6.3113    163.154          4 0.0000e+00
    161.000   0.671662     3.8556 1.0000e-12      1.061  1005.8079     6.3123    164.174          4 0.0000e+00
    162.000   0.671736     3.8540 1.0000e-12      1.069  1005.8136     6.3132    165.194          3 0.0000e+00
    163.000   0.671831     3.8519 1.0000e-12      1.067  1005.8195     6.3144    166.214          4 0.0000e+00
    164.000   0.671911     3.8503 1.0000e-12      1.064  1005.8252     6.3154    167.233          4 0.0000e+00
    165.000   0.671975     3.8490 1.0000e-12      1.069  1005.8307     6.3162    168.253          4 0.0000e+00
    166.000   0.672054     3.8473 1.0000e-12      1.077  1005.8364     6.3172    169.273          3 0.0000e+00
    167.000   0.672123     3.8453 1.0000e-12      1.083  1005.8421     6.3182    170.293          4 0.0000e+00
    168.000   0.672164     3.8441 1.0000e-12      1.080  1005.8475     6.3187    171.312          4 0.0000e+00
    169.000   0.672191     3.8434 1.0000e-12      1.075  1005.8526     6.3190    172.332          4 0.0000e+00
    170.000   0.672214     3.8428 1.0000e-12      1.068  1005.8577     6.3193    173.352          3 0.0000e+00
    171.000   0.672245     3.8420 1.0000e-12      1.050  1005.8628     6.3196    174.371          4 0.0000e+00
    172.000   0.672276     3.8414 1.0000e-12      1.031  1005.8680     6.3199    175.391          4 0.0000e+00
    173.000   0.672317     3.8409 1.0000e-12      1.033  1005.8732     6.3203    176.411          4 0.0000e+00
    174.000   0.672366     3.8405 1.0000e-12      1.052  1005.8784     6.3208    177.431          4 0.0000e+00
    175.000   0.672405     3.8402 1.0000e-12      1.072  1005.8836     6.3211    178.450          3 0.0000e+00
    176.000   0.672439     3.8400 1.0000e-12      1.072  1005.8887     6.3214    179.470          4 0.0000e+00
    177.000   0.672479     3.8395 1.0000e-12      1.049  1005.8939     6.3218    180.489          4 0.0000e+00
    178.000   0.672525     3.8388 1.0000e-12      1.033  1005.8992     6.3223    181.510          4 0.0000e+00
    179.000   0.672573     3.8381 1.0000e-12      1.029  1005.9045     6.3228    182.529          4 0.0000e+00
    180.000   0.672613     3.8375 1.0000e-12      1.023  1005.9097     6.3232    183.549          4 0.0000e+00
    181.000   0.672644     3.8370 1.0000e-12      1.005  1005.9148     6.3235    184.569          4 0.0000e+00
    182.000   0.672666     3.8366 1.0000e-12      0.990  1005.9198     6.3236    185.588          4 0.0000e+00
    183.000   0.672684     3.8365 1.0000e-12      1.004  1005.9247     6.3237    186.608          4 0.0000e+00
    184.000   0.672702     3.8366 1.0000e-12      1.039  1005.9297     6.3238    187.628          4 0.0000e+00
    185.000   0.672721     3.8366 1.0000e-12      1.030  1005.9346     6.3239    188.648          4 0.0000e+00
    186.000   0.672741     3.8364 1.0000e-12      1.013  1005.9396     6.3240    189.667          4 0.0000e+00
    187.000   0.672775     3.8365 1.0000e-12      1.019  1005.9446     6.3242    190.687          4 0.0000e+00
    188.000   0.672836     3.8372 1.0000e-12      1.024  1005.9498     6.3246    191.707          5 0.0000e+00
    189.000   0.672910     3.8389 1.0000e-12      0.523  1005.9549     6.3249    192.726         11 0.0000e+00
    190.000   0.673045     3.8421 1.0000e-12      0.319  1005.9602     6.3255    193.746          7 0.0000e+00
    191.000   0.673218     3.8459 1.0000e-12      0.698  1005.9657     6.3264    194.766          6 0.0000e+00
    192.000   0.673277     3.8457 1.0000e-12      0.704  1005.9709     6.3269    195.785          6 0.0000e+00
    193.000   0.673197     3.8390 1.0000e-12      0.673  1005.9763     6.3273    196.805          8 0.0000e+00
    194.000   0.673167     3.8343 1.0000e-12      0.260  1005.9817     6.3278    197.825         15 0.0000e+00
    195.000   0.673153     3.8314 1.0000e-12      0.220  1005.9869     6.3281    198.845         18 0.0000e+00
    196.000   0.673203     3.8318 1.0000e-12      0.213  1005.9920     6.3284    199.864         19 0.0000e+00
    197.000   0.673203     3.8301 1.0000e-12      0.212  1005.9971     6.3286    200.884         20 0.0000e+00
    198.000   0.673219     3.8291 1.0000e-12      0.194  1006.0021     6.3288    201.904         15 0.0000e+00
