ctdpy/exports/archive_20191121_115250/received_data/c3_v41_18.cnv
* Sea-Bird SBE19plus Data File:
* FileName = C:\CTD\CTD 2018\v41\C3_v41_18.hex
* Software Version 1.59
* Temperature SN =  4644
* Conductivity SN =  4644
* System UpLoad Time = Oct 09 2018 12:33:31
** C3 k23 v41 2018
* ds
# nquan = 11
# nvalues = 197                         
# units = specified
# name 0 = prdM: Pressure, Strain Gauge [db]
# name 1 = c0S/m: Conductivity [S/m]
# name 2 = tv290C: Temperature [ITS-90, deg C]
# name 3 = par: PAR/Irradiance, Biospherical/Licor
# name 4 = dz/dtM: Descent Rate [m/s]
# name 5 = sbeox0ML/L: Oxygen, SBE 43 [ml/l]
# name 6 = density00: Density [density, kg/m^3]
# name 7 = sal00: Salinity, Practical [PSU]
# name 8 = depFM: Depth [fresh water, m], lat = 58
# name 9 = nbin: number of scans per bin
# name 10 = flag: flag
# span 0 =      1.000,    197.000       
# span 1 =   0.562110,   0.676679       
# span 2 =     2.1814,     8.5021       
# span 3 = 6.3863e-02, 6.5941e+01       
# span 4 =     -0.342,      1.491       
# span 5 =     3.7963,     8.7661       
# span 6 =  1003.7882,  1005.9894       
# span 7 =     5.0374,     6.3314       
# span 8 =      1.020,    200.884       
# span 9 =          3,          7       
# span 10 = 0.0000e+00, 0.0000e+00      
# interval = decibars: 1                
# start_time = Oct 09 2018 12:03:42 [Instrument's time stamp, header]
# bad_flag = -9.990e-29
*END*
      1.000   0.615889     8.4523 6.5941e+01     -0.342     7.6441  1003.7882     5.0389      1.020          4 0.0000e+00
      2.000   0.615935     8.4548 3.5758e+01      0.418     7.6427  1003.7928     5.0389      2.040          5 0.0000e+00
      3.000   0.616127     8.4642 2.2688e+01      0.960     7.6413  1003.7970     5.0391      3.059          4 0.0000e+00
      4.000   0.616396     8.4778 1.5098e+01      1.117     7.6409  1003.8010     5.0395      4.079          3 0.0000e+00
      5.000   0.616704     8.4926 1.1032e+01      1.104     7.6371  1003.8049     5.0400      5.099          4 0.0000e+00
      6.000   0.616819     8.4988 8.0311e+00      1.119     7.6357  1003.8092     5.0400      6.118          4 0.0000e+00
      7.000   0.616873     8.5017 5.8790e+00      1.117     7.6443  1003.8137     5.0401      7.138          3 0.0000e+00
      8.000   0.616879     8.5021 4.4313e+00      1.066     7.6454  1003.8184     5.0400      8.158          4 0.0000e+00
      9.000   0.616871     8.5019 3.3339e+00      1.078     7.6421  1003.8231     5.0398      9.177          4 0.0000e+00
     10.000   0.616812     8.4987 2.4840e+00      1.151     7.6391  1003.8280     5.0397     10.197          3 0.0000e+00
     11.000   0.616687     8.4928 1.8808e+00      1.165     7.6360  1003.8330     5.0393     11.217          4 0.0000e+00
     12.000   0.616590     8.4866 1.4541e+00      1.108     7.6407  1003.8383     5.0393     12.236          3 0.0000e+00
     13.000   0.616171     8.4643 1.1464e+00      1.064     7.6464  1003.8444     5.0388     13.256          4 0.0000e+00
     14.000   0.615615     8.4357 8.7971e-01      1.135     7.6454  1003.8508     5.0379     14.276          3 0.0000e+00
     15.000   0.615263     8.4168 6.6416e-01      1.266     7.6503  1003.8568     5.0374     15.296          3 0.0000e+00
     16.000   0.615158     8.4094 5.2818e-01      1.250     7.6480  1003.8622     5.0374     16.315          4 0.0000e+00
     17.000   0.615090     8.4043 4.3149e-01      1.071     7.6511  1003.8674     5.0375     17.335          4 0.0000e+00
     18.000   0.615059     8.4003 3.4784e-01      0.987     7.6539  1003.8727     5.0377     18.355          3 0.0000e+00
     19.000   0.614916     8.3886 2.7615e-01      1.111     7.6540  1003.8787     5.0380     19.375          4 0.0000e+00
     20.000   0.614684     8.3727 2.2082e-01      1.268     7.6547  1003.8848     5.0382     20.394          3 0.0000e+00
     21.000   0.614587     8.3645 1.8634e-01      1.249     7.6537  1003.8905     5.0384     21.414          4 0.0000e+00
     22.000   0.614570     8.3605 1.5878e-01      1.096     7.6512  1003.8958     5.0388     22.434          3 0.0000e+00
     23.000   0.614583     8.3590 1.3601e-01      1.042     7.6513  1003.9009     5.0390     23.454          4 0.0000e+00
     24.000   0.614617     8.3594 1.1725e-01      1.121     7.6485  1003.9058     5.0392     24.473          3 0.0000e+00
     25.000   0.614660     8.3614 1.0490e-01      1.209     7.6409  1003.9104     5.0392     25.493          3 0.0000e+00
     26.000   0.614716     8.3632 9.5906e-02      1.239     7.6466  1003.9152     5.0393     26.513          4 0.0000e+00
     27.000   0.614770     8.3612 8.8693e-02      1.242     7.6472  1003.9207     5.0400     27.532          3 0.0000e+00
     28.000   0.614921     8.3547 8.4197e-02      1.192     7.6414  1003.9276     5.0422     28.552          4 0.0000e+00
     29.000   0.615184     8.3518 8.0276e-02      1.081     7.6482  1003.9347     5.0448     29.572          3 0.0000e+00
     30.000   0.615474     8.3542 7.6939e-02      1.046     7.6299  1003.9410     5.0470     30.591          4 0.0000e+00
     31.000   0.615798     8.3565 7.5138e-02      1.157     7.6163  1003.9475     5.0494     31.611          3 0.0000e+00
     32.000   0.616293     8.3524 7.2096e-02      1.310     7.5926  1003.9564     5.0542     32.631          3 0.0000e+00
     33.000   0.617037     8.3199 7.1001e-02      1.354     7.6096  1003.9725     5.0653     33.651          3 0.0000e+00
     34.000   0.617528     8.1918 6.9837e-02      1.197     7.6828  1004.0052     5.0881     34.670          4 0.0000e+00
     35.000   0.615814     7.9273 6.9118e-02      1.020     7.6870  1004.0484     5.1112     35.690          4 0.0000e+00
     36.000   0.613486     7.6595 6.8695e-02      0.989     7.6945  1004.0872     5.1295     36.710          3 0.0000e+00
     37.000   0.611251     7.3787 6.7799e-02      1.114     7.8589  1004.1281     5.1508     37.729          4 0.0000e+00
     38.000   0.606394     6.8301 6.7077e-02      1.262     8.2008  1004.1974     5.1887     38.749          3 0.0000e+00
     39.000   0.597138     5.9322 6.7245e-02      1.329     8.5225  1004.2908     5.2399     39.769          3 0.0000e+00
     40.000   0.583881     4.7753 6.6902e-02      1.242     8.6710  1004.3843     5.2951     40.789          4 0.0000e+00
     41.000   0.573102     3.8831 6.6714e-02      1.061     8.6693  1004.4413     5.3331     41.808          4 0.0000e+00
     42.000   0.569495     3.4936 6.6630e-02      0.973     8.6291  1004.4747     5.3609     42.828          3 0.0000e+00
     43.000   0.571015     3.4104 6.6345e-02      1.056     8.6398  1004.5037     5.3900     43.848          4 0.0000e+00
     44.000   0.570262     3.2428 6.6126e-02      1.181     8.6871  1004.5263     5.4102     44.868          3 0.0000e+00
     45.000   0.566876     2.9615 6.6314e-02      1.208     8.7584  1004.5430     5.4230     45.887          4 0.0000e+00
     46.000   0.563773     2.7015 6.6166e-02      1.143     8.7661  1004.5580     5.4351     46.907          3 0.0000e+00
     47.000   0.562110     2.5133 6.5997e-02      1.072     8.7579  1004.5745     5.4499     47.926          4 0.0000e+00
     48.000   0.562402     2.4294 6.5900e-02      1.054     8.7040  1004.5929     5.4673     48.946          4 0.0000e+00
     49.000   0.563149     2.3943 6.5884e-02      1.059     8.6511  1004.6087     5.4810     49.966          4 0.0000e+00
     50.000   0.565088     2.4109 6.5797e-02      1.078     8.5800  1004.6275     5.4982     50.986          3 0.0000e+00
     51.000   0.566173     2.3770 6.5510e-02      1.131     8.4528  1004.6459     5.5152     52.005          4 0.0000e+00
     52.000   0.566646     2.2937 6.5611e-02      1.132     8.3089  1004.6659     5.5346     53.025          4 0.0000e+00
     53.000   0.567503     2.2312 6.5744e-02      1.055     8.1922  1004.6862     5.5544     54.045          3 0.0000e+00
     54.000   0.568403     2.2045 6.5743e-02      0.980     8.0956  1004.7022     5.5684     55.065          4 0.0000e+00
     55.000   0.569532     2.1873 6.5630e-02      0.997     8.0150  1004.7188     5.5831     56.084          4 0.0000e+00
     56.000   0.570682     2.1814 6.5695e-02      1.097     7.8978  1004.7342     5.5961     57.104          4 0.0000e+00
     57.000   0.572314     2.1865 6.5567e-02      1.185     7.7813  1004.7520     5.6122     58.124          3 0.0000e+00
     58.000   0.574354     2.2042 6.5696e-02      1.153     7.6683  1004.7717     5.6304     59.143          4 0.0000e+00
     59.000   0.576488     2.2308 6.5646e-02      1.029     7.5206  1004.7908     5.6479     60.163          4 0.0000e+00
     60.000   0.579296     2.2729 6.5634e-02      1.040     7.3587  1004.8135     5.6697     61.183          3 0.0000e+00
     61.000   0.582745     2.3343 6.5803e-02      1.146     7.1922  1004.8388     5.6947     62.203          4 0.0000e+00
     62.000   0.586446     2.4040 6.5575e-02      1.172     7.0672  1004.8649     5.7207     63.222          3 0.0000e+00
     63.000   0.589693     2.4678 6.5423e-02      1.114     6.9911  1004.8878     5.7430     64.242          4 0.0000e+00
     64.000   0.591901     2.5141 6.5646e-02      1.056     6.9372  1004.9045     5.7575     65.262          4 0.0000e+00
     65.000   0.593835     2.5545 6.5487e-02      1.045     6.8696  1004.9196     5.7701     66.282          3 0.0000e+00
     66.000   0.595989     2.5976 6.5866e-02      1.108     6.7516  1004.9362     5.7847     67.302          3 0.0000e+00
     67.000   0.599512     2.6703 6.5826e-02      1.237     6.6142  1004.9597     5.8079     68.321          4 0.0000e+00
     68.000   0.603941     2.7592 6.5640e-02      1.299     6.5002  1004.9881     5.8374     69.341          3 0.0000e+00
     69.000   0.607787     2.8385 6.5701e-02      1.154     6.4098  1005.0128     5.8626     70.360          4 0.0000e+00
     70.000   0.611019     2.9066 6.5415e-02      0.988     6.3454  1005.0340     5.8833     71.380          4 0.0000e+00
     71.000   0.613537     2.9610 6.5553e-02      1.011     6.2581  1005.0513     5.8992     72.400          3 0.0000e+00
     72.000   0.616456     3.0223 6.5205e-02      1.152     6.1669  1005.0707     5.9178     73.420          3 0.0000e+00
     73.000   0.620560     3.1004 6.5441e-02      1.274     6.0988  1005.0971     5.9455     74.439          4 0.0000e+00
     74.000   0.623704     3.1675 6.5537e-02      1.298     6.0471  1005.1171     5.9652     75.459          3 0.0000e+00
     75.000   0.626273     3.2260 6.5442e-02      1.126     6.0105  1005.1337     5.9805     76.479          4 0.0000e+00
     76.000   0.628547     3.2735 6.5663e-02      0.871     5.9726  1005.1495     5.9948     77.499          4 0.0000e+00
     77.000   0.630216     3.3091 6.5680e-02      0.905     5.9098  1005.1622     6.0052     78.518          4 0.0000e+00
     78.000   0.632228     3.3497 6.5549e-02      1.181     5.8361  1005.1769     6.0180     79.538          3 0.0000e+00
     79.000   0.635188     3.4050 6.5468e-02      1.439     5.7707  1005.1968     6.0377     80.558          3 0.0000e+00
     80.000   0.638071     3.4557 6.5576e-02      1.395     5.7254  1005.2167     6.0575     81.577          4 0.0000e+00
     81.000   0.639669     3.4853 6.5642e-02      1.033     5.6956  1005.2296     6.0681     82.597          4 0.0000e+00
     82.000   0.640782     3.5083 6.5560e-02      0.792     5.6661  1005.2397     6.0750     83.617          4 0.0000e+00
     83.000   0.642567     3.5416 6.5544e-02      0.933     5.6285  1005.2534     6.0867     84.637          3 0.0000e+00
     84.000   0.644486     3.5767 6.5305e-02      1.224     5.5938  1005.2679     6.0995     85.656          3 0.0000e+00
     85.000   0.646277     3.6099 6.5213e-02      1.370     5.5772  1005.2816     6.1113     86.676          4 0.0000e+00
     86.000   0.647708     3.6359 6.5311e-02      1.300     5.5677  1005.2936     6.1208     87.695          3 0.0000e+00
     87.000   0.648469     3.6520 6.5355e-02      1.106     5.5550  1005.3019     6.1254     88.715          4 0.0000e+00
     88.000   0.649006     3.6636 6.5444e-02      0.982     5.5464  1005.3091     6.1285     89.735          4 0.0000e+00
     89.000   0.649395     3.6720 6.5439e-02      1.002     5.5339  1005.3156     6.1307     90.755          3 0.0000e+00
     90.000   0.649817     3.6797 6.5253e-02      1.146     5.5092  1005.3224     6.1335     91.775          3 0.0000e+00
     91.000   0.650517     3.6894 6.5321e-02      1.277     5.4986  1005.3313     6.1386     92.794          4 0.0000e+00
     92.000   0.651178     3.6980 6.5612e-02      1.263     5.4753  1005.3399     6.1435     93.814          3 0.0000e+00
     93.000   0.651693     3.7049 6.5455e-02      1.110     5.4415  1005.3477     6.1473     94.834          4 0.0000e+00
     94.000   0.652471     3.7150 6.5342e-02      1.000     5.4086  1005.3571     6.1531     95.853          4 0.0000e+00
     95.000   0.653525     3.7267 6.5499e-02      1.035     5.3748  1005.3684     6.1615     96.873          3 0.0000e+00
     96.000   0.654774     3.7434 6.5414e-02      1.124     5.3421  1005.3804     6.1708     97.893          4 0.0000e+00
     97.000   0.655924     3.7599 6.5579e-02      1.174     5.3146  1005.3916     6.1792     98.913          3 0.0000e+00
     98.000   0.656560     3.7693 6.5463e-02      1.171     5.3042  1005.3999     6.1837     99.932          4 0.0000e+00
     99.000   0.656881     3.7746 6.5351e-02      1.141     5.3031  1005.4064     6.1858    100.952          4 0.0000e+00
    100.000   0.657415     3.7838 6.5473e-02      1.073     5.2979  1005.4139     6.1893    101.972          4 0.0000e+00
    101.000   0.658135     3.7960 6.5504e-02      1.006     5.2914  1005.4223     6.1942    102.991          3 0.0000e+00
    102.000   0.658664     3.8050 6.5184e-02      1.042     5.2842  1005.4298     6.1977    104.011          4 0.0000e+00
    103.000   0.658986     3.8093 6.5600e-02      1.156     5.2647  1005.4365     6.2000    105.031          3 0.0000e+00
    104.000   0.659261     3.8129 6.5478e-02      1.209     5.2425  1005.4428     6.2020    106.051          4 0.0000e+00
    105.000   0.659951     3.8221 6.5302e-02      1.092     5.2307  1005.4516     6.2071    107.070          4 0.0000e+00
    106.000   0.660767     3.8329 6.5500e-02      0.931     5.2220  1005.4611     6.2131    108.090          4 0.0000e+00
    107.000   0.661260     3.8410 6.5383e-02      0.954     5.2321  1005.4684     6.2165    109.110          4 0.0000e+00
    108.000   0.661711     3.8493 6.5461e-02      1.102     5.2398  1005.4754     6.2193    110.129          3 0.0000e+00
    109.000   0.662166     3.8586 6.5277e-02      1.248     5.2472  1005.4822     6.2220    111.149          3 0.0000e+00
    110.000   0.662939     3.8711 6.5277e-02      1.284     5.2529  1005.4910     6.2273    112.169          4 0.0000e+00
    111.000   0.663600     3.8798 6.5514e-02      1.169     5.2190  1005.4996     6.2322    113.188          4 0.0000e+00
    112.000   0.663791     3.8820 6.5320e-02      0.968     5.2313  1005.5055     6.2336    114.208          4 0.0000e+00
    113.000   0.663907     3.8841 6.5236e-02      0.861     5.2342  1005.5109     6.2342    115.228          4 0.0000e+00
    114.000   0.664012     3.8860 6.5557e-02      0.914     5.1936  1005.5162     6.2348    116.247          3 0.0000e+00
    115.000   0.664180     3.8876 6.5753e-02      1.114     5.1647  1005.5220     6.2361    117.267          4 0.0000e+00
    116.000   0.664482     3.8898 6.5007e-02      1.348     5.1500  1005.5289     6.2386    118.287          3 0.0000e+00
    117.000   0.664987     3.8946 6.5086e-02      1.436     5.1355  1005.5368     6.2426    119.307          3 0.0000e+00
    118.000   0.665685     3.9025 6.5371e-02      1.098     5.1352  1005.5458     6.2480    120.327          5 0.0000e+00
    119.000   0.666296     3.9104 6.5166e-02      0.694     5.1358  1005.5542     6.2525    121.346          4 0.0000e+00
    120.000   0.666838     3.9167 6.5514e-02      0.820     5.1317  1005.5621     6.2567    122.366          3 0.0000e+00
    121.000   0.667278     3.9215 6.5450e-02      1.239     5.1160  1005.5696     6.2601    123.386          3 0.0000e+00
    122.000   0.667551     3.9244 6.5323e-02      1.491     5.1087  1005.5761     6.2621    124.405          4 0.0000e+00
    123.000   0.667796     3.9260 6.5114e-02      1.332     5.0977  1005.5825     6.2642    125.425          4 0.0000e+00
    124.000   0.668004     3.9239 6.5408e-02      0.914     5.0791  1005.5894     6.2666    126.445          4 0.0000e+00
    125.000   0.668158     3.9206 6.5242e-02      0.765     5.0608  1005.5960     6.2686    127.464          4 0.0000e+00
    126.000   0.668282     3.9195 6.5012e-02      0.976     5.0444  1005.6019     6.2700    128.484          3 0.0000e+00
    127.000   0.668525     3.9213 6.5109e-02      1.219     5.0454  1005.6083     6.2719    129.504          4 0.0000e+00
    128.000   0.668734     3.9245 6.4950e-02      1.297     5.0565  1005.6142     6.2733    130.524          3 0.0000e+00
    129.000   0.668885     3.9281 6.5289e-02      1.193     5.0504  1005.6196     6.2741    131.543          4 0.0000e+00
    130.000   0.669058     3.9315 6.5053e-02      1.037     5.0393  1005.6252     6.2750    132.563          4 0.0000e+00
    131.000   0.669219     3.9328 6.5155e-02      0.934     5.0275  1005.6311     6.2763    133.583          4 0.0000e+00
