ctdpy/exports/archive_20191121_115250/received_data/c3_v37_18.cnv
* Sea-Bird SBE19plus Data File:
* FileName = C:\CTD\CTD 2018\v37\C3_v37_18.hex
* Software Version 1.59
* Temperature SN =  4644
* Conductivity SN =  4644
* System UpLoad Time = Sep 11 2018 14:40:51
** C3 2018K21 v37
* ds
# nquan = 11
# nvalues = 197                         
# units = specified
# name 0 = prdM: Pressure, Strain Gauge [db]
# name 1 = c0S/m: Conductivity [S/m]
# name 2 = tv290C: Temperature [ITS-90, deg C]
# name 3 = par: PAR/Irradiance, Biospherical/Licor
# name 4 = dz/dtM: Descent Rate [m/s]
# name 5 = sbeox0ML/L: Oxygen, SBE 43 [ml/l]
# name 6 = density00: Density [density, kg/m^3]
# name 7 = sal00: Salinity, Practical [PSU]
# name 8 = depFM: Depth [fresh water, m], lat = 0
# name 9 = nbin: number of scans per bin
# name 10 = flag: flag
# span 0 =      1.000,    197.000       
# span 1 =   0.550990,   0.732532       
# span 2 =     1.7168,    15.1720       
# span 3 = 8.0317e-02, 1.6372e+02       
# span 4 =      0.038,      1.002       
# span 5 =     4.0073,     8.4042       
# span 6 =  1002.9820,  1006.0046       
# span 7 =     5.0462,     6.3440       
# span 8 =      1.020,    200.884       
# span 9 =          4,         20       
# span 10 = 0.0000e+00, 0.0000e+00      
# interval = decibars: 1                
# start_time = Sep 11 2018 14:16:52 [Instrument's time stamp, header]
# bad_flag = -9.990e-29
*END*
[from data line 132]
    133.000   0.672798     3.9775 8.9458e-02      0.701     5.0380  1005.6613     6.3034    135.622          6 0.0000e+00
    134.000   0.672911     3.9772 8.9610e-02      0.686     5.0271  1005.6670     6.3045    136.642          6 0.0000e+00
    135.000   0.673061     3.9772 8.9551e-02      0.685     5.0179  1005.6730     6.3059    137.662          5 0.0000e+00
    136.000   0.673266     3.9787 8.9530e-02      0.789     5.0000  1005.6791     6.3075    138.682          5 0.0000e+00
    137.000   0.673471     3.9813 8.9079e-02      0.763     4.9896  1005.6851     6.3090    139.701          7 0.0000e+00
    138.000   0.673579     3.9824 8.9342e-02      0.562     4.9820  1005.6906     6.3097    140.721          6 0.0000e+00
    139.000   0.673685     3.9830 8.9683e-02      0.658     4.9801  1005.6961     6.3106    141.741          5 0.0000e+00
    140.000   0.673784     3.9841 8.9268e-02      0.807     4.9721  1005.7015     6.3112    142.760          6 0.0000e+00
    141.000   0.673869     3.9857 8.8949e-02      0.606     4.9546  1005.7067     6.3117    143.780          7 0.0000e+00
    142.000   0.674046     3.9887 8.9151e-02      0.606     4.9484  1005.7123     6.3128    144.800          6 0.0000e+00
    143.000   0.674245     3.9913 8.9184e-02      0.725     4.9242  1005.7182     6.3141    145.819          6 0.0000e+00
    144.000   0.674375     3.9931 8.8700e-02      0.563     4.9055  1005.7237     6.3150    146.839          7 0.0000e+00
    145.000   0.674499     3.9951 8.8911e-02      0.502     4.8807  1005.7291     6.3157    147.859          6 0.0000e+00
    146.000   0.674632     3.9966 8.8574e-02      0.793     4.8704  1005.7347     6.3166    148.879          6 0.0000e+00
    147.000   0.674769     3.9978 8.8672e-02      0.726     4.8650  1005.7404     6.3177    149.898          6 0.0000e+00
    148.000   0.674850     3.9988 8.9023e-02      0.459     4.8626  1005.7456     6.3182    150.918          7 0.0000e+00
    149.000   0.674918     3.9994 8.8571e-02      0.746     4.8568  1005.7509     6.3186    151.937          5 0.0000e+00
    150.000   0.674981     3.9997 8.8592e-02      0.869     4.8530  1005.7561     6.3191    152.957          5 0.0000e+00
    151.000   0.675045     4.0000 8.8109e-02      0.691     4.8426  1005.7613     6.3195    153.977          6 0.0000e+00
    152.000   0.675139     4.0008 8.8113e-02      0.673     4.8260  1005.7667     6.3202    154.997          5 0.0000e+00
    153.000   0.675236     4.0021 8.8596e-02      0.849     4.8169  1005.7720     6.3208    156.016          4 0.0000e+00
    154.000   0.675322     4.0035 8.8163e-02      0.897     4.8006  1005.7772     6.3213    157.036          5 0.0000e+00
    155.000   0.675376     4.0039 8.8558e-02      0.819     4.7975  1005.7824     6.3217    158.056          5 0.0000e+00
    156.000   0.675385     4.0028 8.8091e-02      0.779     4.7917  1005.7875     6.3219    159.076          6 0.0000e+00
    157.000   0.675404     4.0020 8.7961e-02      0.725     4.7960  1005.7925     6.3221    160.096          5 0.0000e+00
    158.000   0.675449     4.0019 8.7815e-02      0.767     4.7811  1005.7977     6.3225    161.115          4 0.0000e+00
    159.000   0.675513     4.0020 8.8212e-02      0.900     4.7838  1005.8030     6.3229    162.135          5 0.0000e+00
    160.000   0.675565     4.0021 8.7624e-02      0.855     4.7777  1005.8082     6.3234    163.155          6 0.0000e+00
    161.000   0.675632     4.0025 8.7693e-02      0.605     4.7561  1005.8134     6.3238    164.174          5 0.0000e+00
    162.000   0.675758     4.0035 8.7542e-02      0.693     4.7289  1005.8190     6.3248    165.194          5 0.0000e+00
    163.000   0.675893     4.0049 8.7517e-02      1.002     4.7066  1005.8246     6.3258    166.214          4 0.0000e+00
    164.000   0.676031     4.0063 8.7340e-02      0.973     4.6934  1005.8302     6.3267    167.234          5 0.0000e+00
    165.000   0.676145     4.0076 8.7231e-02      0.645     4.6923  1005.8357     6.3276    168.253          6 0.0000e+00
    166.000   0.676227     4.0082 8.7130e-02      0.720     4.6845  1005.8410     6.3281    169.273          5 0.0000e+00
    167.000   0.676284     4.0086 8.7106e-02      0.828     4.6776  1005.8462     6.3285    170.293          5 0.0000e+00
    168.000   0.676328     4.0087 8.7201e-02      0.824     4.6780  1005.8513     6.3288    171.312          5 0.0000e+00
    169.000   0.676380     4.0089 8.7415e-02      0.851     4.6690  1005.8565     6.3292    172.332          5 0.0000e+00
    170.000   0.676417     4.0090 8.7038e-02      0.811     4.6663  1005.8615     6.3294    173.352          5 0.0000e+00
    171.000   0.676455     4.0093 8.7021e-02      0.758     4.6565  1005.8666     6.3296    174.371          5 0.0000e+00
    172.000   0.676498     4.0096 8.6592e-02      0.726     4.6482  1005.8717     6.3299    175.391          5 0.0000e+00
    173.000   0.676557     4.0100 8.6590e-02      0.768     4.6394  1005.8768     6.3303    176.411          5 0.0000e+00
    174.000   0.676609     4.0103 8.6598e-02      0.927     4.6200  1005.8819     6.3306    177.431          5 0.0000e+00
    175.000   0.676686     4.0112 8.6401e-02      0.828     4.6151  1005.8872     6.3311    178.450          8 0.0000e+00
    176.000   0.676736     4.0130 8.6476e-02      0.038     4.6115  1005.8920     6.3312    179.470         10 0.0000e+00
    177.000   0.676773     4.0114 8.6285e-02      0.527     4.5960  1005.8974     6.3317    180.490         10 0.0000e+00
    178.000   0.676855     4.0112 8.6246e-02      0.348     4.5891  1005.9029     6.3325    181.509          7 0.0000e+00
    179.000   0.676896     4.0105 8.5933e-02      0.755     4.5818  1005.9081     6.3329    182.529          5 0.0000e+00
    180.000   0.676960     4.0111 8.6163e-02      0.729     4.5768  1005.9133     6.3333    183.549          8 0.0000e+00
    181.000   0.677048     4.0119 8.6119e-02      0.357     4.5423  1005.9186     6.3339    184.569          7 0.0000e+00
    182.000   0.677144     4.0112 8.5734e-02      0.683     4.4940  1005.9243     6.3349    185.588          6 0.0000e+00
    183.000   0.677234     4.0117 8.5617e-02      0.607     4.4695  1005.9297     6.3356    186.608          9 0.0000e+00
    184.000   0.677323     4.0132 8.5397e-02      0.288     4.4286  1005.9349     6.3361    187.628         10 0.0000e+00
    185.000   0.677393     4.0131 8.5305e-02      0.459     4.4121  1005.9403     6.3367    188.647          9 0.0000e+00
    186.000   0.677504     4.0134 8.4911e-02      0.401     4.3991  1005.9459     6.3376    189.667         12 0.0000e+00
    187.000   0.677628     4.0156 8.4653e-02      0.162     4.4004  1005.9513     6.3383    190.687         13 0.0000e+00
    188.000   0.677702     4.0149 8.4435e-02      0.343     4.3958  1005.9568     6.3391    191.707         11 0.0000e+00
    189.000   0.677779     4.0160 8.4098e-02      0.236     4.3811  1005.9620     6.3396    192.726         18 0.0000e+00
    190.000   0.677859     4.0143 8.3842e-02      0.299     4.3318  1005.9677     6.3406    193.746         14 0.0000e+00
    191.000   0.678042     4.0166 8.3526e-02      0.207     4.2771  1005.9735     6.3418    194.766         18 0.0000e+00
    192.000   0.678128     4.0169 8.3346e-02      0.266     4.2306  1005.9789     6.3425    195.785         13 0.0000e+00
    193.000   0.678199     4.0169 8.3016e-02      0.234     4.1829  1005.9843     6.3431    196.805         20 0.0000e+00
    194.000   0.678279     4.0158 8.2563e-02      0.217     4.0887  1005.9899     6.3440    197.825         16 0.0000e+00
    195.000   0.678332     4.0185 8.1692e-02      0.144     4.0811  1005.9946     6.3439    198.845         17 0.0000e+00
    196.000   0.678312     4.0166 8.1118e-02      0.222     4.0416  1005.9995     6.3440    199.864         19 0.0000e+00
    197.000   0.678281     4.0140 8.0317e-02      0.125     4.0073  1006.0046     6.3440    200.884          5 0.0000e+00
