ctdpy/exports/archive_20191121_115250/received_data/c3_v41_18.cnv
* Sea-Bird SBE19plus Data File:
* FileName = C:\CTD\CTD 2018\v41\C3_v41_18.hex
* Software Version 1.59
* Temperature SN =  4644
* Conductivity SN =  4644
* System UpLoad Time = Oct 09 2018 12:33:31
** C3 k23 v41 2018
* ds
# nquan = 11
# nvalues = 197                         
# units = specified
# name 0 = prdM: Pressure, Strain Gauge [db]
# name 1 = c0S/m: Conductivity [S/m]
# name 2 = tv290C: Temperature [ITS-90, deg C]
# name 3 = par: PAR/Irradiance, Biospherical/Licor
# name 4 = dz/dtM: Descent Rate [m/s]
# name 5 = sbeox0ML/L: Oxygen, SBE 43 [ml/l]
# name 6 = density00: Density [density, kg/m^3]
# name 7 = sal00: Salinity, Practical [PSU]
# name 8 = depFM: Depth [fresh water, m], lat = 58
# name 9 = nbin: number of scans per bin
# name 10 = flag: flag
# span 0 =      1.000,    197.000       
# span 1 =   0.562110,   0.676679       
# span 2 =     2.1814,     8.5021       
# span 3 = 6.3863e-02, 6.5941e+01       
# span 4 =     -0.342,      1.491       
# span 5 =     3.7963,     8.7661       
# span 6 =  1003.7882,  1005.9894       
# span 7 =     5.0374,     6.3314       
# span 8 =      1.020,    200.884       
# span 9 =          3,          7       
# span 10 = 0.0000e+00, 0.0000e+00      
# interval = decibars: 1                
# start_time = Oct 09 2018 12:03:42 [Instrument's time stamp, header]
# bad_flag = -9.990e-29
*END*
[from data line 132]
    133.000   0.669412     3.9333 6.5063e-02      1.019     4.9940  1005.6421     6.2779    135.622          4 0.0000e+00
    134.000   0.669677     3.9341 6.4907e-02      1.156     4.9782  1005.6488     6.2803    136.642          3 0.0000e+00
    135.000   0.669958     3.9336 6.4924e-02      1.195     4.9684  1005.6560     6.2831    137.661          4 0.0000e+00
    136.000   0.670251     3.9360 6.4935e-02      1.067     4.9632  1005.6627     6.2854    138.681          4 0.0000e+00
    137.000   0.670539     3.9410 6.5126e-02      0.904     4.9497  1005.6689     6.2873    139.701          4 0.0000e+00
    138.000   0.670660     3.9390 6.4737e-02      0.915     4.9457  1005.6750     6.2888    140.720          4 0.0000e+00
    139.000   0.670604     3.9278 6.4986e-02      1.023     4.9162  1005.6813     6.2902    141.740          4 0.0000e+00
    140.000   0.670569     3.9208 6.5068e-02      1.058     4.9209  1005.6871     6.2911    142.760          4 0.0000e+00
    141.000   0.670558     3.9164 6.5173e-02      1.036     4.9193  1005.6925     6.2917    143.780          4 0.0000e+00
    142.000   0.670529     3.9101 6.5038e-02      1.017     4.9096  1005.6982     6.2925    144.800          4 0.0000e+00
    143.000   0.670591     3.9058 6.4934e-02      1.002     4.8956  1005.7042     6.2939    145.819          4 0.0000e+00
    144.000   0.670784     3.9067 6.4613e-02      1.011     4.8856  1005.7104     6.2955    146.839          4 0.0000e+00
    145.000   0.670988     3.9102 6.4680e-02      1.033     4.8833  1005.7162     6.2968    147.859          4 0.0000e+00
    146.000   0.671137     3.9140 6.4965e-02      1.042     4.8744  1005.7215     6.2975    148.879          3 0.0000e+00
    147.000   0.671376     3.9219 6.4957e-02      1.015     4.8533  1005.7268     6.2982    149.898          4 0.0000e+00
    148.000   0.672010     3.9405 6.4852e-02      0.988     4.8361  1005.7334     6.3009    150.918          4 0.0000e+00
    149.000   0.672560     3.9540 6.4999e-02      1.051     4.8212  1005.7402     6.3037    151.938          4 0.0000e+00
    150.000   0.672806     3.9579 6.4794e-02      1.146     4.8175  1005.7462     6.3053    152.958          3 0.0000e+00
    151.000   0.672812     3.9555 6.4882e-02      1.146     4.8198  1005.7515     6.3057    153.977          4 0.0000e+00
    152.000   0.672731     3.9515 6.4803e-02      1.039     4.8198  1005.7563     6.3056    154.997          4 0.0000e+00
    153.000   0.672610     3.9452 6.4926e-02      0.974     4.8231  1005.7613     6.3054    156.017          4 0.0000e+00
    154.000   0.672578     3.9405 6.4749e-02      1.015     4.8152  1005.7666     6.3059    157.036          4 0.0000e+00
    155.000   0.672757     3.9414 6.4883e-02      1.068     4.8050  1005.7727     6.3074    158.056          3 0.0000e+00
    156.000   0.672877     3.9417 6.4919e-02      1.110     4.7942  1005.7784     6.3085    159.076          4 0.0000e+00
    157.000   0.672997     3.9429 6.4548e-02      1.149     4.7820  1005.7839     6.3093    160.095          4 0.0000e+00
    158.000   0.673134     3.9452 6.4686e-02      1.046     4.7641  1005.7894     6.3101    161.115          4 0.0000e+00
    159.000   0.673378     3.9524 6.4781e-02      0.892     4.7356  1005.7948     6.3111    162.135          4 0.0000e+00
    160.000   0.673759     3.9631 6.4670e-02      0.945     4.7182  1005.8007     6.3127    163.155          4 0.0000e+00
    161.000   0.673981     3.9694 6.3863e-02      1.127     4.7067  1005.8062     6.3136    164.174          3 0.0000e+00
    162.000   0.674087     3.9724 6.4682e-02      1.241     4.7122  1005.8113     6.3140    165.194          4 0.0000e+00
    163.000   0.674160     3.9739 6.4643e-02      1.137     4.7021  1005.8164     6.3144    166.213          4 0.0000e+00
    164.000   0.674238     3.9753 6.4766e-02      0.923     4.6831  1005.8215     6.3147    167.233          4 0.0000e+00
    165.000   0.674322     3.9764 6.4358e-02      0.874     4.6637  1005.8268     6.3153    168.253          4 0.0000e+00
    166.000   0.674357     3.9749 6.4618e-02      1.023     4.6499  1005.8321     6.3158    169.273          3 0.0000e+00
    167.000   0.674370     3.9727 6.4857e-02      1.233     4.6355  1005.8374     6.3162    170.292          4 0.0000e+00
    168.000   0.674459     3.9725 6.4741e-02      1.274     4.6200  1005.8429     6.3170    171.312          3 0.0000e+00
    169.000   0.674555     3.9726 6.4623e-02      1.035     4.6130  1005.8484     6.3178    172.332          5 0.0000e+00
    170.000   0.674628     3.9722 6.4498e-02      0.861     4.6037  1005.8539     6.3186    173.352          4 0.0000e+00
    171.000   0.674700     3.9725 6.4577e-02      0.945     4.6007  1005.8592     6.3191    174.371          3 0.0000e+00
    172.000   0.674738     3.9724 6.4207e-02      1.111     4.6035  1005.8643     6.3194    175.391          4 0.0000e+00
    173.000   0.674752     3.9718 6.4525e-02      1.182     4.6023  1005.8693     6.3195    176.411          4 0.0000e+00
    174.000   0.674780     3.9718 6.4501e-02      1.140     4.5986  1005.8743     6.3197    177.431          3 0.0000e+00
    175.000   0.674786     3.9708 6.4512e-02      1.000     4.6028  1005.8793     6.3199    178.451          4 0.0000e+00
    176.000   0.674782     3.9689 6.4167e-02      0.934     4.6018  1005.8844     6.3201    179.470          4 0.0000e+00
    177.000   0.674812     3.9687 6.5129e-02      1.068     4.5874  1005.8895     6.3203    180.490          4 0.0000e+00
    178.000   0.674869     3.9694 6.4156e-02      1.251     4.5781  1005.8946     6.3206    181.509          3 0.0000e+00
    179.000   0.674977     3.9721 6.4212e-02      1.225     4.5501  1005.8997     6.3210    182.529          4 0.0000e+00
    180.000   0.675123     3.9766 6.4459e-02      0.914     4.5327  1005.9049     6.3216    183.549          5 0.0000e+00
    181.000   0.675252     3.9802 6.4436e-02      0.807     4.5242  1005.9100     6.3220    184.569          4 0.0000e+00
    182.000   0.675357     3.9811 6.4613e-02      0.969     4.5175  1005.9155     6.3228    185.588          3 0.0000e+00
    183.000   0.675410     3.9790 6.4228e-02      1.162     4.5082  1005.9211     6.3236    186.608          4 0.0000e+00
    184.000   0.675466     3.9781 6.4247e-02      1.166     4.4895  1005.9265     6.3242    187.627          4 0.0000e+00
    185.000   0.675532     3.9785 6.4318e-02      1.043     4.4608  1005.9317     6.3247    188.647          4 0.0000e+00
    186.000   0.675632     3.9800 6.4229e-02      0.983     4.4326  1005.9370     6.3253    189.667          4 0.0000e+00
    187.000   0.675699     3.9806 6.4345e-02      0.958     4.4133  1005.9422     6.3257    190.687          4 0.0000e+00
    188.000   0.675746     3.9807 6.4315e-02      0.890     4.3792  1005.9473     6.3261    191.706          4 0.0000e+00
    189.000   0.675854     3.9820 6.4073e-02      0.957     4.3204  1005.9527     6.3268    192.726          4 0.0000e+00
    190.000   0.676030     3.9850 6.4172e-02      1.139     4.2593  1005.9584     6.3279    193.746          3 0.0000e+00
    191.000   0.676227     3.9887 6.4162e-02      1.212     4.2000  1005.9641     6.3290    194.765          4 0.0000e+00
    192.000   0.676395     3.9919 6.4132e-02      0.991     4.1620  1005.9696     6.3300    195.786          5 0.0000e+00
    193.000   0.676508     3.9943 6.3884e-02      0.843     4.1204  1005.9749     6.3305    196.805          4 0.0000e+00
    194.000   0.676601     3.9961 6.4199e-02      0.949     4.1032  1005.9801     6.3310    197.825          4 0.0000e+00
    195.000   0.676679     3.9976 6.4159e-02      1.095     4.1020  1005.9852     6.3314    198.844          4 0.0000e+00
    196.000   0.676623     3.9986 6.3997e-02      1.103     4.0967  1005.9894     6.3305    199.864          5 0.0000e+00
    197.000   0.672653     3.9994 6.4456e-02      0.576     3.7963  1005.9624     6.2905    200.884          7 0.0000e+00
