ctdpy/exports/archive_20191121_115250/received_data/c3_v08_18.cnv
* Sea-Bird SBE19plus Data File:
* FileName = C:\CTD\CTD 2018\v08\C3_v08_18.hex
* Software Version 1.59
* Temperature SN =  4644
* Conductivity SN =  4644
* System UpLoad Time = Feb 21 2018 13:32:46
** C3_v08_18
* ds
# nquan = 11
# nvalues = 195                         
# units = specified
# name 0 = prdM: Pressure, Strain Gauge [db]
# name 1 = c0S/m: Conductivity [S/m]
# name 2 = tv290C: Temperature [ITS-90, deg C]
# name 3 = par: PAR/Irradiance, Biospherical/Licor
# name 4 = dz/dtM: Descent Rate [m/s]
# name 5 = sbeox0ML/L: Oxygen, SBE 43 [ml/l]
# name 6 = density00: Density [density, kg/m^3]
# name 7 = sal00: Salinity, Practical [PSU]
# name 8 = depFM: Depth [fresh water, m], lat = 0
# name 9 = nbin: number of scans per bin
# name 10 = flag: flag
# span 0 =      1.000,    195.000       
# span 1 =   0.492159,   0.672740       
# span 2 =     0.0148,     4.0481       
# span 3 = 4.3617e-02, 6.2999e+02       
# span 4 =     -0.196,      1.140       
# span 5 =     5.3346,     9.4984       
# span 6 =  1004.0232,  1005.9974       
# span 7 =     5.1286,     6.3391       
# span 8 =      1.020,    198.845       
# span 9 =          1,          8       
# span 10 = 0.0000e+00, 0.0000e+00      
# interval = decibars: 1                
# start_time = Feb 21 2018 13:02:41 [Instrument's time stamp, header]
# bad_flag = -9.990e-29
*END*
      1.000   0.492163     0.0186 6.2999e+02     -0.196     9.4184  1004.0232     5.1286      1.020          4 0.0000e+00
      2.000   0.492174     0.0179 4.2447e+02      0.418     9.4179  1004.0283     5.1287      2.039          6 0.0000e+00
      3.000   0.492159     0.0158 2.1331e+02      0.808     9.4162  1004.0333     5.1288      3.059          5 0.0000e+00
      4.000   0.492175     0.0148 1.2452e+02      0.904     9.4178  1004.0385     5.1290      4.079          4 0.0000e+00
      5.000   0.492212     0.0150 8.2218e+01      0.914     9.4189  1004.0438     5.1293      5.099          5 0.0000e+00
      6.000   0.492236     0.0149 5.6478e+01      0.908     9.4213  1004.0489     5.1295      6.118          4 0.0000e+00
      7.000   0.492250     0.0164 3.8492e+01      0.911     9.4101  1004.0539     5.1293      7.138          4 0.0000e+00
      8.000   0.492313     0.0210 2.5730e+01      0.944     9.4091  1004.0590     5.1291      8.158          4 0.0000e+00
      9.000   0.492631     0.0395 1.7961e+01      1.002     9.4984  1004.0651     5.1294      9.178          4 0.0000e+00
     10.000   0.493833     0.1023 1.3021e+01      1.033     9.4186  1004.0752     5.1320     10.197          4 0.0000e+00
     11.000   0.497945     0.2948 9.5831e+00      1.028     9.2769  1004.0991     5.1449     11.217          4 0.0000e+00
     12.000   0.504665     0.5742 7.0454e+00      1.040     9.2222  1004.1370     5.1715     12.236          3 0.0000e+00
     13.000   0.508723     0.6987 5.3032e+00      1.069     9.2112  1004.1653     5.1947     13.256          4 0.0000e+00
     14.000   0.509823     0.7218 4.0216e+00      1.082     9.2331  1004.1775     5.2027     14.276          4 0.0000e+00
     15.000   0.511067     0.7651 3.0300e+00      1.103     9.2031  1004.1890     5.2088     15.296          3 0.0000e+00
     16.000   0.513755     0.8642 2.3096e+00      1.100     9.1145  1004.2072     5.2211     16.316          4 0.0000e+00
     17.000   0.517575     1.0012 1.7778e+00      1.071     9.0445  1004.2310     5.2392     17.335          4 0.0000e+00
     18.000   0.520250     1.0939 1.3763e+00      1.078     9.0325  1004.2493     5.2523     18.355          4 0.0000e+00
     19.000   0.521689     1.1375 1.0629e+00      1.090     9.0228  1004.2620     5.2603     19.374          3 0.0000e+00
     20.000   0.523531     1.1735 8.2723e-01      1.069     8.9680  1004.2789     5.2740     20.394          4 0.0000e+00
     21.000   0.528419     1.2527 6.4994e-01      1.070     8.8887  1004.3173     5.3129     21.414          4 0.0000e+00
     22.000   0.534390     1.3582 5.0783e-01      1.086     8.8146  1004.3618     5.3588     22.434          3 0.0000e+00
     23.000   0.538306     1.4525 4.0625e-01      1.104     8.7651  1004.3894     5.3843     23.454          4 0.0000e+00
     24.000   0.540456     1.5187 3.2646e-01      1.093     8.7437  1004.4050     5.3957     24.473          4 0.0000e+00
     25.000   0.541481     1.5548 2.6247e-01      1.091     8.7416  1004.4144     5.4003     25.493          3 0.0000e+00
     26.000   0.541989     1.5739 2.1273e-01      1.113     8.7367  1004.4214     5.4023     26.513          4 0.0000e+00
     27.000   0.542965     1.6031 1.7505e-01      1.111     8.7234  1004.4311     5.4076     27.533          4 0.0000e+00
     28.000   0.544504     1.6483 1.4485e-01      1.097     8.6769  1004.4437     5.4160     28.552          3 0.0000e+00
     29.000   0.546054     1.6955 1.2186e-01      1.095     8.6616  1004.4561     5.4242     29.572          4 0.0000e+00
     30.000   0.547132     1.7086 1.0421e-01      1.094     8.6983  1004.4686     5.4333     30.591          4 0.0000e+00
     31.000   0.546985     1.6589 9.0285e-02      1.084     8.7545  1004.4783     5.4402     31.611          3 0.0000e+00
     32.000   0.546808     1.5935 8.0033e-02      1.092     8.8078  1004.4896     5.4496     32.631          4 0.0000e+00
     33.000   0.546681     1.5515 7.2041e-02      1.101     8.8494  1004.4985     5.4555     33.651          3 0.0000e+00
     34.000   0.546924     1.5380 6.6277e-02      1.104     8.8816  1004.5071     5.4603     34.671          4 0.0000e+00
     35.000   0.547522     1.5384 6.1689e-02      1.122     8.8958  1004.5171     5.4665     35.690          4 0.0000e+00
     36.000   0.547937     1.5444 5.8056e-02      1.140     8.8899  1004.5248     5.4698     36.710          3 0.0000e+00
     37.000   0.548381     1.5552 5.5399e-02      1.137     8.8682  1004.5322     5.4725     37.730          4 0.0000e+00
     38.000   0.548941     1.5625 5.3246e-02      1.122     8.8130  1004.5410     5.4771     38.749          3 0.0000e+00
     39.000   0.549734     1.5696 5.1557e-02      1.114     8.7692  1004.5518     5.4842     39.769          4 0.0000e+00
     40.000   0.550115     1.5658 5.0294e-02      1.103     8.7324  1004.5604     5.4889     40.788          3 0.0000e+00
     41.000   0.549942     1.5416 4.9152e-02      1.095     8.7204  1004.5668     5.4911     41.809          4 0.0000e+00
     42.000   0.549947     1.5265 4.8228e-02      1.100     8.7549  1004.5735     5.4937     42.828          4 0.0000e+00
     43.000   0.550169     1.5240 4.7474e-02      1.105     8.7423  1004.5806     5.4964     43.848          3 0.0000e+00
     44.000   0.550999     1.5521 4.6967e-02      1.103     8.7086  1004.5892     5.5002     44.867          4 0.0000e+00
     45.000   0.552325     1.6020 4.6449e-02      1.092     8.7083  1004.5993     5.5055     45.887          4 0.0000e+00
     46.000   0.552917     1.6199 4.6029e-02      1.092     8.6864  1004.6071     5.5086     46.907          3 0.0000e+00
     47.000   0.552904     1.6113 4.5704e-02      1.112     8.6562  1004.6129     5.5098     47.927          4 0.0000e+00
     48.000   0.552821     1.5969 4.5429e-02      1.125     8.6603  1004.6188     5.5114     48.946          3 0.0000e+00
     49.000   0.552790     1.5858 4.5209e-02      1.121     8.6771  1004.6248     5.5128     49.966          4 0.0000e+00
     50.000   0.552880     1.5838 4.5113e-02      1.107     8.6751  1004.6308     5.5141     50.986          4 0.0000e+00
     51.000   0.553073     1.5878 4.4925e-02      1.091     8.6752  1004.6368     5.5153     52.005          3 0.0000e+00
     52.000   0.553377     1.5967 4.4765e-02      1.095     8.6719  1004.6432     5.5169     53.025          4 0.0000e+00
     53.000   0.553875     1.6110 4.4662e-02      1.078     8.6686  1004.6506     5.5195     54.045          4 0.0000e+00
     54.000   0.554416     1.6273 4.4511e-02      1.069     8.6833  1004.6580     5.5223     55.065          3 0.0000e+00
     55.000   0.554750     1.6384 4.4492e-02      1.094     8.6819  1004.6644     5.5238     56.084          4 0.0000e+00
     56.000   0.555082     1.6488 4.4405e-02      1.106     8.6720  1004.6708     5.5254     57.104          4 0.0000e+00
     57.000   0.555523     1.6608 4.4361e-02      1.092     8.6625  1004.6780     5.5279     58.124          4 0.0000e+00
     58.000   0.555911     1.6713 4.4277e-02      1.062     8.6524  1004.6848     5.5300     59.144          3 0.0000e+00
     59.000   0.556326     1.6828 4.4195e-02      1.036     8.6451  1004.6918     5.5323     60.163          4 0.0000e+00
     60.000   0.556820     1.6972 4.4172e-02      1.056     8.6451  1004.6991     5.5349     61.183          4 0.0000e+00
     61.000   0.557136     1.7083 4.4173e-02      1.049     8.6553  1004.7053     5.5362     62.203          4 0.0000e+00
     62.000   0.557324     1.7157 4.4113e-02      1.035     8.6619  1004.7108     5.5368     63.222          4 0.0000e+00
     63.000   0.557588     1.7241 4.4114e-02      1.047     8.6605  1004.7169     5.5380     64.242          3 0.0000e+00
     64.000   0.558029     1.7381 4.3997e-02      1.062     8.6611  1004.7238     5.5401     65.262          4 0.0000e+00
     65.000   0.558518     1.7549 4.4056e-02      1.069     8.6568  1004.7307     5.5422     66.282          4 0.0000e+00
     66.000   0.558904     1.7688 4.4012e-02      1.091     8.6431  1004.7371     5.5438     67.301          3 0.0000e+00
     67.000   0.559322     1.7814 4.4023e-02      1.093     8.6344  1004.7439     5.5458     68.321          4 0.0000e+00
     68.000   0.559680     1.7905 4.4012e-02      1.084     8.6153  1004.7507     5.5479     69.341          4 0.0000e+00
     69.000   0.560058     1.8023 4.3963e-02      1.075     8.6032  1004.7572     5.5497     70.360          4 0.0000e+00
     70.000   0.560533     1.8166 4.3911e-02      1.073     8.5919  1004.7643     5.5521     71.380          3 0.0000e+00
     71.000   0.560911     1.8285 4.3957e-02      1.075     8.5845  1004.7709     5.5539     72.400          4 0.0000e+00
     72.000   0.561411     1.8456 4.3905e-02      1.070     8.5825  1004.7778     5.5561     73.420          4 0.0000e+00
     73.000   0.561998     1.8661 4.3943e-02      1.068     8.5796  1004.7850     5.5586     74.439          4 0.0000e+00
     74.000   0.562414     1.8807 4.3899e-02      1.068     8.5829  1004.7915     5.5602     75.459          3 0.0000e+00
     75.000   0.562980     1.8997 4.3834e-02      1.082     8.5587  1004.7987     5.5628     76.479          4 0.0000e+00
     76.000   0.564036     1.9351 4.3872e-02      1.099     8.5390  1004.8079     5.5676     77.499          4 0.0000e+00
     77.000   0.565347     1.9774 4.3874e-02      1.087     8.5227  1004.8184     5.5738     78.518          3 0.0000e+00
     78.000   0.566276     2.0068 4.3841e-02      1.069     8.5012  1004.8272     5.5783     79.538          4 0.0000e+00
     79.000   0.567406     2.0416 4.3854e-02      1.081     8.4904  1004.8370     5.5839     80.558          4 0.0000e+00
     80.000   0.568658     2.0817 4.3804e-02      1.102     8.4748  1004.8471     5.5899     81.577          3 0.0000e+00
     81.000   0.569807     2.1227 4.3754e-02      1.079     8.4575  1004.8562     5.5946     82.597          4 0.0000e+00
     82.000   0.571042     2.1658 4.3779e-02      1.052     8.4456  1004.8657     5.5999     83.617          4 0.0000e+00
     83.000   0.571940     2.1950 4.3743e-02      1.065     8.4303  1004.8742     5.6040     84.636          4 0.0000e+00
     84.000   0.572666     2.2175 4.3753e-02      1.095     8.4118  1004.8821     5.6075     85.656          3 0.0000e+00
     85.000   0.573415     2.2395 4.3707e-02      1.101     8.3879  1004.8902     5.6114     86.676          4 0.0000e+00
     86.000   0.574200     2.2619 4.3770e-02      1.086     8.3690  1004.8986     5.6155     87.695          4 0.0000e+00
     87.000   0.574892     2.2810 4.3741e-02      1.084     8.3516  1004.9066     5.6192     88.715          3 0.0000e+00
     88.000   0.575269     2.2928 4.3711e-02      1.091     8.3452  1004.9131     5.6209     89.735          4 0.0000e+00
     89.000   0.575608     2.3021 4.3695e-02      1.082     8.3389  1004.9195     5.6227     90.755          4 0.0000e+00
     90.000   0.575890     2.3103 4.3660e-02      1.063     8.3265  1004.9256     5.6241     91.775          4 0.0000e+00
     91.000   0.576203     2.3207 4.3677e-02      1.039     8.3177  1004.9316     5.6254     92.794          3 0.0000e+00
     92.000   0.576633     2.3333 4.3700e-02      1.014     8.3179  1004.9383     5.6276     93.814          4 0.0000e+00
     93.000   0.577137     2.3460 4.3697e-02      1.009     8.2998  1004.9457     5.6305     94.833          4 0.0000e+00
     94.000   0.577467     2.3547 4.3650e-02      1.026     8.2923  1004.9521     5.6323     95.854          4 0.0000e+00
     95.000   0.577815     2.3640 4.3667e-02      1.048     8.2810  1004.9585     5.6342     96.873          4 0.0000e+00
     96.000   0.578279     2.3773 4.3674e-02      1.054     8.2515  1004.9654     5.6365     97.893          4 0.0000e+00
     97.000   0.579440     2.4081 4.3674e-02      1.054     8.2259  1004.9757     5.6431     98.913          4 0.0000e+00
     98.000   0.580776     2.4438 4.3641e-02      1.049     8.1952  1004.9866     5.6505     99.932          3 0.0000e+00
     99.000   0.581933     2.4761 4.3672e-02      1.047     8.1471  1004.9966     5.6567    100.952          4 0.0000e+00
    100.000   0.582902     2.5024 4.3628e-02      1.054     8.1289  1005.0058     5.6620    101.972          4 0.0000e+00
    101.000   0.583715     2.5217 4.3642e-02      1.034     8.1381  1005.0147     5.6669    102.992          4 0.0000e+00
    102.000   0.584623     2.5387 4.3654e-02      1.014     8.0583  1005.0247     5.6732    104.011          4 0.0000e+00
    103.000   0.587680     2.6166 4.3621e-02      1.026     7.9519  1005.0437     5.6910    105.031          4 0.0000e+00
    104.000   0.592048     2.7294 4.3631e-02      1.042     7.8435  1005.0684     5.7159    106.051          4 0.0000e+00
    105.000   0.595670     2.8219 4.3637e-02      1.035     7.7422  1005.0896     5.7366    107.070          3 0.0000e+00
    106.000   0.598978     2.8966 4.3645e-02      1.016     7.6662  1005.1106     5.7572    108.090          4 0.0000e+00
    107.000   0.601556     2.9537 4.3623e-02      1.041     7.6029  1005.1280     5.7734    109.110          4 0.0000e+00
    108.000   0.604003     3.0124 4.3645e-02      1.057     7.5227  1005.1440     5.7878    110.129          4 0.0000e+00
    109.000   0.606781     3.0809 4.3618e-02      1.050     7.4444  1005.1612     5.8038    111.149          4 0.0000e+00
    110.000   0.609873     3.1515 4.3619e-02      1.047     7.3660  1005.1804     5.8226    112.169          4 0.0000e+00
    111.000   0.612850     3.2140 4.3617e-02      1.052     7.3235  1005.1998     5.8416    113.189          3 0.0000e+00
    112.000   0.614588     3.2511 4.3617e-02      1.045     7.2798  1005.2130     5.8525    114.208          4 0.0000e+00
    113.000   0.615916     3.2808 4.3617e-02      1.047     7.2374  1005.2240     5.8605    115.228          4 0.0000e+00
    114.000   0.617613     3.3181 4.3617e-02      1.046     7.2091  1005.2367     5.8710    116.247          4 0.0000e+00
    115.000   0.618877     3.3484 4.3619e-02      1.044     7.1643  1005.2470     5.8782    117.267          4 0.0000e+00
    116.000   0.620738     3.3866 4.3620e-02      1.047     7.0756  1005.2608     5.8900    118.287          3 0.0000e+00
    117.000   0.623860     3.4454 4.3619e-02      1.049     7.0242  1005.2815     5.9109    119.307          4 0.0000e+00
    118.000   0.627182     3.5090 4.3617e-02      1.051     6.9196  1005.3029     5.9329    120.327          4 0.0000e+00
    119.000   0.630775     3.5811 4.3617e-02      1.042     6.7442  1005.3249     5.9560    121.346          4 0.0000e+00
    120.000   0.636056     3.6854 4.3617e-02      1.052     6.6266  1005.3551     5.9900    122.366          4 0.0000e+00
    121.000   0.639442     3.7519 4.3617e-02      1.057     6.5767  1005.3760     6.0118    123.386          4 0.0000e+00
    122.000   0.640857     3.7773 4.3617e-02      1.052     6.5567  1005.3879     6.0213    124.406          3 0.0000e+00
    123.000   0.641718     3.7909 4.3617e-02      1.054     6.5485  1005.3973     6.0273    125.425          4 0.0000e+00
    124.000   0.642469     3.8043 4.3617e-02      1.055     6.5311  1005.4058     6.0323    126.445          4 0.0000e+00
    125.000   0.642997     3.8150 4.3617e-02      1.038     6.5080  1005.4130     6.0355    127.464          4 0.0000e+00
    126.000   0.643868     3.8291 4.3617e-02      1.031     6.4908  1005.4225     6.0415    128.484          4 0.0000e+00
    127.000   0.644759     3.8426 4.3617e-02      1.042     6.4778  1005.4321     6.0479    129.504          4 0.0000e+00
    128.000   0.645339     3.8524 4.3617e-02      1.021     6.4638  1005.4399     6.0518    130.524          4 0.0000e+00
    129.000   0.645881     3.8605 4.3617e-02      1.001     6.4433  1005.4476     6.0556    131.543          4 0.0000e+00
    130.000   0.646404     3.8702 4.3617e-02      1.010     6.4059  1005.4549     6.0590    132.563          3 0.0000e+00
    131.000   0.647248     3.8874 4.3617e-02      1.036     6.3647  1005.4636     6.0641    133.583          4 0.0000e+00
