ctdpy/exports/archive_20191121_115250/received_data/c3_v17_18.cnv
* Sea-Bird SBE19plus Data File:
* FileName = C:\CTD\CTD 2018\v17\C3_v17_18.hex
* Software Version 1.59
* Temperature SN =  7668
* Conductivity SN =  7668
* System UpLoad Time = Apr 24 2018 14:23:28
** C3 k08 v17 2018
* ds
# nquan = 10
# nvalues = 199                         
# units = specified
# name 0 = prdM: Pressure, Strain Gauge [db]
# name 1 = c0S/m: Conductivity [S/m]
# name 2 = tv290C: Temperature [ITS-90, deg C]
# name 3 = par: PAR/Irradiance, Biospherical/Licor
# name 4 = dz/dtM: Descent Rate [m/s]
# name 5 = density00: Density [density, kg/m^3]
# name 6 = sal00: Salinity, Practical [PSU]
# name 7 = depFM: Depth [fresh water, m], lat = 0
# name 8 = nbin: number of scans per bin
# name 9 = flag: flag
# span 0 =      1.000,    199.000       
# span 1 =   0.507859,   0.674347       
# span 2 =     0.0709,     3.9104       
# span 3 = -1.625e-04, 5.2074e+02       
# span 4 =      0.157,      1.565       
# span 5 =  1004.1107,  1006.0048       
# span 6 =     5.1782,     6.3331       
# span 7 =      1.020,    202.923       
# span 8 =          3,         18       
# span 9 = 0.0000e+00, 0.0000e+00       
# interval = decibars: 1                
# start_time = Apr 24 2018 13:57:36 [Instrument's time stamp, header]
# bad_flag = -9.990e-29
*END*
      1.000   0.516053     1.2682 2.8968e+02      0.355  1004.1107     5.1797      1.020          5 0.0000e+00
      2.000   0.516107     1.2701 5.2074e+02      0.967  1004.1158     5.1798      2.040          5 0.0000e+00
      3.000   0.516194     1.2741 2.2842e+02      1.019  1004.1211     5.1800      3.059          4 0.0000e+00
      4.000   0.516250     1.2771 8.6662e+01      0.871  1004.1261     5.1800      4.079          4 0.0000e+00
      5.000   0.516293     1.2790 7.0893e+01      0.927  1004.1312     5.1800      5.099          4 0.0000e+00
      6.000   0.516330     1.2805 4.1185e+01      1.060  1004.1363     5.1800      6.118          4 0.0000e+00
      7.000   0.516391     1.2832 3.1841e+01      1.156  1004.1414     5.1802      7.138          3 0.0000e+00
      8.000   0.516398     1.2835 2.4112e+01      1.138  1004.1463     5.1801      8.158          4 0.0000e+00
      9.000   0.516386     1.2826 1.8727e+01      1.005  1004.1512     5.1800      9.177          4 0.0000e+00
     10.000   0.516323     1.2786 1.3942e+01      0.940  1004.1560     5.1799     10.197          4 0.0000e+00
     11.000   0.515932     1.2583 1.0643e+01      1.000  1004.1597     5.1790     11.217          3 0.0000e+00
     12.000   0.515548     1.2375 7.6499e+00      1.182  1004.1636     5.1782     12.237          4 0.0000e+00
     13.000   0.515448     1.2295 5.8489e+00      1.313  1004.1685     5.1784     13.256          3 0.0000e+00
     14.000   0.515368     1.2231 4.7419e+00      1.218  1004.1734     5.1785     14.276          4 0.0000e+00
     15.000   0.515406     1.2234 3.8760e+00      0.979  1004.1786     5.1787     15.296          4 0.0000e+00
     16.000   0.515505     1.2277 2.9863e+00      0.906  1004.1839     5.1790     16.315          3 0.0000e+00
     17.000   0.515502     1.2263 2.2119e+00      1.088  1004.1889     5.1791     17.335          4 0.0000e+00
     18.000   0.515475     1.2228 1.6151e+00      1.260  1004.1940     5.1793     18.355          3 0.0000e+00
     19.000   0.515473     1.2202 1.1565e+00      1.210  1004.1992     5.1796     19.374          4 0.0000e+00
     20.000   0.515530     1.2227 8.8904e-01      1.069  1004.2043     5.1797     20.394          4 0.0000e+00
     21.000   0.515553     1.2243 7.0882e-01      1.012  1004.2092     5.1795     21.414          3 0.0000e+00
     22.000   0.515564     1.2241 5.3825e-01      1.082  1004.2142     5.1796     22.434          4 0.0000e+00
     23.000   0.515557     1.2214 3.8923e-01      1.173  1004.2194     5.1799     23.453          4 0.0000e+00
     24.000   0.515340     1.2006 2.8389e-01      1.124  1004.2247     5.1809     24.473          3 0.0000e+00
     25.000   0.514733     1.1448 1.9820e-01      1.004  1004.2303     5.1836     25.493          4 0.0000e+00
     26.000   0.513894     1.0630 1.4841e-01      1.029  1004.2367     5.1881     26.513          3 0.0000e+00
     27.000   0.512771     0.9465 1.1114e-01      1.178  1004.2441     5.1954     27.532          4 0.0000e+00
     28.000   0.511184     0.7795 7.2895e-02      1.273  1004.2525     5.2063     28.552          3 0.0000e+00
     29.000   0.509742     0.6037 3.9077e-02      1.185  1004.2626     5.2202     29.572          4 0.0000e+00
     30.000   0.508988     0.4541 1.0407e-02      0.985  1004.2758     5.2374     30.591          4 0.0000e+00
     31.000   0.508586     0.3298 -1.625e-04      0.913  1004.2895     5.2542     31.611          3 0.0000e+00
     32.000   0.507995     0.2124 -1.221e-05      1.091  1004.3006     5.2678     32.631          4 0.0000e+00
     33.000   0.507859     0.1363 1.0000e-12      1.327  1004.3117     5.2793     33.651          3 0.0000e+00
     34.000   0.508092     0.0902 1.0000e-12      1.436  1004.3231     5.2898     34.670          3 0.0000e+00
     35.000   0.508573     0.0709 1.0000e-12      1.268  1004.3343     5.2984     35.690          4 0.0000e+00
     36.000   0.509440     0.0843 1.0000e-12      0.989  1004.3457     5.3056     36.710          4 0.0000e+00
     37.000   0.510469     0.1059 1.0000e-12      0.910  1004.3578     5.3132     37.730          3 0.0000e+00
     38.000   0.511601     0.1271 1.0000e-12      1.093  1004.3708     5.3219     38.749          3 0.0000e+00
     39.000   0.512746     0.1423 1.0000e-12      1.381  1004.3846     5.3319     39.769          3 0.0000e+00
     40.000   0.513522     0.1474 1.0000e-12      1.565  1004.3960     5.3395     40.789          3 0.0000e+00
     41.000   0.514699     0.1758 1.0000e-12      1.489  1004.4087     5.3475     41.808          3 0.0000e+00
     42.000   0.515752     0.1953 1.0000e-12      1.065  1004.4212     5.3556     42.828          5 0.0000e+00
     43.000   0.516417     0.1930 1.0000e-12      0.779  1004.4323     5.3633     43.848          4 0.0000e+00
     44.000   0.517817     0.2287 1.0000e-12      0.882  1004.4462     5.3724     44.867          3 0.0000e+00
     45.000   0.519957     0.3074 1.0000e-12      1.203  1004.4622     5.3821     45.887          3 0.0000e+00
     46.000   0.521796     0.3664 1.0000e-12      1.491  1004.4775     5.3920     46.907          3 0.0000e+00
     47.000   0.522684     0.3744 1.0000e-12      1.524  1004.4896     5.4002     47.927          3 0.0000e+00
     48.000   0.523614     0.3867 1.0000e-12      1.201  1004.5015     5.4082     48.946          4 0.0000e+00
     49.000   0.524857     0.4142 1.0000e-12      0.847  1004.5146     5.4169     49.966          4 0.0000e+00
     50.000   0.524052     0.3301 1.0000e-12      0.862  1004.5212     5.4228     50.986          4 0.0000e+00
     51.000   0.523933     0.2850 1.0000e-12      1.074  1004.5297     5.4294     52.006          3 0.0000e+00
     52.000   0.524563     0.2893 1.0000e-12      1.308  1004.5398     5.4355     53.025          3 0.0000e+00
     53.000   0.525016     0.2884 1.0000e-12      1.442  1004.5489     5.4406     54.045          3 0.0000e+00
     54.000   0.525441     0.2877 1.0000e-12      1.303  1004.5577     5.4453     55.065          4 0.0000e+00
     55.000   0.526890     0.3452 1.0000e-12      0.969  1004.5695     5.4510     56.084          4 0.0000e+00
     56.000   0.530676     0.5434 1.0000e-12      0.840  1004.5870     5.4573     57.104          4 0.0000e+00
     57.000   0.534951     0.7761 1.0000e-12      0.964  1004.6042     5.4627     58.124          4 0.0000e+00
     58.000   0.537436     0.9030 1.0000e-12      1.148  1004.6167     5.4671     59.143          3 0.0000e+00
     59.000   0.538763     0.9569 1.0000e-12      1.330  1004.6270     5.4719     60.163          3 0.0000e+00
     60.000   0.539572     0.9706 1.0000e-12      1.420  1004.6375     5.4781     61.183          3 0.0000e+00
     61.000   0.540308     0.9762 1.0000e-12      1.319  1004.6482     5.4850     62.203          4 0.0000e+00
     62.000   0.540923     0.9821 1.0000e-12      1.104  1004.6578     5.4906     63.222          4 0.0000e+00
     63.000   0.542842     1.0550 1.0000e-12      0.950  1004.6710     5.4983     64.242          3 0.0000e+00
     64.000   0.545257     1.1625 1.0000e-12      0.979  1004.6843     5.5052     65.262          4 0.0000e+00
     65.000   0.547146     1.2526 1.0000e-12      1.125  1004.6949     5.5095     66.281          3 0.0000e+00
     66.000   0.549091     1.3447 1.0000e-12      1.286  1004.7055     5.5140     67.301          3 0.0000e+00
     67.000   0.550989     1.4372 1.0000e-12      1.377  1004.7156     5.5178     68.321          3 0.0000e+00
     68.000   0.553742     1.5646 1.0000e-12      1.286  1004.7284     5.5247     69.341          4 0.0000e+00
     69.000   0.555763     1.6611 1.0000e-12      1.067  1004.7385     5.5290     70.360          4 0.0000e+00
     70.000   0.556854     1.7111 1.0000e-12      0.938  1004.7464     5.5317     71.380          3 0.0000e+00
     71.000   0.557783     1.7451 1.0000e-12      1.029  1004.7549     5.5355     72.400          4 0.0000e+00
     72.000   0.558408     1.7666 1.0000e-12      1.220  1004.7624     5.5382     73.420          3 0.0000e+00
     73.000   0.558683     1.7784 1.0000e-12      1.348  1004.7681     5.5389     74.439          3 0.0000e+00
     74.000   0.559052     1.7915 1.0000e-12      1.290  1004.7744     5.5404     75.459          4 0.0000e+00
     75.000   0.559511     1.8075 1.0000e-12      1.088  1004.7812     5.5424     76.479          4 0.0000e+00
     76.000   0.560244     1.8328 1.0000e-12      0.909  1004.7890     5.5455     77.499          4 0.0000e+00
     77.000   0.561129     1.8639 1.0000e-12      0.910  1004.7974     5.5493     78.518          4 0.0000e+00
     78.000   0.562126     1.8980 1.0000e-12      1.072  1004.8063     5.5537     79.538          3 0.0000e+00
     79.000   0.563278     1.9344 1.0000e-12      1.267  1004.8163     5.5593     80.557          3 0.0000e+00
     80.000   0.564637     1.9794 1.0000e-12      1.344  1004.8267     5.5656     81.577          4 0.0000e+00
     81.000   0.566309     2.0365 1.0000e-12      1.227  1004.8382     5.5731     82.597          3 0.0000e+00
     82.000   0.568075     2.0975 1.0000e-12      1.015  1004.8499     5.5807     83.617          4 0.0000e+00
     83.000   0.570118     2.1671 1.0000e-12      0.969  1004.8626     5.5898     84.636          4 0.0000e+00
     84.000   0.572931     2.2519 1.0000e-12      1.082  1004.8796     5.6042     85.656          3 0.0000e+00
     85.000   0.575495     2.3263 1.0000e-12      1.189  1004.8958     5.6177     86.676          4 0.0000e+00
     86.000   0.577958     2.3934 1.0000e-12      1.153  1004.9120     5.6314     87.696          4 0.0000e+00
     87.000   0.580178     2.4485 1.0000e-12      1.039  1004.9277     5.6447     88.715          3 0.0000e+00
     88.000   0.582654     2.5128 1.0000e-12      1.005  1004.9441     5.6589     89.735          4 0.0000e+00
     89.000   0.584947     2.5770 1.0000e-12      1.072  1004.9589     5.6712     90.755          4 0.0000e+00
     90.000   0.588175     2.6603 1.0000e-12      1.145  1004.9786     5.6897     91.774          3 0.0000e+00
     91.000   0.593241     2.7887 1.0000e-12      1.185  1005.0067     5.7190     92.794          4 0.0000e+00
     92.000   0.599755     2.9451 1.0000e-12      1.166  1005.0420     5.7580     93.814          3 0.0000e+00
     93.000   0.605878     3.0887 1.0000e-12      1.081  1005.0754     5.7949     94.834          4 0.0000e+00
     94.000   0.609031     3.1657 1.0000e-12      1.026  1005.0942     5.8132     95.853          4 0.0000e+00
     95.000   0.611324     3.2110 1.0000e-12      1.086  1005.1107     5.8283     96.873          3 0.0000e+00
     96.000   0.613715     3.2517 1.0000e-12      1.198  1005.1286     5.8452     97.893          4 0.0000e+00
     97.000   0.616509     3.2949 1.0000e-12      1.201  1005.1494     5.8657     98.912          3 0.0000e+00
     98.000   0.619678     3.3522 1.0000e-12      1.054  1005.1710     5.8875     99.932          4 0.0000e+00
     99.000   0.623903     3.4318 1.0000e-12      0.981  1005.1974     5.9158    100.952          4 0.0000e+00
    100.000   0.629186     3.5167 1.0000e-12      1.077  1005.2312     5.9538    101.971          3 0.0000e+00
    101.000   0.635127     3.5933 1.0000e-12      1.157  1005.2714     5.9997    102.991          4 0.0000e+00
    102.000   0.640146     3.6525 1.0000e-12      1.141  1005.3069     6.0394    104.011          4 0.0000e+00
    103.000   0.642857     3.6873 1.0000e-12      1.079  1005.3277     6.0602    105.031          4 0.0000e+00
    104.000   0.645013     3.7109 1.0000e-12      0.998  1005.3459     6.0774    106.050          4 0.0000e+00
    105.000   0.647303     3.7301 1.0000e-12      0.984  1005.3658     6.0969    107.070          3 0.0000e+00
    106.000   0.649226     3.7443 1.0000e-12      1.098  1005.3837     6.1135    108.090          4 0.0000e+00
    107.000   0.651101     3.7597 1.0000e-12      1.146  1005.4009     6.1294    109.110          4 0.0000e+00
    108.000   0.652369     3.7743 1.0000e-12      1.026  1005.4134     6.1394    110.130          4 0.0000e+00
    109.000   0.653300     3.7864 1.0000e-12      0.951  1005.4236     6.1463    111.149          3 0.0000e+00
    110.000   0.654289     3.7963 1.0000e-12      1.092  1005.4346     6.1543    112.169          4 0.0000e+00
    111.000   0.655415     3.8074 1.0000e-12      1.274  1005.4466     6.1635    113.188          3 0.0000e+00
    112.000   0.656436     3.8215 1.0000e-12      1.252  1005.4571     6.1710    114.208          4 0.0000e+00
    113.000   0.657377     3.8409 1.0000e-12      1.000  1005.4661     6.1767    115.228          4 0.0000e+00
    114.000   0.658870     3.8669 1.0000e-12      0.860  1005.4784     6.1867    116.248          4 0.0000e+00
    115.000   0.660120     3.8840 1.0000e-12      0.981  1005.4902     6.1959    117.267          3 0.0000e+00
    116.000   0.660970     3.8914 1.0000e-12      1.202  1005.5005     6.2029    118.287          4 0.0000e+00
    117.000   0.661808     3.8968 1.0000e-12      1.302  1005.5111     6.2102    119.307          3 0.0000e+00
    118.000   0.662784     3.9015 1.0000e-12      1.165  1005.5228     6.2190    120.327          4 0.0000e+00
    119.000   0.663348     3.9034 1.0000e-12      0.942  1005.5318     6.2242    121.346          4 0.0000e+00
    120.000   0.663977     3.9056 1.0000e-12      0.895  1005.5412     6.2300    122.366          4 0.0000e+00
    121.000   0.664527     3.9077 1.0000e-12      1.051  1005.5500     6.2350    123.386          3 0.0000e+00
    122.000   0.665047     3.9093 1.0000e-12      1.276  1005.5587     6.2398    124.406          3 0.0000e+00
    123.000   0.665451     3.9097 1.0000e-12      1.333  1005.5667     6.2437    125.425          4 0.0000e+00
    124.000   0.665785     3.9093 1.0000e-12      1.091  1005.5742     6.2470    126.445          4 0.0000e+00
    125.000   0.666016     3.9087 1.0000e-12      0.813  1005.5809     6.2494    127.464          5 0.0000e+00
    126.000   0.666282     3.9089 1.0000e-12      0.870  1005.5878     6.2519    128.484          3 0.0000e+00
    127.000   0.666636     3.9104 1.0000e-12      1.159  1005.5952     6.2551    129.504          3 0.0000e+00
    128.000   0.666912     3.9099 1.0000e-12      1.368  1005.6023     6.2578    130.523          4 0.0000e+00
    129.000   0.667166     3.9089 1.0000e-12      1.293  1005.6092     6.2604    131.543          3 0.0000e+00
    130.000   0.667457     3.9083 1.0000e-12      0.992  1005.6165     6.2634    132.563          4 0.0000e+00
    131.000   0.667628     3.9083 1.0000e-12      0.891  1005.6227     6.2649    133.583          4 0.0000e+00
    132.000   0.667767     3.9084 1.0000e-12      1.027  1005.6285     6.2663    134.603          4 0.0000e+00
    133.000   0.667888     3.9082 1.0000e-12      1.147  1005.6343     6.2674    135.622          3 0.0000e+00
    134.000   0.667997     3.9079 1.0000e-12      1.171  1005.6400     6.2684    136.642          4 0.0000e+00
    135.000   0.668095     3.9072 1.0000e-12      1.137  1005.6457     6.2694    137.662          4 0.0000e+00
    136.000   0.668232     3.9065 1.0000e-12      1.090  1005.6518     6.2708    138.681          3 0.0000e+00
    137.000   0.668456     3.9059 1.0000e-12      1.027  1005.6584     6.2731    139.701          4 0.0000e+00
    138.000   0.668673     3.9035 1.0000e-12      1.028  1005.6654     6.2756    140.721          4 0.0000e+00
    139.000   0.668858     3.8996 1.0000e-12      1.074  1005.6723     6.2781    141.741          4 0.0000e+00
    140.000   0.669044     3.8963 1.0000e-12      1.089  1005.6792     6.2805    142.760          3 0.0000e+00
    141.000   0.669176     3.8917 1.0000e-12      1.109  1005.6859     6.2826    143.780          4 0.0000e+00
    142.000   0.669312     3.8885 1.0000e-12      1.114  1005.6923     6.2844    144.800          4 0.0000e+00
    143.000   0.669413     3.8862 1.0000e-12      1.064  1005.6983     6.2858    145.820          4 0.0000e+00
    144.000   0.669612     3.8858 1.0000e-12      1.021  1005.7047     6.2878    146.839          3 0.0000e+00
