ctdpy/exports/archive_20191121_115250/received_data/c3_v33_18.cnv
* Sea-Bird SBE19plus Data File:
* FileName = C:\CTD\CTD 2018\v33\C3_v33_18.hex
* Software Version 1.59
* Temperature SN =  4644
* Conductivity SN =  4644
* System UpLoad Time = Aug 14 2018 16:50:44
** k19 C3
* ds
# nquan = 11
# nvalues = 197                         
# units = specified
# name 0 = prdM: Pressure, Strain Gauge [db]
# name 1 = c0S/m: Conductivity [S/m]
# name 2 = tv290C: Temperature [ITS-90, deg C]
# name 3 = par: PAR/Irradiance, Biospherical/Licor
# name 4 = dz/dtM: Descent Rate [m/s]
# name 5 = sbeox0ML/L: Oxygen, SBE 43 [ml/l]
# name 6 = density00: Density [density, kg/m^3]
# name 7 = sal00: Salinity, Practical [PSU]
# name 8 = depFM: Depth [fresh water, m], lat = 0
# name 9 = nbin: number of scans per bin
# name 10 = flag: flag
# span 0 =      1.000,    197.000       
# span 1 =   0.546883,   0.716056       
# span 2 =     1.8920,    16.2363       
# span 3 = 1.0646e-01, 6.4596e+01       
# span 4 =      0.027,      1.200       
# span 5 =     4.3180,     9.4583       
# span 6 =  1002.6083,  1006.0142       
# span 7 =     4.8136,     6.3569       
# span 8 =      1.020,    200.884       
# span 9 =          3,         17       
# span 10 = 0.0000e+00, 0.0000e+00      
# interval = decibars: 1                
# start_time = Aug 14 2018 16:35:21 [Instrument's time stamp, header]
# bad_flag = -9.990e-29
*END*
      1.000   0.716056    16.2363 6.4596e+01      0.027     6.5711  1002.6083     4.8182      1.020          8 0.0000e+00
      2.000   0.712817    16.0780 3.3724e+01      0.659     6.6403  1002.6370     4.8136      2.040          6 0.0000e+00
      3.000   0.712775    16.0710 2.3166e+01      0.678     6.6344  1002.6432     4.8141      3.059          4 0.0000e+00
      4.000   0.713506    16.0939 1.4012e+01      0.957     6.5913  1002.6458     4.8166      4.079          4 0.0000e+00
      5.000   0.712582    16.0501 1.0026e+01      1.056     6.5614  1002.6568     4.8151      5.099          4 0.0000e+00
      6.000   0.712120    16.0232 7.4289e+00      1.082     6.5312  1002.6660     4.8149      6.118          4 0.0000e+00
      7.000   0.711814    16.0049 5.6947e+00      1.078     6.5162  1002.6737     4.8148      7.138          3 0.0000e+00
      8.000   0.711586    15.9915 4.5325e+00      1.061     6.5212  1002.6806     4.8147      8.158          4 0.0000e+00
      9.000   0.711463    15.9834 3.8259e+00      1.057     6.5252  1002.6866     4.8148      9.177          4 0.0000e+00
     10.000   0.711448    15.9797 3.2366e+00      1.063     6.5189  1002.6920     4.8150     10.197          4 0.0000e+00
     11.000   0.711456    15.9769 2.7756e+00      1.060     6.5181  1002.6974     4.8153     11.217          4 0.0000e+00
     12.000   0.711446    15.9734 2.4002e+00      1.053     6.5216  1002.7028     4.8156     12.237          3 0.0000e+00
     13.000   0.711402    15.9677 2.0876e+00      1.045     6.5195  1002.7086     4.8159     13.256          4 0.0000e+00
     14.000   0.711350    15.9608 1.7983e+00      1.046     6.5229  1002.7148     4.8163     14.276          4 0.0000e+00
     15.000   0.711260    15.9517 1.5244e+00      1.091     6.4929  1002.7213     4.8167     15.296          3 0.0000e+00
     16.000   0.711077    15.9329 1.2638e+00      1.145     6.4225  1002.7298     4.8176     16.316          4 0.0000e+00
     17.000   0.710469    15.8729 1.0353e+00      1.164     6.2232  1002.7468     4.8203     17.335          3 0.0000e+00
     18.000   0.707797    15.6269 8.4654e-01      1.167     6.2365  1002.8009     4.8305     18.355          4 0.0000e+00
     19.000   0.700114    15.0119 6.9001e-01      1.153     6.8033  1002.9210     4.8488     19.375          3 0.0000e+00
     20.000   0.678702    13.5429 5.6184e-01      1.146     7.1798  1003.1647     4.8698     20.394          4 0.0000e+00
     21.000   0.645143    11.4246 4.6663e-01      1.155     7.2608  1003.4558     4.8775     21.414          3 0.0000e+00
     22.000   0.624541    10.0459 3.9536e-01      1.160     7.2601  1003.6252     4.8909     22.434          4 0.0000e+00
     23.000   0.615143     9.2855 3.3912e-01      1.153     7.3988  1003.7231     4.9144     23.454          3 0.0000e+00
     24.000   0.606637     8.5792 2.9140e-01      1.159     7.6158  1003.8089     4.9384     24.473          3 0.0000e+00
     25.000   0.593677     7.6282 2.5597e-01      1.174     7.8432  1003.9013     4.9578     25.493          4 0.0000e+00
     26.000   0.580888     6.6686 2.2743e-01      1.179     8.0233  1003.9847     4.9797     26.512          3 0.0000e+00
     27.000   0.571029     5.8926 2.0594e-01      1.165     7.9762  1004.0469     5.0020     27.532          4 0.0000e+00
     28.000   0.564339     5.3457 1.8878e-01      1.145     8.0021  1004.0894     5.0202     28.552          3 0.0000e+00
     29.000   0.561925     5.0228 1.7322e-01      1.146     8.1097  1004.1259     5.0456     29.572          4 0.0000e+00
     30.000   0.557527     4.5814 1.6224e-01      1.162     8.2173  1004.1636     5.0703     30.591          3 0.0000e+00
     31.000   0.553075     4.1222 1.5330e-01      1.176     8.2799  1004.2011     5.0976     31.611          3 0.0000e+00
     32.000   0.550796     3.7739 1.4694e-01      1.171     8.3182  1004.2374     5.1295     32.631          4 0.0000e+00
     33.000   0.550000     3.5035 1.4052e-01      1.152     8.3478  1004.2736     5.1642     33.651          3 0.0000e+00
     34.000   0.550717     3.2941 1.3613e-01      1.162     8.3901  1004.3129     5.2050     34.670          4 0.0000e+00
     35.000   0.551078     3.0802 1.3298e-01      1.192     8.4882  1004.3496     5.2432     35.690          3 0.0000e+00
     36.000   0.549983     2.8261 1.2972e-01      1.175     8.5497  1004.3794     5.2735     36.710          4 0.0000e+00
     37.000   0.547859     2.5536 1.2713e-01      1.165     8.6145  1004.4025     5.2967     37.729          3 0.0000e+00
     38.000   0.546883     2.3499 1.2496e-01      1.190     8.6853  1004.4254     5.3205     38.749          3 0.0000e+00
     39.000   0.546910     2.1980 1.2350e-01      1.200     8.7328  1004.4498     5.3462     39.769          4 0.0000e+00
     40.000   0.547159     2.0803 1.2207e-01      1.180     8.7590  1004.4716     5.3687     40.789          3 0.0000e+00
     41.000   0.548284     2.0355 1.2079e-01      1.154     8.7715  1004.4916     5.3880     41.808          4 0.0000e+00
     42.000   0.550024     2.0235 1.1974e-01      1.144     8.7869  1004.5126     5.4082     42.828          3 0.0000e+00
     43.000   0.552161     2.0168 1.1900e-01      1.146     8.8231  1004.5364     5.4318     43.848          4 0.0000e+00
     44.000   0.553950     2.0087 1.1845e-01      1.156     8.8738  1004.5574     5.4518     44.867          3 0.0000e+00
     45.000   0.555286     2.0046 1.1776e-01      1.149     8.9315  1004.5740     5.4666     45.887          4 0.0000e+00
     46.000   0.556707     2.0217 1.1751e-01      1.130     9.0337  1004.5887     5.4784     46.907          3 0.0000e+00
     47.000   0.558526     2.0704 1.1679e-01      1.109     9.1431  1004.6026     5.4890     47.927          4 0.0000e+00
     48.000   0.561238     2.1700 1.1693e-01      1.101     9.2269  1004.6174     5.4999     48.946          3 0.0000e+00
     49.000   0.566096     2.3854 1.1627e-01      1.116     9.3496  1004.6344     5.5132     49.966          4 0.0000e+00
     50.000   0.572098     2.6457 1.1585e-01      1.129     9.4299  1004.6537     5.5302     50.986          4 0.0000e+00
     51.000   0.575196     2.7805 1.1522e-01      1.133     9.4583  1004.6655     5.5387     52.006          3 0.0000e+00
     52.000   0.575785     2.7979 1.1516e-01      1.126     9.3777  1004.6728     5.5417     53.025          4 0.0000e+00
     53.000   0.574943     2.7466 1.1520e-01      1.098     9.2482  1004.6779     5.5418     54.045          4 0.0000e+00
     54.000   0.573236     2.6452 1.1510e-01      1.057     9.0989  1004.6827     5.5417     55.065          3 0.0000e+00
     55.000   0.569409     2.4263 1.1534e-01      1.044     8.8788  1004.6857     5.5399     56.084          4 0.0000e+00
     56.000   0.565182     2.1757 1.1485e-01      1.068     8.6932  1004.6887     5.5395     57.104          4 0.0000e+00
     57.000   0.563312     2.0388 1.1448e-01      1.079     8.5671  1004.6958     5.5438     58.124          3 0.0000e+00
     58.000   0.562802     1.9689 1.1453e-01      1.081     8.4225  1004.7055     5.5506     59.143          4 0.0000e+00
     59.000   0.562951     1.9089 1.1495e-01      1.078     8.2841  1004.7194     5.5626     60.163          4 0.0000e+00
     60.000   0.564137     1.8920 1.1479e-01      1.071     8.2062  1004.7365     5.5780     61.183          4 0.0000e+00
     61.000   0.565150     1.8939 1.1469e-01      1.070     8.1672  1004.7497     5.5883     62.203          3 0.0000e+00
     62.000   0.566000     1.9025 1.1431e-01      1.088     8.1174  1004.7607     5.5956     63.222          4 0.0000e+00
     63.000   0.567296     1.9203 1.1386e-01      1.114     8.0386  1004.7742     5.6061     64.242          4 0.0000e+00
     64.000   0.568718     1.9426 1.1420e-01      1.103     7.9520  1004.7882     5.6170     65.262          3 0.0000e+00
     65.000   0.570545     1.9737 1.1445e-01      1.071     7.8736  1004.8044     5.6306     66.281          4 0.0000e+00
     66.000   0.572597     2.0142 1.1462e-01      1.071     7.7772  1004.8213     5.6449     67.302          3 0.0000e+00
     67.000   0.575627     2.0881 1.1428e-01      1.111     7.5530  1004.8418     5.6635     68.321          4 0.0000e+00
     68.000   0.581103     2.2313 1.1429e-01      1.140     7.2952  1004.8732     5.6952     69.341          4 0.0000e+00
     69.000   0.589108     2.4267 1.1458e-01      1.150     7.1176  1004.9178     5.7436     70.360          3 0.0000e+00
     70.000   0.594948     2.5697 1.1435e-01      1.148     7.0194  1004.9509     5.7784     71.380          4 0.0000e+00
     71.000   0.598070     2.6490 1.1401e-01      1.140     6.9491  1004.9702     5.7964     72.400          3 0.0000e+00
     72.000   0.600413     2.7052 1.1390e-01      1.128     6.8986  1004.9862     5.8103     73.420          4 0.0000e+00
     73.000   0.602681     2.7580 1.1375e-01      1.114     6.8458  1005.0020     5.8241     74.439          3 0.0000e+00
     74.000   0.604644     2.8045 1.1382e-01      1.117     6.7954  1005.0162     5.8358     75.459          4 0.0000e+00
     75.000   0.606699     2.8515 1.1397e-01      1.137     6.7382  1005.0310     5.8483     76.479          3 0.0000e+00
     76.000   0.608684     2.8982 1.1444e-01      1.158     6.6735  1005.0451     5.8601     77.498          4 0.0000e+00
     77.000   0.611116     2.9522 1.1413e-01      1.155     6.6269  1005.0618     5.8752     78.518          3 0.0000e+00
     78.000   0.612923     2.9919 1.1407e-01      1.142     6.6043  1005.0754     5.8864     79.538          4 0.0000e+00
     79.000   0.613463     3.0074 1.1429e-01      1.123     6.6130  1005.0823     5.8890     80.558          3 0.0000e+00
     80.000   0.613487     3.0104 1.1378e-01      1.108     6.6392  1005.0869     5.8886     81.577          4 0.0000e+00
     81.000   0.613335     3.0099 1.1387e-01      1.115     6.6127  1005.0905     5.8870     82.597          3 0.0000e+00
     82.000   0.613686     3.0211 1.1433e-01      1.143     6.5605  1005.0965     5.8885     83.617          4 0.0000e+00
     83.000   0.615434     3.0585 1.1364e-01      1.161     6.4933  1005.1099     5.8995     84.637          3 0.0000e+00
     84.000   0.617777     3.1068 1.1434e-01      1.148     6.4442  1005.1264     5.9145     85.656          4 0.0000e+00
     85.000   0.619526     3.1443 1.1387e-01      1.116     6.4156  1005.1397     5.9254     86.676          4 0.0000e+00
     86.000   0.620591     3.1686 1.1402e-01      1.115     6.3795  1005.1494     5.9318     87.696          3 0.0000e+00
     87.000   0.621470     3.1888 1.1401e-01      1.129     6.3355  1005.1583     5.9369     88.715          4 0.0000e+00
     88.000   0.623079     3.2225 1.1407e-01      1.143     6.2826  1005.1709     5.9470     89.735          3 0.0000e+00
     89.000   0.625668     3.2738 1.1394e-01      1.144     6.2232  1005.1887     5.9639     90.755          4 0.0000e+00
     90.000   0.628618     3.3295 1.1382e-01      1.139     6.1646  1005.2086     5.9836     91.775          3 0.0000e+00
     91.000   0.631264     3.3781 1.1384e-01      1.133     6.1386  1005.2271     6.0014     92.794          4 0.0000e+00
     92.000   0.633439     3.4170 1.1386e-01      1.126     6.1100  1005.2432     6.0163     93.814          3 0.0000e+00
     93.000   0.635084     3.4466 1.1377e-01      1.130     6.0811  1005.2566     6.0274     94.833          4 0.0000e+00
     94.000   0.636451     3.4715 1.1330e-01      1.138     6.0414  1005.2684     6.0365     95.853          3 0.0000e+00
     95.000   0.637962     3.4991 1.1372e-01      1.147     5.9884  1005.2809     6.0466     96.873          4 0.0000e+00
     96.000   0.640572     3.5414 1.1353e-01      1.154     5.9291  1005.2999     6.0651     97.893          3 0.0000e+00
     97.000   0.643300     3.5849 1.1363e-01      1.153     5.8774  1005.3194     6.0845     98.913          4 0.0000e+00
     98.000   0.645253     3.6172 1.1388e-01      1.157     5.8369  1005.3346     6.0981     99.932          3 0.0000e+00
     99.000   0.646387     3.6351 1.1414e-01      1.141     5.7895  1005.3456     6.1061    100.952          4 0.0000e+00
    100.000   0.647488     3.6516 1.1332e-01      1.130     5.7297  1005.3565     6.1140    101.971          3 0.0000e+00
    101.000   0.649268     3.6808 1.1314e-01      1.137     5.6866  1005.3707     6.1264    102.991          4 0.0000e+00
    102.000   0.650903     3.7075 1.1322e-01      1.117     5.6572  1005.3841     6.1378    104.011          3 0.0000e+00
    103.000   0.652197     3.7298 1.1359e-01      1.083     5.6325  1005.3956     6.1466    105.031          4 0.0000e+00
    104.000   0.654452     3.7676 1.1340e-01      1.093     5.6174  1005.4121     6.1621    106.051          4 0.0000e+00
    105.000   0.656074     3.7943 1.1332e-01      1.112     5.5825  1005.4253     6.1733    107.070          3 0.0000e+00
    106.000   0.657242     3.8109 1.1346e-01      1.107     5.5442  1005.4366     6.1818    108.090          4 0.0000e+00
    107.000   0.658391     3.8243 1.1335e-01      1.091     5.5283  1005.4483     6.1907    109.110          4 0.0000e+00
    108.000   0.658970     3.8317 1.1325e-01      1.090     5.5336  1005.4565     6.1950    110.129          3 0.0000e+00
    109.000   0.659205     3.8359 1.1342e-01      1.103     5.5397  1005.4624     6.1965    111.149          4 0.0000e+00
    110.000   0.659751     3.8431 1.1340e-01      1.109     5.5360  1005.4703     6.2005    112.169          4 0.0000e+00
    111.000   0.660524     3.8524 1.1330e-01      1.098     5.5276  1005.4797     6.2064    113.189          3 0.0000e+00
    112.000   0.661382     3.8626 1.1320e-01      1.091     5.5153  1005.4896     6.2130    114.208          4 0.0000e+00
    113.000   0.662086     3.8714 1.1278e-01      1.095     5.5037  1005.4985     6.2183    115.228          3 0.0000e+00
    114.000   0.662699     3.8792 1.1364e-01      1.105     5.5050  1005.5069     6.2229    116.248          4 0.0000e+00
    115.000   0.663394     3.8877 1.1307e-01      1.102     5.4992  1005.5157     6.2281    117.267          4 0.0000e+00
    116.000   0.664207     3.8960 1.1360e-01      1.100     5.4849  1005.5256     6.2346    118.287          3 0.0000e+00
    117.000   0.664861     3.9028 1.1343e-01      1.106     5.4749  1005.5344     6.2398    119.307          4 0.0000e+00
    118.000   0.665270     3.9069 1.1313e-01      1.100     5.4617  1005.5418     6.2430    120.326          4 0.0000e+00
    119.000   0.665628     3.9104 1.1304e-01      1.089     5.4543  1005.5488     6.2458    121.346          3 0.0000e+00
    120.000   0.666113     3.9148 1.1265e-01      1.093     5.4578  1005.5567     6.2497    122.366          4 0.0000e+00
    121.000   0.666638     3.9194 1.1314e-01      1.095     5.4609  1005.5649     6.2540    123.386          4 0.0000e+00
    122.000   0.666998     3.9233 1.1316e-01      1.098     5.4480  1005.5719     6.2568    124.405          3 0.0000e+00
    123.000   0.667470     3.9281 1.1280e-01      1.104     5.4375  1005.5796     6.2605    125.425          4 0.0000e+00
    124.000   0.667971     3.9329 1.1324e-01      1.101     5.4317  1005.5875     6.2645    126.445          4 0.0000e+00
    125.000   0.668256     3.9354 1.1299e-01      1.109     5.4278  1005.5941     6.2668    127.465          3 0.0000e+00
    126.000   0.668447     3.9371 1.1322e-01      1.106     5.4163  1005.6002     6.2683    128.484          4 0.0000e+00
    127.000   0.668725     3.9397 1.1257e-01      1.094     5.4091  1005.6067     6.2704    129.504          3 0.0000e+00
    128.000   0.669015     3.9427 1.1319e-01      1.100     5.3930  1005.6133     6.2727    130.524          4 0.0000e+00
    129.000   0.669305     3.9449 1.1247e-01      1.093     5.3841  1005.6200     6.2750    131.543          4 0.0000e+00
    130.000   0.669502     3.9459 1.1237e-01      1.082     5.3804  1005.6262     6.2767    132.563          3 0.0000e+00
    131.000   0.669667     3.9456 1.1260e-01      1.081     5.3616  1005.6324     6.2783    133.583          4 0.0000e+00
