ctdpy/exports/archive_20191121_115250/received_data/c3_v03_18.cnv
* Sea-Bird SBE19plus Data File:
* FileName = C:\CTD\CTD 2018\v01_k03\C3_v03_18.hex
* Software Version 1.59
* Temperature SN =  4644
* Conductivity SN =  4644
* System UpLoad Time = Jan 19 2018 12:22:44
** C3 2018K01 v3
* ds
# nquan = 11
# nvalues = 196                         
# units = specified
# name 0 = prdM: Pressure, Strain Gauge [db]
# name 1 = c0S/m: Conductivity [S/m]
# name 2 = tv290C: Temperature [ITS-90, deg C]
# name 3 = par: PAR/Irradiance, Biospherical/Licor
# name 4 = dz/dtM: Descent Rate [m/s]
# name 5 = sbeox0ML/L: Oxygen, SBE 43 [ml/l]
# name 6 = density00: Density [density, kg/m^3]
# name 7 = sal00: Salinity, Practical [PSU]
# name 8 = depFM: Depth [fresh water, m], lat = 0
# name 9 = nbin: number of scans per bin
# name 10 = flag: flag
# span 0 =      1.000,    196.000       
# span 1 =   0.549805,   0.672023       
# span 2 =     2.4175,     4.3054       
# span 3 = 5.0962e-02, 6.9368e+01       
# span 4 =     -0.084,      1.129       
# span 5 =     5.3691,     8.6181       
# span 6 =  1004.2604,  1006.0197       
# span 7 =     5.3422,     6.3572       
# span 8 =      1.020,    199.864       
# span 9 =          3,          9       
# span 10 = 0.0000e+00, 0.0000e+00      
# interval = decibars: 1                
# start_time = Jan 19 2018 11:52:34 [Instrument's time stamp, header]
# bad_flag = -9.990e-29
*END*
[from data line 132]
    133.000   0.668598     3.7603 5.4648e-02      1.022     5.5645  1005.6659     6.3030    135.622          4 0.0000e+00
    134.000   0.668708     3.7550 5.4720e-02      1.029     5.5692  1005.6726     6.3050    136.642          4 0.0000e+00
    135.000   0.668834     3.7488 5.4655e-02      1.045     5.5740  1005.6795     6.3074    137.662          4 0.0000e+00
    136.000   0.668987     3.7411 5.4664e-02      1.023     5.5739  1005.6868     6.3103    138.682          4 0.0000e+00
    137.000   0.669134     3.7305 5.4587e-02      0.981     5.5688  1005.6947     6.3137    139.701          4 0.0000e+00
    138.000   0.669231     3.7200 5.4639e-02      0.989     5.5615  1005.7021     6.3166    140.721          4 0.0000e+00
    139.000   0.669302     3.7103 5.4560e-02      1.004     5.5534  1005.7091     6.3191    141.740          4 0.0000e+00
    140.000   0.669391     3.7004 5.4474e-02      0.973     5.5426  1005.7164     6.3218    142.760          4 0.0000e+00
    141.000   0.669465     3.6898 5.4495e-02      0.972     5.5291  1005.7236     6.3245    143.780          4 0.0000e+00
    142.000   0.669536     3.6783 5.4464e-02      0.973     5.5275  1005.7310     6.3273    144.800          4 0.0000e+00
    143.000   0.669599     3.6719 5.4400e-02      0.962     5.5193  1005.7375     6.3291    145.819          4 0.0000e+00
    144.000   0.669640     3.6692 5.4374e-02      1.007     5.5128  1005.7430     6.3299    146.839          4 0.0000e+00
    145.000   0.669686     3.6669 5.4276e-02      1.023     5.5099  1005.7486     6.3307    147.859          4 0.0000e+00
    146.000   0.669753     3.6646 5.4221e-02      0.976     5.5051  1005.7543     6.3317    148.878          4 0.0000e+00
    147.000   0.669807     3.6631 5.4203e-02      0.974     5.5036  1005.7598     6.3324    149.898          4 0.0000e+00
    148.000   0.669847     3.6622 5.4233e-02      1.017     5.5007  1005.7651     6.3329    150.918          4 0.0000e+00
    149.000   0.669899     3.6610 5.4209e-02      1.004     5.4944  1005.7705     6.3336    151.938          4 0.0000e+00
    150.000   0.669951     3.6594 5.4165e-02      0.972     5.4959  1005.7760     6.3343    152.958          4 0.0000e+00
    151.000   0.669996     3.6579 5.4218e-02      1.002     5.4944  1005.7814     6.3349    153.977          4 0.0000e+00
    152.000   0.670035     3.6565 5.4058e-02      1.029     5.4920  1005.7868     6.3354    154.997          4 0.0000e+00
    153.000   0.670095     3.6549 5.4156e-02      0.977     5.4769  1005.7924     6.3363    156.017          4 0.0000e+00
    154.000   0.670194     3.6528 5.3939e-02      0.980     5.4647  1005.7983     6.3375    157.037          4 0.0000e+00
    155.000   0.670285     3.6508 5.4019e-02      1.025     5.4555  1005.8042     6.3388    158.056          4 0.0000e+00
    156.000   0.670364     3.6493 5.3881e-02      0.992     5.4478  1005.8099     6.3397    159.076          4 0.0000e+00
    157.000   0.670396     3.6485 5.3962e-02      0.972     5.4467  1005.8151     6.3401    160.096          4 0.0000e+00
    158.000   0.670429     3.6477 5.3960e-02      1.010     5.4448  1005.8203     6.3405    161.115          4 0.0000e+00
    159.000   0.670473     3.6471 5.3947e-02      1.018     5.4480  1005.8255     6.3409    162.135          4 0.0000e+00
    160.000   0.670516     3.6461 5.3876e-02      1.005     5.4431  1005.8308     6.3415    163.155          4 0.0000e+00
    161.000   0.670537     3.6453 5.3732e-02      0.992     5.4457  1005.8359     6.3417    164.174          4 0.0000e+00
    162.000   0.670578     3.6441 5.3789e-02      0.970     5.4553  1005.8413     6.3422    165.194          4 0.0000e+00
    163.000   0.670621     3.6429 5.3637e-02      0.971     5.4580  1005.8466     6.3428    166.213          4 0.0000e+00
    164.000   0.670649     3.6420 5.3650e-02      1.008     5.4590  1005.8518     6.3431    167.233          4 0.0000e+00
    165.000   0.670671     3.6408 5.3774e-02      1.040     5.4622  1005.8570     6.3435    168.253          4 0.0000e+00
    166.000   0.670723     3.6390 5.3617e-02      0.964     5.4681  1005.8625     6.3442    169.273          4 0.0000e+00
    167.000   0.670784     3.6371 5.3758e-02      0.951     5.4640  1005.8681     6.3451    170.293          4 0.0000e+00
    168.000   0.670854     3.6354 5.3572e-02      1.044     5.4604  1005.8738     6.3460    171.312          4 0.0000e+00
    169.000   0.670956     3.6337 5.3656e-02      1.037     5.4493  1005.8797     6.3473    172.332          4 0.0000e+00
    170.000   0.671065     3.6324 5.3587e-02      0.965     5.4396  1005.8856     6.3485    173.351          4 0.0000e+00
    171.000   0.671123     3.6317 5.3559e-02      1.002     5.4377  1005.8910     6.3491    174.371          4 0.0000e+00
    172.000   0.671172     3.6311 5.3482e-02      1.044     5.4344  1005.8963     6.3496    175.391          4 0.0000e+00
    173.000   0.671202     3.6307 5.3519e-02      0.965     5.4351  1005.9014     6.3499    176.411          5 0.0000e+00
    174.000   0.671244     3.6302 5.3565e-02      0.966     5.4374  1005.9066     6.3503    177.430          4 0.0000e+00
    175.000   0.671278     3.6293 5.3386e-02      1.012     5.4375  1005.9118     6.3507    178.450          4 0.0000e+00
    176.000   0.671307     3.6286 5.3491e-02      0.976     5.4367  1005.9170     6.3510    179.470          4 0.0000e+00
    177.000   0.671342     3.6283 5.3370e-02      0.937     5.4329  1005.9221     6.3513    180.490          4 0.0000e+00
    178.000   0.671374     3.6281 5.3416e-02      0.957     5.4333  1005.9272     6.3516    181.510          4 0.0000e+00
    179.000   0.671397     3.6278 5.3275e-02      0.970     5.4277  1005.9322     6.3517    182.529          4 0.0000e+00
    180.000   0.671416     3.6274 5.3206e-02      0.975     5.4316  1005.9372     6.3519    183.549          4 0.0000e+00
    181.000   0.671463     3.6268 5.3217e-02      0.972     5.4275  1005.9425     6.3524    184.569          5 0.0000e+00
    182.000   0.671512     3.6261 5.3203e-02      0.950     5.4224  1005.9478     6.3529    185.588          4 0.0000e+00
    183.000   0.671538     3.6255 5.3259e-02      0.950     5.4205  1005.9529     6.3532    186.608          4 0.0000e+00
    184.000   0.671571     3.6250 5.3152e-02      0.963     5.4141  1005.9581     6.3535    187.628          4 0.0000e+00
    185.000   0.671627     3.6246 5.3100e-02      0.938     5.4107  1005.9634     6.3540    188.648          5 0.0000e+00
    186.000   0.671633     3.6244 5.3103e-02      0.793     5.4082  1005.9682     6.3540    189.668          5 0.0000e+00
    187.000   0.671659     3.6243 5.3040e-02      0.798     5.4045  1005.9733     6.3541    190.687          5 0.0000e+00
    188.000   0.671675     3.6243 5.2937e-02      0.821     5.4133  1005.9782     6.3542    191.707          5 0.0000e+00
    189.000   0.671684     3.6243 5.2776e-02      0.820     5.4058  1005.9831     6.3541    192.726          5 0.0000e+00
    190.000   0.671718     3.6241 5.2682e-02      0.801     5.4066  1005.9882     6.3544    193.746          6 0.0000e+00
    191.000   0.671757     3.6241 5.2616e-02      0.378     5.4023  1005.9932     6.3547    194.766          9 0.0000e+00
    192.000   0.671880     3.6215 5.2512e-02      0.465     5.3938  1005.9995     6.3563    195.785          8 0.0000e+00
    193.000   0.671935     3.6217 5.2161e-02      0.161     5.3691  1006.0047     6.3567    196.805          6 0.0000e+00
    194.000   0.671983     3.6219 5.1848e-02      0.136     5.3810  1006.0098     6.3571    197.825          8 0.0000e+00
    195.000   0.671975     3.6219 5.0962e-02      0.283     5.3779  1006.0146     6.3569    198.845          6 0.0000e+00
    196.000   0.672023     3.6220 5.1755e-02      0.133     5.3716  1006.0197     6.3572    199.864          4 0.0000e+00
