ctdpy/exports/archive_20191121_115250/received_data/c3_v33_18.cnv
* Sea-Bird SBE19plus Data File:
* FileName = C:\CTD\CTD 2018\v33\C3_v33_18.hex
* Software Version 1.59
* Temperature SN =  4644
* Conductivity SN =  4644
* System UpLoad Time = Aug 14 2018 16:50:44
** k19 C3
* ds
# nquan = 11
# nvalues = 197                         
# units = specified
# name 0 = prdM: Pressure, Strain Gauge [db]
# name 1 = c0S/m: Conductivity [S/m]
# name 2 = tv290C: Temperature [ITS-90, deg C]
# name 3 = par: PAR/Irradiance, Biospherical/Licor
# name 4 = dz/dtM: Descent Rate [m/s]
# name 5 = sbeox0ML/L: Oxygen, SBE 43 [ml/l]
# name 6 = density00: Density [density, kg/m^3]
# name 7 = sal00: Salinity, Practical [PSU]
# name 8 = depFM: Depth [fresh water, m], lat = 0
# name 9 = nbin: number of scans per bin
# name 10 = flag: flag
# span 0 =      1.000,    197.000       
# span 1 =   0.546883,   0.716056       
# span 2 =     1.8920,    16.2363       
# span 3 = 1.0646e-01, 6.4596e+01       
# span 4 =      0.027,      1.200       
# span 5 =     4.3180,     9.4583       
# span 6 =  1002.6083,  1006.0142       
# span 7 =     4.8136,     6.3569       
# span 8 =      1.020,    200.884       
# span 9 =          3,         17       
# span 10 = 0.0000e+00, 0.0000e+00      
# interval = decibars: 1                
# start_time = Aug 14 2018 16:35:21 [Instrument's time stamp, header]
# bad_flag = -9.990e-29
*END*
[from data line 132]
    133.000   0.669885     3.9459 1.1268e-01      1.056     5.3541  1005.6436     6.2802    135.622          4 0.0000e+00
    134.000   0.669962     3.9457 1.1252e-01      1.050     5.3401  1005.6491     6.2809    136.642          4 0.0000e+00
    135.000   0.670117     3.9446 1.1238e-01      1.051     5.3245  1005.6553     6.2826    137.662          3 0.0000e+00
    136.000   0.670300     3.9429 1.1245e-01      1.060     5.3034  1005.6618     6.2846    138.681          4 0.0000e+00
    137.000   0.670491     3.9416 1.1254e-01      1.066     5.2876  1005.6684     6.2867    139.701          4 0.0000e+00
    138.000   0.670776     3.9411 1.1275e-01      1.054     5.2749  1005.6755     6.2895    140.721          4 0.0000e+00
    139.000   0.670963     3.9411 1.1241e-01      1.043     5.2664  1005.6818     6.2913    141.740          4 0.0000e+00
    140.000   0.671085     3.9406 1.1245e-01      1.011     5.2555  1005.6877     6.2925    142.760          4 0.0000e+00
    141.000   0.671156     3.9403 1.1264e-01      1.011     5.2446  1005.6931     6.2931    143.780          4 0.0000e+00
    142.000   0.671259     3.9407 1.1227e-01      1.032     5.2153  1005.6986     6.2940    144.800          3 0.0000e+00
    143.000   0.671596     3.9427 1.1245e-01      1.035     5.1875  1005.7057     6.2969    145.820          4 0.0000e+00
    144.000   0.671912     3.9444 1.1201e-01      1.016     5.1931  1005.7127     6.2996    146.839          4 0.0000e+00
    145.000   0.672106     3.9456 1.1220e-01      0.996     5.1716  1005.7189     6.3012    147.859          4 0.0000e+00
    146.000   0.672266     3.9466 1.1251e-01      1.010     5.1578  1005.7247     6.3025    148.879          4 0.0000e+00
    147.000   0.672384     3.9473 1.1214e-01      1.018     5.1568  1005.7304     6.3034    149.898          4 0.0000e+00
    148.000   0.672509     3.9479 1.1219e-01      1.032     5.1412  1005.7360     6.3045    150.918          4 0.0000e+00
    149.000   0.672701     3.9487 1.1231e-01      1.030     5.1094  1005.7422     6.3062    151.938          4 0.0000e+00
    150.000   0.672965     3.9499 1.1186e-01      1.014     5.0905  1005.7489     6.3084    152.957          4 0.0000e+00
    151.000   0.673250     3.9524 1.1199e-01      1.010     5.0792  1005.7555     6.3107    153.977          4 0.0000e+00
    152.000   0.673490     3.9552 1.1179e-01      1.034     5.0668  1005.7617     6.3125    154.997          4 0.0000e+00
    153.000   0.673655     3.9571 1.1175e-01      1.056     5.0516  1005.7675     6.3137    156.017          3 0.0000e+00
    154.000   0.673878     3.9597 1.1143e-01      1.067     5.0244  1005.7736     6.3153    157.036          4 0.0000e+00
    155.000   0.674344     3.9655 1.1126e-01      1.066     5.0034  1005.7810     6.3187    158.056          4 0.0000e+00
    156.000   0.674749     3.9707 1.1177e-01      1.050     4.9793  1005.7881     6.3217    159.076          4 0.0000e+00
    157.000   0.675069     3.9751 1.1148e-01      1.038     4.9504  1005.7947     6.3240    160.096          4 0.0000e+00
    158.000   0.675446     3.9807 1.1151e-01      1.037     4.9273  1005.8015     6.3265    161.115          3 0.0000e+00
    159.000   0.675894     3.9866 1.1169e-01      1.045     4.9023  1005.8088     6.3297    162.135          4 0.0000e+00
    160.000   0.676131     3.9897 1.1140e-01      1.066     4.8812  1005.8149     6.3314    163.154          4 0.0000e+00
    161.000   0.676425     3.9934 1.1130e-01      1.071     4.8683  1005.8213     6.3336    164.174          4 0.0000e+00
    162.000   0.676748     3.9976 1.1146e-01      1.059     4.8529  1005.8280     6.3359    165.194          3 0.0000e+00
    163.000   0.676927     4.0003 1.1128e-01      1.053     4.8443  1005.8337     6.3370    166.214          4 0.0000e+00
    164.000   0.677030     4.0019 1.1113e-01      1.061     4.8400  1005.8390     6.3377    167.233          4 0.0000e+00
    165.000   0.677153     4.0037 1.1134e-01      1.059     4.8313  1005.8445     6.3384    168.253          4 0.0000e+00
    166.000   0.677313     4.0059 1.1106e-01      1.053     4.8188  1005.8501     6.3394    169.273          4 0.0000e+00
    167.000   0.677532     4.0086 1.1072e-01      1.057     4.8140  1005.8561     6.3410    170.293          3 0.0000e+00
    168.000   0.677697     4.0107 1.1130e-01      1.065     4.8137  1005.8619     6.3422    171.312          4 0.0000e+00
    169.000   0.677795     4.0120 1.1105e-01      1.056     4.7984  1005.8672     6.3428    172.332          4 0.0000e+00
    170.000   0.677874     4.0130 1.1114e-01      1.052     4.7943  1005.8724     6.3433    173.352          4 0.0000e+00
    171.000   0.677938     4.0136 1.1090e-01      1.070     4.7920  1005.8776     6.3437    174.371          3 0.0000e+00
    172.000   0.677986     4.0144 1.1070e-01      1.075     4.7799  1005.8826     6.3439    175.391          4 0.0000e+00
    173.000   0.678066     4.0154 1.1063e-01      1.062     4.7670  1005.8879     6.3444    176.411          4 0.0000e+00
    174.000   0.678178     4.0167 1.1087e-01      1.055     4.7563  1005.8933     6.3451    177.431          4 0.0000e+00
    175.000   0.678283     4.0179 1.1069e-01      1.058     4.7303  1005.8987     6.3458    178.450          4 0.0000e+00
    176.000   0.678411     4.0193 1.1069e-01      1.060     4.6983  1005.9043     6.3467    179.470          3 0.0000e+00
    177.000   0.678590     4.0212 1.1035e-01      1.059     4.6223  1005.9101     6.3481    180.490          4 0.0000e+00
    178.000   0.678873     4.0240 1.1046e-01      1.058     4.5309  1005.9166     6.3502    181.509          4 0.0000e+00
    179.000   0.679165     4.0264 1.1038e-01      1.065     4.4766  1005.9233     6.3526    182.529          4 0.0000e+00
    180.000   0.679302     4.0276 1.1051e-01      1.079     4.4562  1005.9290     6.3536    183.549          3 0.0000e+00
    181.000   0.679386     4.0283 1.1006e-01      1.088     4.4367  1005.9343     6.3542    184.569          4 0.0000e+00
    182.000   0.679464     4.0289 1.1043e-01      1.086     4.4278  1005.9396     6.3548    185.588          4 0.0000e+00
    183.000   0.679540     4.0294 1.0989e-01      1.078     4.4215  1005.9448     6.3553    186.608          4 0.0000e+00
    184.000   0.679580     4.0297 1.1033e-01      1.058     4.4195  1005.9499     6.3556    187.628          4 0.0000e+00
    185.000   0.679603     4.0301 1.0971e-01      1.041     4.4213  1005.9548     6.3556    188.647          5 0.0000e+00
    186.000   0.679651     4.0317 1.0981e-01      0.570     4.4222  1005.9597     6.3556    189.667          8 0.0000e+00
    187.000   0.679679     4.0323 1.0995e-01      0.317     4.4244  1005.9646     6.3557    190.687          8 0.0000e+00
    188.000   0.679706     4.0312 1.0984e-01      0.701     4.4229  1005.9698     6.3561    191.706          7 0.0000e+00
    189.000   0.679769     4.0330 1.0947e-01      0.412     4.4171  1005.9747     6.3562    192.726         11 0.0000e+00
    190.000   0.679765     4.0326 1.0941e-01      0.354     4.4083  1005.9795     6.3561    193.746         10 0.0000e+00
    191.000   0.679793     4.0328 1.0926e-01      0.404     4.4052  1005.9845     6.3563    194.766         10 0.0000e+00
    192.000   0.679819     4.0332 1.0903e-01      0.324     4.3995  1005.9894     6.3563    195.785         15 0.0000e+00
    193.000   0.679828     4.0328 1.0868e-01      0.336     4.3903  1005.9943     6.3564    196.805         14 0.0000e+00
    194.000   0.679867     4.0340 1.0841e-01      0.168     4.3887  1005.9992     6.3564    197.825         17 0.0000e+00
    195.000   0.679891     4.0346 1.0786e-01      0.188     4.3838  1006.0041     6.3565    198.845         15 0.0000e+00
    196.000   0.679919     4.0350 1.0698e-01      0.137     4.3609  1006.0090     6.3565    199.864         16 0.0000e+00
    197.000   0.679974     4.0354 1.0646e-01      0.127     4.3180  1006.0142     6.3569    200.884          8 0.0000e+00
