ctdpy/exports/archive_20191121_115250/received_data/c3_v37_18.cnv
* Sea-Bird SBE19plus Data File:
* FileName = C:\CTD\CTD 2018\v37\C3_v37_18.hex
* Software Version 1.59
* Temperature SN =  4644
* Conductivity SN =  4644
* System UpLoad Time = Sep 11 2018 14:40:51
** C3 2018K21 v37
* ds
# nquan = 11
# nvalues = 197                         
# units = specified
# name 0 = prdM: Pressure, Strain Gauge [db]
# name 1 = c0S/m: Conductivity [S/m]
# name 2 = tv290C: Temperature [ITS-90, deg C]
# name 3 = par: PAR/Irradiance, Biospherical/Licor
# name 4 = dz/dtM: Descent Rate [m/s]
# name 5 = sbeox0ML/L: Oxygen, SBE 43 [ml/l]
# name 6 = density00: Density [density, kg/m^3]
# name 7 = sal00: Salinity, Practical [PSU]
# name 8 = depFM: Depth [fresh water, m], lat = 0
# name 9 = nbin: number of scans per bin
# name 10 = flag: flag
# span 0 =      1.000,    197.000       
# span 1 =   0.550990,   0.732532       
# span 2 =     1.7168,    15.1720       
# span 3 = 8.0317e-02, 1.6372e+02       
# span 4 =      0.038,      1.002       
# span 5 =     4.0073,     8.4042       
# span 6 =  1002.9820,  1006.0046       
# span 7 =     5.0462,     6.3440       
# span 8 =      1.020,    200.884       
# span 9 =          4,         20       
# span 10 = 0.0000e+00, 0.0000e+00      
# interval = decibars: 1                
# start_time = Sep 11 2018 14:16:52 [Instrument's time stamp, header]
# bad_flag = -9.990e-29
*END*
      1.000   0.732429    15.1694 1.6372e+02      0.098     6.9034  1002.9820     5.0701      1.020         13 0.0000e+00
      2.000   0.732506    15.1720 1.2264e+02      0.148     6.9015  1002.9864     5.0702      2.039          6 0.0000e+00
      3.000   0.732510    15.1718 6.1577e+01      0.887     6.9006  1002.9910     5.0702      3.059          6 0.0000e+00
      4.000   0.732488    15.1705 4.8285e+01      0.725     6.9015  1002.9958     5.0701      4.079          7 0.0000e+00
      5.000   0.732509    15.1711 3.5349e+01      0.486     6.9069  1003.0003     5.0702      5.098          7 0.0000e+00
      6.000   0.732500    15.1702 2.3802e+01      0.671     6.9064  1003.0051     5.0701      6.118          6 0.0000e+00
      7.000   0.732522    15.1708 1.8401e+01      0.621     6.8987  1003.0097     5.0702      7.138          7 0.0000e+00
      8.000   0.732532    15.1711 1.3667e+01      0.512     6.9018  1003.0142     5.0701      8.158          7 0.0000e+00
      9.000   0.732530    15.1704 9.1325e+00      0.678     6.9062  1003.0190     5.0701      9.177          6 0.0000e+00
     10.000   0.732509    15.1687 7.4620e+00      0.654     6.9123  1003.0239     5.0701     10.197          7 0.0000e+00
     11.000   0.731865    15.1299 5.9705e+00      0.435     6.8644  1003.0349     5.0703     11.217          7 0.0000e+00
     12.000   0.725421    14.7376 4.0096e+00      0.683     6.9912  1003.1042     5.0725     12.237          6 0.0000e+00
     13.000   0.683040    12.2815 3.4769e+00      0.579     7.8306  1003.4540     5.0678     13.256          7 0.0000e+00
     14.000   0.619338     8.6057 2.7868e+00      0.610     7.8930  1003.8427     5.0462     14.276          6 0.0000e+00
     15.000   0.598007     7.1074 2.1113e+00      0.663     7.6373  1003.9785     5.0729     15.296          7 0.0000e+00
     16.000   0.590210     6.3272 1.7619e+00      0.556     7.7181  1004.0632     5.1171     16.316          6 0.0000e+00
     17.000   0.578500     5.3917 1.4618e+00      0.730     7.8273  1004.1357     5.1489     17.335          6 0.0000e+00
     18.000   0.570805     4.7215 1.2434e+00      0.548     7.8965  1004.1872     5.1787     18.355          8 0.0000e+00
     19.000   0.567898     4.3577 9.9512e-01      0.537     7.9461  1004.2246     5.2075     19.375          5 0.0000e+00
     20.000   0.565708     4.0560 7.9033e-01      0.865     7.9561  1004.2569     5.2339     20.394          6 0.0000e+00
     21.000   0.565413     3.8310 7.0957e-01      0.580     7.8753  1004.2921     5.2670     21.414          7 0.0000e+00
     22.000   0.565385     3.6319 5.8930e-01      0.460     7.8118  1004.3253     5.2989     22.434          6 0.0000e+00
     23.000   0.562522     3.3293 4.6936e-01      0.820     7.8712  1004.3500     5.3196     23.453          5 0.0000e+00
     24.000   0.560570     3.0780 4.1680e-01      0.751     8.0157  1004.3737     5.3413     24.473          7 0.0000e+00
     25.000   0.555556     2.6862 3.6822e-01      0.445     8.1656  1004.3903     5.3552     25.493          6 0.0000e+00
     26.000   0.551906     2.3640 2.9604e-01      0.768     8.1765  1004.4071     5.3716     26.513          5 0.0000e+00
     27.000   0.551124     2.2115 2.5778e-01      0.847     8.2127  1004.4250     5.3892     27.532          6 0.0000e+00
     28.000   0.550990     2.0970 2.3535e-01      0.631     8.2709  1004.4432     5.4073     28.552          6 0.0000e+00
     29.000   0.551123     2.0085 2.0848e-01      0.622     8.2971  1004.4604     5.4238     29.572          6 0.0000e+00
     30.000   0.551288     1.9367 1.8509e-01      0.749     8.2621  1004.4757     5.4378     30.591          4 0.0000e+00
     31.000   0.552207     1.8952 1.6701e-01      0.870     8.1921  1004.4935     5.4545     31.611          5 0.0000e+00
     32.000   0.553149     1.8466 1.5328e-01      0.871     8.2099  1004.5125     5.4728     32.631          5 0.0000e+00
     33.000   0.553602     1.7871 1.4314e-01      0.753     8.2415  1004.5287     5.4879     33.651          6 0.0000e+00
     34.000   0.553873     1.7339 1.3503e-01      0.715     8.2943  1004.5425     5.5000     34.670          5 0.0000e+00
     35.000   0.554555     1.7168 1.2764e-01      0.804     8.3542  1004.5553     5.5101     35.690          4 0.0000e+00
     36.000   0.555872     1.7344 1.2142e-01      0.914     8.3880  1004.5693     5.5209     36.710          5 0.0000e+00
     37.000   0.557267     1.7626 1.1638e-01      0.900     8.4042  1004.5825     5.5306     37.730          5 0.0000e+00
     38.000   0.558845     1.8090 1.1275e-01      0.690     8.3964  1004.5949     5.5391     38.749          6 0.0000e+00
     39.000   0.559893     1.8327 1.1020e-01      0.636     8.3375  1004.6057     5.5459     39.769          5 0.0000e+00
     40.000   0.560689     1.8405 1.0681e-01      0.877     8.2477  1004.6163     5.5528     40.789          4 0.0000e+00
     41.000   0.561586     1.8518 1.0425e-01      0.980     8.1667  1004.6274     5.5602     41.808          5 0.0000e+00
     42.000   0.562896     1.8745 1.0318e-01      0.736     8.0706  1004.6405     5.5700     42.828          6 0.0000e+00
     43.000   0.564352     1.8909 1.0194e-01      0.617     7.9630  1004.6556     5.5824     43.848          6 0.0000e+00
     44.000   0.565863     1.9167 1.0017e-01      0.734     7.8645  1004.6700     5.5937     44.868          5 0.0000e+00
     45.000   0.567544     1.9450 9.9201e-02      0.899     7.7639  1004.6854     5.6062     45.887          4 0.0000e+00
     46.000   0.569851     1.9842 9.8294e-02      0.936     7.6626  1004.7047     5.6235     46.907          6 0.0000e+00
     47.000   0.572105     2.0260 9.7508e-02      0.570     7.6842  1004.7230     5.6397     47.926          6 0.0000e+00
     48.000   0.574219     2.0526 9.6710e-02      0.588     7.6826  1004.7423     5.6571     48.946          5 0.0000e+00
     49.000   0.577432     2.1102 9.5929e-02      0.926     7.5330  1004.7665     5.6805     49.966          5 0.0000e+00
     50.000   0.580959     2.1817 9.5893e-02      0.806     7.4447  1004.7914     5.7046     50.986          6 0.0000e+00
     51.000   0.583602     2.2357 9.5489e-02      0.505     7.3129  1004.8111     5.7225     52.006          6 0.0000e+00
     52.000   0.588329     2.3401 9.5220e-02      0.749     7.1663  1004.8410     5.7530     53.025          5 0.0000e+00
     53.000   0.592577     2.4357 9.4702e-02      0.915     7.0435  1004.8679     5.7799     54.045          5 0.0000e+00
     54.000   0.596521     2.5372 9.4500e-02      0.707     6.8609  1004.8911     5.8025     55.065          6 0.0000e+00
     55.000   0.601832     2.6702 9.4438e-02      0.676     6.6190  1004.9208     5.8333     56.084          5 0.0000e+00
     56.000   0.607760     2.8106 9.4319e-02      0.751     6.4863  1004.9539     5.8689     57.104          6 0.0000e+00
     57.000   0.612577     2.9225 9.4005e-02      0.724     6.4029  1004.9816     5.8979     58.124          5 0.0000e+00
     58.000   0.617634     3.0397 9.3868e-02      0.766     6.3548  1005.0101     5.9283     59.144          5 0.0000e+00
     59.000   0.620723     3.1228 9.3737e-02      0.758     6.3157  1005.0273     5.9445     60.163          6 0.0000e+00
     60.000   0.622978     3.1787 9.3577e-02      0.679     6.2781  1005.0419     5.9572     61.183          5 0.0000e+00
     61.000   0.624929     3.2204 9.3857e-02      0.791     6.2298  1005.0561     5.9693     62.202          5 0.0000e+00
     62.000   0.627162     3.2679 9.3375e-02      0.816     6.1898  1005.0716     5.9833     63.222          6 0.0000e+00
     63.000   0.628990     3.3093 9.3484e-02      0.694     6.1546  1005.0847     5.9942     64.242          5 0.0000e+00
     64.000   0.630594     3.3463 9.3229e-02      0.765     6.0892  1005.0967     6.0035     65.262          5 0.0000e+00
     65.000   0.633464     3.4024 9.2713e-02      0.833     6.0136  1005.1158     6.0222     66.281          5 0.0000e+00
     66.000   0.636578     3.4613 9.3315e-02      0.778     5.9495  1005.1363     6.0428     67.302          5 0.0000e+00
     67.000   0.639187     3.5108 9.3041e-02      0.801     5.9176  1005.1542     6.0600     68.321          5 0.0000e+00
     68.000   0.640904     3.5446 9.3423e-02      0.803     5.8873  1005.1673     6.0710     69.341          5 0.0000e+00
     69.000   0.642574     3.5770 9.3215e-02      0.729     5.8319  1005.1803     6.0818     70.360          5 0.0000e+00
     70.000   0.644861     3.6151 9.2629e-02      0.768     5.7732  1005.1972     6.0977     71.380          6 0.0000e+00
     71.000   0.646036     3.6354 9.3064e-02      0.787     5.7208  1005.2081     6.1057     72.400          5 0.0000e+00
     72.000   0.647237     3.6549 9.3151e-02      0.777     5.6802  1005.2194     6.1141     73.420          5 0.0000e+00
     73.000   0.648320     3.6734 9.2751e-02      0.820     5.6520  1005.2298     6.1214     74.439          5 0.0000e+00
     74.000   0.649511     3.6927 9.2866e-02      0.777     5.6077  1005.2410     6.1297     75.459          5 0.0000e+00
     75.000   0.650683     3.7115 9.2692e-02      0.677     5.5864  1005.2520     6.1379     76.479          5 0.0000e+00
     76.000   0.651622     3.7267 9.2776e-02      0.818     5.5590  1005.2618     6.1444     77.499          5 0.0000e+00
     77.000   0.652551     3.7411 9.2779e-02      0.874     5.5163  1005.2716     6.1509     78.518          5 0.0000e+00
     78.000   0.653709     3.7574 9.2658e-02      0.737     5.4821  1005.2830     6.1594     79.538          6 0.0000e+00
     79.000   0.654973     3.7755 9.2830e-02      0.774     5.4530  1005.2948     6.1687     80.558          5 0.0000e+00
     80.000   0.655916     3.7900 9.2410e-02      0.744     5.4511  1005.3047     6.1753     81.577          5 0.0000e+00
     81.000   0.657020     3.8058 9.2655e-02      0.764     5.4541  1005.3157     6.1834     82.597          5 0.0000e+00
     82.000   0.657713     3.8158 9.2481e-02      0.864     5.4606  1005.3244     6.1883     83.617          5 0.0000e+00
     83.000   0.658309     3.8242 9.2548e-02      0.844     5.4635  1005.3325     6.1926     84.637          5 0.0000e+00
     84.000   0.658833     3.8314 9.2513e-02      0.763     5.4679  1005.3403     6.1964     85.656          5 0.0000e+00
     85.000   0.659251     3.8371 9.2469e-02      0.759     5.4662  1005.3474     6.1995     86.676          5 0.0000e+00
     86.000   0.659591     3.8420 9.2392e-02      0.718     5.4608  1005.3541     6.2018     87.696          5 0.0000e+00
     87.000   0.660216     3.8496 9.1913e-02      0.810     5.4531  1005.3626     6.2066     88.715          5 0.0000e+00
     88.000   0.660848     3.8575 9.2586e-02      0.851     5.4332  1005.3711     6.2113     89.735          6 0.0000e+00
     89.000   0.661293     3.8636 9.2341e-02      0.641     5.3871  1005.3784     6.2145     90.755          6 0.0000e+00
     90.000   0.661878     3.8715 9.2205e-02      0.695     5.3573  1005.3865     6.2188     91.775          5 0.0000e+00
     91.000   0.662521     3.8795 9.2254e-02      0.858     5.3385  1005.3951     6.2236     92.794          5 0.0000e+00
     92.000   0.663167     3.8868 9.2354e-02      0.795     5.3272  1005.4038     6.2287     93.814          5 0.0000e+00
     93.000   0.663745     3.8932 9.2404e-02      0.644     5.3009  1005.4121     6.2331     94.834          6 0.0000e+00
     94.000   0.664200     3.8990 9.2236e-02      0.770     5.2527  1005.4195     6.2365     95.853          5 0.0000e+00
     95.000   0.664659     3.9053 9.2167e-02      0.866     5.2216  1005.4269     6.2398     96.873          5 0.0000e+00
     96.000   0.665061     3.9107 9.1838e-02      0.661     5.2245  1005.4340     6.2427     97.893          6 0.0000e+00
     97.000   0.665501     3.9148 9.1817e-02      0.592     5.2568  1005.4416     6.2462     98.912          6 0.0000e+00
     98.000   0.665920     3.9185 9.1997e-02      0.753     5.2577  1005.4491     6.2496     99.932          7 0.0000e+00
     99.000   0.666219     3.9218 9.1685e-02      0.498     5.2589  1005.4557     6.2519    100.952          7 0.0000e+00
    100.000   0.666442     3.9231 9.1819e-02      0.591     5.2620  1005.4620     6.2538    101.972          5 0.0000e+00
    101.000   0.666738     3.9242 9.1794e-02      0.848     5.2781  1005.4690     6.2564    102.992          6 0.0000e+00
    102.000   0.667080     3.9263 9.1679e-02      0.516     5.2901  1005.4761     6.2593    104.011          8 0.0000e+00
    103.000   0.667319     3.9290 9.1496e-02      0.510     5.2869  1005.4824     6.2611    105.031          5 0.0000e+00
    104.000   0.667638     3.9325 9.1789e-02      0.844     5.2770  1005.4891     6.2635    106.051          6 0.0000e+00
    105.000   0.667972     3.9360 9.1545e-02      0.604     5.2676  1005.4960     6.2661    107.070          8 0.0000e+00
    106.000   0.668238     3.9376 9.1591e-02      0.497     5.2629  1005.5026     6.2684    108.090          6 0.0000e+00
    107.000   0.668531     3.9404 9.1318e-02      0.707     5.2515  1005.5092     6.2706    109.110          5 0.0000e+00
    108.000   0.668831     3.9417 9.1454e-02      0.773     5.2406  1005.5162     6.2733    110.129          6 0.0000e+00
    109.000   0.668979     3.9400 9.1473e-02      0.657     5.2524  1005.5225     6.2750    111.149          7 0.0000e+00
    110.000   0.669143     3.9402 9.1014e-02      0.555     5.2223  1005.5285     6.2765    112.169          6 0.0000e+00
    111.000   0.669571     3.9490 9.1164e-02      0.674     5.1819  1005.5352     6.2790    113.188          6 0.0000e+00
    112.000   0.669855     3.9547 9.1413e-02      0.801     5.1663  1005.5412     6.2806    114.208          5 0.0000e+00
    113.000   0.670046     3.9578 9.0969e-02      0.651     5.1551  1005.5470     6.2819    115.228          7 0.0000e+00
    114.000   0.670298     3.9617 9.0737e-02      0.512     5.1441  1005.5531     6.2835    116.248          7 0.0000e+00
    115.000   0.670476     3.9618 9.0675e-02      0.675     5.1562  1005.5593     6.2852    117.267          5 0.0000e+00
    116.000   0.670547     3.9595 9.0691e-02      0.830     5.1556  1005.5651     6.2862    118.287          6 0.0000e+00
    117.000   0.670642     3.9603 9.0523e-02      0.597     5.1431  1005.5705     6.2869    119.307          7 0.0000e+00
    118.000   0.670813     3.9633 9.0591e-02      0.525     5.1402  1005.5761     6.2879    120.326          5 0.0000e+00
    119.000   0.670928     3.9629 9.0634e-02      0.801     5.1335  1005.5819     6.2890    121.346          6 0.0000e+00
    120.000   0.671129     3.9656 9.0634e-02      0.696     5.1144  1005.5878     6.2904    122.366          7 0.0000e+00
    121.000   0.671288     3.9680 9.0602e-02      0.457     5.1155  1005.5935     6.2914    123.386          6 0.0000e+00
    122.000   0.671412     3.9673 9.0568e-02      0.753     5.1039  1005.5994     6.2927    124.405          5 0.0000e+00
    123.000   0.671638     3.9693 9.0263e-02      0.744     5.0918  1005.6056     6.2945    125.425          6 0.0000e+00
    124.000   0.671825     3.9710 9.0174e-02      0.702     5.0846  1005.6116     6.2959    126.445          6 0.0000e+00
    125.000   0.671956     3.9723 9.0179e-02      0.724     5.0740  1005.6172     6.2969    127.464          6 0.0000e+00
    126.000   0.672093     3.9731 9.0093e-02      0.621     5.0767  1005.6229     6.2980    128.484          5 0.0000e+00
    127.000   0.672180     3.9728 8.9926e-02      0.752     5.0698  1005.6284     6.2988    129.504          5 0.0000e+00
    128.000   0.672299     3.9741 8.9876e-02      0.849     5.0572  1005.6340     6.2996    130.524          6 0.0000e+00
    129.000   0.672455     3.9761 8.9902e-02      0.669     5.0529  1005.6396     6.3007    131.543          6 0.0000e+00
    130.000   0.672561     3.9771 8.9550e-02      0.672     5.0496  1005.6451     6.3015    132.563          5 0.0000e+00
    131.000   0.672626     3.9772 8.9971e-02      0.753     5.0426  1005.6504     6.3020    133.583          6 0.0000e+00
