ctdpy/exports/archive_20191121_115250/received_data/c3_v20_18.cnv
* Sea-Bird SBE19plus Data File:
* FileName = C:\CTD\CTD 2018\v20\C3_v20_18.hex
* Software Version 1.59
* Temperature SN =  7668
* Conductivity SN =  7668
* System UpLoad Time = May 15 2018 14:03:56
** C3_v20_18
* ds
# nquan = 10
# nvalues = 198                         
# units = specified
# name 0 = prdM: Pressure, Strain Gauge [db]
# name 1 = c0S/m: Conductivity [S/m]
# name 2 = tv290C: Temperature [ITS-90, deg C]
# name 3 = par: PAR/Irradiance, Biospherical/Licor
# name 4 = dz/dtM: Descent Rate [m/s]
# name 5 = density00: Density [density, kg/m^3]
# name 6 = sal00: Salinity, Practical [PSU]
# name 7 = depFM: Depth [fresh water, m], lat = 0
# name 8 = nbin: number of scans per bin
# name 9 = flag: flag
# span 0 =      1.000,    198.000       
# span 1 =   0.527171,   0.673277       
# span 2 =     0.6556,     3.9368       
# span 3 = 1.0000e-12, 1.4519e+03       
# span 4 =      0.194,      1.177       
# span 5 =  1004.1147,  1006.0021       
# span 6 =     5.1585,     6.3288       
# span 7 =      1.020,    201.904       
# span 8 =          3,         20       
# span 9 = 0.0000e+00, 0.0000e+00       
# interval = decibars: 1                
# start_time = May 15 2018 13:44:39 [Instrument's time stamp, header]
# bad_flag = -9.990e-29
*END*
      1.000   0.539900     2.9201 1.4519e+03      0.307  1004.1147     5.1585      1.020          8 0.0000e+00
      2.000   0.537491     2.7417 7.3063e+02      0.762  1004.1227     5.1626      2.039          5 0.0000e+00
      3.000   0.533822     2.4618 5.9859e+02      0.775  1004.1324     5.1700      3.059          6 0.0000e+00
      4.000   0.532823     2.3546 3.8077e+02      0.804  1004.1422     5.1770      4.079          5 0.0000e+00
      5.000   0.532533     2.3084 2.9560e+02      0.656  1004.1503     5.1815      5.099          5 0.0000e+00
      6.000   0.534505     2.4359 2.0267e+02      0.687  1004.1559     5.1810      6.118          5 0.0000e+00
      7.000   0.534838     2.4596 1.4939e+02      0.975  1004.1606     5.1805      7.138          4 0.0000e+00
      8.000   0.533517     2.3465 1.0572e+02      1.027  1004.1685     5.1852      8.158          4 0.0000e+00
      9.000   0.532986     2.2731 8.6750e+01      1.050  1004.1779     5.1916      9.177          4 0.0000e+00
     10.000   0.533029     2.2465 6.6372e+01      1.040  1004.1864     5.1963     10.197          3 0.0000e+00
     11.000   0.533146     2.2392 4.9215e+01      1.041  1004.1931     5.1986     11.217          4 0.0000e+00
     12.000   0.533186     2.2338 3.6633e+01      1.041  1004.1990     5.1998     12.236          4 0.0000e+00
     13.000   0.533153     2.2210 2.7937e+01      1.044  1004.2052     5.2014     13.256          4 0.0000e+00
     14.000   0.533033     2.1956 2.1581e+01      1.047  1004.2121     5.2043     14.276          4 0.0000e+00
     15.000   0.532731     2.1555 1.6482e+01      1.040  1004.2193     5.2077     15.296          4 0.0000e+00
     16.000   0.531743     2.0740 1.2310e+01      1.044  1004.2257     5.2107     16.316          3 0.0000e+00
     17.000   0.530644     1.9826 9.8534e+00      1.053  1004.2323     5.2142     17.335          4 0.0000e+00
     18.000   0.530039     1.9159 7.2539e+00      1.053  1004.2400     5.2187     18.355          4 0.0000e+00
     19.000   0.528909     1.8136 5.9778e+00      1.059  1004.2474     5.2237     19.375          4 0.0000e+00
     20.000   0.527828     1.7078 4.5706e+00      1.064  1004.2554     5.2298     20.395          4 0.0000e+00
     21.000   0.527305     1.6332 3.5527e+00      1.050  1004.2644     5.2366     21.414          3 0.0000e+00
     22.000   0.527171     1.5969 2.7477e+00      1.036  1004.2724     5.2412     22.434          4 0.0000e+00
     23.000   0.527381     1.5887 2.0464e+00      1.033  1004.2801     5.2447     23.454          4 0.0000e+00
     24.000   0.527918     1.5880 1.5865e+00      1.012  1004.2896     5.2504     24.473          4 0.0000e+00
     25.000   0.528109     1.5716 1.2667e+00      1.005  1004.2980     5.2551     25.493          4 0.0000e+00
     26.000   0.528011     1.5449 1.0003e+00      1.013  1004.3051     5.2584     26.513          4 0.0000e+00
     27.000   0.528166     1.5110 7.9911e-01      1.016  1004.3152     5.2657     27.533          4 0.0000e+00
     28.000   0.528254     1.4575 6.2333e-01      1.023  1004.3270     5.2755     28.552          4 0.0000e+00
     29.000   0.527675     1.3813 4.7633e-01      1.013  1004.3356     5.2822     29.572          4 0.0000e+00
     30.000   0.527318     1.3185 3.7719e-01      0.990  1004.3445     5.2889     30.592          4 0.0000e+00
     31.000   0.527361     1.2636 2.8395e-01      0.982  1004.3560     5.2986     31.611          4 0.0000e+00
     32.000   0.528521     1.2662 2.0708e-01      0.978  1004.3706     5.3105     32.631          4 0.0000e+00
     33.000   0.529266     1.2623 1.5445e-01      0.976  1004.3824     5.3191     33.651          4 0.0000e+00
     34.000   0.529304     1.2233 1.0865e-01      0.971  1004.3920     5.3260     34.670          4 0.0000e+00
     35.000   0.529153     1.1675 6.7085e-02      0.971  1004.4019     5.3339     35.690          5 0.0000e+00
     36.000   0.528925     1.0961 3.9244e-02      0.977  1004.4128     5.3436     36.710          4 0.0000e+00
     37.000   0.528434     1.0009 1.0603e-02      0.986  1004.4240     5.3546     37.730          4 0.0000e+00
     38.000   0.528952     0.9773 6.2835e-04      0.985  1004.4360     5.3642     38.749          4 0.0000e+00
     39.000   0.530561     1.0248 1.0000e-12      0.987  1004.4497     5.3733     39.769          4 0.0000e+00
     40.000   0.531586     1.0420 1.0000e-12      0.985  1004.4616     5.3813     40.789          4 0.0000e+00
     41.000   0.531625     0.9933 1.0000e-12      0.982  1004.4723     5.3901     41.808          4 0.0000e+00
     42.000   0.531033     0.9025 1.0000e-12      0.979  1004.4821     5.3994     42.828          4 0.0000e+00
     43.000   0.530608     0.8303 1.0000e-12      0.981  1004.4913     5.4073     43.848          4 0.0000e+00
     44.000   0.530477     0.7814 1.0000e-12      0.983  1004.5004     5.4143     44.868          4 0.0000e+00
     45.000   0.530806     0.7507 1.0000e-12      0.995  1004.5116     5.4232     45.887          4 0.0000e+00
     46.000   0.531305     0.7301 1.0000e-12      0.995  1004.5232     5.4322     46.907          4 0.0000e+00
     47.000   0.531526     0.6883 1.0000e-12      0.993  1004.5346     5.4419     47.927          4 0.0000e+00
     48.000   0.531756     0.6556 1.0000e-12      1.003  1004.5451     5.4501     48.947          4 0.0000e+00
     49.000   0.532610     0.6658 1.0000e-12      1.031  1004.5564     5.4575     49.966          4 0.0000e+00
     50.000   0.534230     0.7115 1.0000e-12      1.039  1004.5706     5.4670     50.986          4 0.0000e+00
     51.000   0.536253     0.7808 1.0000e-12      1.020  1004.5857     5.4767     52.005          4 0.0000e+00
     52.000   0.538332     0.8544 1.0000e-12      1.015  1004.6006     5.4862     53.025          4 0.0000e+00
     53.000   0.539540     0.8890 1.0000e-12      1.020  1004.6122     5.4930     54.045          4 0.0000e+00
     54.000   0.539886     0.8766 1.0000e-12      1.017  1004.6215     5.4989     55.065          3 0.0000e+00
     55.000   0.540147     0.8650 1.0000e-12      1.016  1004.6300     5.5037     56.085          4 0.0000e+00
     56.000   0.542444     0.9546 1.0000e-12      1.028  1004.6448     5.5126     57.104          4 0.0000e+00
     57.000   0.544986     1.0563 1.0000e-12      1.035  1004.6601     5.5220     58.123          4 0.0000e+00
     58.000   0.547346     1.1530 1.0000e-12      1.036  1004.6742     5.5301     59.144          4 0.0000e+00
     59.000   0.550395     1.2963 1.0000e-12      1.030  1004.6884     5.5374     60.163          4 0.0000e+00
     60.000   0.552799     1.4117 1.0000e-12      1.031  1004.7000     5.5426     61.183          4 0.0000e+00
     61.000   0.553687     1.4438 1.0000e-12      1.029  1004.7086     5.5462     62.203          4 0.0000e+00
     62.000   0.554678     1.4708 1.0000e-12      1.029  1004.7187     5.5519     63.222          4 0.0000e+00
     63.000   0.555627     1.4998 1.0000e-12      1.032  1004.7282     5.5569     64.242          3 0.0000e+00
     64.000   0.556268     1.5135 1.0000e-12      1.024  1004.7369     5.5611     65.262          4 0.0000e+00
     65.000   0.557787     1.5680 1.0000e-12      1.026  1004.7480     5.5676     66.282          4 0.0000e+00
     66.000   0.558677     1.6028 1.0000e-12      1.048  1004.7561     5.5707     67.301          4 0.0000e+00
     67.000   0.558806     1.6078 1.0000e-12      1.070  1004.7615     5.5711     68.321          4 0.0000e+00
     68.000   0.560132     1.6595 1.0000e-12      1.071  1004.7712     5.5759     69.341          3 0.0000e+00
     69.000   0.563762     1.8084 1.0000e-12      1.082  1004.7880     5.5879     70.360          4 0.0000e+00
     70.000   0.567197     1.9584 1.0000e-12      1.095  1004.8025     5.5975     71.380          3 0.0000e+00
     71.000   0.569977     2.0786 1.0000e-12      1.126  1004.8149     5.6053     72.400          4 0.0000e+00
     72.000   0.573284     2.2001 1.0000e-12      1.147  1004.8313     5.6184     73.420          3 0.0000e+00
     73.000   0.575734     2.2863 1.0000e-12      1.146  1004.8450     5.6286     74.439          4 0.0000e+00
     74.000   0.577306     2.3422 1.0000e-12      1.145  1004.8553     5.6350     75.459          3 0.0000e+00
     75.000   0.578905     2.3953 1.0000e-12      1.138  1004.8662     5.6422     76.479          4 0.0000e+00
     76.000   0.580574     2.4497 1.0000e-12      1.135  1004.8775     5.6498     77.498          3 0.0000e+00
     77.000   0.583012     2.5214 1.0000e-12      1.142  1004.8925     5.6623     78.518          4 0.0000e+00
     78.000   0.587205     2.6229 1.0000e-12      1.160  1004.9178     5.6876     79.538          3 0.0000e+00
     79.000   0.591246     2.7140 1.0000e-12      1.177  1004.9430     5.7131     80.558          4 0.0000e+00
     80.000   0.594227     2.7729 1.0000e-12      1.167  1004.9639     5.7332     81.577          3 0.0000e+00
     81.000   0.595818     2.8030 1.0000e-12      1.146  1004.9775     5.7442     82.597          4 0.0000e+00
     82.000   0.597693     2.8412 1.0000e-12      1.140  1004.9922     5.7565     83.617          3 0.0000e+00
     83.000   0.601262     2.9179 1.0000e-12      1.145  1005.0149     5.7793     84.637          4 0.0000e+00
     84.000   0.605331     3.0071 1.0000e-12      1.146  1005.0398     5.8050     85.656          3 0.0000e+00
     85.000   0.609237     3.0876 1.0000e-12      1.146  1005.0644     5.8304     86.676          4 0.0000e+00
     86.000   0.612482     3.1531 1.0000e-12      1.157  1005.0856     5.8516     87.695          3 0.0000e+00
     87.000   0.615238     3.2035 1.0000e-12      1.148  1005.1052     5.8705     88.715          4 0.0000e+00
     88.000   0.617696     3.2445 1.0000e-12      1.130  1005.1236     5.8880     89.735          3 0.0000e+00
     89.000   0.619702     3.2768 1.0000e-12      1.134  1005.1397     5.9025     90.755          4 0.0000e+00
     90.000   0.621075     3.3021 1.0000e-12      1.145  1005.1517     5.9117     91.775          3 0.0000e+00
     91.000   0.622799     3.3354 1.0000e-12      1.138  1005.1652     5.9231     92.794          4 0.0000e+00
     92.000   0.625751     3.3880 1.0000e-12      1.116  1005.1856     5.9434     93.814          3 0.0000e+00
     93.000   0.630318     3.4660 1.0000e-12      1.108  1005.2148     5.9753     94.834          4 0.0000e+00
     94.000   0.634374     3.5343 1.0000e-12      1.106  1005.2414     6.0038     95.853          4 0.0000e+00
     95.000   0.637438     3.5849 1.0000e-12      1.090  1005.2626     6.0253     96.873          3 0.0000e+00
     96.000   0.640541     3.6325 1.0000e-12      1.098  1005.2845     6.0478     97.893          4 0.0000e+00
     97.000   0.643008     3.6707 1.0000e-12      1.103  1005.3029     6.0655     98.912          4 0.0000e+00
     98.000   0.645341     3.7064 1.0000e-12      1.090  1005.3205     6.0823     99.932          3 0.0000e+00
     99.000   0.648727     3.7567 1.0000e-12      1.092  1005.3440     6.1070    100.952          4 0.0000e+00
    100.000   0.651882     3.8057 1.0000e-12      1.103  1005.3657     6.1294    101.972          4 0.0000e+00
    101.000   0.653496     3.8362 1.0000e-12      1.108  1005.3783     6.1399    102.991          3 0.0000e+00
    102.000   0.654768     3.8579 1.0000e-12      1.103  1005.3895     6.1485    104.011          4 0.0000e+00
    103.000   0.656329     3.8809 1.0000e-12      1.097  1005.4029     6.1597    105.031          4 0.0000e+00
    104.000   0.658032     3.9047 1.0000e-12      1.096  1005.4172     6.1723    106.050          3 0.0000e+00
    105.000   0.659197     3.9209 1.0000e-12      1.097  1005.4285     6.1808    107.070          4 0.0000e+00
    106.000   0.660206     3.9312 1.0000e-12      1.099  1005.4396     6.1888    108.090          3 0.0000e+00
    107.000   0.661059     3.9359 1.0000e-12      1.102  1005.4503     6.1964    109.110          4 0.0000e+00
    108.000   0.662238     3.9368 1.0000e-12      1.106  1005.4644     6.2079    110.129          4 0.0000e+00
    109.000   0.663081     3.9348 1.0000e-12      1.101  1005.4762     6.2167    111.149          3 0.0000e+00
    110.000   0.663579     3.9336 1.0000e-12      1.094  1005.4852     6.2218    112.169          4 0.0000e+00
    111.000   0.664185     3.9333 1.0000e-12      1.098  1005.4949     6.2279    113.188          4 0.0000e+00
    112.000   0.664620     3.9320 1.0000e-12      1.094  1005.5035     6.2324    114.208          3 0.0000e+00
    113.000   0.664962     3.9292 1.0000e-12      1.070  1005.5114     6.2362    115.228          4 0.0000e+00
    114.000   0.665458     3.9242 1.0000e-12      1.059  1005.5210     6.2421    116.248          4 0.0000e+00
    115.000   0.665946     3.9205 1.0000e-12      1.061  1005.5304     6.2475    117.267          4 0.0000e+00
    116.000   0.666294     3.9177 1.0000e-12      1.061  1005.5385     6.2515    118.287          4 0.0000e+00
    117.000   0.666585     3.9156 1.0000e-12      1.047  1005.5460     6.2547    119.307          3 0.0000e+00
    118.000   0.666811     3.9143 1.0000e-12      1.027  1005.5528     6.2571    120.326          4 0.0000e+00
    119.000   0.667056     3.9133 1.0000e-12      1.021  1005.5597     6.2596    121.346          4 0.0000e+00
    120.000   0.667319     3.9130 1.0000e-12      1.020  1005.5667     6.2622    122.366          4 0.0000e+00
    121.000   0.667575     3.9128 1.0000e-12      1.022  1005.5735     6.2647    123.386          4 0.0000e+00
    122.000   0.667681     3.9126 1.0000e-12      1.025  1005.5792     6.2657    124.406          4 0.0000e+00
    123.000   0.667731     3.9126 1.0000e-12      1.029  1005.5844     6.2661    125.425          4 0.0000e+00
    124.000   0.667892     3.9125 1.0000e-12      1.027  1005.5905     6.2676    126.445          4 0.0000e+00
    125.000   0.668096     3.9105 1.0000e-12      1.020  1005.5973     6.2699    127.464          4 0.0000e+00
    126.000   0.668218     3.9075 1.0000e-12      1.020  1005.6036     6.2716    128.484          4 0.0000e+00
    127.000   0.668352     3.9048 1.0000e-12      1.023  1005.6099     6.2734    129.504          4 0.0000e+00
    128.000   0.668503     3.9034 1.0000e-12      1.028  1005.6161     6.2750    130.524          3 0.0000e+00
    129.000   0.668653     3.9021 1.0000e-12      1.026  1005.6224     6.2767    131.543          4 0.0000e+00
    130.000   0.668836     3.9003 1.0000e-12      1.023  1005.6289     6.2788    132.563          4 0.0000e+00
    131.000   0.668990     3.8990 1.0000e-12      1.025  1005.6352     6.2805    133.582          4 0.0000e+00
    132.000   0.669146     3.8980 1.0000e-12      1.024  1005.6414     6.2821    134.602          4 0.0000e+00
    133.000   0.669255     3.8969 1.0000e-12      1.013  1005.6473     6.2833    135.622          4 0.0000e+00
    134.000   0.669328     3.8957 1.0000e-12      0.987  1005.6528     6.2841    136.642          4 0.0000e+00
    135.000   0.669418     3.8941 1.0000e-12      0.986  1005.6586     6.2852    137.661          4 0.0000e+00
    136.000   0.669542     3.8920 1.0000e-12      0.999  1005.6648     6.2868    138.681          4 0.0000e+00
    137.000   0.669702     3.8894 1.0000e-12      1.008  1005.6713     6.2888    139.701          4 0.0000e+00
    138.000   0.669865     3.8867 1.0000e-12      1.001  1005.6779     6.2908    140.721          4 0.0000e+00
    139.000   0.670057     3.8845 1.0000e-12      0.992  1005.6846     6.2931    141.741          4 0.0000e+00
    140.000   0.670218     3.8832 1.0000e-12      0.989  1005.6909     6.2948    142.760          4 0.0000e+00
    141.000   0.670330     3.8826 1.0000e-12      0.983  1005.6967     6.2960    143.780          4 0.0000e+00
    142.000   0.670408     3.8823 1.0000e-12      0.986  1005.7021     6.2967    144.799          4 0.0000e+00
    143.000   0.670470     3.8817 1.0000e-12      0.991  1005.7075     6.2973    145.820          4 0.0000e+00
    144.000   0.670538     3.8806 1.0000e-12      0.986  1005.7131     6.2981    146.839          4 0.0000e+00
