ctdpy/exports/archive_20191121_115250/received_data/c3_v03_18.cnv
* Sea-Bird SBE19plus Data File:
* FileName = C:\CTD\CTD 2018\v01_k03\C3_v03_18.hex
* Software Version 1.59
* Temperature SN =  4644
* Conductivity SN =  4644
* System UpLoad Time = Jan 19 2018 12:22:44
** C3 2018K01 v3
* ds
# nquan = 11
# nvalues = 196                         
# units = specified
# name 0 = prdM: Pressure, Strain Gauge [db]
# name 1 = c0S/m: Conductivity [S/m]
# name 2 = tv290C: Temperature [ITS-90, deg C]
# name 3 = par: PAR/Irradiance, Biospherical/Licor
# name 4 = dz/dtM: Descent Rate [m/s]
# name 5 = sbeox0ML/L: Oxygen, SBE 43 [ml/l]
# name 6 = density00: Density [density, kg/m^3]
# name 7 = sal00: Salinity, Practical [PSU]
# name 8 = depFM: Depth [fresh water, m], lat = 0
# name 9 = nbin: number of scans per bin
# name 10 = flag: flag
# span 0 =      1.000,    196.000       
# span 1 =   0.549805,   0.672023       
# span 2 =     2.4175,     4.3054       
# span 3 = 5.0962e-02, 6.9368e+01       
# span 4 =     -0.084,      1.129       
# span 5 =     5.3691,     8.6181       
# span 6 =  1004.2604,  1006.0197       
# span 7 =     5.3422,     6.3572       
# span 8 =      1.020,    199.864       
# span 9 =          3,          9       
# span 10 = 0.0000e+00, 0.0000e+00      
# interval = decibars: 1                
# start_time = Jan 19 2018 11:52:34 [Instrument's time stamp, header]
# bad_flag = -9.990e-29
*END*
      1.000   0.550043     2.4378 6.9368e+01     -0.084     8.6121  1004.2604     5.3424      1.020          4 0.0000e+00
      2.000   0.550099     2.4396 4.1376e+01      0.452     8.6090  1004.2656     5.3425      2.039          6 0.0000e+00
      3.000   0.550088     2.4384 2.5262e+01      0.825     8.6150  1004.2704     5.3426      3.059          5 0.0000e+00
      4.000   0.550076     2.4368 1.6953e+01      0.860     8.6124  1004.2754     5.3426      4.079          5 0.0000e+00
      5.000   0.550040     2.4342 1.1909e+01      0.864     8.6181  1004.2803     5.3425      5.099          5 0.0000e+00
      6.000   0.549880     2.4258 8.5748e+00      0.862     8.6176  1004.2849     5.3422      6.118          4 0.0000e+00
      7.000   0.549893     2.4253 6.2291e+00      0.892     8.6148  1004.2900     5.3423      7.138          5 0.0000e+00
      8.000   0.549884     2.4235 4.6274e+00      0.920     8.6168  1004.2950     5.3424      8.158          4 0.0000e+00
      9.000   0.549807     2.4179 3.4948e+00      0.932     8.6175  1004.2999     5.3424      9.177          4 0.0000e+00
     10.000   0.549805     2.4175 2.6894e+00      0.926     8.6128  1004.3048     5.3424     10.197          4 0.0000e+00
     11.000   0.549879     2.4219 2.0345e+00      0.966     8.6124  1004.3098     5.3423     11.217          4 0.0000e+00
     12.000   0.550006     2.4277 1.5457e+00      1.034     8.6090  1004.3150     5.3426     12.237          4 0.0000e+00
     13.000   0.550070     2.4298 1.2134e+00      1.052     8.6096  1004.3201     5.3428     13.256          4 0.0000e+00
     14.000   0.550089     2.4302 9.3904e-01      1.043     8.6057  1004.3251     5.3428     14.276          3 0.0000e+00
     15.000   0.550100     2.4302 7.1788e-01      1.081     8.6098  1004.3300     5.3428     15.296          4 0.0000e+00
     16.000   0.550104     2.4303 5.7180e-01      1.098     8.6169  1004.3349     5.3427     16.315          4 0.0000e+00
     17.000   0.550129     2.4306 4.5962e-01      1.058     8.6046  1004.3399     5.3428     17.335          4 0.0000e+00
     18.000   0.550211     2.4331 3.6065e-01      1.072     8.6064  1004.3452     5.3432     18.355          3 0.0000e+00
     19.000   0.550243     2.4353 2.8764e-01      1.115     8.6103  1004.3500     5.3430     19.375          4 0.0000e+00
     20.000   0.550277     2.4372 2.3776e-01      1.074     8.6107  1004.3549     5.3429     20.394          4 0.0000e+00
     21.000   0.550403     2.4429 1.9498e-01      1.041     8.6143  1004.3601     5.3432     21.414          3 0.0000e+00
     22.000   0.550915     2.4639 1.6056e-01      1.087     8.5999  1004.3665     5.3448     22.434          4 0.0000e+00
     23.000   0.551966     2.5041 1.3637e-01      1.115     8.5801  1004.3749     5.3489     23.453          4 0.0000e+00
     24.000   0.553141     2.5445 1.1837e-01      1.074     8.5730  1004.3842     5.3542     24.473          3 0.0000e+00
     25.000   0.553806     2.5586 1.0467e-01      1.061     8.5798  1004.3927     5.3585     25.493          4 0.0000e+00
     26.000   0.554202     2.5578 9.3516e-02      1.108     8.5761  1004.4010     5.3627     26.512          4 0.0000e+00
     27.000   0.554744     2.5680 8.5348e-02      1.129     8.5702  1004.4090     5.3665     27.532          3 0.0000e+00
     28.000   0.555323     2.5925 7.9360e-02      1.080     8.5612  1004.4154     5.3682     28.552          4 0.0000e+00
     29.000   0.556012     2.6215 7.4849e-02      1.055     8.5455  1004.4221     5.3704     29.572          4 0.0000e+00
     30.000   0.556563     2.6436 7.1146e-02      1.087     8.5492  1004.4286     5.3722     30.591          3 0.0000e+00
     31.000   0.556657     2.6444 6.8025e-02      1.115     8.5588  1004.4342     5.3730     31.611          4 0.0000e+00
     32.000   0.556502     2.6347 6.6159e-02      1.082     8.5575  1004.4391     5.3729     32.631          4 0.0000e+00
     33.000   0.556570     2.6365 6.4483e-02      1.062     8.5572  1004.4442     5.3732     33.651          4 0.0000e+00
     34.000   0.556901     2.6482 6.3064e-02      1.092     8.5554  1004.4502     5.3745     34.670          3 0.0000e+00
     35.000   0.557151     2.6583 6.1876e-02      1.114     8.5490  1004.4558     5.3753     35.690          4 0.0000e+00
     36.000   0.557292     2.6657 6.1029e-02      1.115     8.5446  1004.4608     5.3754     36.710          3 0.0000e+00
     37.000   0.557467     2.6757 6.0309e-02      1.088     8.5458  1004.4658     5.3754     37.729          4 0.0000e+00
     38.000   0.557588     2.6823 5.9621e-02      1.082     8.5457  1004.4708     5.3754     38.749          4 0.0000e+00
     39.000   0.557641     2.6844 5.9213e-02      1.093     8.5453  1004.4758     5.3755     39.769          3 0.0000e+00
     40.000   0.557693     2.6831 5.8887e-02      1.097     8.5373  1004.4813     5.3762     40.789          4 0.0000e+00
     41.000   0.557713     2.6798 5.8648e-02      1.095     8.5389  1004.4867     5.3768     41.808          4 0.0000e+00
     42.000   0.557736     2.6767 5.8363e-02      1.101     8.5429  1004.4922     5.3775     42.828          3 0.0000e+00
     43.000   0.557876     2.6785 5.8274e-02      1.089     8.5392  1004.4979     5.3785     43.848          4 0.0000e+00
     44.000   0.558167     2.6862 5.7846e-02      1.059     8.5331  1004.5042     5.3801     44.867          4 0.0000e+00
     45.000   0.558478     2.6965 5.7829e-02      1.068     8.5309  1004.5102     5.3815     45.887          4 0.0000e+00
     46.000   0.558757     2.7054 5.7733e-02      1.074     8.5355  1004.5162     5.3828     46.907          3 0.0000e+00
     47.000   0.559044     2.7140 5.7573e-02      1.065     8.5284  1004.5222     5.3842     47.927          4 0.0000e+00
     48.000   0.559148     2.7175 5.7525e-02      1.058     8.5225  1004.5275     5.3846     48.946          4 0.0000e+00
     49.000   0.559144     2.7177 5.7380e-02      1.078     8.5267  1004.5323     5.3844     49.966          4 0.0000e+00
     50.000   0.559134     2.7171 5.7327e-02      1.105     8.5282  1004.5371     5.3843     50.986          3 0.0000e+00
     51.000   0.559144     2.7174 5.7294e-02      1.080     8.5334  1004.5420     5.3842     52.005          4 0.0000e+00
     52.000   0.559212     2.7208 5.7215e-02      1.037     8.5319  1004.5470     5.3842     53.025          4 0.0000e+00
     53.000   0.559390     2.7277 5.7190e-02      1.044     8.5199  1004.5523     5.3848     54.045          4 0.0000e+00
     54.000   0.559635     2.7371 5.7153e-02      1.070     8.5133  1004.5579     5.3856     55.064          4 0.0000e+00
     55.000   0.559841     2.7438 5.7009e-02      1.043     8.5188  1004.5636     5.3865     56.084          3 0.0000e+00
     56.000   0.560012     2.7485 5.7067e-02      0.990     8.5077  1004.5692     5.3874     57.104          4 0.0000e+00
     57.000   0.560491     2.7646 5.7041e-02      1.023     8.4782  1004.5758     5.3895     58.124          4 0.0000e+00
     58.000   0.561390     2.7919 5.6955e-02      1.068     8.4522  1004.5844     5.3940     59.144          4 0.0000e+00
     59.000   0.562307     2.8148 5.6842e-02      1.049     8.4245  1004.5936     5.3995     60.163          4 0.0000e+00
     60.000   0.563071     2.8294 5.6884e-02      1.008     8.3851  1004.6027     5.4048     61.183          4 0.0000e+00
     61.000   0.564033     2.8473 5.6829e-02      1.022     8.3737  1004.6130     5.4115     62.203          4 0.0000e+00
     62.000   0.566015     2.8861 5.6792e-02      1.053     8.2817  1004.6288     5.4252     63.222          3 0.0000e+00
     63.000   0.572091     3.0145 5.6678e-02      1.048     7.9663  1004.6653     5.4655     64.242          4 0.0000e+00
     64.000   0.586193     3.3245 5.6718e-02      1.053     7.6274  1004.7400     5.5559     65.262          4 0.0000e+00
     65.000   0.601259     3.6889 5.6743e-02      1.059     7.2685  1004.8109     5.6449     66.282          4 0.0000e+00
     66.000   0.613285     3.9611 5.6668e-02      1.063     6.9396  1004.8689     5.7178     67.301          4 0.0000e+00
     67.000   0.624830     4.1580 5.6576e-02      1.044     6.6659  1004.9333     5.7981     68.321          3 0.0000e+00
     68.000   0.633531     4.2375 5.6678e-02      1.037     6.4915  1004.9936     5.8703     69.341          4 0.0000e+00
     69.000   0.638443     4.2823 5.6532e-02      1.064     6.4156  1005.0296     5.9109     70.360          4 0.0000e+00
     70.000   0.640597     4.3044 5.6549e-02      1.056     6.3658  1005.0476     5.9282     71.380          4 0.0000e+00
     71.000   0.641965     4.3054 5.6584e-02      1.025     6.3154  1005.0630     5.9415     72.400          4 0.0000e+00
     72.000   0.643203     4.2989 5.6535e-02      1.033     6.2672  1005.0786     5.9549     73.420          4 0.0000e+00
     73.000   0.644477     4.2799 5.6394e-02      1.056     6.2091  1005.0967     5.9708     74.439          3 0.0000e+00
     74.000   0.646751     4.2400 5.6468e-02      1.053     6.1468  1005.1262     6.0005     75.459          4 0.0000e+00
     75.000   0.648824     4.2165 5.6413e-02      1.046     6.0898  1005.1514     6.0253     76.479          4 0.0000e+00
     76.000   0.651464     4.2114 5.6355e-02      1.059     6.0380  1005.1779     6.0524     77.499          4 0.0000e+00
     77.000   0.653526     4.2021 5.6303e-02      1.070     6.0022  1005.2006     6.0746     78.518          4 0.0000e+00
     78.000   0.654669     4.1840 5.6402e-02      1.044     5.9620  1005.2176     6.0892     79.538          3 0.0000e+00
     79.000   0.655216     4.1441 5.6261e-02      1.020     5.9319  1005.2336     6.1020     80.558          4 0.0000e+00
     80.000   0.655693     4.1101 5.6299e-02      1.066     5.9229  1005.2481     6.1129     81.577          4 0.0000e+00
     81.000   0.656031     4.1006 5.6286e-02      1.069     5.9085  1005.2572     6.1180     82.597          4 0.0000e+00
     82.000   0.656848     4.0956 5.6304e-02      1.030     5.8941  1005.2693     6.1269     83.617          4 0.0000e+00
     83.000   0.658260     4.0840 5.6163e-02      1.037     5.8748  1005.2873     6.1431     84.636          4 0.0000e+00
     84.000   0.659319     4.0699 5.6158e-02      1.050     5.8629  1005.3030     6.1563     85.656          3 0.0000e+00
     85.000   0.660090     4.0564 5.6290e-02      1.023     5.8508  1005.3163     6.1664     86.676          4 0.0000e+00
     86.000   0.660825     4.0419 5.6098e-02      1.040     5.8302  1005.3294     6.1764     87.696          4 0.0000e+00
     87.000   0.661391     4.0258 5.6066e-02      1.067     5.8023  1005.3415     6.1850     88.715          4 0.0000e+00
     88.000   0.661912     4.0093 5.5988e-02      1.056     5.8048  1005.3533     6.1932     89.735          4 0.0000e+00
     89.000   0.662398     3.9978 5.5894e-02      1.061     5.8012  1005.3640     6.2002     90.755          3 0.0000e+00
     90.000   0.662946     3.9882 5.5930e-02      1.064     5.7747  1005.3748     6.2074     91.774          4 0.0000e+00
     91.000   0.663337     3.9742 5.5948e-02      1.039     5.7501  1005.3852     6.2138     92.795          4 0.0000e+00
     92.000   0.663417     3.9483 5.5887e-02      0.997     5.7245  1005.3951     6.2194     93.814          4 0.0000e+00
     93.000   0.663354     3.9228 5.5844e-02      1.019     5.6991  1005.4039     6.2236     94.834          4 0.0000e+00
     94.000   0.663416     3.9092 5.5886e-02      1.023     5.6936  1005.4115     6.2266     95.854          4 0.0000e+00
     95.000   0.663545     3.9020 5.5823e-02      0.987     5.6894  1005.4186     6.2292     96.873          4 0.0000e+00
     96.000   0.663707     3.8962 5.5884e-02      1.018     5.6839  1005.4256     6.2318     97.893          4 0.0000e+00
     97.000   0.663864     3.8913 5.5690e-02      1.060     5.6819  1005.4326     6.2342     98.912          4 0.0000e+00
     98.000   0.664029     3.8849 5.5630e-02      1.024     5.6733  1005.4398     6.2370     99.932          4 0.0000e+00
     99.000   0.664257     3.8755 5.5728e-02      0.990     5.6636  1005.4480     6.2410    100.952          4 0.0000e+00
    100.000   0.664474     3.8670 5.5708e-02      1.023     5.6639  1005.4561     6.2447    101.972          3 0.0000e+00
    101.000   0.664685     3.8613 5.5708e-02      1.087     5.6580  1005.4635     6.2478    102.991          4 0.0000e+00
    102.000   0.664865     3.8588 5.5659e-02      1.060     5.6567  1005.4702     6.2499    104.011          4 0.0000e+00
    103.000   0.665031     3.8580 5.5612e-02      0.999     5.6613  1005.4765     6.2517    105.031          4 0.0000e+00
    104.000   0.665204     3.8573 5.5445e-02      1.002     5.6545  1005.4828     6.2534    106.050          4 0.0000e+00
    105.000   0.665486     3.8564 5.5465e-02      1.054     5.6554  1005.4900     6.2563    107.070          4 0.0000e+00
    106.000   0.665658     3.8547 5.5398e-02      1.050     5.6486  1005.4965     6.2583    108.090          4 0.0000e+00
    107.000   0.665945     3.8482 5.5476e-02      1.005     5.6352  1005.5047     6.2623    109.109          3 0.0000e+00
    108.000   0.666434     3.8349 5.5462e-02      1.021     5.6207  1005.5157     6.2696    110.130          4 0.0000e+00
    109.000   0.666670     3.8274 5.5389e-02      1.042     5.6119  1005.5237     6.2734    111.149          4 0.0000e+00
    110.000   0.666853     3.8202 5.5344e-02      1.024     5.6044  1005.5312     6.2765    112.169          4 0.0000e+00
    111.000   0.667068     3.8119 5.5285e-02      1.012     5.6094  1005.5392     6.2801    113.188          4 0.0000e+00
    112.000   0.667149     3.8109 5.5362e-02      1.043     5.6017  1005.5448     6.2810    114.208          4 0.0000e+00
    113.000   0.667195     3.8112 5.5327e-02      1.056     5.6091  1005.5499     6.2813    115.228          4 0.0000e+00
    114.000   0.667258     3.8096 5.5310e-02      1.024     5.5877  1005.5555     6.2821    116.248          4 0.0000e+00
    115.000   0.667315     3.8056 5.5215e-02      1.011     5.5836  1005.5614     6.2834    117.268          4 0.0000e+00
    116.000   0.667345     3.8014 5.5222e-02      1.034     5.5861  1005.5672     6.2844    118.287          3 0.0000e+00
    117.000   0.667367     3.7998 5.5128e-02      1.051     5.5817  1005.5724     6.2848    119.307          4 0.0000e+00
    118.000   0.667393     3.7996 5.5073e-02      1.041     5.5879  1005.5775     6.2850    120.326          4 0.0000e+00
    119.000   0.667412     3.7996 5.5041e-02      1.029     5.5842  1005.5824     6.2851    121.346          4 0.0000e+00
    120.000   0.667452     3.7994 5.5060e-02      1.022     5.5802  1005.5876     6.2854    122.366          4 0.0000e+00
    121.000   0.667496     3.7991 5.4975e-02      1.016     5.5868  1005.5928     6.2858    123.386          4 0.0000e+00
    122.000   0.667542     3.7988 5.4973e-02      1.027     5.5799  1005.5980     6.2861    124.405          4 0.0000e+00
    123.000   0.667626     3.7979 5.5039e-02      1.062     5.5708  1005.6036     6.2870    125.425          3 0.0000e+00
    124.000   0.667750     3.7967 5.4972e-02      1.053     5.5715  1005.6096     6.2884    126.445          4 0.0000e+00
    125.000   0.667841     3.7956 5.4979e-02      1.003     5.5669  1005.6153     6.2894    127.464          4 0.0000e+00
    126.000   0.667889     3.7948 5.4817e-02      1.019     5.5637  1005.6207     6.2900    128.484          4 0.0000e+00
    127.000   0.667939     3.7928 5.4848e-02      1.065     5.5530  1005.6262     6.2908    129.504          4 0.0000e+00
    128.000   0.667996     3.7888 5.4825e-02      1.023     5.5472  1005.6322     6.2920    130.524          4 0.0000e+00
    129.000   0.668062     3.7813 5.4793e-02      0.975     5.5419  1005.6388     6.2940    131.543          4 0.0000e+00
    130.000   0.668161     3.7752 5.4698e-02      0.978     5.5429  1005.6455     6.2961    132.563          4 0.0000e+00
    131.000   0.668292     3.7715 5.4861e-02      1.015     5.5532  1005.6520     6.2980    133.583          4 0.0000e+00
