ctdpy/exports/archive_20191121_115250/received_data/do13_v27_18.cnv
* Sea-Bird SBE19plus Data File:
* FileName = C:\CTD\CTD 2018\v27\Do13_v27_18.hex
* Software Version 1.59
* Temperature SN =  4644
* Conductivity SN =  4644
* System UpLoad Time = Jul 03 2018 20:50:55
** SDo13 v27 k15 2018
* ds
# nquan = 11
# nvalues = 34                          
# units = specified
# name 0 = prdM: Pressure, Strain Gauge [db]
# name 1 = c0S/m: Conductivity [S/m]
# name 2 = tv290C: Temperature [ITS-90, deg C]
# name 3 = par: PAR/Irradiance, Biospherical/Licor
# name 4 = dz/dtM: Descent Rate [m/s]
# name 5 = sbeox0ML/L: Oxygen, SBE 43 [ml/l]
# name 6 = density00: Density [density, kg/m^3]
# name 7 = sal00: Salinity, Practical [PSU]
# name 8 = depFM: Depth [fresh water, m], lat = 0
# name 9 = nbin: number of scans per bin
# name 10 = flag: flag
# span 0 =      1.000,     34.000       
# span 1 =   0.571609,   0.686139       
# span 2 =     3.4283,    12.4704       
# span 3 = 7.5437e-02, 3.8879e+01       
# span 4 =      0.109,      0.620       
# span 5 =     7.8378,     8.4861       
# span 6 =  1003.3810,  1004.5084       
# span 7 =     5.0688,     5.4516       
# span 8 =      1.020,     34.670       
# span 9 =          5,         12       
# span 10 = 0.0000e+00, 0.0000e+00      
# interval = decibars: 1                
# start_time = Jul 03 2018 20:28:02 [Instrument's time stamp, header]
# bad_flag = -9.990e-29
*END*
      1.000   0.686139    12.4704 3.8879e+01      0.109     7.8855  1003.3810     5.0688      1.020         12 0.0000e+00
      2.000   0.685622    12.3488 2.4313e+01      0.300     7.8378  1003.4111     5.0809      2.039         12 0.0000e+00
      3.000   0.681899    12.1063 1.6472e+01      0.346     8.1265  1003.4493     5.0838      3.059         11 0.0000e+00
      4.000   0.676436    11.8065 1.1712e+01      0.471     8.2122  1003.4893     5.0805      4.079          8 0.0000e+00
      5.000   0.671441    11.5124 8.8652e+00      0.515     8.3496  1003.5297     5.0801      5.098          7 0.0000e+00
      6.000   0.664346    11.0791 6.8939e+00      0.556     8.2984  1003.5866     5.0815      6.118          7 0.0000e+00
      7.000   0.658316    10.7241 5.5314e+00      0.565     8.2811  1003.6309     5.0807      7.138          8 0.0000e+00
      8.000   0.655352    10.5403 4.4632e+00      0.541     8.4380  1003.6564     5.0815      8.158          7 0.0000e+00
      9.000   0.652343    10.3376 3.5428e+00      0.566     8.4602  1003.6852     5.0845      9.178          7 0.0000e+00
     10.000   0.646417     9.9880 2.8073e+00      0.579     8.3310  1003.7255     5.0835     10.197          6 0.0000e+00
     11.000   0.641797     9.7188 2.1987e+00      0.617     8.4032  1003.7561     5.0822     11.217          7 0.0000e+00
     12.000   0.639765     9.5584 1.7222e+00      0.607     8.4422  1003.7805     5.0874     12.237          7 0.0000e+00
     13.000   0.636287     9.3048 1.3407e+00      0.590     8.4861  1003.8139     5.0935     13.256          6 0.0000e+00
     14.000   0.632181     8.9949 1.0348e+00      0.589     8.4834  1003.8536     5.1022     14.276          7 0.0000e+00
     15.000   0.626543     8.6059 7.9557e-01      0.616     8.4348  1003.8971     5.1089     15.295          7 0.0000e+00
     16.000   0.621194     8.2476 6.1144e-01      0.620     8.4316  1003.9348     5.1138     16.315          6 0.0000e+00
     17.000   0.615729     7.9014 4.7367e-01      0.601     8.4054  1003.9676     5.1157     17.335          7 0.0000e+00
     18.000   0.610303     7.5709 3.6690e-01      0.606     8.2565  1003.9961     5.1155     18.355          6 0.0000e+00
     19.000   0.607412     7.3345 2.9082e-01      0.596     8.2840  1004.0238     5.1242     19.375          7 0.0000e+00
     20.000   0.606440     7.2099 2.3489e-01      0.601     8.2557  1004.0443     5.1338     20.395          7 0.0000e+00
     21.000   0.605621     7.0024 1.9180e-01      0.609     8.3459  1004.0806     5.1571     21.414          6 0.0000e+00
     22.000   0.602940     6.7088 1.5983e-01      0.603     8.3691  1004.1183     5.1766     22.433          7 0.0000e+00
     23.000   0.597065     6.2054 1.3676e-01      0.603     8.3129  1004.1678     5.1986     23.454          7 0.0000e+00
     24.000   0.591466     5.8072 1.2061e-01      0.573     8.3505  1004.1986     5.2072     24.473          7 0.0000e+00
     25.000   0.589612     5.6397 1.0823e-01      0.593     8.3455  1004.2175     5.2154     25.493          6 0.0000e+00
     26.000   0.587765     5.4224 9.9302e-02      0.591     8.3503  1004.2441     5.2316     26.513          7 0.0000e+00
     27.000   0.584057     5.0729 9.2281e-02      0.596     8.2739  1004.2771     5.2508     27.532          7 0.0000e+00
     28.000   0.582073     4.7859 8.7145e-02      0.584     8.3307  1004.3121     5.2769     28.552          7 0.0000e+00
     29.000   0.578796     4.4139 8.3447e-02      0.568     8.2700  1004.3490     5.3045     29.572          7 0.0000e+00
     30.000   0.574280     3.9698 8.0677e-02      0.597     8.1124  1004.3854     5.3317     30.592          7 0.0000e+00
     31.000   0.572969     3.7583 7.8691e-02      0.550     8.1607  1004.4110     5.3532     31.611          7 0.0000e+00
     32.000   0.571993     3.6196 7.7250e-02      0.550     8.0787  1004.4282     5.3662     32.631          8 0.0000e+00
     33.000   0.571609     3.4560 7.6146e-02      0.524     8.1149  1004.4536     5.3894     33.651          8 0.0000e+00
     34.000   0.577331     3.4283 7.5437e-02      0.481 -9.990e-29  1004.5084     5.4516     34.670          5 0.0000e+00
