ctdpy/exports/archive_20191121_115250/received_data/do14_v27_18.cnv
* Sea-Bird SBE19plus Data File:
* FileName = C:\CTD\CTD 2018\v27\Do14_v27_18.hex
* Software Version 1.59
* Temperature SN =  4644
* Conductivity SN =  4644
* System UpLoad Time = Jul 03 2018 21:30:19
** SDo14 v27 k15 2018
* ds
# nquan = 11
# nvalues = 71                          
# units = specified
# name 0 = prdM: Pressure, Strain Gauge [db]
# name 1 = c0S/m: Conductivity [S/m]
# name 2 = tv290C: Temperature [ITS-90, deg C]
# name 3 = par: PAR/Irradiance, Biospherical/Licor
# name 4 = dz/dtM: Descent Rate [m/s]
# name 5 = sbeox0ML/L: Oxygen, SBE 43 [ml/l]
# name 6 = density00: Density [density, kg/m^3]
# name 7 = sal00: Salinity, Practical [PSU]
# name 8 = depFM: Depth [fresh water, m], lat = 0
# name 9 = nbin: number of scans per bin
# name 10 = flag: flag
# span 0 =      1.000,     71.000       
# span 1 =   0.556213,   0.675295       
# span 2 =     2.0720,    12.4768       
# span 3 = 6.2920e-02, 4.0871e+01       
# span 4 =      0.104,      0.629       
# span 5 =     5.0253,     8.5405       
# span 6 =  1003.3125,  1005.0907       
# span 7 =     4.9813,     5.9561       
# span 8 =      1.020,     72.400       
# span 9 =          6,         12       
# span 10 = 0.0000e+00, 0.0000e+00      
# interval = decibars: 1                
# start_time = Jul 03 2018 21:04:54 [Instrument's time stamp, header]
# bad_flag = -9.990e-29
*END*
      1.000   0.675189    12.4768 4.0871e+01      0.104     7.7232  1003.3125     4.9813      1.020         10 0.0000e+00
      2.000   0.675295    12.4630 2.3834e+01      0.474     7.8069  1003.3210     4.9839      2.040          9 0.0000e+00
      3.000   0.673023    12.2369 1.6230e+01      0.533     7.7387  1003.3642     4.9956      3.059          7 0.0000e+00
      4.000   0.666434    11.7180 1.1964e+01      0.575     7.8876  1003.4471     5.0120      4.079          7 0.0000e+00
      5.000   0.663223    11.5080 8.9099e+00      0.542     7.9801  1003.4791     5.0141      5.099          7 0.0000e+00
      6.000   0.663077    11.4621 6.8816e+00      0.558     8.2692  1003.4932     5.0191      6.118          7 0.0000e+00
      7.000   0.663614    11.4216 5.2738e+00      0.549     8.2039  1003.5103     5.0288      7.138          7 0.0000e+00
      8.000   0.662324    11.1806 3.8576e+00      0.606     8.2943  1003.5605     5.0510      8.158          7 0.0000e+00
      9.000   0.655624    10.6499 2.9418e+00      0.579     8.4020  1003.6389     5.0685      9.177          7 0.0000e+00
     10.000   0.647330    10.1745 2.2254e+00      0.618     8.3635  1003.6920     5.0652     10.197          6 0.0000e+00
     11.000   0.641634     9.7843 1.6997e+00      0.629     8.5405  1003.7413     5.0716     11.217          7 0.0000e+00
     12.000   0.631728     9.1703 1.2998e+00      0.602     8.4577  1003.8058     5.0735     12.237          6 0.0000e+00
     13.000   0.625555     8.7897 9.9539e-01      0.610     8.3812  1003.8449     5.0742     13.256          7 0.0000e+00
     14.000   0.623428     8.5967 7.7165e-01      0.566     8.3552  1003.8730     5.0832     14.276          7 0.0000e+00
     15.000   0.621524     8.4472 5.9665e-01      0.569     8.3682  1003.8938     5.0879     15.296          7 0.0000e+00
     16.000   0.620210     8.2788 4.6342e-01      0.547     8.4837  1003.9221     5.1006     16.316          7 0.0000e+00
     17.000   0.614593     7.8366 3.5967e-01      0.589     8.3626  1003.9718     5.1150     17.335          7 0.0000e+00
     18.000   0.609208     7.4288 2.8238e-01      0.601     8.3471  1004.0145     5.1266     18.355          7 0.0000e+00
     19.000   0.605486     7.1358 2.2439e-01      0.600     8.2818  1004.0462     5.1362     19.375          6 0.0000e+00
     20.000   0.603098     6.8916 1.8191e-01      0.612     8.2735  1004.0776     5.1508     20.394          7 0.0000e+00
     21.000   0.599540     6.6042 1.5103e-01      0.599     8.3640  1004.1074     5.1612     21.414          7 0.0000e+00
     22.000   0.595903     6.3054 1.2766e-01      0.616     8.3769  1004.1375     5.1726     22.434          6 0.0000e+00
     23.000   0.592190     5.9339 1.1101e-01      0.592     8.3441  1004.1780     5.1946     23.453          7 0.0000e+00
     24.000   0.591168     5.6549 9.9191e-02      0.562     8.1614  1004.2218     5.2279     24.473          8 0.0000e+00
     25.000   0.590744     5.4741 9.0628e-02      0.490     8.3200  1004.2533     5.2520     25.493          8 0.0000e+00
     26.000   0.589049     5.2165 8.3879e-02      0.517     8.2143  1004.2872     5.2761     26.513          8 0.0000e+00
     27.000   0.586042     4.8881 7.9137e-02      0.437     8.3799  1004.3216     5.2992     27.532          9 0.0000e+00
     28.000   0.578701     4.3962 7.5395e-02      0.442     8.5057  1004.3462     5.3064     28.552          9 0.0000e+00
     29.000   0.572059     3.7819 7.2519e-02      0.451     8.4185  1004.3905     5.3405     29.572          9 0.0000e+00
     30.000   0.566592     3.3940 7.0344e-02      0.419     8.3372  1004.4075     5.3493     30.591          9 0.0000e+00
     31.000   0.562159     3.0584 6.8608e-02      0.455     8.4111  1004.4233     5.3600     31.611          9 0.0000e+00
     32.000   0.559513     2.7797 6.7260e-02      0.523     8.1901  1004.4444     5.3795     32.631          7 0.0000e+00
     33.000   0.557641     2.5326 6.6340e-02      0.508     8.1329  1004.4668     5.4018     33.651          8 0.0000e+00
     34.000   0.556854     2.4136 6.5597e-02      0.514     8.0831  1004.4808     5.4138     34.670          8 0.0000e+00
     35.000   0.556739     2.3426 6.5021e-02      0.546     8.0254  1004.4940     5.4246     35.690          7 0.0000e+00
     36.000   0.556213     2.2174 6.4586e-02      0.567     7.9366  1004.5107     5.4405     36.710          7 0.0000e+00
     37.000   0.557247     2.1422 6.4249e-02      0.577     7.8817  1004.5339     5.4641     37.730          7 0.0000e+00
     38.000   0.558384     2.1107 6.4018e-02      0.568     7.8251  1004.5524     5.4814     38.749          7 0.0000e+00
     39.000   0.559464     2.0821 6.3785e-02      0.570     7.7441  1004.5701     5.4976     39.769          7 0.0000e+00
     40.000   0.560826     2.0720 6.3622e-02      0.574     7.7066  1004.5877     5.5136     40.789          7 0.0000e+00
     41.000   0.562877     2.0771 6.3455e-02      0.574     7.6135  1004.6092     5.5342     41.808          7 0.0000e+00
     42.000   0.564583     2.0959 6.3380e-02      0.556     7.5581  1004.6260     5.5487     42.828          7 0.0000e+00
     43.000   0.566349     2.1437 6.3342e-02      0.558     7.4902  1004.6395     5.5587     43.848          7 0.0000e+00
     44.000   0.568269     2.1852 6.3249e-02      0.551     7.4140  1004.6550     5.5715     44.868          8 0.0000e+00
     45.000   0.570631     2.2444 6.3258e-02      0.542     7.3487  1004.6718     5.5857     45.887          7 0.0000e+00
     46.000   0.573000     2.2838 6.3138e-02      0.543     7.2222  1004.6912     5.6034     46.907          8 0.0000e+00
     47.000   0.574637     2.3119 6.3154e-02      0.510     7.1585  1004.7060     5.6154     47.927          8 0.0000e+00
     48.000   0.575918     2.3411 6.3144e-02      0.495     7.1036  1004.7176     5.6235     48.946          8 0.0000e+00
     49.000   0.577295     2.3761 6.3125e-02      0.482     7.0558  1004.7292     5.6316     49.966          8 0.0000e+00
     50.000   0.578592     2.4080 6.3122e-02      0.526     7.0113  1004.7405     5.6394     50.986          7 0.0000e+00
     51.000   0.580602     2.4618 6.3103e-02      0.544     6.9406  1004.7547     5.6506     52.005          8 0.0000e+00
     52.000   0.583701     2.5293 6.3030e-02      0.555     6.8440  1004.7759     5.6708     53.025          7 0.0000e+00
     53.000   0.586902     2.5968 6.3039e-02      0.533     6.7967  1004.7978     5.6919     54.045          8 0.0000e+00
     54.000   0.590882     2.6796 6.3007e-02      0.527     6.7055  1004.8238     5.7182     55.065          7 0.0000e+00
     55.000   0.595378     2.7603 6.3047e-02      0.535     6.5763  1004.8542     5.7501     56.084          7 0.0000e+00
     56.000   0.598710     2.8230 6.3016e-02      0.544     6.3847  1004.8774     5.7731     57.104          8 0.0000e+00
     57.000   0.601669     2.8703 6.3001e-02      0.562     6.2473  1004.8997     5.7950     58.124          7 0.0000e+00
     58.000   0.603685     2.9008 6.3031e-02      0.561     6.1241  1004.9166     5.8102     59.144          7 0.0000e+00
     59.000   0.604572     2.9191 6.3056e-02      0.535     6.0089  1004.9259     5.8159     60.163          8 0.0000e+00
     60.000   0.605727     2.9453 6.3039e-02      0.502     5.9877  1004.9363     5.8229     61.183          7 0.0000e+00
     61.000   0.606870     2.9666 6.3113e-02      0.557     5.8957  1004.9474     5.8307     62.203          8 0.0000e+00
     62.000   0.608478     2.9990 6.3049e-02      0.544     5.7821  1004.9605     5.8412     63.222          7 0.0000e+00
     63.000   0.610730     3.0475 6.3045e-02      0.465     5.7065  1004.9764     5.8554     64.242          9 0.0000e+00
     64.000   0.614248     3.1086 6.3049e-02      0.453     5.7589  1005.0007     5.8802     65.262          8 0.0000e+00
     65.000   0.617436     3.1600 6.3050e-02      0.529     5.5952  1005.0237     5.9034     66.282          8 0.0000e+00
     66.000   0.620025     3.2056 6.3038e-02      0.517     5.4086  1005.0425     5.9214     67.301          8 0.0000e+00
     67.000   0.621895     3.2378 6.3036e-02      0.440     5.2751  1005.0576     5.9345     68.321         10 0.0000e+00
     68.000   0.623554     3.2659 6.3045e-02      0.386     5.2457  1005.0715     5.9461     69.341         11 0.0000e+00
     69.000   0.624465     3.2783 6.3058e-02      0.365     5.1809  1005.0818     5.9530     70.361         11 0.0000e+00
     70.000   0.624859     3.2828 6.3014e-02      0.334     5.0253  1005.0891     5.9561     71.380         12 0.0000e+00
     71.000   0.624701     3.2952 6.2920e-02      0.304 -9.990e-29  1005.0907     5.9521     72.400         11 0.0000e+00
