ctdpy/exports/archive_20191121_115250/received_data/f13_v08_18.cnv
* Sea-Bird SBE19plus Data File:
* FileName = C:\CTD\CTD 2018\v08\F13_v08_18.hex
* Software Version 1.59
* Temperature SN =  4644
* Conductivity SN =  4644
* System UpLoad Time = Feb 22 2018 04:40:05
** F13_v08_18
* ds
# nquan = 11
# nvalues = 64                          
# units = specified
# name 0 = prdM: Pressure, Strain Gauge [db]
# name 1 = c0S/m: Conductivity [S/m]
# name 2 = tv290C: Temperature [ITS-90, deg C]
# name 3 = par: PAR/Irradiance, Biospherical/Licor
# name 4 = dz/dtM: Descent Rate [m/s]
# name 5 = sbeox0ML/L: Oxygen, SBE 43 [ml/l]
# name 6 = density00: Density [density, kg/m^3]
# name 7 = sal00: Salinity, Practical [PSU]
# name 8 = depFM: Depth [fresh water, m], lat = 0
# name 9 = nbin: number of scans per bin
# name 10 = flag: flag
# span 0 =      1.000,     64.000       
# span 1 =   0.250111,   0.407958       
# span 2 =    -0.1725,     0.4051       
# span 3 = 4.4426e-02, 3.1877e+00       
# span 4 =      0.201,      0.934       
# span 5 =     8.9645,     9.4598       
# span 6 =  1001.8916,  1003.5897       
# span 7 =     2.4776,     4.2141       
# span 8 =      1.020,     65.262       
# span 9 =          4,          8       
# span 10 = 0.0000e+00, 0.0000e+00      
# interval = decibars: 1                
# start_time = Feb 22 2018 04:05:26 [Instrument's time stamp, header]
# bad_flag = -9.990e-29
*END*
      1.000   0.250111     0.4051 3.1877e+00      0.201     9.1081  1001.8916     2.4776      1.020          8 0.0000e+00
      2.000   0.300146    -0.1693 1.4329e+00      0.331     9.3445  1002.3291     3.0464      2.040          8 0.0000e+00
      3.000   0.295457    -0.1400 5.1005e-01      0.672     9.4598  1002.2939     2.9952      3.059          6 0.0000e+00
      4.000   0.295821    -0.1401 3.0230e-01      0.688     9.4053  1002.3021     2.9990      4.079          6 0.0000e+00
      5.000   0.297989    -0.1397 1.6774e-01      0.699     9.3532  1002.3261     3.0223      5.099          6 0.0000e+00
      6.000   0.300055    -0.1413 1.1013e-01      0.719     9.3568  1002.3492     3.0446      6.118          5 0.0000e+00
      7.000   0.300804    -0.1425 8.1816e-02      0.735     9.3646  1002.3608     3.0527      7.138          6 0.0000e+00
      8.000   0.301064    -0.1432 6.4692e-02      0.747     9.3332  1002.3681     3.0555      8.158          5 0.0000e+00
      9.000   0.301141    -0.1435 5.5762e-02      0.739     9.3063  1002.3738     3.0563      9.177          5 0.0000e+00
     10.000   0.301349    -0.1448 5.1716e-02      0.744     9.3341  1002.3806     3.0586     10.197          6 0.0000e+00
     11.000   0.301550    -0.1477 4.9253e-02      0.753     9.3034  1002.3875     3.0610     11.217          5 0.0000e+00
     12.000   0.301663    -0.1501 4.7684e-02      0.738     9.2938  1002.3935     3.0624     12.237          5 0.0000e+00
     13.000   0.301774    -0.1531 4.6863e-02      0.740     9.3089  1002.3996     3.0638     13.256          6 0.0000e+00
     14.000   0.301936    -0.1556 4.6402e-02      0.759     9.3449  1002.4060     3.0658     14.276          5 0.0000e+00
     15.000   0.302129    -0.1575 4.6014e-02      0.787     9.3872  1002.4128     3.0680     15.296          5 0.0000e+00
     16.000   0.302396    -0.1600 4.5825e-02      0.853     9.3864  1002.4202     3.0711     16.316          4 0.0000e+00
     17.000   0.302739    -0.1633 4.5591e-02      0.888     9.3749  1002.4283     3.0750     17.335          5 0.0000e+00
     18.000   0.303066    -0.1663 4.5485e-02      0.889     9.4119  1002.4362     3.0787     18.355          4 0.0000e+00
     19.000   0.303431    -0.1686 4.5497e-02      0.884     9.3579  1002.4445     3.0829     19.375          5 0.0000e+00
     20.000   0.304446    -0.1710 4.5415e-02      0.880     9.3671  1002.4585     3.0940     20.394          4 0.0000e+00
     21.000   0.305389    -0.1725 4.5450e-02      0.889     9.3932  1002.4718     3.1043     21.414          5 0.0000e+00
     22.000   0.306106    -0.1716 4.5416e-02      0.915     9.4048  1002.4831     3.1118     22.434          4 0.0000e+00
     23.000   0.306698    -0.1692 4.5375e-02      0.934     9.4151  1002.4932     3.1179     23.453          4 0.0000e+00
     24.000   0.307242    -0.1668 4.5294e-02      0.930     9.4157  1002.5029     3.1235     24.473          5 0.0000e+00
     25.000   0.307590    -0.1654 4.5334e-02      0.923     9.4160  1002.5109     3.1270     25.493          4 0.0000e+00
     26.000   0.307790    -0.1639 4.5243e-02      0.915     9.4214  1002.5177     3.1290     26.513          4 0.0000e+00
     27.000   0.307990    -0.1614 4.5278e-02      0.904     9.4086  1002.5243     3.1308     27.532          5 0.0000e+00
     28.000   0.308197    -0.1575 4.5350e-02      0.896     9.3985  1002.5311     3.1325     28.552          4 0.0000e+00
     29.000   0.308702    -0.1478 4.5227e-02      0.889     9.4003  1002.5402     3.1369     29.572          5 0.0000e+00
     30.000   0.309641    -0.1360 4.5204e-02      0.886     9.3894  1002.5532     3.1458     30.591          4 0.0000e+00
     31.000   0.310382    -0.1278 4.5106e-02      0.894     9.3829  1002.5644     3.1528     31.611          5 0.0000e+00
     32.000   0.311521    -0.1137 4.5159e-02      0.892     9.3670  1002.5790     3.1636     32.631          4 0.0000e+00
     33.000   0.312791    -0.1007 4.5086e-02      0.883     9.3428  1002.5947     3.1758     33.651          5 0.0000e+00
     34.000   0.313692    -0.0916 4.5100e-02      0.873     9.2850  1002.6074     3.1845     34.670          4 0.0000e+00
     35.000   0.314823    -0.0776 4.5076e-02      0.865     9.2993  1002.6219     3.1952     35.690          5 0.0000e+00
     36.000   0.316598    -0.0647 4.5082e-02      0.867     9.2639  1002.6420     3.2129     36.710          5 0.0000e+00
     37.000   0.319714    -0.0625 4.5043e-02      0.873     9.2504  1002.6742     3.2461     37.730          4 0.0000e+00
     38.000   0.324355    -0.0656 4.5022e-02      0.872     9.2509  1002.7199     3.2964     38.749          5 0.0000e+00
     39.000   0.327208    -0.0719 4.4960e-02      0.882     9.2414  1002.7501     3.3279     39.769          4 0.0000e+00
     40.000   0.328424    -0.0807 4.5006e-02      0.887     9.2233  1002.7661     3.3419     40.789          5 0.0000e+00
     41.000   0.329221    -0.0948 4.4903e-02      0.892     9.2230  1002.7786     3.3520     41.809          4 0.0000e+00
     42.000   0.330270    -0.1173 4.4920e-02      0.890     9.2110  1002.7936     3.3658     42.828          5 0.0000e+00
     43.000   0.331603    -0.1325 4.4938e-02      0.891     9.2046  1002.8108     3.3818     43.848          4 0.0000e+00
     44.000   0.334061    -0.1421 4.4904e-02      0.884     9.2307  1002.8378     3.4095     44.868          5 0.0000e+00
     45.000   0.336807    -0.1515 4.4921e-02      0.872     9.2614  1002.8673     3.4403     45.887          5 0.0000e+00
     46.000   0.338776    -0.1483 4.4830e-02      0.853     9.2934  1002.8896     3.4612     46.907          4 0.0000e+00
     47.000   0.340505    -0.1516 4.4819e-02      0.857     9.3167  1002.9099     3.4803     47.927          5 0.0000e+00
     48.000   0.342788    -0.1556 4.4825e-02      0.854     9.3234  1002.9352     3.5055     48.946          5 0.0000e+00
     49.000   0.345617    -0.1542 4.4728e-02      0.857     9.3293  1002.9651     3.5360     49.966          4 0.0000e+00
     50.000   0.348910    -0.1556 4.4786e-02      0.872     9.3303  1002.9992     3.5719     50.986          5 0.0000e+00
     51.000   0.353450    -0.1553 4.4761e-02      0.886     9.2993  1003.0443     3.6212     52.005          4 0.0000e+00
     52.000   0.359934    -0.1532 4.4750e-02      0.878     9.2956  1003.1066     3.6916     53.025          5 0.0000e+00
     53.000   0.364925    -0.1476 4.4696e-02      0.879     9.2898  1003.1555     3.7452     54.045          4 0.0000e+00
     54.000   0.368329    -0.1394 4.4671e-02      0.879     9.2774  1003.1903     3.7813     55.065          5 0.0000e+00
     55.000   0.370319    -0.1350 4.4662e-02      0.869     9.2730  1003.2127     3.8024     56.084          5 0.0000e+00
     56.000   0.372518    -0.1335 4.4581e-02      0.861     9.2769  1003.2371     3.8261     57.104          4 0.0000e+00
     57.000   0.375976    -0.1318 4.4689e-02      0.849     9.2723  1003.2727     3.8636     58.124          5 0.0000e+00
     58.000   0.378292    -0.1300 4.4605e-02      0.835     9.2719  1003.2981     3.8887     59.144          5 0.0000e+00
     59.000   0.380551    -0.1288 4.4578e-02      0.835     9.2485  1003.3231     3.9131     60.163          5 0.0000e+00
     60.000   0.382778    -0.1283 4.4558e-02      0.827     9.2493  1003.3478     3.9374     61.183          5 0.0000e+00
     61.000   0.386787    -0.1266 4.4575e-02      0.821     9.2569  1003.3883     3.9810     62.203          4 0.0000e+00
     62.000   0.397052    -0.1296 4.4461e-02      0.826     9.2425  1003.4847     4.0939     63.223          5 0.0000e+00
     63.000   0.407958    -0.1327 4.4435e-02      0.831     9.1827  1003.5871     4.2141     64.242          6 0.0000e+00
     64.000   0.407696    -0.1324 4.4426e-02      0.735     8.9645  1003.5897     4.2110     65.262          7 0.0000e+00
