ctdpy/exports/archive_20191121_115250/received_data/f18_v08_18.cnv
* Sea-Bird SBE19plus Data File:
* FileName = C:\CTD\CTD 2018\v08\F18_v08_18.hex
* Software Version 1.59
* Temperature SN =  4644
* Conductivity SN =  4644
* System UpLoad Time = Feb 21 2018 21:35:02
** F18_v08_18
* ds
# nquan = 11
# nvalues = 101                         
# units = specified
# name 0 = prdM: Pressure, Strain Gauge [db]
# name 1 = c0S/m: Conductivity [S/m]
# name 2 = tv290C: Temperature [ITS-90, deg C]
# name 3 = par: PAR/Irradiance, Biospherical/Licor
# name 4 = dz/dtM: Descent Rate [m/s]
# name 5 = sbeox0ML/L: Oxygen, SBE 43 [ml/l]
# name 6 = density00: Density [density, kg/m^3]
# name 7 = sal00: Salinity, Practical [PSU]
# name 8 = depFM: Depth [fresh water, m], lat = 0
# name 9 = nbin: number of scans per bin
# name 10 = flag: flag
# span 0 =      1.000,    101.000       
# span 1 =   0.502987,   0.552619       
# span 2 =    -0.1339,     1.2875       
# span 3 = 4.9579e-02, 1.7189e+00       
# span 4 =     -0.194,      1.018       
# span 5 =     8.8609,     9.4512       
# span 6 =  1004.1497,  1004.9141       
# span 7 =     5.2752,     5.5589       
# span 8 =      1.020,    102.990       
# span 9 =          1,          8       
# span 10 = 0.0000e+00, 0.0000e+00      
# interval = decibars: 1                
# start_time = Feb 21 2018 21:06:37 [Instrument's time stamp, header]
# bad_flag = -9.990e-29
*END*
      1.000   0.508909    -0.0733 1.7189e+00     -0.194     9.4073  1004.1829     5.3313      1.020          4 0.0000e+00
      2.000   0.506739    -0.0964 7.6819e-01      0.399     9.4343  1004.1704     5.3109      2.039          6 0.0000e+00
      3.000   0.503962    -0.1233 6.4254e-01      0.816     9.4403  1004.1526     5.2844      3.059          5 0.0000e+00
      4.000   0.502987    -0.1339 3.3758e-01      0.869     9.4438  1004.1497     5.2752      4.079          5 0.0000e+00
      5.000   0.503248    -0.1324 1.9117e-01      0.858     9.4512  1004.1569     5.2778      5.099          4 0.0000e+00
      6.000   0.505117    -0.1144 1.2053e-01      0.846     9.4313  1004.1771     5.2954      6.118          5 0.0000e+00
      7.000   0.511575    -0.0559 8.7610e-02      0.844     9.3927  1004.2351     5.3573      7.138          5 0.0000e+00
      8.000   0.516167     0.0038 7.2812e-02      0.822     9.3451  1004.2759     5.3979      8.158          5 0.0000e+00
      9.000   0.518775     0.0528 6.5036e-02      0.824     9.3361  1004.2996     5.4182      9.177          4 0.0000e+00
     10.000   0.519862     0.0761 6.0185e-02      0.830     9.3176  1004.3121     5.4261     10.197          5 0.0000e+00
     11.000   0.521644     0.1090 5.7394e-02      0.830     9.2957  1004.3298     5.4399     11.217          5 0.0000e+00
     12.000   0.523802     0.1582 5.5759e-02      0.836     9.2619  1004.3492     5.4550     12.237          5 0.0000e+00
     13.000   0.524870     0.1994 5.4474e-02      0.857     9.2368  1004.3596     5.4594     13.256          4 0.0000e+00
     14.000   0.525058     0.2101 5.3843e-02      0.878     9.2503  1004.3651     5.4595     14.276          5 0.0000e+00
     15.000   0.525081     0.2072 5.3307e-02      0.894     9.2396  1004.3705     5.4601     15.296          4 0.0000e+00
     16.000   0.525161     0.2025 5.3117e-02      0.904     9.2413  1004.3766     5.4617     16.316          5 0.0000e+00
     17.000   0.525281     0.2020 5.2918e-02      0.906     9.2429  1004.3827     5.4631     17.335          4 0.0000e+00
     18.000   0.525514     0.2074 5.2727e-02      0.916     9.2311  1004.3892     5.4646     18.355          4 0.0000e+00
     19.000   0.525796     0.2168 5.2527e-02      0.915     9.2366  1004.3957     5.4659     19.375          5 0.0000e+00
     20.000   0.525927     0.2223 5.2572e-02      0.905     9.2267  1004.4012     5.4662     20.394          4 0.0000e+00
     21.000   0.525989     0.2247 5.2385e-02      0.916     9.2244  1004.4065     5.4664     21.414          4 0.0000e+00
     22.000   0.526031     0.2248 5.2425e-02      0.956     9.2246  1004.4118     5.4668     22.434          4 0.0000e+00
     23.000   0.526132     0.2245 5.2301e-02      0.980     9.2362  1004.4176     5.4678     23.453          5 0.0000e+00
     24.000   0.526237     0.2258 5.2298e-02      0.989     9.2282  1004.4234     5.4686     24.473          4 0.0000e+00
     25.000   0.526306     0.2267 5.2409e-02      0.987     9.2246  1004.4288     5.4691     25.493          4 0.0000e+00
     26.000   0.526362     0.2276 5.2366e-02      0.996     9.2347  1004.4342     5.4694     26.513          4 0.0000e+00
     27.000   0.526434     0.2288 5.2297e-02      0.990     9.2352  1004.4396     5.4699     27.532          4 0.0000e+00
     28.000   0.526556     0.2298 5.2294e-02      0.982     9.2307  1004.4456     5.4709     28.552          4 0.0000e+00
     29.000   0.526671     0.2290 5.2245e-02      0.993     9.2351  1004.4516     5.4723     29.572          4 0.0000e+00
     30.000   0.526769     0.2295 5.2243e-02      1.010     9.2361  1004.4574     5.4732     30.591          4 0.0000e+00
     31.000   0.526888     0.2325 5.2224e-02      1.006     9.2376  1004.4630     5.4738     31.611          4 0.0000e+00
     32.000   0.527009     0.2358 5.2222e-02      0.991     9.2325  1004.4687     5.4745     32.631          4 0.0000e+00
     33.000   0.527225     0.2435 5.2287e-02      0.986     9.2340  1004.4748     5.4753     33.650          4 0.0000e+00
     34.000   0.527450     0.2536 5.2207e-02      0.990     9.2242  1004.4807     5.4759     34.670          4 0.0000e+00
     35.000   0.527768     0.2704 5.2219e-02      0.999     9.2025  1004.4867     5.4763     35.690          4 0.0000e+00
     36.000   0.528220     0.2960 5.2183e-02      1.006     9.2040  1004.4930     5.4766     36.710          4 0.0000e+00
     37.000   0.528573     0.3168 5.2084e-02      1.007     9.2070  1004.4989     5.4767     37.729          4 0.0000e+00
     38.000   0.528875     0.3352 5.2088e-02      1.007     9.2058  1004.5046     5.4766     38.749          4 0.0000e+00
     39.000   0.529492     0.3699 5.2135e-02      1.005     9.2099  1004.5114     5.4771     39.769          4 0.0000e+00
     40.000   0.530139     0.4051 5.2072e-02      1.008     9.2084  1004.5183     5.4779     40.789          4 0.0000e+00
     41.000   0.530755     0.4350 5.2065e-02      1.015     9.2041  1004.5256     5.4792     41.808          4 0.0000e+00
     42.000   0.531385     0.4599 5.2094e-02      1.009     9.2047  1004.5335     5.4815     42.828          4 0.0000e+00
     43.000   0.531913     0.4746 5.2019e-02      1.018     9.2015  1004.5416     5.4846     43.848          3 0.0000e+00
     44.000   0.532280     0.4867 5.1984e-02      1.017     9.1872  1004.5484     5.4864     44.868          4 0.0000e+00
     45.000   0.532570     0.4988 5.2055e-02      1.007     9.1821  1004.5545     5.4873     45.887          5 0.0000e+00
     46.000   0.532694     0.5032 5.1971e-02      0.983     9.1840  1004.5601     5.4878     46.907          4 0.0000e+00
     47.000   0.532729     0.5037 5.1945e-02      0.975     9.1778  1004.5653     5.4880     47.927          4 0.0000e+00
     48.000   0.532858     0.5049 5.1927e-02      0.977     9.1791  1004.5712     5.4890     48.946          4 0.0000e+00
     49.000   0.533051     0.5056 5.1931e-02      0.991     9.1838  1004.5778     5.4909     49.966          4 0.0000e+00
     50.000   0.533131     0.5040 5.1937e-02      1.007     9.1840  1004.5836     5.4920     50.986          4 0.0000e+00
     51.000   0.533280     0.5073 5.1948e-02      1.008     9.1690  1004.5895     5.4929     52.006          4 0.0000e+00
     52.000   0.533707     0.5247 5.1979e-02      1.018     9.1407  1004.5963     5.4944     53.025          4 0.0000e+00
     53.000   0.534290     0.5497 5.1859e-02      1.017     9.1251  1004.6037     5.4962     54.045          4 0.0000e+00
     54.000   0.534854     0.5746 5.1880e-02      1.005     9.1126  1004.6109     5.4978     55.064          4 0.0000e+00
     55.000   0.535419     0.6001 5.1809e-02      0.982     9.1077  1004.6180     5.4994     56.084          4 0.0000e+00
     56.000   0.535873     0.6208 5.1885e-02      0.972     9.1044  1004.6246     5.5005     57.104          4 0.0000e+00
     57.000   0.536083     0.6317 5.1839e-02      0.968     9.1017  1004.6302     5.5008     58.124          4 0.0000e+00
     58.000   0.536187     0.6375 5.1855e-02      0.966     9.0919  1004.6354     5.5008     59.144          4 0.0000e+00
     59.000   0.536285     0.6430 5.1778e-02      0.976     9.1056  1004.6406     5.5007     60.163          4 0.0000e+00
     60.000   0.536476     0.6519 5.1661e-02      0.974     9.1033  1004.6462     5.5011     61.183          4 0.0000e+00
     61.000   0.537099     0.6782 5.1778e-02      0.957     9.0707  1004.6537     5.5031     62.203          5 0.0000e+00
     62.000   0.538544     0.7328 5.1711e-02      0.957     9.0460  1004.6652     5.5090     63.222          4 0.0000e+00
     63.000   0.539836     0.7817 5.1688e-02      0.963     9.0299  1004.6760     5.5143     64.242          4 0.0000e+00
     64.000   0.540696     0.8134 5.1779e-02      0.961     9.0222  1004.6849     5.5179     65.262          4 0.0000e+00
     65.000   0.541088     0.8283 5.1754e-02      0.955     9.0131  1004.6916     5.5194     66.282          4 0.0000e+00
     66.000   0.541409     0.8399 5.1710e-02      0.967     9.0105  1004.6979     5.5207     67.301          4 0.0000e+00
     67.000   0.541757     0.8526 5.1655e-02      0.964     9.0170  1004.7045     5.5221     68.321          4 0.0000e+00
     68.000   0.542046     0.8647 5.1605e-02      0.978     9.0093  1004.7106     5.5230     69.340          4 0.0000e+00
     69.000   0.542598     0.8869 5.1620e-02      0.988     8.9946  1004.7177     5.5249     70.360          5 0.0000e+00
     70.000   0.543651     0.9277 5.1515e-02      0.985     8.9819  1004.7272     5.5290     71.380          4 0.0000e+00
     71.000   0.544383     0.9599 5.1550e-02      0.975     8.9724  1004.7347     5.5311     72.400          4 0.0000e+00
     72.000   0.544791     0.9803 5.1576e-02      0.971     8.9646  1004.7408     5.5317     73.419          4 0.0000e+00
     73.000   0.545058     0.9939 5.1509e-02      0.979     8.9679  1004.7465     5.5321     74.439          4 0.0000e+00
     74.000   0.545279     1.0054 5.1504e-02      0.969     8.9696  1004.7519     5.5323     75.459          4 0.0000e+00
     75.000   0.545766     1.0275 5.1525e-02      0.979     8.9514  1004.7585     5.5335     76.479          4 0.0000e+00
     76.000   0.546673     1.0663 5.1561e-02      0.984     8.9337  1004.7667     5.5363     77.498          4 0.0000e+00
     77.000   0.547580     1.1055 5.1446e-02      0.971     8.9179  1004.7749     5.5390     78.518          4 0.0000e+00
     78.000   0.548256     1.1361 5.1516e-02      0.968     8.9074  1004.7820     5.5408     79.538          4 0.0000e+00
     79.000   0.548901     1.1644 5.1427e-02      0.977     8.9024  1004.7892     5.5425     80.557          5 0.0000e+00
     80.000   0.549420     1.1882 5.1479e-02      0.965     8.8931  1004.7957     5.5438     81.577          4 0.0000e+00
     81.000   0.549773     1.2053 5.1481e-02      0.966     8.8843  1004.8016     5.5445     82.597          4 0.0000e+00
     82.000   0.550031     1.2180 5.1423e-02      0.972     8.8778  1004.8072     5.5448     83.617          4 0.0000e+00
     83.000   0.550233     1.2260 5.1392e-02      0.960     8.8709  1004.8129     5.5455     84.637          4 0.0000e+00
     84.000   0.550272     1.2263 5.1320e-02      0.950     8.8770  1004.8181     5.5457     85.656          4 0.0000e+00
     85.000   0.550222     1.2232 5.1324e-02      0.959     8.9004  1004.8229     5.5456     86.676          5 0.0000e+00
     86.000   0.550172     1.2176 5.1408e-02      0.959     8.9013  1004.8280     5.5460     87.696          4 0.0000e+00
     87.000   0.550370     1.2186 5.1413e-02      0.969     8.8932  1004.8345     5.5478     88.715          4 0.0000e+00
     88.000   0.550955     1.2399 5.1296e-02      0.986     8.8915  1004.8419     5.5502     89.735          4 0.0000e+00
     89.000   0.551453     1.2552 5.1317e-02      0.999     8.8718  1004.8493     5.5527     90.755          4 0.0000e+00
     90.000   0.551544     1.2522 5.1173e-02      0.996     8.8635  1004.8553     5.5541     91.774          4 0.0000e+00
     91.000   0.551462     1.2429 5.1266e-02      0.979     8.9220  1004.8606     5.5548     92.794          4 0.0000e+00
     92.000   0.551391     1.2356 5.1133e-02      0.958     8.9060  1004.8657     5.5552     93.814          4 0.0000e+00
     93.000   0.551445     1.2367 5.1216e-02      0.938     8.8839  1004.8710     5.5555     94.834          5 0.0000e+00
     94.000   0.551573     1.2414 5.1167e-02      0.931     8.8960  1004.8764     5.5559     95.853          4 0.0000e+00
     95.000   0.551476     1.2338 5.1138e-02      0.925     8.9036  1004.8814     5.5562     96.873          4 0.0000e+00
     96.000   0.551333     1.2235 5.1119e-02      0.913     8.8900  1004.8863     5.5563     97.893          5 0.0000e+00
     97.000   0.551281     1.2183 5.1188e-02      0.918     8.9291  1004.8913     5.5566     98.913          4 0.0000e+00
     98.000   0.551370     1.2215 5.1111e-02      0.931     8.9084  1004.8966     5.5569     99.932          4 0.0000e+00
     99.000   0.551925     1.2477 5.1032e-02      0.930     8.8684  1004.9031     5.5581    100.952          5 0.0000e+00
    100.000   0.552503     1.2772 5.1017e-02      0.837     8.8609  1004.9094     5.5589    101.971          8 0.0000e+00
    101.000   0.552619     1.2875 4.9579e-02      0.100     8.8967  1004.9141     5.5582    102.990          1 0.0000e+00
