ctdpy/exports/archive_20191121_115250/received_data/f2_v03_18.cnv
* Sea-Bird SBE19plus Data File:
* FileName = C:\CTD\CTD 2018\v01_k03\F2_v03_18.hex
* Software Version 1.59
* Temperature SN =  4644
* Conductivity SN =  4644
* System UpLoad Time = Jan 17 2018 16:19:50
** F2/A1 k01 v3 2018
* ds
# nquan = 11
# nvalues = 98                          
# units = specified
# name 0 = prdM: Pressure, Strain Gauge [db]
# name 1 = c0S/m: Conductivity [S/m]
# name 2 = tv290C: Temperature [ITS-90, deg C]
# name 3 = par: PAR/Irradiance, Biospherical/Licor
# name 4 = dz/dtM: Descent Rate [m/s]
# name 5 = sbeox0ML/L: Oxygen, SBE 43 [ml/l]
# name 6 = density00: Density [density, kg/m^3]
# name 7 = sal00: Salinity, Practical [PSU]
# name 8 = depFM: Depth [fresh water, m], lat = 0
# name 9 = nbin: number of scans per bin
# name 10 = flag: flag
# span 0 =      1.000,     98.000       
# span 1 =   0.294046,   0.298583       
# span 2 =     1.0288,     1.3142       
# span 3 = 4.3617e-02, 1.3666e+00       
# span 4 =      0.178,      1.553       
# span 5 =     8.6984,     9.0999       
# span 6 =  1002.2377,  1002.7456       
# span 7 =     2.8672,     2.8838       
# span 8 =      1.020,     99.932       
# span 9 =          2,         11       
# span 10 = 0.0000e+00, 0.0000e+00      
# interval = decibars: 1                
# start_time = Jan 17 2018 15:52:27 [Instrument's time stamp, header]
# bad_flag = -9.990e-29
*END*
      1.000   0.294121     1.0513 1.3666e+00      0.242     8.8040  1002.2377     2.8672      1.020          2 0.0000e+00
      2.000   0.294583     1.0800 6.8092e-01      0.246     8.9088  1002.2455     2.8693      2.039          8 0.0000e+00
      3.000   0.294286     1.0542 2.4754e-01      1.030     8.8495  1002.2489     2.8685      3.059          5 0.0000e+00
      4.000   0.294173     1.0420 1.0057e-01      0.672     8.9696  1002.2534     2.8684      4.079          5 0.0000e+00
      5.000   0.294054     1.0340 8.5979e-02      0.751     9.0361  1002.2577     2.8679      5.099          4 0.0000e+00
      6.000   0.294046     1.0322 7.5491e-02      1.019     9.0639  1002.2626     2.8679      6.118          4 0.0000e+00
      7.000   0.294071     1.0326 6.1598e-02      1.007     9.0821  1002.2678     2.8681      7.138          4 0.0000e+00
      8.000   0.294074     1.0316 5.3191e-02      1.045     9.0561  1002.2728     2.8681      8.158          4 0.0000e+00
      9.000   0.294063     1.0296 4.7166e-02      1.156     9.0038  1002.2778     2.8681      9.177          4 0.0000e+00
     10.000   0.294075     1.0288 4.4410e-02      1.137     8.9960  1002.2829     2.8683     10.197          4 0.0000e+00
     11.000   0.294094     1.0289 4.3652e-02      0.925     9.0512  1002.2880     2.8684     11.217          4 0.0000e+00
     12.000   0.294112     1.0296 4.3617e-02      0.825     9.0820  1002.2931     2.8685     12.237          4 0.0000e+00
     13.000   0.294173     1.0330 4.3617e-02      1.021     9.0819  1002.2985     2.8687     13.256          3 0.0000e+00
     14.000   0.294267     1.0380 4.3617e-02      1.307     9.0494  1002.3040     2.8692     14.276          3 0.0000e+00
     15.000   0.294317     1.0409 4.3617e-02      1.342     9.0162  1002.3093     2.8694     15.295          4 0.0000e+00
     16.000   0.294333     1.0417 4.3617e-02      1.080     9.0353  1002.3144     2.8694     16.315          4 0.0000e+00
     17.000   0.294391     1.0453 4.3617e-02      0.871     9.0801  1002.3197     2.8696     17.335          4 0.0000e+00
     18.000   0.294453     1.0485 4.3617e-02      0.940     9.0929  1002.3251     2.8699     18.355          4 0.0000e+00
     19.000   0.294473     1.0496 4.3617e-02      1.074     9.0839  1002.3302     2.8699     19.375          3 0.0000e+00
     20.000   0.294493     1.0506 4.3617e-02      1.183     9.0319  1002.3353     2.8700     20.394          3 0.0000e+00
     21.000   0.294528     1.0522 4.3617e-02      1.273     8.9731  1002.3405     2.8702     21.414          4 0.0000e+00
     22.000   0.294538     1.0527 4.3617e-02      1.242     8.9512  1002.3455     2.8701     22.434          4 0.0000e+00
     23.000   0.294556     1.0540 4.3617e-02      0.993     8.9966  1002.3506     2.8701     23.453          4 0.0000e+00
     24.000   0.294593     1.0558 4.3617e-02      0.817     9.0834  1002.3558     2.8703     24.473          4 0.0000e+00
     25.000   0.294612     1.0566 4.3617e-02      0.983     9.0742  1002.3609     2.8704     25.493          3 0.0000e+00
     26.000   0.294616     1.0567 4.3617e-02      1.298     9.0356  1002.3659     2.8703     26.513          3 0.0000e+00
     27.000   0.294632     1.0575 4.3617e-02      1.396     9.0266  1002.3710     2.8703     27.532          4 0.0000e+00
     28.000   0.294653     1.0586 4.3617e-02      1.170     9.0095  1002.3761     2.8704     28.552          4 0.0000e+00
     29.000   0.294662     1.0589 4.3617e-02      0.937     9.0277  1002.3811     2.8704     29.572          4 0.0000e+00
     30.000   0.294671     1.0592 4.3617e-02      0.951     9.0567  1002.3862     2.8704     30.592          3 0.0000e+00
     31.000   0.294674     1.0590 4.3617e-02      1.116     9.0781  1002.3912     2.8704     31.611          4 0.0000e+00
     32.000   0.294668     1.0584 4.3617e-02      1.127     9.0818  1002.3961     2.8704     32.631          3 0.0000e+00
     33.000   0.294680     1.0591 4.3617e-02      1.063     9.0722  1002.4012     2.8704     33.651          4 0.0000e+00
     34.000   0.294744     1.0628 4.3617e-02      1.150     9.0444  1002.4065     2.8706     34.671          3 0.0000e+00
     35.000   0.294865     1.0689 4.3617e-02      1.277     8.9758  1002.4122     2.8713     35.690          4 0.0000e+00
     36.000   0.294937     1.0736 4.3617e-02      1.210     8.9419  1002.4176     2.8715     36.710          4 0.0000e+00
     37.000   0.295026     1.0781 4.3617e-02      0.946     9.0053  1002.4232     2.8719     37.730          4 0.0000e+00
     38.000   0.295052     1.0792 4.3617e-02      0.797     9.0746  1002.4284     2.8721     38.750          4 0.0000e+00
     39.000   0.295047     1.0791 4.3617e-02      0.925     9.0999  1002.4333     2.8719     39.769          3 0.0000e+00
     40.000   0.295062     1.0799 4.3617e-02      1.209     9.0746  1002.4383     2.8720     40.788          3 0.0000e+00
     41.000   0.295120     1.0829 4.3617e-02      1.488     8.9531  1002.4437     2.8723     41.808          3 0.0000e+00
     42.000   0.295194     1.0867 4.3617e-02      1.508     8.8310  1002.4491     2.8726     42.828          4 0.0000e+00
     43.000   0.295218     1.0881 4.3617e-02      0.987     8.8491  1002.4542     2.8727     43.848          5 0.0000e+00
     44.000   0.295215     1.0884 4.3617e-02      0.528     9.0084  1002.4591     2.8725     44.868          4 0.0000e+00
     45.000   0.295213     1.0885 4.3617e-02      0.771     9.0930  1002.4641     2.8724     45.887          3 0.0000e+00
     46.000   0.295223     1.0892 4.3617e-02      1.247     9.0892  1002.4691     2.8724     46.907          3 0.0000e+00
     47.000   0.295279     1.0925 4.3617e-02      1.553     9.0320  1002.4744     2.8726     47.927          3 0.0000e+00
     48.000   0.295384     1.0984 4.3617e-02      1.546     8.9451  1002.4800     2.8731     48.946          4 0.0000e+00
     49.000   0.295498     1.1053 4.3617e-02      1.271     8.9099  1002.4857     2.8736     49.966          4 0.0000e+00
     50.000   0.295672     1.1180 4.3617e-02      0.862     8.9772  1002.4916     2.8742     50.986          4 0.0000e+00
     51.000   0.296165     1.1457 4.3617e-02      0.694     9.0522  1002.4996     2.8766     52.006          4 0.0000e+00
     52.000   0.296531     1.1656 4.3617e-02      0.924     9.0724  1002.5068     2.8784     53.025          4 0.0000e+00
     53.000   0.296712     1.1769 4.3617e-02      1.205     9.0654  1002.5128     2.8792     54.045          3 0.0000e+00
     54.000   0.296843     1.1852 4.3617e-02      1.381     9.0419  1002.5185     2.8798     55.065          3 0.0000e+00
     55.000   0.296910     1.1905 4.3617e-02      1.352     8.9731  1002.5238     2.8799     56.084          4 0.0000e+00
     56.000   0.296935     1.1932 4.3617e-02      1.095     8.9769  1002.5289     2.8798     57.104          4 0.0000e+00
     57.000   0.296947     1.1954 4.3617e-02      0.823     9.0218  1002.5338     2.8797     58.124          4 0.0000e+00
     58.000   0.297008     1.1998 4.3617e-02      0.880     9.0339  1002.5391     2.8799     59.143          4 0.0000e+00
     59.000   0.297032     1.2017 4.3617e-02      1.066     9.0534  1002.5442     2.8798     60.163          4 0.0000e+00
     60.000   0.297067     1.2051 4.3617e-02      1.097     9.0473  1002.5493     2.8799     61.183          3 0.0000e+00
     61.000   0.297139     1.2100 4.3617e-02      1.094     8.9971  1002.5547     2.8801     62.203          4 0.0000e+00
     62.000   0.297208     1.2150 4.3617e-02      1.193     8.9827  1002.5600     2.8803     63.223          4 0.0000e+00
     63.000   0.297286     1.2210 4.3617e-02      1.158     8.9871  1002.5654     2.8805     64.242          4 0.0000e+00
     64.000   0.297370     1.2266 4.3617e-02      0.916     9.0022  1002.5708     2.8808     65.262          4 0.0000e+00
     65.000   0.297350     1.2259 4.3617e-02      0.837     9.0226  1002.5756     2.8806     66.281          4 0.0000e+00
     66.000   0.297303     1.2243 4.3617e-02      0.975     9.0888  1002.5802     2.8801     67.301          3 0.0000e+00
     67.000   0.297418     1.2317 4.3617e-02      1.149     9.0571  1002.5858     2.8806     68.321          4 0.0000e+00
     68.000   0.297621     1.2437 4.3617e-02      1.284     8.9461  1002.5920     2.8815     69.340          3 0.0000e+00
     69.000   0.297760     1.2525 4.3617e-02      1.288     8.9319  1002.5977     2.8820     70.360          4 0.0000e+00
     70.000   0.297789     1.2558 4.3617e-02      1.038     8.9644  1002.6028     2.8820     71.380          4 0.0000e+00
     71.000   0.297808     1.2584 4.3617e-02      0.758     9.0193  1002.6078     2.8819     72.400          4 0.0000e+00
     72.000   0.297885     1.2630 4.3617e-02      0.887     9.0309  1002.6132     2.8822     73.420          4 0.0000e+00
     73.000   0.297934     1.2663 4.3617e-02      1.186     9.0106  1002.6184     2.8823     74.439          3 0.0000e+00
     74.000   0.297957     1.2683 4.3617e-02      1.322     9.0032  1002.6235     2.8823     75.459          4 0.0000e+00
     75.000   0.297964     1.2692 4.3617e-02      1.219     8.9989  1002.6285     2.8823     76.479          3 0.0000e+00
     76.000   0.297983     1.2709 4.3617e-02      1.026     8.9970  1002.6335     2.8822     77.498          4 0.0000e+00
     77.000   0.298029     1.2740 4.3617e-02      0.995     8.9847  1002.6387     2.8824     78.518          4 0.0000e+00
     78.000   0.298065     1.2768 4.3617e-02      1.042     8.9878  1002.6438     2.8824     79.538          4 0.0000e+00
     79.000   0.298100     1.2798 4.3617e-02      0.985     9.0163  1002.6489     2.8824     80.558          4 0.0000e+00
     80.000   0.298206     1.2868 4.3617e-02      0.941     9.0409  1002.6545     2.8828     81.577          4 0.0000e+00
     81.000   0.298314     1.2936 4.3617e-02      1.066     9.0286  1002.6600     2.8832     82.597          3 0.0000e+00
     82.000   0.298390     1.2983 4.3617e-02      1.266     8.9967  1002.6654     2.8835     83.617          3 0.0000e+00
     83.000   0.298436     1.3018 4.3617e-02      1.354     8.9170  1002.6706     2.8836     84.637          4 0.0000e+00
     84.000   0.298491     1.3049 4.3617e-02      1.185     8.8729  1002.6759     2.8838     85.656          4 0.0000e+00
     85.000   0.298465     1.3039 4.3617e-02      0.771     8.9558  1002.6807     2.8836     86.676          5 0.0000e+00
     86.000   0.298451     1.3036 4.3617e-02      0.666     9.0393  1002.6855     2.8834     87.695          4 0.0000e+00
     87.000   0.298459     1.3042 4.3617e-02      1.005     9.0197  1002.6905     2.8834     88.716          3 0.0000e+00
     88.000   0.298477     1.3053 4.3617e-02      1.490     8.9008  1002.6956     2.8834     89.735          4 0.0000e+00
     89.000   0.298452     1.3054 4.3617e-02      1.034     8.7430  1002.7003     2.8831     90.755          8 0.0000e+00
     90.000   0.298425     1.3051 4.3617e-02      0.178     8.7828  1002.7050     2.8828     91.774         11 0.0000e+00
     91.000   0.298495     1.3085 4.3617e-02      0.567     8.9023  1002.7105     2.8831     92.794          4 0.0000e+00
     92.000   0.298541     1.3112 4.3617e-02      1.163     8.7733  1002.7157     2.8833     93.814          6 0.0000e+00
     93.000   0.298537     1.3116 4.3617e-02      0.269     8.7089  1002.7206     2.8832     94.833         10 0.0000e+00
     94.000   0.298533     1.3114 4.3617e-02      0.430     8.7761  1002.7255     2.8831     95.853          8 0.0000e+00
     95.000   0.298530     1.3111 4.3617e-02      0.248     8.8067  1002.7304     2.8830     96.873          7 0.0000e+00
     96.000   0.298542     1.3120 4.3617e-02      0.559     8.7097  1002.7354     2.8830     97.893         10 0.0000e+00
     97.000   0.298581     1.3142 4.3617e-02      0.181     8.7736  1002.7406     2.8831     98.913          8 0.0000e+00
     98.000   0.298583     1.3133 4.3617e-02      0.345     8.6984  1002.7456     2.8832     99.932          8 0.0000e+00
