ctdpy/exports/archive_20191121_115250/received_data/f33_v08_18.cnv
* Sea-Bird SBE19plus Data File:
* FileName = C:\CTD\CTD 2018\v08\F33_v08_18.hex
* Software Version 1.59
* Temperature SN =  4644
* Conductivity SN =  4644
* System UpLoad Time = Feb 20 2018 16:38:55
** F33_v08_18
* ds
# nquan = 11
# nvalues = 138                         
# units = specified
# name 0 = prdM: Pressure, Strain Gauge [db]
# name 1 = c0S/m: Conductivity [S/m]
# name 2 = tv290C: Temperature [ITS-90, deg C]
# name 3 = par: PAR/Irradiance, Biospherical/Licor
# name 4 = dz/dtM: Descent Rate [m/s]
# name 5 = sbeox0ML/L: Oxygen, SBE 43 [ml/l]
# name 6 = density00: Density [density, kg/m^3]
# name 7 = sal00: Salinity, Practical [PSU]
# name 8 = depFM: Depth [fresh water, m], lat = 0
# name 9 = nbin: number of scans per bin
# name 10 = flag: flag
# span 0 =      1.000,    138.000       
# span 1 =   0.475813,   0.709586       
# span 2 =     1.0747,     5.1220       
# span 3 = 5.7139e-02, 3.1182e+01       
# span 4 =      0.215,      1.222       
# span 5 =     7.1211,     9.1038       
# span 6 =  1003.7336,  1005.7596       
# span 7 =     4.7005,     6.4477       
# span 8 =      1.020,    140.721       
# span 9 =          2,          9       
# span 10 = 0.0000e+00, 0.0000e+00      
# interval = decibars: 1                
# start_time = Feb 20 2018 16:07:20 [Instrument's time stamp, header]
# bad_flag = -9.990e-29
*END*
      1.000   0.475813     1.6972 3.1182e+01      0.254     9.1038  1003.7336     4.7005      1.020          8 0.0000e+00
      2.000   0.532524     1.0747 1.4339e+01      0.307     9.0759  1004.2782     5.3878      2.039          8 0.0000e+00
      3.000   0.529031     1.1124 8.4555e+00      0.712     9.0909  1004.2500     5.3455      3.059          5 0.0000e+00
      4.000   0.528349     1.0921 5.5643e+00      0.806     9.0914  1004.2512     5.3415      4.079          5 0.0000e+00
      5.000   0.528405     1.0947 3.9303e+00      0.794     9.0932  1004.2563     5.3416      5.099          5 0.0000e+00
      6.000   0.528886     1.1084 2.8905e+00      0.844     9.0764  1004.2639     5.3443      6.118          5 0.0000e+00
      7.000   0.529537     1.1247 2.0803e+00      0.830     9.0790  1004.2727     5.3484      7.138          5 0.0000e+00
      8.000   0.529732     1.1293 1.4832e+00      0.821     9.0708  1004.2787     5.3496      8.158          4 0.0000e+00
      9.000   0.529735     1.1274 1.0565e+00      0.851     9.0741  1004.2839     5.3499      9.178          5 0.0000e+00
     10.000   0.529755     1.1264 7.8324e-01      0.886     9.0773  1004.2891     5.3502     10.197          5 0.0000e+00
     11.000   0.529728     1.1247 5.9878e-01      0.846     9.0807  1004.2940     5.3500     11.217          4 0.0000e+00
     12.000   0.529718     1.1234 4.5296e-01      0.829     9.0737  1004.2989     5.3501     12.237          5 0.0000e+00
     13.000   0.529720     1.1233 3.3830e-01      0.893     9.0642  1004.3039     5.3500     13.256          4 0.0000e+00
     14.000   0.529724     1.1230 2.6225e-01      0.931     9.0660  1004.3088     5.3500     14.276          5 0.0000e+00
     15.000   0.529740     1.1227 2.1035e-01      0.878     9.0747  1004.3139     5.3501     15.296          4 0.0000e+00
     16.000   0.529758     1.1225 1.7059e-01      0.866     9.0695  1004.3190     5.3502     16.315          5 0.0000e+00
     17.000   0.529811     1.1229 1.3966e-01      0.899     9.0792  1004.3243     5.3506     17.335          4 0.0000e+00
     18.000   0.530135     1.1317 1.1896e-01      0.914     9.0676  1004.3311     5.3525     18.355          5 0.0000e+00
     19.000   0.531256     1.1630 1.0331e-01      0.907     9.0562  1004.3422     5.3591     19.375          4 0.0000e+00
     20.000   0.532251     1.1940 9.2659e-02      0.919     9.0598  1004.3522     5.3643     20.394          5 0.0000e+00
     21.000   0.533057     1.2213 8.4917e-02      0.890     9.0776  1004.3610     5.3681     21.414          4 0.0000e+00
     22.000   0.534613     1.2810 7.8826e-02      0.896     8.9841  1004.3726     5.3745     22.434          4 0.0000e+00
     23.000   0.538686     1.4390 7.4332e-02      0.951     8.8711  1004.3942     5.3907     23.453          5 0.0000e+00
     24.000   0.541888     1.5647 7.1296e-02      0.933     8.8051  1004.4118     5.4030     24.473          4 0.0000e+00
     25.000   0.543432     1.6215 6.8924e-02      0.908     8.7818  1004.4231     5.4096     25.493          4 0.0000e+00
     26.000   0.544422     1.6501 6.7060e-02      0.949     8.7623  1004.4331     5.4150     26.513          4 0.0000e+00
     27.000   0.545055     1.6697 6.5683e-02      0.960     8.7472  1004.4410     5.4182     27.532          5 0.0000e+00
     28.000   0.545478     1.6849 6.4647e-02      0.923     8.7434  1004.4476     5.4200     28.552          4 0.0000e+00
     29.000   0.545674     1.6943 6.3827e-02      0.911     8.7456  1004.4531     5.4204     29.572          4 0.0000e+00
     30.000   0.545713     1.6982 6.3173e-02      0.954     8.7410  1004.4578     5.4200     30.591          4 0.0000e+00
     31.000   0.545696     1.7004 6.2723e-02      0.947     8.7389  1004.4622     5.4193     31.611          5 0.0000e+00
     32.000   0.545864     1.7066 6.2303e-02      0.899     8.7500  1004.4678     5.4199     32.631          4 0.0000e+00
     33.000   0.546515     1.7231 6.1974e-02      0.986     8.7291  1004.4762     5.4239     33.651          3 0.0000e+00
     34.000   0.547991     1.7639 6.1560e-02      1.130     8.6756  1004.4887     5.4324     34.670          4 0.0000e+00
     35.000   0.550087     1.8238 6.1441e-02      1.143     8.6437  1004.5040     5.4441     35.690          4 0.0000e+00
     36.000   0.551470     1.8650 6.1338e-02      1.091     8.6308  1004.5155     5.4515     36.710          3 0.0000e+00
     37.000   0.551964     1.8795 6.1113e-02      1.069     8.6185  1004.5227     5.4541     37.729          4 0.0000e+00
     38.000   0.552276     1.8884 6.0974e-02      1.120     8.6164  1004.5291     5.4557     38.749          3 0.0000e+00
     39.000   0.553093     1.9090 6.0944e-02      1.145     8.6190  1004.5383     5.4606     39.769          4 0.0000e+00
     40.000   0.554387     1.9388 6.0807e-02      1.070     8.6005  1004.5504     5.4690     40.789          4 0.0000e+00
     41.000   0.556060     1.9780 6.0690e-02      1.048     8.5692  1004.5645     5.4797     41.808          3 0.0000e+00
     42.000   0.558501     2.0360 6.0768e-02      1.136     8.5348  1004.5825     5.4952     42.828          4 0.0000e+00
     43.000   0.561034     2.0933 6.0659e-02      1.205     8.4935  1004.6013     5.5117     43.848          3 0.0000e+00
     44.000   0.563317     2.1428 6.0630e-02      1.150     8.5144  1004.6190     5.5270     44.867          4 0.0000e+00
     45.000   0.565653     2.1967 6.0635e-02      1.066     8.5133  1004.6364     5.5419     45.887          3 0.0000e+00
     46.000   0.569001     2.2756 6.0477e-02      1.096     8.4631  1004.6588     5.5630     46.907          4 0.0000e+00
     47.000   0.574676     2.4007 6.0540e-02      1.162     8.3607  1004.6942     5.6001     47.927          4 0.0000e+00
     48.000   0.581292     2.5416 6.0368e-02      1.133     8.2591  1004.7347     5.6439     48.946          3 0.0000e+00
     49.000   0.585870     2.6410 6.0456e-02      1.079     8.2545  1004.7636     5.6737     49.966          4 0.0000e+00
     50.000   0.588573     2.7000 6.0400e-02      1.090     8.2397  1004.7825     5.6911     50.986          3 0.0000e+00
     51.000   0.590854     2.7517 6.0325e-02      1.158     8.1941  1004.7987     5.7053     52.006          4 0.0000e+00
     52.000   0.595267     2.8433 6.0402e-02      1.204     8.1338  1004.8267     5.7344     53.025          3 0.0000e+00
     53.000   0.601163     2.9595 6.0253e-02      1.149     8.0709  1004.8629     5.7742     54.045          4 0.0000e+00
     54.000   0.606201     3.0607 6.0198e-02      1.073     8.0090  1004.8939     5.8075     55.065          3 0.0000e+00
     55.000   0.609725     3.1349 6.0274e-02      1.105     7.9751  1004.9163     5.8301     56.084          4 0.0000e+00
     56.000   0.612425     3.1931 6.0329e-02      1.206     7.9453  1004.9343     5.8470     57.104          3 0.0000e+00
     57.000   0.615329     3.2547 6.0185e-02      1.222     7.9352  1004.9532     5.8654     58.124          4 0.0000e+00
     58.000   0.620646     3.3613 6.0111e-02      1.125     7.8512  1004.9846     5.9001     59.144          3 0.0000e+00
     59.000   0.631859     3.5763 6.0088e-02      1.038     7.6423  1005.0458     5.9744     60.163          4 0.0000e+00
     60.000   0.650357     3.9159 6.0136e-02      1.057     7.5029  1005.1425     6.0978     61.183          4 0.0000e+00
     61.000   0.666378     4.2107 6.0053e-02      1.127     7.4364  1005.2242     6.2028     62.202          3 0.0000e+00
     62.000   0.673098     4.3525 6.0062e-02      1.142     7.3818  1005.2570     6.2428     63.222          4 0.0000e+00
     63.000   0.677070     4.4392 5.9965e-02      1.085     7.3512  1005.2775     6.2657     64.242          4 0.0000e+00
     64.000   0.681077     4.5185 5.9786e-02      1.025     7.3363  1005.2995     6.2903     65.262          3 0.0000e+00
     65.000   0.683189     4.5668 6.0016e-02      1.062     7.3154  1005.3120     6.3018     66.281          4 0.0000e+00
     66.000   0.685416     4.6148 5.9902e-02      1.160     7.2930  1005.3254     6.3146     67.301          3 0.0000e+00
     67.000   0.687828     4.6638 5.9982e-02      1.181     7.2780  1005.3401     6.3289     68.321          4 0.0000e+00
     68.000   0.689078     4.6927 5.9875e-02      1.083     7.2769  1005.3493     6.3356     69.341          4 0.0000e+00
     69.000   0.689382     4.7047 5.9784e-02      1.018     7.2842  1005.3542     6.3362     70.361          3 0.0000e+00
     70.000   0.689269     4.7086 5.9728e-02      1.084     7.2897  1005.3574     6.3342     71.380          4 0.0000e+00
     71.000   0.689116     4.7110 5.9763e-02      1.175     7.2967  1005.3605     6.3321     72.400          4 0.0000e+00
     72.000   0.689102     4.7152 5.9735e-02      1.161     7.2991  1005.3644     6.3310     73.420          3 0.0000e+00
     73.000   0.689267     4.7221 5.9664e-02      1.053     7.2941  1005.3691     6.3313     74.439          4 0.0000e+00
     74.000   0.689497     4.7295 5.9686e-02      1.031     7.2874  1005.3744     6.3320     75.459          4 0.0000e+00
     75.000   0.689783     4.7374 5.9736e-02      1.109     7.2878  1005.3799     6.3332     76.479          3 0.0000e+00
     76.000   0.690058     4.7446 5.9568e-02      1.170     7.2902  1005.3855     6.3344     77.498          4 0.0000e+00
     77.000   0.690051     4.7472 5.9735e-02      1.115     7.2939  1005.3897     6.3337     78.518          3 0.0000e+00
     78.000   0.689893     4.7470 5.9513e-02      1.034     7.2929  1005.3933     6.3321     79.538          4 0.0000e+00
     79.000   0.690119     4.7521 5.9431e-02      1.082     7.2785  1005.3989     6.3332     80.557          4 0.0000e+00
     80.000   0.690703     4.7621 5.9367e-02      1.159     7.2647  1005.4064     6.3369     81.577          3 0.0000e+00
     81.000   0.691044     4.7690 5.9477e-02      1.134     7.2588  1005.4125     6.3389     82.597          4 0.0000e+00
     82.000   0.691045     4.7707 5.9332e-02      1.044     7.2607  1005.4169     6.3385     83.617          4 0.0000e+00
     83.000   0.691083     4.7725 5.9367e-02      1.040     7.2580  1005.4217     6.3384     84.636          3 0.0000e+00
     84.000   0.691201     4.7760 5.9287e-02      1.139     7.2527  1005.4267     6.3388     85.656          4 0.0000e+00
     85.000   0.691720     4.7860 5.9340e-02      1.199     7.2436  1005.4336     6.3418     86.676          3 0.0000e+00
     86.000   0.692914     4.8081 5.9298e-02      1.131     7.2421  1005.4436     6.3492     87.696          4 0.0000e+00
     87.000   0.694964     4.8462 5.9260e-02      1.038     7.2352  1005.4572     6.3620     88.715          4 0.0000e+00
     88.000   0.696872     4.8817 5.9263e-02      1.045     7.2280  1005.4701     6.3737     89.735          3 0.0000e+00
     89.000   0.697567     4.8973 5.9097e-02      1.113     7.2298  1005.4772     6.3775     90.755          4 0.0000e+00
     90.000   0.697927     4.9055 5.9122e-02      1.122     7.2162  1005.4833     6.3793     91.775          4 0.0000e+00
     91.000   0.698724     4.9204 5.9154e-02      1.032     7.2136  1005.4914     6.3842     92.794          4 0.0000e+00
     92.000   0.699884     4.9410 5.9042e-02      0.969     7.1946  1005.5012     6.3915     93.814          4 0.0000e+00
     93.000   0.701433     4.9691 5.9148e-02      1.030     7.1768  1005.5127     6.4011     94.834          3 0.0000e+00
     94.000   0.703590     5.0058 5.8956e-02      1.140     7.1670  1005.5271     6.4150     95.853          4 0.0000e+00
     95.000   0.704765     5.0281 5.8933e-02      1.124     7.1617  1005.5367     6.4221     96.873          4 0.0000e+00
     96.000   0.705121     5.0364 5.8834e-02      1.011     7.1678  1005.5426     6.4239     97.893          4 0.0000e+00
     97.000   0.705255     5.0402 5.8900e-02      1.002     7.1631  1005.5477     6.4244     98.913          3 0.0000e+00
     98.000   0.705323     5.0426 5.9023e-02      1.113     7.1632  1005.5525     6.4245     99.932          4 0.0000e+00
     99.000   0.705386     5.0447 5.8897e-02      1.152     7.1665  1005.5574     6.4246    100.952          4 0.0000e+00
    100.000   0.705434     5.0464 5.8852e-02      1.053     7.1685  1005.5622     6.4246    101.972          4 0.0000e+00
    101.000   0.705441     5.0473 5.8837e-02      0.980     7.1713  1005.5668     6.4244    102.991          3 0.0000e+00
    102.000   0.705432     5.0479 5.8696e-02      1.055     7.1743  1005.5714     6.4241    104.011          4 0.0000e+00
    103.000   0.705468     5.0490 5.8744e-02      1.125     7.1710  1005.5762     6.4241    105.031          4 0.0000e+00
    104.000   0.705513     5.0503 5.8819e-02      1.091     7.1689  1005.5810     6.4242    106.051          4 0.0000e+00
    105.000   0.705559     5.0516 5.8725e-02      1.032     7.1716  1005.5859     6.4242    107.070          3 0.0000e+00
    106.000   0.705566     5.0522 5.8564e-02      1.034     7.1706  1005.5906     6.4241    108.090          4 0.0000e+00
    107.000   0.705549     5.0522 5.8630e-02      1.077     7.1718  1005.5952     6.4238    109.110          4 0.0000e+00
    108.000   0.705534     5.0522 5.8503e-02      1.100     7.1724  1005.5999     6.4235    110.129          4 0.0000e+00
    109.000   0.705536     5.0525 5.8502e-02      1.081     7.1730  1005.6046     6.4234    111.149          3 0.0000e+00
    110.000   0.705594     5.0538 5.8533e-02      1.042     7.1651  1005.6095     6.4236    112.169          4 0.0000e+00
    111.000   0.705840     5.0583 5.8531e-02      1.060     7.1649  1005.6154     6.4250    113.188          4 0.0000e+00
    112.000   0.706187     5.0642 5.8552e-02      1.082     7.1643  1005.6216     6.4272    114.208          4 0.0000e+00
    113.000   0.706570     5.0708 5.8404e-02      1.072     7.1613  1005.6281     6.4295    115.228          3 0.0000e+00
    114.000   0.706846     5.0758 5.8231e-02      1.047     7.1571  1005.6340     6.4311    116.248          4 0.0000e+00
    115.000   0.706964     5.0780 5.8415e-02      1.074     7.1576  1005.6393     6.4317    117.267          4 0.0000e+00
    116.000   0.707029     5.0793 5.8276e-02      1.083     7.1556  1005.6443     6.4320    118.287          4 0.0000e+00
    117.000   0.707088     5.0804 5.8327e-02      1.052     7.1524  1005.6493     6.4322    119.307          3 0.0000e+00
    118.000   0.707209     5.0819 5.8311e-02      1.054     7.1486  1005.6547     6.4331    120.327          4 0.0000e+00
    119.000   0.707339     5.0833 5.8276e-02      1.094     7.1481  1005.6602     6.4339    121.346          4 0.0000e+00
    120.000   0.707443     5.0848 5.8245e-02      1.098     7.1422  1005.6654     6.4345    122.366          3 0.0000e+00
    121.000   0.707652     5.0884 5.8147e-02      1.068     7.1385  1005.6711     6.4358    123.386          4 0.0000e+00
    122.000   0.708012     5.0948 5.8117e-02      1.042     7.1429  1005.6774     6.4380    124.405          4 0.0000e+00
    123.000   0.708821     5.1078 5.8044e-02      1.050     7.1331  1005.6858     6.4432    125.425          4 0.0000e+00
    124.000   0.709407     5.1173 5.8015e-02      1.076     7.1380  1005.6933     6.4470    126.445          5 0.0000e+00
    125.000   0.709535     5.1200 5.8089e-02      0.726     7.1396  1005.6985     6.4476    127.465          6 0.0000e+00
    126.000   0.709586     5.1213 5.7990e-02      0.741     7.1346  1005.7034     6.4477    128.484          7 0.0000e+00
    127.000   0.709539     5.1219 5.7809e-02      0.215     7.1352  1005.7077     6.4471    129.504          9 0.0000e+00
    128.000   0.709536     5.1220 5.7767e-02      0.552     7.1298  1005.7124     6.4469    130.524          6 0.0000e+00
    129.000   0.709536     5.1218 5.7673e-02      0.715     7.1211  1005.7172     6.4468    131.543          6 0.0000e+00
    130.000   0.709510     5.1216 5.7634e-02      0.630     7.1312  1005.7218     6.4465    132.563          8 0.0000e+00
    131.000   0.709475     5.1212 5.7553e-02      0.502     7.1361  1005.7263     6.4461    133.583          6 0.0000e+00
