ctdpy/exports/archive_20191121_115250/received_data/ga1_v28_18.cnv
* Sea-Bird SBE19plus Data File:
* FileName = C:\CTD\CTD 2018\v28\GA1_v28_18.hex
* Software Version 1.59
* Temperature SN =  4644
* Conductivity SN =  4644
* System UpLoad Time = Jul 09 2018 21:23:05
** GA1_v28_18
* ds
# nquan = 11
# nvalues = 83                          
# units = specified
# name 0 = prdM: Pressure, Strain Gauge [db]
# name 1 = c0S/m: Conductivity [S/m]
# name 2 = tv290C: Temperature [ITS-90, deg C]
# name 3 = par: PAR/Irradiance, Biospherical/Licor
# name 4 = dz/dtM: Descent Rate [m/s]
# name 5 = sbeox0ML/L: Oxygen, SBE 43 [ml/l]
# name 6 = density00: Density [density, kg/m^3]
# name 7 = sal00: Salinity, Practical [PSU]
# name 8 = depFM: Depth [fresh water, m], lat = 0
# name 9 = nbin: number of scans per bin
# name 10 = flag: flag
# span 0 =      1.000,     83.000       
# span 1 =   0.550849,   0.692977       
# span 2 =     2.1030,    13.1950       
# span 3 = 1.4999e-01, 4.1035e+01       
# span 4 =      0.047,      1.041       
# span 5 =     3.6763,     8.4070       
# span 6 =  1003.2484,  1005.1354       
# span 7 =     5.0026,     5.9397       
# span 8 =      1.020,     84.636       
# span 9 =          4,         12       
# span 10 = 0.0000e+00, 0.0000e+00      
# interval = decibars: 1                
# start_time = Jul 09 2018 21:07:04 [Instrument's time stamp, header]
# bad_flag = -9.990e-29
*END*
      1.000   0.691704    13.1671 4.1035e+01      0.047     8.3955  1003.2484     5.0201      1.020          9 0.0000e+00
      2.000   0.692977    13.1950 2.3745e+01      0.602     8.3393  1003.2539     5.0263      2.039          6 0.0000e+00
      3.000   0.685363    12.8039 1.4366e+01      0.813     8.3359  1003.3064     5.0182      3.059          4 0.0000e+00
      4.000   0.677732    12.4194 8.9857e+00      0.886     8.3879  1003.3554     5.0088      4.079          5 0.0000e+00
      5.000   0.673131    12.1492 5.7245e+00      0.896     8.3735  1003.3946     5.0080      5.099          4 0.0000e+00
      6.000   0.668001    11.8594 3.8776e+00      0.910     8.3918  1003.4341     5.0055      6.118          4 0.0000e+00
      7.000   0.664537    11.6473 2.7645e+00      0.966     8.3633  1003.4653     5.0059      7.138          4 0.0000e+00
      8.000   0.660747    11.4432 2.0036e+00      1.017     8.3426  1003.4920     5.0026      8.158          4 0.0000e+00
      9.000   0.660315    11.4147 1.5118e+00      1.028     8.3241  1003.5004     5.0028      9.177          4 0.0000e+00
     10.000   0.659909    11.3382 1.1396e+00      1.032     8.3693  1003.5196     5.0098     10.197          4 0.0000e+00
     11.000   0.654471    10.9722 8.6555e-01      1.005     8.4070  1003.5706     5.0148     11.217          4 0.0000e+00
     12.000   0.643603    10.3568 6.7810e-01      0.995     8.3750  1003.6384     5.0087     12.237          4 0.0000e+00
     13.000   0.637550     9.9770 5.2678e-01      1.025     8.3548  1003.6838     5.0102     13.256          4 0.0000e+00
     14.000   0.634630     9.7610 4.1533e-01      1.041     8.2742  1003.7141     5.0154     14.276          4 0.0000e+00
     15.000   0.631673     9.5448 3.4200e-01      1.023     8.2739  1003.7436     5.0202     15.296          4 0.0000e+00
     16.000   0.627252     9.2297 2.9134e-01      1.015     8.3162  1003.7827     5.0264     16.316          4 0.0000e+00
     17.000   0.619392     8.7226 2.5849e-01      0.953     8.3289  1003.8349     5.0298     17.335          5 0.0000e+00
     18.000   0.612972     8.2875 2.3495e-01      0.848     8.1589  1003.8798     5.0355     18.355          5 0.0000e+00
     19.000   0.608758     7.9477 2.1645e-01      0.828     8.0880  1003.9198     5.0469     19.375          4 0.0000e+00
     20.000   0.599030     7.2031 2.0151e-01      0.823     8.0006  1003.9923     5.0677     20.394          5 0.0000e+00
     21.000   0.583353     6.0221 1.9108e-01      0.823     8.0359  1004.0879     5.0985     21.414          5 0.0000e+00
     22.000   0.567913     4.7680 1.8327e-01      0.817     8.0801  1004.1765     5.1431     22.434          5 0.0000e+00
     23.000   0.556636     3.7304 1.7867e-01      0.817     8.0181  1004.2460     5.1955     23.454          5 0.0000e+00
     24.000   0.551491     3.1381 1.7462e-01      0.816     7.9459  1004.2917     5.2391     24.473          5 0.0000e+00
     25.000   0.550849     2.9022 1.7199e-01      0.819     7.8934  1004.3231     5.2710     25.493          5 0.0000e+00
     26.000   0.551878     2.8111 1.6945e-01      0.816     7.8903  1004.3484     5.2965     26.513          5 0.0000e+00
     27.000   0.553083     2.7445 1.6738e-01      0.798     7.8871  1004.3720     5.3198     27.532          5 0.0000e+00
     28.000   0.553229     2.6405 1.6555e-01      0.788     7.8859  1004.3918     5.3386     28.552          5 0.0000e+00
     29.000   0.553847     2.5766 1.6461e-01      0.781     7.8762  1004.4101     5.3555     29.572          5 0.0000e+00
     30.000   0.553861     2.4912 1.6352e-01      0.782     7.8376  1004.4263     5.3700     30.591          5 0.0000e+00
     31.000   0.555235     2.4509 1.6245e-01      0.788     7.8021  1004.4479     5.3910     31.611          5 0.0000e+00
     32.000   0.557298     2.3835 1.6154e-01      0.794     7.7532  1004.4787     5.4238     32.631          5 0.0000e+00
     33.000   0.558911     2.2832 1.6101e-01      0.795     7.6935  1004.5101     5.4577     33.651          5 0.0000e+00
     34.000   0.560203     2.1833 1.6010e-01      0.793     7.6475  1004.5388     5.4883     34.670          5 0.0000e+00
     35.000   0.561190     2.1187 1.5962e-01      0.791     7.6020  1004.5604     5.5098     35.690          5 0.0000e+00
     36.000   0.562886     2.1030 1.5905e-01      0.796     7.5196  1004.5816     5.5303     36.710          5 0.0000e+00
     37.000   0.565916     2.1171 1.5923e-01      0.802     7.3848  1004.6101     5.5595     37.729          5 0.0000e+00
     38.000   0.569455     2.1562 1.5867e-01      0.805     7.2312  1004.6397     5.5897     38.749          5 0.0000e+00
     39.000   0.572718     2.2044 1.5809e-01      0.802     7.1266  1004.6655     5.6153     39.769          5 0.0000e+00
     40.000   0.574238     2.2274 1.5771e-01      0.802     7.1178  1004.6801     5.6270     40.789          5 0.0000e+00
     41.000   0.574777     2.2336 1.5794e-01      0.788     7.1255  1004.6886     5.6314     41.808          5 0.0000e+00
     42.000   0.575607     2.2459 1.5756e-01      0.782     7.0966  1004.6988     5.6378     42.828          5 0.0000e+00
     43.000   0.576575     2.2642 1.5732e-01      0.802     7.0712  1004.7093     5.6446     43.848          5 0.0000e+00
     44.000   0.577203     2.2765 1.5659e-01      0.829     7.0553  1004.7177     5.6489     44.868          5 0.0000e+00
     45.000   0.577812     2.2896 1.5681e-01      0.822     7.0065  1004.7259     5.6528     45.887          5 0.0000e+00
     46.000   0.579186     2.3176 1.5647e-01      0.795     6.8363  1004.7385     5.6621     46.907          5 0.0000e+00
     47.000   0.582570     2.3881 1.5677e-01      0.802     6.6561  1004.7619     5.6847     47.926          5 0.0000e+00
     48.000   0.585769     2.4566 1.5595e-01      0.791     6.6091  1004.7839     5.7057     48.946          5 0.0000e+00
     49.000   0.587586     2.4972 1.5622e-01      0.809     6.5716  1004.7982     5.7173     49.966          5 0.0000e+00
     50.000   0.589834     2.5476 1.5618e-01      0.807     6.4202  1004.8146     5.7314     50.986          5 0.0000e+00
     51.000   0.594102     2.6361 1.5611e-01      0.804     6.2569  1004.8422     5.7597     52.006          5 0.0000e+00
     52.000   0.597115     2.6983 1.5586e-01      0.816     6.1780  1004.8631     5.7796     53.026          5 0.0000e+00
     53.000   0.597914     2.7184 1.5568e-01      0.812     6.0975  1004.8716     5.7841     54.045          5 0.0000e+00
     54.000   0.599469     2.7516 1.5518e-01      0.812     6.0236  1004.8845     5.7941     55.065          5 0.0000e+00
     55.000   0.601318     2.7921 1.5476e-01      0.812     5.9674  1004.8986     5.8058     56.085          5 0.0000e+00
     56.000   0.603486     2.8367 1.5500e-01      0.806     5.9245  1004.9148     5.8200     57.104          5 0.0000e+00
     57.000   0.605447     2.8759 1.5496e-01      0.796     5.8960  1004.9299     5.8330     58.124          5 0.0000e+00
     58.000   0.606782     2.9062 1.5459e-01      0.799     5.8464  1004.9412     5.8411     59.144          5 0.0000e+00
     59.000   0.608668     2.9471 1.5461e-01      0.808     5.7605  1004.9554     5.8530     60.163          5 0.0000e+00
     60.000   0.609991     2.9773 1.5398e-01      0.809     5.6988  1004.9665     5.8610     61.183          4 0.0000e+00
     61.000   0.610648     2.9913 1.5442e-01      0.838     5.6798  1004.9747     5.8650     62.203          5 0.0000e+00
     62.000   0.611082     3.0008 1.5355e-01      0.862     5.6915  1004.9816     5.8676     63.222          5 0.0000e+00
     63.000   0.612125     3.0203 1.5403e-01      0.858     5.7291  1004.9920     5.8747     64.242          4 0.0000e+00
     64.000   0.612713     3.0322 1.5387e-01      0.862     5.7672  1004.9999     5.8784     65.262          5 0.0000e+00
     65.000   0.612986     3.0389 1.5377e-01      0.866     5.7843  1005.0059     5.8799     66.281          5 0.0000e+00
     66.000   0.613286     3.0447 1.5311e-01      0.870     5.7932  1005.0123     5.8818     67.301          4 0.0000e+00
     67.000   0.613466     3.0486 1.5341e-01      0.893     5.7838  1005.0180     5.8828     68.321          4 0.0000e+00
     68.000   0.613526     3.0510 1.5351e-01      0.917     5.7568  1005.0230     5.8829     69.341          5 0.0000e+00
     69.000   0.613620     3.0544 1.5276e-01      0.910     5.7353  1005.0280     5.8831     70.361          4 0.0000e+00
     70.000   0.613889     3.0606 1.5272e-01      0.906     5.7205  1005.0342     5.8847     71.380          5 0.0000e+00
     71.000   0.614384     3.0702 1.5338e-01      0.921     5.6536  1005.0415     5.8878     72.400          4 0.0000e+00
     72.000   0.614890     3.0808 1.5310e-01      0.915     5.5943  1005.0489     5.8910     73.420          4 0.0000e+00
     73.000   0.615223     3.0883 1.5219e-01      0.912     5.6092  1005.0553     5.8929     74.439          5 0.0000e+00
     74.000   0.615655     3.0959 1.5218e-01      0.929     5.5660  1005.0625     5.8959     75.459          4 0.0000e+00
     75.000   0.616124     3.1061 1.5218e-01      0.931     5.3081  1005.0695     5.8987     76.479          4 0.0000e+00
     76.000   0.617180     3.1295 1.5253e-01      0.929     5.0566  1005.0794     5.9051     77.498          5 0.0000e+00
     77.000   0.618623     3.1576 1.5183e-01      0.932     4.8881  1005.0916     5.9146     78.518          4 0.0000e+00
     78.000   0.619701     3.1794 1.5160e-01      0.950     4.7185  1005.1019     5.9216     79.538          4 0.0000e+00
     79.000   0.621036     3.2053 1.5202e-01      0.947     4.5649  1005.1135     5.9303     80.558          4 0.0000e+00
     80.000   0.621980     3.2242 1.5180e-01      0.952     4.4800  1005.1231     5.9364     81.577          5 0.0000e+00
     81.000   0.622522     3.2365 1.5123e-01      0.615     4.4319  1005.1304     5.9395     82.597         11 0.0000e+00
     82.000   0.622665     3.2428 1.5071e-01      0.350     4.3435  1005.1354     5.9397     83.617         12 0.0000e+00
     83.000   0.617638     3.2479 1.4999e-01      0.084     3.6763  1005.0985     5.8874     84.636          5 0.0000e+00
