ctdpy/exports/archive_20191121_115250/received_data/ga1_v50_18.cnv
* Sea-Bird SBE19plus Data File:
* FileName = C:\CTD\SBE_19plus\Temp\GA1_v50_18.hex
* Software Version 1.59
* Temperature SN =  4644
* Conductivity SN =  4644
* System UpLoad Time = Dec 16 2018 21:36:40
** GA1 2018K25 v50
* ds
# nquan = 11
# nvalues = 82                          
# units = specified
# name 0 = prdM: Pressure, Strain Gauge [db]
# name 1 = c0S/m: Conductivity [S/m]
# name 2 = tv290C: Temperature [ITS-90, deg C]
# name 3 = par: PAR/Irradiance, Biospherical/Licor
# name 4 = dz/dtM: Descent Rate [m/s]
# name 5 = sbeox0ML/L: Oxygen, SBE 43 [ml/l]
# name 6 = density00: Density [density, kg/m^3]
# name 7 = sal00: Salinity, Practical [PSU]
# name 8 = depFM: Depth [fresh water, m], lat = 58
# name 9 = nbin: number of scans per bin
# name 10 = flag: flag
# span 0 =      1.000,     82.000       
# span 1 =   0.565290,   0.649711       
# span 2 =     3.7096,     4.6274       
# span 3 = 5.1731e-02, 1.6698e+00       
# span 4 =     -0.042,      0.739       
# span 5 =     4.5365,     8.0866       
# span 6 =  1004.1273,  1005.2726       
# span 7 =     5.1999,     6.1269       
# span 8 =      1.020,     83.617       
# span 9 =          5,         12       
# span 10 = 0.0000e+00, 0.0000e+00      
# interval = decibars: 1                
# start_time = Dec 10 2018 20:39:53 [Instrument's time stamp, header]
# bad_flag = -9.990e-29
*END*
      1.000   0.570228     4.5497 1.6698e+00     -0.042     8.0866  1004.1273     5.2017      1.020          5 0.0000e+00
      2.000   0.570560     4.5636 6.3193e-01      0.528     8.0828  1004.1326     5.2026      2.039          7 0.0000e+00
      3.000   0.571389     4.6274 4.0685e-01      0.678     8.0800  1004.1341     5.2006      3.059          6 0.0000e+00
      4.000   0.571189     4.6186 2.4346e-01      0.689     8.0793  1004.1387     5.1999      4.079          5 0.0000e+00
      5.000   0.570568     4.5776 1.3988e-01      0.689     8.0813  1004.1450     5.2002      5.099          6 0.0000e+00
      6.000   0.570074     4.5448 9.6092e-02      0.705     8.0744  1004.1509     5.2005      6.118          6 0.0000e+00
      7.000   0.569930     4.5289 7.6617e-02      0.704     8.0767  1004.1570     5.2015      7.138          6 0.0000e+00
      8.000   0.569649     4.5068 6.5874e-02      0.697     8.0810  1004.1630     5.2021      8.158          5 0.0000e+00
      9.000   0.569635     4.5035 6.0431e-02      0.707     8.0755  1004.1682     5.2024      9.177          6 0.0000e+00
     10.000   0.569744     4.5080 5.7583e-02      0.700     8.0835  1004.1732     5.2027     10.197          6 0.0000e+00
     11.000   0.569923     4.5277 5.5853e-02      0.682     8.0739  1004.1764     5.2012     11.217          6 0.0000e+00
     12.000   0.570046     4.5381 5.4680e-02      0.671     8.0668  1004.1806     5.2007     12.237          6 0.0000e+00
     13.000   0.569621     4.4938 5.4146e-02      0.690     8.0665  1004.1887     5.2034     13.256          5 0.0000e+00
     14.000   0.569181     4.4516 5.3669e-02      0.698     8.0679  1004.1965     5.2056     14.276          6 0.0000e+00
     15.000   0.569021     4.4220 5.3520e-02      0.700     8.0537  1004.2045     5.2087     15.296          6 0.0000e+00
     16.000   0.567611     4.3180 5.3440e-02      0.713     8.0664  1004.2139     5.2113     16.315          5 0.0000e+00
     17.000   0.565444     4.1765 5.3313e-02      0.701     8.0650  1004.2227     5.2123     17.335          6 0.0000e+00
     18.000   0.565290     4.1464 5.3245e-02      0.687     8.0633  1004.2307     5.2155     18.355          6 0.0000e+00
     19.000   0.565736     4.1413 5.3054e-02      0.675     8.0554  1004.2398     5.2206     19.375          6 0.0000e+00
     20.000   0.565856     4.1333 5.3094e-02      0.691     8.0572  1004.2468     5.2229     20.394          6 0.0000e+00
     21.000   0.565709     4.1181 5.3020e-02      0.702     8.0448  1004.2526     5.2238     21.414          5 0.0000e+00
     22.000   0.565842     4.1134 5.3043e-02      0.708     8.0430  1004.2592     5.2258     22.434          6 0.0000e+00
     23.000   0.566258     4.1149 5.3015e-02      0.717     8.0189  1004.2671     5.2296     23.453          5 0.0000e+00
     24.000   0.566738     4.1143 5.3104e-02      0.719     7.9871  1004.2758     5.2343     24.473          6 0.0000e+00
     25.000   0.567509     4.1156 5.2981e-02      0.710     7.9639  1004.2865     5.2416     25.493          6 0.0000e+00
     26.000   0.567982     4.1173 5.2904e-02      0.690     7.9519  1004.2947     5.2459     26.512          6 0.0000e+00
     27.000   0.568645     4.1254 5.2739e-02      0.695     7.8825  1004.3036     5.2511     27.532          5 0.0000e+00
     28.000   0.570671     4.1649 5.2940e-02      0.712     7.8589  1004.3184     5.2646     28.552          6 0.0000e+00
     29.000   0.572307     4.2007 5.2910e-02      0.714     7.8365  1004.3307     5.2749     29.572          6 0.0000e+00
     30.000   0.572752     4.2116 5.3044e-02      0.707     7.8451  1004.3374     5.2774     30.592          5 0.0000e+00
     31.000   0.572963     4.2190 5.2870e-02      0.692     7.8418  1004.3428     5.2783     31.611          6 0.0000e+00
     32.000   0.573268     4.2290 5.2903e-02      0.704     7.8326  1004.3485     5.2795     32.631          6 0.0000e+00
     33.000   0.573392     4.2239 5.2856e-02      0.720     7.8147  1004.3550     5.2815     33.650          5 0.0000e+00
     34.000   0.573690     4.2167 5.2791e-02      0.721     7.7776  1004.3632     5.2855     34.670          6 0.0000e+00
     35.000   0.574792     4.2192 5.2772e-02      0.717     7.7416  1004.3763     5.2959     35.690          5 0.0000e+00
     36.000   0.575972     4.2289 5.2831e-02      0.724     7.7261  1004.3889     5.3058     36.710          6 0.0000e+00
     37.000   0.576890     4.2401 5.2778e-02      0.739     7.7453  1004.3992     5.3129     37.729          5 0.0000e+00
     38.000   0.578227     4.2678 5.2816e-02      0.722     7.7511  1004.4103     5.3215     38.749          6 0.0000e+00
     39.000   0.580953     4.3232 5.2715e-02      0.694     7.7359  1004.4280     5.3393     39.769          6 0.0000e+00
     40.000   0.582198     4.3309 5.2741e-02      0.683     7.6827  1004.4413     5.3502     40.789          5 0.0000e+00
     41.000   0.583634     4.3059 5.2724e-02      0.687     7.6142  1004.4612     5.3683     41.809          6 0.0000e+00
     42.000   0.584772     4.2961 5.2643e-02      0.687     7.5836  1004.4764     5.3810     42.828          6 0.0000e+00
     43.000   0.585663     4.3018 5.2672e-02      0.706     7.5658  1004.4873     5.3887     43.848          6 0.0000e+00
     44.000   0.586527     4.3086 5.2705e-02      0.712     7.5487  1004.4978     5.3960     44.867          5 0.0000e+00
     45.000   0.587664     4.3159 5.2744e-02      0.692     7.5291  1004.5104     5.4059     45.887          6 0.0000e+00
     46.000   0.588756     4.3229 5.2485e-02      0.675     7.5069  1004.5226     5.4154     46.907          6 0.0000e+00
     47.000   0.589597     4.3236 5.2589e-02      0.664     7.4842  1004.5339     5.4235     47.927          6 0.0000e+00
     48.000   0.590046     4.3130 5.2603e-02      0.673     7.4632  1004.5439     5.4295     48.946          6 0.0000e+00
     49.000   0.590648     4.3077 5.2653e-02      0.689     7.4615  1004.5542     5.4362     49.966          6 0.0000e+00
     50.000   0.591474     4.3015 5.2509e-02      0.675     7.4504  1004.5665     5.4453     50.986          6 0.0000e+00
     51.000   0.591656     4.2931 5.2564e-02      0.669     7.4400  1004.5740     5.4484     52.006          6 0.0000e+00
     52.000   0.591909     4.2870 5.2485e-02      0.683     7.4258  1004.5817     5.4518     53.025          6 0.0000e+00
     53.000   0.592702     4.2869 5.2478e-02      0.669     7.3902  1004.5928     5.4595     54.045          6 0.0000e+00
     54.000   0.593379     4.2886 5.2481e-02      0.668     7.3631  1004.6026     5.4658     55.065          6 0.0000e+00
     55.000   0.594205     4.2864 5.2494e-02      0.685     7.2970  1004.6143     5.4742     56.084          5 0.0000e+00
     56.000   0.595596     4.2840 5.2282e-02      0.690     7.2411  1004.6303     5.4882     57.104          6 0.0000e+00
     57.000   0.596875     4.2753 5.2350e-02      0.679     7.2007  1004.6465     5.5022     58.124          6 0.0000e+00
     58.000   0.597982     4.2657 5.2397e-02      0.675     7.0971  1004.6615     5.5146     59.144          6 0.0000e+00
     59.000   0.600491     4.2291 5.2274e-02      0.676     6.9395  1004.6918     5.5455     60.163          6 0.0000e+00
     60.000   0.603040     4.1895 5.2256e-02      0.676     6.8040  1004.7229     5.5773     61.183          6 0.0000e+00
     61.000   0.604611     4.1634 5.2280e-02      0.671     6.7266  1004.7442     5.5972     62.203          6 0.0000e+00
     62.000   0.604937     4.1562 5.2225e-02      0.688     6.7133  1004.7527     5.6016     63.222          6 0.0000e+00
     63.000   0.605246     4.1514 5.2305e-02      0.690     6.6560  1004.7607     5.6053     64.242          6 0.0000e+00
     64.000   0.606268     4.1352 5.2336e-02      0.673     6.5742  1004.7762     5.6182     65.262          6 0.0000e+00
     65.000   0.608240     4.1102 5.2244e-02      0.663     6.5552  1004.8005     5.6419     66.282          6 0.0000e+00
     66.000   0.609852     4.0918 5.2112e-02      0.669     6.4785  1004.8210     5.6610     67.301          5 0.0000e+00
     67.000   0.612439     4.0579 5.2208e-02      0.683     6.2466  1004.8517     5.6925     68.321          6 0.0000e+00
     68.000   0.615862     3.9954 5.2096e-02      0.711     5.8921  1004.8936     5.7374     69.341          6 0.0000e+00
     69.000   0.622521     3.8990 5.2128e-02      0.706     5.5227  1004.9669     5.8209     70.360          6 0.0000e+00
     70.000   0.631932     3.7941 5.2148e-02      0.690     5.2201  1005.0639     5.9341     71.380          5 0.0000e+00
     71.000   0.639946     3.7302 5.2088e-02      0.680     5.0722  1005.1434     6.0265     72.400          6 0.0000e+00
     72.000   0.644293     3.7108 5.2007e-02      0.682     5.0532  1005.1864     6.0738     73.419          6 0.0000e+00
     73.000   0.645880     3.7096 5.2066e-02      0.669     5.0560  1005.2041     6.0899     74.439          6 0.0000e+00
     74.000   0.646864     3.7104 5.1988e-02      0.678     5.0587  1005.2167     6.0996     75.459          6 0.0000e+00
     75.000   0.647412     3.7114 5.1979e-02      0.687     5.0482  1005.2257     6.1049     76.479          6 0.0000e+00
     76.000   0.647933     3.7120 5.1937e-02      0.683     5.0187  1005.2346     6.1099     77.498          6 0.0000e+00
     77.000   0.648333     3.7132 5.1902e-02      0.665     4.9397  1005.2425     6.1136     78.518          6 0.0000e+00
     78.000   0.648731     3.7141 5.1906e-02      0.642     4.8682  1005.2503     6.1173     79.538          8 0.0000e+00
     79.000   0.648975     3.7160 5.1914e-02      0.407     4.8525  1005.2568     6.1193     80.558          8 0.0000e+00
     80.000   0.649434     3.7170 5.1801e-02      0.494     4.8364  1005.2651     6.1237     81.577          9 0.0000e+00
     81.000   0.649711     3.7143 5.1850e-02      0.253     4.6812  1005.2726     6.1269     82.597         12 0.0000e+00
     82.000   0.649045     3.7114 5.1731e-02      0.202     4.5365  1005.2725     6.1206     83.617          6 0.0000e+00
