ctdpy/exports/archive_20191121_115250/received_data/ga1_v33_18.cnv
* Sea-Bird SBE19plus Data File:
* FileName = C:\CTD\CTD 2018\v33\GA1_v33_08.hex
* Software Version 1.59
* Temperature SN =  4644
* Conductivity SN =  4644
* System UpLoad Time = Aug 13 2018 19:31:14
** K19 Ga1
* ds
# nquan = 11
# nvalues = 81                          
# units = specified
# name 0 = prdM: Pressure, Strain Gauge [db]
# name 1 = c0S/m: Conductivity [S/m]
# name 2 = tv290C: Temperature [ITS-90, deg C]
# name 3 = par: PAR/Irradiance, Biospherical/Licor
# name 4 = dz/dtM: Descent Rate [m/s]
# name 5 = sbeox0ML/L: Oxygen, SBE 43 [ml/l]
# name 6 = density00: Density [density, kg/m^3]
# name 7 = sal00: Salinity, Practical [PSU]
# name 8 = depFM: Depth [fresh water, m], lat = 0
# name 9 = nbin: number of scans per bin
# name 10 = flag: flag
# span 0 =      1.000,     81.000       
# span 1 =   0.563692,   0.628414       
# span 2 =     2.3769,     6.5565       
# span 3 = 8.8164e-02, 5.4004e+01       
# span 4 =      0.034,      1.201       
# span 5 =     5.3805,     7.3891       
# span 6 =  1004.1129,  1005.1671       
# span 7 =     5.2872,     5.9868       
# span 8 =      1.020,     82.597       
# span 9 =          3,          9       
# span 10 = 0.0000e+00, 0.0000e+00      
# interval = decibars: 1                
# start_time = Aug 13 2018 19:19:53 [Instrument's time stamp, header]
# bad_flag = -9.990e-29
*END*
      1.000   0.612212     6.5565 5.4004e+01      0.034     7.1380  1004.1129     5.2872      1.020          9 0.0000e+00
      2.000   0.607923     6.2935 3.2460e+01      0.598     7.2526  1004.1324     5.2880      2.039          4 0.0000e+00
      3.000   0.601503     5.8963 1.9221e+01      1.046     7.1932  1004.1580     5.2897      3.059          4 0.0000e+00
      4.000   0.599345     5.7364 1.2971e+01      1.114     7.3014  1004.1738     5.2944      4.079          4 0.0000e+00
      5.000   0.598144     5.5982 8.7222e+00      1.139     7.2415  1004.1927     5.3046      5.099          3 0.0000e+00
      6.000   0.594291     5.3533 5.9902e+00      1.152     7.1560  1004.2090     5.3065      6.118          3 0.0000e+00
      7.000   0.594972     5.3477 4.2690e+00      1.163     7.1934  1004.2198     5.3138      7.138          4 0.0000e+00
      8.000   0.590767     5.0397 3.0989e+00      1.172     7.3357  1004.2425     5.3224      8.158          3 0.0000e+00
      9.000   0.581014     4.3552 2.3007e+00      1.182     7.3891  1004.2788     5.3376      9.178          4 0.0000e+00
     10.000   0.571734     3.6558 1.7443e+00      1.183     7.3591  1004.3144     5.3598     10.197          3 0.0000e+00
     11.000   0.567023     3.2465 1.3565e+00      1.172     7.3268  1004.3398     5.3801     11.217          4 0.0000e+00
     12.000   0.565109     3.0261 1.0686e+00      1.156     7.3233  1004.3597     5.3975     12.237          3 0.0000e+00
     13.000   0.563967     2.8470 8.5234e-01      1.147     7.2848  1004.3797     5.4159     13.256          4 0.0000e+00
     14.000   0.563692     2.6952 6.8211e-01      1.154     7.2262  1004.4029     5.4387     14.276          3 0.0000e+00
     15.000   0.564892     2.6094 5.5031e-01      1.160     7.1900  1004.4292     5.4657     15.296          3 0.0000e+00
     16.000   0.566499     2.5440 4.5065e-01      1.168     7.1686  1004.4562     5.4935     16.315          4 0.0000e+00
     17.000   0.566998     2.4520 3.7146e-01      1.163     7.1538  1004.4775     5.5144     17.335          3 0.0000e+00
     18.000   0.567690     2.4037 3.0798e-01      1.153     7.1321  1004.4946     5.5300     18.355          4 0.0000e+00
     19.000   0.568973     2.3883 2.5830e-01      1.144     7.1086  1004.5122     5.5459     19.374          3 0.0000e+00
     20.000   0.570203     2.3810 2.1910e-01      1.154     7.0935  1004.5284     5.5599     20.394          4 0.0000e+00
     21.000   0.570905     2.3781 1.8929e-01      1.162     7.0794  1004.5395     5.5676     21.414          3 0.0000e+00
     22.000   0.571623     2.3769 1.6608e-01      1.159     7.0581  1004.5505     5.5752     22.434          4 0.0000e+00
     23.000   0.572739     2.3771 1.4791e-01      1.153     7.0246  1004.5647     5.5867     23.453          3 0.0000e+00
     24.000   0.574124     2.3805 1.3513e-01      1.160     6.9932  1004.5806     5.6005     24.473          4 0.0000e+00
     25.000   0.575762     2.3902 1.2474e-01      1.162     6.9667  1004.5979     5.6157     25.493          3 0.0000e+00
     26.000   0.577157     2.4001 1.1688e-01      1.154     6.9168  1004.6130     5.6284     26.513          3 0.0000e+00
     27.000   0.578436     2.4128 1.1113e-01      1.151     6.8749  1004.6268     5.6394     27.532          4 0.0000e+00
     28.000   0.580410     2.4353 1.0694e-01      1.155     6.8310  1004.6451     5.6559     28.552          3 0.0000e+00
     29.000   0.582493     2.4621 1.0289e-01      1.167     6.7724  1004.6636     5.6727     29.572          4 0.0000e+00
     30.000   0.584897     2.4937 9.9641e-02      1.173     6.7114  1004.6841     5.6919     30.592          3 0.0000e+00
     31.000   0.587563     2.5304 9.7774e-02      1.170     6.6431  1004.7060     5.7131     31.611          4 0.0000e+00
     32.000   0.589914     2.5682 9.6034e-02      1.161     6.5702  1004.7251     5.7306     32.631          3 0.0000e+00
     33.000   0.592654     2.6121 9.4694e-02      1.155     6.5113  1004.7464     5.7510     33.650          3 0.0000e+00
     34.000   0.594674     2.6458 9.3597e-02      1.177     6.4854  1004.7632     5.7658     34.670          4 0.0000e+00
     35.000   0.595589     2.6614 9.2450e-02      1.201     6.4817  1004.7734     5.7723     35.690          3 0.0000e+00
     36.000   0.596056     2.6690 9.1971e-02      1.184     6.4718  1004.7811     5.7757     36.710          4 0.0000e+00
     37.000   0.596583     2.6781 9.1367e-02      1.162     6.4555  1004.7890     5.7794     37.729          3 0.0000e+00
     38.000   0.597399     2.6925 9.1144e-02      1.151     6.4329  1004.7985     5.7852     38.749          4 0.0000e+00
     39.000   0.598378     2.7093 9.0561e-02      1.164     6.4001  1004.8090     5.7922     39.769          3 0.0000e+00
     40.000   0.599282     2.7262 9.0336e-02      1.163     6.3560  1004.8189     5.7983     40.789          3 0.0000e+00
     41.000   0.600298     2.7458 9.0274e-02      1.145     6.3231  1004.8292     5.8052     41.808          4 0.0000e+00
     42.000   0.601439     2.7686 9.0260e-02      1.147     6.2411  1004.8402     5.8127     42.828          3 0.0000e+00
     43.000   0.602664     2.7942 9.0143e-02      1.149     6.1123  1004.8513     5.8206     43.848          4 0.0000e+00
     44.000   0.605004     2.8412 8.9827e-02      1.142     5.9870  1004.8685     5.8361     44.867          4 0.0000e+00
     45.000   0.607623     2.8902 9.0093e-02      1.125     5.8878  1004.8877     5.8541     45.887          3 0.0000e+00
     46.000   0.609193     2.9231 8.9736e-02      1.124     5.7822  1004.9005     5.8642     46.907          4 0.0000e+00
     47.000   0.610647     2.9529 8.9529e-02      1.129     5.6625  1004.9128     5.8736     47.927          3 0.0000e+00
     48.000   0.612206     2.9851 8.9328e-02      1.131     5.5579  1004.9256     5.8837     48.946          4 0.0000e+00
     49.000   0.613651     3.0142 8.9623e-02      1.125     5.4811  1004.9378     5.8931     49.966          3 0.0000e+00
     50.000   0.614595     3.0344 8.9758e-02      1.106     5.4297  1004.9473     5.8989     50.986          4 0.0000e+00
     51.000   0.615232     3.0493 8.9127e-02      1.096     5.3853  1004.9551     5.9026     52.005          4 0.0000e+00
     52.000   0.616185     3.0690 8.9582e-02      1.097     5.3805  1004.9647     5.9087     53.025          3 0.0000e+00
     53.000   0.617056     3.0862 8.9313e-02      1.079     5.4359  1004.9740     5.9144     54.045          4 0.0000e+00
     54.000   0.617436     3.0939 8.9214e-02      1.055     5.5051  1004.9808     5.9167     55.065          4 0.0000e+00
     55.000   0.617633     3.0981 8.9314e-02      1.064     5.5365  1004.9866     5.9179     56.084          4 0.0000e+00
     56.000   0.617792     3.1020 8.9170e-02      1.078     5.5472  1004.9921     5.9187     57.104          3 0.0000e+00
     57.000   0.618006     3.1069 8.9260e-02      1.070     5.5440  1004.9979     5.9198     58.124          4 0.0000e+00
     58.000   0.618360     3.1144 8.9296e-02      1.075     5.5502  1005.0045     5.9220     59.144          4 0.0000e+00
     59.000   0.618982     3.1269 8.9235e-02      1.075     5.5329  1005.0125     5.9259     60.163          4 0.0000e+00
     60.000   0.619937     3.1450 8.9107e-02      1.071     5.4908  1005.0223     5.9323     61.183          3 0.0000e+00
     61.000   0.621144     3.1677 8.9175e-02      1.076     5.4836  1005.0335     5.9404     62.203          4 0.0000e+00
     62.000   0.621872     3.1816 8.8952e-02      1.082     5.5083  1005.0420     5.9451     63.223          4 0.0000e+00
     63.000   0.622315     3.1891 8.9135e-02      1.082     5.5209  1005.0493     5.9482     64.242          3 0.0000e+00
     64.000   0.622519     3.1932 8.8803e-02      1.080     5.5206  1005.0552     5.9494     65.262          4 0.0000e+00
     65.000   0.622607     3.1955 8.9122e-02      1.087     5.5187  1005.0604     5.9498     66.282          4 0.0000e+00
     66.000   0.622660     3.1971 8.9000e-02      1.083     5.5085  1005.0654     5.9499     67.301          3 0.0000e+00
     67.000   0.622739     3.1990 8.9049e-02      1.078     5.4958  1005.0705     5.9502     68.321          4 0.0000e+00
     68.000   0.622902     3.2026 8.8853e-02      1.100     5.4953  1005.0761     5.9511     69.341          4 0.0000e+00
     69.000   0.623260     3.2098 8.8787e-02      1.120     5.5143  1005.0827     5.9534     70.361          3 0.0000e+00
     70.000   0.624111     3.2254 8.9082e-02      1.128     5.5520  1005.0920     5.9591     71.380          4 0.0000e+00
     71.000   0.625634     3.2504 8.8791e-02      1.129     5.5729  1005.1053     5.9699     72.400          3 0.0000e+00
     72.000   0.626557     3.2665 8.9074e-02      1.123     5.5806  1005.1151     5.9762     73.420          4 0.0000e+00
     73.000   0.626954     3.2742 8.8926e-02      1.109     5.5829  1005.1220     5.9788     74.439          4 0.0000e+00
     74.000   0.627201     3.2792 8.8588e-02      1.094     5.5871  1005.1280     5.9802     75.459          3 0.0000e+00
     75.000   0.627376     3.2826 8.8755e-02      1.111     5.5877  1005.1337     5.9813     76.479          4 0.0000e+00
     76.000   0.627534     3.2858 8.8764e-02      1.137     5.5805  1005.1393     5.9822     77.498          3 0.0000e+00
     77.000   0.627840     3.2915 8.8844e-02      1.136     5.5820  1005.1457     5.9841     78.518          4 0.0000e+00
     78.000   0.628137     3.2970 8.8859e-02      1.140     5.5827  1005.1521     5.9861     79.538          3 0.0000e+00
     79.000   0.628260     3.2998 8.8599e-02      1.142     5.5754  1005.1574     5.9867     80.558          4 0.0000e+00
     80.000   0.628327     3.3020 8.8834e-02      1.077     5.5725  1005.1625     5.9868     81.577          7 0.0000e+00
     81.000   0.628414     3.3073 8.8164e-02      0.059     5.5656  1005.1671     5.9867     82.597          4 0.0000e+00
