ctdpy/exports/archive_20191121_115250/received_data/ga1_v20_18.cnv
* Sea-Bird SBE19plus Data File:
* FileName = C:\CTD\CTD 2018\v20\GA1_v20_18.hex
* Software Version 1.59
* Temperature SN =  7668
* Conductivity SN =  7668
* System UpLoad Time = May 14 2018 21:36:14
** GA1_v20_18
* ds
# nquan = 10
# nvalues = 82                          
# units = specified
# name 0 = prdM: Pressure, Strain Gauge [db]
# name 1 = c0S/m: Conductivity [S/m]
# name 2 = tv290C: Temperature [ITS-90, deg C]
# name 3 = par: PAR/Irradiance, Biospherical/Licor
# name 4 = dz/dtM: Descent Rate [m/s]
# name 5 = density00: Density [density, kg/m^3]
# name 6 = sal00: Salinity, Practical [PSU]
# name 7 = depFM: Depth [fresh water, m], lat = 0
# name 8 = nbin: number of scans per bin
# name 9 = flag: flag
# span 0 =      1.000,     82.000       
# span 1 =   0.513758,   0.621350       
# span 2 =     1.0864,     7.3495       
# span 3 = 1.0000e-12, 1.3602e+01       
# span 4 =      0.154,      1.225       
# span 5 =  1003.2903,  1005.1252       
# span 6 =     4.3026,     5.9336       
# span 7 =      1.020,     83.617       
# span 8 =          3,         14       
# span 9 = 0.0000e+00, 0.0000e+00       
# interval = decibars: 1                
# start_time = May 14 2018 21:19:38 [Instrument's time stamp, header]
# bad_flag = -9.990e-29
*END*
      1.000   0.515876     7.3495 1.3602e+01      0.154  1003.2903     4.3026      1.020          9 0.0000e+00
      2.000   0.515736     7.3251 6.4279e+00      0.732  1003.2980     4.3043      2.039          5 0.0000e+00
      3.000   0.515739     7.2931 3.1498e+00      1.052  1003.3080     4.3083      3.059          3 0.0000e+00
      4.000   0.516019     7.2826 1.6423e+00      1.104  1003.3164     4.3120      4.079          4 0.0000e+00
      5.000   0.516310     7.2796 8.6622e-01      1.136  1003.3236     4.3149      5.099          4 0.0000e+00
      6.000   0.516660     7.2731 4.6290e-01      1.137  1003.3319     4.3188      6.118          3 0.0000e+00
      7.000   0.516741     7.2385 2.4711e-01      1.132  1003.3428     4.3237      7.138          4 0.0000e+00
      8.000   0.517017     7.1811 1.1061e-01      1.148  1003.3587     4.3333      8.158          3 0.0000e+00
      9.000   0.517589     7.1220 2.9860e-02      1.154  1003.3770     4.3457      9.177          3 0.0000e+00
     10.000   0.519071     7.0418 1.5165e-03      1.159  1003.4051     4.3691     10.197          4 0.0000e+00
     11.000   0.520192     6.9742 4.4121e-05      1.188  1003.4285     4.3877     11.217          3 0.0000e+00
     12.000   0.520800     6.8718 1.0000e-12      1.225  1003.4539     4.4062     12.237          3 0.0000e+00
     13.000   0.523157     6.6254 1.0000e-12      1.217  1003.5144     4.4593     13.256          4 0.0000e+00
     14.000   0.525696     6.4005 1.0000e-12      1.187  1003.5726     4.5119     14.276          3 0.0000e+00
     15.000   0.528827     6.1524 1.0000e-12      1.177  1003.6386     4.5738     15.296          4 0.0000e+00
     16.000   0.531111     5.8960 1.0000e-12      1.183  1003.6995     4.6296     16.315          3 0.0000e+00
     17.000   0.532098     5.7148 1.0000e-12      1.188  1003.7391     4.6637     17.335          3 0.0000e+00
     18.000   0.534008     5.6247 1.0000e-12      1.179  1003.7717     4.6940     18.355          4 0.0000e+00
     19.000   0.535559     5.5657 1.0000e-12      1.179  1003.7969     4.7167     19.375          3 0.0000e+00
     20.000   0.536571     5.5057 1.0000e-12      1.189  1003.8183     4.7346     20.394          3 0.0000e+00
     21.000   0.536323     5.3842 1.0000e-12      1.195  1003.8395     4.7494     21.414          4 0.0000e+00
     22.000   0.534349     5.1238 1.0000e-12      1.198  1003.8681     4.7676     22.434          3 0.0000e+00
     23.000   0.530842     4.6895 1.0000e-12      1.200  1003.9091     4.7963     23.454          3 0.0000e+00
     24.000   0.525513     4.1151 1.0000e-12      1.192  1003.9526     4.8283     24.473          4 0.0000e+00
     25.000   0.520304     3.5485 1.0000e-12      1.168  1003.9917     4.8608     25.493          3 0.0000e+00
     26.000   0.516618     3.1059 1.0000e-12      1.156  1004.0234     4.8905     26.513          4 0.0000e+00
     27.000   0.514624     2.8095 1.0000e-12      1.151  1004.0487     4.9154     27.532          3 0.0000e+00
     28.000   0.514039     2.6431 1.0000e-12      1.148  1004.0689     4.9350     28.552          4 0.0000e+00
     29.000   0.513819     2.5157 1.0000e-12      1.139  1004.0871     4.9524     29.572          3 0.0000e+00
     30.000   0.514206     2.4421 1.0000e-12      1.126  1004.1040     4.9678     30.591          4 0.0000e+00
     31.000   0.514446     2.3384 1.0000e-12      1.120  1004.1230     4.9864     31.611          4 0.0000e+00
     32.000   0.514169     2.1530 1.0000e-12      1.119  1004.1472     5.0128     32.631          3 0.0000e+00
     33.000   0.513884     1.9509 1.0000e-12      1.121  1004.1730     5.0419     33.651          4 0.0000e+00
     34.000   0.513758     1.7661 1.0000e-12      1.122  1004.1978     5.0702     34.670          3 0.0000e+00
     35.000   0.513886     1.6176 1.0000e-12      1.122  1004.2204     5.0955     35.690          4 0.0000e+00
     36.000   0.514237     1.4853 1.0000e-12      1.120  1004.2430     5.1207     36.710          3 0.0000e+00
     37.000   0.515187     1.3421 1.0000e-12      1.112  1004.2717     5.1544     37.730          4 0.0000e+00
     38.000   0.517319     1.1971 1.0000e-12      1.109  1004.3108     5.2013     38.749          4 0.0000e+00
     39.000   0.519826     1.1117 1.0000e-12      1.111  1004.3467     5.2425     39.769          3 0.0000e+00
     40.000   0.522105     1.0864 1.0000e-12      1.113  1004.3742     5.2712     40.788          4 0.0000e+00
     41.000   0.524635     1.1000 1.0000e-12      1.111  1004.3996     5.2961     41.808          3 0.0000e+00
     42.000   0.527354     1.1454 1.0000e-12      1.113  1004.4230     5.3175     42.828          4 0.0000e+00
     43.000   0.531042     1.2188 1.0000e-12      1.114  1004.4516     5.3445     43.848          4 0.0000e+00
     44.000   0.534383     1.2937 1.0000e-12      1.106  1004.4769     5.3674     44.868          3 0.0000e+00
     45.000   0.537020     1.3602 1.0000e-12      1.088  1004.4968     5.3841     45.887          4 0.0000e+00
     46.000   0.540734     1.4515 1.0000e-12      1.056  1004.5229     5.4079     46.907          4 0.0000e+00
     47.000   0.544114     1.5378 1.0000e-12      1.046  1004.5465     5.4289     47.927          4 0.0000e+00
     48.000   0.545940     1.5896 1.0000e-12      1.061  1004.5608     5.4393     48.946          3 0.0000e+00
     49.000   0.547483     1.6300 1.0000e-12      1.097  1004.5740     5.4486     49.966          4 0.0000e+00
     50.000   0.548584     1.6597 1.0000e-12      1.105  1004.5846     5.4550     50.986          4 0.0000e+00
     51.000   0.549786     1.6914 1.0000e-12      1.081  1004.5959     5.4622     52.006          3 0.0000e+00
     52.000   0.551729     1.7434 1.0000e-12      1.067  1004.6109     5.4736     53.025          4 0.0000e+00
     53.000   0.554705     1.8196 1.0000e-12      1.074  1004.6315     5.4917     54.045          4 0.0000e+00
     54.000   0.557256     1.8841 1.0000e-12      1.079  1004.6499     5.5073     55.065          4 0.0000e+00
     55.000   0.558617     1.9238 1.0000e-12      1.078  1004.6612     5.5146     56.084          3 0.0000e+00
     56.000   0.559629     1.9507 1.0000e-12      1.076  1004.6712     5.5205     57.104          4 0.0000e+00
     57.000   0.561738     2.0005 1.0000e-12      1.073  1004.6875     5.5339     58.124          4 0.0000e+00
     58.000   0.564338     2.0664 1.0000e-12      1.072  1004.7057     5.5496     59.144          3 0.0000e+00
     59.000   0.565838     2.1093 1.0000e-12      1.072  1004.7176     5.5577     60.163          4 0.0000e+00
     60.000   0.567232     2.1435 1.0000e-12      1.074  1004.7296     5.5662     61.183          4 0.0000e+00
     61.000   0.569671     2.1930 1.0000e-12      1.079  1004.7484     5.5829     62.203          4 0.0000e+00
     62.000   0.572120     2.2458 1.0000e-12      1.082  1004.7667     5.5992     63.222          3 0.0000e+00
     63.000   0.575459     2.3169 1.0000e-12      1.084  1004.7899     5.6214     64.242          4 0.0000e+00
     64.000   0.579040     2.3917 1.0000e-12      1.088  1004.8144     5.6454     65.262          4 0.0000e+00
     65.000   0.581486     2.4456 1.0000e-12      1.088  1004.8322     5.6612     66.282          3 0.0000e+00
     66.000   0.583028     2.4817 1.0000e-12      1.095  1004.8449     5.6707     67.301          4 0.0000e+00
     67.000   0.584869     2.5229 1.0000e-12      1.113  1004.8593     5.6824     68.321          3 0.0000e+00
     68.000   0.587612     2.5779 1.0000e-12      1.118  1004.8791     5.7010     69.341          4 0.0000e+00
     69.000   0.589739     2.6215 1.0000e-12      1.119  1004.8954     5.7151     70.360          4 0.0000e+00
     70.000   0.592738     2.6779 1.0000e-12      1.118  1004.9170     5.7360     71.380          3 0.0000e+00
     71.000   0.598135     2.7721 1.0000e-12      1.130  1004.9527     5.7747     72.400          4 0.0000e+00
     72.000   0.604566     2.8834 1.0000e-12      1.155  1004.9940     5.8208     73.419          3 0.0000e+00
     73.000   0.611783     3.0064 1.0000e-12      1.150  1005.0396     5.8726     74.439          4 0.0000e+00
     74.000   0.617625     3.1093 1.0000e-12      1.137  1005.0765     5.9136     75.459          3 0.0000e+00
     75.000   0.619581     3.1536 1.0000e-12      1.151  1005.0904     5.9254     76.479          4 0.0000e+00
     76.000   0.620116     3.1698 1.0000e-12      1.067  1005.0971     5.9278     77.498          4 0.0000e+00
     77.000   0.620422     3.1790 1.0000e-12      0.788  1005.1030     5.9291     78.518          4 0.0000e+00
     78.000   0.620741     3.1878 1.0000e-12      1.050  1005.1090     5.9306     79.538          4 0.0000e+00
     79.000   0.621284     3.2012 1.0000e-12      1.099  1005.1162     5.9336     80.558          6 0.0000e+00
     80.000   0.621350     3.2085 1.0000e-12      0.440  1005.1204     5.9329     81.577          9 0.0000e+00
     81.000   0.621133     3.2108 1.0000e-12      0.332  1005.1231     5.9301     82.597         14 0.0000e+00
     82.000   0.620823     3.2124 1.0000e-12      0.295  1005.1252     5.9265     83.617         12 0.0000e+00
