ctdpy/exports/archive_20191121_115250/received_data/ga1_v24_18.cnv
* Sea-Bird SBE19plus Data File:
* FileName = C:\CTD\CTD 2018\v24\GA1_v24_18.hex
* Software Version 1.59
* Temperature SN =  4644
* Conductivity SN =  4644
* System UpLoad Time = Jun 11 2018 21:02:16
** GA1 2018K13 v24
* ds
# nquan = 11
# nvalues = 82                          
# units = specified
# name 0 = prdM: Pressure, Strain Gauge [db]
# name 1 = c0S/m: Conductivity [S/m]
# name 2 = tv290C: Temperature [ITS-90, deg C]
# name 3 = par: PAR/Irradiance, Biospherical/Licor
# name 4 = dz/dtM: Descent Rate [m/s]
# name 5 = sbeox0ML/L: Oxygen, SBE 43 [ml/l]
# name 6 = density00: Density [density, kg/m^3]
# name 7 = sal00: Salinity, Practical [PSU]
# name 8 = depFM: Depth [fresh water, m], lat = 0
# name 9 = nbin: number of scans per bin
# name 10 = flag: flag
# span 0 =      1.000,     82.000       
# span 1 =   0.534213,   0.624194       
# span 2 =     1.7080,     7.3484       
# span 3 = 1.0553e-01, 1.1025e+02       
# span 4 =      0.116,      0.975       
# span 5 =     5.5917,     8.9076       
# span 6 =  1003.6822,  1005.1400       
# span 7 =     4.8009,     5.9462       
# span 8 =      1.020,     83.617       
# span 9 =          4,         12       
# span 10 = 0.0000e+00, 0.0000e+00      
# interval = decibars: 1                
# start_time = Jun 11 2018 20:37:03 [Instrument's time stamp, header]
# bad_flag = -9.990e-29
*END*
      1.000   0.571566     7.3484 1.1025e+02      0.252     8.3153  1003.6822     4.8009      1.020         12 0.0000e+00
      2.000   0.569358     7.1333 6.2245e+01      0.414     8.2025  1003.7085     4.8108      2.039          9 0.0000e+00
      3.000   0.567334     7.0017 3.1115e+01      0.503     8.3202  1003.7214     4.8107      3.059          7 0.0000e+00
      4.000   0.565027     6.7087 1.7321e+01      0.552     8.3270  1003.7590     4.8307      4.079          8 0.0000e+00
      5.000   0.562753     6.4267 1.1463e+01      0.545     8.2658  1003.7941     4.8496      5.099          7 0.0000e+00
      6.000   0.559159     5.9247 7.6309e+00      0.539     8.6135  1003.8538     4.8881      6.118          7 0.0000e+00
      7.000   0.551903     5.2332 4.9495e+00      0.599     8.9076  1003.9120     4.9203      7.138          5 0.0000e+00
      8.000   0.546750     4.6378 3.2809e+00      0.890     8.7621  1003.9664     4.9592      8.158          4 0.0000e+00
      9.000   0.543263     4.0688 2.3206e+00      0.975     8.6600  1004.0256     5.0112      9.178          5 0.0000e+00
     10.000   0.539210     3.4757 1.7551e+00      0.712     8.6214  1004.0794     5.0626     10.197          6 0.0000e+00
     11.000   0.535994     2.9711 1.2866e+00      0.766     8.5861  1004.1247     5.1096     11.217          5 0.0000e+00
     12.000   0.534776     2.6493 9.6029e-01      0.784     8.5277  1004.1607     5.1486     12.237          5 0.0000e+00
     13.000   0.534213     2.3985 7.3387e-01      0.773     8.5097  1004.1922     5.1834     13.256          5 0.0000e+00
     14.000   0.534396     2.1924 5.7257e-01      0.750     8.5158  1004.2239     5.2191     14.276          6 0.0000e+00
     15.000   0.534613     1.9846 4.5498e-01      0.747     8.4445  1004.2557     5.2557     15.296          5 0.0000e+00
     16.000   0.535425     1.8595 3.6854e-01      0.762     8.3699  1004.2825     5.2851     16.316          5 0.0000e+00
     17.000   0.537809     1.8497 3.0600e-01      0.751     8.3420  1004.3088     5.3118     17.335          5 0.0000e+00
     18.000   0.539981     1.8589 2.5937e-01      0.770     8.2682  1004.3309     5.3331     18.355          6 0.0000e+00
     19.000   0.540485     1.7783 2.2491e-01      0.763     8.2535  1004.3498     5.3520     19.375          5 0.0000e+00
     20.000   0.541306     1.7080 1.9855e-01      0.755     8.1621  1004.3702     5.3726     20.394          5 0.0000e+00
     21.000   0.544696     1.7302 1.7951e-01      0.747     8.0895  1004.4013     5.4047     21.414          6 0.0000e+00
     22.000   0.547161     1.7319 1.6647e-01      0.655     8.1028  1004.4269     5.4304     22.434          5 0.0000e+00
     23.000   0.548352     1.7402 1.5325e-01      0.798     8.0542  1004.4410     5.4415     23.453          5 0.0000e+00
     24.000   0.549958     1.7388 1.4540e-01      0.749     7.9765  1004.4597     5.4587     24.473          6 0.0000e+00
     25.000   0.550952     1.7535 1.3857e-01      0.797     7.9125  1004.4713     5.4665     25.493          5 0.0000e+00
     26.000   0.551560     1.7567 1.3313e-01      0.809     7.8798  1004.4809     5.4723     26.512          5 0.0000e+00
     27.000   0.552375     1.7653 1.2898e-01      0.801     7.8248  1004.4917     5.4794     27.532          5 0.0000e+00
     28.000   0.553597     1.7821 1.2555e-01      0.800     7.7652  1004.5048     5.4893     28.552          5 0.0000e+00
     29.000   0.555859     1.8255 1.2318e-01      0.796     7.7408  1004.5235     5.5055     29.572          5 0.0000e+00
     30.000   0.559687     1.9106 1.2098e-01      0.785     7.6789  1004.5501     5.5310     30.591          5 0.0000e+00
     31.000   0.562917     1.9716 1.1931e-01      0.787     7.5804  1004.5746     5.5542     31.611          5 0.0000e+00
     32.000   0.564653     2.0104 1.1783e-01      0.786     7.4797  1004.5891     5.5656     32.631          5 0.0000e+00
     33.000   0.567507     2.0874 1.1672e-01      0.773     7.4149  1004.6080     5.5819     33.651          5 0.0000e+00
     34.000   0.571947     2.1861 1.1582e-01      0.760     7.3477  1004.6371     5.6110     34.670          6 0.0000e+00
     35.000   0.576074     2.2807 1.1520e-01      0.759     7.2559  1004.6639     5.6373     35.690          5 0.0000e+00
     36.000   0.579506     2.3599 1.1422e-01      0.753     7.1633  1004.6867     5.6590     36.710          5 0.0000e+00
     37.000   0.582205     2.4226 1.1379e-01      0.753     7.0427  1004.7055     5.6759     37.730          6 0.0000e+00
     38.000   0.584294     2.4687 1.1337e-01      0.748     6.9319  1004.7214     5.6893     38.749          5 0.0000e+00
     39.000   0.586163     2.5166 1.1290e-01      0.742     6.8406  1004.7351     5.7001     39.769          5 0.0000e+00
     40.000   0.589405     2.5896 1.1273e-01      0.746     6.7508  1004.7566     5.7205     40.788          6 0.0000e+00
     41.000   0.592095     2.6440 1.1242e-01      0.749     6.6367  1004.7760     5.7386     41.809          5 0.0000e+00
     42.000   0.593557     2.6757 1.1194e-01      0.748     6.5412  1004.7884     5.7479     42.828          5 0.0000e+00
     43.000   0.594550     2.6980 1.1178e-01      0.743     6.4422  1004.7983     5.7541     43.848          6 0.0000e+00
     44.000   0.596015     2.7309 1.1171e-01      0.740     6.3554  1004.8105     5.7632     44.867          5 0.0000e+00
     45.000   0.597718     2.7720 1.1156e-01      0.740     6.3005  1004.8234     5.7733     45.887          6 0.0000e+00
     46.000   0.599822     2.8168 1.1130e-01      0.743     6.2430  1004.8391     5.7868     46.907          5 0.0000e+00
     47.000   0.601427     2.8493 1.1109e-01      0.742     6.1670  1004.8524     5.7974     47.927          5 0.0000e+00
     48.000   0.602694     2.8776 1.1105e-01      0.721     6.0957  1004.8635     5.8053     48.946          6 0.0000e+00
     49.000   0.604382     2.9133 1.1081e-01      0.704     6.0470  1004.8769     5.8161     49.966          6 0.0000e+00
     50.000   0.605752     2.9404 1.1085e-01      0.704     6.0077  1004.8889     5.8251     50.986          5 0.0000e+00
     51.000   0.606317     2.9536 1.1068e-01      0.714     5.9840  1004.8964     5.8285     52.006          6 0.0000e+00
     52.000   0.606883     2.9674 1.1048e-01      0.710     5.9247  1004.9039     5.8317     53.025          6 0.0000e+00
     53.000   0.607296     2.9779 1.1032e-01      0.712     5.8528  1004.9105     5.8339     54.045          5 0.0000e+00
     54.000   0.607670     2.9877 1.1030e-01      0.715     5.7574  1004.9169     5.8358     55.065          6 0.0000e+00
     55.000   0.607974     2.9945 1.1027e-01      0.720     5.7139  1004.9232     5.8376     56.084          5 0.0000e+00
     56.000   0.608492     3.0059 1.1002e-01      0.716     5.7347  1004.9306     5.8407     57.104          6 0.0000e+00
     57.000   0.609440     3.0238 1.0991e-01      0.716     5.7190  1004.9405     5.8471     58.124          6 0.0000e+00
     58.000   0.610317     3.0411 1.0995e-01      0.718     5.7136  1004.9499     5.8529     59.144          5 0.0000e+00
     59.000   0.611077     3.0552 1.0958e-01      0.709     5.7469  1004.9588     5.8580     60.163          6 0.0000e+00
     60.000   0.611639     3.0650 1.0958e-01      0.692     5.7894  1004.9667     5.8619     61.183          6 0.0000e+00
     61.000   0.612017     3.0737 1.0932e-01      0.681     5.6993  1004.9733     5.8640     62.203          7 0.0000e+00
     62.000   0.612019     3.0804 1.0919e-01      0.506     5.6577  1004.9772     5.8627     63.222          8 0.0000e+00
     63.000   0.613333     3.1009 1.0909e-01      0.428     5.7997  1004.9896     5.8724     64.242          9 0.0000e+00
     64.000   0.613940     3.1114 1.0891e-01      0.456     5.8037  1004.9978     5.8766     65.262          9 0.0000e+00
     65.000   0.614551     3.1256 1.0876e-01      0.469     5.8108  1005.0054     5.8801     66.281          8 0.0000e+00
     66.000   0.615666     3.1468 1.0871e-01      0.495     5.9144  1005.0161     5.8875     67.301          7 0.0000e+00
     67.000   0.616686     3.1615 1.0821e-01      0.610     5.9490  1005.0270     5.8952     68.321          6 0.0000e+00
     68.000   0.617215     3.1689 1.0826e-01      0.700     5.9463  1005.0350     5.8991     69.341          6 0.0000e+00
     69.000   0.617784     3.1789 1.0819e-01      0.706     5.9158  1005.0429     5.9030     70.360          6 0.0000e+00
     70.000   0.618316     3.1876 1.0793e-01      0.683     5.9073  1005.0507     5.9068     71.380          6 0.0000e+00
     71.000   0.618702     3.1946 1.0795e-01      0.665     5.9238  1005.0576     5.9093     72.400          5 0.0000e+00
     72.000   0.619217     3.2041 1.0776e-01      0.680     5.9156  1005.0651     5.9127     73.420          6 0.0000e+00
     73.000   0.619767     3.2137 1.0750e-01      0.686     5.9088  1005.0729     5.9165     74.439          6 0.0000e+00
     74.000   0.620340     3.2249 1.0753e-01      0.690     5.9045  1005.0807     5.9202     75.459          6 0.0000e+00
     75.000   0.621277     3.2401 1.0743e-01      0.692     5.8960  1005.0907     5.9268     76.479          6 0.0000e+00
     76.000   0.621665     3.2459 1.0725e-01      0.690     5.8817  1005.0978     5.9296     77.498          6 0.0000e+00
     77.000   0.621795     3.2480 1.0719e-01      0.695     5.8913  1005.1034     5.9305     78.518          5 0.0000e+00
     78.000   0.621954     3.2506 1.0695e-01      0.698     5.8934  1005.1091     5.9315     79.538          6 0.0000e+00
     79.000   0.622122     3.2535 1.0697e-01      0.698     5.8760  1005.1148     5.9326     80.558          6 0.0000e+00
     80.000   0.622182     3.2553 1.0661e-01      0.563     5.7868  1005.1198     5.9327     81.577         11 0.0000e+00
     81.000   0.623210     3.2801 1.0605e-01      0.116     5.7102  1005.1291     5.9385     82.597         12 0.0000e+00
     82.000   0.624194     3.2925 1.0553e-01      0.434     5.5917  1005.1400     5.9462     83.617         12 0.0000e+00
