ctdpy/exports/archive_20191121_115250/received_data/ga1_v03_18.cnv
* Sea-Bird SBE19plus Data File:
* FileName = C:\CTD\CTD 2018\v01_k03\GA1_v03_18.hex
* Software Version 1.59
* Temperature SN =  4644
* Conductivity SN =  4644
* System UpLoad Time = Jan 19 2018 19:53:23
** GA1 2018K01 v3
* ds
# nquan = 11
# nvalues = 81                          
# units = specified
# name 0 = prdM: Pressure, Strain Gauge [db]
# name 1 = c0S/m: Conductivity [S/m]
# name 2 = tv290C: Temperature [ITS-90, deg C]
# name 3 = par: PAR/Irradiance, Biospherical/Licor
# name 4 = dz/dtM: Descent Rate [m/s]
# name 5 = sbeox0ML/L: Oxygen, SBE 43 [ml/l]
# name 6 = density00: Density [density, kg/m^3]
# name 7 = sal00: Salinity, Practical [PSU]
# name 8 = depFM: Depth [fresh water, m], lat = 0
# name 9 = nbin: number of scans per bin
# name 10 = flag: flag
# span 0 =      1.000,     81.000       
# span 1 =   0.549360,   0.640930       
# span 2 =     2.6412,     4.0432       
# span 3 = 6.3476e-02, 7.8630e-01       
# span 4 =     -0.017,      1.094       
# span 5 =     6.2810,     8.3390       
# span 6 =  1004.2285,  1005.1574       
# span 7 =     5.3013,     5.9890       
# span 8 =      1.020,     82.597       
# span 9 =          3,         11       
# span 10 = 0.0000e+00, 0.0000e+00      
# interval = decibars: 1                
# start_time = Jan 19 2018 19:25:09 [Instrument's time stamp, header]
# bad_flag = -9.990e-29
*END*
      1.000   0.549360     2.6412 7.8630e-01     -0.017     8.3390  1004.2285     5.3013      1.020          5 0.0000e+00
      2.000   0.551762     2.7329 4.3286e-01      0.579     8.3291  1004.2412     5.3107      2.039          6 0.0000e+00
      3.000   0.552955     2.7856 2.6093e-01      0.778     8.3098  1004.2490     5.3141      3.059          5 0.0000e+00
      4.000   0.555081     2.8732 1.4229e-01      0.826     8.2669  1004.2596     5.3212      4.079          5 0.0000e+00
      5.000   0.557377     2.9679 1.0634e-01      0.886     8.2476  1004.2706     5.3289      5.099          4 0.0000e+00
      6.000   0.558660     3.0226 9.1493e-02      0.943     8.2387  1004.2785     5.3328      6.118          4 0.0000e+00
      7.000   0.558653     3.0270 8.0540e-02      0.950     8.2205  1004.2827     5.3319      7.138          4 0.0000e+00
      8.000   0.557974     3.0020 7.5627e-02      0.979     8.2402  1004.2854     5.3290      8.157          4 0.0000e+00
      9.000   0.556487     2.9432 7.2167e-02      1.033     8.2686  1004.2860     5.3235      9.177          4 0.0000e+00
     10.000   0.554541     2.8685 6.9908e-02      1.033     8.2998  1004.2850     5.3159     10.197          4 0.0000e+00
     11.000   0.553685     2.8317 6.8865e-02      1.044     8.3385  1004.2877     5.3131     11.217          4 0.0000e+00
     12.000   0.553896     2.8411 6.7835e-02      1.045     8.2817  1004.2931     5.3136     12.237          4 0.0000e+00
     13.000   0.556539     2.9409 6.7126e-02      1.044     8.2333  1004.3061     5.3239     13.256          4 0.0000e+00
     14.000   0.559608     3.0584 6.6947e-02      1.048     8.2029  1004.3201     5.3357     14.276          3 0.0000e+00
     15.000   0.560924     3.1149 6.6587e-02      1.062     8.1811  1004.3280     5.3396     15.296          4 0.0000e+00
     16.000   0.561629     3.1431 6.6444e-02      1.070     8.1712  1004.3347     5.3420     16.316          4 0.0000e+00
     17.000   0.562085     3.1620 6.6192e-02      1.065     8.1563  1004.3406     5.3434     17.335          4 0.0000e+00
     18.000   0.562403     3.1760 6.6112e-02      1.077     8.1464  1004.3461     5.3443     18.355          3 0.0000e+00
     19.000   0.562610     3.1854 6.6104e-02      1.083     8.1438  1004.3513     5.3447     19.375          4 0.0000e+00
     20.000   0.562748     3.1924 6.6097e-02      1.081     8.1397  1004.3563     5.3448     20.394          4 0.0000e+00
     21.000   0.562941     3.1999 6.6020e-02      1.090     8.1406  1004.3617     5.3454     21.414          3 0.0000e+00
     22.000   0.563096     3.2052 6.5771e-02      1.081     8.1456  1004.3671     5.3460     22.434          4 0.0000e+00
     23.000   0.563325     3.2114 6.5821e-02      1.084     8.1326  1004.3729     5.3472     23.453          4 0.0000e+00
     24.000   0.564025     3.2281 6.5900e-02      1.073     8.1153  1004.3811     5.3515     24.473          3 0.0000e+00
     25.000   0.565277     3.2577 6.5864e-02      1.073     8.0974  1004.3919     5.3591     25.493          4 0.0000e+00
     26.000   0.566101     3.2780 6.5920e-02      1.075     8.0919  1004.4006     5.3640     26.513          4 0.0000e+00
     27.000   0.566521     3.2880 6.5797e-02      1.073     8.0792  1004.4074     5.3665     27.532          4 0.0000e+00
     28.000   0.566899     3.2987 6.5660e-02      1.079     8.0780  1004.4138     5.3684     28.552          3 0.0000e+00
     29.000   0.567721     3.3243 6.5583e-02      1.075     8.0675  1004.4217     5.3724     29.572          4 0.0000e+00
     30.000   0.569200     3.3658 6.5665e-02      1.084     8.0444  1004.4326     5.3804     30.591          4 0.0000e+00
     31.000   0.572026     3.4238 6.5573e-02      1.094     8.0353  1004.4519     5.3992     31.611          3 0.0000e+00
     32.000   0.575056     3.4639 6.5524e-02      1.086     8.0463  1004.4753     5.4229     32.631          4 0.0000e+00
     33.000   0.576469     3.4761 6.5523e-02      1.076     8.0524  1004.4897     5.4350     33.651          4 0.0000e+00
     34.000   0.577074     3.4729 6.5617e-02      1.078     8.0695  1004.4999     5.4416     34.670          3 0.0000e+00
     35.000   0.578174     3.4787 6.5542e-02      1.079     7.9997  1004.5128     5.4516     35.690          4 0.0000e+00
     36.000   0.581704     3.5249 6.5507e-02      1.074     7.8294  1004.5392     5.4792     36.710          4 0.0000e+00
     37.000   0.590253     3.6084 6.5452e-02      1.080     7.7010  1004.6002     5.5510     37.730          4 0.0000e+00
     38.000   0.597173     3.6610 6.5394e-02      1.074     7.6366  1004.6526     5.6116     38.749          3 0.0000e+00
     39.000   0.600383     3.6750 6.5412e-02      1.069     7.5857  1004.6809     5.6413     39.769          4 0.0000e+00
     40.000   0.602456     3.7062 6.5418e-02      1.069     7.5424  1004.6976     5.6566     40.789          4 0.0000e+00
     41.000   0.604264     3.7495 6.5320e-02      1.087     7.5159  1004.7101     5.6671     41.808          4 0.0000e+00
     42.000   0.605187     3.7737 6.5372e-02      1.091     7.4969  1004.7186     5.6721     42.828          3 0.0000e+00
     43.000   0.605619     3.7831 6.5327e-02      1.060     7.4833  1004.7254     5.6747     43.848          4 0.0000e+00
     44.000   0.606161     3.7898 6.5187e-02      1.049     7.4587  1004.7335     5.6788     44.867          4 0.0000e+00
     45.000   0.607099     3.7972 6.5177e-02      1.072     7.4389  1004.7446     5.6868     45.887          4 0.0000e+00
     46.000   0.607988     3.7967 6.5167e-02      1.081     7.4304  1004.7566     5.6957     46.907          3 0.0000e+00
     47.000   0.608358     3.7907 6.5193e-02      1.052     7.4112  1004.7653     5.7004     47.927          4 0.0000e+00
     48.000   0.609136     3.7930 6.5134e-02      1.036     7.3645  1004.7760     5.7077     48.946          4 0.0000e+00
     49.000   0.610501     3.7951 6.5020e-02      1.032     7.3099  1004.7914     5.7209     49.966          4 0.0000e+00
     50.000   0.612022     3.8054 6.4934e-02      1.015     7.2460  1004.8067     5.7343     50.986          4 0.0000e+00
     51.000   0.613713     3.8304 6.4914e-02      1.033     7.1883  1004.8211     5.7467     52.005          4 0.0000e+00
     52.000   0.615369     3.8578 6.4999e-02      1.049     7.1552  1004.8347     5.7584     53.025          3 0.0000e+00
     53.000   0.616317     3.8755 6.4907e-02      1.046     7.0658  1004.8443     5.7646     54.045          4 0.0000e+00
     54.000   0.617827     3.9063 6.4877e-02      1.032     6.9351  1004.8562     5.7742     55.065          4 0.0000e+00
     55.000   0.620663     3.9575 6.4774e-02      1.047     6.8280  1004.8753     5.7934     56.084          4 0.0000e+00
     56.000   0.622488     3.9895 6.4906e-02      1.053     6.6960  1004.8895     5.8058     57.104          4 0.0000e+00
     57.000   0.625030     4.0164 6.4951e-02      1.045     6.5653  1004.9100     5.8263     58.124          4 0.0000e+00
     58.000   0.628614     4.0393 6.4729e-02      1.031     6.4985  1004.9396     5.8579     59.144          4 0.0000e+00
     59.000   0.631219     4.0432 6.4751e-02      1.031     6.4801  1004.9644     5.8831     60.163          3 0.0000e+00
     60.000   0.632698     4.0359 6.4819e-02      1.036     6.4864  1004.9821     5.8991     61.183          4 0.0000e+00
     61.000   0.633492     4.0305 6.4801e-02      1.041     6.4870  1004.9942     5.9079     62.202          4 0.0000e+00
     62.000   0.633824     4.0282 6.4584e-02      1.044     6.4918  1005.0020     5.9115     63.223          4 0.0000e+00
     63.000   0.634196     4.0263 6.4686e-02      1.048     6.4915  1005.0100     5.9154     64.242          4 0.0000e+00
     64.000   0.634623     4.0244 6.4495e-02      1.043     6.4809  1005.0185     5.9199     65.262          4 0.0000e+00
     65.000   0.635469     4.0220 6.4501e-02      1.039     6.4599  1005.0305     5.9287     66.282          3 0.0000e+00
     66.000   0.636569     4.0191 6.4572e-02      1.047     6.4463  1005.0445     5.9401     67.301          4 0.0000e+00
     67.000   0.637209     4.0175 6.4469e-02      1.047     6.4400  1005.0546     5.9467     68.321          4 0.0000e+00
     68.000   0.637421     4.0161 6.4556e-02      1.029     6.4351  1005.0613     5.9490     69.341          4 0.0000e+00
     69.000   0.637566     4.0135 6.4305e-02      1.030     6.4424  1005.0677     5.9508     70.360          4 0.0000e+00
     70.000   0.637770     4.0092 6.4322e-02      1.033     6.4247  1005.0749     5.9535     71.380          4 0.0000e+00
     71.000   0.638103     4.0054 6.4387e-02      1.040     6.4088  1005.0829     5.9574     72.400          4 0.0000e+00
     72.000   0.638531     4.0076 6.4140e-02      1.042     6.4023  1005.0908     5.9612     73.420          3 0.0000e+00
     73.000   0.638845     4.0091 6.4217e-02      1.043     6.3953  1005.0978     5.9640     74.439          4 0.0000e+00
     74.000   0.638886     4.0074 6.4179e-02      1.049     6.3993  1005.1032     5.9645     75.459          4 0.0000e+00
     75.000   0.638873     4.0050 6.4147e-02      1.044     6.3965  1005.1083     5.9647     76.479          4 0.0000e+00
     76.000   0.638945     4.0008 6.4170e-02      1.035     6.3850  1005.1144     5.9661     77.498          4 0.0000e+00
     77.000   0.639477     3.9959 6.4098e-02      0.992     6.3654  1005.1243     5.9722     78.518          5 0.0000e+00
     78.000   0.640006     3.9929 6.3999e-02      0.819     6.3451  1005.1338     5.9780     79.538          7 0.0000e+00
     79.000   0.640254     3.9920 6.3982e-02      0.257     6.3409  1005.1407     5.9805     80.558         11 0.0000e+00
     80.000   0.640588     3.9870 6.3618e-02      0.475     6.3170  1005.1490     5.9846     81.577          6 0.0000e+00
     81.000   0.640930     3.9816 6.3476e-02      0.175     6.2810  1005.1574     5.9890     82.597          6 0.0000e+00
