ctdpy/exports/archive_20191121_115250/received_data/ga1_v17_18.cnv
* Sea-Bird SBE19plus Data File:
* FileName = C:\CTD\CTD 2018\v17\GA1_v17_18.hex
* Software Version 1.59
* Temperature SN =  7668
* Conductivity SN =  7668
* System UpLoad Time = Apr 23 2018 23:28:05
** GA1 2018K08 v17
* ds
# nquan = 10
# nvalues = 77                          
# units = specified
# name 0 = prdM: Pressure, Strain Gauge [db]
# name 1 = c0S/m: Conductivity [S/m]
# name 2 = tv290C: Temperature [ITS-90, deg C]
# name 3 = par: PAR/Irradiance, Biospherical/Licor
# name 4 = dz/dtM: Descent Rate [m/s]
# name 5 = density00: Density [density, kg/m^3]
# name 6 = sal00: Salinity, Practical [PSU]
# name 7 = depFM: Depth [fresh water, m], lat = 0
# name 8 = nbin: number of scans per bin
# name 9 = flag: flag
# span 0 =      1.000,     77.000       
# span 1 =   0.508147,   0.621582       
# span 2 =     0.5956,     3.2124       
# span 3 = -3.928e-05, 1.2256e+00       
# span 4 =      0.164,      0.971       
# span 5 =  1004.1105,  1005.1072       
# span 6 =     5.2056,     5.9348       
# span 7 =      1.020,     78.518       
# span 8 =          4,         17       
# span 9 = 0.0000e+00, 0.0000e+00       
# interval = decibars: 1                
# start_time = Apr 23 2018 23:02:55 [Instrument's time stamp, header]
# bad_flag = -9.990e-29
*END*
      1.000   0.508147     0.6046 1.2256e+00      0.218  1004.1105     5.2056      1.020          9 0.0000e+00
      2.000   0.510186     0.6007 5.4257e-01      0.715  1004.1339     5.2285      2.039          5 0.0000e+00
      3.000   0.511957     0.5956 2.6945e-01      0.768  1004.1549     5.2487      3.059          5 0.0000e+00
      4.000   0.512920     0.5971 1.0517e-01      0.792  1004.1682     5.2589      4.079          5 0.0000e+00
      5.000   0.513185     0.6047 3.0009e-02      0.842  1004.1748     5.2603      5.099          5 0.0000e+00
      6.000   0.513397     0.6136 9.8498e-05      0.870  1004.1807     5.2610      6.118          4 0.0000e+00
      7.000   0.513498     0.6185 -3.928e-05      0.853  1004.1860     5.2611      7.138          5 0.0000e+00
      8.000   0.513623     0.6231 1.0000e-12      0.846  1004.1915     5.2617      8.158          5 0.0000e+00
      9.000   0.513983     0.6334 1.0000e-12      0.842  1004.1985     5.2637      9.177          5 0.0000e+00
     10.000   0.514355     0.6397 1.0000e-12      0.827  1004.2061     5.2666     10.197          5 0.0000e+00
     11.000   0.514604     0.6363 1.0000e-12      0.814  1004.2136     5.2698     11.217          4 0.0000e+00
     12.000   0.515151     0.6476 1.0000e-12      0.853  1004.2222     5.2737     12.237          5 0.0000e+00
     13.000   0.516038     0.6654 1.0000e-12      0.891  1004.2331     5.2803     13.256          4 0.0000e+00
     14.000   0.516829     0.6739 1.0000e-12      0.889  1004.2442     5.2874     14.276          5 0.0000e+00
     15.000   0.517315     0.6748 1.0000e-12      0.875  1004.2533     5.2924     15.296          5 0.0000e+00
     16.000   0.519009     0.6967 1.0000e-12      0.858  1004.2708     5.3070     16.315          4 0.0000e+00
     17.000   0.523178     0.8015 1.0000e-12      0.857  1004.3014     5.3342     17.335          5 0.0000e+00
     18.000   0.525725     0.8777 1.0000e-12      0.865  1004.3205     5.3487     18.355          4 0.0000e+00
     19.000   0.526274     0.8928 1.0000e-12      0.870  1004.3286     5.3519     19.375          5 0.0000e+00
     20.000   0.526933     0.9138 1.0000e-12      0.868  1004.3370     5.3553     20.394          5 0.0000e+00
     21.000   0.527973     0.9550 1.0000e-12      0.865  1004.3465     5.3593     21.414          4 0.0000e+00
     22.000   0.531565     1.0906 1.0000e-12      0.865  1004.3677     5.3746     22.434          5 0.0000e+00
     23.000   0.535302     1.2272 1.0000e-12      0.872  1004.3896     5.3911     23.453          5 0.0000e+00
     24.000   0.538014     1.3305 1.0000e-12      0.858  1004.4060     5.4022     24.473          4 0.0000e+00
     25.000   0.539887     1.4036 1.0000e-12      0.841  1004.4186     5.4095     25.493          5 0.0000e+00
     26.000   0.540975     1.4305 1.0000e-12      0.850  1004.4297     5.4163     26.513          5 0.0000e+00
     27.000   0.542698     1.4764 1.0000e-12      0.861  1004.4440     5.4267     27.532          4 0.0000e+00
     28.000   0.543831     1.4978 1.0000e-12      0.887  1004.4560     5.4350     28.552          5 0.0000e+00
     29.000   0.543847     1.4719 1.0000e-12      0.894  1004.4642     5.4395     29.572          4 0.0000e+00
     30.000   0.545126     1.4930 1.0000e-12      0.872  1004.4775     5.4494     30.591          5 0.0000e+00
     31.000   0.547385     1.5859 1.0000e-12      0.841  1004.4906     5.4572     31.611          5 0.0000e+00
     32.000   0.550758     1.7308 1.0000e-12      0.854  1004.5066     5.4677     32.631          4 0.0000e+00
     33.000   0.553029     1.8133 1.0000e-12      0.867  1004.5205     5.4773     33.651          5 0.0000e+00
     34.000   0.554934     1.8749 1.0000e-12      0.849  1004.5339     5.4865     34.670          5 0.0000e+00
     35.000   0.556592     1.9415 1.0000e-12      0.848  1004.5443     5.4923     35.690          4 0.0000e+00
     36.000   0.558096     1.9947 1.0000e-12      0.858  1004.5552     5.4988     36.710          5 0.0000e+00
     37.000   0.559580     2.0383 1.0000e-12      0.870  1004.5670     5.5067     37.729          4 0.0000e+00
     38.000   0.560246     2.0618 1.0000e-12      0.876  1004.5745     5.5095     38.749          5 0.0000e+00
     39.000   0.560794     2.0784 1.0000e-12      0.903  1004.5818     5.5123     39.769          4 0.0000e+00
     40.000   0.561527     2.0943 1.0000e-12      0.944  1004.5908     5.5171     40.789          4 0.0000e+00
     41.000   0.561787     2.0957 1.0000e-12      0.951  1004.5977     5.5194     41.808          5 0.0000e+00
     42.000   0.562663     2.1171 1.0000e-12      0.955  1004.6071     5.5248     42.828          4 0.0000e+00
     43.000   0.564614     2.1731 1.0000e-12      0.965  1004.6210     5.5354     43.848          4 0.0000e+00
     44.000   0.565974     2.2163 1.0000e-12      0.971  1004.6316     5.5419     44.867          4 0.0000e+00
     45.000   0.566707     2.2389 1.0000e-12      0.965  1004.6396     5.5456     45.887          4 0.0000e+00
     46.000   0.567294     2.2548 1.0000e-12      0.951  1004.6473     5.5488     46.907          4 0.0000e+00
     47.000   0.568363     2.2777 1.0000e-12      0.958  1004.6581     5.5559     47.927          5 0.0000e+00
     48.000   0.569905     2.3068 1.0000e-12      0.963  1004.6719     5.5668     48.946          4 0.0000e+00
     49.000   0.571270     2.3309 1.0000e-12      0.957  1004.6850     5.5767     49.966          4 0.0000e+00
     50.000   0.572472     2.3511 1.0000e-12      0.956  1004.6972     5.5856     50.986          4 0.0000e+00
     51.000   0.573072     2.3626 1.0000e-12      0.962  1004.7055     5.5897     52.005          4 0.0000e+00
     52.000   0.573691     2.3737 1.0000e-12      0.947  1004.7140     5.5941     53.025          5 0.0000e+00
     53.000   0.575337     2.4002 1.0000e-12      0.943  1004.7290     5.6065     54.045          4 0.0000e+00
     54.000   0.576986     2.4337 1.0000e-12      0.960  1004.7430     5.6176     55.065          4 0.0000e+00
     55.000   0.578194     2.4609 1.0000e-12      0.971  1004.7541     5.6253     56.084          4 0.0000e+00
     56.000   0.580184     2.4969 1.0000e-12      0.966  1004.7706     5.6395     57.104          4 0.0000e+00
     57.000   0.581745     2.5252 1.0000e-12      0.950  1004.7845     5.6506     58.124          5 0.0000e+00
     58.000   0.583247     2.5507 1.0000e-12      0.925  1004.7982     5.6616     59.144          4 0.0000e+00
     59.000   0.586329     2.6007 1.0000e-12      0.918  1004.8216     5.6846     60.163          4 0.0000e+00
     60.000   0.591623     2.6823 1.0000e-12      0.920  1004.8587     5.7247     61.183          4 0.0000e+00
     61.000   0.594850     2.7414 1.0000e-12      0.934  1004.8817     5.7474     62.203          5 0.0000e+00
     62.000   0.599046     2.8097 1.0000e-12      0.933  1004.9112     5.7784     63.222          4 0.0000e+00
     63.000   0.603605     2.8844 1.0000e-12      0.925  1004.9425     5.8118     64.242          4 0.0000e+00
     64.000   0.606489     2.9398 1.0000e-12      0.923  1004.9628     5.8313     65.262          5 0.0000e+00
     65.000   0.609021     2.9931 1.0000e-12      0.928  1004.9804     5.8475     66.282          4 0.0000e+00
     66.000   0.610891     3.0297 1.0000e-12      0.922  1004.9950     5.8600     67.301          5 0.0000e+00
     67.000   0.613598     3.0680 1.0000e-12      0.896  1005.0161     5.8806     68.321          4 0.0000e+00
     68.000   0.615658     3.0963 1.0000e-12      0.879  1005.0335     5.8965     69.341          4 0.0000e+00
     69.000   0.616512     3.1107 1.0000e-12      0.903  1005.0431     5.9025     70.360          5 0.0000e+00
     70.000   0.616999     3.1208 1.0000e-12      0.940  1005.0503     5.9055     71.380          4 0.0000e+00
     71.000   0.618073     3.1395 1.0000e-12      0.953  1005.0610     5.9130     72.400          4 0.0000e+00
     72.000   0.619487     3.1634 1.0000e-12      0.938  1005.0737     5.9230     73.420          5 0.0000e+00
     73.000   0.620536     3.1818 1.0000e-12      0.903  1005.0842     5.9302     74.439          4 0.0000e+00
     74.000   0.620902     3.1913 1.0000e-12      0.880  1005.0905     5.9321     75.459          5 0.0000e+00
     75.000   0.621175     3.1985 1.0000e-12      0.856  1005.0965     5.9335     76.479          8 0.0000e+00
     76.000   0.621321     3.2041 1.0000e-12      0.164  1005.1016     5.9338     77.498         17 0.0000e+00
     77.000   0.621582     3.2124 1.0000e-12      0.345  1005.1072     5.9348     78.518         13 0.0000e+00
