ctdpy/exports/archive_20191121_115250/received_data/ga1_v08_18.cnv
* Sea-Bird SBE19plus Data File:
* FileName = C:\CTD\CTD 2018\v08\GA1_v08_18.hex
* Software Version 1.59
* Temperature SN =  4644
* Conductivity SN =  4644
* System UpLoad Time = Feb 19 2018 23:13:08
** GA1_v08_18
* ds
# nquan = 11
# nvalues = 81                          
# units = specified
# name 0 = prdM: Pressure, Strain Gauge [db]
# name 1 = c0S/m: Conductivity [S/m]
# name 2 = tv290C: Temperature [ITS-90, deg C]
# name 3 = par: PAR/Irradiance, Biospherical/Licor
# name 4 = dz/dtM: Descent Rate [m/s]
# name 5 = sbeox0ML/L: Oxygen, SBE 43 [ml/l]
# name 6 = density00: Density [density, kg/m^3]
# name 7 = sal00: Salinity, Practical [PSU]
# name 8 = depFM: Depth [fresh water, m], lat = 0
# name 9 = nbin: number of scans per bin
# name 10 = flag: flag
# span 0 =      1.000,     81.000       
# span 1 =   0.463800,   0.642477       
# span 2 =     0.1948,     3.9658       
# span 3 = 4.3616e-02, 2.5041e+00       
# span 4 =     -0.169,      0.982       
# span 5 =     4.2724,     9.2385       
# span 6 =  1003.7540,  1005.1687       
# span 7 =     4.7860,     6.0085       
# span 8 =      1.020,     82.597       
# span 9 =          3,         12       
# span 10 = 0.0000e+00, 0.0000e+00      
# interval = decibars: 1                
# start_time = Feb 19 2018 22:47:34 [Instrument's time stamp, header]
# bad_flag = -9.990e-29
*END*
      1.000   0.463800     0.1948 2.5041e+00     -0.169     9.2215  1003.7540     4.7860      1.020          3 0.0000e+00
      2.000   0.467391     0.1992 1.2032e+00      0.384     9.2251  1003.7906     4.8247      2.039         12 0.0000e+00
      3.000   0.471740     0.2181 6.4800e-01      0.233     9.2064  1003.8328     4.8695      3.059          4 0.0000e+00
      4.000   0.474743     0.2455 3.1339e-01      0.299     9.1925  1003.8622     4.8981      4.079         12 0.0000e+00
      5.000   0.476851     0.2638 1.6942e-01      0.398     9.1908  1003.8843     4.9182      5.099          9 0.0000e+00
      6.000   0.484152     0.3293 1.0739e-01      0.460     9.1656  1003.9485     4.9878      6.118          9 0.0000e+00
      7.000   0.485884     0.3455 8.2537e-02      0.376     9.1315  1003.9674     5.0041      7.138          7 0.0000e+00
      8.000   0.485920     0.3567 6.4692e-02      0.732     9.1708  1003.9716     5.0025      8.158          4 0.0000e+00
      9.000   0.482586     0.3136 5.6436e-02      0.919     9.1611  1003.9508     4.9728      9.177          5 0.0000e+00
     10.000   0.483018     0.3319 5.2111e-02      0.945     9.2385  1003.9579     4.9745     10.197          4 0.0000e+00
     11.000   0.487914     0.4368 4.9612e-02      0.963     9.1271  1003.9968     5.0109     11.217          4 0.0000e+00
     12.000   0.500517     0.7043 4.8002e-02      0.973     8.9817  1004.0875     5.1044     12.237          4 0.0000e+00
     13.000   0.513429     0.9809 4.7008e-02      0.973     8.9094  1004.1773     5.1982     13.256          5 0.0000e+00
     14.000   0.516807     1.0694 4.6383e-02      0.982     8.8990  1004.2024     5.2197     14.276          4 0.0000e+00
     15.000   0.516388     1.0699 4.5741e-02      0.900     8.8953  1004.2036     5.2150     15.296          6 0.0000e+00
     16.000   0.516287     1.0934 4.5588e-02      0.212     8.9092  1004.2051     5.2099     16.316          9 0.0000e+00
     17.000   0.520254     1.1986 4.5407e-02      0.583     8.8649  1004.2330     5.2348     17.335          7 0.0000e+00
     18.000   0.523829     1.3036 4.5285e-02      0.609     8.8131  1004.2572     5.2553     18.355          7 0.0000e+00
     19.000   0.530842     1.5025 4.5139e-02      0.583     8.6917  1004.2999     5.2964     19.375          8 0.0000e+00
     20.000   0.533932     1.6060 4.5032e-02      0.455     8.6561  1004.3193     5.3117     20.394         10 0.0000e+00
     21.000   0.534266     1.6161 4.4918e-02      0.357     8.6701  1004.3259     5.3134     21.414          9 0.0000e+00
     22.000   0.535696     1.6574 4.4879e-02      0.474     8.6537  1004.3381     5.3215     22.434          9 0.0000e+00
     23.000   0.539239     1.7637 4.4787e-02      0.341     8.5874  1004.3606     5.3409     23.453         11 0.0000e+00
     24.000   0.539720     1.7924 4.4713e-02      0.506     8.5717  1004.3661     5.3410     24.473          7 0.0000e+00
     25.000   0.540823     1.8362 4.4667e-02      0.551     8.5357  1004.3750     5.3451     25.493          8 0.0000e+00
     26.000   0.541610     1.8590 4.4614e-02      0.533     8.5470  1004.3838     5.3494     26.513          7 0.0000e+00
     27.000   0.542259     1.8752 4.4586e-02      0.540     8.5414  1004.3922     5.3534     27.532          7 0.0000e+00
     28.000   0.544001     1.9164 4.4558e-02      0.568     8.5225  1004.4068     5.3647     28.552          7 0.0000e+00
     29.000   0.545786     1.9614 4.4528e-02      0.572     8.4924  1004.4212     5.3757     29.572          7 0.0000e+00
     30.000   0.546591     1.9857 4.4526e-02      0.652     8.4878  1004.4299     5.3799     30.592          5 0.0000e+00
     31.000   0.547341     2.0078 4.4453e-02      0.790     8.4583  1004.4383     5.3839     31.611          5 0.0000e+00
     32.000   0.549012     2.0550 4.4426e-02      0.811     8.4141  1004.4514     5.3933     32.631          5 0.0000e+00
     33.000   0.550144     2.0848 4.4395e-02      0.810     8.4065  1004.4621     5.3999     33.651          5 0.0000e+00
     34.000   0.550613     2.0915 4.4427e-02      0.819     8.4034  1004.4700     5.4036     34.670          5 0.0000e+00
     35.000   0.551569     2.1063 4.4379e-02      0.814     8.3959  1004.4810     5.4110     35.690          5 0.0000e+00
     36.000   0.552400     2.1205 4.4344e-02      0.815     8.3874  1004.4911     5.4172     36.710          5 0.0000e+00
     37.000   0.553117     2.1307 4.4342e-02      0.817     8.3861  1004.5007     5.4229     37.729          4 0.0000e+00
     38.000   0.553825     2.1386 4.4284e-02      0.819     8.3843  1004.5105     5.4288     38.749          5 0.0000e+00
     39.000   0.554678     2.1444 4.4243e-02      0.818     8.3943  1004.5218     5.4366     39.768          5 0.0000e+00
     40.000   0.555506     2.1488 4.4244e-02      0.799     8.4087  1004.5330     5.4445     40.789          5 0.0000e+00
     41.000   0.556113     2.1498 4.4243e-02      0.784     8.4225  1004.5429     5.4505     41.808          6 0.0000e+00
     42.000   0.556594     2.1551 4.4215e-02      0.786     8.4045  1004.5511     5.4545     42.828          5 0.0000e+00
     43.000   0.557155     2.1655 4.4201e-02      0.801     8.3887  1004.5594     5.4586     43.848          4 0.0000e+00
     44.000   0.557542     2.1673 4.4160e-02      0.813     8.3876  1004.5673     5.4622     44.868          5 0.0000e+00
     45.000   0.557869     2.1652 4.4125e-02      0.812     8.4017  1004.5751     5.4658     45.887          5 0.0000e+00
     46.000   0.558089     2.1572 4.4113e-02      0.825     8.4024  1004.5829     5.4694     46.907          5 0.0000e+00
     47.000   0.558380     2.1555 4.4155e-02      0.837     8.3985  1004.5904     5.4727     47.927          5 0.0000e+00
     48.000   0.558737     2.1585 4.4068e-02      0.831     8.4033  1004.5979     5.4758     48.946          5 0.0000e+00
     49.000   0.558781     2.1550 4.4057e-02      0.833     8.4126  1004.6036     5.4767     49.966          4 0.0000e+00
     50.000   0.558816     2.1464 4.4012e-02      0.831     8.4197  1004.6099     5.4785     50.986          5 0.0000e+00
     51.000   0.559045     2.1424 4.3997e-02      0.831     8.4270  1004.6172     5.4815     52.005          5 0.0000e+00
     52.000   0.559627     2.1482 4.3992e-02      0.878     8.4102  1004.6262     5.4865     53.025          4 0.0000e+00
     53.000   0.560183     2.1597 4.3945e-02      0.965     8.4034  1004.6342     5.4902     54.045          4 0.0000e+00
     54.000   0.560591     2.1598 4.3901e-02      0.971     8.4128  1004.6425     5.4943     55.065          5 0.0000e+00
     55.000   0.560692     2.1514 4.3912e-02      0.892     8.4209  1004.6493     5.4968     56.085          5 0.0000e+00
     56.000   0.560770     2.1492 4.3884e-02      0.792     8.4226  1004.6551     5.4978     57.104          5 0.0000e+00
     57.000   0.560876     2.1504 4.3847e-02      0.804     8.4178  1004.6607     5.4986     58.124          4 0.0000e+00
     58.000   0.561075     2.1537 4.3812e-02      0.816     8.4063  1004.6668     5.5000     59.144          5 0.0000e+00
     59.000   0.561434     2.1627 4.3839e-02      0.811     8.3982  1004.6735     5.5021     60.163          5 0.0000e+00
     60.000   0.561767     2.1716 4.3807e-02      0.809     8.4003  1004.6800     5.5040     61.183          5 0.0000e+00
     61.000   0.561877     2.1652 4.3780e-02      0.810     8.3907  1004.6866     5.5061     62.203          5 0.0000e+00
     62.000   0.562270     2.1656 4.3756e-02      0.804     8.4055  1004.6948     5.5101     63.223          5 0.0000e+00
     63.000   0.562495     2.1714 4.3736e-02      0.808     8.3846  1004.7008     5.5113     64.242          5 0.0000e+00
     64.000   0.562792     2.1794 4.3692e-02      0.808     8.3786  1004.7071     5.5129     65.261          5 0.0000e+00
     65.000   0.563147     2.1864 4.3691e-02      0.809     8.3765  1004.7140     5.5153     66.281          5 0.0000e+00
     66.000   0.563301     2.1839 4.3687e-02      0.813     8.3920  1004.7205     5.5173     67.301          5 0.0000e+00
     67.000   0.563580     2.1727 4.3697e-02      0.814     8.4289  1004.7292     5.5220     68.321          5 0.0000e+00
     68.000   0.564136     2.1634 4.3685e-02      0.813     8.4415  1004.7399     5.5294     69.340          5 0.0000e+00
     69.000   0.564776     2.1685 4.3670e-02      0.810     8.4433  1004.7495     5.5351     70.360          5 0.0000e+00
     70.000   0.565214     2.1777 4.3646e-02      0.802     8.4169  1004.7568     5.5379     71.380          5 0.0000e+00
     71.000   0.566266     2.2133 4.3669e-02      0.806     8.3317  1004.7658     5.5426     72.400          5 0.0000e+00
     72.000   0.568094     2.2727 4.3634e-02      0.809     8.2418  1004.7780     5.5512     73.420          5 0.0000e+00
     73.000   0.569722     2.3249 4.3638e-02      0.808     8.1464  1004.7894     5.5590     74.439          5 0.0000e+00
     74.000   0.572092     2.3797 4.3632e-02      0.809     8.0596  1004.8067     5.5740     75.459          5 0.0000e+00
     75.000   0.577145     2.4961 4.3625e-02      0.808     7.6665  1004.8376     5.6060     76.479          4 0.0000e+00
     76.000   0.593307     2.8464 4.3649e-02      0.807     6.5143  1004.9259     5.7109     77.499          5 0.0000e+00
     77.000   0.626273     3.4948 4.3623e-02      0.809     5.6809  1005.1008     5.9309     78.519          5 0.0000e+00
     78.000   0.638369     3.8142 4.3625e-02      0.813     5.2918  1005.1506     5.9943     79.538          5 0.0000e+00
     79.000   0.642058     3.9381 4.3616e-02      0.808     5.0260  1005.1641     6.0085     80.558          5 0.0000e+00
     80.000   0.642477     3.9658 4.3620e-02      0.811     4.6049  1005.1676     6.0074     81.577          6 0.0000e+00
     81.000   0.641960     3.9631 4.3617e-02      0.619     4.2724  1005.1687     6.0026     82.597          9 0.0000e+00
