ctdpy/exports/archive_20191121_115250/received_data/ga1_v41_18.cnv
* Sea-Bird SBE19plus Data File:
* FileName = C:\CTD\CTD 2018\v41\Ga1_v41_18.hex
* Software Version 1.59
* Temperature SN =  4644
* Conductivity SN =  4644
* System UpLoad Time = Oct 09 2018 16:27:13
** Ga1 k23 v41 2018
* ds
# nquan = 11
# nvalues = 83                          
# units = specified
# name 0 = prdM: Pressure, Strain Gauge [db]
# name 1 = c0S/m: Conductivity [S/m]
# name 2 = tv290C: Temperature [ITS-90, deg C]
# name 3 = par: PAR/Irradiance, Biospherical/Licor
# name 4 = dz/dtM: Descent Rate [m/s]
# name 5 = sbeox0ML/L: Oxygen, SBE 43 [ml/l]
# name 6 = density00: Density [density, kg/m^3]
# name 7 = sal00: Salinity, Practical [PSU]
# name 8 = depFM: Depth [fresh water, m], lat = 58
# name 9 = nbin: number of scans per bin
# name 10 = flag: flag
# span 0 =      1.000,     83.000       
# span 1 =   0.587760,   0.607330       
# span 2 =     2.9823,     5.5781       
# span 3 = 6.5193e-02, 3.8105e+01       
# span 4 =      0.118,      1.217       
# span 5 =     6.4901,     7.8994       
# span 6 =  1004.1512,  1005.0331       
# span 7 =     5.2693,     5.8038       
# span 8 =      1.020,     84.636       
# span 9 =          1,          7       
# span 10 = 0.0000e+00, 0.0000e+00      
# interval = decibars: 1                
# start_time = Oct 09 2018 16:02:30 [Instrument's time stamp, header]
# bad_flag = -9.990e-29
*END*
      1.000   0.594212     5.5370 3.8105e+01      0.118     7.8994  1004.1542     5.2773      1.020          7 0.0000e+00
      2.000   0.594066     5.5781 2.2160e+01      0.741     7.8347  1004.1512     5.2693      2.040          4 0.0000e+00
      3.000   0.594202     5.5237 1.4311e+01      1.026     7.7811  1004.1659     5.2791      3.059          4 0.0000e+00
      4.000   0.594448     5.4278 9.7870e+00      1.078     7.7835  1004.1884     5.2964      4.079          4 0.0000e+00
      5.000   0.594516     5.3747 6.7868e+00      1.099     7.8102  1004.2024     5.3054      5.098          3 0.0000e+00
      6.000   0.594449     5.4009 4.8389e+00      1.107     7.8289  1004.2024     5.3005      6.118          4 0.0000e+00
      7.000   0.594367     5.4521 3.5133e+00      1.122     7.8057  1004.1981     5.2915      7.138          4 0.0000e+00
      8.000   0.594512     5.4533 2.5720e+00      1.128     7.7645  1004.2038     5.2927      8.158          3 0.0000e+00
      9.000   0.594567     5.3999 1.9157e+00      1.127     7.7275  1004.2178     5.3015      9.177          4 0.0000e+00
     10.000   0.594737     5.3347 1.4518e+00      1.126     7.6825  1004.2345     5.3134     10.197          3 0.0000e+00
     11.000   0.594760     5.2781 1.1097e+00      1.126     7.6364  1004.2487     5.3225     11.217          4 0.0000e+00
     12.000   0.594587     5.1880 8.5351e-01      1.138     7.5977  1004.2669     5.3351     12.237          3 0.0000e+00
     13.000   0.594329     5.0804 6.6039e-01      1.138     7.5563  1004.2872     5.3498     13.256          4 0.0000e+00
     14.000   0.594226     4.9731 5.1578e-01      1.140     7.5359  1004.3085     5.3659     14.276          3 0.0000e+00
     15.000   0.594184     4.9118 4.0899e-01      1.155     7.4459  1004.3228     5.3754     15.296          4 0.0000e+00
     16.000   0.594111     4.8573 3.2444e-01      1.164     7.3815  1004.3358     5.3833     16.316          3 0.0000e+00
     17.000   0.593625     4.7350 2.6169e-01      1.159     7.3367  1004.3564     5.3984     17.335          4 0.0000e+00
     18.000   0.592122     4.4501 2.1521e-01      1.152     7.2632  1004.3944     5.4303     18.355          3 0.0000e+00
     19.000   0.590466     4.1520 1.7892e-01      1.154     7.2179  1004.4326     5.4633     19.375          4 0.0000e+00
     20.000   0.589694     3.9988 1.5035e-01      1.162     7.1971  1004.4548     5.4811     20.394          3 0.0000e+00
     21.000   0.589107     3.8868 1.2889e-01      1.161     7.1745  1004.4720     5.4940     21.414          3 0.0000e+00
     22.000   0.588701     3.7869 1.1375e-01      1.155     7.1296  1004.4886     5.5067     22.434          4 0.0000e+00
     23.000   0.588907     3.7370 1.0239e-01      1.140     7.1391  1004.5026     5.5171     23.453          3 0.0000e+00
     24.000   0.588862     3.6937 9.3616e-02      1.143     7.1826  1004.5136     5.5239     24.473          4 0.0000e+00
     25.000   0.588223     3.6101 8.6894e-02      1.160     7.1937  1004.5258     5.5316     25.493          3 0.0000e+00
     26.000   0.587760     3.5317 8.2110e-02      1.165     7.1712  1004.5386     5.5402     26.513          4 0.0000e+00
     27.000   0.587834     3.4915 7.8460e-02      1.155     7.1496  1004.5500     5.5477     27.532          3 0.0000e+00
     28.000   0.587959     3.4434 7.6141e-02      1.156     7.1275  1004.5629     5.5571     28.552          4 0.0000e+00
     29.000   0.587978     3.3801 7.3684e-02      1.160     7.1034  1004.5773     5.5681     29.572          3 0.0000e+00
     30.000   0.588018     3.3250 7.2156e-02      1.162     7.0920  1004.5905     5.5779     30.592          4 0.0000e+00
     31.000   0.588030     3.2581 7.0998e-02      1.171     7.0758  1004.6053     5.5895     31.611          3 0.0000e+00
     32.000   0.588109     3.1682 7.0038e-02      1.174     7.0553  1004.6239     5.6058     32.631          3 0.0000e+00
     33.000   0.588530     3.1214 6.9175e-02      1.146     7.0379  1004.6390     5.6182     33.651          4 0.0000e+00
     34.000   0.588815     3.1065 6.8401e-02      1.153     7.0336  1004.6483     5.6235     34.670          3 0.0000e+00
     35.000   0.589042     3.0987 6.7954e-02      1.188     7.0435  1004.6561     5.6271     35.690          4 0.0000e+00
     36.000   0.589262     3.0845 6.7636e-02      1.212     7.0570  1004.6648     5.6318     36.710          3 0.0000e+00
     37.000   0.589540     3.0517 6.7432e-02      1.217     7.0533  1004.6767     5.6403     37.729          3 0.0000e+00
     38.000   0.589870     3.0213 6.7265e-02      1.201     7.0492  1004.6887     5.6489     38.749          4 0.0000e+00
     39.000   0.590239     3.0037 6.6963e-02      1.190     7.0447  1004.6991     5.6556     39.769          3 0.0000e+00
     40.000   0.590602     2.9932 6.6725e-02      1.178     7.0318  1004.7084     5.6611     40.789          3 0.0000e+00
     41.000   0.590982     2.9869 6.6829e-02      1.154     7.0134  1004.7173     5.6660     41.808          4 0.0000e+00
     42.000   0.591552     2.9844 6.6779e-02      1.138     6.9812  1004.7272     5.6722     42.828          3 0.0000e+00
     43.000   0.592126     2.9838 6.6345e-02      1.138     6.9464  1004.7368     5.6781     43.848          4 0.0000e+00
     44.000   0.592761     2.9836 6.6606e-02      1.139     6.9130  1004.7469     5.6845     44.867          3 0.0000e+00
     45.000   0.593540     2.9832 6.6465e-02      1.152     6.8925  1004.7582     5.6925     45.887          4 0.0000e+00
     46.000   0.594187     2.9826 6.6451e-02      1.165     6.8701  1004.7684     5.6991     46.907          3 0.0000e+00
     47.000   0.594657     2.9823 6.6519e-02      1.156     6.8555  1004.7771     5.7039     47.927          4 0.0000e+00
     48.000   0.594994     2.9823 6.6449e-02      1.134     6.8498  1004.7847     5.7073     48.947          3 0.0000e+00
     49.000   0.595228     2.9825 6.6452e-02      1.127     6.8394  1004.7914     5.7095     49.966          4 0.0000e+00
     50.000   0.595501     2.9835 6.6198e-02      1.127     6.8349  1004.7984     5.7120     50.986          4 0.0000e+00
     51.000   0.595787     2.9854 6.6151e-02      1.128     6.8141  1004.8053     5.7145     52.005          3 0.0000e+00
     52.000   0.596479     2.9933 6.6221e-02      1.131     6.7760  1004.8147     5.7201     53.025          4 0.0000e+00
     53.000   0.597596     3.0074 6.6367e-02      1.126     6.7472  1004.8265     5.7290     54.045          3 0.0000e+00
     54.000   0.598534     3.0195 6.6136e-02      1.117     6.7339  1004.8373     5.7363     55.065          4 0.0000e+00
     55.000   0.598909     3.0248 6.6263e-02      1.112     6.7292  1004.8444     5.7391     56.085          3 0.0000e+00
     56.000   0.599058     3.0274 6.6041e-02      1.118     6.7486  1004.8500     5.7401     57.104          4 0.0000e+00
     57.000   0.599227     3.0305 6.6171e-02      1.125     6.7372  1004.8558     5.7411     58.124          3 0.0000e+00
     58.000   0.599411     3.0333 6.6197e-02      1.124     6.7184  1004.8617     5.7424     59.144          4 0.0000e+00
     59.000   0.599774     3.0385 6.6223e-02      1.132     6.7046  1004.8687     5.7451     60.163          4 0.0000e+00
     60.000   0.600372     3.0466 6.6093e-02      1.135     6.6891  1004.8773     5.7496     61.183          3 0.0000e+00
     61.000   0.600945     3.0545 6.6100e-02      1.139     6.6741  1004.8856     5.7540     62.203          4 0.0000e+00
     62.000   0.601512     3.0618 6.6147e-02      1.134     6.6584  1004.8940     5.7584     63.222          3 0.0000e+00
     63.000   0.601881     3.0663 6.6182e-02      1.135     6.6509  1004.9012     5.7613     64.242          4 0.0000e+00
     64.000   0.602063     3.0683 6.5969e-02      1.132     6.6552  1004.9072     5.7627     65.262          3 0.0000e+00
     65.000   0.602196     3.0700 6.5954e-02      1.128     6.6465  1004.9129     5.7636     66.281          4 0.0000e+00
     66.000   0.602433     3.0725 6.6137e-02      1.119     6.6306  1004.9193     5.7655     67.301          3 0.0000e+00
     67.000   0.602721     3.0750 6.5908e-02      1.118     6.6174  1004.9261     5.7679     68.321          4 0.0000e+00
     68.000   0.602979     3.0766 6.5920e-02      1.119     6.6161  1004.9328     5.7701     69.341          4 0.0000e+00
     69.000   0.603159     3.0785 6.5991e-02      1.123     6.6096  1004.9388     5.7715     70.361          3 0.0000e+00
     70.000   0.603354     3.0813 6.5864e-02      1.128     6.5988  1004.9448     5.7729     71.380          4 0.0000e+00
     71.000   0.603615     3.0850 6.5800e-02      1.103     6.5952  1004.9512     5.7748     72.400          5 0.0000e+00
     72.000   0.603864     3.0888 6.5774e-02      0.691     6.5926  1004.9575     5.7766     73.419          5 0.0000e+00
     73.000   0.604057     3.0906 6.5896e-02      0.746     6.5915  1004.9636     5.7781     74.439          4 0.0000e+00
     74.000   0.604232     3.0928 6.5729e-02      0.928     6.5794  1004.9695     5.7794     75.459          5 0.0000e+00
     75.000   0.604436     3.0953 6.5822e-02      0.938     6.5674  1004.9757     5.7809     76.479          4 0.0000e+00
     76.000   0.604723     3.0984 6.5878e-02      0.930     6.5629  1004.9824     5.7832     77.498          4 0.0000e+00
     77.000   0.604970     3.1003 6.5783e-02      0.962     6.5679  1004.9890     5.7853     78.518          4 0.0000e+00
     78.000   0.604957     3.1000 6.5887e-02      1.010     6.5521  1004.9937     5.7851     79.538          4 0.0000e+00
     79.000   0.605051     3.1001 6.5800e-02      1.025     6.5451  1004.9993     5.7859     80.557          4 0.0000e+00
     80.000   0.605335     3.1028 6.5934e-02      1.027     6.5312  1005.0060     5.7882     81.577          4 0.0000e+00
     81.000   0.605872     3.1092 6.5622e-02      1.033     6.5046  1005.0143     5.7925     82.597          4 0.0000e+00
     82.000   0.606746     3.1191 6.5645e-02      0.996     6.4901  1005.0247     5.7995     83.617          7 0.0000e+00
     83.000   0.607330     3.1276 6.5193e-02      0.427     6.4992  1005.0331     5.8038     84.636          1 0.0000e+00
