ctdpy/exports/archive_20191121_115250/received_data/ga1_v37_18.cnv
* Sea-Bird SBE19plus Data File:
* FileName = C:\CTD\CTD 2018\v37\GA1_v37_18.hex
* Software Version 1.59
* Temperature SN =  4644
* Conductivity SN =  4644
* System UpLoad Time = Sep 10 2018 21:06:48
** GA1 2018K21 v37
* ds
# nquan = 11
# nvalues = 82                          
# units = specified
# name 0 = prdM: Pressure, Strain Gauge [db]
# name 1 = c0S/m: Conductivity [S/m]
# name 2 = tv290C: Temperature [ITS-90, deg C]
# name 3 = par: PAR/Irradiance, Biospherical/Licor
# name 4 = dz/dtM: Descent Rate [m/s]
# name 5 = sbeox0ML/L: Oxygen, SBE 43 [ml/l]
# name 6 = density00: Density [density, kg/m^3]
# name 7 = sal00: Salinity, Practical [PSU]
# name 8 = depFM: Depth [fresh water, m], lat = 0
# name 9 = nbin: number of scans per bin
# name 10 = flag: flag
# span 0 =      1.000,     82.000       
# span 1 =   0.579483,   0.676597       
# span 2 =     2.9539,    14.6291       
# span 3 = 1.1029e-01, 1.2507e+00       
# span 4 =     -0.041,      1.098       
# span 5 =     3.7162,     7.4593       
# span 6 =  1002.8010,  1005.1434       
# span 7 =     4.7212,     5.9494       
# span 8 =      1.020,     83.616       
# span 9 =          3,         16       
# span 10 = 0.0000e+00, 0.0000e+00      
# interval = decibars: 1                
# start_time = Sep 10 2018 20:49:14 [Instrument's time stamp, header]
# bad_flag = -9.990e-29
*END*
      1.000   0.676597    14.6291 1.2507e+00     -0.041     7.0595  1002.8010     4.7213      1.020          7 0.0000e+00
      2.000   0.676280    14.6061 5.8645e-01      0.521     7.0213  1002.8095     4.7217      2.039          6 0.0000e+00
      3.000   0.675805    14.5702 3.1482e-01      0.861     7.0013  1002.8203     4.7224      3.059          4 0.0000e+00
      4.000   0.674983    14.5119 2.4209e-01      1.006     6.9967  1002.8346     4.7232      4.079          4 0.0000e+00
      5.000   0.674136    14.4525 1.8525e-01      1.041     7.0217  1002.8490     4.7239      5.099          4 0.0000e+00
      6.000   0.673945    14.4370 1.4649e-01      1.034     7.0237  1002.8564     4.7243      6.118          4 0.0000e+00
      7.000   0.674164    14.4567 1.3158e-01      1.040     7.0136  1002.8574     4.7235      7.138          3 0.0000e+00
      8.000   0.674693    14.4955 1.2367e-01      1.066     7.0137  1002.8554     4.7227      8.158          4 0.0000e+00
      9.000   0.674398    14.4876 1.1904e-01      1.079     7.0253  1002.8603     4.7214      9.178          4 0.0000e+00
     10.000   0.674383    14.4881 1.1672e-01      1.066     7.0361  1002.8647     4.7212     10.197          4 0.0000e+00
     11.000   0.674949    14.5212 1.1558e-01      1.057     7.0246  1002.8643     4.7214     11.217          3 0.0000e+00
     12.000   0.675484    14.5459 1.1460e-01      1.059     6.9870  1002.8658     4.7223     12.237          4 0.0000e+00
     13.000   0.675164    14.5213 1.1355e-01      1.030     6.9681  1002.8747     4.7228     13.256          4 0.0000e+00
     14.000   0.674096    14.4524 1.1352e-01      1.010     6.9639  1002.8902     4.7230     14.276          4 0.0000e+00
     15.000   0.673488    14.3993 1.1333e-01      1.031     6.9702  1002.9045     4.7248     15.296          4 0.0000e+00
     16.000   0.673487    14.3782 1.1269e-01      1.043     6.9720  1002.9143     4.7273     16.316          4 0.0000e+00
     17.000   0.673447    14.3642 1.1339e-01      1.048     6.9664  1002.9221     4.7287     17.335          4 0.0000e+00
     18.000   0.673375    14.3514 1.1249e-01      1.065     6.9583  1002.9295     4.7296     18.355          3 0.0000e+00
     19.000   0.673298    14.3332 1.1251e-01      1.064     6.9491  1002.9381     4.7312     19.375          4 0.0000e+00
     20.000   0.673281    14.3124 1.1221e-01      1.056     6.9254  1002.9477     4.7335     20.394          4 0.0000e+00
     21.000   0.673210    14.2851 1.1262e-01      1.047     6.8861  1002.9586     4.7362     21.414          4 0.0000e+00
     22.000   0.672751    14.2248 1.1246e-01      1.051     6.8638  1002.9755     4.7400     22.434          4 0.0000e+00
     23.000   0.672139    14.1406 1.1275e-01      1.047     6.8534  1002.9972     4.7455     23.454          3 0.0000e+00
     24.000   0.671863    14.0656 1.1231e-01      1.037     6.8264  1003.0186     4.7525     24.473          4 0.0000e+00
     25.000   0.672166    14.0099 1.1280e-01      1.030     6.7953  1003.0386     4.7616     25.493          4 0.0000e+00
     26.000   0.672158    13.9615 1.1242e-01      1.071     6.7828  1003.0549     4.7674     26.512          4 0.0000e+00
     27.000   0.671950    13.9141 1.1226e-01      1.098     6.7548  1003.0699     4.7716     27.532          4 0.0000e+00
     28.000   0.671809    13.8716 1.1233e-01      1.062     6.7209  1003.0841     4.7757     28.552          3 0.0000e+00
     29.000   0.671569    13.8003 1.1195e-01      1.009     6.6765  1003.1046     4.7826     29.572          4 0.0000e+00
     30.000   0.671023    13.6713 1.1219e-01      1.004     6.6543  1003.1373     4.7943     30.592          4 0.0000e+00
     31.000   0.670551    13.5575 1.1166e-01      1.049     6.6028  1003.1666     4.8048     31.611          4 0.0000e+00
     32.000   0.669942    13.4131 1.1231e-01      1.078     6.5693  1003.2024     4.8180     32.631          4 0.0000e+00
     33.000   0.669117    13.2463 1.1227e-01      1.072     6.5888  1003.2420     4.8326     33.651          3 0.0000e+00
     34.000   0.668571    13.1127 1.1149e-01      1.050     6.6674  1003.2752     4.8451     34.670          4 0.0000e+00
     35.000   0.668305    13.0038 1.1278e-01      1.029     6.6746  1003.3041     4.8568     35.690          4 0.0000e+00
     36.000   0.667906    12.8342 1.1183e-01      1.045     6.7383  1003.3463     4.8752     36.710          4 0.0000e+00
     37.000   0.665826    12.5228 1.1202e-01      1.081     6.8541  1003.4112     4.8989     37.730          4 0.0000e+00
     38.000   0.662174    12.0895 1.1185e-01      1.063     7.0090  1003.4936     4.9262     38.749          4 0.0000e+00
     39.000   0.658383    11.6420 1.1240e-01      1.019     7.1500  1003.5766     4.9547     39.769          3 0.0000e+00
     40.000   0.653321    11.0720 1.1184e-01      0.998     7.3418  1003.6765     4.9897     40.789          4 0.0000e+00
     41.000   0.645891    10.2762 1.1220e-01      1.002     7.4593  1003.8059     5.0367     41.809          4 0.0000e+00
     42.000   0.635576     9.2831 1.1136e-01      1.023     7.3736  1003.9499     5.0882     42.828          4 0.0000e+00
     43.000   0.627107     8.5045 1.1180e-01      1.019     7.3578  1004.0530     5.1262     43.848          4 0.0000e+00
     44.000   0.619270     7.7970 1.1159e-01      0.993     7.3683  1004.1396     5.1602     44.867          4 0.0000e+00
     45.000   0.609602     7.0065 1.1162e-01      1.000     7.3619  1004.2224     5.1907     45.887          4 0.0000e+00
     46.000   0.602919     6.4304 1.1090e-01      1.025     7.3472  1004.2813     5.2165     46.907          4 0.0000e+00
     47.000   0.597699     5.9413 1.1214e-01      1.045     7.2696  1004.3321     5.2429     47.927          4 0.0000e+00
     48.000   0.592085     5.3668 1.1147e-01      0.996     7.2000  1004.3910     5.2794     48.946          4 0.0000e+00
     49.000   0.587070     4.7834 1.1191e-01      0.933     7.1615  1004.4518     5.3238     49.966          4 0.0000e+00
     50.000   0.582307     4.1926 1.1208e-01      0.951     7.0703  1004.5116     5.3728     50.986          4 0.0000e+00
     51.000   0.580786     3.8347 1.1218e-01      1.033     7.0116  1004.5584     5.4166     52.006          4 0.0000e+00
     52.000   0.581490     3.6873 1.1150e-01      1.018     6.9555  1004.5907     5.4482     53.025          5 0.0000e+00
     53.000   0.582351     3.6005 1.1191e-01      0.964     6.9582  1004.6153     5.4713     54.045          4 0.0000e+00
     54.000   0.582182     3.4907 1.1135e-01      0.923     6.9531  1004.6350     5.4880     55.065          4 0.0000e+00
     55.000   0.580302     3.3111 1.1183e-01      0.930     6.9384  1004.6509     5.4994     56.084          4 0.0000e+00
     56.000   0.579483     3.1728 1.1159e-01      0.992     6.9041  1004.6691     5.5146     57.104          4 0.0000e+00
     57.000   0.580000     3.0842 1.1151e-01      1.002     6.8656  1004.6909     5.5350     58.124          4 0.0000e+00
     58.000   0.581258     3.0374 1.1192e-01      0.934     6.8273  1004.7128     5.5558     59.144          5 0.0000e+00
     59.000   0.582655     3.0047 1.1156e-01      0.911     6.8022  1004.7337     5.5756     60.163          4 0.0000e+00
     60.000   0.584016     2.9870 1.1122e-01      0.964     6.7938  1004.7522     5.5925     61.183          4 0.0000e+00
     61.000   0.584971     2.9794 1.1082e-01      1.002     6.7870  1004.7660     5.6036     62.203          4 0.0000e+00
     62.000   0.585741     2.9743 1.1116e-01      0.984     6.7401  1004.7778     5.6122     63.222          4 0.0000e+00
     63.000   0.586501     2.9701 1.1101e-01      0.976     6.6741  1004.7895     5.6207     64.242          4 0.0000e+00
     64.000   0.587842     2.9622 1.1067e-01      0.988     6.6252  1004.8065     5.6357     65.262          4 0.0000e+00
     65.000   0.589341     2.9597 1.1115e-01      0.991     6.6034  1004.8239     5.6514     66.282          4 0.0000e+00
     66.000   0.590761     2.9594 1.1139e-01      0.968     6.5898  1004.8405     5.6659     67.301          4 0.0000e+00
     67.000   0.592002     2.9539 1.1103e-01      0.948     6.5651  1004.8563     5.6795     68.321          4 0.0000e+00
     68.000   0.593138     2.9568 1.1109e-01      0.993     6.5125  1004.8700     5.6906     69.341          4 0.0000e+00
     69.000   0.594441     2.9609 1.1064e-01      1.061     6.4481  1004.8849     5.7031     70.361          4 0.0000e+00
     70.000   0.595815     2.9655 1.1069e-01      1.060     6.4004  1004.9004     5.7163     71.380          4 0.0000e+00
     71.000   0.596672     2.9674 1.1094e-01      1.000     6.3064  1004.9120     5.7247     72.400          4 0.0000e+00
     72.000   0.597691     2.9697 1.1093e-01      0.994     6.0401  1004.9248     5.7346     73.420          4 0.0000e+00
     73.000   0.600109     2.9798 1.1054e-01      0.997     5.6145  1004.9480     5.7575     74.439          4 0.0000e+00
     74.000   0.604515     3.0075 1.1062e-01      1.000     5.0664  1004.9848     5.7977     75.459          4 0.0000e+00
     75.000   0.610149     3.0558 1.1056e-01      1.015     4.5131  1005.0284     5.8466     76.478          4 0.0000e+00
     76.000   0.616640     3.1231 1.1051e-01      1.044     4.2169  1005.0760     5.9008     77.498          4 0.0000e+00
     77.000   0.620143     3.1654 1.1041e-01      1.031     4.1202  1005.1028     5.9287     78.518          4 0.0000e+00
     78.000   0.620995     3.1775 1.1081e-01      0.969     4.1032  1005.1127     5.9351     79.538          5 0.0000e+00
     79.000   0.621359     3.1835 1.1073e-01      0.808     4.1150  1005.1196     5.9376     80.557          7 0.0000e+00
     80.000   0.621940     3.2028 1.1060e-01      0.287     4.1352  1005.1261     5.9399     81.577         16 0.0000e+00
     81.000   0.622334     3.2080 1.1035e-01      0.212     3.9649  1005.1333     5.9429     82.597         14 0.0000e+00
     82.000   0.623104     3.2147 1.1029e-01      0.428     3.7162  1005.1434     5.9494     83.616          7 0.0000e+00
