ctdpy/exports/archive_20191121_115250/received_data/gv1_v23_18.cnv
* Sea-Bird SBE19plus Data File:
* FileName = C:\CTD\CTD 2018\Gv1_v23_18.hex
* Software Version 1.59
* Temperature SN =  7668
* Conductivity SN =  7668
* System UpLoad Time = Jun 04 2018 17:57:10
** SGv1 2018K12 v23
* ds
# nquan = 10
# nvalues = 43                          
# units = specified
# name 0 = prdM: Pressure, Strain Gauge [db]
# name 1 = c0S/m: Conductivity [S/m]
# name 2 = tv290C: Temperature [ITS-90, deg C]
# name 3 = par: PAR/Irradiance, Biospherical/Licor
# name 4 = dz/dtM: Descent Rate [m/s]
# name 5 = density00: Density [density, kg/m^3]
# name 6 = sal00: Salinity, Practical [PSU]
# name 7 = depFM: Depth [fresh water, m], lat = 0
# name 8 = nbin: number of scans per bin
# name 9 = flag: flag
# span 0 =      1.000,     43.000       
# span 1 =   0.509955,   0.579223       
# span 2 =     1.5271,     3.6928       
# span 3 = -1.119e-04, 1.6642e+02       
# span 4 =     -0.006,      1.320       
# span 5 =  1003.9956,  1004.7132       
# span 6 =     4.9386,     5.6613       
# span 7 =      1.020,     43.848       
# span 8 =          3,         10       
# span 9 = 0.0000e+00, 0.0000e+00       
# interval = decibars: 1                
# start_time = Jun 04 2018 15:47:13 [Instrument's time stamp, header]
# bad_flag = -9.990e-29
*END*
      1.000   0.537601     3.6809 1.6642e+02      0.163  1003.9956     5.0154      1.020         10 0.0000e+00
      2.000   0.537662     3.6838 1.1499e+02      0.690  1004.0006     5.0155      2.039          4 0.0000e+00
      3.000   0.537866     3.6928 9.2880e+01      1.193  1004.0058     5.0160      3.059          4 0.0000e+00
      4.000   0.537819     3.6830 1.2232e+02      1.116  1004.0116     5.0170      4.079          5 0.0000e+00
      5.000   0.537718     3.6699 1.1315e+02      0.737  1004.0174     5.0179      5.099          6 0.0000e+00
      6.000   0.537653     3.6616 9.1542e+01      0.717  1004.0228     5.0184      6.118          5 0.0000e+00
      7.000   0.537593     3.6529 7.3707e+01      0.746  1004.0284     5.0191      7.138          5 0.0000e+00
      8.000   0.537385     3.6144 5.3171e+01      0.772  1004.0368     5.0229      8.158          6 0.0000e+00
      9.000   0.536698     3.4744 4.0375e+01      0.720  1004.0549     5.0376      9.177          5 0.0000e+00
     10.000   0.535545     3.2114 2.8893e+01      0.807  1004.0851     5.0671     10.197          5 0.0000e+00
     11.000   0.532766     2.7089 2.2511e+01      0.797  1004.1317     5.1185     11.217          5 0.0000e+00
     12.000   0.529897     2.2579 1.7056e+01      0.770  1004.1685     5.1616     12.237          5 0.0000e+00
     13.000   0.529690     1.9962 1.3894e+01      0.779  1004.2031     5.2023     13.256          5 0.0000e+00
     14.000   0.530323     1.9105 1.0657e+01      0.777  1004.2235     5.2230     14.276          5 0.0000e+00
     15.000   0.531694     1.8720 8.2757e+00      0.836  1004.2445     5.2438     15.296          5 0.0000e+00
     16.000   0.532024     1.7693 6.6962e+00      0.835  1004.2643     5.2644     16.316          4 0.0000e+00
     17.000   0.533026     1.7266 5.6169e+00      0.879  1004.2828     5.2820     17.335          5 0.0000e+00
     18.000   0.533558     1.6854 4.8213e+00      0.835  1004.2970     5.2945     18.355          5 0.0000e+00
     19.000   0.533405     1.5923 4.0273e+00      0.875  1004.3115     5.3085     19.375          5 0.0000e+00
     20.000   0.534614     1.5668 3.4974e+00      0.789  1004.3297     5.3256     20.394          6 0.0000e+00
     21.000   0.535797     1.5634 3.0225e+00      0.526  1004.3451     5.3387     21.414          5 0.0000e+00
     22.000   0.536066     1.5306 2.2442e+00      0.781  1004.3562     5.3471     22.433          4 0.0000e+00
     23.000   0.537031     1.5271 1.7375e+00      1.117  1004.3698     5.3579     23.453          3 0.0000e+00
     24.000   0.539024     1.5574 1.3442e+00      1.119  1004.3882     5.3738     24.473          4 0.0000e+00
     25.000   0.540942     1.5771 1.0834e+00      1.142  1004.4071     5.3907     25.493          3 0.0000e+00
     26.000   0.542249     1.5759 8.4050e-01      1.172  1004.4234     5.4047     26.512          3 0.0000e+00
     27.000   0.543801     1.5958 6.4757e-01      1.257  1004.4392     5.4177     27.532          4 0.0000e+00
     28.000   0.545123     1.6146 4.9052e-01      1.266  1004.4531     5.4284     28.552          3 0.0000e+00
     29.000   0.546308     1.6269 3.8031e-01      1.273  1004.4666     5.4388     29.572          3 0.0000e+00
     30.000   0.547796     1.6473 2.7127e-01      1.283  1004.4817     5.4510     30.592          3 0.0000e+00
     31.000   0.549931     1.6835 1.9466e-01      1.279  1004.5005     5.4673     31.611          3 0.0000e+00
     32.000   0.552566     1.7337 1.4591e-01      1.272  1004.5216     5.4864     32.631          3 0.0000e+00
     33.000   0.555795     1.8015 9.7000e-02      1.241  1004.5455     5.5086     33.651          4 0.0000e+00
     34.000   0.560655     1.9008 5.3767e-02      1.256  1004.5791     5.5425     34.671          3 0.0000e+00
     35.000   0.566206     2.0157 1.2923e-02      1.320  1004.6161     5.5807     35.690          3 0.0000e+00
     36.000   0.570953     2.1183 -1.119e-04      1.302  1004.6475     5.6123     36.710          3 0.0000e+00
     37.000   0.573919     2.1871 1.0000e-12      1.254  1004.6682     5.6312     37.729          4 0.0000e+00
     38.000   0.575454     2.2260 1.0000e-12      1.168  1004.6807     5.6402     38.749          4 0.0000e+00
     39.000   0.576710     2.2578 1.0000e-12      1.024  1004.6918     5.6476     39.769          4 0.0000e+00
     40.000   0.578340     2.2969 1.0000e-12      0.975  1004.7051     5.6576     40.789          4 0.0000e+00
     41.000   0.579223     2.3270 1.0000e-12      0.920  1004.7132     5.6613     41.809          5 0.0000e+00
     42.000   0.571208     2.3392 1.0000e-12      0.783  1004.6494     5.5754     42.828          8 0.0000e+00
     43.000   0.509955     2.3313 1.0000e-12     -0.006  1004.1442     4.9386     43.848          3 0.0000e+00
