ctdpy/exports/archive_20191121_115250/received_data/gv3_v27_18.cnv
* Sea-Bird SBE19plus Data File:
* FileName = C:\CTD\CTD 2018\v27\SGv3_v27_18.hex
* Software Version 1.59
* Temperature SN =  4644
* Conductivity SN =  4644
* System UpLoad Time = Jul 03 2018 15:26:25
** SGv3 k15 v25 2018
* ds
# nquan = 11
# nvalues = 20                          
# units = specified
# name 0 = prdM: Pressure, Strain Gauge [db]
# name 1 = c0S/m: Conductivity [S/m]
# name 2 = tv290C: Temperature [ITS-90, deg C]
# name 3 = par: PAR/Irradiance, Biospherical/Licor
# name 4 = dz/dtM: Descent Rate [m/s]
# name 5 = sbeox0ML/L: Oxygen, SBE 43 [ml/l]
# name 6 = density00: Density [density, kg/m^3]
# name 7 = sal00: Salinity, Practical [PSU]
# name 8 = depFM: Depth [fresh water, m], lat = 0
# name 9 = nbin: number of scans per bin
# name 10 = flag: flag
# span 0 =      1.000,     20.000       
# span 1 =   0.609211,   0.658771       
# span 2 =     7.9485,    12.9506       
# span 3 = 2.3895e+00, 1.0799e+03       
# span 4 =      0.026,      0.666       
# span 5 =     6.2911,     8.1237       
# span 6 =  1003.1068,  1003.9737       
# span 7 =     4.7915,     5.1091       
# span 8 =      1.020,     20.394       
# span 9 =          6,         11       
# span 10 = 0.0000e+00, 0.0000e+00      
# interval = decibars: 1                
# start_time = Jul 03 2018 15:05:34 [Instrument's time stamp, header]
# bad_flag = -9.990e-29
*END*
      1.000   0.658398    12.8939 1.0799e+03      0.033     6.6429  1003.1131     4.7958      1.020          8 0.0000e+00
      2.000   0.658771    12.9506 7.0942e+02      0.565     6.3406  1003.1068     4.7915      2.039          7 0.0000e+00
      3.000   0.658661    12.9424 5.0985e+02      0.639     6.2911  1003.1126     4.7916      3.059          7 0.0000e+00
      4.000   0.658436    12.9052 3.5007e+02      0.639     6.3878  1003.1246     4.7945      4.079          6 0.0000e+00
      5.000   0.658153    12.8464 2.2774e+02      0.632     6.5601  1003.1413     4.7996      5.099          6 0.0000e+00
      6.000   0.654877    12.3993 1.6280e+02      0.666     7.3359  1003.2294     4.8305      6.118          6 0.0000e+00
      7.000   0.646868    11.8160 1.1746e+02      0.652     8.0074  1003.3172     4.8416      7.138          6 0.0000e+00
      8.000   0.639944    11.4850 8.2874e+01      0.630     7.8659  1003.3522     4.8287      8.158          7 0.0000e+00
      9.000   0.636234    11.2492 5.9855e+01      0.609     8.0219  1003.3852     4.8292      9.177          6 0.0000e+00
     10.000   0.634582    10.9916 4.3850e+01      0.596     8.1028  1003.4353     4.8493     10.197          7 0.0000e+00
     11.000   0.632476    10.7080 3.1306e+01      0.621     8.1064  1003.4873     4.8693     11.217          6 0.0000e+00
     12.000   0.627335    10.4390 2.2631e+01      0.617     8.1237  1003.5158     4.8624     12.237          7 0.0000e+00
     13.000   0.624904    10.2261 1.6381e+01      0.628     8.1143  1003.5493     4.8705     13.256          6 0.0000e+00
     14.000   0.621140     9.7258 1.2118e+01      0.612     8.0822  1003.6322     4.9061     14.276          7 0.0000e+00
     15.000   0.615259     9.1762 8.9158e+00      0.617     8.0425  1003.7082     4.9310     15.296          7 0.0000e+00
     16.000   0.611366     8.7741 6.5715e+00      0.600     8.0733  1003.7657     4.9530     16.315          6 0.0000e+00
     17.000   0.609211     8.4436 4.8711e+00      0.580     7.9022  1003.8196     4.9805     17.335          8 0.0000e+00
     18.000   0.609963     8.2454 3.7075e+00      0.492     7.8926  1003.8673     5.0150     18.355          9 0.0000e+00
     19.000   0.616190     8.3243 2.8252e+00      0.286     7.5972  1003.8997     5.0584     19.375         11 0.0000e+00
     20.000   0.615805     7.9485 2.3895e+00      0.026     7.1302  1003.9737     5.1091     20.394          9 0.0000e+00
