ctdpy/exports/archive_20191121_115250/received_data/gv4_v27_18.cnv
* Sea-Bird SBE19plus Data File:
* FileName = C:\CTD\CTD 2018\v27\Gv4_v27_18.hex
* Software Version 1.59
* Temperature SN =  4644
* Conductivity SN =  4644
* System UpLoad Time = Jul 03 2018 16:04:00
** SGv4 v27 k15 2018
* ds
# nquan = 11
# nvalues = 25                          
# units = specified
# name 0 = prdM: Pressure, Strain Gauge [db]
# name 1 = c0S/m: Conductivity [S/m]
# name 2 = tv290C: Temperature [ITS-90, deg C]
# name 3 = par: PAR/Irradiance, Biospherical/Licor
# name 4 = dz/dtM: Descent Rate [m/s]
# name 5 = sbeox0ML/L: Oxygen, SBE 43 [ml/l]
# name 6 = density00: Density [density, kg/m^3]
# name 7 = sal00: Salinity, Practical [PSU]
# name 8 = depFM: Depth [fresh water, m], lat = 0
# name 9 = nbin: number of scans per bin
# name 10 = flag: flag
# span 0 =      1.000,     25.000       
# span 1 =   0.582638,   0.659857       
# span 2 =     3.2333,    12.6049       
# span 3 = 5.9544e-01, 1.0972e+03       
# span 4 =     -0.041,      0.621       
# span 5 =     7.6357,     8.3888       
# span 6 =  1003.1877,  1004.5359       
# span 7 =     4.8408,     5.5398       
# span 8 =      1.020,     25.493       
# span 9 =          6,         22       
# span 10 = 0.0000e+00, 0.0000e+00      
# interval = decibars: 1                
# start_time = Jul 03 2018 15:40:26 [Instrument's time stamp, header]
# bad_flag = -9.990e-29
*END*
      1.000   0.659589    12.6049 1.0972e+03     -0.041     8.0322  1003.1877     4.8417      1.020          7 0.0000e+00
      2.000   0.659857    12.4379 6.4944e+02      0.523     7.7502  1003.2325     4.8651      2.039          8 0.0000e+00
      3.000   0.658137    12.3037 4.3354e+02      0.575     7.6357  1003.2575     4.8688      3.059          7 0.0000e+00
      4.000   0.655420    12.1680 2.7692e+02      0.575     7.6969  1003.2766     4.8646      4.079          7 0.0000e+00
      5.000   0.652958    12.0497 1.9088e+02      0.554     7.7498  1003.2929     4.8602      5.099          7 0.0000e+00
      6.000   0.649758    11.9004 1.3831e+02      0.614     7.7097  1003.3115     4.8539      6.118          6 0.0000e+00
      7.000   0.647323    11.7817 9.6270e+01      0.604     7.7994  1003.3277     4.8497      7.138          7 0.0000e+00
      8.000   0.644847    11.6766 7.1013e+01      0.610     7.7898  1003.3404     4.8434      8.157          7 0.0000e+00
      9.000   0.643290    11.5989 5.2059e+01      0.621     7.8408  1003.3526     4.8408      9.178          6 0.0000e+00
     10.000   0.642326    11.5246 3.8403e+01      0.610     7.8372  1003.3677     4.8426     10.197          7 0.0000e+00
     11.000   0.641031    11.3953 2.7890e+01      0.615     7.7989  1003.3927     4.8489     11.217          6 0.0000e+00
     12.000   0.639116    11.2128 2.0900e+01      0.614     7.8875  1003.4253     4.8571     12.237          7 0.0000e+00
     13.000   0.638077    11.0845 1.5583e+01      0.595     7.9582  1003.4513     4.8655     13.256          7 0.0000e+00
     14.000   0.636371    10.8232 1.1554e+01      0.593     8.0245  1003.5015     4.8859     14.276          6 0.0000e+00
     15.000   0.632227    10.2868 8.6531e+00      0.558     8.1149  1003.5933     4.9233     15.296          8 0.0000e+00
     16.000   0.625411     9.5907 6.4635e+00      0.553     8.2743  1003.6971     4.9606     16.315          7 0.0000e+00
     17.000   0.616421     8.8334 4.8294e+00      0.562     8.1284  1003.7929     4.9885     17.335          7 0.0000e+00
     18.000   0.610867     8.3308 3.6114e+00      0.577     8.1523  1003.8572     5.0108     18.355          7 0.0000e+00
     19.000   0.608265     8.0086 2.7396e+00      0.528     8.1703  1003.9048     5.0338     19.375          8 0.0000e+00
     20.000   0.601860     7.3869 2.0592e+00      0.535     8.1339  1003.9795     5.0664     20.394          7 0.0000e+00
     21.000   0.598814     7.0740 1.5697e+00      0.515     8.3888  1004.0191     5.0846     21.414          8 0.0000e+00
     22.000   0.594510     6.5490 1.1821e+00      0.586     8.3269  1004.0847     5.1231     22.434          8 0.0000e+00
     23.000   0.596095     5.5389 9.3840e-01      0.309     7.9528  1004.2721     5.2943     23.453         12 0.0000e+00
     24.000   0.586249     4.1037 7.5583e-01      0.167     8.0080  1004.4304     5.4291     24.473         22 0.0000e+00
     25.000   0.582638     3.2333 5.9544e-01      0.170     7.9543  1004.5359     5.5398     25.493         20 0.0000e+00
