ctdpy/exports/archive_20191121_115250/received_data/gv5_v31_18.cnv
* Sea-Bird SBE19plus Data File:
* FileName = C:\CTD\CTD 2018\v31\Gv5_v31_18.hex
* Software Version 1.59
* Temperature SN =  4644
* Conductivity SN =  4644
* System UpLoad Time = Jul 30 2018 16:25:35
** Gv5_v31_18
* ds
# nquan = 11
# nvalues = 49                          
# units = specified
# name 0 = prdM: Pressure, Strain Gauge [db]
# name 1 = c0S/m: Conductivity [S/m]
# name 2 = tv290C: Temperature [ITS-90, deg C]
# name 3 = par: PAR/Irradiance, Biospherical/Licor
# name 4 = dz/dtM: Descent Rate [m/s]
# name 5 = sbeox0ML/L: Oxygen, SBE 43 [ml/l]
# name 6 = density00: Density [density, kg/m^3]
# name 7 = sal00: Salinity, Practical [PSU]
# name 8 = depFM: Depth [fresh water, m], lat = 0
# name 9 = nbin: number of scans per bin
# name 10 = flag: flag
# span 0 =      1.000,     49.000       
# span 1 =   0.549404,   0.769367       
# span 2 =     2.1075,    20.3128       
# span 3 = 1.0377e-01, 2.5944e+02       
# span 4 =      0.117,      0.655       
# span 5 =     6.0519,     7.8810       
# span 6 =  1001.6650,  1004.7293       
# span 7 =     4.6327,     5.6327       
# span 8 =      1.020,     49.966       
# span 9 =          6,         12       
# span 10 = 0.0000e+00, 0.0000e+00      
# interval = decibars: 1                
# start_time = Jul 30 2018 16:01:33 [Instrument's time stamp, header]
# bad_flag = -9.990e-29
*END*
      1.000   0.756423    20.3128 2.5944e+02      0.117     6.5098  1001.6650     4.6327      1.020         12 0.0000e+00
      2.000   0.755824    20.2699 1.5846e+02      0.323     6.5017  1001.6794     4.6333      2.039         12 0.0000e+00
      3.000   0.755029    20.2006 1.0244e+02      0.373     6.4922  1001.7007     4.6355      3.059         11 0.0000e+00
      4.000   0.755016    20.1723 6.9287e+01      0.351     6.4862  1001.7136     4.6385      4.079          9 0.0000e+00
      5.000   0.755211    20.1567 4.6293e+01      0.486     6.4834  1001.7237     4.6414      5.099          9 0.0000e+00
      6.000   0.755460    20.1448 3.3029e+01      0.450     6.4695  1001.7330     4.6443      6.118          8 0.0000e+00
      7.000   0.755841    20.1287 2.3784e+01      0.521     6.3959  1001.7442     4.6484      7.138          8 0.0000e+00
      8.000   0.755281    20.0734 1.7722e+01      0.485     6.3597  1001.7624     4.6507      8.158          7 0.0000e+00
      9.000   0.755724    20.0341 1.3246e+01      0.581     6.3614  1001.7808     4.6579      9.177          7 0.0000e+00
     10.000   0.756496    20.0212 9.9455e+00      0.605     6.3678  1001.7930     4.6643     10.197          7 0.0000e+00
     11.000   0.757153    20.0134 7.4389e+00      0.628     6.3959  1001.8032     4.6695     11.217          6 0.0000e+00
     12.000   0.759438    19.9980 5.6563e+00      0.612     6.4135  1001.8237     4.6862     12.237          7 0.0000e+00
     13.000   0.763349    19.9882 4.3225e+00      0.618     6.4260  1001.8508     4.7131     13.256          6 0.0000e+00
     14.000   0.766151    19.9757 3.2934e+00      0.655     6.4315  1001.8731     4.7330     14.276          6 0.0000e+00
     15.000   0.769117    19.9831 2.5726e+00      0.611     6.4295  1001.8903     4.7518     15.296          7 0.0000e+00
     16.000   0.769367    19.9628 1.9922e+00      0.623     6.4272  1001.9021     4.7556     16.315          6 0.0000e+00
     17.000   0.768023    19.9175 1.5538e+00      0.625     6.4354  1001.9134     4.7517     17.335          7 0.0000e+00
     18.000   0.762246    19.7650 1.2233e+00      0.600     6.4790  1001.9342     4.7302     18.355          6 0.0000e+00
     19.000   0.754745    19.5184 9.5490e-01      0.634     6.5397  1001.9736     4.7075     19.375          7 0.0000e+00
     20.000   0.751564    19.2922 7.5744e-01      0.591     6.6875  1002.0283     4.7113     20.394          7 0.0000e+00
     21.000   0.749559    18.9277 5.9435e-01      0.582     6.8558  1002.1286     4.7386     21.414          6 0.0000e+00
     22.000   0.740134    18.2032 4.7012e-01      0.636     7.2049  1002.2913     4.7564     22.434          7 0.0000e+00
     23.000   0.713724    16.5638 3.7981e-01      0.526     7.6913  1002.6069     4.7612     23.454          7 0.0000e+00
     24.000   0.677453    14.2312 3.0399e-01      0.596     7.8810  1003.0071     4.7744     24.473          7 0.0000e+00
     25.000   0.640400    11.6605 2.5247e-01      0.553     7.7705  1003.3920     4.8084     25.493          7 0.0000e+00
     26.000   0.608080     9.1912 2.1079e-01      0.598     7.7141  1003.7052     4.8668     26.513          7 0.0000e+00
     27.000   0.581057     6.8542 1.8294e-01      0.592     7.5604  1003.9551     4.9547     27.532          7 0.0000e+00
     28.000   0.564254     5.2268 1.6281e-01      0.566     7.4947  1004.1064     5.0373     28.552          6 0.0000e+00
     29.000   0.554782     4.1294 1.4796e-01      0.633     7.4092  1004.2038     5.1135     29.572          7 0.0000e+00
     30.000   0.553544     3.6752 1.3757e-01      0.547     7.4699  1004.2634     5.1727     30.592          7 0.0000e+00
     31.000   0.551170     3.2420 1.2941e-01      0.597     7.5042  1004.3090     5.2182     31.611          7 0.0000e+00
     32.000   0.550362     2.8763 1.2392e-01      0.513     7.4296  1004.3565     5.2695     32.631          7 0.0000e+00
     33.000   0.549404     2.5526 1.1925e-01      0.598     7.4296  1004.3959     5.3132     33.651          7 0.0000e+00
     34.000   0.550831     2.3710 1.1618e-01      0.543     7.2427  1004.4362     5.3584     34.670          7 0.0000e+00
     35.000   0.555182     2.3886 1.1306e-01      0.629     7.1472  1004.4750     5.4005     35.690          7 0.0000e+00
     36.000   0.557534     2.3996 1.1137e-01      0.577     7.1379  1004.4980     5.4230     36.710          7 0.0000e+00
     37.000   0.559247     2.3999 1.0956e-01      0.571     7.1197  1004.5171     5.4407     37.729          6 0.0000e+00
     38.000   0.559599     2.3121 1.0820e-01      0.606     7.1209  1004.5364     5.4593     38.749          8 0.0000e+00
     39.000   0.559667     2.2343 1.0717e-01      0.525     7.0145  1004.5520     5.4734     39.769          7 0.0000e+00
     40.000   0.560325     2.1708 1.0623e-01      0.631     6.8348  1004.5707     5.4912     40.789          7 0.0000e+00
     41.000   0.561269     2.1455 1.0566e-01      0.506     6.7545  1004.5868     5.5053     41.808          7 0.0000e+00
     42.000   0.562155     2.1141 1.0486e-01      0.613     6.7631  1004.6032     5.5200     42.828          7 0.0000e+00
     43.000   0.563461     2.1075 1.0478e-01      0.479     6.7540  1004.6199     5.5348     43.848          8 0.0000e+00
     44.000   0.565292     2.1131 1.0435e-01      0.527     6.6772  1004.6395     5.5529     44.868          9 0.0000e+00
     45.000   0.567226     2.1278 1.0421e-01      0.412     6.5633  1004.6587     5.5705     45.887          9 0.0000e+00
     46.000   0.569977     2.1677 1.0402e-01      0.462     6.3522  1004.6814     5.5923     46.907          9 0.0000e+00
     47.000   0.572116     2.1966 1.0391e-01      0.381     6.1945  1004.7004     5.6095     47.927          9 0.0000e+00
     48.000   0.573726     2.2231 1.0383e-01      0.419     6.0519  1004.7152     5.6215     48.946         11 0.0000e+00
     49.000   0.575244     2.2493 1.0377e-01      0.395 -9.990e-29  1004.7293     5.6327     49.966          9 0.0000e+00
