ctdpy/exports/archive_20191121_115250/received_data/ha2_v23_18.cnv
* Sea-Bird SBE19plus Data File:
* FileName = C:\CTD\CTD 2018\Ha2_v23_18.hex
* Software Version 1.59
* Temperature SN =  7668
* Conductivity SN =  7668
* System UpLoad Time = Jun 04 2018 17:54:56
** SHa2 2018K12 v23
* ds
# nquan = 10
# nvalues = 25                          
# units = specified
# name 0 = prdM: Pressure, Strain Gauge [db]
# name 1 = c0S/m: Conductivity [S/m]
# name 2 = tv290C: Temperature [ITS-90, deg C]
# name 3 = par: PAR/Irradiance, Biospherical/Licor
# name 4 = dz/dtM: Descent Rate [m/s]
# name 5 = density00: Density [density, kg/m^3]
# name 6 = sal00: Salinity, Practical [PSU]
# name 7 = depFM: Depth [fresh water, m], lat = 0
# name 8 = nbin: number of scans per bin
# name 9 = flag: flag
# span 0 =      1.000,     25.000       
# span 1 =   0.453063,   0.549100       
# span 2 =     1.7986,    10.2152       
# span 3 = 1.0000e-12, 8.4006e+01       
# span 4 =      0.172,      0.970       
# span 5 =  1002.3921,  1004.4447       
# span 6 =     3.4565,     5.4388       
# span 7 =      1.020,     25.493       
# span 8 =          4,         18       
# span 9 = 0.0000e+00, 0.0000e+00       
# interval = decibars: 1                
# start_time = Jun 04 2018 14:55:41 [Instrument's time stamp, header]
# bad_flag = -9.990e-29
*END*
      1.000   0.453063    10.2152 8.4006e+01      0.185  1002.3921     3.4565      1.020         10 0.0000e+00
      2.000   0.453230    10.2021 3.4414e+01      0.516  1002.4001     3.4590      2.039          8 0.0000e+00
      3.000   0.453517    10.1811 2.2659e+01      0.610  1002.4103     3.4633      3.059          5 0.0000e+00
      4.000   0.454065    10.1372 2.1263e+01      0.736  1002.4261     3.4719      4.079          6 0.0000e+00
      5.000   0.455550    10.0100 1.3757e+01      0.777  1002.4623     3.4961      5.099          4 0.0000e+00
      6.000   0.461439     9.4532 9.2449e+00      0.830  1002.5998     3.5995      6.118          5 0.0000e+00
      7.000   0.485325     7.4390 4.5269e+00      0.850  1003.0902     4.0251      7.138          5 0.0000e+00
      8.000   0.512577     4.8792 2.7325e+00      0.888  1003.6703     4.5960      8.158          4 0.0000e+00
      9.000   0.516919     3.8407 1.9156e+00      0.889  1003.8493     4.7855      9.177          5 0.0000e+00
     10.000   0.520568     3.3850 1.3300e+00      0.907  1003.9422     4.8895     10.197          4 0.0000e+00
     11.000   0.522736     3.0448 9.5045e-01      0.916  1004.0078     4.9632     11.217          4 0.0000e+00
     12.000   0.525258     2.7785 6.7549e-01      0.894  1004.0664     5.0304     12.237          5 0.0000e+00
     13.000   0.527997     2.5871 4.6825e-01      0.959  1004.1175     5.0887     13.256          4 0.0000e+00
     14.000   0.529975     2.4492 3.5145e-01      0.936  1004.1557     5.1312     14.276          4 0.0000e+00
     15.000   0.531725     2.3096 2.3466e-01      0.970  1004.1922     5.1719     15.296          5 0.0000e+00
     16.000   0.533345     2.1771 1.7306e-01      0.911  1004.2267     5.2104     16.316          4 0.0000e+00
     17.000   0.534610     2.0902 1.1599e-01      0.921  1004.2528     5.2379     17.335          4 0.0000e+00
     18.000   0.536253     2.0089 6.6820e-02      0.960  1004.2813     5.2686     18.355          4 0.0000e+00
     19.000   0.539277     1.8929 3.9061e-02      0.946  1004.3258     5.3198     19.375          5 0.0000e+00
     20.000   0.543404     1.8157 1.1063e-02      0.910  1004.3750     5.3764     20.394          5 0.0000e+00
     21.000   0.545347     1.7986 7.1700e-04      0.800  1004.3985     5.3998     21.414          7 0.0000e+00
     22.000   0.547427     1.8075 1.0000e-12      0.239  1004.4199     5.4201     22.434         18 0.0000e+00
     23.000   0.548810     1.8022 1.0000e-12      0.172  1004.4372     5.4356     23.453          7 0.0000e+00
     24.000   0.549100     1.8010 1.0000e-12      0.823  1004.4447     5.4388     24.473          6 0.0000e+00
     25.000   0.545973     1.8209 1.0000e-12      0.573  1004.4206     5.4021     25.493         10 0.0000e+00
