ctdpy/exports/archive_20191121_115250/received_data/ha5_v31_18.cnv
* Sea-Bird SBE19plus Data File:
* FileName = C:\CTD\CTD 2018\v31\Ha5_v31_18.hex
* Software Version 1.59
* Temperature SN =  4644
* Conductivity SN =  4644
* System UpLoad Time = Jul 30 2018 14:21:22
** Ha5_v31_18
* ds
# nquan = 11
# nvalues = 27                          
# units = specified
# name 0 = prdM: Pressure, Strain Gauge [db]
# name 1 = c0S/m: Conductivity [S/m]
# name 2 = tv290C: Temperature [ITS-90, deg C]
# name 3 = par: PAR/Irradiance, Biospherical/Licor
# name 4 = dz/dtM: Descent Rate [m/s]
# name 5 = sbeox0ML/L: Oxygen, SBE 43 [ml/l]
# name 6 = density00: Density [density, kg/m^3]
# name 7 = sal00: Salinity, Practical [PSU]
# name 8 = depFM: Depth [fresh water, m], lat = 0
# name 9 = nbin: number of scans per bin
# name 10 = flag: flag
# span 0 =      1.000,     27.000       
# span 1 =   0.568756,   0.750581       
# span 2 =     3.0209,    20.3148       
# span 3 = 1.4618e-01, 1.8336e+02       
# span 4 =      0.060,      0.618       
# span 5 =     6.0168,     7.3968       
# span 6 =  1001.6056,  1004.5926       
# span 7 =     4.5539,     5.5963       
# span 8 =      1.020,     27.532       
# span 9 =          6,         27       
# span 10 = 0.0000e+00, 0.0000e+00      
# interval = decibars: 1                
# start_time = Jul 30 2018 13:48:29 [Instrument's time stamp, header]
# bad_flag = -9.990e-29
*END*
      1.000   0.744585    20.3148 1.8336e+02      0.060     6.4368  1001.6056     4.5548      1.020         11 0.0000e+00
      2.000   0.743265    20.2408 1.1169e+02      0.301     6.4402  1001.6256     4.5539      2.039         12 0.0000e+00
      3.000   0.743269    20.2365 6.9457e+01      0.370     6.4087  1001.6314     4.5544      3.059         12 0.0000e+00
      4.000   0.742883    20.1786 4.6408e+01      0.340     6.3742  1001.6512     4.5579      4.079         11 0.0000e+00
      5.000   0.745994    20.1723 3.2126e+01      0.365     6.3837  1001.6731     4.5790      5.099         10 0.0000e+00
      6.000   0.749189    20.1646 2.3131e+01      0.448     6.3923  1001.6958     4.6008      6.118          8 0.0000e+00
      7.000   0.750304    20.1156 1.6475e+01      0.598     6.3969  1001.7205     4.6134      7.138          6 0.0000e+00
      8.000   0.750581    20.0728 1.2140e+01      0.618     6.3816  1001.7391     4.6198      8.158          8 0.0000e+00
      9.000   0.747534    19.9897 9.2821e+00      0.439     6.3868  1001.7530     4.6086      9.177         10 0.0000e+00
     10.000   0.744528    19.8445 7.1081e+00      0.313     6.4067  1001.7853     4.6043     10.197         15 0.0000e+00
     11.000   0.746915    19.7245 5.5103e+00      0.162     6.4358  1001.8373     4.6331     11.217         26 0.0000e+00
     12.000   0.748165    19.6886 4.2178e+00      0.142     6.4372  1001.8587     4.6453     12.237         27 0.0000e+00
     13.000   0.748444    19.6833 3.2125e+00      0.210     6.4349  1001.8661     4.6476     13.256         16 0.0000e+00
     14.000   0.747700    19.6486 2.4226e+00      0.319     6.4406  1001.8771     4.6464     14.276         13 0.0000e+00
     15.000   0.747204    19.5641 1.8555e+00      0.325     6.4572  1001.9040     4.6523     15.296         13 0.0000e+00
     16.000   0.747219    19.4787 1.4306e+00      0.305     6.4562  1001.9336     4.6617     16.316         11 0.0000e+00
     17.000   0.746050    19.3416 1.0836e+00      0.422     6.4497  1001.9722     4.6690     17.335         10 0.0000e+00
     18.000   0.741897    18.9810 8.3726e-01      0.375     6.3718  1002.0602     4.6809     18.355         11 0.0000e+00
     19.000   0.732341    18.2938 6.4606e-01      0.348     6.0168  1002.2109     4.6927     19.375         12 0.0000e+00
     20.000   0.711585    16.8718 4.8680e-01      0.323     6.0409  1002.4989     4.7102     20.394         13 0.0000e+00
     21.000   0.702416    16.0850 3.5931e-01      0.271     6.1199  1002.6641     4.7365     21.414         15 0.0000e+00
     22.000   0.666798    13.3379 2.7525e-01      0.282     6.4821  1003.1413     4.8040     22.434         13 0.0000e+00
     23.000   0.589001     6.6441 2.2252e-01      0.327     7.3968  1004.0154     5.0603     23.453         12 0.0000e+00
     24.000   0.568756     3.9736 1.9481e-01      0.312     7.2051  1004.3114     5.2773     24.473         14 0.0000e+00
     25.000   0.572564     3.4434 1.7519e-01      0.274     7.1983  1004.4244     5.4020     25.493         15 0.0000e+00
     26.000   0.577621     3.0636 1.6116e-01      0.199     7.2167  1004.5244     5.5175     26.513         20 0.0000e+00
     27.000   0.584626     3.0209 1.4618e-01      0.248     7.1964  1004.5926     5.5963     27.532          7 0.0000e+00
