ctdpy/exports/archive_20191121_115250/received_data/ms2_v08_18.cnv
* Sea-Bird SBE19plus Data File:
* FileName = C:\CTD\CTD 2018\v08\MS2_v08_18.hex
* Software Version 1.59
* Temperature SN =  4644
* Conductivity SN =  4644
* System UpLoad Time = Feb 20 2018 04:19:00
** MS2_v08_18
* ds
# nquan = 11
# nvalues = 75                          
# units = specified
# name 0 = prdM: Pressure, Strain Gauge [db]
# name 1 = c0S/m: Conductivity [S/m]
# name 2 = tv290C: Temperature [ITS-90, deg C]
# name 3 = par: PAR/Irradiance, Biospherical/Licor
# name 4 = dz/dtM: Descent Rate [m/s]
# name 5 = sbeox0ML/L: Oxygen, SBE 43 [ml/l]
# name 6 = density00: Density [density, kg/m^3]
# name 7 = sal00: Salinity, Practical [PSU]
# name 8 = depFM: Depth [fresh water, m], lat = 0
# name 9 = nbin: number of scans per bin
# name 10 = flag: flag
# span 0 =      1.000,     75.000       
# span 1 =   0.528983,   0.565033       
# span 2 =     1.2408,     2.4040       
# span 3 = 5.1109e-02, 7.3714e-01       
# span 4 =     -0.139,      1.038       
# span 5 =     8.1018,     9.0357       
# span 6 =  1004.2253,  1004.7494       
# span 7 =     5.3226,     5.4962       
# span 8 =      1.020,     76.478       
# span 9 =          2,          8       
# span 10 = 0.0000e+00, 0.0000e+00      
# interval = decibars: 1                
# start_time = Feb 20 2018 03:42:18 [Instrument's time stamp, header]
# bad_flag = -9.990e-29
*END*
      1.000   0.529017     1.2455 3.3081e-01     -0.139     9.0357  1004.2253     5.3227      1.020          2 0.0000e+00
      2.000   0.529170     1.2525 7.3714e-01      0.341     9.0255  1004.2307     5.3230      2.040          8 0.0000e+00
      3.000   0.529058     1.2464 3.5264e-01      0.743     9.0176  1004.2353     5.3227      3.059          7 0.0000e+00
      4.000   0.529057     1.2461 2.7599e-01      0.238     9.0252  1004.2402     5.3227      4.079          8 0.0000e+00
      5.000   0.528983     1.2413 1.4757e-01      0.528     9.0281  1004.2450     5.3226      5.099          8 0.0000e+00
      6.000   0.528983     1.2408 1.0536e-01      0.502     9.0300  1004.2500     5.3226      6.118          8 0.0000e+00
      7.000   0.529083     1.2460 8.6592e-02      0.424     9.0228  1004.2552     5.3227      7.138          8 0.0000e+00
      8.000   0.529246     1.2532 7.0703e-02      0.493     9.0215  1004.2607     5.3231      8.158          5 0.0000e+00
      9.000   0.529310     1.2559 6.2532e-02      0.907     9.0239  1004.2659     5.3232      9.177          5 0.0000e+00
     10.000   0.529326     1.2564 5.8643e-02      0.927     9.0267  1004.2708     5.3232     10.197          4 0.0000e+00
     11.000   0.529334     1.2566 5.6821e-02      0.925     9.0290  1004.2758     5.3231     11.217          5 0.0000e+00
     12.000   0.529324     1.2560 5.5084e-02      0.918     9.0273  1004.2807     5.3230     12.237          4 0.0000e+00
     13.000   0.529317     1.2555 5.4214e-02      0.935     9.0283  1004.2855     5.3229     13.256          4 0.0000e+00
     14.000   0.529348     1.2564 5.3714e-02      0.982     9.0230  1004.2906     5.3230     14.276          4 0.0000e+00
     15.000   0.529381     1.2575 5.3158e-02      0.936     9.0228  1004.2957     5.3230     15.296          5 0.0000e+00
     16.000   0.529385     1.2569 5.2974e-02      0.894     9.0220  1004.3007     5.3231     16.316          4 0.0000e+00
     17.000   0.529346     1.2549 5.2850e-02      0.915     9.0247  1004.3055     5.3229     17.335          4 0.0000e+00
     18.000   0.529426     1.2580 5.2694e-02      0.978     9.0219  1004.3107     5.3231     18.355          4 0.0000e+00
     19.000   0.529487     1.2603 5.2505e-02      0.957     9.0188  1004.3159     5.3233     19.375          5 0.0000e+00
     20.000   0.529514     1.2614 5.2515e-02      0.909     9.0199  1004.3209     5.3233     20.394          4 0.0000e+00
     21.000   0.529564     1.2630 5.2441e-02      0.926     9.0231  1004.3261     5.3234     21.414          4 0.0000e+00
     22.000   0.529597     1.2643 5.2279e-02      0.997     9.0221  1004.3311     5.3234     22.434          4 0.0000e+00
     23.000   0.529653     1.2663 5.2369e-02      0.964     9.0225  1004.3363     5.3236     23.453          5 0.0000e+00
     24.000   0.529752     1.2703 5.2294e-02      0.928     9.0164  1004.3416     5.3239     24.473          4 0.0000e+00
     25.000   0.529988     1.2790 5.2256e-02      0.948     9.0183  1004.3475     5.3248     25.493          4 0.0000e+00
     26.000   0.530190     1.2875 5.2129e-02      0.952     9.0042  1004.3532     5.3254     26.513          4 0.0000e+00
     27.000   0.530512     1.2993 5.2068e-02      0.928     8.9993  1004.3595     5.3267     27.532          4 0.0000e+00
     28.000   0.530747     1.3087 5.2178e-02      0.957     9.0070  1004.3654     5.3276     28.552          5 0.0000e+00
     29.000   0.531035     1.3200 5.2197e-02      0.987     8.9863  1004.3715     5.3286     29.572          4 0.0000e+00
     30.000   0.531377     1.3335 5.2098e-02      0.921     8.9972  1004.3778     5.3299     30.591          4 0.0000e+00
     31.000   0.531621     1.3433 5.2173e-02      0.868     8.9814  1004.3837     5.3307     31.611          4 0.0000e+00
     32.000   0.531796     1.3512 5.2007e-02      0.967     9.0050  1004.3892     5.3310     32.631          4 0.0000e+00
     33.000   0.532428     1.3780 5.1981e-02      1.038     8.9669  1004.3965     5.3331     33.651          5 0.0000e+00
     34.000   0.534635     1.4676 5.2107e-02      0.954     8.8801  1004.4100     5.3413     34.670          4 0.0000e+00
     35.000   0.538076     1.5987 5.2042e-02      0.880     8.8368  1004.4290     5.3554     35.690          4 0.0000e+00
     36.000   0.539230     1.6512 5.1933e-02      0.937     8.8414  1004.4375     5.3586     36.710          4 0.0000e+00
     37.000   0.539622     1.6713 5.2025e-02      0.997     8.8157  1004.4433     5.3592     37.729          5 0.0000e+00
     38.000   0.540512     1.7031 5.2054e-02      0.961     8.7932  1004.4519     5.3631     38.749          4 0.0000e+00
     39.000   0.541664     1.7400 5.1912e-02      0.909     8.7732  1004.4622     5.3689     39.769          4 0.0000e+00
     40.000   0.542561     1.7695 5.1902e-02      0.922     8.7510  1004.4711     5.3732     40.789          4 0.0000e+00
     41.000   0.543506     1.7992 5.1918e-02      0.974     8.7371  1004.4804     5.3780     41.808          4 0.0000e+00
     42.000   0.544531     1.8304 5.1814e-02      0.982     8.7201  1004.4901     5.3834     42.828          5 0.0000e+00
     43.000   0.545611     1.8636 5.1872e-02      0.906     8.6937  1004.5001     5.3890     43.848          4 0.0000e+00
     44.000   0.546869     1.8992 5.1841e-02      0.882     8.6705  1004.5112     5.3961     44.867          4 0.0000e+00
     45.000   0.547844     1.9254 5.1909e-02      0.962     8.6524  1004.5211     5.4018     45.887          5 0.0000e+00
     46.000   0.548791     1.9491 5.1754e-02      1.008     8.6450  1004.5310     5.4076     46.907          4 0.0000e+00
     47.000   0.549343     1.9636 5.1752e-02      0.879     8.6409  1004.5388     5.4108     47.927          5 0.0000e+00
     48.000   0.549842     1.9762 5.1723e-02      0.814     8.6357  1004.5463     5.4138     48.946          4 0.0000e+00
     49.000   0.550615     1.9927 5.1662e-02      0.891     8.6243  1004.5556     5.4190     49.966          5 0.0000e+00
     50.000   0.551241     2.0058 5.1737e-02      0.902     8.6134  1004.5641     5.4232     50.986          4 0.0000e+00
     51.000   0.551601     2.0137 5.1654e-02      0.897     8.6460  1004.5710     5.4256     52.006          4 0.0000e+00
     52.000   0.551681     2.0160 5.1690e-02      0.918     8.6096  1004.5762     5.4259     53.025          5 0.0000e+00
     53.000   0.551740     2.0179 5.1708e-02      0.890     8.6013  1004.5814     5.4261     54.045          5 0.0000e+00
     54.000   0.551996     2.0239 5.1591e-02      0.857     8.6079  1004.5877     5.4276     55.065          4 0.0000e+00
     55.000   0.552305     2.0305 5.1560e-02      0.884     8.5979  1004.5943     5.4296     56.084          5 0.0000e+00
     56.000   0.552378     2.0333 5.1457e-02      0.893     8.5970  1004.5995     5.4298     57.104          4 0.0000e+00
     57.000   0.552442     2.0356 5.1504e-02      0.878     8.5979  1004.6045     5.4300     58.124          5 0.0000e+00
     58.000   0.552639     2.0400 5.1495e-02      0.874     8.5936  1004.6105     5.4312     59.144          4 0.0000e+00
     59.000   0.553057     2.0495 5.1488e-02      0.845     8.5745  1004.6177     5.4338     60.163          5 0.0000e+00
     60.000   0.553897     2.0686 5.1491e-02      0.852     8.5517  1004.6272     5.4392     61.183          5 0.0000e+00
     61.000   0.554311     2.0799 5.1432e-02      0.884     8.5394  1004.6341     5.4415     62.203          4 0.0000e+00
     62.000   0.554455     2.0844 5.1423e-02      0.901     8.5395  1004.6396     5.4422     63.222          5 0.0000e+00
     63.000   0.554541     2.0873 5.1378e-02      0.856     8.5336  1004.6448     5.4425     64.242          4 0.0000e+00
     64.000   0.554639     2.0904 5.1352e-02      0.865     8.5301  1004.6501     5.4428     65.262          5 0.0000e+00
     65.000   0.554813     2.0961 5.1303e-02      0.909     8.5231  1004.6557     5.4436     66.282          4 0.0000e+00
     66.000   0.555876     2.1263 5.1313e-02      0.866     8.4570  1004.6657     5.4494     67.301          5 0.0000e+00
     67.000   0.558177     2.1920 5.1328e-02      0.845     8.3706  1004.6813     5.4621     68.321          5 0.0000e+00
     68.000   0.560018     2.2469 5.1202e-02      0.908     8.3260  1004.6944     5.4718     69.341          4 0.0000e+00
     69.000   0.560661     2.2694 5.1291e-02      0.907     8.3130  1004.7017     5.4745     70.360          5 0.0000e+00
     70.000   0.561169     2.2856 5.1287e-02      0.825     8.2973  1004.7087     5.4769     71.380          4 0.0000e+00
     71.000   0.562092     2.3131 5.1164e-02      0.861     8.2694  1004.7176     5.4816     72.400          5 0.0000e+00
     72.000   0.562978     2.3416 5.1159e-02      0.938     8.2444  1004.7260     5.4859     73.419          4 0.0000e+00
     73.000   0.563793     2.3668 5.1109e-02      0.908     8.2120  1004.7343     5.4899     74.439          5 0.0000e+00
     74.000   0.564451     2.3854 5.1121e-02      0.804     8.1468  1004.7422     5.4934     75.459          6 0.0000e+00
     75.000   0.565033     2.4040 5.1133e-02      0.770     8.1018  1004.7494     5.4962     76.478          6 0.0000e+00
