ctdpy/exports/archive_20191121_115250/received_data/nf11_v23_18.cnv
* Sea-Bird SBE19plus Data File:
* FileName = C:\CTD\CTD 2018\v23\Nf11_v23_18.hex
* Software Version 1.59
* Temperature SN =  7668
* Conductivity SN =  7668
* System UpLoad Time = Jun 05 2018 13:49:54
** SNf11 2018K12 v23
* ds
# nquan = 10
# nvalues = 66                          
# units = specified
# name 0 = prdM: Pressure, Strain Gauge [db]
# name 1 = c0S/m: Conductivity [S/m]
# name 2 = tv290C: Temperature [ITS-90, deg C]
# name 3 = par: PAR/Irradiance, Biospherical/Licor
# name 4 = dz/dtM: Descent Rate [m/s]
# name 5 = density00: Density [density, kg/m^3]
# name 6 = sal00: Salinity, Practical [PSU]
# name 7 = depFM: Depth [fresh water, m], lat = 0
# name 8 = nbin: number of scans per bin
# name 9 = flag: flag
# span 0 =      1.000,     66.000       
# span 1 =   0.537875,   0.612978       
# span 2 =     1.7236,     3.0380       
# span 3 = -7.601e-05, 5.5052e+02       
# span 4 =      0.151,      0.920       
# span 5 =  1004.2255,  1005.0099       
# span 6 =     5.3052,     5.8801       
# span 7 =      1.020,     67.301       
# span 8 =          4,         18       
# span 9 = 0.0000e+00, 0.0000e+00       
# interval = decibars: 1                
# start_time = Jun 04 2018 19:14:48 [Instrument's time stamp, header]
# bad_flag = -9.990e-29
*END*
      1.000   0.537970     1.9037 5.5052e+02      0.292  1004.2255     5.3061      1.020          9 0.0000e+00
      2.000   0.537896     1.8993 3.1373e+02      0.647  1004.2303     5.3059      2.039          6 0.0000e+00
      3.000   0.537899     1.8978 2.0336e+02      0.666  1004.2354     5.3061      3.059          6 0.0000e+00
      4.000   0.537881     1.8999 1.6820e+02      0.666  1004.2399     5.3054      4.079          6 0.0000e+00
      5.000   0.537875     1.9003 1.1026e+02      0.669  1004.2446     5.3052      5.099          6 0.0000e+00
      6.000   0.537876     1.8992 7.6580e+01      0.662  1004.2496     5.3053      6.118          6 0.0000e+00
      7.000   0.537899     1.8975 5.8142e+01      0.661  1004.2549     5.3057      7.138          6 0.0000e+00
      8.000   0.538076     1.8920 4.2224e+01      0.643  1004.2620     5.3084      8.158          7 0.0000e+00
      9.000   0.538335     1.8841 3.1429e+01      0.647  1004.2700     5.3124      9.178          6 0.0000e+00
     10.000   0.538706     1.8706 2.2643e+01      0.697  1004.2797     5.3185     10.197          5 0.0000e+00
     11.000   0.539137     1.8417 1.7389e+01      0.707  1004.2917     5.3278     11.217          6 0.0000e+00
     12.000   0.539429     1.8150 1.2977e+01      0.755  1004.3022     5.3353     12.237          5 0.0000e+00
     13.000   0.539622     1.7975 1.0317e+01      0.689  1004.3109     5.3402     13.256          6 0.0000e+00
     14.000   0.539855     1.7902 7.8769e+00      0.765  1004.3186     5.3438     14.276          5 0.0000e+00
     15.000   0.540394     1.7908 6.4558e+00      0.691  1004.3280     5.3493     15.296          5 0.0000e+00
     16.000   0.541081     1.7777 5.0312e+00      0.789  1004.3403     5.3587     16.316          6 0.0000e+00
     17.000   0.542266     1.7527 4.0614e+00      0.766  1004.3583     5.3754     17.335          5 0.0000e+00
     18.000   0.544829     1.7236 3.1278e+00      0.802  1004.3885     5.4075     18.355          5 0.0000e+00
     19.000   0.548144     1.7304 2.5734e+00      0.761  1004.4208     5.4414     19.375          5 0.0000e+00
     20.000   0.551975     1.7641 1.9938e+00      0.826  1004.4542     5.4761     20.394          5 0.0000e+00
     21.000   0.554262     1.7934 1.6095e+00      0.781  1004.4749     5.4951     21.414          4 0.0000e+00
     22.000   0.555728     1.8199 1.2376e+00      0.920  1004.4890     5.5059     22.433          5 0.0000e+00
     23.000   0.556199     1.8179 1.0076e+00      0.741  1004.4981     5.5111     23.454          5 0.0000e+00
     24.000   0.556520     1.7932 7.7997e-01      0.906  1004.5088     5.5187     24.473          5 0.0000e+00
     25.000   0.557288     1.7879 6.1938e-01      0.748  1004.5209     5.5277     25.493          5 0.0000e+00
     26.000   0.558953     1.8181 4.7879e-01      0.890  1004.5362     5.5399     26.513          5 0.0000e+00
     27.000   0.560960     1.8723 3.7377e-01      0.756  1004.5512     5.5515     27.532          5 0.0000e+00
     28.000   0.562709     1.9167 2.8858e-01      0.823  1004.5652     5.5621     28.552          5 0.0000e+00
     29.000   0.564422     1.9467 2.0896e-01      0.818  1004.5808     5.5747     29.572          5 0.0000e+00
     30.000   0.566350     1.9925 1.5671e-01      0.817  1004.5960     5.5868     30.592          4 0.0000e+00
     31.000   0.568563     2.0603 1.1086e-01      0.866  1004.6107     5.5981     31.611          5 0.0000e+00
     32.000   0.569273     2.0851 6.9381e-02      0.770  1004.6183     5.6010     32.631          5 0.0000e+00
     33.000   0.570063     2.1085 4.0489e-02      0.869  1004.6268     5.6051     33.651          5 0.0000e+00
     34.000   0.571888     2.1565 1.6327e-02      0.794  1004.6406     5.6156     34.670          5 0.0000e+00
     35.000   0.574095     2.2129 2.8094e-03      0.879  1004.6565     5.6287     35.690          4 0.0000e+00
     36.000   0.577487     2.2884 -7.601e-05      0.845  1004.6796     5.6506     36.710          5 0.0000e+00
     37.000   0.578665     2.3185 1.0000e-12      0.867  1004.6902     5.6575     37.729          5 0.0000e+00
     38.000   0.579043     2.3275 1.0000e-12      0.829  1004.6970     5.6597     38.749          5 0.0000e+00
     39.000   0.579292     2.3346 1.0000e-12      0.823  1004.7030     5.6610     39.769          4 0.0000e+00
     40.000   0.580175     2.3566 1.0000e-12      0.800  1004.7122     5.6661     40.788          5 0.0000e+00
     41.000   0.582042     2.3947 1.0000e-12      0.897  1004.7274     5.6787     41.808          5 0.0000e+00
     42.000   0.582732     2.4126 1.0000e-12      0.761  1004.7356     5.6826     42.828          9 0.0000e+00
     43.000   0.584236     2.4463 1.0000e-12      0.231  1004.7483     5.6921     43.848          9 0.0000e+00
     44.000   0.586866     2.5006 1.0000e-12      0.659  1004.7675     5.7097     44.867          7 0.0000e+00
     45.000   0.588814     2.5482 1.0000e-12      0.151  1004.7818     5.7213     45.887         12 0.0000e+00
     46.000   0.590858     2.5938 1.0000e-12      0.247  1004.7972     5.7342     46.907         16 0.0000e+00
     47.000   0.592581     2.6295 1.0000e-12      0.410  1004.8112     5.7456     47.927          8 0.0000e+00
     48.000   0.594195     2.6626 1.0000e-12      0.350  1004.8247     5.7562     48.946         15 0.0000e+00
     49.000   0.596370     2.7078 1.0000e-12      0.219  1004.8410     5.7705     49.966         18 0.0000e+00
     50.000   0.599350     2.7678 1.0000e-12      0.325  1004.8617     5.7904     50.986         12 0.0000e+00
     51.000   0.601393     2.8114 1.0000e-12      0.247  1004.8770     5.8035     52.006         10 0.0000e+00
     52.000   0.602533     2.8346 1.0000e-12      0.365  1004.8879     5.8109     53.025         14 0.0000e+00
     53.000   0.603297     2.8513 1.0000e-12      0.257  1004.8965     5.8157     54.045          9 0.0000e+00
     54.000   0.603816     2.8623 1.0000e-12      0.608  1004.9040     5.8189     55.065          7 0.0000e+00
     55.000   0.604564     2.8771 1.0000e-12      0.593  1004.9128     5.8239     56.085          7 0.0000e+00
     56.000   0.605974     2.9027 1.0000e-12      0.607  1004.9254     5.8336     57.104          7 0.0000e+00
     57.000   0.607420     2.9289 1.0000e-12      0.546  1004.9382     5.8436     58.124          9 0.0000e+00
     58.000   0.608921     2.9574 1.0000e-12      0.330  1004.9511     5.8538     59.144         10 0.0000e+00
     59.000   0.610462     2.9858 1.0000e-12      0.430  1004.9643     5.8643     60.163          9 0.0000e+00
     60.000   0.611113     2.9994 1.0000e-12      0.467  1004.9724     5.8684     61.183          8 0.0000e+00
     61.000   0.612028     3.0160 1.0000e-12      0.532  1004.9822     5.8747     62.203          9 0.0000e+00
     62.000   0.612432     3.0247 1.0000e-12      0.275  1004.9891     5.8772     63.222         16 0.0000e+00
     63.000   0.612554     3.0280 1.0000e-12      0.236  1004.9944     5.8777     64.242         14 0.0000e+00
     64.000   0.612899     3.0351 1.0000e-12      0.276  1005.0009     5.8798     65.262         11 0.0000e+00
     65.000   0.612978     3.0376 1.0000e-12      0.302  1005.0060     5.8801     66.282         15 0.0000e+00
     66.000   0.612865     3.0380 1.0000e-12      0.344  1005.0099     5.8787     67.301         14 0.0000e+00
