ctdpy/exports/archive_20191121_115250/received_data/nf12_v23_18.cnv
* Sea-Bird SBE19plus Data File:
* FileName = C:\CTD\CTD 2018\v23\Nf12_v23_18.hex
* Software Version 1.59
* Temperature SN =  7668
* Conductivity SN =  7668
* System UpLoad Time = Jun 05 2018 13:52:04
** SNf12 2018K12 v23
* ds
# nquan = 10
# nvalues = 70                          
# units = specified
# name 0 = prdM: Pressure, Strain Gauge [db]
# name 1 = c0S/m: Conductivity [S/m]
# name 2 = tv290C: Temperature [ITS-90, deg C]
# name 3 = par: PAR/Irradiance, Biospherical/Licor
# name 4 = dz/dtM: Descent Rate [m/s]
# name 5 = density00: Density [density, kg/m^3]
# name 6 = sal00: Salinity, Practical [PSU]
# name 7 = depFM: Depth [fresh water, m], lat = 0
# name 8 = nbin: number of scans per bin
# name 9 = flag: flag
# span 0 =      1.000,     70.000       
# span 1 =   0.541587,   0.613115       
# span 2 =     1.8968,     3.0351       
# span 3 = 1.0000e-12, 1.6539e+02       
# span 4 =      0.229,      1.400       
# span 5 =  1004.2490,  1005.0302       
# span 6 =     5.3335,     5.8824       
# span 7 =      1.020,     71.380       
# span 8 =          3,          9       
# span 9 = 0.0000e+00, 0.0000e+00       
# interval = decibars: 1                
# start_time = Jun 04 2018 19:53:21 [Instrument's time stamp, header]
# bad_flag = -9.990e-29
*END*
      1.000   0.541664     1.9677 1.6539e+02      0.229  1004.2490     5.3341      1.020          9 0.0000e+00
      2.000   0.541600     1.9669 1.0355e+02      0.717  1004.2534     5.3335      2.039          7 0.0000e+00
      3.000   0.541587     1.9653 6.9113e+01      0.679  1004.2584     5.3335      3.059          5 0.0000e+00
      4.000   0.541623     1.9650 4.8052e+01      0.723  1004.2636     5.3339      4.079          5 0.0000e+00
      5.000   0.541609     1.9641 3.3206e+01      0.728  1004.2685     5.3337      5.099          5 0.0000e+00
      6.000   0.541630     1.9657 2.3487e+01      0.914  1004.2734     5.3336      6.118          4 0.0000e+00
      7.000   0.541652     1.9671 1.7102e+01      0.904  1004.2782     5.3335      7.138          4 0.0000e+00
      8.000   0.541938     1.9672 1.2510e+01      1.056  1004.2855     5.3364      8.158          4 0.0000e+00
      9.000   0.542412     1.9666 9.2058e+00      1.022  1004.2945     5.3414      9.177          4 0.0000e+00
     10.000   0.542807     1.9643 6.9145e+00      1.134  1004.3030     5.3458     10.197          3 0.0000e+00
     11.000   0.543431     1.9611 5.1933e+00      1.158  1004.3135     5.3528     11.217          4 0.0000e+00
     12.000   0.544063     1.9563 3.8677e+00      1.108  1004.3243     5.3602     12.237          3 0.0000e+00
     13.000   0.544416     1.9472 2.9311e+00      1.129  1004.3333     5.3653     13.256          4 0.0000e+00
     14.000   0.544451     1.9441 2.2699e+00      1.059  1004.3389     5.3661     14.276          4 0.0000e+00
     15.000   0.544368     1.9403 1.6964e+00      1.028  1004.3435     5.3658     15.296          4 0.0000e+00
     16.000   0.544381     1.9280 1.3025e+00      1.065  1004.3500     5.3679     16.315          4 0.0000e+00
     17.000   0.544391     1.9137 9.8768e-01      1.040  1004.3567     5.3704     17.335          4 0.0000e+00
     18.000   0.544416     1.9005 7.1705e-01      1.049  1004.3635     5.3728     18.355          3 0.0000e+00
     19.000   0.544781     1.8968 5.7740e-01      1.012  1004.3719     5.3771     19.374          4 0.0000e+00
     20.000   0.547500     1.9120 4.2296e-01      0.987  1004.3979     5.4031     20.394          4 0.0000e+00
     21.000   0.556164     1.9641 3.1036e-01      1.066  1004.4696     5.4854     21.414          4 0.0000e+00
     22.000   0.561690     2.0100 2.2354e-01      1.131  1004.5154     5.5355     22.434          3 0.0000e+00
     23.000   0.564209     2.0427 1.6119e-01      1.176  1004.5373     5.5562     23.454          4 0.0000e+00
     24.000   0.565537     2.0638 1.1072e-01      1.101  1004.5506     5.5664     24.473          3 0.0000e+00
     25.000   0.566706     2.0886 7.3772e-02      1.114  1004.5621     5.5741     25.493          4 0.0000e+00
     26.000   0.567835     2.1137 4.2231e-02      1.092  1004.5732     5.5815     26.513          4 0.0000e+00
     27.000   0.568732     2.1343 1.1179e-02      1.071  1004.5829     5.5872     27.533          3 0.0000e+00
     28.000   0.569323     2.1481 2.8839e-04      1.156  1004.5909     5.5908     28.552          4 0.0000e+00
     29.000   0.569819     2.1549 1.0000e-12      1.081  1004.5991     5.5947     29.572          3 0.0000e+00
     30.000   0.570590     2.1629 1.0000e-12      1.115  1004.6094     5.6013     30.592          3 0.0000e+00
     31.000   0.571888     2.1828 1.0000e-12      1.224  1004.6225     5.6113     31.611          4 0.0000e+00
     32.000   0.572994     2.2045 1.0000e-12      1.257  1004.6338     5.6189     32.631          3 0.0000e+00
     33.000   0.574232     2.2298 1.0000e-12      1.319  1004.6456     5.6273     33.651          3 0.0000e+00
     34.000   0.575887     2.2620 1.0000e-12      1.288  1004.6601     5.6388     34.670          3 0.0000e+00
     35.000   0.577382     2.2957 1.0000e-12      1.250  1004.6729     5.6483     35.690          3 0.0000e+00
     36.000   0.579220     2.3376 1.0000e-12      1.222  1004.6874     5.6600     36.710          4 0.0000e+00
     37.000   0.581965     2.3957 1.0000e-12      1.136  1004.7072     5.6782     37.729          3 0.0000e+00
     38.000   0.584801     2.4524 1.0000e-12      1.133  1004.7279     5.6975     38.750          4 0.0000e+00
     39.000   0.585973     2.4812 1.0000e-12      1.167  1004.7385     5.7044     39.769          3 0.0000e+00
     40.000   0.586786     2.5001 1.0000e-12      1.254  1004.7475     5.7094     40.789          3 0.0000e+00
     41.000   0.587473     2.5160 1.0000e-12      1.333  1004.7558     5.7136     41.808          3 0.0000e+00
     42.000   0.588308     2.5344 1.0000e-12      1.338  1004.7650     5.7189     42.828          3 0.0000e+00
     43.000   0.589170     2.5535 1.0000e-12      1.322  1004.7743     5.7243     43.848          3 0.0000e+00
     44.000   0.590184     2.5760 1.0000e-12      1.294  1004.7844     5.7307     44.868          3 0.0000e+00
     45.000   0.591734     2.6075 1.0000e-12      1.314  1004.7976     5.7410     45.887          3 0.0000e+00
     46.000   0.593545     2.6442 1.0000e-12      1.292  1004.8123     5.7530     46.907          3 0.0000e+00
     47.000   0.595563     2.6835 1.0000e-12      1.250  1004.8281     5.7668     47.927          4 0.0000e+00
     48.000   0.597608     2.7228 1.0000e-12      1.275  1004.8442     5.7807     48.947          3 0.0000e+00
     49.000   0.599157     2.7545 1.0000e-12      1.298  1004.8573     5.7909     49.966          3 0.0000e+00
     50.000   0.600244     2.7780 1.0000e-12      1.302  1004.8676     5.7978     50.986          4 0.0000e+00
     51.000   0.601166     2.7976 1.0000e-12      1.006  1004.8772     5.8036     52.006          3 0.0000e+00
     52.000   0.601729     2.8103 1.0000e-12      0.881  1004.8848     5.8070     53.025          4 0.0000e+00
     53.000   0.602223     2.8209 1.0000e-12      1.121  1004.8921     5.8101     54.045          3 0.0000e+00
     54.000   0.602757     2.8314 1.0000e-12      1.292  1004.8999     5.8136     55.065          3 0.0000e+00
     55.000   0.603175     2.8403 1.0000e-12      1.400  1004.9069     5.8162     56.084          3 0.0000e+00
     56.000   0.603823     2.8536 1.0000e-12      1.371  1004.9150     5.8203     57.104          3 0.0000e+00
     57.000   0.605109     2.8762 1.0000e-12      1.317  1004.9271     5.8294     58.124          3 0.0000e+00
     58.000   0.605996     2.8938 1.0000e-12      1.373  1004.9366     5.8352     59.144          3 0.0000e+00
     59.000   0.606453     2.9039 1.0000e-12      1.367  1004.9437     5.8380     60.163          3 0.0000e+00
     60.000   0.607020     2.9146 1.0000e-12      1.284  1004.9516     5.8418     61.183          3 0.0000e+00
     61.000   0.607788     2.9293 1.0000e-12      1.318  1004.9605     5.8469     62.203          3 0.0000e+00
     62.000   0.608536     2.9443 1.0000e-12      1.298  1004.9692     5.8518     63.223          4 0.0000e+00
     63.000   0.609147     2.9562 1.0000e-12      1.173  1004.9773     5.8558     64.242          3 0.0000e+00
     64.000   0.609801     2.9684 1.0000e-12      1.187  1004.9856     5.8602     65.262          3 0.0000e+00
     65.000   0.610643     2.9831 1.0000e-12      1.262  1004.9952     5.8661     66.282          3 0.0000e+00
     66.000   0.611538     2.9992 1.0000e-12      1.293  1005.0049     5.8722     67.301          3 0.0000e+00
     67.000   0.612348     3.0139 1.0000e-12      1.254  1005.0142     5.8777     68.321          4 0.0000e+00
     68.000   0.612815     3.0234 1.0000e-12      1.282  1005.0214     5.8807     69.341          3 0.0000e+00
     69.000   0.613115     3.0303 1.0000e-12      1.281  1005.0276     5.8824     70.360          4 0.0000e+00
     70.000   0.612928     3.0351 1.0000e-12      0.739  1005.0302     5.8794     71.380          9 0.0000e+00
