ctdpy/exports/archive_20191121_115250/received_data/nf14_v27_18.cnv
* Sea-Bird SBE19plus Data File:
* FileName = C:\CTD\CTD 2018\v27\Nf14_v27_18.hex
* Software Version 1.59
* Temperature SN =  4644
* Conductivity SN =  4644
* System UpLoad Time = Jul 03 2018 19:50:57
** SNf14 k15 v27 2108
* ds
# nquan = 11
# nvalues = 42                          
# units = specified
# name 0 = prdM: Pressure, Strain Gauge [db]
# name 1 = c0S/m: Conductivity [S/m]
# name 2 = tv290C: Temperature [ITS-90, deg C]
# name 3 = par: PAR/Irradiance, Biospherical/Licor
# name 4 = dz/dtM: Descent Rate [m/s]
# name 5 = sbeox0ML/L: Oxygen, SBE 43 [ml/l]
# name 6 = density00: Density [density, kg/m^3]
# name 7 = sal00: Salinity, Practical [PSU]
# name 8 = depFM: Depth [fresh water, m], lat = 0
# name 9 = nbin: number of scans per bin
# name 10 = flag: flag
# span 0 =      1.000,     42.000       
# span 1 =   0.567000,   0.671791       
# span 2 =     2.2539,    11.8115       
# span 3 = 7.3731e-02, 4.4131e+02       
# span 4 =      0.113,      0.608       
# span 5 =     7.0360,     8.3587       
# span 6 =  1003.4406,  1004.6698       
# span 7 =     5.0366,     5.6002       
# span 8 =      1.020,     42.827       
# span 9 =          1,         18       
# span 10 = 0.0000e+00, 0.0000e+00      
# interval = decibars: 1                
# start_time = Jul 03 2018 19:27:10 [Instrument's time stamp, header]
# bad_flag = -9.990e-29
*END*
      1.000   0.671023    11.8115 4.4131e+02      0.113     7.0360  1003.4406     5.0366      1.020         18 0.0000e+00
      2.000   0.671791    11.7877 2.1151e+02      0.203     7.9338  1003.4554     5.0459      2.039         17 0.0000e+00
      3.000   0.670818    11.6723 1.3551e+02      0.332     8.0181  1003.4802     5.0535      3.059         12 0.0000e+00
      4.000   0.666924    11.3175 9.0619e+01      0.362     7.9820  1003.5404     5.0701      4.079         11 0.0000e+00
      5.000   0.662372    11.0113 6.1133e+01      0.372     8.0862  1003.5844     5.0747      5.099         10 0.0000e+00
      6.000   0.657977    10.6930 4.0992e+01      0.373     8.1428  1003.6308     5.0823      6.118         11 0.0000e+00
      7.000   0.653845    10.4490 2.8477e+01      0.370     8.1226  1003.6617     5.0817      7.138         11 0.0000e+00
      8.000   0.651973    10.2913 2.0072e+01      0.366     8.2631  1003.6881     5.0880      8.158         11 0.0000e+00
      9.000   0.647385    10.0232 1.4536e+01      0.390     8.3191  1003.7197     5.0868      9.177         10 0.0000e+00
     10.000   0.643450     9.8092 1.0608e+01      0.432     8.3191  1003.7435     5.0836     10.197          9 0.0000e+00
     11.000   0.641046     9.6389 7.7280e+00      0.446     8.3280  1003.7677     5.0871     11.217          9 0.0000e+00
     12.000   0.635759     9.2306 5.5552e+00      0.427     8.1943  1003.8207     5.0996     12.237          9 0.0000e+00
     13.000   0.630626     8.9384 4.0446e+00      0.396     8.2090  1003.8498     5.0969     13.256         10 0.0000e+00
     14.000   0.628418     8.8416 2.9688e+00      0.408     8.3190  1003.8588     5.0916     14.276          9 0.0000e+00
     15.000   0.624661     8.5764 2.1903e+00      0.478     8.3587  1003.8901     5.0968     15.296          8 0.0000e+00
     16.000   0.620501     8.2539 1.6170e+00      0.533     8.2302  1003.9288     5.1067     16.316          8 0.0000e+00
     17.000   0.617500     8.0120 1.2111e+00      0.526     8.3264  1003.9590     5.1153     17.335          7 0.0000e+00
     18.000   0.614170     7.7846 9.0853e-01      0.587     8.2837  1003.9834     5.1188     18.355          7 0.0000e+00
     19.000   0.611092     7.5173 6.8984e-01      0.601     8.2953  1004.0162     5.1304     19.375          7 0.0000e+00
     20.000   0.607213     7.1654 5.2727e-01      0.592     8.2308  1004.0578     5.1474     20.394          6 0.0000e+00
     21.000   0.604046     6.8106 4.0377e-01      0.608     8.2653  1004.1036     5.1715     21.414          7 0.0000e+00
     22.000   0.600531     6.4390 3.1768e-01      0.565     8.2119  1004.1482     5.1952     22.434          7 0.0000e+00
     23.000   0.596267     6.0325 2.5529e-01      0.531     8.3508  1004.1916     5.2176     23.453          8 0.0000e+00
     24.000   0.592652     5.6642 2.0689e-01      0.538     8.2885  1004.2313     5.2405     24.473          7 0.0000e+00
     25.000   0.586986     5.0381 1.7129e-01      0.521     8.2243  1004.2952     5.2847     25.493          9 0.0000e+00
     26.000   0.581648     4.4807 1.4519e-01      0.461     8.2100  1004.3466     5.3219     26.513          8 0.0000e+00
     27.000   0.578827     4.1528 1.2640e-01      0.444     8.1185  1004.3794     5.3472     27.532          9 0.0000e+00
     28.000   0.577176     3.9101 1.1289e-01      0.427     8.1225  1004.4075     5.3705     28.552         10 0.0000e+00
     29.000   0.574664     3.6010 1.0308e-01      0.427     8.0348  1004.4378     5.3964     29.572          9 0.0000e+00
     30.000   0.571942     3.3070 9.5943e-02      0.419     8.0545  1004.4630     5.4179     30.592         10 0.0000e+00
     31.000   0.569681     3.0081 9.0566e-02      0.435     7.9769  1004.4916     5.4453     31.611          9 0.0000e+00
     32.000   0.567000     2.6976 8.6457e-02      0.448     7.9533  1004.5172     5.4706     32.631          9 0.0000e+00
     33.000   0.567257     2.5526 8.3330e-02      0.450     7.8091  1004.5439     5.4980     33.651          9 0.0000e+00
     34.000   0.567822     2.4346 8.1023e-02      0.389     7.5873  1004.5693     5.5242     34.670         11 0.0000e+00
     35.000   0.567775     2.4067 7.9233e-02      0.308     7.5714  1004.5776     5.5285     35.690         12 0.0000e+00
     36.000   0.567268     2.3619 7.7768e-02      0.360     7.5898  1004.5842     5.5309     36.710         12 0.0000e+00
     37.000   0.567692     2.3031 7.6650e-02      0.355     7.4675  1004.6004     5.5455     37.730         11 0.0000e+00
     38.000   0.567776     2.2889 7.5861e-02      0.350     7.4229  1004.6079     5.5488     38.749         11 0.0000e+00
     39.000   0.567952     2.2897 7.5137e-02      0.364     7.4147  1004.6141     5.5503     39.769         11 0.0000e+00
     40.000   0.567719     2.2745 7.4685e-02      0.369     7.3776  1004.6191     5.5505     40.789         11 0.0000e+00
     41.000   0.568452     2.2539 7.4307e-02      0.353     7.2762  1004.6328     5.5616     41.808         14 0.0000e+00
     42.000   0.575188     2.4346 7.3731e-02      0.224 -9.990e-29  1004.6698     5.6002     42.827          1 0.0000e+00
