ctdpy/exports/archive_20191121_115250/received_data/nf15_v31_18.cnv
* Sea-Bird SBE19plus Data File:
* FileName = C:\CTD\CTD 2018\v31\Nf15_v31_18.hex
* Software Version 1.59
* Temperature SN =  4644
* Conductivity SN =  4644
* System UpLoad Time = Aug 01 2018 09:51:31
** Nf15_v31_18
* ds
# nquan = 11
# nvalues = 52                          
# units = specified
# name 0 = prdM: Pressure, Strain Gauge [db]
# name 1 = c0S/m: Conductivity [S/m]
# name 2 = tv290C: Temperature [ITS-90, deg C]
# name 3 = par: PAR/Irradiance, Biospherical/Licor
# name 4 = dz/dtM: Descent Rate [m/s]
# name 5 = sbeox0ML/L: Oxygen, SBE 43 [ml/l]
# name 6 = density00: Density [density, kg/m^3]
# name 7 = sal00: Salinity, Practical [PSU]
# name 8 = depFM: Depth [fresh water, m], lat = 0
# name 9 = nbin: number of scans per bin
# name 10 = flag: flag
# span 0 =      1.000,     52.000       
# span 1 =   0.553262,   0.813729       
# span 2 =     2.1401,    21.7215       
# span 3 = 9.4127e-02, 7.6875e+01       
# span 4 =     -0.066,      0.672       
# span 5 =     6.2613,     8.1762       
# span 6 =  1001.5125,  1004.7503       
# span 7 =     4.8352,     5.6399       
# span 8 =      1.020,     53.025       
# span 9 =          6,         10       
# span 10 = 0.0000e+00, 0.0000e+00      
# interval = decibars: 1                
# start_time = Aug 01 2018 09:28:17 [Instrument's time stamp, header]
# bad_flag = -9.990e-29
*END*
      1.000   0.813729    21.7215 7.6875e+01     -0.066     6.4857  1001.5125     4.8501      1.020          7 0.0000e+00
      2.000   0.812631    21.6698 4.1857e+01      0.516     6.4790  1001.5279     4.8487      2.039          7 0.0000e+00
      3.000   0.811449    21.6120 2.6196e+01      0.653     6.3546  1001.5449     4.8475      3.059          7 0.0000e+00
      4.000   0.808148    21.4513 1.7328e+01      0.652     6.2613  1001.5838     4.8440      4.079          6 0.0000e+00
      5.000   0.799990    21.0559 1.1821e+01      0.672     6.3363  1001.6716     4.8352      5.099          6 0.0000e+00
      6.000   0.793779    20.6706 8.5072e+00      0.636     6.3616  1001.7644     4.8378      6.118          6 0.0000e+00
      7.000   0.790755    20.4814 6.2281e+00      0.644     6.3916  1001.8118     4.8392      7.138          6 0.0000e+00
      8.000   0.787680    20.3321 4.6921e+00      0.609     6.4043  1001.8464     4.8357      8.158          7 0.0000e+00
      9.000   0.786495    20.2544 3.5479e+00      0.607     6.4129  1001.8686     4.8366      9.177          7 0.0000e+00
     10.000   0.786041    20.2061 2.6999e+00      0.607     6.4139  1001.8854     4.8390     10.197          6 0.0000e+00
     11.000   0.785737    20.1457 2.0404e+00      0.636     6.4229  1001.9067     4.8438     11.217          6 0.0000e+00
     12.000   0.784411    20.0538 1.5657e+00      0.632     6.4760  1001.9323     4.8453     12.236          7 0.0000e+00
     13.000   0.782853    19.9390 1.1953e+00      0.656     6.4918  1001.9635     4.8480     13.256          6 0.0000e+00
     14.000   0.780763    19.7991 9.1647e-01      0.635     6.5777  1001.9995     4.8499     14.276          6 0.0000e+00
     15.000   0.778425    19.6339 7.0619e-01      0.655     6.7191  1002.0415     4.8531     15.296          6 0.0000e+00
     16.000   0.776337    19.4601 5.4902e-01      0.616     6.7230  1002.0871     4.8589     16.315          7 0.0000e+00
     17.000   0.773938    19.2829 4.3051e-01      0.637     6.7622  1002.1318     4.8631     17.335          6 0.0000e+00
     18.000   0.768200    18.9327 3.4479e-01      0.597     7.2584  1002.2097     4.8647     18.355          7 0.0000e+00
     19.000   0.751386    17.8815 2.7667e-01      0.599     8.1762  1002.4268     4.8717     19.375          7 0.0000e+00
     20.000   0.703721    15.0273 2.2620e-01      0.594     7.8169  1002.9366     4.8732     20.394          6 0.0000e+00
     21.000   0.652765    11.8965 1.8922e-01      0.633     7.5522  1003.3944     4.8770     21.414          7 0.0000e+00
     22.000   0.622266     9.8629 1.6252e-01      0.596     7.3620  1003.6461     4.8963     22.434          7 0.0000e+00
     23.000   0.599752     8.2236 1.4263e-01      0.562     7.3328  1003.8236     4.9279     23.453          6 0.0000e+00
     24.000   0.579944     6.6626 1.2758e-01      0.608     7.5397  1003.9687     4.9722     24.473          7 0.0000e+00
     25.000   0.563212     5.2187 1.1825e-01      0.581     7.5394  1004.0856     5.0288     25.493          7 0.0000e+00
     26.000   0.556765     4.3802 1.1220e-01      0.584     7.3925  1004.1682     5.0943     26.513          7 0.0000e+00
     27.000   0.555399     3.9210 1.0802e-01      0.556     7.3673  1004.2289     5.1525     27.532          7 0.0000e+00
     28.000   0.554458     3.5533 1.0477e-01      0.581     7.4175  1004.2780     5.2015     28.552          7 0.0000e+00
     29.000   0.553262     3.2063 1.0237e-01      0.580     7.4410  1004.3211     5.2454     29.572          7 0.0000e+00
     30.000   0.553597     3.0112 1.0042e-01      0.604     7.4347  1004.3552     5.2806     30.591          6 0.0000e+00
     31.000   0.555108     2.9345 9.8877e-02      0.612     7.3685  1004.3827     5.3086     31.611          7 0.0000e+00
     32.000   0.555976     2.8057 9.7902e-02      0.611     7.3041  1004.4119     5.3388     32.631          6 0.0000e+00
     33.000   0.555850     2.6209 9.7009e-02      0.608     7.3064  1004.4403     5.3684     33.650          7 0.0000e+00
     34.000   0.555598     2.4327 9.6243e-02      0.589     7.2437  1004.4678     5.3975     34.670          7 0.0000e+00
     35.000   0.556844     2.3627 9.5791e-02      0.589     7.1689  1004.4922     5.4223     35.690          7 0.0000e+00
     36.000   0.557995     2.3137 9.5388e-02      0.580     7.1256  1004.5131     5.4425     36.710          6 0.0000e+00
     37.000   0.559114     2.2455 9.5078e-02      0.592     7.1204  1004.5362     5.4659     37.730          7 0.0000e+00
     38.000   0.559928     2.1852 9.4840e-02      0.592     7.1270  1004.5558     5.4847     38.749          7 0.0000e+00
     39.000   0.561119     2.1454 9.4578e-02      0.570     7.0816  1004.5758     5.5040     39.769          7 0.0000e+00
     40.000   0.562712     2.1409 9.4486e-02      0.547     7.0196  1004.5947     5.5214     40.789          8 0.0000e+00
     41.000   0.564193     2.1401 9.4410e-02      0.529     7.0133  1004.6121     5.5369     41.808          7 0.0000e+00
     42.000   0.565200     2.1408 9.4265e-02      0.535     6.9890  1004.6254     5.5473     42.828          8 0.0000e+00
     43.000   0.566768     2.1556 9.4234e-02      0.556     6.9341  1004.6415     5.5610     43.848          7 0.0000e+00
     44.000   0.568125     2.1677 9.4247e-02      0.570     6.8753  1004.6561     5.5730     44.868          7 0.0000e+00
     45.000   0.569627     2.1847 9.4227e-02      0.579     6.8054  1004.6714     5.5857     45.887          7 0.0000e+00
     46.000   0.571292     2.2056 9.4127e-02      0.563     6.7753  1004.6874     5.5993     46.907          7 0.0000e+00
     47.000   0.572577     2.2204 9.4233e-02      0.575     6.7458  1004.7011     5.6101     47.927          7 0.0000e+00
     48.000   0.573331     2.2309 9.4218e-02      0.562     6.7131  1004.7109     5.6160     48.946          7 0.0000e+00
     49.000   0.574493     2.2489 9.4240e-02      0.578     6.6578  1004.7230     5.6249     49.966          7 0.0000e+00
     50.000   0.575760     2.2721 9.4238e-02      0.554     6.6377  1004.7354     5.6339     50.986          7 0.0000e+00
     51.000   0.576371     2.2844 9.4213e-02      0.516     6.6394  1004.7437     5.6380     52.005         10 0.0000e+00
     52.000   0.576970     2.3085 9.4434e-02      0.195     6.6456  1004.7503     5.6399     53.025          8 0.0000e+00
