ctdpy/exports/archive_20191121_115250/received_data/nf16_v31_18.cnv
* Sea-Bird SBE19plus Data File:
* FileName = C:\CTD\CTD 2018\v31\Nf16_v31_18.hex
* Software Version 1.59
* Temperature SN =  4644
* Conductivity SN =  4644
* System UpLoad Time = Aug 01 2018 10:40:54
** Nf16_v31_18
* ds
# nquan = 11
# nvalues = 66                          
# units = specified
# name 0 = prdM: Pressure, Strain Gauge [db]
# name 1 = c0S/m: Conductivity [S/m]
# name 2 = tv290C: Temperature [ITS-90, deg C]
# name 3 = par: PAR/Irradiance, Biospherical/Licor
# name 4 = dz/dtM: Descent Rate [m/s]
# name 5 = sbeox0ML/L: Oxygen, SBE 43 [ml/l]
# name 6 = density00: Density [density, kg/m^3]
# name 7 = sal00: Salinity, Practical [PSU]
# name 8 = depFM: Depth [fresh water, m], lat = 0
# name 9 = nbin: number of scans per bin
# name 10 = flag: flag
# span 0 =      1.000,     66.000       
# span 1 =   0.552522,   0.805030       
# span 2 =     2.1276,    21.2299       
# span 3 = 9.0045e-02, 2.0845e+02       
# span 4 =      0.130,      0.757       
# span 5 =     4.6616,     8.3711       
# span 6 =  1001.6244,  1005.0788       
# span 7 =     4.8150,     5.9670       
# span 8 =      1.020,     67.301       
# span 9 =          6,         14       
# span 10 = 0.0000e+00, 0.0000e+00      
# interval = decibars: 1                
# start_time = Aug 01 2018 10:17:37 [Instrument's time stamp, header]
# bad_flag = -9.990e-29
*END*
      1.000   0.805030    21.2299 2.0845e+02      0.130     6.5420  1001.6244     4.8487      1.020         14 0.0000e+00
      2.000   0.804967    21.2253 1.2233e+02      0.292     6.5540  1001.6300     4.8488      2.039         11 0.0000e+00
      3.000   0.804800    21.2144 7.4915e+01      0.427     6.4811  1001.6371     4.8488      3.059          9 0.0000e+00
      4.000   0.804477    21.2021 4.6819e+01      0.547     6.4012  1001.6438     4.8481      4.079          7 0.0000e+00
      5.000   0.802895    21.1241 3.1345e+01      0.571     6.3221  1001.6648     4.8465      5.099          7 0.0000e+00
      6.000   0.796361    20.8282 2.1529e+01      0.595     6.3282  1001.7287     4.8370      6.119          6 0.0000e+00
      7.000   0.789460    20.5282 1.5433e+01      0.628     6.3621  1001.7910     4.8254      7.138          7 0.0000e+00
      8.000   0.784242    20.3145 1.1338e+01      0.649     6.3857  1001.8346     4.8150      8.158          6 0.0000e+00
      9.000   0.782262    20.1940 8.4854e+00      0.650     6.4075  1001.8657     4.8155      9.177          6 0.0000e+00
     10.000   0.782258    20.1262 6.4419e+00      0.630     6.4206  1001.8906     4.8230     10.197          6 0.0000e+00
     11.000   0.782398    20.0914 4.9346e+00      0.621     6.4368  1001.9063     4.8278     11.217          7 0.0000e+00
     12.000   0.782224    20.0446 3.8224e+00      0.602     6.4713  1001.9241     4.8319     12.236          7 0.0000e+00
     13.000   0.781744    19.9776 2.9571e+00      0.597     6.4926  1001.9464     4.8362     13.256          6 0.0000e+00
     14.000   0.781007    19.9020 2.2895e+00      0.617     6.5105  1001.9699     4.8398     14.276          6 0.0000e+00
     15.000   0.779758    19.8163 1.7902e+00      0.632     6.6459  1001.9938     4.8412     15.296          6 0.0000e+00
     16.000   0.777566    19.6269 1.3961e+00      0.669     6.9070  1002.0437     4.8481     16.315          6 0.0000e+00
     17.000   0.771960    19.2315 1.0783e+00      0.757     7.2551  1002.1368     4.8557     17.335          6 0.0000e+00
     18.000   0.759828    18.4530 8.5151e-01      0.652     7.9436  1002.3049     4.8632     18.355          6 0.0000e+00
     19.000   0.723869    16.2275 6.7877e-01      0.597     8.3711  1002.7305     4.8741     19.375          7 0.0000e+00
     20.000   0.668445    12.8581 5.3170e-01      0.625     8.0027  1003.2645     4.8771     20.394          7 0.0000e+00
     21.000   0.637892    10.8521 4.2256e-01      0.538     7.6624  1003.5374     4.8940     21.414          7 0.0000e+00
     22.000   0.624380     9.7582 3.3623e-01      0.528     7.5821  1003.6839     4.9284     22.434          7 0.0000e+00
     23.000   0.597868     7.9385 2.6870e-01      0.571     7.6665  1003.8640     4.9513     23.453          7 0.0000e+00
     24.000   0.579428     6.5170 2.1857e-01      0.620     7.6284  1003.9897     4.9886     24.473          7 0.0000e+00
     25.000   0.571438     5.6988 1.8399e-01      0.612     7.6256  1004.0720     5.0349     25.492          6 0.0000e+00
     26.000   0.566470     5.0850 1.5923e-01      0.605     7.6604  1004.1364     5.0801     26.513          7 0.0000e+00
     27.000   0.560788     4.3944 1.4214e-01      0.571     7.6708  1004.2022     5.1314     27.532          7 0.0000e+00
     28.000   0.555802     3.7695 1.3001e-01      0.567     7.6396  1004.2584     5.1804     28.552          7 0.0000e+00
     29.000   0.554488     3.4190 1.2109e-01      0.567     7.6298  1004.3018     5.2233     29.572          7 0.0000e+00
     30.000   0.553617     3.1270 1.1419e-01      0.585     7.5975  1004.3397     5.2619     30.591          7 0.0000e+00
     31.000   0.552522     2.8258 1.0884e-01      0.599     7.5215  1004.3760     5.3001     31.611          6 0.0000e+00
     32.000   0.552556     2.5941 1.0481e-01      0.604     7.4755  1004.4118     5.3390     32.631          7 0.0000e+00
     33.000   0.552609     2.3938 1.0176e-01      0.605     7.5127  1004.4431     5.3732     33.651          7 0.0000e+00
     34.000   0.552562     2.2481 9.9314e-02      0.600     7.5281  1004.4664     5.3973     34.670          6 0.0000e+00
     35.000   0.553776     2.1906 9.7357e-02      0.594     7.4893  1004.4888     5.4197     35.690          7 0.0000e+00
     36.000   0.555118     2.1530 9.5739e-02      0.581     7.3509  1004.5098     5.4401     36.710          7 0.0000e+00
     37.000   0.558240     2.1908 9.4570e-02      0.580     7.1831  1004.5360     5.4661     37.729          7 0.0000e+00
     38.000   0.560279     2.1662 9.3491e-02      0.590     7.1410  1004.5612     5.4917     38.749          7 0.0000e+00
     39.000   0.561740     2.1368 9.2772e-02      0.569     7.1148  1004.5821     5.5120     39.769          7 0.0000e+00
     40.000   0.563359     2.1276 9.2129e-02      0.553     7.0699  1004.6018     5.5305     40.789          7 0.0000e+00
     41.000   0.564441     2.1297 9.1586e-02      0.532     7.0333  1004.6155     5.5414     41.808          8 0.0000e+00
     42.000   0.565080     2.1314 9.1206e-02      0.523     7.0049  1004.6256     5.5477     42.828          7 0.0000e+00
     43.000   0.566089     2.1389 9.0871e-02      0.546     6.9847  1004.6379     5.5568     43.848          8 0.0000e+00
     44.000   0.567546     2.1439 9.0594e-02      0.567     6.9607  1004.6544     5.5712     44.867          7 0.0000e+00
     45.000   0.569243     2.1613 9.0454e-02      0.574     6.8765  1004.6713     5.5858     45.887          7 0.0000e+00
     46.000   0.570678     2.1894 9.0324e-02      0.572     6.8077  1004.6844     5.5958     46.907          7 0.0000e+00
     47.000   0.571662     2.2046 9.0192e-02      0.558     6.7876  1004.6955     5.6033     47.927          7 0.0000e+00
     48.000   0.573547     2.2330 9.0131e-02      0.570     6.7485  1004.7124     5.6179     48.946          7 0.0000e+00
     49.000   0.575485     2.2677 9.0116e-02      0.566     6.6617  1004.7288     5.6319     49.966          7 0.0000e+00
     50.000   0.577928     2.3132 9.0130e-02      0.559     6.5555  1004.7479     5.6493     50.986          7 0.0000e+00
     51.000   0.580365     2.3575 9.0186e-02      0.523     6.4993  1004.7671     5.6668     52.005          8 0.0000e+00
     52.000   0.581583     2.3820 9.0045e-02      0.490     6.4613  1004.7788     5.6750     53.025          9 0.0000e+00
     53.000   0.583634     2.4213 9.0149e-02      0.471     6.3731  1004.7953     5.6892     54.045          8 0.0000e+00
     54.000   0.586863     2.4844 9.0175e-02      0.455     6.2090  1004.8182     5.7115     55.065          9 0.0000e+00
     55.000   0.589941     2.5476 9.0183e-02      0.448     6.0567  1004.8398     5.7320     56.084          9 0.0000e+00
     56.000   0.591894     2.5901 9.0225e-02      0.421     5.8406  1004.8548     5.7446     57.104         10 0.0000e+00
     57.000   0.592578     2.6070 9.0225e-02      0.449     5.7871  1004.8629     5.7485     58.124          9 0.0000e+00
     58.000   0.594823     2.6505 9.0300e-02      0.403     5.6967  1004.8801     5.7638     59.143         10 0.0000e+00
     59.000   0.597733     2.7058 9.0421e-02      0.370     5.6984  1004.9010     5.7839     60.163         11 0.0000e+00
     60.000   0.599389     2.7401 9.0450e-02      0.401     5.6707  1004.9146     5.7947     61.183         10 0.0000e+00
     61.000   0.604546     2.8362 9.0478e-02      0.388     5.5181  1004.9478     5.8304     62.203         10 0.0000e+00
     62.000   0.608721     2.9157 9.0560e-02      0.378     5.2473  1004.9751     5.8589     63.222         11 0.0000e+00
     63.000   0.613747     3.0111 9.0574e-02      0.356     5.0748  1005.0067     5.8930     64.242         11 0.0000e+00
     64.000   0.617881     3.0896 9.0649e-02      0.375     4.8815  1005.0334     5.9209     65.262         11 0.0000e+00
     65.000   0.622213     3.1704 9.0695e-02      0.362     4.7040  1005.0611     5.9504     66.282         11 0.0000e+00
     66.000   0.624831     3.2245 9.0878e-02      0.362     4.6616  1005.0788     5.9670     67.301         12 0.0000e+00
