ctdpy/exports/archive_20191121_115250/received_data/om1_v23_18.cnv
* Sea-Bird SBE19plus Data File:
* FileName = C:\CTD\CTD 2018\v23\Om1_v23_18.hex
* Software Version 1.59
* Temperature SN =  7668
* Conductivity SN =  7668
* System UpLoad Time = Jun 05 2018 13:44:38
** SOm1 2018K12 v23
* ds
# nquan = 10
# nvalues = 76                          
# units = specified
# name 0 = prdM: Pressure, Strain Gauge [db]
# name 1 = c0S/m: Conductivity [S/m]
# name 2 = tv290C: Temperature [ITS-90, deg C]
# name 3 = par: PAR/Irradiance, Biospherical/Licor
# name 4 = dz/dtM: Descent Rate [m/s]
# name 5 = density00: Density [density, kg/m^3]
# name 6 = sal00: Salinity, Practical [PSU]
# name 7 = depFM: Depth [fresh water, m], lat = 0
# name 8 = nbin: number of scans per bin
# name 9 = flag: flag
# span 0 =      1.000,     76.000       
# span 1 =   0.466618,   0.632582       
# span 2 =     1.5097,     9.1495       
# span 3 = -3.353e-06, 8.2505e+01       
# span 4 =     -0.224,      1.232       
# span 5 =  1003.0721,  1005.1446       
# span 6 =     4.1986,     6.0095       
# span 7 =      1.020,     77.499       
# span 8 =          3,         12       
# span 9 = 0.0000e+00, 0.0000e+00       
# interval = decibars: 1                
# start_time = Jun 05 2018 11:05:46 [Instrument's time stamp, header]
# bad_flag = -9.990e-29
*END*
      1.000   0.528917     9.1495 8.2505e+01      0.194  1003.0721     4.1990      1.020         12 0.0000e+00
      2.000   0.528638     9.1324 5.4500e+01      0.509  1003.0781     4.1986      2.040          7 0.0000e+00
      3.000   0.528427     9.1144 4.2628e+01      0.630  1003.0846     4.1989      3.059          6 0.0000e+00
      4.000   0.527233     9.0155 3.7983e+01      0.665  1003.0991     4.2002      4.079          5 0.0000e+00
      5.000   0.526264     8.8855 3.3218e+01      0.707  1003.1204     4.2072      5.099          6 0.0000e+00
      6.000   0.526321     8.8135 2.7692e+01      0.797  1003.1382     4.2161      6.119          5 0.0000e+00
      7.000   0.526586     8.7157 2.2178e+01      0.804  1003.1620     4.2300      7.138          4 0.0000e+00
      8.000   0.527477     8.5535 1.7402e+01      0.848  1003.2011     4.2569      8.158          5 0.0000e+00
      9.000   0.528756     8.3623 1.2496e+01      0.911  1003.2477     4.2910      9.178          4 0.0000e+00
     10.000   0.529548     8.1376 8.6667e+00      1.004  1003.2965     4.3253     10.197          3 0.0000e+00
     11.000   0.529002     7.7106 5.7494e+00      1.078  1003.3698     4.3734     11.217          4 0.0000e+00
     12.000   0.527950     7.1069 3.7349e+00      1.156  1003.4669     4.4405     12.237          3 0.0000e+00
     13.000   0.528337     6.6732 2.4448e+00      1.223  1003.5440     4.5002     13.256          4 0.0000e+00
     14.000   0.528913     6.2501 1.6085e+00      1.232  1003.6193     4.5615     14.276          4 0.0000e+00
     15.000   0.530970     5.8255 1.1224e+00      0.570  1003.7044     4.6380     15.296         10 0.0000e+00
     16.000   0.536131     5.3235 8.1448e-01      0.181  1003.8231     4.7567     16.315         12 0.0000e+00
     17.000   0.536027     4.8432 5.6813e-01      0.429  1003.8978     4.8245     17.335          8 0.0000e+00
     18.000   0.538668     4.6008 4.0943e-01      0.485  1003.9578     4.8854     18.355          7 0.0000e+00
     19.000   0.539628     4.3891 2.7259e-01      0.689  1004.0003     4.9262     19.375          6 0.0000e+00
     20.000   0.538465     3.9346 1.8811e-01      0.739  1004.0595     4.9834     20.394          5 0.0000e+00
     21.000   0.535759     3.2525 1.3184e-01      0.741  1004.1347     5.0618     21.414          5 0.0000e+00
     22.000   0.535105     2.7371 7.9374e-02      0.737  1004.2010     5.1368     22.434          5 0.0000e+00
     23.000   0.534867     2.3946 4.1522e-02      0.847  1004.2467     5.1899     23.454          5 0.0000e+00
     24.000   0.534426     2.0554 1.9059e-02      0.862  1004.2896     5.2410     24.473          4 0.0000e+00
     25.000   0.535404     1.7981 4.3819e-03      0.905  1004.3336     5.2943     25.493          5 0.0000e+00
     26.000   0.536048     1.6700 -3.353e-06      0.916  1004.3592     5.3227     26.513          4 0.0000e+00
     27.000   0.536883     1.5765 1.0000e-12      0.903  1004.3823     5.3474     27.532          5 0.0000e+00
     28.000   0.538812     1.5097 1.0000e-12      0.809  1004.4115     5.3793     28.552          5 0.0000e+00
     29.000   0.542352     1.5505 1.0000e-12      0.829  1004.4419     5.4099     29.572          5 0.0000e+00
     30.000   0.548910     1.7212 1.0000e-12      0.828  1004.4821     5.4499     30.591          5 0.0000e+00
     31.000   0.556173     1.8926 1.0000e-12      0.773  1004.5275     5.4969     31.611          4 0.0000e+00
     32.000   0.559056     1.9379 1.0000e-12      0.840  1004.5511     5.5193     32.631          4 0.0000e+00
     33.000   0.559634     1.9262 1.0000e-12      1.040  1004.5623     5.5273     33.651          4 0.0000e+00
     34.000   0.560734     1.9415 1.0000e-12      1.170  1004.5746     5.5362     34.671          3 0.0000e+00
     35.000   0.561844     1.9702 1.0000e-12      1.145  1004.5851     5.5427     35.690          4 0.0000e+00
     36.000   0.562699     1.9979 1.0000e-12      1.125  1004.5937     5.5468     36.710          3 0.0000e+00
     37.000   0.563955     2.0282 1.0000e-12      1.052  1004.6052     5.5545     37.730          4 0.0000e+00
     38.000   0.565865     2.0554 1.0000e-12      1.090  1004.6227     5.5697     38.749          4 0.0000e+00
     39.000   0.568090     2.0888 1.0000e-12      1.083  1004.6419     5.5872     39.769          3 0.0000e+00
     40.000   0.570406     2.1231 1.0000e-12      1.145  1004.6618     5.6053     40.789          4 0.0000e+00
     41.000   0.572722     2.1493 1.0000e-12      1.130  1004.6827     5.6249     41.808          3 0.0000e+00
     42.000   0.574874     2.1810 1.0000e-12      1.166  1004.7014     5.6417     42.828          4 0.0000e+00
     43.000   0.576671     2.2140 1.0000e-12      1.162  1004.7169     5.6546     43.848          3 0.0000e+00
     44.000   0.578466     2.2539 1.0000e-12      1.107  1004.7314     5.6662     44.867          4 0.0000e+00
     45.000   0.581004     2.3098 1.0000e-12      1.077  1004.7499     5.6826     45.887          4 0.0000e+00
     46.000   0.583550     2.3670 1.0000e-12      1.080  1004.7681     5.6989     46.907          4 0.0000e+00
     47.000   0.585833     2.4193 1.0000e-12      1.043  1004.7848     5.7132     47.927          3 0.0000e+00
     48.000   0.587674     2.4619 1.0000e-12      1.059  1004.7991     5.7246     48.947          4 0.0000e+00
     49.000   0.589271     2.4992 1.0000e-12      1.077  1004.8120     5.7345     49.966          4 0.0000e+00
     50.000   0.592081     2.5557 1.0000e-12      1.095  1004.8322     5.7534     50.986          3 0.0000e+00
     51.000   0.596475     2.6415 1.0000e-12      1.130  1004.8612     5.7834     52.005          4 0.0000e+00
     52.000   0.600559     2.7246 1.0000e-12      1.129  1004.8878     5.8105     53.025          4 0.0000e+00
     53.000   0.602380     2.7690 1.0000e-12      1.080  1004.9011     5.8212     54.045          3 0.0000e+00
     54.000   0.603471     2.7961 1.0000e-12      1.034  1004.9110     5.8274     55.065          4 0.0000e+00
     55.000   0.605675     2.8406 1.0000e-12      1.007  1004.9274     5.8420     56.084          4 0.0000e+00
     56.000   0.609223     2.9137 1.0000e-12      1.040  1004.9505     5.8651     57.104          4 0.0000e+00
     57.000   0.616233     3.0444 1.0000e-12      1.077  1004.9930     5.9131     58.124          3 0.0000e+00
     58.000   0.621153     3.1456 1.0000e-12      1.101  1005.0225     5.9449     59.143          4 0.0000e+00
     59.000   0.623082     3.1927 1.0000e-12      1.130  1005.0357     5.9558     60.163          3 0.0000e+00
     60.000   0.624000     3.2166 1.0000e-12      1.174  1005.0443     5.9607     61.183          4 0.0000e+00
     61.000   0.625251     3.2437 1.0000e-12      1.170  1005.0551     5.9683     62.203          3 0.0000e+00
     62.000   0.626430     3.2694 1.0000e-12      1.143  1005.0654     5.9755     63.223          4 0.0000e+00
     63.000   0.626894     3.2823 1.0000e-12      1.109  1005.0719     5.9778     64.242          4 0.0000e+00
     64.000   0.626898     3.2867 1.0000e-12      1.060  1005.0761     5.9769     65.262          3 0.0000e+00
     65.000   0.627530     3.3016 1.0000e-12      1.087  1005.0837     5.9805     66.282          4 0.0000e+00
     66.000   0.629291     3.3350 1.0000e-12      1.139  1005.0975     5.9921     67.301          4 0.0000e+00
     67.000   0.630420     3.3596 1.0000e-12      1.112  1005.1076     5.9990     68.321          3 0.0000e+00
     68.000   0.630773     3.3698 1.0000e-12      1.032  1005.1137     6.0006     69.341          4 0.0000e+00
     69.000   0.630900     3.3748 1.0000e-12      1.038  1005.1187     6.0008     70.361          4 0.0000e+00
     70.000   0.631233     3.3823 1.0000e-12      0.952  1005.1250     6.0027     71.380          4 0.0000e+00
     71.000   0.631303     3.3861 1.0000e-12      1.021  1005.1298     6.0026     72.400          4 0.0000e+00
     72.000   0.631630     3.3948 1.0000e-12      1.172  1005.1359     6.0042     73.420          3 0.0000e+00
     73.000   0.632582     3.4181 1.0000e-12      1.163  1005.1446     6.0095     74.439          4 0.0000e+00
     74.000   0.630762     3.4325 1.0000e-12      1.128  1005.1324     5.9882     75.459          4 0.0000e+00
     75.000   0.590731     3.4341 1.0000e-12      1.031  1004.8141     5.5826     76.479          7 0.0000e+00
     76.000   0.466618     3.4247 1.0000e-12     -0.224  1003.8236     4.3337     77.499          3 0.0000e+00
