ctdpy/exports/archive_20191121_115250/received_data/om5_v31_18.cnv
* Sea-Bird SBE19plus Data File:
* FileName = C:\CTD\CTD 2018\v31\Om5_v31_18.hex
* Software Version 1.59
* Temperature SN =  4644
* Conductivity SN =  4644
* System UpLoad Time = Jul 31 2018 16:52:56
** Om5_v31_18
* ds
# nquan = 11
# nvalues = 49                          
# units = specified
# name 0 = prdM: Pressure, Strain Gauge [db]
# name 1 = c0S/m: Conductivity [S/m]
# name 2 = tv290C: Temperature [ITS-90, deg C]
# name 3 = par: PAR/Irradiance, Biospherical/Licor
# name 4 = dz/dtM: Descent Rate [m/s]
# name 5 = sbeox0ML/L: Oxygen, SBE 43 [ml/l]
# name 6 = density00: Density [density, kg/m^3]
# name 7 = sal00: Salinity, Practical [PSU]
# name 8 = depFM: Depth [fresh water, m], lat = 0
# name 9 = nbin: number of scans per bin
# name 10 = flag: flag
# span 0 =      1.000,     49.000       
# span 1 =   0.567758,   0.802454       
# span 2 =     2.6585,    21.5542       
# span 3 = 1.1138e-01, 1.2816e+02       
# span 4 =      0.096,      0.645       
# span 5 =     6.2200,     7.7158       
# span 6 =  1001.5106,  1004.7511       
# span 7 =     4.7612,     5.6580       
# span 8 =      1.020,     49.966       
# span 9 =          6,         23       
# span 10 = 0.0000e+00, 0.0000e+00      
# interval = decibars: 1                
# start_time = Jul 31 2018 16:29:10 [Instrument's time stamp, header]
# bad_flag = -9.990e-29
*END*
      1.000   0.802454    21.5542 1.2816e+02      0.096     6.7011  1001.5106     4.7963      1.020         11 0.0000e+00
      2.000   0.795998    21.2957 7.7047e+01      0.378     6.5774  1001.5643     4.7831      2.040          9 0.0000e+00
      3.000   0.788722    21.0003 4.7121e+01      0.560     6.5933  1001.6246     4.7684      3.059          8 0.0000e+00
      4.000   0.786440    20.8879 3.1278e+01      0.517     6.6819  1001.6525     4.7659      4.079          7 0.0000e+00
      5.000   0.784148    20.7702 2.1309e+01      0.529     6.4214  1001.6818     4.7639      5.099          7 0.0000e+00
      6.000   0.779301    20.5076 1.4748e+01      0.617     6.3263  1001.7424     4.7612      6.118          7 0.0000e+00
      7.000   0.776086    20.2961 1.0500e+01      0.632     6.3338  1001.7950     4.7634      7.138          6 0.0000e+00
      8.000   0.775288    20.2127 7.6358e+00      0.633     6.3419  1001.8207     4.7674      8.158          6 0.0000e+00
      9.000   0.775252    20.1731 5.6797e+00      0.619     6.3374  1001.8369     4.7715      9.178          7 0.0000e+00
     10.000   0.775652    20.1383 4.2784e+00      0.600     6.3593  1001.8539     4.7780     10.197          7 0.0000e+00
     11.000   0.775787    20.0919 3.2547e+00      0.601     6.3817  1001.8731     4.7840     11.217          6 0.0000e+00
     12.000   0.776143    20.0574 2.5078e+00      0.619     6.4388  1001.8897     4.7901     12.236          7 0.0000e+00
     13.000   0.778065    20.0240 1.9447e+00      0.635     6.4303  1001.9139     4.8066     13.256          6 0.0000e+00
     14.000   0.779571    19.9779 1.5121e+00      0.645     6.4669  1001.9398     4.8217     14.276          6 0.0000e+00
     15.000   0.775381    19.6970 1.1955e+00      0.626     6.5372  1002.0071     4.8256     15.296          7 0.0000e+00
     16.000   0.764100    19.2561 9.3420e-01      0.609     6.5626  1002.0848     4.7999     16.315          6 0.0000e+00
     17.000   0.759596    19.0600 7.3752e-01      0.606     6.5957  1002.1237     4.7918     17.335          7 0.0000e+00
     18.000   0.757783    18.8928 5.8712e-01      0.596     6.6559  1002.1676     4.7985     18.355          7 0.0000e+00
     19.000   0.756115    18.6755 4.6986e-01      0.604     6.6846  1002.2265     4.8120     19.375          6 0.0000e+00
     20.000   0.752039    18.3771 3.8418e-01      0.555     6.8787  1002.2955     4.8184     20.394          8 0.0000e+00
     21.000   0.740210    17.6057 3.1447e-01      0.579     7.0042  1002.4559     4.8262     21.414          6 0.0000e+00
     22.000   0.727804    16.7044 2.6350e-01      0.577     7.3012  1002.6420     4.8452     22.434          7 0.0000e+00
     23.000   0.701523    14.9823 2.2437e-01      0.598     7.5870  1002.9532     4.8625     23.453          7 0.0000e+00
     24.000   0.673184    13.1501 1.9522e-01      0.601     7.7158  1003.2470     4.8768     24.473          6 0.0000e+00
     25.000   0.648076    11.4843 1.7319e-01      0.614     7.6968  1003.4814     4.8933     25.493          7 0.0000e+00
     26.000   0.626455     9.9330 1.5658e-01      0.637     7.6093  1003.6803     4.9219     26.513          6 0.0000e+00
     27.000   0.611463     8.6829 1.4521e-01      0.594     7.5069  1003.8357     4.9658     27.532          7 0.0000e+00
     28.000   0.599452     7.5809 1.3651e-01      0.597     7.4363  1003.9648     5.0160     28.552          7 0.0000e+00
     29.000   0.587220     6.4261 1.3044e-01      0.575     7.4334  1004.0858     5.0735     29.572          7 0.0000e+00
     30.000   0.577034     5.3532 1.2567e-01      0.558     7.4059  1004.1930     5.1398     30.591          8 0.0000e+00
     31.000   0.574718     4.7999 1.2251e-01      0.459     7.3695  1004.2677     5.2032     31.611          9 0.0000e+00
     32.000   0.574449     4.4870 1.1985e-01      0.464     7.3780  1004.3186     5.2499     32.631          8 0.0000e+00
     33.000   0.570183     3.9827 1.1775e-01      0.461     7.4606  1004.3655     5.2887     33.651          9 0.0000e+00
     34.000   0.570157     3.6926 1.1625e-01      0.431     7.3935  1004.4127     5.3356     34.670         10 0.0000e+00
     35.000   0.568745     3.3719 1.1506e-01      0.374     7.5050  1004.4521     5.3743     35.690         11 0.0000e+00
     36.000   0.567758     3.1632 1.1418e-01      0.373     7.4852  1004.4785     5.3990     36.710         10 0.0000e+00
     37.000   0.570378     3.1650 1.1336e-01      0.418     7.3962  1004.5044     5.4252     37.730         10 0.0000e+00
     38.000   0.571411     3.0774 1.1286e-01      0.333     7.3721  1004.5299     5.4504     38.749         12 0.0000e+00
     39.000   0.571930     2.9840 1.1243e-01      0.328     7.3139  1004.5521     5.4715     39.769         13 0.0000e+00
     40.000   0.573466     2.9397 1.1211e-01      0.293     7.2139  1004.5758     5.4947     40.789         14 0.0000e+00
     41.000   0.575399     2.9263 1.1186e-01      0.257     7.1049  1004.5983     5.5167     41.808         17 0.0000e+00
     42.000   0.578363     2.9439 1.1172e-01      0.200     6.8762  1004.6249     5.5440     42.828         20 0.0000e+00
     43.000   0.579277     2.9023 1.1158e-01      0.178     6.7899  1004.6432     5.5605     43.848         23 0.0000e+00
     44.000   0.579511     2.8405 1.1153e-01      0.176     6.7340  1004.6587     5.5735     44.867         22 0.0000e+00
     45.000   0.580169     2.8522 1.1147e-01      0.187     6.6972  1004.6673     5.5781     45.887         22 0.0000e+00
     46.000   0.581977     2.7801 1.1143e-01      0.186     6.4517  1004.6972     5.6092     46.907         21 0.0000e+00
     47.000   0.583394     2.7055 1.1138e-01      0.210     6.3003  1004.7243     5.6369     47.927         19 0.0000e+00
     48.000   0.584128     2.6784 1.1142e-01      0.219     6.2514  1004.7391     5.6492     48.946         19 0.0000e+00
     49.000   0.584656     2.6585 1.1181e-01      0.129     6.2200  1004.7511     5.6580     49.966          8 0.0000e+00
