ctdpy/exports/archive_20191121_115250/received_data/om6_v31_18.cnv
* Sea-Bird SBE19plus Data File:
* FileName = C:\CTD\CTD 2018\v31\Om6_v31_18.hex
* Software Version 1.59
* Temperature SN =  4644
* Conductivity SN =  4644
* System UpLoad Time = Jul 31 2018 18:01:08
** Om6_v31_18
* ds
# nquan = 11
# nvalues = 83                          
# units = specified
# name 0 = prdM: Pressure, Strain Gauge [db]
# name 1 = c0S/m: Conductivity [S/m]
# name 2 = tv290C: Temperature [ITS-90, deg C]
# name 3 = par: PAR/Irradiance, Biospherical/Licor
# name 4 = dz/dtM: Descent Rate [m/s]
# name 5 = sbeox0ML/L: Oxygen, SBE 43 [ml/l]
# name 6 = density00: Density [density, kg/m^3]
# name 7 = sal00: Salinity, Practical [PSU]
# name 8 = depFM: Depth [fresh water, m], lat = 0
# name 9 = nbin: number of scans per bin
# name 10 = flag: flag
# span 0 =      1.000,     83.000       
# span 1 =   0.552974,   0.773656       
# span 2 =     2.1100,    20.4345       
# span 3 = 9.7467e-02, 1.2686e+02       
# span 4 =      0.029,      0.673       
# span 5 =     5.2668,     8.0606       
# span 6 =  1001.7141,  1005.2306       
# span 7 =     4.7325,     6.0571       
# span 8 =      1.020,     84.637       
# span 9 =          6,         17       
# span 10 = 0.0000e+00, 0.0000e+00      
# interval = decibars: 1                
# start_time = Jul 31 2018 17:35:14 [Instrument's time stamp, header]
# bad_flag = -9.990e-29
*END*
      1.000   0.773656    20.4345 1.2686e+02      0.029     6.7875  1001.7141     4.7325      1.020         11 0.0000e+00
      2.000   0.773563    20.4257 7.0787e+01      0.453     6.6735  1001.7208     4.7328      2.039          7 0.0000e+00
      3.000   0.773328    20.3864 4.2723e+01      0.610     6.6488  1001.7360     4.7355      3.059          7 0.0000e+00
      4.000   0.773231    20.3592 2.8342e+01      0.673     6.6504  1001.7482     4.7379      4.079          6 0.0000e+00
      5.000   0.773227    20.3517 2.0197e+01      0.600     6.6086  1001.7550     4.7386      5.099          7 0.0000e+00
      6.000   0.772979    20.3250 1.4561e+01      0.600     6.4768  1001.7663     4.7398      6.119          6 0.0000e+00
      7.000   0.770166    20.1417 1.0840e+01      0.597     6.3649  1001.8119     4.7415      7.138          7 0.0000e+00
      8.000   0.767488    19.9333 8.2543e+00      0.577     6.3542  1001.8654     4.7469      8.158          7 0.0000e+00
      9.000   0.763992    19.7490 6.2398e+00      0.624     6.3760  1001.9072     4.7441      9.178          6 0.0000e+00
     10.000   0.762019    19.6482 4.8102e+00      0.607     6.3842  1001.9316     4.7422     10.197          7 0.0000e+00
     11.000   0.762131    19.5966 3.6871e+00      0.624     6.4098  1001.9519     4.7486     11.217          6 0.0000e+00
     12.000   0.760749    19.4887 2.8754e+00      0.629     6.4305  1001.9813     4.7514     12.237          7 0.0000e+00
     13.000   0.759223    19.3700 2.2382e+00      0.592     6.4360  1002.0130     4.7544     13.256          6 0.0000e+00
     14.000   0.757409    19.2869 1.7447e+00      0.640     6.4663  1002.0326     4.7515     14.276          7 0.0000e+00
     15.000   0.756683    19.1990 1.3791e+00      0.575     6.4765  1002.0591     4.7565     15.296          6 0.0000e+00
     16.000   0.757228    19.1566 1.0755e+00      0.625     6.5143  1002.0788     4.7649     16.315          7 0.0000e+00
     17.000   0.758133    19.0814 8.5963e-01      0.564     6.5742  1002.1100     4.7795     17.335          7 0.0000e+00
     18.000   0.755823    18.8459 6.7723e-01      0.639     6.7322  1002.1711     4.7905     18.355          7 0.0000e+00
     19.000   0.747993    18.3168 5.4454e-01      0.558     6.8636  1002.2871     4.7977     19.374          6 0.0000e+00
     20.000   0.736333    17.4598 4.3234e-01      0.611     7.5721  1002.4707     4.8162     20.394          7 0.0000e+00
     21.000   0.692430    14.6818 3.5243e-01      0.548     7.9752  1002.9683     4.8318     21.414          7 0.0000e+00
     22.000   0.660833    12.6098 2.8742e-01      0.564     7.9016  1003.2901     4.8494     22.434          8 0.0000e+00
     23.000   0.640496    11.2236 2.3782e-01      0.547     7.9493  1003.4812     4.8661     23.454          7 0.0000e+00
     24.000   0.621189     9.8484 2.0042e-01      0.579     7.9421  1003.6533     4.8892     24.473          7 0.0000e+00
     25.000   0.612450     9.0272 1.7415e-01      0.579     7.7160  1003.7656     4.9267     25.493          7 0.0000e+00
     26.000   0.601757     8.0811 1.5438e-01      0.577     7.9448  1003.8781     4.9654     26.512          6 0.0000e+00
     27.000   0.570861     5.7740 1.3963e-01      0.629     8.0112  1004.0627     5.0181     27.532          7 0.0000e+00
     28.000   0.558534     4.5046 1.3078e-01      0.515     7.9709  1004.1734     5.0922     28.552          7 0.0000e+00
     29.000   0.556047     4.0056 1.2304e-01      0.662     7.9142  1004.2315     5.1454     29.572          7 0.0000e+00
     30.000   0.555258     3.6436 1.1789e-01      0.535     7.9815  1004.2815     5.1949     30.592          7 0.0000e+00
     31.000   0.552997     3.2119 1.1350e-01      0.608     8.0328  1004.3278     5.2416     31.611          7 0.0000e+00
     32.000   0.552974     2.9823 1.1048e-01      0.519     8.0460  1004.3637     5.2788     32.631          7 0.0000e+00
     33.000   0.553887     2.8547 1.0778e-01      0.574     8.0606  1004.3931     5.3091     33.651          7 0.0000e+00
     34.000   0.554610     2.6876 1.0580e-01      0.506     7.9995  1004.4261     5.3443     34.670          8 0.0000e+00
     35.000   0.556274     2.5793 1.0400e-01      0.599     7.9365  1004.4591     5.3796     35.690          6 0.0000e+00
     36.000   0.557228     2.3083 1.0288e-01      0.567     7.8774  1004.5074     5.4355     36.710          8 0.0000e+00
     37.000   0.558103     2.1999 1.0185e-01      0.553     7.8559  1004.5337     5.4632     37.730          6 0.0000e+00
     38.000   0.558935     2.1627 1.0097e-01      0.622     7.8467  1004.5503     5.4782     38.749          8 0.0000e+00
     39.000   0.559992     2.1488 1.0032e-01      0.462     7.8200  1004.5659     5.4916     39.769          6 0.0000e+00
     40.000   0.561341     2.1299 9.9663e-02      0.661     7.7778  1004.5846     5.5089     40.789          8 0.0000e+00
     41.000   0.562658     2.1159 9.9298e-02      0.457     7.7658  1004.6023     5.5251     41.808          7 0.0000e+00
     42.000   0.563307     2.1100 9.8856e-02      0.597     7.7568  1004.6134     5.5328     42.828          8 0.0000e+00
     43.000   0.564121     2.1105 9.8609e-02      0.447     7.7130  1004.6251     5.5412     43.848          7 0.0000e+00
     44.000   0.565653     2.1292 9.8335e-02      0.565     7.6663  1004.6404     5.5539     44.867          8 0.0000e+00
     45.000   0.566881     2.1457 9.8192e-02      0.512     7.6302  1004.6534     5.5637     45.887          7 0.0000e+00
     46.000   0.567687     2.1503 9.7987e-02      0.580     7.5844  1004.6645     5.5713     46.907          7 0.0000e+00
     47.000   0.569589     2.1774 9.7904e-02      0.561     7.5083  1004.6817     5.5864     47.927          8 0.0000e+00
     48.000   0.570919     2.1956 9.7827e-02      0.530     7.4570  1004.6954     5.5970     48.946          7 0.0000e+00
     49.000   0.572243     2.2142 9.7830e-02      0.600     7.3995  1004.7088     5.6075     49.966          7 0.0000e+00
     50.000   0.573971     2.2393 9.7705e-02      0.486     7.2677  1004.7248     5.6210     50.986          7 0.0000e+00
     51.000   0.579982     2.3405 9.7604e-02      0.631     6.9973  1004.7663     5.6658     52.005          7 0.0000e+00
     52.000   0.588562     2.4920 9.7688e-02      0.442     6.7741  1004.8216     5.7280     53.025          8 0.0000e+00
     53.000   0.592839     2.5708 9.7594e-02      0.632     6.6711  1004.8508     5.7582     54.045          7 0.0000e+00
     54.000   0.595372     2.6185 9.7642e-02      0.475     6.6388  1004.8699     5.7758     55.065          8 0.0000e+00
     55.000   0.597315     2.6558 9.7559e-02      0.588     6.5978  1004.8855     5.7891     56.084          7 0.0000e+00
     56.000   0.599075     2.6921 9.7696e-02      0.492     6.5560  1004.8996     5.8006     57.104          8 0.0000e+00
     57.000   0.600216     2.7144 9.7696e-02      0.580     6.5234  1004.9106     5.8083     58.124          7 0.0000e+00
     58.000   0.601057     2.7331 9.7679e-02      0.433     6.4942  1004.9197     5.8134     59.144          9 0.0000e+00
     59.000   0.602049     2.7542 9.7596e-02      0.570     6.4593  1004.9296     5.8198     60.163          8 0.0000e+00
     60.000   0.602598     2.7670 9.7611e-02      0.383     6.4350  1004.9371     5.8230     61.183          8 0.0000e+00
     61.000   0.603822     2.7953 9.7576e-02      0.601     6.2659  1004.9479     5.8304     62.203          8 0.0000e+00
     62.000   0.610952     2.9357 9.7717e-02      0.463     5.9624  1004.9904     5.8782     63.222          7 0.0000e+00
     63.000   0.615310     3.0252 9.7715e-02      0.593     5.8920  1005.0174     5.9065     64.242          7 0.0000e+00
     64.000   0.616019     3.0427 9.7749e-02      0.483     5.9037  1005.0254     5.9104     65.262          8 0.0000e+00
     65.000   0.616346     3.0517 9.7640e-02      0.547     5.9030  1005.0315     5.9121     66.282          8 0.0000e+00
     66.000   0.616863     3.0622 9.7763e-02      0.496     5.8869  1005.0390     5.9153     67.301          8 0.0000e+00
     67.000   0.617377     3.0744 9.7818e-02      0.568     5.8536  1005.0461     5.9182     68.321          7 0.0000e+00
     68.000   0.618032     3.0880 9.7761e-02      0.482     5.8285  1005.0542     5.9224     69.341          8 0.0000e+00
     69.000   0.618480     3.0989 9.7662e-02      0.613     5.8093  1005.0610     5.9248     70.360          7 0.0000e+00
     70.000   0.619391     3.1169 9.7807e-02      0.416     5.7245  1005.0705     5.9308     71.380          9 0.0000e+00
     71.000   0.623318     3.1897 9.7779e-02      0.580     5.5628  1005.0960     5.9574     72.400          8 0.0000e+00
     72.000   0.627844     3.2744 9.7752e-02      0.375     5.4579  1005.1243     5.9879     73.420          9 0.0000e+00
     73.000   0.630956     3.3343 9.7720e-02      0.487     5.4210  1005.1449     6.0084     74.439          9 0.0000e+00
     74.000   0.633164     3.3767 9.7816e-02      0.409     5.3841  1005.1609     6.0229     75.459          9 0.0000e+00
     75.000   0.634622     3.4066 9.7890e-02      0.435     5.3819  1005.1727     6.0321     76.479         10 0.0000e+00
     76.000   0.635314     3.4223 9.7823e-02      0.351     5.3780  1005.1806     6.0361     77.498         12 0.0000e+00
     77.000   0.635350     3.4250 9.7790e-02      0.306     5.3724  1005.1852     6.0359     78.518         12 0.0000e+00
     78.000   0.635523     3.4299 9.7775e-02      0.331     5.3519  1005.1906     6.0366     79.538         13 0.0000e+00
     79.000   0.636611     3.4496 9.7792e-02      0.380     5.3220  1005.2011     6.0439     80.558         12 0.0000e+00
     80.000   0.637503     3.4656 9.7730e-02      0.264     5.2998  1005.2105     6.0499     81.577         15 0.0000e+00
     81.000   0.638267     3.4835 9.7662e-02      0.261     5.2949  1005.2186     6.0542     82.597         17 0.0000e+00
     82.000   0.638560     3.4887 9.7575e-02      0.233     5.2743  1005.2249     6.0561     83.617         17 0.0000e+00
     83.000   0.638713     3.4906 9.7467e-02      0.182     5.2668  1005.2306     6.0571     84.637         12 0.0000e+00
