ctdpy/exports/archive_20191121_115250/received_data/rr1_v03_18.cnv
* Sea-Bird SBE19plus Data File:
* FileName = C:\CTD\CTD 2018\v01_k03\RR1_v03_18.hex
* Software Version 1.59
* Temperature SN =  4644
* Conductivity SN =  4644
* System UpLoad Time = Jan 17 2018 00:20:24
** RR1 2018K01 v3
* ds
# nquan = 11
# nvalues = 88                          
# units = specified
# name 0 = prdM: Pressure, Strain Gauge [db]
# name 1 = c0S/m: Conductivity [S/m]
# name 2 = tv290C: Temperature [ITS-90, deg C]
# name 3 = par: PAR/Irradiance, Biospherical/Licor
# name 4 = dz/dtM: Descent Rate [m/s]
# name 5 = sbeox0ML/L: Oxygen, SBE 43 [ml/l]
# name 6 = density00: Density [density, kg/m^3]
# name 7 = sal00: Salinity, Practical [PSU]
# name 8 = depFM: Depth [fresh water, m], lat = 0
# name 9 = nbin: number of scans per bin
# name 10 = flag: flag
# span 0 =      1.000,     88.000       
# span 1 =   0.291274,   0.356819       
# span 2 =     1.2075,     3.4174       
# span 3 = 4.3617e-02, 5.6890e-01       
# span 4 =     -0.105,      1.642       
# span 5 =     7.2135,     8.9517       
# span 6 =  1002.2101,  1003.0260       
# span 7 =     2.8208,     3.2613       
# span 8 =      1.019,     89.735       
# span 9 =          3,         10       
# span 10 = 0.0000e+00, 0.0000e+00      
# interval = decibars: 1                
# start_time = Jan 16 2018 23:53:35 [Instrument's time stamp, header]
# bad_flag = -9.990e-29
*END*
      1.000   0.292067     1.3268 4.4999e-01     -0.105     8.7871  1002.2101     2.8208      1.019          7 0.0000e+00
      2.000   0.291274     1.2075 5.6890e-01      0.289     8.7876  1002.2132     2.8235      2.040          5 0.0000e+00
      3.000   0.291318     1.2099 2.2723e-01      1.012     8.6437  1002.2184     2.8237      3.059          6 0.0000e+00
      4.000   0.291342     1.2102 9.6319e-02      0.587     8.7739  1002.2235     2.8238      4.079          6 0.0000e+00
      5.000   0.291327     1.2091 8.4744e-02      0.781     8.8501  1002.2285     2.8237      5.098          4 0.0000e+00
      6.000   0.291346     1.2094 5.5038e-02      0.917     8.8980  1002.2335     2.8238      6.118          5 0.0000e+00
      7.000   0.291355     1.2093 5.7328e-02      0.823     8.9262  1002.2386     2.8238      7.138          4 0.0000e+00
      8.000   0.291368     1.2093 5.0550e-02      0.947     8.8816  1002.2436     2.8239      8.158          3 0.0000e+00
      9.000   0.291405     1.2107 4.7058e-02      1.223     8.8162  1002.2489     2.8241      9.178          4 0.0000e+00
     10.000   0.291513     1.2152 4.4899e-02      1.157     8.8205  1002.2546     2.8248     10.197          5 0.0000e+00
     11.000   0.291637     1.2197 4.4267e-02      0.804     8.8984  1002.2604     2.8256     11.217          4 0.0000e+00
     12.000   0.291666     1.2203 4.4028e-02      0.746     8.9107  1002.2656     2.8258     12.237          4 0.0000e+00
     13.000   0.291664     1.2197 4.3648e-02      1.058     8.8688  1002.2706     2.8257     13.256          3 0.0000e+00
     14.000   0.291660     1.2194 4.3688e-02      1.294     8.8670  1002.2755     2.8256     14.276          4 0.0000e+00
     15.000   0.291697     1.2212 4.3629e-02      1.179     8.8899  1002.2807     2.8258     15.296          4 0.0000e+00
     16.000   0.291788     1.2241 4.3632e-02      0.960     8.9000  1002.2864     2.8264     16.315          4 0.0000e+00
     17.000   0.291800     1.2247 4.3637e-02      0.945     8.8767  1002.2914     2.8264     17.335          4 0.0000e+00
     18.000   0.291783     1.2241 4.3622e-02      1.037     8.8592  1002.2962     2.8263     18.355          4 0.0000e+00
     19.000   0.291782     1.2240 4.3617e-02      1.000     8.8948  1002.3012     2.8262     19.375          4 0.0000e+00
     20.000   0.291797     1.2242 4.3622e-02      0.888     8.9219  1002.3063     2.8263     20.394          4 0.0000e+00
     21.000   0.291826     1.2247 4.3617e-02      0.955     8.9267  1002.3114     2.8265     21.414          4 0.0000e+00
     22.000   0.291863     1.2255 4.3617e-02      1.116     8.9198  1002.3167     2.8267     22.434          3 0.0000e+00
     23.000   0.291895     1.2261 4.3622e-02      1.226     8.8577  1002.3219     2.8269     23.454          4 0.0000e+00
     24.000   0.291901     1.2261 4.3617e-02      1.245     8.7624  1002.3269     2.8269     24.473          3 0.0000e+00
     25.000   0.291900     1.2262 4.3617e-02      1.091     8.6944  1002.3319     2.8269     25.493          5 0.0000e+00
     26.000   0.291930     1.2272 4.3617e-02      0.740     8.8067  1002.3370     2.8270     26.513          5 0.0000e+00
     27.000   0.292019     1.2302 4.3617e-02      0.608     8.9463  1002.3426     2.8276     27.532          4 0.0000e+00
     28.000   0.292133     1.2330 4.3624e-02      0.884     8.9408  1002.3484     2.8285     28.552          3 0.0000e+00
     29.000   0.292212     1.2352 4.3627e-02      1.324     8.8581  1002.3540     2.8290     29.572          3 0.0000e+00
     30.000   0.292318     1.2378 4.3617e-02      1.642     8.7273  1002.3597     2.8298     30.591          3 0.0000e+00
     31.000   0.292378     1.2397 4.3617e-02      1.504     8.5682  1002.3651     2.8302     31.611          4 0.0000e+00
     32.000   0.292390     1.2406 4.3617e-02      0.769     8.5546  1002.3701     2.8302     32.631          6 0.0000e+00
     33.000   0.292422     1.2412 4.3617e-02      0.420     8.8290  1002.3753     2.8304     33.651          5 0.0000e+00
     34.000   0.292512     1.2435 4.3617e-02      0.748     8.9282  1002.3809     2.8310     34.671          3 0.0000e+00
     35.000   0.292653     1.2467 4.3617e-02      1.214     8.8981  1002.3870     2.8322     35.690          3 0.0000e+00
     36.000   0.292711     1.2482 4.3617e-02      1.562     8.8045  1002.3923     2.8325     36.710          3 0.0000e+00
     37.000   0.292732     1.2489 4.3617e-02      1.597     8.6834  1002.3974     2.8326     37.729          4 0.0000e+00
     38.000   0.292741     1.2493 4.3617e-02      1.236     8.6035  1002.4025     2.8326     38.749          4 0.0000e+00
     39.000   0.292744     1.2495 4.3619e-02      0.638     8.7389  1002.4074     2.8326     39.769          6 0.0000e+00
     40.000   0.292715     1.2484 4.3617e-02      0.492     8.9312  1002.4122     2.8324     40.789          4 0.0000e+00
     41.000   0.292677     1.2473 4.3617e-02      0.805     8.9517  1002.4169     2.8320     41.808          4 0.0000e+00
     42.000   0.292703     1.2478 4.3617e-02      1.239     8.9115  1002.4221     2.8322     42.828          3 0.0000e+00
     43.000   0.292723     1.2481 4.3617e-02      1.541     8.8287  1002.4272     2.8323     43.848          3 0.0000e+00
     44.000   0.292729     1.2484 4.3617e-02      1.483     8.7151  1002.4322     2.8323     44.867          4 0.0000e+00
     45.000   0.292738     1.2488 4.3617e-02      1.070     8.6755  1002.4372     2.8323     45.887          4 0.0000e+00
     46.000   0.292774     1.2498 4.3617e-02      0.607     8.8248  1002.4424     2.8325     46.907          5 0.0000e+00
     47.000   0.292823     1.2509 4.3617e-02      0.611     8.9358  1002.4478     2.8328     47.926          4 0.0000e+00
     48.000   0.292858     1.2520 4.3617e-02      0.994     8.9324  1002.4530     2.8330     48.946          3 0.0000e+00
     49.000   0.292935     1.2542 4.3620e-02      1.349     8.8950  1002.4585     2.8336     49.966          4 0.0000e+00
     50.000   0.292996     1.2560 4.3617e-02      1.452     8.8280  1002.4639     2.8340     50.986          3 0.0000e+00
     51.000   0.293046     1.2576 4.3617e-02      1.279     8.7444  1002.4692     2.8343     52.005          4 0.0000e+00
     52.000   0.293076     1.2586 4.3623e-02      0.937     8.7456  1002.4743     2.8344     53.025          5 0.0000e+00
     53.000   0.293088     1.2591 4.3619e-02      0.679     8.8492  1002.4794     2.8344     54.045          5 0.0000e+00
     54.000   0.293101     1.2596 4.3617e-02      0.714     8.9080  1002.4844     2.8345     55.065          4 0.0000e+00
     55.000   0.293130     1.2608 4.3623e-02      0.990     8.8789  1002.4896     2.8346     56.084          3 0.0000e+00
     56.000   0.293203     1.2646 4.3627e-02      1.307     8.7988  1002.4950     2.8349     57.104          3 0.0000e+00
     57.000   0.293485     1.2789 4.3617e-02      1.420     8.6757  1002.5017     2.8365     58.124          4 0.0000e+00
     58.000   0.293949     1.2983 4.3617e-02      1.213     8.5271  1002.5097     2.8394     59.143          4 0.0000e+00
     59.000   0.294114     1.3108 4.3617e-02      0.777     8.5650  1002.5155     2.8399     60.163          6 0.0000e+00
     60.000   0.294752     1.3342 4.3617e-02      0.543     8.7931  1002.5248     2.8442     61.183          5 0.0000e+00
     61.000   0.295681     1.3670 4.3617e-02      0.734     8.8783  1002.5360     2.8507     62.203          3 0.0000e+00
     62.000   0.296209     1.3876 4.3622e-02      1.080     8.8413  1002.5444     2.8541     63.223          4 0.0000e+00
     63.000   0.296709     1.4070 4.3617e-02      1.366     8.7365  1002.5527     2.8574     64.242          3 0.0000e+00
     64.000   0.297386     1.4322 4.3673e-02      1.442     8.6019  1002.5621     2.8620     65.262          4 0.0000e+00
     65.000   0.297719     1.4513 4.3620e-02      1.090     8.5280  1002.5689     2.8636     66.281          5 0.0000e+00
     66.000   0.298279     1.4732 4.3617e-02      0.446     8.6828  1002.5775     2.8672     67.301          6 0.0000e+00
     67.000   0.300034     1.5234 4.3617e-02      0.555     8.8317  1002.5946     2.8804     68.321          3 0.0000e+00
     68.000   0.301369     1.5607 4.3617e-02      1.075     8.8226  1002.6088     2.8905     69.341          3 0.0000e+00
     69.000   0.302446     1.5900 4.3617e-02      1.529     8.7129  1002.6212     2.8987     70.361          3 0.0000e+00
     70.000   0.303166     1.6136 4.3617e-02      1.603     8.5695  1002.6308     2.9038     71.380          4 0.0000e+00
     71.000   0.303223     1.6243 4.3617e-02      1.177     8.4399  1002.6358     2.9033     72.400          5 0.0000e+00
     72.000   0.303394     1.6374 4.3617e-02      0.609     8.5399  1002.6414     2.9038     73.419          5 0.0000e+00
     73.000   0.304065     1.6663 4.3617e-02      0.600     8.7453  1002.6505     2.9078     74.439          5 0.0000e+00
     74.000   0.304611     1.6964 4.3617e-02      0.853     8.7915  1002.6584     2.9106     75.459          3 0.0000e+00
     75.000   0.305175     1.7268 4.3617e-02      1.181     8.7353  1002.6664     2.9134     76.479          3 0.0000e+00
     76.000   0.305572     1.7492 4.3617e-02      1.441     8.6245  1002.6734     2.9153     77.499          3 0.0000e+00
     77.000   0.305626     1.7576 4.3617e-02      1.422     8.4972  1002.6784     2.9150     78.518          4 0.0000e+00
     78.000   0.305463     1.7590 4.3617e-02      0.961     8.4494  1002.6819     2.9131     79.538          6 0.0000e+00
     79.000   0.305617     1.7647 4.3617e-02      0.573     8.6270  1002.6878     2.9141     80.557          4 0.0000e+00
     80.000   0.306026     1.7804 4.3617e-02      0.769     8.7015  1002.6953     2.9167     81.578          5 0.0000e+00
     81.000   0.307113     1.8218 4.3617e-02      1.151     8.5858  1002.7069     2.9238     82.597          4 0.0000e+00
     82.000   0.308020     1.8531 4.3617e-02      1.194     8.2936  1002.7176     2.9300     83.617          4 0.0000e+00
     83.000   0.309178     1.9403 4.3617e-02      0.030     8.3019  1002.7272     2.9335     84.636          7 0.0000e+00
     84.000   0.319137     2.3595 4.3617e-02      0.180     8.1990  1002.7875     2.9939     85.656          7 0.0000e+00
     85.000   0.335237     2.8760 4.3617e-02      0.326     7.9373  1002.8864     3.1044     86.676          6 0.0000e+00
     86.000   0.340579     3.0402 4.3617e-02      0.299     7.4791  1002.9199     3.1403     87.696          8 0.0000e+00
     87.000   0.350283     3.2706 4.3617e-02      0.183     7.4692  1002.9826     3.2125     88.715          9 0.0000e+00
     88.000   0.356819     3.4174 4.3617e-02      0.318     7.2135  1003.0260     3.2613     89.735         10 0.0000e+00
