ctdpy/exports/archive_20191121_115250/received_data/sr1a_v08_18.cnv
* Sea-Bird SBE19plus Data File:
* FileName = C:\CTD\CTD 2018\v08\SR1A_v08_18_2.hex
* Software Version 1.59
* Temperature SN =  4644
* Conductivity SN =  4644
* System UpLoad Time = Feb 20 2018 11:05:56
** SR1A_v08_18_2
* ds
# nquan = 11
# nvalues = 62                          
# units = specified
# name 0 = prdM: Pressure, Strain Gauge [db]
# name 1 = c0S/m: Conductivity [S/m]
# name 2 = tv290C: Temperature [ITS-90, deg C]
# name 3 = par: PAR/Irradiance, Biospherical/Licor
# name 4 = dz/dtM: Descent Rate [m/s]
# name 5 = sbeox0ML/L: Oxygen, SBE 43 [ml/l]
# name 6 = density00: Density [density, kg/m^3]
# name 7 = sal00: Salinity, Practical [PSU]
# name 8 = depFM: Depth [fresh water, m], lat = 0
# name 9 = nbin: number of scans per bin
# name 10 = flag: flag
# span 0 =      1.000,     62.000       
# span 1 =   0.499989,   0.560048       
# span 2 =     0.4192,     2.0777       
# span 3 = 5.6123e-02, 1.4977e+02       
# span 4 =     -0.352,      0.904       
# span 5 =     8.3707,     9.3397       
# span 6 =  1004.0661,  1004.6876       
# span 7 =     5.1473,     5.5021       
# span 8 =      1.020,     63.222       
# span 9 =          2,          8       
# span 10 = 0.0000e+00, 0.0000e+00      
# interval = decibars: 1                
# start_time = Feb 20 2018 10:04:10 [Instrument's time stamp, header]
# bad_flag = -9.990e-29
*END*
      1.000   0.503281     0.4973 1.4977e+02     -0.352     9.2972  1004.0781     5.1705      1.020          2 0.0000e+00
      2.000   0.501077     0.4465 9.1710e+01      0.362     9.3187  1004.0683     5.1548      2.039          8 0.0000e+00
      3.000   0.499989     0.4192 5.3027e+01      0.607     9.3397  1004.0661     5.1473      3.059          5 0.0000e+00
      4.000   0.500604     0.4342 2.9584e+01      0.825     9.3237  1004.0751     5.1514      4.079          5 0.0000e+00
      5.000   0.502780     0.4881 1.7192e+01      0.904     9.3174  1004.0942     5.1661      5.099          5 0.0000e+00
      6.000   0.506135     0.5785 1.1680e+01      0.791     9.2431  1004.1199     5.1875      6.118          5 0.0000e+00
      7.000   0.511460     0.7114 8.0986e+00      0.735     9.1865  1004.1585     5.2231      7.138          5 0.0000e+00
      8.000   0.514055     0.7802 5.4545e+00      0.837     9.1813  1004.1792     5.2396      8.158          4 0.0000e+00
      9.000   0.514710     0.8010 3.6301e+00      0.879     9.1537  1004.1877     5.2430      9.178          5 0.0000e+00
     10.000   0.516199     0.8367 2.5492e+00      0.806     9.1616  1004.2020     5.2530     10.197          5 0.0000e+00
     11.000   0.516695     0.8544 1.7932e+00      0.835     9.1389  1004.2094     5.2553     11.217          5 0.0000e+00
     12.000   0.518356     0.8979 1.2900e+00      0.858     9.1166  1004.2243     5.2658     12.237          5 0.0000e+00
     13.000   0.519139     0.9254 9.1226e-01      0.801     9.1132  1004.2331     5.2695     13.257          5 0.0000e+00
     14.000   0.519268     0.9330 6.4310e-01      0.844     9.1063  1004.2384     5.2695     14.276          4 0.0000e+00
     15.000   0.519276     0.9357 4.8314e-01      0.852     9.1133  1004.2430     5.2690     15.296          5 0.0000e+00
     16.000   0.519260     0.9361 3.4681e-01      0.791     9.1114  1004.2478     5.2687     16.315          5 0.0000e+00
     17.000   0.519347     0.9372 2.5333e-01      0.806     9.1183  1004.2534     5.2693     17.335          6 0.0000e+00
     18.000   0.519722     0.9471 2.0441e-01      0.736     9.1101  1004.2605     5.2716     18.355          5 0.0000e+00
     19.000   0.520266     0.9615 1.5621e-01      0.741     9.0960  1004.2686     5.2749     19.375          5 0.0000e+00
     20.000   0.520840     0.9769 1.2050e-01      0.833     9.1000  1004.2769     5.2784     20.394          5 0.0000e+00
     21.000   0.521469     0.9946 1.0549e-01      0.706     9.0980  1004.2854     5.2821     21.414          6 0.0000e+00
     22.000   0.522552     1.0248 9.0961e-02      0.741     9.0745  1004.2965     5.2885     22.434          5 0.0000e+00
     23.000   0.524572     1.0799 7.9333e-02      0.830     9.0440  1004.3129     5.3008     23.454          5 0.0000e+00
     24.000   0.526678     1.1388 7.3462e-02      0.741     9.0180  1004.3296     5.3133     24.473          5 0.0000e+00
     25.000   0.528467     1.1907 6.9415e-02      0.705     8.9865  1004.3443     5.3236     25.493          6 0.0000e+00
     26.000   0.530761     1.2540 6.5744e-02      0.804     8.9506  1004.3619     5.3373     26.513          5 0.0000e+00
     27.000   0.533037     1.3151 6.3449e-02      0.771     8.9138  1004.3796     5.3511     27.532          5 0.0000e+00
     28.000   0.534849     1.3671 6.2016e-02      0.723     8.9012  1004.3941     5.3615     28.552          5 0.0000e+00
     29.000   0.535992     1.4034 6.0671e-02      0.795     8.8669  1004.4046     5.3674     29.572          5 0.0000e+00
     30.000   0.538149     1.4622 5.9690e-02      0.831     8.8488  1004.4212     5.3802     30.591          6 0.0000e+00
     31.000   0.540438     1.5292 5.9213e-02      0.678     8.7925  1004.4378     5.3929     31.611          5 0.0000e+00
     32.000   0.543789     1.6254 5.8588e-02      0.829     8.7415  1004.4599     5.4119     32.631          5 0.0000e+00
     33.000   0.546630     1.7135 5.8265e-02      0.856     8.7077  1004.4784     5.4268     33.651          5 0.0000e+00
     34.000   0.548681     1.7838 5.7871e-02      0.666     8.6438  1004.4921     5.4362     34.670          5 0.0000e+00
     35.000   0.550692     1.8527 5.7732e-02      0.809     8.6243  1004.5055     5.4455     35.690          5 0.0000e+00
     36.000   0.551950     1.8922 5.7463e-02      0.856     8.5984  1004.5161     5.4518     36.710          5 0.0000e+00
     37.000   0.553288     1.9350 5.7416e-02      0.785     8.5555  1004.5270     5.4584     37.730          5 0.0000e+00
     38.000   0.554483     1.9719 5.7173e-02      0.844     8.5489  1004.5373     5.4645     38.749          4 0.0000e+00
     39.000   0.555215     1.9890 5.7110e-02      0.824     8.5413  1004.5462     5.4692     39.769          5 0.0000e+00
     40.000   0.555536     1.9945 5.7032e-02      0.799     8.5408  1004.5531     5.4715     40.789          5 0.0000e+00
     41.000   0.556249     1.9981 5.6960e-02      0.826     8.5229  1004.5635     5.4782     41.808          5 0.0000e+00
     42.000   0.557099     2.0129 5.6984e-02      0.771     8.5078  1004.5737     5.4845     42.828          5 0.0000e+00
     43.000   0.557723     2.0289 5.6814e-02      0.824     8.4858  1004.5818     5.4882     43.848          5 0.0000e+00
     44.000   0.558227     2.0420 5.6753e-02      0.864     8.4550  1004.5892     5.4911     44.868          5 0.0000e+00
     45.000   0.558703     2.0517 5.6763e-02      0.796     8.4456  1004.5968     5.4943     45.887          5 0.0000e+00
     46.000   0.558851     2.0552 5.6750e-02      0.774     8.4361  1004.6025     5.4952     46.907          5 0.0000e+00
     47.000   0.558927     2.0564 5.6663e-02      0.805     8.4323  1004.6079     5.4956     47.927          5 0.0000e+00
     48.000   0.558940     2.0565 5.6682e-02      0.845     8.4421  1004.6128     5.4956     48.946          5 0.0000e+00
     49.000   0.558900     2.0565 5.6498e-02      0.812     8.4400  1004.6173     5.4951     49.966          5 0.0000e+00
     50.000   0.558858     2.0565 5.6503e-02      0.779     8.4427  1004.6219     5.4945     50.986          5 0.0000e+00
     51.000   0.558845     2.0566 5.6502e-02      0.845     8.4379  1004.6266     5.4943     52.005          5 0.0000e+00
     52.000   0.558848     2.0565 5.6490e-02      0.806     8.4404  1004.6315     5.4942     53.025          5 0.0000e+00
     53.000   0.558828     2.0565 5.6411e-02      0.789     8.4369  1004.6362     5.4939     54.045          4 0.0000e+00
     54.000   0.558839     2.0564 5.6416e-02      0.833     8.4329  1004.6412     5.4940     55.065          6 0.0000e+00
     55.000   0.558839     2.0562 5.6367e-02      0.745     8.4393  1004.6461     5.4938     56.085          5 0.0000e+00
     56.000   0.558825     2.0558 5.6292e-02      0.746     8.4292  1004.6509     5.4937     57.104          5 0.0000e+00
     57.000   0.558893     2.0567 5.6288e-02      0.813     8.4162  1004.6562     5.4941     58.124          5 0.0000e+00
     58.000   0.559151     2.0616 5.6206e-02      0.804     8.4005  1004.6626     5.4959     59.144          5 0.0000e+00
     59.000   0.559461     2.0663 5.6261e-02      0.787     8.3980  1004.6695     5.4982     60.163          5 0.0000e+00
     60.000   0.559623     2.0688 5.6226e-02      0.769     8.3767  1004.6754     5.4994     61.183          6 0.0000e+00
     61.000   0.559834     2.0734 5.6198e-02      0.764     8.3707  1004.6815     5.5007     62.203          6 0.0000e+00
     62.000   0.560048     2.0777 5.6123e-02      0.772     8.3713  1004.6876     5.5021     63.222          4 0.0000e+00
