ctdpy/exports/archive_20191121_115250/received_data/sr3_v08_18.cnv
* Sea-Bird SBE19plus Data File:
* FileName = C:\CTD\CTD 2018\v08\SR3_v08_18.hex
* Software Version 1.59
* Temperature SN =  4644
* Conductivity SN =  4644
* System UpLoad Time = Feb 20 2018 21:50:03
** SR3_v08_18
* ds
# nquan = 11
# nvalues = 71                          
# units = specified
# name 0 = prdM: Pressure, Strain Gauge [db]
# name 1 = c0S/m: Conductivity [S/m]
# name 2 = tv290C: Temperature [ITS-90, deg C]
# name 3 = par: PAR/Irradiance, Biospherical/Licor
# name 4 = dz/dtM: Descent Rate [m/s]
# name 5 = sbeox0ML/L: Oxygen, SBE 43 [ml/l]
# name 6 = density00: Density [density, kg/m^3]
# name 7 = sal00: Salinity, Practical [PSU]
# name 8 = depFM: Depth [fresh water, m], lat = 0
# name 9 = nbin: number of scans per bin
# name 10 = flag: flag
# span 0 =      1.000,     71.000       
# span 1 =   0.541333,   0.587631       
# span 2 =     1.3527,     3.0362       
# span 3 = 4.9858e-02, 6.0698e-01       
# span 4 =     -0.077,      0.854       
# span 5 =     7.0059,     8.9629       
# span 6 =  1004.3192,  1004.8239       
# span 7 =     5.4359,     5.6210       
# span 8 =      1.020,     72.400       
# span 9 =          2,          8       
# span 10 = 0.0000e+00, 0.0000e+00      
# interval = decibars: 1                
# start_time = Feb 20 2018 21:20:03 [Instrument's time stamp, header]
# bad_flag = -9.990e-29
*END*
      1.000   0.541380     1.3588 4.2057e-01     -0.077     8.9629  1004.3192     5.4359      1.020          2 0.0000e+00
      2.000   0.541358     1.3551 6.0698e-01      0.296     8.9625  1004.3243     5.4362      2.039          8 0.0000e+00
      3.000   0.541333     1.3527 1.8550e-01      0.770     8.9585  1004.3293     5.4362      3.059          5 0.0000e+00
      4.000   0.541672     1.3637 1.4415e-01      0.824     8.9559  1004.3358     5.4378      4.079          6 0.0000e+00
      5.000   0.541934     1.3732 1.0344e-01      0.707     8.9498  1004.3419     5.4389      5.099          5 0.0000e+00
      6.000   0.542139     1.3795 8.0398e-02      0.748     8.9505  1004.3478     5.4399      6.118          5 0.0000e+00
      7.000   0.542292     1.3839 6.9658e-02      0.775     8.9590  1004.3535     5.4406      7.138          5 0.0000e+00
      8.000   0.542516     1.3886 6.2958e-02      0.776     8.9385  1004.3598     5.4421      8.158          6 0.0000e+00
      9.000   0.542726     1.3959 5.8684e-02      0.788     8.9285  1004.3657     5.4430      9.177          5 0.0000e+00
     10.000   0.542878     1.4036 5.6110e-02      0.778     8.9375  1004.3709     5.4431     10.197          5 0.0000e+00
     11.000   0.543406     1.4264 5.4190e-02      0.798     8.9162  1004.3777     5.4447     11.217          5 0.0000e+00
     12.000   0.544827     1.4807 5.3359e-02      0.805     8.8841  1004.3884     5.4503     12.237          5 0.0000e+00
     13.000   0.545874     1.5237 5.2758e-02      0.792     8.8640  1004.3971     5.4539     13.256          5 0.0000e+00
     14.000   0.546322     1.5452 5.2432e-02      0.830     8.8564  1004.4033     5.4548     14.276          4 0.0000e+00
     15.000   0.546556     1.5583 5.2088e-02      0.832     8.8487  1004.4086     5.4549     15.295          5 0.0000e+00
     16.000   0.546742     1.5695 5.1877e-02      0.805     8.8423  1004.4137     5.4548     16.315          5 0.0000e+00
     17.000   0.546845     1.5762 5.1686e-02      0.800     8.8314  1004.4187     5.4546     17.335          5 0.0000e+00
     18.000   0.546875     1.5792 5.1524e-02      0.834     8.8438  1004.4235     5.4543     18.354          5 0.0000e+00
     19.000   0.546912     1.5821 5.1490e-02      0.806     8.8374  1004.4283     5.4541     19.374          5 0.0000e+00
     20.000   0.547020     1.5876 5.1407e-02      0.786     8.8377  1004.4335     5.4542     20.394          5 0.0000e+00
     21.000   0.547159     1.5946 5.1362e-02      0.826     8.8291  1004.4387     5.4543     21.414          5 0.0000e+00
     22.000   0.547670     1.6151 5.1315e-02      0.847     8.8091  1004.4455     5.4561     22.434          5 0.0000e+00
     23.000   0.548401     1.6424 5.1295e-02      0.816     8.7959  1004.4533     5.4590     23.453          5 0.0000e+00
     24.000   0.548835     1.6589 5.1275e-02      0.799     8.7895  1004.4599     5.4607     24.473          4 0.0000e+00
     25.000   0.549173     1.6715 5.1220e-02      0.844     8.7682  1004.4661     5.4620     25.493          5 0.0000e+00
     26.000   0.549431     1.6809 5.1184e-02      0.809     8.7722  1004.4721     5.4629     26.512          5 0.0000e+00
     27.000   0.549649     1.6892 5.1157e-02      0.784     8.7691  1004.4778     5.4637     27.532          5 0.0000e+00
     28.000   0.549810     1.6966 5.1177e-02      0.838     8.7585  1004.4832     5.4640     28.552          5 0.0000e+00
     29.000   0.549898     1.7011 5.1062e-02      0.822     8.7586  1004.4883     5.4640     29.572          5 0.0000e+00
     30.000   0.549927     1.7029 5.1118e-02      0.832     8.7623  1004.4931     5.4639     30.591          5 0.0000e+00
     31.000   0.550203     1.7127 5.1078e-02      0.835     8.7426  1004.4992     5.4650     31.611          5 0.0000e+00
     32.000   0.551058     1.7403 5.1064e-02      0.809     8.7208  1004.5079     5.4692     32.631          5 0.0000e+00
     33.000   0.551744     1.7617 5.1004e-02      0.793     8.7108  1004.5160     5.4726     33.651          4 0.0000e+00
     34.000   0.551871     1.7672 5.1029e-02      0.836     8.7144  1004.5213     5.4729     34.670          5 0.0000e+00
     35.000   0.551945     1.7718 5.1001e-02      0.817     8.7125  1004.5263     5.4728     35.690          5 0.0000e+00
     36.000   0.552074     1.7788 5.0985e-02      0.780     8.7044  1004.5313     5.4728     36.710          5 0.0000e+00
     37.000   0.552164     1.7847 5.0979e-02      0.854     8.6935  1004.5363     5.4727     37.730          5 0.0000e+00
     38.000   0.552363     1.7944 5.0967e-02      0.847     8.6900  1004.5416     5.4730     38.749          5 0.0000e+00
     39.000   0.552534     1.8022 5.0919e-02      0.772     8.6904  1004.5470     5.4733     39.769          5 0.0000e+00
     40.000   0.552676     1.8090 5.0860e-02      0.807     8.6811  1004.5522     5.4735     40.788          5 0.0000e+00
     41.000   0.553001     1.8225 5.0896e-02      0.816     8.6633  1004.5582     5.4745     41.808          5 0.0000e+00
     42.000   0.553871     1.8566 5.0848e-02      0.781     8.6115  1004.5661     5.4776     42.828          5 0.0000e+00
     43.000   0.554881     1.9004 5.0824e-02      0.802     8.5828  1004.5741     5.4806     43.848          5 0.0000e+00
     44.000   0.555575     1.9302 5.0721e-02      0.851     8.5394  1004.5811     5.4826     44.867          5 0.0000e+00
     45.000   0.555924     1.9448 5.0729e-02      0.825     8.5317  1004.5870     5.4836     45.887          5 0.0000e+00
     46.000   0.556086     1.9521 5.0844e-02      0.778     8.5294  1004.5923     5.4840     46.907          5 0.0000e+00
     47.000   0.556371     1.9614 5.0752e-02      0.799     8.5165  1004.5984     5.4853     47.927          5 0.0000e+00
     48.000   0.556966     1.9752 5.0656e-02      0.759     8.4859  1004.6066     5.4890     48.946          5 0.0000e+00
     49.000   0.557858     2.0011 5.0687e-02      0.680     8.4625  1004.6157     5.4938     49.966          6 0.0000e+00
     50.000   0.558554     2.0279 5.0683e-02      0.683     8.4170  1004.6230     5.4963     50.986          6 0.0000e+00
     51.000   0.559814     2.0696 5.0576e-02      0.728     8.3645  1004.6331     5.5022     52.006          5 0.0000e+00
     52.000   0.560688     2.1042 5.0595e-02      0.732     8.3335  1004.6408     5.5052     53.025          6 0.0000e+00
     53.000   0.562655     2.1774 5.0581e-02      0.760     8.2022  1004.6527     5.5130     54.045          5 0.0000e+00
     54.000   0.567054     2.3292 5.0553e-02      0.773     8.0096  1004.6742     5.5324     55.065          5 0.0000e+00
     55.000   0.571638     2.4765 5.0474e-02      0.784     7.8858  1004.6974     5.5544     56.084          5 0.0000e+00
     56.000   0.572912     2.5239 5.0440e-02      0.743     7.8561  1004.7064     5.5592     57.104          6 0.0000e+00
     57.000   0.572994     2.5332 5.0469e-02      0.789     7.8543  1004.7107     5.5583     58.124          5 0.0000e+00
     58.000   0.572903     2.5361 5.0436e-02      0.774     7.8598  1004.7144     5.5568     59.144          5 0.0000e+00
     59.000   0.572896     2.5404 5.0505e-02      0.736     7.8557  1004.7185     5.5559     60.163          5 0.0000e+00
     60.000   0.573075     2.5492 5.0377e-02      0.789     7.8606  1004.7237     5.5561     61.183          5 0.0000e+00
     61.000   0.573259     2.5577 5.0306e-02      0.761     7.8432  1004.7289     5.5564     62.203          6 0.0000e+00
     62.000   0.573758     2.5754 5.0330e-02      0.755     7.7987  1004.7355     5.5583     63.222          5 0.0000e+00
     63.000   0.575298     2.6209 5.0347e-02      0.800     7.7205  1004.7468     5.5663     64.242          5 0.0000e+00
     64.000   0.577114     2.6743 5.0350e-02      0.773     7.6539  1004.7592     5.5756     65.262          5 0.0000e+00
     65.000   0.578186     2.7104 5.0293e-02      0.750     7.5996  1004.7678     5.5803     66.281          5 0.0000e+00
     66.000   0.578842     2.7341 5.0248e-02      0.777     7.5848  1004.7748     5.5828     67.301          6 0.0000e+00
     67.000   0.580009     2.7761 5.0240e-02      0.749     7.4554  1004.7833     5.5874     68.321          5 0.0000e+00
     68.000   0.583611     2.8908 5.0187e-02      0.749     7.2556  1004.8014     5.6043     69.341          5 0.0000e+00
     69.000   0.586374     2.9835 5.0179e-02      0.740     7.0729  1004.8156     5.6164     70.360          6 0.0000e+00
     70.000   0.587631     3.0301 5.0204e-02      0.703     7.0059  1004.8239     5.6210     71.380          7 0.0000e+00
     71.000   0.586888     3.0362 4.9858e-02      0.262     7.0423  1004.8218     5.6122     72.400          7 0.0000e+00
