ctdpy/exports/archive_20191121_115250/received_data/us2_v08_18.cnv
* Sea-Bird SBE19plus Data File:
* FileName = C:\CTD\CTD 2018\v08\Us2_v08_18.hex
* Software Version 1.59
* Temperature SN =  4644
* Conductivity SN =  4644
* System UpLoad Time = Feb 19 2018 20:04:15
** Us2_v08_18
* ds
# nquan = 11
# nvalues = 199                         
# units = specified
# name 0 = prdM: Pressure, Strain Gauge [db]
# name 1 = c0S/m: Conductivity [S/m]
# name 2 = tv290C: Temperature [ITS-90, deg C]
# name 3 = par: PAR/Irradiance, Biospherical/Licor
# name 4 = dz/dtM: Descent Rate [m/s]
# name 5 = sbeox0ML/L: Oxygen, SBE 43 [ml/l]
# name 6 = density00: Density [density, kg/m^3]
# name 7 = sal00: Salinity, Practical [PSU]
# name 8 = depFM: Depth [fresh water, m], lat = 0
# name 9 = nbin: number of scans per bin
# name 10 = flag: flag
# span 0 =      2.000,    200.000       
# span 1 =   0.489083,   0.674178       
# span 2 =    -0.1080,     4.0179       
# span 3 = 4.5936e-02, 1.0746e+00       
# span 4 =      0.031,      1.191       
# span 5 =     5.4361,     9.5485       
# span 6 =  1004.0208,  1006.0112       
# span 7 =     5.1150,     6.3294       
# span 8 =      2.039,    203.943       
# span 9 =          3,         12       
# span 10 = 0.0000e+00, 0.0000e+00      
# interval = decibars: 1                
# start_time = Feb 19 2018 19:32:53 [Instrument's time stamp, header]
# bad_flag = -9.990e-29
*END*
      2.000   0.490493    -0.0689 1.0746e+00      0.174     9.5209  1004.0208     5.1246      2.039          7 0.0000e+00
      3.000   0.490575    -0.0690 5.9304e-01      0.700     9.5202  1004.0265     5.1255      3.059          5 0.0000e+00
      4.000   0.489958    -0.0840 3.1954e-01      0.755     9.5323  1004.0272     5.1210      4.079          5 0.0000e+00
      5.000   0.489513    -0.0958 1.6505e-01      1.027     9.5333  1004.0292     5.1179      5.099          4 0.0000e+00
      6.000   0.489116    -0.1066 1.0081e-01      0.958     9.5485  1004.0315     5.1152      6.118          5 0.0000e+00
      7.000   0.489083    -0.1080 8.5395e-02      0.761     9.5298  1004.0363     5.1150      7.138          4 0.0000e+00
      8.000   0.489611    -0.0950 6.7775e-02      0.883     9.5338  1004.0449     5.1186      8.158          5 0.0000e+00
      9.000   0.490232    -0.0803 6.0427e-02      0.979     9.5214  1004.0541     5.1229      9.177          4 0.0000e+00
     10.000   0.490860    -0.0637 5.7952e-02      0.891     9.5038  1004.0633     5.1270     10.197          5 0.0000e+00
     11.000   0.491856    -0.0401 5.4875e-02      0.862     9.5082  1004.0752     5.1340     11.217          4 0.0000e+00
     12.000   0.492368    -0.0250 5.3317e-02      0.961     9.5350  1004.0834     5.1370     12.237          4 0.0000e+00
     13.000   0.494209     0.0234 5.2364e-02      0.990     9.4900  1004.1006     5.1492     13.256          4 0.0000e+00
     14.000   0.500601     0.1792 5.1716e-02      0.928     9.3911  1004.1486     5.1935     14.276          4 0.0000e+00
     15.000   0.508230     0.3611 5.1385e-02      0.937     9.3383  1004.2043     5.2466     15.296          5 0.0000e+00
     16.000   0.512982     0.4868 5.1001e-02      0.965     9.3047  1004.2390     5.2772     16.315          4 0.0000e+00
     17.000   0.517259     0.6134 5.0789e-02      0.939     9.2238  1004.2689     5.3021     17.335          4 0.0000e+00
     18.000   0.522570     0.7657 5.0689e-02      0.948     9.1594  1004.3047     5.3337     18.355          4 0.0000e+00
     19.000   0.527298     0.8993 5.0565e-02      1.003     9.1109  1004.3368     5.3619     19.375          4 0.0000e+00
     20.000   0.529988     0.9862 5.0488e-02      1.047     9.0517  1004.3557     5.3759     20.394          4 0.0000e+00
     21.000   0.532418     1.0682 5.0454e-02      1.069     9.0254  1004.3727     5.3878     21.414          3 0.0000e+00
     22.000   0.534364     1.1198 5.0334e-02      1.092     9.0093  1004.3888     5.3998     22.434          4 0.0000e+00
     23.000   0.535289     1.1353 5.0293e-02      1.141     9.0005  1004.3999     5.4069     23.453          3 0.0000e+00
     24.000   0.535868     1.1472 5.0291e-02      1.168     9.0177  1004.4085     5.4110     24.473          4 0.0000e+00
     25.000   0.536439     1.1595 5.0239e-02      1.141     9.0250  1004.4170     5.4149     25.493          3 0.0000e+00
     26.000   0.537020     1.1750 5.0206e-02      1.121     9.0072  1004.4252     5.4183     26.513          4 0.0000e+00
     27.000   0.537821     1.2010 5.0219e-02      1.134     8.9995  1004.4340     5.4223     27.532          3 0.0000e+00
     28.000   0.538634     1.2301 5.0144e-02      1.166     8.9981  1004.4426     5.4259     28.552          4 0.0000e+00
     29.000   0.539517     1.2600 5.0136e-02      1.178     8.9712  1004.4517     5.4301     29.572          3 0.0000e+00
     30.000   0.540964     1.3043 5.0169e-02      1.147     8.9485  1004.4640     5.4378     30.591          4 0.0000e+00
     31.000   0.542876     1.3633 5.0159e-02      1.139     8.9263  1004.4785     5.4479     31.611          3 0.0000e+00
     32.000   0.544669     1.4182 5.0183e-02      1.169     8.8842  1004.4923     5.4574     32.631          3 0.0000e+00
     33.000   0.546486     1.4736 5.0111e-02      1.181     8.8732  1004.5062     5.4670     33.651          4 0.0000e+00
     34.000   0.548235     1.5321 5.0128e-02      1.171     8.8672  1004.5190     5.4753     34.670          3 0.0000e+00
     35.000   0.549466     1.5811 5.0041e-02      1.171     8.8382  1004.5286     5.4798     35.690          4 0.0000e+00
     36.000   0.551292     1.6560 5.0008e-02      1.185     8.7872  1004.5399     5.4860     36.710          3 0.0000e+00
     37.000   0.553460     1.7546 4.9928e-02      1.191     8.7284  1004.5510     5.4916     37.729          4 0.0000e+00
     38.000   0.555512     1.8473 4.9962e-02      1.163     8.6793  1004.5617     5.4971     38.749          3 0.0000e+00
     39.000   0.556664     1.8981 4.9965e-02      1.112     8.6753  1004.5699     5.5002     39.769          4 0.0000e+00
     40.000   0.556907     1.9026 4.9866e-02      1.081     8.6987  1004.5764     5.5019     40.789          3 0.0000e+00
     41.000   0.556493     1.8696 4.9948e-02      1.097     8.7182  1004.5819     5.5032     41.808          4 0.0000e+00
     42.000   0.556335     1.8424 4.9870e-02      1.116     8.7169  1004.5889     5.5061     42.828          3 0.0000e+00
     43.000   0.556750     1.8478 4.9862e-02      1.122     8.7147  1004.5966     5.5095     43.848          4 0.0000e+00
     44.000   0.557276     1.8660 4.9878e-02      1.136     8.7069  1004.6036     5.5118     44.868          3 0.0000e+00
     45.000   0.557755     1.8839 4.9859e-02      1.147     8.7163  1004.6103     5.5136     45.887          4 0.0000e+00
     46.000   0.558207     1.8992 4.9793e-02      1.144     8.7123  1004.6171     5.5156     46.907          3 0.0000e+00
     47.000   0.558894     1.9254 4.9782e-02      1.146     8.6762  1004.6244     5.5182     47.927          4 0.0000e+00
     48.000   0.560439     1.9813 4.9786e-02      1.164     8.6502  1004.6352     5.5245     48.946          3 0.0000e+00
     49.000   0.562085     2.0409 4.9739e-02      1.168     8.6307  1004.6462     5.5313     49.966          4 0.0000e+00
     50.000   0.563268     2.0860 4.9694e-02      1.144     8.6075  1004.6552     5.5358     50.986          3 0.0000e+00
     51.000   0.564730     2.1441 4.9613e-02      1.126     8.5772  1004.6648     5.5408     52.005          4 0.0000e+00
     52.000   0.566302     2.2045 4.9787e-02      1.140     8.5524  1004.6748     5.5466     53.025          3 0.0000e+00
     53.000   0.567293     2.2471 4.9651e-02      1.172     8.5394  1004.6824     5.5494     54.045          4 0.0000e+00
     54.000   0.567827     2.2729 4.9650e-02      1.156     8.5313  1004.6883     5.5504     55.065          3 0.0000e+00
     55.000   0.568291     2.2933 4.9630e-02      1.116     8.5005  1004.6943     5.5515     56.084          4 0.0000e+00
     56.000   0.569002     2.3223 4.9585e-02      1.137     8.4730  1004.7012     5.5538     57.104          3 0.0000e+00
     57.000   0.569922     2.3549 4.9474e-02      1.182     8.4745  1004.7093     5.5575     58.124          4 0.0000e+00
     58.000   0.570166     2.3575 4.9507e-02      1.168     8.5019  1004.7159     5.5595     59.144          3 0.0000e+00
     59.000   0.569775     2.3318 4.9447e-02      1.113     8.4958  1004.7210     5.5598     60.163          4 0.0000e+00
     60.000   0.569591     2.3099 4.9534e-02      1.133     8.4698  1004.7272     5.5617     61.183          4 0.0000e+00
     61.000   0.570130     2.3206 4.9486e-02      1.142     8.4699  1004.7351     5.5653     62.203          5 0.0000e+00
     62.000   0.570633     2.3408 4.9481e-02      0.574     8.4446  1004.7415     5.5669     63.222          6 0.0000e+00
     63.000   0.572651     2.4075 4.9329e-02      0.453     8.3513  1004.7541     5.5761     64.242          4 0.0000e+00
     64.000   0.575674     2.4797 4.9394e-02      1.059     8.2513  1004.7742     5.5948     65.262          4 0.0000e+00
     65.000   0.578027     2.5314 4.9308e-02      1.096     8.1867  1004.7915     5.6101     66.282          4 0.0000e+00
     66.000   0.580782     2.5822 4.9304e-02      1.098     8.0911  1004.8121     5.6295     67.301          3 0.0000e+00
     67.000   0.583907     2.6530 4.9237e-02      1.122     7.9930  1004.8329     5.6493     68.321          4 0.0000e+00
     68.000   0.588260     2.7662 4.9306e-02      1.132     7.9184  1004.8575     5.6741     69.341          4 0.0000e+00
     69.000   0.591887     2.8662 4.9268e-02      1.129     7.8032  1004.8778     5.6937     70.360          3 0.0000e+00
     70.000   0.596321     2.9755 4.9264e-02      1.112     7.6033  1004.9030     5.7197     71.380          4 0.0000e+00
     71.000   0.603493     3.1257 4.9292e-02      1.081     7.3605  1004.9440     5.7662     72.400          4 0.0000e+00
     72.000   0.611953     3.2908 4.9282e-02      1.092     7.1317  1004.9925     5.8228     73.420          3 0.0000e+00
     73.000   0.619524     3.4531 4.9201e-02      1.125     6.9474  1005.0333     5.8703     74.439          4 0.0000e+00
     74.000   0.625586     3.5918 4.9207e-02      1.124     6.8373  1005.0650     5.9065     75.459          3 0.0000e+00
     75.000   0.629204     3.6732 4.9219e-02      1.087     6.7835  1005.0857     5.9281     76.479          4 0.0000e+00
     76.000   0.631617     3.6974 4.9192e-02      1.082     6.7335  1005.1060     5.9479     77.498          4 0.0000e+00
     77.000   0.633210     3.7119 4.9188e-02      1.107     6.7154  1005.1212     5.9612     78.518          3 0.0000e+00
     78.000   0.634444     3.7218 4.8884e-02      1.136     6.7101  1005.1343     5.9717     79.538          4 0.0000e+00
     79.000   0.635113     3.7162 4.9098e-02      1.126     6.6823  1005.1454     5.9794     80.558          3 0.0000e+00
     80.000   0.636702     3.7185 4.8966e-02      1.096     6.6602  1005.1626     5.9949     81.577          4 0.0000e+00
     81.000   0.639422     3.7448 4.9038e-02      1.096     6.5917  1005.1848     6.0173     82.597          4 0.0000e+00
     82.000   0.641726     3.7870 4.9143e-02      1.129     6.4688  1005.2011     6.0326     83.617          3 0.0000e+00
     83.000   0.644930     3.8754 4.9039e-02      1.122     6.3597  1005.2168     6.0484     84.636          4 0.0000e+00
     84.000   0.647447     3.9514 4.8805e-02      1.074     6.3009  1005.2288     6.0595     85.656          4 0.0000e+00
     85.000   0.648552     3.9779 4.8963e-02      1.071     6.2807  1005.2379     6.0655     86.676          3 0.0000e+00
     86.000   0.649051     3.9702 4.8929e-02      1.125     6.2628  1005.2480     6.0718     87.696          4 0.0000e+00
     87.000   0.649623     3.9560 4.9094e-02      1.143     6.2329  1005.2597     6.0801     88.715          3 0.0000e+00
     88.000   0.650815     3.9612 4.8807e-02      1.084     6.2385  1005.2732     6.0910     89.735          4 0.0000e+00
     89.000   0.651513     3.9595 4.8870e-02      1.029     6.2377  1005.2838     6.0982     90.755          4 0.0000e+00
     90.000   0.652268     3.9539 4.8899e-02      1.071     6.1641  1005.2956     6.1067     91.774          4 0.0000e+00
     91.000   0.653886     3.9721 4.8893e-02      1.084     6.0850  1005.3102     6.1194     92.794          3 0.0000e+00
     92.000   0.655308     3.9913 4.8698e-02      1.053     6.0239  1005.3230     6.1300     93.814          4 0.0000e+00
     93.000   0.655967     3.9976 4.8753e-02      1.063     5.9638  1005.3319     6.1353     94.833          4 0.0000e+00
     94.000   0.657013     3.9994 4.8885e-02      1.088     5.9154  1005.3448     6.1453     95.853          4 0.0000e+00
     95.000   0.657854     3.9987 4.8805e-02      1.084     5.8839  1005.3564     6.1538     96.873          3 0.0000e+00
     96.000   0.658080     3.9978 4.8618e-02      1.056     5.8828  1005.3631     6.1561     97.893          4 0.0000e+00
     97.000   0.658277     3.9964 4.8743e-02      1.056     5.9005  1005.3697     6.1582     98.913          4 0.0000e+00
     98.000   0.658901     3.9944 4.8721e-02      1.087     5.9176  1005.3798     6.1647     99.932          4 0.0000e+00
     99.000   0.659761     3.9923 4.8580e-02      1.090     5.9353  1005.3919     6.1736    100.952          3 0.0000e+00
    100.000   0.660238     3.9904 4.8737e-02      1.063     5.9288  1005.4008     6.1786    101.971          4 0.0000e+00
    101.000   0.660486     3.9871 4.8733e-02      1.081     5.9156  1005.4081     6.1816    102.991          4 0.0000e+00
    102.000   0.660723     3.9831 4.8621e-02      1.110     5.9272  1005.4155     6.1846    104.011          3 0.0000e+00
    103.000   0.661092     3.9838 4.8506e-02      1.092     5.9498  1005.4231     6.1881    105.031          4 0.0000e+00
    104.000   0.661716     3.9898 4.8414e-02      1.051     5.9749  1005.4319     6.1931    106.050          4 0.0000e+00
    105.000   0.662290     3.9968 4.8462e-02      1.066     5.9940  1005.4400     6.1975    107.070          3 0.0000e+00
    106.000   0.662620     4.0012 4.8401e-02      1.099     5.9981  1005.4466     6.1998    108.090          4 0.0000e+00
    107.000   0.662926     4.0037 4.8443e-02      1.079     5.9951  1005.4534     6.2023    109.110          4 0.0000e+00
    108.000   0.663417     4.0067 4.8447e-02      1.025     5.9870  1005.4616     6.2065    110.129          4 0.0000e+00
    109.000   0.663740     4.0090 4.8371e-02      1.049     5.9777  1005.4686     6.2092    111.149          3 0.0000e+00
    110.000   0.663945     4.0105 4.8464e-02      1.123     5.9725  1005.4747     6.2109    112.169          4 0.0000e+00
    111.000   0.664084     4.0114 4.8539e-02      1.123     5.9666  1005.4805     6.2120    113.188          4 0.0000e+00
    112.000   0.664243     4.0124 4.8394e-02      1.059     5.9556  1005.4864     6.2133    114.208          4 0.0000e+00
    113.000   0.664488     4.0136 4.8408e-02      1.020     5.9435  1005.4929     6.2154    115.228          3 0.0000e+00
    114.000   0.664727     4.0151 4.8409e-02      1.071     5.9397  1005.4993     6.2174    116.248          4 0.0000e+00
    115.000   0.664883     4.0167 4.8217e-02      1.111     5.9278  1005.5051     6.2185    117.267          4 0.0000e+00
    116.000   0.665089     4.0179 4.8343e-02      1.061     5.9172  1005.5113     6.2203    118.287          4 0.0000e+00
    117.000   0.665393     4.0178 4.8318e-02      1.035     5.9011  1005.5185     6.2232    119.307          3 0.0000e+00
    118.000   0.665794     4.0143 4.8224e-02      1.077     5.8620  1005.5271     6.2278    120.326          4 0.0000e+00
    119.000   0.666097     4.0097 4.8256e-02      1.090     5.8546  1005.5351     6.2316    121.346          4 0.0000e+00
    120.000   0.666526     4.0066 4.8262e-02      1.062     5.8328  1005.5439     6.2364    122.366          3 0.0000e+00
    121.000   0.667117     4.0038 4.8250e-02      1.048     5.8095  1005.5539     6.2427    123.386          4 0.0000e+00
    122.000   0.667646     4.0008 4.8146e-02      1.110     5.7920  1005.5634     6.2485    124.405          4 0.0000e+00
    123.000   0.668086     4.0010 4.8074e-02      1.119     5.7918  1005.5716     6.2528    125.425          4 0.0000e+00
    124.000   0.668574     4.0077 4.8137e-02      1.028     5.7864  1005.5792     6.2562    126.445          3 0.0000e+00
    125.000   0.668899     4.0110 4.8174e-02      1.011     5.7782  1005.5860     6.2588    127.464          4 0.0000e+00
    126.000   0.669244     4.0072 4.8072e-02      1.110     5.7608  1005.5942     6.2628    128.484          4 0.0000e+00
    127.000   0.669606     4.0023 4.8036e-02      1.144     5.7477  1005.6027     6.2673    129.504          4 0.0000e+00
    128.000   0.669861     3.9982 4.8024e-02      1.029     5.7310  1005.6102     6.2705    130.524          3 0.0000e+00
    129.000   0.670094     3.9947 4.8039e-02      0.942     5.6960  1005.6175     6.2734    131.543          4 0.0000e+00
    130.000   0.670419     3.9892 4.7947e-02      1.057     5.6805  1005.6259     6.2776    132.563          4 0.0000e+00
    131.000   0.670487     3.9786 4.7928e-02      1.176     5.6602  1005.6331     6.2802    133.583          3 0.0000e+00
    132.000   0.670207     3.9615 4.8025e-02      1.120     5.6478  1005.6387     6.2806    134.603          4 0.0000e+00
