ctdpy/exports/archive_20191121_115250/received_data/us2_v08_18.cnv
* Sea-Bird SBE19plus Data File:
* FileName = C:\CTD\CTD 2018\v08\Us2_v08_18.hex
* Software Version 1.59
* Temperature SN =  4644
* Conductivity SN =  4644
* System UpLoad Time = Feb 19 2018 20:04:15
** Us2_v08_18
* ds
# nquan = 11
# nvalues = 199                         
# units = specified
# name 0 = prdM: Pressure, Strain Gauge [db]
# name 1 = c0S/m: Conductivity [S/m]
# name 2 = tv290C: Temperature [ITS-90, deg C]
# name 3 = par: PAR/Irradiance, Biospherical/Licor
# name 4 = dz/dtM: Descent Rate [m/s]
# name 5 = sbeox0ML/L: Oxygen, SBE 43 [ml/l]
# name 6 = density00: Density [density, kg/m^3]
# name 7 = sal00: Salinity, Practical [PSU]
# name 8 = depFM: Depth [fresh water, m], lat = 0
# name 9 = nbin: number of scans per bin
# name 10 = flag: flag
# span 0 =      2.000,    200.000       
# span 1 =   0.489083,   0.674178       
# span 2 =    -0.1080,     4.0179       
# span 3 = 4.5936e-02, 1.0746e+00       
# span 4 =      0.031,      1.191       
# span 5 =     5.4361,     9.5485       
# span 6 =  1004.0208,  1006.0112       
# span 7 =     5.1150,     6.3294       
# span 8 =      2.039,    203.943       
# span 9 =          3,         12       
# span 10 = 0.0000e+00, 0.0000e+00      
# interval = decibars: 1                
# start_time = Feb 19 2018 19:32:53 [Instrument's time stamp, header]
# bad_flag = -9.990e-29
*END*
[from data line 132]
    134.000   0.670713     3.9660 4.7907e-02      1.020     5.6507  1005.6515     6.2846    136.642          4 0.0000e+00
    135.000   0.670773     3.9651 4.7952e-02      1.075     5.6514  1005.6569     6.2852    137.661          4 0.0000e+00
    136.000   0.670786     3.9623 4.7915e-02      1.031     5.6486  1005.6623     6.2858    138.681          4 0.0000e+00
    137.000   0.670841     3.9594 4.7861e-02      0.968     5.6430  1005.6680     6.2868    139.701          4 0.0000e+00
    138.000   0.670880     3.9565 4.7762e-02      1.006     5.6428  1005.6736     6.2876    140.721          4 0.0000e+00
    139.000   0.670896     3.9534 4.7827e-02      1.054     5.6339  1005.6791     6.2882    141.741          4 0.0000e+00
    140.000   0.671008     3.9536 4.7752e-02      1.020     5.6376  1005.6847     6.2892    142.761          4 0.0000e+00
    141.000   0.671203     3.9568 4.7831e-02      0.994     5.6494  1005.6905     6.2904    143.780          3 0.0000e+00
    142.000   0.671391     3.9598 4.7782e-02      1.054     5.6511  1005.6963     6.2916    144.800          4 0.0000e+00
    143.000   0.671474     3.9593 4.7712e-02      1.072     5.6394  1005.7018     6.2925    145.820          4 0.0000e+00
    144.000   0.671488     3.9563 4.7793e-02      0.991     5.6258  1005.7072     6.2931    146.839          4 0.0000e+00
    145.000   0.671401     3.9493 4.7694e-02      0.990     5.6217  1005.7126     6.2935    147.859          4 0.0000e+00
    146.000   0.671344     3.9434 4.7560e-02      1.042     5.6245  1005.7179     6.2939    148.878          4 0.0000e+00
    147.000   0.671370     3.9412 4.7609e-02      1.060     5.5981  1005.7234     6.2944    149.898          4 0.0000e+00
    148.000   0.671411     3.9396 4.7637e-02      1.045     5.5888  1005.7288     6.2951    150.918          4 0.0000e+00
    149.000   0.671467     3.9385 4.7606e-02      1.035     5.6031  1005.7342     6.2957    151.938          3 0.0000e+00
    150.000   0.671534     3.9381 4.7546e-02      1.001     5.6039  1005.7395     6.2963    152.958          4 0.0000e+00
    151.000   0.671605     3.9378 4.7564e-02      1.011     5.5955  1005.7450     6.2970    153.977          4 0.0000e+00
    152.000   0.671700     3.9372 4.7577e-02      1.066     5.6005  1005.7506     6.2979    154.997          4 0.0000e+00
    153.000   0.671755     3.9366 4.7443e-02      1.077     5.6001  1005.7560     6.2985    156.016          4 0.0000e+00
    154.000   0.671781     3.9361 4.7484e-02      1.013     5.5963  1005.7610     6.2988    157.036          4 0.0000e+00
    155.000   0.671834     3.9362 4.7467e-02      0.978     5.5973  1005.7662     6.2992    158.056          4 0.0000e+00
    156.000   0.671961     3.9376 4.7458e-02      1.034     5.5972  1005.7718     6.3000    159.076          4 0.0000e+00
    157.000   0.672173     3.9417 4.7422e-02      1.075     5.5968  1005.7775     6.3013    160.096          3 0.0000e+00
    158.000   0.672296     3.9450 4.7440e-02      1.047     5.6021  1005.7827     6.3018    161.115          4 0.0000e+00
    159.000   0.672372     3.9474 4.7396e-02      1.012     5.6127  1005.7877     6.3020    162.135          4 0.0000e+00
    160.000   0.672524     3.9520 4.7395e-02      1.040     5.6178  1005.7929     6.3025    163.155          4 0.0000e+00
    161.000   0.672607     3.9549 4.7290e-02      1.053     5.6151  1005.7978     6.3026    164.174          4 0.0000e+00
    162.000   0.672641     3.9557 4.7321e-02      1.021     5.6181  1005.8027     6.3027    165.194          4 0.0000e+00
    163.000   0.672664     3.9552 4.7243e-02      1.020     5.6142  1005.8078     6.3029    166.214          4 0.0000e+00
    164.000   0.672683     3.9540 4.7220e-02      1.056     5.6070  1005.8129     6.3032    167.233          3 0.0000e+00
    165.000   0.672704     3.9533 4.7304e-02      1.056     5.6100  1005.8180     6.3035    168.254          4 0.0000e+00
    166.000   0.672703     3.9527 4.7250e-02      1.001     5.6054  1005.8229     6.3034    169.273          4 0.0000e+00
    167.000   0.672687     3.9517 4.7227e-02      1.007     5.6053  1005.8277     6.3034    170.292          4 0.0000e+00
    168.000   0.672676     3.9500 4.7182e-02      1.061     5.5980  1005.8327     6.3035    171.313          4 0.0000e+00
    169.000   0.672676     3.9477 4.7154e-02      1.061     5.5937  1005.8379     6.3038    172.332          4 0.0000e+00
    170.000   0.672777     3.9479 4.7015e-02      1.018     5.5977  1005.8435     6.3047    173.352          4 0.0000e+00
    171.000   0.672944     3.9494 4.7005e-02      1.027     5.5935  1005.8493     6.3059    174.371          4 0.0000e+00
    172.000   0.673007     3.9482 4.7129e-02      1.058     5.5870  1005.8548     6.3067    175.391          3 0.0000e+00
    173.000   0.673010     3.9462 4.7036e-02      1.031     5.5778  1005.8600     6.3070    176.410          4 0.0000e+00
    174.000   0.673015     3.9449 4.7025e-02      0.994     5.5771  1005.8651     6.3072    177.430          4 0.0000e+00
    175.000   0.673037     3.9438 4.7095e-02      1.020     5.5833  1005.8702     6.3075    178.451          4 0.0000e+00
    176.000   0.673059     3.9427 4.6982e-02      1.042     5.5765  1005.8753     6.3078    179.470          4 0.0000e+00
    177.000   0.673106     3.9416 4.6902e-02      1.007     5.5747  1005.8807     6.3084    180.490          4 0.0000e+00
    178.000   0.673160     3.9406 4.6958e-02      0.954     5.5680  1005.8861     6.3090    181.509          4 0.0000e+00
    179.000   0.673212     3.9399 4.6912e-02      0.976     5.5633  1005.8914     6.3096    182.529          4 0.0000e+00
    180.000   0.673266     3.9389 4.6867e-02      1.049     5.5611  1005.8968     6.3102    183.549          4 0.0000e+00
    181.000   0.673351     3.9371 4.6897e-02      1.040     5.5506  1005.9026     6.3112    184.568          4 0.0000e+00
    182.000   0.673411     3.9354 4.6789e-02      0.948     5.5457  1005.9082     6.3121    185.588          4 0.0000e+00
    183.000   0.673489     3.9340 4.6904e-02      0.943     5.5403  1005.9138     6.3130    186.608          4 0.0000e+00
    184.000   0.673544     3.9324 4.6825e-02      1.033     5.5309  1005.9193     6.3137    187.628          4 0.0000e+00
    185.000   0.673603     3.9315 4.6792e-02      1.060     5.5329  1005.9247     6.3144    188.648          4 0.0000e+00
    186.000   0.673602     3.9308 4.6861e-02      0.973     5.5327  1005.9296     6.3144    189.667          4 0.0000e+00
    187.000   0.673585     3.9284 4.6594e-02      0.922     5.5186  1005.9347     6.3146    190.687          4 0.0000e+00
    188.000   0.673667     3.9244 4.6713e-02      1.005     5.5056  1005.9409     6.3161    191.706          4 0.0000e+00
    189.000   0.673769     3.9194 4.6754e-02      1.068     5.4943  1005.9474     6.3179    192.727          4 0.0000e+00
    190.000   0.673861     3.9111 4.6697e-02      1.010     5.4782  1005.9543     6.3204    193.746          4 0.0000e+00
    191.000   0.673918     3.8999 4.6627e-02      0.945     5.4712  1005.9616     6.3230    194.766          4 0.0000e+00
    192.000   0.673943     3.8944 4.6518e-02      0.987     5.4566  1005.9676     6.3242    195.786          5 0.0000e+00
    193.000   0.673963     3.8912 4.6574e-02      1.028     5.4560  1005.9731     6.3249    196.805          4 0.0000e+00
    194.000   0.673983     3.8884 4.6560e-02      0.839     5.4537  1005.9785     6.3255    197.825          9 0.0000e+00
    195.000   0.674050     3.8879 4.6508e-02      0.031     5.4542  1005.9840     6.3262    198.845         11 0.0000e+00
    196.000   0.674068     3.8859 4.6446e-02      0.426     5.4520  1005.9892     6.3266    199.864          8 0.0000e+00
    197.000   0.674077     3.8833 4.6359e-02      0.310     5.4481  1005.9946     6.3271    200.884         12 0.0000e+00
    198.000   0.674117     3.8782 4.6283e-02      0.317     5.4439  1006.0006     6.3284    201.904         12 0.0000e+00
    199.000   0.674135     3.8753 4.6209e-02      0.431     5.4361  1006.0060     6.3290    202.924          8 0.0000e+00
    200.000   0.674178     3.8748 4.5936e-02      0.248     5.4373  1006.0112     6.3294    203.943         11 0.0000e+00
