ctdpy/exports/archive_20191121_115250/received_data/us3_v08_18.cnv
* Sea-Bird SBE19plus Data File:
* FileName = C:\CTD\CTD 2018\v08\US3_v08_18_2.hex
* Software Version 1.59
* Temperature SN =  4644
* Conductivity SN =  4644
* System UpLoad Time = Feb 21 2018 16:34:33
** US3_v08_18_2
* ds
# nquan = 11
# nvalues = 173                         
# units = specified
# name 0 = prdM: Pressure, Strain Gauge [db]
# name 1 = c0S/m: Conductivity [S/m]
# name 2 = tv290C: Temperature [ITS-90, deg C]
# name 3 = par: PAR/Irradiance, Biospherical/Licor
# name 4 = dz/dtM: Descent Rate [m/s]
# name 5 = sbeox0ML/L: Oxygen, SBE 43 [ml/l]
# name 6 = density00: Density [density, kg/m^3]
# name 7 = sal00: Salinity, Practical [PSU]
# name 8 = depFM: Depth [fresh water, m], lat = 0
# name 9 = nbin: number of scans per bin
# name 10 = flag: flag
# span 0 =      1.000,    173.000       
# span 1 =   0.477006,   0.673568       
# span 2 =    -0.2219,     4.0061       
# span 3 = 4.3617e-02, 2.3573e+01       
# span 4 =     -0.172,      1.028       
# span 5 =     5.3734,     9.5384       
# span 6 =  1003.9065,  1005.8880       
# span 7 =     4.9992,     6.3381       
# span 8 =      1.020,    176.411       
# span 9 =          2,          8       
# span 10 = 0.0000e+00, 0.0000e+00      
# interval = decibars: 1                
# start_time = Feb 21 2018 16:08:54 [Instrument's time stamp, header]
# bad_flag = -9.990e-29
*END*
[from data line 132]
    133.000   0.672519     3.9114 4.3617e-02      0.939     5.5743  1005.6708     6.3134    135.622          4 0.0000e+00
    134.000   0.672568     3.9087 4.3617e-02      0.974     5.5716  1005.6764     6.3143    136.642          4 0.0000e+00
    135.000   0.672647     3.9067 4.3617e-02      0.962     5.5644  1005.6822     6.3153    137.661          5 0.0000e+00
    136.000   0.672539     3.8991 4.3617e-02      0.938     5.5587  1005.6875     6.3156    138.681          4 0.0000e+00
    137.000   0.672394     3.8913 4.3617e-02      0.944     5.5520  1005.6925     6.3155    139.701          4 0.0000e+00
    138.000   0.672326     3.8864 4.3617e-02      0.964     5.5563  1005.6976     6.3157    140.721          4 0.0000e+00
    139.000   0.672241     3.8831 4.3617e-02      0.967     5.5552  1005.7023     6.3154    141.740          4 0.0000e+00
    140.000   0.672231     3.8816 4.3617e-02      0.954     5.5525  1005.7073     6.3154    142.760          5 0.0000e+00
    141.000   0.672180     3.8783 4.3617e-02      0.924     5.5493  1005.7122     6.3154    143.780          4 0.0000e+00
    142.000   0.672035     3.8716 4.3617e-02      0.921     5.5455  1005.7170     6.3151    144.800          4 0.0000e+00
    143.000   0.671981     3.8678 4.3617e-02      0.919     5.5447  1005.7221     6.3152    145.819          5 0.0000e+00
    144.000   0.671960     3.8656 4.3617e-02      0.906     5.5417  1005.7271     6.3153    146.839          4 0.0000e+00
    145.000   0.672004     3.8652 4.3617e-02      0.903     5.5434  1005.7323     6.3157    147.859          5 0.0000e+00
    146.000   0.672077     3.8658 4.3617e-02      0.903     5.5422  1005.7376     6.3162    148.878          4 0.0000e+00
    147.000   0.672199     3.8674 4.3617e-02      0.907     5.5392  1005.7430     6.3170    149.898          4 0.0000e+00
    148.000   0.672258     3.8667 4.3617e-02      0.912     5.5347  1005.7484     6.3176    150.918          5 0.0000e+00
    149.000   0.672220     3.8620 4.3617e-02      0.921     5.5302  1005.7537     6.3181    151.938          4 0.0000e+00
    150.000   0.672174     3.8547 4.3617e-02      0.929     5.5275  1005.7595     6.3188    152.957          4 0.0000e+00
    151.000   0.672197     3.8509 4.3617e-02      0.926     5.5140  1005.7651     6.3197    153.977          5 0.0000e+00
    152.000   0.672235     3.8489 4.3617e-02      0.921     5.5182  1005.7706     6.3204    154.997          4 0.0000e+00
    153.000   0.672287     3.8467 4.3617e-02      0.926     5.5054  1005.7762     6.3212    156.017          4 0.0000e+00
    154.000   0.672395     3.8420 4.3617e-02      0.929     5.4882  1005.7827     6.3231    157.036          5 0.0000e+00
    155.000   0.672596     3.8367 4.3617e-02      0.926     5.4759  1005.7900     6.3261    158.056          4 0.0000e+00
    156.000   0.672724     3.8352 4.3617e-02      0.918     5.4728  1005.7960     6.3275    159.076          4 0.0000e+00
    157.000   0.672774     3.8346 4.3617e-02      0.923     5.4683  1005.8014     6.3280    160.095          5 0.0000e+00
    158.000   0.672837     3.8339 4.3617e-02      0.923     5.4527  1005.8068     6.3287    161.115          4 0.0000e+00
    159.000   0.673023     3.8356 4.3617e-02      0.926     5.4537  1005.8128     6.3301    162.135          4 0.0000e+00
    160.000   0.673197     3.8390 4.3617e-02      0.924     5.4426  1005.8184     6.3311    163.154          5 0.0000e+00
    161.000   0.673286     3.8400 4.3617e-02      0.911     5.4378  1005.8237     6.3316    164.174          4 0.0000e+00
    162.000   0.673250     3.8366 4.3617e-02      0.894     5.4375  1005.8287     6.3319    165.194          5 0.0000e+00
    163.000   0.673236     3.8336 4.3617e-02      0.913     5.4361  1005.8340     6.3322    166.214          4 0.0000e+00
    164.000   0.673238     3.8315 4.3617e-02      0.924     5.4365  1005.8391     6.3325    167.233          4 0.0000e+00
    165.000   0.673227     3.8289 4.3617e-02      0.924     5.4304  1005.8443     6.3328    168.253          5 0.0000e+00
    166.000   0.673201     3.8240 4.3617e-02      0.929     5.4223  1005.8498     6.3334    169.273          4 0.0000e+00
    167.000   0.673153     3.8167 4.3617e-02      0.937     5.4156  1005.8555     6.3341    170.293          4 0.0000e+00
    168.000   0.673117     3.8094 4.3617e-02      0.932     5.4088  1005.8613     6.3351    171.312          4 0.0000e+00
    169.000   0.673163     3.8062 4.3617e-02      0.920     5.3988  1005.8670     6.3361    172.332          5 0.0000e+00
    170.000   0.673263     3.8074 4.3617e-02      0.919     5.3862  1005.8724     6.3367    173.352          4 0.0000e+00
    171.000   0.673453     3.8118 4.3617e-02      0.922     5.3803  1005.8778     6.3377    174.372          5 0.0000e+00
    172.000   0.673517     3.8130 4.3617e-02      0.862     5.3756  1005.8830     6.3380    175.391          8 0.0000e+00
    173.000   0.673568     3.8141 4.3617e-02      0.350     5.3734  1005.8880     6.3381    176.411          2 0.0000e+00
