ctdpy/exports/archive_20191121_115250/received_data/us3_v08_18.cnv
* Sea-Bird SBE19plus Data File:
* FileName = C:\CTD\CTD 2018\v08\US3_v08_18_2.hex
* Software Version 1.59
* Temperature SN =  4644
* Conductivity SN =  4644
* System UpLoad Time = Feb 21 2018 16:34:33
** US3_v08_18_2
* ds
# nquan = 11
# nvalues = 173                         
# units = specified
# name 0 = prdM: Pressure, Strain Gauge [db]
# name 1 = c0S/m: Conductivity [S/m]
# name 2 = tv290C: Temperature [ITS-90, deg C]
# name 3 = par: PAR/Irradiance, Biospherical/Licor
# name 4 = dz/dtM: Descent Rate [m/s]
# name 5 = sbeox0ML/L: Oxygen, SBE 43 [ml/l]
# name 6 = density00: Density [density, kg/m^3]
# name 7 = sal00: Salinity, Practical [PSU]
# name 8 = depFM: Depth [fresh water, m], lat = 0
# name 9 = nbin: number of scans per bin
# name 10 = flag: flag
# span 0 =      1.000,    173.000       
# span 1 =   0.477006,   0.673568       
# span 2 =    -0.2219,     4.0061       
# span 3 = 4.3617e-02, 2.3573e+01       
# span 4 =     -0.172,      1.028       
# span 5 =     5.3734,     9.5384       
# span 6 =  1003.9065,  1005.8880       
# span 7 =     4.9992,     6.3381       
# span 8 =      1.020,    176.411       
# span 9 =          2,          8       
# span 10 = 0.0000e+00, 0.0000e+00      
# interval = decibars: 1                
# start_time = Feb 21 2018 16:08:54 [Instrument's time stamp, header]
# bad_flag = -9.990e-29
*END*
      1.000   0.477006    -0.2189 2.3573e+01     -0.172     9.5295  1003.9065     4.9992      1.020          3 0.0000e+00
      2.000   0.477046    -0.2185 1.3810e+01      0.366     9.5225  1003.9118     4.9995      2.040          6 0.0000e+00
      3.000   0.477022    -0.2201 8.1641e+00      0.859     9.5274  1003.9167     4.9994      3.059          5 0.0000e+00
      4.000   0.477016    -0.2217 5.3647e+00      0.872     9.5232  1003.9217     4.9995      4.079          5 0.0000e+00
      5.000   0.477009    -0.2219 3.6604e+00      0.863     9.5244  1003.9266     4.9994      5.099          4 0.0000e+00
      6.000   0.477016    -0.2217 2.5656e+00      0.861     9.5231  1003.9316     4.9993      6.118          5 0.0000e+00
      7.000   0.477017    -0.2216 1.8261e+00      0.869     9.5243  1003.9366     4.9992      7.138          4 0.0000e+00
      8.000   0.477029    -0.2217 1.2959e+00      0.907     9.5301  1003.9417     4.9992      8.158          4 0.0000e+00
      9.000   0.477050    -0.2218 9.4009e-01      0.948     9.5211  1003.9468     4.9994      9.177          5 0.0000e+00
     10.000   0.477064    -0.2215 6.7836e-01      0.977     9.5199  1003.9519     4.9994     10.197          4 0.0000e+00
     11.000   0.477126    -0.2200 4.9361e-01      0.977     9.5324  1003.9573     4.9997     11.217          4 0.0000e+00
     12.000   0.477501    -0.2085 3.6592e-01      0.959     9.5384  1003.9647     5.0019     12.237          4 0.0000e+00
     13.000   0.479310    -0.1587 2.7293e-01      0.966     9.5047  1003.9819     5.0137     13.257          4 0.0000e+00
     14.000   0.483197    -0.0600 2.0671e-01      0.988     9.4628  1004.0136     5.0405     14.276          4 0.0000e+00
     15.000   0.488090     0.0495 1.5842e-01      0.989     9.4368  1004.0531     5.0766     15.296          4 0.0000e+00
     16.000   0.492970     0.1521 1.2333e-01      0.993     9.3619  1004.0926     5.1134     16.315          4 0.0000e+00
     17.000   0.499509     0.2890 9.7860e-02      0.991     9.3306  1004.1433     5.1625     17.335          4 0.0000e+00
     18.000   0.504541     0.4008 7.9690e-02      1.004     9.3020  1004.1824     5.1989     18.355          4 0.0000e+00
     19.000   0.508983     0.5086 6.6398e-02      1.015     9.2208  1004.2161     5.2292     19.375          4 0.0000e+00
     20.000   0.516751     0.6810 5.6445e-02      1.015     9.1303  1004.2722     5.2846     20.394          4 0.0000e+00
     21.000   0.524469     0.8507 4.9472e-02      1.021     9.0769  1004.3271     5.3393     21.414          4 0.0000e+00
     22.000   0.528780     0.9513 4.4612e-02      1.027     9.0464  1004.3588     5.3686     22.434          4 0.0000e+00
     23.000   0.530359     0.9947 4.3665e-02      1.024     9.0342  1004.3728     5.3781     23.453          4 0.0000e+00
     24.000   0.530935     1.0146 4.3617e-02      1.012     9.0513  1004.3805     5.3808     24.473          4 0.0000e+00
     25.000   0.531257     1.0279 4.3617e-02      1.001     9.0485  1004.3868     5.3818     25.493          4 0.0000e+00
     26.000   0.531971     1.0500 4.3617e-02      0.989     9.0203  1004.3954     5.3856     26.512          4 0.0000e+00
     27.000   0.533470     1.0902 4.3617e-02      0.986     9.0313  1004.4088     5.3947     27.532          4 0.0000e+00
     28.000   0.535254     1.1398 4.3617e-02      0.989     9.0295  1004.4236     5.4052     28.552          4 0.0000e+00
     29.000   0.537716     1.2114 4.3617e-02      1.019     8.9682  1004.4417     5.4191     29.572          4 0.0000e+00
     30.000   0.542257     1.3393 4.3617e-02      1.028     8.9019  1004.4710     5.4455     30.592          4 0.0000e+00
     31.000   0.546045     1.4523 4.3617e-02      1.023     8.8720  1004.4952     5.4662     31.611          4 0.0000e+00
     32.000   0.547883     1.5105 4.3617e-02      1.012     8.8670  1004.5089     5.4756     32.631          4 0.0000e+00
     33.000   0.548795     1.5483 4.3617e-02      1.000     8.8284  1004.5170     5.4786     33.651          4 0.0000e+00
     34.000   0.550829     1.6263 4.3617e-02      0.998     8.7767  1004.5298     5.4865     34.670          4 0.0000e+00
     35.000   0.553339     1.7179 4.3617e-02      0.999     8.7386  1004.5448     5.4970     35.690          3 0.0000e+00
     36.000   0.555003     1.7851 4.3617e-02      1.001     8.7193  1004.5555     5.5028     36.710          4 0.0000e+00
     37.000   0.556133     1.8321 4.3617e-02      1.015     8.6910  1004.5641     5.5064     37.729          4 0.0000e+00
     38.000   0.557209     1.8763 4.3617e-02      1.027     8.6737  1004.5725     5.5099     38.749          4 0.0000e+00
     39.000   0.558498     1.9152 4.3617e-02      1.022     8.6847  1004.5833     5.5166     39.769          4 0.0000e+00
     40.000   0.559254     1.9265 4.3617e-02      1.025     8.6647  1004.5931     5.5225     40.788          4 0.0000e+00
     41.000   0.560418     1.9685 4.3617e-02      1.020     8.6352  1004.6025     5.5273     41.808          4 0.0000e+00
     42.000   0.561584     2.0193 4.3617e-02      1.009     8.6203  1004.6107     5.5306     42.828          4 0.0000e+00
     43.000   0.562731     2.0697 4.3617e-02      0.999     8.5912  1004.6187     5.5337     43.848          4 0.0000e+00
     44.000   0.564451     2.1406 4.3617e-02      1.008     8.5262  1004.6288     5.5392     44.867          4 0.0000e+00
     45.000   0.567164     2.2373 4.3617e-02      1.021     8.4676  1004.6437     5.5506     45.887          4 0.0000e+00
     46.000   0.569507     2.3201 4.3617e-02      1.025     8.4104  1004.6571     5.5605     46.907          4 0.0000e+00
     47.000   0.571907     2.3971 4.3617e-02      1.007     8.3297  1004.6716     5.5719     47.927          4 0.0000e+00
     48.000   0.575425     2.4967 4.3617e-02      0.992     8.2450  1004.6922     5.5909     48.947          4 0.0000e+00
     49.000   0.579873     2.6337 4.3617e-02      0.994     8.1299  1004.7149     5.6129     49.966          4 0.0000e+00
     50.000   0.585583     2.7909 4.3617e-02      1.011     8.0066  1004.7447     5.6441     50.986          4 0.0000e+00
     51.000   0.590990     2.9372 4.3617e-02      1.013     7.8591  1004.7730     5.6738     52.006          4 0.0000e+00
     52.000   0.596220     3.0792 4.3617e-02      1.001     7.7174  1004.7998     5.7022     53.025          4 0.0000e+00
     53.000   0.601656     3.2105 4.3617e-02      0.984     7.5875  1004.8294     5.7343     54.045          4 0.0000e+00
     54.000   0.606016     3.3117 4.3617e-02      0.966     7.4479  1004.8543     5.7606     55.065          4 0.0000e+00
     55.000   0.610647     3.4143 4.3617e-02      0.977     7.2843  1004.8809     5.7892     56.084          4 0.0000e+00
     56.000   0.615651     3.5015 4.3617e-02      0.979     7.1307  1004.9125     5.8242     57.104          4 0.0000e+00
     57.000   0.620226     3.5588 4.3617e-02      0.984     7.0216  1004.9452     5.8601     58.124          4 0.0000e+00
     58.000   0.624706     3.5792 4.3617e-02      0.985     6.9615  1004.9829     5.9016     59.144          4 0.0000e+00
     59.000   0.627722     3.6044 4.3617e-02      0.962     6.9183  1005.0079     5.9274     60.163          5 0.0000e+00
     60.000   0.629643     3.6325 4.3617e-02      0.966     6.8833  1005.0237     5.9416     61.183          4 0.0000e+00
     61.000   0.630600     3.6504 4.3617e-02      0.969     6.8674  1005.0333     5.9479     62.203          4 0.0000e+00
     62.000   0.631523     3.6677 4.3617e-02      0.964     6.8345  1005.0428     5.9539     63.222          4 0.0000e+00
     63.000   0.632857     3.6884 4.3617e-02      0.944     6.7970  1005.0549     5.9635     64.242          4 0.0000e+00
     64.000   0.633716     3.7017 4.3617e-02      0.954     6.7569  1005.0645     5.9696     65.262          4 0.0000e+00
     65.000   0.634769     3.7168 4.3617e-02      0.969     6.7017  1005.0752     5.9773     66.282          5 0.0000e+00
     66.000   0.636663     3.7425 4.3617e-02      0.973     6.6571  1005.0910     5.9916     67.301          4 0.0000e+00
     67.000   0.638461     3.7728 4.3617e-02      0.981     6.6013  1005.1052     6.0040     68.321          4 0.0000e+00
     68.000   0.640829     3.8112 4.3617e-02      0.984     6.5240  1005.1226     6.0207     69.341          4 0.0000e+00
     69.000   0.643288     3.8453 4.3617e-02      0.974     6.4241  1005.1414     6.0390     70.360          4 0.0000e+00
     70.000   0.646240     3.8756 4.3617e-02      0.960     6.3033  1005.1648     6.0630     71.380          4 0.0000e+00
     71.000   0.650055     3.9133 4.3617e-02      0.950     6.1907  1005.1937     6.0942     72.400          4 0.0000e+00
     72.000   0.652534     3.9416 4.3617e-02      0.958     6.1235  1005.2134     6.1137     73.419          4 0.0000e+00
     73.000   0.654484     3.9593 4.3617e-02      0.969     6.0762  1005.2308     6.1298     74.439          5 0.0000e+00
     74.000   0.656001     3.9755 4.3617e-02      0.975     6.0327  1005.2449     6.1419     75.459          4 0.0000e+00
     75.000   0.657652     3.9946 4.3617e-02      0.976     5.9905  1005.2596     6.1547     76.479          4 0.0000e+00
     76.000   0.659090     4.0034 4.3617e-02      0.976     5.9439  1005.2743     6.1674     77.498          4 0.0000e+00
     77.000   0.660477     4.0052 4.3617e-02      0.983     5.9070  1005.2899     6.1809     78.518          4 0.0000e+00
     78.000   0.661517     4.0054 4.3617e-02      0.965     5.8972  1005.3029     6.1911     79.538          4 0.0000e+00
     79.000   0.661816     4.0061 4.3617e-02      0.956     5.8905  1005.3100     6.1939     80.558          4 0.0000e+00
     80.000   0.661962     4.0057 4.3617e-02      0.958     5.8803  1005.3160     6.1953     81.577          4 0.0000e+00
     81.000   0.662127     4.0033 4.3617e-02      0.965     5.8649  1005.3225     6.1973     82.597          5 0.0000e+00
     82.000   0.662625     3.9965 4.3617e-02      0.967     5.8350  1005.3324     6.2035     83.617          4 0.0000e+00
     83.000   0.663459     3.9856 4.3617e-02      0.970     5.8007  1005.3458     6.2138     84.636          4 0.0000e+00
     84.000   0.664442     3.9740 4.3617e-02      0.970     5.7667  1005.3605     6.2258     85.656          4 0.0000e+00
     85.000   0.665223     3.9680 4.3617e-02      0.964     5.7552  1005.3725     6.2346     86.676          4 0.0000e+00
     86.000   0.665737     3.9663 4.3617e-02      0.977     5.7497  1005.3817     6.2400     87.696          4 0.0000e+00
     87.000   0.666061     3.9634 4.3617e-02      0.986     5.7429  1005.3896     6.2437     88.715          4 0.0000e+00
     88.000   0.666470     3.9627 4.3617e-02      0.982     5.7397  1005.3978     6.2478     89.735          4 0.0000e+00
     89.000   0.666591     3.9585 4.3617e-02      1.000     5.7377  1005.4043     6.2497     90.755          4 0.0000e+00
     90.000   0.666668     3.9526 4.3617e-02      0.999     5.7253  1005.4107     6.2515     91.775          4 0.0000e+00
     91.000   0.666969     3.9486 4.3617e-02      0.988     5.7165  1005.4186     6.2552     92.794          4 0.0000e+00
     92.000   0.667232     3.9461 4.3617e-02      0.982     5.7120  1005.4260     6.2582     93.814          5 0.0000e+00
     93.000   0.667428     3.9449 4.3617e-02      0.963     5.7032  1005.4325     6.2603     94.833          4 0.0000e+00
     94.000   0.667833     3.9466 4.3617e-02      0.958     5.7029  1005.4403     6.2639     95.853          4 0.0000e+00
     95.000   0.668673     3.9526 4.3617e-02      0.936     5.7000  1005.4507     6.2711     96.873          4 0.0000e+00
     96.000   0.669474     3.9559 4.3617e-02      0.932     5.6921  1005.4613     6.2784     97.893          5 0.0000e+00
     97.000   0.669821     3.9560 4.3617e-02      0.933     5.6856  1005.4689     6.2817     98.912          4 0.0000e+00
     98.000   0.670005     3.9546 4.3617e-02      0.931     5.6786  1005.4754     6.2838     99.932          4 0.0000e+00
     99.000   0.670216     3.9526 4.3617e-02      0.933     5.6742  1005.4822     6.2862    100.952          4 0.0000e+00
    100.000   0.670341     3.9525 4.3617e-02      0.948     5.6716  1005.4880     6.2873    101.972          4 0.0000e+00
    101.000   0.670368     3.9511 4.3617e-02      0.966     5.6682  1005.4933     6.2877    102.991          5 0.0000e+00
    102.000   0.670367     3.9485 4.3617e-02      0.964     5.6674  1005.4985     6.2881    104.011          4 0.0000e+00
    103.000   0.670427     3.9470 4.3617e-02      0.955     5.6630  1005.5040     6.2889    105.031          4 0.0000e+00
    104.000   0.670487     3.9463 4.3617e-02      0.958     5.6615  1005.5095     6.2896    106.050          4 0.0000e+00
    105.000   0.670562     3.9461 4.3617e-02      0.956     5.6600  1005.5148     6.2902    107.070          4 0.0000e+00
    106.000   0.670737     3.9460 4.3617e-02      0.961     5.6500  1005.5211     6.2918    108.090          4 0.0000e+00
    107.000   0.671117     3.9469 4.3617e-02      0.965     5.6476  1005.5287     6.2954    109.110          5 0.0000e+00
    108.000   0.671376     3.9503 4.3617e-02      0.960     5.6527  1005.5350     6.2972    110.129          4 0.0000e+00
    109.000   0.671481     3.9519 4.3617e-02      0.963     5.6518  1005.5403     6.2978    111.149          4 0.0000e+00
    110.000   0.671556     3.9530 4.3617e-02      0.962     5.6477  1005.5456     6.2983    112.169          4 0.0000e+00
    111.000   0.671593     3.9526 4.3617e-02      0.960     5.6435  1005.5507     6.2986    113.189          4 0.0000e+00
    112.000   0.671543     3.9477 4.3617e-02      0.966     5.6394  1005.5560     6.2989    114.208          4 0.0000e+00
    113.000   0.671456     3.9414 4.3617e-02      0.956     5.6395  1005.5611     6.2992    115.228          5 0.0000e+00
    114.000   0.671473     3.9403 4.3617e-02      0.933     5.6360  1005.5663     6.2995    116.248          4 0.0000e+00
    115.000   0.671552     3.9402 4.3617e-02      0.955     5.6369  1005.5717     6.3001    117.267          4 0.0000e+00
    116.000   0.671592     3.9396 4.3617e-02      0.974     5.6388  1005.5770     6.3005    118.287          4 0.0000e+00
    117.000   0.671656     3.9425 4.3617e-02      0.961     5.6365  1005.5817     6.3005    119.307          4 0.0000e+00
    118.000   0.671747     3.9466 4.3617e-02      0.954     5.6327  1005.5865     6.3005    120.326          5 0.0000e+00
    119.000   0.671686     3.9389 4.3617e-02      0.956     5.6157  1005.5922     6.3013    121.346          4 0.0000e+00
    120.000   0.671253     3.9152 4.3617e-02      0.960     5.6059  1005.5977     6.3014    122.366          4 0.0000e+00
    121.000   0.671129     3.9036 4.3617e-02      0.955     5.6038  1005.6036     6.3022    123.386          4 0.0000e+00
    122.000   0.671291     3.9058 4.3617e-02      0.955     5.6074  1005.6092     6.3033    124.405          4 0.0000e+00
    123.000   0.671618     3.9150 4.3617e-02      0.963     5.5978  1005.6150     6.3048    125.425          4 0.0000e+00
    124.000   0.671812     3.9186 4.3617e-02      0.963     5.6102  1005.6208     6.3059    126.445          5 0.0000e+00
    125.000   0.672161     3.9242 4.3617e-02      0.964     5.5939  1005.6273     6.3082    127.464          4 0.0000e+00
    126.000   0.671971     3.9106 4.3617e-02      0.963     5.5761  1005.6330     6.3088    128.484          4 0.0000e+00
    127.000   0.671315     3.8802 4.3617e-02      0.961     5.5629  1005.6379     6.3079    129.504          4 0.0000e+00
    128.000   0.670743     3.8541 4.3617e-02      0.959     5.5628  1005.6428     6.3071    130.524          4 0.0000e+00
    129.000   0.670695     3.8497 4.3617e-02      0.961     5.5657  1005.6479     6.3073    131.543          4 0.0000e+00
    130.000   0.671491     3.8764 4.3617e-02      0.963     5.5765  1005.6543     6.3101    132.563          5 0.0000e+00
    131.000   0.672228     3.9019 4.3617e-02      0.952     5.5805  1005.6605     6.3125    133.583          4 0.0000e+00
