ctdpy/exports/archive_20191121_115250/received_data/us5b_v03_18.cnv
* Sea-Bird SBE19plus Data File:
* FileName = C:\CTD\CTD 2018\v01_k03\Us5b_v03_18.hex
* Software Version 1.59
* Temperature SN =  4644
* Conductivity SN =  4644
* System UpLoad Time = Jan 19 2018 01:38:54
** Us5b v03 k01 2018
* ds
# nquan = 11
# nvalues = 207                         
# units = specified
# name 0 = prdM: Pressure, Strain Gauge [db]
# name 1 = c0S/m: Conductivity [S/m]
# name 2 = tv290C: Temperature [ITS-90, deg C]
# name 3 = par: PAR/Irradiance, Biospherical/Licor
# name 4 = dz/dtM: Descent Rate [m/s]
# name 5 = sbeox0ML/L: Oxygen, SBE 43 [ml/l]
# name 6 = density00: Density [density, kg/m^3]
# name 7 = sal00: Salinity, Practical [PSU]
# name 8 = depFM: Depth [fresh water, m], lat = 0
# name 9 = nbin: number of scans per bin
# name 10 = flag: flag
# span 0 =      1.000,    207.000       
# span 1 =   0.569641,   0.694381       
# span 2 =     2.6204,     4.4349       
# span 3 = 5.0684e-02, 2.2244e+00       
# span 4 =     -0.238,      1.202       
# span 5 =     5.7221,     8.6114       
# span 6 =  1004.3991,  1006.1604       
# span 7 =     5.5141,     6.4831       
# span 8 =      1.020,    211.081       
# span 9 =          1,          9       
# span 10 = 0.0000e+00, 0.0000e+00      
# interval = decibars: 1                
# start_time = Jan 19 2018 01:14:27 [Instrument's time stamp, header]
# bad_flag = -9.990e-29
*END*
      1.000   0.569807     2.6302 2.2244e+00     -0.238     8.6030  1004.3991     5.5144      1.020          4 0.0000e+00
      2.000   0.569713     2.6254 8.2629e-01      0.464     8.6114  1004.4038     5.5142      2.040          5 0.0000e+00
      3.000   0.569688     2.6235 4.5522e-01      0.955     8.6073  1004.4088     5.5142      3.059          4 0.0000e+00
      4.000   0.569641     2.6204 3.2575e-01      1.009     8.6084  1004.4136     5.5141      4.079          4 0.0000e+00
      5.000   0.569673     2.6206 1.8110e-01      0.994     8.6031  1004.4187     5.5143      5.099          4 0.0000e+00
      6.000   0.569705     2.6222 1.1259e-01      1.034     8.6084  1004.4236     5.5142      6.118          4 0.0000e+00
      7.000   0.569722     2.6225 9.0996e-02      1.000     8.6085  1004.4286     5.5143      7.138          4 0.0000e+00
      8.000   0.569716     2.6220 7.2462e-02      1.018     8.6069  1004.4335     5.5141      8.158          4 0.0000e+00
      9.000   0.569729     2.6223 6.7811e-02      1.113     8.6046  1004.4384     5.5141      9.177          3 0.0000e+00
     10.000   0.569774     2.6235 6.3324e-02      1.140     8.6029  1004.4435     5.5143     10.197          4 0.0000e+00
     11.000   0.569785     2.6232 6.1304e-02      1.090     8.6086  1004.4484     5.5144     11.217          4 0.0000e+00
     12.000   0.569761     2.6216 5.7933e-02      1.095     8.6060  1004.4533     5.5143     12.237          3 0.0000e+00
     13.000   0.569799     2.6227 5.7183e-02      1.129     8.6037  1004.4583     5.5144     13.256          4 0.0000e+00
     14.000   0.570048     2.6309 5.6034e-02      1.128     8.6019  1004.4641     5.5154     14.276          3 0.0000e+00
     15.000   0.570332     2.6399 5.5680e-02      1.128     8.5991  1004.4701     5.5167     15.296          4 0.0000e+00
     16.000   0.570548     2.6470 5.5359e-02      1.165     8.6043  1004.4758     5.5176     16.315          3 0.0000e+00
     17.000   0.570831     2.6557 5.4796e-02      1.162     8.6001  1004.4818     5.5189     17.335          4 0.0000e+00
     18.000   0.570968     2.6612 5.4654e-02      1.110     8.5922  1004.4870     5.5193     18.355          4 0.0000e+00
     19.000   0.571166     2.6678 5.4606e-02      1.078     8.5931  1004.4926     5.5201     19.375          3 0.0000e+00
     20.000   0.571514     2.6775 5.4295e-02      1.128     8.5946  1004.4991     5.5219     20.394          3 0.0000e+00
     21.000   0.572041     2.6945 5.4246e-02      1.193     8.5974  1004.5059     5.5243     21.414          4 0.0000e+00
     22.000   0.573208     2.7318 5.4218e-02      1.162     8.5931  1004.5153     5.5298     22.434          4 0.0000e+00
     23.000   0.574350     2.7769 5.4160e-02      1.090     8.5825  1004.5233     5.5336     23.453          3 0.0000e+00
     24.000   0.575858     2.8354 5.4152e-02      1.101     8.5642  1004.5324     5.5389     24.473          4 0.0000e+00
     25.000   0.577216     2.8876 5.4023e-02      1.178     8.5550  1004.5411     5.5437     25.493          3 0.0000e+00
     26.000   0.578007     2.9179 5.4027e-02      1.202     8.5413  1004.5482     5.5465     26.513          3 0.0000e+00
     27.000   0.578372     2.9332 5.4028e-02      1.132     8.5299  1004.5539     5.5475     27.532          4 0.0000e+00
     28.000   0.578827     2.9504 5.3977e-02      1.104     8.5530  1004.5600     5.5491     28.552          3 0.0000e+00
     29.000   0.579301     2.9684 5.3910e-02      1.165     8.5499  1004.5662     5.5507     29.572          4 0.0000e+00
     30.000   0.580092     2.9964 5.3919e-02      1.172     8.5025  1004.5735     5.5539     30.591          3 0.0000e+00
     31.000   0.582283     3.0647 5.3979e-02      1.130     8.4703  1004.5866     5.5644     31.611          4 0.0000e+00
     32.000   0.584520     3.1344 5.3977e-02      1.125     8.4558  1004.5996     5.5750     32.631          3 0.0000e+00
     33.000   0.585090     3.1583 5.3949e-02      1.138     8.4403  1004.6056     5.5766     33.651          4 0.0000e+00
     34.000   0.585180     3.1651 5.3921e-02      1.151     8.4409  1004.6102     5.5763     34.671          3 0.0000e+00
     35.000   0.585178     3.1679 5.3839e-02      1.159     8.4416  1004.6146     5.5757     35.690          4 0.0000e+00
     36.000   0.585142     3.1692 5.3926e-02      1.140     8.4427  1004.6190     5.5750     36.710          4 0.0000e+00
     37.000   0.585083     3.1694 5.3912e-02      1.115     8.4494  1004.6233     5.5742     37.729          3 0.0000e+00
     38.000   0.585031     3.1695 5.3862e-02      1.124     8.4539  1004.6277     5.5736     38.749          3 0.0000e+00
     39.000   0.585052     3.1713 5.3881e-02      1.172     8.4487  1004.6324     5.5734     39.769          4 0.0000e+00
     40.000   0.585095     3.1737 5.3787e-02      1.161     8.4462  1004.6373     5.5733     40.789          4 0.0000e+00
     41.000   0.585097     3.1747 5.3884e-02      1.096     8.4459  1004.6420     5.5730     41.808          3 0.0000e+00
     42.000   0.585079     3.1752 5.3776e-02      1.070     8.4454  1004.6466     5.5726     42.828          4 0.0000e+00
     43.000   0.585071     3.1760 5.3805e-02      1.124     8.4441  1004.6512     5.5723     43.848          3 0.0000e+00
     44.000   0.585058     3.1763 5.3767e-02      1.174     8.4395  1004.6559     5.5720     44.867          4 0.0000e+00
     45.000   0.585061     3.1768 5.3858e-02      1.163     8.4492  1004.6607     5.5719     45.887          3 0.0000e+00
     46.000   0.585057     3.1772 5.3821e-02      1.112     8.4476  1004.6655     5.5717     46.907          4 0.0000e+00
     47.000   0.585096     3.1781 5.3683e-02      1.109     8.4381  1004.6705     5.5718     47.927          3 0.0000e+00
     48.000   0.585162     3.1790 5.3724e-02      1.155     8.4419  1004.6757     5.5722     48.946          4 0.0000e+00
     49.000   0.585166     3.1794 5.3846e-02      1.178     8.4449  1004.6805     5.5721     49.966          3 0.0000e+00
     50.000   0.585238     3.1807 5.3750e-02      1.163     8.4339  1004.6858     5.5725     50.986          4 0.0000e+00
     51.000   0.585397     3.1831 5.3828e-02      1.108     8.4311  1004.6915     5.5736     52.005          3 0.0000e+00
     52.000   0.585486     3.1848 5.3720e-02      1.079     8.4307  1004.6968     5.5741     53.025          4 0.0000e+00
     53.000   0.585511     3.1851 5.3733e-02      1.130     8.4291  1004.7018     5.5742     54.045          4 0.0000e+00
     54.000   0.585535     3.1851 5.3696e-02      1.154     8.4286  1004.7069     5.5743     55.065          3 0.0000e+00
     55.000   0.585590     3.1850 5.3654e-02      1.106     8.4309  1004.7122     5.5748     56.084          4 0.0000e+00
     56.000   0.585603     3.1849 5.3707e-02      1.072     8.4298  1004.7171     5.5748     57.104          3 0.0000e+00
     57.000   0.585618     3.1845 5.3636e-02      1.120     8.4339  1004.7221     5.5750     58.124          4 0.0000e+00
     58.000   0.585659     3.1833 5.3709e-02      1.162     8.4319  1004.7275     5.5755     59.143          4 0.0000e+00
     59.000   0.585688     3.1799 5.3588e-02      1.110     8.4358  1004.7330     5.5762     60.163          3 0.0000e+00
     60.000   0.585696     3.1737 5.3631e-02      1.041     8.4454  1004.7389     5.5773     61.183          4 0.0000e+00
     61.000   0.585674     3.1634 5.3626e-02      1.044     8.4578  1004.7450     5.5788     62.203          4 0.0000e+00
     62.000   0.585659     3.1523 5.3596e-02      1.078     8.4680  1004.7513     5.5804     63.222          3 0.0000e+00
     63.000   0.585669     3.1408 5.3690e-02      1.091     8.4654  1004.7579     5.5824     64.242          4 0.0000e+00
     64.000   0.585690     3.1320 5.3570e-02      1.108     8.4695  1004.7642     5.5840     65.262          4 0.0000e+00
     65.000   0.585724     3.1268 5.3587e-02      1.130     8.4774  1004.7701     5.5852     66.281          3 0.0000e+00
     66.000   0.585781     3.1216 5.3558e-02      1.118     8.4726  1004.7761     5.5866     67.301          4 0.0000e+00
     67.000   0.585829     3.1172 5.3607e-02      1.083     8.4697  1004.7820     5.5877     68.321          4 0.0000e+00
     68.000   0.585854     3.1150 5.3577e-02      1.071     8.4714  1004.7874     5.5883     69.341          3 0.0000e+00
     69.000   0.585875     3.1141 5.3574e-02      1.109     8.4694  1004.7925     5.5885     70.360          4 0.0000e+00
     70.000   0.585899     3.1136 5.3522e-02      1.139     8.4673  1004.7976     5.5887     71.380          3 0.0000e+00
     71.000   0.585912     3.1119 5.3557e-02      1.112     8.4661  1004.8028     5.5891     72.400          4 0.0000e+00
     72.000   0.585917     3.1091 5.3567e-02      1.086     8.4646  1004.8081     5.5895     73.420          4 0.0000e+00
     73.000   0.585927     3.1069 5.3381e-02      1.098     8.4584  1004.8133     5.5899     74.439          3 0.0000e+00
     74.000   0.585989     3.1058 5.3421e-02      1.124     8.4577  1004.8188     5.5906     75.459          4 0.0000e+00
     75.000   0.586099     3.1047 5.3505e-02      1.118     8.4578  1004.8247     5.5918     76.479          3 0.0000e+00
     76.000   0.586270     3.1055 5.3404e-02      1.107     8.4467  1004.8308     5.5933     77.498          4 0.0000e+00
     77.000   0.586531     3.1086 5.3415e-02      1.129     8.4373  1004.8373     5.5953     78.518          4 0.0000e+00
     78.000   0.586891     3.1137 5.3437e-02      1.125     8.4322  1004.8444     5.5980     79.538          3 0.0000e+00
     79.000   0.587417     3.1225 5.3440e-02      1.095     8.4046  1004.8522     5.6017     80.557          4 0.0000e+00
     80.000   0.588435     3.1402 5.3441e-02      1.069     8.3689  1004.8627     5.6089     81.577          3 0.0000e+00
     81.000   0.590061     3.1664 5.3469e-02      1.091     8.3245  1004.8769     5.6208     82.597          4 0.0000e+00
     82.000   0.591447     3.1891 5.3458e-02      1.129     8.2697  1004.8896     5.6309     83.617          4 0.0000e+00
     83.000   0.593132     3.2160 5.3386e-02      1.128     8.2378  1004.9041     5.6432     84.637          3 0.0000e+00
     84.000   0.594702     3.2411 5.3372e-02      1.090     8.1928  1004.9180     5.6548     85.656          4 0.0000e+00
     85.000   0.595635     3.2573 5.3432e-02      1.102     8.1539  1004.9280     5.6613     86.676          3 0.0000e+00
     86.000   0.596609     3.2747 5.3324e-02      1.139     8.1442  1004.9380     5.6680     87.696          4 0.0000e+00
     87.000   0.597794     3.2981 5.3344e-02      1.129     8.0886  1004.9490     5.6759     88.715          4 0.0000e+00
     88.000   0.599889     3.3383 5.3348e-02      1.105     7.9940  1004.9647     5.6900     89.735          3 0.0000e+00
     89.000   0.603410     3.4016 5.3373e-02      1.105     7.8808  1004.9883     5.7144     90.755          4 0.0000e+00
     90.000   0.607129     3.4658 5.3347e-02      1.115     7.7902  1005.0132     5.7406     91.774          3 0.0000e+00
     91.000   0.609800     3.5129 5.3335e-02      1.107     7.7328  1005.0323     5.7592     92.794          4 0.0000e+00
     92.000   0.611779     3.5476 5.3330e-02      1.080     7.6716  1005.0475     5.7729     93.814          4 0.0000e+00
     93.000   0.613548     3.5796 5.3327e-02      1.068     7.6138  1005.0615     5.7850     94.834          4 0.0000e+00
     94.000   0.615031     3.6067 5.3283e-02      1.072     7.5961  1005.0740     5.7950     95.853          3 0.0000e+00
     95.000   0.616631     3.6344 5.3394e-02      1.054     7.5260  1005.0873     5.8061     96.873          4 0.0000e+00
     96.000   0.622082     3.7209 5.3235e-02      1.042     7.0230  1005.1219     5.8454     97.893          4 0.0000e+00
     97.000   0.638733     3.9847 5.3262e-02      1.065     6.4466  1005.2159     5.9645     98.912          4 0.0000e+00
     98.000   0.659666     4.3082 5.3284e-02      1.086     6.1128  1005.3312     6.1137     99.932          3 0.0000e+00
     99.000   0.666776     4.4309 5.3245e-02      1.067     6.0210  1005.3703     6.1612    100.952          4 0.0000e+00
    100.000   0.668414     4.4349 5.3236e-02      1.053     6.0167  1005.3872     6.1766    101.972          4 0.0000e+00
    101.000   0.669138     4.4106 5.3250e-02      1.082     6.0334  1005.4020     6.1882    102.991          4 0.0000e+00
    102.000   0.669404     4.3839 5.3215e-02      1.086     6.0807  1005.4136     6.1957    104.011          3 0.0000e+00
    103.000   0.669303     4.3370 5.3199e-02      1.059     6.1150  1005.4260     6.2035    105.031          4 0.0000e+00
    104.000   0.669356     4.2720 5.3173e-02      1.075     6.1138  1005.4428     6.2161    106.051          4 0.0000e+00
    105.000   0.670766     4.2689 5.3158e-02      1.110     6.0822  1005.4593     6.2306    107.070          3 0.0000e+00
    106.000   0.673082     4.3168 5.3186e-02      1.097     6.0430  1005.4738     6.2445    108.090          4 0.0000e+00
    107.000   0.675345     4.3541 5.3151e-02      1.054     6.0177  1005.4897     6.2598    109.110          4 0.0000e+00
    108.000   0.676864     4.3603 5.3119e-02      1.054     5.9951  1005.5053     6.2736    110.129          4 0.0000e+00
    109.000   0.677993     4.3589 5.3134e-02      1.088     5.9771  1005.5192     6.2850    111.149          3 0.0000e+00
    110.000   0.678936     4.3578 5.3033e-02      1.081     5.9637  1005.5317     6.2945    112.169          4 0.0000e+00
    111.000   0.679743     4.3517 5.3030e-02      1.075     5.9635  1005.5439     6.3035    113.188          4 0.0000e+00
    112.000   0.680202     4.3450 5.3103e-02      1.089     5.9519  1005.5535     6.3092    114.208          3 0.0000e+00
    113.000   0.680517     4.3401 5.3073e-02      1.085     5.9289  1005.5617     6.3132    115.228          4 0.0000e+00
    114.000   0.681365     4.3348 5.3023e-02      1.062     5.9144  1005.5741     6.3225    116.247          4 0.0000e+00
    115.000   0.682376     4.3238 5.3007e-02      1.075     5.8992  1005.5889     6.3346    117.267          4 0.0000e+00
    116.000   0.683091     4.3114 5.3028e-02      1.100     5.8896  1005.6016     6.3440    118.287          3 0.0000e+00
    117.000   0.683594     4.3053 5.3005e-02      1.087     5.8721  1005.6114     6.3501    119.307          4 0.0000e+00
    118.000   0.683830     4.3017 5.2979e-02      1.064     5.8715  1005.6187     6.3530    120.326          4 0.0000e+00
    119.000   0.683840     4.2938 5.2989e-02      1.064     5.8839  1005.6250     6.3545    121.346          4 0.0000e+00
    120.000   0.683794     4.2767 5.2981e-02      1.062     5.8910  1005.6326     6.3572    122.366          3 0.0000e+00
    121.000   0.683799     4.2564 5.2938e-02      1.078     5.8913  1005.6411     6.3611    123.386          4 0.0000e+00
    122.000   0.683886     4.2382 5.2942e-02      1.081     5.8878  1005.6498     6.3653    124.405          4 0.0000e+00
    123.000   0.684260     4.2219 5.2945e-02      1.050     5.8715  1005.6606     6.3721    125.425          4 0.0000e+00
    124.000   0.685527     4.2086 5.2901e-02      1.051     5.8642  1005.6778     6.3873    126.445          3 0.0000e+00
    125.000   0.686918     4.2011 5.2925e-02      1.070     5.8514  1005.6950     6.4025    127.464          4 0.0000e+00
    126.000   0.687507     4.1971 5.2872e-02      1.087     5.8459  1005.7052     6.4090    128.484          4 0.0000e+00
    127.000   0.687929     4.1938 5.2881e-02      1.074     5.8511  1005.7139     6.4138    129.504          4 0.0000e+00
    128.000   0.688409     4.1905 5.2919e-02      1.043     5.8550  1005.7231     6.4191    130.524          3 0.0000e+00
    129.000   0.689264     4.1869 5.2861e-02      1.040     5.8581  1005.7353     6.4283    131.543          4 0.0000e+00
    130.000   0.690005     4.1842 5.2852e-02      1.063     5.8609  1005.7465     6.4361    132.563          4 0.0000e+00
    131.000   0.690318     4.1809 5.2877e-02      1.089     5.8605  1005.7543     6.4397    133.583          3 0.0000e+00
