ctdpy/exports/archive_20191121_115250/received_data/us5b_v03_18.cnv
* Sea-Bird SBE19plus Data File:
* FileName = C:\CTD\CTD 2018\v01_k03\Us5b_v03_18.hex
* Software Version 1.59
* Temperature SN =  4644
* Conductivity SN =  4644
* System UpLoad Time = Jan 19 2018 01:38:54
** Us5b v03 k01 2018
* ds
# nquan = 11
# nvalues = 207                         
# units = specified
# name 0 = prdM: Pressure, Strain Gauge [db]
# name 1 = c0S/m: Conductivity [S/m]
# name 2 = tv290C: Temperature [ITS-90, deg C]
# name 3 = par: PAR/Irradiance, Biospherical/Licor
# name 4 = dz/dtM: Descent Rate [m/s]
# name 5 = sbeox0ML/L: Oxygen, SBE 43 [ml/l]
# name 6 = density00: Density [density, kg/m^3]
# name 7 = sal00: Salinity, Practical [PSU]
# name 8 = depFM: Depth [fresh water, m], lat = 0
# name 9 = nbin: number of scans per bin
# name 10 = flag: flag
# span 0 =      1.000,    207.000       
# span 1 =   0.569641,   0.694381       
# span 2 =     2.6204,     4.4349       
# span 3 = 5.0684e-02, 2.2244e+00       
# span 4 =     -0.238,      1.202       
# span 5 =     5.7221,     8.6114       
# span 6 =  1004.3991,  1006.1604       
# span 7 =     5.5141,     6.4831       
# span 8 =      1.020,    211.081       
# span 9 =          1,          9       
# span 10 = 0.0000e+00, 0.0000e+00      
# interval = decibars: 1                
# start_time = Jan 19 2018 01:14:27 [Instrument's time stamp, header]
# bad_flag = -9.990e-29
*END*
[from data line 132]
    133.000   0.690522     4.1761 5.2794e-02      1.077     5.8503  1005.7664     6.4425    135.622          4 0.0000e+00
    134.000   0.690704     4.1731 5.2777e-02      1.052     5.8511  1005.7732     6.4448    136.642          4 0.0000e+00
    135.000   0.690895     4.1705 5.2718e-02      1.055     5.8466  1005.7799     6.4471    137.661          3 0.0000e+00
    136.000   0.690985     4.1687 5.2765e-02      1.065     5.8374  1005.7858     6.4483    138.682          4 0.0000e+00
    137.000   0.691080     4.1674 5.2749e-02      1.077     5.8348  1005.7916     6.4493    139.701          4 0.0000e+00
    138.000   0.691135     4.1661 5.2687e-02      1.051     5.8346  1005.7970     6.4500    140.721          4 0.0000e+00
    139.000   0.691170     4.1644 5.2630e-02      1.052     5.8284  1005.8024     6.4506    141.740          4 0.0000e+00
    140.000   0.691189     4.1628 5.2689e-02      1.033     5.8291  1005.8076     6.4510    142.760          4 0.0000e+00
    141.000   0.691219     4.1614 5.2703e-02      1.009     5.8300  1005.8129     6.4514    143.780          3 0.0000e+00
    142.000   0.691337     4.1608 5.2768e-02      1.035     5.8328  1005.8187     6.4526    144.800          4 0.0000e+00
    143.000   0.691522     4.1607 5.2684e-02      1.051     5.8238  1005.8250     6.4544    145.819          4 0.0000e+00
    144.000   0.691652     4.1606 5.2676e-02      1.009     5.8228  1005.8308     6.4556    146.839          4 0.0000e+00
    145.000   0.691749     4.1599 5.2637e-02      0.991     5.8224  1005.8365     6.4566    147.859          4 0.0000e+00
    146.000   0.691830     4.1588 5.2641e-02      1.031     5.8228  1005.8421     6.4575    148.879          4 0.0000e+00
    147.000   0.691890     4.1578 5.2580e-02      1.054     5.8196  1005.8475     6.4582    149.898          4 0.0000e+00
    148.000   0.691976     4.1560 5.2555e-02      1.025     5.8161  1005.8533     6.4593    150.918          4 0.0000e+00
    149.000   0.692067     4.1540 5.2625e-02      1.029     5.8144  1005.8592     6.4604    151.937          3 0.0000e+00
    150.000   0.692116     4.1529 5.2547e-02      1.080     5.8188  1005.8646     6.4610    152.957          4 0.0000e+00
    151.000   0.692146     4.1523 5.2513e-02      1.060     5.8158  1005.8697     6.4613    153.977          4 0.0000e+00
    152.000   0.692197     4.1513 5.2556e-02      0.980     5.8099  1005.8751     6.4619    154.997          4 0.0000e+00
    153.000   0.692227     4.1504 5.2573e-02      0.990     5.8022  1005.8803     6.4623    156.016          4 0.0000e+00
    154.000   0.692283     4.1496 5.2543e-02      1.063     5.8093  1005.8856     6.4629    157.036          4 0.0000e+00
    155.000   0.692353     4.1485 5.2427e-02      1.085     5.8042  1005.8912     6.4637    158.056          4 0.0000e+00
    156.000   0.692416     4.1474 5.2496e-02      1.046     5.8048  1005.8967     6.4644    159.076          3 0.0000e+00
    157.000   0.692523     4.1458 5.2425e-02      1.013     5.8033  1005.9026     6.4657    160.095          4 0.0000e+00
    158.000   0.692699     4.1432 5.2484e-02      1.044     5.8016  1005.9092     6.4678    161.115          4 0.0000e+00
    159.000   0.692831     4.1416 5.2430e-02      1.079     5.8018  1005.9153     6.4694    162.135          4 0.0000e+00
    160.000   0.692940     4.1408 5.2445e-02      1.076     5.8010  1005.9211     6.4705    163.154          4 0.0000e+00
    161.000   0.692998     4.1405 5.2402e-02      1.024     5.8034  1005.9264     6.4710    164.174          4 0.0000e+00
    162.000   0.693022     4.1405 5.2361e-02      0.977     5.8029  1005.9314     6.4711    165.194          4 0.0000e+00
    163.000   0.693039     4.1404 5.2329e-02      1.032     5.8014  1005.9363     6.4712    166.214          3 0.0000e+00
    164.000   0.693057     4.1404 5.2358e-02      1.096     5.7948  1005.9412     6.4713    167.234          4 0.0000e+00
    165.000   0.693092     4.1403 5.2360e-02      1.050     5.7966  1005.9463     6.4715    168.253          4 0.0000e+00
    166.000   0.693108     4.1402 5.2357e-02      1.004     5.8002  1005.9513     6.4716    169.273          4 0.0000e+00
    167.000   0.693123     4.1402 5.2379e-02      1.028     5.8019  1005.9562     6.4716    170.292          4 0.0000e+00
    168.000   0.693144     4.1401 5.2244e-02      1.085     5.8032  1005.9611     6.4717    171.312          3 0.0000e+00
    169.000   0.693169     4.1396 5.2263e-02      1.087     5.7950  1005.9661     6.4720    172.332          4 0.0000e+00
    170.000   0.693208     4.1389 5.2215e-02      1.037     5.7996  1005.9714     6.4724    173.352          4 0.0000e+00
    171.000   0.693226     4.1385 5.2283e-02      1.029     5.7985  1005.9764     6.4725    174.372          4 0.0000e+00
    172.000   0.693227     4.1384 5.2297e-02      1.029     5.7980  1005.9812     6.4724    175.391          4 0.0000e+00
    173.000   0.693247     4.1382 5.2217e-02      1.024     5.7989  1005.9861     6.4726    176.411          4 0.0000e+00
    174.000   0.693286     4.1379 5.2164e-02      1.025     5.8000  1005.9913     6.4729    177.430          4 0.0000e+00
    175.000   0.693329     4.1376 5.2078e-02      1.023     5.7965  1005.9965     6.4733    178.450          4 0.0000e+00
    176.000   0.693416     4.1369 5.2204e-02      1.021     5.8030  1006.0021     6.4742    179.470          4 0.0000e+00
    177.000   0.693495     4.1364 5.2160e-02      0.994     5.8007  1006.0075     6.4750    180.490          4 0.0000e+00
    178.000   0.693562     4.1358 5.2149e-02      0.986     5.8016  1006.0130     6.4756    181.510          4 0.0000e+00
    179.000   0.693648     4.1351 5.2146e-02      1.012     5.8041  1006.0185     6.4765    182.529          4 0.0000e+00
    180.000   0.693693     4.1349 5.2076e-02      1.021     5.8026  1006.0237     6.4769    183.549          4 0.0000e+00
    181.000   0.693710     4.1348 5.2055e-02      1.006     5.8034  1006.0286     6.4769    184.569          4 0.0000e+00
    182.000   0.693734     4.1344 5.2037e-02      0.975     5.7979  1006.0337     6.4771    185.588          4 0.0000e+00
    183.000   0.693726     4.1339 5.1995e-02      0.975     5.7934  1006.0385     6.4770    186.608          4 0.0000e+00
    184.000   0.693755     4.1336 5.1983e-02      1.017     5.8006  1006.0436     6.4773    187.627          4 0.0000e+00
    185.000   0.693796     4.1334 5.2060e-02      1.034     5.8016  1006.0487     6.4776    188.647          4 0.0000e+00
    186.000   0.693834     4.1328 5.1990e-02      1.011     5.7987  1006.0539     6.4780    189.667          4 0.0000e+00
    187.000   0.693876     4.1320 5.1953e-02      0.979     5.7943  1006.0591     6.4784    190.687          4 0.0000e+00
    188.000   0.693928     4.1309 5.1987e-02      0.991     5.7942  1006.0645     6.4791    191.707          3 0.0000e+00
    189.000   0.693975     4.1294 5.1915e-02      1.039     5.7980  1006.0700     6.4797    192.727          4 0.0000e+00
    190.000   0.694013     4.1281 5.1916e-02      1.018     5.7947  1006.0753     6.4802    193.746          4 0.0000e+00
    191.000   0.694054     4.1273 5.1907e-02      0.967     5.7880  1006.0805     6.4807    194.766          4 0.0000e+00
    192.000   0.694062     4.1270 5.1895e-02      0.994     5.7908  1006.0854     6.4807    195.786          4 0.0000e+00
    193.000   0.694076     4.1267 5.1818e-02      1.039     5.7982  1006.0904     6.4808    196.805          4 0.0000e+00
    194.000   0.694088     4.1261 5.1832e-02      0.995     5.7910  1006.0953     6.4809    197.825          5 0.0000e+00
    195.000   0.694099     4.1258 5.1815e-02      0.948     5.7720  1006.1002     6.4810    198.844          4 0.0000e+00
    196.000   0.694113     4.1257 5.1886e-02      1.007     5.7913  1006.1052     6.4810    199.864          4 0.0000e+00
    197.000   0.694132     4.1254 5.1811e-02      1.060     5.7840  1006.1102     6.4811    200.884          4 0.0000e+00
    198.000   0.694150     4.1252 5.1728e-02      1.000     5.7645  1006.1151     6.4812    201.904          4 0.0000e+00
    199.000   0.694177     4.1253 5.1775e-02      0.897     5.7707  1006.1201     6.4814    202.923          6 0.0000e+00
    200.000   0.694197     4.1255 5.1581e-02      0.142     5.7656  1006.1250     6.4814    203.943          8 0.0000e+00
    201.000   0.694217     4.1253 5.1469e-02      0.253     5.7604  1006.1299     6.4815    204.963          9 0.0000e+00
    202.000   0.694232     4.1253 5.1393e-02      0.101     5.7546  1006.1348     6.4816    205.983          7 0.0000e+00
    203.000   0.694275     4.1240 5.1173e-02      0.043     5.7340  1006.1402     6.4822    207.003          1 0.0000e+00
    204.000   0.694303     4.1228 5.1100e-02      0.143     5.7269  1006.1454     6.4825    208.022          7 0.0000e+00
    205.000   0.694345     4.1223 5.1019e-02      0.143     5.7260  1006.1506     6.4830    209.042          6 0.0000e+00
    206.000   0.694353     4.1230 5.0869e-02      0.200     5.7251  1006.1553     6.4828    210.062          9 0.0000e+00
    207.000   0.694381     4.1223 5.0684e-02      0.127     5.7221  1006.1604     6.4831    211.081          3 0.0000e+00
