ctdpy/exports/archive_20191120_135557/received_data/SBE09_0745_20181208_1954_34_01_0172.cnv
* Sea-Bird SBE 9 Data File:
* FileName = C:\ctd\temp\ar18d172.hex
* Software Version Seasave V 7.26.7.107
* Temperature SN = 4387
* Conductivity SN = 2994
* Number of Bytes Per Scan = 41
* Number of Voltage Words = 4
* Number of Scans Averaged by the Deck Unit = 1
* NMEA Latitude = 56 40.13 N
* NMEA Longitude = 012 06.70 E
* NMEA UTC (Time) = Dec 08 2018  19:54:03
* NMEA baud rate = 4800
** Station:  Anholt E
** Operator:  OBac
** Ship: ARANDA
** Average sound velocity: 1480.07 m/s
** True-depth calculation Sun, 09 Dec 2018 13:05:14 +0000
** CTD Python Module SMHI /ver 3-12/ feb 2012 
** LIMS Job: 20183401-0172
** Cruise: SMHI-7-2018
** Latitude [GG MM.mm N]:
** Longitude [GG MM.mm E]
# nquan = 26
# nvalues = 116                         
# units = specified
# name 0 = scan: Scan Count
# name 1 = prDM: Pressure, Digiquartz [db]
# name 2 = t090C: Temperature [ITS-90, deg C]
# name 3 = t190C: Temperature, 2 [ITS-90, deg C]
# name 4 = T2-T190C: Temperature Difference, 2 - 1 [ITS-90, deg C]
# name 5 = c0S/m: Conductivity [S/m]
# name 6 = c1S/m: Conductivity, 2 [S/m]
# name 7 = pumps: Pump Status
# name 8 = sbeox0ML/L: Oxygen, SBE 43 [ml/l]
# name 9 = sbeox1ML/L: Oxygen, SBE 43, 2 [ml/l]
# name 10 = altM: Altimeter [m]
# name 11 = flECO-AFL: Chl-a Fluorescence, WET Labs ECO-AFL/FL [mg/m^3]
# name 12 = flECO-AFL1: Phycocyanin Fluorescence, WET Labs ECO-AFL/FL, 2 [mg/m^3]
# name 13 = par: PAR/Irradiance, Biospherical/Lico [µE/(cm^2*s)]
# name 14 = turbWETntu0: Turbidity, WET Labs ECO [NTU]
# name 15 = sal00: Salinity, Practical [PSU]
# name 16 = sal11: Salinity, Practical, 2 [PSU]
# name 17 = secS-priS: Salinity, Practical, Difference, 2 - 1 [PSU]
# name 18 = sigma-t00: Density [sigma-t, Kg/m^3 ]
# name 19 = sigma-t11: Density, 2 [sigma-t, Kg/m^3 ]
# name 20 = depSM: Depth [salt water, m], lat = 56.6688
# name 21 = depFM: Depth [true depth, m], lat = 56.6688
# name 22 = dz/dtM: Descent Rate [m/s], WS = 2
# name 23 = svCM: Sound Velocity [Chen-Millero, m/s]
# name 24 = svCM1: Sound Velocity, 2 [Chen-Millero, m/s]
# name 25 = flag: flag
# span 0 =      28567,      32606       
# span 1 =      1.500,     59.000       
# span 2 =     6.8664,     9.6409       
# span 3 =     6.8666,     9.6417       
# span 4 =    -0.0826,     0.0257       
# span 5 =   2.321161,   3.667699       
# span 6 =   2.321110,   3.667697       
# span 7 =          1,          1       
# span 8 =    5.49332,    7.22300       
# span 9 =    5.47516,    7.22473       
# span 10 =       1.56,      99.36      
# span 11 =     0.1577,     3.3695      
# span 12 =     0.1799,     0.6502      
# span 13 = -3.550e-03, 1.0136e-01      
# span 14 =     0.4809,     2.3569      
# span 15 =    22.1382,    33.8671      
# span 16 =    22.1375,    33.8662      
# span 17 =    -0.1835,     0.0247      
# span 18 =    17.3208,    26.1273      
# span 19 =    17.3203,    26.1265      
# span 20 =      1.486,     58.451      
# span 21 =      1.502,     58.722      
# span 22 =     -0.022,      1.271      
# span 23 =    1462.14,    1488.12      
# span 24 =    1462.14,    1488.12      
# span 25 = 0.0000e+00, 0.0000e+00      
# interval = decibars: 0.5              
# start_time = Dec 08 2018 19:54:03 [NMEA time, first data scan]
# bad_flag = -9.990e-29
*END*
      28567      1.500     6.8700     6.8704     0.0004    2.32247    2.32241          1     7.2129     7.2112       1.99     3.0863     0.6048  1.014e-01  0.4867000    22.1511    22.1502    -0.0010    17.3306    17.3298      1.486      1.502      0.398    1462.14    1462.14  0.000e+00
      28584      2.000     6.8698     6.8704     0.0006    2.32252    2.32246          1     7.2161     7.2187       1.80     3.2711     0.5556 -3.550e-03  0.6305000    22.1516    22.1506    -0.0010    17.3310    17.3302      1.982      2.002      0.863    1462.14    1462.14  0.000e+00
      28595      2.500     6.8697     6.8702     0.0005    2.32252    2.32248          1     7.2210     7.2240       1.56     3.2639     0.5777 -6.376e-09  0.6260000    22.1515    22.1507    -0.0007    17.3309    17.3303      2.477      2.503      0.787    1462.15    1462.15  0.000e+00
      28688      3.000     6.8694     6.8698     0.0004    2.32247    2.32244          1     7.2194     7.2247       1.80     3.2504     0.6194  1.000e-12  0.7500000    22.1510    22.1504    -0.0006    17.3306    17.3301      2.972      3.004      0.459    1462.16    1462.16  0.000e+00
      28791      3.500     6.8690     6.8697     0.0006    2.32226    2.32231          1     7.2216     7.2246       1.86     3.2214     0.6023  1.000e-12  0.5445000    22.1489    22.1489    -0.0000    17.3290    17.3289      3.468      3.504      0.352    1462.16    1462.16  0.000e+00
      28844      4.000     6.8684     6.8689     0.0005    2.32201    2.32204          1     7.2182     7.2168       2.20     3.2523     0.6502  1.000e-12  0.5001000    22.1465    22.1464    -0.0001    17.3272    17.3270      3.963      4.005      0.584    1462.16    1462.17  0.000e+00
      28877      4.500     6.8682     6.8688     0.0006    2.32199    2.32199          1     7.2112     7.2124      23.89     3.2952     0.6136  1.000e-12  0.5301000    22.1462    22.1458    -0.0004    17.3270    17.3266      4.459      4.505      0.331    1462.17    1462.17  0.000e+00
      28988      5.000     6.8692     6.8696     0.0004    2.32226    2.32221          1     7.2215     7.2180      97.88     3.3269     0.5986  1.000e-12  0.4809000    22.1482    22.1474    -0.0008    17.3284    17.3278      4.954      5.006      0.195    1462.18    1462.18  0.000e+00
      29761      5.500     6.8692     6.8693     0.0001    2.32231    2.32220          1     7.2230     7.2121      97.42     3.3236     0.6011  1.000e-12  0.5266000    22.1486    22.1473    -0.0013    17.3287    17.3277      5.450      5.507      0.288    1462.19    1462.19  0.000e+00
      30222      6.000     6.8664     6.8666     0.0001    2.32116    2.32111          1     7.2209     7.2126      98.67     3.1174     0.6407  1.000e-12  0.4884000    22.1382    22.1375    -0.0006    17.3208    17.3203      5.945      6.007      0.423    1462.18    1462.18  0.000e+00
      30252      6.500     6.8666     6.8669     0.0002    2.32127    2.32123          1     7.2192     7.2173      98.67     3.1407     0.5995  1.000e-12  0.5047000    22.1391    22.1384    -0.0006    17.3215    17.3210      6.440      6.508      0.460    1462.19    1462.19  0.000e+00
      30276      7.000     6.8664     6.8668     0.0004    2.32120    2.32120          1     7.2180     7.2204      98.67     3.1566     0.6130  1.000e-12  0.5524000    22.1383    22.1381    -0.0003    17.3210    17.3207      6.936      7.008      0.560    1462.19    1462.19  0.000e+00
      30296      7.500     6.8679     6.8681     0.0002    2.32187    2.32178          1     7.2208     7.2189      98.67     3.2619     0.6118  1.000e-12  0.5285000    22.1442    22.1431    -0.0010    17.3254    17.3246      7.431      7.509      0.609    1462.21    1462.21  0.000e+00
      30316      8.000     6.8684     6.8687     0.0003    2.32205    2.32201          1     7.2200     7.2186      98.68     3.3350     0.5974  1.000e-12  0.5686000    22.1455    22.1449    -0.0006    17.3264    17.3259      7.927      8.010      0.552    1462.23    1462.23  0.000e+00
      30340      8.500     6.8686     6.8689     0.0003    2.32211    2.32205          1     7.2133     7.2155      98.68     3.3695     0.5825  1.000e-12  0.5753000    22.1459    22.1450    -0.0008    17.3267    17.3260      8.422      8.510      0.458    1462.24    1462.24  0.000e+00
      30367      9.000     6.8684     6.8688     0.0004    2.32199    2.32202          1     7.2169     7.2106      98.68     3.3575     0.6093  1.000e-12  0.5498000    22.1445    22.1446     0.0001    17.3256    17.3256      8.917      9.011      0.523    1462.24    1462.24  0.000e+00
      30387      9.500     6.8677     6.8679     0.0002    2.32172    2.32161          1     7.2205     7.2148      98.68     3.3232     0.6209  1.000e-12  0.5438000    22.1421    22.1408    -0.0013    17.3238    17.3227      9.413      9.511      0.648    1462.24    1462.24  0.000e+00
      30404     10.000     6.8673     6.8677     0.0003    2.32156    2.32154          1     7.2195     7.2164      98.67     3.2917     0.5870  1.000e-12  0.5483000    22.1404    22.1399    -0.0005    17.3225    17.3221      9.908     10.012      0.660    1462.25    1462.25  0.000e+00
      30423     10.500     6.8679     6.8683     0.0003    2.32182    2.32183          1     7.2212     7.2130      39.43     3.3031     0.5894  1.000e-12  0.6055000    22.1426    22.1424    -0.0002    17.3241    17.3240     10.404     10.512      0.576    1462.26    1462.26  0.000e+00
      30447     11.000     6.8684     6.8683    -0.0000    2.32198    2.32184          1     7.2013     7.2026      13.32     3.2749     0.6149  1.000e-12  0.5979000    22.1438    22.1423    -0.0014    17.3250    17.3239     10.899     11.013      0.506    1462.27    1462.27  0.000e+00
      30470     11.500     6.8701     6.8692    -0.0009    2.32287    2.32228          1     7.1886     7.2018      92.60     3.3175     0.6052  1.000e-12  0.5774000    22.1518    22.1462    -0.0056    17.3312    17.3268     11.394     11.514      0.594    1462.30    1462.29  0.000e+00
      30488     12.000     6.8731     6.8709    -0.0022    2.32420    2.32312          1     7.1940     7.1945      98.64     3.2928     0.5739  1.000e-12  0.5658000    22.1635    22.1537    -0.0098    17.3400    17.3326     11.890     12.014      0.663    1462.33    1462.31  0.000e+00
      30506     12.500     6.8937     6.8890    -0.0048    2.33511    2.33282          1     7.1811     7.1710      98.67     3.2373     0.5591  1.000e-12  0.5622000    22.2640    22.2432    -0.0208    17.4168    17.4009     12.385     12.515      0.594    1462.55    1462.50  0.000e+00
      30531     13.000     6.9385     6.9296    -0.0089    2.35880    2.35349          1     7.1585     7.1468      98.68     3.1821     0.5701  1.000e-12  0.6097000    22.4821    22.4325    -0.0496    17.5832    17.5452     12.881     13.015      0.393    1463.01    1462.91  0.000e+00
      30568     13.500     6.9768     6.9761    -0.0007    2.39162    2.38736          1     7.0654     7.0505      98.67     3.1913     0.5044  1.000e-12  0.5844000    22.7997    22.7556    -0.0441    17.8284    17.7938     13.376     13.516      0.404    1463.56    1463.51  0.000e+00
      30590     14.000     6.8994     6.9098     0.0104    2.42984    2.42805          1     7.0655     7.0572      98.67     2.9470     0.4961  1.000e-12  0.5671000    23.2515    23.2258    -0.0257    18.1915    18.1701     13.871     14.016      0.662    1463.83    1463.84  0.000e+00
      30606     14.500     6.8690     6.8680    -0.0010    2.45473    2.45354          1     7.0534     7.0487      98.68     2.6895     0.4796  1.000e-12  0.6134000    23.5334    23.5215    -0.0119    18.4162    18.4069     14.367     14.516      0.784    1464.06    1464.05  0.000e+00
      30621     15.000     6.9021     6.8993    -0.0030    2.47703    2.47585          1     6.9662     6.9777      98.68     2.1946     0.4266  1.000e-12  0.5822000    23.7450    23.7344    -0.0106    18.5787    18.5707     14.862     15.016      0.808    1464.47    1464.44  0.000e+00
      30635     15.500     7.0136     7.0079    -0.0054    2.52164    2.52014          1     6.8332     6.8274      98.68     2.0103     0.4318  1.000e-12  0.5722000    24.1363    24.1244    -0.0119    18.8736    18.8649     15.357     15.516      0.740    1465.41    1465.37  0.000e+00
      30654     16.000     7.0807     7.0726    -0.0081    2.54630    2.54317          1     6.7909     6.7612      98.68     1.8948     0.4421  1.000e-12  0.6006000    24.3479    24.3208    -0.0272    19.0321    19.0117     15.853     16.016      0.603    1465.95    1465.88  0.000e+00
      30677     16.500     7.2763     7.2451    -0.0313    2.60764    2.59983          1     6.7734     6.7225      98.67     1.8699     0.4514  1.000e-12  0.6018000    24.8517    24.7923    -0.0594    19.4048    19.3618     16.348     16.516      0.503    1467.36    1467.16  0.000e+00
      30701     17.000     7.8789     7.7961    -0.0826    2.80967    2.78605          1     6.5645     6.4980      79.18     1.8569     0.3837  1.000e-12  0.6017000    26.5123    26.3287    -0.1835    20.6319    20.4986     16.844     17.015      0.468    1471.78    1471.23  0.000e+00
      30732     17.500     8.4129     8.3880    -0.0250    3.02960    3.01961          1     6.1926     6.1319      88.91     1.3871     0.3774  1.000e-12  0.6266000    28.3766    28.2929    -0.0837    22.0204    21.9583     17.339     17.513      0.336    1476.14    1475.94  0.000e+00
      30769     18.000     8.6449     8.6380    -0.0069    3.12690    3.12484          1     6.0312     5.9951      99.36     0.7822     0.3132  1.000e-12  0.5451000    29.1946    29.1791    -0.0155    22.6281    22.6169     17.834     18.012      0.448    1478.04    1477.99  0.000e+00
      30789     18.500     8.7242     8.7204    -0.0036    3.16141    3.16053          1     5.9669     5.9192      78.13     0.7703     0.3275  1.000e-12  0.5488000    29.4841    29.4783    -0.0058    22.8429    22.8389     18.330     18.510      0.751    1478.70    1478.68  0.000e+00
      30803     19.000     9.0426     9.0429     0.0001    3.32656    3.32848          1     5.8676     5.8086      50.87     0.7605     0.3432  1.000e-12  0.6022000    30.9164    30.9359     0.0195    23.9158    23.9310     18.825     19.007      0.940    1481.66    1481.68  0.000e+00
      30815     19.500     9.0764     9.0782     0.0017    3.39129    3.39204          1     5.7896     5.7339      98.91     0.7599     0.3242  1.000e-12  0.6012000    31.5537    31.5599     0.0062    24.4089    24.4135     19.321     19.504      1.012    1482.57    1482.59  0.000e+00
      30826     20.000     9.0738     9.0727    -0.0010    3.42773    3.42703          1     5.7257     5.6798      98.68     0.3807     0.2537  1.000e-12  0.6767000    31.9323    31.9260    -0.0063    24.7054    24.7006     19.816     20.001      0.968    1483.03    1483.02  0.000e+00
      30839     20.500     9.1056     9.1035    -0.0021    3.46023    3.45969          1     5.6857     5.6442      52.26     0.3334     0.2494  1.000e-12  0.6911000    32.2395    32.2358    -0.0037    24.9408    24.9382     20.311     20.498      0.781    1483.54    1483.52  0.000e+00
      30862     21.000     9.1555     9.1568     0.0013    3.48010    3.47998          1     5.6703     5.6466      42.47     0.2041     0.2267  1.000e-12  0.7701000    32.3994    32.3970    -0.0024    25.0580    25.0560     20.807     20.995      0.394    1483.93    1483.93  0.000e+00
      30918     21.500     9.1535     9.1571     0.0035    3.48858    3.48905          1     5.6585     5.6511      41.69     0.3341     0.2058  1.000e-12  0.5810000    32.4887    32.4904     0.0016    25.1282    25.1289     21.302     21.492      0.330    1484.04    1484.05  0.000e+00
      30943     22.000     9.1633     9.1643     0.0009    3.49392    3.49357          1     5.6299     5.6197      41.32     0.1577     0.2310  1.000e-12  0.6738000    32.5347    32.5303    -0.0044    25.1626    25.1590     21.797     21.989      0.703    1484.14    1484.14  0.000e+00
      30957     22.500     9.1615     9.1616     0.0001    3.50261    3.50079          1     5.6185     5.6033      41.00     0.2251     0.2516  1.000e-12  0.7386000    32.6261    32.6072    -0.0189    25.2344    25.2196     22.293     22.486      0.926    1484.25    1484.23  0.000e+00
      30969     23.000     9.1736     9.1774     0.0033    3.52622    3.52515          1     5.6274     5.5910      40.65     0.2226     0.2496  1.000e-12  0.7387000    32.8592    32.8447    -0.0145    25.4148    25.4028     22.788     22.982      1.022    1484.59    1484.58  0.000e+00
      30980     23.500     9.1918     9.1861    -0.0054    3.54674    3.54532          1     5.6208     5.5909      40.26     0.1759     0.2299  1.000e-12  0.8188000    33.0546    33.0452    -0.0094    25.5647    25.5583     23.284     23.479      1.011    1484.90    1484.87  0.000e+00
      30992     24.000     9.2266     9.2206    -0.0063    3.55615    3.55501          1     5.6091     5.6049      39.82     0.1748     0.2253  1.000e-12  0.8246000    33.1195    33.1133    -0.0062    25.6100    25.6061     23.779     23.975      0.895    1485.12    1485.09  0.000e+00
      31008     24.500     9.3579     9.3372    -0.0205    3.58099    3.57720          1     5.5804     5.5464      39.33     0.1767     0.2732  1.000e-12  0.9450000    33.2540    33.2341    -0.0198    25.6942    25.6820     24.274     24.472      0.671    1485.77    1485.67  0.000e+00
      31033     25.000     9.4433     9.4696     0.0257    3.59944    3.60420          1     5.5574     5.5137      38.52     0.1746     0.2431  1.000e-12  1.0054000    33.3647    33.3894     0.0247    25.7669    25.7820     24.770     24.968      0.307    1486.23    1486.36  0.000e+00
      31099     25.500     9.4953     9.4921    -0.0032    3.60781    3.60677          1     5.5510     5.5291      37.71     0.1772     0.2477  1.000e-12  0.7185000    33.4024    33.3946    -0.0078    25.7879    25.7824     25.265     25.465      0.464    1486.47    1486.45  0.000e+00
      31113     26.000     9.5011     9.5021     0.0010    3.60920    3.60906          1     5.5551     5.5229      37.38     0.1870     0.2365  1.000e-12  0.8585000    33.4110    33.4086    -0.0024    25.7938    25.7917     25.760     25.961      0.905    1486.51    1486.52  0.000e+00
      31124     26.500     9.4984     9.4990     0.0007    3.60903    3.60888          1     5.5568     5.5314      37.04     0.1870     0.2364  1.000e-12  0.9117000    33.4115    33.4094    -0.0022    25.7946    25.7928     26.256     26.458      1.113    1486.51    1486.51  0.000e+00
      31134     27.000     9.4965     9.4967     0.0003    3.60895    3.60875          1     5.5628     5.5423      36.64     0.1870     0.2460  1.000e-12  1.1498000    33.4123    33.4100    -0.0022    25.7955    25.7937     26.751     26.954      1.198    1486.51    1486.51  0.000e+00
      31143     27.500     9.4950     9.4944    -0.0005    3.60889    3.60869          1     5.5634     5.5514      36.16     0.1870     0.2510  1.000e-12  1.1524000    33.4128    33.4113    -0.0015    25.7962    25.7950     27.246     27.451      1.159    1486.52    1486.51  0.000e+00
      31154     28.000     9.4957     9.4953    -0.0003    3.60932    3.60907          1     5.5549     5.5461      35.64     0.1870     0.2440  1.000e-12  1.1524000    33.4164    33.4141    -0.0023    25.7989    25.7971     27.742     27.947      0.984    1486.53    1486.53  0.000e+00
      31170     28.500     9.4979     9.4990     0.0012    3.60955    3.60938          1     5.5502     5.5271      34.93     0.1915     0.2130  1.000e-12  1.1482000    33.4165    33.4137    -0.0028    25.7985    25.7962     28.237     28.444      0.553    1486.55    1486.55  0.000e+00
