ctdpy/exports/archive_20191120_135557/received_data/SBE09_0827_20180123_1409_26_01_0181.cnv
* Sea-Bird SBE 9 Data File:
* FileName = D:\CTD_SBE911\DAT\26DA.2018.1.81.hex
* Software Version Seasave V 7.21d
* Temperature SN = 034757
* Conductivity SN = 041844
* Number of Bytes Per Scan = 48
* Number of Voltage Words = 5
* Number of Scans Averaged by the Deck Unit = 1
* NMEA Latitude = 58 18.19 N
* NMEA Longitude = 010 57.45 E
* NMEA UTC (Time) = Jan 23 2018  14:09:06
* NMEA baud rate = 4800
** Ship: DANA
** Average sound velocity: 1478.48 m/s
** True-depth calculation Thu, 28 Mar 2019 08:27:49 +0000
** CTD Python Module SMHI /ver 3-12/ feb 2012 
** LIMS Job: 20182601-0181
** 7W Håll
** Operator: Ronny Sørensen
** Cruise: 01/2018
# nquan = 26
# nvalues = 214                         
# units = specified
# name 0 = scan: Scan Count
# name 1 = prDM: Pressure, Digiquartz [db]
# name 2 = t090C: Temperature [ITS-90, deg C]
# name 3 = t190C: Temperature, 2 [ITS-90, deg C]
# name 4 = T2-T190C: Temperature Difference, 2 - 1 [ITS-90, deg C]
# name 5 = c0S/m: Conductivity [S/m]
# name 6 = c1S/m: Conductivity, 2 [S/m]
# name 7 = pumps: Pump Status
# name 8 = sbeox1ML/L: Oxygen, SBE 43, 2 [ml/l]
# name 9 = sbeox0ML/L: Oxygen, SBE 43 [ml/l]
# name 10 = altM: Altimeter [m]
# name 11 = chloroflTC0: Chlorophyll, Turner Cyclops [ug/l]
# name 12 = cpar: CPAR/Corrected Irradiance [%]
# name 13 = par: PAR/Irradiance, Biospherical/Lico [µE/(cm^2*s)]
# name 14 = spar: SPAR, Biospherical/Licor
# name 15 = sal00: Salinity, Practical [PSU]
# name 16 = sal11: Salinity, Practical, 2 [PSU]
# name 17 = secS-priS: Salinity, Practical, Difference, 2 - 1 [PSU]
# name 18 = sigma-t00: Density [sigma-t, kg/m^3 ]
# name 19 = sigma-t11: Density, 2 [sigma-t, kg/m^3 ]
# name 20 = depSM: Depth [salt water, m], lat = 58.3032
# name 21 = depFM: Depth [true depth, m], lat = 58.3032
# name 22 = dz/dtM: Descent Rate [m/s], WS = 2
# name 23 = svCM: Sound Velocity [Chen-Millero, m/s]
# name 24 = svCM1: Sound Velocity, 2 [Chen-Millero, m/s]
# name 25 = flag: flag
# span 0 =        164,      12005       
# span 1 =      2.500,    109.000       
# span 2 =     6.1120,     8.4475       
# span 3 =     6.1117,     8.4536       
# span 4 =    -0.0186,     0.0436       
# span 5 =   3.328675,   3.653203       
# span 6 =   3.328332,   3.652578       
# span 7 =          1,          1       
# span 8 =     5.5366,     6.2479       
# span 9 =     2.9403,     9.2543       
# span 10 =       1.20,      10.00      
# span 11 =     0.0207,     0.7810      
# span 12 = 2.7319e-12, 9.5916e+04      
# span 13 = 1.0000e-12, 2.0909e+00      
# span 14 = 4.0914e-01, 3.6602e+01      
# span 15 =    33.6674,    34.8473      
# span 16 =    33.6650,    34.8525      
# span 17 =    -0.2285,     0.0247      
# span 18 =    26.4854,    27.1196      
# span 19 =    26.4837,    27.1221      
# span 20 =      2.477,    107.959      
# span 21 =      2.481,    108.124      
# span 22 =     -0.162,      0.908      
# span 23 =    1473.55,    1485.66      
# span 24 =    1473.55,    1485.64      
# span 25 = 0.0000e+00, 0.0000e+00      
# interval = decibars: 0.5              
# start_time = Jan 23 2018 14:09:06 [NMEA time, first data scan]
# bad_flag = -9.990e-29
*END*
[from data line 168]
       9096     86.500     7.6607     7.6614     0.0007    3.55832    3.55829          1     5.7841     5.8337       9.95     0.0391  4.098e-12  1.000e-12  2.440e+01    34.6183    34.6172    -0.0011    27.0242    27.0232     85.678     85.811      0.307    1482.14    1482.14  0.000e+00
       9128     87.000     7.6773     7.6794     0.0021    3.56056    3.55987          1     5.7513     5.8174       9.95     0.0391  4.404e-12  1.000e-12  2.273e+01    34.6257    34.6162    -0.0095    27.0275    27.0198     86.173     86.307      0.380    1482.22    1482.21  0.000e+00
       9185     87.500     7.7307     7.7380     0.0074    3.56721    3.56684          1     5.7046     5.7989       9.95     0.0389  4.476e-12  1.000e-12  2.234e+01    34.6442    34.6330    -0.0112    27.0343    27.0244     86.669     86.803      0.248    1482.45    1482.46  0.000e+00
       9234     88.000     7.7527     7.7605     0.0078    3.56975    3.57013          1     5.7214     5.7926       9.95     0.0388  4.476e-12  1.000e-12  2.234e+01    34.6496    34.6459    -0.0037    27.0353    27.0312     87.164     87.298      0.420    1482.55    1482.57  0.000e+00
       9262     88.500     7.7630     7.7686     0.0055    3.57133    3.57156          1     5.7377     5.7843       9.95     0.0384  4.476e-12  1.000e-12  2.234e+01    34.6561    34.6531    -0.0030    27.0389    27.0357     87.659     87.794      0.369    1482.60    1482.62  0.000e+00
       9329     89.000     7.7733     7.7738     0.0004    3.57269    3.57257          1     5.7373     5.7750       9.95     0.0380  4.476e-12  1.000e-12  2.234e+01    34.6603    34.6585    -0.0017    27.0407    27.0392     88.154     88.290      0.230    1482.66    1482.66  0.000e+00
       9394     89.500     7.7808     7.7834     0.0027    3.57369    3.57360          1     5.7222     5.7799       9.95     0.0384  4.476e-12  1.000e-12  2.234e+01    34.6635    34.6598    -0.0036    27.0421    27.0388     88.649     88.786      0.231    1482.70    1482.70  0.000e+00
       9445     90.000     7.8111     7.8148     0.0039    3.57747    3.57642          1     5.7277     5.7636       9.95     0.0390  4.476e-12  1.000e-12  2.234e+01    34.6739    34.6588    -0.0151    27.0458    27.0333     89.144     89.282      0.423    1482.83    1482.83  0.000e+00
       9469     90.500     7.8500     7.8552     0.0050    3.58224    3.58139          1     5.7256     5.7452       9.95     0.0390  4.532e-12  1.000e-12  2.209e+01    34.6864    34.6721    -0.0143    27.0499    27.0378     89.639     89.778      0.482    1483.01    1483.01  0.000e+00
       9498     91.000     7.8517     7.8516    -0.0001    3.58218    3.58195          1     5.7108     5.7440       9.95     0.0381  4.480e-12  1.000e-12  2.232e+01    34.6839    34.6814    -0.0025    27.0476    27.0457     90.135     90.274      0.328    1483.02    1483.01  0.000e+00
       9553     91.500     7.8438     7.8418    -0.0020    3.58140    3.58127          1     5.7096     5.7525       9.95     0.0385  4.476e-12  1.000e-12  2.234e+01    34.6829    34.6835     0.0005    27.0481    27.0488     90.630     90.769      0.187    1482.99    1482.99  0.000e+00
       9609     92.000     7.8383     7.8382    -0.0001    3.58085    3.58079          1     5.7271     5.7655       9.95     0.0378  4.476e-12  1.000e-12  2.234e+01    34.6823    34.6817    -0.0005    27.0484    27.0480     91.125     91.265      0.319    1482.98    1482.98  0.000e+00
       9644     92.500     7.8383     7.8376    -0.0006    3.58080    3.58082          1     5.6809     5.7576       9.95     0.0386  4.476e-12  1.000e-12  2.234e+01    34.6815    34.6824     0.0009    27.0478    27.0486     91.620     91.761      0.268    1482.99    1482.99  0.000e+00
       9712     93.000     7.8359     7.8351    -0.0007    3.58057    3.58058          1     5.6938     5.7582       9.95     0.0423  4.476e-12  1.000e-12  2.234e+01    34.6812    34.6820     0.0008    27.0479    27.0486     92.115     92.257      0.271    1482.99    1482.99  0.000e+00
       9746     93.500     7.8362     7.8360    -0.0002    3.58067    3.58073          1     5.6804     5.7630       9.95     0.0425  4.476e-12  1.000e-12  2.234e+01    34.6817    34.6826     0.0009    27.0482    27.0489     92.610     92.753      0.351    1483.00    1483.00  0.000e+00
       9782     94.000     7.8413     7.8438     0.0024    3.58178    3.58140          1     5.6636     5.7494       9.95     0.0428  4.476e-12  1.000e-12  2.234e+01    34.6883    34.6818    -0.0065    27.0527    27.0472     93.105     93.249      0.351    1483.03    1483.04  0.000e+00
       9812     94.500     7.8771     7.8841     0.0070    3.58596    3.58566          1     5.6598     5.7315       9.95     0.0430  4.476e-12  1.000e-12  2.234e+01    34.6975    34.6873    -0.0102    27.0546    27.0455     93.601     93.745      0.461    1483.19    1483.20  0.000e+00
       9836     95.000     7.8892     7.8924     0.0032    3.58733    3.58719          1     5.6862     5.7311       9.95     0.0427  4.476e-12  1.000e-12  2.234e+01    34.7001    34.6954    -0.0047    27.0548    27.0507     94.096     94.240      0.490    1483.24    1483.25  0.000e+00
       9864     95.500     7.8963     7.8990     0.0026    3.58818    3.58816          1     5.6895     5.7293       9.95     0.0420  4.476e-12  1.000e-12  2.234e+01    34.7018    34.6990    -0.0029    27.0551    27.0525     94.591     94.736      0.344    1483.28    1483.29  0.000e+00
       9940     96.000     7.8948     7.8936    -0.0013    3.58797    3.58795          1     5.6598     5.7225       9.95     0.0415  4.163e-12  1.000e-12  2.405e+01    34.7008    34.7019     0.0010    27.0546    27.0556     95.086     95.232      0.309    1483.28    1483.28  0.000e+00
       9971     96.500     7.8908     7.8904    -0.0005    3.58754    3.58770          1     5.6810     5.7298       9.95     0.0423  4.103e-12  1.000e-12  2.437e+01    34.7000    34.7021     0.0021    27.0545    27.0562     95.581     95.728      0.472    1483.28    1483.28  0.000e+00
       9996     97.000     7.9056     7.9165     0.0110    3.58977    3.58947          1     5.6768     5.7218       9.95     0.0433  4.130e-12  1.000e-12  2.423e+01    34.7090    34.6950    -0.0140    27.0594    27.0468     96.076     96.224      0.430    1483.35    1483.37  0.000e+00
      10030     97.500     7.9382     7.9425     0.0042    3.59325    3.59349          1     5.6405     5.7033       9.95     0.0418  4.101e-12  1.000e-12  2.438e+01    34.7138    34.7121    -0.0017    27.0583    27.0563     96.571     96.720      0.252    1483.49    1483.50  0.000e+00
      10114     98.000     7.9590     7.9605     0.0017    3.59566    3.59548          1     5.6124     5.6965       9.95     0.0415  4.103e-12  1.000e-12  2.437e+01    34.7188    34.7153    -0.0035    27.0591    27.0562     97.066     97.216      0.351    1483.58    1483.58  0.000e+00
      10137     98.500     8.0279     8.0511     0.0229    3.60462    3.60298          1     5.6482     5.6960       9.95     0.0419  4.103e-12  1.000e-12  2.437e+01    34.7464    34.7057    -0.0407    27.0705    27.0350     97.562     97.711      0.611    1483.88    1483.92  0.000e+00
      10155     99.000     8.0882     8.1090     0.0208    3.61193    3.60950          1     5.6610     5.6752       9.89     0.0415  4.103e-12  1.000e-12  2.437e+01    34.7647    34.7180    -0.0467    27.0758    27.0359     98.057     98.207      0.647    1484.14    1484.16  0.000e+00
      10175     99.500     8.1855     8.2028     0.0172    3.62230    3.62112          1     5.6491     5.6490       9.36     0.0405  4.103e-12  1.000e-12  2.437e+01    34.7788    34.7491    -0.0297    27.0722    27.0462     98.552     98.703      0.472    1484.53    1484.56  0.000e+00
      10257    100.000     8.2262     8.2285     0.0024    3.62686    3.62602          1     5.5843     5.6367       8.86     0.0392  4.103e-12  1.000e-12  2.437e+01    34.7870    34.7758    -0.0112    27.0724    27.0633     99.047     99.199      0.328    1484.71    1484.70  0.000e+00
      10290    100.500     8.2331     8.2362     0.0031    3.62800    3.62691          1     5.6113     5.6350       8.52     0.0396  4.103e-12  1.000e-12  2.437e+01    34.7920    34.7774    -0.0147    27.0753    27.0633     99.542     99.695      0.602    1484.75    1484.74  0.000e+00
      10309    101.000     8.2873     8.2929     0.0055    3.63444    3.63243          1     5.6181     5.6302       8.11     0.0396  4.103e-12  1.000e-12  2.437e+01    34.8069    34.7799    -0.0270    27.0787    27.0567    100.037    100.191      0.529    1484.98    1484.96  0.000e+00
      10369    101.500     8.3053     8.3103     0.0051    3.63616    3.63559          1     5.5446     5.6216       7.44     0.0385  4.096e-12  1.000e-12  2.442e+01    34.8071    34.7962    -0.0110    27.0761    27.0667    100.532    100.686      0.346    1485.05    1485.06  0.000e+00
      10411    102.000     8.3847     8.4101     0.0251    3.64687    3.64357          1     5.5550     5.6050       7.06     0.0383  4.098e-12  1.000e-12  2.440e+01    34.8423    34.7822    -0.0601    27.0915    27.0404    101.027    101.182      0.605    1485.40    1485.42  0.000e+00
      10430    102.500     8.4369     8.4536     0.0167    3.65221    3.65161          1     5.5512     5.5954       6.55     0.0377  4.041e-12  1.000e-12  2.477e+01    34.8473    34.8243    -0.0230    27.0874    27.0668    101.522    101.678      0.492    1485.61    1485.64  0.000e+00
      10503    103.000     8.4475     8.4406    -0.0069    3.65320    3.65258          1     5.5366     5.6112       5.97     0.0364  3.810e-12  1.000e-12  2.626e+01    34.8470    34.8472     0.0002    27.0855    27.0867    102.017    102.174      0.340    1485.66    1485.63  0.000e+00
      10534    103.500     8.4143     8.4056    -0.0088    3.64944    3.64984          1     5.5487     5.6285       5.60     0.0363  3.787e-12  1.000e-12  2.640e+01    34.8396    34.8525     0.0129    27.0848    27.0963    102.513    102.670      0.637    1485.53    1485.52  0.000e+00
      10552    104.000     8.3766     8.3661    -0.0105    3.64560    3.64576          1     5.5475     5.6485       5.10     0.0365  3.788e-12  1.000e-12  2.640e+01    34.8359    34.8480     0.0121    27.0878    27.0989    103.008    103.166      0.572    1485.40    1485.37  0.000e+00
      10610    104.500     8.3463     8.3413    -0.0050    3.64249    3.64245          1     5.5850     5.6593       4.54     0.0364  3.788e-12  1.000e-12  2.640e+01    34.8325    34.8371     0.0046    27.0897    27.0941    103.503    103.661      0.386    1485.29    1485.27  0.000e+00
      10667    105.000     8.3370     8.3345    -0.0026    3.64151    3.64170          1     5.6210     5.6502       4.13     0.0357  3.788e-12  1.000e-12  2.640e+01    34.8311    34.8356     0.0045    27.0901    27.0940    103.998    104.157      0.681    1485.26    1485.25  0.000e+00
      10682    105.500     8.3120     8.2934    -0.0186    3.63849    3.63908          1     5.5999     5.6548       3.69     0.0355  3.788e-12  1.000e-12  2.640e+01    34.8234    34.8481     0.0247    27.0878    27.1101    104.493    104.653      0.701    1485.16    1485.12  0.000e+00
      10709    106.000     8.2721     8.2567    -0.0153    3.63460    3.63476          1     5.5855     5.6822       3.09     0.0354  3.454e+03  1.000e-12  2.549e+01    34.8213    34.8381     0.0168    27.0923    27.1079    104.988    105.149      0.432    1485.02    1484.98  0.000e+00
      10932    106.500     8.2585     8.2480    -0.0105    3.63335    3.63362          1     5.6202     5.6863       2.70     0.0364  9.110e+04  1.000e-12  1.663e+00    34.8212    34.8345     0.0133    27.0943    27.1063    105.483    105.645      0.365    1484.98    1484.95  0.000e+00
      11073    107.000     8.1962     8.1790    -0.0172    3.62679    3.62712          1     5.6457     5.7097       2.83     0.0360  9.592e+04  1.000e-12  4.091e-01    34.8126    34.8333     0.0206    27.0971    27.1159    105.978    106.141      0.479    1484.74    1484.70  0.000e+00
      11300    107.500     8.1558     8.1510    -0.0048    3.62322    3.62352          1     5.6653     5.7269       1.74     0.0350  4.451e+04  1.000e-12  1.309e+01    34.8142    34.8223     0.0081    27.1045    27.1115    106.473    106.636      0.321    1484.60    1484.59  0.000e+00
      11489    108.000     8.1490     8.1487    -0.0003    3.62347    3.62347          1     5.6642     5.7124       1.20     0.0350  1.058e+03  1.000e-12  2.786e+01    34.8234    34.8238     0.0003    27.1127    27.1130    106.968    107.132      0.291    1484.59    1484.59  0.000e+00
      11711    108.500     8.1579     8.1594     0.0015    3.62530    3.62575          1     5.6145     5.6487       3.08     0.0386  1.067e-07  1.000e-12  2.834e+01    34.8339    34.8373     0.0034    27.1196    27.1221    107.464    107.628      0.268    1484.65    1484.66  0.000e+00
      12005    109.000     8.1595     8.1584    -0.0010    3.62449    3.60302          1     5.5389     5.6251       4.37     0.7810  3.755e-12  1.000e-12  2.664e+01    34.8235    34.5950    -0.2285    27.1112    26.9319    107.959    108.124     -0.162    1484.65    1484.36  0.000e+00
