ctdpy/exports/archive_20191120_135557/received_data/SBE09_1044_20180924_0947_34_01_0049.cnv
* Sea-Bird SBE 9 Data File:
* FileName = C:\ctd\temp\2018\AR18D049.hex
* Software Version Seasave V 7.26.6.26
* Temperature SN = 5351
* Conductivity SN = 3941
* Number of Bytes Per Scan = 41
* Number of Voltage Words = 4
* Number of Scans Averaged by the Deck Unit = 1
* NMEA Latitude = 58 15.59 N
* NMEA Longitude = 011 26.07 E
* NMEA UTC (Time) = Sep 24 2018  09:47:32
* NMEA baud rate = 4800
** Station:  Slägg
** Operator:  MHan
** Ship: ARANDA
** Average sound velocity: 1499.92 m/s
** True-depth calculation Mon, 24 Sep 2018 10:48:33 +0000
** CTD Python Module SMHI /ver 3-12/ feb 2012 
** LIMS Job: 20183401-0049
** Cruise: SMHI-02-2018
** Latitude [GG MM.mm N] :
** Longitude [GG MM.mm E]:
# nquan = 26
# nvalues = 127                         
# units = specified
# name 0 = scan: Scan Count
# name 1 = prDM: Pressure, Digiquartz [db]
# name 2 = t090C: Temperature [ITS-90, deg C]
# name 3 = t190C: Temperature, 2 [ITS-90, deg C]
# name 4 = T2-T190C: Temperature Difference, 2 - 1 [ITS-90, deg C]
# name 5 = c0S/m: Conductivity [S/m]
# name 6 = c1S/m: Conductivity, 2 [S/m]
# name 7 = pumps: Pump Status
# name 8 = sbeox0ML/L: Oxygen, SBE 43 [ml/l]
# name 9 = sbeox1ML/L: Oxygen, SBE 43, 2 [ml/l]
# name 10 = altM: Altimeter [m]
# name 11 = flECO-AFL: Chl-a Fluorescence, WET Labs ECO-AFL/FL [mg/m^3]
# name 12 = flECO-AFL1: Phycocyanin Fluorescence, WET Labs ECO-AFL/FL, 2 [mg/m^3]
# name 13 = par: PAR/Irradiance, Biospherical/Lico [µE/(cm^2*s)]
# name 14 = turbWETntu0: Turbidity, WET Labs ECO [NTU]
# name 15 = sal00: Salinity, Practical [PSU]
# name 16 = sal11: Salinity, Practical, 2 [PSU]
# name 17 = secS-priS: Salinity, Practical, Difference, 2 - 1 [PSU]
# name 18 = sigma-t00: Density [sigma-t, Kg/m^3 ]
# name 19 = sigma-t11: Density, 2 [sigma-t, Kg/m^3 ]
# name 20 = depSM: Depth [salt water, m], lat = 58.2598
# name 21 = depFM: Depth [true depth, m], lat = 58.2598
# name 22 = dz/dtM: Descent Rate [m/s], WS = 2
# name 23 = svCM: Sound Velocity [Chen-Millero, m/s]
# name 24 = svCM1: Sound Velocity, 2 [Chen-Millero, m/s]
# name 25 = flag: flag
# span 0 =      35322,      38234       
# span 1 =      1.000,     64.000       
# span 2 =     8.1056,    16.0033       
# span 3 =     8.1109,    16.0016       
# span 4 =    -0.0286,     0.0476       
# span 5 =   3.134863,   4.077890       
# span 6 =   3.135456,   4.077307       
# span 7 =          1,          1       
# span 8 =    3.80632,    6.07962       
# span 9 =    3.13180,    4.66279       
# span 10 =       3.33,      64.04      
# span 11 =     0.2725,     3.3250      
# span 12 =     0.1920,     0.6172      
# span 13 = 1.0000e-12, 9.2390e+02      
# span 14 =     0.4296,     4.6866      
# span 15 =    24.3762,    33.6339      
# span 16 =    24.3817,    33.6326      
# span 17 =    -0.0903,     0.0509      
# span 18 =    17.6974,    26.1847      
# span 19 =    17.7017,    26.1836      
# span 20 =      0.991,     63.396      
# span 21 =      1.001,     63.694      
# span 22 =     -0.176,      0.627      
# span 23 =    1482.21,    1506.24      
# span 24 =    1482.23,    1506.23      
# span 25 = 0.0000e+00, 0.0000e+00      
# interval = decibars: 0.5              
# start_time = Sep 24 2018 09:47:32 [NMEA time, first data scan]
# bad_flag = -9.990e-29
*END*
[from data line 56]
      36563     29.000    15.5706    15.5755     0.0048    4.07101    4.07145          1     5.2331     4.4039      37.51     0.6075     0.3027  1.786e-05  1.8496000    32.5073    32.5072    -0.0001    23.9266    23.9254     28.729     28.907      0.575    1506.06    1506.07  0.000e+00
      36584     29.500    15.5702    15.5718     0.0017    4.07107    4.07123          1     5.2229     4.3827      37.20     0.6067     0.2811  1.007e-12  1.8834000    32.5080    32.5081     0.0001    23.9272    23.9269     29.224     29.405      0.554    1506.06    1506.07  0.000e+00
      36606     30.000    15.5584    15.5593     0.0009    4.07001    4.07017          1     5.2186     4.3811      36.73     0.6213     0.2938  1.000e-12  1.7901000    32.5082    32.5087     0.0005    23.9299    23.9301     29.719     29.902      0.544    1506.03    1506.04  0.000e+00
      36628     30.500    15.5570    15.5577     0.0008    4.07002    4.07007          1     5.2203     4.3873      36.18     0.5696     0.2596  1.000e-12  1.9023000    32.5091    32.5090    -0.0001    23.9310    23.9307     30.214     30.400      0.544    1506.04    1506.04  0.000e+00
      36650     31.000    15.5562    15.5599     0.0038    4.07018    4.07066          1     5.2191     4.3788      35.43     0.5953     0.3049  1.000e-12  1.8682000    32.5111    32.5122     0.0011    23.9327    23.9327     30.710     30.897      0.562    1506.05    1506.06  0.000e+00
      36671     31.500    15.5623    15.5658     0.0035    4.07140    4.07182          1     5.2201     4.3358      35.03     0.6478     0.3221  1.000e-12  2.0820000    32.5167    32.5175     0.0008    23.9356    23.9355     31.205     31.394      0.585    1506.08    1506.09  0.000e+00
      36691     32.000    15.5675    15.5678     0.0004    4.07234    4.07225          1     5.2173     4.2777      34.67     0.6425     0.2970  1.000e-12  2.0664000    32.5206    32.5196    -0.0011    23.9375    23.9366     31.700     31.892      0.586    1506.11    1506.11  0.000e+00
      36712     32.500    15.5760    15.5766     0.0007    4.07397    4.07407          1     5.2301     4.2445      33.66     0.5776     0.3240  1.000e-12  1.7932000    32.5280    32.5283     0.0003    23.9413    23.9414     32.196     32.389      0.567    1506.15    1506.16  0.000e+00
      36734     33.000    15.5736    15.5781     0.0044    4.07364    4.07444          1     5.2534     4.2230      33.47     0.5593     0.2848  1.000e-12  1.8712000    32.5267    32.5301     0.0034    23.9408    23.9425     32.691     32.886      0.541    1506.15    1506.17  0.000e+00
      36756     33.500    15.5753    15.5769     0.0016    4.07377    4.07408          1     5.2576     4.1753      33.22     0.5987     0.2701  1.000e-12  1.7471000    32.5264    32.5278     0.0014    23.9402    23.9409     33.186     33.384      0.542    1506.17    1506.17  0.000e+00
      36778     34.000    15.5801    15.5803     0.0003    4.07498    4.07492          1     5.2586     4.1272      32.74     0.6068     0.2657  1.000e-12  2.0619000    32.5330    32.5322    -0.0007    23.9442    23.9436     33.681     33.881      0.569    1506.20    1506.20  0.000e+00
      36798     34.500    15.5805    15.5826     0.0022    4.07529    4.07564          1     5.2542     4.0900      31.97     0.6149     0.2621  1.000e-12  1.9683000    32.5352    32.5366     0.0014    23.9458    23.9464     34.177     34.378      0.593    1506.21    1506.22  0.000e+00
      36818     35.000    15.5802    15.5779    -0.0024    4.07789    4.07724          1     5.2228     4.0816      31.83     0.6350     0.2498  1.000e-12  1.9256000    32.5584    32.5546    -0.0038    23.9637    23.9613     34.672     34.876      0.592    1506.24    1506.23  0.000e+00
      36839     35.500    15.5689    15.5702     0.0018    4.07738    4.07731          1     5.2086     4.0764      31.43     0.6603     0.3027  1.000e-12  2.0265000    32.5631    32.5613    -0.0018    23.9698    23.9682     35.167     35.373      0.563    1506.22    1506.22  0.000e+00
      36861     36.000    15.4875    15.5356     0.0476    4.06998    4.07465          1     5.2188     4.0682      30.93     0.6002     0.2879  1.000e-12  1.8592000    32.5642    32.5660     0.0018    23.9886    23.9794     35.663     35.871      0.531    1505.98    1506.13  0.000e+00
      36884     36.500    15.4654    15.4599    -0.0054    4.06817    4.06758          1     5.2187     4.0440      30.43     0.6197     0.2721  1.000e-12  2.0377000    32.5661    32.5653    -0.0008    23.9949    23.9956     36.158     36.368      0.535    1505.92    1505.90  0.000e+00
      36906     37.000    15.4592    15.4546    -0.0047    4.06775    4.06722          1     5.1853     4.0229      30.02     0.6121     0.2455  1.000e-12  2.2964000    32.5673    32.5663    -0.0009    23.9972    23.9975     36.653     36.865      0.564    1505.91    1505.89  0.000e+00
      36927     37.500    15.4230    15.4245     0.0015    4.06442    4.06478          1     5.1602     4.0046      29.53     0.6040     0.2110  1.000e-12  2.3325000    32.5673    32.5693     0.0020    24.0052    24.0063     37.148     37.363      0.586    1505.80    1505.81  0.000e+00
      36947     38.000    15.3214    15.3147    -0.0067    4.05643    4.05604          1     5.1540     3.9999      28.96     0.5877     0.2798  1.000e-12  2.3680000    32.5798    32.5819     0.0021    24.0370    24.0401     37.644     37.860      0.590    1505.51    1505.49  0.000e+00
      36967     38.500    15.2937    15.2946     0.0009    4.05572    4.05560          1     5.1457     3.9849      28.57     0.5839     0.2919  1.000e-12  2.4539000    32.5963    32.5944    -0.0019    24.0557    24.0541     38.139     38.357      0.586    1505.44    1505.45  0.000e+00
      36988     39.000    15.2930    15.2959     0.0029    4.05603    4.05649          1     5.1439     3.9482      28.06     0.6706     0.2650  1.000e-12  2.6046000    32.5994    32.6012     0.0018    24.0584    24.0591     38.634     38.854      0.577    1505.45    1505.46  0.000e+00
      37009     39.500    15.2992    15.3000     0.0008    4.05674    4.05689          1     5.1458     3.9154      27.49     0.6346     0.2412  1.000e-12  2.6468000    32.6004    32.6012     0.0008    24.0577    24.0582     39.129     39.352      0.583    1505.48    1505.49  0.000e+00
      37029     40.000    15.2945    15.2966     0.0021    4.05659    4.05688          1     5.1392     3.9038      27.14     0.6417     0.2658  1.000e-12  2.6530000    32.6028    32.6037     0.0009    24.0606    24.0608     39.625     39.849      0.590    1505.48    1505.49  0.000e+00
      37050     40.500    15.3025    15.3050     0.0025    4.05742    4.05747          1     5.1345     3.9003      26.53     0.6247     0.2657  1.000e-12  2.5642000    32.6035    32.6018    -0.0016    24.0594    24.0576     40.120     40.346      0.577    1505.51    1505.52  0.000e+00
      37071     41.000    15.3102    15.3124     0.0021    4.05926    4.05911          1     5.1454     3.8897      25.93     0.6019     0.3078  1.000e-12  2.4511000    32.6133    32.6102    -0.0031    24.0653    24.0624     40.615     40.844      0.565    1505.56    1505.56  0.000e+00
      37092     41.500    15.2958    15.2937    -0.0019    4.05965    4.05962          1     5.1428     3.8812      25.53     0.6022     0.3027  1.000e-12  2.5131000    32.6287    32.6302     0.0015    24.0802    24.0818     41.110     41.341      0.568    1505.54    1505.53  0.000e+00
      37113     42.000    15.2389    15.2333    -0.0055    4.05582    4.05556          1     5.1186     3.8671      25.00     0.6661     0.2769  1.000e-12  2.5782000    32.6415    32.6437     0.0022    24.1025    24.1054     41.606     41.838      0.574    1505.38    1505.37  0.000e+00
      37134     42.500    15.1265    15.1043    -0.0223    4.04682    4.04514          1     5.1017     3.8542      24.50     0.6046     0.2656  1.000e-12  2.4118000    32.6540    32.6573     0.0033    24.1365    24.1439     42.101     42.336      0.580    1505.05    1504.98  0.000e+00
      37154     43.000    15.0636    15.0762     0.0127    4.04176    4.04274          1     5.1171     3.8574      23.97     0.5700     0.2500  1.000e-12  2.3760000    32.6607    32.6590    -0.0017    24.1553    24.1513     42.596     42.833      0.580    1504.87    1504.90  0.000e+00
      37175     43.500    15.0552    15.0557     0.0005    4.04095    4.04104          1     5.1178     3.8442      23.43     0.5520     0.2511  1.000e-12  2.3541000    32.6602    32.6606     0.0005    24.1567    24.1570     43.091     43.330      0.572    1504.85    1504.85  0.000e+00
      37196     44.000    15.0225    15.0269     0.0044    4.03841    4.03875          1     5.1077     3.8304      22.99     0.5409     0.2646  1.000e-12  2.2617000    32.6645    32.6638    -0.0006    24.1671    24.1657     43.587     43.827      0.570    1504.75    1504.77  0.000e+00
      37217     44.500    14.9635    14.9490    -0.0147    4.03338    4.03221          1     5.0816     3.8213      22.47     0.6029     0.2884  1.000e-12  2.1494000    32.6682    32.6697     0.0015    24.1827    24.1870     44.082     44.325      0.577    1504.58    1504.53  0.000e+00
      37238     45.000    14.8660    14.8634    -0.0024    4.02533    4.02512          1     5.0410     3.8011      21.98     0.5789     0.3228  1.000e-12  2.1645000    32.6767    32.6770     0.0003    24.2102    24.2110     44.577     44.822      0.582    1504.29    1504.28  0.000e+00
      37259     45.500    14.7633    14.7809     0.0173    4.01697    4.01814          1     5.0010     3.7809      21.55     0.5637     0.2400  1.000e-12  2.1235000    32.6870    32.6828    -0.0042    24.2401    24.2331     45.072     45.319      0.580    1503.98    1504.03  0.000e+00
      37279     46.000    14.5799    14.5810     0.0013    4.00303    4.00297          1     4.9842     3.7674      20.96     0.5643     0.2846  1.000e-12  2.0368000    32.7143    32.7128    -0.0015    24.3000    24.2987     45.568     45.816      0.574    1503.43    1503.43  0.000e+00
      37300     46.500    14.4969    14.4985     0.0016    3.99673    3.99684          1     4.9795     3.7451      20.49     0.5785     0.3094  1.000e-12  1.9093000    32.7265    32.7262    -0.0003    24.3271    24.3264     46.063     46.313      0.569    1503.19    1503.19  0.000e+00
      37322     47.000    14.4649    14.4585    -0.0063    3.99444    3.99397          1     4.9800     3.7282      20.01     0.6111     0.2964  1.000e-12  1.7335000    32.7325    32.7336     0.0011    24.3384    24.3406     46.558     46.811      0.568    1503.10    1503.08  0.000e+00
      37343     47.500    14.4341    14.4277    -0.0063    3.99218    3.99174          1     4.9830     3.7185      19.52     0.5875     0.2503  1.000e-12  1.9070000    32.7377    32.7390     0.0014    24.3489    24.3513     47.053     47.308      0.574    1503.01    1502.99  0.000e+00
      37363     48.000    14.4207    14.4204    -0.0006    3.99117    3.99123          1     5.0210     3.7364      19.03     0.5488     0.2928  1.000e-12  1.8197000    32.7395    32.7403     0.0008    24.3531    24.3538     47.549     47.805      0.583    1502.98    1502.98  0.000e+00
      37384     48.500    14.4140    14.4039    -0.0098    3.99069    3.98992          1     5.0264     3.7528      18.59     0.5515     0.2283  1.000e-12  1.7775000    32.7406    32.7421     0.0015    24.3553    24.3586     48.044     48.302      0.588    1502.97    1502.94  0.000e+00
      37404     49.000    14.3581    14.3727     0.0142    3.98627    3.98737          1     4.9790     3.7704      17.69     0.5480     0.2210  1.000e-12  1.7698000    32.7472    32.7450    -0.0023    24.3722    24.3674     48.539     48.799      0.583    1502.80    1502.85  0.000e+00
      37425     49.500    14.0955    14.0915    -0.0035    3.96563    3.96482          1     4.8308     3.7635      17.44     0.5035     0.2676  1.000e-12  1.7946000    32.7803    32.7761    -0.0042    24.4524    24.4500     49.034     49.296      0.571    1502.00    1501.98  0.000e+00
      37446     50.000    13.5392    13.5621     0.0225    3.91955    3.92086          1     4.6601     3.7725      17.08     0.5280     0.2799  1.000e-12  1.8176000    32.8282    32.8208    -0.0075    24.6033    24.5928     49.530     49.793      0.562    1500.24    1500.30  0.000e+00
      37468     50.500    12.9227    12.9264     0.0039    3.86949    3.86884          1     4.6166     3.8141      16.66     0.5272     0.3065  1.000e-12  1.9272000    32.8901    32.8806    -0.0094    24.7735    24.7655     50.025     50.290      0.571    1498.26    1498.27  0.000e+00
      37488     51.000    12.3815    12.3818     0.0005    3.82700    3.82667          1     4.6207     3.8515      16.16     0.5054     0.2699  1.000e-12  1.8489000    32.9577    32.9543    -0.0034    24.9310    24.9283     50.520     50.787      0.594    1496.53    1496.53  0.000e+00
      37508     51.500    12.1944    12.2082     0.0135    3.81358    3.81417          1     4.5111     3.8473      15.70     0.4678     0.2765  1.000e-12  1.6989000    32.9932    32.9866    -0.0065    24.9941    24.9865     51.015     51.284      0.608    1495.94    1495.98  0.000e+00
      37528     52.000    11.7866    11.7914     0.0052    3.78262    3.78212          1     4.3436     3.8487      15.21     0.4184     0.3207  1.000e-12  1.5221000    33.0543    33.0452    -0.0092    25.1179    25.1098     51.511     51.781      0.594    1494.62    1494.63  0.000e+00
      37549     52.500    10.8147    10.8605     0.0459    3.70818    3.71037          1     4.2089     3.8526      14.69     0.4067     0.2075  1.000e-12  1.8782000    33.1938    33.1741    -0.0197    25.4015    25.3780     52.006     52.278      0.549    1491.40    1491.54  0.000e+00
      37572     53.000    10.0057    10.0148     0.0092    3.64308    3.64518          1     4.1183     3.8350      14.16     0.3545     0.2324  1.000e-12  2.2080000    33.2778    33.2907     0.0129    25.6062    25.6148     52.501     52.774      0.515    1488.62    1488.67  0.000e+00
      37595     53.500     9.4817     9.4857     0.0038    3.60306    3.60405          1     4.0778     3.8157      13.61     0.3203     0.2586  1.000e-12  2.1428000    33.3534    33.3598     0.0064    25.7518    25.7562     52.996     53.271      0.535    1486.82    1486.85  0.000e+00
      37616     54.000     9.2434     9.2415    -0.0021    3.58559    3.58543          1     4.0540     3.7854      13.10     0.2914     0.2328  1.000e-12  2.2855000    33.3952    33.3952     0.0001    25.8229    25.8233     53.491     53.767      0.582    1486.01    1486.00  0.000e+00
      37636     54.500     9.1662     9.1534    -0.0126    3.57990    3.57895          1     4.0425     3.7521      12.73     0.2931     0.2044  1.000e-12  2.3739000    33.4083    33.4103     0.0020    25.8455    25.8491     53.987     54.264      0.620    1485.75    1485.71  0.000e+00
      37655     55.000     8.9606     8.9668     0.0054    3.56488    3.56516          1     4.0283     3.7248      12.21     0.3178     0.1931  1.000e-12  2.3779000    33.4448    33.4419    -0.0030    25.9066    25.9033     54.482     54.760      0.627    1485.05    1485.07  0.000e+00
      37675     55.500     8.8632     8.8407    -0.0219    3.55767    3.55610          1     4.0011     3.6998      11.69     0.3066     0.2050  1.000e-12  2.4522000    33.4610    33.4659     0.0049    25.9345    25.9419     54.977     55.257      0.598    1484.71    1484.64  0.000e+00
      37696     56.000     8.7666     8.7380    -0.0286    3.55076    3.54871          1     3.9722     3.6814      11.25     0.3342     0.2325  1.000e-12  2.4615000    33.4796    33.4852     0.0056    25.9641    25.9729     55.472     55.753      0.562    1484.39    1484.29  0.000e+00
