ctdpy/exports/archive_20191120_135557/received_data/SBE09_1044_20181019_1556_34_01_0112.cnv
* Sea-Bird SBE 9 Data File:
* FileName = C:\ctd\temp\ar18d112.hex
* Software Version Seasave V 7.26.7.107
* Temperature SN = 5351
* Conductivity SN = 3941
* Number of Bytes Per Scan = 41
* Number of Voltage Words = 4
* Number of Scans Averaged by the Deck Unit = 1
* NMEA Latitude = 55 37.05 N
* NMEA Longitude = 014 52.04 E
* NMEA UTC (Time) = Oct 19 2018  13:56:22
* NMEA baud rate = 4800
** Station:  Hanobukten
** Operator:  Obac
** Ship: ARANDA
** Average sound velocity: 1464.08 m/s
** True-depth calculation Fri, 19 Oct 2018 15:21:34 +0000
** CTD Python Module SMHI /ver 3-12/ feb 2012 
** LIMS Job: 20183401-0112
** Cruise: SMHI-4-2018
** Latitude [GG MM.mm N]:
** Longitude [GG MM.mm E]
# nquan = 26
# nvalues = 145                         
# units = specified
# name 0 = scan: Scan Count
# name 1 = prDM: Pressure, Digiquartz [db]
# name 2 = t090C: Temperature [ITS-90, deg C]
# name 3 = t190C: Temperature, 2 [ITS-90, deg C]
# name 4 = T2-T190C: Temperature Difference, 2 - 1 [ITS-90, deg C]
# name 5 = c0S/m: Conductivity [S/m]
# name 6 = c1S/m: Conductivity, 2 [S/m]
# name 7 = pumps: Pump Status
# name 8 = sbeox0ML/L: Oxygen, SBE 43 [ml/l]
# name 9 = sbeox1ML/L: Oxygen, SBE 43, 2 [ml/l]
# name 10 = altM: Altimeter [m]
# name 11 = flECO-AFL: Chl-a Fluorescence, WET Labs ECO-AFL/FL [mg/m^3]
# name 12 = flECO-AFL1: Phycocyanin Fluorescence, WET Labs ECO-AFL/FL, 2 [mg/m^3]
# name 13 = par: PAR/Irradiance, Biospherical/Lico [µE/(cm^2*s)]
# name 14 = turbWETntu0: Turbidity, WET Labs ECO [NTU]
# name 15 = sal00: Salinity, Practical [PSU]
# name 16 = sal11: Salinity, Practical, 2 [PSU]
# name 17 = secS-priS: Salinity, Practical, Difference, 2 - 1 [PSU]
# name 18 = sigma-t00: Density [sigma-t, Kg/m^3 ]
# name 19 = sigma-t11: Density, 2 [sigma-t, Kg/m^3 ]
# name 20 = depSM: Depth [salt water, m], lat = 55.6175
# name 21 = depFM: Depth [true depth, m], lat = 55.6175
# name 22 = dz/dtM: Descent Rate [m/s], WS = 2
# name 23 = svCM: Sound Velocity [Chen-Millero, m/s]
# name 24 = svCM1: Sound Velocity, 2 [Chen-Millero, m/s]
# name 25 = flag: flag
# span 0 =      16823,      20253       
# span 1 =      1.500,     73.500       
# span 2 =     7.7635,    12.9865       
# span 3 =     7.7645,    13.0760       
# span 4 =    -0.0425,     0.0888       
# span 5 =   0.955133,   1.917419       
# span 6 =   0.955079,   1.917479       
# span 7 =          1,          1       
# span 8 =    0.06589,    7.35992       
# span 9 =    0.11941,    6.94513       
# span 10 =       3.35,      98.54      
# span 11 =     0.2357,     2.2204      
# span 12 =     0.1642,     0.5484      
# span 13 = 1.0000e-12, 6.0743e+02      
# span 14 =     0.1728,     2.9778      
# span 15 =     7.7494,    16.5633      
# span 16 =     7.7423,    16.5629      
# span 17 =    -0.0295,     0.0126      
# span 18 =     5.3734,    12.6375      
# span 19 =     5.3549,    12.6369      
# span 20 =      1.486,     72.821      
# span 21 =      1.520,     74.260      
# span 22 =     -0.007,      0.632      
# span 23 =    1448.93,    1475.57      
# span 24 =    1448.93,    1475.63      
# span 25 = 0.0000e+00, 0.0000e+00      
# interval = decibars: 0.5              
# start_time = Oct 19 2018 13:56:22 [NMEA time, first data scan]
# bad_flag = -9.990e-29
*END*
[from data line 56]
      18061     29.500     8.4415     8.4401    -0.0012    0.98690    0.98670          1     6.1955     5.8134      48.66     0.4858     0.2650  3.300e-01  0.2395000     8.3596     8.3581    -0.0015     6.3815     6.3805     29.230     29.875      0.591    1451.86    1451.86  0.000e+00
      18082     30.000     8.4498     8.4519     0.0020    0.98784    0.98784          1     6.0198     5.6707      48.39     0.5009     0.2740  2.999e-01  0.2539000     8.3661     8.3656    -0.0005     6.3858     6.3852     29.726     30.381      0.561    1451.91    1451.92  0.000e+00
      18104     30.500     8.4357     8.4416     0.0058    0.98764    0.98782          1     6.1147     5.7132      48.36     0.4734     0.2852  2.732e-01  0.2509000     8.3676     8.3678     0.0003     6.3882     6.3879     30.221     30.887      0.543    1451.86    1451.89  0.000e+00
      18126     31.000     8.4966     8.5301     0.0321    0.99069    0.99155          1     6.3160     5.8268      47.76     0.5039     0.2820  2.445e-01  0.2421000     8.3809     8.3808    -0.0001     6.3931     6.3900     30.717     31.393      0.552    1452.13    1452.27  0.000e+00
      18147     31.500     9.5283     9.4845    -0.0425    1.04377    1.03931          1     6.3748     5.8687      47.29     0.4803     0.2641  2.196e-01  0.2346000     8.6130     8.5835    -0.0295     6.4731     6.4545     31.212     31.899      0.569    1456.53    1456.32  0.000e+00
      18168     32.000    10.1760    10.1577    -0.0179    1.07800    1.07628          1     6.3260     5.8722      46.86     0.5713     0.2636  1.879e-01  0.2340000     8.7602     8.7495    -0.0108     6.5176     6.5113     31.707     32.405      0.579    1459.24    1459.15  0.000e+00
      18189     32.500    10.3031    10.3079     0.0047    1.08444    1.08447          1     6.2605     5.8791      46.29     0.5806     0.2876  1.642e-01  0.2388000     8.7860     8.7851    -0.0009     6.5232     6.5220     32.203     32.911      0.581    1459.77    1459.78  0.000e+00
      18209     33.000    10.2841    10.2855     0.0014    1.08378    1.08383          1     6.2205     5.8888      45.94     0.5662     0.2848  1.398e-01  0.2388000     8.7848     8.7848     0.0001     6.5244     6.5243     32.698     33.417      0.581    1459.70    1459.71  0.000e+00
      18230     33.500    10.2044    10.2076     0.0032    1.08048    1.08058          1     6.2569     5.9482      45.33     0.5760     0.2741  1.206e-01  0.2289000     8.7750     8.7751     0.0001     6.5259     6.5256     33.194     33.923      0.569    1459.39    1459.40  0.000e+00
      18252     34.000    10.1133    10.1239     0.0106    1.07709    1.07751          1     6.2335     5.9422      45.01     0.5749     0.2730  1.062e-01  0.2295000     8.7672     8.7682     0.0011     6.5301     6.5297     33.689     34.429      0.550    1459.04    1459.08  0.000e+00
      18274     34.500     9.9273     9.9316     0.0045    1.07037    1.07058          1     6.1045     5.8503      44.25     0.5631     0.2342  8.832e-02  0.2461000     8.7528     8.7536     0.0008     6.5396     6.5398     34.184     34.935      0.549    1458.31    1458.33  0.000e+00
      18295     35.000     9.5464     9.5832     0.0367    1.05615    1.05784          1     6.0178     5.7951      43.95     0.5444     0.2753  7.525e-02  0.2381000     8.7186     8.7247     0.0061     6.5535     6.5544     34.680     35.441      0.582    1456.78    1456.93  0.000e+00
      18315     35.500     9.0016     9.0158     0.0140    1.03944    1.03965          1     6.0053     5.7779      43.42     0.5237     0.3049  5.754e-02  0.2399000     8.7012     8.6996    -0.0016     6.5955     6.5929     35.175     35.947      0.609    1454.62    1454.68  0.000e+00
      18335     36.000     8.7461     8.7570     0.0111    1.03125    1.03151          1     5.9940     5.7416      43.07     0.5001     0.2913  4.505e-02  0.2477000     8.6894     8.6891    -0.0003     6.6110     6.6097     35.670     36.453      0.602    1453.60    1453.64  0.000e+00
      18355     36.500     8.6647     8.6747     0.0101    1.02884    1.02905          1     5.9743     5.7014      42.47     0.4793     0.2217  3.693e-02  0.2431000     8.6873     8.6867    -0.0005     6.6170     6.6156     36.166     36.959      0.564    1453.28    1453.32  0.000e+00
      18377     37.000     8.6043     8.6158     0.0115    1.02717    1.02731          1     5.9210     5.6384      42.00     0.4569     0.2072  2.111e-02  0.2484000     8.6868     8.6853    -0.0016     6.6223     6.6200     36.661     37.465      0.542    1453.04    1453.08  0.000e+00
      18399     37.500     8.5706     8.5723     0.0018    1.03247    1.03204          1     5.8418     5.5507      41.50     0.4350     0.2071  1.131e-02  0.2386000     8.7434     8.7390    -0.0044     6.6696     6.6660     37.157     37.971      0.562    1452.98    1452.98  0.000e+00
      18420     38.000     8.5793     8.5807     0.0015    1.03939    1.03890          1     5.8442     5.5211      40.13     0.4237     0.2252  2.548e-03  0.2404000     8.8043     8.7995    -0.0048     6.7163     6.7124     37.652     38.476      0.580    1453.10    1453.10  0.000e+00
      18441     38.500     8.6361     8.6319    -0.0043    1.06141    1.06009          1     5.8324     5.4801      39.48     0.4093     0.2411  2.201e-03  0.2442000     8.9911     8.9801    -0.0110     6.8568     6.8487     38.147     38.982      0.566    1453.57    1453.54  0.000e+00
      18462     39.000     8.9752     8.9736    -0.0017    1.10063    1.09852          1     5.7226     5.3736      38.88     0.3919     0.2577  2.706e-05  0.2459000     9.2611     9.2423    -0.0188     7.0346     7.0201     38.643     39.488      0.548    1455.26    1455.23  0.000e+00
      18484     39.500     9.3673     9.3674     0.0001    1.15281    1.15121          1     5.6232     5.2790      38.42     0.3807     0.2934  1.722e-08  0.2363000     9.6302     9.6157    -0.0145     7.2824     7.2711     39.138     39.994      0.552    1457.27    1457.25  0.000e+00
      18506     40.000     9.5226     9.5239     0.0013    1.18356    1.18256          1     5.5933     5.2530      37.82     0.3581     0.2662  1.000e-12  0.2347000     9.8653     9.8559    -0.0094     7.4489     7.4415     39.633     40.499      0.571    1458.17    1458.17  0.000e+00
      18527     40.500     9.7765     9.7752    -0.0012    1.21656    1.21603          1     5.4144     5.1108      37.39     0.3377     0.2657  1.000e-12  0.2238000    10.0915    10.0872    -0.0044     7.5971     7.5939     40.129     41.005      0.582    1459.44    1459.43  0.000e+00
      18547     41.000    10.1742    10.1656    -0.0082    1.25634    1.25465          1     5.1935     4.9305      36.83     0.3482     0.2657  1.000e-12  0.2350000    10.3349    10.3223    -0.0126     7.7409     7.7321     40.624     41.510      0.580    1461.29    1461.24  0.000e+00
      18568     41.500    10.0136    10.0333     0.0193    1.27053    1.27013          1     4.9849     4.7549      36.34     0.3492     0.2587  1.000e-12  0.2366000    10.5076    10.4983    -0.0093     7.8936     7.8841     41.120     42.015      0.577    1460.88    1460.95  0.000e+00
      18589     42.000    10.2478    10.2196    -0.0278    1.31192    1.30881          1     4.8917     4.6703      35.84     0.3217     0.2358  1.000e-12  0.2270000    10.8080    10.7887    -0.0193     8.0994     8.0878     41.615     42.521      0.576    1462.16    1462.02  0.000e+00
      18610     42.500    10.8068    10.7860    -0.0213    1.37132    1.36928          1     4.9695     4.7247      35.27     0.2558     0.2359  1.000e-12  0.2184000    11.1673    11.1556    -0.0117     8.3096     8.3031     42.110     43.026      0.572    1464.72    1464.63  0.000e+00
      18631     43.000    10.8218    10.8421     0.0203    1.37950    1.38026          1     5.0944     4.8225      34.84     0.2963     0.2570  1.000e-12  0.2401000    11.2350    11.2355     0.0005     8.3602     8.3580     42.606     43.531      0.563    1464.87    1464.95  0.000e+00
      18652     43.500    10.4935    10.5003     0.0065    1.37064    1.37043          1     5.0048     4.7269      34.24     0.3428     0.2496  1.000e-12  0.2610000    11.2570    11.2531    -0.0039     8.4183     8.4144     43.101     44.036      0.563    1463.66    1463.68  0.000e+00
      18673     44.000    10.9289    10.9169    -0.0118    1.42155    1.41963          1     4.7747     4.5160      33.81     0.3287     0.2383  1.000e-12  0.2696000    11.5722    11.5590    -0.0132     8.6076     8.5989     43.596     44.541      0.574    1465.69    1465.63  0.000e+00
      18694     44.500    11.3171    11.3015    -0.0157    1.47206    1.47069          1     4.6712     4.4250      33.28     0.3011     0.2472  1.000e-12  0.2616000    11.8934    11.8863    -0.0071     8.8052     8.8019     44.092     45.046      0.584    1467.54    1467.47  0.000e+00
      18715     45.000    11.6134    11.6122    -0.0012    1.50581    1.50532          1     4.6446     4.4091      32.84     0.3012     0.2082  1.000e-12  0.2290000    12.0928    12.0889    -0.0039     8.9192     8.9163     44.587     45.551      0.577    1468.88    1468.88  0.000e+00
      18736     45.500    11.6719    11.6703    -0.0016    1.52035    1.51994          1     4.6202     4.3812      32.23     0.2879     0.2179  1.000e-12  0.2353000    12.2003    12.1972    -0.0031     8.9942     8.9920     45.082     46.055      0.554    1469.24    1469.23  0.000e+00
      18758     46.000    11.7124    11.7118    -0.0005    1.53269    1.53220          1     4.4746     4.2474      31.76     0.2806     0.2224  1.000e-12  0.2372000    12.2944    12.2903    -0.0041     9.0612     9.0581     45.578     46.560      0.542    1469.51    1469.50  0.000e+00
      18780     46.500    11.8806    11.8766    -0.0041    1.56154    1.56035          1     4.2189     4.0361      31.31     0.2534     0.2162  1.000e-12  0.2219000    12.4891    12.4801    -0.0090     9.1878     9.1815     46.073     47.065      0.564    1470.36    1470.34  0.000e+00
      18800     47.000    12.1658    12.1631    -0.0026    1.61280    1.61147          1     4.0842     3.9207      30.77     0.2680     0.2105  1.000e-12  0.2050000    12.8370    12.8265    -0.0106     9.4154     9.4076     46.569     47.569      0.595    1471.83    1471.80  0.000e+00
      18820     47.500    12.2334    12.2354     0.0020    1.65014    1.64962          1     3.8792     3.7351      29.64     0.2829     0.2652  1.000e-12  0.1941000    13.1368    13.1315    -0.0053     9.6367     9.6324     47.064     48.074      0.632    1472.43    1472.43  0.000e+00
      18838     48.000    12.2610    12.2571    -0.0040    1.66411    1.66356          1     3.5839     3.4739      29.36     0.2481     0.2277  1.000e-12  0.1988000    13.2478    13.2444    -0.0034     9.7183     9.7162     47.559     48.578      0.626    1472.67    1472.66  0.000e+00
      18859     48.500    12.4080    12.4039    -0.0040    1.68147    1.68102          1     3.3808     3.2892      28.68     0.2671     0.1969  1.000e-12  0.2027000    13.3459    13.3434    -0.0025     9.7720     9.7707     48.055     49.082      0.558    1473.33    1473.31  0.000e+00
      18881     49.000    12.5790    12.5747    -0.0043    1.70014    1.69932          1     3.5444     3.4025      28.38     0.2725     0.1839  1.000e-12  0.2038000    13.4460    13.4405    -0.0055     9.8233     9.8197     48.550     49.587      0.527    1474.07    1474.05  0.000e+00
      18904     49.500    12.7549    12.7539    -0.0010    1.72289    1.72241          1     3.7523     3.5689      27.81     0.2504     0.2081  1.000e-12  0.2058000    13.5786    13.5748    -0.0037     9.8985     9.8958     49.045     50.091      0.556    1474.87    1474.86  0.000e+00
      18925     50.000    12.6994    12.7046     0.0052    1.72969    1.72953          1     3.6566     3.4951      27.52     0.2357     0.2342  1.000e-12  0.1968000    13.6568    13.6535    -0.0033     9.9673     9.9640     49.541     50.595      0.600    1474.77    1474.78  0.000e+00
      18944     50.500    12.6721    12.6682    -0.0039    1.73886    1.73831          1     3.4623     3.3323      27.02     0.2359     0.2264  1.000e-12  0.1788000    13.7453    13.7419    -0.0033    10.0397    10.0378     50.036     51.100      0.615    1474.78    1474.77  0.000e+00
      18964     51.000    12.7118    12.7166     0.0048    1.75494    1.75473          1     3.2505     3.1535      26.61     0.2483     0.2217  1.000e-12  0.1924000    13.8690    13.8655    -0.0035    10.1289    10.1255     50.531     51.604      0.597    1475.08    1475.09  0.000e+00
      18984     51.500    12.5866    12.5891     0.0024    1.76193    1.76147          1     3.1819     3.1070      26.08     0.2392     0.2138  1.000e-12  0.1882000    13.9751    13.9703    -0.0048    10.2300    10.2259     51.027     52.108      0.567    1474.77    1474.77  0.000e+00
      19006     52.000    12.7398    12.7346    -0.0051    1.78625    1.78569          1     3.2673     3.1730      25.58     0.2655     0.1642  1.000e-12  0.1850000    14.1278    14.1249    -0.0029    10.3239    10.3225     51.522     52.612      0.552    1475.50    1475.48  0.000e+00
      19028     52.500    12.7156    12.7327     0.0169    1.79961    1.80003          1     2.9353     2.8867      25.17     0.2748     0.2037  1.000e-12  0.1914000    14.2520    14.2491    -0.0029    10.4233    10.4185     52.017     53.116      0.558    1475.57    1475.63  0.000e+00
      19049     53.000    12.2304    12.2457     0.0155    1.77912    1.77953          1     2.4702     2.4988      24.61     0.2602     0.2276  1.000e-12  0.1931000    14.2571    14.2550    -0.0022    10.5015    10.4975     52.513     53.620      0.562    1473.84    1473.90  0.000e+00
      19071     53.500    12.0427    12.0421    -0.0006    1.77447    1.77419          1     2.3932     2.4109      24.07     0.2609     0.2070  1.000e-12  0.1728000    14.2877    14.2855    -0.0022    10.5531    10.5516     53.008     54.124      0.560    1473.21    1473.20  0.000e+00
      19092     54.000    12.0912    12.0938     0.0026    1.78592    1.78580          1     2.4177     2.3972      23.57     0.2609     0.1959  1.000e-12  0.1795000    14.3694    14.3674    -0.0020    10.6090    10.6071     53.503     54.628      0.567    1473.49    1473.50  0.000e+00
      19113     54.500    11.9457    11.9510     0.0052    1.78387    1.78384          1     2.2566     2.2399      23.10     0.2545     0.2492  1.000e-12  0.2014000    14.4071    14.4049    -0.0023    10.6597    10.6571     53.999     55.132      0.585    1473.01    1473.03  0.000e+00
      19133     55.000    11.7322    11.7384     0.0060    1.77785    1.77788          1     1.8598     1.8940      22.66     0.2524     0.3067  1.000e-12  0.2153000    14.4362    14.4341    -0.0021    10.7133    10.7108     54.494     55.636      0.593    1472.28    1472.30  0.000e+00
      19153     55.500    11.9865    11.9773    -0.0088    1.80673    1.80609          1     1.4181     1.5120      22.15     0.2493     0.2542  1.000e-12  0.2162000    14.5921    14.5900    -0.0021    10.7964    10.7962     54.989     56.140      0.583    1473.40    1473.36  0.000e+00
      19174     56.000    12.0618    12.0649     0.0030    1.82176    1.82167          1     1.1742     1.2830      21.58     0.2470     0.2220  1.000e-12  0.2065000    14.6947    14.6927    -0.0020    10.8645    10.8625     55.485     56.643      0.565    1473.80    1473.81  0.000e+00
      19196     56.500    11.9760    11.9785     0.0025    1.82183    1.82182          1     1.1038     1.1982      21.05     0.2822     0.2003  1.000e-12  0.2230000    14.7289    14.7278    -0.0011    10.9036    10.9024     55.980     57.147      0.553    1473.54    1473.55  0.000e+00
