ctdpy/exports/archive_20191120_135557/received_data/SBE09_0827_20181128_0606_26_01_1260.cnv
* Sea-Bird SBE 9 Data File:
* FileName = D:\CTD_SBE911\DAT\26DA.2018.12.60.hex
* Software Version Seasave V 7.21d
* Temperature SN = 4548
* Conductivity SN = 3062
* Number of Bytes Per Scan = 48
* Number of Voltage Words = 5
* Number of Scans Averaged by the Deck Unit = 1
* NMEA Latitude = 55 38.95 N
* NMEA Longitude = 014 32.26 E
* NMEA UTC (Time) = Nov 28 2018  06:07:09
* NMEA baud rate = 4800
** Ship: DANA
** Average sound velocity: 1449.08 m/s
** True-depth calculation Tue, 02 Apr 2019 12:16:08 +0000
** CTD Python Module SMHI /ver 3-12/ feb 2012 
** LIMS Job: 20182601-1260
** Operator: Ronny
** Cruise: 12/2018
# nquan = 26
# nvalues = 102                         
# units = specified
# name 0 = scan: Scan Count
# name 1 = prDM: Pressure, Digiquartz [db]
# name 2 = t090C: Temperature [ITS-90, deg C]
# name 3 = t190C: Temperature, 2 [ITS-90, deg C]
# name 4 = T2-T190C: Temperature Difference, 2 - 1 [ITS-90, deg C]
# name 5 = c0S/m: Conductivity [S/m]
# name 6 = c1S/m: Conductivity, 2 [S/m]
# name 7 = pumps: Pump Status
# name 8 = sbeox1ML/L: Oxygen, SBE 43, 2 [ml/l]
# name 9 = sbeox0ML/L: Oxygen, SBE 43 [ml/l]
# name 10 = altM: Altimeter [m]
# name 11 = chloroflTC0: Chlorophyll, Turner Cyclops [ug/l]
# name 12 = cpar: CPAR/Corrected Irradiance [%]
# name 13 = par: PAR/Irradiance, Biospherical/Lico [µE/(cm^2*s)]
# name 14 = spar: SPAR, Biospherical/Licor
# name 15 = sal00: Salinity, Practical [PSU]
# name 16 = sal11: Salinity, Practical, 2 [PSU]
# name 17 = secS-priS: Salinity, Practical, Difference, 2 - 1 [PSU]
# name 18 = sigma-t00: Density [sigma-t, kg/m^3 ]
# name 19 = sigma-t11: Density, 2 [sigma-t, kg/m^3 ]
# name 20 = depSM: Depth [salt water, m], lat = 55.6492
# name 21 = depFM: Depth [true depth, m], lat = 55.6492
# name 22 = dz/dtM: Descent Rate [m/s], WS = 2
# name 23 = svCM: Sound Velocity [Chen-Millero, m/s]
# name 24 = svCM1: Sound Velocity, 2 [Chen-Millero, m/s]
# name 25 = flag: flag
# span 0 =        -85,       7137       
# span 1 =      1.000,     51.500       
# span 2 =     7.7782,     9.4977       
# span 3 =     7.7784,     9.5069       
# span 4 =    -0.0348,     0.6125       
# span 5 =   0.881228,   1.529751       
# span 6 =   0.881217,   1.530313       
# span 7 =          1,          1       
# span 8 =     2.5311,     7.4197       
# span 9 =     2.8330,     7.6573       
# span 10 =       0.70,       9.96      
# span 11 =     0.0173,     0.0315      
# span 12 = 4.9241e-11, 4.9241e-11      
# span 13 = 1.0000e-12, 1.0000e-12      
# span 14 = 2.0308e+00, 2.0308e+00      
# span 15 =     7.5439,    13.0253      
# span 16 =     7.5436,    13.0276      
# span 17 =    -0.0007,     1.3136      
# span 18 =     5.7988,     9.9108      
# span 19 =     5.7985,     9.9114      
# span 20 =      0.991,     51.027      
# span 21 =      1.013,     52.146      
# span 22 =     -0.284,      0.320      
# span 23 =    1447.71,    1462.11      
# span 24 =    1447.71,    1462.15      
# span 25 = 0.0000e+00, 0.0000e+00      
# interval = decibars: 0.5              
# start_time = Nov 28 2018 06:07:10 [NMEA time, first data scan]
# bad_flag = -9.990e-29
*END*
[from data line 56]
       3063     29.000     7.8994     7.9049     0.0055    0.89336    0.89358          1     7.3426     7.5865       9.96     0.0246  4.924e-11  1.000e-12  2.031e+00     7.6262     7.6270     0.0008     5.8540     5.8541     28.735     29.367      0.243    1448.75    1448.77  0.000e+00
       3112     29.500     7.8943     7.8897    -0.0046    0.89322    0.89308          1     7.3593     7.5860       9.96     0.0246  4.924e-11  1.000e-12  2.031e+00     7.6260     7.6257    -0.0003     5.8542     5.8544     29.230     29.873      0.253    1448.73    1448.71  0.000e+00
       3157     30.000     7.8776     7.8746    -0.0030    0.89273    0.89263          1     7.3648     7.5983       9.96     0.0247  4.924e-11  1.000e-12  2.031e+00     7.6250     7.6248    -0.0002     5.8548     5.8549     29.726     30.379      0.277    1448.67    1448.66  0.000e+00
       3202     30.500     7.8736     7.8707    -0.0029    0.89275    0.89270          1     7.3588     7.6052       9.96     0.0256  4.924e-11  1.000e-12  2.031e+00     7.6260     7.6262     0.0001     5.8559     5.8563     30.221     30.886      0.249    1448.66    1448.65  0.000e+00
       3252     31.000     7.8663     7.8637    -0.0026    0.89262    0.89254          1     7.3753     7.6094       9.96     0.0256  4.924e-11  1.000e-12  2.031e+00     7.6263     7.6262    -0.0001     5.8567     5.8568     30.717     31.392      0.247    1448.64    1448.63  0.000e+00
       3298     31.500     7.8615     7.8561    -0.0053    0.89246    0.89229          1     7.3681     7.6107       9.96     0.0255  4.924e-11  1.000e-12  2.031e+00     7.6259     7.6256    -0.0004     5.8568     5.8569     31.212     31.898      0.281    1448.63    1448.61  0.000e+00
       3341     32.000     7.8533     7.8515    -0.0018    0.89225    0.89222          1     7.3659     7.6077       9.96     0.0256  4.924e-11  1.000e-12  2.031e+00     7.6257     7.6258     0.0001     5.8573     5.8575     31.707     32.405      0.255    1448.60    1448.60  0.000e+00
       3394     32.500     7.8511     7.8556     0.0044    0.89238    0.89259          1     7.3719     7.6157       9.96     0.0252  4.924e-11  1.000e-12  2.031e+00     7.6273     7.6282     0.0009     5.8587     5.8591     32.203     32.911      0.230    1448.60    1448.62  0.000e+00
       3439     33.000     7.8663     7.8722     0.0058    0.89308    0.89331          1     7.3668     7.6068       9.96     0.0256  4.924e-11  1.000e-12  2.031e+00     7.6303     7.6312     0.0009     5.8598     5.8601     32.698     33.417      0.298    1448.68    1448.71  0.000e+00
       3480     33.500     7.8676     7.8681     0.0005    0.89316    0.89319          1     7.3686     7.6034       9.96     0.0267  4.924e-11  1.000e-12  2.031e+00     7.6308     7.6309     0.0002     5.8601     5.8602     33.193     33.924      0.266    1448.69    1448.70  0.000e+00
       3529     34.000     7.8689     7.8735     0.0046    0.89330    0.89346          1     7.3587     7.6047       9.96     0.0256  4.924e-11  1.000e-12  2.031e+00     7.6317     7.6322     0.0005     5.8607     5.8607     33.689     34.430      0.244    1448.71    1448.73  0.000e+00
       3576     34.500     7.8957     7.9069     0.0113    0.89454    0.89493          1     7.3467     7.5897       9.96     0.0256  4.924e-11  1.000e-12  2.031e+00     7.6372     7.6383     0.0011     5.8629     5.8628     34.184     34.936      0.262    1448.83    1448.88  0.000e+00
       3624     35.000     7.9187     7.9258     0.0071    0.89560    0.89590          1     7.3353     7.5740       9.96     0.0255  4.924e-11  1.000e-12  2.031e+00     7.6419     7.6431     0.0012     5.8647     5.8650     34.680     35.442      0.239    1448.94    1448.97  0.000e+00
       3673     35.500     7.9217     7.9263     0.0046    0.89578    0.89595          1     7.3353     7.5717       9.96     0.0250  4.924e-11  1.000e-12  2.031e+00     7.6428     7.6433     0.0006     5.8651     5.8652     35.175     35.949      0.264    1448.96    1448.98  0.000e+00
       3717     36.000     7.9275     7.9305     0.0031    0.89605    0.89615          1     7.3255     7.5753       9.96     0.0256  4.924e-11  1.000e-12  2.031e+00     7.6439     7.6442     0.0003     5.8656     5.8656     35.670     36.455      0.261    1448.99    1449.01  0.000e+00
       3765     36.500     7.9306     7.9317     0.0011    0.89624    0.89624          1     7.3346     7.5725       9.96     0.0250  4.924e-11  1.000e-12  2.031e+00     7.6449     7.6447    -0.0002     5.8661     5.8658     36.166     36.961      0.252    1449.02    1449.02  0.000e+00
       3810     37.000     7.9292     7.9296     0.0004    0.89623    0.89621          1     7.3367     7.5574       9.96     0.0254  4.924e-11  1.000e-12  2.031e+00     7.6451     7.6449    -0.0002     5.8663     5.8661     36.661     37.468      0.269    1449.02    1449.02  0.000e+00
       3857     37.500     7.9359     7.9421     0.0062    0.89670    0.89697          1     7.3313     7.5555       9.96     0.0255  4.924e-11  1.000e-12  2.031e+00     7.6479     7.6490     0.0011     5.8680     5.8684     37.156     37.974      0.247    1449.06    1449.08  0.000e+00
       3907     38.000     7.9519     7.9610     0.0090    0.89755    0.89796          1     7.3181     7.5538       9.96     0.0250  4.924e-11  1.000e-12  2.031e+00     7.6522     7.6539     0.0017     5.8701     5.8707     37.652     38.480      0.242    1449.14    1449.18  0.000e+00
       3954     38.500     7.9680     7.9764     0.0084    0.89850    0.89890          1     7.2994     7.5473       9.96     0.0246  4.924e-11  1.000e-12  2.031e+00     7.6573     7.6591     0.0019     5.8727     5.8735     38.147     38.987      0.262    1449.22    1449.25  0.000e+00
       4001     39.000     7.9853     7.9959     0.0107    0.89962    0.90018          1     7.2788     7.5250       9.96     0.0244  4.924e-11  1.000e-12  2.031e+00     7.6637     7.6665     0.0029     5.8763     5.8777     38.643     39.493      0.249    1449.30    1449.35  0.000e+00
       4048     39.500     8.0024     8.0164     0.0140    0.90077    0.90148          1     7.2801     7.5240       9.96     0.0247  4.924e-11  1.000e-12  2.031e+00     7.6705     7.6739     0.0034     5.8802     5.8818     39.138     39.999      0.262    1449.39    1449.45  0.000e+00
       4094     40.000     8.0465     8.0709     0.0244    0.90346    0.90475          1     7.2620     7.5159       9.96     0.0251  4.924e-11  1.000e-12  2.031e+00     7.6854     7.6919     0.0065     5.8883     5.8913     39.633     40.505      0.256    1449.60    1449.70  0.000e+00
       4144     40.500     8.0631     8.0632     0.0001    0.90485    0.90520          1     7.2448     7.5006       9.96     0.0249  4.924e-11  1.000e-12  2.031e+00     7.6944     7.6976     0.0032     5.8940     5.8964     40.129     41.012      0.230    1449.68    1449.69  0.000e+00
       4194     41.000     8.0554     8.0595     0.0041    0.90528    0.90572          1     7.2608     7.5022       9.96     0.0244  4.924e-11  1.000e-12  2.031e+00     7.6999     7.7031     0.0032     5.8989     5.9011     40.624     41.518      0.266    1449.67    1449.69  0.000e+00
       4240     41.500     8.0616     8.0630     0.0014    0.90622    0.90649          1     7.2710     7.5124       9.96     0.0246  4.924e-11  1.000e-12  2.031e+00     7.7071     7.7093     0.0021     5.9041     5.9056     41.119     42.024      0.232    1449.71    1449.72  0.000e+00
       4293     42.000     8.0593     8.0590    -0.0003    0.90655    0.90665          1     7.2841     7.5229       9.96     0.0244  4.924e-11  1.000e-12  2.031e+00     7.7106     7.7116     0.0011     5.9069     5.9078     41.615     42.531      0.250    1449.71    1449.71  0.000e+00
       4340     42.500     8.0580     8.0589     0.0009    0.90666    0.90673          1     7.2874     7.5233       9.96     0.0247  4.924e-11  1.000e-12  2.031e+00     7.7119     7.7123     0.0004     5.9081     5.9083     42.110     43.037      0.245    1449.71    1449.72  0.000e+00
       4390     43.000     8.0583     8.0592     0.0009    0.90674    0.90679          1     7.2917     7.5276       9.62     0.0244  4.924e-11  1.000e-12  2.031e+00     7.7125     7.7127     0.0002     5.9085     5.9086     42.606     43.543      0.249    1449.73    1449.73  0.000e+00
       4436     43.500     8.0592     8.0603     0.0011    0.90690    0.90693          1     7.2927     7.5223       9.08     0.0247  4.924e-11  1.000e-12  2.031e+00     7.7136     7.7137     0.0001     5.9093     5.9093     43.101     44.049      0.248    1449.74    1449.74  0.000e+00
       4490     44.000     8.0623     8.0649     0.0026    0.90710    0.90721          1     7.2837     7.5198       8.54     0.0245  4.924e-11  1.000e-12  2.031e+00     7.7147     7.7152     0.0005     5.9099     5.9101     43.596     44.556      0.229    1449.76    1449.77  0.000e+00
       4539     44.500     8.0646     8.0669     0.0023    0.90727    0.90734          1     7.2950     7.5233       8.03     0.0245  4.924e-11  1.000e-12  2.031e+00     7.7158     7.7159     0.0001     5.9106     5.9104     44.092     45.062      0.254    1449.78    1449.79  0.000e+00
       4586     45.000     8.0670     8.0682     0.0012    0.90739    0.90742          1     7.2825     7.5219       7.53     0.0247  4.924e-11  1.000e-12  2.031e+00     7.7162     7.7163     0.0000     5.9107     5.9107     44.587     45.568      0.247    1449.80    1449.80  0.000e+00
       4638     45.500     8.0683     8.0696     0.0012    0.90744    0.90746          1     7.2728     7.5147       7.05     0.0246  4.924e-11  1.000e-12  2.031e+00     7.7163     7.7163    -0.0000     5.9107     5.9105     45.082     46.074      0.231    1449.81    1449.82  0.000e+00
       4686     46.000     8.0686     8.0701     0.0015    0.90754    0.90759          1     7.2616     7.5186       6.45     0.0244  4.924e-11  1.000e-12  2.031e+00     7.7171     7.7172     0.0001     5.9113     5.9113     45.578     46.581      0.267    1449.82    1449.83  0.000e+00
       4732     46.500     8.0740     8.0799     0.0061    0.90795    0.90823          1     7.2753     7.5055       5.93     0.0246  4.924e-11  1.000e-12  2.031e+00     7.7196     7.7209     0.0013     5.9128     5.9133     46.073     47.087      0.249    1449.85    1449.88  0.000e+00
       4782     47.000     8.1199     8.1549     0.0349    0.91120    0.91346          1     7.2061     7.4532       5.39     0.0239  4.924e-11  1.000e-12  2.031e+00     7.7392     7.7521     0.0129     5.9243     5.9315     46.568     47.593      0.238    1450.07    1450.23  0.000e+00
       4831     47.500     8.1565     8.1618     0.0052    0.91440    0.91499          1     7.1754     7.3958       4.88     0.0232  4.924e-11  1.000e-12  2.031e+00     7.7603     7.7646     0.0043     5.9377     5.9406     47.064     48.100      0.243    1450.26    1450.28  0.000e+00
       4882     48.000     8.1366     8.1291    -0.0075    0.91579    0.91632          1     7.1533     7.3880       4.35     0.0230  4.924e-11  1.000e-12  2.031e+00     7.7774     7.7839     0.0065     5.9528     5.9585     47.559     48.606      0.240    1450.20    1450.18  0.000e+00
       4929     48.500     8.1316     8.1387     0.0070    0.91817    0.91992          1     7.1196     7.3527       3.82     0.0233  4.924e-11  1.000e-12  2.031e+00     7.8001     7.8146     0.0145     5.9710     5.9817     48.054     49.112      0.266    1450.22    1450.27  0.000e+00
       4975     49.000     8.1634     8.1954     0.0322    0.92778    0.93642          1     6.9209     7.1969       3.30     0.0229  4.924e-11  1.000e-12  2.031e+00     7.8809     7.9527     0.0718     6.0315     6.0850     48.550     49.618      0.245    1450.46    1450.68  0.000e+00
       5026     49.500     8.2475     8.2923     0.0444    0.95308    0.96481          1     6.5618     6.8495       2.80     0.0220  4.924e-11  1.000e-12  2.031e+00     8.0931     8.1899     0.0968     6.1902     6.2620     49.045     50.124      0.256    1451.07    1451.37  0.000e+00
       5072     50.000     8.4650     8.5352     0.0712    1.01680    1.03503          1     6.0979     6.3190       2.25     0.0214  4.924e-11  1.000e-12  2.031e+00     8.6243     8.7734     0.1492     6.5861     6.6961     49.540     50.631      0.240    1452.61    1453.08  0.000e+00
       5127     50.500     8.8763     9.4906     0.6125    1.13702    1.29938          1     5.1158     5.5575       1.68     0.0191  4.924e-11  1.000e-12  2.031e+00     9.6190    10.9326     1.3136     7.3243     8.2870     50.036     51.136      0.131    1455.49    1459.54  0.000e+00
       6419     51.000     9.4738     9.4392    -0.0348    1.26479    1.26571          1     4.5625     4.7791       1.29     0.0173  4.924e-11  1.000e-12  2.031e+00    10.6144    10.6311     0.0167     8.0380     8.0541     50.531     51.642      0.077    1459.07    1458.96  0.000e+00
       7137     51.500     9.4977     9.5069     0.0089    1.52975    1.53031          1     2.5311     2.8330       0.70     0.0187  4.924e-11  1.000e-12  2.031e+00    13.0253    13.0276     0.0023     9.9108     9.9114     51.027     52.146     -0.284    1462.11    1462.15  0.000e+00
