ctdpy/exports/archive_20191120_135557/received_data/SBE09_1044_20180924_0947_34_01_0049.cnv
* Sea-Bird SBE 9 Data File:
* FileName = C:\ctd\temp\2018\AR18D049.hex
* Software Version Seasave V 7.26.6.26
* Temperature SN = 5351
* Conductivity SN = 3941
* Number of Bytes Per Scan = 41
* Number of Voltage Words = 4
* Number of Scans Averaged by the Deck Unit = 1
* NMEA Latitude = 58 15.59 N
* NMEA Longitude = 011 26.07 E
* NMEA UTC (Time) = Sep 24 2018  09:47:32
* NMEA baud rate = 4800
** Station:  Slägg
** Operator:  MHan
** Ship: ARANDA
** Average sound velocity: 1499.92 m/s
** True-depth calculation Mon, 24 Sep 2018 10:48:33 +0000
** CTD Python Module SMHI /ver 3-12/ feb 2012 
** LIMS Job: 20183401-0049
** Cruise: SMHI-02-2018
** Latitude [GG MM.mm N] :
** Longitude [GG MM.mm E]:
# nquan = 26
# nvalues = 127                         
# units = specified
# name 0 = scan: Scan Count
# name 1 = prDM: Pressure, Digiquartz [db]
# name 2 = t090C: Temperature [ITS-90, deg C]
# name 3 = t190C: Temperature, 2 [ITS-90, deg C]
# name 4 = T2-T190C: Temperature Difference, 2 - 1 [ITS-90, deg C]
# name 5 = c0S/m: Conductivity [S/m]
# name 6 = c1S/m: Conductivity, 2 [S/m]
# name 7 = pumps: Pump Status
# name 8 = sbeox0ML/L: Oxygen, SBE 43 [ml/l]
# name 9 = sbeox1ML/L: Oxygen, SBE 43, 2 [ml/l]
# name 10 = altM: Altimeter [m]
# name 11 = flECO-AFL: Chl-a Fluorescence, WET Labs ECO-AFL/FL [mg/m^3]
# name 12 = flECO-AFL1: Phycocyanin Fluorescence, WET Labs ECO-AFL/FL, 2 [mg/m^3]
# name 13 = par: PAR/Irradiance, Biospherical/Lico [µE/(cm^2*s)]
# name 14 = turbWETntu0: Turbidity, WET Labs ECO [NTU]
# name 15 = sal00: Salinity, Practical [PSU]
# name 16 = sal11: Salinity, Practical, 2 [PSU]
# name 17 = secS-priS: Salinity, Practical, Difference, 2 - 1 [PSU]
# name 18 = sigma-t00: Density [sigma-t, Kg/m^3 ]
# name 19 = sigma-t11: Density, 2 [sigma-t, Kg/m^3 ]
# name 20 = depSM: Depth [salt water, m], lat = 58.2598
# name 21 = depFM: Depth [true depth, m], lat = 58.2598
# name 22 = dz/dtM: Descent Rate [m/s], WS = 2
# name 23 = svCM: Sound Velocity [Chen-Millero, m/s]
# name 24 = svCM1: Sound Velocity, 2 [Chen-Millero, m/s]
# name 25 = flag: flag
# span 0 =      35322,      38234       
# span 1 =      1.000,     64.000       
# span 2 =     8.1056,    16.0033       
# span 3 =     8.1109,    16.0016       
# span 4 =    -0.0286,     0.0476       
# span 5 =   3.134863,   4.077890       
# span 6 =   3.135456,   4.077307       
# span 7 =          1,          1       
# span 8 =    3.80632,    6.07962       
# span 9 =    3.13180,    4.66279       
# span 10 =       3.33,      64.04      
# span 11 =     0.2725,     3.3250      
# span 12 =     0.1920,     0.6172      
# span 13 = 1.0000e-12, 9.2390e+02      
# span 14 =     0.4296,     4.6866      
# span 15 =    24.3762,    33.6339      
# span 16 =    24.3817,    33.6326      
# span 17 =    -0.0903,     0.0509      
# span 18 =    17.6974,    26.1847      
# span 19 =    17.7017,    26.1836      
# span 20 =      0.991,     63.396      
# span 21 =      1.001,     63.694      
# span 22 =     -0.176,      0.627      
# span 23 =    1482.21,    1506.24      
# span 24 =    1482.23,    1506.23      
# span 25 = 0.0000e+00, 0.0000e+00      
# interval = decibars: 0.5              
# start_time = Sep 24 2018 09:47:32 [NMEA time, first data scan]
# bad_flag = -9.990e-29
*END*
[from data line 112]
      37739     57.000     8.5775     8.5914     0.0140    3.53726    3.53828          1     3.9407     3.6244      10.23     0.2987     0.2545  1.000e-12  3.2699000    33.5165    33.5140    -0.0024    26.0221    26.0181     56.463     56.746      0.565    1483.74    1483.79  0.000e+00
      37760     57.500     8.5853     8.6121     0.0267    3.53814    3.54021          1     3.9410     3.6030       9.73     0.3009     0.1938  1.000e-12  3.4996000    33.5181    33.5145    -0.0037    26.0223    26.0153     56.958     57.242      0.577    1483.78    1483.88  0.000e+00
      37781     58.000     8.6052     8.5996    -0.0057    3.53996    3.53954          1     3.9462     3.5936       9.26     0.2725     0.2583  1.000e-12  3.1547000    33.5181    33.5190     0.0009    26.0192    26.0208     57.453     57.738      0.580    1483.87    1483.85  0.000e+00
      37801     58.500     8.5707     8.5784     0.0076    3.53753    3.53817          1     3.9360     3.5841       8.79     0.3066     0.2390  1.000e-12  3.1735000    33.5250    33.5245    -0.0005    26.0299    26.0283     57.948     58.235      0.573    1483.75    1483.78  0.000e+00
      37822     59.000     8.5649     8.5455    -0.0195    3.53737    3.53601          1     3.9237     3.5614       8.28     0.3352     0.2291  1.000e-12  3.3854000    33.5286    33.5327     0.0041    26.0336    26.0397     58.444     58.731      0.561    1483.74    1483.68  0.000e+00
      37844     59.500     8.5155     8.5094    -0.0058    3.53383    3.53359          1     3.9090     3.5439       7.82     0.3248     0.2280  1.000e-12  3.6562000    33.5381    33.5413     0.0032    26.0486    26.0520     58.939     59.227      0.559    1483.58    1483.56  0.000e+00
      37865     60.000     8.4771     8.4703    -0.0068    3.53127    3.53080          1     3.8940     3.5292       7.35     0.3088     0.1920  1.000e-12  3.6062000    33.5473    33.5488     0.0015    26.0616    26.0639     59.434     59.724      0.567    1483.46    1483.43  0.000e+00
      37886     60.500     8.4481     8.4285    -0.0196    3.52908    3.52768          1     3.8983     3.5360       6.89     0.3073     0.2208  1.000e-12  3.1952000    33.5515    33.5553     0.0038    26.0694    26.0753     59.929     60.220      0.580    1483.36    1483.29  0.000e+00
      37907     61.000     8.4146     8.4125    -0.0022    3.52674    3.52663          1     3.8764     3.5238       6.42     0.2962     0.2521  1.000e-12  3.2694000    33.5584    33.5593     0.0009    26.0799    26.0809     60.424     60.716      0.594    1483.25    1483.24  0.000e+00
      37927     61.500     8.4000     8.4039     0.0041    3.52576    3.52612          1     3.8491     3.5145       5.95     0.2864     0.2547  1.000e-12  3.1703000    33.5617    33.5618     0.0001    26.0847    26.0842     60.920     61.213      0.594    1483.21    1483.22  0.000e+00
      37947     62.000     8.2746     8.2707    -0.0041    3.51684    3.51713          1     3.8313     3.5216       5.44     0.2917     0.2342  1.000e-12  3.1095000    33.5866    33.5935     0.0069    26.1230    26.1290     61.415     61.709      0.579    1482.78    1482.77  0.000e+00
      37968     62.500     8.1097     8.1148     0.0051    3.50592    3.50624          1     3.8227     3.5210       4.97     0.3062     0.2233  1.000e-12  3.2444000    33.6282    33.6267    -0.0015    26.1803    26.1784     61.910     62.205      0.555    1482.22    1482.23  0.000e+00
      37991     63.000     8.1056     8.1153     0.0096    3.50565    3.50624          1     3.8129     3.4898       4.48     0.3143     0.2343  1.000e-12  3.4500000    33.6290    33.6261    -0.0029    26.1816    26.1778     62.405     62.702      0.510    1482.21    1482.24  0.000e+00
      38015     63.500     8.1095     8.1109     0.0015    3.50594    3.50606          1     3.8132     3.4959       3.77     0.2969     0.3047  1.000e-12  3.7135000    33.6281    33.6280    -0.0001    26.1803    26.1800     62.901     63.198      0.435    1482.23    1482.24  0.000e+00
      38234     64.000     8.1102     8.1111     0.0006    3.50657    3.50654          1     3.8063     3.4687       3.33     0.3230     0.2616  1.000e-12  4.6866000    33.6339    33.6326    -0.0013    26.1847    26.1836     63.396     63.694     -0.176    1482.25    1482.25  0.000e+00
