ctdpy/exports/archive_20191120_135557/received_data/SBE09_0827_20180227_1204_26_01_0327.cnv
* Sea-Bird SBE 9 Data File:
* FileName = D:\CTD_SBE911\DAT\26DA.2018.3.27.hex
* Software Version Seasave V 7.21d
* Temperature SN = 034757
* Conductivity SN = 041844
* Number of Bytes Per Scan = 48
* Number of Voltage Words = 5
* Number of Scans Averaged by the Deck Unit = 1
* NMEA Latitude = 56 07.30 N
* NMEA Longitude = 019 55.13 E
* NMEA UTC (Time) = Feb 27 2018  12:04:23
* NMEA baud rate = 4800
** Ship: DANA
** Average sound velocity: 1429.93 m/s
** True-depth calculation Tue, 02 Apr 2019 12:07:44 +0000
** CTD Python Module SMHI /ver 3-12/ feb 2012 
** LIMS Job: 20182601-0327
** Operator:
** Cruise: 02/2018
# nquan = 26
# nvalues = 122                         
# units = specified
# name 0 = scan: Scan Count
# name 1 = prDM: Pressure, Digiquartz [db]
# name 2 = t090C: Temperature [ITS-90, deg C]
# name 3 = t190C: Temperature, 2 [ITS-90, deg C]
# name 4 = T2-T190C: Temperature Difference, 2 - 1 [ITS-90, deg C]
# name 5 = c0S/m: Conductivity [S/m]
# name 6 = c1S/m: Conductivity, 2 [S/m]
# name 7 = pumps: Pump Status
# name 8 = sbeox1ML/L: Oxygen, SBE 43, 2 [ml/l]
# name 9 = sbeox0ML/L: Oxygen, SBE 43 [ml/l]
# name 10 = altM: Altimeter [m]
# name 11 = chloroflTC0: Chlorophyll, Turner Cyclops [ug/l]
# name 12 = cpar: CPAR/Corrected Irradiance [%]
# name 13 = par: PAR/Irradiance, Biospherical/Lico [µE/(cm^2*s)]
# name 14 = spar: SPAR, Biospherical/Licor
# name 15 = sal00: Salinity, Practical [PSU]
# name 16 = sal11: Salinity, Practical, 2 [PSU]
# name 17 = secS-priS: Salinity, Practical, Difference, 2 - 1 [PSU]
# name 18 = sigma-t00: Density [sigma-t, kg/m^3 ]
# name 19 = sigma-t11: Density, 2 [sigma-t, kg/m^3 ]
# name 20 = depSM: Depth [salt water, m], lat = 56.1217
# name 21 = depFM: Depth [true depth, m], lat = 56.1217
# name 22 = dz/dtM: Descent Rate [m/s], WS = 2
# name 23 = svCM: Sound Velocity [Chen-Millero, m/s]
# name 24 = svCM1: Sound Velocity, 2 [Chen-Millero, m/s]
# name 25 = flag: flag
# span 0 =         33,       6827       
# span 1 =      1.500,     62.000       
# span 2 =     3.2524,     5.7188       
# span 3 =     3.2518,     5.7204       
# span 4 =    -0.0031,     0.5392       
# span 5 =   0.765768,   1.099015       
# span 6 =   0.765171,   1.098346       
# span 7 =          1,          1       
# span 8 =     1.4787,     8.4445       
# span 9 =     1.4999,     8.4186       
# span 10 =       0.69,      10.00      
# span 11 =     0.0112,     0.0160      
# span 12 = -1.428e-11, 8.6184e+00      
# span 13 = -5.800e-11, 3.7806e+01      
# span 14 = 3.4305e+02, 4.3866e+02      
# span 15 =     7.4231,    10.1531      
# span 16 =     7.4168,    10.1462      
# span 17 =    -0.0341,     0.2130      
# span 18 =     5.9151,     7.9905      
# span 19 =     5.9101,     7.9851      
# span 20 =      1.486,     61.426      
# span 21 =      1.519,     62.764      
# span 22 =     -0.321,      1.319      
# span 23 =    1427.95,    1443.29      
# span 24 =    1427.93,    1443.28      
# span 25 = 0.0000e+00, 0.0000e+00      
# interval = decibars: 0.5              
# start_time = Feb 27 2018 12:04:24 [NMEA time, first data scan]
# bad_flag = -9.990e-29
*END*
         33      1.500     3.2610     3.2603    -0.0007    0.76592    0.76531          1     8.3541     8.3784      10.00     0.0118  8.618e+00  3.781e+01  4.387e+02     7.4235     7.4173    -0.0061     5.9154     5.9105      1.486      1.519      0.324    1427.95    1427.94  0.000e+00
         50      2.000     3.2587     3.2575    -0.0013    0.76587    0.76527          1     8.3361     8.3752      10.00     0.0122  7.233e+00  3.173e+01  4.387e+02     7.4234     7.4174    -0.0060     5.9154     5.9106      1.982      2.025      0.781    1427.95    1427.93  0.000e+00
         63      2.500     3.2586     3.2577    -0.0009    0.76588    0.76525          1     8.3334     8.3787      10.00     0.0122  6.410e+00  2.812e+01  4.387e+02     7.4234     7.4171    -0.0063     5.9154     5.9104      2.477      2.531      0.866    1427.96    1427.94  0.000e+00
         77      3.000     3.2588     3.2573    -0.0016    0.76589    0.76527          1     8.3329     8.3870      10.00     0.0122  5.447e+00  2.389e+01  4.387e+02     7.4234     7.4173    -0.0061     5.9154     5.9106      2.973      3.038      0.689    1427.96    1427.95  0.000e+00
        170      3.500     3.2581     3.2567    -0.0014    0.76588    0.76526          1     8.3552     8.4008       9.99     0.0122  4.906e+00  2.146e+01  4.375e+02     7.4234     7.4172    -0.0062     5.9154     5.9105      3.468      3.544      0.621    1427.97    1427.95  0.000e+00
        254      4.000     3.2581     3.2589     0.0008    0.76589    0.76531          1     8.3836     8.4035       9.99     0.0122  4.151e+00  1.812e+01  4.364e+02     7.4235     7.4172    -0.0063     5.9155     5.9104      3.963      4.050      0.503    1427.98    1427.97  0.000e+00
        373      4.500     3.2574     3.2566    -0.0008    0.76587    0.76528          1     8.3773     8.4090       9.99     0.0122  3.531e+00  1.535e+01  4.347e+02     7.4234     7.4173    -0.0061     5.9154     5.9106      4.459      4.556      0.397    1427.98    1427.97  0.000e+00
        418      5.000     3.2564     3.2561    -0.0002    0.76587    0.76527          1     8.3982     8.4095       9.98     0.0122  3.245e+00  1.410e+01  4.346e+02     7.4235     7.4173    -0.0062     5.9155     5.9106      4.954      5.063      0.318    1427.98    1427.97  0.000e+00
        446      5.500     3.2576     3.2555    -0.0022    0.76588    0.76526          1     8.4104     8.4079       9.98     0.0118  2.692e+00  1.168e+01  4.337e+02     7.4233     7.4173    -0.0060     5.9153     5.9105      5.450      5.569      0.567    1428.00    1427.98  0.000e+00
        465      6.000     3.2540     3.2518    -0.0022    0.76579    0.76517          1     8.4110     8.3974       9.98     0.0122  2.279e+00  9.858e+00  4.326e+02     7.4231     7.4172    -0.0060     5.9152     5.9105      5.945      6.075      0.546    1427.99    1427.97  0.000e+00
        536      6.500     3.2524     3.2531     0.0007    0.76577    0.76519          1     8.3780     8.4054       9.97     0.0122  2.103e+00  9.083e+00  4.319e+02     7.4232     7.4170    -0.0062     5.9153     5.9103      6.441      6.582      0.574    1427.99    1427.98  0.000e+00
        604      7.000     3.2534     3.2553     0.0019    0.76581    0.76526          1     8.3598     8.4186       9.97     0.0122  1.906e+00  8.208e+00  4.306e+02     7.4233     7.4171    -0.0062     5.9154     5.9104      6.936      7.088      0.844    1428.00    1428.00  0.000e+00
        640      7.500     3.2552     3.2552     0.0001    0.76586    0.76527          1     8.3644     8.4164       9.97     0.0121  1.619e+00  6.973e+00  4.306e+02     7.4233     7.4172    -0.0061     5.9154     5.9105      7.432      7.594      0.528    1428.02    1428.01  0.000e+00
        734      8.000     3.2635     3.2628    -0.0007    0.76608    0.76546          1     8.3992     8.4106       9.97     0.0122  1.472e+00  6.336e+00  4.305e+02     7.4236     7.4174    -0.0062     5.9155     5.9105      7.927      8.100      0.680    1428.06    1428.05  0.000e+00
        766      8.500     3.2625     3.2620    -0.0005    0.76605    0.76545          1     8.3930     8.4059       9.96     0.0122  1.256e+00  5.407e+00  4.305e+02     7.4235     7.4173    -0.0062     5.9154     5.9105      8.422      8.607      0.408    1428.07    1428.06  0.000e+00
        843      9.000     3.2594     3.2585    -0.0010    0.76597    0.76536          1     8.4059     8.3999       9.96     0.0122  1.206e+00  5.191e+00  4.305e+02     7.4233     7.4171    -0.0062     5.9153     5.9104      8.918      9.113      0.473    1428.06    1428.05  0.000e+00
        866      9.500     3.2635     3.2629    -0.0005    0.76609    0.76547          1     8.4112     8.3926       9.96     0.0122  1.029e+00  4.429e+00  4.305e+02     7.4235     7.4172    -0.0063     5.9154     5.9104      9.413      9.619      0.420    1428.09    1428.08  0.000e+00
        956     10.000     3.2602     3.2588    -0.0015    0.76600    0.76539          1     8.4004     8.4009       9.96     0.0122  9.555e-01  4.098e+00  4.289e+02     7.4233     7.4173    -0.0060     5.9153     5.9105      9.909     10.125      0.464    1428.08    1428.06  0.000e+00
        990     10.500     3.2584     3.2587     0.0003    0.76596    0.76536          1     8.4065     8.3979       9.96     0.0122  8.944e-01  3.833e+00  4.285e+02     7.4232     7.4170    -0.0063     5.9152     5.9103     10.404     10.632      0.729    1428.08    1428.07  0.000e+00
       1006     11.000     3.2600     3.2597    -0.0002    0.76599    0.76540          1     8.4073     8.3986       9.96     0.0122  7.747e-01  3.320e+00  4.285e+02     7.4232     7.4170    -0.0062     5.9152     5.9103     10.899     11.138      0.668    1428.10    1428.09  0.000e+00
       1052     11.500     3.2587     3.2582    -0.0005    0.76597    0.76537          1     8.4026     8.4058       9.95     0.0119  6.538e-01  2.802e+00  4.285e+02     7.4231     7.4170    -0.0061     5.9151     5.9103     11.395     11.644      0.378    1428.10    1428.09  0.000e+00
       1134     12.000     3.2632     3.2642     0.0010    0.76610    0.76549          1     8.3979     8.4065       9.95     0.0122  6.237e-01  2.673e+00  4.285e+02     7.4233     7.4168    -0.0065     5.9153     5.9101     11.890     12.151      0.454    1428.12    1428.12  0.000e+00
       1156     12.500     3.2647     3.2641    -0.0006    0.76613    0.76551          1     8.3998     8.4008       9.95     0.0122  5.554e-01  2.380e+00  4.285e+02     7.4233     7.4170    -0.0063     5.9152     5.9102     12.386     12.657      0.467    1428.14    1428.13  0.000e+00
       1214     13.000     3.2647     3.2638    -0.0010    0.76615    0.76554          1     8.4028     8.3989       9.95     0.0122  4.770e-01  2.044e+00  4.285e+02     7.4234     7.4172    -0.0062     5.9153     5.9104     12.881     13.163      0.302    1428.15    1428.14  0.000e+00
       1291     13.500     3.2676     3.2668    -0.0008    0.76625    0.76562          1     8.4058     8.3975       9.95     0.0122  4.474e-01  1.917e+00  4.285e+02     7.4237     7.4173    -0.0064     5.9155     5.9104     13.377     13.669      0.507    1428.17    1428.16  0.000e+00
       1310     14.000     3.2679     3.2675    -0.0004    0.76627    0.76566          1     8.4102     8.3887       9.95     0.0122  4.052e-01  1.736e+00  4.285e+02     7.4238     7.4175    -0.0062     5.9155     5.9106     13.872     14.176      0.539    1428.18    1428.17  0.000e+00
       1336     14.500     3.2681     3.2672    -0.0009    0.76627    0.76566          1     8.4146     8.3867       9.95     0.0122  3.475e-01  1.488e+00  4.282e+02     7.4237     7.4175    -0.0062     5.9155     5.9106     14.367     14.682      0.342    1428.19    1428.18  0.000e+00
       1416     15.000     3.2686     3.2682    -0.0005    0.76631    0.76570          1     8.4121     8.3907       9.95     0.0122  3.080e-01  1.315e+00  4.268e+02     7.4238     7.4176    -0.0062     5.9156     5.9106     14.863     15.188      0.240    1428.20    1428.19  0.000e+00
       1466     15.500     3.2685     3.2678    -0.0007    0.76631    0.76570          1     8.4185     8.4037       9.95     0.0122  3.024e-01  1.289e+00  4.265e+02     7.4239     7.4177    -0.0062     5.9156     5.9107     15.358     15.694      0.405    1428.20    1428.19  0.000e+00
       1490     16.000     3.2682     3.2676    -0.0006    0.76629    0.76568          1     8.4174     8.4079       9.95     0.0122  2.629e-01  1.121e+00  4.265e+02     7.4237     7.4175    -0.0062     5.9155     5.9105     15.854     16.201      0.470    1428.21    1428.20  0.000e+00
       1556     16.500     3.2677     3.2667    -0.0010    0.76628    0.76566          1     8.4054     8.3928       9.95     0.0118  2.376e-01  1.012e+00  4.258e+02     7.4236     7.4174    -0.0062     5.9154     5.9105     16.349     16.707      0.534    1428.22    1428.21  0.000e+00
       1614     17.000     3.2667     3.2665    -0.0002    0.76626    0.76566          1     8.4007     8.3943       9.95     0.0122  2.446e-01  1.038e+00  4.246e+02     7.4235     7.4173    -0.0062     5.9154     5.9105     16.844     17.213      1.064    1428.22    1428.21  0.000e+00
       1623     17.500     3.2665     3.2664    -0.0001    0.76626    0.76567          1     8.4050     8.3993       9.95     0.0122  2.195e-01  9.317e-01  4.244e+02     7.4235     7.4174    -0.0061     5.9154     5.9105     17.340     17.720      1.103    1428.23    1428.22  0.000e+00
       1633     18.000     3.2666     3.2669     0.0003    0.76627    0.76569          1     8.4099     8.4048       9.95     0.0122  1.897e-01  8.051e-01  4.244e+02     7.4235     7.4174    -0.0061     5.9154     5.9105     17.835     18.226      0.965    1428.23    1428.23  0.000e+00
       1661     18.500     3.2670     3.2672     0.0002    0.76628    0.76570          1     8.4077     8.4020       9.95     0.0121  1.539e-01  6.528e-01  4.242e+02     7.4235     7.4173    -0.0062     5.9154     5.9104     18.331     18.732      0.597    1428.25    1428.24  0.000e+00
       1779     19.000     3.2668     3.2669     0.0001    0.76629    0.76569          1     8.3928     8.3992       9.95     0.0115  1.648e-01  6.960e-01  4.224e+02     7.4236     7.4173    -0.0063     5.9154     5.9104     18.826     19.238      1.190    1428.25    1428.24  0.000e+00
       1790     19.500     3.2667     3.2665    -0.0002    0.76630    0.76570          1     8.3981     8.3981       9.95     0.0112  1.392e-01  5.880e-01  4.224e+02     7.4236     7.4174    -0.0062     5.9154     5.9105     19.321     19.745      0.997    1428.26    1428.25  0.000e+00
       1822     20.000     3.2669     3.2668    -0.0001    0.76632    0.76572          1     8.4096     8.3998       9.95     0.0116  1.106e-01  4.669e-01  4.221e+02     7.4236     7.4175    -0.0062     5.9155     5.9105     19.817     20.251      0.572    1428.27    1428.26  0.000e+00
       1940     20.500     3.2662     3.2662     0.0000    0.76632    0.76572          1     8.4106     8.4123       9.95     0.0122  9.404e-02  3.954e-01  4.204e+02     7.4238     7.4176    -0.0062     5.9156     5.9106     20.312     20.757      0.629    1428.27    1428.26  0.000e+00
       1963     21.000     3.2664     3.2660    -0.0004    0.76633    0.76573          1     8.4183     8.4099       9.95     0.0121  8.057e-02  3.387e-01  4.204e+02     7.4238     7.4176    -0.0061     5.9156     5.9107     20.808     21.264      0.456    1428.28    1428.27  0.000e+00
       2006     21.500     3.2662     3.2648    -0.0014    0.76632    0.76570          1     8.4161     8.4011       9.95     0.0117  6.680e-02  2.806e-01  4.201e+02     7.4237     7.4176    -0.0061     5.9155     5.9107     21.303     21.770      0.194    1428.29    1428.27  0.000e+00
       2121     22.000     3.2649     3.2642    -0.0007    0.76629    0.76568          1     8.4131     8.3965       9.95     0.0121  6.100e-02  2.538e-01  4.161e+02     7.4235     7.4174    -0.0061     5.9154     5.9105     21.798     22.276      0.345    1428.29    1428.28  0.000e+00
       2143     22.500     3.2645     3.2641    -0.0004    0.76628    0.76568          1     8.4190     8.3931       9.95     0.0122  5.370e-02  2.236e-01  4.163e+02     7.4235     7.4174    -0.0062     5.9154     5.9105     22.294     22.782      0.501    1428.30    1428.29  0.000e+00
       2166     23.000     3.2652     3.2663     0.0011    0.76631    0.76574          1     8.4221     8.3968       9.95     0.0122  4.734e-02  1.968e-01  4.156e+02     7.4236     7.4174    -0.0062     5.9154     5.9105     22.789     23.289      0.493    1428.31    1428.30  0.000e+00
       2192     23.500     3.2677     3.2673    -0.0004    0.76640    0.76580          1     8.4289     8.3997       9.95     0.0122  4.104e-02  1.700e-01  4.143e+02     7.4238     7.4177    -0.0061     5.9156     5.9107     23.285     23.795      0.411    1428.33    1428.32  0.000e+00
       2226     24.000     3.2663     3.2653    -0.0009    0.76636    0.76575          1     8.4244     8.4038       9.95     0.0118  3.228e-02  1.337e-01  4.143e+02     7.4237     7.4176    -0.0061     5.9155     5.9107     23.780     24.301      0.311    1428.33    1428.32  0.000e+00
       2304     24.500     3.2630     3.2617    -0.0013    0.76627    0.76566          1     8.4221     8.4045       9.95     0.0122  2.436e-02  1.003e-01  4.117e+02     7.4235     7.4174    -0.0061     5.9154     5.9106     24.275     24.807      0.240    1428.32    1428.31  0.000e+00
       2376     25.000     3.2616     3.2617     0.0001    0.76624    0.76565          1     8.4187     8.3961       9.95     0.0122  2.141e-02  8.768e-02  4.096e+02     7.4234     7.4173    -0.0062     5.9154     5.9105     24.771     25.314      0.491    1428.32    1428.31  0.000e+00
       2397     25.500     3.2618     3.2628     0.0010    0.76626    0.76568          1     8.4142     8.3998       9.95     0.0122  1.427e-02  5.826e-02  4.082e+02     7.4235     7.4173    -0.0062     5.9154     5.9105     25.266     25.820      0.524    1428.33    1428.33  0.000e+00
       2424     26.000     3.2637     3.2648     0.0010    0.76632    0.76576          1     8.4176     8.4032       9.95     0.0116  6.893e-03  2.814e-02  4.082e+02     7.4236     7.4175    -0.0061     5.9155     5.9106     25.762     26.326      0.368    1428.35    1428.34  0.000e+00
       2477     26.500     3.2654     3.2650    -0.0004    0.76638    0.76578          1     8.4255     8.3987       9.95     0.0120  1.444e-03  5.877e-03  4.067e+02     7.4238     7.4176    -0.0062     5.9156     5.9107     26.257     26.833      0.216    1428.36    1428.35  0.000e+00
       2525     27.000     3.2657     3.2649    -0.0008    0.76640    0.76579          1     8.4296     8.3968       9.95     0.0118  1.306e-05  5.316e-05  4.055e+02     7.4238     7.4176    -0.0061     5.9156     5.9107     26.752     27.339      0.286    1428.37    1428.36  0.000e+00
       2580     27.500     3.2654     3.2646    -0.0007    0.76640    0.76579          1     8.4279     8.3987       9.95     0.0122 -1.428e-11 -5.800e-11  4.041e+02     7.4238     7.4177    -0.0062     5.9156     5.9107     27.248     27.845      0.205    1428.38    1428.37  0.000e+00
       2633     28.000     3.2632     3.2602    -0.0031    0.76633    0.76568          1     8.4233     8.4024       9.95     0.0122  2.474e-13  1.000e-12  4.041e+02     7.4236     7.4175    -0.0060     5.9155     5.9107     27.743     28.351      0.422    1428.38    1428.36  0.000e+00
       2655     28.500     3.2605     3.2591    -0.0013    0.76626    0.76564          1     8.4286     8.4030       9.95     0.0121  2.484e-13  1.000e-12  4.026e+02     7.4234     7.4173    -0.0061     5.9154     5.9105     28.238     28.858      0.522    1428.37    1428.36  0.000e+00
