ctdpy/exports/archive_20191120_135557/received_data/SBE09_0827_20181008_0637_26_01_1043.cnv
* Sea-Bird SBE 9 Data File:
* FileName = D:\CTD_SBE911\DAT\26DA.2018.10.43.hex
* Software Version Seasave V 7.21d
* Temperature SN = 4548
* Conductivity SN = 3062
* Number of Bytes Per Scan = 48
* Number of Voltage Words = 5
* Number of Scans Averaged by the Deck Unit = 1
* NMEA Latitude = 58 46.62 N
* NMEA Longitude = 019 09.54 E
* NMEA UTC (Time) = Oct 08 2018  06:40:19
* NMEA baud rate = 4800
** Ship: DANA
** Average sound velocity: 1440.14 m/s
** True-depth calculation Thu, 28 Mar 2019 12:21:37 +0000
** CTD Python Module SMHI /ver 3-12/ feb 2012 
** LIMS Job: 20182601-1043
** Operator: Christian
** Cruise: 10/2018
# nquan = 26
# nvalues = 260                         
# units = specified
# name 0 = scan: Scan Count
# name 1 = prDM: Pressure, Digiquartz [db]
# name 2 = t090C: Temperature [ITS-90, deg C]
# name 3 = t190C: Temperature, 2 [ITS-90, deg C]
# name 4 = T2-T190C: Temperature Difference, 2 - 1 [ITS-90, deg C]
# name 5 = c0S/m: Conductivity [S/m]
# name 6 = c1S/m: Conductivity, 2 [S/m]
# name 7 = pumps: Pump Status
# name 8 = sbeox1ML/L: Oxygen, SBE 43, 2 [ml/l]
# name 9 = sbeox0ML/L: Oxygen, SBE 43 [ml/l]
# name 10 = altM: Altimeter [m]
# name 11 = chloroflTC0: Chlorophyll, Turner Cyclops [ug/l]
# name 12 = cpar: CPAR/Corrected Irradiance [%]
# name 13 = par: PAR/Irradiance, Biospherical/Lico [µE/(cm^2*s)]
# name 14 = spar: SPAR, Biospherical/Licor
# name 15 = sal00: Salinity, Practical [PSU]
# name 16 = sal11: Salinity, Practical, 2 [PSU]
# name 17 = secS-priS: Salinity, Practical, Difference, 2 - 1 [PSU]
# name 18 = sigma-t00: Density [sigma-t, kg/m^3 ]
# name 19 = sigma-t11: Density, 2 [sigma-t, kg/m^3 ]
# name 20 = depSM: Depth [salt water, m], lat = 58.777
# name 21 = depFM: Depth [true depth, m], lat = 58.777
# name 22 = dz/dtM: Descent Rate [m/s], WS = 2
# name 23 = svCM: Sound Velocity [Chen-Millero, m/s]
# name 24 = svCM1: Sound Velocity, 2 [Chen-Millero, m/s]
# name 25 = flag: flag
# span 0 =        -46,      11721       
# span 1 =      1.000,    130.500       
# span 2 =     3.3870,     9.6383       
# span 3 =     3.3884,     9.6388       
# span 4 =    -0.0303,     0.5020       
# span 5 =   0.760759,   1.211329       
# span 6 =   0.761057,   1.211479       
# span 7 =          1,          1       
# span 8 =     0.0461,     7.5850       
# span 9 =     0.0441,     7.2105       
# span 10 =       2.19,      10.05      
# span 11 =     0.0159,     0.0347      
# span 12 = -7.321e-12, 1.0202e+01      
# span 13 = -1.844e-11, 2.8533e+01      
# span 14 = 1.9095e+02, 2.8008e+02      
# span 15 =     6.8088,    11.1388      
# span 16 =     6.8087,    11.1398      
# span 17 =    -0.0193,     0.2028      
# span 18 =     5.0574,     8.7432      
# span 19 =     5.0572,     8.7439      
# span 20 =      0.991,    129.242      
# span 21 =      1.013,    131.981      
# span 22 =     -0.088,      0.540      
# span 23 =    1429.17,    1454.35      
# span 24 =    1429.19,    1454.35      
# span 25 = 0.0000e+00, 0.0000e+00      
# interval = decibars: 0.5              
# start_time = Oct 08 2018 06:40:19 [NMEA time, first data scan]
# bad_flag = -9.990e-29
*END*
[from data line 112]
       5321     57.000     3.4285     3.4243    -0.0041    0.77825    0.77792          1     7.0949     6.6948       9.96     0.0159  4.686e-13  1.000e-12  2.134e+02     7.5051     7.5026    -0.0025     5.9780     5.9761     56.460     57.729      0.269    1429.69    1429.67  0.000e+00
       5362     57.500     3.4373     3.4312    -0.0060    0.77873    0.77833          1     7.0671     6.6780       9.96     0.0159  4.690e-13  1.000e-12  2.132e+02     7.5079     7.5052    -0.0027     5.9801     5.9780     56.956     58.235      0.290    1429.75    1429.72  0.000e+00
       5407     58.000     3.4403     3.4362    -0.0040    0.77948    0.77881          1     7.0284     6.6462       9.96     0.0159  4.690e-13  1.000e-12  2.132e+02     7.5150     7.5089    -0.0060     5.9856     5.9809     57.451     58.742      0.251    1429.78    1429.75  0.000e+00
       5455     58.500     3.4571     3.4415    -0.0156    0.78072    0.77952          1     6.9856     6.6103       9.96     0.0159  4.692e-13  1.000e-12  2.132e+02     7.5238     7.5150    -0.0088     5.9924     5.9857     57.946     59.248      0.258    1429.87    1429.79  0.000e+00
       5497     59.000     3.5078     3.4774    -0.0303    0.78442    0.78228          1     6.8572     6.5642       9.96     0.0159  4.690e-13  1.000e-12  2.132e+02     7.5503     7.5351    -0.0151     6.0126     6.0011     58.441     59.754      0.287    1430.15    1429.99  0.000e+00
       5544     59.500     3.5379     3.5119    -0.0261    0.78712    0.78494          1     6.6732     6.4325       9.96     0.0159  4.704e-13  1.000e-12  2.126e+02     7.5711     7.5546    -0.0164     6.0286     6.0160     58.936     60.260      0.234    1430.32    1430.18  0.000e+00
       5591     60.000     3.5753     3.5521    -0.0232    0.79059    0.78819          1     6.5306     6.3347       9.96     0.0159  4.735e-13  1.000e-12  2.112e+02     7.5980     7.5787    -0.0193     6.0494     6.0345     59.432     60.767      0.316    1430.53    1430.40  0.000e+00
       5627     60.500     3.6455     3.6340    -0.0115    0.79702    0.79558          1     6.3183     6.1652       9.96     0.0159  4.735e-13  1.000e-12  2.112e+02     7.6479     7.6357    -0.0122     6.0877     6.0782     59.927     61.273      0.315    1430.92    1430.85  0.000e+00
       5674     61.000     3.6772     3.6598    -0.0173    0.80022    0.79849          1     6.1436     5.9387       9.96     0.0159  4.735e-13  1.000e-12  2.112e+02     7.6733     7.6596    -0.0137     6.1073     6.0968     60.422     61.779      0.224    1431.11    1431.01  0.000e+00
       5722     61.500     3.7302     3.7201    -0.0102    0.80542    0.80410          1     5.9695     5.8034       9.96     0.0159  4.735e-13  1.000e-12  2.112e+02     7.7142     7.7030    -0.0112     6.1387     6.1300     60.917     62.285      0.303    1431.41    1431.35  0.000e+00
       5760     62.000     3.7639     3.7812     0.0173    0.81063    0.81212          1     5.7825     5.6135       9.96     0.0159  4.735e-13  1.000e-12  2.112e+02     7.7598     7.7710     0.0112     6.1742     6.1827     61.412     62.791      0.300    1431.63    1431.72  0.000e+00
       5811     62.500     3.8037     3.8652     0.0615    0.81788    0.82568          1     5.5443     5.2360       9.96     0.0159  4.735e-13  1.000e-12  2.112e+02     7.8247     7.8901     0.0654     6.2249     6.2755     61.907     63.297      0.216    1431.90    1432.26  0.000e+00
       5862     63.000     3.8590     3.9424     0.0834    0.82698    0.83808          1     5.2646     4.8720       9.96     0.0159  4.764e-13  1.000e-12  2.099e+02     7.9049     7.9986     0.0937     6.2874     6.3598     62.403     63.803      0.307    1432.26    1432.75  0.000e+00
       5897     63.500     3.9476     4.0021     0.0545    0.84013    0.84827          1     4.8935     4.5877       9.96     0.0159  4.780e-13  1.000e-12  2.092e+02     8.0183     8.0883     0.0700     6.3753     6.4295     62.898     64.310      0.321    1432.81    1433.15  0.000e+00
       5946     64.000     4.0080     4.0463     0.0384    0.84963    0.85465          1     4.5048     4.2889       9.96     0.0159  4.781e-13  1.000e-12  2.092e+02     8.1007     8.1427     0.0419     6.4392     6.4715     63.393     64.816      0.218    1433.20    1433.42  0.000e+00
       5994     64.500     4.0678     4.1197     0.0519    0.85904    0.86541          1     4.2254     4.0460       9.96     0.0159  4.781e-13  1.000e-12  2.092e+02     8.1822     8.2344     0.0522     6.5023     6.5422     63.888     65.322      0.327    1433.58    1433.88  0.000e+00
       6030     65.000     4.1636     4.3320     0.1685    0.87270    0.89608          1     3.8885     3.6897       9.96     0.0159  4.781e-13  1.000e-12  2.092e+02     8.2978     8.4931     0.1953     6.5913     6.7408     64.383     65.827      0.272    1434.16    1435.17  0.000e+00
       6093     65.500     4.4445     4.5247     0.0802    0.91834    0.92822          1     2.7892     2.6478       9.96     0.0161  4.781e-13  1.000e-12  2.092e+02     8.6909     8.7704     0.0795     6.8938     6.9540     64.879     66.333      0.247    1435.93    1436.39  0.000e+00
       6133     66.000     4.5810     4.6937     0.1127    0.93925    0.95440          1     2.2369     2.2702       9.96     0.0160  4.811e-13  1.000e-12  2.079e+02     8.8676     8.9909     0.1234     7.0290     7.1222     65.374     66.839      0.353    1436.77    1437.42  0.000e+00
       6175     66.500     4.7390     4.9060     0.1668    0.96552    0.99012          1     1.7467     1.7064       9.96     0.0160  4.828e-13  1.000e-12  2.071e+02     9.0914     9.2942     0.2028     7.2000     7.3534     65.869     67.345      0.234    1437.76    1438.75  0.000e+00
       6233     67.000     5.0262     5.1781     0.1519    1.01611    1.03580          1     0.9258     0.8571       9.96     0.0161  4.828e-13  1.000e-12  2.072e+02     9.5228     9.6783     0.1554     7.5288     7.6446     66.364     67.850      0.326    1439.57    1440.44  0.000e+00
       6262     67.500     5.1473     5.1962     0.0489    1.03340    1.03886          1     0.5090     0.6016       9.96     0.0164  4.828e-13  1.000e-12  2.072e+02     9.6628     9.7037     0.0409     7.6338     7.6638     66.859     68.356      0.379    1440.29    1440.55  0.000e+00
       6311     68.000     5.1690     5.2449     0.0759    1.03672    1.04687          1     0.4352     0.4562       9.96     0.0162  4.828e-13  1.000e-12  2.072e+02     9.6899     9.7701     0.0802     7.6542     7.7138     67.354     68.861      0.234    1440.43    1440.86  0.000e+00
       6365     68.500     5.2479     5.3277     0.0798    1.05023    1.06039          1     0.4250     0.3721       9.96     0.0165  4.828e-13  1.000e-12  2.072e+02     9.8029     9.8817     0.0788     7.7396     7.7978     67.850     69.367      0.382    1440.92    1441.37  0.000e+00
       6392     69.000     5.3043     5.3518     0.0474    1.05862    1.06447          1     0.3512     0.3267       9.96     0.0169  4.830e-13  1.000e-12  2.070e+02     9.8706     9.9155     0.0449     7.7902     7.8232     68.345     69.872      0.380    1441.26    1441.52  0.000e+00
       6451     69.500     5.3301     5.3645     0.0343    1.06297    1.06683          1     0.3260     0.2816       9.96     0.0170  4.848e-13  1.000e-12  2.063e+02     9.9067     9.9354     0.0287     7.8174     7.8382     68.840     70.377      0.259    1441.43    1441.61  0.000e+00
       6499     70.000     5.3592     5.3741     0.0149    1.06703    1.06809          1     0.3129     0.2615       9.96     0.0171  4.875e-13  1.000e-12  2.051e+02     9.9389     9.9451     0.0062     7.8413     7.8454     69.335     70.883      0.427    1441.60    1441.67  0.000e+00
       6529     70.500     5.3723     5.3833     0.0111    1.06882    1.06965          1     0.2897     0.2440       9.96     0.0170  4.875e-13  1.000e-12  2.051e+02     9.9529     9.9579     0.0050     7.8516     7.8550     69.830     71.388      0.306    1441.68    1441.74  0.000e+00
       6586     71.000     5.3839     5.3969     0.0130    1.07075    1.07195          1     0.2692     0.2160       9.96     0.0169  4.875e-13  1.000e-12  2.051e+02     9.9687     9.9769     0.0082     7.8635     7.8693     70.325     71.893      0.223    1441.76    1441.83  0.000e+00
       6628     71.500     5.4182     5.4332     0.0150    1.07649    1.07801          1     0.2515     0.1994       9.96     0.0165  4.875e-13  1.000e-12  2.051e+02    10.0161    10.0269     0.0108     7.8991     7.9069     70.821     72.398      0.353    1441.98    1442.05  0.000e+00
       6664     72.000     5.4318     5.4473     0.0154    1.07850    1.08044          1     0.2365     0.1850       9.96     0.0170  4.875e-13  1.000e-12  2.051e+02    10.0321    10.0469     0.0148     7.9110     7.9219     71.316     72.904      0.270    1442.06    1442.15  0.000e+00
       6721     72.500     5.4339     5.4292    -0.0047    1.07868    1.07737          1     0.2259     0.1747       9.96     0.0167  4.875e-13  1.000e-12  2.051e+02    10.0332    10.0215    -0.0117     7.9118     7.9028     71.811     73.409      0.255    1442.08    1442.05  0.000e+00
       6759     73.000     5.4302     5.4409     0.0106    1.07821    1.07918          1     0.2236     0.1737       9.96     0.0171  4.877e-13  1.000e-12  2.051e+02    10.0295    10.0361     0.0065     7.9091     7.9136     72.306     73.914      0.331    1442.07    1442.13  0.000e+00
       6804     73.500     5.4586     5.4839     0.0253    1.08298    1.08641          1     0.2049     0.1549       9.96     0.0170  4.876e-13  1.000e-12  2.051e+02    10.0688    10.0956     0.0269     7.9385     7.9583     72.801     74.419      0.224    1442.25    1442.39  0.000e+00
       6856     74.000     5.5156     5.5727     0.0571    1.09291    1.10196          1     0.1690     0.1236       9.96     0.0171  4.902e-13  1.000e-12  2.040e+02    10.1511    10.2246     0.0734     8.0004     8.0552     73.296     74.925      0.301    1442.61    1442.95  0.000e+00
       6892     74.500     5.5742     5.6084     0.0342    1.10340    1.10843          1     0.1565     0.1153       9.96     0.0171  4.924e-13  1.000e-12  2.031e+02    10.2384    10.2784     0.0400     8.0660     8.0956     73.792     75.430      0.304    1442.98    1443.18  0.000e+00
       6947     75.000     5.6040     5.6338     0.0297    1.10924    1.11347          1     0.1461     0.1089       9.96     0.0171  4.924e-13  1.000e-12  2.031e+02    10.2877    10.3209     0.0332     8.1032     8.1277     74.287     75.935      0.248    1443.18    1443.35  0.000e+00
       6989     75.500     5.6334     5.6485     0.0152    1.11440    1.11618          1     0.1454     0.1068       9.96     0.0170  4.924e-13  1.000e-12  2.031e+02    10.3303    10.3435     0.0132     8.1351     8.1447     74.782     76.440      0.383    1443.37    1443.45  0.000e+00
       7022     76.000     5.6454     5.6565     0.0111    1.11627    1.11773          1     0.1437     0.1037       9.96     0.0171  4.924e-13  1.000e-12  2.031e+02    10.3452    10.3564     0.0111     8.1462     8.1544     75.277     76.945      0.290    1443.45    1443.51  0.000e+00
       7087     76.500     5.6614     5.6851     0.0236    1.11976    1.12332          1     0.1385     0.0989       9.96     0.0170  4.924e-13  1.000e-12  2.031e+02    10.3752    10.4035     0.0283     8.1689     8.1898     75.772     77.451      0.276    1443.56    1443.70  0.000e+00
       7118     77.000     5.6777     5.6995     0.0218    1.12268    1.12595          1     0.1356     0.0970       9.96     0.0169  4.924e-13  1.000e-12  2.031e+02    10.3992    10.4252     0.0260     8.1870     8.2062     76.267     77.956      0.373    1443.67    1443.79  0.000e+00
       7166     77.500     5.6982     5.7145     0.0163    1.12660    1.12914          1     0.1318     0.0956       9.96     0.0170  4.924e-13  1.000e-12  2.031e+02    10.4320    10.4524     0.0204     8.2116     8.2267     76.762     78.461      0.215    1443.80    1443.90  0.000e+00
       7220     78.000     5.7128     5.7227     0.0098    1.12952    1.13071          1     0.1279     0.0950       9.96     0.0171  4.933e-13  1.000e-12  2.027e+02    10.4566    10.4655     0.0088     8.2302     8.2365     77.258     78.966      0.303    1443.91    1443.96  0.000e+00
       7262     78.500     5.7261     5.7376     0.0115    1.13203    1.13372          1     0.1249     0.0917       9.96     0.0171  4.960e-13  1.000e-12  2.016e+02    10.4775    10.4908     0.0133     8.2458     8.2556     77.753     79.471      0.251    1444.00    1444.06  0.000e+00
       7312     79.000     5.7417     5.7573     0.0156    1.13526    1.13753          1     0.1189     0.0885       9.96     0.0170  4.974e-13  1.000e-12  2.010e+02    10.5049    10.5226     0.0178     8.2665     8.2796     78.248     79.976      0.282    1444.11    1444.20  0.000e+00
       7354     79.500     5.7783     5.8084     0.0301    1.14262    1.14778          1     0.1159     0.0879       9.96     0.0170  4.974e-13  1.000e-12  2.011e+02    10.5668    10.6090     0.0421     8.3132     8.3446     78.743     80.481      0.257    1444.35    1444.53  0.000e+00
       7402     80.000     5.8156     5.8309     0.0153    1.15006    1.15243          1     0.1169     0.0860       9.96     0.0170  4.974e-13  1.000e-12  2.011e+02    10.6294    10.6482     0.0188     8.3602     8.3741     79.238     80.986      0.282    1444.60    1444.68  0.000e+00
       7443     80.500     5.8348     5.8463     0.0115    1.15382    1.15545          1     0.1124     0.0852       9.96     0.0170  4.974e-13  1.000e-12  2.011e+02    10.6608    10.6734     0.0126     8.3838     8.3930     79.733     81.491      0.243    1444.73    1444.79  0.000e+00
       7504     81.000     5.8502     5.8635     0.0133    1.15719    1.15906          1     0.1109     0.0832       9.96     0.0167  4.974e-13  1.000e-12  2.011e+02    10.6895    10.7039     0.0144     8.4054     8.4160     80.229     81.996      0.241    1444.84    1444.91  0.000e+00
       7541     81.500     5.8703     5.8817     0.0113    1.16146    1.16327          1     0.1063     0.0815       9.96     0.0169  4.974e-13  1.000e-12  2.011e+02    10.7256    10.7400     0.0144     8.4327     8.4433     80.724     82.501      0.315    1444.97    1445.04  0.000e+00
       7597     82.000     5.8817     5.8920     0.0103    1.16410    1.16603          1     0.1073     0.0804       9.96     0.0170  4.974e-13  1.000e-12  2.011e+02    10.7482    10.7642     0.0160     8.4497     8.4617     81.219     83.006      0.221    1445.06    1445.12  0.000e+00
       7644     82.500     5.8944     5.9021     0.0077    1.16747    1.16861          1     0.1066     0.0766       9.96     0.0170  4.974e-13  1.000e-12  2.011e+02    10.7778    10.7866     0.0088     8.4723     8.4788     81.714     83.511      0.347    1445.16    1445.20  0.000e+00
       7678     83.000     5.9027     5.9106     0.0079    1.16935    1.17072          1     0.0990     0.0805       9.96     0.0170  4.996e-13  1.000e-12  2.002e+02    10.7938    10.8049     0.0111     8.4844     8.4926     82.209     84.016      0.274    1445.22    1445.27  0.000e+00
       7739     83.500     5.9090     5.9155     0.0066    1.17095    1.17184          1     0.1008     0.0784       9.96     0.0169  4.991e-13  1.000e-12  2.003e+02    10.8076    10.8144     0.0068     8.4949     8.4998     82.704     84.521      0.228    1445.28    1445.31  0.000e+00
       7784     84.000     5.9218     5.9280     0.0062    1.17370    1.17433          1     0.0940     0.0763       9.96     0.0170  5.022e-13  1.000e-12  1.991e+02    10.8308    10.8351     0.0043     8.5124     8.5153     83.199     85.026      0.306    1445.37    1445.40  0.000e+00
