ctdpy/exports/archive_20191120_135557/received_data/SBE09_0827_20181013_1805_26_01_1094.cnv
* Sea-Bird SBE 9 Data File:
* FileName = D:\CTD_SBE911\DAT\26DA.2018.10.94.hex
* Software Version Seasave V 7.21d
* Temperature SN = 4548
* Conductivity SN = 3062
* Number of Bytes Per Scan = 48
* Number of Voltage Words = 5
* Number of Scans Averaged by the Deck Unit = 1
* NMEA Latitude = 55 38.32 N
* NMEA Longitude = 014 41.99 E
* NMEA UTC (Time) = Oct 13 2018  18:08:12
* NMEA baud rate = 4800
** Ship: DANA
** Average sound velocity: 1463.35 m/s
** True-depth calculation Thu, 28 Mar 2019 12:29:41 +0000
** CTD Python Module SMHI /ver 3-12/ feb 2012 
** LIMS Job: 20182601-1094
** Operator: Christian A-KTh
** Cruise: 10/2018
# nquan = 26
# nvalues = 117                         
# units = specified
# name 0 = scan: Scan Count
# name 1 = prDM: Pressure, Digiquartz [db]
# name 2 = t090C: Temperature [ITS-90, deg C]
# name 3 = t190C: Temperature, 2 [ITS-90, deg C]
# name 4 = T2-T190C: Temperature Difference, 2 - 1 [ITS-90, deg C]
# name 5 = c0S/m: Conductivity [S/m]
# name 6 = c1S/m: Conductivity, 2 [S/m]
# name 7 = pumps: Pump Status
# name 8 = sbeox1ML/L: Oxygen, SBE 43, 2 [ml/l]
# name 9 = sbeox0ML/L: Oxygen, SBE 43 [ml/l]
# name 10 = altM: Altimeter [m]
# name 11 = chloroflTC0: Chlorophyll, Turner Cyclops [ug/l]
# name 12 = cpar: CPAR/Corrected Irradiance [%]
# name 13 = par: PAR/Irradiance, Biospherical/Lico [µE/(cm^2*s)]
# name 14 = spar: SPAR, Biospherical/Licor
# name 15 = sal00: Salinity, Practical [PSU]
# name 16 = sal11: Salinity, Practical, 2 [PSU]
# name 17 = secS-priS: Salinity, Practical, Difference, 2 - 1 [PSU]
# name 18 = sigma-t00: Density [sigma-t, kg/m^3 ]
# name 19 = sigma-t11: Density, 2 [sigma-t, kg/m^3 ]
# name 20 = depSM: Depth [salt water, m], lat = 55.6387
# name 21 = depFM: Depth [true depth, m], lat = 55.6387
# name 22 = dz/dtM: Descent Rate [m/s], WS = 2
# name 23 = svCM: Sound Velocity [Chen-Millero, m/s]
# name 24 = svCM1: Sound Velocity, 2 [Chen-Millero, m/s]
# name 25 = flag: flag
# span 0 =        314,       6092       
# span 1 =      1.500,     59.500       
# span 2 =     6.6796,    13.2687       
# span 3 =     6.7385,    13.3191       
# span 4 =    -1.0024,     0.4088       
# span 5 =   0.877413,   1.748240       
# span 6 =   0.877901,   1.748910       
# span 7 =          1,          1       
# span 8 =     1.2914,     7.4011       
# span 9 =     1.2321,     7.0520       
# span 10 =       1.23,       9.98      
# span 11 =     0.0159,     0.0393      
# span 12 = 4.9241e-11, 4.9241e-11      
# span 13 = 1.0000e-12, 1.0000e-12      
# span 14 = 2.0308e+00, 2.0308e+00      
# span 15 =     7.5338,    14.3203      
# span 16 =     7.5470,    14.3296      
# span 17 =    -0.2038,     0.0934      
# span 18 =     5.3997,    10.6783      
# span 19 =     5.3951,    10.6867      
# span 20 =      1.486,     58.952      
# span 21 =      1.520,     60.167      
# span 22 =      0.156,      0.297      
# span 23 =    1443.68,    1475.47      
# span 24 =    1443.91,    1475.59      
# span 25 = 0.0000e+00, 0.0000e+00      
# interval = decibars: 0.5              
# start_time = Oct 13 2018 18:08:12 [NMEA time, first data scan]
# bad_flag = -9.990e-29
*END*
        314      1.500    12.7564    12.7382    -0.0183    1.02561    1.02547          1     7.2598     6.7778       9.98     0.0362  4.924e-11  1.000e-12  2.031e+00     7.7489     7.7515     0.0025     5.4060     5.4105      1.486      1.520      0.221    1467.19    1467.13  0.000e+00
        377      2.000    12.7495    12.7509     0.0013    1.02554    1.02553          1     7.2494     6.7951       9.98     0.0343  4.924e-11  1.000e-12  2.031e+00     7.7496     7.7493    -0.0003     5.4075     5.4071      1.982      2.026      0.205    1467.17    1467.18  0.000e+00
        435      2.500    12.7610    12.7693     0.0084    1.02551    1.02553          1     7.2505     6.7879       9.98     0.0343  4.924e-11  1.000e-12  2.031e+00     7.7470     7.7454    -0.0016     5.4039     5.4015      2.477      2.533      0.251    1467.22    1467.25  0.000e+00
        481      3.000    12.7436    12.7461     0.0024    1.02551    1.02555          1     7.2637     6.7936       9.98     0.0342  4.924e-11  1.000e-12  2.031e+00     7.7505     7.7503    -0.0002     5.4090     5.4085      2.973      3.039      0.241    1467.17    1467.18  0.000e+00
        529      3.500    12.7378    12.7384     0.0007    1.02556    1.02555          1     7.2708     6.7905       9.98     0.0333  4.924e-11  1.000e-12  2.031e+00     7.7520     7.7519    -0.0001     5.4110     5.4108      3.468      3.546      0.271    1467.16    1467.16  0.000e+00
        580      4.000    12.7553    12.7748     0.0197    1.02556    1.02562          1     7.2757     6.8006       9.98     0.0341  4.924e-11  1.000e-12  2.031e+00     7.7485     7.7449    -0.0036     5.4058     5.4003      3.964      4.052      0.212    1467.23    1467.29  0.000e+00
        632      4.500    12.7778    12.7807     0.0029    1.02567    1.02570          1     7.2621     6.7996       9.98     0.0346  4.924e-11  1.000e-12  2.031e+00     7.7447     7.7443    -0.0003     5.3997     5.3990      4.459      4.559      0.264    1467.31    1467.32  0.000e+00
        681      5.000    12.6902    12.6411    -0.0491    1.02504    1.02470          1     7.2666     6.7976       9.98     0.0342  4.924e-11  1.000e-12  2.031e+00     7.7574     7.7646     0.0072     5.4219     5.4344      4.955      5.065      0.225    1467.02    1466.85  0.000e+00
        731      5.500    12.6347    12.6231    -0.0116    1.02449    1.02439          1     7.2280     6.7676       9.98     0.0352  4.924e-11  1.000e-12  2.031e+00     7.7641     7.7657     0.0016     5.4349     5.4377      5.450      5.572      0.268    1466.83    1466.79  0.000e+00
        775      6.000    12.6147    12.6173     0.0026    1.02442    1.02449          1     7.1916     6.7561       9.98     0.0370  4.924e-11  1.000e-12  2.031e+00     7.7676     7.7676    -0.0000     5.4404     5.4400      5.946      6.078      0.265    1466.77    1466.78  0.000e+00
        822      6.500    12.6169    12.7453     0.1284    1.02456    1.02547          1     7.2109     6.7719       9.98     0.0383  4.924e-11  1.000e-12  2.031e+00     7.7683     7.7494    -0.0189     5.4406     5.4079      6.441      6.585      0.250    1466.79    1467.23  0.000e+00
        872      7.000    12.7309    12.7961     0.0651    1.02545    1.02585          1     7.2463     6.7878       9.98     0.0351  4.924e-11  1.000e-12  2.031e+00     7.7522     7.7422    -0.0100     5.4121     5.3951      6.936      7.091      0.231    1467.19    1467.42  0.000e+00
        922      7.500    12.7249    12.6890    -0.0356    1.02542    1.02518          1     7.2346     6.7668       9.98     0.0358  4.924e-11  1.000e-12  2.031e+00     7.7531     7.7585     0.0054     5.4137     5.4229      7.432      7.598      0.250    1467.18    1467.05  0.000e+00
        974      8.000    12.7262    12.7296     0.0034    1.02537    1.02535          1     7.2374     6.7739       9.98     0.0360  4.924e-11  1.000e-12  2.031e+00     7.7524     7.7515    -0.0009     5.4130     5.4118      7.927      8.104      0.227    1467.19    1467.20  0.000e+00
       1020      8.500    12.6767    12.6482    -0.0286    1.02516    1.02507          1     7.2245     6.7808       9.98     0.0363  4.924e-11  1.000e-12  2.031e+00     7.7607     7.7658     0.0051     5.4264     5.4343      8.423      8.611      0.277    1467.03    1466.93  0.000e+00
       1066      9.000    12.6072    12.5871    -0.0198    1.02521    1.02547          1     7.2122     6.8128       9.98     0.0383  4.924e-11  1.000e-12  2.031e+00     7.7754     7.7816     0.0062     5.4474     5.4550      8.918      9.117      0.253    1466.80    1466.74  0.000e+00
       1111      9.500    12.2140    12.2025    -0.0112    1.01272    1.01432          1     7.1742     6.7392       9.98     0.0391  4.924e-11  1.000e-12  2.031e+00     7.7534     7.7689     0.0156     5.4845     5.4979      9.414      9.624      0.279    1465.34    1465.32  0.000e+00
       1157     10.000    11.7281    11.4170    -0.3115    0.99209    0.98382          1     7.1776     6.7385       9.98     0.0393  4.924e-11  1.000e-12  2.031e+00     7.6821     7.6768    -0.0053     5.4936     5.5290      9.909     10.130      0.239    1463.47    1462.30  0.000e+00
       1207     10.500    10.9655    10.6066    -0.3581    0.96390    0.95456          1     7.1818     6.8174       9.98     0.0388  4.924e-11  1.000e-12  2.031e+00     7.6017     7.5962    -0.0055     5.5263     5.5644     10.405     10.637      0.253    1460.51    1459.14  0.000e+00
       1254     11.000    10.2320    10.1212    -0.1113    0.94068    0.93855          1     7.2587     6.9296       9.98     0.0382  4.924e-11  1.000e-12  2.031e+00     7.5544     7.5590     0.0046     5.5743     5.5902     10.900     11.143      0.257    1457.65    1457.23  0.000e+00
       1301     11.500     9.7597     9.8685     0.1083    0.92702    0.93114          1     7.3254     6.9630       9.98     0.0387  4.924e-11  1.000e-12  2.031e+00     7.5338     7.5470     0.0133     5.6092     5.6081     11.395     11.650      0.262    1455.80    1456.24  0.000e+00
       1344     12.000     9.3717     9.5515     0.1797    0.91823    0.92398          1     7.3604     6.9559       9.98     0.0371  4.924e-11  1.000e-12  2.031e+00     7.5376     7.5505     0.0129     5.6519     5.6438     11.891     12.156      0.288    1454.29    1455.01  0.000e+00
       1387     12.500     9.2563     9.3872     0.1310    0.91621    0.92004          1     7.3730     6.9687       9.98     0.0347  4.924e-11  1.000e-12  2.031e+00     7.5439     7.5502     0.0063     5.6682     5.6602     12.386     12.663      0.262    1453.85    1454.37  0.000e+00
       1435     13.000     9.1661     9.3061     0.1398    0.91493    0.91871          1     7.3720     6.9971       9.98     0.0332  4.924e-11  1.000e-12  2.031e+00     7.5514     7.5555     0.0040     5.6829     5.6724     12.882     13.169      0.263    1453.50    1454.06  0.000e+00
       1479     13.500     8.9800     9.1339     0.1541    0.91044    0.91494          1     7.3630     6.9876       9.98     0.0317  4.924e-11  1.000e-12  2.031e+00     7.5507     7.5583     0.0076     5.7002     5.6914     13.377     13.675      0.259    1452.77    1453.39  0.000e+00
       1528     14.000     8.7234     8.9360     0.2125    0.90456    0.91034          1     7.4011     6.9599       9.98     0.0314  4.924e-11  1.000e-12  2.031e+00     7.5525     7.5592     0.0066     5.7255     5.7109     13.873     14.182      0.246    1451.76    1452.61  0.000e+00
       1575     14.500     8.7332     8.7895     0.0563    0.90623    0.90731          1     7.3810     6.9665       9.98     0.0311  4.924e-11  1.000e-12  2.031e+00     7.5653     7.5630    -0.0023     5.7346     5.7276     14.368     14.688      0.259    1451.82    1452.04  0.000e+00
       1620     15.000     8.7433     8.7645     0.0212    0.90816    0.90804          1     7.3319     7.0021       9.98     0.0291  4.924e-11  1.000e-12  2.031e+00     7.5805     7.5749    -0.0056     5.7455     5.7392     14.863     15.195      0.275    1451.89    1451.96  0.000e+00
       1663     15.500     8.5754     8.7067     0.1313    0.90448    0.90756          1     7.3080     7.0520       9.98     0.0279  4.924e-11  1.000e-12  2.031e+00     7.5831     7.5829    -0.0003     5.7627     5.7507     15.359     15.701      0.275    1451.22    1451.75  0.000e+00
       1707     16.000     8.1884     8.4474     0.2590    0.89609    0.90233          1     7.2349     7.0472       9.98     0.0267  4.924e-11  1.000e-12  2.031e+00     7.5901     7.5911     0.0009     5.8017     5.7802     15.854     16.207      0.274    1449.67    1450.72  0.000e+00
       1751     16.500     7.4815     7.8904     0.4088    0.88454    0.89219          1     7.1380     6.9262       9.98     0.0256  4.924e-11  1.000e-12  2.031e+00     7.6377     7.6190    -0.0187     5.8952     5.8488     16.350     16.714      0.273    1446.84    1448.50  0.000e+00
       1795     17.000     7.1276     7.3616     0.2342    0.87994    0.88371          1     7.1145     6.8577       9.98     0.0236  4.924e-11  1.000e-12  2.031e+00     7.6729     7.6563    -0.0166     5.9488     5.9189     16.845     17.220      0.265    1445.42    1446.37  0.000e+00
       1843     17.500     7.0247     7.1830     0.1583    0.88036    0.88260          1     7.0558     6.8159       9.98     0.0234  4.924e-11  1.000e-12  2.031e+00     7.6996     7.6854    -0.0142     5.9770     5.9547     17.341     17.726      0.241    1445.03    1445.68  0.000e+00
       1891     18.000     6.8532     7.0335     0.1803    0.87862    0.88147          1     6.9894     6.7353       9.98     0.0232  4.924e-11  1.000e-12  2.031e+00     7.7216     7.7080    -0.0135     6.0058     5.9830     17.836     18.232      0.265    1444.35    1445.09  0.000e+00
       1936     18.500     6.7317     6.8430     0.1114    0.87741    0.87909          1     6.9322     6.6076       9.98     0.0224  4.924e-11  1.000e-12  2.031e+00     7.7374     7.7283    -0.0091     6.0263     6.0118     18.331     18.739      0.265    1443.87    1444.32  0.000e+00
       1980     19.000     6.6796     6.7385     0.0587    0.87799    0.87790          1     6.8794     6.3234       9.98     0.0223  4.924e-11  1.000e-12  2.031e+00     7.7545     7.7404    -0.0141     6.0431     6.0282     18.827     19.245      0.280    1443.68    1443.91  0.000e+00
       2023     19.500     7.3006     7.0192    -0.2821    0.90680    0.89229          1     6.9713     6.3272       9.98     0.0219  4.924e-11  1.000e-12  2.031e+00     7.8842     7.8126    -0.0716     6.1008     6.0656     19.322     19.751      0.274    1446.43    1445.18  0.000e+00
       2067     20.000     8.6261     8.0131    -0.6115    0.96454    0.93685          1     6.7322     6.1648       9.98     0.0231  4.924e-11  1.000e-12  2.031e+00     8.1145     8.0013    -0.1132     6.1732     6.1377     19.818     20.257      0.281    1452.15    1449.53  0.000e+00
       2110     20.500     9.2032     8.6509    -0.5527    0.99275    0.96532          1     6.8628     6.0591       9.98     0.0235  4.924e-11  1.000e-12  2.031e+00     8.2343     8.1154    -0.1189     6.2099     6.1711     20.313     20.763      0.265    1454.60    1452.26  0.000e+00
       2158     21.000    10.3863     9.3836    -1.0024    1.05271    1.00306          1     6.8524     6.1858       9.98     0.0282  4.924e-11  1.000e-12  2.031e+00     8.4899     8.2861    -0.2038     6.2824     6.2336     20.809     21.269      0.245    1459.53    1455.39  0.000e+00
       2206     21.500    10.7916    10.3809    -0.4109    1.07168    1.05048          1     6.7497     6.2204       9.98     0.0315  4.924e-11  1.000e-12  2.031e+00     8.5610     8.4727    -0.0883     6.2914     6.2708     21.304     21.775      0.257    1461.19    1459.51  0.000e+00
       2251     22.000    10.8766    10.6695    -0.2080    1.07659    1.06539          1     6.7713     6.3040       9.98     0.0316  4.924e-11  1.000e-12  2.031e+00     8.5832     8.5350    -0.0482     6.2981     6.2857     21.799     22.281      0.270    1461.54    1460.70  0.000e+00
       2295     22.500    11.2081    10.9980    -0.2096    1.09966    1.08552          1     6.5622     6.2513       9.98     0.0311  4.924e-11  1.000e-12  2.031e+00     8.7033     8.6317    -0.0716     6.3501     6.3210     22.295     22.788      0.272    1462.95    1462.07  0.000e+00
       2339     23.000    10.9396    10.9637     0.0242    1.09164    1.09014          1     6.5731     6.1952       9.98     0.0286  4.924e-11  1.000e-12  2.031e+00     8.6979     8.6793    -0.0186     6.3795     6.3622     22.790     23.294      0.282    1461.94    1462.01  0.000e+00
       2382     23.500    11.0462    11.0181    -0.0280    1.09811    1.09554          1     6.5356     6.1584       9.98     0.0270  4.924e-11  1.000e-12  2.031e+00     8.7282     8.7128    -0.0154     6.3899     6.3814     23.286     23.800      0.267    1462.39    1462.26  0.000e+00
       2427     24.000    10.9373    10.9771     0.0397    1.09357    1.09463          1     6.5376     6.1347       9.98     0.0275  4.924e-11  1.000e-12  2.031e+00     8.7149     8.7146    -0.0003     6.3930     6.3879     23.781     24.306      0.265    1461.97    1462.12  0.000e+00
       2474     24.500    10.9257    10.9249    -0.0008    1.09404    1.09322          1     6.5611     6.1315       9.98     0.0276  4.924e-11  1.000e-12  2.031e+00     8.7217     8.7148    -0.0069     6.3996     6.3944     24.276     24.812      0.246    1461.94    1461.93  0.000e+00
       2523     25.000    10.9881    10.9518    -0.0363    1.09796    1.09538          1     6.5543     6.1351       9.98     0.0276  4.924e-11  1.000e-12  2.031e+00     8.7405     8.7269    -0.0136     6.4066     6.4005     24.772     25.318      0.258    1462.21    1462.05  0.000e+00
       2567     25.500    11.0356    10.9966    -0.0390    1.10074    1.09831          1     6.5405     6.1358       9.98     0.0270  4.924e-11  1.000e-12  2.031e+00     8.7531     8.7414    -0.0117     6.4105     6.4063     25.267     25.824      0.282    1462.41    1462.25  0.000e+00
       2611     26.000    11.0354    11.0194    -0.0160    1.10124    1.10005          1     6.5328     6.1156       9.98     0.0269  4.924e-11  1.000e-12  2.031e+00     8.7573     8.7509    -0.0064     6.4138     6.4108     25.763     26.330      0.257    1462.42    1462.35  0.000e+00
       2656     26.500    11.0594    11.0326    -0.0269    1.10242    1.10086          1     6.5312     6.0780       9.98     0.0262  4.924e-11  1.000e-12  2.031e+00     8.7617     8.7547    -0.0070     6.4142     6.4121     26.258     26.836      0.297    1462.52    1462.41  0.000e+00
       2697     27.000    11.1639    11.0851    -0.0789    1.10797    1.10347          1     6.5415     6.0673       9.98     0.0274  4.924e-11  1.000e-12  2.031e+00     8.7844     8.7646    -0.0198     6.4187     6.4132     26.753     27.342      0.268    1462.95    1462.63  0.000e+00
       2745     27.500    11.3966    11.2576    -0.1388    1.12011    1.11251          1     6.5405     6.0634       9.98     0.0280  4.924e-11  1.000e-12  2.031e+00     8.8327     8.8008    -0.0319     6.4267     6.4197     27.249     27.848      0.254    1463.89    1463.33  0.000e+00
       2789     28.000    11.5854    11.4268    -0.1588    1.13023    1.12117          1     6.5586     6.0823       9.98     0.0282  4.924e-11  1.000e-12  2.031e+00     8.8736     8.8344    -0.0392     6.4339     6.4242     27.744     28.354      0.263    1464.66    1464.02  0.000e+00
       2839     28.500    11.7457    11.6351    -0.1105    1.13893    1.13277          1     6.5410     6.0767       9.98     0.0297  4.924e-11  1.000e-12  2.031e+00     8.9090     8.8833    -0.0258     6.4403     6.4349     28.240     28.860      0.248    1465.30    1464.86  0.000e+00
