ctdpy/exports/archive_20191120_135557/received_data/SBE09_0827_20180304_1521_26_01_0364.cnv
* Sea-Bird SBE 9 Data File:
* FileName = D:\CTD_SBE911\DAT\26DA.2018.3.64.hex
* Software Version Seasave V 7.21d
* Temperature SN = 034757
* Conductivity SN = 041844
* Number of Bytes Per Scan = 48
* Number of Voltage Words = 5
* Number of Scans Averaged by the Deck Unit = 1
* NMEA Latitude = 55 41.77 N
* NMEA Longitude = 014 24.99 E
* NMEA UTC (Time) = Mar 04 2018  15:22:02
* NMEA baud rate = 4800
** Ship: DANA
** Average sound velocity: 1423.15 m/s
** True-depth calculation Tue, 02 Apr 2019 12:10:54 +0000
** CTD Python Module SMHI /ver 3-12/ feb 2012 
** LIMS Job: 20182601-0364
** Operator:
** Cruise: 02/2018
# nquan = 26
# nvalues = 77                          
# units = specified
# name 0 = scan: Scan Count
# name 1 = prDM: Pressure, Digiquartz [db]
# name 2 = t090C: Temperature [ITS-90, deg C]
# name 3 = t190C: Temperature, 2 [ITS-90, deg C]
# name 4 = T2-T190C: Temperature Difference, 2 - 1 [ITS-90, deg C]
# name 5 = c0S/m: Conductivity [S/m]
# name 6 = c1S/m: Conductivity, 2 [S/m]
# name 7 = pumps: Pump Status
# name 8 = sbeox1ML/L: Oxygen, SBE 43, 2 [ml/l]
# name 9 = sbeox0ML/L: Oxygen, SBE 43 [ml/l]
# name 10 = altM: Altimeter [m]
# name 11 = chloroflTC0: Chlorophyll, Turner Cyclops [ug/l]
# name 12 = cpar: CPAR/Corrected Irradiance [%]
# name 13 = par: PAR/Irradiance, Biospherical/Lico [µE/(cm^2*s)]
# name 14 = spar: SPAR, Biospherical/Licor
# name 15 = sal00: Salinity, Practical [PSU]
# name 16 = sal11: Salinity, Practical, 2 [PSU]
# name 17 = secS-priS: Salinity, Practical, Difference, 2 - 1 [PSU]
# name 18 = sigma-t00: Density [sigma-t, kg/m^3 ]
# name 19 = sigma-t11: Density, 2 [sigma-t, kg/m^3 ]
# name 20 = depSM: Depth [salt water, m], lat = 55.6962
# name 21 = depFM: Depth [true depth, m], lat = 55.6962
# name 22 = dz/dtM: Descent Rate [m/s], WS = 2
# name 23 = svCM: Sound Velocity [Chen-Millero, m/s]
# name 24 = svCM1: Sound Velocity, 2 [Chen-Millero, m/s]
# name 25 = flag: flag
# span 0 =        164,       4030       
# span 1 =      1.000,     39.000       
# span 2 =     2.1831,     2.2368       
# span 3 =     2.1825,     2.2329       
# span 4 =    -0.0059,     0.0001       
# span 5 =   0.730305,   0.733792       
# span 6 =   0.729685,   0.733081       
# span 7 =          1,          1       
# span 8 =     8.7169,     8.7440       
# span 9 =     8.7272,     8.7792       
# span 10 =       0.94,       9.99      
# span 11 =     0.0154,     0.0405      
# span 12 = 1.7273e-13, 5.8999e+00      
# span 13 = 1.0000e-12, 1.9410e+01      
# span 14 = 3.2900e+02, 5.7917e+02      
# span 15 =     7.2953,     7.3155      
# span 16 =     7.2890,     7.3088      
# span 17 =    -0.0092,    -0.0054      
# span 18 =     5.8181,     5.8345      
# span 19 =     5.8131,     5.8291      
# span 20 =      0.991,     38.642      
# span 21 =      1.013,     39.493      
# span 22 =     -0.067,      0.349      
# span 23 =    1422.78,    1423.65      
# span 24 =    1422.78,    1423.62      
# span 25 = 0.0000e+00, 0.0000e+00      
# interval = decibars: 0.5              
# start_time = Mar 04 2018 15:22:02 [NMEA time, first data scan]
# bad_flag = -9.990e-29
*END*
[from data line 56]
       2937     29.000     2.2159     2.2156    -0.0003    0.73264    0.73203          1     8.7319     8.7445       9.95     0.0261  2.394e-13  1.000e-12  4.178e+02     7.3093     7.3029    -0.0064     5.8295     5.8243     28.735     29.367      0.263    1423.39    1423.38  0.000e+00
       2985     29.500     2.2161     2.2151    -0.0010    0.73266    0.73203          1     8.7185     8.7501       9.95     0.0250  2.450e-13  1.000e-12  4.081e+02     7.3095     7.3030    -0.0064     5.8296     5.8244     29.230     29.873      0.234    1423.40    1423.38  0.000e+00
       3035     30.000     2.2160     2.2154    -0.0005    0.73265    0.73205          1     8.7301     8.7394       9.95     0.0251  2.518e-13  1.000e-12  3.971e+02     7.3094     7.3030    -0.0063     5.8295     5.8244     29.726     30.379      0.263    1423.40    1423.39  0.000e+00
       3080     30.500     2.2172     2.2153    -0.0018    0.73269    0.73206          1     8.7270     8.7477       9.78     0.0247  2.564e-13  1.000e-12  3.901e+02     7.3094     7.3031    -0.0063     5.8295     5.8245     30.221     30.886      0.250    1423.42    1423.40  0.000e+00
       3130     31.000     2.2156     2.2151    -0.0005    0.73265    0.73205          1     8.7203     8.7417       9.30     0.0262  2.579e-13  1.000e-12  3.878e+02     7.3093     7.3030    -0.0063     5.8294     5.8244     30.716     31.392      0.262    1423.42    1423.41  0.000e+00
       3172     31.500     2.2157     2.2150    -0.0007    0.73266    0.73205          1     8.7183     8.7457       8.78     0.0249  2.569e-13  1.000e-12  3.893e+02     7.3093     7.3029    -0.0064     5.8294     5.8243     31.212     31.898      0.273    1423.42    1423.41  0.000e+00
       3223     32.000     2.2155     2.2150    -0.0005    0.73270    0.73207          1     8.7218     8.7564       8.26     0.0247  2.493e-13  1.000e-12  4.012e+02     7.3097     7.3031    -0.0066     5.8298     5.8244     31.707     32.405      0.225    1423.43    1423.42  0.000e+00
       3271     32.500     2.2154     2.2148    -0.0006    0.73271    0.73210          1     8.7191     8.7469       7.74     0.0254  2.399e-13  1.000e-12  4.169e+02     7.3097     7.3033    -0.0063     5.8297     5.8247     32.203     32.911      0.268    1423.44    1423.43  0.000e+00
       3319     33.000     2.2153     2.2147    -0.0006    0.73274    0.73212          1     8.7190     8.7403       7.21     0.0337  2.257e-13  1.000e-12  4.433e+02     7.3100     7.3035    -0.0065     5.8300     5.8248     32.698     33.417      0.235    1423.45    1423.44  0.000e+00
       3370     33.500     2.2167     2.2149    -0.0018    0.73288    0.73215          1     8.7281     8.7457       6.69     0.0301  2.011e-13  1.000e-12  4.982e+02     7.3111     7.3038    -0.0074     5.8309     5.8250     33.193     33.924      0.236    1423.46    1423.44  0.000e+00
       3418     34.000     2.2179     2.2163    -0.0015    0.73302    0.73232          1     8.7263     8.7454       6.16     0.0283  1.750e-13  1.000e-12  5.719e+02     7.3123     7.3051    -0.0072     5.8319     5.8261     33.689     34.430      0.263    1423.48    1423.46  0.000e+00
       3465     34.500     2.2181     2.2171    -0.0010    0.73304    0.73240          1     8.7189     8.7518       5.63     0.0293  1.727e-13  1.000e-12  5.792e+02     7.3123     7.3058    -0.0066     5.8319     5.8267     34.184     34.936      0.244    1423.49    1423.47  0.000e+00
       3514     35.000     2.2189     2.2176    -0.0013    0.73308    0.73244          1     8.7225     8.7399       5.11     0.0292  1.960e-13  1.000e-12  5.113e+02     7.3126     7.3060    -0.0066     5.8321     5.8268     34.679     35.442      0.258    1423.50    1423.48  0.000e+00
       3560     35.500     2.2180     2.2181     0.0001    0.73307    0.73248          1     8.7284     8.7461       4.59     0.0283  2.274e-13  1.000e-12  4.404e+02     7.3125     7.3062    -0.0063     5.8321     5.8270     35.175     35.949      0.250    1423.50    1423.49  0.000e+00
       3610     36.000     2.2188     2.2177    -0.0011    0.73311    0.73248          1     8.7236     8.7396       4.07     0.0292  2.402e-13  1.000e-12  4.163e+02     7.3127     7.3062    -0.0065     5.8322     5.8270     35.670     36.455      0.243    1423.51    1423.50  0.000e+00
       3657     36.500     2.2202     2.2180    -0.0021    0.73317    0.73250          1     8.7205     8.7517       3.54     0.0284  2.219e-13  1.000e-12  4.511e+02     7.3130     7.3063    -0.0067     5.8324     5.8271     36.166     36.961      0.259    1423.53    1423.51  0.000e+00
       3705     37.000     2.2209     2.2189    -0.0019    0.73319    0.73253          1     8.7307     8.7381       3.02     0.0274  2.037e-13  1.000e-12  4.910e+02     7.3130     7.3064    -0.0066     5.8324     5.8271     36.661     37.468      0.242    1423.54    1423.52  0.000e+00
       3755     37.500     2.2250     2.2200    -0.0050    0.73338    0.73258          1     8.7353     8.7367       2.51     0.0270  2.020e-13  1.000e-12  4.951e+02     7.3140     7.3066    -0.0074     5.8333     5.8273     37.156     37.974      0.249    1423.57    1423.53  0.000e+00
       3800     38.000     2.2273     2.2260    -0.0014    0.73347    0.73279          1     8.7363     8.7378       2.00     0.0268  2.070e-13  1.000e-12  4.831e+02     7.3143     7.3074    -0.0069     5.8335     5.8280     37.652     38.480      0.267    1423.59    1423.57  0.000e+00
       3848     38.500     2.2331     2.2282    -0.0049    0.73369    0.73292          1     8.7288     8.7277       1.49     0.0274  2.028e-13  1.000e-12  4.932e+02     7.3153     7.3082    -0.0071     5.8343     5.8286     38.147     38.987      0.248    1423.62    1423.59  0.000e+00
       4030     39.000     2.2368     2.2329    -0.0039    0.73379    0.73308          1     8.7230     8.7272       0.94     0.0268  2.357e-13  1.000e-12  4.322e+02     7.3155     7.3088    -0.0067     5.8345     5.8291     38.642     39.493     -0.067    1423.65    1423.62  0.000e+00
