ctdpy/exports/archive_20191120_135557/received_data/SBE09_0827_20180119_1056_26_01_0114.cnv
* Sea-Bird SBE 9 Data File:
* FileName = D:\CTD_SBE911\DAT\26DA.2018.1.14.hex
* Software Version Seasave V 7.21d
* Temperature SN = 034757
* Conductivity SN = 041844
* Number of Bytes Per Scan = 48
* Number of Voltage Words = 5
* Number of Scans Averaged by the Deck Unit = 1
* NMEA Latitude = 56 50.76 N
* NMEA Longitude = 007 30.33 E
* NMEA UTC (Time) = Jan 19 2018  10:56:25
* NMEA baud rate = 4800
** Ship: DANA
** Average sound velocity: 1477.80 m/s
** True-depth calculation Thu, 28 Mar 2019 08:02:27 +0000
** CTD Python Module SMHI /ver 3-12/ feb 2012 
** LIMS Job: 20182601-0114
** Operator:
** Cruise: 01/2018
# nquan = 26
# nvalues = 50                          
# units = specified
# name 0 = scan: Scan Count
# name 1 = prDM: Pressure, Digiquartz [db]
# name 2 = t090C: Temperature [ITS-90, deg C]
# name 3 = t190C: Temperature, 2 [ITS-90, deg C]
# name 4 = T2-T190C: Temperature Difference, 2 - 1 [ITS-90, deg C]
# name 5 = c0S/m: Conductivity [S/m]
# name 6 = c1S/m: Conductivity, 2 [S/m]
# name 7 = pumps: Pump Status
# name 8 = sbeox1ML/L: Oxygen, SBE 43, 2 [ml/l]
# name 9 = sbeox0ML/L: Oxygen, SBE 43 [ml/l]
# name 10 = altM: Altimeter [m]
# name 11 = chloroflTC0: Chlorophyll, Turner Cyclops [ug/l]
# name 12 = cpar: CPAR/Corrected Irradiance [%]
# name 13 = par: PAR/Irradiance, Biospherical/Lico [µE/(cm^2*s)]
# name 14 = spar: SPAR, Biospherical/Licor
# name 15 = sal00: Salinity, Practical [PSU]
# name 16 = sal11: Salinity, Practical, 2 [PSU]
# name 17 = secS-priS: Salinity, Practical, Difference, 2 - 1 [PSU]
# name 18 = sigma-t00: Density [sigma-t, kg/m^3 ]
# name 19 = sigma-t11: Density, 2 [sigma-t, kg/m^3 ]
# name 20 = depSM: Depth [salt water, m], lat = 56.846
# name 21 = depFM: Depth [true depth, m], lat = 56.846
# name 22 = dz/dtM: Descent Rate [m/s], WS = 2
# name 23 = svCM: Sound Velocity [Chen-Millero, m/s]
# name 24 = svCM1: Sound Velocity, 2 [Chen-Millero, m/s]
# name 25 = flag: flag
# span 0 =         21,       2906       
# span 1 =      1.000,     25.500       
# span 2 =     6.8840,     6.9054       
# span 3 =     6.8846,     6.9013       
# span 4 =    -0.0039,     0.0021       
# span 5 =   3.471083,   3.472805       
# span 6 =   3.471340,   3.472962       
# span 7 =          1,          1       
# span 8 =     6.1260,     6.2019       
# span 9 =     6.2408,     6.2683       
# span 10 =       1.14,       9.97      
# span 11 =     0.0286,     0.0935      
# span 12 = 8.5850e-13, 7.2188e+00      
# span 13 = 1.0000e-12, 8.1742e+00      
# span 14 = 1.0820e+02, 1.1649e+02      
# span 15 =    34.4812,    34.4852      
# span 16 =    34.4841,    34.4892      
# span 17 =     0.0005,     0.0043      
# span 18 =    27.0231,    27.0287      
# span 19 =    27.0260,    27.0320      
# span 20 =      0.991,     25.265      
# span 21 =      0.992,     25.289      
# span 22 =     -0.354,      0.678      
# span 23 =    1477.61,    1477.99      
# span 24 =    1477.61,    1478.00      
# span 25 = 0.0000e+00, 0.0000e+00      
# interval = decibars: 0.5              
# start_time = Jan 19 2018 10:56:26 [NMEA time, first data scan]
# bad_flag = -9.990e-29
*END*
         21      1.000     6.9054     6.9013    -0.0039    3.47281    3.47269          1     6.1433     6.2427       9.97     0.0286  7.219e+00  8.174e+00  1.132e+02    34.4812    34.4841     0.0029    27.0231    27.0260      0.991      0.992      0.080    1477.66    1477.65  0.000e+00
        151      1.500     6.8924     6.8942     0.0018    3.47164    3.47219          1     6.1328     6.2557       9.96     0.0325  5.846e+00  6.663e+00  1.140e+02    34.4812    34.4855     0.0043    27.0249    27.0280      1.486      1.488      0.192    1477.62    1477.63  0.000e+00
        409      2.000     6.8880     6.8887     0.0006    3.47133    3.47166          1     6.1491     6.2565       9.96     0.0327  4.993e+00  5.632e+00  1.129e+02    34.4819    34.4849     0.0030    27.0260    27.0283      1.982      1.983      0.277    1477.61    1477.61  0.000e+00
        454      2.500     6.8905     6.8889    -0.0017    3.47161    3.47175          1     6.1444     6.2610       9.96     0.0335  4.383e+00  4.985e+00  1.137e+02    34.4821    34.4854     0.0033    27.0259    27.0287      2.477      2.479      0.426    1477.63    1477.62  0.000e+00
        481      3.000     6.8901     6.8889    -0.0012    3.47160    3.47173          1     6.1517     6.2588       9.96     0.0326  3.483e+00  3.964e+00  1.138e+02    34.4822    34.4848     0.0026    27.0260    27.0282      2.972      2.975      0.371    1477.63    1477.63  0.000e+00
        524      3.500     6.8871     6.8890     0.0019    3.47132    3.47179          1     6.1420     6.2664       9.96     0.0347  2.721e+00  3.147e+00  1.157e+02    34.4819    34.4852     0.0033    27.0261    27.0285      3.468      3.471      0.227    1477.63    1477.64  0.000e+00
        594      4.000     6.8840     6.8862     0.0021    3.47108    3.47149          1     6.1543     6.2534       9.96     0.0333  2.249e+00  2.564e+00  1.140e+02    34.4821    34.4844     0.0023    27.0268    27.0283      3.963      3.967      0.147    1477.63    1477.64  0.000e+00
        668      4.500     6.8878     6.8846    -0.0033    3.47160    3.47134          1     6.1639     6.2509       9.95     0.0320  1.969e+00  2.199e+00  1.117e+02    34.4837    34.4842     0.0005    27.0275    27.0283      4.459      4.463      0.252    1477.65    1477.64  0.000e+00
        709      5.000     6.8884     6.8871    -0.0013    3.47171    3.47180          1     6.1502     6.2498       9.95     0.0334  1.628e+00  1.836e+00  1.128e+02    34.4842    34.4865     0.0024    27.0278    27.0298      4.954      4.959      0.319    1477.66    1477.66  0.000e+00
        744      5.500     6.8884     6.8875    -0.0009    3.47172    3.47193          1     6.1493     6.2649       9.95     0.0393  1.266e+00  1.440e+00  1.138e+02    34.4840    34.4872     0.0032    27.0276    27.0303      5.449      5.455      0.368    1477.67    1477.67  0.000e+00
        775      6.000     6.8884     6.8876    -0.0008    3.47173    3.47182          1     6.1640     6.2608       9.95     0.0447  9.699e-01  1.103e+00  1.137e+02    34.4840    34.4857     0.0017    27.0276    27.0291      5.945      5.950      0.357    1477.68    1477.68  0.000e+00
        821      6.500     6.8885     6.8878    -0.0007    3.47177    3.47201          1     6.1705     6.2568       9.95     0.0513  7.355e-01  8.364e-01  1.137e+02    34.4840    34.4874     0.0033    27.0277    27.0304      6.440      6.446      0.206    1477.69    1477.69  0.000e+00
        883      7.000     6.8886     6.8880    -0.0006    3.47177    3.47206          1     6.1678     6.2523       9.95     0.0488  5.340e-01  6.139e-01  1.149e+02    34.4836    34.4874     0.0038    27.0273    27.0304      6.936      6.942      0.230    1477.69    1477.70  0.000e+00
        933      7.500     6.8886     6.8881    -0.0006    3.47177    3.47199          1     6.1572     6.2560       9.95     0.0471  4.023e-01  4.570e-01  1.136e+02    34.4834    34.4864     0.0031    27.0271    27.0296      7.431      7.438      0.213    1477.70    1477.70  0.000e+00
        998      8.000     6.8887     6.8881    -0.0006    3.47188    3.47202          1     6.1538     6.2620       9.95     0.0581  3.180e-01  3.557e-01  1.118e+02    34.4843    34.4864     0.0021    27.0278    27.0296      7.926      7.934      0.201    1477.71    1477.71  0.000e+00
       1048      8.500     6.8888     6.8881    -0.0007    3.47189    3.47207          1     6.1748     6.2546       9.95     0.0547  2.414e-01  2.718e-01  1.127e+02    34.4840    34.4867     0.0027    27.0276    27.0298      8.422      8.430      0.336    1477.72    1477.72  0.000e+00
       1079      9.000     6.8889     6.8882    -0.0007    3.47189    3.47209          1     6.1439     6.2536       9.96     0.0516  1.499e-01  1.705e-01  1.137e+02    34.4837    34.4866     0.0029    27.0273    27.0297      8.917      8.926      0.400    1477.73    1477.73  0.000e+00
       1109      9.500     6.8888     6.8882    -0.0006    3.47191    3.47214          1     6.1519     6.2599       9.96     0.0571  7.596e-02  8.785e-02  1.157e+02    34.4837    34.4869     0.0032    27.0274    27.0300      9.413      9.421      0.365    1477.74    1477.74  0.000e+00
       1147     10.000     6.8886     6.8882    -0.0004    3.47192    3.47214          1     6.1772     6.2475       9.96     0.0569  2.864e-02  3.294e-02  1.148e+02    34.4838    34.4867     0.0029    27.0275    27.0298      9.908      9.917      0.253    1477.74    1477.75  0.000e+00
       1257     10.500     6.8886     6.8880    -0.0007    3.47192    3.47217          1     6.1912     6.2477       9.96     0.0526  4.536e-03  5.162e-03  1.137e+02    34.4836    34.4870     0.0034    27.0273    27.0301     10.403     10.413      0.318    1477.75    1477.75  0.000e+00
       1285     11.000     6.8888     6.8880    -0.0008    3.47193    3.47220          1     6.1644     6.2408       9.96     0.0514  1.071e-04  1.218e-04  1.137e+02    34.4832    34.4869     0.0037    27.0270    27.0300     10.899     10.909      0.456    1477.76    1477.76  0.000e+00
       1315     11.500     6.8887     6.8881    -0.0007    3.47200    3.47220          1     6.1638     6.2430       9.96     0.0513  8.794e-13  1.000e-12  1.137e+02    34.4837    34.4867     0.0030    27.0274    27.0298     11.394     11.405      0.325    1477.77    1477.77  0.000e+00
       1371     12.000     6.8888     6.8881    -0.0007    3.47206    3.47224          1     6.1764     6.2509       9.96     0.0555  8.793e-13  1.000e-12  1.137e+02    34.4841    34.4868     0.0026    27.0277    27.0299     11.890     11.901      0.226    1477.78    1477.78  0.000e+00
       1416     12.500     6.8890     6.8881    -0.0009    3.47211    3.47229          1     6.1534     6.2493       9.95     0.0565  8.793e-13  1.000e-12  1.137e+02    34.4843    34.4871     0.0028    27.0278    27.0301     12.385     12.397      0.290    1477.79    1477.79  0.000e+00
       1467     13.000     6.8889     6.8883    -0.0006    3.47211    3.47235          1     6.1560     6.2552       9.95     0.0603  8.807e-13  1.000e-12  1.135e+02    34.4841    34.4873     0.0032    27.0277    27.0303     12.880     12.893      0.196    1477.79    1477.80  0.000e+00
       1529     13.500     6.8888     6.8883    -0.0005    3.47214    3.47237          1     6.1323     6.2562       9.95     0.0642  8.789e-13  1.000e-12  1.138e+02    34.4842    34.4873     0.0031    27.0278    27.0303     13.376     13.388      0.320    1477.80    1477.80  0.000e+00
       1558     14.000     6.8887     6.8883    -0.0005    3.47213    3.47240          1     6.1566     6.2531       9.96     0.0563  8.793e-13  1.000e-12  1.137e+02    34.4839    34.4874     0.0035    27.0275    27.0304     13.871     13.884      0.426    1477.81    1477.81  0.000e+00
       1589     14.500     6.8886     6.8881    -0.0006    3.47214    3.47239          1     6.1771     6.2478       9.95     0.0568  8.793e-13  1.000e-12  1.137e+02    34.4840    34.4873     0.0033    27.0276    27.0303     14.366     14.380      0.317    1477.82    1477.82  0.000e+00
       1676     15.000     6.8886     6.8879    -0.0006    3.47218    3.47241          1     6.1792     6.2510       9.96     0.0587  8.826e-13  1.000e-12  1.133e+02    34.4842    34.4873     0.0032    27.0277    27.0303     14.862     14.876      0.254    1477.83    1477.83  0.000e+00
       1725     15.500     6.8887     6.8881    -0.0007    3.47221    3.47243          1     6.1742     6.2484       9.95     0.0577  8.945e-13  1.000e-12  1.118e+02    34.4842    34.4872     0.0031    27.0277    27.0302     15.357     15.372      0.321    1477.84    1477.84  0.000e+00
       1765     16.000     6.8888     6.8882    -0.0006    3.47224    3.47250          1     6.1454     6.2529       9.75     0.0582  9.063e-13  1.000e-12  1.103e+02    34.4842    34.4876     0.0034    27.0277    27.0305     15.853     15.868      0.265    1477.84    1477.85  0.000e+00
       1814     16.500     6.8887     6.8882    -0.0005    3.47226    3.47251          1     6.1535     6.2541       9.27     0.0528  8.816e-13  1.000e-12  1.135e+02    34.4842    34.4874     0.0033    27.0277    27.0304     16.348     16.364      0.263    1477.85    1477.85  0.000e+00
       1851     17.000     6.8889     6.8882    -0.0007    3.47231    3.47259          1     6.1497     6.2541       9.03     0.0548  8.636e-13  1.000e-12  1.158e+02    34.4843    34.4881     0.0038    27.0278    27.0309     16.843     16.859      0.396    1477.86    1477.86  0.000e+00
       1880     17.500     6.8890     6.8882    -0.0008    3.47233    3.47258          1     6.1493     6.2516       8.73     0.0585  8.639e-13  1.000e-12  1.158e+02    34.4842    34.4877     0.0035    27.0277    27.0306     17.339     17.355      0.385    1477.87    1477.87  0.000e+00
       1919     18.000     6.8889     6.8884    -0.0006    3.47235    3.47260          1     6.1260     6.2562       8.31     0.0629  8.652e-13  1.000e-12  1.156e+02    34.4842    34.4876     0.0034    27.0277    27.0305     17.834     17.851      0.231    1477.88    1477.88  0.000e+00
       2027     18.500     6.8890     6.8885    -0.0005    3.47236    3.47265          1     6.1407     6.2570       7.45     0.0600  9.111e-13  1.000e-12  1.098e+02    34.4840    34.4877     0.0037    27.0276    27.0306     18.330     18.347      0.283    1477.88    1477.89  0.000e+00
       2060     19.000     6.8889     6.8884    -0.0004    3.47237    3.47267          1     6.1436     6.2473       6.87     0.0620  9.243e-13  1.000e-12  1.082e+02    34.4840    34.4877     0.0037    27.0276    27.0305     18.825     18.843      0.302    1477.89    1477.90  0.000e+00
       2115     19.500     6.8886     6.8882    -0.0004    3.47238    3.47265          1     6.1573     6.2472       6.47     0.0574  8.865e-13  1.000e-12  1.128e+02    34.4841    34.4875     0.0034    27.0277    27.0304     19.320     19.339      0.267    1477.90    1477.90  0.000e+00
       2153     20.000     6.8889     6.8881    -0.0009    3.47243    3.47264          1     6.1482     6.2540       6.21     0.0614  8.624e-13  1.000e-12  1.160e+02    34.4841    34.4873     0.0032    27.0276    27.0303     19.816     19.835      0.546    1477.91    1477.91  0.000e+00
       2170     20.500     6.8889     6.8881    -0.0008    3.47245    3.47270          1     6.1440     6.2513       5.81     0.0587  8.639e-13  1.000e-12  1.158e+02    34.4840    34.4876     0.0036    27.0276    27.0305     20.311     20.331      0.678    1477.92    1477.92  0.000e+00
       2187     21.000     6.8889     6.8881    -0.0008    3.47246    3.47274          1     6.1434     6.2517       5.36     0.0583  8.639e-13  1.000e-12  1.158e+02    34.4839    34.4878     0.0039    27.0275    27.0306     20.806     20.826      0.646    1477.93    1477.93  0.000e+00
       2227     21.500     6.8887     6.8881    -0.0006    3.47247    3.47276          1     6.1449     6.2535       4.80     0.0580  8.713e-13  1.000e-12  1.148e+02    34.4840    34.4878     0.0038    27.0276    27.0307     21.302     21.322      0.407    1477.93    1477.94  0.000e+00
       2388     22.000     6.8888     6.8880    -0.0008    3.47248    3.47277          1     6.1848     6.2550       4.19     0.0614  9.165e-13  1.000e-12  1.091e+02    34.4837    34.4877     0.0040    27.0274    27.0306     21.797     21.818      0.502    1477.94    1477.94  0.000e+00
       2403     22.500     6.8890     6.8880    -0.0010    3.47252    3.47279          1     6.1914     6.2545       3.73     0.0618  8.892e-13  1.000e-12  1.125e+02    34.4838    34.4877     0.0039    27.0274    27.0306     22.292     22.314      0.647    1477.95    1477.95  0.000e+00
       2420     23.000     6.8891     6.8882    -0.0009    3.47255    3.47282          1     6.1386     6.2498       3.20     0.0606  8.794e-13  1.000e-12  1.137e+02    34.4837    34.4876     0.0039    27.0273    27.0305     22.788     22.810      0.675    1477.96    1477.96  0.000e+00
       2439     23.500     6.8889     6.8881    -0.0007    3.47258    3.47284          1     6.1323     6.2476       2.70     0.0600  8.658e-13  1.000e-12  1.155e+02    34.4840    34.4877     0.0037    27.0276    27.0306     23.283     23.306      0.598    1477.97    1477.97  0.000e+00
       2464     24.000     6.8882     6.8880    -0.0002    3.47261    3.47287          1     6.1303     6.2488       2.18     0.0616  8.585e-13  1.000e-12  1.165e+02    34.4847    34.4879     0.0032    27.0283    27.0308     23.778     23.802      0.380    1477.97    1477.98  0.000e+00
       2601     24.500     6.8882     6.8879    -0.0003    3.47263    3.47293          1     6.1602     6.2484       1.67     0.0823  8.872e-13  1.000e-12  1.128e+02    34.4848    34.4884     0.0036    27.0283    27.0312     24.274     24.297      0.205    1477.98    1477.99  0.000e+00
       2710     25.000     6.8876     6.8875    -0.0001    3.47264    3.47292          1     6.1670     6.2482       1.21     0.0789  8.870e-13  1.000e-12  1.128e+02    34.4852    34.4884     0.0032    27.0287    27.0313     24.769     24.793      0.245    1477.99    1477.99  0.000e+00
       2906     25.500     6.8875     6.8869    -0.0006    3.47264    3.47296          1     6.2019     6.2683       1.14     0.0935  8.675e-13  1.000e-12  1.153e+02    34.4851    34.4892     0.0041    27.0286    27.0320     25.265     25.289     -0.354    1477.99    1478.00  0.000e+00
