ctdpy/exports/archive_20191120_135557/received_data/SBE09_0827_20181125_0852_26_01_1244.cnv
* Sea-Bird SBE 9 Data File:
* FileName = D:\CTD_SBE911\DAT\26DA.2018.12.44.hex
* Software Version Seasave V 7.21d
* Temperature SN = 4548
* Conductivity SN = 3062
* Number of Bytes Per Scan = 48
* Number of Voltage Words = 5
* Number of Scans Averaged by the Deck Unit = 1
* NMEA Latitude = 57 19.91 N
* NMEA Longitude = 017 28.03 E
* NMEA UTC (Time) = Nov 25 2018  08:52:38
* NMEA baud rate = 4800
** Ship: DANA
** Average sound velocity: 1441.81 m/s
** True-depth calculation Tue, 02 Apr 2019 12:14:55 +0000
** CTD Python Module SMHI /ver 3-12/ feb 2012 
** LIMS Job: 20182601-1244
** Operator: Ronny
** Cruise: 12/2018
# nquan = 26
# nvalues = 153                         
# units = specified
# name 0 = scan: Scan Count
# name 1 = prDM: Pressure, Digiquartz [db]
# name 2 = t090C: Temperature [ITS-90, deg C]
# name 3 = t190C: Temperature, 2 [ITS-90, deg C]
# name 4 = T2-T190C: Temperature Difference, 2 - 1 [ITS-90, deg C]
# name 5 = c0S/m: Conductivity [S/m]
# name 6 = c1S/m: Conductivity, 2 [S/m]
# name 7 = pumps: Pump Status
# name 8 = sbeox1ML/L: Oxygen, SBE 43, 2 [ml/l]
# name 9 = sbeox0ML/L: Oxygen, SBE 43 [ml/l]
# name 10 = altM: Altimeter [m]
# name 11 = chloroflTC0: Chlorophyll, Turner Cyclops [ug/l]
# name 12 = cpar: CPAR/Corrected Irradiance [%]
# name 13 = par: PAR/Irradiance, Biospherical/Lico [µE/(cm^2*s)]
# name 14 = spar: SPAR, Biospherical/Licor
# name 15 = sal00: Salinity, Practical [PSU]
# name 16 = sal11: Salinity, Practical, 2 [PSU]
# name 17 = secS-priS: Salinity, Practical, Difference, 2 - 1 [PSU]
# name 18 = sigma-t00: Density [sigma-t, kg/m^3 ]
# name 19 = sigma-t11: Density, 2 [sigma-t, kg/m^3 ]
# name 20 = depSM: Depth [salt water, m], lat = 57.3318
# name 21 = depFM: Depth [true depth, m], lat = 57.3318
# name 22 = dz/dtM: Descent Rate [m/s], WS = 2
# name 23 = svCM: Sound Velocity [Chen-Millero, m/s]
# name 24 = svCM1: Sound Velocity, 2 [Chen-Millero, m/s]
# name 25 = flag: flag
# span 0 =         64,       7443       
# span 1 =      0.500,     76.500       
# span 2 =     4.2949,     7.1758       
# span 3 =     4.3217,     7.1702       
# span 4 =    -0.2048,     0.4093       
# span 5 =   0.809928,   1.027913       
# span 6 =   0.809939,   1.020036       
# span 7 =          1,          1       
# span 8 =     0.4734,     7.6329       
# span 9 =     0.2137,     7.8665       
# span 10 =       1.52,       9.99      
# span 11 =     0.0159,     0.0264      
# span 12 = -9.013e-06, 5.0486e+00      
# span 13 = -4.869e-05, 3.1767e+01      
# span 14 = 2.3037e+02, 8.3789e+02      
# span 15 =     7.0497,     9.6160      
# span 16 =     7.0495,     9.5461      
# span 17 =    -0.1213,     0.0017      
# span 18 =     5.4693,     7.5985      
# span 19 =     5.4692,     7.5449      
# span 20 =      0.495,     75.781      
# span 21 =      0.506,     77.464      
# span 22 =      0.025,      0.840      
# span 23 =    1434.11,    1445.43      
# span 24 =    1434.24,    1445.42      
# span 25 = 0.0000e+00, 0.0000e+00      
# interval = decibars: 0.5              
# start_time = Nov 25 2018 08:52:39 [NMEA time, first data scan]
# bad_flag = -9.990e-29
*END*
[from data line 56]
       2842     28.500     7.1335     7.1177    -0.0158    0.82347    0.82208          1     7.4600     7.6861       9.96     0.0224  1.209e-13  1.000e-12  8.272e+02     7.1421     7.1323    -0.0098     5.5316     5.5250     28.236     28.870      0.219    1444.97    1444.89  0.000e+00
       2891     29.000     7.1266     7.1267     0.0000    0.82376    0.82308          1     7.4687     7.6885       9.96     0.0220  1.221e-13  1.000e-12  8.188e+02     7.1461     7.1398    -0.0063     5.5352     5.5302     28.731     29.377      0.290    1444.95    1444.94  0.000e+00
       2928     29.500     7.1301     7.1259    -0.0043    0.82431    0.82358          1     7.4636     7.6954       9.96     0.0221  1.229e-13  1.000e-12  8.134e+02     7.1505     7.1446    -0.0059     5.5384     5.5340     29.226     29.883      0.305    1444.98    1444.95  0.000e+00
       2977     30.000     7.1318     7.1280    -0.0039    0.82481    0.82403          1     7.4657     7.6881       9.96     0.0220  1.235e-13  1.000e-12  8.097e+02     7.1548     7.1483    -0.0064     5.5416     5.5368     29.722     30.389      0.225    1445.00    1444.98  0.000e+00
       3026     30.500     7.1344     7.1307    -0.0037    0.82509    0.82468          1     7.4617     7.6688       9.96     0.0220  1.245e-13  1.000e-12  8.032e+02     7.1568     7.1537    -0.0031     5.5430     5.5409     30.217     30.896      0.285    1445.02    1445.00  0.000e+00
       3065     31.000     7.1352     7.1329    -0.0023    0.82521    0.82488          1     7.4530     7.6394       9.96     0.0219  1.255e-13  1.000e-12  7.967e+02     7.1577     7.1551    -0.0026     5.5437     5.5418     30.712     31.402      0.296    1445.03    1445.02  0.000e+00
       3108     31.500     7.1291     7.1322     0.0031    0.82526    0.82503          1     7.4320     7.5927       9.96     0.0213  1.268e-13  1.000e-12  7.886e+02     7.1593     7.1566    -0.0028     5.5454     5.5430     31.207     31.909      0.263    1445.02    1445.03  0.000e+00
       3158     32.000     7.1119     7.1291     0.0172    0.82529    0.82517          1     7.3926     7.5511       9.96     0.0208  1.291e-13  1.000e-12  7.746e+02     7.1631     7.1585    -0.0046     5.5495     5.5447     31.703     32.415      0.244    1444.96    1445.02  0.000e+00
       3201     32.500     7.1067     7.1186     0.0119    0.82584    0.82527          1     7.3541     7.5808       9.96     0.0208  1.310e-13  1.000e-12  7.635e+02     7.1692     7.1615    -0.0077     5.5547     5.5478     32.198     32.922      0.310    1444.95    1444.99  0.000e+00
       3245     33.000     7.1101     7.1121     0.0020    0.82646    0.82566          1     7.3513     7.6069       9.96     0.0215  1.331e-13  1.000e-12  7.513e+02     7.1743     7.1665    -0.0078     5.5584     5.5522     32.693     33.428      0.226    1444.98    1444.98  0.000e+00
       3301     33.500     7.1097     7.1105     0.0008    0.82768    0.82671          1     7.3647     7.6032       9.96     0.0220  1.362e-13  1.000e-12  7.344e+02     7.1857     7.1765    -0.0092     5.5675     5.5602     33.189     33.935      0.265    1445.00    1444.99  0.000e+00
       3342     34.000     7.1165     7.1118    -0.0047    0.82881    0.82763          1     7.3674     7.6120       9.96     0.0219  1.387e-13  1.000e-12  7.210e+02     7.1947     7.1848    -0.0100     5.5741     5.5666     33.684     34.441      0.310    1445.05    1445.02  0.000e+00
       3380     34.500     7.1154     7.1144    -0.0010    0.82961    0.82848          1     7.3838     7.6355       9.96     0.0220  1.419e-13  1.000e-12  7.049e+02     7.2024     7.1920    -0.0104     5.5802     5.5721     34.179     34.948      0.307    1445.06    1445.04  0.000e+00
       3428     35.000     7.1214     7.1160    -0.0055    0.83044    0.82924          1     7.4038     7.6648       9.96     0.0221  1.464e-13  1.000e-12  6.829e+02     7.2088     7.1987    -0.0101     5.5848     5.5773     34.675     35.454      0.218    1445.10    1445.07  0.000e+00
       3479     35.500     7.1221     7.1207    -0.0014    0.83055    0.83025          1     7.4184     7.6681       9.96     0.0229  1.511e-13  1.000e-12  6.619e+02     7.2096     7.2072    -0.0024     5.5854     5.5836     35.170     35.960      0.300    1445.11    1445.11  0.000e+00
       3516     36.000     7.1217     7.1207    -0.0009    0.83081    0.83041          1     7.4312     7.6753       9.96     0.0231  1.544e-13  1.000e-12  6.477e+02     7.2122     7.2086    -0.0035     5.5874     5.5847     35.665     36.467      0.295    1445.12    1445.12  0.000e+00
       3565     36.500     7.1213     7.1222     0.0008    0.83082    0.83073          1     7.4267     7.6760       9.96     0.0229  1.589e-13  1.000e-12  6.296e+02     7.2122     7.2112    -0.0010     5.5875     5.5866     36.161     36.973      0.228    1445.13    1445.13  0.000e+00
       3615     37.000     7.1246     7.1215    -0.0030    0.83120    0.83081          1     7.4414     7.6644       9.96     0.0233  1.635e-13  1.000e-12  6.116e+02     7.2151     7.2120    -0.0030     5.5895     5.5873     36.656     37.480      0.263    1445.16    1445.14  0.000e+00
       3659     37.500     7.1242     7.1225    -0.0017    0.83132    0.83098          1     7.4411     7.6570       9.96     0.0233  1.674e-13  1.000e-12  5.973e+02     7.2162     7.2134    -0.0028     5.5904     5.5883     37.151     37.986      0.272    1445.16    1445.16  0.000e+00
       3702     38.000     7.1273     7.1252    -0.0022    0.83149    0.83128          1     7.4371     7.6569       9.96     0.0232  1.713e-13  1.000e-12  5.839e+02     7.2170     7.2156    -0.0014     5.5908     5.5898     37.647     38.493      0.292    1445.19    1445.17  0.000e+00
       3745     38.500     7.1334     7.1260    -0.0074    0.83178    0.83135          1     7.4309     7.6612       9.96     0.0232  1.748e-13  1.000e-12  5.720e+02     7.2184     7.2160    -0.0024     5.5915     5.5901     38.142     38.999      0.251    1445.22    1445.19  0.000e+00
       3796     39.000     7.1589     7.1378    -0.0211    0.83285    0.83190          1     7.4272     7.6550       9.96     0.0232  1.788e-13  1.000e-12  5.594e+02     7.2230     7.2185    -0.0045     5.5934     5.5913     38.637     39.506      0.245    1445.34    1445.25  0.000e+00
       3844     39.500     7.1758     7.1525    -0.0233    0.83361    0.83261          1     7.4096     7.6347       9.96     0.0231  1.826e-13  1.000e-12  5.476e+02     7.2265     7.2221    -0.0045     5.5949     5.5930     39.132     40.012      0.261    1445.43    1445.32  0.000e+00
       3885     40.000     7.1754     7.1670    -0.0084    0.83366    0.83321          1     7.4086     7.6318       9.96     0.0226  1.859e-13  1.000e-12  5.379e+02     7.2270     7.2245    -0.0024     5.5953     5.5940     39.628     40.518      0.290    1445.43    1445.39  0.000e+00
       3938     40.500     7.1613     7.1702     0.0089    0.83324    0.83343          1     7.4131     7.6327       9.96     0.0221  1.900e-13  1.000e-12  5.263e+02     7.2260     7.2259    -0.0001     5.5955     5.5948     40.123     41.025      0.229    1445.38    1445.42  0.000e+00
       3984     41.000     7.1199     7.1530     0.0331    0.83208    0.83301          1     7.4153     7.6272       9.96     0.0221  1.941e-13  1.000e-12  5.153e+02     7.2237     7.2255     0.0017     5.5966     5.5957     40.618     41.531      0.269    1445.21    1445.35  0.000e+00
       4039     41.500     7.0729     7.1163     0.0435    0.83118    0.83218          1     7.4186     7.6451       9.96     0.0220  2.002e-13  1.000e-12  4.996e+02     7.2251     7.2253     0.0003     5.6009     5.5981     41.114     42.038      0.239    1445.02    1445.20  0.000e+00
       4081     42.000     7.0560     7.0755     0.0195    0.83089    0.83128          1     7.4047     7.6449       9.96     0.0220  2.059e-13  1.000e-12  4.857e+02     7.2258     7.2254    -0.0004     5.6026     5.6010     41.609     42.544      0.346    1444.96    1445.04  0.000e+00
       4120     42.500     7.0573     7.0704     0.0130    0.83095    0.83118          1     7.4186     7.6477       9.96     0.0220  2.122e-13  1.000e-12  4.713e+02     7.2261     7.2255    -0.0006     5.6027     5.6014     42.104     43.051      0.243    1444.98    1445.03  0.000e+00
       4178     43.000     7.0560     7.0625     0.0066    0.83095    0.83107          1     7.4005     7.6426       9.96     0.0222  2.205e-13  1.000e-12  4.536e+02     7.2264     7.2261    -0.0003     5.6031     5.6024     42.599     43.557      0.253    1444.98    1445.00  0.000e+00
       4220     43.500     7.0438     7.0556     0.0117    0.83070    0.83095          1     7.4084     7.6377       9.96     0.0224  2.267e-13  1.000e-12  4.411e+02     7.2265     7.2264    -0.0001     5.6040     5.6031     43.095     44.063      0.280    1444.94    1444.98  0.000e+00
       4270     44.000     7.0381     7.0513     0.0133    0.83059    0.83087          1     7.4126     7.6395       9.96     0.0225  2.350e-13  1.000e-12  4.255e+02     7.2265     7.2264    -0.0001     5.6044     5.6034     43.590     44.570      0.216    1444.92    1444.97  0.000e+00
       4323     44.500     7.0382     7.0418     0.0036    0.83069    0.83068          1     7.4163     7.6317       9.96     0.0222  2.443e-13  1.000e-12  4.095e+02     7.2274     7.2266    -0.0008     5.6051     5.6042     44.085     45.076      0.245    1444.93    1444.94  0.000e+00
       4368     45.000     7.0293     7.0390     0.0097    0.83065    0.83069          1     7.4153     7.6210       9.96     0.0240  2.527e-13  1.000e-12  3.957e+02     7.2288     7.2272    -0.0016     5.6068     5.6049     44.581     45.583      0.301    1444.90    1444.94  0.000e+00
       4407     45.500     7.0235     7.0336     0.0101    0.83085    0.83070          1     7.4098     7.6063       9.96     0.0223  2.604e-13  1.000e-12  3.841e+02     7.2319     7.2284    -0.0035     5.6096     5.6061     45.076     46.089      0.300    1444.89    1444.93  0.000e+00
       4448     46.000     7.0144     7.0302     0.0158    0.83167    0.83088          1     7.3940     7.4953       9.96     0.0229  2.684e-13  1.000e-12  3.726e+02     7.2414     7.2307    -0.0107     5.6177     5.6082     45.571     46.596      0.295    1444.87    1444.92  0.000e+00
       4490     46.500     6.9285     7.0143     0.0859    0.83256    0.83140          1     7.3606     7.2424       9.96     0.0219  2.769e-13  1.000e-12  3.612e+02     7.2678     7.2389    -0.0289     5.6442     5.6157     46.067     47.102      0.252    1444.55    1444.87  0.000e+00
       4540     47.000     6.7250     6.9479     0.2229    0.83165    0.83186          1     7.2423     7.0496       9.96     0.0188  2.895e-13  1.000e-12  3.455e+02     7.3022     7.2571    -0.0452     5.6845     5.6345     46.562     47.608      0.285    1443.75    1444.63  0.000e+00
       4577     47.500     6.5549     6.8010     0.2460    0.82913    0.83172          1     7.0720     6.9974       9.96     0.0173  2.996e-13  1.000e-12  3.338e+02     7.3146     7.2867    -0.0279     5.7048     5.6674     47.057     48.115      0.288    1443.05    1444.05  0.000e+00
       4632     48.000     6.2777     6.6146     0.3377    0.82263    0.82943          1     6.9549     6.9275       9.96     0.0171  3.168e-13  1.000e-12  3.158e+02     7.3120     7.3047    -0.0073     5.7192     5.6933     47.552     48.621      0.229    1441.88    1443.30  0.000e+00
       4674     48.500     5.9901     6.3994     0.4093    0.81599    0.82530          1     6.8556     6.8981       9.96     0.0170  3.324e-13  1.000e-12  3.009e+02     7.3102     7.3114     0.0011     5.7338     5.7117     48.048     49.127      0.336    1440.65    1442.40  0.000e+00
       4714     49.000     5.9466     6.1303     0.1838    0.81799    0.81993          1     6.7948     6.8706       9.96     0.0161  3.441e-13  1.000e-12  2.906e+02     7.3388     7.3178    -0.0210     5.7587     5.7321     48.543     49.634      0.265    1440.51    1441.27  0.000e+00
       4762     49.500     6.0778     6.0613    -0.0167    0.82708    0.82072          1     6.7324     6.8192       9.96     0.0160  3.529e-13  1.000e-12  2.834e+02     7.3978     7.3402    -0.0575     5.7981     5.7536     49.038     50.140      0.278    1441.16    1441.01  0.000e+00
       4801     50.000     6.0923     6.0845    -0.0079    0.83075    0.82478          1     6.6653     6.7075       9.96     0.0170  3.567e-13  1.000e-12  2.804e+02     7.4298     7.3741    -0.0556     5.8225     5.7791     49.533     50.647      0.291    1441.27    1441.16  0.000e+00
       4858     50.500     6.0423     6.0662     0.0241    0.83209    0.82850          1     6.5955     6.6802       9.96     0.0163  3.568e-13  1.000e-12  2.803e+02     7.4536     7.4138    -0.0397     5.8440     5.8114     50.029     51.153      0.220    1441.09    1441.14  0.000e+00
       4901     51.000     6.0195     6.0589     0.0394    0.83316    0.83223          1     6.5365     6.5988       9.96     0.0159  3.568e-13  1.000e-12  2.803e+02     7.4689     7.4512    -0.0177     5.8574     5.8413     50.524     51.659      0.403    1441.02    1441.17  0.000e+00
       4939     51.500     5.9360     6.0062     0.0701    0.83266    0.83252          1     6.4740     6.5609       9.96     0.0159  3.590e-13  1.000e-12  2.786e+02     7.4824     7.4656    -0.0169     5.8725     5.8554     51.019     52.165      0.261    1440.69    1440.97  0.000e+00
       5010     52.000     5.8375     5.9026     0.0652    0.83274    0.83289          1     6.4096     6.4932       9.96     0.0159  3.622e-13  1.000e-12  2.761e+02     7.5049     7.4919    -0.0130     5.8954     5.8818     51.515     52.672      0.355    1440.30    1440.56  0.000e+00
       5037     52.500     5.7672     5.8478     0.0807    0.83251    0.83283          1     6.3671     6.4610       9.96     0.0159  3.621e-13  1.000e-12  2.762e+02     7.5183     7.5035    -0.0148     5.9096     5.8938     52.010     53.178      0.390    1440.02    1440.35  0.000e+00
       5091     53.000     5.7158     5.7772     0.0612    0.83275    0.83283          1     6.3226     6.4257       9.96     0.0159  3.621e-13  1.000e-12  2.762e+02     7.5320     7.5191    -0.0130     5.9230     5.9097     52.505     53.684      0.231    1439.82    1440.07  0.000e+00
       5143     53.500     5.7049     5.7189     0.0141    0.83361    0.83310          1     6.2724     6.3579       9.96     0.0167  3.639e-13  1.000e-12  2.748e+02     7.5428     7.5346    -0.0082     5.9320     5.9249     53.000     54.191      0.412    1439.80    1439.85  0.000e+00
       5170     54.000     5.6556     5.7044     0.0488    0.83439    0.83380          1     6.2214     6.2596       9.96     0.0164  3.657e-13  1.000e-12  2.735e+02     7.5613     7.5446    -0.0167     5.9492     5.9335     53.496     54.697      0.366    1439.62    1439.81  0.000e+00
       5256     54.500     5.5679     5.6116     0.0438    0.83393    0.83422          1     6.0836     6.1839       9.96     0.0171  3.723e-13  1.000e-12  2.686e+02     7.5764     7.5694    -0.0070     5.9653     5.9577     53.991     55.203      0.287    1439.26    1439.44  0.000e+00
       5284     55.000     5.5272     5.5734     0.0461    0.83444    0.83405          1     6.0463     6.1429       9.96     0.0167  3.730e-13  1.000e-12  2.681e+02     7.5906     7.5764    -0.0143     5.9785     5.9650     54.486     55.709      0.452    1439.11    1439.29  0.000e+00
       5333     55.500     5.4370     5.5205     0.0828    0.83680    0.83542          1     5.9978     5.9925       9.96     0.0168  3.759e-13  1.000e-12  2.661e+02     7.6341     7.6017    -0.0325     6.0171     5.9875     54.981     56.216      0.267    1438.78    1439.10  0.000e+00
