ctdpy/exports/archive_20191120_135557/received_data/SBE09_0827_20181005_1940_26_01_1019.cnv
* Sea-Bird SBE 9 Data File:
* FileName = D:\CTD_SBE911\DAT\26DA.2018.10.19.hex
* Software Version Seasave V 7.21d
* Temperature SN = 4548
* Conductivity SN = 3062
* Number of Bytes Per Scan = 48
* Number of Voltage Words = 5
* Number of Scans Averaged by the Deck Unit = 1
* NMEA Latitude = 56 55.08 N
* NMEA Longitude = 017 35.35 E
* NMEA UTC (Time) = Oct 05 2018  19:43:22
* NMEA baud rate = 4800
** Ship: DANA
** Average sound velocity: 1444.66 m/s
** True-depth calculation Thu, 28 Mar 2019 12:18:09 +0000
** CTD Python Module SMHI /ver 3-12/ feb 2012 
** LIMS Job: 20182601-1019
** Operator: Christian A-KTh
** Cruise: 10/2018
# nquan = 26
# nvalues = 181                         
# units = specified
# name 0 = scan: Scan Count
# name 1 = prDM: Pressure, Digiquartz [db]
# name 2 = t090C: Temperature [ITS-90, deg C]
# name 3 = t190C: Temperature, 2 [ITS-90, deg C]
# name 4 = T2-T190C: Temperature Difference, 2 - 1 [ITS-90, deg C]
# name 5 = c0S/m: Conductivity [S/m]
# name 6 = c1S/m: Conductivity, 2 [S/m]
# name 7 = pumps: Pump Status
# name 8 = sbeox1ML/L: Oxygen, SBE 43, 2 [ml/l]
# name 9 = sbeox0ML/L: Oxygen, SBE 43 [ml/l]
# name 10 = altM: Altimeter [m]
# name 11 = chloroflTC0: Chlorophyll, Turner Cyclops [ug/l]
# name 12 = cpar: CPAR/Corrected Irradiance [%]
# name 13 = par: PAR/Irradiance, Biospherical/Lico [µE/(cm^2*s)]
# name 14 = spar: SPAR, Biospherical/Licor
# name 15 = sal00: Salinity, Practical [PSU]
# name 16 = sal11: Salinity, Practical, 2 [PSU]
# name 17 = secS-priS: Salinity, Practical, Difference, 2 - 1 [PSU]
# name 18 = sigma-t00: Density [sigma-t, kg/m^3 ]
# name 19 = sigma-t11: Density, 2 [sigma-t, kg/m^3 ]
# name 20 = depSM: Depth [salt water, m], lat = 56.918
# name 21 = depFM: Depth [true depth, m], lat = 56.918
# name 22 = dz/dtM: Descent Rate [m/s], WS = 2
# name 23 = svCM: Sound Velocity [Chen-Millero, m/s]
# name 24 = svCM1: Sound Velocity, 2 [Chen-Millero, m/s]
# name 25 = flag: flag
# span 0 =         41,      10429       
# span 1 =      0.500,     90.500       
# span 2 =     3.9323,    11.4835       
# span 3 =     3.9282,    11.4839       
# span 4 =    -0.3837,     0.0481       
# span 5 =   0.773928,   1.135960       
# span 6 =   0.774771,   1.135977       
# span 7 =          1,          1       
# span 8 =     0.0320,     7.3784       
# span 9 =     0.0388,     6.9882       
# span 10 =       1.57,       9.97      
# span 11 =     0.0159,     0.0338      
# span 12 = 4.9241e-11, 2.1137e+03      
# span 13 = 1.0000e-12, 7.7699e-03      
# span 14 = 1.9879e+00, 2.0308e+00      
# span 15 =     6.9322,    10.5161      
# span 16 =     6.9324,    10.5161      
# span 17 =    -0.0009,     0.0469      
# span 18 =     4.9471,     8.2765      
# span 19 =     4.9471,     8.2765      
# span 20 =      0.495,     89.650      
# span 21 =      0.507,     91.593      
# span 22 =     -0.051,      0.703      
# span 23 =    1431.41,    1461.66      
# span 24 =    1431.41,    1461.66      
# span 25 = 0.0000e+00, 0.0000e+00      
# interval = decibars: 0.5              
# start_time = Oct 05 2018 19:43:23 [NMEA time, first data scan]
# bad_flag = -9.990e-29
*END*
         41      0.500    11.4656    11.4659     0.0002    0.89587    0.89591          1     7.1267     6.6496       3.36     0.0289  3.826e-01  7.770e-03  2.031e+00     6.9326     6.9330     0.0003     4.9472     4.9474      0.495      0.507      0.703    1461.43    1461.44  0.000e+00
         76      1.000    11.4660    11.4659    -0.0001    0.89589    0.89591          1     7.1367     6.6521       7.97     0.0288  3.721e-02  7.557e-04  2.031e+00     6.9327     6.9329     0.0002     4.9471     4.9473      0.991      1.014      0.530    1461.44    1461.44  0.000e+00
        466      1.500    11.4662    11.4670     0.0008    0.89591    0.89596          1     7.1425     6.6632       6.53     0.0294  7.756e-10  1.575e-11  2.031e+00     6.9328     6.9331     0.0002     4.9472     4.9473      1.486      1.520      0.335    1461.45    1461.46  0.000e+00
        736      2.000    11.4682    11.4688     0.0007    0.89601    0.89601          1     7.1486     6.6750       9.91     0.0315  4.924e-11  1.000e-12  2.031e+00     6.9332     6.9331    -0.0001     4.9473     4.9471      1.982      2.027      0.342    1461.47    1461.47  0.000e+00
        784      2.500    11.4690    11.4694     0.0004    0.89604    0.89608          1     7.1431     6.6736       9.97     0.0338  4.924e-11  1.000e-12  2.031e+00     6.9333     6.9335     0.0002     4.9472     4.9473      2.477      2.534      0.208    1461.48    1461.48  0.000e+00
        849      3.000    11.4686    11.4693     0.0007    0.89602    0.89608          1     7.1444     6.6651       9.97     0.0326  4.924e-11  1.000e-12  2.031e+00     6.9331     6.9335     0.0003     4.9471     4.9473      2.972      3.041      0.237    1461.49    1461.49  0.000e+00
        892      3.500    11.4687    11.4691     0.0004    0.89603    0.89607          1     7.1460     6.6648       9.97     0.0320  4.924e-11  1.000e-12  2.031e+00     6.9331     6.9334     0.0003     4.9471     4.9473      3.468      3.547      0.341    1461.49    1461.50  0.000e+00
        931      4.000    11.4687    11.4691     0.0005    0.89604    0.89611          1     7.1390     6.6652       9.97     0.0305  4.924e-11  1.000e-12  2.031e+00     6.9332     6.9336     0.0005     4.9472     4.9475      3.963      4.054      0.285    1461.50    1461.51  0.000e+00
       1004      4.500    11.4707    11.4774     0.0067    0.89623    0.89663          1     7.1331     6.6531       9.97     0.0302  4.924e-11  1.000e-12  2.031e+00     6.9343     6.9364     0.0021     4.9478     4.9486      4.459      4.561      0.477    1461.52    1461.55  0.000e+00
       1020      5.000    11.4772    11.4763    -0.0009    0.89662    0.89659          1     7.1361     6.6478       9.97     0.0289  5.483e-05  1.000e-12  2.031e+00     6.9363     6.9362    -0.0000     4.9485     4.9486      4.954      5.068      0.509    1461.56    1461.55  0.000e+00
       1087      5.500    11.4755    11.4744    -0.0011    0.89652    0.89651          1     7.1443     6.6631       9.97     0.0298  1.016e+03  1.000e-12  2.010e+00     6.9358     6.9358     0.0001     4.9484     4.9485      5.449      5.574      0.303    1461.56    1461.55  0.000e+00
       1136      6.000    11.4745    11.4740    -0.0005    0.89649    0.89647          1     7.1400     6.6669       9.97     0.0294  1.555e+01  1.000e-12  2.030e+00     6.9356     6.9356    -0.0000     4.9483     4.9484      5.945      6.081      0.401    1461.56    1461.56  0.000e+00
       1171      6.500    11.4737    11.4733    -0.0003    0.89643    0.89643          1     7.1446     6.6713       9.97     0.0307  4.924e-11  1.000e-12  2.031e+00     6.9352     6.9353     0.0000     4.9482     4.9482      6.440      6.588      0.297    1461.56    1461.56  0.000e+00
       1219      7.000    11.4772    11.4787     0.0014    0.89659    0.89667          1     7.1445     6.6729       9.97     0.0294  4.924e-11  1.000e-12  2.031e+00     6.9358     6.9362     0.0004     4.9482     4.9483      6.936      7.095      0.229    1461.59    1461.59  0.000e+00
       1271      7.500    11.4815    11.4823     0.0008    0.89677    0.89682          1     7.1443     6.6739       9.97     0.0293  4.924e-11  1.000e-12  2.031e+00     6.9365     6.9368     0.0003     4.9482     4.9483      7.431      7.601      0.253    1461.61    1461.62  0.000e+00
       1314      8.000    11.4812    11.4823     0.0011    0.89676    0.89683          1     7.1427     6.6670       9.97     0.0293  4.924e-11  1.000e-12  2.031e+00     6.9364     6.9368     0.0004     4.9481     4.9483      7.926      8.108      0.284    1461.62    1461.62  0.000e+00
       1361      8.500    11.4835    11.4839     0.0004    0.89686    0.89690          1     7.1396     6.6583       9.97     0.0291  4.924e-11  1.000e-12  2.031e+00     6.9368     6.9370     0.0003     4.9481     4.9483      8.422      8.615      0.231    1461.64    1461.64  0.000e+00
       1417      9.000    11.4831    11.4832     0.0002    0.89684    0.89687          1     7.1332     6.6615       9.97     0.0292  4.924e-11  1.000e-12  2.031e+00     6.9366     6.9369     0.0003     4.9480     4.9482      8.917      9.122      0.206    1461.64    1461.64  0.000e+00
       1473      9.500    11.4771    11.4784     0.0014    0.89658    0.89667          1     7.1374     6.6790       9.97     0.0284  4.924e-11  1.000e-12  2.031e+00     6.9355     6.9361     0.0006     4.9479     4.9482      9.413      9.628      0.262    1461.63    1461.63  0.000e+00
       1510     10.000    11.4720    11.4735     0.0015    0.89639    0.89648          1     7.1488     6.6778       9.97     0.0282  4.924e-11  1.000e-12  2.031e+00     6.9348     6.9353     0.0005     4.9480     4.9482      9.908     10.135      0.355    1461.61    1461.62  0.000e+00
       1548     10.500    11.4690    11.4688    -0.0002    0.89627    0.89629          1     7.1457     6.6714       9.97     0.0286  4.924e-11  1.000e-12  2.031e+00     6.9344     6.9346     0.0002     4.9481     4.9483     10.403     10.642      0.272    1461.61    1461.61  0.000e+00
       1600     11.000    11.4673    11.4665    -0.0007    0.89621    0.89623          1     7.1303     6.6692       9.97     0.0287  4.924e-11  1.000e-12  2.031e+00     6.9342     6.9344     0.0003     4.9481     4.9484     10.899     11.149      0.232    1461.61    1461.61  0.000e+00
       1645     11.500    11.4654    11.4658     0.0004    0.89614    0.89620          1     7.1346     6.6625       9.97     0.0288  4.924e-11  1.000e-12  2.031e+00     6.9339     6.9343     0.0004     4.9481     4.9484     11.394     11.656      0.304    1461.61    1461.61  0.000e+00
       1685     12.000    11.4629    11.4626    -0.0003    0.89604    0.89607          1     7.1383     6.6512       9.97     0.0291  4.924e-11  1.000e-12  2.031e+00     6.9334     6.9338     0.0003     4.9481     4.9484     11.890     12.162      0.245    1461.61    1461.61  0.000e+00
       1760     12.500    11.4555    11.4544    -0.0011    0.89576    0.89576          1     7.1354     6.6654       9.97     0.0288  4.924e-11  1.000e-12  2.031e+00     6.9324     6.9327     0.0002     4.9482     4.9486     12.385     12.669      0.254    1461.59    1461.58  0.000e+00
       1800     13.000    11.4571    11.4565    -0.0006    0.89581    0.89582          1     7.1346     6.6697       9.97     0.0288  4.924e-11  1.000e-12  2.031e+00     6.9325     6.9327     0.0002     4.9481     4.9483     12.880     13.176      0.382    1461.60    1461.60  0.000e+00
       1833     13.500    11.4564    11.4562    -0.0002    0.89577    0.89581          1     7.1320     6.6737       9.97     0.0292  4.924e-11  1.000e-12  2.031e+00     6.9322     6.9326     0.0004     4.9480     4.9483     13.376     13.683      0.300    1461.61    1461.61  0.000e+00
       1888     14.000    11.4542    11.4541    -0.0001    0.89575    0.89580          1     7.1359     6.6620       9.97     0.0292  4.924e-11  1.000e-12  2.031e+00     6.9325     6.9329     0.0004     4.9484     4.9488     13.871     14.189      0.216    1461.61    1461.61  0.000e+00
       1936     14.500    11.4549    11.4550     0.0001    0.89581    0.89585          1     7.1381     6.6616       9.97     0.0284  4.924e-11  1.000e-12  2.031e+00     6.9328     6.9331     0.0003     4.9486     4.9488     14.366     14.696      0.250    1461.62    1461.62  0.000e+00
       1995     15.000    11.4552    11.4553     0.0000    0.89584    0.89589          1     7.1404     6.6727       9.97     0.0290  4.924e-11  1.000e-12  2.031e+00     6.9329     6.9333     0.0004     4.9486     4.9490     14.862     15.203      0.226    1461.63    1461.63  0.000e+00
       2038     15.500    11.4538    11.4534    -0.0004    0.89584    0.89588          1     7.1451     6.6637       9.97     0.0293  4.924e-11  1.000e-12  2.031e+00     6.9331     6.9336     0.0004     4.9490     4.9494     15.357     15.710      0.310    1461.63    1461.63  0.000e+00
       2090     16.000    11.4495    11.4500     0.0006    0.89571    0.89577          1     7.1297     6.6644       9.97     0.0287  4.924e-11  1.000e-12  2.031e+00     6.9328     6.9332     0.0004     4.9493     4.9496     15.853     16.216      0.225    1461.62    1461.63  0.000e+00
       2144     16.500    11.4463    11.4457    -0.0006    0.89561    0.89564          1     7.1306     6.6713       9.97     0.0286  4.924e-11  1.000e-12  2.031e+00     6.9325     6.9328     0.0003     4.9494     4.9498     16.348     16.723      0.429    1461.62    1461.62  0.000e+00
       2167     17.000    11.4516    11.4538     0.0021    0.89571    0.89577          1     7.1332     6.6701       9.97     0.0292  4.924e-11  1.000e-12  2.031e+00     6.9323     6.9324     0.0001     4.9486     4.9484     16.843     17.230      0.475    1461.65    1461.66  0.000e+00
       2224     17.500    11.4528    11.4533     0.0005    0.89572    0.89577          1     7.1395     6.6638       9.97     0.0285  4.924e-11  1.000e-12  2.031e+00     6.9322     6.9324     0.0003     4.9483     4.9485     17.339     17.737      0.285    1461.66    1461.66  0.000e+00
       2297     18.000    11.4511    11.4500    -0.0011    0.89570    0.89572          1     7.1413     6.6588       9.97     0.0291  4.924e-11  1.000e-12  2.031e+00     6.9322     6.9325     0.0004     4.9486     4.9490     17.834     18.243      0.429    1461.66    1461.66  0.000e+00
       2321     18.500    11.4465    11.4462    -0.0003    0.89562    0.89566          1     7.1355     6.6676       9.97     0.0294  4.924e-11  1.000e-12  2.031e+00     6.9323     6.9327     0.0004     4.9493     4.9496     18.329     18.750      0.387    1461.65    1461.65  0.000e+00
       2376     19.000    11.4388    11.4394     0.0006    0.89548    0.89554          1     7.1339     6.6585       9.97     0.0286  4.924e-11  1.000e-12  2.031e+00     6.9326     6.9329     0.0003     4.9504     4.9506     18.825     19.257      0.225    1461.63    1461.63  0.000e+00
       2429     19.500    11.4299    11.4274    -0.0025    0.89532    0.89533          1     7.1343     6.6644       9.97     0.0281  4.924e-11  1.000e-12  2.031e+00     6.9329     6.9333     0.0005     4.9518     4.9524     19.320     19.764      0.329    1461.61    1461.60  0.000e+00
       2462     20.000    11.4298    11.4298     0.0000    0.89535    0.89538          1     7.1336     6.6639       9.97     0.0281  4.924e-11  1.000e-12  2.031e+00     6.9330     6.9333     0.0003     4.9519     4.9521     19.816     20.270      0.376    1461.62    1461.62  0.000e+00
       2495     20.500    11.4316    11.4328     0.0012    0.89540    0.89548          1     7.1321     6.6570       9.97     0.0286  4.924e-11  1.000e-12  2.031e+00     6.9331     6.9335     0.0004     4.9517     4.9519     20.311     20.777      0.312    1461.63    1461.63  0.000e+00
       2565     21.000    11.4307    11.4292    -0.0016    0.89542    0.89543          1     7.1295     6.6589       9.97     0.0291  4.924e-11  1.000e-12  2.031e+00     6.9333     6.9337     0.0004     4.9520     4.9525     20.806     21.284      0.237    1461.64    1461.63  0.000e+00
       2612     21.500    11.4228    11.4211    -0.0016    0.89525    0.89526          1     7.1300     6.6524       9.97     0.0285  4.924e-11  1.000e-12  2.031e+00     6.9334     6.9338     0.0004     4.9530     4.9535     21.302     21.791      0.391    1461.61    1461.61  0.000e+00
       2642     22.000    11.4181    11.4180    -0.0001    0.89516    0.89521          1     7.1303     6.6535       9.97     0.0283  4.924e-11  1.000e-12  2.031e+00     6.9334     6.9339     0.0004     4.9537     4.9540     21.797     22.297      0.336    1461.60    1461.60  0.000e+00
       2702     22.500    11.4112    11.4095    -0.0018    0.89507    0.89510          1     7.1331     6.6593       9.97     0.0282  4.924e-11  1.000e-12  2.031e+00     6.9340     6.9345     0.0006     4.9549     4.9556     22.292     22.804      0.267    1461.59    1461.58  0.000e+00
       2742     23.000    11.4110    11.4063    -0.0047    0.89508    0.89502          1     7.1268     6.6627       9.97     0.0282  4.924e-11  1.000e-12  2.031e+00     6.9340     6.9344     0.0004     4.9550     4.9559     22.788     23.311      0.490    1461.59    1461.58  0.000e+00
       2765     23.500    11.3906    11.3861    -0.0046    0.89470    0.89468          1     7.1371     6.6672       9.97     0.0284  4.924e-11  1.000e-12  2.031e+00     6.9346     6.9353     0.0007     4.9580     4.9591     23.283     23.818      0.464    1461.53    1461.51  0.000e+00
       2830     24.000    11.3726    11.3685    -0.0041    0.89437    0.89435          1     7.1592     6.6893       9.97     0.0287  4.924e-11  1.000e-12  2.031e+00     6.9352     6.9358     0.0006     4.9606     4.9616     23.778     24.325      0.264    1461.47    1461.45  0.000e+00
       2892     24.500    11.3645    11.3612    -0.0033    0.89423    0.89429          1     7.1068     6.6761       9.97     0.0287  4.924e-11  1.000e-12  2.031e+00     6.9355     6.9365     0.0011     4.9619     4.9631     24.274     24.831      0.456    1461.44    1461.43  0.000e+00
       2917     25.000    11.2019    11.1429    -0.0598    0.89119    0.89063          1     7.0755     6.6379       9.97     0.0294  4.924e-11  1.000e-12  2.031e+00     6.9404     6.9468     0.0064     4.9855     4.9975     24.769     25.338      0.423    1460.84    1460.63  0.000e+00
       2969     25.500    10.8996    10.8156    -0.0844    0.88599    0.88489          1     7.0615     6.7376       9.97     0.0278  4.924e-11  1.000e-12  2.031e+00     6.9534     6.9600     0.0065     5.0317     5.0466     25.264     25.845      0.250    1459.72    1459.41  0.000e+00
       3028     26.000     9.5365     9.1504    -0.3837    0.86169    0.85834          1     6.8361     6.6533       9.97     0.0259  4.924e-11  1.000e-12  2.031e+00     7.0059     7.0519     0.0460     5.2185     5.2935     25.760     26.351      0.415    1454.49    1453.03  0.000e+00
       3052     26.500     8.0687     7.8690    -0.2013    0.83708    0.83553          1     6.9075     6.6707       9.97     0.0252  4.924e-11  1.000e-12  2.031e+00     7.0768     7.1031     0.0263     5.4098     5.4462     26.255     26.858      0.489    1448.71    1447.93  0.000e+00
       3079     27.000     7.2117     6.8553    -0.3559    0.82152    0.81749          1     7.0454     6.8149       9.97     0.0227  4.924e-11  1.000e-12  2.031e+00     7.1080     7.1439     0.0359     5.4988     5.5512     26.751     27.364      0.325    1445.22    1443.77  0.000e+00
       3173     27.500     6.5092     6.4667    -0.0422    0.81158    0.81210          1     7.3162     6.9062       9.97     0.0196  4.924e-11  1.000e-12  2.031e+00     7.1603     7.1741     0.0138     5.5862     5.5996     27.246     27.871      0.324    1442.35    1442.18  0.000e+00
