ctdpy/exports/archive_20191120_135557/received_data/SBE09_0827_20180904_1641_26_01_0960.cnv
* Sea-Bird SBE 9 Data File:
* FileName = D:\CTD_SBE911\DAT\26DA.2018.9.10.hex
* Software Version Seasave V 7.21d
* Temperature SN = 034605
* Conductivity SN = 041844
* Number of Bytes Per Scan = 48
* Number of Voltage Words = 5
* Number of Scans Averaged by the Deck Unit = 1
* NMEA Latitude = 57 18.71 N
* NMEA Longitude = 020 04.61 E
* NMEA UTC (Time) = Sep 04 2018  16:44:08
* NMEA baud rate = 4800
** Ship: DANA
** Average sound velocity: 1450.26 m/s
** True-depth calculation Wed, 03 Apr 2019 09:28:19 +0000
** CTD Python Module SMHI /ver 3-12/ feb 2012 
** LIMS Job: 20182601-0960
**  BY15
** Operator: Christian JKro
** Cruise: 09/2018
# nquan = 26
# nvalues = 471                         
# units = specified
# name 0 = scan: Scan Count
# name 1 = prDM: Pressure, Digiquartz [db]
# name 2 = t090C: Temperature [ITS-90, deg C]
# name 3 = t190C: Temperature, 2 [ITS-90, deg C]
# name 4 = T2-T190C: Temperature Difference, 2 - 1 [ITS-90, deg C]
# name 5 = c0S/m: Conductivity [S/m]
# name 6 = c1S/m: Conductivity, 2 [S/m]
# name 7 = pumps: Pump Status
# name 8 = sbeox1ML/L: Oxygen, SBE 43, 2 [ml/l]
# name 9 = sbeox0ML/L: Oxygen, SBE 43 [ml/l]
# name 10 = altM: Altimeter [m]
# name 11 = chloroflTC0: Chlorophyll, Turner Cyclops [ug/l]
# name 12 = cpar: CPAR/Corrected Irradiance [%]
# name 13 = par: PAR/Irradiance, Biospherical/Lico [µE/(cm^2*s)]
# name 14 = spar: SPAR, Biospherical/Licor
# name 15 = sal00: Salinity, Practical [PSU]
# name 16 = sal11: Salinity, Practical, 2 [PSU]
# name 17 = secS-priS: Salinity, Practical, Difference, 2 - 1 [PSU]
# name 18 = sigma-t00: Density [sigma-t, kg/m^3 ]
# name 19 = sigma-t11: Density, 2 [sigma-t, kg/m^3 ]
# name 20 = depSM: Depth [salt water, m], lat = 57.3118
# name 21 = depFM: Depth [true depth, m], lat = 57.3118
# name 22 = dz/dtM: Descent Rate [m/s], WS = 2
# name 23 = svCM: Sound Velocity [Chen-Millero, m/s]
# name 24 = svCM1: Sound Velocity, 2 [Chen-Millero, m/s]
# name 25 = flag: flag
# span 0 =         43,      17599       
# span 1 =      1.500,    236.500       
# span 2 =     3.1559,    18.4231       
# span 3 =     3.1255,    18.4186       
# span 4 =    -1.3558,     0.1678       
# span 5 =   0.752543,   1.458228       
# span 6 =   0.751971,   1.457806       
# span 7 =          1,          1       
# span 8 =     0.0329,     7.7671       
# span 9 =     0.0187,     8.0878       
# span 10 =       1.89,       9.98      
# span 11 =     0.0427,     0.3058      
# span 12 = -6.197e-06, 6.3859e+00      
# span 13 = -5.538e-06, 6.1120e+00      
# span 14 = 6.0854e+01, 9.5784e+01      
# span 15 =     6.9034,    13.2790      
# span 16 =     6.9281,    13.2751      
# span 17 =    -0.0544,     0.1258      
# span 18 =     3.8298,    10.3655      
# span 19 =     3.8280,    10.3625      
# span 20 =      1.486,    234.188      
# span 21 =      1.522,    238.896      
# span 22 =      0.018,      0.532      
# span 23 =    1427.96,    1485.51      
# span 24 =    1427.75,    1485.52      
# span 25 = 0.0000e+00, 0.0000e+00      
# interval = decibars: 0.5              
# start_time = Sep 04 2018 16:44:08 [NMEA time, first data scan]
# bad_flag = -9.990e-29
*END*
[from data line 279]
      11782    141.000     6.7451     6.7509     0.0058    1.38809    1.38930          1     0.0561     0.0364       9.97     0.0476  1.407e-12  1.000e-12  7.108e+01    12.6653    12.6751     0.0098     9.8967     9.9039    139.654    142.610      0.501    1452.05    1452.08  0.000e+00
      11805    141.500     6.7480     6.7549     0.0070    1.38911    1.39054          1     0.0557     0.0355       9.97     0.0476  1.407e-12  1.000e-12  7.108e+01    12.6743    12.6858     0.0115     9.9035     9.9120    140.149    143.115      0.524    1452.08    1452.12  0.000e+00
      11828    142.000     6.7524     6.7589     0.0064    1.39061    1.39190          1     0.0551     0.0359       9.97     0.0480  1.407e-12  1.000e-12  7.108e+01    12.6874    12.6977     0.0103     9.9134     9.9210    140.644    143.619      0.508    1452.12    1452.16  0.000e+00
      11852    142.500     6.7571     6.7638     0.0067    1.39207    1.39334          1     0.0534     0.0352       9.97     0.0486  1.407e-12  1.000e-12  7.108e+01    12.6999    12.7100     0.0101     9.9228     9.9302    141.139    144.123      0.484    1452.16    1452.21  0.000e+00
      11877    143.000     6.7608     6.7691     0.0083    1.39322    1.39475          1     0.0545     0.0333       9.97     0.0484  1.407e-12  1.000e-12  7.108e+01    12.7098    12.7218     0.0121     9.9303     9.9391    141.634    144.628      0.495    1452.20    1452.25  0.000e+00
      11901    143.500     6.7665     6.7747     0.0083    1.39484    1.39639          1     0.0562     0.0351       9.97     0.0470  1.407e-12  1.000e-12  7.108e+01    12.7236    12.7359     0.0123     9.9408     9.9497    142.129    145.132      0.512    1452.25    1452.30  0.000e+00
      11924    144.000     6.7703     6.7789     0.0086    1.39613    1.39784          1     0.0532     0.0334       9.97     0.0478  1.407e-12  1.000e-12  7.108e+01    12.7349    12.7486     0.0137     9.9493     9.9593    142.624    145.636      0.504    1452.29    1452.34  0.000e+00
      11949    144.500     6.7753     6.7824     0.0071    1.39752    1.39902          1     0.0535     0.0340       9.97     0.0479  1.407e-12  1.000e-12  7.108e+01    12.7467    12.7589     0.0122     9.9582     9.9672    143.119    146.140      0.482    1452.33    1452.38  0.000e+00
      11974    145.000     6.7800     6.7849     0.0049    1.39897    1.39999          1     0.0530     0.0344       9.97     0.0478  1.407e-12  1.000e-12  7.108e+01    12.7591    12.7675     0.0084     9.9675     9.9737    143.614    146.645      0.473    1452.37    1452.40  0.000e+00
      11999    145.500     6.7822     6.7870     0.0047    1.39986    1.40090          1     0.0556     0.0345       9.97     0.0482  1.407e-12  1.000e-12  7.108e+01    12.7671    12.7755     0.0084     9.9736     9.9798    144.109    147.149      0.478    1452.40    1452.43  0.000e+00
      12024    146.000     6.7851     6.7887     0.0036    1.40091    1.40167          1     0.0523     0.0345       9.97     0.0480  1.407e-12  1.000e-12  7.108e+01    12.7762    12.7824     0.0062     9.9805     9.9851    144.604    147.653      0.488    1452.43    1452.46  0.000e+00
      12048    146.500     6.7875     6.7902     0.0027    1.40189    1.40247          1     0.0528     0.0336       9.97     0.0474  1.407e-12  1.000e-12  7.108e+01    12.7849    12.7897     0.0047     9.9872     9.9907    145.099    148.157      0.496    1452.46    1452.48  0.000e+00
      12073    147.000     6.7898     6.7922     0.0024    1.40290    1.40327          1     0.0533     0.0322       9.97     0.0470  1.407e-12  1.000e-12  7.108e+01    12.7939    12.7967     0.0028     9.9941     9.9961    145.594    148.662      0.487    1452.49    1452.50  0.000e+00
      12098    147.500     6.7922     6.7949     0.0028    1.40385    1.40416          1     0.0503     0.0353       9.97     0.0487  1.407e-12  1.000e-12  7.108e+01    12.8023    12.8044     0.0021    10.0005    10.0019    146.089    149.166      0.482    1452.52    1452.53  0.000e+00
      12122    148.000     6.7944     6.7972     0.0029    1.40474    1.40513          1     0.0514     0.0352       9.97     0.0488  1.407e-12  1.000e-12  7.108e+01    12.8102    12.8130     0.0028    10.0064    10.0085    146.584    149.670      0.495    1452.55    1452.56  0.000e+00
      12146    148.500     6.7970     6.7996     0.0026    1.40579    1.40598          1     0.0519     0.0329       9.97     0.0483  1.407e-12  1.000e-12  7.108e+01    12.8195    12.8205     0.0010    10.0136    10.0141    147.079    150.174      0.516    1452.58    1452.59  0.000e+00
      12169    149.000     6.8007     6.8020     0.0013    1.40726    1.40706          1     0.0525     0.0326       9.97     0.0476  1.407e-12  1.000e-12  7.108e+01    12.8326    12.8301    -0.0024    10.0235    10.0215    147.574    150.678      0.523    1452.62    1452.62  0.000e+00
      12192    149.500     6.8041     6.8058     0.0016    1.40853    1.40835          1     0.0545     0.0352       9.97     0.0476  1.407e-12  1.000e-12  7.108e+01    12.8438    12.8413    -0.0024    10.0321    10.0300    148.069    151.183      0.505    1452.65    1452.66  0.000e+00
      12217    150.000     6.8067     6.8082     0.0015    1.40943    1.40935          1     0.0526     0.0343       9.97     0.0476  1.407e-12  1.000e-12  7.108e+01    12.8516    12.8503    -0.0013    10.0380    10.0368    148.564    151.687      0.490    1452.68    1452.68  0.000e+00
      12241    150.500     6.8092     6.8104     0.0012    1.41047    1.41029          1     0.0534     0.0335       9.97     0.0470  1.407e-12  1.000e-12  7.108e+01    12.8609    12.8586    -0.0022    10.0450    10.0432    149.060    152.191      0.504    1452.71    1452.71  0.000e+00
      12264    151.000     6.8119     6.8127     0.0008    1.41160    1.41133          1     0.0513     0.0320       9.97     0.0482  1.407e-12  1.000e-12  7.108e+01    12.8708    12.8679    -0.0029    10.0527    10.0503    149.555    152.695      0.506    1452.74    1452.74  0.000e+00
      12289    151.500     6.8136     6.8142     0.0005    1.41231    1.41210          1     0.0489     0.0315       9.97     0.0483  1.407e-12  1.000e-12  7.108e+01    12.8772    12.8749    -0.0023    10.0575    10.0557    150.050    153.199      0.481    1452.77    1452.76  0.000e+00
      12314    152.000     6.8145     6.8154     0.0009    1.41284    1.41270          1     0.0503     0.0337       9.97     0.0483  1.407e-12  1.000e-12  7.108e+01    12.8819    12.8802    -0.0017    10.0612    10.0597    150.545    153.704      0.466    1452.78    1452.78  0.000e+00
      12340    152.500     6.8169     6.8178     0.0009    1.41369    1.41346          1     0.0501     0.0328       9.97     0.0481  1.407e-12  1.000e-12  7.108e+01    12.8893    12.8867    -0.0026    10.0668    10.0647    151.040    154.208      0.486    1452.81    1452.81  0.000e+00
      12364    153.000     6.8193     6.8200     0.0006    1.41455    1.41422          1     0.0517     0.0356       9.97     0.0487  1.407e-12  1.000e-12  7.108e+01    12.8968    12.8934    -0.0034    10.0725    10.0697    151.535    154.712      0.494    1452.84    1452.84  0.000e+00
      12389    153.500     6.8208     6.8215     0.0007    1.41518    1.41495          1     0.0523     0.0344       9.97     0.0490  1.407e-12  1.000e-12  7.108e+01    12.9025    12.8998    -0.0026    10.0768    10.0747    152.030    155.216      0.472    1452.86    1452.86  0.000e+00
      12415    154.000     6.8219     6.8230     0.0011    1.41566    1.41565          1     0.0522     0.0320       9.97     0.0482  1.407e-12  1.000e-12  7.108e+01    12.9067    12.9062    -0.0005    10.0800    10.0795    152.525    155.720      0.462    1452.88    1452.88  0.000e+00
      12440    154.500     6.8238     6.8242     0.0004    1.41655    1.41629          1     0.0499     0.0338       9.97     0.0474  1.407e-12  1.000e-12  7.108e+01    12.9146    12.9119    -0.0027    10.0860    10.0839    153.020    156.225      0.488    1452.90    1452.90  0.000e+00
      12464    155.000     6.8258     6.8258     0.0000    1.41729    1.41684          1     0.0498     0.0304       9.97     0.0476  1.407e-12  1.000e-12  7.108e+01    12.9211    12.9167    -0.0044    10.0910    10.0875    153.515    156.729      0.511    1452.93    1452.92  0.000e+00
      12487    155.500     6.8277     6.8277    -0.0000    1.41791    1.41744          1     0.0499     0.0314       9.97     0.0487  1.407e-12  1.000e-12  7.108e+01    12.9264    12.9218    -0.0046    10.0950    10.0914    154.010    157.233      0.504    1452.95    1452.94  0.000e+00
      12511    156.000     6.8290     6.8292     0.0002    1.41844    1.41803          1     0.0501     0.0328       9.97     0.0488  1.407e-12  1.000e-12  7.108e+01    12.9310    12.9269    -0.0041    10.0985    10.0953    154.505    157.737      0.496    1452.97    1452.97  0.000e+00
      12536    156.500     6.8303     6.8301    -0.0002    1.41908    1.41862          1     0.0495     0.0324       9.97     0.0488  1.407e-12  1.000e-12  7.108e+01    12.9367    12.9323    -0.0045    10.1029    10.0994    155.000    158.241      0.499    1452.99    1452.98  0.000e+00
      12559    157.000     6.8311     6.8308    -0.0003    1.41965    1.41913          1     0.0491     0.0298       9.97     0.0486  1.407e-12  1.000e-12  7.108e+01    12.9420    12.9369    -0.0050    10.1069    10.1030    155.495    158.745      0.507    1453.01    1453.00  0.000e+00
      12583    157.500     6.8333     6.8333     0.0000    1.42029    1.41979          1     0.0528     0.0326       9.97     0.0501  1.407e-12  1.000e-12  7.108e+01    12.9473    12.9424    -0.0049    10.1110    10.1071    155.990    159.250      0.502    1453.03    1453.03  0.000e+00
      12607    158.000     6.8351     6.8349    -0.0002    1.42088    1.42040          1     0.0502     0.0352       9.97     0.0486  1.407e-12  1.000e-12  7.108e+01    12.9525    12.9478    -0.0047    10.1149    10.1112    156.485    159.754      0.490    1453.05    1453.05  0.000e+00
      12632    158.500     6.8364     6.8362    -0.0002    1.42133    1.42086          1     0.0497     0.0306       9.97     0.0487  1.407e-12  1.000e-12  7.108e+01    12.9563    12.9517    -0.0045    10.1177    10.1142    156.980    160.258      0.487    1453.07    1453.07  0.000e+00
      12657    159.000     6.8378     6.8375    -0.0003    1.42175    1.42125          1     0.0487     0.0341       9.97     0.0482  1.407e-12  1.000e-12  7.108e+01    12.9598    12.9550    -0.0048    10.1204    10.1166    157.475    160.762      0.481    1453.09    1453.08  0.000e+00
      12682    159.500     6.8388     6.8388     0.0000    1.42210    1.42166          1     0.0492     0.0315       9.97     0.0484  1.407e-12  1.000e-12  7.108e+01    12.9628    12.9585    -0.0043    10.1227    10.1193    157.970    161.266      0.465    1453.11    1453.10  0.000e+00
      12708    160.000     6.8398     6.8397    -0.0002    1.42252    1.42213          1     0.0479     0.0311       9.97     0.0496  1.407e-12  1.000e-12  7.108e+01    12.9665    12.9627    -0.0038    10.1255    10.1225    158.465    161.770      0.458    1453.12    1453.12  0.000e+00
      12734    160.500     6.8408     6.8408    -0.0001    1.42295    1.42253          1     0.0485     0.0305       9.97     0.0492  1.407e-12  1.000e-12  7.108e+01    12.9702    12.9661    -0.0041    10.1283    10.1251    158.960    162.275      0.469    1453.14    1453.13  0.000e+00
      12759    161.000     6.8422     6.8419    -0.0002    1.42340    1.42294          1     0.0523     0.0297       9.97     0.0488  1.407e-12  1.000e-12  7.108e+01    12.9741    12.9696    -0.0044    10.1312    10.1278    159.455    162.779      0.480    1453.16    1453.15  0.000e+00
      12784    161.500     6.8431     6.8430    -0.0001    1.42375    1.42330          1     0.0481     0.0291       9.97     0.0491  1.415e-12  1.000e-12  7.069e+01    12.9771    12.9726    -0.0045    10.1335    10.1301    159.950    163.283      0.474    1453.17    1453.17  0.000e+00
      12810    162.000     6.8442     6.8440    -0.0003    1.42412    1.42367          1     0.0475     0.0310       9.97     0.0504  1.431e-12  1.000e-12  6.990e+01    12.9802    12.9758    -0.0044    10.1359    10.1325    160.445    163.787      0.466    1453.19    1453.18  0.000e+00
      12836    162.500     6.8454     6.8450    -0.0003    1.42453    1.42405          1     0.0494     0.0308       9.97     0.0495  1.446e-12  1.000e-12  6.916e+01    12.9837    12.9791    -0.0045    10.1385    10.1350    160.940    164.291      0.491    1453.21    1453.20  0.000e+00
      12859    163.000     6.8464     6.8458    -0.0006    1.42499    1.42442          1     0.0479     0.0307       9.97     0.0493  1.448e-12  1.000e-12  6.905e+01    12.9877    12.9824    -0.0054    10.1416    10.1375    161.435    164.795      0.520    1453.22    1453.22  0.000e+00
      12882    163.500     6.8472     6.8465    -0.0007    1.42538    1.42480          1     0.0460     0.0318       9.97     0.0494  1.448e-12  1.000e-12  6.905e+01    12.9912    12.9858    -0.0055    10.1443    10.1401    161.930    165.300      0.507    1453.24    1453.23  0.000e+00
      12907    164.000     6.8479     6.8475    -0.0005    1.42576    1.42528          1     0.0469     0.0281       9.97     0.0498  1.448e-12  1.000e-12  6.905e+01    12.9946    12.9900    -0.0046    10.1469    10.1433    162.425    165.804      0.465    1453.26    1453.25  0.000e+00
      12933    164.500     6.8487     6.8482    -0.0005    1.42617    1.42565          1     0.0500     0.0293       9.97     0.0506  1.448e-12  1.000e-12  6.905e+01    12.9983    12.9933    -0.0049    10.1497    10.1459    162.920    166.308      0.467    1453.27    1453.26  0.000e+00
      12958    165.000     6.8495     6.8489    -0.0006    1.42657    1.42605          1     0.0522     0.0305       9.97     0.0499  1.448e-12  1.000e-12  6.905e+01    13.0018    12.9969    -0.0050    10.1524    10.1486    163.415    166.812      0.503    1453.29    1453.28  0.000e+00
      12981    165.500     6.8509     6.8504    -0.0005    1.42697    1.42643          1     0.0515     0.0313       9.97     0.0499  1.448e-12  1.000e-12  6.905e+01    13.0052    13.0000    -0.0052    10.1550    10.1509    163.910    167.316      0.494    1453.31    1453.30  0.000e+00
      13007    166.000     6.8520     6.8519    -0.0001    1.42731    1.42686          1     0.0480     0.0290       9.97     0.0495  1.448e-12  1.000e-12  6.905e+01    13.0079    13.0035    -0.0044    10.1570    10.1536    164.405    167.820      0.452    1453.32    1453.32  0.000e+00
      13034    166.500     6.8533     6.8532    -0.0001    1.42771    1.42728          1     0.0475     0.0290       9.97     0.0489  1.448e-12  1.000e-12  6.905e+01    13.0114    13.0071    -0.0042    10.1596    10.1563    164.900    168.324      0.444    1453.34    1453.33  0.000e+00
      13061    167.000     6.8547     6.8545    -0.0002    1.42824    1.42779          1     0.0448     0.0270       9.97     0.0490  1.448e-12  1.000e-12  6.905e+01    13.0159    13.0116    -0.0043    10.1631    10.1597    165.395    168.829      0.465    1453.36    1453.35  0.000e+00
      13086    167.500     6.8559     6.8556    -0.0003    1.42878    1.42832          1     0.0487     0.0305       9.97     0.0493  1.448e-12  1.000e-12  6.905e+01    13.0207    13.0163    -0.0044    10.1667    10.1633    165.890    169.333      0.457    1453.38    1453.37  0.000e+00
      13113    168.000     6.8564     6.8558    -0.0006    1.42919    1.42870          1     0.0455     0.0296       9.97     0.0502  1.448e-12  1.000e-12  6.905e+01    13.0244    13.0199    -0.0046    10.1696    10.1661    166.385    169.837      0.451    1453.39    1453.38  0.000e+00
