ctdpy/exports/archive_20191120_135557/received_data/SBE09_1044_20181110_0943_34_01_0125.cnv
* Sea-Bird SBE 9 Data File:
* FileName = C:\ctd\temp\ar18d125.hex
* Software Version Seasave V 7.26.7.107
* Temperature SN = 5351
* Conductivity SN = 3941
* Number of Bytes Per Scan = 41
* Number of Voltage Words = 4
* Number of Scans Averaged by the Deck Unit = 1
* NMEA Latitude = 55 33.33 N
* NMEA Longitude = 018 23.99 E
* NMEA UTC (Time) = Nov 10 2018  09:43:42
* NMEA baud rate = 4800
** Station:  BCS III-10
** Operator:  A-KTh
** Ship: ARANDA
** Average sound velocity: 1451.31 m/s
** True-depth calculation Sat, 10 Nov 2018 13:06:55 +0000
** CTD Python Module SMHI /ver 3-12/ feb 2012 
** LIMS Job: 20183401-0125
** Cruise: SMHI-6-2018
** Latitude [GG MM.mm N]:
** Longitude [GG MM.mm E]
# nquan = 26
# nvalues = 170                         
# units = specified
# name 0 = scan: Scan Count
# name 1 = prDM: Pressure, Digiquartz [db]
# name 2 = t090C: Temperature [ITS-90, deg C]
# name 3 = t190C: Temperature, 2 [ITS-90, deg C]
# name 4 = T2-T190C: Temperature Difference, 2 - 1 [ITS-90, deg C]
# name 5 = c0S/m: Conductivity [S/m]
# name 6 = c1S/m: Conductivity, 2 [S/m]
# name 7 = pumps: Pump Status
# name 8 = sbeox0ML/L: Oxygen, SBE 43 [ml/l]
# name 9 = sbeox1ML/L: Oxygen, SBE 43, 2 [ml/l]
# name 10 = altM: Altimeter [m]
# name 11 = flECO-AFL: Chl-a Fluorescence, WET Labs ECO-AFL/FL [mg/m^3]
# name 12 = flECO-AFL1: Phycocyanin Fluorescence, WET Labs ECO-AFL/FL, 2 [mg/m^3]
# name 13 = par: PAR/Irradiance, Biospherical/Lico [µE/(cm^2*s)]
# name 14 = turbWETntu0: Turbidity, WET Labs ECO [NTU]
# name 15 = sal00: Salinity, Practical [PSU]
# name 16 = sal11: Salinity, Practical, 2 [PSU]
# name 17 = secS-priS: Salinity, Practical, Difference, 2 - 1 [PSU]
# name 18 = sigma-t00: Density [sigma-t, Kg/m^3 ]
# name 19 = sigma-t11: Density, 2 [sigma-t, Kg/m^3 ]
# name 20 = depSM: Depth [salt water, m], lat = 55.5555
# name 21 = depFM: Depth [true depth, m], lat = 55.5555
# name 22 = dz/dtM: Descent Rate [m/s], WS = 2
# name 23 = svCM: Sound Velocity [Chen-Millero, m/s]
# name 24 = svCM1: Sound Velocity, 2 [Chen-Millero, m/s]
# name 25 = flag: flag
# span 0 =      42232,      46415       
# span 1 =      1.000,     85.500       
# span 2 =     3.8426,    10.8285       
# span 3 =     3.8440,    10.7964       
# span 4 =    -0.0320,     0.0227       
# span 5 =   0.780197,   1.468948       
# span 6 =   0.780209,   1.467775       
# span 7 =          1,          1       
# span 8 =    0.64298,    7.38500       
# span 9 =    0.77301,    7.65239       
# span 10 =       2.52,      98.17      
# span 11 =     0.2613,     1.3162      
# span 12 =     0.1453,     0.3951      
# span 13 = 1.0000e-12, 2.7995e+02      
# span 14 =     0.1486,     0.3561      
# span 15 =     7.2946,    12.9935      
# span 16 =     7.2951,    12.9865      
# span 17 =    -0.0199,     0.0023      
# span 18 =     5.3404,    10.0419      
# span 19 =     5.3438,    10.0376      
# span 20 =      0.991,     84.708      
# span 21 =      1.013,     86.563      
# span 22 =      0.056,      0.580      
# span 23 =    1431.52,    1459.55      
# span 24 =    1431.52,    1459.43      
# span 25 = 0.0000e+00, 0.0000e+00      
# interval = decibars: 0.5              
# start_time = Nov 10 2018 09:43:43 [NMEA time, first data scan]
# bad_flag = -9.990e-29
*END*
      42232      1.000    10.6687    10.6711     0.0024    0.92570    0.92573          1     7.1762     6.8503      83.15     1.1664     0.3253  2.799e+02  0.2161000     7.3379     7.3377    -0.0003     5.3570     5.3565      0.991      1.013      0.121    1458.91    1458.92  0.000e+00
      42367      1.500    10.6683    10.6697     0.0015    0.92571    0.92571          1     7.1777     6.8443      98.17     1.1792     0.3189  1.242e+02  0.2215000     7.3380     7.3377    -0.0003     5.3571     5.3567      1.486      1.520      0.262    1458.92    1458.92  0.000e+00
      42402      2.000    10.6992    10.6969    -0.0025    0.92658    0.92646          1     7.2104     6.8516      97.47     1.0924     0.3469  7.941e+01  0.2222000     7.3392     7.3386    -0.0006     5.3544     5.3543      1.982      2.026      0.343    1459.04    1459.03  0.000e+00
      42439      2.500    10.8285    10.7964    -0.0320    0.92977    0.92897          1     7.1692     6.8492      97.46     1.2799     0.3296  6.697e+01  0.2382000     7.3405     7.3401    -0.0005     5.3404     5.3438      2.477      2.533      0.383    1459.55    1459.43  0.000e+00
      42464      3.000    10.7439    10.7485     0.0047    0.92756    0.92766          1     7.1573     6.8489      97.48     1.2559     0.3598  5.844e+01  0.2625000     7.3386     7.3385    -0.0001     5.3488     5.3481      2.973      3.039      0.469    1459.23    1459.25  0.000e+00
      42492      3.500    10.6914    10.6946     0.0031    0.92625    0.92629          1     7.1678     6.8485      97.47     1.1426     0.3256  5.001e+01  0.2253000     7.3378     7.3375    -0.0003     5.3542     5.3537      3.468      3.546      0.420    1459.04    1459.05  0.000e+00
      42520      4.000    10.6837    10.6744    -0.0093    0.92606    0.92579          1     7.1784     6.8445      71.33     1.1085     0.3067  4.444e+01  0.2284000     7.3377     7.3373    -0.0004     5.3550     5.3558      3.964      4.052      0.483    1459.01    1458.98  0.000e+00
      42542      4.500    10.6767    10.6759    -0.0007    0.92590    0.92584          1     7.1858     6.8461      93.49     1.0390     0.3385  3.822e+01  0.2247000     7.3376     7.3373    -0.0003     5.3558     5.3557      4.459      4.559      0.555    1459.00    1458.99  0.000e+00
      42564      5.000    10.6698    10.6710     0.0012    0.92573    0.92573          1     7.1808     6.8467      93.89     1.0938     0.3379  3.378e+01  0.2363000     7.3376     7.3373    -0.0003     5.3566     5.3562      4.955      5.066      0.513    1458.98    1458.98  0.000e+00
      42589      5.500    10.6691    10.6704     0.0014    0.92572    0.92573          1     7.1845     6.8465      93.44     1.1417     0.2963  2.914e+01  0.2587000     7.3376     7.3374    -0.0002     5.3567     5.3564      5.450      5.572      0.481    1458.98    1458.99  0.000e+00
      42613      6.000    10.6685    10.6700     0.0014    0.92572    0.92572          1     7.1790     6.8464      57.65     1.0863     0.3086  2.568e+01  0.2531000     7.3376     7.3373    -0.0002     5.3567     5.3564      5.946      6.079      0.542    1458.99    1458.99  0.000e+00
      42634      6.500    10.6693    10.6708     0.0015    0.92575    0.92577          1     7.1689     6.8416      53.54     1.1694     0.3744  2.230e+01  0.2506000     7.3377     7.3375    -0.0002     5.3567     5.3564      6.441      6.585      0.566    1459.00    1459.01  0.000e+00
      42655      7.000    10.6695    10.6712     0.0016    0.92577    0.92579          1     7.1748     6.8421      93.09     1.1710     0.3903  2.005e+01  0.2394000     7.3377     7.3375    -0.0002     5.3567     5.3564      6.937      7.092      0.542    1459.01    1459.01  0.000e+00
      42678      7.500    10.6704    10.6714     0.0011    0.92581    0.92580          1     7.1749     6.8425      92.66     1.1440     0.3527  1.738e+01  0.2450000     7.3378     7.3375    -0.0003     5.3567     5.3564      7.432      7.598      0.535    1459.02    1459.02  0.000e+00
      42700      8.000    10.6713    10.6724     0.0011    0.92585    0.92584          1     7.1676     6.8473      36.66     1.1230     0.3043  1.544e+01  0.2477000     7.3379     7.3376    -0.0003     5.3567     5.3563      7.927      8.105      0.556    1459.03    1459.04  0.000e+00
      42721      8.500    10.6699    10.6718     0.0018    0.92582    0.92584          1     7.1730     6.8518      72.72     1.1000     0.3538  1.392e+01  0.2357000     7.3379     7.3377    -0.0002     5.3568     5.3564      8.423      8.611      0.565    1459.04    1459.04  0.000e+00
      42743      9.000    10.6700    10.6712     0.0013    0.92583    0.92583          1     7.1770     6.8508      85.74     1.0184     0.3576  1.224e+01  0.2182000     7.3379     7.3376    -0.0003     5.3568     5.3565      8.918      9.118      0.550    1459.04    1459.05  0.000e+00
      42765      9.500    10.6691    10.6702     0.0012    0.92581    0.92580          1     7.1733     6.8475      97.10     1.0987     0.3344  1.106e+01  0.2354000     7.3379     7.3376    -0.0003     5.3569     5.3565      9.414      9.625      0.542    1459.05    1459.05  0.000e+00
      42787     10.000    10.6690    10.6705     0.0015    0.92582    0.92582          1     7.1538     6.8448      80.05     1.1358     0.3103  9.848e+00  0.2468000     7.3379     7.3376    -0.0003     5.3569     5.3565      9.909     10.131      0.563    1459.05    1459.06  0.000e+00
      42808     10.500    10.6704    10.6714     0.0010    0.92587    0.92586          1     7.1534     6.8422      79.71     1.1234     0.2963  8.801e+00  0.2387000     7.3380     7.3377    -0.0003     5.3568     5.3565     10.405     10.638      0.580    1459.07    1459.07  0.000e+00
      42828     11.000    10.6697    10.6709     0.0012    0.92585    0.92585          1     7.1757     6.8423      91.74     1.1117     0.2902  7.914e+00  0.2277000     7.3379     7.3377    -0.0003     5.3569     5.3565     10.900     11.144      0.561    1459.07    1459.08  0.000e+00
      42851     11.500    10.6699    10.6715     0.0016    0.92587    0.92587          1     7.1844     6.8444      97.36     1.1217     0.3459  7.115e+00  0.2252000     7.3380     7.3377    -0.0003     5.3569     5.3565     11.395     11.651      0.532    1459.08    1459.09  0.000e+00
      42874     12.000    10.6700    10.6722     0.0022    0.92588    0.92590          1     7.1875     6.8433      82.03     1.1189     0.3778  6.368e+00  0.2302000     7.3380     7.3378    -0.0002     5.3569     5.3564     11.891     12.157      0.536    1459.09    1459.10  0.000e+00
      42895     12.500    10.6722    10.6730     0.0008    0.92595    0.92594          1     7.1818     6.8415      77.63     1.1585     0.3493  5.743e+00  0.2355000     7.3381     7.3378    -0.0003     5.3567     5.3564     12.386     12.664      0.564    1459.11    1459.11  0.000e+00
      42916     13.000    10.6716    10.6735     0.0019    0.92594    0.92595          1     7.1794     6.8391      77.19     1.0720     0.3415  5.212e+00  0.2251000     7.3381     7.3379    -0.0002     5.3568     5.3564     12.882     13.170      0.577    1459.11    1459.12  0.000e+00
      42937     13.500    10.6717    10.6734     0.0018    0.92595    0.92595          1     7.1807     6.8369      93.87     1.0493     0.3473  4.692e+00  0.2119000     7.3381     7.3378    -0.0003     5.3568     5.3563     13.377     13.677      0.570    1459.12    1459.13  0.000e+00
      42958     14.000    10.6718    10.6729     0.0012    0.92596    0.92595          1     7.1814     6.8389      97.39     1.0732     0.3241  4.196e+00  0.2127000     7.3381     7.3378    -0.0003     5.3568     5.3564     13.873     14.184      0.551    1459.13    1459.13  0.000e+00
      42980     14.500    10.6712    10.6720     0.0007    0.92595    0.92593          1     7.1741     6.8407      97.44     1.1187     0.3387  3.808e+00  0.2244000     7.3381     7.3378    -0.0004     5.3568     5.3565     14.368     14.690      0.543    1459.14    1459.14  0.000e+00
      43002     15.000    10.6695    10.6709     0.0015    0.92590    0.92591          1     7.1618     6.8473      97.44     1.1554     0.3270  3.442e+00  0.2311000     7.3380     7.3377    -0.0003     5.3570     5.3566     14.864     15.197      0.555    1459.14    1459.14  0.000e+00
      43024     15.500    10.6695    10.6707     0.0012    0.92591    0.92591          1     7.1661     6.8498      97.44     1.1551     0.3326  3.110e+00  0.2305000     7.3380     7.3377    -0.0003     5.3569     5.3566     15.359     15.703      0.572    1459.15    1459.15  0.000e+00
      43044     16.000    10.6695    10.6710     0.0016    0.92592    0.92593          1     7.1763     6.8451      97.44     1.1019     0.3280  2.829e+00  0.2136000     7.3380     7.3378    -0.0003     5.3570     5.3566     15.854     16.210      0.569    1459.15    1459.16  0.000e+00
      43066     16.500    10.6703    10.6718     0.0016    0.92595    0.92595          1     7.1781     6.8410      97.46     1.0778     0.3173  2.566e+00  0.2296000     7.3380     7.3378    -0.0003     5.3569     5.3565     16.350     16.716      0.545    1459.17    1459.17  0.000e+00
      43089     17.000    10.6703    10.6712     0.0009    0.92596    0.92594          1     7.1799     6.8436      97.45     1.0961     0.3543  2.317e+00  0.2501000     7.3381     7.3377    -0.0003     5.3569     5.3565     16.845     17.223      0.535    1459.17    1459.18  0.000e+00
      43111     17.500    10.6701    10.6715     0.0014    0.92596    0.92595          1     7.1808     6.8481      97.47     1.1151     0.3536  2.096e+00  0.2559000     7.3381     7.3377    -0.0004     5.3570     5.3565     17.341     17.729      0.551    1459.18    1459.19  0.000e+00
      43132     18.000    10.6702    10.6714     0.0012    0.92597    0.92596          1     7.1816     6.8512      97.47     1.1121     0.3304  1.912e+00  0.2478000     7.3381     7.3377    -0.0003     5.3569     5.3565     17.836     18.236      0.563    1459.19    1459.19  0.000e+00
      43153     18.500    10.6700    10.6715     0.0015    0.92597    0.92597          1     7.1784     6.8487      97.48     1.1304     0.2925  1.729e+00  0.2466000     7.3381     7.3377    -0.0004     5.3570     5.3565     18.332     18.743      0.559    1459.20    1459.20  0.000e+00
      43175     19.000    10.6699    10.6711     0.0011    0.92598    0.92596          1     7.1700     6.8423      97.49     1.0922     0.2817  1.570e+00  0.2228000     7.3381     7.3377    -0.0003     5.3570     5.3566     18.827     19.249      0.553    1459.20    1459.21  0.000e+00
      43197     19.500    10.6702    10.6712     0.0011    0.92598    0.92598          1     7.1651     6.8436      32.08     1.1360     0.3174  1.424e+00  0.2282000     7.3380     7.3378    -0.0003     5.3569     5.3566     19.322     19.756      0.559    1459.21    1459.22  0.000e+00
      43218     20.000    10.6689    10.6701     0.0012    0.92595    0.92594          1     7.1677     6.8450      60.46     1.1196     0.3577  1.295e+00  0.2344000     7.3380     7.3376    -0.0004     5.3570     5.3566     19.818     20.262      0.564    1459.22    1459.22  0.000e+00
      43239     20.500    10.6683    10.6690     0.0007    0.92594    0.92592          1     7.1800     6.8492      91.99     1.0798     0.3853  1.182e+00  0.2297000     7.3380     7.3376    -0.0004     5.3571     5.3567     20.313     20.769      0.561    1459.22    1459.22  0.000e+00
      43261     21.000    10.6687    10.6689     0.0002    0.92596    0.92592          1     7.1824     6.8559      97.45     1.0703     0.3815  1.070e+00  0.2297000     7.3380     7.3376    -0.0004     5.3570     5.3567     20.809     21.275      0.559    1459.23    1459.23  0.000e+00
      43282     21.500    10.6679    10.6689     0.0009    0.92595    0.92593          1     7.1620     6.8515      97.50     1.1316     0.3596  9.771e-01  0.2473000     7.3380     7.3376    -0.0003     5.3571     5.3567     21.304     21.782      0.558    1459.24    1459.24  0.000e+00
      43304     22.000    10.6519    10.6483    -0.0036    0.92542    0.92524          1     7.1585     6.8511      97.49     1.0195     0.3461  8.825e-01  0.2296000     7.3367     7.3358    -0.0008     5.3579     5.3577     21.799     22.288      0.556    1459.18    1459.17  0.000e+00
      43326     22.500    10.5562    10.5655     0.0095    0.92220    0.92253          1     7.1783     6.8609      97.50     1.0356     0.3398  8.042e-01  0.2467000     7.3282     7.3292     0.0010     5.3623     5.3620     22.295     22.795      0.549    1458.81    1458.85  0.000e+00
      43348     23.000    10.5046    10.5132     0.0084    0.92054    0.92076          1     7.1995     6.8724      97.19     1.0145     0.2722  7.244e-01  0.2214000     7.3243     7.3244     0.0002     5.3652     5.3643     22.790     23.302      0.541    1458.62    1458.65  0.000e+00
      43370     23.500    10.4854    10.4842    -0.0011    0.91995    0.91985          1     7.2050     6.8750      91.92     1.0235     0.3108  6.531e-01  0.2152000     7.3229     7.3223    -0.0006     5.3663     5.3660     23.286     23.808      0.541    1458.55    1458.55  0.000e+00
      43392     24.000    10.4633    10.4635     0.0002    0.91918    0.91912          1     7.2069     6.8844      27.71     1.0493     0.3175  5.964e-01  0.2367000     7.3207     7.3202    -0.0005     5.3671     5.3667     23.781     24.315      0.553    1458.47    1458.47  0.000e+00
      43413     24.500    10.3960    10.4030     0.0070    0.91663    0.91686          1     7.2040     6.8910      59.72     1.0587     0.3258  5.436e-01  0.2562000     7.3123     7.3129     0.0006     5.3681     5.3678     24.277     24.821      0.561    1458.21    1458.24  0.000e+00
      43435     25.000    10.3324    10.3386     0.0062    0.91443    0.91458          1     7.2029     6.8944      88.90     1.0193     0.3292  4.912e-01  0.2158000     7.3060     7.3061     0.0001     5.3704     5.3697     24.772     25.328      0.560    1457.96    1457.99  0.000e+00
      43456     25.500    10.2623    10.2709     0.0086    0.91188    0.91220          1     7.2016     6.8845      54.51     0.9741     0.3207  4.462e-01  0.2221000     7.2980     7.2991     0.0011     5.3719     5.3718     25.267     25.834      0.552    1457.69    1457.73  0.000e+00
      43478     26.000    10.2279    10.2335     0.0055    0.91069    0.91087          1     7.2235     6.8894      33.19     0.9964     0.3455  4.066e-01  0.2242000     7.2946     7.2951     0.0004     5.3731     5.3728     25.763     26.341      0.553    1457.56    1457.58  0.000e+00
      43500     26.500    10.2325    10.2339     0.0014    0.91108    0.91108          1     7.2412     6.8862      44.73     1.0802     0.3112  3.597e-01  0.2264000     7.2971     7.2968    -0.0003     5.3744     5.3741     26.258     26.847      0.565    1457.59    1457.60  0.000e+00
      43521     27.000    10.2940    10.2938    -0.0002    0.91415    0.91407          1     7.2276     6.8727      69.12     1.1911     0.3243  3.254e-01  0.2420000     7.3111     7.3105    -0.0006     5.3786     5.3781     26.754     27.354      0.567    1457.85    1457.85  0.000e+00
      43542     27.500    10.3267    10.3273     0.0006    0.91566    0.91562          1     7.2020     6.8688      76.32     1.2155     0.3469  2.957e-01  0.2456000     7.3175     7.3171    -0.0005     5.3800     5.3795     27.249     27.860      0.548    1458.00    1458.00  0.000e+00
      43564     28.000    10.3281    10.3293     0.0013    0.91577    0.91575          1     7.1912     6.8675      59.18     1.1094     0.3536  2.642e-01  0.2267000     7.3181     7.3177    -0.0004     5.3802     5.3798     27.744     28.367      0.531    1458.01    1458.01  0.000e+00
