ctdpy/exports/archive_20191120_135557/received_data/SBE09_0827_20181125_0852_26_01_1244.cnv
* Sea-Bird SBE 9 Data File:
* FileName = D:\CTD_SBE911\DAT\26DA.2018.12.44.hex
* Software Version Seasave V 7.21d
* Temperature SN = 4548
* Conductivity SN = 3062
* Number of Bytes Per Scan = 48
* Number of Voltage Words = 5
* Number of Scans Averaged by the Deck Unit = 1
* NMEA Latitude = 57 19.91 N
* NMEA Longitude = 017 28.03 E
* NMEA UTC (Time) = Nov 25 2018  08:52:38
* NMEA baud rate = 4800
** Ship: DANA
** Average sound velocity: 1441.81 m/s
** True-depth calculation Tue, 02 Apr 2019 12:14:55 +0000
** CTD Python Module SMHI /ver 3-12/ feb 2012 
** LIMS Job: 20182601-1244
** Operator: Ronny
** Cruise: 12/2018
# nquan = 26
# nvalues = 153                         
# units = specified
# name 0 = scan: Scan Count
# name 1 = prDM: Pressure, Digiquartz [db]
# name 2 = t090C: Temperature [ITS-90, deg C]
# name 3 = t190C: Temperature, 2 [ITS-90, deg C]
# name 4 = T2-T190C: Temperature Difference, 2 - 1 [ITS-90, deg C]
# name 5 = c0S/m: Conductivity [S/m]
# name 6 = c1S/m: Conductivity, 2 [S/m]
# name 7 = pumps: Pump Status
# name 8 = sbeox1ML/L: Oxygen, SBE 43, 2 [ml/l]
# name 9 = sbeox0ML/L: Oxygen, SBE 43 [ml/l]
# name 10 = altM: Altimeter [m]
# name 11 = chloroflTC0: Chlorophyll, Turner Cyclops [ug/l]
# name 12 = cpar: CPAR/Corrected Irradiance [%]
# name 13 = par: PAR/Irradiance, Biospherical/Lico [µE/(cm^2*s)]
# name 14 = spar: SPAR, Biospherical/Licor
# name 15 = sal00: Salinity, Practical [PSU]
# name 16 = sal11: Salinity, Practical, 2 [PSU]
# name 17 = secS-priS: Salinity, Practical, Difference, 2 - 1 [PSU]
# name 18 = sigma-t00: Density [sigma-t, kg/m^3 ]
# name 19 = sigma-t11: Density, 2 [sigma-t, kg/m^3 ]
# name 20 = depSM: Depth [salt water, m], lat = 57.3318
# name 21 = depFM: Depth [true depth, m], lat = 57.3318
# name 22 = dz/dtM: Descent Rate [m/s], WS = 2
# name 23 = svCM: Sound Velocity [Chen-Millero, m/s]
# name 24 = svCM1: Sound Velocity, 2 [Chen-Millero, m/s]
# name 25 = flag: flag
# span 0 =         64,       7443       
# span 1 =      0.500,     76.500       
# span 2 =     4.2949,     7.1758       
# span 3 =     4.3217,     7.1702       
# span 4 =    -0.2048,     0.4093       
# span 5 =   0.809928,   1.027913       
# span 6 =   0.809939,   1.020036       
# span 7 =          1,          1       
# span 8 =     0.4734,     7.6329       
# span 9 =     0.2137,     7.8665       
# span 10 =       1.52,       9.99      
# span 11 =     0.0159,     0.0264      
# span 12 = -9.013e-06, 5.0486e+00      
# span 13 = -4.869e-05, 3.1767e+01      
# span 14 = 2.3037e+02, 8.3789e+02      
# span 15 =     7.0497,     9.6160      
# span 16 =     7.0495,     9.5461      
# span 17 =    -0.1213,     0.0017      
# span 18 =     5.4693,     7.5985      
# span 19 =     5.4692,     7.5449      
# span 20 =      0.495,     75.781      
# span 21 =      0.506,     77.464      
# span 22 =      0.025,      0.840      
# span 23 =    1434.11,    1445.43      
# span 24 =    1434.24,    1445.42      
# span 25 = 0.0000e+00, 0.0000e+00      
# interval = decibars: 0.5              
# start_time = Nov 25 2018 08:52:39 [NMEA time, first data scan]
# bad_flag = -9.990e-29
*END*
[from data line 112]
       5422     56.500     5.1315     5.2432     0.1118    0.83541    0.83588          1     5.7461     5.7197       9.96     0.0168  3.788e-13  1.000e-12  2.640e+02     7.6902     7.6692    -0.0210     6.0750     6.0536     55.972     57.228      0.333    1437.54    1438.00  0.000e+00
       5493     57.000     4.9322     5.0880     0.1561    0.83486    0.83582          1     5.6165     5.5828       9.96     0.0164  3.836e-13  1.000e-12  2.607e+02     7.7308     7.7042    -0.0266     6.1151     6.0878     56.467     57.734      0.245    1436.72    1437.37  0.000e+00
       5535     57.500     4.7865     4.9301     0.1438    0.83412    0.83514          1     5.5104     5.4910       9.96     0.0162  3.847e-13  1.000e-12  2.599e+02     7.7573     7.7340    -0.0233     6.1418     6.1178     56.962     58.240      0.382    1436.12    1436.73  0.000e+00
       5570     58.000     4.6841     4.8122     0.1279    0.83482    0.83505          1     5.4378     5.4096       9.96     0.0162  3.854e-13  1.000e-12  2.595e+02     7.7882     7.7605    -0.0277     6.1700     6.1434     57.458     58.746      0.270    1435.72    1436.25  0.000e+00
       5631     58.500     4.5825     4.7038     0.1214    0.83427    0.83506          1     5.3410     5.3749       9.96     0.0159  3.895e-13  1.000e-12  2.567e+02     7.8066     7.7859    -0.0207     6.1882     6.1675     57.953     59.253      0.274    1435.30    1435.81  0.000e+00
       5667     59.000     4.5135     4.6224     0.1087    0.83358    0.83479          1     5.2890     5.3431       9.96     0.0159  3.908e-13  1.000e-12  2.559e+02     7.8159     7.8023    -0.0135     6.1979     6.1834     58.448     59.759      0.353    1435.01    1435.48  0.000e+00
       5707     59.500     4.3807     4.5445     0.1639    0.83226    0.83422          1     5.2681     5.2760       9.96     0.0159  3.908e-13  1.000e-12  2.559e+02     7.8340     7.8150    -0.0190     6.2166     6.1961     58.943     60.265      0.232    1434.45    1435.16  0.000e+00
       5769     60.000     4.2949     4.3907     0.0956    0.83257    0.83296          1     5.1788     5.1908       9.96     0.0159  3.932e-13  1.000e-12  2.543e+02     7.8576     7.8386    -0.0189     6.2379     6.2199     59.439     60.771      0.230    1434.11    1434.51  0.000e+00
       5820     60.500     4.3442     4.3217    -0.0225    0.83620    0.83332          1     5.0787     5.1586       9.96     0.0159  3.934e-13  1.000e-12  2.542e+02     7.8824     7.8586    -0.0238     6.2561     6.2380     59.934     61.277      0.248    1434.37    1434.24  0.000e+00
       5861     61.000     4.6007     4.3957    -0.2048    0.84887    0.83750          1     5.0376     4.9543       9.96     0.0159  3.938e-13  1.000e-12  2.539e+02     7.9488     7.8832    -0.0656     6.3003     6.2551     60.429     61.783      0.356    1435.60    1434.61  0.000e+00
       5895     61.500     4.5654     4.5154    -0.0500    0.85288    0.84510          1     4.9203     4.7279       9.96     0.0159  3.947e-13  1.000e-12  2.533e+02     7.9977     7.9312    -0.0664     6.3402     6.2893     60.924     62.289      0.285    1435.51    1435.21  0.000e+00
       5957     62.000     4.5193     4.5391     0.0198    0.85311    0.85097          1     4.7126     4.6351       9.96     0.0159  3.971e-13  1.000e-12  2.518e+02     8.0111     7.9847    -0.0264     6.3525     6.3309     61.420     62.795      0.274    1435.33    1435.39  0.000e+00
       5990     62.500     4.5080     4.5296     0.0218    0.85374    0.85254          1     4.6167     4.5990       9.96     0.0159  3.971e-13  1.000e-12  2.518e+02     8.0201     8.0028    -0.0173     6.3600     6.3456     61.915     63.301      0.416    1435.30    1435.38  0.000e+00
       6025     63.000     4.4012     4.4929     0.0915    0.85682    0.85427          1     4.5491     4.4778       9.96     0.0159  3.978e-13  1.000e-12  2.514e+02     8.0774     8.0291    -0.0483     6.4090     6.3677     62.410     63.807      0.255    1434.91    1435.26  0.000e+00
       6100     63.500     4.3645     4.4018     0.0373    0.85953    0.85725          1     4.3985     4.3230       9.96     0.0159  3.977e-13  1.000e-12  2.515e+02     8.1138     8.0815    -0.0323     6.4390     6.4122     62.905     64.313      0.261    1434.80    1434.93  0.000e+00
       6140     64.000     4.3537     4.3697     0.0160    0.86234    0.85992          1     4.2824     4.2191       9.96     0.0159  3.972e-13  1.000e-12  2.518e+02     8.1449     8.1164    -0.0285     6.4641     6.4409     63.401     64.819      0.310    1434.80    1434.84  0.000e+00
       6184     64.500     4.3775     4.3696    -0.0080    0.86525    0.86219          1     4.1693     4.1384       9.96     0.0159  4.000e-13  1.000e-12  2.500e+02     8.1684     8.1394    -0.0291     6.4819     6.4592     63.896     65.325      0.251    1434.95    1434.87  0.000e+00
       6233     65.000     4.4597     4.3917    -0.0679    0.87645    0.86586          1     4.0813     3.9523       9.96     0.0159  4.003e-13  1.000e-12  2.498e+02     8.2616     8.1711    -0.0906     6.5531     6.4836     64.391     65.831      0.261    1435.44    1435.02  0.000e+00
       6275     65.500     4.4791     4.4433    -0.0358    0.88490    0.87522          1     3.9541     3.6732       9.96     0.0159  4.021e-13  1.000e-12  2.487e+02     8.3423     8.2531    -0.0892     6.6164     6.5469     64.886     66.337      0.287    1435.64    1435.36  0.000e+00
       6322     66.000     4.4686     4.4640    -0.0046    0.88672    0.88131          1     3.7275     3.5333       9.96     0.0159  4.036e-13  1.000e-12  2.478e+02     8.3634     8.3097    -0.0537     6.6335     6.5911     65.382     66.843      0.240    1435.63    1435.54  0.000e+00
       6369     66.500     4.4856     4.4728    -0.0128    0.89340    0.88677          1     3.5571     3.3245       9.96     0.0159  4.036e-13  1.000e-12  2.478e+02     8.4268     8.3627    -0.0641     6.6832     6.6328     65.877     67.349      0.263    1435.79    1435.65  0.000e+00
       6428     67.000     4.5064     4.4830    -0.0234    0.89748    0.89069          1     3.3798     3.1337       9.96     0.0159  4.049e-13  1.000e-12  2.470e+02     8.4628     8.3998    -0.0630     6.7110     6.6619     66.372     67.855      0.174    1435.94    1435.75  0.000e+00
       6489     67.500     4.5088     4.5050    -0.0039    0.89785    0.89668          1     3.1860     3.1237       9.96     0.0159  4.071e-13  1.000e-12  2.457e+02     8.4658     8.4549    -0.0109     6.7133     6.7048     66.867     68.361      0.362    1435.96    1435.93  0.000e+00
       6515     68.000     4.5144     4.5082    -0.0062    0.90064    0.89746          1     3.1215     3.0489       9.96     0.0159  4.078e-13  1.000e-12  2.452e+02     8.4926     8.4619    -0.0307     6.7343     6.7102     67.362     68.867      0.392    1436.02    1435.96  0.000e+00
       6587     68.500     4.5220     4.5195    -0.0025    0.90846    0.90481          1     2.9385     2.8188       9.92     0.0159  4.103e-13  1.000e-12  2.437e+02     8.5700     8.5336    -0.0365     6.7954     6.7666     67.858     69.373      0.277    1436.17    1436.11  0.000e+00
       6628     69.000     4.5221     4.5221     0.0000    0.90930    0.90810          1     2.8192     2.7801       9.52     0.0159  4.103e-13  1.000e-12  2.437e+02     8.5784     8.5662    -0.0123     6.8021     6.7923     68.353     69.878      0.417    1436.19    1436.17  0.000e+00
       6665     69.500     4.5278     4.5234    -0.0044    0.91148    0.90929          1     2.7612     2.7234       8.93     0.0159  4.104e-13  1.000e-12  2.436e+02     8.5990     8.5779    -0.0211     6.8182     6.8016     68.848     70.384      0.236    1436.24    1436.20  0.000e+00
       6731     70.000     4.5558     4.5374    -0.0184    0.91752    0.91323          1     2.6817     2.5246       8.37     0.0159  4.139e-13  1.000e-12  2.416e+02     8.6529     8.6141    -0.0388     6.8599     6.8298     69.343     70.890      0.248    1436.45    1436.31  0.000e+00
       6775     70.500     4.5907     4.5613    -0.0294    0.92436    0.91822          1     2.5257     2.3408       7.88     0.0159  4.138e-13  1.000e-12  2.417e+02     8.7131     8.6585    -0.0546     6.9062     6.8640     69.839     71.396      0.280    1436.68    1436.48  0.000e+00
       6815     71.000     4.6230     4.5842    -0.0388    0.93098    0.92286          1     2.3975     2.1443       7.37     0.0159  4.170e-13  1.000e-12  2.398e+02     8.7716     8.6995    -0.0722     6.9514     6.8957     70.334     71.902      0.292    1436.91    1436.65  0.000e+00
       6863     71.500     4.6354     4.6138    -0.0218    0.93284    0.92874          1     2.2277     2.0638       6.82     0.0159  4.189e-13  1.000e-12  2.387e+02     8.7871     8.7513    -0.0358     6.9632     6.9356     70.829     72.407      0.214    1436.99    1436.85  0.000e+00
       6921     72.000     4.6384     4.6317    -0.0067    0.93333    0.93205          1     2.1132     2.0663       6.27     0.0159  4.208e-13  1.000e-12  2.376e+02     8.7913     8.7800    -0.0112     6.9664     6.9577     71.324     72.913      0.240    1437.02    1436.98  0.000e+00
       6965     72.500     4.6643     4.6377    -0.0265    0.93853    0.93317          1     2.0664     1.9477       5.78     0.0159  4.221e-13  1.000e-12  2.369e+02     8.8371     8.7897    -0.0474     7.0016     6.9652     71.820     73.419      0.290    1437.20    1437.02  0.000e+00
       7011     73.000     4.7416     4.6666    -0.0750    0.95249    0.93854          1     1.9722     1.6146       5.22     0.0159  4.245e-13  1.000e-12  2.356e+02     8.9577     8.8364    -0.1213     7.0941     7.0010     72.315     73.925      0.241    1437.70    1437.22  0.000e+00
       7058     73.500     4.8119     4.7429    -0.0690    0.96560    0.95256          1     1.7226     1.3114       4.70     0.0159  4.255e-13  1.000e-12  2.350e+02     9.0712     8.9580    -0.1132     7.1811     7.0943     72.810     74.430      0.265    1438.16    1437.72  0.000e+00
       7113     74.000     4.8466     4.7912    -0.0553    0.97275    0.96178          1     1.4287     1.1322       4.16     0.0159  4.280e-13  1.000e-12  2.336e+02     9.1340     9.0381    -0.0959     7.2293     7.1557     73.305     74.936      0.224    1438.41    1438.04  0.000e+00
       7157     74.500     4.8733     4.8392    -0.0342    0.97921    0.97112          1     1.2833     1.0138       3.70     0.0160  4.282e-13  1.000e-12  2.336e+02     9.1919     9.1194    -0.0725     7.2739     7.2181     73.800     75.441      0.362    1438.61    1438.36  0.000e+00
       7190     75.000     4.8956     4.8660    -0.0297    0.98350    0.97751          1     1.1420     0.9353       3.15     0.0159  4.282e-13  1.000e-12  2.336e+02     9.2290     9.1767    -0.0523     7.3024     7.2622     74.296     75.947      0.275    1438.76    1438.56  0.000e+00
       7272     75.500     4.9302     4.9107    -0.0196    0.99098    0.98642          1     0.9510     0.7920       2.63     0.0159  4.282e-13  1.000e-12  2.335e+02     9.2950     9.2542    -0.0407     7.3530     7.3217     74.791     76.453      0.316    1439.00    1438.86  0.000e+00
       7301     76.000     4.9928     4.9407    -0.0520    1.00286    0.99252          1     0.8516     0.6031       2.14     0.0159  4.283e-13  1.000e-12  2.335e+02     9.3973     9.3074    -0.0899     7.4312     7.3624     75.286     76.958      0.380    1439.41    1439.07  0.000e+00
       7443     76.500     5.1124     5.0794    -0.0337    1.02791    1.02004          1     0.4734     0.2137       1.52     0.0159  4.341e-13  1.000e-12  2.304e+02     9.6160     9.5461    -0.0699     7.5985     7.5449     75.781     77.464      0.025    1440.22    1439.99  0.000e+00
