ctdpy/exports/archive_20191120_135557/received_data/SBE09_1044_20180527_0632_34_07_0032.cnv
* Sea-Bird SBE 9 Data File:
* FileName = C:\ctd\temp\2018\AU18D032.hex
* Software Version Seasave V 7.26.6.26
* Temperature SN = 5351
* Conductivity SN = 3941
* Number of Bytes Per Scan = 41
* Number of Voltage Words = 4
* Number of Scans Averaged by the Deck Unit = 1
* NMEA Latitude = 58 17.06 N
* NMEA Longitude = 010 30.28 E
* NMEA UTC (Time) = May 27 2018  06:32:43
* NMEA baud rate = 4800
** Station:  Å17
** Operator:  JKro
** Ship: AURA
** Average sound velocity: 1478.52 m/s
** True-depth calculation Sun, 27 May 2018 10:25:28 +0000
** CTD Python Module SMHI /ver 3-12/ feb 2012 
** LIMS Job: 20183407-0032
** Cruise: SMHI-02-2018
** Latitude [GG MM.mm N] :
** Longitude [GG MM.mm E]:
# nquan = 26
# nvalues = 699                         
# units = specified
# name 0 = scan: Scan Count
# name 1 = prDM: Pressure, Digiquartz [db]
# name 2 = t090C: Temperature [ITS-90, deg C]
# name 3 = t190C: Temperature, 2 [ITS-90, deg C]
# name 4 = T2-T190C: Temperature Difference, 2 - 1 [ITS-90, deg C]
# name 5 = c0S/m: Conductivity [S/m]
# name 6 = c1S/m: Conductivity, 2 [S/m]
# name 7 = pumps: Pump Status
# name 8 = sbeox0ML/L: Oxygen, SBE 43 [ml/l]
# name 9 = sbeox1ML/L: Oxygen, SBE 43, 2 [ml/l]
# name 10 = altM: Altimeter [m]
# name 11 = flECO-AFL: Chl-a Fluorescence, WET Labs ECO-AFL/FL [mg/m^3]
# name 12 = flECO-AFL1: Phycocyanin Fluorescence, WET Labs ECO-AFL/FL, 2 [mg/m^3]
# name 13 = par: PAR/Irradiance, Biospherical/Lico [µE/(cm^2*s)]
# name 14 = turbWETntu0: Turbidity, WET Labs ECO [NTU]
# name 15 = sal00: Salinity, Practical [PSU]
# name 16 = sal11: Salinity, Practical, 2 [PSU]
# name 17 = secS-priS: Salinity, Practical, Difference, 2 - 1 [PSU]
# name 18 = sigma-t00: Density [sigma-t, Kg/m^3 ]
# name 19 = sigma-t11: Density, 2 [sigma-t, Kg/m^3 ]
# name 20 = depSM: Depth [salt water, m], lat = 58.2843
# name 21 = depFM: Depth [true depth, m], lat = 58.2843
# name 22 = dz/dtM: Descent Rate [m/s], WS = 2
# name 23 = svCM: Sound Velocity [Chen-Millero, m/s]
# name 24 = svCM1: Sound Velocity, 2 [Chen-Millero, m/s]
# name 25 = flag: flag
# span 0 =      16318,      35060       
# span 1 =      1.000,    350.000       
# span 2 =     5.7123,    18.8329       
# span 3 =     5.7135,    18.8321       
# span 4 =    -0.0848,     0.9023       
# span 5 =   3.427441,   3.592765       
# span 6 =   3.427505,   3.597750       
# span 7 =          1,          1       
# span 8 =    5.98021,    8.32960       
# span 9 =    5.94338,    8.21008       
# span 10 =       3.85,      99.12      
# span 11 =     0.0284,     3.8110      
# span 12 =     0.1515,     0.4955      
# span 13 = 1.0000e-12, 7.0029e+02      
# span 14 =     0.1488,     0.9217      
# span 15 =    26.0045,    35.1034      
# span 16 =    26.0501,    35.1023      
# span 17 =    -0.6362,     0.1300      
# span 18 =    18.2012,    27.6707      
# span 19 =    18.2364,    27.6696      
# span 20 =      0.991,    346.455      
# span 21 =      1.000,    346.982      
# span 22 =      0.040,      0.613      
# span 23 =    1476.78,    1508.12      
# span 24 =    1476.78,    1508.18      
# span 25 = 0.0000e+00, 0.0000e+00      
# interval = decibars: 0.5              
# start_time = May 27 2018 06:32:43 [NMEA time, first data scan]
# bad_flag = -9.990e-29
*END*
[from data line 168]
      20842     85.000     6.2713     6.2729     0.0016    3.46295    3.46299          1     6.2440     6.1809      98.63     0.5577     0.2488  1.000e-12  0.2050000    34.9734    34.9723    -0.0011    27.4965    27.4954     84.193     84.324      0.488    1477.18    1477.18  0.000e+00
      20867     85.500     6.2706     6.2723     0.0018    3.46300    3.46307          1     6.2362     6.1921      98.63     0.5801     0.2672  1.000e-12  0.2295000    34.9745    34.9735    -0.0010    27.4975    27.4964     84.688     84.820      0.505    1477.18    1477.19  0.000e+00
      20890     86.000     6.2697     6.2709     0.0012    3.46302    3.46305          1     6.2374     6.1813      98.64     0.5048     0.2167  1.000e-12  0.2165000    34.9754    34.9744    -0.0010    27.4983    27.4974     85.183     85.315      0.546    1477.19    1477.19  0.000e+00
      20911     86.500     6.2829     6.2837     0.0007    3.46457    3.46456          1     6.2397     6.1697      98.63     0.5347     0.2796  1.000e-12  0.2064000    34.9789    34.9780    -0.0008    27.4993    27.4986     85.678     85.811      0.557    1477.25    1477.26  0.000e+00
      20933     87.000     6.2791     6.2786    -0.0004    3.46417    3.46395          1     6.2404     6.1756      98.63     0.5305     0.2654  1.000e-12  0.2015000    34.9780    34.9761    -0.0020    27.4992    27.4977     86.174     86.307      0.531    1477.25    1477.24  0.000e+00
      20956     87.500     6.2400     6.2416     0.0015    3.46011    3.46015          1     6.2466     6.1773      98.63     0.5340     0.2414  1.000e-12  0.2046000    34.9725    34.9713    -0.0012    27.4999    27.4987     86.669     86.802      0.493    1477.09    1477.10  0.000e+00
      20981     88.000     6.2359     6.2370     0.0011    3.45989    3.45990          1     6.2477     6.1814      98.63     0.5397     0.2733  1.000e-12  0.2290000    34.9739    34.9728    -0.0011    27.5016    27.5006     87.164     87.298      0.482    1477.09    1477.09  0.000e+00
      21006     88.500     6.2299     6.2307     0.0008    3.45931    3.45927          1     6.2479     6.1818      98.63     0.5148     0.2515  1.000e-12  0.2407000    34.9733    34.9720    -0.0013    27.5019    27.5007     87.659     87.793      0.506    1477.07    1477.07  0.000e+00
      21029     89.000     6.2068     6.2077     0.0009    3.45707    3.45705          1     6.2553     6.1779      98.64     0.5100     0.2556  1.000e-12  0.2254000    34.9717    34.9706    -0.0011    27.5036    27.5026     88.154     88.289      0.534    1476.99    1476.99  0.000e+00
      21051     89.500     6.2014     6.2031     0.0017    3.45679    3.45685          1     6.2533     6.1890      98.64     0.5575     0.2749  1.000e-12  0.2162000    34.9738    34.9728    -0.0010    27.5060    27.5050     88.649     88.785      0.546    1476.98    1476.98  0.000e+00
      21073     90.000     6.2039     6.2058     0.0019    3.45724    3.45741          1     6.2575     6.2005      98.64     0.5449     0.2674  1.000e-12  0.2220000    34.9760    34.9760     0.0000    27.5074    27.5072     89.144     89.280      0.538    1477.00    1477.00  0.000e+00
      21096     90.500     6.2109     6.2112     0.0003    3.45823    3.45815          1     6.2582     6.1917      98.64     0.5104     0.2779  1.000e-12  0.2282000    34.9797    34.9785    -0.0011    27.5094    27.5084     89.640     89.776      0.523    1477.04    1477.04  0.000e+00
      21119     91.000     6.2150     6.2169     0.0019    3.45896    3.45903          1     6.2636     6.1997      98.64     0.4788     0.2904  1.000e-12  0.2120000    34.9834    34.9822    -0.0012    27.5118    27.5106     90.135     90.272      0.517    1477.07    1477.07  0.000e+00
      21142     91.500     6.1977     6.1989     0.0011    3.45729    3.45731          1     6.2800     6.2305      91.10     0.4478     0.2537  1.000e-12  0.2111000    34.9822    34.9812    -0.0010    27.5131    27.5122     90.630     90.767      0.524    1477.00    1477.01  0.000e+00
      21165     92.000     6.1901     6.1916     0.0015    3.45655    3.45660          1     6.2875     6.2378      87.29     0.4328     0.2462  1.000e-12  0.2141000    34.9815    34.9805    -0.0010    27.5136    27.5125     91.125     91.263      0.531    1476.98    1476.99  0.000e+00
      21187     92.500     6.1797     6.1817     0.0020    3.45554    3.45564          1     6.2917     6.2431      98.77     0.4231     0.2382  1.000e-12  0.2105000    34.9806    34.9796    -0.0010    27.5142    27.5131     91.620     91.758      0.521    1476.95    1476.95  0.000e+00
      21211     93.000     6.1649     6.1667     0.0017    3.45408    3.45413          1     6.2893     6.2418      98.64     0.4236     0.2204  1.000e-12  0.2069000    34.9790    34.9778    -0.0012    27.5149    27.5137     92.115     92.254      0.511    1476.90    1476.90  0.000e+00
      21234     93.500     6.1541     6.1523    -0.0017    3.45299    3.45272          1     6.2940     6.2364      98.62     0.4243     0.2121  1.000e-12  0.2185000    34.9778    34.9765    -0.0013    27.5153    27.5145     92.610     92.750      0.511    1476.86    1476.85  0.000e+00
      21258     94.000     6.1421     6.1426     0.0004    3.45188    3.45183          1     6.3000     6.2386      98.63     0.4185     0.2275  1.000e-12  0.2256000    34.9773    34.9762    -0.0011    27.5165    27.5156     93.106     93.245      0.519    1476.82    1476.82  0.000e+00
      21280     94.500     6.1363     6.1390     0.0026    3.45140    3.45156          1     6.2997     6.2345      98.63     0.4218     0.2408  1.000e-12  0.2175000    34.9776    34.9767    -0.0009    27.5175    27.5164     93.601     93.741      0.530    1476.81    1476.81  0.000e+00
      21303     95.000     6.1328     6.1367     0.0039    3.45114    3.45144          1     6.3101     6.2376      98.63     0.4409     0.1770  1.000e-12  0.2225000    34.9781    34.9774    -0.0007    27.5183    27.5173     94.096     94.237      0.544    1476.80    1476.81  0.000e+00
      21325     95.500     6.1386     6.1397     0.0010    3.45185    3.45186          1     6.3060     6.2481      85.57     0.4306     0.2040  1.000e-12  0.2233000    34.9798    34.9788    -0.0010    27.5189    27.5180     94.591     94.732      0.556    1476.83    1476.84  0.000e+00
      21346     96.000     6.1544     6.1498    -0.0045    3.45373    3.45311          1     6.3141     6.2472      98.28     0.3992     0.2466  1.000e-12  0.2324000    34.9845    34.9822    -0.0023    27.5206    27.5193     95.086     95.228      0.546    1476.91    1476.89  0.000e+00
      21369     96.500     6.1646     6.1652     0.0006    3.45491    3.45485          1     6.3201     6.2434      98.63     0.4025     0.2190  1.000e-12  0.2220000    34.9870    34.9857    -0.0013    27.5212    27.5201     95.581     95.724      0.516    1476.96    1476.96  0.000e+00
      21393     97.000     6.1829     6.1844     0.0014    3.45703    3.45702          1     6.3122     6.2356      98.63     0.3620     0.1999  1.000e-12  0.2167000    34.9917    34.9901    -0.0015    27.5225    27.5211     96.076     96.219      0.501    1477.05    1477.05  0.000e+00
      21416     97.500     6.1899     6.1911     0.0013    3.45779    3.45781          1     6.3055     6.2282      98.63     0.3206     0.2306  1.000e-12  0.2107000    34.9928    34.9917    -0.0011    27.5225    27.5215     96.571     96.715      0.508    1477.08    1477.09  0.000e+00
      21440     98.000     6.1879     6.1895     0.0016    3.45772    3.45777          1     6.2951     6.2394      98.64     0.2872     0.2301  1.000e-12  0.2065000    34.9938    34.9927    -0.0012    27.5236    27.5225     97.067     97.210      0.522    1477.09    1477.09  0.000e+00
      21462     98.500     6.1816     6.1836     0.0020    3.45716    3.45726          1     6.3004     6.2563      98.63     0.2644     0.2196  1.000e-12  0.2092000    34.9937    34.9928    -0.0009    27.5243    27.5234     97.562     97.706      0.536    1477.07    1477.08  0.000e+00
      21485     99.000     6.1717     6.1735     0.0018    3.45622    3.45629          1     6.3060     6.2632      97.66     0.2764     0.1779  1.000e-12  0.2021000    34.9931    34.9920    -0.0011    27.5251    27.5240     98.057     98.202      0.532    1477.04    1477.04  0.000e+00
      21507     99.500     6.1654     6.1671     0.0017    3.45562    3.45568          1     6.3084     6.2532      92.99     0.2943     0.2753  1.000e-12  0.1918000    34.9925    34.9915    -0.0010    27.5255    27.5245     98.552     98.697      0.521    1477.02    1477.03  0.000e+00
      21531    100.000     6.1586     6.1603     0.0017    3.45495    3.45502          1     6.3149     6.2539      98.54     0.2729     0.2828  1.000e-12  0.1916000    34.9918    34.9908    -0.0010    27.5258    27.5248     99.047     99.193      0.518    1477.00    1477.01  0.000e+00
      21554    100.500     6.1490     6.1514     0.0024    3.45403    3.45418          1     6.3202     6.2627      98.64     0.2846     0.2330  1.000e-12  0.2042000    34.9911    34.9902    -0.0008    27.5264    27.5255     99.542     99.689      0.525    1476.97    1476.98  0.000e+00
      21576    101.000     6.1385     6.1402     0.0017    3.45301    3.45309          1     6.3301     6.2676      98.63     0.2636     0.2371  1.000e-12  0.1939000    34.9902    34.9892    -0.0010    27.5271    27.5261    100.037    100.184      0.552    1476.94    1476.94  0.000e+00
      21597    101.500     6.1214     6.1232     0.0018    3.45134    3.45141          1     6.3310     6.2661      98.63     0.2686     0.2603  1.000e-12  0.2413000    34.9887    34.9877    -0.0010    27.5281    27.5271    100.532    100.680      0.560    1476.88    1476.88  0.000e+00
      21619    102.000     6.1149     6.1168     0.0020    3.45076    3.45086          1     6.3343     6.2586      98.63     0.2725     0.2078  1.000e-12  0.2320000    34.9886    34.9877    -0.0009    27.5290    27.5280    101.027    101.175      0.531    1476.86    1476.86  0.000e+00
      21643    102.500     6.1080     6.1103     0.0022    3.45014    3.45024          1     6.3534     6.2910      98.63     0.2725     0.2333  1.000e-12  0.1984000    34.9885    34.9873    -0.0012    27.5297    27.5285    101.523    101.671      0.497    1476.84    1476.85  0.000e+00
      21668    103.000     6.1202     6.1146    -0.0055    3.45174    3.45095          1     6.3619     6.2923      98.63     0.2672     0.2324  1.000e-12  0.1950000    34.9938    34.9906    -0.0032    27.5323    27.5305    102.018    102.167      0.485    1476.90    1476.87  0.000e+00
      21692    103.500     6.1569     6.1601     0.0031    3.45554    3.45584          1     6.3426     6.2700      98.63     0.2560     0.2745  1.000e-12  0.1909000    34.9984    34.9985     0.0001    27.5312    27.5309    102.513    102.662      0.507    1477.06    1477.07  0.000e+00
      21715    104.000     6.1529     6.1516    -0.0012    3.45514    3.45491          1     6.3237     6.2667      98.63     0.2446     0.2425  1.000e-12  0.1913000    34.9978    34.9964    -0.0014    27.5313    27.5303    103.008    103.158      0.546    1477.05    1477.05  0.000e+00
      21736    104.500     6.1281     6.1296     0.0015    3.45252    3.45263          1     6.3344     6.2784      98.63     0.2236     0.2015  1.000e-12  0.1927000    34.9935    34.9932    -0.0003    27.5311    27.5307    103.503    103.654      0.570    1476.96    1476.96  0.000e+00
      21757    105.000     6.1088     6.1104     0.0016    3.45062    3.45069          1     6.3431     6.2908      98.63     0.2487     0.2064  1.000e-12  0.2092000    34.9918    34.9909    -0.0008    27.5322    27.5314    103.998    104.149      0.562    1476.89    1476.89  0.000e+00
      21779    105.500     6.1027     6.1054     0.0027    3.45001    3.45019          1     6.3499     6.3004      98.63     0.2391     0.2644  1.000e-12  0.1913000    34.9910    34.9901    -0.0008    27.5324    27.5314    104.493    104.645      0.502    1476.87    1476.88  0.000e+00
      21805    106.000     6.0951     6.0978     0.0027    3.44922    3.44937          1     6.3538     6.3099      98.63     0.2264     0.2562  1.000e-12  0.1956000    34.9895    34.9886    -0.0010    27.5322    27.5311    104.988    105.140      0.443    1476.85    1476.86  0.000e+00
      21833    106.500     6.0780     6.0811     0.0031    3.44746    3.44767          1     6.3741     6.3173      98.63     0.2665     0.2231  1.000e-12  0.2086000    34.9871    34.9864    -0.0007    27.5325    27.5315    105.483    105.636      0.452    1476.78    1476.80  0.000e+00
      21858    107.000     6.0745     6.0763     0.0018    3.44718    3.44726          1     6.3910     6.3312      98.63     0.2513     0.1968  1.000e-12  0.2012000    34.9874    34.9864    -0.0009    27.5332    27.5322    105.978    106.132      0.505    1476.78    1476.78  0.000e+00
      21881    107.500     6.0747     6.0762     0.0015    3.44722    3.44726          1     6.3922     6.3372      98.63     0.2481     0.2209  1.000e-12  0.2019000    34.9874    34.9863    -0.0010    27.5331    27.5321    106.474    106.627      0.542    1476.79    1476.79  0.000e+00
      21903    108.000     6.0736     6.0748     0.0012    3.44720    3.44723          1     6.3959     6.3218      98.63     0.2564     0.2486  1.000e-12  0.1999000    34.9880    34.9872    -0.0008    27.5338    27.5330    106.969    107.123      0.538    1476.79    1476.79  0.000e+00
      21926    108.500     6.0777     6.0781     0.0004    3.44775    3.44767          1     6.3752     6.2993      98.63     0.2473     0.2490  1.000e-12  0.2029000    34.9897    34.9885    -0.0012    27.5346    27.5336    107.464    107.619      0.495    1476.82    1476.82  0.000e+00
      21951    109.000     6.0820     6.0836     0.0016    3.44828    3.44834          1     6.3523     6.2906      98.63     0.2362     0.2834  1.000e-12  0.2075000    34.9909    34.9900    -0.0009    27.5350    27.5341    107.959    108.114      0.449    1476.85    1476.85  0.000e+00
      21979    109.500     6.0765     6.0781     0.0016    3.44776    3.44783          1     6.3540     6.2862      98.63     0.2359     0.2201  1.000e-12  0.2039000    34.9906    34.9897    -0.0010    27.5355    27.5346    108.454    108.610      0.451    1476.83    1476.84  0.000e+00
      22004    110.000     6.1014     6.0998    -0.0015    3.45072    3.45034          1     6.3410     6.2666      98.64     0.2176     0.2643  1.000e-12  0.2080000    34.9981    34.9954    -0.0027    27.5382    27.5363    108.949    109.105      0.496    1476.95    1476.94  0.000e+00
      22027    110.500     6.1051     6.1046    -0.0005    3.45097    3.45080          1     6.3173     6.2690      98.63     0.2054     0.2038  1.000e-12  0.2162000    34.9967    34.9953    -0.0014    27.5366    27.5356    109.444    109.601      0.536    1476.97    1476.97  0.000e+00
      22049    111.000     6.0803     6.0817     0.0013    3.44854    3.44859          1     6.3172     6.2772      98.63     0.2059     0.2084  1.000e-12  0.2130000    34.9946    34.9937    -0.0008    27.5381    27.5373    109.939    110.097      0.539    1476.88    1476.88  0.000e+00
      22072    111.500     6.0770     6.0780     0.0010    3.44832    3.44832          1     6.3312     6.2837      98.64     0.2184     0.2313  1.000e-12  0.2045000    34.9953    34.9942    -0.0010    27.5391    27.5381    110.434    110.592      0.496    1476.87    1476.87  0.000e+00
