ctdpy/exports/archive_20191120_135557/received_data/SBE09_1044_20180130_0354_34_02_0034.cnv
* Sea-Bird SBE 9 Data File:
* FileName = C:\ctd\temp\2018\ME18D034.hex
* Software Version Seasave V 7.26.6.26
* Temperature SN = 5351
* Conductivity SN = 3941
* Number of Bytes Per Scan = 41
* Number of Voltage Words = 4
* Number of Scans Averaged by the Deck Unit = 1
* NMEA Latitude = 59 17.93 N
* NMEA Longitude = 021 33.14 E
* NMEA UTC (Time) = Jan 30 2018  03:55:21
* NMEA baud rate = 4800
** Station:  BY27
** Operator:  SSip
** Ship: MERI
** Average sound velocity: 1440.84 m/s
** True-depth calculation Tue, 30 Jan 2018 05:07:08 +0000
** CTD Python Module SMHI /ver 3-12/ feb 2012 
** LIMS Job: 20183402-0034
** Cruise: SMHI-01-2018
** Latitude [GG MM.mm N] :
** Longitude [GG MM.mm E]:
# nquan = 26
# nvalues = 355                         
# units = specified
# name 0 = scan: Scan Count
# name 1 = prDM: Pressure, Digiquartz [db]
# name 2 = t090C: Temperature [ITS-90, deg C]
# name 3 = t190C: Temperature, 2 [ITS-90, deg C]
# name 4 = T2-T190C: Temperature Difference, 2 - 1 [ITS-90, deg C]
# name 5 = c0S/m: Conductivity [S/m]
# name 6 = c1S/m: Conductivity, 2 [S/m]
# name 7 = pumps: Pump Status
# name 8 = sbeox0ML/L: Oxygen, SBE 43 [ml/l]
# name 9 = sbeox1ML/L: Oxygen, SBE 43, 2 [ml/l]
# name 10 = altM: Altimeter [m]
# name 11 = flECO-AFL: Chl-a Fluorescence, WET Labs ECO-AFL/FL [mg/m^3]
# name 12 = flECO-AFL1: Phycocyanin Fluorescence, WET Labs ECO-AFL/FL, 2 [mg/m^3]
# name 13 = par: PAR/Irradiance, Biospherical/Lico [µE/(cm^2*s)]
# name 14 = turbWETntu0: Turbidity, WET Labs ECO [NTU]
# name 15 = sal00: Salinity, Practical [PSU]
# name 16 = sal11: Salinity, Practical, 2 [PSU]
# name 17 = secS-priS: Salinity, Practical, Difference, 2 - 1 [PSU]
# name 18 = sigma-t00: Density [sigma-t, Kg/m^3 ]
# name 19 = sigma-t11: Density, 2 [sigma-t, Kg/m^3 ]
# name 20 = depSM: Depth [salt water, m], lat = 59.2988
# name 21 = depFM: Depth [true depth, m], lat = 59.2988
# name 22 = dz/dtM: Descent Rate [m/s], WS = 2
# name 23 = svCM: Sound Velocity [Chen-Millero, m/s]
# name 24 = svCM1: Sound Velocity, 2 [Chen-Millero, m/s]
# name 25 = flag: flag
# span 0 =      13162,      20256       
# span 1 =      2.000,    179.000       
# span 2 =     3.9221,     6.2969       
# span 3 =     3.9253,     6.2973       
# span 4 =    -0.0051,     0.0069       
# span 5 =   0.748724,   1.246340       
# span 6 =   0.748774,   1.246317       
# span 7 =          1,          1       
# span 8 =    0.01583,    8.29484       
# span 9 =   -0.04177,    8.23488       
# span 10 =       0.00,      98.03      
# span 11 =     0.3080,     0.4725      
# span 12 =     0.2466,     0.4396      
# span 13 = -6.558e-05, 7.3730e-02      
# span 14 =     0.2517,     3.7688      
# span 15 =     7.0981,    11.4127      
# span 16 =     7.0978,    11.4123      
# span 17 =    -0.0108,     0.0008      
# span 18 =     5.6446,     8.9456      
# span 19 =     5.6442,     8.9453      
# span 20 =      1.981,    177.245      
# span 21 =      2.026,    180.997      
# span 22 =     -0.028,      1.018      
# span 23 =    1430.55,    1449.21      
# span 24 =    1430.57,    1449.21      
# span 25 = 0.0000e+00, 0.0000e+00      
# interval = decibars: 0.5              
# start_time = Jan 30 2018 03:55:22 [NMEA time, first data scan]
# bad_flag = -9.990e-29
*END*
[from data line 223]
      17571    113.500     6.2118     6.2120     0.0002    1.19583    1.19578          1     0.0463     0.0843      71.39     0.4009     0.3429  1.000e-12  3.0041000    10.9523    10.9518    -0.0005     8.5892     8.5888    112.405    114.867      0.639    1447.22    1447.22  0.000e+00
      17592    114.000     6.2122     6.2124     0.0002    1.19615    1.19611          1     0.0480     0.0851      70.79     0.3982     0.3552  1.000e-12  3.2760000    10.9553    10.9549    -0.0004     8.5915     8.5912    112.900    115.372      0.516    1447.24    1447.24  0.000e+00
      17618    114.500     6.2139     6.2142     0.0003    1.19637    1.19638          1     0.0488     0.0842      70.25     0.3950     0.3525  1.000e-12  3.2045000    10.9569    10.9568    -0.0000     8.5927     8.5926    113.395    115.877      0.486    1447.25    1447.25  0.000e+00
      17641    115.000     6.2138     6.2140     0.0002    1.19674    1.19672          1     0.0493     0.0794      69.80     0.4176     0.3951  1.000e-12  2.9437000    10.9604    10.9602    -0.0002     8.5955     8.5953    113.890    116.382      0.617    1447.27    1447.27  0.000e+00
      17658    115.500     6.2123     6.2124     0.0002    1.19732    1.19729          1     0.0460     0.0787      69.43     0.4066     0.3515  1.000e-12  3.0967000    10.9666    10.9663    -0.0004     8.6005     8.6001    114.385    116.887      0.753    1447.28    1447.28  0.000e+00
      17672    116.000     6.2107     6.2110     0.0003    1.19775    1.19771          1     0.0406     0.0811      68.99     0.4068     0.3527  1.000e-12  3.3822000    10.9713    10.9708    -0.0004     8.6042     8.6038    114.881    117.392      0.811    1447.28    1447.28  0.000e+00
      17687    116.500     6.2118     6.2119     0.0001    1.19815    1.19812          1     0.0400     0.0819      68.53     0.4068     0.3621  1.000e-12  3.6768000    10.9748    10.9744    -0.0003     8.6069     8.6066    115.376    117.897      0.779    1447.30    1447.30  0.000e+00
      17703    117.000     6.2156     6.2158     0.0002    1.19871    1.19867          1     0.0426     0.0820      68.05     0.4162     0.3523  1.000e-12  3.7688000    10.9790    10.9786    -0.0004     8.6100     8.6096    115.871    118.402      0.667    1447.33    1447.33  0.000e+00
      17724    117.500     6.2170     6.2173     0.0003    1.19953    1.19953          1     0.0433     0.0795      67.38     0.4124     0.3542  1.000e-12  3.5778000    10.9866    10.9865    -0.0001     8.6159     8.6158    116.366    118.907      0.541    1447.35    1447.35  0.000e+00
      17748    118.000     6.2202     6.2203     0.0001    1.20130    1.20121          1     0.0416     0.0761      66.83     0.4068     0.3562  1.000e-12  3.2845000    11.0030    11.0020    -0.0010     8.6286     8.6278    116.861    119.412      0.534    1447.39    1447.39  0.000e+00
      17769    118.500     6.2211     6.2213     0.0002    1.20205    1.20199          1     0.0420     0.0779      66.38     0.4042     0.3344  1.000e-12  3.1278000    11.0100    11.0094    -0.0006     8.6340     8.6335    117.356    119.916      0.621    1447.41    1447.41  0.000e+00
      17787    119.000     6.2216     6.2218     0.0002    1.20266    1.20262          1     0.0409     0.0751      65.95     0.3947     0.3186  1.000e-12  3.0095000    11.0158    11.0154    -0.0004     8.6385     8.6382    117.851    120.421      0.687    1447.43    1447.43  0.000e+00
      17804    119.500     6.2232     6.2233     0.0001    1.20327    1.20322          1     0.0391     0.0731      65.48     0.4031     0.3179  1.000e-12  3.1336000    11.0212    11.0207    -0.0005     8.6427     8.6423    118.346    120.926      0.678    1447.45    1447.45  0.000e+00
      17822    120.000     6.2241     6.2243     0.0002    1.20374    1.20371          1     0.0402     0.0758      64.96     0.4153     0.3188  1.000e-12  3.2675000    11.0256    11.0252    -0.0004     8.6460     8.6457    118.841    121.431      0.606    1447.47    1447.47  0.000e+00
      17844    120.500     6.2250     6.2252     0.0002    1.20428    1.20423          1     0.0417     0.0764      64.58     0.4279     0.3176  1.000e-12  3.4467000    11.0304    11.0299    -0.0005     8.6498     8.6494    119.336    121.936      0.498    1447.49    1447.49  0.000e+00
      17872    121.000     6.2260     6.2262     0.0002    1.20522    1.20517          1     0.0411     0.0758      64.07     0.4148     0.3852  1.000e-12  3.4717000    11.0394    11.0388    -0.0005     8.6568     8.6563    119.831    122.441      0.434    1447.51    1447.51  0.000e+00
      17897    121.500     6.2268     6.2270     0.0002    1.20606    1.20602          1     0.0407     0.0714      63.61     0.4067     0.3331  1.000e-12  3.4007000    11.0474    11.0469    -0.0005     8.6630     8.6626    120.326    122.946      0.584    1447.53    1447.53  0.000e+00
      17915    122.000     6.2275     6.2278     0.0003    1.20687    1.20686          1     0.0376     0.0691      63.14     0.4068     0.3802  1.000e-12  3.3506000    11.0551    11.0548    -0.0002     8.6690     8.6688    120.821    123.451      0.769    1447.55    1447.55  0.000e+00
      17929    122.500     6.2281     6.2282     0.0002    1.20767    1.20764          1     0.0363     0.0707      62.68     0.3992     0.3923  1.000e-12  3.2480000    11.0627    11.0624    -0.0003     8.6750     8.6747    121.316    123.956      0.867    1447.57    1447.57  0.000e+00
      17942    123.000     6.2287     6.2289     0.0002    1.20793    1.20790          1     0.0363     0.0741      62.19     0.3947     0.3542  1.000e-12  3.1792000    11.0650    11.0646    -0.0004     8.6768     8.6764    121.811    124.461      0.833    1447.59    1447.59  0.000e+00
      17958    123.500     6.2291     6.2292     0.0001    1.20810    1.20807          1     0.0364     0.0725      61.61     0.4134     0.3388  1.000e-12  3.1774000    11.0665    11.0661    -0.0003     8.6779     8.6776    122.306    124.965      0.640    1447.60    1447.60  0.000e+00
      17986    124.000     6.2295     6.2297     0.0002    1.20853    1.20848          1     0.0377     0.0692      60.92     0.4102     0.3295  1.000e-12  3.1334000    11.0705    11.0699    -0.0006     8.6810     8.6805    122.801    125.470      0.376    1447.61    1447.61  0.000e+00
      18017    124.500     6.2302     6.2305     0.0002    1.20894    1.20891          1     0.0370     0.0723      60.41     0.4195     0.3643  1.000e-12  3.1460000    11.0742    11.0738    -0.0004     8.6839     8.6835    123.296    125.975      0.589    1447.63    1447.63  0.000e+00
      18033    125.000     6.2313     6.2316     0.0002    1.20958    1.20954          1     0.0359     0.0727      60.10     0.4190     0.3785  1.000e-12  3.0815000    11.0801    11.0796    -0.0005     8.6884     8.6881    123.791    126.480      0.859    1447.65    1447.65  0.000e+00
      18045    125.500     6.2317     6.2320     0.0003    1.20978    1.20975          1     0.0373     0.0699      59.74     0.4190     0.3685  1.000e-12  3.0580000    11.0819    11.0815    -0.0003     8.6898     8.6895    124.286    126.985      0.996    1447.66    1447.66  0.000e+00
      18057    126.000     6.2321     6.2324     0.0003    1.21003    1.20999          1     0.0384     0.0687      59.26     0.4264     0.3671  1.000e-12  3.0384000    11.0841    11.0837    -0.0005     8.6916     8.6912    124.781    127.490      1.018    1447.67    1447.67  0.000e+00
      18068    126.500     6.2334     6.2336     0.0002    1.21079    1.21076          1     0.0376     0.0701      58.77     0.4311     0.3803  1.000e-12  3.0292000    11.0911    11.0908    -0.0004     8.6970     8.6967    125.276    127.995      0.911    1447.70    1447.70  0.000e+00
      18084    127.000     6.2352     6.2354     0.0003    1.21179    1.21175          1     0.0357     0.0676      58.13     0.4155     0.3917  1.000e-12  3.0114000    11.1003    11.0999    -0.0004     8.7041     8.7037    125.771    128.500      0.625    1447.72    1447.72  0.000e+00
      18117    127.500     6.2355     6.2357     0.0001    1.21212    1.21205          1     0.0325     0.0652      57.28     0.4158     0.3733  1.000e-12  2.9687000    11.1034    11.1026    -0.0007     8.7065     8.7059    126.266    129.004      0.323    1447.73    1447.74  0.000e+00
      18147    128.000     6.2366     6.2368     0.0002    1.21266    1.21267          1     0.0370     0.0642      56.85     0.4191     0.3709  1.000e-12  2.9216000    11.1083    11.1084     0.0001     8.7103     8.7103    126.761    129.509      0.604    1447.76    1447.76  0.000e+00
      18164    128.500     6.2374     6.2376     0.0002    1.21311    1.21307          1     0.0349     0.0646      56.52     0.4190     0.3815  1.000e-12  3.1130000    11.1124    11.1120    -0.0004     8.7135     8.7131    127.256    130.014      0.806    1447.77    1447.77  0.000e+00
      18177    129.000     6.2379     6.2381     0.0002    1.21339    1.21334          1     0.0312     0.0646      56.13     0.4180     0.3770  1.000e-12  3.1133000    11.1149    11.1144    -0.0005     8.7154     8.7150    127.751    130.519      0.903    1447.79    1447.79  0.000e+00
      18190    129.500     6.2381     6.2383     0.0002    1.21347    1.21344          1     0.0313     0.0648      55.81     0.4069     0.3795  1.000e-12  2.9192000    11.1156    11.1152    -0.0004     8.7159     8.7156    128.246    131.024      0.906    1447.80    1447.80  0.000e+00
      18203    130.000     6.2383     6.2384     0.0001    1.21356    1.21354          1     0.0329     0.0651      55.22     0.4068     0.3676  1.000e-12  2.9153000    11.1164    11.1160    -0.0003     8.7165     8.7163    128.741    131.529      0.812    1447.80    1447.80  0.000e+00
      18220    130.500     6.2409     6.2410     0.0001    1.21527    1.21519          1     0.0351     0.0658      54.60     0.4068     0.3819  1.000e-12  2.9172000    11.1324    11.1315    -0.0008     8.7289     8.7283    129.236    132.034      0.613    1447.84    1447.84  0.000e+00
      18246    131.000     6.2419     6.2422     0.0003    1.21604    1.21600          1     0.0330     0.0654      53.81     0.4068     0.4072  1.000e-12  2.8342000    11.1395    11.1391    -0.0005     8.7345     8.7341    129.731    132.539      0.450    1447.86    1447.87  0.000e+00
      18272    131.500     6.2425     6.2427     0.0002    1.21631    1.21625          1     0.0336     0.0647      53.22     0.4068     0.3756  1.000e-12  2.8126000    11.1419    11.1413    -0.0006     8.7363     8.7358    130.226    133.043      0.526    1447.88    1447.88  0.000e+00
      18292    132.000     6.2430     6.2432     0.0003    1.21652    1.21652          1     0.0332     0.0599      52.78     0.4068     0.3629  1.000e-12  2.7916000    11.1437    11.1437    -0.0000     8.7377     8.7377    130.721    133.548      0.652    1447.89    1447.89  0.000e+00
      18309    132.500     6.2454     6.2457     0.0003    1.21802    1.21801          1     0.0316     0.0635      52.36     0.4120     0.4039  1.000e-12  2.7840000    11.1577    11.1575    -0.0002     8.7485     8.7484    131.216    134.053      0.728    1447.93    1447.93  0.000e+00
      18325    133.000     6.2476     6.2479     0.0003    1.21946    1.21948          1     0.0323     0.1027      51.93     0.4188     0.3853  1.000e-12  2.7786000    11.1712    11.1712     0.0001     8.7590     8.7590    131.711    134.558      0.746    1447.96    1447.96  0.000e+00
      18341    133.500     6.2480     6.2483     0.0003    1.21980    1.21977          1     0.0323     0.2994      51.42     0.3988     0.3192  1.000e-12  2.6783000    11.1744    11.1739    -0.0004     8.7615     8.7611    132.206    135.063      0.714    1447.97    1447.98  0.000e+00
      18359    134.000     6.2490     6.2492     0.0003    1.22043    1.22044          1     0.0325     0.1270      50.86     0.4004     0.3189  1.000e-12  2.6434000    11.1802    11.1801    -0.0000     8.7660     8.7659    132.701    135.568      0.640    1447.99    1448.00  0.000e+00
      18379    134.500     6.2502     6.2505     0.0003    1.22132    1.22129          1     0.0323    -0.0418      50.24     0.4067     0.3447  1.000e-12  2.6107000    11.1885    11.1881    -0.0004     8.7724     8.7721    133.196    136.072      0.544    1448.02    1448.02  0.000e+00
      18404    135.000     6.2516     6.2519     0.0003    1.22217    1.22215          1     0.0301     0.0485      49.67     0.4035     0.3690  1.000e-12  2.5555000    11.1964    11.1961    -0.0003     8.7785     8.7783    133.691    136.577      0.484    1448.04    1448.04  0.000e+00
      18428    135.500     6.2527     6.2528     0.0001    1.22277    1.22264          1     0.0302     0.0653      49.20     0.3815     0.3444  1.000e-12  2.5351000    11.2019    11.2005    -0.0013     8.7828     8.7817    134.186    137.082      0.585    1448.06    1448.06  0.000e+00
      18446    136.000     6.2540     6.2544     0.0003    1.22345    1.22349          1     0.0322     0.0625      48.75     0.4295     0.3219  1.000e-12  2.6044000    11.2080    11.2083     0.0003     8.7876     8.7878    134.681    137.587      0.745    1448.08    1448.09  0.000e+00
      18460    136.500     6.2574     6.2576     0.0003    1.22541    1.22538          1     0.0318     0.0602      48.32     0.4312     0.2917  1.000e-12  2.5368000    11.2263    11.2259    -0.0004     8.8017     8.8013    135.176    138.092      0.830    1448.13    1448.13  0.000e+00
      18474    137.000     6.2607     6.2610     0.0003    1.22741    1.22741          1     0.0287     0.0564      47.86     0.4312     0.2719  1.000e-12  2.3518000    11.2449    11.2447    -0.0001     8.8161     8.8160    135.671    138.597      0.825    1448.17    1448.17  0.000e+00
      18489    137.500     6.2623     6.2625     0.0002    1.22829    1.22831          1     0.0294     0.0610      47.34     0.4132     0.3263  1.000e-12  2.2132000    11.2529    11.2531     0.0001     8.8223     8.8224    136.166    139.101      0.715    1448.20    1448.20  0.000e+00
      18510    138.000     6.2628     6.2631     0.0002    1.22873    1.22869          1     0.0294     0.0635      46.70     0.3911     0.3404  1.000e-12  2.0521000    11.2571    11.2566    -0.0004     8.8255     8.8252    136.661    139.606      0.494    1448.21    1448.21  0.000e+00
      18541    138.500     6.2633     6.2636     0.0004    1.22905    1.22908          1     0.0297     0.0575      46.01     0.3880     0.3329  1.000e-12  2.0411000    11.2600    11.2602     0.0002     8.8278     8.8280    137.156    140.111      0.416    1448.23    1448.23  0.000e+00
      18565    139.000     6.2645     6.2646     0.0001    1.22965    1.22960          1     0.0285     0.0591      45.59     0.4047     0.3459  1.000e-12  2.0282000    11.2654    11.2649    -0.0005     8.8320     8.8316    137.651    140.616      0.654    1448.25    1448.25  0.000e+00
      18580    139.500     6.2652     6.2655     0.0004    1.23005    1.23004          1     0.0315     0.0590      45.19     0.4189     0.3619  1.000e-12  1.9082000    11.2691    11.2689    -0.0002     8.8349     8.8347    138.146    141.121      0.846    1448.26    1448.26  0.000e+00
      18593    140.000     6.2672     6.2677     0.0005    1.23109    1.23115          1     0.0294     0.0588      44.78     0.4021     0.3517  1.000e-12  1.8868000    11.2786    11.2790     0.0004     8.8422     8.8425    138.641    141.625      0.953    1448.29    1448.29  0.000e+00
      18605    140.500     6.2714     6.2716     0.0002    1.23333    1.23324          1     0.0250     0.0589      44.36     0.3958     0.3500  1.000e-12  1.8772000    11.2994    11.2984    -0.0010     8.8582     8.8574    139.136    142.130      0.966    1448.34    1448.34  0.000e+00
