ctdpy/exports/archive_20191120_135557/received_data/SBE09_0827_20180124_1023_26_01_0185.cnv
* Sea-Bird SBE 9 Data File:
* FileName = D:\CTD_SBE911\DAT\26DA.2018.1.85.hex
* Software Version Seasave V 7.21d
* Temperature SN = 034757
* Conductivity SN = 041844
* Number of Bytes Per Scan = 48
* Number of Voltage Words = 5
* Number of Scans Averaged by the Deck Unit = 1
* NMEA Latitude = 57 27.43 N
* NMEA Longitude = 010 49.81 E
* NMEA UTC (Time) = Jan 24 2018  10:23:17
* NMEA baud rate = 4800
** Ship: DANA
** Average sound velocity: 1468.55 m/s
** True-depth calculation Thu, 28 Mar 2019 08:28:15 +0000
** CTD Python Module SMHI /ver 3-12/ feb 2012 
** LIMS Job: 20182601-0185
** Læsø renna
** Operator: Ronny Sørensen
** Cruise: 01/2018
# nquan = 26
# nvalues = 69                          
# units = specified
# name 0 = scan: Scan Count
# name 1 = prDM: Pressure, Digiquartz [db]
# name 2 = t090C: Temperature [ITS-90, deg C]
# name 3 = t190C: Temperature, 2 [ITS-90, deg C]
# name 4 = T2-T190C: Temperature Difference, 2 - 1 [ITS-90, deg C]
# name 5 = c0S/m: Conductivity [S/m]
# name 6 = c1S/m: Conductivity, 2 [S/m]
# name 7 = pumps: Pump Status
# name 8 = sbeox1ML/L: Oxygen, SBE 43, 2 [ml/l]
# name 9 = sbeox0ML/L: Oxygen, SBE 43 [ml/l]
# name 10 = altM: Altimeter [m]
# name 11 = chloroflTC0: Chlorophyll, Turner Cyclops [ug/l]
# name 12 = cpar: CPAR/Corrected Irradiance [%]
# name 13 = par: PAR/Irradiance, Biospherical/Lico [µE/(cm^2*s)]
# name 14 = spar: SPAR, Biospherical/Licor
# name 15 = sal00: Salinity, Practical [PSU]
# name 16 = sal11: Salinity, Practical, 2 [PSU]
# name 17 = secS-priS: Salinity, Practical, Difference, 2 - 1 [PSU]
# name 18 = sigma-t00: Density [sigma-t, kg/m^3 ]
# name 19 = sigma-t11: Density, 2 [sigma-t, kg/m^3 ]
# name 20 = depSM: Depth [salt water, m], lat = 57.4572
# name 21 = depFM: Depth [true depth, m], lat = 57.4572
# name 22 = dz/dtM: Descent Rate [m/s], WS = 2
# name 23 = svCM: Sound Velocity [Chen-Millero, m/s]
# name 24 = svCM1: Sound Velocity, 2 [Chen-Millero, m/s]
# name 25 = flag: flag
# span 0 =         35,       3635       
# span 1 =      1.500,     35.500       
# span 2 =     4.3881,     6.8487       
# span 3 =     4.3878,     6.8442       
# span 4 =    -0.4861,     0.2532       
# span 5 =   2.300929,   3.404344       
# span 6 =   2.300371,   3.403028       
# span 7 =          1,          1       
# span 8 =     5.7170,     7.0004       
# span 9 =     4.0675,     9.2527       
# span 10 =       1.80,       9.96      
# span 11 =     0.0200,     0.0492      
# span 12 = -9.208e-05, 8.5754e+00      
# span 13 = -1.141e-04, 1.2213e+01      
# span 14 = 1.0763e+02, 1.4247e+02      
# span 15 =    23.6025,    33.7658      
# span 16 =    23.5963,    33.7557      
# span 17 =    -2.3400,     0.0061      
# span 18 =    18.7038,    26.4670      
# span 19 =    18.6987,    26.4597      
# span 20 =      1.486,     35.170      
# span 21 =      1.500,     35.320      
# span 22 =      0.097,      0.510      
# span 23 =    1453.68,    1477.11      
# span 24 =    1453.67,    1477.08      
# span 25 = 0.0000e+00, 0.0000e+00      
# interval = decibars: 0.5              
# start_time = Jan 24 2018 10:23:17 [NMEA time, first data scan]
# bad_flag = -9.990e-29
*END*
         35      1.500     4.3881     4.3879    -0.0002    2.30093    2.30037          1     6.9616     9.2527       1.80     0.0209  8.575e+00  1.221e+01  1.425e+02    23.6025    23.5964    -0.0061    18.7038    18.6989      1.486      1.500      0.097    1453.68    1453.67  0.000e+00
        252      2.000     4.3884     4.3878    -0.0007    2.30105    2.30042          1     6.9343     4.0675       4.46     0.0201  7.474e+00  1.058e+01  1.416e+02    23.6034    23.5969    -0.0065    18.7044    18.6993      1.982      2.000      0.301    1453.69    1453.68  0.000e+00
        359      2.500     4.3890     4.3881    -0.0009    2.30125    2.30059          1     6.9132     5.1094       3.81     0.0200  6.272e+00  8.799e+00  1.403e+02    23.6051    23.5983    -0.0067    18.7057    18.7004      2.477      2.500      0.322    1453.70    1453.69  0.000e+00
        418      3.000     4.3894     4.3887    -0.0007    2.30121    2.30059          1     6.9280     6.7374       9.87     0.0205  5.513e+00  7.725e+00  1.401e+02    23.6042    23.5977    -0.0065    18.7050    18.6999      2.972      3.000      0.510    1453.71    1453.70  0.000e+00
        458      3.500     4.3895     4.3887    -0.0007    2.30119    2.30057          1     6.9368     6.8301       9.62     0.0205  4.582e+00  6.421e+00  1.401e+02    23.6037    23.5973    -0.0065    18.7046    18.6995      3.468      3.499      0.368    1453.72    1453.71  0.000e+00
        520      4.000     4.3896     4.3887    -0.0009    2.30130    2.30057          1     6.9357     6.9287       9.96     0.0207  3.989e+00  5.589e+00  1.401e+02    23.6046    23.5971    -0.0074    18.7053    18.6994      3.963      3.999      0.436    1453.73    1453.71  0.000e+00
        563      4.500     4.3898     4.3889    -0.0008    2.30118    2.30062          1     6.9507     6.9503       9.96     0.0201  3.294e+00  4.616e+00  1.401e+02    23.6030    23.5973    -0.0057    18.7040    18.6996      4.458      4.499      0.269    1453.73    1453.72  0.000e+00
        621      5.000     4.3898     4.3888    -0.0010    2.30126    2.30054          1     6.9635     6.9702       9.96     0.0211  2.799e+00  3.922e+00  1.401e+02    23.6037    23.5963    -0.0074    18.7045    18.6987      4.954      4.999      0.280    1453.74    1453.73  0.000e+00
        669      5.500     4.3899     4.3890    -0.0008    2.30139    2.30057          1     6.9734     6.9895       9.96     0.0212  2.383e+00  3.340e+00  1.401e+02    23.6049    23.5963    -0.0086    18.7055    18.6988      5.449      5.499      0.223    1453.75    1453.74  0.000e+00
        722      6.000     4.3898     4.3892    -0.0006    2.30138    2.30065          1     7.0004     6.9945       9.96     0.0218  2.099e+00  2.919e+00  1.391e+02    23.6046    23.5969    -0.0078    18.7053    18.6992      5.945      5.999      0.248    1453.76    1453.75  0.000e+00
        765      6.500     4.3910     4.3891    -0.0020    2.30218    2.30073          1     6.9815     6.9993       9.96     0.0211  1.786e+00  2.467e+00  1.381e+02    23.6126    23.5977    -0.0149    18.7115    18.6999      6.440      6.499      0.310    1453.78    1453.76  0.000e+00
        812      7.000     4.3990     4.3900    -0.0089    2.30625    2.30114          1     6.9647     6.9682       9.95     0.0219  1.550e+00  2.140e+00  1.381e+02    23.6524    23.6014    -0.0510    18.7424    18.7027      6.935      6.999      0.211    1453.88    1453.78  0.000e+00
        873      7.500     4.4329     4.3918    -0.0411    2.32494    2.30204          1     6.9465     6.9271       9.95     0.0220  1.347e+00  1.859e+00  1.380e+02    23.8376    23.6100    -0.2276    18.8864    18.7094      7.431      7.499      0.229    1454.27    1453.80  0.000e+00
        929      8.000     4.5387     4.4168    -0.1219    2.38846    2.31174          1     6.8937     6.8625       9.95     0.0222  1.169e+00  1.590e+00  1.360e+02    24.4734    23.7007    -0.7727    19.3813    18.7793      7.926      7.998      0.223    1455.53    1454.03  0.000e+00
        974      8.500     4.6422     4.4842    -0.1579    2.46612    2.35112          1     6.8583     6.7555       9.95     0.0223  1.003e+00  1.364e+00  1.361e+02    25.2681    24.0939    -1.1742    20.0017    19.0853      8.421      8.498      0.279    1456.99    1454.83  0.000e+00
       1024      9.000     4.7555     4.5924    -0.1630    2.53630    2.41857          1     6.8479     6.7095       9.95     0.0223  8.570e-01  1.166e+00  1.361e+02    25.9690    24.7711    -1.1979    20.5465    19.6125      8.917      8.997      0.218    1458.37    1456.16  0.000e+00
       1074      9.500     4.9181     4.6865    -0.2314    2.62419    2.48504          1     6.7266     6.6556       9.95     0.0236  7.322e-01  9.866e-01  1.347e+02    26.8281    25.4465    -1.3816    21.2115    20.1391      9.412      9.496      0.292    1460.15    1457.42  0.000e+00
       1116     10.000     4.9961     4.8001    -0.1960    2.67173    2.54645          1     6.7107     6.6145       9.95     0.0246  6.248e-01  8.377e-01  1.341e+02    27.2988    26.0480    -1.2507    21.5764    20.6051      9.908      9.994      0.247    1461.08    1458.67  0.000e+00
       1170     10.500     5.0446     4.9246    -0.1199    2.70476    2.62250          1     6.6584     6.5859       9.95     0.0264  5.317e-01  7.110e-01  1.337e+02    27.6299    26.8035    -0.8264    21.8336    21.1914     10.403     10.493      0.246    1461.71    1460.16  0.000e+00
       1214     11.000     5.0727     4.9778    -0.0949    2.72547    2.66167          1     6.5916     6.5746       9.95     0.0272  4.439e-01  5.845e-01  1.317e+02    27.8393    27.2004    -0.6389    21.9965    21.5003     10.898     10.991      0.238    1462.10    1460.89  0.000e+00
       1286     11.500     5.0707     5.0391    -0.0317    2.72964    2.70370          1     6.5812     6.5882       9.95     0.0288  3.854e-01  5.065e-01  1.314e+02    27.8876    27.6221    -0.2655    22.0349    21.8281     11.394     11.490      0.281    1462.16    1461.69  0.000e+00
       1323     12.000     5.0686     5.0491    -0.0195    2.73020    2.71206          1     6.5791     6.5920       9.95     0.0291  3.033e-01  3.944e-01  1.300e+02    27.8954    27.7077    -0.1877    22.0413    21.8947     11.889     11.988      0.282    1462.17    1461.85  0.000e+00
       1387     12.500     5.0562     5.0601     0.0037    2.73468    2.72434          1     6.5440     6.5132       9.95     0.0296  2.479e-01  3.222e-01  1.299e+02    27.9559    27.8363    -0.1196    22.0904    21.9954     12.384     12.486      0.233    1462.20    1462.07  0.000e+00
       1434     13.000     5.4708     5.0582    -0.4126    2.95047    2.72873          1     6.4668     6.3867       9.95     0.0311  1.892e-01  2.429e-01  1.283e+02    30.0194    27.8871    -2.1323    23.6782    22.0357     12.880     12.984      0.319    1466.53    1462.13  0.000e+00
       1489     13.500     5.7694     5.2832    -0.4861    3.06796    2.82102          1     6.3915     6.2473       9.95     0.0336  1.299e-01  1.662e-01  1.279e+02    31.0695    28.7295    -2.3400    24.4751    22.6784     13.375     13.481      0.214    1469.08    1464.13  0.000e+00
       1557     14.000     5.8957     5.7101    -0.1861    3.10691    3.02532          1     6.2847     6.2067       9.96     0.0318  8.435e-02  1.065e-01  1.262e+02    31.3879    30.6459    -0.7420    24.7118    24.1473     13.870     13.978      0.250    1470.00    1468.31  0.000e+00
       1612     14.500     5.9665     5.8331    -0.1333    3.12563    3.07779          1     6.2075     6.1914       9.96     0.0320  4.039e-02  5.063e-02  1.252e+02    31.5309    31.1200    -0.4109    24.8164    24.5075     14.366     14.475      0.192    1470.47    1469.41  0.000e+00
       1671     15.000     6.0449     5.9571    -0.0879    3.14267    3.11690          1     6.2043     6.1761       9.95     0.0317  8.864e-03  1.098e-02  1.239e+02    31.6477    31.4420    -0.2057    24.8991    24.7473     14.861     14.972      0.241    1470.94    1470.33  0.000e+00
       1717     15.500     6.1936     6.0102    -0.1834    3.17887    3.13040          1     6.1498     6.1426       9.96     0.0314 -9.208e-05 -1.141e-04  1.230e+02    31.9110    31.5430    -0.3679    25.0889    24.8207     15.356     15.469      0.244    1471.87    1470.67  0.000e+00
       1778     16.000     6.4322     6.1879    -0.2446    3.24150    3.16625          1     6.0979     6.0743       9.96     0.0300  8.212e-13  1.001e-12  1.219e+02    32.3799    31.7757    -0.6042    25.4290    24.9828     15.852     15.966      0.206    1473.41    1471.68  0.000e+00
       1831     16.500     6.6156     6.4167    -0.1990    3.28100    3.22609          1     6.0287     6.0478       9.96     0.0296  8.327e-13  1.000e-12  1.201e+02    32.6414    32.2238    -0.4176    25.6117    25.3079     16.347     16.462      0.243    1474.47    1473.17  0.000e+00
       1879     17.000     6.7277     6.5670    -0.1607    3.29975    3.26110          1     5.9992     6.0126       9.96     0.0287  8.398e-13  1.000e-12  1.191e+02    32.7407    32.4680    -0.2726    25.6754    25.4813     16.843     16.959      0.242    1475.05    1474.07  0.000e+00
       1933     17.500     6.7700     6.6945    -0.0755    3.30897    3.28832          1     5.9887     6.0155       9.95     0.0289  8.496e-13  1.000e-12  1.177e+02    32.8015    32.6465    -0.1550    25.7177    25.6055     17.338     17.455      0.227    1475.30    1474.81  0.000e+00
       1978     18.000     6.7138     6.7530     0.0391    3.31461    3.30170          1     5.9805     5.9719       9.96     0.0279  8.621e-13  1.000e-12  1.160e+02    32.9172    32.7376    -0.1796    25.8162    25.6696     17.833     17.952      0.312    1475.23    1475.16  0.000e+00
       2017     18.500     6.5014     6.7448     0.2434    3.29812    3.30848          1     5.9709     6.0545       9.95     0.0281  8.638e-13  1.000e-12  1.158e+02    32.9394    32.8198    -0.1196    25.8614    25.7355     18.329     18.448      0.280    1474.43    1475.24  0.000e+00
       2061     19.000     6.3535     6.5788     0.2253    3.28585    3.30348          1     5.9670     6.0986       9.96     0.0292  8.783e-13  1.000e-12  1.139e+02    32.9459    32.9239    -0.0220    25.8854    25.8392     18.824     18.945      0.283    1473.86    1474.72  0.000e+00
       2106     19.500     6.1859     6.4391     0.2532    3.27125    3.29384          1     6.0317     6.1355       9.95     0.0295  8.793e-13  1.000e-12  1.137e+02    32.9455    32.9516     0.0061    25.9063    25.8790     19.319     19.441      0.241    1473.21    1474.22  0.000e+00
       2156     20.000     6.1621     6.2805     0.1183    3.27149    3.28139          1     6.0268     6.1621       9.96     0.0318  8.826e-13  1.000e-12  1.133e+02    32.9710    32.9666    -0.0044    25.9294    25.9111     19.815     19.938      0.265    1473.16    1473.62  0.000e+00
       2199     20.500     6.1456     6.2027     0.0571    3.27370    3.27478          1     6.0755     6.1695       9.96     0.0325  8.950e-13  1.000e-12  1.117e+02    33.0116    32.9680    -0.0435    25.9635    25.9220     20.310     20.434      0.267    1473.15    1473.32  0.000e+00
       2248     21.000     6.1454     6.1666     0.0212    3.27773    3.27270          1     6.1027     6.1453       9.96     0.0318  8.963e-13  1.000e-12  1.116e+02    33.0564    32.9796    -0.0768    25.9989    25.9357     20.805     20.930      0.239    1473.21    1473.20  0.000e+00
       2294     21.500     5.9784     6.1514     0.1729    3.26650    3.27459          1     6.0981     6.1936       9.95     0.0324  9.112e-13  1.000e-12  1.098e+02    33.0934    33.0153    -0.0781    26.0488    25.9657     21.301     21.427      0.290    1472.60    1473.19  0.000e+00
       2334     22.000     6.0068     6.1032     0.0963    3.27445    3.27446          1     6.0747     6.2063       9.96     0.0336  9.118e-13  1.000e-12  1.097e+02    33.1547    33.0606    -0.0940    26.0937    26.0075     21.796     21.923      0.295    1472.80    1473.07  0.000e+00
       2380     22.500     6.1461     6.0619    -0.0842    3.29158    3.27304          1     6.0097     6.1482       9.95     0.0341  9.169e-13  1.000e-12  1.091e+02    33.2099    33.0847    -0.1252    26.1200    26.0317     22.291     22.419      0.238    1473.43    1472.94  0.000e+00
       2430     23.000     6.3606     6.0712    -0.2894    3.31748    3.27902          1     6.0485     6.0670       9.95     0.0332  9.288e-13  1.000e-12  1.077e+02    33.2889    33.1423    -0.1465    26.1551    26.0760     22.787     22.916      0.236    1474.39    1473.06  0.000e+00
       2485     23.500     6.3723     6.2263    -0.1458    3.32359    3.29608          1     6.0577     6.0562       9.95     0.0311  9.291e-13  1.000e-12  1.076e+02    33.3452    33.1813    -0.1639    26.1981    26.0873     23.282     23.412      0.222    1474.51    1473.73  0.000e+00
       2531     24.000     6.3281     6.3242    -0.0040    3.32334    3.31313          1     6.0261     6.0888       9.95     0.0331  9.291e-13  1.000e-12  1.076e+02    33.3855    33.2756    -0.1099    26.2356    26.1493     23.777     23.908      0.304    1474.40    1474.25  0.000e+00
       2569     24.500     6.3906     6.3388    -0.0519    3.33172    3.31777          1     6.0269     6.0793       9.95     0.0320  9.291e-13  1.000e-12  1.076e+02    33.4172    33.3127    -0.1045    26.2525    26.1768     24.273     24.404      0.301    1474.69    1474.36  0.000e+00
       2615     25.000     6.4337     6.3486    -0.0851    3.33827    3.32151          1     5.9991     6.0706       9.96     0.0317  9.291e-13  1.000e-12  1.076e+02    33.4475    33.3445    -0.1030    26.2710    26.2006     24.768     24.901      0.243    1474.91    1474.44  0.000e+00
       2661     25.500     6.4653     6.3863    -0.0789    3.34351    3.32850          1     5.9990     6.0670       9.95     0.0317  9.291e-13  1.000e-12  1.076e+02    33.4746    33.3851    -0.0894    26.2882    26.2278     25.263     25.397      0.297    1475.08    1474.65  0.000e+00
       2700     26.000     6.5011     6.4161    -0.0850    3.34886    3.33367          1     6.0079     6.0386       9.95     0.0311  9.291e-13  1.000e-12  1.076e+02    33.4985    33.4132    -0.0853    26.3024    26.2461     25.759     25.893      0.285    1475.26    1474.81  0.000e+00
       2753     26.500     6.5149     6.4592    -0.0556    3.35119    3.34034          1     6.0191     6.0290       9.95     0.0319  9.291e-13  1.000e-12  1.076e+02    33.5106    33.4448    -0.0659    26.3102    26.2655     26.254     26.389      0.205    1475.33    1475.03  0.000e+00
       2805     27.000     6.5448     6.4951    -0.0497    3.35580    3.34648          1     5.9924     6.0078       9.95     0.0323  9.291e-13  1.000e-12  1.076e+02    33.5322    33.4775    -0.0547    26.3232    26.2866     26.749     26.886      0.272    1475.49    1475.22  0.000e+00
       2850     27.500     6.5638     6.5112    -0.0526    3.35814    3.34919          1     5.9975     5.9998       9.95     0.0336  9.291e-13  1.000e-12  1.076e+02    33.5391    33.4916    -0.0476    26.3262    26.2956     27.245     27.382      0.253    1475.58    1475.31  0.000e+00
       2900     28.000     6.5657     6.5319    -0.0337    3.35847    3.35234          1     5.9581     6.0072       9.87     0.0330  9.291e-13  1.000e-12  1.076e+02    33.5407    33.5059    -0.0348    26.3273    26.3042     27.740     27.878      0.243    1475.59    1475.42  0.000e+00
       2944     28.500     6.5694     6.5523    -0.0172    3.35906    3.35534          1     5.9491     6.0116       9.48     0.0325  9.291e-13  1.000e-12  1.076e+02    33.5433    33.5190    -0.0243    26.3288    26.3119     28.235     28.374      0.305    1475.62    1475.52  0.000e+00
