ctdpy/exports/archive_20191120_135557/received_data/SBE09_1044_20180124_1844_34_02_0002.cnv
* Sea-Bird SBE 9 Data File:
* FileName = C:\ctd\temp\2018\ME18D002.hex
* Software Version Seasave V 7.26.6.26
* Temperature SN = 5351
* Conductivity SN = 3941
* Number of Bytes Per Scan = 41
* Number of Voltage Words = 4
* Number of Scans Averaged by the Deck Unit = 1
* NMEA Latitude = 57 32.27 N
* NMEA Longitude = 011 19.78 E
* NMEA UTC (Time) = Jan 24 2018  18:44:41
* NMEA baud rate = 4800
** Station:  GF6
** Operator:  SSip
** Ship: MERI
** Average sound velocity: 1461.70 m/s
** True-depth calculation Sat, 27 Jan 2018 03:58:48 +0000
** CTD Python Module SMHI /ver 3-12/ feb 2012 
** LIMS Job: 20183402-0002
** Cruise: SMHI-01-2018
** Latitude [GG MM.mm N] :
** Longitude [GG MM.mm E]:
# nquan = 26
# nvalues = 85                          
# units = specified
# name 0 = scan: Scan Count
# name 1 = prDM: Pressure, Digiquartz [db]
# name 2 = t090C: Temperature [ITS-90, deg C]
# name 3 = t190C: Temperature, 2 [ITS-90, deg C]
# name 4 = T2-T190C: Temperature Difference, 2 - 1 [ITS-90, deg C]
# name 5 = c0S/m: Conductivity [S/m]
# name 6 = c1S/m: Conductivity, 2 [S/m]
# name 7 = pumps: Pump Status
# name 8 = sbeox0ML/L: Oxygen, SBE 43 [ml/l]
# name 9 = sbeox1ML/L: Oxygen, SBE 43, 2 [ml/l]
# name 10 = altM: Altimeter [m]
# name 11 = flECO-AFL: Chl-a Fluorescence, WET Labs ECO-AFL/FL [mg/m^3]
# name 12 = flECO-AFL1: Phycocyanin Fluorescence, WET Labs ECO-AFL/FL, 2 [mg/m^3]
# name 13 = par: PAR/Irradiance, Biospherical/Lico [µE/(cm^2*s)]
# name 14 = turbWETntu0: Turbidity, WET Labs ECO [NTU]
# name 15 = sal00: Salinity, Practical [PSU]
# name 16 = sal11: Salinity, Practical, 2 [PSU]
# name 17 = secS-priS: Salinity, Practical, Difference, 2 - 1 [PSU]
# name 18 = sigma-t00: Density [sigma-t, Kg/m^3 ]
# name 19 = sigma-t11: Density, 2 [sigma-t, Kg/m^3 ]
# name 20 = depSM: Depth [salt water, m], lat = 57.5378
# name 21 = depFM: Depth [true depth, m], lat = 57.5378
# name 22 = dz/dtM: Descent Rate [m/s], WS = 2
# name 23 = svCM: Sound Velocity [Chen-Millero, m/s]
# name 24 = svCM1: Sound Velocity, 2 [Chen-Millero, m/s]
# name 25 = flag: flag
# span 0 =       6599,       8274       
# span 1 =      0.500,     42.500       
# span 2 =     3.6292,     5.5987       
# span 3 =     3.6296,     5.5955       
# span 4 =    -0.0094,     0.0568       
# span 5 =   2.168187,   3.219236       
# span 6 =   2.164509,   3.218615       
# span 7 =          1,          1       
# span 8 =    6.47721,    7.64382       
# span 9 =    6.45425,    7.60924       
# span 10 =       1.88,      45.49      
# span 11 =     0.3395,     0.9391      
# span 12 =     0.2462,     0.3886      
# span 13 = -4.585e-05, 4.1327e-01      
# span 14 =     0.4900,     2.3217      
# span 15 =    22.6321,    32.9213      
# span 16 =    22.5874,    32.9174      
# span 17 =    -0.0540,     0.1092      
# span 18 =    17.9885,    25.9587      
# span 19 =    17.9526,    25.9561      
# span 20 =      0.495,     42.103      
# span 21 =      0.500,     42.326      
# span 22 =      0.052,      1.439      
# span 23 =    1449.19,    1471.21      
# span 24 =    1449.16,    1471.19      
# span 25 = 0.0000e+00, 0.0000e+00      
# interval = decibars: 0.5              
# start_time = Jan 24 2018 18:44:42 [NMEA time, first data scan]
# bad_flag = -9.990e-29
*END*
[from data line 56]
       7643     28.500     5.0861     5.0860    -0.0000    3.13540    3.13529          1     6.7031     6.6715      19.02     0.3946     0.2944  1.000e-12  1.3554000    32.4732    32.4721    -0.0011    25.6629    25.6620     28.235     28.426      0.870    1468.33    1468.33  0.000e+00
       7658     29.000     5.1285     5.1311     0.0025    3.14278    3.14316          1     6.7001     6.6548      18.51     0.3741     0.2842  1.000e-12  1.3036000    32.5163    32.5181     0.0018    25.6923    25.6934     28.730     28.923      0.752    1468.57    1468.58  0.000e+00
       7677     29.500     5.1555     5.1539    -0.0016    3.14802    3.14735          1     6.6895     6.6506      17.86     0.3807     0.3054  1.000e-12  1.3065000    32.5497    32.5436    -0.0061    25.7157    25.7111     29.226     29.419      0.526    1468.73    1468.71  0.000e+00
       7707     30.000     5.1592     5.1592     0.0000    3.14957    3.14887          1     6.6733     6.6484      17.20     0.3848     0.3153  1.000e-12  1.2476000    32.5636    32.5556    -0.0080    25.7263    25.7200     29.721     29.916      0.372    1468.77    1468.76  0.000e+00
       7738     30.500     5.1603     5.1616     0.0012    3.14999    3.15014          1     6.6781     6.6481      16.69     0.3648     0.2979  1.000e-12  1.2394000    32.5671    32.5675     0.0005    25.7289    25.7292     30.216     30.412      0.495    1468.78    1468.79  0.000e+00
       7759     31.000     5.1618     5.1621     0.0002    3.15080    3.15053          1     6.6793     6.6485      16.28     0.3604     0.3154  1.000e-12  1.2636000    32.5746    32.5713    -0.0033    25.7347    25.7321     30.712     30.909      0.619    1468.81    1468.80  0.000e+00
       7777     31.500     5.1628     5.1633     0.0005    3.15150    3.15146          1     6.6810     6.6410      15.84     0.3702     0.3084  1.000e-12  1.2683000    32.5815    32.5805    -0.0009    25.7400    25.7392     31.207     31.405      0.654    1468.83    1468.83  0.000e+00
       7795     32.000     5.1650     5.1657     0.0007    3.15241    3.15247          1     6.6858     6.6413      15.35     0.3709     0.3022  1.000e-12  1.2721000    32.5895    32.5894    -0.0001    25.7462    25.7460     31.702     31.901      0.649    1468.86    1468.86  0.000e+00
       7814     32.500     5.1656     5.1663     0.0007    3.15265    3.15267          1     6.6756     6.6402      14.85     0.3548     0.3153  1.000e-12  1.2776000    32.5913    32.5908    -0.0005    25.7476    25.7471     32.198     32.398      0.641    1468.87    1468.87  0.000e+00
       7833     33.000     5.1723     5.1728     0.0005    3.15523    3.15513          1     6.6588     6.6358      14.34     0.3719     0.3051  1.000e-12  1.2496000    32.6141    32.6125    -0.0016    25.7648    25.7635     32.693     32.894      0.623    1468.93    1468.94  0.000e+00
       7853     33.500     5.1751     5.1759     0.0007    3.15670    3.15655          1     6.6434     6.6329      13.80     0.3714     0.2924  1.000e-12  1.2610000    32.6278    32.6254    -0.0024    25.7754    25.7734     33.188     33.391      0.571    1468.97    1468.97  0.000e+00
       7876     34.000     5.1877     5.1854    -0.0023    3.15982    3.15906          1     6.6476     6.6338      13.25     0.3635     0.3252  1.000e-12  1.2567000    32.6511    32.6446    -0.0064    25.7924    25.7876     33.683     33.887      0.493    1469.06    1469.04  0.000e+00
       7901     34.500     5.2222     5.2169    -0.0053    3.16617    3.16497          1     6.6455     6.6291      12.73     0.3641     0.3886  1.000e-12  1.2518000    32.6896    32.6812    -0.0084    25.8190    25.8129     34.179     34.384      0.498    1469.26    1469.23  0.000e+00
       7924     35.000     5.3087     5.3024    -0.0063    3.18003    3.17870          1     6.6190     6.6104      12.24     0.3596     0.2679  1.000e-12  1.2900000    32.7631    32.7541    -0.0090    25.8673    25.8609     34.674     34.880      0.562    1469.71    1469.67  0.000e+00
       7944     35.500     5.3718     5.3756     0.0038    3.18927    3.18949          1     6.5678     6.5797      11.79     0.3395     0.2978  1.000e-12  1.3552000    32.8064    32.8052    -0.0012    25.8943    25.8929     35.169     35.377      0.613    1470.03    1470.04  0.000e+00
       7963     36.000     5.4429     5.4474     0.0045    3.19914    3.19947          1     6.5168     6.5413      11.30     0.3521     0.3081  1.000e-12  1.6845000    32.8489    32.8483    -0.0006    25.9197    25.9187     35.665     35.873      0.617    1470.38    1470.40  0.000e+00
       7983     36.500     5.4891     5.4901     0.0009    3.20514    3.20498          1     6.5006     6.5032      10.79     0.3624     0.3169  1.000e-12  1.8220000    32.8716    32.8688    -0.0027    25.9322    25.9300     36.160     36.370      0.601    1470.60    1470.61  0.000e+00
       8003     37.000     5.4969     5.4911    -0.0057    3.20616    3.20529          1     6.5042     6.4886      10.28     0.3548     0.3146  1.000e-12  1.9284000    32.8753    32.8711    -0.0041    25.9343    25.9317     36.655     36.866      0.546    1470.65    1470.62  0.000e+00
       8027     37.500     5.5119     5.5150     0.0030    3.20817    3.20846          1     6.5032     6.4753       9.74     0.3467     0.2991  1.000e-12  2.0041000    32.8832    32.8835     0.0003    25.9388    25.9387     37.150     37.362      0.509    1470.73    1470.74  0.000e+00
       8050     38.000     5.5327     5.5298    -0.0029    3.21079    3.21026          1     6.4857     6.4627       9.22     0.3559     0.3018  1.000e-12  2.0536000    32.8923    32.8892    -0.0031    25.9436    25.9415     37.646     37.859      0.545    1470.83    1470.82  0.000e+00
       8071     38.500     5.5451     5.5478     0.0027    3.21235    3.21252          1     6.4887     6.4707       8.74     0.3668     0.3140  1.000e-12  2.0973000    32.8976    32.8969    -0.0007    25.9463    25.9454     38.141     38.355      0.645    1470.90    1470.91  0.000e+00
       8088     39.000     5.5509     5.5522     0.0013    3.21304    3.21308          1     6.4959     6.4802       8.21     0.3574     0.2885  1.000e-12  2.1824000    32.8996    32.8987    -0.0009    25.9472    25.9463     38.636     38.851      0.697    1470.93    1470.93  0.000e+00
       8105     39.500     5.5567     5.5563    -0.0005    3.21382    3.21361          1     6.4887     6.4846       7.28     0.3632     0.2462  1.000e-12  2.1988000    32.9025    32.9004    -0.0020    25.9488    25.9472     39.132     39.348      0.639    1470.96    1470.96  0.000e+00
       8127     40.000     5.5665     5.5658    -0.0006    3.21509    3.21487          1     6.4778     6.4773       6.33     0.3686     0.2952  1.000e-12  2.2119000    32.9070    32.9052    -0.0018    25.9512    25.9499     39.627     39.844      0.483    1471.02    1471.01  0.000e+00
       8155     40.500     5.5678     5.5685     0.0008    3.21528    3.21526          1     6.4772     6.4719       5.96     0.3497     0.2870  1.000e-12  2.2444000    32.9077    32.9067    -0.0010    25.9516    25.9507     40.122     40.341      0.454    1471.03    1471.03  0.000e+00
       8179     41.000     5.5700     5.5700    -0.0000    3.21556    3.21542          1     6.4789     6.4756       5.90     0.3435     0.3299  1.000e-12  2.2514000    32.9084    32.9069    -0.0015    25.9519    25.9507     40.618     40.837      0.553    1471.05    1471.05  0.000e+00
       8199     41.500     5.5773     5.5806     0.0032    3.21653    3.21673          1     6.4811     6.4776       5.67     0.3513     0.2998  1.000e-12  2.1882000    32.9121    32.9111    -0.0010    25.9540    25.9528     41.113     41.333      0.639    1471.09    1471.10  0.000e+00
       8217     42.000     5.5925     5.5929     0.0004    3.21842    3.21834          1     6.4864     6.4705       5.21     0.3530     0.3014  1.000e-12  2.3217000    32.9184    32.9171    -0.0013    25.9571    25.9561     41.608     41.830      0.583    1471.17    1471.17  0.000e+00
       8274     42.500     5.5987     5.5955    -0.0032    3.21924    3.21861          1     6.4871     6.4543       4.42     0.3491     0.3117  1.000e-12  2.1884000    32.9213    32.9174    -0.0039    25.9587    25.9560     42.103     42.326      0.052    1471.21    1471.19  0.000e+00
