ctdpy/exports/archive_20191120_135557/received_data/SBE09_0827_20181005_1940_26_01_1019.cnv
* Sea-Bird SBE 9 Data File:
* FileName = D:\CTD_SBE911\DAT\26DA.2018.10.19.hex
* Software Version Seasave V 7.21d
* Temperature SN = 4548
* Conductivity SN = 3062
* Number of Bytes Per Scan = 48
* Number of Voltage Words = 5
* Number of Scans Averaged by the Deck Unit = 1
* NMEA Latitude = 56 55.08 N
* NMEA Longitude = 017 35.35 E
* NMEA UTC (Time) = Oct 05 2018  19:43:22
* NMEA baud rate = 4800
** Ship: DANA
** Average sound velocity: 1444.66 m/s
** True-depth calculation Thu, 28 Mar 2019 12:18:09 +0000
** CTD Python Module SMHI /ver 3-12/ feb 2012 
** LIMS Job: 20182601-1019
** Operator: Christian A-KTh
** Cruise: 10/2018
# nquan = 26
# nvalues = 181                         
# units = specified
# name 0 = scan: Scan Count
# name 1 = prDM: Pressure, Digiquartz [db]
# name 2 = t090C: Temperature [ITS-90, deg C]
# name 3 = t190C: Temperature, 2 [ITS-90, deg C]
# name 4 = T2-T190C: Temperature Difference, 2 - 1 [ITS-90, deg C]
# name 5 = c0S/m: Conductivity [S/m]
# name 6 = c1S/m: Conductivity, 2 [S/m]
# name 7 = pumps: Pump Status
# name 8 = sbeox1ML/L: Oxygen, SBE 43, 2 [ml/l]
# name 9 = sbeox0ML/L: Oxygen, SBE 43 [ml/l]
# name 10 = altM: Altimeter [m]
# name 11 = chloroflTC0: Chlorophyll, Turner Cyclops [ug/l]
# name 12 = cpar: CPAR/Corrected Irradiance [%]
# name 13 = par: PAR/Irradiance, Biospherical/Lico [µE/(cm^2*s)]
# name 14 = spar: SPAR, Biospherical/Licor
# name 15 = sal00: Salinity, Practical [PSU]
# name 16 = sal11: Salinity, Practical, 2 [PSU]
# name 17 = secS-priS: Salinity, Practical, Difference, 2 - 1 [PSU]
# name 18 = sigma-t00: Density [sigma-t, kg/m^3 ]
# name 19 = sigma-t11: Density, 2 [sigma-t, kg/m^3 ]
# name 20 = depSM: Depth [salt water, m], lat = 56.918
# name 21 = depFM: Depth [true depth, m], lat = 56.918
# name 22 = dz/dtM: Descent Rate [m/s], WS = 2
# name 23 = svCM: Sound Velocity [Chen-Millero, m/s]
# name 24 = svCM1: Sound Velocity, 2 [Chen-Millero, m/s]
# name 25 = flag: flag
# span 0 =         41,      10429       
# span 1 =      0.500,     90.500       
# span 2 =     3.9323,    11.4835       
# span 3 =     3.9282,    11.4839       
# span 4 =    -0.3837,     0.0481       
# span 5 =   0.773928,   1.135960       
# span 6 =   0.774771,   1.135977       
# span 7 =          1,          1       
# span 8 =     0.0320,     7.3784       
# span 9 =     0.0388,     6.9882       
# span 10 =       1.57,       9.97      
# span 11 =     0.0159,     0.0338      
# span 12 = 4.9241e-11, 2.1137e+03      
# span 13 = 1.0000e-12, 7.7699e-03      
# span 14 = 1.9879e+00, 2.0308e+00      
# span 15 =     6.9322,    10.5161      
# span 16 =     6.9324,    10.5161      
# span 17 =    -0.0009,     0.0469      
# span 18 =     4.9471,     8.2765      
# span 19 =     4.9471,     8.2765      
# span 20 =      0.495,     89.650      
# span 21 =      0.507,     91.593      
# span 22 =     -0.051,      0.703      
# span 23 =    1431.41,    1461.66      
# span 24 =    1431.41,    1461.66      
# span 25 = 0.0000e+00, 0.0000e+00      
# interval = decibars: 0.5              
# start_time = Oct 05 2018 19:43:23 [NMEA time, first data scan]
# bad_flag = -9.990e-29
*END*
[from data line 112]
       5784     56.500     4.2511     4.2528     0.0017    0.86621    0.86691          1     3.9535     3.8083       9.97     0.0160  4.924e-11  1.000e-12  2.031e+00     8.2108     8.2176     0.0068     6.5196     6.5249     55.974     57.233      0.262    1434.31    1434.33  0.000e+00
       5837     57.000     4.2879     4.3007     0.0128    0.87621    0.87853          1     3.6723     3.5826       9.97     0.0163  4.924e-11  1.000e-12  2.031e+00     8.3035     8.3239     0.0204     6.5920     6.6078     56.469     57.738      0.213    1434.60    1434.68  0.000e+00
       5887     57.500     4.3431     4.3486     0.0054    0.88818    0.88883          1     3.2763     3.2355       9.97     0.0160  4.924e-11  1.000e-12  2.031e+00     8.4114     8.4166     0.0053     6.6758     6.6798     56.964     58.244      0.287    1434.99    1435.02  0.000e+00
       5930     58.000     4.3853     4.3955     0.0102    0.89647    0.89775          1     2.9881     2.9859       9.97     0.0167  4.924e-11  1.000e-12  2.031e+00     8.4849     8.4954     0.0105     6.7327     6.7407     57.460     58.750      0.235    1435.28    1435.34  0.000e+00
       5991     58.500     4.4621     4.4786     0.0166    0.91131    0.91362          1     2.4923     2.5351       9.97     0.0161  4.924e-11  1.000e-12  2.031e+00     8.6161     8.6353     0.0192     6.8341     6.8487     57.955     59.256      0.253    1435.80    1435.90  0.000e+00
       6025     59.000     4.5335     4.5556     0.0222    0.92732    0.93056          1     2.0121     2.2010       9.97     0.0168  4.924e-11  1.000e-12  2.031e+00     8.7601     8.7871     0.0270     6.9456     6.9662     58.450     59.762      0.415    1436.31    1436.44  0.000e+00
       6055     59.500     4.6329     4.6734     0.0407    0.94683    0.95252          1     1.5336     1.7498       9.97     0.0167  4.924e-11  1.000e-12  2.031e+00     8.9317     8.9786     0.0469     7.0779     7.1134     58.945     60.268      0.295    1436.98    1437.21  0.000e+00
       6145     60.000     4.7166     4.7171     0.0005    0.96335    0.96366          1     0.8379     1.0360       9.97     0.0165  4.924e-11  1.000e-12  2.031e+00     9.0766     9.0796     0.0030     7.1893     7.1916     59.441     60.773      0.330    1437.54    1437.54  0.000e+00
       6171     60.500     4.6997     4.7003     0.0006    0.96376    0.96401          1     0.4550     0.7585       9.97     0.0170  4.924e-11  1.000e-12  2.031e+00     9.0853     9.0877     0.0024     7.1968     7.1987     59.936     61.279      0.447    1437.48    1437.49  0.000e+00
       6202     61.000     4.7102     4.7308     0.0206    0.96740    0.97091          1     0.2244     0.4394       9.97     0.0170  4.924e-11  1.000e-12  2.031e+00     9.1193     9.1493     0.0300     7.2233     7.2462     60.431     61.785      0.298    1437.58    1437.71  0.000e+00
       6279     61.500     4.7786     4.7925     0.0139    0.98032    0.98221          1     0.1255     0.1952       9.97     0.0171  4.924e-11  1.000e-12  2.031e+00     9.2315     9.2468     0.0153     7.3093     7.3209     60.927     62.290      0.264    1438.03    1438.11  0.000e+00
       6322     62.000     4.8325     4.8412     0.0088    0.98977    0.99066          1     0.1186     0.1558       9.97     0.0171  4.924e-11  1.000e-12  2.031e+00     9.3122     9.3188     0.0066     7.3709     7.3758     61.422     62.796      0.383    1438.38    1438.43  0.000e+00
       6351     62.500     4.8894     4.9065     0.0170    0.99947    1.00117          1     0.1299     0.1533       9.97     0.0171  4.924e-11  1.000e-12  2.031e+00     9.3944     9.4069     0.0125     7.4335     7.4426     61.917     63.301      0.406    1438.74    1438.83  0.000e+00
       6413     63.000     4.9293     4.9436     0.0143    1.00550    1.00746          1     0.1404     0.1406       9.97     0.0171  4.924e-11  1.000e-12  2.031e+00     9.4441     9.4599     0.0158     7.4711     7.4829     62.412     63.807      0.273    1438.99    1439.07  0.000e+00
       6483     63.500     4.9657     4.9748     0.0092    1.01217    1.01303          1     0.1412     0.1256       9.97     0.0171  4.924e-11  1.000e-12  2.031e+00     9.5012     9.5073     0.0062     7.5145     7.5190     62.908     64.312      0.431    1439.23    1439.28  0.000e+00
       6509     64.000     5.0098     5.0226     0.0129    1.01951    1.02086          1     0.1374     0.1260       9.97     0.0173  4.924e-11  1.000e-12  2.031e+00     9.5628     9.5728     0.0100     7.5613     7.5685     63.403     64.818      0.418    1439.51    1439.58  0.000e+00
       6544     64.500     5.0379     5.0510     0.0131    1.02369    1.02529          1     0.1317     0.1188       9.97     0.0174  4.924e-11  1.000e-12  2.031e+00     9.5969     9.6092     0.0124     7.5869     7.5961     63.898     65.323      0.232    1439.68    1439.76  0.000e+00
       6614     65.000     5.0562     5.0708     0.0146    1.02644    1.02815          1     0.1245     0.1081       9.97     0.0171  4.924e-11  1.000e-12  2.031e+00     9.6193     9.6324     0.0130     7.6038     7.6134     64.393     65.828      0.227    1439.80    1439.88  0.000e+00
       6656     65.500     5.0874     5.0950     0.0076    1.03099    1.03158          1     0.1167     0.1029       9.97     0.0171  4.924e-11  1.000e-12  2.031e+00     9.6561     9.6599     0.0038     7.6314     7.6340     64.889     66.334      0.300    1439.99    1440.03  0.000e+00
       6700     66.000     5.1336     5.1468     0.0131    1.03775    1.03905          1     0.1123     0.1002       9.97     0.0171  4.924e-11  1.000e-12  2.031e+00     9.7109     9.7202     0.0093     7.6725     7.6792     65.384     66.839      0.225    1440.27    1440.34  0.000e+00
       6766     66.500     5.1614     5.1687     0.0073    1.04151    1.04219          1     0.1043     0.0948       9.97     0.0171  4.924e-11  1.000e-12  2.031e+00     9.7407     9.7454     0.0048     7.6947     7.6981     65.879     67.345      0.272    1440.44    1440.47  0.000e+00
       6804     67.000     5.1765     5.1795     0.0029    1.04382    1.04400          1     0.1043     0.0910       9.97     0.0171  4.924e-11  1.000e-12  2.031e+00     9.7594     9.7604     0.0010     7.7088     7.7094     66.374     67.850      0.289    1440.53    1440.55  0.000e+00
       6866     67.500     5.1934     5.2024     0.0090    1.04659    1.04766          1     0.0962     0.0866       9.97     0.0171  4.924e-11  1.000e-12  2.031e+00     9.7823     9.7906     0.0082     7.7260     7.7321     66.870     68.355      0.209    1440.64    1440.69  0.000e+00
       6921     68.000     5.2201     5.2267     0.0066    1.05083    1.05131          1     0.0955     0.0840       9.97     0.0172  4.924e-11  1.000e-12  2.031e+00     9.8172     9.8201     0.0028     7.7523     7.7542     67.365     68.861      0.390    1440.81    1440.84  0.000e+00
       6948     68.500     5.2634     5.2734     0.0100    1.05758    1.05846          1     0.0890     0.0826       9.97     0.0171  4.924e-11  1.000e-12  2.031e+00     9.8723     9.8783     0.0060     7.7936     7.7978     67.860     69.366      0.392    1441.08    1441.13  0.000e+00
       7010     69.000     5.2901     5.3018     0.0117    1.06124    1.06275          1     0.0880     0.0782       9.97     0.0171  4.924e-11  1.000e-12  2.031e+00     9.9013     9.9131     0.0118     7.8151     7.8238     68.355     69.871      0.222    1441.24    1441.30  0.000e+00
       7083     69.500     5.3125     5.3147     0.0022    1.06470    1.06478          1     0.0851     0.0766       9.97     0.0175  4.924e-11  1.000e-12  2.031e+00     9.9294     9.9295     0.0001     7.8362     7.8362     68.851     70.377      0.348    1441.38    1441.39  0.000e+00
       7111     70.000     5.3271     5.3335     0.0064    1.06695    1.06749          1     0.0770     0.0756       9.97     0.0186  4.924e-11  1.000e-12  2.031e+00     9.9476     9.9511     0.0035     7.8498     7.8522     69.346     70.882      0.398    1441.47    1441.50  0.000e+00
       7147     70.500     5.3499     5.3537     0.0039    1.07001    1.07030          1     0.0792     0.0754       9.97     0.0176  4.924e-11  1.000e-12  2.031e+00     9.9715     9.9733     0.0018     7.8675     7.8687     69.841     71.387      0.256    1441.61    1441.63  0.000e+00
       7219     71.000     5.3727     5.3774     0.0048    1.07304    1.07342          1     0.0783     0.0737       9.97     0.0175  4.924e-11  1.000e-12  2.031e+00     9.9951     9.9975     0.0023     7.8850     7.8865     70.336     71.893      0.201    1441.75    1441.77  0.000e+00
       7275     71.500     5.4018     5.4119     0.0102    1.07694    1.07795          1     0.0742     0.0691       9.97     0.0171  4.924e-11  1.000e-12  2.031e+00    10.0255    10.0326     0.0071     7.9074     7.9125     70.832     72.398      0.311    1441.92    1441.97  0.000e+00
       7307     72.000     5.4289     5.4342     0.0054    1.08098    1.08149          1     0.0684     0.0686       9.97     0.0171  4.924e-11  1.000e-12  2.031e+00    10.0579    10.0614     0.0035     7.9315     7.9340     71.327     72.903      0.354    1442.08    1442.11  0.000e+00
       7379     72.500     5.4503     5.4533     0.0030    1.08420    1.08441          1     0.0715     0.0668       9.97     0.0171  4.924e-11  1.000e-12  2.031e+00    10.0837    10.0849     0.0012     7.9507     7.9515     71.822     73.408      0.247    1442.22    1442.23  0.000e+00
       7432     73.000     5.4607     5.4629     0.0022    1.08597    1.08613          1     0.0653     0.0666       9.97     0.0171  4.924e-11  1.000e-12  2.031e+00    10.0983    10.0992     0.0009     7.9617     7.9623     72.317     73.914      0.363    1442.29    1442.30  0.000e+00
       7466     73.500     5.4737     5.4773     0.0036    1.08863    1.08903          1     0.0650     0.0667       9.97     0.0171  4.924e-11  1.000e-12  2.031e+00    10.1209    10.1238     0.0029     7.9789     7.9810     72.813     74.419      0.317    1442.38    1442.40  0.000e+00
       7512     74.000     5.4905     5.5030     0.0126    1.09136    1.09286          1     0.0681     0.0658       9.97     0.0171  4.924e-11  1.000e-12  2.031e+00    10.1432    10.1544     0.0112     7.9956     8.0037     73.308     74.924      0.235    1442.49    1442.56  0.000e+00
       7561     74.500     5.5150     5.5247     0.0097    1.09497    1.09614          1     0.0675     0.0651       9.97     0.0171  4.924e-11  1.000e-12  2.031e+00    10.1719    10.1806     0.0088     8.0168     8.0232     73.803     75.429      0.265    1442.64    1442.69  0.000e+00
       7605     75.000     5.5322     5.5401     0.0080    1.09795    1.09899          1     0.0656     0.0630       9.97     0.0171  4.924e-11  1.000e-12  2.031e+00    10.1965    10.2044     0.0079     8.0353     8.0411     74.298     75.935      0.267    1442.75    1442.80  0.000e+00
       7658     75.500     5.5490     5.5550     0.0059    1.10097    1.10191          1     0.0605     0.0624       9.97     0.0171  4.924e-11  1.000e-12  2.031e+00    10.2215    10.2292     0.0076     8.0541     8.0598     74.793     76.440      0.203    1442.86    1442.90  0.000e+00
       7729     76.000     5.5600     5.5648     0.0048    1.10306    1.10356          1     0.0623     0.0609       9.97     0.0171  4.924e-11  1.000e-12  2.031e+00    10.2390    10.2426     0.0036     8.0673     8.0699     75.289     76.945      0.326    1442.94    1442.97  0.000e+00
       7760     76.500     5.5848     5.5902     0.0054    1.10729    1.10784          1     0.0598     0.0588       9.97     0.0171  4.924e-11  1.000e-12  2.031e+00    10.2738    10.2776     0.0038     8.0934     8.0961     75.784     77.450      0.333    1443.10    1443.13  0.000e+00
       7826     77.000     5.5990     5.6025     0.0035    1.10972    1.11011          1     0.0567     0.0607       9.97     0.0172  4.924e-11  1.000e-12  2.031e+00    10.2937    10.2966     0.0029     8.1082     8.1103     76.279     77.955      0.244    1443.20    1443.22  0.000e+00
       7873     77.500     5.6090     5.6114     0.0024    1.11153    1.11171          1     0.0561     0.0597       9.97     0.0171  4.924e-11  1.000e-12  2.031e+00    10.3087    10.3097     0.0010     8.1195     8.1202     76.774     78.461      0.415    1443.27    1443.28  0.000e+00
       7899     78.000     5.6247     5.6295     0.0049    1.11406    1.11458          1     0.0577     0.0610       9.97     0.0171  4.924e-11  1.000e-12  2.031e+00    10.3291    10.3329     0.0038     8.1347     8.1374     77.270     78.966      0.426    1443.37    1443.39  0.000e+00
       7933     78.500     5.6361     5.6411     0.0050    1.11599    1.11661          1     0.0561     0.0605       9.97     0.0171  4.924e-11  1.000e-12  2.031e+00    10.3449    10.3496     0.0047     8.1464     8.1499     77.765     79.471      0.239    1443.44    1443.47  0.000e+00
       8022     79.000     5.6460     5.6482     0.0023    1.11797    1.11820          1     0.0541     0.0592       9.97     0.0171  4.924e-11  1.000e-12  2.031e+00    10.3616    10.3632     0.0016     8.1591     8.1602     78.260     79.976      0.295    1443.51    1443.53  0.000e+00
       8053     79.500     5.6497     5.6508     0.0011    1.11914    1.11926          1     0.0532     0.0558       9.97     0.0171  4.924e-11  1.000e-12  2.031e+00    10.3721    10.3729     0.0009     8.1671     8.1678     78.755     80.481      0.352    1443.55    1443.56  0.000e+00
       8104     80.000     5.6549     5.6577     0.0028    1.12031    1.12074          1     0.0515     0.0554       9.97     0.0171  4.924e-11  1.000e-12  2.031e+00    10.3821    10.3855     0.0034     8.1748     8.1772     79.250     80.986      0.208    1443.60    1443.61  0.000e+00
       8160     80.500     5.6638     5.6670     0.0032    1.12200    1.12246          1     0.0508     0.0562       9.97     0.0171  4.924e-11  1.000e-12  2.031e+00    10.3961    10.3997     0.0036     8.1853     8.1879     79.746     81.491      0.251    1443.66    1443.68  0.000e+00
       8205     81.000     5.6692     5.6714     0.0022    1.12307    1.12332          1     0.0522     0.0563       9.97     0.0171  4.924e-11  1.000e-12  2.031e+00    10.4051    10.4069     0.0018     8.1920     8.1933     80.241     81.997      0.324    1443.70    1443.71  0.000e+00
       8236     81.500     5.6746     5.6758     0.0012    1.12394    1.12399          1     0.0520     0.0566       9.97     0.0171  4.924e-11  1.000e-12  2.031e+00    10.4120    10.4122     0.0001     8.1972     8.1972     80.736     82.502      0.388    1443.74    1443.75  0.000e+00
       8272     82.000     5.6799     5.6847     0.0048    1.12493    1.12589          1     0.0511     0.0557       9.97     0.0171  2.114e+03  1.000e-12  1.988e+00    10.4202    10.4283     0.0081     8.2033     8.2094     81.231     83.007      0.267    1443.78    1443.81  0.000e+00
       8355     82.500     5.6960     5.6992     0.0031    1.12962    1.13037          1     0.0474     0.0549       9.95     0.0171  3.015e+02  1.000e-12  2.025e+00    10.4620    10.4686     0.0066     8.2354     8.2404     81.727     83.512      0.269    1443.91    1443.93  0.000e+00
       8396     83.000     5.7077     5.7098     0.0021    1.13343    1.13372          1     0.0465     0.0552       9.59     0.0176  4.924e-11  1.000e-12  2.031e+00    10.4964    10.4986     0.0022     8.2618     8.2634     82.222     84.017      0.414    1444.01    1444.03  0.000e+00
       8428     83.500     5.7110     5.7128     0.0018    1.13400    1.13435          1     0.0448     0.0535       9.13     0.0177  4.924e-11  1.000e-12  2.031e+00    10.5010    10.5040     0.0030     8.2652     8.2675     82.717     84.522      0.264    1444.04    1444.05  0.000e+00
