ctdpy/exports/archive_20191120_135557/received_data/SBE09_0827_20181124_2007_26_01_1240.cnv
* Sea-Bird SBE 9 Data File:
* FileName = D:\CTD_SBE911\DAT\26DA.2018.12.40.hex
* Software Version Seasave V 7.21d
* Temperature SN = 4548
* Conductivity SN = 3062
* Number of Bytes Per Scan = 48
* Number of Voltage Words = 5
* Number of Scans Averaged by the Deck Unit = 1
* NMEA Latitude = 57 29.41 N
* NMEA Longitude = 017 44.42 E
* NMEA UTC (Time) = Nov 24 2018  20:07:43
* NMEA baud rate = 4800
** Ship: DANA
** Average sound velocity: 1442.08 m/s
** True-depth calculation Tue, 02 Apr 2019 12:14:31 +0000
** CTD Python Module SMHI /ver 3-12/ feb 2012 
** LIMS Job: 20182601-1240
** Operator: Ronny
** Cruise: 12/2018
# nquan = 26
# nvalues = 197                         
# units = specified
# name 0 = scan: Scan Count
# name 1 = prDM: Pressure, Digiquartz [db]
# name 2 = t090C: Temperature [ITS-90, deg C]
# name 3 = t190C: Temperature, 2 [ITS-90, deg C]
# name 4 = T2-T190C: Temperature Difference, 2 - 1 [ITS-90, deg C]
# name 5 = c0S/m: Conductivity [S/m]
# name 6 = c1S/m: Conductivity, 2 [S/m]
# name 7 = pumps: Pump Status
# name 8 = sbeox1ML/L: Oxygen, SBE 43, 2 [ml/l]
# name 9 = sbeox0ML/L: Oxygen, SBE 43 [ml/l]
# name 10 = altM: Altimeter [m]
# name 11 = chloroflTC0: Chlorophyll, Turner Cyclops [ug/l]
# name 12 = cpar: CPAR/Corrected Irradiance [%]
# name 13 = par: PAR/Irradiance, Biospherical/Lico [µE/(cm^2*s)]
# name 14 = spar: SPAR, Biospherical/Licor
# name 15 = sal00: Salinity, Practical [PSU]
# name 16 = sal11: Salinity, Practical, 2 [PSU]
# name 17 = secS-priS: Salinity, Practical, Difference, 2 - 1 [PSU]
# name 18 = sigma-t00: Density [sigma-t, kg/m^3 ]
# name 19 = sigma-t11: Density, 2 [sigma-t, kg/m^3 ]
# name 20 = depSM: Depth [salt water, m], lat = 57.4902
# name 21 = depFM: Depth [true depth, m], lat = 57.4902
# name 22 = dz/dtM: Descent Rate [m/s], WS = 2
# name 23 = svCM: Sound Velocity [Chen-Millero, m/s]
# name 24 = svCM1: Sound Velocity, 2 [Chen-Millero, m/s]
# name 25 = flag: flag
# span 0 =         52,       9042       
# span 1 =      1.000,     99.000       
# span 2 =     4.1284,     7.3425       
# span 3 =     4.1208,     7.3435       
# span 4 =    -0.1782,     0.0471       
# span 5 =   0.784645,   1.149588       
# span 6 =   0.784646,   1.150064       
# span 7 =          1,          1       
# span 8 =     0.0989,     7.6874       
# span 9 =     0.0511,     7.9255       
# span 10 =       1.60,       9.96      
# span 11 =     0.0158,     0.0288      
# span 12 = 4.9241e-11, 4.9241e-11      
# span 13 = 1.0000e-12, 1.0000e-12      
# span 14 = 2.0308e+00, 2.0308e+00      
# span 15 =     6.8270,    10.6315      
# span 16 =     6.8269,    10.6357      
# span 17 =    -0.0009,     0.0515      
# span 18 =     5.2984,     8.3640      
# span 19 =     5.2983,     8.3671      
# span 20 =      0.991,     98.064      
# span 21 =      1.013,    100.210      
# span 22 =      0.049,      0.303      
# span 23 =    1433.38,    1445.75      
# span 24 =    1433.31,    1445.76      
# span 25 = 0.0000e+00, 0.0000e+00      
# interval = decibars: 0.5              
# start_time = Nov 24 2018 20:07:44 [NMEA time, first data scan]
# bad_flag = -9.990e-29
*END*
[from data line 168]
       7777     85.000     5.4818     5.4886     0.0068    1.09361    1.09444          1     0.1175     0.0838       9.96     0.0170  4.924e-11  1.000e-12  2.031e+00    10.1664    10.1727     0.0063     8.0143     8.0189     84.199     86.067      0.248    1442.66    1442.69  0.000e+00
       7824     85.500     5.4937     5.4993     0.0057    1.09579    1.09634          1     0.1189     0.0794       9.96     0.0169  4.924e-11  1.000e-12  2.031e+00    10.1847    10.1884     0.0038     8.0281     8.0307     84.694     86.572      0.266    1442.74    1442.77  0.000e+00
       7871     86.000     5.5108     5.5192     0.0084    1.09883    1.09993          1     0.1113     0.0765       9.96     0.0170  4.924e-11  1.000e-12  2.031e+00    10.2098    10.2184     0.0085     8.0470     8.0533     85.189     87.077      0.244    1442.85    1442.90  0.000e+00
       7920     86.500     5.5342     5.5437     0.0095    1.10310    1.10431          1     0.1120     0.0757       9.96     0.0170  4.924e-11  1.000e-12  2.031e+00    10.2455    10.2548     0.0093     8.0738     8.0806     85.684     87.582      0.259    1443.01    1443.06  0.000e+00
       7966     87.000     5.5610     5.5727     0.0117    1.10808    1.10985          1     0.1108     0.0746       9.96     0.0170  4.924e-11  1.000e-12  2.031e+00    10.2872    10.3013     0.0141     8.1052     8.1157     86.179     88.088      0.243    1443.18    1443.25  0.000e+00
       8015     87.500     5.5880     5.5990     0.0110    1.11363    1.11497          1     0.1101     0.0713       9.96     0.0171  4.924e-11  1.000e-12  2.031e+00    10.3344    10.3445     0.0101     8.1410     8.1483     86.674     88.593      0.268    1443.37    1443.43  0.000e+00
       8059     88.000     5.6172     5.6297     0.0124    1.11863    1.12024          1     0.1125     0.0697       9.96     0.0168  4.924e-11  1.000e-12  2.031e+00    10.3754    10.3877     0.0123     8.1716     8.1806     87.170     89.098      0.262    1443.55    1443.62  0.000e+00
       8105     88.500     5.6425     5.6513     0.0088    1.12313    1.12422          1     0.1072     0.0688       9.96     0.0169  4.924e-11  1.000e-12  2.031e+00    10.4126    10.4208     0.0082     8.1995     8.2055     87.665     89.603      0.276    1443.72    1443.76  0.000e+00
       8148     89.000     5.6597     5.6678     0.0080    1.12641    1.12742          1     0.1094     0.0656       9.96     0.0171  4.924e-11  1.000e-12  2.031e+00    10.4401    10.4477     0.0076     8.2202     8.2257     88.160     90.108      0.267    1443.83    1443.88  0.000e+00
       8194     89.500     5.6734     5.6818     0.0084    1.12908    1.13006          1     0.1086     0.0673       9.96     0.0170  4.924e-11  1.000e-12  2.031e+00    10.4624    10.4696     0.0072     8.2370     8.2422     88.655     90.613      0.268    1443.93    1443.97  0.000e+00
       8237     90.000     5.6887     5.6967     0.0080    1.13204    1.13297          1     0.1090     0.0660       9.96     0.0170  4.924e-11  1.000e-12  2.031e+00    10.4872    10.4940     0.0068     8.2556     8.2605     89.150     91.118      0.276    1444.03    1444.08  0.000e+00
       8283     90.500     5.7021     5.7075     0.0054    1.13462    1.13524          1     0.1071     0.0639       9.96     0.0171  4.924e-11  1.000e-12  2.031e+00    10.5088    10.5132     0.0044     8.2719     8.2751     89.645     91.624      0.255    1444.13    1444.15  0.000e+00
       8327     91.000     5.7114     5.7173     0.0058    1.13627    1.13678          1     0.1050     0.0624       9.72     0.0171  4.924e-11  1.000e-12  2.031e+00    10.5222    10.5256     0.0034     8.2819     8.2842     90.141     92.129      0.287    1444.19    1444.22  0.000e+00
       8370     91.500     5.7193     5.7233     0.0039    1.13746    1.13780          1     0.1062     0.0625       9.18     0.0170  4.924e-11  1.000e-12  2.031e+00    10.5316    10.5338     0.0022     8.2889     8.2904     90.636     92.634      0.260    1444.24    1444.26  0.000e+00
       8417     92.000     5.7253     5.7287     0.0034    1.13838    1.13862          1     0.1059     0.0603       8.68     0.0170  4.924e-11  1.000e-12  2.031e+00    10.5388    10.5402     0.0013     8.2942     8.2951     91.131     93.139      0.275    1444.29    1444.30  0.000e+00
       8460     92.500     5.7311     5.7340     0.0029    1.13938    1.13955          1     0.1027     0.0601       8.18     0.0170  4.924e-11  1.000e-12  2.031e+00    10.5469    10.5477     0.0008     8.3002     8.3007     91.626     93.644      0.273    1444.33    1444.34  0.000e+00
       8505     93.000     5.7362     5.7392     0.0030    1.14031    1.14054          1     0.1057     0.0585       7.68     0.0171  4.924e-11  1.000e-12  2.031e+00    10.5546    10.5559     0.0014     8.3060     8.3069     92.121     94.149      0.268    1444.37    1444.38  0.000e+00
       8550     93.500     5.7417     5.7438     0.0021    1.14131    1.14142          1     0.1044     0.0561       7.18     0.0171  4.924e-11  1.000e-12  2.031e+00    10.5627    10.5632     0.0004     8.3121     8.3123     92.617     94.654      0.263    1444.41    1444.42  0.000e+00
       8595     94.000     5.7460     5.7482     0.0021    1.14221    1.14234          1     0.1063     0.0570       6.68     0.0171  4.924e-11  1.000e-12  2.031e+00    10.5702    10.5709     0.0006     8.3177     8.3181     93.112     95.159      0.274    1444.45    1444.46  0.000e+00
       8638     94.500     5.7528     5.7560     0.0032    1.14362    1.14390          1     0.1034     0.0561       6.20     0.0171  4.924e-11  1.000e-12  2.031e+00    10.5821    10.5840     0.0019     8.3267     8.3280     93.607     95.664      0.277    1444.50    1444.52  0.000e+00
       8683     95.000     5.7615     5.7640     0.0026    1.14561    1.14589          1     0.1045     0.0562       5.70     0.0171  4.924e-11  1.000e-12  2.031e+00    10.5993    10.6012     0.0019     8.3397     8.3411     94.102     96.169      0.258    1444.57    1444.58  0.000e+00
       8729     95.500     5.7650     5.7666     0.0016    1.14640    1.14647          1     0.1043     0.0542       5.18     0.0171  4.924e-11  1.000e-12  2.031e+00    10.6059    10.6061     0.0002     8.3447     8.3448     94.597     96.674      0.268    1444.60    1444.60  0.000e+00
       8772     96.000     5.7663     5.7679     0.0016    1.14666    1.14671          1     0.1043     0.0535       4.68     0.0171  4.924e-11  1.000e-12  2.031e+00    10.6080    10.6080     0.0000     8.3463     8.3462     95.092     97.179      0.279    1444.61    1444.62  0.000e+00
       8819     96.500     5.7684     5.7700     0.0016    1.14705    1.14712          1     0.1015     0.0526       4.18     0.0171  4.924e-11  1.000e-12  2.031e+00    10.6112    10.6114     0.0002     8.3487     8.3488     95.587     97.684      0.250    1444.63    1444.64  0.000e+00
       8863     97.000     5.7704     5.7718     0.0014    1.14746    1.14746          1     0.1042     0.0526       3.69     0.0171  4.924e-11  1.000e-12  2.031e+00    10.6146    10.6142    -0.0004     8.3513     8.3508     96.083     98.189      0.290    1444.66    1444.66  0.000e+00
       8907     97.500     5.7711     5.7720     0.0009    1.14753    1.14750          1     0.1041     0.0521       3.16     0.0171  4.924e-11  1.000e-12  2.031e+00    10.6149    10.6144    -0.0005     8.3515     8.3510     96.578     98.694      0.255    1444.67    1444.67  0.000e+00
       8952     98.000     5.7734     5.7758     0.0024    1.14801    1.14824          1     0.1005     0.0512       2.71     0.0171  4.924e-11  1.000e-12  2.031e+00    10.6189    10.6205     0.0015     8.3545     8.3555     97.073     99.200      0.282    1444.69    1444.70  0.000e+00
       8997     98.500     5.7775     5.7802     0.0026    1.14877    1.14903          1     0.1026     0.0516       2.17     0.0171  4.924e-11  1.000e-12  2.031e+00    10.6251    10.6269     0.0018     8.3591     8.3604     97.568     99.705      0.242    1444.72    1444.74  0.000e+00
       9042     99.000     5.7828     5.7849     0.0026    1.14959    1.15006          1     0.0989     0.0511       1.60     0.0171  4.924e-11  1.000e-12  2.031e+00    10.6315    10.6357     0.0042     8.3640     8.3671     98.064    100.210      0.100    1444.76    1444.78  0.000e+00
