ctdpy/exports/archive_20191120_135557/received_data/SBE09_0745_20181210_1823_34_01_0179.cnv
* Sea-Bird SBE 9 Data File:
* FileName = C:\ctd\temp\ar18d179.hex
* Software Version Seasave V 7.26.7.107
* Temperature SN = 4387
* Conductivity SN = 2994
* Number of Bytes Per Scan = 41
* Number of Voltage Words = 4
* Number of Scans Averaged by the Deck Unit = 1
* NMEA Latitude = 58 56.03 N
* NMEA Longitude = 019 09.27 E
* NMEA UTC (Time) = Dec 10 2018  18:23:12
* NMEA baud rate = 4800
** Station:  Huvudskar Ost
** Operator:  OBac
** Ship: ARANDA
** Average sound velocity: 1439.61 m/s
** True-depth calculation Mon, 10 Dec 2018 18:58:17 +0000
** CTD Python Module SMHI /ver 3-12/ feb 2012 
** LIMS Job: 20183401-0179
** Cruise: SMHI-7-2018
** Latitude [GG MM.mm N]:
** Longitude [GG MM.mm E]:
# nquan = 26
# nvalues = 165                         
# units = specified
# name 0 = scan: Scan Count
# name 1 = prDM: Pressure, Digiquartz [db]
# name 2 = t090C: Temperature [ITS-90, deg C]
# name 3 = t190C: Temperature, 2 [ITS-90, deg C]
# name 4 = T2-T190C: Temperature Difference, 2 - 1 [ITS-90, deg C]
# name 5 = c0S/m: Conductivity [S/m]
# name 6 = c1S/m: Conductivity, 2 [S/m]
# name 7 = pumps: Pump Status
# name 8 = sbeox0ML/L: Oxygen, SBE 43 [ml/l]
# name 9 = sbeox1ML/L: Oxygen, SBE 43, 2 [ml/l]
# name 10 = altM: Altimeter [m]
# name 11 = flECO-AFL: Chl-a Fluorescence, WET Labs ECO-AFL/FL [mg/m^3]
# name 12 = flECO-AFL1: Phycocyanin Fluorescence, WET Labs ECO-AFL/FL, 2 [mg/m^3]
# name 13 = par: PAR/Irradiance, Biospherical/Lico [µE/(cm^2*s)]
# name 14 = turbWETntu0: Turbidity, WET Labs ECO [NTU]
# name 15 = sal00: Salinity, Practical [PSU]
# name 16 = sal11: Salinity, Practical, 2 [PSU]
# name 17 = secS-priS: Salinity, Practical, Difference, 2 - 1 [PSU]
# name 18 = sigma-t00: Density [sigma-t, Kg/m^3 ]
# name 19 = sigma-t11: Density, 2 [sigma-t, Kg/m^3 ]
# name 20 = depSM: Depth [salt water, m], lat = 58.9338
# name 21 = depFM: Depth [true depth, m], lat = 58.9338
# name 22 = dz/dtM: Descent Rate [m/s], WS = 2
# name 23 = svCM: Sound Velocity [Chen-Millero, m/s]
# name 24 = svCM1: Sound Velocity, 2 [Chen-Millero, m/s]
# name 25 = flag: flag
# span 0 =      11590,      15566       
# span 1 =      1.500,     83.500       
# span 2 =     4.1734,     6.9764       
# span 3 =     4.1738,     6.9059       
# span 4 =    -0.0703,     0.0100       
# span 5 =   0.785478,   1.044305       
# span 6 =   0.785530,   1.044453       
# span 7 =          1,          1       
# span 8 =    0.68016,    7.92589       
# span 9 =    0.71016,    7.89008       
# span 10 =       4.01,      88.78      
# span 11 =     0.2580,     0.3677      
# span 12 =     0.1553,     0.3161      
# span 13 = -2.998e-04, 7.2519e-02      
# span 14 =     0.1269,     0.3492      
# span 15 =     6.8879,     9.7433      
# span 16 =     6.8889,     9.7446      
# span 17 =    -0.0023,     0.0024      
# span 18 =     5.3468,     7.6929      
# span 19 =     5.3500,     7.6939      
# span 20 =      1.486,     82.703      
# span 21 =      1.520,     84.545      
# span 22 =      0.026,      0.716      
# span 23 =    1433.42,    1443.58      
# span 24 =    1433.43,    1443.28      
# span 25 = 0.0000e+00, 0.0000e+00      
# interval = decibars: 0.5              
# start_time = Dec 10 2018 18:23:12 [NMEA time, first data scan]
# bad_flag = -9.990e-29
*END*
      11590      1.500     6.6965     6.6818    -0.0149    0.78678    0.78652          1     7.8615     7.8588      88.78     0.3677     0.2648  7.252e-02  0.1451000     6.8907     6.8912     0.0005     5.3625     5.3638      1.486      1.520      0.176    1442.39    1442.32  0.000e+00
      11661      2.000     6.8824     6.8582    -0.0242    0.79116    0.79077          1     7.9259     7.8901      88.48     0.3501     0.2375  4.238e-03  0.1448000     6.8945     6.8957     0.0012     5.3536     5.3561      1.981      2.026      0.247    1443.18    1443.08  0.000e+00
      11701      2.500     6.9764     6.9059    -0.0703    0.79310    0.79141          1     7.8078     7.8090      88.08     0.3587     0.2182 -2.998e-04  0.1526000     6.8937     6.8920    -0.0017     5.3468     5.3500      2.477      2.533      0.370    1443.58    1443.28  0.000e+00
      11728      3.000     6.6473     6.6462    -0.0013    0.78548    0.78553          1     7.8438     7.8445      87.64     0.3590     0.2300  1.000e-12  0.1521000     6.8883     6.8889     0.0007     5.3637     5.3642      2.972      3.039      0.495    1442.20    1442.19  0.000e+00
      11751      3.500     6.6483     6.6485     0.0003    0.78548    0.78559          1     7.8524     7.8528      87.26     0.3548     0.2349  1.000e-12  0.1402000     6.8879     6.8889     0.0010     5.3633     5.3641      3.467      3.546      0.505    1442.21    1442.21  0.000e+00
      11776      4.000     6.6478     6.6480     0.0002    0.78548    0.78560          1     7.8586     7.8601      86.74     0.3369     0.2296  1.000e-12  0.1452000     6.8880     6.8890     0.0010     5.3634     5.3642      3.963      4.052      0.444    1442.22    1442.22  0.000e+00
      11805      4.500     6.6487     6.6486    -0.0001    0.78553    0.78564          1     7.8601     7.8626      86.22     0.3472     0.2371  1.000e-12  0.1429000     6.8883     6.8892     0.0010     5.3636     5.3644      4.458      4.559      0.414    1442.23    1442.23  0.000e+00
      11832      5.000     6.6513     6.6513     0.0001    0.78563    0.78573          1     7.8557     7.8689      25.89     0.3431     0.2514  1.000e-12  0.1434000     6.8886     6.8896     0.0010     5.3637     5.3644      4.953      5.066      0.501    1442.25    1442.25  0.000e+00
      11854      5.500     6.6510     6.6512     0.0002    0.78565    0.78576          1     7.8519     7.8619      57.77     0.3399     0.2364  1.000e-12  0.1469000     6.8888     6.8897     0.0010     5.3639     5.3646      5.449      5.572      0.565    1442.25    1442.26  0.000e+00
      11875      6.000     6.6513     6.6516     0.0004    0.78567    0.78577          1     7.8512     7.8564      82.21     0.3586     0.2678  1.000e-12  0.1269000     6.8888     6.8897     0.0009     5.3638     5.3645      5.944      6.079      0.562    1442.26    1442.27  0.000e+00
      11897      6.500     6.6513     6.6516     0.0003    0.78568    0.78578          1     7.8538     7.8497      54.06     0.3484     0.2581  1.000e-12  0.1449000     6.8889     6.8898     0.0009     5.3639     5.3646      6.439      6.585      0.521    1442.27    1442.27  0.000e+00
      11921      7.000     6.6511     6.6516     0.0005    0.78570    0.78580          1     7.8517     7.8507      37.50     0.3571     0.2286  1.000e-12  0.1336000     6.8890     6.8898     0.0008     5.3640     5.3646      6.934      7.092      0.493    1442.28    1442.28  0.000e+00
      11945      7.500     6.6512     6.6515     0.0003    0.78571    0.78581          1     7.8516     7.8583      38.42     0.3483     0.2292  1.000e-12  0.1429000     6.8891     6.8899     0.0008     5.3641     5.3647      7.430      7.598      0.526    1442.29    1442.29  0.000e+00
      11967      8.000     6.6512     6.6514     0.0001    0.78573    0.78582          1     7.8545     7.8546      74.87     0.3476     0.2515  1.000e-12  0.1454000     6.8892     6.8900     0.0008     5.3641     5.3648      7.925      8.105      0.580    1442.30    1442.30  0.000e+00
      11987      8.500     6.6513     6.6517     0.0004    0.78574    0.78584          1     7.8498     7.8519      82.14     0.3417     0.2497  1.000e-12  0.1422000     6.8892     6.8900     0.0008     5.3642     5.3648      8.420      8.611      0.576    1442.30    1442.31  0.000e+00
      12009      9.000     6.6505     6.6511     0.0006    0.78574    0.78584          1     7.8457     7.8548      81.43     0.3392     0.2630  1.000e-12  0.1586000     6.8893     6.8901     0.0008     5.3643     5.3649      8.916      9.118      0.509    1442.31    1442.31  0.000e+00
      12034      9.500     6.6504     6.6507     0.0003    0.78576    0.78584          1     7.8405     7.8537      80.78     0.3523     0.2996  1.000e-12  0.1768000     6.8895     6.8901     0.0007     5.3644     5.3649      9.411      9.624      0.473    1442.32    1442.32  0.000e+00
      12059     10.000     6.6508     6.6511     0.0004    0.78579    0.78590          1     7.8475     7.8547      80.09     0.3530     0.2553  1.000e-12  0.1308000     6.8896     6.8905     0.0009     5.3645     5.3652      9.906     10.131      0.533    1442.33    1442.33  0.000e+00
      12080     10.500     6.6509     6.6513     0.0004    0.78582    0.78590          1     7.8517     7.8509      79.97     0.3344     0.2502  1.000e-12  0.1521000     6.8898     6.8905     0.0007     5.3646     5.3652     10.402     10.638      0.591    1442.34    1442.34  0.000e+00
      12100     11.000     6.6509     6.6517     0.0008    0.78582    0.78596          1     7.8490     7.8523      79.64     0.3354     0.2718  1.000e-12  0.1576000     6.8898     6.8910     0.0011     5.3647     5.3655     10.897     11.144      0.589    1442.34    1442.35  0.000e+00
      12121     11.500     6.6533     6.6537     0.0004    0.78618    0.78629          1     7.8448     7.8613      79.16     0.3431     0.2929  1.000e-12  0.1390000     6.8926     6.8935     0.0009     5.3667     5.3674     11.392     11.651      0.544    1442.36    1442.37  0.000e+00
      12144     12.000     6.6549     6.6553     0.0005    0.78637    0.78644          1     7.8407     7.8604      78.66     0.3458     0.2532  1.000e-12  0.1406000     6.8940     6.8946     0.0006     5.3677     5.3682     11.888     12.157      0.519    1442.38    1442.38  0.000e+00
      12167     12.500     6.6551     6.6559     0.0008    0.78642    0.78650          1     7.8396     7.8575      78.13     0.3336     0.2064  1.000e-12  0.1387000     6.8944     6.8950     0.0007     5.3680     5.3685     12.383     12.664      0.526    1442.39    1442.39  0.000e+00
      12190     13.000     6.6552     6.6558     0.0006    0.78643    0.78652          1     7.8419     7.8577      77.62     0.3268     0.1866  1.000e-12  0.1397000     6.8944     6.8952     0.0008     5.3680     5.3686     12.878     13.170      0.537    1442.40    1442.40  0.000e+00
      12212     13.500     6.6551     6.6555     0.0004    0.78647    0.78654          1     7.8453     7.8528      77.24     0.3325     0.2255  1.000e-12  0.1489000     6.8947     6.8953     0.0006     5.3683     5.3687     13.373     13.677      0.543    1442.41    1442.41  0.000e+00
      12234     14.000     6.6550     6.6553     0.0002    0.78648    0.78655          1     7.8466     7.8506      76.75     0.3207     0.2814  1.000e-12  0.1393000     6.8948     6.8954     0.0007     5.3683     5.3688     13.869     14.183      0.555    1442.41    1442.42  0.000e+00
      12255     14.500     6.6550     6.6557     0.0007    0.78650    0.78658          1     7.8517     7.8460      76.33     0.3097     0.3015  1.000e-12  0.1396000     6.8949     6.8955     0.0006     5.3684     5.3689     14.364     14.690      0.558    1442.42    1442.43  0.000e+00
      12277     15.000     6.6547     6.6551     0.0004    0.78649    0.78659          1     7.8568     7.8402      75.91     0.3102     0.2375  1.000e-12  0.1496000     6.8949     6.8957     0.0008     5.3684     5.3690     14.859     15.197      0.534    1442.43    1442.43  0.000e+00
      12300     15.500     6.6545     6.6551     0.0006    0.78649    0.78660          1     7.8569     7.8396      75.24     0.3186     0.2639  1.000e-12  0.1378000     6.8949     6.8958     0.0009     5.3684     5.3691     15.355     15.703      0.510    1442.44    1442.44  0.000e+00
      12324     16.000     6.6549     6.6549     0.0001    0.78658    0.78665          1     7.8555     7.8450      74.67     0.3145     0.3022  1.000e-12  0.1411000     6.8955     6.8962     0.0007     5.3689     5.3694     15.850     16.210      0.522    1442.45    1442.45  0.000e+00
      12346     16.500     6.6549     6.6554     0.0006    0.78660    0.78672          1     7.8519     7.8445      74.17     0.3184     0.2573  1.000e-12  0.1414000     6.8956     6.8966     0.0010     5.3690     5.3698     16.345     16.716      0.555    1442.45    1442.46  0.000e+00
      12367     17.000     6.6550     6.6553     0.0004    0.78662    0.78668          1     7.8445     7.8438      73.72     0.3259     0.2364  1.000e-12  0.1393000     6.8958     6.8963     0.0005     5.3691     5.3695     16.840     17.223      0.572    1442.46    1442.47  0.000e+00
      12388     17.500     6.6548     6.6552     0.0004    0.78663    0.78672          1     7.8446     7.8494      73.16     0.3334     0.2290  1.000e-12  0.1391000     6.8959     6.8967     0.0008     5.3692     5.3698     17.336     17.729      0.555    1442.47    1442.47  0.000e+00
      12410     18.000     6.6549     6.6553     0.0004    0.78668    0.78676          1     7.8505     7.8530      72.77     0.3220     0.2109  1.000e-12  0.1389000     6.8963     6.8969     0.0007     5.3695     5.3700     17.831     18.236      0.546    1442.48    1442.48  0.000e+00
      12432     18.500     6.6549     6.6553     0.0004    0.78669    0.78677          1     7.8500     7.8531      72.33     0.2871     0.2266  1.000e-12  0.1273000     6.8963     6.8970     0.0007     5.3695     5.3700     18.326     18.742      0.565    1442.49    1442.49  0.000e+00
      12453     19.000     6.6547     6.6552     0.0004    0.78670    0.78679          1     7.8524     7.8535      71.95     0.3135     0.2468  1.000e-12  0.1366000     6.8964     6.8971     0.0007     5.3696     5.3701     18.822     19.249      0.563    1442.50    1442.50  0.000e+00
      12475     19.500     6.6525     6.6531     0.0006    0.78676    0.78685          1     7.8530     7.8587      71.41     0.3217     0.2360  1.000e-12  0.1503000     6.8973     6.8981     0.0007     5.3705     5.3710     19.317     19.755      0.504    1442.49    1442.50  0.000e+00
      12501     20.000     6.6489     6.6499     0.0010    0.78682    0.78691          1     7.8557     7.8615      70.86     0.3293     0.2506  1.000e-12  0.1502000     6.8986     6.8992     0.0006     5.3717     5.3721     19.812     20.262      0.475    1442.49    1442.49  0.000e+00
      12525     20.500     6.6428     6.6440     0.0012    0.78682    0.78691          1     7.8534     7.8597      70.36     0.3234     0.2453  1.000e-12  0.1417000     6.8997     6.9003     0.0006     5.3729     5.3734     20.308     20.769      0.558    1442.47    1442.48  0.000e+00
      12544     21.000     6.6354     6.6362     0.0009    0.78683    0.78692          1     7.8542     7.8593      69.72     0.3128     0.2278  1.000e-12  0.1419000     6.9012     6.9019     0.0007     5.3746     5.3751     20.803     21.275      0.630    1442.45    1442.46  0.000e+00
      12563     21.500     6.6231     6.6258     0.0027    0.78680    0.78690          1     7.8575     7.8576      69.34     0.3232     0.2356  1.000e-12  0.1517000     6.9033     6.9037     0.0004     5.3770     5.3771     21.298     21.782      0.610    1442.41    1442.42  0.000e+00
      12584     22.000     6.6153     6.6148    -0.0005    0.78675    0.78682          1     7.8622     7.8575      68.81     0.3223     0.2287  1.000e-12  0.1458000     6.9044     6.9051     0.0007     5.3783     5.3789     21.793     22.288      0.508    1442.39    1442.38  0.000e+00
      12611     22.500     6.6113     6.6131     0.0017    0.78674    0.78682          1     7.8575     7.8544      68.02     0.3336     0.2341  1.000e-12  0.1616000     6.9050     6.9055     0.0005     5.3791     5.3793     22.289     22.795      0.441    1442.38    1442.39  0.000e+00
      12637     23.000     6.5989     6.5996     0.0007    0.78672    0.78680          1     7.8454     7.8506      67.40     0.3095     0.2142  1.000e-12  0.1517000     6.9073     6.9079     0.0006     5.3816     5.3821     22.784     23.301      0.528    1442.34    1442.34  0.000e+00
      12658     23.500     6.5695     6.5717     0.0022    0.78646    0.78656          1     7.8444     7.8562      67.05     0.3315     0.2834  1.000e-12  0.1464000     6.9108     6.9112     0.0004     5.3861     5.3863     23.279     23.808      0.638    1442.22    1442.23  0.000e+00
      12675     24.000     6.5561     6.5573     0.0012    0.78634    0.78642          1     7.8562     7.8685      66.54     0.3364     0.3161  1.000e-12  0.1428000     6.9122     6.9127     0.0005     5.3881     5.3884     23.774     24.314      0.668    1442.18    1442.18  0.000e+00
      12694     24.500     6.5472     6.5483     0.0011    0.78623    0.78631          1     7.8696     7.8792      66.17     0.3313     0.2667  1.000e-12  0.1411000     6.9129     6.9135     0.0006     5.3892     5.3896     24.270     24.821      0.578    1442.15    1442.15  0.000e+00
      12719     25.000     6.5395     6.5403     0.0008    0.78611    0.78620          1     7.8775     7.8768      65.48     0.3165     0.2215  1.000e-12  0.1496000     6.9133     6.9140     0.0006     5.3899     5.3904     24.765     25.327      0.411    1442.12    1442.13  0.000e+00
      12750     25.500     6.5363     6.5370     0.0007    0.78612    0.78620          1     7.8765     7.8771      64.98     0.3305     0.2502  1.000e-12  0.1469000     6.9140     6.9146     0.0006     5.3907     5.3911     25.260     25.834      0.465    1442.12    1442.12  0.000e+00
      12772     26.000     6.5347     6.5351     0.0004    0.78619    0.78627          1     7.8737     7.8625      64.65     0.3205     0.2362  1.000e-12  0.1529000     6.9149     6.9156     0.0007     5.3915     5.3920     25.755     26.341      0.642    1442.12    1442.12  0.000e+00
      12789     26.500     6.5327     6.5327     0.0001    0.78621    0.78628          1     7.8702     7.8576      64.26     0.3097     0.2181  1.000e-12  0.1637000     6.9154     6.9161     0.0007     5.3920     5.3925     26.251     26.847      0.716    1442.12    1442.12  0.000e+00
      12805     27.000     6.5301     6.5309     0.0008    0.78622    0.78630          1     7.8673     7.8600      63.89     0.3312     0.2151  1.000e-12  0.1591000     6.9161     6.9166     0.0006     5.3926     5.3930     26.746     27.354      0.679    1442.12    1442.12  0.000e+00
      12825     27.500     6.5283     6.5288     0.0005    0.78626    0.78635          1     7.8712     7.8697      63.15     0.3383     0.2368  1.000e-12  0.1557000     6.9168     6.9174     0.0007     5.3933     5.3938     27.241     27.860      0.549    1442.12    1442.12  0.000e+00
      12851     28.000     6.5281     6.5287     0.0006    0.78632    0.78640          1     7.8688     7.8747      62.50     0.3272     0.2095  1.000e-12  0.1561000     6.9172     6.9179     0.0006     5.3937     5.3942     27.737     28.367      0.422    1442.13    1442.13  0.000e+00
      12880     28.500     6.5277     6.5280     0.0003    0.78637    0.78644          1     7.8636     7.8704      61.84     0.3288     0.1740  1.000e-12  0.1582000     6.9177     6.9184     0.0007     5.3941     5.3946     28.232     28.873      0.469    1442.13    1442.14  0.000e+00
