ctdpy/exports/archive_20191120_135557/received_data/SBE09_1044_20180320_0344_34_02_0076.cnv
* Sea-Bird SBE 9 Data File:
* FileName = C:\ctd\temp\2018\ME18D076.hex
* Software Version Seasave V 7.26.6.26
* Temperature SN = 5351
* Conductivity SN = 3941
* Number of Bytes Per Scan = 41
* Number of Voltage Words = 4
* Number of Scans Averaged by the Deck Unit = 1
* NMEA Latitude = 58 17.05 N
* NMEA Longitude = 010 30.25 E
* NMEA UTC (Time) = Mar 20 2018  03:44:58
* NMEA baud rate = 4800
** Station:  Å17
** Operator:  MHan
** Ship: MERI
** Average sound velocity: 1480.35 m/s
** True-depth calculation Tue, 20 Mar 2018 04:54:03 +0000
** CTD Python Module SMHI /ver 3-12/ feb 2012 
** LIMS Job: 20183402-0076
** Cruise: SMHI-02-2018
** Latitude [GG MM.mm N] :
** Longitude [GG MM.mm E]:
# nquan = 26
# nvalues = 707                         
# units = specified
# name 0 = scan: Scan Count
# name 1 = prDM: Pressure, Digiquartz [db]
# name 2 = t090C: Temperature [ITS-90, deg C]
# name 3 = t190C: Temperature, 2 [ITS-90, deg C]
# name 4 = T2-T190C: Temperature Difference, 2 - 1 [ITS-90, deg C]
# name 5 = c0S/m: Conductivity [S/m]
# name 6 = c1S/m: Conductivity, 2 [S/m]
# name 7 = pumps: Pump Status
# name 8 = sbeox0ML/L: Oxygen, SBE 43 [ml/l]
# name 9 = sbeox1ML/L: Oxygen, SBE 43, 2 [ml/l]
# name 10 = altM: Altimeter [m]
# name 11 = flECO-AFL: Chl-a Fluorescence, WET Labs ECO-AFL/FL [mg/m^3]
# name 12 = flECO-AFL1: Phycocyanin Fluorescence, WET Labs ECO-AFL/FL, 2 [mg/m^3]
# name 13 = par: PAR/Irradiance, Biospherical/Lico [µE/(cm^2*s)]
# name 14 = turbWETntu0: Turbidity, WET Labs ECO [NTU]
# name 15 = sal00: Salinity, Practical [PSU]
# name 16 = sal11: Salinity, Practical, 2 [PSU]
# name 17 = secS-priS: Salinity, Practical, Difference, 2 - 1 [PSU]
# name 18 = sigma-t00: Density [sigma-t, Kg/m^3 ]
# name 19 = sigma-t11: Density, 2 [sigma-t, Kg/m^3 ]
# name 20 = depSM: Depth [salt water, m], lat = 58.2842
# name 21 = depFM: Depth [true depth, m], lat = 58.2842
# name 22 = dz/dtM: Descent Rate [m/s], WS = 2
# name 23 = svCM: Sound Velocity [Chen-Millero, m/s]
# name 24 = svCM1: Sound Velocity, 2 [Chen-Millero, m/s]
# name 25 = flag: flag
# span 0 =      11740,      25956       
# span 1 =      0.500,    353.500       
# span 2 =     0.1024,     8.0467       
# span 3 =     0.1030,     8.0469       
# span 4 =    -0.0391,     0.0570       
# span 5 =   2.175388,   3.636799       
# span 6 =   2.174496,   3.636841       
# span 7 =          1,          1       
# span 8 =    5.48004,    9.04617       
# span 9 =    5.48342,    9.05992       
# span 10 =       1.57,      98.77      
# span 11 =    -0.0081,    10.0821      
# span 12 =     0.1285,     1.7596      
# span 13 = -2.729e-07, 3.4097e-01      
# span 14 =     0.1425,     2.9453      
# span 15 =    25.4009,    35.0992      
# span 16 =    25.3869,    35.0992      
# span 17 =    -0.0406,     0.0826      
# span 18 =    20.3617,    27.4867      
# span 19 =    20.3505,    27.4866      
# span 20 =      0.495,    349.916      
# span 21 =      0.499,    350.615      
# span 22 =     -0.400,      1.147      
# span 23 =    1436.83,    1485.14      
# span 24 =    1436.83,    1485.14      
# span 25 = 0.0000e+00, 0.0000e+00      
# interval = decibars: 0.5              
# start_time = Mar 20 2018 03:44:58 [NMEA time, first data scan]
# bad_flag = -9.990e-29
*END*
[from data line 669]
      25130    335.000     7.1083     7.1093     0.0009    3.56053    3.56060          1     5.6399     5.6510      19.44     0.0480     0.2657  1.000e-12  0.6493000    35.0754    35.0752    -0.0002    27.4630    27.4627    331.619    332.276      0.885    1484.68    1484.68  0.000e+00
      25143    335.500     7.1081     7.1086     0.0006    3.56053    3.56058          1     5.6411     5.6582      18.96     0.0475     0.2063  1.000e-12  0.6463000    35.0753    35.0753    -0.0001    27.4630    27.4629    332.114    332.772      0.836    1484.68    1484.68  0.000e+00
      25159    336.000     7.1079     7.1084     0.0005    3.56052    3.56056          1     5.6397     5.6582      18.49     0.0470     0.2231  1.000e-12  0.6438000    35.0751    35.0751    -0.0000    27.4629    27.4628    332.608    333.267      0.733    1484.69    1484.69  0.000e+00
      25177    336.500     7.1067     7.1071     0.0004    3.56042    3.56047          1     5.6421     5.6551      17.92     0.0555     0.2447  1.000e-12  0.6194000    35.0750    35.0751     0.0002    27.4630    27.4630    333.103    333.763      0.607    1484.69    1484.69  0.000e+00
      25199    337.000     7.1070     7.1060    -0.0009    3.56048    3.56040          1     5.6447     5.6531      17.31     0.0695     0.2321  1.000e-12  0.6281000    35.0751    35.0751     0.0000    27.4630    27.4632    333.597    334.259      0.548    1484.70    1484.70  0.000e+00
      25221    337.500     7.1020     7.1025     0.0005    3.56005    3.56009          1     5.6443     5.6490      16.79     0.0655     0.1975  1.000e-12  0.6340000    35.0752    35.0752     0.0000    27.4638    27.4637    334.092    334.754      0.583    1484.69    1484.69  0.000e+00
      25240    338.000     7.0953     7.0953     0.0000    3.55944    3.55945          1     5.6435     5.6510      16.37     0.0461     0.2082  1.000e-12  0.6181000    35.0751    35.0752     0.0001    27.4647    27.4647    334.586    335.250      0.654    1484.67    1484.67  0.000e+00
      25257    338.500     7.0875     7.0891     0.0016    3.55876    3.55890          1     5.6476     5.6595      15.85     0.0359     0.2225  1.000e-12  0.6558000    35.0753    35.0751    -0.0001    27.4659    27.4656    335.081    335.746      0.724    1484.65    1484.66  0.000e+00
      25273    339.000     7.0720     7.0761     0.0041    3.55741    3.55778          1     5.6597     5.6716      15.37     0.0455     0.2452  1.000e-12  0.6448000    35.0760    35.0758    -0.0002    27.4686    27.4679    335.575    336.241      0.780    1484.60    1484.62  0.000e+00
      25288    339.500     7.0610     7.0635     0.0025    3.55654    3.55675          1     5.6667     5.6794      14.90     0.0568     0.2305  1.000e-12  0.6297000    35.0773    35.0770    -0.0003    27.4713    27.4707    336.070    336.737      0.797    1484.57    1484.58  0.000e+00
      25303    340.000     7.0613     7.0617     0.0004    3.55657    3.55661          1     5.6681     5.6844      14.40     0.0558     0.1779  1.000e-12  0.6555000    35.0771    35.0771     0.0000    27.4710    27.4710    336.564    337.233      0.770    1484.58    1484.58  0.000e+00
      25319    340.500     7.0604     7.0609     0.0005    3.55651    3.55655          1     5.6661     5.6834      13.87     0.0633     0.2191  1.000e-12  0.6672000    35.0771    35.0771    -0.0000    27.4712    27.4711    337.059    337.728      0.701    1484.58    1484.58  0.000e+00
      25338    341.000     7.0439     7.0455     0.0017    3.55502    3.55513          1     5.6702     5.6809      13.33     0.0684     0.2477  1.000e-12  0.6679000    35.0773    35.0768    -0.0005    27.4736    27.4730    337.553    338.224      0.595    1484.53    1484.54  0.000e+00
      25360    341.500     7.0237     7.0233    -0.0005    3.55307    3.55302          1     5.6735     5.6818      12.76     0.0536     0.2655  1.000e-12  0.6405000    35.0761    35.0760    -0.0001    27.4755    27.4755    338.048    338.720      0.533    1484.46    1484.46  0.000e+00
      25383    342.000     7.0019     7.0066     0.0047    3.55104    3.55147          1     5.6725     5.6850      12.29     0.0812     0.2634  1.000e-12  0.6752000    35.0757    35.0756    -0.0000    27.4782    27.4775    338.543    339.215      0.590    1484.38    1484.40  0.000e+00
      25401    342.500     6.9870     6.9887     0.0017    3.54964    3.54980          1     5.6679     5.6820      11.83     0.0763     0.2501  1.000e-12  0.6713000    35.0752    35.0752     0.0000    27.4799    27.4797    339.037    339.711      0.690    1484.33    1484.34  0.000e+00
      25418    343.000     6.9802     6.9798    -0.0003    3.54899    3.54894          1     5.6623     5.6799      11.42     0.0580     0.2456  1.000e-12  0.6567000    35.0748    35.0746    -0.0002    27.4805    27.4804    339.532    340.207      0.763    1484.31    1484.31  0.000e+00
      25433    343.500     6.9777     6.9779     0.0002    3.54876    3.54879          1     5.6618     5.6821      10.93     0.0667     0.2466  1.000e-12  0.6702000    35.0745    35.0746     0.0001    27.4807    27.4807    340.026    340.702      0.801    1484.31    1484.31  0.000e+00
      25447    344.000     6.9771     6.9782     0.0010    3.54872    3.54882          1     5.6627     5.6820      10.42     0.0732     0.2392  1.000e-12  0.6772000    35.0744    35.0745     0.0001    27.4807    27.4806    340.521    341.198      0.785    1484.32    1484.32  0.000e+00
      25463    344.500     6.9770     6.9772     0.0002    3.54874    3.54876          1     5.6665     5.6789       9.90     0.0664     0.2309  1.000e-12  0.7143000    35.0744    35.0744    -0.0000    27.4807    27.4807    341.015    341.693      0.693    1484.32    1484.32  0.000e+00
      25483    345.000     6.9775     6.9778     0.0003    3.54882    3.54884          1     5.6707     5.6749       9.29     0.0583     0.2317  1.000e-12  0.6727000    35.0746    35.0745    -0.0001    27.4808    27.4806    341.510    342.189      0.514    1484.33    1484.33  0.000e+00
      25514    345.500     6.9766     6.9776     0.0010    3.54875    3.54885          1     5.6650     5.6755       8.66     0.0821     0.2439  1.000e-12  0.7010000    35.0745    35.0746     0.0000    27.4808    27.4807    342.004    342.685      0.366    1484.34    1484.34  0.000e+00
      25544    346.000     6.9738     6.9745     0.0007    3.54852    3.54858          1     5.6582     5.6650       8.15     0.0448     0.2579  1.000e-12  0.6653000    35.0745    35.0745    -0.0000    27.4812    27.4811    342.499    343.180      0.498    1484.33    1484.34  0.000e+00
      25565    346.500     6.9721     6.9725     0.0003    3.54838    3.54841          1     5.6548     5.6599       7.72     0.0692     0.1920  1.000e-12  0.6852000    35.0745    35.0744    -0.0001    27.4814    27.4813    342.993    343.676      0.626    1484.34    1484.34  0.000e+00
      25583    347.000     6.9696     6.9698     0.0002    3.54816    3.54817          1     5.6507     5.6607       7.31     0.0676     0.2015  1.000e-12  0.7093000    35.0744    35.0743    -0.0000    27.4817    27.4816    343.488    344.172      0.650    1484.34    1484.34  0.000e+00
      25602    347.500     6.9654     6.9658     0.0004    3.54779    3.54783          1     5.6486     5.6623       6.80     0.0677     0.2153  1.000e-12  0.6977000    35.0743    35.0743     0.0000    27.4822    27.4822    343.982    344.667      0.546    1484.33    1484.33  0.000e+00
      25631    348.000     6.9625     6.9629     0.0004    3.54753    3.54756          1     5.6499     5.6658       6.14     0.0683     0.2034  1.000e-12  0.6771000    35.0741    35.0741    -0.0001    27.4825    27.4824    344.477    345.163      0.359    1484.33    1484.33  0.000e+00
      25666    348.500     6.9584     6.9593     0.0009    3.54717    3.54725          1     5.6537     5.6644       5.59     0.0612     0.1438  1.000e-12  0.6665000    35.0742    35.0741    -0.0001    27.4831    27.4829    344.971    345.659      0.431    1484.31    1484.32  0.000e+00
      25688    349.000     6.9559     6.9566     0.0007    3.54695    3.54701          1     5.6496     5.6528       5.18     0.0656     0.1752  1.000e-12  0.6886000    35.0741    35.0740    -0.0001    27.4834    27.4832    345.466    346.154      0.599    1484.31    1484.32  0.000e+00
      25707    349.500     6.9438     6.9443     0.0004    3.54583    3.54586          1     5.6481     5.6473       4.77     0.0717     0.1885  1.000e-12  0.7026000    35.0736    35.0735    -0.0001    27.4847    27.4845    345.960    346.650      0.685    1484.28    1484.28  0.000e+00
      25723    350.000     6.9347     6.9355     0.0008    3.54496    3.54504          1     5.6429     5.6451       4.34     0.0778     0.1779  1.000e-12  0.7091000    35.0732    35.0732     0.0001    27.4856    27.4855    346.455    347.146      0.703    1484.25    1484.25  0.000e+00
      25741    350.500     6.9312     6.9316     0.0004    3.54464    3.54468          1     5.6428     5.6441       3.89     0.0702     0.1778  1.000e-12  0.7136000    35.0730    35.0730     0.0000    27.4860    27.4859    346.950    347.641      0.628    1484.24    1484.24  0.000e+00
      25770    351.000     6.9312     6.9323     0.0011    3.54469    3.54478          1     5.6485     5.6479       3.32     0.0613     0.1805  1.000e-12  0.7253000    35.0732    35.0730    -0.0002    27.4861    27.4858    347.444    348.137      0.370    1484.25    1484.26  0.000e+00
      25858    351.500     6.9430     6.9464     0.0034    3.54584    3.54610          1     5.6490     5.6471       2.66     0.0611     0.2435  1.000e-12  0.6404000    35.0737    35.0731    -0.0006    27.4848    27.4839    347.939    348.633      0.410    1484.31    1484.32  0.000e+00
      25875    352.000     6.9276     6.9284     0.0008    3.54439    3.54446          1     5.6455     5.6460       2.35     0.0801     0.2690  1.000e-12  0.6753000    35.0731    35.0730    -0.0001    27.4865    27.4864    348.433    349.128      0.648    1484.25    1484.26  0.000e+00
      25892    352.500     6.9251     6.9256     0.0005    3.54416    3.54420          1     5.6410     5.6414       2.03     0.0705     0.2680  1.000e-12  0.7033000    35.0728    35.0728    -0.0000    27.4867    27.4866    348.928    349.624      0.655    1484.25    1484.25  0.000e+00
      25913    353.000     6.9244     6.9250     0.0006    3.54410    3.54416          1     5.6374     5.6378       1.57     0.0758     0.2562  1.000e-12  0.7323000    35.0727    35.0727     0.0000    27.4866    27.4866    349.422    350.119      0.440    1484.26    1484.26  0.000e+00
      25956    353.500     6.9263     6.9274     0.0009    3.54432    3.54443          1     5.6367     5.6464       4.79     0.0845     0.2103  1.000e-12  0.8425000    35.0729    35.0730     0.0001    27.4865    27.4864    349.916    350.615     -0.400    1484.27    1484.27  0.000e+00
