ctdpy/exports/archive_20191120_135557/received_data/SBE09_0827_20181126_0605_26_01_1248.cnv
* Sea-Bird SBE 9 Data File:
* FileName = D:\CTD_SBE911\DAT\26DA.2018.12.48.hex
* Software Version Seasave V 7.21d
* Temperature SN = 4548
* Conductivity SN = 3062
* Number of Bytes Per Scan = 48
* Number of Voltage Words = 5
* Number of Scans Averaged by the Deck Unit = 1
* NMEA Latitude = 57 00.07 N
* NMEA Longitude = 017 09.13 E
* NMEA UTC (Time) = Nov 26 2018  06:06:11
* NMEA baud rate = 4800
** Ship: DANA
** Average sound velocity: 1443.55 m/s
** True-depth calculation Tue, 02 Apr 2019 12:15:14 +0000
** CTD Python Module SMHI /ver 3-12/ feb 2012 
** LIMS Job: 20182601-1248
** Operator: Ronny
** Cruise: 12/2018
# nquan = 26
# nvalues = 113                         
# units = specified
# name 0 = scan: Scan Count
# name 1 = prDM: Pressure, Digiquartz [db]
# name 2 = t090C: Temperature [ITS-90, deg C]
# name 3 = t190C: Temperature, 2 [ITS-90, deg C]
# name 4 = T2-T190C: Temperature Difference, 2 - 1 [ITS-90, deg C]
# name 5 = c0S/m: Conductivity [S/m]
# name 6 = c1S/m: Conductivity, 2 [S/m]
# name 7 = pumps: Pump Status
# name 8 = sbeox1ML/L: Oxygen, SBE 43, 2 [ml/l]
# name 9 = sbeox0ML/L: Oxygen, SBE 43 [ml/l]
# name 10 = altM: Altimeter [m]
# name 11 = chloroflTC0: Chlorophyll, Turner Cyclops [ug/l]
# name 12 = cpar: CPAR/Corrected Irradiance [%]
# name 13 = par: PAR/Irradiance, Biospherical/Lico [µE/(cm^2*s)]
# name 14 = spar: SPAR, Biospherical/Licor
# name 15 = sal00: Salinity, Practical [PSU]
# name 16 = sal11: Salinity, Practical, 2 [PSU]
# name 17 = secS-priS: Salinity, Practical, Difference, 2 - 1 [PSU]
# name 18 = sigma-t00: Density [sigma-t, kg/m^3 ]
# name 19 = sigma-t11: Density, 2 [sigma-t, kg/m^3 ]
# name 20 = depSM: Depth [salt water, m], lat = 57.0012
# name 21 = depFM: Depth [true depth, m], lat = 57.0012
# name 22 = dz/dtM: Descent Rate [m/s], WS = 2
# name 23 = svCM: Sound Velocity [Chen-Millero, m/s]
# name 24 = svCM1: Sound Velocity, 2 [Chen-Millero, m/s]
# name 25 = flag: flag
# span 0 =        358,       6089       
# span 1 =      1.500,     57.500       
# span 2 =     4.8876,     7.1749       
# span 3 =     4.8771,     7.1770       
# span 4 =    -0.0957,     0.0307       
# span 5 =   0.804730,   0.822684       
# span 6 =   0.804714,   0.822684       
# span 7 =          1,          1       
# span 8 =     5.4296,     7.6902       
# span 9 =     5.6284,     7.9229       
# span 10 =       0.79,       9.96      
# span 11 =     0.0158,     0.0275      
# span 12 = 4.9241e-11, 4.9241e-11      
# span 13 = 1.0000e-12, 1.0000e-12      
# span 14 = 2.0308e+00, 2.0308e+00      
# span 15 =     7.0217,     7.5725      
# span 16 =     7.0215,     7.5749      
# span 17 =    -0.0030,     0.0173      
# span 18 =     5.4529,     5.9916      
# span 19 =     5.4528,     5.9940      
# span 20 =      1.486,     56.964      
# span 21 =      1.520,     58.244      
# span 22 =     -0.129,      0.484      
# span 23 =    1436.33,    1445.09      
# span 24 =    1436.29,    1445.09      
# span 25 = 0.0000e+00, 0.0000e+00      
# interval = decibars: 0.5              
# start_time = Nov 26 2018 06:06:12 [NMEA time, first data scan]
# bad_flag = -9.990e-29
*END*
        358      1.500     6.8818     6.8819     0.0001    0.80473    0.80471          1     7.6627     7.9062       9.95     0.0275  4.924e-11  1.000e-12  2.031e+00     7.0218     7.0216    -0.0002     5.4538     5.4537      1.486      1.520      0.317    1443.33    1443.33  0.000e+00
        382      2.000     6.8831     6.8833     0.0002    0.80476    0.80475          1     7.6654     7.9093       9.96     0.0250  4.924e-11  1.000e-12  2.031e+00     7.0218     7.0215    -0.0002     5.4537     5.4536      1.982      2.026      0.484    1443.34    1443.34  0.000e+00
        413      2.500     6.8841     6.8847     0.0006    0.80479    0.80479          1     7.6648     7.9041       9.95     0.0256  4.924e-11  1.000e-12  2.031e+00     7.0218     7.0216    -0.0002     5.4537     5.4535      2.477      2.533      0.313    1443.36    1443.36  0.000e+00
        459      3.000     6.8897     6.8943     0.0046    0.80494    0.80502          1     7.6677     7.9004       9.96     0.0255  4.924e-11  1.000e-12  2.031e+00     7.0219     7.0218    -0.0001     5.4534     5.4531      2.972      3.039      0.286    1443.39    1443.41  0.000e+00
        497      3.500     6.8878     6.8884     0.0005    0.80489    0.80490          1     7.6639     7.9038       9.96     0.0246  4.924e-11  1.000e-12  2.031e+00     7.0218     7.0217    -0.0001     5.4535     5.4534      3.468      3.546      0.281    1443.39    1443.39  0.000e+00
        552      4.000     6.8873     6.8887     0.0014    0.80490    0.80491          1     7.6680     7.9046       9.95     0.0255  4.924e-11  1.000e-12  2.031e+00     7.0219     7.0218    -0.0002     5.4536     5.4534      3.963      4.052      0.226    1443.39    1443.40  0.000e+00
        602      4.500     6.8940     6.8935    -0.0005    0.80508    0.80505          1     7.6673     7.8967       9.95     0.0254  4.924e-11  1.000e-12  2.031e+00     7.0222     7.0220    -0.0002     5.4534     5.4533      4.459      4.559      0.246    1443.43    1443.43  0.000e+00
        653      5.000     6.8933     6.8873    -0.0060    0.80506    0.80489          1     7.6516     7.8976       9.95     0.0246  4.924e-11  1.000e-12  2.031e+00     7.0221     7.0218    -0.0003     5.4534     5.4535      4.954      5.065      0.227    1443.44    1443.41  0.000e+00
        701      5.500     6.8938     6.8924    -0.0014    0.80508    0.80502          1     7.6559     7.9006       9.96     0.0244  4.924e-11  1.000e-12  2.031e+00     7.0221     7.0219    -0.0003     5.4534     5.4532      5.449      5.572      0.289    1443.45    1443.44  0.000e+00
        743      6.000     6.8942     6.8947     0.0005    0.80509    0.80509          1     7.6493     7.9055       9.96     0.0245  4.924e-11  1.000e-12  2.031e+00     7.0221     7.0219    -0.0002     5.4533     5.4531      5.945      6.078      0.255    1443.46    1443.46  0.000e+00
        792      6.500     6.8953     6.8959     0.0006    0.80512    0.80512          1     7.6594     7.9063       9.96     0.0252  4.924e-11  1.000e-12  2.031e+00     7.0221     7.0220    -0.0001     5.4532     5.4531      6.440      6.585      0.254    1443.47    1443.47  0.000e+00
        840      7.000     6.8960     6.8963     0.0003    0.80514    0.80513          1     7.6617     7.9054       9.96     0.0257  4.924e-11  1.000e-12  2.031e+00     7.0221     7.0220    -0.0002     5.4532     5.4530      6.936      7.091      0.243    1443.48    1443.48  0.000e+00
        891      7.500     6.8961     6.8966     0.0004    0.80514    0.80514          1     7.6624     7.9046       9.96     0.0258  4.924e-11  1.000e-12  2.031e+00     7.0220     7.0219    -0.0001     5.4531     5.4530      7.431      7.598      0.229    1443.49    1443.49  0.000e+00
        943      8.000     6.8950     6.8952     0.0002    0.80512    0.80511          1     7.6634     7.9014       9.96     0.0256  4.924e-11  1.000e-12  2.031e+00     7.0220     7.0218    -0.0001     5.4532     5.4530      7.926      8.104      0.248    1443.49    1443.49  0.000e+00
        989      8.500     6.8942     6.8948     0.0006    0.80511    0.80511          1     7.6692     7.8974       9.96     0.0256  4.924e-11  1.000e-12  2.031e+00     7.0220     7.0219    -0.0001     5.4532     5.4531      8.422      8.611      0.254    1443.49    1443.50  0.000e+00
       1038      9.000     6.8943     6.8942    -0.0001    0.80512    0.80510          1     7.6510     7.9050       9.96     0.0253  4.924e-11  1.000e-12  2.031e+00     7.0220     7.0218    -0.0002     5.4532     5.4531      8.917      9.117      0.246    1443.50    1443.50  0.000e+00
       1084      9.500     6.8944     6.8946     0.0002    0.80512    0.80511          1     7.6598     7.9062       9.95     0.0252  4.924e-11  1.000e-12  2.031e+00     7.0220     7.0218    -0.0002     5.4532     5.4530      9.413      9.624      0.269    1443.51    1443.51  0.000e+00
       1134     10.000     6.8946     6.8944    -0.0002    0.80513    0.80511          1     7.6657     7.9052       9.96     0.0251  4.924e-11  1.000e-12  2.031e+00     7.0219     7.0218    -0.0001     5.4531     5.4531      9.908     10.130      0.219    1443.52    1443.52  0.000e+00
       1187     10.500     6.8963     6.8957    -0.0006    0.80520    0.80516          1     7.6713     7.9026       9.96     0.0256  4.924e-11  1.000e-12  2.031e+00     7.0221     7.0219    -0.0003     5.4532     5.4530     10.403     10.637      0.246    1443.53    1443.53  0.000e+00
       1235     11.000     6.8962     6.8963     0.0001    0.80519    0.80518          1     7.6530     7.8985       9.96     0.0256  4.924e-11  1.000e-12  2.031e+00     7.0221     7.0219    -0.0002     5.4532     5.4530     10.899     11.143      0.241    1443.54    1443.54  0.000e+00
       1285     11.500     6.8971     6.8978     0.0008    0.80522    0.80523          1     7.6486     7.9018       9.96     0.0256  4.924e-11  1.000e-12  2.031e+00     7.0221     7.0220    -0.0001     5.4531     5.4530     11.394     11.650      0.245    1443.56    1443.56  0.000e+00
       1331     12.000     6.8974     6.8977     0.0004    0.80522    0.80522          1     7.6581     7.9038       9.96     0.0256  4.924e-11  1.000e-12  2.031e+00     7.0219     7.0218    -0.0001     5.4530     5.4529     11.889     12.156      0.277    1443.56    1443.56  0.000e+00
       1376     12.500     6.8975     6.8985     0.0010    0.80522    0.80524          1     7.6573     7.9026       9.96     0.0256  4.924e-11  1.000e-12  2.031e+00     7.0219     7.0219    -0.0000     5.4529     5.4529     12.385     12.663      0.255    1443.57    1443.58  0.000e+00
       1424     13.000     6.8990     6.8992     0.0002    0.80529    0.80527          1     7.6544     7.9010       9.96     0.0257  4.924e-11  1.000e-12  2.031e+00     7.0222     7.0220    -0.0002     5.4530     5.4529     12.880     13.169      0.247    1443.59    1443.59  0.000e+00
       1473     13.500     6.8970     6.8972     0.0002    0.80522    0.80522          1     7.6513     7.9029       9.96     0.0257  4.924e-11  1.000e-12  2.031e+00     7.0219     7.0218    -0.0001     5.4529     5.4529     13.376     13.676      0.239    1443.59    1443.59  0.000e+00
       1522     14.000     6.8963     6.8970     0.0007    0.80522    0.80522          1     7.6558     7.8964       9.96     0.0256  4.924e-11  1.000e-12  2.031e+00     7.0220     7.0218    -0.0001     5.4530     5.4529     13.871     14.182      0.253    1443.59    1443.59  0.000e+00
       1569     14.500     6.8965     6.8971     0.0006    0.80523    0.80523          1     7.6621     7.9022       9.96     0.0257  4.924e-11  1.000e-12  2.031e+00     7.0220     7.0218    -0.0001     5.4530     5.4529     14.366     14.689      0.259    1443.60    1443.60  0.000e+00
       1614     15.000     6.8967     6.8971     0.0004    0.80524    0.80523          1     7.6644     7.9090       9.96     0.0256  4.924e-11  1.000e-12  2.031e+00     7.0219     7.0218    -0.0002     5.4530     5.4528     14.862     15.195      0.281    1443.61    1443.61  0.000e+00
       1657     15.500     6.8971     6.8979     0.0008    0.80525    0.80526          1     7.6625     7.9073       9.96     0.0256  4.924e-11  1.000e-12  2.031e+00     7.0219     7.0218    -0.0001     5.4530     5.4529     15.357     15.702      0.264    1443.62    1443.62  0.000e+00
       1704     16.000     6.8979     6.8985     0.0006    0.80529    0.80528          1     7.6584     7.9045       9.96     0.0258  4.924e-11  1.000e-12  2.031e+00     7.0220     7.0218    -0.0002     5.4530     5.4528     15.852     16.208      0.251    1443.63    1443.63  0.000e+00
       1752     16.500     6.8981     6.8976    -0.0005    0.80529    0.80526          1     7.6677     7.8982       9.96     0.0265  4.924e-11  1.000e-12  2.031e+00     7.0219     7.0217    -0.0002     5.4529     5.4528     16.348     16.715      0.252    1443.64    1443.64  0.000e+00
       1801     17.000     6.8956     6.8959     0.0003    0.80523    0.80522          1     7.6654     7.9044       9.96     0.0256  4.924e-11  1.000e-12  2.031e+00     7.0218     7.0216    -0.0001     5.4529     5.4528     16.843     17.221      0.243    1443.64    1443.64  0.000e+00
       1847     17.500     6.8953     6.8957     0.0004    0.80523    0.80522          1     7.6550     7.8965       9.96     0.0257  4.924e-11  1.000e-12  2.031e+00     7.0218     7.0217    -0.0001     5.4530     5.4529     17.339     17.728      0.269    1443.64    1443.64  0.000e+00
       1892     18.000     6.8950     6.8953     0.0003    0.80523    0.80522          1     7.6689     7.8993       9.96     0.0261  4.924e-11  1.000e-12  2.031e+00     7.0218     7.0216    -0.0002     5.4530     5.4529     17.834     18.234      0.268    1443.65    1443.65  0.000e+00
       1937     18.500     6.8947     6.8949     0.0002    0.80523    0.80521          1     7.6561     7.8968       9.96     0.0256  4.924e-11  1.000e-12  2.031e+00     7.0218     7.0216    -0.0002     5.4530     5.4529     18.329     18.741      0.269    1443.66    1443.66  0.000e+00
       1982     19.000     6.8945     6.8948     0.0003    0.80522    0.80522          1     7.6646     7.9030       9.96     0.0256  4.924e-11  1.000e-12  2.031e+00     7.0217     7.0216    -0.0001     5.4530     5.4529     18.825     19.247      0.261    1443.66    1443.66  0.000e+00
       2029     19.500     6.8942     6.8947     0.0005    0.80523    0.80522          1     7.6654     7.8985       9.96     0.0260  4.924e-11  1.000e-12  2.031e+00     7.0218     7.0216    -0.0001     5.4530     5.4529     19.320     19.754      0.254    1443.67    1443.67  0.000e+00
       2075     20.000     6.8953     6.8961     0.0008    0.80528    0.80529          1     7.6628     7.8989       9.96     0.0257  4.924e-11  1.000e-12  2.031e+00     7.0220     7.0220    -0.0000     5.4531     5.4531     19.815     20.260      0.261    1443.68    1443.69  0.000e+00
       2122     20.500     6.8953     6.8958     0.0005    0.80531    0.80531          1     7.6523     7.9055       9.96     0.0256  4.924e-11  1.000e-12  2.031e+00     7.0222     7.0221    -0.0001     5.4533     5.4532     20.311     20.767      0.248    1443.69    1443.69  0.000e+00
       2170     21.000     6.8949     6.8951     0.0002    0.80530    0.80529          1     7.6640     7.9035       9.96     0.0255  4.924e-11  1.000e-12  2.031e+00     7.0222     7.0220    -0.0002     5.4533     5.4532     20.806     21.273      0.271    1443.70    1443.70  0.000e+00
       2213     21.500     6.8947     6.8952     0.0006    0.80530    0.80529          1     7.6512     7.9023       9.96     0.0260  4.924e-11  1.000e-12  2.031e+00     7.0221     7.0219    -0.0002     5.4533     5.4531     21.301     21.780      0.264    1443.71    1443.71  0.000e+00
       2260     22.000     6.8944     6.8947     0.0003    0.80530    0.80529          1     7.6566     7.8996       9.96     0.0256  4.924e-11  1.000e-12  2.031e+00     7.0221     7.0220    -0.0001     5.4533     5.4532     21.797     22.286      0.263    1443.71    1443.71  0.000e+00
       2304     22.500     6.8922     6.8919    -0.0003    0.80525    0.80521          1     7.6684     7.8980       9.96     0.0263  4.924e-11  1.000e-12  2.031e+00     7.0220     7.0218    -0.0003     5.4534     5.4532     22.292     22.793      0.267    1443.71    1443.71  0.000e+00
       2352     23.000     6.8910     6.8918     0.0008    0.80522    0.80524          1     7.6638     7.9044       9.96     0.0257  4.924e-11  1.000e-12  2.031e+00     7.0220     7.0220    -0.0000     5.4534     5.4533     22.787     23.299      0.250    1443.71    1443.72  0.000e+00
       2398     23.500     6.8903     6.8897    -0.0006    0.80520    0.80517          1     7.6480     7.8957       9.96     0.0257  4.924e-11  1.000e-12  2.031e+00     7.0219     7.0217    -0.0002     5.4534     5.4533     23.283     23.806      0.255    1443.72    1443.71  0.000e+00
       2446     24.000     6.8896     6.8901     0.0005    0.80519    0.80519          1     7.6514     7.9028       9.96     0.0256  4.924e-11  1.000e-12  2.031e+00     7.0219     7.0217    -0.0001     5.4534     5.4533     23.778     24.312      0.256    1443.72    1443.72  0.000e+00
       2490     24.500     6.8896     6.8897     0.0002    0.80521    0.80518          1     7.6308     7.8812       9.96     0.0257  4.924e-11  1.000e-12  2.031e+00     7.0220     7.0217    -0.0003     5.4535     5.4533     24.274     24.819      0.275    1443.73    1443.73  0.000e+00
       2537     25.000     6.9209     6.9476     0.0267    0.80694    0.80806          1     7.6365     7.8838       9.96     0.0258  4.924e-11  1.000e-12  2.031e+00     7.0317     7.0368     0.0050     5.4591     5.4613     24.769     25.325      0.247    1443.88    1444.00  0.000e+00
       2582     25.500     7.0038     7.0080     0.0042    0.81097    0.81109          1     7.6033     7.8409       9.96     0.0245  4.924e-11  1.000e-12  2.031e+00     7.0525     7.0527     0.0003     5.4699     5.4698     25.264     25.832      0.282    1444.26    1444.28  0.000e+00
       2627     26.000     7.0346     7.0453     0.0107    0.81245    0.81290          1     7.5731     7.8161       9.96     0.0240  4.924e-11  1.000e-12  2.031e+00     7.0599     7.0619     0.0020     5.4737     5.4746     25.760     26.338      0.252    1444.41    1444.46  0.000e+00
       2675     26.500     7.0154     7.0051    -0.0104    0.81143    0.81088          1     7.5841     7.8140       9.96     0.0230  4.924e-11  1.000e-12  2.031e+00     7.0542     7.0512    -0.0030     5.4705     5.4689     26.255     26.845      0.253    1444.33    1444.28  0.000e+00
       2722     27.000     7.0089     7.0008    -0.0081    0.81106    0.81063          1     7.5799     7.8175       9.96     0.0240  4.924e-11  1.000e-12  2.031e+00     7.0520     7.0496    -0.0024     5.4692     5.4679     26.750     27.351      0.256    1444.31    1444.27  0.000e+00
       2769     27.500     7.0881     7.1171     0.0289    0.81510    0.81626          1     7.5305     7.7942       9.96     0.0235  4.924e-11  1.000e-12  2.031e+00     7.0734     7.0783     0.0049     5.4807     5.4825     27.246     27.858      0.260    1444.68    1444.80  0.000e+00
       2815     28.000     7.1698     7.1760     0.0062    0.81893    0.81907          1     7.4860     7.7235       9.96     0.0215  4.924e-11  1.000e-12  2.031e+00     7.0924     7.0924     0.0000     5.4900     5.4896     27.741     28.364      0.260    1445.05    1445.07  0.000e+00
       2861     28.500     7.1747     7.1770     0.0023    0.81910    0.81912          1     7.5062     7.7263       9.96     0.0208  4.924e-11  1.000e-12  2.031e+00     7.0929     7.0926    -0.0003     5.4901     5.4897     28.236     28.871      0.261    1445.08    1445.09  0.000e+00
