ctdpy/exports/archive_20191120_135557/received_data/SBE09_0827_20180303_0551_26_01_0349.cnv
* Sea-Bird SBE 9 Data File:
* FileName = D:\CTD_SBE911\DAT\26DA.2018.3.49.hex
* Software Version Seasave V 7.21d
* Temperature SN = 034757
* Conductivity SN = 041844
* Number of Bytes Per Scan = 48
* Number of Voltage Words = 5
* Number of Scans Averaged by the Deck Unit = 1
* NMEA Latitude = 56 41.90 N
* NMEA Longitude = 017 01.22 E
* NMEA UTC (Time) = Mar 03 2018  05:51:40
* NMEA baud rate = 4800
** Ship: DANA
** Average sound velocity: 1426.20 m/s
** True-depth calculation Tue, 02 Apr 2019 12:09:42 +0000
** CTD Python Module SMHI /ver 3-12/ feb 2012 
** LIMS Job: 20182601-0349
** Operator:
** Cruise: 02/2018
# nquan = 26
# nvalues = 130                         
# units = specified
# name 0 = scan: Scan Count
# name 1 = prDM: Pressure, Digiquartz [db]
# name 2 = t090C: Temperature [ITS-90, deg C]
# name 3 = t190C: Temperature, 2 [ITS-90, deg C]
# name 4 = T2-T190C: Temperature Difference, 2 - 1 [ITS-90, deg C]
# name 5 = c0S/m: Conductivity [S/m]
# name 6 = c1S/m: Conductivity, 2 [S/m]
# name 7 = pumps: Pump Status
# name 8 = sbeox1ML/L: Oxygen, SBE 43, 2 [ml/l]
# name 9 = sbeox0ML/L: Oxygen, SBE 43 [ml/l]
# name 10 = altM: Altimeter [m]
# name 11 = chloroflTC0: Chlorophyll, Turner Cyclops [ug/l]
# name 12 = cpar: CPAR/Corrected Irradiance [%]
# name 13 = par: PAR/Irradiance, Biospherical/Lico [µE/(cm^2*s)]
# name 14 = spar: SPAR, Biospherical/Licor
# name 15 = sal00: Salinity, Practical [PSU]
# name 16 = sal11: Salinity, Practical, 2 [PSU]
# name 17 = secS-priS: Salinity, Practical, Difference, 2 - 1 [PSU]
# name 18 = sigma-t00: Density [sigma-t, kg/m^3 ]
# name 19 = sigma-t11: Density, 2 [sigma-t, kg/m^3 ]
# name 20 = depSM: Depth [salt water, m], lat = 56.6983
# name 21 = depFM: Depth [true depth, m], lat = 56.6983
# name 22 = dz/dtM: Descent Rate [m/s], WS = 2
# name 23 = svCM: Sound Velocity [Chen-Millero, m/s]
# name 24 = svCM1: Sound Velocity, 2 [Chen-Millero, m/s]
# name 25 = flag: flag
# span 0 =          0,       6817       
# span 1 =      1.000,     65.500       
# span 2 =     2.8014,     2.8219       
# span 3 =     2.7993,     2.8217       
# span 4 =    -0.0049,     0.0053       
# span 5 =   0.742416,   0.743526       
# span 6 =   0.741571,   0.742785       
# span 7 =          1,          1       
# span 8 =     8.6300,     8.6702       
# span 9 =     8.5236,     8.5557       
# span 10 =       0.83,       9.98      
# span 11 =     0.0116,     0.0149      
# span 12 = -1.441e-05, 7.4237e+00      
# span 13 = -1.756e-06, 9.0458e-01      
# span 14 = 1.2185e+01, 1.4228e+01      
# span 15 =     7.2817,     7.2828      
# span 16 =     7.2736,     7.2743      
# span 17 =    -0.0089,    -0.0075      
# span 18 =     5.8066,     5.8076      
# span 19 =     5.8002,     5.8007      
# span 20 =      0.991,     64.890      
# span 21 =      1.013,     66.329      
# span 22 =     -0.110,      0.594      
# span 23 =    1425.64,    1426.73      
# span 24 =    1425.63,    1426.71      
# span 25 = 0.0000e+00, 0.0000e+00      
# interval = decibars: 0.5              
# start_time = Mar 03 2018 05:51:40 [NMEA time, first data scan]
# bad_flag = -9.990e-29
*END*
[from data line 112]
       5498     57.000     2.8201     2.8198    -0.0004    0.74347    0.74273          1     8.6345     8.5451       9.76     0.0120  7.034e-12  1.000e-12  1.422e+01     7.2819     7.2742    -0.0077     5.8067     5.8006     56.470     57.721      0.251    1426.61    1426.60  0.000e+00
       5565     57.500     2.8210     2.8202    -0.0008    0.74349    0.74275          1     8.6407     8.5400       9.25     0.0123  7.034e-12  1.000e-12  1.422e+01     7.2819     7.2742    -0.0077     5.8067     5.8006     56.965     58.228      0.244    1426.62    1426.61  0.000e+00
       5605     58.000     2.8206     2.8200    -0.0006    0.74349    0.74275          1     8.6395     8.5463       8.73     0.0122  7.034e-12  1.000e-12  1.422e+01     7.2819     7.2742    -0.0077     5.8067     5.8006     57.461     58.734      0.291    1426.63    1426.61  0.000e+00
       5654     58.500     2.8209     2.8197    -0.0012    0.74351    0.74275          1     8.6456     8.5488       8.22     0.0123  7.034e-12  1.000e-12  1.422e+01     7.2819     7.2742    -0.0076     5.8067     5.8006     57.956     59.240      0.223    1426.64    1426.62  0.000e+00
       5704     59.000     2.8202     2.8173    -0.0029    0.74350    0.74271          1     8.6500     8.5418       7.69     0.0123  7.034e-12  1.000e-12  1.422e+01     7.2819     7.2742    -0.0076     5.8067     5.8006     58.451     59.747      0.254    1426.64    1426.62  0.000e+00
       5752     59.500     2.8186     2.8176    -0.0010    0.74347    0.74272          1     8.6353     8.5553       7.17     0.0136  7.034e-12  1.000e-12  1.422e+01     7.2819     7.2742    -0.0076     5.8067     5.8006     58.947     60.253      0.270    1426.64    1426.63  0.000e+00
       5790     60.000     2.8182     2.8170    -0.0012    0.74347    0.74272          1     8.6373     8.5438       6.64     0.0132  7.034e-12  1.000e-12  1.422e+01     7.2819     7.2743    -0.0076     5.8067     5.8007     59.442     60.759      0.337    1426.65    1426.63  0.000e+00
       5842     60.500     2.8190     2.8168    -0.0021    0.74348    0.74272          1     8.6414     8.5364       6.11     0.0122  7.034e-12  1.000e-12  1.422e+01     7.2818     7.2742    -0.0076     5.8067     5.8006     59.937     61.266      0.231    1426.66    1426.64  0.000e+00
       5904     61.000     2.8172     2.8167    -0.0005    0.74346    0.74272          1     8.6427     8.5385       5.62     0.0122  7.034e-12  1.000e-12  1.422e+01     7.2819     7.2743    -0.0076     5.8067     5.8007     60.432     61.772      0.368    1426.66    1426.65  0.000e+00
       5932     61.500     2.8171     2.8165    -0.0006    0.74346    0.74273          1     8.6322     8.5455       5.09     0.0122  7.034e-12  1.000e-12  1.422e+01     7.2819     7.2743    -0.0076     5.8067     5.8007     60.928     62.278      0.400    1426.67    1426.65  0.000e+00
       5975     62.000     2.8177     2.8167    -0.0010    0.74348    0.74274          1     8.6418     8.5307       4.55     0.0122  7.034e-12  1.000e-12  1.422e+01     7.2819     7.2742    -0.0076     5.8067     5.8007     61.423     62.785      0.217    1426.67    1426.66  0.000e+00
       6043     62.500     2.8181     2.8182     0.0001    0.74350    0.74277          1     8.6315     8.5317       4.03     0.0122  7.034e-12  1.000e-12  1.422e+01     7.2819     7.2742    -0.0077     5.8067     5.8006     61.918     63.291      0.245    1426.68    1426.68  0.000e+00
       6086     63.000     2.8183     2.8161    -0.0021    0.74351    0.74274          1     8.6402     8.5302       3.51     0.0122  7.034e-12  1.000e-12  1.422e+01     7.2819     7.2743    -0.0075     5.8067     5.8007     62.413     63.797      0.308    1426.69    1426.67  0.000e+00
       6122     63.500     2.8188     2.8166    -0.0022    0.74353    0.74275          1     8.6384     8.5348       2.98     0.0127  7.034e-12  1.000e-12  1.422e+01     7.2819     7.2742    -0.0076     5.8067     5.8006     62.909     64.304      0.321    1426.70    1426.69  0.000e+00
       6164     64.000     2.8182     2.8161    -0.0021    0.74352    0.74276          1     8.6320     8.5389       2.44     0.0122  7.034e-12  1.000e-12  1.422e+01     7.2818     7.2743    -0.0075     5.8067     5.8007     63.404     64.810      0.216    1426.71    1426.69  0.000e+00
       6297     64.500     2.8176     2.8173    -0.0003    0.74351    0.74279          1     8.6354     8.5377       1.93     0.0126  7.034e-12  1.000e-12  1.422e+01     7.2818     7.2743    -0.0075     5.8067     5.8007     63.899     65.316      0.201    1426.71    1426.70  0.000e+00
       6512     65.000     2.8178     2.8166    -0.0012    0.74352    0.74277          1     8.6339     8.5325       1.40     0.0121  7.034e-12  1.000e-12  1.422e+01     7.2818     7.2743    -0.0076     5.8067     5.8007     64.395     65.823      0.190    1426.72    1426.71  0.000e+00
       6817     65.500     2.8168     2.8162    -0.0006    0.74350    0.74277          1     8.6376     8.5351       0.83     0.0124  7.034e-12  1.000e-12  1.422e+01     7.2817     7.2743    -0.0075     5.8066     5.8007     64.890     66.329     -0.098    1426.73    1426.71  0.000e+00
