ctdpy/exports/archive_20191120_135557/received_data/SBE09_1044_20180319_0721_34_02_0068.cnv
* Sea-Bird SBE 9 Data File:
* FileName = C:\ctd\temp\2018\ME18D068.hex
* Software Version Seasave V 7.26.6.26
* Temperature SN = 5351
* Conductivity SN = 3941
* Number of Bytes Per Scan = 41
* Number of Voltage Words = 4
* Number of Scans Averaged by the Deck Unit = 1
* NMEA Latitude = 56 56.39 N
* NMEA Longitude = 012 12.73 E
* NMEA UTC (Time) = Mar 19 2018  07:21:51
* NMEA baud rate = 4800
** Station:  N14 Falkenberg
** Operator:  SSip
** Ship: MERI
** Average sound velocity: 1453.25 m/s
** True-depth calculation Mon, 19 Mar 2018 08:19:59 +0000
** CTD Python Module SMHI /ver 3-12/ feb 2012 
** LIMS Job: 20183402-0068
** Cruise: SMHI-02-2018
** Latitude [GG MM.mm N] :
** Longitude [GG MM.mm E]:
# nquan = 26
# nvalues = 61                          
# units = specified
# name 0 = scan: Scan Count
# name 1 = prDM: Pressure, Digiquartz [db]
# name 2 = t090C: Temperature [ITS-90, deg C]
# name 3 = t190C: Temperature, 2 [ITS-90, deg C]
# name 4 = T2-T190C: Temperature Difference, 2 - 1 [ITS-90, deg C]
# name 5 = c0S/m: Conductivity [S/m]
# name 6 = c1S/m: Conductivity, 2 [S/m]
# name 7 = pumps: Pump Status
# name 8 = sbeox0ML/L: Oxygen, SBE 43 [ml/l]
# name 9 = sbeox1ML/L: Oxygen, SBE 43, 2 [ml/l]
# name 10 = altM: Altimeter [m]
# name 11 = flECO-AFL: Chl-a Fluorescence, WET Labs ECO-AFL/FL [mg/m^3]
# name 12 = flECO-AFL1: Phycocyanin Fluorescence, WET Labs ECO-AFL/FL, 2 [mg/m^3]
# name 13 = par: PAR/Irradiance, Biospherical/Lico [µE/(cm^2*s)]
# name 14 = turbWETntu0: Turbidity, WET Labs ECO [NTU]
# name 15 = sal00: Salinity, Practical [PSU]
# name 16 = sal11: Salinity, Practical, 2 [PSU]
# name 17 = secS-priS: Salinity, Practical, Difference, 2 - 1 [PSU]
# name 18 = sigma-t00: Density [sigma-t, Kg/m^3 ]
# name 19 = sigma-t11: Density, 2 [sigma-t, Kg/m^3 ]
# name 20 = depSM: Depth [salt water, m], lat = 56.9398
# name 21 = depFM: Depth [true depth, m], lat = 56.9398
# name 22 = dz/dtM: Descent Rate [m/s], WS = 2
# name 23 = svCM: Sound Velocity [Chen-Millero, m/s]
# name 24 = svCM1: Sound Velocity, 2 [Chen-Millero, m/s]
# name 25 = flag: flag
# span 0 =      14887,      16267       
# span 1 =      0.500,     30.500       
# span 2 =     0.2551,     5.4127       
# span 3 =     0.2550,     5.4127       
# span 4 =    -0.0297,     0.0051       
# span 5 =   1.531595,   3.292548       
# span 6 =   1.531485,   3.292530       
# span 7 =          1,          1       
# span 8 =    6.27587,    9.28637       
# span 9 =    6.29675,    9.30182       
# span 10 =       1.60,      68.95      
# span 11 =     0.5927,     7.5277      
# span 12 =     0.2345,     1.3603      
# span 13 = 9.5808e-02, 5.8367e+02      
# span 14 =     0.3746,     1.3140      
# span 15 =    17.2528,    33.9474      
# span 16 =    17.2516,    33.9472      
# span 17 =    -0.0909,     0.0482      
# span 18 =    13.8017,    26.7927      
# span 19 =    13.8007,    26.7925      
# span 20 =      0.495,     30.218      
# span 21 =      0.502,     30.412      
# span 22 =     -0.017,      0.571      
# span 23 =    1426.75,    1471.56      
# span 24 =    1426.73,    1471.55      
# span 25 = 0.0000e+00, 0.0000e+00      
# interval = decibars: 0.5              
# start_time = Mar 19 2018 07:21:52 [NMEA time, first data scan]
# bad_flag = -9.990e-29
*END*
      14887      0.500     0.2636     0.2569    -0.0066    1.53209    1.53156          1     9.2864     9.2993      30.95     0.9581     0.3136  5.837e+02  0.3979000    17.2548    17.2521    -0.0027    13.8033    13.8011      0.495      0.502      0.277    1426.77    1426.73  0.000e+00
      14907      1.000     0.2581     0.2579    -0.0002    1.53175    1.53166          1     9.2788     9.2986      30.86     0.9897     0.3798  5.488e+02  0.4449000    17.2535    17.2526    -0.0010    13.8023    13.8015      0.991      1.005      0.472    1426.75    1426.74  0.000e+00
      14936      1.500     0.2596     0.2592    -0.0004    1.53189    1.53175          1     9.2742     9.2945      30.45     0.9872     0.3819  1.396e+02  0.5060000    17.2542    17.2528    -0.0014    13.8028    13.8017      1.486      1.507      0.418    1426.76    1426.76  0.000e+00
      14960      2.000     0.2585     0.2556    -0.0029    1.53182    1.53151          1     9.2758     9.2932      29.97     1.0124     0.3150  1.045e+02  0.4934000    17.2539    17.2517    -0.0022    13.8025    13.8007      1.982      2.009      0.550    1426.77    1426.75  0.000e+00
      14982      2.500     0.2551     0.2550    -0.0002    1.53160    1.53148          1     9.2721     9.2946      29.47     1.1085     0.3273  7.835e+01  0.4807000    17.2528    17.2516    -0.0012    13.8017    13.8007      2.477      2.512      0.528    1426.75    1426.75  0.000e+00
      15004      3.000     0.2560     0.2575     0.0015    1.53166    1.53172          1     9.2693     9.2952      28.92     1.1638     0.3724  6.521e+01  0.5006000    17.2530    17.2528    -0.0002    13.8018    13.8017      2.972      3.014      0.568    1426.77    1426.77  0.000e+00
      15025      3.500     0.2568     0.2577     0.0009    1.53176    1.53175          1     9.2734     9.2971      28.41     1.1088     0.3769  5.454e+01  0.4912000    17.2535    17.2529    -0.0007    13.8023    13.8017      3.468      3.516      0.535    1426.78    1426.78  0.000e+00
      15050      4.000     0.2644     0.2670     0.0026    1.53238    1.53253          1     9.2787     9.2953      27.86     1.4369     0.4067  4.643e+01  0.5006000    17.2567    17.2571     0.0004    13.8048    13.8051      3.963      4.019      0.478    1426.83    1426.84  0.000e+00
      15074      4.500     0.2731     0.2737     0.0006    1.53306    1.53303          1     9.2761     9.2949      27.39     1.8770     0.4640  3.765e+01  0.5353000    17.2599    17.2593    -0.0006    13.8074    13.8069      4.459      4.521      0.538    1426.88    1426.88  0.000e+00
      15095      5.000     0.2730     0.2755     0.0025    1.53308    1.53323          1     9.2821     9.2903      26.90     2.0083     0.5405  3.242e+01  0.5234000    17.2600    17.2605     0.0005    13.8075    13.8078      4.954      5.023      0.559    1426.89    1426.90  0.000e+00
      15117      5.500     0.2855     0.2877     0.0021    1.53406    1.53412          1     9.2849     9.2866      26.42     2.2779     0.5814  2.771e+01  0.5301000    17.2648    17.2643    -0.0005    13.8113    13.8109      5.449      5.526      0.537    1426.96    1426.97  0.000e+00
      15140      6.000     0.2945     0.2892    -0.0054    1.53480    1.53430          1     9.2790     9.2985      25.84     2.5396     0.6306  2.238e+01  0.5475000    17.2686    17.2655    -0.0031    13.8144    13.8119      5.945      6.028      0.524    1427.02    1426.99  0.000e+00
      15163      6.500     0.3122     0.3013    -0.0109    1.53624    1.53529          1     9.2674     9.3018      25.29     2.6616     0.6563  1.966e+01  0.5575000    17.2760    17.2705    -0.0054    13.8203    13.8159      6.440      6.530      0.516    1427.12    1427.06  0.000e+00
      15186      7.000     0.3164     0.3175     0.0011    1.53655    1.53662          1     9.2539     9.2755      24.77     2.6347     0.6565  1.712e+01  0.5353000    17.2772    17.2775     0.0003    13.8213    13.8215      6.936      7.033      0.517    1427.15    1427.16  0.000e+00
      15209      7.500     0.3322     0.3372     0.0051    1.53788    1.53819          1     9.2265     9.2387      24.22     3.2485     0.6871  1.475e+01  0.5150000    17.2844    17.2854     0.0010    13.8271    13.8279      7.431      7.535      0.531    1427.24    1427.27  0.000e+00
      15232      8.000     0.3565     0.3596     0.0030    1.54017    1.54032          1     9.2365     9.2531      23.71     5.0323     0.6472  1.303e+01  0.5633000    17.2984    17.2986     0.0001    13.8384    13.8385      7.926      8.037      0.545    1427.39    1427.40  0.000e+00
      15254      8.500     0.4123     0.4147     0.0024    1.54767    1.54809          1     9.2684     9.2732      23.23     2.5754     0.5428  1.136e+01  0.5520000    17.3580    17.3617     0.0038    13.8861    13.8892      8.422      8.540      0.542    1427.74    1427.75  0.000e+00
      15276      9.000     0.5486     0.5538     0.0051    1.57116    1.57251          1     9.0705     9.0598      22.73     2.7848     0.5633  1.002e+01  0.5961000    17.5658    17.5791     0.0134    14.0527    14.0634      8.917      9.042      0.530    1428.67    1428.71  0.000e+00
      15299      9.500     0.6655     0.6665     0.0010    1.59837    1.59865          1     8.7381     8.7307      22.16     6.5733     0.7317  8.795e+00  0.6240000    17.8283    17.8310     0.0027    14.2628    14.2650      9.413      9.544      0.523    1429.58    1429.59  0.000e+00
      15322     10.000     0.7054     0.7057     0.0003    1.61709    1.61714          1     8.6686     8.6001      21.61     7.5277     0.9110  7.654e+00  0.7973000    18.0316    18.0320     0.0004    14.4258    14.4262      9.908     10.046      0.528    1430.04    1430.05  0.000e+00
      15344     10.500     0.9903     0.9889    -0.0013    1.70985    1.70976          1     8.5678     8.4249      21.12     7.2375     1.0987  6.790e+00  0.9589000    18.9799    18.9798    -0.0000    15.1827    15.1827     10.403     10.548      0.541    1432.64    1432.63  0.000e+00
      15366     11.000     1.5223     1.5088    -0.0136    2.01453    2.00622          1     8.3032     8.1233      20.61     6.1667     1.3603  5.861e+00  0.8952000    22.3088    22.2179    -0.0909    17.8365    17.7642     10.899     11.049      0.545    1439.49    1439.31  0.000e+00
      15388     11.500     1.8291     1.8294     0.0002    2.25817    2.25703          1     7.4488     7.3063      20.09     5.2980     1.1445  4.956e+00  0.7458000    25.0266    25.0126    -0.0141    19.9987    19.9874     11.394     11.549      0.530    1444.45    1444.43  0.000e+00
      15411     12.000     1.9870     1.9851    -0.0019    2.37687    2.38070          1     7.3393     7.2528      19.56     5.5788     0.6210  4.139e+00  0.7797000    26.3395    26.3877     0.0482    21.0408    21.0794     11.890     12.048      0.528    1446.89    1446.94  0.000e+00
      15434     12.500     2.0071     2.0070    -0.0003    2.39356    2.39323          1     7.6957     7.5441      19.03     1.9762     0.6172  3.407e+00  0.3746000    26.5251    26.5212    -0.0039    21.1881    21.1850     12.385     12.547      0.553    1447.23    1447.22  0.000e+00
      15455     13.000     3.1588     3.1288    -0.0297    2.70999    2.70338          1     7.3735     7.1439      18.54     3.0779     0.7025  2.981e+00  0.4181000    29.2808    29.2312    -0.0497    23.3003    23.2635     12.880     13.045      0.570    1455.82    1455.63  0.000e+00
      15476     13.500     4.3698     4.3663    -0.0036    3.01215    3.01126          1     6.9228     6.7242      18.03     1.5285     0.6594  2.768e+00  0.4333000    31.7500    31.7430    -0.0070    25.1652    25.1600     13.376     13.542      0.561    1464.21    1464.18  0.000e+00
      15498     14.000     4.4076     4.4062    -0.0014    3.02218    3.02186          1     6.6843     6.5734      17.53     1.1519     0.4074  2.564e+00  0.4448000    31.8306    31.8282    -0.0024    25.2254    25.2237     13.871     14.039      0.547    1464.48    1464.47  0.000e+00
      15520     14.500     4.5845     4.5829    -0.0017    3.05975    3.05927          1     6.5783     6.5316      17.01     1.1578     0.3967  2.361e+00  0.4606000    32.0955    32.0915    -0.0039    25.4174    25.4145     14.366     14.535      0.547    1465.56    1465.55  0.000e+00
      15542     15.000     4.6893     4.6879    -0.0014    3.08900    3.08868          1     6.5229     6.5099      16.53     0.9323     0.3177  2.190e+00  0.4681000    32.3323    32.3300    -0.0023    25.5943    25.5926     14.862     15.032      0.555    1466.30    1466.29  0.000e+00
      15563     15.500     4.7703     4.7708     0.0005    3.10890    3.10889          1     6.4999     6.5105      16.02     0.6016     0.3194  2.051e+00  0.4536000    32.4832    32.4825    -0.0007    25.7053    25.7047     15.357     15.528      0.555    1466.83    1466.84  0.000e+00
      15585     16.000     4.7818     4.7807    -0.0011    3.12321    3.12288          1     6.5189     6.5304      15.50     0.5927     0.3089  1.919e+00  0.4502000    32.6370    32.6343    -0.0027    25.8260    25.8240     15.853     16.025      0.551    1467.09    1467.08  0.000e+00
      15607     16.500     4.8357     4.8344    -0.0013    3.14177    3.14169          1     6.5222     6.5298      15.00     0.6658     0.2856  1.811e+00  0.4917000    32.7983    32.7986     0.0004    25.9481    25.9485     16.348     16.521      0.550    1467.52    1467.52  0.000e+00
      15628     17.000     4.8980     4.8972    -0.0008    3.15942    3.15930          1     6.5068     6.5164      14.48     0.7899     0.2624  1.700e+00  0.4890000    32.9402    32.9396    -0.0006    26.0537    26.0534     16.843     17.018      0.552    1467.97    1467.96  0.000e+00
      15650     17.500     4.9200     4.9195    -0.0005    3.16474    3.16461          1     6.5003     6.5075      13.99     0.7027     0.2345  1.575e+00  0.5112000    32.9796    32.9786    -0.0010    26.0825    26.0818     17.339     17.514      0.560    1468.12    1468.11  0.000e+00
      15671     18.000     4.9413     4.9417     0.0004    3.16969    3.16951          1     6.5131     6.5199      13.50     1.1679     0.2611  1.456e+00  0.5622000    33.0152    33.0127    -0.0024    26.1084    26.1064     17.834     18.010      0.563    1468.26    1468.26  0.000e+00
      15693     18.500     4.9988     4.9999     0.0010    3.18451    3.18470          1     6.5060     6.5108      12.98     2.1278     0.2355  1.373e+00  0.6120000    33.1287    33.1298     0.0011    26.1919    26.1927     18.329     18.507      0.555    1468.64    1468.65  0.000e+00
      15715     19.000     5.0854     5.0839    -0.0015    3.20795    3.20742          1     6.4811     6.4851      12.48     0.8891     0.2800  1.283e+00  0.5622000    33.3120    33.3074    -0.0046    26.3274    26.3240     18.825     19.003      0.544    1469.24    1469.23  0.000e+00
      15737     19.500     5.0977     5.0979     0.0002    3.21088    3.21081          1     6.4524     6.4598      11.98     1.2269     0.3384  1.196e+00  0.5830000    33.3332    33.3321    -0.0011    26.3429    26.3420     19.320     19.499      0.547    1469.32    1469.32  0.000e+00
      15758     20.000     5.1045     5.1044    -0.0001    3.21243    3.21237          1     6.4592     6.4692      11.48     1.2273     0.2945  1.110e+00  0.9512000    33.3439    33.3433    -0.0007    26.3506    26.3501     19.815     19.995      0.563    1469.37    1469.37  0.000e+00
      15779     20.500     5.1173     5.1169    -0.0003    3.21597    3.21579          1     6.4655     6.4701      10.98     2.6456     0.3099  1.040e+00  0.8616000    33.3715    33.3699    -0.0017    26.3710    26.3697     20.311     20.492      0.566    1469.47    1469.47  0.000e+00
      15801     21.000     5.1972     5.1964    -0.0008    3.23972    3.23922          1     6.4425     6.4403      10.47     2.4201     0.3099  9.761e-01  0.7633000    33.5640    33.5591    -0.0050    26.5143    26.5105     20.806     20.988      0.554    1470.05    1470.04  0.000e+00
      15823     21.500     5.2484     5.2478    -0.0006    3.25361    3.25340          1     6.4087     6.4012       9.97     0.9320     0.4263  9.013e-01  0.7451000    33.6717    33.6699    -0.0018    26.5937    26.5923     21.302     21.484      0.549    1470.40    1470.40  0.000e+00
      15845     22.000     5.2753     5.2758     0.0005    3.26093    3.26101          1     6.3993     6.3913       9.47     0.9840     0.4107  8.344e-01  0.7096000    33.7284    33.7287     0.0003    26.6354    26.6357     21.797     21.980      0.557    1470.59    1470.59  0.000e+00
      15866     22.500     5.2844     5.2859     0.0016    3.26336    3.26380          1     6.3913     6.3892       8.98     2.9749     0.2792  7.726e-01  0.7763000    33.7467    33.7503     0.0036    26.6489    26.6515     22.292     22.476      0.571    1470.66    1470.67  0.000e+00
      15887     23.000     5.3059     5.3093     0.0034    3.26947    3.27034          1     6.3787     6.3837       8.47     0.8775     0.2659  7.078e-01  0.7440000    33.7949    33.8013     0.0064    26.6845    26.6892     22.788     22.972      0.569    1470.81    1470.84  0.000e+00
      15908     23.500     5.3216     5.3216     0.0001    3.27362    3.27359          1     6.3771     6.3755       7.97     0.6413     0.2534  6.500e-01  0.7722000    33.8263    33.8258    -0.0005    26.7076    26.7072     23.283     23.468      0.553    1470.93    1470.93  0.000e+00
      15930     24.000     5.3320     5.3321     0.0001    3.27667    3.27654          1     6.3649     6.3656       7.45     0.6579     0.3053  5.990e-01  0.8054000    33.8504    33.8488    -0.0016    26.7254    26.7242     23.778     23.964      0.550    1471.01    1471.01  0.000e+00
      15952     24.500     5.3561     5.3557    -0.0004    3.28288    3.28279          1     6.3392     6.3473       6.96     1.2071     0.3177  5.485e-01  0.8587000    33.8969    33.8963    -0.0006    26.7594    26.7589     24.274     24.460      0.557    1471.17    1471.17  0.000e+00
      15973     25.000     5.3671     5.3669    -0.0001    3.28552    3.28547          1     6.3233     6.3288       6.44     2.2429     0.3097  5.040e-01  0.9581000    33.9158    33.9154    -0.0004    26.7730    26.7728     24.769     24.956      0.560    1471.25    1471.25  0.000e+00
      15994     25.500     5.3695     5.3695     0.0000    3.28618    3.28616          1     6.3182     6.3251       5.91     0.8698     0.3104  4.655e-01  1.0536000    33.9206    33.9204    -0.0003    26.7766    26.7764     25.264     25.452      0.565    1471.27    1471.27  0.000e+00
      16016     26.000     5.3726     5.3724    -0.0002    3.28660    3.28659          1     6.3165     6.3258       5.37     1.0950     0.3110  4.218e-01  1.1061000    33.9220    33.9221     0.0001    26.7773    26.7774     25.760     25.948      0.566    1471.30    1471.30  0.000e+00
      16037     26.500     5.3730     5.3732     0.0002    3.28667    3.28669          1     6.3134     6.3249       4.80     1.5513     0.4361  3.715e-01  1.1347000    33.9222    33.9222     0.0000    26.7774    26.7774     26.255     26.444      0.558    1471.31    1471.31  0.000e+00
      16059     27.000     5.3754     5.3753    -0.0001    3.28701    3.28699          1     6.3186     6.3244       4.27     1.3402     0.4238  3.294e-01  1.1112000    33.9234    33.9232    -0.0002    26.7781    26.7779     26.750     26.940      0.554    1471.32    1471.32  0.000e+00
      16080     27.500     5.3795     5.3789    -0.0006    3.28754    3.28748          1     6.3220     6.3208       3.69     1.0111     0.3631  2.873e-01  1.1180000    33.9250    33.9249    -0.0001    26.7789    26.7788     27.246     27.436      0.560    1471.35    1471.35  0.000e+00
