ctdpy/exports/archive_20191120_135557/received_data/SBE09_1044_20181018_0605_34_01_0107.cnv
* Sea-Bird SBE 9 Data File:
* FileName = C:\LUOTAUS\DATA_IN\hex_in\SMHI\ar18d107.hex
* Software Version Seasave V 7.23.2
* Temperature SN = 5351
* Conductivity SN = 3941
* Number of Bytes Per Scan = 30
* Number of Voltage Words = 4
* Number of Scans Averaged by the Deck Unit = 1
* NMEA baud rate = 4800
** Station:  A14
** Operator:  OBac
** Ship: ARANDA
** Average sound velocity: 1497.20 m/s
** True-depth calculation Thu, 18 Oct 2018 06:27:12 +0000
** CTD Python Module SMHI /ver 3-12/ feb 2012 
** LIMS Job: 20183401-0107
** Cruise: SMHI-4-2018
** Latitude [GG MM.mm N]: 58 18.925 N
** Longitude [GG MM.mm E] 10 56.547 E
# nquan = 26
# nvalues = 215                         
# units = specified
# name 0 = scan: Scan Count
# name 1 = prDM: Pressure, Digiquartz [db]
# name 2 = t090C: Temperature [ITS-90, deg C]
# name 3 = t190C: Temperature, 2 [ITS-90, deg C]
# name 4 = T2-T190C: Temperature Difference, 2 - 1 [ITS-90, deg C]
# name 5 = c0S/m: Conductivity [S/m]
# name 6 = c1S/m: Conductivity, 2 [S/m]
# name 7 = pumps: Pump Status
# name 8 = sbeox0ML/L: Oxygen, SBE 43 [ml/l]
# name 9 = sbeox1ML/L: Oxygen, SBE 43, 2 [ml/l]
# name 10 = altM: Altimeter [m]
# name 11 = flECO-AFL: Chl-a Fluorescence, WET Labs ECO-AFL/FL [mg/m^3]
# name 12 = flECO-AFL1: Phycocyanin Fluorescence, WET Labs ECO-AFL/FL, 2 [mg/m^3]
# name 13 = par: PAR/Irradiance, Biospherical/Lico [µE/(cm^2*s)]
# name 14 = turbWETntu0: Turbidity, WET Labs ECO [NTU]
# name 15 = sal00: Salinity, Practical [PSU]
# name 16 = sal11: Salinity, Practical, 2 [PSU]
# name 17 = secS-priS: Salinity, Practical, Difference, 2 - 1 [PSU]
# name 18 = sigma-t00: Density [sigma-t, Kg/m^3 ]
# name 19 = sigma-t11: Density, 2 [sigma-t, Kg/m^3 ]
# name 20 = depSM: Depth [salt water, m], lat = 0
# name 21 = depFM: Depth [true depth, m], lat = 0
# name 22 = dz/dtM: Descent Rate [m/s], WS = 2
# name 23 = svCM: Sound Velocity [Chen-Millero, m/s]
# name 24 = svCM1: Sound Velocity, 2 [Chen-Millero, m/s]
# name 25 = flag: flag
# span 0 =      11223,      16412       
# span 1 =      1.000,    108.000       
# span 2 =     9.0631,    13.0574       
# span 3 =     9.0612,    13.0582       
# span 4 =    -0.0333,     0.0097       
# span 5 =   3.724722,   4.018482       
# span 6 =   3.724483,   4.018546       
# span 7 =          1,          1       
# span 8 =    4.89476,    5.83463       
# span 9 =    4.63183,    5.52709       
# span 10 =       0.98,      99.37      
# span 11 =     0.0753,     1.5241      
# span 12 =     0.1359,     0.3610      
# span 13 = 1.0000e-12, 1.0947e+02      
# span 14 =     0.1877,     0.8395      
# span 15 =    32.7042,    34.9938      
# span 16 =    32.6958,    34.9936      
# span 17 =    -0.0209,     0.0172      
# span 18 =    24.6073,    27.1016      
# span 19 =    24.5996,    27.1014      
# span 20 =      0.995,    107.379      
# span 21 =      0.994,    107.250      
# span 22 =     -0.003,      0.887      
# span 23 =    1488.20,    1500.38      
# span 24 =    1488.19,    1500.38      
# span 25 = 0.0000e+00, 0.0000e+00      
# interval = decibars: 0.5              
# start_time = Oct 18 2018 06:05:58 [System UTC, header]
# bad_flag = -9.990e-29
*END*
[from data line 56]
      12462     29.000    12.8810    12.8832     0.0023    3.89904    3.89913          1     5.8103     5.5022      82.32     1.1354     0.3041  2.011e-01  0.2818000    33.2156    33.2144    -0.0012    25.0342    25.0328     28.839     28.822      0.630    1498.16    1498.16  0.000e+00
      12487     29.500    12.8747    12.8766     0.0019    3.89920    3.89930          1     5.8126     5.5018      81.46     1.0438     0.2539  1.862e-01  0.2672000    33.2223    33.2216    -0.0007    25.0406    25.0397     29.336     29.318      0.444    1498.15    1498.16  0.000e+00
      12515     30.000    12.8755    12.8765     0.0010    3.89927    3.89936          1     5.7934     5.5027      80.78     0.9694     0.2806  1.744e-01  0.2564000    33.2222    33.2221    -0.0000    25.0403    25.0401     29.833     29.815      0.502    1498.17    1498.17  0.000e+00
      12536     30.500    12.8564    12.8628     0.0064    3.89879    3.89908          1     5.7707     5.4930      80.26     0.9692     0.3214  1.587e-01  0.2539000    33.2342    33.2313    -0.0029    25.0534    25.0499     30.330     30.312      0.652    1498.12    1498.14  0.000e+00
      12553     31.000    12.8342    12.8368     0.0025    3.89801    3.89825          1     5.7703     5.4842      80.08     0.9356     0.2736  1.405e-01  0.2562000    33.2461    33.2461     0.0000    25.0670    25.0665     30.827     30.809      0.691    1498.07    1498.08  0.000e+00
      12570     31.500    12.8187    12.8191     0.0004    3.89711    3.89720          1     5.7844     5.4852      79.49     0.7896     0.2874  1.258e-01  0.2726000    33.2509    33.2515     0.0006    25.0738    25.0741     31.325     31.306      0.628    1498.03    1498.03  0.000e+00
      12592     32.000    12.8146    12.8148     0.0002    3.89702    3.89706          1     5.7867     5.4916      79.01     0.7458     0.3105  1.159e-01  0.2373000    33.2535    33.2537     0.0001    25.0766    25.0766     31.822     31.803      0.487    1498.03    1498.03  0.000e+00
      12620     32.500    12.8124    12.8132     0.0009    3.89706    3.89718          1     5.7734     5.4810      77.91     0.7582     0.2772  1.081e-01  0.2350000    33.2557    33.2560     0.0003    25.0787    25.0787     32.319     32.299      0.430    1498.03    1498.04  0.000e+00
      12646     33.000    12.8120    12.8129     0.0009    3.89806    3.89825          1     5.7638     5.4689      77.72     0.7124     0.2842  1.002e-01  0.2351000    33.2653    33.2663     0.0010    25.0862    25.0868     32.816     32.796      0.522    1498.05    1498.06  0.000e+00
      12667     33.500    12.8006    12.8010     0.0004    3.90087    3.90093          1     5.7444     5.4545      77.38     0.7335     0.2925  9.049e-02  0.2315000    33.3018    33.3021     0.0003    25.1168    25.1169     33.313     33.293      0.600    1498.06    1498.07  0.000e+00
      12686     34.000    12.8026    12.8039     0.0014    3.90533    3.90548          1     5.7188     5.4299      76.89     0.6731     0.2795  7.827e-02  0.2326000    33.3423    33.3426     0.0003    25.1477    25.1476     33.810     33.790      0.640    1498.13    1498.13  0.000e+00
      12705     34.500    12.8044    12.8055     0.0010    3.90660    3.90670          1     5.7000     5.4249      76.37     0.5877     0.2461  6.835e-02  0.2352000    33.3526    33.3526     0.0000    25.1553    25.1551     34.308     34.286      0.650    1498.15    1498.16  0.000e+00
      12723     35.000    12.7977    12.7985     0.0009    3.90651    3.90662          1     5.7274     5.4433      75.59     0.4174     0.2162  6.068e-02  0.2291000    33.3575    33.3578     0.0003    25.1604    25.1605     34.805     34.783      0.617    1498.15    1498.15  0.000e+00
      12744     35.500    12.7993    12.8004     0.0010    3.90787    3.90801          1     5.7756     5.4645      74.99     0.4926     0.1929  5.742e-02  0.2234000    33.3688    33.3692     0.0004    25.1688    25.1690     35.302     35.280      0.589    1498.17    1498.18  0.000e+00
      12764     36.000    12.8030    12.8032     0.0003    3.90917    3.90921          1     5.7815     5.4660      74.47     0.5810     0.2317  4.878e-02  0.2258000    33.3778    33.3779     0.0001    25.1751    25.1751     35.799     35.777      0.603    1498.21    1498.21  0.000e+00
      12784     36.500    12.7949    12.7961     0.0012    3.90863    3.90873          1     5.7681     5.4600      74.05     0.6004     0.2357  3.874e-02  0.2270000    33.3795    33.3794    -0.0001    25.1781    25.1778     36.296     36.274      0.589    1498.19    1498.19  0.000e+00
      12805     37.000    12.7638    12.7655     0.0016    3.90558    3.90569          1     5.7859     5.4764      59.64     0.5706     0.2515  3.049e-02  0.2268000    33.3777    33.3773    -0.0004    25.1827    25.1821     36.793     36.770      0.530    1498.09    1498.09  0.000e+00
      12829     37.500    12.7279    12.7297     0.0019    3.90236    3.90257          1     5.8031     5.4844      61.34     0.7449     0.2670  2.821e-02  0.2328000    33.3787    33.3790     0.0004    25.1905    25.1904     37.291     37.267      0.513    1497.98    1497.99  0.000e+00
      12852     38.000    12.7513    12.7541     0.0028    3.90720    3.90775          1     5.7576     5.4659      72.41     0.8591     0.2383  1.568e-02  0.1928000    33.4039    33.4066     0.0027    25.2054    25.2070     37.788     37.764      0.552    1498.10    1498.11  0.000e+00
      12872     38.500    12.7564    12.7571     0.0006    3.91135    3.91143          1     5.7195     5.4501      72.33     0.6476     0.2657  1.397e-02  0.2021000    33.4387    33.4389     0.0002    25.2314    25.2315     38.285     38.261      0.583    1498.16    1498.16  0.000e+00
      12893     39.000    12.7341    12.7353     0.0012    3.91128    3.91139          1     5.7133     5.4357      71.97     0.5811     0.2311  4.148e-03  0.2041000    33.4576    33.4575    -0.0001    25.2504    25.2501     38.782     38.757      0.573    1498.12    1498.12  0.000e+00
      12915     39.500    12.7218    12.7228     0.0010    3.91139    3.91151          1     5.7202     5.4235      71.44     0.5042     0.2231  4.524e-03  0.2015000    33.4694    33.4696     0.0002    25.2620    25.2620     39.279     39.254      0.515    1498.10    1498.10  0.000e+00
      12940     40.000    12.7144    12.7152     0.0008    3.91213    3.91228          1     5.6999     5.4053      71.10     0.4518     0.2296  1.642e-03  0.1962000    33.4828    33.4834     0.0007    25.2738    25.2741     39.776     39.751      0.492    1498.10    1498.10  0.000e+00
      12963     40.500    12.7183    12.7190     0.0008    3.91531    3.91541          1     5.6718     5.3845      70.46     0.4262     0.2085  1.898e-04  0.2011000    33.5094    33.5097     0.0003    25.2937    25.2938     40.274     40.247      0.573    1498.15    1498.15  0.000e+00
      12982     41.000    12.7102    12.7110     0.0008    3.91656    3.91656          1     5.6526     5.3635      69.84     0.3686     0.1630  2.570e-06  0.2247000    33.5283    33.5277    -0.0006    25.3099    25.3093     40.771     40.744      0.658    1498.15    1498.16  0.000e+00
      12999     41.500    12.7067    12.7076     0.0009    3.91739    3.91746          1     5.6403     5.3512      69.71     0.2908     0.2605  8.223e-08  0.2176000    33.5392    33.5391    -0.0001    25.3190    25.3188     41.268     41.241      0.682    1498.16    1498.17  0.000e+00
      13017     42.000    12.7037    12.7045     0.0008    3.91744    3.91750          1     5.6375     5.3462      69.04     0.2662     0.2449  6.079e-11  0.2000000    33.5422    33.5421    -0.0001    25.3219    25.3217     41.765     41.738      0.636    1498.16    1498.17  0.000e+00
      13038     42.500    12.7024    12.7034     0.0009    3.91765    3.91771          1     5.6315     5.3426      69.21     0.2416     0.2141  1.000e-12  0.1965000    33.5451    33.5448    -0.0002    25.3244    25.3240     42.262     42.234      0.535    1498.17    1498.18  0.000e+00
      13063     43.000    12.7028    12.7024    -0.0005    3.91862    3.91832          1     5.6184     5.3347      70.23     0.2279     0.2034  1.000e-12  0.2049000    33.5537    33.5513    -0.0025    25.3310    25.3292     42.759     42.731      0.470    1498.19    1498.19  0.000e+00
      13088     43.500    12.7063    12.7072     0.0009    3.91940    3.91948          1     5.6132     5.3299      85.09     0.2337     0.2359  1.000e-12  0.1877000    33.5579    33.5579     0.0000    25.3336    25.3334     43.256     43.228      0.537    1498.22    1498.22  0.000e+00
      13108     44.000    12.7074    12.7081     0.0008    3.92053    3.92065          1     5.6072     5.3247      66.65     0.2262     0.2333  1.000e-12  0.2103000    33.5676    33.5680     0.0005    25.3409    25.3411     43.754     43.724      0.628    1498.24    1498.24  0.000e+00
      13126     44.500    12.7072    12.7081     0.0009    3.92120    3.92128          1     5.6025     5.3209      66.44     0.2143     0.2036  1.000e-12  0.2044000    33.5739    33.5738    -0.0001    25.3458    25.3456     44.251     44.221      0.661    1498.26    1498.26  0.000e+00
      13144     45.000    12.7070    12.7075     0.0006    3.92301    3.92296          1     5.5953     5.3143      66.15     0.1981     0.2115  1.000e-12  0.2018000    33.5911    33.5901    -0.0010    25.3592    25.3583     44.748     44.718      0.622    1498.28    1498.29  0.000e+00
      13165     45.500    12.7143    12.7151     0.0008    3.92580    3.92591          1     5.5872     5.3052      65.60     0.1824     0.2404  1.000e-12  0.1996000    33.6110    33.6114     0.0004    25.3732    25.3733     45.245     45.214      0.560    1498.34    1498.34  0.000e+00
      13187     46.000    12.7251    12.7265     0.0014    3.92849    3.92871          1     5.5887     5.2988      64.95     0.1809     0.1643  1.000e-12  0.2050000    33.6269    33.6278     0.0009    25.3833    25.3838     45.742     45.711      0.545    1498.41    1498.41  0.000e+00
      13209     46.500    12.7292    12.7302     0.0009    3.92963    3.92983          1     5.5925     5.2928      64.42     0.1809     0.2279  1.000e-12  0.2043000    33.6338    33.6350     0.0012    25.3880    25.3887     46.239     46.208      0.540    1498.43    1498.44  0.000e+00
      13232     47.000    12.7420    12.7422     0.0003    3.93506    3.93483          1     5.5903     5.2880      63.88     0.1622     0.1821  1.000e-12  0.2111000    33.6741    33.6717    -0.0024    25.4167    25.4148     46.736     46.704      0.523    1498.53    1498.53  0.000e+00
      13255     47.500    12.7449    12.7455     0.0006    3.93786    3.93772          1     5.5770     5.2882      63.47     0.1520     0.2235  1.000e-12  0.2119000    33.6981    33.6962    -0.0019    25.4347    25.4331     47.234     47.201      0.554    1498.58    1498.58  0.000e+00
      13275     48.000    12.7468    12.7480     0.0011    3.93901    3.93920          1     5.5722     5.2925      63.07     0.1569     0.2481  1.000e-12  0.2141000    33.7071    33.7079     0.0009    25.4413    25.4417     47.731     47.698      0.605    1498.60    1498.61  0.000e+00
      13295     48.500    12.7487    12.7487     0.0001    3.93941    3.93934          1     5.5733     5.2919      62.60     0.1510     0.2074  1.000e-12  0.2141000    33.7090    33.7083    -0.0008    25.4424    25.4418     48.228     48.194      0.591    1498.62    1498.62  0.000e+00
      13316     49.000    12.7492    12.7499     0.0007    3.93949    3.93953          1     5.5751     5.2873      62.05     0.1383     0.2478  1.000e-12  0.2105000    33.7091    33.7089    -0.0003    25.4424    25.4421     48.725     48.691      0.516    1498.63    1498.63  0.000e+00
      13341     49.500    12.7524    12.7531     0.0007    3.94129    3.94141          1     5.5766     5.2835      61.37     0.1403     0.2363  1.000e-12  0.2112000    33.7232    33.7237     0.0005    25.4527    25.4529     49.222     49.187      0.509    1498.67    1498.67  0.000e+00
      13363     50.000    12.7557    12.7566     0.0008    3.94339    3.94355          1     5.5893     5.2819      60.93     0.1488     0.2131  1.000e-12  0.2169000    33.7401    33.7409     0.0008    25.4651    25.4656     49.719     49.684      0.623    1498.71    1498.71  0.000e+00
      13380     50.500    12.7565    12.7574     0.0009    3.94393    3.94401          1     5.6002     5.2811      60.23     0.1650     0.1930  1.000e-12  0.2118000    33.7443    33.7442    -0.0001    25.4682    25.4680     50.216     50.181      0.691    1498.72    1498.73  0.000e+00
      13397     51.000    12.7599    12.7593    -0.0005    3.94503    3.94475          1     5.5917     5.2828      59.40     0.1545     0.1625  1.000e-12  0.2135000    33.7516    33.7495    -0.0021    25.4732    25.4717     50.714     50.677      0.650    1498.75    1498.75  0.000e+00
      13418     51.500    12.7610    12.7615     0.0005    3.94538    3.94540          1     5.5723     5.2791      58.72     0.1331     0.1757  1.000e-12  0.2112000    33.7538    33.7535    -0.0003    25.4747    25.4744     51.211     51.174      0.530    1498.77    1498.77  0.000e+00
      13443     52.000    12.7703    12.7711     0.0009    3.94790    3.94800          1     5.5711     5.2729      58.02     0.1497     0.1790  1.000e-12  0.1986000    33.7693    33.7695     0.0002    25.4849    25.4849     51.708     51.671      0.488    1498.82    1498.83  0.000e+00
      13466     52.500    12.7744    12.7748     0.0004    3.94876    3.94879          1     5.5723     5.2704      57.39     0.1492     0.2087  1.000e-12  0.2244000    33.7736    33.7736     0.0000    25.4874    25.4873     52.205     52.167      0.604    1498.85    1498.85  0.000e+00
      13484     53.000    12.7796    12.7798     0.0001    3.95024    3.95006          1     5.5623     5.2709      56.84     0.1490     0.2097  1.000e-12  0.2119000    33.7829    33.7810    -0.0018    25.4936    25.4921     52.702     52.664      0.682    1498.89    1498.89  0.000e+00
      13501     53.500    12.7909    12.7925     0.0016    3.95262    3.95284          1     5.5541     5.2623      55.90     0.1444     0.1783  1.000e-12  0.2174000    33.7953    33.7958     0.0006    25.5009    25.5011     53.199     53.160      0.653    1498.95    1498.95  0.000e+00
      13521     54.000    12.8050    12.8057     0.0007    3.95582    3.95590          1     5.5358     5.2451      55.50     0.1358     0.2020  1.000e-12  0.2232000    33.8128    33.8130     0.0002    25.5118    25.5118     53.696     53.657      0.524    1499.03    1499.03  0.000e+00
      13549     54.500    12.8209    12.8214     0.0005    3.95935    3.95943          1     5.5076     5.2385      55.11     0.1221     0.2535  1.000e-12  0.2205000    33.8322    33.8324     0.0002    25.5237    25.5237     54.193     54.154      0.420    1499.11    1499.11  0.000e+00
      13576     55.000    12.8442    12.8458     0.0015    3.96400    3.96443          1     5.5144     5.2338      54.70     0.1267     0.1878  1.000e-12  0.2233000    33.8553    33.8580     0.0027    25.5370    25.5387     54.691     54.650      0.521    1499.22    1499.23  0.000e+00
      13596     55.500    12.8891    12.8886    -0.0005    3.97381    3.97374          1     5.5104     5.2287      54.31     0.1476     0.2176  1.000e-12  0.2377000    33.9084    33.9081    -0.0002    25.5692    25.5691     55.188     55.147      0.626    1499.45    1499.44  0.000e+00
      13615     56.000    12.8928    12.8934     0.0006    3.97657    3.97659          1     5.4794     5.2156      53.97     0.1266     0.2431  1.000e-12  0.2543000    33.9311    33.9306    -0.0005    25.5861    25.5856     55.685     55.643      0.645    1499.49    1499.50  0.000e+00
