ctdpy/exports/archive_20191120_135557/received_data/SBE09_0827_20181011_0236_26_01_1066.cnv
* Sea-Bird SBE 9 Data File:
* FileName = D:\CTD_SBE911\DAT\26DA.2018.10.66.hex
* Software Version Seasave V 7.21d
* Temperature SN = 4548
* Conductivity SN = 3062
* Number of Bytes Per Scan = 48
* Number of Voltage Words = 5
* Number of Scans Averaged by the Deck Unit = 1
* NMEA Latitude = 57 07.39 N
* NMEA Longitude = 019 32.27 E
* NMEA UTC (Time) = Oct 11 2018  02:38:59
* NMEA baud rate = 4800
** Ship: DANA
** Average sound velocity: 1446.80 m/s
** True-depth calculation Thu, 28 Mar 2019 12:25:20 +0000
** CTD Python Module SMHI /ver 3-12/ feb 2012 
** LIMS Job: 20182601-1066
** Operator: Christian A-KTh
** Cruise: 10/2018
# nquan = 26
# nvalues = 299                         
# units = specified
# name 0 = scan: Scan Count
# name 1 = prDM: Pressure, Digiquartz [db]
# name 2 = t090C: Temperature [ITS-90, deg C]
# name 3 = t190C: Temperature, 2 [ITS-90, deg C]
# name 4 = T2-T190C: Temperature Difference, 2 - 1 [ITS-90, deg C]
# name 5 = c0S/m: Conductivity [S/m]
# name 6 = c1S/m: Conductivity, 2 [S/m]
# name 7 = pumps: Pump Status
# name 8 = sbeox1ML/L: Oxygen, SBE 43, 2 [ml/l]
# name 9 = sbeox0ML/L: Oxygen, SBE 43 [ml/l]
# name 10 = altM: Altimeter [m]
# name 11 = chloroflTC0: Chlorophyll, Turner Cyclops [ug/l]
# name 12 = cpar: CPAR/Corrected Irradiance [%]
# name 13 = par: PAR/Irradiance, Biospherical/Lico [µE/(cm^2*s)]
# name 14 = spar: SPAR, Biospherical/Licor
# name 15 = sal00: Salinity, Practical [PSU]
# name 16 = sal11: Salinity, Practical, 2 [PSU]
# name 17 = secS-priS: Salinity, Practical, Difference, 2 - 1 [PSU]
# name 18 = sigma-t00: Density [sigma-t, kg/m^3 ]
# name 19 = sigma-t11: Density, 2 [sigma-t, kg/m^3 ]
# name 20 = depSM: Depth [salt water, m], lat = 57.1232
# name 21 = depFM: Depth [true depth, m], lat = 57.1232
# name 22 = dz/dtM: Descent Rate [m/s], WS = 2
# name 23 = svCM: Sound Velocity [Chen-Millero, m/s]
# name 24 = svCM1: Sound Velocity, 2 [Chen-Millero, m/s]
# name 25 = flag: flag
# span 0 =        559,      16150       
# span 1 =      1.500,    150.500       
# span 2 =     3.3704,    11.0828       
# span 3 =     3.3721,    11.0834       
# span 4 =    -0.8373,     0.0204       
# span 5 =   0.774460,   1.426233       
# span 6 =   0.774033,   1.427117       
# span 7 =          1,          1       
# span 8 =     0.0237,     7.7304       
# span 9 =     0.0183,     7.2595       
# span 10 =       0.59,       9.99      
# span 11 =     0.0159,     0.0326      
# span 12 = 4.9241e-11, 4.9241e-11      
# span 13 = 1.0000e-12, 1.0000e-12      
# span 14 = 2.0308e+00, 2.0308e+00      
# span 15 =     6.9260,    13.0038      
# span 16 =     6.9260,    13.0113      
# span 17 =    -0.1246,     0.0611      
# span 18 =     4.9888,    10.1545      
# span 19 =     4.9888,    10.1602      
# span 20 =      1.486,    149.061      
# span 21 =      1.520,    152.155      
# span 22 =     -0.702,      0.468      
# span 23 =    1429.42,    1460.13      
# span 24 =    1429.43,    1460.12      
# span 25 = 0.0000e+00, 0.0000e+00      
# interval = decibars: 0.5              
# start_time = Oct 11 2018 02:38:59 [NMEA time, first data scan]
# bad_flag = -9.990e-29
*END*
[from data line 112]
       5693     57.500     3.4105     3.4100    -0.0005    0.78307    0.78281          1     6.8526     6.4933       9.97     0.0159  4.924e-11  1.000e-12  2.031e+00     7.5591     7.5566    -0.0025     6.0213     6.0193     56.963     58.251      0.227    1429.69    1429.69  0.000e+00
       5747     58.000     3.4118     3.4114    -0.0003    0.78400    0.78373          1     6.7981     6.4492       9.97     0.0159  4.924e-11  1.000e-12  2.031e+00     7.5685     7.5657    -0.0027     6.0287     6.0265     57.459     58.757      0.248    1429.72    1429.71  0.000e+00
       5791     58.500     3.4260     3.4236    -0.0024    0.78572    0.78519          1     6.7140     6.3904       9.97     0.0159  4.924e-11  1.000e-12  2.031e+00     7.5828     7.5779    -0.0050     6.0399     6.0360     57.954     59.263      0.269    1429.81    1429.79  0.000e+00
       5838     59.000     3.4386     3.4357    -0.0029    0.78739    0.78695          1     6.6229     6.3087       9.97     0.0159  4.924e-11  1.000e-12  2.031e+00     7.5972     7.5932    -0.0040     6.0511     6.0480     58.449     59.770      0.259    1429.89    1429.87  0.000e+00
       5883     59.500     3.4586     3.4509    -0.0077    0.78990    0.78885          1     6.5057     6.2133       9.97     0.0159  4.924e-11  1.000e-12  2.031e+00     7.6184     7.6093    -0.0091     6.0677     6.0606     58.944     60.276      0.254    1430.02    1429.97  0.000e+00
       5935     60.000     3.5119     3.4818    -0.0301    0.79518    0.79205          1     6.2958     6.1024       9.97     0.0159  4.924e-11  1.000e-12  2.031e+00     7.6604     7.6351    -0.0253     6.1002     6.0806     59.440     60.782      0.231    1430.32    1430.15  0.000e+00
       5979     60.500     3.5354     3.5171    -0.0184    0.79825    0.79607          1     6.1524     5.9767       9.97     0.0159  4.924e-11  1.000e-12  2.031e+00     7.6865     7.6683    -0.0182     6.1206     6.1064     59.935     61.288      0.307    1430.47    1430.37  0.000e+00
       6021     61.000     3.5684     3.5361    -0.0324    0.80090    0.79791          1     6.0681     5.8629       9.97     0.0159  4.924e-11  1.000e-12  2.031e+00     7.7060     7.6828    -0.0232     6.1354     6.1176     60.430     61.794      0.256    1430.66    1430.48  0.000e+00
       6070     61.500     3.6127     3.5775    -0.0352    0.80678    0.80205          1     5.8816     5.7558       9.97     0.0159  4.924e-11  1.000e-12  2.031e+00     7.7562     7.7157    -0.0405     6.1745     6.1430     60.925     62.301      0.245    1430.93    1430.72  0.000e+00
       6119     62.000     3.6473     3.6205    -0.0268    0.81296    0.80847          1     5.7851     5.6145       9.97     0.0159  4.924e-11  1.000e-12  2.031e+00     7.8117     7.7717    -0.0400     6.2180     6.1867     61.421     62.807      0.254    1431.17    1430.99  0.000e+00
       6162     62.500     3.6721     3.6541    -0.0180    0.81658    0.81372          1     5.7368     5.5119       9.97     0.0159  4.924e-11  1.000e-12  2.031e+00     7.8430     7.8178    -0.0252     6.2424     6.2227     61.916     63.313      0.302    1431.33    1431.21  0.000e+00
       6205     63.000     3.6910     3.6744    -0.0166    0.81944    0.81685          1     5.6470     5.4213       9.97     0.0159  4.924e-11  1.000e-12  2.031e+00     7.8679     7.8451    -0.0228     6.2618     6.2440     62.411     63.819      0.246    1431.45    1431.35  0.000e+00
       6257     63.500     3.7292     3.6992    -0.0300    0.82622    0.82091          1     5.4390     5.3080       9.97     0.0159  4.924e-11  1.000e-12  2.031e+00     7.9285     7.8810    -0.0475     6.3091     6.2720     62.907     64.325      0.240    1431.71    1431.51  0.000e+00
       6304     64.000     3.8264     3.7527    -0.0737    0.84187    0.82931          1     4.9650     5.1459       9.97     0.0159  4.924e-11  1.000e-12  2.031e+00     8.0659     7.9545    -0.1113     6.4161     6.3293     63.402     64.831      0.266    1432.34    1431.86  0.000e+00
       6346     64.500     3.9068     3.8251    -0.0816    0.85464    0.84057          1     4.5401     4.8770       9.97     0.0159  4.924e-11  1.000e-12  2.031e+00     8.1773     8.0527    -0.1246     6.5027     6.4057     63.897     65.337      0.298    1432.85    1432.32  0.000e+00
       6390     65.000     3.9541     3.8990    -0.0552    0.86234    0.85297          1     4.2160     4.5208       9.97     0.0159  4.924e-11  1.000e-12  2.031e+00     8.2445     8.1620    -0.0825     6.5549     6.4907     64.392     65.843      0.234    1433.16    1432.80  0.000e+00
       6448     65.500     4.0599     3.9840    -0.0758    0.87627    0.86563          1     3.7554     4.0958       9.97     0.0159  4.924e-11  1.000e-12  2.031e+00     8.3607     8.2707    -0.0900     6.6442     6.5749     64.887     66.349      0.234    1433.79    1433.33  0.000e+00
       6489     66.000     4.1543     4.0687    -0.0856    0.88984    0.87729          1     3.1868     3.7534       9.97     0.0159  4.924e-11  1.000e-12  2.031e+00     8.4755     8.3689    -0.1067     6.7326     6.6504     65.383     66.855      0.314    1434.37    1433.85  0.000e+00
       6533     66.500     4.2359     4.1686    -0.0672    0.90048    0.89099          1     2.7368     3.2787       9.97     0.0159  4.924e-11  1.000e-12  2.031e+00     8.5634     8.4836    -0.0798     6.7998     6.7385     65.878     67.361      0.233    1434.85    1434.45  0.000e+00
       6586     67.000     4.2845     4.2496    -0.0351    0.90665    0.90185          1     2.5304     2.7663       9.97     0.0160  4.924e-11  1.000e-12  2.031e+00     8.6137     8.5737    -0.0400     6.8381     6.8075     66.373     67.866      0.261    1435.14    1434.94  0.000e+00
       6629     67.500     4.3582     4.3024    -0.0559    0.91750    0.90908          1     2.2552     2.5455       9.97     0.0160  4.924e-11  1.000e-12  2.031e+00     8.7051     8.6337    -0.0714     6.9082     6.8535     66.868     68.372      0.266    1435.60    1435.25  0.000e+00
       6678     68.000     4.4321     4.3845    -0.0475    0.92886    0.92141          1     1.8847     2.2304       9.97     0.0163  4.924e-11  1.000e-12  2.031e+00     8.8014     8.7380    -0.0634     6.9820     6.9334     67.364     68.878      0.239    1436.05    1435.76  0.000e+00
       6727     68.500     4.4669     4.4322    -0.0348    0.93436    0.92907          1     1.6454     1.9040       9.97     0.0164  4.924e-11  1.000e-12  2.031e+00     8.8480     8.8034    -0.0446     7.0177     6.9836     67.859     69.384      0.250    1436.28    1436.07  0.000e+00
       6774     69.000     4.5123     4.4712    -0.0411    0.93938    0.93459          1     1.5377     1.6848       9.97     0.0168  4.924e-11  1.000e-12  2.031e+00     8.8870     8.8492    -0.0378     7.0469     7.0185     68.354     69.889      0.253    1436.54    1436.31  0.000e+00
       6822     69.500     4.6047     4.5395    -0.0652    0.94969    0.94226          1     1.3505     1.5242       9.97     0.0166  4.924e-11  1.000e-12  2.031e+00     8.9668     8.9089    -0.0580     7.1067     7.0633     68.849     70.395      0.249    1437.05    1436.69  0.000e+00
       6871     70.000     4.6587     4.6105    -0.0484    0.95716    0.95073          1     1.1114     1.3281       9.97     0.0170  4.924e-11  1.000e-12  2.031e+00     9.0280     8.9758    -0.0521     7.1530     7.1136     69.345     70.901      0.251    1437.38    1437.10  0.000e+00
       6916     70.500     4.8034     4.6921    -0.1113    0.97490    0.96115          1     0.7344     1.1185       9.97     0.0170  4.924e-11  1.000e-12  2.031e+00     9.1682     9.0593    -0.1089     7.2581     7.1765     69.840     71.406      0.279    1438.20    1437.58  0.000e+00
       6961     71.000     4.9237     4.8278    -0.0959    0.99082    0.97732          1     0.3922     0.8281       9.97     0.0161  4.924e-11  1.000e-12  2.031e+00     9.2958     9.1859    -0.1099     7.3540     7.2711     70.335     71.912      0.248    1438.90    1438.34  0.000e+00
       7009     71.500     5.0034     4.9385    -0.0650    1.00179    0.99318          1     0.2596     0.5101       9.97     0.0160  4.924e-11  1.000e-12  2.031e+00     9.3843     9.3155    -0.0688     7.4204     7.3689     70.830     72.418      0.259    1439.37    1439.00  0.000e+00
       7055     72.000     5.0746     5.0271    -0.0475    1.00990    1.00399          1     0.1694     0.3200       9.97     0.0161  4.924e-11  1.000e-12  2.031e+00     9.4459     9.3997    -0.0462     7.4659     7.4315     71.326     72.923      0.247    1439.77    1439.50  0.000e+00
       7106     72.500     5.1032     5.0722    -0.0311    1.01390    1.01008          1     0.1543     0.2029       9.97     0.0166  4.924e-11  1.000e-12  2.031e+00     9.4781     9.4483    -0.0298     7.4899     7.4679     71.821     73.429      0.251    1439.94    1439.77  0.000e+00
       7149     73.000     5.1597     5.1169    -0.0428    1.02243    1.01642          1     0.1644     0.1657       9.97     0.0167  4.924e-11  1.000e-12  2.031e+00     9.5478     9.4995    -0.0483     7.5423     7.5062     72.316     73.934      0.279    1440.29    1440.04  0.000e+00
       7196     73.500     5.1945     5.1661    -0.0284    1.02679    1.02325          1     0.1672     0.1473       9.97     0.0169  4.924e-11  1.000e-12  2.031e+00     9.5816     9.5542    -0.0274     7.5674     7.5471     72.811     74.439      0.239    1440.49    1440.33  0.000e+00
       7246     74.000     5.2099     5.1901    -0.0198    1.02855    1.02623          1     0.1662     0.1385       9.97     0.0165  4.924e-11  1.000e-12  2.031e+00     9.5948     9.5772    -0.0177     7.5771     7.5641     73.306     74.945      0.258    1440.58    1440.47  0.000e+00
       7289     74.500     5.2508     5.2213    -0.0296    1.03353    1.03005          1     0.1593     0.1308       9.97     0.0166  4.924e-11  1.000e-12  2.031e+00     9.6331     9.6066    -0.0266     7.6053     7.5858     73.802     75.450      0.281    1440.81    1440.65  0.000e+00
       7335     75.000     5.2753     5.2482    -0.0271    1.03719    1.03357          1     0.1513     0.1261       9.97     0.0166  4.924e-11  1.000e-12  2.031e+00     9.6627     9.6342    -0.0285     7.6274     7.6062     74.297     75.956      0.241    1440.97    1440.81  0.000e+00
       7385     75.500     5.3272     5.2910    -0.0362    1.04518    1.03984          1     0.1441     0.1185       9.97     0.0163  4.924e-11  1.000e-12  2.031e+00     9.7279     9.6847    -0.0432     7.6763     7.6441     74.792     76.461      0.269    1441.28    1441.07  0.000e+00
       7428     76.000     5.3849     5.3356    -0.0493    1.05384    1.04628          1     0.1427     0.1124       9.97     0.0169  4.924e-11  1.000e-12  2.031e+00     9.7978     9.7364    -0.0615     7.7285     7.6826     75.287     76.966      0.250    1441.63    1441.34  0.000e+00
       7481     76.500     5.4472     5.4020    -0.0452    1.06179    1.05587          1     0.1332     0.1072       9.97     0.0165  4.924e-11  1.000e-12  2.031e+00     9.8592     9.8131    -0.0461     7.7737     7.7397     75.783     77.472      0.235    1441.98    1441.73  0.000e+00
       7525     77.000     5.5374     5.4738    -0.0636    1.07576    1.06543          1     0.1266     0.1022       9.97     0.0167  4.924e-11  1.000e-12  2.031e+00     9.9723     9.8878    -0.0845     7.8581     7.7949     76.278     77.977      0.292    1442.52    1442.14  0.000e+00
       7570     77.500     5.5779     5.5443    -0.0335    1.08342    1.07758          1     0.1236     0.0993       9.97     0.0168  4.924e-11  1.000e-12  2.031e+00    10.0369     9.9884    -0.0485     7.9068     7.8704     76.773     78.482      0.240    1442.79    1442.58  0.000e+00
       7623     78.000     5.6069     5.5861    -0.0208    1.08786    1.08494          1     0.1201     0.0932       9.97     0.0169  4.924e-11  1.000e-12  2.031e+00    10.0725    10.0495    -0.0230     7.9333     7.9163     77.268     78.988      0.235    1442.97    1442.85  0.000e+00
       7670     78.500     5.6486     5.6179    -0.0307    1.09464    1.08973          1     0.1143     0.0935       9.97     0.0168  4.924e-11  1.000e-12  2.031e+00    10.1277    10.0878    -0.0399     7.9745     7.9447     77.763     79.493      0.261    1443.22    1443.04  0.000e+00
       7716     79.000     5.6983     5.6666    -0.0317    1.10257    1.09760          1     0.1114     0.0905       9.97     0.0169  4.924e-11  1.000e-12  2.031e+00    10.1917    10.1516    -0.0401     8.0221     7.9923     78.259     79.998      0.265    1443.53    1443.34  0.000e+00
       7762     79.500     5.7193     5.6968    -0.0225    1.10581    1.10233          1     0.1094     0.0861       9.97     0.0171  4.924e-11  1.000e-12  2.031e+00    10.2176    10.1897    -0.0279     8.0413     8.0207     78.754     80.503      0.245    1443.66    1443.52  0.000e+00
       7813     80.000     5.7510     5.7283    -0.0226    1.11209    1.10811          1     0.1041     0.0848       9.97     0.0170  4.924e-11  1.000e-12  2.031e+00    10.2705    10.2378    -0.0327     8.0812     8.0567     79.249     81.009      0.246    1443.87    1443.73  0.000e+00
       7859     80.500     5.7808     5.7573    -0.0235    1.11792    1.11373          1     0.1058     0.0847       9.97     0.0171  4.924e-11  1.000e-12  2.031e+00    10.3195    10.2849    -0.0346     8.1180     8.0921     79.744     81.514      0.267    1444.06    1443.92  0.000e+00
       7906     81.000     5.8126     5.7895    -0.0231    1.12423    1.11998          1     0.0998     0.0817       9.97     0.0170  4.924e-11  1.000e-12  2.031e+00    10.3725    10.3373    -0.0352     8.1579     8.1316     80.240     82.019      0.241    1444.27    1444.13  0.000e+00
       7957     81.500     5.8243     5.8119    -0.0124    1.12583    1.12403          1     0.0961     0.0814       9.97     0.0170  4.924e-11  1.000e-12  2.031e+00    10.3848    10.3707    -0.0142     8.1669     8.1565     80.735     82.524      0.244    1444.35    1444.28  0.000e+00
       8003     82.000     5.8409     5.8248    -0.0162    1.12906    1.12595          1     0.0959     0.0804       9.97     0.0169  4.924e-11  1.000e-12  2.031e+00    10.4118    10.3857    -0.0260     8.1872     8.1676     81.230     83.029      0.268    1444.46    1444.36  0.000e+00
       8051     82.500     5.8660     5.8520    -0.0141    1.13438    1.13137          1     0.0946     0.0775       9.97     0.0169  4.924e-11  1.000e-12  2.031e+00    10.4569    10.4312    -0.0257     8.2212     8.2018     81.725     83.534      0.236    1444.63    1444.54  0.000e+00
       8100     83.000     5.8957     5.8702    -0.0254    1.14044    1.13522          1     0.0894     0.0776       9.97     0.0169  4.924e-11  1.000e-12  2.031e+00    10.5079    10.4638    -0.0441     8.2596     8.2264     82.220     84.039      0.266    1444.83    1444.67  0.000e+00
       8143     83.500     5.9218     5.9019    -0.0199    1.14577    1.14166          1     0.0926     0.0743       9.97     0.0171  4.924e-11  1.000e-12  2.031e+00    10.5528    10.5181    -0.0347     8.2933     8.2672     82.716     84.545      0.271    1445.01    1444.88  0.000e+00
       8193     84.000     5.9529     5.9340    -0.0189    1.15119    1.14796          1     0.0844     0.0764       9.97     0.0167  4.924e-11  1.000e-12  2.031e+00    10.5969    10.5706    -0.0263     8.3262     8.3066     83.211     85.050      0.223    1445.21    1445.09  0.000e+00
       8245     84.500     5.9851     5.9560    -0.0291    1.15710    1.15161          1     0.0871     0.0729       9.97     0.0167  4.924e-11  1.000e-12  2.031e+00    10.6454    10.6000    -0.0454     8.3624     8.3284     83.706     85.555      0.245    1445.41    1445.23  0.000e+00
