ctdpy/exports/archive_20191120_135557/received_data/SBE09_0827_20181011_1659_26_01_1072.cnv
* Sea-Bird SBE 9 Data File:
* FileName = D:\CTD_SBE911\DAT\26DA.2018.10.72.hex
* Software Version Seasave V 7.21d
* Temperature SN = 4548
* Conductivity SN = 3062
* Number of Bytes Per Scan = 48
* Number of Voltage Words = 5
* Number of Scans Averaged by the Deck Unit = 1
* NMEA Latitude = 56 38.82 N
* NMEA Longitude = 018 48.60 E
* NMEA UTC (Time) = Oct 11 2018  17:02:09
* NMEA baud rate = 4800
** Ship: DANA
** Average sound velocity: 1446.33 m/s
** True-depth calculation Thu, 28 Mar 2019 12:25:52 +0000
** CTD Python Module SMHI /ver 3-12/ feb 2012 
** LIMS Job: 20182601-1072
** Operator: Christian A-KTh
** Cruise: 10/2018
# nquan = 26
# nvalues = 109                         
# units = specified
# name 0 = scan: Scan Count
# name 1 = prDM: Pressure, Digiquartz [db]
# name 2 = t090C: Temperature [ITS-90, deg C]
# name 3 = t190C: Temperature, 2 [ITS-90, deg C]
# name 4 = T2-T190C: Temperature Difference, 2 - 1 [ITS-90, deg C]
# name 5 = c0S/m: Conductivity [S/m]
# name 6 = c1S/m: Conductivity, 2 [S/m]
# name 7 = pumps: Pump Status
# name 8 = sbeox1ML/L: Oxygen, SBE 43, 2 [ml/l]
# name 9 = sbeox0ML/L: Oxygen, SBE 43 [ml/l]
# name 10 = altM: Altimeter [m]
# name 11 = chloroflTC0: Chlorophyll, Turner Cyclops [ug/l]
# name 12 = cpar: CPAR/Corrected Irradiance [%]
# name 13 = par: PAR/Irradiance, Biospherical/Lico [µE/(cm^2*s)]
# name 14 = spar: SPAR, Biospherical/Licor
# name 15 = sal00: Salinity, Practical [PSU]
# name 16 = sal11: Salinity, Practical, 2 [PSU]
# name 17 = secS-priS: Salinity, Practical, Difference, 2 - 1 [PSU]
# name 18 = sigma-t00: Density [sigma-t, kg/m^3 ]
# name 19 = sigma-t11: Density, 2 [sigma-t, kg/m^3 ]
# name 20 = depSM: Depth [salt water, m], lat = 56.647
# name 21 = depFM: Depth [true depth, m], lat = 56.647
# name 22 = dz/dtM: Descent Rate [m/s], WS = 2
# name 23 = svCM: Sound Velocity [Chen-Millero, m/s]
# name 24 = svCM1: Sound Velocity, 2 [Chen-Millero, m/s]
# name 25 = flag: flag
# span 0 =        346,       5602       
# span 1 =      1.500,     55.500       
# span 2 =     3.7169,    10.3623       
# span 3 =     3.7196,    10.3613       
# span 4 =    -0.0876,     0.3781       
# span 5 =   0.790342,   0.903096       
# span 6 =   0.791037,   0.903065       
# span 7 =          1,          1       
# span 8 =     3.8799,     7.5211       
# span 9 =     3.8187,     7.0784       
# span 10 =       1.29,       9.97      
# span 11 =     0.0159,     0.0325      
# span 12 = 4.9241e-11, 4.9241e-11      
# span 13 = 1.0000e-12, 1.0000e-12      
# span 14 = 2.0308e+00, 2.0308e+00      
# span 15 =     7.2049,     8.4779      
# span 16 =     7.2050,     8.4419      
# span 17 =    -0.1425,     0.0028      
# span 18 =     5.2887,     6.7291      
# span 19 =     5.2887,     6.7011      
# span 20 =      1.486,     54.985      
# span 21 =      1.520,     56.210      
# span 22 =      0.027,      0.304      
# span 23 =    1431.06,    1457.60      
# span 24 =    1431.09,    1457.60      
# span 25 = 0.0000e+00, 0.0000e+00      
# interval = decibars: 0.5              
# start_time = Oct 11 2018 17:02:09 [NMEA time, first data scan]
# bad_flag = -9.990e-29
*END*
[from data line 56]
       3060     29.500     8.2122     8.2781     0.0662    0.86305    0.86448          1     7.3389     6.9520       9.97     0.0206  4.924e-11  1.000e-12  2.031e+00     7.2830     7.2824    -0.0007     5.5596     5.5535     29.228     29.886      0.248    1449.61    1449.87  0.000e+00
       3107     30.000     8.1100     8.2217     0.1115    0.86110    0.86350          1     7.3083     6.9577       9.97     0.0206  4.924e-11  1.000e-12  2.031e+00     7.2864     7.2851    -0.0014     5.5708     5.5604     29.723     30.393      0.271    1449.20    1449.65  0.000e+00
       3151     30.500     7.9019     8.0794     0.1775    0.85717    0.86087          1     7.2898     6.9553       9.97     0.0198  4.924e-11  1.000e-12  2.031e+00     7.2937     7.2906    -0.0031     5.5933     5.5765     30.219     30.899      0.260    1448.37    1449.09  0.000e+00
       3200     31.000     7.7529     7.9018     0.1488    0.85456    0.85762          1     7.2515     6.9407       9.97     0.0195  4.924e-11  1.000e-12  2.031e+00     7.3008     7.2977    -0.0030     5.6105     5.5965     30.714     31.406      0.246    1447.77    1448.38  0.000e+00
       3247     31.500     7.5086     7.7146     0.2060    0.84995    0.85418          1     7.2624     6.9030       9.97     0.0189  4.924e-11  1.000e-12  2.031e+00     7.3094     7.3053    -0.0041     5.6360     5.6171     31.209     31.912      0.261    1446.78    1447.63  0.000e+00
       3293     32.000     7.4249     7.5442     0.1194    0.84873    0.85107          1     7.2688     6.8857       9.97     0.0194  4.924e-11  1.000e-12  2.031e+00     7.3157     7.3123    -0.0034     5.6471     5.6356     31.705     32.419      0.261    1446.45    1446.94  0.000e+00
       3337     32.500     7.3746     7.4532     0.0786    0.84823    0.84959          1     7.2531     6.8975       9.97     0.0188  4.924e-11  1.000e-12  2.031e+00     7.3216     7.3177    -0.0039     5.6554     5.6466     32.200     32.925      0.279    1446.26    1446.58  0.000e+00
       3381     33.000     7.2931     7.3808     0.0879    0.84699    0.84859          1     7.2086     6.9319       9.97     0.0183  4.924e-11  1.000e-12  2.031e+00     7.3272     7.3235    -0.0037     5.6657     5.6565     32.695     33.431      0.264    1445.93    1446.29  0.000e+00
       3428     33.500     7.0174     7.2798     0.2621    0.84262    0.84720          1     7.1160     6.9394       9.97     0.0184  4.924e-11  1.000e-12  2.031e+00     7.3448     7.3320    -0.0128     5.6986     5.6703     33.191     33.938      0.251    1444.81    1445.89  0.000e+00
       3476     34.000     6.6002     6.9668     0.3669    0.83463    0.84210          1     7.1475     6.9016       9.97     0.0176  4.924e-11  1.000e-12  2.031e+00     7.3587     7.3506    -0.0080     5.7366     5.7067     33.686     34.444      0.255    1443.08    1444.62  0.000e+00
       3522     34.500     6.2998     6.6781     0.3781    0.82852    0.83671          1     7.2130     6.8645       9.97     0.0172  4.924e-11  1.000e-12  2.031e+00     7.3652     7.3616    -0.0037     5.7599     5.7341     34.181     34.950      0.265    1441.82    1443.42  0.000e+00
       3570     35.000     6.0907     6.2943     0.2037    0.82476    0.82914          1     7.2219     6.9098       9.97     0.0175  4.924e-11  1.000e-12  2.031e+00     7.3745     7.3723    -0.0022     5.7790     5.7658     34.677     35.457      0.236    1440.95    1441.82  0.000e+00
       3617     35.500     5.8356     6.1145     0.2790    0.82044    0.82582          1     7.2214     6.8997       9.97     0.0171  4.924e-11  1.000e-12  2.031e+00     7.3884     7.3794    -0.0090     5.8035     5.7816     35.172     35.963      0.282    1439.88    1441.07  0.000e+00
       3659     36.000     5.6519     5.8590     0.2071    0.81756    0.82150          1     7.2375     6.8781       9.97     0.0171  4.924e-11  1.000e-12  2.031e+00     7.4006     7.3934    -0.0072     5.8224     5.8063     35.667     36.469      0.275    1439.11    1440.00  0.000e+00
       3706     36.500     5.5762     5.6863     0.1101    0.81662    0.81868          1     7.2341     6.8835       9.97     0.0171  4.924e-11  1.000e-12  2.031e+00     7.4080     7.4039    -0.0042     5.8319     5.8233     36.163     36.976      0.242    1438.80    1439.27  0.000e+00
       3754     37.000     5.4710     5.5926     0.1217    0.81510    0.81738          1     7.2032     6.9028       9.97     0.0170  4.924e-11  1.000e-12  2.031e+00     7.4163     7.4118    -0.0046     5.8434     5.8341     36.658     37.482      0.281    1438.36    1438.88  0.000e+00
       3796     37.500     5.2883     5.4663     0.1780    0.81182    0.81541          1     7.1864     6.8900       9.97     0.0169  4.924e-11  1.000e-12  2.031e+00     7.4246     7.4204    -0.0042     5.8582     5.8468     37.153     37.988      0.249    1437.58    1438.35  0.000e+00
       3849     38.000     5.0176     5.2335     0.2157    0.80652    0.81104          1     7.2188     6.8609       9.97     0.0171  4.924e-11  1.000e-12  2.031e+00     7.4324     7.4291    -0.0034     5.8757     5.8641     37.649     38.495      0.244    1436.42    1437.36  0.000e+00
       3893     38.500     4.9063     5.0365     0.1303    0.80490    0.80749          1     7.2045     6.8665       9.97     0.0169  4.924e-11  1.000e-12  2.031e+00     7.4412     7.4378    -0.0034     5.8869     5.8791     38.144     39.001      0.272    1435.95    1436.51  0.000e+00
       3939     39.000     4.8044     4.9237     0.1195    0.80295    0.80562          1     7.2084     6.8643       9.97     0.0167  4.924e-11  1.000e-12  2.031e+00     7.4446     7.4444    -0.0001     5.8934     5.8888     38.639     39.507      0.267    1435.51    1436.04  0.000e+00
       3984     39.500     4.6428     4.7868     0.1439    0.79933    0.80282          1     7.2640     6.8628       9.97     0.0163  4.924e-11  1.000e-12  2.031e+00     7.4446     7.4471     0.0025     5.8992     5.8961     39.135     40.014      0.260    1434.80    1435.44  0.000e+00
       4030     40.000     4.4883     4.6447     0.1564    0.79611    0.79982          1     7.3306     6.8744       9.97     0.0164  4.924e-11  1.000e-12  2.031e+00     7.4471     7.4490     0.0019     5.9063     5.9026     39.630     40.520      0.268    1434.13    1434.83  0.000e+00
       4076     40.500     4.4354     4.5091     0.0737    0.79555    0.79710          1     7.3350     6.8958       9.97     0.0165  4.924e-11  1.000e-12  2.031e+00     7.4534     7.4523    -0.0011     5.9130     5.9097     40.125     41.026      0.249    1433.91    1434.24  0.000e+00
       4124     41.000     4.4177     4.4583     0.0406    0.79570    0.79638          1     7.3046     6.9068       9.97     0.0165  4.924e-11  1.000e-12  2.031e+00     7.4589     7.4565    -0.0024     5.9179     5.9147     40.621     41.532      0.249    1433.84    1434.02  0.000e+00
       4173     41.500     4.3728     4.4194     0.0465    0.79529    0.79604          1     7.2834     6.9043       9.97     0.0163  4.924e-11  1.000e-12  2.031e+00     7.4648     7.4619    -0.0029     5.9239     5.9202     41.116     42.039      0.245    1433.66    1433.86  0.000e+00
       4220     42.000     4.3477     4.3855     0.0379    0.79560    0.79587          1     7.2504     6.8938       9.97     0.0162  4.924e-11  1.000e-12  2.031e+00     7.4736     7.4677    -0.0059     5.9317     5.9259     41.611     42.545      0.266    1433.57    1433.73  0.000e+00
       4265     42.500     4.2669     4.3451     0.0783    0.79469    0.79576          1     7.2052     6.8821       9.97     0.0161  4.924e-11  1.000e-12  2.031e+00     7.4827     7.4757    -0.0070     5.9413     5.9334     42.107     43.051      0.265    1433.22    1433.57  0.000e+00
       4309     43.000     4.1771     4.2704     0.0933    0.79378    0.79501          1     7.1549     6.8603       9.97     0.0160  4.924e-11  1.000e-12  2.031e+00     7.4939     7.4850    -0.0089     5.9527     5.9430     42.602     43.557      0.271    1432.84    1433.25  0.000e+00
       4357     43.500     4.0225     4.1600     0.1374    0.79034    0.79351          1     7.1785     6.7879       9.97     0.0159  4.924e-11  1.000e-12  2.031e+00     7.4942     7.4949     0.0007     5.9570     5.9540     43.097     44.064      0.236    1432.16    1432.78  0.000e+00
       4408     44.000     3.9876     4.0403     0.0527    0.79079    0.79104          1     7.1949     6.7813       9.97     0.0160  4.924e-11  1.000e-12  2.031e+00     7.5067     7.4972    -0.0096     5.9678     5.9589     43.593     44.570      0.242    1432.03    1432.25  0.000e+00
       4456     44.500     4.0659     4.0503    -0.0156    0.79571    0.79306          1     6.9961     6.7743       9.97     0.0159  4.924e-11  1.000e-12  2.031e+00     7.5388     7.5155    -0.0234     5.9913     5.9732     44.088     45.076      0.246    1432.43    1432.33  0.000e+00
       4506     45.000     3.9766     4.0318     0.0553    0.79587    0.79542          1     6.8916     6.6740       9.97     0.0159  4.924e-11  1.000e-12  2.031e+00     7.5610     7.5436    -0.0174     6.0112     5.9960     44.583     45.582      0.240    1432.06    1432.29  0.000e+00
       4556     45.500     3.8816     3.9574     0.0757    0.79686    0.79621          1     6.7834     6.5706       9.97     0.0159  4.924e-11  1.000e-12  2.031e+00     7.5930     7.5688    -0.0242     6.0390     6.0179     45.078     46.089      0.253    1431.68    1431.99  0.000e+00
       4600     46.000     3.8238     3.8809     0.0570    0.79734    0.79700          1     6.7003     6.4744       9.97     0.0159  4.924e-11  1.000e-12  2.031e+00     7.6114     7.5946    -0.0168     6.0549     6.0402     45.574     46.595      0.281    1431.45    1431.69  0.000e+00
       4646     46.500     3.7679     3.8152     0.0473    0.79756    0.79753          1     6.6555     6.3796       9.97     0.0159  4.924e-11  1.000e-12  2.031e+00     7.6266     7.6153    -0.0113     6.0682     6.0582     46.069     47.101      0.231    1431.23    1431.43  0.000e+00
       4701     47.000     3.7247     3.7572     0.0325    0.79783    0.79784          1     6.6282     6.2975       9.97     0.0159  4.924e-11  1.000e-12  2.031e+00     7.6395     7.6320    -0.0076     6.0794     6.0727     46.564     47.607      0.234    1431.06    1431.19  0.000e+00
       4749     47.500     3.7191     3.7292     0.0101    0.79892    0.79835          1     6.6072     6.2709       9.89     0.0159  4.924e-11  1.000e-12  2.031e+00     7.6520     7.6437    -0.0083     6.0895     6.0826     47.060     48.113      0.249    1431.06    1431.09  0.000e+00
       4800     48.000     3.7201     3.7241     0.0040    0.79989    0.79943          1     6.5681     6.2244       9.50     0.0159  4.924e-11  1.000e-12  2.031e+00     7.6616     7.6560    -0.0056     6.0971     6.0925     47.555     48.620      0.228    1431.08    1431.09  0.000e+00
       4849     48.500     3.7169     3.7196     0.0027    0.80157    0.80038          1     6.5139     6.1673       9.01     0.0159  4.924e-11  1.000e-12  2.031e+00     7.6796     7.6667    -0.0129     6.1115     6.1012     48.050     49.126      0.268    1431.10    1431.09  0.000e+00
       4895     49.000     3.7851     3.7464    -0.0386    0.80809    0.80412          1     6.3502     6.1159       8.49     0.0159  4.924e-11  1.000e-12  2.031e+00     7.7304     7.6988    -0.0316     6.1504     6.1261     48.546     49.632      0.241    1431.48    1431.26  0.000e+00
       4945     49.500     3.8419     3.8123    -0.0296    0.81169    0.80952          1     6.2362     5.9889       7.95     0.0159  4.924e-11  1.000e-12  2.031e+00     7.7539     7.7386    -0.0153     6.1677     6.1563     49.041     50.138      0.253    1431.77    1431.62  0.000e+00
       4991     50.000     3.9138     3.8784    -0.0354    0.81709    0.81388          1     6.1172     5.8893       7.45     0.0159  4.924e-11  1.000e-12  2.031e+00     7.7921     7.7676    -0.0245     6.1964     6.1778     49.536     50.644      0.252    1432.16    1431.96  0.000e+00
       5044     50.500     3.9170     3.9138    -0.0032    0.81895    0.81792          1     6.0288     5.7718       6.91     0.0159  4.924e-11  1.000e-12  2.031e+00     7.8103     7.8005    -0.0098     6.2108     6.2031     50.032     51.150      0.222    1432.20    1432.17  0.000e+00
       5093     51.000     3.9157     3.9143    -0.0013    0.82058    0.81956          1     5.9738     5.6915       6.42     0.0159  4.924e-11  1.000e-12  2.031e+00     7.8273     7.8172    -0.0101     6.2243     6.2163     50.527     51.656      0.266    1432.23    1432.21  0.000e+00
       5140     51.500     3.9232     3.9200    -0.0033    0.82203    0.82112          1     5.9277     5.6180       5.88     0.0160  4.924e-11  1.000e-12  2.031e+00     7.8403     7.8317    -0.0086     6.2345     6.2277     51.022     52.163      0.240    1432.28    1432.26  0.000e+00
       5188     52.000     3.9729     3.9384    -0.0345    0.82943    0.82360          1     5.7386     5.5441       5.37     0.0159  4.924e-11  1.000e-12  2.031e+00     7.9040     7.8526    -0.0514     6.2839     6.2439     51.517     52.669      0.264    1432.60    1432.38  0.000e+00
       5235     52.500     4.1278     4.0402    -0.0876    0.85591    0.83987          1     5.0536     5.3536       4.84     0.0160  4.924e-11  1.000e-12  2.031e+00     8.1369     7.9944    -0.1425     6.4646     6.3539     52.013     53.175      0.241    1433.60    1433.02  0.000e+00
       5284     53.000     4.2242     4.1621    -0.0622    0.87206    0.86082          1     4.4863     4.8679       4.32     0.0161  4.924e-11  1.000e-12  2.031e+00     8.2778     8.1786    -0.0992     6.5736     6.4967     52.508     53.681      0.265    1434.22    1433.82  0.000e+00
       5329     53.500     4.2560     4.2292    -0.0268    0.87858    0.87307          1     4.2842     4.4494       3.77     0.0163  4.924e-11  1.000e-12  2.031e+00     8.3363     8.2868    -0.0494     6.6190     6.5806     53.003     54.187      0.247    1434.44    1434.26  0.000e+00
       5382     54.000     4.2631     4.2555    -0.0076    0.88078    0.87879          1     4.2285     4.1676       3.24     0.0163  4.924e-11  1.000e-12  2.031e+00     8.3568     8.3385    -0.0183     6.6351     6.6208     53.499     54.693      0.225    1434.51    1434.45  0.000e+00
       5431     54.500     4.2914     4.2691    -0.0223    0.88857    0.88264          1     4.0522     4.0453       2.72     0.0161  4.924e-11  1.000e-12  2.031e+00     8.4291     8.3742    -0.0549     6.6915     6.6487     53.994     55.198      0.270    1434.74    1434.57  0.000e+00
       5475     55.000     4.3265     4.2974    -0.0291    0.89424    0.88884          1     3.8799     3.9168       2.18     0.0162  4.924e-11  1.000e-12  2.031e+00     8.4779     8.4302    -0.0477     6.7291     6.6922     54.489     55.704      0.257    1434.96    1434.77  0.000e+00
       5602     55.500     4.3118     4.3080    -0.0038    0.89084    0.89026          1     3.9684     3.8187       1.29     0.0162  4.924e-11  1.000e-12  2.031e+00     8.4469     8.4419    -0.0050     6.7050     6.7011     54.985     56.210      0.027    1434.87    1434.84  0.000e+00
