ctdpy/exports/archive_20191120_135557/received_data/SBE09_1044_20181110_1736_34_01_0126.cnv
* Sea-Bird SBE 9 Data File:
* FileName = C:\ctd\temp\ar18d126.hex
* Software Version Seasave V 7.26.7.107
* Temperature SN = 5351
* Conductivity SN = 3941
* Number of Bytes Per Scan = 41
* Number of Voltage Words = 4
* Number of Scans Averaged by the Deck Unit = 1
* NMEA Latitude = 55 15.00 N
* NMEA Longitude = 015 59.03 E
* NMEA UTC (Time) = Nov 10 2018  17:36:24
* NMEA baud rate = 4800
** Station:  BY5
** Operator:  JKro
** Ship: ARANDA
** Average sound velocity: 1462.35 m/s
** True-depth calculation Sat, 10 Nov 2018 20:23:05 +0000
** CTD Python Module SMHI /ver 3-12/ feb 2012 
** LIMS Job: 20183401-0126
** Cruise: SMHI-6-2018
** Latitude [GG MM.mm N]:
** Longitude [GG MM.mm E]
# nquan = 26
# nvalues = 169                         
# units = specified
# name 0 = scan: Scan Count
# name 1 = prDM: Pressure, Digiquartz [db]
# name 2 = t090C: Temperature [ITS-90, deg C]
# name 3 = t190C: Temperature, 2 [ITS-90, deg C]
# name 4 = T2-T190C: Temperature Difference, 2 - 1 [ITS-90, deg C]
# name 5 = c0S/m: Conductivity [S/m]
# name 6 = c1S/m: Conductivity, 2 [S/m]
# name 7 = pumps: Pump Status
# name 8 = sbeox0ML/L: Oxygen, SBE 43 [ml/l]
# name 9 = sbeox1ML/L: Oxygen, SBE 43, 2 [ml/l]
# name 10 = altM: Altimeter [m]
# name 11 = flECO-AFL: Chl-a Fluorescence, WET Labs ECO-AFL/FL [mg/m^3]
# name 12 = flECO-AFL1: Phycocyanin Fluorescence, WET Labs ECO-AFL/FL, 2 [mg/m^3]
# name 13 = par: PAR/Irradiance, Biospherical/Lico [µE/(cm^2*s)]
# name 14 = turbWETntu0: Turbidity, WET Labs ECO [NTU]
# name 15 = sal00: Salinity, Practical [PSU]
# name 16 = sal11: Salinity, Practical, 2 [PSU]
# name 17 = secS-priS: Salinity, Practical, Difference, 2 - 1 [PSU]
# name 18 = sigma-t00: Density [sigma-t, Kg/m^3 ]
# name 19 = sigma-t11: Density, 2 [sigma-t, Kg/m^3 ]
# name 20 = depSM: Depth [salt water, m], lat = 55.25
# name 21 = depFM: Depth [true depth, m], lat = 55.25
# name 22 = dz/dtM: Descent Rate [m/s], WS = 2
# name 23 = svCM: Sound Velocity [Chen-Millero, m/s]
# name 24 = svCM1: Sound Velocity, 2 [Chen-Millero, m/s]
# name 25 = flag: flag
# span 0 =      59932,      64352       
# span 1 =      1.500,     85.500       
# span 2 =     6.8351,    11.6811       
# span 3 =     6.8295,    11.6788       
# span 4 =    -0.0524,     0.0339       
# span 5 =   0.923494,   2.080995       
# span 6 =   0.923116,   2.080754       
# span 7 =          1,          1       
# span 8 =    0.45337,    7.43557       
# span 9 =    0.51803,    7.09005       
# span 10 =       2.03,      97.66      
# span 11 =     0.2383,     3.5181      
# span 12 =     0.1327,     0.7188      
# span 13 = -1.559e-03, 3.3868e-02      
# span 14 =     0.1918,     0.4183      
# span 15 =     7.6635,    17.5011      
# span 16 =     7.6630,    17.5549      
# span 17 =    -0.0075,     0.0539      
# span 18 =     5.6921,    13.2682      
# span 19 =     5.6916,    13.2843      
# span 20 =      1.486,     84.710      
# span 21 =      1.519,     86.330      
# span 22 =      0.042,      0.580      
# span 23 =    1446.13,    1474.47      
# span 24 =    1446.11,    1474.46      
# span 25 = 0.0000e+00, 0.0000e+00      
# interval = decibars: 0.5              
# start_time = Nov 10 2018 17:36:24 [NMEA time, first data scan]
# bad_flag = -9.990e-29
*END*
      59932      1.500     9.9294     9.9309     0.0015    0.94584    0.94584          1     7.4307     7.0850      54.23     3.3610     0.7092  3.387e-02  0.3237000     7.6637     7.6634    -0.0003     5.6924     5.6920      1.486      1.519      0.204    1456.46    1456.46  0.000e+00
      60098      2.000     9.9297     9.9308     0.0010    0.94586    0.94584          1     7.4224     7.0790      69.90     3.4093     0.6927 -1.559e-03  0.3336000     7.6637     7.6633    -0.0004     5.6924     5.6920      1.982      2.026      0.265    1456.47    1456.47  0.000e+00
      60133      2.500     9.9292     9.9295     0.0003    0.94587    0.94588          1     7.4106     7.0786      35.40     3.2618     0.6695  1.000e-12  0.3529000     7.6639     7.6639     0.0001     5.6926     5.6926      2.477      2.532      0.418    1456.48    1456.47  0.000e+00
      60166      3.000     9.9282     9.9299     0.0017    0.94589    0.94588          1     7.4212     7.0874      84.95     3.5181     0.7150  1.000e-12  0.3464000     7.6642     7.6638    -0.0004     5.6929     5.6924      2.973      3.038      0.347    1456.48    1456.49  0.000e+00
      60198      3.500     9.9304     9.9320     0.0016    0.94587    0.94585          1     7.4181     7.0835      44.27     3.4056     0.6655  1.000e-12  0.3656000     7.6635     7.6630    -0.0005     5.6922     5.6916      3.468      3.545      0.457    1456.49    1456.50  0.000e+00
      60222      4.000     9.9307     9.9305    -0.0001    0.94588    0.94590          1     7.4163     7.0802      53.50     3.3696     0.6818  1.000e-12  0.4010000     7.6635     7.6637     0.0002     5.6921     5.6923      3.964      4.051      0.469    1456.50    1456.50  0.000e+00
      60250      4.500     9.9269     9.9269    -0.0000    0.94595    0.94597          1     7.4037     7.0842      92.32     3.4572     0.7188  1.000e-12  0.3627000     7.6648     7.6650     0.0002     5.6936     5.6937      4.459      4.557      0.426    1456.50    1456.50  0.000e+00
      60277      5.000     9.9229     9.9236     0.0006    0.94600    0.94601          1     7.4125     7.0872      33.64     3.3832     0.7050  1.000e-12  0.3527000     7.6661     7.6660    -0.0000     5.6950     5.6949      4.955      5.064      0.504    1456.49    1456.49  0.000e+00
      60298      5.500     9.9213     9.9229     0.0016    0.94602    0.94602          1     7.4332     7.0863      51.91     3.3971     0.7046  1.000e-12  0.3528000     7.6665     7.6662    -0.0003     5.6955     5.6950      5.450      5.570      0.547    1456.49    1456.50  0.000e+00
      60321      6.000     9.9235     9.9269     0.0034    0.94600    0.94595          1     7.4356     7.0737      88.41     3.4212     0.7017  1.000e-12  0.3416000     7.6658     7.6646    -0.0011     5.6947     5.6934      5.946      6.077      0.497    1456.51    1456.52  0.000e+00
      60347      6.500     9.9274     9.9294     0.0020    0.94592    0.94589          1     7.4130     7.0766      54.81     3.4208     0.6939  1.000e-12  0.3472000     7.6642     7.6635    -0.0007     5.6930     5.6923      6.441      6.583      0.475    1456.53    1456.54  0.000e+00
      60371      7.000     9.9264     9.9284     0.0019    0.94594    0.94593          1     7.4191     7.0861      38.56     3.3835     0.7040  1.000e-12  0.3537000     7.6645     7.6640    -0.0005     5.6934     5.6928      6.937      7.089      0.540    1456.54    1456.55  0.000e+00
      60392      7.500     9.9225     9.9259     0.0034    0.94603    0.94599          1     7.4341     7.0861      82.75     3.3451     0.6907  1.000e-12  0.3426000     7.6661     7.6650    -0.0011     5.6951     5.6938      7.432      7.596      0.560    1456.53    1456.54  0.000e+00
      60414      8.000     9.9240     9.9222    -0.0018    0.94600    0.94606          1     7.4274     7.0858      88.27     3.3763     0.6653  1.000e-12  0.3496000     7.6654     7.6664     0.0009     5.6943     5.6953      7.928      8.102      0.524    1456.54    1456.54  0.000e+00
      60438      8.500     9.9087     9.9114     0.0027    0.94631    0.94628          1     7.4136     7.0897      24.87     3.3969     0.6933  1.000e-12  0.3513000     7.6714     7.6705    -0.0009     5.7006     5.6997      8.423      8.609      0.507    1456.50    1456.51  0.000e+00
      60461      9.000     9.9051     9.9069     0.0019    0.94639    0.94638          1     7.4242     7.0900      66.91     3.3848     0.7055  1.000e-12  0.3479000     7.6727     7.6723    -0.0005     5.7021     5.7015      8.918      9.115      0.542    1456.50    1456.50  0.000e+00
      60482      9.500     9.9102     9.9086    -0.0016    0.94629    0.94635          1     7.4285     7.0877      95.86     3.3819     0.6646  1.000e-12  0.3535000     7.6708     7.6716     0.0009     5.7000     5.7008      9.414      9.621      0.558    1456.52    1456.52  0.000e+00
      60504     10.000     9.9062     9.9072     0.0010    0.94639    0.94639          1     7.4320     7.0864      41.21     3.3957     0.6212  1.000e-12  0.3690000     7.6724     7.6722    -0.0002     5.7017     5.7014      9.909     10.128      0.531    1456.52    1456.52  0.000e+00
      60527     10.500     9.8973     9.8992     0.0019    0.94661    0.94659          1     7.4303     7.0821      48.18     3.3142     0.6793  1.000e-12  0.3516000     7.6762     7.6756    -0.0006     5.7056     5.7049     10.405     10.634      0.519    1456.49    1456.50  0.000e+00
      60550     11.000     9.8896     9.8899     0.0003    0.94678    0.94680          1     7.4189     7.0762      87.96     3.3366     0.6025  1.000e-12  0.3472000     7.6792     7.6793     0.0001     5.7087     5.7088     10.900     11.140      0.544    1456.48    1456.48  0.000e+00
      60572     11.500     9.8832     9.8847     0.0015    0.94690    0.94690          1     7.4054     7.0751      97.61     3.2098     0.6552  1.000e-12  0.3527000     7.6816     7.6812    -0.0004     5.7113     5.7108     11.396     11.647      0.541    1456.46    1456.47  0.000e+00
      60595     12.000     9.8805     9.8831     0.0026    0.94693    0.94692          1     7.4031     7.0748      65.95     3.2432     0.6497  1.000e-12  0.3536000     7.6823     7.6817    -0.0006     5.7121     5.7114     11.891     12.153      0.514    1456.46    1456.47  0.000e+00
      60618     12.500     9.8790     9.8811     0.0021    0.94693    0.94693          1     7.4013     7.0731      73.24     3.2400     0.6653  1.000e-12  0.3498000     7.6826     7.6821    -0.0004     5.7125     5.7120     12.387     12.660      0.529    1456.46    1456.47  0.000e+00
      60640     13.000     9.8710     9.8736     0.0026    0.94693    0.94693          1     7.4017     7.0700      97.40     3.2262     0.6690  1.000e-12  0.3344000     7.6842     7.6837    -0.0005     5.7146     5.7140     12.882     13.166      0.564    1456.44    1456.45  0.000e+00
      60661     13.500     9.8688     9.8702     0.0015    0.94698    0.94697          1     7.4085     7.0667      28.08     3.1972     0.6607  1.000e-12  0.3311000     7.6850     7.6847    -0.0003     5.7155     5.7151     13.378     13.672      0.555    1456.44    1456.45  0.000e+00
      60683     14.000     9.8670     9.8682     0.0012    0.94702    0.94702          1     7.4038     7.0601      56.42     3.1154     0.6638  1.000e-12  0.3510000     7.6858     7.6855    -0.0003     5.7163     5.7159     13.873     14.179      0.509    1456.44    1456.45  0.000e+00
      60708     14.500     9.8651     9.8664     0.0012    0.94700    0.94699          1     7.3913     7.0591      32.08     3.0957     0.6902  1.000e-12  0.3407000     7.6859     7.6856    -0.0003     5.7166     5.7162     14.369     14.685      0.506    1456.44    1456.45  0.000e+00
      60730     15.000     9.8642     9.8655     0.0013    0.94700    0.94700          1     7.3870     7.0650      69.78     3.0194     0.6178  1.000e-12  0.3410000     7.6861     7.6857    -0.0003     5.7168     5.7164     14.864     15.191      0.567    1456.45    1456.45  0.000e+00
      60751     15.500     9.8623     9.8637     0.0015    0.94699    0.94698          1     7.3922     7.0712      96.10     2.9767     0.6174  1.000e-12  0.3407000     7.6863     7.6859    -0.0004     5.7172     5.7167     15.359     15.698      0.580    1456.45    1456.46  0.000e+00
      60772     16.000     9.8577     9.8589     0.0012    0.94693    0.94692          1     7.3864     7.0585      41.14     2.9720     0.6547  1.000e-12  0.3397000     7.6867     7.6863    -0.0003     5.7179     5.7176     15.855     16.204      0.524    1456.44    1456.45  0.000e+00
      60797     16.500     9.8463     9.8468     0.0005    0.94679    0.94677          1     7.3729     7.0408      53.40     2.9122     0.6572  1.000e-12  0.3311000     7.6879     7.6876    -0.0003     5.7201     5.7198     16.350     16.711      0.492    1456.41    1456.41  0.000e+00
      60820     17.000     9.7960     9.7961     0.0001    0.94628    0.94627          1     7.3743     7.0346      33.06     2.7484     0.5837  1.000e-12  0.3182000     7.6940     7.6939    -0.0001     5.7302     5.7301     16.846     17.217      0.536    1456.22    1456.23  0.000e+00
      60842     17.500     9.7873     9.7898     0.0024    0.94692    0.94698          1     7.3777     7.0262      71.09     2.5847     0.5177  1.000e-12  0.3102000     7.7014     7.7014    -0.0001     5.7369     5.7366     17.341     17.723      0.572    1456.21    1456.22  0.000e+00
      60863     18.000     9.8183     9.8181    -0.0001    0.94867    0.94865          1     7.2977     6.9620      97.66     2.4276     0.5734  1.000e-12  0.3082000     7.7101     7.7099    -0.0001     5.7403     5.7402     17.837     18.230      0.548    1456.35    1456.35  0.000e+00
      60886     18.500     9.8997     9.9015     0.0016    0.95292    0.95304          1     7.1093     6.8307      46.09     2.1635     0.4939  1.000e-12  0.2945000     7.7298     7.7305     0.0007     5.7470     5.7474     18.332     18.736      0.503    1456.70    1456.70  0.000e+00
      60910     19.000     9.9256     9.9250    -0.0006    0.95450    0.95445          1     7.0328     6.7723      45.93     1.6300     0.4258  1.000e-12  0.2543000     7.7381     7.7378    -0.0003     5.7507     5.7505     18.827     19.242      0.508    1456.82    1456.81  0.000e+00
      60933     19.500     9.8742     9.8744     0.0002    0.95323    0.95318          1     7.0901     6.7909      35.43     1.5363     0.4115  1.000e-12  0.2548000     7.7378     7.7374    -0.0004     5.7560     5.7556     19.323     19.749      0.557    1456.62    1456.62  0.000e+00
      60953     20.000     9.8760     9.8771     0.0012    0.95349    0.95349          1     7.1114     6.7992      64.11     1.5770     0.4151  1.000e-12  0.2601000     7.7397     7.7394    -0.0003     5.7572     5.7569     19.818     20.255      0.574    1456.64    1456.64  0.000e+00
      60975     20.500     9.8766     9.8775     0.0010    0.95354    0.95354          1     7.1105     6.7911      97.59     1.5384     0.4343  1.000e-12  0.2549000     7.7400     7.7398    -0.0002     5.7574     5.7572     20.314     20.761      0.546    1456.65    1456.65  0.000e+00
      60998     21.000     9.8733     9.8750     0.0018    0.95369    0.95378          1     7.0856     6.7696      57.39     1.4805     0.4655  1.000e-12  0.2390000     7.7419     7.7424     0.0004     5.7593     5.7594     20.809     21.268      0.506    1456.65    1456.66  0.000e+00
      61022     21.500     9.8691     9.8723     0.0032    0.95459    0.95471          1     6.9998     6.7064      37.49     1.3732     0.4101  1.000e-12  0.2210000     7.7506     7.7510     0.0004     5.7665     5.7664     21.305     21.774      0.519    1456.65    1456.67  0.000e+00
      61044     22.000     9.8832     9.8812    -0.0019    0.95591    0.95580          1     6.9561     6.6829      42.23     1.2381     0.3551  1.000e-12  0.2186000     7.7591     7.7585    -0.0005     5.7715     5.7713     21.800     22.281      0.564    1456.73    1456.72  0.000e+00
      61064     22.500     9.8204     9.8234     0.0031    0.95422    0.95422          1     6.9599     6.6808      51.89     1.1238     0.3632  1.000e-12  0.2228000     7.7577     7.7570    -0.0007     5.7772     5.7763     22.295     22.787      0.557    1456.49    1456.50  0.000e+00
      61087     23.000     9.8024     9.8140     0.0116    0.95364    0.95409          1     6.9816     6.6785      89.44     1.1540     0.3430  1.000e-12  0.2239000     7.7564     7.7579     0.0015     5.7781     5.7780     22.791     23.293      0.511    1456.42    1456.47  0.000e+00
      61111     23.500     9.7573     9.7601     0.0028    0.95199    0.95206          1     6.9849     6.6603      61.57     1.1682     0.3371  1.000e-12  0.2293000     7.7515     7.7515     0.0000     5.7790     5.7787     23.286     23.800      0.509    1456.25    1456.26  0.000e+00
      61134     24.000     9.7340     9.7371     0.0032    0.95154    0.95161          1     6.9485     6.6381      28.47     1.1673     0.3527  1.000e-12  0.2240000     7.7526     7.7525    -0.0001     5.7823     5.7819     23.782     24.306      0.552    1456.17    1456.18  0.000e+00
      61155     24.500     9.7351     9.7367     0.0016    0.95299    0.95299          1     6.8650     6.5906      64.84     1.1169     0.3635  1.000e-12  0.2196000     7.7650     7.7646    -0.0003     5.7918     5.7914     24.277     24.812      0.567    1456.19    1456.20  0.000e+00
      61176     25.000     9.7499     9.7513     0.0014    0.95478    0.95481          1     6.8071     6.5560      83.12     1.0424     0.3517  1.000e-12  0.2114000     7.7774     7.7775     0.0000     5.8000     5.7999     24.773     25.319      0.535    1456.27    1456.28  0.000e+00
      61200     25.500     9.7002     9.6993    -0.0009    0.95428    0.95411          1     6.8448     6.5718      39.30     0.9796     0.3260  1.000e-12  0.2039000     7.7837     7.7824    -0.0013     5.8100     5.8091     25.268     25.825      0.507    1456.10    1456.09  0.000e+00
      61223     26.000     9.6308     9.6332     0.0024    0.95280    0.95284          1     6.9035     6.6041      69.03     0.9642     0.3316  1.000e-12  0.2030000     7.7856     7.7854    -0.0002     5.8188     5.8184     25.763     26.331      0.540    1455.83    1455.84  0.000e+00
      61245     26.500     9.5968     9.6004     0.0036    0.95334    0.95344          1     6.8651     6.5787      96.55     0.9501     0.3444  1.000e-12  0.2006000     7.7977     7.7978     0.0001     5.8317     5.8314     26.259     26.838      0.556    1455.72    1455.74  0.000e+00
      61267     27.000     9.6500     9.6513     0.0012    0.95718    0.95723          1     6.7908     6.5279      97.53     0.8713     0.3277  1.000e-12  0.2097000     7.8199     7.8200     0.0001     5.8434     5.8434     26.754     27.344      0.527    1455.97    1455.97  0.000e+00
      61290     27.500     9.5373     9.5370    -0.0002    0.95541    0.95536          1     6.7037     6.4575      72.73     0.8462     0.2934  1.000e-12  0.1918000     7.8287     7.8283    -0.0004     5.8619     5.8616     27.250     27.850      0.516    1455.54    1455.54  0.000e+00
      61313     28.000     9.4563     9.4545    -0.0019    0.95535    0.95510          1     6.6730     6.4313      25.49     0.8130     0.2930  1.000e-12  0.2038000     7.8457     7.8439    -0.0019     5.8835     5.8822     27.745     28.356      0.551    1455.25    1455.24  0.000e+00
      61334     28.500     9.3793     9.3832     0.0039    0.95368    0.95385          1     6.6758     6.4096      44.91     0.7836     0.3207  1.000e-12  0.2004000     7.8477     7.8483     0.0007     5.8928     5.8929     28.241     28.863      0.564    1454.96    1454.98  0.000e+00
