ctdpy/exports/archive_20191120_135557/received_data/SBE09_0827_20181120_1146_26_01_1205.cnv
* Sea-Bird SBE 9 Data File:
* FileName = D:\CTD_SBE911\DAT\26DA.2018.12.5.hex
* Software Version Seasave V 7.21d
* Temperature SN = 4548
* Conductivity SN = 3062
* Number of Bytes Per Scan = 48
* Number of Voltage Words = 5
* Number of Scans Averaged by the Deck Unit = 1
* NMEA Latitude = 55 40.73 N
* NMEA Longitude = 014 23.36 E
* NMEA UTC (Time) = Nov 20 2018  11:46:43
* NMEA baud rate = 4800
** Ship: DANA
** Average sound velocity: 1447.76 m/s
** True-depth calculation Tue, 02 Apr 2019 12:11:53 +0000
** CTD Python Module SMHI /ver 3-12/ feb 2012 
** LIMS Job: 20182601-1205
** Operator: Ronny
** Cruise: 12/2018
# nquan = 26
# nvalues = 80                          
# units = specified
# name 0 = scan: Scan Count
# name 1 = prDM: Pressure, Digiquartz [db]
# name 2 = t090C: Temperature [ITS-90, deg C]
# name 3 = t190C: Temperature, 2 [ITS-90, deg C]
# name 4 = T2-T190C: Temperature Difference, 2 - 1 [ITS-90, deg C]
# name 5 = c0S/m: Conductivity [S/m]
# name 6 = c1S/m: Conductivity, 2 [S/m]
# name 7 = pumps: Pump Status
# name 8 = sbeox1ML/L: Oxygen, SBE 43, 2 [ml/l]
# name 9 = sbeox0ML/L: Oxygen, SBE 43 [ml/l]
# name 10 = altM: Altimeter [m]
# name 11 = chloroflTC0: Chlorophyll, Turner Cyclops [ug/l]
# name 12 = cpar: CPAR/Corrected Irradiance [%]
# name 13 = par: PAR/Irradiance, Biospherical/Lico [µE/(cm^2*s)]
# name 14 = spar: SPAR, Biospherical/Licor
# name 15 = sal00: Salinity, Practical [PSU]
# name 16 = sal11: Salinity, Practical, 2 [PSU]
# name 17 = secS-priS: Salinity, Practical, Difference, 2 - 1 [PSU]
# name 18 = sigma-t00: Density [sigma-t, kg/m^3 ]
# name 19 = sigma-t11: Density, 2 [sigma-t, kg/m^3 ]
# name 20 = depSM: Depth [salt water, m], lat = 55.6788
# name 21 = depFM: Depth [true depth, m], lat = 55.6788
# name 22 = dz/dtM: Descent Rate [m/s], WS = 2
# name 23 = svCM: Sound Velocity [Chen-Millero, m/s]
# name 24 = svCM1: Sound Velocity, 2 [Chen-Millero, m/s]
# name 25 = flag: flag
# span 0 =         33,       4039       
# span 1 =      1.500,     41.000       
# span 2 =     7.7211,     7.7365       
# span 3 =     7.7218,     7.7307       
# span 4 =    -0.0130,     0.0040       
# span 5 =   0.876479,   0.877345       
# span 6 =   0.876495,   0.877361       
# span 7 =          1,          1       
# span 8 =     7.4925,     7.5255       
# span 9 =     7.7149,     7.7499       
# span 10 =       1.06,       9.99      
# span 11 =     0.0264,     0.0308      
# span 12 = -1.058e-05, 8.0652e-01      
# span 13 = -1.628e-04, 1.2801e+01      
# span 14 = 8.0319e+02, 1.5878e+03      
# span 15 =     7.5116,     7.5152      
# span 16 =     7.5114,     7.5152      
# span 17 =    -0.0008,     0.0006      
# span 18 =     5.7776,     5.7808      
# span 19 =     5.7774,     5.7808      
# span 20 =      1.486,     40.624      
# span 21 =      1.519,     41.520      
# span 22 =     -0.056,      1.002      
# span 23 =    1447.47,    1448.08      
# span 24 =    1447.47,    1448.08      
# span 25 = 0.0000e+00, 0.0000e+00      
# interval = decibars: 0.5              
# start_time = Nov 20 2018 11:46:44 [NMEA time, first data scan]
# bad_flag = -9.990e-29
*END*
         33      1.500     7.7268     7.7287     0.0019    0.87649    0.87652          1     7.5110     7.7360       9.99     0.0287  8.065e-01  1.280e+01  1.588e+03     7.5116     7.5115    -0.0001     5.7779     5.7776      1.486      1.519     -0.056    1447.47    1447.47  0.000e+00
        140      2.000     7.7297     7.7298     0.0001    0.87655    0.87654          1     7.5093     7.7445       9.99     0.0275  7.801e-01  1.236e+01  1.584e+03     7.5116     7.5115    -0.0001     5.7776     5.7776      1.982      2.025      0.369    1447.47    1447.47  0.000e+00
        228      2.500     7.7298     7.7307     0.0009    0.87657    0.87657          1     7.4966     7.7499       9.99     0.0269  6.407e-01  1.006e+01  1.570e+03     7.5116     7.5114    -0.0002     5.7776     5.7774      2.477      2.532      0.699    1447.48    1447.49  0.000e+00
        267      3.000     7.7302     7.7296    -0.0006    0.87658    0.87655          1     7.5070     7.7473       9.99     0.0270  5.236e-01  8.252e+00  1.576e+03     7.5116     7.5115    -0.0001     5.7776     5.7776      2.973      3.038      0.468    1447.49    1447.49  0.000e+00
        354      3.500     7.7306     7.7276    -0.0030    0.87660    0.87653          1     7.5096     7.7389       9.99     0.0264  4.789e-01  7.575e+00  1.582e+03     7.5116     7.5117     0.0000     5.7776     5.7779      3.468      3.544      1.002    1447.50    1447.49  0.000e+00
        366      4.000     7.7296     7.7289    -0.0008    0.87658    0.87655          1     7.5200     7.7402       9.99     0.0268  3.945e-01  6.224e+00  1.578e+03     7.5116     7.5115    -0.0001     5.7777     5.7776      3.964      4.051      0.753    1447.51    1447.51  0.000e+00
        435      4.500     7.7278     7.7290     0.0012    0.87655    0.87657          1     7.5130     7.7356       9.99     0.0277  3.305e-01  5.189e+00  1.570e+03     7.5117     7.5115    -0.0001     5.7778     5.7777      4.459      4.557      0.371    1447.51    1447.51  0.000e+00
        494      5.000     7.7229     7.7240     0.0011    0.87648    0.87650          1     7.5012     7.7361       9.99     0.0274  2.767e-01  4.343e+00  1.570e+03     7.5120     7.5119    -0.0001     5.7785     5.7783      4.955      5.063      0.462    1447.49    1447.50  0.000e+00
        519      5.500     7.7245     7.7243    -0.0002    0.87651    0.87650          1     7.5030     7.7402       9.99     0.0270  2.291e-01  3.591e+00  1.567e+03     7.5119     7.5118    -0.0000     5.7783     5.7783      5.450      5.570      0.390    1447.51    1447.51  0.000e+00
        607      6.000     7.7252     7.7247    -0.0005    0.87654    0.87651          1     7.5002     7.7312       9.99     0.0279  2.059e-01  3.227e+00  1.567e+03     7.5120     7.5118    -0.0002     5.7783     5.7782      5.945      6.076      0.273    1447.52    1447.52  0.000e+00
        646      6.500     7.7270     7.7276     0.0006    0.87660    0.87660          1     7.4981     7.7311       9.99     0.0280  1.768e-01  2.776e+00  1.570e+03     7.5121     7.5120    -0.0001     5.7782     5.7781      6.441      6.582      0.495    1447.54    1447.54  0.000e+00
        669      7.000     7.7265     7.7262    -0.0002    0.87662    0.87659          1     7.5130     7.7396       9.98     0.0278  1.479e-01  2.319e+00  1.568e+03     7.5123     7.5121    -0.0002     5.7785     5.7783      6.936      7.089      0.460    1447.54    1447.54  0.000e+00
        729      7.500     7.7297     7.7269    -0.0028    0.87669    0.87662          1     7.5101     7.7394       9.98     0.0283  1.286e-01  2.003e+00  1.558e+03     7.5122     7.5122     0.0000     5.7781     5.7783      7.432      7.595      0.247    1447.56    1447.55  0.000e+00
        789      8.000     7.7220     7.7259     0.0040    0.87652    0.87660          1     7.5020     7.7394       9.98     0.0281  1.170e-01  1.826e+00  1.561e+03     7.5123     7.5121    -0.0001     5.7788     5.7783      7.927      8.101      0.384    1447.54    1447.56  0.000e+00
        817      8.500     7.7219     7.7230     0.0010    0.87654    0.87654          1     7.5116     7.7368       9.98     0.0280  9.747e-02  1.524e+00  1.563e+03     7.5124     7.5122    -0.0002     5.7789     5.7786      8.423      8.608      0.377    1447.55    1447.55  0.000e+00
        885      9.000     7.7275     7.7238    -0.0038    0.87669    0.87658          1     7.5183     7.7342       9.98     0.0289  8.346e-02  1.305e+00  1.564e+03     7.5124     7.5123    -0.0002     5.7785     5.7786      8.918      9.114      0.230    1447.58    1447.57  0.000e+00
        941      9.500     7.7240     7.7256     0.0016    0.87659    0.87664          1     7.5076     7.7298       9.98     0.0285  7.262e-02  1.139e+00  1.568e+03     7.5123     7.5123     0.0001     5.7786     5.7785      9.414      9.621      0.409    1447.57    1447.58  0.000e+00
        968     10.000     7.7221     7.7232     0.0011    0.87657    0.87658          1     7.5039     7.7308       9.98     0.0287  6.171e-02  9.667e-01  1.566e+03     7.5124     7.5123    -0.0001     5.7789     5.7787      9.909     10.127      0.382    1447.57    1447.58  0.000e+00
       1011     10.500     7.7225     7.7228     0.0003    0.87658    0.87658          1     7.5221     7.7306       9.98     0.0296  5.424e-02  8.464e-01  1.560e+03     7.5124     7.5123    -0.0001     5.7788     5.7787     10.404     10.633      0.225    1447.58    1447.58  0.000e+00
       1065     11.000     7.7281     7.7305     0.0024    0.87672    0.87677          1     7.5197     7.7370       9.97     0.0308  4.748e-02  7.383e-01  1.555e+03     7.5123     7.5123    -0.0000     5.7784     5.7781     10.900     11.140      0.239    1447.61    1447.62  0.000e+00
       1120     11.500     7.7212     7.7224     0.0012    0.87658    0.87660          1     7.5195     7.7421       9.97     0.0303  3.725e-02  5.804e-01  1.558e+03     7.5125     7.5124    -0.0001     5.7790     5.7789     11.395     11.646      0.191    1447.59    1447.60  0.000e+00
       1186     12.000     7.7241     7.7250     0.0009    0.87662    0.87663          1     7.5115     7.7427       9.97     0.0303  3.372e-02  5.288e-01  1.568e+03     7.5122     7.5121    -0.0001     5.7786     5.7784     11.891     12.152      0.247    1447.61    1447.62  0.000e+00
       1224     12.500     7.7329     7.7253    -0.0077    0.87687    0.87665          1     7.5127     7.7417       9.97     0.0297  2.904e-02  4.530e-01  1.560e+03     7.5126     7.5121    -0.0004     5.7781     5.7784     12.386     12.659      0.331    1447.66    1447.62  0.000e+00
       1271     13.000     7.7365     7.7233    -0.0130    0.87696    0.87665          1     7.5255     7.7367       9.97     0.0304  2.235e-02  3.463e-01  1.549e+03     7.5125     7.5125    -0.0001     5.7779     5.7788     12.882     13.165      0.218    1447.68    1447.63  0.000e+00
       1323     13.500     7.7217     7.7227     0.0010    0.87661    0.87664          1     7.5217     7.7318       9.97     0.0293  1.956e-02  3.031e-01  1.549e+03     7.5124     7.5125     0.0000     5.7789     5.7788     13.377     13.671      0.300    1447.63    1447.63  0.000e+00
       1368     14.000     7.7213     7.7222     0.0008    0.87662    0.87664          1     7.5043     7.7264       9.97     0.0293  1.704e-02  2.635e-01  1.546e+03     7.5126     7.5125    -0.0000     5.7791     5.7789     13.873     14.178      0.223    1447.63    1447.64  0.000e+00
       1428     14.500     7.7211     7.7220     0.0009    0.87659    0.87663          1     7.5083     7.7324       9.97     0.0288  1.148e-02  1.772e-01  1.544e+03     7.5123     7.5124     0.0001     5.7789     5.7789     14.368     14.684      0.221    1447.64    1447.64  0.000e+00
       1487     15.000     7.7213     7.7219     0.0006    0.87662    0.87662          1     7.5028     7.7259       9.97     0.0287  9.827e-03  1.526e-01  1.553e+03     7.5124     7.5123    -0.0002     5.7790     5.7788     14.863     15.190      0.210    1447.65    1447.65  0.000e+00
       1534     15.500     7.7217     7.7221     0.0004    0.87664    0.87665          1     7.5134     7.7262       9.97     0.0280  8.095e-03  1.255e-01  1.550e+03     7.5125     7.5124    -0.0000     5.7790     5.7789     15.359     15.697      0.346    1447.66    1447.66  0.000e+00
       1565     16.000     7.7218     7.7223     0.0005    0.87666    0.87666          1     7.5153     7.7335       9.96     0.0281  4.804e-03  7.391e-02  1.538e+03     7.5126     7.5125    -0.0001     5.7791     5.7789     15.854     16.203      0.388    1447.67    1447.67  0.000e+00
       1601     16.500     7.7214     7.7223     0.0008    0.87664    0.87666          1     7.5044     7.7380       9.96     0.0285  2.046e-03  3.133e-02  1.532e+03     7.5124     7.5124     0.0001     5.7789     5.7789     16.350     16.709      0.248    1447.67    1447.68  0.000e+00
       1666     17.000     7.7217     7.7222     0.0005    0.87663    0.87663          1     7.5233     7.7332       9.96     0.0278  1.562e-03  2.407e-02  1.541e+03     7.5122     7.5121    -0.0002     5.7788     5.7786     16.845     17.216      0.248    1447.68    1447.68  0.000e+00
       1712     17.500     7.7219     7.7223     0.0004    0.87666    0.87665          1     7.5144     7.7364       9.96     0.0276  6.256e-05  9.593e-04  1.538e+03     7.5124     7.5121    -0.0003     5.7789     5.7786     17.340     17.722      0.230    1447.69    1447.69  0.000e+00
       1786     18.000     7.7215     7.7222     0.0007    0.87662    0.87665          1     7.4983     7.7297       9.96     0.0273 -1.058e-05 -1.628e-04  1.548e+03     7.5121     7.5121     0.0001     5.7786     5.7786     17.836     18.228      0.310    1447.70    1447.70  0.000e+00
       1814     18.500     7.7216     7.7222     0.0006    0.87663    0.87665          1     7.5029     7.7260       9.96     0.0270  6.452e-14  1.000e-12  1.550e+03     7.5120     7.5121     0.0001     5.7786     5.7786     18.331     18.735      0.402    1447.71    1447.71  0.000e+00
       1850     19.000     7.7215     7.7222     0.0006    0.87664    0.87664          1     7.5113     7.7285       9.96     0.0273  6.464e-14  1.000e-12  1.547e+03     7.5120     7.5120    -0.0001     5.7786     5.7785     18.827     19.241      0.265    1447.71    1447.72  0.000e+00
       1906     19.500     7.7220     7.7226     0.0005    0.87669    0.87669          1     7.5105     7.7225       9.96     0.0275  6.501e-14  1.000e-12  1.538e+03     7.5124     7.5122    -0.0001     5.7788     5.7787     19.322     19.747      0.261    1447.72    1447.73  0.000e+00
       1942     20.000     7.7220     7.7225     0.0004    0.87668    0.87669          1     7.4925     7.7293       9.96     0.0270  6.488e-14  1.000e-12  1.541e+03     7.5122     7.5122    -0.0000     5.7787     5.7787     19.818     20.254      0.404    1447.73    1447.73  0.000e+00
       1972     20.500     7.7215     7.7222     0.0007    0.87665    0.87667          1     7.5013     7.7299       9.96     0.0271  6.480e-14  1.000e-12  1.543e+03     7.5120     7.5120     0.0000     5.7786     5.7785     20.313     20.760      0.307    1447.74    1447.74  0.000e+00
       2049     21.000     7.7213     7.7218     0.0005    0.87665    0.87664          1     7.5222     7.7253       9.96     0.0285  6.495e-14  1.000e-12  1.540e+03     7.5119     7.5118    -0.0002     5.7786     5.7784     20.808     21.266      0.278    1447.74    1447.75  0.000e+00
       2086     21.500     7.7213     7.7218     0.0004    0.87665    0.87665          1     7.5209     7.7281       9.96     0.0280  6.488e-14  1.000e-12  1.541e+03     7.5119     7.5118    -0.0001     5.7786     5.7784     21.304     21.773      0.379    1447.75    1447.75  0.000e+00
       2120     22.000     7.7213     7.7218     0.0005    0.87666    0.87666          1     7.5172     7.7309       9.96     0.0274  6.455e-14  1.000e-12  1.549e+03     7.5119     7.5118    -0.0001     5.7786     5.7784     21.799     22.279      0.306    1447.76    1447.76  0.000e+00
       2166     22.500     7.7215     7.7219     0.0004    0.87669    0.87667          1     7.5112     7.7302       9.96     0.0278  6.493e-14  1.000e-12  1.540e+03     7.5121     7.5119    -0.0002     5.7787     5.7785     22.295     22.785      0.253    1447.77    1447.77  0.000e+00
       2211     23.000     7.7216     7.7220     0.0004    0.87670    0.87669          1     7.5053     7.7291       9.96     0.0270  7.572e-14  1.000e-12  1.331e+03     7.5121     7.5120    -0.0002     5.7787     5.7785     22.790     23.292      0.247    1447.78    1447.78  0.000e+00
       2270     23.500     7.7216     7.7222     0.0005    0.87671    0.87671          1     7.5179     7.7311       9.96     0.0275  1.104e-13  1.000e-12  9.179e+02     7.5122     7.5121    -0.0001     5.7787     5.7786     23.285     23.798      0.237    1447.79    1447.79  0.000e+00
       2311     24.000     7.7216     7.7221     0.0005    0.87670    0.87671          1     7.5131     7.7241       9.96     0.0269  1.245e-13  1.000e-12  8.032e+02     7.5121     7.5120    -0.0001     5.7786     5.7785     23.781     24.304      0.347    1447.79    1447.80  0.000e+00
       2356     24.500     7.7213     7.7220     0.0006    0.87669    0.87669          1     7.5056     7.7199       9.96     0.0276  1.118e-13  1.000e-12  9.084e+02     7.5119     7.5118    -0.0001     5.7785     5.7784     24.276     24.811      0.227    1447.80    1447.80  0.000e+00
       2420     25.000     7.7222     7.7223     0.0000    0.87682    0.87676          1     7.5087     7.7220       9.96     0.0283  7.312e-14  1.000e-12  1.359e+03     7.5129     7.5123    -0.0006     5.7792     5.7788     24.772     25.317      0.399    1447.81    1447.81  0.000e+00
       2442     25.500     7.7215     7.7223     0.0008    0.87672    0.87676          1     7.5094     7.7224       9.96     0.0270  6.566e-14  1.000e-12  1.524e+03     7.5121     7.5122     0.0002     5.7786     5.7787     25.267     25.823      0.524    1447.82    1447.82  0.000e+00
       2475     26.000     7.7214     7.7222     0.0007    0.87672    0.87674          1     7.5113     7.7275       9.96     0.0271  6.441e-14  1.000e-12  1.553e+03     7.5120     7.5120    -0.0000     5.7786     5.7785     25.762     26.330      0.345    1447.83    1447.83  0.000e+00
       2557     26.500     7.7218     7.7222     0.0003    0.87677    0.87675          1     7.4956     7.7149       9.96     0.0276  6.513e-14  1.000e-12  1.535e+03     7.5123     7.5121    -0.0002     5.7788     5.7786     26.258     26.836      0.422    1447.83    1447.84  0.000e+00
       2579     27.000     7.7219     7.7223     0.0004    0.87680    0.87677          1     7.5086     7.7203       9.96     0.0269  6.516e-14  1.000e-12  1.535e+03     7.5126     7.5121    -0.0004     5.7790     5.7786     26.753     27.343      0.460    1447.84    1447.84  0.000e+00
       2639     27.500     7.7228     7.7227    -0.0000    0.87692    0.87683          1     7.5097     7.7250       9.96     0.0275  6.545e-14  1.000e-12  1.528e+03     7.5133     7.5126    -0.0008     5.7795     5.7789     27.249     27.849      0.252    1447.86    1447.85  0.000e+00
       2695     28.000     7.7232     7.7235     0.0003    0.87699    0.87695          1     7.5082     7.7246       9.96     0.0276  6.560e-14  1.000e-12  1.524e+03     7.5139     7.5135    -0.0004     5.7799     5.7796     27.744     28.355      0.372    1447.87    1447.87  0.000e+00
       2725     28.500     7.7222     7.7232     0.0011    0.87683    0.87692          1     7.5043     7.7236       9.96     0.0271  6.561e-14  1.000e-12  1.524e+03     7.5125     7.5132     0.0006     5.7790     5.7794     28.239     28.862      0.377    1447.87    1447.87  0.000e+00
