ctdpy/exports/archive_20191120_135557/received_data/SBE09_1044_20180201_0515_34_02_0041.cnv
* Sea-Bird SBE 9 Data File:
* FileName = C:\ctd\temp\2018\ME18D041.hex
* Software Version Seasave V 7.26.6.26
* Temperature SN = 5351
* Conductivity SN = 3941
* Number of Bytes Per Scan = 41
* Number of Voltage Words = 4
* Number of Scans Averaged by the Deck Unit = 1
* NMEA Latitude = 57 07.04 N
* NMEA Longitude = 017 40.14 E
* NMEA UTC (Time) = Feb 01 2018  05:15:47
* NMEA baud rate = 4800
** Station:  BY38
** Operator:  SSip
** Ship: MERI
** Average sound velocity: 1436.62 m/s
** True-depth calculation Wed, 07 Feb 2018 10:18:52 +0000
** CTD Python Module SMHI /ver 3-12/ feb 2012 
** LIMS Job: 20183402-0041
** Cruise: SMHI-01-2018
** Latitude [GG MM.mm N] :
** Longitude [GG MM.mm E]:
# nquan = 26
# nvalues = 205                         
# units = specified
# name 0 = scan: Scan Count
# name 1 = prDM: Pressure, Digiquartz [db]
# name 2 = t090C: Temperature [ITS-90, deg C]
# name 3 = t190C: Temperature, 2 [ITS-90, deg C]
# name 4 = T2-T190C: Temperature Difference, 2 - 1 [ITS-90, deg C]
# name 5 = c0S/m: Conductivity [S/m]
# name 6 = c1S/m: Conductivity, 2 [S/m]
# name 7 = pumps: Pump Status
# name 8 = sbeox0ML/L: Oxygen, SBE 43 [ml/l]
# name 9 = sbeox1ML/L: Oxygen, SBE 43, 2 [ml/l]
# name 10 = altM: Altimeter [m]
# name 11 = flECO-AFL: Chl-a Fluorescence, WET Labs ECO-AFL/FL [mg/m^3]
# name 12 = flECO-AFL1: Phycocyanin Fluorescence, WET Labs ECO-AFL/FL, 2 [mg/m^3]
# name 13 = par: PAR/Irradiance, Biospherical/Lico [µE/(cm^2*s)]
# name 14 = turbWETntu0: Turbidity, WET Labs ECO [NTU]
# name 15 = sal00: Salinity, Practical [PSU]
# name 16 = sal11: Salinity, Practical, 2 [PSU]
# name 17 = secS-priS: Salinity, Practical, Difference, 2 - 1 [PSU]
# name 18 = sigma-t00: Density [sigma-t, Kg/m^3 ]
# name 19 = sigma-t11: Density, 2 [sigma-t, Kg/m^3 ]
# name 20 = depSM: Depth [salt water, m], lat = 57.1173
# name 21 = depFM: Depth [true depth, m], lat = 57.1173
# name 22 = dz/dtM: Descent Rate [m/s], WS = 2
# name 23 = svCM: Sound Velocity [Chen-Millero, m/s]
# name 24 = svCM1: Sound Velocity, 2 [Chen-Millero, m/s]
# name 25 = flag: flag
# span 0 =       8131,      13778       
# span 1 =      1.500,    103.500       
# span 2 =     4.2534,     5.5479       
# span 3 =     4.2539,     5.5469       
# span 4 =    -0.0078,     0.0069       
# span 5 =   0.770114,   1.110313       
# span 6 =   0.770102,   1.110280       
# span 7 =          1,          1       
# span 8 =    0.02607,    8.07577       
# span 9 =    0.05296,    8.01591       
# span 10 =       4.38,      98.90      
# span 11 =     0.2472,     0.4515      
# span 12 =     0.2613,     0.4190      
# span 13 = -4.351e-05, 1.4811e+00      
# span 14 =     0.1355,     1.7298      
# span 15 =     7.2423,    10.3111      
# span 16 =     7.2419,    10.3107      
# span 17 =    -0.0032,     0.0168      
# span 18 =     5.7506,     8.1250      
# span 19 =     5.7502,     8.1246      
# span 20 =      1.486,    102.523      
# span 21 =      1.519,    104.734      
# span 22 =     -0.069,      1.022      
# span 23 =    1432.22,    1443.41      
# span 24 =    1432.23,    1443.41      
# span 25 = 0.0000e+00, 0.0000e+00      
# interval = decibars: 0.5              
# start_time = Feb 01 2018 05:15:47 [NMEA time, first data scan]
# bad_flag = -9.990e-29
*END*
[from data line 112]
      10605     57.500     4.4092     4.4121     0.0028    0.78282    0.78313          1     7.5208     7.5695      52.58     0.2838     0.3516  1.000e-12  0.1926000     7.3290     7.3314     0.0025     5.8150     5.8169     56.963     58.231      0.525    1433.90    1433.92  0.000e+00
      10629     58.000     4.5150     4.5164     0.0015    0.79204    0.79239          1     7.1913     7.3198      52.02     0.2755     0.3283  1.000e-12  0.1917000     7.3979     7.4010     0.0031     5.8664     5.8688     57.459     58.737      0.475    1434.47    1434.48  0.000e+00
      10656     58.500     4.7252     4.7259     0.0007    0.80901    0.80925          1     6.6286     6.8502      51.45     0.2750     0.3218  1.000e-12  0.1918000     7.5203     7.5225     0.0023     5.9562     5.9580     57.954     59.243      0.418    1435.57    1435.57  0.000e+00
      10685     59.000     4.8825     4.8811    -0.0015    0.82177    0.82174          1     6.0954     6.3658      50.91     0.2666     0.3232  1.000e-12  0.1881000     7.6117     7.6117     0.0000     6.0228     6.0229     58.449     59.750      0.440    1436.38    1436.38  0.000e+00
      10710     59.500     5.0176     5.0177     0.0002    0.83406    0.83444          1     5.7014     6.0036      50.59     0.2594     0.3011  1.000e-12  0.1901000     7.7026     7.7064     0.0038     6.0895     6.0925     58.944     60.256      0.572    1437.10    1437.11  0.000e+00
      10729     60.000     5.1154     5.1178     0.0024    0.84383    0.84389          1     5.4291     5.7553      50.19     0.2581     0.3173  1.000e-12  0.1935000     7.7768     7.7768     0.0000     6.1441     6.1441     59.440     60.762      0.694    1437.63    1437.64  0.000e+00
      10745     60.500     5.1949     5.1974     0.0024    0.85088    0.85086          1     5.1874     5.5312      49.61     0.2603     0.3355  1.000e-12  0.2041000     7.8279     7.8271    -0.0008     6.1812     6.1805     59.935     61.268      0.738    1438.06    1438.06  0.000e+00
      10761     61.000     5.3523     5.3496    -0.0026    0.86427    0.86396          1     4.9132     5.2637      49.07     0.2511     0.3440  1.000e-12  0.1947000     7.9231     7.9206    -0.0025     6.2493     6.2475     60.430     61.774      0.687    1438.87    1438.85  0.000e+00
      10780     61.500     5.4660     5.4642    -0.0017    0.87500    0.87522          1     4.6103     4.9625      48.46     0.2472     0.3451  1.000e-12  0.1742000     8.0017     8.0043     0.0026     6.3061     6.3083     60.925     62.280      0.534    1439.47    1439.47  0.000e+00
      10810     62.000     5.4896     5.4896    -0.0000    0.88233    0.88210          1     4.3408     4.6422      47.79     0.2603     0.3104  1.000e-12  0.1380000     8.0682     8.0659    -0.0023     6.3575     6.3557     61.421     62.787      0.356    1439.67    1439.66  0.000e+00
      10844     62.500     5.4695     5.4634    -0.0060    0.89202    0.89264          1     4.0052     4.2671      47.22     0.2618     0.2836  1.000e-12  0.1360000     8.1683     8.1759     0.0076     6.4376     6.4439     61.916     63.293      0.482    1439.71    1439.70  0.000e+00
      10864     63.000     5.3512     5.3512    -0.0000    0.90445    0.90441          1     3.6418     3.9495      46.83     0.2603     0.2844  1.000e-12  0.1473000     8.3201     8.3198    -0.0003     6.5631     6.5629     62.411     63.799      0.708    1439.40    1439.40  0.000e+00
      10879     63.500     5.3582     5.3601     0.0019    0.91553    0.91553          1     3.3220     3.6718      46.42     0.2603     0.3171  1.000e-12  0.1497000     8.4280     8.4275    -0.0005     6.6481     6.6476     62.906     64.304      0.803    1439.58    1439.58  0.000e+00
      10893     64.000     5.4306     5.4342     0.0034    0.92342    0.92354          1     3.0225     3.4017      45.85     0.2603     0.3159  1.000e-12  0.1806000     8.4878     8.4881     0.0002     6.6918     6.6918     63.402     64.810      0.762    1439.98    1439.99  0.000e+00
      10911     64.500     5.5479     5.5469    -0.0010    0.93693    0.93675          1     2.7399     3.1275      45.28     0.2603     0.3184  1.000e-12  0.1757000     8.5915     8.5900    -0.0015     6.7678     6.7667     63.897     65.316      0.569    1440.62    1440.62  0.000e+00
      10943     65.000     5.5417     5.5354    -0.0063    0.94068    0.94164          1     2.5193     2.8868      44.64     0.2683     0.3120  1.000e-12  0.1479000     8.6301     8.6412     0.0111     6.7986     6.8077     64.392     65.822      0.322    1440.65    1440.64  0.000e+00
      10979     65.500     5.4823     5.4745    -0.0078    0.94841    0.94960          1     2.3357     2.6461      44.16     0.2694     0.2986  1.000e-12  0.1355000     8.7219     8.7357     0.0138     6.8741     6.8853     64.888     66.328      0.453    1440.52    1440.50  0.000e+00
      11001     66.000     5.3847     5.3879     0.0032    0.95500    0.95496          1     2.1864     2.4621      43.72     0.2937     0.3016  1.000e-12  0.1612000     8.8126     8.8113    -0.0013     6.9506     6.9494     65.383     66.834      0.641    1440.22    1440.23  0.000e+00
      11017     66.500     5.3325     5.3349     0.0025    0.95689    0.95705          1     2.0608     2.3166      43.29     0.2748     0.3152  1.000e-12  0.1715000     8.8451     8.8461     0.0010     6.9788     6.9794     65.878     67.339      0.743    1440.04    1440.05  0.000e+00
      11033     67.000     5.3840     5.3846     0.0006    0.96702    0.96692          1     1.9150     2.1681      42.87     0.2677     0.2932  1.000e-12  0.1751000     8.9322     8.9310    -0.0012     7.0450     7.0441     66.373     67.845      0.772    1440.38    1440.39  0.000e+00
      11048     67.500     5.3887     5.3889     0.0002    0.97231    0.97226          1     1.7646     2.0146      42.37     0.2604     0.2854  1.000e-12  0.1853000     8.9835     8.9830    -0.0005     7.0854     7.0849     66.868     68.351      0.728    1440.48    1440.48  0.000e+00
      11066     68.000     5.3684     5.3710     0.0026    0.97655    0.97703          1     1.6265     1.8783      41.92     0.2597     0.3150  1.000e-12  0.2054000     9.0311     9.0352     0.0042     7.1239     7.1271     67.364     68.856      0.577    1440.46    1440.47  0.000e+00
      11098     68.500     5.3879     5.3949     0.0069    0.98065    0.98157          1     1.5491     1.7749      41.11     0.2786     0.2900  1.000e-12  0.2061000     9.0666     9.0739     0.0073     7.1510     7.1564     67.859     69.362      0.306    1440.59    1440.63  0.000e+00
      11141     69.000     5.4145     5.4191     0.0046    0.98763    0.98944          1     1.4806     1.6755      40.51     0.2959     0.3032  1.000e-12  0.1878000     9.1289     9.1457     0.0168     7.1988     7.2119     68.354     69.868      0.403    1440.80    1440.84  0.000e+00
      11164     69.500     5.4204     5.4201    -0.0003    0.99340    0.99336          1     1.3791     1.5446      40.12     0.2678     0.3054  1.000e-12  0.1838000     9.1846     9.1843    -0.0003     7.2426     7.2424     68.849     70.373      0.649    1440.90    1440.90  0.000e+00
      11180     70.000     5.4148     5.4150     0.0002    0.99782    0.99771          1     1.2590     1.4195      39.71     0.2779     0.2965  1.000e-12  0.1751000     9.2302     9.2290    -0.0012     7.2788     7.2779     69.345     70.879      0.809    1440.94    1440.94  0.000e+00
      11193     70.500     5.4068     5.4073     0.0004    1.00814    1.00784          1     1.1175     1.2883      39.29     0.2801     0.2642  1.000e-12  0.1945000     9.3353     9.3321    -0.0032     7.3622     7.3597     69.840     71.385      0.882    1441.05    1441.05  0.000e+00
      11207     71.000     5.4074     5.4078     0.0004    1.01309    1.01301          1     0.9650     1.1553      38.81     0.2786     0.2613  1.000e-12  0.2021000     9.3845     9.3835    -0.0010     7.4010     7.4002     70.335     71.890      0.871    1441.12    1441.12  0.000e+00
      11221     71.500     5.4096     5.4100     0.0005    1.01876    1.01876          1     0.8126     1.0163      38.28     0.2854     0.2982  1.000e-12  0.2704000     9.4404     9.4402    -0.0001     7.4451     7.4449     70.830     72.396      0.790    1441.21    1441.21  0.000e+00
      11237     72.000     5.4025     5.4031     0.0006    1.02323    1.02319          1     0.6461     0.8636      37.72     0.2921     0.3074  1.000e-12  0.2764000     9.4870     9.4864    -0.0006     7.4822     7.4817     71.326     72.901      0.664    1441.25    1441.25  0.000e+00
      11258     72.500     5.3677     5.3686     0.0009    1.02494    1.02496          1     0.4713     0.6979      37.08     0.2943     0.3102  1.000e-12  0.2637000     9.5139     9.5138    -0.0001     7.5052     7.5051     71.821     73.407      0.519    1441.14    1441.14  0.000e+00
      11287     73.000     5.3541     5.3530    -0.0011    1.02798    1.02814          1     0.3112     0.5366      36.41     0.3126     0.2889  1.000e-12  0.3169000     9.5480     9.5500     0.0019     7.5329     7.5345     72.316     73.912      0.355    1441.13    1441.13  0.000e+00
      11325     73.500     5.3376     5.3363    -0.0012    1.03055    1.03078          1     0.1850     0.3849      35.82     0.3214     0.3169  1.000e-12  0.3734000     9.5785     9.5811     0.0026     7.5578     7.5599     72.811     74.418      0.377    1441.10    1441.10  0.000e+00
      11350     74.000     5.3315     5.3319     0.0003    1.03155    1.03149          1     0.1695     0.3325      35.43     0.3412     0.3066  1.000e-12  0.4418000     9.5901     9.5895    -0.0006     7.5673     7.5667     73.307     74.923      0.604    1441.10    1441.10  0.000e+00
      11367     74.500     5.3295     5.3298     0.0003    1.03187    1.03184          1     0.1479     0.2985      35.00     0.3276     0.3020  1.000e-12  0.4557000     9.5938     9.5935    -0.0003     7.5703     7.5700     73.802     75.428      0.758    1441.11    1441.11  0.000e+00
      11382     75.000     5.3074     5.3076     0.0002    1.03287    1.03284          1     0.1102     0.2516      34.59     0.2962     0.3022  1.000e-12  0.4548000     9.6101     9.6098    -0.0004     7.5843     7.5840     74.297     75.934      0.829    1441.04    1441.04  0.000e+00
      11396     75.500     5.2853     5.2856     0.0004    1.03383    1.03382          1     0.0648     0.2000      34.13     0.3186     0.3314  1.000e-12  0.4326000     9.6260     9.6258    -0.0002     7.5980     7.5978     74.792     76.439      0.804    1440.97    1440.97  0.000e+00
      11412     76.000     5.2798     5.2802     0.0004    1.03518    1.03516          1     0.0320     0.1586      33.57     0.3340     0.3631  1.000e-12  0.4130000     9.6410     9.6407    -0.0003     7.6101     7.6098     75.287     76.945      0.708    1440.97    1440.97  0.000e+00
      11431     76.500     5.2905     5.2907     0.0002    1.03726    1.03724          1     0.0261     0.1394      32.96     0.3455     0.3344  1.000e-12  0.3236000     9.6589     9.6586    -0.0003     7.6236     7.6234     75.783     77.450      0.583    1441.05    1441.05  0.000e+00
      11454     77.000     5.2891     5.2894     0.0003    1.03874    1.03873          1     0.0382     0.1371      32.30     0.3255     0.3417  1.000e-12  0.5616000     9.6739     9.6738    -0.0001     7.6356     7.6355     76.278     77.956      0.457    1441.07    1441.07  0.000e+00
      11484     77.500     5.2911     5.2918     0.0007    1.04104    1.04107          1     0.0562     0.1386      31.67     0.3338     0.3218  1.000e-12  0.4297000     9.6964     9.6966     0.0002     7.6533     7.6534     76.773     78.461      0.374    1441.12    1441.12  0.000e+00
      11517     78.000     5.3057     5.3060     0.0003    1.04332    1.04329          1     0.0710     0.1387      31.13     0.3543     0.3170  1.000e-12  0.5828000     9.7150     9.7146    -0.0004     7.6672     7.6669     77.268     78.966      0.382    1441.21    1441.21  0.000e+00
      11546     78.500     5.3165     5.3163    -0.0002    1.04495    1.04493          1     0.0793     0.1401      30.69     0.3506     0.3191  1.000e-12  0.7213000     9.7281     9.7280    -0.0001     7.6770     7.6769     77.763     79.472      0.497    1441.28    1441.28  0.000e+00
      11567     79.000     5.3246     5.3247     0.0002    1.04738    1.04733          1     0.0828     0.1350      30.22     0.3302     0.3319  1.000e-12  0.7508000     9.7501     9.7496    -0.0006     7.6940     7.6936     78.259     79.977      0.623    1441.35    1441.35  0.000e+00
      11585     79.500     5.3270     5.3273     0.0003    1.04892    1.04887          1     0.0835     0.1331      29.76     0.3697     0.3814  1.000e-12  1.0303000     9.7648     9.7642    -0.0005     7.7054     7.7050     78.754     80.482      0.699    1441.39    1441.39  0.000e+00
      11601     80.000     5.3319     5.3321     0.0002    1.05091    1.05086          1     0.0818     0.1318      29.30     0.3619     0.3749  1.000e-12  1.1721000     9.7833     9.7827    -0.0006     7.7198     7.7193     79.249     80.988      0.714    1441.44    1441.44  0.000e+00
      11618     80.500     5.3388     5.3391     0.0003    1.05222    1.05219          1     0.0791     0.1294      28.76     0.3580     0.3304  1.000e-12  1.2943000     9.7943     9.7940    -0.0003     7.7281     7.7279     79.744     81.493      0.665    1441.50    1441.50  0.000e+00
      11638     81.000     5.3444     5.3447     0.0003    1.05375    1.05373          1     0.0829     0.1273      28.18     0.3585     0.3188  1.000e-12  1.5273000     9.8079     9.8076    -0.0003     7.7386     7.7384     80.240     81.999      0.543    1441.55    1441.55  0.000e+00
      11666     81.500     5.3471     5.3475     0.0005    1.05549    1.05555          1     0.0793     0.1221      27.52     0.3580     0.3058  1.000e-12  1.3838000     9.8246     9.8251     0.0005     7.7516     7.7520     80.735     82.504      0.365    1441.59    1441.59  0.000e+00
      11704     82.000     5.3493     5.3499     0.0007    1.05754    1.05762          1     0.0744     0.1196      26.91     0.3580     0.3252  1.000e-12  1.4378000     9.8444     9.8450     0.0006     7.7672     7.7676     81.230     83.009      0.344    1441.63    1441.63  0.000e+00
      11733     82.500     5.3545     5.3547     0.0002    1.05912    1.05908          1     0.0739     0.1196      26.47     0.3771     0.3168  1.000e-12  1.5049000     9.8587     9.8582    -0.0004     7.7782     7.7778     81.725     83.515      0.508    1441.68    1441.68  0.000e+00
      11754     83.000     5.3589     5.3591     0.0003    1.05993    1.05991          1     0.0714     0.1159      26.03     0.3749     0.3289  1.000e-12  1.4606000     9.8655     9.8651    -0.0003     7.7833     7.7830     82.220     84.020      0.627    1441.71    1441.71  0.000e+00
      11772     83.500     5.3644     5.3648     0.0004    1.06090    1.06088          1     0.0709     0.1124      25.59     0.3702     0.3001  1.000e-12  1.4468000     9.8735     9.8731    -0.0004     7.7894     7.7890     82.716     84.525      0.679    1441.76    1441.76  0.000e+00
      11789     84.000     5.3704     5.3707     0.0003    1.06198    1.06195          1     0.0682     0.1072      25.10     0.3695     0.2991  1.000e-12  1.5067000     9.8825     9.8821    -0.0004     7.7962     7.7958     83.211     85.031      0.676    1441.80    1441.80  0.000e+00
      11807     84.500     5.3752     5.3754     0.0002    1.06381    1.06379          1     0.0689     0.1040      24.57     0.3702     0.3078  1.000e-12  1.4192000     9.8994     9.8991    -0.0003     7.8092     7.8090     83.706     85.536      0.624    1441.85    1441.85  0.000e+00
