ctdpy/exports/archive_20191120_135557/received_data/SBE09_1044_20180527_0632_34_07_0032.cnv
* Sea-Bird SBE 9 Data File:
* FileName = C:\ctd\temp\2018\AU18D032.hex
* Software Version Seasave V 7.26.6.26
* Temperature SN = 5351
* Conductivity SN = 3941
* Number of Bytes Per Scan = 41
* Number of Voltage Words = 4
* Number of Scans Averaged by the Deck Unit = 1
* NMEA Latitude = 58 17.06 N
* NMEA Longitude = 010 30.28 E
* NMEA UTC (Time) = May 27 2018  06:32:43
* NMEA baud rate = 4800
** Station:  Å17
** Operator:  JKro
** Ship: AURA
** Average sound velocity: 1478.52 m/s
** True-depth calculation Sun, 27 May 2018 10:25:28 +0000
** CTD Python Module SMHI /ver 3-12/ feb 2012 
** LIMS Job: 20183407-0032
** Cruise: SMHI-02-2018
** Latitude [GG MM.mm N] :
** Longitude [GG MM.mm E]:
# nquan = 26
# nvalues = 699                         
# units = specified
# name 0 = scan: Scan Count
# name 1 = prDM: Pressure, Digiquartz [db]
# name 2 = t090C: Temperature [ITS-90, deg C]
# name 3 = t190C: Temperature, 2 [ITS-90, deg C]
# name 4 = T2-T190C: Temperature Difference, 2 - 1 [ITS-90, deg C]
# name 5 = c0S/m: Conductivity [S/m]
# name 6 = c1S/m: Conductivity, 2 [S/m]
# name 7 = pumps: Pump Status
# name 8 = sbeox0ML/L: Oxygen, SBE 43 [ml/l]
# name 9 = sbeox1ML/L: Oxygen, SBE 43, 2 [ml/l]
# name 10 = altM: Altimeter [m]
# name 11 = flECO-AFL: Chl-a Fluorescence, WET Labs ECO-AFL/FL [mg/m^3]
# name 12 = flECO-AFL1: Phycocyanin Fluorescence, WET Labs ECO-AFL/FL, 2 [mg/m^3]
# name 13 = par: PAR/Irradiance, Biospherical/Lico [µE/(cm^2*s)]
# name 14 = turbWETntu0: Turbidity, WET Labs ECO [NTU]
# name 15 = sal00: Salinity, Practical [PSU]
# name 16 = sal11: Salinity, Practical, 2 [PSU]
# name 17 = secS-priS: Salinity, Practical, Difference, 2 - 1 [PSU]
# name 18 = sigma-t00: Density [sigma-t, Kg/m^3 ]
# name 19 = sigma-t11: Density, 2 [sigma-t, Kg/m^3 ]
# name 20 = depSM: Depth [salt water, m], lat = 58.2843
# name 21 = depFM: Depth [true depth, m], lat = 58.2843
# name 22 = dz/dtM: Descent Rate [m/s], WS = 2
# name 23 = svCM: Sound Velocity [Chen-Millero, m/s]
# name 24 = svCM1: Sound Velocity, 2 [Chen-Millero, m/s]
# name 25 = flag: flag
# span 0 =      16318,      35060       
# span 1 =      1.000,    350.000       
# span 2 =     5.7123,    18.8329       
# span 3 =     5.7135,    18.8321       
# span 4 =    -0.0848,     0.9023       
# span 5 =   3.427441,   3.592765       
# span 6 =   3.427505,   3.597750       
# span 7 =          1,          1       
# span 8 =    5.98021,    8.32960       
# span 9 =    5.94338,    8.21008       
# span 10 =       3.85,      99.12      
# span 11 =     0.0284,     3.8110      
# span 12 =     0.1515,     0.4955      
# span 13 = 1.0000e-12, 7.0029e+02      
# span 14 =     0.1488,     0.9217      
# span 15 =    26.0045,    35.1034      
# span 16 =    26.0501,    35.1023      
# span 17 =    -0.6362,     0.1300      
# span 18 =    18.2012,    27.6707      
# span 19 =    18.2364,    27.6696      
# span 20 =      0.991,    346.455      
# span 21 =      1.000,    346.982      
# span 22 =      0.040,      0.613      
# span 23 =    1476.78,    1508.12      
# span 24 =    1476.78,    1508.18      
# span 25 = 0.0000e+00, 0.0000e+00      
# interval = decibars: 0.5              
# start_time = May 27 2018 06:32:43 [NMEA time, first data scan]
# bad_flag = -9.990e-29
*END*
[from data line 391]
      26315    196.500     5.8626     5.8643     0.0017    3.43870    3.43877          1     6.3393     6.2754      98.01     0.0731     0.2828  1.000e-12  0.2548000    35.0645    35.0635    -0.0010    27.6213    27.6203    194.582    194.844      0.508    1477.50    1477.51  0.000e+00
      26337    197.000     5.8643     5.8657     0.0014    3.43891    3.43894          1     6.3459     6.2794      98.01     0.0716     0.2542  1.000e-12  0.2561000    35.0649    35.0637    -0.0012    27.6214    27.6202    195.077    195.340      0.529    1477.52    1477.52  0.000e+00
      26360    197.500     5.8644     5.8661     0.0017    3.43895    3.43901          1     6.3523     6.2758      98.14     0.0519     0.2286  1.000e-12  0.2607000    35.0649    35.0639    -0.0010    27.6214    27.6203    195.572    195.835      0.506    1477.53    1477.53  0.000e+00
      26385    198.000     5.8650     5.8666     0.0016    3.43903    3.43908          1     6.3566     6.2866      98.18     0.0448     0.2241  1.000e-12  0.2620000    35.0650    35.0639    -0.0011    27.6214    27.6203    196.067    196.331      0.464    1477.54    1477.54  0.000e+00
      26412    198.500     5.8654     5.8667     0.0014    3.43910    3.43913          1     6.3512     6.2899      98.24     0.0509     0.2223  1.000e-12  0.2591000    35.0651    35.0640    -0.0011    27.6214    27.6204    196.561    196.827      0.437    1477.55    1477.55  0.000e+00
      26440    199.000     5.8643     5.8659     0.0016    3.43901    3.43907          1     6.3497     6.2758      98.39     0.0620     0.2117  1.000e-12  0.2619000    35.0649    35.0639    -0.0010    27.6214    27.6204    197.056    197.322      0.448    1477.55    1477.56  0.000e+00
      26465    199.500     5.8640     5.8657     0.0017    3.43899    3.43906          1     6.3478     6.2864      98.67     0.0670     0.2544  1.000e-12  0.2660000    35.0647    35.0638    -0.0009    27.6213    27.6203    197.551    197.818      0.505    1477.56    1477.57  0.000e+00
      26488    200.000     5.8623     5.8640     0.0016    3.43886    3.43892          1     6.3328     6.2827      98.68     0.0749     0.3102  1.000e-12  0.2652000    35.0648    35.0638    -0.0010    27.6215    27.6206    198.046    198.313      0.550    1477.56    1477.57  0.000e+00
      26509    200.500     5.8588     5.8604     0.0016    3.43857    3.43864          1     6.3389     6.2893      98.68     0.0828     0.2454  1.000e-12  0.2611000    35.0648    35.0640    -0.0008    27.6220    27.6212    198.541    198.809      0.558    1477.56    1477.56  0.000e+00
      26531    201.000     5.8538     5.8553     0.0015    3.43813    3.43819          1     6.3502     6.2925      98.68     0.0641     0.2474  1.000e-12  0.2531000    35.0648    35.0639    -0.0009    27.6226    27.6218    199.036    199.305      0.532    1477.54    1477.55  0.000e+00
      26554    201.500     5.8505     5.8528     0.0023    3.43784    3.43798          1     6.3628     6.2957      98.68     0.0614     0.2265  1.000e-12  0.2649000    35.0647    35.0639    -0.0008    27.6230    27.6221    199.531    199.800      0.502    1477.54    1477.55  0.000e+00
      26578    202.000     5.8472     5.8490     0.0018    3.43755    3.43762          1     6.3534     6.2879      98.68     0.0284     0.2297  1.000e-12  0.2716000    35.0645    35.0635    -0.0010    27.6233    27.6222    200.026    200.296      0.499    1477.53    1477.54  0.000e+00
      26602    202.500     5.8408     5.8426     0.0018    3.43693    3.43701          1     6.3458     6.2718      98.68     0.0400     0.2166  1.000e-12  0.2783000    35.0640    35.0630    -0.0009    27.6236    27.6227    200.520    200.791      0.520    1477.51    1477.52  0.000e+00
      26625    203.000     5.8366     5.8384     0.0018    3.43658    3.43665          1     6.3539     6.2755      98.67     0.0682     0.2131  1.000e-12  0.2771000    35.0641    35.0630    -0.0011    27.6242    27.6231    201.015    201.287      0.550    1477.50    1477.51  0.000e+00
      26646    203.500     5.8332     5.8346     0.0014    3.43628    3.43632          1     6.3566     6.2883      98.67     0.0723     0.2256  1.000e-12  0.2614000    35.0639    35.0630    -0.0010    27.6246    27.6236    201.510    201.782      0.583    1477.50    1477.51  0.000e+00
      26666    204.000     5.8320     5.8329     0.0009    3.43619    3.43618          1     6.3478     6.2975      98.66     0.6216     0.2462  1.000e-12  0.2637000    35.0639    35.0629    -0.0011    27.6247    27.6238    202.005    202.278      0.590    1477.50    1477.51  0.000e+00
      26686    204.500     5.8282     5.8300     0.0017    3.43571    3.43591          1     6.3548     6.3055      98.65     1.1576     0.2442  1.000e-12  0.2742000    35.0621    35.0625     0.0005    27.6237    27.6239    202.500    202.774      0.564    1477.49    1477.50  0.000e+00
      26709    205.000     5.8206     5.8222     0.0016    3.43515    3.43521          1     6.3614     6.3033      98.58     0.0749     0.2343  1.000e-12  0.2477000    35.0634    35.0624    -0.0010    27.6258    27.6248    202.995    203.269      0.527    1477.47    1477.48  0.000e+00
      26732    205.500     5.8176     5.8186     0.0010    3.43488    3.43488          1     6.3746     6.2993      98.52     0.0633     0.2097  1.000e-12  0.2469000    35.0632    35.0622    -0.0010    27.6259    27.6250    203.490    203.765      0.508    1477.47    1477.47  0.000e+00
      26756    206.000     5.8080     5.8097     0.0017    3.43398    3.43405          1     6.3655     6.2936      98.51     0.0629     0.2299  1.000e-12  0.3612000    35.0626    35.0617    -0.0009    27.6267    27.6258    203.984    204.260      0.516    1477.44    1477.44  0.000e+00
      26778    206.500     5.8060     5.8073     0.0013    3.43382    3.43387          1     6.3540     6.2928      98.50     0.0620     0.2620  1.000e-12  0.2616000    35.0627    35.0618    -0.0009    27.6270    27.6262    204.479    204.756      0.556    1477.44    1477.45  0.000e+00
      26799    207.000     5.8010     5.8026     0.0016    3.43347    3.43353          1     6.3497     6.2952      98.52     0.0556     0.2210  1.000e-12  0.2495000    35.0636    35.0627    -0.0009    27.6283    27.6274    204.974    205.251      0.598    1477.43    1477.44  0.000e+00
      26818    207.500     5.7984     5.7999     0.0015    3.43328    3.43333          1     6.3566     6.2977      98.57     0.0588     0.2319  1.000e-12  0.2403000    35.0639    35.0629    -0.0010    27.6289    27.6280    205.469    205.747      0.610    1477.43    1477.43  0.000e+00
      26838    208.000     5.7961     5.7978     0.0017    3.43309    3.43317          1     6.3640     6.2960      98.61     0.0673     0.2531  1.000e-12  0.2309000    35.0639    35.0630    -0.0009    27.6292    27.6283    205.964    206.243      0.583    1477.43    1477.43  0.000e+00
      26860    208.500     5.7923     5.7944     0.0022    3.43276    3.43288          1     6.3700     6.3007      98.64     0.0512     0.2547  1.000e-12  0.2466000    35.0638    35.0630    -0.0009    27.6297    27.6287    206.459    206.738      0.531    1477.42    1477.43  0.000e+00
      26884    209.000     5.7869     5.7887     0.0017    3.43234    3.43241          1     6.3669     6.2994      98.66     0.0623     0.2474  1.000e-12  0.2474000    35.0644    35.0634    -0.0010    27.6308    27.6297    206.954    207.234      0.494    1477.41    1477.41  0.000e+00
      26908    209.500     5.7848     5.7848     0.0000    3.43216    3.43207          1     6.3679     6.2894      98.66     0.0402     0.2279  1.000e-12  0.2411000    35.0643    35.0632    -0.0011    27.6309    27.6301    207.448    207.729      0.501    1477.41    1477.41  0.000e+00
      26931    210.000     5.7720     5.7744     0.0024    3.43093    3.43111          1     6.3696     6.3086      98.65     0.0676     0.1939  1.000e-12  0.2299000    35.0633    35.0628    -0.0005    27.6318    27.6311    207.943    208.225      0.546    1477.36    1477.37  0.000e+00
      26952    210.500     5.7669     5.7685     0.0016    3.43046    3.43051          1     6.3693     6.3172      98.66     0.0776     0.3052  1.000e-12  0.2424000    35.0630    35.0620    -0.0010    27.6322    27.6312    208.438    208.721      0.592    1477.35    1477.36  0.000e+00
      26972    211.000     5.7660     5.7665     0.0005    3.43038    3.43034          1     6.3682     6.3098      98.66     0.0694     0.1775  1.000e-12  0.2399000    35.0628    35.0618    -0.0010    27.6322    27.6313    208.933    209.216      0.613    1477.36    1477.36  0.000e+00
      26992    211.500     5.7601     5.7610     0.0009    3.42982    3.42981          1     6.3734     6.3055      98.66     0.0539     0.1683  1.000e-12  0.2289000    35.0623    35.0613    -0.0010    27.6325    27.6316    209.428    209.712      0.597    1477.34    1477.34  0.000e+00
      27012    212.000     5.7506     5.7529     0.0023    3.42887    3.42903          1     6.3756     6.3038      98.65     0.0632     0.2022  1.000e-12  0.2289000    35.0611    35.0606    -0.0005    27.6327    27.6320    209.923    210.207      0.545    1477.31    1477.32  0.000e+00
      27036    212.500     5.7458     5.7474     0.0016    3.42843    3.42848          1     6.3753     6.3119      98.66     0.0634     0.2237  1.000e-12  0.2283000    35.0609    35.0598    -0.0011    27.6332    27.6321    210.418    210.703      0.495    1477.30    1477.30  0.000e+00
      27061    213.000     5.7442     5.7455     0.0013    3.42828    3.42833          1     6.3760     6.3175      98.66     0.0715     0.1789  1.000e-12  0.2273000    35.0606    35.0598    -0.0008    27.6332    27.6323    210.912    211.198      0.508    1477.30    1477.30  0.000e+00
      27083    213.500     5.7382     5.7402     0.0020    3.42774    3.42784          1     6.3895     6.3239      98.66     0.0649     0.1919  1.000e-12  0.2345000    35.0603    35.0594    -0.0009    27.6337    27.6327    211.407    211.694      0.559    1477.28    1477.29  0.000e+00
      27104    214.000     5.7344     5.7361     0.0017    3.42744    3.42751          1     6.3997     6.3201      98.66     0.0631     0.1799  1.000e-12  0.2314000    35.0606    35.0596    -0.0010    27.6344    27.6334    211.902    212.190      0.590    1477.28    1477.28  0.000e+00
      27124    214.500     5.7345     5.7361     0.0016    3.42752    3.42758          1     6.4051     6.3189      98.66     0.0655     0.2174  1.000e-12  0.2370000    35.0611    35.0602    -0.0009    27.6347    27.6338    212.397    212.685      0.586    1477.28    1477.29  0.000e+00
      27145    215.000     5.7361     5.7382     0.0021    3.42774    3.42787          1     6.4009     6.3200      98.66     0.0661     0.2390  1.000e-12  0.2466000    35.0618    35.0611    -0.0007    27.6351    27.6343    212.892    213.181      0.557    1477.30    1477.31  0.000e+00
      27167    215.500     5.7420     5.7447     0.0027    3.42849    3.42866          1     6.3866     6.3069      98.66     0.0414     0.2134  1.000e-12  0.2223000    35.0639    35.0630    -0.0010    27.6360    27.6350    213.387    213.676      0.522    1477.33    1477.34  0.000e+00
      27191    216.000     5.7549     5.7546    -0.0003    3.43000    3.42986          1     6.3811     6.3082      98.67     0.0729     0.1673  1.000e-12  0.2216000    35.0674    35.0661    -0.0013    27.6372    27.6362    213.881    214.172      0.505    1477.40    1477.40  0.000e+00
      27214    216.500     5.7616     5.7651     0.0035    3.43081    3.43103          1     6.3697     6.3047      98.66     0.0632     0.2483  1.000e-12  0.2541000    35.0695    35.0682    -0.0012    27.6380    27.6366    214.376    214.667      0.524    1477.44    1477.45  0.000e+00
      27237    217.000     5.7805     5.7797    -0.0007    3.43308    3.43285          1     6.3554     6.2950      98.67     0.0632     0.2737  1.000e-12  0.2431000    35.0753    35.0735    -0.0019    27.6402    27.6388    214.871    215.163      0.562    1477.53    1477.52  0.000e+00
      27257    217.500     5.7824     5.7836     0.0012    3.43327    3.43328          1     6.3427     6.2907      98.66     0.0691     0.1977  1.000e-12  0.2423000    35.0753    35.0742    -0.0011    27.6399    27.6389    215.366    215.659      0.595    1477.54    1477.55  0.000e+00
      27277    218.000     5.7877     5.7888     0.0011    3.43394    3.43393          1     6.3344     6.2774      98.67     0.0694     0.1833  1.000e-12  0.2666000    35.0771    35.0758    -0.0013    27.6407    27.6396    215.861    216.154      0.599    1477.57    1477.58  0.000e+00
      27297    218.500     5.7927     5.7944     0.0017    3.43455    3.43463          1     6.3374     6.2628      98.67     0.0627     0.2226  1.000e-12  0.2969000    35.0786    35.0777    -0.0009    27.6413    27.6403    216.356    216.650      0.565    1477.60    1477.61  0.000e+00
      27320    219.000     5.7898     5.7898     0.0000    3.43437    3.43422          1     6.3373     6.2610      98.67     0.0623     0.2349  1.000e-12  0.2431000    35.0792    35.0775    -0.0017    27.6421    27.6408    216.850    217.145      0.511    1477.60    1477.60  0.000e+00
      27344    219.500     5.7947     5.7947    -0.0000    3.43497    3.43483          1     6.3385     6.2602      98.66     0.0635     0.2213  1.000e-12  0.2599000    35.0807    35.0792    -0.0015    27.6427    27.6415    217.345    217.641      0.490    1477.63    1477.63  0.000e+00
      27368    220.000     5.7979     5.7991     0.0012    3.43539    3.43541          1     6.3340     6.2639      98.66     0.0708     0.2628  1.000e-12  0.2646000    35.0819    35.0809    -0.0010    27.6432    27.6423    217.840    218.136      0.529    1477.66    1477.66  0.000e+00
      27390    220.500     5.8001     5.8017     0.0016    3.43595    3.43597          1     6.3272     6.2645      98.66     0.0713     0.1656  1.000e-12  0.2565000    35.0857    35.0843    -0.0014    27.6460    27.6447    218.335    218.632      0.571    1477.68    1477.68  0.000e+00
      27410    221.000     5.7931     5.7950     0.0019    3.43547    3.43558          1     6.3232     6.2505      98.66     0.0795     0.1545  1.000e-12  0.2992000    35.0873    35.0866    -0.0008    27.6481    27.6473    218.830    219.128      0.585    1477.66    1477.66  0.000e+00
      27431    221.500     5.7928     5.7934     0.0006    3.43551    3.43545          1     6.3261     6.2356      98.66     0.0788     0.1811  1.000e-12  0.3146000    35.0879    35.0865    -0.0013    27.6486    27.6475    219.325    219.623      0.575    1477.67    1477.67  0.000e+00
      27452    222.000     5.7929     5.7928    -0.0001    3.43556    3.43543          1     6.3108     6.2233      98.66     0.0733     0.1923  1.000e-12  0.3041000    35.0881    35.0866    -0.0015    27.6487    27.6476    219.819    220.119      0.552    1477.68    1477.67  0.000e+00
      27474    222.500     5.7981     5.7985     0.0005    3.43620    3.43613          1     6.2994     6.2370      98.66     0.0699     0.1918  1.000e-12  0.2938000    35.0897    35.0884    -0.0014    27.6494    27.6483    220.314    220.614      0.530    1477.71    1477.71  0.000e+00
      27497    223.000     5.7966     5.7994     0.0028    3.43607    3.43624          1     6.2998     6.2576      98.66     0.0537     0.2268  1.000e-12  0.3166000    35.0895    35.0885    -0.0009    27.6494    27.6483    220.809    221.110      0.517    1477.71    1477.72  0.000e+00
