ctdpy/exports/archive_20191120_135557/received_data/SBE09_1044_20180130_0026_34_02_0033.cnv
* Sea-Bird SBE 9 Data File:
* FileName = C:\ctd\temp\2018\ME18D033.hex
* Software Version Seasave V 7.26.6.26
* Temperature SN = 5351
* Conductivity SN = 3941
* Number of Bytes Per Scan = 41
* Number of Voltage Words = 4
* Number of Scans Averaged by the Deck Unit = 1
* NMEA Latitude = 59 02.50 N
* NMEA Longitude = 021 06.01 E
* NMEA UTC (Time) = Jan 30 2018  00:27:04
* NMEA baud rate = 4800
** Station:  BY28
** Operator:  SSip
** Ship: MERI
** Average sound velocity: 1442.41 m/s
** True-depth calculation Tue, 30 Jan 2018 08:21:14 +0000
** CTD Python Module SMHI /ver 3-12/ feb 2012 
** LIMS Job: 20183402-0033
** Cruise: SMHI-01-2018
** Latitude [GG MM.mm N] :
** Longitude [GG MM.mm E]:
# nquan = 26
# nvalues = 371                         
# units = specified
# name 0 = scan: Scan Count
# name 1 = prDM: Pressure, Digiquartz [db]
# name 2 = t090C: Temperature [ITS-90, deg C]
# name 3 = t190C: Temperature, 2 [ITS-90, deg C]
# name 4 = T2-T190C: Temperature Difference, 2 - 1 [ITS-90, deg C]
# name 5 = c0S/m: Conductivity [S/m]
# name 6 = c1S/m: Conductivity, 2 [S/m]
# name 7 = pumps: Pump Status
# name 8 = sbeox0ML/L: Oxygen, SBE 43 [ml/l]
# name 9 = sbeox1ML/L: Oxygen, SBE 43, 2 [ml/l]
# name 10 = altM: Altimeter [m]
# name 11 = flECO-AFL: Chl-a Fluorescence, WET Labs ECO-AFL/FL [mg/m^3]
# name 12 = flECO-AFL1: Phycocyanin Fluorescence, WET Labs ECO-AFL/FL, 2 [mg/m^3]
# name 13 = par: PAR/Irradiance, Biospherical/Lico [µE/(cm^2*s)]
# name 14 = turbWETntu0: Turbidity, WET Labs ECO [NTU]
# name 15 = sal00: Salinity, Practical [PSU]
# name 16 = sal11: Salinity, Practical, 2 [PSU]
# name 17 = secS-priS: Salinity, Practical, Difference, 2 - 1 [PSU]
# name 18 = sigma-t00: Density [sigma-t, Kg/m^3 ]
# name 19 = sigma-t11: Density, 2 [sigma-t, Kg/m^3 ]
# name 20 = depSM: Depth [salt water, m], lat = 59.0417
# name 21 = depFM: Depth [true depth, m], lat = 59.0417
# name 22 = dz/dtM: Descent Rate [m/s], WS = 2
# name 23 = svCM: Sound Velocity [Chen-Millero, m/s]
# name 24 = svCM1: Sound Velocity, 2 [Chen-Millero, m/s]
# name 25 = flag: flag
# span 0 =       6447,      14614       
# span 1 =      2.000,    187.000       
# span 2 =     4.4605,     6.3419       
# span 3 =     4.4611,     6.3423       
# span 4 =    -0.0215,     0.0057       
# span 5 =   0.771640,   1.260958       
# span 6 =   0.771653,   1.260952       
# span 7 =          1,          1       
# span 8 =    0.01204,    8.16266       
# span 9 =    0.03313,    8.18946       
# span 10 =       3.31,     129.83      
# span 11 =     0.2638,     0.4318      
# span 12 =     0.2650,     0.6638      
# span 13 = -5.664e-05, 6.9940e-02      
# span 14 =     0.1511,     1.0653      
# span 15 =     7.2110,    11.5407      
# span 16 =     7.2107,    11.5406      
# span 17 =    -0.0118,     0.0008      
# span 18 =     5.7199,     9.0432      
# span 19 =     5.7196,     9.0430      
# span 20 =      1.981,    185.167      
# span 21 =      2.025,    189.043      
# span 22 =      0.077,      0.776      
# span 23 =    1433.13,    1449.69      
# span 24 =    1433.14,    1449.69      
# span 25 = 0.0000e+00, 0.0000e+00      
# interval = decibars: 0.5              
# start_time = Jan 30 2018 00:27:05 [NMEA time, first data scan]
# bad_flag = -9.990e-29
*END*
[from data line 168]
      10195     86.000     5.9512     5.9512    -0.0001    1.09827    1.09794          1     1.1207     1.3175      98.04     0.3247     0.3197  1.000e-12  0.1980000    10.0719    10.0687    -0.0032     7.9127     7.9102     85.178     87.082      0.718    1444.57    1444.56  0.000e+00
      10210     86.500     5.9596     5.9596    -0.0000    1.10873    1.10854          1     0.9257     1.1439      98.05     0.3237     0.3105  1.000e-12  0.1967000    10.1729    10.1711    -0.0019     7.9918     7.9903     85.673     87.587      0.763    1444.74    1444.74  0.000e+00
      10226     87.000     5.9671     5.9672     0.0001    1.11482    1.11472          1     0.7847     1.0106      98.04     0.3127     0.3040  1.000e-12  0.1969000    10.2309    10.2300    -0.0009     8.0370     8.0363     86.168     88.092      0.712    1444.85    1444.85  0.000e+00
      10245     87.500     5.9713     5.9714     0.0001    1.11759    1.11756          1     0.6825     0.8967      98.03     0.2876     0.3195  1.000e-12  0.2071000    10.2571    10.2568    -0.0003     8.0574     8.0571     86.663     88.597      0.577    1444.91    1444.91  0.000e+00
      10269     88.000     5.9932     5.9917    -0.0014    1.13025    1.12952          1     0.5462     0.7515      98.03     0.3085     0.3553  1.000e-12  0.2108000    10.3758    10.3690    -0.0068     8.1495     8.1443     87.158     89.102      0.466    1445.16    1445.15  0.000e+00
      10295     88.500     6.0137     6.0137    -0.0001    1.14025    1.14008          1     0.4096     0.6141      71.64     0.3124     0.3224  1.000e-12  0.2093000    10.4685    10.4669    -0.0016     8.2212     8.2200     87.654     89.608      0.537    1445.37    1445.37  0.000e+00
      10315     89.000     6.0255     6.0253    -0.0002    1.14723    1.14706          1     0.3268     0.5174      95.25     0.3023     0.3380  1.000e-12  0.2729000    10.5340    10.5325    -0.0016     8.2721     8.2709     88.149     90.113      0.645    1445.51    1445.51  0.000e+00
      10332     89.500     6.0414     6.0411    -0.0002    1.15685    1.15667          1     0.2568     0.4419      98.04     0.2969     0.3400  1.000e-12  0.3293000    10.6244    10.6228    -0.0017     8.3423     8.3410     88.644     90.618      0.694    1445.70    1445.70  0.000e+00
      10349     90.000     6.0537     6.0535    -0.0002    1.16230    1.16227          1     0.1932     0.3733      98.04     0.2969     0.3175  1.000e-12  0.2374000    10.6746    10.6743    -0.0002     8.3810     8.3808     89.139     91.123      0.673    1445.83    1445.83  0.000e+00
      10368     90.500     6.0750     6.0748    -0.0002    1.17370    1.17358          1     0.1429     0.3110      98.03     0.3046     0.2815  1.000e-12  0.2191000    10.7809    10.7798    -0.0011     8.4633     8.4624     89.634     91.628      0.586    1446.06    1446.06  0.000e+00
      10391     91.000     6.0919     6.0919     0.0001    1.18192    1.18179          1     0.1032     0.2532      98.04     0.3030     0.3039  1.000e-12  0.1980000    10.8570    10.8557    -0.0012     8.5221     8.5211     90.129     92.133      0.487    1446.23    1446.23  0.000e+00
      10417     91.500     6.1145     6.1145     0.0000    1.19226    1.19209          1     0.0687     0.1985      63.42     0.3030     0.2989  1.000e-12  0.1826000    10.9523    10.9505    -0.0017     8.5956     8.5943     90.624     92.638      0.516    1446.46    1446.46  0.000e+00
      10438     92.000     6.1337     6.1337     0.0001    1.19966    1.19955          1     0.0485     0.1700      61.29     0.3122     0.3001  1.000e-12  0.1772000    11.0195    11.0184    -0.0011     8.6473     8.6464     91.119     93.143      0.624    1446.63    1446.63  0.000e+00
      10456     92.500     6.1434     6.1437     0.0003    1.20330    1.20326          1     0.0451     0.1600      98.16     0.3213     0.3626  1.000e-12  0.1724000    11.0524    11.0518    -0.0005     8.6725     8.6721     91.614     93.648      0.697    1446.72    1446.72  0.000e+00
      10472     93.000     6.1517     6.1522     0.0005    1.20525    1.20525          1     0.0480     0.1499      98.05     0.3213     0.3422  1.000e-12  0.1926000    11.0690    11.0687    -0.0002     8.6850     8.6848     92.110     94.152      0.700    1446.79    1446.79  0.000e+00
      10490     93.500     6.1763     6.1764     0.0001    1.21104    1.21101          1     0.0496     0.1414      98.07     0.3168     0.3292  1.000e-12  0.2019000    11.1182    11.1179    -0.0003     8.7221     8.7219     92.605     94.657      0.639    1446.96    1446.96  0.000e+00
      10510     94.000     6.2013     6.2013    -0.0000    1.21695    1.21689          1     0.0489     0.1344      98.08     0.3136     0.3234  1.000e-12  0.2697000    11.1687    11.1681    -0.0006     8.7602     8.7597     93.100     95.162      0.547    1447.14    1447.14  0.000e+00
      10534     94.500     6.2124     6.2123    -0.0001    1.22026    1.22021          1     0.0553     0.1303      98.07     0.3436     0.3940  1.000e-12  0.6659000    11.1977    11.1973    -0.0005     8.7823     8.7819     93.595     95.667      0.504    1447.23    1447.23  0.000e+00
      10557     95.000     6.2253     6.2255     0.0001    1.22450    1.22442          1     0.0624     0.1283      98.07     0.3211     0.3486  1.000e-12  0.8498000    11.2355    11.2346    -0.0009     8.8111     8.8104     94.090     96.172      0.569    1447.34    1447.34  0.000e+00
      10577     95.500     6.2362     6.2361    -0.0001    1.22826    1.22815          1     0.0699     0.1295      98.09     0.3323     0.3471  1.000e-12  0.9929000    11.2691    11.2680    -0.0011     8.8368     8.8360     94.585     96.677      0.635    1447.44    1447.43  0.000e+00
      10595     96.000     6.2380     6.2383     0.0003    1.22902    1.22901          1     0.0691     0.1281      98.08     0.3394     0.3392  1.000e-12  1.0410000    11.2759    11.2757    -0.0002     8.8421     8.8419     95.080     97.181      0.638    1447.46    1447.46  0.000e+00
      10615     96.500     6.2395     6.2395    -0.0000    1.22965    1.22957          1     0.0701     0.1258      97.95     0.3434     0.3192  1.000e-12  1.0653000    11.2816    11.2808    -0.0009     8.8464     8.8458     95.575     97.686      0.582    1447.48    1447.48  0.000e+00
      10637     97.000     6.2401     6.2404     0.0003    1.22989    1.22988          1     0.0712     0.1206      97.57     0.3351     0.3330  1.000e-12  1.0452000    11.2837    11.2835    -0.0002     8.8481     8.8478     96.070     98.191      0.544    1447.50    1447.50  0.000e+00
      10658     97.500     6.2415     6.2417     0.0002    1.23025    1.23022          1     0.0702     0.1175      97.18     0.3583     0.3053  1.000e-12  1.0466000    11.2867    11.2864    -0.0003     8.8503     8.8500     96.565     98.696      0.582    1447.51    1447.51  0.000e+00
      10678     98.000     6.2447     6.2446    -0.0000    1.23117    1.23107          1     0.0687     0.1169      96.77     0.3580     0.3263  1.000e-12  1.0259000    11.2947    11.2938    -0.0009     8.8564     8.8557     97.060     99.201      0.623    1447.54    1447.54  0.000e+00
      10697     98.500     6.2466     6.2464    -0.0002    1.23176    1.23162          1     0.0668     0.1162      96.25     0.3523     0.3471  1.000e-12  1.0220000    11.2998    11.2985    -0.0013     8.8603     8.8592     97.556     99.705      0.621    1447.57    1447.56  0.000e+00
      10717     99.000     6.2530     6.2531     0.0001    1.23381    1.23377          1     0.0631     0.1111      95.79     0.3458     0.3497  1.000e-12  1.0203000    11.3179    11.3175    -0.0004     8.8741     8.8737     98.051    100.210      0.605    1447.62    1447.62  0.000e+00
      10736     99.500     6.2549     6.2550     0.0001    1.23448    1.23444          1     0.0633     0.1095      95.19     0.3458     0.3366  1.000e-12  1.0211000    11.3238    11.3234    -0.0004     8.8786     8.8782     98.546    100.715      0.596    1447.65    1447.65  0.000e+00
      10757    100.000     6.2571     6.2575     0.0003    1.23538    1.23540          1     0.0649     0.1075      94.64     0.3347     0.3225  1.000e-12  0.9943000    11.3319    11.3320     0.0001     8.8848     8.8849     99.041    101.220      0.564    1447.68    1447.68  0.000e+00
      10779    100.500     6.2585     6.2586     0.0001    1.23571    1.23570          1     0.0600     0.1013      94.09     0.3518     0.3138  1.000e-12  0.9629000    11.3347    11.3345    -0.0002     8.8869     8.8867     99.536    101.725      0.530    1447.69    1447.69  0.000e+00
      10802    101.000     6.2591     6.2592     0.0001    1.23580    1.23578          1     0.0605     0.1015      93.46     0.3508     0.3101  1.000e-12  0.9698000    11.3353    11.3350    -0.0002     8.8873     8.8871    100.031    102.229      0.543    1447.70    1447.70  0.000e+00
      10823    101.500     6.2610     6.2605    -0.0005    1.23639    1.23616          1     0.0581     0.1037      93.00     0.3403     0.3331  1.000e-12  0.9817000    11.3404    11.3383    -0.0021     8.8912     8.8896    100.526    102.734      0.576    1447.73    1447.72  0.000e+00
      10844    102.000     6.2640     6.2641    -0.0000    1.23740    1.23730          1     0.0593     0.1004      92.41     0.3378     0.3028  1.000e-12  0.9847000    11.3493    11.3483    -0.0010     8.8980     8.8972    101.021    103.239      0.591    1447.76    1447.76  0.000e+00
      10864    102.500     6.2682     6.2684     0.0003    1.23861    1.23859          1     0.0551     0.0981      91.94     0.3585     0.3160  1.000e-12  0.9794000    11.3598    11.3596    -0.0003     8.9060     8.9058    101.516    103.744      0.602    1447.80    1447.80  0.000e+00
      10884    103.000     6.2694     6.2696     0.0002    1.23891    1.23888          1     0.0532     0.0970      91.30     0.3358     0.3286  1.000e-12  0.9582000    11.3623    11.3619    -0.0004     8.9079     8.9075    102.011    104.249      0.617    1447.81    1447.81  0.000e+00
      10903    103.500     6.2697     6.2698     0.0002    1.23912    1.23907          1     0.0524     0.0941      90.76     0.3335     0.3475  1.000e-12  0.9633000    11.3642    11.3636    -0.0006     8.9094     8.9089    102.506    104.753      0.613    1447.82    1447.82  0.000e+00
      10923    104.000     6.2701     6.2703     0.0002    1.23924    1.23921          1     0.0521     0.0953      90.22     0.3491     0.3349  1.000e-12  0.9616000    11.3651    11.3648    -0.0003     8.9100     8.9098    103.001    105.258      0.582    1447.84    1447.84  0.000e+00
      10944    104.500     6.2708     6.2709     0.0001    1.23946    1.23943          1     0.0544     0.0920      89.67     0.3783     0.3119  1.000e-12  0.9496000    11.3670    11.3666    -0.0004     8.9115     8.9112    103.496    105.763      0.544    1447.85    1447.85  0.000e+00
      10967    105.000     6.2719     6.2720     0.0001    1.23980    1.23977          1     0.0485     0.0896      89.21     0.3575     0.3669  1.000e-12  0.9241000    11.3699    11.3696    -0.0003     8.9137     8.9134    103.992    106.268      0.539    1447.87    1447.87  0.000e+00
      10989    105.500     6.2729     6.2731     0.0002    1.24012    1.24009          1     0.0493     0.0891      88.72     0.3460     0.3930  1.000e-12  0.9370000    11.3726    11.3723    -0.0003     8.9157     8.9155    104.487    106.772      0.566    1447.88    1447.88  0.000e+00
      11009    106.000     6.2741     6.2742     0.0001    1.24046    1.24042          1     0.0511     0.0888      88.35     0.3360     0.3610  1.000e-12  0.9565000    11.3756    11.3752    -0.0005     8.9180     8.9176    104.982    107.277      0.582    1447.90    1447.90  0.000e+00
      11030    106.500     6.2759     6.2759     0.0000    1.24107    1.24102          1     0.0459     0.0880      88.00     0.3469     0.3352  1.000e-12  0.9459000    11.3809    11.3805    -0.0004     8.9220     8.9217    105.477    107.782      0.571    1447.92    1447.92  0.000e+00
      11051    107.000     6.2781     6.2783     0.0002    1.24167    1.24167          1     0.0486     0.0832      87.58     0.3574     0.2942  1.000e-12  0.9289000    11.3860    11.3859    -0.0001     8.9259     8.9258    105.972    108.287      0.561    1447.94    1447.94  0.000e+00
      11073    107.500     6.2797     6.2800     0.0003    1.24211    1.24211          1     0.0475     0.0847      87.05     0.3549     0.3276  1.000e-12  0.9168000    11.3898    11.3897    -0.0001     8.9288     8.9287    106.467    108.791      0.587    1447.96    1447.96  0.000e+00
      11092    108.000     6.2807     6.2809     0.0002    1.24264    1.24264          1     0.0469     0.0861      86.49     0.3331     0.3549  1.000e-12  0.9064000    11.3946    11.3945    -0.0001     8.9325     8.9324    106.962    109.296      0.624    1447.98    1447.98  0.000e+00
      11111    108.500     6.2804     6.2806     0.0002    1.24311    1.24309          1     0.0477     0.0825      85.98     0.3433     0.3666  1.000e-12  0.9054000    11.3992    11.3990    -0.0003     8.9361     8.9359    107.457    109.801      0.624    1447.99    1447.99  0.000e+00
      11131    109.000     6.2800     6.2802     0.0002    1.24348    1.24346          1     0.0440     0.0828      85.53     0.3523     0.3346  1.000e-12  0.8470000    11.4030    11.4027    -0.0003     8.9392     8.9389    107.952    110.306      0.562    1448.01    1448.01  0.000e+00
      11155    109.500     6.2801     6.2803     0.0002    1.24368    1.24364          1     0.0415     0.0804      84.84     0.3415     0.3239  1.000e-12  0.7809000    11.4048    11.4044    -0.0004     8.9405     8.9402    108.447    110.810      0.481    1448.02    1448.02  0.000e+00
      11181    110.000     6.2810     6.2812     0.0002    1.24388    1.24389          1     0.0444     0.0791      84.21     0.3209     0.3088  1.000e-12  0.7595000    11.4064    11.4064     0.0000     8.9417     8.9417    108.942    111.315      0.491    1448.03    1448.03  0.000e+00
      11203    110.500     6.2833     6.2833     0.0000    1.24472    1.24467          1     0.0431     0.0794      83.66     0.3248     0.3125  1.000e-12  0.7586000    11.4139    11.4134    -0.0005     8.9475     8.9471    109.437    111.820      0.579    1448.06    1448.06  0.000e+00
      11222    111.000     6.2849     6.2850     0.0001    1.24520    1.24516          1     0.0420     0.0804      83.13     0.3334     0.3097  1.000e-12  0.7616000    11.4180    11.4175    -0.0005     8.9506     8.9502    109.932    112.325      0.646    1448.08    1448.08  0.000e+00
      11240    111.500     6.2866     6.2869     0.0003    1.24559    1.24556          1     0.0420     0.0784      82.59     0.3335     0.2895  1.000e-12  0.7059000    11.4212    11.4208    -0.0003     8.9530     8.9527    110.427    112.829      0.650    1448.10    1448.10  0.000e+00
      11259    112.000     6.2879     6.2881     0.0002    1.24585    1.24582          1     0.0419     0.0764      82.25     0.3463     0.3283  1.000e-12  0.6980000    11.4232    11.4229    -0.0003     8.9545     8.9542    110.923    113.334      0.595    1448.11    1448.11  0.000e+00
      11281    112.500     6.2894     6.2896     0.0002    1.24614    1.24612          1     0.0402     0.0747      81.63     0.3533     0.3144  1.000e-12  0.7011000    11.4255    11.4254    -0.0002     8.9562     8.9561    111.418    113.839      0.528    1448.13    1448.13  0.000e+00
