ctdpy/exports/archive_20191120_135557/received_data/SBE09_1044_20181207_0617_34_01_0161.cnv
* Sea-Bird SBE 9 Data File:
* FileName = C:\ctd\temp\ar18d161.hex
* Software Version Seasave V 7.26.7.107
* Temperature SN = 5351
* Conductivity SN = 3941
* Number of Bytes Per Scan = 41
* Number of Voltage Words = 4
* Number of Scans Averaged by the Deck Unit = 1
* NMEA Latitude = 55 52.00 N
* NMEA Longitude = 012 44.92 E
* NMEA UTC (Time) = Dec 07 2018  06:17:10
* NMEA baud rate = 4800
** Station:  W Landskrona
** Operator:  JKro
** Ship: ARANDA
** Average sound velocity: 1433.96 m/s
** True-depth calculation Sun, 09 Dec 2018 17:14:30 +0000
** CTD Python Module SMHI /ver 3-12/ feb 2012 
** LIMS Job: 20183401-0161
** Cruise: SMHI-7-2018
** Latitude [GG MM.mm N]:
** Longitude [GG MM.mm E]
# nquan = 26
# nvalues = 96                          
# units = specified
# name 0 = scan: Scan Count
# name 1 = prDM: Pressure, Digiquartz [db]
# name 2 = t090C: Temperature [ITS-90, deg C]
# name 3 = t190C: Temperature, 2 [ITS-90, deg C]
# name 4 = T2-T190C: Temperature Difference, 2 - 1 [ITS-90, deg C]
# name 5 = c0S/m: Conductivity [S/m]
# name 6 = c1S/m: Conductivity, 2 [S/m]
# name 7 = pumps: Pump Status
# name 8 = sbeox0ML/L: Oxygen, SBE 43 [ml/l]
# name 9 = sbeox1ML/L: Oxygen, SBE 43, 2 [ml/l]
# name 10 = altM: Altimeter [m]
# name 11 = flECO-AFL: Chl-a Fluorescence, WET Labs ECO-AFL/FL [mg/m^3]
# name 12 = flECO-AFL1: Phycocyanin Fluorescence, WET Labs ECO-AFL/FL, 2 [mg/m^3]
# name 13 = par: PAR/Irradiance, Biospherical/Lico [µE/(cm^2*s)]
# name 14 = turbWETntu0: Turbidity, WET Labs ECO [NTU]
# name 15 = sal00: Salinity, Practical [PSU]
# name 16 = sal11: Salinity, Practical, 2 [PSU]
# name 17 = secS-priS: Salinity, Practical, Difference, 2 - 1 [PSU]
# name 18 = sigma-t00: Density [sigma-t, Kg/m^3 ]
# name 19 = sigma-t11: Density, 2 [sigma-t, Kg/m^3 ]
# name 20 = depSM: Depth [salt water, m], lat = 55.8667
# name 21 = depFM: Depth [true depth, m], lat = 55.8667
# name 22 = dz/dtM: Descent Rate [m/s], WS = 2
# name 23 = svCM: Sound Velocity [Chen-Millero, m/s]
# name 24 = svCM1: Sound Velocity, 2 [Chen-Millero, m/s]
# name 25 = flag: flag
# span 0 =      15237,      18540       
# span 1 =      1.000,     48.500       
# span 2 =     6.5282,    10.5228       
# span 3 =     6.5299,    10.5245       
# span 4 =    -0.0234,     0.0433       
# span 5 =   2.027983,   3.676190       
# span 6 =   2.028722,   3.676963       
# span 7 =          1,          1       
# span 8 =    4.77009,    7.20277       
# span 9 =    4.76082,    7.21992       
# span 10 =       2.15,      44.60      
# span 11 =     0.3620,     2.2207      
# span 12 =     0.2033,     0.4727      
# span 13 = -3.196e-11, 2.2478e-01      
# span 14 =     0.4836,    16.5261      
# span 15 =    19.1119,    33.1415      
# span 16 =    19.1200,    33.1477      
# span 17 =    -0.1067,     0.1044      
# span 18 =    14.9472,    25.4121      
# span 19 =    14.9537,    25.4166      
# span 20 =      0.991,     48.054      
# span 21 =     -0.000,     48.315      
# span 22 =     -0.043,      0.534      
# span 23 =    1458.17,    1490.23      
# span 24 =    1458.16,    1490.23      
# span 25 = 0.0000e+00, 0.0000e+00      
# interval = decibars: 0.5              
# start_time = Dec 07 2018 06:17:10 [NMEA time, first data scan]
# bad_flag = -9.990e-29
*END*
      15237      1.000     6.8052     6.8346     0.0293    2.04121    2.03245          1     7.1894     7.2116      29.63     0.9549     0.3121  2.248e-01  0.4836000    19.2718    19.1651    -0.1067    15.0769    14.9903      0.991      1.003      0.137    1458.28    1458.27  0.000e+00
      15323      1.500     6.8474     6.8465    -0.0009    2.02798    2.02872          1     7.2028     7.2199      24.39     1.0040     0.3427  3.610e-03  0.4887000    19.1119    19.1200     0.0081    14.9472    14.9537      1.486      1.505      0.272    1458.26    1458.27  0.000e+00
      15368      2.000     6.8404     6.8412     0.0009    2.02907    2.02927          1     7.1883     7.2082      36.18     1.0421     0.3422 -3.196e-11  0.5729000    19.1268    19.1284     0.0017    14.9596    14.9608      1.982      2.007      0.321    1458.26    1458.26  0.000e+00
      15402      2.500     6.7918     6.7895    -0.0023    2.03884    2.03954          1     7.1219     7.1434      35.05     1.0237     0.3018  1.000e-12  0.5618000    19.2544    19.2629     0.0085    15.0645    15.0714      2.477      2.509      0.365    1458.23    1458.23  0.000e+00
      15430      3.000     6.7126     6.7036    -0.0090    2.05416    2.05647          1     7.0977     7.1268       9.00     1.0319     0.3286  1.000e-12  0.5402000    19.4573    19.4863     0.0290    15.2315    15.2551      2.973      3.010      0.470    1458.17    1458.16  0.000e+00
      15456      3.500     6.5383     6.5384    -0.0000    2.11748    2.12233          1     7.0958     7.1320      14.33     0.9366     0.3290  1.000e-12  0.6172000    20.2156    20.2661     0.0505    15.8440    15.8837      3.468      3.512      0.445    1458.41    1458.47  0.000e+00
      15483      4.000     6.5282     6.5299     0.0017    2.14594    2.14610          1     7.1199     7.1528      22.39     1.0683     0.3443  1.000e-12  0.6619000    20.5184    20.5191     0.0006    16.0829    16.0832      3.964      4.013      0.480    1458.75    1458.76  0.000e+00
      15507      4.500     6.5289     6.5331     0.0042    2.14908    2.14940          1     7.0994     7.1018      28.90     1.0828     0.3514  1.000e-12  0.6623000    20.5506    20.5515     0.0008    16.1081    16.1084      4.459      4.514      0.486    1458.80    1458.82  0.000e+00
      15532      5.000     6.6836     6.6885     0.0047    2.17786    2.18049          1     6.9715     6.9662      34.84     1.0397     0.3586  1.000e-12  0.6388000    20.7575    20.7820     0.0244    16.2554    16.2741      4.955      5.015      0.494    1459.70    1459.75  0.000e+00
      15556      5.500     6.6944     6.6924    -0.0019    2.22362    2.22554          1     6.9497     6.9408      40.33     1.1493     0.3473  1.000e-12  0.6171000    21.2283    21.2495     0.0212    16.6241    16.6410      5.450      5.516      0.496    1460.34    1460.36  0.000e+00
      15580      6.000     6.7943     6.8155     0.0212    2.31438    2.32523          1     6.9299     6.9213      44.60     1.1995     0.3205  1.000e-12  0.6571000    22.1129    22.2129     0.1000    17.3084    17.3848      5.945      6.017      0.477    1461.85    1462.06  0.000e+00
      15606      6.500     7.0005     7.0097     0.0092    2.41095    2.41382          1     6.8989     6.8933      44.19     1.5020     0.3249  1.000e-12  0.6530000    22.9883    23.0122     0.0239    17.9737    17.9915      6.441      6.518      0.482    1463.78    1463.85  0.000e+00
      15630      7.000     7.0834     7.0890     0.0055    2.43558    2.43676          1     6.8952     6.8977      43.73     1.8616     0.3601  1.000e-12  0.6829000    23.1900    23.1986     0.0085    18.1230    18.1291      6.936      7.018      0.491    1464.37    1464.40  0.000e+00
      15655      7.500     7.1166     7.1209     0.0043    2.44496    2.44596          1     6.8930     6.9117      43.21     2.0862     0.4314  1.000e-12  0.7236000    23.2655    23.2731     0.0075    18.1786    18.1840      7.432      7.518      0.488    1464.61    1464.63  0.000e+00
      15679      8.000     7.1569     7.1623     0.0054    2.45477    2.45620          1     6.8857     6.9027      42.68     2.2172     0.3958  1.000e-12  0.7770000    23.3405    23.3518     0.0113    18.2329    18.2411      7.927      8.018      0.485    1464.87    1464.90  0.000e+00
      15704      8.500     7.1782     7.1837     0.0054    2.46019    2.46165          1     6.8196     6.8168      42.20     2.2207     0.4099  1.000e-12  0.7481000    23.3825    23.3940     0.0115    18.2634    18.2718      8.423      8.518      0.491    1465.01    1465.05  0.000e+00
      15728      9.000     7.2000     7.2027     0.0027    2.46659    2.46704          1     6.7584     6.7497      41.72     2.1811     0.3960  1.000e-12  0.7119000    23.4342    23.4370     0.0028    18.3015    18.3034      8.918      9.019      0.502    1465.17    1465.19  0.000e+00
      15752      9.500     7.2253     7.2403     0.0150    2.47448    2.47874          1     6.7908     6.7667      41.21     2.1789     0.4102  1.000e-12  0.7239000    23.4991    23.5332     0.0341    18.3495    18.3746      9.413      9.519      0.506    1465.36    1465.47  0.000e+00
      15776     10.000     7.4366     7.4798     0.0433    2.54905    2.56200          1     6.7050     6.6482      40.70     2.1757     0.4727  1.000e-12  0.7655000    24.1295    24.2339     0.1044    18.8195    18.8962      9.909     10.019      0.501    1466.99    1467.29  0.000e+00
      15800     10.500     7.7726     7.7997     0.0270    2.66559    2.67326          1     6.5442     6.4942      30.86     1.9971     0.3951  1.000e-12  0.8018000    25.1010    25.1611     0.0601    19.5403    19.5841     10.404     10.518      0.500    1469.52    1469.70  0.000e+00
      15824     11.000     7.8585     7.8597     0.0012    2.69437    2.69453          1     6.4433     6.4229       7.21     1.7214     0.3767  1.000e-12  0.8095000    25.3369    25.3376     0.0007    19.7143    19.7148     10.900     11.018      0.514    1470.15    1470.16  0.000e+00
      15847     11.500     7.9232     7.9243     0.0011    2.71954    2.71937          1     6.3693     6.3552      12.11     1.6773     0.4194  1.000e-12  0.8085000    25.5498    25.5474    -0.0025    19.8730    19.8709     11.395     11.517      0.516    1470.68    1470.68  0.000e+00
      15870     12.000     7.9641     7.9717     0.0076    2.73169    2.73312          1     6.3445     6.3314      18.99     1.6370     0.3955  1.000e-12  0.8049000    25.6454    25.6546     0.0092    19.9426    19.9489     11.891     12.016      0.509    1470.96    1471.00  0.000e+00
      15894     12.500     7.9975     8.0026     0.0053    2.74053    2.74154          1     6.3332     6.3085      25.09     1.6442     0.3402  1.000e-12  0.7790000    25.7120    25.7188     0.0068    19.9905    19.9951     12.386     12.516      0.512    1471.18    1471.21  0.000e+00
      15917     13.000     8.1411     8.1585     0.0171    2.79092    2.79543          1     6.2684     6.2395      30.32     1.6096     0.3690  1.000e-12  0.8131000    26.1253    26.1590     0.0337    20.2954    20.3195     12.881     13.015      0.518    1472.26    1472.36  0.000e+00
      15940     13.500     8.2644     8.2688     0.0044    2.83438    2.83524          1     6.2132     6.1873      31.03     1.4613     0.3092  1.000e-12  0.7901000    26.4808    26.4864     0.0055    20.5574    20.5612     13.377     13.514      0.516    1473.18    1473.20  0.000e+00
      15964     14.000     8.3473     8.3608     0.0135    2.86539    2.86927          1     6.1196     6.0961       7.60     1.4630     0.3658  1.000e-12  0.8412000    26.7370    26.7667     0.0297    20.7467    20.7681     13.872     14.013      0.511    1473.82    1473.91  0.000e+00
      15987     14.500     8.4434     8.4462     0.0027    2.90304    2.90362          1     6.0344     6.0243      12.35     1.4464     0.3524  1.000e-12  0.9002000    27.0506    27.0545     0.0038    20.9791    20.9817     14.368     14.512      0.504    1474.58    1474.59  0.000e+00
      16011     15.000     8.4820     8.4908     0.0088    2.92064    2.92347          1     5.9980     5.9744      21.01     1.4246     0.3253  1.000e-12  0.9070000    27.2016    27.2238     0.0222    21.0919    21.1080     14.863     15.011      0.504    1474.92    1474.98  0.000e+00
      16035     15.500     8.6518     8.6860     0.0341    2.98494    2.99687          1     5.9367     5.8839      26.33     1.3640     0.3767  1.000e-12  0.9475000    27.7290    27.8242     0.0952    21.4807    21.5503     15.359     15.509      0.510    1476.22    1476.47  0.000e+00
      16058     16.000     8.9202     8.9233     0.0033    3.08138    3.08215          1     5.8034     5.7626      32.03     1.2554     0.3496  1.000e-12  1.0130000    28.5034    28.5091     0.0057    22.0477    22.0517     15.854     16.008      0.511    1478.19    1478.21  0.000e+00
      16082     16.500     9.1455     9.1221    -0.0234    3.15808    3.15163          1     5.6710     5.6552      34.07     1.1018     0.3155  1.000e-12  1.0841000    29.1042    29.0574    -0.0468    22.4840    22.4509     16.349     16.506      0.511    1479.78    1479.64  0.000e+00
      16105     17.000     9.2089     9.1995    -0.0094    3.17955    3.17674          1     5.5861     5.5794      33.64     0.9998     0.3099  1.000e-12  1.1436000    29.2709    29.2501    -0.0208    22.6047    22.5899     16.845     17.004      0.519    1480.23    1480.17  0.000e+00
      16128     17.500     9.2299     9.2322     0.0022    3.18662    3.18730          1     5.5730     5.5570      33.17     0.9971     0.3224  1.000e-12  1.1609000    29.3255    29.3306     0.0050    22.6442    22.6478     17.340     17.502      0.526    1480.38    1480.40  0.000e+00
      16151     18.000     9.2514     9.2433    -0.0081    3.19385    3.19120          1     5.5693     5.5539      32.71     0.9267     0.3194  1.000e-12  1.1501000    29.3813    29.3610    -0.0203    22.6846    22.6699     17.836     18.000      0.532    1480.54    1480.48  0.000e+00
      16173     18.500     9.3588     9.3407    -0.0181    3.23211    3.22681          1     5.5164     5.5070      32.20     0.9057     0.2767  1.000e-12  1.1495000    29.6814    29.6425    -0.0389    22.9026    22.8750     18.331     18.498      0.534    1481.31    1481.20  0.000e+00
      16196     19.000     9.4469     9.4465    -0.0004    3.26242    3.26363          1     5.4594     5.4530      31.67     0.8383     0.3167  1.000e-12  1.1678000    29.9160    29.9286     0.0127    23.0722    23.0821     18.826     18.996      0.530    1481.93    1481.95  0.000e+00
      16218     19.500     9.5052     9.5058     0.0006    3.28269    3.28347          1     5.4277     5.4173      31.20     0.8259     0.2750  1.000e-12  1.1333000    30.0727    30.0802     0.0075    23.1855    23.1913     19.322     19.493      0.530    1482.35    1482.36  0.000e+00
      16241     20.000     9.5640     9.5735     0.0094    3.30423    3.30647          1     5.3788     5.3639      30.69     0.8076     0.2714  1.000e-12  1.2096000    30.2416    30.2563     0.0147    23.3082    23.3182     19.817     19.991      0.534    1482.78    1482.83  0.000e+00
      16263     20.500     9.6746     9.6734    -0.0011    3.34309    3.34126          1     5.3435     5.3253      30.16     0.7970     0.2605  1.000e-12  1.2613000    30.5417    30.5242    -0.0175    23.5250    23.5116     20.313     20.489      0.532    1483.56    1483.53  0.000e+00
      16286     21.000     9.7192     9.7194     0.0002    3.36030    3.35910          1     5.3056     5.2876      29.67     0.7757     0.2528  1.000e-12  1.3074000    30.6776    30.6653    -0.0123    23.6240    23.6144     20.808     20.986      0.523    1483.90    1483.88  0.000e+00
      16309     21.500     9.8150     9.8143    -0.0006    3.39582    3.39396          1     5.2589     5.2444      29.17     0.7193     0.2768  1.000e-12  1.3272000    30.9549    30.9367    -0.0183    23.8251    23.8109     21.304     21.484      0.504    1484.59    1484.57  0.000e+00
      16333     22.000     9.8469     9.8460    -0.0009    3.40778    3.40726          1     5.2070     5.1978      28.66     0.6470     0.2762  1.000e-12  1.2932000    31.0481    31.0436    -0.0045    23.8927    23.8893     21.799     21.981      0.504    1484.83    1484.82  0.000e+00
      16357     22.500     9.8665     9.8662    -0.0003    3.41481    3.41460          1     5.1977     5.1918      28.22     0.6155     0.2774  1.000e-12  1.3203000    31.1020    31.1002    -0.0018    23.9315    23.9302     22.294     22.479      0.518    1484.97    1484.97  0.000e+00
      16380     23.000     9.8875     9.8822    -0.0054    3.42293    3.42104          1     5.1842     5.1701       9.25     0.6271     0.3192  1.000e-12  1.3175000    31.1658    31.1513    -0.0145    23.9779    23.9674     22.790     22.976      0.517    1485.14    1485.10  0.000e+00
      16404     23.500    10.0150    10.0057    -0.0092    3.47374    3.47047          1     5.1333     5.1150       9.99     0.6363     0.2738  1.000e-12  1.3304000    31.5676    31.5428    -0.0249    24.2705    24.2527     23.285     23.473      0.505    1486.10    1486.03  0.000e+00
      16427     24.000    10.0799    10.0745    -0.0052    3.50363    3.50206          1     5.0806     5.0695      14.99     0.5528     0.2398  1.000e-12  1.4427000    31.8121    31.8010    -0.0111    24.4505    24.4428     23.781     23.970      0.513    1486.64    1486.60  0.000e+00
      16450     24.500    10.1148    10.1130    -0.0019    3.51675    3.51583          1     5.0502     5.0448      23.70     0.5308     0.2422  1.000e-12  1.4815000    31.9135    31.9057    -0.0077    24.5238    24.5181     24.276     24.467      0.526    1486.89    1486.88  0.000e+00
      16473     25.000    10.1165    10.1113    -0.0051    3.51731    3.51554          1     5.0478     5.0448      19.42     0.5194     0.2532  1.000e-12  1.5418000    31.9174    31.9041    -0.0133    24.5266    24.5171     24.771     24.964      0.526    1486.91    1486.88  0.000e+00
      16496     25.500    10.1323    10.1322    -0.0001    3.52234    3.52245          1     5.0380     5.0385       9.32     0.5167     0.2676  1.000e-12  1.5451000    31.9539    31.9551     0.0012    24.5524    24.5534     25.267     25.462      0.517    1487.02    1487.02  0.000e+00
      16519     26.000    10.1569    10.1557    -0.0012    3.53060    3.53017          1     5.0254     5.0247      13.99     0.5167     0.2687  1.000e-12  1.5894000    32.0151    32.0120    -0.0032    24.5961    24.5938     25.762     25.959      0.507    1487.19    1487.18  0.000e+00
      16543     26.500    10.1644    10.1623    -0.0021    3.53306    3.53250          1     5.0201     5.0099      22.87     0.5044     0.2374  1.000e-12  1.6470000    32.0331    32.0294    -0.0037    24.6088    24.6063     26.257     26.456      0.513    1487.25    1487.24  0.000e+00
      16566     27.000    10.1774    10.1749    -0.0026    3.53719    3.53661          1     5.0142     4.9975      23.37     0.4970     0.2912  1.000e-12  1.6462000    32.0630    32.0594    -0.0036    24.6300    24.6276     26.753     26.953      0.519    1487.34    1487.33  0.000e+00
      16590     27.500    10.2110    10.2036    -0.0075    3.54748    3.54530          1     4.9892     4.9844      23.14     0.4957     0.2481  1.000e-12  1.6294000    32.1365    32.1212    -0.0153    24.6817    24.6710     27.248     27.450      0.496    1487.56    1487.52  0.000e+00
      16614     28.000    10.2568    10.2465    -0.0102    3.56143    3.55868          1     4.9580     4.9549      22.70     0.4660     0.2878  1.000e-12  1.6805000    32.2361    32.2176    -0.0185    24.7516    24.7390     27.744     27.947      0.488    1487.86    1487.80  0.000e+00
