ctdpy/exports/archive_20191120_135557/received_data/SBE09_1044_20180526_1650_34_07_0026.cnv
* Sea-Bird SBE 9 Data File:
* FileName = C:\ctd\temp\2018\AU18D026.hex
* Software Version Seasave V 7.26.6.26
* Temperature SN = 5351
* Conductivity SN = 3941
* Number of Bytes Per Scan = 41
* Number of Voltage Words = 4
* Number of Scans Averaged by the Deck Unit = 1
* NMEA Latitude = 57 52.01 N
* NMEA Longitude = 011 17.49 E
* NMEA UTC (Time) = May 26 2018  16:50:08
* NMEA baud rate = 4800
** Station:  P2
** Operator:  JKro
** Ship: AURA
** Average sound velocity: 1479.36 m/s
** True-depth calculation Sat, 26 May 2018 18:04:26 +0000
** CTD Python Module SMHI /ver 3-12/ feb 2012 
** LIMS Job: 20183407-0026
** Cruise: SMHI-02-2018
** Latitude [GG MM.mm N] :
** Longitude [GG MM.mm E]:
# nquan = 26
# nvalues = 179                         
# units = specified
# name 0 = scan: Scan Count
# name 1 = prDM: Pressure, Digiquartz [db]
# name 2 = t090C: Temperature [ITS-90, deg C]
# name 3 = t190C: Temperature, 2 [ITS-90, deg C]
# name 4 = T2-T190C: Temperature Difference, 2 - 1 [ITS-90, deg C]
# name 5 = c0S/m: Conductivity [S/m]
# name 6 = c1S/m: Conductivity, 2 [S/m]
# name 7 = pumps: Pump Status
# name 8 = sbeox0ML/L: Oxygen, SBE 43 [ml/l]
# name 9 = sbeox1ML/L: Oxygen, SBE 43, 2 [ml/l]
# name 10 = altM: Altimeter [m]
# name 11 = flECO-AFL: Chl-a Fluorescence, WET Labs ECO-AFL/FL [mg/m^3]
# name 12 = flECO-AFL1: Phycocyanin Fluorescence, WET Labs ECO-AFL/FL, 2 [mg/m^3]
# name 13 = par: PAR/Irradiance, Biospherical/Lico [µE/(cm^2*s)]
# name 14 = turbWETntu0: Turbidity, WET Labs ECO [NTU]
# name 15 = sal00: Salinity, Practical [PSU]
# name 16 = sal11: Salinity, Practical, 2 [PSU]
# name 17 = secS-priS: Salinity, Practical, Difference, 2 - 1 [PSU]
# name 18 = sigma-t00: Density [sigma-t, Kg/m^3 ]
# name 19 = sigma-t11: Density, 2 [sigma-t, Kg/m^3 ]
# name 20 = depSM: Depth [salt water, m], lat = 57.8668
# name 21 = depFM: Depth [true depth, m], lat = 57.8668
# name 22 = dz/dtM: Descent Rate [m/s], WS = 2
# name 23 = svCM: Sound Velocity [Chen-Millero, m/s]
# name 24 = svCM1: Sound Velocity, 2 [Chen-Millero, m/s]
# name 25 = flag: flag
# span 0 =       9718,      14643       
# span 1 =      1.000,     90.000       
# span 2 =     5.9852,    19.1449       
# span 3 =     5.9884,    19.1551       
# span 4 =    -0.3363,     0.3140       
# span 5 =   2.576279,   3.685760       
# span 6 =   2.578072,   3.685871       
# span 7 =          1,          1       
# span 8 =    5.39320,    7.14481       
# span 9 =    5.35147,    7.20475       
# span 10 =       3.96,     117.75      
# span 11 =     0.0934,     2.5723      
# span 12 =     0.1505,     0.4963      
# span 13 = 1.0000e-12, 2.9794e+03      
# span 14 =     0.2254,     1.8227      
# span 15 =    18.1631,    34.9064      
# span 16 =    18.1932,    34.9049      
# span 17 =    -0.7830,     0.1748      
# span 18 =    12.1731,    27.4323      
# span 19 =    12.2004,    27.4307      
# span 20 =      0.991,     89.148      
# span 21 =      1.006,     89.423      
# span 22 =     -0.161,      0.522      
# span 23 =    1474.91,    1500.26      
# span 24 =    1474.93,    1500.34      
# span 25 = 0.0000e+00, 0.0000e+00      
# interval = decibars: 0.5              
# start_time = May 26 2018 16:50:08 [NMEA time, first data scan]
# bad_flag = -9.990e-29
*END*
[from data line 56]
      11191     29.000     7.3880     7.3903     0.0023    3.42364    3.42379          1     6.7647     6.6912      98.73     0.2344     0.2234  1.089e+00  0.2423000    33.4542    33.4535    -0.0007    26.1476    26.1468     28.730     28.937      0.496    1478.70    1478.71  0.000e+00
      11215     29.500     7.2891     7.2910     0.0018    3.41628    3.41643          1     6.7480     6.6739      75.47     0.1883     0.2256  1.013e+00  0.2421000    33.4694    33.4693    -0.0002    26.1734    26.1731     29.225     29.433      0.508    1478.34    1478.35  0.000e+00
      11238     30.000     7.1178     7.1216     0.0038    3.40099    3.40123          1     6.6911     6.6083      73.71     0.1805     0.2556  9.321e-01  0.2459000    33.4686    33.4676    -0.0010    26.1964    26.1951     29.720     29.929      0.512    1477.69    1477.70  0.000e+00
      11262     30.500     6.9293     6.9342     0.0049    3.38377    3.38411          1     6.6306     6.5366      62.67     0.1785     0.2113  8.578e-01  0.2469000    33.4631    33.4621    -0.0010    26.2177    26.2162     30.215     30.425      0.507    1476.96    1476.98  0.000e+00
      11286     31.000     6.8729     6.8774     0.0044    3.37944    3.37977          1     6.5787     6.4882      62.49     0.1809     0.2137  8.012e-01  0.2718000    33.4702    33.4695    -0.0007    26.2309    26.2298     30.711     30.922      0.498    1476.76    1476.77  0.000e+00
      11310     31.500     6.8673     6.8703     0.0030    3.38108    3.38122          1     6.5797     6.5101      62.29     0.1939     0.2245  7.425e-01  0.3034000    33.4934    33.4920    -0.0014    26.2500    26.2484     31.206     31.418      0.488    1476.77    1476.78  0.000e+00
      11335     32.000     6.8551     6.8563     0.0012    3.38318    3.38323          1     6.6083     6.5507      62.25     0.1982     0.2234  6.883e-01  0.2989000    33.5282    33.5276    -0.0005    26.2790    26.2784     31.701     31.914      0.483    1476.78    1476.78  0.000e+00
      11360     32.500     6.7649     6.7678     0.0029    3.37668    3.37682          1     6.5502     6.4908      72.26     0.2074     0.2236  6.449e-01  0.2873000    33.5446    33.5432    -0.0014    26.3040    26.3025     32.197     32.410      0.491    1476.45    1476.46  0.000e+00
      11384     33.000     6.6386     6.6429     0.0043    3.36647    3.36660          1     6.4410     6.3599      93.72     0.2033     0.2163  5.997e-01  0.3057000    33.5553    33.5525    -0.0028    26.3291    26.3264     32.692     32.907      0.511    1475.98    1475.99  0.000e+00
      11407     33.500     6.5003     6.5056     0.0053    3.35597    3.35633          1     6.3553     6.2366      61.08     0.2014     0.2072  5.599e-01  0.3516000    33.5746    33.5734    -0.0012    26.3626    26.3609     33.187     33.403      0.522    1475.47    1475.49  0.000e+00
      11430     34.000     6.5113     6.5144     0.0031    3.35919    3.35941          1     6.2525     6.1414      60.31     0.2369     0.2084  5.202e-01  0.4638000    33.5992    33.5986    -0.0006    26.3805    26.3796     33.682     33.899      0.513    1475.55    1475.57  0.000e+00
      11454     34.500     6.6310     6.6314     0.0005    3.37691    3.37687          1     6.2046     6.1274      59.75     0.2628     0.2224  4.838e-01  0.6231000    33.6775    33.6767    -0.0008    26.4265    26.4258     34.178     34.395      0.489    1476.13    1476.13  0.000e+00
      11479     35.000     6.5683     6.5709     0.0026    3.37504    3.37506          1     6.1843     6.0557      59.23     0.5170     0.2462  4.526e-01  0.5385000    33.7184    33.7161    -0.0024    26.4670    26.4648     34.673     34.891      0.474    1475.94    1475.95  0.000e+00
      11504     35.500     6.5705     6.5801     0.0096    3.38127    3.38201          1     6.1837     6.1494      79.74     0.4962     0.2901  4.214e-01  0.4666000    33.7850    33.7838    -0.0012    26.5193    26.5171     35.168     35.387      0.481    1476.04    1476.08  0.000e+00
      11529     36.000     6.7297     6.7290    -0.0007    3.40270    3.40259          1     6.3129     6.3324      57.99     0.4177     0.2486  3.825e-01  0.4149000    33.8648    33.8642    -0.0006    26.5611    26.5607     35.664     35.883      0.498    1476.77    1476.77  0.000e+00
      11552     36.500     6.5523     6.5550     0.0027    3.39098    3.39095          1     6.3691     6.3157      57.64     0.3731     0.2621  3.417e-01  0.3174000    33.9104    33.9074    -0.0030    26.6205    26.6178     36.159     36.380      0.508    1476.15    1476.15  0.000e+00
      11576     37.000     6.2880     6.2955     0.0075    3.37278    3.37323          1     6.3334     6.2681      57.17     0.3167     0.2846  3.122e-01  0.4561000    33.9706    33.9681    -0.0026    26.7026    26.6996     36.654     36.876      0.505    1475.19    1475.22  0.000e+00
      11600     37.500     6.2365     6.2405     0.0039    3.37665    3.37683          1     6.3248     6.3162      56.68     0.2086     0.2564  2.903e-01  0.7281000    34.0652    34.0633    -0.0020    26.7839    26.7818     37.150     37.372      0.492    1475.11    1475.13  0.000e+00
      11625     38.000     6.2095     6.2124     0.0030    3.37706    3.37726          1     6.4692     6.5193      70.28     0.1686     0.2281  2.691e-01  0.7840000    34.0967    34.0960    -0.0007    26.8122    26.8113     37.645     37.868      0.486    1475.06    1475.07  0.000e+00
      11649     38.500     6.1273     6.1329     0.0056    3.38160    3.38189          1     6.7405     6.7754      63.03     0.1621     0.2073  2.502e-01  0.6803000    34.2300    34.2278    -0.0023    26.9280    26.9255     38.140     38.363      0.490    1474.91    1474.93  0.000e+00
      11674     39.000     6.1280     6.1316     0.0035    3.39104    3.39124          1     6.8246     6.7569      54.75     0.1457     0.2102  2.263e-01  0.5560000    34.3352    34.3339    -0.0013    27.0110    27.0095     38.635     38.859      0.494    1475.05    1475.06  0.000e+00
      11698     39.500     6.1781     6.1795     0.0014    3.40102    3.40106          1     6.6487     6.4974      54.60     0.1453     0.2368  1.987e-01  0.5448000    34.3964    34.3955    -0.0009    27.0530    27.0521     39.131     39.355      0.498    1475.34    1475.34  0.000e+00
      11722     40.000     6.1770     6.1793     0.0024    3.40499    3.40506          1     6.4725     6.3516      54.18     0.1371     0.2344  1.728e-01  0.5886000    34.4419    34.4403    -0.0016    27.0890    27.0874     39.626     39.851      0.499    1475.40    1475.40  0.000e+00
      11746     40.500     6.1395     6.1429     0.0033    3.40471    3.40484          1     6.5104     6.4516      53.71     0.1445     0.2442  1.515e-01  0.5577000    34.4765    34.4746    -0.0020    27.1212    27.1192     40.121     40.347      0.490    1475.30    1475.31  0.000e+00
      11771     41.000     6.1548     6.1563     0.0016    3.40762    3.40763          1     6.5675     6.5140      53.24     0.1445     0.2839  1.316e-01  0.4795000    34.4934    34.4920    -0.0014    27.1326    27.1312     40.616     40.843      0.472    1475.39    1475.39  0.000e+00
      11797     41.500     6.1990     6.1998     0.0008    3.41338    3.41333          1     6.5667     6.5134      52.75     0.1320     0.2991  1.232e-01  0.4595000    34.5130    34.5116    -0.0014    27.1423    27.1411     41.112     41.339      0.472    1475.60    1475.60  0.000e+00
      11822     42.000     6.2209     6.2222     0.0014    3.41632    3.41632          1     6.5902     6.5420      52.25     0.1540     0.2448  1.081e-01  0.4427000    34.5235    34.5221    -0.0013    27.1478    27.1465     41.607     41.834      0.498    1475.70    1475.71  0.000e+00
      11845     42.500     6.2464     6.2459    -0.0005    3.41955    3.41941          1     6.5485     6.4796      51.72     0.1711     0.1936  9.250e-02  0.4025000    34.5336    34.5325    -0.0011    27.1525    27.1516     42.102     42.330      0.509    1475.83    1475.82  0.000e+00
      11869     43.000     6.2564     6.2579     0.0015    3.42151    3.42141          1     6.3689     6.2348      66.17     0.1660     0.2726  7.939e-02  0.3916000    34.5451    34.5424    -0.0027    27.1602    27.1579     42.598     42.826      0.479    1475.89    1475.89  0.000e+00
      11896     43.500     6.2328     6.2356     0.0029    3.41952    3.41964          1     6.0872     5.9167      58.55     0.1473     0.2404  6.655e-02  0.4376000    34.5466    34.5450    -0.0016    27.1644    27.1628     43.093     43.322      0.438    1475.81    1475.81  0.000e+00
      11923     44.000     6.2439     6.2455     0.0016    3.42135    3.42135          1     5.8880     5.7458      49.40     0.1273     0.2643  5.826e-02  0.5002000    34.5555    34.5539    -0.0016    27.1701    27.1686     43.588     43.818      0.438    1475.87    1475.87  0.000e+00
      11950     44.500     6.2840     6.2839    -0.0002    3.42695    3.42676          1     5.7553     5.6325      49.47     0.1211     0.2787  5.330e-02  0.5090000    34.5772    34.5753    -0.0020    27.1820    27.1805     44.083     44.313      0.473    1476.06    1476.06  0.000e+00
      11975     45.000     6.3051     6.3077     0.0026    3.42929    3.42942          1     5.6601     5.6185      49.34     0.1199     0.2507  4.196e-02  0.5347000    34.5819    34.5806    -0.0013    27.1829    27.1816     44.579     44.809      0.487    1476.16    1476.17  0.000e+00
      11999     45.500     6.2018     6.2115     0.0097    3.41880    3.41973          1     5.8669     5.9666      48.74     0.1316     0.2769  3.234e-02  0.5618000    34.5689    34.5695     0.0006    27.1860    27.1853     45.074     45.305      0.471    1475.74    1475.78  0.000e+00
      12026     46.000     6.0247     6.0338     0.0091    3.40144    3.40213          1     6.2640     6.3867      48.27     0.1440     0.2669  2.239e-02  0.5089000    34.5538    34.5523    -0.0016    27.1969    27.1945     45.569     45.801      0.448    1475.03    1475.07  0.000e+00
      12053     46.500     6.0042     6.0057     0.0016    3.39943    3.39947          1     6.4749     6.5229      47.78     0.1436     0.2781  1.588e-02  0.4467000    34.5518    34.5506    -0.0012    27.1980    27.1968     46.064     46.297      0.445    1474.96    1474.96  0.000e+00
      12080     47.000     6.0318     6.0306    -0.0012    3.40249    3.40224          1     6.5205     6.4940      47.23     0.1382     0.2804  8.546e-03  0.4178000    34.5579    34.5563    -0.0016    27.1992    27.1981     46.560     46.792      0.456    1475.08    1475.08  0.000e+00
      12105     47.500     6.0451     6.0478     0.0028    3.40396    3.40409          1     6.4977     6.4400      46.70     0.1387     0.2803  1.514e-03  0.4158000    34.5607    34.5594    -0.0013    27.1998    27.1984     47.055     47.288      0.462    1475.15    1475.16  0.000e+00
      12132     48.000     6.0143     6.0198     0.0056    3.40093    3.40138          1     6.5068     6.4479      46.18     0.1382     0.2262  9.401e-06  0.4273000    34.5577    34.5570    -0.0006    27.2013    27.2001     47.550     47.784      0.445    1475.03    1475.05  0.000e+00
      12159     48.500     5.9852     5.9884     0.0032    3.39832    3.39847          1     6.5370     6.4859      45.74     0.1222     0.2330  1.000e-12  0.4327000    34.5576    34.5560    -0.0016    27.2050    27.2033     48.045     48.280      0.434    1474.92    1474.93  0.000e+00
      12187     49.000     5.9910     5.9934     0.0024    3.39911    3.39920          1     6.5284     6.4821      45.37     0.1237     0.1953  1.000e-12  0.4423000    34.5604    34.5590    -0.0015    27.2065    27.2050     48.541     48.775      0.450    1474.96    1474.96  0.000e+00
      12213     49.500     5.9917     5.9940     0.0023    3.39951    3.39955          1     6.5141     6.4658      44.78     0.1265     0.2520  1.000e-12  0.4402000    34.5639    34.5621    -0.0019    27.2092    27.2074     49.036     49.271      0.462    1474.97    1474.98  0.000e+00
      12239     50.000     5.9896     5.9921     0.0024    3.39955    3.39964          1     6.5111     6.4593      44.29     0.1260     0.2793  1.000e-12  0.4287000    34.5663    34.5648    -0.0015    27.2113    27.2098     49.531     49.767      0.449    1474.97    1474.98  0.000e+00
      12266     50.500     5.9896     5.9916     0.0020    3.39962    3.39968          1     6.5143     6.4572      43.79     0.1468     0.2885  1.000e-12  0.4211000    34.5668    34.5654    -0.0015    27.2117    27.2103     50.026     50.263      0.447    1474.98    1474.99  0.000e+00
      12292     51.000     6.0000     6.0014     0.0013    3.40124    3.40115          1     6.4930     6.4195      43.28     0.1195     0.2341  1.000e-12  0.4295000    34.5742    34.5717    -0.0024    27.2162    27.2141     50.522     50.759      0.463    1475.04    1475.05  0.000e+00
      12318     51.500     6.0172     6.0190     0.0018    3.40367    3.40365          1     6.4393     6.3623      42.76     0.1367     0.2093  1.000e-12  0.4496000    34.5838    34.5817    -0.0021    27.2216    27.2197     51.017     51.254      0.472    1475.13    1475.14  0.000e+00
      12343     52.000     6.0228     6.0247     0.0019    3.40463    3.40464          1     6.3925     6.3371      42.47     0.1274     0.2474  1.000e-12  0.4566000    34.5887    34.5868    -0.0019    27.2248    27.2230     51.512     51.750      0.464    1475.17    1475.17  0.000e+00
      12370     52.500     6.0363     6.0368     0.0004    3.40731    3.40703          1     6.3766     6.3281      41.78     0.1592     0.2237  1.000e-12  0.4747000    34.6048    34.6012    -0.0036    27.2358    27.2329     52.007     52.246      0.451    1475.25    1475.25  0.000e+00
      12397     53.000     6.0754     6.0735    -0.0019    3.41418    3.41360          1     6.3431     6.2824      40.96     0.1269     0.2523  1.000e-12  0.4507000    34.6421    34.6375    -0.0046    27.2603    27.2568     52.503     52.742      0.447    1475.46    1475.45  0.000e+00
      12423     53.500     6.0905     6.0929     0.0024    3.41688    3.41696          1     6.2933     6.2504      39.98     0.1274     0.2758  1.000e-12  0.4227000    34.6568    34.6552    -0.0015    27.2699    27.2684     52.998     53.237      0.449    1475.55    1475.55  0.000e+00
      12450     54.000     6.0901     6.0920     0.0019    3.41695    3.41698          1     6.2685     6.2402      39.49     0.1384     0.2336  1.000e-12  0.4451000    34.6578    34.6562    -0.0016    27.2708    27.2692     53.493     53.733      0.463    1475.56    1475.56  0.000e+00
      12475     54.500     6.0958     6.0962     0.0005    3.41804    3.41779          1     6.2523     6.2211      39.31     0.1372     0.2223  1.000e-12  0.4438000    34.6639    34.6607    -0.0032    27.2749    27.2723     53.988     54.229      0.479    1475.59    1475.59  0.000e+00
      12500     55.000     6.1163     6.1166     0.0003    3.42138    3.42114          1     6.2260     6.1738      39.18     0.1274     0.2218  1.000e-12  0.4468000    34.6803    34.6773    -0.0030    27.2851    27.2828     54.484     54.725      0.476    1475.70    1475.70  0.000e+00
      12526     55.500     6.1446     6.1446    -0.0001    3.42537    3.42512          1     6.2106     6.1342      38.69     0.1251     0.2194  1.000e-12  0.4713000    34.6960    34.6933    -0.0027    27.2939    27.2917     54.979     55.220      0.456    1475.84    1475.84  0.000e+00
      12553     56.000     6.1986     6.1966    -0.0020    3.43243    3.43190          1     6.2016     6.1338      38.12     0.1135     0.1674  1.000e-12  0.4373000    34.7200    34.7161    -0.0040    27.3059    27.3030     55.474     55.716      0.449    1476.09    1476.08  0.000e+00
