ctdpy/exports/archive_20191120_135557/received_data/SBE09_1044_20180128_1802_34_02_0026.cnv
* Sea-Bird SBE 9 Data File:
* FileName = C:\ctd\temp\2018\ME18D026.hex
* Software Version Seasave V 7.26.6.26
* Temperature SN = 5351
* Conductivity SN = 3941
* Number of Bytes Per Scan = 41
* Number of Voltage Words = 4
* Number of Scans Averaged by the Deck Unit = 1
* NMEA Latitude = 57 18.74 N
* NMEA Longitude = 020 04.60 E
* NMEA UTC (Time) = Jan 28 2018  18:03:25
* NMEA baud rate = 4800
** Station:  BY15
** Operator:  SSip
** Ship: MERI
** Average sound velocity: 1446.49 m/s
** True-depth calculation Sun, 28 Jan 2018 19:18:37 +0000
** CTD Python Module SMHI /ver 3-12/ feb 2012 
** LIMS Job: 20183402-0026
** Cruise: SMHI-01-2018
** Latitude [GG MM.mm N] :
** Longitude [GG MM.mm E]:
# nquan = 26
# nvalues = 465                         
# units = specified
# name 0 = scan: Scan Count
# name 1 = prDM: Pressure, Digiquartz [db]
# name 2 = t090C: Temperature [ITS-90, deg C]
# name 3 = t190C: Temperature, 2 [ITS-90, deg C]
# name 4 = T2-T190C: Temperature Difference, 2 - 1 [ITS-90, deg C]
# name 5 = c0S/m: Conductivity [S/m]
# name 6 = c1S/m: Conductivity, 2 [S/m]
# name 7 = pumps: Pump Status
# name 8 = sbeox0ML/L: Oxygen, SBE 43 [ml/l]
# name 9 = sbeox1ML/L: Oxygen, SBE 43, 2 [ml/l]
# name 10 = altM: Altimeter [m]
# name 11 = flECO-AFL: Chl-a Fluorescence, WET Labs ECO-AFL/FL [mg/m^3]
# name 12 = flECO-AFL1: Phycocyanin Fluorescence, WET Labs ECO-AFL/FL, 2 [mg/m^3]
# name 13 = par: PAR/Irradiance, Biospherical/Lico [µE/(cm^2*s)]
# name 14 = turbWETntu0: Turbidity, WET Labs ECO [NTU]
# name 15 = sal00: Salinity, Practical [PSU]
# name 16 = sal11: Salinity, Practical, 2 [PSU]
# name 17 = secS-priS: Salinity, Practical, Difference, 2 - 1 [PSU]
# name 18 = sigma-t00: Density [sigma-t, Kg/m^3 ]
# name 19 = sigma-t11: Density, 2 [sigma-t, Kg/m^3 ]
# name 20 = depSM: Depth [salt water, m], lat = 57.3123
# name 21 = depFM: Depth [true depth, m], lat = 57.3123
# name 22 = dz/dtM: Descent Rate [m/s], WS = 2
# name 23 = svCM: Sound Velocity [Chen-Millero, m/s]
# name 24 = svCM1: Sound Velocity, 2 [Chen-Millero, m/s]
# name 25 = flag: flag
# span 0 =       8571,      18857       
# span 1 =      3.000,    235.000       
# span 2 =     4.7329,     6.9138       
# span 3 =     4.7335,     6.9144       
# span 4 =    -0.0249,     0.0269       
# span 5 =   0.792576,   1.460225       
# span 6 =   0.792560,   1.460202       
# span 7 =          1,          1       
# span 8 =    0.00586,    8.06290       
# span 9 =    0.02434,    8.02762       
# span 10 =       3.86,      99.62      
# span 11 =     0.2472,     0.3881      
# span 12 =     0.2390,     0.3916      
# span 13 = -1.000e-05, 1.4396e-02      
# span 14 =     0.1002,     0.6997      
# span 15 =     7.3599,    13.2953      
# span 16 =     7.3595,    13.2948      
# span 17 =    -0.0611,     0.0498      
# span 18 =     5.8285,    10.3774      
# span 19 =     5.8281,    10.3770      
# span 20 =      2.972,    232.703      
# span 21 =      3.038,    237.340      
# span 22 =     -0.033,      1.522      
# span 23 =    1434.57,    1455.05      
# span 24 =    1434.57,    1455.05      
# span 25 = 0.0000e+00, 0.0000e+00      
# interval = decibars: 0.5              
# start_time = Jan 28 2018 18:03:26 [NMEA time, first data scan]
# bad_flag = -9.990e-29
*END*
[from data line 56]
       9990     31.000     4.7338     4.7348     0.0010    0.79279    0.79278          1     8.0445     7.9975      98.65     0.3268     0.3306  1.000e-12  0.1096000     7.3602     7.3598    -0.0004     5.8291     5.8288     30.712     31.392      1.046    1434.96    1434.97  0.000e+00
      10001     31.500     4.7338     4.7346     0.0008    0.79280    0.79277          1     8.0494     7.9985      98.66     0.3646     0.2733  1.000e-12  0.1114000     7.3601     7.3597    -0.0004     5.8291     5.8287     31.207     31.898      1.095    1434.97    1434.97  0.000e+00
      10012     32.000     4.7339     4.7346     0.0008    0.79281    0.79279          1     8.0529     8.0034      98.65     0.3647     0.2711  1.000e-12  0.1127000     7.3602     7.3598    -0.0004     5.8291     5.8288     31.703     32.404      1.083    1434.98    1434.98  0.000e+00
      10023     32.500     4.7341     4.7346     0.0005    0.79283    0.79279          1     8.0519     8.0018      98.65     0.3515     0.2908  1.000e-12  0.1096000     7.3603     7.3598    -0.0005     5.8292     5.8288     32.198     32.911      1.017    1434.99    1434.99  0.000e+00
      10035     33.000     4.7341     4.7346     0.0005    0.79283    0.79280          1     8.0451     8.0020      98.65     0.3390     0.3020  1.000e-12  0.1072000     7.3602     7.3598    -0.0005     5.8292     5.8288     32.693     33.417      0.886    1435.00    1435.00  0.000e+00
      10051     33.500     4.7340     4.7348     0.0007    0.79284    0.79281          1     8.0406     8.0012      98.66     0.3526     0.2799  1.000e-12  0.1208000     7.3602     7.3598    -0.0004     5.8292     5.8288     33.189     33.923      0.667    1435.00    1435.01  0.000e+00
      10093     34.000     4.7339     4.7347     0.0008    0.79284    0.79282          1     8.0425     7.9913      98.66     0.3451     0.3036  1.000e-12  0.1191000     7.3602     7.3598    -0.0004     5.8291     5.8288     33.684     34.430      0.332    1435.01    1435.01  0.000e+00
      10159     34.500     4.7342     4.7349     0.0008    0.79286    0.79282          1     8.0293     7.9760      98.66     0.3515     0.3288  1.000e-12  0.1065000     7.3603     7.3598    -0.0005     5.8292     5.8287     34.179     34.936      0.635    1435.02    1435.02  0.000e+00
      10170     35.000     4.7344     4.7349     0.0005    0.79287    0.79283          1     8.0318     7.9805      98.66     0.3486     0.3000  1.000e-12  0.1139000     7.3603     7.3598    -0.0005     5.8292     5.8288     34.675     35.442      0.969    1435.03    1435.03  0.000e+00
      10181     35.500     4.7344     4.7351     0.0008    0.79288    0.79285          1     8.0354     7.9775      98.66     0.3389     0.3150  1.000e-12  0.1369000     7.3603     7.3599    -0.0004     5.8292     5.8288     35.170     35.949      1.167    1435.04    1435.04  0.000e+00
      10190     36.000     4.7347     4.7354     0.0007    0.79290    0.79287          1     8.0378     7.9761      98.66     0.3390     0.3153  1.000e-12  0.1374000     7.3604     7.3599    -0.0005     5.8292     5.8289     35.665     36.455      1.282    1435.05    1435.05  0.000e+00
      10199     36.500     4.7350     4.7359     0.0008    0.79293    0.79291          1     8.0423     7.9748      98.65     0.3404     0.3201  1.000e-12  0.1270000     7.3605     7.3601    -0.0004     5.8293     5.8290     36.161     36.961      1.324    1435.06    1435.06  0.000e+00
      10208     37.000     4.7348     4.7356     0.0008    0.79292    0.79290          1     8.0404     7.9782      98.65     0.3417     0.3203  1.000e-12  0.1171000     7.3604     7.3600    -0.0004     5.8293     5.8289     36.656     37.467      1.293    1435.06    1435.07  0.000e+00
      10217     37.500     4.7348     4.7354     0.0006    0.79294    0.79290          1     8.0402     7.9857      98.66     0.3397     0.3124  1.000e-12  0.1177000     7.3605     7.3600    -0.0005     5.8294     5.8289     37.151     37.974      1.183    1435.07    1435.07  0.000e+00
      10228     38.000     4.7354     4.7356     0.0003    0.79300    0.79295          1     8.0406     7.9967      98.65     0.3496     0.3189  1.000e-12  0.1122000     7.3609     7.3603    -0.0006     5.8297     5.8292     37.647     38.480      0.972    1435.08    1435.08  0.000e+00
      10245     38.500     4.7353     4.7356     0.0003    0.79300    0.79293          1     8.0460     8.0000      98.65     0.3510     0.3160  1.000e-12  0.1123000     7.3609     7.3601    -0.0008     5.8297     5.8290     38.142     38.986      0.581    1435.09    1435.09  0.000e+00
      10328     39.000     4.7349     4.7355     0.0006    0.79295    0.79292          1     8.0501     7.9954      98.66     0.3416     0.3119  1.000e-12  0.1111000     7.3605     7.3600    -0.0005     5.8293     5.8289     38.637     39.493      0.391    1435.09    1435.10  0.000e+00
      10351     39.500     4.7352     4.7360     0.0008    0.79300    0.79297          1     8.0454     7.9847      98.66     0.3450     0.3350  1.000e-12  0.1122000     7.3608     7.3604    -0.0004     5.8296     5.8292     39.132     39.999      0.822    1435.10    1435.11  0.000e+00
      10363     40.000     4.7358     4.7366     0.0009    0.79309    0.79306          1     8.0417     7.9813      98.65     0.3481     0.3266  1.000e-12  0.1038000     7.3614     7.3610    -0.0005     5.8300     5.8297     39.628     40.505      1.044    1435.11    1435.12  0.000e+00
      10374     40.500     4.7368     4.7371     0.0003    0.79315    0.79310          1     8.0396     7.9804      98.65     0.3520     0.3179  1.000e-12  0.1077000     7.3619     7.3613    -0.0006     5.8303     5.8299     40.123     41.012      1.169    1435.13    1435.13  0.000e+00
      10383     41.000     4.7372     4.7381     0.0009    0.79318    0.79316          1     8.0339     7.9795      98.65     0.3411     0.3165  1.000e-12  0.1181000     7.3619     7.3615    -0.0004     5.8304     5.8300     40.618     41.518      1.212    1435.14    1435.14  0.000e+00
      10393     41.500     4.7376     4.7382     0.0006    0.79321    0.79318          1     8.0273     7.9778      98.66     0.3390     0.3318  1.000e-12  0.1178000     7.3621     7.3617    -0.0004     5.8305     5.8302     41.114     42.024      1.178    1435.15    1435.15  0.000e+00
      10403     42.000     4.7367     4.7375     0.0008    0.79316    0.79314          1     8.0248     7.9765      98.65     0.3334     0.3313  1.000e-12  0.1213000     7.3618     7.3613    -0.0004     5.8303     5.8299     41.609     42.531      1.054    1435.15    1435.15  0.000e+00
      10416     42.500     4.7368     4.7373     0.0005    0.79318    0.79314          1     8.0274     7.9780      98.65     0.3279     0.3286  1.000e-12  0.1250000     7.3618     7.3614    -0.0004     5.8303     5.8299     42.104     43.037      0.814    1435.16    1435.16  0.000e+00
      10439     43.000     4.7363     4.7372     0.0009    0.79316    0.79313          1     8.0320     7.9766      98.64     0.3384     0.3028  1.000e-12  0.1108000     7.3617     7.3612    -0.0005     5.8302     5.8298     42.600     43.543      0.390    1435.17    1435.17  0.000e+00
      10493     43.500     4.7368     4.7372     0.0003    0.79319    0.79313          1     8.0335     7.9678      98.64     0.3765     0.3182  1.000e-12  0.1120000     7.3618     7.3612    -0.0006     5.8303     5.8298     43.095     44.050      0.339    1435.18    1435.18  0.000e+00
      10517     44.000     4.7381     4.7389     0.0009    0.79326    0.79324          1     8.0348     7.9675      98.64     0.3532     0.3227  1.000e-12  0.1183000     7.3621     7.3618    -0.0004     5.8305     5.8302     43.590     44.556      0.586    1435.19    1435.19  0.000e+00
      10535     44.500     4.7390     4.7399     0.0008    0.79332    0.79330          1     8.0386     7.9715      98.64     0.3797     0.3305  1.000e-12  0.1231000     7.3624     7.3621    -0.0004     5.8307     5.8304     44.085     45.062      0.677    1435.20    1435.20  0.000e+00
      10552     45.000     4.7399     4.7415     0.0016    0.79337    0.79341          1     8.0345     7.9805      98.64     0.3854     0.3144  1.000e-12  0.1225000     7.3627     7.3627     0.0000     5.8309     5.8309     44.581     45.569      0.716    1435.21    1435.22  0.000e+00
      10569     45.500     4.7427     4.7431     0.0005    0.79354    0.79350          1     8.0288     7.9908      98.64     0.3838     0.3185  1.000e-12  0.1117000     7.3637     7.3632    -0.0005     5.8316     5.8312     45.076     46.075      0.734    1435.24    1435.24  0.000e+00
      10585     46.000     4.7437     4.7446     0.0009    0.79359    0.79357          1     8.0254     7.9931      98.64     0.3541     0.3188  1.000e-12  0.1160000     7.3639     7.3636    -0.0003     5.8317     5.8314     45.571     46.581      0.757    1435.25    1435.25  0.000e+00
      10601     46.500     4.7460     4.7456    -0.0003    0.79374    0.79365          1     8.0228     7.9931      98.64     0.3411     0.3422  1.000e-12  0.1178000     7.3648     7.3640    -0.0008     5.8324     5.8317     46.067     47.087      0.795    1435.27    1435.27  0.000e+00
      10615     47.000     4.7472     4.7482     0.0010    0.79378    0.79378          1     8.0149     7.9895      35.88     0.3431     0.3470  1.000e-12  0.1181000     7.3649     7.3647    -0.0002     5.8324     5.8322     46.562     47.594      0.808    1435.28    1435.29  0.000e+00
      10630     47.500     4.7483     4.7489     0.0007    0.79384    0.79382          1     8.0112     7.9861      55.98     0.3359     0.2691  1.000e-12  0.1154000     7.3652     7.3648    -0.0004     5.8326     5.8323     47.057     48.100      0.767    1435.29    1435.30  0.000e+00
      10647     48.000     4.7492     4.7492     0.0001    0.79389    0.79384          1     8.0157     7.9796      97.67     0.3322     0.2988  1.000e-12  0.1122000     7.3655     7.3650    -0.0005     5.8328     5.8324     47.552     48.606      0.670    1435.31    1435.31  0.000e+00
      10668     48.500     4.7490     4.7497     0.0008    0.79388    0.79385          1     8.0223     7.9807      98.64     0.3279     0.3501  1.000e-12  0.1169000     7.3654     7.3649    -0.0005     5.8327     5.8323     48.048     49.113      0.471    1435.31    1435.32  0.000e+00
      10705     49.000     4.7462     4.7465     0.0003    0.79375    0.79371          1     8.0294     7.9855      98.64     0.3680     0.2638  1.000e-12  0.1191000     7.3646     7.3641    -0.0005     5.8322     5.8318     48.543     49.619      0.309    1435.31    1435.31  0.000e+00
      10736     49.500     4.7463     4.7472     0.0008    0.79376    0.79374          1     8.0246     7.9784      98.64     0.3625     0.2791  1.000e-12  0.1132000     7.3646     7.3642    -0.0004     5.8322     5.8318     49.038     50.125      0.571    1435.32    1435.32  0.000e+00
      10753     50.000     4.7465     4.7470     0.0005    0.79377    0.79374          1     8.0239     7.9725      98.64     0.3505     0.3163  1.000e-12  0.1125000     7.3646     7.3642    -0.0005     5.8322     5.8318     49.533     50.632      0.760    1435.33    1435.33  0.000e+00
      10768     50.500     4.7474     4.7478     0.0004    0.79384    0.79379          1     8.0319     7.9763      98.64     0.3537     0.3469  1.000e-12  0.1183000     7.3650     7.3645    -0.0006     5.8325     5.8320     50.029     51.138      0.843    1435.34    1435.34  0.000e+00
      10781     51.000     4.7474     4.7482     0.0007    0.79384    0.79382          1     8.0420     7.9812      98.64     0.3458     0.3387  1.000e-12  0.1158000     7.3649     7.3645    -0.0004     5.8324     5.8321     50.524     51.644      0.857    1435.35    1435.35  0.000e+00
      10795     51.500     4.7480     4.7487     0.0007    0.79388    0.79385          1     8.0441     7.9807      98.64     0.3309     0.3340  1.000e-12  0.1062000     7.3651     7.3647    -0.0005     5.8325     5.8321     51.019     52.151      0.827    1435.36    1435.36  0.000e+00
      10810     52.000     4.7481     4.7490     0.0009    0.79388    0.79387          1     8.0366     7.9799      98.64     0.3221     0.3226  1.000e-12  0.1139000     7.3650     7.3648    -0.0003     5.8325     5.8322     51.515     52.657      0.764    1435.36    1435.37  0.000e+00
      10827     52.500     4.7491     4.7497     0.0007    0.79394    0.79391          1     8.0214     7.9775      98.64     0.3193     0.3099  1.000e-12  0.1242000     7.3654     7.3649    -0.0004     5.8327     5.8323     52.010     53.163      0.665    1435.38    1435.38  0.000e+00
      10848     53.000     4.7498     4.7497    -0.0001    0.79398    0.79391          1     8.0192     7.9771      98.64     0.3415     0.2866  1.000e-12  0.1089000     7.3655     7.3648    -0.0007     5.8328     5.8323     52.505     53.670      0.532    1435.39    1435.39  0.000e+00
      10874     53.500     4.7571     4.7541    -0.0031    0.79438    0.79413          1     8.0277     7.9673      98.64     0.3711     0.2912  1.000e-12  0.1175000     7.3679     7.3661    -0.0018     5.8344     5.8331     53.000     54.176      0.449    1435.43    1435.42  0.000e+00
      10899     54.000     4.7607     4.7601    -0.0005    0.79457    0.79446          1     8.0271     7.9488      98.64     0.3610     0.3329  1.000e-12  0.1126000     7.3688     7.3679    -0.0009     5.8350     5.8343     53.496     54.682      0.536    1435.46    1435.45  0.000e+00
      10919     54.500     4.7603     4.7605     0.0001    0.79456    0.79451          1     8.0197     7.9562      98.64     0.3358     0.2753  1.000e-12  0.1261000     7.3688     7.3682    -0.0006     5.8350     5.8345     53.991     55.189      0.615    1435.46    1435.46  0.000e+00
      10939     55.000     4.7611     4.7604    -0.0007    0.79461    0.79450          1     8.0046     7.9608      98.65     0.3347     0.2956  1.000e-12  0.1251000     7.3690     7.3681    -0.0009     5.8352     5.8345     54.486     55.695      0.592    1435.48    1435.47  0.000e+00
      10960     55.500     4.7687     4.7732     0.0046    0.79504    0.79521          1     8.0022     7.9632      98.65     0.3452     0.3211  1.000e-12  0.1189000     7.3715     7.3723     0.0008     5.8369     5.8373     54.981     56.201      0.552    1435.52    1435.54  0.000e+00
      10982     56.000     4.7825     4.7827     0.0001    0.79585    0.79581          1     8.0023     7.9525      98.65     0.3551     0.3095  1.000e-12  0.1240000     7.3765     7.3761    -0.0004     5.8403     5.8400     55.477     56.707      0.563    1435.59    1435.59  0.000e+00
      11003     56.500     4.8156     4.8103    -0.0051    0.79756    0.79727          1     7.9946     7.9298      98.65     0.3513     0.2686  1.000e-12  0.1175000     7.3861     7.3844    -0.0017     5.8467     5.8456     55.972     57.214      0.609    1435.76    1435.74  0.000e+00
      11021     57.000     4.8220     4.8195    -0.0026    0.79789    0.79772          1     7.9832     7.9237      98.65     0.3329     0.2849  1.000e-12  0.1226000     7.3879     7.3868    -0.0011     5.8479     5.8471     56.467     57.720      0.667    1435.80    1435.79  0.000e+00
      11039     57.500     4.8198     4.8224     0.0025    0.79778    0.79784          1     7.9843     7.9318      98.66     0.3274     0.2785  1.000e-12  0.1225000     7.3872     7.3873     0.0001     5.8474     5.8474     56.963     58.226      0.724    1435.80    1435.81  0.000e+00
      11055     58.000     4.8165     4.8184     0.0019    0.79760    0.79764          1     7.9882     7.9393      98.65     0.3289     0.2599  1.000e-12  0.1246000     7.3862     7.3861    -0.0000     5.8467     5.8466     57.458     58.733      0.764    1435.79    1435.80  0.000e+00
