ctdpy/exports/archive_20191120_135557/received_data/SBE09_1044_20180924_0742_34_01_0048.cnv
* Sea-Bird SBE 9 Data File:
* FileName = C:\ctd\temp\2018\AR18D048.hex
* Software Version Seasave V 7.26.6.26
* Temperature SN = 5351
* Conductivity SN = 3941
* Number of Bytes Per Scan = 41
* Number of Voltage Words = 4
* Number of Scans Averaged by the Deck Unit = 1
* NMEA Latitude = 58 20.37 N
* NMEA Longitude = 011 01.59 E
* NMEA UTC (Time) = Sep 24 2018  07:42:42
* NMEA baud rate = 4800
** Station:  Å13
** Operator:  MHan
** Ship: ARANDA
** Average sound velocity: 1503.36 m/s
** True-depth calculation Mon, 24 Sep 2018 08:28:39 +0000
** CTD Python Module SMHI /ver 3-12/ feb 2012 
** LIMS Job: 20183401-0048
** Cruise: SMHI-02-2018
** Latitude [GG MM.mm N] :
** Longitude [GG MM.mm E]:
# nquan = 26
# nvalues = 190                         
# units = specified
# name 0 = scan: Scan Count
# name 1 = prDM: Pressure, Digiquartz [db]
# name 2 = t090C: Temperature [ITS-90, deg C]
# name 3 = t190C: Temperature, 2 [ITS-90, deg C]
# name 4 = T2-T190C: Temperature Difference, 2 - 1 [ITS-90, deg C]
# name 5 = c0S/m: Conductivity [S/m]
# name 6 = c1S/m: Conductivity, 2 [S/m]
# name 7 = pumps: Pump Status
# name 8 = sbeox0ML/L: Oxygen, SBE 43 [ml/l]
# name 9 = sbeox1ML/L: Oxygen, SBE 43, 2 [ml/l]
# name 10 = altM: Altimeter [m]
# name 11 = flECO-AFL: Chl-a Fluorescence, WET Labs ECO-AFL/FL [mg/m^3]
# name 12 = flECO-AFL1: Phycocyanin Fluorescence, WET Labs ECO-AFL/FL, 2 [mg/m^3]
# name 13 = par: PAR/Irradiance, Biospherical/Lico [µE/(cm^2*s)]
# name 14 = turbWETntu0: Turbidity, WET Labs ECO [NTU]
# name 15 = sal00: Salinity, Practical [PSU]
# name 16 = sal11: Salinity, Practical, 2 [PSU]
# name 17 = secS-priS: Salinity, Practical, Difference, 2 - 1 [PSU]
# name 18 = sigma-t00: Density [sigma-t, Kg/m^3 ]
# name 19 = sigma-t11: Density, 2 [sigma-t, Kg/m^3 ]
# name 20 = depSM: Depth [salt water, m], lat = 58.3395
# name 21 = depFM: Depth [true depth, m], lat = 58.3395
# name 22 = dz/dtM: Descent Rate [m/s], WS = 2
# name 23 = svCM: Sound Velocity [Chen-Millero, m/s]
# name 24 = svCM1: Sound Velocity, 2 [Chen-Millero, m/s]
# name 25 = flag: flag
# span 0 =      14445,      19257       
# span 1 =      2.000,     96.500       
# span 2 =    12.4340,    15.3294       
# span 3 =    12.4350,    15.3274       
# span 4 =    -0.0871,     0.0138       
# span 5 =   3.826034,   4.144972       
# span 6 =   3.826076,   4.145113       
# span 7 =          1,          1       
# span 8 =    5.00596,    5.68204       
# span 9 =    3.06941,    4.78955       
# span 10 =       2.33,      98.38      
# span 11 =     0.2957,     1.6221      
# span 12 =     0.1773,     0.3696      
# span 13 = 1.0000e-12, 8.5486e+02      
# span 14 =     0.7157,     1.8315      
# span 15 =    30.7990,    34.5843      
# span 16 =    30.7991,    34.5838      
# span 17 =    -0.0231,     0.0242      
# span 18 =    22.7380,    26.1826      
# span 19 =    22.7380,    26.1820      
# span 20 =      1.981,     95.581      
# span 21 =      1.992,     95.884      
# span 22 =     -0.003,      1.127      
# span 23 =    1499.39,    1505.80      
# span 24 =    1499.39,    1505.79      
# span 25 = 0.0000e+00, 0.0000e+00      
# interval = decibars: 0.5              
# start_time = Sep 24 2018 07:42:42 [NMEA time, first data scan]
# bad_flag = -9.990e-29
*END*
[from data line 168]
      18265     86.000    12.5576    12.5581     0.0006    4.01086    4.01090          1     5.0156     3.3147      14.15     0.3862     0.2751  1.000e-12  1.3044000    34.5509    34.5509    -0.0000    26.1325    26.1324     85.183     85.462      0.573    1499.60    1499.60  0.000e+00
      18288     86.500    12.5405    12.5377    -0.0028    4.00969    4.00942          1     5.0436     3.3094      13.61     0.3668     0.2607  1.000e-12  1.3193000    34.5552    34.5551    -0.0000    26.1392    26.1397     85.678     85.958      0.433    1499.56    1499.55  0.000e+00
      18325     87.000    12.5334    12.5347     0.0013    4.00932    4.00935          1     5.0485     3.2961      12.97     0.3582     0.2486  1.000e-12  1.2665000    34.5580    34.5571    -0.0009    26.1428    26.1418     86.173     86.454      0.297    1499.54    1499.54  0.000e+00
      18361     87.500    12.5260    12.5215    -0.0044    4.00883    4.00843          1     5.0516     3.2841      12.52     0.3672     0.2653  1.000e-12  1.3177000    34.5598    34.5601     0.0002    26.1456    26.1467     86.668     86.951      0.494    1499.53    1499.51  0.000e+00
      18380     88.000    12.5184    12.5190     0.0006    4.00829    4.00832          1     5.0478     3.2771      12.11     0.3580     0.2361  1.000e-12  1.4101000    34.5614    34.5611    -0.0003    26.1484    26.1480     87.163     87.447      0.648    1499.51    1499.51  0.000e+00
      18398     88.500    12.5157    12.5172     0.0015    4.00816    4.00764          1     5.0403     3.2694      11.68     0.3580     0.2095  1.000e-12  1.6174000    34.5624    34.5561    -0.0064    26.1497    26.1445     87.659     87.943      0.588    1499.51    1499.51  0.000e+00
      18455     89.000    12.5115    12.5121     0.0006    4.00799    4.00797          1     5.0396     3.2576      10.98     0.3844     0.2382  1.000e-12  1.5662000    34.5644    34.5637    -0.0008    26.1521    26.1513     88.154     88.440      0.386    1499.51    1499.51  0.000e+00
      18507     89.500    12.5053    12.5069     0.0016    4.00750    4.00762          1     5.0479     3.2504      10.53     0.3949     0.2355  1.000e-12  1.5402000    34.5652    34.5648    -0.0003    26.1538    26.1533     88.649     88.936      0.676    1499.50    1499.50  0.000e+00
      18522     90.000    12.5019    12.5033     0.0014    4.00730    4.00740          1     5.0513     3.2462      10.16     0.3351     0.2197  1.000e-12  1.6247000    34.5662    34.5658    -0.0004    26.1553    26.1548     89.144     89.432      0.704    1499.50    1499.50  0.000e+00
      18541     90.500    12.4936    12.4956     0.0019    4.00678    4.00690          1     5.0588     3.2427       9.62     0.3465     0.2174  1.000e-12  1.7233000    34.5686    34.5679    -0.0007    26.1588    26.1579     89.639     89.928      0.487    1499.48    1499.48  0.000e+00
      18615     91.000    12.4902    12.4911     0.0009    4.00667    4.00670          1     5.0506     3.2365       8.83     0.4149     0.2329  1.000e-12  1.5816000    34.5704    34.5699    -0.0005    26.1609    26.1603     90.134     90.425      0.301    1499.48    1499.48  0.000e+00
      18653     91.500    12.4854    12.4833    -0.0021    4.00638    4.00623          1     5.0531     3.2329       8.45     0.3723     0.2189  1.000e-12  1.5835000    34.5719    34.5724     0.0005    26.1629    26.1637     90.629     90.921      0.550    1499.47    1499.47  0.000e+00
      18673     92.000    12.4777    12.4780     0.0004    4.00594    4.00595          1     5.0515     3.2300       8.04     0.3553     0.2132  1.000e-12  1.6652000    34.5745    34.5742    -0.0003    26.1665    26.1662     91.124     91.417      0.527    1499.46    1499.46  0.000e+00
      18703     92.500    12.4742    12.4753     0.0011    4.00579    4.00583          1     5.0493     3.2273       7.44     0.3625     0.2380  1.000e-12  1.6608000    34.5760    34.5754    -0.0006    26.1684    26.1676     91.620     91.914      0.331    1499.46    1499.46  0.000e+00
      18752     93.000    12.4670    12.4682     0.0012    4.00537    4.00543          1     5.0484     3.2216       7.11     0.3562     0.2058  1.000e-12  1.5752000    34.5784    34.5778    -0.0005    26.1716    26.1709     92.115     92.410      0.205    1499.44    1499.45  0.000e+00
      18814     93.500    12.4605    12.4609     0.0004    4.00496    4.00494          1     5.0544     3.2108       7.29     0.3648     0.2176  1.000e-12  1.6378000    34.5803    34.5797    -0.0006    26.1743    26.1738     92.610     92.906      0.201    1499.43    1499.43  0.000e+00
      18880     94.000    12.4539    12.4560     0.0021    4.00449    4.00462          1     5.0638     3.2093       6.93     0.3675     0.2408  1.000e-12  1.7001000    34.5816    34.5809    -0.0007    26.1766    26.1757     93.105     93.402      0.267    1499.42    1499.42  0.000e+00
      18914     94.500    12.4456    12.4467     0.0011    4.00385    4.00389          1     5.0646     3.2062       6.47     0.3703     0.2431  1.000e-12  1.7624000    34.5828    34.5822    -0.0006    26.1792    26.1785     93.600     93.899      0.441    1499.40    1499.40  0.000e+00
      18940     95.000    12.4406    12.4406    -0.0000    4.00348    4.00343          1     5.0651     3.2018       6.03     0.3702     0.2513  1.000e-12  1.8315000    34.5837    34.5832    -0.0005    26.1808    26.1804     94.095     94.395      0.390    1499.39    1499.39  0.000e+00
      19049     95.500    12.4408    12.4416     0.0009    4.00349    4.00352          1     5.0717     3.1989       5.50     0.3980     0.2493  1.000e-12  1.8070000    34.5833    34.5829    -0.0004    26.1805    26.1800     94.590     94.891      0.367    1499.40    1499.40  0.000e+00
      19098     96.000    12.4343    12.4350     0.0007    4.00298    4.00300          1     5.0740     3.1978       5.03     0.3946     0.2648  1.000e-12  1.7757000    34.5843    34.5838    -0.0005    26.1825    26.1820     95.086     95.387      0.353    1499.39    1499.39  0.000e+00
      19257     96.500    12.4340    12.4350     0.0010    4.00298    4.00300          1     5.0631     3.1833       3.80     0.3992     0.2731  1.000e-12  1.7294000    34.5843    34.5835    -0.0007    26.1826    26.1818     95.581     95.884     -0.003    1499.40    1499.40  0.000e+00
