ctdpy/exports/archive_20191120_135557/received_data/SBE09_0827_20180130_0607_26_01_0263.cnv
* Sea-Bird SBE 9 Data File:
* FileName = D:\CTD_SBE911\DAT\26DA.2018.1.163.hex
* Software Version Seasave V 7.21d
* Temperature SN = 034757
* Conductivity SN = 041844
* Number of Bytes Per Scan = 48
* Number of Voltage Words = 5
* Number of Scans Averaged by the Deck Unit = 1
* NMEA Latitude = 58 19.66 N
* NMEA Longitude = 010 50.31 E
* NMEA UTC (Time) = Jan 30 2018  06:08:06
* NMEA baud rate = 4800
** Ship: DANA
** Average sound velocity: 1477.06 m/s
** True-depth calculation Thu, 28 Mar 2019 08:34:21 +0000
** CTD Python Module SMHI /ver 3-12/ feb 2012 
** LIMS Job: 20182601-0263
** 12W Håll
** Operator: Ronny Sørensen
** Cruise: 01/2018
# nquan = 26
# nvalues = 266                         
# units = specified
# name 0 = scan: Scan Count
# name 1 = prDM: Pressure, Digiquartz [db]
# name 2 = t090C: Temperature [ITS-90, deg C]
# name 3 = t190C: Temperature, 2 [ITS-90, deg C]
# name 4 = T2-T190C: Temperature Difference, 2 - 1 [ITS-90, deg C]
# name 5 = c0S/m: Conductivity [S/m]
# name 6 = c1S/m: Conductivity, 2 [S/m]
# name 7 = pumps: Pump Status
# name 8 = sbeox1ML/L: Oxygen, SBE 43, 2 [ml/l]
# name 9 = sbeox0ML/L: Oxygen, SBE 43 [ml/l]
# name 10 = altM: Altimeter [m]
# name 11 = chloroflTC0: Chlorophyll, Turner Cyclops [ug/l]
# name 12 = cpar: CPAR/Corrected Irradiance [%]
# name 13 = par: PAR/Irradiance, Biospherical/Lico [µE/(cm^2*s)]
# name 14 = spar: SPAR, Biospherical/Licor
# name 15 = sal00: Salinity, Practical [PSU]
# name 16 = sal11: Salinity, Practical, 2 [PSU]
# name 17 = secS-priS: Salinity, Practical, Difference, 2 - 1 [PSU]
# name 18 = sigma-t00: Density [sigma-t, kg/m^3 ]
# name 19 = sigma-t11: Density, 2 [sigma-t, kg/m^3 ]
# name 20 = depSM: Depth [salt water, m], lat = 58.3277
# name 21 = depFM: Depth [true depth, m], lat = 58.3277
# name 22 = dz/dtM: Descent Rate [m/s], WS = 2
# name 23 = svCM: Sound Velocity [Chen-Millero, m/s]
# name 24 = svCM1: Sound Velocity, 2 [Chen-Millero, m/s]
# name 25 = flag: flag
# span 0 =        117,      11568       
# span 1 =      2.000,    134.500       
# span 2 =     5.4776,     6.7676       
# span 3 =     5.4834,     6.7522       
# span 4 =    -0.2519,     0.0129       
# span 5 =   3.125011,   3.466140       
# span 6 =   3.126341,   3.465669       
# span 7 =          1,          1       
# span 8 =     5.9863,     6.4603       
# span 9 =     6.1352,    10.3041       
# span 10 =       2.61,       9.96      
# span 11 =     0.0208,     0.1217      
# span 12 = 4.9241e-11, 4.9241e-11      
# span 13 = 1.0000e-12, 1.0000e-12      
# span 14 = 2.0308e+00, 2.0308e+00      
# span 15 =    31.9908,    34.5146      
# span 16 =    31.9971,    34.5124      
# span 17 =    -0.3786,     0.0286      
# span 18 =    25.2369,    27.0730      
# span 19 =    25.2408,    27.0715      
# span 20 =      1.981,    133.207      
# span 21 =      1.987,    133.415      
# span 22 =     -0.133,      0.892      
# span 23 =    1468.87,    1479.22      
# span 24 =    1468.93,    1479.21      
# span 25 = 0.0000e+00, 0.0000e+00      
# interval = decibars: 0.5              
# start_time = Jan 30 2018 06:08:07 [NMEA time, first data scan]
# bad_flag = -9.990e-29
*END*
[from data line 168]
       8280     86.000     6.7327     6.7316    -0.0011    3.46394    3.46366          1     6.0476     6.1509       9.95     0.0750  4.924e-11  1.000e-12  2.031e+00    34.5144    34.5123    -0.0020    27.0728    27.0713     85.183     85.318      0.253    1478.42    1478.42  0.000e+00
       8352     86.500     6.7325     6.7316    -0.0009    3.46393    3.46369          1     6.0507     6.1456       9.95     0.0747  4.924e-11  1.000e-12  2.031e+00    34.5141    34.5124    -0.0017    27.0726    27.0714     85.678     85.814      0.446    1478.43    1478.42  0.000e+00
       8375     87.000     6.7326     6.7316    -0.0010    3.46396    3.46370          1     6.0706     6.1566       9.95     0.0740  4.924e-11  1.000e-12  2.031e+00    34.5142    34.5123    -0.0019    27.0726    27.0713     86.173     86.310      0.488    1478.44    1478.43  0.000e+00
       8431     87.500     6.7325     6.7314    -0.0011    3.46396    3.46372          1     6.0483     6.1598       9.95     0.0726  4.924e-11  1.000e-12  2.031e+00    34.5140    34.5123    -0.0017    27.0725    27.0714     86.668     86.806      0.399    1478.45    1478.44  0.000e+00
       8544     88.000     6.7320     6.7314    -0.0006    3.46394    3.46372          1     6.0464     6.1530       9.95     0.0756  4.924e-11  1.000e-12  2.031e+00    34.5139    34.5122    -0.0017    27.0725    27.0712     87.164     87.302      0.672    1478.45    1478.45  0.000e+00
       8560     88.500     6.7320     6.7314    -0.0006    3.46393    3.46373          1     6.0397     6.1555       9.95     0.0737  4.924e-11  1.000e-12  2.031e+00    34.5137    34.5121    -0.0016    27.0724    27.0712     87.659     87.797      0.686    1478.46    1478.46  0.000e+00
       8578     89.000     6.7321     6.7313    -0.0008    3.46395    3.46373          1     6.0382     6.1540       9.95     0.0717  4.924e-11  1.000e-12  2.031e+00    34.5136    34.5119    -0.0016    27.0722    27.0711     88.154     88.293      0.631    1478.47    1478.46  0.000e+00
       8599     89.500     6.7320     6.7313    -0.0007    3.46396    3.46375          1     6.0403     6.1520       9.95     0.0726  4.924e-11  1.000e-12  2.031e+00    34.5135    34.5119    -0.0016    27.0722    27.0710     88.649     88.789      0.527    1478.48    1478.47  0.000e+00
       8649     90.000     6.7322     6.7313    -0.0009    3.46400    3.46376          1     6.0506     6.1509       9.95     0.0725  4.924e-11  1.000e-12  2.031e+00    34.5134    34.5117    -0.0017    27.0721    27.0709     89.144     89.285      0.334    1478.48    1478.48  0.000e+00
       8800     90.500     6.7326     6.7312    -0.0013    3.46407    3.46376          1     6.0666     6.1541       9.95     0.0686  4.924e-11  1.000e-12  2.031e+00    34.5136    34.5116    -0.0020    27.0722    27.0708     89.639     89.781      0.356    1478.49    1478.49  0.000e+00
       8834     91.000     6.7326     6.7313    -0.0013    3.46410    3.46380          1     6.0687     6.1617       9.95     0.0717  4.924e-11  1.000e-12  2.031e+00    34.5137    34.5117    -0.0021    27.0723    27.0708     90.134     90.277      0.445    1478.50    1478.50  0.000e+00
       8856     91.500     6.7324     6.7314    -0.0010    3.46414    3.46383          1     6.0622     6.1562       9.95     0.0709  4.924e-11  1.000e-12  2.031e+00    34.5141    34.5117    -0.0024    27.0726    27.0708     90.629     90.772      0.614    1478.51    1478.50  0.000e+00
       8874     92.000     6.7325     6.7315    -0.0010    3.46417    3.46388          1     6.0549     6.1550       9.95     0.0710  4.924e-11  1.000e-12  2.031e+00    34.5140    34.5119    -0.0022    27.0725    27.0710     91.125     91.268      0.667    1478.52    1478.51  0.000e+00
       8893     92.500     6.7326     6.7315    -0.0010    3.46420    3.46391          1     6.0555     6.1514       9.95     0.0727  4.924e-11  1.000e-12  2.031e+00    34.5141    34.5119    -0.0022    27.0726    27.0710     91.620     91.764      0.523    1478.53    1478.52  0.000e+00
       8997     93.000     6.7325     6.7314    -0.0012    3.46419    3.46390          1     6.0598     6.1573       9.95     0.0715  4.924e-11  1.000e-12  2.031e+00    34.5137    34.5117    -0.0020    27.0723    27.0709     92.115     92.260      0.443    1478.53    1478.53  0.000e+00
       9052     93.500     6.7323     6.7314    -0.0010    3.46418    3.46391          1     6.0576     6.1605       9.95     0.0699  4.924e-11  1.000e-12  2.031e+00    34.5135    34.5116    -0.0019    27.0722    27.0708     92.610     92.756      0.369    1478.54    1478.54  0.000e+00
       9151     94.000     6.7323     6.7314    -0.0009    3.46421    3.46395          1     5.9887     6.1535       9.95     0.0689  4.924e-11  1.000e-12  2.031e+00    34.5136    34.5117    -0.0020    27.0722    27.0708     93.105     93.252      0.382    1478.55    1478.54  0.000e+00
       9174     94.500     6.7325     6.7315    -0.0011    3.46424    3.46397          1     6.0325     6.1498       9.95     0.0700  4.924e-11  1.000e-12  2.031e+00    34.5135    34.5116    -0.0019    27.0721    27.0708     93.600     93.748      0.464    1478.56    1478.55  0.000e+00
       9201     95.000     6.7326     6.7314    -0.0012    3.46426    3.46398          1     6.0791     6.1499       9.95     0.0713  4.924e-11  1.000e-12  2.031e+00    34.5134    34.5116    -0.0018    27.0721    27.0707     94.095     94.243      0.415    1478.57    1478.56  0.000e+00
       9231     95.500     6.7326     6.7316    -0.0010    3.46428    3.46401          1     6.0847     6.1478       9.95     0.0728  4.924e-11  1.000e-12  2.031e+00    34.5134    34.5115    -0.0020    27.0721    27.0707     94.591     94.739      0.422    1478.58    1478.57  0.000e+00
       9258     96.000     6.7326     6.7315    -0.0010    3.46430    3.46404          1     6.0915     6.1577       9.95     0.0707  4.924e-11  1.000e-12  2.031e+00    34.5134    34.5116    -0.0018    27.0721    27.0707     95.086     95.235      0.441    1478.58    1478.58  0.000e+00
       9322     96.500     6.7326     6.7315    -0.0011    3.46435    3.46407          1     6.0612     6.1553       9.95     0.0709  4.924e-11  1.000e-12  2.031e+00    34.5137    34.5116    -0.0020    27.0722    27.0708     95.581     95.731      0.328    1478.59    1478.59  0.000e+00
       9430     97.000     6.7324     6.7315    -0.0009    3.46434    3.46409          1     6.0430     6.1431       9.95     0.0750  4.924e-11  1.000e-12  2.031e+00    34.5135    34.5116    -0.0019    27.0721    27.0708     96.076     96.227      0.506    1478.60    1478.59  0.000e+00
       9452     97.500     6.7324     6.7316    -0.0009    3.46435    3.46412          1     6.0431     6.1379       9.95     0.0723  4.924e-11  1.000e-12  2.031e+00    34.5134    34.5116    -0.0018    27.0721    27.0708     96.571     96.723      0.554    1478.61    1478.60  0.000e+00
       9474     98.000     6.7326     6.7315    -0.0011    3.46440    3.46413          1     6.0429     6.1434       9.95     0.0726  4.924e-11  1.000e-12  2.031e+00    34.5134    34.5117    -0.0018    27.0721    27.0708     97.066     97.218      0.505    1478.62    1478.61  0.000e+00
       9504     98.500     6.7328     6.7315    -0.0012    3.46442    3.46415          1     6.0614     6.1497       9.95     0.0711  4.924e-11  1.000e-12  2.031e+00    34.5132    34.5115    -0.0017    27.0719    27.0707     97.561     97.714      0.284    1478.63    1478.62  0.000e+00
       9564     99.000     6.7324     6.7317    -0.0007    3.46441    3.46417          1     6.0396     6.1430       9.95     0.0702  4.924e-11  1.000e-12  2.031e+00    34.5132    34.5113    -0.0020    27.0719    27.0705     98.056     98.210      0.342    1478.63    1478.63  0.000e+00
       9586     99.500     6.7326     6.7316    -0.0010    3.46442    3.46419          1     6.0441     6.1568       9.95     0.0730  4.924e-11  1.000e-12  2.031e+00    34.5130    34.5114    -0.0016    27.0717    27.0706     98.552     98.706      0.586    1478.64    1478.64  0.000e+00
       9605    100.000     6.7325     6.7318    -0.0008    3.46443    3.46421          1     6.0529     6.1569       9.95     0.0719  4.924e-11  1.000e-12  2.031e+00    34.5129    34.5112    -0.0017    27.0717    27.0704     99.047     99.202      0.546    1478.65    1478.64  0.000e+00
       9676    100.500     6.7285     6.7294     0.0009    3.46396    3.46400          1     6.0441     6.1602       9.95     0.0727  4.924e-11  1.000e-12  2.031e+00    34.5114    34.5110    -0.0005    27.0710    27.0705     99.542     99.698      0.492    1478.64    1478.64  0.000e+00
       9748    101.000     6.7257     6.7267     0.0010    3.46364    3.46366          1     6.0524     6.1594       9.95     0.0764  4.924e-11  1.000e-12  2.031e+00    34.5105    34.5097    -0.0008    27.0707    27.0699    100.037    100.194      0.892    1478.64    1478.64  0.000e+00
       9760    101.500     6.7265     6.7266     0.0000    3.46376    3.46362          1     6.0578     6.1600       9.95     0.0790  4.924e-11  1.000e-12  2.031e+00    34.5108    34.5092    -0.0016    27.0708    27.0695    100.532    100.689      0.838    1478.65    1478.65  0.000e+00
       9776    102.000     6.7259     6.7264     0.0005    3.46369    3.46365          1     6.0385     6.1613       9.95     0.0814  4.924e-11  1.000e-12  2.031e+00    34.5104    34.5094    -0.0010    27.0706    27.0697    101.027    101.185      0.666    1478.65    1478.65  0.000e+00
       9800    102.500     6.7257     6.7261     0.0004    3.46368    3.46362          1     6.0270     6.1573       9.95     0.0815  4.924e-11  1.000e-12  2.031e+00    34.5102    34.5091    -0.0011    27.0705    27.0695    101.522    101.681      0.415    1478.66    1478.66  0.000e+00
       9839    103.000     6.7254     6.7255     0.0000    3.46367    3.46356          1     6.0303     6.1417       9.95     0.0825  4.924e-11  1.000e-12  2.031e+00    34.5101    34.5089    -0.0012    27.0704    27.0694    102.017    102.177      0.275    1478.67    1478.67  0.000e+00
       9883    103.500     6.7242     6.7248     0.0006    3.46354    3.46349          1     6.0186     6.1509       9.95     0.0871  4.924e-11  1.000e-12  2.031e+00    34.5097    34.5085    -0.0012    27.0702    27.0692    102.512    102.673      0.307    1478.67    1478.67  0.000e+00
       9917    104.000     6.7253     6.7242    -0.0012    3.46368    3.46344          1     6.0476     6.1526       9.95     0.0863  4.924e-11  1.000e-12  2.031e+00    34.5098    34.5083    -0.0015    27.0702    27.0692    103.007    103.169      0.413    1478.68    1478.68  0.000e+00
       9944    104.500     6.7255     6.7242    -0.0013    3.46374    3.46344          1     6.0542     6.1577       9.95     0.0877  4.924e-11  1.000e-12  2.031e+00    34.5100    34.5081    -0.0020    27.0703    27.0690    103.503    103.664      0.430    1478.69    1478.68  0.000e+00
       9973    105.000     6.7253     6.7243    -0.0011    3.46373    3.46346          1     6.0542     6.1580       9.95     0.0869  4.924e-11  1.000e-12  2.031e+00    34.5099    34.5080    -0.0019    27.0703    27.0689    103.998    104.160      0.434    1478.70    1478.69  0.000e+00
       9998    105.500     6.7255     6.7242    -0.0013    3.46378    3.46348          1     6.0242     6.1581       9.95     0.0871  4.924e-11  1.000e-12  2.031e+00    34.5100    34.5080    -0.0020    27.0703    27.0689    104.493    104.656      0.507    1478.71    1478.70  0.000e+00
      10020    106.000     6.7251     6.7243    -0.0007    3.46376    3.46351          1     5.9958     6.1523       9.95     0.0894  4.924e-11  1.000e-12  2.031e+00    34.5100    34.5079    -0.0021    27.0704    27.0688    104.988    105.152      0.539    1478.71    1478.71  0.000e+00
      10044    106.500     6.7252     6.7243    -0.0009    3.46378    3.46354          1     5.9863     6.1497       9.95     0.0864  4.924e-11  1.000e-12  2.031e+00    34.5098    34.5080    -0.0018    27.0702    27.0689    105.483    105.648      0.453    1478.72    1478.72  0.000e+00
      10079    107.000     6.7256     6.7243    -0.0014    3.46387    3.46355          1     6.0256     6.1371       9.95     0.0847  4.924e-11  1.000e-12  2.031e+00    34.5102    34.5079    -0.0022    27.0704    27.0688    105.978    106.144      0.258    1478.73    1478.73  0.000e+00
      10135    107.500     6.7257     6.7247    -0.0010    3.46390    3.46362          1     6.0373     6.1553       9.95     0.0853  4.924e-11  1.000e-12  2.031e+00    34.5101    34.5080    -0.0021    27.0704    27.0688    106.473    106.640      0.366    1478.74    1478.74  0.000e+00
      10158    108.000     6.7258     6.7247    -0.0011    3.46394    3.46366          1     6.0349     6.1600       9.95     0.0835  4.924e-11  1.000e-12  2.031e+00    34.5103    34.5082    -0.0020    27.0705    27.0690    106.968    107.135      0.644    1478.75    1478.74  0.000e+00
      10174    108.500     6.7257     6.7248    -0.0009    3.46394    3.46368          1     6.0403     6.1507       9.95     0.0845  4.924e-11  1.000e-12  2.031e+00    34.5102    34.5081    -0.0021    27.0704    27.0689    107.463    107.631      0.741    1478.76    1478.75  0.000e+00
      10190    109.000     6.7260     6.7249    -0.0011    3.46402    3.46372          1     6.0320     6.1433       9.95     0.0846  4.924e-11  1.000e-12  2.031e+00    34.5105    34.5083    -0.0022    27.0706    27.0690    107.958    108.127      0.735    1478.77    1478.76  0.000e+00
      10207    109.500     6.7261     6.7251    -0.0011    3.46405    3.46375          1     6.0166     6.1391       9.95     0.0842  4.924e-11  1.000e-12  2.031e+00    34.5104    34.5081    -0.0023    27.0705    27.0689    108.454    108.623      0.645    1478.78    1478.77  0.000e+00
      10228    110.000     6.7261     6.7252    -0.0009    3.46406    3.46379          1     6.0198     6.1384       9.95     0.0866  4.924e-11  1.000e-12  2.031e+00    34.5103    34.5081    -0.0022    27.0705    27.0689    108.949    109.119      0.541    1478.79    1478.78  0.000e+00
      10251    110.500     6.7261     6.7252    -0.0009    3.46407    3.46382          1     6.0290     6.1505       9.95     0.0879  4.924e-11  1.000e-12  2.031e+00    34.5102    34.5082    -0.0020    27.0704    27.0689    109.444    109.615      0.524    1478.79    1478.79  0.000e+00
      10274    111.000     6.7263     6.7253    -0.0010    3.46412    3.46383          1     6.0275     6.1555       9.95     0.0855  4.924e-11  1.000e-12  2.031e+00    34.5103    34.5080    -0.0022    27.0704    27.0688    109.939    110.110      0.522    1478.80    1478.80  0.000e+00
      10298    111.500     6.7265     6.7253    -0.0012    3.46416    3.46386          1     6.0567     6.1591       9.95     0.0845  4.924e-11  1.000e-12  2.031e+00    34.5102    34.5081    -0.0021    27.0703    27.0689    110.434    110.606      0.436    1478.81    1478.80  0.000e+00
      10331    112.000     6.7268     6.7255    -0.0013    3.46422    3.46390          1     6.0593     6.1566       9.95     0.0868  4.924e-11  1.000e-12  2.031e+00    34.5103    34.5081    -0.0023    27.0704    27.0688    110.929    111.102      0.315    1478.82    1478.81  0.000e+00
      10389    112.500     6.7243     6.7256     0.0013    3.46393    3.46395          1     6.0330     6.1483       9.95     0.0849  4.924e-11  1.000e-12  2.031e+00    34.5093    34.5083    -0.0011    27.0699    27.0689    111.424    111.598      0.234    1478.82    1478.82  0.000e+00
