ctdpy/exports/archive_20191120_135557/received_data/SBE09_0827_20180228_0904_26_01_0331.cnv
* Sea-Bird SBE 9 Data File:
* FileName = D:\CTD_SBE911\DAT\26DA.2018.3.31.hex
* Software Version Seasave V 7.21d
* Temperature SN = 034757
* Conductivity SN = 041844
* Number of Bytes Per Scan = 48
* Number of Voltage Words = 5
* Number of Scans Averaged by the Deck Unit = 1
* NMEA Latitude = 57 00.75 N
* NMEA Longitude = 017 55.58 E
* NMEA UTC (Time) = Feb 28 2018  09:05:00
* NMEA baud rate = 4800
** Ship: DANA
** Average sound velocity: 1427.33 m/s
** True-depth calculation Tue, 02 Apr 2019 12:08:03 +0000
** CTD Python Module SMHI /ver 3-12/ feb 2012 
** LIMS Job: 20182601-0331
** Operator:
** Cruise: 02/2018
# nquan = 26
# nvalues = 136                         
# units = specified
# name 0 = scan: Scan Count
# name 1 = prDM: Pressure, Digiquartz [db]
# name 2 = t090C: Temperature [ITS-90, deg C]
# name 3 = t190C: Temperature, 2 [ITS-90, deg C]
# name 4 = T2-T190C: Temperature Difference, 2 - 1 [ITS-90, deg C]
# name 5 = c0S/m: Conductivity [S/m]
# name 6 = c1S/m: Conductivity, 2 [S/m]
# name 7 = pumps: Pump Status
# name 8 = sbeox1ML/L: Oxygen, SBE 43, 2 [ml/l]
# name 9 = sbeox0ML/L: Oxygen, SBE 43 [ml/l]
# name 10 = altM: Altimeter [m]
# name 11 = chloroflTC0: Chlorophyll, Turner Cyclops [ug/l]
# name 12 = cpar: CPAR/Corrected Irradiance [%]
# name 13 = par: PAR/Irradiance, Biospherical/Lico [µE/(cm^2*s)]
# name 14 = spar: SPAR, Biospherical/Licor
# name 15 = sal00: Salinity, Practical [PSU]
# name 16 = sal11: Salinity, Practical, 2 [PSU]
# name 17 = secS-priS: Salinity, Practical, Difference, 2 - 1 [PSU]
# name 18 = sigma-t00: Density [sigma-t, kg/m^3 ]
# name 19 = sigma-t11: Density, 2 [sigma-t, kg/m^3 ]
# name 20 = depSM: Depth [salt water, m], lat = 57.0125
# name 21 = depFM: Depth [true depth, m], lat = 57.0125
# name 22 = dz/dtM: Descent Rate [m/s], WS = 2
# name 23 = svCM: Sound Velocity [Chen-Millero, m/s]
# name 24 = svCM1: Sound Velocity, 2 [Chen-Millero, m/s]
# name 25 = flag: flag
# span 0 =         17,       6986       
# span 1 =      2.000,     69.500       
# span 2 =     2.4321,     5.0768       
# span 3 =     2.4296,     5.0906       
# span 4 =    -0.0174,     0.6049       
# span 5 =   0.736130,   0.925741       
# span 6 =   0.735411,   0.925007       
# span 7 =          1,          1       
# span 8 =     2.8252,     8.7062       
# span 9 =     2.7866,     8.6326       
# span 10 =       0.44,      10.00      
# span 11 =     0.0110,     0.0137      
# span 12 = 5.2786e-13, 8.7821e+00      
# span 13 = 1.0000e-12, 2.0505e+01      
# span 14 = 1.5029e+02, 2.3348e+02      
# span 15 =     7.2999,     8.6092      
# span 16 =     7.2919,     8.6018      
# span 17 =    -0.0186,     0.0797      
# span 18 =     5.8223,     6.8057      
# span 19 =     5.8159,     6.7999      
# span 20 =      1.982,     68.850      
# span 21 =      2.025,     70.367      
# span 22 =     -0.344,      0.796      
# span 23 =    1424.00,    1438.52      
# span 24 =    1423.99,    1438.52      
# span 25 = 0.0000e+00, 0.0000e+00      
# interval = decibars: 0.5              
# start_time = Feb 28 2018 09:05:00 [NMEA time, first data scan]
# bad_flag = -9.990e-29
*END*
         17      2.000     2.4406     2.4406     0.0000    0.73630    0.73554          1     8.6858     8.6148      10.00     0.0121  8.782e+00  2.050e+01  2.335e+02     7.3005     7.2923    -0.0081     5.8228     5.8162      1.982      2.025      0.023    1424.00    1423.99  0.000e+00
        118      2.500     2.4414     2.4425     0.0011    0.73632    0.73557          1     8.6732     8.6241       9.99     0.0122  7.652e+00  1.777e+01  2.323e+02     7.3004     7.2921    -0.0082     5.8227     5.8161      2.477      2.532      0.443    1424.02    1424.01  0.000e+00
        305      3.000     2.4410     2.4409    -0.0001    0.73631    0.73556          1     8.6792     8.6200       9.99     0.0122  6.574e+00  1.505e+01  2.289e+02     7.3003     7.2923    -0.0080     5.8226     5.8162      2.972      3.038      0.508    1424.02    1424.01  0.000e+00
        404      3.500     2.4387     2.4394     0.0006    0.73627    0.73552          1     8.6741     8.6263       9.99     0.0122  5.629e+00  1.279e+01  2.273e+02     7.3004     7.2922    -0.0082     5.8227     5.8162      3.468      3.544      0.530    1424.02    1424.01  0.000e+00
        440      4.000     2.4425     2.4406    -0.0019    0.73635    0.73556          1     8.6767     8.6269       9.99     0.0122  4.839e+00  1.101e+01  2.274e+02     7.3002     7.2923    -0.0080     5.8226     5.8162      3.963      4.051      0.656    1424.04    1424.03  0.000e+00
        465      4.500     2.4406     2.4409     0.0003    0.73631    0.73557          1     8.6870     8.6208       9.98     0.0127  4.083e+00  9.257e+00  2.267e+02     7.3003     7.2922    -0.0080     5.8226     5.8162      4.459      4.557      0.383    1424.04    1424.03  0.000e+00
        537      5.000     2.4387     2.4397     0.0010    0.73626    0.73556          1     8.7021     8.6164       9.98     0.0122  3.610e+00  8.139e+00  2.255e+02     7.3001     7.2923    -0.0078     5.8224     5.8163      4.954      5.063      0.277    1424.04    1424.04  0.000e+00
        569      5.500     2.4352     2.4377     0.0026    0.73619    0.73552          1     8.6879     8.6198       9.98     0.0122  3.152e+00  7.085e+00  2.247e+02     7.3000     7.2923    -0.0077     5.8224     5.8162      5.449      5.570      0.472    1424.03    1424.03  0.000e+00
        614      6.000     2.4358     2.4364     0.0006    0.73621    0.73549          1     8.6918     8.6309       9.98     0.0122  2.798e+00  6.232e+00  2.227e+02     7.3001     7.2922    -0.0079     5.8224     5.8162      5.945      6.076      0.301    1424.04    1424.03  0.000e+00
        696      6.500     2.4322     2.4336     0.0014    0.73613    0.73544          1     8.7018     8.6257       9.97     0.0121  2.496e+00  5.476e+00  2.193e+02     7.2999     7.2923    -0.0076     5.8223     5.8162      6.440      6.582      0.356    1424.04    1424.03  0.000e+00
        727      7.000     2.4321     2.4341     0.0020    0.73614    0.73545          1     8.7046     8.6128       9.97     0.0117  2.019e+00  4.423e+00  2.190e+02     7.3000     7.2922    -0.0078     5.8224     5.8162      6.936      7.088      0.414    1424.04    1424.04  0.000e+00
        757      7.500     2.4326     2.4326    -0.0000    0.73616    0.73543          1     8.7058     8.6279       9.97     0.0122  1.812e+00  3.939e+00  2.174e+02     7.3001     7.2923    -0.0078     5.8224     5.8162      7.431      7.595      0.331    1424.05    1424.04  0.000e+00
        836      8.000     2.4333     2.4376     0.0042    0.73619    0.73554          1     8.6876     8.6169       9.97     0.0122  1.703e+00  3.659e+00  2.148e+02     7.3001     7.2923    -0.0079     5.8225     5.8162      7.926      8.101      0.289    1424.06    1424.07  0.000e+00
        872      8.500     2.4373     2.4380     0.0007    0.73627    0.73559          1     8.6796     8.6101       9.97     0.0120  1.579e+00  3.366e+00  2.132e+02     7.3000     7.2925    -0.0075     5.8224     5.8164      8.422      8.607      0.572    1424.09    1424.08  0.000e+00
        890      9.000     2.4334     2.4296    -0.0038    0.73618    0.73541          1     8.6965     8.6095       9.96     0.0121  1.360e+00  2.901e+00  2.132e+02     7.2999     7.2925    -0.0074     5.8223     5.8164      8.917      9.114      0.573    1424.08    1424.05  0.000e+00
        947      9.500     2.4449     2.4413    -0.0036    0.73647    0.73561          1     8.7031     8.6133       9.96     0.0122  1.200e+00  2.534e+00  2.110e+02     7.3003     7.2919    -0.0084     5.8226     5.8159      9.412      9.620      0.304    1424.14    1424.11  0.000e+00
       1034     10.000     2.4517     2.4589     0.0072    0.73664    0.73608          1     8.6843     8.6120       9.96     0.0122  1.064e+00  2.223e+00  2.088e+02     7.3004     7.2928    -0.0076     5.8227     5.8166      9.908     10.126      0.272    1424.18    1424.21  0.000e+00
       1075     10.500     2.4611     2.4587    -0.0024    0.73691    0.73605          1     8.6755     8.6176       9.96     0.0121  9.750e-01  2.018e+00  2.069e+02     7.3010     7.2925    -0.0085     5.8232     5.8164     10.403     10.633      0.343    1424.23    1424.21  0.000e+00
       1104     11.000     2.4703     2.4677    -0.0027    0.73710    0.73630          1     8.6662     8.6083       9.96     0.0116  9.028e-01  1.851e+00  2.051e+02     7.3009     7.2930    -0.0079     5.8231     5.8168     10.899     11.139      0.505    1424.28    1424.26  0.000e+00
       1125     11.500     2.4561     2.4605     0.0043    0.73673    0.73615          1     8.6800     8.6194       9.96     0.0122  7.921e-01  1.625e+00  2.051e+02     7.3001     7.2929    -0.0072     5.8224     5.8167     11.394     11.645      0.532    1424.22    1424.24  0.000e+00
       1174     12.000     2.4487     2.4515     0.0028    0.73661    0.73593          1     8.6948     8.6168       9.96     0.0122  6.740e-01  1.363e+00  2.022e+02     7.3005     7.2926    -0.0079     5.8228     5.8165     11.889     12.152      0.344    1424.20    1424.20  0.000e+00
       1260     12.500     2.4475     2.4453    -0.0022    0.73655    0.73578          1     8.7062     8.6326       9.96     0.0122  6.072e-01  1.204e+00  1.982e+02     7.3000     7.2923    -0.0077     5.8224     5.8162     12.385     12.658      0.398    1424.20    1424.18  0.000e+00
       1299     13.000     2.4428     2.4436     0.0008    0.73645    0.73575          1     8.7022     8.6231       9.96     0.0118  5.316e-01  1.043e+00  1.962e+02     7.3000     7.2923    -0.0077     5.8224     5.8163     12.880     13.164      0.251    1424.19    1424.18  0.000e+00
       1348     13.500     2.4452     2.4458     0.0006    0.73652    0.73579          1     8.7033     8.6218       9.96     0.0122  4.610e-01  8.942e-01  1.940e+02     7.3001     7.2922    -0.0079     5.8225     5.8162     13.376     13.671      0.351    1424.20    1424.20  0.000e+00
       1377     14.000     2.4662     2.4487    -0.0174    0.73707    0.73585          1     8.6998     8.6128       9.95     0.0124  4.017e-01  7.752e-01  1.930e+02     7.3011     7.2921    -0.0090     5.8232     5.8161     13.871     14.177      0.379    1424.31    1424.22  0.000e+00
       1429     14.500     2.4712     2.4609    -0.0103    0.73717    0.73613          1     8.6996     8.6149       9.95     0.0123  3.558e-01  6.864e-01  1.929e+02     7.3009     7.2922    -0.0087     5.8231     5.8161     14.366     14.683      0.233    1424.34    1424.28  0.000e+00
       1483     15.000     2.4683     2.4655    -0.0028    0.73710    0.73627          1     8.6919     8.6170       9.95     0.0120  3.239e-01  6.241e-01  1.927e+02     7.3008     7.2926    -0.0081     5.8230     5.8165     14.862     15.190      0.375    1424.34    1424.31  0.000e+00
       1528     15.500     2.4745     2.4710    -0.0035    0.73726    0.73641          1     8.6876     8.6078       9.95     0.0119  2.803e-01  5.359e-01  1.912e+02     7.3010     7.2927    -0.0082     5.8232     5.8166     15.357     15.696      0.302    1424.37    1424.35  0.000e+00
       1610     16.000     2.4891     2.4893     0.0002    0.73760    0.73681          1     8.6880     8.5988       9.95     0.0120  2.559e-01  4.887e-01  1.910e+02     7.3012     7.2927    -0.0085     5.8233     5.8165     15.852     16.202      0.422    1424.45    1424.44  0.000e+00
       1635     16.500     2.4909     2.4900    -0.0009    0.73763    0.73689          1     8.6769     8.5899       9.95     0.0121  2.164e-01  4.131e-01  1.909e+02     7.3011     7.2933    -0.0078     5.8232     5.8170     16.348     16.709      0.431    1424.47    1424.45  0.000e+00
       1672     17.000     2.4908     2.4901    -0.0008    0.73763    0.73687          1     8.6807     8.5885       9.95     0.0122  1.860e-01  3.550e-01  1.909e+02     7.3010     7.2931    -0.0079     5.8231     5.8168     16.843     17.215      0.265    1424.47    1424.46  0.000e+00
       1718     17.500     2.4901     2.4913     0.0012    0.73759    0.73691          1     8.6774     8.5799       9.95     0.0121  1.648e-01  3.155e-01  1.915e+02     7.3007     7.2931    -0.0076     5.8229     5.8168     17.339     17.721      0.327    1424.48    1424.47  0.000e+00
       1752     18.000     2.4883     2.4893     0.0010    0.73758    0.73686          1     8.6680     8.5963       9.95     0.0121  1.370e-01  2.617e-01  1.910e+02     7.3008     7.2930    -0.0079     5.8230     5.8168     17.834     18.228      0.310    1424.48    1424.47  0.000e+00
       1833     18.500     2.4947     2.4908    -0.0038    0.73774    0.73689          1     8.6755     8.5972       9.95     0.0122  1.166e-01  2.225e-01  1.909e+02     7.3010     7.2929    -0.0081     5.8232     5.8167     18.329     18.734      0.222    1424.52    1424.49  0.000e+00
       1894     19.000     2.4961     2.4941    -0.0020    0.73776    0.73696          1     8.6758     8.5935       9.95     0.0122  1.009e-01  1.926e-01  1.909e+02     7.3008     7.2928    -0.0080     5.8230     5.8166     18.825     19.240      0.404    1424.53    1424.51  0.000e+00
       1918     19.500     2.4950     2.4947    -0.0003    0.73772    0.73700          1     8.6773     8.5971       9.95     0.0122  8.064e-02  1.539e-01  1.909e+02     7.3006     7.2930    -0.0077     5.8229     5.8167     19.320     19.747      0.483    1424.53    1424.52  0.000e+00
       1944     20.000     2.4939     2.4944     0.0005    0.73770    0.73700          1     8.6799     8.5982       9.95     0.0122  5.996e-02  1.145e-01  1.909e+02     7.3006     7.2930    -0.0076     5.8228     5.8168     19.815     20.253      0.389    1424.53    1424.53  0.000e+00
       2003     20.500     2.4970     2.4952    -0.0018    0.73779    0.73703          1     8.6859     8.5947       9.95     0.0122  4.472e-02  8.488e-02  1.897e+02     7.3008     7.2931    -0.0077     5.8230     5.8168     20.311     20.759      0.253    1424.56    1424.54  0.000e+00
       2053     21.000     2.4991     2.4990    -0.0000    0.73786    0.73713          1     8.6962     8.5860       9.95     0.0121  3.374e-02  6.371e-02  1.889e+02     7.3009     7.2932    -0.0078     5.8231     5.8169     20.806     21.265      0.418    1424.58    1424.57  0.000e+00
       2081     21.500     2.4989     2.4996     0.0007    0.73785    0.73715          1     8.6930     8.5925       9.95     0.0121  1.417e-02  2.659e-02  1.873e+02     7.3008     7.2932    -0.0076     5.8230     5.8169     21.301     21.772      0.323    1424.58    1424.58  0.000e+00
       2173     22.000     2.4933     2.4961     0.0028    0.73770    0.73707          1     8.6780     8.5909       9.95     0.0127  3.649e-03  6.731e-03  1.835e+02     7.3005     7.2931    -0.0074     5.8227     5.8168     21.797     22.278      0.279    1424.56    1424.57  0.000e+00
       2210     22.500     2.4940     2.4938    -0.0002    0.73772    0.73702          1     8.6705     8.5907       9.95     0.0122  1.024e-05  1.879e-05  1.828e+02     7.3005     7.2930    -0.0074     5.8227     5.8168     22.292     22.784      0.407    1424.58    1424.56  0.000e+00
       2240     23.000     2.4906     2.4923     0.0017    0.73765    0.73698          1     8.6834     8.5911       9.95     0.0122  4.080e-09  7.457e-09  1.828e+02     7.3003     7.2929    -0.0075     5.8226     5.8166     22.787     23.291      0.370    1424.57    1424.56  0.000e+00
       2274     23.500     2.4902     2.4913     0.0010    0.73765    0.73696          1     8.6858     8.5885       9.95     0.0124  5.471e-13  1.000e-12  1.828e+02     7.3004     7.2928    -0.0075     5.8226     5.8166     23.283     23.797      0.371    1424.57    1424.57  0.000e+00
       2304     24.000     2.4909     2.4923     0.0014    0.73767    0.73699          1     8.6837     8.5947       9.95     0.0126  5.471e-13  1.000e-12  1.828e+02     7.3004     7.2929    -0.0075     5.8226     5.8167     23.778     24.303      0.370    1424.58    1424.58  0.000e+00
       2387     24.500     2.4930     2.4925    -0.0005    0.73773    0.73701          1     8.6820     8.5994       9.95     0.0120  5.475e-13  1.000e-12  1.827e+02     7.3005     7.2929    -0.0076     5.8227     5.8167     24.274     24.810      0.268    1424.60    1424.59  0.000e+00
       2437     25.000     2.4910     2.4921     0.0011    0.73768    0.73701          1     8.6793     8.5946       9.95     0.0122  5.471e-13  1.000e-12  1.828e+02     7.3003     7.2929    -0.0074     5.8226     5.8167     24.769     25.316      0.450    1424.60    1424.60  0.000e+00
       2464     25.500     2.4906     2.4909     0.0003    0.73768    0.73698          1     8.6809     8.5942       9.95     0.0122  5.471e-13  1.000e-12  1.828e+02     7.3004     7.2929    -0.0075     5.8226     5.8167     25.264     25.822      0.389    1424.61    1424.60  0.000e+00
       2503     26.000     2.4909     2.4905    -0.0004    0.73770    0.73698          1     8.6818     8.6018       9.95     0.0122  5.427e-13  1.000e-12  1.843e+02     7.3004     7.2928    -0.0076     5.8227     5.8166     25.760     26.329      0.263    1424.61    1424.60  0.000e+00
       2552     26.500     2.4940     2.4913    -0.0028    0.73779    0.73700          1     8.6910     8.6013       9.95     0.0122  5.384e-13  1.000e-12  1.858e+02     7.3006     7.2929    -0.0077     5.8228     5.8166     26.255     26.835      0.255    1424.64    1424.62  0.000e+00
       2596     27.000     2.4960     2.4958    -0.0002    0.73786    0.73713          1     8.6704     8.6101       9.95     0.0122  5.352e-13  1.000e-12  1.869e+02     7.3008     7.2931    -0.0077     5.8230     5.8168     26.750     27.341      0.297    1424.65    1424.64  0.000e+00
       2634     27.500     2.4940     2.4940    -0.0000    0.73781    0.73711          1     8.6739     8.5977       9.95     0.0122  5.352e-13  1.000e-12  1.868e+02     7.3006     7.2933    -0.0074     5.8229     5.8170     27.246     27.848      0.319    1424.65    1424.64  0.000e+00
       2675     28.000     2.4959     2.4957    -0.0002    0.73785    0.73714          1     8.6832     8.5932       9.95     0.0121  5.352e-13  1.000e-12  1.868e+02     7.3006     7.2931    -0.0075     5.8229     5.8168     27.741     28.354      0.233    1424.67    1424.66  0.000e+00
       2758     28.500     2.4931     2.4946     0.0014    0.73779    0.73713          1     8.6855     8.5875       9.95     0.0122  5.352e-13  1.000e-12  1.868e+02     7.3005     7.2932    -0.0074     5.8228     5.8169     28.236     28.860      0.282    1424.66    1424.66  0.000e+00
       2792     29.000     2.4917     2.4938     0.0021    0.73776    0.73712          1     8.6833     8.5817       9.95     0.0122  5.352e-13  1.000e-12  1.868e+02     7.3004     7.2932    -0.0072     5.8227     5.8169     28.732     29.367      0.448    1424.67    1424.67  0.000e+00
