ctdpy/exports/archive_20191120_135557/received_data/SBE09_1044_20180320_0155_34_02_0075.cnv
* Sea-Bird SBE 9 Data File:
* FileName = C:\ctd\temp\2018\ME18D075.hex
* Software Version Seasave V 7.26.6.26
* Temperature SN = 5351
* Conductivity SN = 3941
* Number of Bytes Per Scan = 41
* Number of Voltage Words = 4
* Number of Scans Averaged by the Deck Unit = 1
* NMEA Latitude = 58 16.01 N
* NMEA Longitude = 010 43.46 E
* NMEA UTC (Time) = Mar 20 2018  01:55:46
* NMEA baud rate = 4800
** Station:  A16
** Operator:  MHan
** Ship: MERI
** Average sound velocity: 1478.15 m/s
** True-depth calculation Tue, 20 Mar 2018 02:40:22 +0000
** CTD Python Module SMHI /ver 3-12/ feb 2012 
** LIMS Job: 20183402-0075
** Cruise: SMHI-02-2018
** Latitude [GG MM.mm N] :
** Longitude [GG MM.mm E]:
# nquan = 26
# nvalues = 405                         
# units = specified
# name 0 = scan: Scan Count
# name 1 = prDM: Pressure, Digiquartz [db]
# name 2 = t090C: Temperature [ITS-90, deg C]
# name 3 = t190C: Temperature, 2 [ITS-90, deg C]
# name 4 = T2-T190C: Temperature Difference, 2 - 1 [ITS-90, deg C]
# name 5 = c0S/m: Conductivity [S/m]
# name 6 = c1S/m: Conductivity, 2 [S/m]
# name 7 = pumps: Pump Status
# name 8 = sbeox0ML/L: Oxygen, SBE 43 [ml/l]
# name 9 = sbeox1ML/L: Oxygen, SBE 43, 2 [ml/l]
# name 10 = altM: Altimeter [m]
# name 11 = flECO-AFL: Chl-a Fluorescence, WET Labs ECO-AFL/FL [mg/m^3]
# name 12 = flECO-AFL1: Phycocyanin Fluorescence, WET Labs ECO-AFL/FL, 2 [mg/m^3]
# name 13 = par: PAR/Irradiance, Biospherical/Lico [µE/(cm^2*s)]
# name 14 = turbWETntu0: Turbidity, WET Labs ECO [NTU]
# name 15 = sal00: Salinity, Practical [PSU]
# name 16 = sal11: Salinity, Practical, 2 [PSU]
# name 17 = secS-priS: Salinity, Practical, Difference, 2 - 1 [PSU]
# name 18 = sigma-t00: Density [sigma-t, Kg/m^3 ]
# name 19 = sigma-t11: Density, 2 [sigma-t, Kg/m^3 ]
# name 20 = depSM: Depth [salt water, m], lat = 58.2668
# name 21 = depFM: Depth [true depth, m], lat = 58.2668
# name 22 = dz/dtM: Descent Rate [m/s], WS = 2
# name 23 = svCM: Sound Velocity [Chen-Millero, m/s]
# name 24 = svCM1: Sound Velocity, 2 [Chen-Millero, m/s]
# name 25 = flag: flag
# span 0 =      13211,      23558       
# span 1 =      1.000,    203.000       
# span 2 =     0.0805,     7.7926       
# span 3 =     0.0808,     7.7830       
# span 4 =    -0.0826,     0.0231       
# span 5 =   2.173898,   3.593962       
# span 6 =   2.173896,   3.592887       
# span 7 =          1,          1       
# span 8 =    5.61562,    9.09525       
# span 9 =    5.63851,    9.12133       
# span 10 =       1.80,      99.01      
# span 11 =     0.0064,    11.5994      
# span 12 =     0.1184,     1.8068      
# span 13 = -2.419e-04, 7.3484e-01      
# span 14 =     0.1731,     1.5000      
# span 15 =    25.4026,    35.0430      
# span 16 =    25.4021,    35.0427      
# span 17 =    -0.1209,     0.0041      
# span 18 =    20.3638,    27.4472      
# span 19 =    20.3634,    27.4472      
# span 20 =      0.991,    201.016      
# span 21 =      0.998,    201.357      
# span 22 =      0.014,      1.161      
# span 23 =    1436.72,    1482.56      
# span 24 =    1436.72,    1482.53      
# span 25 = 0.0000e+00, 0.0000e+00      
# interval = decibars: 0.5              
# start_time = Mar 20 2018 01:55:47 [NMEA time, first data scan]
# bad_flag = -9.990e-29
*END*
[from data line 391]
      22051    196.500     6.9248     6.9251     0.0003    3.53251    3.53255          1     5.7430     5.7572       8.55     0.0448     0.1968  1.000e-12  0.7336000    35.0223    35.0226     0.0002    27.4469    27.4470    194.582    194.913      0.664    1481.62    1481.62  0.000e+00
      22069    197.000     6.9249     6.9253     0.0004    3.53255    3.53260          1     5.7432     5.7624       8.11     0.0351     0.1966  1.000e-12  0.7520000    35.0224    35.0226     0.0001    27.4470    27.4470    195.077    195.409      0.652    1481.63    1481.63  0.000e+00
      22088    197.500     6.9252     6.9258     0.0006    3.53259    3.53267          1     5.7428     5.7648       7.59     0.0431     0.2214  1.000e-12  0.7612000    35.0224    35.0226     0.0002    27.4469    27.4470    195.572    195.905      0.552    1481.64    1481.64  0.000e+00
      22115    198.000     6.9251     6.9258     0.0007    3.53262    3.53270          1     5.7443     5.7637       6.98     0.0533     0.2218  1.000e-12  0.7834000    35.0226    35.0228     0.0002    27.4470    27.4471    196.067    196.400      0.378    1481.65    1481.65  0.000e+00
      22152    198.500     6.9259     6.9262     0.0004    3.53273    3.53276          1     5.7363     5.7625       6.40     0.0635     0.1977  1.000e-12  0.7867000    35.0227    35.0227    -0.0000    27.4470    27.4470    196.562    196.896      0.371    1481.66    1481.66  0.000e+00
      22178    199.000     6.9261     6.9260    -0.0001    3.53275    3.53276          1     5.7376     5.7581       5.99     0.0787     0.1889  1.000e-12  0.7354000    35.0225    35.0227     0.0002    27.4469    27.4470    197.057    197.392      0.526    1481.67    1481.67  0.000e+00
      22199    199.500     6.9261     6.9265     0.0004    3.53278    3.53284          1     5.7427     5.7607       5.55     0.0759     0.2315  1.000e-12  0.7613000    35.0226    35.0228     0.0002    27.4469    27.4470    197.551    197.887      0.572    1481.68    1481.68  0.000e+00
      22221    200.000     6.9261     6.9265     0.0003    3.53281    3.53286          1     5.7427     5.7599       5.06     0.0478     0.2219  1.000e-12  0.7467000    35.0225    35.0227     0.0002    27.4469    27.4470    198.046    198.383      0.520    1481.68    1481.69  0.000e+00
      22245    200.500     6.9259     6.9263     0.0004    3.53281    3.53285          1     5.7476     5.7579       4.52     0.0583     0.2220  1.000e-12  0.8136000    35.0226    35.0227     0.0001    27.4469    27.4470    198.541    198.879      0.479    1481.69    1481.69  0.000e+00
      22270    201.000     6.9255     6.9259     0.0004    3.53279    3.53284          1     5.7463     5.7561       4.02     0.0654     0.2429  1.000e-12  0.7281000    35.0225    35.0226     0.0001    27.4469    27.4470    199.036    199.374      0.460    1481.70    1481.70  0.000e+00
      22413    201.500     6.9256     6.9261     0.0005    3.53283    3.53288          1     5.7483     5.7630       3.46     0.0643     0.2105  1.000e-12  0.7271000    35.0226    35.0227     0.0001    27.4470    27.4470    199.531    199.870      0.303    1481.71    1481.71  0.000e+00
      23143    202.000     6.9254     6.9259     0.0005    3.53284    3.53289          1     5.7473     5.7590       2.99     0.0627     0.2027  1.000e-12  0.7186000    35.0226    35.0226    -0.0000    27.4471    27.4470    200.026    200.366      0.305    1481.71    1481.72  0.000e+00
      23507    202.500     6.9256     6.9260     0.0004    3.53286    3.53291          1     5.7417     5.7599       2.38     0.0644     0.2070  1.000e-12  0.7143000    35.0224    35.0226     0.0002    27.4469    27.4470    200.521    200.861      0.373    1481.72    1481.72  0.000e+00
      23558    203.000     6.9257     6.9261     0.0005    3.53290    3.53295          1     5.7416     5.7574       1.80     0.0540     0.2120  1.000e-12  0.7102000    35.0225    35.0226     0.0001    27.4469    27.4470    201.016    201.357      0.014    1481.73    1481.73  0.000e+00
