ctdpy/exports/archive_20191120_135557/received_data/SBE09_0827_20180303_0551_26_01_0349.cnv
* Sea-Bird SBE 9 Data File:
* FileName = D:\CTD_SBE911\DAT\26DA.2018.3.49.hex
* Software Version Seasave V 7.21d
* Temperature SN = 034757
* Conductivity SN = 041844
* Number of Bytes Per Scan = 48
* Number of Voltage Words = 5
* Number of Scans Averaged by the Deck Unit = 1
* NMEA Latitude = 56 41.90 N
* NMEA Longitude = 017 01.22 E
* NMEA UTC (Time) = Mar 03 2018  05:51:40
* NMEA baud rate = 4800
** Ship: DANA
** Average sound velocity: 1426.20 m/s
** True-depth calculation Tue, 02 Apr 2019 12:09:42 +0000
** CTD Python Module SMHI /ver 3-12/ feb 2012 
** LIMS Job: 20182601-0349
** Operator:
** Cruise: 02/2018
# nquan = 26
# nvalues = 130                         
# units = specified
# name 0 = scan: Scan Count
# name 1 = prDM: Pressure, Digiquartz [db]
# name 2 = t090C: Temperature [ITS-90, deg C]
# name 3 = t190C: Temperature, 2 [ITS-90, deg C]
# name 4 = T2-T190C: Temperature Difference, 2 - 1 [ITS-90, deg C]
# name 5 = c0S/m: Conductivity [S/m]
# name 6 = c1S/m: Conductivity, 2 [S/m]
# name 7 = pumps: Pump Status
# name 8 = sbeox1ML/L: Oxygen, SBE 43, 2 [ml/l]
# name 9 = sbeox0ML/L: Oxygen, SBE 43 [ml/l]
# name 10 = altM: Altimeter [m]
# name 11 = chloroflTC0: Chlorophyll, Turner Cyclops [ug/l]
# name 12 = cpar: CPAR/Corrected Irradiance [%]
# name 13 = par: PAR/Irradiance, Biospherical/Lico [µE/(cm^2*s)]
# name 14 = spar: SPAR, Biospherical/Licor
# name 15 = sal00: Salinity, Practical [PSU]
# name 16 = sal11: Salinity, Practical, 2 [PSU]
# name 17 = secS-priS: Salinity, Practical, Difference, 2 - 1 [PSU]
# name 18 = sigma-t00: Density [sigma-t, kg/m^3 ]
# name 19 = sigma-t11: Density, 2 [sigma-t, kg/m^3 ]
# name 20 = depSM: Depth [salt water, m], lat = 56.6983
# name 21 = depFM: Depth [true depth, m], lat = 56.6983
# name 22 = dz/dtM: Descent Rate [m/s], WS = 2
# name 23 = svCM: Sound Velocity [Chen-Millero, m/s]
# name 24 = svCM1: Sound Velocity, 2 [Chen-Millero, m/s]
# name 25 = flag: flag
# span 0 =          0,       6817       
# span 1 =      1.000,     65.500       
# span 2 =     2.8014,     2.8219       
# span 3 =     2.7993,     2.8217       
# span 4 =    -0.0049,     0.0053       
# span 5 =   0.742416,   0.743526       
# span 6 =   0.741571,   0.742785       
# span 7 =          1,          1       
# span 8 =     8.6300,     8.6702       
# span 9 =     8.5236,     8.5557       
# span 10 =       0.83,       9.98      
# span 11 =     0.0116,     0.0149      
# span 12 = -1.441e-05, 7.4237e+00      
# span 13 = -1.756e-06, 9.0458e-01      
# span 14 = 1.2185e+01, 1.4228e+01      
# span 15 =     7.2817,     7.2828      
# span 16 =     7.2736,     7.2743      
# span 17 =    -0.0089,    -0.0075      
# span 18 =     5.8066,     5.8076      
# span 19 =     5.8002,     5.8007      
# span 20 =      0.991,     64.890      
# span 21 =      1.013,     66.329      
# span 22 =     -0.110,      0.594      
# span 23 =    1425.64,    1426.73      
# span 24 =    1425.63,    1426.71      
# span 25 = 0.0000e+00, 0.0000e+00      
# interval = decibars: 0.5              
# start_time = Mar 03 2018 05:51:40 [NMEA time, first data scan]
# bad_flag = -9.990e-29
*END*
          0      1.000     2.8014     2.8016     0.0002    0.74242    0.74157          1     8.6546     8.5421       9.98     0.0121  7.424e+00  9.046e-01  1.219e+01     7.2828     7.2738    -0.0089     5.8076     5.8004      0.991      1.013     -0.110    1425.64    1425.63  0.000e+00
         27      1.500     2.8031     2.8016    -0.0014    0.74245    0.74158          1     8.6420     8.5411       9.98     0.0124  6.636e+00  8.087e-01  1.219e+01     7.2827     7.2738    -0.0088     5.8075     5.8004      1.486      1.519      0.243    1425.66    1425.64  0.000e+00
        169      2.000     2.8025     2.8016    -0.0009    0.74244    0.74158          1     8.6484     8.5429       9.98     0.0122  5.343e+00  6.511e-01  1.219e+01     7.2826     7.2738    -0.0088     5.8074     5.8004      1.982      2.025      0.357    1425.66    1425.65  0.000e+00
        283      2.500     2.8017     2.8011    -0.0005    0.74242    0.74158          1     8.6573     8.5419       9.98     0.0122  4.316e+00  5.259e-01  1.219e+01     7.2825     7.2738    -0.0087     5.8073     5.8004      2.477      2.532      0.427    1425.67    1425.65  0.000e+00
        316      3.000     2.8017     2.8009    -0.0007    0.74243    0.74158          1     8.6546     8.5388       9.98     0.0121  3.456e+00  4.211e-01  1.219e+01     7.2825     7.2738    -0.0088     5.8074     5.8004      2.972      3.038      0.336    1425.68    1425.66  0.000e+00
        364      3.500     2.8027     2.8018    -0.0009    0.74246    0.74160          1     8.6476     8.5460       9.98     0.0122  2.614e+00  3.185e-01  1.219e+01     7.2826     7.2738    -0.0088     5.8074     5.8004      3.468      3.544      0.203    1425.69    1425.67  0.000e+00
        427      4.000     2.8040     2.8019    -0.0021    0.74249    0.74162          1     8.6533     8.5453       9.98     0.0121  2.063e+00  2.514e-01  1.219e+01     7.2825     7.2739    -0.0087     5.8074     5.8005      3.963      4.051      0.227    1425.70    1425.68  0.000e+00
        471      4.500     2.8019     2.7993    -0.0026    0.74245    0.74157          1     8.6539     8.5492       9.98     0.0122  1.671e+00  2.036e-01  1.219e+01     7.2825     7.2739    -0.0086     5.8073     5.8005      4.459      4.557      0.277    1425.70    1425.68  0.000e+00
        517      5.000     2.8033     2.8026    -0.0007    0.74248    0.74163          1     8.6632     8.5418       9.98     0.0121  1.179e+00  1.436e-01  1.219e+01     7.2825     7.2737    -0.0088     5.8073     5.8003      4.954      5.063      0.263    1425.72    1425.70  0.000e+00
        560      5.500     2.8058     2.8018    -0.0040    0.74255    0.74164          1     8.6524     8.5454       9.98     0.0119  9.059e-01  1.104e-01  1.219e+01     7.2826     7.2739    -0.0087     5.8074     5.8004      5.450      5.570      0.275    1425.74    1425.71  0.000e+00
        614      6.000     2.8056     2.8008    -0.0049    0.74255    0.74163          1     8.6536     8.5464       9.98     0.0121  5.693e-01  6.937e-02  1.219e+01     7.2825     7.2739    -0.0086     5.8073     5.8005      5.945      6.076      0.211    1425.74    1425.71  0.000e+00
        666      6.500     2.8047     2.8010    -0.0037    0.74253    0.74163          1     8.6543     8.5434       9.98     0.0116  3.417e-01  4.163e-02  1.219e+01     7.2825     7.2739    -0.0086     5.8073     5.8004      6.440      6.582      0.246    1425.74    1425.72  0.000e+00
        712      7.000     2.8040     2.8026    -0.0014    0.74252    0.74168          1     8.6606     8.5454       9.98     0.0122  1.171e-01  1.426e-02  1.219e+01     7.2824     7.2739    -0.0085     5.8072     5.8004      6.936      7.089      0.341    1425.75    1425.73  0.000e+00
        742      7.500     2.8037     2.8021    -0.0016    0.74252    0.74167          1     8.6605     8.5472       9.98     0.0122  4.378e-03  5.334e-04  1.219e+01     7.2824     7.2739    -0.0086     5.8072     5.8004      7.431      7.595      0.360    1425.75    1425.74  0.000e+00
        810      8.000     2.8049     2.8015    -0.0034    0.74255    0.74168          1     8.6493     8.5497       9.98     0.0122 -1.441e-05 -1.756e-06  1.219e+01     7.2824     7.2740    -0.0084     5.8073     5.8006      7.927      8.101      0.274    1425.77    1425.74  0.000e+00
        852      8.500     2.8022     2.8047     0.0025    0.74249    0.74171          1     8.6436     8.5497       9.98     0.0122  8.207e-12  1.000e-12  1.219e+01     7.2823     7.2736    -0.0087     5.8072     5.8002      8.422      8.608      0.465    1425.76    1425.76  0.000e+00
        880      9.000     2.8052     2.8105     0.0053    0.74258    0.74188          1     8.6568     8.5550       9.98     0.0119  8.207e-12  1.000e-12  1.219e+01     7.2825     7.2740    -0.0086     5.8073     5.8005      8.917      9.114      0.320    1425.79    1425.80  0.000e+00
        948      9.500     2.8075     2.8067    -0.0008    0.74263    0.74180          1     8.6692     8.5357       9.98     0.0121  8.207e-12  1.000e-12  1.219e+01     7.2824     7.2739    -0.0085     5.8073     5.8004      9.413      9.620      0.263    1425.80    1425.79  0.000e+00
        990     10.000     2.8078     2.8077    -0.0001    0.74264    0.74182          1     8.6577     8.5340       9.98     0.0122  8.207e-12  1.000e-12  1.219e+01     7.2824     7.2738    -0.0086     5.8072     5.8004      9.908     10.127      0.269    1425.81    1425.80  0.000e+00
       1040     10.500     2.8083     2.8078    -0.0005    0.74265    0.74184          1     8.6582     8.5494       9.98     0.0122  8.207e-12  1.000e-12  1.219e+01     7.2824     7.2739    -0.0085     5.8072     5.8004     10.404     10.633      0.247    1425.82    1425.81  0.000e+00
       1084     11.000     2.8081     2.8074    -0.0007    0.74266    0.74183          1     8.6606     8.5427       9.98     0.0126  8.207e-12  1.000e-12  1.219e+01     7.2824     7.2739    -0.0085     5.8072     5.8004     10.899     11.139      0.289    1425.83    1425.82  0.000e+00
       1125     11.500     2.8084     2.8077    -0.0007    0.74267    0.74184          1     8.6629     8.5424       9.98     0.0125  8.207e-12  1.000e-12  1.219e+01     7.2824     7.2738    -0.0085     5.8072     5.8004     11.394     11.646      0.265    1425.84    1425.83  0.000e+00
       1187     12.000     2.8091     2.8079    -0.0012    0.74269    0.74185          1     8.6645     8.5456       9.98     0.0122  8.207e-12  1.000e-12  1.219e+01     7.2823     7.2738    -0.0085     5.8072     5.8004     11.890     12.152      0.206    1425.85    1425.83  0.000e+00
       1237     12.500     2.8085     2.8083    -0.0002    0.74268    0.74187          1     8.6564     8.5470       9.98     0.0119  8.207e-12  1.000e-12  1.219e+01     7.2823     7.2739    -0.0085     5.8072     5.8004     12.385     12.658      0.338    1425.86    1425.84  0.000e+00
       1269     13.000     2.8083     2.8074    -0.0009    0.74268    0.74186          1     8.6702     8.5374       9.98     0.0124  8.207e-12  1.000e-12  1.219e+01     7.2823     7.2738    -0.0084     5.8071     5.8004     12.881     13.165      0.335    1425.86    1425.85  0.000e+00
       1325     13.500     2.8082     2.8071    -0.0011    0.74268    0.74186          1     8.6641     8.5404       9.98     0.0122  8.207e-12  1.000e-12  1.219e+01     7.2823     7.2739    -0.0084     5.8071     5.8004     13.376     13.671      0.202    1425.87    1425.85  0.000e+00
       1388     14.000     2.8074     2.8068    -0.0006    0.74267    0.74186          1     8.6548     8.5399       9.98     0.0122  8.207e-12  1.000e-12  1.219e+01     7.2823     7.2738    -0.0084     5.8071     5.8004     13.871     14.177      0.330    1425.87    1425.86  0.000e+00
       1419     14.500     2.8074     2.8066    -0.0009    0.74267    0.74186          1     8.6538     8.5411       9.98     0.0122  8.207e-12  1.000e-12  1.219e+01     7.2822     7.2739    -0.0083     5.8071     5.8004     14.367     14.684      0.362    1425.88    1425.87  0.000e+00
       1459     15.000     2.8073     2.8057    -0.0016    0.74268    0.74185          1     8.6439     8.5459       9.98     0.0124  8.207e-12  1.000e-12  1.219e+01     7.2822     7.2739    -0.0084     5.8071     5.8004     14.862     15.190      0.226    1425.89    1425.87  0.000e+00
       1526     15.500     2.8069     2.8065    -0.0004    0.74267    0.74187          1     8.6556     8.5485       9.98     0.0125  8.207e-12  1.000e-12  1.219e+01     7.2822     7.2738    -0.0084     5.8071     5.8004     15.357     15.696      0.223    1425.90    1425.88  0.000e+00
       1577     16.000     2.8072     2.8062    -0.0009    0.74269    0.74187          1     8.6528     8.5506       9.98     0.0126  8.207e-12  1.000e-12  1.219e+01     7.2822     7.2739    -0.0084     5.8071     5.8004     15.853     16.203      0.226    1425.91    1425.89  0.000e+00
       1629     16.500     2.8072     2.8062    -0.0009    0.74270    0.74188          1     8.6600     8.5461       9.98     0.0122  8.207e-12  1.000e-12  1.219e+01     7.2822     7.2739    -0.0084     5.8071     5.8004     16.348     16.709      0.275    1425.91    1425.90  0.000e+00
       1664     17.000     2.8066     2.8062    -0.0004    0.74269    0.74188          1     8.6519     8.5308       9.98     0.0120  8.207e-12  1.000e-12  1.219e+01     7.2822     7.2738    -0.0084     5.8071     5.8004     16.844     17.215      0.366    1425.92    1425.90  0.000e+00
       1718     17.500     2.8072     2.8065    -0.0007    0.74270    0.74189          1     8.6534     8.5392       9.98     0.0123  8.207e-12  1.000e-12  1.219e+01     7.2822     7.2738    -0.0084     5.8070     5.8004     17.339     17.721      0.253    1425.93    1425.91  0.000e+00
       1789     18.000     2.8074     2.8065    -0.0009    0.74270    0.74190          1     8.6498     8.5405       9.98     0.0122  8.207e-12  1.000e-12  1.219e+01     7.2821     7.2738    -0.0083     5.8070     5.8004     17.834     18.228      0.406    1425.94    1425.92  0.000e+00
       1814     18.500     2.8069     2.8061    -0.0008    0.74270    0.74191          1     8.6496     8.5497       9.98     0.0122  8.207e-12  1.000e-12  1.219e+01     7.2821     7.2739    -0.0082     5.8070     5.8005     18.330     18.734      0.413    1425.94    1425.93  0.000e+00
       1860     19.000     2.8071     2.8063    -0.0008    0.74271    0.74190          1     8.6510     8.5465       9.98     0.0119  8.207e-12  1.000e-12  1.219e+01     7.2821     7.2738    -0.0083     5.8070     5.8004     18.825     19.240      0.218    1425.95    1425.93  0.000e+00
       1926     19.500     2.8071     2.8068    -0.0003    0.74272    0.74192          1     8.6621     8.5373       9.98     0.0123  8.207e-12  1.000e-12  1.219e+01     7.2821     7.2738    -0.0083     5.8070     5.8004     19.321     19.747      0.235    1425.96    1425.95  0.000e+00
       1972     20.000     2.8071     2.8067    -0.0003    0.74273    0.74193          1     8.6598     8.5379       9.98     0.0122  8.207e-12  1.000e-12  1.219e+01     7.2821     7.2738    -0.0083     5.8070     5.8004     19.816     20.253      0.299    1425.97    1425.96  0.000e+00
       2009     20.500     2.8074     2.8068    -0.0006    0.74274    0.74194          1     8.6642     8.5544       9.98     0.0125  8.207e-12  1.000e-12  1.219e+01     7.2821     7.2738    -0.0083     5.8070     5.8004     20.311     20.759      0.304    1425.98    1425.96  0.000e+00
       2063     21.000     2.8077     2.8066    -0.0011    0.74275    0.74194          1     8.6662     8.5496       9.98     0.0123  8.207e-12  1.000e-12  1.219e+01     7.2821     7.2738    -0.0083     5.8070     5.8004     20.807     21.266      0.214    1425.99    1425.97  0.000e+00
       2114     21.500     2.8072     2.8069    -0.0004    0.74274    0.74195          1     8.6571     8.5509       9.98     0.0131  8.207e-12  1.000e-12  1.219e+01     7.2820     7.2738    -0.0082     5.8069     5.8004     21.302     21.772      0.276    1425.99    1425.98  0.000e+00
       2163     22.000     2.8079     2.8078    -0.0000    0.74277    0.74198          1     8.6594     8.5359       9.98     0.0124  8.207e-12  1.000e-12  1.219e+01     7.2821     7.2738    -0.0083     5.8070     5.8003     21.797     22.278      0.220    1426.00    1425.99  0.000e+00
       2211     22.500     2.8092     2.8112     0.0020    0.74281    0.74207          1     8.6670     8.5447       9.98     0.0123  8.207e-12  1.000e-12  1.219e+01     7.2822     7.2739    -0.0083     5.8070     5.8004     22.293     22.785      0.328    1426.02    1426.01  0.000e+00
       2246     23.000     2.8120     2.8125     0.0005    0.74289    0.74210          1     8.6532     8.5465       9.98     0.0122  8.207e-12  1.000e-12  1.219e+01     7.2823     7.2739    -0.0084     5.8071     5.8004     22.788     23.291      0.285    1426.04    1426.03  0.000e+00
       2304     23.500     2.8142     2.8137    -0.0005    0.74295    0.74216          1     8.6493     8.5310       9.98     0.0120  8.207e-12  1.000e-12  1.219e+01     7.2823     7.2741    -0.0082     5.8071     5.8006     23.283     23.797      0.200    1426.06    1426.04  0.000e+00
       2357     24.000     2.8154     2.8146    -0.0008    0.74299    0.74219          1     8.6534     8.5386       9.98     0.0123  8.184e-12  1.000e-12  1.222e+01     7.2825     7.2742    -0.0083     5.8072     5.8006     23.779     24.304      0.243    1426.07    1426.06  0.000e+00
       2403     24.500     2.8160     2.8144    -0.0015    0.74301    0.74219          1     8.6629     8.5557       9.98     0.0126  8.142e-12  1.000e-12  1.230e+01     7.2824     7.2742    -0.0082     5.8072     5.8006     24.274     24.810      0.318    1426.08    1426.06  0.000e+00
       2436     25.000     2.8152     2.8145    -0.0007    0.74299    0.74220          1     8.6656     8.5388       9.98     0.0121  8.205e-12  1.000e-12  1.219e+01     7.2824     7.2742    -0.0082     5.8072     5.8006     24.770     25.316      0.333    1426.08    1426.07  0.000e+00
       2498     25.500     2.8148     2.8141    -0.0006    0.74298    0.74220          1     8.6583     8.5464       9.98     0.0123  8.036e-12  1.000e-12  1.248e+01     7.2823     7.2742    -0.0081     5.8071     5.8006     25.265     25.823      0.207    1426.09    1426.08  0.000e+00
       2562     26.000     2.8135     2.8128    -0.0007    0.74295    0.74216          1     8.6519     8.5505       9.98     0.0122  7.813e-12  1.000e-12  1.287e+01     7.2822     7.2740    -0.0082     5.8070     5.8005     25.760     26.329      0.403    1426.09    1426.08  0.000e+00
       2584     26.500     2.8136     2.8134    -0.0002    0.74296    0.74219          1     8.6455     8.5482       9.98     0.0122  7.777e-12  1.000e-12  1.293e+01     7.2822     7.2741    -0.0081     5.8070     5.8006     26.256     26.835      0.520    1426.10    1426.09  0.000e+00
       2619     27.000     2.8140     2.8132    -0.0008    0.74297    0.74219          1     8.6502     8.5440       9.98     0.0122  7.749e-12  1.000e-12  1.298e+01     7.2821     7.2741    -0.0081     5.8070     5.8005     26.751     27.342      0.364    1426.11    1426.09  0.000e+00
       2714     27.500     2.8138     2.8129    -0.0009    0.74297    0.74218          1     8.6516     8.5338       9.98     0.0119  7.422e-12  1.000e-12  1.354e+01     7.2822     7.2741    -0.0081     5.8070     5.8005     27.246     27.848      0.445    1426.12    1426.10  0.000e+00
       2734     28.000     2.8145     2.8129    -0.0016    0.74300    0.74220          1     8.6579     8.5383       9.98     0.0121  7.481e-12  1.000e-12  1.344e+01     7.2822     7.2741    -0.0081     5.8070     5.8006     27.742     28.354      0.536    1426.13    1426.11  0.000e+00
