ctdpy/exports/archive_20191120_135557/received_data/SBE09_1044_20180319_2321_34_02_0073.cnv
* Sea-Bird SBE 9 Data File:
* FileName = C:\ctd\temp\2018\ME18D073.hex
* Software Version Seasave V 7.26.6.26
* Temperature SN = 5351
* Conductivity SN = 3941
* Number of Bytes Per Scan = 41
* Number of Voltage Words = 4
* Number of Scans Averaged by the Deck Unit = 1
* NMEA Latitude = 58 18.90 N
* NMEA Longitude = 010 56.55 E
* NMEA UTC (Time) = Mar 19 2018  23:21:38
* NMEA baud rate = 4800
** Station:  Å14
** Operator:  OBac
** Ship: MERI
** Average sound velocity: 1472.33 m/s
** True-depth calculation Mon, 19 Mar 2018 23:48:00 +0000
** CTD Python Module SMHI /ver 3-12/ feb 2012 
** LIMS Job: 20183402-0073
** Cruise: SMHI-02-2018
** Latitude [GG MM.mm N] :
** Longitude [GG MM.mm E]:
# nquan = 26
# nvalues = 213                         
# units = specified
# name 0 = scan: Scan Count
# name 1 = prDM: Pressure, Digiquartz [db]
# name 2 = t090C: Temperature [ITS-90, deg C]
# name 3 = t190C: Temperature, 2 [ITS-90, deg C]
# name 4 = T2-T190C: Temperature Difference, 2 - 1 [ITS-90, deg C]
# name 5 = c0S/m: Conductivity [S/m]
# name 6 = c1S/m: Conductivity, 2 [S/m]
# name 7 = pumps: Pump Status
# name 8 = sbeox0ML/L: Oxygen, SBE 43 [ml/l]
# name 9 = sbeox1ML/L: Oxygen, SBE 43, 2 [ml/l]
# name 10 = altM: Altimeter [m]
# name 11 = flECO-AFL: Chl-a Fluorescence, WET Labs ECO-AFL/FL [mg/m^3]
# name 12 = flECO-AFL1: Phycocyanin Fluorescence, WET Labs ECO-AFL/FL, 2 [mg/m^3]
# name 13 = par: PAR/Irradiance, Biospherical/Lico [µE/(cm^2*s)]
# name 14 = turbWETntu0: Turbidity, WET Labs ECO [NTU]
# name 15 = sal00: Salinity, Practical [PSU]
# name 16 = sal11: Salinity, Practical, 2 [PSU]
# name 17 = secS-priS: Salinity, Practical, Difference, 2 - 1 [PSU]
# name 18 = sigma-t00: Density [sigma-t, Kg/m^3 ]
# name 19 = sigma-t11: Density, 2 [sigma-t, Kg/m^3 ]
# name 20 = depSM: Depth [salt water, m], lat = 58.315
# name 21 = depFM: Depth [true depth, m], lat = 58.315
# name 22 = dz/dtM: Descent Rate [m/s], WS = 2
# name 23 = svCM: Sound Velocity [Chen-Millero, m/s]
# name 24 = svCM1: Sound Velocity, 2 [Chen-Millero, m/s]
# name 25 = flag: flag
# span 0 =       8610,      14062       
# span 1 =      1.000,    107.000       
# span 2 =     0.0038,     7.2937       
# span 3 =     0.0081,     7.2936       
# span 4 =    -0.0234,     0.0127       
# span 5 =   2.145397,   3.552206       
# span 6 =   2.145467,   3.552470       
# span 7 =          1,          1       
# span 8 =    5.62862,    9.13943       
# span 9 =    5.64798,    9.18089       
# span 10 =       4.23,      98.77      
# span 11 =     0.0272,    13.2638      
# span 12 =     0.1579,     3.3161      
# span 13 = -1.451e-06, 3.5513e-01      
# span 14 =     0.3086,     1.7649      
# span 15 =    25.0835,    35.0277      
# span 16 =    25.0834,    35.0281      
# span 17 =    -0.0450,     0.0332      
# span 18 =    20.1074,    27.4453      
# span 19 =    20.1073,    27.4454      
# span 20 =      0.991,    105.978      
# span 21 =      0.998,    106.205      
# span 22 =     -0.053,      0.766      
# span 23 =    1436.00,    1480.67      
# span 24 =    1436.01,    1480.68      
# span 25 = 0.0000e+00, 0.0000e+00      
# interval = decibars: 0.5              
# start_time = Mar 19 2018 23:21:38 [NMEA time, first data scan]
# bad_flag = -9.990e-29
*END*
[from data line 112]
      11287     57.000     7.2680     7.2683     0.0003    3.54873    3.54878          1     5.7891     5.7957      54.53     0.0527     0.2174  1.000e-12  0.3916000    34.9223    34.9226     0.0003    27.3199    27.3201     56.463     56.637      0.492    1480.53    1480.53  0.000e+00
      11313     57.500     7.2537     7.2533    -0.0004    3.54776    3.54776          1     5.7884     5.7982      53.98     0.0272     0.2028  1.000e-12  0.3773000    34.9259    34.9263     0.0004    27.3247    27.3251     56.958     57.133      0.488    1480.49    1480.49  0.000e+00
      11336     58.000     7.2534     7.2536     0.0002    3.54818    3.54824          1     5.7838     5.7919      53.50     0.0342     0.1840  1.000e-12  0.3811000    34.9305    34.9309     0.0005    27.3284    27.3288     57.453     57.629      0.525    1480.50    1480.50  0.000e+00
      11358     58.500     7.2507     7.2506    -0.0001    3.54811    3.54818          1     5.7737     5.7854      52.95     0.0655     0.2218  1.000e-12  0.3709000    34.9322    34.9330     0.0008    27.3301    27.3308     57.948     58.124      0.564    1480.50    1480.50  0.000e+00
      11379     59.000     7.2444     7.2439    -0.0004    3.54785    3.54784          1     5.7708     5.7803      52.47     0.0376     0.2218  1.000e-12  0.3921000    34.9356    34.9359     0.0003    27.3337    27.3341     58.443     58.620      0.606    1480.49    1480.49  0.000e+00
      11398     59.500     7.2243     7.2245     0.0001    3.54596    3.54601          1     5.7664     5.7786      52.02     0.0457     0.1811  1.000e-12  0.3977000    34.9348    34.9353     0.0005    27.3360    27.3363     58.939     59.116      0.625    1480.42    1480.42  0.000e+00
      11417     60.000     7.2008     7.2007    -0.0001    3.54378    3.54382          1     5.7591     5.7790      51.52     0.0720     0.2037  1.000e-12  0.3955000    34.9345    34.9351     0.0005    27.3390    27.3395     59.434     59.612      0.596    1480.34    1480.34  0.000e+00
      11439     60.500     7.1828     7.1829     0.0002    3.54204    3.54209          1     5.7604     5.7833      51.02     0.0367     0.2210  1.000e-12  0.4051000    34.9335    34.9338     0.0003    27.3408    27.3410     59.929     60.107      0.525    1480.27    1480.27  0.000e+00
      11463     61.000     7.1752     7.1754     0.0003    3.54140    3.54145          1     5.7671     5.7851      50.44     0.0363     0.2072  1.000e-12  0.4301000    34.9339    34.9342     0.0003    27.3422    27.3424     60.424     60.603      0.474    1480.25    1480.25  0.000e+00
      11489     61.500     7.1697     7.1702     0.0005    3.54113    3.54121          1     5.7707     5.7831      49.92     0.0376     0.2100  1.000e-12  0.4308000    34.9362    34.9365     0.0003    27.3448    27.3449     60.919     61.099      0.472    1480.24    1480.24  0.000e+00
      11514     62.000     7.1648     7.1651     0.0003    3.54099    3.54104          1     5.7672     5.7763      49.53     0.0359     0.2263  1.000e-12  0.4428000    34.9393    34.9396     0.0003    27.3479    27.3481     61.415     61.594      0.512    1480.23    1480.24  0.000e+00
      11536     62.500     7.1611     7.1613     0.0003    3.54097    3.54102          1     5.7562     5.7691      49.20     0.0636     0.2209  1.000e-12  0.4701000    34.9427    34.9430     0.0004    27.3511    27.3513     61.910     62.090      0.594    1480.23    1480.23  0.000e+00
      11555     63.000     7.1612     7.1611    -0.0001    3.54132    3.54135          1     5.7525     5.7632      48.69     0.0533     0.1825  1.000e-12  0.4870000    34.9461    34.9466     0.0005    27.3538    27.3541     62.405     62.586      0.671    1480.25    1480.25  0.000e+00
      11572     63.500     7.1621     7.1621    -0.0000    3.54162    3.54167          1     5.7519     5.7649      48.15     0.0436     0.1931  1.000e-12  0.5009000    34.9483    34.9488     0.0005    27.3554    27.3558     62.900     63.081      0.699    1480.26    1480.26  0.000e+00
      11589     64.000     7.1622     7.1622     0.0000    3.54191    3.54196          1     5.7498     5.7658      47.60     0.0354     0.2192  1.000e-12  0.5317000    34.9511    34.9516     0.0005    27.3575    27.3579     63.395     63.577      0.657    1480.27    1480.27  0.000e+00
      11609     64.500     7.1625     7.1626     0.0001    3.54226    3.54231          1     5.7476     5.7625      47.04     0.0526     0.2249  1.000e-12  0.5085000    34.9544    34.9549     0.0005    27.3601    27.3605     63.891     64.073      0.537    1480.29    1480.29  0.000e+00
      11636     65.000     7.1617     7.1619     0.0002    3.54249    3.54253          1     5.7390     5.7554      46.42     0.0729     0.2262  1.000e-12  0.4942000    34.9575    34.9578     0.0003    27.3627    27.3629     64.386     64.569      0.389    1480.30    1480.30  0.000e+00
      11669     65.500     7.1617     7.1618     0.0001    3.54264    3.54268          1     5.7286     5.7483      45.68     0.0505     0.2227  1.000e-12  0.4922000    34.9588    34.9592     0.0004    27.3637    27.3640     64.881     65.064      0.427    1480.31    1480.31  0.000e+00
      11693     66.000     7.1611     7.1611     0.0000    3.54269    3.54275          1     5.7321     5.7449      45.36     0.0582     0.2070  1.000e-12  0.4856000    34.9597    34.9604     0.0006    27.3645    27.3650     65.376     65.560      0.594    1480.31    1480.31  0.000e+00
      11711     66.500     7.1616     7.1616    -0.0000    3.54289    3.54293          1     5.7342     5.7369      45.00     0.0488     0.2191  1.000e-12  0.4949000    34.9612    34.9617     0.0005    27.3656    27.3660     65.871     66.056      0.706    1480.32    1480.32  0.000e+00
      11727     67.000     7.1667     7.1662    -0.0006    3.54365    3.54362          1     5.7322     5.7291      44.63     0.0489     0.2304  1.000e-12  0.4987000    34.9641    34.9643     0.0002    27.3671    27.3674     66.367     66.551      0.726    1480.36    1480.35  0.000e+00
      11744     67.500     7.1768     7.1770     0.0002    3.54491    3.54499          1     5.7340     5.7293      44.16     0.0582     0.2694  1.000e-12  0.5033000    34.9674    34.9681     0.0007    27.3684    27.3689     66.862     67.047      0.658    1480.41    1480.41  0.000e+00
      11764     68.000     7.1921     7.1913    -0.0008    3.54677    3.54679          1     5.7324     5.7294      43.66     0.0395     0.2615  1.000e-12  0.5166000    34.9722    34.9731     0.0010    27.3699    27.3708     67.357     67.543      0.538    1480.48    1480.48  0.000e+00
      11789     68.500     7.2308     7.2317     0.0009    3.55156    3.55178          1     5.7089     5.7122      43.06     0.0419     0.2024  1.000e-12  0.5252000    34.9851    34.9867     0.0016    27.3747    27.3758     67.852     68.039      0.462    1480.65    1480.66  0.000e+00
      11815     69.000     7.2311     7.2337     0.0025    3.55221    3.55247          1     5.6998     5.7033      42.52     0.0477     0.2644  1.000e-12  0.4949000    34.9917    34.9920     0.0003    27.3798    27.3796     68.347     68.534      0.499    1480.67    1480.68  0.000e+00
      11837     69.500     7.1851     7.1871     0.0021    3.54810    3.54832          1     5.6937     5.7019      41.49     0.0404     0.2665  1.000e-12  0.5176000    34.9931    34.9934     0.0003    27.3874    27.3874     68.843     69.030      0.555    1480.50    1480.51  0.000e+00
      11858     70.000     7.1782     7.1754    -0.0027    3.54781    3.54760          1     5.6840     5.6960      41.25     0.0370     0.2154  1.000e-12  0.5553000    34.9966    34.9971     0.0005    27.3911    27.3919     69.338     69.526      0.564    1480.49    1480.48  0.000e+00
      11880     70.500     7.1375     7.1384     0.0008    3.54420    3.54427          1     5.6855     5.7117      40.73     0.0369     0.1748  1.000e-12  0.5805000    34.9980    34.9979    -0.0001    27.3980    27.3978     69.833     70.021      0.515    1480.34    1480.35  0.000e+00
      11905     71.000     7.1027     7.1028     0.0001    3.54078    3.54083          1     5.6933     5.7244      40.31     0.0451     0.2277  1.000e-12  0.5834000    34.9955    34.9960     0.0005    27.4009    27.4013     70.328     70.517      0.482    1480.21    1480.21  0.000e+00
      11929     71.500     7.1012     7.1004    -0.0008    3.54091    3.54087          1     5.7019     5.7149      39.90     0.0557     0.2207  1.000e-12  0.6008000    34.9983    34.9986     0.0004    27.4033    27.4037     70.823     71.013      0.560    1480.22    1480.22  0.000e+00
      11949     72.000     7.0980     7.0986     0.0006    3.54083    3.54093          1     5.7061     5.7157      39.49     0.0437     0.1792  1.000e-12  0.5988000    35.0003    35.0008     0.0005    27.4054    27.4057     71.319     71.508      0.656    1480.22    1480.22  0.000e+00
      11966     72.500     7.0896     7.0909     0.0013    3.54011    3.54025          1     5.7081     5.7244      39.11     0.0391     0.1769  1.000e-12  0.5841000    35.0007    35.0009     0.0003    27.4068    27.4068     71.814     72.004      0.693    1480.19    1480.20  0.000e+00
      11983     73.000     7.0813     7.0821     0.0008    3.53944    3.53955          1     5.7086     5.7234      38.63     0.0344     0.1767  1.000e-12  0.5872000    35.0015    35.0019     0.0004    27.4086    27.4089     72.309     72.500      0.656    1480.17    1480.18  0.000e+00
      12003     73.500     7.0747     7.0746    -0.0001    3.53898    3.53902          1     5.7062     5.7183      38.03     0.0404     0.1618  1.000e-12  0.5985000    35.0029    35.0035     0.0006    27.4107    27.4111     72.804     72.995      0.561    1480.16    1480.16  0.000e+00
      12027     74.000     7.0651     7.0651     0.0001    3.53812    3.53817          1     5.7075     5.7224      37.44     0.0659     0.2490  1.000e-12  0.6006000    35.0031    35.0035     0.0005    27.4122    27.4125     73.299     73.491      0.462    1480.13    1480.13  0.000e+00
      12055     74.500     7.0617     7.0619     0.0002    3.53784    3.53788          1     5.7119     5.7275      36.93     0.0588     0.2446  1.000e-12  0.6258000    35.0030    35.0032     0.0002    27.4126    27.4127     73.794     73.987      0.413    1480.12    1480.12  0.000e+00
      12084     75.000     7.0612     7.0612     0.0000    3.53797    3.53799          1     5.7068     5.7180      36.41     0.0593     0.2070  1.000e-12  0.6459000    35.0048    35.0050     0.0002    27.4141    27.4142     74.290     74.482      0.463    1480.13    1480.13  0.000e+00
      12107     75.500     7.0605     7.0606     0.0001    3.53830    3.53835          1     5.6963     5.7083      35.91     0.0436     0.2207  1.000e-12  0.6372000    35.0088    35.0093     0.0005    27.4174    27.4177     74.785     74.978      0.598    1480.14    1480.14  0.000e+00
      12125     76.000     7.0569     7.0569     0.0000    3.53817    3.53823          1     5.6953     5.6983      35.46     0.0455     0.2323  1.000e-12  0.6619000    35.0108    35.0115     0.0007    27.4194    27.4200     75.280     75.474      0.714    1480.14    1480.14  0.000e+00
      12141     76.500     7.0433     7.0427    -0.0006    3.53693    3.53689          1     5.6926     5.6914      35.02     0.0502     0.2412  1.000e-12  0.7176000    35.0108    35.0109     0.0001    27.4213    27.4215     75.775     75.969      0.760    1480.09    1480.09  0.000e+00
      12157     77.000     7.0481     7.0496     0.0015    3.53753    3.53775          1     5.6917     5.6975      34.56     0.0550     0.2197  1.000e-12  0.7601000    35.0122    35.0131     0.0009    27.4217    27.4223     76.270     76.465      0.723    1480.12    1480.13  0.000e+00
      12175     77.500     7.0502     7.0509     0.0008    3.53783    3.53795          1     5.6955     5.7088      34.03     0.0454     0.2144  1.000e-12  0.7647000    35.0132    35.0137     0.0005    27.4222    27.4225     76.765     76.961      0.583    1480.14    1480.14  0.000e+00
      12202     78.000     7.0486     7.0496     0.0010    3.53776    3.53790          1     5.7016     5.7119      33.40     0.0758     0.2473  1.000e-12  0.7103000    35.0138    35.0143     0.0005    27.4229    27.4231     77.261     77.457      0.377    1480.14    1480.15  0.000e+00
      12237     78.500     7.0396     7.0412     0.0017    3.53704    3.53721          1     5.6942     5.6944      32.72     0.1365     0.2034  1.000e-12  0.6497000    35.0147    35.0150     0.0003    27.4249    27.4249     77.756     77.952      0.404    1480.12    1480.12  0.000e+00
      12262     79.000     7.0300     7.0306     0.0006    3.53633    3.53642          1     5.6862     5.6876      32.19     0.0429     0.2582  1.000e-12  0.6697000    35.0165    35.0168     0.0003    27.4276    27.4278     78.251     78.448      0.604    1480.09    1480.09  0.000e+00
      12279     79.500     7.0278     7.0279     0.0001    3.53618    3.53625          1     5.6887     5.6959      31.92     0.0443     0.2588  1.000e-12  0.7102000    35.0168    35.0174     0.0006    27.4282    27.4287     78.746     78.944      0.728    1480.09    1480.09  0.000e+00
      12295     80.000     7.0274     7.0276     0.0002    3.53619    3.53625          1     5.6899     5.7016      31.56     0.0558     0.2421  1.000e-12  0.7204000    35.0171    35.0175     0.0004    27.4285    27.4288     79.241     79.439      0.766    1480.10    1480.10  0.000e+00
      12310     80.500     7.0285     7.0285     0.0001    3.53645    3.53649          1     5.6830     5.7014      31.12     0.0550     0.2265  1.000e-12  0.7288000    35.0185    35.0189     0.0004    27.4295    27.4298     79.736     79.935      0.731    1480.11    1480.11  0.000e+00
      12328     81.000     7.0290     7.0293     0.0003    3.53662    3.53669          1     5.6753     5.7042      30.62     0.0553     0.2076  1.000e-12  0.7280000    35.0197    35.0201     0.0005    27.4303    27.4306     80.231     80.431      0.623    1480.12    1480.13  0.000e+00
      12351     81.500     7.0221     7.0226     0.0006    3.53600    3.53609          1     5.6748     5.7052      29.97     0.0563     0.1879  1.000e-12  0.7279000    35.0195    35.0199     0.0004    27.4312    27.4314     80.727     80.926      0.433    1480.10    1480.11  0.000e+00
      12386     82.000     7.0133     7.0154     0.0021    3.53521    3.53544          1     5.6800     5.7043      29.15     0.0455     0.2378  1.000e-12  0.7429000    35.0195    35.0200     0.0005    27.4323    27.4324     81.222     81.422      0.361    1480.08    1480.09  0.000e+00
      12413     82.500     7.0099     7.0103     0.0005    3.53498    3.53504          1     5.6696     5.6967      28.60     0.0381     0.2287  1.000e-12  0.7646000    35.0203    35.0205     0.0002    27.4335    27.4335     81.717     81.918      0.550    1480.08    1480.08  0.000e+00
      12432     83.000     7.0102     7.0108     0.0006    3.53504    3.53517          1     5.6672     5.6917      28.26     0.0485     0.2270  1.000e-12  0.7960000    35.0203    35.0211     0.0008    27.4334    27.4340     82.212     82.413      0.679    1480.09    1480.09  0.000e+00
      12449     83.500     7.0113     7.0117     0.0003    3.53522    3.53529          1     5.6679     5.6952      27.81     0.0326     0.2207  1.000e-12  0.7952000    35.0209    35.0213     0.0005    27.4337    27.4340     82.707     82.909      0.720    1480.10    1480.10  0.000e+00
      12465     84.000     7.0132     7.0131    -0.0001    3.53547    3.53550          1     5.6746     5.6979      27.30     0.0351     0.2023  1.000e-12  0.7948000    35.0215    35.0220     0.0004    27.4340    27.4343     83.202     83.405      0.684    1480.11    1480.12  0.000e+00
