ctdpy/exports/archive_20191120_135557/received_data/SBE09_0827_20180906_0358_26_01_0966.cnv
* Sea-Bird SBE 9 Data File:
* FileName = D:\CTD_SBE911\DAT\26DA.2018.9.16.hex
* Software Version Seasave V 7.21d
* Temperature SN = 034605
* Conductivity SN = 041844
* Number of Bytes Per Scan = 48
* Number of Voltage Words = 5
* Number of Scans Averaged by the Deck Unit = 1
* NMEA Latitude = 55 37.06 N
* NMEA Longitude = 014 52.06 E
* NMEA UTC (Time) = Sep 06 2018  04:00:46
* NMEA baud rate = 4800
** Ship: DANA
** Average sound velocity: 1462.80 m/s
** True-depth calculation Wed, 03 Apr 2019 09:31:06 +0000
** CTD Python Module SMHI /ver 3-12/ feb 2012 
** LIMS Job: 20182601-0966
**  HANØBUKTEN
** Operator: Christian
** Cruise: 09/2018
# nquan = 26
# nvalues = 150                         
# units = specified
# name 0 = scan: Scan Count
# name 1 = prDM: Pressure, Digiquartz [db]
# name 2 = t090C: Temperature [ITS-90, deg C]
# name 3 = t190C: Temperature, 2 [ITS-90, deg C]
# name 4 = T2-T190C: Temperature Difference, 2 - 1 [ITS-90, deg C]
# name 5 = c0S/m: Conductivity [S/m]
# name 6 = c1S/m: Conductivity, 2 [S/m]
# name 7 = pumps: Pump Status
# name 8 = sbeox1ML/L: Oxygen, SBE 43, 2 [ml/l]
# name 9 = sbeox0ML/L: Oxygen, SBE 43 [ml/l]
# name 10 = altM: Altimeter [m]
# name 11 = chloroflTC0: Chlorophyll, Turner Cyclops [ug/l]
# name 12 = cpar: CPAR/Corrected Irradiance [%]
# name 13 = par: PAR/Irradiance, Biospherical/Lico [µE/(cm^2*s)]
# name 14 = spar: SPAR, Biospherical/Licor
# name 15 = sal00: Salinity, Practical [PSU]
# name 16 = sal11: Salinity, Practical, 2 [PSU]
# name 17 = secS-priS: Salinity, Practical, Difference, 2 - 1 [PSU]
# name 18 = sigma-t00: Density [sigma-t, kg/m^3 ]
# name 19 = sigma-t11: Density, 2 [sigma-t, kg/m^3 ]
# name 20 = depSM: Depth [salt water, m], lat = 55.6177
# name 21 = depFM: Depth [true depth, m], lat = 55.6177
# name 22 = dz/dtM: Descent Rate [m/s], WS = 2
# name 23 = svCM: Sound Velocity [Chen-Millero, m/s]
# name 24 = svCM1: Sound Velocity, 2 [Chen-Millero, m/s]
# name 25 = flag: flag
# span 0 =        196,       8652       
# span 1 =      1.500,     76.000       
# span 2 =     3.7913,    18.4726       
# span 3 =     3.9213,    18.4724       
# span 4 =    -1.3008,     3.4006       
# span 5 =   0.805942,   1.811267       
# span 6 =   0.808640,   1.772804       
# span 7 =          1,          1       
# span 8 =     0.0668,     7.3173       
# span 9 =     0.0498,     7.5494       
# span 10 =       0.97,       9.98      
# span 11 =     0.0438,     0.2859      
# span 12 = 1.2249e-11, 2.4620e-11      
# span 13 = 1.0000e-12, 1.0000e-12      
# span 14 = 4.0617e+00, 8.1533e+00      
# span 15 =     7.4738,    16.2451      
# span 16 =     7.4865,    16.2372      
# span 17 =    -0.9193,     0.0950      
# span 18 =     4.2176,    12.6640      
# span 19 =     4.2142,    12.6576      
# span 20 =      1.486,     75.297      
# span 21 =      1.521,     76.855      
# span 22 =     -0.125,      0.306      
# span 23 =    1431.29,    1486.44      
# span 24 =    1431.90,    1486.44      
# span 25 = 0.0000e+00, 0.0000e+00      
# interval = decibars: 0.5              
# start_time = Sep 06 2018 04:00:46 [NMEA time, first data scan]
# bad_flag = -9.990e-29
*END*
[from data line 112]
       5475     57.500    11.6585    11.5472    -0.1115    1.57902    1.53469          1     3.6802     3.3291       9.97     0.0440  1.641e-11  1.000e-12  6.093e+00    12.7146    12.3644    -0.3502     9.3935     9.1383     56.971     58.225      0.246    1470.00    1469.17  0.000e+00
       5526     58.000    11.6839    11.6012    -0.0826    1.59575    1.54945          1     3.6006     3.2476       9.97     0.0456  1.641e-11  1.000e-12  6.093e+00    12.8522    12.4754    -0.3767     9.4962     9.2166     57.466     58.729      0.241    1470.26    1469.51  0.000e+00
       5573     58.500    11.7568    11.6260    -0.1308    1.61044    1.56354          1     3.5420     3.1907       9.97     0.0454  1.641e-11  1.000e-12  6.093e+00    12.9553    12.5901    -0.3652     9.5656     9.3018     57.961     59.234      0.270    1470.66    1469.74  0.000e+00
       5616     59.000    11.7250    11.6827    -0.0423    1.61623    1.58290          1     3.4753     3.1223       9.97     0.0449  1.641e-11  1.000e-12  6.093e+00    13.0169    12.7400    -0.2769     9.6177     9.4097     58.457     59.738      0.259    1470.63    1470.14  0.000e+00
       5669     59.500    11.7247    11.6927    -0.0321    1.62739    1.59672          1     3.3616     3.0323       9.97     0.0463  1.641e-11  1.000e-12  6.093e+00    13.1145    12.8574    -0.2571     9.6932     9.4991     58.952     60.242      0.239    1470.75    1470.32  0.000e+00
       5711     60.000    11.8434    11.7043    -0.1391    1.65647    1.60858          1     3.3002     2.8908       9.97     0.0458  1.641e-11  1.000e-12  6.093e+00    13.3270    12.9570    -0.3700     9.8404     9.5743     59.447     60.747      0.294    1471.44    1470.49  0.000e+00
       5759     60.500    11.8215    11.7694    -0.0522    1.65878    1.63178          1     3.1991     2.8578       9.97     0.0458  1.641e-11  1.000e-12  6.093e+00    13.3549    13.1371    -0.2177     9.8651     9.7043     59.943     61.251      0.225    1471.41    1470.96  0.000e+00
       5808     61.000    11.7293    11.7787     0.0494    1.66872    1.63959          1     3.1066     2.5831       9.97     0.0467  1.641e-11  1.000e-12  6.093e+00    13.4752    13.2021    -0.2731     9.9712     9.7532     60.438     61.755      0.279    1471.22    1471.08  0.000e+00
       5851     61.500    11.5108    11.7563     0.2451    1.70149    1.64937          1     3.0499     2.1635       9.97     0.0456  1.641e-11  1.000e-12  6.093e+00    13.8440    13.2956    -0.5484    10.2873     9.8286     60.933     62.260      0.257    1470.86    1471.11  0.000e+00
       5902     62.000    11.4639    11.6766     0.2137    1.76409    1.66910          1     2.8738     1.6176       9.97     0.0465  1.641e-11  1.000e-12  6.093e+00    14.4166    13.4972    -0.9193    10.7361     9.9958     61.429     62.764      0.244    1471.38    1471.07  0.000e+00
       5947     62.500    10.0778    11.5294     1.4512    1.69421    1.69374          1     2.6828     1.4208       9.97     0.0462  1.641e-11  1.000e-12  6.093e+00    14.3265    13.7686    -0.5579    10.8517    10.2263     61.924     63.267      0.272    1466.09    1470.86  0.000e+00
       5992     63.000     9.1310    11.1686     2.0371    1.65029    1.70356          1     2.3846     0.9265       9.97     0.0461  1.641e-11  1.000e-12  6.093e+00    14.2937    13.9904    -0.3033    10.9390    10.4481     62.419     63.771      0.250    1462.41    1469.80  0.000e+00
       6041     63.500     8.7768    10.4640     1.6877    1.65466    1.69848          1     2.0746     0.5679       9.97     0.0468  1.641e-11  1.000e-12  6.093e+00    14.4777    14.2146    -0.2631    11.1224    10.7156     62.915     64.275      0.259    1461.26    1467.44  0.000e+00
       6087     64.000     9.3817     9.9529     0.5714    1.71829    1.68831          1     1.7085     0.3151       9.97     0.0487  1.641e-11  1.000e-12  6.093e+00    14.8301    14.3215    -0.5086    11.3276    10.8634     63.410     64.778      0.248    1464.05    1465.64  0.000e+00
       6134     64.500     9.0276     9.6678     0.6393    1.71543    1.69558          1     1.3359     0.2843       9.97     0.0486  1.641e-11  1.000e-12  6.093e+00    14.9509    14.5022    -0.4487    11.4627    11.0388     63.905     65.282      0.281    1462.83    1464.77  0.000e+00
       6177     65.000     8.4538     9.3926     0.9388    1.68738    1.70604          1     0.9741     0.2040       9.97     0.0502  1.641e-11  1.000e-12  6.093e+00    14.9242    14.7114    -0.2128    11.5057    11.2343     64.401     65.785      0.246    1460.55    1463.97  0.000e+00
       6233     65.500     8.3032     9.0122     0.7090    1.68178    1.69802          1     0.6921     0.1154       9.97     0.0493  1.641e-11  1.000e-12  6.093e+00    14.9339    14.7923    -0.1416    11.5293    11.3414     64.896     66.289      0.237    1459.98    1462.60  0.000e+00
       6275     66.000     8.3404     8.7048     0.3642    1.68891    1.69305          1     0.5555     0.1167       9.97     0.0504  1.641e-11  1.000e-12  6.093e+00    14.9867    14.8730    -0.1137    11.5665    11.4386     65.391     66.792      0.295    1460.20    1461.50  0.000e+00
       6322     66.500     8.5474     8.5356    -0.0117    1.70578    1.69195          1     0.3741     0.1269       9.97     0.0520  1.641e-11  1.000e-12  6.093e+00    15.0611    14.9334    -0.1277    11.6025    11.5041     65.886     67.296      0.228    1461.12    1460.91  0.000e+00
       6372     67.000     9.0820     8.5348    -0.5472    1.75391    1.69860          1     0.2483     0.4390       9.97     0.0518  1.641e-11  1.000e-12  6.093e+00    15.2903    14.9974    -0.2929    11.7201    11.5542     66.382     67.799      0.267    1463.49    1461.00  0.000e+00
       6416     67.500     9.5228     8.6904    -0.8323    1.79516    1.71216          1     0.2127     0.7097       9.78     0.0513  1.641e-11  1.000e-12  6.093e+00    15.4926    15.0612    -0.4314    11.8266    11.5869     66.877     68.303      0.266    1465.46    1461.70  0.000e+00
       6464     68.000     9.7139     8.9166    -0.7967    1.81127    1.73535          1     0.2805     0.5748       9.29     0.0507  1.641e-11  1.000e-12  6.093e+00    15.5612    15.1864    -0.3747    11.8564    11.6593     67.372     68.806      0.249    1466.29    1462.75  0.000e+00
       6510     68.500     9.0649     9.1997     0.1341    1.78076    1.76005          1     0.3825     0.3027       8.89     0.0496  1.641e-11  1.000e-12  6.093e+00    15.5542    15.2998    -0.2544    11.9285    11.7150     67.868     69.309      0.257    1463.78    1464.00  0.000e+00
       6559     69.000     8.4888     9.2321     0.7433    1.75147    1.77280          1     0.4537     0.0914       8.19     0.0505  1.641e-11  1.000e-12  6.093e+00    15.5255    15.4066    -0.1189    11.9711    11.7944     68.363     69.812      0.242    1461.49    1464.26  0.000e+00
       6608     69.500     8.3629     9.0598     0.6970    1.74793    1.77251          1     0.4294     0.0623       7.69     0.0504  1.641e-11  1.000e-12  6.093e+00    15.5465    15.4781    -0.0684    12.0013    11.8702     68.858     70.316      0.243    1461.03    1463.69  0.000e+00
       6656     70.000     8.3832     8.7265     0.3434    1.75185    1.76199          1     0.3402     0.0860       7.18     0.0531  1.641e-11  1.000e-12  6.093e+00    15.5755    15.5225    -0.0530    12.0217    11.9427     69.354     70.819      0.255    1461.16    1462.44  0.000e+00
       6706     70.500     8.1372     8.6190     0.4819    1.74567    1.75880          1     0.2386     0.1043       6.65     0.0536  1.641e-11  1.000e-12  6.093e+00    15.6242    15.5388    -0.0855    12.0858    11.9673     69.849     71.322      0.233    1460.25    1462.05  0.000e+00
       6754     71.000     7.7101     8.4350     0.7249    1.74756    1.75580          1     0.1962     0.1086       6.14     0.0543  1.641e-11  1.000e-12  6.093e+00    15.8345    15.5906    -0.2439    12.2938    12.0279     70.344     71.825      0.267    1458.80    1461.40  0.000e+00
       6800     71.500     7.3236     8.1628     0.8392    1.75172    1.75322          1     0.1663     0.1005       5.61     0.0558  1.641e-11  1.000e-12  6.093e+00    16.0524    15.6862    -0.3662    12.5023    12.1315     70.839     72.328      0.246    1457.52    1460.44  0.000e+00
       6849     72.000     7.2915     7.7875     0.4961    1.75367    1.75358          1     0.1438     0.0904       5.12     0.0585  1.641e-11  1.000e-12  6.093e+00    16.0864    15.8583    -0.2281    12.5320    12.3047     71.335     72.831      0.256    1457.44    1459.16  0.000e+00
       6899     72.500     7.3596     7.5897     0.2300    1.76280    1.75527          1     0.1270     0.0883       4.66     0.0594  1.599e-11  1.000e-12  6.304e+00    16.1458    15.9648    -0.1809    12.5720    12.4079     71.830     73.334      0.219    1457.80    1458.51  0.000e+00
       6952     73.000     7.2966     7.5034     0.2069    1.76428    1.75904          1     0.1198     0.0882       5.14     0.0603  1.609e-11  1.000e-12  6.252e+00    16.1898    16.0417    -0.1481    12.6126    12.4766     72.325     73.837      0.250    1457.61    1458.26  0.000e+00
       6999     73.500     7.2154     7.4470     0.2317    1.76231    1.76188          1     0.1124     0.0851       3.78     0.0596  1.581e-11  1.000e-12  6.390e+00    16.2079    16.0958    -0.1120    12.6344    12.5245     72.821     74.340      0.252    1457.31    1458.11  0.000e+00
       7047     74.000     7.2049     7.3608     0.1559    1.76242    1.76293          1     0.1066     0.0820       3.21     0.0609  1.524e-11  1.000e-12  6.676e+00    16.2138    16.1462    -0.0677    12.6401    12.5722     73.316     74.843      0.242    1457.28    1457.83  0.000e+00
       7096     74.500     7.2009     7.2914     0.0906    1.76290    1.76317          1     0.0996     0.0771       3.02     0.0606  1.394e-11  1.000e-12  7.316e+00    16.2203    16.1808    -0.0396    12.6456    12.6060     73.811     75.346      0.261    1457.28    1457.60  0.000e+00
       7140     75.000     7.1996     7.2570     0.0575    1.76339    1.76365          1     0.0979     0.0776       2.58     0.0617  1.364e-11  1.000e-12  7.465e+00    16.2257    16.2014    -0.0243    12.6499    12.6255     74.306     75.849      0.273    1457.29    1457.49  0.000e+00
       7187     75.500     7.2021     7.2399     0.0378    1.76454    1.76395          1     0.0964     0.0734       2.02     0.0620  1.323e-11  1.000e-12  7.666e+00    16.2359    16.2123    -0.0237    12.6577    12.6356     74.802     76.352      0.238    1457.32    1457.45  0.000e+00
       8652     76.000     7.2106     7.2137     0.0030    1.76587    1.76523          1     0.0668     0.0498       0.97     0.0619  1.225e-11  1.000e-12  8.153e+00    16.2451    16.2372    -0.0078    12.6640    12.6576     75.297     76.855     -0.125    1457.38    1457.38  0.000e+00
