ctdpy/exports/archive_20191120_135557/received_data/SBE09_0827_20181128_0606_26_01_1260.cnv
* Sea-Bird SBE 9 Data File:
* FileName = D:\CTD_SBE911\DAT\26DA.2018.12.60.hex
* Software Version Seasave V 7.21d
* Temperature SN = 4548
* Conductivity SN = 3062
* Number of Bytes Per Scan = 48
* Number of Voltage Words = 5
* Number of Scans Averaged by the Deck Unit = 1
* NMEA Latitude = 55 38.95 N
* NMEA Longitude = 014 32.26 E
* NMEA UTC (Time) = Nov 28 2018  06:07:09
* NMEA baud rate = 4800
** Ship: DANA
** Average sound velocity: 1449.08 m/s
** True-depth calculation Tue, 02 Apr 2019 12:16:08 +0000
** CTD Python Module SMHI /ver 3-12/ feb 2012 
** LIMS Job: 20182601-1260
** Operator: Ronny
** Cruise: 12/2018
# nquan = 26
# nvalues = 102                         
# units = specified
# name 0 = scan: Scan Count
# name 1 = prDM: Pressure, Digiquartz [db]
# name 2 = t090C: Temperature [ITS-90, deg C]
# name 3 = t190C: Temperature, 2 [ITS-90, deg C]
# name 4 = T2-T190C: Temperature Difference, 2 - 1 [ITS-90, deg C]
# name 5 = c0S/m: Conductivity [S/m]
# name 6 = c1S/m: Conductivity, 2 [S/m]
# name 7 = pumps: Pump Status
# name 8 = sbeox1ML/L: Oxygen, SBE 43, 2 [ml/l]
# name 9 = sbeox0ML/L: Oxygen, SBE 43 [ml/l]
# name 10 = altM: Altimeter [m]
# name 11 = chloroflTC0: Chlorophyll, Turner Cyclops [ug/l]
# name 12 = cpar: CPAR/Corrected Irradiance [%]
# name 13 = par: PAR/Irradiance, Biospherical/Lico [µE/(cm^2*s)]
# name 14 = spar: SPAR, Biospherical/Licor
# name 15 = sal00: Salinity, Practical [PSU]
# name 16 = sal11: Salinity, Practical, 2 [PSU]
# name 17 = secS-priS: Salinity, Practical, Difference, 2 - 1 [PSU]
# name 18 = sigma-t00: Density [sigma-t, kg/m^3 ]
# name 19 = sigma-t11: Density, 2 [sigma-t, kg/m^3 ]
# name 20 = depSM: Depth [salt water, m], lat = 55.6492
# name 21 = depFM: Depth [true depth, m], lat = 55.6492
# name 22 = dz/dtM: Descent Rate [m/s], WS = 2
# name 23 = svCM: Sound Velocity [Chen-Millero, m/s]
# name 24 = svCM1: Sound Velocity, 2 [Chen-Millero, m/s]
# name 25 = flag: flag
# span 0 =        -85,       7137       
# span 1 =      1.000,     51.500       
# span 2 =     7.7782,     9.4977       
# span 3 =     7.7784,     9.5069       
# span 4 =    -0.0348,     0.6125       
# span 5 =   0.881228,   1.529751       
# span 6 =   0.881217,   1.530313       
# span 7 =          1,          1       
# span 8 =     2.5311,     7.4197       
# span 9 =     2.8330,     7.6573       
# span 10 =       0.70,       9.96      
# span 11 =     0.0173,     0.0315      
# span 12 = 4.9241e-11, 4.9241e-11      
# span 13 = 1.0000e-12, 1.0000e-12      
# span 14 = 2.0308e+00, 2.0308e+00      
# span 15 =     7.5439,    13.0253      
# span 16 =     7.5436,    13.0276      
# span 17 =    -0.0007,     1.3136      
# span 18 =     5.7988,     9.9108      
# span 19 =     5.7985,     9.9114      
# span 20 =      0.991,     51.027      
# span 21 =      1.013,     52.146      
# span 22 =     -0.284,      0.320      
# span 23 =    1447.71,    1462.11      
# span 24 =    1447.71,    1462.15      
# span 25 = 0.0000e+00, 0.0000e+00      
# interval = decibars: 0.5              
# start_time = Nov 28 2018 06:07:10 [NMEA time, first data scan]
# bad_flag = -9.990e-29
*END*
        -85      1.000     7.7826     7.7834     0.0008    0.88129    0.88126          1     7.3967     7.6495       9.96     0.0301  4.924e-11  1.000e-12  2.031e+00     7.5439     7.5436    -0.0003     5.7988     5.7985      0.991      1.013     -0.008    1447.71    1447.72  0.000e+00
        341      1.500     7.7782     7.7784     0.0002    0.88123    0.88122          1     7.4138     7.6490       9.96     0.0294  4.924e-11  1.000e-12  2.031e+00     7.5443     7.5441    -0.0002     5.7995     5.7993      1.486      1.519      0.309    1447.71    1447.71  0.000e+00
        412      2.000     7.7787     7.7787     0.0000    0.88126    0.88123          1     7.4197     7.6558       9.96     0.0291  4.924e-11  1.000e-12  2.031e+00     7.5444     7.5442    -0.0002     5.7995     5.7993      1.982      2.025      0.242    1447.72    1447.72  0.000e+00
        462      2.500     7.7797     7.7800     0.0003    0.88129    0.88129          1     7.4165     7.6573       9.96     0.0298  4.924e-11  1.000e-12  2.031e+00     7.5444     7.5443    -0.0001     5.7994     5.7993      2.477      2.532      0.238    1447.73    1447.73  0.000e+00
        524      3.000     7.7792     7.7801     0.0009    0.88128    0.88130          1     7.4090     7.6531       9.96     0.0315  4.924e-11  1.000e-12  2.031e+00     7.5444     7.5444    -0.0000     5.7995     5.7994      2.973      3.038      0.241    1447.74    1447.74  0.000e+00
        576      3.500     7.7815     7.7856     0.0041    0.88140    0.88152          1     7.4061     7.6475       9.96     0.0306  4.924e-11  1.000e-12  2.031e+00     7.5449     7.5451     0.0002     5.7997     5.7995      3.468      3.544      0.229    1447.75    1447.77  0.000e+00
        619      4.000     7.7858     7.7900     0.0042    0.88158    0.88169          1     7.3985     7.6398       9.96     0.0293  4.924e-11  1.000e-12  2.031e+00     7.5455     7.5457     0.0002     5.7998     5.7996      3.964      4.051      0.320    1447.78    1447.80  0.000e+00
        667      4.500     7.7905     7.7923     0.0018    0.88174    0.88177          1     7.3969     7.6509       9.96     0.0302  4.924e-11  1.000e-12  2.031e+00     7.5460     7.5459    -0.0001     5.7998     5.7996      4.459      4.557      0.216    1447.81    1447.82  0.000e+00
        723      5.000     7.7937     7.7929    -0.0009    0.88187    0.88182          1     7.4044     7.6530       9.96     0.0295  4.924e-11  1.000e-12  2.031e+00     7.5464     7.5461    -0.0003     5.7999     5.7997      4.955      5.063      0.274    1447.83    1447.83  0.000e+00
        768      5.500     7.7916     7.7897    -0.0019    0.88179    0.88170          1     7.3958     7.6449       9.96     0.0303  4.924e-11  1.000e-12  2.031e+00     7.5460     7.5457    -0.0003     5.7998     5.7997      5.450      5.570      0.237    1447.83    1447.82  0.000e+00
        829      6.000     7.7846     7.7839    -0.0006    0.88155    0.88151          1     7.4095     7.6467       9.96     0.0296  4.924e-11  1.000e-12  2.031e+00     7.5453     7.5451    -0.0002     5.7997     5.7996      5.945      6.076      0.198    1447.81    1447.80  0.000e+00
        880      6.500     7.7850     7.7849    -0.0001    0.88159    0.88157          1     7.4012     7.6490       9.96     0.0297  4.924e-11  1.000e-12  2.031e+00     7.5455     7.5454    -0.0001     5.7999     5.7998      6.441      6.582      0.296    1447.82    1447.82  0.000e+00
        921      7.000     7.7897     7.8040     0.0143    0.88184    0.88239          1     7.4000     7.6514       9.96     0.0297  4.924e-11  1.000e-12  2.031e+00     7.5468     7.5487     0.0019     5.8005     5.8009      6.936      7.089      0.258    1447.85    1447.91  0.000e+00
        973      7.500     7.8058     7.8082     0.0023    0.88243    0.88253          1     7.3896     7.6406       9.96     0.0288  4.924e-11  1.000e-12  2.031e+00     7.5486     7.5490     0.0004     5.8007     5.8008      7.432      7.595      0.233    1447.92    1447.93  0.000e+00
       1022      8.000     7.8002     7.8004     0.0002    0.88221    0.88221          1     7.4025     7.6453       9.96     0.0295  4.924e-11  1.000e-12  2.031e+00     7.5478     7.5477    -0.0001     5.8005     5.8004      7.927      8.101      0.242    1447.91    1447.91  0.000e+00
       1072      8.500     7.8159     7.8197     0.0038    0.88292    0.88304          1     7.3992     7.6419       9.96     0.0303  4.924e-11  1.000e-12  2.031e+00     7.5508     7.5511     0.0003     5.8016     5.8015      8.423      8.608      0.235    1447.98    1448.00  0.000e+00
       1128      9.000     7.8103     7.8132     0.0029    0.88266    0.88275          1     7.4018     7.6392       9.96     0.0299  4.924e-11  1.000e-12  2.031e+00     7.5496     7.5499     0.0003     5.8011     5.8010      8.918      9.114      0.214    1447.97    1447.98  0.000e+00
       1178      9.500     7.8182     7.8199     0.0018    0.88302    0.88307          1     7.4072     7.6442       9.96     0.0306  4.924e-11  1.000e-12  2.031e+00     7.5511     7.5513     0.0001     5.8017     5.8016      9.414      9.620      0.249    1448.01    1448.01  0.000e+00
       1227     10.000     7.8088     7.8082    -0.0007    0.88266    0.88262          1     7.4064     7.6358       9.96     0.0300  4.924e-11  1.000e-12  2.031e+00     7.5498     7.5496    -0.0002     5.8013     5.8012      9.909     10.127      0.253    1447.98    1447.97  0.000e+00
       1273     10.500     7.7997     7.7983    -0.0014    0.88231    0.88224          1     7.4034     7.6427       9.96     0.0300  4.924e-11  1.000e-12  2.031e+00     7.5485     7.5481    -0.0003     5.8010     5.8009     10.405     10.633      0.253    1447.94    1447.94  0.000e+00
       1323     11.000     7.7972     7.7970    -0.0002    0.88218    0.88220          1     7.4096     7.6453       9.96     0.0294  4.924e-11  1.000e-12  2.031e+00     7.5478     7.5480     0.0002     5.8007     5.8009     10.900     11.139      0.235    1447.94    1447.94  0.000e+00
       1376     11.500     7.7872     7.7859    -0.0014    0.88180    0.88173          1     7.4045     7.6405       9.96     0.0296  4.924e-11  1.000e-12  2.031e+00     7.5464     7.5460    -0.0003     5.8004     5.8002     11.395     11.646      0.222    1447.91    1447.90  0.000e+00
       1427     12.000     7.7840     7.7871     0.0030    0.88168    0.88179          1     7.3988     7.6423       9.96     0.0303  4.924e-11  1.000e-12  2.031e+00     7.5459     7.5463     0.0004     5.8003     5.8003     11.891     12.152      0.250    1447.90    1447.91  0.000e+00
       1475     12.500     7.8461     7.8543     0.0082    0.88441    0.88459          1     7.4014     7.6421       9.96     0.0300  4.924e-11  1.000e-12  2.031e+00     7.5576     7.5574    -0.0001     5.8045     5.8037     12.386     12.658      0.246    1448.18    1448.21  0.000e+00
       1526     13.000     7.8721     7.8700    -0.0022    0.88543    0.88530          1     7.3809     7.6276       9.96     0.0298  4.924e-11  1.000e-12  2.031e+00     7.5612     7.5605    -0.0007     5.8053     5.8049     12.882     13.165      0.233    1448.30    1448.29  0.000e+00
       1574     13.500     7.8627     7.8745     0.0117    0.88504    0.88548          1     7.3808     7.6332       9.96     0.0298  4.924e-11  1.000e-12  2.031e+00     7.5596     7.5612     0.0016     5.8047     5.8050     13.377     13.671      0.267    1448.26    1448.32  0.000e+00
       1619     14.000     7.9085     7.9132     0.0046    0.88714    0.88729          1     7.3797     7.6171       9.96     0.0292  4.924e-11  1.000e-12  2.031e+00     7.5690     7.5693     0.0004     5.8084     5.8083     13.873     14.177      0.257    1448.47    1448.49  0.000e+00
       1668     14.500     7.8851     7.8907     0.0056    0.88598    0.88622          1     7.3641     7.6268       9.96     0.0288  4.924e-11  1.000e-12  2.031e+00     7.5633     7.5643     0.0011     5.8058     5.8062     14.368     14.684      0.231    1448.38    1448.40  0.000e+00
       1720     15.000     7.8910     7.8930     0.0020    0.88623    0.88628          1     7.3687     7.6234       9.96     0.0296  4.924e-11  1.000e-12  2.031e+00     7.5643     7.5643    -0.0000     5.8062     5.8060     14.863     15.190      0.252    1448.41    1448.42  0.000e+00
       1765     15.500     7.8955     7.9005     0.0051    0.88643    0.88659          1     7.3807     7.6300       9.96     0.0293  4.924e-11  1.000e-12  2.031e+00     7.5651     7.5654     0.0004     5.8064     5.8063     15.359     15.696      0.258    1448.44    1448.46  0.000e+00
       1814     16.000     7.9295     7.9397     0.0101    0.88815    0.88853          1     7.3775     7.6230       9.96     0.0297  4.924e-11  1.000e-12  2.031e+00     7.5734     7.5748     0.0014     5.8102     5.8104     15.854     16.203      0.237    1448.60    1448.64  0.000e+00
       1862     16.500     7.9437     7.9470     0.0033    0.88889    0.88899          1     7.3780     7.6167       9.96     0.0290  4.924e-11  1.000e-12  2.031e+00     7.5771     7.5773     0.0002     5.8119     5.8118     16.350     16.709      0.262    1448.67    1448.68  0.000e+00
       1908     17.000     7.9475     7.9492     0.0017    0.88913    0.88917          1     7.3700     7.6126       9.96     0.0289  4.924e-11  1.000e-12  2.031e+00     7.5785     7.5784    -0.0000     5.8127     5.8125     16.845     17.215      0.267    1448.69    1448.70  0.000e+00
       1954     17.500     7.9545     7.9580     0.0035    0.88980    0.88999          1     7.3718     7.6074       9.96     0.0282  4.924e-11  1.000e-12  2.031e+00     7.5830     7.5839     0.0009     5.8157     5.8161     17.341     17.722      0.245    1448.73    1448.75  0.000e+00
       2005     18.000     7.9591     7.9619     0.0028    0.89018    0.89031          1     7.3732     7.6169       9.96     0.0292  4.924e-11  1.000e-12  2.031e+00     7.5854     7.5860     0.0006     5.8172     5.8174     17.836     18.228      0.235    1448.76    1448.77  0.000e+00
       2053     18.500     7.9677     7.9734     0.0058    0.89064    0.89083          1     7.3707     7.6130       9.96     0.0295  4.924e-11  1.000e-12  2.031e+00     7.5877     7.5883     0.0006     5.8183     5.8182     18.331     18.734      0.272    1448.81    1448.83  0.000e+00
       2097     19.000     7.9801     7.9831     0.0029    0.89117    0.89126          1     7.3588     7.6063       9.96     0.0292  4.924e-11  1.000e-12  2.031e+00     7.5898     7.5901     0.0002     5.8189     5.8189     18.827     19.241      0.251    1448.87    1448.88  0.000e+00
       2150     19.500     7.9939     8.0031     0.0093    0.89197    0.89238          1     7.3435     7.5971       9.96     0.0283  4.924e-11  1.000e-12  2.031e+00     7.5941     7.5959     0.0018     5.8211     5.8218     19.322     19.747      0.242    1448.94    1448.98  0.000e+00
       2193     20.000     8.0298     8.0355     0.0057    0.89440    0.89464          1     7.3468     7.5824       9.96     0.0288  4.924e-11  1.000e-12  2.031e+00     7.6085     7.6094     0.0009     5.8295     5.8298     19.818     20.253      0.294    1449.11    1449.14  0.000e+00
       2238     20.500     8.0353     8.0376     0.0024    0.89487    0.89507          1     7.3504     7.5855       9.96     0.0285  4.924e-11  1.000e-12  2.031e+00     7.6116     7.6129     0.0012     5.8315     5.8323     20.313     20.760      0.234    1449.15    1449.16  0.000e+00
       2291     21.000     8.0287     8.0247    -0.0041    0.89480    0.89474          1     7.3638     7.5829       9.96     0.0269  4.924e-11  1.000e-12  2.031e+00     7.6123     7.6126     0.0003     5.8326     5.8331     20.808     21.266      0.256    1449.13    1449.11  0.000e+00
       2334     21.500     7.9601     7.9417    -0.0184    0.89256    0.89208          1     7.3724     7.6005       9.96     0.0270  4.924e-11  1.000e-12  2.031e+00     7.6066     7.6062    -0.0004     5.8337     5.8349     21.304     21.772      0.264    1448.85    1448.77  0.000e+00
       2386     22.000     7.9222     7.8998    -0.0223    0.89137    0.89076          1     7.3906     7.6124       9.96     0.0262  4.924e-11  1.000e-12  2.031e+00     7.6038     7.6031    -0.0007     5.8346     5.8358     21.799     22.278      0.220    1448.70    1448.61  0.000e+00
       2436     22.500     7.8887     7.8792    -0.0095    0.89040    0.89013          1     7.3954     7.6215       9.96     0.0262  4.924e-11  1.000e-12  2.031e+00     7.6021     7.6017    -0.0004     5.8359     5.8364     22.295     22.785      0.272    1448.57    1448.53  0.000e+00
       2481     23.000     7.8656     7.8559    -0.0096    0.88968    0.88944          1     7.3931     7.6288       9.96     0.0261  4.924e-11  1.000e-12  2.031e+00     7.6005     7.6004    -0.0001     5.8365     5.8373     22.790     23.291      0.249    1448.48    1448.44  0.000e+00
       2530     23.500     7.8493     7.8444    -0.0049    0.88930    0.88920          1     7.3950     7.6387       9.96     0.0256  4.924e-11  1.000e-12  2.031e+00     7.6005     7.6006     0.0001     5.8378     5.8383     23.286     23.797      0.257    1448.42    1448.40  0.000e+00
       2578     24.000     7.8461     7.8418    -0.0043    0.88928    0.88919          1     7.3991     7.6382       9.96     0.0256  4.924e-11  1.000e-12  2.031e+00     7.6009     7.6010     0.0001     5.8384     5.8388     23.781     24.304      0.242    1448.42    1448.40  0.000e+00
       2626     24.500     7.8404     7.8364    -0.0040    0.88919    0.88913          1     7.3995     7.6391       9.96     0.0256  4.924e-11  1.000e-12  2.031e+00     7.6013     7.6016     0.0003     5.8392     5.8397     24.276     24.810      0.258    1448.40    1448.38  0.000e+00
       2673     25.000     7.8324     7.8298    -0.0026    0.88905    0.88902          1     7.3939     7.6375       9.96     0.0256  4.924e-11  1.000e-12  2.031e+00     7.6017     7.6019     0.0003     5.8401     5.8405     24.772     25.316      0.244    1448.38    1448.37  0.000e+00
       2723     25.500     7.8187     7.8113    -0.0074    0.88870    0.88853          1     7.3981     7.6440       9.96     0.0255  4.924e-11  1.000e-12  2.031e+00     7.6013     7.6014     0.0001     5.8409     5.8416     25.267     25.823      0.235    1448.33    1448.30  0.000e+00
       2774     26.000     7.8056     7.8016    -0.0040    0.88844    0.88838          1     7.4061     7.6380       9.96     0.0255  4.924e-11  1.000e-12  2.031e+00     7.6017     7.6021     0.0004     5.8423     5.8429     25.763     26.329      0.244    1448.28    1448.27  0.000e+00
       2821     26.500     7.8017     7.7973    -0.0043    0.88841    0.88833          1     7.4045     7.6440       9.96     0.0256  4.924e-11  1.000e-12  2.031e+00     7.6023     7.6025     0.0002     5.8431     5.8436     26.258     26.835      0.260    1448.28    1448.26  0.000e+00
       2867     27.000     7.7963     7.7928    -0.0035    0.88836    0.88831          1     7.3994     7.6378       9.96     0.0255  4.924e-11  1.000e-12  2.031e+00     7.6029     7.6033     0.0003     5.8440     5.8445     26.753     27.342      0.258    1448.26    1448.25  0.000e+00
       2917     27.500     7.8007     7.8085     0.0077    0.88885    0.88919          1     7.3968     7.6411       9.96     0.0256  4.924e-11  1.000e-12  2.031e+00     7.6064     7.6078     0.0014     5.8463     5.8468     27.249     27.848      0.237    1448.29    1448.33  0.000e+00
       2966     28.000     7.8429     7.8746     0.0319    0.89089    0.89215          1     7.3701     7.6256       9.96     0.0255  4.924e-11  1.000e-12  2.031e+00     7.6159     7.6206     0.0047     5.8504     5.8516     27.744     28.354      0.245    1448.48    1448.62  0.000e+00
