ctdpy/exports/archive_20191120_135557/received_data/SBE09_1044_20181208_0436_34_01_0169.cnv
* Sea-Bird SBE 9 Data File:
* FileName = C:\ctd\temp\ar18d169.hex
* Software Version Seasave V 7.26.7.107
* Temperature SN = 5351
* Conductivity SN = 3941
* Number of Bytes Per Scan = 41
* Number of Voltage Words = 4
* Number of Scans Averaged by the Deck Unit = 1
* NMEA Latitude = 58 20.38 N
* NMEA Longitude = 011 01.72 E
* NMEA UTC (Time) = Dec 08 2018  04:36:40
* NMEA baud rate = 4800
** Station:  A13
** Operator:  JKro
** Ship: ARANDA
** Average sound velocity: 1483.47 m/s
** True-depth calculation Sun, 09 Dec 2018 17:36:03 +0000
** CTD Python Module SMHI /ver 3-12/ feb 2012 
** LIMS Job: 20183401-0169
** Cruise: SMHI-7-2018
** Latitude [GG MM.mm N]:
** Longitude [GG MM.mm E]
# nquan = 26
# nvalues = 179                         
# units = specified
# name 0 = scan: Scan Count
# name 1 = prDM: Pressure, Digiquartz [db]
# name 2 = t090C: Temperature [ITS-90, deg C]
# name 3 = t190C: Temperature, 2 [ITS-90, deg C]
# name 4 = T2-T190C: Temperature Difference, 2 - 1 [ITS-90, deg C]
# name 5 = c0S/m: Conductivity [S/m]
# name 6 = c1S/m: Conductivity, 2 [S/m]
# name 7 = pumps: Pump Status
# name 8 = sbeox0ML/L: Oxygen, SBE 43 [ml/l]
# name 9 = sbeox1ML/L: Oxygen, SBE 43, 2 [ml/l]
# name 10 = altM: Altimeter [m]
# name 11 = flECO-AFL: Chl-a Fluorescence, WET Labs ECO-AFL/FL [mg/m^3]
# name 12 = flECO-AFL1: Phycocyanin Fluorescence, WET Labs ECO-AFL/FL, 2 [mg/m^3]
# name 13 = par: PAR/Irradiance, Biospherical/Lico [µE/(cm^2*s)]
# name 14 = turbWETntu0: Turbidity, WET Labs ECO [NTU]
# name 15 = sal00: Salinity, Practical [PSU]
# name 16 = sal11: Salinity, Practical, 2 [PSU]
# name 17 = secS-priS: Salinity, Practical, Difference, 2 - 1 [PSU]
# name 18 = sigma-t00: Density [sigma-t, Kg/m^3 ]
# name 19 = sigma-t11: Density, 2 [sigma-t, Kg/m^3 ]
# name 20 = depSM: Depth [salt water, m], lat = 58.3397
# name 21 = depFM: Depth [true depth, m], lat = 58.3397
# name 22 = dz/dtM: Descent Rate [m/s], WS = 2
# name 23 = svCM: Sound Velocity [Chen-Millero, m/s]
# name 24 = svCM1: Sound Velocity, 2 [Chen-Millero, m/s]
# name 25 = flag: flag
# span 0 =      26630,      31721       
# span 1 =      1.000,     90.000       
# span 2 =     7.3080,     8.5182       
# span 3 =     7.3133,     8.5191       
# span 4 =    -0.0606,     0.0735       
# span 5 =   3.281639,   3.619599       
# span 6 =   3.282887,   3.619422       
# span 7 =          1,          1       
# span 8 =    6.16098,    6.68287       
# span 9 =    6.13631,    6.65571       
# span 10 =       2.53,      90.35      
# span 11 =     0.2197,     0.8478      
# span 12 =     0.1668,     0.3268      
# span 13 = 1.0000e-12, 4.6105e-02      
# span 14 =     0.2554,     1.3359      
# span 15 =    32.0051,    34.4374      
# span 16 =    32.0137,    34.4371      
# span 17 =    -0.1346,     0.1689      
# span 18 =    25.0191,    26.7549      
# span 19 =    25.0252,    26.7549      
# span 20 =      0.991,     89.144      
# span 21 =      0.994,     89.301      
# span 22 =     -0.180,      1.151      
# span 23 =    1476.13,    1485.16      
# span 24 =    1476.16,    1485.16      
# span 25 = 0.0000e+00, 0.0000e+00      
# interval = decibars: 0.5              
# start_time = Dec 08 2018 04:36:41 [NMEA time, first data scan]
# bad_flag = -9.990e-29
*END*
      26630      1.000     7.3080     7.3133     0.0052    3.28164    3.28289          1     6.6611     6.6557      90.35     0.8134     0.2733  4.454e-02  0.2554000    32.0051    32.0137     0.0086    25.0191    25.0252      0.991      0.994      0.464    1476.13    1476.16  0.000e+00
      26646      1.500     7.3260     7.3237    -0.0022    3.28690    3.28585          1     6.6576     6.6432      90.28     0.8114     0.2615  1.185e-03  0.2561000    32.0451    32.0358    -0.0093    25.0481    25.0411      1.486      1.491      0.669    1476.25    1476.23  0.000e+00
      26714      2.000     7.3691     7.3790     0.0097    3.29975    3.30180          1     6.6429     6.6281      89.59     0.8043     0.2476  1.319e-02  0.3297000    32.1437    32.1566     0.0129    25.1197    25.1285      1.981      1.987      0.372    1476.55    1476.60  0.000e+00
      26795      2.500     7.3639     7.3476    -0.0161    3.29808    3.29322          1     6.6411     6.6312      89.33     0.8478     0.3268  1.413e-02  0.4072000    32.1303    32.0929    -0.0374    25.1099    25.0827      2.477      2.484      0.616    1476.52    1476.41  0.000e+00
      26805      3.000     7.3544     7.3522    -0.0023    3.29495    3.29420          1     6.6455     6.6357      89.63     0.8350     0.2727  4.611e-02  0.3682000    32.1051    32.0989    -0.0062    25.0914    25.0868      2.972      2.981      0.736    1476.46    1476.45  0.000e+00
      26831      3.500     7.3496     7.3456    -0.0041    3.29435    3.29291          1     6.6455     6.6303      89.61     0.8244     0.2545  2.614e-02  0.3209000    32.1028    32.0910    -0.0118    25.0902    25.0815      3.467      3.478      0.510    1476.45    1476.42  0.000e+00
      26895      4.000     7.3438     7.3432    -0.0006    3.29254    3.29205          1     6.6799     6.6364      88.16     0.8465     0.2748  3.305e-04  0.2736000    32.0884    32.0837    -0.0048    25.0797    25.0760      3.963      3.975      0.921    1476.42    1476.41  0.000e+00
      26905      4.500     7.3449     7.3469     0.0020    3.29292    3.29320          1     6.6829     6.6468      87.86     0.8329     0.2790  2.764e-07  0.2869000    32.0913    32.0924     0.0011    25.0818    25.0824      4.458      4.471      1.077    1476.43    1476.44  0.000e+00
      26916      5.000     7.3597     7.3706     0.0104    3.29804    3.30064          1     6.6554     6.6281      87.44     0.8103     0.3053  1.082e-12  0.3132000    32.1326    32.1505     0.0179    25.1123    25.1249      4.953      4.968      1.030    1476.55    1476.61  0.000e+00
      26928      5.500     7.4557     7.4706     0.0153    3.32589    3.33004          1     6.6026     6.5662      87.19     0.7855     0.2942  1.000e-12  0.3306000    32.3434    32.3743     0.0310    25.2648    25.2871      5.449      5.465      0.787    1477.19    1477.28  0.000e+00
      26974      6.000     7.5683     7.6431     0.0735    3.35847    3.38069          1     6.5090     6.4824      86.52     0.6897     0.2451  1.000e-12  0.3549000    32.5887    32.7576     0.1689    25.4419    25.5641      5.944      5.962      0.436    1477.94    1478.43  0.000e+00
      27023      6.500     7.8604     7.8404    -0.0200    3.44767    3.44235          1     6.5113     6.4618      85.28     0.6757     0.2761  1.000e-12  0.3577000    33.2707    33.2325    -0.0382    25.9362    25.9091      6.439      6.458      0.803    1479.91    1479.78  0.000e+00
      27035      7.000     7.9046     7.9230     0.0195    3.46135    3.46722          1     6.5065     6.4901      84.75     0.5734     0.2655  1.000e-12  0.4904000    33.3744    33.4196     0.0452    26.0111    26.0439      6.935      6.954      0.885    1480.21    1480.34  0.000e+00
      27048      7.500     7.8537     7.8719     0.0176    3.45222    3.45534          1     6.4776     6.4402      84.45     0.4897     0.2425  1.000e-12  0.6028000    33.3244    33.3406     0.0161    25.9792    25.9892      7.430      7.451      0.789    1479.96    1480.05  0.000e+00
      27068      8.000     8.0807     8.0581    -0.0226    3.52395    3.51678          1     6.3981     6.3607      84.19     0.4972     0.2619  1.000e-12  0.6452000    33.8742    33.8195    -0.0548    26.3777    26.3381      7.926      7.947      0.452    1481.52    1481.36  0.000e+00
      27120      8.500     8.0438     7.9833    -0.0606    3.51101    3.49299          1     6.3984     6.4013      83.29     0.4970     0.2527  1.000e-12  0.5279000    33.7713    33.6367    -0.1346    26.3024    26.2056      8.421      8.443      0.391    1481.26    1480.86  0.000e+00
      27141      9.000     8.1315     8.1295    -0.0021    3.54100    3.54041          1     6.3882     6.3819      83.15     0.4208     0.2459  1.000e-12  0.6394000    34.0068    34.0024    -0.0044    26.4742    26.4711      8.916      8.939      0.643    1481.89    1481.87  0.000e+00
      27158      9.500     8.1877     8.1863    -0.0011    3.54819    3.54805          1     6.3842     6.3718      82.83     0.3879     0.2844  1.000e-12  0.7196000    34.0288    34.0287    -0.0001    26.4831    26.4832      9.411      9.436      0.651    1482.13    1482.13  0.000e+00
      27179     10.000     8.2109     8.2346     0.0237    3.55098    3.55372          1     6.3811     6.3583      81.97     0.3651     0.2504  1.000e-12  0.7716000    34.0358    34.0420     0.0062    26.4851    26.4864      9.907      9.932      0.489    1482.24    1482.34  0.000e+00
      27210     10.500     8.2736     8.2817     0.0081    3.55811    3.55898          1     6.3707     6.3428      81.49     0.3454     0.2914  1.000e-12  0.6526000    34.0506    34.0520     0.0014    26.4873    26.4871     10.402     10.428      0.365    1482.50    1482.53  0.000e+00
      27240     11.000     8.2906     8.2913     0.0007    3.56008    3.56019          1     6.3668     6.3521      81.13     0.3588     0.2385  1.000e-12  0.6153000    34.0549    34.0553     0.0005    26.4880    26.4883     10.897     10.924      0.466    1482.58    1482.58  0.000e+00
      27263     11.500     8.3072     8.3081     0.0009    3.56200    3.56218          1     6.3685     6.3583      80.64     0.3855     0.2905  1.000e-12  0.6265000    34.0590    34.0600     0.0011    26.4887    26.4894     11.393     11.420      0.563    1482.65    1482.66  0.000e+00
      27283     12.000     8.3187     8.3200     0.0013    3.56347    3.56364          1     6.3681     6.3556      80.28     0.3974     0.2880  1.000e-12  0.6415000    34.0632    34.0637     0.0005    26.4903    26.4905     11.888     11.916      0.596    1482.71    1482.72  0.000e+00
      27304     12.500     8.3244     8.3247     0.0003    3.56548    3.56549          1     6.3653     6.3565      79.76     0.3608     0.2336  1.000e-12  0.6387000    34.0788    34.0786    -0.0002    26.5017    26.5015     12.383     12.412      0.476    1482.76    1482.76  0.000e+00
      27344     13.000     8.3258     8.3267     0.0009    3.56613    3.56626          1     6.3601     6.3476      79.09     0.3635     0.1932  1.000e-12  0.6294000    34.0841    34.0846     0.0005    26.5057    26.5059     12.879     12.908      0.296    1482.78    1482.78  0.000e+00
      27376     13.500     8.3234     8.3238     0.0004    3.56650    3.56652          1     6.3588     6.3477      78.75     0.3556     0.2032  1.000e-12  0.5877000    34.0901    34.0899    -0.0002    26.5108    26.5105     13.374     13.405      0.634    1482.79    1482.79  0.000e+00
      27391     14.000     8.3307     8.3310     0.0003    3.56907    3.56909          1     6.3614     6.3408      78.50     0.3514     0.2320  1.000e-12  0.6141000    34.1101    34.1101    -0.0001    26.5253    26.5252     13.869     13.901      0.745    1482.85    1482.85  0.000e+00
      27407     14.500     8.3414     8.3429     0.0015    3.57119    3.57141          1     6.3587     6.3379      78.05     0.3446     0.2384  1.000e-12  0.6430000    34.1221    34.1230     0.0009    26.5331    26.5335     14.365     14.397      0.650    1482.91    1482.92  0.000e+00
      27433     15.000     8.3461     8.3470     0.0008    3.57194    3.57204          1     6.3538     6.3433      76.96     0.3459     0.2166  1.000e-12  0.6630000    34.1252    34.1254     0.0002    26.5348    26.5348     14.860     14.893      0.380    1482.94    1482.94  0.000e+00
      27473     15.500     8.3493     8.3504     0.0010    3.57243    3.57261          1     6.3600     6.3416      75.82     0.3898     0.2282  1.000e-12  0.6214000    34.1270    34.1280     0.0010    26.5357    26.5363     15.355     15.389      0.403    1482.96    1482.97  0.000e+00
      27494     16.000     8.3562     8.3569     0.0007    3.57344    3.57354          1     6.3643     6.3410      75.51     0.3521     0.2331  1.000e-12  0.6160000    34.1309    34.1313     0.0004    26.5377    26.5379     15.851     15.885      0.686    1483.00    1483.00  0.000e+00
      27509     16.500     8.3621     8.3615    -0.0006    3.57430    3.57422          1     6.3655     6.3385      75.40     0.3327     0.2267  1.000e-12  0.6316000    34.1340    34.1337    -0.0003    26.5393    26.5392     16.346     16.381      0.720    1483.03    1483.03  0.000e+00
      27528     17.000     8.3646     8.3638    -0.0007    3.57472    3.57464          1     6.3558     6.3416      75.14     0.3231     0.2328  1.000e-12  0.6764000    34.1359    34.1358    -0.0001    26.5404    26.5404     16.841     16.877      0.490    1483.05    1483.05  0.000e+00
      27578     17.500     8.3688     8.3724     0.0035    3.57538    3.57584          1     6.3522     6.3423      74.44     0.3218     0.2387  1.000e-12  0.5595000    34.1385    34.1399     0.0014    26.5418    26.5423     17.337     17.373      0.367    1483.08    1483.10  0.000e+00
      27603     18.000     8.3791     8.3809     0.0017    3.57703    3.57726          1     6.3562     6.3354      73.92     0.3205     0.2053  1.000e-12  0.5787000    34.1458    34.1465     0.0007    26.5460    26.5462     17.832     17.870      0.690    1483.14    1483.15  0.000e+00
      27618     18.500     8.3891     8.3899     0.0008    3.57865    3.57872          1     6.3582     6.3329      73.31     0.3178     0.2176  1.000e-12  0.5956000    34.1531    34.1530    -0.0001    26.5501    26.5499     18.327     18.366      0.806    1483.19    1483.20  0.000e+00
      27632     19.000     8.3901     8.3910     0.0009    3.57882    3.57891          1     6.3578     6.3331      72.87     0.3093     0.2214  1.000e-12  0.6405000    34.1537    34.1537     0.0000    26.5505    26.5503     18.822     18.862      0.771    1483.21    1483.21  0.000e+00
      27650     19.500     8.3889     8.3895     0.0006    3.57873    3.57880          1     6.3574     6.3363      72.50     0.3548     0.2084  1.000e-12  0.6539000    34.1536    34.1538     0.0002    26.5506    26.5506     19.318     19.358      0.544    1483.21    1483.21  0.000e+00
      27696     20.000     8.3867     8.3871     0.0003    3.57849    3.57848          1     6.3503     6.3438      71.63     0.3688     0.2462  1.000e-12  0.5851000    34.1530    34.1525    -0.0004    26.5504    26.5500     19.813     19.854      0.298    1483.21    1483.21  0.000e+00
      27733     20.500     8.3873     8.3877     0.0005    3.57870    3.57880          1     6.3515     6.3431      70.99     0.3568     0.2770  1.000e-12  0.5738000    34.1544    34.1550     0.0006    26.5514    26.5518     20.308     20.350      0.629    1483.22    1483.22  0.000e+00
      27748     21.000     8.3879     8.3888     0.0010    3.57915    3.57925          1     6.3548     6.3416      70.71     0.3366     0.2824  1.000e-12  0.6224000    34.1584    34.1585     0.0002    26.5545    26.5544     20.804     20.846      0.799    1483.24    1483.24  0.000e+00
      27762     21.500     8.3906     8.3913     0.0008    3.57960    3.57968          1     6.3552     6.3409      70.29     0.3100     0.2931  1.000e-12  0.6695000    34.1603    34.1604     0.0001    26.5556    26.5555     21.299     21.342      0.815    1483.26    1483.26  0.000e+00
      27777     22.000     8.3912     8.3920     0.0008    3.57974    3.57982          1     6.3539     6.3428      69.72     0.3413     0.2205  1.000e-12  0.6844000    34.1609    34.1610     0.0001    26.5560    26.5559     21.794     21.838      0.673    1483.27    1483.27  0.000e+00
      27809     22.500     8.3906     8.3908     0.0002    3.57968    3.57965          1     6.3521     6.3386      67.52     0.3306     0.2156  1.000e-12  0.6567000    34.1607    34.1601    -0.0005    26.5558    26.5554     22.290     22.334      0.334    1483.27    1483.27  0.000e+00
      27860     23.000     8.3961     8.3946    -0.0016    3.58045    3.58023          1     6.3462     6.3220      67.58     0.3159     0.1668  1.000e-12  0.5605000    34.1632    34.1624    -0.0009    26.5570    26.5566     22.785     22.830      0.458    1483.30    1483.30  0.000e+00
      27878     23.500     8.4011     8.4008    -0.0003    3.58121    3.58116          1     6.3468     6.3235      68.43     0.3076     0.1888  1.000e-12  0.6238000    34.1662    34.1659    -0.0003    26.5586    26.5584     23.280     23.327      0.659    1483.34    1483.34  0.000e+00
      27895     24.000     8.4030     8.4038     0.0008    3.58148    3.58157          1     6.3488     6.3251      68.13     0.2970     0.2082  1.000e-12  0.6685000    34.1670    34.1672     0.0002    26.5590    26.5590     23.776     23.823      0.680    1483.35    1483.36  0.000e+00
      27913     24.500     8.4053     8.4061     0.0008    3.58181    3.58190          1     6.3499     6.3298      67.59     0.2969     0.2330  1.000e-12  0.6718000    34.1680    34.1683     0.0003    26.5593    26.5594     24.271     24.319      0.586    1483.37    1483.37  0.000e+00
      27937     25.000     8.4088     8.4094     0.0007    3.58225    3.58238          1     6.3455     6.3290      66.95     0.3178     0.2921  1.000e-12  0.6525000    34.1690    34.1698     0.0008    26.5596    26.5602     24.766     24.815      0.476    1483.39    1483.40  0.000e+00
      27963     25.500     8.4142     8.4150     0.0008    3.58312    3.58320          1     6.3443     6.3320      66.62     0.3100     0.2551  1.000e-12  0.6601000    34.1728    34.1729     0.0001    26.5618    26.5617     25.261     25.311      0.490    1483.43    1483.43  0.000e+00
      27987     26.000     8.4170     8.4176     0.0006    3.58356    3.58363          1     6.3479     6.3381      66.08     0.3192     0.2265  1.000e-12  0.6552000    34.1745    34.1747     0.0002    26.5627    26.5627     25.757     25.807      0.431    1483.45    1483.45  0.000e+00
      28027     26.500     8.4160     8.4162     0.0002    3.58348    3.58348          1     6.3479     6.3346      65.49     0.3392     0.1792  1.000e-12  0.6221000    34.1744    34.1742    -0.0002    26.5627    26.5626     26.252     26.303      0.269    1483.45    1483.45  0.000e+00
      28064     27.000     8.4188     8.4205     0.0017    3.58385    3.58400          1     6.3496     6.3351      65.07     0.3118     0.2026  1.000e-12  0.6153000    34.1754    34.1754    -0.0000    26.5631    26.5628     26.747     26.799      0.616    1483.47    1483.48  0.000e+00
      28078     27.500     8.4174     8.4181     0.0008    3.58374    3.58381          1     6.3482     6.3308      64.75     0.3090     0.2065  1.000e-12  0.6548000    34.1754    34.1753    -0.0001    26.5633    26.5631     27.243     27.295      0.869    1483.47    1483.48  0.000e+00
      28090     28.000     8.4176     8.4185     0.0008    3.58373    3.58386          1     6.3466     6.3313      64.40     0.3091     0.2422  1.000e-12  0.7337000    34.1748    34.1753     0.0005    26.5628    26.5631     27.738     27.791      0.939    1483.48    1483.48  0.000e+00
