ctdpy/exports/archive_20191120_135557/received_data/SBE09_0827_20180120_1538_26_01_0132.cnv
* Sea-Bird SBE 9 Data File:
* FileName = D:\CTD_SBE911\DAT\26DA.2018.1.32.hex
* Software Version Seasave V 7.21d
* Temperature SN = 034757
* Conductivity SN = 041844
* Number of Bytes Per Scan = 48
* Number of Voltage Words = 5
* Number of Scans Averaged by the Deck Unit = 1
* NMEA Latitude = 57 45.85 N
* NMEA Longitude = 008 43.68 E
* NMEA UTC (Time) = Jan 20 2018  15:38:39
* NMEA baud rate = 4800
** Ship: DANA
** Average sound velocity: 1482.37 m/s
** True-depth calculation Thu, 28 Mar 2019 08:24:19 +0000
** CTD Python Module SMHI /ver 3-12/ feb 2012 
** LIMS Job: 20182601-0132
** 36N
** Operator:Ronny Sørensen
** Cruise: 01/2018
# nquan = 26
# nvalues = 445                         
# units = specified
# name 0 = scan: Scan Count
# name 1 = prDM: Pressure, Digiquartz [db]
# name 2 = t090C: Temperature [ITS-90, deg C]
# name 3 = t190C: Temperature, 2 [ITS-90, deg C]
# name 4 = T2-T190C: Temperature Difference, 2 - 1 [ITS-90, deg C]
# name 5 = c0S/m: Conductivity [S/m]
# name 6 = c1S/m: Conductivity, 2 [S/m]
# name 7 = pumps: Pump Status
# name 8 = sbeox1ML/L: Oxygen, SBE 43, 2 [ml/l]
# name 9 = sbeox0ML/L: Oxygen, SBE 43 [ml/l]
# name 10 = altM: Altimeter [m]
# name 11 = chloroflTC0: Chlorophyll, Turner Cyclops [ug/l]
# name 12 = cpar: CPAR/Corrected Irradiance [%]
# name 13 = par: PAR/Irradiance, Biospherical/Lico [µE/(cm^2*s)]
# name 14 = spar: SPAR, Biospherical/Licor
# name 15 = sal00: Salinity, Practical [PSU]
# name 16 = sal11: Salinity, Practical, 2 [PSU]
# name 17 = secS-priS: Salinity, Practical, Difference, 2 - 1 [PSU]
# name 18 = sigma-t00: Density [sigma-t, kg/m^3 ]
# name 19 = sigma-t11: Density, 2 [sigma-t, kg/m^3 ]
# name 20 = depSM: Depth [salt water, m], lat = 57.7642
# name 21 = depFM: Depth [true depth, m], lat = 57.7642
# name 22 = dz/dtM: Descent Rate [m/s], WS = 2
# name 23 = svCM: Sound Velocity [Chen-Millero, m/s]
# name 24 = svCM1: Sound Velocity, 2 [Chen-Millero, m/s]
# name 25 = flag: flag
# span 0 =         83,      16843       
# span 1 =      1.500,    223.500       
# span 2 =     5.5632,     8.8911       
# span 3 =     5.5627,     8.8875       
# span 4 =    -0.2796,     0.0773       
# span 5 =   3.214142,   3.696503       
# span 6 =   3.214349,   3.696015       
# span 7 =          1,          1       
# span 8 =     4.9923,     6.3817       
# span 9 =     5.0772,     6.5240       
# span 10 =       2.72,      10.30      
# span 11 =     0.0146,     0.0290      
# span 12 = 2.4610e-11, 4.0679e-08      
# span 13 = 1.0000e-12, 1.0000e-12      
# span 14 = 2.0258e+00, 4.0625e+00      
# span 15 =    32.9182,    35.1262      
# span 16 =    32.9214,    35.1332      
# span 17 =    -0.4255,     0.1045      
# span 18 =    25.9604,    27.3510      
# span 19 =    25.9629,    27.3531      
# span 20 =      1.486,    221.313      
# span 21 =      1.489,    221.637      
# span 22 =     -0.001,      1.010      
# span 23 =    1470.39,    1487.54      
# span 24 =    1470.39,    1487.55      
# span 25 = 0.0000e+00, 0.0000e+00      
# interval = decibars: 0.5              
# start_time = Jan 20 2018 15:38:39 [NMEA time, first data scan]
# bad_flag = -9.990e-29
*END*
[from data line 56]
       3008     29.500     8.7029     8.6661    -0.0370    3.67280    3.66350          1     5.6588     5.7065       9.96     0.0220  2.553e-11  1.000e-12  3.987e+00    34.8378    34.7758    -0.0621    27.0384    26.9956     29.225     29.273      0.414    1485.39    1485.18  0.000e+00
       3042     30.000     8.7726     8.7173    -0.0551    3.68137    3.67215          1     5.6269     5.6672       9.96     0.0222  2.669e-11  1.000e-12  3.891e+00    34.8593    34.8165    -0.0428    27.0443    27.0194     29.720     29.769      0.255    1485.68    1485.42  0.000e+00
       3135     30.500     8.8302     8.8256    -0.0045    3.68786    3.68539          1     5.5675     5.6478       9.96     0.0208  2.647e-11  1.000e-12  3.909e+00    34.8709    34.8493    -0.0216    27.0442    27.0280     30.216     30.264      0.324    1485.92    1485.87  0.000e+00
       3161     31.000     8.8516     8.8490    -0.0026    3.69045    3.68815          1     5.5618     5.6392       9.96     0.0208  2.670e-11  1.000e-12  3.890e+00    34.8767    34.8551    -0.0216    27.0454    27.0289     30.711     30.760      0.409    1486.01    1485.97  0.000e+00
       3210     31.500     8.8602     8.8557    -0.0045    3.69135    3.68959          1     5.5569     5.6330       9.96     0.0211  2.747e-11  1.000e-12  3.827e+00    34.8776    34.8634    -0.0141    27.0447    27.0343     31.206     31.256      0.240    1486.05    1486.02  0.000e+00
       3268     32.000     8.8668     8.8650    -0.0018    3.69203    3.69087          1     5.5677     5.6400       9.96     0.0217  2.815e-11  1.000e-12  3.771e+00    34.8779    34.8675    -0.0104    27.0439    27.0360     31.702     31.752      0.323    1486.08    1486.06  0.000e+00
       3302     32.500     8.8682     8.8657    -0.0025    3.69223    3.69122          1     5.5372     5.6257       9.96     0.0211  2.601e-11  1.000e-12  3.947e+00    34.8785    34.8703    -0.0082    27.0441    27.0381     32.197     32.248      0.353    1486.10    1486.08  0.000e+00
       3335     33.000     8.8667     8.8642    -0.0026    3.69226    3.69139          1     5.5425     5.6275       9.96     0.0208  2.616e-11  1.000e-12  3.935e+00    34.8800    34.8734    -0.0066    27.0455    27.0407     32.692     32.744      0.361    1486.10    1486.09  0.000e+00
       3406     33.500     8.8623     8.8607    -0.0016    3.69238    3.69170          1     5.5185     5.6259       9.96     0.0208  2.597e-11  1.000e-12  3.950e+00    34.8854    34.8797    -0.0057    27.0505    27.0463     33.188     33.240      0.298    1486.10    1486.09  0.000e+00
       3467     34.000     8.8618     8.8617    -0.0000    3.69243    3.69208          1     5.5128     5.6277       9.96     0.0209  2.686e-11  1.000e-12  3.877e+00    34.8861    34.8825    -0.0036    27.0511    27.0483     33.683     33.735      0.533    1486.11    1486.11  0.000e+00
       3489     34.500     8.8621     8.8643     0.0022    3.69268    3.69240          1     5.5222     5.6281       9.96     0.0208  3.085e-11  1.000e-12  3.548e+00    34.8882    34.8831    -0.0051    27.0527    27.0484     34.178     34.231      0.485    1486.12    1486.12  0.000e+00
       3528     35.000     8.8757     8.8741    -0.0016    3.69449    3.69376          1     5.5458     5.6321       9.96     0.0206  2.689e-11  1.000e-12  3.874e+00    34.8937    34.8875    -0.0061    27.0548    27.0503     34.673     34.727      0.248    1486.19    1486.17  0.000e+00
       3598     35.500     8.8873     8.8853    -0.0020    3.69587    3.69557          1     5.5377     5.6251       9.96     0.0208  2.964e-11  1.000e-12  3.647e+00    34.8966    34.8953    -0.0012    27.0552    27.0546     35.169     35.223      0.261    1486.24    1486.23  0.000e+00
       3653     36.000     8.8911     8.8875    -0.0037    3.69650    3.69602          1     5.5602     5.6291       9.96     0.0208  2.846e-11  1.000e-12  3.745e+00    34.8991    34.8976    -0.0015    27.0566    27.0560     35.664     35.719      0.234    1486.27    1486.25  0.000e+00
       3697     36.500     8.8737     8.8768     0.0030    3.69453    3.69581          1     5.5369     5.6233       9.96     0.0206  3.129e-11  1.000e-12  3.511e+00    34.8953    34.9057     0.0104    27.0564    27.0641     36.159     36.215      0.435    1486.21    1486.23  0.000e+00
       3722     37.000     8.8355     8.8349    -0.0006    3.69102    3.69134          1     5.5311     5.6278       9.96     0.0207  2.892e-11  1.000e-12  3.707e+00    34.8957    34.8997     0.0040    27.0628    27.0661     36.655     36.711      0.389    1486.07    1486.08  0.000e+00
       3806     37.500     8.8291     8.8269    -0.0022    3.69101    3.69068          1     5.5376     5.6288       9.96     0.0206  3.120e-11  1.000e-12  3.519e+00    34.9017    34.9005    -0.0012    27.0685    27.0679     37.150     37.206      0.343    1486.07    1486.05  0.000e+00
       3838     38.000     8.8515     8.8508    -0.0008    3.69397    3.69358          1     5.5365     5.6318       9.96     0.0208  3.179e-11  1.000e-12  3.470e+00    34.9105    34.9071    -0.0034    27.0718    27.0693     37.645     37.702      0.453    1486.17    1486.16  0.000e+00
       3881     38.500     8.8019     8.8114     0.0095    3.68829    3.68985          1     5.5619     5.6546       9.95     0.0208  3.212e-11  1.000e-12  3.443e+00    34.8994    34.9065     0.0071    27.0710    27.0751     38.140     38.198      0.270    1485.98    1486.02  0.000e+00
       3925     39.000     8.7156     8.7378     0.0221    3.67805    3.68423          1     5.5855     5.6772       9.96     0.0223  3.031e-11  1.000e-12  3.592e+00    34.8762    34.9196     0.0434    27.0665    27.0970     38.636     38.694      0.431    1485.64    1485.77  0.000e+00
       3970     39.500     8.5467     8.5750     0.0281    3.66011    3.66636          1     5.6025     5.7398       9.96     0.0223  3.403e-11  1.000e-12  3.286e+00    34.8529    34.8911     0.0382    27.0747    27.1002     39.131     39.190      0.377    1484.99    1485.14  0.000e+00
       4052     40.000     8.4341     8.4405     0.0064    3.64750    3.65346          1     5.6576     5.7979       9.96     0.0208  4.009e-11  1.000e-12  2.785e+00    34.8300    34.8871     0.0571    27.0742    27.1180     39.626     39.686      0.602    1484.55    1484.65  0.000e+00
       4070     40.500     8.2705     8.2504    -0.0202    3.62880    3.63671          1     5.6841     5.8354       9.96     0.0208  3.526e-11  1.000e-12  3.184e+00    34.7926    34.8970     0.1045    27.0700    27.1550     40.122     40.181      0.532    1483.90    1483.95  0.000e+00
       4121     41.000     8.0229     8.0668     0.0439    3.60323    3.61121          1     5.7814     5.9092       9.96     0.0214  3.508e-11  1.000e-12  3.199e+00    34.7643    34.8063     0.0420    27.0853    27.1116     40.617     40.677      0.249    1482.94    1483.16  0.000e+00
       4185     41.500     7.9204     7.9783     0.0580    3.59299    3.60131          1     5.8359     5.9549       9.96     0.0220  3.629e-11  1.000e-12  3.099e+00    34.7561    34.7878     0.0318    27.0942    27.1105     41.112     41.173      0.254    1482.55    1482.81  0.000e+00
       4227     42.000     7.8353     7.9127     0.0773    3.58352    3.59552          1     5.8355     5.9647       9.95     0.0213  3.790e-11  1.000e-12  2.966e+00    34.7385    34.7907     0.0522    27.0929    27.1225     41.607     41.669      0.356    1482.22    1482.58  0.000e+00
       4258     42.500     7.7599     7.8132     0.0533    3.57578    3.58449          1     5.8357     5.9773       9.96     0.0217  3.690e-11  1.000e-12  3.049e+00    34.7298    34.7708     0.0410    27.0973    27.1216     42.103     42.165      0.315    1481.93    1482.18  0.000e+00
       4339     43.000     7.7036     7.7246     0.0210    3.57003    3.57395          1     5.9245     5.9942       9.96     0.0220  3.634e-11  1.000e-12  3.095e+00    34.7236    34.7450     0.0214    27.1007    27.1144     42.598     42.661      0.304    1481.71    1481.82  0.000e+00
       4373     43.500     7.6825     7.6989     0.0164    3.56799    3.57147          1     5.9055     6.0029       9.96     0.0225  3.719e-11  1.000e-12  3.025e+00    34.7223    34.7436     0.0213    27.1027    27.1171     43.093     43.156      0.334    1481.64    1481.73  0.000e+00
       4435     44.000     7.6845     7.6877     0.0036    3.56802    3.56997          1     5.9366     6.0181       9.96     0.0227  3.551e-11  1.000e-12  3.164e+00    34.7203    34.7383     0.0180    27.1009    27.1145     43.588     43.652      0.288    1481.66    1481.69  0.000e+00
       4473     44.500     7.5786     7.6145     0.0353    3.55680    3.56458          1     5.9241     6.0278       9.95     0.0227  4.106e-11  1.000e-12  2.706e+00    34.7043    34.7529     0.0485    27.1038    27.1367     44.084     44.148      0.522    1481.24    1481.44  0.000e+00
       4494     45.000     7.5403     7.5843     0.0439    3.55254    3.55974          1     5.9289     6.0381       9.95     0.0220  4.432e-11  1.000e-12  2.437e+00    34.6960    34.7303     0.0342    27.1028    27.1233     44.579     44.644      0.440    1481.09    1481.30  0.000e+00
       4585     45.500     7.4096     7.4463     0.0370    3.53798    3.54720          1     6.0044     6.0991       9.96     0.0228  4.693e-11  1.000e-12  2.221e+00    34.6681    34.7318     0.0637    27.0996    27.1444     45.074     45.140      0.461    1480.56    1480.79  0.000e+00
       4615     46.000     7.2883     7.3371     0.0484    3.52658    3.53549          1     5.9975     6.1263       9.96     0.0221  4.377e-11  1.000e-12  2.482e+00    34.6651    34.7134     0.0483    27.1145    27.1456     45.570     45.636      0.605    1480.11    1480.35  0.000e+00
       4638     46.500     7.2459     7.3039     0.0578    3.52158    3.53137          1     6.0033     6.1552       9.96     0.0228  4.413e-11  1.000e-12  2.452e+00    34.6526    34.7015     0.0489    27.1107    27.1410     46.065     46.131      0.400    1479.93    1480.22  0.000e+00
       4755     47.000     7.1184     7.1315     0.0131    3.50951    3.51229          1     6.0869     6.1990       9.95     0.0241  4.482e-11  1.000e-12  2.396e+00    34.6482    34.6656     0.0174    27.1251    27.1370     46.560     46.627      0.310    1479.45    1479.52  0.000e+00
       4779     47.500     7.1384     7.1289    -0.0096    3.51200    3.51203          1     6.0826     6.1839       9.95     0.0237  4.163e-11  1.000e-12  2.659e+00    34.6551    34.6650     0.0099    27.1278    27.1370     47.055     47.123      0.474    1479.54    1479.52  0.000e+00
       4804     48.000     7.1482     7.1381    -0.0102    3.51295    3.51274          1     6.1028     6.1860       9.95     0.0244  4.428e-11  1.000e-12  2.440e+00    34.6555    34.6633     0.0079    27.1267    27.1343     47.551     47.619      0.476    1479.59    1479.56  0.000e+00
       4831     48.500     7.1524     7.1496    -0.0029    3.51358    3.51412          1     6.1156     6.1842       9.96     0.0247  4.465e-11  1.000e-12  2.410e+00    34.6579    34.6666     0.0087    27.1280    27.1353     48.046     48.115      0.368    1479.61    1479.61  0.000e+00
       4921     49.000     7.1608     7.1602    -0.0007    3.51462    3.51534          1     6.1103     6.1808       9.95     0.0247  4.502e-11  1.000e-12  2.379e+00    34.6606    34.6691     0.0085    27.1290    27.1358     48.541     48.611      0.351    1479.66    1479.67  0.000e+00
       4956     49.500     7.1614     7.1616     0.0001    3.51469    3.51548          1     6.1084     6.1825       9.95     0.0244  4.473e-11  1.000e-12  2.403e+00    34.6604    34.6690     0.0086    27.1287    27.1355     49.036     49.106      0.596    1479.67    1479.68  0.000e+00
       4976     50.000     7.1616     7.1629     0.0013    3.51474    3.51564          1     6.1046     6.1793       9.95     0.0244  4.489e-11  1.000e-12  2.390e+00    34.6606    34.6692     0.0085    27.1289    27.1354     49.532     49.602      0.508    1479.68    1479.69  0.000e+00
       5056     50.500     7.1620     7.1621     0.0000    3.51484    3.51554          1     6.0831     6.1813       9.96     0.0244  4.579e-11  1.000e-12  2.316e+00    34.6610    34.6687     0.0077    27.1291    27.1352     50.027     50.098      0.275    1479.69    1479.70  0.000e+00
       5112     51.000     7.1651     7.1630    -0.0020    3.51519    3.51555          1     6.0759     6.1853       9.96     0.0243  4.690e-11  1.000e-12  2.224e+00    34.6616    34.6675     0.0059    27.1291    27.1341     50.522     50.594      0.369    1479.71    1479.71  0.000e+00
       5145     51.500     7.1642     7.1650     0.0008    3.51514    3.51578          1     6.0825     6.1780       9.95     0.0246  4.521e-11  1.000e-12  2.363e+00    34.6617    34.6678     0.0062    27.1293    27.1341     51.017     51.090      0.339    1479.71    1479.72  0.000e+00
       5182     52.000     7.1600     7.1644     0.0044    3.51471    3.51579          1     6.0826     6.1813       9.95     0.0248  4.728e-11  1.000e-12  2.193e+00    34.6610    34.6684     0.0074    27.1294    27.1346     51.513     51.585      0.320    1479.71    1479.73  0.000e+00
       5219     52.500     7.1575     7.1612     0.0037    3.51452    3.51547          1     6.0946     6.1832       9.96     0.0248  4.658e-11  1.000e-12  2.250e+00    34.6611    34.6677     0.0067    27.1298    27.1346     52.008     52.081      0.322    1479.70    1479.73  0.000e+00
       5283     53.000     7.1573     7.1584     0.0011    3.51453    3.51516          1     6.0551     6.1804       9.96     0.0249  4.772e-11  1.000e-12  2.156e+00    34.6612    34.6669     0.0057    27.1299    27.1343     52.503     52.577      0.227    1479.71    1479.72  0.000e+00
       5359     53.500     7.1488     7.1475    -0.0013    3.51363    3.51432          1     6.0531     6.1761       9.95     0.0244  4.572e-11  1.000e-12  2.321e+00    34.6596    34.6684     0.0088    27.1298    27.1370     52.998     53.073      0.405    1479.69    1479.69  0.000e+00
       5384     54.000     7.1425     7.1424    -0.0002    3.51318    3.51373          1     6.0923     6.1871       9.95     0.0246  4.830e-11  1.000e-12  2.108e+00    34.6607    34.6669     0.0062    27.1316    27.1365     53.494     53.569      0.392    1479.67    1479.68  0.000e+00
       5434     54.500     7.1443     7.1456     0.0012    3.51339    3.51392          1     6.0812     6.1894       9.96     0.0254  4.656e-11  1.000e-12  2.252e+00    34.6609    34.6654     0.0045    27.1315    27.1349     53.989     54.065      0.204    1479.68    1479.70  0.000e+00
       5497     55.000     7.1466     7.1449    -0.0017    3.51373    3.51399          1     6.0813     6.1894       9.96     0.0272  4.760e-11  1.000e-12  2.166e+00    34.6621    34.6667     0.0046    27.1321    27.1360     54.484     54.560      0.270    1479.70    1479.70  0.000e+00
       5531     55.500     7.1489     7.1482    -0.0006    3.51401    3.51439          1     6.0915     6.1904       9.95     0.0260  4.725e-11  1.000e-12  2.195e+00    34.6626    34.6674     0.0048    27.1322    27.1361     54.979     55.056      0.397    1479.72    1479.73  0.000e+00
       5562     56.000     7.1510     7.1496    -0.0015    3.51432    3.51450          1     6.0775     6.1887       9.95     0.0257  4.651e-11  1.000e-12  2.256e+00    34.6636    34.6671     0.0035    27.1327    27.1357     55.475     55.552      0.308    1479.74    1479.74  0.000e+00
       5634     56.500     7.1589     7.1623     0.0033    3.51529    3.51566          1     6.0645     6.1913       9.95     0.0247  4.744e-11  1.000e-12  2.179e+00    34.6660    34.6667     0.0007    27.1335    27.1336     55.970     56.048      0.249    1479.78    1479.79  0.000e+00
