ctdpy/exports/archive_20191120_135557/received_data/SBE09_0827_20181126_0605_26_01_1248.cnv
* Sea-Bird SBE 9 Data File:
* FileName = D:\CTD_SBE911\DAT\26DA.2018.12.48.hex
* Software Version Seasave V 7.21d
* Temperature SN = 4548
* Conductivity SN = 3062
* Number of Bytes Per Scan = 48
* Number of Voltage Words = 5
* Number of Scans Averaged by the Deck Unit = 1
* NMEA Latitude = 57 00.07 N
* NMEA Longitude = 017 09.13 E
* NMEA UTC (Time) = Nov 26 2018  06:06:11
* NMEA baud rate = 4800
** Ship: DANA
** Average sound velocity: 1443.55 m/s
** True-depth calculation Tue, 02 Apr 2019 12:15:14 +0000
** CTD Python Module SMHI /ver 3-12/ feb 2012 
** LIMS Job: 20182601-1248
** Operator: Ronny
** Cruise: 12/2018
# nquan = 26
# nvalues = 113                         
# units = specified
# name 0 = scan: Scan Count
# name 1 = prDM: Pressure, Digiquartz [db]
# name 2 = t090C: Temperature [ITS-90, deg C]
# name 3 = t190C: Temperature, 2 [ITS-90, deg C]
# name 4 = T2-T190C: Temperature Difference, 2 - 1 [ITS-90, deg C]
# name 5 = c0S/m: Conductivity [S/m]
# name 6 = c1S/m: Conductivity, 2 [S/m]
# name 7 = pumps: Pump Status
# name 8 = sbeox1ML/L: Oxygen, SBE 43, 2 [ml/l]
# name 9 = sbeox0ML/L: Oxygen, SBE 43 [ml/l]
# name 10 = altM: Altimeter [m]
# name 11 = chloroflTC0: Chlorophyll, Turner Cyclops [ug/l]
# name 12 = cpar: CPAR/Corrected Irradiance [%]
# name 13 = par: PAR/Irradiance, Biospherical/Lico [µE/(cm^2*s)]
# name 14 = spar: SPAR, Biospherical/Licor
# name 15 = sal00: Salinity, Practical [PSU]
# name 16 = sal11: Salinity, Practical, 2 [PSU]
# name 17 = secS-priS: Salinity, Practical, Difference, 2 - 1 [PSU]
# name 18 = sigma-t00: Density [sigma-t, kg/m^3 ]
# name 19 = sigma-t11: Density, 2 [sigma-t, kg/m^3 ]
# name 20 = depSM: Depth [salt water, m], lat = 57.0012
# name 21 = depFM: Depth [true depth, m], lat = 57.0012
# name 22 = dz/dtM: Descent Rate [m/s], WS = 2
# name 23 = svCM: Sound Velocity [Chen-Millero, m/s]
# name 24 = svCM1: Sound Velocity, 2 [Chen-Millero, m/s]
# name 25 = flag: flag
# span 0 =        358,       6089       
# span 1 =      1.500,     57.500       
# span 2 =     4.8876,     7.1749       
# span 3 =     4.8771,     7.1770       
# span 4 =    -0.0957,     0.0307       
# span 5 =   0.804730,   0.822684       
# span 6 =   0.804714,   0.822684       
# span 7 =          1,          1       
# span 8 =     5.4296,     7.6902       
# span 9 =     5.6284,     7.9229       
# span 10 =       0.79,       9.96      
# span 11 =     0.0158,     0.0275      
# span 12 = 4.9241e-11, 4.9241e-11      
# span 13 = 1.0000e-12, 1.0000e-12      
# span 14 = 2.0308e+00, 2.0308e+00      
# span 15 =     7.0217,     7.5725      
# span 16 =     7.0215,     7.5749      
# span 17 =    -0.0030,     0.0173      
# span 18 =     5.4529,     5.9916      
# span 19 =     5.4528,     5.9940      
# span 20 =      1.486,     56.964      
# span 21 =      1.520,     58.244      
# span 22 =     -0.129,      0.484      
# span 23 =    1436.33,    1445.09      
# span 24 =    1436.29,    1445.09      
# span 25 = 0.0000e+00, 0.0000e+00      
# interval = decibars: 0.5              
# start_time = Nov 26 2018 06:06:12 [NMEA time, first data scan]
# bad_flag = -9.990e-29
*END*
[from data line 56]
       2953     29.500     7.1678     7.1677    -0.0001    0.81903    0.81900          1     7.5032     7.7359       9.96     0.0208  4.924e-11  1.000e-12  2.031e+00     7.0936     7.0933    -0.0003     5.4911     5.4909     29.227     29.884      0.266    1445.06    1445.06  0.000e+00
       3001     30.000     7.1297     7.1225    -0.0072    0.81815    0.81804          1     7.5211     7.7633       9.96     0.0207  4.924e-11  1.000e-12  2.031e+00     7.0932     7.0936     0.0004     5.4934     5.4942     29.722     30.390      0.235    1444.91    1444.88  0.000e+00
       3049     30.500     7.1108     7.1093    -0.0016    0.81802    0.81798          1     7.5140     7.7783       9.96     0.0208  4.924e-11  1.000e-12  2.031e+00     7.0957     7.0957     0.0000     5.4967     5.4968     30.218     30.897      0.273    1444.84    1444.84  0.000e+00
       3094     31.000     7.1065     7.1060    -0.0005    0.81809    0.81807          1     7.5407     7.7880       9.96     0.0210  4.924e-11  1.000e-12  2.031e+00     7.0972     7.0971    -0.0001     5.4982     5.4981     30.713     31.403      0.252    1444.84    1444.83  0.000e+00
       3142     31.500     7.0995     7.0983    -0.0012    0.81832    0.81834          1     7.5438     7.7772       9.96     0.0208  4.924e-11  1.000e-12  2.031e+00     7.1007     7.1012     0.0005     5.5014     5.5018     31.208     31.910      0.269    1444.82    1444.82  0.000e+00
       3185     32.000     7.0310     7.0241    -0.0068    0.81662    0.81653          1     7.5862     7.8275       9.96     0.0211  4.924e-11  1.000e-12  2.031e+00     7.0989     7.0994     0.0005     5.5046     5.5055     31.704     32.416      0.271    1444.54    1444.51  0.000e+00
       3233     32.500     6.9746     6.9592    -0.0154    0.81513    0.81483          1     7.6364     7.8691       9.96     0.0220  4.924e-11  1.000e-12  2.031e+00     7.0965     7.0968     0.0004     5.5065     5.5078     32.199     32.923      0.243    1444.31    1444.24  0.000e+00
       3279     33.000     6.9087     6.8974    -0.0114    0.81332    0.81309          1     7.6475     7.8914       9.96     0.0220  4.924e-11  1.000e-12  2.031e+00     7.0931     7.0932     0.0001     5.5081     5.5090     32.694     33.429      0.272    1444.03    1443.99  0.000e+00
       3325     33.500     6.8821     6.8761    -0.0061    0.81262    0.81251          1     7.6755     7.9080       9.96     0.0226  4.924e-11  1.000e-12  2.031e+00     7.0919     7.0921     0.0002     5.5090     5.5095     33.190     33.936      0.247    1443.93    1443.90  0.000e+00
       3374     34.000     6.8577     6.8411    -0.0165    0.81193    0.81154          1     7.6902     7.9143       9.96     0.0232  4.924e-11  1.000e-12  2.031e+00     7.0904     7.0901    -0.0003     5.5094     5.5103     33.685     34.442      0.252    1443.83    1443.76  0.000e+00
       3418     34.500     6.8253     6.8232    -0.0021    0.81116    0.81116          1     7.6859     7.9208       9.96     0.0233  4.924e-11  1.000e-12  2.031e+00     7.0898     7.0902     0.0004     5.5110     5.5115     34.180     34.949      0.285    1443.70    1443.70  0.000e+00
       3463     35.000     6.8201     6.8180    -0.0021    0.81115    0.81112          1     7.6812     7.9229       9.96     0.0232  4.924e-11  1.000e-12  2.031e+00     7.0907     7.0909     0.0002     5.5121     5.5123     34.676     35.455      0.244    1443.69    1443.68  0.000e+00
       3512     35.500     6.8272     6.8278     0.0006    0.81150    0.81153          1     7.6760     7.9079       9.96     0.0232  4.924e-11  1.000e-12  2.031e+00     7.0925     7.0927     0.0001     5.5130     5.5131     35.171     35.962      0.277    1443.73    1443.73  0.000e+00
       3555     36.000     6.8545     6.8674     0.0128    0.81254    0.81290          1     7.6497     7.8959       9.96     0.0234  4.924e-11  1.000e-12  2.031e+00     7.0966     7.0973     0.0007     5.5144     5.5141     35.666     36.468      0.251    1443.86    1443.91  0.000e+00
       3605     36.500     6.9535     6.9841     0.0307    0.81610    0.81699          1     7.5973     7.8588       9.96     0.0222  4.924e-11  1.000e-12  2.031e+00     7.1095     7.1114     0.0020     5.5181     5.5176     36.162     36.974      0.257    1444.30    1444.43  0.000e+00
       3648     37.000     7.0815     7.0988     0.0173    0.82079    0.82119          1     7.5339     7.7789       9.96     0.0219  4.924e-11  1.000e-12  2.031e+00     7.1268     7.1270     0.0002     5.5231     5.5221     36.657     37.481      0.272    1444.87    1444.94  0.000e+00
       3694     37.500     7.1003     7.1045     0.0042    0.82135    0.82146          1     7.5139     7.7477       9.96     0.0208  4.924e-11  1.000e-12  2.031e+00     7.1281     7.1283     0.0001     5.5229     5.5227     37.152     37.987      0.259    1444.95    1444.97  0.000e+00
       3740     38.000     7.0960     7.1041     0.0081    0.82140    0.82164          1     7.5346     7.7624       9.96     0.0204  4.924e-11  1.000e-12  2.031e+00     7.1294     7.1299     0.0005     5.5242     5.5240     37.648     38.494      0.267    1444.94    1444.98  0.000e+00
       3783     38.500     7.1050     7.1074     0.0023    0.82206    0.82215          1     7.5262     7.7476       9.96     0.0207  4.924e-11  1.000e-12  2.031e+00     7.1337     7.1340     0.0004     5.5269     5.5270     38.143     39.000      0.291    1445.00    1445.01  0.000e+00
       3826     39.000     7.0888     7.0866    -0.0022    0.82216    0.82220          1     7.5118     7.7373       9.96     0.0198  4.924e-11  1.000e-12  2.031e+00     7.1379     7.1387     0.0008     5.5313     5.5321     38.638     39.507      0.259    1444.94    1444.93  0.000e+00
       3874     39.500     7.0767     7.0702    -0.0065    0.82268    0.82268          1     7.4865     7.7100       9.96     0.0195  4.924e-11  1.000e-12  2.031e+00     7.1452     7.1466     0.0013     5.5379     5.5394     39.133     40.013      0.266    1444.91    1444.88  0.000e+00
       3916     40.000     7.0320     7.0232    -0.0088    0.82191    0.82176          1     7.4891     7.7205       9.96     0.0195  4.924e-11  1.000e-12  2.031e+00     7.1472     7.1476     0.0004     5.5425     5.5433     39.629     40.520      0.276    1444.73    1444.69  0.000e+00
       3964     40.500     6.9967     6.9881    -0.0086    0.82119    0.82105          1     7.5185     7.7312       9.96     0.0195  4.924e-11  1.000e-12  2.031e+00     7.1477     7.1481     0.0004     5.5452     5.5461     40.124     41.026      0.241    1444.59    1444.56  0.000e+00
       4011     41.000     6.9721     6.9687    -0.0033    0.82083    0.82081          1     7.5161     7.7538       9.96     0.0195  4.924e-11  1.000e-12  2.031e+00     7.1493     7.1498     0.0005     5.5482     5.5488     40.619     41.533      0.264    1444.50    1444.49  0.000e+00
       4058     41.500     6.9591     6.9571    -0.0020    0.82087    0.82087          1     7.5186     7.7491       9.96     0.0196  4.924e-11  1.000e-12  2.031e+00     7.1524     7.1528     0.0004     5.5515     5.5519     41.115     42.039      0.252    1444.46    1444.45  0.000e+00
       4104     42.000     6.9485     6.9466    -0.0019    0.82102    0.82104          1     7.5016     7.7470       9.96     0.0195  4.924e-11  1.000e-12  2.031e+00     7.1559     7.1565     0.0006     5.5549     5.5555     41.610     42.546      0.273    1444.42    1444.42  0.000e+00
       4147     42.500     6.9335     6.9271    -0.0065    0.82100    0.82097          1     7.5133     7.7302       9.96     0.0195  4.924e-11  1.000e-12  2.031e+00     7.1588     7.1598     0.0011     5.5581     5.5594     42.105     43.052      0.277    1444.37    1444.35  0.000e+00
       4193     43.000     6.9013     6.8966    -0.0046    0.82090    0.82089          1     7.5030     7.7212       9.96     0.0195  4.924e-11  1.000e-12  2.031e+00     7.1645     7.1654     0.0009     5.5648     5.5658     42.601     43.559      0.238    1444.25    1444.23  0.000e+00
       4244     43.500     6.8498     6.8330    -0.0167    0.82027    0.82008          1     7.4863     7.6990       9.96     0.0195  4.924e-11  1.000e-12  2.031e+00     7.1692     7.1710     0.0018     5.5719     5.5743     43.096     44.065      0.255    1444.05    1443.98  0.000e+00
       4290     44.000     6.7938     6.7865    -0.0073    0.81929    0.81918          1     7.4890     7.7275       9.96     0.0195  4.924e-11  1.000e-12  2.031e+00     7.1716     7.1721     0.0005     5.5773     5.5782     43.591     44.571      0.251    1443.83    1443.79  0.000e+00
       4340     44.500     6.7871     6.7842    -0.0029    0.81921    0.81918          1     7.4998     7.7379       9.96     0.0195  4.924e-11  1.000e-12  2.031e+00     7.1722     7.1726     0.0004     5.5783     5.5787     44.087     45.078      0.245    1443.80    1443.79  0.000e+00
       4386     45.000     6.7836     6.7826    -0.0010    0.81919    0.81918          1     7.5066     7.7411       9.96     0.0195  4.924e-11  1.000e-12  2.031e+00     7.1727     7.1729     0.0002     5.5789     5.5791     44.582     45.584      0.268    1443.80    1443.79  0.000e+00
       4431     45.500     6.7822     6.7812    -0.0010    0.81920    0.81918          1     7.5042     7.7477       9.96     0.0195  4.924e-11  1.000e-12  2.031e+00     7.1730     7.1730     0.0000     5.5792     5.5793     45.077     46.091      0.254    1443.80    1443.80  0.000e+00
       4481     46.000     6.7796     6.7789    -0.0007    0.81916    0.81915          1     7.5093     7.7477       9.96     0.0195  4.924e-11  1.000e-12  2.031e+00     7.1731     7.1732     0.0000     5.5795     5.5795     45.572     46.597      0.257    1443.80    1443.80  0.000e+00
       4525     46.500     6.7786     6.7780    -0.0006    0.81916    0.81915          1     7.5123     7.7511       9.96     0.0195  4.924e-11  1.000e-12  2.031e+00     7.1733     7.1733    -0.0000     5.5797     5.5797     46.068     47.104      0.261    1443.80    1443.80  0.000e+00
       4573     47.000     6.7775     6.7774    -0.0001    0.81915    0.81915          1     7.5169     7.7577       9.96     0.0195  4.924e-11  1.000e-12  2.031e+00     7.1734     7.1734    -0.0000     5.5798     5.5798     46.563     47.610      0.246    1443.81    1443.81  0.000e+00
       4621     47.500     6.7770     6.7770     0.0001    0.81917    0.81916          1     7.5177     7.7485       9.96     0.0194  4.924e-11  1.000e-12  2.031e+00     7.1736     7.1735    -0.0001     5.5800     5.5799     47.058     48.117      0.253    1443.81    1443.81  0.000e+00
       4668     48.000     6.7772     6.7774     0.0001    0.81920    0.81920          1     7.5243     7.7479       9.96     0.0195  4.924e-11  1.000e-12  2.031e+00     7.1738     7.1737    -0.0001     5.5801     5.5801     47.554     48.623      0.261    1443.82    1443.82  0.000e+00
       4714     48.500     6.7773     6.7774     0.0001    0.81922    0.81921          1     7.5148     7.7539       9.96     0.0195  4.924e-11  1.000e-12  2.031e+00     7.1739     7.1738    -0.0001     5.5802     5.5801     48.049     49.129      0.256    1443.83    1443.83  0.000e+00
       4760     49.000     6.7775     6.7779     0.0004    0.81925    0.81925          1     7.5060     7.7435       9.88     0.0195  4.924e-11  1.000e-12  2.031e+00     7.1741     7.1740    -0.0001     5.5803     5.5803     48.544     49.636      0.268    1443.84    1443.84  0.000e+00
       4806     49.500     6.7772     6.7773     0.0001    0.81927    0.81927          1     7.5059     7.7426       9.36     0.0195  4.924e-11  1.000e-12  2.031e+00     7.1743     7.1742    -0.0001     5.5805     5.5805     49.040     50.142      0.254    1443.85    1443.85  0.000e+00
       4852     50.000     6.7760     6.7760    -0.0001    0.81927    0.81926          1     7.5095     7.7437       8.85     0.0195  4.924e-11  1.000e-12  2.031e+00     7.1744     7.1743    -0.0001     5.5807     5.5807     49.535     50.649      0.266    1443.85    1443.85  0.000e+00
       4897     50.500     6.7707     6.7721     0.0015    0.81914    0.81918          1     7.5098     7.7399       8.33     0.0195  4.924e-11  1.000e-12  2.031e+00     7.1743     7.1744     0.0001     5.5810     5.5809     50.030     51.155      0.267    1443.83    1443.84  0.000e+00
       4943     51.000     6.7592     6.7567    -0.0025    0.81888    0.81882          1     7.5136     7.7379       7.79     0.0195  4.924e-11  1.000e-12  2.031e+00     7.1742     7.1742    -0.0001     5.5816     5.5817     50.525     51.662      0.247    1443.79    1443.78  0.000e+00
       4992     51.500     6.7420     6.7345    -0.0074    0.81852    0.81837          1     7.5073     7.7339       7.26     0.0195  4.924e-11  1.000e-12  2.031e+00     7.1744     7.1745     0.0001     5.5828     5.5834     51.021     52.168      0.267    1443.73    1443.70  0.000e+00
       5036     52.000     6.7074     6.6983    -0.0090    0.81786    0.81773          1     7.4797     7.6939       6.75     0.0195  4.924e-11  1.000e-12  2.031e+00     7.1753     7.1759     0.0006     5.5858     5.5868     51.516     52.674      0.256    1443.59    1443.56  0.000e+00
       5084     52.500     6.6836     6.6825    -0.0012    0.81750    0.81749          1     7.4752     7.6859       6.21     0.0195  4.924e-11  1.000e-12  2.031e+00     7.1768     7.1769     0.0001     5.5884     5.5886     52.011     53.181      0.265    1443.50    1443.50  0.000e+00
       5130     53.000     6.6654     6.6486    -0.0169    0.81755    0.81752          1     7.4565     7.6062       5.71     0.0195  4.924e-11  1.000e-12  2.031e+00     7.1810     7.1843     0.0032     5.5929     5.5965     52.507     53.687      0.250    1443.44    1443.37  0.000e+00
       5178     53.500     6.3826     6.3188    -0.0639    0.81702    0.81689          1     7.0419     7.1061       5.16     0.0193  4.924e-11  1.000e-12  2.031e+00     7.2355     7.2479     0.0124     5.6528     5.6663     53.002     54.194      0.251    1442.32    1442.06  0.000e+00
       5225     54.000     6.0508     5.9550    -0.0957    0.81554    0.81519          1     6.6440     6.7101       4.63     0.0183  4.924e-11  1.000e-12  2.031e+00     7.2922     7.3094     0.0173     5.7162     5.7350     53.497     54.700      0.247    1440.98    1440.59  0.000e+00
       5276     54.500     5.8276     5.7981    -0.0295    0.81464    0.81466          1     6.4896     6.5959       4.10     0.0171  4.924e-11  1.000e-12  2.031e+00     7.3316     7.3381     0.0065     5.7592     5.7658     53.992     55.207      0.244    1440.08    1439.96  0.000e+00
       5320     55.000     5.7665     5.7343    -0.0321    0.81441    0.81434          1     6.4813     6.6050       3.58     0.0171  4.924e-11  1.000e-12  2.031e+00     7.3426     7.3489     0.0063     5.7709     5.7775     54.488     55.713      0.273    1439.83    1439.70  0.000e+00
       5370     55.500     5.6053     5.5484    -0.0572    0.81326    0.81301          1     6.4341     6.5574       3.05     0.0170  4.924e-11  1.000e-12  2.031e+00     7.3665     7.3765     0.0100     5.7977     5.8083     54.983     56.219      0.221    1439.17    1438.94  0.000e+00
       5421     56.000     5.4117     5.3830    -0.0287    0.81140    0.81132          1     6.3863     6.5228       2.52     0.0166  4.924e-11  1.000e-12  2.031e+00     7.3908     7.3963     0.0056     5.8260     5.8316     55.478     56.726      0.264    1438.37    1438.26  0.000e+00
       5581     56.500     5.1905     5.1399    -0.0502    0.81062    0.81094          1     6.2987     6.4909       1.98     0.0160  4.924e-11  1.000e-12  2.031e+00     7.4321     7.4465     0.0144     5.8683     5.8818     55.973     57.232      0.209    1437.47    1437.26  0.000e+00
