ctdpy/exports/archive_20191120_135557/received_data/SBE09_1044_20181111_1148_34_01_0130.cnv
* Sea-Bird SBE 9 Data File:
* FileName = C:\ctd\temp\ar18d130.hex
* Software Version Seasave V 7.26.7.107
* Temperature SN = 5351
* Conductivity SN = 3941
* Number of Bytes Per Scan = 41
* Number of Voltage Words = 4
* Number of Scans Averaged by the Deck Unit = 1
* NMEA Latitude = 55 52.00 N
* NMEA Longitude = 012 44.86 E
* NMEA UTC (Time) = Nov 11 2018  11:48:47
* NMEA baud rate = 4800
** Station:  W LANDSKRONA
** Operator:  JKro
** Ship: ARANDA
** Average sound velocity: 1481.24 m/s
** True-depth calculation Sun, 11 Nov 2018 12:42:06 +0000
** CTD Python Module SMHI /ver 3-12/ feb 2012 
** LIMS Job: 20183401-0130
** Cruise: SMHI-6-2018
** Latitude [GG MM.mm N]:
** Longitude [GG MM.mm E]
# nquan = 26
# nvalues = 92                          
# units = specified
# name 0 = scan: Scan Count
# name 1 = prDM: Pressure, Digiquartz [db]
# name 2 = t090C: Temperature [ITS-90, deg C]
# name 3 = t190C: Temperature, 2 [ITS-90, deg C]
# name 4 = T2-T190C: Temperature Difference, 2 - 1 [ITS-90, deg C]
# name 5 = c0S/m: Conductivity [S/m]
# name 6 = c1S/m: Conductivity, 2 [S/m]
# name 7 = pumps: Pump Status
# name 8 = sbeox0ML/L: Oxygen, SBE 43 [ml/l]
# name 9 = sbeox1ML/L: Oxygen, SBE 43, 2 [ml/l]
# name 10 = altM: Altimeter [m]
# name 11 = flECO-AFL: Chl-a Fluorescence, WET Labs ECO-AFL/FL [mg/m^3]
# name 12 = flECO-AFL1: Phycocyanin Fluorescence, WET Labs ECO-AFL/FL, 2 [mg/m^3]
# name 13 = par: PAR/Irradiance, Biospherical/Lico [µE/(cm^2*s)]
# name 14 = turbWETntu0: Turbidity, WET Labs ECO [NTU]
# name 15 = sal00: Salinity, Practical [PSU]
# name 16 = sal11: Salinity, Practical, 2 [PSU]
# name 17 = secS-priS: Salinity, Practical, Difference, 2 - 1 [PSU]
# name 18 = sigma-t00: Density [sigma-t, Kg/m^3 ]
# name 19 = sigma-t11: Density, 2 [sigma-t, Kg/m^3 ]
# name 20 = depSM: Depth [salt water, m], lat = 55.8667
# name 21 = depFM: Depth [true depth, m], lat = 55.8667
# name 22 = dz/dtM: Descent Rate [m/s], WS = 2
# name 23 = svCM: Sound Velocity [Chen-Millero, m/s]
# name 24 = svCM1: Sound Velocity, 2 [Chen-Millero, m/s]
# name 25 = flag: flag
# span 0 =      17047,      19665       
# span 1 =      1.000,     46.500       
# span 2 =     9.5674,    12.6358       
# span 3 =     9.5723,    12.6418       
# span 4 =    -0.0185,     0.0113       
# span 5 =   1.038099,   3.494965       
# span 6 =   1.038077,   3.496601       
# span 7 =          1,          1       
# span 8 =    3.70871,    7.20724       
# span 9 =    3.56336,    6.88408       
# span 10 =       2.40,      47.09      
# span 11 =     0.2138,     0.9481      
# span 12 =     0.1651,     0.2992      
# span 13 = 1.0000e-12, 5.2029e+02      
# span 14 =     0.2536,     2.3141      
# span 15 =     8.5341,    29.5959      
# span 16 =     8.5336,    29.6065      
# span 17 =    -0.3708,     0.0261      
# span 18 =     6.3976,    22.2791      
# span 19 =     6.3971,    22.2862      
# span 20 =      0.991,     46.072      
# span 21 =      1.012,     46.568      
# span 22 =      0.134,      0.549      
# span 23 =    1456.49,    1493.33      
# span 24 =    1456.49,    1493.36      
# span 25 = 0.0000e+00, 0.0000e+00      
# interval = decibars: 0.5              
# start_time = Nov 11 2018 11:48:48 [NMEA time, first data scan]
# bad_flag = -9.990e-29
*END*
      17047      1.000     9.6664     9.6679     0.0015    1.03810    1.03808          1     7.1884     6.8807      33.79     0.9041     0.2809  5.203e+02  0.2536000     8.5341     8.5336    -0.0005     6.3976     6.3971      0.991      1.012      0.134    1456.49    1456.49  0.000e+00
      17186      1.500     9.6658     9.6668     0.0010    1.03827    1.03834          1     7.1954     6.8794      47.09     0.9324     0.2852  2.142e+02  0.2661000     8.5357     8.5361     0.0003     6.3990     6.3991      1.486      1.518      0.423    1456.49    1456.50  0.000e+00
      17223      2.000     9.6648     9.6663     0.0015    1.03855    1.03850          1     7.1973     6.8773      46.47     0.9481     0.2992  1.515e+02  0.2867000     8.5384     8.5376    -0.0008     6.4012     6.4004      1.982      2.024      0.293    1456.50    1456.50  0.000e+00
      17261      2.500     9.6649     9.6668     0.0019    1.03854    1.03840          1     7.2029     6.8730      46.06     0.9457     0.2889  1.283e+02  0.2828000     8.5382     8.5365    -0.0017     6.4010     6.3995      2.477      2.530      0.416    1456.51    1456.51  0.000e+00
      17286      3.000     9.6652     9.6666     0.0015    1.03841    1.03841          1     7.2063     6.8788      45.91     0.9389     0.2916  1.132e+02  0.2910000     8.5369     8.5365    -0.0004     6.4000     6.3995      2.973      3.036      0.463    1456.51    1456.52  0.000e+00
      17314      3.500     9.6651     9.6664     0.0013    1.03848    1.03849          1     7.2063     6.8841      45.43     0.9387     0.2982  9.464e+01  0.2877000     8.5375     8.5373    -0.0002     6.4004     6.4001      3.468      3.542      0.405    1456.52    1456.53  0.000e+00
      17343      4.000     9.6651     9.6662     0.0011    1.03854    1.03859          1     7.1950     6.8807      44.89     0.9325     0.2876  8.232e+01  0.2842000     8.5379     8.5381     0.0002     6.4007     6.4008      3.964      4.048      0.479    1456.53    1456.54  0.000e+00
      17365      4.500     9.6643     9.6654     0.0011    1.03874    1.03881          1     7.1913     6.8782      44.44     0.9202     0.2725  7.155e+01  0.2952000     8.5399     8.5402     0.0003     6.4024     6.4025      4.459      4.554      0.532    1456.54    1456.54  0.000e+00
      17390      5.000     9.6626     9.6640     0.0014    1.03920    1.03917          1     7.1933     6.8742      43.93     0.8947     0.2930  6.174e+01  0.3012000     8.5443     8.5437    -0.0006     6.4059     6.4053      4.954      5.060      0.474    1456.55    1456.55  0.000e+00
      17415      5.500     9.6635     9.6650     0.0015    1.03891    1.03889          1     7.2013     6.8722      43.39     0.8802     0.2867  5.309e+01  0.2905000     8.5414     8.5409    -0.0005     6.4036     6.4031      5.450      5.566      0.508    1456.55    1456.56  0.000e+00
      17437      6.000     9.6624     9.6643     0.0019    1.03940    1.03916          1     7.2048     6.8667      42.93     0.8708     0.2505  4.649e+01  0.2973000     8.5459     8.5434    -0.0026     6.4073     6.4051      5.945      6.072      0.547    1456.56    1456.57  0.000e+00
      17460      6.500     9.6609     9.6626     0.0017    1.04015    1.04003          1     7.2052     6.8694      42.44     0.8708     0.2780  4.212e+01  0.2964000     8.5529     8.5514    -0.0015     6.4129     6.4115      6.441      6.578      0.513    1456.57    1456.58  0.000e+00
      17483      7.000     9.6616     9.6638     0.0022    1.04004    1.03964          1     7.2072     6.8721      18.98     0.8589     0.2674  3.555e+01  0.3038000     8.5517     8.5476    -0.0041     6.4118     6.4084      6.936      7.084      0.516    1456.58    1456.59  0.000e+00
      17506      7.500     9.6615     9.6637     0.0022    1.04018    1.03974          1     7.2012     6.8699       8.51     0.8586     0.2867  3.224e+01  0.2940000     8.5529     8.5485    -0.0044     6.4128     6.4091      7.432      7.590      0.541    1456.59    1456.60  0.000e+00
      17528      8.000     9.6588     9.6605     0.0018    1.04128    1.04109          1     7.1818     6.8703      13.71     0.8581     0.2950  2.919e+01  0.3047000     8.5633     8.5611    -0.0021     6.4211     6.4193      7.927      8.096      0.531    1456.60    1456.61  0.000e+00
      17551      8.500     9.6285     9.6281    -0.0005    1.05123    1.05130          1     7.1772     6.8640      20.70     0.8441     0.2830  2.540e+01  0.3138000     8.6587     8.6594     0.0007     6.4986     6.4992      8.423      8.602      0.513    1456.61    1456.61  0.000e+00
      17575      9.000     9.6233     9.6246     0.0013    1.05306    1.05300          1     7.1720     6.8548      26.62     0.8222     0.2659  2.311e+01  0.3397000     8.6762     8.6753    -0.0008     6.5127     6.5120      8.918      9.108      0.520    1456.62    1456.62  0.000e+00
      17597      9.500     9.6231     9.6231     0.0000    1.05325    1.05368          1     7.1719     6.8518      31.29     0.7968     0.2637  2.053e+01  0.3679000     8.6778     8.6816     0.0038     6.5141     6.5170      9.413      9.614      0.542    1456.63    1456.63  0.000e+00
      17619     10.000     9.6195     9.6201     0.0006    1.05426    1.05451          1     7.1742     6.8540      34.28     0.7707     0.2520  1.834e+01  0.3682000     8.6876     8.6896     0.0021     6.5221     6.5236      9.909     10.120      0.538    1456.63    1456.64  0.000e+00
      17642     10.500     9.6188     9.6198     0.0010    1.05451    1.05459          1     7.1789     6.8523       7.56     0.7630     0.2783  1.648e+01  0.3543000     8.6899     8.6904     0.0005     6.5240     6.5242     10.404     10.626      0.521    1456.64    1456.65  0.000e+00
      17665     11.000     9.6166     9.6176     0.0010    1.05506    1.05522          1     7.1742     6.8517      14.11     0.7866     0.2804  1.490e+01  0.3656000     8.6953     8.6964     0.0011     6.5284     6.5291     10.900     11.132      0.525    1456.65    1456.65  0.000e+00
      17687     11.500     9.6089     9.6111     0.0022    1.05702    1.05680          1     7.1763     6.8514      19.17     0.7621     0.2910  1.349e+01  0.3715000     8.7145     8.7120    -0.0025     6.5441     6.5420     11.395     11.638      0.549    1456.65    1456.65  0.000e+00
      17709     12.000     9.5998     9.5998    -0.0000    1.05909    1.05936          1     7.0158     6.7164      25.18     0.7327     0.2891  1.206e+01  0.3723000     8.7350     8.7374     0.0024     6.5611     6.5629     11.891     12.144      0.542    1456.65    1456.65  0.000e+00
      17732     12.500     9.5898     9.5912     0.0014    1.06117    1.06116          1     6.2803     5.9965      32.16     0.7243     0.2743  1.096e+01  0.3833000     8.7560     8.7555    -0.0004     6.5784     6.5779     12.386     12.650      0.512    1456.64    1456.64  0.000e+00
      17756     13.000     9.5674     9.5723     0.0049    1.06476    1.06418          1     6.3820     6.0043      34.66     0.7243     0.2592  9.909e+00  0.3792000     8.7933     8.7869    -0.0064     6.6098     6.6044     12.881     13.156      0.502    1456.61    1456.62  0.000e+00
      17779     13.500     9.6902     9.6764    -0.0134    1.26107    1.21993          1     5.9897     5.6674      34.93     0.7135     0.2684  8.939e+00  0.3968000    10.5318    10.1609    -0.3708     7.9459     7.6595     13.377     13.662      0.516    1459.19    1458.69  0.000e+00
      17803     14.000    11.2541    11.2487    -0.0056    2.74371    2.72380          1     5.0924     4.9965      34.63     0.6128     0.2718  8.083e+00  0.4512000    23.5150    23.3313    -0.1838    17.8095    17.6679     13.872     14.164      0.514    1480.70    1480.46  0.000e+00
      17826     14.500    11.5973    11.6018     0.0044    2.96777    2.96600          1     4.6533     4.6316      34.16     0.4266     0.2610  7.348e+00  0.5325000    25.4046    25.3848    -0.0198    19.2181    19.2020     14.368     14.664      0.500    1484.20    1484.19  0.000e+00
      17850     15.000    11.7903    11.8017     0.0113    3.06006    3.06278          1     4.5656     4.5072      33.67     0.2986     0.2336  6.678e+00  0.6269000    26.1418    26.1595     0.0177    19.7565    19.7683     14.863     15.164      0.515    1485.77    1485.83  0.000e+00
      17873     15.500    11.9301    11.9305     0.0004    3.11212    3.11118          1     4.5734     4.4818      33.19     0.2672     0.1685  6.070e+00  0.7039000    26.5336    26.5244    -0.0091    20.0359    20.0287     15.359     15.663      0.544    1486.74    1486.73  0.000e+00
      17895     16.000    12.0153    12.0166     0.0013    3.16029    3.15959          1     4.6519     4.5176      32.71     0.2138     0.1651  5.563e+00  0.6970000    26.9260    26.9186    -0.0075    20.3249    20.3189     15.854     16.163      0.530    1487.51    1487.51  0.000e+00
      17918     16.500    12.0656    12.0690     0.0034    3.19817    3.19815          1     4.6474     4.4974      32.20     0.2371     0.1963  5.077e+00  0.6569000    27.2462    27.2436    -0.0026    20.5640    20.5613     16.349     16.662      0.500    1488.08    1488.09  0.000e+00
      17942     17.000    12.1102    12.1134     0.0031    3.23609    3.23623          1     4.5300     4.4055      31.71     0.2498     0.2047  4.633e+00  0.6164000    27.5706    27.5696    -0.0010    20.8072    20.8059     16.845     17.161      0.513    1488.63    1488.63  0.000e+00
      17965     17.500    12.1319    12.1341     0.0022    3.24987    3.24988          1     4.5296     4.3981      31.23     0.2417     0.1842  4.185e+00  0.6770000    27.6844    27.6828    -0.0016    20.8915    20.8899     17.340     17.659      0.533    1488.85    1488.85  0.000e+00
      17987     18.000    12.1475    12.1486     0.0011    3.25773    3.25737          1     4.6286     4.4595      30.75     0.2486     0.2073  3.791e+00  0.7253000    27.7466    27.7424    -0.0043    20.9369    20.9334     17.836     18.158      0.525    1488.98    1488.98  0.000e+00
      18011     18.500    12.1577    12.1589     0.0012    3.26503    3.26470          1     4.6385     4.4568      30.27     0.2378     0.2217  3.467e+00  0.6810000    27.8076    27.8037    -0.0040    20.9823    20.9790     18.331     18.657      0.514    1489.10    1489.10  0.000e+00
      18034     19.000    12.1704    12.1717     0.0013    3.27103    3.27088          1     4.5346     4.3768      29.90     0.2375     0.2218  3.146e+00  0.6776000    27.8546    27.8523    -0.0023    21.0164    21.0144     18.826     19.156      0.519    1489.21    1489.21  0.000e+00
      18057     19.500    12.1738    12.1750     0.0011    3.27239    3.27230          1     4.4703     4.3190       7.47     0.2348     0.2212  2.853e+00  0.7821000    27.8647    27.8630    -0.0017    21.0236    21.0221     19.322     19.655      0.518    1489.24    1489.24  0.000e+00
      18080     20.000    12.1770    12.1779     0.0009    3.27381    3.27377          1     4.4480     4.2916      10.46     0.2219     0.1940  2.600e+00  0.8919000    27.8755    27.8745    -0.0010    21.0314    21.0305     19.817     20.153      0.518    1489.27    1489.27  0.000e+00
      18103     20.500    12.1951    12.1971     0.0020    3.28449    3.28449          1     4.3793     4.2266      15.73     0.2344     0.1879  2.366e+00  0.9298000    27.9625    27.9610    -0.0015    21.0955    21.0940     20.313     20.652      0.524    1489.44    1489.45  0.000e+00
      18126     21.000    12.2585    12.2588     0.0003    3.31995    3.31987          1     4.3088     4.1679      23.47     0.2535     0.1995  2.148e+00  1.0145000    28.2488    28.2479    -0.0009    21.3058    21.3051     20.808     21.151      0.522    1490.01    1490.01  0.000e+00
      18149     21.500    12.2671    12.2679     0.0009    3.32548    3.32565          1     4.2934     4.1486      23.45     0.2550     0.2169  1.936e+00  1.0676000    28.2943    28.2954     0.0010    21.3395    21.3401     21.304     21.650      0.521    1490.10    1490.11  0.000e+00
      18172     22.000    12.2732    12.2743     0.0011    3.32985    3.33016          1     4.2918     4.1418       8.50     0.2657     0.2327  1.740e+00  1.0303000    28.3306    28.3328     0.0022    21.3665    21.3679     21.799     22.148      0.517    1490.18    1490.18  0.000e+00
      18196     22.500    12.2855    12.2846    -0.0009    3.33727    3.33655          1     4.2728     4.1230      13.61     0.2582     0.1983  1.549e+00  0.9983000    28.3911    28.3850    -0.0061    21.4111    21.4065     22.294     22.647      0.511    1490.30    1490.29  0.000e+00
      18219     23.000    12.3036    12.3061     0.0025    3.34643    3.34726          1     4.2486     4.0922      24.87     0.2571     0.2020  1.368e+00  0.9737000    28.4636    28.4695     0.0059    21.4639    21.4680     22.790     23.145      0.516    1490.46    1490.47  0.000e+00
      18242     23.500    12.3175    12.3181     0.0006    3.35242    3.35240          1     4.2127     4.0610      24.92     0.2646     0.2316  1.212e+00  1.0057000    28.5092    28.5086    -0.0006    21.4967    21.4961     23.285     23.644      0.523    1490.57    1490.57  0.000e+00
      18265     24.000    12.3300    12.3296    -0.0003    3.35776    3.35728          1     4.1861     4.0352      24.73     0.2635     0.2222  1.076e+00  1.0167000    28.5498    28.5456    -0.0042    21.5259    21.5227     23.781     24.142      0.527    1490.66    1490.66  0.000e+00
      18288     24.500    12.3405    12.3414     0.0009    3.36249    3.36254          1     4.1564     4.0095      24.33     0.2603     0.2092  9.532e-01  1.0141000    28.5862    28.5860    -0.0003    21.5521    21.5518     24.276     24.641      0.516    1490.76    1490.76  0.000e+00
      18312     25.000    12.3571    12.3577     0.0006    3.37016    3.37008          1     4.1161     3.9747      23.85     0.2654     0.2151  8.418e-01  1.0240000    28.6456    28.6444    -0.0011    21.5950    21.5940     24.771     25.139      0.509    1490.89    1490.89  0.000e+00
      18335     25.500    12.3700    12.3707     0.0007    3.37585    3.37586          1     4.0946     3.9488      23.38     0.2645     0.2296  7.472e-01  1.0421000    28.6892    28.6887    -0.0005    21.6265    21.6259     25.267     25.638      0.512    1490.99    1491.00  0.000e+00
      18358     26.000    12.3739    12.3728    -0.0011    3.37784    3.37687          1     4.0776     3.9352      22.90     0.2603     0.2345  6.593e-01  1.0764000    28.7047    28.6964    -0.0083    21.6377    21.6315     25.762     26.136      0.510    1491.03    1491.02  0.000e+00
      18382     26.500    12.3777    12.3783     0.0006    3.37957    3.37961          1     4.0589     3.9239      22.39     0.2623     0.2288  5.872e-01  1.1361000    28.7180    28.7179    -0.0001    21.6473    21.6471     26.257     26.635      0.500    1491.07    1491.07  0.000e+00
      18406     27.000    12.3815    12.3826     0.0012    3.38142    3.38161          1     4.0582     3.9110      21.89     0.2356     0.2264  5.130e-01  1.1407000    28.7323    28.7331     0.0009    21.6577    21.6582     26.753     27.133      0.503    1491.11    1491.11  0.000e+00
      18430     27.500    12.3831    12.3838     0.0007    3.38213    3.38213          1     4.0508     3.8989      21.39     0.2560     0.2309  4.467e-01  1.1562000    28.7376    28.7370    -0.0006    21.6615    21.6609     27.248     27.632      0.512    1491.13    1491.13  0.000e+00
      18453     28.000    12.3868    12.3881     0.0013    3.38397    3.38423          1     4.0364     3.8845      20.91     0.2646     0.1936  3.874e-01  1.1851000    28.7518    28.7534     0.0015    21.6719    21.6728     27.744     28.130      0.518    1491.17    1491.17  0.000e+00
