ctdpy/exports/archive_20191120_135557/received_data/SBE09_1044_20180527_2032_34_07_0035.cnv
* Sea-Bird SBE 9 Data File:
* FileName = C:\ctd\temp\2018\AU18D035.hex
* Software Version Seasave V 7.26.6.26
* Temperature SN = 5351
* Conductivity SN = 3941
* Number of Bytes Per Scan = 41
* Number of Voltage Words = 4
* Number of Scans Averaged by the Deck Unit = 1
* NMEA Latitude = 56 40.13 N
* NMEA Longitude = 012 06.69 E
* NMEA UTC (Time) = May 27 2018  20:32:19
* NMEA baud rate = 4800
** Station:  Anholt E
** Operator:  SSip
** Ship: AURA
** Average sound velocity: 1479.30 m/s
** True-depth calculation Sun, 27 May 2018 21:09:25 +0000
** CTD Python Module SMHI /ver 3-12/ feb 2012 
** LIMS Job: 20183407-0035
** Cruise: SMHI-02-2018
** Latitude [GG MM.mm N] :
** Longitude [GG MM.mm E]:
# nquan = 26
# nvalues = 118                         
# units = specified
# name 0 = scan: Scan Count
# name 1 = prDM: Pressure, Digiquartz [db]
# name 2 = t090C: Temperature [ITS-90, deg C]
# name 3 = t190C: Temperature, 2 [ITS-90, deg C]
# name 4 = T2-T190C: Temperature Difference, 2 - 1 [ITS-90, deg C]
# name 5 = c0S/m: Conductivity [S/m]
# name 6 = c1S/m: Conductivity, 2 [S/m]
# name 7 = pumps: Pump Status
# name 8 = sbeox0ML/L: Oxygen, SBE 43 [ml/l]
# name 9 = sbeox1ML/L: Oxygen, SBE 43, 2 [ml/l]
# name 10 = altM: Altimeter [m]
# name 11 = flECO-AFL: Chl-a Fluorescence, WET Labs ECO-AFL/FL [mg/m^3]
# name 12 = flECO-AFL1: Phycocyanin Fluorescence, WET Labs ECO-AFL/FL, 2 [mg/m^3]
# name 13 = par: PAR/Irradiance, Biospherical/Lico [µE/(cm^2*s)]
# name 14 = turbWETntu0: Turbidity, WET Labs ECO [NTU]
# name 15 = sal00: Salinity, Practical [PSU]
# name 16 = sal11: Salinity, Practical, 2 [PSU]
# name 17 = secS-priS: Salinity, Practical, Difference, 2 - 1 [PSU]
# name 18 = sigma-t00: Density [sigma-t, Kg/m^3 ]
# name 19 = sigma-t11: Density, 2 [sigma-t, Kg/m^3 ]
# name 20 = depSM: Depth [salt water, m], lat = 56.6688
# name 21 = depFM: Depth [true depth, m], lat = 56.6688
# name 22 = dz/dtM: Descent Rate [m/s], WS = 2
# name 23 = svCM: Sound Velocity [Chen-Millero, m/s]
# name 24 = svCM1: Sound Velocity, 2 [Chen-Millero, m/s]
# name 25 = flag: flag
# span 0 =       8116,      10670       
# span 1 =      0.500,     59.000       
# span 2 =     6.5576,    17.4605       
# span 3 =     6.5628,    17.5408       
# span 4 =    -0.1244,     0.1879       
# span 5 =   1.854828,   3.490222       
# span 6 =   1.844587,   3.490266       
# span 7 =          1,          1       
# span 8 =    4.55546,    7.13272       
# span 9 =    4.46585,    7.49474       
# span 10 =       4.10,      99.35      
# span 11 =     0.2817,     7.2359      
# span 12 =     0.1800,     1.0282      
# span 13 = 1.0000e-12, 3.4891e-02      
# span 14 =     0.1986,     1.2113      
# span 15 =    13.0652,    34.6973      
# span 16 =    12.9970,    34.6962      
# span 17 =    -0.2694,     0.1640      
# span 18 =     8.6602,    27.2009      
# span 19 =     8.6150,    27.1997      
# span 20 =      0.495,     58.451      
# span 21 =      0.505,     58.713      
# span 22 =     -0.028,      0.684      
# span 23 =    1469.97,    1492.06      
# span 24 =    1470.06,    1492.09      
# span 25 = 0.0000e+00, 0.0000e+00      
# interval = decibars: 0.5              
# start_time = May 27 2018 20:32:19 [NMEA time, first data scan]
# bad_flag = -9.990e-29
*END*
[from data line 56]
       9370     28.500     6.7186     6.7205     0.0019    3.46269    3.46285          1     5.0897     4.9751      35.03     0.4321     0.2079  1.000e-12  0.3464000    34.5435    34.5433    -0.0002    27.0977    27.0973     28.237     28.470      0.618    1477.46    1477.47  0.000e+00
       9390     29.000     6.7204     6.7226     0.0022    3.46330    3.46340          1     5.0551     4.9548      34.38     0.4644     0.2292  1.000e-12  0.4366000    34.5482    34.5472    -0.0010    27.1011    27.1001     28.732     28.966      0.614    1477.48    1477.49  0.000e+00
       9410     29.500     6.7197     6.7220     0.0023    3.46338    3.46350          1     5.0555     4.9816      33.85     0.4525     0.2416  1.000e-12  0.4180000    34.5496    34.5487    -0.0009    27.1023    27.1013     29.228     29.462      0.589    1477.49    1477.50  0.000e+00
       9430     30.000     6.7236     6.7261     0.0025    3.46437    3.46464          1     5.0811     5.0244      33.40     0.4669     0.2215  1.000e-12  0.3894000    34.5564    34.5569     0.0005    27.1071    27.1072     29.723     29.958      0.588    1477.52    1477.53  0.000e+00
       9450     30.500     6.7396     6.7424     0.0029    3.46806    3.46838          1     5.0973     5.0361      32.90     0.5041     0.2355  1.000e-12  0.3722000    34.5809    34.5816     0.0007    27.1243    27.1245     30.218     30.453      0.611    1477.62    1477.63  0.000e+00
       9470     31.000     6.7503     6.7527     0.0023    3.47063    3.47083          1     5.0939     5.0266      32.35     0.5045     0.2425  1.000e-12  0.3713000    34.5983    34.5981    -0.0002    27.1366    27.1361     30.714     30.949      0.611    1477.69    1477.70  0.000e+00
       9490     31.500     6.7589     6.7611     0.0021    3.47246    3.47261          1     5.0755     4.9996      31.83     0.4652     0.2476  1.000e-12  0.3862000    34.6095    34.6091    -0.0004    27.1443    27.1436     31.209     31.445      0.591    1477.75    1477.76  0.000e+00
       9510     32.000     6.7662     6.7680     0.0018    3.47422    3.47431          1     5.0234     4.9207      31.35     0.4691     0.2483  1.000e-12  0.4012000    34.6215    34.6206    -0.0009    27.1527    27.1518     31.705     31.941      0.589    1477.80    1477.81  0.000e+00
       9530     32.500     6.7703     6.7721     0.0018    3.47537    3.47542          1     4.9452     4.8321      31.03     0.4705     0.1925  1.000e-12  0.4328000    34.6297    34.6285    -0.0012    27.1586    27.1575     32.200     32.437      0.619    1477.84    1477.84  0.000e+00
       9549     33.000     6.7777     6.7794     0.0017    3.47653    3.47659          1     4.8976     4.7942      30.68     0.4432     0.2212  1.000e-12  0.5003000    34.6350    34.6338    -0.0012    27.1618    27.1607     32.695     32.932      0.626    1477.88    1477.88  0.000e+00
       9569     33.500     6.7794     6.7811     0.0017    3.47683    3.47688          1     4.8828     4.7914      29.94     0.3869     0.2409  1.000e-12  0.5430000    34.6363    34.6351    -0.0012    27.1626    27.1614     33.191     33.428      0.597    1477.90    1477.90  0.000e+00
       9589     34.000     6.7826     6.7846     0.0021    3.47726    3.47738          1     4.8724     4.7807      29.35     0.3924     0.2525  1.000e-12  0.5575000    34.6377    34.6368    -0.0008    27.1632    27.1623     33.686     33.924      0.571    1477.92    1477.92  0.000e+00
       9611     34.500     6.7909     6.7923     0.0014    3.47837    3.47838          1     4.8440     4.7398      28.85     0.3915     0.2804  1.000e-12  0.6222000    34.6413    34.6400    -0.0013    27.1649    27.1637     34.181     34.420      0.587    1477.96    1477.97  0.000e+00
       9630     35.000     6.7973     6.7993     0.0019    3.47930    3.47941          1     4.7997     4.6818      28.38     0.3818     0.2345  1.000e-12  0.7118000    34.6448    34.6440    -0.0008    27.1668    27.1660     34.677     34.916      0.615    1478.00    1478.01  0.000e+00
       9650     35.500     6.8032     6.8051     0.0018    3.48017    3.48022          1     4.7621     4.6387      28.06     0.3730     0.2545  1.000e-12  0.8173000    34.6482    34.6469    -0.0012    27.1687    27.1675     35.172     35.411      0.622    1478.04    1478.04  0.000e+00
       9669     36.000     6.8066     6.8085     0.0019    3.48071    3.48083          1     4.7337     4.6232      27.43     0.3524     0.2876  1.000e-12  1.0008000    34.6505    34.6499    -0.0007    27.1701    27.1693     35.667     35.907      0.604    1478.06    1478.07  0.000e+00
       9689     36.500     6.8087     6.8106     0.0020    3.48115    3.48120          1     4.7190     4.6223      26.89     0.3567     0.2514  1.000e-12  1.0366000    34.6529    34.6516    -0.0013    27.1717    27.1704     36.163     36.403      0.590    1478.08    1478.09  0.000e+00
       9710     37.000     6.8112     6.8128     0.0015    3.48163    3.48164          1     4.7143     4.6254      26.41     0.3580     0.2378  1.000e-12  1.0421000    34.6555    34.6541    -0.0014    27.1734    27.1721     36.658     36.899      0.598    1478.10    1478.11  0.000e+00
       9729     37.500     6.8122     6.8141     0.0019    3.48183    3.48190          1     4.7105     4.6215      25.88     0.3501     0.2656  1.000e-12  1.0406000    34.6565    34.6553    -0.0011    27.1740    27.1728     37.153     37.395      0.600    1478.11    1478.12  0.000e+00
       9750     38.000     6.8186     6.8203     0.0017    3.48315    3.48321          1     4.6993     4.6116      25.37     0.3636     0.2994  1.000e-12  1.0307000    34.6644    34.6633    -0.0011    27.1794    27.1783     37.649     37.890      0.581    1478.16    1478.16  0.000e+00
       9771     38.500     6.8228     6.8252     0.0024    3.48406    3.48426          1     4.6863     4.6046      24.85     0.3424     0.3209  1.000e-12  1.0737000    34.6700    34.6697    -0.0003    27.1832    27.1826     38.144     38.386      0.566    1478.19    1478.20  0.000e+00
       9792     39.000     6.8245     6.8265     0.0019    3.48445    3.48452          1     4.6787     4.6060      24.42     0.3528     0.2096  1.000e-12  1.0389000    34.6722    34.6710    -0.0012    27.1847    27.1835     38.639     38.882      0.582    1478.21    1478.21  0.000e+00
       9812     39.500     6.8256     6.8275     0.0019    3.48463    3.48470          1     4.6800     4.6150      23.94     0.3670     0.1971  1.000e-12  1.0125000    34.6729    34.6718    -0.0011    27.1851    27.1840     39.135     39.378      0.608    1478.22    1478.23  0.000e+00
       9832     40.000     6.8276     6.8294     0.0018    3.48505    3.48509          1     4.6810     4.6157      23.42     0.3733     0.1925  1.000e-12  1.0099000    34.6752    34.6740    -0.0013    27.1867    27.1855     39.630     39.874      0.609    1478.24    1478.24  0.000e+00
       9851     40.500     6.8285     6.8302     0.0017    3.48523    3.48529          1     4.6831     4.6093      22.95     0.3146     0.1954  1.000e-12  0.9635000    34.6761    34.6750    -0.0011    27.1873    27.1862     40.125     40.369      0.587    1478.25    1478.26  0.000e+00
       9873     41.000     6.8308     6.8322     0.0014    3.48570    3.48568          1     4.6848     4.5984      22.47     0.3824     0.2218  1.000e-12  0.9624000    34.6787    34.6771    -0.0016    27.1890    27.1875     40.621     40.865      0.571    1478.27    1478.28  0.000e+00
       9893     41.500     6.8320     6.8344     0.0025    3.48594    3.48613          1     4.6777     4.5823      21.93     0.3573     0.2708  1.000e-12  0.9650000    34.6800    34.6795    -0.0004    27.1898    27.1892     41.116     41.361      0.579    1478.29    1478.29  0.000e+00
       9914     42.000     6.8356     6.8369     0.0014    3.48669    3.48667          1     4.6658     4.5743      21.37     0.3243     0.2291  1.000e-12  0.9672000    34.6843    34.6828    -0.0016    27.1928    27.1914     41.611     41.857      0.591    1478.31    1478.32  0.000e+00
       9934     42.500     6.8380     6.8395     0.0016    3.48717    3.48719          1     4.6611     4.5696      20.87     0.3265     0.1881  1.000e-12  0.9818000    34.6870    34.6856    -0.0014    27.1945    27.1932     42.107     42.353      0.586    1478.33    1478.34  0.000e+00
       9955     43.000     6.8385     6.8401     0.0016    3.48728    3.48729          1     4.6540     4.5640      20.37     0.3271     0.1800  1.000e-12  0.9926000    34.6873    34.6860    -0.0014    27.1948    27.1935     42.602     42.848      0.573    1478.35    1478.35  0.000e+00
       9976     43.500     6.8391     6.8407     0.0016    3.48741    3.48743          1     4.6494     4.5667      19.86     0.3393     0.2070  1.000e-12  1.0827000    34.6880    34.6866    -0.0014    27.1952    27.1938     43.097     43.344      0.580    1478.36    1478.36  0.000e+00
       9996     44.000     6.8394     6.8413     0.0018    3.48747    3.48755          1     4.6466     4.5626      19.37     0.3324     0.2628  1.000e-12  1.0958000    34.6881    34.6871    -0.0010    27.1952    27.1942     43.592     43.840      0.596    1478.37    1478.37  0.000e+00
      10016     44.500     6.8404     6.8422     0.0018    3.48771    3.48778          1     4.6412     4.5562      18.89     0.3317     0.2708  1.000e-12  1.0976000    34.6895    34.6884    -0.0011    27.1962    27.1951     44.088     44.336      0.588    1478.38    1478.39  0.000e+00
      10037     45.000     6.8416     6.8434     0.0018    3.48795    3.48801          1     4.6314     4.5599      18.37     0.3412     0.2622  1.000e-12  1.1025000    34.6906    34.6896    -0.0011    27.1969    27.1959     44.583     44.831      0.569    1478.40    1478.40  0.000e+00
      10058     45.500     6.8437     6.8454     0.0017    3.48836    3.48841          1     4.6229     4.5714      17.86     0.3518     0.2489  1.000e-12  1.1453000    34.6928    34.6917    -0.0011    27.1983    27.1972     45.078     45.327      0.574    1478.41    1478.42  0.000e+00
      10079     46.000     6.8445     6.8463     0.0019    3.48850    3.48857          1     4.6306     4.5688      17.41     0.3435     0.2084  1.000e-12  1.0841000    34.6934    34.6923    -0.0011    27.1987    27.1976     45.574     45.823      0.578    1478.42    1478.43  0.000e+00
      10100     46.500     6.8461     6.8479     0.0018    3.48878    3.48884          1     4.6316     4.5527      16.89     0.3156     0.2691  1.000e-12  1.0624000    34.6945    34.6933    -0.0012    27.1994    27.1982     46.069     46.319      0.562    1478.44    1478.45  0.000e+00
      10122     47.000     6.8474     6.8493     0.0019    3.48901    3.48907          1     4.6228     4.5410      16.35     0.3063     0.2652  1.000e-12  1.0259000    34.6954    34.6943    -0.0011    27.1999    27.1988     46.564     46.815      0.554    1478.46    1478.46  0.000e+00
      10143     47.500     6.8492     6.8511     0.0018    3.48931    3.48938          1     4.6147     4.5326      15.85     0.3091     0.2312  1.000e-12  0.9954000    34.6967    34.6956    -0.0012    27.2007    27.1995     47.060     47.310      0.573    1478.47    1478.48  0.000e+00
      10164     48.000     6.8499     6.8518     0.0019    3.48943    3.48949          1     4.6009     4.5236      15.40     0.3134     0.2221  1.000e-12  0.9872000    34.6971    34.6958    -0.0012    27.2009    27.1996     47.555     47.806      0.586    1478.49    1478.49  0.000e+00
      10184     48.500     6.8502     6.8520     0.0018    3.48948    3.48954          1     4.5933     4.5171      14.89     0.2817     0.2495  1.000e-12  1.0113000    34.6971    34.6960    -0.0012    27.2009    27.1997     48.050     48.302      0.578    1478.49    1478.50  0.000e+00
      10205     49.000     6.8503     6.8520     0.0017    3.48949    3.48956          1     4.5976     4.5154      14.38     0.3039     0.2504  1.000e-12  0.9913000    34.6969    34.6958    -0.0011    27.2007    27.1996     48.546     48.798      0.559    1478.50    1478.51  0.000e+00
      10227     49.500     6.8503     6.8521     0.0018    3.48952    3.48957          1     4.5977     4.5176      13.86     0.3143     0.2567  1.000e-12  0.9958000    34.6969    34.6957    -0.0012    27.2007    27.1995     49.041     49.293      0.557    1478.51    1478.52  0.000e+00
      10248     50.000     6.8504     6.8521     0.0018    3.48954    3.48959          1     4.5951     4.5251      13.35     0.3120     0.2531  1.000e-12  0.9949000    34.6968    34.6956    -0.0012    27.2006    27.1994     49.536     49.789      0.566    1478.52    1478.52  0.000e+00
      10269     50.500     6.8505     6.8522     0.0017    3.48957    3.48963          1     4.5911     4.5320      12.84     0.3036     0.2280  1.000e-12  0.9921000    34.6969    34.6958    -0.0011    27.2006    27.1995     50.031     50.285      0.566    1478.53    1478.53  0.000e+00
      10291     51.000     6.8506     6.8523     0.0017    3.48962    3.48966          1     4.5879     4.5249      12.37     0.2970     0.2784  1.000e-12  1.0069000    34.6970    34.6957    -0.0013    27.2007    27.1995     50.527     50.781      0.565    1478.54    1478.54  0.000e+00
      10312     51.500     6.8507     6.8524     0.0017    3.48964    3.48970          1     4.5857     4.5201      11.89     0.3291     0.2804  1.000e-12  1.0294000    34.6969    34.6959    -0.0011    27.2007    27.1996     51.022     51.277      0.573    1478.54    1478.55  0.000e+00
      10333     52.000     6.8508     6.8524     0.0017    3.48966    3.48970          1     4.5855     4.5186      11.39     0.3099     0.2293  1.000e-12  1.1012000    34.6968    34.6956    -0.0012    27.2005    27.1993     51.517     51.772      0.564    1478.55    1478.56  0.000e+00
      10354     52.500     6.8508     6.8525     0.0017    3.48969    3.48973          1     4.5898     4.5112      10.86     0.3058     0.2093  1.000e-12  1.0591000    34.6968    34.6956    -0.0012    27.2005    27.1993     52.013     52.268      0.557    1478.56    1478.57  0.000e+00
      10376     53.000     6.8508     6.8525     0.0018    3.48969    3.48973          1     4.5902     4.5028      10.37     0.2918     0.2355  1.000e-12  1.0414000    34.6965    34.6953    -0.0013    27.2003    27.1991     52.508     52.764      0.559    1478.57    1478.57  0.000e+00
      10397     53.500     6.8510     6.8527     0.0018    3.48975    3.48980          1     4.5854     4.5018       9.87     0.2947     0.2361  1.000e-12  1.0477000    34.6967    34.6956    -0.0012    27.2005    27.1993     53.003     53.260      0.555    1478.58    1478.58  0.000e+00
      10419     54.000     6.8511     6.8528     0.0017    3.48978    3.48983          1     4.5784     4.5002       9.36     0.3132     0.2080  1.000e-12  1.0453000    34.6967    34.6955    -0.0012    27.2004    27.1992     53.499     53.756      0.554    1478.59    1478.59  0.000e+00
      10441     54.500     6.8512     6.8529     0.0016    3.48981    3.48986          1     4.5732     4.4947       8.86     0.2824     0.2374  1.000e-12  1.1278000    34.6967    34.6956    -0.0011    27.2004    27.1993     53.994     54.251      0.559    1478.60    1478.60  0.000e+00
      10462     55.000     6.8512     6.8529     0.0017    3.48983    3.48989          1     4.5818     4.4924       8.36     0.2934     0.2432  1.000e-12  1.0421000    34.6967    34.6956    -0.0011    27.2004    27.1993     54.489     54.747      0.552    1478.60    1478.61  0.000e+00
      10484     55.500     6.8513     6.8530     0.0017    3.48985    3.48991          1     4.5819     4.4998       7.87     0.3182     0.2262  1.000e-12  1.0352000    34.6966    34.6955    -0.0010    27.2003    27.1992     54.984     55.243      0.543    1478.61    1478.62  0.000e+00
