ctdpy/exports/archive_20191120_135557/received_data/SBE09_0827_20181124_2007_26_01_1240.cnv
* Sea-Bird SBE 9 Data File:
* FileName = D:\CTD_SBE911\DAT\26DA.2018.12.40.hex
* Software Version Seasave V 7.21d
* Temperature SN = 4548
* Conductivity SN = 3062
* Number of Bytes Per Scan = 48
* Number of Voltage Words = 5
* Number of Scans Averaged by the Deck Unit = 1
* NMEA Latitude = 57 29.41 N
* NMEA Longitude = 017 44.42 E
* NMEA UTC (Time) = Nov 24 2018  20:07:43
* NMEA baud rate = 4800
** Ship: DANA
** Average sound velocity: 1442.08 m/s
** True-depth calculation Tue, 02 Apr 2019 12:14:31 +0000
** CTD Python Module SMHI /ver 3-12/ feb 2012 
** LIMS Job: 20182601-1240
** Operator: Ronny
** Cruise: 12/2018
# nquan = 26
# nvalues = 197                         
# units = specified
# name 0 = scan: Scan Count
# name 1 = prDM: Pressure, Digiquartz [db]
# name 2 = t090C: Temperature [ITS-90, deg C]
# name 3 = t190C: Temperature, 2 [ITS-90, deg C]
# name 4 = T2-T190C: Temperature Difference, 2 - 1 [ITS-90, deg C]
# name 5 = c0S/m: Conductivity [S/m]
# name 6 = c1S/m: Conductivity, 2 [S/m]
# name 7 = pumps: Pump Status
# name 8 = sbeox1ML/L: Oxygen, SBE 43, 2 [ml/l]
# name 9 = sbeox0ML/L: Oxygen, SBE 43 [ml/l]
# name 10 = altM: Altimeter [m]
# name 11 = chloroflTC0: Chlorophyll, Turner Cyclops [ug/l]
# name 12 = cpar: CPAR/Corrected Irradiance [%]
# name 13 = par: PAR/Irradiance, Biospherical/Lico [µE/(cm^2*s)]
# name 14 = spar: SPAR, Biospherical/Licor
# name 15 = sal00: Salinity, Practical [PSU]
# name 16 = sal11: Salinity, Practical, 2 [PSU]
# name 17 = secS-priS: Salinity, Practical, Difference, 2 - 1 [PSU]
# name 18 = sigma-t00: Density [sigma-t, kg/m^3 ]
# name 19 = sigma-t11: Density, 2 [sigma-t, kg/m^3 ]
# name 20 = depSM: Depth [salt water, m], lat = 57.4902
# name 21 = depFM: Depth [true depth, m], lat = 57.4902
# name 22 = dz/dtM: Descent Rate [m/s], WS = 2
# name 23 = svCM: Sound Velocity [Chen-Millero, m/s]
# name 24 = svCM1: Sound Velocity, 2 [Chen-Millero, m/s]
# name 25 = flag: flag
# span 0 =         52,       9042       
# span 1 =      1.000,     99.000       
# span 2 =     4.1284,     7.3425       
# span 3 =     4.1208,     7.3435       
# span 4 =    -0.1782,     0.0471       
# span 5 =   0.784645,   1.149588       
# span 6 =   0.784646,   1.150064       
# span 7 =          1,          1       
# span 8 =     0.0989,     7.6874       
# span 9 =     0.0511,     7.9255       
# span 10 =       1.60,       9.96      
# span 11 =     0.0158,     0.0288      
# span 12 = 4.9241e-11, 4.9241e-11      
# span 13 = 1.0000e-12, 1.0000e-12      
# span 14 = 2.0308e+00, 2.0308e+00      
# span 15 =     6.8270,    10.6315      
# span 16 =     6.8269,    10.6357      
# span 17 =    -0.0009,     0.0515      
# span 18 =     5.2984,     8.3640      
# span 19 =     5.2983,     8.3671      
# span 20 =      0.991,     98.064      
# span 21 =      1.013,    100.210      
# span 22 =      0.049,      0.303      
# span 23 =    1433.38,    1445.75      
# span 24 =    1433.31,    1445.76      
# span 25 = 0.0000e+00, 0.0000e+00      
# interval = decibars: 0.5              
# start_time = Nov 24 2018 20:07:44 [NMEA time, first data scan]
# bad_flag = -9.990e-29
*END*
[from data line 56]
       2716     29.000     7.3347     7.3365     0.0018    0.80724    0.80727          1     7.5946     7.8200       9.96     0.0220  4.924e-11  1.000e-12  2.031e+00     6.9504     6.9503    -0.0001     5.3669     5.3667     28.730     29.381      0.284    1445.57    1445.58  0.000e+00
       2759     29.500     7.3368     7.3379     0.0011    0.80732    0.80733          1     7.5956     7.8203       9.96     0.0216  4.924e-11  1.000e-12  2.031e+00     6.9507     6.9505    -0.0001     5.3670     5.3668     29.226     29.888      0.279    1445.59    1445.59  0.000e+00
       2802     30.000     7.3367     7.3374     0.0008    0.80733    0.80733          1     7.5781     7.8250       9.96     0.0218  4.924e-11  1.000e-12  2.031e+00     6.9507     6.9505    -0.0002     5.3670     5.3668     29.721     30.394      0.267    1445.60    1445.60  0.000e+00
       2848     30.500     7.3359     7.3362     0.0003    0.80732    0.80730          1     7.5862     7.8255       9.96     0.0220  4.924e-11  1.000e-12  2.031e+00     6.9506     6.9504    -0.0002     5.3670     5.3668     30.216     30.901      0.278    1445.60    1445.60  0.000e+00
       2889     31.000     7.3349     7.3355     0.0006    0.80729    0.80728          1     7.6014     7.8301       9.96     0.0220  4.924e-11  1.000e-12  2.031e+00     6.9505     6.9504    -0.0002     5.3670     5.3669     30.712     31.407      0.285    1445.61    1445.61  0.000e+00
       2934     31.500     7.3345     7.3350     0.0006    0.80728    0.80728          1     7.5949     7.8319       9.96     0.0220  4.924e-11  1.000e-12  2.031e+00     6.9505     6.9504    -0.0001     5.3671     5.3669     31.207     31.914      0.258    1445.61    1445.61  0.000e+00
       2978     32.000     7.3343     7.3352     0.0009    0.80730    0.80731          1     7.5881     7.8372       9.96     0.0220  4.924e-11  1.000e-12  2.031e+00     6.9506     6.9505    -0.0001     5.3672     5.3670     31.702     32.420      0.287    1445.62    1445.62  0.000e+00
       3020     32.500     7.3347     7.3354     0.0007    0.80733    0.80731          1     7.5853     7.8358       9.96     0.0220  4.924e-11  1.000e-12  2.031e+00     6.9508     6.9505    -0.0003     5.3673     5.3670     32.198     32.927      0.275    1445.63    1445.63  0.000e+00
       3065     33.000     7.3346     7.3351     0.0005    0.80734    0.80734          1     7.6006     7.8338       9.96     0.0220  4.924e-11  1.000e-12  2.031e+00     6.9509     6.9508    -0.0001     5.3673     5.3672     32.693     33.433      0.275    1445.64    1445.64  0.000e+00
       3107     33.500     7.3343     7.3349     0.0006    0.80735    0.80735          1     7.6002     7.8286       9.96     0.0219  4.924e-11  1.000e-12  2.031e+00     6.9510     6.9508    -0.0001     5.3674     5.3673     33.188     33.940      0.288    1445.64    1445.65  0.000e+00
       3150     34.000     7.3341     7.3347     0.0006    0.80736    0.80736          1     7.5966     7.8215       9.96     0.0219  4.924e-11  1.000e-12  2.031e+00     6.9511     6.9509    -0.0001     5.3675     5.3674     33.684     34.447      0.266    1445.65    1445.65  0.000e+00
       3194     34.500     7.3340     7.3345     0.0006    0.80738    0.80737          1     7.5796     7.8321       9.96     0.0218  4.924e-11  1.000e-12  2.031e+00     6.9512     6.9510    -0.0001     5.3676     5.3674     34.179     34.953      0.281    1445.66    1445.66  0.000e+00
       3237     35.000     7.3337     7.3340     0.0003    0.80738    0.80737          1     7.5949     7.8305       9.96     0.0219  4.924e-11  1.000e-12  2.031e+00     6.9512     6.9510    -0.0002     5.3676     5.3675     34.674     35.460      0.278    1445.67    1445.67  0.000e+00
       3281     35.500     7.3337     7.3356     0.0019    0.80742    0.80746          1     7.5947     7.8325       9.96     0.0217  4.924e-11  1.000e-12  2.031e+00     6.9515     6.9515     0.0001     5.3678     5.3677     35.169     35.966      0.272    1445.68    1445.68  0.000e+00
       3326     36.000     7.3385     7.3397     0.0012    0.80765    0.80768          1     7.5838     7.8297       9.96     0.0211  4.924e-11  1.000e-12  2.031e+00     6.9526     6.9526     0.0000     5.3684     5.3684     35.665     36.473      0.273    1445.70    1445.71  0.000e+00
       3367     36.500     7.3383     7.3407     0.0024    0.80776    0.80806          1     7.5872     7.8133       9.96     0.0208  4.924e-11  1.000e-12  2.031e+00     6.9535     6.9559     0.0024     5.3692     5.3709     36.160     36.979      0.287    1445.71    1445.73  0.000e+00
       3411     37.000     7.3425     7.3435     0.0010    0.80899    0.80978          1     7.5399     7.7771       9.96     0.0205  4.924e-11  1.000e-12  2.031e+00     6.9641     6.9712     0.0071     5.3771     5.3826     36.655     37.486      0.269    1445.75    1445.76  0.000e+00
       3456     37.500     7.3090     7.2819    -0.0271    0.80955    0.80941          1     7.4499     7.6751       9.96     0.0195  4.924e-11  1.000e-12  2.031e+00     6.9760     6.9801     0.0042     5.3888     5.3940     37.151     37.992      0.265    1445.63    1445.53  0.000e+00
       3501     38.000     7.2376     7.2231    -0.0145    0.80907    0.80910          1     7.3722     7.5738       9.96     0.0183  4.924e-11  1.000e-12  2.031e+00     6.9858     6.9890     0.0032     5.4016     5.4051     37.646     38.499      0.272    1445.36    1445.30  0.000e+00
       3545     38.500     7.2138     7.2037    -0.0102    0.80906    0.80902          1     7.3319     7.5480       9.96     0.0179  4.924e-11  1.000e-12  2.031e+00     6.9905     6.9921     0.0016     5.4069     5.4089     38.141     39.005      0.269    1445.27    1445.23  0.000e+00
       3590     39.000     7.1999     7.1915    -0.0084    0.80902    0.80914          1     7.3285     7.5640       9.96     0.0171  4.924e-11  1.000e-12  2.031e+00     6.9929     6.9956     0.0027     5.4098     5.4125     38.637     39.512      0.271    1445.22    1445.19  0.000e+00
       3633     39.500     7.1914     7.1858    -0.0057    0.80949    0.80958          1     7.3370     7.5592       9.96     0.0172  4.924e-11  1.000e-12  2.031e+00     6.9988     7.0009     0.0020     5.4150     5.4170     39.132     40.019      0.273    1445.21    1445.18  0.000e+00
       3677     40.000     7.1770     7.1718    -0.0052    0.80966    0.80978          1     7.3255     7.5449       9.96     0.0172  4.924e-11  1.000e-12  2.031e+00     7.0033     7.0054     0.0022     5.4195     5.4216     39.627     40.525      0.271    1445.16    1445.14  0.000e+00
       3722     40.500     7.1757     7.1752    -0.0005    0.81028    0.81051          1     7.2987     7.5263       9.96     0.0171  4.924e-11  1.000e-12  2.031e+00     7.0093     7.0115     0.0023     5.4243     5.4261     40.122     41.032      0.266    1445.17    1445.17  0.000e+00
       3767     41.000     7.1668     7.1612    -0.0056    0.81086    0.81095          1     7.2678     7.4810       9.96     0.0171  4.924e-11  1.000e-12  2.031e+00     7.0164     7.0184     0.0020     5.4305     5.4325     40.618     41.538      0.271    1445.15    1445.13  0.000e+00
       3812     41.500     7.1545     7.1506    -0.0040    0.81118    0.81128          1     7.2236     7.4221       9.96     0.0168  4.924e-11  1.000e-12  2.031e+00     7.0218     7.0236     0.0017     5.4356     5.4373     41.113     42.045      0.262    1445.11    1445.10  0.000e+00
       3857     42.000     7.1240     7.1098    -0.0141    0.81130    0.81131          1     7.1551     7.3479       9.96     0.0165  4.924e-11  1.000e-12  2.031e+00     7.0291     7.0320     0.0029     5.4434     5.4467     41.608     42.551      0.265    1445.00    1444.94  0.000e+00
       3904     42.500     7.0681     7.0438    -0.0243    0.81126    0.81125          1     7.1067     7.3063       9.96     0.0165  4.924e-11  1.000e-12  2.031e+00     7.0400     7.0449     0.0049     5.4558     5.4613     42.104     43.058      0.262    1444.79    1444.69  0.000e+00
       3947     43.000     7.0084     6.9879    -0.0205    0.81110    0.81104          1     7.0805     7.2863       9.96     0.0160  4.924e-11  1.000e-12  2.031e+00     7.0507     7.0543     0.0036     5.4682     5.4724     42.599     43.564      0.274    1444.56    1444.48  0.000e+00
       3994     43.500     6.9627     6.9393    -0.0234    0.81086    0.81076          1     7.0790     7.2883       9.96     0.0162  4.924e-11  1.000e-12  2.031e+00     7.0577     7.0616     0.0039     5.4768     5.4814     43.094     44.071      0.256    1444.38    1444.29  0.000e+00
       4038     44.000     6.9061     6.8840    -0.0222    0.81053    0.81041          1     7.0854     7.2978       9.96     0.0163  4.924e-11  1.000e-12  2.031e+00     7.0662     7.0696     0.0035     5.4871     5.4913     43.589     44.577      0.275    1444.17    1444.08  0.000e+00
       4083     44.500     6.8493     6.8294    -0.0199    0.81014    0.81009          1     7.1034     7.3076       9.96     0.0161  4.924e-11  1.000e-12  2.031e+00     7.0741     7.0777     0.0036     5.4971     5.5012     44.085     45.084      0.264    1443.94    1443.87  0.000e+00
       4129     45.000     6.7927     6.7739    -0.0188    0.81021    0.81025          1     7.1806     7.3933       9.96     0.0161  4.924e-11  1.000e-12  2.031e+00     7.0863     7.0906     0.0043     5.5104     5.5149     44.580     45.590      0.261    1443.73    1443.65  0.000e+00
       4173     45.500     6.7614     6.7503    -0.0112    0.81054    0.81074          1     7.1838     7.4231       9.96     0.0160  4.924e-11  1.000e-12  2.031e+00     7.0959     7.1001     0.0042     5.5199     5.5239     45.075     46.097      0.277    1443.62    1443.58  0.000e+00
       4218     46.000     6.7285     6.7178    -0.0107    0.81074    0.81088          1     7.1694     7.3988       9.96     0.0161  4.924e-11  1.000e-12  2.031e+00     7.1045     7.1081     0.0036     5.5287     5.5322     45.571     46.603      0.259    1443.50    1443.46  0.000e+00
       4264     46.500     6.7373     6.7419     0.0046    0.81198    0.81242          1     7.1981     7.4271       9.96     0.0162  4.924e-11  1.000e-12  2.031e+00     7.1143     7.1175     0.0032     5.5359     5.5381     46.066     47.110      0.265    1443.55    1443.58  0.000e+00
       4309     47.000     6.7488     6.7480    -0.0008    0.81294    0.81310          1     7.2236     7.4517       9.96     0.0166  4.924e-11  1.000e-12  2.031e+00     7.1209     7.1226     0.0017     5.5404     5.5417     46.561     47.616      0.262    1443.62    1443.62  0.000e+00
       4356     47.500     6.7459     6.7395    -0.0064    0.81321    0.81325          1     7.2220     7.4374       9.96     0.0165  4.924e-11  1.000e-12  2.031e+00     7.1240     7.1257     0.0017     5.5430     5.5447     47.056     48.122      0.259    1443.62    1443.59  0.000e+00
       4401     48.000     6.7226     6.7072    -0.0154    0.81320    0.81319          1     7.1683     7.3785       9.96     0.0163  4.924e-11  1.000e-12  2.031e+00     7.1287     7.1318     0.0031     5.5481     5.5515     47.552     48.629      0.264    1443.53    1443.47  0.000e+00
       4448     48.500     6.6870     6.6765    -0.0105    0.81316    0.81316          1     7.1286     7.3345       9.96     0.0164  4.924e-11  1.000e-12  2.031e+00     7.1356     7.1378     0.0022     5.5558     5.5582     48.047     49.135      0.255    1443.40    1443.36  0.000e+00
       4492     49.000     6.6718     6.6677    -0.0041    0.81336    0.81346          1     7.1135     7.3318       9.96     0.0163  4.924e-11  1.000e-12  2.031e+00     7.1406     7.1424     0.0019     5.5607     5.5624     48.542     49.642      0.278    1443.35    1443.34  0.000e+00
       4538     49.500     6.6634     6.6578    -0.0055    0.81380    0.81392          1     7.1372     7.3445       9.96     0.0165  4.924e-11  1.000e-12  2.031e+00     7.1464     7.1487     0.0023     5.5658     5.5680     49.037     50.148      0.255    1443.33    1443.31  0.000e+00
       4584     50.000     6.6506     6.6403    -0.0103    0.81400    0.81401          1     7.1412     7.3440       9.96     0.0168  4.924e-11  1.000e-12  2.031e+00     7.1510     7.1532     0.0023     5.5702     5.5726     49.533     50.655      0.266    1443.29    1443.25  0.000e+00
       4630     50.500     6.6214     6.6082    -0.0132    0.81407    0.81415          1     7.1214     7.3285       9.96     0.0166  4.924e-11  1.000e-12  2.031e+00     7.1577     7.1611     0.0035     5.5773     5.5808     50.028     51.161      0.261    1443.18    1443.13  0.000e+00
       4675     51.000     6.5842     6.5591    -0.0251    0.81440    0.81468          1     7.0804     7.2827       9.96     0.0166  4.924e-11  1.000e-12  2.031e+00     7.1685     7.1764     0.0080     5.5881     5.5958     50.523     51.668      0.266    1443.05    1442.95  0.000e+00
       4722     51.500     6.5299     6.5198    -0.0101    0.81574    0.81610          1     7.0292     7.2426       9.96     0.0167  4.924e-11  1.000e-12  2.031e+00     7.1925     7.1981     0.0056     5.6103     5.6153     51.019     52.174      0.244    1442.85    1442.82  0.000e+00
       4770     52.000     6.5257     6.5308     0.0052    0.81670    0.81740          1     7.0278     7.2318       9.96     0.0165  4.924e-11  1.000e-12  2.031e+00     7.2024     7.2080     0.0056     5.6183     5.6224     51.514     52.680      0.269    1442.86    1442.89  0.000e+00
       4814     52.500     6.5748     6.5936     0.0188    0.82095    0.82287          1     7.0348     7.2165       9.96     0.0166  4.924e-11  1.000e-12  2.031e+00     7.2322     7.2464     0.0142     5.6388     5.6488     52.009     53.187      0.262    1443.11    1443.21  0.000e+00
       4862     53.000     6.4631     6.3162    -0.1468    0.82106    0.81927          1     6.8489     6.9896       9.96     0.0162  4.924e-11  1.000e-12  2.031e+00     7.2569     7.2712     0.0143     5.6649     5.6847     52.504     53.693      0.250    1442.68    1442.07  0.000e+00
       4908     53.500     6.0817     5.9271    -0.1546    0.81531    0.81369          1     6.6265     6.7659       9.96     0.0163  4.924e-11  1.000e-12  2.031e+00     7.2833     7.3010     0.0177     5.7076     5.7298     53.000     54.200      0.270    1441.09    1440.45  0.000e+00
       4953     54.000     5.8322     5.7354    -0.0967    0.81223    0.81125          1     6.4917     6.6256       9.96     0.0161  4.924e-11  1.000e-12  2.031e+00     7.3073     7.3188     0.0115     5.7398     5.7537     53.495     54.706      0.264    1440.06    1439.65  0.000e+00
       4997     54.500     5.6632     5.6069    -0.0563    0.81013    0.80967          1     6.6100     6.7438       9.96     0.0160  4.924e-11  1.000e-12  2.031e+00     7.3236     7.3313     0.0077     5.7611     5.7699     53.990     55.212      0.275    1439.36    1439.12  0.000e+00
       5041     55.000     5.6264     5.5994    -0.0270    0.81122    0.81190          1     6.7089     6.8509       9.96     0.0160  4.924e-11  1.000e-12  2.031e+00     7.3421     7.3546     0.0126     5.7774     5.7887     54.485     55.719      0.269    1439.23    1439.13  0.000e+00
       5086     55.500     5.5474     5.4588    -0.0886    0.81124    0.81054          1     6.6178     6.7717       9.96     0.0160  4.924e-11  1.000e-12  2.031e+00     7.3595     7.3720     0.0126     5.7950     5.8090     54.981     56.225      0.273    1438.92    1438.55  0.000e+00
       5128     56.000     5.3050     5.1268    -0.1782    0.80940    0.80863          1     6.4624     6.6044       9.96     0.0160  4.924e-11  1.000e-12  2.031e+00     7.3947     7.4266     0.0319     5.8338     5.8666     55.476     56.731      0.285    1437.91    1437.17  0.000e+00
