ctdpy/exports/archive_20191120_135557/received_data/SBE09_0827_20180825_1228_26_01_0895.cnv
* Sea-Bird SBE 9 Data File:
* FileName = D:\CTD_SBE911\DAT\26DA.2018.8.95.hex
* Software Version Seasave V 7.21d
* Temperature SN = 034605
* Conductivity SN = 041844
* Number of Bytes Per Scan = 48
* Number of Voltage Words = 5
* Number of Scans Averaged by the Deck Unit = 1
* NMEA Latitude = 58 20.12 N
* NMEA Longitude = 011 01.40 E
* NMEA UTC (Time) = Aug 25 2018  12:31:13
* NMEA baud rate = 4800
** Ship: DANA
** Average sound velocity: 1499.67 m/s
** True-depth calculation Thu, 28 Mar 2019 09:27:40 +0000
** CTD Python Module SMHI /ver 3-12/ feb 2012 
** LIMS Job: 20182601-0895
**  A13
** Operator: Christian A-KTh
** Cruise: 08/2018
# nquan = 26
# nvalues = 182                         
# units = specified
# name 0 = scan: Scan Count
# name 1 = prDM: Pressure, Digiquartz [db]
# name 2 = t090C: Temperature [ITS-90, deg C]
# name 3 = t190C: Temperature, 2 [ITS-90, deg C]
# name 4 = T2-T190C: Temperature Difference, 2 - 1 [ITS-90, deg C]
# name 5 = c0S/m: Conductivity [S/m]
# name 6 = c1S/m: Conductivity, 2 [S/m]
# name 7 = pumps: Pump Status
# name 8 = sbeox1ML/L: Oxygen, SBE 43, 2 [ml/l]
# name 9 = sbeox0ML/L: Oxygen, SBE 43 [ml/l]
# name 10 = altM: Altimeter [m]
# name 11 = chloroflTC0: Chlorophyll, Turner Cyclops [ug/l]
# name 12 = cpar: CPAR/Corrected Irradiance [%]
# name 13 = par: PAR/Irradiance, Biospherical/Lico [µE/(cm^2*s)]
# name 14 = spar: SPAR, Biospherical/Licor
# name 15 = sal00: Salinity, Practical [PSU]
# name 16 = sal11: Salinity, Practical, 2 [PSU]
# name 17 = secS-priS: Salinity, Practical, Difference, 2 - 1 [PSU]
# name 18 = sigma-t00: Density [sigma-t, kg/m^3 ]
# name 19 = sigma-t11: Density, 2 [sigma-t, kg/m^3 ]
# name 20 = depSM: Depth [salt water, m], lat = 58.3353
# name 21 = depFM: Depth [true depth, m], lat = 58.3353
# name 22 = dz/dtM: Descent Rate [m/s], WS = 2
# name 23 = svCM: Sound Velocity [Chen-Millero, m/s]
# name 24 = svCM1: Sound Velocity, 2 [Chen-Millero, m/s]
# name 25 = flag: flag
# span 0 =         15,       9113       
# span 1 =      1.500,     92.000       
# span 2 =     8.6769,    17.4742       
# span 3 =     8.6893,    17.4726       
# span 4 =    -0.0888,     0.4984       
# span 5 =   3.673061,   4.271961       
# span 6 =   3.675104,   4.272340       
# span 7 =          1,          1       
# span 8 =     5.1845,     5.9546       
# span 9 =     4.9217,     5.9143       
# span 10 =       1.97,       9.98      
# span 11 =     0.0367,     0.2971      
# span 12 = 5.6290e-14, 1.1390e+01      
# span 13 = 1.0000e-12, 1.6299e+02      
# span 14 = 8.0476e+02, 1.7767e+03      
# span 15 =    31.5539,    34.8362      
# span 16 =    31.5554,    34.8516      
# span 17 =    -0.2642,     0.0515      
# span 18 =    22.8048,    27.0413      
# span 19 =    22.8065,    27.0487      
# span 20 =      1.486,     91.125      
# span 21 =      1.494,     91.400      
# span 22 =      0.049,      0.461      
# span 23 =    1486.32,    1511.88      
# span 24 =    1486.37,    1511.88      
# span 25 = 0.0000e+00, 0.0000e+00      
# interval = decibars: 0.5              
# start_time = Aug 25 2018 12:31:13 [NMEA time, first data scan]
# bad_flag = -9.990e-29
*END*
[from data line 56]
       3017     29.500    16.9550    16.9679     0.0130    4.24429    4.24627          1     5.2490     4.9488       9.97     0.1188  3.356e-02  4.000e-01  1.192e+03    32.8920    32.8986     0.0066    23.9074    23.9095     29.224     29.359      0.267    1510.77    1510.82  0.000e+00
       3057     30.000    16.8351    16.9494     0.1143    4.23491    4.24526          1     5.2602     4.9217       9.97     0.1233  3.188e-02  3.780e-01  1.186e+03    32.9087    32.9048    -0.0038    23.9482    23.9186     29.719     29.857      0.372    1510.43    1510.78  0.000e+00
       3094     30.500    16.5241    16.7519     0.2279    4.21396    4.23365          1     5.2383     4.9285       9.97     0.1296  3.011e-02  3.606e-01  1.198e+03    32.9816    32.9658    -0.0159    24.0762    24.0113     30.214     30.354      0.259    1509.58    1510.26  0.000e+00
       3148     31.000    16.1661    16.4620     0.2958    4.18729    4.21392          1     5.2162     4.9246       9.97     0.1239  2.947e-02  3.473e-01  1.179e+03    33.0438    33.0324    -0.0113    24.2057    24.1295     30.710     30.851      0.259    1508.56    1509.46  0.000e+00
       3187     31.500    15.9570    16.1766     0.2196    4.17349    4.19468          1     5.1849     4.9624       9.97     0.1226  2.840e-02  3.161e-01  1.113e+03    33.0959    33.1000     0.0041    24.2930    24.2465     31.205     31.349      0.290    1507.98    1508.67  0.000e+00
       3235     32.000    15.8899    15.9676     0.0777    4.16887    4.17853          1     5.1891     4.9945       9.97     0.1208  2.673e-02  2.760e-01  1.032e+03    33.1108    33.1315     0.0206    24.3196    24.3180     31.700     31.846      0.248    1507.80    1508.06  0.000e+00
       3275     32.500    15.8384    15.8967     0.0583    4.16497    4.17327          1     5.2258     4.9864       9.97     0.1257  2.503e-02  2.440e-01  9.748e+02    33.1191    33.1440     0.0249    24.3375    24.3436     32.195     32.343      0.348    1507.66    1507.87  0.000e+00
       3312     33.000    15.5647    15.8055     0.2408    4.14099    4.16648          1     5.2463     4.9512       9.97     0.1206  2.108e-02  2.039e-01  9.675e+02    33.1350    33.1599     0.0249    24.4106    24.3763     32.691     32.840      0.276    1506.83    1507.61  0.000e+00
       3364     33.500    14.9796    15.4381     0.4584    4.09672    4.13987          1     5.2135     4.9814       9.97     0.1071  1.733e-02  1.643e-01  9.471e+02    33.2318    33.2316    -0.0002    24.6133    24.5129     33.186     33.337      0.220    1505.10    1506.55  0.000e+00
       3418     34.000    14.7493    14.9865     0.2372    4.07964    4.10480          1     5.2143     4.9660       9.97     0.1100  1.385e-02  1.230e-01  8.876e+02    33.2730    33.2988     0.0258    24.6947    24.6635     33.681     33.834      0.226    1504.43    1505.21  0.000e+00
       3464     34.500    14.4549    14.7641     0.3094    4.05743    4.08899          1     5.1935     4.9798       9.97     0.1068  9.676e-03  8.621e-02  8.915e+02    33.3224    33.3452     0.0229    24.7955    24.7472     34.176     34.331      0.332    1503.55    1504.57  0.000e+00
       3499     35.000    14.2061    14.4001     0.1939    4.03908    4.06196          1     5.1845     5.0007       9.97     0.1078  6.034e-03  5.450e-02  9.035e+02    33.3682    33.4109     0.0428    24.8832    24.8754     34.672     34.828      0.297    1502.81    1503.48  0.000e+00
       3546     35.500    13.9700    14.1746     0.2047    4.02161    4.04384          1     5.2035     5.0317       9.97     0.1046  2.940e-03  2.584e-02  8.771e+02    33.4112    33.4392     0.0280    24.9657    24.9447     35.167     35.325      0.269    1502.10    1502.80  0.000e+00
       3583     36.000    13.8409    14.0074     0.1664    4.01248    4.03101          1     5.2171     5.0421       9.97     0.1040  4.531e-04  3.885e-03  8.498e+02    33.4385    33.4655     0.0269    25.0134    24.9998     35.662     35.822      0.325    1501.72    1502.29  0.000e+00
       3630     36.500    13.6059    13.7799     0.1740    3.99569    4.01530          1     5.2207     5.0841       9.97     0.1013  4.199e-06  3.596e-05  8.226e+02    33.4872    33.5179     0.0307    25.0992    25.0873     36.158     36.319      0.222    1501.01    1501.62  0.000e+00
       3679     37.000    13.5843    13.6446     0.0603    3.99431    4.00394          1     5.2447     5.0593       9.97     0.0990  1.241e-13  1.000e-12  8.061e+02    33.4929    33.5301     0.0372    25.1081    25.1245     36.653     36.815      0.303    1500.96    1501.20  0.000e+00
       3721     37.500    13.5312    13.5962     0.0652    3.99143    3.99984          1     5.2407     5.0848       9.97     0.0968  1.243e-13  1.000e-12  8.048e+02    33.5124    33.5340     0.0216    25.1339    25.1374     37.148     37.312      0.232    1500.81    1501.05  0.000e+00
       3779     38.000    13.4145    13.5406     0.1259    3.98455    3.99656          1     5.2582     5.1272       9.97     0.1000  1.229e-13  1.000e-12  8.134e+02    33.5502    33.5519     0.0017    25.1868    25.1626     37.643     37.809      0.263    1500.48    1500.90  0.000e+00
       3818     38.500    13.1731    13.4197     0.2468    3.96824    3.98975          1     5.2585     5.1510       9.97     0.1002  1.207e-13  1.000e-12  8.284e+02    33.6095    33.5943    -0.0151    25.2812    25.2199     38.139     38.306      0.306    1499.76    1500.56  0.000e+00
       3860     39.000    12.9631    13.2918     0.3286    3.95100    3.98069          1     5.2683     5.1408       9.97     0.1075  1.163e-13  1.000e-12  8.602e+02    33.6323    33.6217    -0.0105    25.3407    25.2669     38.634     38.802      0.283    1499.09    1500.18  0.000e+00
       3900     39.500    12.8015    13.1690     0.3675    3.93858    3.97243          1     5.2885     5.1106       9.97     0.1092  1.105e-13  1.000e-12  9.052e+02    33.6577    33.6522    -0.0055    25.3922    25.3151     39.129     39.299      0.298    1498.59    1499.81  0.000e+00
       3948     40.000    12.5820    13.0323     0.4501    3.92476    3.96212          1     5.2933     5.1362       9.97     0.0991  1.058e-13  1.000e-12  9.455e+02    33.7216    33.6758    -0.0458    25.4847    25.3607     39.624     39.796      0.220    1497.94    1499.39  0.000e+00
       3999     40.500    12.2980    12.7963     0.4984    3.90802    3.94581          1     5.2694     5.1459       9.97     0.0906  1.040e-13  1.000e-12  9.611e+02    33.8161    33.7309    -0.0852    25.6128    25.4500     40.120     40.292      0.286    1497.09    1498.68  0.000e+00
       4041     41.000    12.0514    12.5494     0.4981    3.88912    3.93059          1     5.2719     5.1403       9.97     0.0834  1.023e-13  1.000e-12  9.780e+02    33.8561    33.8064    -0.0497    25.6909    25.5568     40.615     40.789      0.243    1496.31    1497.94  0.000e+00
       4096     41.500    11.9327    12.2902     0.3576    3.87839    3.91254          1     5.2847     5.1428       9.97     0.0790  9.850e-14  1.000e-12  1.015e+03    33.8595    33.8662     0.0068    25.7160    25.6532     41.110     41.285      0.246    1495.92    1497.15  0.000e+00
       4139     42.000    11.8384    12.1355     0.2969    3.87131    3.89938          1     5.2897     5.1251       9.97     0.0842  9.510e-14  1.000e-12  1.052e+03    33.8760    33.8789     0.0029    25.7465    25.6927     41.605     41.782      0.280    1495.62    1496.64  0.000e+00
       4184     42.500    11.7044    11.9940     0.2896    3.86115    3.88914          1     5.2761     5.1012       9.97     0.0716  9.048e-14  1.000e-12  1.105e+03    33.8988    33.9079     0.0090    25.7893    25.7420     42.101     42.278      0.275    1495.19    1496.20  0.000e+00
       4221     43.000    11.5972    11.7600     0.1628    3.85267    3.87248          1     5.2489     5.0964       9.97     0.0697  8.679e-14  1.000e-12  1.152e+03    33.9135    33.9586     0.0451    25.8206    25.8254     42.596     42.775      0.379    1494.85    1495.47  0.000e+00
       4254     43.500    11.5764    11.7020     0.1255    3.85144    3.86460          1     5.2336     5.1183       9.97     0.0580  8.401e-14  1.000e-12  1.190e+03    33.9202    33.9343     0.0141    25.8297    25.8174     43.091     43.271      0.280    1494.80    1495.24  0.000e+00
       4328     44.000    11.5707    11.6125     0.0418    3.85079    3.85833          1     5.2069     5.1149       9.97     0.0593  8.194e-14  1.000e-12  1.220e+03    33.9189    33.9546     0.0357    25.8297    25.8498     43.586     43.768      0.291    1494.78    1494.97  0.000e+00
       4359     44.500    11.5668    11.5840     0.0173    3.85066    3.85499          1     5.2108     5.1112       9.97     0.0597  8.191e-14  1.000e-12  1.221e+03    33.9209    33.9478     0.0268    25.8320    25.8497     44.082     44.264      0.359    1494.78    1494.87  0.000e+00
       4403     45.000    11.5681    11.6003     0.0321    3.85123    3.85608          1     5.2287     5.1176       9.97     0.0615  8.179e-14  1.000e-12  1.223e+03    33.9252    33.9434     0.0181    25.8351    25.8433     44.577     44.761      0.230    1494.80    1494.93  0.000e+00
       4463     45.500    11.5730    11.5850     0.0119    3.85169    3.85465          1     5.2182     5.1212       9.97     0.0613  8.169e-14  1.000e-12  1.224e+03    33.9249    33.9431     0.0181    25.8340    25.8459     45.072     45.257      0.197    1494.82    1494.89  0.000e+00
       4514     46.000    11.5754    11.5888     0.0134    3.85216    3.85481          1     5.2080     5.1232       9.97     0.0574  8.133e-14  1.000e-12  1.230e+03    33.9272    33.9410     0.0137    25.8353    25.8435     45.567     45.753      0.337    1494.84    1494.90  0.000e+00
       4543     46.500    11.5739    11.5861     0.0122    3.85202    3.85458          1     5.2070     5.1161       9.97     0.0574  8.117e-14  1.000e-12  1.232e+03    33.9270    33.9409     0.0140    25.8354    25.8440     46.063     46.250      0.419    1494.84    1494.90  0.000e+00
       4573     47.000    11.5805    11.5893     0.0089    3.85287    3.85494          1     5.2084     5.1191       9.97     0.0596  8.123e-14  1.000e-12  1.231e+03    33.9291    33.9413     0.0121    25.8359    25.8437     46.558     46.746      0.346    1494.88    1494.92  0.000e+00
       4641     47.500    11.5862    11.5879     0.0017    3.85369    3.85491          1     5.2026     5.1155       9.97     0.0593  8.159e-14  1.000e-12  1.226e+03    33.9316    33.9422     0.0105    25.8368    25.8446     47.053     47.243      0.228    1494.91    1494.93  0.000e+00
       4696     48.000    11.5848    11.5906     0.0058    3.85352    3.85520          1     5.2067     5.1186       9.97     0.0571  8.192e-14  1.000e-12  1.221e+03    33.9311    33.9422     0.0112    25.8366    25.8442     47.548     47.739      0.386    1494.91    1494.94  0.000e+00
       4725     48.500    11.5932    11.5952     0.0020    3.85466    3.85555          1     5.2201     5.1334       9.97     0.0574  8.233e-14  1.000e-12  1.215e+03    33.9344    33.9412     0.0069    25.8376    25.8426     48.044     48.236      0.351    1494.95    1494.97  0.000e+00
       4774     49.000    11.5795    11.5947     0.0153    3.85480    3.85575          1     5.2231     5.1260       9.97     0.0641  8.333e-14  1.000e-12  1.200e+03    33.9481    33.9435    -0.0046    25.8508    25.8444     48.539     48.732      0.209    1494.93    1494.98  0.000e+00
       4828     49.500    11.5339    11.5754     0.0414    3.85217    3.85562          1     5.2338     5.1381       9.97     0.0673  8.432e-14  1.000e-12  1.186e+03    33.9638    33.9597    -0.0041    25.8714    25.8606     49.034     49.228      0.266    1494.80    1494.94  0.000e+00
       4869     50.000    11.5032    11.5559     0.0527    3.84959    3.85455          1     5.2356     5.1304       9.97     0.0633  8.488e-14  1.000e-12  1.178e+03    33.9665    33.9668     0.0004    25.8792    25.8697     49.529     49.725      0.311    1494.71    1494.89  0.000e+00
       4908     50.500    11.4209    11.5252     0.1043    3.84427    3.85279          1     5.2359     5.1369       9.97     0.0684  8.532e-14  1.000e-12  1.172e+03    33.9895    33.9775    -0.0120    25.9122    25.8837     50.024     50.221      0.277    1494.46    1494.80  0.000e+00
       4960     51.000    11.3739    11.4761     0.1022    3.84135    3.84945          1     5.2432     5.1496       9.97     0.0620  8.570e-14  1.000e-12  1.167e+03    34.0037    33.9895    -0.0142    25.9319    25.9021     50.520     50.718      0.220    1494.32    1494.66  0.000e+00
       5009     51.500    11.3130    11.4441     0.1311    3.83839    3.84748          1     5.2391     5.1535       9.97     0.0587  8.578e-14  1.000e-12  1.166e+03    34.0304    33.9994    -0.0310    25.9638    25.9157     51.015     51.214      0.239    1494.15    1494.56  0.000e+00
       5065     52.000    11.2374    11.3680     0.1306    3.83705    3.84379          1     5.2225     5.1979       9.97     0.0573  8.574e-14  1.000e-12  1.166e+03    34.0869    34.0328    -0.0541    26.0215    25.9556     51.510     51.710      0.276    1493.96    1494.35  0.000e+00
       5097     52.500    11.1927    11.3056     0.1128    3.83650    3.84150          1     5.2444     5.2287       9.97     0.0546  8.576e-14  1.000e-12  1.166e+03    34.1225    34.0676    -0.0549    26.0574    25.9941     52.005     52.207      0.406    1493.85    1494.18  0.000e+00
       5150     53.000    11.1946    11.2541     0.0596    3.83642    3.83984          1     5.2588     5.2225       9.97     0.0541  8.580e-14  1.000e-12  1.165e+03    34.1198    34.0986    -0.0212    26.0550    26.0276     52.501     52.703      0.264    1493.86    1494.05  0.000e+00
       5213     53.500    11.1719    11.1933     0.0214    3.83651    3.83830          1     5.2880     5.2422       9.97     0.0524  8.557e-14  1.000e-12  1.169e+03    34.1416    34.1395    -0.0021    26.0760    26.0705     52.996     53.199      0.413    1493.82    1493.89  0.000e+00
       5237     54.000    11.1886    11.1951     0.0065    3.83915    3.83849          1     5.2870     5.2480       9.97     0.0511  8.535e-14  1.000e-12  1.172e+03    34.1520    34.1394    -0.0126    26.0811    26.0701     53.491     53.696      0.443    1493.90    1493.91  0.000e+00
       5270     54.500    11.1810    11.1928     0.0119    3.83827    3.83907          1     5.2920     5.2456       9.97     0.0557  8.533e-14  1.000e-12  1.172e+03    34.1501    34.1471    -0.0030    26.0810    26.0765     53.986     54.192      0.250    1493.88    1493.92  0.000e+00
       5344     55.000    11.1871    11.1913     0.0042    3.83932    3.83981          1     5.3226     5.2451       9.97     0.0526  8.485e-14  1.000e-12  1.178e+03    34.1546    34.1556     0.0010    26.0834    26.0834     54.482     54.688      0.217    1493.91    1493.93  0.000e+00
       5395     55.500    11.1917    11.1944     0.0027    3.84003    3.84053          1     5.3281     5.2487       9.97     0.0524  8.436e-14  1.000e-12  1.185e+03    34.1572    34.1597     0.0024    26.0846    26.0860     54.977     55.185      0.266    1493.94    1493.95  0.000e+00
       5435     56.000    11.1891    11.1940     0.0048    3.83963    3.84074          1     5.3278     5.2503       9.97     0.0531  8.407e-14  1.000e-12  1.190e+03    34.1555    34.1619     0.0064    26.0837    26.0878     55.472     55.681      0.314    1493.94    1493.96  0.000e+00
       5477     56.500    11.1856    11.1956     0.0100    3.83913    3.84086          1     5.3368     5.2416       9.97     0.0588  8.403e-14  1.000e-12  1.190e+03    34.1535    34.1614     0.0079    26.0828    26.0871     55.967     56.177      0.241    1493.93    1493.97  0.000e+00
