ctdpy/exports/archive_20191120_135557/received_data/SBE09_0827_20181005_1940_26_01_1019.cnv
* Sea-Bird SBE 9 Data File:
* FileName = D:\CTD_SBE911\DAT\26DA.2018.10.19.hex
* Software Version Seasave V 7.21d
* Temperature SN = 4548
* Conductivity SN = 3062
* Number of Bytes Per Scan = 48
* Number of Voltage Words = 5
* Number of Scans Averaged by the Deck Unit = 1
* NMEA Latitude = 56 55.08 N
* NMEA Longitude = 017 35.35 E
* NMEA UTC (Time) = Oct 05 2018  19:43:22
* NMEA baud rate = 4800
** Ship: DANA
** Average sound velocity: 1444.66 m/s
** True-depth calculation Thu, 28 Mar 2019 12:18:09 +0000
** CTD Python Module SMHI /ver 3-12/ feb 2012 
** LIMS Job: 20182601-1019
** Operator: Christian A-KTh
** Cruise: 10/2018
# nquan = 26
# nvalues = 181                         
# units = specified
# name 0 = scan: Scan Count
# name 1 = prDM: Pressure, Digiquartz [db]
# name 2 = t090C: Temperature [ITS-90, deg C]
# name 3 = t190C: Temperature, 2 [ITS-90, deg C]
# name 4 = T2-T190C: Temperature Difference, 2 - 1 [ITS-90, deg C]
# name 5 = c0S/m: Conductivity [S/m]
# name 6 = c1S/m: Conductivity, 2 [S/m]
# name 7 = pumps: Pump Status
# name 8 = sbeox1ML/L: Oxygen, SBE 43, 2 [ml/l]
# name 9 = sbeox0ML/L: Oxygen, SBE 43 [ml/l]
# name 10 = altM: Altimeter [m]
# name 11 = chloroflTC0: Chlorophyll, Turner Cyclops [ug/l]
# name 12 = cpar: CPAR/Corrected Irradiance [%]
# name 13 = par: PAR/Irradiance, Biospherical/Lico [µE/(cm^2*s)]
# name 14 = spar: SPAR, Biospherical/Licor
# name 15 = sal00: Salinity, Practical [PSU]
# name 16 = sal11: Salinity, Practical, 2 [PSU]
# name 17 = secS-priS: Salinity, Practical, Difference, 2 - 1 [PSU]
# name 18 = sigma-t00: Density [sigma-t, kg/m^3 ]
# name 19 = sigma-t11: Density, 2 [sigma-t, kg/m^3 ]
# name 20 = depSM: Depth [salt water, m], lat = 56.918
# name 21 = depFM: Depth [true depth, m], lat = 56.918
# name 22 = dz/dtM: Descent Rate [m/s], WS = 2
# name 23 = svCM: Sound Velocity [Chen-Millero, m/s]
# name 24 = svCM1: Sound Velocity, 2 [Chen-Millero, m/s]
# name 25 = flag: flag
# span 0 =         41,      10429       
# span 1 =      0.500,     90.500       
# span 2 =     3.9323,    11.4835       
# span 3 =     3.9282,    11.4839       
# span 4 =    -0.3837,     0.0481       
# span 5 =   0.773928,   1.135960       
# span 6 =   0.774771,   1.135977       
# span 7 =          1,          1       
# span 8 =     0.0320,     7.3784       
# span 9 =     0.0388,     6.9882       
# span 10 =       1.57,       9.97      
# span 11 =     0.0159,     0.0338      
# span 12 = 4.9241e-11, 2.1137e+03      
# span 13 = 1.0000e-12, 7.7699e-03      
# span 14 = 1.9879e+00, 2.0308e+00      
# span 15 =     6.9322,    10.5161      
# span 16 =     6.9324,    10.5161      
# span 17 =    -0.0009,     0.0469      
# span 18 =     4.9471,     8.2765      
# span 19 =     4.9471,     8.2765      
# span 20 =      0.495,     89.650      
# span 21 =      0.507,     91.593      
# span 22 =     -0.051,      0.703      
# span 23 =    1431.41,    1461.66      
# span 24 =    1431.41,    1461.66      
# span 25 = 0.0000e+00, 0.0000e+00      
# interval = decibars: 0.5              
# start_time = Oct 05 2018 19:43:23 [NMEA time, first data scan]
# bad_flag = -9.990e-29
*END*
[from data line 56]
       3232     28.500     5.6023     5.3905    -0.2116    0.79639    0.79422          1     7.3150     6.8805       9.97     0.0195  4.924e-11  1.000e-12  2.031e+00     7.2064     7.2308     0.0244     5.6713     5.7003     28.237     28.884      0.287    1438.53    1437.64  0.000e+00
       3296     29.000     5.1030     4.9841    -0.1189    0.78891    0.78804          1     7.3753     6.9882       9.97     0.0185  4.924e-11  1.000e-12  2.031e+00     7.2408     7.2581     0.0173     5.7204     5.7389     28.732     29.390      0.244    1436.40    1435.90  0.000e+00
       3338     29.500     4.7292     4.6917    -0.0376    0.78289    0.78363          1     7.3272     6.9407       9.97     0.0183  4.924e-11  1.000e-12  2.031e+00     7.2626     7.2783     0.0156     5.7519     5.7656     29.227     29.897      0.358    1434.79    1434.65  0.000e+00
       3369     30.000     4.2438     4.1838    -0.0602    0.77501    0.77528          1     7.3543     6.9468       9.97     0.0180  4.924e-11  1.000e-12  2.031e+00     7.2907     7.3067     0.0160     5.7894     5.8038     29.723     30.403      0.365    1432.68    1432.43  0.000e+00
       3407     30.500     4.0786     4.0559    -0.0225    0.77393    0.77477          1     7.3784     6.9608       9.97     0.0170  4.924e-11  1.000e-12  2.031e+00     7.3164     7.3300     0.0136     5.8143     5.8257     30.218     30.909      0.239    1431.98    1431.89  0.000e+00
       3476     31.000     4.0665     4.0374    -0.0291    0.77636    0.77679          1     7.2966     6.8569       9.97     0.0171  4.924e-11  1.000e-12  2.031e+00     7.3437     7.3546     0.0110     5.8363     5.8457     30.713     31.416      0.251    1431.97    1431.85  0.000e+00
       3512     31.500     3.9630     3.9482    -0.0148    0.77524    0.77575          1     7.3222     6.8746       9.97     0.0171  4.924e-11  1.000e-12  2.031e+00     7.3556     7.3640     0.0085     5.8483     5.8554     31.209     31.922      0.403    1431.52    1431.47  0.000e+00
       3543     32.000     3.9323     3.9282    -0.0041    0.77593    0.77678          1     7.3316     6.8860       9.97     0.0169  4.924e-11  1.000e-12  2.031e+00     7.3694     7.3790     0.0096     5.8600     5.8677     31.704     32.428      0.301    1431.41    1431.41  0.000e+00
       3615     32.500     3.9937     3.9991     0.0054    0.77946    0.78002          1     7.2456     6.8120       9.97     0.0162  4.924e-11  1.000e-12  2.031e+00     7.3914     7.3959     0.0045     5.8761     5.8795     32.199     32.934      0.288    1431.72    1431.75  0.000e+00
       3649     33.000     4.0850     4.1063     0.0213    0.78288    0.78367          1     7.1830     6.7604       9.97     0.0167  4.924e-11  1.000e-12  2.031e+00     7.4055     7.4088     0.0033     5.8849     5.8870     32.695     33.441      0.412    1432.16    1432.26  0.000e+00
       3679     33.500     4.1895     4.2048     0.0153    0.78639    0.78710          1     7.1281     6.7245       9.97     0.0170  4.924e-11  1.000e-12  2.031e+00     7.4175     7.4211     0.0037     5.8917     5.8941     33.190     33.947      0.365    1432.65    1432.73  0.000e+00
       3720     34.000     4.3541     4.3822     0.0280    0.79156    0.79232          1     6.9123     6.5791       9.97     0.0169  4.924e-11  1.000e-12  2.031e+00     7.4325     7.4338     0.0013     5.8988     5.8991     33.685     34.453      0.220    1433.42    1433.54  0.000e+00
       3794     34.500     4.2756     4.2534    -0.0223    0.78946    0.78929          1     6.8533     6.4515       9.97     0.0167  4.924e-11  1.000e-12  2.031e+00     7.4289     7.4322     0.0032     5.8983     5.9015     34.181     34.960      0.244    1433.07    1432.97  0.000e+00
       3834     35.000     4.2277     4.2226    -0.0050    0.78920    0.78935          1     6.9092     6.4793       9.97     0.0166  4.924e-11  1.000e-12  2.031e+00     7.4371     7.4397     0.0026     5.9062     5.9084     34.676     35.466      0.394    1432.87    1432.85  0.000e+00
       3864     35.500     4.2282     4.2311     0.0029    0.78983    0.79022          1     6.9132     6.4958       9.97     0.0169  4.924e-11  1.000e-12  2.031e+00     7.4433     7.4466     0.0033     5.9111     5.9136     35.171     35.972      0.346    1432.89    1432.91  0.000e+00
       3931     36.000     4.3030     4.3113     0.0083    0.79262    0.79304          1     6.8511     6.4529       9.97     0.0169  4.924e-11  1.000e-12  2.031e+00     7.4545     7.4568     0.0023     5.9178     5.9194     35.667     36.478      0.244    1433.25    1433.29  0.000e+00
       3979     36.500     4.3652     4.3713     0.0061    0.79480    0.79506          1     6.7893     6.3928       9.97     0.0170  4.924e-11  1.000e-12  2.031e+00     7.4623     7.4635     0.0012     5.9222     5.9230     36.162     36.985      0.423    1433.54    1433.57  0.000e+00
       4005     37.000     4.3558     4.3726     0.0169    0.79478    0.79536          1     6.8100     6.4003       9.97     0.0170  4.924e-11  1.000e-12  2.031e+00     7.4641     7.4662     0.0021     5.9239     5.9250     36.657     37.491      0.400    1433.51    1433.59  0.000e+00
       4057     37.500     4.4578     4.5061     0.0481    0.79832    0.79973          1     6.7219     6.3211       9.97     0.0170  4.924e-11  1.000e-12  2.031e+00     7.4766     7.4799     0.0033     5.9306     5.9317     37.152     37.997      0.215    1433.99    1434.21  0.000e+00
       4117     38.000     4.5346     4.5376     0.0030    0.80117    0.80127          1     6.6328     6.2454       9.97     0.0171  4.924e-11  1.000e-12  2.031e+00     7.4877     7.4881     0.0003     5.9370     5.9372     37.648     38.504      0.291    1434.35    1434.37  0.000e+00
       4154     38.500     4.4990     4.4979    -0.0012    0.80068    0.80072          1     6.6352     6.2305       9.97     0.0171  4.924e-11  1.000e-12  2.031e+00     7.4908     7.4915     0.0007     5.9406     5.9412     38.143     39.010      0.320    1434.21    1434.20  0.000e+00
       4193     39.000     4.5132     4.5113    -0.0018    0.80166    0.80162          1     6.6283     6.2277       9.97     0.0171  4.924e-11  1.000e-12  2.031e+00     7.4974     7.4974     0.0000     5.9454     5.9455     38.638     39.516      0.292    1434.29    1434.28  0.000e+00
       4243     39.500     4.4837     4.4597    -0.0240    0.80108    0.80061          1     6.6062     6.2139       9.97     0.0169  4.924e-11  1.000e-12  2.031e+00     7.4982     7.4989     0.0007     5.9470     5.9483     39.134     40.022      0.213    1434.17    1434.06  0.000e+00
       4294     40.000     4.4206     4.4017    -0.0188    0.79936    0.79900          1     6.6145     6.2299       9.97     0.0171  4.924e-11  1.000e-12  2.031e+00     7.4953     7.4959     0.0006     5.9466     5.9477     39.629     40.529      0.294    1433.89    1433.80  0.000e+00
       4331     40.500     4.2686     4.2255    -0.0432    0.79511    0.79442          1     6.6882     6.2540       9.97     0.0170  4.924e-11  1.000e-12  2.031e+00     7.4868     7.4896     0.0029     5.9444     5.9479     40.124     41.035      0.305    1433.21    1433.02  0.000e+00
       4379     41.000     4.1432     4.1055    -0.0376    0.79223    0.79160          1     6.7824     6.3516       9.97     0.0163  4.924e-11  1.000e-12  2.031e+00     7.4862     7.4884     0.0022     5.9475     5.9502     40.620     41.541      0.226    1432.65    1432.49  0.000e+00
       4427     41.500     4.0841     4.0727    -0.0115    0.79141    0.79141          1     6.8036     6.3852       9.97     0.0163  4.924e-11  1.000e-12  2.031e+00     7.4912     7.4940     0.0027     5.9531     5.9555     41.115     42.047      0.314    1432.40    1432.35  0.000e+00
       4462     42.000     4.0830     4.0767    -0.0063    0.79236    0.79243          1     6.7734     6.3676       9.97     0.0168  4.924e-11  1.000e-12  2.031e+00     7.5012     7.5033     0.0022     5.9610     5.9629     41.610     42.554      0.310    1432.42    1432.39  0.000e+00
       4510     42.500     4.0249     3.9906    -0.0342    0.79173    0.79144          1     6.7285     6.3219       9.97     0.0162  4.924e-11  1.000e-12  2.031e+00     7.5080     7.5129     0.0050     5.9679     5.9727     42.106     43.060      0.224    1432.17    1432.02  0.000e+00
       4560     43.000     3.9684     3.9646    -0.0037    0.79152    0.79184          1     6.7349     6.3223       9.97     0.0161  4.924e-11  1.000e-12  2.031e+00     7.5188     7.5229     0.0041     5.9779     5.9812     42.601     43.566      0.297    1431.94    1431.93  0.000e+00
       4594     43.500     4.0169     4.0176     0.0007    0.79404    0.79418          1     6.6683     6.2830       9.97     0.0160  4.924e-11  1.000e-12  2.031e+00     7.5332     7.5345     0.0013     5.9881     5.9891     43.096     44.072      0.381    1432.18    1432.19  0.000e+00
       4629     44.000     3.9907     3.9899    -0.0007    0.79396    0.79423          1     6.6367     6.2418       9.97     0.0160  4.924e-11  1.000e-12  2.031e+00     7.5384     7.5413     0.0029     5.9929     5.9952     43.592     44.579      0.258    1432.08    1432.08  0.000e+00
       4705     44.500     4.0688     4.0802     0.0115    0.79705    0.79746          1     6.6102     6.2146       9.97     0.0162  4.924e-11  1.000e-12  2.031e+00     7.5518     7.5533     0.0015     6.0016     6.0025     44.087     45.085      0.287    1432.46    1432.51  0.000e+00
       4736     45.000     4.1150     4.1100    -0.0051    0.79887    0.79885          1     6.5637     6.1855       9.97     0.0159  4.924e-11  1.000e-12  2.031e+00     7.5595     7.5606     0.0010     6.0065     6.0075     44.582     45.591      0.477    1432.68    1432.66  0.000e+00
       4760     45.500     4.0389     4.0200    -0.0191    0.79734    0.79723          1     6.5512     6.1671       9.97     0.0162  4.924e-11  1.000e-12  2.031e+00     7.5615     7.5647     0.0032     6.0100     6.0131     45.077     46.097      0.428    1432.35    1432.27  0.000e+00
       4817     46.000     4.0150     4.0082    -0.0066    0.79773    0.79784          1     6.5779     6.1649       9.97     0.0161  4.924e-11  1.000e-12  2.031e+00     7.5710     7.5736     0.0027     6.0182     6.0205     45.573     46.603      0.259    1432.26    1432.24  0.000e+00
       4866     46.500     4.1163     4.1434     0.0270    0.80162    0.80214          1     6.6030     6.1866       9.97     0.0163  4.924e-11  1.000e-12  2.031e+00     7.5870     7.5860    -0.0009     6.0282     6.0267     46.068     47.110      0.449    1432.75    1432.87  0.000e+00
       4890     47.000     4.2514     4.2523     0.0008    0.80573    0.80581          1     6.5237     6.1385       9.97     0.0166  4.924e-11  1.000e-12  2.031e+00     7.5974     7.5981     0.0006     6.0328     6.0333     46.563     47.616      0.429    1433.37    1433.38  0.000e+00
       4936     47.500     4.1528     4.1030    -0.0494    0.80316    0.80217          1     6.4847     6.1007       9.97     0.0161  4.924e-11  1.000e-12  2.031e+00     7.5941     7.5956     0.0015     6.0329     6.0354     47.059     48.122      0.227    1432.94    1432.71  0.000e+00
       4997     48.000     4.0363     4.0249    -0.0114    0.80063    0.80054          1     6.4700     6.0913       9.97     0.0160  4.924e-11  1.000e-12  2.031e+00     7.5952     7.5970     0.0018     6.0369     6.0386     47.554     48.628      0.220    1432.42    1432.37  0.000e+00
       5053     48.500     4.0493     4.0500     0.0007    0.80231    0.80263          1     6.4442     6.0569       9.97     0.0159  4.924e-11  1.000e-12  2.031e+00     7.6093     7.6124     0.0031     6.0478     6.0502     48.049     49.135      0.271    1432.51    1432.51  0.000e+00
       5086     49.000     4.0518     4.0510    -0.0008    0.80363    0.80391          1     6.4150     6.0399       9.97     0.0159  4.924e-11  1.000e-12  2.031e+00     7.6221     7.6251     0.0030     6.0579     6.0603     48.545     49.641      0.433    1432.54    1432.54  0.000e+00
       5114     49.500     4.0575     4.0641     0.0066    0.80474    0.80519          1     6.3527     5.9973       9.97     0.0161  4.924e-11  1.000e-12  2.031e+00     7.6321     7.6351     0.0030     6.0656     6.0678     49.040     50.147      0.341    1432.59    1432.62  0.000e+00
       5179     50.000     4.0773     4.0830     0.0057    0.80598    0.80639          1     6.3115     5.9308       9.97     0.0159  4.924e-11  1.000e-12  2.031e+00     7.6400     7.6428     0.0028     6.0714     6.0735     49.535     50.653      0.257    1432.70    1432.73  0.000e+00
       5224     50.500     4.0841     4.0825    -0.0016    0.80688    0.80700          1     6.2801     5.9015       9.97     0.0159  4.924e-11  1.000e-12  2.031e+00     7.6475     7.6491     0.0016     6.0772     6.0785     50.030     51.159      0.271    1432.75    1432.74  0.000e+00
       5277     51.000     4.0774     4.0769    -0.0005    0.80799    0.80855          1     6.2387     5.8676       9.97     0.0160  4.924e-11  1.000e-12  2.031e+00     7.6602     7.6660     0.0058     6.0875     6.0921     50.526     51.666      0.248    1432.74    1432.74  0.000e+00
       5315     51.500     4.0973     4.1039     0.0066    0.81158    0.81208          1     6.2017     5.8433       9.97     0.0162  4.924e-11  1.000e-12  2.031e+00     7.6921     7.6957     0.0035     6.1123     6.1149     51.021     52.172      0.334    1432.88    1432.91  0.000e+00
       5369     52.000     4.1290     4.1336     0.0046    0.81525    0.81628          1     6.1232     5.7667       9.97     0.0159  4.924e-11  1.000e-12  2.031e+00     7.7219     7.7314     0.0095     6.1351     6.1425     51.516     52.678      0.221    1433.06    1433.10  0.000e+00
       5424     52.500     4.1209     4.1174    -0.0035    0.81904    0.81985          1     5.9437     5.6383       9.97     0.0160  4.924e-11  1.000e-12  2.031e+00     7.7624     7.7715     0.0091     6.1674     6.1748     52.012     53.184      0.357    1433.09    1433.08  0.000e+00
       5453     53.000     4.1118     4.1105    -0.0013    0.82136    0.82177          1     5.8285     5.5415       9.97     0.0163  4.924e-11  1.000e-12  2.031e+00     7.7881     7.7926     0.0045     6.1881     6.1917     52.507     53.690      0.382    1433.09    1433.09  0.000e+00
       5492     53.500     4.1109     4.1045    -0.0064    0.82246    0.82315          1     5.7573     5.4547       9.97     0.0160  4.924e-11  1.000e-12  2.031e+00     7.7995     7.8081     0.0086     6.1972     6.2042     53.002     54.196      0.245    1433.11    1433.09  0.000e+00
       5559     54.000     4.0677     4.0681     0.0004    0.82633    0.82731          1     5.4141     5.1820       9.97     0.0161  4.924e-11  1.000e-12  2.031e+00     7.8492     7.8591     0.0099     6.2378     6.2457     53.497     54.702      0.223    1432.98    1433.00  0.000e+00
       5604     54.500     4.1116     4.1297     0.0181    0.83548    0.83873          1     5.0084     4.8896       9.97     0.0161  4.924e-11  1.000e-12  2.031e+00     7.9320     7.9607     0.0287     6.3024     6.3246     53.993     55.209      0.313    1433.29    1433.41  0.000e+00
       5649     55.000     4.2080     4.2375     0.0296    0.85626    0.86111          1     4.3291     4.3013       9.97     0.0161  4.924e-11  1.000e-12  2.031e+00     8.1203     8.1624     0.0421     6.4491     6.4816     54.488     55.715      0.225    1433.98    1434.16  0.000e+00
       5704     55.500     4.2530     4.2559     0.0029    0.86407    0.86436          1     3.9388     3.8507       9.97     0.0161  4.924e-11  1.000e-12  2.031e+00     8.1888     8.1910     0.0022     6.5021     6.5037     54.983     56.221      0.273    1434.27    1434.29  0.000e+00
