ctdpy/exports/archive_20191120_135557/received_data/SBE09_0827_20180123_1409_26_01_0181.cnv
* Sea-Bird SBE 9 Data File:
* FileName = D:\CTD_SBE911\DAT\26DA.2018.1.81.hex
* Software Version Seasave V 7.21d
* Temperature SN = 034757
* Conductivity SN = 041844
* Number of Bytes Per Scan = 48
* Number of Voltage Words = 5
* Number of Scans Averaged by the Deck Unit = 1
* NMEA Latitude = 58 18.19 N
* NMEA Longitude = 010 57.45 E
* NMEA UTC (Time) = Jan 23 2018  14:09:06
* NMEA baud rate = 4800
** Ship: DANA
** Average sound velocity: 1478.48 m/s
** True-depth calculation Thu, 28 Mar 2019 08:27:49 +0000
** CTD Python Module SMHI /ver 3-12/ feb 2012 
** LIMS Job: 20182601-0181
** 7W Håll
** Operator: Ronny Sørensen
** Cruise: 01/2018
# nquan = 26
# nvalues = 214                         
# units = specified
# name 0 = scan: Scan Count
# name 1 = prDM: Pressure, Digiquartz [db]
# name 2 = t090C: Temperature [ITS-90, deg C]
# name 3 = t190C: Temperature, 2 [ITS-90, deg C]
# name 4 = T2-T190C: Temperature Difference, 2 - 1 [ITS-90, deg C]
# name 5 = c0S/m: Conductivity [S/m]
# name 6 = c1S/m: Conductivity, 2 [S/m]
# name 7 = pumps: Pump Status
# name 8 = sbeox1ML/L: Oxygen, SBE 43, 2 [ml/l]
# name 9 = sbeox0ML/L: Oxygen, SBE 43 [ml/l]
# name 10 = altM: Altimeter [m]
# name 11 = chloroflTC0: Chlorophyll, Turner Cyclops [ug/l]
# name 12 = cpar: CPAR/Corrected Irradiance [%]
# name 13 = par: PAR/Irradiance, Biospherical/Lico [µE/(cm^2*s)]
# name 14 = spar: SPAR, Biospherical/Licor
# name 15 = sal00: Salinity, Practical [PSU]
# name 16 = sal11: Salinity, Practical, 2 [PSU]
# name 17 = secS-priS: Salinity, Practical, Difference, 2 - 1 [PSU]
# name 18 = sigma-t00: Density [sigma-t, kg/m^3 ]
# name 19 = sigma-t11: Density, 2 [sigma-t, kg/m^3 ]
# name 20 = depSM: Depth [salt water, m], lat = 58.3032
# name 21 = depFM: Depth [true depth, m], lat = 58.3032
# name 22 = dz/dtM: Descent Rate [m/s], WS = 2
# name 23 = svCM: Sound Velocity [Chen-Millero, m/s]
# name 24 = svCM1: Sound Velocity, 2 [Chen-Millero, m/s]
# name 25 = flag: flag
# span 0 =        164,      12005       
# span 1 =      2.500,    109.000       
# span 2 =     6.1120,     8.4475       
# span 3 =     6.1117,     8.4536       
# span 4 =    -0.0186,     0.0436       
# span 5 =   3.328675,   3.653203       
# span 6 =   3.328332,   3.652578       
# span 7 =          1,          1       
# span 8 =     5.5366,     6.2479       
# span 9 =     2.9403,     9.2543       
# span 10 =       1.20,      10.00      
# span 11 =     0.0207,     0.7810      
# span 12 = 2.7319e-12, 9.5916e+04      
# span 13 = 1.0000e-12, 2.0909e+00      
# span 14 = 4.0914e-01, 3.6602e+01      
# span 15 =    33.6674,    34.8473      
# span 16 =    33.6650,    34.8525      
# span 17 =    -0.2285,     0.0247      
# span 18 =    26.4854,    27.1196      
# span 19 =    26.4837,    27.1221      
# span 20 =      2.477,    107.959      
# span 21 =      2.481,    108.124      
# span 22 =     -0.162,      0.908      
# span 23 =    1473.55,    1485.66      
# span 24 =    1473.55,    1485.64      
# span 25 = 0.0000e+00, 0.0000e+00      
# interval = decibars: 0.5              
# start_time = Jan 23 2018 14:09:06 [NMEA time, first data scan]
# bad_flag = -9.990e-29
*END*
[from data line 56]
       3277     30.500     6.1923     6.1919    -0.0004    3.34806    3.34818          1     6.1943     6.2165       9.96     0.0340  3.788e-12  1.000e-12  2.640e+01    33.7926    33.7944     0.0017    26.5743    26.5757     30.214     30.263      0.629    1474.48    1474.48  0.000e+00
       3297     31.000     6.1926     6.1919    -0.0007    3.34808    3.34825          1     6.1859     6.2241       9.95     0.0342  3.813e-12  1.000e-12  2.624e+01    33.7923    33.7949     0.0026    26.5740    26.5761     30.710     30.759      0.502    1474.49    1474.49  0.000e+00
       3378     31.500     6.1933     6.1928    -0.0005    3.34804    3.34820          1     6.1725     6.2222       9.96     0.0333  3.786e-12  1.000e-12  2.641e+01    33.7909    33.7932     0.0022    26.5728    26.5747     31.205     31.255      0.310    1474.50    1474.50  0.000e+00
       3432     32.000     6.1948     6.1938    -0.0009    3.34811    3.34825          1     6.1839     6.2165       9.95     0.0336  3.788e-12  1.000e-12  2.640e+01    33.7901    33.7924     0.0024    26.5720    26.5740     31.700     31.751      0.424    1474.51    1474.51  0.000e+00
       3462     32.500     6.1956     6.1958     0.0002    3.34842    3.34853          1     6.1857     6.2195       9.96     0.0342  3.788e-12  1.000e-12  2.640e+01    33.7923    33.7934     0.0010    26.5736    26.5744     32.195     32.247      0.348    1474.53    1474.53  0.000e+00
       3556     33.000     6.1973     6.1965    -0.0008    3.34830    3.34853          1     6.1708     6.2204       9.95     0.0336  3.600e-12  1.000e-12  2.781e+01    33.7892    33.7924     0.0033    26.5709    26.5736     32.691     32.743      0.401    1474.54    1474.54  0.000e+00
       3605     33.500     6.1966     6.1965    -0.0002    3.34811    3.34821          1     6.1773     6.2285       9.96     0.0343  3.446e-12  1.000e-12  2.905e+01    33.7873    33.7887     0.0013    26.5696    26.5706     33.186     33.239      0.707    1474.54    1474.54  0.000e+00
       3620     34.000     6.1998     6.2004     0.0005    3.34893    3.34893          1     6.1766     6.2284       9.96     0.0342  3.375e-12  1.000e-12  2.966e+01    33.7931    33.7926    -0.0005    26.5737    26.5733     33.681     33.735      0.686    1474.57    1474.57  0.000e+00
       3652     34.500     6.2032     6.2028    -0.0004    3.34947    3.34957          1     6.1591     6.2138       9.96     0.0341  3.287e-12  1.000e-12  3.042e+01    33.7957    33.7972     0.0015    26.5753    26.5766     34.177     34.231      0.427    1474.59    1474.59  0.000e+00
       3765     35.000     6.2205     6.2216     0.0011    3.35182    3.35221          1     6.2177     6.2157       9.95     0.0342  3.231e-12  1.000e-12  3.098e+01    33.8044    33.8077     0.0033    26.5800    26.5825     34.672     34.727      0.504    1474.68    1474.69  0.000e+00
       3841     35.500     6.2177     6.2156    -0.0021    3.35145    3.35170          1     6.2042     6.2206       9.95     0.0342  3.099e-12  1.000e-12  3.228e+01    33.8028    33.8076     0.0049    26.5791    26.5832     35.167     35.223      0.275    1474.68    1474.67  0.000e+00
       3900     36.000     6.2121     6.2110    -0.0011    3.35101    3.35088          1     6.2093     6.2237       9.96     0.0339  3.077e-12  1.000e-12  3.250e+01    33.8032    33.8029    -0.0004    26.5801    26.5800     35.662     35.719      0.413    1474.66    1474.66  0.000e+00
       3927     36.500     6.2251     6.2256     0.0004    3.35271    3.35242          1     6.1752     6.2177       9.95     0.0341  3.078e-12  1.000e-12  3.249e+01    33.8090    33.8053    -0.0036    26.5830    26.5801     36.158     36.216      0.405    1474.73    1474.73  0.000e+00
       3959     37.000     6.2270     6.2284     0.0014    3.35279    3.35306          1     6.1612     6.2080       9.95     0.0342  2.975e-12  1.000e-12  3.364e+01    33.8078    33.8094     0.0016    26.5818    26.5829     36.653     36.712      0.372    1474.74    1474.75  0.000e+00
       3991     37.500     6.2332     6.2313    -0.0020    3.35364    3.35372          1     6.1589     6.2109       9.95     0.0342  2.897e-12  1.000e-12  3.452e+01    33.8108    33.8137     0.0028    26.5835    26.5860     37.148     37.208      0.345    1474.78    1474.78  0.000e+00
       4062     38.000     6.2155     6.2172     0.0016    3.35107    3.35138          1     6.1601     6.2244       9.95     0.0341  2.907e-12  1.000e-12  3.441e+01    33.7994    33.8013     0.0018    26.5767    26.5779     37.643     37.704      0.244    1474.71    1474.71  0.000e+00
       4118     38.500     6.2021     6.2014    -0.0007    3.34893    3.34933          1     6.1719     6.2241       9.95     0.0342  2.896e-12  1.000e-12  3.452e+01    33.7886    33.7939     0.0053    26.5699    26.5741     38.139     38.200      0.379    1474.65    1474.65  0.000e+00
       4153     39.000     6.2035     6.2033    -0.0002    3.34952    3.34963          1     6.1576     6.2119       9.95     0.0342  2.897e-12  1.000e-12  3.452e+01    33.7935    33.7949     0.0014    26.5736    26.5747     38.634     38.696      0.282    1474.67    1474.67  0.000e+00
       4201     39.500     6.2044     6.2070     0.0025    3.34952    3.34991          1     6.1419     6.2187       9.95     0.0340  2.889e-12  1.000e-12  3.462e+01    33.7924    33.7943     0.0018    26.5726    26.5737     39.129     39.192      0.288    1474.68    1474.69  0.000e+00
       4239     40.000     6.2189     6.2329     0.0141    3.35192    3.35248          1     6.1667     6.2218       9.96     0.0342  2.789e-12  1.000e-12  3.588e+01    33.8047    33.7969    -0.0078    26.5804    26.5725     39.625     39.688      0.252    1474.76    1474.80  0.000e+00
       4302     40.500     6.2834     6.2810    -0.0024    3.36053    3.36003          1     6.1876     6.1840       9.95     0.0341  2.732e-12  1.000e-12  3.660e+01    33.8365    33.8333    -0.0032    26.5973    26.5950     40.120     40.184      0.348    1475.06    1475.05  0.000e+00
       4327     41.000     6.2802     6.2805     0.0002    3.36015    3.35994          1     6.1788     6.1945       9.95     0.0342  2.736e-12  1.000e-12  3.655e+01    33.8351    33.8325    -0.0026    26.5966    26.5945     40.615     40.680      0.444    1475.05    1475.05  0.000e+00
       4377     41.500     6.2893     6.2921     0.0028    3.36128    3.36130          1     6.1387     6.2072       9.95     0.0345  2.736e-12  1.000e-12  3.655e+01    33.8385    33.8359    -0.0026    26.5981    26.5957     41.110     41.176      0.269    1475.10    1475.11  0.000e+00
       4448     42.000     6.3056     6.3085     0.0030    3.36309    3.36316          1     6.1898     6.2086       9.95     0.0345  2.736e-12  1.000e-12  3.655e+01    33.8423    33.8401    -0.0023    26.5990    26.5969     41.605     41.672      0.390    1475.18    1475.19  0.000e+00
       4477     42.500     6.3073     6.3027    -0.0045    3.36334    3.36327          1     6.1656     6.2064       9.95     0.0353  2.736e-12  1.000e-12  3.655e+01    33.8432    33.8469     0.0038    26.5995    26.6030     42.101     42.169      0.344    1475.20    1475.18  0.000e+00
       4531     43.000     6.2975     6.2973    -0.0002    3.36281    3.36290          1     6.1256     6.2021       9.96     0.0345  2.736e-12  1.000e-12  3.655e+01    33.8467    33.8478     0.0011    26.6035    26.6044     42.596     42.665      0.239    1475.17    1475.17  0.000e+00
       4576     43.500     6.2971     6.2925    -0.0046    3.36261    3.36248          1     6.1632     6.2011       9.95     0.0345  2.736e-12  1.000e-12  3.655e+01    33.8446    33.8477     0.0031    26.6019    26.6049     43.091     43.161      0.354    1475.18    1475.16  0.000e+00
       4609     44.000     6.2947     6.2936    -0.0010    3.36241    3.36241          1     6.1607     6.1934       9.95     0.0344  2.736e-12  1.000e-12  3.655e+01    33.8445    33.8455     0.0011    26.6021    26.6031     43.587     43.657      0.337    1475.17    1475.17  0.000e+00
       4648     44.500     6.2951     6.2950    -0.0001    3.36250    3.36258          1     6.1631     6.2025       9.95     0.0344  2.736e-12  1.000e-12  3.655e+01    33.8448    33.8458     0.0010    26.6023    26.6031     44.082     44.153      0.285    1475.18    1475.18  0.000e+00
       4690     45.000     6.2960     6.2944    -0.0016    3.36240    3.36256          1     6.1766     6.2000       9.95     0.0349  2.736e-12  1.000e-12  3.655e+01    33.8426    33.8459     0.0033    26.6005    26.6033     44.577     44.649      0.314    1475.19    1475.19  0.000e+00
       4724     45.500     6.2889     6.2844    -0.0045    3.36159    3.36164          1     6.1492     6.2072       9.95     0.0343  2.736e-12  1.000e-12  3.655e+01    33.8403    33.8454     0.0051    26.5996    26.6042     45.072     45.145      0.369    1475.17    1475.16  0.000e+00
       4760     46.000     6.2825     6.2818    -0.0007    3.36106    3.36123          1     6.1181     6.2102       9.95     0.0343  2.736e-12  1.000e-12  3.655e+01    33.8405    33.8431     0.0026    26.6006    26.6027     45.567     45.641      0.275    1475.15    1475.15  0.000e+00
       4826     46.500     6.2806     6.2798    -0.0008    3.36083    3.36100          1     6.1771     6.2103       9.95     0.0342  2.736e-12  1.000e-12  3.655e+01    33.8396    33.8423     0.0027    26.6001    26.6023     46.063     46.137      0.234    1475.15    1475.15  0.000e+00
       4869     47.000     6.2749     6.2740    -0.0009    3.36019    3.36051          1     6.1913     6.1978       9.95     0.0342  2.736e-12  1.000e-12  3.655e+01    33.8379    33.8423     0.0044    26.5995    26.6031     46.558     46.633      0.419    1475.14    1475.14  0.000e+00
       4893     47.500     6.2654     6.2614    -0.0039    3.35926    3.35971          1     6.1696     6.2066       9.95     0.0343  2.736e-12  1.000e-12  3.655e+01    33.8367    33.8457     0.0090    26.5998    26.6074     47.053     47.129      0.499    1475.11    1475.10  0.000e+00
       4918     48.000     6.2714     6.2726     0.0011    3.36018    3.36009          1     6.1466     6.2040       9.95     0.0342  2.736e-12  1.000e-12  3.655e+01    33.8407    33.8386    -0.0021    26.6022    26.6003     47.548     47.625      0.432    1475.14    1475.14  0.000e+00
       4963     48.500     6.2697     6.2679    -0.0019    3.36002    3.36026          1     6.1039     6.2091       9.95     0.0340  2.753e-12  1.000e-12  3.633e+01    33.8404    33.8449     0.0045    26.6021    26.6059     48.044     48.121      0.234    1475.14    1475.14  0.000e+00
       5025     49.000     6.2604     6.2611     0.0008    3.35917    3.35954          1     6.1515     6.2214       9.95     0.0339  2.901e-12  1.000e-12  3.447e+01    33.8399    33.8434     0.0035    26.6029    26.6056     48.539     48.617      0.409    1475.11    1475.12  0.000e+00
       5047     49.500     6.2544     6.2544    -0.0001    3.35861    3.35909          1     6.1532     6.2214       9.95     0.0352  2.897e-12  1.000e-12  3.452e+01    33.8394    33.8448     0.0054    26.6033    26.6076     49.034     49.114      0.566    1475.10    1475.10  0.000e+00
       5067     50.000     6.2548     6.2572     0.0025    3.35894    3.35920          1     6.1798     6.2280       9.95     0.0351  2.897e-12  1.000e-12  3.452e+01    33.8424    33.8430     0.0005    26.6056    26.6057     49.529     49.610      0.532    1475.11    1475.12  0.000e+00
       5120     50.500     6.2740     6.2763     0.0022    3.36166    3.36127          1     6.2049     6.2185       9.95     0.0341  2.897e-12  1.000e-12  3.452e+01    33.8534    33.8468    -0.0065    26.6118    26.6064     50.025     50.106      0.380    1475.21    1475.21  0.000e+00
       5196     51.000     6.3353     6.3480     0.0127    3.37073    3.36902          1     6.1864     6.2056       9.95     0.0341  2.907e-12  1.000e-12  3.441e+01    33.8935    33.8618    -0.0317    26.6356    26.6089     50.520     50.602      0.627    1475.51    1475.52  0.000e+00
       5225     51.500     6.3772     6.3815     0.0043    3.37655    3.37533          1     6.1632     6.1952       9.95     0.0340  3.050e-12  1.000e-12  3.280e+01    33.9165    33.8986    -0.0179    26.6483    26.6336     51.015     51.098      0.422    1475.71    1475.71  0.000e+00
       5324     52.000     6.3839     6.3917     0.0078    3.37751    3.37772          1     6.1582     6.1882       9.95     0.0332  3.078e-12  1.000e-12  3.249e+01    33.9202    33.9149    -0.0054    26.6504    26.6451     51.510     51.594      0.449    1475.75    1475.78  0.000e+00
       5344     52.500     6.4140     6.4340     0.0201    3.38214    3.38214          1     6.1547     6.1866       9.95     0.0331  3.078e-12  1.000e-12  3.249e+01    33.9416    33.9216    -0.0200    26.6633    26.6449     52.006     52.090      0.561    1475.90    1475.96  0.000e+00
       5365     53.000     6.4898     6.4938     0.0040    3.39295    3.38974          1     6.1315     6.1772       9.95     0.0334  3.078e-12  1.000e-12  3.249e+01    33.9861    33.9465    -0.0396    26.6885    26.6568     52.501     52.586      0.552    1476.27    1476.23  0.000e+00
       5389     53.500     6.5359     6.5387     0.0027    3.39862    3.39642          1     6.1204     6.1780       9.95     0.0338  3.078e-12  1.000e-12  3.249e+01    34.0031    33.9758    -0.0272    26.6958    26.6740     52.996     53.082      0.426    1476.48    1476.45  0.000e+00
       5454     54.000     6.6219     6.6357     0.0137    3.41069    3.40951          1     6.0935     6.1496       9.95     0.0326  3.088e-12  1.000e-12  3.239e+01    34.0512    34.0243    -0.0269    26.7224    26.6993     53.491     53.578      0.239    1476.88    1476.90  0.000e+00
       5510     54.500     6.7367     6.7576     0.0209    3.42639    3.42501          1     6.0840     6.1288       9.95     0.0327  3.196e-12  1.000e-12  3.132e+01    34.1105    34.0744    -0.0361    26.7538    26.7225     53.986     54.074      0.299    1477.41    1477.45  0.000e+00
       5589     55.000     6.8539     6.8937     0.0396    3.44176    3.44211          1     6.0444     6.1010       9.95     0.0328  3.284e-12  1.000e-12  3.045e+01    34.1633    34.1275    -0.0357    26.7796    26.7460     54.482     54.570      0.274    1477.95    1478.06  0.000e+00
       5629     55.500     6.9701     6.9943     0.0246    3.45637    3.45470          1     6.0492     6.0810       9.95     0.0330  3.283e-12  1.000e-12  3.046e+01    34.2083    34.1660    -0.0424    26.7992    26.7625     54.977     55.066      0.531    1478.46    1478.50  0.000e+00
       5650     56.000     7.0535     7.0638     0.0105    3.46665    3.46309          1     6.0231     6.0644       9.95     0.0330  3.283e-12  1.000e-12  3.046e+01    34.2382    34.1888    -0.0493    26.8112    26.7709     55.472     55.562      0.497    1478.83    1478.81  0.000e+00
       5703     56.500     7.1615     7.1961     0.0348    3.48091    3.48035          1     5.9860     6.0208       9.95     0.0331  3.283e-12  1.000e-12  3.046e+01    34.2867    34.2463    -0.0404    26.8344    26.7978     55.967     56.058      0.277    1479.32    1479.40  0.000e+00
       5760     57.000     7.2651     7.3089     0.0436    3.49574    3.49521          1     5.9552     5.9949       9.95     0.0325  3.283e-12  1.000e-12  3.046e+01    34.3458    34.2965    -0.0493    26.8664    26.8215     56.463     56.554      0.457    1479.80    1479.90  0.000e+00
       5782     57.500     7.3824     7.4023     0.0200    3.51454    3.51086          1     5.9411     5.9593       9.95     0.0333  3.283e-12  1.000e-12  3.046e+01    34.4340    34.3742    -0.0598    26.9192    26.8694     56.958     57.050      0.504    1480.37    1480.37  0.000e+00
