ctdpy/exports/archive_20191120_135557/received_data/SBE09_0827_20181007_1947_26_01_1039.cnv
* Sea-Bird SBE 9 Data File:
* FileName = D:\CTD_SBE911\DAT\26DA.2018.10.39.hex
* Software Version Seasave V 7.21d
* Temperature SN = 4548
* Conductivity SN = 3062
* Number of Bytes Per Scan = 48
* Number of Voltage Words = 5
* Number of Scans Averaged by the Deck Unit = 1
* NMEA Latitude = 58 39.34 N
* NMEA Longitude = 018 29.87 E
* NMEA UTC (Time) = Oct 07 2018  19:49:46
* NMEA baud rate = 4800
** Ship: DANA
** Average sound velocity: 1447.69 m/s
** True-depth calculation Thu, 28 Mar 2019 12:21:04 +0000
** CTD Python Module SMHI /ver 3-12/ feb 2012 
** LIMS Job: 20182601-1039
**  20E Oja
** Operator: Christian A-KTh
** Cruise: 10/2018
# nquan = 26
# nvalues = 507                         
# units = specified
# name 0 = scan: Scan Count
# name 1 = prDM: Pressure, Digiquartz [db]
# name 2 = t090C: Temperature [ITS-90, deg C]
# name 3 = t190C: Temperature, 2 [ITS-90, deg C]
# name 4 = T2-T190C: Temperature Difference, 2 - 1 [ITS-90, deg C]
# name 5 = c0S/m: Conductivity [S/m]
# name 6 = c1S/m: Conductivity, 2 [S/m]
# name 7 = pumps: Pump Status
# name 8 = sbeox1ML/L: Oxygen, SBE 43, 2 [ml/l]
# name 9 = sbeox0ML/L: Oxygen, SBE 43 [ml/l]
# name 10 = altM: Altimeter [m]
# name 11 = chloroflTC0: Chlorophyll, Turner Cyclops [ug/l]
# name 12 = cpar: CPAR/Corrected Irradiance [%]
# name 13 = par: PAR/Irradiance, Biospherical/Lico [µE/(cm^2*s)]
# name 14 = spar: SPAR, Biospherical/Licor
# name 15 = sal00: Salinity, Practical [PSU]
# name 16 = sal11: Salinity, Practical, 2 [PSU]
# name 17 = secS-priS: Salinity, Practical, Difference, 2 - 1 [PSU]
# name 18 = sigma-t00: Density [sigma-t, kg/m^3 ]
# name 19 = sigma-t11: Density, 2 [sigma-t, kg/m^3 ]
# name 20 = depSM: Depth [salt water, m], lat = 58.6557
# name 21 = depFM: Depth [true depth, m], lat = 58.6557
# name 22 = dz/dtM: Descent Rate [m/s], WS = 2
# name 23 = svCM: Sound Velocity [Chen-Millero, m/s]
# name 24 = svCM1: Sound Velocity, 2 [Chen-Millero, m/s]
# name 25 = flag: flag
# span 0 =         -7,      20561       
# span 1 =      1.000,    254.000       
# span 2 =     3.7804,    10.9077       
# span 3 =     3.7864,    10.9079       
# span 4 =    -0.7224,     0.2527       
# span 5 =   0.774426,   1.238681       
# span 6 =   0.776439,   1.238619       
# span 7 =          1,          1       
# span 8 =     0.0204,     7.4034       
# span 9 =     0.0230,     6.8972       
# span 10 =       0.94,      11.45      
# span 11 =     0.0159,     0.0362      
# span 12 = 4.9241e-11, 2.2278e+03      
# span 13 = 1.0000e-12, 1.0000e-12      
# span 14 = 1.9856e+00, 2.0308e+00      
# span 15 =     6.7130,    11.3511      
# span 16 =     6.7130,    11.3504      
# span 17 =    -0.1411,     0.0615      
# span 18 =     4.8443,     8.9029      
# span 19 =     4.8444,     8.9025      
# span 20 =      0.991,    251.478      
# span 21 =      1.014,    256.705      
# span 22 =      0.045,      0.572      
# span 23 =    1431.29,    1459.33      
# span 24 =    1431.34,    1459.34      
# span 25 = 0.0000e+00, 0.0000e+00      
# interval = decibars: 0.5              
# start_time = Oct 07 2018 19:49:47 [NMEA time, first data scan]
# bad_flag = -9.990e-29
*END*
[from data line 279]
      13679    140.500     6.1501     6.1495    -0.0006    1.22089    1.22063          1     0.0375     0.0391       9.96     0.0167  4.924e-11  1.000e-12  2.031e+00    11.2160    11.2136    -0.0024     8.8009     8.7990    139.143    142.118      0.295    1447.73    1447.72  0.000e+00
      13727    141.000     6.1508     6.1505    -0.0003    1.22106    1.22089          1     0.0371     0.0395       9.96     0.0166  4.924e-11  1.000e-12  2.031e+00    11.2174    11.2158    -0.0016     8.8019     8.8007    139.638    142.623      0.220    1447.74    1447.73  0.000e+00
      13778    141.500     6.1515     6.1511    -0.0004    1.22127    1.22104          1     0.0357     0.0392       9.96     0.0167  4.924e-11  1.000e-12  2.031e+00    11.2191    11.2170    -0.0021     8.8032     8.8016    140.133    143.128      0.291    1447.75    1447.75  0.000e+00
      13814    142.000     6.1526     6.1521    -0.0005    1.22158    1.22129          1     0.0353     0.0380       9.96     0.0165  4.924e-11  1.000e-12  2.031e+00    11.2217    11.2190    -0.0027     8.8052     8.8031    140.628    143.633      0.326    1447.77    1447.76  0.000e+00
      13860    142.500     6.1535     6.1531    -0.0004    1.22182    1.22160          1     0.0362     0.0391       9.96     0.0169  4.924e-11  1.000e-12  2.031e+00    11.2238    11.2217    -0.0021     8.8068     8.8051    141.123    144.137      0.225    1447.78    1447.78  0.000e+00
      13912    143.000     6.1548     6.1539    -0.0009    1.22219    1.22182          1     0.0362     0.0382       9.96     0.0167  4.924e-11  1.000e-12  2.031e+00    11.2269    11.2235    -0.0034     8.8091     8.8065    141.618    144.642      0.268    1447.80    1447.79  0.000e+00
      13952    143.500     6.1559     6.1553    -0.0007    1.22247    1.22217          1     0.0363     0.0391       9.96     0.0166  4.924e-11  1.000e-12  2.031e+00    11.2292    11.2265    -0.0027     8.8108     8.8088    142.113    145.147      0.281    1447.81    1447.81  0.000e+00
      14005    144.000     6.1567     6.1562    -0.0004    1.22267    1.22244          1     0.0359     0.0370       9.96     0.0167  4.924e-11  1.000e-12  2.031e+00    11.2309    11.2287    -0.0022     8.8121     8.8104    142.608    145.652      0.211    1447.83    1447.82  0.000e+00
      14053    144.500     6.1575     6.1569    -0.0005    1.22288    1.22263          1     0.0361     0.0377       9.96     0.0165  4.924e-11  1.000e-12  2.031e+00    11.2326    11.2303    -0.0023     8.8134     8.8117    143.103    146.157      0.320    1447.84    1447.84  0.000e+00
      14089    145.000     6.1588     6.1581    -0.0006    1.22323    1.22295          1     0.0359     0.0384       9.96     0.0169  4.924e-11  1.000e-12  2.031e+00    11.2356    11.2330    -0.0025     8.8157     8.8137    143.598    146.662      0.292    1447.86    1447.85  0.000e+00
      14141    145.500     6.1593     6.1591    -0.0001    1.22337    1.22321          1     0.0363     0.0367       9.96     0.0168  4.924e-11  1.000e-12  2.031e+00    11.2367    11.2351    -0.0016     8.8165     8.8153    144.093    147.166      0.212    1447.87    1447.87  0.000e+00
      14189    146.000     6.1598     6.1596    -0.0002    1.22349    1.22333          1     0.0357     0.0369       9.96     0.0168  4.924e-11  1.000e-12  2.031e+00    11.2376    11.2361    -0.0016     8.8172     8.8160    144.588    147.671      0.313    1447.88    1447.88  0.000e+00
      14226    146.500     6.1601     6.1601    -0.0000    1.22357    1.22345          1     0.0360     0.0384       9.96     0.0168  4.924e-11  1.000e-12  2.031e+00    11.2382    11.2371    -0.0012     8.8177     8.8168    145.083    148.176      0.297    1447.89    1447.89  0.000e+00
      14273    147.000     6.1614     6.1607    -0.0007    1.22390    1.22359          1     0.0360     0.0360       9.96     0.0166  4.924e-11  1.000e-12  2.031e+00    11.2410    11.2382    -0.0028     8.8198     8.8176    145.578    148.681      0.240    1447.91    1447.90  0.000e+00
      14322    147.500     6.1630     6.1621    -0.0010    1.22433    1.22397          1     0.0359     0.0362       9.96     0.0165  4.924e-11  1.000e-12  2.031e+00    11.2447    11.2414    -0.0033     8.8225     8.8200    146.073    149.186      0.256    1447.93    1447.92  0.000e+00
      14366    148.000     6.1634     6.1631    -0.0003    1.22443    1.22424          1     0.0353     0.0382       9.96     0.0168  4.924e-11  1.000e-12  2.031e+00    11.2453    11.2436    -0.0017     8.8230     8.8217    146.568    149.690      0.275    1447.94    1447.94  0.000e+00
      14412    148.500     6.1638     6.1637    -0.0001    1.22451    1.22437          1     0.0363     0.0362       9.96     0.0167  4.924e-11  1.000e-12  2.031e+00    11.2460    11.2446    -0.0014     8.8235     8.8224    147.063    150.195      0.259    1447.95    1447.95  0.000e+00
      14457    149.000     6.1639     6.1640     0.0001    1.22454    1.22445          1     0.0355     0.0358       9.96     0.0169  4.924e-11  1.000e-12  2.031e+00    11.2461    11.2452    -0.0009     8.8236     8.8229    147.558    150.700      0.280    1447.96    1447.96  0.000e+00
      14500    149.500     6.1640     6.1642     0.0002    1.22456    1.22450          1     0.0358     0.0361       7.91     0.0167  4.924e-11  1.000e-12  2.031e+00    11.2462    11.2455    -0.0006     8.8237     8.8231    148.053    151.205      0.256    1447.97    1447.97  0.000e+00
      14552    150.000     6.1642     6.1643     0.0001    1.22460    1.22453          1     0.0362     0.0349      10.03     0.0167  4.924e-11  1.000e-12  2.031e+00    11.2465    11.2457    -0.0008     8.8239     8.8233    148.548    151.710      0.236    1447.98    1447.97  0.000e+00
      14598    150.500     6.1644     6.1644     0.0001    1.22463    1.22455          1     0.0349     0.0353       8.82     0.0167  4.924e-11  1.000e-12  2.031e+00    11.2467    11.2458    -0.0008     8.8240     8.8233    149.043    152.215      0.275    1447.98    1447.98  0.000e+00
      14641    151.000     6.1644     6.1646     0.0002    1.22464    1.22458          1     0.0352     0.0352       8.84     0.0166  4.924e-11  1.000e-12  2.031e+00    11.2466    11.2460    -0.0007     8.8240     8.8234    149.538    152.719      0.274    1447.99    1447.99  0.000e+00
      14686    151.500     6.1645     6.1646     0.0001    1.22467    1.22459          1     0.0334     0.0352       7.88     0.0163  4.924e-11  1.000e-12  2.031e+00    11.2467    11.2460    -0.0008     8.8241     8.8234    150.033    153.224      0.255    1448.00    1448.00  0.000e+00
      14734    152.000     6.1646     6.1647     0.0002    1.22469    1.22461          1     0.0361     0.0358       8.91     0.0166  4.924e-11  1.000e-12  2.031e+00    11.2469    11.2460    -0.0008     8.8242     8.8235    150.528    153.729      0.254    1448.01    1448.01  0.000e+00
      14780    152.500     6.1665     6.1655    -0.0010    1.22516    1.22480          1     0.0351     0.0358       8.84     0.0167  4.924e-11  1.000e-12  2.031e+00    11.2508    11.2476    -0.0032     8.8271     8.8247    151.023    154.234      0.271    1448.03    1448.02  0.000e+00
      14823    153.000     6.1668     6.1666    -0.0002    1.22522    1.22506          1     0.0342     0.0342       9.96     0.0166  4.924e-11  1.000e-12  2.031e+00    11.2512    11.2497    -0.0016     8.8275     8.8262    151.518    154.739      0.270    1448.04    1448.04  0.000e+00
      14871    153.500     6.1670     6.1670     0.0000    1.22528    1.22517          1     0.0352     0.0365       7.97     0.0164  4.924e-11  1.000e-12  2.031e+00    11.2516    11.2505    -0.0011     8.8277     8.8269    152.013    155.243      0.244    1448.05    1448.05  0.000e+00
      14919    154.000     6.1675     6.1674    -0.0001    1.22541    1.22525          1     0.0316     0.0346       8.89     0.0169  4.924e-11  1.000e-12  2.031e+00    11.2527    11.2512    -0.0015     8.8286     8.8274    152.508    155.748      0.260    1448.06    1448.06  0.000e+00
      14964    154.500     6.1684     6.1682    -0.0003    1.22567    1.22546          1     0.0357     0.0341       9.95     0.0168  4.924e-11  1.000e-12  2.031e+00    11.2548    11.2528    -0.0020     8.8302     8.8286    153.003    156.253      0.260    1448.08    1448.07  0.000e+00
      15011    155.000     6.1691     6.1688    -0.0003    1.22584    1.22565          1     0.0330     0.0351       9.96     0.0169  4.924e-11  1.000e-12  2.031e+00    11.2562    11.2544    -0.0018     8.8312     8.8298    153.498    156.758      0.266    1448.09    1448.09  0.000e+00
      15054    155.500     6.1693     6.1693     0.0000    1.22592    1.22579          1     0.0332     0.0357       9.96     0.0168  4.924e-11  1.000e-12  2.031e+00    11.2568    11.2556    -0.0013     8.8317     8.8307    153.993    157.263      0.281    1448.10    1448.10  0.000e+00
      15097    156.000     6.1704     6.1700    -0.0005    1.22623    1.22597          1     0.0327     0.0346       9.96     0.0165  4.924e-11  1.000e-12  2.031e+00    11.2595    11.2571    -0.0025     8.8337     8.8318    154.488    157.767      0.264    1448.12    1448.11  0.000e+00
      15148    156.500     6.1715     6.1710    -0.0004    1.22651    1.22626          1     0.0333     0.0354       9.96     0.0163  4.924e-11  1.000e-12  2.031e+00    11.2618    11.2594    -0.0024     8.8355     8.8336    154.983    158.272      0.229    1448.13    1448.12  0.000e+00
      15196    157.000     6.1727     6.1718    -0.0009    1.22684    1.22647          1     0.0329     0.0372       9.96     0.0168  4.924e-11  1.000e-12  2.031e+00    11.2646    11.2612    -0.0034     8.8376     8.8349    155.478    158.777      0.275    1448.15    1448.14  0.000e+00
      15238    157.500     6.1732     6.1729    -0.0003    1.22698    1.22680          1     0.0321     0.0335       9.96     0.0170  4.924e-11  1.000e-12  2.031e+00    11.2657    11.2640    -0.0017     8.8384     8.8371    155.973    159.282      0.275    1448.16    1448.15  0.000e+00
      15285    158.000     6.1734     6.1734    -0.0000    1.22704    1.22692          1     0.0314     0.0337       9.96     0.0165  4.924e-11  1.000e-12  2.031e+00    11.2661    11.2649    -0.0012     8.8387     8.8378    156.467    159.787      0.254    1448.17    1448.17  0.000e+00
      15328    158.500     6.1737     6.1737    -0.0001    1.22713    1.22700          1     0.0322     0.0337       9.96     0.0165  4.924e-11  1.000e-12  2.031e+00    11.2669    11.2656    -0.0013     8.8393     8.8383    156.962    160.292      0.285    1448.18    1448.18  0.000e+00
      15374    159.000     6.1746     6.1743    -0.0003    1.22742    1.22720          1     0.0314     0.0343       9.96     0.0166  4.924e-11  1.000e-12  2.031e+00    11.2693    11.2672    -0.0021     8.8411     8.8395    157.457    160.796      0.239    1448.19    1448.19  0.000e+00
      15425    159.500     6.1751     6.1749    -0.0002    1.22754    1.22736          1     0.0328     0.0348       9.96     0.0166  4.924e-11  1.000e-12  2.031e+00    11.2703    11.2686    -0.0017     8.8419     8.8406    157.952    161.301      0.260    1448.20    1448.20  0.000e+00
      15468    160.000     6.1753     6.1753     0.0000    1.22760    1.22747          1     0.0319     0.0343       9.96     0.0168  4.924e-11  1.000e-12  2.031e+00    11.2707    11.2695    -0.0013     8.8422     8.8412    158.447    161.806      0.273    1448.21    1448.21  0.000e+00
      15515    160.500     6.1757     6.1756    -0.0000    1.22770    1.22757          1     0.0312     0.0340       9.96     0.0169  4.924e-11  1.000e-12  2.031e+00    11.2715    11.2702    -0.0013     8.8428     8.8418    158.942    162.311      0.249    1448.22    1448.22  0.000e+00
      15562    161.000     6.1760     6.1760    -0.0001    1.22782    1.22767          1     0.0306     0.0346       9.96     0.0169  4.924e-11  1.000e-12  2.031e+00    11.2724    11.2710    -0.0014     8.8435     8.8424    159.437    162.816      0.248    1448.23    1448.23  0.000e+00
      15611    161.500     6.1764     6.1764    -0.0001    1.22793    1.22778          1     0.0307     0.0334       9.96     0.0165  4.924e-11  1.000e-12  2.031e+00    11.2733    11.2719    -0.0014     8.8442     8.8431    159.932    163.320      0.255    1448.24    1448.24  0.000e+00
      15655    162.000     6.1771     6.1769    -0.0002    1.22812    1.22792          1     0.0315     0.0347       9.96     0.0167  4.924e-11  1.000e-12  2.031e+00    11.2749    11.2730    -0.0019     8.8454     8.8439    160.427    163.825      0.293    1448.26    1448.26  0.000e+00
      15699    162.500     6.1783     6.1778    -0.0004    1.22844    1.22818          1     0.0310     0.0337       9.96     0.0167  4.924e-11  1.000e-12  2.031e+00    11.2776    11.2752    -0.0024     8.8475     8.8456    160.922    164.330      0.241    1448.27    1448.27  0.000e+00
      15753    163.000     6.1793     6.1787    -0.0006    1.22873    1.22843          1     0.0311     0.0330       9.96     0.0164  4.924e-11  1.000e-12  2.031e+00    11.2801    11.2773    -0.0028     8.8493     8.8471    161.417    164.835      0.232    1448.29    1448.28  0.000e+00
      15798    163.500     6.1803     6.1795    -0.0008    1.22903    1.22866          1     0.0309     0.0345       9.96     0.0164  4.924e-11  1.000e-12  2.031e+00    11.2825    11.2792    -0.0033     8.8512     8.8486    161.912    165.340      0.284    1448.30    1448.30  0.000e+00
      15843    164.000     6.1813     6.1807    -0.0006    1.22931    1.22901          1     0.0314     0.0328       9.96     0.0166  4.924e-11  1.000e-12  2.031e+00    11.2850    11.2822    -0.0028     8.8530     8.8509    162.407    165.844      0.240    1448.32    1448.31  0.000e+00
      15893    164.500     6.1819     6.1814    -0.0005    1.22949    1.22923          1     0.0304     0.0338       9.96     0.0166  4.924e-11  1.000e-12  2.031e+00    11.2865    11.2840    -0.0024     8.8541     8.8523    162.902    166.349      0.266    1448.33    1448.33  0.000e+00
      15935    165.000     6.1822     6.1820    -0.0003    1.22957    1.22937          1     0.0309     0.0330       9.96     0.0166  4.924e-11  1.000e-12  2.031e+00    11.2870    11.2851    -0.0019     8.8546     8.8531    163.397    166.854      0.274    1448.34    1448.34  0.000e+00
      15986    165.500     6.1824     6.1824    -0.0000    1.22961    1.22950          1     0.0299     0.0315       9.96     0.0169  4.924e-11  1.000e-12  2.031e+00    11.2873    11.2862    -0.0011     8.8548     8.8539    163.892    167.359      0.221    1448.35    1448.35  0.000e+00
      16036    166.000     6.1824     6.1826     0.0002    1.22963    1.22958          1     0.0315     0.0353       9.96     0.0169  4.924e-11  1.000e-12  2.031e+00    11.2874    11.2868    -0.0006     8.8549     8.8544    164.387    167.864      0.268    1448.36    1448.36  0.000e+00
      16078    166.500     6.1825     6.1827     0.0002    1.22966    1.22959          1     0.0312     0.0328       9.96     0.0168  4.924e-11  1.000e-12  2.031e+00    11.2875    11.2869    -0.0007     8.8550     8.8544    164.882    168.368      0.297    1448.37    1448.37  0.000e+00
      16117    167.000     6.1827     6.1828     0.0001    1.22971    1.22963          1     0.0310     0.0343       9.96     0.0164  4.924e-11  1.000e-12  2.031e+00    11.2879    11.2871    -0.0008     8.8552     8.8546    165.377    168.873      0.320    1448.38    1448.38  0.000e+00
      16152    167.500     6.1828     6.1830     0.0002    1.22974    1.22967          1     0.0308     0.0322       9.96     0.0166  4.924e-11  1.000e-12  2.031e+00    11.2881    11.2873    -0.0008     8.8554     8.8548    165.872    169.378      0.368    1448.39    1448.39  0.000e+00
