ctdpy/exports/archive_20191120_135557/received_data/SBE09_1044_20180922_2115_34_01_0040.cnv
* Sea-Bird SBE 9 Data File:
* FileName = C:\ctd\temp\2018\AR18D040.hex
* Software Version Seasave V 7.26.6.26
* Temperature SN = 5351
* Conductivity SN = 3941
* Number of Bytes Per Scan = 41
* Number of Voltage Words = 4
* Number of Scans Averaged by the Deck Unit = 1
* NMEA Latitude = 54 58.28 N
* NMEA Longitude = 014 05.95 E
* NMEA UTC (Time) = Sep 22 2018  21:15:03
* NMEA baud rate = 4800
** Station:  BY2
** Operator:  MHan
** Ship: ARANDA
** Average sound velocity: 1477.42 m/s
** True-depth calculation Sat, 22 Sep 2018 21:59:39 +0000
** CTD Python Module SMHI /ver 3-12/ feb 2012 
** LIMS Job: 20183401-0040
** Cruise: SMHI-02-2018
** Latitude [GG MM.mm N] :
** Longitude [GG MM.mm E]:
# nquan = 26
# nvalues = 84                          
# units = specified
# name 0 = scan: Scan Count
# name 1 = prDM: Pressure, Digiquartz [db]
# name 2 = t090C: Temperature [ITS-90, deg C]
# name 3 = t190C: Temperature, 2 [ITS-90, deg C]
# name 4 = T2-T190C: Temperature Difference, 2 - 1 [ITS-90, deg C]
# name 5 = c0S/m: Conductivity [S/m]
# name 6 = c1S/m: Conductivity, 2 [S/m]
# name 7 = pumps: Pump Status
# name 8 = sbeox0ML/L: Oxygen, SBE 43 [ml/l]
# name 9 = sbeox1ML/L: Oxygen, SBE 43, 2 [ml/l]
# name 10 = altM: Altimeter [m]
# name 11 = flECO-AFL: Chl-a Fluorescence, WET Labs ECO-AFL/FL [mg/m^3]
# name 12 = flECO-AFL1: Phycocyanin Fluorescence, WET Labs ECO-AFL/FL, 2 [mg/m^3]
# name 13 = par: PAR/Irradiance, Biospherical/Lico [µE/(cm^2*s)]
# name 14 = turbWETntu0: Turbidity, WET Labs ECO [NTU]
# name 15 = sal00: Salinity, Practical [PSU]
# name 16 = sal11: Salinity, Practical, 2 [PSU]
# name 17 = secS-priS: Salinity, Practical, Difference, 2 - 1 [PSU]
# name 18 = sigma-t00: Density [sigma-t, Kg/m^3 ]
# name 19 = sigma-t11: Density, 2 [sigma-t, Kg/m^3 ]
# name 20 = depSM: Depth [salt water, m], lat = 54.9713
# name 21 = depFM: Depth [true depth, m], lat = 54.9713
# name 22 = dz/dtM: Descent Rate [m/s], WS = 2
# name 23 = svCM: Sound Velocity [Chen-Millero, m/s]
# name 24 = svCM1: Sound Velocity, 2 [Chen-Millero, m/s]
# name 25 = flag: flag
# span 0 =      25781,      27764       
# span 1 =      1.500,     43.000       
# span 2 =     8.5507,    16.6163       
# span 3 =     8.5792,    16.6167       
# span 4 =    -0.3134,     0.3258       
# span 5 =   0.971077,   2.134240       
# span 6 =   0.972545,   2.130297       
# span 7 =          1,          1       
# span 8 =    1.07045,    6.35466       
# span 9 =    3.32799,    5.18262       
# span 10 =       1.44,      42.58      
# span 11 =     0.2037,     2.4941      
# span 12 =     0.1485,     0.6491      
# span 13 = 1.0000e-12, 1.0000e-12      
# span 14 =     0.1240,     0.3707      
# span 15 =     8.0783,    15.8341      
# span 16 =     8.0671,    15.8005      
# span 17 =    -0.0420,     0.0792      
# span 18 =     5.1300,    11.0893      
# span 19 =     5.1300,    11.0629      
# span 20 =      1.486,     42.608      
# span 21 =      1.520,     43.525      
# span 22 =     -0.302,      1.275      
# span 23 =    1452.11,    1489.15      
# span 24 =    1452.23,    1489.15      
# span 25 = 0.0000e+00, 0.0000e+00      
# interval = decibars: 0.5              
# start_time = Sep 22 2018 21:15:03 [NMEA time, first data scan]
# bad_flag = -9.990e-29
*END*
      25781      1.500    16.1310    16.1274    -0.0035    1.15776    1.15760          1     6.3441     3.3280       3.91     2.2561     0.5582  1.000e-12  0.3169000     8.0999     8.0994    -0.0005     5.1307     5.1309      1.486      1.520      0.210    1479.33    1479.31  0.000e+00
      25803      2.000    16.1304    16.1318     0.0014    1.15778    1.15776          1     6.3399     3.3318       1.91     2.2423     0.5184  1.000e-12  0.3368000     8.1001     8.0997    -0.0004     5.1310     5.1304      1.982      2.027      0.438    1479.34    1479.34  0.000e+00
      25938      2.500    16.1304    16.1317     0.0013    1.15774    1.15774          1     6.3393     3.3314      30.03     2.3744     0.5615  1.000e-12  0.3290000     8.0998     8.0996    -0.0002     5.1307     5.1303      2.477      2.533      0.478    1479.34    1479.35  0.000e+00
      26006      3.000    16.1348    16.1353     0.0005    1.15789    1.15790          1     6.3414     3.3310      42.58     2.4464     0.6342  1.000e-12  0.3595000     8.1000     8.1000     0.0000     5.1300     5.1300      2.973      3.040      0.622    1479.36    1479.37  0.000e+00
      26025      3.500    16.1373    16.1367    -0.0006    1.15838    1.15853          1     6.3390     3.3312      41.91     2.3599     0.6491  1.000e-12  0.3707000     8.1031     8.1044     0.0013     5.1320     5.1330      3.468      3.547      0.615    1479.39    1479.38  0.000e+00
      26045      4.000    16.1356    16.1358     0.0003    1.15857    1.15866          1     6.3338     3.3324      41.17     2.2317     0.5449  1.000e-12  0.3634000     8.1048     8.1055     0.0006     5.1336     5.1341      3.964      4.053      0.543    1479.39    1479.39  0.000e+00
      26072      4.500    16.1344    16.1359     0.0015    1.15870    1.15860          1     6.3449     3.3337      40.43     2.2433     0.4993  1.000e-12  0.3449000     8.1060     8.1050    -0.0010     5.1347     5.1337      4.459      4.560      0.315    1479.40    1479.40  0.000e+00
      26140      5.000    16.1341    16.1360     0.0020    1.15885    1.15866          1     6.3427     3.3349      40.47     2.4941     0.5332  1.000e-12  0.3215000     8.1072     8.1053    -0.0019     5.1357     5.1339      4.955      5.067      0.498    1479.40    1479.41  0.000e+00
      26153      5.500    16.1331    16.1342     0.0012    1.15901    1.15898          1     6.3489     3.3365      40.01     2.4550     0.4998  1.000e-12  0.3249000     8.1086     8.1081    -0.0004     5.1369     5.1364      5.450      5.573      0.814    1479.41    1479.41  0.000e+00
      26166      6.000    16.1335    16.1339     0.0004    1.15896    1.15901          1     6.3453     3.3354      39.64     2.3496     0.5129  1.000e-12  0.3242000     8.1080     8.1084     0.0003     5.1365     5.1366      5.946      6.080      0.863    1479.42    1479.42  0.000e+00
      26181      6.500    16.1345    16.1330    -0.0015    1.15883    1.15901          1     6.3345     3.3355       6.81     2.3212     0.5265  1.000e-12  0.3427000     8.1068     8.1084     0.0016     5.1353     5.1368      6.441      6.587      0.738    1479.43    1479.43  0.000e+00
      26201      7.000    16.1294    16.1306     0.0013    1.15913    1.15918          1     6.3293     3.3362       7.93     2.2904     0.6060  1.000e-12  0.3560000     8.1100     8.1102     0.0001     5.1387     5.1386      6.937      7.093      0.498    1479.42    1479.43  0.000e+00
      26231      7.500    16.1258    16.1268     0.0011    1.15934    1.15933          1     6.3382     3.3370      15.41     2.3115     0.4902  1.000e-12  0.3524000     8.1123     8.1120    -0.0003     5.1411     5.1407      7.432      7.600      0.443    1479.42    1479.43  0.000e+00
      26254      8.000    16.1252    16.1259     0.0007    1.15940    1.15937          1     6.3414     3.3369      22.44     2.3216     0.5452  1.000e-12  0.3660000     8.1128     8.1124    -0.0004     5.1416     5.1412      7.928      8.107      0.589    1479.43    1479.43  0.000e+00
      26272      8.500    16.1246    16.1257     0.0011    1.15950    1.15946          1     6.3305     3.3402      26.61     2.2892     0.5312  1.000e-12  0.3704000     8.1136     8.1131    -0.0005     5.1423     5.1417      8.423      8.613      0.635    1479.44    1479.44  0.000e+00
      26292      9.000    16.1265    16.1275     0.0010    1.15945    1.15943          1     6.3242     3.3420      31.85     2.3116     0.5510  1.000e-12  0.3594000     8.1129     8.1125    -0.0004     5.1414     5.1409      8.919      9.120      0.551    1479.45    1479.45  0.000e+00
      26319      9.500    16.1278    16.1280     0.0003    1.15938    1.15934          1     6.3348     3.3417      19.72     2.3312     0.5581  1.000e-12  0.3695000     8.1120     8.1117    -0.0003     5.1405     5.1402      9.414      9.627      0.407    1479.46    1479.46  0.000e+00
      26349     10.000    16.1267    16.1276     0.0008    1.15940    1.15934          1     6.3313     3.3430      10.53     2.3143     0.5432  1.000e-12  0.3548000     8.1123     8.1117    -0.0006     5.1409     5.1403      9.910     10.133      0.531    1479.47    1479.47  0.000e+00
      26367     10.500    16.1269    16.1285     0.0017    1.15937    1.15934          1     6.3358     3.3471      15.77     2.3285     0.5634  1.000e-12  0.3445000     8.1120     8.1114    -0.0006     5.1406     5.1399     10.405     10.640      0.728    1479.48    1479.48  0.000e+00
      26382     11.000    16.1251    16.1276     0.0025    1.15948    1.15942          1     6.3350     3.3485      22.10     2.3128     0.6160  1.000e-12  0.3447000     8.1131     8.1122    -0.0010     5.1418     5.1407     10.901     11.147      0.730    1479.48    1479.49  0.000e+00
      26400     11.500    16.1224    16.1222    -0.0003    1.15957    1.15955          1     6.3246     3.3494      25.82     2.2929     0.6076  1.000e-12  0.3507000     8.1143     8.1142    -0.0001     5.1432     5.1432     11.396     11.653      0.527    1479.48    1479.48  0.000e+00
      26438     12.000    16.1129    16.1169     0.0039    1.15977    1.15973          1     6.3290     3.3534      31.76     2.2883     0.5088  1.000e-12  0.3452000     8.1177     8.1166    -0.0011     5.1475     5.1460     11.892     12.160      0.289    1479.46    1479.47  0.000e+00
      26470     12.500    16.0884    16.1032     0.0149    1.16017    1.15986          1     6.3375     3.3552      32.60     2.3216     0.5014  1.000e-12  0.3303000     8.1256     8.1203    -0.0053     5.1580     5.1513     12.387     12.667      0.640    1479.40    1479.44  0.000e+00
      26485     13.000    16.0993    16.1060     0.0066    1.16008    1.15987          1     6.3337     3.3575      32.26     2.3043     0.5150  1.000e-12  0.3412000     8.1227     8.1197    -0.0029     5.1538     5.1503     12.882     13.173      0.828    1479.44    1479.46  0.000e+00
      26498     13.500    16.0994    16.1010     0.0016    1.16012    1.16007          1     6.3292     3.3627      31.79     2.2691     0.5303  1.000e-12  0.3592000     8.1229     8.1222    -0.0007     5.1539     5.1531     13.378     13.680      0.873    1479.44    1479.45  0.000e+00
      26512     14.000    16.1051    16.1043    -0.0006    1.16004    1.16009          1     6.3268     3.3685      31.27     2.2748     0.5730  1.000e-12  0.3515000     8.1211     8.1216     0.0005     5.1516     5.1521     13.873     14.187      0.802    1479.47    1479.47  0.000e+00
      26529     14.500    16.0832    16.0854     0.0023    1.16032    1.16030          1     6.3330     3.3752      30.80     2.2807     0.5410  1.000e-12  0.3444000     8.1276     8.1270    -0.0006     5.1605     5.1596     14.369     14.693      0.628    1479.41    1479.42  0.000e+00
      26552     15.000    16.0811    16.0979     0.0169    1.16031    1.15998          1     6.3336     3.3777      29.98     2.2972     0.5426  1.000e-12  0.3540000     8.1279     8.1220    -0.0059     5.1611     5.1536     14.864     15.200      0.459    1479.42    1479.46  0.000e+00
      26580     15.500    16.0808    16.0954     0.0147    1.16041    1.16004          1     6.3296     3.3844      29.28     2.2756     0.5673  1.000e-12  0.3559000     8.1286     8.1229    -0.0057     5.1617     5.1547     15.360     15.707      0.453    1479.42    1479.47  0.000e+00
      26606     16.000    16.0741    16.0791     0.0049    1.16047    1.16040          1     6.3205     3.3941      28.87     2.2695     0.5299  1.000e-12  0.3554000     8.1304     8.1289    -0.0015     5.1642     5.1622     15.855     16.213      0.456    1479.41    1479.43  0.000e+00
      26634     16.500    16.0931    16.0929    -0.0001    1.16012    1.16009          1     6.3219     3.4027      28.50     2.2620     0.5175  1.000e-12  0.3440000     8.1239     8.1237    -0.0002     5.1559     5.1557     16.351     16.720      0.416    1479.47    1479.47  0.000e+00
      26662     17.000    16.0979    16.0990     0.0010    1.16003    1.15992          1     6.3227     3.4119      28.03     2.3077     0.5490  1.000e-12  0.3416000     8.1222     8.1211    -0.0010     5.1537     5.1527     16.846     17.227      0.478    1479.50    1479.50  0.000e+00
      26684     17.500    16.0958    16.0880    -0.0079    1.15999    1.15987          1     6.3248     3.4284      27.54     2.2907     0.5381  1.000e-12  0.3302000     8.1222     8.1230     0.0007     5.1541     5.1560     17.342     17.733      0.671    1479.50    1479.47  0.000e+00
      26700     18.000    16.0799    16.0696    -0.0098    1.16010    1.15989          1     6.3301     3.4456      27.08     2.3165     0.5143  1.000e-12  0.3483000     8.1263     8.1267     0.0004     5.1600     5.1622     17.837     18.240      0.855    1479.46    1479.42  0.000e+00
      26713     18.500    16.0762    16.0800     0.0036    1.16013    1.16011          1     6.3340     3.4555      26.63     2.3065     0.5442  1.000e-12  0.3461000     8.1272     8.1263    -0.0009     5.1614     5.1600     18.332     18.747      0.953    1479.45    1479.47  0.000e+00
      26724     19.000    16.0757    16.0710    -0.0050    1.16006    1.16014          1     6.3376     3.4661      26.19     2.2777     0.5584  1.000e-12  0.3367000     8.1267     8.1283     0.0016     5.1612     5.1632     18.828     19.253      0.917    1479.46    1479.45  0.000e+00
      26738     19.500    16.0828    16.0743    -0.0084    1.16005    1.16007          1     6.3408     3.4794      21.10     2.2877     0.5679  1.000e-12  0.3492000     8.1252     8.1270     0.0018     5.1587     5.1616     19.323     19.760      0.685    1479.49    1479.46  0.000e+00
      26781     20.000    16.0922    16.0867    -0.0056    1.16003    1.16003          1     6.3283     3.5159      13.23     2.3418     0.5255  1.000e-12  0.3464000     8.1230     8.1242     0.0011     5.1554     5.1572     19.819     20.266      0.320    1479.53    1479.51  0.000e+00
      26823     20.500    16.0237    16.0183    -0.0053    1.15980    1.15977          1     6.3171     3.5796      22.32     2.3762     0.5438  1.000e-12  0.3376000     8.1351     8.1360     0.0009     5.1769     5.1785     20.314     20.773      0.580    1479.32    1479.31  0.000e+00
      26839     21.000    15.9682    15.9654    -0.0028    1.15937    1.15928          1     6.2829     3.6008      23.11     2.3654     0.5506  1.000e-12  0.3475000     8.1431     8.1430    -0.0001     5.1929     5.1933     20.810     21.280      0.829    1479.15    1479.14  0.000e+00
      26852     21.500    15.9170    15.9087    -0.0082    1.15787    1.15757          1     6.2449     3.6257      23.16     2.2868     0.5289  1.000e-12  0.3490000     8.1421     8.1415    -0.0006     5.2014     5.2023     21.305     21.786      0.962    1478.99    1478.96  0.000e+00
      26863     22.000    15.8996    15.8940    -0.0056    1.15738    1.15720          1     6.2524     3.6484      22.91     2.2881     0.5384  1.000e-12  0.3471000     8.1419     8.1417    -0.0002     5.2042     5.2051     21.801     22.293      0.988    1478.94    1478.92  0.000e+00
      26875     22.500    15.9123    15.9199     0.0068    1.15776    1.15795          1     6.2879     3.6786      22.54     2.2178     0.5738  1.000e-12  0.3476000     8.1421     8.1420    -0.0001     5.2022     5.2007     22.296     22.800      0.895    1478.99    1479.02  0.000e+00
      26891     23.000    15.7428    15.7264    -0.0164    1.15312    1.15263          1     6.3547     3.7262      21.33     2.2311     0.5794  1.000e-12  0.3438000     8.1413     8.1409    -0.0004     5.2316     5.2342     22.791     23.306      0.624    1478.43    1478.37  0.000e+00
      26936     23.500    15.7961    15.8231     0.0269    1.15438    1.15514          1     6.3363     3.8621      21.09     2.3000     0.5634  1.000e-12  0.3246000     8.1400     8.1403     0.0003     5.2211     5.2166     23.287     23.813      0.296    1478.62    1478.71  0.000e+00
      26978     24.000    15.5406    15.5186    -0.0210    1.14672    1.14585          1     6.3384     4.0634      20.89     2.3299     0.4793  1.000e-12  0.3305000     8.1337     8.1315    -0.0022     5.2612     5.2634     23.782     24.320      0.558    1477.76    1477.68  0.000e+00
      26995     24.500    15.3055    15.3388     0.0325    1.13923    1.14025          1     6.2845     4.1424      20.51     2.3021     0.4763  1.000e-12  0.3241000     8.1242     8.1253     0.0011     5.2946     5.2897     24.278     24.826      0.749    1476.96    1477.07  0.000e+00
      27009     25.000    15.1021    15.1259     0.0244    1.13307    1.13382          1     6.3403     4.3293      20.07     2.2554     0.5289  1.000e-12  0.3033000     8.1184     8.1194     0.0010     5.3248     5.3215     24.773     25.333      0.814    1476.27    1476.35  0.000e+00
      27024     25.500    14.9068    14.9087     0.0019    1.12724    1.12714          1     6.3036     4.4164      19.54     2.1878     0.5092  1.000e-12  0.3224000     8.1134     8.1122    -0.0012     5.3538     5.3525     25.269     25.839      0.802    1475.60    1475.61  0.000e+00
      27039     26.000    14.1307    13.9042    -0.2252    1.10464    1.09777          1     6.1648     4.4914      19.01     2.1429     0.4868  1.000e-12  0.3360000     8.0970     8.0898    -0.0073     5.4672     5.4971     25.764     26.346      0.753    1472.89    1472.09  0.000e+00
      27056     26.500    14.1471    14.0552    -0.0979    1.10563    1.10285          1     6.0848     4.5785      18.42     1.9689     0.4385  1.000e-12  0.3183000     8.1015     8.0986    -0.0029     5.4682     5.4807     26.260     26.852      0.686    1472.97    1472.64  0.000e+00
      27075     27.000    13.1613    12.8442    -0.3134    1.07713    1.06729          1     6.1260     4.6914      17.85     1.8431     0.4337  1.000e-12  0.3199000     8.0800     8.0671    -0.0129     5.6009     5.6369     26.755     27.359      0.543    1469.44    1468.29  0.000e+00
      27108     27.500    12.1699    12.0388    -0.1310    1.05200    1.04746          1     6.2221     4.8153      17.19     1.5946     0.4352  1.000e-12  0.2953000     8.0856     8.0761    -0.0096     5.7474     5.7577     27.250     27.865      0.268    1465.87    1465.38  0.000e+00
      27161     28.000    11.4198    11.3771    -0.0440    1.03177    1.03108          1     6.2679     5.1826      16.74     1.3456     0.3371  1.000e-12  0.2606000     8.0783     8.0817     0.0034     5.8394     5.8469     27.746     28.371      0.455    1463.08    1462.92  0.000e+00
      27177     28.500    11.0196    11.0008    -0.0183    1.02270    1.02279          1     5.7212     4.9765      16.44     1.2849     0.3618  1.000e-12  0.2665000     8.0888     8.0936     0.0049     5.8977     5.9037     28.241     28.878      0.819    1461.60    1461.53  0.000e+00
