ctdpy/exports/archive_20191120_135557/received_data/SBE09_0827_20180118_1543_26_01_0105.cnv
* Sea-Bird SBE 9 Data File:
* FileName = D:\CTD_SBE911\DAT\26DA.2018.1.5.hex
* Software Version Seasave V 7.21d
* Temperature SN = 034757
* Conductivity SN = 041844
* Number of Bytes Per Scan = 48
* Number of Voltage Words = 5
* Number of Scans Averaged by the Deck Unit = 1
* NMEA Latitude = 57 53.70 N
* NMEA Longitude = 009 54.20 E
* NMEA UTC (Time) = Jan 18 2018  15:43:57
* NMEA baud rate = 4800
** Ship: DANA
** Average sound velocity: 1474.67 m/s
** True-depth calculation Thu, 28 Mar 2019 08:00:45 +0000
** CTD Python Module SMHI /ver 3-12/ feb 2012 
** LIMS Job: 20182601-0105
** 17N Hirtshals
** Operator: Ronny Sørensen
** Cruise: 01/2018
# nquan = 26
# nvalues = 119                         
# units = specified
# name 0 = scan: Scan Count
# name 1 = prDM: Pressure, Digiquartz [db]
# name 2 = t090C: Temperature [ITS-90, deg C]
# name 3 = t190C: Temperature, 2 [ITS-90, deg C]
# name 4 = T2-T190C: Temperature Difference, 2 - 1 [ITS-90, deg C]
# name 5 = c0S/m: Conductivity [S/m]
# name 6 = c1S/m: Conductivity, 2 [S/m]
# name 7 = pumps: Pump Status
# name 8 = sbeox1ML/L: Oxygen, SBE 43, 2 [ml/l]
# name 9 = sbeox0ML/L: Oxygen, SBE 43 [ml/l]
# name 10 = altM: Altimeter [m]
# name 11 = chloroflTC0: Chlorophyll, Turner Cyclops [ug/l]
# name 12 = cpar: CPAR/Corrected Irradiance [%]
# name 13 = par: PAR/Irradiance, Biospherical/Lico [µE/(cm^2*s)]
# name 14 = spar: SPAR, Biospherical/Licor
# name 15 = sal00: Salinity, Practical [PSU]
# name 16 = sal11: Salinity, Practical, 2 [PSU]
# name 17 = secS-priS: Salinity, Practical, Difference, 2 - 1 [PSU]
# name 18 = sigma-t00: Density [sigma-t, kg/m^3 ]
# name 19 = sigma-t11: Density, 2 [sigma-t, kg/m^3 ]
# name 20 = depSM: Depth [salt water, m], lat = 57.895
# name 21 = depFM: Depth [true depth, m], lat = 57.895
# name 22 = dz/dtM: Descent Rate [m/s], WS = 2
# name 23 = svCM: Sound Velocity [Chen-Millero, m/s]
# name 24 = svCM1: Sound Velocity, 2 [Chen-Millero, m/s]
# name 25 = flag: flag
# span 0 =       -107,       6267       
# span 1 =      1.500,     60.500       
# span 2 =     5.8696,     6.3789       
# span 3 =     5.8660,     6.3776       
# span 4 =    -0.0959,     0.0372       
# span 5 =   3.284366,   3.370003       
# span 6 =   3.284403,   3.370239       
# span 7 =          1,          1       
# span 8 =     6.2173,     6.3162       
# span 9 =     6.3051,     6.4412       
# span 10 =       1.60,       9.96      
# span 11 =     0.0245,     0.0618      
# span 12 = 4.9241e-11, 4.9241e-11      
# span 13 = 1.0000e-12, 1.0000e-12      
# span 14 = 2.0308e+00, 2.0308e+00      
# span 15 =    33.4088,    33.8372      
# span 16 =    33.4127,    33.8416      
# span 17 =    -0.0563,     0.0468      
# span 18 =    26.3114,    26.5856      
# span 19 =    26.3150,    26.5892      
# span 20 =      1.486,     59.931      
# span 21 =      1.489,     60.029      
# span 22 =     -0.079,      0.622      
# span 23 =    1472.33,    1475.76      
# span 24 =    1472.32,    1475.76      
# span 25 = 0.0000e+00, 0.0000e+00      
# interval = decibars: 0.5              
# start_time = Jan 18 2018 15:43:58 [NMEA time, first data scan]
# bad_flag = -9.990e-29
*END*
[from data line 56]
       3155     29.500     6.3413     6.3393    -0.0020    3.36416    3.36429          1     6.2659     6.3329       9.96     0.0450  4.924e-11  1.000e-12  2.031e+00    33.8250    33.8284     0.0034    26.5807    26.5837     29.225     29.272      0.470    1475.09    1475.09  0.000e+00
       3181     30.000     6.3445     6.3394    -0.0051    3.36454    3.36433          1     6.2676     6.3222       9.96     0.0469  4.924e-11  1.000e-12  2.031e+00    33.8257    33.8285     0.0028    26.5809    26.5837     29.720     29.768      0.385    1475.12    1475.10  0.000e+00
       3244     30.500     6.3481     6.3414    -0.0067    3.36506    3.36453          1     6.2684     6.3283       9.95     0.0456  4.924e-11  1.000e-12  2.031e+00    33.8277    33.8285     0.0008    26.5820    26.5835     30.215     30.264      0.208    1475.14    1475.12  0.000e+00
       3312     31.000     6.3560     6.3456    -0.0105    3.36587    3.36505          1     6.2521     6.3267       9.96     0.0462  4.924e-11  1.000e-12  2.031e+00    33.8287    33.8299     0.0012    26.5817    26.5840     30.711     30.760      0.290    1475.18    1475.14  0.000e+00
       3348     31.500     6.3545     6.3474    -0.0071    3.36573    3.36526          1     6.2747     6.3284       9.96     0.0482  4.924e-11  1.000e-12  2.031e+00    33.8284    33.8302     0.0018    26.5817    26.5840     31.206     31.256      0.344    1475.18    1475.16  0.000e+00
       3382     32.000     6.3542     6.3498    -0.0044    3.36576    3.36557          1     6.2767     6.3374       9.95     0.0488  4.924e-11  1.000e-12  2.031e+00    33.8287    33.8310     0.0023    26.5820    26.5843     31.701     31.752      0.350    1475.19    1475.18  0.000e+00
       3436     32.500     6.3577     6.3506    -0.0071    3.36613    3.36574          1     6.2823     6.3384       9.95     0.0479  4.924e-11  1.000e-12  2.031e+00    33.8291    33.8318     0.0026    26.5819    26.5849     32.197     32.249      0.247    1475.21    1475.19  0.000e+00
       3511     33.000     6.3553     6.3535    -0.0018    3.36592    3.36604          1     6.2840     6.3242       9.96     0.0486  4.924e-11  1.000e-12  2.031e+00    33.8288    33.8320     0.0031    26.5819    26.5847     32.692     32.745      0.413    1475.21    1475.21  0.000e+00
       3535     33.500     6.3563     6.3537    -0.0026    3.36604    3.36609          1     6.2770     6.3177       9.96     0.0474  4.924e-11  1.000e-12  2.031e+00    33.8290    33.8322     0.0031    26.5820    26.5848     33.187     33.241      0.430    1475.23    1475.22  0.000e+00
       3573     34.000     6.3558     6.3541    -0.0017    3.36599    3.36618          1     6.2688     6.3295       9.95     0.0483  4.924e-11  1.000e-12  2.031e+00    33.8287    33.8325     0.0038    26.5818    26.5850     33.682     33.737      0.234    1475.23    1475.23  0.000e+00
       3637     34.500     6.3606     6.3554    -0.0052    3.36655    3.36634          1     6.2697     6.3169       9.95     0.0492  4.924e-11  1.000e-12  2.031e+00    33.8299    33.8327     0.0028    26.5821    26.5850     34.178     34.233      0.218    1475.26    1475.24  0.000e+00
       3686     35.000     6.3658     6.3571    -0.0086    3.36715    3.36654          1     6.2496     6.3299       9.96     0.0483  4.924e-11  1.000e-12  2.031e+00    33.8312    33.8330     0.0018    26.5824    26.5850     34.673     34.729      0.286    1475.29    1475.26  0.000e+00
       3728     35.500     6.3643     6.3595    -0.0049    3.36702    3.36684          1     6.2680     6.3385       9.96     0.0469  4.924e-11  1.000e-12  2.031e+00    33.8310    33.8337     0.0027    26.5825    26.5853     35.168     35.225      0.243    1475.29    1475.28  0.000e+00
       3782     36.000     6.3678     6.3626    -0.0052    3.36744    3.36717          1     6.2612     6.3308       9.96     0.0477  4.924e-11  1.000e-12  2.031e+00    33.8320    33.8341     0.0021    26.5828    26.5851     35.664     35.721      0.258    1475.31    1475.30  0.000e+00
       3822     36.500     6.3669     6.3641    -0.0028    3.36736    3.36742          1     6.2657     6.3282       9.95     0.0488  4.924e-11  1.000e-12  2.031e+00    33.8318    33.8351     0.0033    26.5828    26.5857     36.159     36.217      0.304    1475.32    1475.31  0.000e+00
       3862     37.000     6.3667     6.3660    -0.0007    3.36736    3.36762          1     6.2632     6.3286       9.95     0.0483  4.924e-11  1.000e-12  2.031e+00    33.8317    33.8353     0.0036    26.5827    26.5856     36.654     36.713      0.289    1475.33    1475.33  0.000e+00
       3928     37.500     6.3725     6.3671    -0.0054    3.36803    3.36776          1     6.2557     6.3286       9.96     0.0498  4.924e-11  1.000e-12  2.031e+00    33.8332    33.8354     0.0022    26.5832    26.5856     37.149     37.209      0.217    1475.36    1475.34  0.000e+00
       3987     38.000     6.3749     6.3709    -0.0040    3.36831    3.36823          1     6.2560     6.3200       9.95     0.0507  4.924e-11  1.000e-12  2.031e+00    33.8336    33.8368     0.0032    26.5832    26.5862     37.645     37.705      0.396    1475.38    1475.37  0.000e+00
       4011     38.500     6.3753     6.3712    -0.0040    3.36838    3.36829          1     6.2554     6.3232       9.95     0.0505  4.924e-11  1.000e-12  2.031e+00    33.8337    33.8368     0.0030    26.5832    26.5862     38.140     38.201      0.461    1475.39    1475.37  0.000e+00
       4042     39.000     6.3753     6.3720    -0.0032    3.36840    3.36842          1     6.2476     6.3311       9.95     0.0505  4.924e-11  1.000e-12  2.031e+00    33.8337    33.8372     0.0035    26.5832    26.5864     38.635     38.698      0.278    1475.40    1475.39  0.000e+00
       4119     39.500     6.3753     6.3735    -0.0018    3.36842    3.36861          1     6.2517     6.3289       9.96     0.0511  4.924e-11  1.000e-12  2.031e+00    33.8336    33.8376     0.0039    26.5832    26.5865     39.131     39.194      0.244    1475.40    1475.40  0.000e+00
       4162     40.000     6.3751     6.3738    -0.0013    3.36842    3.36868          1     6.2585     6.3301       9.95     0.0532  4.924e-11  1.000e-12  2.031e+00    33.8336    33.8378     0.0041    26.5832    26.5866     39.626     39.690      0.286    1475.41    1475.41  0.000e+00
       4215     40.500     6.3750     6.3738    -0.0011    3.36843    3.36871          1     6.2775     6.3257       9.95     0.0512  4.924e-11  1.000e-12  2.031e+00    33.8336    33.8378     0.0042    26.5832    26.5867     40.121     40.186      0.226    1475.42    1475.42  0.000e+00
       4256     41.000     6.3747     6.3739    -0.0008    3.36842    3.36875          1     6.2732     6.3117       9.96     0.0545  4.924e-11  1.000e-12  2.031e+00    33.8335    33.8381     0.0045    26.5831    26.5868     40.616     40.682      0.391    1475.42    1475.43  0.000e+00
       4285     41.500     6.3752     6.3739    -0.0014    3.36857    3.36877          1     6.2654     6.3084       9.95     0.0521  4.924e-11  1.000e-12  2.031e+00    33.8344    33.8380     0.0036    26.5838    26.5868     41.112     41.178      0.367    1475.44    1475.44  0.000e+00
       4352     42.000     6.3758     6.3743    -0.0016    3.36871    3.36889          1     6.2288     6.3160       9.95     0.0528  4.924e-11  1.000e-12  2.031e+00    33.8351    33.8387     0.0036    26.5842    26.5873     41.607     41.674      0.257    1475.45    1475.45  0.000e+00
       4398     42.500     6.3755     6.3744    -0.0012    3.36871    3.36897          1     6.2537     6.3186       9.95     0.0506  4.924e-11  1.000e-12  2.031e+00    33.8352    33.8393     0.0040    26.5844    26.5877     42.102     42.170      0.400    1475.46    1475.46  0.000e+00
       4435     43.000     6.3762     6.3745    -0.0017    3.36884    3.36902          1     6.2820     6.3207       9.96     0.0510  4.924e-11  1.000e-12  2.031e+00    33.8357    33.8394     0.0036    26.5847    26.5878     42.597     42.666      0.249    1475.47    1475.46  0.000e+00
       4500     43.500     6.3758     6.3750    -0.0008    3.36879    3.36913          1     6.2548     6.3299       9.95     0.0515  4.924e-11  1.000e-12  2.031e+00    33.8353    33.8398     0.0045    26.5844    26.5881     43.093     43.162      0.290    1475.47    1475.48  0.000e+00
       4542     44.000     6.3764     6.3748    -0.0016    3.36889    3.36914          1     6.2699     6.3198       9.95     0.0541  4.924e-11  1.000e-12  2.031e+00    33.8356    33.8400     0.0044    26.5845    26.5882     43.588     43.658      0.244    1475.48    1475.48  0.000e+00
       4589     44.500     6.3768     6.3752    -0.0016    3.36897    3.36918          1     6.2523     6.3183       9.95     0.0535  4.924e-11  1.000e-12  2.031e+00    33.8358    33.8398     0.0040    26.5847    26.5880     44.083     44.154      0.347    1475.49    1475.49  0.000e+00
       4618     45.000     6.3762     6.3754    -0.0009    3.36891    3.36924          1     6.2446     6.3236       9.95     0.0513  4.924e-11  1.000e-12  2.031e+00    33.8355    33.8400     0.0044    26.5845    26.5882     44.578     44.651      0.397    1475.50    1475.50  0.000e+00
       4655     45.500     6.3767     6.3754    -0.0013    3.36899    3.36926          1     6.2453     6.3165       9.96     0.0541  4.924e-11  1.000e-12  2.031e+00    33.8356    33.8399     0.0043    26.5846    26.5881     45.074     45.147      0.220    1475.51    1475.51  0.000e+00
       4741     46.000     6.3770     6.3756    -0.0014    3.36907    3.36932          1     6.2590     6.3117       9.95     0.0524  4.924e-11  1.000e-12  2.031e+00    33.8360    33.8403     0.0043    26.5848    26.5883     45.569     45.643      0.212    1475.52    1475.52  0.000e+00
       4793     46.500     6.3774     6.3756    -0.0018    3.36917    3.36936          1     6.2596     6.3130       9.95     0.0521  4.924e-11  1.000e-12  2.031e+00    33.8364    33.8403     0.0039    26.5851    26.5884     46.064     46.139      0.315    1475.53    1475.53  0.000e+00
       4825     47.000     6.3776     6.3758    -0.0017    3.36919    3.36939          1     6.2571     6.3302       9.95     0.0537  4.924e-11  1.000e-12  2.031e+00    33.8363    33.8402     0.0039    26.5850    26.5882     46.560     46.635      0.423    1475.54    1475.54  0.000e+00
       4853     47.500     6.3777     6.3761    -0.0017    3.36921    3.36946          1     6.2510     6.3307       9.95     0.0533  4.924e-11  1.000e-12  2.031e+00    33.8360    33.8405     0.0045    26.5847    26.5885     47.055     47.131      0.417    1475.55    1475.55  0.000e+00
       4886     48.000     6.3777     6.3764    -0.0013    3.36924    3.36950          1     6.2379     6.3167       9.95     0.0540  4.924e-11  1.000e-12  2.031e+00    33.8362    33.8405     0.0043    26.5848    26.5884     47.550     47.627      0.242    1475.55    1475.56  0.000e+00
       4969     48.500     6.3777     6.3765    -0.0011    3.36931    3.36957          1     6.2455     6.3188       9.95     0.0533  4.924e-11  1.000e-12  2.031e+00    33.8367    33.8408     0.0041    26.5853    26.5886     48.045     48.123      0.257    1475.56    1475.56  0.000e+00
       5008     49.000     6.3775     6.3765    -0.0010    3.36935    3.36961          1     6.2790     6.3192       9.95     0.0545  4.924e-11  1.000e-12  2.031e+00    33.8371    33.8410     0.0039    26.5856    26.5888     48.541     48.619      0.271    1475.57    1475.57  0.000e+00
       5067     49.500     6.3776     6.3766    -0.0010    3.36937    3.36963          1     6.2620     6.3312       9.95     0.0536  4.924e-11  1.000e-12  2.031e+00    33.8369    33.8409     0.0040    26.5854    26.5887     49.036     49.115      0.205    1475.58    1475.58  0.000e+00
       5118     50.000     6.3777     6.3767    -0.0009    3.36939    3.36968          1     6.2656     6.3272       9.95     0.0556  4.924e-11  1.000e-12  2.031e+00    33.8369    33.8411     0.0042    26.5854    26.5888     49.531     49.611      0.338    1475.59    1475.59  0.000e+00
       5148     50.500     6.3777     6.3767    -0.0009    3.36942    3.36971          1     6.2575     6.3230       9.95     0.0533  4.924e-11  1.000e-12  2.031e+00    33.8370    33.8412     0.0042    26.5855    26.5889     50.026     50.107      0.374    1475.60    1475.60  0.000e+00
       5190     51.000     6.3777     6.3766    -0.0011    3.36939    3.36973          1     6.2592     6.3153       9.92     0.0555  4.924e-11  1.000e-12  2.031e+00    33.8364    33.8412     0.0048    26.5850    26.5890     50.522     50.604      0.228    1475.60    1475.61  0.000e+00
       5246     51.500     6.3777     6.3768    -0.0009    3.36938    3.36977          1     6.2499     6.3188       9.80     0.0537  4.924e-11  1.000e-12  2.031e+00    33.8360    33.8413     0.0052    26.5847    26.5890     51.017     51.100      0.280    1475.61    1475.62  0.000e+00
       5285     52.000     6.3778     6.3767    -0.0010    3.36944    3.36977          1     6.2484     6.3299       9.40     0.0551  4.924e-11  1.000e-12  2.031e+00    33.8363    33.8411     0.0048    26.5850    26.5889     51.512     51.596      0.277    1475.62    1475.62  0.000e+00
       5347     52.500     6.3778     6.3767    -0.0011    3.36947    3.36978          1     6.2589     6.3159       8.90     0.0542  4.924e-11  1.000e-12  2.031e+00    33.8365    33.8409     0.0044    26.5851    26.5887     52.007     52.092      0.177    1475.63    1475.63  0.000e+00
       5410     53.000     6.3778     6.3767    -0.0011    3.36951    3.36980          1     6.2677     6.3229       8.35     0.0569  4.924e-11  1.000e-12  2.031e+00    33.8366    33.8409     0.0044    26.5851    26.5887     52.503     52.588      0.263    1475.64    1475.64  0.000e+00
       5446     53.500     6.3778     6.3767    -0.0010    3.36955    3.36984          1     6.2521     6.3181       7.82     0.0555  4.924e-11  1.000e-12  2.031e+00    33.8369    33.8411     0.0042    26.5854    26.5888     52.998     53.084      0.384    1475.65    1475.65  0.000e+00
       5477     54.000     6.3777     6.3767    -0.0009    3.36956    3.36986          1     6.2508     6.3121       7.31     0.0559  4.924e-11  1.000e-12  2.031e+00    33.8368    33.8411     0.0043    26.5853    26.5889     53.493     53.580      0.327    1475.65    1475.66  0.000e+00
       5524     54.500     6.3777     6.3768    -0.0009    3.36959    3.36990          1     6.2704     6.3241       6.85     0.0535  4.924e-11  1.000e-12  2.031e+00    33.8369    33.8412     0.0043    26.5854    26.5889     53.988     54.076      0.227    1475.66    1475.66  0.000e+00
       5580     55.000     6.3779     6.3768    -0.0011    3.36964    3.36992          1     6.2593     6.3347       6.41     0.0572  4.924e-11  1.000e-12  2.031e+00    33.8370    33.8412     0.0043    26.5854    26.5890     54.484     54.572      0.197    1475.67    1475.67  0.000e+00
       5638     55.500     6.3781     6.3767    -0.0013    3.36970    3.36995          1     6.2344     6.3325       5.92     0.0567  4.924e-11  1.000e-12  2.031e+00    33.8372    33.8414     0.0042    26.5856    26.5891     54.979     55.068      0.290    1475.68    1475.68  0.000e+00
       5674     56.000     6.3781     6.3768    -0.0012    3.36971    3.37000          1     6.2429     6.3281       5.40     0.0569  4.924e-11  1.000e-12  2.031e+00    33.8371    33.8415     0.0044    26.5856    26.5892     55.474     55.564      0.276    1475.69    1475.69  0.000e+00
       5743     56.500     6.3782     6.3770    -0.0012    3.36974    3.37003          1     6.2663     6.3208       4.85     0.0608  4.924e-11  1.000e-12  2.031e+00    33.8370    33.8415     0.0045    26.5854    26.5891     55.969     56.060      0.262    1475.70    1475.70  0.000e+00
