ctdpy/exports/archive_20191120_135557/received_data/SBE09_1044_20180527_1449_34_07_0033.cnv
* Sea-Bird SBE 9 Data File:
* FileName = C:\ctd\temp\2018\AU18D033.hex
* Software Version Seasave V 7.26.6.26
* Temperature SN = 5351
* Conductivity SN = 3941
* Number of Bytes Per Scan = 41
* Number of Voltage Words = 4
* Number of Scans Averaged by the Deck Unit = 1
* NMEA Latitude = 57 11.56 N
* NMEA Longitude = 011 39.50 E
* NMEA UTC (Time) = May 27 2018  14:49:44
* NMEA baud rate = 4800
** Station:  Fladen
** Operator:  SSip
** Ship: AURA
** Average sound velocity: 1478.59 m/s
** True-depth calculation Sun, 27 May 2018 15:32:29 +0000
** CTD Python Module SMHI /ver 3-12/ feb 2012 
** LIMS Job: 20183407-0033
** Cruise: SMHI-02-2018
** Latitude [GG MM.mm N] :
** Longitude [GG MM.mm E]:
# nquan = 26
# nvalues = 161                         
# units = specified
# name 0 = scan: Scan Count
# name 1 = prDM: Pressure, Digiquartz [db]
# name 2 = t090C: Temperature [ITS-90, deg C]
# name 3 = t190C: Temperature, 2 [ITS-90, deg C]
# name 4 = T2-T190C: Temperature Difference, 2 - 1 [ITS-90, deg C]
# name 5 = c0S/m: Conductivity [S/m]
# name 6 = c1S/m: Conductivity, 2 [S/m]
# name 7 = pumps: Pump Status
# name 8 = sbeox0ML/L: Oxygen, SBE 43 [ml/l]
# name 9 = sbeox1ML/L: Oxygen, SBE 43, 2 [ml/l]
# name 10 = altM: Altimeter [m]
# name 11 = flECO-AFL: Chl-a Fluorescence, WET Labs ECO-AFL/FL [mg/m^3]
# name 12 = flECO-AFL1: Phycocyanin Fluorescence, WET Labs ECO-AFL/FL, 2 [mg/m^3]
# name 13 = par: PAR/Irradiance, Biospherical/Lico [µE/(cm^2*s)]
# name 14 = turbWETntu0: Turbidity, WET Labs ECO [NTU]
# name 15 = sal00: Salinity, Practical [PSU]
# name 16 = sal11: Salinity, Practical, 2 [PSU]
# name 17 = secS-priS: Salinity, Practical, Difference, 2 - 1 [PSU]
# name 18 = sigma-t00: Density [sigma-t, Kg/m^3 ]
# name 19 = sigma-t11: Density, 2 [sigma-t, Kg/m^3 ]
# name 20 = depSM: Depth [salt water, m], lat = 57.1927
# name 21 = depFM: Depth [true depth, m], lat = 57.1927
# name 22 = dz/dtM: Descent Rate [m/s], WS = 2
# name 23 = svCM: Sound Velocity [Chen-Millero, m/s]
# name 24 = svCM1: Sound Velocity, 2 [Chen-Millero, m/s]
# name 25 = flag: flag
# span 0 =       7936,      11676       
# span 1 =      1.000,     81.000       
# span 2 =     6.2659,    18.4111       
# span 3 =     6.2677,    18.4107       
# span 4 =    -0.0517,     0.0382       
# span 5 =   2.513430,   3.476225       
# span 6 =   2.512819,   3.476283       
# span 7 =          1,          1       
# span 8 =    5.20127,    7.26094       
# span 9 =    5.15106,    7.65270       
# span 10 =       3.89,      99.09      
# span 11 =     0.1169,     3.0600      
# span 12 =     0.1530,     0.5301      
# span 13 = 1.0000e-12, 1.6173e+03      
# span 14 =     0.1866,     1.1429      
# span 15 =    17.7927,    34.7144      
# span 16 =    17.7918,    34.7135      
# span 17 =    -0.0719,     0.0392      
# span 18 =    12.0533,    27.2387      
# span 19 =    12.0537,    27.2377      
# span 20 =      0.992,     80.239      
# span 21 =      1.006,     80.477      
# span 22 =     -0.027,      0.591      
# span 23 =    1474.99,    1497.82      
# span 24 =    1475.00,    1497.82      
# span 25 = 0.0000e+00, 0.0000e+00      
# interval = decibars: 0.5              
# start_time = May 27 2018 14:49:45 [NMEA time, first data scan]
# bad_flag = -9.990e-29
*END*
       7936      1.000    18.3623    18.4008     0.0382    2.51527    2.51282          1     6.0160     5.9542      98.66     1.1360     0.2717  1.617e+03  0.1866000    17.8273    17.7918    -0.0357    12.0899    12.0544      0.992      1.006     -0.008    1497.48    1497.56  0.000e+00
       7964      1.500    18.3638    18.3592    -0.0046    2.51664    2.51767          1     6.0191     5.9864      98.66     1.1180     0.2190  1.168e+03  0.2286000    17.8373    17.8473     0.0100    12.0972    12.1058      1.486      1.510      0.449    1497.52    1497.51  0.000e+00
       7985      2.000    18.4046    18.4062     0.0016    2.51353    2.51365          1     6.0122     5.9991      98.66     1.0840     0.2266  4.284e+02  0.2246000    17.7955    17.7958     0.0003    12.0564    12.0563      1.982      2.013      0.565    1497.60    1497.61  0.000e+00
       8007      2.500    18.4071    18.4079     0.0008    2.51361    2.51369          1     6.0088     5.9971      98.66     1.0473     0.2806  3.191e+02  0.2237000    17.7950    17.7952     0.0002    12.0555    12.0555      2.477      2.516      0.543    1497.62    1497.62  0.000e+00
       8029      3.000    18.4089    18.4090     0.0001    2.51343    2.51350          1     6.0074     6.0038      98.66     1.0626     0.2919  2.535e+02  0.2222000    17.7927    17.7932     0.0005    12.0533    12.0537      2.972      3.019      0.559    1497.63    1497.63  0.000e+00
       8050      3.500    18.4090    18.4094     0.0004    2.51393    2.51369          1     6.0144     6.0082      98.66     1.1248     0.2540  2.079e+02  0.2182000    17.7964    17.7944    -0.0020    12.0561    12.0545      3.468      3.522      0.539    1497.64    1497.64  0.000e+00
       8074      4.000    18.4111    18.4107    -0.0004    2.51636    2.51624          1     6.0252     5.9974      98.66     1.1685     0.2711  2.027e+02  0.2279000    17.8143    17.8135    -0.0008    12.0692    12.0687      3.963      4.026      0.499    1497.68    1497.68  0.000e+00
       8099      4.500    18.4105    18.4106     0.0002    2.51692    2.51729          1     6.0222     5.9767      98.66     1.1972     0.2460  1.843e+02  0.2165000    17.8187    17.8216     0.0029    12.0728    12.0749      4.459      4.529      0.457    1497.69    1497.69  0.000e+00
       8125      5.000    18.4073    18.4093     0.0021    2.51986    2.51856          1     6.0064     5.9886      98.66     1.2372     0.2954  1.647e+02  0.2178000    17.8429    17.8319    -0.0110    12.0918    12.0830      4.954      5.032      0.481    1497.71    1497.71  0.000e+00
       8149      5.500    18.4008    18.4024     0.0017    2.52461    2.52402          1     6.0036     6.0047      98.30     1.2264     0.2746  1.461e+02  0.2611000    17.8824    17.8772    -0.0052    12.1233    12.1190      5.449      5.535      0.527    1497.75    1497.74  0.000e+00
       8172      6.000    18.3844    18.3902     0.0058    2.53418    2.53116          1     6.2200     6.2055      98.58     1.2384     0.2701  1.272e+02  0.2193000    17.9638    17.9378    -0.0260    12.1888    12.1678      5.945      6.038      0.494    1497.80    1497.78  0.000e+00
       8198      6.500    18.3677    18.3705     0.0028    2.54065    2.53979          1     6.0734     6.1392      98.66     1.2513     0.2971  1.118e+02  0.2305000    18.0212    18.0133    -0.0079    12.2361    12.2295      6.440      6.541      0.460    1497.82    1497.82  0.000e+00
       8223      7.000    18.3210    18.3272     0.0080    2.55174    2.55053          1     5.7923     6.2922      98.66     1.2652     0.2858  9.921e+01  0.2426000    18.1279    18.1158    -0.0121    12.3276    12.3169      6.935      7.044      0.515    1497.80    1497.81  0.000e+00
       8245      7.500    15.4561    15.4604     0.0026    2.79007    2.78074          1     6.4314     7.1951      98.66     1.2764     0.2738  9.170e+01  0.2637000    21.5121    21.4401    -0.0719    15.5066    15.4499      7.431      7.547      0.553    1492.58    1492.50  0.000e+00
       8267      8.000    12.8861    12.8344    -0.0517    2.92904    2.92922          1     6.9251     7.6527      98.66     2.0658     0.3171  7.936e+01  0.2586000    24.2055    24.2403     0.0348    18.0672    18.1033      7.926      8.048      0.519    1487.17    1487.03  0.000e+00
       8291      8.500    11.3487    11.3011    -0.0474    2.98516    2.98573          1     6.9943     7.5654      98.66     2.3853     0.4523  6.912e+01  0.2952000    25.7479    25.7871     0.0392    19.5249    19.5631      8.422      8.547      0.488    1483.62    1483.50  0.000e+00
       8315      9.000    10.0699    10.0351    -0.0356    3.00817    3.00825          1     7.0598     7.4747      98.66     2.4707     0.4550  6.314e+01  0.3303000    26.8881    26.9142     0.0261    20.6153    20.6410      8.917      9.047      0.509    1480.38    1480.28  0.000e+00
       8338      9.500     8.9806     8.9646    -0.0154    3.04462    3.04440          1     7.2320     7.4558      98.66     2.5586     0.4800  5.538e+01  0.3292000    28.0842    28.0945     0.0103    21.7114    21.7217      9.412      9.545      0.536    1477.80    1477.75  0.000e+00
       8360     10.000     8.8813     8.8788    -0.0026    3.06508    3.06533          1     7.2609     7.3264      98.66     2.6611     0.4852  4.751e+01  0.3166000    28.3706    28.3753     0.0047    21.9496    21.9536      9.908     10.044      0.539    1477.79    1477.78  0.000e+00
       8383     10.500     8.8012     8.7950    -0.0061    3.09076    3.09119          1     7.1598     7.1777      98.66     2.8470     0.5185  4.051e+01  0.3087000    28.6983    28.7077     0.0094    22.2173    22.2256     10.403     10.542      0.514    1477.90    1477.88  0.000e+00
       8407     11.000     8.2384     8.2316    -0.0069    3.14232    3.14153          1     7.1514     7.1483      98.66     3.0600     0.5224  3.556e+01  0.3267000    29.7004    29.6981    -0.0023    23.0816    23.0808     10.899     11.040      0.491    1477.00    1476.97  0.000e+00
       8431     11.500     7.6293     7.6188    -0.0105    3.18267    3.18222          1     7.1760     7.0715      98.66     2.9969     0.5301  3.231e+01  0.3182000    30.6484    30.6529     0.0045    23.9094    23.9144     11.394     11.538      0.509    1475.85    1475.82  0.000e+00
       8454     12.000     7.3809     7.3745    -0.0063    3.20421    3.20450          1     7.1026     6.9487      98.66     2.8520     0.5255  2.939e+01  0.3295000    31.0994    31.1081     0.0088    24.2972    24.3049     11.889     12.035      0.543    1475.46    1475.45  0.000e+00
       8476     12.500     7.3108     7.3094    -0.0013    3.21351    3.21357          1     7.0041     6.8475      98.66     2.5358     0.4012  2.699e+01  0.3528000    31.2621    31.2641     0.0019    24.4346    24.4363     12.385     12.532      0.548    1475.40    1475.40  0.000e+00
       8498     13.000     7.2243     7.2317     0.0071    3.23037    3.22925          1     6.9192     6.7495      98.66     2.4439     0.4707  2.445e+01  0.3105000    31.5224    31.5036    -0.0188    24.6507    24.6350     12.880     13.029      0.531    1475.40    1475.40  0.000e+00
       8521     13.500     7.1296     7.1326     0.0031    3.24714    3.24638          1     6.8346     6.6653      98.66     2.4608     0.4045  2.230e+01  0.2970000    31.7907    31.7797    -0.0110    24.8744    24.8653     13.375     13.526      0.523    1475.37    1475.37  0.000e+00
       8544     14.000     6.9562     6.9616     0.0053    3.27879    3.27791          1     6.7724     6.6187      89.89     2.4058     0.4312  2.064e+01  0.2923000    32.2963    32.2815    -0.0148    25.2953    25.2830     13.871     14.023      0.523    1475.33    1475.34  0.000e+00
       8567     14.500     6.8754     6.8706    -0.0048    3.29050    3.29157          1     6.7314     6.5856      82.75     2.3922     0.4138  1.926e+01  0.2843000    32.5000    32.5163     0.0163    25.4664    25.4798     14.366     14.520      0.509    1475.28    1475.28  0.000e+00
       8591     15.000     6.8385     6.8524     0.0138    3.29658    3.29455          1     6.7187     6.5698      98.65     2.4437     0.4052  1.784e+01  0.2857000    32.6015    32.5659    -0.0356    25.5512    25.5213     14.861     15.016      0.509    1475.27    1475.28  0.000e+00
       8614     15.500     6.8094     6.8140     0.0048    3.30050    3.30032          1     6.7190     6.5668      98.66     2.5065     0.4244  1.654e+01  0.2950000    32.6718    32.6654    -0.0065    25.6104    25.6047     15.357     15.513      0.539    1475.26    1475.27  0.000e+00
       8636     16.000     6.7928     6.8055     0.0126    3.30309    3.30174          1     6.7145     6.5622      98.66     2.6229     0.4292  1.539e+01  0.2982000    32.7158    32.6889    -0.0269    25.6472    25.6243     15.852     16.009      0.554    1475.25    1475.27  0.000e+00
       8657     16.500     6.7956     6.7983     0.0027    3.30297    3.30311          1     6.7132     6.5690      98.66     2.4946     0.3710  1.439e+01  0.2979000    32.7116    32.7106    -0.0010    25.6436    25.6424     16.348     16.506      0.536    1475.27    1475.28  0.000e+00
       8681     17.000     6.7889     6.7865    -0.0024    3.30424    3.30503          1     6.6983     6.5688      82.07     2.5615     0.4118  1.352e+01  0.2642000    32.7316    32.7427     0.0110    25.6602    25.6692     16.843     17.002      0.514    1475.27    1475.28  0.000e+00
       8704     17.500     6.7726     6.7747     0.0021    3.30711    3.30711          1     6.6384     6.5245      73.94     2.5447     0.4665  1.262e+01  0.2995000    32.7786    32.7766    -0.0021    25.6994    25.6975     17.338     17.499      0.520    1475.28    1475.28  0.000e+00
       8727     18.000     6.6857     6.6883     0.0026    3.32197    3.32059          1     6.5946     6.4638      97.42     2.5514     0.4620  1.172e+01  0.2915000    33.0259    33.0081    -0.0177    25.9056    25.8913     17.834     17.995      0.544    1475.26    1475.24  0.000e+00
       8748     18.500     6.5599     6.5607     0.0007    3.34078    3.34089          1     6.5257     6.3734      97.35     2.7630     0.4526  1.087e+01  0.3115000    33.3551    33.3555     0.0005    26.1816    26.1819     18.329     18.492      0.553    1475.18    1475.19  0.000e+00
       8770     19.000     6.5481     6.5493     0.0012    3.35021    3.35024          1     6.4060     6.2446      97.52     2.7767     0.4652  1.005e+01  0.3132000    33.4709    33.4701    -0.0009    26.2745    26.2737     18.824     18.988      0.528    1475.29    1475.30  0.000e+00
       8794     19.500     6.5180     6.5197     0.0017    3.35707    3.35718          1     6.3205     6.1815      97.36     2.5305     0.4756  9.290e+00  0.2950000    33.5763    33.5759    -0.0004    26.3616    26.3610     19.320     19.484      0.498    1475.31    1475.32  0.000e+00
       8818     20.000     6.4728     6.4735     0.0007    3.36194    3.36199          1     6.2939     6.1659      97.36     2.4696     0.4215  8.575e+00  0.3002000    33.6747    33.6746    -0.0001    26.4451    26.4449     19.815     19.980      0.514    1475.27    1475.27  0.000e+00
       8840     20.500     6.4437     6.4457     0.0020    3.36724    3.36734          1     6.2678     6.1386      76.80     2.4478     0.4376  7.882e+00  0.3046000    33.7622    33.7613    -0.0009    26.5179    26.5169     20.310     20.476      0.556    1475.27    1475.28  0.000e+00
       8862     21.000     6.4387     6.4409     0.0022    3.36870    3.36887          1     6.2398     6.1276      92.20     1.1425     0.2758  7.259e+00  0.2968000    33.7831    33.7829    -0.0003    26.5351    26.5346     20.806     20.973      0.558    1475.29    1475.30  0.000e+00
       8884     21.500     6.4318     6.4339     0.0020    3.36936    3.36951          1     6.2194     6.1218      97.31     0.8574     0.2459  6.756e+00  0.2991000    33.7970    33.7967    -0.0003    26.5469    26.5464     21.301     21.469      0.525    1475.29    1475.29  0.000e+00
       8907     22.000     6.4123     6.4145     0.0022    3.37101    3.37112          1     6.2039     6.1101      97.40     0.8545     0.2585  6.311e+00  0.3138000    33.8346    33.8336    -0.0010    26.5791    26.5780     21.796     21.965      0.508    1475.26    1475.27  0.000e+00
       8930     22.500     6.4104     6.4122     0.0017    3.37358    3.37369          1     6.1785     6.0907      97.39     0.9208     0.2708  5.892e+00  0.3169000    33.8648    33.8643    -0.0005    26.6032    26.6025     22.292     22.461      0.547    1475.30    1475.31  0.000e+00
       8951     23.000     6.4107     6.4125     0.0019    3.37508    3.37518          1     6.1570     6.0692      89.89     1.0677     0.2839  5.481e+00  0.3149000    33.8810    33.8803    -0.0007    26.6160    26.6151     22.787     22.957      0.570    1475.33    1475.34  0.000e+00
       8973     23.500     6.4025     6.4060     0.0035    3.37537    3.37565          1     6.1501     6.0589      82.51     1.2239     0.3082  5.108e+00  0.3121000    33.8921    33.8918    -0.0003    26.6257    26.6250     23.282     23.453      0.529    1475.32    1475.34  0.000e+00
       8997     24.000     6.3838     6.3878     0.0039    3.37400    3.37428          1     6.1468     6.0771      98.23     1.2865     0.3226  4.754e+00  0.3020000    33.8952    33.8944    -0.0008    26.6306    26.6295     23.778     23.949      0.490    1475.26    1475.28  0.000e+00
       9021     24.500     6.3707     6.3725     0.0018    3.37305    3.37318          1     6.1479     6.0794      98.67     1.2079     0.3082  4.433e+00  0.2944000    33.8975    33.8972    -0.0003    26.6341    26.6336     24.273     24.445      0.543    1475.22    1475.23  0.000e+00
       9042     25.000     6.3617     6.3642     0.0024    3.37246    3.37262          1     6.1568     6.0778      98.66     1.1836     0.3438  4.152e+00  0.2971000    33.8995    33.8988    -0.0007    26.6369    26.6360     24.769     24.941      0.581    1475.20    1475.20  0.000e+00
       9062     25.500     6.3525     6.3543     0.0018    3.37187    3.37200          1     6.1646     6.0953      98.66     1.1245     0.3037  3.871e+00  0.2822000    33.9018    33.9014    -0.0004    26.6399    26.6394     25.264     25.437      0.553    1475.17    1475.18  0.000e+00
       9085     26.000     6.3270     6.3323     0.0054    3.37012    3.37050          1     6.1761     6.1182      72.75     1.1399     0.2847  3.605e+00  0.2859000    33.9074    33.9064    -0.0010    26.6476    26.6461     25.759     25.933      0.510    1475.08    1475.10  0.000e+00
       9109     26.500     6.3003     6.3029     0.0025    3.36878    3.36895          1     6.1876     6.1319      98.90     0.9936     0.2907  3.372e+00  0.2881000    33.9189    33.9182    -0.0007    26.6601    26.6593     26.255     26.429      0.520    1475.00    1475.01  0.000e+00
       9131     27.000     6.2956     6.2964     0.0008    3.36864    3.36873          1     6.1894     6.1395      59.38     0.8831     0.2478  3.172e+00  0.2737000    33.9218    33.9220     0.0001    26.6631    26.6631     26.750     26.925      0.550    1475.00    1475.00  0.000e+00
       9153     27.500     6.2924     6.2932     0.0008    3.36854    3.36862          1     6.1833     6.1366      90.62     0.8259     0.2357  2.974e+00  0.2640000    33.9235    33.9237     0.0001    26.6648    26.6648     27.245     27.421      0.553    1474.99    1475.00  0.000e+00
       9175     28.000     6.2896     6.2913     0.0016    3.36848    3.36864          1     6.1758     6.1251      98.82     0.7947     0.2900  2.777e+00  0.2662000    33.9254    33.9256     0.0002    26.6666    26.6666     27.741     27.917      0.546    1474.99    1475.00  0.000e+00
