ctdpy/exports/archive_20191120_135557/received_data/SBE09_0827_20180903_0732_26_01_0953.cnv
* Sea-Bird SBE 9 Data File:
* FileName = D:\CTD_SBE911\DAT\26DA.2018.9.3.hex
* Software Version Seasave V 7.21d
* Temperature SN = 034605
* Conductivity SN = 041844
* Number of Bytes Per Scan = 48
* Number of Voltage Words = 5
* Number of Scans Averaged by the Deck Unit = 1
* NMEA Latitude = 55 01.18 N
* NMEA Longitude = 013 17.32 E
* NMEA UTC (Time) = Sep 03 2018  07:34:42
* NMEA baud rate = 4800
** Ship: DANA
** Average sound velocity: 1477.04 m/s
** True-depth calculation Wed, 03 Apr 2019 09:22:37 +0000
** CTD Python Module SMHI /ver 3-12/ feb 2012 
** LIMS Job: 20182601-0953
**  BY1
** Operator: Christian
** Cruise: 09/2018
# nquan = 26
# nvalues = 85                          
# units = specified
# name 0 = scan: Scan Count
# name 1 = prDM: Pressure, Digiquartz [db]
# name 2 = t090C: Temperature [ITS-90, deg C]
# name 3 = t190C: Temperature, 2 [ITS-90, deg C]
# name 4 = T2-T190C: Temperature Difference, 2 - 1 [ITS-90, deg C]
# name 5 = c0S/m: Conductivity [S/m]
# name 6 = c1S/m: Conductivity, 2 [S/m]
# name 7 = pumps: Pump Status
# name 8 = sbeox1ML/L: Oxygen, SBE 43, 2 [ml/l]
# name 9 = sbeox0ML/L: Oxygen, SBE 43 [ml/l]
# name 10 = altM: Altimeter [m]
# name 11 = chloroflTC0: Chlorophyll, Turner Cyclops [ug/l]
# name 12 = cpar: CPAR/Corrected Irradiance [%]
# name 13 = par: PAR/Irradiance, Biospherical/Lico [µE/(cm^2*s)]
# name 14 = spar: SPAR, Biospherical/Licor
# name 15 = sal00: Salinity, Practical [PSU]
# name 16 = sal11: Salinity, Practical, 2 [PSU]
# name 17 = secS-priS: Salinity, Practical, Difference, 2 - 1 [PSU]
# name 18 = sigma-t00: Density [sigma-t, kg/m^3 ]
# name 19 = sigma-t11: Density, 2 [sigma-t, kg/m^3 ]
# name 20 = depSM: Depth [salt water, m], lat = 55.0197
# name 21 = depFM: Depth [true depth, m], lat = 55.0197
# name 22 = dz/dtM: Descent Rate [m/s], WS = 2
# name 23 = svCM: Sound Velocity [Chen-Millero, m/s]
# name 24 = svCM1: Sound Velocity, 2 [Chen-Millero, m/s]
# name 25 = flag: flag
# span 0 =         73,       6406       
# span 1 =      2.000,     44.000       
# span 2 =     7.5524,    18.2886       
# span 3 =     7.4559,    18.2810       
# span 4 =    -1.3890,     0.5192       
# span 5 =   0.925747,   2.320661       
# span 6 =   0.925787,   2.328050       
# span 7 =          1,          1       
# span 8 =    -0.5823,     6.6800       
# span 9 =    -0.0962,     6.3324       
# span 10 =       0.25,       9.98      
# span 11 =     0.0451,     0.2259      
# span 12 = 5.4691e-14, 4.3101e+00      
# span 13 = 1.0000e-12, 6.3530e+01      
# span 14 = 9.8382e+02, 1.9758e+03      
# span 15 =     7.9837,    18.2834      
# span 16 =     8.0266,    18.4750      
# span 17 =    -0.0253,     0.2359      
# span 18 =     4.7052,    13.3533      
# span 19 =     4.7027,    13.5477      
# span 20 =      1.982,     43.599      
# span 21 =      2.028,     44.523      
# span 22 =     -0.117,      0.506      
# span 23 =    1447.71,    1489.63      
# span 24 =    1447.34,    1489.66      
# span 25 = 0.0000e+00, 0.0000e+00      
# interval = decibars: 0.5              
# start_time = Sep 03 2018 07:34:43 [NMEA time, first data scan]
# bad_flag = -9.990e-29
*END*
[from data line 56]
       2816     30.000    13.1705    13.2765     0.1062    1.31352    1.31841          1     4.8373     4.6815       9.98     0.0531  8.636e-14  1.000e-12  1.158e+03    10.0093    10.0219     0.0125     7.0865     7.0800     29.727     30.393      0.297    1471.82    1472.21  0.000e+00
       2856     30.500    13.3132    13.4824     0.1690    1.33459    1.35177          1     4.7272     4.5706       9.98     0.0524  8.512e-14  1.000e-12  1.175e+03    10.1453    10.2415     0.0962     7.1694     7.2173     30.223     30.899      0.263    1472.50    1473.21  0.000e+00
       2905     31.000    13.4674    13.6170     0.1496    1.35917    1.37278          1     4.6076     4.4698       9.98     0.0509  9.028e-14  1.000e-12  1.108e+03    10.3062    10.3777     0.0715     7.2694     7.3010     30.718     31.404      0.272    1473.24    1473.85  0.000e+00
       2944     31.500    13.6224    13.6960     0.0736    1.38077    1.38713          1     4.5582     4.4004       9.98     0.0509  9.576e-14  1.000e-12  1.044e+03    10.4416    10.4737     0.0321     7.3492     7.3622     31.214     31.910      0.300    1473.95    1474.25  0.000e+00
       2990     32.000    13.6882    13.7998     0.1115    1.39351    1.40857          1     4.5105     4.3747       9.98     0.0508  9.897e-14  1.000e-12  1.010e+03    10.5279    10.6204     0.0926     7.4051     7.4585     31.709     32.415      0.237    1474.30    1474.80  0.000e+00
       3041     32.500    13.8098    13.8528     0.0431    1.42077    1.42743          1     4.4528     4.3103       9.98     0.0522  9.984e-14  1.000e-12  1.002e+03    10.7173    10.7598     0.0426     7.5313     7.5571     32.204     32.921      0.235    1474.95    1475.15  0.000e+00
       3091     33.000    13.8311    13.8401     0.0089    1.43377    1.43794          1     4.4102     4.2545       9.98     0.0505  1.014e-13  1.000e-12  9.864e+02    10.8176    10.8492     0.0316     7.6049     7.6278     32.700     33.426      0.263    1475.15    1475.22  0.000e+00
       3134     33.500    13.8205    13.8333     0.0128    1.44244    1.45289          1     4.3527     4.2036       9.98     0.0496  1.015e-13  1.000e-12  9.850e+02    10.8915    10.9734     0.0819     7.6634     7.7242     33.195     33.932      0.259    1475.21    1475.35  0.000e+00
       3184     34.000    13.8126    13.8008    -0.0117    1.46255    1.47132          1     4.2521     4.0684       9.98     0.0483  1.009e-13  1.000e-12  9.910e+02    11.0584    11.1337     0.0753     7.7929     7.8526     33.691     34.437      0.256    1475.39    1475.43  0.000e+00
       3225     34.500    13.7721    13.7498    -0.0224    1.48191    1.48870          1     4.1162     3.9383       9.98     0.0482  1.008e-13  1.000e-12  9.915e+02    11.2288    11.2912     0.0624     7.9303     7.9818     34.186     34.942      0.313    1475.45    1475.45  0.000e+00
       3265     35.000    13.7461    13.7901     0.0440    1.49855    1.51804          1     4.0061     3.8516       9.80     0.0470  1.000e-13  1.000e-12  1.000e+03    11.3733    11.5206     0.1473     8.0455     8.1516     34.682     35.448      0.266    1475.54    1475.87  0.000e+00
       3318     35.500    13.8747    13.9536     0.0792    1.54226    1.56023          1     3.8403     3.6709       9.32     0.0474  9.770e-14  1.000e-12  1.024e+03    11.6945    11.8184     0.1240     8.2713     8.3537     35.177     35.953      0.233    1476.37    1476.79  0.000e+00
       3360     36.000    13.9682    13.9968     0.0287    1.59279    1.60315          1     3.7277     3.4680       8.82     0.0468  9.601e-14  1.000e-12  1.042e+03    12.0818    12.1582     0.0764     8.5535     8.6074     35.672     36.458      0.309    1477.16    1477.35  0.000e+00
       3407     36.500    14.0418    14.0738     0.0320    1.64328    1.66438          1     3.5404     3.2855       8.30     0.0464  9.254e-14  1.000e-12  1.081e+03    12.4746    12.6384     0.1638     8.8428     8.9632     36.168     36.963      0.222    1477.88    1478.19  0.000e+00
       3460     37.000    14.0184    14.0043    -0.0140    1.71832    1.72368          1     3.2293     2.9675       7.81     0.0451  7.800e-14  1.000e-12  1.292e+03    13.1029    13.1521     0.0492     9.3291     9.3692     36.663     37.467      0.250    1478.55    1478.55  0.000e+00
       3508     37.500    14.3638    14.6919     0.3281    1.78561    1.81187          1     3.0230     2.8069       7.30     0.0462  5.693e-14  1.000e-12  1.765e+03    13.5394    13.6400     0.1006     9.6046     9.6241     37.159     37.972      0.233    1480.25    1481.48  0.000e+00
       3560     38.000    15.5048    16.0075     0.5024    1.93738    1.98272          1     3.1706     3.4937       6.80     0.0452  5.469e-14  1.000e-12  1.829e+03    14.3729    14.5570     0.1841    10.0381    10.0847     37.654     38.476      0.249    1485.07    1486.94  0.000e+00
       3604     38.500    16.0456    16.1959     0.1504    2.00747    2.02206          1     3.7520     3.7545       6.31     0.0462  5.970e-14  1.000e-12  1.676e+03    14.7418    14.8030     0.0612    10.2188    10.2365     38.149     38.980      0.288    1487.29    1487.85  0.000e+00
       3647     39.000    16.2357    16.4523     0.2166    2.03153    2.04822          1     3.9330     3.8979       5.82     0.0464  7.673e-14  1.000e-12  1.315e+03    14.8635    14.9164     0.0528    10.2748    10.2728     38.645     39.484      0.256    1488.06    1488.82  0.000e+00
       3697     39.500    16.5475    16.6459     0.0984    2.06519    2.06955          1     4.1140     4.0119       5.32     0.0469  9.028e-14  1.000e-12  1.107e+03    15.0156    15.0136    -0.0020    10.3297    10.3087     39.140     39.989      0.248    1489.25    1489.56  0.000e+00
       3742     40.000    16.6424    16.6530     0.0106    2.07714    2.07710          1     4.1468     3.9553       4.84     0.0481  9.255e-14  1.000e-12  1.080e+03    15.0750    15.0707    -0.0043    10.3562    10.3508     39.636     40.493      0.273    1489.63    1489.66  0.000e+00
       3789     40.500    16.5114    16.4334    -0.0780    2.07069    2.06650          1     4.0180     3.7683       4.82     0.0472  9.247e-14  1.000e-12  1.082e+03    15.0726    15.0685    -0.0042    10.3804    10.3926     40.131     40.997      0.226    1489.21    1488.96  0.000e+00
       3843     41.000    16.3872    16.4016     0.0146    2.06576    2.06507          1     3.8863     3.7436       3.82     0.0485  9.316e-14  1.000e-12  1.073e+03    15.0799    15.0689    -0.0109    10.4105    10.3993     40.626     41.501      0.252    1488.83    1488.86  0.000e+00
       3885     41.500    16.5228    16.5755     0.0527    2.08117    2.08346          1     3.9820     3.8853       3.33     0.0481  9.021e-14  1.000e-12  1.109e+03    15.1515    15.1498    -0.0016    10.4383    10.4266     41.122     42.005      0.294    1489.36    1489.53  0.000e+00
       3929     42.000    16.5497    16.5486    -0.0011    2.08678    2.08816          1     4.0578     3.8133       2.84     0.0474  8.662e-14  1.000e-12  1.155e+03    15.1859    15.1972     0.0113    10.4592    10.4681     41.617     42.509      0.256    1489.49    1489.50  0.000e+00
       3989     42.500    16.4594    16.4252    -0.0342    2.09095    2.09069          1     3.9036     3.5885       3.42     0.0469  8.800e-14  1.000e-12  1.139e+03    15.2530    15.2640     0.0109    10.5284    10.5434     42.112     43.013      0.222    1489.29    1489.19  0.000e+00
       4302     43.000    15.9879    15.8266    -0.1610    2.13273    2.14189          1     3.3909     2.0985       2.38     0.0485  1.013e-13  1.000e-12  9.872e+02    15.7722    15.9117     0.1395    11.0169    11.1546     42.608     43.516      0.306    1488.36    1487.99  0.000e+00
       4542     43.500    15.2037    14.9913    -0.2121    2.23625    2.25366          1     1.6071     0.9803       2.53     0.0513  1.019e-13  1.000e-12  9.838e+02    16.9441    17.1800     0.2359    12.0624    12.2827     43.103     44.020      0.183    1487.13    1486.69  0.000e+00
       6406     44.000    13.7713    13.5036    -0.2677    2.32066    2.32805          1    -0.5823    -0.0962       0.25     0.0554  6.327e-14  1.000e-12  1.495e+03    18.2834    18.4750     0.1916    13.3533    13.5477     43.599     44.523     -0.117    1483.89    1483.20  0.000e+00
