ctdpy/exports/archive_20191120_135557/received_data/SBE09_0827_20180119_1435_26_01_0116.cnv
* Sea-Bird SBE 9 Data File:
* FileName = D:\CTD_SBE911\DAT\26DA.2018.1.16.hex
* Software Version Seasave V 7.21d
* Temperature SN = 034757
* Conductivity SN = 041844
* Number of Bytes Per Scan = 48
* Number of Voltage Words = 5
* Number of Scans Averaged by the Deck Unit = 1
* NMEA Latitude = 56 33.16 N
* NMEA Longitude = 006 49.91 E
* NMEA UTC (Time) = Jan 19 2018  14:35:46
* NMEA baud rate = 4800
** Ship: DANA
** Average sound velocity: 1479.31 m/s
** True-depth calculation Thu, 28 Mar 2019 08:18:13 +0000
** CTD Python Module SMHI /ver 3-12/ feb 2012 
** LIMS Job: 20182601-0116
** 43F6ZZ
** Operator: Ronny Sørensen
** Cruise: 01/2018
# nquan = 26
# nvalues = 86                          
# units = specified
# name 0 = scan: Scan Count
# name 1 = prDM: Pressure, Digiquartz [db]
# name 2 = t090C: Temperature [ITS-90, deg C]
# name 3 = t190C: Temperature, 2 [ITS-90, deg C]
# name 4 = T2-T190C: Temperature Difference, 2 - 1 [ITS-90, deg C]
# name 5 = c0S/m: Conductivity [S/m]
# name 6 = c1S/m: Conductivity, 2 [S/m]
# name 7 = pumps: Pump Status
# name 8 = sbeox1ML/L: Oxygen, SBE 43, 2 [ml/l]
# name 9 = sbeox0ML/L: Oxygen, SBE 43 [ml/l]
# name 10 = altM: Altimeter [m]
# name 11 = chloroflTC0: Chlorophyll, Turner Cyclops [ug/l]
# name 12 = cpar: CPAR/Corrected Irradiance [%]
# name 13 = par: PAR/Irradiance, Biospherical/Lico [µE/(cm^2*s)]
# name 14 = spar: SPAR, Biospherical/Licor
# name 15 = sal00: Salinity, Practical [PSU]
# name 16 = sal11: Salinity, Practical, 2 [PSU]
# name 17 = secS-priS: Salinity, Practical, Difference, 2 - 1 [PSU]
# name 18 = sigma-t00: Density [sigma-t, kg/m^3 ]
# name 19 = sigma-t11: Density, 2 [sigma-t, kg/m^3 ]
# name 20 = depSM: Depth [salt water, m], lat = 56.5527
# name 21 = depFM: Depth [true depth, m], lat = 56.5527
# name 22 = dz/dtM: Descent Rate [m/s], WS = 2
# name 23 = svCM: Sound Velocity [Chen-Millero, m/s]
# name 24 = svCM1: Sound Velocity, 2 [Chen-Millero, m/s]
# name 25 = flag: flag
# span 0 =         58,       4857       
# span 1 =      1.000,     43.500       
# span 2 =     7.1856,     7.2141       
# span 3 =     7.1852,     7.2128       
# span 4 =    -0.0044,     0.0022       
# span 5 =   3.511566,   3.515990       
# span 6 =   3.511742,   3.516220       
# span 7 =          1,          1       
# span 8 =     5.9928,     6.1356       
# span 9 =     6.1815,     6.2212       
# span 10 =       1.57,       9.98      
# span 11 =     0.0349,     0.1024      
# span 12 = -9.600e-04, 9.3377e+00      
# span 13 = -1.131e-03, 1.1188e+01      
# span 14 = 1.1134e+02, 1.1982e+02      
# span 15 =    34.6237,    34.6255      
# span 16 =    34.6249,    34.6288      
# span 17 =     0.0006,     0.0042      
# span 18 =    27.0933,    27.0970      
# span 19 =    27.0965,    27.1001      
# span 20 =      0.991,     43.098      
# span 21 =      0.992,     43.138      
# span 22 =     -0.021,      0.630      
# span 23 =    1478.93,    1479.73      
# span 24 =    1478.93,    1479.73      
# span 25 = 0.0000e+00, 0.0000e+00      
# interval = decibars: 0.5              
# start_time = Jan 19 2018 14:35:46 [NMEA time, first data scan]
# bad_flag = -9.990e-29
*END*
[from data line 56]
       2883     29.000     7.1969     7.1963    -0.0005    3.51369    3.51391          1     6.1013     6.2008       9.96     0.0459  8.793e-13  1.000e-12  1.137e+02    34.6241    34.6271     0.0030    27.0952    27.0976     28.733     28.758      0.264    1479.42    1479.43  0.000e+00
       2952     29.500     7.1965     7.1962    -0.0003    3.51367    3.51392          1     6.0966     6.2072       9.96     0.0454  8.793e-13  1.000e-12  1.137e+02    34.6240    34.6271     0.0031    27.0952    27.0976     29.228     29.254      0.413    1479.43    1479.43  0.000e+00
       2982     30.000     7.1967     7.1962    -0.0006    3.51373    3.51392          1     6.1268     6.2083       9.95     0.0449  8.793e-13  1.000e-12  1.137e+02    34.6242    34.6268     0.0026    27.0953    27.0974     29.723     29.750      0.322    1479.44    1479.44  0.000e+00
       3030     30.500     7.1966     7.1962    -0.0004    3.51375    3.51396          1     6.0819     6.2040       9.96     0.0487  8.793e-13  1.000e-12  1.137e+02    34.6242    34.6271     0.0029    27.0953    27.0976     30.219     30.246      0.262    1479.45    1479.45  0.000e+00
       3065     31.000     7.1973     7.1964    -0.0010    3.51383    3.51403          1     6.0671     6.2070       9.95     0.0453  8.793e-13  1.000e-12  1.137e+02    34.6242    34.6274     0.0032    27.0952    27.0979     30.714     30.742      0.451    1479.46    1479.46  0.000e+00
       3089     31.500     7.1970     7.1963    -0.0007    3.51383    3.51407          1     6.0984     6.2038       9.95     0.0447  8.793e-13  1.000e-12  1.137e+02    34.6242    34.6276     0.0034    27.0952    27.0980     31.209     31.238      0.460    1479.46    1479.47  0.000e+00
       3121     32.000     7.1969     7.1962    -0.0008    3.51385    3.51406          1     6.1240     6.2007       9.95     0.0450  8.793e-13  1.000e-12  1.137e+02    34.6243    34.6274     0.0031    27.0953    27.0979     31.705     31.733      0.305    1479.47    1479.47  0.000e+00
       3248     32.500     7.2012     7.1993    -0.0019    3.51428    3.51430          1     6.0908     6.1943       9.96     0.0528  8.793e-13  1.000e-12  1.137e+02    34.6245    34.6266     0.0021    27.0949    27.0968     32.200     32.229      0.325    1479.50    1479.49  0.000e+00
       3283     33.000     7.2037     7.2023    -0.0015    3.51458    3.51464          1     6.0905     6.1945       9.96     0.0511  8.793e-13  1.000e-12  1.137e+02    34.6251    34.6270     0.0020    27.0950    27.0967     32.696     32.725      0.604    1479.52    1479.51  0.000e+00
       3301     33.500     7.2040     7.2032    -0.0008    3.51464    3.51479          1     6.0963     6.2017       9.96     0.0531  8.793e-13  1.000e-12  1.137e+02    34.6251    34.6276     0.0024    27.0950    27.0970     33.191     33.221      0.616    1479.53    1479.53  0.000e+00
       3323     34.000     7.2044     7.2034    -0.0010    3.51469    3.51492          1     6.1157     6.2043       9.90     0.0519  8.793e-13  1.000e-12  1.137e+02    34.6250    34.6286     0.0035    27.0948    27.0978     33.686     33.717      0.451    1479.54    1479.54  0.000e+00
       3369     34.500     7.2045     7.2032    -0.0013    3.51472    3.51486          1     6.1163     6.1980       9.44     0.0514  8.793e-13  1.000e-12  1.137e+02    34.6250    34.6278     0.0028    27.0948    27.0972     34.182     34.213      0.229    1479.54    1479.54  0.000e+00
       3418     35.000     7.2041     7.2036    -0.0006    3.51471    3.51494          1     6.1221     6.2068       8.94     0.0524  8.793e-13  1.000e-12  1.137e+02    34.6250    34.6282     0.0032    27.0948    27.0975     34.677     34.708      0.305    1479.55    1479.55  0.000e+00
       3470     35.500     7.2046     7.2034    -0.0011    3.51478    3.51493          1     6.1153     6.2017       8.48     0.0518  8.793e-13  1.000e-12  1.137e+02    34.6251    34.6280     0.0028    27.0949    27.0973     35.172     35.204      0.207    1479.56    1479.56  0.000e+00
       3545     36.000     7.2054     7.2040    -0.0015    3.51487    3.51502          1     6.0787     6.1832       8.06     0.0520  8.793e-13  1.000e-12  1.137e+02    34.6250    34.6281     0.0031    27.0947    27.0973     35.668     35.700      0.269    1479.57    1479.57  0.000e+00
       3583     36.500     7.2046     7.2041    -0.0005    3.51482    3.51507          1     6.1046     6.1858       7.57     0.0573  8.793e-13  1.000e-12  1.137e+02    34.6250    34.6282     0.0033    27.0948    27.0974     36.163     36.196      0.315    1479.58    1479.58  0.000e+00
       3619     37.000     7.2045     7.2043    -0.0002    3.51484    3.51509          1     6.1118     6.1914       7.08     0.0535  8.819e-13  1.000e-12  1.134e+02    34.6251    34.6280     0.0029    27.0949    27.0972     36.658     36.692      0.373    1479.59    1479.59  0.000e+00
       3650     37.500     7.2044     7.2038    -0.0006    3.51484    3.51510          1     6.1089     6.1910       6.56     0.0556  8.793e-13  1.000e-12  1.137e+02    34.6250    34.6283     0.0033    27.0948    27.0975     37.154     37.188      0.365    1479.59    1479.59  0.000e+00
       3692     38.000     7.2045     7.2038    -0.0007    3.51488    3.51511          1     6.1356     6.1963       6.02     0.0554  8.793e-13  1.000e-12  1.137e+02    34.6251    34.6282     0.0032    27.0949    27.0975     37.649     37.683      0.213    1479.60    1479.60  0.000e+00
       3755     38.500     7.2055     7.2046    -0.0010    3.51500    3.51518          1     6.1063     6.2022       5.55     0.0498  8.826e-13  1.000e-12  1.133e+02    34.6250    34.6280     0.0030    27.0947    27.0972     38.144     38.179      0.276    1479.61    1479.61  0.000e+00
       3795     39.000     7.2063     7.2050    -0.0013    3.51510    3.51527          1     6.0983     6.2052       5.04     0.0560  8.854e-13  1.000e-12  1.130e+02    34.6251    34.6283     0.0031    27.0947    27.0973     38.640     38.675      0.267    1479.63    1479.63  0.000e+00
       3844     39.500     7.2056     7.2050    -0.0006    3.51506    3.51530          1     6.0946     6.1918       4.52     0.0574  8.903e-13  1.000e-12  1.123e+02    34.6252    34.6284     0.0032    27.0948    27.0974     39.135     39.171      0.251    1479.63    1479.63  0.000e+00
       3895     40.000     7.2063     7.2049    -0.0014    3.51514    3.51532          1     6.1193     6.1876       4.04     0.0519  8.893e-13  1.000e-12  1.125e+02    34.6251    34.6284     0.0033    27.0946    27.0975     39.630     39.667      0.216    1479.64    1479.64  0.000e+00
       3953     40.500     7.2081     7.2057    -0.0025    3.51535    3.51541          1     6.1085     6.1982       3.63     0.0545  8.957e-13  1.000e-12  1.116e+02    34.6253    34.6284     0.0031    27.0945    27.0973     40.126     40.163      0.378    1479.66    1479.65  0.000e+00
       3976     41.000     7.2093     7.2081    -0.0013    3.51550    3.51564          1     6.0995     6.1954       3.16     0.0562  8.953e-13  1.000e-12  1.117e+02    34.6254    34.6282     0.0028    27.0945    27.0969     40.621     40.658      0.537    1479.67    1479.67  0.000e+00
       3998     41.500     7.2103     7.2095    -0.0008    3.51561    3.51582          1     6.1026     6.1965       2.66     0.0594  8.951e-13  1.000e-12  1.117e+02    34.6255    34.6286     0.0031    27.0944    27.0970     41.116     41.154      0.446    1479.68    1479.68  0.000e+00
       4080     42.000     7.2114     7.2096    -0.0019    3.51574    3.51587          1     6.1050     6.1960       2.09     0.0602  8.946e-13  1.000e-12  1.118e+02    34.6255    34.6288     0.0033    27.0943    27.0971     41.612     41.650      0.250    1479.69    1479.69  0.000e+00
       4140     42.500     7.2122     7.2112    -0.0011    3.51583    3.51603          1     6.0862     6.2007       1.57     0.0653  8.953e-13  1.000e-12  1.117e+02    34.6255    34.6287     0.0032    27.0941    27.0968     42.107     42.146      0.404    1479.71    1479.71  0.000e+00
       4197     43.000     7.2122     7.2111    -0.0011    3.51584    3.51605          1     6.1098     6.1912       1.97     0.0720  8.953e-13  1.000e-12  1.117e+02    34.6254    34.6287     0.0033    27.0940    27.0968     42.602     42.642      0.296    1479.71    1479.71  0.000e+00
       4857     43.500     7.2141     7.2128    -0.0013    3.51599    3.51622          1     6.1100     6.1962       1.77     0.1024  8.982e-13  1.000e-12  1.113e+02    34.6248    34.6287     0.0038    27.0933    27.0965     43.098     43.138     -0.021    1479.73    1479.73  0.000e+00
