ctdpy/exports/archive_20191120_135557/received_data/SBE09_0827_20181123_1234_26_01_1229.cnv
* Sea-Bird SBE 9 Data File:
* FileName = D:\CTD_SBE911\DAT\26DA.2018.12.29.hex
* Software Version Seasave V 7.21d
* Temperature SN = 4548
* Conductivity SN = 3062
* Number of Bytes Per Scan = 48
* Number of Voltage Words = 5
* Number of Scans Averaged by the Deck Unit = 1
* NMEA Latitude = 57 41.00 N
* NMEA Longitude = 019 09.00 E
* NMEA UTC (Time) = Nov 23 2018  12:34:38
* NMEA baud rate = 4800
** Ship: DANA
** Average sound velocity: 1447.62 m/s
** True-depth calculation Tue, 02 Apr 2019 12:13:34 +0000
** CTD Python Module SMHI /ver 3-12/ feb 2012 
** LIMS Job: 20182601-1229
** Operator: Ronny
** Cruise: 12/2018
# nquan = 26
# nvalues = 79                          
# units = specified
# name 0 = scan: Scan Count
# name 1 = prDM: Pressure, Digiquartz [db]
# name 2 = t090C: Temperature [ITS-90, deg C]
# name 3 = t190C: Temperature, 2 [ITS-90, deg C]
# name 4 = T2-T190C: Temperature Difference, 2 - 1 [ITS-90, deg C]
# name 5 = c0S/m: Conductivity [S/m]
# name 6 = c1S/m: Conductivity, 2 [S/m]
# name 7 = pumps: Pump Status
# name 8 = sbeox1ML/L: Oxygen, SBE 43, 2 [ml/l]
# name 9 = sbeox0ML/L: Oxygen, SBE 43 [ml/l]
# name 10 = altM: Altimeter [m]
# name 11 = chloroflTC0: Chlorophyll, Turner Cyclops [ug/l]
# name 12 = cpar: CPAR/Corrected Irradiance [%]
# name 13 = par: PAR/Irradiance, Biospherical/Lico [µE/(cm^2*s)]
# name 14 = spar: SPAR, Biospherical/Licor
# name 15 = sal00: Salinity, Practical [PSU]
# name 16 = sal11: Salinity, Practical, 2 [PSU]
# name 17 = secS-priS: Salinity, Practical, Difference, 2 - 1 [PSU]
# name 18 = sigma-t00: Density [sigma-t, kg/m^3 ]
# name 19 = sigma-t11: Density, 2 [sigma-t, kg/m^3 ]
# name 20 = depSM: Depth [salt water, m], lat = 57.6833
# name 21 = depFM: Depth [true depth, m], lat = 57.6833
# name 22 = dz/dtM: Descent Rate [m/s], WS = 2
# name 23 = svCM: Sound Velocity [Chen-Millero, m/s]
# name 24 = svCM1: Sound Velocity, 2 [Chen-Millero, m/s]
# name 25 = flag: flag
# span 0 =        643,       4216       
# span 1 =      1.000,     40.000       
# span 2 =     7.0624,     8.0457       
# span 3 =     7.0006,     7.9903       
# span 4 =    -0.0868,     0.1301       
# span 5 =   0.826802,   0.831391       
# span 6 =   0.826842,   0.830328       
# span 7 =          1,          1       
# span 8 =     6.7136,     7.5154       
# span 9 =     6.9116,     7.7558       
# span 10 =       1.50,       9.99      
# span 11 =     0.0181,     0.0222      
# span 12 = 1.4483e-12, 8.2894e+00      
# span 13 = 1.0000e-12, 5.5554e+00      
# span 14 = 6.7018e+01, 6.9051e+01      
# span 15 =     7.0287,     7.2058      
# span 16 =     7.0285,     7.2169      
# span 17 =    -0.0013,     0.0178      
# span 18 =     5.3768,     5.5865      
# span 19 =     5.3796,     5.5994      
# span 20 =      0.991,     39.627      
# span 21 =      1.013,     40.523      
# span 22 =      0.142,      0.311      
# span 23 =    1444.93,    1448.25      
# span 24 =    1444.69,    1448.03      
# span 25 = 0.0000e+00, 0.0000e+00      
# interval = decibars: 0.5              
# start_time = Nov 23 2018 12:34:38 [NMEA time, first data scan]
# bad_flag = -9.990e-29
*END*
[from data line 56]
       3223     29.000     7.8571     7.8576     0.0005    0.82739    0.82740          1     7.4916     7.7313       9.96     0.0209  1.448e-12  1.000e-12  6.905e+01     7.0308     7.0308     0.0000     5.3909     5.3909     28.730     29.379      0.271    1447.83    1447.83  0.000e+00
       3268     29.500     7.8571     7.8576     0.0005    0.82745    0.82747          1     7.4947     7.7175       9.96     0.0212  1.448e-12  1.000e-12  6.905e+01     7.0313     7.0314     0.0001     5.3913     5.3914     29.225     29.886      0.279    1447.84    1447.84  0.000e+00
       3312     30.000     7.8570     7.8575     0.0005    0.82760    0.82762          1     7.4865     7.7195       9.96     0.0210  1.448e-12  1.000e-12  6.905e+01     7.0326     7.0327     0.0001     5.3924     5.3924     29.721     30.392      0.252    1447.85    1447.85  0.000e+00
       3361     30.500     7.8569     7.8575     0.0006    0.82763    0.82761          1     7.4927     7.7104       9.96     0.0216  1.448e-12  1.000e-12  6.905e+01     7.0328     7.0326    -0.0003     5.3926     5.3923     30.216     30.899      0.258    1447.86    1447.86  0.000e+00
       3405     31.000     7.8571     7.8576     0.0005    0.82758    0.82759          1     7.4983     7.7242       9.96     0.0221  1.448e-12  1.000e-12  6.905e+01     7.0323     7.0323     0.0000     5.3921     5.3921     30.711     31.405      0.267    1447.87    1447.87  0.000e+00
       3450     31.500     7.8570     7.8575     0.0005    0.82766    0.82769          1     7.4798     7.7220       9.96     0.0218  1.448e-12  1.000e-12  6.905e+01     7.0330     7.0332     0.0002     5.3927     5.3928     31.207     31.912      0.283    1447.87    1447.88  0.000e+00
       3490     32.000     7.8570     7.8574     0.0004    0.82771    0.82768          1     7.4911     7.7241       9.87     0.0210  1.448e-12  1.000e-12  6.905e+01     7.0334     7.0330    -0.0003     5.3929     5.3927     31.702     32.418      0.294    1447.88    1447.88  0.000e+00
       3533     32.500     7.8569     7.8574     0.0005    0.82774    0.82775          1     7.4901     7.7259       9.39     0.0213  1.448e-12  1.000e-12  6.905e+01     7.0337     7.0336    -0.0000     5.3932     5.3931     32.197     32.925      0.271    1447.89    1447.89  0.000e+00
       3578     33.000     7.8569     7.8574     0.0005    0.82775    0.82776          1     7.4972     7.7208       8.85     0.0217  1.448e-12  1.000e-12  6.905e+01     7.0337     7.0336    -0.0001     5.3932     5.3931     32.692     33.432      0.266    1447.90    1447.90  0.000e+00
       3624     33.500     7.8570     7.8576     0.0006    0.82781    0.82782          1     7.5042     7.7145       8.33     0.0216  1.448e-12  1.000e-12  6.905e+01     7.0341     7.0341    -0.0000     5.3935     5.3935     33.188     33.938      0.256    1447.91    1447.91  0.000e+00
       3671     34.000     7.8574     7.8581     0.0007    0.82791    0.82793          1     7.4946     7.7163       7.79     0.0220  1.448e-12  1.000e-12  6.905e+01     7.0349     7.0350     0.0000     5.3942     5.3941     33.683     34.445      0.254    1447.92    1447.92  0.000e+00
       3717     34.500     7.8576     7.8585     0.0009    0.82802    0.82805          1     7.4808     7.7154       7.29     0.0219  1.448e-12  1.000e-12  6.905e+01     7.0358     7.0359     0.0001     5.3948     5.3948     34.178     34.951      0.273    1447.93    1447.93  0.000e+00
       3759     35.000     7.8582     7.8589     0.0007    0.82805    0.82805          1     7.4827     7.7133       6.75     0.0214  1.448e-12  1.000e-12  6.905e+01     7.0359     7.0358    -0.0001     5.3948     5.3947     34.674     35.458      0.294    1447.94    1447.94  0.000e+00
       3801     35.500     7.8583     7.8588     0.0005    0.82802    0.82801          1     7.4674     7.7147       6.23     0.0211  1.448e-12  1.000e-12  6.905e+01     7.0356     7.0354    -0.0002     5.3946     5.3944     35.169     35.964      0.271    1447.95    1447.95  0.000e+00
       3844     36.000     7.8583     7.8590     0.0008    0.82802    0.82804          1     7.4715     7.7234       5.73     0.0217  1.448e-12  1.000e-12  6.905e+01     7.0355     7.0355     0.0000     5.3946     5.3945     35.664     36.471      0.296    1447.95    1447.96  0.000e+00
       3888     36.500     7.8589     7.8594     0.0005    0.82812    0.82816          1     7.4950     7.7184       5.19     0.0208  1.448e-12  1.000e-12  6.905e+01     7.0362     7.0365     0.0003     5.3950     5.3952     36.160     36.977      0.247    1447.97    1447.97  0.000e+00
       3937     37.000     7.8544     7.8565     0.0021    0.82824    0.82821          1     7.4907     7.7102       4.67     0.0211  1.448e-12  1.000e-12  6.905e+01     7.0381     7.0374    -0.0007     5.3969     5.3962     36.655     37.484      0.270    1447.96    1447.97  0.000e+00
       3980     37.500     7.8359     7.8312    -0.0047    0.82864    0.82871          1     7.4551     7.6544       4.14     0.0211  1.448e-12  1.000e-12  6.905e+01     7.0455     7.0471     0.0016     5.4041     5.4057     37.150     37.990      0.260    1447.90    1447.88  0.000e+00
       4027     38.000     7.7831     7.7772    -0.0059    0.82961    0.82974          1     7.3860     7.5709       3.61     0.0208  1.448e-12  1.000e-12  6.905e+01     7.0650     7.0673     0.0024     5.4235     5.4258     37.645     38.497      0.267    1447.71    1447.69  0.000e+00
       4069     38.500     7.7291     7.7015    -0.0276    0.83022    0.83028          1     7.2860     7.4320       3.11     0.0197  1.448e-12  1.000e-12  6.905e+01     7.0815     7.0876     0.0061     5.4406     5.4475     38.141     39.003      0.292    1447.52    1447.41  0.000e+00
       4111     39.000     7.4997     7.4129    -0.0868    0.83034    0.83033          1     7.0486     7.1650       2.59     0.0193  1.448e-12  1.000e-12  6.905e+01     7.1292     7.1470     0.0178     5.4953     5.5155     38.636     39.510      0.275    1446.64    1446.30  0.000e+00
       4157     39.500     7.1836     7.1215    -0.0622    0.82953    0.82942          1     6.8270     6.9578       2.06     0.0188  1.448e-12  1.000e-12  6.905e+01     7.1869     7.1988     0.0119     5.5632     5.5769     39.131     40.016      0.257    1445.41    1445.16  0.000e+00
       4216     40.000     7.0624     7.0006    -0.0618    0.82886    0.82867          1     6.7136     6.9116       1.50     0.0181  1.448e-12  1.000e-12  6.905e+01     7.2058     7.2169     0.0112     5.5865     5.5994     39.627     40.523      0.142    1444.93    1444.69  0.000e+00
