ctdpy/exports/archive_20191120_135557/received_data/SBE09_0827_20180121_0910_26_01_0143.cnv
* Sea-Bird SBE 9 Data File:
* FileName = D:\CTD_SBE911\DAT\26DA.2018.1.43.hex
* Software Version Seasave V 7.21d
* Temperature SN = 034757
* Conductivity SN = 041844
* Number of Bytes Per Scan = 48
* Number of Voltage Words = 5
* Number of Scans Averaged by the Deck Unit = 1
* NMEA Latitude = 58 03.12 N
* NMEA Longitude = 009 54.38 E
* NMEA UTC (Time) = Jan 21 2018  09:10:34
* NMEA baud rate = 4800
** Ship: DANA
** Average sound velocity: 1479.57 m/s
** True-depth calculation Thu, 28 Mar 2019 08:24:58 +0000
** CTD Python Module SMHI /ver 3-12/ feb 2012 
** LIMS Job: 20182601-0143
** Operator:
** Cruise: 01/2018
# nquan = 26
# nvalues = 316                         
# units = specified
# name 0 = scan: Scan Count
# name 1 = prDM: Pressure, Digiquartz [db]
# name 2 = t090C: Temperature [ITS-90, deg C]
# name 3 = t190C: Temperature, 2 [ITS-90, deg C]
# name 4 = T2-T190C: Temperature Difference, 2 - 1 [ITS-90, deg C]
# name 5 = c0S/m: Conductivity [S/m]
# name 6 = c1S/m: Conductivity, 2 [S/m]
# name 7 = pumps: Pump Status
# name 8 = sbeox1ML/L: Oxygen, SBE 43, 2 [ml/l]
# name 9 = sbeox0ML/L: Oxygen, SBE 43 [ml/l]
# name 10 = altM: Altimeter [m]
# name 11 = chloroflTC0: Chlorophyll, Turner Cyclops [ug/l]
# name 12 = cpar: CPAR/Corrected Irradiance [%]
# name 13 = par: PAR/Irradiance, Biospherical/Lico [µE/(cm^2*s)]
# name 14 = spar: SPAR, Biospherical/Licor
# name 15 = sal00: Salinity, Practical [PSU]
# name 16 = sal11: Salinity, Practical, 2 [PSU]
# name 17 = secS-priS: Salinity, Practical, Difference, 2 - 1 [PSU]
# name 18 = sigma-t00: Density [sigma-t, kg/m^3 ]
# name 19 = sigma-t11: Density, 2 [sigma-t, kg/m^3 ]
# name 20 = depSM: Depth [salt water, m], lat = 58.052
# name 21 = depFM: Depth [true depth, m], lat = 58.052
# name 22 = dz/dtM: Descent Rate [m/s], WS = 2
# name 23 = svCM: Sound Velocity [Chen-Millero, m/s]
# name 24 = svCM1: Sound Velocity, 2 [Chen-Millero, m/s]
# name 25 = flag: flag
# span 0 =         97,      15523       
# span 1 =      2.000,    159.500       
# span 2 =     6.2650,     7.3731       
# span 3 =     6.2652,     7.3630       
# span 4 =    -0.1908,     0.0277       
# span 5 =   3.383041,   3.539005       
# span 6 =   3.383265,   3.538119       
# span 7 =          1,          1       
# span 8 =     5.9891,     6.2072       
# span 9 =     6.0613,     6.3380       
# span 10 =      -0.38,       9.97      
# span 11 =     0.0167,     0.0721      
# span 12 = -1.583e-04, 6.8889e+00      
# span 13 = -2.057e-04, 8.5340e+00      
# span 14 = 1.2388e+02, 1.7468e+02      
# span 15 =    34.1226,    34.6786      
# span 16 =    34.1256,    34.6809      
# span 17 =    -0.1571,     0.0113      
# span 18 =    26.8244,    27.1206      
# span 19 =    26.8263,    27.1230      
# span 20 =      1.981,    157.960      
# span 21 =      1.984,    158.176      
# span 22 =     -0.238,      0.518      
# span 23 =    1474.74,    1481.96      
# span 24 =    1474.74,    1481.96      
# span 25 = 0.0000e+00, 0.0000e+00      
# interval = decibars: 0.5              
# start_time = Jan 21 2018 09:10:34 [NMEA time, first data scan]
# bad_flag = -9.990e-29
*END*
[from data line 223]
      11489    113.500     7.1400     7.1388    -0.0013    3.51262    3.51276          1     6.0964     6.1571       9.95     0.0437  5.794e-13  1.000e-12  1.726e+02    34.6275    34.6303     0.0028    27.1058    27.1082    112.417    112.560      0.262    1480.60    1480.59  0.000e+00
      11525    114.000     7.1402     7.1391    -0.0012    3.51267    3.51281          1     6.0944     6.1564       9.95     0.0425  5.793e-13  1.000e-12  1.726e+02    34.6276    34.6303     0.0027    27.1059    27.1082    112.912    113.056      0.400    1480.60    1480.60  0.000e+00
      11558    114.500     7.1404     7.1394    -0.0010    3.51271    3.51288          1     6.0965     6.1474       9.95     0.0426  5.795e-13  1.000e-12  1.726e+02    34.6277    34.6304     0.0028    27.1059    27.1082    113.407    113.552      0.305    1480.61    1480.61  0.000e+00
      11620    115.000     7.1409     7.1398    -0.0012    3.51280    3.51293          1     6.0973     6.1620       9.95     0.0425  5.793e-13  1.000e-12  1.726e+02    34.6277    34.6304     0.0027    27.1059    27.1081    113.902    114.048      0.243    1480.62    1480.62  0.000e+00
      11665    115.500     7.1414     7.1400    -0.0013    3.51287    3.51299          1     6.0939     6.1636       9.95     0.0433  5.793e-13  1.000e-12  1.726e+02    34.6278    34.6305     0.0027    27.1059    27.1082    114.397    114.543      0.310    1480.63    1480.63  0.000e+00
      11726    116.000     7.1416     7.1405    -0.0011    3.51291    3.51306          1     6.0967     6.1610       9.95     0.0432  5.793e-13  1.000e-12  1.726e+02    34.6279    34.6306     0.0027    27.1059    27.1082    114.892    115.039      0.217    1480.64    1480.64  0.000e+00
      11779    116.500     7.1417     7.1408    -0.0009    3.51298    3.51312          1     6.1000     6.1601       9.95     0.0451  5.793e-13  1.000e-12  1.726e+02    34.6282    34.6307     0.0025    27.1062    27.1083    115.387    115.535      0.324    1480.65    1480.65  0.000e+00
      11817    117.000     7.1434     7.1406    -0.0028    3.51319    3.51314          1     6.1034     6.1640       9.95     0.0450  5.793e-13  1.000e-12  1.726e+02    34.6285    34.6308     0.0023    27.1062    27.1084    115.882    116.031      0.289    1480.67    1480.66  0.000e+00
      11863    117.500     7.1435     7.1407    -0.0027    3.51320    3.51317          1     6.0836     6.1634       9.95     0.0444  5.793e-13  1.000e-12  1.726e+02    34.6284    34.6308     0.0023    27.1061    27.1083    116.378    116.527      0.240    1480.67    1480.67  0.000e+00
      11919    118.000     7.1426     7.1409    -0.0018    3.51314    3.51321          1     6.0998     6.1586       9.95     0.0436  5.793e-13  1.000e-12  1.726e+02    34.6283    34.6309     0.0026    27.1061    27.1084    116.873    117.023      0.214    1480.68    1480.68  0.000e+00
      11966    118.500     7.1459     7.1413    -0.0046    3.51352    3.51327          1     6.0883     6.1492       9.95     0.0425  5.793e-13  1.000e-12  1.726e+02    34.6290    34.6308     0.0019    27.1062    27.1083    117.368    117.518      0.301    1480.70    1480.69  0.000e+00
      12017    119.000     7.1479     7.1434    -0.0046    3.51377    3.51349          1     6.0986     6.1623       9.95     0.0425  5.792e-13  1.000e-12  1.727e+02    34.6294    34.6309     0.0015    27.1062    27.1080    117.863    118.014      0.214    1480.72    1480.70  0.000e+00
      12072    119.500     7.1494     7.1474    -0.0020    3.51390    3.51396          1     6.0884     6.1604       9.95     0.0454  5.793e-13  1.000e-12  1.726e+02    34.6292    34.6317     0.0026    27.1058    27.1081    118.358    118.510      0.328    1480.73    1480.73  0.000e+00
      12108    120.000     7.1483     7.1477    -0.0006    3.51386    3.51404          1     6.0840     6.1614       9.95     0.0423  5.792e-13  1.000e-12  1.727e+02    34.6295    34.6320     0.0025    27.1063    27.1083    118.853    119.006      0.258    1480.74    1480.74  0.000e+00
      12175    120.500     7.1432     7.1490     0.0057    3.51328    3.51420          1     6.0959     6.1740       9.95     0.0445  5.769e-13  1.000e-12  1.733e+02    34.6280    34.6324     0.0044    27.1058    27.1084    119.348    119.502      0.254    1480.72    1480.75  0.000e+00
      12213    121.000     7.1384     7.1477     0.0093    3.51281    3.51411          1     6.0913     6.1626       9.95     0.0444  5.792e-13  1.000e-12  1.726e+02    34.6275    34.6324     0.0049    27.1061    27.1086    119.843    119.997      0.302    1480.71    1480.75  0.000e+00
      12265    121.500     7.1412     7.1450     0.0038    3.51314    3.51384          1     6.0847     6.1629       9.95     0.0427  5.757e-13  1.000e-12  1.737e+02    34.6281    34.6319     0.0038    27.1061    27.1086    120.338    120.493      0.209    1480.73    1480.75  0.000e+00
      12315    122.000     7.1401     7.1461     0.0061    3.51306    3.51396          1     6.1042     6.1551       9.95     0.0446  5.747e-13  1.000e-12  1.740e+02    34.6281    34.6318     0.0037    27.1063    27.1084    120.833    120.989      0.299    1480.74    1480.76  0.000e+00
      12356    122.500     7.1551     7.1467    -0.0085    3.51475    3.51405          1     6.1059     6.1551       9.95     0.0434  5.790e-13  1.000e-12  1.727e+02    34.6311    34.6320     0.0009    27.1066    27.1085    121.328    121.485      0.246    1480.80    1480.77  0.000e+00
      12420    123.000     7.1556     7.1543    -0.0013    3.51479    3.51483          1     6.1037     6.1619       9.95     0.0436  5.784e-13  1.000e-12  1.729e+02    34.6310    34.6326     0.0017    27.1064    27.1079    121.823    121.981      0.214    1480.82    1480.81  0.000e+00
      12468    123.500     7.1545     7.1564     0.0019    3.51466    3.51512          1     6.0946     6.1697       9.95     0.0518  5.781e-13  1.000e-12  1.730e+02    34.6304    34.6335     0.0031    27.1061    27.1083    122.318    122.477      0.293    1480.82    1480.83  0.000e+00
      12512    124.000     7.1489     7.1584     0.0094    3.51410    3.51533          1     6.0914     6.1682       9.95     0.0455  5.730e-13  1.000e-12  1.745e+02    34.6295    34.6336     0.0041    27.1062    27.1081    122.813    122.972      0.239    1480.80    1480.85  0.000e+00
      12564    124.500     7.1494     7.1573     0.0079    3.51415    3.51532          1     6.0798     6.1539       9.95     0.0442  5.788e-13  1.000e-12  1.728e+02    34.6293    34.6342     0.0049    27.1060    27.1087    123.309    123.468      0.256    1480.81    1480.85  0.000e+00
      12609    125.000     7.1729     7.1557    -0.0174    3.51700    3.51516          1     6.0781     6.1517       9.95     0.0439  5.757e-13  1.000e-12  1.737e+02    34.6368    34.6339    -0.0029    27.1085    27.1086    123.804    123.964      0.243    1480.92    1480.85  0.000e+00
      12661    125.500     7.3019     7.1559    -0.1458    3.53090    3.51515          1     6.0759     6.1197       9.95     0.0423  5.726e-13  1.000e-12  1.746e+02    34.6592    34.6333    -0.0259    27.1080    27.1082    124.299    124.460      0.255    1481.46    1480.86  0.000e+00
      12712    126.000     7.3032     7.2038    -0.0997    3.53121    3.51908          1     6.0775     6.1082       9.95     0.0407  5.776e-13  1.000e-12  1.731e+02    34.6610    34.6281    -0.0329    27.1092    27.0973    124.794    124.956      0.211    1481.47    1481.05  0.000e+00
      12768    126.500     7.3367     7.2690    -0.0677    3.53505    3.52735          1     6.0639     6.0847       9.95     0.0381  5.763e-13  1.000e-12  1.735e+02    34.6692    34.6529    -0.0163    27.1109    27.1077    125.289    125.452      0.284    1481.62    1481.34  0.000e+00
      12811    127.000     7.3577     7.2814    -0.0762    3.53728    3.52862          1     6.0383     6.0798       9.95     0.0391  5.756e-13  1.000e-12  1.738e+02    34.6723    34.6542    -0.0180    27.1103    27.1070    125.784    125.947      0.234    1481.71    1481.39  0.000e+00
      12867    127.500     7.3696     7.3111    -0.0585    3.53857    3.53200          1     6.0221     6.0754       9.95     0.0376  5.761e-13  1.000e-12  1.736e+02    34.6741    34.6610    -0.0131    27.1100    27.1081    126.279    126.443      0.255    1481.77    1481.53  0.000e+00
      12906    128.000     7.3731     7.3340    -0.0392    3.53900    3.53439          1     6.0143     6.0868       9.95     0.0366  5.747e-13  1.000e-12  1.740e+02    34.6752    34.6640    -0.0112    27.1104    27.1072    126.774    126.939      0.302    1481.79    1481.63  0.000e+00
      12957    128.500     7.3719     7.3504    -0.0215    3.53887    3.53621          1     6.0296     6.0831       9.95     0.0354  5.732e-13  1.000e-12  1.745e+02    34.6746    34.6672    -0.0074    27.1101    27.1074    127.269    127.435      0.208    1481.79    1481.70  0.000e+00
      13010    129.000     7.3636     7.3605    -0.0031    3.53799    3.53770          1     6.0235     6.0911       9.95     0.0363  5.772e-13  1.000e-12  1.733e+02    34.6731    34.6731    -0.0001    27.1101    27.1105    127.764    127.931      0.245    1481.77    1481.76  0.000e+00
      13075    129.500     7.3653     7.3630    -0.0023    3.53817    3.53802          1     6.0211     6.0852       9.95     0.0378  5.742e-13  1.000e-12  1.742e+02    34.6731    34.6738     0.0007    27.1099    27.1108    128.259    128.427      0.279    1481.78    1481.78  0.000e+00
      13111    130.000     7.3579     7.3621     0.0042    3.53741    3.53803          1     6.0236     6.0870       9.95     0.0362  5.726e-13  1.000e-12  1.746e+02    34.6720    34.6745     0.0025    27.1101    27.1114    128.754    128.922      0.417    1481.76    1481.78  0.000e+00
      13147    130.500     7.3586     7.3590     0.0005    3.53752    3.53782          1     6.0271     6.0853       9.95     0.0372  5.736e-13  1.000e-12  1.743e+02    34.6722    34.6750     0.0028    27.1101    27.1123    129.249    129.418      0.260    1481.77    1481.78  0.000e+00
      13211    131.000     7.3605     7.3603    -0.0002    3.53778    3.53789          1     6.0340     6.0857       9.95     0.0360  5.782e-13  1.000e-12  1.730e+02    34.6729    34.6743     0.0014    27.1104    27.1116    129.744    129.914      0.246    1481.79    1481.79  0.000e+00
      13266    131.500     7.3526     7.3586     0.0060    3.53706    3.53783          1     6.0278     6.0912       9.95     0.0372  5.726e-13  1.000e-12  1.746e+02    34.6727    34.6751     0.0024    27.1114    27.1124    130.239    130.410      0.213    1481.76    1481.79  0.000e+00
      13312    132.000     7.3491     7.3561     0.0070    3.53662    3.53765          1     6.0403     6.0939       9.95     0.0381  5.726e-13  1.000e-12  1.747e+02    34.6712    34.6754     0.0042    27.1107    27.1130    130.734    130.906      0.343    1481.76    1481.79  0.000e+00
      13348    132.500     7.3466     7.3541     0.0075    3.53640    3.53749          1     6.0264     6.0861       9.95     0.0392  5.744e-13  1.000e-12  1.741e+02    34.6710    34.6754     0.0044    27.1109    27.1133    131.229    131.402      0.263    1481.76    1481.79  0.000e+00
      13423    133.000     7.3484     7.3481    -0.0003    3.53663    3.53686          1     6.0236     6.0817       9.95     0.0372  5.726e-13  1.000e-12  1.746e+02    34.6715    34.6743     0.0028    27.1110    27.1133    131.724    131.897      0.296    1481.77    1481.77  0.000e+00
      13455    133.500     7.3474     7.3472    -0.0002    3.53653    3.53677          1     6.0288     6.0839       9.95     0.0368  5.726e-13  1.000e-12  1.747e+02    34.6712    34.6740     0.0028    27.1109    27.1131    132.220    132.393      0.416    1481.78    1481.78  0.000e+00
      13489    134.000     7.3483     7.3470    -0.0013    3.53666    3.53675          1     6.0237     6.0846       9.95     0.0368  5.727e-13  1.000e-12  1.746e+02    34.6714    34.6737     0.0023    27.1110    27.1130    132.715    132.889      0.249    1481.79    1481.79  0.000e+00
      13563    134.500     7.3440     7.3465     0.0026    3.53620    3.53674          1     6.0331     6.0956       9.95     0.0377  5.739e-13  1.000e-12  1.743e+02    34.6704    34.6739     0.0034    27.1108    27.1132    133.210    133.385      0.234    1481.78    1481.79  0.000e+00
      13609    135.000     7.3423     7.3459     0.0036    3.53607    3.53671          1     6.0288     6.0880       9.95     0.0383  5.726e-13  1.000e-12  1.746e+02    34.6706    34.6739     0.0033    27.1111    27.1133    133.705    133.881      0.250    1481.78    1481.80  0.000e+00
      13655    135.500     7.3431     7.3446     0.0015    3.53616    3.53662          1     6.0181     6.0844       9.95     0.0391  5.726e-13  1.000e-12  1.747e+02    34.6705    34.6739     0.0035    27.1110    27.1135    134.200    134.376      0.308    1481.79    1481.80  0.000e+00
      13691    136.000     7.3371     7.3432     0.0061    3.53552    3.53649          1     6.0307     6.0882       9.95     0.0384  5.726e-13  1.000e-12  1.747e+02    34.6693    34.6737     0.0044    27.1109    27.1135    134.695    134.872      0.297    1481.78    1481.80  0.000e+00
      13743    136.500     7.3300     7.3408     0.0107    3.53485    3.53629          1     6.0166     6.0987       9.95     0.0383  5.733e-13  1.000e-12  1.744e+02    34.6687    34.6737     0.0050    27.1114    27.1138    135.190    135.368      0.232    1481.76    1481.80  0.000e+00
      13791    137.000     7.3281     7.3384     0.0104    3.53458    3.53613          1     6.0078     6.0934       9.95     0.0388  5.727e-13  1.000e-12  1.746e+02    34.6676    34.6741     0.0065    27.1108    27.1145    135.685    135.864      0.230    1481.75    1481.80  0.000e+00
      13852    137.500     7.3429     7.3341    -0.0088    3.53646    3.53566          1     6.0212     6.0952       9.95     0.0394  5.730e-13  1.000e-12  1.745e+02    34.6729    34.6731     0.0001    27.1129    27.1143    136.180    136.360      0.260    1481.83    1481.79  0.000e+00
      13890    138.000     7.3509     7.3374    -0.0135    3.53745    3.53593          1     6.0271     6.0836       9.95     0.0378  5.728e-13  1.000e-12  1.746e+02    34.6755    34.6724    -0.0031    27.1138    27.1133    136.675    136.856      0.327    1481.87    1481.81  0.000e+00
      13932    138.500     7.3600     7.3398    -0.0202    3.53854    3.53628          1     6.0244     6.0702       9.95     0.0386  5.726e-13  1.000e-12  1.747e+02    34.6780    34.6735    -0.0045    27.1145    27.1138    137.170    137.351      0.248    1481.92    1481.83  0.000e+00
      13984    139.000     7.3635     7.3460    -0.0176    3.53895    3.53693          1     6.0352     6.0725       9.95     0.0390  5.735e-13  1.000e-12  1.744e+02    34.6786    34.6742    -0.0044    27.1145    27.1135    137.665    137.847      0.275    1481.94    1481.86  0.000e+00
      14019    139.500     7.3622     7.3521    -0.0100    3.53881    3.53769          1     6.0086     6.0792       9.95     0.0391  5.742e-13  1.000e-12  1.742e+02    34.6783    34.6762    -0.0021    27.1144    27.1142    138.160    138.343      0.347    1481.94    1481.90  0.000e+00
      14075    140.000     7.3440     7.3517     0.0077    3.53685    3.53812          1     5.9968     6.0795       9.95     0.0399  5.725e-13  1.000e-12  1.747e+02    34.6748    34.6809     0.0062    27.1142    27.1180    138.655    138.839      0.229    1481.88    1481.91  0.000e+00
      14133    140.500     7.3144     7.3412     0.0267    3.53379    3.53705          1     6.0000     6.0820       9.95     0.0419  5.726e-13  1.000e-12  1.747e+02    34.6709    34.6796     0.0087    27.1154    27.1184    139.150    139.335      0.365    1481.76    1481.88  0.000e+00
