ctdpy/exports/archive_20191120_135557/received_data/SBE09_1044_20181110_1736_34_01_0126.cnv
* Sea-Bird SBE 9 Data File:
* FileName = C:\ctd\temp\ar18d126.hex
* Software Version Seasave V 7.26.7.107
* Temperature SN = 5351
* Conductivity SN = 3941
* Number of Bytes Per Scan = 41
* Number of Voltage Words = 4
* Number of Scans Averaged by the Deck Unit = 1
* NMEA Latitude = 55 15.00 N
* NMEA Longitude = 015 59.03 E
* NMEA UTC (Time) = Nov 10 2018  17:36:24
* NMEA baud rate = 4800
** Station:  BY5
** Operator:  JKro
** Ship: ARANDA
** Average sound velocity: 1462.35 m/s
** True-depth calculation Sat, 10 Nov 2018 20:23:05 +0000
** CTD Python Module SMHI /ver 3-12/ feb 2012 
** LIMS Job: 20183401-0126
** Cruise: SMHI-6-2018
** Latitude [GG MM.mm N]:
** Longitude [GG MM.mm E]
# nquan = 26
# nvalues = 169                         
# units = specified
# name 0 = scan: Scan Count
# name 1 = prDM: Pressure, Digiquartz [db]
# name 2 = t090C: Temperature [ITS-90, deg C]
# name 3 = t190C: Temperature, 2 [ITS-90, deg C]
# name 4 = T2-T190C: Temperature Difference, 2 - 1 [ITS-90, deg C]
# name 5 = c0S/m: Conductivity [S/m]
# name 6 = c1S/m: Conductivity, 2 [S/m]
# name 7 = pumps: Pump Status
# name 8 = sbeox0ML/L: Oxygen, SBE 43 [ml/l]
# name 9 = sbeox1ML/L: Oxygen, SBE 43, 2 [ml/l]
# name 10 = altM: Altimeter [m]
# name 11 = flECO-AFL: Chl-a Fluorescence, WET Labs ECO-AFL/FL [mg/m^3]
# name 12 = flECO-AFL1: Phycocyanin Fluorescence, WET Labs ECO-AFL/FL, 2 [mg/m^3]
# name 13 = par: PAR/Irradiance, Biospherical/Lico [µE/(cm^2*s)]
# name 14 = turbWETntu0: Turbidity, WET Labs ECO [NTU]
# name 15 = sal00: Salinity, Practical [PSU]
# name 16 = sal11: Salinity, Practical, 2 [PSU]
# name 17 = secS-priS: Salinity, Practical, Difference, 2 - 1 [PSU]
# name 18 = sigma-t00: Density [sigma-t, Kg/m^3 ]
# name 19 = sigma-t11: Density, 2 [sigma-t, Kg/m^3 ]
# name 20 = depSM: Depth [salt water, m], lat = 55.25
# name 21 = depFM: Depth [true depth, m], lat = 55.25
# name 22 = dz/dtM: Descent Rate [m/s], WS = 2
# name 23 = svCM: Sound Velocity [Chen-Millero, m/s]
# name 24 = svCM1: Sound Velocity, 2 [Chen-Millero, m/s]
# name 25 = flag: flag
# span 0 =      59932,      64352       
# span 1 =      1.500,     85.500       
# span 2 =     6.8351,    11.6811       
# span 3 =     6.8295,    11.6788       
# span 4 =    -0.0524,     0.0339       
# span 5 =   0.923494,   2.080995       
# span 6 =   0.923116,   2.080754       
# span 7 =          1,          1       
# span 8 =    0.45337,    7.43557       
# span 9 =    0.51803,    7.09005       
# span 10 =       2.03,      97.66      
# span 11 =     0.2383,     3.5181      
# span 12 =     0.1327,     0.7188      
# span 13 = -1.559e-03, 3.3868e-02      
# span 14 =     0.1918,     0.4183      
# span 15 =     7.6635,    17.5011      
# span 16 =     7.6630,    17.5549      
# span 17 =    -0.0075,     0.0539      
# span 18 =     5.6921,    13.2682      
# span 19 =     5.6916,    13.2843      
# span 20 =      1.486,     84.710      
# span 21 =      1.519,     86.330      
# span 22 =      0.042,      0.580      
# span 23 =    1446.13,    1474.47      
# span 24 =    1446.11,    1474.46      
# span 25 = 0.0000e+00, 0.0000e+00      
# interval = decibars: 0.5              
# start_time = Nov 10 2018 17:36:24 [NMEA time, first data scan]
# bad_flag = -9.990e-29
*END*
[from data line 112]
      62631     57.500    10.8300    10.8452     0.0154    1.73935    1.73951          1     0.7809     0.9327      30.87     0.2695     0.2174  1.000e-12  0.2451000    14.4431    14.4386    -0.0045    10.8445    10.8390     56.972     58.159      0.560    1468.99    1469.04  0.000e+00
      62652     58.000    10.1871    10.2212     0.0339    1.70698    1.70799          1     0.6110     0.7782      30.35     0.2805     0.2149  1.000e-12  0.2528000    14.4017    14.3975    -0.0043    10.8964    10.8888     57.468     58.662      0.564    1466.53    1466.65  0.000e+00
      62674     58.500    10.0769    10.0789     0.0020    1.70511    1.70510          1     0.4710     0.6438      29.86     0.2805     0.1910  1.000e-12  0.2821000    14.4281    14.4272    -0.0009    10.9309    10.9300     57.963     59.166      0.532    1466.15    1466.16  0.000e+00
      62697     59.000    10.2673    10.2594    -0.0078    1.72660    1.72622          1     0.4859     0.6155      29.32     0.3073     0.2473  1.000e-12  0.3153000    14.5494    14.5491    -0.0003    11.0009    11.0017     58.459     59.670      0.516    1467.03    1467.00  0.000e+00
      62720     59.500    10.3346    10.3393     0.0047    1.74302    1.74290          1     0.4781     0.5811      28.82     0.2849     0.2068  1.000e-12  0.2666000    14.6730    14.6701    -0.0030    11.0882    11.0853     58.954     60.174      0.541    1467.44    1467.45  0.000e+00
      62741     60.000    10.2439    10.2459     0.0020    1.74911    1.74893          1     0.4696     0.5649      28.38     0.2982     0.1698  1.000e-12  0.2861000    14.7654    14.7629    -0.0024    11.1716    11.1694     59.449     60.677      0.568    1467.22    1467.22  0.000e+00
      62762     60.500    10.2788    10.2779    -0.0010    1.76220    1.76202          1     0.5640     0.6375      27.91     0.2899     0.1899  1.000e-12  0.3420000    14.8713    14.8700    -0.0013    11.2493    11.2484     59.945     61.181      0.562    1467.48    1467.48  0.000e+00
      62784     61.000    10.2888    10.2926     0.0037    1.77080    1.77075          1     0.6983     0.7306      27.40     0.2734     0.1950  1.000e-12  0.3698000    14.9461    14.9441    -0.0020    11.3060    11.3040     60.440     61.685      0.525    1467.62    1467.63  0.000e+00
      62808     61.500    10.1650    10.1687     0.0037    1.76853    1.76862          1     0.6439     0.6804      26.90     0.2691     0.1777  1.000e-12  0.3584000    14.9760    14.9753    -0.0007    11.3451    11.3441     60.935     62.188      0.502    1467.20    1467.21  0.000e+00
      62831     62.000    10.1049    10.1059     0.0010    1.77503    1.77501          1     0.5139     0.5805      26.38     0.2719     0.1691  1.000e-12  0.3291000    15.0606    15.0600    -0.0006    11.4185    11.4179     61.431     62.692      0.543    1467.08    1467.08  0.000e+00
      62852     62.500    10.2810    10.2758    -0.0054    1.79448    1.79394          1     0.5177     0.5786      25.80     0.2670     0.1348  1.000e-12  0.3172000    15.1666    15.1638    -0.0028    11.4780    11.4766     61.926     63.195      0.579    1467.88    1467.86  0.000e+00
      62873     63.000    10.5986    10.5853    -0.0132    1.82753    1.82665          1     0.6240     0.6493      25.33     0.2757     0.2505  1.000e-12  0.3217000    15.3371    15.3346    -0.0025    11.5685    11.5683     62.421     63.699      0.553    1469.29    1469.24  0.000e+00
      62896     63.500    10.8276    10.8246    -0.0031    1.85292    1.85306          1     0.8507     0.8272      24.78     0.2771     0.2221  1.000e-12  0.2915000    15.4724    15.4750     0.0026    11.6424    11.6448     62.917     64.202      0.511    1470.32    1470.31  0.000e+00
      62920     64.000    11.1307    11.1163    -0.0145    1.89308    1.89228          1     1.1838     1.0897      24.27     0.2769     0.1793  1.000e-12  0.2899000    15.7083    15.7073    -0.0010    11.7830    11.7842     63.412     64.705      0.529    1471.73    1471.68  0.000e+00
      62942     64.500    11.3526    11.3490    -0.0035    1.92007    1.91988          1     1.3107     1.1977      23.75     0.2764     0.1825  1.000e-12  0.2679000    15.8573    15.8572    -0.0001    11.8667    11.8672     63.907     65.209      0.562    1472.74    1472.72  0.000e+00
      62963     65.000    11.4919    11.4885    -0.0034    1.93790    1.93768          1     1.2800     1.1931      23.24     0.2589     0.2067  1.000e-12  0.2459000    15.9579    15.9574    -0.0005    11.9244    11.9245     64.403     65.712      0.555    1473.38    1473.36  0.000e+00
      62985     65.500    11.6328    11.6281    -0.0048    1.96003    1.95968          1     1.2433     1.1825      22.73     0.2513     0.2058  1.000e-12  0.2297000    16.0955    16.0944    -0.0011    12.0102    12.0100     64.898     66.215      0.528    1474.06    1474.04  0.000e+00
      63008     66.000    11.5783    11.5783     0.0001    1.96248    1.96243          1     1.2295     1.1914      22.19     0.2502     0.1931  1.000e-12  0.2388000    16.1410    16.1406    -0.0004    12.0533    12.0530     65.393     66.718      0.528    1473.93    1473.93  0.000e+00
      63030     66.500    11.6811    11.6788    -0.0024    1.98234    1.98205          1     1.2404     1.2064      21.75     0.2547     0.2056  1.000e-12  0.2735000    16.2742    16.2726    -0.0016    12.1411    12.1403     65.888     67.222      0.548    1474.47    1474.46  0.000e+00
      63052     67.000    11.6268    11.6298     0.0031    1.98386    1.98394          1     1.1839     1.1653      21.19     0.2730     0.2176  1.000e-12  0.2802000    16.3114    16.3108    -0.0006    12.1779    12.1770     66.384     67.725      0.548    1474.32    1474.33  0.000e+00
      63074     67.500    11.3999    11.4103     0.0104    1.97198    1.97228          1     1.0629     1.0763      20.73     0.2725     0.2361  1.000e-12  0.3431000    16.3040    16.3020    -0.0019    12.2055    12.2025     66.879     68.228      0.538    1473.49    1473.53  0.000e+00
      63097     68.000    11.3594    11.3599     0.0004    1.97115    1.97116          1     1.0539     1.0770      20.22     0.2735     0.2463  1.000e-12  0.4092000    16.3141    16.3140    -0.0002    12.2192    12.2190     67.374     68.731      0.494    1473.37    1473.37  0.000e+00
      63124     68.500    11.4728    11.4742     0.0014    1.98769    1.98801          1     1.2801     1.2394      19.65     0.2624     0.2307  1.000e-12  0.4183000    16.4131    16.4154     0.0022    12.2792    12.2808     67.870     69.234      0.401    1473.91    1473.91  0.000e+00
      63156     69.000    11.5210    11.5177    -0.0034    1.99770    1.99752          1     1.3234     1.2713      19.08     0.2579     0.2413  1.000e-12  0.3440000    16.4819    16.4818    -0.0001    12.3253    12.3258     68.365     69.737      0.386    1474.17    1474.16  0.000e+00
      63187     69.500    11.4803    11.4800    -0.0003    2.00195    2.00182          1     1.2003     1.1908      18.49     0.2934     0.2107  1.000e-12  0.3473000    16.5381    16.5371    -0.0010    12.3748    12.3741     68.860     70.240      0.368    1474.10    1474.10  0.000e+00
      63222     70.000    11.4428    11.4429     0.0001    2.00378    2.00365          1     1.0760     1.0905      17.59     0.2774     0.2288  1.000e-12  0.3460000    16.5712    16.5699    -0.0012    12.4059    12.4049     69.356     70.743      0.343    1474.01    1474.01  0.000e+00
      63254     70.500    11.2204    11.2272     0.0068    1.99220    1.99241          1     0.9825     1.0178      17.27     0.2626     0.2694  1.000e-12  0.3224000    16.5656    16.5645    -0.0011    12.4338    12.4320     69.851     71.246      0.402    1473.20    1473.22  0.000e+00
      63284     71.000    11.1153    11.1163     0.0010    1.98725    1.98737          1     0.9845     1.0071      16.95     0.2754     0.2091  1.000e-12  0.3134000    16.5676    16.5683     0.0007    12.4505    12.4508     70.346     71.749      0.364    1472.82    1472.82  0.000e+00
      63320     71.500    11.3055    11.3052    -0.0002    2.01006    2.01032          1     1.1884     1.1575      16.39     0.2790     0.2079  1.000e-12  0.3085000    16.6891    16.6916     0.0025    12.5171    12.5190     70.842     72.252      0.333    1473.67    1473.68  0.000e+00
      63353     72.000    11.3942    11.3942    -0.0000    2.02076    2.02061          1     1.2402     1.2004      15.92     0.2732     0.2191  1.000e-12  0.3216000    16.7459    16.7446    -0.0013    12.5482    12.5472     71.337     72.755      0.393    1474.07    1474.07  0.000e+00
      63384     72.500    11.2901    11.2944     0.0043    2.01554    2.01560          1     1.1079     1.1078      15.42     0.2732     0.2178  1.000e-12  0.3518000    16.7455    16.7442    -0.0014    12.5630    12.5613     71.832     73.258      0.374    1473.70    1473.71  0.000e+00
      63417     73.000    11.0355    11.0414     0.0058    2.00149    2.00152          1     0.9398     0.9841      14.91     0.2729     0.2418  1.000e-12  0.3235000    16.7329    16.7304    -0.0024    12.5897    12.5870     72.328     73.761      0.356    1472.75    1472.77  0.000e+00
      63450     73.500    10.7361    10.7404     0.0043    1.98497    1.98514          1     0.7731     0.8398      14.40     0.2889     0.2020  1.000e-12  0.3101000    16.7174    16.7171    -0.0003    12.6198    12.6190     72.823     74.264      0.368    1471.63    1471.65  0.000e+00
      63482     74.000    10.7393    10.7409     0.0016    1.98825    1.98831          1     0.6975     0.7655      13.91     0.2866     0.1678  1.000e-12  0.2828000    16.7460    16.7458    -0.0002    12.6415    12.6411     73.318     74.767      0.388    1471.69    1471.69  0.000e+00
      63512     74.500    10.8277    10.8269    -0.0008    2.00015    2.00007          1     0.8879     0.8959      13.39     0.2665     0.1967  1.000e-12  0.2879000    16.8148    16.8145    -0.0003    12.6825    12.6824     73.814     75.270      0.396    1472.11    1472.11  0.000e+00
      63544     75.000    10.8777    10.8783     0.0006    2.00703    2.00707          1     1.0642     1.0184      12.86     0.2854     0.2071  1.000e-12  0.2744000    16.8549    16.8550     0.0001    12.7066    12.7065     74.309     75.773      0.369    1472.35    1472.35  0.000e+00
      63576     75.500    10.9158    10.9157    -0.0001    2.01351    2.01348          1     1.0349     1.0116      12.34     0.2650     0.2071  1.000e-12  0.2746000    16.8967    16.8965    -0.0002    12.7336    12.7334     74.804     76.276      0.400    1472.55    1472.55  0.000e+00
      63605     76.000    10.9151    10.9176     0.0024    2.01721    2.01724          1     0.9909     0.9828      11.88     0.2674     0.1847  1.000e-12  0.2909000    16.9308    16.9300    -0.0008    12.7601    12.7591     75.299     76.779      0.413    1472.60    1472.60  0.000e+00
      63634     76.500    10.7711    10.7790     0.0078    2.01097    2.01110          1     0.8115     0.8455      11.38     0.2738     0.2034  1.000e-12  0.3172000    16.9397    16.9373    -0.0024    12.7872    12.7842     75.795     77.281      0.406    1472.08    1472.11  0.000e+00
      63664     77.000    10.6267    10.6295     0.0027    2.00588    2.00598          1     0.6613     0.7288      10.86     0.2987     0.1813  1.000e-12  0.3465000    16.9594    16.9590    -0.0003    12.8225    12.8218     76.290     77.784      0.403    1471.58    1471.58  0.000e+00
      63694     77.500    10.6626    10.6633     0.0006    2.01574    2.01574          1     0.6810     0.7228      10.33     0.2936     0.2132  1.000e-12  0.3974000    17.0335    17.0333    -0.0002    12.8750    12.8747     76.785     78.287      0.405    1471.81    1471.81  0.000e+00
      63723     78.000    10.6486    10.6504     0.0018    2.02362    2.02367          1     0.6812     0.7138       9.84     0.2713     0.2050  1.000e-12  0.3758000    17.1126    17.1123    -0.0003    12.9383    12.9378     77.281     78.790      0.408    1471.86    1471.86  0.000e+00
      63752     78.500    10.6701    10.6723     0.0022    2.03294    2.03330          1     0.7163     0.7380       8.81     0.2708     0.1539  1.000e-12  0.3802000    17.1885    17.1908     0.0023    12.9941    12.9956     77.776     79.293      0.413    1472.04    1472.05  0.000e+00
      63781     79.000    10.7530    10.7529    -0.0001    2.04693    2.04679          1     0.6535     0.6834       8.32     0.2763     0.1632  1.000e-12  0.3760000    17.2785    17.2772    -0.0013    13.0523    13.0513     78.271     79.795      0.412    1472.46    1472.46  0.000e+00
      63811     79.500    10.8048    10.8057     0.0010    2.05280    2.05284          1     0.6165     0.6491       7.88     0.3029     0.1728  1.000e-12  0.3876000    17.3081    17.3080    -0.0001    13.0680    13.0677     78.766     80.298      0.384    1472.70    1472.70  0.000e+00
      63842     80.000    10.8606    10.8634     0.0028    2.05844    2.05862          1     0.6502     0.6714       7.46     0.2990     0.2150  1.000e-12  0.3676000    17.3336    17.3339     0.0003    13.0798    13.0797     79.262     80.801      0.419    1472.94    1472.95  0.000e+00
      63869     80.500    10.9095    10.9092    -0.0003    2.06351    2.06344          1     0.6968     0.7018       6.84     0.2926     0.1952  1.000e-12  0.3458000    17.3570    17.3565    -0.0004    13.0910    13.0907     79.757     81.303      0.428    1473.16    1473.16  0.000e+00
      63901     81.000    10.9389    10.9424     0.0035    2.06690    2.06711          1     0.7402     0.7401       6.46     0.3058     0.1725  1.000e-12  0.3384000    17.3741    17.3744     0.0003    13.1002    13.0999     80.252     81.806      0.334    1473.30    1473.31  0.000e+00
      63938     81.500    10.9981    10.9983     0.0003    2.07311    2.07322          1     0.8180     0.8033       5.97     0.2734     0.2216  1.000e-12  0.3179000    17.4031    17.4040     0.0009    13.1142    13.1148     80.748     82.309      0.369    1473.56    1473.56  0.000e+00
      63967     82.000    11.0695    11.0684    -0.0011    2.08038    2.08031          1     0.8700     0.8436       5.53     0.2838     0.2120  1.000e-12  0.2976000    17.4359    17.4357    -0.0001    13.1292    13.1293     81.243     82.811      0.394    1473.87    1473.87  0.000e+00
      64003     82.500    11.0625    11.0594    -0.0030    2.08100    2.08075          1     0.8587     0.8472       5.07     0.2924     0.2160  1.000e-12  0.2911000    17.4447    17.4439    -0.0008    13.1371    13.1370     81.738     83.314      0.304    1473.86    1473.85  0.000e+00
      64041     83.000    10.9948    10.9956     0.0008    2.07778    2.07786          1     0.8386     0.8330       4.62     0.3018     0.2515  1.000e-12  0.2812000    17.4470    17.4474     0.0004    13.1486    13.1488     82.234     83.817      0.347    1473.62    1473.63  0.000e+00
      64075     83.500    10.9370    10.9389     0.0019    2.07536    2.07537          1     0.8013     0.8109       4.13     0.3090     0.2164  1.000e-12  0.2896000    17.4521    17.4513    -0.0008    13.1608    13.1599     82.729     84.319      0.345    1473.43    1473.43  0.000e+00
      64112     84.000    10.7592    10.7507    -0.0084    2.06469    2.06430          1     0.7147     0.7366       3.63     0.2922     0.2033  1.000e-12  0.2990000    17.4380    17.4385     0.0005    13.1751    13.1766     83.224     84.822      0.313    1472.76    1472.73  0.000e+00
      64149     84.500    10.4367    10.4343    -0.0024    2.04752    2.04749          1     0.5285     0.5817       3.18     0.2986     0.1921  1.000e-12  0.3017000    17.4324    17.4332     0.0008    13.2154    13.2164     83.719     85.325      0.332    1471.56    1471.55  0.000e+00
