ctdpy/exports/archive_20191120_135557/received_data/SBE09_0827_20180301_1210_26_01_0339.cnv
* Sea-Bird SBE 9 Data File:
* FileName = D:\CTD_SBE911\DAT\26DA.2018.3.39.hex
* Software Version Seasave V 7.21d
* Temperature SN = 034757
* Conductivity SN = 041844
* Number of Bytes Per Scan = 48
* Number of Voltage Words = 5
* Number of Scans Averaged by the Deck Unit = 1
* NMEA Latitude = 57 20.98 N
* NMEA Longitude = 019 10.28 E
* NMEA UTC (Time) = Mar 01 2018  12:11:06
* NMEA baud rate = 4800
** Ship: DANA
** Average sound velocity: 1429.75 m/s
** True-depth calculation Tue, 02 Apr 2019 12:08:54 +0000
** CTD Python Module SMHI /ver 3-12/ feb 2012 
** LIMS Job: 20182601-0339
** Operator:
** Cruise: 02/2018
# nquan = 26
# nvalues = 167                         
# units = specified
# name 0 = scan: Scan Count
# name 1 = prDM: Pressure, Digiquartz [db]
# name 2 = t090C: Temperature [ITS-90, deg C]
# name 3 = t190C: Temperature, 2 [ITS-90, deg C]
# name 4 = T2-T190C: Temperature Difference, 2 - 1 [ITS-90, deg C]
# name 5 = c0S/m: Conductivity [S/m]
# name 6 = c1S/m: Conductivity, 2 [S/m]
# name 7 = pumps: Pump Status
# name 8 = sbeox1ML/L: Oxygen, SBE 43, 2 [ml/l]
# name 9 = sbeox0ML/L: Oxygen, SBE 43 [ml/l]
# name 10 = altM: Altimeter [m]
# name 11 = chloroflTC0: Chlorophyll, Turner Cyclops [ug/l]
# name 12 = cpar: CPAR/Corrected Irradiance [%]
# name 13 = par: PAR/Irradiance, Biospherical/Lico [µE/(cm^2*s)]
# name 14 = spar: SPAR, Biospherical/Licor
# name 15 = sal00: Salinity, Practical [PSU]
# name 16 = sal11: Salinity, Practical, 2 [PSU]
# name 17 = secS-priS: Salinity, Practical, Difference, 2 - 1 [PSU]
# name 18 = sigma-t00: Density [sigma-t, kg/m^3 ]
# name 19 = sigma-t11: Density, 2 [sigma-t, kg/m^3 ]
# name 20 = depSM: Depth [salt water, m], lat = 57.3497
# name 21 = depFM: Depth [true depth, m], lat = 57.3497
# name 22 = dz/dtM: Descent Rate [m/s], WS = 2
# name 23 = svCM: Sound Velocity [Chen-Millero, m/s]
# name 24 = svCM1: Sound Velocity, 2 [Chen-Millero, m/s]
# name 25 = flag: flag
# span 0 =         -2,      10274       
# span 1 =      1.500,     84.500       
# span 2 =     2.9596,     5.7763       
# span 3 =     2.9586,     5.7795       
# span 4 =    -0.0017,     0.3568       
# span 5 =   0.756070,   1.107877       
# span 6 =   0.755300,   1.107860       
# span 7 =          1,          1       
# span 8 =     0.1340,     8.5795       
# span 9 =     0.1565,     8.4923       
# span 10 =       1.10,      10.00      
# span 11 =     0.0110,     0.0164      
# span 12 = -9.414e-07, 6.0876e+00      
# span 13 = -8.221e-06, 4.0639e+01      
# span 14 = 4.5395e+02, 9.8476e+02      
# span 15 =     7.3894,    10.2201      
# span 16 =     7.3814,    10.2190      
# span 17 =    -0.0331,     0.0355      
# span 18 =     5.8914,     8.0399      
# span 19 =     5.8850,     8.0389      
# span 20 =      1.486,     83.704      
# span 21 =      1.519,     85.538      
# span 22 =     -0.124,      0.862      
# span 23 =    1426.56,    1443.98      
# span 24 =    1426.55,    1444.00      
# span 25 = 0.0000e+00, 0.0000e+00      
# interval = decibars: 0.5              
# start_time = Mar 01 2018 12:11:06 [NMEA time, first data scan]
# bad_flag = -9.990e-29
*END*
[from data line 56]
       2847     29.500     2.9738     2.9734    -0.0004    0.75679    0.75604          1     8.5366     8.4743       9.95     0.0122  3.598e-03  3.153e-02  8.765e+02     7.3903     7.3825    -0.0078     5.8922     5.8859     29.226     29.871      0.579    1427.03    1427.01  0.000e+00
       2864     30.000     2.9739     2.9734    -0.0004    0.75679    0.75604          1     8.5351     8.4834       9.95     0.0121  1.480e-03  1.295e-02  8.746e+02     7.3903     7.3825    -0.0077     5.8921     5.8860     29.721     30.377      0.625    1427.04    1427.02  0.000e+00
       2899     30.500     2.9740     2.9735    -0.0005    0.75680    0.75606          1     8.5495     8.4840       9.95     0.0122  1.481e-04  1.296e-03  8.726e+02     7.3903     7.3826    -0.0077     5.8921     5.8860     30.217     30.883      0.376    1427.04    1427.03  0.000e+00
       2984     31.000     2.9741     2.9736    -0.0005    0.75681    0.75607          1     8.5656     8.4686       9.95     0.0123 -9.414e-07 -8.221e-06  8.654e+02     7.3903     7.3826    -0.0077     5.8921     5.8860     30.712     31.390      0.349    1427.05    1427.04  0.000e+00
       3014     31.500     2.9737     2.9736    -0.0001    0.75681    0.75608          1     8.5524     8.4687       9.95     0.0122  1.162e-13  1.000e-12  8.604e+02     7.3903     7.3826    -0.0077     5.8922     5.8860     31.207     31.896      0.337    1427.06    1427.05  0.000e+00
       3060     32.000     2.9739     2.9735    -0.0003    0.75682    0.75608          1     8.5560     8.4688       9.95     0.0119  1.169e-13  1.000e-12  8.555e+02     7.3903     7.3826    -0.0078     5.8922     5.8860     31.703     32.402      0.242    1427.07    1427.06  0.000e+00
       3102     32.500     2.9738     2.9735    -0.0002    0.75683    0.75608          1     8.5549     8.4741       9.95     0.0122  1.174e-13  1.000e-12  8.516e+02     7.3903     7.3826    -0.0078     5.8922     5.8860     32.198     32.909      0.327    1427.07    1427.06  0.000e+00
       3143     33.000     2.9739     2.9732    -0.0007    0.75684    0.75608          1     8.5466     8.4756       9.95     0.0120  1.182e-13  1.000e-12  8.457e+02     7.3903     7.3825    -0.0078     5.8922     5.8860     32.693     33.415      0.223    1427.08    1427.07  0.000e+00
       3217     33.500     2.9739     2.9728    -0.0011    0.75683    0.75606          1     8.5479     8.4765       9.95     0.0122  1.197e-13  1.000e-12  8.355e+02     7.3902     7.3823    -0.0079     5.8921     5.8858     33.189     33.921      0.281    1427.09    1427.08  0.000e+00
       3251     34.000     2.9738     2.9721    -0.0017    0.75682    0.75602          1     8.5571     8.4786       9.95     0.0122  1.199e-13  1.000e-12  8.342e+02     7.3901     7.3821    -0.0080     5.8920     5.8856     33.684     34.427      0.452    1427.10    1427.08  0.000e+00
       3277     34.500     2.9725     2.9722    -0.0003    0.75677    0.75604          1     8.5623     8.4872       9.95     0.0122  1.201e-13  1.000e-12  8.328e+02     7.3898     7.3821    -0.0077     5.8917     5.8856     34.179     34.934      0.383    1427.10    1427.09  0.000e+00
       3378     35.000     2.9738     2.9731    -0.0006    0.75682    0.75607          1     8.5379     8.4616       9.95     0.0122  1.202e-13  1.000e-12  8.320e+02     7.3899     7.3822    -0.0077     5.8918     5.8856     34.675     35.440      0.392    1427.11    1427.10  0.000e+00
       3396     35.500     2.9727     2.9724    -0.0003    0.75679    0.75606          1     8.5360     8.4667       9.95     0.0122  1.206e-13  1.000e-12  8.294e+02     7.3898     7.3822    -0.0076     5.8917     5.8857     35.170     35.946      0.620    1427.12    1427.10  0.000e+00
       3415     36.000     2.9723     2.9720    -0.0003    0.75678    0.75606          1     8.5494     8.4760       9.95     0.0123  1.210e-13  1.000e-12  8.267e+02     7.3897     7.3821    -0.0075     5.8917     5.8857     35.665     36.453      0.529    1427.12    1427.11  0.000e+00
       3482     36.500     2.9733     2.9731    -0.0002    0.75682    0.75608          1     8.5506     8.4783       9.95     0.0130  1.282e-13  1.000e-12  7.817e+02     7.3898     7.3821    -0.0077     5.8917     5.8856     36.160     36.959      0.272    1427.14    1427.12  0.000e+00
       3538     37.000     2.9731     2.9731    -0.0000    0.75682    0.75610          1     8.5343     8.4847       9.95     0.0123  1.399e-13  1.000e-12  7.150e+02     7.3897     7.3822    -0.0075     5.8917     5.8857     36.656     37.465      0.421    1427.14    1427.13  0.000e+00
       3566     37.500     2.9743     2.9746     0.0004    0.75686    0.75614          1     8.5551     8.4821       9.95     0.0137  1.448e-13  1.000e-12  6.907e+02     7.3899     7.3823    -0.0076     5.8918     5.8857     37.151     37.971      0.351    1427.16    1427.15  0.000e+00
       3634     38.000     2.9744     2.9745     0.0000    0.75687    0.75614          1     8.5495     8.4813       9.95     0.0127  1.359e-13  1.000e-12  7.361e+02     7.3899     7.3822    -0.0077     5.8918     5.8857     37.646     38.478      0.258    1427.16    1427.15  0.000e+00
       3679     38.500     2.9736     2.9733    -0.0003    0.75685    0.75613          1     8.5358     8.4768       9.95     0.0113  1.382e-13  1.000e-12  7.235e+02     7.3897     7.3823    -0.0075     5.8917     5.8857     38.142     38.984      0.464    1427.17    1427.16  0.000e+00
       3703     39.000     2.9729     2.9728    -0.0001    0.75684    0.75610          1     8.5420     8.4790       9.95     0.0119  1.373e-13  1.000e-12  7.285e+02     7.3897     7.3820    -0.0077     5.8917     5.8855     38.637     39.490      0.429    1427.17    1427.16  0.000e+00
       3769     39.500     2.9731     2.9733     0.0002    0.75685    0.75613          1     8.5535     8.4821       9.95     0.0121  1.285e-13  1.000e-12  7.786e+02     7.3897     7.3822    -0.0076     5.8917     5.8856     39.132     39.997      0.276    1427.18    1427.17  0.000e+00
       3819     40.000     2.9727     2.9729     0.0002    0.75684    0.75614          1     8.5463     8.4839       9.95     0.0122  1.269e-13  1.000e-12  7.879e+02     7.3897     7.3822    -0.0075     5.8917     5.8857     39.628     40.503      0.444    1427.19    1427.18  0.000e+00
       3846     40.500     2.9726     2.9726     0.0000    0.75685    0.75613          1     8.5466     8.4825       9.95     0.0120  1.290e-13  1.000e-12  7.755e+02     7.3897     7.3822    -0.0075     5.8917     5.8856     40.123     41.009      0.360    1427.19    1427.18  0.000e+00
       3915     41.000     2.9732     2.9733     0.0001    0.75687    0.75615          1     8.5552     8.4696       9.95     0.0132  1.334e-13  1.000e-12  7.501e+02     7.3897     7.3821    -0.0075     5.8916     5.8856     40.618     41.515      0.235    1427.21    1427.20  0.000e+00
       3966     41.500     2.9726     2.9726     0.0000    0.75686    0.75615          1     8.5478     8.4686       9.95     0.0145  1.398e-13  1.000e-12  7.152e+02     7.3896     7.3822    -0.0074     5.8916     5.8857     41.113     42.022      0.332    1427.21    1427.20  0.000e+00
       3999     42.000     2.9727     2.9726    -0.0001    0.75688    0.75615          1     8.5496     8.4727       9.95     0.0123  1.433e-13  1.000e-12  6.980e+02     7.3898     7.3821    -0.0076     5.8917     5.8856     41.609     42.528      0.381    1427.22    1427.21  0.000e+00
       4031     42.500     2.9731     2.9731     0.0001    0.75690    0.75618          1     8.5537     8.4847       9.95     0.0122  1.436e-13  1.000e-12  6.962e+02     7.3898     7.3822    -0.0076     5.8917     5.8857     42.104     43.034      0.336    1427.23    1427.22  0.000e+00
       4079     43.000     2.9738     2.9738    -0.0000    0.75693    0.75621          1     8.5573     8.4811       9.95     0.0123  1.414e-13  1.000e-12  7.073e+02     7.3899     7.3824    -0.0075     5.8918     5.8858     42.599     43.541      0.210    1427.24    1427.23  0.000e+00
       4149     43.500     2.9738     2.9736    -0.0002    0.75693    0.75621          1     8.5551     8.4862       9.95     0.0122  1.539e-13  1.000e-12  6.498e+02     7.3898     7.3823    -0.0075     5.8918     5.8858     43.095     44.047      0.323    1427.25    1427.24  0.000e+00
       4182     44.000     2.9732     2.9730    -0.0002    0.75691    0.75618          1     8.5568     8.4910       9.95     0.0122  1.513e-13  1.000e-12  6.611e+02     7.3897     7.3821    -0.0076     5.8917     5.8856     43.590     44.553      0.299    1427.25    1427.24  0.000e+00
       4234     44.500     2.9735     2.9732    -0.0003    0.75693    0.75621          1     8.5517     8.4804       9.95     0.0119  1.510e-13  1.000e-12  6.624e+02     7.3898     7.3822    -0.0075     5.8917     5.8857     44.085     45.059      0.230    1427.26    1427.25  0.000e+00
       4276     45.000     2.9712     2.9717     0.0005    0.75687    0.75618          1     8.5559     8.4696       9.95     0.0121  1.604e-13  1.000e-12  6.236e+02     7.3896     7.3823    -0.0073     5.8916     5.8858     44.581     45.566      0.310    1427.26    1427.25  0.000e+00
       4319     45.500     2.9711     2.9708    -0.0002    0.75687    0.75616          1     8.5629     8.4751       9.95     0.0122  1.703e-13  1.000e-12  5.873e+02     7.3896     7.3822    -0.0073     5.8916     5.8857     45.076     46.072      0.247    1427.27    1427.25  0.000e+00
       4368     46.000     2.9720     2.9717    -0.0003    0.75690    0.75618          1     8.5504     8.4731       9.95     0.0121  1.659e-13  1.000e-12  6.026e+02     7.3896     7.3821    -0.0075     5.8916     5.8856     45.571     46.578      0.285    1427.28    1427.27  0.000e+00
       4404     46.500     2.9723     2.9718    -0.0005    0.75692    0.75618          1     8.5539     8.4654       9.95     0.0121  1.718e-13  1.000e-12  5.822e+02     7.3896     7.3821    -0.0076     5.8916     5.8856     46.066     47.085      0.370    1427.29    1427.27  0.000e+00
       4435     47.000     2.9713     2.9714     0.0001    0.75690    0.75618          1     8.5573     8.4825       9.95     0.0122  1.819e-13  1.000e-12  5.499e+02     7.3896     7.3821    -0.0075     5.8916     5.8856     46.562     47.591      0.346    1427.29    1427.28  0.000e+00
       4532     47.500     2.9724     2.9725     0.0001    0.75693    0.75622          1     8.5464     8.4760       9.95     0.0122  1.891e-13  1.000e-12  5.288e+02     7.3896     7.3821    -0.0075     5.8916     5.8856     47.057     48.097      0.392    1427.30    1427.29  0.000e+00
       4566     48.000     2.9710     2.9711     0.0001    0.75690    0.75620          1     8.5430     8.4643       9.95     0.0122  1.902e-13  1.000e-12  5.259e+02     7.3896     7.3822    -0.0074     5.8916     5.8857     47.552     48.603      0.618    1427.30    1427.29  0.000e+00
       4585     48.500     2.9707     2.9708     0.0001    0.75691    0.75620          1     8.5477     8.4662       9.95     0.0122  1.912e-13  1.000e-12  5.230e+02     7.3896     7.3822    -0.0075     5.8916     5.8857     48.047     49.110      0.565    1427.31    1427.30  0.000e+00
       4642     49.000     2.9716     2.9719     0.0003    0.75693    0.75623          1     8.5538     8.4776       9.95     0.0121  1.925e-13  1.000e-12  5.195e+02     7.3896     7.3822    -0.0074     5.8916     5.8857     48.543     49.616      0.372    1427.32    1427.31  0.000e+00
       4721     49.500     2.9725     2.9717    -0.0007    0.75695    0.75623          1     8.5440     8.4814       9.95     0.0122  1.937e-13  1.000e-12  5.162e+02     7.3896     7.3822    -0.0074     5.8916     5.8857     49.038     50.122      0.637    1427.33    1427.32  0.000e+00
       4737     50.000     2.9721     2.9716    -0.0004    0.75695    0.75624          1     8.5426     8.4700       9.95     0.0121  1.951e-13  1.000e-12  5.126e+02     7.3896     7.3822    -0.0074     5.8916     5.8857     49.533     50.629      0.701    1427.34    1427.33  0.000e+00
       4754     50.500     2.9732     2.9726    -0.0006    0.75697    0.75626          1     8.5512     8.4727       9.95     0.0122  1.953e-13  1.000e-12  5.119e+02     7.3895     7.3822    -0.0072     5.8915     5.8857     50.029     51.135      0.564    1427.35    1427.34  0.000e+00
       4839     51.000     2.9725     2.9723    -0.0002    0.75698    0.75627          1     8.5528     8.4800       9.95     0.0120  1.953e-13  1.000e-12  5.122e+02     7.3896     7.3822    -0.0073     5.8916     5.8857     50.524     51.641      0.354    1427.36    1427.35  0.000e+00
       4897     51.500     2.9728     2.9719    -0.0009    0.75699    0.75626          1     8.5434     8.4812       9.95     0.0122  1.962e-13  1.000e-12  5.098e+02     7.3896     7.3821    -0.0075     5.8916     5.8856     51.019     52.147      0.436    1427.37    1427.35  0.000e+00
       4927     52.000     2.9726     2.9729     0.0003    0.75699    0.75628          1     8.5561     8.4734       9.95     0.0121  1.962e-13  1.000e-12  5.097e+02     7.3896     7.3821    -0.0075     5.8916     5.8856     51.514     52.654      0.353    1427.37    1427.37  0.000e+00
       4969     52.500     2.9721     2.9713    -0.0008    0.75698    0.75626          1     8.5577     8.4729       9.95     0.0121  1.962e-13  1.000e-12  5.097e+02     7.3895     7.3822    -0.0073     5.8915     5.8857     52.010     53.160      0.261    1427.38    1427.36  0.000e+00
       5011     53.000     2.9723     2.9735     0.0012    0.75699    0.75630          1     8.5590     8.4792       9.95     0.0122  1.967e-13  1.000e-12  5.083e+02     7.3895     7.3820    -0.0075     5.8915     5.8855     52.505     53.666      0.325    1427.39    1427.39  0.000e+00
       5051     53.500     2.9733     2.9741     0.0009    0.75702    0.75633          1     8.5575     8.4809       9.95     0.0122  1.976e-13  1.000e-12  5.059e+02     7.3895     7.3820    -0.0074     5.8915     5.8855     53.000     54.173      0.230    1427.40    1427.39  0.000e+00
       5132     54.000     2.9741     2.9732    -0.0009    0.75703    0.75631          1     8.5693     8.4720       9.95     0.0122  1.976e-13  1.000e-12  5.061e+02     7.3894     7.3820    -0.0074     5.8914     5.8855     53.495     54.679      0.264    1427.41    1427.40  0.000e+00
       5170     54.500     2.9736     2.9739     0.0003    0.75703    0.75633          1     8.5643     8.4668       9.95     0.0122  1.977e-13  1.000e-12  5.057e+02     7.3894     7.3820    -0.0074     5.8914     5.8855     53.991     55.185      0.300    1427.42    1427.41  0.000e+00
       5212     55.000     2.9744     2.9758     0.0015    0.75707    0.75640          1     8.5614     8.4759       9.95     0.0122  1.980e-13  1.000e-12  5.049e+02     7.3896     7.3822    -0.0074     5.8916     5.8857     54.486     55.691      0.286    1427.43    1427.43  0.000e+00
       5256     55.500     2.9761     2.9779     0.0019    0.75714    0.75648          1     8.5606     8.4802       9.95     0.0122  1.987e-13  1.000e-12  5.033e+02     7.3898     7.3826    -0.0073     5.8917     5.8859     54.981     56.198      0.228    1427.44    1427.45  0.000e+00
       5327     56.000     2.9787     2.9806     0.0019    0.75726    0.75663          1     8.5563     8.4644       9.95     0.0121  1.997e-13  1.000e-12  5.007e+02     7.3904     7.3834    -0.0070     5.8922     5.8866     55.477     56.704      0.303    1427.47    1427.47  0.000e+00
       5355     56.500     2.9800     2.9805     0.0006    0.75731    0.75663          1     8.5392     8.4621       9.95     0.0122  2.002e-13  1.000e-12  4.996e+02     7.3906     7.3834    -0.0072     5.8924     5.8866     55.972     57.210      0.521    1427.48    1427.48  0.000e+00
