ctdpy/exports/archive_20191120_135557/received_data/SBE09_1044_20180419_1943_34_07_0022.cnv
* Sea-Bird SBE 9 Data File:
* FileName = C:\ctd\temp\2018\AU18D022.hex
* Software Version Seasave V 7.26.6.26
* Temperature SN = 5351
* Conductivity SN = 3941
* Number of Bytes Per Scan = 41
* Number of Voltage Words = 4
* Number of Scans Averaged by the Deck Unit = 1
* NMEA Latitude = 57 07.02 N
* NMEA Longitude = 017 40.11 E
* NMEA UTC (Time) = Apr 19 2018  19:43:58
* NMEA baud rate = 4800
** Station:  BY38
** Operator:  A-KTh
** Ship: AURA
** Average sound velocity: 1432.18 m/s
** True-depth calculation Thu, 19 Apr 2018 20:40:24 +0000
** CTD Python Module SMHI /ver 3-12/ feb 2012 
** LIMS Job: 20183407-0022
** Cruise: SMHI-01-2018
** Latitude [GG MM.mm N] :
** Longitude [GG MM.mm E]:
# nquan = 26
# nvalues = 208                         
# units = specified
# name 0 = scan: Scan Count
# name 1 = prDM: Pressure, Digiquartz [db]
# name 2 = t090C: Temperature [ITS-90, deg C]
# name 3 = t190C: Temperature, 2 [ITS-90, deg C]
# name 4 = T2-T190C: Temperature Difference, 2 - 1 [ITS-90, deg C]
# name 5 = c0S/m: Conductivity [S/m]
# name 6 = c1S/m: Conductivity, 2 [S/m]
# name 7 = pumps: Pump Status
# name 8 = sbeox0ML/L: Oxygen, SBE 43 [ml/l]
# name 9 = sbeox1ML/L: Oxygen, SBE 43, 2 [ml/l]
# name 10 = altM: Altimeter [m]
# name 11 = flECO-AFL: Chl-a Fluorescence, WET Labs ECO-AFL/FL [mg/m^3]
# name 12 = flECO-AFL1: Phycocyanin Fluorescence, WET Labs ECO-AFL/FL, 2 [mg/m^3]
# name 13 = par: PAR/Irradiance, Biospherical/Lico [µE/(cm^2*s)]
# name 14 = turbWETntu0: Turbidity, WET Labs ECO [NTU]
# name 15 = sal00: Salinity, Practical [PSU]
# name 16 = sal11: Salinity, Practical, 2 [PSU]
# name 17 = secS-priS: Salinity, Practical, Difference, 2 - 1 [PSU]
# name 18 = sigma-t00: Density [sigma-t, Kg/m^3 ]
# name 19 = sigma-t11: Density, 2 [sigma-t, Kg/m^3 ]
# name 20 = depSM: Depth [salt water, m], lat = 57.117
# name 21 = depFM: Depth [true depth, m], lat = 57.117
# name 22 = dz/dtM: Descent Rate [m/s], WS = 2
# name 23 = svCM: Sound Velocity [Chen-Millero, m/s]
# name 24 = svCM1: Sound Velocity, 2 [Chen-Millero, m/s]
# name 25 = flag: flag
# span 0 =       8383,      13591       
# span 1 =      0.500,    104.000       
# span 2 =     2.4621,     5.6168       
# span 3 =     2.4633,     5.6175       
# span 4 =    -0.0280,     0.0706       
# span 5 =   0.739055,   1.111169       
# span 6 =   0.739052,   1.111166       
# span 7 =          1,          1       
# span 8 =    0.06256,   10.21902       
# span 9 =    0.05607,   10.02904       
# span 10 =       2.37,      98.68      
# span 11 =     0.2906,     4.3729      
# span 12 =     0.1791,     0.7766      
# span 13 = -4.462e-06, 4.1147e+00      
# span 14 =     0.1294,     2.5454      
# span 15 =     7.2032,    10.2983      
# span 16 =     7.2023,    10.2980      
# span 17 =    -0.0055,     0.0007      
# span 18 =     5.7241,     8.1108      
# span 19 =     5.7229,     8.1106      
# span 20 =      0.495,    103.018      
# span 21 =      0.506,    105.243      
# span 22 =     -0.245,      0.604      
# span 23 =    1425.06,    1443.70      
# span 24 =    1425.07,    1443.70      
# span 25 = 0.0000e+00, 0.0000e+00      
# interval = decibars: 0.5              
# start_time = Apr 19 2018 19:43:58 [NMEA time, first data scan]
# bad_flag = -9.990e-29
*END*
[from data line 168]
      12394     84.500     5.4312     5.4312     0.0001    1.06592    1.06583          1     0.1224     0.0857      23.11     0.3071     0.2221  1.000e-12  0.4461000     9.9040     9.9030    -0.0010     7.8099     7.8092     83.706     85.540      0.493    1442.10    1442.10  0.000e+00
      12419     85.000     5.4359     5.4362     0.0004    1.06711    1.06707          1     0.1084     0.0783      22.54     0.3481     0.2878  1.000e-12  0.4165000     9.9144     9.9139    -0.0005     7.8179     7.8175     84.201     86.045      0.471    1442.14    1442.14  0.000e+00
      12444     85.500     5.4433     5.4429    -0.0004    1.06818    1.06809          1     0.1057     0.0796      22.02     0.3369     0.2638  1.000e-12  0.4041000     9.9229     9.9221    -0.0009     7.8242     7.8236     84.696     86.550      0.487    1442.19    1442.19  0.000e+00
      12468     86.000     5.4714     5.4699    -0.0015    1.07248    1.07224          1     0.1059     0.0787      21.63     0.3357     0.2120  1.000e-12  0.5692000     9.9576     9.9556    -0.0020     7.8501     7.8486     85.192     87.056      0.525    1442.36    1442.36  0.000e+00
      12490     86.500     5.4975     5.4960    -0.0016    1.07855    1.07827          1     0.1070     0.0827      21.06     0.3586     0.2259  1.000e-12  1.0051000    10.0105    10.0082    -0.0023     7.8904     7.8887     85.687     87.561      0.551    1442.55    1442.54  0.000e+00
      12512     87.000     5.5260     5.5256    -0.0004    1.08384    1.08366          1     0.1062     0.0831      20.52     0.3597     0.2184  1.000e-12  1.5752000    10.0549    10.0532    -0.0017     7.9239     7.9226     86.182     88.066      0.542    1442.74    1442.73  0.000e+00
      12535     87.500     5.5350     5.5351     0.0001    1.08671    1.08662          1     0.1080     0.0807      19.94     0.3963     0.2518  1.000e-12  2.3935000    10.0809    10.0799    -0.0010     7.9439     7.9431     86.677     88.571      0.500    1442.82    1442.82  0.000e+00
      12560     88.000     5.5331     5.5345     0.0014    1.08830    1.08823          1     0.1053     0.0857      19.41     0.3614     0.2818  1.000e-12  2.0662000    10.0973    10.0962    -0.0011     7.9570     7.9560     87.172     89.077      0.468    1442.84    1442.84  0.000e+00
      12585     88.500     5.5293     5.5300     0.0007    1.08853    1.08851          1     0.1042     0.0834      18.91     0.3951     0.2297  1.000e-12  2.4174000    10.1006    10.1002    -0.0004     7.9598     7.9595     87.668     89.582      0.486    1442.83    1442.84  0.000e+00
      12609     89.000     5.5323     5.5324     0.0002    1.08893    1.08888          1     0.1022     0.0765      18.42     0.4185     0.2678  1.000e-12  2.5454000    10.1036    10.1031    -0.0005     7.9620     7.9616     88.163     90.087      0.522    1442.86    1442.86  0.000e+00
      12631     89.500     5.5417     5.5414    -0.0003    1.09031    1.09020          1     0.1004     0.0789      17.90     0.4190     0.2443  1.000e-12  2.4046000    10.1146    10.1136    -0.0010     7.9701     7.9693     88.658     90.592      0.533    1442.92    1442.92  0.000e+00
      12654     90.000     5.5512     5.5513     0.0001    1.09302    1.09290          1     0.0964     0.0805      17.37     0.4109     0.2221  1.000e-12  2.2392000    10.1387    10.1375    -0.0012     7.9886     7.9877     89.153     91.098      0.517    1443.00    1443.00  0.000e+00
      12678     90.500     5.5556     5.5560     0.0004    1.09433    1.09430          1     0.0969     0.0752      16.85     0.4074     0.2302  1.000e-12  2.2382000    10.1505    10.1501    -0.0004     7.9977     7.9973     89.648     91.603      0.503    1443.04    1443.04  0.000e+00
      12702     91.000     5.5585     5.5590     0.0005    1.09517    1.09513          1     0.0956     0.0763      16.34     0.4068     0.2421  1.000e-12  2.2760000    10.1579    10.1573    -0.0006     8.0034     8.0029     90.143     92.108      0.504    1443.07    1443.07  0.000e+00
      12726     91.500     5.5615     5.5621     0.0005    1.09617    1.09613          1     0.0939     0.0754      15.81     0.4186     0.2598  1.000e-12  2.2463000    10.1669    10.1664    -0.0005     8.0103     8.0099     90.639     92.613      0.496    1443.10    1443.11  0.000e+00
      12750     92.000     5.5629     5.5634     0.0005    1.09669    1.09666          1     0.0884     0.0712      15.61     0.4215     0.3008  1.000e-12  2.2092000    10.1717    10.1712    -0.0005     8.0140     8.0136     91.134     93.119      0.484    1443.13    1443.13  0.000e+00
      12775     92.500     5.5663     5.5667     0.0004    1.09749    1.09744          1     0.0881     0.0729      15.19     0.4126     0.2881  1.000e-12  2.2105000    10.1785    10.1779    -0.0006     8.0192     8.0187     91.629     93.624      0.496    1443.16    1443.16  0.000e+00
      12799     93.000     5.5703     5.5707     0.0005    1.09859    1.09854          1     0.0870     0.0729      14.26     0.4196     0.2206  1.000e-12  2.1960000    10.1882    10.1876    -0.0006     8.0266     8.0261     92.124     94.129      0.527    1443.19    1443.19  0.000e+00
      12821     93.500     5.5761     5.5762     0.0001    1.09929    1.09926          1     0.0862     0.0682      13.75     0.4167     0.1975  1.000e-12  2.1413000    10.1934    10.1930    -0.0004     8.0304     8.0301     92.619     94.634      0.540    1443.23    1443.23  0.000e+00
      12843     94.000     5.5812     5.5816     0.0005    1.09982    1.09979          1     0.0849     0.0674      13.25     0.3978     0.2385  1.000e-12  1.9332000    10.1971    10.1967    -0.0004     8.0330     8.0327     93.115     95.139      0.516    1443.27    1443.27  0.000e+00
      12868     94.500     5.5813     5.5819     0.0007    1.10000    1.09999          1     0.0845     0.0703      12.72     0.4296     0.2140  1.000e-12  1.6866000    10.1988    10.1985    -0.0003     8.0344     8.0341     93.610     95.645      0.480    1443.28    1443.28  0.000e+00
      12893     95.000     5.5798     5.5806     0.0007    1.10008    1.10006          1     0.0813     0.0696      12.13     0.3827     0.2614  1.000e-12  1.7010000    10.1999    10.1995    -0.0004     8.0353     8.0349     94.105     96.150      0.470    1443.28    1443.28  0.000e+00
      12919     95.500     5.5844     5.5847     0.0003    1.10075    1.10070          1     0.0792     0.0644      11.62     0.3978     0.2306  1.000e-12  1.8387000    10.2051    10.2046    -0.0006     8.0392     8.0387     94.600     96.655      0.481    1443.32    1443.32  0.000e+00
      12943     96.000     5.5851     5.5859     0.0008    1.10127    1.10125          1     0.0806     0.0661      11.10     0.4069     0.2453  1.000e-12  1.6379000    10.2100    10.2096    -0.0004     8.0430     8.0426     95.095     97.160      0.505    1443.33    1443.33  0.000e+00
      12966     96.500     5.5861     5.5866     0.0006    1.10181    1.10178          1     0.0820     0.0653      10.64     0.3742     0.2308  1.000e-12  1.7040000    10.2150    10.2146    -0.0005     8.0469     8.0465     95.590     97.665      0.515    1443.35    1443.35  0.000e+00
      12990     97.000     5.5875     5.5881     0.0007    1.10261    1.10256          1     0.0799     0.0647      10.12     0.3808     0.2109  1.000e-12  1.6961000    10.2226    10.2219    -0.0007     8.0528     8.0522     96.086     98.171      0.488    1443.37    1443.38  0.000e+00
      13016     97.500     5.5898     5.5903     0.0005    1.10400    1.10394          1     0.0738     0.0649       9.54     0.3824     0.2523  1.000e-12  1.7462000    10.2357    10.2349    -0.0008     8.0630     8.0623     96.581     98.676      0.418    1443.41    1443.41  0.000e+00
      13048     98.000     5.5935     5.5939     0.0005    1.10536    1.10531          1     0.0748     0.0652       8.92     0.3890     0.2653  1.000e-12  1.7028000    10.2481    10.2474    -0.0007     8.0726     8.0720     97.076     99.181      0.370    1443.45    1443.45  0.000e+00
      13080     98.500     5.5977     5.5982     0.0005    1.10675    1.10669          1     0.0734     0.0637       8.08     0.4073     0.2279  1.000e-12  1.6624000    10.2607    10.2599    -0.0008     8.0822     8.0816     97.571     99.686      0.396    1443.49    1443.49  0.000e+00
      13108     99.000     5.6025     5.6028     0.0002    1.10811    1.10803          1     0.0699     0.0610       7.20     0.4073     0.2398  1.000e-12  1.6171000    10.2726    10.2718    -0.0008     8.0914     8.0908     98.066    100.191      0.431    1443.54    1443.53  0.000e+00
      13136     99.500     5.6119     5.6120     0.0001    1.10946    1.10939          1     0.0726     0.0598       6.89     0.3817     0.2501  1.000e-12  1.5881000    10.2832    10.2826    -0.0007     8.0992     8.0987     98.561    100.697      0.402    1443.60    1443.60  0.000e+00
      13170    100.000     5.6129     5.6136     0.0007    1.11012    1.11010          1     0.0724     0.0609       6.69     0.3883     0.2122  1.000e-12  1.4872000    10.2895    10.2890    -0.0005     8.1041     8.1037     99.057    101.202      0.331    1443.62    1443.62  0.000e+00
      13207    100.500     5.6132     5.6139     0.0006    1.11028    1.11027          1     0.0717     0.0607       6.26     0.4051     0.2644  1.000e-12  1.3394000    10.2909    10.2905    -0.0003     8.1052     8.1049     99.552    101.707      0.345    1443.63    1443.63  0.000e+00
      13239    101.000     5.6138     5.6144     0.0006    1.11044    1.11043          1     0.0667     0.0617       5.78     0.4088     0.2723  1.000e-12  1.3385000    10.2922    10.2920    -0.0003     8.1062     8.1060    100.047    102.212      0.382    1443.64    1443.64  0.000e+00
      13271    101.500     5.6144     5.6150     0.0006    1.11063    1.11062          1     0.0664     0.0598       5.26     0.4107     0.2739  1.000e-12  1.3257000    10.2938    10.2935    -0.0003     8.1075     8.1072    100.542    102.717      0.355    1443.65    1443.66  0.000e+00
      13308    102.000     5.6161     5.6167     0.0006    1.11103    1.11101          1     0.0672     0.0572       4.73     0.3966     0.2610  1.000e-12  1.3102000    10.2973    10.2969    -0.0004     8.1101     8.1097    101.037    103.222      0.311    1443.67    1443.67  0.000e+00
      13349    102.500     5.6167     5.6174     0.0007    1.11113    1.11112          1     0.0672     0.0580       4.20     0.3985     0.2834  1.000e-12  1.2702000    10.2980    10.2977    -0.0003     8.1106     8.1103    101.532    103.728      0.278    1443.68    1443.69  0.000e+00
      13393    103.000     5.6168     5.6175     0.0007    1.11115    1.11114          1     0.0648     0.0561       3.78     0.4010     0.2388  1.000e-12  1.2717000    10.2981    10.2978    -0.0003     8.1107     8.1104    102.028    104.233      0.272    1443.69    1443.70  0.000e+00
      13437    103.500     5.6165     5.6172     0.0007    1.11117    1.11117          1     0.0626     0.0565       3.19     0.4024     0.2489  1.000e-12  1.2693000    10.2983    10.2980    -0.0003     8.1108     8.1106    102.523    104.738      0.252    1443.70    1443.70  0.000e+00
      13591    104.000     5.6011     5.6011     0.0000    1.10795    1.10783          1     0.0647     0.0578       2.37     0.3947     0.2457  1.000e-12  1.2490000    10.2706    10.2695    -0.0012     8.0899     8.0890    103.018    105.243     -0.245    1443.60    1443.61  0.000e+00
