ctdpy/exports/archive_20191120_135557/received_data/SBE09_1044_20180529_0031_34_07_0041.cnv
* Sea-Bird SBE 9 Data File:
* FileName = C:\ctd\temp\2018\AU18D041.hex
* Software Version Seasave V 7.26.6.26
* Temperature SN = 5351
* Conductivity SN = 3941
* Number of Bytes Per Scan = 41
* Number of Voltage Words = 4
* Number of Scans Averaged by the Deck Unit = 1
* NMEA Latitude = 55 15.00 N
* NMEA Longitude = 015 59.07 E
* NMEA UTC (Time) = May 29 2018  00:31:59
* NMEA baud rate = 4800
** Station:  BY5
** Operator:  SSip
** Ship: AURA
** Average sound velocity: 1444.32 m/s
** True-depth calculation Tue, 29 May 2018 01:08:06 +0000
** CTD Python Module SMHI /ver 3-12/ feb 2012 
** LIMS Job: 20183407-0041
** Cruise: SMHI-02-2018
** Latitude [GG MM.mm N] :
** Longitude [GG MM.mm E]:
# nquan = 26
# nvalues = 171                         
# units = specified
# name 0 = scan: Scan Count
# name 1 = prDM: Pressure, Digiquartz [db]
# name 2 = t090C: Temperature [ITS-90, deg C]
# name 3 = t190C: Temperature, 2 [ITS-90, deg C]
# name 4 = T2-T190C: Temperature Difference, 2 - 1 [ITS-90, deg C]
# name 5 = c0S/m: Conductivity [S/m]
# name 6 = c1S/m: Conductivity, 2 [S/m]
# name 7 = pumps: Pump Status
# name 8 = sbeox0ML/L: Oxygen, SBE 43 [ml/l]
# name 9 = sbeox1ML/L: Oxygen, SBE 43, 2 [ml/l]
# name 10 = altM: Altimeter [m]
# name 11 = flECO-AFL: Chl-a Fluorescence, WET Labs ECO-AFL/FL [mg/m^3]
# name 12 = flECO-AFL1: Phycocyanin Fluorescence, WET Labs ECO-AFL/FL, 2 [mg/m^3]
# name 13 = par: PAR/Irradiance, Biospherical/Lico [µE/(cm^2*s)]
# name 14 = turbWETntu0: Turbidity, WET Labs ECO [NTU]
# name 15 = sal00: Salinity, Practical [PSU]
# name 16 = sal11: Salinity, Practical, 2 [PSU]
# name 17 = secS-priS: Salinity, Practical, Difference, 2 - 1 [PSU]
# name 18 = sigma-t00: Density [sigma-t, Kg/m^3 ]
# name 19 = sigma-t11: Density, 2 [sigma-t, Kg/m^3 ]
# name 20 = depSM: Depth [salt water, m], lat = 55.25
# name 21 = depFM: Depth [true depth, m], lat = 55.25
# name 22 = dz/dtM: Descent Rate [m/s], WS = 2
# name 23 = svCM: Sound Velocity [Chen-Millero, m/s]
# name 24 = svCM1: Sound Velocity, 2 [Chen-Millero, m/s]
# name 25 = flag: flag
# span 0 =       7366,      11608       
# span 1 =      0.500,     85.500       
# span 2 =     2.7209,    13.9101       
# span 3 =     2.7226,    13.8980       
# span 4 =    -0.1907,     0.1164       
# span 5 =   0.785711,   1.809283       
# span 6 =   0.785669,   1.809288       
# span 7 =          1,          1       
# span 8 =    0.06254,    9.48508       
# span 9 =    0.04642,    9.38360       
# span 10 =       1.55,      98.13      
# span 11 =     0.2245,     7.4438      
# span 12 =     0.1200,     0.8595      
# span 13 = 1.0000e-12, 1.3525e+00      
# span 14 =     0.1135,     0.8261      
# span 15 =     7.4858,    16.8419      
# span 16 =     7.4831,    16.8415      
# span 17 =    -0.0141,     0.0014      
# span 18 =     5.0673,    13.1635      
# span 19 =     5.0685,    13.1631      
# span 20 =      0.495,     84.710      
# span 21 =      0.507,     86.407      
# span 22 =     -0.009,      0.604      
# span 23 =    1427.14,    1471.08      
# span 24 =    1427.14,    1471.03      
# span 25 = 0.0000e+00, 0.0000e+00      
# interval = decibars: 0.5              
# start_time = May 29 2018 00:31:59 [NMEA time, first data scan]
# bad_flag = -9.990e-29
*END*
[from data line 112]
       9991     56.500     3.0277     3.0281     0.0004    0.96687    0.96640          1     6.5744     6.4123      31.79     0.2725     0.1919  1.000e-12  0.1299000     9.5969     9.5917    -0.0052     7.6509     7.6467     55.982     57.205      0.488    1430.56    1430.56  0.000e+00
      10016     57.000     3.0972     3.0938    -0.0034    0.98682    0.98593          1     6.4277     6.2308      31.17     0.2730     0.1200  1.000e-12  0.1309000     9.7891     9.7807    -0.0084     7.8028     7.7961     56.477     57.710      0.526    1431.14    1431.11  0.000e+00
      10037     57.500     3.2894     3.2806    -0.0087    1.01975    1.01890          1     6.2827     5.9984      30.71     0.2940     0.2119  1.000e-12  0.1343000    10.0812    10.0749    -0.0063     8.0314     8.0266     56.972     58.215      0.573    1432.40    1432.35  0.000e+00
      10058     58.000     3.5263     3.5195    -0.0068    1.04499    1.04423          1     5.9370     5.4003      30.33     0.2957     0.2326  1.000e-12  0.1377000    10.2749    10.2690    -0.0060     8.1797     8.1751     57.468     58.721      0.567    1433.73    1433.69  0.000e+00
      10079     58.500     4.0731     4.0747     0.0016    1.08705    1.08575          1     4.9480     4.1044      29.82     0.2798     0.2496  1.000e-12  0.1582000    10.5428    10.5287    -0.0141     8.3752     8.3639     57.963     59.226      0.545    1436.54    1436.52  0.000e+00
      10102     59.000     4.4617     4.4615    -0.0004    1.12852    1.12835          1     3.8281     3.2085      29.32     0.3093     0.2773  1.000e-12  0.2463000    10.8491    10.8474    -0.0018     8.6032     8.6018     58.459     59.731      0.540    1438.66    1438.66  0.000e+00
      10124     59.500     4.6112     4.6141     0.0029    1.16228    1.16216          1     3.4234     3.2087      28.84     0.2970     0.2719  1.000e-12  0.1875000    11.1497    11.1474    -0.0022     8.8347     8.8328     58.954     60.236      0.536    1439.71    1439.72  0.000e+00
      10146     60.000     4.2675     4.2694     0.0019    1.16588    1.16587          1     3.7522     3.8129      28.14     0.3104     0.1808  1.000e-12  0.2309000    11.3041    11.3033    -0.0008     8.9717     8.9710     59.449     60.740      0.518    1438.40    1438.41  0.000e+00
      10170     60.500     4.3077     4.3123     0.0043    1.18435    1.18441          1     4.0034     3.7362      27.51     0.2960     0.2406  1.000e-12  0.2036000    11.4829    11.4820    -0.0010     9.1115     9.1106     59.945     61.245      0.494    1438.81    1438.83  0.000e+00
      10195     61.000     5.1905     5.1892    -0.0010    1.25530    1.25480          1     2.7404     1.8428      27.00     0.3062     0.2465  1.000e-12  0.2166000    11.9068    11.9021    -0.0047     9.4037     9.4000     60.440     61.750      0.491    1443.22    1443.21  0.000e+00
      10219     61.500     6.0918     6.0842    -0.0075    1.33156    1.33018          1     1.0117     0.2623      26.46     0.3434     0.1954  1.000e-12  0.3244000    12.3567    12.3457    -0.0111     9.7022     9.6940     60.935     62.254      0.520    1447.65    1447.60  0.000e+00
      10241     62.000     5.8495     5.8645     0.0150    1.34299    1.34328          1     0.5458     0.3251      25.94     0.4003     0.2368  1.000e-12  0.4447000    12.5615    12.5588    -0.0027     9.8799     9.8768     61.431     62.758      0.520    1446.88    1446.95  0.000e+00
      10266     62.500     5.7781     5.7685    -0.0095    1.34653    1.34589          1     0.8345     0.8709      25.42     0.3929     0.2686  1.000e-12  0.4301000    12.6238    12.6209    -0.0029     9.9339     9.9322     61.926     63.263      0.461    1446.67    1446.63  0.000e+00
      10294     63.000     5.8402     5.8492     0.0089    1.36729    1.36728          1     1.3108     1.3862      24.92     0.3333     0.2461  1.000e-12  0.2969000    12.8112    12.8077    -0.0036    10.0775    10.0740     62.421     63.767      0.412    1447.18    1447.21  0.000e+00
      10323     63.500     5.9609     5.9506    -0.0102    1.39620    1.39506          1     1.2355     1.0607      24.35     0.3393     0.1667  1.000e-12  0.2702000    13.0579    13.0503    -0.0076    10.2634    10.2581     62.917     64.271      0.440    1448.01    1447.96  0.000e+00
      10348     64.000     6.0187     6.0199     0.0011    1.42647    1.42608          1     0.8006     0.5384      23.89     0.3162     0.2010  1.000e-12  0.3081000    13.3424    13.3379    -0.0044    10.4834    10.4798     63.412     64.775      0.481    1448.62    1448.62  0.000e+00
      10374     64.500     6.0746     6.0742    -0.0004    1.45062    1.45010          1     0.4031     0.1549      23.30     0.3732     0.2774  1.000e-12  0.3749000    13.5649    13.5597    -0.0052    10.6544    10.6504     63.907     65.279      0.456    1449.14    1449.13  0.000e+00
      10402     65.000     6.2107     6.2078    -0.0028    1.48070    1.48017          1     0.1959     0.0483      22.72     0.3644     0.2652  1.000e-12  0.3940000    13.8146    13.8105    -0.0042    10.8409    10.8378     64.403     65.783      0.409    1450.04    1450.02  0.000e+00
      10431     65.500     6.2539     6.2546     0.0008    1.50242    1.50236          1     0.1438     0.0666      22.18     0.4016     0.2474  1.000e-12  0.4439000    14.0167    14.0159    -0.0009    10.9966    10.9958     64.898     66.287      0.422    1450.48    1450.48  0.000e+00
      10459     66.000     6.8562     6.8499    -0.0062    1.55810    1.55708          1     0.1242     0.0621      21.67     0.3615     0.2460  1.000e-12  0.4052000    14.3263    14.3188    -0.0075    11.1907    11.1853     65.393     66.790      0.432    1453.37    1453.34  0.000e+00
      10487     66.500     7.2229     7.2230     0.0001    1.59525    1.59479          1     0.1252     0.0615      21.13     0.3791     0.2708  1.000e-12  0.3751000    14.5430    14.5385    -0.0046    11.3291    11.3255     65.888     67.294      0.411    1455.16    1455.15  0.000e+00
      10516     67.000     7.2195     7.2205     0.0009    1.60760    1.60733          1     0.1445     0.0981      20.63     0.3788     0.2066  1.000e-12  0.3334000    14.6667    14.6636    -0.0031    11.4262    11.4237     66.384     67.798      0.444    1455.31    1455.31  0.000e+00
      10541     67.500     7.1355     7.1339    -0.0015    1.61369    1.61346          1     0.1703     0.1302      20.16     0.3666     0.2074  1.000e-12  0.3379000    14.7627    14.7611    -0.0015    11.5090    11.5080     66.879     68.301      0.486    1455.09    1455.08  0.000e+00
      10567     68.000     7.1922     7.1971     0.0049    1.62852    1.62843          1     0.2074     0.1832      19.68     0.3258     0.2366  1.000e-12  0.2948000    14.8857    14.8827    -0.0030    11.6004    11.5976     67.375     68.804      0.427    1455.48    1455.50  0.000e+00
      10599     68.500     7.2512     7.2482    -0.0029    1.64490    1.64420          1     0.3151     0.3081      19.16     0.3271     0.2569  1.000e-12  0.2729000    15.0226    15.0170    -0.0057    11.7023    11.6981     67.870     69.308      0.366    1455.90    1455.88  0.000e+00
      10629     69.000     7.2391     7.2396     0.0005    1.65360    1.65343          1     0.3878     0.3606      18.67     0.3135     0.2066  1.000e-12  0.2419000    15.1143    15.1124    -0.0019    11.7752    11.7737     68.365     69.811      0.446    1455.97    1455.97  0.000e+00
      10654     69.500     7.2637     7.2641     0.0004    1.66344    1.66326          1     0.3794     0.3324      18.19     0.2916     0.2147  1.000e-12  0.2407000    15.2011    15.1992    -0.0019    11.8410    11.8395     68.860     70.315      0.470    1456.19    1456.19  0.000e+00
      10681     70.000     7.2460     7.2459    -0.0001    1.67022    1.66989          1     0.3643     0.3214      17.66     0.2796     0.2334  1.000e-12  0.2418000    15.2761    15.2729    -0.0032    11.9014    11.8989     69.356     70.818      0.426    1456.22    1456.22  0.000e+00
      10710     70.500     7.2373     7.2398     0.0025    1.67933    1.67911          1     0.3822     0.3502      17.16     0.2861     0.2226  1.000e-12  0.2468000    15.3705    15.3672    -0.0033    11.9762    11.9734     69.851     71.321      0.426    1456.31    1456.32  0.000e+00
      10738     71.000     7.2095     7.2106     0.0010    1.68938    1.68907          1     0.3964     0.3583      16.66     0.3089     0.1833  1.000e-12  0.2599000    15.4829    15.4793    -0.0036    12.0668    12.0639     70.346     71.824      0.416    1456.34    1456.34  0.000e+00
      10769     71.500     7.2231     7.2232     0.0002    1.70050    1.70015          1     0.3761     0.3282      16.11     0.2962     0.2031  1.000e-12  0.2285000    15.5875    15.5838    -0.0037    12.1476    12.1447     70.842     72.328      0.372    1456.54    1456.53  0.000e+00
      10800     72.000     7.2585     7.2575    -0.0009    1.71257    1.71214          1     0.3125     0.2442      15.61     0.2951     0.2224  1.000e-12  0.2570000    15.6917    15.6878    -0.0038    12.2259    12.2230     71.337     72.831      0.438    1456.82    1456.81  0.000e+00
      10824     72.500     7.2651     7.2661     0.0010    1.72624    1.72599          1     0.2327     0.1566      15.14     0.2974     0.1956  1.000e-12  0.2722000    15.8249    15.8219    -0.0030    12.3296    12.3272     71.832     73.334      0.502    1457.02    1457.02  0.000e+00
      10849     73.000     7.1835     7.1852     0.0017    1.73036    1.73024          1     0.1543     0.0825      14.65     0.2978     0.2507  1.000e-12  0.2953000    15.9032    15.9012    -0.0020    12.3986    12.3969     72.328     73.837      0.453    1456.79    1456.80  0.000e+00
      10880     73.500     7.1053     7.1090     0.0038    1.73659    1.73630          1     0.1332     0.1023      14.02     0.3260     0.2239  1.000e-12  0.3227000    16.0015    15.9969    -0.0046    12.4830    12.4790     72.823     74.340      0.347    1456.60    1456.61  0.000e+00
      10914     74.000     7.0671     7.0686     0.0014    1.74257    1.74245          1     0.1780     0.1635      13.45     0.3272     0.2030  1.000e-12  0.2929000    16.0790    16.0772    -0.0019    12.5473    12.5457     73.318     74.843      0.411    1456.55    1456.56  0.000e+00
      10940     74.500     7.0339     7.0354     0.0015    1.74638    1.74629          1     0.1849     0.1564      12.99     0.3115     0.2343  1.000e-12  0.2652000    16.1326    16.1311    -0.0016    12.5924    12.5910     73.813     75.346      0.490    1456.49    1456.50  0.000e+00
      10964     75.000     7.0099     7.0111     0.0012    1.74976    1.74961          1     0.1499     0.1078      12.52     0.3105     0.2309  1.000e-12  0.2935000    16.1777    16.1757    -0.0021    12.6300    12.6283     74.309     75.849      0.463    1456.46    1456.46  0.000e+00
      10993     75.500     7.0010     7.0022     0.0012    1.75653    1.75627          1     0.1042     0.0620      11.97     0.3326     0.2115  1.000e-12  0.3701000    16.2500    16.2468    -0.0032    12.6875    12.6848     74.804     76.352      0.390    1456.52    1456.52  0.000e+00
      11024     76.000     6.9991     7.0001     0.0009    1.76366    1.76364          1     0.0835     0.0500      11.45     0.3265     0.1921  1.000e-12  0.3515000    16.3225    16.3219    -0.0006    12.7445    12.7439     75.299     76.854      0.404    1456.61    1456.61  0.000e+00
      11052     76.500     7.0004     7.0013     0.0009    1.76778    1.76764          1     0.0807     0.0532      10.96     0.3235     0.1756  1.000e-12  0.3335000    16.3633    16.3615    -0.0018    12.7764    12.7748     75.795     77.357      0.432    1456.67    1456.68  0.000e+00
      11081     77.000     7.0058     7.0063     0.0005    1.77343    1.77323          1     0.0794     0.0543      10.41     0.3180     0.1808  1.000e-12  0.3331000    16.4175    16.4153    -0.0022    12.8184    12.8166     76.290     77.860      0.413    1456.77    1456.77  0.000e+00
      11109     77.500     7.0132     7.0140     0.0008    1.77717    1.77709          1     0.0785     0.0525       9.91     0.3356     0.2142  1.000e-12  0.3388000    16.4516    16.4504    -0.0012    12.8444    12.8434     76.785     78.363      0.435    1456.85    1456.85  0.000e+00
      11136     78.000     7.0115     7.0126     0.0011    1.77962    1.77955          1     0.0791     0.0531       9.43     0.3344     0.2001  1.000e-12  0.3173000    16.4769    16.4757    -0.0012    12.8644    12.8634     77.281     78.866      0.454    1456.88    1456.89  0.000e+00
      11163     78.500     7.0057     7.0068     0.0011    1.78195    1.78186          1     0.0763     0.0532       8.87     0.3262     0.1926  1.000e-12  0.3451000    16.5030    16.5016    -0.0015    12.8855    12.8842     77.776     79.369      0.423    1456.90    1456.90  0.000e+00
      11193     79.000     7.0037     7.0048     0.0011    1.78436    1.78428          1     0.0764     0.0545       8.35     0.3343     0.2401  1.000e-12  0.3327000    16.5282    16.5268    -0.0014    12.9054    12.9042     78.271     79.871      0.389    1456.93    1456.94  0.000e+00
      11224     79.500     7.0042     7.0044     0.0002    1.78690    1.78678          1     0.0741     0.0506       7.85     0.3481     0.2236  1.000e-12  0.3299000    16.5534    16.5521    -0.0013    12.9251    12.9240     78.766     80.374      0.398    1456.97    1456.97  0.000e+00
      11253     80.000     7.0335     7.0338     0.0002    1.79117    1.79106          1     0.0727     0.0500       7.33     0.3267     0.2284  1.000e-12  0.2802000    16.5823    16.5810    -0.0013    12.9450    12.9440     79.262     80.877      0.448    1457.14    1457.14  0.000e+00
      11278     80.500     7.0297     7.0314     0.0017    1.79347    1.79343          1     0.0743     0.0521       6.87     0.3081     0.2151  1.000e-12  0.2985000    16.6072    16.6059    -0.0012    12.9649    12.9638     79.757     81.380      0.476    1457.16    1457.17  0.000e+00
      11304     81.000     6.9982     7.0008     0.0026    1.79420    1.79419          1     0.0734     0.0528       6.35     0.3283     0.2340  1.000e-12  0.3034000    16.6296    16.6282    -0.0014    12.9854    12.9841     80.252     81.882      0.430    1457.07    1457.08  0.000e+00
      11335     81.500     6.9632     6.9667     0.0035    1.79433    1.79432          1     0.0707     0.0529       5.78     0.3371     0.2159  1.000e-12  0.2906000    16.6476    16.6458    -0.0018    13.0028    13.0011     80.748     82.385      0.360    1456.96    1456.97  0.000e+00
      11368     82.000     6.9371     6.9387     0.0017    1.79490    1.79487          1     0.0695     0.0516       5.27     0.3334     0.2326  1.000e-12  0.3028000    16.6658    16.6648    -0.0011    13.0195    13.0185     81.243     82.888      0.414    1456.88    1456.89  0.000e+00
      11394     82.500     6.9164     6.9177     0.0013    1.79606    1.79604          1     0.0670     0.0495       4.85     0.3325     0.2216  1.000e-12  0.3190000    16.6875    16.6866    -0.0009    13.0384    13.0376     81.738     83.391      0.490    1456.83    1456.83  0.000e+00
      11418     83.000     6.9026     6.9036     0.0010    1.79812    1.79808          1     0.0661     0.0464       4.38     0.3275     0.2529  1.000e-12  0.3334000    16.7148    16.7139    -0.0009    13.0611    13.0603     82.233     83.893      0.466    1456.82    1456.82  0.000e+00
      11447     83.500     6.9068     6.9076     0.0007    1.80150    1.80141          1     0.0662     0.0481       3.82     0.3420     0.2235  1.000e-12  0.3577000    16.7469    16.7456    -0.0013    13.0858    13.0848     82.729     84.396      0.367    1456.88    1456.88  0.000e+00
