ctdpy/exports/archive_20191120_135557/received_data/SBE09_0827_20180226_0613_26_01_0311.cnv
* Sea-Bird SBE 9 Data File:
* FileName = D:\CTD_SBE911\DAT\26DA.2018.3.11.hex
* Software Version Seasave V 7.21d
* Temperature SN = 034757
* Conductivity SN = 041844
* Number of Bytes Per Scan = 48
* Number of Voltage Words = 5
* Number of Scans Averaged by the Deck Unit = 1
* NMEA Latitude = 55 40.99 N
* NMEA Longitude = 014 49.68 E
* NMEA UTC (Time) = Feb 26 2018  06:14:15
* NMEA baud rate = 4800
** Ship: DANA
** Average sound velocity: 1429.43 m/s
** True-depth calculation Tue, 02 Apr 2019 08:32:14 +0000
** CTD Python Module SMHI /ver 3-12/ feb 2012 
** LIMS Job: 20182601-0311
** Operator:
** Cruise: 02/2018
# nquan = 26
# nvalues = 113                         
# units = specified
# name 0 = scan: Scan Count
# name 1 = prDM: Pressure, Digiquartz [db]
# name 2 = t090C: Temperature [ITS-90, deg C]
# name 3 = t190C: Temperature, 2 [ITS-90, deg C]
# name 4 = T2-T190C: Temperature Difference, 2 - 1 [ITS-90, deg C]
# name 5 = c0S/m: Conductivity [S/m]
# name 6 = c1S/m: Conductivity, 2 [S/m]
# name 7 = pumps: Pump Status
# name 8 = sbeox1ML/L: Oxygen, SBE 43, 2 [ml/l]
# name 9 = sbeox0ML/L: Oxygen, SBE 43 [ml/l]
# name 10 = altM: Altimeter [m]
# name 11 = chloroflTC0: Chlorophyll, Turner Cyclops [ug/l]
# name 12 = cpar: CPAR/Corrected Irradiance [%]
# name 13 = par: PAR/Irradiance, Biospherical/Lico [µE/(cm^2*s)]
# name 14 = spar: SPAR, Biospherical/Licor
# name 15 = sal00: Salinity, Practical [PSU]
# name 16 = sal11: Salinity, Practical, 2 [PSU]
# name 17 = secS-priS: Salinity, Practical, Difference, 2 - 1 [PSU]
# name 18 = sigma-t00: Density [sigma-t, kg/m^3 ]
# name 19 = sigma-t11: Density, 2 [sigma-t, kg/m^3 ]
# name 20 = depSM: Depth [salt water, m], lat = 55.6832
# name 21 = depFM: Depth [true depth, m], lat = 55.6832
# name 22 = dz/dtM: Descent Rate [m/s], WS = 2
# name 23 = svCM: Sound Velocity [Chen-Millero, m/s]
# name 24 = svCM1: Sound Velocity, 2 [Chen-Millero, m/s]
# name 25 = flag: flag
# span 0 =        138,       6073       
# span 1 =      2.000,     58.000       
# span 2 =     3.3561,     5.3674       
# span 3 =     3.3639,     5.4411       
# span 4 =    -0.3392,     0.0736       
# span 5 =   0.736771,   0.952482       
# span 6 =   0.078611,   0.960185       
# span 7 =          0,          1       
# span 8 =     2.8804,     8.5571       
# span 9 =    -3.7903,    15.0176       
# span 10 =       0.91,      10.00      
# span 11 =     0.0115,     0.0189      
# span 12 = -6.141e-04, 5.0865e+00      
# span 13 = -2.993e-04, 2.3758e+00      
# span 14 = 4.6709e+01, 5.6908e+01      
# span 15 =     7.0996,     8.7949      
# span 16 =     0.6654,     8.8550      
# span 17 =    -6.7118,     0.0600      
# span 18 =     5.6560,     6.9383      
# span 19 =     0.5092,     6.9834      
# span 20 =      1.982,     57.466      
# span 21 =      2.026,     58.723      
# span 22 =     -0.031,      0.671      
# span 23 =    1427.97,    1440.00      
# span 24 =    1419.63,    1440.40      
# span 25 = 0.0000e+00, 0.0000e+00      
# interval = decibars: 0.5              
# start_time = Feb 26 2018 06:14:15 [NMEA time, first data scan]
# bad_flag = -9.990e-29
*END*
        138      2.000     3.3561     3.3692     0.0132    0.73677    0.21585          0     2.9796    14.4559      10.00     0.0171  5.087e+00  2.376e+00  4.671e+01     7.0996     1.9210    -5.1786     5.6560     1.5183      1.982      2.026      0.214    1427.97    1421.29  0.000e+00
        236      2.500     3.3646     3.3675     0.0029    0.76376    0.07861          0     2.9792    -3.7903      10.00     0.0171  4.181e+00  1.953e+00  4.671e+01     7.3772     0.6654    -6.7118     5.8771     0.5092      2.477      2.532      0.671    1428.38    1419.63  0.000e+00
        278      3.000     3.3637     3.3660     0.0023    0.76278    0.13669          0     2.9845     6.7595      10.00     0.0154  3.332e+00  1.556e+00  4.671e+01     7.3671     1.1884    -6.1787     5.8691     0.9300      2.973      3.038      0.369    1428.37    1420.33  0.000e+00
        364      3.500     3.3636     3.3639     0.0003    0.75960    0.17584          0     2.9995    11.6163      10.00     0.0162  3.003e+00  1.403e+00  4.671e+01     7.3341     1.5471    -5.7870     5.8428     1.2183      3.468      3.545      0.533    1428.33    1420.80  0.000e+00
        378      4.000     3.3645     3.3642    -0.0002    0.76512    0.14638          0     2.9951    11.6761      10.00     0.0167  2.491e+00  1.163e+00  4.671e+01     7.3911     1.2759    -6.1152     5.8882     1.0004      3.964      4.051      0.628    1428.42    1420.45  0.000e+00
        432      4.500     3.3647     3.3649     0.0002    0.76496    0.11826          0     2.9979    12.2826      10.00     0.0163  2.142e+00  1.001e+00  4.671e+01     7.3893     1.0205    -6.3687     5.8867     0.7950      4.459      4.557      0.451    1428.43    1420.12  0.000e+00
        496      5.000     3.3647     3.3650     0.0003    0.76626    0.09936          0     3.0045    13.1711      10.00     0.0164  1.885e+00  9.005e-01  4.781e+01     7.4027     0.8496    -6.5531     5.8974     0.6575      4.955      5.063      0.581    1428.45    1419.91  0.000e+00
        519      5.500     3.3653     3.3650    -0.0003    0.76733    0.10043          0     3.0072    13.4971      10.00     0.0164  1.401e+00  6.810e-01  4.863e+01     7.4135     0.8592    -6.5544     5.9060     0.6652      5.450      5.570      0.418    1428.48    1419.93  0.000e+00
        624      6.000     3.3769     3.3760    -0.0009    0.76557    0.08617          0     3.0005    14.7058      10.00     0.0159  1.198e+00  5.842e-01  4.875e+01     7.3926     0.7318    -6.6608     5.8892     0.5627      5.945      6.076      0.351    1428.51    1419.82  0.000e+00
        645      6.500     3.3782     3.3769    -0.0012    0.76677    0.12483          0     3.0058    15.0176      10.00     0.0159  1.004e+00  4.895e-01  4.874e+01     7.4046     1.0790    -6.3256     5.8987     0.8422      6.441      6.582      0.515    1428.54    1420.29  0.000e+00
        692      7.000     3.3778     3.3789     0.0011    0.76678    0.15448          0     2.9657    14.9834      10.00     0.0156  7.651e-01  3.729e-01  4.874e+01     7.4048     1.3496    -6.0552     5.8989     1.0596      6.936      7.089      0.374    1428.55    1420.66  0.000e+00
        760      7.500     3.3779     3.3791     0.0013    0.74709    0.17280          1     2.8826    12.4270       9.94     0.0150  6.782e-01  3.306e-01  4.874e+01     7.2028     1.5249    -5.6779     5.7378     1.2001      7.432      7.595      0.641    1428.29    1420.90  0.000e+00
        778      8.000     3.3761     3.3783     0.0022    0.77712    0.17721          1     2.8804    10.0209       9.94     0.0154  4.787e-01  2.333e-01  4.874e+01     7.5125     1.5882    -5.9244     5.9847     1.2496      7.927      8.101      0.574    1428.69    1420.98  0.000e+00
        835      8.500     3.3754     3.3763     0.0009    0.77792    0.75168          1     2.9415     8.5924       9.97     0.0158  3.266e-01  1.592e-01  4.874e+01     7.5208     7.2547    -0.2660     5.9913     5.7790      8.423      8.607      0.296    1428.71    1428.37  0.000e+00
        886      9.000     3.3733     3.3748     0.0015    0.77830    0.77804          1     3.1006     8.7485       9.98     0.0159  2.718e-01  1.325e-01  4.874e+01     7.5251     7.5221    -0.0030     5.9948     5.9924      8.918      9.114      0.391    1428.71    1428.72  0.000e+00
        919      9.500     3.3694     3.3705     0.0011    0.77899    0.77826          1     3.2736     8.9052       9.98     0.0162  1.706e-01  8.314e-02  4.874e+01     7.5331     7.5253    -0.0078     6.0012     5.9950      9.414      9.620      0.314    1428.71    1428.71  0.000e+00
        979     10.000     3.3747     3.3727    -0.0020    0.77986    0.77852          1     3.5540     9.2055       9.98     0.0167  1.276e-01  6.219e-02  4.874e+01     7.5408     7.5274    -0.0134     6.0073     5.9966      9.909     10.126      0.217    1428.76    1428.73  0.000e+00
       1030     10.500     3.3770     3.3767    -0.0003    0.78028    0.77886          1     3.7013     9.4618       9.97     0.0166  8.150e-02  3.972e-02  4.874e+01     7.5446     7.5300    -0.0147     6.0103     5.9986     10.404     10.632      0.318    1428.78    1428.76  0.000e+00
       1070     11.000     3.3768     3.3764    -0.0004    0.78041    0.77906          1     3.7248     9.5281       9.97     0.0166  1.502e-02  7.322e-03  4.874e+01     7.5459     7.5320    -0.0139     6.0113     6.0002     10.900     11.139      0.257    1428.79    1428.77  0.000e+00
       1119     11.500     3.3771     3.3766    -0.0005    0.78052    0.77920          1     3.8196     9.5556       9.96     0.0159 -6.141e-04 -2.993e-04  4.874e+01     7.5469     7.5334    -0.0135     6.0121     6.0013     11.395     11.645      0.296    1428.80    1428.78  0.000e+00
       1154     12.000     3.3731     3.3757     0.0026    0.78044    0.77923          1     4.0756     9.5905       9.96     0.0167  2.052e-12  1.000e-12  4.874e+01     7.5470     7.5338    -0.0132     6.0122     6.0016     11.891     12.151      0.317    1428.79    1428.78  0.000e+00
       1225     12.500     3.3733     3.3731    -0.0002    0.78050    0.77920          1     4.9615     9.5527       9.96     0.0162  2.052e-12  1.000e-12  4.874e+01     7.5474     7.5340    -0.0134     6.0126     6.0019     12.386     12.657      0.238    1428.80    1428.78  0.000e+00
       1284     13.000     3.3754     3.3753    -0.0001    0.78058    0.77960          1     5.5487     9.5678       9.96     0.0158  2.052e-12  1.000e-12  4.874e+01     7.5478     7.5376    -0.0102     6.0128     6.0047     12.882     13.163      0.471    1428.81    1428.80  0.000e+00
       1304     13.500     3.3744     3.3746     0.0001    0.78057    0.77964          1     5.6558     9.6087       9.96     0.0148  2.044e-12  1.000e-12  4.894e+01     7.5478     7.5381    -0.0098     6.0129     6.0051     13.377     13.670      0.552    1428.82    1428.81  0.000e+00
       1333     14.000     3.3741     3.3742     0.0001    0.78059    0.77966          1     5.8438     9.5972       9.96     0.0139  2.041e-12  1.000e-12  4.902e+01     7.5480     7.5383    -0.0097     6.0130     6.0053     13.873     14.176      0.372    1428.83    1428.81  0.000e+00
       1436     14.500     3.3699     3.3700     0.0002    0.78047    0.77965          1     7.2330     9.5378       9.96     0.0121  2.026e-12  1.000e-12  4.937e+01     7.5477     7.5392    -0.0085     6.0128     6.0060     14.368     14.682      0.372    1428.81    1428.80  0.000e+00
       1456     15.000     3.3702     3.3701    -0.0001    0.78049    0.77967          1     7.4403     9.5570       9.96     0.0122  1.984e-12  1.000e-12  5.043e+01     7.5477     7.5392    -0.0085     6.0128     6.0061     14.863     15.188      0.481    1428.82    1428.81  0.000e+00
       1485     15.500     3.3705     3.3705    -0.0000    0.78051    0.77972          1     7.7024     9.5583       9.96     0.0120  1.983e-12  1.000e-12  5.043e+01     7.5478     7.5395    -0.0083     6.0129     6.0063     15.359     15.695      0.340    1428.83    1428.82  0.000e+00
       1568     16.000     3.3721     3.3713    -0.0008    0.78059    0.77980          1     8.1973     9.5514       9.96     0.0122  1.975e-12  1.000e-12  5.063e+01     7.5482     7.5401    -0.0080     6.0132     6.0068     15.854     16.201      0.256    1428.85    1428.83  0.000e+00
       1617     16.500     3.3751     3.3722    -0.0029    0.78069    0.77983          1     8.3529     9.5552       9.96     0.0119  1.970e-12  1.000e-12  5.077e+01     7.5485     7.5402    -0.0082     6.0134     6.0068     16.350     16.707      0.382    1428.87    1428.85  0.000e+00
       1645     17.000     3.3744     3.3749     0.0005    0.78067    0.77994          1     8.4183     9.5715       9.96     0.0120  1.970e-12  1.000e-12  5.077e+01     7.5483     7.5406    -0.0077     6.0133     6.0071     16.845     17.213      0.392    1428.88    1428.87  0.000e+00
       1684     17.500     3.3724     3.3724     0.0000    0.78062    0.77991          1     8.4645     9.6041       9.96     0.0120  1.970e-12  1.000e-12  5.077e+01     7.5482     7.5409    -0.0074     6.0132     6.0073     17.341     17.720      0.238    1428.87    1428.86  0.000e+00
       1745     18.000     3.3733     3.3728    -0.0005    0.78065    0.77994          1     8.5172     9.6342       9.96     0.0115  1.970e-12  1.000e-12  5.077e+01     7.5483     7.5410    -0.0073     6.0132     6.0074     17.836     18.226      0.240    1428.89    1428.87  0.000e+00
       1792     18.500     3.3709     3.3722     0.0013    0.78059    0.77995          1     8.5377     9.6520       9.96     0.0121  1.970e-12  1.000e-12  5.077e+01     7.5481     7.5412    -0.0069     6.0131     6.0076     18.331     18.732      0.256    1428.88    1428.88  0.000e+00
       1836     19.000     3.3746     3.3714    -0.0032    0.78072    0.77993          1     8.5486     9.6421       9.96     0.0116  1.970e-12  1.000e-12  5.077e+01     7.5485     7.5411    -0.0074     6.0134     6.0075     18.827     19.238      0.307    1428.91    1428.88  0.000e+00
       1872     19.500     3.3769     3.3758    -0.0010    0.78080    0.78008          1     8.5525     9.6615       9.96     0.0122  1.970e-12  1.000e-12  5.077e+01     7.5487     7.5415    -0.0072     6.0136     6.0078     19.322     19.744      0.335    1428.93    1428.91  0.000e+00
       1910     20.000     3.3767     3.3767     0.0000    0.78080    0.78014          1     8.5571     9.6833       9.96     0.0122  1.970e-12  1.000e-12  5.077e+01     7.5487     7.5419    -0.0069     6.0135     6.0081     19.818     20.251      0.273    1428.93    1428.92  0.000e+00
       1974     20.500     3.3742     3.3748     0.0007    0.78072    0.77996          1     8.4854     9.6829       9.96     0.0122  1.970e-12  1.000e-12  5.077e+01     7.5485     7.5404    -0.0081     6.0134     6.0069     20.313     20.757      0.241    1428.93    1428.92  0.000e+00
       2015     21.000     3.3743     3.3735    -0.0009    0.78073    0.78006          1     8.4386     9.7021       9.96     0.0122  1.970e-12  1.000e-12  5.077e+01     7.5485     7.5417    -0.0068     6.0134     6.0080     20.808     21.263      0.404    1428.94    1428.92  0.000e+00
       2044     21.500     3.3777     3.3744    -0.0033    0.78086    0.78009          1     8.4115     9.7087       9.96     0.0122  1.970e-12  1.000e-12  5.077e+01     7.5489     7.5416    -0.0072     6.0136     6.0079     21.304     21.769      0.348    1428.96    1428.94  0.000e+00
       2102     22.000     3.3789     3.3776    -0.0012    0.78093    0.78017          1     8.3023     9.6925       9.96     0.0121  1.970e-12  1.000e-12  5.077e+01     7.5493     7.5417    -0.0076     6.0139     6.0079     21.799     22.276      0.215    1428.97    1428.96  0.000e+00
       2157     22.500     3.3787     3.3782    -0.0004    0.78094    0.78026          1     8.1474     9.6802       9.96     0.0122  1.970e-12  1.000e-12  5.077e+01     7.5493     7.5424    -0.0069     6.0140     6.0085     22.295     22.782      0.281    1428.98    1428.97  0.000e+00
       2198     23.000     3.3792     3.3782    -0.0010    0.78096    0.78024          1     8.0778     9.6488       9.96     0.0122  1.968e-12  1.000e-12  5.082e+01     7.5494     7.5421    -0.0073     6.0140     6.0082     22.790     23.288      0.297    1428.99    1428.98  0.000e+00
       2237     23.500     3.3762     3.3778     0.0016    0.78087    0.78015          1     8.0480     9.6748       9.96     0.0122  1.964e-12  1.000e-12  5.093e+01     7.5490     7.5412    -0.0078     6.0138     6.0076     23.285     23.794      0.316    1428.99    1428.98  0.000e+00
       2276     24.000     3.3844     3.3779    -0.0065    0.78120    0.78024          1     8.0885     9.7071       9.96     0.0122  1.941e-12  1.000e-12  5.155e+01     7.5505     7.5420    -0.0084     6.0148     6.0082     23.781     24.300      0.258    1429.03    1428.99  0.000e+00
       2347     24.500     3.3887     3.3871    -0.0015    0.78133    0.78064          1     8.1803     9.6924       9.96     0.0121  1.898e-12  1.000e-12  5.270e+01     7.5508     7.5440    -0.0068     6.0150     6.0097     24.276     24.807      0.321    1429.06    1429.05  0.000e+00
       2377     25.000     3.3881     3.3894     0.0014    0.78130    0.78059          1     8.1707     9.7043       9.96     0.0120  1.897e-12  1.000e-12  5.272e+01     7.5506     7.5429    -0.0077     6.0148     6.0087     24.772     25.313      0.480    1429.07    1429.06  0.000e+00
       2403     25.500     3.3868     3.3883     0.0015    0.78126    0.78064          1     8.1792     9.7038       9.96     0.0121  1.894e-12  1.000e-12  5.280e+01     7.5504     7.5436    -0.0068     6.0147     6.0093     25.267     25.819      0.357    1429.07    1429.07  0.000e+00
       2484     26.000     3.3883     3.3874    -0.0009    0.78131    0.78057          1     8.1713     9.6885       9.96     0.0122  1.894e-12  1.000e-12  5.280e+01     7.5505     7.5430    -0.0075     6.0147     6.0088     25.762     26.325      0.296    1429.08    1429.07  0.000e+00
       2516     26.500     3.3865     3.3868     0.0002    0.78125    0.78064          1     8.1775     9.6887       9.96     0.0121  1.894e-12  1.000e-12  5.280e+01     7.5502     7.5438    -0.0064     6.0145     6.0095     26.258     26.832      0.402    1429.08    1429.07  0.000e+00
       2558     27.000     3.3863     3.3867     0.0004    0.78125    0.78063          1     8.1886     9.6677       9.96     0.0122  1.894e-12  1.000e-12  5.280e+01     7.5502     7.5436    -0.0066     6.0146     6.0093     26.753     27.338      0.244    1429.09    1429.08  0.000e+00
       2624     27.500     3.3873     3.3867    -0.0006    0.78130    0.78065          1     8.1641     9.6411       9.96     0.0119  1.894e-12  1.000e-12  5.280e+01     7.5504     7.5438    -0.0066     6.0147     6.0095     27.249     27.844      0.344    1429.10    1429.09  0.000e+00
       2653     28.000     3.3870     3.3869    -0.0001    0.78129    0.78067          1     8.1528     9.6380       9.96     0.0122  1.894e-12  1.000e-12  5.280e+01     7.5503     7.5438    -0.0064     6.0146     6.0095     27.744     28.350      0.358    1429.11    1429.10  0.000e+00
       2704     28.500     3.3970     3.3925    -0.0045    0.78175    0.78082          1     8.1643     9.6402       9.96     0.0120  1.894e-12  1.000e-12  5.280e+01     7.5526     7.5441    -0.0086     6.0163     6.0096     28.239     28.856      0.204    1429.16    1429.13  0.000e+00
       2765     29.000     3.4210     3.4140    -0.0070    0.78264    0.78154          1     8.1485     9.6278       9.96     0.0116  1.894e-12  1.000e-12  5.280e+01     7.5562     7.5465    -0.0097     6.0188     6.0112     28.735     29.363      0.253    1429.28    1429.24  0.000e+00
