ctdpy/exports/archive_20191120_135557/received_data/SBE09_0827_20180302_1254_26_01_0347.cnv
* Sea-Bird SBE 9 Data File:
* FileName = D:\CTD_SBE911\DAT\26DA.2018.3.47.hex
* Software Version Seasave V 7.21d
* Temperature SN = 034757
* Conductivity SN = 041844
* Number of Bytes Per Scan = 48
* Number of Voltage Words = 5
* Number of Scans Averaged by the Deck Unit = 1
* NMEA Latitude = 57 28.84 N
* NMEA Longitude = 019 15.77 E
* NMEA UTC (Time) = Mar 02 2018  12:54:44
* NMEA baud rate = 4800
** Ship: DANA
** Average sound velocity: 1426.85 m/s
** True-depth calculation Tue, 02 Apr 2019 12:09:32 +0000
** CTD Python Module SMHI /ver 3-12/ feb 2012 
** LIMS Job: 20182601-0347
** Operator:
** Cruise: 02/2018
# nquan = 26
# nvalues = 134                         
# units = specified
# name 0 = scan: Scan Count
# name 1 = prDM: Pressure, Digiquartz [db]
# name 2 = t090C: Temperature [ITS-90, deg C]
# name 3 = t190C: Temperature, 2 [ITS-90, deg C]
# name 4 = T2-T190C: Temperature Difference, 2 - 1 [ITS-90, deg C]
# name 5 = c0S/m: Conductivity [S/m]
# name 6 = c1S/m: Conductivity, 2 [S/m]
# name 7 = pumps: Pump Status
# name 8 = sbeox1ML/L: Oxygen, SBE 43, 2 [ml/l]
# name 9 = sbeox0ML/L: Oxygen, SBE 43 [ml/l]
# name 10 = altM: Altimeter [m]
# name 11 = chloroflTC0: Chlorophyll, Turner Cyclops [ug/l]
# name 12 = cpar: CPAR/Corrected Irradiance [%]
# name 13 = par: PAR/Irradiance, Biospherical/Lico [µE/(cm^2*s)]
# name 14 = spar: SPAR, Biospherical/Licor
# name 15 = sal00: Salinity, Practical [PSU]
# name 16 = sal11: Salinity, Practical, 2 [PSU]
# name 17 = secS-priS: Salinity, Practical, Difference, 2 - 1 [PSU]
# name 18 = sigma-t00: Density [sigma-t, kg/m^3 ]
# name 19 = sigma-t11: Density, 2 [sigma-t, kg/m^3 ]
# name 20 = depSM: Depth [salt water, m], lat = 57.4807
# name 21 = depFM: Depth [true depth, m], lat = 57.4807
# name 22 = dz/dtM: Descent Rate [m/s], WS = 2
# name 23 = svCM: Sound Velocity [Chen-Millero, m/s]
# name 24 = svCM1: Sound Velocity, 2 [Chen-Millero, m/s]
# name 25 = flag: flag
# span 0 =         54,       6848       
# span 1 =      0.500,     67.000       
# span 2 =     2.8646,     4.6885       
# span 3 =     2.8651,     4.4047       
# span 4 =    -0.7474,     0.0013       
# span 5 =   0.756256,   0.924456       
# span 6 =   0.755540,   0.878463       
# span 7 =          1,          1       
# span 8 =     4.2332,     8.5704       
# span 9 =     2.9229,     8.5155       
# span 10 =       0.27,      10.00      
# span 11 =     0.0111,     0.0157      
# span 12 = -1.194e-04, 2.4141e+01      
# span 13 = -1.624e-04, 3.2860e+01      
# span 14 = 1.3404e+02, 1.4420e+02      
# span 15 =     7.4134,     8.6915      
# span 16 =     7.4057,     8.3760      
# span 17 =    -0.5797,    -0.0067      
# span 18 =     5.9114,     6.8858      
# span 19 =     5.9053,     6.6601      
# span 20 =      0.495,     66.371      
# span 21 =      0.506,     67.840      
# span 22 =     -0.274,      0.998      
# span 23 =    1426.10,    1436.99      
# span 24 =    1426.09,    1435.25      
# span 25 = 0.0000e+00, 0.0000e+00      
# interval = decibars: 0.5              
# start_time = Mar 02 2018 12:54:45 [NMEA time, first data scan]
# bad_flag = -9.990e-29
*END*
[from data line 56]
       2794     28.500     2.8718     2.8715    -0.0003    0.75674    0.75606          1     8.5439     8.4947       9.95     0.0122  7.241e-13  1.000e-12  1.381e+02     7.4135     7.4065    -0.0071     5.9115     5.9059     28.235     28.858      0.594    1426.57    1426.56  0.000e+00
       2814     29.000     2.8707     2.8709     0.0002    0.75672    0.75606          1     8.5519     8.5095       9.95     0.0121  7.241e-13  1.000e-12  1.381e+02     7.4134     7.4064    -0.0070     5.9114     5.9058     28.730     29.364      0.519    1426.57    1426.57  0.000e+00
       2859     29.500     2.8706     2.8715     0.0010    0.75672    0.75606          1     8.5611     8.5121       9.95     0.0121  7.241e-13  1.000e-12  1.381e+02     7.4134     7.4063    -0.0071     5.9114     5.9057     29.226     29.870      0.256    1426.58    1426.58  0.000e+00
       2926     30.000     2.8706     2.8707     0.0002    0.75672    0.75605          1     8.5502     8.5113       9.95     0.0142  7.241e-13  1.000e-12  1.381e+02     7.4134     7.4063    -0.0071     5.9114     5.9057     29.721     30.377      0.285    1426.59    1426.58  0.000e+00
       2964     30.500     2.8708     2.8713     0.0005    0.75673    0.75607          1     8.5618     8.5126       9.95     0.0122  7.241e-13  1.000e-12  1.381e+02     7.4134     7.4063    -0.0071     5.9114     5.9057     30.216     30.883      0.305    1426.60    1426.59  0.000e+00
       3017     31.000     2.8709     2.8713     0.0004    0.75675    0.75606          1     8.5602     8.5026       9.95     0.0122  7.241e-13  1.000e-12  1.381e+02     7.4134     7.4061    -0.0073     5.9114     5.9056     30.712     31.389      0.226    1426.61    1426.60  0.000e+00
       3102     31.500     2.8710     2.8708    -0.0002    0.75675    0.75607          1     8.5399     8.5076       9.95     0.0122  7.241e-13  1.000e-12  1.381e+02     7.4134     7.4063    -0.0071     5.9114     5.9057     31.207     31.895      0.414    1426.61    1426.60  0.000e+00
       3121     32.000     2.8711     2.8706    -0.0005    0.75676    0.75606          1     8.5409     8.5093       9.95     0.0122  7.236e-13  1.000e-12  1.382e+02     7.4134     7.4061    -0.0073     5.9114     5.9056     31.702     32.402      0.551    1426.62    1426.61  0.000e+00
       3147     32.500     2.8711     2.8709    -0.0002    0.75677    0.75607          1     8.5510     8.5100       9.95     0.0122  7.200e-13  1.000e-12  1.389e+02     7.4134     7.4061    -0.0073     5.9114     5.9056     32.198     32.908      0.382    1426.63    1426.62  0.000e+00
       3246     33.000     2.8718     2.8715    -0.0003    0.75680    0.75610          1     8.5570     8.4856       9.95     0.0119  7.130e-13  1.000e-12  1.402e+02     7.4135     7.4062    -0.0073     5.9115     5.9057     32.693     33.414      0.340    1426.64    1426.63  0.000e+00
       3265     33.500     2.8710     2.8708    -0.0001    0.75679    0.75609          1     8.5510     8.4934       9.95     0.0122  7.136e-13  1.000e-12  1.401e+02     7.4135     7.4061    -0.0074     5.9115     5.9056     33.188     33.920      0.508    1426.65    1426.64  0.000e+00
       3290     34.000     2.8713     2.8711    -0.0002    0.75680    0.75611          1     8.5509     8.4991       9.95     0.0122  7.136e-13  1.000e-12  1.401e+02     7.4135     7.4062    -0.0073     5.9115     5.9057     33.684     34.427      0.368    1426.65    1426.65  0.000e+00
       3412     34.500     2.8718     2.8714    -0.0004    0.75683    0.75613          1     8.5263     8.5074       9.95     0.0121  7.136e-13  1.000e-12  1.401e+02     7.4136     7.4064    -0.0072     5.9115     5.9058     34.179     34.933      0.605    1426.67    1426.65  0.000e+00
       3426     35.000     2.8716     2.8714    -0.0002    0.75683    0.75613          1     8.5305     8.5045       9.95     0.0122  7.136e-13  1.000e-12  1.401e+02     7.4136     7.4063    -0.0073     5.9116     5.9057     34.674     35.439      0.689    1426.67    1426.66  0.000e+00
       3443     35.500     2.8717     2.8714    -0.0003    0.75684    0.75613          1     8.5435     8.5077       9.95     0.0134  7.136e-13  1.000e-12  1.401e+02     7.4136     7.4062    -0.0073     5.9115     5.9057     35.170     35.946      0.571    1426.68    1426.67  0.000e+00
       3519     36.000     2.8721     2.8718    -0.0003    0.75685    0.75616          1     8.5522     8.5143       9.95     0.0123  7.136e-13  1.000e-12  1.401e+02     7.4135     7.4064    -0.0072     5.9115     5.9058     35.665     36.452      0.320    1426.69    1426.68  0.000e+00
       3572     36.500     2.8720     2.8722     0.0002    0.75685    0.75618          1     8.5485     8.4930       9.95     0.0122  7.136e-13  1.000e-12  1.401e+02     7.4135     7.4065    -0.0071     5.9115     5.9059     36.160     36.958      0.473    1426.70    1426.69  0.000e+00
       3599     37.000     2.8736     2.8723    -0.0012    0.75690    0.75619          1     8.5543     8.4878       9.95     0.0122  7.136e-13  1.000e-12  1.401e+02     7.4135     7.4065    -0.0071     5.9115     5.9058     36.655     37.464      0.356    1426.71    1426.70  0.000e+00
       3707     37.500     2.8761     2.8734    -0.0026    0.75698    0.75621          1     8.5463     8.5009       9.95     0.0128  7.136e-13  1.000e-12  1.401e+02     7.4138     7.4063    -0.0075     5.9117     5.9057     37.151     37.971      0.367    1426.73    1426.71  0.000e+00
       3731     38.000     2.8768     2.8763    -0.0005    0.75701    0.75629          1     8.5285     8.4936       9.95     0.0122  7.136e-13  1.000e-12  1.401e+02     7.4138     7.4063    -0.0075     5.9117     5.9057     37.646     38.477      0.599    1426.74    1426.73  0.000e+00
       3749     38.500     2.8761     2.8753    -0.0009    0.75700    0.75629          1     8.5281     8.4965       9.95     0.0122  7.136e-13  1.000e-12  1.401e+02     7.4138     7.4066    -0.0072     5.9117     5.9059     38.141     38.983      0.560    1426.75    1426.73  0.000e+00
       3807     39.000     2.8756     2.8757     0.0002    0.75698    0.75630          1     8.5389     8.4985       9.95     0.0126  7.136e-13  1.000e-12  1.401e+02     7.4137     7.4065    -0.0072     5.9116     5.9058     38.637     39.490      0.363    1426.75    1426.75  0.000e+00
       3870     39.500     2.8757     2.8751    -0.0005    0.75699    0.75631          1     8.5384     8.4872       9.95     0.0124  7.136e-13  1.000e-12  1.401e+02     7.4137     7.4066    -0.0070     5.9116     5.9060     39.132     39.996      0.550    1426.76    1426.75  0.000e+00
       3891     40.000     2.8759     2.8756    -0.0003    0.75700    0.75632          1     8.5451     8.4988       9.95     0.0122  7.136e-13  1.000e-12  1.401e+02     7.4137     7.4066    -0.0071     5.9116     5.9059     39.627     40.502      0.443    1426.77    1426.76  0.000e+00
       3982     40.500     2.8771     2.8764    -0.0007    0.75704    0.75633          1     8.5512     8.4997       9.95     0.0118  7.136e-13  1.000e-12  1.401e+02     7.4138     7.4065    -0.0073     5.9117     5.9058     40.122     41.008      0.343    1426.78    1426.77  0.000e+00
       4013     41.000     2.8764     2.8760    -0.0004    0.75703    0.75633          1     8.5478     8.4961       9.95     0.0122  7.136e-13  1.000e-12  1.401e+02     7.4137     7.4065    -0.0072     5.9116     5.9059     40.618     41.515      0.432    1426.79    1426.78  0.000e+00
       4050     41.500     2.8768     2.8768     0.0000    0.75704    0.75635          1     8.5531     8.5010       9.95     0.0121  7.136e-13  1.000e-12  1.401e+02     7.4137     7.4065    -0.0072     5.9116     5.9058     41.113     42.021      0.264    1426.80    1426.79  0.000e+00
       4105     42.000     2.8788     2.8771    -0.0017    0.75712    0.75637          1     8.5559     8.5031       9.95     0.0122  7.136e-13  1.000e-12  1.401e+02     7.4140     7.4065    -0.0075     5.9118     5.9058     41.608     42.527      0.193    1426.81    1426.80  0.000e+00
       4170     42.500     2.8787     2.8779    -0.0008    0.75712    0.75641          1     8.5558     8.5147       9.95     0.0121  7.126e-13  1.000e-12  1.403e+02     7.4140     7.4067    -0.0073     5.9118     5.9060     42.104     43.033      0.262    1426.82    1426.81  0.000e+00
       4206     43.000     2.8788     2.8788     0.0000    0.75713    0.75645          1     8.5541     8.5093       9.95     0.0122  7.136e-13  1.000e-12  1.401e+02     7.4139     7.4068    -0.0071     5.9117     5.9061     42.599     43.540      0.343    1426.83    1426.82  0.000e+00
       4249     43.500     2.8790     2.8787    -0.0004    0.75714    0.75644          1     8.5497     8.4924       9.95     0.0122  7.136e-13  1.000e-12  1.401e+02     7.4139     7.4067    -0.0072     5.9118     5.9060     43.094     44.046      0.227    1426.84    1426.83  0.000e+00
       4314     44.000     2.8776     2.8785     0.0008    0.75710    0.75645          1     8.5521     8.4934       9.95     0.0120  7.128e-13  1.000e-12  1.403e+02     7.4137     7.4068    -0.0070     5.9116     5.9060     43.589     44.552      0.202    1426.84    1426.84  0.000e+00
       4363     44.500     2.8777     2.8780     0.0003    0.75710    0.75644          1     8.5506     8.4885       9.95     0.0122  7.137e-13  1.000e-12  1.401e+02     7.4137     7.4067    -0.0071     5.9116     5.9060     44.085     45.059      0.373    1426.85    1426.84  0.000e+00
       4390     45.000     2.8777     2.8782     0.0004    0.75711    0.75644          1     8.5506     8.4962       9.95     0.0120  7.136e-13  1.000e-12  1.401e+02     7.4137     7.4066    -0.0072     5.9116     5.9059     44.580     45.565      0.427    1426.86    1426.85  0.000e+00
       4430     45.500     2.8781     2.8781    -0.0001    0.75713    0.75644          1     8.5404     8.5031       9.95     0.0121  7.122e-13  1.000e-12  1.404e+02     7.4138     7.4065    -0.0072     5.9116     5.9059     45.075     46.071      0.252    1426.87    1426.86  0.000e+00
       4523     46.000     2.8780     2.8777    -0.0004    0.75714    0.75644          1     8.5447     8.4983       9.95     0.0121  7.121e-13  1.000e-12  1.404e+02     7.4138     7.4065    -0.0072     5.9117     5.9059     45.571     46.577      0.283    1426.87    1426.86  0.000e+00
       4554     46.500     2.8784     2.8779    -0.0004    0.75715    0.75645          1     8.5455     8.4938       9.95     0.0122  7.136e-13  1.000e-12  1.401e+02     7.4138     7.4065    -0.0073     5.9117     5.9059     46.066     47.084      0.398    1426.88    1426.87  0.000e+00
       4585     47.000     2.8788     2.8781    -0.0008    0.75718    0.75648          1     8.5526     8.4935       9.95     0.0121  7.131e-13  1.000e-12  1.402e+02     7.4139     7.4067    -0.0072     5.9117     5.9060     46.561     47.590      0.311    1426.90    1426.88  0.000e+00
       4675     47.500     2.8784     2.8780    -0.0004    0.75716    0.75647          1     8.5372     8.5003       9.95     0.0122  7.107e-13  1.000e-12  1.407e+02     7.4138     7.4066    -0.0072     5.9116     5.9059     47.056     48.096      0.337    1426.90    1426.89  0.000e+00
       4703     48.000     2.8783     2.8781    -0.0003    0.75717    0.75650          1     8.5343     8.5006       9.95     0.0122  7.136e-13  1.000e-12  1.401e+02     7.4138     7.4068    -0.0070     5.9117     5.9061     47.552     48.602      0.567    1426.91    1426.90  0.000e+00
       4723     48.500     2.8791     2.8789    -0.0002    0.75721    0.75652          1     8.5482     8.5108       9.95     0.0122  7.136e-13  1.000e-12  1.401e+02     7.4139     7.4068    -0.0071     5.9118     5.9060     48.047     49.109      0.527    1426.92    1426.91  0.000e+00
       4804     49.000     2.8786     2.8787     0.0001    0.75719    0.75652          1     8.5376     8.5094       9.95     0.0122  7.136e-13  1.000e-12  1.401e+02     7.4138     7.4067    -0.0071     5.9117     5.9060     48.542     49.615      0.395    1426.93    1426.92  0.000e+00
       4866     49.500     2.8777     2.8780     0.0002    0.75716    0.75651          1     8.5234     8.5100       9.95     0.0122  7.136e-13  1.000e-12  1.401e+02     7.4137     7.4067    -0.0070     5.9116     5.9060     49.037     50.121      0.586    1426.93    1426.92  0.000e+00
       4885     50.000     2.8763     2.8763     0.0001    0.75713    0.75646          1     8.5325     8.5067       9.95     0.0122  7.136e-13  1.000e-12  1.401e+02     7.4135     7.4065    -0.0071     5.9115     5.9058     49.533     50.628      0.578    1426.93    1426.92  0.000e+00
       4912     50.500     2.8778     2.8769    -0.0008    0.75718    0.75649          1     8.5360     8.5031       9.95     0.0122  7.112e-13  1.000e-12  1.406e+02     7.4137     7.4066    -0.0071     5.9116     5.9059     50.028     51.134      0.404    1426.94    1426.93  0.000e+00
       5038     51.000     2.8776     2.8773    -0.0003    0.75719    0.75652          1     8.5221     8.5025       9.95     0.0122  7.137e-13  1.000e-12  1.401e+02     7.4137     7.4067    -0.0070     5.9116     5.9060     50.523     51.640      0.796    1426.95    1426.94  0.000e+00
       5049     51.500     2.8779     2.8775    -0.0003    0.75721    0.75653          1     8.5314     8.5065       9.95     0.0122  7.136e-13  1.000e-12  1.401e+02     7.4139     7.4067    -0.0071     5.9117     5.9060     51.019     52.146      0.822    1426.96    1426.95  0.000e+00
       5065     52.000     2.8779     2.8778    -0.0000    0.75721    0.75653          1     8.5352     8.5067       9.95     0.0122  7.136e-13  1.000e-12  1.401e+02     7.4138     7.4066    -0.0072     5.9117     5.9059     51.514     52.653      0.644    1426.97    1426.96  0.000e+00
       5139     52.500     2.8778     2.8778     0.0000    0.75722    0.75653          1     8.5311     8.5037       9.95     0.0120  7.136e-13  1.000e-12  1.401e+02     7.4138     7.4066    -0.0072     5.9117     5.9059     52.009     53.159      0.556    1426.97    1426.97  0.000e+00
       5210     53.000     2.8780     2.8779    -0.0002    0.75724    0.75658          1     8.5182     8.5044       9.95     0.0122  7.136e-13  1.000e-12  1.401e+02     7.4139     7.4069    -0.0069     5.9117     5.9062     52.504     53.665      0.998    1426.98    1426.98  0.000e+00
       5222     53.500     2.8785     2.8784    -0.0001    0.75726    0.75660          1     8.5241     8.5108       9.95     0.0122  7.136e-13  1.000e-12  1.401e+02     7.4140     7.4070    -0.0070     5.9118     5.9062     53.000     54.172      0.926    1426.99    1426.99  0.000e+00
       5237     54.000     2.8787     2.8788     0.0001    0.75727    0.75660          1     8.5321     8.5112       9.95     0.0121  7.105e-13  1.000e-12  1.408e+02     7.4140     7.4069    -0.0071     5.9118     5.9061     53.495     54.678      0.622    1427.00    1427.00  0.000e+00
       5360     54.500     2.8787     2.8784    -0.0003    0.75728    0.75662          1     8.5327     8.4990       9.95     0.0121  7.085e-13  1.000e-12  1.412e+02     7.4139     7.4071    -0.0069     5.9118     5.9063     53.990     55.184      0.666    1427.01    1427.00  0.000e+00
       5391     55.000     2.8782     2.8781    -0.0001    0.75727    0.75660          1     8.5333     8.4930       9.95     0.0122  7.073e-13  1.000e-12  1.414e+02     7.4139     7.4068    -0.0071     5.9118     5.9061     54.485     55.690      0.749    1427.02    1427.01  0.000e+00
       5409     55.500     2.8779     2.8780     0.0001    0.75726    0.75659          1     8.5305     8.4981       9.95     0.0122  7.041e-13  1.000e-12  1.420e+02     7.4138     7.4067    -0.0071     5.9116     5.9060     54.981     56.197      0.517    1427.02    1427.02  0.000e+00
