ctdpy/exports/archive_20191120_135557/received_data/SBE09_1044_20180531_0435_34_07_0049.cnv
* Sea-Bird SBE 9 Data File:
* FileName = C:\ctd\temp\2018\AU18D049.hex
* Software Version Seasave V 7.26.6.26
* Temperature SN = 5351
* Conductivity SN = 3941
* Number of Bytes Per Scan = 41
* Number of Voltage Words = 4
* Number of Scans Averaged by the Deck Unit = 1
* NMEA Latitude = 58 01.02 N
* NMEA Longitude = 017 59.08 E
* NMEA UTC (Time) = May 31 2018  04:35:04
* NMEA baud rate = 4800
** Station:  BY32
** Operator:  JKro
** Ship: AURA
** Average sound velocity: 1442.26 m/s
** True-depth calculation Thu, 31 May 2018 08:38:02 +0000
** CTD Python Module SMHI /ver 3-12/ feb 2012 
** LIMS Job: 20183407-0049
** Cruise: SMHI-02-2018
** Latitude [GG MM.mm N] :
** Longitude [GG MM.mm E]:
# nquan = 26
# nvalues = 396                         
# units = specified
# name 0 = scan: Scan Count
# name 1 = prDM: Pressure, Digiquartz [db]
# name 2 = t090C: Temperature [ITS-90, deg C]
# name 3 = t190C: Temperature, 2 [ITS-90, deg C]
# name 4 = T2-T190C: Temperature Difference, 2 - 1 [ITS-90, deg C]
# name 5 = c0S/m: Conductivity [S/m]
# name 6 = c1S/m: Conductivity, 2 [S/m]
# name 7 = pumps: Pump Status
# name 8 = sbeox0ML/L: Oxygen, SBE 43 [ml/l]
# name 9 = sbeox1ML/L: Oxygen, SBE 43, 2 [ml/l]
# name 10 = altM: Altimeter [m]
# name 11 = flECO-AFL: Chl-a Fluorescence, WET Labs ECO-AFL/FL [mg/m^3]
# name 12 = flECO-AFL1: Phycocyanin Fluorescence, WET Labs ECO-AFL/FL, 2 [mg/m^3]
# name 13 = par: PAR/Irradiance, Biospherical/Lico [µE/(cm^2*s)]
# name 14 = turbWETntu0: Turbidity, WET Labs ECO [NTU]
# name 15 = sal00: Salinity, Practical [PSU]
# name 16 = sal11: Salinity, Practical, 2 [PSU]
# name 17 = secS-priS: Salinity, Practical, Difference, 2 - 1 [PSU]
# name 18 = sigma-t00: Density [sigma-t, Kg/m^3 ]
# name 19 = sigma-t11: Density, 2 [sigma-t, Kg/m^3 ]
# name 20 = depSM: Depth [salt water, m], lat = 58.017
# name 21 = depFM: Depth [true depth, m], lat = 58.017
# name 22 = dz/dtM: Descent Rate [m/s], WS = 2
# name 23 = svCM: Sound Velocity [Chen-Millero, m/s]
# name 24 = svCM1: Sound Velocity, 2 [Chen-Millero, m/s]
# name 25 = flag: flag
# span 0 =      11417,      24943       
# span 1 =      1.000,    198.500       
# span 2 =     2.6558,    13.0652       
# span 3 =     2.6605,    13.0654       
# span 4 =    -0.0557,     0.0318       
# span 5 =   0.728807,   1.186217       
# span 6 =   0.728791,   1.186441       
# span 7 =          1,          1       
# span 8 =    0.01144,    9.43904       
# span 9 =   -0.14804,    9.68373       
# span 10 =       1.96,      99.07      
# span 11 =     0.2209,    10.5599      
# span 12 =     0.1537,     1.1432      
# span 13 = 1.0000e-12, 3.7159e+03      
# span 14 =     0.1224,     0.6198      
# span 15 =     6.7204,    10.9221      
# span 16 =     6.7199,    10.9232      
# span 17 =    -0.0153,     0.0023      
# span 18 =     4.5695,     8.5817      
# span 19 =     4.5693,     8.5824      
# span 20 =      0.991,    196.566      
# span 21 =      1.014,    200.714      
# span 22 =     -0.073,      0.539      
# span 23 =    1425.74,    1467.13      
# span 24 =    1425.75,    1467.14      
# span 25 = 0.0000e+00, 0.0000e+00      
# interval = decibars: 0.5              
# start_time = May 31 2018 04:35:04 [NMEA time, first data scan]
# bad_flag = -9.990e-29
*END*
[from data line 279]
      19031    140.500     5.9277     5.9287     0.0010    1.17685    1.17683          1     0.0360     0.0331      61.23     0.3586     0.2877  1.000e-12  0.4420000    10.8501    10.8496    -0.0005     8.5272     8.5267    139.150    142.140      0.521    1446.32    1446.32  0.000e+00
      19054    141.000     5.9285     5.9295     0.0011    1.17707    1.17706          1     0.0341     0.0317      60.71     0.3402     0.2540  1.000e-12  0.4294000    10.8520    10.8515    -0.0005     8.5286     8.5282    139.645    142.645      0.498    1446.33    1446.34  0.000e+00
      19081    141.500     5.9293     5.9304     0.0010    1.17728    1.17726          1     0.0333     0.0314      60.23     0.3534     0.2472  1.000e-12  0.4245000    10.8537    10.8532    -0.0005     8.5299     8.5294    140.140    143.150      0.413    1446.35    1446.35  0.000e+00
      19111    142.000     5.9296     5.9306     0.0009    1.17732    1.17731          1     0.0344     0.0336      59.61     0.3567     0.2108  1.000e-12  0.4327000    10.8540    10.8535    -0.0004     8.5301     8.5297    140.636    143.655      0.417    1446.36    1446.36  0.000e+00
      19138    142.500     5.9300     5.9309     0.0010    1.17741    1.17738          1     0.0347     0.0332      59.12     0.3221     0.2312  1.000e-12  0.4438000    10.8546    10.8540    -0.0005     8.5306     8.5301    141.130    144.160      0.474    1446.37    1446.37  0.000e+00
      19163    143.000     5.9301     5.9311     0.0011    1.17743    1.17744          1     0.0332     0.0293      58.60     0.3473     0.2089  1.000e-12  0.4374000    10.8547    10.8544    -0.0003     8.5307     8.5304    141.626    144.665      0.463    1446.37    1446.38  0.000e+00
      19190    143.500     5.9302     5.9311     0.0010    1.17748    1.17746          1     0.0333     0.0319      58.04     0.3272     0.2309  1.000e-12  0.4346000    10.8550    10.8546    -0.0005     8.5309     8.5305    142.121    145.170      0.438    1446.38    1446.39  0.000e+00
      19217    144.000     5.9303     5.9313     0.0011    1.17751    1.17750          1     0.0340     0.0307      57.54     0.3647     0.2295  1.000e-12  0.4279000    10.8552    10.8549    -0.0004     8.5311     8.5307    142.616    145.675      0.468    1446.39    1446.40  0.000e+00
      19241    144.500     5.9312     5.9322     0.0010    1.17771    1.17770          1     0.0350     0.0295      57.04     0.3300     0.2222  1.000e-12  0.4280000    10.8568    10.8564    -0.0004     8.5322     8.5319    143.111    146.180      0.472    1446.41    1446.41  0.000e+00
      19269    145.000     5.9318     5.9328     0.0010    1.17784    1.17783          1     0.0336     0.0312      56.67     0.3646     0.2437  1.000e-12  0.4379000    10.8579    10.8574    -0.0004     8.5330     8.5326    143.606    146.685      0.410    1446.42    1446.42  0.000e+00
      19299    145.500     5.9323     5.9332     0.0010    1.17794    1.17793          1     0.0334     0.0303      56.03     0.3457     0.2418  1.000e-12  0.4408000    10.8586    10.8582    -0.0004     8.5336     8.5332    144.101    147.190      0.416    1446.43    1446.43  0.000e+00
      19326    146.000     5.9328     5.9338     0.0010    1.17804    1.17803          1     0.0344     0.0288      55.50     0.3463     0.2242  1.000e-12  0.4410000    10.8594    10.8590    -0.0004     8.5342     8.5338    144.596    147.695      0.488    1446.44    1446.44  0.000e+00
      19349    146.500     5.9328     5.9339     0.0011    1.17806    1.17806          1     0.0343     0.0309      55.01     0.3428     0.2451  1.000e-12  0.4423000    10.8595    10.8591    -0.0004     8.5342     8.5339    145.091    148.200      0.494    1446.45    1446.45  0.000e+00
      19375    147.000     5.9332     5.9342     0.0010    1.17821    1.17820          1     0.0319     0.0292      54.52     0.3386     0.2228  1.000e-12  0.4413000    10.8608    10.8603    -0.0005     8.5352     8.5348    145.586    148.705      0.446    1446.46    1446.46  0.000e+00
      19403    147.500     5.9341     5.9352     0.0010    1.17856    1.17854          1     0.0330     0.0306      53.93     0.3462     0.2268  1.000e-12  0.4446000    10.8638    10.8633    -0.0005     8.5376     8.5371    146.081    149.210      0.422    1446.48    1446.48  0.000e+00
      19431    148.000     5.9349     5.9358     0.0010    1.17875    1.17873          1     0.0335     0.0287      53.40     0.3530     0.2001  1.000e-12  0.4410000    10.8654    10.8649    -0.0004     8.5388     8.5383    146.576    149.715      0.443    1446.49    1446.49  0.000e+00
      19457    148.500     5.9351     5.9361     0.0010    1.17891    1.17890          1     0.0328     0.0303      52.91     0.3584     0.2256  1.000e-12  0.4363000    10.8669    10.8664    -0.0005     8.5399     8.5395    147.071    150.220      0.448    1446.50    1446.50  0.000e+00
      19485    149.000     5.9351     5.9362     0.0010    1.17898    1.17896          1     0.0334     0.0289      52.56     0.3522     0.2137  1.000e-12  0.4323000    10.8674    10.8669    -0.0005     8.5403     8.5399    147.566    150.725      0.444    1446.51    1446.51  0.000e+00
      19511    149.500     5.9356     5.9365     0.0010    1.17908    1.17906          1     0.0330     0.0293      52.19     0.3551     0.2266  1.000e-12  0.4412000    10.8682    10.8677    -0.0005     8.5410     8.5405    148.061    151.230      0.468    1446.52    1446.52  0.000e+00
      19536    150.000     5.9358     5.9368     0.0010    1.17917    1.17916          1     0.0322     0.0290      51.53     0.3416     0.2396  1.000e-12  0.4340000    10.8689    10.8685    -0.0004     8.5415     8.5411    148.556    151.735      0.466    1446.53    1446.53  0.000e+00
      19563    150.500     5.9357     5.9367     0.0010    1.17921    1.17920          1     0.0327     0.0296      51.04     0.3444     0.2877  1.000e-12  0.4647000    10.8693    10.8688    -0.0004     8.5417     8.5414    149.051    152.240      0.424    1446.54    1446.54  0.000e+00
      19593    151.000     5.9358     5.9367     0.0010    1.17924    1.17923          1     0.0331     0.0299      50.74     0.3865     0.2312  1.000e-12  0.4394000    10.8695    10.8691    -0.0004     8.5419     8.5416    149.546    152.745      0.419    1446.55    1446.55  0.000e+00
      19620    151.500     5.9362     5.9372     0.0010    1.17933    1.17933          1     0.0305     0.0293      50.26     0.3390     0.2169  1.000e-12  0.4544000    10.8702    10.8698    -0.0004     8.5424     8.5421    150.041    153.250      0.452    1446.56    1446.56  0.000e+00
      19646    152.000     5.9367     5.9377     0.0010    1.17942    1.17940          1     0.0319     0.0291      49.90     0.3575     0.2599  1.000e-12  0.4439000    10.8707    10.8703    -0.0005     8.5429     8.5424    150.536    153.755      0.464    1446.57    1446.57  0.000e+00
      19672    152.500     5.9369     5.9379     0.0010    1.17947    1.17945          1     0.0325     0.0285      49.52     0.3466     0.2634  1.000e-12  0.4368000    10.8711    10.8706    -0.0005     8.5431     8.5427    151.031    154.259      0.459    1446.58    1446.58  0.000e+00
      19699    153.000     5.9370     5.9381     0.0011    1.17950    1.17949          1     0.0307     0.0295      48.83     0.3704     0.2153  1.000e-12  0.4322000    10.8713    10.8708    -0.0004     8.5433     8.5428    151.526    154.764      0.430    1446.59    1446.59  0.000e+00
      19728    153.500     5.9373     5.9383     0.0010    1.17955    1.17954          1     0.0314     0.0289      52.16     0.3658     0.2569  1.000e-12  0.4347000    10.8716    10.8711    -0.0004     8.5435     8.5431    152.021    155.269      0.421    1446.60    1446.60  0.000e+00
      19755    154.000     5.9381     5.9391     0.0010    1.17967    1.17966          1     0.0303     0.0291      67.11     0.3429     0.2308  1.000e-12  0.4305000    10.8725    10.8720    -0.0005     8.5442     8.5437    152.516    155.774      0.450    1446.61    1446.61  0.000e+00
      19781    154.500     5.9392     5.9403     0.0011    1.17985    1.17984          1     0.0295     0.0291      47.34     0.3306     0.1902  1.000e-12  0.4406000    10.8738    10.8734    -0.0004     8.5451     8.5447    153.011    156.279      0.471    1446.62    1446.63  0.000e+00
      19807    155.000     5.9395     5.9406     0.0011    1.17992    1.17991          1     0.0304     0.0291      46.77     0.3295     0.2321  1.000e-12  0.4383000    10.8743    10.8738    -0.0005     8.5455     8.5451    153.506    156.784      0.440    1446.63    1446.64  0.000e+00
      19836    155.500     5.9402     5.9412     0.0010    1.18002    1.18002          1     0.0278     0.0288      46.01     0.3351     0.2215  1.000e-12  0.4399000    10.8750    10.8747    -0.0004     8.5460     8.5457    154.001    157.289      0.407    1446.64    1446.65  0.000e+00
      19864    156.000     5.9410     5.9420     0.0010    1.18011    1.18010          1     0.0303     0.0294      45.57     0.3483     0.2460  1.000e-12  0.4345000    10.8755    10.8751    -0.0004     8.5464     8.5460    154.496    157.794      0.468    1446.66    1446.66  0.000e+00
      19888    156.500     5.9416     5.9425     0.0009    1.18016    1.18015          1     0.0304     0.0275      45.95     0.3648     0.2419  1.000e-12  0.4707000    10.8758    10.8754    -0.0004     8.5465     8.5461    154.991    158.299      0.489    1446.67    1446.67  0.000e+00
      19915    157.000     5.9418     5.9429     0.0010    1.18021    1.18020          1     0.0297     0.0293      45.43     0.3459     0.2513  1.000e-12  0.4675000    10.8761    10.8756    -0.0005     8.5467     8.5463    155.486    158.804      0.410    1446.68    1446.68  0.000e+00
      19946    157.500     5.9433     5.9442     0.0009    1.18043    1.18042          1     0.0312     0.0293      44.87     0.3506     0.2647  1.000e-12  0.4246000    10.8778    10.8773    -0.0004     8.5480     8.5476    155.981    159.309      0.412    1446.69    1446.70  0.000e+00
      19972    158.000     5.9443     5.9452     0.0009    1.18063    1.18062          1     0.0304     0.0290      44.40     0.3581     0.2266  1.000e-12  0.4203000    10.8793    10.8789    -0.0004     8.5491     8.5487    156.476    159.814      0.496    1446.71    1446.71  0.000e+00
      19996    158.500     5.9443     5.9453     0.0010    1.18065    1.18063          1     0.0287     0.0286      43.14     0.3503     0.1988  1.000e-12  0.4225000    10.8794    10.8789    -0.0005     8.5492     8.5488    156.971    160.319      0.471    1446.72    1446.72  0.000e+00
      20024    159.000     5.9445     5.9455     0.0010    1.18070    1.18069          1     0.0286     0.0285      42.17     0.3644     0.2351  1.000e-12  0.4216000    10.8797    10.8793    -0.0004     8.5495     8.5491    157.466    160.824      0.394    1446.72    1446.73  0.000e+00
      20055    159.500     5.9450     5.9460     0.0010    1.18084    1.18083          1     0.0295     0.0286      41.69     0.3477     0.2451  1.000e-12  0.4243000    10.8809    10.8805    -0.0004     8.5504     8.5500    157.961    161.329      0.420    1446.74    1446.74  0.000e+00
      20081    160.000     5.9453     5.9463     0.0010    1.18099    1.18098          1     0.0290     0.0275      41.51     0.3463     0.2070  1.000e-12  0.4176000    10.8822    10.8818    -0.0004     8.5513     8.5510    158.456    161.834      0.480    1446.75    1446.75  0.000e+00
      20106    160.500     5.9453     5.9463     0.0010    1.18116    1.18114          1     0.0285     0.0299      40.94     0.3224     0.2325  1.000e-12  0.4116000    10.8838    10.8833    -0.0005     8.5526     8.5522    158.951    162.339      0.468    1446.76    1446.76  0.000e+00
      20134    161.000     5.9454     5.9464     0.0009    1.18129    1.18127          1     0.0292     0.0287      40.42     0.3514     0.2634  1.000e-12  0.4143000    10.8849    10.8845    -0.0004     8.5535     8.5531    159.446    162.844      0.405    1446.77    1446.77  0.000e+00
      20164    161.500     5.9459     5.9468     0.0010    1.18142    1.18140          1     0.0289     0.0297      39.90     0.3597     0.2118  1.000e-12  0.4181000    10.8861    10.8856    -0.0005     8.5544     8.5539    159.941    163.349      0.410    1446.78    1446.78  0.000e+00
      20192    162.000     5.9461     5.9471     0.0010    1.18148    1.18147          1     0.0294     0.0268      39.33     0.3688     0.2259  1.000e-12  0.4275000    10.8865    10.8860    -0.0004     8.5547     8.5542    160.436    163.854      0.459    1446.79    1446.79  0.000e+00
      20217    162.500     5.9462     5.9472     0.0010    1.18149    1.18148          1     0.0288     0.0257      39.07     0.4019     0.2183  1.000e-12  0.4374000    10.8865    10.8861    -0.0004     8.5547     8.5543    160.931    164.359      0.469    1446.80    1446.80  0.000e+00
      20244    163.000     5.9463     5.9472     0.0010    1.18151    1.18150          1     0.0294     0.0270      38.99     0.3668     0.2072  1.000e-12  0.4375000    10.8866    10.8862    -0.0004     8.5547     8.5543    161.426    164.863      0.422    1446.80    1446.81  0.000e+00
      20274    163.500     5.9466     5.9476     0.0010    1.18161    1.18160          1     0.0286     0.0292      38.55     0.3628     0.2169  1.000e-12  0.4284000    10.8873    10.8869    -0.0005     8.5553     8.5549    161.921    165.368      0.402    1446.81    1446.82  0.000e+00
      20302    164.000     5.9469     5.9478     0.0010    1.18168    1.18165          1     0.0284     0.0266      38.25     0.3434     0.2301  1.000e-12  0.4196000    10.8879    10.8873    -0.0006     8.5557     8.5552    162.415    165.873      0.454    1446.82    1446.83  0.000e+00
      20327    164.500     5.9471     5.9481     0.0010    1.18175    1.18174          1     0.0270     0.0260      37.46     0.3629     0.2273  1.000e-12  0.4165000    10.8884    10.8880    -0.0004     8.5561     8.5557    162.910    166.378      0.472    1446.83    1446.84  0.000e+00
      20354    165.000     5.9470     5.9480     0.0011    1.18180    1.18180          1     0.0304     0.0284      36.43     0.3795     0.1937  1.000e-12  0.4301000    10.8889    10.8885    -0.0004     8.5565     8.5561    163.405    166.883      0.411    1446.84    1446.85  0.000e+00
      20385    165.500     5.9468     5.9478     0.0010    1.18182    1.18182          1     0.0278     0.0285      36.04     0.3613     0.2248  1.000e-12  0.4174000    10.8890    10.8887    -0.0003     8.5566     8.5563    163.900    167.388      0.413    1446.85    1446.85  0.000e+00
      20412    166.000     5.9469     5.9479     0.0010    1.18185    1.18182          1     0.0283     0.0277      35.59     0.3595     0.2419  1.000e-12  0.4173000    10.8891    10.8886    -0.0005     8.5567     8.5562    164.395    167.893      0.471    1446.86    1446.86  0.000e+00
      20437    166.500     5.9466     5.9476     0.0010    1.18189    1.18188          1     0.0285     0.0261      35.15     0.3705     0.2527  1.000e-12  0.4130000    10.8896    10.8891    -0.0005     8.5571     8.5567    164.890    168.398      0.453    1446.87    1446.87  0.000e+00
      20466    167.000     5.9464     5.9473     0.0009    1.18196    1.18195          1     0.0279     0.0242      34.63     0.3480     0.2343  1.000e-12  0.4240000    10.8903    10.8899    -0.0005     8.5577     8.5573    165.385    168.903      0.394    1446.87    1446.88  0.000e+00
      20497    167.500     5.9469     5.9478     0.0009    1.18205    1.18204          1     0.0269     0.0273      34.12     0.3526     0.2215  1.000e-12  0.4250000    10.8909    10.8905    -0.0005     8.5581     8.5577    165.880    169.408      0.420    1446.88    1446.89  0.000e+00
