ctdpy/exports/archive_20191120_135557/received_data/SBE09_0827_20180824_0419_26_01_0881.cnv
* Sea-Bird SBE 9 Data File:
* FileName = D:\CTD_SBE911\DAT\26DA.2018.8.81.hex
* Software Version Seasave V 7.21d
* Temperature SN = 034605
* Conductivity SN = 041844
* Number of Bytes Per Scan = 48
* Number of Voltage Words = 5
* Number of Scans Averaged by the Deck Unit = 1
* NMEA Latitude = 58 01.54 N
* NMEA Longitude = 009 44.27 E
* NMEA UTC (Time) = Aug 24 2018  04:21:36
* NMEA baud rate = 4800
** Ship: DANA
** Average sound velocity: 1485.56 m/s
** True-depth calculation Thu, 28 Mar 2019 09:26:24 +0000
** CTD Python Module SMHI /ver 3-12/ feb 2012 
** LIMS Job: 20182601-0881
**  29,5 N HIRTSHALS
** Operator: Christian
** Cruise: 08/2018
# nquan = 26
# nvalues = 426                         
# units = specified
# name 0 = scan: Scan Count
# name 1 = prDM: Pressure, Digiquartz [db]
# name 2 = t090C: Temperature [ITS-90, deg C]
# name 3 = t190C: Temperature, 2 [ITS-90, deg C]
# name 4 = T2-T190C: Temperature Difference, 2 - 1 [ITS-90, deg C]
# name 5 = c0S/m: Conductivity [S/m]
# name 6 = c1S/m: Conductivity, 2 [S/m]
# name 7 = pumps: Pump Status
# name 8 = sbeox1ML/L: Oxygen, SBE 43, 2 [ml/l]
# name 9 = sbeox0ML/L: Oxygen, SBE 43 [ml/l]
# name 10 = altM: Altimeter [m]
# name 11 = chloroflTC0: Chlorophyll, Turner Cyclops [ug/l]
# name 12 = cpar: CPAR/Corrected Irradiance [%]
# name 13 = par: PAR/Irradiance, Biospherical/Lico [µE/(cm^2*s)]
# name 14 = spar: SPAR, Biospherical/Licor
# name 15 = sal00: Salinity, Practical [PSU]
# name 16 = sal11: Salinity, Practical, 2 [PSU]
# name 17 = secS-priS: Salinity, Practical, Difference, 2 - 1 [PSU]
# name 18 = sigma-t00: Density [sigma-t, kg/m^3 ]
# name 19 = sigma-t11: Density, 2 [sigma-t, kg/m^3 ]
# name 20 = depSM: Depth [salt water, m], lat = 58.0257
# name 21 = depFM: Depth [true depth, m], lat = 58.0257
# name 22 = dz/dtM: Descent Rate [m/s], WS = 2
# name 23 = svCM: Sound Velocity [Chen-Millero, m/s]
# name 24 = svCM1: Sound Velocity, 2 [Chen-Millero, m/s]
# name 25 = flag: flag
# span 0 =        109,      14944       
# span 1 =      2.500,    215.000       
# span 2 =     6.5932,    17.4420       
# span 3 =     6.5919,    17.4372       
# span 4 =    -0.5853,     0.1503       
# span 5 =   2.363990,   4.279707       
# span 6 =   3.511436,   4.280387       
# span 7 =          1,          1       
# span 8 =     4.8752,     6.9197       
# span 9 =     4.8825,     6.7292       
# span 10 =      -0.67,       9.97      
# span 11 =    -0.0004,     0.3330      
# span 12 = -2.225e-03, 4.6115e+00      
# span 13 = -3.615e-04, 7.4922e-01      
# span 14 = 1.6247e+01, 2.4426e+01      
# span 15 =    22.6622,    35.1978      
# span 16 =    31.3630,    35.2182      
# span 17 =    -0.0336,    12.4575      
# span 18 =    17.7586,    27.5918      
# span 19 =    22.6640,    27.6017      
# span 20 =      2.477,    212.896      
# span 21 =      2.490,    213.241      
# span 22 =     -0.301,      0.604      
# span 23 =    1465.16,    1511.89      
# span 24 =    1479.45,    1511.84      
# span 25 = 0.0000e+00, 0.0000e+00      
# interval = decibars: 0.5              
# start_time = Aug 24 2018 04:21:36 [NMEA time, first data scan]
# bad_flag = -9.990e-29
*END*
[from data line 279]
      10299    142.000     6.6010     6.5990    -0.0020    3.51143    3.51158          1     5.5870     5.6889       9.97     0.0326  4.476e-12  1.000e-12  2.234e+01    35.1473    35.1511     0.0038    27.5899    27.5931    140.635    140.882      0.567    1479.62    1479.62  0.000e+00
      10320    142.500     6.6001     6.5988    -0.0014    3.51139    3.51157          1     5.5857     5.6852       9.97     0.0321  4.476e-12  1.000e-12  2.234e+01    35.1476    35.1510     0.0034    27.5902    27.5930    141.130    141.378      0.592    1479.63    1479.63  0.000e+00
      10340    143.000     6.6004     6.5989    -0.0016    3.51143    3.51160          1     5.5885     5.6809       9.97     0.0293  4.476e-12  1.000e-12  2.234e+01    35.1474    35.1509     0.0035    27.5900    27.5930    141.625    141.873      0.567    1479.64    1479.64  0.000e+00
      10363    143.500     6.6000     6.5988    -0.0013    3.51145    3.51163          1     5.5936     5.6741       9.97     0.0290  4.476e-12  1.000e-12  2.234e+01    35.1477    35.1512     0.0034    27.5903    27.5932    142.121    142.369      0.500    1479.64    1479.64  0.000e+00
      10388    144.000     6.6003     6.5994    -0.0009    3.51148    3.51168          1     5.5965     5.6853       9.97     0.0333  4.476e-12  1.000e-12  2.234e+01    35.1477    35.1508     0.0031    27.5902    27.5928    142.615    142.864      0.485    1479.65    1479.66  0.000e+00
      10412    144.500     6.6007     6.5995    -0.0012    3.51154    3.51172          1     5.5870     5.6881       9.97     0.0303  4.476e-12  1.000e-12  2.234e+01    35.1475    35.1508     0.0033    27.5901    27.5928    143.111    143.360      0.539    1479.66    1479.66  0.000e+00
      10433    145.000     6.6007     6.5992    -0.0014    3.51157    3.51173          1     5.5781     5.6866       9.97     0.0236  4.476e-12  1.000e-12  2.234e+01    35.1477    35.1510     0.0032    27.5902    27.5930    143.605    143.856      0.590    1479.67    1479.67  0.000e+00
      10452    145.500     6.6011     6.5993    -0.0019    3.51163    3.51175          1     5.5738     5.6869       9.97     0.0586  4.476e-12  1.000e-12  2.234e+01    35.1477    35.1509     0.0033    27.5901    27.5929    144.101    144.351      0.598    1479.68    1479.68  0.000e+00
      10473    146.000     6.6011     6.5996    -0.0015    3.51164    3.51179          1     5.5750     5.6870       9.97     0.0675  4.476e-12  1.000e-12  2.234e+01    35.1476    35.1508     0.0032    27.5900    27.5927    144.596    144.847      0.562    1479.69    1479.69  0.000e+00
      10495    146.500     6.6008     6.5998    -0.0010    3.51164    3.51182          1     5.5845     5.6869       9.97     0.0693  4.476e-12  1.000e-12  2.234e+01    35.1476    35.1507     0.0032    27.5901    27.5927    145.091    145.342      0.506    1479.70    1479.70  0.000e+00
      10520    147.000     6.6003     6.5995    -0.0009    3.51162    3.51181          1     5.5929     5.6860       9.97     0.0698  4.476e-12  1.000e-12  2.234e+01    35.1477    35.1506     0.0029    27.5902    27.5926    145.586    145.838      0.480    1479.70    1479.70  0.000e+00
      10545    147.500     6.6007     6.5994    -0.0013    3.51168    3.51181          1     5.5882     5.6852       9.97     0.0708  4.476e-12  1.000e-12  2.234e+01    35.1477    35.1504     0.0027    27.5902    27.5925    146.081    146.334      0.524    1479.71    1479.71  0.000e+00
      10566    148.000     6.6011     6.5991    -0.0020    3.51174    3.51183          1     5.5813     5.6936       9.97     0.0680  4.476e-12  1.000e-12  2.234e+01    35.1476    35.1507     0.0030    27.5901    27.5928    146.576    146.829      0.580    1479.72    1479.72  0.000e+00
      10586    148.500     6.6012     6.5994    -0.0018    3.51177    3.51187          1     5.5779     5.6948       9.97     0.0652  4.476e-12  1.000e-12  2.234e+01    35.1476    35.1506     0.0030    27.5901    27.5926    147.071    147.325      0.594    1479.73    1479.73  0.000e+00
      10607    149.000     6.6012     6.5991    -0.0022    3.51179    3.51186          1     5.5841     5.6880       9.97     0.0452  4.476e-12  1.000e-12  2.234e+01    35.1476    35.1506     0.0030    27.5901    27.5927    147.566    147.820      0.554    1479.74    1479.73  0.000e+00
      10630    149.500     6.6009     6.5995    -0.0015    3.51178    3.51190          1     5.5943     5.6790       9.97    -0.0004  4.476e-12  1.000e-12  2.234e+01    35.1475    35.1503     0.0029    27.5900    27.5925    148.061    148.316      0.495    1479.75    1479.74  0.000e+00
      10655    150.000     6.6008     6.5999    -0.0010    3.51178    3.51195          1     5.5866     5.6779       9.97    -0.0000  4.476e-12  1.000e-12  2.234e+01    35.1474    35.1503     0.0028    27.5899    27.5923    148.556    148.812      0.505    1479.75    1479.75  0.000e+00
      10677    150.500     6.6003     6.5996    -0.0008    3.51178    3.51195          1     5.5751     5.6769       9.97     0.0005  4.476e-12  1.000e-12  2.234e+01    35.1476    35.1503     0.0027    27.5901    27.5924    149.051    149.307      0.564    1479.76    1479.76  0.000e+00
      10698    151.000     6.6005     6.5997    -0.0008    3.51182    3.51200          1     5.5706     5.6766       9.97     0.0054  4.476e-12  1.000e-12  2.234e+01    35.1476    35.1504     0.0028    27.5902    27.5925    149.546    149.803      0.589    1479.77    1479.77  0.000e+00
      10718    151.500     6.6011     6.5995    -0.0017    3.51188    3.51201          1     5.5753     5.6755       9.97     0.0013  4.476e-12  1.000e-12  2.234e+01    35.1474    35.1505     0.0031    27.5899    27.5926    150.041    150.298      0.562    1479.78    1479.78  0.000e+00
      10741    152.000     6.6005     6.5991    -0.0014    3.51189    3.51202          1     5.5823     5.6701       9.97     0.1058  4.476e-12  1.000e-12  2.234e+01    35.1479    35.1508     0.0029    27.5904    27.5928    150.536    150.794      0.520    1479.79    1479.78  0.000e+00
      10764    152.500     6.6001     6.5992    -0.0009    3.51193    3.51208          1     5.5844     5.6653       9.97     0.0007  4.476e-12  1.000e-12  2.234e+01    35.1485    35.1512     0.0027    27.5909    27.5931    151.031    151.290      0.517    1479.79    1479.79  0.000e+00
      10787    153.000     6.5997     6.5976    -0.0020    3.51193    3.51204          1     5.5767     5.6626       9.97     0.0000  4.476e-12  1.000e-12  2.234e+01    35.1486    35.1520     0.0033    27.5911    27.5940    151.526    151.785      0.550    1479.80    1479.80  0.000e+00
      10808    153.500     6.5952     6.5950    -0.0002    3.51156    3.51184          1     5.5640     5.6671       9.97    -0.0000  4.476e-12  1.000e-12  2.234e+01    35.1489    35.1522     0.0033    27.5918    27.5945    152.021    152.281      0.568    1479.79    1479.79  0.000e+00
      10829    154.000     6.5997     6.5963    -0.0034    3.51203    3.51186          1     5.5642     5.6602       9.97     0.0000  4.476e-12  1.000e-12  2.234e+01    35.1493    35.1508     0.0016    27.5916    27.5933    152.516    152.776      0.550    1479.82    1479.81  0.000e+00
      10852    154.500     6.6018     6.5969    -0.0048    3.51222    3.51200          1     5.5631     5.6559       9.97     0.0000  4.476e-12  1.000e-12  2.234e+01    35.1490    35.1516     0.0026    27.5910    27.5937    153.011    153.272      0.525    1479.83    1479.82  0.000e+00
      10875    155.000     6.5975     6.5971    -0.0004    3.51179    3.51207          1     5.5628     5.6618       9.97     0.0000  4.476e-12  1.000e-12  2.234e+01    35.1483    35.1519     0.0036    27.5911    27.5940    153.506    153.768      0.519    1479.83    1479.83  0.000e+00
      10898    155.500     6.5989     6.5985    -0.0004    3.51198    3.51213          1     5.5551     5.6674       9.97     0.3330  4.476e-12  1.000e-12  2.234e+01    35.1487    35.1509     0.0022    27.5912    27.5930    154.001    154.263      0.526    1479.84    1479.84  0.000e+00
      10921    156.000     6.6009     6.5997    -0.0012    3.51217    3.51229          1     5.5529     5.6710       9.97    -0.0002  4.476e-12  1.000e-12  2.234e+01    35.1486    35.1512     0.0026    27.5908    27.5931    154.496    154.759      0.551    1479.85    1479.85  0.000e+00
      10942    156.500     6.5992     6.5982    -0.0011    3.51204    3.51222          1     5.5630     5.6694       9.97     0.0149  4.476e-12  1.000e-12  2.234e+01    35.1486    35.1517     0.0031    27.5911    27.5937    154.991    155.254      0.568    1479.86    1479.86  0.000e+00
      10963    157.000     6.5997     6.5973    -0.0023    3.51213    3.51214          1     5.5684     5.6679       9.97     0.0324  4.476e-12  1.000e-12  2.234e+01    35.1489    35.1514     0.0025    27.5913    27.5936    155.486    155.750      0.547    1479.87    1479.86  0.000e+00
      10986    157.500     6.5996     6.5974    -0.0022    3.51210    3.51217          1     5.5607     5.6588       9.97     0.0334  4.476e-12  1.000e-12  2.234e+01    35.1484    35.1514     0.0030    27.5909    27.5935    155.981    156.245      0.502    1479.87    1479.87  0.000e+00
      11011    158.000     6.5981     6.5968    -0.0013    3.51197    3.51208          1     5.5574     5.6589       9.97     0.0312  4.476e-12  1.000e-12  2.234e+01    35.1482    35.1508     0.0026    27.5909    27.5931    156.476    156.741      0.502    1479.88    1479.87  0.000e+00
      11033    158.500     6.5947     6.5933    -0.0014    3.51166    3.51187          1     5.5547     5.6605       9.97     0.0320  4.476e-12  1.000e-12  2.234e+01    35.1480    35.1517     0.0037    27.5913    27.5944    156.971    157.237      0.553    1479.87    1479.87  0.000e+00
      11054    159.000     6.5956     6.5931    -0.0025    3.51179    3.51178          1     5.5604     5.6634       9.97     0.0322  4.476e-12  1.000e-12  2.234e+01    35.1483    35.1508     0.0025    27.5913    27.5936    157.466    157.732      0.593    1479.88    1479.87  0.000e+00
      11074    159.500     6.5962     6.5946    -0.0016    3.51189    3.51193          1     5.5703     5.6670       9.97     0.0321  4.476e-12  1.000e-12  2.234e+01    35.1485    35.1506     0.0021    27.5914    27.5933    157.961    158.228      0.587    1479.89    1479.89  0.000e+00
      11095    160.000     6.5971     6.5951    -0.0020    3.51196    3.51206          1     5.5766     5.6641       9.97     0.0338  4.476e-12  1.000e-12  2.234e+01    35.1480    35.1513     0.0032    27.5909    27.5937    158.456    158.723      0.545    1479.91    1479.90  0.000e+00
      11118    160.500     6.5948     6.5925    -0.0023    3.51178    3.51183          1     5.5730     5.6632       9.97     0.0334  4.476e-12  1.000e-12  2.234e+01    35.1482    35.1511     0.0029    27.5914    27.5940    158.951    159.219      0.502    1479.90    1479.90  0.000e+00
      11143    161.000     6.5938     6.5919    -0.0018    3.51168    3.51179          1     5.5695     5.6591       9.97     0.0374  4.476e-12  1.000e-12  2.234e+01    35.1480    35.1510     0.0031    27.5913    27.5940    159.446    159.715      0.494    1479.91    1479.90  0.000e+00
      11167    161.500     6.5948     6.5921    -0.0027    3.51180    3.51180          1     5.5605     5.6579       9.97     0.0328  4.476e-12  1.000e-12  2.234e+01    35.1479    35.1507     0.0028    27.5912    27.5937    159.940    160.210      0.520    1479.92    1479.91  0.000e+00
      11189    162.000     6.5933     6.5929    -0.0005    3.51170    3.51187          1     5.5564     5.6496       9.97     0.0342  4.476e-12  1.000e-12  2.234e+01    35.1480    35.1505     0.0024    27.5915    27.5934    160.435    160.706      0.542    1479.92    1479.92  0.000e+00
      11211    162.500     6.5933     6.5924    -0.0009    3.51172    3.51188          1     5.5631     5.6399       9.97     0.0350  4.476e-12  1.000e-12  2.234e+01    35.1481    35.1508     0.0027    27.5915    27.5937    160.930    161.201      0.551    1479.93    1479.93  0.000e+00
      11233    163.000     6.5936     6.5924    -0.0012    3.51177    3.51190          1     5.5685     5.6480       9.97     0.0328  4.476e-12  1.000e-12  2.234e+01    35.1481    35.1507     0.0026    27.5914    27.5937    161.425    161.697      0.550    1479.94    1479.94  0.000e+00
      11255    163.500     6.5936     6.5924    -0.0011    3.51178    3.51192          1     5.5684     5.6555       9.97     0.0316  4.476e-12  1.000e-12  2.234e+01    35.1479    35.1506     0.0027    27.5913    27.5936    161.920    162.193      0.537    1479.95    1479.95  0.000e+00
      11277    164.000     6.5932     6.5927    -0.0005    3.51178    3.51196          1     5.5616     5.6566       9.97     0.0330  4.476e-12  1.000e-12  2.234e+01    35.1481    35.1506     0.0026    27.5915    27.5936    162.415    162.688      0.523    1479.96    1479.96  0.000e+00
      11300    164.500     6.5933     6.5922    -0.0011    3.51180    3.51194          1     5.5538     5.6533       9.97     0.0356  4.476e-12  1.000e-12  2.234e+01    35.1480    35.1507     0.0027    27.5914    27.5937    162.910    163.184      0.527    1479.96    1479.96  0.000e+00
      11323    165.000     6.5936     6.5925    -0.0011    3.51185    3.51198          1     5.5624     5.6450       9.97     0.0354  4.476e-12  1.000e-12  2.234e+01    35.1480    35.1505     0.0025    27.5914    27.5935    163.405    163.679      0.536    1479.97    1479.97  0.000e+00
      11345    165.500     6.5936     6.5925    -0.0011    3.51188    3.51201          1     5.5667     5.6301       9.97     0.0382  4.476e-12  1.000e-12  2.234e+01    35.1480    35.1506     0.0026    27.5914    27.5936    163.900    164.175      0.533    1479.98    1479.98  0.000e+00
      11368    166.000     6.5940     6.5928    -0.0012    3.51194    3.51206          1     5.5695     5.6366       9.97     0.0320  4.476e-12  1.000e-12  2.234e+01    35.1481    35.1506     0.0025    27.5914    27.5935    164.395    164.671      0.511    1479.99    1479.99  0.000e+00
      11392    166.500     6.5944     6.5931    -0.0013    3.51200    3.51211          1     5.5726     5.6479       9.97     0.0317  4.476e-12  1.000e-12  2.234e+01    35.1481    35.1506     0.0025    27.5913    27.5935    164.890    165.166      0.511    1480.00    1480.00  0.000e+00
      11415    167.000     6.5943     6.5935    -0.0009    3.51202    3.51216          1     5.5595     5.6530       9.97     0.0343  4.476e-12  1.000e-12  2.234e+01    35.1481    35.1505     0.0024    27.5914    27.5934    165.385    165.662      0.530    1480.01    1480.01  0.000e+00
      11437    167.500     6.5945     6.5936    -0.0010    3.51206    3.51220          1     5.5512     5.6471       9.97     0.0348  4.476e-12  1.000e-12  2.234e+01    35.1481    35.1506     0.0026    27.5913    27.5935    165.880    166.157      0.545    1480.02    1480.02  0.000e+00
      11459    168.000     6.5947     6.5937    -0.0010    3.51210    3.51223          1     5.5508     5.6469       9.97     0.0328  4.476e-12  1.000e-12  2.234e+01    35.1482    35.1505     0.0024    27.5914    27.5934    166.375    166.653      0.552    1480.03    1480.03  0.000e+00
      11481    168.500     6.5948     6.5936    -0.0011    3.51211    3.51225          1     5.5533     5.6531       9.97     0.0322  4.476e-12  1.000e-12  2.234e+01    35.1479    35.1506     0.0027    27.5911    27.5934    166.870    167.149      0.545    1480.04    1480.03  0.000e+00
      11503    169.000     6.5949     6.5936    -0.0013    3.51216    3.51226          1     5.5535     5.6580       9.97     0.0317  4.476e-12  1.000e-12  2.234e+01    35.1481    35.1505     0.0024    27.5913    27.5934    167.365    167.644      0.522    1480.04    1480.04  0.000e+00
