ctdpy/exports/archive_20191120_135557/received_data/SBE09_1044_20181014_1609_34_01_0091.cnv
* Sea-Bird SBE 9 Data File:
* FileName = C:\ctd\temp\ar18d091.hex
* Software Version Seasave V 7.21e
* Temperature SN = 5351
* Conductivity SN = 3941
* Number of Bytes Per Scan = 41
* Number of Voltage Words = 4
* Number of Scans Averaged by the Deck Unit = 1
* NMEA Latitude = 59 29.02 N
* NMEA Longitude = 022 53.77 E
* NMEA UTC (Time) = Oct 14 2018  19:09:35
* NMEA baud rate = 4800
** Station:  LL12
** Operator:  Dbsj
** Ship: ARANDA
** Average sound velocity: 1463.85 m/s
** True-depth calculation Sun, 14 Oct 2018 19:22:48 +0000
** CTD Python Module SMHI /ver 3-12/ feb 2012 
** LIMS Job: 20183401-0091
** Cruise: SMHI-4-2018
** Latitude [GG MM.mm N]:
** Longitude [GG MM.mm E]
# nquan = 26
# nvalues = 153                         
# units = specified
# name 0 = scan: Scan Count
# name 1 = prDM: Pressure, Digiquartz [db]
# name 2 = t090C: Temperature [ITS-90, deg C]
# name 3 = t190C: Temperature, 2 [ITS-90, deg C]
# name 4 = T2-T190C: Temperature Difference, 2 - 1 [ITS-90, deg C]
# name 5 = c0S/m: Conductivity [S/m]
# name 6 = c1S/m: Conductivity, 2 [S/m]
# name 7 = pumps: Pump Status
# name 8 = sbeox0ML/L: Oxygen, SBE 43 [ml/l]
# name 9 = sbeox1ML/L: Oxygen, SBE 43, 2 [ml/l]
# name 10 = altM: Altimeter [m]
# name 11 = flECO-AFL: Chl-a Fluorescence, WET Labs ECO-AFL/FL [mg/m^3]
# name 12 = flECO-AFL1: Phycocyanin Fluorescence, WET Labs ECO-AFL/FL, 2 [mg/m^3]
# name 13 = par: PAR/Irradiance, Biospherical/Lico [µE/(cm^2*s)]
# name 14 = turbWETntu0: Turbidity, WET Labs ECO [NTU]
# name 15 = sal00: Salinity, Practical [PSU]
# name 16 = sal11: Salinity, Practical, 2 [PSU]
# name 17 = secS-priS: Salinity, Practical, Difference, 2 - 1 [PSU]
# name 18 = sigma-t00: Density [sigma-t, Kg/m^3 ]
# name 19 = sigma-t11: Density, 2 [sigma-t, Kg/m^3 ]
# name 20 = depSM: Depth [salt water, m], lat = 59.4837
# name 21 = depFM: Depth [true depth, m], lat = 59.4837
# name 22 = dz/dtM: Descent Rate [m/s], WS = 2
# name 23 = svCM: Sound Velocity [Chen-Millero, m/s]
# name 24 = svCM1: Sound Velocity, 2 [Chen-Millero, m/s]
# name 25 = flag: flag
# span 0 =       3379,       7167       
# span 1 =      1.500,     77.500       
# span 2 =     7.3683,    13.1826       
# span 3 =     7.3148,    13.1870       
# span 4 =    -0.0559,     0.2092       
# span 5 =   0.795133,   0.866949       
# span 6 =   0.795274,   0.866941       
# span 7 =          1,          1       
# span 8 =    4.99932,    6.43621       
# span 9 =    5.43517,    6.92026       
# span 10 =       2.77,      80.14      
# span 11 =     0.3725,     1.3992      
# span 12 =     0.2115,     0.4735      
# span 13 = -1.299e-04, 2.7139e-01      
# span 14 =     0.3217,     0.5278      
# span 15 =     6.2267,     6.8394      
# span 16 =     6.2264,     6.8454      
# span 17 =    -0.0129,     0.0061      
# span 18 =     4.1727,     5.2771      
# span 19 =     4.1718,     5.2858      
# span 20 =      1.486,     76.758      
# span 21 =      1.521,     78.589      
# span 22 =     -0.213,      0.856      
# span 23 =    1446.35,    1467.65      
# span 24 =    1446.13,    1467.66      
# span 25 = 0.0000e+00, 0.0000e+00      
# interval = decibars: 0.5              
# start_time = Oct 14 2018 19:09:35 [NMEA time, first data scan]
# bad_flag = -9.990e-29
*END*
       3379      1.500    13.1826    13.1870     0.0043    0.84591    0.84596          1     6.4309     6.8747      80.00     1.2809     0.4735  2.714e-01  0.4085000     6.2278     6.2275    -0.0003     4.1727     4.1718      1.486      1.521      0.247    1466.93    1466.94  0.000e+00
       3398      2.000    13.1809    13.1804    -0.0006    0.84587    0.84581          1     6.4262     6.8953      80.14     1.3003     0.3450  2.561e-01  0.4325000     6.2277     6.2273    -0.0004     4.1728     4.1726      1.981      2.029      0.462    1466.93    1466.93  0.000e+00
       3535      2.500    13.1726    13.1724    -0.0001    0.84562    0.84557          1     6.4092     6.9020      79.84     1.3045     0.4045  1.213e-01  0.4355000     6.2271     6.2267    -0.0004     4.1735     4.1733      2.476      2.536      0.416    1466.91    1466.91  0.000e+00
       3607      3.000    13.1670    13.1684     0.0015    0.84549    0.84548          1     6.4163     6.8993      79.33     1.3255     0.4072  6.417e-02  0.4344000     6.2269     6.2266    -0.0003     4.1742     4.1738      2.972      3.043      0.721    1466.89    1466.90  0.000e+00
       3625      3.500    13.1669    13.1682     0.0013    0.84548    0.84547          1     6.4098     6.9016      79.03     1.2562     0.4096  4.762e-02  0.4396000     6.2268     6.2265    -0.0003     4.1741     4.1737      3.467      3.550      0.624    1466.90    1466.91  0.000e+00
       3665      4.000    13.1689    13.1694     0.0005    0.84552    0.84549          1     6.4071     6.8951      78.35     1.2616     0.3901  2.381e-03  0.4492000     6.2268     6.2264    -0.0004     4.1738     4.1735      3.962      4.057      0.327    1466.92    1466.92  0.000e+00
       3709      4.500    13.1702    13.1708     0.0006    0.84555    0.84552          1     6.4090     6.8932      77.76     1.3045     0.3430 -1.299e-04  0.3945000     6.2267     6.2264    -0.0003     4.1736     4.1733      4.458      4.564      0.616    1466.93    1466.93  0.000e+00
       3724      5.000    13.1707    13.1718     0.0012    0.84557    0.84555          1     6.4179     6.8964      77.43     1.2610     0.3219  1.000e-12  0.4494000     6.2268     6.2265    -0.0003     4.1736     4.1732      4.953      5.072      0.781    1466.94    1466.94  0.000e+00
       3738      5.500    13.1720    13.1738     0.0017    0.84560    0.84559          1     6.4074     6.8999      77.03     1.2541     0.3481  1.000e-12  0.4574000     6.2267     6.2264    -0.0003     4.1734     4.1729      5.448      5.579      0.760    1466.95    1466.96  0.000e+00
       3756      6.000    13.1726    13.1748     0.0023    0.84562    0.84564          1     6.3968     6.8982      76.57     1.2637     0.3679  1.000e-12  0.4627000     6.2268     6.2266    -0.0003     4.1733     4.1728      5.944      6.086      0.560    1466.96    1466.97  0.000e+00
       3790      6.500    13.1745    13.1760     0.0015    0.84571    0.84569          1     6.3993     6.9000      75.87     1.2720     0.3769  1.000e-12  0.4618000     6.2271     6.2267    -0.0004     4.1733     4.1728      6.439      6.593      0.298    1466.98    1466.98  0.000e+00
       3827      7.000    13.1735    13.1751     0.0016    0.84567    0.84567          1     6.4100     6.8914      75.24     1.2760     0.3830  1.000e-12  0.4285000     6.2269     6.2267    -0.0003     4.1733     4.1729      6.934      7.100      0.517    1466.98    1466.99  0.000e+00
       3845      7.500    13.1738    13.1748     0.0010    0.84567    0.84565          1     6.4136     6.8933      74.93     1.2752     0.3409  1.000e-12  0.4423000     6.2269     6.2265    -0.0003     4.1732     4.1728      7.429      7.607      0.728    1466.99    1467.00  0.000e+00
       3860      8.000    13.1736    13.1749     0.0013    0.84567    0.84567          1     6.4217     6.9002      74.56     1.2658     0.3543  1.000e-12  0.4440000     6.2269     6.2266    -0.0003     4.1732     4.1728      7.925      8.114      0.766    1467.00    1467.00  0.000e+00
       3876      8.500    13.1738    13.1750     0.0012    0.84568    0.84567          1     6.4153     6.9026      74.00     1.2656     0.4073  1.000e-12  0.4717000     6.2269     6.2266    -0.0003     4.1732     4.1728      8.420      8.622      0.648    1467.01    1467.01  0.000e+00
       3903      9.000    13.1734    13.1749     0.0014    0.84568    0.84567          1     6.4021     6.8990      73.29     1.2674     0.3571  1.000e-12  0.4921000     6.2268     6.2265    -0.0003     4.1732     4.1728      8.915      9.129      0.354    1467.02    1467.02  0.000e+00
       3944      9.500    13.1737    13.1750     0.0013    0.84569    0.84569          1     6.4215     6.8997      72.60     1.2859     0.3683  1.000e-12  0.4060000     6.2268     6.2266    -0.0003     4.1732     4.1728      9.411      9.636      0.515    1467.02    1467.03  0.000e+00
       3959     10.000    13.1740    13.1755     0.0014    0.84572    0.84572          1     6.4207     6.8987      72.30     1.3079     0.3683  1.000e-12  0.4270000     6.2270     6.2267    -0.0003     4.1733     4.1728      9.906     10.143      0.767    1467.03    1467.04  0.000e+00
       3973     10.500    13.1739    13.1753     0.0014    0.84573    0.84571          1     6.4153     6.9023      71.94     1.2803     0.3532  1.000e-12  0.4562000     6.2271     6.2267    -0.0004     4.1733     4.1728     10.401     10.650      0.786    1467.04    1467.05  0.000e+00
       3989     11.000    13.1742    13.1757     0.0015    0.84576    0.84576          1     6.4060     6.8989      71.43     1.2540     0.3675  1.000e-12  0.4851000     6.2272     6.2269    -0.0003     4.1734     4.1730     10.896     11.157      0.641    1467.05    1467.05  0.000e+00
       4016     11.500    13.1751    13.1764     0.0013    0.84591    0.84587          1     6.4137     6.8880      70.74     1.2707     0.4475  1.000e-12  0.4587000     6.2282     6.2277    -0.0005     4.1740     4.1734     11.392     11.665      0.388    1467.06    1467.07  0.000e+00
       4050     12.000    13.1752    13.1764     0.0012    0.84605    0.84606          1     6.4154     6.8997      70.14     1.2984     0.4332  1.000e-12  0.4671000     6.2292     6.2291    -0.0000     4.1748     4.1746     11.887     12.172      0.458    1467.07    1467.08  0.000e+00
       4071     12.500    13.1752    13.1764     0.0012    0.84613    0.84621          1     6.4115     6.9024      69.75     1.2974     0.3677  1.000e-12  0.4534000     6.2299     6.2303     0.0004     4.1753     4.1754     12.382     12.679      0.654    1467.08    1467.09  0.000e+00
       4087     13.000    13.1753    13.1765     0.0012    0.84626    0.84625          1     6.4080     6.8952      69.35     1.2778     0.3683  1.000e-12  0.4636000     6.2308     6.2305    -0.0002     4.1760     4.1756     12.878     13.186      0.706    1467.09    1467.10  0.000e+00
       4104     13.500    13.1754    13.1767     0.0012    0.84619    0.84621          1     6.4262     6.8982      68.86     1.2937     0.3338  1.000e-12  0.4673000     6.2302     6.2301    -0.0001     4.1755     4.1753     13.373     13.693      0.629    1467.10    1467.10  0.000e+00
       4129     14.000    13.1747    13.1763     0.0017    0.84658    0.84640          1     6.4128     6.9008      68.25     1.2890     0.3247  1.000e-12  0.4557000     6.2334     6.2316    -0.0017     4.1781     4.1765     13.868     14.200      0.398    1467.11    1467.11  0.000e+00
       4168     14.500    13.1733    13.1755     0.0022    0.84765    0.84682          1     6.4170     6.9018      67.61     1.3221     0.3548  1.000e-12  0.4313000     6.2420     6.2351    -0.0069     4.1849     4.1793     14.363     14.707      0.400    1467.12    1467.12  0.000e+00
       4189     15.000    13.1715    13.1732     0.0016    0.84928    0.84890          1     6.4328     6.9076      67.32     1.3395     0.4128  1.000e-12  0.5179000     6.2551     6.2518    -0.0033     4.1953     4.1925     14.859     15.215      0.725    1467.14    1467.14  0.000e+00
       4203     15.500    13.1639    13.1657     0.0018    0.85334    0.85304          1     6.4349     6.9103      67.01     1.3400     0.4238  1.000e-12  0.4958000     6.2885     6.2858    -0.0027     4.2221     4.2197     15.354     15.722      0.838    1467.16    1467.16  0.000e+00
       4216     16.000    13.1564    13.1576     0.0012    0.85404    0.85403          1     6.4362     6.9134      66.53     1.3409     0.4411  1.000e-12  0.4699000     6.2953     6.2950    -0.0003     4.2284     4.2280     15.849     16.229      0.791    1467.15    1467.15  0.000e+00
       4234     16.500    13.1522    13.1539     0.0017    0.85415    0.85413          1     6.4272     6.9203      65.95     1.3569     0.3799  1.000e-12  0.5278000     6.2968     6.2963    -0.0005     4.2302     4.2296     16.344     16.736      0.531    1467.14    1467.15  0.000e+00
       4276     17.000    13.1523    13.1544     0.0022    0.85406    0.85382          1     6.4227     6.8979      65.08     1.3679     0.4004  1.000e-12  0.4847000     6.2960     6.2937    -0.0022     4.2295     4.2275     16.840     17.243      0.329    1467.15    1467.16  0.000e+00
       4303     17.500    13.1327    13.1343     0.0016    0.85481    0.85477          1     6.4143     6.8800      64.65     1.3620     0.4703  1.000e-12  0.4665000     6.3051     6.3046    -0.0005     4.2393     4.2387     17.335     17.750      0.720    1467.10    1467.10  0.000e+00
       4316     18.000    13.1222    13.1231     0.0009    0.85527    0.85526          1     6.4282     6.8849      64.27     1.3992     0.4265  1.000e-12  0.5154000     6.3104     6.3102    -0.0002     4.2450     4.2447     17.830     18.257      0.856    1467.08    1467.08  0.000e+00
       4330     18.500    13.1139    13.1146     0.0008    0.85581    0.85583          1     6.4204     6.8842      63.81     1.3804     0.4102  1.000e-12  0.5132000     6.3161     6.3161    -0.0000     4.2505     4.2504     18.326     18.764      0.830    1467.06    1467.06  0.000e+00
       4346     19.000    13.1118    13.1127     0.0009    0.85595    0.85605          1     6.4002     6.8818      63.36     1.3540     0.3272  1.000e-12  0.5102000     6.3175     6.3181     0.0006     4.2519     4.2522     18.821     19.272      0.615    1467.06    1467.07  0.000e+00
       4380     19.500    13.1102    13.1115     0.0012    0.85635    0.85636          1     6.3924     6.8717      62.57     1.2074     0.3442  1.000e-12  0.4602000     6.3208     6.3207    -0.0001     4.2547     4.2545     19.316     19.779      0.300    1467.07    1467.07  0.000e+00
       4413     20.000    13.1100    13.1111     0.0011    0.85642    0.85640          1     6.3872     6.8687      62.04     1.2103     0.3632  1.000e-12  0.4563000     6.3214     6.3211    -0.0003     4.2552     4.2548     19.811     20.286      0.577    1467.08    1467.08  0.000e+00
       4430     20.500    13.1105    13.1112     0.0007    0.85647    0.85643          1     6.3864     6.8709      61.74     1.2070     0.3965  1.000e-12  0.4740000     6.3217     6.3212    -0.0005     4.2553     4.2549     20.307     20.793      0.736    1467.09    1467.09  0.000e+00
       4445     21.000    13.1109    13.1119     0.0010    0.85652    0.85652          1     6.3945     6.8688      61.30     1.1930     0.3706  1.000e-12  0.5038000     6.3220     6.3218    -0.0002     4.2555     4.2552     20.802     21.300      0.727    1467.10    1467.10  0.000e+00
       4463     21.500    13.1112    13.1123     0.0011    0.85658    0.85657          1     6.3862     6.8652      60.75     1.1660     0.3488  1.000e-12  0.4752000     6.3224     6.3221    -0.0003     4.2558     4.2554     21.297     21.807      0.572    1467.11    1467.11  0.000e+00
       4492     22.000    13.1113    13.1125     0.0012    0.85664    0.85661          1     6.3820     6.8649      60.06     1.1548     0.3224  1.000e-12  0.4737000     6.3227     6.3223    -0.0004     4.2560     4.2555     21.792     22.314      0.365    1467.11    1467.12  0.000e+00
       4525     22.500    13.1129    13.1141     0.0013    0.85685    0.85683          1     6.3874     6.8674      59.46     1.1536     0.3244  1.000e-12  0.4639000     6.3242     6.3237    -0.0004     4.2569     4.2564     22.288     22.821      0.500    1467.13    1467.13  0.000e+00
       4544     23.000    13.1163    13.1173     0.0011    0.85726    0.85723          1     6.3884     6.8672      59.11     1.0954     0.3217  1.000e-12  0.4702000     6.3268     6.3264    -0.0004     4.2584     4.2580     22.783     23.328      0.692    1467.15    1467.16  0.000e+00
       4560     23.500    13.1192    13.1202     0.0010    0.85752    0.85751          1     6.3818     6.8620      58.73     1.0588     0.3232  1.000e-12  0.4684000     6.3284     6.3281    -0.0003     4.2592     4.2588     23.278     23.836      0.744    1467.18    1467.18  0.000e+00
       4576     24.000    13.1203    13.1214     0.0011    0.85762    0.85761          1     6.3759     6.8562      58.21     1.0111     0.3317  1.000e-12  0.4689000     6.3289     6.3286    -0.0003     4.2595     4.2591     23.773     24.343      0.653    1467.19    1467.19  0.000e+00
       4600     24.500    13.1213    13.1226     0.0013    0.85769    0.85768          1     6.3718     6.8582      57.71     1.0256     0.3067  1.000e-12  0.4718000     6.3292     6.3289    -0.0003     4.2596     4.2592     24.269     24.850      0.425    1467.20    1467.20  0.000e+00
       4635     25.000    13.1221    13.1233     0.0012    0.85774    0.85772          1     6.3738     6.8614      56.91     1.0623     0.3313  1.000e-12  0.4750000     6.3294     6.3291    -0.0003     4.2596     4.2592     24.764     25.357      0.400    1467.21    1467.21  0.000e+00
       4658     25.500    13.1231    13.1243     0.0012    0.85782    0.85780          1     6.3823     6.8550      56.52     1.0717     0.3385  1.000e-12  0.4589000     6.3298     6.3295    -0.0003     4.2598     4.2594     25.259     25.864      0.668    1467.22    1467.23  0.000e+00
       4673     26.000    13.1240    13.1251     0.0011    0.85790    0.85789          1     6.3879     6.8577      56.28     1.0676     0.3611  1.000e-12  0.4765000     6.3303     6.3300    -0.0003     4.2600     4.2597     25.754     26.371      0.770    1467.23    1467.24  0.000e+00
       4689     26.500    13.1250    13.1263     0.0013    0.85800    0.85799          1     6.3757     6.8613      55.78     1.0669     0.3977  1.000e-12  0.4840000     6.3309     6.3306    -0.0003     4.2603     4.2599     26.250     26.878      0.715    1467.25    1467.25  0.000e+00
       4709     27.000    13.1265    13.1280     0.0015    0.85811    0.85811          1     6.3723     6.8595      55.29     1.0567     0.3614  1.000e-12  0.4882000     6.3315     6.3313    -0.0002     4.2606     4.2602     26.745     27.385      0.495    1467.26    1467.27  0.000e+00
       4743     27.500    13.1281    13.1295     0.0013    0.85826    0.85824          1     6.3696     6.8613      54.28     1.0524     0.3462  1.000e-12  0.4589000     6.3323     6.3320    -0.0004     4.2610     4.2605     27.240     27.892      0.345    1467.28    1467.28  0.000e+00
       4771     28.000    13.1289    13.1303     0.0014    0.85838    0.85837          1     6.3736     6.8602      53.80     1.0612     0.3213  1.000e-12  0.4754000     6.3331     6.3329    -0.0002     4.2615     4.2611     27.735     28.399      0.565    1467.29    1467.29  0.000e+00
       4789     28.500    13.1324    13.1336     0.0012    0.85873    0.85873          1     6.3732     6.8437      53.39     1.0487     0.3219  1.000e-12  0.4878000     6.3353     6.3351    -0.0002     4.2627     4.2623     28.231     28.907      0.698    1467.31    1467.32  0.000e+00
