ctdpy/exports/archive_20191120_135557/received_data/SBE09_1044_20181018_0605_34_01_0107.cnv
* Sea-Bird SBE 9 Data File:
* FileName = C:\LUOTAUS\DATA_IN\hex_in\SMHI\ar18d107.hex
* Software Version Seasave V 7.23.2
* Temperature SN = 5351
* Conductivity SN = 3941
* Number of Bytes Per Scan = 30
* Number of Voltage Words = 4
* Number of Scans Averaged by the Deck Unit = 1
* NMEA baud rate = 4800
** Station:  A14
** Operator:  OBac
** Ship: ARANDA
** Average sound velocity: 1497.20 m/s
** True-depth calculation Thu, 18 Oct 2018 06:27:12 +0000
** CTD Python Module SMHI /ver 3-12/ feb 2012 
** LIMS Job: 20183401-0107
** Cruise: SMHI-4-2018
** Latitude [GG MM.mm N]: 58 18.925 N
** Longitude [GG MM.mm E] 10 56.547 E
# nquan = 26
# nvalues = 215                         
# units = specified
# name 0 = scan: Scan Count
# name 1 = prDM: Pressure, Digiquartz [db]
# name 2 = t090C: Temperature [ITS-90, deg C]
# name 3 = t190C: Temperature, 2 [ITS-90, deg C]
# name 4 = T2-T190C: Temperature Difference, 2 - 1 [ITS-90, deg C]
# name 5 = c0S/m: Conductivity [S/m]
# name 6 = c1S/m: Conductivity, 2 [S/m]
# name 7 = pumps: Pump Status
# name 8 = sbeox0ML/L: Oxygen, SBE 43 [ml/l]
# name 9 = sbeox1ML/L: Oxygen, SBE 43, 2 [ml/l]
# name 10 = altM: Altimeter [m]
# name 11 = flECO-AFL: Chl-a Fluorescence, WET Labs ECO-AFL/FL [mg/m^3]
# name 12 = flECO-AFL1: Phycocyanin Fluorescence, WET Labs ECO-AFL/FL, 2 [mg/m^3]
# name 13 = par: PAR/Irradiance, Biospherical/Lico [µE/(cm^2*s)]
# name 14 = turbWETntu0: Turbidity, WET Labs ECO [NTU]
# name 15 = sal00: Salinity, Practical [PSU]
# name 16 = sal11: Salinity, Practical, 2 [PSU]
# name 17 = secS-priS: Salinity, Practical, Difference, 2 - 1 [PSU]
# name 18 = sigma-t00: Density [sigma-t, Kg/m^3 ]
# name 19 = sigma-t11: Density, 2 [sigma-t, Kg/m^3 ]
# name 20 = depSM: Depth [salt water, m], lat = 0
# name 21 = depFM: Depth [true depth, m], lat = 0
# name 22 = dz/dtM: Descent Rate [m/s], WS = 2
# name 23 = svCM: Sound Velocity [Chen-Millero, m/s]
# name 24 = svCM1: Sound Velocity, 2 [Chen-Millero, m/s]
# name 25 = flag: flag
# span 0 =      11223,      16412       
# span 1 =      1.000,    108.000       
# span 2 =     9.0631,    13.0574       
# span 3 =     9.0612,    13.0582       
# span 4 =    -0.0333,     0.0097       
# span 5 =   3.724722,   4.018482       
# span 6 =   3.724483,   4.018546       
# span 7 =          1,          1       
# span 8 =    4.89476,    5.83463       
# span 9 =    4.63183,    5.52709       
# span 10 =       0.98,      99.37      
# span 11 =     0.0753,     1.5241      
# span 12 =     0.1359,     0.3610      
# span 13 = 1.0000e-12, 1.0947e+02      
# span 14 =     0.1877,     0.8395      
# span 15 =    32.7042,    34.9938      
# span 16 =    32.6958,    34.9936      
# span 17 =    -0.0209,     0.0172      
# span 18 =    24.6073,    27.1016      
# span 19 =    24.5996,    27.1014      
# span 20 =      0.995,    107.379      
# span 21 =      0.994,    107.250      
# span 22 =     -0.003,      0.887      
# span 23 =    1488.20,    1500.38      
# span 24 =    1488.19,    1500.38      
# span 25 = 0.0000e+00, 0.0000e+00      
# interval = decibars: 0.5              
# start_time = Oct 18 2018 06:05:58 [System UTC, header]
# bad_flag = -9.990e-29
*END*
[from data line 112]
      13654     57.000    12.8185    12.8160    -0.0025    3.97183    3.97117          1     5.4918     5.2146      52.96     0.1481     0.2244  1.000e-12  0.2762000    33.9523    33.9481    -0.0041    25.6172    25.6145     56.679     56.636      0.595    1499.29    1499.27  0.000e+00
      13674     57.500    12.7740    12.7753     0.0013    3.96767    3.96777          1     5.5120     5.2149      52.14     0.1550     0.2035  1.000e-12  0.2845000    33.9524    33.9521    -0.0002    25.6260    25.6256     57.176     57.133      0.591    1499.14    1499.15  0.000e+00
      13694     58.000    12.7632    12.7641     0.0010    3.96834    3.96843          1     5.5353     5.2242      51.20     0.1268     0.2126  1.000e-12  0.2727000    33.9682    33.9683     0.0001    25.6404    25.6403     57.673     57.630      0.577    1499.14    1499.14  0.000e+00
      13716     58.500    12.7860    12.7906     0.0046    3.97258    3.97320          1     5.5156     5.2218      51.11     0.1495     0.2472  1.000e-12  0.3032000    33.9880    33.9897     0.0017    25.6513    25.6517     58.170     58.126      0.547    1499.24    1499.26  0.000e+00
      13738     59.000    12.9053    12.9017    -0.0036    3.98833    3.98801          1     5.4829     5.1968      50.77     0.1585     0.2346  1.000e-12  0.2978000    34.0305    34.0308     0.0002    25.6607    25.6615     58.668     58.623      0.524    1499.70    1499.69  0.000e+00
      13761     59.500    12.9725    12.9666    -0.0059    3.99790    3.99703          1     5.4838     5.1796      50.33     0.1450     0.2226  1.000e-12  0.2971000    34.0609    34.0579    -0.0030    25.6709    25.6697     59.165     59.119      0.548    1499.97    1499.95  0.000e+00
      13782     60.000    12.9694    12.9699     0.0004    4.00021    4.00038          1     5.4779     5.1693      49.78     0.1449     0.2808  1.000e-12  0.3050000    34.0855    34.0866     0.0011    25.6905    25.6913     59.662     59.616      0.593    1500.00    1500.00  0.000e+00
      13802     60.500    12.9878    12.9870    -0.0006    4.00463    4.00464          1     5.4749     5.1620      49.38     0.1421     0.2582  1.000e-12  0.3131000    34.1107    34.1115     0.0007    25.7064    25.7071     60.159     60.112      0.601    1500.10    1500.10  0.000e+00
      13822     61.000    13.0009    13.0020     0.0012    4.00652    4.00666          1     5.4621     5.1575      48.93     0.1165     0.2187  1.000e-12  0.3211000    34.1167    34.1169     0.0002    25.7084    25.7083     60.656     60.609      0.569    1500.16    1500.16  0.000e+00
      13844     61.500    13.0182    13.0186     0.0005    4.00889    4.00901          1     5.4366     5.1600      48.42     0.1163     0.2109  1.000e-12  0.2932000    34.1235    34.1242     0.0007    25.7102    25.7106     61.153     61.105      0.524    1500.23    1500.23  0.000e+00
      13868     62.000    13.0282    13.0283     0.0002    4.01035    4.01036          1     5.4420     5.1601      47.91     0.1366     0.2493  1.000e-12  0.2912000    34.1281    34.1280    -0.0001    25.7118    25.7117     61.650     61.602      0.519    1500.28    1500.28  0.000e+00
      13890     62.500    13.0349    13.0352     0.0003    4.01267    4.01275          1     5.4408     5.1584      47.37     0.1294     0.2488  1.000e-12  0.2881000    34.1438    34.1443     0.0005    25.7226    25.7229     62.147     62.098      0.591    1500.33    1500.33  0.000e+00
      13909     63.000    13.0296    13.0304     0.0008    4.01520    4.01526          1     5.4464     5.1571      46.89     0.1324     0.2219  1.000e-12  0.2943000    34.1724    34.1722    -0.0002    25.7458    25.7455     62.644     62.595      0.674    1500.35    1500.35  0.000e+00
      13926     63.500    13.0186    13.0196     0.0010    4.01671    4.01678          1     5.4623     5.1578      46.45     0.1388     0.2047  1.000e-12  0.3035000    34.1965    34.1962    -0.0003    25.7667    25.7662     63.141     63.091      0.692    1500.35    1500.35  0.000e+00
      13944     64.000    13.0147    13.0154     0.0007    4.01830    4.01834          1     5.4558     5.1644      45.98     0.1162     0.1792  1.000e-12  0.3211000    34.2149    34.2147    -0.0002    25.7817    25.7814     63.639     63.588      0.608    1500.37    1500.37  0.000e+00
      13968     64.500    13.0117    13.0123     0.0006    4.01848    4.01855          1     5.4553     5.1679      45.45     0.1249     0.2127  1.000e-12  0.3321000    34.2192    34.2192     0.0000    25.7856    25.7855     64.136     64.084      0.432    1500.37    1500.37  0.000e+00
      13999     65.000    13.0113    13.0114     0.0001    4.01847    4.01849          1     5.4584     5.1635      44.87     0.1599     0.2083  1.000e-12  0.3209000    34.2192    34.2193     0.0001    25.7857    25.7858     64.633     64.581      0.444    1500.38    1500.38  0.000e+00
      14021     65.500    12.9915    12.9918     0.0002    4.01667    4.01666          1     5.4443     5.1653      44.45     0.1378     0.1940  1.000e-12  0.3289000    34.2197    34.2194    -0.0003    25.7901    25.7898     65.130     65.077      0.669    1500.32    1500.32  0.000e+00
      14037     66.000    12.9609    12.9622     0.0013    4.01439    4.01453          1     5.4433     5.1720      44.06     0.1211     0.1993  1.000e-12  0.3272000    34.2255    34.2257     0.0001    25.8007    25.8005     65.627     65.573      0.778    1500.24    1500.24  0.000e+00
      14052     66.500    12.9370    12.9389     0.0018    4.01228    4.01245          1     5.4489     5.1748      43.60     0.1091     0.2070  1.000e-12  0.3285000    34.2268    34.2268    -0.0000    25.8064    25.8061     66.124     66.070      0.753    1500.17    1500.17  0.000e+00
      14069     67.000    12.9213    12.9228     0.0015    4.01091    4.01105          1     5.4607     5.1746      43.05     0.1335     0.1851  1.000e-12  0.3529000    34.2278    34.2278    -0.0000    25.8103    25.8100     66.621     66.566      0.570    1500.12    1500.13  0.000e+00
      14101     67.500    12.9169    12.9176     0.0007    4.01065    4.01075          1     5.4716     5.1798      42.39     0.1434     0.1751  1.000e-12  0.3414000    34.2291    34.2295     0.0005    25.8121    25.8124     67.118     67.063      0.342    1500.12    1500.12  0.000e+00
      14132     68.000    12.9189    12.9198     0.0009    4.01156    4.01170          1     5.4693     5.1788      41.85     0.1602     0.2541  1.000e-12  0.3406000    34.2357    34.2363     0.0006    25.8169    25.8172     67.615     67.559      0.552    1500.14    1500.14  0.000e+00
      14150     68.500    12.9058    12.9065     0.0007    4.01260    4.01268          1     5.4792     5.1830      41.48     0.1157     0.2355  1.000e-12  0.3704000    34.2574    34.2574     0.0001    25.8363    25.8362     68.112     68.056      0.779    1500.13    1500.13  0.000e+00
      14164     69.000    12.8937    12.8939     0.0003    4.01212    4.01220          1     5.4900     5.1927      41.11     0.1117     0.2324  1.000e-12  0.3658000    34.2635    34.2640     0.0006    25.8435    25.8438     68.609     68.552      0.887    1500.10    1500.11  0.000e+00
      14176     69.500    12.8862    12.8869     0.0008    4.01167    4.01176          1     5.4926     5.1977      40.69     0.1095     0.2222  1.000e-12  0.3593000    34.2659    34.2661     0.0002    25.8468    25.8468     69.107     69.049      0.871    1500.09    1500.09  0.000e+00
      14191     70.000    12.8798    12.8807     0.0009    4.01141    4.01149          1     5.4809     5.1996      40.28     0.1114     0.2183  1.000e-12  0.3689000    34.2689    34.2689    -0.0000    25.8504    25.8502     69.604     69.545      0.712    1500.08    1500.08  0.000e+00
      14218     70.500    12.8749    12.8754     0.0005    4.01123    4.01128          1     5.4765     5.1982      39.51     0.1210     0.2202  1.000e-12  0.3647000    34.2714    34.2715     0.0000    25.8533    25.8533     70.101     70.041      0.360    1500.08    1500.08  0.000e+00
      14259     71.000    12.8714    12.8714    -0.0000    4.01100    4.01103          1     5.5038     5.1913      38.82     0.1167     0.1961  1.000e-12  0.3455000    34.2721    34.2725     0.0004    25.8546    25.8549     70.598     70.538      0.490    1500.08    1500.08  0.000e+00
      14276     71.500    12.8629    12.8636     0.0007    4.01051    4.01057          1     5.4940     5.1917      38.55     0.1386     0.1934  1.000e-12  0.3707000    34.2750    34.2749    -0.0000    25.8585    25.8583     71.095     71.034      0.758    1500.06    1500.06  0.000e+00
      14290     72.000    12.8581    12.8590     0.0009    4.01069    4.01079          1     5.4828     5.1939      38.30     0.1339     0.1936  1.000e-12  0.3730000    34.2809    34.2810     0.0001    25.8640    25.8639     71.592     71.531      0.812    1500.06    1500.06  0.000e+00
      14305     72.500    12.8564    12.8574     0.0010    4.01136    4.01145          1     5.4818     5.1966      37.86     0.1284     0.2280  1.000e-12  0.3766000    34.2886    34.2885    -0.0001    25.8703    25.8700     72.089     72.027      0.707    1500.07    1500.07  0.000e+00
      14327     73.000    12.8590    12.8597     0.0007    4.01223    4.01231          1     5.4893     5.1958      37.17     0.1122     0.2193  1.000e-12  0.3871000    34.2943    34.2944     0.0001    25.8742    25.8741     72.586     72.524      0.468    1500.09    1500.10  0.000e+00
      14359     73.500    12.8580    12.8588     0.0008    4.01248    4.01264          1     5.4923     5.1928      36.49     0.1281     0.1852  1.000e-12  0.3658000    34.2975    34.2982     0.0007    25.8769    25.8773     73.083     73.020      0.433    1500.10    1500.10  0.000e+00
      14381     74.000    12.8605    12.8615     0.0010    4.01351    4.01362          1     5.4974     5.1901      36.15     0.1390     0.2089  1.000e-12  0.3775000    34.3048    34.3049     0.0002    25.8820    25.8820     73.580     73.516      0.608    1500.13    1500.13  0.000e+00
      14399     74.500    12.8648    12.8655     0.0006    4.01431    4.01436          1     5.4945     5.1911      35.18     0.1129     0.2216  1.000e-12  0.3866000    34.3082    34.3081    -0.0001    25.8838    25.8836     74.077     74.013      0.662    1500.15    1500.15  0.000e+00
      14417     75.000    12.8660    12.8668     0.0008    4.01482    4.01490          1     5.4756     5.1857      34.92     0.1082     0.2218  1.000e-12  0.3964000    34.3118    34.3119     0.0000    25.8864    25.8863     74.574     74.509      0.627    1500.17    1500.17  0.000e+00
      14438     75.500    12.8648    12.8657     0.0009    4.01509    4.01517          1     5.4599     5.1768      34.58     0.1091     0.2342  1.000e-12  0.4054000    34.3153    34.3152    -0.0001    25.8893    25.8891     75.072     75.006      0.581    1500.18    1500.18  0.000e+00
      14459     76.000    12.8428    12.8438     0.0010    4.01344    4.01347          1     5.4648     5.1787      34.11     0.1144     0.1909  1.000e-12  0.3928000    34.3194    34.3187    -0.0007    25.8969    25.8961     75.569     75.502      0.610    1500.12    1500.12  0.000e+00
      14477     76.500    12.7877    12.7865    -0.0011    4.00861    4.00848          1     5.4721     5.1809      33.65     0.1345     0.1917  1.000e-12  0.4116000    34.3231    34.3229    -0.0002    25.9106    25.9107     76.066     75.999      0.656    1499.94    1499.94  0.000e+00
      14495     77.000    12.7653    12.7674     0.0021    4.00652    4.00666          1     5.4727     5.1741      33.27     0.1381     0.2779  1.000e-12  0.4111000    34.3232    34.3227    -0.0005    25.9151    25.9143     76.563     76.495      0.634    1499.88    1499.88  0.000e+00
      14516     77.500    12.7477    12.7477     0.0000    4.00487    4.00486          1     5.4749     5.1743      32.79     0.1325     0.2315  1.000e-12  0.4120000    34.3233    34.3231    -0.0002    25.9187    25.9185     77.060     76.991      0.529    1499.83    1499.83  0.000e+00
      14542     78.000    12.6792    12.6795     0.0003    3.99854    3.99853          1     5.4623     5.1685      32.15     0.1194     0.2333  1.000e-12  0.4223000    34.3248    34.3245    -0.0004    25.9334    25.9330     77.557     77.488      0.450    1499.61    1499.61  0.000e+00
      14568     78.500    12.6205    12.6194    -0.0010    3.99327    3.99314          1     5.4383     5.1661      31.67     0.1234     0.2358  1.000e-12  0.4361000    34.3276    34.3273    -0.0004    25.9471    25.9470     78.054     77.984      0.507    1499.42    1499.42  0.000e+00
      14590     79.000    12.5521    12.5558     0.0037    3.98736    3.98767          1     5.4288     5.1590      31.57     0.1166     0.2364  1.000e-12  0.4437000    34.3330    34.3325    -0.0004    25.9646    25.9635     78.551     78.481      0.571    1499.21    1499.22  0.000e+00
      14610     79.500    12.5408    12.5428     0.0020    3.98664    3.98678          1     5.4318     5.1539      31.14     0.1279     0.2298  1.000e-12  0.4463000    34.3363    34.3357    -0.0006    25.9694    25.9685     79.048     78.977      0.616    1499.18    1499.19  0.000e+00
      14628     80.000    12.5047    12.5076     0.0028    3.98341    3.98367          1     5.4248     5.1478      30.39     0.1362     0.2219  1.000e-12  0.4638000    34.3379    34.3378    -0.0001    25.9776    25.9770     79.545     79.473      0.657    1499.07    1499.08  0.000e+00
      14646     80.500    12.4849    12.4856     0.0008    3.98177    3.98183          1     5.4046     5.1436      29.91     0.1348     0.2609  1.000e-12  0.4671000    34.3400    34.3399    -0.0001    25.9832    25.9829     80.042     79.970      0.668    1499.01    1499.01  0.000e+00
      14664     81.000    12.4469    12.4481     0.0013    3.97943    3.97949          1     5.3946     5.1265      29.33     0.1281     0.2230  1.000e-12  0.4619000    34.3520    34.3515    -0.0006    25.9999    25.9992     80.539     80.466      0.606    1498.91    1498.91  0.000e+00
      14687     81.500    12.3814    12.3831     0.0016    3.97584    3.97596          1     5.3647     5.0935      28.75     0.1278     0.1897  1.000e-12  0.4829000    34.3771    34.3768    -0.0003    26.0320    26.0315     81.036     80.962      0.456    1498.72    1498.73  0.000e+00
      14718     82.000    12.3256    12.3131    -0.0125    3.97321    3.97270          1     5.3253     5.0705      28.19     0.1303     0.1850  1.000e-12  0.5276000    34.4027    34.4093     0.0066    26.0628    26.0703     81.533     81.459      0.409    1498.57    1498.54  0.000e+00
      14744     82.500    12.2719    12.2731     0.0012    3.97088    3.97097          1     5.3473     5.0663      27.83     0.1056     0.1785  1.000e-12  0.5474000    34.4293    34.4291    -0.0002    26.0938    26.0934     82.030     81.955      0.612    1498.43    1498.44  0.000e+00
      14760     83.000    12.2739    12.2764     0.0026    3.97089    3.97106          1     5.3517     5.0580      27.54     0.1148     0.1948  1.000e-12  0.5640000    34.4274    34.4267    -0.0007    26.0918    26.0908     82.527     82.451      0.758    1498.44    1498.45  0.000e+00
      14775     83.500    12.2748    12.2768     0.0020    3.97096    3.97110          1     5.3393     5.0493      26.98     0.1203     0.2052  1.000e-12  0.5639000    34.4271    34.4265    -0.0005    26.0914    26.0907     83.025     82.948      0.783    1498.45    1498.46  0.000e+00
      14791     84.000    12.2383    12.2390     0.0006    3.96961    3.96967          1     5.3124     5.0372      26.48     0.1266     0.2079  1.000e-12  0.5638000    34.4473    34.4473     0.0000    26.1142    26.1140     83.522     83.444      0.690    1498.36    1498.36  0.000e+00
