ctdpy/exports/archive_20191120_135557/received_data/SBE09_0827_20180120_1538_26_01_0132.cnv
* Sea-Bird SBE 9 Data File:
* FileName = D:\CTD_SBE911\DAT\26DA.2018.1.32.hex
* Software Version Seasave V 7.21d
* Temperature SN = 034757
* Conductivity SN = 041844
* Number of Bytes Per Scan = 48
* Number of Voltage Words = 5
* Number of Scans Averaged by the Deck Unit = 1
* NMEA Latitude = 57 45.85 N
* NMEA Longitude = 008 43.68 E
* NMEA UTC (Time) = Jan 20 2018  15:38:39
* NMEA baud rate = 4800
** Ship: DANA
** Average sound velocity: 1482.37 m/s
** True-depth calculation Thu, 28 Mar 2019 08:24:19 +0000
** CTD Python Module SMHI /ver 3-12/ feb 2012 
** LIMS Job: 20182601-0132
** 36N
** Operator:Ronny Sørensen
** Cruise: 01/2018
# nquan = 26
# nvalues = 445                         
# units = specified
# name 0 = scan: Scan Count
# name 1 = prDM: Pressure, Digiquartz [db]
# name 2 = t090C: Temperature [ITS-90, deg C]
# name 3 = t190C: Temperature, 2 [ITS-90, deg C]
# name 4 = T2-T190C: Temperature Difference, 2 - 1 [ITS-90, deg C]
# name 5 = c0S/m: Conductivity [S/m]
# name 6 = c1S/m: Conductivity, 2 [S/m]
# name 7 = pumps: Pump Status
# name 8 = sbeox1ML/L: Oxygen, SBE 43, 2 [ml/l]
# name 9 = sbeox0ML/L: Oxygen, SBE 43 [ml/l]
# name 10 = altM: Altimeter [m]
# name 11 = chloroflTC0: Chlorophyll, Turner Cyclops [ug/l]
# name 12 = cpar: CPAR/Corrected Irradiance [%]
# name 13 = par: PAR/Irradiance, Biospherical/Lico [µE/(cm^2*s)]
# name 14 = spar: SPAR, Biospherical/Licor
# name 15 = sal00: Salinity, Practical [PSU]
# name 16 = sal11: Salinity, Practical, 2 [PSU]
# name 17 = secS-priS: Salinity, Practical, Difference, 2 - 1 [PSU]
# name 18 = sigma-t00: Density [sigma-t, kg/m^3 ]
# name 19 = sigma-t11: Density, 2 [sigma-t, kg/m^3 ]
# name 20 = depSM: Depth [salt water, m], lat = 57.7642
# name 21 = depFM: Depth [true depth, m], lat = 57.7642
# name 22 = dz/dtM: Descent Rate [m/s], WS = 2
# name 23 = svCM: Sound Velocity [Chen-Millero, m/s]
# name 24 = svCM1: Sound Velocity, 2 [Chen-Millero, m/s]
# name 25 = flag: flag
# span 0 =         83,      16843       
# span 1 =      1.500,    223.500       
# span 2 =     5.5632,     8.8911       
# span 3 =     5.5627,     8.8875       
# span 4 =    -0.2796,     0.0773       
# span 5 =   3.214142,   3.696503       
# span 6 =   3.214349,   3.696015       
# span 7 =          1,          1       
# span 8 =     4.9923,     6.3817       
# span 9 =     5.0772,     6.5240       
# span 10 =       2.72,      10.30      
# span 11 =     0.0146,     0.0290      
# span 12 = 2.4610e-11, 4.0679e-08      
# span 13 = 1.0000e-12, 1.0000e-12      
# span 14 = 2.0258e+00, 4.0625e+00      
# span 15 =    32.9182,    35.1262      
# span 16 =    32.9214,    35.1332      
# span 17 =    -0.4255,     0.1045      
# span 18 =    25.9604,    27.3510      
# span 19 =    25.9629,    27.3531      
# span 20 =      1.486,    221.313      
# span 21 =      1.489,    221.637      
# span 22 =     -0.001,      1.010      
# span 23 =    1470.39,    1487.54      
# span 24 =    1470.39,    1487.55      
# span 25 = 0.0000e+00, 0.0000e+00      
# interval = decibars: 0.5              
# start_time = Jan 20 2018 15:38:39 [NMEA time, first data scan]
# bad_flag = -9.990e-29
*END*
[from data line 168]
       8417     85.500     7.2329     7.2246    -0.0082    3.52610    3.52537          1     6.0076     6.1437       9.95     0.0218  4.924e-11  1.000e-12  2.031e+00    34.6958    34.6961     0.0003    27.1466    27.1480     84.692     84.805      0.299    1480.58    1480.55  0.000e+00
       8453     86.000     7.2366     7.2298    -0.0068    3.52660    3.52595          1     6.0675     6.1453       9.95     0.0216  4.924e-11  1.000e-12  2.031e+00    34.6972    34.6969    -0.0003    27.1471    27.1479     85.187     85.301      0.364    1480.60    1480.58  0.000e+00
       8497     86.500     7.2382     7.2331    -0.0051    3.52679    3.52641          1     6.0150     6.1402       9.95     0.0223  4.924e-11  1.000e-12  2.031e+00    34.6975    34.6985     0.0010    27.1471    27.1486     85.682     85.797      0.282    1480.62    1480.60  0.000e+00
       8601     87.000     7.2388     7.2357    -0.0031    3.52688    3.52668          1     6.0213     6.1260       9.95     0.0228  4.924e-11  1.000e-12  2.031e+00    34.6976    34.6986     0.0010    27.1471    27.1483     86.177     86.292      0.464    1480.63    1480.62  0.000e+00
       8615     87.500     7.2405     7.2385    -0.0020    3.52717    3.52704          1     6.0216     6.1287       9.95     0.0223  4.924e-11  1.000e-12  2.031e+00    34.6988    34.6994     0.0006    27.1478    27.1486     86.673     86.788      0.626    1480.64    1480.64  0.000e+00
       8635     88.000     7.2463     7.2426    -0.0037    3.52787    3.52756          1     5.9800     6.1317       9.95     0.0231  4.924e-11  1.000e-12  2.031e+00    34.7004    34.7007     0.0003    27.1483    27.1490     87.168     87.284      0.512    1480.68    1480.66  0.000e+00
       8699     88.500     7.2501     7.2432    -0.0070    3.52831    3.52759          1     6.0280     6.1307       9.95     0.0225  4.924e-11  1.000e-12  2.031e+00    34.7012    34.7003    -0.0009    27.1483    27.1486     87.663     87.780      0.249    1480.70    1480.67  0.000e+00
       8758     89.000     7.2540     7.2498    -0.0043    3.52881    3.52856          1     6.0011     6.1160       9.95     0.0229  4.924e-11  1.000e-12  2.031e+00    34.7024    34.7040     0.0016    27.1488    27.1506     88.158     88.276      0.347    1480.72    1480.71  0.000e+00
       8789     89.500     7.2553     7.2519    -0.0034    3.52897    3.52887          1     5.9829     6.1186       9.95     0.0226  4.924e-11  1.000e-12  2.031e+00    34.7027    34.7050     0.0023    27.1488    27.1511     88.653     88.771      0.390    1480.74    1480.73  0.000e+00
       8833     90.000     7.2564     7.2521    -0.0043    3.52914    3.52888          1     5.9863     6.1262       9.95     0.0231  4.924e-11  1.000e-12  2.031e+00    34.7032    34.7047     0.0015    27.1490    27.1508     89.148     89.267      0.302    1480.75    1480.74  0.000e+00
       8933     90.500     7.2575     7.2539    -0.0036    3.52930    3.52897          1     6.0305     6.1148       9.95     0.0214  4.924e-11  1.000e-12  2.031e+00    34.7036    34.7035    -0.0000    27.1492    27.1497     89.644     89.763      0.507    1480.76    1480.75  0.000e+00
       8947     91.000     7.2600     7.2581    -0.0019    3.52963    3.52950          1     5.9476     6.1185       9.95     0.0221  4.924e-11  1.000e-12  2.031e+00    34.7044    34.7049     0.0005    27.1495    27.1502     90.139     90.259      0.679    1480.78    1480.78  0.000e+00
       8964     91.500     7.2620     7.2605    -0.0015    3.52987    3.52982          1     5.9692     6.1174       9.95     0.0221  4.924e-11  1.000e-12  2.031e+00    34.7048    34.7058     0.0010    27.1495    27.1505     90.634     90.755      0.640    1480.80    1480.80  0.000e+00
       9020     92.000     7.2625     7.2610    -0.0015    3.52991    3.52995          1     6.0176     6.1201       9.95     0.0221  4.924e-11  1.000e-12  2.031e+00    34.7046    34.7065     0.0019    27.1493    27.1510     91.129     91.250      0.387    1480.81    1480.81  0.000e+00
       9116     92.500     7.2623     7.2617    -0.0007    3.52991    3.53009          1     5.9983     6.1207       9.95     0.0221  4.924e-11  1.000e-12  2.031e+00    34.7045    34.7070     0.0025    27.1492    27.1513     91.624     91.746      0.502    1480.82    1480.82  0.000e+00
       9136     93.000     7.2623     7.2617    -0.0006    3.52996    3.53014          1     5.9195     6.1203       9.95     0.0220  4.924e-11  1.000e-12  2.031e+00    34.7048    34.7074     0.0026    27.1494    27.1516     92.119     92.242      0.629    1480.83    1480.83  0.000e+00
       9153     93.500     7.2629     7.2622    -0.0008    3.53005    3.53018          1     5.9793     6.1180       9.95     0.0219  4.924e-11  1.000e-12  2.031e+00    34.7049    34.7070     0.0021    27.1495    27.1513     92.614     92.738      0.619    1480.84    1480.84  0.000e+00
       9196     94.000     7.2630     7.2621    -0.0009    3.53008    3.53020          1     6.0416     6.1197       9.95     0.0221  4.924e-11  1.000e-12  2.031e+00    34.7048    34.7071     0.0023    27.1494    27.1513     93.110     93.234      0.434    1480.84    1480.85  0.000e+00
       9296     94.500     7.2628     7.2621    -0.0007    3.53010    3.53022          1     6.0404     6.1227       9.95     0.0220  4.924e-11  1.000e-12  2.031e+00    34.7050    34.7070     0.0020    27.1496    27.1512     93.605     93.729      0.809    1480.85    1480.85  0.000e+00
       9308     95.000     7.2639     7.2632    -0.0008    3.53025    3.53034          1     5.9889     6.1170       9.95     0.0220  4.924e-11  1.000e-12  2.031e+00    34.7053    34.7071     0.0018    27.1496    27.1511     94.100     94.225      0.755    1480.87    1480.87  0.000e+00
       9346     95.500     7.2643     7.2634    -0.0010    3.53029    3.53042          1     5.9558     6.1186       9.95     0.0228  4.924e-11  1.000e-12  2.031e+00    34.7051    34.7074     0.0023    27.1494    27.1514     94.595     94.721      0.447    1480.88    1480.88  0.000e+00
       9438     96.000     7.2654     7.2637    -0.0017    3.53044    3.53048          1     5.9379     6.1282       9.95     0.0221  4.924e-11  1.000e-12  2.031e+00    34.7054    34.7076     0.0022    27.1495    27.1515     95.090     95.217      0.449    1480.89    1480.88  0.000e+00
       9473     96.500     7.2661     7.2639    -0.0022    3.53053    3.53057          1     5.9862     6.1219       9.95     0.0216  4.924e-11  1.000e-12  2.031e+00    34.7054    34.7081     0.0026    27.1494    27.1518     95.585     95.713      0.282    1480.90    1480.89  0.000e+00
       9522     97.000     7.2663     7.2641    -0.0021    3.53058    3.53059          1     6.0160     6.1239       9.95     0.0220  4.924e-11  1.000e-12  2.031e+00    34.7056    34.7078     0.0022    27.1495    27.1516     96.080     96.208      0.264    1480.91    1480.90  0.000e+00
       9571     97.500     7.2664     7.2649    -0.0016    3.53062    3.53072          1     5.9387     6.1106       9.95     0.0240  4.924e-11  1.000e-12  2.031e+00    34.7055    34.7083     0.0028    27.1495    27.1518     96.576     96.704      0.199    1480.92    1480.91  0.000e+00
       9642     98.000     7.2666     7.2654    -0.0011    3.53066    3.53079          1     5.9909     6.1233       9.95     0.0229  4.924e-11  1.000e-12  2.031e+00    34.7056    34.7082     0.0026    27.1495    27.1517     97.071     97.200      0.288    1480.93    1480.92  0.000e+00
       9674     98.500     7.2692     7.2663    -0.0029    3.53098    3.53089          1     5.9480     6.1252       9.95     0.0217  4.924e-11  1.000e-12  2.031e+00    34.7063    34.7082     0.0019    27.1497    27.1516     97.566     97.696      0.386    1480.94    1480.94  0.000e+00
       9706     99.000     7.2724     7.2674    -0.0050    3.53136    3.53106          1     6.0175     6.1244       9.95     0.0222  4.924e-11  1.000e-12  2.031e+00    34.7070    34.7087     0.0017    27.1498    27.1519     98.061     98.192      0.356    1480.96    1480.95  0.000e+00
       9744     99.500     7.2648     7.2682     0.0034    3.53062    3.53115          1     5.9318     6.1219       9.95     0.0220  4.924e-11  1.000e-12  2.031e+00    34.7063    34.7086     0.0023    27.1503    27.1516     98.556     98.688      0.231    1480.94    1480.96  0.000e+00
       9818    100.000     7.2644     7.2655     0.0011    3.53061    3.53103          1     5.9782     6.1029       9.95     0.0222  4.924e-11  1.000e-12  2.031e+00    34.7063    34.7097     0.0034    27.1504    27.1529     99.051     99.183      0.322    1480.95    1480.96  0.000e+00
       9843    100.500     7.2627     7.2633     0.0006    3.53051    3.53084          1     5.8951     6.1070       9.95     0.0216  4.924e-11  1.000e-12  2.031e+00    34.7067    34.7097     0.0030    27.1509    27.1532     99.546     99.679      0.506    1480.95    1480.96  0.000e+00
       9866    101.000     7.2600     7.2608     0.0008    3.53031    3.53069          1     5.9688     6.1199       9.95     0.0217  4.924e-11  1.000e-12  2.031e+00    34.7069    34.7103     0.0034    27.1515    27.1540    100.042    100.175      0.468    1480.95    1480.96  0.000e+00
       9901    101.500     7.2602     7.2610     0.0008    3.53037    3.53067          1     6.0033     6.1204       9.82     0.0217  4.924e-11  1.000e-12  2.031e+00    34.7071    34.7096     0.0025    27.1515    27.1534    100.537    100.671      0.245    1480.96    1480.97  0.000e+00
       9965    102.000     7.2610     7.2612     0.0002    3.53049    3.53078          1     5.9993     6.1275       9.82     0.0216  4.924e-11  1.000e-12  2.031e+00    34.7074    34.7103     0.0029    27.1517    27.1540    101.032    101.167      0.282    1480.97    1480.98  0.000e+00
       9996    102.500     7.2610     7.2604    -0.0006    3.53053    3.53075          1     5.9227     6.1313       9.96     0.0220  4.924e-11  1.000e-12  2.031e+00    34.7076    34.7106     0.0030    27.1519    27.1543    101.527    101.662      0.499    1480.98    1480.98  0.000e+00
      10017    103.000     7.2587     7.2594     0.0006    3.53038    3.53076          1     5.9951     6.1214       9.95     0.0210  4.924e-11  1.000e-12  2.031e+00    34.7081    34.7115     0.0035    27.1525    27.1552    102.022    102.158      0.652    1480.98    1480.99  0.000e+00
      10033    103.500     7.2402     7.2476     0.0075    3.52842    3.53014          1     5.9697     6.1226       9.95     0.0218  4.924e-11  1.000e-12  2.031e+00    34.7049    34.7163     0.0114    27.1527    27.1606    102.517    102.654      0.725    1480.91    1480.96  0.000e+00
      10049    104.000     7.2104     7.2279     0.0174    3.52562    3.52848          1     5.9246     6.1282       9.95     0.0220  4.924e-11  1.000e-12  2.031e+00    34.7039    34.7176     0.0137    27.1562    27.1644    103.012    103.150      0.691    1480.81    1480.89  0.000e+00
      10069    104.500     7.1957     7.2096     0.0139    3.52444    3.52641          1     5.9989     6.1367       9.95     0.0220  4.924e-11  1.000e-12  2.031e+00    34.7056    34.7131     0.0075    27.1595    27.1635    103.507    103.646      0.481    1480.76    1480.82  0.000e+00
      10162    105.000     7.1942     7.2191     0.0249    3.52431    3.52755          1     5.9345     6.1447       9.95     0.0220  4.924e-11  1.000e-12  2.031e+00    34.7053    34.7158     0.0105    27.1595    27.1643    104.003    104.141      0.391    1480.76    1480.87  0.000e+00
      10183    105.500     7.2007     7.2005    -0.0001    3.52555    3.52553          1     5.9968     6.1440       9.95     0.0219  4.924e-11  1.000e-12  2.031e+00    34.7122    34.7121     0.0000    27.1640    27.1640    104.498    104.637      0.751    1480.80    1480.80  0.000e+00
      10197    106.000     7.2362     7.2264    -0.0097    3.52980    3.52725          1     5.9499     6.1367       9.95     0.0212  4.924e-11  1.000e-12  2.031e+00    34.7227    34.7047    -0.0180    27.1673    27.1545    104.993    105.133      0.873    1480.96    1480.90  0.000e+00
      10210    106.500     7.2480     7.2424    -0.0056    3.53096    3.52969          1     5.9480     6.1273       9.95     0.0208  4.924e-11  1.000e-12  2.031e+00    34.7233    34.7151    -0.0083    27.1661    27.1604    105.488    105.629      0.870    1481.02    1480.98  0.000e+00
      10224    107.000     7.2521     7.2474    -0.0047    3.53144    3.53074          1     6.0128     6.1155       9.95     0.0208  4.924e-11  1.000e-12  2.031e+00    34.7242    34.7213    -0.0029    27.1662    27.1646    105.983    106.125      0.725    1481.04    1481.02  0.000e+00
      10259    107.500     7.2550     7.2467    -0.0083    3.53172    3.53095          1     6.0154     6.1089       9.95     0.0215  4.924e-11  1.000e-12  2.031e+00    34.7241    34.7240    -0.0001    27.1657    27.1668    106.478    106.620      0.376    1481.06    1481.03  0.000e+00
      10326    108.000     7.2569     7.2483    -0.0086    3.53206    3.53071          1     5.9120     6.0988       9.95     0.0216  4.924e-11  1.000e-12  2.031e+00    34.7256    34.7196    -0.0061    27.1666    27.1631    106.973    107.116      0.575    1481.08    1481.04  0.000e+00
      10338    108.500     7.2648     7.2600    -0.0048    3.53303    3.53216          1     5.9787     6.1016       9.95     0.0212  4.924e-11  1.000e-12  2.031e+00    34.7281    34.7235    -0.0046    27.1675    27.1645    107.468    107.612      0.827    1481.12    1481.10  0.000e+00
      10351    109.000     7.2710     7.2671    -0.0039    3.53375    3.53295          1     6.0363     6.1012       9.95     0.0213  4.924e-11  1.000e-12  2.031e+00    34.7296    34.7247    -0.0048    27.1677    27.1645    107.963    108.108      0.888    1481.15    1481.13  0.000e+00
      10365    109.500     7.2754     7.2724    -0.0030    3.53429    3.53369          1     6.0016     6.1014       9.95     0.0208  4.924e-11  1.000e-12  2.031e+00    34.7307    34.7271    -0.0035    27.1680    27.1656    108.459    108.604      0.787    1481.18    1481.16  0.000e+00
      10385    110.000     7.2794     7.2732    -0.0062    3.53463    3.53418          1     5.9404     6.1040       9.95     0.0218  4.924e-11  1.000e-12  2.031e+00    34.7302    34.7315     0.0013    27.1671    27.1690    108.954    109.099      0.454    1481.20    1481.18  0.000e+00
      10433    110.500     7.2818     7.2668    -0.0150    3.53507    3.53317          1     5.9538     6.1052       9.95     0.0216  4.924e-11  1.000e-12  2.031e+00    34.7324    34.7267    -0.0058    27.1684    27.1660    109.449    109.595      0.381    1481.22    1481.16  0.000e+00
      10455    111.000     7.2855     7.2831    -0.0024    3.53562    3.53507          1     5.8867     6.1096       9.95     0.0208  4.924e-11  1.000e-12  2.031e+00    34.7344    34.7308    -0.0036    27.1695    27.1670    109.944    110.091      0.700    1481.25    1481.24  0.000e+00
      10470    111.500     7.2898     7.2869    -0.0030    3.53613    3.53566          1     5.9745     6.1104       9.95     0.0211  4.924e-11  1.000e-12  2.031e+00    34.7354    34.7332    -0.0022    27.1696    27.1684    110.439    110.587      0.749    1481.27    1481.26  0.000e+00
      10488    112.000     7.2890     7.2867    -0.0024    3.53617    3.53594          1     6.0212     6.1062       9.95     0.0210  4.924e-11  1.000e-12  2.031e+00    34.7363    34.7362    -0.0001    27.1705    27.1708    110.934    111.083      0.507    1481.28    1481.27  0.000e+00
