ctdpy/exports/archive_20191120_135557/received_data/SBE09_1044_20181206_0334_34_01_0156.cnv
* Sea-Bird SBE 9 Data File:
* FileName = C:\ctd\temp\ar18d156.hex
* Software Version Seasave V 7.26.7.107
* Temperature SN = 5351
* Conductivity SN = 3941
* Number of Bytes Per Scan = 41
* Number of Voltage Words = 4
* Number of Scans Averaged by the Deck Unit = 1
* NMEA Latitude = 55 33.33 N
* NMEA Longitude = 018 24.03 E
* NMEA UTC (Time) = Dec 06 2018  03:34:42
* NMEA baud rate = 4800
** Station:  BCSIII-10
** Operator:  ASkj
** Ship: ARANDA
** Average sound velocity: 1446.60 m/s
** True-depth calculation Sun, 09 Dec 2018 14:42:56 +0000
** CTD Python Module SMHI /ver 3-12/ feb 2012 
** LIMS Job: 20183401-0156
** Cruise: SMHI-7-2018
** Latitude [GG MM.mm N]:
** Longitude [GG MM.mm E]
# nquan = 26
# nvalues = 163                         
# units = specified
# name 0 = scan: Scan Count
# name 1 = prDM: Pressure, Digiquartz [db]
# name 2 = t090C: Temperature [ITS-90, deg C]
# name 3 = t190C: Temperature, 2 [ITS-90, deg C]
# name 4 = T2-T190C: Temperature Difference, 2 - 1 [ITS-90, deg C]
# name 5 = c0S/m: Conductivity [S/m]
# name 6 = c1S/m: Conductivity, 2 [S/m]
# name 7 = pumps: Pump Status
# name 8 = sbeox0ML/L: Oxygen, SBE 43 [ml/l]
# name 9 = sbeox1ML/L: Oxygen, SBE 43, 2 [ml/l]
# name 10 = altM: Altimeter [m]
# name 11 = flECO-AFL: Chl-a Fluorescence, WET Labs ECO-AFL/FL [mg/m^3]
# name 12 = flECO-AFL1: Phycocyanin Fluorescence, WET Labs ECO-AFL/FL, 2 [mg/m^3]
# name 13 = par: PAR/Irradiance, Biospherical/Lico [µE/(cm^2*s)]
# name 14 = turbWETntu0: Turbidity, WET Labs ECO [NTU]
# name 15 = sal00: Salinity, Practical [PSU]
# name 16 = sal11: Salinity, Practical, 2 [PSU]
# name 17 = secS-priS: Salinity, Practical, Difference, 2 - 1 [PSU]
# name 18 = sigma-t00: Density [sigma-t, Kg/m^3 ]
# name 19 = sigma-t11: Density, 2 [sigma-t, Kg/m^3 ]
# name 20 = depSM: Depth [salt water, m], lat = 55.5555
# name 21 = depFM: Depth [true depth, m], lat = 55.5555
# name 22 = dz/dtM: Descent Rate [m/s], WS = 2
# name 23 = svCM: Sound Velocity [Chen-Millero, m/s]
# name 24 = svCM1: Sound Velocity, 2 [Chen-Millero, m/s]
# name 25 = flag: flag
# span 0 =      22037,      26977       
# span 1 =      0.500,     81.500       
# span 2 =     4.5602,     7.7409       
# span 3 =     4.5608,     7.7421       
# span 4 =    -0.0286,     0.1121       
# span 5 =   0.857132,   1.218704       
# span 6 =   0.857117,   1.218627       
# span 7 =          1,          1       
# span 8 =    0.12657,    7.81512       
# span 9 =    1.98084,    7.63980       
# span 10 =       5.65,      97.80      
# span 11 =     0.2725,     1.0684      
# span 12 =     0.1774,     0.3955      
# span 13 = -6.319e-04, 4.8117e-01      
# span 14 =    -0.1171,     1.5796      
# span 15 =     7.4120,    11.0261      
# span 16 =     7.3903,    11.0251      
# span 17 =    -0.0217,     0.0353      
# span 18 =     5.6997,     8.6127      
# span 19 =     5.6832,     8.6119      
# span 20 =      0.495,     80.745      
# span 21 =      0.506,     82.490      
# span 22 =     -0.284,      0.954      
# span 23 =    1435.57,    1448.85      
# span 24 =    1435.56,    1448.85      
# span 25 = 0.0000e+00, 0.0000e+00      
# interval = decibars: 0.5              
# start_time = Dec 06 2018 03:34:42 [NMEA time, first data scan]
# bad_flag = -9.990e-29
*END*
[from data line 112]
      24736     56.500     6.8149     6.8497     0.0349    0.86300    0.86313          1     7.0304     6.0629      23.14     0.7093     0.3001  1.000e-12  0.2267000     7.5780     7.5715    -0.0065     5.8950     5.8876     55.980     57.221      0.498    1444.62    1444.76  0.000e+00
      24777     57.000     6.3288     6.4411     0.1121    0.86099    0.86155          1     6.1383     6.0286      28.62     0.5008     0.2168  1.000e-12  0.1935000     7.6668     7.6470    -0.0198     5.9955     5.9731     56.476     57.727      0.290    1442.68    1443.14  0.000e+00
      24803     57.500     5.3570     5.3879     0.0310    0.85766    0.85767          1     5.5885     6.0029      31.11     0.4955     0.2259  1.000e-12  0.1727000     7.8575     7.8503    -0.0072     6.1971     6.1901     56.971     58.233      0.663    1438.75    1438.88  0.000e+00
      24819     58.000     4.7484     4.7588     0.0105    0.85713    0.85712          1     5.2912     6.0000      30.69     0.3576     0.2218  1.000e-12  0.1685000     7.9968     7.9942    -0.0027     6.3329     6.3304     57.466     58.740      0.778    1436.27    1436.31  0.000e+00
      24834     58.500     4.5602     4.5608     0.0006    0.86212    0.86179          1     5.0142     5.9672      30.12     0.3351     0.2218  1.000e-12  0.1648000     8.0926     8.0892    -0.0034     6.4157     6.4129     57.962     59.246      0.740    1435.57    1435.56  0.000e+00
      24852     59.000     4.5777     4.5793     0.0016    0.86873    0.86857          1     4.7606     5.8975      29.07     0.2865     0.2166  1.000e-12  0.1557000     8.1550     8.1529    -0.0021     6.4645     6.4628     58.457     59.752      0.573    1435.73    1435.74  0.000e+00
      24878     59.500     4.5697     4.5702     0.0005    0.87419    0.87399          1     4.5120     5.7232      28.50     0.2871     0.2130  1.000e-12  0.1680000     8.2121     8.2099    -0.0022     6.5100     6.5083     58.952     60.258      0.413    1435.78    1435.78  0.000e+00
      24908     60.000     4.5841     4.5828    -0.0012    0.87912    0.87881          1     4.4437     5.6002      28.01     0.2855     0.2140  1.000e-12  0.1660000     8.2582     8.2554    -0.0028     6.5461     6.5439     59.448     60.764      0.425    1435.91    1435.90  0.000e+00
      24935     60.500     4.8784     4.8497    -0.0286    0.90295    0.90148          1     4.3488     5.4830      27.53     0.2786     0.2206  1.000e-12  0.1634000     8.4236     8.4161    -0.0075     6.6653     6.6606     59.943     61.269      0.484    1437.42    1437.29  0.000e+00
      24958     61.000     5.3700     5.3597    -0.0104    0.93102    0.93065          1     4.3096     5.3671      27.21     0.2797     0.2152  1.000e-12  0.1693000     8.5791     8.5780    -0.0011     6.7668     6.7665     60.438     61.775      0.559    1439.78    1439.73  0.000e+00
      24978     61.500     5.5447     5.5408    -0.0039    0.94357    0.94315          1     4.3148     5.3108      26.77     0.2725     0.1948  1.000e-12  0.1756000     8.6583     8.6552    -0.0032     6.8207     6.8184     60.934     62.281      0.616    1440.65    1440.62  0.000e+00
      24997     62.000     5.5973     5.5954    -0.0019    0.95784    0.95737          1     4.2187     5.2616      26.39     0.3045     0.2193  1.000e-12  0.1753000     8.7856     8.7815    -0.0041     6.9185     6.9153     61.429     62.787      0.632    1441.04    1441.03  0.000e+00
      25016     62.500     5.8345     5.8295    -0.0051    0.98153    0.98107          1     4.0169     5.1846      25.96     0.2947     0.2110  1.000e-12  0.1774000     8.9566     8.9534    -0.0032     7.0405     7.0383     61.924     63.293      0.600    1442.29    1442.26  0.000e+00
      25037     63.000     6.0253     6.0254     0.0001    1.00684    1.00658          1     3.7641     5.1056      25.29     0.2892     0.2335  1.000e-12  0.1813000     9.1540     9.1515    -0.0025     7.1852     7.1831     62.420     63.798      0.538    1443.36    1443.36  0.000e+00
      25061     63.500     5.9990     6.0005     0.0015    1.01625    1.01611          1     3.5143     5.0496      24.85     0.2903     0.2315  1.000e-12  0.1821000     9.2535     9.2517    -0.0018     7.2651     7.2636     62.915     64.304      0.502    1443.38    1443.39  0.000e+00
      25085     64.000     6.1280     6.1225    -0.0055    1.02852    1.02816          1     3.3960     4.9950      24.33     0.2749     0.1907  1.000e-12  0.1718000     9.3383     9.3362    -0.0021     7.3240     7.3228     63.410     64.810      0.490    1444.05    1444.02  0.000e+00
      25110     64.500     6.3497     6.3472    -0.0025    1.04520    1.04489          1     3.3811     4.9529      23.78     0.2873     0.2264  1.000e-12  0.1867000     9.4400     9.4377    -0.0022     7.3902     7.3886     63.906     65.315      0.491    1445.12    1445.11  0.000e+00
      25134     65.000     6.4095     6.4074    -0.0021    1.05456    1.05429          1     3.2670     4.9286      23.29     0.2985     0.2439  1.000e-12  0.1838000     9.5145     9.5124    -0.0021     7.4450     7.4434     64.401     65.821      0.504    1445.48    1445.47  0.000e+00
      25157     65.500     6.3593     6.3652     0.0058    1.05813    1.05814          1     2.9814     4.8089      22.73     0.2969     0.2236  1.000e-12  0.1752000     9.5632     9.5617    -0.0016     7.4865     7.4849     64.896     66.326      0.504    1445.33    1445.36  0.000e+00
      25181     66.000     6.1372     6.1592     0.0219    1.05569    1.05599          1     2.6165     4.7364      22.20     0.2857     0.2758  1.000e-12  0.1986000     9.6018     9.5985    -0.0033     7.5309     7.5270     65.391     66.832      0.530    1444.45    1444.54  0.000e+00
      25203     66.500     5.8066     5.8096     0.0030    1.04993    1.04967          1     2.3416     4.7093      21.75     0.2859     0.1891  1.000e-12  0.1870000     9.6387     9.6353    -0.0034     7.5799     7.5770     65.887     67.337      0.595    1443.09    1443.10  0.000e+00
      25222     67.000     6.1004     6.0852    -0.0150    1.07025    1.06943          1     2.2754     4.6956      21.20     0.2866     0.2024  1.000e-12  0.1861000     9.7550     9.7513    -0.0037     7.6539     7.6519     66.382     67.842      0.621    1444.50    1444.43  0.000e+00
      25241     67.500     6.3372     6.3281    -0.0091    1.09490    1.09426          1     2.2415     4.6586      20.64     0.2898     0.2138  1.000e-12  0.1825000     9.9284     9.9247    -0.0037     7.7752     7.7729     66.877     68.348      0.571    1445.73    1445.69  0.000e+00
      25265     68.000     6.4143     6.4293     0.0148    1.11220    1.11237          1     1.9198     4.5960      20.05     0.2915     0.2044  1.000e-12  0.1780000    10.0750    10.0722    -0.0028     7.8854     7.8822     67.373     68.853      0.483    1446.25    1446.31  0.000e+00
      25291     68.500     5.9533     5.9796     0.0264    1.09932    1.09979          1     1.2578     4.5257      19.48     0.2974     0.2470  1.000e-12  0.1789000    10.0847    10.0815    -0.0032     7.9226     7.9184     67.868     69.358      0.454    1444.31    1444.42  0.000e+00
      25317     69.000     5.6154     5.6293     0.0139    1.08845    1.08875          1     0.7159     4.4477      18.99     0.3040     0.1830  1.000e-12  0.1581000    10.0773    10.0762    -0.0011     7.9366     7.9350     68.363     69.864      0.498    1442.87    1442.92  0.000e+00
      25340     69.500     5.5414     5.5431     0.0018    1.09101    1.09084          1     0.4438     4.3583      18.49     0.2968     0.2288  1.000e-12  0.1459000    10.1251    10.1229    -0.0022     7.9784     7.9766     68.859     70.369      0.528    1442.61    1442.62  0.000e+00
      25362     70.000     5.6176     5.6159    -0.0018    1.10301    1.10274          1     0.2934     4.2493      18.01     0.2985     0.2322  1.000e-12  0.1252000    10.2221    10.2199    -0.0022     8.0507     8.0490     69.354     70.874      0.529    1443.07    1443.06  0.000e+00
      25385     70.500     5.7296     5.7275    -0.0021    1.11748    1.11711          1     0.1777     4.1553      17.51     0.3208     0.2120  1.000e-12  0.1440000    10.3325    10.3294    -0.0031     8.1313     8.1290     69.849     71.379      0.538    1443.70    1443.69  0.000e+00
      25407     71.000     5.8068     5.8036    -0.0031    1.12821    1.12802          1     0.1266     4.0750      16.96     0.3558     0.2430  1.000e-12  0.4039000    10.4157    10.4147    -0.0010     8.1923     8.1917     70.344     71.885      0.567    1444.14    1444.13  0.000e+00
      25427     71.500     6.0168     6.0046    -0.0122    1.14226    1.14158          1     0.1466     3.9901      16.46     0.3586     0.2496  1.000e-12  0.4242000    10.4904    10.4874    -0.0030     8.2382     8.2366     70.840     72.390      0.591    1445.14    1445.09  0.000e+00
      25447     72.000     6.1415     6.1439     0.0024    1.14977    1.14984          1     0.1948     3.9102      15.98     0.3313     0.2230  1.000e-12  0.3494000    10.5263    10.5262    -0.0001     8.2586     8.2583     71.335     72.895      0.596    1445.73    1445.74  0.000e+00
      25468     72.500     6.1523     6.1540     0.0016    1.15100    1.15095          1     0.2333     3.8189      15.45     0.3065     0.2458  1.000e-12  0.2485000    10.5349    10.5340    -0.0009     8.2647     8.2638     71.830     73.400      0.555    1445.79    1445.80  0.000e+00
      25492     73.000     6.1802     6.1791    -0.0011    1.15362    1.15352          1     0.2824     3.7053      14.86     0.3379     0.2254  1.000e-12  0.2189000    10.5521    10.5515    -0.0006     8.2764     8.2760     72.326     73.905      0.436    1445.94    1445.93  0.000e+00
      25523     73.500     6.2395     6.2366    -0.0028    1.15715    1.15701          1     0.4175     3.6063      14.28     0.3473     0.2223  1.000e-12  0.2003000    10.5685    10.5680    -0.0005     8.2854     8.2852     72.821     74.410      0.431    1446.22    1446.21  0.000e+00
      25547     74.000     6.4912     6.4792    -0.0121    1.16949    1.16902          1     0.7047     3.5421      13.85     0.3352     0.2331  1.000e-12  0.1945000    10.6116    10.6107    -0.0009     8.3021     8.3023     73.316     74.915      0.608    1447.34    1447.29  0.000e+00
      25564     74.500     6.7225     6.7222    -0.0004    1.18118    1.18109          1     0.9661     3.4877      13.43     0.3011     0.2145  1.000e-12  0.1868000    10.6540    10.6533    -0.0008     8.3189     8.3184     73.812     75.420      0.699    1448.37    1448.37  0.000e+00
      25581     75.000     6.8142     6.8141     0.0000    1.18579    1.18572          1     1.0936     3.4371      12.96     0.3288     0.2081  1.000e-12  0.1868000    10.6704    10.6698    -0.0006     8.3251     8.3246     74.307     75.925      0.674    1448.78    1448.78  0.000e+00
      25600     75.500     6.7492     6.7553     0.0061    1.18423    1.18437          1     1.0365     3.3920      12.45     0.3241     0.2212  1.000e-12  0.1901000    10.6753    10.6748    -0.0005     8.3337     8.3328     74.802     76.430      0.532    1448.53    1448.55  0.000e+00
      25629     76.000     6.6121     6.6179     0.0057    1.17952    1.17957          1     0.8275     3.3411      11.79     0.3099     0.2185  1.000e-12  0.1846000    10.6719    10.6706    -0.0013     8.3410     8.3396     75.297     76.935      0.381    1447.96    1447.98  0.000e+00
      25660     76.500     6.6242     6.6241    -0.0001    1.18060    1.18051          1     0.7338     3.2881      11.27     0.3096     0.1994  1.000e-12  0.1891000    10.6786    10.6778    -0.0009     8.3454     8.3447     75.793     77.440      0.478    1448.02    1448.02  0.000e+00
      25681     77.000     6.6455     6.6462     0.0007    1.18213    1.18212          1     0.7371     3.2473      10.87     0.3195     0.1774  1.000e-12  0.1797000    10.6869    10.6866    -0.0003     8.3504     8.3501     76.288     77.945      0.634    1448.13    1448.13  0.000e+00
      25699     77.500     6.6123     6.6104    -0.0019    1.18148    1.18140          1     0.6810     3.2267      10.43     0.3213     0.1908  1.000e-12  0.1785000    10.6908    10.6905    -0.0003     8.3558     8.3557     76.783     78.450      0.710    1448.01    1448.00  0.000e+00
      25715     78.000     6.5129     6.5127    -0.0002    1.17906    1.17902          1     0.5898     3.1994       9.97     0.3098     0.1873  1.000e-12  0.1911000    10.6980    10.6977    -0.0003     8.3685     8.3683     77.279     78.956      0.706    1447.60    1447.61  0.000e+00
      25733     78.500     6.5007     6.5020     0.0013    1.18050    1.18048          1     0.5090     3.1671       9.45     0.3040     0.1781  1.000e-12  0.2014000    10.7159    10.7152    -0.0007     8.3835     8.3829     77.774     79.461      0.606    1447.59    1447.59  0.000e+00
      25759     79.000     6.5125     6.5139     0.0013    1.18265    1.18253          1     0.4545     3.1143       8.34     0.3136     0.2578  1.000e-12  0.2015000    10.7332    10.7316    -0.0016     8.3962     8.3949     78.269     79.966      0.332    1447.66    1447.67  0.000e+00
      25816     79.500     6.5851     6.5862     0.0011    1.19349    1.19348          1     0.4187     3.0172       7.64     0.3147     0.1824  1.000e-12  0.1852000    10.8164    10.8159    -0.0005     8.4564     8.4560     78.764     80.471      0.306    1448.08    1448.09  0.000e+00
      25842     80.000     6.6760     6.6768     0.0008    1.21414    1.21402          1     0.3487     2.9724       7.27     0.3111     0.2389  1.000e-12  0.2047000    10.9897    10.9882    -0.0015     8.5860     8.5848     79.260     80.976      0.476    1448.69    1448.69  0.000e+00
      25869     80.500     6.7014     6.7020     0.0006    1.21870    1.21863          1     0.3158     2.9205       6.93     0.3223     0.2769  1.000e-12  0.2199000    11.0261    11.0251    -0.0009     8.6127     8.6119     79.755     81.481      0.324    1448.85    1448.85  0.000e+00
      25974     81.000     6.6771     6.6892     0.0120    1.21193    1.21433          1     0.3781     2.7782       6.35     0.3287     0.2387  1.000e-12  0.2012000    10.9675    10.9870     0.0196     8.5685     8.5830     80.250     81.985      0.218    1448.68    1448.75  0.000e+00
      26977     81.500     6.6853     6.7046     0.0192    1.21018    1.21441          1     0.3890     1.9808       5.65     0.3064     0.2021  1.000e-12  0.1936000    10.9475    10.9828     0.0353     8.5521     8.5784     80.745     82.490     -0.166    1448.69    1448.82  0.000e+00
