ctdpy/exports/archive_20191120_135557/received_data/SBE09_0827_20180825_0756_26_01_0892.cnv
* Sea-Bird SBE 9 Data File:
* FileName = D:\CTD_SBE911\DAT\26DA.2018.8.92.hex
* Software Version Seasave V 7.21d
* Temperature SN = 034605
* Conductivity SN = 041844
* Number of Bytes Per Scan = 48
* Number of Voltage Words = 5
* Number of Scans Averaged by the Deck Unit = 1
* NMEA Latitude = 57 46.36 N
* NMEA Longitude = 011 17.56 E
* NMEA UTC (Time) = Aug 25 2018  07:58:51
* NMEA baud rate = 4800
** Ship: DANA
** Average sound velocity: 1507.06 m/s
** True-depth calculation Thu, 28 Mar 2019 09:27:15 +0000
** CTD Python Module SMHI /ver 3-12/ feb 2012 
** LIMS Job: 20182601-0892
**  7 W STORA PØLSAN
** Operator: Christian
** Cruise: 08/2018
# nquan = 26
# nvalues = 133                         
# units = specified
# name 0 = scan: Scan Count
# name 1 = prDM: Pressure, Digiquartz [db]
# name 2 = t090C: Temperature [ITS-90, deg C]
# name 3 = t190C: Temperature, 2 [ITS-90, deg C]
# name 4 = T2-T190C: Temperature Difference, 2 - 1 [ITS-90, deg C]
# name 5 = c0S/m: Conductivity [S/m]
# name 6 = c1S/m: Conductivity, 2 [S/m]
# name 7 = pumps: Pump Status
# name 8 = sbeox1ML/L: Oxygen, SBE 43, 2 [ml/l]
# name 9 = sbeox0ML/L: Oxygen, SBE 43 [ml/l]
# name 10 = altM: Altimeter [m]
# name 11 = chloroflTC0: Chlorophyll, Turner Cyclops [ug/l]
# name 12 = cpar: CPAR/Corrected Irradiance [%]
# name 13 = par: PAR/Irradiance, Biospherical/Lico [µE/(cm^2*s)]
# name 14 = spar: SPAR, Biospherical/Licor
# name 15 = sal00: Salinity, Practical [PSU]
# name 16 = sal11: Salinity, Practical, 2 [PSU]
# name 17 = secS-priS: Salinity, Practical, Difference, 2 - 1 [PSU]
# name 18 = sigma-t00: Density [sigma-t, kg/m^3 ]
# name 19 = sigma-t11: Density, 2 [sigma-t, kg/m^3 ]
# name 20 = depSM: Depth [salt water, m], lat = 57.7727
# name 21 = depFM: Depth [true depth, m], lat = 57.7727
# name 22 = dz/dtM: Descent Rate [m/s], WS = 2
# name 23 = svCM: Sound Velocity [Chen-Millero, m/s]
# name 24 = svCM1: Sound Velocity, 2 [Chen-Millero, m/s]
# name 25 = flag: flag
# span 0 =         46,       6561       
# span 1 =      0.500,     66.500       
# span 2 =     8.9524,    18.0146       
# span 3 =     8.9456,    18.0209       
# span 4 =    -0.3282,     0.0381       
# span 5 =   3.594658,   4.241185       
# span 6 =   3.595790,   4.241767       
# span 7 =          1,          1       
# span 8 =     4.0878,     5.6753       
# span 9 =     4.0654,     5.4318       
# span 10 =       3.89,       9.98      
# span 11 = 1.3331e-09,     0.2284      
# span 12 = -6.455e-07, 3.9199e+01      
# span 13 = -1.245e-05, 7.6229e+02      
# span 14 = 1.9313e+03, 1.9568e+03      
# span 15 =    30.8827,    33.7581      
# span 16 =    30.8834,    33.7764      
# span 17 =    -0.0357,     0.1924      
# span 18 =    22.1777,    26.1532      
# span 19 =    22.1782,    26.1686      
# span 20 =      0.495,     65.874      
# span 21 =      0.498,     66.165      
# span 22 =      0.058,      0.855      
# span 23 =    1485.59,    1512.54      
# span 24 =    1485.59,    1512.53      
# span 25 = 0.0000e+00, 0.0000e+00      
# interval = decibars: 0.5              
# start_time = Aug 25 2018 07:58:52 [NMEA time, first data scan]
# bad_flag = -9.990e-29
*END*
[from data line 112]
       5249     56.500    11.7720    11.7458    -0.0263    3.81805    3.82381          1     4.4368     4.3166       9.97     0.0390  5.167e-14  1.000e-12  1.935e+03    33.4105    33.4904     0.0799    25.3973    25.4643     55.970     56.236      0.274    1495.07    1495.08  0.000e+00
       5292     57.000    11.6928    11.6332    -0.0593    3.81513    3.81875          1     4.4057     4.2873       9.97     0.0384  5.165e-14  1.000e-12  1.936e+03    33.4531    33.5423     0.0892    25.4451    25.5255     56.465     56.733      0.276    1494.86    1494.76  0.000e+00
       5332     57.500    11.5873    11.5537    -0.0340    3.81049    3.81438          1     4.3939     4.2879       9.97     0.0433  5.168e-14  1.000e-12  1.935e+03    33.5028    33.5713     0.0685    25.5032    25.5627     56.960     57.229      0.328    1494.56    1494.53  0.000e+00
       5368     58.000    11.4632    11.4145    -0.0484    3.80165    3.80501          1     4.4287     4.3116       9.97     0.0436  5.167e-14  1.000e-12  1.935e+03    33.5282    33.6055     0.0772    25.5458    25.6147     57.455     57.726      0.327    1494.17    1494.09  0.000e+00
       5406     58.500    11.2030    11.0904    -0.1128    3.77961    3.77998          1     4.3899     4.2652       9.97     0.0390  5.144e-14  1.000e-12  1.944e+03    33.5471    33.6538     0.1067    25.6077    25.7110     57.951     58.222      0.309    1493.29    1493.03  0.000e+00
       5446     59.000    10.7811    10.6574    -0.1236    3.74305    3.74260          1     4.3245     4.1854       9.97     0.0383  5.131e-14  1.000e-12  1.949e+03    33.5695    33.6787     0.1092    25.7004    25.8072     58.446     58.719      0.267    1491.85    1491.54  0.000e+00
       5507     59.500    10.5361    10.5070    -0.0292    3.72206    3.72637          1     4.2419     4.1351       9.97     0.0376  5.140e-14  1.000e-12  1.946e+03    33.5844    33.6545     0.0702    25.7549    25.8147     58.941     59.216      0.257    1491.01    1490.99  0.000e+00
       5545     60.000    10.4660    10.4053    -0.0607    3.71560    3.71800          1     4.2063     4.1059       9.92     0.0388  5.145e-14  1.000e-12  1.944e+03    33.5838    33.6642     0.0804    25.7666    25.8398     59.436     59.712      0.434    1490.76    1490.64  0.000e+00
       5572     60.500    10.2843    10.1453    -0.1390    3.69997    3.69846          1     4.1632     4.0805       9.54     0.0390  5.163e-14  1.000e-12  1.937e+03    33.5939    33.7076     0.1137    25.8057    25.9181     59.932     60.208      0.364    1490.14    1489.77  0.000e+00
       5637     61.000     9.9361     9.8844    -0.0518    3.67095    3.67535          1     4.1359     4.0654       8.97     0.0371  5.141e-14  1.000e-12  1.945e+03    33.6223    33.7155     0.0932    25.8868    25.9683     60.427     60.705      0.268    1488.93    1488.85  0.000e+00
       5677     61.500     9.6263     9.5323    -0.0941    3.64568    3.64900          1     4.1051     4.0741       8.51     0.0376  5.139e-14  1.000e-12  1.946e+03    33.6531    33.7755     0.1224    25.9624    26.0736     60.922     61.201      0.431    1487.85    1487.66  0.000e+00
       5704     62.000     9.4839     9.3828    -0.1009    3.63462    3.63504          1     4.0997     4.0895       8.00     0.0362  5.144e-14  1.000e-12  1.944e+03    33.6725    33.7722     0.0996    26.0010    26.0953     61.417     61.698      0.389    1487.36    1487.12  0.000e+00
       5753     62.500     9.3362     9.2774    -0.0588    3.62260    3.62416          1     4.1000     4.0886       7.49     0.0355  5.133e-14  1.000e-12  1.948e+03    33.6872    33.7589     0.0716    26.0365    26.1020     61.913     62.194      0.203    1486.85    1486.72  0.000e+00
       5825     63.000     9.2366     9.2304    -0.0061    3.61461    3.61897          1     4.0878     4.0994       7.01     0.0365  5.128e-14  1.000e-12  1.950e+03    33.6982    33.7492     0.0510    26.0611    26.1020     62.408     62.690      0.193    1486.51    1486.55  0.000e+00
       5897     63.500     9.1965     9.1878    -0.0087    3.61168    3.61495          1     4.1223     4.0986       6.53     0.0350  5.131e-14  1.000e-12  1.949e+03    33.7055    33.7476     0.0422    26.0732    26.1076     62.903     63.187      0.209    1486.38    1486.40  0.000e+00
       5953     64.000     9.1775     9.1695    -0.0081    3.61042    3.61321          1     4.0992     4.1132       6.05     0.0369  5.134e-14  1.000e-12  1.948e+03    33.7101    33.7467     0.0366    26.0799    26.1098     63.398     63.683      0.206    1486.32    1486.34  0.000e+00
       6016     64.500     9.1446     9.1333    -0.0112    3.60839    3.61075          1     4.1099     4.1091       6.19     0.0367  5.116e-14  1.000e-12  1.955e+03    33.7199    33.7551     0.0352    26.0928    26.1221     63.894     64.179      0.177    1486.22    1486.22  0.000e+00
       6090     65.000     9.1051     9.0875    -0.0175    3.60591    3.60743          1     4.1178     4.1129       5.15     0.0360  5.120e-14  1.000e-12  1.953e+03    33.7312    33.7638     0.0326    26.1080    26.1363     64.389     64.676      0.179    1486.10    1486.07  0.000e+00
       6192     65.500     9.0578     9.0450    -0.0127    3.60257    3.60386          1     4.1213     4.1279       4.67     0.0359  5.124e-14  1.000e-12  1.952e+03    33.7411    33.7667     0.0256    26.1232    26.1453     64.884     65.172      0.188    1485.94    1485.93  0.000e+00
       6276     66.000     9.0239     9.0196    -0.0043    3.60052    3.60210          1     4.1154     4.1386       5.62     0.0356  5.126e-14  1.000e-12  1.951e+03    33.7517    33.7722     0.0205    26.1369    26.1536     65.379     65.668      0.240    1485.84    1485.85  0.000e+00
       6561     66.500     8.9524     8.9456    -0.0068    3.59466    3.59579          1     4.1364     4.1386       3.89     0.0361  5.110e-14  1.000e-12  1.957e+03    33.7581    33.7764     0.0183    26.1532    26.1686     65.874     66.165      0.058    1485.59    1485.59  0.000e+00
