ctdpy/exports/archive_20191120_135557/received_data/SBE09_1044_20180203_1909_34_02_0054.cnv
* Sea-Bird SBE 9 Data File:
* FileName = C:\ctd\temp\2018\ME18D054.hex
* Software Version Seasave V 7.26.6.26
* Temperature SN = 5351
* Conductivity SN = 3941
* Number of Bytes Per Scan = 41
* Number of Voltage Words = 4
* Number of Scans Averaged by the Deck Unit = 1
* NMEA Latitude = 58 18.92 N
* NMEA Longitude = 010 56.51 E
* NMEA UTC (Time) = Feb 03 2018  19:09:35
* NMEA baud rate = 4800
** Station:  A14
** Operator:  SSip
** Ship: MERI
** Average sound velocity: 1474.13 m/s
** True-depth calculation Sat, 03 Feb 2018 21:29:02 +0000
** CTD Python Module SMHI /ver 3-12/ feb 2012 
** LIMS Job: 20183402-0054
** Cruise: SMHI-01-2018
** Latitude [GG MM.mm N] :
** Longitude [GG MM.mm E]:
# nquan = 26
# nvalues = 209                         
# units = specified
# name 0 = scan: Scan Count
# name 1 = prDM: Pressure, Digiquartz [db]
# name 2 = t090C: Temperature [ITS-90, deg C]
# name 3 = t190C: Temperature, 2 [ITS-90, deg C]
# name 4 = T2-T190C: Temperature Difference, 2 - 1 [ITS-90, deg C]
# name 5 = c0S/m: Conductivity [S/m]
# name 6 = c1S/m: Conductivity, 2 [S/m]
# name 7 = pumps: Pump Status
# name 8 = sbeox0ML/L: Oxygen, SBE 43 [ml/l]
# name 9 = sbeox1ML/L: Oxygen, SBE 43, 2 [ml/l]
# name 10 = altM: Altimeter [m]
# name 11 = flECO-AFL: Chl-a Fluorescence, WET Labs ECO-AFL/FL [mg/m^3]
# name 12 = flECO-AFL1: Phycocyanin Fluorescence, WET Labs ECO-AFL/FL, 2 [mg/m^3]
# name 13 = par: PAR/Irradiance, Biospherical/Lico [µE/(cm^2*s)]
# name 14 = turbWETntu0: Turbidity, WET Labs ECO [NTU]
# name 15 = sal00: Salinity, Practical [PSU]
# name 16 = sal11: Salinity, Practical, 2 [PSU]
# name 17 = secS-priS: Salinity, Practical, Difference, 2 - 1 [PSU]
# name 18 = sigma-t00: Density [sigma-t, Kg/m^3 ]
# name 19 = sigma-t11: Density, 2 [sigma-t, Kg/m^3 ]
# name 20 = depSM: Depth [salt water, m], lat = 58.3153
# name 21 = depFM: Depth [true depth, m], lat = 58.3153
# name 22 = dz/dtM: Descent Rate [m/s], WS = 2
# name 23 = svCM: Sound Velocity [Chen-Millero, m/s]
# name 24 = svCM1: Sound Velocity, 2 [Chen-Millero, m/s]
# name 25 = flag: flag
# span 0 =       8891,      14640       
# span 1 =      3.000,    107.000       
# span 2 =     3.6207,     6.8741       
# span 3 =     3.6215,     6.8727       
# span 4 =    -0.0706,     0.0245       
# span 5 =   2.693975,   3.489061       
# span 6 =   2.694099,   3.489096       
# span 7 =          1,          1       
# span 8 =    6.26096,    7.24660       
# span 9 =    6.28820,    7.24184       
# span 10 =       2.46,      98.88      
# span 11 =     0.2108,     0.8536      
# span 12 =     0.3044,     0.4721      
# span 13 = -6.641e-05, 5.5481e-02      
# span 14 =     0.5171,     1.9657      
# span 15 =    28.7271,    34.6651      
# span 16 =    28.7279,    34.6670      
# span 17 =    -0.0506,     0.0687      
# span 18 =    22.8322,    27.1842      
# span 19 =    22.8329,    27.1855      
# span 20 =      2.972,    105.978      
# span 21 =      2.987,    106.179      
# span 22 =     -0.334,      1.447      
# span 23 =    1456.99,    1479.39      
# span 24 =    1457.00,    1479.38      
# span 25 = 0.0000e+00, 0.0000e+00      
# interval = decibars: 0.5              
# start_time = Feb 03 2018 19:09:35 [NMEA time, first data scan]
# bad_flag = -9.990e-29
*END*
[from data line 112]
      11947     59.000     6.1077     6.1077     0.0000    3.37918    3.37928          1     6.5304     6.5284      53.09     0.3706     0.3734  1.000e-12  1.5858000    34.2122    34.2134     0.0012    26.9165    26.9174     58.443     58.576      0.500    1475.14    1475.15  0.000e+00
      11991     59.500     6.1071     6.1079     0.0007    3.37915    3.37936          1     6.5276     6.5385      52.26     0.4039     0.3860  1.000e-12  1.4913000    34.2122    34.2138     0.0016    26.9165    26.9177     58.939     59.072      0.259    1475.15    1475.15  0.000e+00
      12027     60.000     6.1078     6.1073    -0.0005    3.37925    3.37932          1     6.5284     6.5452      51.84     0.4943     0.3999  1.000e-12  1.4852000    34.2124    34.2137     0.0012    26.9166    26.9177     59.434     59.568      0.491    1475.16    1475.16  0.000e+00
      12049     60.500     6.1063     6.1056    -0.0007    3.37912    3.37915          1     6.5291     6.5450      51.42     0.4101     0.4243  1.000e-12  1.8550000    34.2122    34.2133     0.0011    26.9166    26.9176     59.929     60.063      0.495    1475.16    1475.16  0.000e+00
      12083     61.000     6.1040     6.1026    -0.0015    3.37890    3.37890          1     6.5383     6.5511      50.83     0.3976     0.4027  1.000e-12  1.5983000    34.2118    34.2132     0.0014    26.9166    26.9179     60.424     60.559      0.285    1475.16    1475.16  0.000e+00
      12128     61.500     6.0987     6.0980    -0.0007    3.37843    3.37846          1     6.5380     6.5572      50.29     0.3916     0.3502  1.000e-12  1.3809000    34.2115    34.2127     0.0011    26.9171    26.9181     60.919     61.055      0.431    1475.15    1475.15  0.000e+00
      12148     62.000     6.1013     6.0974    -0.0039    3.37870    3.37842          1     6.5351     6.5462      49.93     0.4013     0.3738  1.000e-12  1.5515000    34.2118    34.2126     0.0008    26.9170    26.9181     61.415     61.551      0.711    1475.17    1475.15  0.000e+00
      12162     62.500     6.0960     6.0954    -0.0006    3.37821    3.37825          1     6.5330     6.5432      49.55     0.4097     0.4081  1.000e-12  1.7416000    34.2113    34.2124     0.0011    26.9172    26.9182     61.910     62.047      0.827    1475.15    1475.15  0.000e+00
      12176     63.000     6.0966     6.0952    -0.0014    3.37829    3.37828          1     6.5282     6.5544      49.11     0.3762     0.3892  1.000e-12  1.5240000    34.2114    34.2128     0.0013    26.9172    26.9185     62.405     62.543      0.785    1475.17    1475.16  0.000e+00
      12199     63.500     6.0931     6.0921    -0.0010    3.37802    3.37805          1     6.5290     6.5666      48.51     0.3623     0.3670  1.000e-12  1.4818000    34.2116    34.2130     0.0014    26.9179    26.9191     62.900     63.039      0.498    1475.16    1475.16  0.000e+00
      12295     64.000     6.0946     6.0912    -0.0034    3.37815    3.37799          1     6.5363     6.5553      47.87     0.3655     0.4062  1.000e-12  1.3117000    34.2114    34.2130     0.0016    26.9175    26.9192     63.395     63.535      0.694    1475.17    1475.16  0.000e+00
      12304     64.500     6.0951     6.0944    -0.0007    3.37857    3.37875          1     6.5378     6.5627      47.61     0.3745     0.3968  1.000e-12  1.5188000    34.2153    34.2180     0.0027    26.9205    26.9227     63.891     64.031      0.947    1475.19    1475.19  0.000e+00
      12315     65.000     6.1047     6.1055     0.0007    3.38005    3.38016          1     6.5379     6.5507      47.23     0.3758     0.3323  1.000e-12  1.5433000    34.2219    34.2224     0.0005    26.9245    26.9248     64.386     64.527      1.048    1475.24    1475.24  0.000e+00
      12326     65.500     6.1285     6.1273    -0.0011    3.38280    3.38270          1     6.5373     6.5381      46.80     0.3480     0.3331  1.000e-12  1.6536000    34.2287    34.2287     0.0001    26.9268    26.9270     64.881     65.023      1.031    1475.35    1475.35  0.000e+00
      12338     66.000     6.1363     6.1360    -0.0003    3.38378    3.38385          1     6.5374     6.5444      46.28     0.3328     0.3445  1.000e-12  1.7225000    34.2315    34.2326     0.0011    26.9280    26.9290     65.376     65.519      0.878    1475.40    1475.40  0.000e+00
      12367     66.500     6.1384     6.1380    -0.0003    3.38401    3.38410          1     6.5409     6.5461      45.61     0.3444     0.3598  1.000e-12  1.6595000    34.2318    34.2331     0.0013    26.9280    26.9291     65.871     66.015      0.541    1475.41    1475.41  0.000e+00
      12463     67.000     6.1338     6.1303    -0.0034    3.38344    3.38311          1     6.5409     6.5598      45.05     0.3734     0.3744  1.000e-12  1.4003000    34.2297    34.2296    -0.0001    26.9269    26.9273     66.367     66.510      1.035    1475.40    1475.39  0.000e+00
      12473     67.500     6.1486     6.1478    -0.0009    3.38547    3.38543          1     6.5325     6.5457      44.72     0.3703     0.3644  1.000e-12  1.4149000    34.2373    34.2377     0.0004    26.9310    26.9315     66.862     67.006      1.132    1475.48    1475.47  0.000e+00
      12483     68.000     6.1639     6.1636    -0.0003    3.38713    3.38717          1     6.5285     6.5320      44.31     0.3524     0.3652  1.000e-12  1.5763000    34.2402    34.2411     0.0008    26.9314    26.9321     67.357     67.502      1.095    1475.55    1475.55  0.000e+00
      12494     68.500     6.1686     6.1684    -0.0002    3.38768    3.38773          1     6.5229     6.5294      43.82     0.3523     0.3308  1.000e-12  1.5823000    34.2414    34.2422     0.0008    26.9318    26.9324     67.852     67.998      0.903    1475.58    1475.58  0.000e+00
      12539     69.000     6.1687     6.1617    -0.0070    3.38770    3.38698          1     6.5206     6.5313      43.05     0.3333     0.3553  1.000e-12  1.4455000    34.2413    34.2403    -0.0010    26.9317    26.9318     68.347     68.494      0.472    1475.59    1475.56  0.000e+00
      12610     69.500     6.1631     6.1541    -0.0090    3.38701    3.38611          1     6.5247     6.5359      42.38     0.3957     0.3478  1.000e-12  1.3453000    34.2390    34.2379    -0.0010    26.9305    26.9309     68.843     68.990      0.540    1475.57    1475.53  0.000e+00
      12629     70.000     6.1565     6.1577     0.0012    3.38655    3.38685          1     6.5284     6.5389      41.98     0.3884     0.3475  1.000e-12  1.3789000    34.2402    34.2424     0.0021    26.9324    26.9339     69.338     69.486      0.648    1475.55    1475.56  0.000e+00
      12647     70.500     6.1539     6.1544     0.0006    3.38648    3.38665          1     6.5191     6.5305      41.53     0.3546     0.3734  1.000e-12  1.4011000    34.2418    34.2432     0.0013    26.9340    26.9350     69.833     69.982      0.685    1475.55    1475.55  0.000e+00
      12664     71.000     6.1523     6.1528     0.0005    3.38632    3.38650          1     6.5183     6.5254      41.06     0.3316     0.4082  1.000e-12  1.4773000    34.2414    34.2429     0.0015    26.9338    26.9349     70.328     70.478      0.691    1475.55    1475.56  0.000e+00
      12681     71.500     6.1502     6.1502    -0.0000    3.38610    3.38622          1     6.5332     6.5348      40.58     0.3362     0.3546  1.000e-12  1.4336000    34.2408    34.2422     0.0013    26.9336    26.9347     70.823     70.974      0.656    1475.55    1475.55  0.000e+00
      12701     72.000     6.1595     6.1629     0.0034    3.38724    3.38774          1     6.5337     6.5292      40.05     0.3448     0.3482  1.000e-12  1.3916000    34.2439    34.2462     0.0022    26.9349    26.9362     71.318     71.470      0.518    1475.60    1475.62  0.000e+00
      12751     72.500     6.1672     6.1685     0.0013    3.38806    3.38836          1     6.5083     6.5198      39.32     0.3482     0.3636  1.000e-12  1.4083000    34.2452    34.2473     0.0020    26.9349    26.9364     71.814     71.965      0.302    1475.64    1475.65  0.000e+00
      12799     73.000     6.1979     6.1922    -0.0058    3.39196    3.39132          1     6.5025     6.5351      38.86     0.3161     0.3820  1.000e-12  1.2828000    34.2576    34.2562    -0.0014    26.9408    26.9404     72.309     72.461      0.660    1475.79    1475.76  0.000e+00
      12812     73.500     6.3130     6.3049    -0.0080    3.40512    3.40441          1     6.5108     6.5514      38.58     0.3195     0.3519  1.000e-12  1.3615000    34.2887    34.2889     0.0002    26.9504    26.9517     72.804     72.957      0.900    1476.29    1476.26  0.000e+00
      12824     74.000     6.3726     6.3722    -0.0004    3.41201    3.41201          1     6.5082     6.5452      38.23     0.3213     0.3469  1.000e-12  1.3952000    34.3055    34.3059     0.0004    26.9559    26.9563     73.299     73.453      0.997    1476.55    1476.55  0.000e+00
      12836     74.500     6.4222     6.4209    -0.0012    3.41795    3.41786          1     6.4754     6.5233      37.80     0.3078     0.3602  1.000e-12  1.4178000    34.3216    34.3219     0.0003    26.9621    26.9625     73.794     73.949      0.972    1476.78    1476.77  0.000e+00
      12849     75.000     6.4744     6.4707    -0.0037    3.42379    3.42342          1     6.4445     6.4963      37.29     0.2957     0.3637  1.000e-12  1.4338000    34.3339    34.3335    -0.0004    26.9649    26.9651     74.290     74.445      0.799    1477.00    1476.99  0.000e+00
      12889     75.500     6.5126     6.4878    -0.0244    3.42766    3.42500          1     6.4506     6.4725      36.52     0.3039     0.3664  1.000e-12  1.3525000    34.3383    34.3336    -0.0046    26.9634    26.9630     74.785     74.941      0.438    1477.17    1477.06  0.000e+00
      12956     76.000     6.5094     6.4382    -0.0706    3.42751    3.41968          1     6.4606     6.4624      35.94     0.3216     0.3322  1.000e-12  1.1367000    34.3396    34.3240    -0.0156    26.9648    26.9619     75.280     75.437      0.696    1477.16    1476.87  0.000e+00
      12967     76.500     6.5972     6.5857    -0.0127    3.43748    3.43635          1     6.4150     6.4474      35.62     0.3088     0.3906  1.000e-12  1.2099000    34.3620    34.3609    -0.0011    26.9708    26.9715     75.775     75.933      0.897    1477.55    1477.50  0.000e+00
      12980     77.000     6.5724     6.5705    -0.0018    3.43513    3.43505          1     6.4036     6.4407      35.25     0.3091     0.3953  1.000e-12  1.2207000    34.3605    34.3615     0.0010    26.9730    26.9740     76.270     76.429      0.966    1477.46    1477.45  0.000e+00
      12992     77.500     6.5293     6.5294     0.0002    3.43107    3.43123          1     6.4138     6.4462      34.80     0.2877     0.3955  1.000e-12  1.2746000    34.3584    34.3601     0.0016    26.9770    26.9783     76.765     76.924      0.923    1477.29    1477.29  0.000e+00
      13005     78.000     6.5094     6.5109     0.0015    3.42912    3.42943          1     6.4463     6.4578      34.27     0.2847     0.3960  1.000e-12  1.2886000    34.3566    34.3584     0.0019    26.9782    26.9795     77.261     77.420      0.728    1477.22    1477.23  0.000e+00
      13059     78.500     6.5019     6.5090     0.0071    3.42829    3.42913          1     6.4583     6.4559      33.48     0.2956     0.3533  1.000e-12  1.1394000    34.3546    34.3568     0.0022    26.9776    26.9785     77.756     77.916      0.418    1477.20    1477.23  0.000e+00
      13113     79.000     6.5056     6.5050    -0.0006    3.42840    3.42841          1     6.4512     6.4543      33.02     0.3077     0.3305  1.000e-12  1.0871000    34.3518    34.3525     0.0007    26.9750    26.9756     78.251     78.412      0.791    1477.22    1477.21  0.000e+00
      13125     79.500     6.4729     6.4745     0.0014    3.42537    3.42562          1     6.4578     6.4657      32.70     0.3081     0.3815  1.000e-12  1.2371000    34.3507    34.3519     0.0011    26.9784    26.9791     78.746     78.908      0.994    1477.09    1477.10  0.000e+00
      13136     80.000     6.4726     6.4660    -0.0064    3.42652    3.42561          1     6.4512     6.4566      32.31     0.3091     0.3800  1.000e-12  1.2335000    34.3636    34.3601    -0.0035    26.9886    26.9867     79.241     79.404      1.074    1477.12    1477.09  0.000e+00
      13146     80.500     6.4848     6.4806    -0.0042    3.42876    3.42819          1     6.4423     6.4505      31.88     0.2965     0.3899  1.000e-12  1.2990000    34.3760    34.3739    -0.0021    26.9968    26.9957     79.736     79.900      1.034    1477.19    1477.17  0.000e+00
      13158     81.000     6.4995     6.4988    -0.0007    3.43111    3.43110          1     6.4325     6.4562      31.38     0.2952     0.3933  1.000e-12  1.3033000    34.3872    34.3877     0.0005    27.0037    27.0042     80.232     80.396      0.824    1477.27    1477.27  0.000e+00
      13208     81.500     6.5004     6.4998    -0.0006    3.43138    3.43134          1     6.4255     6.4531      30.60     0.2995     0.3596  1.000e-12  1.4138000    34.3891    34.3892     0.0001    27.0051    27.0052     80.727     80.892      0.534    1477.28    1477.28  0.000e+00
      13271     82.000     6.5041     6.4933    -0.0106    3.43186    3.43015          1     6.4297     6.4554      30.13     0.3367     0.3640  1.000e-12  1.2204000    34.3904    34.3822    -0.0082    27.0056    27.0006     81.222     81.387      0.940    1477.31    1477.25  0.000e+00
      13280     82.500     6.5227     6.5203    -0.0023    3.43488    3.43468          1     6.4406     6.4613      29.79     0.3300     0.3806  1.000e-12  1.2746000    34.4051    34.4052     0.0001    27.0147    27.0151     81.717     81.883      1.046    1477.41    1477.40  0.000e+00
      13291     83.000     6.5465     6.5457    -0.0009    3.43839    3.43833          1     6.4261     6.4430      29.39     0.3200     0.3820  1.000e-12  1.3521000    34.4198    34.4200     0.0002    27.0232    27.0234     82.212     82.379      1.040    1477.53    1477.52  0.000e+00
      13303     83.500     6.5825     6.5810    -0.0014    3.44322    3.44319          1     6.4046     6.4265      28.89     0.2844     0.3449  1.000e-12  1.6511000    34.4371    34.4381     0.0011    27.0320    27.0330     82.707     82.875      0.916    1477.70    1477.69  0.000e+00
      13319     84.000     6.6075     6.6048    -0.0027    3.44620    3.44603          1     6.4016     6.4066      28.28     0.2900     0.3223  1.000e-12  1.6265000    34.4447    34.4455     0.0007    27.0347    27.0356     83.202     83.371      0.600    1477.81    1477.80  0.000e+00
      13404     84.500     6.5990     6.5827    -0.0158    3.44499    3.44297          1     6.3872     6.3962      27.43     0.3065     0.3343  1.000e-12  1.3788000    34.4396    34.4336    -0.0060    27.0318    27.0292     83.698     83.867      0.545    1477.78    1477.71  0.000e+00
      13432     85.000     6.6136     6.6258     0.0117    3.44704    3.44871          1     6.3973     6.4129      27.15     0.3071     0.3676  1.000e-12  1.3504000    34.4474    34.4536     0.0062    27.0360    27.0393     84.193     84.363      0.923    1477.86    1477.91  0.000e+00
      13443     85.500     6.6305     6.6306     0.0002    3.44979    3.44989          1     6.4183     6.4336      26.78     0.3034     0.4119  1.000e-12  1.3766000    34.4606    34.4616     0.0011    27.0441    27.0449     84.688     84.858      1.050    1477.95    1477.95  0.000e+00
      13454     86.000     6.6379     6.6368    -0.0011    3.45105    3.45103          1     6.4220     6.4352      26.38     0.2836     0.4071  1.000e-12  1.5711000    34.4668    34.4678     0.0009    27.0481    27.0489     85.183     85.354      1.061    1477.99    1477.99  0.000e+00
