ctdpy/exports/archive_20191120_135557/received_data/SBE09_0827_20181011_0236_26_01_1066.cnv
* Sea-Bird SBE 9 Data File:
* FileName = D:\CTD_SBE911\DAT\26DA.2018.10.66.hex
* Software Version Seasave V 7.21d
* Temperature SN = 4548
* Conductivity SN = 3062
* Number of Bytes Per Scan = 48
* Number of Voltage Words = 5
* Number of Scans Averaged by the Deck Unit = 1
* NMEA Latitude = 57 07.39 N
* NMEA Longitude = 019 32.27 E
* NMEA UTC (Time) = Oct 11 2018  02:38:59
* NMEA baud rate = 4800
** Ship: DANA
** Average sound velocity: 1446.80 m/s
** True-depth calculation Thu, 28 Mar 2019 12:25:20 +0000
** CTD Python Module SMHI /ver 3-12/ feb 2012 
** LIMS Job: 20182601-1066
** Operator: Christian A-KTh
** Cruise: 10/2018
# nquan = 26
# nvalues = 299                         
# units = specified
# name 0 = scan: Scan Count
# name 1 = prDM: Pressure, Digiquartz [db]
# name 2 = t090C: Temperature [ITS-90, deg C]
# name 3 = t190C: Temperature, 2 [ITS-90, deg C]
# name 4 = T2-T190C: Temperature Difference, 2 - 1 [ITS-90, deg C]
# name 5 = c0S/m: Conductivity [S/m]
# name 6 = c1S/m: Conductivity, 2 [S/m]
# name 7 = pumps: Pump Status
# name 8 = sbeox1ML/L: Oxygen, SBE 43, 2 [ml/l]
# name 9 = sbeox0ML/L: Oxygen, SBE 43 [ml/l]
# name 10 = altM: Altimeter [m]
# name 11 = chloroflTC0: Chlorophyll, Turner Cyclops [ug/l]
# name 12 = cpar: CPAR/Corrected Irradiance [%]
# name 13 = par: PAR/Irradiance, Biospherical/Lico [µE/(cm^2*s)]
# name 14 = spar: SPAR, Biospherical/Licor
# name 15 = sal00: Salinity, Practical [PSU]
# name 16 = sal11: Salinity, Practical, 2 [PSU]
# name 17 = secS-priS: Salinity, Practical, Difference, 2 - 1 [PSU]
# name 18 = sigma-t00: Density [sigma-t, kg/m^3 ]
# name 19 = sigma-t11: Density, 2 [sigma-t, kg/m^3 ]
# name 20 = depSM: Depth [salt water, m], lat = 57.1232
# name 21 = depFM: Depth [true depth, m], lat = 57.1232
# name 22 = dz/dtM: Descent Rate [m/s], WS = 2
# name 23 = svCM: Sound Velocity [Chen-Millero, m/s]
# name 24 = svCM1: Sound Velocity, 2 [Chen-Millero, m/s]
# name 25 = flag: flag
# span 0 =        559,      16150       
# span 1 =      1.500,    150.500       
# span 2 =     3.3704,    11.0828       
# span 3 =     3.3721,    11.0834       
# span 4 =    -0.8373,     0.0204       
# span 5 =   0.774460,   1.426233       
# span 6 =   0.774033,   1.427117       
# span 7 =          1,          1       
# span 8 =     0.0237,     7.7304       
# span 9 =     0.0183,     7.2595       
# span 10 =       0.59,       9.99      
# span 11 =     0.0159,     0.0326      
# span 12 = 4.9241e-11, 4.9241e-11      
# span 13 = 1.0000e-12, 1.0000e-12      
# span 14 = 2.0308e+00, 2.0308e+00      
# span 15 =     6.9260,    13.0038      
# span 16 =     6.9260,    13.0113      
# span 17 =    -0.1246,     0.0611      
# span 18 =     4.9888,    10.1545      
# span 19 =     4.9888,    10.1602      
# span 20 =      1.486,    149.061      
# span 21 =      1.520,    152.155      
# span 22 =     -0.702,      0.468      
# span 23 =    1429.42,    1460.13      
# span 24 =    1429.43,    1460.12      
# span 25 = 0.0000e+00, 0.0000e+00      
# interval = decibars: 0.5              
# start_time = Oct 11 2018 02:38:59 [NMEA time, first data scan]
# bad_flag = -9.990e-29
*END*
[from data line 279]
      12185    141.000     6.7938     6.7937    -0.0000    1.40570    1.40551          1     0.0400     0.0424       9.97     0.0170  4.924e-11  1.000e-12  2.031e+00    12.8214    12.8195    -0.0019    10.0153    10.0139    139.656    142.576      0.407    1452.44    1452.44  0.000e+00
      12214    141.500     6.7951     6.7947    -0.0003    1.40618    1.40589          1     0.0396     0.0413       9.97     0.0168  4.924e-11  1.000e-12  2.031e+00    12.8256    12.8228    -0.0027    10.0185    10.0164    140.151    143.080      0.407    1452.46    1452.46  0.000e+00
      12244    142.000     6.7970     6.7964    -0.0005    1.40687    1.40651          1     0.0396     0.0431       9.76     0.0169  4.924e-11  1.000e-12  2.031e+00    12.8315    12.8282    -0.0033    10.0230    10.0205    140.646    143.584      0.408    1452.49    1452.48  0.000e+00
      12273    142.500     6.7990     6.7982    -0.0008    1.40765    1.40720          1     0.0396     0.0416       9.18     0.0164  4.924e-11  1.000e-12  2.031e+00    12.8385    12.8342    -0.0042    10.0283    10.0250    141.141    144.088      0.407    1452.51    1452.50  0.000e+00
      12303    143.000     6.8012     6.8007    -0.0006    1.40848    1.40806          1     0.0397     0.0408       8.66     0.0168  4.924e-11  1.000e-12  2.031e+00    12.8457    12.8417    -0.0040    10.0338    10.0307    141.636    144.593      0.407    1452.54    1452.53  0.000e+00
      12332    143.500     6.8031     6.8027    -0.0004    1.40931    1.40894          1     0.0389     0.0409       8.16     0.0169  4.924e-11  1.000e-12  2.031e+00    12.8531    12.8496    -0.0035    10.0394    10.0367    142.131    145.097      0.423    1452.56    1452.56  0.000e+00
      12360    144.000     6.8041     6.8036    -0.0004    1.40971    1.40938          1     0.0383     0.0412       7.63     0.0171  4.924e-11  1.000e-12  2.031e+00    12.8566    12.8534    -0.0032    10.0421    10.0397    142.626    145.601      0.424    1452.58    1452.57  0.000e+00
      12389    144.500     6.8057     6.8052    -0.0005    1.41039    1.41002          1     0.0391     0.0420       7.10     0.0171  4.924e-11  1.000e-12  2.031e+00    12.8626    12.8591    -0.0035    10.0467    10.0440    143.121    146.105      0.413    1452.60    1452.60  0.000e+00
      12418    145.000     6.8071     6.8065    -0.0006    1.41092    1.41054          1     0.0393     0.0421       6.58     0.0171  4.924e-11  1.000e-12  2.031e+00    12.8672    12.8637    -0.0035    10.0502    10.0475    143.616    146.609      0.408    1452.62    1452.61  0.000e+00
      12448    145.500     6.8083     6.8078    -0.0005    1.41141    1.41106          1     0.0389     0.0403       6.05     0.0171  4.924e-11  1.000e-12  2.031e+00    12.8715    12.8682    -0.0033    10.0535    10.0510    144.111    147.114      0.394    1452.64    1452.63  0.000e+00
      12479    146.000     6.8102     6.8096    -0.0006    1.41211    1.41168          1     0.0358     0.0402       5.53     0.0170  4.924e-11  1.000e-12  2.031e+00    12.8776    12.8736    -0.0040    10.0581    10.0550    144.607    147.618      0.381    1452.66    1452.66  0.000e+00
      12510    146.500     6.8128     6.8116    -0.0012    1.41313    1.41248          1     0.0386     0.0405       5.02     0.0168  4.924e-11  1.000e-12  2.031e+00    12.8866    12.8807    -0.0059    10.0649    10.0604    145.102    148.122      0.404    1452.69    1452.68  0.000e+00
      12538    147.000     6.8153     6.8138    -0.0015    1.41405    1.41335          1     0.0381     0.0412       4.52     0.0168  4.924e-11  1.000e-12  2.031e+00    12.8947    12.8883    -0.0064    10.0711    10.0662    145.597    148.626      0.440    1452.72    1452.71  0.000e+00
      12565    147.500     6.8174     6.8158    -0.0016    1.41495    1.41416          1     0.0385     0.0392       3.99     0.0171  4.924e-11  1.000e-12  2.031e+00    12.9027    12.8955    -0.0072    10.0772    10.0717    146.092    149.130      0.431    1452.75    1452.73  0.000e+00
      12595    148.000     6.8194     6.8181    -0.0014    1.41591    1.41511          1     0.0361     0.0382       3.46     0.0170  4.924e-11  1.000e-12  2.031e+00    12.9113    12.9039    -0.0074    10.0838    10.0781    146.587    149.635      0.391    1452.78    1452.76  0.000e+00
      12626    148.500     6.8235     6.8216    -0.0018    1.41759    1.41662          1     0.0360     0.0405       2.95     0.0169  4.924e-11  1.000e-12  2.031e+00    12.9263    12.9174    -0.0089    10.0952    10.0884    147.082    150.139      0.406    1452.82    1452.80  0.000e+00
      12654    149.000     6.8268     6.8244    -0.0024    1.41873    1.41768          1     0.0367     0.0397       2.45     0.0168  4.924e-11  1.000e-12  2.031e+00    12.9362    12.9267    -0.0095    10.1027    10.0955    147.577    150.643      0.448    1452.85    1452.83  0.000e+00
      12680    149.500     6.8371     6.8315    -0.0056    1.42343    1.42072          1     0.0348     0.0376       1.91     0.0170  4.924e-11  1.000e-12  2.031e+00    12.9787    12.9540    -0.0247    10.1353    10.1163    148.072    151.147      0.431    1452.96    1452.90  0.000e+00
      12710    150.000     6.8403     6.8385    -0.0018    1.42490    1.42388          1     0.0380     0.0374       1.39     0.0171  4.924e-11  1.000e-12  2.031e+00    12.9919    12.9825    -0.0093    10.1454    10.1382    148.567    151.651      0.312    1453.00    1452.98  0.000e+00
      16150    150.500     6.8435     6.8465     0.0027    1.42623    1.42712          1     0.0237     0.0183       0.59     0.0171  4.924e-11  1.000e-12  2.031e+00    13.0038    13.0113     0.0077    10.1545    10.1602    149.061    152.155     -0.702    1453.02    1453.06  0.000e+00
