ctdpy/exports/archive_20191120_135557/received_data/SBE09_0827_20180130_0607_26_01_0263.cnv
* Sea-Bird SBE 9 Data File:
* FileName = D:\CTD_SBE911\DAT\26DA.2018.1.163.hex
* Software Version Seasave V 7.21d
* Temperature SN = 034757
* Conductivity SN = 041844
* Number of Bytes Per Scan = 48
* Number of Voltage Words = 5
* Number of Scans Averaged by the Deck Unit = 1
* NMEA Latitude = 58 19.66 N
* NMEA Longitude = 010 50.31 E
* NMEA UTC (Time) = Jan 30 2018  06:08:06
* NMEA baud rate = 4800
** Ship: DANA
** Average sound velocity: 1477.06 m/s
** True-depth calculation Thu, 28 Mar 2019 08:34:21 +0000
** CTD Python Module SMHI /ver 3-12/ feb 2012 
** LIMS Job: 20182601-0263
** 12W Håll
** Operator: Ronny Sørensen
** Cruise: 01/2018
# nquan = 26
# nvalues = 266                         
# units = specified
# name 0 = scan: Scan Count
# name 1 = prDM: Pressure, Digiquartz [db]
# name 2 = t090C: Temperature [ITS-90, deg C]
# name 3 = t190C: Temperature, 2 [ITS-90, deg C]
# name 4 = T2-T190C: Temperature Difference, 2 - 1 [ITS-90, deg C]
# name 5 = c0S/m: Conductivity [S/m]
# name 6 = c1S/m: Conductivity, 2 [S/m]
# name 7 = pumps: Pump Status
# name 8 = sbeox1ML/L: Oxygen, SBE 43, 2 [ml/l]
# name 9 = sbeox0ML/L: Oxygen, SBE 43 [ml/l]
# name 10 = altM: Altimeter [m]
# name 11 = chloroflTC0: Chlorophyll, Turner Cyclops [ug/l]
# name 12 = cpar: CPAR/Corrected Irradiance [%]
# name 13 = par: PAR/Irradiance, Biospherical/Lico [µE/(cm^2*s)]
# name 14 = spar: SPAR, Biospherical/Licor
# name 15 = sal00: Salinity, Practical [PSU]
# name 16 = sal11: Salinity, Practical, 2 [PSU]
# name 17 = secS-priS: Salinity, Practical, Difference, 2 - 1 [PSU]
# name 18 = sigma-t00: Density [sigma-t, kg/m^3 ]
# name 19 = sigma-t11: Density, 2 [sigma-t, kg/m^3 ]
# name 20 = depSM: Depth [salt water, m], lat = 58.3277
# name 21 = depFM: Depth [true depth, m], lat = 58.3277
# name 22 = dz/dtM: Descent Rate [m/s], WS = 2
# name 23 = svCM: Sound Velocity [Chen-Millero, m/s]
# name 24 = svCM1: Sound Velocity, 2 [Chen-Millero, m/s]
# name 25 = flag: flag
# span 0 =        117,      11568       
# span 1 =      2.000,    134.500       
# span 2 =     5.4776,     6.7676       
# span 3 =     5.4834,     6.7522       
# span 4 =    -0.2519,     0.0129       
# span 5 =   3.125011,   3.466140       
# span 6 =   3.126341,   3.465669       
# span 7 =          1,          1       
# span 8 =     5.9863,     6.4603       
# span 9 =     6.1352,    10.3041       
# span 10 =       2.61,       9.96      
# span 11 =     0.0208,     0.1217      
# span 12 = 4.9241e-11, 4.9241e-11      
# span 13 = 1.0000e-12, 1.0000e-12      
# span 14 = 2.0308e+00, 2.0308e+00      
# span 15 =    31.9908,    34.5146      
# span 16 =    31.9971,    34.5124      
# span 17 =    -0.3786,     0.0286      
# span 18 =    25.2369,    27.0730      
# span 19 =    25.2408,    27.0715      
# span 20 =      1.981,    133.207      
# span 21 =      1.987,    133.415      
# span 22 =     -0.133,      0.892      
# span 23 =    1468.87,    1479.22      
# span 24 =    1468.93,    1479.21      
# span 25 = 0.0000e+00, 0.0000e+00      
# interval = decibars: 0.5              
# start_time = Jan 30 2018 06:08:07 [NMEA time, first data scan]
# bad_flag = -9.990e-29
*END*
        117      2.000     5.4776     5.4834     0.0061    3.12501    3.12803          1     6.4354    10.3041       9.96     0.0241  4.924e-11  1.000e-12  2.031e+00    31.9908    32.0194     0.0286    25.2369    25.2588      1.981      1.987      0.159    1468.87    1468.94  0.000e+00
        230      2.500     5.4941     5.4865    -0.0076    3.13201    3.12634          1     6.4385     6.2067       9.96     0.0260  4.924e-11  1.000e-12  2.031e+00    32.0541    31.9971    -0.0570    25.2850    25.2408      2.477      2.484      0.861    1469.03    1468.93  0.000e+00
        273      3.000     5.4988     5.4956    -0.0032    3.13355    3.13087          1     6.4603     6.3176       9.96     0.0258  4.924e-11  1.000e-12  2.031e+00    32.0668    32.0395    -0.0273    25.2945    25.2733      2.972      2.980      0.556    1469.08    1469.03  0.000e+00
        351      3.500     5.4986     5.5000     0.0014    3.13334    3.13447          1     6.3951     6.5060       9.96     0.0220  4.924e-11  1.000e-12  2.031e+00    32.0643    32.0758     0.0115    25.2926    25.3016      3.467      3.477      0.636    1469.08    1469.10  0.000e+00
        372      4.000     5.5111     5.5075    -0.0037    3.13675    3.13491          1     6.4513     6.5026       9.96     0.0214  4.924e-11  1.000e-12  2.031e+00    32.0907    32.0734    -0.0173    25.3120    25.2988      3.963      3.974      0.484    1469.17    1469.13  0.000e+00
        448      4.500     5.5081     5.5012    -0.0070    3.13557    3.13325          1     6.4577     6.5171       9.96     0.0208  4.924e-11  1.000e-12  2.031e+00    32.0800    32.0604    -0.0197    25.3040    25.2892      4.458      4.470      0.220    1469.15    1469.10  0.000e+00
        531      5.000     5.5152     5.5100    -0.0053    3.13865    3.13589          1     6.4468     6.5160       9.96     0.0208  4.924e-11  1.000e-12  2.031e+00    32.1079    32.0816    -0.0263    25.3252    25.3049      4.953      4.967      0.426    1469.23    1469.17  0.000e+00
        551      5.500     5.5475     5.5223    -0.0251    3.15825    3.14115          1     6.4444     6.5128       9.96     0.0208  4.924e-11  1.000e-12  2.031e+00    32.2985    32.1292    -0.1693    25.4721    25.3412      5.449      5.464      0.469    1469.61    1469.29  0.000e+00
        597      6.000     5.5566     5.5347    -0.0219    3.16313    3.14817          1     6.4334     6.5198       9.96     0.0223  4.924e-11  1.000e-12  2.031e+00    32.3448    32.1965    -0.1483    25.5077    25.3930      5.944      5.960      0.284    1469.71    1469.43  0.000e+00
        645      6.500     5.5551     5.5541    -0.0010    3.16398    3.16176          1     6.4377     6.5155       9.96     0.0244  4.924e-11  1.000e-12  2.031e+00    32.3556    32.3315    -0.0241    25.5165    25.4975      6.440      6.457      0.443    1469.73    1469.69  0.000e+00
        670      7.000     5.5665     5.5561    -0.0104    3.16578    3.16277          1     6.4158     6.5028       9.96     0.0255  4.924e-11  1.000e-12  2.031e+00    32.3648    32.3407    -0.0241    25.5224    25.5046      6.935      6.954      0.414    1469.79    1469.72  0.000e+00
        712      7.500     5.5686     5.5558    -0.0128    3.16746    3.16272          1     6.4096     6.5072       9.96     0.0270  4.924e-11  1.000e-12  2.031e+00    32.3816    32.3402    -0.0413    25.5354    25.5042      7.430      7.450      0.208    1469.83    1469.72  0.000e+00
        844      8.000     5.5939     5.5812    -0.0127    3.17436    3.16995          1     6.4339     6.5023       9.96     0.0269  4.924e-11  1.000e-12  2.031e+00    32.4350    32.3972    -0.0378    25.5747    25.5463      7.926      7.947      0.325    1470.01    1469.91  0.000e+00
        869      8.500     5.6102     5.5894    -0.0208    3.17750    3.17222          1     6.4116     6.4966       9.96     0.0270  4.924e-11  1.000e-12  2.031e+00    32.4544    32.4148    -0.0396    25.5881    25.5593      8.421      8.443      0.412    1470.11    1469.97  0.000e+00
        901      9.000     5.6592     5.5917    -0.0676    3.18725    3.17308          1     6.3872     6.4910       9.96     0.0269  4.924e-11  1.000e-12  2.031e+00    32.5171    32.4222    -0.0949    25.6319    25.5648      8.916      8.940      0.343    1470.39    1470.00  0.000e+00
        936      9.500     5.7673     5.6057    -0.1616    3.20853    3.17539          1     6.4051     6.4751       9.96     0.0269  4.924e-11  1.000e-12  2.031e+00    32.6525    32.4346    -0.2179    25.7261    25.5730      9.412      9.436      0.402    1471.01    1470.08  0.000e+00
        962     10.000     5.8567     5.6376    -0.2191    3.22710    3.18039          1     6.3853     6.4652       9.96     0.0279  4.924e-11  1.000e-12  2.031e+00    32.7747    32.4601    -0.3146    25.8119    25.5894      9.907      9.933      0.449    1471.53    1470.25  0.000e+00
        993     10.500     5.9429     5.6909    -0.2519    3.24569    3.19038          1     6.3763     6.4462       9.96     0.0281  4.924e-11  1.000e-12  2.031e+00    32.8997    32.5212    -0.3786    25.9002    25.6314     10.402     10.429      0.319    1472.04    1470.55  0.000e+00
       1097     11.000     5.9641     5.8914    -0.0728    3.25058    3.23231          1     6.3676     6.4395       9.96     0.0290  4.924e-11  1.000e-12  2.031e+00    32.9337    32.7989    -0.1349    25.9245    25.8267     10.897     10.926      0.238    1472.17    1471.71  0.000e+00
       1156     11.500     5.9909     5.9520    -0.0388    3.25783    3.24771          1     6.3263     6.4252       9.96     0.0293  4.924e-11  1.000e-12  2.031e+00    32.9889    32.9131    -0.0758    25.9648    25.9097     11.393     11.422      0.283    1472.36    1472.11  0.000e+00
       1213     12.000     6.0073     5.9619    -0.0454    3.26233    3.24961          1     6.3527     6.4251       9.96     0.0293  4.924e-11  1.000e-12  2.031e+00    33.0230    32.9245    -0.0985    25.9897    25.9175     11.888     11.919      0.255    1472.47    1472.17  0.000e+00
       1252     12.500     6.0213     5.9811    -0.0402    3.26637    3.25449          1     6.3251     6.4189       9.96     0.0296  4.924e-11  1.000e-12  2.031e+00    33.0546    32.9604    -0.0941    26.0129    25.9435     12.383     12.415      0.570    1472.58    1472.30  0.000e+00
       1269     13.000     6.0262     5.9967    -0.0294    3.26790    3.25793          1     6.3239     6.4117       9.96     0.0293  4.924e-11  1.000e-12  2.031e+00    33.0667    32.9834    -0.0832    26.0219    25.9598     12.879     12.911      0.744    1472.62    1472.40  0.000e+00
       1284     13.500     6.0338     6.0123    -0.0216    3.27025    3.26176          1     6.3378     6.4106       9.96     0.0295  4.924e-11  1.000e-12  2.031e+00    33.0853    33.0110    -0.0743    26.0357    25.9796     13.374     13.408      0.746    1472.68    1472.50  0.000e+00
       1307     14.000     6.0416     6.0138    -0.0277    3.27212    3.26380          1     6.3283     6.4176       9.96     0.0295  4.924e-11  1.000e-12  2.031e+00    33.0984    33.0322    -0.0663    26.0450    25.9961     13.869     13.904      0.509    1472.74    1472.54  0.000e+00
       1457     14.500     6.0493     6.0318    -0.0175    3.27420    3.26940          1     6.2997     6.4170       9.96     0.0298  4.924e-11  1.000e-12  2.031e+00    33.1140    33.0772    -0.0368    26.0564    26.0295     14.365     14.400      0.436    1472.80    1472.68  0.000e+00
       1489     15.000     6.0679     6.0352    -0.0327    3.27988    3.27003          1     6.2865     6.4139       9.96     0.0302  4.924e-11  1.000e-12  2.031e+00    33.1591    33.0807    -0.0784    26.0897    26.0318     14.860     14.897      0.388    1472.94    1472.71  0.000e+00
       1522     15.500     6.0995     6.0389    -0.0606    3.28966    3.27113          1     6.2549     6.3928       9.96     0.0304  4.924e-11  1.000e-12  2.031e+00    33.2376    33.0892    -0.1484    26.1477    26.0381     15.355     15.393      0.366    1473.17    1472.74  0.000e+00
       1552     16.000     6.1072     6.0469    -0.0603    3.29239    3.27306          1     6.2434     6.3931       9.96     0.0305  4.924e-11  1.000e-12  2.031e+00    33.2603    33.1028    -0.1575    26.1647    26.0478     15.851     15.889      0.453    1473.23    1472.80  0.000e+00
       1577     16.500     6.1175     6.0597    -0.0579    3.29605    3.27625          1     6.2574     6.3931       9.96     0.0303  4.924e-11  1.000e-12  2.031e+00    33.2910    33.1257    -0.1652    26.1876    26.0644     16.346     16.385      0.383    1473.32    1472.89  0.000e+00
       1710     17.000     6.1228     6.1145    -0.0082    3.29806    3.29487          1     6.2776     6.3905       9.96     0.0302  4.924e-11  1.000e-12  2.031e+00    33.3081    33.2804    -0.0276    26.2005    26.1797     16.841     16.882      0.596    1473.37    1473.31  0.000e+00
       1730     17.500     6.1331     6.1154    -0.0177    3.30140    3.29512          1     6.2889     6.3896       9.96     0.0305  4.924e-11  1.000e-12  2.031e+00    33.3350    33.2821    -0.0529    26.2205    26.1809     17.337     17.378      0.557    1473.46    1473.32  0.000e+00
       1757     18.000     6.1378     6.1220    -0.0158    3.30231    3.29680          1     6.2976     6.3826       9.96     0.0305  4.924e-11  1.000e-12  2.031e+00    33.3404    33.2943    -0.0461    26.2241    26.1897     17.832     17.874      0.271    1473.49    1473.37  0.000e+00
       1837     18.500     6.1396     6.1321    -0.0075    3.30287    3.30042          1     6.2755     6.3683       9.96     0.0311  4.924e-11  1.000e-12  2.031e+00    33.3446    33.3246    -0.0200    26.2272    26.2124     18.327     18.370      0.245    1473.51    1473.46  0.000e+00
       1873     19.000     6.1576     6.1337    -0.0238    3.30839    3.30110          1     6.2373     6.3735       9.96     0.0309  4.924e-11  1.000e-12  2.031e+00    33.3885    33.3304    -0.0582    26.2596    26.2167     18.823     18.867      0.441    1473.65    1473.48  0.000e+00
       1897     19.500     6.1663     6.1353    -0.0310    3.31196    3.30147          1     6.2398     6.3870       9.96     0.0312  4.924e-11  1.000e-12  2.031e+00    33.4197    33.3328    -0.0869    26.2831    26.2184     19.318     19.363      0.474    1473.73    1473.50  0.000e+00
       1971     20.000     6.1883     6.1629    -0.0254    3.31881    3.30943          1     6.2529     6.3680       9.96     0.0314  4.924e-11  1.000e-12  2.031e+00    33.4744    33.3944    -0.0800    26.3236    26.2636     19.813     19.859      0.287    1473.89    1473.69  0.000e+00
       2041     20.500     6.2016     6.1841    -0.0175    3.32253    3.31753          1     6.2690     6.3628       9.96     0.0317  4.924e-11  1.000e-12  2.031e+00    33.5027    33.4640    -0.0387    26.3442    26.3158     20.309     20.355      0.260    1473.99    1473.87  0.000e+00
       2100     21.000     6.2020     6.1937    -0.0083    3.32273    3.31929          1     6.2431     6.3695       9.96     0.0316  4.924e-11  1.000e-12  2.031e+00    33.5042    33.4740    -0.0302    26.3453    26.3225     20.804     20.852      0.393    1474.00    1473.93  0.000e+00
       2119     21.500     6.2047     6.1987    -0.0060    3.32339    3.32140          1     6.2321     6.3637       9.96     0.0317  4.924e-11  1.000e-12  2.031e+00    33.5087    33.4923    -0.0164    26.3486    26.3364     21.299     21.348      0.639    1474.02    1473.98  0.000e+00
       2137     22.000     6.2113     6.1999    -0.0114    3.32517    3.32181          1     6.2330     6.3578       9.96     0.0317  4.924e-11  1.000e-12  2.031e+00    33.5218    33.4955    -0.0264    26.3581    26.3387     21.794     21.844      0.628    1474.08    1474.00  0.000e+00
       2185     22.500     6.2220     6.2061    -0.0160    3.32741    3.32319          1     6.2417     6.3546       9.96     0.0317  4.924e-11  1.000e-12  2.031e+00    33.5361    33.5046    -0.0315    26.3680    26.3451     22.290     22.340      0.350    1474.15    1474.04  0.000e+00
       2276     23.000     6.2403     6.2216    -0.0187    3.33228    3.32688          1     6.2526     6.3484       9.96     0.0317  4.924e-11  1.000e-12  2.031e+00    33.5721    33.5303    -0.0418    26.3941    26.3635     22.785     22.836      0.294    1474.27    1474.14  0.000e+00
       2322     23.500     6.2586     6.2279    -0.0307    3.33787    3.32854          1     6.2520     6.3410       9.96     0.0321  4.924e-11  1.000e-12  2.031e+00    33.6163    33.5423    -0.0740    26.4266    26.3721     23.280     23.333      0.215    1474.41    1474.19  0.000e+00
       2379     24.000     6.2760     6.2536    -0.0224    3.34306    3.33514          1     6.2248     6.3310       9.96     0.0318  4.924e-11  1.000e-12  2.031e+00    33.6569    33.5906    -0.0663    26.4564    26.4070     23.776     23.829      0.310    1474.53    1474.36  0.000e+00
       2409     24.500     6.2930     6.2593    -0.0337    3.34933    3.33770          1     6.2281     6.3150       9.95     0.0323  4.924e-11  1.000e-12  2.031e+00    33.7098    33.6133    -0.0965    26.4960    26.4242     24.271     24.325      0.468    1474.68    1474.42  0.000e+00
       2432     25.000     6.3049     6.2673    -0.0377    3.35325    3.33969          1     6.2419     6.3149       9.95     0.0328  4.924e-11  1.000e-12  2.031e+00    33.7415    33.6273    -0.1142    26.5195    26.4342     24.766     24.821      0.509    1474.77    1474.48  0.000e+00
       2471     25.500     6.3108     6.2814    -0.0294    3.35532    3.34444          1     6.2473     6.3205       9.96     0.0323  4.924e-11  1.000e-12  2.031e+00    33.7585    33.6662    -0.0923    26.5322    26.4631     25.261     25.317      0.360    1474.83    1474.59  0.000e+00
       2576     26.000     6.3177     6.3091    -0.0087    3.35741    3.35455          1     6.2222     6.3230       9.96     0.0330  4.924e-11  1.000e-12  2.031e+00    33.7748    33.7514    -0.0233    26.5441    26.5268     25.757     25.813      0.372    1474.88    1474.82  0.000e+00
       2614     26.500     6.3232     6.3104    -0.0128    3.35896    3.35507          1     6.2160     6.3179       9.96     0.0334  4.924e-11  1.000e-12  2.031e+00    33.7865    33.7556    -0.0308    26.5527    26.5300     26.252     26.309      0.292    1474.92    1474.84  0.000e+00
       2656     27.000     6.3242     6.3155    -0.0087    3.35946    3.35654          1     6.2342     6.3142       9.95     0.0335  4.924e-11  1.000e-12  2.031e+00    33.7906    33.7667    -0.0240    26.5558    26.5380     26.747     26.805      0.298    1474.94    1474.88  0.000e+00
       2695     27.500     6.3313     6.3183    -0.0130    3.36199    3.35746          1     6.2242     6.3179       9.96     0.0341  4.924e-11  1.000e-12  2.031e+00    33.8117    33.7741    -0.0377    26.5716    26.5435     27.243     27.301      0.325    1475.01    1474.91  0.000e+00
       2730     28.000     6.3480     6.3219    -0.0260    3.36726    3.35860          1     6.2256     6.3196       9.96     0.0333  4.924e-11  1.000e-12  2.031e+00    33.8537    33.7829    -0.0708    26.6025    26.5500     27.738     27.797      0.354    1475.13    1474.94  0.000e+00
       2765     28.500     6.3672     6.3261    -0.0411    3.37346    3.35987          1     6.2097     6.2985       9.96     0.0336  4.924e-11  1.000e-12  2.031e+00    33.9034    33.7927    -0.1107    26.6393    26.5572     28.233     28.294      0.298    1475.28    1474.98  0.000e+00
       2855     29.000     6.3798     6.3600    -0.0198    3.37729    3.37018          1     6.2169     6.2918       9.96     0.0337  4.924e-11  1.000e-12  2.031e+00    33.9334    33.8738    -0.0596    26.6613    26.6168     28.728     28.790      0.244    1475.38    1475.22  0.000e+00
