ctdpy/exports/archive_20191120_135557/received_data/SBE09_0827_20180128_0953_26_01_0244.cnv
* Sea-Bird SBE 9 Data File:
* FileName = D:\CTD_SBE911\DAT\26DA.2018.1.144.hex
* Software Version Seasave V 7.21d
* Temperature SN = 034757
* Conductivity SN = 041844
* Number of Bytes Per Scan = 48
* Number of Voltage Words = 5
* Number of Scans Averaged by the Deck Unit = 1
* NMEA Latitude = 56 48.67 N
* NMEA Longitude = 012 13.72 E
* NMEA UTC (Time) = Jan 28 2018  09:53:14
* NMEA baud rate = 4800
** Ship: DANA
** Average sound velocity: 1465.79 m/s
** True-depth calculation Thu, 28 Mar 2019 08:33:06 +0000
** CTD Python Module SMHI /ver 3-12/ feb 2012 
** LIMS Job: 20182601-0244
** Ydre Laholmsbugt
** Operator: Ronny Sørensen
** Cruise: 01/2018
# nquan = 26
# nvalues = 72                          
# units = specified
# name 0 = scan: Scan Count
# name 1 = prDM: Pressure, Digiquartz [db]
# name 2 = t090C: Temperature [ITS-90, deg C]
# name 3 = t190C: Temperature, 2 [ITS-90, deg C]
# name 4 = T2-T190C: Temperature Difference, 2 - 1 [ITS-90, deg C]
# name 5 = c0S/m: Conductivity [S/m]
# name 6 = c1S/m: Conductivity, 2 [S/m]
# name 7 = pumps: Pump Status
# name 8 = sbeox1ML/L: Oxygen, SBE 43, 2 [ml/l]
# name 9 = sbeox0ML/L: Oxygen, SBE 43 [ml/l]
# name 10 = altM: Altimeter [m]
# name 11 = chloroflTC0: Chlorophyll, Turner Cyclops [ug/l]
# name 12 = cpar: CPAR/Corrected Irradiance [%]
# name 13 = par: PAR/Irradiance, Biospherical/Lico [µE/(cm^2*s)]
# name 14 = spar: SPAR, Biospherical/Licor
# name 15 = sal00: Salinity, Practical [PSU]
# name 16 = sal11: Salinity, Practical, 2 [PSU]
# name 17 = secS-priS: Salinity, Practical, Difference, 2 - 1 [PSU]
# name 18 = sigma-t00: Density [sigma-t, kg/m^3 ]
# name 19 = sigma-t11: Density, 2 [sigma-t, kg/m^3 ]
# name 20 = depSM: Depth [salt water, m], lat = 56.8112
# name 21 = depFM: Depth [true depth, m], lat = 56.8112
# name 22 = dz/dtM: Descent Rate [m/s], WS = 2
# name 23 = svCM: Sound Velocity [Chen-Millero, m/s]
# name 24 = svCM1: Sound Velocity, 2 [Chen-Millero, m/s]
# name 25 = flag: flag
# span 0 =         33,       4031       
# span 1 =      3.000,     38.500       
# span 2 =     3.7923,     7.4372       
# span 3 =     3.7907,     7.4429       
# span 4 =    -0.0298,     0.3583       
# span 5 =   1.892466,   3.454826       
# span 6 =   1.891875,   3.453337       
# span 7 =          1,          1       
# span 8 =     5.6397,     7.4554       
# span 9 =     5.7905,     7.5412       
# span 10 =       1.88,      10.21      
# span 11 =     0.0203,     0.0390      
# span 12 = -8.627e-05, 5.1645e+00      
# span 13 = -2.102e-04, 1.2691e+01      
# span 14 = 2.4367e+02, 2.4902e+02      
# span 15 =    19.4135,    33.8157      
# span 16 =    19.4078,    33.8154      
# span 17 =    -0.0559,     0.7840      
# span 18 =    15.4238,    26.4481      
# span 19 =    15.4195,    26.4480      
# span 20 =      2.973,     38.143      
# span 21 =      3.009,     38.386      
# span 22 =     -0.035,      0.746      
# span 23 =    1445.84,    1479.24      
# span 24 =    1445.83,    1479.24      
# span 25 = 0.0000e+00, 0.0000e+00      
# interval = decibars: 0.5              
# start_time = Jan 28 2018 09:53:14 [NMEA time, first data scan]
# bad_flag = -9.990e-29
*END*
[from data line 56]
       3139     31.000     7.2667     7.2646    -0.0022    3.44078    3.44075          1     5.7471     5.8534       9.82     0.0367  4.103e-13  1.000e-12  2.437e+02    33.7573    33.7591     0.0018    26.4031    26.4048     30.713     30.944      0.459    1478.64    1478.64  0.000e+00
       3224     31.500     7.2612     7.2578    -0.0034    3.44080    3.44070          1     5.7318     5.8473       9.49     0.0361  4.076e-13  1.000e-12  2.454e+02    33.7627    33.7649     0.0022    26.4081    26.4103     31.209     31.440      0.326    1478.64    1478.63  0.000e+00
       3297     32.000     7.2551     7.2533    -0.0018    3.44071    3.44057          1     5.7248     5.8492       9.12     0.0377  4.094e-13  1.000e-12  2.443e+02    33.7674    33.7676     0.0002    26.4127    26.4131     31.704     31.936      0.415    1478.63    1478.62  0.000e+00
       3370     32.500     7.2523     7.2503    -0.0020    3.44067    3.44051          1     5.7447     5.8618       8.59     0.0383  4.067e-13  1.000e-12  2.459e+02    33.7695    33.7697     0.0002    26.4147    26.4151     32.200     32.432      0.373    1478.63    1478.62  0.000e+00
       3429     33.000     7.2511     7.2509    -0.0003    3.44096    3.44069          1     5.7507     5.8571       8.77     0.0390  4.069e-13  1.000e-12  2.457e+02    33.7735    33.7708    -0.0027    26.4180    26.4159     32.695     32.928      0.697    1478.64    1478.63  0.000e+00
       3444     33.500     7.2546     7.2559     0.0013    3.44184    3.44160          1     5.7454     5.8540       7.75     0.0389  4.069e-13  1.000e-12  2.457e+02    33.7795    33.7756    -0.0040    26.4223    26.4190     33.190     33.425      0.692    1478.66    1478.66  0.000e+00
       3483     34.000     7.2583     7.2581    -0.0002    3.44298    3.44277          1     5.7201     5.8539       7.15     0.0377  4.069e-13  1.000e-12  2.457e+02    33.7880    33.7859    -0.0020    26.4284    26.4268     33.686     33.921      0.473    1478.70    1478.69  0.000e+00
       3609     34.500     7.2622     7.2616    -0.0006    3.44435    3.44413          1     5.7166     5.8517       7.74     0.0386  4.069e-13  1.000e-12  2.457e+02    33.7990    33.7971    -0.0019    26.4365    26.4351     34.181     34.417      0.514    1478.74    1478.73  0.000e+00
       3677     35.000     7.2634     7.2635     0.0001    3.44463    3.44459          1     5.7435     5.8496       6.52     0.0377  4.048e-13  1.000e-12  2.471e+02    33.8006    33.8000    -0.0006    26.4376    26.4371     34.676     34.913      0.312    1478.75    1478.75  0.000e+00
       3729     35.500     7.2646     7.2642    -0.0004    3.44494    3.44482          1     5.7512     5.8445       5.70     0.0388  4.036e-13  1.000e-12  2.478e+02    33.8026    33.8016    -0.0010    26.4390    26.4383     35.172     35.409      0.474    1478.76    1478.76  0.000e+00
       3758     36.000     7.2656     7.2656     0.0001    3.44515    3.44503          1     5.7610     5.8429       5.50     0.0374  4.036e-13  1.000e-12  2.478e+02    33.8036    33.8023    -0.0013    26.4397    26.4386     35.667     35.905      0.306    1478.78    1478.78  0.000e+00
       3822     36.500     7.2699     7.2693    -0.0006    3.44603    3.44588          1     5.7604     5.8486       5.63     0.0367  4.036e-13  1.000e-12  2.478e+02    33.8088    33.8076    -0.0011    26.4431    26.4423     36.162     36.401      0.297    1478.81    1478.80  0.000e+00
       3853     37.000     7.2702     7.2701    -0.0002    3.44619    3.44608          1     5.7567     5.8464       6.36     0.0373  4.036e-13  1.000e-12  2.478e+02    33.8098    33.8089    -0.0010    26.4439    26.4432     36.657     36.898      0.314    1478.82    1478.82  0.000e+00
       3968     37.500     7.2726     7.2722    -0.0004    3.44688    3.44669          1     5.6750     5.8524       4.49     0.0385  4.036e-13  1.000e-12  2.478e+02    33.8149    33.8132    -0.0017    26.4476    26.4463     37.153     37.394      0.411    1478.84    1478.84  0.000e+00
       3984     38.000     7.2731     7.2726    -0.0005    3.44702    3.44694          1     5.6959     5.8366       4.81     0.0389  4.036e-13  1.000e-12  2.478e+02    33.8157    33.8153    -0.0004    26.4481    26.4479     37.648     37.890      0.600    1478.85    1478.85  0.000e+00
       4031     38.500     7.2732     7.2725    -0.0007    3.44705    3.44697          1     5.7096     5.8395       4.73     0.0377  4.016e-13  1.000e-12  2.490e+02    33.8156    33.8154    -0.0002    26.4481    26.4480     38.143     38.386     -0.035    1478.86    1478.86  0.000e+00
