ctdpy/exports/archive_20191120_135557/received_data/SBE09_1044_20180130_0354_34_02_0034.cnv
* Sea-Bird SBE 9 Data File:
* FileName = C:\ctd\temp\2018\ME18D034.hex
* Software Version Seasave V 7.26.6.26
* Temperature SN = 5351
* Conductivity SN = 3941
* Number of Bytes Per Scan = 41
* Number of Voltage Words = 4
* Number of Scans Averaged by the Deck Unit = 1
* NMEA Latitude = 59 17.93 N
* NMEA Longitude = 021 33.14 E
* NMEA UTC (Time) = Jan 30 2018  03:55:21
* NMEA baud rate = 4800
** Station:  BY27
** Operator:  SSip
** Ship: MERI
** Average sound velocity: 1440.84 m/s
** True-depth calculation Tue, 30 Jan 2018 05:07:08 +0000
** CTD Python Module SMHI /ver 3-12/ feb 2012 
** LIMS Job: 20183402-0034
** Cruise: SMHI-01-2018
** Latitude [GG MM.mm N] :
** Longitude [GG MM.mm E]:
# nquan = 26
# nvalues = 355                         
# units = specified
# name 0 = scan: Scan Count
# name 1 = prDM: Pressure, Digiquartz [db]
# name 2 = t090C: Temperature [ITS-90, deg C]
# name 3 = t190C: Temperature, 2 [ITS-90, deg C]
# name 4 = T2-T190C: Temperature Difference, 2 - 1 [ITS-90, deg C]
# name 5 = c0S/m: Conductivity [S/m]
# name 6 = c1S/m: Conductivity, 2 [S/m]
# name 7 = pumps: Pump Status
# name 8 = sbeox0ML/L: Oxygen, SBE 43 [ml/l]
# name 9 = sbeox1ML/L: Oxygen, SBE 43, 2 [ml/l]
# name 10 = altM: Altimeter [m]
# name 11 = flECO-AFL: Chl-a Fluorescence, WET Labs ECO-AFL/FL [mg/m^3]
# name 12 = flECO-AFL1: Phycocyanin Fluorescence, WET Labs ECO-AFL/FL, 2 [mg/m^3]
# name 13 = par: PAR/Irradiance, Biospherical/Lico [µE/(cm^2*s)]
# name 14 = turbWETntu0: Turbidity, WET Labs ECO [NTU]
# name 15 = sal00: Salinity, Practical [PSU]
# name 16 = sal11: Salinity, Practical, 2 [PSU]
# name 17 = secS-priS: Salinity, Practical, Difference, 2 - 1 [PSU]
# name 18 = sigma-t00: Density [sigma-t, Kg/m^3 ]
# name 19 = sigma-t11: Density, 2 [sigma-t, Kg/m^3 ]
# name 20 = depSM: Depth [salt water, m], lat = 59.2988
# name 21 = depFM: Depth [true depth, m], lat = 59.2988
# name 22 = dz/dtM: Descent Rate [m/s], WS = 2
# name 23 = svCM: Sound Velocity [Chen-Millero, m/s]
# name 24 = svCM1: Sound Velocity, 2 [Chen-Millero, m/s]
# name 25 = flag: flag
# span 0 =      13162,      20256       
# span 1 =      2.000,    179.000       
# span 2 =     3.9221,     6.2969       
# span 3 =     3.9253,     6.2973       
# span 4 =    -0.0051,     0.0069       
# span 5 =   0.748724,   1.246340       
# span 6 =   0.748774,   1.246317       
# span 7 =          1,          1       
# span 8 =    0.01583,    8.29484       
# span 9 =   -0.04177,    8.23488       
# span 10 =       0.00,      98.03      
# span 11 =     0.3080,     0.4725      
# span 12 =     0.2466,     0.4396      
# span 13 = -6.558e-05, 7.3730e-02      
# span 14 =     0.2517,     3.7688      
# span 15 =     7.0981,    11.4127      
# span 16 =     7.0978,    11.4123      
# span 17 =    -0.0108,     0.0008      
# span 18 =     5.6446,     8.9456      
# span 19 =     5.6442,     8.9453      
# span 20 =      1.981,    177.245      
# span 21 =      2.026,    180.997      
# span 22 =     -0.028,      1.018      
# span 23 =    1430.55,    1449.21      
# span 24 =    1430.57,    1449.21      
# span 25 = 0.0000e+00, 0.0000e+00      
# interval = decibars: 0.5              
# start_time = Jan 30 2018 03:55:22 [NMEA time, first data scan]
# bad_flag = -9.990e-29
*END*
[from data line 168]
      16522     86.000     5.7231     5.7232     0.0001    1.06598    1.06593          1     1.9451     2.2978      97.79     0.3366     0.3299  1.000e-12  0.3437000     9.8188     9.8183    -0.0005     7.7266     7.7263     85.176     87.090      0.614    1443.27    1443.27  0.000e+00
      16541     86.500     5.7394     5.7395     0.0001    1.06963    1.06958          1     1.9446     2.2502      97.82     0.3446     0.3308  1.000e-12  0.3523000     9.8503     9.8498    -0.0005     7.7506     7.7501     85.671     87.595      0.649    1443.39    1443.39  0.000e+00
      16559     87.000     5.7957     5.7962     0.0005    1.07873    1.07864          1     1.8098     2.1044      97.86     0.3458     0.3036  1.000e-12  0.3443000     9.9241     9.9230    -0.0010     7.8055     7.8046     86.166     88.100      0.677    1443.73    1443.73  0.000e+00
      16576     87.500     5.9041     5.9034    -0.0008    1.09548    1.09538          1     1.5358     1.8427      97.83     0.3523     0.2996  1.000e-12  0.3475000    10.0581    10.0573    -0.0008     7.9047     7.9041     86.662     88.606      0.684    1444.37    1444.37  0.000e+00
      16594     88.000     5.9818     5.9809    -0.0009    1.10673    1.10665          1     1.1573     1.4921      97.86     0.3553     0.3016  1.000e-12  0.3569000    10.1463    10.1457    -0.0005     7.9694     7.9691     87.157     89.111      0.666    1444.82    1444.82  0.000e+00
      16612     88.500     6.1027     6.1011    -0.0017    1.12156    1.12138          1     0.7967     1.1486      97.27     0.3207     0.3197  1.000e-12  0.4430000    10.2564    10.2552    -0.0012     8.0486     8.0478     87.652     89.616      0.635    1445.49    1445.48  0.000e+00
      16632     89.000     6.1186     6.1190     0.0004    1.12612    1.12610          1     0.5992     0.9395      96.59     0.3213     0.2880  1.000e-12  0.3598000    10.2966    10.2963    -0.0003     8.0792     8.0790     88.147     90.121      0.597    1445.61    1445.61  0.000e+00
      16653     89.500     6.1248     6.1250     0.0001    1.12724    1.12721          1     0.5686     0.8712      96.08     0.3361     0.2869  1.000e-12  0.3058000    10.3056    10.3053    -0.0003     8.0859     8.0857     88.642     90.627      0.544    1445.66    1445.66  0.000e+00
      16676     90.000     6.1287     6.1284    -0.0004    1.12801    1.12787          1     0.6196     0.8720      95.51     0.3511     0.3180  1.000e-12  0.2699000    10.3120    10.3107    -0.0013     8.0907     8.0898     89.137     91.132      0.528    1445.69    1445.69  0.000e+00
      16698     90.500     6.1300     6.1301     0.0000    1.12947    1.12941          1     0.6702     0.8693      95.12     0.3507     0.3596  1.000e-12  0.2530000    10.3260    10.3254    -0.0006     8.1016     8.1012     89.632     91.637      0.621    1445.72    1445.72  0.000e+00
      16715     91.000     6.1326     6.1328     0.0002    1.13140    1.13133          1     0.6927     0.8560      97.39     0.3337     0.2896  1.000e-12  0.2517000    10.3441    10.3434    -0.0008     8.1158     8.1152     90.127     92.142      0.731    1445.76    1445.76  0.000e+00
      16731     91.500     6.1306     6.1309     0.0003    1.13339    1.13332          1     0.7074     0.8481      97.24     0.3407     0.2980  1.000e-12  0.2673000    10.3643    10.3635    -0.0008     8.1318     8.1311     90.622     92.647      0.774    1445.79    1445.79  0.000e+00
      16746     92.000     6.1150     6.1153     0.0003    1.13663    1.13658          1     0.7183     0.8429      95.60     0.3456     0.3176  1.000e-12  0.2791000    10.4010    10.4005    -0.0005     8.1617     8.1612     91.117     93.152      0.733    1445.78    1445.78  0.000e+00
      16764     92.500     6.1120     6.1122     0.0001    1.13766    1.13762          1     0.7238     0.8342      95.90     0.3691     0.3159  1.000e-12  0.3244000    10.4120    10.4116    -0.0004     8.1705     8.1702     91.612     93.658      0.619    1445.78    1445.78  0.000e+00
      16786     93.000     6.1150     6.1148    -0.0002    1.13885    1.13882          1     0.7092     0.8138      97.86     0.3429     0.3118  1.000e-12  0.2891000    10.4227    10.4225    -0.0002     8.1788     8.1786     92.108     94.163      0.499    1445.82    1445.82  0.000e+00
      16811     93.500     6.1381     6.1379    -0.0002    1.14411    1.14399          1     0.6072     0.7100      97.92     0.3513     0.3168  1.000e-12  0.2817000    10.4675    10.4664    -0.0011     8.2125     8.2117     92.603     94.668      0.510    1445.98    1445.98  0.000e+00
      16833     94.000     6.1619     6.1622     0.0003    1.15139    1.15129          1     0.4576     0.5744      91.17     0.3425     0.3300  1.000e-12  0.2652000    10.5320    10.5309    -0.0011     8.2618     8.2609     93.098     95.173      0.611    1446.17    1446.17  0.000e+00
      16851     94.500     6.1703     6.1704     0.0002    1.15475    1.15472          1     0.3572     0.4849      94.06     0.3385     0.3176  1.000e-12  0.2602000    10.5626    10.5622    -0.0003     8.2853     8.2850     93.593     95.678      0.675    1446.25    1446.25  0.000e+00
      16869     95.000     6.1691     6.1692     0.0001    1.15683    1.15674          1     0.2950     0.4289      93.01     0.3580     0.3058  1.000e-12  0.2947000    10.5834    10.5825    -0.0009     8.3017     8.3010     94.088     96.183      0.692    1446.28    1446.28  0.000e+00
      16886     95.500     6.1724     6.1726     0.0001    1.16064    1.16057          1     0.2499     0.3824      89.96     0.3394     0.2961  1.000e-12  0.2719000    10.6199    10.6193    -0.0007     8.3303     8.3297     94.583     96.688      0.684    1446.35    1446.35  0.000e+00
      16904     96.000     6.1733     6.1736     0.0003    1.16225    1.16222          1     0.2165     0.3431      89.48     0.3335     0.2859  1.000e-12  0.2704000    10.6355    10.6351    -0.0003     8.3424     8.3421     95.078     97.193      0.681    1446.38    1446.38  0.000e+00
      16921     96.500     6.1740     6.1742     0.0002    1.16390    1.16383          1     0.1877     0.3075      89.00     0.3335     0.3456  1.000e-12  0.2842000    10.6515    10.6507    -0.0008     8.3550     8.3544     95.573     97.698      0.683    1446.41    1446.41  0.000e+00
      16939     97.000     6.1722     6.1723     0.0002    1.16628    1.16623          1     0.1550     0.2680      90.89     0.3542     0.3378  1.000e-12  0.3043000    10.6756    10.6750    -0.0006     8.3740     8.3736     96.068     98.203      0.656    1446.44    1446.44  0.000e+00
      16958     97.500     6.1753     6.1754     0.0000    1.16996    1.16991          1     0.1139     0.2197      97.92     0.3638     0.2741  1.000e-12  0.3070000    10.7108    10.7103    -0.0005     8.4016     8.4012     96.563     98.708      0.583    1446.51    1446.51  0.000e+00
      16981     98.000     6.1718     6.1720     0.0003    1.17154    1.17152          1     0.0755     0.1749      95.01     0.3615     0.3470  1.000e-12  0.3514000    10.7275    10.7272    -0.0002     8.4150     8.4148     97.058     99.213      0.511    1446.52    1446.52  0.000e+00
      17005     98.500     6.1743     6.1744     0.0001    1.17304    1.17302          1     0.0534     0.1493      86.36     0.3454     0.3202  1.000e-12  0.4197000    10.7415    10.7412    -0.0002     8.4258     8.4256     97.554     99.718      0.528    1446.56    1446.56  0.000e+00
      17026     99.000     6.1766     6.1768     0.0002    1.17763    1.17755          1     0.0459     0.1322      92.59     0.3470     0.3321  1.000e-12  0.4323000    10.7861    10.7852    -0.0010     8.4608     8.4600     98.049    100.223      0.621    1446.63    1446.63  0.000e+00
      17044     99.500     6.1839     6.1841     0.0001    1.18237    1.18228          1     0.0438     0.1244      98.03     0.3828     0.3588  1.000e-12  1.1536000    10.8306    10.8296    -0.0010     8.4953     8.4945     98.544    100.728      0.718    1446.73    1446.73  0.000e+00
      17059    100.000     6.1834     6.1837     0.0002    1.18260    1.18258          1     0.0432     0.1202      86.42     0.3874     0.4396  1.000e-12  1.4843000    10.8329    10.8326    -0.0003     8.4972     8.4969     99.039    101.233      0.772    1446.74    1446.74  0.000e+00
      17075    100.500     6.1776     6.1778     0.0001    1.18318    1.18317          1     0.0503     0.1184      92.73     0.3946     0.3798  1.000e-12  1.9274000    10.8405    10.8403    -0.0002     8.5035     8.5033     99.534    101.738      0.757    1446.73    1446.73  0.000e+00
      17091    101.000     6.1785     6.1785     0.0001    1.18372    1.18370          1     0.0582     0.1214      97.86     0.4045     0.3344  1.000e-12  2.5616000    10.8454    10.8452    -0.0002     8.5073     8.5071    100.029    102.243      0.674    1446.75    1446.75  0.000e+00
      17111    101.500     6.1781     6.1782     0.0001    1.18379    1.18377          1     0.0622     0.1203      93.51     0.4068     0.3349  1.000e-12  2.7668000    10.8462    10.8459    -0.0002     8.5079     8.5077    100.524    102.748      0.551    1446.75    1446.75  0.000e+00
      17135    102.000     6.1776     6.1778     0.0002    1.18392    1.18387          1     0.0653     0.1171      82.92     0.4012     0.3733  1.000e-12  2.8648000    10.8475    10.8469    -0.0005     8.5090     8.5086    101.019    103.253      0.483    1446.76    1446.76  0.000e+00
      17160    102.500     6.1781     6.1783     0.0002    1.18455    1.18453          1     0.0654     0.1170      82.44     0.4047     0.3529  1.000e-12  2.9739000    10.8535    10.8532    -0.0002     8.5137     8.5135    101.514    103.758      0.534    1446.78    1446.78  0.000e+00
      17181    103.000     6.1806     6.1806    -0.0000    1.18583    1.18578          1     0.0652     0.1145      81.99     0.4171     0.3307  1.000e-12  3.0660000    10.8652    10.8647    -0.0005     8.5228     8.5224    102.009    104.263      0.659    1446.81    1446.81  0.000e+00
      17197    103.500     6.1836     6.1834    -0.0002    1.18626    1.18620          1     0.0633     0.1132      81.59     0.3951     0.3184  1.000e-12  3.1269000    10.8685    10.8680    -0.0005     8.5251     8.5247    102.504    104.768      0.778    1446.84    1446.84  0.000e+00
      17212    104.000     6.1941     6.1945     0.0003    1.18689    1.18687          1     0.0657     0.1103      81.12     0.4042     0.3319  1.000e-12  2.9267000    10.8713    10.8709    -0.0003     8.5266     8.5263    102.999    105.273      0.835    1446.89    1446.89  0.000e+00
      17226    104.500     6.1957     6.1959     0.0002    1.18718    1.18716          1     0.0651     0.1107      80.62     0.4191     0.3313  1.000e-12  2.5892000    10.8736    10.8733    -0.0003     8.5283     8.5281    103.494    105.778      0.812    1446.91    1446.91  0.000e+00
      17241    105.000     6.1949     6.1951     0.0001    1.18742    1.18739          1     0.0626     0.1082      80.11     0.3958     0.3322  1.000e-12  2.2629000    10.8760    10.8757    -0.0003     8.5303     8.5301    103.989    106.283      0.698    1446.92    1446.92  0.000e+00
      17262    105.500     6.1947     6.1949     0.0002    1.18751    1.18748          1     0.0620     0.1066      79.48     0.3878     0.3096  1.000e-12  2.1797000    10.8769    10.8766    -0.0003     8.5310     8.5308    104.484    106.788      0.515    1446.93    1446.93  0.000e+00
      17289    106.000     6.1946     6.1949     0.0003    1.18765    1.18764          1     0.0611     0.1021      78.84     0.3951     0.3248  1.000e-12  2.3118000    10.8783    10.8780    -0.0002     8.5321     8.5319    104.980    107.293      0.431    1446.94    1446.94  0.000e+00
      17315    106.500     6.1969     6.1970     0.0002    1.18821    1.18821          1     0.0611     0.1041      78.39     0.3946     0.3316  1.000e-12  2.2961000    10.8830    10.8829    -0.0001     8.5357     8.5356    105.475    107.798      0.549    1446.96    1446.96  0.000e+00
      17335    107.000     6.1975     6.1977     0.0002    1.18843    1.18840          1     0.0587     0.1016      78.13     0.3939     0.3250  1.000e-12  2.2938000    10.8849    10.8845    -0.0004     8.5371     8.5368    105.970    108.303      0.689    1446.97    1446.97  0.000e+00
      17350    107.500     6.1979     6.1980     0.0001    1.18907    1.18903          1     0.0590     0.0974      77.60     0.3824     0.3168  1.000e-12  2.2926000    10.8910    10.8906    -0.0004     8.5419     8.5415    106.465    108.808      0.766    1446.99    1446.99  0.000e+00
      17366    108.000     6.1985     6.1986     0.0001    1.18971    1.18969          1     0.0567     0.0963      77.09     0.3879     0.3178  1.000e-12  2.3544000    10.8970    10.8968    -0.0002     8.5466     8.5464    106.960    109.313      0.770    1447.01    1447.01  0.000e+00
      17381    108.500     6.1989     6.1991     0.0002    1.18982    1.18980          1     0.0551     0.0957      76.57     0.3944     0.3240  1.000e-12  2.4244000    10.8980    10.8977    -0.0002     8.5473     8.5471    107.455    109.818      0.709    1447.02    1447.02  0.000e+00
      17400    109.000     6.1988     6.1990     0.0002    1.18995    1.18991          1     0.0517     0.0939      75.95     0.3952     0.3491  1.000e-12  2.2292000    10.8991    10.8987    -0.0004     8.5482     8.5479    107.950    110.323      0.612    1447.03    1447.03  0.000e+00
      17421    109.500     6.1990     6.1992     0.0002    1.19008    1.19006          1     0.0527     0.0953      75.41     0.4028     0.3607  1.000e-12  2.3513000    10.9002    10.8999    -0.0003     8.5491     8.5489    108.445    110.828      0.548    1447.04    1447.04  0.000e+00
      17443    110.000     6.1995     6.1998     0.0002    1.19030    1.19028          1     0.0543     0.0946      74.92     0.4069     0.3665  1.000e-12  2.4217000    10.9022    10.9019    -0.0003     8.5506     8.5504    108.940    111.333      0.567    1447.05    1447.05  0.000e+00
      17464    110.500     6.2020     6.2022     0.0002    1.19096    1.19094          1     0.0523     0.0898      74.54     0.4068     0.3712  1.000e-12  2.4031000    10.9079    10.9075    -0.0003     8.5549     8.5546    109.435    111.838      0.618    1447.08    1447.08  0.000e+00
      17482    111.000     6.2082     6.2084     0.0002    1.19213    1.19210          1     0.0520     0.0890      92.07     0.4068     0.3797  1.000e-12  2.3529000    10.9174    10.9169    -0.0004     8.5620     8.5616    109.930    112.342      0.640    1447.12    1447.12  0.000e+00
      17501    111.500     6.2109     6.2110     0.0001    1.19285    1.19281          1     0.0487     0.0905      72.97     0.4068     0.3219  1.000e-12  2.5058000    10.9235    10.9231    -0.0004     8.5667     8.5663    110.425    112.847      0.643    1447.15    1447.15  0.000e+00
      17520    112.000     6.2116     6.2117     0.0001    1.19336    1.19333          1     0.0490     0.0886      72.77     0.4129     0.3270  1.000e-12  2.6199000    10.9283    10.9279    -0.0004     8.5703     8.5700    110.920    113.352      0.669    1447.17    1447.17  0.000e+00
      17537    112.500     6.2113     6.2115     0.0003    1.19422    1.19417          1     0.0499     0.0860      72.33     0.4183     0.3327  1.000e-12  2.7110000    10.9367    10.9362    -0.0005     8.5770     8.5766    111.415    113.857      0.709    1447.19    1447.18  0.000e+00
