ctdpy/exports/archive_20191120_135557/received_data/SBE09_1044_20181112_0551_34_01_0134.cnv
* Sea-Bird SBE 9 Data File:
* FileName = C:\ctd\temp\ar18d134.hex
* Software Version Seasave V 7.26.7.107
* Temperature SN = 5351
* Conductivity SN = 3941
* Number of Bytes Per Scan = 41
* Number of Voltage Words = 4
* Number of Scans Averaged by the Deck Unit = 1
* NMEA Latitude = 58 16.05 N
* NMEA Longitude = 010 43.46 E
* NMEA UTC (Time) = Nov 12 2018  05:51:25
* NMEA baud rate = 4800
** Station:  A16
** Operator:  JKro
** Ship: ARANDA
** Average sound velocity: 1486.47 m/s
** True-depth calculation Mon, 12 Nov 2018 07:51:43 +0000
** CTD Python Module SMHI /ver 3-12/ feb 2012 
** LIMS Job: 20183401-0134
** Cruise: SMHI-6-2018
** Latitude [GG MM.mm N]:
** Longitude [GG MM.mm E]
# nquan = 26
# nvalues = 401                         
# units = specified
# name 0 = scan: Scan Count
# name 1 = prDM: Pressure, Digiquartz [db]
# name 2 = t090C: Temperature [ITS-90, deg C]
# name 3 = t190C: Temperature, 2 [ITS-90, deg C]
# name 4 = T2-T190C: Temperature Difference, 2 - 1 [ITS-90, deg C]
# name 5 = c0S/m: Conductivity [S/m]
# name 6 = c1S/m: Conductivity, 2 [S/m]
# name 7 = pumps: Pump Status
# name 8 = sbeox0ML/L: Oxygen, SBE 43 [ml/l]
# name 9 = sbeox1ML/L: Oxygen, SBE 43, 2 [ml/l]
# name 10 = altM: Altimeter [m]
# name 11 = flECO-AFL: Chl-a Fluorescence, WET Labs ECO-AFL/FL [mg/m^3]
# name 12 = flECO-AFL1: Phycocyanin Fluorescence, WET Labs ECO-AFL/FL, 2 [mg/m^3]
# name 13 = par: PAR/Irradiance, Biospherical/Lico [µE/(cm^2*s)]
# name 14 = turbWETntu0: Turbidity, WET Labs ECO [NTU]
# name 15 = sal00: Salinity, Practical [PSU]
# name 16 = sal11: Salinity, Practical, 2 [PSU]
# name 17 = secS-priS: Salinity, Practical, Difference, 2 - 1 [PSU]
# name 18 = sigma-t00: Density [sigma-t, Kg/m^3 ]
# name 19 = sigma-t11: Density, 2 [sigma-t, Kg/m^3 ]
# name 20 = depSM: Depth [salt water, m], lat = 58.2675
# name 21 = depFM: Depth [true depth, m], lat = 58.2675
# name 22 = dz/dtM: Descent Rate [m/s], WS = 2
# name 23 = svCM: Sound Velocity [Chen-Millero, m/s]
# name 24 = svCM1: Sound Velocity, 2 [Chen-Millero, m/s]
# name 25 = flag: flag
# span 0 =      12336,      23772       
# span 1 =      0.500,    200.500       
# span 2 =     7.0744,    10.1056       
# span 3 =     7.0755,    10.1070       
# span 4 =    -0.0232,     0.0125       
# span 5 =   3.553472,   3.790782       
# span 6 =   3.553532,   3.790866       
# span 7 =          1,          1       
# span 8 =    5.08398,    6.02199       
# span 9 =    4.89460,    5.73876       
# span 10 =       4.16,     103.74      
# span 11 =     0.0213,     0.6997      
# span 12 =     0.1203,     0.3221      
# span 13 = -1.574e-06, 3.7994e-01      
# span 14 =     0.1915,     1.1013      
# span 15 =    34.4268,    35.0997      
# span 16 =    34.2891,    35.0989      
# span 17 =    -0.2203,     0.0896      
# span 18 =    26.4873,    27.4870      
# span 19 =    26.3790,    27.4862      
# span 20 =      0.495,    198.541      
# span 21 =      0.496,    198.828      
# span 22 =     -0.011,      0.949      
# span 23 =    1482.30,    1490.26      
# span 24 =    1482.31,    1490.27      
# span 25 = 0.0000e+00, 0.0000e+00      
# interval = decibars: 0.5              
# start_time = Nov 12 2018 05:51:26 [NMEA time, first data scan]
# bad_flag = -9.990e-29
*END*
[from data line 335]
      20380    168.000     7.3684     7.3699     0.0014    3.57605    3.57613          1     5.2664     5.0557      36.93     0.0481     0.2154  1.000e-12  0.2895000    35.0641    35.0636    -0.0005    27.4171    27.4166    166.372    166.610      0.706    1482.91    1482.92  0.000e+00
      20396    168.500     7.3679     7.3689     0.0010    3.57603    3.57609          1     5.2634     5.0534      36.44     0.0605     0.2072  1.000e-12  0.2857000    35.0642    35.0638    -0.0003    27.4173    27.4169    166.867    167.105      0.668    1482.92    1482.92  0.000e+00
      20417    169.000     7.3683     7.3696     0.0012    3.57613    3.57618          1     5.2591     5.0520      35.92     0.0314     0.1945  1.000e-12  0.2905000    35.0646    35.0639    -0.0007    27.4176    27.4168    167.362    167.601      0.493    1482.93    1482.94  0.000e+00
      20446    169.500     7.3697     7.3712     0.0015    3.57628    3.57635          1     5.2604     5.0502      35.20     0.0388     0.2311  1.000e-12  0.2818000    35.0646    35.0638    -0.0007    27.4173    27.4166    167.857    168.097      0.448    1482.95    1482.95  0.000e+00
      20469    170.000     7.3716     7.3728     0.0012    3.57648    3.57653          1     5.2567     5.0525      34.76     0.0392     0.2478  1.000e-12  0.3161000    35.0646    35.0639    -0.0007    27.4171    27.4164    168.352    168.593      0.610    1482.96    1482.96  0.000e+00
      20487    170.500     7.3720     7.3736     0.0015    3.57654    3.57663          1     5.2457     5.0522      34.43     0.0528     0.2167  1.000e-12  0.3239000    35.0646    35.0640    -0.0006    27.4170    27.4164    168.847    169.088      0.627    1482.97    1482.97  0.000e+00
      20508    171.000     7.3713     7.3732     0.0020    3.57656    3.57664          1     5.2509     5.0485      33.90     0.0548     0.1821  1.000e-12  0.3096000    35.0653    35.0642    -0.0012    27.4177    27.4165    169.341    169.584      0.453    1482.98    1482.98  0.000e+00
      20545    171.500     7.3707     7.3726     0.0019    3.57659    3.57668          1     5.2653     5.0489      33.27     0.0406     0.2389  1.000e-12  0.2812000    35.0660    35.0651    -0.0010    27.4184    27.4173    169.836    170.080      0.332    1482.98    1482.99  0.000e+00
      20573    172.000     7.3705     7.3722     0.0017    3.57665    3.57671          1     5.2559     5.0535      32.79     0.0279     0.1854  1.000e-12  0.2873000    35.0665    35.0655    -0.0010    27.4188    27.4178    170.331    170.575      0.583    1482.99    1483.00  0.000e+00
      20591    172.500     7.3615     7.3643     0.0028    3.57592    3.57611          1     5.2609     5.0587      32.44     0.0376     0.1777  1.000e-12  0.2865000    35.0674    35.0667    -0.0007    27.4208    27.4198    170.826    171.071      0.710    1482.97    1482.98  0.000e+00
      20607    173.000     7.3499     7.3516     0.0017    3.57496    3.57505          1     5.2715     5.0607      32.04     0.0369     0.1777  1.000e-12  0.2861000    35.0684    35.0678    -0.0007    27.4232    27.4225    171.321    171.567      0.697    1482.93    1482.94  0.000e+00
      20626    173.500     7.3470     7.3504     0.0035    3.57471    3.57495          1     5.2807     5.0644      31.42     0.0292     0.1645  1.000e-12  0.2859000    35.0685    35.0675    -0.0009    27.4237    27.4225    171.816    172.062      0.546    1482.93    1482.94  0.000e+00
      20657    174.000     7.3434     7.3458     0.0024    3.57441    3.57456          1     5.2793     5.0695      30.75     0.0458     0.2213  1.000e-12  0.2976000    35.0686    35.0678    -0.0008    27.4243    27.4233    172.311    172.558      0.329    1482.92    1482.93  0.000e+00
      20694    174.500     7.3424     7.3451     0.0027    3.57434    3.57452          1     5.2805     5.0686      30.20     0.0388     0.2088  1.000e-12  0.2933000    35.0686    35.0678    -0.0008    27.4244    27.4234    172.806    173.054      0.426    1482.93    1482.94  0.000e+00
      20716    175.000     7.3427     7.3440     0.0012    3.57438    3.57443          1     5.2759     5.0684      29.89     0.0471     0.2010  1.000e-12  0.2912000    35.0685    35.0677    -0.0008    27.4243    27.4235    173.301    173.549      0.622    1482.94    1482.94  0.000e+00
      20734    175.500     7.3402     7.3414     0.0012    3.57418    3.57423          1     5.2793     5.0663      29.46     0.0470     0.2332  1.000e-12  0.3043000    35.0685    35.0679    -0.0006    27.4247    27.4240    173.796    174.045      0.691    1482.93    1482.94  0.000e+00
      20751    176.000     7.3397     7.3414     0.0017    3.57416    3.57426          1     5.2765     5.0658      28.95     0.0394     0.1740  1.000e-12  0.3496000    35.0685    35.0679    -0.0006    27.4247    27.4241    174.291    174.541      0.654    1482.94    1482.95  0.000e+00
      20771    176.500     7.3393     7.3412     0.0019    3.57414    3.57425          1     5.2745     5.0644      28.39     0.0491     0.1848  1.000e-12  0.3172000    35.0685    35.0678    -0.0007    27.4248    27.4240    174.786    175.036      0.524    1482.95    1482.95  0.000e+00
      20799    177.000     7.3386     7.3405     0.0019    3.57410    3.57420          1     5.2789     5.0644      27.77     0.0417     0.1984  1.000e-12  0.3284000    35.0686    35.0678    -0.0009    27.4250    27.4241    175.281    175.532      0.395    1482.95    1482.96  0.000e+00
      20829    177.500     7.3386     7.3404     0.0018    3.57413    3.57422          1     5.2856     5.0677      27.29     0.0381     0.1257  1.000e-12  0.2840000    35.0686    35.0678    -0.0009    27.4250    27.4241    175.776    176.028      0.463    1482.96    1482.97  0.000e+00
      20852    178.000     7.3384     7.3400     0.0016    3.57413    3.57422          1     5.2851     5.0672      26.82     0.0284     0.1431  1.000e-12  0.2791000    35.0686    35.0679    -0.0007    27.4250    27.4242    176.271    176.523      0.521    1482.97    1482.97  0.000e+00
      20877    178.500     7.3382     7.3400     0.0018    3.57415    3.57425          1     5.2824     5.0654      26.30     0.0486     0.1829  1.000e-12  0.3224000    35.0688    35.0680    -0.0008    27.4252    27.4243    176.766    177.019      0.437    1482.98    1482.98  0.000e+00
      20908    179.000     7.3384     7.3402     0.0018    3.57419    3.57428          1     5.2700     5.0645      25.77     0.0394     0.2153  1.000e-12  0.3000000    35.0688    35.0680    -0.0008    27.4251    27.4242    177.260    177.515      0.404    1482.99    1482.99  0.000e+00
      20934    179.500     7.3386     7.3404     0.0018    3.57424    3.57435          1     5.2691     5.0619      25.34     0.0387     0.2363  1.000e-12  0.3092000    35.0688    35.0682    -0.0006    27.4252    27.4244    177.755    178.010      0.565    1482.99    1483.00  0.000e+00
      20952    180.000     7.3376     7.3385     0.0009    3.57422    3.57425          1     5.2722     5.0622      24.99     0.0281     0.2162  1.000e-12  0.3105000    35.0694    35.0689    -0.0006    27.4258    27.4252    178.250    178.506      0.712    1483.00    1483.00  0.000e+00
      20968    180.500     7.3224     7.3222    -0.0001    3.57300    3.57292          1     5.2771     5.0651      24.52     0.0348     0.1636  1.000e-12  0.3407000    35.0712    35.0705    -0.0007    27.4294    27.4289    178.745    179.002      0.775    1482.95    1482.95  0.000e+00
      20983    181.000     7.2925     7.2926     0.0001    3.57058    3.57051          1     5.2887     5.0753      24.03     0.0381     0.2022  1.000e-12  0.3702000    35.0748    35.0739    -0.0008    27.4365    27.4358    179.240    179.497      0.731    1482.85    1482.85  0.000e+00
      21001    181.500     7.2876     7.2891     0.0014    3.57017    3.57024          1     5.3003     5.0893      23.48     0.0393     0.2214  1.000e-12  0.3131000    35.0749    35.0742    -0.0007    27.4373    27.4365    179.735    179.993      0.538    1482.84    1482.85  0.000e+00
      21041    182.000     7.2872     7.2897     0.0025    3.57016    3.57029          1     5.2954     5.0913      22.74     0.0482     0.1840  1.000e-12  0.3008000    35.0750    35.0740    -0.0010    27.4374    27.4363    180.230    180.489      0.266    1482.85    1482.86  0.000e+00
      21079    182.500     7.2870     7.2888     0.0018    3.57014    3.57024          1     5.2989     5.0874      22.27     0.0294     0.2300  1.000e-12  0.3168000    35.0748    35.0741    -0.0007    27.4373    27.4365    180.725    180.984      0.510    1482.85    1482.86  0.000e+00
      21098    183.000     7.2867     7.2882     0.0015    3.57012    3.57020          1     5.3153     5.0901      21.94     0.0404     0.1785  1.000e-12  0.3586000    35.0746    35.0740    -0.0006    27.4371    27.4365    181.220    181.480      0.636    1482.86    1482.87  0.000e+00
      21117    183.500     7.2854     7.2857     0.0004    3.57002    3.57000          1     5.3122     5.0947      21.48     0.0524     0.1582  1.000e-12  0.3667000    35.0747    35.0741    -0.0006    27.4374    27.4368    181.715    181.976      0.601    1482.86    1482.87  0.000e+00
      21139    184.000     7.2837     7.2837     0.0000    3.56989    3.56982          1     5.2947     5.1034      20.92     0.0564     0.1486  1.000e-12  0.3290000    35.0747    35.0740    -0.0007    27.4376    27.4371    182.210    182.471      0.485    1482.86    1482.86  0.000e+00
      21166    184.500     7.2669     7.2690     0.0021    3.56842    3.56857          1     5.3176     5.1126      19.51     0.0425     0.2042  1.000e-12  0.3040000    35.0753    35.0749    -0.0004    27.4406    27.4399    182.705    182.967      0.500    1482.81    1482.82  0.000e+00
      21187    185.000     7.2568     7.2579     0.0012    3.56760    3.56766          1     5.3445     5.1187      18.94     0.0604     0.2702  1.000e-12  0.2851000    35.0764    35.0759    -0.0005    27.4429    27.4423    183.200    183.463      0.631    1482.78    1482.79  0.000e+00
      21204    185.500     7.2500     7.2513     0.0012    3.56705    3.56711          1     5.3475     5.1245      18.49     0.0505     0.2913  1.000e-12  0.2802000    35.0770    35.0764    -0.0006    27.4442    27.4436    183.694    183.958      0.686    1482.76    1482.77  0.000e+00
      21222    186.000     7.2444     7.2456     0.0012    3.56660    3.56668          1     5.3445     5.1278      18.02     0.0384     0.2236  1.000e-12  0.2953000    35.0775    35.0771    -0.0004    27.4455    27.4450    184.189    184.454      0.605    1482.75    1482.76  0.000e+00
      21250    186.500     7.2346     7.2364     0.0019    3.56582    3.56592          1     5.3448     5.1283      17.38     0.0466     0.2022  1.000e-12  0.3273000    35.0787    35.0780    -0.0008    27.4478    27.4469    184.684    184.950      0.349    1482.72    1482.73  0.000e+00
      21294    187.000     7.2242     7.2261     0.0019    3.56498    3.56514          1     5.3292     5.1146      16.76     0.0291     0.1825  1.000e-12  0.3063000    35.0798    35.0796    -0.0002    27.4501    27.4497    185.179    185.445      0.358    1482.69    1482.70  0.000e+00
      21317    187.500     7.1882     7.1894     0.0015    3.56209    3.56221          1     5.3031     5.0904      16.43     0.0400     0.2361  1.000e-12  0.3580000    35.0845    35.0845     0.0000    27.4589    27.4588    185.674    185.941      0.664    1482.57    1482.57  0.000e+00
      21333    188.000     7.1424     7.1538     0.0111    3.55845    3.55932          1     5.2932     5.0827      16.06     0.0396     0.2483  1.000e-12  0.4549000    35.0907    35.0887    -0.0021    27.4703    27.4671    186.169    186.437      0.813    1482.41    1482.45  0.000e+00
      21346    188.500     7.1414     7.1434     0.0019    3.55841    3.55853          1     5.2874     5.0778      15.62     0.0388     0.2537  1.000e-12  0.4906000    35.0911    35.0904    -0.0007    27.4708    27.4699    186.664    186.932      0.826    1482.41    1482.42  0.000e+00
      21361    189.000     7.1306     7.1337     0.0031    3.55753    3.55773          1     5.2791     5.0797      15.12     0.0397     0.2651  1.000e-12  0.6223000    35.0921    35.0913    -0.0009    27.4731    27.4720    187.159    187.428      0.687    1482.38    1482.39  0.000e+00
      21388    189.500     7.1300     7.1310     0.0010    3.55751    3.55754          1     5.2787     5.0785      14.42     0.0550     0.2067  1.000e-12  0.6439000    35.0923    35.0915    -0.0007    27.4733    27.4726    187.654    187.924      0.340    1482.39    1482.39  0.000e+00
      21447    190.000     7.1274     7.1272    -0.0002    3.55732    3.55727          1     5.2690     5.0691      13.77     0.0494     0.1946  1.000e-12  0.4680000    35.0926    35.0922    -0.0003    27.4739    27.4737    188.149    188.419      0.453    1482.39    1482.38  0.000e+00
      21462    190.500     7.1257     7.1263     0.0007    3.55721    3.55722          1     5.2723     5.0672      13.49     0.0374     0.2670  1.000e-12  0.5981000    35.0929    35.0924    -0.0005    27.4744    27.4739    188.643    188.915      0.821    1482.39    1482.39  0.000e+00
      21475    191.000     7.1142     7.1204     0.0061    3.55626    3.55675          1     5.2779     5.0674      13.15     0.0406     0.2589  1.000e-12  0.6050000    35.0938    35.0929    -0.0009    27.4767    27.4752    189.138    189.411      0.949    1482.35    1482.37  0.000e+00
      21487    191.500     7.1070     7.1170     0.0098    3.55574    3.55654          1     5.2828     5.0674      12.71     0.0405     0.2076  1.000e-12  0.6433000    35.0952    35.0938    -0.0014    27.4789    27.4763    189.633    189.906      0.905    1482.33    1482.37  0.000e+00
      21502    192.000     7.1146     7.1167     0.0021    3.55641    3.55652          1     5.2790     5.0667      12.15     0.0395     0.2206  1.000e-12  0.6620000    35.0946    35.0938    -0.0008    27.4773    27.4764    190.128    190.402      0.595    1482.37    1482.38  0.000e+00
      21592    192.500     7.1074     7.1168     0.0094    3.55585    3.55654          1     5.3014     5.0795      11.21     0.0467     0.1984  1.000e-12  0.5494000    35.0955    35.0936    -0.0018    27.4790    27.4763    190.623    190.898      0.426    1482.35    1482.39  0.000e+00
      21611    193.000     7.0989     7.0998     0.0009    3.55518    3.55520          1     5.2900     5.0812      10.96     0.0404     0.2271  1.000e-12  0.5977000    35.0965    35.0959    -0.0006    27.4810    27.4805    191.118    191.393      0.721    1482.33    1482.33  0.000e+00
      21626    193.500     7.0956     7.0978     0.0023    3.55491    3.55506          1     5.2859     5.0798      10.56     0.0356     0.2639  1.000e-12  0.6284000    35.0968    35.0961    -0.0006    27.4817    27.4809    191.613    191.889      0.698    1482.33    1482.33  0.000e+00
      21647    194.000     7.0947     7.0928    -0.0019    3.55487    3.55466          1     5.2816     5.0778       9.94     0.0304     0.2267  1.000e-12  0.6942000    35.0970    35.0966    -0.0004    27.4820    27.4820    192.108    192.384      0.414    1482.33    1482.32  0.000e+00
      21726    194.500     7.0886     7.0922     0.0036    3.55440    3.55465          1     5.2851     5.0693       9.21     0.0355     0.2413  1.000e-12  0.6034000    35.0977    35.0968    -0.0008    27.4834    27.4822    192.603    192.880      0.350    1482.32    1482.33  0.000e+00
      21751    195.000     7.0832     7.0842     0.0010    3.55399    3.55403          1     5.2906     5.0740       8.88     0.0283     0.1522  1.000e-12  0.6189000    35.0985    35.0979    -0.0006    27.4848    27.4842    193.097    193.376      0.580    1482.30    1482.31  0.000e+00
