ctdpy/exports/archive_20191120_135557/received_data/SBE09_1044_20180125_1537_34_02_0008.cnv
* Sea-Bird SBE 9 Data File:
* FileName = C:\ctd\temp\2018\ME18D008.hex
* Software Version Seasave V 7.26.6.26
* Temperature SN = 5351
* Conductivity SN = 3941
* Number of Bytes Per Scan = 41
* Number of Voltage Words = 4
* Number of Scans Averaged by the Deck Unit = 1
* NMEA Latitude = 56 14.02 N
* NMEA Longitude = 012 22.22 E
* NMEA UTC (Time) = Jan 25 2018  15:38:02
* NMEA baud rate = 4800
** Station:  Kullen
** Operator:  JKro
** Ship: MERI
** Average sound velocity: 1457.16 m/s
** True-depth calculation Sat, 27 Jan 2018 18:56:08 +0000
** CTD Python Module SMHI /ver 3-12/ feb 2012 
** LIMS Job: 20183402-0008
** Cruise: SMHI-01-2018
** Latitude [GG MM.mm N] :
** Longitude [GG MM.mm E]:
# nquan = 26
# nvalues = 41                          
# units = specified
# name 0 = scan: Scan Count
# name 1 = prDM: Pressure, Digiquartz [db]
# name 2 = t090C: Temperature [ITS-90, deg C]
# name 3 = t190C: Temperature, 2 [ITS-90, deg C]
# name 4 = T2-T190C: Temperature Difference, 2 - 1 [ITS-90, deg C]
# name 5 = c0S/m: Conductivity [S/m]
# name 6 = c1S/m: Conductivity, 2 [S/m]
# name 7 = pumps: Pump Status
# name 8 = sbeox0ML/L: Oxygen, SBE 43 [ml/l]
# name 9 = sbeox1ML/L: Oxygen, SBE 43, 2 [ml/l]
# name 10 = altM: Altimeter [m]
# name 11 = flECO-AFL: Chl-a Fluorescence, WET Labs ECO-AFL/FL [mg/m^3]
# name 12 = flECO-AFL1: Phycocyanin Fluorescence, WET Labs ECO-AFL/FL, 2 [mg/m^3]
# name 13 = par: PAR/Irradiance, Biospherical/Lico [µE/(cm^2*s)]
# name 14 = turbWETntu0: Turbidity, WET Labs ECO [NTU]
# name 15 = sal00: Salinity, Practical [PSU]
# name 16 = sal11: Salinity, Practical, 2 [PSU]
# name 17 = secS-priS: Salinity, Practical, Difference, 2 - 1 [PSU]
# name 18 = sigma-t00: Density [sigma-t, Kg/m^3 ]
# name 19 = sigma-t11: Density, 2 [sigma-t, Kg/m^3 ]
# name 20 = depSM: Depth [salt water, m], lat = 56.2337
# name 21 = depFM: Depth [true depth, m], lat = 56.2337
# name 22 = dz/dtM: Descent Rate [m/s], WS = 2
# name 23 = svCM: Sound Velocity [Chen-Millero, m/s]
# name 24 = svCM1: Sound Velocity, 2 [Chen-Millero, m/s]
# name 25 = flag: flag
# span 0 =      14582,      16378       
# span 1 =      1.500,     21.500       
# span 2 =     3.2867,     8.2644       
# span 3 =     3.2873,     8.2587       
# span 4 =    -0.4417,     0.0705       
# span 5 =   1.611139,   3.411871       
# span 6 =   1.611056,   3.416440       
# span 7 =          1,          1       
# span 8 =    5.14368,    8.10564       
# span 9 =    5.27105,    8.09671       
# span 10 =       2.21,      22.71      
# span 11 =     0.1525,     0.7728      
# span 12 =     0.2607,     0.3772      
# span 13 = 1.0000e-12, 6.1699e-01      
# span 14 =     0.3235,     2.2180      
# span 15 =    16.5415,    32.6946      
# span 16 =    16.5401,    32.6942      
# span 17 =    -0.9507,     0.0076      
# span 18 =    13.1678,    25.5035      
# span 19 =    13.1666,    25.5023      
# span 20 =      1.486,     21.303      
# span 21 =      1.508,     21.509      
# span 22 =      0.154,      0.455      
# span 23 =    1439.95,    1480.54      
# span 24 =    1439.95,    1480.60      
# span 25 = 0.0000e+00, 0.0000e+00      
# interval = decibars: 0.5              
# start_time = Jan 25 2018 15:38:03 [NMEA time, first data scan]
# bad_flag = -9.990e-29
*END*
      14582      1.500     3.3083     3.3097     0.0014    1.61309    1.61259          1     8.1056     8.0899      22.65     0.7634     0.3129  6.170e-01  0.3235000    16.5640    16.5576    -0.0064    13.1856    13.1805      1.486      1.508      0.269    1439.95    1439.95  0.000e+00
      14603      2.000     3.3080     3.3090     0.0009    1.61317    1.61289          1     8.1023     8.0918      22.71     0.7527     0.3251  5.578e-01  0.3585000    16.5648    16.5613    -0.0035    13.1863    13.1835      1.982      2.011      0.409    1439.96    1439.96  0.000e+00
      14855      2.500     3.3079     3.3088     0.0009    1.61161    1.61177          1     8.0952     8.0960      22.47     0.7728     0.3244  4.146e-01  0.3551000    16.5473    16.5487     0.0013    13.1724    13.1735      2.477      2.513      0.226    1439.95    1439.95  0.000e+00
      14936      3.000     3.3087     3.3097     0.0011    1.61114    1.61106          1     8.0749     8.0790      21.80     0.7668     0.3278  3.404e-01  0.3312000    16.5415    16.5401    -0.0015    13.1678    13.1666      2.973      3.016      0.275    1439.95    1439.95  0.000e+00
      14966      3.500     3.3085     3.3089     0.0005    1.61189    1.61179          1     8.0719     8.0967      21.30     0.7601     0.3159  2.429e-01  0.3418000    16.5499    16.5485    -0.0014    13.1745    13.1733      3.468      3.519      0.395    1439.97    1439.97  0.000e+00
      15009      4.000     3.3087     3.3096     0.0009    1.61167    1.61151          1     8.0653     8.0878      20.87     0.7557     0.3402  1.784e-01  0.3517000    16.5471    16.5449    -0.0022    13.1722    13.1705      3.963      4.021      0.242    1439.98    1439.98  0.000e+00
      15063      4.500     3.3077     3.3086     0.0008    1.61326    1.61298          1     8.0666     8.0879      20.28     0.7604     0.3517  1.349e-01  0.3340000    16.5653    16.5616    -0.0036    13.1867    13.1838      4.459      4.524      0.364    1440.00    1440.00  0.000e+00
      15091      5.000     3.3080     3.3087     0.0007    1.61321    1.61309          1     8.0720     8.0898      19.86     0.7636     0.3772  8.753e-02  0.3552000    16.5644    16.5627    -0.0017    13.1860    13.1846      4.954      5.026      0.346    1440.01    1440.01  0.000e+00
      15150      5.500     3.3087     3.3096     0.0010    1.61259    1.61253          1     8.0641     8.0954      19.23     0.7706     0.3424  5.501e-02  0.3378000    16.5570    16.5558    -0.0011    13.1800    13.1791      5.450      5.529      0.283    1440.01    1440.01  0.000e+00
      15186      6.000     3.3066     3.3074     0.0008    1.61383    1.61390          1     8.0600     8.0929      18.80     0.7607     0.3599  3.088e-02  0.3481000    16.5718    16.5721     0.0004    13.1919    13.1922      5.945      6.032      0.343    1440.03    1440.03  0.000e+00
      15232      6.500     3.3046     3.3056     0.0010    1.61494    1.61489          1     8.0785     8.0842      18.22     0.7288     0.3433  6.113e-03  0.3404000    16.5850    16.5840    -0.0010    13.2025    13.2016      6.441      6.534      0.238    1440.04    1440.05  0.000e+00
      15274      7.000     3.3032     3.3048     0.0016    1.61553    1.61491          1     8.0668     8.0795      17.75     0.7388     0.3537  5.289e-05  0.3384000    16.5921    16.5844    -0.0077    13.2082    13.2020      6.936      7.037      0.320    1440.06    1440.05  0.000e+00
      15316      7.500     3.2985     3.3000     0.0015    1.61877    1.61802          1     8.0582     8.0897      17.23     0.7370     0.3744  2.788e-09  0.3382000    16.6305    16.6214    -0.0091    13.2390    13.2316      7.431      7.540      0.258    1440.09    1440.09  0.000e+00
      15359      8.000     3.2924     3.2933     0.0009    1.62284    1.62269          1     8.0509     8.0679      16.68     0.7451     0.3319  1.000e-12  0.3398000    16.6789    16.6768    -0.0021    13.2777    13.2760      7.927      8.042      0.339    1440.13    1440.14  0.000e+00
      15394      8.500     3.2879     3.2890     0.0012    1.62606    1.62562          1     8.0477     8.0847      16.22     0.7155     0.3215  1.000e-12  0.3488000    16.7171    16.7116    -0.0055    13.3082    13.3038      8.422      8.545      0.309    1440.17    1440.17  0.000e+00
      15438      9.000     3.2867     3.2873     0.0007    1.62686    1.62671          1     8.0335     8.0688      15.66     0.7016     0.3598  1.000e-12  0.3434000    16.7265    16.7245    -0.0020    13.3157    13.3141      8.918      9.047      0.263    1440.19    1440.19  0.000e+00
      15480      9.500     3.2999     3.2965    -0.0034    1.62976    1.62925          1     8.0429     8.0723      15.13     0.7183     0.3619  1.000e-12  0.3498000    16.7520    16.7479    -0.0040    13.3354    13.3324      9.413      9.550      0.307    1440.29    1440.27  0.000e+00
      15518     10.000     3.3106     3.3114     0.0008    1.63129    1.63119          1     7.9969     8.0327      14.67     0.6931     0.3031  1.000e-12  0.3276000    16.7633    16.7617    -0.0016    13.3440    13.3427      9.909     10.053      0.324    1440.36    1440.36  0.000e+00
      15556     10.500     3.3218     3.3247     0.0029    1.63443    1.63464          1     7.9519     8.0116      14.15     0.6724     0.3469  1.000e-12  0.3458000    16.7924    16.7932     0.0008    13.3666    13.3671     10.404     10.555      0.294    1440.45    1440.47  0.000e+00
      15599     11.000     3.4546     3.4598     0.0050    1.67039    1.67072          1     7.8531     7.9187      13.56     0.6121     0.3539  1.000e-12  0.3432000    17.1235    17.1245     0.0010    13.6236    13.6242     10.899     11.058      0.285    1441.48    1441.50  0.000e+00
      15640     11.500     3.6304     3.6302    -0.0002    1.72155    1.71930          1     7.6657     7.7649      13.10     0.5518     0.3731  1.000e-12  0.3269000    17.5987    17.5738    -0.0249    13.9924    13.9726     11.395     11.560      0.298    1442.87    1442.84  0.000e+00
      15677     12.000     3.8515     3.8526     0.0011    1.77759    1.77641          1     6.9986     7.2444      12.62     0.5090     0.3470  1.000e-12  0.3262000    18.0995    18.0858    -0.0137    14.3782    14.3672     11.890     12.062      0.348    1444.50    1444.48  0.000e+00
      15711     12.500     4.1627     4.1246    -0.0409    1.86783    1.85295          1     6.5720     6.8743      12.09     0.5211     0.2930  1.000e-12  0.3555000    18.9203    18.7783    -0.1419    15.0103    14.9003     12.386     12.564      0.347    1446.91    1446.56  0.000e+00
      15748     13.000     5.9902     5.5460    -0.4417    2.47852    2.36187          1     6.1367     6.4362      11.57     0.4785     0.2850  1.000e-12  0.3899000    24.3657    23.4151    -0.9507    19.1547    18.4479     12.881     13.065      0.310    1461.47    1458.44  0.000e+00
      15786     13.500     7.9485     7.7374    -0.2111    3.27747    3.22253          1     5.2599     5.5215      11.08     0.2570     0.3181  1.000e-12  0.4903000    31.3694    30.9723    -0.3971    24.4308    24.1482     13.376     13.563      0.326    1478.00    1476.70  0.000e+00
      15819     14.000     8.1777     8.1723    -0.0056    3.38157    3.37994          1     5.1437     5.3226      10.58     0.1893     0.2861  1.000e-12  0.4976000    32.2660    32.2541    -0.0119    25.1016    25.0931     13.872     14.060      0.420    1479.99    1479.96  0.000e+00
      15846     14.500     8.2644     8.2587    -0.0056    3.40554    3.40389          1     5.1491     5.2710      10.12     0.1926     0.2618  1.000e-12  0.4974000    32.4392    32.4270    -0.0122    25.2246    25.2159     14.367     14.557      0.455    1480.54    1480.50  0.000e+00
      15874     15.000     8.1587     8.2294     0.0705    3.41187    3.41644          1     5.2277     5.3147       9.64     0.1661     0.2717  1.000e-12  0.5627000    32.6041    32.5868    -0.0172    25.3694    25.3456     14.863     15.053      0.370    1480.35    1480.60  0.000e+00
      15914     15.500     7.8046     7.8599     0.0554    3.38796    3.39351          1     5.5215     5.5256       9.08     0.1538     0.2679  1.000e-12  1.0364000    32.6794    32.6871     0.0076    25.4798    25.4779     15.358     15.550      0.288    1479.11    1479.33  0.000e+00
      15950     16.000     7.7221     7.7282     0.0061    3.38217    3.38266          1     5.6428     5.6374       8.61     0.1632     0.2661  1.000e-12  1.5708000    32.6946    32.6942    -0.0004    25.5035    25.5023     15.853     16.047      0.391    1478.82    1478.84  0.000e+00
      15979     16.500     7.7192     7.7215     0.0022    3.38162    3.38181          1     5.6451     5.6340       8.16     0.1756     0.3089  1.000e-12  1.8114000    32.6911    32.6911    -0.0001    25.5012    25.5008     16.349     16.543      0.410    1478.81    1478.82  0.000e+00
      16010     17.000     7.7184     7.7191     0.0007    3.38122    3.38127          1     5.6313     5.6226       7.66     0.1794     0.2855  1.000e-12  1.8608000    32.6874    32.6873    -0.0001    25.4984    25.4982     16.844     17.040      0.360    1478.82    1478.82  0.000e+00
      16046     17.500     7.7198     7.7208     0.0010    3.38116    3.38133          1     5.6120     5.6207       7.10     0.1607     0.3013  1.000e-12  1.9277000    32.6852    32.6861     0.0009    25.4964    25.4970     17.340     17.537      0.311    1478.82    1478.83  0.000e+00
      16086     18.000     7.7254     7.7233    -0.0021    3.38168    3.38145          1     5.6011     5.6087       6.56     0.1525     0.2695  1.000e-12  1.9175000    32.6854    32.6848    -0.0005    25.4958    25.4957     17.835     18.033      0.323    1478.85    1478.85  0.000e+00
      16118     18.500     7.7310     7.7314     0.0004    3.38223    3.38227          1     5.5981     5.6127       6.13     0.1734     0.2607  1.000e-12  1.9585000    32.6857    32.6858     0.0001    25.4952    25.4953     18.330     18.530      0.410    1478.89    1478.89  0.000e+00
      16147     19.000     7.7345     7.7340    -0.0006    3.38255    3.38254          1     5.5949     5.6082       5.66     0.1714     0.2955  1.000e-12  2.1003000    32.6856    32.6861     0.0005    25.4947    25.4951     18.826     19.026      0.414    1478.91    1478.91  0.000e+00
      16179     19.500     7.7373     7.7366    -0.0006    3.38279    3.38274          1     5.5919     5.5966       5.11     0.1687     0.2821  1.000e-12  2.1728000    32.6854    32.6855     0.0001    25.4941    25.4943     19.321     19.523      0.313    1478.93    1478.92  0.000e+00
      16227     20.000     7.7347     7.7350     0.0003    3.38254    3.38257          1     5.5839     5.5943       4.42     0.1694     0.3190  1.000e-12  2.0476000    32.6849    32.6850     0.0000    25.4941    25.4941     19.817     20.020      0.262    1478.92    1478.92  0.000e+00
      16262     20.500     7.7370     7.7369    -0.0002    3.38282    3.38279          1     5.5955     5.5938       3.91     0.1875     0.3094  1.000e-12  2.0929000    32.6854    32.6853    -0.0002    25.4942    25.4941     20.312     20.516      0.435    1478.94    1478.94  0.000e+00
      16287     21.000     7.7370     7.7374     0.0004    3.38285    3.38284          1     5.6026     5.6002       3.37     0.1725     0.2946  1.000e-12  2.2180000    32.6856    32.6851    -0.0004    25.4943    25.4939     20.807     21.013      0.425    1478.95    1478.95  0.000e+00
      16378     21.500     7.7327     7.7323    -0.0005    3.38245    3.38239          1     5.6013     5.5977       2.21     0.1819     0.3071  1.000e-12  2.0204000    32.6851    32.6849    -0.0002    25.4945    25.4945     21.303     21.509      0.154    1478.94    1478.94  0.000e+00
