ctdpy/exports/archive_20191120_135557/received_data/SBE09_1044_20181208_0436_34_01_0169.cnv
* Sea-Bird SBE 9 Data File:
* FileName = C:\ctd\temp\ar18d169.hex
* Software Version Seasave V 7.26.7.107
* Temperature SN = 5351
* Conductivity SN = 3941
* Number of Bytes Per Scan = 41
* Number of Voltage Words = 4
* Number of Scans Averaged by the Deck Unit = 1
* NMEA Latitude = 58 20.38 N
* NMEA Longitude = 011 01.72 E
* NMEA UTC (Time) = Dec 08 2018  04:36:40
* NMEA baud rate = 4800
** Station:  A13
** Operator:  JKro
** Ship: ARANDA
** Average sound velocity: 1483.47 m/s
** True-depth calculation Sun, 09 Dec 2018 17:36:03 +0000
** CTD Python Module SMHI /ver 3-12/ feb 2012 
** LIMS Job: 20183401-0169
** Cruise: SMHI-7-2018
** Latitude [GG MM.mm N]:
** Longitude [GG MM.mm E]
# nquan = 26
# nvalues = 179                         
# units = specified
# name 0 = scan: Scan Count
# name 1 = prDM: Pressure, Digiquartz [db]
# name 2 = t090C: Temperature [ITS-90, deg C]
# name 3 = t190C: Temperature, 2 [ITS-90, deg C]
# name 4 = T2-T190C: Temperature Difference, 2 - 1 [ITS-90, deg C]
# name 5 = c0S/m: Conductivity [S/m]
# name 6 = c1S/m: Conductivity, 2 [S/m]
# name 7 = pumps: Pump Status
# name 8 = sbeox0ML/L: Oxygen, SBE 43 [ml/l]
# name 9 = sbeox1ML/L: Oxygen, SBE 43, 2 [ml/l]
# name 10 = altM: Altimeter [m]
# name 11 = flECO-AFL: Chl-a Fluorescence, WET Labs ECO-AFL/FL [mg/m^3]
# name 12 = flECO-AFL1: Phycocyanin Fluorescence, WET Labs ECO-AFL/FL, 2 [mg/m^3]
# name 13 = par: PAR/Irradiance, Biospherical/Lico [µE/(cm^2*s)]
# name 14 = turbWETntu0: Turbidity, WET Labs ECO [NTU]
# name 15 = sal00: Salinity, Practical [PSU]
# name 16 = sal11: Salinity, Practical, 2 [PSU]
# name 17 = secS-priS: Salinity, Practical, Difference, 2 - 1 [PSU]
# name 18 = sigma-t00: Density [sigma-t, Kg/m^3 ]
# name 19 = sigma-t11: Density, 2 [sigma-t, Kg/m^3 ]
# name 20 = depSM: Depth [salt water, m], lat = 58.3397
# name 21 = depFM: Depth [true depth, m], lat = 58.3397
# name 22 = dz/dtM: Descent Rate [m/s], WS = 2
# name 23 = svCM: Sound Velocity [Chen-Millero, m/s]
# name 24 = svCM1: Sound Velocity, 2 [Chen-Millero, m/s]
# name 25 = flag: flag
# span 0 =      26630,      31721       
# span 1 =      1.000,     90.000       
# span 2 =     7.3080,     8.5182       
# span 3 =     7.3133,     8.5191       
# span 4 =    -0.0606,     0.0735       
# span 5 =   3.281639,   3.619599       
# span 6 =   3.282887,   3.619422       
# span 7 =          1,          1       
# span 8 =    6.16098,    6.68287       
# span 9 =    6.13631,    6.65571       
# span 10 =       2.53,      90.35      
# span 11 =     0.2197,     0.8478      
# span 12 =     0.1668,     0.3268      
# span 13 = 1.0000e-12, 4.6105e-02      
# span 14 =     0.2554,     1.3359      
# span 15 =    32.0051,    34.4374      
# span 16 =    32.0137,    34.4371      
# span 17 =    -0.1346,     0.1689      
# span 18 =    25.0191,    26.7549      
# span 19 =    25.0252,    26.7549      
# span 20 =      0.991,     89.144      
# span 21 =      0.994,     89.301      
# span 22 =     -0.180,      1.151      
# span 23 =    1476.13,    1485.16      
# span 24 =    1476.16,    1485.16      
# span 25 = 0.0000e+00, 0.0000e+00      
# interval = decibars: 0.5              
# start_time = Dec 08 2018 04:36:41 [NMEA time, first data scan]
# bad_flag = -9.990e-29
*END*
[from data line 112]
      29580     57.000     8.4986     8.5003     0.0016    3.60166    3.60188          1     6.3273     6.3284      35.65     0.3200     0.2450  1.000e-12  0.4334000    34.2724    34.2730     0.0006    26.6269    26.6271     56.462     56.564      1.151    1484.38    1484.39  0.000e+00
      29589     57.500     8.4849     8.4829    -0.0019    3.60038    3.60013          1     6.3328     6.3330      35.28     0.3213     0.2456  1.000e-12  0.5050000    34.2719    34.2712    -0.0007    26.6286    26.6284     56.958     57.060      1.110    1484.34    1484.33  0.000e+00
      29601     58.000     8.4711     8.4712     0.0000    3.59905    3.59911          1     6.3375     6.3359      34.79     0.3213     0.2554  1.000e-12  0.5157000    34.2709    34.2715     0.0006    26.6300    26.6304     57.453     57.556      0.880    1484.29    1484.30  0.000e+00
      29644     58.500     8.4771     8.4779     0.0008    3.59995    3.59994          1     6.3337     6.3246      34.16     0.2881     0.2536  1.000e-12  0.5202000    34.2744    34.2735    -0.0009    26.6318    26.6310     57.948     58.052      0.585    1484.33    1484.33  0.000e+00
      29701     59.000     8.4845     8.4857     0.0012    3.60102    3.60116          1     6.3160     6.3047      33.60     0.2969     0.2096  1.000e-12  0.4575000    34.2783    34.2786     0.0003    26.6337    26.6337     58.443     58.548      1.047    1484.37    1484.37  0.000e+00
      29711     59.500     8.4768     8.4764    -0.0003    3.60156    3.60158          1     6.3179     6.3067      33.25     0.3091     0.3118  1.000e-12  0.4860000    34.2914    34.2918     0.0005    26.6451    26.6456     58.939     59.044      1.119    1484.37    1484.37  0.000e+00
      29722     60.000     8.4534     8.4550     0.0015    3.60009    3.60023          1     6.3261     6.3117      32.94     0.3327     0.3223  1.000e-12  0.5381000    34.2982    34.2981    -0.0000    26.6541    26.6538     59.434     59.540      1.014    1484.29    1484.30  0.000e+00
      29736     60.500     8.4428     8.4441     0.0013    3.59975    3.59990          1     6.3308     6.3220      32.31     0.3135     0.2484  1.000e-12  0.5714000    34.3047    34.3050     0.0002    26.6609    26.6608     59.929     60.036      0.617    1484.27    1484.28  0.000e+00
      29825     61.000     8.4539     8.4572     0.0032    3.60004    3.60017          1     6.3041     6.2797      31.45     0.3334     0.1904  1.000e-12  0.4869000    34.2968    34.2950    -0.0018    26.6530    26.6510     60.424     60.532      0.939    1484.31    1484.32  0.000e+00
      29832     61.500     8.4033     8.4030    -0.0004    3.59765    3.59764          1     6.3050     6.2785      31.21     0.3335     0.1925  1.000e-12  0.4932000    34.3204    34.3206     0.0002    26.6792    26.6794     60.919     61.028      1.109    1484.16    1484.16  0.000e+00
      29842     62.000     8.4029     8.4043     0.0014    3.59918    3.59931          1     6.2971     6.2793      30.94     0.2845     0.1925  1.000e-12  0.5980000    34.3369    34.3369     0.0000    26.6922    26.6920     61.414     61.524      1.102    1484.18    1484.19  0.000e+00
      29853     62.500     8.4101     8.4110     0.0009    3.60055    3.60064          1     6.2942     6.2814      30.44     0.2485     0.1925  1.000e-12  0.6718000    34.3441    34.3442     0.0001    26.6968    26.6967     61.910     62.020      0.916    1484.23    1484.24  0.000e+00
      29885     63.000     8.4109     8.4114     0.0005    3.60052    3.60060          1     6.2965     6.2848      29.64     0.2833     0.2513  1.000e-12  0.6862000    34.3427    34.3431     0.0004    26.6955    26.6958     62.405     62.517      0.554    1484.24    1484.24  0.000e+00
      29950     63.500     8.4129     8.4150     0.0021    3.60050    3.60083          1     6.2897     6.2729      29.06     0.2969     0.2219  1.000e-12  0.5891000    34.3404    34.3419     0.0015    26.6934    26.6942     62.900     63.013      0.967    1484.25    1484.26  0.000e+00
      29960     64.000     8.4171     8.4180     0.0008    3.60204    3.60223          1     6.2815     6.2639      28.79     0.2969     0.2218  1.000e-12  0.5891000    34.3524    34.3536     0.0012    26.7022    26.7030     63.395     63.509      1.105    1484.29    1484.30  0.000e+00
      29970     64.500     8.4185     8.4165    -0.0020    3.60236    3.60214          1     6.2727     6.2572      28.39     0.2969     0.2007  1.000e-12  0.7188000    34.3541    34.3537    -0.0004    26.7033    26.7033     63.890     64.005      1.056    1484.31    1484.30  0.000e+00
      29982     65.000     8.4221     8.4229     0.0008    3.60290    3.60298          1     6.2667     6.2541      27.86     0.2969     0.1920  1.000e-12  0.7740000    34.3562    34.3563     0.0001    26.7044    26.7043     64.386     64.501      0.783    1484.33    1484.33  0.000e+00
      30039     65.500     8.4214     8.4220     0.0006    3.60271    3.60272          1     6.2653     6.2534      26.95     0.2788     0.1805  1.000e-12  0.7131000    34.3546    34.3542    -0.0004    26.7032    26.7028     64.881     64.997      0.475    1484.33    1484.34  0.000e+00
      30075     66.000     8.4239     8.4247     0.0008    3.60345    3.60355          1     6.2589     6.2470      26.66     0.2744     0.2173  1.000e-12  0.7183000    34.3599    34.3600     0.0002    26.7070    26.7070     65.376     65.493      0.829    1484.36    1484.36  0.000e+00
      30087     66.500     8.4256     8.4265     0.0008    3.60397    3.60408          1     6.2512     6.2429      26.27     0.2715     0.2470  1.000e-12  0.7287000    34.3633    34.3637     0.0004    26.7095    26.7096     65.871     65.989      0.885    1484.38    1484.38  0.000e+00
      30101     67.000     8.4267     8.4274     0.0008    3.60461    3.60470          1     6.2436     6.2366      25.70     0.2725     0.2205  1.000e-12  0.8453000    34.3689    34.3691     0.0002    26.7136    26.7137     66.366     66.485      0.727    1484.40    1484.40  0.000e+00
      30138     67.500     8.4266     8.4274     0.0008    3.60455    3.60462          1     6.2449     6.2362      24.63     0.2733     0.2199  1.000e-12  0.8317000    34.3681    34.3680    -0.0001    26.7131    26.7129     66.862     66.981      0.359    1484.40    1484.41  0.000e+00
      30183     68.000     8.4181     8.4149    -0.0032    3.60428    3.60427          1     6.2446     6.2237      24.17     0.2943     0.2186  1.000e-12  0.7856000    34.3733    34.3764     0.0031    26.7184    26.7213     67.357     67.477      0.623    1484.39    1484.38  0.000e+00
      30196     68.500     8.4032     8.4035     0.0002    3.60440    3.60437          1     6.2312     6.2085      24.05     0.2917     0.2076  1.000e-12  0.8515000    34.3889    34.3883    -0.0006    26.7329    26.7325     67.852     67.973      0.815    1484.36    1484.36  0.000e+00
      30210     69.000     8.4261     8.4248    -0.0013    3.60879    3.60846          1     6.2171     6.1939      23.73     0.2850     0.2208  1.000e-12  0.9452000    34.4128    34.4106    -0.0021    26.7482    26.7467     68.347     68.469      0.798    1484.48    1484.47  0.000e+00
      30227     69.500     8.4301     8.4308     0.0007    3.60942    3.60948          1     6.2100     6.1854      23.28     0.2608     0.2263  1.000e-12  1.0271000    34.4154    34.4154    -0.0000    26.7496    26.7495     68.842     68.965      0.532    1484.51    1484.51  0.000e+00
      30293     70.000     8.4250     8.4263     0.0013    3.60816    3.60835          1     6.2121     6.1955      22.34     0.2393     0.2392  1.000e-12  0.8654000    34.4068    34.4075     0.0007    26.7436    26.7440     69.338     69.461      0.400    1484.49    1484.49  0.000e+00
      30312     70.500     8.4339     8.4348     0.0009    3.61008    3.61017          1     6.1987     6.1944      22.08     0.2605     0.2582  1.000e-12  0.9804000    34.4182    34.4183     0.0001    26.7512    26.7512     69.833     69.957      0.786    1484.54    1484.55  0.000e+00
      30325     71.000     8.4347     8.4359     0.0011    3.61018    3.61035          1     6.1953     6.1943      21.75     0.2444     0.2657  1.000e-12  1.0624000    34.4182    34.4189     0.0007    26.7511    26.7515     70.328     70.453      0.879    1484.55    1484.56  0.000e+00
      30338     71.500     8.4357     8.4367     0.0010    3.61035    3.61047          1     6.1912     6.1939      21.39     0.2243     0.2630  1.000e-12  1.1600000    34.4188    34.4191     0.0003    26.7514    26.7515     70.823     70.949      0.804    1484.57    1484.57  0.000e+00
      30357     72.000     8.4367     8.4375     0.0009    3.61046    3.61054          1     6.1906     6.1921      20.75     0.2506     0.2478  1.000e-12  1.1675000    34.4188    34.4188     0.0000    26.7513    26.7512     71.318     71.445      0.473    1484.58    1484.58  0.000e+00
      30428     72.500     8.4360     8.4362     0.0003    3.61038    3.61043          1     6.1878     6.1786      19.85     0.2496     0.2031  1.000e-12  1.0068000    34.4185    34.4186     0.0002    26.7511    26.7512     71.814     71.941      0.391    1484.58    1484.58  0.000e+00
      30444     73.000     8.4367     8.4387     0.0020    3.61052    3.61076          1     6.1900     6.1687      19.64     0.2851     0.1958  1.000e-12  1.0504000    34.4189    34.4196     0.0006    26.7514    26.7516     72.309     72.437      0.691    1484.59    1484.60  0.000e+00
      30460     73.500     8.4364     8.4392     0.0027    3.61051    3.61084          1     6.1929     6.1746      19.25     0.2385     0.2044  1.000e-12  1.2198000    34.4188    34.4197     0.0008    26.7513    26.7515     72.804     72.933      0.755    1484.60    1484.61  0.000e+00
      30476     74.000     8.4379     8.4393     0.0014    3.61070    3.61080          1     6.1943     6.1859      18.81     0.2479     0.2894  1.000e-12  1.1922000    34.4193    34.4189    -0.0003    26.7514    26.7510     73.299     73.429      0.691    1484.62    1484.62  0.000e+00
      30497     74.500     8.4372     8.4392     0.0020    3.61064    3.61084          1     6.1940     6.1929      18.25     0.2608     0.2505  1.000e-12  1.1260000    34.4190    34.4193     0.0002    26.7514    26.7512     73.794     73.925      0.422    1484.62    1484.63  0.000e+00
      30555     75.000     8.4384     8.4374    -0.0011    3.61079    3.61066          1     6.1887     6.1842      17.44     0.2604     0.1675  1.000e-12  1.0181000    34.4192    34.4188    -0.0005    26.7513    26.7511     74.289     74.421      0.386    1484.63    1484.63  0.000e+00
      30578     75.500     8.4377     8.4387     0.0011    3.61084    3.61097          1     6.1887     6.1875      17.08     0.2564     0.2437  1.000e-12  1.0322000    34.4202    34.4206     0.0004    26.7522    26.7523     74.785     74.917      0.686    1484.64    1484.64  0.000e+00
      30593     76.000     8.4386     8.4418     0.0031    3.61084    3.61121          1     6.1906     6.1877      16.71     0.2480     0.2337  1.000e-12  1.1218000    34.4191    34.4199     0.0009    26.7512    26.7514     75.280     75.413      0.761    1484.65    1484.66  0.000e+00
      30609     76.500     8.4261     8.4320     0.0059    3.60945    3.61011          1     6.1975     6.1899      16.24     0.2488     0.2077  1.000e-12  1.1735000    34.4163    34.4176     0.0012    26.7509    26.7510     75.775     75.909      0.661    1484.61    1484.63  0.000e+00
      30633     77.000     8.4251     8.4290     0.0038    3.60930    3.60974          1     6.1970     6.1858      15.63     0.2414     0.2077  1.000e-12  1.0948000    34.4154    34.4164     0.0010    26.7504    26.7506     76.270     76.405      0.427    1484.61    1484.63  0.000e+00
      30666     77.500     8.4312     8.4318     0.0006    3.61000    3.61009          1     6.1952     6.1739      15.02     0.2550     0.2420  1.000e-12  1.0109000    34.4166    34.4171     0.0004    26.7504    26.7507     76.765     76.901      0.404    1484.64    1484.65  0.000e+00
      30691     78.000     8.4286     8.4302     0.0015    3.60979    3.60994          1     6.1988     6.1886      14.60     0.2712     0.2748  1.000e-12  1.0492000    34.4167    34.4167     0.0001    26.7508    26.7507     77.260     77.397      0.523    1484.64    1484.65  0.000e+00
      30714     78.500     8.4377     8.4392     0.0015    3.61076    3.61087          1     6.1935     6.1832      13.97     0.2903     0.2237  1.000e-12  1.0660000    34.4179    34.4176    -0.0003    26.7504    26.7500     77.756     77.893      0.462    1484.69    1484.69  0.000e+00
      30751     79.000     8.4485     8.4444    -0.0041    3.61210    3.61158          1     6.1910     6.1875      13.24     0.2535     0.2381  1.000e-12  1.1035000    34.4213    34.4198    -0.0014    26.7514    26.7509     78.251     78.389      0.271    1484.74    1484.72  0.000e+00
      30792     79.500     8.4709     8.4660    -0.0049    3.61481    3.61424          1     6.1767     6.1700      12.64     0.2529     0.2072  1.000e-12  1.0777000    34.4278    34.4266    -0.0012    26.7531    26.7529     78.746     78.885      0.527    1484.84    1484.82  0.000e+00
      30809     80.000     8.4641     8.4649     0.0007    3.61393    3.61413          1     6.1813     6.1675      12.60     0.2530     0.2067  1.000e-12  1.1411000    34.4250    34.4264     0.0014    26.7519    26.7529     79.241     79.381      0.789    1484.82    1484.82  0.000e+00
      30822     80.500     8.4640     8.4614    -0.0025    3.61411    3.61388          1     6.1813     6.1683      12.33     0.2603     0.2071  1.000e-12  1.2841000    34.4267    34.4269     0.0002    26.7532    26.7539     79.736     79.877      0.898    1484.83    1484.82  0.000e+00
      30835     81.000     8.4731     8.4751     0.0020    3.61521    3.61546          1     6.1767     6.1655      11.95     0.2549     0.2246  1.000e-12  1.2919000    34.4294    34.4300     0.0006    26.7540    26.7541     80.231     80.373      0.865    1484.87    1484.88  0.000e+00
      30850     81.500     8.4836     8.4834    -0.0003    3.61642    3.61640          1     6.1746     6.1632      11.40     0.2492     0.2339  1.000e-12  1.3026000    34.4316    34.4317     0.0000    26.7541    26.7542     80.727     80.869      0.630    1484.92    1484.93  0.000e+00
      30916     82.000     8.4669     8.4673     0.0004    3.61447    3.61445          1     6.1747     6.1651      10.49     0.2197     0.2280  1.000e-12  1.1112000    34.4270    34.4264    -0.0005    26.7530    26.7525     81.222     81.365      0.415    1484.86    1484.87  0.000e+00
      30945     82.500     8.4578     8.4605     0.0026    3.61343    3.61373          1     6.1830     6.1729      10.27     0.3447     0.2073  1.000e-12  1.1325000    34.4247    34.4252     0.0004    26.7527    26.7526     81.717     81.861      0.797    1484.84    1484.85  0.000e+00
      30958     83.000     8.4542     8.4545     0.0002    3.61304    3.61307          1     6.1850     6.1710       9.93     0.3357     0.2112  1.000e-12  1.1498000    34.4238    34.4239     0.0001    26.7525    26.7525     82.212     82.357      0.908    1484.83    1484.83  0.000e+00
      30971     83.500     8.4679     8.4684     0.0005    3.61478    3.61491          1     6.1811     6.1578       9.44     0.2240     0.2302  1.000e-12  1.2995000    34.4286    34.4295     0.0009    26.7542    26.7548     82.707     82.853      0.866    1484.89    1484.90  0.000e+00
      30986     84.000     8.4826     8.4803    -0.0023    3.61633    3.61605          1     6.1766     6.1517       8.89     0.2514     0.2349  1.000e-12  1.2912000    34.4305    34.4298    -0.0007    26.7534    26.7532     83.202     83.349      0.631    1484.96    1484.95  0.000e+00
