ctdpy/exports/archive_20191120_135557/received_data/SBE09_0745_20181210_1823_34_01_0179.cnv
* Sea-Bird SBE 9 Data File:
* FileName = C:\ctd\temp\ar18d179.hex
* Software Version Seasave V 7.26.7.107
* Temperature SN = 4387
* Conductivity SN = 2994
* Number of Bytes Per Scan = 41
* Number of Voltage Words = 4
* Number of Scans Averaged by the Deck Unit = 1
* NMEA Latitude = 58 56.03 N
* NMEA Longitude = 019 09.27 E
* NMEA UTC (Time) = Dec 10 2018  18:23:12
* NMEA baud rate = 4800
** Station:  Huvudskar Ost
** Operator:  OBac
** Ship: ARANDA
** Average sound velocity: 1439.61 m/s
** True-depth calculation Mon, 10 Dec 2018 18:58:17 +0000
** CTD Python Module SMHI /ver 3-12/ feb 2012 
** LIMS Job: 20183401-0179
** Cruise: SMHI-7-2018
** Latitude [GG MM.mm N]:
** Longitude [GG MM.mm E]:
# nquan = 26
# nvalues = 165                         
# units = specified
# name 0 = scan: Scan Count
# name 1 = prDM: Pressure, Digiquartz [db]
# name 2 = t090C: Temperature [ITS-90, deg C]
# name 3 = t190C: Temperature, 2 [ITS-90, deg C]
# name 4 = T2-T190C: Temperature Difference, 2 - 1 [ITS-90, deg C]
# name 5 = c0S/m: Conductivity [S/m]
# name 6 = c1S/m: Conductivity, 2 [S/m]
# name 7 = pumps: Pump Status
# name 8 = sbeox0ML/L: Oxygen, SBE 43 [ml/l]
# name 9 = sbeox1ML/L: Oxygen, SBE 43, 2 [ml/l]
# name 10 = altM: Altimeter [m]
# name 11 = flECO-AFL: Chl-a Fluorescence, WET Labs ECO-AFL/FL [mg/m^3]
# name 12 = flECO-AFL1: Phycocyanin Fluorescence, WET Labs ECO-AFL/FL, 2 [mg/m^3]
# name 13 = par: PAR/Irradiance, Biospherical/Lico [µE/(cm^2*s)]
# name 14 = turbWETntu0: Turbidity, WET Labs ECO [NTU]
# name 15 = sal00: Salinity, Practical [PSU]
# name 16 = sal11: Salinity, Practical, 2 [PSU]
# name 17 = secS-priS: Salinity, Practical, Difference, 2 - 1 [PSU]
# name 18 = sigma-t00: Density [sigma-t, Kg/m^3 ]
# name 19 = sigma-t11: Density, 2 [sigma-t, Kg/m^3 ]
# name 20 = depSM: Depth [salt water, m], lat = 58.9338
# name 21 = depFM: Depth [true depth, m], lat = 58.9338
# name 22 = dz/dtM: Descent Rate [m/s], WS = 2
# name 23 = svCM: Sound Velocity [Chen-Millero, m/s]
# name 24 = svCM1: Sound Velocity, 2 [Chen-Millero, m/s]
# name 25 = flag: flag
# span 0 =      11590,      15566       
# span 1 =      1.500,     83.500       
# span 2 =     4.1734,     6.9764       
# span 3 =     4.1738,     6.9059       
# span 4 =    -0.0703,     0.0100       
# span 5 =   0.785478,   1.044305       
# span 6 =   0.785530,   1.044453       
# span 7 =          1,          1       
# span 8 =    0.68016,    7.92589       
# span 9 =    0.71016,    7.89008       
# span 10 =       4.01,      88.78      
# span 11 =     0.2580,     0.3677      
# span 12 =     0.1553,     0.3161      
# span 13 = -2.998e-04, 7.2519e-02      
# span 14 =     0.1269,     0.3492      
# span 15 =     6.8879,     9.7433      
# span 16 =     6.8889,     9.7446      
# span 17 =    -0.0023,     0.0024      
# span 18 =     5.3468,     7.6929      
# span 19 =     5.3500,     7.6939      
# span 20 =      1.486,     82.703      
# span 21 =      1.520,     84.545      
# span 22 =      0.026,      0.716      
# span 23 =    1433.42,    1443.58      
# span 24 =    1433.43,    1443.28      
# span 25 = 0.0000e+00, 0.0000e+00      
# interval = decibars: 0.5              
# start_time = Dec 10 2018 18:23:12 [NMEA time, first data scan]
# bad_flag = -9.990e-29
*END*
[from data line 112]
      14157     57.500     4.2253     4.2303     0.0050    0.81419    0.81419          1     5.3627     5.3439      31.67     0.2854     0.2255  1.000e-12  0.1508000     7.6879     7.6867    -0.0012     6.1053     6.1042     56.955     58.246      0.667    1433.54    1433.56  0.000e+00
      14175     58.000     4.1821     4.1832     0.0011    0.81840    0.81840          1     5.2092     5.1723      31.11     0.2803     0.2195  1.000e-12  0.1505000     7.7406     7.7404    -0.0003     6.1485     6.1482     57.450     58.752      0.615    1433.42    1433.43  0.000e+00
      14196     58.500     4.1759     4.1765     0.0005    0.82337    0.82317          1     5.0349     4.9896      30.56     0.2932     0.2199  1.000e-12  0.1439000     7.7925     7.7904    -0.0022     6.1898     6.1881     57.945     59.258      0.495    1433.47    1433.47  0.000e+00
      14225     59.000     4.1840     4.1841     0.0001    0.82704    0.82696          1     4.8796     4.8480      29.89     0.3006     0.2192  1.000e-12  0.1356000     7.8279     7.8271    -0.0009     6.2177     6.2170     58.440     59.764      0.411    1433.56    1433.56  0.000e+00
      14252     59.500     4.1894     4.1899     0.0004    0.82903    0.82918          1     4.7900     4.7801      29.37     0.2758     0.2103  1.000e-12  0.1473000     7.8469     7.8482     0.0014     6.2326     6.2337     58.936     60.270      0.514    1433.62    1433.62  0.000e+00
      14273     60.000     4.1843     4.1848     0.0005    0.83132    0.83146          1     4.7419     4.7350      28.92     0.2580     0.2250  1.000e-12  0.1507000     7.8713     7.8725     0.0012     6.2521     6.2531     59.431     60.777      0.637    1433.63    1433.63  0.000e+00
      14290     60.500     4.1819     4.1824     0.0005    0.83193    0.83209          1     4.7011     4.6989      28.46     0.2933     0.2655  1.000e-12  0.1458000     7.8780     7.8795     0.0014     6.2575     6.2587     59.926     61.283      0.677    1433.64    1433.64  0.000e+00
      14308     61.000     4.1823     4.1828     0.0006    0.83281    0.83290          1     4.6636     4.6688      28.02     0.2842     0.2753  1.000e-12  0.1487000     7.8868     7.8876     0.0008     6.2645     6.2651     60.421     61.789      0.633    1433.66    1433.66  0.000e+00
      14329     61.500     4.1836     4.1843     0.0007    0.83497    0.83498          1     4.6090     4.6119      27.40     0.2727     0.2336  1.000e-12  0.1512000     7.9084     7.9083    -0.0001     6.2816     6.2815     60.916     62.295      0.518    1433.70    1433.70  0.000e+00
      14356     62.000     4.1826     4.1835     0.0009    0.84003    0.83986          1     4.4729     4.4565      26.78     0.2771     0.1739  1.000e-12  0.1562000     7.9601     7.9581    -0.0020     6.3227     6.3211     61.411     62.801      0.436    1433.77    1433.77  0.000e+00
      14382     62.500     4.1786     4.1795     0.0009    0.85021    0.85001          1     4.2372     4.1842      26.27     0.2897     0.2104  1.000e-12  0.1563000     8.0648     8.0625    -0.0023     6.4059     6.4040     61.907     63.307      0.518    1433.89    1433.89  0.000e+00
      14403     63.000     4.1734     4.1738     0.0005    0.85805    0.85816          1     4.0158     3.9508      25.79     0.2957     0.2423  1.000e-12  0.1463000     8.1460     8.1470     0.0010     6.4705     6.4713     62.402     63.813      0.615    1433.98    1433.99  0.000e+00
      14422     63.500     4.1818     4.1812    -0.0005    0.86167    0.86167          1     3.8520     3.7883      25.38     0.2849     0.2112  1.000e-12  0.1514000     8.1808     8.1810     0.0001     6.4979     6.4980     62.897     64.319      0.627    1434.07    1434.07  0.000e+00
      14442     64.000     4.2049     4.2042    -0.0007    0.86609    0.86608          1     3.7157     3.6659      24.81     0.2858     0.2448  1.000e-12  0.1364000     8.2201     8.2201     0.0000     6.5284     6.5284     63.392     64.825      0.567    1434.23    1434.23  0.000e+00
      14465     64.500     4.2235     4.2226    -0.0009    0.86935    0.86928          1     3.5957     3.5649      24.26     0.2847     0.2163  1.000e-12  0.1320000     8.2486     8.2482    -0.0004     6.5504     6.5501     63.887     65.331      0.502    1434.36    1434.36  0.000e+00
      14489     65.000     4.2482     4.2476    -0.0007    0.87323    0.87322          1     3.4971     3.4722      23.68     0.2810     0.2230  1.000e-12  0.1327000     8.2819     8.2820     0.0002     6.5761     6.5762     64.383     65.837      0.518    1434.52    1434.52  0.000e+00
      14511     65.500     4.2588     4.2590     0.0002    0.87475    0.87484          1     3.4208     3.4110      23.13     0.2939     0.2432  1.000e-12  0.1353000     8.2948     8.2955     0.0008     6.5860     6.5866     64.878     66.343      0.571    1434.59    1434.60  0.000e+00
      14531     66.000     4.2651     4.2661     0.0010    0.87556    0.87571          1     3.3720     3.3698      22.67     0.3100     0.2480  1.000e-12  0.1406000     8.3013     8.3026     0.0013     6.5910     6.5920     65.373     66.849      0.597    1434.64    1434.65  0.000e+00
      14551     66.500     4.2715     4.2711    -0.0005    0.87623    0.87625          1     3.3354     3.3384      22.08     0.2936     0.2137  1.000e-12  0.1451000     8.3065     8.3068     0.0003     6.5949     6.5951     65.868     67.355      0.587    1434.68    1434.68  0.000e+00
      14572     67.000     4.2874     4.2869    -0.0005    0.87809    0.87816          1     3.2694     3.2700      21.60     0.3061     0.2428  1.000e-12  0.1397000     8.3213     8.3221     0.0009     6.6061     6.6068     66.363     67.861      0.544    1434.78    1434.78  0.000e+00
      14596     67.500     4.3430     4.3408    -0.0023    0.88597    0.88594          1     3.1257     3.1072      21.00     0.2844     0.2514  1.000e-12  0.1438000     8.3875     8.3876     0.0002     6.6568     6.6570     66.858     68.367      0.475    1435.12    1435.11  0.000e+00
      14623     68.000     4.3979     4.3964    -0.0015    0.89476    0.89471          1     2.9281     2.8806      20.44     0.2908     0.2126  1.000e-12  0.1303000     8.4628     8.4627    -0.0001     6.7147     6.7147     67.354     68.872      0.467    1435.47    1435.46  0.000e+00
      14646     68.500     4.4520     4.4512    -0.0008    0.90480    0.90482          1     2.7502     2.6942      19.98     0.3047     0.2006  1.000e-12  0.1365000     8.5509     8.5513     0.0004     6.7828     6.7831     67.849     69.378      0.573    1435.83    1435.83  0.000e+00
      14665     69.000     4.5092     4.5081    -0.0011    0.91351    0.91356          1     2.5940     2.5464      19.49     0.3092     0.2046  1.000e-12  0.1393000     8.6245     8.6253     0.0008     6.8390     6.8397     68.344     69.884      0.666    1436.19    1436.18  0.000e+00
      14683     69.500     4.5659     4.5659    -0.0001    0.92092    0.92105          1     2.4851     2.4398      19.06     0.3084     0.2365  1.000e-12  0.1394000     8.6849     8.6862     0.0013     6.8848     6.8858     68.839     70.390      0.668    1436.52    1436.52  0.000e+00
      14701     70.000     4.5832     4.5837     0.0004    0.92281    0.92292          1     2.4072     2.3798      18.49     0.2961     0.1930  1.000e-12  0.1446000     8.6994     8.7004     0.0010     6.8957     6.8964     69.334     70.896      0.576    1436.63    1436.63  0.000e+00
      14726     70.500     4.5878     4.5875    -0.0003    0.92327    0.92332          1     2.3614     2.3647      17.90     0.3178     0.2437  1.000e-12  0.1505000     8.7029     8.7034     0.0006     6.8982     6.8987     69.829     71.401      0.442    1436.66    1436.66  0.000e+00
      14755     71.000     4.5999     4.5997    -0.0002    0.92454    0.92463          1     2.3432     2.3548      17.29     0.3214     0.2414  1.000e-12  0.1452000     8.7125     8.7134     0.0010     6.9054     6.9062     70.325     71.907      0.441    1436.73    1436.73  0.000e+00
      14780     71.500     4.6620     4.6603    -0.0018    0.93375    0.93379          1     2.2668     2.2574      16.81     0.3213     0.2065  1.000e-12  0.1510000     8.7893     8.7902     0.0009     6.9639     6.9647     70.820     72.413      0.550    1437.11    1437.11  0.000e+00
      14800     72.000     4.7177     4.7175    -0.0002    0.94245    0.94263          1     2.1589     2.1408      16.39     0.3004     0.2177  1.000e-12  0.1512000     8.8626     8.8644     0.0019     7.0197     7.0212     71.315     72.919      0.608    1437.46    1437.46  0.000e+00
      14819     72.500     4.7388     4.7383    -0.0005    0.94584    0.94590          1     2.0535     2.0313      15.84     0.2969     0.2391  1.000e-12  0.1617000     8.8912     8.8919     0.0007     7.0415     7.0421     71.810     73.424      0.596    1437.60    1437.60  0.000e+00
      14840     73.000     4.7809     4.7797    -0.0012    0.95364    0.95361          1     1.9474     1.9204      15.36     0.2969     0.2515  1.000e-12  0.1650000     8.9587     8.9588     0.0001     7.0933     7.0934     72.305     73.930      0.550    1437.88    1437.87  0.000e+00
      14863     73.500     4.8109     4.8098    -0.0011    0.95870    0.95878          1     1.8397     1.8146      14.76     0.2932     0.2295  1.000e-12  0.1604000     9.0017     9.0028     0.0011     7.1261     7.1270     72.800     74.436      0.526    1438.07    1438.07  0.000e+00
      14886     74.000     4.8598     4.8584    -0.0014    0.96771    0.96779          1     1.7266     1.7009      14.25     0.2858     0.2351  1.000e-12  0.1705000     9.0794     9.0806     0.0012     7.1855     7.1865     73.295     74.941      0.539    1438.39    1438.39  0.000e+00
      14908     74.500     4.8997     4.8993    -0.0004    0.97567    0.97573          1     1.6087     1.5782      13.76     0.3091     0.2904  1.000e-12  0.1817000     9.1488     9.1496     0.0008     7.2387     7.2394     73.791     75.447      0.550    1438.66    1438.67  0.000e+00
      14929     75.000     4.9522     4.9503    -0.0018    0.98567    0.98577          1     1.4774     1.4421      13.24     0.2750     0.2989  1.000e-12  0.1820000     9.2352     9.2368     0.0016     7.3048     7.3061     74.286     75.953      0.548    1439.01    1439.01  0.000e+00
      14951     75.500     5.0027     5.0033     0.0006    0.99559    0.99584          1     1.3348     1.2985      12.75     0.3006     0.2587  1.000e-12  0.1955000     9.3212     9.3236     0.0024     7.3705     7.3724     74.781     76.458      0.544    1439.35    1439.36  0.000e+00
      14973     76.000     5.0394     5.0393    -0.0001    1.00405    1.00410          1     1.2038     1.1692      12.17     0.3168     0.2334  1.000e-12  0.2072000     9.3962     9.3967     0.0005     7.4282     7.4286     75.276     76.964      0.543    1439.62    1439.62  0.000e+00
      14996     76.500     5.0555     5.0559     0.0004    1.00865    1.00870          1     1.1159     1.0927      11.61     0.3213     0.1553  1.000e-12  0.2290000     9.4380     9.4384     0.0004     7.4605     7.4608     75.771     77.469      0.533    1439.75    1439.75  0.000e+00
      15018     77.000     5.0576     5.0582     0.0005    1.01081    1.01092          1     1.0603     1.0569      11.08     0.3172     0.2229  1.000e-12  0.2647000     9.4591     9.4600     0.0009     7.4770     7.4778     76.266     77.975      0.518    1439.79    1439.79  0.000e+00
      15042     77.500     5.0625     5.0628     0.0003    1.01242    1.01247          1     1.0316     1.0404      10.61     0.3129     0.2691  1.000e-12  0.2988000     9.4738     9.4743     0.0004     7.4885     7.4888     76.762     78.480      0.531    1439.84    1439.84  0.000e+00
      15064     78.000     5.0717     5.0716    -0.0001    1.01417    1.01420          1     1.0046     1.0160      10.12     0.3213     0.2347  1.000e-12  0.3178000     9.4888     9.4892     0.0003     7.4999     7.5002     77.257     78.986      0.571    1439.91    1439.91  0.000e+00
      15084     78.500     5.0999     5.0995    -0.0004    1.01979    1.01985          1     0.9596     0.9661       9.60     0.3213     0.2102  1.000e-12  0.3408000     9.5374     9.5381     0.0007     7.5370     7.5375     77.752     79.491      0.582    1440.10    1440.10  0.000e+00
      15105     79.000     5.1294     5.1296     0.0002    1.02545    1.02558          1     0.9014     0.9039       9.03     0.3311     0.2352  1.000e-12  0.3266000     9.5859     9.5872     0.0013     7.5739     7.5749     78.247     79.997      0.531    1440.30    1440.30  0.000e+00
      15130     79.500     5.1595     5.1587    -0.0008    1.03126    1.03123          1     0.8399     0.8425       8.44     0.3335     0.2240  1.000e-12  0.3314000     9.6357     9.6356    -0.0001     7.6118     7.6118     78.742     80.502      0.480    1440.50    1440.50  0.000e+00
      15154     80.000     5.1851     5.1855     0.0003    1.03447    1.03454          1     0.8093     0.8194       7.99     0.3164     0.2106  1.000e-12  0.3310000     9.6605     9.6612     0.0006     7.6302     7.6307     79.237     81.008      0.539    1440.65    1440.65  0.000e+00
      15175     80.500     5.2012     5.2007    -0.0004    1.03621    1.03628          1     0.8003     0.8185       7.52     0.3089     0.2333  1.000e-12  0.3317000     9.6733     9.6742     0.0008     7.6395     7.6402     79.732     81.513      0.630    1440.74    1440.74  0.000e+00
      15193     81.000     5.2147     5.2147    -0.0000    1.03878    1.03888          1     0.7860     0.8093       7.07     0.3105     0.2430  1.000e-12  0.3348000     9.6952     9.6962     0.0010     7.6561     7.6570     80.227     82.018      0.647    1440.84    1440.84  0.000e+00
      15212     81.500     5.2262     5.2269     0.0007    1.04111    1.04120          1     0.7631     0.7858       6.47     0.3332     0.2550  1.000e-12  0.3233000     9.7153     9.7159     0.0007     7.6714     7.6719     80.723     82.524      0.577    1440.92    1440.93  0.000e+00
      15235     82.000     5.2258     5.2265     0.0006    1.04174    1.04179          1     0.7422     0.7624       5.86     0.3228     0.2639  1.000e-12  0.3492000     9.7217     9.7219     0.0003     7.6765     7.6767     81.218     83.029      0.468    1440.94    1440.94  0.000e+00
      15263     82.500     5.2257     5.2266     0.0008    1.04169    1.04187          1     0.7318     0.7511       5.27     0.3208     0.2423  1.000e-12  0.3255000     9.7211     9.7227     0.0016     7.6761     7.6773     81.713     83.534      0.451    1440.94    1440.95  0.000e+00
      15288     83.000     5.2292     5.2299     0.0007    1.04241    1.04252          1     0.7196     0.7444       4.77     0.3330     0.1979  1.000e-12  0.3346000     9.7272     9.7282     0.0010     7.6807     7.6814     82.208     84.040      0.468    1440.98    1440.98  0.000e+00
      15566     83.500     5.2392     5.2400     0.0008    1.04431    1.04445          1     0.6802     0.7102       4.01     0.3246     0.2200  1.000e-12  0.3275000     9.7433     9.7446     0.0013     7.6929     7.6939     82.703     84.545      0.026    1441.05    1441.05  0.000e+00
