ctdpy/exports/archive_20191120_135557/received_data/SBE09_1044_20180203_1909_34_02_0054.cnv
* Sea-Bird SBE 9 Data File:
* FileName = C:\ctd\temp\2018\ME18D054.hex
* Software Version Seasave V 7.26.6.26
* Temperature SN = 5351
* Conductivity SN = 3941
* Number of Bytes Per Scan = 41
* Number of Voltage Words = 4
* Number of Scans Averaged by the Deck Unit = 1
* NMEA Latitude = 58 18.92 N
* NMEA Longitude = 010 56.51 E
* NMEA UTC (Time) = Feb 03 2018  19:09:35
* NMEA baud rate = 4800
** Station:  A14
** Operator:  SSip
** Ship: MERI
** Average sound velocity: 1474.13 m/s
** True-depth calculation Sat, 03 Feb 2018 21:29:02 +0000
** CTD Python Module SMHI /ver 3-12/ feb 2012 
** LIMS Job: 20183402-0054
** Cruise: SMHI-01-2018
** Latitude [GG MM.mm N] :
** Longitude [GG MM.mm E]:
# nquan = 26
# nvalues = 209                         
# units = specified
# name 0 = scan: Scan Count
# name 1 = prDM: Pressure, Digiquartz [db]
# name 2 = t090C: Temperature [ITS-90, deg C]
# name 3 = t190C: Temperature, 2 [ITS-90, deg C]
# name 4 = T2-T190C: Temperature Difference, 2 - 1 [ITS-90, deg C]
# name 5 = c0S/m: Conductivity [S/m]
# name 6 = c1S/m: Conductivity, 2 [S/m]
# name 7 = pumps: Pump Status
# name 8 = sbeox0ML/L: Oxygen, SBE 43 [ml/l]
# name 9 = sbeox1ML/L: Oxygen, SBE 43, 2 [ml/l]
# name 10 = altM: Altimeter [m]
# name 11 = flECO-AFL: Chl-a Fluorescence, WET Labs ECO-AFL/FL [mg/m^3]
# name 12 = flECO-AFL1: Phycocyanin Fluorescence, WET Labs ECO-AFL/FL, 2 [mg/m^3]
# name 13 = par: PAR/Irradiance, Biospherical/Lico [µE/(cm^2*s)]
# name 14 = turbWETntu0: Turbidity, WET Labs ECO [NTU]
# name 15 = sal00: Salinity, Practical [PSU]
# name 16 = sal11: Salinity, Practical, 2 [PSU]
# name 17 = secS-priS: Salinity, Practical, Difference, 2 - 1 [PSU]
# name 18 = sigma-t00: Density [sigma-t, Kg/m^3 ]
# name 19 = sigma-t11: Density, 2 [sigma-t, Kg/m^3 ]
# name 20 = depSM: Depth [salt water, m], lat = 58.3153
# name 21 = depFM: Depth [true depth, m], lat = 58.3153
# name 22 = dz/dtM: Descent Rate [m/s], WS = 2
# name 23 = svCM: Sound Velocity [Chen-Millero, m/s]
# name 24 = svCM1: Sound Velocity, 2 [Chen-Millero, m/s]
# name 25 = flag: flag
# span 0 =       8891,      14640       
# span 1 =      3.000,    107.000       
# span 2 =     3.6207,     6.8741       
# span 3 =     3.6215,     6.8727       
# span 4 =    -0.0706,     0.0245       
# span 5 =   2.693975,   3.489061       
# span 6 =   2.694099,   3.489096       
# span 7 =          1,          1       
# span 8 =    6.26096,    7.24660       
# span 9 =    6.28820,    7.24184       
# span 10 =       2.46,      98.88      
# span 11 =     0.2108,     0.8536      
# span 12 =     0.3044,     0.4721      
# span 13 = -6.641e-05, 5.5481e-02      
# span 14 =     0.5171,     1.9657      
# span 15 =    28.7271,    34.6651      
# span 16 =    28.7279,    34.6670      
# span 17 =    -0.0506,     0.0687      
# span 18 =    22.8322,    27.1842      
# span 19 =    22.8329,    27.1855      
# span 20 =      2.972,    105.978      
# span 21 =      2.987,    106.179      
# span 22 =     -0.334,      1.447      
# span 23 =    1456.99,    1479.39      
# span 24 =    1457.00,    1479.38      
# span 25 = 0.0000e+00, 0.0000e+00      
# interval = decibars: 0.5              
# start_time = Feb 03 2018 19:09:35 [NMEA time, first data scan]
# bad_flag = -9.990e-29
*END*
       8891      3.000     3.6207     3.6215     0.0009    2.69398    2.69410          1     7.2466     7.2418       2.46     0.8308     0.3756  5.548e-02  1.2097000    28.7272    28.7279     0.0007    22.8325    22.8330      2.972      2.987      0.306    1456.99    1457.00  0.000e+00
       8983      3.500     3.6234     3.6230    -0.0004    2.69421    2.69423          1     7.2379     7.2312       2.88     0.8438     0.3634  2.987e-02  1.3075000    28.7273    28.7280     0.0007    22.8323    22.8329      3.467      3.485      0.696    1457.01    1457.01  0.000e+00
       8995      4.000     3.6263     3.6250    -0.0014    2.69478    2.69464          1     7.2267     7.2282       3.73     0.8448     0.4080  7.940e-03  1.2286000    28.7312    28.7307    -0.0005    22.8351    22.8349      3.963      3.983      0.797    1457.04    1457.03  0.000e+00
       9009      4.500     3.6220     3.6228     0.0008    2.69412    2.69429          1     7.2232     7.2257       4.35     0.8361     0.4093  1.577e-03  1.2607000    28.7271    28.7283     0.0013    22.8322    22.8332      4.458      4.481      0.714    1457.02    1457.03  0.000e+00
       9052      5.000     3.6242     3.6258     0.0015    2.69449    2.69476          1     7.2268     7.2253       4.78     0.8363     0.4153 -6.641e-05  1.2419000    28.7292    28.7310     0.0018    22.8337    22.8351      4.953      4.979      0.486    1457.04    1457.05  0.000e+00
       9142      5.500     3.6307     3.6313     0.0006    2.69558    2.69569          1     7.2202     7.2178       4.84     0.8212     0.4060  1.016e-12  1.1635000    28.7360    28.7368     0.0008    22.8386    22.8392      5.449      5.477      0.886    1457.09    1457.09  0.000e+00
       9155      6.000     3.6353     3.6355     0.0002    2.69641    2.69651          1     7.2077     7.2155      52.85     0.8255     0.4228  1.000e-12  1.1859000    28.7415    28.7425     0.0010    22.8426    22.8434      5.944      5.975      0.861    1457.12    1457.12  0.000e+00
       9171      6.500     3.6354     3.6365     0.0011    2.69635    2.69665          1     7.2041     7.2117      96.23     0.8536     0.4037  1.000e-12  1.3193000    28.7404    28.7431     0.0026    22.8418    22.8437      6.440      6.473      0.649    1457.13    1457.14  0.000e+00
       9230      7.000     3.6375     3.6372    -0.0003    2.69687    2.69693          1     7.1970     7.2108      98.68     0.8464     0.4082  1.000e-12  1.1329000    28.7444    28.7453     0.0009    22.8448    22.8455      6.935      6.971      0.336    1457.15    1457.15  0.000e+00
       9273      7.500     3.6464     3.6464     0.0000    2.69899    2.69905          1     7.2053     7.2148      98.68     0.8189     0.4166  1.000e-12  1.1058000    28.7613    28.7620     0.0007    22.8574    22.8579      7.430      7.468      0.656    1457.22    1457.22  0.000e+00
       9288      8.000     3.6519     3.6532     0.0014    2.70024    2.70045          1     7.2187     7.2147      98.68     0.8301     0.4064  1.000e-12  1.1576000    28.7709    28.7720     0.0012    22.8646    22.8654      7.925      7.966      0.795    1457.26    1457.27  0.000e+00
       9302      8.500     3.6581     3.6621     0.0040    2.70180    2.70278          1     7.2168     7.2091      98.68     0.8440     0.4434  1.000e-12  1.2159000    28.7834    28.7914     0.0080    22.8740    22.8800      8.421      8.464      0.787    1457.31    1457.34  0.000e+00
       9319      9.000     3.6692     3.6704     0.0012    2.70421    2.70452          1     7.2148     7.2049      98.68     0.8526     0.4721  1.000e-12  1.2171000    28.8015    28.8042     0.0026    22.8875    22.8895      8.916      8.962      0.615    1457.39    1457.40  0.000e+00
       9350      9.500     3.6742     3.6737    -0.0005    2.70528    2.70518          1     7.1755     7.1622      98.68     0.8380     0.4616  1.000e-12  1.1716000    28.8095    28.8087    -0.0008    22.8934    22.8929      9.412      9.460      0.310    1457.43    1457.43  0.000e+00
       9394     10.000     3.7362     3.7443     0.0080    2.71831    2.72028          1     7.1214     7.1190      98.68     0.8324     0.3903  1.000e-12  1.0749000    28.9069    28.9227     0.0158    22.9656    22.9775      9.907      9.958      0.387    1457.83    1457.89  0.000e+00
       9417     10.500     3.8632     3.8481    -0.0148    2.74538    2.74219          1     7.0746     7.0817      98.68     0.8186     0.3914  1.000e-12  1.1127000    29.1103    29.0866    -0.0238    23.1164    23.0988     10.402     10.456      0.581    1458.64    1458.55  0.000e+00
       9436     11.000     3.9626     3.9430    -0.0198    2.76731    2.76257          1     6.8704     6.9087      98.68     0.8177     0.4154  1.000e-12  1.1247000    29.2771    29.2393    -0.0378    23.2401    23.2118     10.898     10.953      0.584    1459.28    1459.15  0.000e+00
       9461     11.500     4.1942     4.1992     0.0050    2.81965    2.81760          1     6.8680     6.9314      98.68     0.8303     0.3960  1.000e-12  1.0603000    29.6772    29.6487    -0.0284    23.5368    23.5137     11.393     11.451      0.411    1460.78    1460.77  0.000e+00
       9496     12.000     4.7907     4.7990     0.0084    2.96933    2.97592          1     6.8165     6.9762      98.68     0.8070     0.4154  1.000e-12  0.8565000    30.8508    30.9195     0.0687    24.4076    24.4614     11.888     11.948      0.391    1464.77    1464.89  0.000e+00
       9520     12.500     5.4733     5.4628    -0.0107    3.12668    3.12397          1     6.7602     6.8401      98.68     0.6823     0.3606  1.000e-12  0.6405000    32.0087    31.9880    -0.0207    25.2515    25.2364     12.383     12.445      0.623    1469.05    1468.98  0.000e+00
       9537     13.000     5.7103     5.7059    -0.0044    3.17585    3.17410          1     6.7277     6.7543      98.68     0.5949     0.4088  1.000e-12  0.5521000    32.3372    32.3218    -0.0154    25.4837    25.4720     12.879     12.942      0.741    1470.43    1470.40  0.000e+00
       9553     13.500     5.7847     5.7835    -0.0012    3.19863    3.19816          1     6.6547     6.6586      98.68     0.4922     0.4375  1.000e-12  0.5855000    32.5222    32.5180    -0.0042    25.6211    25.6179     13.374     13.439      0.706    1470.97    1470.96  0.000e+00
       9574     14.000     5.8507     5.8438    -0.0067    3.21007    3.20916          1     6.6371     6.6239      98.57     0.5009     0.3898  1.000e-12  0.6035000    32.5870    32.5834    -0.0036    25.6644    25.6624     13.869     13.935      0.434    1471.33    1471.30  0.000e+00
       9629     14.500     5.8731     5.8805     0.0075    3.21460    3.21845          1     6.6161     6.6396      98.67     0.4476     0.4236  1.000e-12  0.5171000    32.6160    32.6521     0.0361    25.6846    25.7122     14.365     14.432      0.352    1471.46    1471.54  0.000e+00
       9656     15.000     5.9139     5.9115    -0.0024    3.22708    3.22685          1     6.5847     6.6140      98.68     0.4324     0.3913  1.000e-12  0.5768000    32.7166    32.7164    -0.0002    25.7591    25.7592     14.860     14.928      0.648    1471.76    1471.75  0.000e+00
       9672     15.500     5.9606     5.9581    -0.0025    3.24259    3.24187          1     6.5748     6.5971      98.65     0.4528     0.4173  1.000e-12  0.5958000    32.8452    32.8395    -0.0057    25.8550    25.8508     15.355     15.425      0.766    1472.12    1472.10  0.000e+00
       9687     16.000     6.0105     6.0093    -0.0013    3.25685    3.25647          1     6.6062     6.6116      98.09     0.4676     0.4131  1.000e-12  0.6105000    32.9565    32.9535    -0.0030    25.9367    25.9345     15.851     15.921      0.762    1472.47    1472.46  0.000e+00
       9703     16.500     6.0626     6.0594    -0.0031    3.27121    3.27073          1     6.5897     6.6059      98.02     0.4272     0.3364  1.000e-12  0.6467000    33.0665    33.0641    -0.0023    26.0172    26.0158     16.346     16.417      0.658    1472.82    1472.81  0.000e+00
       9726     17.000     6.2054     6.1825    -0.0228    3.31939    3.31284          1     6.5502     6.5595      98.19     0.4280     0.3317  1.000e-12  0.7154000    33.4652    33.4146    -0.0506    26.3140    26.2770     16.841     16.914      0.407    1473.90    1473.75  0.000e+00
       9778     17.500     6.2881     6.2920     0.0039    3.34379    3.34451          1     6.5283     6.5404      96.01     0.3793     0.3861  1.000e-12  0.7114000    33.6562    33.6604     0.0041    26.4544    26.4571     17.337     17.410      0.340    1474.48    1474.50  0.000e+00
       9805     18.000     6.3013     6.3036     0.0024    3.34687    3.34772          1     6.5335     6.5205      94.94     0.3575     0.3268  1.000e-12  0.7812000    33.6775    33.6846     0.0071    26.4694    26.4748     17.832     17.906      0.618    1474.56    1474.58  0.000e+00
       9821     18.500     6.3018     6.2993    -0.0025    3.34697    3.34667          1     6.5340     6.5256      96.31     0.3542     0.3551  1.000e-12  0.8172000    33.6777    33.6768    -0.0009    26.4696    26.4692     18.327     18.402      0.712    1474.57    1474.56  0.000e+00
       9838     19.000     6.3030     6.3011    -0.0019    3.34736    3.34718          1     6.5317     6.5370      98.67     0.3630     0.4066  1.000e-12  0.8417000    33.6807    33.6806    -0.0001    26.4718    26.4719     18.823     18.898      0.683    1474.59    1474.58  0.000e+00
       9857     19.500     6.2994     6.2981    -0.0013    3.34694    3.34694          1     6.5284     6.5391      98.68     0.3638     0.4188  1.000e-12  0.8377000    33.6793    33.6806     0.0013    26.4711    26.4723     19.318     19.394      0.528    1474.58    1474.58  0.000e+00
       9889     20.000     6.3094     6.3107     0.0014    3.35135    3.35231          1     6.5347     6.5349      98.68     0.3874     0.3400  1.000e-12  0.8300000    33.7184    33.7278     0.0094    26.5007    26.5080     19.813     19.890      0.330    1474.68    1474.70  0.000e+00
       9924     20.500     6.3172     6.3131    -0.0041    3.35475    3.35323          1     6.5377     6.5355      98.68     0.4046     0.3432  1.000e-12  0.7869000    33.7484    33.7354    -0.0129    26.5234    26.5137     20.308     20.387      0.450    1474.76    1474.72  0.000e+00
       9946     21.000     6.3109     6.3035    -0.0075    3.35227    3.35160          1     6.5338     6.5316      91.55     0.3607     0.3650  1.000e-12  0.7960000    33.7266    33.7266    -0.0001    26.5070    26.5079     20.804     20.883      0.579    1474.71    1474.68  0.000e+00
       9966     21.500     6.3187     6.3140    -0.0047    3.35674    3.35602          1     6.5331     6.5279      90.69     0.4077     0.3797  1.000e-12  0.8172000    33.7686    33.7652    -0.0034    26.5392    26.5371     21.299     21.379      0.582    1474.80    1474.78  0.000e+00
       9989     22.000     6.3167     6.3222     0.0056    3.35604    3.35833          1     6.5455     6.5422      90.02     0.3795     0.3285  1.000e-12  0.8793000    33.7625    33.7827     0.0201    26.5346    26.5498     21.794     21.875      0.467    1474.80    1474.84  0.000e+00
      10021     22.500     6.3163     6.3142    -0.0020    3.36027    3.36069          1     6.5385     6.5256      93.25     0.4164     0.3423  1.000e-12  0.8551000    33.8099    33.8167     0.0068    26.5720    26.5777     22.290     22.371      0.347    1474.86    1474.86  0.000e+00
      10053     23.000     6.2614     6.2501    -0.0114    3.36840    3.36816          1     6.5332     6.4890      98.88     0.4339     0.3330  1.000e-12  0.8690000    33.9552    33.9638     0.0087    26.6938    26.7021     22.785     22.867      0.488    1474.84    1474.80  0.000e+00
      10073     23.500     6.1107     6.1210     0.0100    3.35924    3.36009          1     6.5645     6.5057      90.18     0.4272     0.3305  1.000e-12  0.8916000    34.0030    34.0024    -0.0006    26.7508    26.7490     23.280     23.363      0.619    1474.31    1474.35  0.000e+00
      10092     24.000     6.0439     6.0331    -0.0106    3.35362    3.35287          1     6.6004     6.5532      87.89     0.3997     0.3599  1.000e-12  1.0739000    34.0066    34.0091     0.0024    26.7622    26.7655     23.776     23.859      0.636    1474.06    1474.02  0.000e+00
      10112     24.500     5.9772     5.9820     0.0048    3.34824    3.34882          1     6.6035     6.5869      87.41     0.3884     0.3469  1.000e-12  1.2186000    34.0129    34.0146     0.0017    26.7755    26.7762     24.271     24.355      0.507    1473.81    1473.83  0.000e+00
      10150     25.000     5.9584     5.9698     0.0115    3.34657    3.34771          1     6.5837     6.5884      86.89     0.4267     0.3406  1.000e-12  1.2280000    34.0127    34.0141     0.0014    26.7777    26.7774     24.766     24.851      0.277    1473.74    1473.79  0.000e+00
      10187     25.500     5.9198     5.9264     0.0066    3.34300    3.34377          1     6.6041     6.5976      86.40     0.4450     0.3777  1.000e-12  1.1964000    34.0110    34.0131     0.0021    26.7812    26.7821     25.261     25.347      0.542    1473.59    1473.62  0.000e+00
      10205     26.000     5.9238     5.9269     0.0031    3.34346    3.34388          1     6.6009     6.6018      86.15     0.4310     0.3969  1.000e-12  1.2442000    34.0119    34.0134     0.0015    26.7814    26.7822     25.757     25.843      0.725    1473.62    1473.63  0.000e+00
      10220     26.500     5.9236     5.9250     0.0014    3.34344    3.34370          1     6.6000     6.6029      85.62     0.4077     0.3958  1.000e-12  1.3009000    34.0116    34.0131     0.0015    26.7812    26.7822     26.252     26.339      0.747    1473.63    1473.63  0.000e+00
      10237     27.000     5.9252     5.9240    -0.0012    3.34367    3.34366          1     6.6041     6.6023      85.23     0.3859     0.3924  1.000e-12  1.4085000    34.0124    34.0135     0.0011    26.7816    26.7826     26.747     26.835      0.600    1473.64    1473.64  0.000e+00
      10279     27.500     5.9265     5.9251    -0.0014    3.34389    3.34383          1     6.5888     6.6035      87.89     0.4262     0.3569  1.000e-12  1.3694000    34.0132    34.0140     0.0008    26.7821    26.7829     27.243     27.331      0.317    1473.66    1473.65  0.000e+00
      10322     28.000     5.9232     5.9202    -0.0030    3.34360    3.34343          1     6.5689     6.5969      83.89     0.4333     0.3506  1.000e-12  1.1660000    34.0130    34.0142     0.0012    26.7824    26.7837     27.738     27.827      0.603    1473.65    1473.64  0.000e+00
      10337     28.500     5.9173     5.9169    -0.0004    3.34305    3.34313          1     6.5741     6.6017      83.65     0.4321     0.3797  1.000e-12  1.3349000    34.0125    34.0139     0.0013    26.7827    26.7838     28.233     28.323      0.816    1473.63    1473.64  0.000e+00
      10351     29.000     5.9170     5.9161    -0.0008    3.34306    3.34307          1     6.5898     6.5983      83.29     0.4321     0.4389  1.000e-12  1.3964000    34.0127    34.0137     0.0010    26.7829    26.7838     28.728     28.819      0.873    1473.64    1473.64  0.000e+00
      10364     29.500     5.9149     5.9150     0.0000    3.34289    3.34300          1     6.6040     6.5989      82.82     0.3962     0.4508  1.000e-12  1.4328000    34.0127    34.0138     0.0012    26.7831    26.7840     29.224     29.315      0.792    1473.64    1473.64  0.000e+00
      10385     30.000     5.9137     5.9135    -0.0002    3.34290    3.34301          1     6.6080     6.6046      82.09     0.3881     0.3774  1.000e-12  1.4306000    34.0138    34.0152     0.0014    26.7842    26.7853     29.719     29.811      0.485    1473.65    1473.65  0.000e+00
