ctdpy/exports/archive_20191120_135557/received_data/SBE09_1044_20180529_0031_34_07_0041.cnv
* Sea-Bird SBE 9 Data File:
* FileName = C:\ctd\temp\2018\AU18D041.hex
* Software Version Seasave V 7.26.6.26
* Temperature SN = 5351
* Conductivity SN = 3941
* Number of Bytes Per Scan = 41
* Number of Voltage Words = 4
* Number of Scans Averaged by the Deck Unit = 1
* NMEA Latitude = 55 15.00 N
* NMEA Longitude = 015 59.07 E
* NMEA UTC (Time) = May 29 2018  00:31:59
* NMEA baud rate = 4800
** Station:  BY5
** Operator:  SSip
** Ship: AURA
** Average sound velocity: 1444.32 m/s
** True-depth calculation Tue, 29 May 2018 01:08:06 +0000
** CTD Python Module SMHI /ver 3-12/ feb 2012 
** LIMS Job: 20183407-0041
** Cruise: SMHI-02-2018
** Latitude [GG MM.mm N] :
** Longitude [GG MM.mm E]:
# nquan = 26
# nvalues = 171                         
# units = specified
# name 0 = scan: Scan Count
# name 1 = prDM: Pressure, Digiquartz [db]
# name 2 = t090C: Temperature [ITS-90, deg C]
# name 3 = t190C: Temperature, 2 [ITS-90, deg C]
# name 4 = T2-T190C: Temperature Difference, 2 - 1 [ITS-90, deg C]
# name 5 = c0S/m: Conductivity [S/m]
# name 6 = c1S/m: Conductivity, 2 [S/m]
# name 7 = pumps: Pump Status
# name 8 = sbeox0ML/L: Oxygen, SBE 43 [ml/l]
# name 9 = sbeox1ML/L: Oxygen, SBE 43, 2 [ml/l]
# name 10 = altM: Altimeter [m]
# name 11 = flECO-AFL: Chl-a Fluorescence, WET Labs ECO-AFL/FL [mg/m^3]
# name 12 = flECO-AFL1: Phycocyanin Fluorescence, WET Labs ECO-AFL/FL, 2 [mg/m^3]
# name 13 = par: PAR/Irradiance, Biospherical/Lico [µE/(cm^2*s)]
# name 14 = turbWETntu0: Turbidity, WET Labs ECO [NTU]
# name 15 = sal00: Salinity, Practical [PSU]
# name 16 = sal11: Salinity, Practical, 2 [PSU]
# name 17 = secS-priS: Salinity, Practical, Difference, 2 - 1 [PSU]
# name 18 = sigma-t00: Density [sigma-t, Kg/m^3 ]
# name 19 = sigma-t11: Density, 2 [sigma-t, Kg/m^3 ]
# name 20 = depSM: Depth [salt water, m], lat = 55.25
# name 21 = depFM: Depth [true depth, m], lat = 55.25
# name 22 = dz/dtM: Descent Rate [m/s], WS = 2
# name 23 = svCM: Sound Velocity [Chen-Millero, m/s]
# name 24 = svCM1: Sound Velocity, 2 [Chen-Millero, m/s]
# name 25 = flag: flag
# span 0 =       7366,      11608       
# span 1 =      0.500,     85.500       
# span 2 =     2.7209,    13.9101       
# span 3 =     2.7226,    13.8980       
# span 4 =    -0.1907,     0.1164       
# span 5 =   0.785711,   1.809283       
# span 6 =   0.785669,   1.809288       
# span 7 =          1,          1       
# span 8 =    0.06254,    9.48508       
# span 9 =    0.04642,    9.38360       
# span 10 =       1.55,      98.13      
# span 11 =     0.2245,     7.4438      
# span 12 =     0.1200,     0.8595      
# span 13 = 1.0000e-12, 1.3525e+00      
# span 14 =     0.1135,     0.8261      
# span 15 =     7.4858,    16.8419      
# span 16 =     7.4831,    16.8415      
# span 17 =    -0.0141,     0.0014      
# span 18 =     5.0673,    13.1635      
# span 19 =     5.0685,    13.1631      
# span 20 =      0.495,     84.710      
# span 21 =      0.507,     86.407      
# span 22 =     -0.009,      0.604      
# span 23 =    1427.14,    1471.08      
# span 24 =    1427.14,    1471.03      
# span 25 = 0.0000e+00, 0.0000e+00      
# interval = decibars: 0.5              
# start_time = May 29 2018 00:31:59 [NMEA time, first data scan]
# bad_flag = -9.990e-29
*END*
[from data line 56]
       8732     28.500     4.7783     4.7811     0.0028    0.81566    0.81566          1     8.5634     8.4181      61.26     0.3525     0.2560  1.000e-12  0.2569000     7.5786     7.5781    -0.0005     6.0006     6.0000     28.241     28.866      0.462    1435.40    1435.41  0.000e+00
       8758     29.000     4.7726     4.7777     0.0051    0.81607    0.81611          1     8.5334     8.4075      64.62     0.3428     0.2359  1.000e-12  0.2325000     7.5840     7.5832    -0.0007     6.0050     6.0043     28.736     29.372      0.484    1435.39    1435.41  0.000e+00
       8781     29.500     4.6685     4.6751     0.0065    0.81348    0.81353          1     8.5247     8.4120      77.96     0.3547     0.2364  1.000e-12  0.2262000     7.5818     7.5809    -0.0010     6.0071     6.0060     29.231     29.878      0.530    1434.93    1434.96  0.000e+00
       8803     30.000     4.6021     4.6078     0.0057    0.81196    0.81200          1     8.5416     8.4279      59.67     0.3347     0.2171  1.000e-12  0.2154000     7.5818     7.5808    -0.0009     6.0093     6.0084     29.727     30.384      0.544    1434.65    1434.67  0.000e+00
       8826     30.500     4.5394     4.5465     0.0071    0.81064    0.81069          1     8.5966     8.4908      59.22     0.2736     0.2186  1.000e-12  0.2051000     7.5828     7.5817    -0.0011     6.0123     6.0111     30.222     30.891      0.518    1434.38    1434.41  0.000e+00
       8850     31.000     4.4862     4.4904     0.0042    0.80971    0.80970          1     8.5680     8.4687      58.74     0.3090     0.2395  1.000e-12  0.2154000     7.5856     7.5845    -0.0010     6.0162     6.0152     30.718     31.397      0.491    1434.15    1434.17  0.000e+00
       8874     31.500     4.4521     4.4613     0.0091    0.80956    0.80970          1     8.4719     8.3814      58.18     0.3086     0.2369  1.000e-12  0.2032000     7.5920     7.5912    -0.0008     6.0223     6.0214     31.213     31.903      0.496    1434.02    1434.06  0.000e+00
       8898     32.000     4.2564     4.2681     0.0118    0.80499    0.80513          1     8.4541     8.3706      57.69     0.2861     0.2095  1.000e-12  0.1701000     7.5908     7.5895    -0.0013     6.0274     6.0260     31.708     32.409      0.530    1433.15    1433.20  0.000e+00
       8920     32.500     4.0897     4.0987     0.0089    0.80105    0.80114          1     8.4340     8.3708      52.06     0.2559     0.2217  1.000e-12  0.1863000     7.5893     7.5881    -0.0012     6.0308     6.0296     32.204     32.915      0.561    1432.41    1432.45  0.000e+00
       8941     33.000     4.0133     4.0175     0.0043    0.79975    0.79976          1     8.3531     8.3030      38.88     0.2557     0.2336  1.000e-12  0.1820000     7.5937     7.5928    -0.0009     6.0363     6.0355     32.699     33.422      0.566    1432.08    1432.10  0.000e+00
       8962     33.500     3.8329     3.8490     0.0160    0.79568    0.79585          1     8.3020     8.2461      39.39     0.2692     0.2145  1.000e-12  0.1703000     7.5940     7.5919    -0.0021     6.0408     6.0388     33.195     33.928      0.569    1431.28    1431.34  0.000e+00
       8983     34.000     3.6535     3.6660     0.0125    0.79165    0.79182          1     8.3337     8.2626      40.10     0.2825     0.2255  1.000e-12  0.1599000     7.5944     7.5932    -0.0012     6.0449     6.0437     33.690     34.434      0.571    1430.47    1430.53  0.000e+00
       9004     34.500     3.5149     3.5173     0.0025    0.78867    0.78863          1     8.3498     8.2480      40.89     0.2725     0.2559  1.000e-12  0.1618000     7.5959     7.5949    -0.0010     6.0488     6.0480     34.185     34.940      0.545    1429.85    1429.86  0.000e+00
       9027     35.000     3.4865     3.4931     0.0065    0.78886    0.78895          1     8.2944     8.1673      71.76     0.2603     0.2715  1.000e-12  0.1728000     7.6045     7.6039    -0.0006     6.0561     6.0555     34.681     35.446      0.510    1429.74    1429.77  0.000e+00
       9051     35.500     3.4224     3.4400     0.0175    0.78812    0.78841          1     8.2513     8.1261      43.58     0.2490     0.2320  1.000e-12  0.1566000     7.6118     7.6107    -0.0011     6.0630     6.0618     35.176     35.953      0.517    1429.47    1429.55  0.000e+00
       9074     36.000     3.3037     3.3089     0.0054    0.78601    0.78605          1     8.1927     8.0747      44.51     0.2481     0.2342  1.000e-12  0.1558000     7.6178     7.6170    -0.0008     6.0697     6.0690     35.672     36.459      0.565    1428.94    1428.96  0.000e+00
       9094     36.500     3.2502     3.2520     0.0018    0.78571    0.78567          1     8.2003     8.0664      81.88     0.2550     0.2344  1.000e-12  0.1578000     7.6272     7.6264    -0.0009     6.0780     6.0772     36.167     36.965      0.594    1428.72    1428.72  0.000e+00
       9114     37.000     3.2218     3.2255     0.0037    0.78630    0.78627          1     8.2386     8.0677      51.93     0.2603     0.2271  1.000e-12  0.1583000     7.6401     7.6389    -0.0012     6.0886     6.0876     36.662     37.471      0.575    1428.61    1428.62  0.000e+00
       9136     37.500     3.3279     3.3186    -0.0093    0.79017    0.78988          1     8.2584     8.0741      52.59     0.2698     0.2218  1.000e-12  0.1500000     7.6551     7.6543    -0.0008     6.0990     6.0985     37.158     37.977      0.527    1429.12    1429.08  0.000e+00
       9160     38.000     3.3956     3.3921    -0.0034    0.79283    0.79267          1     8.1674     8.0207      74.08     0.2957     0.2183  1.000e-12  0.1480000     7.6667     7.6658    -0.0009     6.1072     6.1065     37.653     38.484      0.501    1429.45    1429.44  0.000e+00
       9184     38.500     3.3615     3.3771     0.0154    0.79262    0.79285          1     8.1575     8.0396      59.33     0.2245     0.2071  1.000e-12  0.1435000     7.6725     7.6712    -0.0014     6.1123     6.1110     38.149     38.990      0.525    1429.31    1429.38  0.000e+00
       9206     39.000     3.1339     3.1396     0.0057    0.78738    0.78741          1     8.1529     8.0284      97.65     0.2360     0.2071  1.000e-12  0.1677000     7.6719     7.6708    -0.0011     6.1151     6.1142     38.644     39.496      0.552    1428.28    1428.30  0.000e+00
       9227     39.500     3.1446     3.1443    -0.0002    0.78859    0.78849          1     8.1427     8.0085      61.16     0.2569     0.2302  1.000e-12  0.1416000     7.6819     7.6810    -0.0009     6.1229     6.1222     39.139     40.002      0.558    1428.35    1428.35  0.000e+00
       9249     40.000     3.1398     3.1434     0.0035    0.78961    0.78960          1     8.1591     8.0146      97.77     0.2441     0.2157  1.000e-12  0.1462000     7.6937     7.6927    -0.0010     6.1324     6.1315     39.635     40.508      0.551    1428.35    1428.36  0.000e+00
       9271     40.500     3.1817     3.1794    -0.0022    0.79189    0.79169          1     8.1581     8.0158      97.47     0.2476     0.2138  1.000e-12  0.1426000     7.7075     7.7060    -0.0015     6.1428     6.1416     40.130     41.014      0.546    1428.57    1428.56  0.000e+00
       9293     41.000     3.2260     3.2273     0.0012    0.79462    0.79454          1     8.1402     7.9999      97.45     0.2604     0.2277  1.000e-12  0.1399000     7.7253     7.7242    -0.0012     6.1565     6.1555     40.626     41.521      0.540    1428.80    1428.81  0.000e+00
       9315     41.500     3.2265     3.2289     0.0024    0.79589    0.79584          1     8.1617     8.0194      78.64     0.2573     0.2432  1.000e-12  0.1422000     7.7384     7.7373    -0.0011     6.1668     6.1659     41.121     42.027      0.516    1428.83    1428.84  0.000e+00
       9339     42.000     3.2154     3.2179     0.0024    0.79661    0.79655          1     8.1213     7.9980      82.36     0.2518     0.2217  1.000e-12  0.1347000     7.7485     7.7473    -0.0011     6.1751     6.1741     41.616     42.533      0.509    1428.80    1428.81  0.000e+00
       9362     42.500     3.2470     3.2451    -0.0017    0.79913    0.79895          1     8.0813     7.9832      97.55     0.2721     0.2326  1.000e-12  0.1245000     7.7672     7.7658    -0.0014     6.1895     6.1884     42.112     43.039      0.542    1428.98    1428.97  0.000e+00
       9383     43.000     3.1276     3.1402     0.0126    0.79811    0.79824          1     8.1106     8.0145      89.35     0.2603     0.2357  1.000e-12  0.1242000     7.7852     7.7836    -0.0016     6.2055     6.2040     42.607     43.545      0.571    1428.46    1428.52  0.000e+00
       9404     43.500     3.0562     3.0571     0.0009    0.79846    0.79832          1     8.1161     8.0215      45.68     0.2416     0.2351  1.000e-12  0.1386000     7.8062     7.8045    -0.0017     6.2231     6.2217     43.102     44.051      0.564    1428.17    1428.17  0.000e+00
       9426     44.000     3.0641     3.0666     0.0025    0.80127    0.80118          1     8.1134     8.0239      44.88     0.2360     0.2325  1.000e-12  0.1400000     7.8336     7.8321    -0.0015     6.2449     6.2436     43.598     44.557      0.533    1428.25    1428.26  0.000e+00
       9449     44.500     3.0259     3.0292     0.0033    0.80241    0.80236          1     8.1291     8.0143      44.33     0.2425     0.2181  1.000e-12  0.1371000     7.8549     7.8536    -0.0013     6.2622     6.2612     44.093     45.064      0.502    1428.11    1428.12  0.000e+00
       9474     45.000     3.0025     3.0049     0.0024    0.80398    0.80390          1     8.1064     7.9902      43.98     0.2538     0.1903  1.000e-12  0.1341000     7.8770     7.8757    -0.0014     6.2802     6.2790     44.589     45.570      0.504    1428.04    1428.04  0.000e+00
       9497     45.500     2.9822     2.9847     0.0025    0.80617    0.80607          1     8.1031     7.9938      43.49     0.2565     0.2467  1.000e-12  0.1350000     7.9051     7.9033    -0.0017     6.3028     6.3013     45.084     46.076      0.541    1427.99    1428.00  0.000e+00
       9518     46.000     2.9462     2.9497     0.0035    0.80818    0.80807          1     8.1002     7.9846      43.00     0.2498     0.1638  1.000e-12  0.1414000     7.9351     7.9330    -0.0021     6.3271     6.3254     45.579     46.582      0.565    1427.87    1427.88  0.000e+00
       9540     46.500     2.9559     2.9571     0.0012    0.81145    0.81130          1     8.0826     7.9583      42.52     0.2609     0.1745  1.000e-12  0.1307000     7.9670     7.9652    -0.0018     6.3524     6.3510     46.075     47.088      0.547    1427.96    1427.97  0.000e+00
       9562     47.000     2.9225     2.9263     0.0038    0.81294    0.81289          1     8.0455     7.9156      42.00     0.2364     0.1778  1.000e-12  0.1372000     7.9911     7.9896    -0.0014     6.3719     6.3707     46.570     47.594      0.503    1427.85    1427.86  0.000e+00
       9587     47.500     2.8924     2.8960     0.0036    0.81397    0.81391          1     8.0143     7.8797      41.11     0.2477     0.2088  1.000e-12  0.1200000     8.0093     8.0078    -0.0016     6.3868     6.3856     47.065     48.100      0.489    1427.74    1427.75  0.000e+00
       9611     48.000     2.8691     2.8720     0.0028    0.81529    0.81522          1     7.9653     7.8449      40.64     0.2481     0.2343  1.000e-12  0.1288000     8.0291     8.0277    -0.0015     6.4028     6.4016     47.561     48.606      0.528    1427.67    1427.68  0.000e+00
       9633     48.500     2.8427     2.8458     0.0031    0.81748    0.81734          1     7.9158     7.8213      40.22     0.2481     0.2204  1.000e-12  0.1316000     8.0588     8.0565    -0.0023     6.4268     6.4249     48.056     49.112      0.555    1427.59    1427.60  0.000e+00
       9654     49.000     2.7749     2.7829     0.0081    0.81913    0.81913          1     7.9301     7.8365      39.69     0.2481     0.1814  1.000e-12  0.1279000     8.0933     8.0913    -0.0020     6.4549     6.4532     48.552     49.618      0.542    1427.33    1427.36  0.000e+00
       9677     49.500     2.7244     2.7240    -0.0005    0.82067    0.82047          1     7.9233     7.8176      39.23     0.2481     0.2332  1.000e-12  0.1287000     8.1224     8.1205    -0.0019     6.4785     6.4769     49.047     50.124      0.513    1427.14    1427.14  0.000e+00
       9701     50.000     2.7606     2.7601    -0.0005    0.82548    0.82525          1     7.8902     7.7750      70.84     0.2481     0.2078  1.000e-12  0.1249000     8.1643     8.1619    -0.0024     6.5117     6.5098     49.542     50.630      0.512    1427.37    1427.36  0.000e+00
       9724     50.500     2.7215     2.7263     0.0048    0.82922    0.82910          1     7.8607     7.7415      37.17     0.2481     0.2410  1.000e-12  0.1135000     8.2141     8.2115    -0.0026     6.5517     6.5496     50.038     51.136      0.541    1427.26    1427.28  0.000e+00
       9746     51.000     2.7232     2.7246     0.0014    0.83381    0.83362          1     7.8186     7.6902      37.47     0.2507     0.2381  1.000e-12  0.1197000     8.2624     8.2600    -0.0024     6.5902     6.5883     50.533     51.642      0.538    1427.34    1427.34  0.000e+00
       9769     51.500     2.7233     2.7251     0.0018    0.83852    0.83833          1     7.7566     7.6206      36.90     0.2715     0.2339  1.000e-12  0.1252000     8.3125     8.3100    -0.0025     6.6303     6.6283     51.028     52.148      0.506    1427.41    1427.42  0.000e+00
       9793     52.000     2.7209     2.7226     0.0018    0.84508    0.84482          1     7.6744     7.5249      36.42     0.2604     0.2098  1.000e-12  0.1351000     8.3829     8.3797    -0.0032     6.6865     6.6839     51.524     52.654      0.518    1427.50    1427.51  0.000e+00
       9815     52.500     2.7272     2.7287     0.0016    0.85284    0.85260          1     7.5926     7.4271      35.92     0.2492     0.1840  1.000e-12  0.1195000     8.4640     8.4610    -0.0030     6.7512     6.7488     52.019     53.160      0.567    1427.65    1427.65  0.000e+00
       9835     53.000     2.7440     2.7451     0.0011    0.86103    0.86083          1     7.5189     7.3399      35.53     0.2566     0.2071  1.000e-12  0.1185000     8.5469     8.5445    -0.0024     6.8172     6.8153     52.514     53.665      0.580    1427.84    1427.84  0.000e+00
       9857     53.500     2.7637     2.7649     0.0012    0.86845    0.86825          1     7.4326     7.2479      34.88     0.2603     0.2714  1.000e-12  0.1187000     8.6208     8.6182    -0.0025     6.8760     6.8739     53.010     54.171      0.529    1428.04    1428.04  0.000e+00
       9881     54.000     2.7964     2.7965     0.0001    0.88031    0.87989          1     7.3289     7.1440      34.30     0.2547     0.2421  1.000e-12  0.1186000     8.7385     8.7339    -0.0045     6.9695     6.9659     53.505     54.677      0.481    1428.35    1428.34  0.000e+00
       9906     54.500     2.8553     2.8553     0.0001    0.89600    0.89565          1     7.2062     7.0120      33.86     0.2582     0.2130  1.000e-12  0.1188000     8.8897     8.8860    -0.0037     7.0895     7.0866     54.000     55.183      0.526    1428.82    1428.82  0.000e+00
       9927     55.000     2.9281     2.9288     0.0007    0.91406    0.91365          1     7.0493     6.8376      33.39     0.2745     0.2221  1.000e-12  0.1197000     9.0619     9.0574    -0.0045     7.2260     7.2224     54.496     55.688      0.596    1429.39    1429.39  0.000e+00
       9946     55.500     2.9766     2.9777     0.0011    0.93239    0.93205          1     6.8741     6.6734      32.90     0.2847     0.2397  1.000e-12  0.1249000     9.2437     9.2398    -0.0040     7.3702     7.3671     54.991     56.194      0.604    1429.86    1429.86  0.000e+00
