ctdpy/exports/archive_20191120_135557/received_data/SBE09_0827_20180225_1346_26_01_0307.cnv
* Sea-Bird SBE 9 Data File:
* FileName = D:\CTD_SBE911\DAT\26DA.2018.3.7.hex
* Software Version Seasave V 7.21d
* Temperature SN = 034757
* Conductivity SN = 041844
* Number of Bytes Per Scan = 48
* Number of Voltage Words = 5
* Number of Scans Averaged by the Deck Unit = 1
* NMEA Latitude = 55 40.81 N
* NMEA Longitude = 014 29.86 E
* NMEA UTC (Time) = Feb 25 2018  13:46:31
* NMEA baud rate = 4800
** Ship: DANA
** Average sound velocity: 1428.92 m/s
** True-depth calculation Tue, 02 Apr 2019 08:31:53 +0000
** CTD Python Module SMHI /ver 3-12/ feb 2012 
** LIMS Job: 20182601-0307
** Operator:
** Cruise: 02/2018
# nquan = 26
# nvalues = 93                          
# units = specified
# name 0 = scan: Scan Count
# name 1 = prDM: Pressure, Digiquartz [db]
# name 2 = t090C: Temperature [ITS-90, deg C]
# name 3 = t190C: Temperature, 2 [ITS-90, deg C]
# name 4 = T2-T190C: Temperature Difference, 2 - 1 [ITS-90, deg C]
# name 5 = c0S/m: Conductivity [S/m]
# name 6 = c1S/m: Conductivity, 2 [S/m]
# name 7 = pumps: Pump Status
# name 8 = sbeox1ML/L: Oxygen, SBE 43, 2 [ml/l]
# name 9 = sbeox0ML/L: Oxygen, SBE 43 [ml/l]
# name 10 = altM: Altimeter [m]
# name 11 = chloroflTC0: Chlorophyll, Turner Cyclops [ug/l]
# name 12 = cpar: CPAR/Corrected Irradiance [%]
# name 13 = par: PAR/Irradiance, Biospherical/Lico [µE/(cm^2*s)]
# name 14 = spar: SPAR, Biospherical/Licor
# name 15 = sal00: Salinity, Practical [PSU]
# name 16 = sal11: Salinity, Practical, 2 [PSU]
# name 17 = secS-priS: Salinity, Practical, Difference, 2 - 1 [PSU]
# name 18 = sigma-t00: Density [sigma-t, kg/m^3 ]
# name 19 = sigma-t11: Density, 2 [sigma-t, kg/m^3 ]
# name 20 = depSM: Depth [salt water, m], lat = 55.6802
# name 21 = depFM: Depth [true depth, m], lat = 55.6802
# name 22 = dz/dtM: Descent Rate [m/s], WS = 2
# name 23 = svCM: Sound Velocity [Chen-Millero, m/s]
# name 24 = svCM1: Sound Velocity, 2 [Chen-Millero, m/s]
# name 25 = flag: flag
# span 0 =        -47,       4628       
# span 1 =      1.500,     47.500       
# span 2 =     3.3337,     3.6050       
# span 3 =     3.3324,     3.6286       
# span 4 =    -0.0559,     0.0241       
# span 5 =   0.776439,   0.795055       
# span 6 =   0.775803,   0.796661       
# span 7 =          1,          1       
# span 8 =     7.7383,     8.1794       
# span 9 =     7.8809,     9.2581       
# span 10 =       0.98,       9.51      
# span 11 =     0.0127,     0.0206      
# span 12 = -1.046e-04, 5.6398e+00      
# span 13 = -5.686e-04, 3.0039e+01      
# span 14 = 4.9755e+02, 1.5357e+03      
# span 15 =     7.5153,     7.6391      
# span 16 =     7.5091,     7.6500      
# span 17 =    -0.0459,     0.0111      
# span 18 =     5.9876,     6.0816      
# span 19 =     5.9826,     6.0897      
# span 20 =      1.486,     47.064      
# span 21 =      1.519,     48.092      
# span 22 =     -0.138,      0.526      
# span 23 =    1428.44,    1430.52      
# span 24 =    1428.43,    1430.64      
# span 25 = 0.0000e+00, 0.0000e+00      
# interval = decibars: 0.5              
# start_time = Feb 25 2018 13:46:32 [NMEA time, first data scan]
# bad_flag = -9.990e-29
*END*
        -47      1.500     3.3409     3.3407    -0.0003    0.77658    0.77603          1     8.0834     9.2581       9.25     0.0132  5.640e+00  3.004e+01  5.318e+02     7.5159     7.5101    -0.0058     5.9879     5.9833      1.486      1.519     -0.122    1428.44    1428.43  0.000e+00
        205      2.000     3.3393     3.3390    -0.0003    0.77655    0.77593          1     8.0753     8.4161       9.44     0.0135  4.615e+00  2.539e+01  5.503e+02     7.5158     7.5095    -0.0063     5.9879     5.9829      1.982      2.025      0.396    1428.44    1428.43  0.000e+00
        274      2.500     3.3396     3.3384    -0.0012    0.77656    0.77591          1     8.1139     8.3093       9.51     0.0149  3.532e+00  1.977e+01  5.597e+02     7.5158     7.5093    -0.0066     5.9879     5.9827      2.477      2.531      0.383    1428.45    1428.43  0.000e+00
        301      3.000     3.3398     3.3388    -0.0010    0.77658    0.77592          1     8.0634     8.3048       9.47     0.0134  2.892e+00  1.644e+01  5.686e+02     7.5159     7.5092    -0.0067     5.9879     5.9826      2.973      3.037      0.401    1428.45    1428.44  0.000e+00
        379      3.500     3.3396     3.3390    -0.0006    0.77658    0.77594          1     8.0478     8.3054       8.01     0.0127  2.514e+00  1.533e+01  6.097e+02     7.5159     7.5093    -0.0066     5.9879     5.9827      3.468      3.544      0.437    1428.46    1428.45  0.000e+00
        413      4.000     3.3379     3.3365    -0.0014    0.77653    0.77591          1     8.0633     8.3103       7.70     0.0133  2.183e+00  1.377e+01  6.310e+02     7.5157     7.5096    -0.0061     5.9878     5.9829      3.964      4.050      0.526    1428.46    1428.45  0.000e+00
        441      4.500     3.3368     3.3361    -0.0008    0.77652    0.77588          1     8.0674     8.3045       7.69     0.0134  1.619e+00  1.065e+01  6.586e+02     7.5157     7.5093    -0.0064     5.9878     5.9827      4.459      4.556      0.312    1428.46    1428.45  0.000e+00
        529      5.000     3.3365     3.3324    -0.0041    0.77651    0.77580          1     8.0780     8.3195       7.84     0.0131  1.181e+00  9.399e+00  7.937e+02     7.5156     7.5092    -0.0064     5.9878     5.9827      4.955      5.062      0.333    1428.47    1428.44  0.000e+00
        553      5.500     3.3391     3.3339    -0.0052    0.77661    0.77583          1     8.0766     8.3113       7.86     0.0133  9.994e-01  8.407e+00  8.428e+02     7.5160     7.5091    -0.0069     5.9881     5.9826      5.450      5.569      0.424    1428.49    1428.46  0.000e+00
        590      6.000     3.3393     3.3361    -0.0032    0.77662    0.77590          1     8.1258     8.2997       7.90     0.0129  7.360e-01  6.896e+00  9.393e+02     7.5160     7.5092    -0.0068     5.9880     5.9827      5.945      6.075      0.234    1428.50    1428.47  0.000e+00
        663      6.500     3.3337     3.3357     0.0020    0.77644    0.77593          1     8.1058     8.3041       7.98     0.0158  5.312e-01  6.316e+00  1.187e+03     7.5153     7.5096    -0.0058     5.9876     5.9830      6.441      6.581      0.294    1428.48    1428.48  0.000e+00
        700      7.000     3.3344     3.3328    -0.0015    0.77649    0.77583          1     8.0919     8.3062       7.99     0.0155  4.252e-01  5.500e+00  1.292e+03     7.5156     7.5091    -0.0065     5.9878     5.9827      6.936      7.087      0.264    1428.49    1428.48  0.000e+00
        763      7.500     3.3412     3.3373    -0.0039    0.77671    0.77595          1     8.0867     8.3034       8.02     0.0152  3.415e-01  4.887e+00  1.431e+03     7.5163     7.5093    -0.0070     5.9882     5.9827      7.432      7.594      0.285    1428.53    1428.50  0.000e+00
        795      8.000     3.3430     3.3417    -0.0013    0.77676    0.77609          1     8.1231     8.2860       8.04     0.0147  2.887e-01  4.261e+00  1.476e+03     7.5163     7.5097    -0.0066     5.9882     5.9830      7.927      8.100      0.360    1428.55    1428.53  0.000e+00
        842      8.500     3.3446     3.3421    -0.0025    0.77685    0.77613          1     8.1167     8.3001       8.05     0.0147  2.552e-01  3.857e+00  1.511e+03     7.5168     7.5099    -0.0069     5.9886     5.9832      8.423      8.606      0.211    1428.56    1428.54  0.000e+00
        911      9.000     3.3440     3.3426    -0.0014    0.77681    0.77616          1     8.1335     8.3131       8.07     0.0147  2.308e-01  3.533e+00  1.531e+03     7.5165     7.5100    -0.0064     5.9883     5.9832      8.918      9.112      0.297    1428.57    1428.55  0.000e+00
        944      9.500     3.3438     3.3430    -0.0008    0.77681    0.77618          1     8.1271     8.3069       8.08     0.0147  1.967e-01  3.011e+00  1.531e+03     7.5164     7.5101    -0.0063     5.9883     5.9833      9.414      9.619      0.346    1428.57    1428.56  0.000e+00
        985     10.000     3.3475     3.3447    -0.0028    0.77698    0.77624          1     8.1119     8.3063       8.08     0.0149  1.732e-01  2.649e+00  1.529e+03     7.5172     7.5102    -0.0070     5.9889     5.9834      9.909     10.125      0.228    1428.60    1428.58  0.000e+00
       1046     10.500     3.3458     3.3461     0.0003    0.77690    0.77633          1     8.1404     8.3061       8.10     0.0137  1.610e-01  2.470e+00  1.534e+03     7.5168     7.5108    -0.0060     5.9886     5.9838     10.404     10.631      0.256    1428.60    1428.59  0.000e+00
       1084     11.000     3.3451     3.3449    -0.0002    0.77687    0.77629          1     8.0890     8.3039       8.11     0.0142  1.405e-01  2.158e+00  1.536e+03     7.5165     7.5106    -0.0059     5.9884     5.9837     10.900     11.137      0.339    1428.60    1428.60  0.000e+00
       1123     11.500     3.3452     3.3448    -0.0004    0.77690    0.77628          1     8.1102     8.3027       8.11     0.0149  1.226e-01  1.879e+00  1.532e+03     7.5167     7.5104    -0.0064     5.9885     5.9835     11.395     11.643      0.233    1428.61    1428.60  0.000e+00
       1188     12.000     3.3446     3.3437    -0.0009    0.77688    0.77626          1     8.1115     8.2977       8.13     0.0147  1.108e-01  1.694e+00  1.528e+03     7.5166     7.5104    -0.0063     5.9885     5.9835     11.891     12.150      0.269    1428.62    1428.61  0.000e+00
       1224     12.500     3.3452     3.3444    -0.0008    0.77691    0.77628          1     8.1319     8.3070       8.13     0.0147  1.003e-01  1.516e+00  1.510e+03     7.5167     7.5104    -0.0063     5.9885     5.9835     12.386     12.656      0.307    1428.63    1428.62  0.000e+00
       1291     13.000     3.3443     3.3435    -0.0008    0.77687    0.77626          1     8.1388     8.2990       8.14     0.0160  9.248e-02  1.339e+00  1.447e+03     7.5165     7.5103    -0.0062     5.9883     5.9834     12.882     13.162      0.264    1428.63    1428.62  0.000e+00
       1333     13.500     3.3459     3.3437    -0.0022    0.77694    0.77626          1     8.1410     8.2993       8.14     0.0152  8.381e-02  1.173e+00  1.399e+03     7.5168     7.5102    -0.0066     5.9886     5.9833     13.377     13.668      0.411    1428.65    1428.63  0.000e+00
       1364     14.000     3.3504     3.3474    -0.0030    0.77712    0.77639          1     8.1350     8.3185       8.14     0.0147  7.720e-02  1.036e+00  1.342e+03     7.5175     7.5106    -0.0069     5.9891     5.9836     13.872     14.175      0.300    1428.68    1428.66  0.000e+00
       1436     14.500     3.3466     3.3484     0.0017    0.77698    0.77648          1     8.1482     8.3039       8.22     0.0146  7.684e-02  8.936e-01  1.163e+03     7.5168     7.5112    -0.0056     5.9886     5.9841     14.368     14.681      0.262    1428.67    1428.67  0.000e+00
       1477     15.000     3.3477     3.3470    -0.0007    0.77703    0.77643          1     8.1518     8.3152       8.23     0.0146  7.214e-02  8.101e-01  1.123e+03     7.5170     7.5109    -0.0061     5.9887     5.9839     14.863     15.187      0.333    1428.68    1428.67  0.000e+00
       1521     15.500     3.3489     3.3473    -0.0015    0.77710    0.77644          1     8.1229     8.2941       8.19     0.0147  6.279e-02  6.946e-01  1.105e+03     7.5174     7.5109    -0.0064     5.9890     5.9839     15.359     15.693      0.227    1428.69    1428.68  0.000e+00
       1576     16.000     3.3523     3.3491    -0.0031    0.77727    0.77652          1     8.1463     8.2997       8.13     0.0147  5.915e-02  5.937e-01  1.004e+03     7.5183     7.5112    -0.0071     5.9897     5.9841     15.854     16.200      0.253    1428.72    1428.69  0.000e+00
       1621     16.500     3.3539     3.3528    -0.0012    0.77734    0.77669          1     8.1252     8.2916       8.13     0.0152  5.999e-02  5.323e-01  8.867e+02     7.5186     7.5121    -0.0065     5.9899     5.9848     16.350     16.706      0.257    1428.73    1428.72  0.000e+00
       1672     17.000     3.3532     3.3527    -0.0005    0.77732    0.77672          1     8.1167     8.2963       8.12     0.0150  5.653e-02  4.451e-01  7.870e+02     7.5185     7.5123    -0.0062     5.9898     5.9849     16.845     17.212      0.226    1428.74    1428.73  0.000e+00
       1722     17.500     3.3559     3.3533    -0.0026    0.77745    0.77673          1     8.1694     8.3065       8.12     0.0146  5.382e-02  3.786e-01  7.035e+02     7.5192     7.5123    -0.0068     5.9903     5.9849     17.341     17.718      0.257    1428.76    1428.74  0.000e+00
       1766     18.000     3.3564     3.3546    -0.0018    0.77747    0.77680          1     8.1794     8.3027       8.12     0.0137  4.942e-02  3.162e-01  6.392e+02     7.5192     7.5126    -0.0066     5.9903     5.9851     17.836     18.225      0.281    1428.77    1428.75  0.000e+00
       1809     18.500     3.3572     3.3558    -0.0014    0.77753    0.77687          1     8.1340     8.3038       8.12     0.0146  4.165e-02  2.501e-01  6.002e+02     7.5195     7.5130    -0.0065     5.9905     5.9854     18.331     18.731      0.278    1428.78    1428.77  0.000e+00
       1854     19.000     3.3574     3.3572    -0.0002    0.77752    0.77695          1     8.1218     8.2822       8.11     0.0145  3.558e-02  2.064e-01  5.802e+02     7.5193     7.5134    -0.0059     5.9904     5.9857     18.827     19.237      0.227    1428.79    1428.78  0.000e+00
       1921     19.500     3.3575     3.3563    -0.0012    0.77754    0.77690          1     8.1446     8.2937       8.12     0.0141  2.771e-02  1.591e-01  5.739e+02     7.5194     7.5131    -0.0063     5.9905     5.9854     19.322     19.743      0.236    1428.80    1428.78  0.000e+00
       1962     20.000     3.3573     3.3569    -0.0004    0.77755    0.77694          1     8.1671     8.2915       8.12     0.0140  1.994e-02  1.144e-01  5.740e+02     7.5195     7.5133    -0.0062     5.9906     5.9856     19.818     20.249      0.339    1428.81    1428.80  0.000e+00
       2000     20.500     3.3564     3.3563    -0.0001    0.77752    0.77695          1     8.1584     8.2887       8.10     0.0146  1.478e-02  8.487e-02  5.743e+02     7.5193     7.5134    -0.0059     5.9904     5.9857     20.313     20.756      0.267    1428.81    1428.80  0.000e+00
       2051     21.000     3.3566     3.3559    -0.0007    0.77753    0.77694          1     8.1631     8.2960       8.10     0.0146  9.965e-03  5.651e-02  5.666e+02     7.5194     7.5133    -0.0061     5.9905     5.9856     20.808     21.262      0.256    1428.82    1428.81  0.000e+00
       2092     21.500     3.3574     3.3556    -0.0018    0.77758    0.77692          1     8.1418     8.2874       8.10     0.0141  4.908e-03  2.724e-02  5.534e+02     7.5196     7.5131    -0.0064     5.9906     5.9855     21.304     21.768      0.291    1428.83    1428.81  0.000e+00
       2137     22.000     3.3579     3.3562    -0.0017    0.77761    0.77696          1     8.1507     8.2806       8.10     0.0144  1.056e-03  5.744e-03  5.411e+02     7.5198     7.5133    -0.0064     5.9907     5.9857     21.799     22.274      0.252    1428.84    1428.82  0.000e+00
       2187     22.500     3.3590     3.3574    -0.0016    0.77767    0.77702          1     8.1540     8.2999       8.11     0.0141 -1.046e-04 -5.686e-04  5.329e+02     7.5200     7.5137    -0.0063     5.9909     5.9859     22.295     22.781      0.211    1428.85    1428.84  0.000e+00
       2252     23.000     3.3562     3.3595     0.0033    0.77754    0.77711          1     8.1244     8.3026       8.11     0.0146  1.897e-13  1.000e-12  5.271e+02     7.5192     7.5139    -0.0053     5.9904     5.9861     22.790     23.287      0.289    1428.85    1428.86  0.000e+00
       2284     23.500     3.3624     3.3608    -0.0016    0.77785    0.77719          1     8.1196     8.2941       8.13     0.0148  1.905e-13  1.000e-12  5.250e+02     7.5210     7.5144    -0.0066     5.9917     5.9865     23.285     23.793      0.409    1428.89    1428.87  0.000e+00
       2317     24.000     3.3619     3.3632     0.0013    0.77782    0.77730          1     8.1264     8.2953       8.11     0.0149  1.911e-13  1.000e-12  5.234e+02     7.5207     7.5150    -0.0057     5.9914     5.9869     23.781     24.299      0.276    1428.89    1428.89  0.000e+00
       2381     24.500     3.3569     3.3606     0.0037    0.77758    0.77721          1     8.1120     8.2927       8.11     0.0146  1.922e-13  1.000e-12  5.202e+02     7.5193     7.5145    -0.0047     5.9904     5.9866     24.276     24.806      0.264    1428.87    1428.88  0.000e+00
       2417     25.000     3.3586     3.3582    -0.0004    0.77769    0.77710          1     8.1653     8.2921       8.12     0.0145  1.929e-13  1.000e-12  5.185e+02     7.5199     7.5140    -0.0060     5.9909     5.9861     24.772     25.312      0.366    1428.89    1428.88  0.000e+00
       2455     25.500     3.3580     3.3579    -0.0001    0.77766    0.77709          1     8.1714     8.2863       8.12     0.0144  1.935e-13  1.000e-12  5.167e+02     7.5197     7.5138    -0.0058     5.9907     5.9860     25.267     25.818      0.236    1428.90    1428.89  0.000e+00
       2522     26.000     3.3589     3.3578    -0.0011    0.77770    0.77708          1     8.1527     8.2922       8.12     0.0144  1.947e-13  1.000e-12  5.136e+02     7.5198     7.5137    -0.0061     5.9908     5.9859     25.763     26.324      0.251    1428.91    1428.90  0.000e+00
       2562     26.500     3.3588     3.3581    -0.0007    0.77769    0.77711          1     8.1330     8.2849       8.12     0.0147  1.954e-13  1.000e-12  5.118e+02     7.5197     7.5138    -0.0059     5.9907     5.9860     26.258     26.831      0.293    1428.92    1428.90  0.000e+00
       2606     27.000     3.3555     3.3575     0.0020    0.77756    0.77709          1     8.1346     8.2836       8.08     0.0146  1.961e-13  1.000e-12  5.099e+02     7.5190     7.5137    -0.0053     5.9902     5.9860     26.753     27.337      0.282    1428.91    1428.91  0.000e+00
       2644     27.500     3.3564     3.3561    -0.0003    0.77762    0.77702          1     8.1711     8.2856       8.09     0.0144  1.969e-13  1.000e-12  5.079e+02     7.5194     7.5132    -0.0061     5.9904     5.9856     27.249     27.843      0.313    1428.92    1428.91  0.000e+00
       2693     28.000     3.3574     3.3565    -0.0009    0.77768    0.77706          1     8.1738     8.2809       8.10     0.0147  1.972e-13  1.000e-12  5.071e+02     7.5197     7.5135    -0.0063     5.9907     5.9858     27.744     28.349      0.208    1428.93    1428.92  0.000e+00
       2749     28.500     3.3672     3.3603    -0.0069    0.77816    0.77720          1     8.1602     8.2832       8.10     0.0142  1.982e-13  1.000e-12  5.046e+02     7.5223     7.5140    -0.0083     5.9926     5.9861     28.239     28.855      0.278    1428.99    1428.95  0.000e+00
