ctdpy/exports/archive_20191120_135557/received_data/SBE09_1044_20181205_2001_34_01_0155.cnv
* Sea-Bird SBE 9 Data File:
* FileName = C:\ctd\temp\ar18d155.hex
* Software Version Seasave V 7.26.7.107
* Temperature SN = 5351
* Conductivity SN = 3941
* Number of Bytes Per Scan = 41
* Number of Voltage Words = 4
* Number of Scans Averaged by the Deck Unit = 1
* NMEA Latitude = 56 38.03 N
* NMEA Longitude = 019 35.11 E
* NMEA UTC (Time) = Dec 05 2018  20:01:55
* NMEA baud rate = 4800
** Station:  BY10
** Operator:  JKro
** Ship: ARANDA
** Average sound velocity: 1445.98 m/s
** True-depth calculation Sun, 09 Dec 2018 14:42:07 +0000
** CTD Python Module SMHI /ver 3-12/ feb 2012 
** LIMS Job: 20183401-0155
** Cruise: SMHI-7-2018
** Latitude [GG MM.mm N]:
** Longitude [GG MM.mm E]
# nquan = 26
# nvalues = 272                         
# units = specified
# name 0 = scan: Scan Count
# name 1 = prDM: Pressure, Digiquartz [db]
# name 2 = t090C: Temperature [ITS-90, deg C]
# name 3 = t190C: Temperature, 2 [ITS-90, deg C]
# name 4 = T2-T190C: Temperature Difference, 2 - 1 [ITS-90, deg C]
# name 5 = c0S/m: Conductivity [S/m]
# name 6 = c1S/m: Conductivity, 2 [S/m]
# name 7 = pumps: Pump Status
# name 8 = sbeox0ML/L: Oxygen, SBE 43 [ml/l]
# name 9 = sbeox1ML/L: Oxygen, SBE 43, 2 [ml/l]
# name 10 = altM: Altimeter [m]
# name 11 = flECO-AFL: Chl-a Fluorescence, WET Labs ECO-AFL/FL [mg/m^3]
# name 12 = flECO-AFL1: Phycocyanin Fluorescence, WET Labs ECO-AFL/FL, 2 [mg/m^3]
# name 13 = par: PAR/Irradiance, Biospherical/Lico [µE/(cm^2*s)]
# name 14 = turbWETntu0: Turbidity, WET Labs ECO [NTU]
# name 15 = sal00: Salinity, Practical [PSU]
# name 16 = sal11: Salinity, Practical, 2 [PSU]
# name 17 = secS-priS: Salinity, Practical, Difference, 2 - 1 [PSU]
# name 18 = sigma-t00: Density [sigma-t, Kg/m^3 ]
# name 19 = sigma-t11: Density, 2 [sigma-t, Kg/m^3 ]
# name 20 = depSM: Depth [salt water, m], lat = 56.6338
# name 21 = depFM: Depth [true depth, m], lat = 56.6338
# name 22 = dz/dtM: Descent Rate [m/s], WS = 2
# name 23 = svCM: Sound Velocity [Chen-Millero, m/s]
# name 24 = svCM1: Sound Velocity, 2 [Chen-Millero, m/s]
# name 25 = flag: flag
# span 0 =      31993,      39575       
# span 1 =      1.500,    137.000       
# span 2 =     4.4255,     8.5033       
# span 3 =     4.4262,     8.5053       
# span 4 =    -0.0462,     0.1897       
# span 5 =   0.820676,   1.532410       
# span 6 =   0.820971,   1.532354       
# span 7 =          1,          1       
# span 8 =    0.03343,    7.92596       
# span 9 =    1.74643,    5.97167       
# span 10 =       1.66,     103.04      
# span 11 =     0.2592,     0.9050      
# span 12 =     0.1635,     0.3589      
# span 13 = -2.159e-04, 3.8873e-01      
# span 14 =     0.1349,     3.0724      
# span 15 =     7.2796,    13.4079      
# span 16 =     7.2793,    13.4066      
# span 17 =    -0.0735,     0.0612      
# span 18 =     5.6522,    10.3172      
# span 19 =     5.6516,    10.3160      
# span 20 =      1.486,    135.701      
# span 21 =      1.519,    138.540      
# span 22 =     -0.274,      1.245      
# span 23 =    1434.81,    1460.05      
# span 24 =    1434.82,    1460.06      
# span 25 = 0.0000e+00, 0.0000e+00      
# interval = decibars: 0.5              
# start_time = Dec 05 2018 20:01:55 [NMEA time, first data scan]
# bad_flag = -9.990e-29
*END*
      31993      1.500     6.9564     6.9620     0.0055    0.83396    0.83404          1     7.8310     5.5820      97.37     0.7622     0.3208  3.887e-01  0.1855000     7.2804     7.2801    -0.0003     5.6522     5.6516      1.486      1.519      0.205    1443.97    1443.99  0.000e+00
      32076      2.000     6.9438     6.9511     0.0073    0.83364    0.83380          1     7.8296     5.5825      97.37     0.7879     0.2858  2.338e-01  0.1981000     7.2801     7.2800    -0.0001     5.6528     5.6522      1.982      2.026      0.293    1443.92    1443.95  0.000e+00
      32164      2.500     6.9229     6.9347     0.0119    0.83314    0.83340          1     7.8381     5.5786      97.39     0.7860     0.2723  5.910e-02  0.1921000     7.2797     7.2797    -0.0000     5.6539     5.6531      2.477      2.532      0.674    1443.84    1443.89  0.000e+00
      32179      3.000     6.9540     6.9567     0.0026    0.83393    0.83396          1     7.8305     5.5800      97.37     0.8191     0.2428  4.142e-02  0.1965000     7.2805     7.2802    -0.0003     5.6524     5.6520      2.973      3.038      0.683    1443.98    1443.99  0.000e+00
      32198      3.500     6.9586     6.9564    -0.0022    0.83405    0.83396          1     7.8277     5.5785      97.37     0.8081     0.2369  1.251e-02  0.2027000     7.2806     7.2802    -0.0004     5.6523     5.6521      3.468      3.545      0.528    1444.01    1444.00  0.000e+00
      32232      4.000     6.9355     6.9378     0.0023    0.83351    0.83352          1     7.8289     5.5789      97.37     0.8678     0.2872  3.700e-03  0.2022000     7.2804     7.2799    -0.0004     5.6536     5.6531      3.963      4.051      0.288    1443.92    1443.93  0.000e+00
      32280      4.500     6.9260     6.9261     0.0001    0.83325    0.83323          1     7.8230     5.5811      88.90     0.8617     0.3501 -2.159e-04  0.1849000     7.2799     7.2796    -0.0003     5.6538     5.6536      4.459      4.558      0.291    1443.89    1443.89  0.000e+00
      32313      5.000     6.9161     6.9167     0.0006    0.83304    0.83302          1     7.8233     5.5776      97.50     0.8221     0.3286  1.000e-12  0.2154000     7.2799     7.2796    -0.0003     5.6545     5.6542      4.954      5.064      0.444    1443.85    1443.86  0.000e+00
      32337      5.500     6.9143     6.9151     0.0008    0.83300    0.83299          1     7.8310     5.5739      97.37     0.8587     0.2906  1.000e-12  0.1995000     7.2799     7.2796    -0.0003     5.6546     5.6543      5.450      5.570      0.526    1443.85    1443.86  0.000e+00
      32358      6.000     6.9155     6.9170     0.0015    0.83305    0.83305          1     7.8310     5.5745      97.37     0.8470     0.3001  1.000e-12  0.2099000     7.2800     7.2797    -0.0003     5.6546     5.6543      5.945      6.077      0.587    1443.87    1443.87  0.000e+00
      32378      6.500     6.9172     6.9182     0.0010    0.83311    0.83310          1     7.8251     5.5758      88.25     0.8464     0.3311  1.000e-12  0.2062000     7.2801     7.2798    -0.0003     5.6546     5.6543      6.440      6.583      0.595    1443.88    1443.89  0.000e+00
      32399      7.000     6.9171     6.9184     0.0013    0.83311    0.83311          1     7.8252     5.5743      86.43     0.8464     0.3589  1.000e-12  0.2033000     7.2801     7.2799    -0.0003     5.6546     5.6543      6.936      7.090      0.516    1443.89    1443.90  0.000e+00
      32428      7.500     6.9165     6.9171     0.0006    0.83311    0.83309          1     7.8288     5.5689      55.46     0.8333     0.2890  1.000e-12  0.2120000     7.2802     7.2799    -0.0003     5.6547     5.6544      7.431      7.596      0.347    1443.90    1443.90  0.000e+00
      32475      8.000     6.9258     6.9252    -0.0006    0.83336    0.83332          1     7.8306     5.5747      81.42     0.8794     0.3095  1.000e-12  0.1845000     7.2805     7.2802    -0.0002     5.6543     5.6542      7.927      8.102      0.273    1443.94    1443.94  0.000e+00
      32505      8.500     6.9484     6.9435    -0.0049    0.83390    0.83375          1     7.8177     5.5732      57.01     0.9050     0.2459  1.000e-12  0.1868000     7.2807     7.2803    -0.0004     5.6530     5.6530      8.422      8.609      0.601    1444.05    1444.02  0.000e+00
      32522      9.000     6.9349     6.9318    -0.0032    0.83358    0.83348          1     7.8167     5.5785      98.08     0.8942     0.2907  1.000e-12  0.1928000     7.2805     7.2802    -0.0003     5.6537     5.6537      8.917      9.115      0.794    1444.00    1443.98  0.000e+00
      32536      9.500     6.9270     6.9263    -0.0008    0.83340    0.83334          1     7.8190     5.5851      97.38     0.8072     0.2893  1.000e-12  0.2047000     7.2804     7.2800    -0.0004     5.6542     5.6539      9.413      9.622      0.877    1443.97    1443.97  0.000e+00
      32549     10.000     6.9172     6.9158    -0.0014    0.83313    0.83307          1     7.8241     5.5861      97.39     0.8018     0.2646  1.000e-12  0.2045000     7.2799     7.2796    -0.0003     5.6544     5.6543      9.908     10.128      0.830    1443.94    1443.93  0.000e+00
      32565     10.500     6.8971     6.8989     0.0018    0.83265    0.83266          1     7.8276     5.5801      97.36     0.7409     0.2886  1.000e-12  0.1937000     7.2796     7.2793    -0.0003     5.6556     5.6552     10.404     10.635      0.588    1443.86    1443.87  0.000e+00
      32627     11.000     6.9116     6.9115    -0.0001    0.83304    0.83300          1     7.8279     5.5778      95.03     0.8056     0.3100  1.000e-12  0.1820000     7.2801     7.2798    -0.0003     5.6550     5.6548     10.899     11.141      0.357    1443.93    1443.93  0.000e+00
      32660     11.500     6.8984     6.8980    -0.0004    0.83270    0.83266          1     7.8211     5.5763      88.45     0.7950     0.2929  1.000e-12  0.1835000     7.2797     7.2794    -0.0003     5.6555     5.6553     11.394     11.647      0.742    1443.88    1443.88  0.000e+00
      32673     12.000     6.8957     6.8970     0.0012    0.83265    0.83265          1     7.8193     5.5763      97.45     0.7852     0.3006  1.000e-12  0.1885000     7.2798     7.2795    -0.0003     5.6557     5.6554     11.890     12.154      0.865    1443.88    1443.89  0.000e+00
      32686     12.500     6.8967     6.8978     0.0011    0.83268    0.83269          1     7.8202     5.5726      97.37     0.7353     0.3075  1.000e-12  0.2119000     7.2797     7.2795    -0.0002     5.6557     5.6554     12.385     12.660      0.843    1443.89    1443.90  0.000e+00
      32701     13.000     6.8972     6.8981     0.0008    0.83271    0.83270          1     7.8163     5.5685      97.37     0.7281     0.2830  1.000e-12  0.2117000     7.2798     7.2796    -0.0002     5.6557     5.6554     12.881     13.167      0.704    1443.90    1443.91  0.000e+00
      32723     13.500     6.8971     6.8979     0.0008    0.83272    0.83271          1     7.8171     5.5702      97.38     0.7439     0.2982  1.000e-12  0.1942000     7.2799     7.2796    -0.0003     5.6557     5.6555     13.376     13.673      0.504    1443.91    1443.91  0.000e+00
      32750     14.000     6.8957     6.8967     0.0010    0.83269    0.83268          1     7.8216     5.5728      97.37     0.7799     0.3207  1.000e-12  0.2011000     7.2798     7.2795    -0.0003     5.6558     5.6555     13.871     14.179      0.417    1443.91    1443.92  0.000e+00
      32780     14.500     6.8953     6.8965     0.0012    0.83268    0.83268          1     7.8245     5.5724      97.37     0.7613     0.2927  1.000e-12  0.1943000     7.2797     7.2795    -0.0002     5.6558     5.6555     14.367     14.686      0.379    1443.92    1443.92  0.000e+00
      32813     15.000     6.8952     6.8959     0.0008    0.83270    0.83269          1     7.8250     5.5723      97.37     0.7688     0.3126  1.000e-12  0.2061000     7.2799     7.2796    -0.0003     5.6559     5.6556     14.862     15.192      0.378    1443.93    1443.93  0.000e+00
      32842     15.500     6.8934     6.8969     0.0035    0.83266    0.83273          1     7.8217     5.5758      97.37     0.7539     0.2912  1.000e-12  0.1959000     7.2799     7.2798    -0.0002     5.6560     5.6557     15.358     15.699      0.463    1443.93    1443.94  0.000e+00
      32867     16.000     6.8922     6.8928     0.0006    0.83264    0.83262          1     7.8216     5.5726      97.37     0.7298     0.2908  1.000e-12  0.1879000     7.2799     7.2796    -0.0003     5.6561     5.6558     15.853     16.205      0.512    1443.93    1443.93  0.000e+00
      32889     16.500     6.8927     6.8930     0.0004    0.83266    0.83263          1     7.8242     5.5687      97.38     0.7166     0.3330  1.000e-12  0.1943000     7.2799     7.2796    -0.0003     5.6561     5.6558     16.348     16.711      0.556    1443.94    1443.94  0.000e+00
      32910     17.000     6.8919     6.8925     0.0007    0.83265    0.83263          1     7.8281     5.5742      97.37     0.7226     0.3091  1.000e-12  0.2016000     7.2799     7.2796    -0.0003     5.6561     5.6558     16.844     17.218      0.628    1443.94    1443.95  0.000e+00
      32928     17.500     6.8945     6.8940    -0.0004    0.83273    0.83268          1     7.8301     5.5751      97.36     0.7366     0.2924  1.000e-12  0.2040000     7.2801     7.2797    -0.0004     5.6561     5.6558     17.339     17.724      0.663    1443.96    1443.96  0.000e+00
      32946     18.000     6.8961     6.8981     0.0020    0.83280    0.83281          1     7.8361     5.5761      97.38     0.7027     0.2907  1.000e-12  0.1943000     7.2803     7.2799    -0.0003     5.6561     5.6558     17.834     18.231      0.586    1443.98    1443.99  0.000e+00
      32972     18.500     6.9030     6.9036     0.0006    0.83300    0.83297          1     7.8331     5.5743      97.38     0.7009     0.3194  1.000e-12  0.1918000     7.2807     7.2803    -0.0004     5.6560     5.6556     18.330     18.737      0.378    1444.02    1444.02  0.000e+00
      33015     19.000     6.9036     6.9035    -0.0001    0.83302    0.83299          1     7.8229     5.5718      97.37     0.7322     0.2961  1.000e-12  0.1956000     7.2807     7.2804    -0.0003     5.6560     5.6557     18.825     19.243      0.293    1444.03    1444.02  0.000e+00
      33045     19.500     6.9044     6.9040    -0.0004    0.83307    0.83300          1     7.8195     5.5748      97.37     0.7298     0.3004  1.000e-12  0.1897000     7.2809     7.2803    -0.0006     5.6561     5.6556     19.321     19.750      0.599    1444.04    1444.04  0.000e+00
      33062     20.000     6.9008     6.9030     0.0021    0.83295    0.83298          1     7.8154     5.5754      97.40     0.7331     0.2894  1.000e-12  0.1890000     7.2804     7.2803    -0.0002     5.6559     5.6557     19.816     20.256      0.771    1444.03    1444.04  0.000e+00
      33076     20.500     6.8994     6.8979    -0.0014    0.83292    0.83283          1     7.8171     5.5749      97.38     0.7487     0.2638  1.000e-12  0.1920000     7.2804     7.2799    -0.0005     5.6560     5.6557     20.311     20.763      0.795    1444.03    1444.03  0.000e+00
      33091     21.000     6.8959     6.8983     0.0024    0.83281    0.83285          1     7.8171     5.5783      97.37     0.7348     0.2896  1.000e-12  0.1970000     7.2801     7.2800    -0.0002     5.6560     5.6557     20.807     21.269      0.659    1444.02    1444.04  0.000e+00
      33129     21.500     6.8911     6.8950     0.0038    0.83270    0.83276          1     7.8171     5.5857      82.89     0.7474     0.2840  1.000e-12  0.1873000     7.2800     7.2798    -0.0002     5.6562     5.6558     21.302     21.775      0.345    1444.01    1444.03  0.000e+00
      33175     22.000     6.8912     6.8936     0.0024    0.83270    0.83273          1     7.8226     5.5900      98.24     0.7423     0.3028  1.000e-12  0.1902000     7.2799     7.2797    -0.0002     5.6562     5.6559     21.797     22.282      0.627    1444.02    1444.03  0.000e+00
      33189     22.500     6.8909     6.8914     0.0005    0.83270    0.83268          1     7.8239     5.5858      97.39     0.7364     0.3209  1.000e-12  0.1906000     7.2799     7.2796    -0.0003     5.6562     5.6559     22.293     22.788      0.848    1444.03    1444.03  0.000e+00
      33201     23.000     6.8913     6.8938     0.0024    0.83272    0.83277          1     7.8224     5.5850      97.38     0.7365     0.2912  1.000e-12  0.1929000     7.2800     7.2799    -0.0001     5.6562     5.6560     22.788     23.295      0.889    1444.04    1444.05  0.000e+00
      33215     23.500     6.8980     6.8987     0.0007    0.83292    0.83289          1     7.8239     5.5842      97.38     0.7536     0.2891  1.000e-12  0.1952000     7.2804     7.2799    -0.0004     5.6561     5.6557     23.284     23.801      0.781    1444.07    1444.07  0.000e+00
      33235     24.000     6.8917     6.8941     0.0023    0.83275    0.83278          1     7.8266     5.5822      97.36     0.7723     0.2925  1.000e-12  0.1969000     7.2800     7.2798    -0.0002     5.6562     5.6559     23.779     24.307      0.493    1444.06    1444.06  0.000e+00
      33275     24.500     6.8964     6.8974     0.0009    0.83290    0.83288          1     7.8233     5.5860      80.33     0.7330     0.2743  1.000e-12  0.1917000     7.2804     7.2800    -0.0004     5.6562     5.6559     24.274     24.814      0.265    1444.08    1444.09  0.000e+00
      33309     25.000     6.9032     6.9047     0.0014    0.83311    0.83310          1     7.8208     5.5859      97.60     0.7127     0.3131  1.000e-12  0.1974000     7.2808     7.2805    -0.0004     5.6561     5.6557     24.770     25.320      0.444    1444.12    1444.13  0.000e+00
      33335     25.500     6.9014     6.9033     0.0020    0.83305    0.83307          1     7.8187     5.5889      97.37     0.7290     0.3074  1.000e-12  0.1978000     7.2806     7.2804    -0.0002     5.6560     5.6558     25.265     25.827      0.481    1444.12    1444.13  0.000e+00
      33359     26.000     6.9004     6.9031     0.0028    0.83302    0.83306          1     7.8140     5.5953      97.38     0.7609     0.3297  1.000e-12  0.1915000     7.2805     7.2803    -0.0002     5.6560     5.6557     25.760     26.333      0.550    1444.12    1444.13  0.000e+00
      33379     26.500     6.9014     6.9045     0.0031    0.83305    0.83312          1     7.8157     5.5903      97.37     0.7378     0.3056  1.000e-12  0.1918000     7.2805     7.2805     0.0000     5.6559     5.6557     26.256     26.839      0.648    1444.14    1444.15  0.000e+00
      33396     27.000     6.9023     6.9046     0.0023    0.83309    0.83313          1     7.8189     5.5886      97.38     0.7308     0.2796  1.000e-12  0.1891000     7.2806     7.2805    -0.0002     5.6560     5.6557     26.751     27.346      0.675    1444.15    1444.16  0.000e+00
      33414     27.500     6.9055     6.9066     0.0011    0.83321    0.83321          1     7.8216     5.5859      86.29     0.7256     0.3208  1.000e-12  0.1894000     7.2810     7.2808    -0.0003     5.6561     5.6558     27.246     27.852      0.591    1444.17    1444.17  0.000e+00
      33438     28.000     6.9057     6.9068     0.0011    0.83324    0.83324          1     7.8207     5.5836      94.06     0.7326     0.2861  1.000e-12  0.2063000     7.2812     7.2809    -0.0003     5.6562     5.6559     27.742     28.359      0.429    1444.18    1444.18  0.000e+00
      33472     28.500     6.9058     6.9071     0.0013    0.83325    0.83325          1     7.8183     5.5939      74.19     0.7731     0.3260  1.000e-12  0.1862000     7.2813     7.2810    -0.0003     5.6563     5.6559     28.237     28.865      0.361    1444.19    1444.19  0.000e+00
