ctdpy/exports/archive_20191120_135557/received_data/SBE09_0827_20180121_0608_26_01_0141.cnv
* Sea-Bird SBE 9 Data File:
* FileName = D:\CTD_SBE911\DAT\26DA.2018.1.41.hex
* Software Version Seasave V 7.21d
* Temperature SN = 034757
* Conductivity SN = 041844
* Number of Bytes Per Scan = 48
* Number of Voltage Words = 5
* Number of Scans Averaged by the Deck Unit = 1
* NMEA Latitude = 58 03.31 N
* NMEA Longitude = 009 45.01 E
* NMEA UTC (Time) = Jan 21 2018  06:08:24
* NMEA baud rate = 4800
** Ship: DANA
** Average sound velocity: 1484.92 m/s
** True-depth calculation Thu, 28 Mar 2019 08:24:47 +0000
** CTD Python Module SMHI /ver 3-12/ feb 2012 
** LIMS Job: 20182601-0141
** 30N
** Operator: Ronny Sørensen
** Cruise: 01/2018
# nquan = 26
# nvalues = 517                         
# units = specified
# name 0 = scan: Scan Count
# name 1 = prDM: Pressure, Digiquartz [db]
# name 2 = t090C: Temperature [ITS-90, deg C]
# name 3 = t190C: Temperature, 2 [ITS-90, deg C]
# name 4 = T2-T190C: Temperature Difference, 2 - 1 [ITS-90, deg C]
# name 5 = c0S/m: Conductivity [S/m]
# name 6 = c1S/m: Conductivity, 2 [S/m]
# name 7 = pumps: Pump Status
# name 8 = sbeox1ML/L: Oxygen, SBE 43, 2 [ml/l]
# name 9 = sbeox0ML/L: Oxygen, SBE 43 [ml/l]
# name 10 = altM: Altimeter [m]
# name 11 = chloroflTC0: Chlorophyll, Turner Cyclops [ug/l]
# name 12 = cpar: CPAR/Corrected Irradiance [%]
# name 13 = par: PAR/Irradiance, Biospherical/Lico [µE/(cm^2*s)]
# name 14 = spar: SPAR, Biospherical/Licor
# name 15 = sal00: Salinity, Practical [PSU]
# name 16 = sal11: Salinity, Practical, 2 [PSU]
# name 17 = secS-priS: Salinity, Practical, Difference, 2 - 1 [PSU]
# name 18 = sigma-t00: Density [sigma-t, kg/m^3 ]
# name 19 = sigma-t11: Density, 2 [sigma-t, kg/m^3 ]
# name 20 = depSM: Depth [salt water, m], lat = 58.0552
# name 21 = depFM: Depth [true depth, m], lat = 58.0552
# name 22 = dz/dtM: Descent Rate [m/s], WS = 2
# name 23 = svCM: Sound Velocity [Chen-Millero, m/s]
# name 24 = svCM1: Sound Velocity, 2 [Chen-Millero, m/s]
# name 25 = flag: flag
# span 0 =        307,      17270       
# span 1 =      2.000,    260.000       
# span 2 =     5.2851,     8.8606       
# span 3 =     5.2900,     8.8618       
# span 4 =    -0.5084,     0.1502       
# span 5 =   3.161192,   3.710965       
# span 6 =   3.162578,   3.711258       
# span 7 =          1,          1       
# span 8 =     4.9921,     6.4621       
# span 9 =     5.0736,     6.5640       
# span 10 =       2.58,       9.99      
# span 11 =     0.0151,     0.0295      
# span 12 = 4.9241e-11, 4.9241e-11      
# span 13 = 1.0000e-12, 1.0000e-12      
# span 14 = 2.0308e+00, 2.0308e+00      
# span 15 =    32.5874,    35.1415      
# span 16 =    32.5983,    35.1578      
# span 17 =    -0.3948,     0.0630      
# span 18 =    25.7309,    27.4209      
# span 19 =    25.7390,    27.4313      
# span 20 =      1.981,    257.428      
# span 21 =      1.986,    257.834      
# span 22 =      0.104,      0.642      
# span 23 =    1468.86,    1488.00      
# span 24 =    1468.90,    1488.00      
# span 25 = 0.0000e+00, 0.0000e+00      
# interval = decibars: 0.5              
# start_time = Jan 21 2018 06:08:25 [NMEA time, first data scan]
# bad_flag = -9.990e-29
*END*
[from data line 223]
       9859    113.500     8.6692     8.6723     0.0031    3.68294    3.68280          1     5.5732     5.6314       9.95     0.0213  4.924e-11  1.000e-12  2.031e+00    34.9379    34.9334    -0.0045    27.1222    27.1182    112.417    112.581      0.446    1486.77    1486.77  0.000e+00
       9885    114.000     8.6698     8.6699    -0.0000    3.68299    3.68269          1     5.5583     5.6280       9.95     0.0214  4.924e-11  1.000e-12  2.031e+00    34.9376    34.9344    -0.0032    27.1219    27.1194    112.912    113.076      0.476    1486.78    1486.77  0.000e+00
       9910    114.500     8.6687     8.6680    -0.0006    3.68290    3.68253          1     5.5494     5.6261       9.95     0.0208  4.924e-11  1.000e-12  2.031e+00    34.9375    34.9342    -0.0033    27.1220    27.1195    113.407    113.572      0.508    1486.78    1486.78  0.000e+00
       9933    115.000     8.6675     8.6646    -0.0029    3.68278    3.68227          1     5.5412     5.6266       9.95     0.0209  4.924e-11  1.000e-12  2.031e+00    34.9372    34.9348    -0.0025    27.1219    27.1204    113.902    114.068      0.514    1486.78    1486.77  0.000e+00
       9957    115.500     8.6646     8.6591    -0.0055    3.68245    3.68179          1     5.5413     5.6239       9.95     0.0210  4.924e-11  1.000e-12  2.031e+00    34.9364    34.9348    -0.0016    27.1217    27.1213    114.397    114.564      0.477    1486.78    1486.76  0.000e+00
       9983    116.000     8.6600     8.6630     0.0030    3.68204    3.68206          1     5.5461     5.6189       9.95     0.0214  4.924e-11  1.000e-12  2.031e+00    34.9363    34.9336    -0.0027    27.1224    27.1198    114.892    115.060      0.440    1486.77    1486.78  0.000e+00
      10010    116.500     8.6715     8.7111     0.0395    3.68380    3.68702          1     5.5526     5.6103       9.95     0.0219  4.924e-11  1.000e-12  2.031e+00    34.9434    34.9382    -0.0051    27.1261    27.1159    115.387    115.556      0.466    1486.83    1486.97  0.000e+00
      10035    117.000     8.7068     8.7323     0.0255    3.68803    3.69044          1     5.5379     5.5953       9.95     0.0223  4.924e-11  1.000e-12  2.031e+00    34.9529    34.9532     0.0003    27.1280    27.1242    115.882    116.051      0.482    1486.98    1487.08  0.000e+00
      10060    117.500     8.7255     8.7331     0.0076    3.69037    3.69090          1     5.5114     5.5912       9.95     0.0220  4.924e-11  1.000e-12  2.031e+00    34.9589    34.9570    -0.0020    27.1298    27.1271    116.377    116.547      0.483    1487.07    1487.09  0.000e+00
      10085    118.000     8.7299     8.7317     0.0018    3.69089    3.69092          1     5.4891     5.5896       9.95     0.0214  4.924e-11  1.000e-12  2.031e+00    34.9597    34.9583    -0.0015    27.1297    27.1283    116.873    117.043      0.472    1487.09    1487.10  0.000e+00
      10111    118.500     8.7307     8.7325     0.0018    3.69101    3.69102          1     5.4828     5.5886       9.95     0.0214  4.924e-11  1.000e-12  2.031e+00    34.9601    34.9584    -0.0016    27.1299    27.1283    117.368    117.539      0.433    1487.10    1487.11  0.000e+00
      10141    119.000     8.7309     8.7329     0.0020    3.69105    3.69114          1     5.5077     5.5916       9.95     0.0212  4.924e-11  1.000e-12  2.031e+00    34.9601    34.9590    -0.0011    27.1298    27.1287    117.863    118.035      0.408    1487.11    1487.12  0.000e+00
      10169    119.500     8.7289     8.7321     0.0032    3.69083    3.69114          1     5.4976     5.5881       9.95     0.0217  4.924e-11  1.000e-12  2.031e+00    34.9595    34.9596     0.0001    27.1297    27.1293    118.358    118.530      0.468    1487.11    1487.13  0.000e+00
      10193    120.000     8.7287     8.7263    -0.0024    3.69082    3.69068          1     5.4869     5.5778       9.95     0.0218  4.924e-11  1.000e-12  2.031e+00    34.9594    34.9602     0.0009    27.1296    27.1307    118.853    119.026      0.519    1487.12    1487.11  0.000e+00
      10215    120.500     8.7269     8.7252    -0.0018    3.69065    3.69046          1     5.4876     5.5632       9.95     0.0222  4.924e-11  1.000e-12  2.031e+00    34.9591    34.9588    -0.0003    27.1297    27.1297    119.348    119.522      0.533    1487.12    1487.12  0.000e+00
      10238    121.000     8.7255     8.7389     0.0136    3.69057    3.69134          1     5.4934     5.5671       9.95     0.0220  4.924e-11  1.000e-12  2.031e+00    34.9594    34.9542    -0.0051    27.1301    27.1240    119.843    120.018      0.513    1487.12    1487.17  0.000e+00
      10262    121.500     8.7431     8.8090     0.0658    3.69294    3.69919          1     5.4977     5.5729       9.95     0.0217  4.924e-11  1.000e-12  2.031e+00    34.9667    34.9675     0.0008    27.1331    27.1233    120.338    120.514      0.463    1487.21    1487.45  0.000e+00
      10290    122.000     8.7888     8.8182     0.0295    3.69842    3.70127          1     5.4913     5.5717       9.95     0.0210  4.924e-11  1.000e-12  2.031e+00    34.9792    34.9802     0.0010    27.1357    27.1318    120.833    121.010      0.439    1487.40    1487.51  0.000e+00
      10316    122.500     8.8123     8.8201     0.0078    3.70110    3.70170          1     5.4811     5.5686       9.95     0.0208  4.924e-11  1.000e-12  2.031e+00    34.9839    34.9825    -0.0014    27.1356    27.1333    121.328    121.505      0.468    1487.50    1487.53  0.000e+00
      10342    123.000     8.8204     8.8259     0.0054    3.70207    3.70236          1     5.4889     5.5707       9.95     0.0214  4.924e-11  1.000e-12  2.031e+00    34.9858    34.9836    -0.0022    27.1358    27.1332    121.823    122.001      0.443    1487.54    1487.56  0.000e+00
      10371    123.500     8.8254     8.8316     0.0062    3.70270    3.70313          1     5.4908     5.5663       9.95     0.0219  4.924e-11  1.000e-12  2.031e+00    34.9874    34.9858    -0.0016    27.1363    27.1341    122.318    122.497      0.397    1487.57    1487.59  0.000e+00
      10400    124.000     8.8330     8.8421     0.0091    3.70363    3.70430          1     5.4850     5.5561       7.73     0.0216  4.924e-11  1.000e-12  2.031e+00    34.9895    34.9875    -0.0020    27.1367    27.1337    122.813    122.993      0.486    1487.61    1487.64  0.000e+00
      10422    124.500     8.8408     8.8503     0.0095    3.70460    3.70525          1     5.4620     5.5509       9.99     0.0208  4.924e-11  1.000e-12  2.031e+00    34.9917    34.9891    -0.0025    27.1372    27.1337    123.308    123.489      0.581    1487.65    1487.68  0.000e+00
      10442    125.000     8.8481     8.8596     0.0114    3.70555    3.70668          1     5.4599     5.5525       9.95     0.0208  4.924e-11  1.000e-12  2.031e+00    34.9942    34.9947     0.0005    27.1380    27.1366    123.804    123.984      0.564    1487.69    1487.73  0.000e+00
      10467    125.500     8.8522     8.8269    -0.0253    3.70612    3.70419          1     5.4713     5.5504       9.95     0.0208  4.924e-11  1.000e-12  2.031e+00    34.9959    35.0006     0.0047    27.1387    27.1464    124.299    124.480      0.406    1487.71    1487.63  0.000e+00
      10503    126.000     8.8240     8.8091    -0.0150    3.70328    3.70218          1     5.4793     5.5556       9.95     0.0208  4.924e-11  1.000e-12  2.031e+00    34.9936    34.9969     0.0033    27.1413    27.1463    124.794    124.976      0.345    1487.62    1487.56  0.000e+00
      10531    126.500     8.7975     8.7863    -0.0112    3.70059    3.70002          1     5.4838     5.5683       9.95     0.0213  4.924e-11  1.000e-12  2.031e+00    34.9912    34.9963     0.0051    27.1437    27.1495    125.289    125.472      0.526    1487.52    1487.49  0.000e+00
      10552    127.000     8.7910     8.7972     0.0062    3.70007    3.70062          1     5.4936     5.5746       9.95     0.0220  4.924e-11  1.000e-12  2.031e+00    34.9919    34.9917    -0.0003    27.1453    27.1441    125.784    125.968      0.609    1487.51    1487.53  0.000e+00
      10571    127.500     8.7974     8.8130     0.0157    3.70088    3.70210          1     5.4934     5.5751       9.95     0.0209  4.924e-11  1.000e-12  2.031e+00    34.9939    34.9914    -0.0025    27.1459    27.1414    126.279    126.463      0.586    1487.54    1487.60  0.000e+00
      10593    128.000     8.8096     8.8439     0.0343    3.70231    3.70587          1     5.4884     5.5644       9.95     0.0208  4.924e-11  1.000e-12  2.031e+00    34.9968    35.0004     0.0036    27.1461    27.1435    126.774    126.959      0.491    1487.60    1487.73  0.000e+00
      10621    128.500     8.8272     8.8486     0.0214    3.70450    3.70690          1     5.4669     5.5444       9.95     0.0210  4.924e-11  1.000e-12  2.031e+00    35.0022    35.0064     0.0041    27.1476    27.1474    127.269    127.455      0.418    1487.68    1487.76  0.000e+00
      10650    129.000     8.8409     8.8386    -0.0023    3.70611    3.70633          1     5.4599     5.5324       9.95     0.0210  4.924e-11  1.000e-12  2.031e+00    35.0053    35.0099     0.0045    27.1479    27.1518    127.764    127.951      0.409    1487.74    1487.74  0.000e+00
      10679    129.500     8.8305     8.8263    -0.0042    3.70502    3.70476          1     5.4703     5.5271       9.95     0.0208  4.924e-11  1.000e-12  2.031e+00    35.0040    35.0053     0.0014    27.1484    27.1502    128.259    128.447      0.415    1487.71    1487.70  0.000e+00
      10708    130.000     8.8265     8.8057    -0.0208    3.70484    3.70372          1     5.4593     5.5176       9.95     0.0208  4.924e-11  1.000e-12  2.031e+00    35.0058    35.0145     0.0087    27.1505    27.1606    128.754    128.942      0.438    1487.71    1487.64  0.000e+00
      10734    130.500     8.8025     8.7602    -0.0422    3.70219    3.69889          1     5.4419     5.5222       9.95     0.0205  4.924e-11  1.000e-12  2.031e+00    35.0012    35.0083     0.0071    27.1507    27.1630    129.249    129.438      0.465    1487.62    1487.47  0.000e+00
      10759    131.000     8.7644     8.7496    -0.0149    3.69832    3.69740          1     5.4383     5.5272       9.95     0.0208  4.924e-11  1.000e-12  2.031e+00    34.9978    35.0028     0.0050    27.1541    27.1604    129.744    129.934      0.510    1487.48    1487.43  0.000e+00
      10781    131.500     8.7501     8.7149    -0.0350    3.69669    3.69458          1     5.4425     5.5247       9.95     0.0208  4.924e-11  1.000e-12  2.031e+00    34.9946    35.0071     0.0125    27.1539    27.1692    130.239    130.430      0.541    1487.43    1487.32  0.000e+00
      10803    132.000     8.7294     8.6875    -0.0419    3.69435    3.69123          1     5.4327     5.5278       9.95     0.0208  4.924e-11  1.000e-12  2.031e+00    34.9901    34.9986     0.0085    27.1536    27.1669    130.734    130.926      0.538    1487.36    1487.21  0.000e+00
      10827    132.500     8.7079     8.6958    -0.0121    3.69217    3.69140          1     5.4291     5.5241       9.95     0.0208  4.924e-11  1.000e-12  2.031e+00    34.9881    34.9920     0.0039    27.1555    27.1604    131.229    131.422      0.487    1487.29    1487.24  0.000e+00
      10853    133.000     8.7080     8.7516     0.0435    3.69277    3.69721          1     5.4390     5.5155       9.95     0.0208  4.924e-11  1.000e-12  2.031e+00    34.9941    34.9979     0.0038    27.1601    27.1562    131.724    131.917      0.420    1487.30    1487.47  0.000e+00
      10883    133.500     8.7618     8.7969     0.0351    3.69926    3.70269          1     5.4063     5.5011       9.95     0.0208  4.924e-11  1.000e-12  2.031e+00    35.0092    35.0107     0.0015    27.1635    27.1591    132.220    132.413      0.431    1487.53    1487.66  0.000e+00
      10909    134.000     8.8006     8.8157     0.0151    3.70388    3.70533          1     5.3870     5.4858       9.95     0.0208  4.924e-11  1.000e-12  2.031e+00    35.0193    35.0197     0.0004    27.1652    27.1631    132.715    132.909      0.491    1487.69    1487.75  0.000e+00
      10932    134.500     8.8113     8.8237     0.0124    3.70506    3.70606          1     5.3803     5.4763       9.95     0.0208  4.924e-11  1.000e-12  2.031e+00    35.0208    35.0192    -0.0016    27.1647    27.1615    133.210    133.405      0.504    1487.74    1487.78  0.000e+00
      10957    135.000     8.8225     8.8591     0.0365    3.70652    3.71019          1     5.3902     5.4623       9.95     0.0211  4.924e-11  1.000e-12  2.031e+00    35.0250    35.0275     0.0025    27.1662    27.1623    133.705    133.901      0.471    1487.80    1487.93  0.000e+00
      10984    135.500     8.8474     8.8618     0.0144    3.70945    3.71097          1     5.3881     5.4471       9.95     0.0219  4.924e-11  1.000e-12  2.031e+00    35.0309    35.0328     0.0019    27.1669    27.1661    134.200    134.396      0.411    1487.90    1487.96  0.000e+00
      11014    136.000     8.8606     8.8617     0.0011    3.71096    3.71126          1     5.3714     5.4390       9.95     0.0208  4.924e-11  1.000e-12  2.031e+00    35.0337    35.0356     0.0020    27.1669    27.1683    134.695    134.892      0.419    1487.96    1487.97  0.000e+00
      11041    136.500     8.8573     8.8555    -0.0018    3.71070    3.71073          1     5.3563     5.4368       9.95     0.0207  4.924e-11  1.000e-12  2.031e+00    35.0339    35.0359     0.0021    27.1676    27.1695    135.190    135.388      0.480    1487.96    1487.96  0.000e+00
      11065    137.000     8.8551     8.8506    -0.0045    3.71056    3.71038          1     5.3523     5.4397       9.95     0.0208  4.924e-11  1.000e-12  2.031e+00    35.0343    35.0369     0.0026    27.1683    27.1711    135.685    135.884      0.506    1487.96    1487.95  0.000e+00
      11089    137.500     8.8518     8.8471    -0.0048    3.71028    3.71007          1     5.3671     5.4430       9.95     0.0208  4.924e-11  1.000e-12  2.031e+00    35.0343    35.0368     0.0025    27.1688    27.1716    136.180    136.380      0.472    1487.96    1487.94  0.000e+00
      11115    138.000     8.8484     8.8448    -0.0035    3.70997    3.70992          1     5.3784     5.4407       9.95     0.0205  4.924e-11  1.000e-12  2.031e+00    35.0343    35.0373     0.0029    27.1694    27.1722    136.675    136.875      0.457    1487.95    1487.94  0.000e+00
      11141    138.500     8.8439     8.8333    -0.0107    3.70957    3.70906          1     5.3750     5.4349       9.95     0.0210  4.924e-11  1.000e-12  2.031e+00    35.0342    35.0394     0.0052    27.1700    27.1758    137.170    137.371      0.488    1487.94    1487.91  0.000e+00
      11165    139.000     8.8332     8.8093    -0.0239    3.70841    3.70676          1     5.3741     5.4404       9.95     0.0210  4.924e-11  1.000e-12  2.031e+00    35.0324    35.0386     0.0062    27.1703    27.1790    137.665    137.867      0.520    1487.91    1487.83  0.000e+00
      11187    139.500     8.8169     8.7996    -0.0173    3.70673    3.70550          1     5.3776     5.4485       9.95     0.0208  4.924e-11  1.000e-12  2.031e+00    35.0305    35.0347     0.0042    27.1714    27.1774    138.160    138.363      0.514    1487.86    1487.80  0.000e+00
      11212    140.000     8.8059     8.8047    -0.0013    3.70561    3.70582          1     5.3746     5.4547       9.95     0.0208  4.924e-11  1.000e-12  2.031e+00    35.0294    35.0328     0.0035    27.1723    27.1752    138.655    138.859      0.456    1487.82    1487.82  0.000e+00
      11240    140.500     8.8039     8.8031    -0.0008    3.70551    3.70590          1     5.3733     5.4479       9.95     0.0205  4.924e-11  1.000e-12  2.031e+00    35.0300    35.0349     0.0049    27.1731    27.1770    139.150    139.354      0.420    1487.82    1487.83  0.000e+00
