ctdpy/exports/archive_20191120_135557/received_data/SBE09_0827_20181007_1947_26_01_1039.cnv
* Sea-Bird SBE 9 Data File:
* FileName = D:\CTD_SBE911\DAT\26DA.2018.10.39.hex
* Software Version Seasave V 7.21d
* Temperature SN = 4548
* Conductivity SN = 3062
* Number of Bytes Per Scan = 48
* Number of Voltage Words = 5
* Number of Scans Averaged by the Deck Unit = 1
* NMEA Latitude = 58 39.34 N
* NMEA Longitude = 018 29.87 E
* NMEA UTC (Time) = Oct 07 2018  19:49:46
* NMEA baud rate = 4800
** Ship: DANA
** Average sound velocity: 1447.69 m/s
** True-depth calculation Thu, 28 Mar 2019 12:21:04 +0000
** CTD Python Module SMHI /ver 3-12/ feb 2012 
** LIMS Job: 20182601-1039
**  20E Oja
** Operator: Christian A-KTh
** Cruise: 10/2018
# nquan = 26
# nvalues = 507                         
# units = specified
# name 0 = scan: Scan Count
# name 1 = prDM: Pressure, Digiquartz [db]
# name 2 = t090C: Temperature [ITS-90, deg C]
# name 3 = t190C: Temperature, 2 [ITS-90, deg C]
# name 4 = T2-T190C: Temperature Difference, 2 - 1 [ITS-90, deg C]
# name 5 = c0S/m: Conductivity [S/m]
# name 6 = c1S/m: Conductivity, 2 [S/m]
# name 7 = pumps: Pump Status
# name 8 = sbeox1ML/L: Oxygen, SBE 43, 2 [ml/l]
# name 9 = sbeox0ML/L: Oxygen, SBE 43 [ml/l]
# name 10 = altM: Altimeter [m]
# name 11 = chloroflTC0: Chlorophyll, Turner Cyclops [ug/l]
# name 12 = cpar: CPAR/Corrected Irradiance [%]
# name 13 = par: PAR/Irradiance, Biospherical/Lico [µE/(cm^2*s)]
# name 14 = spar: SPAR, Biospherical/Licor
# name 15 = sal00: Salinity, Practical [PSU]
# name 16 = sal11: Salinity, Practical, 2 [PSU]
# name 17 = secS-priS: Salinity, Practical, Difference, 2 - 1 [PSU]
# name 18 = sigma-t00: Density [sigma-t, kg/m^3 ]
# name 19 = sigma-t11: Density, 2 [sigma-t, kg/m^3 ]
# name 20 = depSM: Depth [salt water, m], lat = 58.6557
# name 21 = depFM: Depth [true depth, m], lat = 58.6557
# name 22 = dz/dtM: Descent Rate [m/s], WS = 2
# name 23 = svCM: Sound Velocity [Chen-Millero, m/s]
# name 24 = svCM1: Sound Velocity, 2 [Chen-Millero, m/s]
# name 25 = flag: flag
# span 0 =         -7,      20561       
# span 1 =      1.000,    254.000       
# span 2 =     3.7804,    10.9077       
# span 3 =     3.7864,    10.9079       
# span 4 =    -0.7224,     0.2527       
# span 5 =   0.774426,   1.238681       
# span 6 =   0.776439,   1.238619       
# span 7 =          1,          1       
# span 8 =     0.0204,     7.4034       
# span 9 =     0.0230,     6.8972       
# span 10 =       0.94,      11.45      
# span 11 =     0.0159,     0.0362      
# span 12 = 4.9241e-11, 2.2278e+03      
# span 13 = 1.0000e-12, 1.0000e-12      
# span 14 = 1.9856e+00, 2.0308e+00      
# span 15 =     6.7130,    11.3511      
# span 16 =     6.7130,    11.3504      
# span 17 =    -0.1411,     0.0615      
# span 18 =     4.8443,     8.9029      
# span 19 =     4.8444,     8.9025      
# span 20 =      0.991,    251.478      
# span 21 =      1.014,    256.705      
# span 22 =      0.045,      0.572      
# span 23 =    1431.29,    1459.33      
# span 24 =    1431.34,    1459.34      
# span 25 = 0.0000e+00, 0.0000e+00      
# interval = decibars: 0.5              
# start_time = Oct 07 2018 19:49:47 [NMEA time, first data scan]
# bad_flag = -9.990e-29
*END*
[from data line 168]
       8423     85.000     5.7790     5.7750    -0.0040    1.14199    1.14120          1     0.0956     0.0798       9.96     0.0170  4.924e-11  1.000e-12  2.031e+00    10.5593    10.5528    -0.0066     8.3072     8.3022     84.190     86.074      0.208    1444.43    1444.41  0.000e+00
       8476     85.500     5.7858     5.7835    -0.0023    1.14334    1.14272          1     0.0971     0.0773       9.96     0.0170  4.924e-11  1.000e-12  2.031e+00    10.5707    10.5652    -0.0054     8.3157     8.3115     84.686     86.579      0.274    1444.48    1444.47  0.000e+00
       8522     86.000     5.7907     5.7882    -0.0025    1.14436    1.14378          1     0.0908     0.0778       9.96     0.0171  4.924e-11  1.000e-12  2.031e+00    10.5792    10.5742    -0.0050     8.3221     8.3183     85.181     87.084      0.229    1444.52    1444.50  0.000e+00
       8574     86.500     5.8051     5.8030    -0.0021    1.14742    1.14662          1     0.0922     0.0756       9.96     0.0170  4.924e-11  1.000e-12  2.031e+00    10.6052    10.5978    -0.0074     8.3417     8.3361     85.676     87.589      0.259    1444.63    1444.61  0.000e+00
       8618     87.000     5.8261     5.8234    -0.0028    1.15115    1.15025          1     0.0917     0.0760       9.96     0.0170  4.924e-11  1.000e-12  2.031e+00    10.6357    10.6276    -0.0082     8.3646     8.3583     86.171     88.094      0.279    1444.76    1444.74  0.000e+00
       8661     87.500     5.8461     5.8359    -0.0102    1.15478    1.15279          1     0.0844     0.0750       9.96     0.0168  4.924e-11  1.000e-12  2.031e+00    10.6655    10.6489    -0.0166     8.3868     8.3743     86.666     88.599      0.276    1444.89    1444.83  0.000e+00
       8706     88.000     5.8618     5.8508    -0.0110    1.15789    1.15565          1     0.0870     0.0744       9.96     0.0170  4.924e-11  1.000e-12  2.031e+00    10.6915    10.6726    -0.0188     8.4063     8.3921     87.161     89.104      0.233    1445.00    1444.93  0.000e+00
       8763     88.500     5.8710     5.8649    -0.0060    1.15965    1.15844          1     0.0881     0.0737       9.96     0.0169  4.924e-11  1.000e-12  2.031e+00    10.7061    10.6960    -0.0101     8.4173     8.4096     87.656     89.609      0.236    1445.07    1445.03  0.000e+00
       8806     89.000     5.8794     5.8755    -0.0040    1.16117    1.16037          1     0.0821     0.0720       9.96     0.0169  4.924e-11  1.000e-12  2.031e+00    10.7185    10.7118    -0.0067     8.4265     8.4215     88.151     90.114      0.294    1445.12    1445.10  0.000e+00
       8852     89.500     5.8822     5.8793    -0.0029    1.16168    1.16108          1     0.0810     0.0709       9.96     0.0169  4.924e-11  1.000e-12  2.031e+00    10.7226    10.7176    -0.0050     8.4296     8.4258     88.647     90.619      0.229    1445.15    1445.13  0.000e+00
       8902     90.000     5.8894     5.8865    -0.0030    1.16304    1.16239          1     0.0821     0.0707       9.96     0.0169  4.924e-11  1.000e-12  2.031e+00    10.7338    10.7282    -0.0056     8.4380     8.4337     89.142     91.124      0.289    1445.20    1445.18  0.000e+00
       8940     90.500     5.8912     5.8890    -0.0023    1.16348    1.16305          1     0.0814     0.0692       9.96     0.0169  4.924e-11  1.000e-12  2.031e+00    10.7375    10.7339    -0.0036     8.4408     8.4381     89.637     91.629      0.308    1445.22    1445.21  0.000e+00
       8987     91.000     5.8955     5.8928    -0.0027    1.16449    1.16383          1     0.0792     0.0705       9.96     0.0166  4.924e-11  1.000e-12  2.031e+00    10.7461    10.7403    -0.0058     8.4473     8.4429     90.132     92.134      0.220    1445.26    1445.24  0.000e+00
       9040     91.500     5.9056     5.9008    -0.0047    1.16667    1.16556          1     0.0748     0.0670       9.96     0.0171  4.924e-11  1.000e-12  2.031e+00    10.7646    10.7550    -0.0096     8.4612     8.4539     90.627     92.639      0.285    1445.33    1445.30  0.000e+00
       9082     92.000     5.9100     5.9055    -0.0045    1.16779    1.16673          1     0.0766     0.0674       9.96     0.0170  4.924e-11  1.000e-12  2.031e+00    10.7742    10.7651    -0.0091     8.4685     8.4616     91.122     93.144      0.251    1445.37    1445.34  0.000e+00
       9135     92.500     5.9131     5.9098    -0.0033    1.16864    1.16782          1     0.0773     0.0698       9.96     0.0169  4.924e-11  1.000e-12  2.031e+00    10.7816    10.7746    -0.0071     8.4742     8.4688     91.617     93.649      0.235    1445.40    1445.38  0.000e+00
       9181     93.000     5.9177     5.9140    -0.0038    1.16979    1.16892          1     0.0765     0.0659       9.96     0.0171  4.924e-11  1.000e-12  2.031e+00    10.7915    10.7841    -0.0074     8.4816     8.4760     92.112     94.154      0.281    1445.44    1445.42  0.000e+00
       9223     93.500     5.9221     5.9179    -0.0043    1.17075    1.16979          1     0.0714     0.0661       8.89     0.0169  4.924e-11  1.000e-12  2.031e+00    10.7996    10.7914    -0.0082     8.4877     8.4815     92.608     94.659      0.270    1445.48    1445.45  0.000e+00
       9269     94.000     5.9296     5.9250    -0.0046    1.17237    1.17137          1     0.0732     0.0663       9.96     0.0169  4.924e-11  1.000e-12  2.031e+00    10.8133    10.8048    -0.0085     8.4980     8.4916     93.103     95.164      0.270    1445.54    1445.51  0.000e+00
       9314     94.500     5.9387     5.9311    -0.0075    1.17426    1.17261          1     0.0710     0.0654       9.96     0.0168  4.924e-11  1.000e-12  2.031e+00    10.8291    10.8151    -0.0140     8.5100     8.4994     93.598     95.669      0.248    1445.60    1445.55  0.000e+00
       9367     95.000     5.9452     5.9402    -0.0050    1.17544    1.17443          1     0.0721     0.0656       9.03     0.0169  4.924e-11  1.000e-12  2.031e+00    10.8387    10.8302    -0.0085     8.5171     8.5107     94.093     96.174      0.225    1445.65    1445.62  0.000e+00
       9414     95.500     5.9481     5.9454    -0.0027    1.17602    1.17545          1     0.0708     0.0646       8.76     0.0169  4.924e-11  1.000e-12  2.031e+00    10.8435    10.8387    -0.0048     8.5207     8.5171     94.588     96.679      0.285    1445.68    1445.66  0.000e+00
       9458     96.000     5.9532     5.9489    -0.0042    1.17713    1.17609          1     0.0694     0.0650       9.93     0.0168  4.924e-11  1.000e-12  2.031e+00    10.8528    10.8439    -0.0089     8.5277     8.5209     95.083     97.184      0.242    1445.72    1445.69  0.000e+00
       9509     96.500     5.9639     5.9569    -0.0069    1.17957    1.17798          1     0.0693     0.0635       9.96     0.0168  4.924e-11  1.000e-12  2.031e+00    10.8736    10.8600    -0.0136     8.5434     8.5331     95.578     97.689      0.267    1445.80    1445.75  0.000e+00
       9548     97.000     5.9695     5.9637    -0.0058    1.18061    1.17941          1     0.0674     0.0625       9.96     0.0170  4.924e-11  1.000e-12  2.031e+00    10.8821    10.8720    -0.0101     8.5497     8.5421     96.073     98.194      0.311    1445.84    1445.81  0.000e+00
       9595     97.500     5.9748     5.9699    -0.0049    1.18172    1.18064          1     0.0657     0.0619       9.96     0.0171  4.924e-11  1.000e-12  2.031e+00    10.8914    10.8821    -0.0092     8.5567     8.5497     96.568     98.699      0.221    1445.88    1445.85  0.000e+00
       9649     98.000     5.9783     5.9758    -0.0026    1.18236    1.18182          1     0.0668     0.0638       9.96     0.0170  4.924e-11  1.000e-12  2.031e+00    10.8965    10.8919    -0.0045     8.5605     8.5571     97.064     99.204      0.260    1445.91    1445.90  0.000e+00
       9689     98.500     5.9807     5.9787    -0.0020    1.18282    1.18239          1     0.0673     0.0612       9.96     0.0169  4.924e-11  1.000e-12  2.031e+00    10.9002    10.8965    -0.0036     8.5633     8.5605     97.559     99.709      0.298    1445.94    1445.92  0.000e+00
       9737     99.000     5.9823     5.9806    -0.0016    1.18312    1.18274          1     0.0670     0.0612       9.96     0.0170  4.924e-11  1.000e-12  2.031e+00    10.9026    10.8993    -0.0033     8.5651     8.5626     98.054    100.214      0.222    1445.95    1445.94  0.000e+00
       9791     99.500     5.9860     5.9836    -0.0025    1.18390    1.18335          1     0.0668     0.0585       9.96     0.0169  4.924e-11  1.000e-12  2.031e+00    10.9090    10.9044    -0.0046     8.5699     8.5664     98.549    100.719      0.259    1445.99    1445.97  0.000e+00
       9832    100.000     5.9878     5.9860    -0.0018    1.18429    1.18386          1     0.0660     0.0594       9.96     0.0170  4.924e-11  1.000e-12  2.031e+00    10.9123    10.9086    -0.0037     8.5723     8.5696     99.044    101.224      0.287    1446.01    1445.99  0.000e+00
       9879    100.500     5.9903     5.9884    -0.0019    1.18482    1.18435          1     0.0650     0.0601       9.96     0.0169  4.924e-11  1.000e-12  2.031e+00    10.9167    10.9126    -0.0041     8.5757     8.5726     99.539    101.729      0.237    1446.03    1446.02  0.000e+00
       9929    101.000     5.9931     5.9906    -0.0025    1.18539    1.18486          1     0.0622     0.0593       9.96     0.0169  4.924e-11  1.000e-12  2.031e+00    10.9214    10.9169    -0.0045     8.5792     8.5758    100.034    102.234      0.253    1446.06    1446.04  0.000e+00
       9973    101.500     5.9980     5.9941    -0.0040    1.18647    1.18556          1     0.0619     0.0584       9.96     0.0169  4.924e-11  1.000e-12  2.031e+00    10.9305    10.9226    -0.0078     8.5860     8.5801    100.529    102.739      0.281    1446.10    1446.07  0.000e+00
      10019    102.000     6.0003     5.9983    -0.0020    1.18696    1.18644          1     0.0618     0.0585       9.96     0.0170  4.924e-11  1.000e-12  2.031e+00    10.9344    10.9300    -0.0044     8.5890     8.5856    101.024    103.243      0.235    1446.12    1446.11  0.000e+00
      10071    102.500     6.0031     6.0003    -0.0028    1.18758    1.18693          1     0.0614     0.0570       9.96     0.0167  4.924e-11  1.000e-12  2.031e+00    10.9397    10.9341    -0.0056     8.5929     8.5887    101.519    103.748      0.250    1446.15    1446.13  0.000e+00
      10115    103.000     6.0054     6.0032    -0.0022    1.18806    1.18754          1     0.0608     0.0573       8.78     0.0168  4.924e-11  1.000e-12  2.031e+00    10.9436    10.9391    -0.0045     8.5959     8.5925    102.015    104.253      0.282    1446.17    1446.15  0.000e+00
      10160    103.500     6.0074     6.0055    -0.0019    1.18856    1.18805          1     0.0604     0.0557       9.93     0.0171  4.924e-11  1.000e-12  2.031e+00    10.9478    10.9434    -0.0045     8.5991     8.5957    102.510    104.758      0.250    1446.19    1446.18  0.000e+00
      10209    104.000     6.0110     6.0082    -0.0028    1.18920    1.18866          1     0.0586     0.0560       9.96     0.0170  4.924e-11  1.000e-12  2.031e+00    10.9530    10.9485    -0.0045     8.6029     8.5996    103.005    105.263      0.255    1446.22    1446.20  0.000e+00
      10254    104.500     6.0133     6.0115    -0.0018    1.18962    1.18922          1     0.0609     0.0580       9.96     0.0170  4.924e-11  1.000e-12  2.031e+00    10.9563    10.9529    -0.0033     8.6054     8.6028    103.500    105.768      0.259    1446.24    1446.23  0.000e+00
      10302    105.000     6.0178     6.0146    -0.0031    1.19059    1.18988          1     0.0547     0.0557       9.96     0.0170  4.924e-11  1.000e-12  2.031e+00    10.9644    10.9583    -0.0061     8.6115     8.6069    103.995    106.273      0.260    1446.28    1446.26  0.000e+00
      10346    105.500     6.0239     6.0196    -0.0043    1.19191    1.19095          1     0.0569     0.0549       9.96     0.0170  4.924e-11  1.000e-12  2.031e+00    10.9755    10.9673    -0.0082     8.6198     8.6136    104.490    106.778      0.274    1446.33    1446.30  0.000e+00
      10393    106.000     6.0277     6.0246    -0.0032    1.19273    1.19197          1     0.0570     0.0550       9.96     0.0170  4.924e-11  1.000e-12  2.031e+00    10.9823    10.9758    -0.0065     8.6249     8.6200    104.985    107.283      0.238    1446.36    1446.34  0.000e+00
      10443    106.500     6.0377     6.0304    -0.0073    1.19478    1.19318          1     0.0568     0.0544       9.96     0.0170  4.924e-11  1.000e-12  2.031e+00    10.9994    10.9858    -0.0136     8.6378     8.6275    105.480    107.788      0.261    1446.43    1446.38  0.000e+00
      10485    107.000     6.0417     6.0378    -0.0039    1.19570    1.19474          1     0.0560     0.0551       9.96     0.0171  4.924e-11  1.000e-12  2.031e+00    11.0072    10.9989    -0.0083     8.6436     8.6373    105.975    108.293      0.286    1446.47    1446.44  0.000e+00
      10531    107.500     6.0447     6.0418    -0.0029    1.19644    1.19570          1     0.0565     0.0552       9.96     0.0171  4.924e-11  1.000e-12  2.031e+00    11.0134    11.0071    -0.0064     8.6483     8.6435    106.470    108.798      0.238    1446.50    1446.47  0.000e+00
      10581    108.000     6.0474     6.0448    -0.0026    1.19705    1.19640          1     0.0570     0.0551       9.96     0.0170  4.924e-11  1.000e-12  2.031e+00    11.0186    11.0130    -0.0056     8.6522     8.6480    106.965    109.302      0.263    1446.52    1446.50  0.000e+00
      10625    108.500     6.0502     6.0482    -0.0020    1.19769    1.19716          1     0.0544     0.0537       9.96     0.0168  4.924e-11  1.000e-12  2.031e+00    11.0240    11.0193    -0.0046     8.6563     8.6528    107.460    109.807      0.261    1446.55    1446.53  0.000e+00
      10676    109.000     6.0538     6.0509    -0.0030    1.19846    1.19775          1     0.0569     0.0539       9.96     0.0170  4.924e-11  1.000e-12  2.031e+00    11.0303    11.0243    -0.0060     8.6610     8.6565    107.956    110.312      0.235    1446.58    1446.56  0.000e+00
      10721    109.500     6.0580     6.0548    -0.0032    1.19935    1.19858          1     0.0560     0.0550       9.96     0.0171  4.924e-11  1.000e-12  2.031e+00    11.0378    11.0312    -0.0066     8.6667     8.6616    108.451    110.817      0.289    1446.61    1446.59  0.000e+00
      10765    110.000     6.0614     6.0587    -0.0027    1.19996    1.19940          1     0.0531     0.0543       9.96     0.0168  4.924e-11  1.000e-12  2.031e+00    11.0426    11.0379    -0.0047     8.6702     8.6667    108.946    111.322      0.246    1446.64    1446.63  0.000e+00
      10815    110.500     6.0665     6.0624    -0.0040    1.20081    1.20006          1     0.0520     0.0518       9.96     0.0168  4.924e-11  1.000e-12  2.031e+00    11.0494    11.0431    -0.0062     8.6752     8.6706    109.441    111.827      0.255    1446.68    1446.66  0.000e+00
      10859    111.000     6.0721     6.0685    -0.0036    1.20204    1.20118          1     0.0524     0.0528       9.96     0.0170  4.924e-11  1.000e-12  2.031e+00    11.0596    11.0523    -0.0074     8.6829     8.6774    109.936    112.332      0.271    1446.73    1446.70  0.000e+00
      10907    111.500     6.0755     6.0729    -0.0026    1.20273    1.20210          1     0.0513     0.0516       9.96     0.0170  4.924e-11  1.000e-12  2.031e+00    11.0653    11.0599    -0.0054     8.6872     8.6831    110.431    112.837      0.236    1446.76    1446.74  0.000e+00
