ctdpy/exports/archive_20191120_135557/received_data/SBE09_1044_20180130_2331_34_02_0036.cnv
* Sea-Bird SBE 9 Data File:
* FileName = C:\ctd\temp\2018\ME18D036.hex
* Software Version Seasave V 7.26.6.26
* Temperature SN = 5351
* Conductivity SN = 3941
* Number of Bytes Per Scan = 41
* Number of Voltage Words = 4
* Number of Scans Averaged by the Deck Unit = 1
* NMEA Latitude = 59 39.70 N
* NMEA Longitude = 019 53.13 E
* NMEA UTC (Time) = Jan 30 2018  23:31:06
* NMEA baud rate = 4800
** Station:  Tröskeln Ålands Hav
** Operator:  JKro
** Ship: MERI
** Average sound velocity: 1429.32 m/s
** True-depth calculation Wed, 31 Jan 2018 00:26:07 +0000
** CTD Python Module SMHI /ver 3-12/ feb 2012 
** LIMS Job: 20183402-0036
** Cruise: SMHI-01-2018
** Latitude [GG MM.mm N] :
** Longitude [GG MM.mm E]:
# nquan = 26
# nvalues = 114                         
# units = specified
# name 0 = scan: Scan Count
# name 1 = prDM: Pressure, Digiquartz [db]
# name 2 = t090C: Temperature [ITS-90, deg C]
# name 3 = t190C: Temperature, 2 [ITS-90, deg C]
# name 4 = T2-T190C: Temperature Difference, 2 - 1 [ITS-90, deg C]
# name 5 = c0S/m: Conductivity [S/m]
# name 6 = c1S/m: Conductivity, 2 [S/m]
# name 7 = pumps: Pump Status
# name 8 = sbeox0ML/L: Oxygen, SBE 43 [ml/l]
# name 9 = sbeox1ML/L: Oxygen, SBE 43, 2 [ml/l]
# name 10 = altM: Altimeter [m]
# name 11 = flECO-AFL: Chl-a Fluorescence, WET Labs ECO-AFL/FL [mg/m^3]
# name 12 = flECO-AFL1: Phycocyanin Fluorescence, WET Labs ECO-AFL/FL, 2 [mg/m^3]
# name 13 = par: PAR/Irradiance, Biospherical/Lico [µE/(cm^2*s)]
# name 14 = turbWETntu0: Turbidity, WET Labs ECO [NTU]
# name 15 = sal00: Salinity, Practical [PSU]
# name 16 = sal11: Salinity, Practical, 2 [PSU]
# name 17 = secS-priS: Salinity, Practical, Difference, 2 - 1 [PSU]
# name 18 = sigma-t00: Density [sigma-t, Kg/m^3 ]
# name 19 = sigma-t11: Density, 2 [sigma-t, Kg/m^3 ]
# name 20 = depSM: Depth [salt water, m], lat = 59.6617
# name 21 = depFM: Depth [true depth, m], lat = 59.6617
# name 22 = dz/dtM: Descent Rate [m/s], WS = 2
# name 23 = svCM: Sound Velocity [Chen-Millero, m/s]
# name 24 = svCM1: Sound Velocity, 2 [Chen-Millero, m/s]
# name 25 = flag: flag
# span 0 =      13898,      18489       
# span 1 =      1.000,     57.500       
# span 2 =     3.2843,     4.5221       
# span 3 =     3.2844,     4.5221       
# span 4 =    -0.1055,     0.0271       
# span 5 =   0.632704,   0.726977       
# span 6 =   0.632715,   0.726927       
# span 7 =          1,          1       
# span 8 =    7.72560,    8.45096       
# span 9 =    7.68485,    8.41026       
# span 10 =       1.70,      61.08      
# span 11 =     0.3613,     0.5887      
# span 12 =     0.2898,     0.3949      
# span 13 = -2.690e-07, 5.7153e-01      
# span 14 =     0.3682,     1.3595      
# span 15 =     6.0427,     6.7461      
# span 16 =     6.0427,     6.7455      
# span 17 =    -0.0059,     0.0130      
# span 18 =     4.8142,     5.3491      
# span 19 =     4.8141,     5.3488      
# span 20 =      0.991,     56.951      
# span 21 =      1.014,     58.273      
# span 22 =     -0.041,      0.433      
# span 23 =    1426.34,    1433.66      
# span 24 =    1426.29,    1433.65      
# span 25 = 0.0000e+00, 0.0000e+00      
# interval = decibars: 0.5              
# start_time = Jan 30 2018 23:31:06 [NMEA time, first data scan]
# bad_flag = -9.990e-29
*END*
[from data line 56]
      16111     29.000     3.4690     3.4695     0.0005    0.64298    0.64296          1     8.3314     8.2899      31.88     0.4895     0.3193  1.000e-12  0.4880000     6.1107     6.1104    -0.0003     4.8665     4.8662     28.725     29.395      0.386    1427.64    1427.64  0.000e+00
      16142     29.500     3.4702     3.4707     0.0005    0.64322    0.64318          1     8.3340     8.2936      31.39     0.4856     0.3269  1.000e-12  0.4839000     6.1128     6.1124    -0.0005     4.8681     4.8677     29.221     29.902      0.349    1427.65    1427.65  0.000e+00
      16187     30.000     3.4727     3.4726    -0.0002    0.64355    0.64345          1     8.3425     8.2921      30.79     0.4670     0.3269  1.000e-12  0.4689000     6.1157     6.1148    -0.0009     4.8703     4.8696     29.716     30.409      0.224    1427.67    1427.67  0.000e+00
      16236     30.500     3.4693     3.4716     0.0023    0.64312    0.64335          1     8.3460     8.2993      30.25     0.4610     0.3274  1.000e-12  0.4628000     6.1119     6.1138     0.0019     4.8674     4.8688     30.211     30.916      0.331    1427.66    1427.67  0.000e+00
      16267     31.000     3.4711     3.4712     0.0001    0.64336    0.64327          1     8.3380     8.2987      29.77     0.4594     0.3327  1.000e-12  0.4732000     6.1140     6.1131    -0.0010     4.8690     4.8683     30.706     31.423      0.390    1427.68    1427.68  0.000e+00
      16302     31.500     3.4712     3.4717     0.0005    0.64337    0.64332          1     8.3401     8.3101      29.24     0.4833     0.3557  1.000e-12  0.4673000     6.1140     6.1134    -0.0006     4.8690     4.8685     31.201     31.930      0.287    1427.69    1427.69  0.000e+00
      16355     32.000     3.4726     3.4734     0.0008    0.64355    0.64358          1     8.3284     8.2916      28.26     0.4900     0.3488  1.000e-12  0.4672000     6.1155     6.1157     0.0001     4.8702     4.8703     31.697     32.436      0.224    1427.70    1427.71  0.000e+00
      16397     32.500     3.4852     3.4832    -0.0020    0.64539    0.64494          1     8.3279     8.3026      28.15     0.4741     0.3305  1.000e-12  0.4753000     6.1318     6.1276    -0.0042     4.8830     4.8797     32.192     32.943      0.365    1427.79    1427.78  0.000e+00
      16427     33.000     3.5128     3.5131     0.0002    0.64911    0.64901          1     8.3220     8.2877      27.44     0.4780     0.3091  1.000e-12  0.5076000     6.1644     6.1633    -0.0011     4.9086     4.9077     32.687     33.450      0.387    1427.97    1427.97  0.000e+00
      16465     33.500     3.5220     3.5266     0.0046    0.65090    0.65123          1     8.3176     8.2574      26.90     0.4624     0.3544  1.000e-12  0.5608000     6.1807     6.1833     0.0026     4.9215     4.9235     33.182     33.957      0.262    1428.04    1428.06  0.000e+00
      16519     34.000     3.5321     3.5339     0.0018    0.65390    0.65364          1     8.2789     8.2475      26.23     0.4752     0.3289  1.000e-12  0.5950000     6.2093     6.2063    -0.0030     4.9441     4.9418     33.678     34.463      0.236    1428.13    1428.13  0.000e+00
      16560     34.500     3.5406     3.5455     0.0049    0.65687    0.65825          1     8.2748     8.2608      26.06     0.5042     0.3485  1.000e-12  0.6798000     6.2379     6.2509     0.0130     4.9668     4.9771     34.173     34.970      0.351    1428.21    1428.25  0.000e+00
      16591     35.000     3.6376     3.6259    -0.0116    0.66660    0.66580          1     8.2541     8.2419      25.60     0.4573     0.3669  1.000e-12  0.7606000     6.3179     6.3120    -0.0059     5.0291     5.0246     34.668     35.477      0.378    1428.77    1428.70  0.000e+00
      16627     35.500     3.7459     3.7450    -0.0010    0.67425    0.67415          1     8.1795     8.1611      25.01     0.4517     0.3517  1.000e-12  0.8520000     6.3744     6.3735    -0.0009     5.0723     5.0716     35.163     35.984      0.283    1429.34    1429.33  0.000e+00
      16678     36.000     3.7777     3.7729    -0.0048    0.67621    0.67578          1     8.1313     8.1129      24.35     0.4405     0.2898  1.000e-12  0.8805000     6.3879     6.3845    -0.0033     5.0825     5.0799     35.658     36.490      0.239    1429.51    1429.48  0.000e+00
      16722     36.500     3.8085     3.8081    -0.0004    0.67803    0.67797          1     8.1309     8.1081      23.76     0.4189     0.3369  1.000e-12  0.8968000     6.4003     6.3997    -0.0005     5.0918     5.0914     36.154     36.997      0.314    1429.67    1429.67  0.000e+00
      16756     37.000     3.8929     3.8881    -0.0049    0.68339    0.68305          1     8.0972     8.0881      23.38     0.4198     0.3130  1.000e-12  0.9271000     6.4378     6.4353    -0.0025     5.1201     5.1182     36.649     37.504      0.371    1430.11    1430.09  0.000e+00
      16791     37.500     3.9492     3.9543     0.0052    0.68682    0.68709          1     8.0425     8.0369      22.89     0.4268     0.3449  1.000e-12  0.9463000     6.4612     6.4629     0.0017     5.1375     5.1388     37.144     38.010      0.293    1430.40    1430.43  0.000e+00
      16841     38.000     4.0177     4.0061    -0.0115    0.69103    0.69024          1     8.0012     7.9725      22.28     0.4145     0.3441  1.000e-12  0.9242000     6.4900     6.4843    -0.0057     5.1590     5.1547     37.639     38.517      0.237    1430.76    1430.70  0.000e+00
      16884     38.500     4.1135     4.1150     0.0015    0.69755    0.69768          1     7.9372     7.9244      21.82     0.4177     0.3283  1.000e-12  0.9815000     6.5365     6.5374     0.0010     5.1937     5.1945     38.134     39.024      0.323    1431.26    1431.27  0.000e+00
      16920     39.000     4.2147     4.2189     0.0041    0.70499    0.70530          1     7.8814     7.8865      21.29     0.3951     0.3285  1.000e-12  1.0447000     6.5908     6.5931     0.0023     5.2344     5.2361     38.630     39.530      0.322    1431.79    1431.81  0.000e+00
      16960     39.500     4.3225     4.3219    -0.0004    0.71280    0.71268          1     7.8143     7.8126      20.74     0.3762     0.2998  1.000e-12  1.1120000     6.6473     6.6462    -0.0011     5.2765     5.2756     39.125     40.037      0.274    1432.35    1432.35  0.000e+00
      17007     40.000     4.3786     4.3707    -0.0079    0.71691    0.71619          1     7.7934     7.7776      20.17     0.3706     0.3468  1.000e-12  1.1359000     6.6769     6.6713    -0.0056     5.2985     5.2943     39.620     40.544      0.256    1432.65    1432.61  0.000e+00
      17050     40.500     4.4288     4.4215    -0.0072    0.72041    0.71983          1     7.7708     7.7404      19.69     0.3658     0.3100  1.000e-12  1.1514000     6.7017     6.6974    -0.0043     5.3167     5.3135     40.115     41.050      0.316    1432.91    1432.88  0.000e+00
      17086     41.000     4.4370     4.4334    -0.0036    0.72086    0.72050          1     7.7717     7.7427      19.23     0.3807     0.3077  1.000e-12  1.2084000     6.7044     6.7015    -0.0028     5.3186     5.3164     40.610     41.557      0.327    1432.96    1432.94  0.000e+00
      17125     41.500     4.4407     4.4410     0.0003    0.72103    0.72102          1     7.7705     7.7363      18.28     0.3746     0.3171  1.000e-12  1.2231000     6.7053     6.7051    -0.0002     5.3192     5.3190     41.106     42.063      0.286    1432.99    1432.99  0.000e+00
      17168     42.000     4.4553     4.4548    -0.0005    0.72211    0.72201          1     7.7697     7.7250      17.99     0.3702     0.3171  1.000e-12  1.2112000     6.7130     6.7121    -0.0009     5.3249     5.3242     41.601     42.570      0.298    1433.07    1433.07  0.000e+00
      17206     42.500     4.4699     4.4699     0.0000    0.72310    0.72303          1     7.7610     7.7267      17.59     0.3664     0.3166  1.000e-12  1.2131000     6.7199     6.7192    -0.0007     5.3300     5.3294     42.096     43.076      0.313    1433.15    1433.15  0.000e+00
      17245     43.000     4.4696     4.4701     0.0005    0.72298    0.72297          1     7.7645     7.7239      16.73     0.3806     0.3105  1.000e-12  1.1947000     6.7187     6.7185    -0.0002     5.3290     5.3288     42.591     43.583      0.319    1433.16    1433.16  0.000e+00
      17280     43.500     4.4667     4.4664    -0.0003    0.72271    0.72264          1     7.7738     7.7248      16.57     0.3743     0.3221  1.000e-12  1.2554000     6.7166     6.7158    -0.0007     5.3274     5.3268     43.086     44.090      0.358    1433.15    1433.15  0.000e+00
      17313     44.000     4.4667     4.4674     0.0007    0.72269    0.72269          1     7.7756     7.7319      16.12     0.3716     0.3395  1.000e-12  1.2435000     6.7163     6.7161    -0.0002     5.3272     5.3270     43.582     44.596      0.347    1433.16    1433.16  0.000e+00
      17350     44.500     4.4680     4.4686     0.0006    0.72277    0.72276          1     7.7742     7.7418      15.57     0.3655     0.3354  1.000e-12  1.2032000     6.7167     6.7165    -0.0002     5.3275     5.3273     44.077     45.103      0.318    1433.17    1433.17  0.000e+00
      17389     45.000     4.4682     4.4689     0.0007    0.72276    0.72274          1     7.7687     7.7348      14.94     0.3798     0.3332  1.000e-12  1.2197000     6.7165     6.7162    -0.0002     5.3273     5.3271     44.572     45.609      0.302    1433.18    1433.18  0.000e+00
      17429     45.500     4.4690     4.4679    -0.0011    0.72281    0.72267          1     7.7656     7.7291      14.46     0.3682     0.3672  1.000e-12  1.2408000     6.7167     6.7156    -0.0011     5.3275     5.3266     45.067     46.116      0.304    1433.19    1433.18  0.000e+00
      17466     46.000     4.4663     4.4676     0.0013    0.72257    0.72263          1     7.7743     7.7342      14.01     0.3744     0.3475  1.000e-12  1.2419000     6.7150     6.7152     0.0003     5.3261     5.3263     45.562     46.622      0.361    1433.18    1433.19  0.000e+00
      17497     46.500     4.4692     4.4686    -0.0006    0.72279    0.72270          1     7.7721     7.7302      13.39     0.3730     0.3439  1.000e-12  1.2930000     6.7164     6.7156    -0.0008     5.3272     5.3266     46.058     47.129      0.389    1433.21    1433.20  0.000e+00
      17530     47.000     4.4672     4.4674     0.0002    0.72264    0.72259          1     7.7718     7.7371      12.86     0.3802     0.3036  1.000e-12  1.2833000     6.7152     6.7148    -0.0005     5.3263     5.3259     46.553     47.636      0.322    1433.20    1433.21  0.000e+00
      17574     47.500     4.4695     4.4696     0.0001    0.72283    0.72276          1     7.7686     7.7282      12.30     0.3937     0.3316  1.000e-12  1.3018000     6.7166     6.7159    -0.0007     5.3274     5.3268     47.048     48.142      0.265    1433.23    1433.22  0.000e+00
      17614     48.000     4.4737     4.4743     0.0006    0.72313    0.72313          1     7.7627     7.7187      11.80     0.3717     0.3182  1.000e-12  1.2876000     6.7188     6.7186    -0.0002     5.3290     5.3288     47.543     48.649      0.355    1433.25    1433.26  0.000e+00
      17645     48.500     4.4747     4.4749     0.0003    0.72320    0.72317          1     7.7684     7.7208      11.32     0.3714     0.3175  1.000e-12  1.2369000     6.7192     6.7188    -0.0004     5.3293     5.3289     48.038     49.155      0.393    1433.27    1433.27  0.000e+00
      17676     49.000     4.4751     4.4754     0.0003    0.72323    0.72321          1     7.7550     7.7194      10.76     0.3826     0.3153  1.000e-12  1.2781000     6.7194     6.7191    -0.0003     5.3294     5.3291     48.534     49.662      0.354    1433.28    1433.28  0.000e+00
      17716     49.500     4.4786     4.4783    -0.0003    0.72350    0.72342          1     7.7535     7.7250      10.17     0.3834     0.3065  1.000e-12  1.2594000     6.7212     6.7205    -0.0007     5.3308     5.3302     49.029     50.168      0.262    1433.30    1433.30  0.000e+00
      17763     50.000     4.4778     4.4786     0.0008    0.72344    0.72344          1     7.7561     7.7232       9.64     0.3804     0.3558  1.000e-12  1.2955000     6.7207     6.7206    -0.0002     5.3304     5.3302     49.524     50.675      0.309    1433.31    1433.31  0.000e+00
      17794     50.500     4.4798     4.4797    -0.0001    0.72359    0.72352          1     7.7548     7.7100       9.23     0.3880     0.3864  1.000e-12  1.2658000     6.7218     6.7211    -0.0007     5.3312     5.3306     50.019     51.181      0.417    1433.33    1433.33  0.000e+00
      17823     51.000     4.4837     4.4833    -0.0005    0.72391    0.72382          1     7.7629     7.7221       8.45     0.3765     0.3596  1.000e-12  1.3126000     6.7241     6.7233    -0.0008     5.3329     5.3323     50.514     51.688      0.381    1433.35    1433.35  0.000e+00
      17862     51.500     4.4916     4.4898    -0.0017    0.72454    0.72435          1     7.7622     7.7134       7.99     0.3874     0.3226  1.000e-12  1.2986000     6.7287     6.7271    -0.0016     5.3363     5.3351     51.009     52.195      0.274    1433.40    1433.39  0.000e+00
      17904     52.000     4.4917     4.4916    -0.0001    0.72454    0.72449          1     7.7474     7.7207       7.35     0.3785     0.3241  1.000e-12  1.3327000     6.7286     6.7281    -0.0005     5.3362     5.3359     51.505     52.701      0.325    1433.41    1433.41  0.000e+00
      17938     52.500     4.4934     4.4946     0.0012    0.72467    0.72471          1     7.7500     7.7155       7.08     0.3656     0.3234  1.000e-12  1.2510000     6.7295     6.7297     0.0002     5.3369     5.3370     52.000     53.208      0.338    1433.43    1433.43  0.000e+00
      17978     53.000     4.4980     4.4992     0.0012    0.72505    0.72509          1     7.7535     7.7127       6.56     0.3717     0.3127  1.000e-12  1.2131000     6.7324     6.7325     0.0001     5.3390     5.3391     52.495     53.714      0.293    1433.46    1433.47  0.000e+00
      18016     53.500     4.4998     4.5007     0.0009    0.72519    0.72521          1     7.7564     7.7135       6.05     0.3709     0.3102  1.000e-12  1.2241000     6.7333     6.7333     0.0000     5.3397     5.3397     52.990     54.221      0.343    1433.48    1433.48  0.000e+00
      18049     54.000     4.5011     4.5022     0.0010    0.72530    0.72532          1     7.7468     7.7146       5.59     0.3776     0.3167  1.000e-12  1.2615000     6.7341     6.7340    -0.0001     5.3403     5.3402     53.485     54.727      0.361    1433.49    1433.50  0.000e+00
      18085     54.500     4.5065     4.5055    -0.0010    0.72573    0.72559          1     7.7405     7.7088       5.09     0.3829     0.3182  1.000e-12  1.3595000     6.7372     6.7360    -0.0012     5.3426     5.3417     53.980     55.234      0.307    1433.53    1433.52  0.000e+00
      18134     55.000     4.5074     4.5061    -0.0013    0.72580    0.72563          1     7.7391     7.6998       4.51     0.3684     0.3167  1.000e-12  1.2544000     6.7376     6.7362    -0.0014     5.3429     5.3418     54.476     55.741      0.200    1433.54    1433.53  0.000e+00
      18197     55.500     4.5158     4.5136    -0.0022    0.72650    0.72624          1     7.7310     7.7038       3.96     0.3613     0.3181  1.000e-12  1.2373000     6.7428     6.7407    -0.0021     5.3468     5.3452     54.971     56.247      0.219    1433.59    1433.58  0.000e+00
      18246     56.000     4.5200     4.5203     0.0003    0.72681    0.72678          1     7.7289     7.6905       3.46     0.3762     0.3207  1.000e-12  1.2748000     6.7450     6.7446    -0.0004     5.3484     5.3481     55.466     56.754      0.240    1433.62    1433.62  0.000e+00
