ctdpy/exports/archive_20191120_135557/received_data/SBE09_1044_20180125_0119_34_02_0005.cnv
* Sea-Bird SBE 9 Data File:
* FileName = C:\ctd\temp\2018\ME18D005.hex
* Software Version Seasave V 7.26.6.26
* Temperature SN = 5351
* Conductivity SN = 3941
* Number of Bytes Per Scan = 41
* Number of Voltage Words = 4
* Number of Scans Averaged by the Deck Unit = 1
* NMEA Latitude = 57 17.58 N
* NMEA Longitude = 010 44.66 E
* NMEA UTC (Time) = Jan 25 2018  01:19:28
* NMEA baud rate = 4800
** Station:  Läsö Ränna
** Operator:  JKro
** Ship: MERI
** Average sound velocity: 1472.73 m/s
** True-depth calculation Sat, 27 Jan 2018 18:48:35 +0000
** CTD Python Module SMHI /ver 3-12/ feb 2012 
** LIMS Job: 20183402-0005
** Cruise: SMHI-01-2018
** Latitude [GG MM.mm N] :
** Longitude [GG MM.mm E]:
# nquan = 26
# nvalues = 85                          
# units = specified
# name 0 = scan: Scan Count
# name 1 = prDM: Pressure, Digiquartz [db]
# name 2 = t090C: Temperature [ITS-90, deg C]
# name 3 = t190C: Temperature, 2 [ITS-90, deg C]
# name 4 = T2-T190C: Temperature Difference, 2 - 1 [ITS-90, deg C]
# name 5 = c0S/m: Conductivity [S/m]
# name 6 = c1S/m: Conductivity, 2 [S/m]
# name 7 = pumps: Pump Status
# name 8 = sbeox0ML/L: Oxygen, SBE 43 [ml/l]
# name 9 = sbeox1ML/L: Oxygen, SBE 43, 2 [ml/l]
# name 10 = altM: Altimeter [m]
# name 11 = flECO-AFL: Chl-a Fluorescence, WET Labs ECO-AFL/FL [mg/m^3]
# name 12 = flECO-AFL1: Phycocyanin Fluorescence, WET Labs ECO-AFL/FL, 2 [mg/m^3]
# name 13 = par: PAR/Irradiance, Biospherical/Lico [µE/(cm^2*s)]
# name 14 = turbWETntu0: Turbidity, WET Labs ECO [NTU]
# name 15 = sal00: Salinity, Practical [PSU]
# name 16 = sal11: Salinity, Practical, 2 [PSU]
# name 17 = secS-priS: Salinity, Practical, Difference, 2 - 1 [PSU]
# name 18 = sigma-t00: Density [sigma-t, Kg/m^3 ]
# name 19 = sigma-t11: Density, 2 [sigma-t, Kg/m^3 ]
# name 20 = depSM: Depth [salt water, m], lat = 57.293
# name 21 = depFM: Depth [true depth, m], lat = 57.293
# name 22 = dz/dtM: Descent Rate [m/s], WS = 2
# name 23 = svCM: Sound Velocity [Chen-Millero, m/s]
# name 24 = svCM1: Sound Velocity, 2 [Chen-Millero, m/s]
# name 25 = flag: flag
# span 0 =      12258,      14521       
# span 1 =      1.000,     43.000       
# span 2 =     4.1657,     7.0887       
# span 3 =     4.1664,     7.0880       
# span 4 =    -0.0618,     0.1218       
# span 5 =   2.210178,   3.403029       
# span 6 =   2.210331,   3.402789       
# span 7 =          1,          1       
# span 8 =    5.79611,    7.46699       
# span 9 =    5.84516,    7.41859       
# span 10 =       2.78,      44.58      
# span 11 =     0.1799,     0.8447      
# span 12 =     0.2072,     0.3706      
# span 13 = -8.050e-04, 1.7548e-01      
# span 14 =     1.0082,     4.1588      
# span 15 =    22.7385,    33.6425      
# span 16 =    22.7395,    33.6418      
# span 17 =    -0.2337,     0.4666      
# span 18 =    18.0359,    26.3673      
# span 19 =    18.0367,    26.3673      
# span 20 =      0.991,     42.600      
# span 21 =      1.000,     42.736      
# span 22 =      0.153,      0.691      
# span 23 =    1451.64,    1477.34      
# span 24 =    1451.65,    1477.34      
# span 25 = 0.0000e+00, 0.0000e+00      
# interval = decibars: 0.5              
# start_time = Jan 25 2018 01:19:28 [NMEA time, first data scan]
# bad_flag = -9.990e-29
*END*
[from data line 56]
      13728     29.000     6.9257     6.9140    -0.0114    3.39960    3.39836          1     6.0337     6.0287      16.87     0.2482     0.3032  1.000e-12  4.1588000    33.6412    33.6390    -0.0022    26.3585    26.3584     28.731     28.843      0.611    1477.14    1477.10  0.000e+00
      13751     29.500     6.9222     6.9181    -0.0041    3.39923    3.39867          1     6.0320     6.0197      16.30     0.2477     0.3243  1.000e-12  4.0235000    33.6403    33.6381    -0.0022    26.3583    26.3571     29.226     29.339      0.412    1477.14    1477.12  0.000e+00
      13794     30.000     6.9250     6.9089    -0.0162    3.39960    3.39805          1     6.0434     6.0028      14.47     0.2404     0.2979  1.000e-12  3.7900000    33.6414    33.6402    -0.0012    26.3587    26.3600     29.722     29.836      0.275    1477.16    1477.09  0.000e+00
      13826     30.500     6.9225     6.9178    -0.0046    3.39944    3.39890          1     6.0464     6.0052       8.15     0.2204     0.2728  1.000e-12  3.9685000    33.6418    33.6405    -0.0013    26.3594    26.3590     30.217     30.332      0.557    1477.16    1477.14  0.000e+00
      13844     31.000     6.9064     6.8963    -0.0101    3.39792    3.39681          1     6.0618     6.0125       7.26     0.2216     0.3192  1.000e-12  4.0794000    33.6406    33.6383    -0.0024    26.3607    26.3602     30.712     30.828      0.638    1477.10    1477.06  0.000e+00
      13863     31.500     6.8872     6.8861    -0.0012    3.39600    3.39583          1     6.0628     6.0165      10.08     0.2328     0.2969  1.000e-12  3.9907000    33.6380    33.6373    -0.0007    26.3612    26.3608     31.208     31.324      0.552    1477.03    1477.03  0.000e+00
      13892     32.000     6.8900     6.8896    -0.0004    3.39646    3.39633          1     6.0554     6.0213      12.81     0.2346     0.3128  1.000e-12  3.7867000    33.6401    33.6391    -0.0010    26.3625    26.3617     31.703     31.820      0.335    1477.05    1477.05  0.000e+00
      13936     32.500     6.8853     6.8845    -0.0007    3.39608    3.39588          1     6.0507     6.0135      12.11     0.2577     0.3201  1.000e-12  3.7092000    33.6403    33.6390    -0.0013    26.3632    26.3623     32.198     32.317      0.336    1477.04    1477.04  0.000e+00
      13962     33.000     6.8533     6.8579     0.0044    3.39292    3.39318          1     6.0572     6.0108      11.54     0.2474     0.3122  1.000e-12  3.8410000    33.6367    33.6351    -0.0016    26.3647    26.3628     32.693     32.813      0.553    1476.92    1476.94  0.000e+00
      13982     33.500     6.8581     6.8572    -0.0011    3.39332    3.39321          1     6.0614     6.0078      11.69     0.2481     0.3160  1.000e-12  3.8131000    33.6362    33.6358    -0.0003    26.3637    26.3635     33.189     33.309      0.602    1476.95    1476.94  0.000e+00
      14002     34.000     6.8285     6.8243    -0.0041    3.39057    3.39013          1     6.0539     6.0143      11.61     0.2300     0.3153  1.000e-12  3.8208000    33.6346    33.6339    -0.0007    26.3664    26.3664     33.684     33.805      0.525    1476.84    1476.82  0.000e+00
      14031     34.500     6.8291     6.8269    -0.0021    3.39062    3.39051          1     6.0538     6.0349      11.26     0.2493     0.3084  1.000e-12  3.6054000    33.6343    33.6353     0.0010    26.3661    26.3672     34.179     34.301      0.356    1476.85    1476.84  0.000e+00
      14070     35.000     6.8429     6.8405    -0.0025    3.39200    3.39197          1     6.0579     6.0369      10.76     0.2519     0.3107  1.000e-12  3.6497000    33.6357    33.6378     0.0021    26.3654    26.3673     34.675     34.798      0.335    1476.91    1476.91  0.000e+00
      14100     35.500     6.8402     6.8473     0.0069    3.39180    3.39248          1     6.0459     6.0214      10.34     0.2410     0.3039  1.000e-12  3.5456000    33.6360    33.6365     0.0005    26.3659    26.3654     35.170     35.294      0.483    1476.91    1476.94  0.000e+00
      14122     36.000     6.8284     6.8287     0.0003    3.39070    3.39070          1     6.0530     6.0240       9.89     0.2440     0.2831  1.000e-12  3.6202000    33.6352    33.6349    -0.0002    26.3669    26.3667     35.665     35.790      0.560    1476.87    1476.87  0.000e+00
      14143     36.500     6.8347     6.8393     0.0046    3.39139    3.39178          1     6.0598     6.0289       9.44     0.2361     0.2803  1.000e-12  3.7140000    33.6364    33.6362    -0.0002    26.3670    26.3662     36.161     36.286      0.537    1476.91    1476.92  0.000e+00
      14169     37.000     6.8371     6.8382     0.0011    3.39171    3.39173          1     6.0553     6.0361       8.87     0.2319     0.3031  1.000e-12  3.6355000    33.6372    33.6365    -0.0008    26.3673    26.3666     36.656     36.782      0.374    1476.93    1476.93  0.000e+00
      14210     37.500     6.8380     6.8363    -0.0016    3.39181    3.39159          1     6.0477     6.0322       8.27     0.2314     0.2731  1.000e-12  3.4861000    33.6373    33.6365    -0.0008    26.3672    26.3668     37.151     37.278      0.323    1476.94    1476.93  0.000e+00
      14239     38.000     6.8360     6.8354    -0.0006    3.39161    3.39151          1     6.0422     6.0348       7.87     0.2473     0.2258  1.000e-12  3.5217000    33.6367    33.6362    -0.0005    26.3671    26.3668     37.647     37.775      0.528    1476.94    1476.93  0.000e+00
      14258     38.500     6.8395     6.8453     0.0059    3.39200    3.39253          1     6.0447     6.0402       7.45     0.2380     0.2072  1.000e-12  3.5895000    33.6373    33.6375     0.0002    26.3671    26.3665     38.142     38.271      0.610    1476.96    1476.98  0.000e+00
      14278     39.000     6.8399     6.8399     0.0000    3.39203    3.39202          1     6.0544     6.0329       6.97     0.2478     0.2437  1.000e-12  3.6502000    33.6371    33.6370    -0.0001    26.3668    26.3668     38.637     38.767      0.530    1476.97    1476.97  0.000e+00
      14309     39.500     6.8527     6.8543     0.0016    3.39320    3.39338          1     6.0491     6.0314       6.36     0.2520     0.3058  1.000e-12  3.6308000    33.6372    33.6376     0.0004    26.3652    26.3653     39.133     39.263      0.336    1477.03    1477.03  0.000e+00
      14347     40.000     6.8458     6.8482     0.0024    3.39270    3.39298          1     6.0536     6.0324       5.80     0.2572     0.2461  1.000e-12  3.5418000    33.6382    33.6389     0.0007    26.3669    26.3671     39.628     39.759      0.369    1477.01    1477.02  0.000e+00
      14374     40.500     6.8588     6.8626     0.0038    3.39396    3.39428          1     6.0674     6.0370       5.39     0.2507     0.2793  1.000e-12  3.7242000    33.6391    33.6389    -0.0002    26.3659    26.3652     40.123     40.256      0.499    1477.07    1477.08  0.000e+00
      14397     41.000     6.8652     6.8672     0.0020    3.39460    3.39479          1     6.0709     6.0333       4.92     0.2566     0.3135  1.000e-12  3.9510000    33.6396    33.6397     0.0001    26.3654    26.3652     40.618     40.752      0.503    1477.10    1477.11  0.000e+00
      14423     41.500     6.8698     6.8740     0.0042    3.39506    3.39544          1     6.0497     6.0230       4.37     0.2389     0.3057  1.000e-12  3.9769000    33.6398    33.6399     0.0000    26.3650    26.3644     41.114     41.248      0.426    1477.13    1477.15  0.000e+00
      14454     42.000     6.8669     6.8643    -0.0027    3.39484    3.39455          1     6.0404     6.0189       3.78     0.2432     0.3276  1.000e-12  3.9873000    33.6401    33.6395    -0.0006    26.3656    26.3654     41.609     41.744      0.376    1477.13    1477.12  0.000e+00
      14486     42.500     6.8604     6.8527    -0.0077    3.39423    3.39347          1     6.0549     6.0194       3.20     0.2285     0.2991  1.000e-12  3.8836000    33.6395    33.6386    -0.0009    26.3660    26.3663     42.104     42.240      0.352    1477.11    1477.08  0.000e+00
      14521     43.000     6.8763     6.8754    -0.0009    3.39585    3.39567          1     6.0688     6.0352       2.78     0.2551     0.3011  1.000e-12  3.9414000    33.6414    33.6404    -0.0010    26.3653    26.3647     42.600     42.736      0.153    1477.18    1477.18  0.000e+00
