ctdpy/exports/archive_20191120_135557/received_data/SBE09_1044_20180319_2321_34_02_0073.cnv
* Sea-Bird SBE 9 Data File:
* FileName = C:\ctd\temp\2018\ME18D073.hex
* Software Version Seasave V 7.26.6.26
* Temperature SN = 5351
* Conductivity SN = 3941
* Number of Bytes Per Scan = 41
* Number of Voltage Words = 4
* Number of Scans Averaged by the Deck Unit = 1
* NMEA Latitude = 58 18.90 N
* NMEA Longitude = 010 56.55 E
* NMEA UTC (Time) = Mar 19 2018  23:21:38
* NMEA baud rate = 4800
** Station:  Å14
** Operator:  OBac
** Ship: MERI
** Average sound velocity: 1472.33 m/s
** True-depth calculation Mon, 19 Mar 2018 23:48:00 +0000
** CTD Python Module SMHI /ver 3-12/ feb 2012 
** LIMS Job: 20183402-0073
** Cruise: SMHI-02-2018
** Latitude [GG MM.mm N] :
** Longitude [GG MM.mm E]:
# nquan = 26
# nvalues = 213                         
# units = specified
# name 0 = scan: Scan Count
# name 1 = prDM: Pressure, Digiquartz [db]
# name 2 = t090C: Temperature [ITS-90, deg C]
# name 3 = t190C: Temperature, 2 [ITS-90, deg C]
# name 4 = T2-T190C: Temperature Difference, 2 - 1 [ITS-90, deg C]
# name 5 = c0S/m: Conductivity [S/m]
# name 6 = c1S/m: Conductivity, 2 [S/m]
# name 7 = pumps: Pump Status
# name 8 = sbeox0ML/L: Oxygen, SBE 43 [ml/l]
# name 9 = sbeox1ML/L: Oxygen, SBE 43, 2 [ml/l]
# name 10 = altM: Altimeter [m]
# name 11 = flECO-AFL: Chl-a Fluorescence, WET Labs ECO-AFL/FL [mg/m^3]
# name 12 = flECO-AFL1: Phycocyanin Fluorescence, WET Labs ECO-AFL/FL, 2 [mg/m^3]
# name 13 = par: PAR/Irradiance, Biospherical/Lico [µE/(cm^2*s)]
# name 14 = turbWETntu0: Turbidity, WET Labs ECO [NTU]
# name 15 = sal00: Salinity, Practical [PSU]
# name 16 = sal11: Salinity, Practical, 2 [PSU]
# name 17 = secS-priS: Salinity, Practical, Difference, 2 - 1 [PSU]
# name 18 = sigma-t00: Density [sigma-t, Kg/m^3 ]
# name 19 = sigma-t11: Density, 2 [sigma-t, Kg/m^3 ]
# name 20 = depSM: Depth [salt water, m], lat = 58.315
# name 21 = depFM: Depth [true depth, m], lat = 58.315
# name 22 = dz/dtM: Descent Rate [m/s], WS = 2
# name 23 = svCM: Sound Velocity [Chen-Millero, m/s]
# name 24 = svCM1: Sound Velocity, 2 [Chen-Millero, m/s]
# name 25 = flag: flag
# span 0 =       8610,      14062       
# span 1 =      1.000,    107.000       
# span 2 =     0.0038,     7.2937       
# span 3 =     0.0081,     7.2936       
# span 4 =    -0.0234,     0.0127       
# span 5 =   2.145397,   3.552206       
# span 6 =   2.145467,   3.552470       
# span 7 =          1,          1       
# span 8 =    5.62862,    9.13943       
# span 9 =    5.64798,    9.18089       
# span 10 =       4.23,      98.77      
# span 11 =     0.0272,    13.2638      
# span 12 =     0.1579,     3.3161      
# span 13 = -1.451e-06, 3.5513e-01      
# span 14 =     0.3086,     1.7649      
# span 15 =    25.0835,    35.0277      
# span 16 =    25.0834,    35.0281      
# span 17 =    -0.0450,     0.0332      
# span 18 =    20.1074,    27.4453      
# span 19 =    20.1073,    27.4454      
# span 20 =      0.991,    105.978      
# span 21 =      0.998,    106.205      
# span 22 =     -0.053,      0.766      
# span 23 =    1436.00,    1480.67      
# span 24 =    1436.01,    1480.68      
# span 25 = 0.0000e+00, 0.0000e+00      
# interval = decibars: 0.5              
# start_time = Mar 19 2018 23:21:38 [NMEA time, first data scan]
# bad_flag = -9.990e-29
*END*
[from data line 168]
      12507     85.000     7.0065     7.0092     0.0027    3.53496    3.53526          1     5.6881     5.7008      26.18     0.0669     0.2338  1.000e-12  0.8095000    35.0222    35.0227     0.0005    27.4354    27.4355     84.193     84.396      0.488    1480.11    1480.12  0.000e+00
      12534     85.500     7.0103     7.0109     0.0006    3.53535    3.53545          1     5.6921     5.7016      25.61     0.0469     0.2470  1.000e-12  0.8677000    35.0223    35.0229     0.0006    27.4350    27.4354     84.688     84.892      0.437    1480.13    1480.13  0.000e+00
      12561     86.000     7.0083     7.0086     0.0004    3.53518    3.53525          1     5.6885     5.7002      25.11     0.0667     0.1875  1.000e-12  0.8553000    35.0223    35.0228     0.0005    27.4353    27.4356     85.183     85.387      0.500    1480.13    1480.13  0.000e+00
      12582     86.500     7.0051     7.0045    -0.0006    3.53487    3.53486          1     5.6864     5.6947      24.69     0.0544     0.1761  1.000e-12  0.8490000    35.0219    35.0223     0.0004    27.4354    27.4358     85.678     85.883      0.620    1480.12    1480.12  0.000e+00
      12600     87.000     6.9955     6.9949    -0.0005    3.53395    3.53394          1     5.6846     5.6973      24.26     0.0556     0.2574  1.000e-12  0.8864000    35.0213    35.0218     0.0005    27.4362    27.4367     86.173     86.379      0.685    1480.09    1480.09  0.000e+00
      12617     87.500     6.9923     6.9925     0.0002    3.53369    3.53376          1     5.6837     5.7011      23.82     0.0561     0.2562  1.000e-12  0.9131000    35.0214    35.0219     0.0005    27.4368    27.4372     86.669     86.874      0.670    1480.09    1480.09  0.000e+00
      12636     88.000     6.9914     6.9920     0.0006    3.53363    3.53373          1     5.6852     5.7006      23.44     0.0552     0.2222  1.000e-12  0.9185000    35.0214    35.0219     0.0005    27.4369    27.4372     87.164     87.370      0.588    1480.09    1480.10  0.000e+00
      12659     88.500     6.9911     6.9917     0.0006    3.53364    3.53373          1     5.6866     5.6956      22.89     0.0638     0.2072  1.000e-12  0.9341000    35.0216    35.0219     0.0004    27.4371    27.4373     87.659     87.866      0.478    1480.10    1480.11  0.000e+00
      12687     89.000     6.9957     6.9965     0.0008    3.53420    3.53431          1     5.6829     5.6910      22.24     0.0569     0.2270  1.000e-12  0.9308000    35.0228    35.0231     0.0004    27.4374    27.4376     88.154     88.361      0.420    1480.13    1480.13  0.000e+00
      12715     89.500     7.0008     7.0009     0.0002    3.53476    3.53483          1     5.6794     5.6914      21.69     0.0667     0.2285  1.000e-12  0.8848000    35.0236    35.0242     0.0006    27.4373    27.4378     88.649     88.857      0.482    1480.16    1480.16  0.000e+00
      12737     90.000     7.0018     7.0018    -0.0000    3.53490    3.53494          1     5.6775     5.6915      21.23     0.0661     0.2439  1.000e-12  0.8852000    35.0238    35.0243     0.0004    27.4373    27.4377     89.144     89.353      0.607    1480.17    1480.17  0.000e+00
      12755     90.500     7.0001     7.0000    -0.0001    3.53482    3.53487          1     5.6791     5.6891      20.81     0.0649     0.2297  1.000e-12  0.8639000    35.0244    35.0250     0.0006    27.4381    27.4386     89.639     89.848      0.691    1480.18    1480.17  0.000e+00
      12772     91.000     6.9963     6.9963     0.0000    3.53455    3.53458          1     5.6821     5.6887      20.35     0.0656     0.2253  1.000e-12  0.8531000    35.0250    35.0254     0.0004    27.4391    27.4394     90.134     90.344      0.710    1480.17    1480.17  0.000e+00
      12789     91.500     6.9901     6.9899    -0.0001    3.53401    3.53404          1     5.6795     5.6916      19.89     0.0662     0.2313  1.000e-12  0.8429000    35.0252    35.0256     0.0005    27.4401    27.4405     90.630     90.840      0.658    1480.15    1480.15  0.000e+00
      12809     92.000     6.9853     6.9856     0.0003    3.53359    3.53364          1     5.6867     5.6923      19.35     0.0585     0.2275  1.000e-12  0.8672000    35.0252    35.0255     0.0002    27.4408    27.4409     91.125     91.335      0.542    1480.14    1480.14  0.000e+00
      12835     92.500     6.9768     6.9782     0.0014    3.53276    3.53292          1     5.6756     5.6880      18.77     0.0424     0.2044  1.000e-12  0.9158000    35.0244    35.0246     0.0003    27.4413    27.4413     91.620     91.831      0.423    1480.12    1480.12  0.000e+00
      12864     93.000     6.9679     6.9692     0.0013    3.53188    3.53205          1     5.6608     5.6867      18.31     0.0519     0.2038  1.000e-12  0.9736000    35.0235    35.0240     0.0005    27.4418    27.4421     92.115     92.327      0.459    1480.09    1480.10  0.000e+00
      12887     93.500     6.9599     6.9605     0.0006    3.53107    3.53116          1     5.6625     5.6872      17.83     0.0636     0.2329  1.000e-12  1.0348000    35.0225    35.0229     0.0004    27.4422    27.4424     92.610     92.822      0.590    1480.07    1480.07  0.000e+00
      12906     94.000     6.9543     6.9546     0.0003    3.53051    3.53059          1     5.6611     5.6814      17.39     0.0656     0.2515  1.000e-12  1.0446000    35.0218    35.0223     0.0006    27.4424    27.4428     93.105     93.318      0.666    1480.05    1480.05  0.000e+00
      12923     94.500     6.9504     6.9506     0.0002    3.53015    3.53021          1     5.6625     5.6760      16.96     0.0669     0.2618  1.000e-12  1.0590000    35.0215    35.0220     0.0005    27.4426    27.4430     93.600     93.814      0.651    1480.04    1480.04  0.000e+00
      12943     95.000     6.9526     6.9524    -0.0002    3.53042    3.53043          1     5.6610     5.6772      16.52     0.0769     0.2125  1.000e-12  1.1117000    35.0220    35.0222     0.0002    27.4428    27.4430     94.095     94.309      0.558    1480.06    1480.06  0.000e+00
      12967     95.500     6.9550     6.9553     0.0003    3.53072    3.53079          1     5.6608     5.6788      15.98     0.0771     0.2488  1.000e-12  1.1007000    35.0226    35.0231     0.0005    27.4429    27.4433     94.591     94.805      0.469    1480.08    1480.08  0.000e+00
      12994     96.000     6.9616     6.9603    -0.0013    3.53149    3.53138          1     5.6596     5.6745      15.27     0.0565     0.2375  1.000e-12  1.1247000    35.0241    35.0241     0.0000    27.4432    27.4434     95.086     95.301      0.483    1480.12    1480.11  0.000e+00
      13017     96.500     6.9709     6.9702    -0.0007    3.53252    3.53248          1     5.6551     5.6735      14.87     0.0885     0.2149  1.000e-12  1.0844000    35.0257    35.0261     0.0004    27.4432    27.4435     95.581     95.796      0.573    1480.16    1480.16  0.000e+00
      13036     97.000     6.9738     6.9740     0.0002    3.53289    3.53296          1     5.6499     5.6693      14.50     0.0739     0.2189  1.000e-12  1.0377000    35.0266    35.0272     0.0006    27.4434    27.4439     96.076     96.292      0.651    1480.18    1480.18  0.000e+00
      13054     97.500     6.9766     6.9765    -0.0001    3.53325    3.53328          1     5.6515     5.6708      14.10     0.0658     0.2422  1.000e-12  1.0094000    35.0276    35.0279     0.0003    27.4438    27.4441     96.571     96.788      0.685    1480.20    1480.20  0.000e+00
      13071     98.000     6.9765     6.9766     0.0001    3.53328    3.53333          1     5.6531     5.6724      13.66     0.0656     0.2123  1.000e-12  0.9854000    35.0277    35.0281     0.0004    27.4439    27.4442     97.066     97.283      0.651    1480.21    1480.21  0.000e+00
      13091     98.500     6.9731     6.9696    -0.0035    3.53296    3.53263          1     5.6549     5.6663      13.07     0.0400     0.2072  1.000e-12  0.9845000    35.0273    35.0273    -0.0000    27.4441    27.4446     97.561     97.779      0.539    1480.21    1480.19  0.000e+00
      13117     99.000     6.9659     6.9744     0.0084    3.53227    3.53317          1     5.6535     5.6617      12.47     0.0530     0.2259  1.000e-12  1.0278000    35.0269    35.0281     0.0012    27.4448    27.4446     98.057     98.275      0.425    1480.18    1480.22  0.000e+00
      13146     99.500     6.9680     6.9709     0.0029    3.53251    3.53279          1     5.6512     5.6635      11.99     0.0557     0.2338  1.000e-12  1.0409000    35.0271    35.0273     0.0002    27.4447    27.4444     98.552     98.770      0.483    1480.20    1480.21  0.000e+00
      13168    100.000     6.9679     6.9689     0.0010    3.53250    3.53265          1     5.6489     5.6660      11.56     0.0748     0.2355  1.000e-12  1.2252000    35.0268    35.0275     0.0006    27.4445    27.4448     99.047     99.266      0.594    1480.21    1480.21  0.000e+00
      13187    100.500     6.9615     6.9624     0.0009    3.53189    3.53202          1     5.6455     5.6678      11.11     0.0710     0.2432  1.000e-12  1.2038000    35.0264    35.0269     0.0005    27.4450    27.4453     99.542     99.762      0.639    1480.19    1480.20  0.000e+00
      13205    101.000     6.9619     6.9617    -0.0002    3.53193    3.53197          1     5.6424     5.6702      10.64     0.0686     0.2221  1.000e-12  1.1652000    35.0262    35.0267     0.0006    27.4448    27.4453    100.037    100.257      0.619    1480.20    1480.20  0.000e+00
      13225    101.500     6.9631     6.9624    -0.0007    3.53208    3.53205          1     5.6453     5.6666      10.15     0.0780     0.1729  1.000e-12  1.1584000    35.0264    35.0267     0.0003    27.4447    27.4451    100.532    100.753      0.579    1480.21    1480.21  0.000e+00
      13247    102.000     6.9640     6.9636    -0.0003    3.53220    3.53220          1     5.6500     5.6616       9.63     0.0569     0.1674  1.000e-12  1.2147000    35.0265    35.0268     0.0003    27.4447    27.4451    101.027    101.249      0.559    1480.23    1480.22  0.000e+00
      13268    102.500     6.9630     6.9622    -0.0008    3.53213    3.53207          1     5.6496     5.6631       9.12     0.0549     0.2173  1.000e-12  1.1924000    35.0265    35.0267     0.0002    27.4449    27.4451    101.522    101.744      0.558    1480.23    1480.23  0.000e+00
      13290    103.000     6.9637     6.9616    -0.0020    3.53222    3.53204          1     5.6479     5.6616       8.62     0.0677     0.2975  1.000e-12  1.1605000    35.0265    35.0267     0.0001    27.4448    27.4452    102.017    102.240      0.557    1480.24    1480.23  0.000e+00
      13311    103.500     6.9594     6.9602     0.0007    3.53182    3.53192          1     5.6422     5.6494       8.11     0.0666     0.2237  1.000e-12  1.1563000    35.0262    35.0266     0.0004    27.4451    27.4453    102.512    102.736      0.545    1480.23    1480.24  0.000e+00
      13334    104.000     6.9597     6.9599     0.0002    3.53187    3.53192          1     5.6358     5.6480       7.62     0.0674     0.2639  1.000e-12  1.1948000    35.0263    35.0266     0.0003    27.4451    27.4454    103.008    103.231      0.505    1480.24    1480.24  0.000e+00
      13359    104.500     6.9596     6.9599     0.0004    3.53188    3.53195          1     5.6286     5.6556       7.09     0.0814     0.2651  1.000e-12  1.2285000    35.0262    35.0266     0.0004    27.4451    27.4454    103.503    103.727      0.498    1480.25    1480.25  0.000e+00
      13382    105.000     6.9597     6.9602     0.0005    3.53190    3.53200          1     5.6389     5.6559       6.62     0.0571     0.2636  1.000e-12  1.1923000    35.0260    35.0266     0.0006    27.4450    27.4454    103.998    104.223      0.573    1480.26    1480.26  0.000e+00
      13401    105.500     6.9605     6.9605    -0.0000    3.53201    3.53204          1     5.6431     5.6566       6.17     0.0779     0.2585  1.000e-12  1.2101000    35.0262    35.0265     0.0003    27.4450    27.4452    104.493    104.718      0.632    1480.27    1480.27  0.000e+00
      13420    106.000     6.9622     6.9610    -0.0012    3.53223    3.53212          1     5.6353     5.6580       5.68     0.0860     0.2432  1.000e-12  1.2183000    35.0266    35.0266     0.0000    27.4451    27.4453    104.988    105.214      0.571    1480.29    1480.28  0.000e+00
      13448    106.500     6.9607     6.9603    -0.0004    3.53212    3.53208          1     5.6372     5.6630       5.04     0.0651     0.2530  1.000e-12  1.1900000    35.0267    35.0267     0.0000    27.4453    27.4454    105.483    105.710      0.308    1480.29    1480.29  0.000e+00
      14062    107.000     6.9618     6.9621     0.0003    3.53224    3.53230          1     5.6403     5.6583       4.23     0.0767     0.2100  1.000e-12  1.0099000    35.0267    35.0270     0.0003    27.4452    27.4454    105.978    106.205     -0.053    1480.30    1480.30  0.000e+00
