ctdpy/exports/archive_20191120_135557/received_data/SBE09_0827_20180127_0606_26_01_0230.cnv
* Sea-Bird SBE 9 Data File:
* FileName = D:\CTD_SBE911\DAT\26DA.2018.1.130.hex
* Software Version Seasave V 7.21d
* Temperature SN = 034757
* Conductivity SN = 041844
* Number of Bytes Per Scan = 48
* Number of Voltage Words = 5
* Number of Scans Averaged by the Deck Unit = 1
* NMEA Latitude = 57 00.99 N
* NMEA Longitude = 012 12.45 E
* NMEA UTC (Time) = Jan 27 2018  06:07:04
* NMEA baud rate = 4800
** Ship: DANA
** Average sound velocity: 1460.71 m/s
** True-depth calculation Thu, 28 Mar 2019 08:32:15 +0000
** CTD Python Module SMHI /ver 3-12/ feb 2012 
** LIMS Job: 20182601-0230
** Galfabæck
** Operator: Ronny Sørensen
** Cruise: 01/2018
# nquan = 26
# nvalues = 60                          
# units = specified
# name 0 = scan: Scan Count
# name 1 = prDM: Pressure, Digiquartz [db]
# name 2 = t090C: Temperature [ITS-90, deg C]
# name 3 = t190C: Temperature, 2 [ITS-90, deg C]
# name 4 = T2-T190C: Temperature Difference, 2 - 1 [ITS-90, deg C]
# name 5 = c0S/m: Conductivity [S/m]
# name 6 = c1S/m: Conductivity, 2 [S/m]
# name 7 = pumps: Pump Status
# name 8 = sbeox1ML/L: Oxygen, SBE 43, 2 [ml/l]
# name 9 = sbeox0ML/L: Oxygen, SBE 43 [ml/l]
# name 10 = altM: Altimeter [m]
# name 11 = chloroflTC0: Chlorophyll, Turner Cyclops [ug/l]
# name 12 = cpar: CPAR/Corrected Irradiance [%]
# name 13 = par: PAR/Irradiance, Biospherical/Lico [µE/(cm^2*s)]
# name 14 = spar: SPAR, Biospherical/Licor
# name 15 = sal00: Salinity, Practical [PSU]
# name 16 = sal11: Salinity, Practical, 2 [PSU]
# name 17 = secS-priS: Salinity, Practical, Difference, 2 - 1 [PSU]
# name 18 = sigma-t00: Density [sigma-t, kg/m^3 ]
# name 19 = sigma-t11: Density, 2 [sigma-t, kg/m^3 ]
# name 20 = depSM: Depth [salt water, m], lat = 57.0165
# name 21 = depFM: Depth [true depth, m], lat = 57.0165
# name 22 = dz/dtM: Descent Rate [m/s], WS = 2
# name 23 = svCM: Sound Velocity [Chen-Millero, m/s]
# name 24 = svCM1: Sound Velocity, 2 [Chen-Millero, m/s]
# name 25 = flag: flag
# span 0 =        -26,       5124       
# span 1 =      1.500,     31.000       
# span 2 =     2.7572,     7.6514       
# span 3 =     2.7689,     7.6584       
# span 4 =    -1.4007,     0.0431       
# span 5 =   1.510017,   3.504556       
# span 6 =   1.513001,   3.500044       
# span 7 =          1,          1       
# span 8 =     5.6369,     7.7679       
# span 9 =     5.6910,     8.2436       
# span 10 =       1.73,       9.96      
# span 11 =     0.0247,     0.0435      
# span 12 = 4.9241e-11, 4.9241e-11      
# span 13 = 1.0000e-12, 1.0000e-12      
# span 14 = 2.0308e+00, 2.0308e+00      
# span 15 =    15.6848,    34.0731      
# span 16 =    15.7122,    34.0176      
# span 17 =    -6.4330,     0.0420      
# span 18 =    12.5068,    26.5969      
# span 19 =    12.5283,    26.5524      
# span 20 =      1.486,     30.713      
# span 21 =      1.509,     30.954      
# span 22 =     -0.024,      0.298      
# span 23 =    1436.34,    1480.51      
# span 24 =    1436.45,    1480.47      
# span 25 = 0.0000e+00, 0.0000e+00      
# interval = decibars: 0.5              
# start_time = Jan 27 2018 06:07:05 [NMEA time, first data scan]
# bad_flag = -9.990e-29
*END*
        -26      1.500     2.7572     2.7786     0.0212    1.51002    1.51468          1     7.7679     8.2436       9.96     0.0293  4.924e-11  1.000e-12  2.031e+00    15.6848    15.7268     0.0420    12.5068    12.5395      1.486      1.509      0.236    1436.34    1436.49  0.000e+00
        305      2.000     2.7758     2.7767     0.0010    1.51582    1.51606          1     7.7384     7.6845       9.96     0.0288  4.924e-11  1.000e-12  2.031e+00    15.7409    15.7431     0.0022    12.5508    12.5526      1.982      2.012      0.276    1436.51    1436.51  0.000e+00
        492      2.500     2.7770     2.7704    -0.0066    1.51635    1.51394          1     7.7452     7.5599       9.96     0.0284  4.924e-11  1.000e-12  2.031e+00    15.7461    15.7222    -0.0239    12.5550    12.5361      2.477      2.515      0.275    1436.53    1436.47  0.000e+00
        542      3.000     2.7983     2.7689    -0.0294    1.52456    1.51300          1     7.7499     7.7472       9.95     0.0276  4.924e-11  1.000e-12  2.031e+00    15.8279    15.7122    -0.1157    12.6194    12.5283      2.972      3.018      0.230    1436.74    1436.45  0.000e+00
        591      3.500     2.8758     2.7966    -0.0791    1.55271    1.52109          1     7.7274     7.7847       9.96     0.0282  4.924e-11  1.000e-12  2.031e+00    16.1062    15.7896    -0.3166    12.8383    12.5889      3.468      3.521      0.266    1437.45    1436.69  0.000e+00
        641      4.000     2.8877     2.8436    -0.0440    1.55620    1.53799          1     7.7441     7.7279       9.95     0.0296  4.924e-11  1.000e-12  2.031e+00    16.1393    15.9564    -0.1829    12.8643    12.7202      3.963      4.023      0.224    1437.56    1437.12  0.000e+00
        689      4.500     2.9860     2.8681    -0.1179    1.59316    1.54737          1     7.6590     7.7036       9.95     0.0300  4.924e-11  1.000e-12  2.031e+00    16.5043    16.0496    -0.4547    13.1510    12.7935      4.459      4.526      0.251    1438.48    1437.36  0.000e+00
        745      5.000     3.3281     2.9840    -0.3438    1.71401    1.57470          1     7.5568     7.6311       9.95     0.0301  4.924e-11  1.000e-12  2.031e+00    17.6802    16.2982    -1.3821    14.0717    12.9872      4.954      5.029      0.251    1441.53    1438.21  0.000e+00
        785      5.500     3.5382     3.2730    -0.2652    1.78608    1.66847          1     7.5744     7.5349       9.95     0.0296  4.924e-11  1.000e-12  2.031e+00    18.3714    17.1994    -1.1721    14.6106    13.6920      5.449      5.531      0.291    1443.36    1440.68  0.000e+00
        839      6.000     3.5774     3.4414    -0.1360    1.80460    1.74478          1     7.5044     7.5153       9.96     0.0278  4.924e-11  1.000e-12  2.031e+00    18.5565    17.9631    -0.5933    14.7555    14.2912      5.945      6.033      0.243    1443.78    1442.42  0.000e+00
        881      6.500     3.6417     3.5661    -0.0758    1.82297    1.78961          1     7.4840     7.5390       9.95     0.0256  4.924e-11  1.000e-12  2.031e+00    18.7249    18.3949    -0.3300    14.8859    14.6279      6.440      6.534      0.298    1444.29    1443.53  0.000e+00
        933      7.000     3.6744     3.6130    -0.0613    1.83480    1.81184          1     7.4552     7.5503       9.95     0.0252  4.924e-11  1.000e-12  2.031e+00    18.8382    18.6167    -0.2215    14.9740    14.8015      6.936      7.036      0.218    1444.59    1444.03  0.000e+00
        981      7.500     3.6818     3.6491    -0.0326    1.83869    1.82464          1     7.4241     7.5500       9.96     0.0247  4.924e-11  1.000e-12  2.031e+00    18.8772    18.7390    -0.1382    15.0046    14.8966      7.431      7.538      0.270    1444.68    1444.35  0.000e+00
       1033      8.000     3.6897     3.6716    -0.0181    1.84102    1.83456          1     7.4344     7.5459       9.96     0.0252  4.924e-11  1.000e-12  2.031e+00    18.8986    18.8368    -0.0618    15.0211    14.9730      7.926      8.040      0.221    1444.75    1444.59  0.000e+00
       1082      8.500     3.6975     3.6838    -0.0137    1.84483    1.83883          1     7.4265     7.5379       9.96     0.0252  4.924e-11  1.000e-12  2.031e+00    18.9365    18.8774    -0.0591    15.0507    15.0046      8.422      8.541      0.259    1444.84    1444.70  0.000e+00
       1130      9.000     3.7147     3.6929    -0.0219    1.85080    1.84280          1     7.4297     7.5286       9.95     0.0249  4.924e-11  1.000e-12  2.031e+00    18.9930    18.9163    -0.0767    15.0946    15.0349      8.917      9.043      0.251    1444.99    1444.80  0.000e+00
       1175      9.500     3.7525     3.7149    -0.0376    1.86568    1.84906          1     7.4469     7.5132       9.95     0.0263  4.924e-11  1.000e-12  2.031e+00    19.1370    18.9733    -0.1637    15.2067    15.0790      9.413      9.545      0.261    1445.35    1444.98  0.000e+00
       1226     10.000     3.7877     3.7266    -0.0611    1.88049    1.85573          1     7.4320     7.5025       9.95     0.0258  4.924e-11  1.000e-12  2.031e+00    19.2816    19.0408    -0.2408    15.3195    15.1319      9.908     10.046      0.225    1445.70    1445.12  0.000e+00
       1277     10.500     3.7970     3.7580    -0.0389    1.88351    1.86783          1     7.4262     7.4892       9.96     0.0257  4.924e-11  1.000e-12  2.031e+00    19.3096    19.1574    -0.1522    15.3412    15.2226     10.403     10.548      0.253    1445.78    1445.42  0.000e+00
       1328     11.000     3.8021     3.7613    -0.0407    1.88608    1.87098          1     7.3905     7.4772       9.95     0.0285  4.924e-11  1.000e-12  2.031e+00    19.3351    19.1905    -0.1446    15.3611    15.2487     10.899     11.050      0.212    1445.85    1445.48  0.000e+00
       1383     11.500     3.8136     3.7793    -0.0344    1.89201    1.87596          1     7.3766     7.4738       9.96     0.0282  4.924e-11  1.000e-12  2.031e+00    19.3944    19.2355    -0.1589    15.4075    15.2834     11.394     11.551      0.264    1445.98    1445.63  0.000e+00
       1427     12.000     3.8288     3.7898    -0.0390    1.89761    1.88322          1     7.3900     7.4709       9.95     0.0278  4.924e-11  1.000e-12  2.031e+00    19.4477    19.3102    -0.1375    15.4489    15.3420     11.889     12.053      0.253    1446.12    1445.78  0.000e+00
       1476     12.500     3.8426     3.7982    -0.0444    1.90140    1.88679          1     7.3901     7.4572       9.95     0.0278  4.924e-11  1.000e-12  2.031e+00    19.4817    19.3449    -0.1367    15.4750    15.3691     12.385     12.554      0.253    1446.24    1445.87  0.000e+00
       1522     13.000     3.8598     3.8146    -0.0453    1.90580    1.89213          1     7.3781     7.4412       9.95     0.0273  4.924e-11  1.000e-12  2.031e+00    19.5203    19.3946    -0.1257    15.5046    15.4076     12.880     13.056      0.262    1446.37    1446.01  0.000e+00
       1568     13.500     3.9272     3.8381    -0.0891    1.92248    1.89750          1     7.3704     7.3788       9.95     0.0286  4.924e-11  1.000e-12  2.031e+00    19.6659    19.4404    -0.2254    15.6160    15.4425     13.376     13.557      0.252    1446.86    1446.18  0.000e+00
       1618     14.000     3.9900     3.8868    -0.1032    1.94148    1.91005          1     7.3487     7.3149       9.96     0.0268  4.924e-11  1.000e-12  2.031e+00    19.8396    19.5513    -0.2883    15.7499    15.5275     13.871     14.059      0.237    1447.36    1446.54  0.000e+00
       1669     14.500     4.1800     3.9394    -0.2406    2.00248    1.92437          1     7.2755     7.2452       9.96     0.0271  4.924e-11  1.000e-12  2.031e+00    20.4015    19.6792    -0.7222    16.1830    15.6259     14.366     14.560      0.224    1448.91    1446.94  0.000e+00
       1719     15.000     4.4350     3.9928    -0.4421    2.10079    1.94123          1     7.1654     7.1513       9.96     0.0291  4.924e-11  1.000e-12  2.031e+00    21.3316    19.8348    -1.4968    16.9020    15.7459     14.862     15.061      0.275    1451.20    1447.38  0.000e+00
       1763     15.500     4.4792     4.1893    -0.2902    2.12256    2.00125          1     7.1193     7.0507       9.96     0.0291  4.924e-11  1.000e-12  2.031e+00    21.5442    20.3815    -1.1627    17.0670    16.1664     15.357     15.562      0.245    1451.67    1448.94  0.000e+00
       1816     16.000     4.5970     4.3748    -0.2221    2.18984    2.07681          1     6.9285     6.7494       9.95     0.0287  4.924e-11  1.000e-12  2.031e+00    22.2118    21.1030    -1.1087    17.5864    16.7251     15.852     16.062      0.251    1453.03    1450.67  0.000e+00
       1859     16.500     5.0473     4.8113    -0.2362    2.44246    2.28222          1     6.8395     6.4434       9.95     0.0288  4.924e-11  1.000e-12  2.031e+00    24.6901    23.0877    -1.6024    19.5074    18.2619     16.348     16.562      0.259    1458.08    1455.06  0.000e+00
       1912     17.000     6.3874     4.9876    -1.3996    3.07263    2.38650          1     6.4609     5.9618       9.95     0.0299  4.924e-11  1.000e-12  2.031e+00    30.5511    24.1181    -6.4330    23.9915    19.0615     16.843     17.061      0.224    1470.95    1457.12  0.000e+00
       1960     17.500     7.2018     5.8013    -1.4007    3.35051    2.71685          1     6.3119     5.7212       9.95     0.0324  4.924e-11  1.000e-12  2.031e+00    32.8421    27.1422    -5.6999    25.6915    21.3709     17.339     17.557      0.256    1477.03    1464.31  0.000e+00
       2011     18.000     7.4478     6.2348    -1.2126    3.42638    2.92255          1     6.0093     5.6910       9.96     0.0333  4.924e-11  1.000e-12  2.031e+00    33.4314    29.0415    -4.3900    26.1214    22.8205     17.834     18.054      0.229    1478.72    1468.46  0.000e+00
       2059     18.500     7.4339     6.9905    -0.4436    3.43992    3.21605          1     5.9249     5.7440       9.95     0.0354  4.924e-11  1.000e-12  2.031e+00    33.5913    31.5775    -2.0138    26.2490    24.7248     18.329     18.550      0.271    1478.87    1474.64  0.000e+00
       2106     19.000     7.3327     7.0362    -0.2963    3.43694    3.29883          1     5.7553     5.8137       9.95     0.0357  4.924e-11  1.000e-12  2.031e+00    33.6570    32.4370    -1.2200    26.3150    25.3955     18.825     19.046      0.238    1478.57    1475.90  0.000e+00
       2154     19.500     7.2470     7.1112    -0.1359    3.43731    3.34354          1     5.6911     5.8679       9.95     0.0365  4.924e-11  1.000e-12  2.031e+00    33.7444    32.8530    -0.8913    26.3956    25.7128     19.320     19.543      0.267    1478.36    1476.72  0.000e+00
       2200     20.000     7.2037     7.1770    -0.0267    3.43562    3.39023          1     5.6869     5.9018       9.96     0.0374  4.924e-11  1.000e-12  2.031e+00    33.7679    33.2987    -0.4692    26.4202    26.0546     19.815     20.039      0.243    1478.23    1477.54  0.000e+00
       2251     20.500     7.1732     7.1895     0.0163    3.43372    3.41104          1     5.7504     5.9111       9.96     0.0376  4.924e-11  1.000e-12  2.031e+00    33.7769    33.5133    -0.2636    26.4315    26.2217     20.311     20.535      0.248    1478.13    1477.87  0.000e+00
       2298     21.000     7.1346     7.1690     0.0344    3.43072    3.41707          1     5.7551     5.9188       9.96     0.0369  4.924e-11  1.000e-12  2.031e+00    33.7816    33.5989    -0.1828    26.4405    26.2919     20.806     21.031      0.246    1478.00    1477.90  0.000e+00
       2347     21.500     7.1124     7.1556     0.0431    3.42878    3.42098          1     5.7621     5.9348       9.96     0.0381  4.924e-11  1.000e-12  2.031e+00    33.7819    33.6544    -0.1275    26.4438    26.3375     21.301     21.527      0.250    1477.92    1477.93  0.000e+00
       2396     22.000     7.1168     7.1301     0.0133    3.42942    3.42354          1     5.7729     5.9244       9.96     0.0386  4.924e-11  1.000e-12  2.031e+00    33.7843    33.7070    -0.0773    26.4451    26.3824     21.797     22.023      0.243    1477.95    1477.90  0.000e+00
       2443     22.500     7.1187     7.1111    -0.0076    3.42967    3.42492          1     5.7992     5.9116       9.93     0.0396  4.924e-11  1.000e-12  2.031e+00    33.7850    33.7405    -0.0445    26.4454    26.4114     22.292     22.519      0.259    1477.97    1477.88  0.000e+00
       2491     23.000     7.1123     7.1064    -0.0059    3.42908    3.42511          1     5.8132     5.9207       9.58     0.0396  4.924e-11  1.000e-12  2.031e+00    33.7845    33.7468    -0.0377    26.4459    26.4170     22.787     23.016      0.253    1477.95    1477.88  0.000e+00
       2537     23.500     7.1076     7.0954    -0.0122    3.42877    3.42493          1     5.8179     5.9237       9.09     0.0403  4.924e-11  1.000e-12  2.031e+00    33.7855    33.7555    -0.0300    26.4473    26.4253     23.283     23.512      0.262    1477.94    1477.86  0.000e+00
       2586     24.000     7.1081     7.0991    -0.0090    3.42896    3.42615          1     5.8142     5.9228       8.56     0.0403  4.924e-11  1.000e-12  2.031e+00    33.7868    33.7649    -0.0219    26.4483    26.4323     23.778     24.008      0.234    1477.95    1477.89  0.000e+00
       2635     24.500     7.1080     7.0950    -0.0131    3.42900    3.42620          1     5.8212     5.9213       8.04     0.0410  4.924e-11  1.000e-12  2.031e+00    33.7871    33.7692    -0.0179    26.4485    26.4363     24.274     24.504      0.252    1477.96    1477.89  0.000e+00
       2683     25.000     7.1078     7.0927    -0.0151    3.42903    3.42614          1     5.8250     5.9192       7.54     0.0394  4.924e-11  1.000e-12  2.031e+00    33.7874    33.7706    -0.0168    26.4488    26.4377     24.769     25.000      0.251    1477.97    1477.89  0.000e+00
       2731     25.500     7.1067     7.0916    -0.0151    3.42896    3.42654          1     5.8183     5.9100       7.05     0.0399  4.924e-11  1.000e-12  2.031e+00    33.7875    33.7758    -0.0117    26.4490    26.4419     25.264     25.496      0.256    1477.97    1477.90  0.000e+00
       2777     26.000     7.1262     7.0942    -0.0320    3.43125    3.42693          1     5.8595     5.9229       6.57     0.0404  4.924e-11  1.000e-12  2.031e+00    33.7932    33.7773    -0.0159    26.4509    26.4427     25.760     25.993      0.255    1478.06    1477.92  0.000e+00
       2826     26.500     7.1387     7.1027    -0.0361    3.43305    3.42798          1     5.7944     5.9188       6.08     0.0407  4.924e-11  1.000e-12  2.031e+00    33.8004    33.7802    -0.0202    26.4547    26.4438     26.255     26.489      0.244    1478.13    1477.96  0.000e+00
       2873     27.000     7.1217     7.1077    -0.0139    3.43249    3.42878          1     5.8021     5.9043       5.59     0.0403  4.924e-11  1.000e-12  2.031e+00    33.8107    33.7838    -0.0269    26.4652    26.4459     26.750     26.985      0.252    1478.08    1478.00  0.000e+00
       2923     27.500     7.1091     7.1101     0.0011    3.43180    3.42979          1     5.8003     5.9050       5.11     0.0405  4.924e-11  1.000e-12  2.031e+00    33.8152    33.7923    -0.0230    26.4705    26.4523     27.246     27.481      0.238    1478.05    1478.02  0.000e+00
       2973     28.000     7.1072     7.1074     0.0002    3.43173    3.43028          1     5.7892     5.9058       5.11     0.0406  4.924e-11  1.000e-12  2.031e+00    33.8162    33.8000    -0.0161    26.4715    26.4588     27.741     27.977      0.237    1478.05    1478.03  0.000e+00
       3024     28.500     7.1069     7.1028    -0.0041    3.43177    3.43034          1     5.8260     5.9072       4.13     0.0402  4.924e-11  1.000e-12  2.031e+00    33.8166    33.8050    -0.0116    26.4719    26.4633     28.236     28.473      0.246    1478.06    1478.03  0.000e+00
