ctdpy/exports/archive_20191120_135557/received_data/SBE09_0827_20180828_0925_26_01_0923.cnv
* Sea-Bird SBE 9 Data File:
* FileName = D:\CTD_SBE911\DAT\26DA.2018.8.123.hex
* Software Version Seasave V 7.21d
* Temperature SN = 034605
* Conductivity SN = 041844
* Number of Bytes Per Scan = 48
* Number of Voltage Words = 5
* Number of Scans Averaged by the Deck Unit = 1
* NMEA Latitude = 56 54.13 N
* NMEA Longitude = 011 43.12 E
* NMEA UTC (Time) = Aug 28 2018  09:28:05
* NMEA baud rate = 4800
** Ship: DANA
** Average sound velocity: 1502.97 m/s
** True-depth calculation Thu, 28 Mar 2019 09:54:17 +0000
** CTD Python Module SMHI /ver 3-12/ feb 2012 
** LIMS Job: 20182601-0923
**  SANDEN
** Operator: Christian
** Cruise: 08/2018
# nquan = 26
# nvalues = 108                         
# units = specified
# name 0 = scan: Scan Count
# name 1 = prDM: Pressure, Digiquartz [db]
# name 2 = t090C: Temperature [ITS-90, deg C]
# name 3 = t190C: Temperature, 2 [ITS-90, deg C]
# name 4 = T2-T190C: Temperature Difference, 2 - 1 [ITS-90, deg C]
# name 5 = c0S/m: Conductivity [S/m]
# name 6 = c1S/m: Conductivity, 2 [S/m]
# name 7 = pumps: Pump Status
# name 8 = sbeox1ML/L: Oxygen, SBE 43, 2 [ml/l]
# name 9 = sbeox0ML/L: Oxygen, SBE 43 [ml/l]
# name 10 = altM: Altimeter [m]
# name 11 = chloroflTC0: Chlorophyll, Turner Cyclops [ug/l]
# name 12 = cpar: CPAR/Corrected Irradiance [%]
# name 13 = par: PAR/Irradiance, Biospherical/Lico [µE/(cm^2*s)]
# name 14 = spar: SPAR, Biospherical/Licor
# name 15 = sal00: Salinity, Practical [PSU]
# name 16 = sal11: Salinity, Practical, 2 [PSU]
# name 17 = secS-priS: Salinity, Practical, Difference, 2 - 1 [PSU]
# name 18 = sigma-t00: Density [sigma-t, kg/m^3 ]
# name 19 = sigma-t11: Density, 2 [sigma-t, kg/m^3 ]
# name 20 = depSM: Depth [salt water, m], lat = 56.9022
# name 21 = depFM: Depth [true depth, m], lat = 56.9022
# name 22 = dz/dtM: Descent Rate [m/s], WS = 2
# name 23 = svCM: Sound Velocity [Chen-Millero, m/s]
# name 24 = svCM1: Sound Velocity, 2 [Chen-Millero, m/s]
# name 25 = flag: flag
# span 0 =          1,       5368       
# span 1 =      2.000,     55.500       
# span 2 =     9.6798,    17.8006       
# span 3 =     9.7252,    17.8349       
# span 4 =    -0.1865,     0.6507       
# span 5 =   3.102878,   4.130102       
# span 6 =   3.103176,   4.132051       
# span 7 =          1,          1       
# span 8 =     4.0351,     6.0212       
# span 9 =     3.9905,     5.7021       
# span 10 =      -0.79,       9.98      
# span 11 =    -0.0121,     0.5836      
# span 12 = -8.130e-07, 8.3506e+00      
# span 13 = -1.215e-05, 1.1186e+02      
# span 14 = 1.3332e+03, 1.6949e+03      
# span 15 =    22.7900,    33.1688      
# span 16 =    22.7920,    33.1939      
# span 17 =    -0.0417,     2.6737      
# span 18 =    16.0020,    25.5753      
# span 19 =    16.0035,    25.5876      
# span 20 =      1.982,     54.984      
# span 21 =      2.005,     55.316      
# span 22 =     -0.158,      0.366      
# span 23 =    1487.35,    1510.46      
# span 24 =    1487.55,    1510.46      
# span 25 = 0.0000e+00, 0.0000e+00      
# interval = decibars: 0.5              
# start_time = Aug 28 2018 09:28:05 [NMEA time, first data scan]
# bad_flag = -9.990e-29
*END*
          1      2.000    17.7536    17.7540     0.0004    3.10288    3.10318          1     6.0212     5.6650       9.98     0.5836  8.351e+00  1.119e+02  1.339e+03    22.7901    22.7924     0.0022    16.0024    16.0040      1.982      2.005      0.072    1501.25    1501.25  0.000e+00
        210      2.500    17.7547    17.7548     0.0001    3.10295    3.10320          1     6.0184     5.6971       9.98     0.5631  7.727e+00  1.030e+02  1.333e+03    22.7900    22.7920     0.0020    16.0020    16.0035      2.477      2.506      0.277    1501.26    1501.26  0.000e+00
        271      3.000    17.7518    17.7508    -0.0011    3.10295    3.10324          1     6.0007     5.7021       9.98     0.5418  6.836e+00  9.234e+01  1.351e+03    22.7915    22.7944     0.0029    16.0038    16.0063      2.972      3.007      0.252    1501.26    1501.26  0.000e+00
        316      3.500    17.7483    17.7384    -0.0099    3.10308    3.10367          1     5.9941     5.6900       9.98     0.5435  6.025e+00  8.316e+01  1.381e+03    22.7944    22.8046     0.0103    16.0068    16.0168      3.468      3.509      0.246    1501.26    1501.24  0.000e+00
        363      4.000    17.7271    17.7216    -0.0056    3.10402    3.10466          1     6.0075     5.6878       9.98     0.5312  5.676e+00  8.024e+01  1.414e+03    22.8137    22.8220     0.0082    16.0263    16.0338      3.963      4.010      0.290    1501.23    1501.22  0.000e+00
        408      4.500    17.7274    17.7246    -0.0027    3.10397    3.10437          1     6.0076     5.6824       9.98     0.5261  5.074e+00  7.264e+01  1.431e+03    22.8130    22.8178     0.0048    16.0257    16.0299      4.459      4.511      0.242    1501.24    1501.23  0.000e+00
        454      5.000    17.7238    17.7214    -0.0024    3.10420    3.10460          1     5.9695     5.6823       9.98     0.5211  4.690e+00  6.762e+01  1.442e+03    22.8168    22.8213     0.0046    16.0293    16.0333      4.954      5.012      0.269    1501.24    1501.24  0.000e+00
        502      5.500    17.7244    17.7241    -0.0002    3.10419    3.10411          1     5.9757     5.6839       9.98     0.5188  4.059e+00  5.906e+01  1.455e+03    22.8162    22.8157    -0.0005    16.0287    16.0284      5.449      5.514      0.249    1501.25    1501.25  0.000e+00
        550      6.000    17.7265    17.7284     0.0020    3.10402    3.10420          1     6.0172     5.6926       9.98     0.5169  3.535e+00  5.151e+01  1.457e+03    22.8135    22.8139     0.0004    16.0262    16.0261      5.945      6.015      0.219    1501.26    1501.27  0.000e+00
        611      6.500    17.7275    17.7265    -0.0010    3.10398    3.10428          1     6.0158     5.6815       9.98     0.5117  2.907e+00  4.207e+01  1.447e+03    22.8125    22.8155     0.0030    16.0252    16.0277      6.440      6.516      0.254    1501.27    1501.27  0.000e+00
        650      7.000    17.7094    17.7011    -0.0083    3.10569    3.10631          1     5.9671     5.6866       9.98     0.5085  2.540e+00  3.672e+01  1.446e+03    22.8364    22.8461     0.0097    16.0475    16.0567      6.936      7.017      0.293    1501.25    1501.24  0.000e+00
        699      7.500    17.7009    17.6791    -0.0218    3.10658    3.10873          1     6.0038     5.6809       9.98     0.5135  2.266e+00  3.314e+01  1.462e+03    22.8482    22.8778     0.0296    16.0584    16.0858      7.431      7.519      0.231    1501.25    1501.21  0.000e+00
        745      8.000    17.6794    17.6491    -0.0303    3.10905    3.11247          1     6.0023     5.6729       9.98     0.5152  2.107e+00  3.097e+01  1.470e+03    22.8801    22.9248     0.0447    16.0875    16.1284      7.926      8.020      0.259    1501.23    1501.18  0.000e+00
        795      8.500    17.6458    17.6049    -0.0408    3.11491    3.12461          1     5.9523     5.6544       9.98     0.5182  1.972e+00  2.897e+01  1.469e+03    22.9464    23.0484     0.1019    16.1456    16.2324      8.422      8.521      0.265    1501.20    1501.19  0.000e+00
        833      9.000    17.6118    17.6057    -0.0061    3.13005    3.14377          1     5.9429     5.6422       9.98     0.5120  1.801e+00  2.634e+01  1.463e+03    23.0886    23.2037     0.1151    16.2616    16.3507      8.917      9.022      0.318    1501.27    1501.38  0.000e+00
        893      9.500    17.6151    17.6188     0.0038    3.14741    3.15735          1     5.9291     5.6190       9.98     0.4824  1.637e+00  2.370e+01  1.448e+03    23.2279    23.3067     0.0788    16.3670    16.4263      9.413      9.523      0.228    1501.45    1501.55  0.000e+00
        945     10.000    17.6221    17.6236     0.0015    3.15859    3.16280          1     5.9247     5.6033       9.98     0.4809  1.481e+00  2.123e+01  1.433e+03    23.3147    23.3483     0.0335    16.4317    16.4570      9.908     10.024      0.336    1501.57    1501.62  0.000e+00
        983     10.500    17.6247    17.6255     0.0008    3.16285    3.16526          1     5.9200     5.5872       9.98     0.4678  1.320e+00  1.881e+01  1.425e+03    23.3479    23.3671     0.0192    16.4564    16.4709     10.403     10.525      0.245    1501.63    1501.65  0.000e+00
       1049     11.000    17.6270    17.6302     0.0032    3.16618    3.17281          1     5.8553     5.5736       9.98     0.4281  1.190e+00  1.685e+01  1.416e+03    23.3736    23.4258     0.0522    16.4755    16.5146     10.899     11.026      0.239    1501.67    1501.74  0.000e+00
       1089     11.500    17.6386    17.6979     0.0592    3.19356    3.24530          1     5.7570     5.4420       9.98     0.4280  1.074e+00  1.520e+01  1.415e+03    23.5900    23.9776     0.3876    16.6379    16.9202     11.394     11.527      0.317    1501.96    1502.58  0.000e+00
       1131     12.000    17.7094    17.7774     0.0680    3.29472    3.45873          1     5.4431     5.2454       9.98     0.4125  9.634e-01  1.364e+01  1.416e+03    24.3742    25.6778     1.3036    17.2201    18.1991     11.890     12.028      0.249    1503.07    1504.75  0.000e+00
       1186     12.500    17.7331    17.8349     0.1018    3.35159    3.65087          1     5.1625     5.0916       9.98     0.3761  8.656e-01  1.225e+01  1.416e+03    24.8253    27.2239     2.3986    17.5588    19.3657     12.385     12.529      0.228    1503.66    1506.69  0.000e+00
       1234     13.000    17.8006    17.7550    -0.0456    3.59907    3.89021          1     5.0866     4.8749       9.98     0.3883  7.868e-01  1.114e+01  1.415e+03    26.8190    29.2735     2.4545    19.0646    20.9501     12.880     13.029      0.239    1506.13    1508.78  0.000e+00
       1287     13.500    17.7743    17.6309    -0.1434    3.72909    4.03601          1     5.0990     4.8880       9.98     0.3967  7.038e-01  9.963e+00  1.416e+03    27.9134    30.5871     2.6737    19.9063    21.9834     13.376     13.528      0.227    1507.30    1509.91  0.000e+00
       1342     14.000    17.7355    17.5636    -0.1719    3.80090    4.06544          1     5.1315     4.8929       9.98     0.3749  6.291e-01  8.928e+00  1.419e+03    28.5377    30.8864     2.3486    20.3922    22.2282     13.871     14.028      0.216    1507.90    1510.05  0.000e+00
       1392     14.500    17.6966    17.5100    -0.1865    3.85464    4.07221          1     5.1340     4.8757       9.98     0.3640  5.654e-01  8.048e+00  1.423e+03    29.0146    30.9844     1.9698    20.7657    22.3159     14.366     14.527      0.272    1508.33    1510.01  0.000e+00
       1435     15.000    17.5921    17.4615    -0.1308    4.00293    4.08247          1     5.1025     4.8576       9.98     0.3511  5.057e-01  7.205e+00  1.425e+03    30.3365    31.1085     0.7720    21.8009    22.4222     14.862     15.025      0.270    1509.53    1510.02  0.000e+00
       1483     15.500    17.5471    17.4395    -0.1075    4.03591    4.10096          1     5.1003     4.8427       9.98     0.3070  4.611e-01  6.574e+00  1.426e+03    30.6484    31.2823     0.6339    22.0501    22.5604     15.357     15.524      0.236    1509.76    1510.16  0.000e+00
       1532     16.000    17.4951    17.4596    -0.0355    4.06936    4.11123          1     5.1618     4.8362       9.98     0.2880  4.248e-01  6.066e+00  1.428e+03    30.9712    31.3539     0.3828    22.3093    22.6106     15.853     16.022      0.251    1509.98    1510.31  0.000e+00
       1582     16.500    17.4787    17.4637    -0.0150    4.09204    4.11336          1     5.1537     4.8623       9.98     0.2561  3.871e-01  5.534e+00  1.430e+03    31.1760    31.3687     0.1927    22.4699    22.6209     16.348     16.520      0.252    1510.17    1510.35  0.000e+00
       1624     17.000    17.4676    17.4630    -0.0046    4.10951    4.11380          1     5.1565     4.8786       9.98     0.0471  3.609e-01  5.160e+00  1.430e+03    31.3328    31.3728     0.0400    22.5925    22.6242     16.843     17.018      0.273    1510.32    1510.36  0.000e+00
       1689     17.500    17.4664    17.4630    -0.0034    4.11119    4.11510          1     5.1473     4.8822       9.98     0.0028  3.343e-01  4.785e+00  1.432e+03    31.3478    31.3837     0.0358    22.6043    22.6325     17.339     17.516      0.240    1510.35    1510.38  0.000e+00
       1732     18.000    17.4669    17.4665    -0.0004    4.11815    4.11948          1     5.1579     4.8970       9.98     0.1732  3.078e-01  4.413e+00  1.434e+03    31.4064    31.4181     0.0117    22.6490    22.6580     17.834     18.014      0.364    1510.42    1510.44  0.000e+00
       1769     18.500    17.4673    17.4609    -0.0064    4.11964    4.12215          1     5.1835     4.8928       9.98    -0.0121  2.798e-01  4.012e+00  1.434e+03    31.4186    31.4450     0.0263    22.6583    22.6800     18.329     18.512      0.251    1510.45    1510.46  0.000e+00
       1830     19.000    17.4549    17.4408    -0.0142    4.12277    4.12481          1     5.1870     4.8995       9.98     0.0269  2.614e-01  3.754e+00  1.436e+03    31.4547    31.4831     0.0284    22.6888    22.7139     18.825     19.010      0.255    1510.46    1510.45  0.000e+00
       1870     19.500    17.4197    17.4050    -0.0147    4.12498    4.12618          1     5.1743     4.8942       9.98     0.0360  2.377e-01  3.420e+00  1.439e+03    31.5007    31.5223     0.0216    22.7323    22.7523     19.320     19.508      0.296    1510.41    1510.39  0.000e+00
       1915     20.000    17.4025    17.3874    -0.0152    4.12657    4.12791          1     5.1886     4.9001       9.98     0.0359  2.195e-01  3.164e+00  1.442e+03    31.5274    31.5506     0.0232    22.7568    22.7781     19.816     20.006      0.239    1510.40    1510.38  0.000e+00
       1966     20.500    17.3497    17.3128    -0.0369    4.12833    4.12990          1     5.1718     4.8687       9.98     0.0404  2.021e-01  2.927e+00  1.448e+03    31.5834    31.6256     0.0422    22.8121    22.8531     20.311     20.504      0.247    1510.31    1510.25  0.000e+00
       2013     21.000    17.3121    17.2531    -0.0589    4.12983    4.13205          1     5.1564     4.8805       9.98     0.0399  1.856e-01  2.707e+00  1.459e+03    31.6253    31.6905     0.0652    22.8530    22.9168     20.806     21.002      0.239    1510.26    1510.16  0.000e+00
       2068     21.500    17.2441    17.1719    -0.0721    4.13010    4.13010          1     5.1286     4.8357       9.98     0.0422  1.699e-01  2.497e+00  1.470e+03    31.6807    31.7374     0.0567    22.9114    22.9717     21.302     21.499      0.233    1510.12    1509.97  0.000e+00
       2110     22.000    17.1191    17.0220    -0.0971    4.12500    4.12239          1     5.1005     4.8019       9.98     0.0426  1.568e-01  2.303e+00  1.469e+03    31.7349    31.7889     0.0540    22.9821    23.0461     21.797     21.997      0.324    1509.82    1509.59  0.000e+00
       2150     22.500    17.0556    17.0001    -0.0554    4.12159    4.12019          1     5.0677     4.7946       9.98     0.0440  1.414e-01  2.070e+00  1.464e+03    31.7554    31.7871     0.0317    23.0127    23.0499     22.292     22.495      0.238    1509.66    1509.53  0.000e+00
       2211     23.000    17.0010    16.9848    -0.0162    4.11841    4.11897          1     5.0465     4.7820       9.98     0.0456  1.318e-01  1.917e+00  1.454e+03    31.7709    31.7885     0.0176    23.0373    23.0545     22.788     22.993      0.293    1509.52    1509.49  0.000e+00
       2242     23.500    16.9723    16.9549    -0.0174    4.11672    4.11703          1     5.0580     4.7799       9.97     0.0407  1.210e-01  1.757e+00  1.452e+03    31.7788    31.7953     0.0165    23.0500    23.0666     23.283     23.491      0.366    1509.45    1509.41  0.000e+00
       2288     24.000    16.9502    16.9329    -0.0173    4.11519    4.11515          1     5.0489     4.7769       9.97     0.0434  1.109e-01  1.609e+00  1.451e+03    31.7829    31.7963     0.0134    23.0583    23.0725     23.778     23.989      0.218    1509.39    1509.36  0.000e+00
       2351     24.500    16.9304    16.9220    -0.0085    4.11396    4.11449          1     5.0207     4.7638       9.97     0.0445  1.026e-01  1.489e+00  1.452e+03    31.7878    31.7989     0.0112    23.0665    23.0771     24.274     24.486      0.308    1509.35    1509.34  0.000e+00
       2383     25.000    16.9112    16.8961    -0.0150    4.11246    4.11270          1     5.0273     4.7626       9.97     0.0445  9.375e-02  1.363e+00  1.454e+03    31.7899    31.8038     0.0140    23.0726    23.0868     24.769     24.984      0.328    1509.30    1509.27  0.000e+00
       2437     25.500    16.9022    16.8993    -0.0029    4.11272    4.11358          1     5.0159     4.7544       9.97     0.0444  8.586e-02  1.249e+00  1.455e+03    31.7990    31.8087     0.0096    23.0817    23.0898     25.264     25.482      0.211    1509.29    1509.29  0.000e+00
       2489     26.000    16.9068    16.9031    -0.0038    4.11380    4.11488          1     5.0382     4.7737       9.97     0.0448  7.902e-02  1.152e+00  1.457e+03    31.8045    31.8167     0.0123    23.0848    23.0951     25.760     25.980      0.317    1509.32    1509.32  0.000e+00
       2525     26.500    16.8987    16.8799    -0.0188    4.11614    4.11997          1     5.0373     4.7903       9.97     0.0443  7.204e-02  1.052e+00  1.461e+03    31.8309    31.8789     0.0480    23.1070    23.1481     26.255     26.477      0.306    1509.34    1509.33  0.000e+00
       2572     27.000    16.8844    16.8777    -0.0068    4.11979    4.12188          1     5.0503     4.7942       9.97     0.0449  6.595e-02  9.660e-01  1.465e+03    31.8735    31.8969     0.0234    23.1429    23.1624     26.750     26.975      0.220    1509.35    1509.35  0.000e+00
       2629     27.500    16.8684    16.8556    -0.0128    4.12263    4.12395          1     5.0536     4.8157       9.97     0.0447  6.105e-02  8.971e-01  1.469e+03    31.9106    31.9322     0.0216    23.1751    23.1946     27.246     27.473      0.240    1509.35    1509.34  0.000e+00
       2671     28.000    16.8210    16.7885    -0.0325    4.12099    4.12049          1     5.0509     4.8129       9.97     0.0443  5.596e-02  8.234e-01  1.471e+03    31.9339    31.9554     0.0214    23.2039    23.2279     27.741     27.971      0.305    1509.24    1509.17  0.000e+00
       2719     28.500    16.7717    16.7286    -0.0430    4.11654    4.11465          1     5.0638     4.7962       9.97     0.0444  5.048e-02  7.453e-01  1.476e+03    31.9344    31.9523     0.0179    23.2156    23.2393     28.237     28.468      0.212    1509.10    1508.99  0.000e+00
       2772     29.000    16.7182    16.7016    -0.0165    4.11205    4.11200          1     5.0598     4.7843       9.97     0.0441  4.595e-02  6.816e-01  1.484e+03    31.9379    31.9507     0.0127    23.2307    23.2443     28.732     28.966      0.275    1508.95    1508.91  0.000e+00
