ctdpy/exports/archive_20191120_135557/received_data/SBE09_1044_20181014_1609_34_01_0091.cnv
* Sea-Bird SBE 9 Data File:
* FileName = C:\ctd\temp\ar18d091.hex
* Software Version Seasave V 7.21e
* Temperature SN = 5351
* Conductivity SN = 3941
* Number of Bytes Per Scan = 41
* Number of Voltage Words = 4
* Number of Scans Averaged by the Deck Unit = 1
* NMEA Latitude = 59 29.02 N
* NMEA Longitude = 022 53.77 E
* NMEA UTC (Time) = Oct 14 2018  19:09:35
* NMEA baud rate = 4800
** Station:  LL12
** Operator:  Dbsj
** Ship: ARANDA
** Average sound velocity: 1463.85 m/s
** True-depth calculation Sun, 14 Oct 2018 19:22:48 +0000
** CTD Python Module SMHI /ver 3-12/ feb 2012 
** LIMS Job: 20183401-0091
** Cruise: SMHI-4-2018
** Latitude [GG MM.mm N]:
** Longitude [GG MM.mm E]
# nquan = 26
# nvalues = 153                         
# units = specified
# name 0 = scan: Scan Count
# name 1 = prDM: Pressure, Digiquartz [db]
# name 2 = t090C: Temperature [ITS-90, deg C]
# name 3 = t190C: Temperature, 2 [ITS-90, deg C]
# name 4 = T2-T190C: Temperature Difference, 2 - 1 [ITS-90, deg C]
# name 5 = c0S/m: Conductivity [S/m]
# name 6 = c1S/m: Conductivity, 2 [S/m]
# name 7 = pumps: Pump Status
# name 8 = sbeox0ML/L: Oxygen, SBE 43 [ml/l]
# name 9 = sbeox1ML/L: Oxygen, SBE 43, 2 [ml/l]
# name 10 = altM: Altimeter [m]
# name 11 = flECO-AFL: Chl-a Fluorescence, WET Labs ECO-AFL/FL [mg/m^3]
# name 12 = flECO-AFL1: Phycocyanin Fluorescence, WET Labs ECO-AFL/FL, 2 [mg/m^3]
# name 13 = par: PAR/Irradiance, Biospherical/Lico [µE/(cm^2*s)]
# name 14 = turbWETntu0: Turbidity, WET Labs ECO [NTU]
# name 15 = sal00: Salinity, Practical [PSU]
# name 16 = sal11: Salinity, Practical, 2 [PSU]
# name 17 = secS-priS: Salinity, Practical, Difference, 2 - 1 [PSU]
# name 18 = sigma-t00: Density [sigma-t, Kg/m^3 ]
# name 19 = sigma-t11: Density, 2 [sigma-t, Kg/m^3 ]
# name 20 = depSM: Depth [salt water, m], lat = 59.4837
# name 21 = depFM: Depth [true depth, m], lat = 59.4837
# name 22 = dz/dtM: Descent Rate [m/s], WS = 2
# name 23 = svCM: Sound Velocity [Chen-Millero, m/s]
# name 24 = svCM1: Sound Velocity, 2 [Chen-Millero, m/s]
# name 25 = flag: flag
# span 0 =       3379,       7167       
# span 1 =      1.500,     77.500       
# span 2 =     7.3683,    13.1826       
# span 3 =     7.3148,    13.1870       
# span 4 =    -0.0559,     0.2092       
# span 5 =   0.795133,   0.866949       
# span 6 =   0.795274,   0.866941       
# span 7 =          1,          1       
# span 8 =    4.99932,    6.43621       
# span 9 =    5.43517,    6.92026       
# span 10 =       2.77,      80.14      
# span 11 =     0.3725,     1.3992      
# span 12 =     0.2115,     0.4735      
# span 13 = -1.299e-04, 2.7139e-01      
# span 14 =     0.3217,     0.5278      
# span 15 =     6.2267,     6.8394      
# span 16 =     6.2264,     6.8454      
# span 17 =    -0.0129,     0.0061      
# span 18 =     4.1727,     5.2771      
# span 19 =     4.1718,     5.2858      
# span 20 =      1.486,     76.758      
# span 21 =      1.521,     78.589      
# span 22 =     -0.213,      0.856      
# span 23 =    1446.35,    1467.65      
# span 24 =    1446.13,    1467.66      
# span 25 = 0.0000e+00, 0.0000e+00      
# interval = decibars: 0.5              
# start_time = Oct 14 2018 19:09:35 [NMEA time, first data scan]
# bad_flag = -9.990e-29
*END*
[from data line 112]
       6083     57.500    12.2426    12.1862    -0.0559    0.84599    0.84433          1     6.2085     6.6280      23.68     0.5796     0.2702  1.000e-12  0.4156000     6.3794     6.3755    -0.0039     4.4193     4.4237     56.952     58.317      0.554    1464.59    1464.37  0.000e+00
       6109     58.000    11.9885    11.9970     0.0084    0.83844    0.83862          1     6.2407     6.6618      23.08     0.5637     0.2874  1.000e-12  0.4388000     6.3610     6.3610     0.0000     4.4384     4.4373     57.447     58.824      0.449    1463.63    1463.66  0.000e+00
       6135     58.500    11.9212    11.9226     0.0015    0.84108    0.84066          1     6.3353     6.7939      22.56     0.5463     0.2798  1.000e-12  0.4731000     6.3939     6.3903    -0.0036     4.4725     4.4695     57.943     59.331      0.490    1463.43    1463.43  0.000e+00
       6158     59.000    11.9766    11.9796     0.0030    0.84792    0.84785          1     6.3693     6.8436      22.09     0.5665     0.2312  1.000e-12  0.4514000     6.4403     6.4392    -0.0011     4.5013     4.5000     58.438     59.838      0.565    1463.70    1463.71  0.000e+00
       6178     59.500    11.9112    11.9152     0.0041    0.84899    0.84904          1     6.3375     6.7832      21.62     0.5952     0.2920  1.000e-12  0.3934000     6.4602     6.4600    -0.0003     4.5251     4.5244     58.933     60.345      0.603    1463.49    1463.50  0.000e+00
       6198     60.000    11.6150    11.6237     0.0089    0.84133    0.84188          1     6.3049     6.7044      21.12     0.6021     0.3150  1.000e-12  0.3650000     6.4484     6.4513     0.0029     4.5534     4.5546     59.428     60.852      0.583    1462.37    1462.41  0.000e+00
       6220     60.500    11.2383    11.2476     0.0091    0.83001    0.83044          1     6.3026     6.6899      20.58     0.5773     0.3060  1.000e-12  0.3487000     6.4198     6.4217     0.0019     4.5775     4.5779     59.923     61.359      0.531    1460.93    1460.96  0.000e+00
       6243     61.000    11.0715    11.0700    -0.0015    0.82808    0.82781          1     6.3008     6.7170      20.04     0.5278     0.2864  1.000e-12  0.3455000     6.4326     6.4306    -0.0019     4.6075     4.6061     60.418     61.866      0.499    1460.32    1460.31  0.000e+00
       6267     61.500    11.0537    11.0568     0.0031    0.83106    0.83114          1     6.2767     6.6896      19.51     0.5081     0.2503  1.000e-12  0.3480000     6.4605     6.4606     0.0001     4.6312     4.6310     60.914     62.373      0.498    1460.29    1460.30  0.000e+00
       6291     62.000    10.8555    10.8605     0.0049    0.82599    0.82624          1     6.2264     6.6218      19.01     0.5246     0.2182  1.000e-12  0.3630000     6.4527     6.4539     0.0013     4.6483     4.6487     61.409     62.880      0.531    1459.53    1459.56  0.000e+00
       6313     62.500    10.6276    10.6286     0.0010    0.82187    0.82190          1     6.1622     6.5389      18.50     0.4972     0.2492  1.000e-12  0.3526000     6.4580     6.4580     0.0000     4.6785     4.6784     61.904     63.387      0.560    1458.68    1458.68  0.000e+00
       6334     63.000    10.3899    10.3909     0.0011    0.81921    0.81929          1     6.1214     6.4950      18.03     0.4493     0.2483  1.000e-12  0.3589000     6.4773     6.4778     0.0005     4.7200     4.7203     62.399     63.894      0.560    1457.79    1457.79  0.000e+00
       6356     63.500    10.1924    10.1943     0.0019    0.81733    0.81739          1     6.0928     6.4771      17.47     0.4417     0.2505  1.000e-12  0.3230000     6.4963     6.4965     0.0002     4.7563     4.7562     62.894     64.401      0.553    1457.06    1457.06  0.000e+00
       6377     64.000    10.0755    10.0767     0.0012    0.81688    0.81685          1     6.0614     6.4485      17.05     0.4170     0.2676  1.000e-12  0.3243000     6.5133     6.5128    -0.0005     4.7820     4.7815     63.389     64.907      0.552    1456.63    1456.64  0.000e+00
       6399     64.500     9.9677     9.9691     0.0013    0.81601    0.81606          1     6.0148     6.4020      16.50     0.3999     0.2555  1.000e-12  0.3217000     6.5251     6.5253     0.0002     4.8025     4.8025     63.885     65.414      0.537    1456.23    1456.24  0.000e+00
       6422     65.000     9.8220     9.8244     0.0024    0.81429    0.81435          1     5.9360     6.3099      16.00     0.3936     0.2177  1.000e-12  0.3242000     6.5365     6.5366     0.0001     4.8265     4.8264     64.380     65.921      0.500    1455.68    1455.69  0.000e+00
       6447     65.500     9.6581     9.6666     0.0085    0.81197    0.81210          1     5.8629     6.2310      15.46     0.3941     0.2276  1.000e-12  0.3381000     6.5460     6.5456    -0.0004     4.8507     4.8495     64.875     66.428      0.492    1455.06    1455.09  0.000e+00
       6471     66.000     9.4843     9.4904     0.0063    0.81001    0.81006          1     5.8739     6.2636      14.91     0.3874     0.2893  1.000e-12  0.3446000     6.5606     6.5598    -0.0008     4.8793     4.8781     65.370     66.935      0.537    1454.40    1454.42  0.000e+00
       6492     66.500     9.3612     9.3670     0.0059    0.80931    0.80937          1     5.8976     6.3133      14.47     0.3725     0.2344  1.000e-12  0.3541000     6.5769     6.5763    -0.0005     4.9041     4.9031     65.865     67.441      0.574    1453.94    1453.96  0.000e+00
       6513     67.000     9.3011     9.3053     0.0042    0.80877    0.80882          1     5.8869     6.3077      13.93     0.4191     0.2115  1.000e-12  0.3712000     6.5831     6.5827    -0.0004     4.9148     4.9141     66.360     67.948      0.584    1453.72    1453.73  0.000e+00
       6533     67.500     9.2586     9.2625     0.0039    0.80843    0.80847          1     5.8729     6.2939      13.47     0.3898     0.2295  1.000e-12  0.3701000     6.5879     6.5876    -0.0004     4.9226     4.9219     66.855     68.455      0.565    1453.56    1453.58  0.000e+00
       6555     68.000     9.2033     9.2083     0.0049    0.80786    0.80792          1     5.8610     6.2871      12.89     0.3900     0.2584  1.000e-12  0.3665000     6.5930     6.5926    -0.0004     4.9318     4.9310     67.351     68.962      0.501    1453.36    1453.38  0.000e+00
       6582     68.500     9.1525     9.1565     0.0040    0.80742    0.80746          1     5.8590     6.2845      12.33     0.3946     0.2489  1.000e-12  0.3695000     6.5984     6.5981    -0.0004     4.9409     4.9402     67.846     69.469      0.455    1453.17    1453.19  0.000e+00
       6607     69.000     9.1120     9.1159     0.0039    0.80718    0.80723          1     5.8016     6.2145      11.86     0.4025     0.2116  1.000e-12  0.3634000     6.6038     6.6034    -0.0003     4.9489     4.9482     68.341     69.975      0.532    1453.02    1453.04  0.000e+00
       6627     69.500     9.0373     9.0459     0.0086    0.80629    0.80640          1     5.7575     6.1501      11.35     0.4114     0.2228  1.000e-12  0.3822000     6.6097     6.6091    -0.0007     4.9605     4.9591     68.836     70.482      0.632    1452.74    1452.77  0.000e+00
       6645     70.000     8.7883     8.8078     0.0195    0.80245    0.80274          1     5.7243     6.1187      10.25     0.4181     0.2752  1.000e-12  0.4110000     6.6218     6.6208    -0.0010     4.9926     4.9901     69.331     70.989      0.617    1451.76    1451.84  0.000e+00
       6667     70.500     8.7236     8.7267     0.0031    0.80208    0.80210          1     5.6955     6.1138       9.95     0.4181     0.2296  1.000e-12  0.3923000     6.6305     6.6302    -0.0004     5.0053     5.0047     69.826     71.496      0.457    1451.52    1451.54  0.000e+00
       6714     71.000     8.7323     8.7479     0.0157    0.80293    0.80314          1     5.6498     6.0879       9.22     0.4032     0.2895  1.000e-12  0.3729000     6.6365     6.6354    -0.0010     5.0091     5.0069     70.321     72.002      0.292    1451.57    1451.64  0.000e+00
       6750     71.500     8.7880     8.7764    -0.0116    0.80681    0.80612          1     5.5658     6.0133       9.06     0.3944     0.2952  1.000e-12  0.3439000     6.6604     6.6565    -0.0039     5.0228     5.0208     70.817     72.509      0.560    1451.84    1451.78  0.000e+00
       6769     72.000     8.9106     8.9077    -0.0030    0.81584    0.81550          1     5.4594     5.8785       8.73     0.3946     0.2656  1.000e-12  0.4010000     6.7173     6.7148    -0.0025     5.0561     5.0545     71.312     73.016      0.587    1452.41    1452.39  0.000e+00
       6803     72.500     8.9208     8.9214     0.0007    0.81776    0.81738          1     5.4108     5.8275       8.11     0.4041     0.2551  1.000e-12  0.4510000     6.7324     6.7288    -0.0035     5.0670     5.0642     71.807     73.522      0.333    1452.47    1452.47  0.000e+00
       6864     73.000     8.8906     8.8915     0.0008    0.81717    0.81573          1     5.3729     5.7793       7.52     0.4401     0.2802  1.000e-12  0.4237000     6.7328     6.7199    -0.0129     5.0701     5.0599     72.302     74.029      0.500    1452.36    1452.35  0.000e+00
       6880     73.500     8.7550     8.7793     0.0241    0.81282    0.81344          1     5.4365     5.7815       7.22     0.4334     0.2787  1.000e-12  0.4318000     6.7197     6.7206     0.0009     5.0720     5.0706     72.797     74.536      0.671    1451.81    1451.91  0.000e+00
       6898     74.000     8.3394     8.3641     0.0248    0.80127    0.80161          1     5.5062     5.8986       6.73     0.4085     0.2711  1.000e-12  0.4542000     6.6951     6.6935    -0.0017     5.0888     5.0855     73.292     75.043      0.530    1450.10    1450.20  0.000e+00
       6968     74.500     8.2186     8.4281     0.2092    0.80008    0.80445          1     5.4522     5.8151       5.97     0.4169     0.2573  1.000e-12  0.3573000     6.7074     6.7068    -0.0006     5.1086     5.0903     73.787     75.549      0.418    1449.64    1450.49  0.000e+00
       6995     75.000     8.0644     8.0785     0.0154    0.80116    0.80103          1     5.3599     5.7192       5.67     0.4190     0.2455  1.000e-12  0.3907000     6.7465     6.7426    -0.0039     5.1518     5.1476     74.282     76.056      0.684    1449.06    1449.12  0.000e+00
       7012     75.500     8.0185     8.0314     0.0129    0.80139    0.80152          1     5.3205     5.6916       5.17     0.4055     0.2351  1.000e-12  0.4069000     6.7574     6.7560    -0.0014     5.1640     5.1619     74.778     76.563      0.535    1448.90    1448.95  0.000e+00
       7077     76.000     8.0037     8.0468     0.0430    0.80139    0.80171          1     5.2602     5.6389       4.38     0.4287     0.2480  1.000e-12  0.3888000     6.7601     6.7547    -0.0054     5.1673     5.1596     75.273     77.069      0.325    1448.85    1449.02  0.000e+00
       7108     76.500     7.7963     7.8352     0.0392    0.80050    0.80075          1     5.1643     5.4462       4.03     0.4384     0.2785  1.000e-12  0.3832000     6.7921     6.7869    -0.0052     5.2085     5.2014     75.768     77.576      0.578    1448.04    1448.20  0.000e+00
       7128     77.000     7.4073     7.4400     0.0327    0.79513    0.79527          1     5.1032     5.4352       3.57     0.4200     0.2884  1.000e-12  0.4124000     6.8188     6.8137    -0.0051     5.2584     5.2520     76.263     78.082      0.474    1446.48    1446.61  0.000e+00
       7167     77.500     7.3683     7.3148    -0.0505    0.79653    0.79605          1     4.9993     5.5302       2.77     0.4190     0.2157  1.000e-12  0.4254000     6.8394     6.8454     0.0061     5.2771     5.2858     76.758     78.589     -0.213    1446.35    1446.13  0.000e+00
