ctdpy/exports/archive_20191120_135557/received_data/SBE09_0827_20180228_0904_26_01_0331.cnv
* Sea-Bird SBE 9 Data File:
* FileName = D:\CTD_SBE911\DAT\26DA.2018.3.31.hex
* Software Version Seasave V 7.21d
* Temperature SN = 034757
* Conductivity SN = 041844
* Number of Bytes Per Scan = 48
* Number of Voltage Words = 5
* Number of Scans Averaged by the Deck Unit = 1
* NMEA Latitude = 57 00.75 N
* NMEA Longitude = 017 55.58 E
* NMEA UTC (Time) = Feb 28 2018  09:05:00
* NMEA baud rate = 4800
** Ship: DANA
** Average sound velocity: 1427.33 m/s
** True-depth calculation Tue, 02 Apr 2019 12:08:03 +0000
** CTD Python Module SMHI /ver 3-12/ feb 2012 
** LIMS Job: 20182601-0331
** Operator:
** Cruise: 02/2018
# nquan = 26
# nvalues = 136                         
# units = specified
# name 0 = scan: Scan Count
# name 1 = prDM: Pressure, Digiquartz [db]
# name 2 = t090C: Temperature [ITS-90, deg C]
# name 3 = t190C: Temperature, 2 [ITS-90, deg C]
# name 4 = T2-T190C: Temperature Difference, 2 - 1 [ITS-90, deg C]
# name 5 = c0S/m: Conductivity [S/m]
# name 6 = c1S/m: Conductivity, 2 [S/m]
# name 7 = pumps: Pump Status
# name 8 = sbeox1ML/L: Oxygen, SBE 43, 2 [ml/l]
# name 9 = sbeox0ML/L: Oxygen, SBE 43 [ml/l]
# name 10 = altM: Altimeter [m]
# name 11 = chloroflTC0: Chlorophyll, Turner Cyclops [ug/l]
# name 12 = cpar: CPAR/Corrected Irradiance [%]
# name 13 = par: PAR/Irradiance, Biospherical/Lico [µE/(cm^2*s)]
# name 14 = spar: SPAR, Biospherical/Licor
# name 15 = sal00: Salinity, Practical [PSU]
# name 16 = sal11: Salinity, Practical, 2 [PSU]
# name 17 = secS-priS: Salinity, Practical, Difference, 2 - 1 [PSU]
# name 18 = sigma-t00: Density [sigma-t, kg/m^3 ]
# name 19 = sigma-t11: Density, 2 [sigma-t, kg/m^3 ]
# name 20 = depSM: Depth [salt water, m], lat = 57.0125
# name 21 = depFM: Depth [true depth, m], lat = 57.0125
# name 22 = dz/dtM: Descent Rate [m/s], WS = 2
# name 23 = svCM: Sound Velocity [Chen-Millero, m/s]
# name 24 = svCM1: Sound Velocity, 2 [Chen-Millero, m/s]
# name 25 = flag: flag
# span 0 =         17,       6986       
# span 1 =      2.000,     69.500       
# span 2 =     2.4321,     5.0768       
# span 3 =     2.4296,     5.0906       
# span 4 =    -0.0174,     0.6049       
# span 5 =   0.736130,   0.925741       
# span 6 =   0.735411,   0.925007       
# span 7 =          1,          1       
# span 8 =     2.8252,     8.7062       
# span 9 =     2.7866,     8.6326       
# span 10 =       0.44,      10.00      
# span 11 =     0.0110,     0.0137      
# span 12 = 5.2786e-13, 8.7821e+00      
# span 13 = 1.0000e-12, 2.0505e+01      
# span 14 = 1.5029e+02, 2.3348e+02      
# span 15 =     7.2999,     8.6092      
# span 16 =     7.2919,     8.6018      
# span 17 =    -0.0186,     0.0797      
# span 18 =     5.8223,     6.8057      
# span 19 =     5.8159,     6.7999      
# span 20 =      1.982,     68.850      
# span 21 =      2.025,     70.367      
# span 22 =     -0.344,      0.796      
# span 23 =    1424.00,    1438.52      
# span 24 =    1423.99,    1438.52      
# span 25 = 0.0000e+00, 0.0000e+00      
# interval = decibars: 0.5              
# start_time = Feb 28 2018 09:05:00 [NMEA time, first data scan]
# bad_flag = -9.990e-29
*END*
[from data line 112]
       5501     58.000     4.6675     4.7334     0.0656    0.86619    0.87101          1     4.9132     4.7057       9.95     0.0125  5.279e-13  1.000e-12  1.894e+02     8.1074     8.1397     0.0323     6.4235     6.4467     57.459     58.732      0.246    1436.05    1436.38  0.000e+00
       5571     58.500     4.7666     4.7849     0.0187    0.87759    0.87670          1     4.6134     4.4541       9.95     0.0123  5.295e-13  1.000e-12  1.888e+02     8.1976     8.1842    -0.0134     6.4913     6.4800     57.954     59.238      0.448    1436.61    1436.68  0.000e+00
       5592     59.000     4.7965     4.9268     0.1301    0.88049    0.88451          1     4.5540     4.3632       9.95     0.0124  5.295e-13  1.000e-12  1.889e+02     8.2193     8.2273     0.0080     6.5073     6.5084     58.450     59.744      0.495    1436.78    1437.36  0.000e+00
       5646     59.500     4.9199     4.9934     0.0734    0.89075    0.89472          1     4.1507     4.0097       9.95     0.0124  5.295e-13  1.000e-12  1.889e+02     8.2915     8.3129     0.0214     6.5595     6.5734     58.945     60.250      0.301    1437.42    1437.77  0.000e+00
       5708     60.000     5.0184     5.0488     0.0304    0.90027    0.89917          1     3.8248     3.6780       9.95     0.0123  5.305e-13  1.000e-12  1.885e+02     8.3621     8.3435    -0.0186     6.6112     6.5952     59.440     60.756      0.400    1437.95    1438.06  0.000e+00
       5749     60.500     5.0768     5.0906     0.0138    0.90454    0.90425          1     3.7272     3.5677       9.84     0.0130  5.349e-13  1.000e-12  1.870e+02     8.3900     8.3836    -0.0063     6.6308     6.6252     59.936     61.262      0.275    1438.25    1438.30  0.000e+00
       5810     61.000     5.0499     5.0427    -0.0071    0.90850    0.90766          1     3.5467     3.3942       9.39     0.0132  5.352e-13  1.000e-12  1.868e+02     8.4362     8.4296    -0.0066     6.6686     6.6637     60.431     61.768      0.397    1438.20    1438.16  0.000e+00
       5834     61.500     5.0370     5.0394     0.0023    0.91197    0.91168          1     3.4598     3.2946       8.86     0.0128  5.359e-13  1.000e-12  1.866e+02     8.4741     8.4706    -0.0035     6.6991     6.6962     60.926     62.273      0.392    1438.20    1438.21  0.000e+00
       5918     62.000     5.0384     5.0403     0.0019    0.91450    0.91368          1     3.2748     3.1787       8.33     0.0133  5.411e-13  1.000e-12  1.848e+02     8.4990     8.4903    -0.0087     6.7187     6.7118     61.421     62.779      0.278    1438.25    1438.24  0.000e+00
       5957     62.500     5.0412     5.0471     0.0060    0.91688    0.91655          1     3.2197     3.1178       7.84     0.0133  5.428e-13  1.000e-12  1.842e+02     8.5220     8.5172    -0.0048     6.7368     6.7328     61.917     63.285      0.446    1438.30    1438.32  0.000e+00
       5985     63.000     5.0479     5.0537     0.0057    0.91936    0.91941          1     3.1422     3.0316       7.30     0.0134  5.473e-13  1.000e-12  1.827e+02     8.5450     8.5440    -0.0010     6.7547     6.7537     62.412     63.791      0.314    1438.36    1438.39  0.000e+00
       6075     63.500     5.0514     5.0538     0.0023    0.92227    0.92177          1     2.9729     2.9217       6.78     0.0134  5.407e-13  1.000e-12  1.849e+02     8.5732     8.5675    -0.0056     6.7768     6.7722     62.907     64.297      0.309    1438.42    1438.43  0.000e+00
       6100     64.000     5.0506     5.0506     0.0000    0.92344    0.92281          1     2.9645     2.8911       6.28     0.0132  5.411e-13  1.000e-12  1.848e+02     8.5850     8.5787    -0.0063     6.7862     6.7812     63.402     64.803      0.445    1438.44    1438.43  0.000e+00
       6130     64.500     5.0470     5.0463    -0.0008    0.92466    0.92421          1     2.9259     2.8588       5.75     0.0134  5.411e-13  1.000e-12  1.848e+02     8.5981     8.5938    -0.0043     6.7967     6.7933     63.898     65.309      0.302    1438.45    1438.44  0.000e+00
       6220     65.000     5.0439     5.0444     0.0005    0.92547    0.92469          1     2.8714     2.8273       5.21     0.0134  5.411e-13  1.000e-12  1.848e+02     8.6069     8.5990    -0.0079     6.8038     6.7975     64.393     65.814      0.297    1438.46    1438.45  0.000e+00
       6254     65.500     5.0435     5.0447     0.0012    0.92561    0.92476          1     2.8622     2.8236       4.70     0.0134  5.411e-13  1.000e-12  1.848e+02     8.6083     8.5995    -0.0088     6.8050     6.7979     64.888     66.320      0.423    1438.46    1438.46  0.000e+00
       6285     66.000     5.0434     5.0443     0.0009    0.92562    0.92477          1     2.8558     2.8244       4.20     0.0134  5.452e-13  1.000e-12  1.834e+02     8.6084     8.5997    -0.0087     6.8050     6.7981     65.383     66.826      0.289    1438.47    1438.46  0.000e+00
       6346     66.500     5.0427     5.0434     0.0007    0.92561    0.92480          1     2.8552     2.8201       4.07     0.0134  5.471e-13  1.000e-12  1.828e+02     8.6085     8.6002    -0.0083     6.8051     6.7985     65.879     67.332      0.261    1438.48    1438.47  0.000e+00
       6388     67.000     5.0427     5.0432     0.0005    0.92564    0.92482          1     2.8464     2.8216       3.40     0.0135  5.471e-13  1.000e-12  1.828e+02     8.6086     8.6003    -0.0083     6.8052     6.7987     66.374     67.838      0.263    1438.49    1438.48  0.000e+00
       6440     67.500     5.0422     5.0431     0.0009    0.92563    0.92485          1     2.8426     2.8189       3.08     0.0137  5.471e-13  1.000e-12  1.828e+02     8.6086     8.6005    -0.0081     6.8053     6.7988     66.869     68.344      0.228    1438.49    1438.48  0.000e+00
       6508     68.000     5.0417     5.0430     0.0013    0.92562    0.92486          1     2.8477     2.8088       1.95     0.0133  5.483e-13  1.000e-12  1.824e+02     8.6085     8.6007    -0.0079     6.8052     6.7989     67.364     68.849      0.194    1438.50    1438.49  0.000e+00
       6783     68.500     5.0431     5.0441     0.0011    0.92572    0.92500          1     2.8347     2.7937       3.18     0.0135  5.600e-13  1.000e-12  1.786e+02     8.6091     8.6017    -0.0074     6.8056     6.7997     67.860     69.355      0.235    1438.51    1438.51  0.000e+00
       6832     69.000     5.0434     5.0439     0.0005    0.92574    0.92501          1     2.8252     2.7914       0.95     0.0135  5.595e-13  1.000e-12  1.787e+02     8.6091     8.6017    -0.0074     6.8056     6.7997     68.355     69.861      0.211    1438.52    1438.51  0.000e+00
       6986     69.500     5.0431     5.0430    -0.0002    0.92574    0.92501          1     2.8372     2.7866       0.44     0.0134  5.595e-13  1.000e-12  1.787e+02     8.6092     8.6018    -0.0073     6.8057     6.7999     68.850     70.367     -0.344    1438.52    1438.52  0.000e+00
