ctdpy/exports/archive_20191120_135557/received_data/SBE09_1044_20180203_1039_34_02_0051.cnv
* Sea-Bird SBE 9 Data File:
* FileName = C:\ctd\temp\2018\ME18D051.hex
* Software Version Seasave V 7.26.6.26
* Temperature SN = 5351
* Conductivity SN = 3941
* Number of Bytes Per Scan = 41
* Number of Voltage Words = 4
* Number of Scans Averaged by the Deck Unit = 1
* NMEA Latitude = 57 51.99 N
* NMEA Longitude = 011 17.50 E
* NMEA UTC (Time) = Feb 03 2018  10:39:52
* NMEA baud rate = 4800
** Station:  P2
** Operator:  JKro
** Ship: MERI
** Average sound velocity: 1468.51 m/s
** True-depth calculation Sat, 03 Feb 2018 11:42:38 +0000
** CTD Python Module SMHI /ver 3-12/ feb 2012 
** LIMS Job: 20183402-0051
** Cruise: SMHI-01-2018
** Latitude [GG MM.mm N] :
** Longitude [GG MM.mm E]:
# nquan = 26
# nvalues = 181                         
# units = specified
# name 0 = scan: Scan Count
# name 1 = prDM: Pressure, Digiquartz [db]
# name 2 = t090C: Temperature [ITS-90, deg C]
# name 3 = t190C: Temperature, 2 [ITS-90, deg C]
# name 4 = T2-T190C: Temperature Difference, 2 - 1 [ITS-90, deg C]
# name 5 = c0S/m: Conductivity [S/m]
# name 6 = c1S/m: Conductivity, 2 [S/m]
# name 7 = pumps: Pump Status
# name 8 = sbeox0ML/L: Oxygen, SBE 43 [ml/l]
# name 9 = sbeox1ML/L: Oxygen, SBE 43, 2 [ml/l]
# name 10 = altM: Altimeter [m]
# name 11 = flECO-AFL: Chl-a Fluorescence, WET Labs ECO-AFL/FL [mg/m^3]
# name 12 = flECO-AFL1: Phycocyanin Fluorescence, WET Labs ECO-AFL/FL, 2 [mg/m^3]
# name 13 = par: PAR/Irradiance, Biospherical/Lico [µE/(cm^2*s)]
# name 14 = turbWETntu0: Turbidity, WET Labs ECO [NTU]
# name 15 = sal00: Salinity, Practical [PSU]
# name 16 = sal11: Salinity, Practical, 2 [PSU]
# name 17 = secS-priS: Salinity, Practical, Difference, 2 - 1 [PSU]
# name 18 = sigma-t00: Density [sigma-t, Kg/m^3 ]
# name 19 = sigma-t11: Density, 2 [sigma-t, Kg/m^3 ]
# name 20 = depSM: Depth [salt water, m], lat = 57.8665
# name 21 = depFM: Depth [true depth, m], lat = 57.8665
# name 22 = dz/dtM: Descent Rate [m/s], WS = 2
# name 23 = svCM: Sound Velocity [Chen-Millero, m/s]
# name 24 = svCM1: Sound Velocity, 2 [Chen-Millero, m/s]
# name 25 = flag: flag
# span 0 =      15370,      21458       
# span 1 =      1.000,     91.000       
# span 2 =     3.1817,     5.8812       
# span 3 =     3.1817,     5.8810       
# span 4 =    -0.0451,     0.0347       
# span 5 =   2.266293,   3.329077       
# span 6 =   2.266313,   3.329144       
# span 7 =          1,          1       
# span 8 =    6.62220,    7.57565       
# span 9 =    6.59226,    7.55363       
# span 10 =       1.33,      99.91      
# span 11 =     0.3944,     1.0119      
# span 12 =     0.2853,     0.4167      
# span 13 = -1.119e-05, 1.0036e+03      
# span 14 =     0.8689,     2.3295      
# span 15 =    24.0874,    33.8594      
# span 16 =    24.0875,    33.8603      
# span 17 =    -0.2127,     0.0796      
# span 18 =    19.1742,    26.6662      
# span 19 =    19.1743,    26.6669      
# span 20 =      0.991,     90.138      
# span 21 =      0.999,     90.396      
# span 22 =     -0.301,      0.669      
# span 23 =    1449.08,    1474.32      
# span 24 =    1449.09,    1474.33      
# span 25 = 0.0000e+00, 0.0000e+00      
# interval = decibars: 0.5              
# start_time = Feb 03 2018 10:39:53 [NMEA time, first data scan]
# bad_flag = -9.990e-29
*END*
[from data line 112]
      19041     57.000     5.6492     5.6449    -0.0043    3.28254    3.28231          1     6.6873     6.6795      37.19     0.4617     0.3291  1.000e-12  1.2889000    33.5819    33.5835     0.0016    26.4751    26.4769     56.465     56.663      0.394    1472.48    1472.47  0.000e+00
      19093     57.500     5.6269     5.6097    -0.0172    3.28056    3.27918          1     6.6782     6.6652      36.54     0.4168     0.3548  1.000e-12  1.1610000    33.5814    33.5829     0.0015    26.4774    26.4807     56.960     57.159      0.232    1472.40    1472.33  0.000e+00
      19134     58.000     5.5850     5.5846    -0.0004    3.27676    3.27685          1     6.7012     6.6635      36.11     0.4167     0.3224  1.000e-12  1.2387000    33.5799    33.5813     0.0014    26.4813    26.4824     57.455     57.655      0.460    1472.24    1472.24  0.000e+00
      19155     58.500     5.5850     5.5846    -0.0004    3.27777    3.27789          1     6.7086     6.6641      35.70     0.4087     0.3005  1.000e-12  1.3870000    33.5910    33.5928     0.0018    26.4900    26.4915     57.950     58.151      0.568    1472.26    1472.26  0.000e+00
      19177     59.000     5.5833     5.5827    -0.0005    3.27834    3.27839          1     6.7096     6.6615      35.30     0.4303     0.3273  1.000e-12  1.4935000    33.5989    33.6001     0.0012    26.4965    26.4975     58.446     58.647      0.494    1472.27    1472.27  0.000e+00
      19212     59.500     5.5753     5.5780     0.0027    3.27816    3.27882          1     6.6908     6.6767      34.66     0.4436     0.3385  1.000e-12  1.4722000    33.6046    33.6095     0.0048    26.5020    26.5055     58.941     59.144      0.275    1472.26    1472.27  0.000e+00
      19259     60.000     5.5957     5.5952    -0.0004    3.28188    3.28185          1     6.6776     6.6650      34.10     0.4072     0.3145  1.000e-12  1.2741000    33.6263    33.6264     0.0001    26.5167    26.5169     59.436     59.640      0.356    1472.37    1472.37  0.000e+00
      19284     60.500     5.6130     5.6027    -0.0103    3.28404    3.28277          1     6.6955     6.6698      33.71     0.4173     0.3163  1.000e-12  1.3289000    33.6332    33.6292    -0.0040    26.5201    26.5182     59.931     60.136      0.562    1472.46    1472.41  0.000e+00
      19303     61.000     5.6443     5.6372    -0.0072    3.28800    3.28736          1     6.6906     6.6599      33.33     0.4793     0.3183  1.000e-12  1.4213000    33.6467    33.6465    -0.0001    26.5270    26.5277     60.426     60.632      0.641    1472.61    1472.58  0.000e+00
      19322     61.500     5.6757     5.6770     0.0013    3.29194    3.29238          1     6.6836     6.6639      32.87     0.4535     0.3293  1.000e-12  1.2548000    33.6597    33.6634     0.0037    26.5335    26.5362     60.922     61.128      0.587    1472.76    1472.77  0.000e+00
      19347     62.000     5.7051     5.7031    -0.0020    3.29557    3.29543          1     6.6852     6.6681      32.24     0.4352     0.3169  1.000e-12  1.1066000    33.6713    33.6717     0.0005    26.5390    26.5397     61.417     61.624      0.322    1472.90    1472.90  0.000e+00
      19416     62.500     5.7070     5.7062    -0.0008    3.29590    3.29590          1     6.6799     6.6663      31.48     0.3944     0.3280  1.000e-12  0.8689000    33.6729    33.6737     0.0008    26.5401    26.5409     61.912     62.120      0.325    1472.92    1472.92  0.000e+00
      19441     63.000     5.7157     5.7178     0.0021    3.29693    3.29732          1     6.6852     6.6609      31.16     0.4156     0.3582  1.000e-12  0.9837000    33.6756    33.6778     0.0023    26.5412    26.5427     62.407     62.616      0.547    1472.97    1472.98  0.000e+00
      19461     63.500     5.7252     5.7242    -0.0010    3.29812    3.29816          1     6.6795     6.6574      30.76     0.4099     0.3435  1.000e-12  1.0898000    33.6792    33.6807     0.0015    26.5429    26.5442     62.903     63.112      0.580    1473.02    1473.02  0.000e+00
      19483     64.000     5.7348     5.7344    -0.0004    3.29927    3.29940          1     6.6702     6.6536      30.26     0.4518     0.3165  1.000e-12  1.1038000    33.6826    33.6843     0.0018    26.5444    26.5458     63.398     63.609      0.463    1473.07    1473.07  0.000e+00
      19520     64.500     5.7367     5.7374     0.0007    3.29962    3.29982          1     6.6719     6.6555      29.61     0.4254     0.3640  1.000e-12  0.9248000    33.6843    33.6858     0.0014    26.5455    26.5466     63.893     64.105      0.284    1473.09    1473.09  0.000e+00
      19559     65.000     5.7414     5.7397    -0.0016    3.30081    3.30099          1     6.6756     6.6650      29.08     0.4536     0.3632  1.000e-12  0.9301000    33.6929    33.6965     0.0037    26.5517    26.5548     64.388     64.601      0.415    1473.13    1473.12  0.000e+00
      19583     65.500     5.7384     5.7375    -0.0009    3.30111    3.30118          1     6.6614     6.6444      28.72     0.4221     0.3600  1.000e-12  0.9840000    33.6990    33.7007     0.0017    26.5569    26.5584     64.883     65.097      0.539    1473.13    1473.13  0.000e+00
      19604     66.000     5.7366     5.7378     0.0012    3.30102    3.30116          1     6.6635     6.6446      28.25     0.4289     0.3432  1.000e-12  1.1747000    33.6996    33.7000     0.0004    26.5576    26.5577     65.379     65.593      0.513    1473.13    1473.14  0.000e+00
      19636     66.500     5.7395     5.7396     0.0001    3.30102    3.30114          1     6.6726     6.6533      27.64     0.4313     0.3600  1.000e-12  1.0819000    33.6964    33.6976     0.0012    26.5547    26.5557     65.874     66.089      0.301    1473.15    1473.15  0.000e+00
      19686     67.000     5.7285     5.7214    -0.0071    3.30032    3.29996          1     6.6840     6.6455      27.04     0.4144     0.3183  1.000e-12  0.8727000    33.6992    33.7022     0.0030    26.5583    26.5616     66.369     66.585      0.302    1473.11    1473.09  0.000e+00
      19714     67.500     5.6931     5.6915    -0.0017    3.29798    3.29794          1     6.6873     6.6603      26.66     0.4072     0.3078  1.000e-12  1.0568000    33.7078    33.7090     0.0012    26.5694    26.5705     66.864     67.081      0.490    1472.99    1472.99  0.000e+00
      19737     68.000     5.6857     5.6857     0.0000    3.29733    3.29746          1     6.6845     6.6592      26.23     0.4426     0.3269  1.000e-12  1.2100000    33.7077    33.7091     0.0014    26.5702    26.5713     67.359     67.577      0.498    1472.97    1472.97  0.000e+00
      19764     68.500     5.6843     5.6843     0.0001    3.29725    3.29735          1     6.6768     6.6540      25.71     0.4741     0.3346  1.000e-12  1.1539000    33.7078    33.7090     0.0011    26.5705    26.5714     67.855     68.073      0.405    1472.97    1472.97  0.000e+00
      19797     69.000     5.6823     5.6824     0.0001    3.29716    3.29728          1     6.6761     6.6532      25.20     0.4348     0.3526  1.000e-12  1.1747000    33.7085    33.7098     0.0013    26.5713    26.5723     68.350     68.569      0.364    1472.97    1472.97  0.000e+00
      19827     69.500     5.6858     5.6862     0.0005    3.29774    3.29791          1     6.6767     6.6567      24.68     0.4202     0.3595  1.000e-12  1.1811000    33.7114    33.7129     0.0015    26.5731    26.5743     68.845     69.066      0.416    1473.00    1473.00  0.000e+00
      19856     70.000     5.6929     5.6937     0.0007    3.29870    3.29890          1     6.6802     6.6595      24.16     0.4561     0.3419  1.000e-12  1.1833000    33.7149    33.7164     0.0015    26.5751    26.5762     69.340     69.562      0.384    1473.04    1473.05  0.000e+00
      19891     70.500     5.6982     5.6980    -0.0002    3.29939    3.29948          1     6.6825     6.6581      23.61     0.4632     0.2988  1.000e-12  1.1095000    33.7172    33.7184     0.0013    26.5762    26.5772     69.836     70.058      0.345    1473.07    1473.07  0.000e+00
      19923     71.000     5.7074     5.7073    -0.0002    3.30053    3.30064          1     6.6874     6.6664      23.15     0.4116     0.3345  1.000e-12  1.1329000    33.7206    33.7220     0.0014    26.5778    26.5789     70.331     70.554      0.425    1473.12    1473.12  0.000e+00
      19949     71.500     5.7226     5.7230     0.0005    3.30234    3.30252          1     6.6722     6.6627      22.69     0.4309     0.3312  1.000e-12  1.1997000    33.7257    33.7273     0.0016    26.5800    26.5812     70.826     71.050      0.427    1473.20    1473.20  0.000e+00
      19983     72.000     5.7389     5.7391     0.0002    3.30426    3.30440          1     6.6612     6.6486      22.12     0.4179     0.3224  1.000e-12  1.0870000    33.7309    33.7323     0.0014    26.5821    26.5832     71.321     71.546      0.306    1473.28    1473.28  0.000e+00
      20022     72.500     5.7456     5.7456    -0.0001    3.30506    3.30517          1     6.6689     6.6619      21.63     0.4183     0.3603  1.000e-12  1.0241000    33.7330    33.7342     0.0012    26.5829    26.5839     71.816     72.042      0.391    1473.32    1473.32  0.000e+00
      20047     73.000     5.7450     5.7458     0.0007    3.30505    3.30524          1     6.6638     6.6696      21.23     0.4208     0.3822  1.000e-12  1.0714000    33.7332    33.7345     0.0013    26.5832    26.5841     72.312     72.538      0.534    1473.32    1473.33  0.000e+00
      20069     73.500     5.7432     5.7435     0.0004    3.30492    3.30506          1     6.6702     6.6529      20.79     0.4548     0.3776  1.000e-12  1.0650000    33.7333    33.7345     0.0012    26.5834    26.5844     72.807     73.034      0.519    1473.32    1473.33  0.000e+00
      20096     74.000     5.7404     5.7400    -0.0004    3.30478    3.30486          1     6.6774     6.6551      20.24     0.4616     0.3283  1.000e-12  1.0612000    33.7343    33.7356     0.0013    26.5846    26.5856     73.302     73.530      0.361    1473.32    1473.32  0.000e+00
      20138     74.500     5.7389     5.7391     0.0002    3.30473    3.30484          1     6.6776     6.6553      19.61     0.4284     0.3184  1.000e-12  0.9910000    33.7350    33.7361     0.0011    26.5853    26.5861     73.797     74.026      0.288    1473.32    1473.33  0.000e+00
      20172     75.000     5.7386     5.7388     0.0002    3.30476    3.30488          1     6.6628     6.6573      19.16     0.3967     0.3631  1.000e-12  1.0277000    33.7352    33.7364     0.0012    26.5855    26.5864     74.292     74.522      0.456    1473.33    1473.33  0.000e+00
      20195     75.500     5.7362     5.7360    -0.0002    3.30461    3.30471          1     6.6735     6.6602      18.75     0.4431     0.3148  1.000e-12  1.1753000    33.7357    33.7371     0.0014    26.5862    26.5874     74.787     75.019      0.531    1473.33    1473.33  0.000e+00
      20219     76.000     5.7316     5.7318     0.0003    3.30429    3.30442          1     6.6837     6.6544      18.28     0.4533     0.3137  1.000e-12  1.1204000    33.7365    33.7377     0.0012    26.5874    26.5884     75.283     75.515      0.433    1473.32    1473.32  0.000e+00
      20259     76.500     5.7330     5.7341     0.0011    3.30452    3.30477          1     6.6725     6.6623      17.62     0.4236     0.3242  1.000e-12  1.1459000    33.7374    33.7392     0.0018    26.5879    26.5892     75.778     76.011      0.261    1473.34    1473.34  0.000e+00
      20297     77.000     5.7373     5.7381     0.0009    3.30507    3.30530          1     6.6670     6.6497      17.16     0.4482     0.3298  1.000e-12  1.0294000    33.7392    33.7408     0.0016    26.5888    26.5900     76.273     76.507      0.458    1473.36    1473.37  0.000e+00
      20319     77.500     5.7436     5.7434    -0.0003    3.30586    3.30593          1     6.6691     6.6496      16.74     0.4555     0.3263  1.000e-12  1.2426000    33.7415    33.7425     0.0011    26.5899    26.5907     76.768     77.003      0.563    1473.40    1473.40  0.000e+00
      20341     78.000     5.7466     5.7473     0.0006    3.30623    3.30642          1     6.6691     6.6496      16.27     0.4483     0.3281  1.000e-12  1.2498000    33.7424    33.7439     0.0016    26.5902    26.5914     77.263     77.499      0.508    1473.42    1473.43  0.000e+00
      20371     78.500     5.7474     5.7479     0.0005    3.30644    3.30658          1     6.6666     6.6468      15.67     0.4514     0.3000  1.000e-12  1.1083000    33.7438    33.7449     0.0011    26.5912    26.5920     77.759     77.995      0.331    1473.43    1473.44  0.000e+00
      20413     79.000     5.7421     5.7414    -0.0007    3.30605    3.30607          1     6.6605     6.6242      15.07     0.4482     0.3174  1.000e-12  1.0231000    33.7444    33.7454     0.0010    26.5924    26.5933     78.254     78.491      0.326    1473.42    1473.42  0.000e+00
      20442     79.500     5.7350     5.7350    -0.0000    3.30554    3.30564          1     6.6668     6.6362      14.69     0.4417     0.3243  1.000e-12  1.1055000    33.7454    33.7465     0.0011    26.5941    26.5949     78.749     78.987      0.485    1473.40    1473.41  0.000e+00
      20465     80.000     5.7327     5.7328     0.0002    3.30547    3.30560          1     6.6766     6.6412      14.27     0.4733     0.3174  1.000e-12  1.2728000    33.7468    33.7481     0.0013    26.5954    26.5964     79.244     79.483      0.509    1473.40    1473.41  0.000e+00
      20491     80.500     5.7352     5.7357     0.0005    3.30597    3.30615          1     6.6775     6.6386      13.70     0.4836     0.3264  1.000e-12  1.2750000    33.7496    33.7512     0.0017    26.5973    26.5986     79.739     79.979      0.395    1473.43    1473.43  0.000e+00
      20533     81.000     5.7445     5.7452     0.0007    3.30725    3.30744          1     6.6774     6.6406      13.08     0.4353     0.3571  1.000e-12  1.2465000    33.7545    33.7561     0.0016    26.6001    26.6012     80.235     80.475      0.253    1473.48    1473.48  0.000e+00
      20574     81.500     5.7559     5.7556    -0.0003    3.30868    3.30876          1     6.6585     6.6598      12.62     0.4402     0.3522  1.000e-12  1.0504000    33.7591    33.7603     0.0012    26.6023    26.6033     80.730     80.971      0.429    1473.54    1473.54  0.000e+00
      20596     82.000     5.7579     5.7579     0.0000    3.30892    3.30906          1     6.6655     6.6663      12.24     0.4511     0.3171  1.000e-12  1.1245000    33.7595    33.7612     0.0017    26.6024    26.6037     81.225     81.468      0.579    1473.56    1473.56  0.000e+00
      20616     82.500     5.7585     5.7582    -0.0003    3.30907    3.30918          1     6.6783     6.6578      11.79     0.4599     0.3011  1.000e-12  1.1820000    33.7603    33.7619     0.0016    26.6030    26.6042     81.720     81.964      0.602    1473.57    1473.57  0.000e+00
      20637     83.000     5.7559     5.7559     0.0000    3.30892    3.30906          1     6.6819     6.6491      11.28     0.4647     0.3195  1.000e-12  1.2168000    33.7611    33.7627     0.0015    26.6039    26.6051     82.215     82.460      0.484    1473.56    1473.57  0.000e+00
      20674     83.500     5.7611     5.7605    -0.0006    3.30983    3.30986          1     6.6628     6.6563      10.61     0.4703     0.3657  1.000e-12  1.3410000    33.7659    33.7669     0.0010    26.6070    26.6079     82.710     82.956      0.266    1473.60    1473.60  0.000e+00
      20720     84.000     5.7662     5.7665     0.0003    3.31076    3.31094          1     6.6543     6.6477      10.09     0.4217     0.3312  1.000e-12  1.0933000    33.7711    33.7728     0.0017    26.6105    26.6118     83.206     83.452      0.362    1473.63    1473.64  0.000e+00
