ctdpy/exports/archive_20191120_135557/received_data/SBE09_0827_20160119_0521_26_01_0103.cnv
* Sea-Bird SBE 9 Data File:
* FileName = D:\CTD_SBE911\DAT\26DA.2016.1.3.hex
* Software Version Seasave V 7.21d
* Temperature SN = 034757
* Conductivity SN = 043188
* Number of Bytes Per Scan = 48
* Number of Voltage Words = 5
* Number of Scans Averaged by the Deck Unit = 1
* NMEA Latitude = 58 02.95 N
* NMEA Longitude = 009 44.13 E
* NMEA UTC (Time) = Jan 19 2016  05:23:14
* NMEA baud rate = 4800
** Ship: DANA
** Average sound velocity: 1483.90 m/s
** True-depth calculation Wed, 24 May 2017 05:50:43 +0000
** CTD Python Module SMHI /ver 3-12/ feb 2012 
** LIMS Job: 20162601-0103
**  30N Hirtshals
** Operator:  Christian
** Cruise: 11/2015 Togt 01 2016
# nquan = 26
# nvalues = 520                         
# units = specified
# name 0 = scan: Scan Count
# name 1 = prDM: Pressure, Digiquartz [db]
# name 2 = t090C: Temperature [ITS-90, deg C]
# name 3 = t190C: Temperature, 2 [ITS-90, deg C]
# name 4 = T2-T190C: Temperature Difference, 2 - 1 [ITS-90, deg C]
# name 5 = c0S/m: Conductivity [S/m]
# name 6 = c1S/m: Conductivity, 2 [S/m]
# name 7 = pumps: Pump Status
# name 8 = sbeox1ML/L: Oxygen, SBE 43, 2 [ml/l]
# name 9 = sbeox0ML/L: Oxygen, SBE 43 [ml/l]
# name 10 = altM: Altimeter [m]
# name 11 = chloroflTC0: Chlorophyll, Turner Cyclops [ug/l]
# name 12 = cpar: CPAR/Corrected Irradiance [%]
# name 13 = par: PAR/Irradiance, Biospherical/Licor
# name 14 = spar: SPAR/Surface Irradiance
# name 15 = sal00: Salinity, Practical [PSU]
# name 16 = sal11: Salinity, Practical, 2 [PSU]
# name 17 = secS-priS: Salinity, Practical, Difference, 2 - 1 [PSU]
# name 18 = sigma-t00: Density [sigma-t, kg/m^3 ]
# name 19 = sigma-t11: Density, 2 [sigma-t, kg/m^3 ]
# name 20 = depSM: Depth [salt water, m], lat = 58.0492
# name 21 = depFM: Depth [true depth, m], lat = 58.0492
# name 22 = dz/dtM: Descent Rate [m/s], WS = 2
# name 23 = svCM: Sound Velocity [Chen-Millero, m/s]
# name 24 = svCM1: Sound Velocity, 2 [Chen-Millero, m/s]
# name 25 = flag: flag
# span 0 =        106,      18408       
# span 1 =      1.500,    261.000       
# span 2 =     3.6680,     8.9868       
# span 3 =     3.6666,     8.9902       
# span 4 =    -0.5300,     0.2509       
# span 5 =   2.923216,   3.733296       
# span 6 =   2.922136,   3.733029       
# span 7 =          1,          1       
# span 8 =     5.2327,     7.0166       
# span 9 =     5.2738,     7.0262       
# span 10 =       1.73,       9.92      
# span 11 =     0.0231,     0.0824      
# span 12 = 9.9999e+04, 9.9999e+04      
# span 13 = 2.7956e+01, 8.8767e+01      
# span 14 = 0.0000e+00, 0.0000e+00      
# span 15 =    31.3849,    35.2089      
# span 16 =    31.3719,    35.2081      
# span 17 =    -0.6225,     0.0386      
# span 18 =    24.9420,    27.4071      
# span 19 =    24.9317,    27.4049      
# span 20 =      1.486,    258.417      
# span 21 =      1.491,    258.834      
# span 22 =     -0.296,      1.069      
# span 23 =    1460.61,    1488.13      
# span 24 =    1460.60,    1488.12      
# span 25 = 0.0000e+00, 0.0000e+00      
# interval = decibars: 0.5              
# start_time = Jan 19 2016 05:23:15 [NMEA time, first data scan]
# bad_flag = -9.990e-29
*END*
[from data line 446]
      15480    224.500     8.2077     8.2073    -0.0003    3.67023    3.66981          1     5.6276     5.7187       9.90     0.0375  1.000e+05  2.803e+01  0.000e+00    35.2086    35.2044    -0.0042    27.4062    27.4030    222.298    222.649      0.582    1487.21    1487.20  0.000e+00
      15500    225.000     8.2077     8.2074    -0.0003    3.67027    3.66984          1     5.6202     5.7016       9.90     0.0398  1.000e+05  2.800e+01  0.000e+00    35.2087    35.2045    -0.0043    27.4063    27.4030    222.793    223.145      0.584    1487.21    1487.21  0.000e+00
      15521    225.500     8.2078     8.2074    -0.0004    3.67029    3.66987          1     5.6233     5.7023       9.90     0.0363  1.000e+05  2.802e+01  0.000e+00    35.2087    35.2046    -0.0041    27.4063    27.4031    223.287    223.640      0.530    1487.22    1487.22  0.000e+00
      15550    226.000     8.2078     8.2075    -0.0003    3.67030    3.66988          1     5.6412     5.7157       9.90     0.0348  1.000e+05  2.802e+01  0.000e+00    35.2086    35.2044    -0.0042    27.4062    27.4029    223.782    224.136      0.328    1487.23    1487.23  0.000e+00
      15597    226.500     8.2078     8.2074    -0.0004    3.67033    3.66989          1     5.6312     5.6983       9.90     0.0339  1.000e+05  2.800e+01  0.000e+00    35.2086    35.2043    -0.0043    27.4062    27.4029    224.277    224.632      0.330    1487.24    1487.23  0.000e+00
      15622    227.000     8.2077     8.2074    -0.0002    3.67035    3.66993          1     5.6106     5.6936       9.90     0.0343  1.000e+05  2.802e+01  0.000e+00    35.2087    35.2044    -0.0043    27.4063    27.4030    224.772    225.128      0.658    1487.25    1487.24  0.000e+00
      15637    227.500     8.2079     8.2077    -0.0002    3.67040    3.66997          1     5.5952     5.7016       9.90     0.0329  1.000e+05  2.801e+01  0.000e+00    35.2087    35.2044    -0.0043    27.4063    27.4029    225.267    225.623      0.830    1487.26    1487.25  0.000e+00
      15650    228.000     8.2080     8.2077    -0.0002    3.67043    3.67000          1     5.5919     5.7197       9.90     0.0330  1.000e+05  2.800e+01  0.000e+00    35.2087    35.2044    -0.0043    27.4063    27.4029    225.762    226.119      0.877    1487.27    1487.26  0.000e+00
      15664    228.500     8.2080     8.2077    -0.0002    3.67045    3.67002          1     5.6086     5.7508       9.90     0.0314  1.000e+05  2.799e+01  0.000e+00    35.2087    35.2044    -0.0043    27.4063    27.4029    226.256    226.615      0.796    1487.27    1487.27  0.000e+00
      15681    229.000     8.2080     8.2077    -0.0003    3.67046    3.67004          1     5.6364     5.7307       9.90     0.0323  1.000e+05  2.799e+01  0.000e+00    35.2086    35.2044    -0.0042    27.4062    27.4029    226.751    227.110      0.556    1487.28    1487.28  0.000e+00
      15724    229.500     8.2081     8.2077    -0.0004    3.67049    3.67005          1     5.6542     5.7025       9.90     0.0335  1.000e+05  2.799e+01  0.000e+00    35.2085    35.2043    -0.0042    27.4061    27.4028    227.246    227.606      0.280    1487.29    1487.28  0.000e+00
      15763    230.000     8.2081     8.2077    -0.0004    3.67052    3.67008          1     5.6329     5.7174       9.90     0.0332  1.000e+05  2.798e+01  0.000e+00    35.2086    35.2043    -0.0043    27.4062    27.4029    227.741    228.102      0.503    1487.30    1487.29  0.000e+00
      15783    230.500     8.2081     8.2078    -0.0003    3.67055    3.67012          1     5.6254     5.7034       9.90     0.0333  1.000e+05  2.800e+01  0.000e+00    35.2087    35.2044    -0.0043    27.4062    27.4029    228.236    228.597      0.599    1487.31    1487.30  0.000e+00
      15802    231.000     8.2082     8.2078    -0.0004    3.67057    3.67014          1     5.6156     5.7091       9.90     0.0327  1.000e+05  2.798e+01  0.000e+00    35.2086    35.2044    -0.0043    27.4062    27.4029    228.730    229.093      0.617    1487.32    1487.31  0.000e+00
      15821    231.500     8.2081     8.2078    -0.0003    3.67059    3.67016          1     5.5962     5.7119       9.90     0.0339  1.000e+05  2.800e+01  0.000e+00    35.2087    35.2044    -0.0043    27.4062    27.4029    229.225    229.589      0.662    1487.32    1487.32  0.000e+00
      15839    232.000     8.2083     8.2080    -0.0003    3.67063    3.67019          1     5.5850     5.7135       9.90     0.0340  1.000e+05  2.800e+01  0.000e+00    35.2087    35.2043    -0.0044    27.4062    27.4028    229.720    230.084      0.741    1487.33    1487.33  0.000e+00
      15854    232.500     8.2083     8.2080    -0.0003    3.67066    3.67021          1     5.5893     5.7118       9.90     0.0334  1.000e+05  2.798e+01  0.000e+00    35.2087    35.2042    -0.0045    27.4062    27.4027    230.215    230.580      0.798    1487.34    1487.33  0.000e+00
      15869    233.000     8.2083     8.2079    -0.0004    3.67069    3.67024          1     5.6030     5.7021       9.90     0.0340  1.000e+05  2.799e+01  0.000e+00    35.2088    35.2044    -0.0044    27.4063    27.4029    230.710    231.076      0.784    1487.35    1487.34  0.000e+00
      15884    233.500     8.2083     8.2079    -0.0004    3.67070    3.67026          1     5.6190     5.7151       9.90     0.0335  1.000e+05  2.801e+01  0.000e+00    35.2086    35.2044    -0.0042    27.4062    27.4029    231.204    231.571      0.649    1487.36    1487.35  0.000e+00
      15924    234.000     8.2084     8.2080    -0.0004    3.67073    3.67029          1     5.6331     5.7138       9.90     0.0332  1.000e+05  2.799e+01  0.000e+00    35.2086    35.2044    -0.0042    27.4061    27.4029    231.699    232.067      0.326    1487.37    1487.36  0.000e+00
      15985    234.500     8.2084     8.2080    -0.0005    3.67076    3.67032          1     5.5983     5.6899       9.90     0.0356  1.000e+05  2.798e+01  0.000e+00    35.2087    35.2044    -0.0043    27.4062    27.4029    232.194    232.563      0.554    1487.37    1487.37  0.000e+00
      16000    235.000     8.2083     8.2081    -0.0002    3.67076    3.67035          1     5.5831     5.7001       9.90     0.0336  1.000e+05  2.799e+01  0.000e+00    35.2087    35.2044    -0.0042    27.4062    27.4029    232.689    233.058      0.822    1487.38    1487.38  0.000e+00
      16013    235.500     8.2082     8.2079    -0.0003    3.67078    3.67037          1     5.5862     5.7062       9.90     0.0335  1.000e+05  2.797e+01  0.000e+00    35.2087    35.2046    -0.0042    27.4062    27.4030    233.184    233.554      0.954    1487.39    1487.38  0.000e+00
      16025    236.000     8.2082     8.2077    -0.0005    3.67082    3.67036          1     5.6013     5.6936       9.90     0.0327  1.000e+05  2.797e+01  0.000e+00    35.2088    35.2045    -0.0043    27.4063    27.4030    233.678    234.050      0.987    1487.40    1487.39  0.000e+00
      16037    236.500     8.2080     8.2078    -0.0002    3.67080    3.67040          1     5.6194     5.7060       9.90     0.0329  1.000e+05  2.799e+01  0.000e+00    35.2086    35.2045    -0.0042    27.4062    27.4030    234.173    234.546      0.919    1487.41    1487.40  0.000e+00
      16051    237.000     8.2073     8.2067    -0.0006    3.67076    3.67034          1     5.6338     5.7145       9.90     0.0336  1.000e+05  2.797e+01  0.000e+00    35.2086    35.2047    -0.0039    27.4063    27.4033    234.668    235.041      0.737    1487.41    1487.40  0.000e+00
      16073    237.500     8.2075     8.2070    -0.0005    3.67079    3.67035          1     5.6400     5.7204       9.90     0.0338  1.000e+05  2.799e+01  0.000e+00    35.2085    35.2043    -0.0043    27.4062    27.4029    235.163    235.537      0.461    1487.42    1487.41  0.000e+00
      16106    238.000     8.2083     8.2076    -0.0007    3.67089    3.67044          1     5.6272     5.7103       9.90     0.0337  1.000e+05  2.799e+01  0.000e+00    35.2085    35.2043    -0.0042    27.4060    27.4029    235.658    236.033      0.381    1487.43    1487.42  0.000e+00
      16134    238.500     8.2078     8.2073    -0.0005    3.67087    3.67043          1     5.6155     5.7082       9.90     0.0335  1.000e+05  2.798e+01  0.000e+00    35.2085    35.2043    -0.0042    27.4062    27.4029    236.153    236.528      0.462    1487.44    1487.43  0.000e+00
      16160    239.000     8.2078     8.2068    -0.0010    3.67088    3.67041          1     5.6266     5.6978       9.90     0.0341  1.000e+05  2.799e+01  0.000e+00    35.2085    35.2045    -0.0040    27.4061    27.4031    236.647    237.024      0.435    1487.45    1487.44  0.000e+00
      16189    239.500     8.2073     8.2064    -0.0010    3.67087    3.67039          1     5.6164     5.7042       9.90     0.0344  1.000e+05  2.799e+01  0.000e+00    35.2085    35.2043    -0.0042    27.4062    27.4030    237.142    237.520      0.433    1487.45    1487.44  0.000e+00
      16214    240.000     8.2073     8.2068    -0.0005    3.67088    3.67043          1     5.5952     5.6990       9.90     0.0354  1.000e+05  2.798e+01  0.000e+00    35.2085    35.2042    -0.0043    27.4062    27.4029    237.637    238.015      0.533    1487.46    1487.45  0.000e+00
      16235    240.500     8.2073     8.2069    -0.0004    3.67090    3.67048          1     5.6039     5.6989       9.90     0.0354  1.000e+05  2.798e+01  0.000e+00    35.2084    35.2043    -0.0042    27.4061    27.4029    238.132    238.511      0.590    1487.47    1487.46  0.000e+00
      16255    241.000     8.2076     8.2075    -0.0001    3.67096    3.67055          1     5.6194     5.7000       9.90     0.0360  1.000e+05  2.799e+01  0.000e+00    35.2086    35.2043    -0.0043    27.4062    27.4029    238.626    239.007      0.538    1487.48    1487.47  0.000e+00
      16281    241.500     8.2073     8.2068    -0.0005    3.67096    3.67052          1     5.6250     5.6934       9.90     0.0350  1.000e+05  2.797e+01  0.000e+00    35.2086    35.2044    -0.0042    27.4063    27.4030    239.121    239.502      0.453    1487.48    1487.48  0.000e+00
      16307    242.000     8.2073     8.2069    -0.0005    3.67098    3.67053          1     5.6145     5.7235       9.90     0.0329  1.000e+05  2.798e+01  0.000e+00    35.2086    35.2042    -0.0044    27.4062    27.4029    239.616    239.998      0.519    1487.49    1487.49  0.000e+00
      16328    242.500     8.2073     8.2072    -0.0001    3.67100    3.67059          1     5.5954     5.7180       9.90     0.0359  1.000e+05  2.797e+01  0.000e+00    35.2085    35.2042    -0.0043    27.4062    27.4029    240.111    240.494      0.678    1487.50    1487.49  0.000e+00
      16343    243.000     8.2075     8.2070    -0.0006    3.67106    3.67060          1     5.5897     5.6940       9.90     0.0350  1.000e+05  2.800e+01  0.000e+00    35.2086    35.2043    -0.0043    27.4063    27.4030    240.606    240.989      0.789    1487.51    1487.50  0.000e+00
      16358    243.500     8.2085     8.2077    -0.0008    3.67116    3.67066          1     5.5972     5.6949       9.90     0.0343  1.000e+05  2.799e+01  0.000e+00    35.2085    35.2040    -0.0045    27.4060    27.4026    241.100    241.485      0.812    1487.52    1487.51  0.000e+00
      16373    244.000     8.2083     8.2079    -0.0005    3.67117    3.67072          1     5.6119     5.7146       9.90     0.0342  1.000e+05  2.800e+01  0.000e+00    35.2086    35.2042    -0.0044    27.4061    27.4027    241.595    241.981      0.717    1487.53    1487.52  0.000e+00
      16394    244.500     8.2082     8.2079    -0.0003    3.67118    3.67075          1     5.6320     5.7153       9.90     0.0349  1.000e+05  2.798e+01  0.000e+00    35.2085    35.2042    -0.0044    27.4061    27.4027    242.090    242.476      0.416    1487.54    1487.53  0.000e+00
      16462    245.000     8.2079     8.2077    -0.0002    3.67117    3.67074          1     5.6197     5.6966       9.90     0.0332  1.000e+05  2.799e+01  0.000e+00    35.2085    35.2041    -0.0044    27.4061    27.4027    242.585    242.972      0.401    1487.54    1487.54  0.000e+00
      16481    245.500     8.2085     8.2081    -0.0004    3.67125    3.67081          1     5.5838     5.7209       9.90     0.0334  1.000e+05  2.797e+01  0.000e+00    35.2086    35.2043    -0.0044    27.4061    27.4028    243.080    243.468      0.717    1487.55    1487.55  0.000e+00
      16496    246.000     8.2079     8.2076    -0.0003    3.67123    3.67081          1     5.5843     5.7120       9.90     0.0337  1.000e+05  2.802e+01  0.000e+00    35.2086    35.2045    -0.0041    27.4062    27.4030    243.574    243.964      0.790    1487.56    1487.56  0.000e+00
      16511    246.500     8.2084     8.2078    -0.0006    3.67130    3.67082          1     5.6026     5.6897       9.90     0.0346  1.000e+05  2.798e+01  0.000e+00    35.2087    35.2042    -0.0045    27.4062    27.4027    244.069    244.459      0.736    1487.57    1487.56  0.000e+00
      16529    247.000     8.2084     8.2082    -0.0002    3.67131    3.67090          1     5.6207     5.7048       9.90     0.0336  1.000e+05  2.799e+01  0.000e+00    35.2086    35.2043    -0.0043    27.4061    27.4027    244.564    244.955      0.600    1487.58    1487.57  0.000e+00
      16553    247.500     8.2087     8.2084    -0.0003    3.67136    3.67094          1     5.6369     5.7022       9.90     0.0321  1.000e+05  2.801e+01  0.000e+00    35.2086    35.2044    -0.0042    27.4061    27.4028    245.059    245.451      0.495    1487.59    1487.58  0.000e+00
      16577    248.000     8.2089     8.2089    -0.0001    3.67140    3.67100          1     5.6410     5.7054       9.90     0.0326  1.000e+05  2.800e+01  0.000e+00    35.2085    35.2043    -0.0042    27.4059    27.4027    245.553    245.946      0.576    1487.60    1487.59  0.000e+00
      16595    248.500     8.2087     8.2085    -0.0002    3.67140    3.67100          1     5.6237     5.7110       9.90     0.0325  1.000e+05  2.796e+01  0.000e+00    35.2084    35.2044    -0.0040    27.4059    27.4028    246.048    246.442      0.678    1487.61    1487.60  0.000e+00
      16612    249.000     8.2077     8.2083     0.0006    3.67134    3.67102          1     5.6195     5.7136       9.90     0.0336  1.000e+05  2.797e+01  0.000e+00    35.2086    35.2046    -0.0040    27.4062    27.4030    246.543    246.938      0.606    1487.61    1487.61  0.000e+00
      16705    249.500     8.2084     8.2080    -0.0004    3.67141    3.67099          1     5.6131     5.7313       9.90     0.0349  1.000e+05  2.798e+01  0.000e+00    35.2085    35.2044    -0.0041    27.4060    27.4028    247.038    247.433      0.367    1487.62    1487.62  0.000e+00
      16762    250.000     8.2087     8.2085    -0.0002    3.67147    3.67105          1     5.6086     5.7646       9.90     0.0356  1.000e+05  2.799e+01  0.000e+00    35.2085    35.2043    -0.0042    27.4060    27.4027    247.532    247.929      0.587    1487.63    1487.62  0.000e+00
      16783    250.500     8.2088     8.2088     0.0000    3.67151    3.67112          1     5.6188     5.7009       9.90     0.0351  1.000e+05  2.797e+01  0.000e+00    35.2085    35.2044    -0.0041    27.4060    27.4028    248.027    248.425      0.537    1487.64    1487.63  0.000e+00
      16808    251.000     8.2087     8.2083    -0.0004    3.67153    3.67108          1     5.6138     5.6573       9.90     0.0348  1.000e+05  2.797e+01  0.000e+00    35.2086    35.2043    -0.0043    27.4061    27.4027    248.522    248.920      0.451    1487.65    1487.64  0.000e+00
      16835    251.500     8.2086     8.2081    -0.0005    3.67153    3.67109          1     5.6192     5.7009       9.90     0.0354  1.000e+05  2.796e+01  0.000e+00    35.2085    35.2043    -0.0042    27.4060    27.4028    249.017    249.416      0.494    1487.65    1487.65  0.000e+00
