ctdpy/exports/archive_20191120_135557/received_data/SBE09_1044_20181015_1115_34_01_0093.cnv
* Sea-Bird SBE 9 Data File:
* FileName = C:\ctd\temp\ar18d093.hex
* Software Version Seasave V 7.21e
* Temperature SN = 5351
* Conductivity SN = 3941
* Number of Bytes Per Scan = 41
* Number of Voltage Words = 4
* Number of Scans Averaged by the Deck Unit = 1
* NMEA Latitude = 57 18.73 N
* NMEA Longitude = 020 04.58 E
* NMEA UTC (Time) = Oct 15 2018  14:15:52
* NMEA baud rate = 4800
** Station:  BY15
** Operator:  OBac
** Ship: ARANDA
** Average sound velocity: 1450.02 m/s
** True-depth calculation Mon, 15 Oct 2018 17:14:13 +0000
** CTD Python Module SMHI /ver 3-12/ feb 2012 
** LIMS Job: 20183401-0093
** Cruise: SMHI-4-2018
** Latitude [GG MM.mm N]:
** Longitude [GG MM.mm E]
# nquan = 26
# nvalues = 466                         
# units = specified
# name 0 = scan: Scan Count
# name 1 = prDM: Pressure, Digiquartz [db]
# name 2 = t090C: Temperature [ITS-90, deg C]
# name 3 = t190C: Temperature, 2 [ITS-90, deg C]
# name 4 = T2-T190C: Temperature Difference, 2 - 1 [ITS-90, deg C]
# name 5 = c0S/m: Conductivity [S/m]
# name 6 = c1S/m: Conductivity, 2 [S/m]
# name 7 = pumps: Pump Status
# name 8 = sbeox0ML/L: Oxygen, SBE 43 [ml/l]
# name 9 = sbeox1ML/L: Oxygen, SBE 43, 2 [ml/l]
# name 10 = altM: Altimeter [m]
# name 11 = flECO-AFL: Chl-a Fluorescence, WET Labs ECO-AFL/FL [mg/m^3]
# name 12 = flECO-AFL1: Phycocyanin Fluorescence, WET Labs ECO-AFL/FL, 2 [mg/m^3]
# name 13 = par: PAR/Irradiance, Biospherical/Lico [µE/(cm^2*s)]
# name 14 = turbWETntu0: Turbidity, WET Labs ECO [NTU]
# name 15 = sal00: Salinity, Practical [PSU]
# name 16 = sal11: Salinity, Practical, 2 [PSU]
# name 17 = secS-priS: Salinity, Practical, Difference, 2 - 1 [PSU]
# name 18 = sigma-t00: Density [sigma-t, Kg/m^3 ]
# name 19 = sigma-t11: Density, 2 [sigma-t, Kg/m^3 ]
# name 20 = depSM: Depth [salt water, m], lat = 57.3122
# name 21 = depFM: Depth [true depth, m], lat = 57.3122
# name 22 = dz/dtM: Descent Rate [m/s], WS = 2
# name 23 = svCM: Sound Velocity [Chen-Millero, m/s]
# name 24 = svCM1: Sound Velocity, 2 [Chen-Millero, m/s]
# name 25 = flag: flag
# span 0 =      10720,      22322       
# span 1 =      2.500,    235.000       
# span 2 =     3.5863,    11.3128       
# span 3 =     3.5880,    11.3144       
# span 4 =    -0.0284,     0.0830       
# span 5 =   0.770755,   1.455849       
# span 6 =   0.770888,   1.455847       
# span 7 =          1,          1       
# span 8 =    0.04178,    7.02840       
# span 9 =    0.04166,    7.48452       
# span 10 =       3.69,      98.71      
# span 11 =     0.2131,     1.3144      
# span 12 =     0.1483,     0.4408      
# span 13 = -3.241e-07, 1.5842e+02      
# span 14 =     0.1120,     1.1699      
# span 15 =     6.9819,    13.2575      
# span 16 =     6.9800,    13.2569      
# span 17 =    -0.0132,     0.0002      
# span 18 =     5.0079,    10.3490      
# span 19 =     5.0073,    10.3483      
# span 20 =      2.477,    232.703      
# span 21 =      2.534,    237.371      
# span 22 =     -0.043,      0.806      
# span 23 =    1430.41,    1461.31      
# span 24 =    1430.42,    1461.31      
# span 25 = 0.0000e+00, 0.0000e+00      
# interval = decibars: 0.5              
# start_time = Oct 15 2018 14:15:52 [NMEA time, first data scan]
# bad_flag = -9.990e-29
*END*
[from data line 446]
      20703    225.500     6.8974     6.8987     0.0014    1.45233    1.45232          1     0.0476     0.0469      13.91     0.3734     0.2082  1.000e-12  0.1890000    13.2254    13.2248    -0.0006    10.3240    10.3234    223.301    227.794      0.612    1454.74    1454.74  0.000e+00
      20723    226.000     6.8986     6.8999     0.0012    1.45287    1.45285          1     0.0484     0.0451      13.36     0.3757     0.2071  1.000e-12  0.1943000    13.2302    13.2295    -0.0007    10.3276    10.3270    223.796    228.299      0.554    1454.76    1454.76  0.000e+00
      20746    226.500     6.9005     6.9019     0.0014    1.45360    1.45358          1     0.0470     0.0458      12.82     0.3685     0.2198  1.000e-12  0.1884000    13.2365    13.2359    -0.0007    10.3324    10.3318    224.291    228.803      0.524    1454.78    1454.79  0.000e+00
      20769    227.000     6.9004     6.9018     0.0013    1.45424    1.45422          1     0.0469     0.0475      12.31     0.3574     0.2099  1.000e-12  0.1848000    13.2429    13.2421    -0.0008    10.3374    10.3367    224.786    229.307      0.554    1454.80    1454.80  0.000e+00
      20790    227.500     6.9001     6.9015     0.0014    1.45503    1.45500          1     0.0458     0.0475      11.80     0.3545     0.2461  1.000e-12  0.1992000    13.2506    13.2498    -0.0008    10.3435    10.3428    225.281    229.811      0.543    1454.81    1454.82  0.000e+00
      20813    228.000     6.8999     6.9013     0.0015    1.45529    1.45528          1     0.0481     0.0454      11.25     0.3771     0.2821  1.000e-12  0.2127000    13.2532    13.2525    -0.0006    10.3455    10.3449    225.776    230.315      0.480    1454.82    1454.83  0.000e+00
      20840    228.500     6.8999     6.9013     0.0014    1.45542    1.45541          1     0.0464     0.0468      10.71     0.4007     0.2699  1.000e-12  0.2242000    13.2543    13.2538    -0.0006    10.3464    10.3459    226.270    230.819      0.470    1454.83    1454.84  0.000e+00
      20864    229.000     6.9000     6.9013     0.0014    1.45545    1.45545          1     0.0455     0.0465      10.21     0.3997     0.2379  1.000e-12  0.2346000    13.2545    13.2540    -0.0005    10.3466    10.3461    226.765    231.323      0.485    1454.84    1454.85  0.000e+00
      20890    229.500     6.8999     6.9013     0.0014    1.45550    1.45549          1     0.0471     0.0461       9.68     0.3849     0.2504  1.000e-12  0.2391000    13.2549    13.2543    -0.0007    10.3469    10.3463    227.260    231.827      0.426    1454.85    1454.85  0.000e+00
      20923    230.000     6.8998     6.9012     0.0014    1.45562    1.45562          1     0.0468     0.0451       9.05     0.3814     0.2580  1.000e-12  0.2310000    13.2561    13.2555    -0.0006    10.3478    10.3472    227.755    232.331      0.337    1454.86    1454.86  0.000e+00
      20958    230.500     6.8998     6.9012     0.0014    1.45570    1.45569          1     0.0446     0.0437       8.51     0.3867     0.2156  1.000e-12  0.2439000    13.2568    13.2561    -0.0006    10.3484    10.3478    228.250    232.835      0.381    1454.87    1454.87  0.000e+00
      20986    231.000     6.8998     6.9012     0.0014    1.45575    1.45575          1     0.0465     0.0448       8.04     0.3848     0.2731  1.000e-12  0.2312000    13.2572    13.2566    -0.0006    10.3487    10.3482    228.745    233.339      0.461    1454.88    1454.88  0.000e+00
      21011    231.500     6.8998     6.9012     0.0014    1.45579    1.45578          1     0.0488     0.0455       7.59     0.4072     0.2243  1.000e-12  0.2350000    13.2574    13.2568    -0.0006    10.3489    10.3483    229.239    233.843      0.441    1454.88    1454.89  0.000e+00
      21044    232.000     6.8997     6.9011     0.0014    1.45580    1.45579          1     0.0442     0.0461       7.02     0.4030     0.2306  1.000e-12  0.2384000    13.2575    13.2569    -0.0007    10.3490    10.3483    229.734    234.347      0.315    1454.89    1454.90  0.000e+00
      21085    232.500     6.8997     6.9012     0.0014    1.45581    1.45581          1     0.0480     0.0461       6.45     0.4102     0.2778  1.000e-12  0.2351000    13.2575    13.2569    -0.0006    10.3489    10.3483    230.229    234.851      0.334    1454.90    1454.91  0.000e+00
      21115    233.000     6.8998     6.9013     0.0015    1.45582    1.45582          1     0.0442     0.0417       6.00     0.4006     0.2646  1.000e-12  0.2397000    13.2574    13.2569    -0.0005    10.3489    10.3483    230.724    235.355      0.463    1454.91    1454.91  0.000e+00
      21139    233.500     6.8999     6.9013     0.0014    1.45584    1.45583          1     0.0423     0.0485       5.53     0.3976     0.2330  1.000e-12  0.2295000    13.2574    13.2569    -0.0006    10.3489    10.3483    231.219    235.859      0.458    1454.92    1454.92  0.000e+00
      21172    234.000     6.8997     6.9012     0.0015    1.45584    1.45584          1     0.0488     0.0448       4.97     0.3918     0.2500  1.000e-12  0.2443000    13.2575    13.2568    -0.0006    10.3489    10.3483    231.714    236.363      0.303    1454.93    1454.93  0.000e+00
      21216    234.500     6.8998     6.9012     0.0014    1.45585    1.45585          1     0.0441     0.0443       4.39     0.3971     0.3051  1.000e-12  0.2349000    13.2574    13.2568    -0.0006    10.3489    10.3483    232.208    236.867      0.309    1454.93    1454.94  0.000e+00
      22322    235.000     6.8999     6.9014     0.0015    1.45562    1.45555          1     0.0418     0.0418       3.69     0.4074     0.2667  1.000e-12  0.2092000    13.2550    13.2537    -0.0012    10.3469    10.3459    232.703    237.371     -0.043    1454.94    1454.94  0.000e+00
