ctdpy/exports/archive_20191120_135557/received_data/SBE09_0827_20180301_1608_26_01_0342.cnv
* Sea-Bird SBE 9 Data File:
* FileName = D:\CTD_SBE911\DAT\26DA.2018.3.42.hex
* Software Version Seasave V 7.21d
* Temperature SN = 034757
* Conductivity SN = 041844
* Number of Bytes Per Scan = 48
* Number of Voltage Words = 5
* Number of Scans Averaged by the Deck Unit = 1
* NMEA Latitude = 57 19.48 N
* NMEA Longitude = 019 03.95 E
* NMEA UTC (Time) = Mar 01 2018  16:09:01
* NMEA baud rate = 4800
** Ship: DANA
** Average sound velocity: 1426.19 m/s
** True-depth calculation Tue, 02 Apr 2019 12:09:04 +0000
** CTD Python Module SMHI /ver 3-12/ feb 2012 
** LIMS Job: 20182601-0342
** Operator:
** Cruise: 02/2018
# nquan = 26
# nvalues = 125                         
# units = specified
# name 0 = scan: Scan Count
# name 1 = prDM: Pressure, Digiquartz [db]
# name 2 = t090C: Temperature [ITS-90, deg C]
# name 3 = t190C: Temperature, 2 [ITS-90, deg C]
# name 4 = T2-T190C: Temperature Difference, 2 - 1 [ITS-90, deg C]
# name 5 = c0S/m: Conductivity [S/m]
# name 6 = c1S/m: Conductivity, 2 [S/m]
# name 7 = pumps: Pump Status
# name 8 = sbeox1ML/L: Oxygen, SBE 43, 2 [ml/l]
# name 9 = sbeox0ML/L: Oxygen, SBE 43 [ml/l]
# name 10 = altM: Altimeter [m]
# name 11 = chloroflTC0: Chlorophyll, Turner Cyclops [ug/l]
# name 12 = cpar: CPAR/Corrected Irradiance [%]
# name 13 = par: PAR/Irradiance, Biospherical/Lico [µE/(cm^2*s)]
# name 14 = spar: SPAR, Biospherical/Licor
# name 15 = sal00: Salinity, Practical [PSU]
# name 16 = sal11: Salinity, Practical, 2 [PSU]
# name 17 = secS-priS: Salinity, Practical, Difference, 2 - 1 [PSU]
# name 18 = sigma-t00: Density [sigma-t, kg/m^3 ]
# name 19 = sigma-t11: Density, 2 [sigma-t, kg/m^3 ]
# name 20 = depSM: Depth [salt water, m], lat = 57.3247
# name 21 = depFM: Depth [true depth, m], lat = 57.3247
# name 22 = dz/dtM: Descent Rate [m/s], WS = 2
# name 23 = svCM: Sound Velocity [Chen-Millero, m/s]
# name 24 = svCM1: Sound Velocity, 2 [Chen-Millero, m/s]
# name 25 = flag: flag
# span 0 =         28,       6362       
# span 1 =      0.500,     62.500       
# span 2 =     2.7347,     2.8612       
# span 3 =     2.7342,     2.8648       
# span 4 =    -0.0272,     0.0155       
# span 5 =   0.750160,   0.753592       
# span 6 =   0.749475,   0.753033       
# span 7 =          1,          1       
# span 8 =     8.5925,     8.6465       
# span 9 =     8.5339,     8.5947       
# span 10 =       1.97,       9.96      
# span 11 =     0.0120,     0.0145      
# span 12 = 7.6126e-12, 2.1159e+01      
# span 13 = 1.0000e-12, 2.9197e+00      
# span 14 = 8.1119e+00, 1.4244e+01      
# span 15 =     7.3725,     7.3781      
# span 16 =     7.3656,     7.3714      
# span 17 =    -0.0117,    -0.0054      
# span 18 =     5.8796,     5.8834      
# span 19 =     5.8741,     5.8779      
# span 20 =      0.495,     61.915      
# span 21 =      0.506,     63.286      
# span 22 =     -0.043,      0.864      
# span 23 =    1425.63,    1427.01      
# span 24 =    1425.62,    1427.02      
# span 25 = 0.0000e+00, 0.0000e+00      
# interval = decibars: 0.5              
# start_time = Mar 01 2018 16:09:02 [NMEA time, first data scan]
# bad_flag = -9.990e-29
*END*
         28      0.500     2.7788     2.7788     0.0000    0.75069    0.74995          1     8.6369     8.5508       2.07     0.0137  2.116e+01  2.920e+00  1.381e+01     7.3752     7.3674    -0.0078     5.8815     5.8752      0.495      0.506      0.109    1425.65    1425.64  0.000e+00
         53      1.000     2.7729     2.7736     0.0008    0.75059    0.74987          1     8.6347     8.5561       4.16     0.0122  8.409e+00  1.202e+00  1.424e+01     7.3754     7.3677    -0.0078     5.8817     5.8755      0.991      1.013      0.645    1425.63    1425.62  0.000e+00
         68      1.500     2.7776     2.7762    -0.0015    0.75072    0.74991          1     8.6243     8.5593       3.86     0.0122  6.150e+00  8.743e-01  1.422e+01     7.3756     7.3674    -0.0082     5.8819     5.8753      1.486      1.519      0.747    1425.66    1425.64  0.000e+00
         89      2.000     2.7797     2.7788    -0.0008    0.75076    0.74997          1     8.6149     8.5629       5.64     0.0128  4.335e+00  6.162e-01  1.422e+01     7.3755     7.3674    -0.0081     5.8817     5.8753      1.982      2.025      0.511    1425.68    1425.67  0.000e+00
        197      2.500     2.7822     2.7811    -0.0011    0.75083    0.75004          1     8.6272     8.5533       9.84     0.0122  4.368e+00  6.210e-01  1.422e+01     7.3756     7.3676    -0.0080     5.8818     5.8754      2.477      2.531      0.750    1425.70    1425.68  0.000e+00
        231      3.000     2.7818     2.7819     0.0001    0.75082    0.75006          1     8.6265     8.5493       9.96     0.0125  3.078e+00  4.376e-01  1.422e+01     7.3755     7.3675    -0.0080     5.8817     5.8753      2.972      3.038      0.465    1425.70    1425.69  0.000e+00
        338      3.500     2.7815     2.7820     0.0005    0.75083    0.75009          1     8.6335     8.5601       9.96     0.0122  2.976e+00  4.230e-01  1.422e+01     7.3756     7.3677    -0.0079     5.8818     5.8755      3.468      3.544      0.788    1425.71    1425.70  0.000e+00
        353      4.000     2.7820     2.7818    -0.0002    0.75085    0.75009          1     8.6318     8.5615       9.96     0.0122  2.251e+00  3.200e-01  1.422e+01     7.3756     7.3677    -0.0079     5.8818     5.8755      3.963      4.050      0.774    1425.72    1425.71  0.000e+00
        370      4.500     2.7819     2.7821     0.0001    0.75085    0.75010          1     8.6264     8.5679       9.96     0.0131  1.600e+00  2.275e-01  1.422e+01     7.3756     7.3676    -0.0080     5.8818     5.8754      4.459      4.557      0.633    1425.73    1425.72  0.000e+00
        398      5.000     2.7813     2.7823     0.0010    0.75084    0.75011          1     8.6200     8.5703       9.96     0.0126  1.169e+00  1.661e-01  1.422e+01     7.3756     7.3677    -0.0079     5.8818     5.8755      4.954      5.063      0.380    1425.73    1425.73  0.000e+00
        519      5.500     2.7850     2.7850    -0.0000    0.75093    0.75017          1     8.6270     8.5632       9.96     0.0122  1.179e+00  1.661e-01  1.409e+01     7.3756     7.3676    -0.0080     5.8818     5.8754      5.449      5.569      0.651    1425.76    1425.75  0.000e+00
        536      6.000     2.7854     2.7855     0.0001    0.75095    0.75020          1     8.6275     8.5690       9.96     0.0122  7.804e-01  1.098e-01  1.412e+01     7.3756     7.3677    -0.0079     5.8818     5.8755      5.945      6.075      0.574    1425.77    1425.76  0.000e+00
        585      6.500     2.7850     2.7859     0.0008    0.75094    0.75022          1     8.6314     8.5612       9.96     0.0122  3.912e-01  5.433e-02  1.396e+01     7.3756     7.3677    -0.0078     5.8817     5.8755      6.440      6.582      0.389    1425.77    1425.77  0.000e+00
        665      7.000     2.7847     2.7857     0.0009    0.75094    0.75023          1     8.6083     8.5702       9.96     0.0126  3.888e-01  5.333e-02  1.373e+01     7.3755     7.3678    -0.0077     5.8817     5.8755      6.935      7.088      0.773    1425.78    1425.77  0.000e+00
        678      7.500     2.7835     2.7836     0.0001    0.75092    0.75020          1     8.5995     8.5708       9.96     0.0123  1.080e-01  1.455e-02  1.376e+01     7.3755     7.3680    -0.0076     5.8817     5.8757      7.431      7.594      0.864    1425.78    1425.77  0.000e+00
        692      8.000     2.7841     2.7836    -0.0005    0.75095    0.75018          1     8.6041     8.5647       9.96     0.0122  3.149e-03  4.242e-04  1.420e+01     7.3756     7.3677    -0.0079     5.8818     5.8755      7.926      8.101      0.796    1425.79    1425.78  0.000e+00
        709      8.500     2.7848     2.7836    -0.0012    0.75096    0.75020          1     8.6255     8.5647       9.96     0.0122  2.795e-06  3.784e-07  1.421e+01     7.3755     7.3678    -0.0077     5.8817     5.8756      8.422      8.607      0.591    1425.80    1425.79  0.000e+00
        778      9.000     2.7838     2.7828    -0.0010    0.75094    0.75018          1     8.6306     8.5710       9.96     0.0122  7.613e-12  1.000e-12  1.321e+01     7.3755     7.3677    -0.0078     5.8817     5.8755      8.917      9.113      0.407    1425.81    1425.79  0.000e+00
        882      9.500     2.7839     2.7834    -0.0005    0.75094    0.75021          1     8.6121     8.5689       9.96     0.0121  8.124e-12  1.000e-12  1.233e+01     7.3754     7.3678    -0.0076     5.8816     5.8756      9.412      9.620      0.701    1425.82    1425.80  0.000e+00
        901     10.000     2.7828     2.7828     0.0001    0.75092    0.75019          1     8.6152     8.5641       9.96     0.0122  8.022e-12  1.000e-12  1.251e+01     7.3753     7.3676    -0.0077     5.8816     5.8754      9.908     10.126      0.518    1425.82    1425.81  0.000e+00
        963     10.500     2.7841     2.7842     0.0002    0.75096    0.75022          1     8.6274     8.5678       9.96     0.0122  8.157e-12  1.000e-12  1.227e+01     7.3754     7.3676    -0.0078     5.8816     5.8754     10.403     10.632      0.250    1425.83    1425.82  0.000e+00
       1018     11.000     2.7855     2.7907     0.0051    0.75100    0.75036          1     8.6287     8.5761       9.96     0.0129  8.208e-12  1.000e-12  1.218e+01     7.3754     7.3675    -0.0080     5.8817     5.8752     10.898     11.138      0.367    1425.85    1425.86  0.000e+00
       1047     11.500     2.7886     2.7931     0.0045    0.75109    0.75046          1     8.6306     8.5667       9.96     0.0123  8.167e-12  1.000e-12  1.226e+01     7.3756     7.3680    -0.0077     5.8818     5.8756     11.394     11.645      0.408    1425.87    1425.88  0.000e+00
       1098     12.000     2.7912     2.7909    -0.0003    0.75116    0.75040          1     8.6240     8.5580       9.96     0.0123  8.205e-12  1.000e-12  1.219e+01     7.3756     7.3678    -0.0079     5.8818     5.8755     11.889     12.151      0.309    1425.89    1425.88  0.000e+00
       1208     12.500     2.7914     2.7884    -0.0030    0.75116    0.75035          1     8.6019     8.5676       9.96     0.0122  8.207e-12  1.000e-12  1.219e+01     7.3755     7.3677    -0.0078     5.8817     5.8755     12.384     12.657      0.516    1425.90    1425.87  0.000e+00
       1225     13.000     2.7865     2.7865    -0.0000    0.75100    0.75033          1     8.5976     8.5718       9.96     0.0122  8.207e-12  1.000e-12  1.219e+01     7.3750     7.3679    -0.0071     5.8813     5.8756     12.880     13.164      0.627    1425.88    1425.87  0.000e+00
       1244     13.500     2.7820     2.7794    -0.0025    0.75091    0.75015          1     8.6081     8.5734       9.96     0.0122  8.207e-12  1.000e-12  1.219e+01     7.3750     7.3676    -0.0074     5.8813     5.8754     13.375     13.670      0.569    1425.87    1425.85  0.000e+00
       1274     14.000     2.7820     2.7816    -0.0004    0.75092    0.75017          1     8.6285     8.5679       9.96     0.0125  8.207e-12  1.000e-12  1.219e+01     7.3750     7.3672    -0.0078     5.8813     5.8751     13.871     14.176      0.313    1425.88    1425.86  0.000e+00
       1375     14.500     2.7857     2.7825    -0.0032    0.75102    0.75021          1     8.6465     8.5629       9.96     0.0122  8.207e-12  1.000e-12  1.219e+01     7.3752     7.3673    -0.0078     5.8814     5.8752     14.366     14.682      0.305    1425.90    1425.88  0.000e+00
       1403     15.000     2.7871     2.7848    -0.0024    0.75108    0.75029          1     8.6341     8.5729       9.96     0.0122  8.207e-12  1.000e-12  1.219e+01     7.3753     7.3675    -0.0078     5.8815     5.8753     14.861     15.189      0.342    1425.92    1425.90  0.000e+00
       1505     15.500     2.7849     2.7825    -0.0023    0.75101    0.75024          1     8.6272     8.5625       9.96     0.0122  8.207e-12  1.000e-12  1.219e+01     7.3751     7.3675    -0.0076     5.8814     5.8753     15.357     15.695      0.414    1425.91    1425.90  0.000e+00
       1533     16.000     2.7829     2.7826    -0.0002    0.75096    0.75026          1     8.6191     8.5616       9.96     0.0127  8.207e-12  1.000e-12  1.219e+01     7.3749     7.3677    -0.0073     5.8813     5.8755     15.852     16.201      0.697    1425.91    1425.90  0.000e+00
       1548     16.500     2.7830     2.7802    -0.0028    0.75097    0.75019          1     8.6196     8.5627       9.96     0.0126  8.207e-12  1.000e-12  1.219e+01     7.3749     7.3673    -0.0076     5.8812     5.8752     16.347     16.708      0.736    1425.92    1425.90  0.000e+00
       1565     17.000     2.7813     2.7813     0.0000    0.75094    0.75022          1     8.6263     8.5642       9.96     0.0122  8.207e-12  1.000e-12  1.219e+01     7.3749     7.3674    -0.0075     5.8812     5.8752     16.843     17.214      0.611    1425.92    1425.91  0.000e+00
       1625     17.500     2.7821     2.7822     0.0000    0.75097    0.75025          1     8.6330     8.5722       9.96     0.0123  8.207e-12  1.000e-12  1.219e+01     7.3750     7.3674    -0.0076     5.8813     5.8753     17.338     17.720      0.344    1425.93    1425.92  0.000e+00
       1708     18.000     2.7784     2.7811     0.0027    0.75087    0.75024          1     8.6334     8.5694       9.96     0.0122  8.207e-12  1.000e-12  1.219e+01     7.3747     7.3675    -0.0073     5.8811     5.8753     17.833     18.226      0.377    1425.92    1425.93  0.000e+00
       1755     18.500     2.7776     2.7783     0.0006    0.75086    0.75016          1     8.6322     8.5601       9.96     0.0122  8.207e-12  1.000e-12  1.219e+01     7.3748     7.3672    -0.0076     5.8811     5.8751     18.329     18.733      0.195    1425.93    1425.92  0.000e+00
       1826     19.000     2.7745     2.7769     0.0024    0.75079    0.75014          1     8.6329     8.5463       9.96     0.0123  8.207e-12  1.000e-12  1.219e+01     7.3746     7.3672    -0.0074     5.8811     5.8751     18.824     19.239      0.209    1425.92    1425.92  0.000e+00
       1880     19.500     2.7798     2.7764    -0.0034    0.75095    0.75012          1     8.6332     8.5544       9.96     0.0136  8.207e-12  1.000e-12  1.219e+01     7.3750     7.3671    -0.0079     5.8814     5.8751     19.319     19.745      0.261    1425.95    1425.93  0.000e+00
       1917     20.000     2.7849     2.7824    -0.0026    0.75109    0.75026          1     8.6274     8.5461       9.96     0.0123  8.207e-12  1.000e-12  1.219e+01     7.3752     7.3672    -0.0081     5.8815     5.8751     19.815     20.252      0.440    1425.99    1425.96  0.000e+00
       1940     20.500     2.7871     2.7845    -0.0026    0.75115    0.75034          1     8.6229     8.5544       9.96     0.0145  8.207e-12  1.000e-12  1.219e+01     7.3754     7.3674    -0.0079     5.8816     5.8753     20.310     20.758      0.504    1426.00    1425.98  0.000e+00
       1975     21.000     2.7927     2.7887    -0.0039    0.75130    0.75045          1     8.6342     8.5579       9.96     0.0140  8.207e-12  1.000e-12  1.219e+01     7.3756     7.3675    -0.0081     5.8817     5.8753     20.806     21.264      0.352    1426.04    1426.01  0.000e+00
       2100     21.500     2.7907     2.7935     0.0029    0.75123    0.75060          1     8.6397     8.5485       9.96     0.0122  8.343e-12  1.000e-12  1.202e+01     7.3753     7.3679    -0.0074     5.8815     5.8756     21.301     21.771      0.475    1426.04    1426.04  0.000e+00
       2119     22.000     2.7904     2.7921     0.0017    0.75124    0.75057          1     8.6311     8.5542       9.96     0.0122  8.355e-12  1.000e-12  1.200e+01     7.3753     7.3679    -0.0074     5.8815     5.8756     21.796     22.277      0.539    1426.04    1426.04  0.000e+00
       2142     22.500     2.7911     2.7923     0.0013    0.75126    0.75057          1     8.6290     8.5656       9.96     0.0122  8.345e-12  1.000e-12  1.202e+01     7.3752     7.3678    -0.0075     5.8815     5.8755     22.292     22.783      0.480    1426.05    1426.05  0.000e+00
       2179     23.000     2.7918     2.7911    -0.0006    0.75129    0.75055          1     8.6294     8.5640       9.96     0.0122  8.377e-12  1.000e-12  1.197e+01     7.3754     7.3678    -0.0076     5.8816     5.8755     22.787     23.289      0.280    1426.07    1426.05  0.000e+00
       2278     23.500     2.7891     2.7896     0.0005    0.75122    0.75051          1     8.6365     8.5552       9.96     0.0123  8.655e-12  1.000e-12  1.163e+01     7.3752     7.3676    -0.0075     5.8814     5.8754     23.282     23.796      0.318    1426.06    1426.05  0.000e+00
       2304     24.000     2.7917     2.7897    -0.0020    0.75130    0.75052          1     8.6325     8.5578       9.96     0.0122  9.071e-12  1.000e-12  1.112e+01     7.3754     7.3676    -0.0078     5.8815     5.8753     23.778     24.302      0.431    1426.08    1426.06  0.000e+00
       2333     24.500     2.7956     2.7926    -0.0030    0.75142    0.75060          1     8.6297     8.5559       9.96     0.0130  9.486e-12  1.000e-12  1.060e+01     7.3756     7.3677    -0.0079     5.8817     5.8754     24.273     24.808      0.347    1426.11    1426.08  0.000e+00
       2450     25.000     2.8052     2.8003    -0.0049    0.75170    0.75081          1     8.6392     8.5531       9.96     0.0125  9.826e-12  1.000e-12  1.018e+01     7.3763     7.3681    -0.0082     5.8822     5.8757     24.768     25.315      0.364    1426.16    1426.13  0.000e+00
       2478     25.500     2.8063     2.8081     0.0018    0.75171    0.75101          1     8.6352     8.5503       9.96     0.0122  9.849e-12  1.000e-12  1.015e+01     7.3761     7.3683    -0.0077     5.8820     5.8758     25.264     25.821      0.503    1426.17    1426.17  0.000e+00
       2504     26.000     2.8033     2.8045     0.0012    0.75164    0.75096          1     8.6296     8.5522       9.96     0.0123  9.848e-12  1.000e-12  1.015e+01     7.3760     7.3685    -0.0075     5.8820     5.8760     25.759     26.327      0.423    1426.17    1426.16  0.000e+00
       2537     26.500     2.8044     2.8048     0.0004    0.75167    0.75096          1     8.6314     8.5525       9.96     0.0122  9.807e-12  1.000e-12  1.021e+01     7.3759     7.3684    -0.0076     5.8819     5.8759     26.254     26.833      0.311    1426.18    1426.17  0.000e+00
       2622     27.000     2.8056     2.8064     0.0009    0.75169    0.75101          1     8.6305     8.5540       9.96     0.0122  9.849e-12  1.000e-12  1.015e+01     7.3758     7.3685    -0.0073     5.8818     5.8760     26.750     27.340      0.227    1426.19    1426.18  0.000e+00
       2691     27.500     2.7985     2.8058     0.0073    0.75150    0.75101          1     8.6265     8.5640       9.96     0.0128  9.848e-12  1.000e-12  1.015e+01     7.3754     7.3686    -0.0068     5.8815     5.8761     27.245     27.846      0.415    1426.17    1426.19  0.000e+00
