ctdpy/exports/archive_20191120_135557/received_data/SBE09_1044_20180126_0008_34_02_0011.cnv
* Sea-Bird SBE 9 Data File:
* FileName = C:\ctd\temp\2018\ME18D011.hex
* Software Version Seasave V 7.26.6.26
* Temperature SN = 5351
* Conductivity SN = 3941
* Number of Bytes Per Scan = 41
* Number of Voltage Words = 4
* Number of Scans Averaged by the Deck Unit = 1
* NMEA Latitude = 55 38.85 N
* NMEA Longitude = 012 57.01 E
* NMEA UTC (Time) = Jan 26 2018  00:09:19
* NMEA baud rate = 4800
** Station:  Öresund-4
** Operator:  SSip
** Ship: MERI
** Average sound velocity: 1459.84 m/s
** True-depth calculation Sat, 27 Jan 2018 21:47:42 +0000
** CTD Python Module SMHI /ver 3-12/ feb 2012 
** LIMS Job: 20183402-0011
** Cruise: SMHI-01-2018
** Latitude [GG MM.mm N] :
** Longitude [GG MM.mm E]:
# nquan = 26
# nvalues = 24                          
# units = specified
# name 0 = scan: Scan Count
# name 1 = prDM: Pressure, Digiquartz [db]
# name 2 = t090C: Temperature [ITS-90, deg C]
# name 3 = t190C: Temperature, 2 [ITS-90, deg C]
# name 4 = T2-T190C: Temperature Difference, 2 - 1 [ITS-90, deg C]
# name 5 = c0S/m: Conductivity [S/m]
# name 6 = c1S/m: Conductivity, 2 [S/m]
# name 7 = pumps: Pump Status
# name 8 = sbeox0ML/L: Oxygen, SBE 43 [ml/l]
# name 9 = sbeox1ML/L: Oxygen, SBE 43, 2 [ml/l]
# name 10 = altM: Altimeter [m]
# name 11 = flECO-AFL: Chl-a Fluorescence, WET Labs ECO-AFL/FL [mg/m^3]
# name 12 = flECO-AFL1: Phycocyanin Fluorescence, WET Labs ECO-AFL/FL, 2 [mg/m^3]
# name 13 = par: PAR/Irradiance, Biospherical/Lico [µE/(cm^2*s)]
# name 14 = turbWETntu0: Turbidity, WET Labs ECO [NTU]
# name 15 = sal00: Salinity, Practical [PSU]
# name 16 = sal11: Salinity, Practical, 2 [PSU]
# name 17 = secS-priS: Salinity, Practical, Difference, 2 - 1 [PSU]
# name 18 = sigma-t00: Density [sigma-t, Kg/m^3 ]
# name 19 = sigma-t11: Density, 2 [sigma-t, Kg/m^3 ]
# name 20 = depSM: Depth [salt water, m], lat = 55.6475
# name 21 = depFM: Depth [true depth, m], lat = 55.6475
# name 22 = dz/dtM: Descent Rate [m/s], WS = 2
# name 23 = svCM: Sound Velocity [Chen-Millero, m/s]
# name 24 = svCM1: Sound Velocity, 2 [Chen-Millero, m/s]
# name 25 = flag: flag
# span 0 =       8311,       9363       
# span 1 =      1.000,     12.500       
# span 2 =     4.3527,     8.0033       
# span 3 =     4.3574,     8.0034       
# span 4 =    -0.0059,     0.0589       
# span 5 =   1.219579,   3.170604       
# span 6 =   1.210046,   3.170630       
# span 7 =          1,          1       
# span 8 =    4.98003,    7.96038       
# span 9 =    5.01850,    7.89095       
# span 10 =       2.90,      14.52      
# span 11 =     0.1874,     0.8802      
# span 12 =     0.2656,     0.3863      
# span 13 = 1.0000e-12, 1.0000e-12      
# span 14 =     0.4061,     1.4236      
# span 15 =    11.8488,    30.2032      
# span 16 =    11.7470,    30.2027      
# span 17 =    -0.1018,     0.4055      
# span 18 =     9.3998,    23.5102      
# span 19 =     9.3189,    23.5096      
# span 20 =      0.991,     12.386      
# span 21 =      1.009,     12.518      
# span 22 =     -0.157,      0.386      
# span 23 =    1438.53,    1476.70      
# span 24 =    1438.43,    1476.71      
# span 25 = 0.0000e+00, 0.0000e+00      
# interval = decibars: 0.5              
# start_time = Jan 26 2018 00:09:20 [NMEA time, first data scan]
# bad_flag = -9.990e-29
*END*
       8311      1.000     4.3527     4.3574     0.0050    1.21958    1.21005          1     7.9604     7.8910      14.52     0.6335     0.3635  1.000e-12  0.4061000    11.8488    11.7470    -0.1018     9.3998     9.3189      0.991      1.009      0.103    1438.53    1438.43  0.000e+00
       8435      1.500     4.3905     4.3919     0.0015    1.30861    1.30823          1     7.8455     7.8194      14.07     0.6660     0.3694  1.000e-12  0.4106000    12.7727    12.7683    -0.0044    10.1297    10.1261      1.486      1.513      0.199    1439.89    1439.89  0.000e+00
       8494      2.000     4.4111     4.4124     0.0013    1.32788    1.32711          1     7.8080     7.7973      13.57     0.6678     0.3569  1.000e-12  0.4301000    12.9681    12.9595    -0.0086    10.2834    10.2766      1.982      2.018      0.225    1440.24    1440.23  0.000e+00
       8545      2.500     4.4116     4.4123     0.0007    1.33150    1.33011          1     7.8027     7.7864      13.06     0.6687     0.3496  1.000e-12  0.4339000    13.0061    12.9911    -0.0150    10.3135    10.3016      2.477      2.522      0.253    1440.29    1440.28  0.000e+00
       8594      3.000     4.4206     4.4227     0.0021    1.34316    1.34411          1     7.7888     7.7561      12.54     0.6743     0.3567  1.000e-12  0.4354000    13.1257    13.1349     0.0092    10.4078    10.4150      2.973      3.026      0.225    1440.49    1440.52  0.000e+00
       8650      3.500     4.4414     4.4426     0.0012    1.37990    1.38043          1     7.7354     7.6733      12.02     0.7407     0.3744  1.000e-12  0.4164000    13.5063    13.5115     0.0052    10.7081    10.7121      3.468      3.530      0.212    1441.08    1441.09  0.000e+00
       8707      4.000     4.4667     4.4840     0.0178    1.43562    1.46087          1     7.5573     7.5364      11.51     0.8802     0.3863  1.000e-12  0.4412000    14.0873    14.3486     0.2613    11.1666    11.3725      3.964      4.033      0.215    1441.94    1442.35  0.000e+00
       8759      4.500     4.6982     4.7311     0.0323    1.66795    1.70727          1     7.2318     7.2626      11.01     0.7776     0.3359  1.000e-12  0.4686000    16.4620    16.8676     0.4055    13.0317    13.3504      4.459      4.537      0.239    1445.97    1446.63  0.000e+00
       8807      5.000     4.8974     4.9149     0.0175    1.85326    1.87286          1     6.9345     6.9846      10.50     0.6735     0.3139  1.000e-12  0.5033000    18.3506    18.5522     0.2017    14.5112    14.6693      4.955      5.039      0.270    1449.23    1449.56  0.000e+00
       8849      5.500     5.2905     5.3206     0.0306    2.12405    2.14047          1     6.6397     6.7465      10.02     0.4844     0.3253  1.000e-12  0.5669000    21.0431    21.2022     0.1592    16.6071    16.7303      5.450      5.540      0.300    1454.31    1454.64  0.000e+00
       8888      6.000     5.7705     5.8300     0.0589    2.34061    2.35711          1     6.2682     6.4124       9.52     0.3980     0.3102  1.000e-12  0.6454000    23.0703    23.2074     0.1372    18.1635    18.2659      5.945      6.041      0.321    1458.87    1459.29  0.000e+00
       8924      6.500     6.1299     6.1867     0.0567    2.48596    2.50559          1     5.9568     6.1289       9.02     0.3478     0.3313  1.000e-12  0.7580000    24.3856    24.5560     0.1704    19.1644    19.2928      6.441      6.541      0.340    1462.01    1462.45  0.000e+00
       8958      7.000     6.5322     6.5754     0.0429    2.63935    2.64991          1     5.7584     5.9352       8.53     0.3250     0.3207  1.000e-12  0.8042000    25.7371    25.8177     0.0806    20.1852    20.2437      6.936      7.040      0.366    1465.34    1465.61  0.000e+00
       8990      7.500     7.0522     7.0592     0.0073    2.83166    2.82594          1     5.4681     5.6073       8.05     0.2853     0.3079  1.000e-12  0.9206000    27.3910    27.3244    -0.0666    21.4251    21.3720      7.432      7.539      0.381    1469.48    1469.43  0.000e+00
       9021      8.000     7.2299     7.2305     0.0008    2.89039    2.88849          1     5.3192     5.4300       7.57     0.2618     0.3168  1.000e-12  1.0124000    27.8747    27.8540    -0.0208    21.7835    21.7671      7.927      8.038      0.386    1470.79    1470.77  0.000e+00
       9052      8.500     7.4030     7.4212     0.0179    2.94274    2.94738          1     5.1735     5.2877       7.07     0.2384     0.2791  1.000e-12  0.9963000    28.2898    28.3243     0.0345    22.0875    22.1122      8.423      8.536      0.377    1471.99    1472.11  0.000e+00
       9085      9.000     7.5538     7.5558     0.0021    2.99288    2.99333          1     5.0410     5.1282       6.57     0.2316     0.3124  1.000e-12  1.1240000    28.6975    28.7006     0.0031    22.3881    22.3903      8.918      9.034      0.359    1473.10    1473.11  0.000e+00
       9119      9.500     7.6242     7.6329     0.0090    3.01931    3.02177          1     5.0388     5.1162       6.09     0.2115     0.3316  1.000e-12  1.1711000    28.9187    28.9375     0.0188    22.5525    22.5661      9.414      9.532      0.357    1473.65    1473.71  0.000e+00
       9152     10.000     7.9019     7.9281     0.0259    3.12476    3.13359          1     4.9800     5.0514       5.58     0.2114     0.3204  1.000e-12  1.2659000    29.7980    29.8689     0.0709    23.2048    23.2569      9.909     10.030      0.359    1475.82    1476.01  0.000e+00
       9186     10.500     8.0015     8.0020     0.0006    3.16740    3.16783          1     4.9934     5.0185       5.09     0.2020     0.3204  1.000e-12  1.4189000    30.1624    30.1664     0.0040    23.4770    23.4800     10.405     10.528      0.354    1476.66    1476.67  0.000e+00
       9220     11.000     8.0033     8.0034     0.0001    3.16916    3.16912          1     5.0221     5.0237       4.59     0.1874     0.3006  1.000e-12  1.3810000    30.1792    30.1787    -0.0004    23.4899    23.4895     10.900     11.025      0.351    1476.70    1476.70  0.000e+00
       9254     11.500     7.9999     7.9998    -0.0001    3.16958    3.16968          1     5.0327     5.0416       4.10     0.1899     0.3109  1.000e-12  1.4114000    30.1863    30.1874     0.0011    23.4959    23.4968     11.395     11.523      0.347    1476.70    1476.70  0.000e+00
       9289     12.000     7.9926     7.9935     0.0009    3.17060    3.17063          1     5.0491     5.0623       3.60     0.1941     0.3026  1.000e-12  1.4236000    30.2032    30.2027    -0.0005    23.5102    23.5096     11.891     12.021      0.327    1476.70    1476.71  0.000e+00
       9363     12.500     7.9548     7.9492    -0.0059    3.15997    3.15542          1     5.0720     5.0628       2.90     0.1942     0.2656  1.000e-12  1.2522000    30.1233    30.0802    -0.0431    23.4528    23.4198     12.386     12.518     -0.157    1476.47    1476.39  0.000e+00
