ctdpy/exports/archive_20191120_135557/received_data/SBE09_0827_20181008_0637_26_01_1043.cnv
* Sea-Bird SBE 9 Data File:
* FileName = D:\CTD_SBE911\DAT\26DA.2018.10.43.hex
* Software Version Seasave V 7.21d
* Temperature SN = 4548
* Conductivity SN = 3062
* Number of Bytes Per Scan = 48
* Number of Voltage Words = 5
* Number of Scans Averaged by the Deck Unit = 1
* NMEA Latitude = 58 46.62 N
* NMEA Longitude = 019 09.54 E
* NMEA UTC (Time) = Oct 08 2018  06:40:19
* NMEA baud rate = 4800
** Ship: DANA
** Average sound velocity: 1440.14 m/s
** True-depth calculation Thu, 28 Mar 2019 12:21:37 +0000
** CTD Python Module SMHI /ver 3-12/ feb 2012 
** LIMS Job: 20182601-1043
** Operator: Christian
** Cruise: 10/2018
# nquan = 26
# nvalues = 260                         
# units = specified
# name 0 = scan: Scan Count
# name 1 = prDM: Pressure, Digiquartz [db]
# name 2 = t090C: Temperature [ITS-90, deg C]
# name 3 = t190C: Temperature, 2 [ITS-90, deg C]
# name 4 = T2-T190C: Temperature Difference, 2 - 1 [ITS-90, deg C]
# name 5 = c0S/m: Conductivity [S/m]
# name 6 = c1S/m: Conductivity, 2 [S/m]
# name 7 = pumps: Pump Status
# name 8 = sbeox1ML/L: Oxygen, SBE 43, 2 [ml/l]
# name 9 = sbeox0ML/L: Oxygen, SBE 43 [ml/l]
# name 10 = altM: Altimeter [m]
# name 11 = chloroflTC0: Chlorophyll, Turner Cyclops [ug/l]
# name 12 = cpar: CPAR/Corrected Irradiance [%]
# name 13 = par: PAR/Irradiance, Biospherical/Lico [µE/(cm^2*s)]
# name 14 = spar: SPAR, Biospherical/Licor
# name 15 = sal00: Salinity, Practical [PSU]
# name 16 = sal11: Salinity, Practical, 2 [PSU]
# name 17 = secS-priS: Salinity, Practical, Difference, 2 - 1 [PSU]
# name 18 = sigma-t00: Density [sigma-t, kg/m^3 ]
# name 19 = sigma-t11: Density, 2 [sigma-t, kg/m^3 ]
# name 20 = depSM: Depth [salt water, m], lat = 58.777
# name 21 = depFM: Depth [true depth, m], lat = 58.777
# name 22 = dz/dtM: Descent Rate [m/s], WS = 2
# name 23 = svCM: Sound Velocity [Chen-Millero, m/s]
# name 24 = svCM1: Sound Velocity, 2 [Chen-Millero, m/s]
# name 25 = flag: flag
# span 0 =        -46,      11721       
# span 1 =      1.000,    130.500       
# span 2 =     3.3870,     9.6383       
# span 3 =     3.3884,     9.6388       
# span 4 =    -0.0303,     0.5020       
# span 5 =   0.760759,   1.211329       
# span 6 =   0.761057,   1.211479       
# span 7 =          1,          1       
# span 8 =     0.0461,     7.5850       
# span 9 =     0.0441,     7.2105       
# span 10 =       2.19,      10.05      
# span 11 =     0.0159,     0.0347      
# span 12 = -7.321e-12, 1.0202e+01      
# span 13 = -1.844e-11, 2.8533e+01      
# span 14 = 1.9095e+02, 2.8008e+02      
# span 15 =     6.8088,    11.1388      
# span 16 =     6.8087,    11.1398      
# span 17 =    -0.0193,     0.2028      
# span 18 =     5.0574,     8.7432      
# span 19 =     5.0572,     8.7439      
# span 20 =      0.991,    129.242      
# span 21 =      1.013,    131.981      
# span 22 =     -0.088,      0.540      
# span 23 =    1429.17,    1454.35      
# span 24 =    1429.19,    1454.35      
# span 25 = 0.0000e+00, 0.0000e+00      
# interval = decibars: 0.5              
# start_time = Oct 08 2018 06:40:19 [NMEA time, first data scan]
# bad_flag = -9.990e-29
*END*
[from data line 223]
      10056    112.500     6.0861     6.0846    -0.0015    1.20744    1.20694          1     0.0550     0.0555       9.96     0.0171  5.164e-13  1.000e-12  1.937e+02    11.1085    11.1040    -0.0045     8.7205     8.7170    111.420    113.806      0.445    1446.87    1446.86  0.000e+00
      10085    113.000     6.0861     6.0864     0.0003    1.20742    1.20732          1     0.0572     0.0541       9.96     0.0169  5.135e-13  1.000e-12  1.948e+02    11.1083    11.1072    -0.0011     8.7203     8.7194    111.915    114.311      0.384    1446.88    1446.88  0.000e+00
      10117    113.500     6.0859     6.0893     0.0034    1.20742    1.20797          1     0.0565     0.0505       9.96     0.0168  5.137e-13  1.000e-12  1.947e+02    11.1082    11.1125     0.0044     8.7202     8.7234    112.410    114.816      0.400    1446.89    1446.91  0.000e+00
      10145    114.000     6.0889     6.0910     0.0020    1.20810    1.20839          1     0.0576     0.0521       9.96     0.0169  5.149e-13  1.000e-12  1.942e+02    11.1139    11.1161     0.0022     8.7246     8.7261    112.905    115.321      0.443    1446.91    1446.93  0.000e+00
      10173    114.500     6.0899     6.0909     0.0009    1.20833    1.20837          1     0.0563     0.0529       9.96     0.0170  5.174e-13  1.000e-12  1.933e+02    11.1157    11.1158     0.0001     8.7259     8.7259    113.400    115.826      0.394    1446.93    1446.93  0.000e+00
      10205    115.000     6.0902     6.0925     0.0023    1.20841    1.20876          1     0.0569     0.0535       9.96     0.0171  5.173e-13  1.000e-12  1.933e+02    11.1163    11.1191     0.0028     8.7264     8.7284    113.895    116.331      0.382    1446.94    1446.95  0.000e+00
      10234    115.500     6.0920     6.0908    -0.0012    1.20884    1.20834          1     0.0569     0.0539       9.96     0.0171  5.159e-13  1.000e-12  1.938e+02    11.1199    11.1154    -0.0045     8.7291     8.7256    114.390    116.835      0.456    1446.96    1446.95  0.000e+00
      10259    116.000     6.0907     6.0902    -0.0005    1.20848    1.20820          1     0.0558     0.0514       9.96     0.0170  5.182e-13  1.000e-12  1.930e+02    11.1167    11.1141    -0.0026     8.7266     8.7246    114.885    117.340      0.465    1446.96    1446.95  0.000e+00
      10287    116.500     6.0899     6.0905     0.0006    1.20830    1.20826          1     0.0564     0.0526       9.96     0.0170  5.183e-13  1.000e-12  1.929e+02    11.1151    11.1145    -0.0006     8.7254     8.7249    115.380    117.845      0.379    1446.96    1446.96  0.000e+00
      10323    117.000     6.0906     6.0941     0.0036    1.20850    1.20913          1     0.0564     0.0521       9.96     0.0167  5.180e-13  1.000e-12  1.930e+02    11.1167    11.1218     0.0051     8.7267     8.7304    115.875    118.350      0.338    1446.97    1446.99  0.000e+00
      10354    117.500     6.0940     6.0945     0.0005    1.20935    1.20928          1     0.0533     0.0516       9.96     0.0170  5.179e-13  1.000e-12  1.931e+02    11.1240    11.1231    -0.0009     8.7322     8.7314    116.371    118.855      0.466    1447.00    1447.00  0.000e+00
      10377    118.000     6.0943     6.0937    -0.0006    1.20934    1.20907          1     0.0550     0.0498       9.95     0.0169  5.183e-13  1.000e-12  1.929e+02    11.1237    11.1212    -0.0026     8.7319     8.7299    116.866    119.360      0.540    1447.01    1447.01  0.000e+00
      10400    118.500     6.0932     6.0954     0.0023    1.20909    1.20945          1     0.0559     0.0488       9.65     0.0170  5.183e-13  1.000e-12  1.929e+02    11.1215    11.1244     0.0029     8.7302     8.7324    117.361    119.865      0.467    1447.01    1447.03  0.000e+00
      10432    119.000     6.0937     6.0947     0.0010    1.20924    1.20933          1     0.0545     0.0504       9.17     0.0170  5.183e-13  1.000e-12  1.929e+02    11.1228    11.1233     0.0005     8.7312     8.7315    117.856    120.369      0.318    1447.03    1447.03  0.000e+00
      10473    119.500     6.0940     6.0945     0.0004    1.20933    1.20926          1     0.0556     0.0486       8.81     0.0169  5.183e-13  1.000e-12  1.929e+02    11.1234    11.1226    -0.0008     8.7317     8.7310    118.351    120.874      0.342    1447.04    1447.04  0.000e+00
      10502    120.000     6.0935     6.0940     0.0005    1.20919    1.20916          1     0.0515     0.0510       8.45     0.0171  5.183e-13  1.000e-12  1.929e+02    11.1221    11.1216    -0.0004     8.7307     8.7303    118.846    121.379      0.483    1447.04    1447.04  0.000e+00
      10525    120.500     6.0933     6.0938     0.0005    1.20914    1.20913          1     0.0515     0.0501       8.01     0.0171  5.183e-13  1.000e-12  1.929e+02    11.1216    11.1213    -0.0004     8.7303     8.7300    119.341    121.884      0.497    1447.05    1447.05  0.000e+00
      10553    121.000     6.0938     6.0948     0.0011    1.20925    1.20934          1     0.0507     0.0499       7.57     0.0169  5.183e-13  1.000e-12  1.929e+02    11.1224    11.1230     0.0006     8.7309     8.7313    119.836    122.389      0.359    1447.06    1447.06  0.000e+00
      10593    121.500     6.0943     6.0952     0.0009    1.20939    1.20945          1     0.0530     0.0498       7.16     0.0170  5.183e-13  1.000e-12  1.929e+02    11.1236    11.1239     0.0003     8.7318     8.7320    120.331    122.894      0.311    1447.07    1447.07  0.000e+00
      10625    122.000     6.0947     6.0943    -0.0003    1.20948    1.20925          1     0.0500     0.0481       6.81     0.0171  5.183e-13  1.000e-12  1.929e+02    11.1243    11.1221    -0.0022     8.7323     8.7306    120.826    123.399      0.466    1447.08    1447.07  0.000e+00
      10648    122.500     6.0946     6.0928    -0.0018    1.20943    1.20894          1     0.0525     0.0515       6.51     0.0171  5.183e-13  1.000e-12  1.929e+02    11.1237    11.1194    -0.0043     8.7319     8.7286    121.321    123.903      0.506    1447.09    1447.07  0.000e+00
      10674    123.000     6.0926     6.0922    -0.0005    1.20898    1.20872          1     0.0514     0.0487       6.06     0.0171  5.183e-13  1.000e-12  1.929e+02    11.1198    11.1173    -0.0025     8.7289     8.7270    121.816    124.408      0.400    1447.08    1447.08  0.000e+00
      10709    123.500     6.0912     6.0949     0.0036    1.20869    1.20940          1     0.0513     0.0508       5.72     0.0171  5.183e-13  1.000e-12  1.929e+02    11.1172    11.1231     0.0058     8.7270     8.7314    122.311    124.913      0.340    1447.08    1447.10  0.000e+00
      10741    124.000     6.0915     6.0944     0.0029    1.20876    1.20928          1     0.0518     0.0482       5.57     0.0171  5.183e-13  1.000e-12  1.929e+02    11.1178    11.1219     0.0041     8.7274     8.7305    122.806    125.418      0.404    1447.09    1447.11  0.000e+00
      10770    124.500     6.0933     6.0972     0.0039    1.20920    1.20991          1     0.0518     0.0490       5.27     0.0171  5.183e-13  1.000e-12  1.929e+02    11.1214    11.1272     0.0058     8.7301     8.7345    123.301    125.923      0.406    1447.11    1447.13  0.000e+00
      10800    125.000     6.0959     6.0974     0.0015    1.20979    1.21001          1     0.0518     0.0473       4.96     0.0171  5.183e-13  1.000e-12  1.929e+02    11.1264    11.1281     0.0017     8.7339     8.7351    123.796    126.428      0.386    1447.13    1447.14  0.000e+00
      10833    125.500     6.0967     6.0951    -0.0016    1.20998    1.20945          1     0.0518     0.0503       4.66     0.0170  5.183e-13  1.000e-12  1.929e+02    11.1279    11.1232    -0.0047     8.7350     8.7315    124.291    126.933      0.362    1447.15    1447.13  0.000e+00
      10865    126.000     6.0954     6.0962     0.0008    1.20970    1.20971          1     0.0523     0.0488       4.44     0.0171  5.183e-13  1.000e-12  1.929e+02    11.1254    11.1253    -0.0001     8.7332     8.7330    124.786    127.438      0.386    1447.15    1447.15  0.000e+00
      10896    126.500     6.0960     6.0970     0.0010    1.20983    1.20991          1     0.0516     0.0470       4.26     0.0170  5.183e-13  1.000e-12  1.929e+02    11.1265    11.1270     0.0005     8.7340     8.7343    125.281    127.942      0.394    1447.16    1447.16  0.000e+00
      10926    127.000     6.0962     6.0977     0.0015    1.20990    1.21007          1     0.0502     0.0454       3.97     0.0171  5.183e-13  1.000e-12  1.929e+02    11.1270    11.1282     0.0012     8.7344     8.7352    125.776    128.447      0.398    1447.17    1447.18  0.000e+00
      10956    127.500     6.0971     6.0977     0.0006    1.21012    1.21010          1     0.0518     0.0469       3.74     0.0170  5.183e-13  1.000e-12  1.929e+02    11.1287    11.1283    -0.0004     8.7357     8.7353    126.271    128.952      0.385    1447.18    1447.19  0.000e+00
      10995    128.000     6.0975     6.1004     0.0030    1.21021    1.21072          1     0.0504     0.0484       3.95     0.0171  5.183e-13  1.000e-12  1.929e+02    11.1295    11.1336     0.0041     8.7362     8.7393    126.766    129.457      0.283    1447.19    1447.21  0.000e+00
      11035    128.500     6.1002     6.1008     0.0006    1.21088    1.21086          1     0.0497     0.0459       3.50     0.0171  5.183e-13  1.000e-12  1.929e+02    11.1352    11.1347    -0.0004     8.7405     8.7402    127.261    129.962      0.389    1447.22    1447.22  0.000e+00
      11064    129.000     6.1002     6.1012     0.0010    1.21085    1.21093          1     0.0526     0.0460       2.99     0.0171  5.183e-13  1.000e-12  1.929e+02    11.1348    11.1352     0.0004     8.7402     8.7405    127.756    130.467      0.404    1447.23    1447.23  0.000e+00
      11097    129.500     6.1008     6.1026     0.0018    1.21101    1.21128          1     0.0488     0.0475       2.52     0.0171  5.185e-13  1.000e-12  1.929e+02    11.1360    11.1381     0.0021     8.7412     8.7427    128.251    130.972      0.345    1447.24    1447.25  0.000e+00
      11132    130.000     6.1020     6.1034     0.0014    1.21133    1.21148          1     0.0482     0.0450       2.19     0.0171  5.185e-13  1.000e-12  1.929e+02    11.1388    11.1398     0.0010     8.7432     8.7439    128.746    131.476      0.345    1447.26    1447.26  0.000e+00
      11721    130.500     6.1017     6.1019     0.0003    1.21119    1.21110          1     0.0461     0.0441       4.65     0.0171  5.237e-13  1.000e-12  1.909e+02    11.1374    11.1364    -0.0010     8.7422     8.7414    129.242    131.981     -0.088    1447.26    1447.26  0.000e+00
