ctdpy/exports/archive_20191120_135557/received_data/SBE09_1044_20180924_0742_34_01_0048.cnv
* Sea-Bird SBE 9 Data File:
* FileName = C:\ctd\temp\2018\AR18D048.hex
* Software Version Seasave V 7.26.6.26
* Temperature SN = 5351
* Conductivity SN = 3941
* Number of Bytes Per Scan = 41
* Number of Voltage Words = 4
* Number of Scans Averaged by the Deck Unit = 1
* NMEA Latitude = 58 20.37 N
* NMEA Longitude = 011 01.59 E
* NMEA UTC (Time) = Sep 24 2018  07:42:42
* NMEA baud rate = 4800
** Station:  Å13
** Operator:  MHan
** Ship: ARANDA
** Average sound velocity: 1503.36 m/s
** True-depth calculation Mon, 24 Sep 2018 08:28:39 +0000
** CTD Python Module SMHI /ver 3-12/ feb 2012 
** LIMS Job: 20183401-0048
** Cruise: SMHI-02-2018
** Latitude [GG MM.mm N] :
** Longitude [GG MM.mm E]:
# nquan = 26
# nvalues = 190                         
# units = specified
# name 0 = scan: Scan Count
# name 1 = prDM: Pressure, Digiquartz [db]
# name 2 = t090C: Temperature [ITS-90, deg C]
# name 3 = t190C: Temperature, 2 [ITS-90, deg C]
# name 4 = T2-T190C: Temperature Difference, 2 - 1 [ITS-90, deg C]
# name 5 = c0S/m: Conductivity [S/m]
# name 6 = c1S/m: Conductivity, 2 [S/m]
# name 7 = pumps: Pump Status
# name 8 = sbeox0ML/L: Oxygen, SBE 43 [ml/l]
# name 9 = sbeox1ML/L: Oxygen, SBE 43, 2 [ml/l]
# name 10 = altM: Altimeter [m]
# name 11 = flECO-AFL: Chl-a Fluorescence, WET Labs ECO-AFL/FL [mg/m^3]
# name 12 = flECO-AFL1: Phycocyanin Fluorescence, WET Labs ECO-AFL/FL, 2 [mg/m^3]
# name 13 = par: PAR/Irradiance, Biospherical/Lico [µE/(cm^2*s)]
# name 14 = turbWETntu0: Turbidity, WET Labs ECO [NTU]
# name 15 = sal00: Salinity, Practical [PSU]
# name 16 = sal11: Salinity, Practical, 2 [PSU]
# name 17 = secS-priS: Salinity, Practical, Difference, 2 - 1 [PSU]
# name 18 = sigma-t00: Density [sigma-t, Kg/m^3 ]
# name 19 = sigma-t11: Density, 2 [sigma-t, Kg/m^3 ]
# name 20 = depSM: Depth [salt water, m], lat = 58.3395
# name 21 = depFM: Depth [true depth, m], lat = 58.3395
# name 22 = dz/dtM: Descent Rate [m/s], WS = 2
# name 23 = svCM: Sound Velocity [Chen-Millero, m/s]
# name 24 = svCM1: Sound Velocity, 2 [Chen-Millero, m/s]
# name 25 = flag: flag
# span 0 =      14445,      19257       
# span 1 =      2.000,     96.500       
# span 2 =    12.4340,    15.3294       
# span 3 =    12.4350,    15.3274       
# span 4 =    -0.0871,     0.0138       
# span 5 =   3.826034,   4.144972       
# span 6 =   3.826076,   4.145113       
# span 7 =          1,          1       
# span 8 =    5.00596,    5.68204       
# span 9 =    3.06941,    4.78955       
# span 10 =       2.33,      98.38      
# span 11 =     0.2957,     1.6221      
# span 12 =     0.1773,     0.3696      
# span 13 = 1.0000e-12, 8.5486e+02      
# span 14 =     0.7157,     1.8315      
# span 15 =    30.7990,    34.5843      
# span 16 =    30.7991,    34.5838      
# span 17 =    -0.0231,     0.0242      
# span 18 =    22.7380,    26.1826      
# span 19 =    22.7380,    26.1820      
# span 20 =      1.981,     95.581      
# span 21 =      1.992,     95.884      
# span 22 =     -0.003,      1.127      
# span 23 =    1499.39,    1505.80      
# span 24 =    1499.39,    1505.79      
# span 25 = 0.0000e+00, 0.0000e+00      
# interval = decibars: 0.5              
# start_time = Sep 24 2018 07:42:42 [NMEA time, first data scan]
# bad_flag = -9.990e-29
*END*
[from data line 112]
      16909     58.000    14.1553    14.1583     0.0030    4.11633    4.11669          1     5.2004     3.7951      42.51     0.3758     0.2375  1.000e-12  1.1422000    34.1171    34.1177     0.0006    25.4722    25.4721     57.453     57.660      0.678    1503.90    1503.91  0.000e+00
      16928     58.500    14.1548    14.1552     0.0003    4.11638    4.11639          1     5.2035     3.7730      41.95     0.3786     0.2772  1.000e-12  1.1860000    34.1177    34.1175    -0.0002    25.4728    25.4726     57.948     58.156      0.525    1503.91    1503.91  0.000e+00
      16958     59.000    14.1497    14.1516     0.0020    4.11593    4.11620          1     5.1925     3.7446      41.25     0.3704     0.2794  1.000e-12  1.1323000    34.1179    34.1186     0.0007    25.4741    25.4742     58.443     58.653      0.348    1503.90    1503.91  0.000e+00
      16995     59.500    14.1245    14.1223    -0.0022    4.11333    4.11308          1     5.1575     3.7316      40.72     0.3793     0.2101  1.000e-12  1.0597000    34.1158    34.1155    -0.0003    25.4777    25.4780     58.938     59.150      0.377    1503.82    1503.82  0.000e+00
      17022     60.000    14.0876    14.0803    -0.0073    4.10954    4.10860          1     5.1527     3.7065      40.32     0.4058     0.2531  1.000e-12  1.0759000    34.1132    34.1110    -0.0023    25.4835    25.4832     59.434     59.646      0.545    1503.71    1503.68  0.000e+00
      17041     60.500    14.0315    14.0314    -0.0002    4.10304    4.10313          1     5.1455     3.6882      39.89     0.3700     0.1967  1.000e-12  1.1821000    34.1025    34.1034     0.0009    25.4869    25.4876     59.929     60.143      0.670    1503.52    1503.53  0.000e+00
      17058     61.000    13.9974    13.9996     0.0023    4.10145    4.10162          1     5.1516     3.6879      39.46     0.3624     0.2036  1.000e-12  1.2357000    34.1177    34.1174    -0.0003    25.5058    25.5051     60.424     60.639      0.715    1503.44    1503.45  0.000e+00
      17075     61.500    14.0267    14.0309     0.0042    4.10757    4.10811          1     5.1648     3.6874      38.98     0.3824     0.2185  1.000e-12  1.3071000    34.1484    34.1496     0.0012    25.5234    25.5234     60.919     61.136      0.653    1503.58    1503.59  0.000e+00
      17096     62.000    14.0374    14.0393     0.0019    4.11157    4.11183          1     5.1594     3.6761      38.37     0.3623     0.2689  1.000e-12  1.1896000    34.1758    34.1766     0.0008    25.5423    25.5425     61.414     61.633      0.473    1503.65    1503.66  0.000e+00
      17128     62.500    14.0096    14.0120     0.0023    4.10973    4.10994          1     5.1330     3.6568      37.74     0.3499     0.2153  1.000e-12  1.0266000    34.1832    34.1830    -0.0001    25.5538    25.5532     61.910     62.129      0.390    1503.58    1503.59  0.000e+00
      17154     63.000    13.9580    13.9597     0.0017    4.10580    4.10598          1     5.1209     3.6324      37.29     0.3698     0.2261  1.000e-12  0.9612000    34.1924    34.1926     0.0002    25.5717    25.5715     62.405     62.626      0.573    1503.43    1503.44  0.000e+00
      17172     63.500    13.9126    13.9141     0.0014    4.10194    4.10212          1     5.1262     3.6259      36.90     0.3581     0.1942  1.000e-12  1.0459000    34.1966    34.1970     0.0004    25.5845    25.5845     62.900     63.122      0.703    1503.30    1503.30  0.000e+00
      17188     64.000    13.8935    13.8942     0.0008    4.10010    4.10018          1     5.1365     3.6254      36.44     0.3382     0.1836  1.000e-12  1.0804000    34.1963    34.1964     0.0001    25.5882    25.5882     63.395     63.619      0.698    1503.24    1503.25  0.000e+00
      17208     64.500    13.8965    13.8977     0.0012    4.10062    4.10076          1     5.1453     3.6208      35.93     0.3218     0.2006  1.000e-12  1.1281000    34.1983    34.1985     0.0002    25.5891    25.5890     63.891     64.115      0.497    1503.26    1503.27  0.000e+00
      17259     65.000    13.8839    13.8891     0.0052    4.09984    4.10027          1     5.1049     3.6027      35.16     0.3460     0.2475  1.000e-12  0.9940000    34.2020    34.2014    -0.0006    25.5946    25.5931     64.386     64.612      0.294    1503.23    1503.25  0.000e+00
      17296     65.500    13.6760    13.6897     0.0138    4.08270    4.08397          1     5.0357     3.5776      34.76     0.3165     0.2403  1.000e-12  1.0231000    34.2274    34.2269    -0.0005    25.6572    25.6540     64.881     65.108      0.704    1502.59    1502.64  0.000e+00
      17308     66.000    13.5465    13.5497     0.0032    4.07486    4.07508          1     5.0185     3.5663      34.46     0.2957     0.2336  1.000e-12  1.1174000    34.2696    34.2688    -0.0009    25.7165    25.7152     65.376     65.605      0.974    1502.23    1502.24  0.000e+00
      17319     66.500    13.4851    13.4870     0.0019    4.07095    4.07113          1     5.0136     3.5594      34.13     0.3205     0.2364  1.000e-12  1.2382000    34.2878    34.2878     0.0000    25.7431    25.7428     65.871     66.102      1.109    1502.06    1502.06  0.000e+00
      17329     67.000    13.4809    13.4821     0.0012    4.07054    4.07068          1     5.0148     3.5541      33.71     0.3330     0.2364  1.000e-12  1.3070000    34.2876    34.2877     0.0001    25.7439    25.7437     66.366     66.598      1.127    1502.05    1502.05  0.000e+00
      17339     67.500    13.4776    13.4765    -0.0010    4.07018    4.07006          1     5.0208     3.5508      33.21     0.3252     0.2276  1.000e-12  1.2975000    34.2870    34.2867    -0.0003    25.7440    25.7440     66.862     67.094      1.010    1502.05    1502.04  0.000e+00
      17354     68.000    13.4745    13.4751     0.0006    4.06984    4.06989          1     5.0342     3.5462      32.62     0.2997     0.2091  1.000e-12  1.2627000    34.2863    34.2862    -0.0001    25.7441    25.7439     67.357     67.591      0.650    1502.04    1502.05  0.000e+00
      17433     68.500    13.4022    13.4018    -0.0004    4.06497    4.06510          1     5.0205     3.4980      31.72     0.3168     0.2221  1.000e-12  1.0929000    34.3053    34.3069     0.0016    25.7736    25.7749     67.852     68.087      0.641    1501.83    1501.83  0.000e+00
      17452     69.000    13.3327    13.3337     0.0009    4.06074    4.06085          1     5.0126     3.4882      31.46     0.2973     0.3028  1.000e-12  1.2506000    34.3278    34.3279     0.0002    25.8051    25.8050     68.347     68.584      0.940    1501.64    1501.64  0.000e+00
      17464     69.500    13.3280    13.3302     0.0021    4.06044    4.06062          1     5.0173     3.4810      31.06     0.2969     0.3095  1.000e-12  1.2542000    34.3290    34.3287    -0.0002    25.8070    25.8064     68.842     69.080      1.004    1501.64    1501.64  0.000e+00
      17475     70.000    13.3181    13.3179    -0.0001    4.05992    4.05994          1     5.0268     3.4723      30.62     0.2969     0.2588  1.000e-12  1.3277000    34.3327    34.3333     0.0005    25.8119    25.8123     69.338     69.577      0.928    1501.61    1501.61  0.000e+00
      17490     70.500    13.3131    13.3140     0.0009    4.05977    4.05985          1     5.0442     3.4613      30.04     0.2969     0.2381  1.000e-12  1.3413000    34.3357    34.3356    -0.0001    25.8152    25.8150     69.833     70.073      0.704    1501.61    1501.61  0.000e+00
      17517     71.000    13.3147    13.3162     0.0015    4.06062    4.06071          1     5.0525     3.4550      29.32     0.3072     0.2791  1.000e-12  1.3262000    34.3421    34.3416    -0.0005    25.8199    25.8192     70.328     70.570      0.357    1501.63    1501.63  0.000e+00
      17561     71.500    13.3192    13.3211     0.0019    4.06150    4.06171          1     5.0419     3.4338      28.60     0.3398     0.2108  1.000e-12  1.1743000    34.3461    34.3464     0.0003    25.8221    25.8219     70.823     71.066      0.340    1501.66    1501.67  0.000e+00
      17587     72.000    13.3232    13.3237     0.0006    4.06215    4.06215          1     5.0434     3.4260      28.27     0.3089     0.2211  1.000e-12  1.2292000    34.3484    34.3480    -0.0005    25.8230    25.8225     71.318     71.563      0.592    1501.68    1501.68  0.000e+00
      17604     72.500    13.3274    13.3288     0.0014    4.06294    4.06309          1     5.0552     3.4184      27.89     0.3205     0.2072  1.000e-12  1.3128000    34.3519    34.3520     0.0001    25.8248    25.8246     71.814     72.059      0.686    1501.71    1501.71  0.000e+00
      17622     73.000    13.3345    13.3366     0.0021    4.06410    4.06435          1     5.0725     3.4111      27.36     0.3263     0.1975  1.000e-12  1.3277000    34.3562    34.3566     0.0004    25.8268    25.8266     72.309     72.556      0.641    1501.75    1501.75  0.000e+00
      17643     73.500    13.3489    13.3473    -0.0016    4.06650    4.06612          1     5.0931     3.3903      26.79     0.3365     0.2491  1.000e-12  1.3228000    34.3657    34.3635    -0.0021    25.8311    25.8298     72.804     73.052      0.487    1501.81    1501.81  0.000e+00
      17672     74.000    13.3649    13.3652     0.0004    4.06938    4.06931          1     5.1330     3.3683      26.18     0.3511     0.2599  1.000e-12  1.2899000    34.3782    34.3773    -0.0010    25.8376    25.8368     73.299     73.548      0.415    1501.89    1501.89  0.000e+00
      17699     74.500    13.3979    13.3967    -0.0012    4.07485    4.07461          1     5.1832     3.3613      25.70     0.3533     0.2233  1.000e-12  1.2994000    34.3998    34.3986    -0.0012    25.8476    25.8469     73.794     74.045      0.512    1502.03    1502.03  0.000e+00
      17720     75.000    13.4901    13.4881    -0.0019    4.08829    4.08797          1     5.2352     3.3603      25.24     0.3552     0.2654  1.000e-12  1.3540000    34.4430    34.4417    -0.0013    25.8622    25.8616     74.289     74.541      0.532    1502.40    1502.39  0.000e+00
      17744     75.500    13.5182    13.5181    -0.0001    4.09274    4.09258          1     5.2698     3.3540      24.70     0.3849     0.2286  1.000e-12  1.3647000    34.4593    34.4578    -0.0014    25.8690    25.8680     74.785     75.038      0.455    1502.51    1502.51  0.000e+00
      17775     76.000    13.5403    13.5409     0.0006    4.09658    4.09650          1     5.2852     3.3447      24.13     0.3945     0.2797  1.000e-12  1.2755000    34.4751    34.4739    -0.0012    25.8768    25.8757     75.280     75.534      0.377    1502.61    1502.61  0.000e+00
      17806     76.500    13.5217    13.5256     0.0039    4.09523    4.09551          1     5.2653     3.3396      23.60     0.3946     0.2977  1.000e-12  1.2093000    34.4791    34.4782    -0.0009    25.8836    25.8821     75.775     76.031      0.415    1502.57    1502.58  0.000e+00
      17832     77.000    13.5057    13.5074     0.0017    4.09452    4.09464          1     5.2375     3.3364      23.14     0.4027     0.2672  1.000e-12  1.2253000    34.4866    34.4862    -0.0004    25.8927    25.8921     76.270     76.527      0.522    1502.53    1502.54  0.000e+00
      17853     77.500    13.4854    13.4874     0.0022    4.09304    4.09323          1     5.2263     3.3400      22.71     0.4127     0.2797  1.000e-12  1.2787000    34.4909    34.4908    -0.0001    25.9002    25.8997     76.765     77.023      0.614    1502.48    1502.48  0.000e+00
      17872     78.000    13.4535    13.4574     0.0038    4.09033    4.09068          1     5.2247     3.3401      22.26     0.4202     0.2804  1.000e-12  1.3348000    34.4941    34.4938    -0.0003    25.9092    25.9082     77.260     77.520      0.629    1502.38    1502.40  0.000e+00
      17891     78.500    13.4278    13.4289     0.0012    4.08791    4.08804          1     5.2029     3.3429      21.71     0.4309     0.2573  1.000e-12  1.3813000    34.4943    34.4944     0.0001    25.9146    25.9145     77.756     78.016      0.562    1502.31    1502.31  0.000e+00
      17915     79.000    13.3986    13.3975    -0.0011    4.08512    4.08498          1     5.1803     3.3451      21.17     0.4196     0.2349  1.000e-12  1.2252000    34.4941    34.4937    -0.0004    25.9205    25.9204     78.251     78.513      0.480    1502.22    1502.22  0.000e+00
      17941     79.500    13.3628    13.3573    -0.0054    4.08141    4.08083          1     5.1495     3.3343      20.62     0.4072     0.2469  1.000e-12  1.1710000    34.4914    34.4909    -0.0005    25.9256    25.9263     78.746     79.009      0.505    1502.11    1502.09  0.000e+00
      17963     80.000    13.3233    13.3221    -0.0011    4.07759    4.07749          1     5.1357     3.3269      20.13     0.3854     0.2649  1.000e-12  1.1947000    34.4908    34.4910     0.0002    25.9332    25.9336     79.241     79.505      0.545    1501.98    1501.98  0.000e+00
      17986     80.500    13.2827    13.2804    -0.0024    4.07383    4.07358          1     5.1364     3.3238      19.64     0.3658     0.2595  1.000e-12  1.2366000    34.4919    34.4917    -0.0002    25.9423    25.9426     79.736     80.002      0.449    1501.86    1501.85  0.000e+00
      18022     81.000    13.2632    13.2469    -0.0163    4.07210    4.07055          1     5.1432     3.3215      18.99     0.3902     0.2655  1.000e-12  1.1424000    34.4930    34.4932     0.0002    25.9471    25.9505     80.231     80.498      0.301    1501.80    1501.75  0.000e+00
      18057     81.500    13.2231    13.2135    -0.0095    4.06835    4.06738          1     5.1241     3.3115      18.53     0.3741     0.2763  1.000e-12  1.0883000    34.4937    34.4932    -0.0005    25.9558    25.9573     80.727     80.995      0.520    1501.68    1501.65  0.000e+00
      18075     82.000    13.1816    13.1806    -0.0009    4.06450    4.06441          1     5.1108     3.3177      18.17     0.3827     0.2711  1.000e-12  1.1234000    34.4948    34.4947    -0.0001    25.9650    25.9651     81.222     81.491      0.732    1501.55    1501.55  0.000e+00
      18090     82.500    13.1494    13.1526     0.0032    4.06147    4.06180          1     5.0984     3.3225      17.75     0.4190     0.2806  1.000e-12  1.1857000    34.4951    34.4952     0.0002    25.9717    25.9712     81.717     81.987      0.822    1501.45    1501.47  0.000e+00
      18104     83.000    13.1152    13.1174     0.0022    4.05842    4.05859          1     5.0838     3.3207      17.33     0.4092     0.2696  1.000e-12  1.2019000    34.4970    34.4966    -0.0004    25.9800    25.9793     82.212     82.484      0.810    1501.35    1501.36  0.000e+00
      18119     83.500    13.0998    13.1015     0.0017    4.05701    4.05716          1     5.0757     3.3131      16.80     0.3718     0.2695  1.000e-12  1.2522000    34.4974    34.4972    -0.0002    25.9835    25.9830     82.707     82.980      0.682    1501.31    1501.32  0.000e+00
      18144     84.000    13.0711    13.0650    -0.0060    4.05458    4.05397          1     5.0919     3.3193      16.15     0.3957     0.2888  1.000e-12  1.3045000    34.5002    34.5000    -0.0002    25.9914    25.9925     83.202     83.476      0.373    1501.23    1501.20  0.000e+00
      18194     84.500    13.0278    13.0176    -0.0101    4.05080    4.04976          1     5.0474     3.3238      15.43     0.3671     0.2644  1.000e-12  0.9607000    34.5035    34.5029    -0.0006    26.0027    26.0042     83.697     83.973      0.278    1501.09    1501.06  0.000e+00
      18224     85.000    12.7373    12.6505    -0.0871    4.02538    4.01813          1     5.0126     3.3244      15.02     0.3445     0.2644  1.000e-12  1.0497000    34.5259    34.5360     0.0101    26.0777    26.1027     84.193     84.469      0.499    1500.16    1499.88  0.000e+00
