ctdpy/exports/archive_20191120_135557/received_data/SBE09_0827_20180225_1346_26_01_0307.cnv
* Sea-Bird SBE 9 Data File:
* FileName = D:\CTD_SBE911\DAT\26DA.2018.3.7.hex
* Software Version Seasave V 7.21d
* Temperature SN = 034757
* Conductivity SN = 041844
* Number of Bytes Per Scan = 48
* Number of Voltage Words = 5
* Number of Scans Averaged by the Deck Unit = 1
* NMEA Latitude = 55 40.81 N
* NMEA Longitude = 014 29.86 E
* NMEA UTC (Time) = Feb 25 2018  13:46:31
* NMEA baud rate = 4800
** Ship: DANA
** Average sound velocity: 1428.92 m/s
** True-depth calculation Tue, 02 Apr 2019 08:31:53 +0000
** CTD Python Module SMHI /ver 3-12/ feb 2012 
** LIMS Job: 20182601-0307
** Operator:
** Cruise: 02/2018
# nquan = 26
# nvalues = 93                          
# units = specified
# name 0 = scan: Scan Count
# name 1 = prDM: Pressure, Digiquartz [db]
# name 2 = t090C: Temperature [ITS-90, deg C]
# name 3 = t190C: Temperature, 2 [ITS-90, deg C]
# name 4 = T2-T190C: Temperature Difference, 2 - 1 [ITS-90, deg C]
# name 5 = c0S/m: Conductivity [S/m]
# name 6 = c1S/m: Conductivity, 2 [S/m]
# name 7 = pumps: Pump Status
# name 8 = sbeox1ML/L: Oxygen, SBE 43, 2 [ml/l]
# name 9 = sbeox0ML/L: Oxygen, SBE 43 [ml/l]
# name 10 = altM: Altimeter [m]
# name 11 = chloroflTC0: Chlorophyll, Turner Cyclops [ug/l]
# name 12 = cpar: CPAR/Corrected Irradiance [%]
# name 13 = par: PAR/Irradiance, Biospherical/Lico [µE/(cm^2*s)]
# name 14 = spar: SPAR, Biospherical/Licor
# name 15 = sal00: Salinity, Practical [PSU]
# name 16 = sal11: Salinity, Practical, 2 [PSU]
# name 17 = secS-priS: Salinity, Practical, Difference, 2 - 1 [PSU]
# name 18 = sigma-t00: Density [sigma-t, kg/m^3 ]
# name 19 = sigma-t11: Density, 2 [sigma-t, kg/m^3 ]
# name 20 = depSM: Depth [salt water, m], lat = 55.6802
# name 21 = depFM: Depth [true depth, m], lat = 55.6802
# name 22 = dz/dtM: Descent Rate [m/s], WS = 2
# name 23 = svCM: Sound Velocity [Chen-Millero, m/s]
# name 24 = svCM1: Sound Velocity, 2 [Chen-Millero, m/s]
# name 25 = flag: flag
# span 0 =        -47,       4628       
# span 1 =      1.500,     47.500       
# span 2 =     3.3337,     3.6050       
# span 3 =     3.3324,     3.6286       
# span 4 =    -0.0559,     0.0241       
# span 5 =   0.776439,   0.795055       
# span 6 =   0.775803,   0.796661       
# span 7 =          1,          1       
# span 8 =     7.7383,     8.1794       
# span 9 =     7.8809,     9.2581       
# span 10 =       0.98,       9.51      
# span 11 =     0.0127,     0.0206      
# span 12 = -1.046e-04, 5.6398e+00      
# span 13 = -5.686e-04, 3.0039e+01      
# span 14 = 4.9755e+02, 1.5357e+03      
# span 15 =     7.5153,     7.6391      
# span 16 =     7.5091,     7.6500      
# span 17 =    -0.0459,     0.0111      
# span 18 =     5.9876,     6.0816      
# span 19 =     5.9826,     6.0897      
# span 20 =      1.486,     47.064      
# span 21 =      1.519,     48.092      
# span 22 =     -0.138,      0.526      
# span 23 =    1428.44,    1430.52      
# span 24 =    1428.43,    1430.64      
# span 25 = 0.0000e+00, 0.0000e+00      
# interval = decibars: 0.5              
# start_time = Feb 25 2018 13:46:32 [NMEA time, first data scan]
# bad_flag = -9.990e-29
*END*
[from data line 56]
       2840     29.500     3.3670     3.3661    -0.0009    0.77814    0.77753          1     8.1502     8.2908       8.11     0.0141  1.986e-13  1.000e-12  5.036e+02     7.5221     7.5159    -0.0062     5.9925     5.9875     29.230     29.868      0.255    1429.00    1428.99  0.000e+00
       2883     30.000     3.3681     3.3669    -0.0012    0.77821    0.77757          1     8.1614     8.2886       8.11     0.0146  1.993e-13  1.000e-12  5.017e+02     7.5224     7.5160    -0.0064     5.9927     5.9877     29.726     30.374      0.279    1429.02    1429.00  0.000e+00
       2926     30.500     3.3680     3.3672    -0.0008    0.77821    0.77760          1     8.1724     8.2878       8.11     0.0143  1.994e-13  1.000e-12  5.014e+02     7.5223     7.5162    -0.0062     5.9927     5.9878     30.221     30.880      0.300    1429.02    1429.01  0.000e+00
       2964     31.000     3.3680     3.3671    -0.0009    0.77822    0.77760          1     8.1608     8.2863       8.11     0.0145  2.000e-13  1.000e-12  4.999e+02     7.5224     7.5162    -0.0062     5.9927     5.9878     30.716     31.387      0.289    1429.03    1429.02  0.000e+00
       3028     31.500     3.3664     3.3663    -0.0001    0.77812    0.77756          1     8.1490     8.2797       8.11     0.0146  2.002e-13  1.000e-12  4.996e+02     7.5217     7.5159    -0.0058     5.9922     5.9875     31.212     31.893      0.216    1429.03    1429.02  0.000e+00
       3078     32.000     3.3644     3.3647     0.0003    0.77805    0.77750          1     8.1597     8.2734       8.11     0.0142  2.004e-13  1.000e-12  4.989e+02     7.5213     7.5156    -0.0057     5.9919     5.9873     31.707     32.399      0.309    1429.03    1429.02  0.000e+00
       3115     32.500     3.3644     3.3640    -0.0005    0.77806    0.77746          1     8.1450     8.2745       8.11     0.0142  2.009e-13  1.000e-12  4.979e+02     7.5214     7.5153    -0.0061     5.9920     5.9871     32.203     32.905      0.325    1429.04    1429.03  0.000e+00
       3152     33.000     3.3675     3.3658    -0.0017    0.77821    0.77755          1     8.1495     8.2814       8.11     0.0141  2.006e-13  1.000e-12  4.986e+02     7.5222     7.5157    -0.0065     5.9925     5.9874     32.698     33.412      0.295    1429.06    1429.04  0.000e+00
       3213     33.500     3.3643     3.3648     0.0005    0.77806    0.77753          1     8.1642     8.2878       8.11     0.0143  2.009e-13  1.000e-12  4.978e+02     7.5213     7.5156    -0.0057     5.9919     5.9873     33.193     33.918      0.228    1429.05    1429.05  0.000e+00
       3257     34.000     3.3641     3.3636    -0.0005    0.77806    0.77748          1     8.1574     8.2855       8.11     0.0145  2.010e-13  1.000e-12  4.976e+02     7.5213     7.5153    -0.0060     5.9919     5.9871     33.689     34.424      0.340    1429.06    1429.05  0.000e+00
       3299     34.500     3.3659     3.3642    -0.0017    0.77815    0.77750          1     8.1465     8.2865       8.11     0.0135  2.010e-13  1.000e-12  4.976e+02     7.5217     7.5153    -0.0064     5.9922     5.9871     34.184     34.930      0.236    1429.08    1429.06  0.000e+00
       3358     35.000     3.3650     3.3652     0.0002    0.77813    0.77755          1     8.1611     8.2835       8.11     0.0143  2.010e-13  1.000e-12  4.976e+02     7.5216     7.5156    -0.0061     5.9921     5.9873     34.679     35.437      0.213    1429.08    1429.07  0.000e+00
       3410     35.500     3.3657     3.3650    -0.0007    0.77816    0.77756          1     8.1324     8.2762       8.11     0.0143  2.007e-13  1.000e-12  4.981e+02     7.5217     7.5156    -0.0061     5.9922     5.9874     35.175     35.943      0.253    1429.09    1429.08  0.000e+00
       3454     36.000     3.3668     3.3654    -0.0014    0.77822    0.77758          1     8.1506     8.2835       8.11     0.0146  2.002e-13  1.000e-12  4.996e+02     7.5220     7.5157    -0.0063     5.9924     5.9874     35.670     36.449      0.300    1429.11    1429.09  0.000e+00
       3491     36.500     3.3677     3.3663    -0.0014    0.77827    0.77763          1     8.1497     8.2731       8.11     0.0148  2.002e-13  1.000e-12  4.996e+02     7.5222     7.5159    -0.0063     5.9926     5.9876     36.166     36.955      0.321    1429.12    1429.10  0.000e+00
       3537     37.000     3.3672     3.3668    -0.0004    0.77825    0.77766          1     8.1475     8.2800       8.11     0.0140  1.998e-13  1.000e-12  5.005e+02     7.5221     7.5160    -0.0061     5.9925     5.9876     36.661     37.461      0.224    1429.12    1429.11  0.000e+00
       3588     37.500     3.3677     3.3669    -0.0008    0.77828    0.77768          1     8.1786     8.2904       8.11     0.0136  1.994e-13  1.000e-12  5.016e+02     7.5222     7.5161    -0.0061     5.9926     5.9877     37.156     37.968      0.298    1429.13    1429.12  0.000e+00
       3628     38.000     3.3671     3.3669    -0.0002    0.77826    0.77768          1     8.1657     8.2862       8.11     0.0141  1.994e-13  1.000e-12  5.016e+02     7.5220     7.5161    -0.0059     5.9924     5.9877     37.652     38.474      0.241    1429.14    1429.13  0.000e+00
       3695     38.500     3.3662     3.3666     0.0004    0.77821    0.77768          1     8.1527     8.2916       8.12     0.0183  1.985e-13  1.000e-12  5.037e+02     7.5217     7.5161    -0.0055     5.9922     5.9877     38.147     38.980      0.302    1429.14    1429.14  0.000e+00
       3727     39.000     3.3663     3.3655    -0.0007    0.77822    0.77763          1     8.1585     8.2891       8.12     0.0206  1.985e-13  1.000e-12  5.036e+02     7.5217     7.5158    -0.0059     5.9922     5.9875     38.643     39.486      0.373    1429.15    1429.14  0.000e+00
       3781     39.500     3.3665     3.3656    -0.0008    0.77824    0.77763          1     8.1468     8.2828       7.88     0.0148  1.981e-13  1.000e-12  5.047e+02     7.5218     7.5157    -0.0061     5.9923     5.9874     39.138     39.993      0.249    1429.16    1429.15  0.000e+00
       3831     40.000     3.3677     3.3666    -0.0010    0.77832    0.77769          1     8.1535     8.2897       7.49     0.0138  1.977e-13  1.000e-12  5.057e+02     7.5223     7.5160    -0.0062     5.9926     5.9876     39.633     40.499      0.410    1429.17    1429.16  0.000e+00
       3858     40.500     3.3706     3.3678    -0.0028    0.77851    0.77776          1     8.1426     8.2799       7.05     0.0135  1.977e-13  1.000e-12  5.058e+02     7.5235     7.5163    -0.0072     5.9935     5.9879     40.129     41.005      0.384    1429.19    1429.17  0.000e+00
       3910     41.000     3.3724     3.3705    -0.0019    0.77861    0.77793          1     8.1593     8.2740       6.60     0.0145  1.968e-13  1.000e-12  5.082e+02     7.5241     7.5175    -0.0066     5.9940     5.9887     40.624     41.511      0.222    1429.21    1429.19  0.000e+00
       3965     41.500     3.3732     3.3724    -0.0008    0.77868    0.77806          1     8.1525     8.2672       6.18     0.0146  1.962e-13  1.000e-12  5.097e+02     7.5245     7.5183    -0.0062     5.9943     5.9894     41.119     42.018      0.276    1429.22    1429.21  0.000e+00
       4016     42.000     3.3708     3.3718     0.0009    0.77855    0.77805          1     8.1245     8.2719       5.75     0.0147  1.957e-13  1.000e-12  5.111e+02     7.5237     7.5183    -0.0054     5.9937     5.9893     41.615     42.524      0.214    1429.22    1429.21  0.000e+00
       4063     42.500     3.3715     3.3707    -0.0008    0.77859    0.77798          1     8.1349     8.2523       5.34     0.0146  1.951e-13  1.000e-12  5.126e+02     7.5239     7.5177    -0.0061     5.9938     5.9890     42.110     43.030      0.331    1429.23    1429.22  0.000e+00
       4099     43.000     3.3723     3.3709    -0.0014    0.77863    0.77800          1     8.1410     8.2701       4.90     0.0140  1.945e-13  1.000e-12  5.141e+02     7.5241     7.5178    -0.0063     5.9940     5.9890     42.605     43.536      0.291    1429.24    1429.23  0.000e+00
       4150     43.500     3.3704     3.3704     0.0000    0.77853    0.77798          1     8.1325     8.2776       4.46     0.0137  1.935e-13  1.000e-12  5.167e+02     7.5233     7.5176    -0.0057     5.9934     5.9889     43.101     44.043      0.231    1429.24    1429.23  0.000e+00
       4194     44.000     3.3729     3.3706    -0.0022    0.77870    0.77798          1     8.1523     8.2785       4.04     0.0136  1.931e-13  1.000e-12  5.180e+02     7.5245     7.5175    -0.0070     5.9943     5.9888     43.596     44.549      0.318    1429.26    1429.24  0.000e+00
       4234     44.500     3.3759     3.3750    -0.0009    0.77894    0.77827          1     8.1386     8.2624       3.61     0.0152  1.924e-13  1.000e-12  5.198e+02     7.5262     7.5195    -0.0068     5.9956     5.9902     44.092     45.055      0.253    1429.28    1429.27  0.000e+00
       4293     45.000     3.3940     3.3816    -0.0125    0.78028    0.77868          1     8.1491     8.2411       3.17     0.0147  1.915e-13  1.000e-12  5.223e+02     7.5358     7.5221    -0.0137     6.0029     5.9922     44.587     45.561      0.195    1429.39    1429.31  0.000e+00
       4351     45.500     3.4083     3.4003    -0.0079    0.78129    0.78002          1     8.1029     8.1964       2.75     0.0140  1.908e-13  1.000e-12  5.242e+02     7.5429     7.5316    -0.0112     6.0084     5.9995     45.082     46.067      0.226    1429.47    1429.42  0.000e+00
       4398     46.000     3.4270     3.4136    -0.0134    0.78269    0.78098          1     8.0995     8.1791       2.34     0.0144  1.901e-13  1.000e-12  5.261e+02     7.5530     7.5383    -0.0146     6.0161     6.0047     45.578     46.574      0.303    1429.58    1429.50  0.000e+00
       4434     46.500     3.5063     3.4504    -0.0559    0.78887    0.78317          1     8.0864     8.1034       1.91     0.0138  1.895e-13  1.000e-12  5.278e+02     7.5983     7.5524    -0.0459     6.0509     6.0153     46.073     47.080      0.336    1430.01    1429.69  0.000e+00
       4477     47.000     3.5967     3.5601    -0.0366    0.79487    0.79090          1     7.9787     7.9411       1.46     0.0151  1.889e-13  1.000e-12  5.294e+02     7.6391     7.6066    -0.0325     6.0816     6.0565     46.568     47.586      0.215    1430.48    1430.27  0.000e+00
       4628     47.500     3.6050     3.6286     0.0241    0.79505    0.79666          1     7.7383     7.8809       0.98     0.0162  1.815e-13  1.000e-12  5.510e+02     7.6390     7.6500     0.0111     6.0814     6.0897     47.064     48.092     -0.138    1430.52    1430.64  0.000e+00
