ctdpy/exports/archive_20191120_135557/received_data/SBE09_1044_20180319_2321_34_02_0073.cnv
* Sea-Bird SBE 9 Data File:
* FileName = C:\ctd\temp\2018\ME18D073.hex
* Software Version Seasave V 7.26.6.26
* Temperature SN = 5351
* Conductivity SN = 3941
* Number of Bytes Per Scan = 41
* Number of Voltage Words = 4
* Number of Scans Averaged by the Deck Unit = 1
* NMEA Latitude = 58 18.90 N
* NMEA Longitude = 010 56.55 E
* NMEA UTC (Time) = Mar 19 2018  23:21:38
* NMEA baud rate = 4800
** Station:  Å14
** Operator:  OBac
** Ship: MERI
** Average sound velocity: 1472.33 m/s
** True-depth calculation Mon, 19 Mar 2018 23:48:00 +0000
** CTD Python Module SMHI /ver 3-12/ feb 2012 
** LIMS Job: 20183402-0073
** Cruise: SMHI-02-2018
** Latitude [GG MM.mm N] :
** Longitude [GG MM.mm E]:
# nquan = 26
# nvalues = 213                         
# units = specified
# name 0 = scan: Scan Count
# name 1 = prDM: Pressure, Digiquartz [db]
# name 2 = t090C: Temperature [ITS-90, deg C]
# name 3 = t190C: Temperature, 2 [ITS-90, deg C]
# name 4 = T2-T190C: Temperature Difference, 2 - 1 [ITS-90, deg C]
# name 5 = c0S/m: Conductivity [S/m]
# name 6 = c1S/m: Conductivity, 2 [S/m]
# name 7 = pumps: Pump Status
# name 8 = sbeox0ML/L: Oxygen, SBE 43 [ml/l]
# name 9 = sbeox1ML/L: Oxygen, SBE 43, 2 [ml/l]
# name 10 = altM: Altimeter [m]
# name 11 = flECO-AFL: Chl-a Fluorescence, WET Labs ECO-AFL/FL [mg/m^3]
# name 12 = flECO-AFL1: Phycocyanin Fluorescence, WET Labs ECO-AFL/FL, 2 [mg/m^3]
# name 13 = par: PAR/Irradiance, Biospherical/Lico [µE/(cm^2*s)]
# name 14 = turbWETntu0: Turbidity, WET Labs ECO [NTU]
# name 15 = sal00: Salinity, Practical [PSU]
# name 16 = sal11: Salinity, Practical, 2 [PSU]
# name 17 = secS-priS: Salinity, Practical, Difference, 2 - 1 [PSU]
# name 18 = sigma-t00: Density [sigma-t, Kg/m^3 ]
# name 19 = sigma-t11: Density, 2 [sigma-t, Kg/m^3 ]
# name 20 = depSM: Depth [salt water, m], lat = 58.315
# name 21 = depFM: Depth [true depth, m], lat = 58.315
# name 22 = dz/dtM: Descent Rate [m/s], WS = 2
# name 23 = svCM: Sound Velocity [Chen-Millero, m/s]
# name 24 = svCM1: Sound Velocity, 2 [Chen-Millero, m/s]
# name 25 = flag: flag
# span 0 =       8610,      14062       
# span 1 =      1.000,    107.000       
# span 2 =     0.0038,     7.2937       
# span 3 =     0.0081,     7.2936       
# span 4 =    -0.0234,     0.0127       
# span 5 =   2.145397,   3.552206       
# span 6 =   2.145467,   3.552470       
# span 7 =          1,          1       
# span 8 =    5.62862,    9.13943       
# span 9 =    5.64798,    9.18089       
# span 10 =       4.23,      98.77      
# span 11 =     0.0272,    13.2638      
# span 12 =     0.1579,     3.3161      
# span 13 = -1.451e-06, 3.5513e-01      
# span 14 =     0.3086,     1.7649      
# span 15 =    25.0835,    35.0277      
# span 16 =    25.0834,    35.0281      
# span 17 =    -0.0450,     0.0332      
# span 18 =    20.1074,    27.4453      
# span 19 =    20.1073,    27.4454      
# span 20 =      0.991,    105.978      
# span 21 =      0.998,    106.205      
# span 22 =     -0.053,      0.766      
# span 23 =    1436.00,    1480.67      
# span 24 =    1436.01,    1480.68      
# span 25 = 0.0000e+00, 0.0000e+00      
# interval = decibars: 0.5              
# start_time = Mar 19 2018 23:21:38 [NMEA time, first data scan]
# bad_flag = -9.990e-29
*END*
[from data line 56]
      10055     29.000     5.9576     5.9474    -0.0102    3.34361    3.34269          1     6.4357     6.4265      82.71     0.2114     0.2672  1.000e-12  0.3445000    33.9781    33.9779    -0.0002    26.7504    26.7515     28.728     28.871      0.618    1473.76    1473.72  0.000e+00
      10075     29.500     6.0733     6.0636    -0.0098    3.35863    3.35769          1     6.4000     6.3707      85.06     0.2403     0.2395  1.000e-12  0.3346000    34.0307    34.0299    -0.0008    26.7774    26.7780     29.224     29.367      0.552    1474.30    1474.25  0.000e+00
      10099     30.000     6.2246     6.2119    -0.0126    3.37957    3.37831          1     6.3369     6.3002      96.78     0.2205     0.2471  1.000e-12  0.3391000    34.1137    34.1122    -0.0015    26.8237    26.8241     29.719     29.863      0.452    1475.01    1474.95  0.000e+00
      10128     30.500     6.3115     6.3033    -0.0081    3.39180    3.39066          1     6.2955     6.2791      80.61     0.1787     0.2940  1.000e-12  0.3396000    34.1630    34.1584    -0.0046    26.8514    26.8488     30.214     30.359      0.441    1475.42    1475.38  0.000e+00
      10153     31.000     6.4239     6.4152    -0.0086    3.40747    3.40648          1     6.2595     6.2498      80.64     0.1681     0.2707  1.000e-12  0.3327000    34.2249    34.2225    -0.0023    26.8856    26.8848     30.710     30.855      0.554    1475.95    1475.91  0.000e+00
      10172     31.500     6.5206     6.5175    -0.0031    3.42197    3.42168          1     6.2337     6.2320      80.15     0.1552     0.2684  1.000e-12  0.3429000    34.2891    34.2890    -0.0001    26.9235    26.9238     31.205     31.351      0.640    1476.42    1476.40  0.000e+00
      10190     32.000     6.5402     6.5390    -0.0012    3.42543    3.42534          1     6.2264     6.2332      79.71     0.1384     0.2400  1.000e-12  0.3631000    34.3076    34.3078     0.0002    26.9355    26.9358     31.700     31.847      0.667    1476.52    1476.52  0.000e+00
      10208     32.500     6.5552     6.5546    -0.0006    3.42804    3.42800          1     6.2286     6.2371      95.13     0.1422     0.2311  1.000e-12  0.3536000    34.3213    34.3215     0.0002    26.9443    26.9446     32.195     32.343      0.637    1476.61    1476.61  0.000e+00
      10228     33.000     6.5732     6.5719    -0.0013    3.43106    3.43089          1     6.2287     6.2307      90.59     0.1636     0.2612  1.000e-12  0.3325000    34.3366    34.3360    -0.0005    26.9540    26.9537     32.691     32.839      0.553    1476.71    1476.70  0.000e+00
      10252     33.500     6.5953     6.5944    -0.0009    3.43472    3.43457          1     6.2188     6.2265      85.88     0.1551     0.2270  1.000e-12  0.3214000    34.3548    34.3540    -0.0007    26.9654    26.9649     33.186     33.335      0.480    1476.82    1476.82  0.000e+00
      10278     34.000     6.6161     6.6166     0.0005    3.43755    3.43766          1     6.2182     6.2289      93.47     0.1447     0.2199  1.000e-12  0.3166000    34.3650    34.3658     0.0008    26.9707    26.9712     33.681     33.831      0.494    1476.93    1476.93  0.000e+00
      10301     34.500     6.6557     6.6533    -0.0024    3.44372    3.44359          1     6.2120     6.2256      76.25     0.1975     0.2089  1.000e-12  0.3218000    34.3935    34.3945     0.0010    26.9879    26.9890     34.177     34.327      0.537    1477.12    1477.12  0.000e+00
      10323     35.000     6.7062     6.7043    -0.0019    3.45186    3.45176          1     6.1972     6.2097      76.22     0.2311     0.2064  1.000e-12  0.3313000    34.4328    34.4336     0.0008    27.0120    27.0129     34.672     34.822      0.571    1477.38    1477.37  0.000e+00
      10343     35.500     6.7515     6.7490    -0.0025    3.45879    3.45860          1     6.1871     6.1948      75.83     0.1385     0.2133  1.000e-12  0.3258000    34.4637    34.4641     0.0004    27.0303    27.0309     35.167     35.318      0.614    1477.60    1477.59  0.000e+00
      10362     36.000     6.7665     6.7656    -0.0009    3.46119    3.46111          1     6.1817     6.1896      88.12     0.1521     0.2264  1.000e-12  0.3276000    34.4749    34.4750     0.0001    27.0371    27.0373     35.662     35.814      0.633    1477.68    1477.68  0.000e+00
      10381     36.500     6.7698     6.7690    -0.0008    3.46204    3.46205          1     6.1826     6.1916      79.01     0.1327     0.2587  1.000e-12  0.3268000    34.4808    34.4816     0.0009    27.0413    27.0421     36.158     36.310      0.581    1477.71    1477.71  0.000e+00
      10404     37.000     6.7753     6.7732    -0.0021    3.46310    3.46291          1     6.1813     6.1912      74.45     0.1144     0.2370  1.000e-12  0.3227000    34.4866    34.4867     0.0001    27.0452    27.0455     36.653     36.806      0.467    1477.75    1477.74  0.000e+00
      10433     37.500     6.8172     6.8130    -0.0042    3.46900    3.46844          1     6.1666     6.1756      73.86     0.1496     0.2214  1.000e-12  0.3139000    34.5096    34.5075    -0.0020    27.0575    27.0565     37.148     37.302      0.438    1477.95    1477.93  0.000e+00
      10458     38.000     6.8607     6.8580    -0.0027    3.47523    3.47493          1     6.1428     6.1532      73.27     0.1476     0.2218  1.000e-12  0.3110000    34.5344    34.5338    -0.0006    27.0712    27.0711     37.643     37.798      0.540    1478.16    1478.15  0.000e+00
      10478     38.500     6.8972     6.8960    -0.0011    3.48103    3.48096          1     6.1226     6.1269      72.87     0.1222     0.2203  1.000e-12  0.3130000    34.5614    34.5618     0.0004    27.0874    27.0879     38.139     38.293      0.632    1478.34    1478.34  0.000e+00
      10496     39.000     6.9238     6.9247     0.0009    3.48533    3.48553          1     6.1068     6.1011      72.71     0.1138     0.2253  1.000e-12  0.3086000    34.5818    34.5831     0.0014    27.0998    27.1008     38.634     38.789      0.676    1478.48    1478.49  0.000e+00
      10513     39.500     6.9353     6.9342    -0.0011    3.48755    3.48740          1     6.0862     6.0744      72.39     0.1138     0.2629  1.000e-12  0.3345000    34.5944    34.5940    -0.0005    27.1082    27.1080     39.129     39.285      0.673    1478.55    1478.54  0.000e+00
      10532     40.000     6.9703     6.9684    -0.0018    3.49379    3.49358          1     6.0609     6.0523      71.79     0.1138     0.2384  1.000e-12  0.3349000    34.6278    34.6274    -0.0005    27.1297    27.1296     39.624     39.781      0.616    1478.73    1478.72  0.000e+00
      10553     40.500     6.9912     6.9911    -0.0001    3.49716    3.49719          1     6.0407     6.0420      70.98     0.1138     0.2535  1.000e-12  0.3450000    34.6435    34.6439     0.0004    27.1392    27.1395     40.120     40.277      0.496    1478.84    1478.84  0.000e+00
      10582     41.000     6.9964     6.9963    -0.0001    3.49835    3.49833          1     6.0382     6.0470      70.34     0.0983     0.2750  1.000e-12  0.3589000    34.6512    34.6511    -0.0001    27.1445    27.1445     40.615     40.773      0.410    1478.88    1478.88  0.000e+00
      10610     41.500     7.0052     7.0029    -0.0024    3.49982    3.49955          1     6.0321     6.0371      69.92     0.1166     0.2639  1.000e-12  0.3579000    34.6583    34.6576    -0.0007    27.1489    27.1487     41.110     41.268      0.489    1478.93    1478.92  0.000e+00
      10631     42.000     7.0210     7.0195    -0.0015    3.50255    3.50238          1     6.0191     6.0236      69.59     0.1301     0.2498  1.000e-12  0.3639000    34.6721    34.6718    -0.0003    27.1576    27.1575     41.605     41.764      0.607    1479.02    1479.01  0.000e+00
      10650     42.500     7.0266     7.0263    -0.0003    3.50373    3.50372          1     6.0111     6.0179      69.24     0.0764     0.2394  1.000e-12  0.3623000    34.6792    34.6795     0.0003    27.1624    27.1626     42.101     42.260      0.666    1479.06    1479.06  0.000e+00
      10667     43.000     7.0227     7.0230     0.0002    3.50370    3.50374          1     6.0064     6.0172      68.84     0.0879     0.2407  1.000e-12  0.3566000    34.6826    34.6827     0.0001    27.1656    27.1657     42.596     42.756      0.659    1479.05    1479.06  0.000e+00
      10686     43.500     7.0243     7.0247     0.0003    3.50407    3.50416          1     6.0028     6.0170      68.19     0.0893     0.2153  1.000e-12  0.3626000    34.6847    34.6854     0.0006    27.1671    27.1675     43.091     43.252      0.590    1479.07    1479.07  0.000e+00
      10709     44.000     7.0279     7.0279     0.0000    3.50469    3.50474          1     6.0049     6.0137      67.60     0.0893     0.2458  1.000e-12  0.3714000    34.6878    34.6883     0.0004    27.1690    27.1693     43.586     43.747      0.481    1479.10    1479.10  0.000e+00
      10737     44.500     7.0316     7.0317     0.0001    3.50573    3.50578          1     5.9986     6.0120      67.71     0.0779     0.2439  1.000e-12  0.3721000    34.6953    34.6956     0.0004    27.1744    27.1746     44.082     44.243      0.440    1479.13    1479.13  0.000e+00
      10762     45.000     7.0311     7.0313     0.0001    3.50616    3.50624          1     5.9905     6.0061      84.43     0.0776     0.1978  1.000e-12  0.3805000    34.7001    34.7009     0.0008    27.1782    27.1788     44.577     44.739      0.517    1479.14    1479.14  0.000e+00
      10784     45.500     7.0323     7.0321    -0.0002    3.50657    3.50657          1     5.9878     5.9991      65.44     0.1197     0.2441  1.000e-12  0.3915000    34.7032    34.7034     0.0001    27.1805    27.1807     45.072     45.235      0.589    1479.16    1479.16  0.000e+00
      10803     46.000     7.0346     7.0338    -0.0008    3.50723    3.50712          1     5.9856     5.9981      65.41     0.1881     0.2590  1.000e-12  0.3813000    34.7079    34.7075    -0.0004    27.1839    27.1837     45.567     45.731      0.627    1479.18    1479.18  0.000e+00
      10822     46.500     7.0394     7.0392    -0.0002    3.50847    3.50854          1     5.9803     5.9882      65.03     0.1034     0.2148  1.000e-12  0.3690000    34.7165    34.7174     0.0009    27.1900    27.1907     46.063     46.226      0.621    1479.22    1479.22  0.000e+00
      10842     47.000     7.0496     7.0518     0.0022    3.51042    3.51092          1     5.9692     5.9659      64.39     0.0858     0.1908  1.000e-12  0.3840000    34.7274    34.7307     0.0033    27.1971    27.1994     46.558     46.722      0.558    1479.28    1479.29  0.000e+00
      10866     47.500     7.0640     7.0647     0.0007    3.51375    3.51411          1     5.9534     5.9487      63.99     0.0782     0.1965  1.000e-12  0.3691000    34.7492    34.7524     0.0032    27.2123    27.2148     47.053     47.218      0.466    1479.37    1479.38  0.000e+00
      10894     48.000     7.0703     7.0722     0.0019    3.51576    3.51625          1     5.9472     5.9457      63.44     0.0780     0.2240  1.000e-12  0.3601000    34.7647    34.7682     0.0034    27.2237    27.2261     47.548     47.714      0.450    1479.42    1479.44  0.000e+00
      10918     48.500     7.1100     7.1120     0.0019    3.52100    3.52141          1     5.9320     5.9358      62.87     0.0776     0.2408  1.000e-12  0.3673000    34.7819    34.7845     0.0025    27.2317    27.2334     48.044     48.209      0.534    1479.61    1479.62  0.000e+00
      10939     49.000     7.1340     7.1340     0.0001    3.52441    3.52449          1     5.9149     5.9253      62.49     0.0723     0.2525  1.000e-12  0.3614000    34.7950    34.7958     0.0008    27.2386    27.2392     48.539     48.705      0.579    1479.72    1479.72  0.000e+00
      10960     49.500     7.1325     7.1324    -0.0001    3.52462    3.52468          1     5.9072     5.9201      61.99     0.0661     0.2063  1.000e-12  0.3541000    34.7987    34.7993     0.0007    27.2417    27.2422     49.034     49.201      0.572    1479.73    1479.73  0.000e+00
      10981     50.000     7.1294     7.1294     0.0000    3.52451    3.52455          1     5.9073     5.9207      61.49     0.0567     0.2252  1.000e-12  0.3677000    34.8003    34.8007     0.0004    27.2434    27.2437     49.529     49.697      0.545    1479.73    1479.73  0.000e+00
      11004     50.500     7.1257     7.1257    -0.0000    3.52430    3.52435          1     5.9079     5.9174      60.97     0.0464     0.2897  1.000e-12  0.3580000    34.8015    34.8020     0.0005    27.2449    27.2452     50.025     50.193      0.522    1479.72    1479.72  0.000e+00
      11027     51.000     7.1237     7.1236    -0.0001    3.52456    3.52461          1     5.8997     5.9019      60.44     0.0760     0.1990  1.000e-12  0.3470000    34.8061    34.8067     0.0007    27.2488    27.2493     50.520     50.688      0.532    1479.73    1479.73  0.000e+00
      11049     51.500     7.1241     7.1241    -0.0000    3.52587    3.52596          1     5.8844     5.8904      59.93     0.0580     0.1579  1.000e-12  0.4571000    34.8197    34.8207     0.0010    27.2595    27.2603     51.015     51.184      0.563    1479.76    1479.76  0.000e+00
      11070     52.000     7.1248     7.1249     0.0001    3.52665    3.52673          1     5.8692     5.8789      59.51     0.0760     0.2169  1.000e-12  0.4301000    34.8275    34.8282     0.0008    27.2655    27.2660     51.510     51.680      0.589    1479.78    1479.78  0.000e+00
      11090     52.500     7.1416     7.1414    -0.0002    3.52917    3.52920          1     5.8488     5.8678      59.06     0.0817     0.1775  1.000e-12  0.3909000    34.8379    34.8383     0.0005    27.2713    27.2717     52.006     52.176      0.584    1479.86    1479.86  0.000e+00
      11111     53.000     7.1538     7.1535    -0.0004    3.53120    3.53123          1     5.8478     5.8600      58.58     0.0708     0.2825  1.000e-12  0.3952000    34.8475    34.8482     0.0007    27.2772    27.2778     52.501     52.671      0.551    1479.93    1479.93  0.000e+00
      11134     53.500     7.1703     7.1701    -0.0003    3.53402    3.53409          1     5.8434     5.8498      57.94     0.1120     0.2806  1.000e-12  0.4055000    34.8615    34.8626     0.0011    27.2858    27.2867     52.996     53.167      0.502    1480.02    1480.02  0.000e+00
      11159     54.000     7.2204     7.2199    -0.0006    3.54050    3.54050          1     5.8219     5.8274      57.45     0.0540     0.2037  1.000e-12  0.3881000    34.8817    34.8822     0.0005    27.2947    27.2952     53.491     53.663      0.474    1480.25    1480.25  0.000e+00
      11184     54.500     7.2300     7.2306     0.0006    3.54224    3.54234          1     5.8129     5.8184      56.94     0.0558     0.1714  1.000e-12  0.3990000    34.8908    34.8914     0.0005    27.3005    27.3008     53.986     54.159      0.514    1480.30    1480.30  0.000e+00
      11206     55.000     7.2270     7.2268    -0.0002    3.54221    3.54223          1     5.8184     5.8226      56.48     0.0771     0.2018  1.000e-12  0.3758000    34.8933    34.8937     0.0005    27.3029    27.3032     54.482     54.654      0.587    1480.30    1480.30  0.000e+00
      11225     55.500     7.2493     7.2488    -0.0005    3.54531    3.54536          1     5.8186     5.8207      56.05     0.0529     0.2407  1.000e-12  0.3739000    34.9045    34.9055     0.0010    27.3085    27.3094     54.977     55.150      0.629    1480.41    1480.41  0.000e+00
      11244     56.000     7.2843     7.2837    -0.0006    3.54978    3.54982          1     5.8061     5.8113      55.51     0.0470     0.2223  1.000e-12  0.3755000    34.9178    34.9189     0.0011    27.3140    27.3150     55.472     55.646      0.616    1480.57    1480.57  0.000e+00
