ctdpy/exports/archive_20191120_135557/received_data/SBE09_1044_20181015_1115_34_01_0093.cnv
* Sea-Bird SBE 9 Data File:
* FileName = C:\ctd\temp\ar18d093.hex
* Software Version Seasave V 7.21e
* Temperature SN = 5351
* Conductivity SN = 3941
* Number of Bytes Per Scan = 41
* Number of Voltage Words = 4
* Number of Scans Averaged by the Deck Unit = 1
* NMEA Latitude = 57 18.73 N
* NMEA Longitude = 020 04.58 E
* NMEA UTC (Time) = Oct 15 2018  14:15:52
* NMEA baud rate = 4800
** Station:  BY15
** Operator:  OBac
** Ship: ARANDA
** Average sound velocity: 1450.02 m/s
** True-depth calculation Mon, 15 Oct 2018 17:14:13 +0000
** CTD Python Module SMHI /ver 3-12/ feb 2012 
** LIMS Job: 20183401-0093
** Cruise: SMHI-4-2018
** Latitude [GG MM.mm N]:
** Longitude [GG MM.mm E]
# nquan = 26
# nvalues = 466                         
# units = specified
# name 0 = scan: Scan Count
# name 1 = prDM: Pressure, Digiquartz [db]
# name 2 = t090C: Temperature [ITS-90, deg C]
# name 3 = t190C: Temperature, 2 [ITS-90, deg C]
# name 4 = T2-T190C: Temperature Difference, 2 - 1 [ITS-90, deg C]
# name 5 = c0S/m: Conductivity [S/m]
# name 6 = c1S/m: Conductivity, 2 [S/m]
# name 7 = pumps: Pump Status
# name 8 = sbeox0ML/L: Oxygen, SBE 43 [ml/l]
# name 9 = sbeox1ML/L: Oxygen, SBE 43, 2 [ml/l]
# name 10 = altM: Altimeter [m]
# name 11 = flECO-AFL: Chl-a Fluorescence, WET Labs ECO-AFL/FL [mg/m^3]
# name 12 = flECO-AFL1: Phycocyanin Fluorescence, WET Labs ECO-AFL/FL, 2 [mg/m^3]
# name 13 = par: PAR/Irradiance, Biospherical/Lico [µE/(cm^2*s)]
# name 14 = turbWETntu0: Turbidity, WET Labs ECO [NTU]
# name 15 = sal00: Salinity, Practical [PSU]
# name 16 = sal11: Salinity, Practical, 2 [PSU]
# name 17 = secS-priS: Salinity, Practical, Difference, 2 - 1 [PSU]
# name 18 = sigma-t00: Density [sigma-t, Kg/m^3 ]
# name 19 = sigma-t11: Density, 2 [sigma-t, Kg/m^3 ]
# name 20 = depSM: Depth [salt water, m], lat = 57.3122
# name 21 = depFM: Depth [true depth, m], lat = 57.3122
# name 22 = dz/dtM: Descent Rate [m/s], WS = 2
# name 23 = svCM: Sound Velocity [Chen-Millero, m/s]
# name 24 = svCM1: Sound Velocity, 2 [Chen-Millero, m/s]
# name 25 = flag: flag
# span 0 =      10720,      22322       
# span 1 =      2.500,    235.000       
# span 2 =     3.5863,    11.3128       
# span 3 =     3.5880,    11.3144       
# span 4 =    -0.0284,     0.0830       
# span 5 =   0.770755,   1.455849       
# span 6 =   0.770888,   1.455847       
# span 7 =          1,          1       
# span 8 =    0.04178,    7.02840       
# span 9 =    0.04166,    7.48452       
# span 10 =       3.69,      98.71      
# span 11 =     0.2131,     1.3144      
# span 12 =     0.1483,     0.4408      
# span 13 = -3.241e-07, 1.5842e+02      
# span 14 =     0.1120,     1.1699      
# span 15 =     6.9819,    13.2575      
# span 16 =     6.9800,    13.2569      
# span 17 =    -0.0132,     0.0002      
# span 18 =     5.0079,    10.3490      
# span 19 =     5.0073,    10.3483      
# span 20 =      2.477,    232.703      
# span 21 =      2.534,    237.371      
# span 22 =     -0.043,      0.806      
# span 23 =    1430.41,    1461.31      
# span 24 =    1430.42,    1461.31      
# span 25 = 0.0000e+00, 0.0000e+00      
# interval = decibars: 0.5              
# start_time = Oct 15 2018 14:15:52 [NMEA time, first data scan]
# bad_flag = -9.990e-29
*END*
[from data line 223]
      15792    114.000     6.6405     6.6418     0.0014    1.28075    1.28075          1     0.2341     0.2452      93.87     0.2774     0.2069  1.000e-12  0.1263000    11.6488    11.6483    -0.0005     9.1064     9.1059    112.919    115.353      0.589    1449.91    1449.91  0.000e+00
      15813    114.500     6.6410     6.6422     0.0012    1.28298    1.28292          1     0.2263     0.2374      95.57     0.2681     0.2185  1.000e-12  0.1431000    11.6705    11.6695    -0.0010     9.1234     9.1225    113.414    115.858      0.537    1449.95    1449.95  0.000e+00
      15838    115.000     6.6493     6.6508     0.0015    1.28564    1.28564          1     0.2125     0.2181      97.57     0.2782     0.1973  1.000e-12  0.1375000    11.6938    11.6932    -0.0005     9.1411     9.1406    113.909    116.363      0.479    1450.02    1450.02  0.000e+00
      15863    115.500     6.6527     6.6541     0.0014    1.28807    1.28803          1     0.1867     0.1809      97.56     0.2776     0.2596  1.000e-12  0.1310000    11.7164    11.7155    -0.0009     9.1586     9.1578    114.404    116.867      0.514    1450.07    1450.07  0.000e+00
      15884    116.000     6.6537     6.6551     0.0014    1.28931    1.28931          1     0.1572     0.1411      97.57     0.2774     0.2299  1.000e-12  0.1383000    11.7282    11.7277    -0.0005     9.1678     9.1673    114.899    117.372      0.585    1450.09    1450.10  0.000e+00
      15904    116.500     6.6538     6.6552     0.0015    1.29137    1.29132          1     0.1347     0.1154      97.57     0.2809     0.2427  1.000e-12  0.1424000    11.7483    11.7474    -0.0009     9.1836     9.1827    115.394    117.876      0.610    1450.13    1450.13  0.000e+00
      15924    117.000     6.6520     6.6534     0.0014    1.29280    1.29279          1     0.1152     0.0991      97.57     0.2847     0.2101  1.000e-12  0.1445000    11.7629    11.7623    -0.0006     9.1952     9.1946    115.890    118.381      0.581    1450.15    1450.15  0.000e+00
      15946    117.500     6.6478     6.6492     0.0015    1.29495    1.29491          1     0.0994     0.0841      97.56     0.2942     0.2090  1.000e-12  0.1433000    11.7854    11.7845    -0.0009     9.2132     9.2124    116.385    118.886      0.519    1450.16    1450.17  0.000e+00
      15970    118.000     6.6454     6.6469     0.0014    1.29714    1.29712          1     0.0878     0.0751      97.57     0.2694     0.2589  1.000e-12  0.1265000    11.8077    11.8070    -0.0007     9.2309     9.2302    116.880    119.390      0.496    1450.19    1450.20  0.000e+00
      15994    118.500     6.6433     6.6447     0.0014    1.29859    1.29857          1     0.0902     0.0783      97.56     0.2926     0.2465  1.000e-12  0.1445000    11.8227    11.8220    -0.0007     9.2428     9.2422    117.375    119.895      0.544    1450.21    1450.21  0.000e+00
      16014    119.000     6.6456     6.6469     0.0014    1.30002    1.29999          1     0.0954     0.0869      97.56     0.3006     0.2657  1.000e-12  0.1430000    11.8359    11.8351    -0.0008     9.2530     9.2522    117.870    120.400      0.584    1450.24    1450.25  0.000e+00
      16035    119.500     6.6489     6.6502     0.0013    1.30259    1.30254          1     0.0901     0.0837      97.57     0.2853     0.2039  1.000e-12  0.1429000    11.8600    11.8590    -0.0010     9.2717     9.2708    118.365    120.904      0.568    1450.29    1450.30  0.000e+00
      16057    120.000     6.6512     6.6525     0.0014    1.30547    1.30543          1     0.0831     0.0760      97.55     0.2932     0.2020  1.000e-12  0.1911000    11.8875    11.8866    -0.0009     9.2931     9.2923    118.860    121.409      0.526    1450.35    1450.35  0.000e+00
      16080    120.500     6.6497     6.6511     0.0014    1.30714    1.30710          1     0.0808     0.0723      97.57     0.2974     0.2071  1.000e-12  0.2090000    11.9043    11.9034    -0.0009     9.3064     9.3056    119.355    121.913      0.511    1450.37    1450.37  0.000e+00
      16104    121.000     6.6493     6.6507     0.0014    1.30874    1.30870          1     0.0782     0.0722      97.57     0.3043     0.2242  1.000e-12  0.2810000    11.9202    11.9192    -0.0009     9.3189     9.3181    119.850    122.418      0.519    1450.40    1450.40  0.000e+00
      16127    121.500     6.6501     6.6516     0.0015    1.31086    1.31080          1     0.0775     0.0703      97.56     0.3230     0.2425  1.000e-12  0.4192000    11.9406    11.9395    -0.0011     9.3349     9.3339    120.346    122.922      0.554    1450.43    1450.44  0.000e+00
      16147    122.000     6.6467     6.6482     0.0015    1.31384    1.31380          1     0.0782     0.0690      97.56     0.3129     0.2215  1.000e-12  0.3689000    11.9711    11.9703    -0.0009     9.3591     9.3583    120.841    123.427      0.610    1450.46    1450.47  0.000e+00
      16166    122.500     6.6437     6.6451     0.0015    1.31563    1.31559          1     0.0788     0.0707      97.54     0.3039     0.1824  1.000e-12  0.6261000    11.9897    11.9888    -0.0009     9.3740     9.3731    121.336    123.932      0.629    1450.48    1450.49  0.000e+00
      16185    123.000     6.6421     6.6435     0.0015    1.31818    1.31814          1     0.0774     0.0727      97.55     0.3095     0.1861  1.000e-12  0.9455000    12.0154    12.0145    -0.0008     9.3942     9.3935    121.831    124.436      0.578    1450.52    1450.52  0.000e+00
      16208    123.500     6.6422     6.6437     0.0015    1.31949    1.31944          1     0.0756     0.0726      97.54     0.3010     0.1918  1.000e-12  1.1699000    12.0282    12.0272    -0.0010     9.4043     9.4034    122.326    124.941      0.485    1450.54    1450.55  0.000e+00
      16235    124.000     6.6418     6.6432     0.0014    1.32116    1.32113          1     0.0756     0.0684      97.54     0.2896     0.1800  1.000e-12  0.9378000    12.0447    12.0439    -0.0008     9.4173     9.4166    122.821    125.445      0.446    1450.57    1450.57  0.000e+00
      16261    124.500     6.6414     6.6429     0.0014    1.32307    1.32303          1     0.0736     0.0666      97.54     0.2953     0.1631  1.000e-12  0.7606000    12.0636    12.0627    -0.0009     9.4322     9.4313    123.316    125.950      0.522    1450.60    1450.60  0.000e+00
      16282    125.000     6.6403     6.6416     0.0014    1.32786    1.32772          1     0.0751     0.0692      97.53     0.3052     0.1732  1.000e-12  0.7887000    12.1112    12.1093    -0.0019     9.4697     9.4680    123.811    126.454      0.628    1450.66    1450.66  0.000e+00
      16300    125.500     6.6388     6.6403     0.0015    1.33003    1.33000          1     0.0762     0.0681      97.53     0.3168     0.2488  1.000e-12  0.7531000    12.1330    12.1322    -0.0008     9.4869     9.4862    124.306    126.959      0.671    1450.69    1450.70  0.000e+00
      16318    126.000     6.6362     6.6376     0.0014    1.33095    1.33092          1     0.0752     0.0691      97.53     0.3074     0.2035  1.000e-12  0.6324000    12.1429    12.1421    -0.0008     9.4949     9.4941    124.801    127.463      0.620    1450.70    1450.71  0.000e+00
      16339    126.500     6.6325     6.6340     0.0015    1.33214    1.33210          1     0.0742     0.0697      97.53     0.3086     0.1847  1.000e-12  0.5739000    12.1558    12.1549    -0.0009     9.5053     9.5045    125.297    127.968      0.491    1450.71    1450.71  0.000e+00
      16368    127.000     6.6306     6.6321     0.0015    1.33362    1.33360          1     0.0716     0.0690      97.54     0.3157     0.1847  1.000e-12  0.5226000    12.1711    12.1704    -0.0007     9.5174     9.5168    125.792    128.472      0.414    1450.73    1450.73  0.000e+00
      16395    127.500     6.6313     6.6326     0.0013    1.33556    1.33552          1     0.0702     0.0684      97.52     0.3135     0.2098  1.000e-12  0.5285000    12.1900    12.1890    -0.0009     9.5322     9.5313    126.287    128.976      0.495    1450.76    1450.77  0.000e+00
      16417    128.000     6.6337     6.6352     0.0015    1.33767    1.33763          1     0.0732     0.0699      97.54     0.3129     0.2382  1.000e-12  0.5159000    12.2098    12.2090    -0.0009     9.5476     9.5468    126.782    129.481      0.608    1450.81    1450.81  0.000e+00
      16435    128.500     6.6344     6.6360     0.0016    1.33948    1.33946          1     0.0789     0.0694      97.53     0.2987     0.2479  1.000e-12  0.4851000    12.2273    12.2267    -0.0007     9.5613     9.5607    127.277    129.985      0.682    1450.84    1450.84  0.000e+00
      16452    129.000     6.6326     6.6341     0.0015    1.34031    1.34028          1     0.0745     0.0673      97.54     0.2665     0.1895  1.000e-12  0.4332000    12.2361    12.2353    -0.0009     9.5684     9.5675    127.772    130.490      0.687    1450.85    1450.85  0.000e+00
      16470    129.500     6.6309     6.6324     0.0015    1.34101    1.34098          1     0.0676     0.0632      97.54     0.2978     0.1909  1.000e-12  0.5036000    12.2435    12.2427    -0.0008     9.5743     9.5736    128.267    130.994      0.617    1450.86    1450.87  0.000e+00
      16493    130.000     6.6287     6.6303     0.0016    1.34212    1.34208          1     0.0699     0.0654      69.77     0.2875     0.2065  1.000e-12  0.4694000    12.2552    12.2542    -0.0010     9.5836     9.5827    128.762    131.499      0.478    1450.87    1450.88  0.000e+00
      16522    130.500     6.6288     6.6302     0.0014    1.34324    1.34321          1     0.0715     0.0666      98.08     0.2884     0.2335  1.000e-12  0.3178000    12.2661    12.2653    -0.0008     9.5922     9.5915    129.257    132.003      0.409    1450.90    1450.90  0.000e+00
      16549    131.000     6.6320     6.6333     0.0013    1.34459    1.34456          1     0.0721     0.0649      97.53     0.2915     0.2615  1.000e-12  0.3142000    12.2783    12.2775    -0.0008     9.6015     9.6008    129.752    132.508      0.553    1450.93    1450.94  0.000e+00
      16567    131.500     6.6366     6.6379     0.0013    1.34672    1.34662          1     0.0715     0.0668      97.54     0.2977     0.2333  1.000e-12  0.3123000    12.2975    12.2961    -0.0014     9.6163     9.6151    130.247    133.012      0.677    1450.98    1450.99  0.000e+00
      16584    132.000     6.6429     6.6443     0.0014    1.34978    1.34973          1     0.0714     0.0624      97.55     0.3005     0.2233  1.000e-12  0.2998000    12.3255    12.3245    -0.0010     9.6377     9.6369    130.742    133.516      0.686    1451.05    1451.06  0.000e+00
      16602    132.500     6.6473     6.6487     0.0014    1.35145    1.35141          1     0.0710     0.0612      58.39     0.2690     0.2008  1.000e-12  0.2547000    12.3403    12.3394    -0.0009     9.6491     9.6483    131.238    134.021      0.593    1451.10    1451.10  0.000e+00
      16627    133.000     6.6491     6.6505     0.0014    1.35276    1.35272          1     0.0693     0.0645      92.89     0.2988     0.1906  1.000e-12  0.2538000    12.3526    12.3517    -0.0009     9.6585     9.6577    131.733    134.525      0.444    1451.13    1451.13  0.000e+00
      16657    133.500     6.6510     6.6526     0.0015    1.35351    1.35351          1     0.0675     0.0642      97.61     0.3028     0.1997  1.000e-12  0.2406000    12.3592    12.3586    -0.0006     9.6636     9.6630    132.228    135.030      0.433    1451.15    1451.16  0.000e+00
      16681    134.000     6.6538     6.6551     0.0013    1.35473    1.35471          1     0.0704     0.0661      97.55     0.2812     0.2177  1.000e-12  0.2302000    12.3701    12.3694    -0.0007     9.6720     9.6713    132.723    135.534      0.575    1451.19    1451.19  0.000e+00
      16700    134.500     6.6557     6.6571     0.0013    1.35606    1.35602          1     0.0739     0.0636      97.63     0.2799     0.2499  1.000e-12  0.2250000    12.3825    12.3816    -0.0008     9.6815     9.6807    133.218    136.038      0.660    1451.22    1451.22  0.000e+00
      16717    135.000     6.6596     6.6609     0.0013    1.35778    1.35774          1     0.0714     0.0631      53.70     0.2833     0.2450  1.000e-12  0.2176000    12.3980    12.3971    -0.0009     9.6934     9.6926    133.713    136.543      0.655    1451.26    1451.27  0.000e+00
      16736    135.500     6.6638     6.6652     0.0014    1.35914    1.35911          1     0.0649     0.0649      88.26     0.2902     0.2456  1.000e-12  0.2119000    12.4099    12.4090    -0.0008     9.7024     9.7017    134.208    137.047      0.597    1451.30    1451.31  0.000e+00
      16758    136.000     6.6669     6.6685     0.0016    1.36017    1.36024          1     0.0654     0.0644      98.67     0.2895     0.2179  1.000e-12  0.2155000    12.4188    12.4189     0.0001     9.7092     9.7091    134.703    137.552      0.534    1451.33    1451.34  0.000e+00
      16782    136.500     6.6683     6.6697     0.0014    1.36084    1.36082          1     0.0652     0.0649      98.71     0.2905     0.1830  1.000e-12  0.2232000    12.4248    12.4241    -0.0007     9.7138     9.7131    135.198    138.056      0.495    1451.35    1451.36  0.000e+00
      16806    137.000     6.6704     6.6718     0.0014    1.36209    1.36206          1     0.0691     0.0633      98.71     0.3043     0.1951  1.000e-12  0.2180000    12.4363    12.4355    -0.0008     9.7227     9.7219    135.693    138.560      0.518    1451.39    1451.39  0.000e+00
      16828    137.500     6.6739     6.6752     0.0014    1.36319    1.36316          1     0.0686     0.0634      67.06     0.3123     0.2073  1.000e-12  0.2065000    12.4458    12.4450    -0.0008     9.7299     9.7291    136.188    139.065      0.584    1451.42    1451.43  0.000e+00
      16847    138.000     6.6789     6.6801     0.0012    1.36467    1.36462          1     0.0676     0.0646      72.85     0.3012     0.2071  1.000e-12  0.2076000    12.4585    12.4576    -0.0009     9.7394     9.7386    136.683    139.569      0.605    1451.47    1451.47  0.000e+00
      16868    138.500     6.6866     6.6878     0.0013    1.36751    1.36744          1     0.0654     0.0638      98.23     0.2998     0.1976  1.000e-12  0.2114000    12.4837    12.4826    -0.0011     9.7586     9.7577    137.178    140.073      0.561    1451.54    1451.54  0.000e+00
      16891    139.000     6.6946     6.6958     0.0012    1.37042    1.37036          1     0.0628     0.0632      98.71     0.3090     0.2001  1.000e-12  0.2052000    12.5095    12.5084    -0.0011     9.7783     9.7773    137.673    140.578      0.501    1451.61    1451.61  0.000e+00
      16915    139.500     6.7043     6.7055     0.0012    1.37364    1.37351          1     0.0622     0.0640      85.82     0.2924     0.2010  1.000e-12  0.1908000    12.5377    12.5360    -0.0017     9.7997     9.7982    138.169    141.082      0.495    1451.69    1451.70  0.000e+00
      16939    140.000     6.7194     6.7200     0.0007    1.37926    1.37907          1     0.0695     0.0634      81.08     0.3037     0.2045  1.000e-12  0.1897000    12.5877    12.5856    -0.0021     9.8377     9.8360    138.664    141.586      0.533    1451.83    1451.83  0.000e+00
      16961    140.500     6.7287     6.7297     0.0010    1.38242    1.38235          1     0.0689     0.0593      97.81     0.3041     0.2264  1.000e-12  0.2240000    12.6154    12.6143    -0.0011     9.8587     9.8578    139.159    142.091      0.561    1451.91    1451.91  0.000e+00
      16982    141.000     6.7323     6.7333     0.0011    1.38365    1.38358          1     0.0642     0.0605      97.60     0.3062     0.1490  1.000e-12  0.1746000    12.6261    12.6250    -0.0011     9.8669     9.8660    139.654    142.595      0.565    1451.95    1451.95  0.000e+00
