ctdpy/exports/archive_20191120_135557/received_data/SBE09_1044_20180527_1449_34_07_0033.cnv
* Sea-Bird SBE 9 Data File:
* FileName = C:\ctd\temp\2018\AU18D033.hex
* Software Version Seasave V 7.26.6.26
* Temperature SN = 5351
* Conductivity SN = 3941
* Number of Bytes Per Scan = 41
* Number of Voltage Words = 4
* Number of Scans Averaged by the Deck Unit = 1
* NMEA Latitude = 57 11.56 N
* NMEA Longitude = 011 39.50 E
* NMEA UTC (Time) = May 27 2018  14:49:44
* NMEA baud rate = 4800
** Station:  Fladen
** Operator:  SSip
** Ship: AURA
** Average sound velocity: 1478.59 m/s
** True-depth calculation Sun, 27 May 2018 15:32:29 +0000
** CTD Python Module SMHI /ver 3-12/ feb 2012 
** LIMS Job: 20183407-0033
** Cruise: SMHI-02-2018
** Latitude [GG MM.mm N] :
** Longitude [GG MM.mm E]:
# nquan = 26
# nvalues = 161                         
# units = specified
# name 0 = scan: Scan Count
# name 1 = prDM: Pressure, Digiquartz [db]
# name 2 = t090C: Temperature [ITS-90, deg C]
# name 3 = t190C: Temperature, 2 [ITS-90, deg C]
# name 4 = T2-T190C: Temperature Difference, 2 - 1 [ITS-90, deg C]
# name 5 = c0S/m: Conductivity [S/m]
# name 6 = c1S/m: Conductivity, 2 [S/m]
# name 7 = pumps: Pump Status
# name 8 = sbeox0ML/L: Oxygen, SBE 43 [ml/l]
# name 9 = sbeox1ML/L: Oxygen, SBE 43, 2 [ml/l]
# name 10 = altM: Altimeter [m]
# name 11 = flECO-AFL: Chl-a Fluorescence, WET Labs ECO-AFL/FL [mg/m^3]
# name 12 = flECO-AFL1: Phycocyanin Fluorescence, WET Labs ECO-AFL/FL, 2 [mg/m^3]
# name 13 = par: PAR/Irradiance, Biospherical/Lico [µE/(cm^2*s)]
# name 14 = turbWETntu0: Turbidity, WET Labs ECO [NTU]
# name 15 = sal00: Salinity, Practical [PSU]
# name 16 = sal11: Salinity, Practical, 2 [PSU]
# name 17 = secS-priS: Salinity, Practical, Difference, 2 - 1 [PSU]
# name 18 = sigma-t00: Density [sigma-t, Kg/m^3 ]
# name 19 = sigma-t11: Density, 2 [sigma-t, Kg/m^3 ]
# name 20 = depSM: Depth [salt water, m], lat = 57.1927
# name 21 = depFM: Depth [true depth, m], lat = 57.1927
# name 22 = dz/dtM: Descent Rate [m/s], WS = 2
# name 23 = svCM: Sound Velocity [Chen-Millero, m/s]
# name 24 = svCM1: Sound Velocity, 2 [Chen-Millero, m/s]
# name 25 = flag: flag
# span 0 =       7936,      11676       
# span 1 =      1.000,     81.000       
# span 2 =     6.2659,    18.4111       
# span 3 =     6.2677,    18.4107       
# span 4 =    -0.0517,     0.0382       
# span 5 =   2.513430,   3.476225       
# span 6 =   2.512819,   3.476283       
# span 7 =          1,          1       
# span 8 =    5.20127,    7.26094       
# span 9 =    5.15106,    7.65270       
# span 10 =       3.89,      99.09      
# span 11 =     0.1169,     3.0600      
# span 12 =     0.1530,     0.5301      
# span 13 = 1.0000e-12, 1.6173e+03      
# span 14 =     0.1866,     1.1429      
# span 15 =    17.7927,    34.7144      
# span 16 =    17.7918,    34.7135      
# span 17 =    -0.0719,     0.0392      
# span 18 =    12.0533,    27.2387      
# span 19 =    12.0537,    27.2377      
# span 20 =      0.992,     80.239      
# span 21 =      1.006,     80.477      
# span 22 =     -0.027,      0.591      
# span 23 =    1474.99,    1497.82      
# span 24 =    1475.00,    1497.82      
# span 25 = 0.0000e+00, 0.0000e+00      
# interval = decibars: 0.5              
# start_time = May 27 2018 14:49:45 [NMEA time, first data scan]
# bad_flag = -9.990e-29
*END*
[from data line 112]
      10567     57.000     6.5696     6.5714     0.0018    3.45412    3.45418          1     5.3806     5.3448      27.95     0.1382     0.2282  1.000e-12  0.5939000    34.5846    34.5835    -0.0011    27.1501    27.1490     56.468     56.679      0.532    1477.40    1477.40  0.000e+00
      10589     57.500     6.5699     6.5715     0.0017    3.45420    3.45426          1     5.3868     5.3433      27.48     0.1476     0.1645  1.000e-12  0.5735000    34.5849    34.5839    -0.0011    27.1504    27.1493     56.963     57.175      0.550    1477.41    1477.41  0.000e+00
      10611     58.000     6.5701     6.5719     0.0018    3.45430    3.45435          1     5.3898     5.3395      26.97     0.1777     0.1862  1.000e-12  0.5697000    34.5855    34.5843    -0.0012    27.1508    27.1496     57.458     57.671      0.535    1477.42    1477.42  0.000e+00
      10634     58.500     6.5772     6.5785     0.0013    3.45582    3.45579          1     5.3796     5.3179      26.45     0.1689     0.1726  1.000e-12  0.5941000    34.5951    34.5933    -0.0018    27.1574    27.1558     57.954     58.167      0.520    1477.47    1477.47  0.000e+00
      10657     59.000     6.5860     6.5877     0.0017    3.45776    3.45780          1     5.3747     5.3080      25.95     0.1380     0.1856  1.000e-12  0.6173000    34.6074    34.6062    -0.0013    27.1659    27.1647     58.449     58.662      0.532    1477.52    1477.53  0.000e+00
      10679     59.500     6.5884     6.5899     0.0015    3.45826    3.45827          1     5.3685     5.3208      25.44     0.1409     0.2016  1.000e-12  0.6164000    34.6104    34.6090    -0.0015    27.1680    27.1666     58.944     59.158      0.547    1477.54    1477.55  0.000e+00
      10701     60.000     6.5910     6.5932     0.0022    3.45886    3.45895          1     5.3599     5.3339      24.97     0.1514     0.1926  1.000e-12  0.6259000    34.6142    34.6129    -0.0012    27.1706    27.1693     59.439     59.654      0.537    1477.57    1477.58  0.000e+00
      10724     60.500     6.5899     6.5917     0.0018    3.45885    3.45887          1     5.3597     5.3331      24.39     0.1621     0.1925  1.000e-12  0.6305000    34.6149    34.6133    -0.0016    27.1713    27.1698     59.935     60.150      0.519    1477.57    1477.58  0.000e+00
      10747     61.000     6.5899     6.5915     0.0016    3.45900    3.45901          1     5.3634     5.3298      23.94     0.1492     0.1925  1.000e-12  0.5776000    34.6164    34.6148    -0.0016    27.1725    27.1710     60.430     60.646      0.524    1477.58    1477.59  0.000e+00
      10770     61.500     6.5916     6.5932     0.0016    3.45951    3.45951          1     5.3636     5.3267      23.43     0.1504     0.2655  1.000e-12  0.5501000    34.6200    34.6184    -0.0016    27.1751    27.1736     60.925     61.141      0.552    1477.60    1477.61  0.000e+00
      10791     62.000     6.6034     6.6052     0.0018    3.46210    3.46212          1     5.3581     5.3197      22.96     0.1417     0.2559  1.000e-12  0.5325000    34.6366    34.6350    -0.0016    27.1866    27.1851     61.420     61.637      0.562    1477.68    1477.68  0.000e+00
      10812     62.500     6.6094     6.6112     0.0018    3.46330    3.46334          1     5.3522     5.3075      22.50     0.1321     0.2179  1.000e-12  0.5328000    34.6436    34.6423    -0.0013    27.1913    27.1901     61.916     62.133      0.540    1477.72    1477.72  0.000e+00
      10836     63.000     6.6133     6.6148     0.0015    3.46409    3.46408          1     5.3400     5.2942      21.99     0.1392     0.1961  1.000e-12  0.5525000    34.6482    34.6466    -0.0016    27.1944    27.1930     62.411     62.629      0.505    1477.75    1477.75  0.000e+00
      10860     63.500     6.6199     6.6216     0.0017    3.46540    3.46545          1     5.3297     5.2816      21.49     0.1500     0.2417  1.000e-12  0.5755000    34.6558    34.6546    -0.0013    27.1996    27.1983     62.906     63.125      0.514    1477.79    1477.80  0.000e+00
      10882     64.000     6.6277     6.6288     0.0011    3.46694    3.46684          1     5.3202     5.2709      21.02     0.1277     0.2620  1.000e-12  0.5809000    34.6648    34.6626    -0.0022    27.2056    27.2037     63.401     63.620      0.562    1477.84    1477.84  0.000e+00
      10903     64.500     6.6328     6.6348     0.0021    3.46795    3.46806          1     5.3158     5.2617      20.50     0.1382     0.1638  1.000e-12  0.6060000    34.6706    34.6697    -0.0009    27.2095    27.2085     63.897     64.116      0.581    1477.88    1477.88  0.000e+00
      10924     65.000     6.6375     6.6391     0.0016    3.46888    3.46893          1     5.3121     5.2575      20.05     0.1271     0.1958  1.000e-12  0.6549000    34.6759    34.6748    -0.0011    27.2130    27.2120     64.392     64.612      0.552    1477.91    1477.91  0.000e+00
      10946     65.500     6.6424     6.6438     0.0014    3.46990    3.46992          1     5.2960     5.2503      19.51     0.1169     0.2156  1.000e-12  0.6662000    34.6820    34.6807    -0.0012    27.2171    27.2160     64.887     65.108      0.509    1477.94    1477.95  0.000e+00
      10971     66.000     6.6451     6.6473     0.0022    3.47042    3.47059          1     5.2821     5.2477      18.99     0.1225     0.2273  1.000e-12  0.6971000    34.6848    34.6845    -0.0003    27.2190    27.2185     65.382     65.603      0.503    1477.97    1477.98  0.000e+00
      10994     66.500     6.6463     6.6481     0.0018    3.47067    3.47077          1     5.2753     5.2471      18.56     0.1334     0.2096  1.000e-12  0.7033000    34.6861    34.6853    -0.0008    27.2199    27.2190     65.878     66.099      0.539    1477.98    1477.99  0.000e+00
      11015     67.000     6.6473     6.6490     0.0017    3.47086    3.47093          1     5.2707     5.2340      18.06     0.1341     0.1804  1.000e-12  0.7076000    34.6869    34.6860    -0.0010    27.2204    27.2194     66.373     66.595      0.573    1477.99    1478.00  0.000e+00
      11036     67.500     6.6493     6.6509     0.0016    3.47130    3.47134          1     5.2743     5.2276      17.54     0.1284     0.2069  1.000e-12  0.7205000    34.6894    34.6883    -0.0011    27.2221    27.2210     66.868     67.091      0.563    1478.01    1478.02  0.000e+00
      11058     68.000     6.6505     6.6520     0.0016    3.47153    3.47157          1     5.2748     5.2255      17.03     0.1382     0.2278  1.000e-12  0.7241000    34.6906    34.6895    -0.0011    27.2229    27.2218     67.363     67.587      0.527    1478.03    1478.03  0.000e+00
      11081     68.500     6.6507     6.6525     0.0018    3.47160    3.47169          1     5.2714     5.2161      16.52     0.1387     0.1551  1.000e-12  0.8938000    34.6909    34.6900    -0.0008    27.2230    27.2222     67.859     68.082      0.509    1478.04    1478.04  0.000e+00
      11105     69.000     6.6517     6.6539     0.0023    3.47179    3.47197          1     5.2696     5.2184      16.01     0.1382     0.1530  1.000e-12  0.7617000    34.6918    34.6915    -0.0002    27.2236    27.2231     68.354     68.578      0.523    1478.05    1478.06  0.000e+00
      11127     69.500     6.6527     6.6544     0.0017    3.47201    3.47206          1     5.2634     5.2216      15.53     0.1177     0.1964  1.000e-12  0.7321000    34.6930    34.6918    -0.0012    27.2244    27.2233     68.849     69.074      0.559    1478.06    1478.07  0.000e+00
      11148     70.000     6.6532     6.6546     0.0014    3.47210    3.47212          1     5.2567     5.2210      15.05     0.1225     0.2184  1.000e-12  0.7535000    34.6932    34.6920    -0.0012    27.2246    27.2234     69.344     69.570      0.571    1478.07    1478.08  0.000e+00
      11169     70.500     6.6537     6.6553     0.0016    3.47223    3.47227          1     5.2595     5.2245      14.53     0.1205     0.1805  1.000e-12  0.7593000    34.6939    34.6926    -0.0012    27.2250    27.2238     69.839     70.065      0.538    1478.08    1478.09  0.000e+00
      11193     71.000     6.6548     6.6563     0.0015    3.47244    3.47248          1     5.2663     5.2257      14.02     0.1192     0.2479  1.000e-12  0.7541000    34.6949    34.6938    -0.0011    27.2257    27.2246     70.335     70.561      0.498    1478.10    1478.10  0.000e+00
      11217     71.500     6.6554     6.6569     0.0015    3.47256    3.47261          1     5.2663     5.2257      13.52     0.1303     0.1952  1.000e-12  0.7635000    34.6954    34.6944    -0.0011    27.2260    27.2250     70.830     71.057      0.523    1478.11    1478.11  0.000e+00
      11239     72.000     6.6560     6.6576     0.0016    3.47270    3.47277          1     5.2583     5.2155      13.05     0.1370     0.2229  1.000e-12  0.7712000    34.6960    34.6951    -0.0009    27.2264    27.2255     71.325     71.553      0.571    1478.12    1478.13  0.000e+00
      11259     72.500     6.6566     6.6582     0.0016    3.47284    3.47287          1     5.2561     5.2063      12.54     0.1267     0.2314  1.000e-12  0.7708000    34.6966    34.6955    -0.0012    27.2268    27.2257     71.820     72.049      0.578    1478.13    1478.14  0.000e+00
      11281     73.000     6.6577     6.6590     0.0014    3.47306    3.47307          1     5.2517     5.1958      12.05     0.1375     0.2200  1.000e-12  0.8194000    34.6978    34.6966    -0.0012    27.2276    27.2264     72.316     72.544      0.537    1478.15    1478.15  0.000e+00
      11304     73.500     6.6600     6.6621     0.0021    3.47352    3.47370          1     5.2451     5.1911      11.49     0.1286     0.2051  1.000e-12  0.8021000    34.7004    34.7001    -0.0002    27.2293    27.2288     72.811     73.040      0.506    1478.17    1478.18  0.000e+00
      11328     74.000     6.6610     6.6630     0.0020    3.47376    3.47387          1     5.2354     5.1877      11.05     0.1350     0.2393  1.000e-12  0.8309000    34.7017    34.7009    -0.0008    27.2302    27.2293     73.306     73.536      0.522    1478.18    1478.19  0.000e+00
      11350     74.500     6.6623     6.6636     0.0013    3.47399    3.47399          1     5.2263     5.1756      10.56     0.1382     0.1775  1.000e-12  0.8412000    34.7027    34.7014    -0.0013    27.2308    27.2296     73.801     74.032      0.557    1478.20    1478.20  0.000e+00
      11371     75.000     6.6623     6.6636     0.0013    3.47402    3.47402          1     5.2264     5.1852      10.08     0.1341     0.2407  1.000e-12  0.8434000    34.7028    34.7014    -0.0014    27.2309    27.2296     74.297     74.527      0.573    1478.20    1478.21  0.000e+00
      11392     75.500     6.6648     6.6663     0.0016    3.47457    3.47460          1     5.2266     5.1825       9.56     0.1261     0.1905  1.000e-12  0.8677000    34.7061    34.7049    -0.0012    27.2332    27.2320     74.792     75.023      0.549    1478.23    1478.23  0.000e+00
      11415     76.000     6.6675     6.6690     0.0015    3.47510    3.47515          1     5.2262     5.1746       9.07     0.1176     0.1781  1.000e-12  0.9261000    34.7090    34.7081    -0.0010    27.2351    27.2341     75.287     75.519      0.511    1478.25    1478.25  0.000e+00
      11439     76.500     6.6691     6.6706     0.0015    3.47544    3.47549          1     5.2236     5.1774       8.56     0.1264     0.1682  1.000e-12  0.9967000    34.7108    34.7099    -0.0010    27.2363    27.2354     75.782     76.015      0.497    1478.27    1478.27  0.000e+00
      11463     77.000     6.6693     6.6713     0.0020    3.47548    3.47563          1     5.2202     5.1781       8.05     0.1382     0.1568  1.000e-12  0.9975000    34.7109    34.7104    -0.0005    27.2364    27.2357     76.277     76.510      0.512    1478.27    1478.28  0.000e+00
      11486     77.500     6.6701     6.6719     0.0018    3.47567    3.47579          1     5.2164     5.1691       7.57     0.1271     0.2133  1.000e-12  1.0212000    34.7119    34.7114    -0.0005    27.2370    27.2364     76.773     77.006      0.535    1478.29    1478.29  0.000e+00
      11508     78.000     6.6722     6.6738     0.0016    3.47611    3.47616          1     5.2074     5.1626       7.06     0.1451     0.2449  1.000e-12  1.0734000    34.7143    34.7133    -0.0010    27.2387    27.2376     77.268     77.502      0.546    1478.31    1478.31  0.000e+00
      11530     78.500     6.6724     6.6740     0.0016    3.47614    3.47621          1     5.2054     5.1591       6.58     0.1424     0.2095  1.000e-12  1.0847000    34.7142    34.7134    -0.0008    27.2385    27.2377     77.763     77.998      0.533    1478.32    1478.32  0.000e+00
      11553     79.000     6.6725     6.6740     0.0016    3.47617    3.47623          1     5.2150     5.1564       6.08     0.1383     0.1836  1.000e-12  1.1092000    34.7143    34.7134    -0.0009    27.2386    27.2377     78.258     78.493      0.504    1478.32    1478.33  0.000e+00
      11578     79.500     6.6725     6.6741     0.0016    3.47619    3.47625          1     5.2168     5.1511       5.57     0.1324     0.2176  1.000e-12  1.1052000    34.7143    34.7133    -0.0010    27.2386    27.2376     78.753     78.989      0.470    1478.33    1478.34  0.000e+00
      11605     80.000     6.6725     6.6740     0.0016    3.47622    3.47628          1     5.2106     5.1572       5.05     0.1325     0.2432  1.000e-12  1.0804000    34.7144    34.7135    -0.0009    27.2387    27.2377     79.249     79.485      0.436    1478.34    1478.35  0.000e+00
      11632     80.500     6.6723     6.6739     0.0016    3.47620    3.47627          1     5.2013     5.1605       4.54     0.1382     0.2335  1.000e-12  1.0943000    34.7141    34.7131    -0.0010    27.2385    27.2375     79.744     79.981      0.439    1478.35    1478.35  0.000e+00
      11676     81.000     6.6724     6.6740     0.0015    3.47622    3.47626          1     5.2110     5.1621       3.89     0.1402     0.2080  1.000e-12  1.1429000    34.7139    34.7128    -0.0011    27.2383    27.2372     80.239     80.477     -0.027    1478.36    1478.36  0.000e+00
