ctdpy/exports/archive_20191120_135557/received_data/SBE09_1044_20180416_0831_34_07_0007.cnv
* Sea-Bird SBE 9 Data File:
* FileName = C:\ctd\temp\2018\AU18D007.hex
* Software Version Seasave V 7.26.6.26
* Temperature SN = 5351
* Conductivity SN = 3941
* Number of Bytes Per Scan = 41
* Number of Voltage Words = 4
* Number of Scans Averaged by the Deck Unit = 1
* NMEA Latitude = 58 17.05 N
* NMEA Longitude = 010 30.27 E
* NMEA UTC (Time) = Apr 16 2018  08:31:49
* NMEA baud rate = 4800
** Station:  A17
** Operator:  A-KTh
** Ship: AURA
** Average sound velocity: 1479.02 m/s
** True-depth calculation Mon, 16 Apr 2018 12:12:11 +0000
** CTD Python Module SMHI /ver 3-12/ feb 2012 
** LIMS Job: 20183407-0007
** Cruise: SMHI-01-2018
** Latitude [GG MM.mm N] :
** Longitude [GG MM.mm E]:
# nquan = 26
# nvalues = 701                         
# units = specified
# name 0 = scan: Scan Count
# name 1 = prDM: Pressure, Digiquartz [db]
# name 2 = t090C: Temperature [ITS-90, deg C]
# name 3 = t190C: Temperature, 2 [ITS-90, deg C]
# name 4 = T2-T190C: Temperature Difference, 2 - 1 [ITS-90, deg C]
# name 5 = c0S/m: Conductivity [S/m]
# name 6 = c1S/m: Conductivity, 2 [S/m]
# name 7 = pumps: Pump Status
# name 8 = sbeox0ML/L: Oxygen, SBE 43 [ml/l]
# name 9 = sbeox1ML/L: Oxygen, SBE 43, 2 [ml/l]
# name 10 = altM: Altimeter [m]
# name 11 = flECO-AFL: Chl-a Fluorescence, WET Labs ECO-AFL/FL [mg/m^3]
# name 12 = flECO-AFL1: Phycocyanin Fluorescence, WET Labs ECO-AFL/FL, 2 [mg/m^3]
# name 13 = par: PAR/Irradiance, Biospherical/Lico [µE/(cm^2*s)]
# name 14 = turbWETntu0: Turbidity, WET Labs ECO [NTU]
# name 15 = sal00: Salinity, Practical [PSU]
# name 16 = sal11: Salinity, Practical, 2 [PSU]
# name 17 = secS-priS: Salinity, Practical, Difference, 2 - 1 [PSU]
# name 18 = sigma-t00: Density [sigma-t, Kg/m^3 ]
# name 19 = sigma-t11: Density, 2 [sigma-t, Kg/m^3 ]
# name 20 = depSM: Depth [salt water, m], lat = 58.2842
# name 21 = depFM: Depth [true depth, m], lat = 58.2842
# name 22 = dz/dtM: Descent Rate [m/s], WS = 2
# name 23 = svCM: Sound Velocity [Chen-Millero, m/s]
# name 24 = svCM1: Sound Velocity, 2 [Chen-Millero, m/s]
# name 25 = flag: flag
# span 0 =       2565,      18913       
# span 1 =      0.500,    350.500       
# span 2 =     2.4618,     7.6218       
# span 3 =     2.4623,     7.6224       
# span 4 =    -0.0380,     0.0231       
# span 5 =   2.274062,   3.591221       
# span 6 =   2.274535,   3.591416       
# span 7 =          1,          1       
# span 8 =    5.74687,    8.52919       
# span 9 =    5.65685,    8.40861       
# span 10 =       3.76,      99.60      
# span 11 =     0.0039,     6.1993      
# span 12 =     0.1182,     1.2366      
# span 13 = -2.928e-06, 5.0559e+02      
# span 14 =     0.1298,     2.1133      
# span 15 =    23.7287,    35.0451      
# span 16 =    23.7370,    35.0450      
# span 17 =    -0.0622,     0.0150      
# span 18 =    18.8478,    27.5062      
# span 19 =    18.8548,    27.5061      
# span 20 =      0.495,    346.950      
# span 21 =      0.500,    347.595      
# span 22 =      0.103,      0.592      
# span 23 =    1449.33,    1482.94      
# span 24 =    1449.30,    1482.95      
# span 25 = 0.0000e+00, 0.0000e+00      
# interval = decibars: 0.5              
# start_time = Apr 16 2018 08:31:49 [NMEA time, first data scan]
# bad_flag = -9.990e-29
*END*
[from data line 558]
      15246    279.500     6.0236     6.0246     0.0010    3.44644    3.44653          1     6.5537     6.4634      98.71     0.1542     0.2475  1.000e-12  0.8440000    34.9431    34.9430    -0.0001    27.5047    27.5046    276.716    277.215      0.529    1479.35    1479.36  0.000e+00
      15268    280.000     6.0206     6.0208     0.0002    3.44617    3.44616          1     6.5503     6.4591      98.72     0.1666     0.1941  1.000e-12  0.8476000    34.9429    34.9426    -0.0003    27.5049    27.5047    277.211    277.711      0.553    1479.35    1479.35  0.000e+00
      15289    280.500     6.0165     6.0172     0.0006    3.44578    3.44582          1     6.5468     6.4640      98.71     0.1661     0.2136  1.000e-12  0.8714000    34.9425    34.9422    -0.0003    27.5052    27.5048    277.706    278.206      0.571    1479.34    1479.34  0.000e+00
      15310    281.000     6.0163     6.0171     0.0008    3.44577    3.44584          1     6.5439     6.4702      98.71     0.1586     0.2433  1.000e-12  0.9067000    34.9423    34.9422    -0.0001    27.5051    27.5049    278.200    278.702      0.576    1479.35    1479.35  0.000e+00
      15331    281.500     6.0162     6.0170     0.0008    3.44580    3.44585          1     6.5423     6.4604      98.71     0.1574     0.2562  1.000e-12  0.9131000    34.9425    34.9422    -0.0002    27.5052    27.5049    278.695    279.198      0.559    1479.36    1479.36  0.000e+00
      15353    282.000     6.0161     6.0168     0.0007    3.44581    3.44587          1     6.5461     6.4521      98.71     0.1451     0.2329  1.000e-12  0.9049000    34.9425    34.9424    -0.0001    27.5052    27.5051    279.190    279.693      0.524    1479.36    1479.37  0.000e+00
      15377    282.500     6.0160     6.0165     0.0005    3.44583    3.44586          1     6.5516     6.4514      98.72     0.1494     0.2218  1.000e-12  0.9224000    34.9425    34.9424    -0.0002    27.5053    27.5051    279.684    280.189      0.496    1479.37    1479.37  0.000e+00
      15401    283.000     6.0169     6.0171     0.0002    3.44595    3.44596          1     6.5400     6.4533      98.71     0.1469     0.2218  1.000e-12  0.9271000    34.9427    34.9425    -0.0002    27.5053    27.5051    280.179    280.685      0.508    1479.38    1479.38  0.000e+00
      15424    283.500     6.0173     6.0180     0.0006    3.44601    3.44606          1     6.5339     6.4582      98.70     0.1475     0.1946  1.000e-12  0.9262000    34.9427    34.9426    -0.0001    27.5052    27.5051    280.674    281.180      0.549    1479.39    1479.40  0.000e+00
      15445    284.000     6.0131     6.0162     0.0031    3.44561    3.44590          1     6.5342     6.4621      98.71     0.1592     0.2506  1.000e-12  0.9371000    34.9422    34.9423     0.0001    27.5054    27.5051    281.168    281.676      0.581    1479.38    1479.40  0.000e+00
      15465    284.500     6.0121     6.0126     0.0004    3.44552    3.44556          1     6.5351     6.4653      98.72     0.1547     0.2489  1.000e-12  0.9304000    34.9420    34.9420    -0.0001    27.5054    27.5053    281.663    282.171      0.592    1479.39    1479.39  0.000e+00
      15486    285.000     6.0099     6.0111     0.0012    3.44534    3.44543          1     6.5380     6.4585      98.71     0.1556     0.2105  1.000e-12  0.9535000    34.9419    34.9418    -0.0002    27.5056    27.5053    282.158    282.667      0.569    1479.39    1479.39  0.000e+00
      15508    285.500     6.0095     6.0105     0.0009    3.44530    3.44539          1     6.5345     6.4496      98.71     0.1568     0.2319  1.000e-12  0.9914000    34.9417    34.9417    -0.0000    27.5055    27.5053    282.652    283.163      0.527    1479.39    1479.40  0.000e+00
      15531    286.000     6.0087     6.0096     0.0009    3.44525    3.44531          1     6.5336     6.4478      98.71     0.1494     0.1949  1.000e-12  0.9724000    34.9417    34.9416    -0.0002    27.5056    27.5053    283.147    283.658      0.505    1479.40    1479.40  0.000e+00
      15555    286.500     6.0013     6.0004    -0.0009    3.44452    3.44440          1     6.5339     6.4474      98.71     0.1562     0.2058  1.000e-12  1.0198000    34.9409    34.9404    -0.0005    27.5058    27.5056    283.642    284.154      0.524    1479.38    1479.37  0.000e+00
      15577    287.000     5.9971     5.9990     0.0019    3.44412    3.44427          1     6.5388     6.4470      98.71     0.1632     0.2596  1.000e-12  1.1245000    34.9404    34.9402    -0.0002    27.5060    27.5056    284.136    284.650      0.557    1479.37    1479.37  0.000e+00
      15598    287.500     5.9963     5.9960    -0.0003    3.44405    3.44400          1     6.5435     6.4509      98.72     0.1579     0.2530  1.000e-12  1.1998000    34.9402    34.9398    -0.0003    27.5059    27.5057    284.631    285.145      0.568    1479.37    1479.37  0.000e+00
      15619    288.000     5.9954     5.9947    -0.0007    3.44397    3.44390          1     6.5343     6.4551      98.72     0.1565     0.2353  1.000e-12  1.2035000    34.9399    34.9398    -0.0001    27.5058    27.5059    285.126    285.641      0.553    1479.38    1479.37  0.000e+00
      15642    288.500     5.9956     5.9966     0.0010    3.44402    3.44411          1     6.5275     6.4585      98.71     0.1792     0.2415  1.000e-12  2.1133000    34.9401    34.9400    -0.0001    27.5059    27.5057    285.620    286.137      0.530    1479.39    1479.39  0.000e+00
      15665    289.000     5.9938     5.9946     0.0008    3.44387    3.44392          1     6.5323     6.4655      98.70     0.1676     0.2334  1.000e-12  1.2810000    34.9400    34.9397    -0.0003    27.5061    27.5058    286.115    286.632      0.518    1479.39    1479.39  0.000e+00
      15688    289.500     5.9929     5.9937     0.0008    3.44379    3.44386          1     6.5346     6.4687      98.71     0.1732     0.2332  1.000e-12  1.2291000    34.9398    34.9397    -0.0001    27.5061    27.5059    286.610    287.128      0.521    1479.39    1479.39  0.000e+00
      15711    290.000     5.9928     5.9936     0.0008    3.44380    3.44388          1     6.5321     6.4596      98.71     0.1854     0.2445  1.000e-12  1.2362000    34.9398    34.9397    -0.0001    27.5060    27.5059    287.104    287.623      0.542    1479.40    1479.40  0.000e+00
      15732    290.500     5.9931     5.9940     0.0008    3.44386    3.44395          1     6.5288     6.4534      98.71     0.1723     0.2208  1.000e-12  1.2389000    34.9398    34.9398     0.0001    27.5060    27.5060    287.599    288.119      0.559    1479.41    1479.41  0.000e+00
      15754    291.000     5.9927     5.9939     0.0012    3.44385    3.44395          1     6.5282     6.4497      98.71     0.1598     0.2427  1.000e-12  1.2379000    34.9399    34.9398    -0.0001    27.5062    27.5059    288.094    288.615      0.553    1479.41    1479.42  0.000e+00
      15776    291.500     5.9923     5.9933     0.0011    3.44382    3.44392          1     6.5322     6.4494      98.71     0.1673     0.2813  1.000e-12  1.2556000    34.9398    34.9397    -0.0001    27.5061    27.5059    288.588    289.110      0.528    1479.42    1479.43  0.000e+00
      15799    292.000     5.9919     5.9935     0.0016    3.44381    3.44396          1     6.5363     6.4423      98.71     0.1677     0.2530  1.000e-12  1.3307000    34.9397    34.9397    -0.0000    27.5061    27.5059    289.083    289.606      0.503    1479.43    1479.43  0.000e+00
      15823    292.500     5.9918     5.9929     0.0011    3.44382    3.44391          1     6.5387     6.4395      98.71     0.1778     0.2050  1.000e-12  1.2288000    34.9397    34.9396    -0.0001    27.5061    27.5059    289.578    290.102      0.507    1479.44    1479.44  0.000e+00
      15847    293.000     5.9921     5.9929     0.0008    3.44388    3.44394          1     6.5337     6.4441      98.71     0.1587     0.1783  1.000e-12  1.3033000    34.9397    34.9396    -0.0001    27.5061    27.5060    290.072    290.597      0.527    1479.44    1479.45  0.000e+00
      15869    293.500     5.9924     5.9934     0.0010    3.44393    3.44402          1     6.5255     6.4386      98.71     0.1767     0.2685  1.000e-12  1.2564000    34.9398    34.9398    -0.0001    27.5062    27.5060    290.567    291.093      0.543    1479.45    1479.46  0.000e+00
      15891    294.000     5.9940     5.9946     0.0006    3.44411    3.44417          1     6.5230     6.4365      98.71     0.1765     0.2511  1.000e-12  1.2961000    34.9399    34.9399    -0.0000    27.5061    27.5059    291.062    291.589      0.542    1479.47    1479.47  0.000e+00
      15913    294.500     5.9932     5.9957     0.0025    3.44406    3.44431          1     6.5290     6.4393      98.71     0.1769     0.2444  1.000e-12  1.3371000    34.9399    34.9402     0.0002    27.5062    27.5060    291.556    292.084      0.526    1479.47    1479.48  0.000e+00
      15937    295.000     5.9955     5.9973     0.0019    3.44432    3.44449          1     6.5244     6.4462      98.71     0.1840     0.2448  1.000e-12  1.3334000    34.9403    34.9403     0.0000    27.5062    27.5060    292.051    292.580      0.511    1479.49    1479.50  0.000e+00
      15960    295.500     5.9956     5.9953    -0.0002    3.44436    3.44432          1     6.5206     6.4480      98.71     0.1743     0.2227  1.000e-12  1.3180000    34.9404    34.9401    -0.0003    27.5062    27.5060    292.546    293.075      0.518    1479.50    1479.50  0.000e+00
      15983    296.000     5.9934     5.9952     0.0018    3.44415    3.44433          1     6.5229     6.4392      98.71     0.1580     0.1864  1.000e-12  1.3269000    34.9400    34.9401     0.0001    27.5062    27.5061    293.040    293.571      0.532    1479.50    1479.51  0.000e+00
      16005    296.500     5.9940     5.9940     0.0000    3.44424    3.44422          1     6.5298     6.4377      98.71     0.1686     0.2203  1.000e-12  1.3264000    34.9401    34.9399    -0.0002    27.5062    27.5060    293.535    294.067      0.535    1479.51    1479.51  0.000e+00
      16028    297.000     5.9926     5.9934     0.0007    3.44410    3.44417          1     6.5326     6.4429      98.71     0.1754     0.1786  1.000e-12  1.3195000    34.9398    34.9398     0.0000    27.5061    27.5060    294.029    294.562      0.536    1479.51    1479.52  0.000e+00
      16050    297.500     5.9923     5.9932     0.0009    3.44409    3.44418          1     6.5330     6.4420      98.71     0.1674     0.2219  1.000e-12  1.3045000    34.9397    34.9397     0.0000    27.5061    27.5060    294.524    295.058      0.535    1479.52    1479.52  0.000e+00
      16072    298.000     5.9935     5.9947     0.0012    3.44424    3.44434          1     6.5282     6.4390      98.71     0.1759     0.2893  1.000e-12  1.3046000    34.9399    34.9398    -0.0001    27.5061    27.5058    295.019    295.554      0.532    1479.53    1479.54  0.000e+00
      16095    298.500     5.9933     5.9947     0.0014    3.44425    3.44438          1     6.5297     6.4423      98.71     0.1783     0.3136  1.000e-12  1.3215000    34.9399    34.9399    -0.0000    27.5061    27.5059    295.513    296.049      0.516    1479.54    1479.55  0.000e+00
      16119    299.000     5.9948     5.9944    -0.0004    3.44442    3.44436          1     6.5309     6.4470      98.71     0.1849     0.2602  1.000e-12  1.3142000    34.9401    34.9398    -0.0003    27.5061    27.5059    296.008    296.545      0.508    1479.56    1479.55  0.000e+00
      16142    299.500     5.9944     5.9953     0.0009    3.44441    3.44447          1     6.5281     6.4430      98.70     0.1811     0.2020  1.000e-12  1.3298000    34.9401    34.9398    -0.0003    27.5062    27.5058    296.503    297.041      0.518    1479.56    1479.57  0.000e+00
      16165    300.000     5.9948     5.9958     0.0010    3.44448    3.44456          1     6.5301     6.4406      98.71     0.1673     0.2324  1.000e-12  1.3543000    34.9402    34.9401    -0.0001    27.5062    27.5060    296.997    297.536      0.531    1479.57    1479.57  0.000e+00
      16188    300.500     5.9942     5.9950     0.0009    3.44443    3.44449          1     6.5296     6.4450      98.71     0.1603     0.2328  1.000e-12  1.3528000    34.9400    34.9399    -0.0002    27.5061    27.5059    297.492    298.032      0.535    1479.58    1479.58  0.000e+00
      16210    301.000     5.9944     5.9963     0.0018    3.44448    3.44466          1     6.5267     6.4491      98.70     0.1716     0.1805  1.000e-12  1.3584000    34.9401    34.9402     0.0001    27.5061    27.5059    297.987    298.527      0.531    1479.59    1479.60  0.000e+00
      16233    301.500     5.9955     5.9963     0.0008    3.44462    3.44466          1     6.5232     6.4418      98.90     0.1890     0.2196  1.000e-12  1.4479000    34.9403    34.9400    -0.0003    27.5061    27.5058    298.481    299.023      0.525    1479.60    1479.60  0.000e+00
      16256    302.000     6.0006     6.0013     0.0006    3.44517    3.44523          1     6.5206     6.4376      99.02     0.1681     0.2249  1.000e-12  1.3113000    34.9410    34.9410     0.0000    27.5060    27.5060    298.976    299.519      0.518    1479.63    1479.63  0.000e+00
      16279    302.500     6.0018     6.0025     0.0007    3.44532    3.44537          1     6.5209     6.4353      99.02     0.2057     0.2448  1.000e-12  1.3274000    34.9412    34.9411    -0.0002    27.5061    27.5059    299.470    300.014      0.521    1479.64    1479.64  0.000e+00
      16302    303.000     6.0017     6.0028     0.0010    3.44534    3.44543          1     6.5224     6.4337      99.01     0.1721     0.2289  1.000e-12  1.3649000    34.9412    34.9411    -0.0001    27.5061    27.5059    299.965    300.510      0.536    1479.65    1479.65  0.000e+00
      16324    303.500     6.0017     6.0033     0.0016    3.44535    3.44549          1     6.5224     6.4273      99.00     0.1816     0.2006  1.000e-12  1.3783000    34.9411    34.9411    -0.0001    27.5060    27.5057    300.460    301.006      0.543    1479.66    1479.66  0.000e+00
      16346    304.000     6.0024     6.0034     0.0010    3.44545    3.44554          1     6.5215     6.4198      99.00     0.1844     0.3020  1.000e-12  1.4954000    34.9412    34.9412    -0.0000    27.5060    27.5059    300.954    301.501      0.535    1479.67    1479.67  0.000e+00
      16369    304.500     6.0026     6.0035     0.0008    3.44549    3.44555          1     6.5204     6.4241      98.99     0.1927     0.2084  1.000e-12  1.4979000    34.9413    34.9411    -0.0002    27.5060    27.5057    301.449    301.997      0.526    1479.68    1479.68  0.000e+00
      16392    305.000     6.0025     6.0035     0.0010    3.44550    3.44558          1     6.5144     6.4397      98.99     0.2028     0.2824  1.000e-12  1.4064000    34.9413    34.9411    -0.0002    27.5060    27.5058    301.944    302.493      0.513    1479.69    1479.69  0.000e+00
      16416    305.500     6.0023     6.0031     0.0008    3.44550    3.44556          1     6.5138     6.4421      98.97     0.1885     0.2433  1.000e-12  1.4203000    34.9412    34.9410    -0.0002    27.5060    27.5058    302.438    302.988      0.501    1479.69    1479.70  0.000e+00
      16440    306.000     6.0024     6.0032     0.0008    3.44554    3.44559          1     6.5168     6.4316      98.97     0.1860     0.2605  1.000e-12  1.4257000    34.9412    34.9410    -0.0002    27.5060    27.5057    302.933    303.484      0.506    1479.70    1479.71  0.000e+00
      16463    306.500     6.0021     6.0030     0.0009    3.44552    3.44560          1     6.5183     6.4360      98.97     0.1775     0.2366  1.000e-12  1.4084000    34.9412    34.9411    -0.0001    27.5060    27.5058    303.428    303.979      0.529    1479.71    1479.71  0.000e+00
