ctdpy/exports/archive_20191120_135557/received_data/SBE09_1044_20180130_0354_34_02_0034.cnv
* Sea-Bird SBE 9 Data File:
* FileName = C:\ctd\temp\2018\ME18D034.hex
* Software Version Seasave V 7.26.6.26
* Temperature SN = 5351
* Conductivity SN = 3941
* Number of Bytes Per Scan = 41
* Number of Voltage Words = 4
* Number of Scans Averaged by the Deck Unit = 1
* NMEA Latitude = 59 17.93 N
* NMEA Longitude = 021 33.14 E
* NMEA UTC (Time) = Jan 30 2018  03:55:21
* NMEA baud rate = 4800
** Station:  BY27
** Operator:  SSip
** Ship: MERI
** Average sound velocity: 1440.84 m/s
** True-depth calculation Tue, 30 Jan 2018 05:07:08 +0000
** CTD Python Module SMHI /ver 3-12/ feb 2012 
** LIMS Job: 20183402-0034
** Cruise: SMHI-01-2018
** Latitude [GG MM.mm N] :
** Longitude [GG MM.mm E]:
# nquan = 26
# nvalues = 355                         
# units = specified
# name 0 = scan: Scan Count
# name 1 = prDM: Pressure, Digiquartz [db]
# name 2 = t090C: Temperature [ITS-90, deg C]
# name 3 = t190C: Temperature, 2 [ITS-90, deg C]
# name 4 = T2-T190C: Temperature Difference, 2 - 1 [ITS-90, deg C]
# name 5 = c0S/m: Conductivity [S/m]
# name 6 = c1S/m: Conductivity, 2 [S/m]
# name 7 = pumps: Pump Status
# name 8 = sbeox0ML/L: Oxygen, SBE 43 [ml/l]
# name 9 = sbeox1ML/L: Oxygen, SBE 43, 2 [ml/l]
# name 10 = altM: Altimeter [m]
# name 11 = flECO-AFL: Chl-a Fluorescence, WET Labs ECO-AFL/FL [mg/m^3]
# name 12 = flECO-AFL1: Phycocyanin Fluorescence, WET Labs ECO-AFL/FL, 2 [mg/m^3]
# name 13 = par: PAR/Irradiance, Biospherical/Lico [µE/(cm^2*s)]
# name 14 = turbWETntu0: Turbidity, WET Labs ECO [NTU]
# name 15 = sal00: Salinity, Practical [PSU]
# name 16 = sal11: Salinity, Practical, 2 [PSU]
# name 17 = secS-priS: Salinity, Practical, Difference, 2 - 1 [PSU]
# name 18 = sigma-t00: Density [sigma-t, Kg/m^3 ]
# name 19 = sigma-t11: Density, 2 [sigma-t, Kg/m^3 ]
# name 20 = depSM: Depth [salt water, m], lat = 59.2988
# name 21 = depFM: Depth [true depth, m], lat = 59.2988
# name 22 = dz/dtM: Descent Rate [m/s], WS = 2
# name 23 = svCM: Sound Velocity [Chen-Millero, m/s]
# name 24 = svCM1: Sound Velocity, 2 [Chen-Millero, m/s]
# name 25 = flag: flag
# span 0 =      13162,      20256       
# span 1 =      2.000,    179.000       
# span 2 =     3.9221,     6.2969       
# span 3 =     3.9253,     6.2973       
# span 4 =    -0.0051,     0.0069       
# span 5 =   0.748724,   1.246340       
# span 6 =   0.748774,   1.246317       
# span 7 =          1,          1       
# span 8 =    0.01583,    8.29484       
# span 9 =   -0.04177,    8.23488       
# span 10 =       0.00,      98.03      
# span 11 =     0.3080,     0.4725      
# span 12 =     0.2466,     0.4396      
# span 13 = -6.558e-05, 7.3730e-02      
# span 14 =     0.2517,     3.7688      
# span 15 =     7.0981,    11.4127      
# span 16 =     7.0978,    11.4123      
# span 17 =    -0.0108,     0.0008      
# span 18 =     5.6446,     8.9456      
# span 19 =     5.6442,     8.9453      
# span 20 =      1.981,    177.245      
# span 21 =      2.026,    180.997      
# span 22 =     -0.028,      1.018      
# span 23 =    1430.55,    1449.21      
# span 24 =    1430.57,    1449.21      
# span 25 = 0.0000e+00, 0.0000e+00      
# interval = decibars: 0.5              
# start_time = Jan 30 2018 03:55:22 [NMEA time, first data scan]
# bad_flag = -9.990e-29
*END*
[from data line 56]
      14345     30.000     4.0561     4.0568     0.0008    0.75533    0.75533          1     8.2503     8.2004      97.45     0.4327     0.3182  1.000e-12  0.4470000     7.1328     7.1326    -0.0002     5.6690     5.6688     29.717     30.384      0.617    1431.63    1431.64  0.000e+00
      14367     30.500     4.0701     4.0712     0.0010    0.75609    0.75611          1     8.2358     8.1953      97.43     0.4332     0.3024  1.000e-12  0.4424000     7.1372     7.1373     0.0001     5.6722     5.6722     30.212     30.891      0.501    1431.71    1431.71  0.000e+00
      14393     31.000     4.0756     4.0764     0.0008    0.75640    0.75640          1     8.2342     8.1960      97.45     0.4548     0.3312  1.000e-12  0.4138000     7.1392     7.1390    -0.0002     5.6736     5.6735     30.707     31.397      0.461    1431.74    1431.75  0.000e+00
      14418     31.500     4.0820     4.0825     0.0005    0.75673    0.75673          1     8.2291     8.1839      97.45     0.4674     0.3316  1.000e-12  0.4537000     7.1411     7.1410    -0.0001     5.6750     5.6749     31.202     31.904      0.523    1431.78    1431.79  0.000e+00
      14439     32.000     4.0940     4.0966     0.0027    0.75741    0.75750          1     8.2278     8.1700      97.45     0.4679     0.2918  1.000e-12  0.4555000     7.1453     7.1457     0.0004     5.6780     5.6782     31.698     32.410      0.623    1431.85    1431.86  0.000e+00
      14457     32.500     4.1000     4.1013     0.0014    0.75772    0.75774          1     8.2205     8.1698      97.47     0.4577     0.3358  1.000e-12  0.4435000     7.1471     7.1470    -0.0001     5.6792     5.6791     32.193     32.916      0.726    1431.89    1431.89  0.000e+00
      14473     33.000     4.1244     4.1195    -0.0049    0.75881    0.75855          1     8.2146     8.1745      97.46     0.4442     0.3950  1.000e-12  0.4300000     7.1527     7.1512    -0.0016     5.6831     5.6820     32.688     33.423      0.793    1432.01    1431.99  0.000e+00
      14487     33.500     4.1318     4.1326     0.0008    0.75910    0.75908          1     8.2159     8.1792      97.45     0.4368     0.3430  1.000e-12  0.4388000     7.1540     7.1535    -0.0004     5.6839     5.6836     33.183     33.929      0.791    1432.06    1432.06  0.000e+00
      14503     34.000     4.1349     4.1336    -0.0013    0.75916    0.75907          1     8.2179     8.1850      97.46     0.4320     0.3186  1.000e-12  0.4421000     7.1538     7.1532    -0.0007     5.6838     5.6833     33.679     34.436      0.706    1432.08    1432.07  0.000e+00
      14522     34.500     4.1409     4.1416     0.0006    0.75944    0.75942          1     8.2179     8.1894      97.45     0.4318     0.3209  1.000e-12  0.4348000     7.1552     7.1549    -0.0003     5.6847     5.6844     34.174     34.942      0.559    1432.11    1432.12  0.000e+00
      14547     35.000     4.1657     4.1641    -0.0015    0.76054    0.76041          1     8.2107     8.1777      97.45     0.4317     0.3043  1.000e-12  0.4643000     7.1609     7.1600    -0.0009     5.6885     5.6879     34.669     35.448      0.468    1432.24    1432.23  0.000e+00
      14572     35.500     4.1834     4.1828    -0.0007    0.76144    0.76135          1     8.1977     8.1603      97.46     0.4205     0.3869  1.000e-12  0.4176000     7.1660     7.1653    -0.0007     5.6922     5.6916     35.164     35.955      0.538    1432.33    1432.33  0.000e+00
      14592     36.000     4.1868     4.1871     0.0002    0.76172    0.76168          1     8.1954     8.1607      97.45     0.4019     0.3201  1.000e-12  0.4280000     7.1681     7.1676    -0.0004     5.6937     5.6933     35.660     36.461      0.633    1432.36    1432.36  0.000e+00
      14610     36.500     4.1865     4.1870     0.0004    0.76173    0.76171          1     8.2037     8.1553      97.47     0.4076     0.3034  1.000e-12  0.4482000     7.1682     7.1679    -0.0003     5.6938     5.6935     36.155     36.968      0.701    1432.37    1432.37  0.000e+00
      14627     37.000     4.1898     4.1902     0.0004    0.76187    0.76184          1     8.2116     8.1548      97.44     0.4191     0.3667  1.000e-12  0.4724000     7.1689     7.1685    -0.0004     5.6942     5.6939     36.650     37.474      0.736    1432.39    1432.39  0.000e+00
      14643     37.500     4.1954     4.1958     0.0004    0.76217    0.76214          1     8.2096     8.1641      97.48     0.4105     0.3464  1.000e-12  0.5079000     7.1706     7.1701    -0.0004     5.6954     5.6951     37.145     37.980      0.741    1432.43    1432.43  0.000e+00
      14659     38.000     4.1975     4.1980     0.0005    0.76230    0.76227          1     8.2041     8.1731      97.45     0.4090     0.3329  1.000e-12  0.4826000     7.1713     7.1710    -0.0004     5.6960     5.6957     37.640     38.487      0.704    1432.44    1432.44  0.000e+00
      14677     38.500     4.2013     4.2013     0.0000    0.76253    0.76248          1     8.2005     8.1697      97.45     0.4098     0.3191  1.000e-12  0.4140000     7.1728     7.1723    -0.0004     5.6970     5.6967     38.136     38.993      0.597    1432.47    1432.47  0.000e+00
      14701     39.000     4.2069     4.2073     0.0003    0.76291    0.76289          1     8.1984     8.1520      97.45     0.4196     0.3039  1.000e-12  0.4001000     7.1754     7.1750    -0.0003     5.6989     5.6987     38.631     39.500      0.438    1432.51    1432.51  0.000e+00
      14731     39.500     4.2101     4.2103     0.0001    0.76312    0.76308          1     8.1993     8.1549      97.45     0.4199     0.3332  1.000e-12  0.3957000     7.1767     7.1763    -0.0004     5.6999     5.6996     39.126     40.006      0.479    1432.53    1432.53  0.000e+00
      14752     40.000     4.2150     4.2151     0.0002    0.76337    0.76334          1     8.1934     8.1573      97.46     0.4198     0.3204  1.000e-12  0.4113000     7.1781     7.1777    -0.0004     5.7009     5.7006     39.621     40.512      0.719    1432.56    1432.56  0.000e+00
      14766     40.500     4.2464     4.2478     0.0014    0.76503    0.76503          1     8.1816     8.1455      97.48     0.4161     0.3214  1.000e-12  0.4112000     7.1879     7.1876    -0.0003     5.7079     5.7076     40.116     41.019      0.859    1432.72    1432.73  0.000e+00
      14779     41.000     4.2713     4.2719     0.0006    0.76620    0.76617          1     8.1774     8.1337      97.46     0.4069     0.3505  1.000e-12  0.4104000     7.1942     7.1938    -0.0004     5.7121     5.7117     40.612     41.525      0.867    1432.85    1432.85  0.000e+00
      14794     41.500     4.2853     4.2858     0.0005    0.76694    0.76692          1     8.1722     8.1246      97.46     0.4020     0.3441  1.000e-12  0.3982000     7.1985     7.1982    -0.0003     5.7152     5.7149     41.107     42.031      0.752    1432.93    1432.93  0.000e+00
      14813     42.000     4.2983     4.2984     0.0001    0.76758    0.76756          1     8.1656     8.1222      97.45     0.3930     0.3337  1.000e-12  0.3991000     7.2021     7.2018    -0.0003     5.7176     5.7174     41.602     42.538      0.532    1433.00    1433.00  0.000e+00
      14841     42.500     4.3093     4.3098     0.0005    0.76813    0.76811          1     8.1631     8.1190      97.46     0.3915     0.3364  1.000e-12  0.3962000     7.2051     7.2048    -0.0003     5.7197     5.7194     42.097     43.044      0.448    1433.06    1433.06  0.000e+00
      14865     43.000     4.3194     4.3189    -0.0004    0.76860    0.76855          1     8.1665     8.1143      97.47     0.3907     0.2608  1.000e-12  0.3841000     7.2076     7.2072    -0.0004     5.7214     5.7211     42.593     43.551      0.618    1433.11    1433.11  0.000e+00
      14882     43.500     4.3257     4.3259     0.0002    0.76894    0.76889          1     8.1707     8.1105      97.45     0.3730     0.3353  1.000e-12  0.3817000     7.2095     7.2091    -0.0005     5.7228     5.7223     43.088     44.057      0.740    1433.15    1433.15  0.000e+00
      14897     44.000     4.3294     4.3298     0.0005    0.76912    0.76910          1     8.1718     8.1120      97.47     0.3669     0.3434  1.000e-12  0.3909000     7.2105     7.2102    -0.0003     5.7234     5.7231     43.583     44.563      0.770    1433.18    1433.18  0.000e+00
      14913     44.500     4.3307     4.3310     0.0003    0.76921    0.76917          1     8.1678     8.1177      97.47     0.3687     0.2880  1.000e-12  0.3904000     7.2110     7.2106    -0.0004     5.7238     5.7235     44.078     45.070      0.717    1433.19    1433.19  0.000e+00
      14931     45.000     4.3321     4.3323     0.0002    0.76933    0.76929          1     8.1581     8.1185      97.48     0.3826     0.2796  1.000e-12  0.3756000     7.2119     7.2115    -0.0004     5.7244     5.7241     44.573     45.576      0.603    1433.21    1433.21  0.000e+00
      14954     45.500     4.3373     4.3370    -0.0003    0.76966    0.76960          1     8.1552     8.1122      97.47     0.3853     0.2940  1.000e-12  0.4270000     7.2140     7.2135    -0.0005     5.7259     5.7256     45.069     46.082      0.505    1433.24    1433.24  0.000e+00
      14978     46.000     4.3457     4.3456    -0.0001    0.77009    0.77006          1     8.1594     8.1171      97.48     0.3852     0.3290  1.000e-12  0.3903000     7.2164     7.2162    -0.0003     5.7276     5.7274     45.564     46.589      0.538    1433.29    1433.29  0.000e+00
      14998     46.500     4.3504     4.3506     0.0002    0.77036    0.77032          1     8.1597     8.1120      97.47     0.3667     0.3465  1.000e-12  0.3929000     7.2181     7.2176    -0.0004     5.7288     5.7285     46.059     47.095      0.642    1433.32    1433.32  0.000e+00
      15016     47.000     4.3540     4.3542     0.0002    0.77058    0.77055          1     8.1567     8.1066      97.49     0.3664     0.3640  1.000e-12  0.3932000     7.2195     7.2190    -0.0004     5.7298     5.7294     46.554     47.601      0.705    1433.35    1433.35  0.000e+00
      15032     47.500     4.3561     4.3564     0.0004    0.77070    0.77067          1     8.1552     8.1090      97.49     0.3732     0.3725  1.000e-12  0.3935000     7.2201     7.2197    -0.0004     5.7303     5.7299     47.049     48.108      0.707    1433.37    1433.37  0.000e+00
      15050     48.000     4.3587     4.3588     0.0002    0.77085    0.77081          1     8.1485     8.1054      97.49     0.3935     0.3916  1.000e-12  0.4064000     7.2210     7.2206    -0.0004     5.7309     5.7305     47.545     48.614      0.652    1433.39    1433.39  0.000e+00
      15070     48.500     4.3633     4.3635     0.0002    0.77111    0.77108          1     8.1449     8.0998      97.47     0.3957     0.3100  1.000e-12  0.4188000     7.2225     7.2221    -0.0004     5.7319     5.7316     48.040     49.121      0.566    1433.42    1433.42  0.000e+00
      15093     49.000     4.3661     4.3664     0.0003    0.77125    0.77123          1     8.1444     8.1063      97.48     0.3890     0.3254  1.000e-12  0.4385000     7.2233     7.2229    -0.0003     5.7325     5.7322     48.535     49.627      0.517    1433.44    1433.44  0.000e+00
      15115     49.500     4.3736     4.3734    -0.0002    0.77165    0.77160          1     8.1351     8.0937      97.47     0.3746     0.3245  1.000e-12  0.4549000     7.2255     7.2250    -0.0004     5.7340     5.7337     49.030     50.133      0.571    1433.48    1433.48  0.000e+00
      15135     50.000     4.3839     4.3842     0.0002    0.77215    0.77211          1     8.1311     8.0864      97.49     0.3832     0.3290  1.000e-12  0.4595000     7.2282     7.2277    -0.0004     5.7359     5.7355     49.525     50.640      0.683    1433.54    1433.54  0.000e+00
      15151     50.500     4.3903     4.3906     0.0004    0.77244    0.77240          1     8.1234     8.0865      97.50     0.3832     0.3480  1.000e-12  0.4554000     7.2296     7.2292    -0.0004     5.7368     5.7365     50.021     51.146      0.763    1433.58    1433.58  0.000e+00
      15166     51.000     4.3973     4.3980     0.0007    0.77274    0.77272          1     8.1250     8.0913      97.50     0.3832     0.3307  1.000e-12  0.4534000     7.2311     7.2307    -0.0004     5.7378     5.7374     50.516     51.652      0.767    1433.62    1433.62  0.000e+00
      15182     51.500     4.4128     4.4129     0.0000    0.77342    0.77338          1     8.1316     8.0854      97.48     0.3619     0.3189  1.000e-12  0.4419000     7.2345     7.2341    -0.0004     5.7400     5.7397     51.011     52.159      0.676    1433.70    1433.70  0.000e+00
      15203     52.000     4.4252     4.4236    -0.0016    0.77397    0.77387          1     8.1205     8.0746      97.49     0.3912     0.3053  1.000e-12  0.4468000     7.2372     7.2366    -0.0007     5.7418     5.7413     51.506     52.665      0.507    1433.77    1433.76  0.000e+00
      15232     52.500     4.4283     4.4318     0.0035    0.77436    0.77444          1     8.1001     8.0627      97.50     0.3787     0.3170  1.000e-12  0.4058000     7.2403     7.2404     0.0001     5.7441     5.7441     52.001     53.171      0.418    1433.79    1433.81  0.000e+00
      15258     53.000     4.4139     4.4149     0.0010    0.77407    0.77405          1     8.0859     8.0590      97.49     0.3735     0.3051  1.000e-12  0.5125000     7.2405     7.2401    -0.0004     5.7447     5.7444     52.497     53.678      0.571    1433.74    1433.74  0.000e+00
      15276     53.500     4.4146     4.4148     0.0002    0.77409    0.77405          1     8.0876     8.0496      97.50     0.3818     0.3330  1.000e-12  0.5218000     7.2405     7.2401    -0.0004     5.7447     5.7444     52.992     54.184      0.754    1433.75    1433.75  0.000e+00
      15290     54.000     4.4154     4.4161     0.0006    0.77411    0.77409          1     8.0884     8.0455      97.48     0.3862     0.3361  1.000e-12  0.5188000     7.2405     7.2401    -0.0004     5.7447     5.7444     53.487     54.691      0.853    1433.76    1433.76  0.000e+00
      15304     54.500     4.4166     4.4171     0.0005    0.77414    0.77411          1     8.0884     8.0460      97.50     0.3676     0.3501  1.000e-12  0.5036000     7.2405     7.2401    -0.0004     5.7446     5.7443     53.982     55.197      0.854    1433.77    1433.77  0.000e+00
      15318     55.000     4.4170     4.4169    -0.0001    0.77416    0.77410          1     8.0882     8.0481      97.49     0.3620     0.3291  1.000e-12  0.4980000     7.2405     7.2400    -0.0005     5.7446     5.7442     54.477     55.703      0.749    1433.78    1433.78  0.000e+00
      15337     55.500     4.4196     4.4209     0.0013    0.77423    0.77423          1     8.0921     8.0499      97.48     0.3820     0.2970  1.000e-12  0.5124000     7.2406     7.2403    -0.0003     5.7446     5.7444     54.972     56.210      0.533    1433.80    1433.81  0.000e+00
      15367     56.000     4.4305     4.4280    -0.0025    0.77459    0.77447          1     8.0874     8.0515      97.49     0.3902     0.3287  1.000e-12  0.4738000     7.2417     7.2411    -0.0006     5.7452     5.7448     55.468     56.716      0.393    1433.86    1433.85  0.000e+00
      15394     56.500     4.4375     4.4378     0.0003    0.77480    0.77477          1     8.0891     8.0501      97.49     0.4085     0.3115  1.000e-12  0.4232000     7.2422     7.2419    -0.0003     5.7454     5.7451     55.963     57.222      0.591    1433.90    1433.90  0.000e+00
      15411     57.000     4.4423     4.4436     0.0013    0.77499    0.77499          1     8.0923     8.0489      97.51     0.3850     0.2849  1.000e-12  0.4415000     7.2430     7.2427    -0.0003     5.7458     5.7456     56.458     57.729      0.763    1433.93    1433.93  0.000e+00
