ctdpy/exports/archive_20191120_135557/received_data/SBE09_0827_20181011_1659_26_01_1072.cnv
* Sea-Bird SBE 9 Data File:
* FileName = D:\CTD_SBE911\DAT\26DA.2018.10.72.hex
* Software Version Seasave V 7.21d
* Temperature SN = 4548
* Conductivity SN = 3062
* Number of Bytes Per Scan = 48
* Number of Voltage Words = 5
* Number of Scans Averaged by the Deck Unit = 1
* NMEA Latitude = 56 38.82 N
* NMEA Longitude = 018 48.60 E
* NMEA UTC (Time) = Oct 11 2018  17:02:09
* NMEA baud rate = 4800
** Ship: DANA
** Average sound velocity: 1446.33 m/s
** True-depth calculation Thu, 28 Mar 2019 12:25:52 +0000
** CTD Python Module SMHI /ver 3-12/ feb 2012 
** LIMS Job: 20182601-1072
** Operator: Christian A-KTh
** Cruise: 10/2018
# nquan = 26
# nvalues = 109                         
# units = specified
# name 0 = scan: Scan Count
# name 1 = prDM: Pressure, Digiquartz [db]
# name 2 = t090C: Temperature [ITS-90, deg C]
# name 3 = t190C: Temperature, 2 [ITS-90, deg C]
# name 4 = T2-T190C: Temperature Difference, 2 - 1 [ITS-90, deg C]
# name 5 = c0S/m: Conductivity [S/m]
# name 6 = c1S/m: Conductivity, 2 [S/m]
# name 7 = pumps: Pump Status
# name 8 = sbeox1ML/L: Oxygen, SBE 43, 2 [ml/l]
# name 9 = sbeox0ML/L: Oxygen, SBE 43 [ml/l]
# name 10 = altM: Altimeter [m]
# name 11 = chloroflTC0: Chlorophyll, Turner Cyclops [ug/l]
# name 12 = cpar: CPAR/Corrected Irradiance [%]
# name 13 = par: PAR/Irradiance, Biospherical/Lico [µE/(cm^2*s)]
# name 14 = spar: SPAR, Biospherical/Licor
# name 15 = sal00: Salinity, Practical [PSU]
# name 16 = sal11: Salinity, Practical, 2 [PSU]
# name 17 = secS-priS: Salinity, Practical, Difference, 2 - 1 [PSU]
# name 18 = sigma-t00: Density [sigma-t, kg/m^3 ]
# name 19 = sigma-t11: Density, 2 [sigma-t, kg/m^3 ]
# name 20 = depSM: Depth [salt water, m], lat = 56.647
# name 21 = depFM: Depth [true depth, m], lat = 56.647
# name 22 = dz/dtM: Descent Rate [m/s], WS = 2
# name 23 = svCM: Sound Velocity [Chen-Millero, m/s]
# name 24 = svCM1: Sound Velocity, 2 [Chen-Millero, m/s]
# name 25 = flag: flag
# span 0 =        346,       5602       
# span 1 =      1.500,     55.500       
# span 2 =     3.7169,    10.3623       
# span 3 =     3.7196,    10.3613       
# span 4 =    -0.0876,     0.3781       
# span 5 =   0.790342,   0.903096       
# span 6 =   0.791037,   0.903065       
# span 7 =          1,          1       
# span 8 =     3.8799,     7.5211       
# span 9 =     3.8187,     7.0784       
# span 10 =       1.29,       9.97      
# span 11 =     0.0159,     0.0325      
# span 12 = 4.9241e-11, 4.9241e-11      
# span 13 = 1.0000e-12, 1.0000e-12      
# span 14 = 2.0308e+00, 2.0308e+00      
# span 15 =     7.2049,     8.4779      
# span 16 =     7.2050,     8.4419      
# span 17 =    -0.1425,     0.0028      
# span 18 =     5.2887,     6.7291      
# span 19 =     5.2887,     6.7011      
# span 20 =      1.486,     54.985      
# span 21 =      1.520,     56.210      
# span 22 =      0.027,      0.304      
# span 23 =    1431.06,    1457.60      
# span 24 =    1431.09,    1457.60      
# span 25 = 0.0000e+00, 0.0000e+00      
# interval = decibars: 0.5              
# start_time = Oct 11 2018 17:02:09 [NMEA time, first data scan]
# bad_flag = -9.990e-29
*END*
        346      1.500    10.3602    10.3602    -0.0000    0.90301    0.90301          1     7.4561     6.9786       9.97     0.0304  4.924e-11  1.000e-12  2.031e+00     7.2049     7.2050     0.0000     5.2887     5.2887      1.486      1.520      0.195    1457.57    1457.57  0.000e+00
        447      2.000    10.3623    10.3613    -0.0010    0.90310    0.90306          1     7.4495     6.9786       9.97     0.0298  4.924e-11  1.000e-12  2.031e+00     7.2052     7.2051    -0.0001     5.2887     5.2887      1.982      2.026      0.255    1457.59    1457.58  0.000e+00
        493      2.500    10.3577    10.3571    -0.0007    0.90304    0.90305          1     7.4485     6.9764       9.97     0.0298  4.924e-11  1.000e-12  2.031e+00     7.2056     7.2058     0.0002     5.2895     5.2897      2.477      2.533      0.251    1457.58    1457.58  0.000e+00
        543      3.000    10.3573    10.3582     0.0009    0.90303    0.90305          1     7.4441     6.9791       9.97     0.0294  4.924e-11  1.000e-12  2.031e+00     7.2056     7.2055    -0.0001     5.2895     5.2894      2.973      3.040      0.266    1457.59    1457.59  0.000e+00
        591      3.500    10.3473    10.3514     0.0041    0.90293    0.90298          1     7.4529     6.9791       9.97     0.0294  4.924e-11  1.000e-12  2.031e+00     7.2066     7.2062    -0.0004     5.2914     5.2907      3.468      3.546      0.233    1457.55    1457.57  0.000e+00
        637      4.000    10.3475    10.3514     0.0038    0.90295    0.90299          1     7.4645     6.9843       9.97     0.0295  4.924e-11  1.000e-12  2.031e+00     7.2067     7.2063    -0.0004     5.2915     5.2907      3.963      4.053      0.304    1457.56    1457.58  0.000e+00
        687      4.500    10.3437    10.3476     0.0039    0.90296    0.90299          1     7.4529     6.9831       9.97     0.0295  4.924e-11  1.000e-12  2.031e+00     7.2074     7.2069    -0.0005     5.2925     5.2916      4.459      4.559      0.223    1457.56    1457.57  0.000e+00
        734      5.000    10.3446    10.3452     0.0006    0.90301    0.90298          1     7.4534     6.9825       9.97     0.0296  4.924e-11  1.000e-12  2.031e+00     7.2076     7.2073    -0.0003     5.2925     5.2922      4.954      5.066      0.271    1457.57    1457.57  0.000e+00
        783      5.500    10.3427    10.3438     0.0010    0.90302    0.90302          1     7.4457     6.9829       9.97     0.0303  4.924e-11  1.000e-12  2.031e+00     7.2081     7.2079    -0.0002     5.2931     5.2929      5.450      5.572      0.240    1457.57    1457.58  0.000e+00
        833      6.000    10.3414    10.3429     0.0014    0.90301    0.90303          1     7.4503     6.9766       9.97     0.0305  4.924e-11  1.000e-12  2.031e+00     7.2082     7.2081    -0.0001     5.2933     5.2931      5.945      6.079      0.223    1457.57    1457.58  0.000e+00
        887      6.500    10.3403    10.3415     0.0011    0.90302    0.90302          1     7.4497     6.9884       9.97     0.0311  4.924e-11  1.000e-12  2.031e+00     7.2084     7.2082    -0.0002     5.2936     5.2933      6.440      6.586      0.251    1457.58    1457.58  0.000e+00
        933      7.000    10.3400    10.3410     0.0010    0.90305    0.90304          1     7.4584     6.9845       9.97     0.0306  4.924e-11  1.000e-12  2.031e+00     7.2087     7.2084    -0.0003     5.2939     5.2936      6.936      7.092      0.236    1457.59    1457.59  0.000e+00
        988      7.500    10.3387    10.3396     0.0009    0.90304    0.90305          1     7.4571     6.9786       9.97     0.0325  4.924e-11  1.000e-12  2.031e+00     7.2088     7.2087    -0.0001     5.2942     5.2940      7.431      7.599      0.238    1457.59    1457.59  0.000e+00
       1033      8.000    10.3391    10.3394     0.0003    0.90306    0.90307          1     7.4492     6.9797       9.97     0.0309  4.924e-11  1.000e-12  2.031e+00     7.2088     7.2088    -0.0000     5.2941     5.2941      7.927      8.105      0.251    1457.60    1457.60  0.000e+00
       1087      8.500    10.3341    10.3373     0.0032    0.90301    0.90305          1     7.4468     6.9846       9.97     0.0317  4.924e-11  1.000e-12  2.031e+00     7.2094     7.2090    -0.0003     5.2951     5.2945      8.422      8.612      0.221    1457.59    1457.60  0.000e+00
       1136      9.000    10.3347    10.3343    -0.0003    0.90301    0.90302          1     7.4388     6.9787       9.97     0.0306  4.924e-11  1.000e-12  2.031e+00     7.2092     7.2093     0.0001     5.2949     5.2950      8.917      9.119      0.261    1457.60    1457.60  0.000e+00
       1184      9.500    10.3088    10.3238     0.0149    0.90260    0.90285          1     7.4327     6.9800       9.97     0.0316  4.924e-11  1.000e-12  2.031e+00     7.2107     7.2099    -0.0007     5.2989     5.2967      9.413      9.625      0.236    1457.51    1457.56  0.000e+00
       1236     10.000    10.3149    10.3143    -0.0007    0.90273    0.90271          1     7.4464     6.9801       9.97     0.0313  4.924e-11  1.000e-12  2.031e+00     7.2106     7.2105    -0.0001     5.2981     5.2982      9.908     10.132      0.235    1457.54    1457.54  0.000e+00
       1285     10.500    10.3184    10.3178    -0.0006    0.90280    0.90279          1     7.4284     6.9821       9.97     0.0307  4.924e-11  1.000e-12  2.031e+00     7.2104     7.2105     0.0001     5.2976     5.2977     10.404     10.638      0.240    1457.56    1457.56  0.000e+00
       1337     11.000    10.2828    10.3063     0.0236    0.90217    0.90261          1     7.3986     6.9899       9.97     0.0309  4.924e-11  1.000e-12  2.031e+00     7.2120     7.2112    -0.0009     5.3028     5.2995     10.899     11.145      0.240    1457.43    1457.52  0.000e+00
       1384     11.500    10.2235    10.2830     0.0595    0.90131    0.90224          1     7.3722     6.9746       9.97     0.0294  4.924e-11  1.000e-12  2.031e+00     7.2163     7.2125    -0.0038     5.3127     5.3032     11.394     11.652      0.251    1457.22    1457.44  0.000e+00
       1435     12.000    10.1579    10.2171     0.0591    0.90051    0.90133          1     7.3491     6.9416       9.97     0.0292  4.924e-11  1.000e-12  2.031e+00     7.2223     7.2177    -0.0046     5.3245     5.3144     11.890     12.158      0.231    1456.98    1457.20  0.000e+00
       1483     12.500    10.1130    10.1527     0.0398    0.90011    0.90057          1     7.3419     6.9161       9.97     0.0276  4.924e-11  1.000e-12  2.031e+00     7.2278     7.2238    -0.0039     5.3336     5.3263     12.385     12.665      0.264    1456.82    1456.97  0.000e+00
       1531     13.000    10.0932    10.1155     0.0223    0.89999    0.90026          1     7.3351     6.9080       9.97     0.0270  4.924e-11  1.000e-12  2.031e+00     7.2306     7.2285    -0.0021     5.3380     5.3339     12.881     13.171      0.235    1456.75    1456.84  0.000e+00
       1583     13.500     9.9975    10.0636     0.0661    0.89843    0.89970          1     7.3073     6.8879       9.97     0.0266  4.924e-11  1.000e-12  2.031e+00     7.2361     7.2339    -0.0022     5.3525     5.3437     13.376     13.678      0.240    1456.40    1456.65  0.000e+00
       1630     14.000     9.9428     9.9843     0.0415    0.89748    0.89829          1     7.3104     6.8770       9.97     0.0255  4.924e-11  1.000e-12  2.031e+00     7.2387     7.2374    -0.0013     5.3604     5.3550     13.871     14.184      0.254    1456.19    1456.35  0.000e+00
       1681     14.500     9.9246     9.9432     0.0186    0.89726    0.89761          1     7.3117     6.8776       9.97     0.0257  4.924e-11  1.000e-12  2.031e+00     7.2403     7.2397    -0.0006     5.3636     5.3611     14.367     14.691      0.230    1456.13    1456.21  0.000e+00
       1730     15.000     9.8898     9.9195     0.0296    0.89660    0.89724          1     7.3067     6.8723       9.97     0.0250  4.924e-11  1.000e-12  2.031e+00     7.2415     7.2412    -0.0004     5.3682     5.3648     14.862     15.197      0.268    1456.01    1456.12  0.000e+00
       1774     15.500     9.8674     9.8909     0.0234    0.89620    0.89671          1     7.3196     6.8790       9.97     0.0255  4.924e-11  1.000e-12  2.031e+00     7.2425     7.2422    -0.0003     5.3713     5.3686     15.358     15.704      0.262    1455.93    1456.02  0.000e+00
       1820     16.000     9.8296     9.8596     0.0301    0.89544    0.89612          1     7.3405     6.8750       9.97     0.0258  4.924e-11  1.000e-12  2.031e+00     7.2434     7.2433    -0.0001     5.3760     5.3728     15.853     16.211      0.260    1455.79    1455.91  0.000e+00
       1866     16.500     9.8002     9.8251     0.0249    0.89484    0.89543          1     7.3596     6.8758       9.97     0.0264  4.924e-11  1.000e-12  2.031e+00     7.2440     7.2442     0.0002     5.3795     5.3771     16.348     16.717      0.263    1455.68    1455.78  0.000e+00
       1912     17.000     9.7957     9.8038     0.0081    0.89481    0.89502          1     7.3612     6.8930       9.97     0.0269  4.924e-11  1.000e-12  2.031e+00     7.2446     7.2447     0.0001     5.3805     5.3797     16.844     17.224      0.260    1455.68    1455.71  0.000e+00
       1959     17.500     9.7829     9.7956     0.0127    0.89458    0.89488          1     7.3786     6.9114       9.97     0.0269  4.924e-11  1.000e-12  2.031e+00     7.2451     7.2452     0.0001     5.3822     5.3809     17.339     17.730      0.252    1455.63    1455.68  0.000e+00
       2005     18.000     9.7744     9.7856     0.0112    0.89445    0.89470          1     7.3772     6.9154       9.97     0.0273  4.924e-11  1.000e-12  2.031e+00     7.2456     7.2456     0.0000     5.3835     5.3823     17.834     18.237      0.267    1455.61    1455.65  0.000e+00
       2049     18.500     9.7588     9.7732     0.0144    0.89416    0.89449          1     7.3882     6.9252       9.97     0.0274  4.924e-11  1.000e-12  2.031e+00     7.2462     7.2461    -0.0001     5.3855     5.3840     18.330     18.743      0.278    1455.56    1455.61  0.000e+00
       2094     19.000     9.7417     9.7562     0.0144    0.89386    0.89417          1     7.4165     6.9296       9.97     0.0275  4.924e-11  1.000e-12  2.031e+00     7.2469     7.2467    -0.0002     5.3878     5.3862     18.825     19.250      0.254    1455.50    1455.56  0.000e+00
       2140     19.500     9.7347     9.7447     0.0101    0.89377    0.89397          1     7.4250     6.9443       9.97     0.0278  4.924e-11  1.000e-12  2.031e+00     7.2474     7.2472    -0.0002     5.3890     5.3878     19.321     19.756      0.274    1455.48    1455.52  0.000e+00
       2185     20.000     9.7238     9.7346     0.0108    0.89356    0.89381          1     7.4147     6.9591       9.97     0.0278  4.924e-11  1.000e-12  2.031e+00     7.2477     7.2477    -0.0000     5.3904     5.3893     19.816     20.263      0.258    1455.45    1455.49  0.000e+00
       2232     20.500     9.7127     9.7245     0.0118    0.89341    0.89362          1     7.4324     6.9657       9.97     0.0272  4.924e-11  1.000e-12  2.031e+00     7.2486     7.2481    -0.0005     5.3922     5.3906     20.311     20.769      0.256    1455.41    1455.46  0.000e+00
       2278     21.000     9.6924     9.7148     0.0224    0.89328    0.89357          1     7.5174     6.9864       9.97     0.0288  4.924e-11  1.000e-12  2.031e+00     7.2515     7.2495    -0.0020     5.3966     5.3927     20.807     21.276      0.259    1455.34    1455.43  0.000e+00
       2326     21.500     9.6505     9.6840     0.0335    0.89212    0.89306          1     7.4917     7.0435       9.97     0.0303  4.924e-11  1.000e-12  2.031e+00     7.2497     7.2512     0.0015     5.3995     5.3972     21.302     21.782      0.257    1455.19    1455.32  0.000e+00
       2370     22.000     9.5440     9.6292     0.0851    0.88956    0.89174          1     7.4393     7.0636       9.97     0.0287  4.924e-11  1.000e-12  2.031e+00     7.2486     7.2506     0.0020     5.4095     5.4024     21.797     22.289      0.273    1454.77    1455.11  0.000e+00
       2415     22.500     9.4443     9.5375     0.0932    0.88732    0.88958          1     7.4110     7.0357       9.97     0.0272  4.924e-11  1.000e-12  2.031e+00     7.2490     7.2501     0.0010     5.4198     5.4112     22.293     22.796      0.263    1454.39    1454.76  0.000e+00
       2461     23.000     9.3446     9.4352     0.0904    0.88557    0.88745          1     7.4612     7.0228       9.97     0.0266  4.924e-11  1.000e-12  2.031e+00     7.2537     7.2520    -0.0017     5.4333     5.4230     22.788     23.302      0.261    1454.01    1454.36  0.000e+00
       2507     23.500     9.2170     9.3395     0.1225    0.88316    0.88572          1     7.5000     7.0490       9.97     0.0279  4.924e-11  1.000e-12  2.031e+00     7.2582     7.2560    -0.0022     5.4493     5.4356     23.284     23.809      0.258    1453.51    1454.00  0.000e+00
       2554     24.000     9.0904     9.1995     0.1092    0.88079    0.88312          1     7.4950     7.0602       9.97     0.0287  4.924e-11  1.000e-12  2.031e+00     7.2628     7.2613    -0.0015     5.4651     5.4535     23.779     24.315      0.257    1453.03    1453.46  0.000e+00
       2600     24.500     8.9841     9.0929     0.1088    0.87872    0.88107          1     7.5211     7.0658       9.97     0.0271  4.924e-11  1.000e-12  2.031e+00     7.2660     7.2647    -0.0013     5.4776     5.4663     24.274     24.822      0.258    1452.61    1453.05  0.000e+00
       2648     25.000     8.9264     8.9878     0.0614    0.87771    0.87904          1     7.5016     7.0637       9.97     0.0269  4.924e-11  1.000e-12  2.031e+00     7.2687     7.2680    -0.0006     5.4851     5.4789     24.770     25.328      0.259    1452.40    1452.64  0.000e+00
       2692     25.500     8.9048     8.9407     0.0359    0.87745    0.87817          1     7.4525     7.0474       9.97     0.0268  4.924e-11  1.000e-12  2.031e+00     7.2707     7.2698    -0.0009     5.4887     5.4847     25.265     25.835      0.274    1452.32    1452.46  0.000e+00
       2737     26.000     8.8987     8.9144     0.0157    0.87751    0.87780          1     7.4639     7.0307       9.97     0.0273  4.924e-11  1.000e-12  2.031e+00     7.2725     7.2718    -0.0007     5.4907     5.4887     25.760     26.341      0.260    1452.31    1452.37  0.000e+00
       2783     26.500     8.8893     8.9038     0.0145    0.87738    0.87771          1     7.4578     7.0269       9.97     0.0280  4.924e-11  1.000e-12  2.031e+00     7.2732     7.2731    -0.0000     5.4921     5.4907     26.256     26.848      0.261    1452.28    1452.33  0.000e+00
       2829     27.000     8.8781     8.8919     0.0138    0.87717    0.87753          1     7.4649     7.0226       9.97     0.0270  4.924e-11  1.000e-12  2.031e+00     7.2735     7.2739     0.0004     5.4934     5.4924     26.751     27.354      0.264    1452.24    1452.29  0.000e+00
       2875     27.500     8.8489     8.8777     0.0288    0.87650    0.87723          1     7.4547     7.0784       9.97     0.0271  4.924e-11  1.000e-12  2.031e+00     7.2734     7.2741     0.0007     5.4960     5.4939     27.246     27.860      0.251    1452.13    1452.25  0.000e+00
       2924     28.000     8.6463     8.8184     0.1720    0.87168    0.87592          1     7.3460     7.0773       9.97     0.0263  4.924e-11  1.000e-12  2.031e+00     7.2717     7.2745     0.0028     5.5130     5.4997     27.742     28.367      0.250    1451.32    1452.02  0.000e+00
       2970     28.500     8.3889     8.6001     0.2111    0.86630    0.87115          1     7.2910     7.0006       9.97     0.0229  4.924e-11  1.000e-12  2.031e+00     7.2761     7.2763     0.0002     5.5392     5.5208     28.237     28.873      0.271    1450.30    1451.15  0.000e+00
