ctdpy/exports/archive_20191120_135557/received_data/SBE09_1044_20180526_1650_34_07_0026.cnv
* Sea-Bird SBE 9 Data File:
* FileName = C:\ctd\temp\2018\AU18D026.hex
* Software Version Seasave V 7.26.6.26
* Temperature SN = 5351
* Conductivity SN = 3941
* Number of Bytes Per Scan = 41
* Number of Voltage Words = 4
* Number of Scans Averaged by the Deck Unit = 1
* NMEA Latitude = 57 52.01 N
* NMEA Longitude = 011 17.49 E
* NMEA UTC (Time) = May 26 2018  16:50:08
* NMEA baud rate = 4800
** Station:  P2
** Operator:  JKro
** Ship: AURA
** Average sound velocity: 1479.36 m/s
** True-depth calculation Sat, 26 May 2018 18:04:26 +0000
** CTD Python Module SMHI /ver 3-12/ feb 2012 
** LIMS Job: 20183407-0026
** Cruise: SMHI-02-2018
** Latitude [GG MM.mm N] :
** Longitude [GG MM.mm E]:
# nquan = 26
# nvalues = 179                         
# units = specified
# name 0 = scan: Scan Count
# name 1 = prDM: Pressure, Digiquartz [db]
# name 2 = t090C: Temperature [ITS-90, deg C]
# name 3 = t190C: Temperature, 2 [ITS-90, deg C]
# name 4 = T2-T190C: Temperature Difference, 2 - 1 [ITS-90, deg C]
# name 5 = c0S/m: Conductivity [S/m]
# name 6 = c1S/m: Conductivity, 2 [S/m]
# name 7 = pumps: Pump Status
# name 8 = sbeox0ML/L: Oxygen, SBE 43 [ml/l]
# name 9 = sbeox1ML/L: Oxygen, SBE 43, 2 [ml/l]
# name 10 = altM: Altimeter [m]
# name 11 = flECO-AFL: Chl-a Fluorescence, WET Labs ECO-AFL/FL [mg/m^3]
# name 12 = flECO-AFL1: Phycocyanin Fluorescence, WET Labs ECO-AFL/FL, 2 [mg/m^3]
# name 13 = par: PAR/Irradiance, Biospherical/Lico [µE/(cm^2*s)]
# name 14 = turbWETntu0: Turbidity, WET Labs ECO [NTU]
# name 15 = sal00: Salinity, Practical [PSU]
# name 16 = sal11: Salinity, Practical, 2 [PSU]
# name 17 = secS-priS: Salinity, Practical, Difference, 2 - 1 [PSU]
# name 18 = sigma-t00: Density [sigma-t, Kg/m^3 ]
# name 19 = sigma-t11: Density, 2 [sigma-t, Kg/m^3 ]
# name 20 = depSM: Depth [salt water, m], lat = 57.8668
# name 21 = depFM: Depth [true depth, m], lat = 57.8668
# name 22 = dz/dtM: Descent Rate [m/s], WS = 2
# name 23 = svCM: Sound Velocity [Chen-Millero, m/s]
# name 24 = svCM1: Sound Velocity, 2 [Chen-Millero, m/s]
# name 25 = flag: flag
# span 0 =       9718,      14643       
# span 1 =      1.000,     90.000       
# span 2 =     5.9852,    19.1449       
# span 3 =     5.9884,    19.1551       
# span 4 =    -0.3363,     0.3140       
# span 5 =   2.576279,   3.685760       
# span 6 =   2.578072,   3.685871       
# span 7 =          1,          1       
# span 8 =    5.39320,    7.14481       
# span 9 =    5.35147,    7.20475       
# span 10 =       3.96,     117.75      
# span 11 =     0.0934,     2.5723      
# span 12 =     0.1505,     0.4963      
# span 13 = 1.0000e-12, 2.9794e+03      
# span 14 =     0.2254,     1.8227      
# span 15 =    18.1631,    34.9064      
# span 16 =    18.1932,    34.9049      
# span 17 =    -0.7830,     0.1748      
# span 18 =    12.1731,    27.4323      
# span 19 =    12.2004,    27.4307      
# span 20 =      0.991,     89.148      
# span 21 =      1.006,     89.423      
# span 22 =     -0.161,      0.522      
# span 23 =    1474.91,    1500.26      
# span 24 =    1474.93,    1500.34      
# span 25 = 0.0000e+00, 0.0000e+00      
# interval = decibars: 0.5              
# start_time = May 26 2018 16:50:08 [NMEA time, first data scan]
# bad_flag = -9.990e-29
*END*
[from data line 112]
      12605     57.000     6.2767     6.2807     0.0040    3.44259    3.44284          1     6.1631     6.1293      37.11     0.1262     0.2940  1.000e-12  0.3846000    34.7538    34.7524    -0.0014    27.3224    27.3207     56.465     56.708      0.463    1476.46    1476.48  0.000e+00
      12631     57.500     6.2482     6.2523     0.0041    3.43985    3.44011          1     6.1567     6.1297      36.68     0.1260     0.2505  1.000e-12  0.3654000    34.7518    34.7505    -0.0013    27.3246    27.3230     56.960     57.203      0.445    1476.35    1476.37  0.000e+00
      12659     58.000     6.2294     6.2320     0.0025    3.43813    3.43826          1     6.1468     6.1233      36.20     0.1238     0.2511  1.000e-12  0.3667000    34.7515    34.7503    -0.0011    27.3267    27.3255     57.455     57.699      0.444    1476.29    1476.30  0.000e+00
      12685     58.500     6.1813     6.1853     0.0040    3.43408    3.43442          1     6.1936     6.1599      35.75     0.1211     0.2609  1.000e-12  0.3624000    34.7550    34.7547    -0.0002    27.3357    27.3350     57.950     58.195      0.478    1476.11    1476.13  0.000e+00
      12709     59.000     6.1590     6.1595     0.0005    3.43303    3.43284          1     6.2383     6.1919      35.28     0.1379     0.2092  1.000e-12  0.3318000    34.7657    34.7630    -0.0027    27.3471    27.3449     58.446     58.690      0.493    1476.05    1476.04  0.000e+00
      12734     59.500     6.1842     6.1856     0.0013    3.43627    3.43620          1     6.2219     6.1614      34.75     0.1353     0.2496  1.000e-12  0.2975000    34.7761    34.7739    -0.0021    27.3520    27.3501     58.941     59.186      0.466    1476.17    1476.17  0.000e+00
      12761     60.000     6.1507     6.1545     0.0038    3.43333    3.43356          1     6.2154     6.1571      34.22     0.1259     0.2108  1.000e-12  0.3251000    34.7771    34.7758    -0.0013    27.3572    27.3557     59.436     59.682      0.432    1476.04    1476.06  0.000e+00
      12789     60.500     6.1435     6.1446     0.0011    3.43382    3.43371          1     6.2170     6.1447      33.87     0.1306     0.2827  1.000e-12  0.2920000    34.7898    34.7874    -0.0024    27.3681    27.3661     59.931     60.178      0.447    1476.04    1476.04  0.000e+00
      12814     61.000     6.1866     6.1879     0.0012    3.43925    3.43909          1     6.1286     6.0123      33.30     0.1383     0.3064  1.000e-12  0.2747000    34.8063    34.8033    -0.0029    27.3756    27.3731     60.426     60.673      0.479    1476.24    1476.24  0.000e+00
      12839     61.500     6.2469     6.2477     0.0008    3.44667    3.44652          1     5.9379     5.8066      32.78     0.1421     0.2360  1.000e-12  0.3381000    34.8277    34.8252    -0.0025    27.3847    27.3826     60.922     61.169      0.475    1476.51    1476.51  0.000e+00
      12865     62.000     6.2631     6.2651     0.0020    3.44896    3.44899          1     5.7724     5.6686      32.31     0.1459     0.2353  1.000e-12  0.4874000    34.8366    34.8349    -0.0017    27.3895    27.3879     61.417     61.665      0.451    1476.60    1476.60  0.000e+00
      12892     62.500     6.2726     6.2741     0.0015    3.45023    3.45021          1     5.6783     5.6104      31.81     0.1327     0.2774  1.000e-12  0.5645000    34.8408    34.8390    -0.0018    27.3916    27.3900     61.912     62.160      0.450    1476.64    1476.65  0.000e+00
      12918     63.000     6.2745     6.2763     0.0018    3.45058    3.45058          1     5.6433     5.6046      31.30     0.1372     0.2521  1.000e-12  0.5965000    34.8425    34.8407    -0.0018    27.3927    27.3911     62.407     62.656      0.466    1476.66    1476.67  0.000e+00
      12944     63.500     6.2768     6.2783     0.0015    3.45104    3.45102          1     5.6315     5.5893      30.81     0.1449     0.2787  1.000e-12  0.6081000    34.8451    34.8433    -0.0018    27.3945    27.3929     62.903     63.152      0.470    1476.68    1476.69  0.000e+00
      12970     64.000     6.2848     6.2863     0.0015    3.45261    3.45257          1     5.5969     5.5366      30.29     0.1441     0.2921  1.000e-12  0.6390000    34.8542    34.8523    -0.0020    27.4007    27.3989     63.398     63.647      0.453    1476.73    1476.74  0.000e+00
      12997     64.500     6.2866     6.2885     0.0019    3.45297    3.45300          1     5.5585     5.4972      29.77     0.1503     0.2204  1.000e-12  0.7192000    34.8562    34.8545    -0.0016    27.4020    27.4004     63.893     64.143      0.444    1476.75    1476.76  0.000e+00
      13023     65.000     6.2871     6.2889     0.0018    3.45307    3.45312          1     5.5422     5.4911      29.27     0.1294     0.1690  1.000e-12  0.7458000    34.8566    34.8553    -0.0014    27.4022    27.4009     64.388     64.639      0.462    1476.76    1476.77  0.000e+00
      13049     65.500     6.2868     6.2888     0.0020    3.45314    3.45317          1     5.5287     5.4792      28.76     0.1285     0.2766  1.000e-12  0.7576000    34.8573    34.8557    -0.0016    27.4028    27.4012     64.883     65.134      0.481    1476.77    1476.78  0.000e+00
      13073     66.000     6.2869     6.2888     0.0019    3.45321    3.45325          1     5.5240     5.4726      28.27     0.1251     0.2098  1.000e-12  0.7720000    34.8578    34.8563    -0.0015    27.4032    27.4018     65.379     65.630      0.478    1476.78    1476.79  0.000e+00
      13099     66.500     6.2869     6.2888     0.0019    3.45323    3.45328          1     5.5216     5.4730      27.76     0.1278     0.1945  1.000e-12  0.7729000    34.8578    34.8564    -0.0014    27.4032    27.4018     65.874     66.126      0.458    1476.79    1476.79  0.000e+00
      13126     67.000     6.2867     6.2885     0.0018    3.45325    3.45329          1     5.5149     5.4652      27.24     0.1242     0.2469  1.000e-12  0.7783000    34.8580    34.8565    -0.0015    27.4034    27.4019     66.369     66.622      0.445    1476.80    1476.80  0.000e+00
      13153     67.500     6.2865     6.2884     0.0018    3.45326    3.45331          1     5.5131     5.4480      26.74     0.1222     0.2360  1.000e-12  0.7863000    34.8580    34.8566    -0.0014    27.4034    27.4020     66.864     67.117      0.455    1476.80    1476.81  0.000e+00
      13179     68.000     6.2863     6.2882     0.0019    3.45328    3.45334          1     5.5027     5.4461      26.05     0.1189     0.2501  1.000e-12  0.7929000    34.8583    34.8569    -0.0013    27.4036    27.4023     67.359     67.613      0.458    1476.81    1476.82  0.000e+00
      13205     68.500     6.2862     6.2881     0.0019    3.45334    3.45338          1     5.4869     5.4457      24.86     0.1233     0.2353  1.000e-12  0.7862000    34.8587    34.8572    -0.0015    27.4040    27.4026     67.855     68.109      0.446    1476.82    1476.82  0.000e+00
      13232     69.000     6.2854     6.2874     0.0020    3.45338    3.45342          1     5.4750     5.4314      24.44     0.1260     0.1945  1.000e-12  0.7872000    34.8597    34.8581    -0.0016    27.4049    27.4034     68.350     68.604      0.451    1476.83    1476.83  0.000e+00
      13258     69.500     6.2843     6.2861     0.0019    3.45336    3.45341          1     5.4795     5.4311      24.08     0.1364     0.2231  1.000e-12  0.7902000    34.8604    34.8590    -0.0014    27.4056    27.4043     68.845     69.100      0.483    1476.83    1476.84  0.000e+00
      13282     70.000     6.2843     6.2862     0.0019    3.45342    3.45348          1     5.4830     5.4350      23.69     0.1387     0.2643  1.000e-12  0.7992000    34.8608    34.8595    -0.0013    27.4059    27.4046     69.340     69.596      0.502    1476.84    1476.84  0.000e+00
      13306     70.500     6.2847     6.2868     0.0021    3.45354    3.45363          1     5.4808     5.4301      22.83     0.1163     0.2657  1.000e-12  0.8016000    34.8615    34.8603    -0.0012    27.4064    27.4051     69.836     70.091      0.477    1476.85    1476.86  0.000e+00
      13333     71.000     6.2867     6.2887     0.0020    3.45390    3.45396          1     5.4734     5.4179      23.23     0.0996     0.2157  1.000e-12  0.8068000    34.8632    34.8619    -0.0013    27.4075    27.4062     70.331     70.587      0.430    1476.87    1476.87  0.000e+00
      13362     71.500     6.2880     6.2900     0.0019    3.45415    3.45422          1     5.4646     5.4163      22.76     0.1108     0.2343  1.000e-12  0.8219000    34.8644    34.8632    -0.0012    27.4082    27.4070     70.826     71.083      0.428    1476.88    1476.89  0.000e+00
      13389     72.000     6.2884     6.2903     0.0018    3.45428    3.45430          1     5.4543     5.4223      22.27     0.1148     0.2222  1.000e-12  0.8101000    34.8651    34.8635    -0.0016    27.4088    27.4073     71.321     71.578      0.462    1476.89    1476.90  0.000e+00
      13414     72.500     6.2883     6.2902     0.0019    3.45432    3.45436          1     5.4522     5.4126      21.79     0.1143     0.2491  1.000e-12  0.8231000    34.8654    34.8640    -0.0014    27.4090    27.4076     71.816     72.074      0.473    1476.90    1476.91  0.000e+00
      13440     73.000     6.2877     6.2897     0.0020    3.45435    3.45439          1     5.4571     5.4081      21.28     0.1147     0.2641  1.000e-12  0.7991000    34.8662    34.8647    -0.0015    27.4097    27.4083     72.312     72.570      0.460    1476.91    1476.91  0.000e+00
      13466     73.500     6.2875     6.2894     0.0019    3.45440    3.45446          1     5.4511     5.4201      20.79     0.1152     0.2385  1.000e-12  0.8004000    34.8668    34.8654    -0.0013    27.4102    27.4089     72.807     73.065      0.461    1476.92    1476.92  0.000e+00
      13491     74.000     6.2885     6.2906     0.0021    3.45464    3.45470          1     5.4466     5.4122      20.28     0.0934     0.2926  1.000e-12  0.8074000    34.8681    34.8667    -0.0014    27.4111    27.4098     73.302     73.561      0.481    1476.93    1476.94  0.000e+00
      13516     74.500     6.2897     6.2918     0.0021    3.45489    3.45496          1     5.4516     5.4095      19.81     0.1129     0.2552  1.000e-12  0.8180000    34.8694    34.8681    -0.0013    27.4120    27.4107     73.797     74.057      0.479    1476.95    1476.95  0.000e+00
      13542     75.000     6.2919     6.2936     0.0016    3.45522    3.45523          1     5.4553     5.4219      19.30     0.1161     0.2254  1.000e-12  0.8146000    34.8705    34.8690    -0.0015    27.4126    27.4112     74.292     74.552      0.445    1476.96    1476.97  0.000e+00
      13570     75.500     6.2978     6.2997     0.0019    3.45596    3.45602          1     5.4736     5.4418      18.80     0.1372     0.2229  1.000e-12  0.8207000    34.8727    34.8714    -0.0013    27.4135    27.4122     74.787     75.048      0.431    1477.00    1477.00  0.000e+00
      13597     76.000     6.3027     6.3040     0.0013    3.45658    3.45657          1     5.4989     5.4414      18.32     0.1152     0.2769  1.000e-12  0.8294000    34.8743    34.8728    -0.0015    27.4142    27.4128     75.283     75.544      0.461    1477.03    1477.03  0.000e+00
      13622     76.500     6.3141     6.3162     0.0021    3.45813    3.45817          1     5.4939     5.4456      17.83     0.1266     0.2114  1.000e-12  0.8717000    34.8798    34.8781    -0.0017    27.4170    27.4154     75.778     76.040      0.481    1477.09    1477.09  0.000e+00
      13647     77.000     6.3232     6.3250     0.0018    3.45960    3.45961          1     5.4763     5.4356      17.32     0.1274     0.2335  1.000e-12  0.9195000    34.8866    34.8850    -0.0017    27.4212    27.4197     76.273     76.535      0.467    1477.14    1477.14  0.000e+00
      13674     77.500     6.3270     6.3285     0.0016    3.46055    3.46054          1     5.4476     5.3961      16.82     0.1401     0.2359  1.000e-12  1.0031000    34.8931    34.8915    -0.0017    27.4258    27.4243     76.768     77.031      0.454    1477.17    1477.18  0.000e+00
      13700     78.000     6.3304     6.3322     0.0018    3.46119    3.46122          1     5.4286     5.3647      16.31     0.1625     0.2364  1.000e-12  1.1238000    34.8965    34.8951    -0.0014    27.4280    27.4267     77.263     77.527      0.463    1477.20    1477.20  0.000e+00
      13725     78.500     6.3333     6.3352     0.0019    3.46168    3.46173          1     5.4154     5.3741      15.44     0.1598     0.2111  1.000e-12  1.1953000    34.8988    34.8975    -0.0013    27.4294    27.4282     77.759     78.022      0.468    1477.22    1477.23  0.000e+00
      13752     79.000     6.3356     6.3373     0.0017    3.46206    3.46209          1     5.4147     5.3800      14.11     0.1501     0.2829  1.000e-12  1.2697000    34.9004    34.8990    -0.0013    27.4304    27.4291     78.254     78.518      0.450    1477.24    1477.24  0.000e+00
      13779     79.500     6.3366     6.3384     0.0018    3.46223    3.46228          1     5.4126     5.3779      14.31     0.1553     0.2414  1.000e-12  1.3012000    34.9011    34.8997    -0.0014    27.4309    27.4295     78.749     79.014      0.446    1477.25    1477.26  0.000e+00
      13805     80.000     6.3372     6.3390     0.0018    3.46234    3.46239          1     5.4080     5.3855      14.32     0.1695     0.2640  1.000e-12  1.3403000    34.9015    34.9002    -0.0013    27.4311    27.4298     79.244     79.509      0.466    1477.26    1477.27  0.000e+00
      13830     80.500     6.3372     6.3391     0.0019    3.46237    3.46241          1     5.4217     5.3746      13.83     0.1660     0.2509  1.000e-12  1.3744000    34.9015    34.9000    -0.0015    27.4311    27.4297     79.739     80.005      0.476    1477.27    1477.28  0.000e+00
      13856     81.000     6.3373     6.3391     0.0018    3.46241    3.46245          1     5.4173     5.3654      13.34     0.1839     0.2886  1.000e-12  1.3863000    34.9016    34.9002    -0.0013    27.4311    27.4298     80.235     80.501      0.464    1477.28    1477.28  0.000e+00
      13882     81.500     6.3378     6.3395     0.0017    3.46249    3.46252          1     5.4128     5.3706      12.83     0.1752     0.2443  1.000e-12  1.4130000    34.9018    34.9003    -0.0014    27.4312    27.4298     80.730     80.996      0.450    1477.29    1477.29  0.000e+00
      13909     82.000     6.3377     6.3395     0.0018    3.46250    3.46255          1     5.4096     5.3686      12.35     0.1587     0.2352  1.000e-12  1.5007000    34.9017    34.9004    -0.0013    27.4312    27.4299     81.225     81.492      0.459    1477.30    1477.30  0.000e+00
      13934     82.500     6.3379     6.3397     0.0018    3.46254    3.46260          1     5.4081     5.3591      11.87     0.1799     0.2488  1.000e-12  1.4779000    34.9017    34.9005    -0.0012    27.4312    27.4300     81.720     81.988      0.472    1477.31    1477.31  0.000e+00
      13960     83.000     6.3380     6.3398     0.0018    3.46258    3.46262          1     5.4097     5.3669      11.36     0.1729     0.2505  1.000e-12  1.4679000    34.9017    34.9005    -0.0013    27.4312    27.4299     82.215     82.483      0.464    1477.32    1477.32  0.000e+00
      13986     83.500     6.3383     6.3399     0.0016    3.46265    3.46268          1     5.4047     5.3678      10.86     0.1703     0.2631  1.000e-12  1.4942000    34.9020    34.9006    -0.0013    27.4313    27.4300     82.710     82.979      0.452    1477.33    1477.33  0.000e+00
      14013     84.000     6.3386     6.3404     0.0017    3.46272    3.46276          1     5.4080     5.3668      10.36     0.1622     0.2657  1.000e-12  1.5538000    34.9021    34.9009    -0.0013    27.4314    27.4302     83.206     83.475      0.452    1477.33    1477.34  0.000e+00
