ctdpy/exports/archive_20191120_135557/received_data/SBE09_1044_20181204_1152_34_01_0149.cnv
* Sea-Bird SBE 9 Data File:
* FileName = C:\ctd\temp\ar18d149.hex
* Software Version Seasave V 7.26.7.107
* Temperature SN = 5351
* Conductivity SN = 3941
* Number of Bytes Per Scan = 41
* Number of Voltage Words = 4
* Number of Scans Averaged by the Deck Unit = 1
* NMEA Latitude = 59 50.81 N
* NMEA Longitude = 024 50.26 E
* NMEA UTC (Time) = Dec 04 2018  11:52:21
* NMEA baud rate = 4800
** Station:  BY23
** Operator:  JKro
** Ship: ARANDA
** Average sound velocity: 1443.91 m/s
** True-depth calculation Sun, 09 Dec 2018 13:40:51 +0000
** CTD Python Module SMHI /ver 3-12/ feb 2012 
** LIMS Job: 20183401-0149
** Cruise: SMHI-7-2018
** Latitude [GG MM.mm N]:
** Longitude [GG MM.mm E]
# nquan = 26
# nvalues = 189                         
# units = specified
# name 0 = scan: Scan Count
# name 1 = prDM: Pressure, Digiquartz [db]
# name 2 = t090C: Temperature [ITS-90, deg C]
# name 3 = t190C: Temperature, 2 [ITS-90, deg C]
# name 4 = T2-T190C: Temperature Difference, 2 - 1 [ITS-90, deg C]
# name 5 = c0S/m: Conductivity [S/m]
# name 6 = c1S/m: Conductivity, 2 [S/m]
# name 7 = pumps: Pump Status
# name 8 = sbeox0ML/L: Oxygen, SBE 43 [ml/l]
# name 9 = sbeox1ML/L: Oxygen, SBE 43, 2 [ml/l]
# name 10 = altM: Altimeter [m]
# name 11 = flECO-AFL: Chl-a Fluorescence, WET Labs ECO-AFL/FL [mg/m^3]
# name 12 = flECO-AFL1: Phycocyanin Fluorescence, WET Labs ECO-AFL/FL, 2 [mg/m^3]
# name 13 = par: PAR/Irradiance, Biospherical/Lico [µE/(cm^2*s)]
# name 14 = turbWETntu0: Turbidity, WET Labs ECO [NTU]
# name 15 = sal00: Salinity, Practical [PSU]
# name 16 = sal11: Salinity, Practical, 2 [PSU]
# name 17 = secS-priS: Salinity, Practical, Difference, 2 - 1 [PSU]
# name 18 = sigma-t00: Density [sigma-t, Kg/m^3 ]
# name 19 = sigma-t11: Density, 2 [sigma-t, Kg/m^3 ]
# name 20 = depSM: Depth [salt water, m], lat = 59.8468
# name 21 = depFM: Depth [true depth, m], lat = 59.8468
# name 22 = dz/dtM: Descent Rate [m/s], WS = 2
# name 23 = svCM: Sound Velocity [Chen-Millero, m/s]
# name 24 = svCM1: Sound Velocity, 2 [Chen-Millero, m/s]
# name 25 = flag: flag
# span 0 =      20197,      25050       
# span 1 =      1.000,     95.000       
# span 2 =     6.0360,     7.8679       
# span 3 =     6.0392,     7.8703       
# span 4 =    -0.0044,     0.0078       
# span 5 =   0.689016,   1.076141       
# span 6 =   0.689002,   1.075938       
# span 7 =          1,          1       
# span 8 =    0.05617,    7.84199       
# span 9 =    1.84952,    6.24636       
# span 10 =       3.43,      95.69      
# span 11 =     0.3937,     0.6607      
# span 12 =     0.1768,     0.3345      
# span 13 = 1.0000e-12, 8.4009e+01      
# span 14 =     0.2822,     6.4310      
# span 15 =     5.9685,     9.8271      
# span 16 =     5.9680,     9.8241      
# span 17 =    -0.0051,     0.0010      
# span 18 =     4.6340,     7.7147      
# span 19 =     4.6336,     7.7122      
# span 20 =      0.991,     94.084      
# span 21 =      1.014,     96.222      
# span 22 =     -0.190,      0.913      
# span 23 =    1441.40,    1448.44      
# span 24 =    1441.41,    1448.45      
# span 25 = 0.0000e+00, 0.0000e+00      
# interval = decibars: 0.5              
# start_time = Dec 04 2018 11:52:22 [NMEA time, first data scan]
# bad_flag = -9.990e-29
*END*
[from data line 56]
      21585     29.000     6.8273     6.8288     0.0015    0.70561    0.70556          1     7.7470     5.5967      71.77     0.6183     0.2862  1.000e-12  0.6363000     6.1046     6.1038    -0.0008     4.7359     4.7352     28.725     29.401      0.565    1442.39    1442.39  0.000e+00
      21606     29.500     6.8283     6.8298     0.0016    0.70588    0.70585          1     7.7427     5.5868      71.18     0.6156     0.2516  1.000e-12  0.6892000     6.1069     6.1063    -0.0005     4.7376     4.7371     29.220     29.908      0.563    1442.40    1442.41  0.000e+00
      21628     30.000     6.8289     6.8303     0.0014    0.70622    0.70619          1     7.7407     5.5673      70.97     0.6039     0.2923  1.000e-12  0.6928000     6.1099     6.1093    -0.0005     4.7400     4.7395     29.715     30.415      0.558    1442.42    1442.42  0.000e+00
      21649     30.500     6.8313     6.8330     0.0016    0.70699    0.70698          1     7.7398     5.5667      70.27     0.6088     0.2794  1.000e-12  0.7359000     6.1165     6.1161    -0.0004     4.7450     4.7446     30.211     30.922      0.546    1442.44    1442.45  0.000e+00
      21672     31.000     6.8308     6.8325     0.0017    0.70714    0.70712          1     7.7369     5.5463      70.07     0.6112     0.2377  1.000e-12  0.7764000     6.1179     6.1174    -0.0005     4.7462     4.7457     30.706     31.429      0.518    1442.45    1442.46  0.000e+00
      21695     31.500     6.8305     6.8321     0.0016    0.70739    0.70744          1     7.7331     5.5280      69.62     0.6037     0.2217  1.000e-12  0.7918000     6.1203     6.1204     0.0001     4.7481     4.7481     31.201     31.935      0.524    1442.46    1442.47  0.000e+00
      21717     32.000     6.8300     6.8317     0.0017    0.70782    0.70775          1     7.7310     5.5173      69.33     0.6039     0.2563  1.000e-12  0.8053000     6.1243     6.1233    -0.0010     4.7513     4.7504     31.696     32.442      0.576    1442.47    1442.48  0.000e+00
      21737     32.500     6.8298     6.8314     0.0016    0.70803    0.70797          1     7.7271     5.5024      68.99     0.6054     0.3061  1.000e-12  0.7896000     6.1262     6.1254    -0.0009     4.7528     4.7520     32.191     32.949      0.603    1442.48    1442.49  0.000e+00
      21757     33.000     6.8273     6.8294     0.0021    0.70854    0.70843          1     7.7323     5.4934      68.58     0.6017     0.3199  1.000e-12  0.8060000     6.1313     6.1299    -0.0014     4.7569     4.7557     32.687     33.456      0.547    1442.49    1442.49  0.000e+00
      21782     33.500     6.8251     6.8267     0.0016    0.70887    0.70884          1     7.7376     5.4837      68.07     0.6137     0.2714  1.000e-12  0.8310000     6.1347     6.1342    -0.0005     4.7598     4.7593     33.182     33.963      0.425    1442.49    1442.49  0.000e+00
      21813     34.000     6.8260     6.8278     0.0018    0.70898    0.70896          1     7.7367     5.4692      67.46     0.5855     0.2691  1.000e-12  0.8569000     6.1356     6.1351    -0.0005     4.7604     4.7599     33.677     34.470      0.426    1442.50    1442.51  0.000e+00
      21838     34.500     6.8266     6.8282     0.0016    0.70904    0.70901          1     7.7355     5.4564      66.91     0.6060     0.3060  1.000e-12  0.9082000     6.1359     6.1354    -0.0005     4.7606     4.7601     34.172     34.977      0.596    1442.51    1442.52  0.000e+00
      21855     35.000     6.8289     6.8304     0.0015    0.70917    0.70915          1     7.7318     5.4443      66.43     0.6030     0.2810  1.000e-12  0.9122000     6.1367     6.1363    -0.0004     4.7611     4.7607     34.667     35.483      0.719    1442.53    1442.54  0.000e+00
      21871     35.500     6.8320     6.8336     0.0017    0.70934    0.70932          1     7.7281     5.4313      65.98     0.6015     0.2893  1.000e-12  0.9123000     6.1377     6.1372    -0.0004     4.7617     4.7612     35.163     35.990      0.724    1442.55    1442.56  0.000e+00
      21889     36.000     6.8350     6.8368     0.0018    0.70950    0.70948          1     7.7240     5.4260      65.48     0.5987     0.3345  1.000e-12  0.8977000     6.1386     6.1381    -0.0005     4.7622     4.7617     35.658     36.497      0.573    1442.58    1442.58  0.000e+00
      21922     36.500     6.8363     6.8377     0.0014    0.70957    0.70954          1     7.7155     5.4153      64.81     0.6150     0.2980  1.000e-12  0.9094000     6.1389     6.1384    -0.0005     4.7624     4.7619     36.153     37.004      0.308    1442.59    1442.59  0.000e+00
      21957     37.000     6.8395     6.8411     0.0016    0.70969    0.70968          1     7.7126     5.4014      64.15     0.6111     0.2733  1.000e-12  0.8991000     6.1395     6.1391    -0.0004     4.7626     4.7622     36.648     37.511      0.595    1442.61    1442.62  0.000e+00
      21972     37.500     6.8424     6.8441     0.0017    0.70981    0.70979          1     7.7119     5.3977      63.82     0.6038     0.2755  1.000e-12  0.9219000     6.1400     6.1395    -0.0005     4.7628     4.7623     37.144     38.018      0.779    1442.63    1442.64  0.000e+00
      21986     38.000     6.8451     6.8467     0.0017    0.70991    0.70989          1     7.7085     5.3894      63.47     0.6031     0.2510  1.000e-12  0.9886000     6.1403     6.1399    -0.0005     4.7629     4.7625     37.639     38.525      0.782    1442.65    1442.66  0.000e+00
      22003     38.500     6.8467     6.8483     0.0016    0.70997    0.70994          1     7.7081     5.3850      62.83     0.6046     0.2433  1.000e-12  0.9828000     6.1406     6.1400    -0.0005     4.7630     4.7625     38.134     39.031      0.596    1442.67    1442.67  0.000e+00
      22038     39.000     6.8470     6.8488     0.0017    0.70998    0.70996          1     7.7106     5.3761      62.05     0.6134     0.2432  1.000e-12  0.9370000     6.1406     6.1401    -0.0005     4.7630     4.7625     38.629     39.538      0.309    1442.67    1442.68  0.000e+00
      22071     39.500     6.8489     6.8502     0.0013    0.71004    0.71002          1     7.7087     5.3639      61.59     0.6191     0.2793  1.000e-12  0.8940000     6.1408     6.1403    -0.0005     4.7630     4.7626     39.124     40.045      0.593    1442.69    1442.70  0.000e+00
      22088     40.000     6.8495     6.8511     0.0016    0.71007    0.71005          1     7.7081     5.3594      61.37     0.6305     0.2596  1.000e-12  0.9624000     6.1409     6.1404    -0.0005     4.7631     4.7626     39.620     40.552      0.718    1442.70    1442.71  0.000e+00
      22104     40.500     6.8479     6.8503     0.0024    0.71003    0.71003          1     7.7126     5.3531      60.91     0.6261     0.2480  1.000e-12  0.9664000     6.1407     6.1403    -0.0004     4.7631     4.7626     40.115     41.059      0.654    1442.70    1442.71  0.000e+00
      22127     41.000     6.8473     6.8500     0.0027    0.71002    0.71003          1     7.7104     5.3475      60.35     0.6222     0.2381  1.000e-12  0.9683000     6.1407     6.1403    -0.0004     4.7631     4.7626     40.610     41.566      0.436    1442.71    1442.72  0.000e+00
      22160     41.500     6.8483     6.8492     0.0009    0.71005    0.71001          1     7.7099     5.3344      59.70     0.6312     0.2542  1.000e-12  0.9666000     6.1408     6.1402    -0.0005     4.7631     4.7626     41.105     42.073      0.458    1442.72    1442.72  0.000e+00
      22180     42.000     6.8471     6.8487     0.0016    0.71002    0.71000          1     7.7051     5.3347      59.26     0.6302     0.2657  1.000e-12  0.9430000     6.1406     6.1402    -0.0004     4.7630     4.7626     41.600     42.579      0.659    1442.72    1442.73  0.000e+00
      22197     42.500     6.8472     6.8476     0.0005    0.71003    0.70998          1     7.7029     5.3344      58.87     0.6295     0.2129  1.000e-12  0.9382000     6.1406     6.1401    -0.0005     4.7630     4.7626     42.095     43.086      0.694    1442.73    1442.73  0.000e+00
      22215     43.000     6.8453     6.8468     0.0015    0.71000    0.70998          1     7.7024     5.3354      58.37     0.6196     0.2384  1.000e-12  0.9517000     6.1406     6.1402    -0.0004     4.7632     4.7627     42.591     43.593      0.598    1442.73    1442.74  0.000e+00
      22239     43.500     6.8411     6.8425     0.0014    0.70991    0.70988          1     7.6997     5.3263      57.77     0.6111     0.2632  1.000e-12  0.9531000     6.1405     6.1400    -0.0005     4.7633     4.7628     43.086     44.100      0.434    1442.72    1442.73  0.000e+00
      22270     44.000     6.8379     6.8393     0.0013    0.70983    0.70981          1     7.6999     5.3195      57.07     0.6182     0.2635  1.000e-12  0.9309000     6.1403     6.1399    -0.0005     4.7634     4.7629     43.581     44.607      0.451    1442.72    1442.72  0.000e+00
      22293     44.500     6.8292     6.8308     0.0016    0.70963    0.70961          1     7.7047     5.3193      56.60     0.6366     0.2729  1.000e-12  0.9323000     6.1399     6.1395    -0.0004     4.7636     4.7632     44.076     45.114      0.591    1442.69    1442.69  0.000e+00
      22311     45.000     6.8234     6.8258     0.0024    0.70949    0.70950          1     7.7078     5.3159      56.03     0.6232     0.2662  1.000e-12  0.9656000     6.1397     6.1393    -0.0004     4.7637     4.7633     44.571     45.621      0.619    1442.67    1442.68  0.000e+00
      22332     45.500     6.8170     6.8190     0.0021    0.70935    0.70934          1     7.7117     5.3110      55.57     0.6036     0.3070  1.000e-12  0.9890000     6.1394     6.1389    -0.0005     4.7639     4.7634     45.067     46.127      0.547    1442.65    1442.66  0.000e+00
      22356     46.000     6.8132     6.8150     0.0017    0.70927    0.70925          1     7.7136     5.3050      54.97     0.6110     0.2786  1.000e-12  0.9666000     6.1393     6.1389    -0.0005     4.7641     4.7636     45.562     46.634      0.468    1442.64    1442.65  0.000e+00
      22382     46.500     6.8055     6.8071     0.0015    0.70910    0.70908          1     7.7089     5.3019      54.33     0.6180     0.2896  1.000e-12  0.9538000     6.1391     6.1386    -0.0005     4.7644     4.7639     46.057     47.141      0.516    1442.62    1442.62  0.000e+00
      22403     47.000     6.7981     6.7998     0.0017    0.70896    0.70894          1     7.7130     5.2918      53.87     0.6228     0.2803  1.000e-12  0.9445000     6.1390     6.1385    -0.0005     4.7648     4.7643     46.552     47.648      0.594    1442.60    1442.60  0.000e+00
      22422     47.500     6.7985     6.8022     0.0037    0.70910    0.70916          1     7.7080     5.2860      53.38     0.6193     0.2658  1.000e-12  1.0300000     6.1401     6.1401    -0.0001     4.7657     4.7654     47.047     48.155      0.611    1442.60    1442.62  0.000e+00
      22443     48.000     6.8109     6.8130     0.0021    0.70971    0.70971          1     7.6862     5.2822      52.89     0.6145     0.2478  1.000e-12  1.0360000     6.1436     6.1432    -0.0004     4.7676     4.7672     47.542     48.662      0.569    1442.67    1442.68  0.000e+00
      22465     48.500     6.8166     6.8183     0.0017    0.71009    0.71007          1     7.6437     5.2465      52.27     0.6117     0.2469  1.000e-12  1.0199000     6.1460     6.1456    -0.0005     4.7692     4.7687     48.038     49.168      0.516    1442.70    1442.71  0.000e+00
      22489     49.000     6.8256     6.8277     0.0021    0.71059    0.71057          1     7.6711     5.2558      51.73     0.6103     0.2917  1.000e-12  0.9915000     6.1490     6.1485    -0.0005     4.7709     4.7704     48.533     49.675      0.516    1442.75    1442.76  0.000e+00
      22511     49.500     6.8787     6.8821     0.0033    0.71324    0.71320          1     7.5791     5.2431      51.24     0.6003     0.2552  1.000e-12  0.9563000     6.1641     6.1631    -0.0009     4.7795     4.7785     49.028     50.182      0.553    1443.01    1443.02  0.000e+00
      22532     50.000     7.0487     7.0521     0.0034    0.72249    0.72243          1     7.4064     5.2280      50.70     0.5993     0.2577  1.000e-12  0.9070000     6.2191     6.2179    -0.0011     4.8119     4.8108     49.523     50.689      0.555    1443.80    1443.81  0.000e+00
      22556     50.500     7.0163     7.0206     0.0043    0.72502    0.72510          1     7.2497     5.2013      50.17     0.5808     0.2149  1.000e-12  0.9054000     6.2482     6.2482    -0.0000     4.8369     4.8366     50.018     51.196      0.462    1443.71    1443.72  0.000e+00
      22585     51.000     7.0479     7.0507     0.0027    0.73037    0.73033          1     7.1403     5.1927      49.57     0.5702     0.1881  1.000e-12  0.9168000     6.2919     6.2911    -0.0008     4.8692     4.8684     50.514     51.703      0.431    1443.90    1443.91  0.000e+00
      22610     51.500     7.1492     7.1510     0.0019    0.73982    0.73966          1     6.9520     5.1869      49.06     0.5713     0.2304  1.000e-12  0.8457000     6.3605     6.3587    -0.0018     4.9164     4.9149     51.009     52.209      0.598    1444.42    1444.42  0.000e+00
      22627     52.000     7.3010     7.3024     0.0014    0.74829    0.74815          1     6.7971     5.1861      48.72     0.5345     0.2516  1.000e-12  0.9197000     6.4106     6.4091    -0.0015     4.9455     4.9442     51.504     52.716      0.701    1445.13    1445.13  0.000e+00
      22644     52.500     7.3137     7.3139     0.0002    0.74902    0.74901          1     6.7050     5.1806      48.19     0.5318     0.3202  1.000e-12  0.8619000     6.4149     6.4147    -0.0002     4.9480     4.9478     51.999     53.223      0.670    1445.19    1445.19  0.000e+00
      22664     53.000     7.3117     7.3150     0.0033    0.74992    0.74988          1     6.6338     5.1421      47.68     0.5207     0.2663  1.000e-12  0.8084000     6.4235     6.4225    -0.0010     4.9549     4.9539     52.494     53.730      0.498    1445.20    1445.21  0.000e+00
      22697     53.500     7.2846     7.2866     0.0019    0.75011    0.75000          1     6.6427     5.1179      46.90     0.5264     0.2615  1.000e-12  0.8181000     6.4302     6.4288    -0.0014     4.9620     4.9608     52.989     54.236      0.342    1445.11    1445.11  0.000e+00
      22728     54.000     7.4446     7.4402    -0.0044    0.76347    0.76287          1     6.4191     5.0973      46.38     0.5371     0.3245  1.000e-12  0.8012000     6.5229     6.5182    -0.0047     5.0235     5.0201     53.485     54.743      0.520    1445.89    1445.87  0.000e+00
      22747     54.500     7.5612     7.5578    -0.0032    0.77362    0.77329          1     6.1325     5.0841      46.05     0.5043     0.2257  1.000e-12  0.7342000     6.5940     6.5917    -0.0024     5.0709     5.0693     53.980     55.250      0.681    1446.48    1446.46  0.000e+00
      22763     55.000     7.6412     7.6405    -0.0009    0.78499    0.78448          1     5.9239     5.0740      45.65     0.4788     0.2272  1.000e-12  0.6916000     6.6828     6.6782    -0.0045     5.1346     5.1311     54.475     55.757      0.729    1446.93    1446.92  0.000e+00
      22780     55.500     7.6400     7.6359    -0.0041    0.78660    0.78632          1     5.7927     5.0650      45.26     0.4801     0.2338  1.000e-12  0.6977000     6.6977     6.6959    -0.0017     5.1464     5.1454     54.970     56.263      0.671    1446.95    1446.93  0.000e+00
      22800     56.000     7.6463     7.6443    -0.0020    0.78686    0.78670          1     5.7174     5.0359      44.64     0.4716     0.2439  1.000e-12  0.7230000     6.6988     6.6977    -0.0011     5.1468     5.1461     55.465     56.770      0.508    1446.98    1446.97  0.000e+00
