ctdpy/exports/archive_20191120_135557/received_data/SBE09_1044_20181208_0648_34_01_0170.cnv
* Sea-Bird SBE 9 Data File:
* FileName = C:\ctd\temp\ar18d170.hex
* Software Version Seasave V 7.26.7.107
* Temperature SN = 5351
* Conductivity SN = 3941
* Number of Bytes Per Scan = 41
* Number of Voltage Words = 4
* Number of Scans Averaged by the Deck Unit = 1
* NMEA Latitude = 58 15.60 N
* NMEA Longitude = 011 26.15 E
* NMEA UTC (Time) = Dec 08 2018  06:48:09
* NMEA baud rate = 4800
** Station:  Slaggo
** Operator:  JKro
** Ship: ARANDA
** Average sound velocity: 1483.20 m/s
** True-depth calculation Sun, 09 Dec 2018 17:35:27 +0000
** CTD Python Module SMHI /ver 3-12/ feb 2012 
** LIMS Job: 20183401-0170
** Cruise: SMHI-7-2018
** Latitude [GG MM.mm N]:
** Longitude [GG MM.mm E]
# nquan = 26
# nvalues = 106                         
# units = specified
# name 0 = scan: Scan Count
# name 1 = prDM: Pressure, Digiquartz [db]
# name 2 = t090C: Temperature [ITS-90, deg C]
# name 3 = t190C: Temperature, 2 [ITS-90, deg C]
# name 4 = T2-T190C: Temperature Difference, 2 - 1 [ITS-90, deg C]
# name 5 = c0S/m: Conductivity [S/m]
# name 6 = c1S/m: Conductivity, 2 [S/m]
# name 7 = pumps: Pump Status
# name 8 = sbeox0ML/L: Oxygen, SBE 43 [ml/l]
# name 9 = sbeox1ML/L: Oxygen, SBE 43, 2 [ml/l]
# name 10 = altM: Altimeter [m]
# name 11 = flECO-AFL: Chl-a Fluorescence, WET Labs ECO-AFL/FL [mg/m^3]
# name 12 = flECO-AFL1: Phycocyanin Fluorescence, WET Labs ECO-AFL/FL, 2 [mg/m^3]
# name 13 = par: PAR/Irradiance, Biospherical/Lico [µE/(cm^2*s)]
# name 14 = turbWETntu0: Turbidity, WET Labs ECO [NTU]
# name 15 = sal00: Salinity, Practical [PSU]
# name 16 = sal11: Salinity, Practical, 2 [PSU]
# name 17 = secS-priS: Salinity, Practical, Difference, 2 - 1 [PSU]
# name 18 = sigma-t00: Density [sigma-t, Kg/m^3 ]
# name 19 = sigma-t11: Density, 2 [sigma-t, Kg/m^3 ]
# name 20 = depSM: Depth [salt water, m], lat = 58.26
# name 21 = depFM: Depth [true depth, m], lat = 58.26
# name 22 = dz/dtM: Descent Rate [m/s], WS = 2
# name 23 = svCM: Sound Velocity [Chen-Millero, m/s]
# name 24 = svCM1: Sound Velocity, 2 [Chen-Millero, m/s]
# name 25 = flag: flag
# span 0 =      36160,      38895       
# span 1 =      0.500,     53.000       
# span 2 =     6.3973,     9.9354       
# span 3 =     6.4163,     9.9348       
# span 4 =    -0.0373,     0.0186       
# span 5 =   2.664101,   3.735384       
# span 6 =   2.670728,   3.735464       
# span 7 =          1,          1       
# span 8 =    5.42314,    6.99361       
# span 9 =    5.39386,    6.99255       
# span 10 =      19.40,      97.85      
# span 11 =     0.1230,     1.5707      
# span 12 =     0.1253,     0.3928      
# span 13 = 1.0000e-12, 1.9350e+00      
# span 14 =     0.6048,     1.4039      
# span 15 =    26.1095,    34.4856      
# span 16 =    26.1663,    34.4856      
# span 17 =    -0.0521,     0.0568      
# span 18 =    20.4933,    26.5967      
# span 19 =    20.5360,    26.5965      
# span 20 =      0.495,     52.501      
# span 21 =      0.499,     52.666      
# span 22 =      0.088,      0.536      
# span 23 =    1465.15,    1489.08      
# span 24 =    1465.31,    1489.08      
# span 25 = 0.0000e+00, 0.0000e+00      
# interval = decibars: 0.5              
# start_time = Dec 08 2018 06:48:09 [NMEA time, first data scan]
# bad_flag = -9.990e-29
*END*
      36160      0.500     6.3973     6.4163     0.0186    2.66410    2.67073          1     6.9824     6.9767      97.31     1.3075     0.3086  1.935e+00  0.6048000    26.1095    26.1663     0.0568    20.4933    20.5360      0.495      0.499      0.088    1465.15    1465.31  0.000e+00
      36205      1.000     6.4496     6.4473    -0.0023    2.69806    2.69563          1     6.9860     6.9808      97.49     1.4247     0.3108  9.950e-01  0.6494000    26.4349    26.4105    -0.0244    20.7437    20.7247      0.991      0.998      0.275    1465.78    1465.74  0.000e+00
      36249      1.500     6.4614     6.4647     0.0034    2.70594    2.70758          1     6.9873     6.9729      97.31     1.4590     0.3161  2.895e-01  0.7192000    26.5105    26.5256     0.0151    20.8018    20.8134      1.486      1.497      0.278    1465.93    1465.96  0.000e+00
      36284      2.000     6.4606     6.4623     0.0017    2.71502    2.71462          1     6.9936     6.9861      97.36     1.4645     0.3288  1.872e-01  0.7230000    26.6089    26.6033    -0.0056    20.8794    20.8747      1.981      1.996      0.403    1466.06    1466.06  0.000e+00
      36313      2.500     6.4552     6.4563     0.0011    2.71697    2.71723          1     6.9912     6.9925      97.16     1.5149     0.3193  9.967e-02  0.7621000    26.6339    26.6358     0.0019    20.8997    20.9010      2.477      2.495      0.407    1466.08    1466.08  0.000e+00
      36342      3.000     6.4541     6.4554     0.0013    2.71749    2.71755          1     6.9915     6.9764      97.02     1.5060     0.3788  7.831e-02  0.7432000    26.6401    26.6398    -0.0004    20.9047    20.9043      2.972      2.993      0.428    1466.09    1466.09  0.000e+00
      36369      3.500     6.4539     6.4552     0.0013    2.71823    2.71808          1     6.9932     6.9841      97.13     1.4562     0.3226  4.696e-02  0.7397000    26.6480    26.6454    -0.0026    20.9109    20.9087      3.467      3.492      0.450    1466.11    1466.11  0.000e+00
      36396      4.000     6.4534     6.4541     0.0007    2.72030    2.72052          1     6.9871     6.9876      97.27     1.5043     0.3165  2.211e-02  0.7559000    26.6706    26.6725     0.0019    20.9287    20.9302      3.963      3.991      0.445    1466.14    1466.15  0.000e+00
      36423      4.500     6.4557     6.4581     0.0024    2.72437    2.72597          1     6.9851     6.9755      97.47     1.5151     0.3574  2.745e-03  0.7575000    26.7125    26.7279     0.0155    20.9614    20.9733      4.458      4.490      0.450    1466.21    1466.24  0.000e+00
      36449      5.000     6.4595     6.4600     0.0005    2.72940    2.72861          1     6.9722     6.9675      31.69     1.5095     0.3779  2.836e-05  0.7507000    26.7637    26.7548    -0.0089    21.0013    20.9942      4.954      4.989      0.464    1466.30    1466.29  0.000e+00
      36474      5.500     6.4651     6.4676     0.0025    2.73560    2.73656          1     6.9684     6.9673      49.64     1.4773     0.3772  1.000e-12  0.7624000    26.8259    26.8343     0.0083    21.0497    21.0560      5.449      5.488      0.487    1466.41    1466.43  0.000e+00
      36499      6.000     6.4785     6.4787     0.0002    2.74633    2.74558          1     6.9778     6.9817      91.50     1.5161     0.3928  1.000e-12  0.7887000    26.9309    26.9228    -0.0081    21.1308    21.1244      5.944      5.986      0.494    1466.60    1466.59  0.000e+00
      36523      6.500     6.5277     6.5321     0.0043    2.76806    2.76877          1     6.9538     6.9514      97.45     1.5623     0.3316  1.000e-12  0.7910000    27.1264    27.1306     0.0042    21.2790    21.2819      6.440      6.485      0.464    1467.05    1467.07  0.000e+00
      36551      7.000     6.5683     6.5685     0.0002    2.77987    2.77968          1     6.9542     6.9379      74.56     1.5707     0.3656  1.000e-12  0.7666000    27.2214    27.2192    -0.0022    21.3491    21.3474      6.935      6.984      0.432    1467.34    1467.34  0.000e+00
      36578      7.500     6.6203     6.6287     0.0083    2.79036    2.79167          1     6.9086     6.8843      26.01     1.5257     0.3491  1.000e-12  0.7743000    27.2928    27.3002     0.0074    21.3993    21.4041      7.430      7.482      0.460    1467.65    1467.69  0.000e+00
      36603      8.000     6.7277     6.7262    -0.0014    2.81287    2.81212          1     6.8857     6.8574      75.01     1.4707     0.3076  1.000e-12  0.7805000    27.4491    27.4422    -0.0069    21.5097    21.5044      7.926      7.981      0.511    1468.28    1468.26  0.000e+00
      36626      8.500     6.7714     6.7689    -0.0026    2.82600    2.82418          1     6.8681     6.8422      96.07     1.4264     0.3357  1.000e-12  0.7672000    27.5550    27.5374    -0.0176    21.5879    21.5743      8.421      8.479      0.519    1468.59    1468.56  0.000e+00
      36649      9.000     6.9124     6.9109    -0.0014    2.86922    2.86725          1     6.8020     6.7822      97.46     1.3903     0.3541  1.000e-12  0.7650000    27.9048    27.8849    -0.0199    21.8460    21.8305      8.916      8.978      0.481    1469.60    1469.56  0.000e+00
      36676      9.500     6.9778     6.9760    -0.0018    2.88561    2.88482          1     6.7529     6.7398      96.79     1.3153     0.3431  1.000e-12  0.7731000    28.0272    28.0202    -0.0070    21.9343    21.9290      9.412      9.476      0.459    1470.01    1470.00  0.000e+00
      36701     10.000     7.0344     7.0351     0.0006    2.89826    2.89781          1     6.7677     6.7563      43.51     1.2536     0.3393  1.000e-12  0.7651000    28.1163    28.1109    -0.0055    21.9975    21.9931      9.907      9.974      0.491    1470.36    1470.35  0.000e+00
      36725     10.500     7.2081     7.2134     0.0052    2.93589    2.93532          1     6.7043     6.6733      84.15     1.2755     0.3218  1.000e-12  0.7582000    28.3757    28.3652    -0.0105    22.1796    22.1707     10.402     10.473      0.509    1471.37    1471.38  0.000e+00
      36748     11.000     7.3951     7.4013     0.0063    2.97480    2.97543          1     6.6250     6.5883      97.46     1.1494     0.3036  1.000e-12  0.7310000    28.6359    28.6375     0.0015    22.3603    22.3607     10.898     10.971      0.494    1472.44    1472.46  0.000e+00
      36773     11.500     7.4285     7.4267    -0.0018    2.98079    2.98022          1     6.5722     6.5410      97.49     1.0390     0.3072  1.000e-12  0.7098000    28.6718    28.6672    -0.0046    22.3842    22.3808     11.393     11.469      0.475    1472.62    1472.61  0.000e+00
      36799     12.000     7.4638     7.4655     0.0017    2.98815    2.98808          1     6.5530     6.5219      77.05     1.0001     0.3195  1.000e-12  0.7167000    28.7205    28.7183    -0.0022    22.4178    22.4159     11.888     11.967      0.483    1472.83    1472.83  0.000e+00
      36823     12.500     7.4932     7.4949     0.0018    2.99591    2.99567          1     6.4743     6.4611      53.37     1.0085     0.3160  1.000e-12  0.7617000    28.7783    28.7743    -0.0040    22.4595    22.4561     12.384     12.465      0.498    1473.02    1473.02  0.000e+00
      36847     13.000     7.5893     7.5897     0.0005    3.01776    3.01717          1     6.2936     6.2622      43.33     1.0082     0.3037  1.000e-12  0.7355000    28.9298    28.9232    -0.0066    22.5658    22.5605     12.879     12.963      0.498    1473.59    1473.58  0.000e+00
      36871     13.500     7.6791     7.6681    -0.0111    3.03387    3.03219          1     6.3184     6.2686      77.72     0.8834     0.3165  1.000e-12  0.7344000    29.0252    29.0168    -0.0085    22.6288    22.6236     13.374     13.461      0.485    1474.06    1474.01  0.000e+00
      36897     14.000     8.0857     8.0484    -0.0373    3.14250    3.13455          1     6.2512     6.1892      97.51     0.9140     0.3112  1.000e-12  0.7338000    29.8251    29.7731    -0.0521    23.2004    23.1648     13.869     13.959      0.474    1476.62    1476.41  0.000e+00
      36922     14.500     9.0562     9.0452    -0.0108    3.42836    3.42512          1     5.9107     5.8284      81.42     0.7203     0.2301  1.000e-12  0.7578000    31.9545    31.9306    -0.0239    24.7250    24.7080     14.365     14.457      0.479    1482.90    1482.83  0.000e+00
      36947     15.000     9.4638     9.4655     0.0016    3.52335    3.52304          1     5.6629     5.5961      49.65     0.3977     0.2444  1.000e-12  0.7352000    32.5674    32.5627    -0.0047    25.1404    25.1365     14.860     14.953      0.490    1485.17    1485.17  0.000e+00
      36971     15.500     9.6327     9.6234    -0.0093    3.55511    3.55326          1     5.5533     5.5078      92.64     0.2647     0.2411  1.000e-12  0.7992000    32.7390    32.7286    -0.0104    25.2472    25.2407     15.355     15.450      0.491    1486.00    1485.95  0.000e+00
      36995     16.000     9.8533     9.8457    -0.0077    3.59783    3.59649          1     5.4628     5.4219      97.48     0.2102     0.1715  1.000e-12  0.7649000    32.9736    32.9669    -0.0067    25.3942    25.3903     15.851     15.947      0.493    1487.10    1487.06  0.000e+00
      37020     16.500     9.9354     9.9348    -0.0006    3.61858    3.61778          1     5.4231     5.3939      97.50     0.1909     0.2093  1.000e-12  0.7484000    33.1095    33.1019    -0.0076    25.4868    25.4809     16.346     16.443      0.490    1487.57    1487.56  0.000e+00
      37044     17.000     9.9312     9.9301    -0.0011    3.62898    3.62857          1     5.4446     5.4298      97.49     0.1820     0.2113  1.000e-12  0.7418000    33.2190    33.2159    -0.0031    25.5729    25.5707     16.841     16.940      0.481    1487.69    1487.69  0.000e+00
      37070     17.500     9.9159     9.9159    -0.0000    3.63905    3.63898          1     5.4493     5.4459      97.49     0.1743     0.2199  1.000e-12  0.8365000    33.3355    33.3348    -0.0007    25.6664    25.6659     17.337     17.437      0.476    1487.79    1487.79  0.000e+00
      37095     18.000     9.8779     9.8804     0.0025    3.64613    3.64613          1     5.4839     5.4819      97.36     0.1871     0.1647  1.000e-12  0.8328000    33.4427    33.4403    -0.0024    25.7565    25.7542     17.832     17.933      0.486    1487.79    1487.80  0.000e+00
      37119     18.500     9.7592     9.7608     0.0017    3.64558    3.64561          1     5.5410     5.5367      97.05     0.1674     0.1886  1.000e-12  0.8671000    33.5472    33.5460    -0.0012    25.8578    25.8566     18.327     18.430      0.491    1487.50    1487.50  0.000e+00
      37144     19.000     9.7635     9.7631    -0.0003    3.65737    3.65717          1     5.5648     5.5603      97.47     0.1506     0.2184  1.000e-12  0.8868000    33.6637    33.6620    -0.0017    25.9481    25.9468     18.823     18.926      0.484    1487.66    1487.66  0.000e+00
      37169     19.500     9.7724     9.7714    -0.0009    3.66407    3.66378          1     5.5774     5.5638      44.80     0.1615     0.2072  1.000e-12  0.8868000    33.7238    33.7218    -0.0020    25.9935    25.9921     19.318     19.422      0.476    1487.78    1487.77  0.000e+00
      37194     20.000     9.7607     9.7608     0.0001    3.66368    3.66371          1     5.5888     5.5711      79.03     0.1750     0.2127  1.000e-12  0.9596000    33.7305    33.7307     0.0002    26.0007    26.0009     19.813     19.919      0.494    1487.75    1487.75  0.000e+00
      37217     20.500     9.7703     9.7685    -0.0017    3.66841    3.66808          1     5.5876     5.5668      97.75     0.1614     0.2245  1.000e-12  0.9526000    33.7698    33.7681    -0.0017    26.0299    26.0288     20.309     20.415      0.513    1487.84    1487.83  0.000e+00
      37241     21.000     9.7738     9.7767     0.0029    3.67356    3.67373          1     5.5854     5.5650      51.21     0.1426     0.2136  1.000e-12  0.9069000    33.8190    33.8180    -0.0011    26.0677    26.0664     20.804     20.911      0.490    1487.92    1487.93  0.000e+00
      37267     21.500     9.7678     9.7676    -0.0002    3.67713    3.67707          1     5.5834     5.5664      97.76     0.1429     0.1710  1.000e-12  0.8944000    33.8610    33.8606    -0.0004    26.1015    26.1012     21.299     21.408      0.458    1487.96    1487.96  0.000e+00
      37293     22.000     9.7559     9.7560     0.0001    3.67790    3.67786          1     5.5949     5.5707      97.48     0.1586     0.2070  1.000e-12  0.8729000    33.8799    33.8794    -0.0005    26.1182    26.1178     21.794     21.904      0.473    1487.95    1487.95  0.000e+00
      37317     22.500     9.7618     9.7610    -0.0009    3.68202    3.68190          1     5.5941     5.5719      97.49     0.1632     0.2071  1.000e-12  0.8681000    33.9163    33.9159    -0.0004    26.1457    26.1455     22.290     22.400      0.504    1488.02    1488.02  0.000e+00
      37341     23.000     9.8002     9.7985    -0.0017    3.68994    3.68982          1     5.5777     5.5482      97.49     0.1585     0.2060  1.000e-12  0.8787000    33.9611    33.9614     0.0003    26.1743    26.1748     22.785     22.897      0.509    1488.22    1488.22  0.000e+00
      37365     23.500     9.8140     9.8138    -0.0003    3.69299    3.69301          1     5.5648     5.5291      97.49     0.1582     0.1638  1.000e-12  0.8879000    33.9790    33.9794     0.0004    26.1860    26.1863     23.280     23.393      0.487    1488.30    1488.30  0.000e+00
      37390     24.000     9.8164     9.8164    -0.0000    3.69480    3.69477          1     5.5580     5.5229      97.49     0.1519     0.2045  1.000e-12  0.9375000    33.9951    33.9948    -0.0003    26.1981    26.1979     23.776     23.889      0.469    1488.34    1488.34  0.000e+00
      37416     24.500     9.8131     9.8132     0.0001    3.69558    3.69560          1     5.5533     5.5304      97.49     0.1381     0.2196  1.000e-12  1.0021000    34.0060    34.0062     0.0002    26.2072    26.2074     24.271     24.385      0.469    1488.35    1488.35  0.000e+00
      37441     25.000     9.8102     9.8103     0.0001    3.69570    3.69573          1     5.5530     5.5387      97.48     0.1382     0.2083  1.000e-12  0.8932000    34.0097    34.0100     0.0003    26.2106    26.2108     24.766     24.882      0.484    1488.35    1488.35  0.000e+00
      37465     25.500     9.8097     9.8099     0.0003    3.69673    3.69673          1     5.5504     5.5386      75.40     0.1357     0.1823  1.000e-12  0.9264000    34.0206    34.0203    -0.0003    26.2192    26.2189     25.262     25.378      0.497    1488.37    1488.37  0.000e+00
      37489     26.000     9.8075     9.8076     0.0002    3.69814    3.69815          1     5.5499     5.5263      62.30     0.1306     0.2104  1.000e-12  0.9181000    34.0369    34.0369     0.0000    26.2323    26.2322     25.757     25.874      0.503    1488.39    1488.39  0.000e+00
      37513     26.500     9.8065     9.8067     0.0002    3.69845    3.69851          1     5.5489     5.5197      96.54     0.1461     0.2015  1.000e-12  0.9353000    34.0408    34.0411     0.0003    26.2355    26.2357     26.252     26.370      0.504    1488.40    1488.40  0.000e+00
      37537     27.000     9.8039     9.8041     0.0002    3.69897    3.69902          1     5.5468     5.5326      65.90     0.1378     0.1838  1.000e-12  0.9303000    34.0482    34.0486     0.0004    26.2417    26.2420     26.747     26.867      0.493    1488.41    1488.41  0.000e+00
      37562     27.500     9.7977     9.7980     0.0003    3.70114    3.70122          1     5.5573     5.5390      80.91     0.1294     0.1779  1.000e-12  0.9462000    34.0762    34.0767     0.0005    26.2647    26.2650     27.243     27.363      0.457    1488.43    1488.43  0.000e+00
