ctdpy/exports/archive_20191120_135557/received_data/SBE09_1044_20180201_0515_34_02_0041.cnv
* Sea-Bird SBE 9 Data File:
* FileName = C:\ctd\temp\2018\ME18D041.hex
* Software Version Seasave V 7.26.6.26
* Temperature SN = 5351
* Conductivity SN = 3941
* Number of Bytes Per Scan = 41
* Number of Voltage Words = 4
* Number of Scans Averaged by the Deck Unit = 1
* NMEA Latitude = 57 07.04 N
* NMEA Longitude = 017 40.14 E
* NMEA UTC (Time) = Feb 01 2018  05:15:47
* NMEA baud rate = 4800
** Station:  BY38
** Operator:  SSip
** Ship: MERI
** Average sound velocity: 1436.62 m/s
** True-depth calculation Wed, 07 Feb 2018 10:18:52 +0000
** CTD Python Module SMHI /ver 3-12/ feb 2012 
** LIMS Job: 20183402-0041
** Cruise: SMHI-01-2018
** Latitude [GG MM.mm N] :
** Longitude [GG MM.mm E]:
# nquan = 26
# nvalues = 205                         
# units = specified
# name 0 = scan: Scan Count
# name 1 = prDM: Pressure, Digiquartz [db]
# name 2 = t090C: Temperature [ITS-90, deg C]
# name 3 = t190C: Temperature, 2 [ITS-90, deg C]
# name 4 = T2-T190C: Temperature Difference, 2 - 1 [ITS-90, deg C]
# name 5 = c0S/m: Conductivity [S/m]
# name 6 = c1S/m: Conductivity, 2 [S/m]
# name 7 = pumps: Pump Status
# name 8 = sbeox0ML/L: Oxygen, SBE 43 [ml/l]
# name 9 = sbeox1ML/L: Oxygen, SBE 43, 2 [ml/l]
# name 10 = altM: Altimeter [m]
# name 11 = flECO-AFL: Chl-a Fluorescence, WET Labs ECO-AFL/FL [mg/m^3]
# name 12 = flECO-AFL1: Phycocyanin Fluorescence, WET Labs ECO-AFL/FL, 2 [mg/m^3]
# name 13 = par: PAR/Irradiance, Biospherical/Lico [µE/(cm^2*s)]
# name 14 = turbWETntu0: Turbidity, WET Labs ECO [NTU]
# name 15 = sal00: Salinity, Practical [PSU]
# name 16 = sal11: Salinity, Practical, 2 [PSU]
# name 17 = secS-priS: Salinity, Practical, Difference, 2 - 1 [PSU]
# name 18 = sigma-t00: Density [sigma-t, Kg/m^3 ]
# name 19 = sigma-t11: Density, 2 [sigma-t, Kg/m^3 ]
# name 20 = depSM: Depth [salt water, m], lat = 57.1173
# name 21 = depFM: Depth [true depth, m], lat = 57.1173
# name 22 = dz/dtM: Descent Rate [m/s], WS = 2
# name 23 = svCM: Sound Velocity [Chen-Millero, m/s]
# name 24 = svCM1: Sound Velocity, 2 [Chen-Millero, m/s]
# name 25 = flag: flag
# span 0 =       8131,      13778       
# span 1 =      1.500,    103.500       
# span 2 =     4.2534,     5.5479       
# span 3 =     4.2539,     5.5469       
# span 4 =    -0.0078,     0.0069       
# span 5 =   0.770114,   1.110313       
# span 6 =   0.770102,   1.110280       
# span 7 =          1,          1       
# span 8 =    0.02607,    8.07577       
# span 9 =    0.05296,    8.01591       
# span 10 =       4.38,      98.90      
# span 11 =     0.2472,     0.4515      
# span 12 =     0.2613,     0.4190      
# span 13 = -4.351e-05, 1.4811e+00      
# span 14 =     0.1355,     1.7298      
# span 15 =     7.2423,    10.3111      
# span 16 =     7.2419,    10.3107      
# span 17 =    -0.0032,     0.0168      
# span 18 =     5.7506,     8.1250      
# span 19 =     5.7502,     8.1246      
# span 20 =      1.486,    102.523      
# span 21 =      1.519,    104.734      
# span 22 =     -0.069,      1.022      
# span 23 =    1432.22,    1443.41      
# span 24 =    1432.23,    1443.41      
# span 25 = 0.0000e+00, 0.0000e+00      
# interval = decibars: 0.5              
# start_time = Feb 01 2018 05:15:47 [NMEA time, first data scan]
# bad_flag = -9.990e-29
*END*
       8131      1.500     4.2555     4.2570     0.0014    0.77011    0.77010          1     8.0751     7.9937      98.71     0.3824     0.3344  1.481e+00  0.1552000     7.2423     7.2419    -0.0004     5.7508     5.7503      1.486      1.519      0.208    1432.22    1432.23  0.000e+00
       8150      2.000     4.2595     4.2563    -0.0032    0.77022    0.77010          1     8.0666     7.9875      98.72     0.3824     0.3461  3.662e-01  0.1534000     7.2424     7.2420    -0.0005     5.7508     5.7505      1.982      2.025      0.601    1432.24    1432.23  0.000e+00
       8166      2.500     4.2587     4.2576    -0.0011    0.77021    0.77014          1     8.0642     7.9912      98.72     0.3736     0.3565  1.787e-01  0.1553000     7.2424     7.2420    -0.0004     5.7508     5.7505      2.477      2.532      0.687    1432.25    1432.24  0.000e+00
       8184      3.000     4.2565     4.2567     0.0002    0.77016    0.77013          1     8.0687     7.9920      98.72     0.3657     0.3142  9.311e-02  0.1622000     7.2423     7.2420    -0.0003     5.7508     5.7505      2.972      3.038      0.648    1432.25    1432.25  0.000e+00
       8203      3.500     4.2595     4.2587    -0.0007    0.77024    0.77018          1     8.0692     7.9842      98.72     0.3670     0.3220  6.509e-02  0.1669000     7.2425     7.2420    -0.0005     5.7508     5.7504      3.468      3.544      0.614    1432.27    1432.26  0.000e+00
       8223      4.000     4.2622     4.2604    -0.0018    0.77031    0.77023          1     8.0731     7.9764      98.72     0.3856     0.3545  2.113e-02  0.1676000     7.2425     7.2421    -0.0004     5.7507     5.7505      3.963      4.051      0.551    1432.29    1432.28  0.000e+00
       8247      4.500     4.2668     4.2673     0.0005    0.77043    0.77038          1     8.0734     7.9878      98.72     0.3824     0.3266  1.995e-02  0.1618000     7.2426     7.2420    -0.0006     5.7507     5.7502      4.459      4.557      0.497    1432.32    1432.32  0.000e+00
       8271      5.000     4.2663     4.2665     0.0001    0.77043    0.77039          1     8.0617     8.0099      98.72     0.3494     0.3156  1.969e-03  0.1665000     7.2426     7.2423    -0.0004     5.7507     5.7504      4.954      5.064      0.555    1432.32    1432.32  0.000e+00
       8291      5.500     4.2600     4.2628     0.0029    0.77028    0.77032          1     8.0590     8.0015      98.72     0.3532     0.3289 -4.351e-05  0.1457000     7.2425     7.2422    -0.0003     5.7508     5.7505      5.449      5.570      0.600    1432.30    1432.31  0.000e+00
       8311      6.000     4.2587     4.2601     0.0015    0.77025    0.77025          1     8.0630     7.9988      98.72     0.3686     0.3131  5.673e-04  0.2092000     7.2424     7.2421    -0.0003     5.7507     5.7505      5.945      6.076      0.614    1432.30    1432.31  0.000e+00
       8330      6.500     4.2572     4.2575     0.0003    0.77022    0.77019          1     8.0693     8.0035      98.72     0.3834     0.3036 -1.194e-05  0.2494000     7.2423     7.2420    -0.0004     5.7507     5.7504      6.440      6.583      0.665    1432.31    1432.31  0.000e+00
       8347      7.000     4.2573     4.2580     0.0008    0.77023    0.77021          1     8.0637     7.9984      98.72     0.3824     0.3470  1.000e-12  0.1577000     7.2424     7.2420    -0.0003     5.7508     5.7505      6.936      7.089      0.755    1432.31    1432.32  0.000e+00
       8362      7.500     4.2620     4.2638     0.0017    0.77037    0.77038          1     8.0532     7.9995      98.72     0.3768     0.3371  1.000e-12  0.1679000     7.2426     7.2423    -0.0003     5.7508     5.7506      7.431      7.595      0.792    1432.34    1432.35  0.000e+00
       8377      8.000     4.2663     4.2669     0.0005    0.77047    0.77045          1     8.0506     8.0058      98.72     0.3719     0.3298  1.000e-12  0.1733000     7.2427     7.2424    -0.0003     5.7508     5.7505      7.926      8.102      0.718    1432.37    1432.37  0.000e+00
       8396      8.500     4.2650     4.2657     0.0007    0.77044    0.77042          1     8.0651     8.0043      98.72     0.3616     0.3034  1.000e-12  0.1684000     7.2426     7.2422    -0.0003     5.7507     5.7504      8.422      8.608      0.508    1432.37    1432.37  0.000e+00
       8432      9.000     4.2645     4.2642    -0.0002    0.77043    0.77039          1     8.0730     7.9911      98.72     0.3602     0.3198  1.000e-12  0.1612000     7.2425     7.2422    -0.0004     5.7507     5.7504      8.917      9.114      0.301    1432.38    1432.38  0.000e+00
       8466      9.500     4.2630     4.2641     0.0011    0.77040    0.77038          1     8.0579     7.9972      98.72     0.3665     0.3241  1.000e-12  0.1490000     7.2425     7.2421    -0.0004     5.7507     5.7503      9.412      9.621      0.499    1432.38    1432.38  0.000e+00
       8486     10.000     4.2634     4.2636     0.0002    0.77041    0.77038          1     8.0632     8.0025      98.73     0.3648     0.3150  1.000e-12  0.1610000     7.2425     7.2421    -0.0004     5.7507     5.7503      9.908     10.127      0.706    1432.39    1432.39  0.000e+00
       8501     10.500     4.2643     4.2642    -0.0000    0.77044    0.77040          1     8.0688     8.0078      98.73     0.3547     0.3182  1.000e-12  0.1720000     7.2425     7.2421    -0.0004     5.7507     5.7504     10.403     10.633      0.809    1432.40    1432.40  0.000e+00
       8515     11.000     4.2642     4.2643     0.0002    0.77044    0.77041          1     8.0711     8.0125      98.72     0.3494     0.3275  1.000e-12  0.1663000     7.2425     7.2421    -0.0004     5.7506     5.7503     10.899     11.140      0.808    1432.41    1432.41  0.000e+00
       8531     11.500     4.2645     4.2653     0.0008    0.77046    0.77046          1     8.0679     8.0090      98.73     0.3515     0.3757  1.000e-12  0.1614000     7.2425     7.2423    -0.0002     5.7507     5.7505     11.394     11.646      0.675    1432.42    1432.42  0.000e+00
       8557     12.000     4.2647     4.2653     0.0006    0.77047    0.77045          1     8.0612     8.0058      98.73     0.3631     0.3292  1.000e-12  0.1545000     7.2425     7.2422    -0.0003     5.7507     5.7504     11.889     12.153      0.359    1432.43    1432.43  0.000e+00
       8601     12.500     4.2642     4.2647     0.0005    0.77047    0.77044          1     8.0569     8.0053      98.72     0.3815     0.2992  1.000e-12  0.1547000     7.2425     7.2421    -0.0004     5.7507     5.7504     12.385     12.659      0.379    1432.43    1432.43  0.000e+00
       8623     13.000     4.2657     4.2661     0.0004    0.77054    0.77050          1     8.0485     7.9971      42.11     0.3728     0.3471  1.000e-12  0.1443000     7.2429     7.2424    -0.0005     5.7509     5.7505     12.880     13.165      0.673    1432.45    1432.45  0.000e+00
       8638     13.500     4.2658     4.2662     0.0004    0.77057    0.77053          1     8.0512     7.9877      98.45     0.3685     0.4190  1.000e-12  0.1508000     7.2430     7.2425    -0.0005     5.7511     5.7506     13.375     13.672      0.817    1432.45    1432.46  0.000e+00
       8652     14.000     4.2655     4.2662     0.0007    0.77058    0.77056          1     8.0503     7.9846      98.72     0.3467     0.3907  1.000e-12  0.1673000     7.2432     7.2428    -0.0004     5.7511     5.7508     13.871     14.178      0.856    1432.46    1432.46  0.000e+00
       8666     14.500     4.2652     4.2657     0.0005    0.77057    0.77055          1     8.0516     7.9925      98.73     0.3604     0.3780  1.000e-12  0.1689000     7.2431     7.2428    -0.0003     5.7511     5.7509     14.366     14.684      0.783    1432.47    1432.47  0.000e+00
       8684     15.000     4.2654     4.2660     0.0006    0.77057    0.77054          1     8.0606     7.9960      98.73     0.3686     0.3248  1.000e-12  0.1702000     7.2430     7.2425    -0.0004     5.7510     5.7507     14.862     15.191      0.554    1432.48    1432.48  0.000e+00
       8723     15.500     4.2646     4.2658     0.0012    0.77058    0.77055          1     8.0685     8.0037      98.73     0.3670     0.3041  1.000e-12  0.1537000     7.2432     7.2426    -0.0006     5.7512     5.7507     15.357     15.697      0.268    1432.48    1432.49  0.000e+00
       8761     16.000     4.2652     4.2654     0.0003    0.77060    0.77057          1     8.0642     7.9940      98.73     0.3839     0.3185  1.000e-12  0.1488000     7.2432     7.2428    -0.0004     5.7512     5.7509     15.852     16.203      0.564    1432.49    1432.49  0.000e+00
       8777     16.500     4.2651     4.2656     0.0005    0.77060    0.77058          1     8.0541     7.9909      98.73     0.3832     0.3234  1.000e-12  0.1795000     7.2432     7.2428    -0.0004     5.7512     5.7508     16.348     16.710      0.785    1432.50    1432.50  0.000e+00
       8791     17.000     4.2655     4.2658     0.0004    0.77061    0.77058          1     8.0540     7.9870      98.73     0.3806     0.3133  1.000e-12  0.1736000     7.2431     7.2427    -0.0003     5.7511     5.7508     16.843     17.216      0.880    1432.51    1432.51  0.000e+00
       8804     17.500     4.2645     4.2654     0.0009    0.77060    0.77058          1     8.0550     7.9910      97.34     0.3704     0.3142  1.000e-12  0.1568000     7.2432     7.2427    -0.0005     5.7512     5.7508     17.338     17.722      0.864    1432.51    1432.52  0.000e+00
       8818     18.000     4.2647     4.2655     0.0008    0.77061    0.77059          1     8.0591     8.0013      95.76     0.3606     0.3161  1.000e-12  0.1600000     7.2432     7.2427    -0.0004     5.7512     5.7508     17.834     18.229      0.718    1432.52    1432.52  0.000e+00
       8842     18.500     4.2649     4.2654     0.0005    0.77062    0.77059          1     8.0650     7.9982      95.91     0.3502     0.3163  1.000e-12  0.1689000     7.2431     7.2427    -0.0004     5.7511     5.7508     18.329     18.735      0.408    1432.53    1432.53  0.000e+00
       8887     19.000     4.2647     4.2654     0.0006    0.77062    0.77060          1     8.0575     7.9988      96.10     0.3669     0.3315  1.000e-12  0.1515000     7.2431     7.2427    -0.0004     5.7511     5.7508     18.824     19.242      0.296    1432.54    1432.54  0.000e+00
       8914     19.500     4.2651     4.2657     0.0006    0.77063    0.77060          1     8.0547     7.9870      98.80     0.3604     0.3480  1.000e-12  0.1431000     7.2431     7.2426    -0.0004     5.7511     5.7507     19.320     19.748      0.609    1432.55    1432.55  0.000e+00
       8931     20.000     4.2648     4.2657     0.0008    0.77064    0.77062          1     8.0571     7.9892      92.13     0.3603     0.3459  1.000e-12  0.1615000     7.2431     7.2427    -0.0004     5.7511     5.7508     19.815     20.254      0.736    1432.55    1432.56  0.000e+00
       8946     20.500     4.2650     4.2657     0.0007    0.77064    0.77061          1     8.0598     7.9991      94.49     0.3662     0.3148  1.000e-12  0.1563000     7.2430     7.2426    -0.0004     5.7510     5.7507     20.310     20.761      0.763    1432.56    1432.56  0.000e+00
       8962     21.000     4.2655     4.2657     0.0002    0.77063    0.77061          1     8.0610     8.0007      94.50     0.3731     0.3309  1.000e-12  0.1482000     7.2428     7.2425    -0.0003     5.7509     5.7506     20.806     21.267      0.714    1432.57    1432.57  0.000e+00
       8980     21.500     4.2642     4.2653     0.0012    0.77064    0.77061          1     8.0613     8.0029      90.37     0.3703     0.3431  1.000e-12  0.1641000     7.2431     7.2426    -0.0006     5.7512     5.7507     21.301     21.773      0.606    1432.57    1432.58  0.000e+00
       9003     22.000     4.2636     4.2641     0.0006    0.77064    0.77062          1     8.0669     8.0107      76.20     0.3636     0.3044  1.000e-12  0.1676000     7.2432     7.2428    -0.0003     5.7512     5.7510     21.797     22.280      0.452    1432.58    1432.58  0.000e+00
       9036     22.500     4.2623     4.2634     0.0012    0.77065    0.77063          1     8.0669     8.0034      86.96     0.3877     0.3586  1.000e-12  0.1652000     7.2435     7.2430    -0.0005     5.7515     5.7511     22.292     22.786      0.339    1432.58    1432.59  0.000e+00
       9069     23.000     4.2631     4.2643     0.0012    0.77066    0.77063          1     8.0604     7.9991      94.19     0.3734     0.3632  1.000e-12  0.1591000     7.2434     7.2428    -0.0006     5.7514     5.7509     22.787     23.292      0.478    1432.59    1432.60  0.000e+00
       9090     23.500     4.2633     4.2627    -0.0006    0.77067    0.77065          1     8.0490     8.0036      98.81     0.3825     0.3553  1.000e-12  0.1547000     7.2433     7.2432    -0.0001     5.7513     5.7513     23.283     23.799      0.637    1432.60    1432.60  0.000e+00
       9107     24.000     4.2626     4.2627     0.0001    0.77067    0.77065          1     8.0521     8.0049      77.81     0.3716     0.3912  1.000e-12  0.1717000     7.2434     7.2432    -0.0003     5.7515     5.7513     23.778     24.305      0.707    1432.61    1432.61  0.000e+00
       9124     24.500     4.2630     4.2635     0.0006    0.77068    0.77065          1     8.0537     8.0031      63.01     0.3660     0.3501  1.000e-12  0.1708000     7.2433     7.2430    -0.0004     5.7514     5.7511     24.273     24.811      0.699    1432.62    1432.62  0.000e+00
       9141     25.000     4.2616     4.2623     0.0008    0.77070    0.77067          1     8.0551     8.0135      85.94     0.3588     0.3480  1.000e-12  0.1657000     7.2438     7.2433    -0.0005     5.7517     5.7514     24.769     25.318      0.629    1432.62    1432.62  0.000e+00
       9163     25.500     4.2610     4.2615     0.0005    0.77070    0.77068          1     8.0597     8.0159      95.02     0.3606     0.3858  1.000e-12  0.1558000     7.2438     7.2435    -0.0003     5.7518     5.7516     25.264     25.824      0.523    1432.62    1432.63  0.000e+00
       9188     26.000     4.2609     4.2615     0.0006    0.77071    0.77068          1     8.0598     8.0041      89.16     0.3705     0.3261  1.000e-12  0.1544000     7.2439     7.2435    -0.0004     5.7519     5.7515     25.759     26.331      0.440    1432.63    1432.63  0.000e+00
       9217     26.500     4.2612     4.2617     0.0005    0.77072    0.77069          1     8.0506     7.9838      84.98     0.3719     0.3551  1.000e-12  0.1651000     7.2439     7.2435    -0.0004     5.7518     5.7516     26.255     26.837      0.415    1432.64    1432.64  0.000e+00
       9245     27.000     4.2612     4.2617     0.0005    0.77073    0.77070          1     8.0476     7.9978      84.54     0.3711     0.2869  1.000e-12  0.1555000     7.2439     7.2436    -0.0003     5.7519     5.7516     26.750     27.343      0.462    1432.65    1432.65  0.000e+00
       9269     27.500     4.2608     4.2614     0.0005    0.77073    0.77071          1     8.0449     8.0158      84.10     0.3702     0.3637  1.000e-12  0.1605000     7.2440     7.2436    -0.0004     5.7519     5.7516     27.245     27.850      0.579    1432.65    1432.66  0.000e+00
       9288     28.000     4.2608     4.2614     0.0006    0.77074    0.77072          1     8.0447     8.0127      94.52     0.3843     0.3469  1.000e-12  0.1540000     7.2440     7.2436    -0.0003     5.7519     5.7517     27.741     28.356      0.697    1432.66    1432.67  0.000e+00
       9304     28.500     4.2607     4.2615     0.0008    0.77075    0.77073          1     8.0490     8.0069      97.69     0.3809     0.3527  1.000e-12  0.1574000     7.2440     7.2436    -0.0004     5.7520     5.7516     28.236     28.862      0.764    1432.67    1432.67  0.000e+00
