ctdpy/exports/archive_20191120_135557/received_data/SBE09_1044_20180203_1039_34_02_0051.cnv
* Sea-Bird SBE 9 Data File:
* FileName = C:\ctd\temp\2018\ME18D051.hex
* Software Version Seasave V 7.26.6.26
* Temperature SN = 5351
* Conductivity SN = 3941
* Number of Bytes Per Scan = 41
* Number of Voltage Words = 4
* Number of Scans Averaged by the Deck Unit = 1
* NMEA Latitude = 57 51.99 N
* NMEA Longitude = 011 17.50 E
* NMEA UTC (Time) = Feb 03 2018  10:39:52
* NMEA baud rate = 4800
** Station:  P2
** Operator:  JKro
** Ship: MERI
** Average sound velocity: 1468.51 m/s
** True-depth calculation Sat, 03 Feb 2018 11:42:38 +0000
** CTD Python Module SMHI /ver 3-12/ feb 2012 
** LIMS Job: 20183402-0051
** Cruise: SMHI-01-2018
** Latitude [GG MM.mm N] :
** Longitude [GG MM.mm E]:
# nquan = 26
# nvalues = 181                         
# units = specified
# name 0 = scan: Scan Count
# name 1 = prDM: Pressure, Digiquartz [db]
# name 2 = t090C: Temperature [ITS-90, deg C]
# name 3 = t190C: Temperature, 2 [ITS-90, deg C]
# name 4 = T2-T190C: Temperature Difference, 2 - 1 [ITS-90, deg C]
# name 5 = c0S/m: Conductivity [S/m]
# name 6 = c1S/m: Conductivity, 2 [S/m]
# name 7 = pumps: Pump Status
# name 8 = sbeox0ML/L: Oxygen, SBE 43 [ml/l]
# name 9 = sbeox1ML/L: Oxygen, SBE 43, 2 [ml/l]
# name 10 = altM: Altimeter [m]
# name 11 = flECO-AFL: Chl-a Fluorescence, WET Labs ECO-AFL/FL [mg/m^3]
# name 12 = flECO-AFL1: Phycocyanin Fluorescence, WET Labs ECO-AFL/FL, 2 [mg/m^3]
# name 13 = par: PAR/Irradiance, Biospherical/Lico [µE/(cm^2*s)]
# name 14 = turbWETntu0: Turbidity, WET Labs ECO [NTU]
# name 15 = sal00: Salinity, Practical [PSU]
# name 16 = sal11: Salinity, Practical, 2 [PSU]
# name 17 = secS-priS: Salinity, Practical, Difference, 2 - 1 [PSU]
# name 18 = sigma-t00: Density [sigma-t, Kg/m^3 ]
# name 19 = sigma-t11: Density, 2 [sigma-t, Kg/m^3 ]
# name 20 = depSM: Depth [salt water, m], lat = 57.8665
# name 21 = depFM: Depth [true depth, m], lat = 57.8665
# name 22 = dz/dtM: Descent Rate [m/s], WS = 2
# name 23 = svCM: Sound Velocity [Chen-Millero, m/s]
# name 24 = svCM1: Sound Velocity, 2 [Chen-Millero, m/s]
# name 25 = flag: flag
# span 0 =      15370,      21458       
# span 1 =      1.000,     91.000       
# span 2 =     3.1817,     5.8812       
# span 3 =     3.1817,     5.8810       
# span 4 =    -0.0451,     0.0347       
# span 5 =   2.266293,   3.329077       
# span 6 =   2.266313,   3.329144       
# span 7 =          1,          1       
# span 8 =    6.62220,    7.57565       
# span 9 =    6.59226,    7.55363       
# span 10 =       1.33,      99.91      
# span 11 =     0.3944,     1.0119      
# span 12 =     0.2853,     0.4167      
# span 13 = -1.119e-05, 1.0036e+03      
# span 14 =     0.8689,     2.3295      
# span 15 =    24.0874,    33.8594      
# span 16 =    24.0875,    33.8603      
# span 17 =    -0.2127,     0.0796      
# span 18 =    19.1742,    26.6662      
# span 19 =    19.1743,    26.6669      
# span 20 =      0.991,     90.138      
# span 21 =      0.999,     90.396      
# span 22 =     -0.301,      0.669      
# span 23 =    1449.08,    1474.32      
# span 24 =    1449.09,    1474.33      
# span 25 = 0.0000e+00, 0.0000e+00      
# interval = decibars: 0.5              
# start_time = Feb 03 2018 10:39:53 [NMEA time, first data scan]
# bad_flag = -9.990e-29
*END*
[from data line 56]
      17393     29.000     4.9693     4.9695     0.0001    3.10204    3.10212          1     6.8265     6.8154      98.68     0.5923     0.3432  1.000e-12  2.0646000    32.2035    32.2044     0.0008    25.4621    25.4627     28.730     28.862      0.413    1467.52    1467.52  0.000e+00
      17421     29.500     4.9732     4.9726    -0.0005    3.10376    3.10355          1     6.8291     6.8082      98.68     0.6047     0.3145  1.000e-12  2.0635000    32.2194    32.2175    -0.0019    25.4743    25.4728     29.225     29.359      0.466    1467.56    1467.56  0.000e+00
      17445     30.000     4.9743     4.9741    -0.0002    3.10566    3.10559          1     6.8354     6.8143      98.68     0.6139     0.3584  1.000e-12  1.9986000    32.2399    32.2392    -0.0007    25.4904    25.4899     29.720     29.855      0.531    1467.60    1467.60  0.000e+00
      17467     30.500     4.9728     4.9726    -0.0002    3.10628    3.10640          1     6.8347     6.8251      98.68     0.6025     0.3220  1.000e-12  2.0950000    32.2481    32.2498     0.0017    25.4970    25.4984     30.215     30.352      0.485    1467.61    1467.61  0.000e+00
      17499     31.000     4.9710     4.9713     0.0003    3.10632    3.10652          1     6.8292     6.8252      98.68     0.6050     0.3322  1.000e-12  2.0822000    32.2500    32.2521     0.0021    25.4988    25.5004     30.711     30.849      0.316    1467.62    1467.62  0.000e+00
      17539     31.500     4.9702     4.9701    -0.0001    3.10664    3.10669          1     6.8351     6.8099      98.68     0.5893     0.3629  1.000e-12  1.9734000    32.2543    32.2549     0.0007    25.5022    25.5028     31.206     31.345      0.381    1467.62    1467.63  0.000e+00
      17564     32.000     4.9683     4.9683    -0.0000    3.10682    3.10692          1     6.8380     6.8088      71.39     0.5788     0.3529  1.000e-12  2.1123000    32.2580    32.2592     0.0012    25.5053    25.5063     31.701     31.842      0.560    1467.63    1467.63  0.000e+00
      17584     32.500     4.9678     4.9677    -0.0001    3.10686    3.10696          1     6.8371     6.8103      79.41     0.5777     0.3656  1.000e-12  2.1658000    32.2588    32.2599     0.0012    25.5060    25.5070     32.197     32.338      0.611    1467.64    1467.64  0.000e+00
      17604     33.000     4.9680     4.9680     0.0000    3.10695    3.10705          1     6.8373     6.8039      62.14     0.5919     0.3896  1.000e-12  2.1764000    32.2592    32.2604     0.0012    25.5064    25.5073     32.692     32.835      0.511    1467.65    1467.65  0.000e+00
      17638     33.500     4.9682     4.9682    -0.0000    3.10702    3.10707          1     6.8311     6.8079      91.78     0.6115     0.3717  1.000e-12  2.1513000    32.2596    32.2601     0.0006    25.5066    25.5071     33.187     33.332      0.289    1467.66    1467.66  0.000e+00
      17680     34.000     4.9694     4.9694     0.0001    3.10724    3.10734          1     6.8222     6.8145      98.98     0.5966     0.3174  1.000e-12  2.1056000    32.2607    32.2619     0.0011    25.5074    25.5083     33.683     33.828      0.404    1467.67    1467.67  0.000e+00
      17703     34.500     4.9732     4.9738     0.0005    3.10785    3.10805          1     6.8194     6.8119      98.67     0.6068     0.3160  1.000e-12  2.1316000    32.2638    32.2656     0.0017    25.5095    25.5107     34.178     34.325      0.589    1467.70    1467.70  0.000e+00
      17722     35.000     4.9771     4.9774     0.0003    3.10871    3.10884          1     6.8178     6.8189      80.73     0.5655     0.3758  1.000e-12  2.2186000    32.2696    32.2708     0.0012    25.5136    25.5145     34.673     34.821      0.624    1467.73    1467.73  0.000e+00
      17742     35.500     4.9783     4.9780    -0.0003    3.10939    3.10947          1     6.8197     6.8252      63.90     0.5757     0.3816  1.000e-12  2.2032000    32.2760    32.2773     0.0013    25.5185    25.5196     35.168     35.318      0.495    1467.75    1467.75  0.000e+00
      17779     36.000     4.9798     4.9800     0.0002    3.10996    3.11027          1     6.8236     6.8178      66.97     0.5975     0.3978  1.000e-12  2.1454000    32.2809    32.2842     0.0033    25.5223    25.5248     35.664     35.815      0.274    1467.77    1467.78  0.000e+00
      17819     36.500     4.9849     4.9857     0.0009    3.11111    3.11144          1     6.8291     6.8099      77.27     0.6060     0.4167  1.000e-12  2.0595000    32.2890    32.2919     0.0029    25.5281    25.5303     36.159     36.311      0.440    1467.81    1467.82  0.000e+00
      17841     37.000     5.0013     5.0010    -0.0004    3.11375    3.11383          1     6.8228     6.8118      57.49     0.6107     0.4039  1.000e-12  2.1816000    32.3031    32.3043     0.0012    25.5375    25.5385     36.654     36.808      0.573    1467.90    1467.91  0.000e+00
      17861     37.500     4.9967     4.9978     0.0012    3.11352    3.11379          1     6.8176     6.8122      92.72     0.6031     0.3206  1.000e-12  2.2271000    32.3047    32.3067     0.0020    25.5393    25.5407     37.150     37.304      0.550    1467.90    1467.90  0.000e+00
      17888     38.000     5.0107     5.0097    -0.0010    3.11553    3.11554          1     6.8206     6.8037      76.67     0.5844     0.3224  1.000e-12  2.1736000    32.3139    32.3149     0.0010    25.5451    25.5459     37.645     37.801      0.352    1467.97    1467.97  0.000e+00
      17935     38.500     5.0082     5.0057    -0.0024    3.11548    3.11550          1     6.8412     6.8196      67.94     0.5726     0.3396  1.000e-12  1.9994000    32.3155    32.3181     0.0027    25.5465    25.5489     38.140     38.298      0.294    1467.97    1467.97  0.000e+00
      17964     39.000     5.0464     5.0469     0.0005    3.11982    3.12005          1     6.8138     6.8084      99.19     0.5602     0.3148  1.000e-12  2.0817000    32.3279    32.3301     0.0022    25.5522    25.5539     38.635     38.794      0.569    1468.15    1468.16  0.000e+00
      17981     39.500     5.0032     5.0023    -0.0008    3.11585    3.11591          1     6.8135     6.8100      53.80     0.5531     0.3155  1.000e-12  2.2159000    32.3241    32.3255     0.0014    25.5540    25.5552     39.131     39.291      0.669    1467.98    1467.98  0.000e+00
      17999     40.000     4.9951     4.9960     0.0007    3.11563    3.11582          1     6.8184     6.8070      58.99     0.5642     0.3180  1.000e-12  2.2021000    32.3291    32.3305     0.0014    25.5588    25.5598     39.626     39.787      0.590    1467.96    1467.97  0.000e+00
      18026     40.500     4.9857     4.9886     0.0030    3.11505    3.11553          1     6.8107     6.7983      97.48     0.5861     0.3448  1.000e-12  2.2933000    32.3314    32.3341     0.0027    25.5616    25.5634     40.121     40.284      0.307    1467.93    1467.95  0.000e+00
      18086     41.000     5.0216     5.0320     0.0104    3.11936    3.12088          1     6.7921     6.8034      49.91     0.5823     0.3650  1.000e-12  1.8656000    32.3457    32.3531     0.0074    25.5690    25.5737     40.616     40.781      0.329    1468.11    1468.16  0.000e+00
      18111     41.500     5.1021     5.1011    -0.0009    3.12948    3.12951          1     6.7887     6.8076      80.26     0.6038     0.3318  1.000e-12  1.9946000    32.3834    32.3846     0.0012    25.5900    25.5911     41.112     41.277      0.563    1468.49    1468.49  0.000e+00
      18130     42.000     5.1661     5.1600    -0.0061    3.13814    3.13774          1     6.7934     6.7975      57.29     0.6138     0.3138  1.000e-12  2.1169000    32.4200    32.4215     0.0015    25.6118    25.6137     41.607     41.774      0.630    1468.81    1468.79  0.000e+00
      18149     42.500     5.2775     5.2732    -0.0043    3.15225    3.15199          1     6.7807     6.7753      75.60     0.5684     0.3829  1.000e-12  1.9966000    32.4728    32.4741     0.0013    25.6411    25.6425     42.102     42.270      0.548    1469.34    1469.32  0.000e+00
      18180     43.000     5.3157     5.3270     0.0113    3.15823    3.15978          1     6.7764     6.7512      58.72     0.5623     0.3459  1.000e-12  1.7754000    32.5037    32.5104     0.0067    25.6611    25.6652     42.598     42.767      0.287    1469.54    1469.59  0.000e+00
      18234     43.500     5.3585     5.3626     0.0041    3.16568    3.16688          1     6.7536     6.7379      99.91     0.5749     0.3282  1.000e-12  1.3998000    32.5467    32.5564     0.0097    25.6903    25.6976     43.093     43.263      0.338    1469.78    1469.81  0.000e+00
      18259     44.000     5.3868     5.3849    -0.0019    3.17341    3.17330          1     6.7508     6.7383      49.28     0.5530     0.3776  1.000e-12  1.6641000    32.6069    32.6075     0.0006    25.7347    25.7354     43.588     43.760      0.540    1469.98    1469.97  0.000e+00
      18280     44.500     5.4298     5.4272    -0.0026    3.18104    3.18077          1     6.7377     6.7357      49.99     0.5307     0.3617  1.000e-12  1.5849000    32.6517    32.6511    -0.0005    25.7652    25.7650     44.083     44.256      0.570    1470.21    1470.20  0.000e+00
      18302     45.000     5.4592     5.4583    -0.0009    3.18668    3.18680          1     6.7248     6.7199      74.04     0.5289     0.3725  1.000e-12  1.5917000    32.6868    32.6891     0.0022    25.7896    25.7914     44.579     44.753      0.481    1470.39    1470.39  0.000e+00
      18339     45.500     5.4841     5.4995     0.0154    3.19269    3.19692          1     6.7272     6.7092      77.42     0.5256     0.3542  1.000e-12  1.4414000    32.7307    32.7636     0.0329    25.8214    25.8456     45.074     45.249      0.256    1470.55    1470.66  0.000e+00
      18389     46.000     5.5773     5.5947     0.0175    3.21093    3.21629          1     6.7229     6.7165      46.17     0.5019     0.3391  1.000e-12  1.4300000    32.8463    32.8901     0.0438    25.9019    25.9345     45.569     45.746      0.379    1471.08    1471.21  0.000e+00
      18412     46.500     5.6446     5.6434    -0.0012    3.22378    3.22382          1     6.7170     6.7012      82.04     0.4800     0.3629  1.000e-12  1.2447000    32.9259    32.9275     0.0016    25.9569    25.9583     46.064     46.242      0.593    1471.46    1471.46  0.000e+00
      18430     47.000     5.6484     5.6477    -0.0007    3.22594    3.22594          1     6.7073     6.6921      48.04     0.4501     0.3613  1.000e-12  1.1751000    32.9463    32.9470     0.0007    25.9726    25.9732     46.560     46.738      0.605    1471.51    1471.51  0.000e+00
      18455     47.500     5.6535     5.6535    -0.0000    3.22871    3.22883          1     6.7043     6.6833      46.67     0.4601     0.3521  1.000e-12  1.2664000    32.9724    32.9738     0.0014    25.9926    25.9937     47.055     47.235      0.383    1471.57    1471.58  0.000e+00
      18508     48.000     5.6631     5.6640     0.0009    3.23170    3.23231          1     6.7129     6.6780      46.12     0.4680     0.3167  1.000e-12  1.1155000    32.9966    33.0027     0.0061    26.0106    26.0153     47.550     47.731      0.294    1471.65    1471.66  0.000e+00
      18539     48.500     5.6926     5.6937     0.0011    3.23991    3.24039          1     6.7010     6.6839      45.65     0.5180     0.3758  1.000e-12  1.2660000    33.0602    33.0646     0.0044    26.0574    26.0607     48.045     48.227      0.510    1471.86    1471.87  0.000e+00
      18560     49.000     5.7184     5.7185     0.0000    3.24651    3.24663          1     6.6999     6.6879      45.31     0.4624     0.3247  1.000e-12  1.3668000    33.1093    33.1107     0.0014    26.0931    26.0942     48.541     48.724      0.556    1472.03    1472.03  0.000e+00
      18583     49.500     5.7035     5.7057     0.0021    3.24642    3.24666          1     6.7029     6.6711      69.31     0.4389     0.2934  1.000e-12  1.1195000    33.1227    33.1233     0.0007    26.1054    26.1057     49.036     49.220      0.452    1472.00    1472.01  0.000e+00
      18621     50.000     5.6860     5.6840    -0.0020    3.24560    3.24581          1     6.6903     6.6676      44.77     0.4563     0.3235  1.000e-12  1.0451000    33.1304    33.1347     0.0043    26.1136    26.1173     49.531     49.716      0.263    1471.95    1471.94  0.000e+00
      18667     50.500     5.6701     5.6683    -0.0018    3.24604    3.24622          1     6.6923     6.6637      43.56     0.4202     0.3736  1.000e-12  1.0329000    33.1508    33.1546     0.0038    26.1317    26.1349     50.026     50.213      0.345    1471.91    1471.91  0.000e+00
      18695     51.000     5.6643     5.6642    -0.0001    3.24978    3.25008          1     6.6967     6.6826      43.17     0.4329     0.3341  1.000e-12  1.1537000    33.1986    33.2021     0.0035    26.1702    26.1730     50.522     50.709      0.467    1471.96    1471.97  0.000e+00
      18720     51.500     5.6982     5.6976    -0.0007    3.26543    3.26560          1     6.6817     6.6821      42.79     0.4429     0.3273  1.000e-12  1.2437000    33.3420    33.3446     0.0026    26.2795    26.2816     51.017     51.205      0.470    1472.29    1472.29  0.000e+00
      18746     52.000     5.6699     5.6699     0.0000    3.27315    3.27331          1     6.6708     6.6563      42.24     0.4378     0.3214  1.000e-12  1.2502000    33.4573    33.4590     0.0017    26.3741    26.3755     51.512     51.701      0.426    1472.33    1472.33  0.000e+00
      18776     52.500     5.6638     5.6615    -0.0022    3.27549    3.27544          1     6.6886     6.6541      41.66     0.4514     0.3278  1.000e-12  1.3446000    33.4897    33.4914     0.0017    26.4005    26.4021     52.007     52.198      0.379    1472.35    1472.34  0.000e+00
      18809     53.000     5.6478     5.6526     0.0047    3.27632    3.27708          1     6.6990     6.6635      41.17     0.4324     0.3368  1.000e-12  1.3577000    33.5147    33.5186     0.0039    26.4222    26.4247     52.503     52.694      0.365    1472.33    1472.35  0.000e+00
      18841     53.500     5.6797     5.6768    -0.0030    3.28105    3.28086          1     6.6833     6.6520      40.64     0.4254     0.3028  1.000e-12  1.2549000    33.5363    33.5371     0.0008    26.4353    26.4364     52.998     53.190      0.404    1472.49    1472.48  0.000e+00
      18870     54.000     5.6255     5.6253    -0.0002    3.27671    3.27676          1     6.6816     6.6678      40.13     0.4303     0.2943  1.000e-12  1.3112000    33.5409    33.5417     0.0008    26.4455    26.4462     53.493     53.686      0.409    1472.29    1472.29  0.000e+00
      18902     54.500     5.6350     5.6346    -0.0004    3.27816    3.27826          1     6.6737     6.6685      39.63     0.4241     0.3373  1.000e-12  1.3374000    33.5476    33.5491     0.0015    26.4497    26.4509     53.988     54.182      0.310    1472.34    1472.34  0.000e+00
      18950     55.000     5.6297     5.6219    -0.0078    3.27689    3.27752          1     6.6784     6.6815      39.12     0.4395     0.2853  1.000e-12  1.2290000    33.5382    33.5531     0.0149    26.4429    26.4556     54.484     54.678      0.286    1472.32    1472.31  0.000e+00
      18980     55.500     5.6488     5.6498     0.0010    3.28044    3.28076          1     6.7014     6.6775      38.77     0.4311     0.3606  1.000e-12  1.2621000    33.5593    33.5619     0.0027    26.4573    26.4593     54.979     55.175      0.549    1472.43    1472.44  0.000e+00
      18998     56.000     5.6889     5.6871    -0.0018    3.28513    3.28507          1     6.6945     6.6710      38.42     0.4312     0.3522  1.000e-12  1.4618000    33.5722    33.5734     0.0012    26.4627    26.4638     55.474     55.671      0.649    1472.61    1472.61  0.000e+00
