ctdpy/exports/archive_20191120_135557/received_data/SBE09_1044_20181015_0414_34_01_0092.cnv
* Sea-Bird SBE 9 Data File:
* FileName = C:\ctd\temp\ar18d092.hex
* Software Version Seasave V 7.21e
* Temperature SN = 5351
* Conductivity SN = 3941
* Number of Bytes Per Scan = 41
* Number of Voltage Words = 4
* Number of Scans Averaged by the Deck Unit = 1
* NMEA Latitude = 57 59.90 N
* NMEA Longitude = 019 52.71 E
* NMEA UTC (Time) = Oct 15 2018  07:14:32
* NMEA baud rate = 4800
** Station:  BY20
** Operator:  Dbsj
** Ship: ARANDA
** Average sound velocity: 1448.34 m/s
** True-depth calculation Mon, 15 Oct 2018 09:36:58 +0000
** CTD Python Module SMHI /ver 3-12/ feb 2012 
** LIMS Job: 20183401-0092
** Cruise: SMHI-4-2018
** Latitude [GG MM.mm N]:
** Longitude [GG MM.mm E]
# nquan = 26
# nvalues = 381                         
# units = specified
# name 0 = scan: Scan Count
# name 1 = prDM: Pressure, Digiquartz [db]
# name 2 = t090C: Temperature [ITS-90, deg C]
# name 3 = t190C: Temperature, 2 [ITS-90, deg C]
# name 4 = T2-T190C: Temperature Difference, 2 - 1 [ITS-90, deg C]
# name 5 = c0S/m: Conductivity [S/m]
# name 6 = c1S/m: Conductivity, 2 [S/m]
# name 7 = pumps: Pump Status
# name 8 = sbeox0ML/L: Oxygen, SBE 43 [ml/l]
# name 9 = sbeox1ML/L: Oxygen, SBE 43, 2 [ml/l]
# name 10 = altM: Altimeter [m]
# name 11 = flECO-AFL: Chl-a Fluorescence, WET Labs ECO-AFL/FL [mg/m^3]
# name 12 = flECO-AFL1: Phycocyanin Fluorescence, WET Labs ECO-AFL/FL, 2 [mg/m^3]
# name 13 = par: PAR/Irradiance, Biospherical/Lico [µE/(cm^2*s)]
# name 14 = turbWETntu0: Turbidity, WET Labs ECO [NTU]
# name 15 = sal00: Salinity, Practical [PSU]
# name 16 = sal11: Salinity, Practical, 2 [PSU]
# name 17 = secS-priS: Salinity, Practical, Difference, 2 - 1 [PSU]
# name 18 = sigma-t00: Density [sigma-t, Kg/m^3 ]
# name 19 = sigma-t11: Density, 2 [sigma-t, Kg/m^3 ]
# name 20 = depSM: Depth [salt water, m], lat = 57.9983
# name 21 = depFM: Depth [true depth, m], lat = 57.9983
# name 22 = dz/dtM: Descent Rate [m/s], WS = 2
# name 23 = svCM: Sound Velocity [Chen-Millero, m/s]
# name 24 = svCM1: Sound Velocity, 2 [Chen-Millero, m/s]
# name 25 = flag: flag
# span 0 =      29052,      41442       
# span 1 =      1.500,    191.500       
# span 2 =     3.3409,    12.0257       
# span 3 =     3.3429,    12.0302       
# span 4 =    -0.0058,     0.0655       
# span 5 =   0.750107,   1.386235       
# span 6 =   0.750215,   1.386245       
# span 7 =          1,          1       
# span 8 =    0.04083,    7.40443       
# span 9 =    0.03917,    8.04324       
# span 10 =       3.73,      99.32      
# span 11 =     0.1964,     1.4240      
# span 12 =     0.1563,     0.4515      
# span 13 = 1.0000e-12, 1.2653e+02      
# span 14 =     0.1369,     1.7528      
# span 15 =     6.6301,    12.6400      
# span 16 =     6.6297,    12.6395      
# span 17 =    -0.0115,     0.0019      
# span 18 =     4.6418,     9.8775      
# span 19 =     4.6410,     9.8770      
# span 20 =      1.486,    189.637      
# span 21 =      1.521,    193.565      
# span 22 =     -0.035,      0.838      
# span 23 =    1429.28,    1463.49      
# span 24 =    1429.29,    1463.50      
# span 25 = 0.0000e+00, 0.0000e+00      
# interval = decibars: 0.5              
# start_time = Oct 15 2018 07:14:32 [NMEA time, first data scan]
# bad_flag = -9.990e-29
*END*
      29052      1.500    12.0243    12.0247     0.0005    0.87153    0.87148          1     6.6615     7.1701      97.37     1.3194     0.3266  1.265e+02  0.2426000     6.6304     6.6298    -0.0006     4.6421     4.6416      1.486      1.521      0.168    1463.18    1463.17  0.000e+00
      29125      2.000    12.0243    12.0277     0.0033    0.87152    0.87156          1     6.6439     7.1718      97.36     1.3395     0.3852  9.335e+01  0.2575000     6.6302     6.6300    -0.0003     4.6419     4.6413      1.981      2.028      0.280    1463.18    1463.19  0.000e+00
      29231      2.500    12.0250    12.0302     0.0053    0.87153    0.87162          1     6.6582     7.1673      97.35     1.3691     0.3711  7.767e+01  0.2602000     6.6301     6.6300    -0.0002     4.6418     4.6410      2.477      2.535      0.268    1463.19    1463.21  0.000e+00
      29267      3.000    12.0241    12.0254     0.0013    0.87152    0.87150          1     6.6614     7.1703      97.37     1.3417     0.3917  5.787e+01  0.2634000     6.6301     6.6298    -0.0004     4.6419     4.6414      2.972      3.041      0.425    1463.20    1463.20  0.000e+00
      29304      3.500    12.0239    12.0253     0.0014    0.87152    0.87150          1     6.6588     7.1606      97.35     1.3731     0.3785  5.219e+01  0.2532000     6.6302     6.6297    -0.0004     4.6419     4.6414      3.468      3.548      0.297    1463.20    1463.21  0.000e+00
      29341      4.000    12.0241    12.0254     0.0012    0.87153    0.87152          1     6.6650     7.1686      97.37     1.4240     0.3375  4.303e+01  0.2483000     6.6302     6.6298    -0.0004     4.6419     4.6414      3.963      4.055      0.558    1463.21    1463.22  0.000e+00
      29358      4.500    12.0242    12.0255     0.0013    0.87154    0.87153          1     6.6659     7.1695      97.36     1.3187     0.3573  3.787e+01  0.2722000     6.6301     6.6298    -0.0003     4.6419     4.6415      4.458      4.562      0.648    1463.22    1463.23  0.000e+00
      29377      5.000    12.0242    12.0255     0.0013    0.87155    0.87154          1     6.6639     7.1640      97.35     1.3000     0.3458  3.204e+01  0.2611000     6.6302     6.6298    -0.0003     4.6419     4.6415      4.954      5.069      0.578    1463.23    1463.23  0.000e+00
      29400      5.500    12.0243    12.0256     0.0014    0.87156    0.87154          1     6.6692     7.1704      97.36     1.2962     0.3460  2.532e+01  0.2507000     6.6302     6.6298    -0.0004     4.6419     4.6414      5.449      5.576      0.485    1463.24    1463.24  0.000e+00
      29427      6.000    12.0241    12.0256     0.0015    0.87155    0.87154          1     6.6633     7.1716      97.37     1.3246     0.4280  2.179e+01  0.2552000     6.6301     6.6297    -0.0004     4.6419     4.6414      5.944      6.083      0.433    1463.24    1463.25  0.000e+00
      29456      6.500    12.0243    12.0257     0.0014    0.87157    0.87156          1     6.6615     7.1688      97.36     1.3420     0.3741  1.922e+01  0.2607000     6.6302     6.6299    -0.0004     4.6419     4.6415      6.440      6.590      0.412    1463.25    1463.26  0.000e+00
      29483      7.000    12.0245    12.0259     0.0014    0.87160    0.87158          1     6.6553     7.1647      49.10     1.3293     0.3572  1.624e+01  0.2702000     6.6303     6.6300    -0.0004     4.6420     4.6415      6.935      7.097      0.534    1463.26    1463.27  0.000e+00
      29503      7.500    12.0246    12.0261     0.0014    0.87160    0.87158          1     6.6508     7.1647      96.83     1.3120     0.3851  1.407e+01  0.2714000     6.6303     6.6299    -0.0004     4.6420     4.6415      7.430      7.604      0.684    1463.27    1463.28  0.000e+00
      29519      8.000    12.0247    12.0261     0.0014    0.87161    0.87160          1     6.6538     7.1650      97.37     1.3007     0.4453  1.205e+01  0.2731000     6.6303     6.6300    -0.0003     4.6420     4.6415      7.926      8.111      0.730    1463.28    1463.28  0.000e+00
      29536      8.500    12.0247    12.0261     0.0014    0.87162    0.87161          1     6.6577     7.1648      97.37     1.2907     0.4218  1.015e+01  0.2627000     6.6303     6.6300    -0.0003     4.6420     4.6415      8.421      8.618      0.639    1463.29    1463.29  0.000e+00
      29561      9.000    12.0249    12.0263     0.0014    0.87162    0.87160          1     6.6577     7.1613      97.36     1.2980     0.3658  8.829e+00  0.2572000     6.6303     6.6299    -0.0004     4.6419     4.6414      8.916      9.124      0.380    1463.30    1463.30  0.000e+00
      29602      9.500    12.0250    12.0263     0.0013    0.87163    0.87161          1     6.6681     7.1731      95.78     1.2952     0.4056  8.054e+00  0.2639000     6.6303     6.6299    -0.0004     4.6419     4.6414      9.412      9.631      0.383    1463.30    1463.31  0.000e+00
      29624     10.000    12.0255    12.0268     0.0013    0.87165    0.87163          1     6.6440     7.1710      97.40     1.3028     0.4218  7.190e+00  0.2457000     6.6303     6.6299    -0.0004     4.6418     4.6414      9.907     10.138      0.693    1463.31    1463.32  0.000e+00
      29639     10.500    12.0254    12.0266     0.0012    0.87165    0.87163          1     6.6498     7.1667      97.37     1.3105     0.4302  6.210e+00  0.2749000     6.6303     6.6299    -0.0004     4.6418     4.6414     10.402     10.645      0.816    1463.32    1463.33  0.000e+00
      29653     11.000    12.0255    12.0268     0.0012    0.87167    0.87166          1     6.6678     7.1684      97.37     1.3087     0.4415  5.222e+00  0.2739000     6.6303     6.6300    -0.0003     4.6418     4.6415     10.898     11.152      0.811    1463.33    1463.33  0.000e+00
      29668     11.500    12.0255    12.0268     0.0013    0.87167    0.87167          1     6.6673     7.1677      97.36     1.2910     0.4416  4.465e+00  0.2721000     6.6303     6.6301    -0.0003     4.6419     4.6415     11.393     11.659      0.682    1463.34    1463.34  0.000e+00
      29692     12.000    12.0251    12.0268     0.0017    0.87168    0.87166          1     6.6508     7.1669      79.84     1.2869     0.4149  3.995e+00  0.2654000     6.6304     6.6300    -0.0005     4.6420     4.6414     11.888     12.166      0.414    1463.35    1463.35  0.000e+00
      29730     12.500    12.0251    12.0266     0.0015    0.87169    0.87167          1     6.6651     7.1733      78.40     1.3210     0.3803  3.715e+00  0.2465000     6.6305     6.6300    -0.0004     4.6420     4.6415     12.384     12.673      0.362    1463.35    1463.36  0.000e+00
      29755     13.000    12.0254    12.0267     0.0012    0.87169    0.87168          1     6.6641     7.1743      97.74     1.2989     0.4083  3.363e+00  0.2549000     6.6303     6.6300    -0.0003     4.6419     4.6415     12.879     13.180      0.593    1463.36    1463.37  0.000e+00
      29773     13.500    12.0256    12.0267     0.0011    0.87170    0.87169          1     6.6542     7.1800      97.36     1.2895     0.4347  2.967e+00  0.2651000     6.6304     6.6300    -0.0003     4.6419     4.6415     13.374     13.687      0.665    1463.37    1463.38  0.000e+00
      29791     14.000    12.0257    12.0268     0.0011    0.87170    0.87168          1     6.6453     7.1798      97.36     1.2801     0.4515  2.586e+00  0.2723000     6.6303     6.6300    -0.0004     4.6418     4.6414     13.870     14.194      0.628    1463.38    1463.38  0.000e+00
      29812     14.500    12.0255    12.0268     0.0013    0.87171    0.87169          1     6.6501     7.1687      76.05     1.2964     0.3987  2.291e+00  0.2569000     6.6304     6.6300    -0.0003     4.6419     4.6414     14.365     14.701      0.528    1463.39    1463.39  0.000e+00
      29837     15.000    12.0257    12.0269     0.0012    0.87172    0.87171          1     6.6574     7.1667      64.13     1.2900     0.3982  2.093e+00  0.2549000     6.6304     6.6300    -0.0003     4.6419     4.6415     14.860     15.207      0.473    1463.40    1463.40  0.000e+00
      29862     15.500    12.0256    12.0269     0.0013    0.87173    0.87171          1     6.6509     7.1661      98.19     1.2787     0.4150  1.911e+00  0.2543000     6.6304     6.6300    -0.0004     4.6419     4.6414     15.356     15.714      0.515    1463.40    1463.41  0.000e+00
      29884     16.000    12.0254    12.0267     0.0013    0.87174    0.87172          1     6.6536     7.1728      97.37     1.2748     0.3920  1.724e+00  0.2505000     6.6305     6.6301    -0.0004     4.6420     4.6415     15.851     16.221      0.537    1463.41    1463.42  0.000e+00
      29906     16.500    12.0237    12.0256     0.0019    0.87179    0.87176          1     6.6655     7.1705      97.35     1.2671     0.3956  1.579e+00  0.2542000     6.6311     6.6306    -0.0006     4.6427     4.6420     16.347     16.728      0.533    1463.41    1463.42  0.000e+00
      29929     17.000    12.0248    12.0256     0.0009    0.87177    0.87176          1     6.6525     7.1634      97.38     1.2704     0.3740  1.389e+00  0.2550000     6.6308     6.6305    -0.0003     4.6423     4.6420     16.842     17.235      0.558    1463.43    1463.43  0.000e+00
      29950     17.500    12.0238    12.0236    -0.0002    0.87181    0.87184          1     6.6452     7.1612      97.38     1.2810     0.3557  1.254e+00  0.2548000     6.6312     6.6315     0.0003     4.6427     4.6430     17.337     17.742      0.581    1463.43    1463.43  0.000e+00
      29970     18.000    12.0210    12.0220     0.0010    0.87190    0.87191          1     6.6577     7.1684      97.38     1.2555     0.4348  1.158e+00  0.2494000     6.6324     6.6323    -0.0001     4.6441     4.6438     17.832     18.249      0.541    1463.43    1463.43  0.000e+00
      29994     18.500    12.0218    12.0227     0.0009    0.87188    0.87189          1     6.6548     7.1649      97.36     1.2638     0.3613  1.064e+00  0.2622000     6.6320     6.6320    -0.0000     4.6436     4.6435     18.328     18.756      0.484    1463.44    1463.44  0.000e+00
      30019     19.000    12.0221    12.0235     0.0014    0.87189    0.87188          1     6.6536     7.1624      97.38     1.2567     0.3488  9.432e-01  0.2575000     6.6320     6.6316    -0.0004     4.6436     4.6431     18.823     19.263      0.523    1463.45    1463.45  0.000e+00
      30041     19.500    12.0208    12.0224     0.0016    0.87194    0.87192          1     6.6531     7.1639      84.40     1.2633     0.3813  8.358e-01  0.2546000     6.6326     6.6322    -0.0004     4.6442     4.6437     19.318     19.770      0.578    1463.45    1463.46  0.000e+00
      30061     20.000    12.0208    12.0223     0.0015    0.87195    0.87193          1     6.6511     7.1677      41.52     1.2544     0.4058  7.635e-01  0.2546000     6.6326     6.6322    -0.0004     4.6442     4.6437     19.814     20.277      0.542    1463.46    1463.47  0.000e+00
      30086     20.500    12.0212    12.0223     0.0011    0.87193    0.87193          1     6.6596     7.1677      47.33     1.2413     0.4079  6.924e-01  0.2565000     6.6324     6.6322    -0.0002     4.6440     4.6437     20.309     20.784      0.456    1463.47    1463.47  0.000e+00
      30113     21.000    12.0210    12.0220     0.0010    0.87195    0.87195          1     6.6574     7.1632      99.18     1.2410     0.3778  6.307e-01  0.2573000     6.6325     6.6323    -0.0002     4.6441     4.6438     20.804     21.290      0.485    1463.48    1463.48  0.000e+00
      30135     21.500    12.0213    12.0222     0.0009    0.87196    0.87195          1     6.6383     7.1592      97.38     1.2426     0.3569  5.724e-01  0.2563000     6.6325     6.6323    -0.0002     4.6441     4.6438     21.300     21.797      0.592    1463.49    1463.49  0.000e+00
      30154     22.000    12.0198    12.0214     0.0016    0.87204    0.87201          1     6.6464     7.1628      97.38     1.2384     0.3480  5.104e-01  0.2606000     6.6333     6.6328    -0.0005     4.6449     4.6443     21.795     22.304      0.659    1463.49    1463.50  0.000e+00
      30172     22.500    12.0174    12.0172    -0.0001    0.87218    0.87227          1     6.6514     7.1651      97.38     1.2091     0.3605  4.508e-01  0.2622000     6.6349     6.6356     0.0008     4.6464     4.6470     22.290     22.811      0.649    1463.49    1463.49  0.000e+00
      30191     23.000    12.0148    12.0152     0.0004    0.87238    0.87244          1     6.6560     7.1597      96.59     1.1481     0.3638  3.920e-01  0.2544000     6.6369     6.6373     0.0004     4.6483     4.6486     22.786     23.318      0.541    1463.49    1463.50  0.000e+00
      30218     23.500    12.0123    12.0140     0.0017    0.87262    0.87257          1     6.6532     7.1547      94.34     1.1150     0.3889  3.614e-01  0.2433000     6.6393     6.6385    -0.0007     4.6505     4.6497     23.281     23.825      0.409    1463.49    1463.50  0.000e+00
      30248     24.000    12.0057    12.0075     0.0018    0.87330    0.87325          1     6.6465     7.1426      97.45     1.1155     0.4018  3.308e-01  0.2419000     6.6460     6.6452    -0.0008     4.6565     4.6557     23.776     24.332      0.459    1463.49    1463.49  0.000e+00
      30271     24.500    12.0036    12.0050     0.0013    0.87352    0.87351          1     6.6443     7.1300      97.38     1.0495     0.3507  2.920e-01  0.2501000     6.6481     6.6478    -0.0003     4.6584     4.6580     24.272     24.839      0.585    1463.49    1463.49  0.000e+00
      30290     25.000    11.9952    11.9968     0.0016    0.87428    0.87424          1     6.6443     7.1293      97.39     1.0039     0.3278  2.540e-01  0.2492000     6.6558     6.6552    -0.0006     4.6654     4.6648     24.767     25.346      0.659    1463.47    1463.48  0.000e+00
      30308     25.500    11.9870    11.9894     0.0023    0.87482    0.87473          1     6.6326     7.1292      97.39     0.9690     0.3668  2.239e-01  0.2343000     6.6616     6.6605    -0.0012     4.6710     4.6698     25.262     25.853      0.651    1463.46    1463.47  0.000e+00
      30327     26.000    11.9785    11.9791     0.0005    0.87544    0.87547          1     6.6313     7.1303      92.35     0.8940     0.3097  1.949e-01  0.2299000     6.6681     6.6682     0.0001     4.6772     4.6772     25.757     26.360      0.543    1463.44    1463.45  0.000e+00
      30354     26.500    11.9638    11.9657     0.0019    0.87676    0.87671          1     6.6169     7.1171      94.46     0.8419     0.3018  1.787e-01  0.2401000     6.6815     6.6807    -0.0008     4.6895     4.6886     26.253     26.866      0.415    1463.41    1463.42  0.000e+00
      30383     27.000    11.9457    11.9478     0.0020    0.87818    0.87811          1     6.5915     7.1011      97.45     0.7468     0.3181  1.566e-01  0.2284000     6.6963     6.6954    -0.0009     4.7033     4.7023     26.748     27.373      0.477    1463.37    1463.38  0.000e+00
      30405     27.500    11.9426    11.9442     0.0016    0.87850    0.87848          1     6.5708     7.0799      97.39     0.6770     0.2893  1.301e-01  0.2308000     6.6995     6.6990    -0.0005     4.7061     4.7055     27.243     27.880      0.584    1463.37    1463.38  0.000e+00
      30425     28.000    11.9336    11.9348     0.0012    0.87909    0.87909          1     6.5467     7.0555      97.40     0.6679     0.2878  1.093e-01  0.2387000     6.7059     6.7056    -0.0003     4.7122     4.7118     27.739     28.387      0.610    1463.35    1463.36  0.000e+00
      30445     28.500    11.9162    11.9176     0.0013    0.87953    0.87951          1     6.5305     7.0376      89.09     0.6427     0.2980  9.132e-02  0.2523000     6.7125     6.7121    -0.0004     4.7196     4.7191     28.234     28.894      0.571    1463.31    1463.31  0.000e+00
