ctdpy/exports/archive_20191120_135557/received_data/SBE09_0827_20180301_1608_26_01_0342.cnv
* Sea-Bird SBE 9 Data File:
* FileName = D:\CTD_SBE911\DAT\26DA.2018.3.42.hex
* Software Version Seasave V 7.21d
* Temperature SN = 034757
* Conductivity SN = 041844
* Number of Bytes Per Scan = 48
* Number of Voltage Words = 5
* Number of Scans Averaged by the Deck Unit = 1
* NMEA Latitude = 57 19.48 N
* NMEA Longitude = 019 03.95 E
* NMEA UTC (Time) = Mar 01 2018  16:09:01
* NMEA baud rate = 4800
** Ship: DANA
** Average sound velocity: 1426.19 m/s
** True-depth calculation Tue, 02 Apr 2019 12:09:04 +0000
** CTD Python Module SMHI /ver 3-12/ feb 2012 
** LIMS Job: 20182601-0342
** Operator:
** Cruise: 02/2018
# nquan = 26
# nvalues = 125                         
# units = specified
# name 0 = scan: Scan Count
# name 1 = prDM: Pressure, Digiquartz [db]
# name 2 = t090C: Temperature [ITS-90, deg C]
# name 3 = t190C: Temperature, 2 [ITS-90, deg C]
# name 4 = T2-T190C: Temperature Difference, 2 - 1 [ITS-90, deg C]
# name 5 = c0S/m: Conductivity [S/m]
# name 6 = c1S/m: Conductivity, 2 [S/m]
# name 7 = pumps: Pump Status
# name 8 = sbeox1ML/L: Oxygen, SBE 43, 2 [ml/l]
# name 9 = sbeox0ML/L: Oxygen, SBE 43 [ml/l]
# name 10 = altM: Altimeter [m]
# name 11 = chloroflTC0: Chlorophyll, Turner Cyclops [ug/l]
# name 12 = cpar: CPAR/Corrected Irradiance [%]
# name 13 = par: PAR/Irradiance, Biospherical/Lico [µE/(cm^2*s)]
# name 14 = spar: SPAR, Biospherical/Licor
# name 15 = sal00: Salinity, Practical [PSU]
# name 16 = sal11: Salinity, Practical, 2 [PSU]
# name 17 = secS-priS: Salinity, Practical, Difference, 2 - 1 [PSU]
# name 18 = sigma-t00: Density [sigma-t, kg/m^3 ]
# name 19 = sigma-t11: Density, 2 [sigma-t, kg/m^3 ]
# name 20 = depSM: Depth [salt water, m], lat = 57.3247
# name 21 = depFM: Depth [true depth, m], lat = 57.3247
# name 22 = dz/dtM: Descent Rate [m/s], WS = 2
# name 23 = svCM: Sound Velocity [Chen-Millero, m/s]
# name 24 = svCM1: Sound Velocity, 2 [Chen-Millero, m/s]
# name 25 = flag: flag
# span 0 =         28,       6362       
# span 1 =      0.500,     62.500       
# span 2 =     2.7347,     2.8612       
# span 3 =     2.7342,     2.8648       
# span 4 =    -0.0272,     0.0155       
# span 5 =   0.750160,   0.753592       
# span 6 =   0.749475,   0.753033       
# span 7 =          1,          1       
# span 8 =     8.5925,     8.6465       
# span 9 =     8.5339,     8.5947       
# span 10 =       1.97,       9.96      
# span 11 =     0.0120,     0.0145      
# span 12 = 7.6126e-12, 2.1159e+01      
# span 13 = 1.0000e-12, 2.9197e+00      
# span 14 = 8.1119e+00, 1.4244e+01      
# span 15 =     7.3725,     7.3781      
# span 16 =     7.3656,     7.3714      
# span 17 =    -0.0117,    -0.0054      
# span 18 =     5.8796,     5.8834      
# span 19 =     5.8741,     5.8779      
# span 20 =      0.495,     61.915      
# span 21 =      0.506,     63.286      
# span 22 =     -0.043,      0.864      
# span 23 =    1425.63,    1427.01      
# span 24 =    1425.62,    1427.02      
# span 25 = 0.0000e+00, 0.0000e+00      
# interval = decibars: 0.5              
# start_time = Mar 01 2018 16:09:02 [NMEA time, first data scan]
# bad_flag = -9.990e-29
*END*
[from data line 112]
       5493     56.500     2.8066     2.8012    -0.0053    0.75212    0.75126          1     8.6152     8.5426       8.40     0.0122  1.231e-11  1.000e-12  8.123e+00     7.3760     7.3682    -0.0079     5.8820     5.8758     55.972     57.211      0.595    1426.66    1426.63  0.000e+00
       5513     57.000     2.8090     2.8084    -0.0006    0.75218    0.75143          1     8.6118     8.5436       7.83     0.0122  1.231e-11  1.000e-12  8.123e+00     7.3761     7.3683    -0.0077     5.8820     5.8758     56.467     57.717      0.514    1426.68    1426.67  0.000e+00
       5579     57.500     2.8011     2.8064     0.0053    0.75195    0.75142          1     8.6183     8.5499       7.28     0.0122  1.231e-11  1.000e-12  8.123e+00     7.3754     7.3686    -0.0068     5.8815     5.8761     56.962     58.223      0.353    1426.65    1426.67  0.000e+00
       5650     58.000     2.7989     2.8017     0.0028    0.75190    0.75133          1     8.6304     8.5382       6.83     0.0122  1.231e-11  1.000e-12  8.123e+00     7.3753     7.3686    -0.0066     5.8814     5.8761     57.458     58.730      0.642    1426.65    1426.65  0.000e+00
       5666     58.500     2.7983     2.7990     0.0006    0.75189    0.75125          1     8.6271     8.5381       6.31     0.0124  1.231e-11  1.000e-12  8.123e+00     7.3752     7.3683    -0.0069     5.8814     5.8759     57.953     59.236      0.735    1426.65    1426.65  0.000e+00
       5682     59.000     2.7990     2.7984    -0.0006    0.75192    0.75123          1     8.6206     8.5410       5.75     0.0134  1.231e-11  1.000e-12  8.123e+00     7.3753     7.3682    -0.0071     5.8815     5.8758     58.448     59.742      0.637    1426.66    1426.65  0.000e+00
       5735     59.500     2.8000     2.7988    -0.0012    0.75195    0.75123          1     8.6139     8.5511       5.20     0.0126  1.231e-11  1.000e-12  8.123e+00     7.3754     7.3681    -0.0073     5.8815     5.8757     58.943     60.249      0.431    1426.68    1426.66  0.000e+00
       5843     60.000     2.7960     2.7956    -0.0003    0.75184    0.75117          1     8.6141     8.5549       4.74     0.0122  1.231e-11  1.000e-12  8.123e+00     7.3751     7.3681    -0.0070     5.8813     5.8757     59.439     60.755      0.780    1426.67    1426.65  0.000e+00
       5860     60.500     2.7948     2.7957     0.0008    0.75181    0.75118          1     8.6090     8.5581       4.15     0.0122  1.231e-11  1.000e-12  8.123e+00     7.3750     7.3680    -0.0069     5.8812     5.8757     59.934     61.261      0.598    1426.67    1426.66  0.000e+00
       5946     61.000     2.7907     2.7921     0.0014    0.75172    0.75109          1     8.6163     8.5496       3.63     0.0125  1.231e-11  1.000e-12  8.123e+00     7.3749     7.3678    -0.0070     5.8812     5.8756     60.429     61.767      0.370    1426.65    1426.65  0.000e+00
       6004     61.500     2.7894     2.7893    -0.0001    0.75170    0.75102          1     8.6169     8.5494       3.19     0.0122  1.231e-11  1.000e-12  8.123e+00     7.3749     7.3678    -0.0071     5.8812     5.8755     60.924     62.274      0.575    1426.66    1426.65  0.000e+00
       6022     62.000     2.7962     2.7933    -0.0029    0.75189    0.75111          1     8.6110     8.5545       2.64     0.0122  1.231e-11  1.000e-12  8.123e+00     7.3752     7.3677    -0.0075     5.8814     5.8754     61.420     62.780      0.561    1426.70    1426.67  0.000e+00
       6362     62.500     2.8612     2.8648     0.0038    0.75359    0.75303          1     8.5925     8.5395       1.97     0.0120  1.231e-11  1.000e-12  8.123e+00     7.3781     7.3714    -0.0067     5.8833     5.8779     61.915     63.286     -0.043    1427.01    1427.02  0.000e+00
