ctdpy/exports/archive_20191120_135557/received_data/SBE09_0827_20181004_2031_26_01_1011.cnv
* Sea-Bird SBE 9 Data File:
* FileName = D:\CTD_SBE911\DAT\26DA.2018.10.11.hex
* Software Version Seasave V 7.21d
* Temperature SN = 4548
* Conductivity SN = 3062
* Number of Bytes Per Scan = 48
* Number of Voltage Words = 5
* Number of Scans Averaged by the Deck Unit = 1
* NMEA Latitude = 56 11.34 N
* NMEA Longitude = 016 45.21 E
* NMEA UTC (Time) = Oct 04 2018  20:33:49
* NMEA baud rate = 4800
** Ship: DANA
** Average sound velocity: 1441.89 m/s
** True-depth calculation Thu, 28 Mar 2019 12:17:26 +0000
** CTD Python Module SMHI /ver 3-12/ feb 2012 
** LIMS Job: 20182601-1011
**  5NW Olands sodra grund
** Operator: Christian A-KTh
** Cruise: 10/2018
# nquan = 26
# nvalues = 82                          
# units = specified
# name 0 = scan: Scan Count
# name 1 = prDM: Pressure, Digiquartz [db]
# name 2 = t090C: Temperature [ITS-90, deg C]
# name 3 = t190C: Temperature, 2 [ITS-90, deg C]
# name 4 = T2-T190C: Temperature Difference, 2 - 1 [ITS-90, deg C]
# name 5 = c0S/m: Conductivity [S/m]
# name 6 = c1S/m: Conductivity, 2 [S/m]
# name 7 = pumps: Pump Status
# name 8 = sbeox1ML/L: Oxygen, SBE 43, 2 [ml/l]
# name 9 = sbeox0ML/L: Oxygen, SBE 43 [ml/l]
# name 10 = altM: Altimeter [m]
# name 11 = chloroflTC0: Chlorophyll, Turner Cyclops [ug/l]
# name 12 = cpar: CPAR/Corrected Irradiance [%]
# name 13 = par: PAR/Irradiance, Biospherical/Lico [µE/(cm^2*s)]
# name 14 = spar: SPAR, Biospherical/Licor
# name 15 = sal00: Salinity, Practical [PSU]
# name 16 = sal11: Salinity, Practical, 2 [PSU]
# name 17 = secS-priS: Salinity, Practical, Difference, 2 - 1 [PSU]
# name 18 = sigma-t00: Density [sigma-t, kg/m^3 ]
# name 19 = sigma-t11: Density, 2 [sigma-t, kg/m^3 ]
# name 20 = depSM: Depth [salt water, m], lat = 56.189
# name 21 = depFM: Depth [true depth, m], lat = 56.189
# name 22 = dz/dtM: Descent Rate [m/s], WS = 2
# name 23 = svCM: Sound Velocity [Chen-Millero, m/s]
# name 24 = svCM1: Sound Velocity, 2 [Chen-Millero, m/s]
# name 25 = flag: flag
# span 0 =        515,       5661       
# span 1 =      1.000,     41.500       
# span 2 =     4.6029,     6.9947       
# span 3 =     4.5890,     7.0035       
# span 4 =    -0.1524,     0.1226       
# span 5 =   0.843623,   0.943786       
# span 6 =   0.843633,   0.943782       
# span 7 =          1,          1       
# span 8 =     1.4861,     7.8830       
# span 9 =     1.4031,     7.3650       
# span 10 =       1.61,       9.96      
# span 11 =     0.0000,     0.0000      
# span 12 = 4.9241e-11, 4.9241e-11      
# span 13 = 1.0000e-12, 1.0000e-12      
# span 14 = 2.0308e+00, 2.0308e+00      
# span 15 =     7.4546,     8.8937      
# span 16 =     7.4548,     8.8937      
# span 17 =    -0.0013,     0.0404      
# span 18 =     5.8082,     7.0463      
# span 19 =     5.8086,     7.0463      
# span 20 =      0.991,     41.118      
# span 21 =      1.013,     42.016      
# span 22 =     -0.049,      0.406      
# span 23 =    1435.63,    1444.48      
# span 24 =    1435.58,    1444.51      
# span 25 = 0.0000e+00, 0.0000e+00      
# interval = decibars: 0.5              
# start_time = Oct 04 2018 20:33:50 [NMEA time, first data scan]
# bad_flag = -9.990e-29
*END*
[from data line 56]
       3162     29.000     6.7446     6.7442    -0.0004    0.86465    0.86469          1     7.3689     6.8915       9.96     0.0000  4.924e-11  1.000e-12  2.031e+00     7.6122     7.6126     0.0005     5.9270     5.9274     28.734     29.366      0.243    1443.93    1443.93  0.000e+00
       3221     29.500     6.7435     6.7443     0.0008    0.86476    0.86484          1     7.3761     6.8947       9.96     0.0000  4.924e-11  1.000e-12  2.031e+00     7.6135     7.6140     0.0005     5.9281     5.9284     29.229     29.872      0.241    1443.94    1443.94  0.000e+00
       3264     30.000     6.7363     6.7298    -0.0066    0.86491    0.86496          1     7.3694     6.8784       9.96     0.0000  4.924e-11  1.000e-12  2.031e+00     7.6164     7.6183     0.0018     5.9309     5.9327     29.724     30.378      0.296    1443.92    1443.89  0.000e+00
       3307     30.500     6.6271     6.5750    -0.0521    0.86458    0.86448          1     7.2241     6.8029       9.96     0.0000  4.924e-11  1.000e-12  2.031e+00     7.6375     7.6482     0.0106     5.9544     5.9661     30.220     30.884      0.258    1443.49    1443.28  0.000e+00
       3354     31.000     6.4058     6.2529    -0.1524    0.86355    0.86279          1     6.9102     6.5382       9.96     0.0000  4.924e-11  1.000e-12  2.031e+00     7.6772     7.7044     0.0272     5.9993     6.0297     30.715     31.391      0.282    1442.61    1441.99  0.000e+00
       3394     31.500     6.1179     6.0206    -0.0974    0.86137    0.86063          1     6.6397     6.3000       9.96     0.0000  4.924e-11  1.000e-12  2.031e+00     7.7213     7.7363     0.0150     6.0509     6.0681     31.210     31.897      0.277    1441.45    1441.05  0.000e+00
       3448     32.000     5.9296     5.8411    -0.0886    0.85890    0.85800          1     6.5159     6.1475       9.96     0.0000  4.924e-11  1.000e-12  2.031e+00     7.7403     7.7519     0.0116     6.0762     6.0900     31.706     32.403      0.219    1440.67    1440.31  0.000e+00
       3498     32.500     5.8013     5.7678    -0.0335    0.85725    0.85709          1     6.4300     6.0808       9.96     0.0000  4.924e-11  1.000e-12  2.031e+00     7.7536     7.7597     0.0061     6.0935     6.1001     32.201     32.909      0.270    1440.15    1440.01  0.000e+00
       3541     33.000     5.6641     5.6032    -0.0609    0.85550    0.85494          1     6.3452     6.0056       9.96     0.0000  4.924e-11  1.000e-12  2.031e+00     7.7681     7.7767     0.0086     6.1120     6.1217     32.697     33.415      0.276    1439.58    1439.33  0.000e+00
       3585     33.500     5.5709     5.5288    -0.0422    0.85450    0.85420          1     6.2851     5.9297       9.89     0.0000  4.924e-11  1.000e-12  2.031e+00     7.7798     7.7866     0.0068     6.1258     6.1332     33.192     33.922      0.258    1439.20    1439.03  0.000e+00
       3638     34.000     5.4465     5.4107    -0.0358    0.85211    0.85172          1     6.2445     5.8915       9.39     0.0000  4.924e-11  1.000e-12  2.031e+00     7.7851     7.7895     0.0045     6.1359     6.1411     33.687     34.428      0.235    1438.68    1438.53  0.000e+00
       3681     34.500     5.3040     5.2458    -0.0581    0.85108    0.85152          1     6.0897     5.8055       8.85     0.0000  4.924e-11  1.000e-12  2.031e+00     7.8080     7.8260     0.0180     6.1606     6.1774     34.183     34.934      0.317    1438.09    1437.86  0.000e+00
       3723     35.000     5.1287     5.0590    -0.0696    0.85765    0.85992          1     5.7018     5.4887       8.26     0.0000  4.924e-11  1.000e-12  2.031e+00     7.9143     7.9533     0.0391     6.2523     6.2862     34.678     35.440      0.238    1437.47    1437.21  0.000e+00
       3778     35.500     4.9241     4.8671    -0.0569    0.86452    0.86576          1     5.1276     5.0162       7.70     0.0000  4.924e-11  1.000e-12  2.031e+00     8.0316     8.0578     0.0262     6.3536     6.3766     35.173     35.946      0.257    1436.73    1436.51  0.000e+00
       3818     36.000     4.6561     4.6185    -0.0378    0.87062    0.87172          1     4.7133     4.6577       7.18     0.0000  4.924e-11  1.000e-12  2.031e+00     8.1581     8.1785     0.0204     6.4641     6.4817     35.669     36.452      0.292    1435.72    1435.58  0.000e+00
       3869     36.500     4.6265     4.6070    -0.0195    0.87473    0.87598          1     4.4965     4.3521       6.57     0.0000  4.924e-11  1.000e-12  2.031e+00     8.2068     8.2242     0.0174     6.5038     6.5183     36.164     36.958      0.217    1435.66    1435.59  0.000e+00
       3917     37.000     4.6029     4.5890    -0.0139    0.87950    0.88062          1     4.3136     4.1833       6.08     0.0000  4.924e-11  1.000e-12  2.031e+00     8.2608     8.2755     0.0147     6.5474     6.5596     36.659     37.464      0.309    1435.63    1435.59  0.000e+00
       3957     37.500     4.6036     4.6018    -0.0018    0.88701    0.89042          1     4.0927     3.9654       5.42     0.0000  4.924e-11  1.000e-12  2.031e+00     8.3363     8.3713     0.0350     6.6073     6.6351     37.155     37.970      0.258    1435.74    1435.77  0.000e+00
       4009     38.000     4.6347     4.6403     0.0056    0.90081    0.90494          1     3.7440     3.6605       4.85     0.0000  4.924e-11  1.000e-12  2.031e+00     8.4680     8.5084     0.0404     6.7104     6.7422     37.650     38.476      0.249    1436.05    1436.13  0.000e+00
       4053     38.500     4.6808     4.6826     0.0019    0.91527    0.91697          1     3.2758     3.2619       4.31     0.0000  4.924e-11  1.000e-12  2.031e+00     8.6023     8.6190     0.0167     6.8151     6.8282     38.145     38.982      0.256    1436.43    1436.46  0.000e+00
       4103     39.000     4.6683     4.6658    -0.0025    0.92354    0.92489          1     2.7173     2.8543       3.75     0.0000  4.924e-11  1.000e-12  2.031e+00     8.6893     8.7036     0.0144     6.8844     6.8959     38.641     39.488      0.250    1436.50    1436.51  0.000e+00
       4148     39.500     4.6530     4.6506    -0.0025    0.93316    0.93424          1     1.9806     2.2142       3.22     0.0000  4.924e-11  1.000e-12  2.031e+00     8.7907     8.8023     0.0117     6.9653     6.9747     39.136     39.993      0.262    1436.57    1436.57  0.000e+00
       4200     40.000     4.6482     4.6471    -0.0011    0.93669    0.93729          1     1.6755     1.7606       2.67     0.0000  4.924e-11  1.000e-12  2.031e+00     8.8277     8.8341     0.0063     6.9949     6.9999     39.632     40.499      0.229    1436.60    1436.60  0.000e+00
       4244     40.500     4.6538     4.6559     0.0022    0.93905    0.93986          1     1.6257     1.6509       2.17     0.0000  4.924e-11  1.000e-12  2.031e+00     8.8500     8.8578     0.0077     7.0123     7.0183     40.127     41.005      0.292    1436.66    1436.68  0.000e+00
       4292     41.000     4.6663     4.6675     0.0012    0.94193    0.94254          1     1.5879     1.5616       1.61     0.0000  4.924e-11  1.000e-12  2.031e+00     8.8759     8.8818     0.0059     7.0323     7.0369     40.622     41.511      0.221    1436.76    1436.77  0.000e+00
       5661     41.500     4.6699     4.6698    -0.0001    0.94379    0.94378          1     1.4861     1.4031       1.69     0.0000  4.924e-11  1.000e-12  2.031e+00     8.8937     8.8937    -0.0000     7.0463     7.0463     41.118     42.016     -0.049    1436.81    1436.80  0.000e+00
