ctdpy/exports/archive_20191120_135557/received_data/SBE09_0827_20180121_0608_26_01_0141.cnv
* Sea-Bird SBE 9 Data File:
* FileName = D:\CTD_SBE911\DAT\26DA.2018.1.41.hex
* Software Version Seasave V 7.21d
* Temperature SN = 034757
* Conductivity SN = 041844
* Number of Bytes Per Scan = 48
* Number of Voltage Words = 5
* Number of Scans Averaged by the Deck Unit = 1
* NMEA Latitude = 58 03.31 N
* NMEA Longitude = 009 45.01 E
* NMEA UTC (Time) = Jan 21 2018  06:08:24
* NMEA baud rate = 4800
** Ship: DANA
** Average sound velocity: 1484.92 m/s
** True-depth calculation Thu, 28 Mar 2019 08:24:47 +0000
** CTD Python Module SMHI /ver 3-12/ feb 2012 
** LIMS Job: 20182601-0141
** 30N
** Operator: Ronny Sørensen
** Cruise: 01/2018
# nquan = 26
# nvalues = 517                         
# units = specified
# name 0 = scan: Scan Count
# name 1 = prDM: Pressure, Digiquartz [db]
# name 2 = t090C: Temperature [ITS-90, deg C]
# name 3 = t190C: Temperature, 2 [ITS-90, deg C]
# name 4 = T2-T190C: Temperature Difference, 2 - 1 [ITS-90, deg C]
# name 5 = c0S/m: Conductivity [S/m]
# name 6 = c1S/m: Conductivity, 2 [S/m]
# name 7 = pumps: Pump Status
# name 8 = sbeox1ML/L: Oxygen, SBE 43, 2 [ml/l]
# name 9 = sbeox0ML/L: Oxygen, SBE 43 [ml/l]
# name 10 = altM: Altimeter [m]
# name 11 = chloroflTC0: Chlorophyll, Turner Cyclops [ug/l]
# name 12 = cpar: CPAR/Corrected Irradiance [%]
# name 13 = par: PAR/Irradiance, Biospherical/Lico [µE/(cm^2*s)]
# name 14 = spar: SPAR, Biospherical/Licor
# name 15 = sal00: Salinity, Practical [PSU]
# name 16 = sal11: Salinity, Practical, 2 [PSU]
# name 17 = secS-priS: Salinity, Practical, Difference, 2 - 1 [PSU]
# name 18 = sigma-t00: Density [sigma-t, kg/m^3 ]
# name 19 = sigma-t11: Density, 2 [sigma-t, kg/m^3 ]
# name 20 = depSM: Depth [salt water, m], lat = 58.0552
# name 21 = depFM: Depth [true depth, m], lat = 58.0552
# name 22 = dz/dtM: Descent Rate [m/s], WS = 2
# name 23 = svCM: Sound Velocity [Chen-Millero, m/s]
# name 24 = svCM1: Sound Velocity, 2 [Chen-Millero, m/s]
# name 25 = flag: flag
# span 0 =        307,      17270       
# span 1 =      2.000,    260.000       
# span 2 =     5.2851,     8.8606       
# span 3 =     5.2900,     8.8618       
# span 4 =    -0.5084,     0.1502       
# span 5 =   3.161192,   3.710965       
# span 6 =   3.162578,   3.711258       
# span 7 =          1,          1       
# span 8 =     4.9921,     6.4621       
# span 9 =     5.0736,     6.5640       
# span 10 =       2.58,       9.99      
# span 11 =     0.0151,     0.0295      
# span 12 = 4.9241e-11, 4.9241e-11      
# span 13 = 1.0000e-12, 1.0000e-12      
# span 14 = 2.0308e+00, 2.0308e+00      
# span 15 =    32.5874,    35.1415      
# span 16 =    32.5983,    35.1578      
# span 17 =    -0.3948,     0.0630      
# span 18 =    25.7309,    27.4209      
# span 19 =    25.7390,    27.4313      
# span 20 =      1.981,    257.428      
# span 21 =      1.986,    257.834      
# span 22 =      0.104,      0.642      
# span 23 =    1468.86,    1488.00      
# span 24 =    1468.90,    1488.00      
# span 25 = 0.0000e+00, 0.0000e+00      
# interval = decibars: 0.5              
# start_time = Jan 21 2018 06:08:25 [NMEA time, first data scan]
# bad_flag = -9.990e-29
*END*
[from data line 112]
       5539     58.000     8.5569     8.5531    -0.0037    3.65780    3.65839          1     5.6678     5.7555       9.96     0.0227  4.924e-11  1.000e-12  2.031e+00    34.8095    34.8194     0.0099    27.0391    27.0474     57.454     57.542      0.262    1485.28    1485.28  0.000e+00
       5584     58.500     8.5554     8.5461    -0.0094    3.65792    3.65762          1     5.6753     5.7541       9.96     0.0210  4.924e-11  1.000e-12  2.031e+00    34.8118    34.8179     0.0061    27.0411    27.0474     57.949     58.038      0.287    1485.28    1485.26  0.000e+00
       5624     59.000     8.5507     8.5471    -0.0036    3.65760    3.65775          1     5.6894     5.7508       9.96     0.0208  4.924e-11  1.000e-12  2.031e+00    34.8129    34.8181     0.0052    27.0427    27.0474     58.445     58.534      0.311    1485.28    1485.27  0.000e+00
       5661     59.500     8.5489     8.5464    -0.0025    3.65751    3.65774          1     5.6979     5.7544       9.96     0.0207  4.924e-11  1.000e-12  2.031e+00    34.8134    34.8184     0.0049    27.0434    27.0477     58.940     59.030      0.311    1485.28    1485.27  0.000e+00
       5709     60.000     8.5473     8.5456    -0.0018    3.65741    3.65771          1     5.6814     5.7689       9.96     0.0217  4.924e-11  1.000e-12  2.031e+00    34.8137    34.8187     0.0050    27.0439    27.0481     59.435     59.526      0.220    1485.28    1485.28  0.000e+00
       5758     60.500     8.5448     8.5437    -0.0011    3.65726    3.65758          1     5.6642     5.7620       9.96     0.0209  4.924e-11  1.000e-12  2.031e+00    34.8144    34.8189     0.0045    27.0448    27.0486     59.930     60.022      0.301    1485.28    1485.28  0.000e+00
       5799     61.000     8.5444     8.5416    -0.0028    3.65724    3.65744          1     5.6872     5.7563       9.96     0.0208  4.924e-11  1.000e-12  2.031e+00    34.8144    34.8192     0.0048    27.0449    27.0491     60.426     60.518      0.272    1485.29    1485.28  0.000e+00
       5841     61.500     8.5416     8.5359    -0.0057    3.65695    3.65699          1     5.6700     5.7501       9.96     0.0208  4.924e-11  1.000e-12  2.031e+00    34.8138    34.8199     0.0060    27.0449    27.0505     60.921     61.013      0.331    1485.29    1485.27  0.000e+00
       5874     62.000     8.5331     8.5329    -0.0001    3.65622    3.65654          1     5.6792     5.7514       9.96     0.0208  4.924e-11  1.000e-12  2.031e+00    34.8143    34.8177     0.0035    27.0466    27.0493     61.416     61.509      0.332    1485.26    1485.26  0.000e+00
       5929     62.500     8.5452     8.5588     0.0135    3.65789    3.65969          1     5.6883     5.7516       9.96     0.0208  4.924e-11  1.000e-12  2.031e+00    34.8197    34.8254     0.0056    27.0489    27.0512     61.911     62.005      0.226    1485.32    1485.38  0.000e+00
       5977     63.000     8.5548     8.5519    -0.0029    3.65916    3.65966          1     5.6637     5.7437       9.96     0.0208  4.924e-11  1.000e-12  2.031e+00    34.8235    34.8316     0.0081    27.0504    27.0572     62.406     62.501      0.370    1485.37    1485.37  0.000e+00
       6006     63.500     8.5228     8.5110    -0.0118    3.65567    3.65571          1     5.6523     5.7531       9.96     0.0208  4.924e-11  1.000e-12  2.031e+00    34.8178    34.8299     0.0121    27.0509    27.0622     62.902     62.997      0.382    1485.25    1485.22  0.000e+00
       6045     64.000     8.5174     8.5219     0.0044    3.65545    3.65627          1     5.6901     5.7578       9.96     0.0208  4.924e-11  1.000e-12  2.031e+00    34.8205    34.8249     0.0043    27.0539    27.0566     63.397     63.493      0.255    1485.24    1485.27  0.000e+00
       6099     64.500     8.5231     8.5177    -0.0054    3.65622    3.65687          1     5.6702     5.7466       9.95     0.0208  4.924e-11  1.000e-12  2.031e+00    34.8228    34.8351     0.0123    27.0548    27.0652     63.892     63.989      0.234    1485.28    1485.27  0.000e+00
       6145     65.000     8.5070     8.4936    -0.0134    3.65460    3.65393          1     5.6431     5.7397       9.96     0.0208  4.924e-11  1.000e-12  2.031e+00    34.8213    34.8275     0.0062    27.0561    27.0630     64.387     64.484      0.286    1485.22    1485.18  0.000e+00
       6186     65.500     8.5033     8.5033    -0.0000    3.65446    3.65488          1     5.6861     5.7489       9.95     0.0208  4.924e-11  1.000e-12  2.031e+00    34.8233    34.8278     0.0045    27.0582    27.0617     64.882     64.980      0.284    1485.22    1485.22  0.000e+00
       6228     66.000     8.5198     8.5352     0.0155    3.65678    3.65784          1     5.6945     5.7526       9.96     0.0214  4.924e-11  1.000e-12  2.031e+00    34.8314    34.8273    -0.0041    27.0621    27.0564     65.378     65.476      0.309    1485.30    1485.35  0.000e+00
       6264     66.500     8.5519     8.5611     0.0092    3.66007    3.66139          1     5.6669     5.7347       9.95     0.0208  4.924e-11  1.000e-12  2.031e+00    34.8344    34.8393     0.0049    27.0594    27.0618     65.873     65.972      0.318    1485.43    1485.47  0.000e+00
       6313     67.000     8.5470     8.5513     0.0043    3.65973    3.66057          1     5.6746     5.7307       9.96     0.0209  4.924e-11  1.000e-12  2.031e+00    34.8354    34.8399     0.0046    27.0609    27.0638     66.368     66.468      0.227    1485.42    1485.44  0.000e+00
       6360     67.500     8.5375     8.5289    -0.0086    3.65852    3.65863          1     5.6605     5.7477       9.96     0.0209  4.924e-11  1.000e-12  2.031e+00    34.8317    34.8412     0.0096    27.0595    27.0683     66.863     66.964      0.316    1485.39    1485.37  0.000e+00
       6399     68.000     8.5039     8.4822    -0.0216    3.65483    3.65370          1     5.6681     5.7431       9.96     0.0208  4.924e-11  1.000e-12  2.031e+00    34.8254    34.8349     0.0095    27.0598    27.0706     67.358     67.459      0.277    1485.27    1485.20  0.000e+00
       6446     68.500     8.4868     8.4766    -0.0101    3.65324    3.65287          1     5.7023     5.7510       9.95     0.0210  4.924e-11  1.000e-12  2.031e+00    34.8252    34.8313     0.0061    27.0623    27.0687     67.854     67.955      0.258    1485.21    1485.18  0.000e+00
       6490     69.000     8.4784     8.4740    -0.0044    3.65258    3.65265          1     5.6994     5.7605       9.95     0.0209  4.924e-11  1.000e-12  2.031e+00    34.8263    34.8313     0.0051    27.0644    27.0691     68.349     68.451      0.278    1485.19    1485.18  0.000e+00
       6532     69.500     8.4739     8.4706    -0.0034    3.65226    3.65248          1     5.6936     5.7709       9.96     0.0233  4.924e-11  1.000e-12  2.031e+00    34.8270    34.8327     0.0057    27.0658    27.0707     68.844     68.947      0.292    1485.18    1485.17  0.000e+00
       6574     70.000     8.4546     8.4481    -0.0065    3.65022    3.65046          1     5.6995     5.7746       9.96     0.0217  4.924e-11  1.000e-12  2.031e+00    34.8242    34.8332     0.0090    27.0665    27.0746     69.339     69.443      0.278    1485.11    1485.10  0.000e+00
       6615     70.500     8.4394     8.4351    -0.0043    3.64875    3.64900          1     5.6866     5.7738       9.96     0.0215  4.924e-11  1.000e-12  2.031e+00    34.8234    34.8303     0.0069    27.0682    27.0743     69.834     69.939      0.316    1485.06    1485.06  0.000e+00
       6654     71.000     8.4281     8.4260    -0.0021    3.64773    3.64795          1     5.6903     5.7816       9.95     0.0211  4.924e-11  1.000e-12  2.031e+00    34.8235    34.8280     0.0045    27.0701    27.0739     70.330     70.435      0.277    1485.03    1485.03  0.000e+00
       6707     71.500     8.4328     8.4244    -0.0084    3.64798    3.64788          1     5.7109     5.7762       9.96     0.0215  4.924e-11  1.000e-12  2.031e+00    34.8213    34.8286     0.0073    27.0676    27.0746     70.825     70.930      0.209    1485.05    1485.03  0.000e+00
       6756     72.000     8.4214     8.4167    -0.0048    3.64689    3.64704          1     5.7074     5.7745       9.95     0.0221  4.924e-11  1.000e-12  2.031e+00    34.8207    34.8270     0.0063    27.0689    27.0746     71.320     71.426      0.330    1485.02    1485.01  0.000e+00
       6787     72.500     8.4155     8.4142    -0.0013    3.64642    3.64683          1     5.7178     5.7729       9.95     0.0220  4.924e-11  1.000e-12  2.031e+00    34.8212    34.8270     0.0058    27.0702    27.0750     71.815     71.922      0.378    1485.00    1485.01  0.000e+00
       6826     73.000     8.4150     8.4113    -0.0036    3.64636    3.64655          1     5.6918     5.7695       9.95     0.0215  4.924e-11  1.000e-12  2.031e+00    34.8209    34.8266     0.0057    27.0701    27.0751     72.310     72.418      0.253    1485.01    1485.00  0.000e+00
       6878     73.500     8.4120     8.4056    -0.0064    3.64600    3.64595          1     5.6906     5.7762       9.95     0.0216  4.924e-11  1.000e-12  2.031e+00    34.8198    34.8256     0.0058    27.0697    27.0752     72.806     72.914      0.255    1485.01    1484.99  0.000e+00
       6919     74.000     8.4021     8.3982    -0.0039    3.64500    3.64520          1     5.7116     5.7800       9.96     0.0215  4.924e-11  1.000e-12  2.031e+00    34.8187    34.8247     0.0060    27.0703    27.0756     73.301     73.410      0.301    1484.98    1484.97  0.000e+00
       6962     74.500     8.4023     8.3938    -0.0086    3.64504    3.64471          1     5.7070     5.7879       9.95     0.0214  4.924e-11  1.000e-12  2.031e+00    34.8187    34.8236     0.0049    27.0703    27.0754     73.796     73.905      0.273    1484.98    1484.96  0.000e+00
       7004     75.000     8.3973     8.3919    -0.0053    3.64453    3.64454          1     5.7015     5.7909       9.96     0.0218  4.924e-11  1.000e-12  2.031e+00    34.8181    34.8234     0.0053    27.0706    27.0756     74.291     74.401      0.292    1484.97    1484.96  0.000e+00
       7048     75.500     8.3949     8.3878    -0.0071    3.64432    3.64410          1     5.7149     5.7836       9.96     0.0215  4.924e-11  1.000e-12  2.031e+00    34.8179    34.8225     0.0047    27.0708    27.0755     74.786     74.897      0.244    1484.97    1484.95  0.000e+00
       7099     76.000     8.3915     8.3831    -0.0084    3.64394    3.64367          1     5.7182     5.7808       9.95     0.0219  4.924e-11  1.000e-12  2.031e+00    34.8170    34.8224     0.0054    27.0706    27.0762     75.281     75.393      0.269    1484.97    1484.94  0.000e+00
       7136     76.500     8.3868     8.3846    -0.0022    3.64355    3.64380          1     5.7023     5.7868       9.96     0.0220  4.924e-11  1.000e-12  2.031e+00    34.8173    34.8222     0.0048    27.0716    27.0757     75.777     75.889      0.354    1484.96    1484.95  0.000e+00
       7172     77.000     8.3851     8.3746    -0.0105    3.64340    3.64281          1     5.7192     5.7849       9.95     0.0219  4.924e-11  1.000e-12  2.031e+00    34.8170    34.8212     0.0042    27.0716    27.0765     76.272     76.385      0.299    1484.96    1484.93  0.000e+00
       7218     77.500     8.3800     8.3603    -0.0196    3.64269    3.64123          1     5.7424     5.7888       9.96     0.0220  4.924e-11  1.000e-12  2.031e+00    34.8144    34.8183     0.0039    27.0703    27.0764     76.767     76.881      0.252    1484.94    1484.88  0.000e+00
       7263     78.000     8.3691     8.3342    -0.0349    3.64149    3.63864          1     5.7376     5.7938       9.96     0.0218  4.924e-11  1.000e-12  2.031e+00    34.8121    34.8163     0.0043    27.0702    27.0789     77.262     77.376      0.280    1484.91    1484.79  0.000e+00
       7305     78.500     8.3508     8.3071    -0.0438    3.63974    3.63588          1     5.7671     5.8064       9.96     0.0218  4.924e-11  1.000e-12  2.031e+00    34.8113    34.8135     0.0022    27.0724    27.0808     77.757     77.872      0.287    1484.85    1484.69  0.000e+00
       7350     79.000     8.3262     8.1256    -0.2003    3.63577    3.61842          1     5.8070     5.8288       9.96     0.0228  4.924e-11  1.000e-12  2.031e+00    34.7932    34.8066     0.0134    27.0620    27.1030     78.253     78.368      0.248    1484.74    1484.01  0.000e+00
       7396     79.500     8.2420     7.9067    -0.3354    3.62681    3.59527          1     5.8802     5.8620       9.96     0.0223  4.924e-11  1.000e-12  2.031e+00    34.7808    34.7756    -0.0052    27.0651    27.1115     78.748     78.864      0.300    1484.42    1483.15  0.000e+00
       7432     80.000     8.0767     7.5686    -0.5084    3.61000    3.56283          1     5.8779     5.8979       9.95     0.0230  4.924e-11  1.000e-12  2.031e+00    34.7646    34.7621    -0.0025    27.0774    27.1504     79.243     79.360      0.341    1483.79    1481.86  0.000e+00
       7473     80.500     7.8401     7.3410    -0.5002    3.58310    3.53374          1     5.9828     5.9737       9.96     0.0235  4.924e-11  1.000e-12  2.031e+00    34.7102    34.6733    -0.0369    27.0699    27.1135     79.738     79.856      0.238    1482.83    1480.88  0.000e+00
       7529     81.000     7.5830     7.3240    -0.2585    3.55529    3.53069          1     6.0278     6.0377       9.95     0.0252  4.924e-11  1.000e-12  2.031e+00    34.6655    34.6568    -0.0087    27.0725    27.1030     80.233     80.351      0.273    1481.81    1480.81  0.000e+00
       7565     81.500     7.4100     7.3135    -0.0968    3.53747    3.52923          1     6.0129     6.0787       9.95     0.0254  4.924e-11  1.000e-12  2.031e+00    34.6445    34.6511     0.0067    27.0810    27.0999     80.728     80.847      0.347    1481.13    1480.77  0.000e+00
       7605     82.000     7.3560     7.3214    -0.0345    3.53140    3.52988          1     6.0242     6.1052       9.95     0.0262  4.924e-11  1.000e-12  2.031e+00    34.6320    34.6500     0.0180    27.0789    27.0979     81.224     81.343      0.254    1480.91    1480.80  0.000e+00
       7652     82.500     7.3382     7.3215    -0.0168    3.52948    3.52994          1     6.0309     6.1051       9.95     0.0261  4.924e-11  1.000e-12  2.031e+00    34.6286    34.6503     0.0217    27.0788    27.0982     81.719     81.839      0.309    1480.85    1480.81  0.000e+00
       7688     83.000     7.3255     7.2835    -0.0419    3.52816    3.52589          1     6.0203     6.1083       9.95     0.0261  4.924e-11  1.000e-12  2.031e+00    34.6267    34.6440     0.0172    27.0790    27.0986     82.214     82.335      0.303    1480.81    1480.67  0.000e+00
       7742     83.500     7.2956     7.2612    -0.0345    3.52492    3.52343          1     6.0358     6.1129       9.95     0.0267  4.924e-11  1.000e-12  2.031e+00    34.6210    34.6391     0.0181    27.0788    27.0979     82.709     82.831      0.241    1480.69    1480.58  0.000e+00
       7782     84.000     7.2622     7.2055    -0.0567    3.52149    3.51829          1     6.0503     6.1317       9.96     0.0271  4.924e-11  1.000e-12  2.031e+00    34.6167    34.6385     0.0219    27.0801    27.1053     83.204     83.327      0.376    1480.57    1480.38  0.000e+00
       7819     84.500     7.2147     7.1418    -0.0729    3.51656    3.51115          1     6.0834     6.1520       9.95     0.0261  4.924e-11  1.000e-12  2.031e+00    34.6101    34.6239     0.0139    27.0816    27.1028     83.699     83.822      0.256    1480.38    1480.12  0.000e+00
       7872     85.000     7.1564     7.1356    -0.0208    3.51061    3.51002          1     6.0748     6.1537       9.95     0.0269  4.924e-11  1.000e-12  2.031e+00    34.6032    34.6176     0.0144    27.0844    27.0986     84.195     84.318      0.307    1480.16    1480.10  0.000e+00
