ctdpy/exports/archive_20191120_135557/received_data/SBE09_0827_20181004_2031_26_01_1011.cnv
* Sea-Bird SBE 9 Data File:
* FileName = D:\CTD_SBE911\DAT\26DA.2018.10.11.hex
* Software Version Seasave V 7.21d
* Temperature SN = 4548
* Conductivity SN = 3062
* Number of Bytes Per Scan = 48
* Number of Voltage Words = 5
* Number of Scans Averaged by the Deck Unit = 1
* NMEA Latitude = 56 11.34 N
* NMEA Longitude = 016 45.21 E
* NMEA UTC (Time) = Oct 04 2018  20:33:49
* NMEA baud rate = 4800
** Ship: DANA
** Average sound velocity: 1441.89 m/s
** True-depth calculation Thu, 28 Mar 2019 12:17:26 +0000
** CTD Python Module SMHI /ver 3-12/ feb 2012 
** LIMS Job: 20182601-1011
**  5NW Olands sodra grund
** Operator: Christian A-KTh
** Cruise: 10/2018
# nquan = 26
# nvalues = 82                          
# units = specified
# name 0 = scan: Scan Count
# name 1 = prDM: Pressure, Digiquartz [db]
# name 2 = t090C: Temperature [ITS-90, deg C]
# name 3 = t190C: Temperature, 2 [ITS-90, deg C]
# name 4 = T2-T190C: Temperature Difference, 2 - 1 [ITS-90, deg C]
# name 5 = c0S/m: Conductivity [S/m]
# name 6 = c1S/m: Conductivity, 2 [S/m]
# name 7 = pumps: Pump Status
# name 8 = sbeox1ML/L: Oxygen, SBE 43, 2 [ml/l]
# name 9 = sbeox0ML/L: Oxygen, SBE 43 [ml/l]
# name 10 = altM: Altimeter [m]
# name 11 = chloroflTC0: Chlorophyll, Turner Cyclops [ug/l]
# name 12 = cpar: CPAR/Corrected Irradiance [%]
# name 13 = par: PAR/Irradiance, Biospherical/Lico [µE/(cm^2*s)]
# name 14 = spar: SPAR, Biospherical/Licor
# name 15 = sal00: Salinity, Practical [PSU]
# name 16 = sal11: Salinity, Practical, 2 [PSU]
# name 17 = secS-priS: Salinity, Practical, Difference, 2 - 1 [PSU]
# name 18 = sigma-t00: Density [sigma-t, kg/m^3 ]
# name 19 = sigma-t11: Density, 2 [sigma-t, kg/m^3 ]
# name 20 = depSM: Depth [salt water, m], lat = 56.189
# name 21 = depFM: Depth [true depth, m], lat = 56.189
# name 22 = dz/dtM: Descent Rate [m/s], WS = 2
# name 23 = svCM: Sound Velocity [Chen-Millero, m/s]
# name 24 = svCM1: Sound Velocity, 2 [Chen-Millero, m/s]
# name 25 = flag: flag
# span 0 =        515,       5661       
# span 1 =      1.000,     41.500       
# span 2 =     4.6029,     6.9947       
# span 3 =     4.5890,     7.0035       
# span 4 =    -0.1524,     0.1226       
# span 5 =   0.843623,   0.943786       
# span 6 =   0.843633,   0.943782       
# span 7 =          1,          1       
# span 8 =     1.4861,     7.8830       
# span 9 =     1.4031,     7.3650       
# span 10 =       1.61,       9.96      
# span 11 =     0.0000,     0.0000      
# span 12 = 4.9241e-11, 4.9241e-11      
# span 13 = 1.0000e-12, 1.0000e-12      
# span 14 = 2.0308e+00, 2.0308e+00      
# span 15 =     7.4546,     8.8937      
# span 16 =     7.4548,     8.8937      
# span 17 =    -0.0013,     0.0404      
# span 18 =     5.8082,     7.0463      
# span 19 =     5.8086,     7.0463      
# span 20 =      0.991,     41.118      
# span 21 =      1.013,     42.016      
# span 22 =     -0.049,      0.406      
# span 23 =    1435.63,    1444.48      
# span 24 =    1435.58,    1444.51      
# span 25 = 0.0000e+00, 0.0000e+00      
# interval = decibars: 0.5              
# start_time = Oct 04 2018 20:33:50 [NMEA time, first data scan]
# bad_flag = -9.990e-29
*END*
        515      1.000     6.5728     6.5712    -0.0015    0.84371    0.84367          1     7.7954     7.2852       9.96     0.0000  4.924e-11  1.000e-12  2.031e+00     7.4549     7.4549     0.0000     5.8141     5.8143      0.991      1.013      0.220    1442.56    1442.56  0.000e+00
        584      1.500     6.5714     6.5717     0.0003    0.84366    0.84369          1     7.7867     7.2786       9.96     0.0000  4.924e-11  1.000e-12  2.031e+00     7.4547     7.4549     0.0002     5.8141     5.8142      1.486      1.519      0.406    1442.56    1442.57  0.000e+00
        622      2.000     6.5698     6.5694    -0.0004    0.84362    0.84363          1     7.7963     7.2841       9.96     0.0000  4.924e-11  1.000e-12  2.031e+00     7.4546     7.4548     0.0002     5.8141     5.8143      1.982      2.025      0.268    1442.57    1442.56  0.000e+00
        679      2.500     6.5744     6.5705    -0.0039    0.84379    0.84368          1     7.7986     7.2834       9.96     0.0000  4.924e-11  1.000e-12  2.031e+00     7.4551     7.4550    -0.0002     5.8142     5.8143      2.477      2.532      0.344    1442.60    1442.58  0.000e+00
        720      3.000     6.5881     6.5791    -0.0090    0.84415    0.84393          1     7.7927     7.2806       9.96     0.0000  4.924e-11  1.000e-12  2.031e+00     7.4555     7.4553    -0.0002     5.8137     5.8141      2.973      3.038      0.228    1442.66    1442.62  0.000e+00
        774      3.500     6.5921     6.6014     0.0093    0.84431    0.84454          1     7.7824     7.2822       9.96     0.0000  4.924e-11  1.000e-12  2.031e+00     7.4561     7.4562     0.0002     5.8139     5.8134      3.468      3.544      0.276    1442.69    1442.73  0.000e+00
        818      4.000     6.6103     6.6470     0.0366    0.84484    0.84585          1     7.7965     7.2976       9.96     0.0000  4.924e-11  1.000e-12  2.031e+00     7.4571     7.4587     0.0016     5.8135     5.8125      3.964      4.051      0.235    1442.77    1442.93  0.000e+00
        870      4.500     6.6559     6.7143     0.0584    0.84620    0.84789          1     7.8201     7.3055       9.96     0.0000  4.924e-11  1.000e-12  2.031e+00     7.4600     7.4633     0.0033     5.8130     5.8119      4.459      4.557      0.309    1442.98    1443.23  0.000e+00
        914      5.000     6.6950     6.7240     0.0288    0.84742    0.84817          1     7.7999     7.2960       9.96     0.0000  4.924e-11  1.000e-12  2.031e+00     7.4630     7.4638     0.0008     5.8128     5.8116      4.954      5.063      0.234    1443.15    1443.28  0.000e+00
        966      5.500     6.7616     6.8843     0.1226    0.84959    0.85312          1     7.8655     7.3485       9.96     0.0000  4.924e-11  1.000e-12  2.031e+00     7.4690     7.4755     0.0066     5.8132     5.8103      5.450      5.570      0.328    1443.45    1443.97  0.000e+00
       1000      6.000     6.8929     6.9112     0.0186    0.85359    0.85409          1     7.8571     7.3467       9.96     0.0000  4.924e-11  1.000e-12  2.031e+00     7.4781     7.4788     0.0007     5.8118     5.8112      5.945      6.076      0.283    1444.02    1444.10  0.000e+00
       1063      6.500     6.8865     6.8896     0.0032    0.85331    0.85332          1     7.8753     7.3438       9.96     0.0000  4.924e-11  1.000e-12  2.031e+00     7.4768     7.4762    -0.0006     5.8112     5.8105      6.441      6.582      0.245    1444.00    1444.01  0.000e+00
       1103      7.000     6.9860     7.0035     0.0176    0.85653    0.85685          1     7.8808     7.3607       9.96     0.0000  4.924e-11  1.000e-12  2.031e+00     7.4854     7.4846    -0.0007     5.8113     5.8095      6.936      7.089      0.300    1444.44    1444.51  0.000e+00
       1156      7.500     6.9947     7.0009     0.0062    0.85664    0.85664          1     7.8830     7.3650       9.96     0.0000  4.924e-11  1.000e-12  2.031e+00     7.4845     7.4832    -0.0013     5.8100     5.8086      7.431      7.595      0.213    1444.48    1444.50  0.000e+00
       1206      8.000     6.9847     6.9854     0.0007    0.85619    0.85619          1     7.8780     7.3641       9.96     0.0000  4.924e-11  1.000e-12  2.031e+00     7.4823     7.4822    -0.0001     5.8090     5.8089      7.927      8.101      0.263    1444.44    1444.45  0.000e+00
       1254      8.500     6.9635     6.9611    -0.0023    0.85547    0.85539          1     7.8502     7.3471       9.96     0.0000  4.924e-11  1.000e-12  2.031e+00     7.4802     7.4799    -0.0003     5.8087     5.8087      8.422      8.608      0.262    1444.36    1444.35  0.000e+00
       1295      9.000     6.9332     6.9268    -0.0065    0.85449    0.85432          1     7.8557     7.3472       9.96     0.0000  4.924e-11  1.000e-12  2.031e+00     7.4774     7.4772    -0.0002     5.8086     5.8089      8.918      9.114      0.279    1444.24    1444.21  0.000e+00
       1354      9.500     6.9494     6.9393    -0.0101    0.85496    0.85469          1     7.8544     7.3562       9.96     0.0000  4.924e-11  1.000e-12  2.031e+00     7.4783     7.4780    -0.0003     5.8082     5.8086      9.413      9.620      0.200    1444.31    1444.27  0.000e+00
       1404     10.000     6.8900     6.8938     0.0037    0.85317    0.85327          1     7.8565     7.3503       9.96     0.0000  4.924e-11  1.000e-12  2.031e+00     7.4743     7.4744     0.0001     5.8090     5.8089      9.909     10.127      0.295    1444.07    1444.08  0.000e+00
       1451     10.500     6.8808     6.8815     0.0009    0.85287    0.85294          1     7.8543     7.3620       9.96     0.0000  4.924e-11  1.000e-12  2.031e+00     7.4734     7.4739     0.0005     5.8089     5.8093     10.404     10.633      0.226    1444.03    1444.04  0.000e+00
       1502     11.000     6.8319     6.8100    -0.0221    0.85132    0.85087          1     7.8280     7.3479       9.96     0.0000  4.924e-11  1.000e-12  2.031e+00     7.4693     7.4698     0.0006     5.8089     5.8108     10.899     11.139      0.273    1443.83    1443.74  0.000e+00
       1542     11.500     6.7133     6.7322     0.0192    0.84786    0.84866          1     7.8115     7.3310       9.96     0.0000  4.924e-11  1.000e-12  2.031e+00     7.4624     7.4658     0.0035     5.8112     5.8127     11.395     11.645      0.303    1443.33    1443.42  0.000e+00
       1590     12.000     6.6533     6.6442    -0.0094    0.84635    0.84624          1     7.7976     7.3134       9.96     0.0000  4.924e-11  1.000e-12  2.031e+00     7.4611     7.4620     0.0009     5.8140     5.8153     11.890     12.152      0.215    1443.09    1443.05  0.000e+00
       1641     12.500     6.6209     6.6083    -0.0126    0.84559    0.84541          1     7.7938     7.3017       9.96     0.0000  4.924e-11  1.000e-12  2.031e+00     7.4608     7.4619     0.0010     5.8158     5.8174     12.386     12.658      0.291    1442.96    1442.90  0.000e+00
       1682     13.000     6.5720     6.5490    -0.0230    0.84438    0.84402          1     7.7781     7.2845       9.96     0.0000  4.924e-11  1.000e-12  2.031e+00     7.4600     7.4615     0.0016     5.8182     5.8208     12.881     13.164      0.254    1442.76    1442.66  0.000e+00
       1740     13.500     6.5312     6.5263    -0.0049    0.84368    0.84367          1     7.7737     7.2770       9.96     0.0000  4.924e-11  1.000e-12  2.031e+00     7.4621     7.4631     0.0010     5.8224     5.8235     13.377     13.671      0.217    1442.60    1442.58  0.000e+00
       1785     14.000     6.5264     6.5226    -0.0038    0.84391    0.84405          1     7.7689     7.2687       9.96     0.0000  4.924e-11  1.000e-12  2.031e+00     7.4653     7.4675     0.0022     5.8252     5.8272     13.872     14.177      0.312    1442.59    1442.57  0.000e+00
       1825     14.500     6.5189     6.5155    -0.0034    0.84435    0.84445          1     7.7581     7.2645       9.96     0.0000  4.924e-11  1.000e-12  2.031e+00     7.4711     7.4728     0.0017     5.8302     5.8318     14.367     14.683      0.275    1442.57    1442.56  0.000e+00
       1872     15.000     6.5140     6.5150     0.0010    0.84494    0.84524          1     7.7214     7.2405       9.96     0.0000  4.924e-11  1.000e-12  2.031e+00     7.4777     7.4803     0.0026     5.8357     5.8377     14.863     15.190      0.259    1442.57    1442.57  0.000e+00
       1915     15.500     6.5264     6.5318     0.0053    0.84652    0.84697          1     7.6910     7.2036       9.96     0.0000  4.924e-11  1.000e-12  2.031e+00     7.4899     7.4930     0.0031     5.8446     5.8467     15.358     15.696      0.285    1442.64    1442.67  0.000e+00
       1959     16.000     6.5733     6.5834     0.0101    0.84977    0.85034          1     7.6581     7.1692       9.96     0.0000  4.924e-11  1.000e-12  2.031e+00     7.5105     7.5137     0.0031     5.8579     5.8598     15.854     16.202      0.253    1442.87    1442.92  0.000e+00
       2010     16.500     6.6168     6.6209     0.0041    0.85247    0.85269          1     7.6258     7.1435       9.96     0.0000  4.924e-11  1.000e-12  2.031e+00     7.5265     7.5277     0.0012     5.8677     5.8685     16.349     16.709      0.231    1443.09    1443.11  0.000e+00
       2060     17.000     6.6281     6.6304     0.0023    0.85390    0.85413          1     7.5878     7.1123       9.96     0.0000  4.924e-11  1.000e-12  2.031e+00     7.5376     7.5392     0.0016     5.8758     5.8769     16.844     17.215      0.258    1443.16    1443.17  0.000e+00
       2102     17.500     6.6321     6.6364     0.0043    0.85445    0.85468          1     7.5611     7.0887       9.96     0.0000  4.924e-11  1.000e-12  2.031e+00     7.5418     7.5431     0.0013     5.8788     5.8796     17.340     17.721      0.307    1443.18    1443.21  0.000e+00
       2144     18.000     6.6491     6.6619     0.0128    0.85517    0.85565          1     7.5743     7.0826       9.96     0.0000  4.924e-11  1.000e-12  2.031e+00     7.5448     7.5466     0.0017     5.8801     5.8807     17.835     18.228      0.248    1443.27    1443.33  0.000e+00
       2196     18.500     6.6892     6.7050     0.0158    0.85676    0.85730          1     7.5906     7.0881       9.96     0.0000  4.924e-11  1.000e-12  2.031e+00     7.5510     7.5526     0.0016     5.8824     5.8827     18.331     18.734      0.271    1443.45    1443.52  0.000e+00
       2235     19.000     6.7166     6.7245     0.0079    0.85799    0.85824          1     7.5845     7.0936       9.96     0.0000  4.924e-11  1.000e-12  2.031e+00     7.5566     7.5573     0.0007     5.8850     5.8851     18.826     19.240      0.309    1443.58    1443.62  0.000e+00
       2280     19.500     6.7392     6.7478     0.0086    0.85887    0.85913          1     7.5943     7.0992       9.96     0.0000  4.924e-11  1.000e-12  2.031e+00     7.5599     7.5605     0.0006     5.8862     5.8862     19.321     19.746      0.227    1443.69    1443.73  0.000e+00
       2336     20.000     6.7505     6.7492    -0.0012    0.85939    0.85936          1     7.5793     7.1004       9.96     0.0000  4.924e-11  1.000e-12  2.031e+00     7.5623     7.5622    -0.0000     5.8874     5.8874     19.817     20.253      0.239    1443.75    1443.75  0.000e+00
       2379     20.500     6.6961     6.6765    -0.0196    0.85791    0.85756          1     7.5231     7.0646       9.96     0.0000  4.924e-11  1.000e-12  2.031e+00     7.5601     7.5612     0.0011     5.8892     5.8913     20.312     20.759      0.297    1443.53    1443.45  0.000e+00
       2424     21.000     6.6496     6.6438    -0.0058    0.85737    0.85741          1     7.4861     7.0283       9.96     0.0000  4.924e-11  1.000e-12  2.031e+00     7.5652     7.5669     0.0016     5.8961     5.8978     20.807     21.265      0.245    1443.35    1443.32  0.000e+00
       2473     21.500     6.6501     6.6497    -0.0004    0.85763    0.85773          1     7.4894     7.0098       9.96     0.0000  4.924e-11  1.000e-12  2.031e+00     7.5676     7.5686     0.0010     5.8980     5.8988     21.303     21.772      0.267    1443.36    1443.36  0.000e+00
       2513     22.000     6.6315     6.6197    -0.0118    0.85721    0.85700          1     7.4723     6.9904       9.96     0.0000  4.924e-11  1.000e-12  2.031e+00     7.5676     7.5682     0.0006     5.8991     5.9004     21.798     22.278      0.325    1443.29    1443.24  0.000e+00
       2552     22.500     6.6042     6.5996    -0.0047    0.85674    0.85682          1     7.4520     6.9796       9.96     0.0000  4.924e-11  1.000e-12  2.031e+00     7.5691     7.5709     0.0018     5.9021     5.9038     22.294     22.784      0.239    1443.18    1443.16  0.000e+00
       2618     23.000     6.6016     6.6001    -0.0014    0.85711    0.85719          1     7.4444     6.9595       9.96     0.0000  4.924e-11  1.000e-12  2.031e+00     7.5732     7.5742     0.0010     5.9054     5.9063     22.789     23.290      0.270    1443.18    1443.18  0.000e+00
       2655     23.500     6.6108     6.6145     0.0037    0.85764    0.85780          1     7.4354     6.9583       9.96     0.0000  4.924e-11  1.000e-12  2.031e+00     7.5761     7.5768     0.0007     5.9071     5.9075     23.284     23.797      0.316    1443.23    1443.25  0.000e+00
       2700     24.000     6.6352     6.6565     0.0212    0.85885    0.85979          1     7.4400     6.9540       9.96     0.0000  4.924e-11  1.000e-12  2.031e+00     7.5821     7.5862     0.0042     5.9103     5.9122     23.780     24.303      0.236    1443.35    1443.45  0.000e+00
       2750     24.500     6.6860     6.6915     0.0055    0.86126    0.86142          1     7.4162     6.9373       9.96     0.0000  4.924e-11  1.000e-12  2.031e+00     7.5936     7.5940     0.0004     5.9162     5.9161     24.275     24.809      0.266    1443.59    1443.61  0.000e+00
       2792     25.000     6.7153     6.7142    -0.0010    0.86260    0.86246          1     7.4052     6.9290       9.96     0.0000  4.924e-11  1.000e-12  2.031e+00     7.5998     7.5987    -0.0011     5.9192     5.9183     24.771     25.316      0.290    1443.73    1443.72  0.000e+00
       2836     25.500     6.7345     6.7393     0.0048    0.86342    0.86357          1     7.4017     6.9320       9.96     0.0000  4.924e-11  1.000e-12  2.031e+00     7.6032     7.6036     0.0004     5.9206     5.9206     25.266     25.822      0.256    1443.82    1443.84  0.000e+00
       2886     26.000     6.7380     6.7411     0.0031    0.86368    0.86382          1     7.3961     6.9211       9.96     0.0000  4.924e-11  1.000e-12  2.031e+00     7.6049     7.6055     0.0006     5.9217     5.9220     25.761     26.328      0.236    1443.85    1443.86  0.000e+00
       2939     26.500     6.7373     6.7393     0.0020    0.86377    0.86386          1     7.3934     6.9181       9.96     0.0000  4.924e-11  1.000e-12  2.031e+00     7.6058     7.6062     0.0004     5.9224     5.9226     26.257     26.834      0.225    1443.85    1443.86  0.000e+00
       2987     27.000     6.7402     6.7410     0.0008    0.86399    0.86407          1     7.3848     6.9069       9.96     0.0000  4.924e-11  1.000e-12  2.031e+00     7.6071     7.6078     0.0006     5.9233     5.9238     26.752     27.341      0.303    1443.87    1443.88  0.000e+00
       3022     27.500     6.7366     6.7367     0.0001    0.86400    0.86408          1     7.3796     6.9080       9.96     0.0000  4.924e-11  1.000e-12  2.031e+00     7.6081     7.6087     0.0007     5.9243     5.9248     27.247     27.847      0.328    1443.87    1443.87  0.000e+00
       3070     28.000     6.7383     6.7408     0.0025    0.86419    0.86433          1     7.3743     6.9010       9.96     0.0000  4.924e-11  1.000e-12  2.031e+00     7.6094     7.6102     0.0008     5.9252     5.9256     27.743     28.353      0.214    1443.89    1443.90  0.000e+00
