ctdpy/exports/archive_20191120_135557/received_data/SBE09_0827_20181012_1037_26_01_1080.cnv
* Sea-Bird SBE 9 Data File:
* FileName = D:\CTD_SBE911\DAT\26DA.2018.10.80.hex
* Software Version Seasave V 7.21d
* Temperature SN = 4548
* Conductivity SN = 3062
* Number of Bytes Per Scan = 48
* Number of Voltage Words = 5
* Number of Scans Averaged by the Deck Unit = 1
* NMEA Latitude = 55 46.73 N
* NMEA Longitude = 017 51.28 E
* NMEA UTC (Time) = Oct 12 2018  10:39:53
* NMEA baud rate = 4800
** Ship: DANA
** Average sound velocity: 1449.98 m/s
** True-depth calculation Thu, 28 Mar 2019 12:27:48 +0000
** CTD Python Module SMHI /ver 3-12/ feb 2012 
** LIMS Job: 20182601-1080
** Operator: Christian
** Cruise: 10/2018
# nquan = 26
# nvalues = 113                         
# units = specified
# name 0 = scan: Scan Count
# name 1 = prDM: Pressure, Digiquartz [db]
# name 2 = t090C: Temperature [ITS-90, deg C]
# name 3 = t190C: Temperature, 2 [ITS-90, deg C]
# name 4 = T2-T190C: Temperature Difference, 2 - 1 [ITS-90, deg C]
# name 5 = c0S/m: Conductivity [S/m]
# name 6 = c1S/m: Conductivity, 2 [S/m]
# name 7 = pumps: Pump Status
# name 8 = sbeox1ML/L: Oxygen, SBE 43, 2 [ml/l]
# name 9 = sbeox0ML/L: Oxygen, SBE 43 [ml/l]
# name 10 = altM: Altimeter [m]
# name 11 = chloroflTC0: Chlorophyll, Turner Cyclops [ug/l]
# name 12 = cpar: CPAR/Corrected Irradiance [%]
# name 13 = par: PAR/Irradiance, Biospherical/Lico [µE/(cm^2*s)]
# name 14 = spar: SPAR, Biospherical/Licor
# name 15 = sal00: Salinity, Practical [PSU]
# name 16 = sal11: Salinity, Practical, 2 [PSU]
# name 17 = secS-priS: Salinity, Practical, Difference, 2 - 1 [PSU]
# name 18 = sigma-t00: Density [sigma-t, kg/m^3 ]
# name 19 = sigma-t11: Density, 2 [sigma-t, kg/m^3 ]
# name 20 = depSM: Depth [salt water, m], lat = 55.7788
# name 21 = depFM: Depth [true depth, m], lat = 55.7788
# name 22 = dz/dtM: Descent Rate [m/s], WS = 2
# name 23 = svCM: Sound Velocity [Chen-Millero, m/s]
# name 24 = svCM1: Sound Velocity, 2 [Chen-Millero, m/s]
# name 25 = flag: flag
# span 0 =         36,       5379       
# span 1 =      1.000,     57.000       
# span 2 =     3.8690,    13.3044       
# span 3 =     3.8685,    13.3026       
# span 4 =    -0.3589,     0.0773       
# span 5 =   0.793660,   0.989616       
# span 6 =   0.793934,   0.989573       
# span 7 =          1,          1       
# span 8 =     2.9479,     7.4197       
# span 9 =     2.7902,     6.9907       
# span 10 =       1.37,       9.99      
# span 11 =     0.0160,     0.0349      
# span 12 = 6.0295e-14, 8.5262e+00      
# span 13 = 1.0000e-12, 1.4024e+02      
# span 14 = 1.6391e+03, 1.6585e+03      
# span 15 =     7.3487,     8.8423      
# span 16 =     7.3490,     8.8446      
# span 17 =    -0.0002,     0.0398      
# span 18 =     5.0189,     7.0134      
# span 19 =     5.0192,     7.0151      
# span 20 =      0.991,     56.475      
# span 21 =      1.013,     57.728      
# span 22 =      0.141,      0.663      
# span 23 =    1431.87,    1468.79      
# span 24 =    1431.84,    1468.78      
# span 25 = 0.0000e+00, 0.0000e+00      
# interval = decibars: 0.5              
# start_time = Oct 12 2018 10:39:53 [NMEA time, first data scan]
# bad_flag = -9.990e-29
*END*
         36      1.000    13.2921    13.2913    -0.0008    0.98923    0.98919          1     7.0088     6.5594       9.99     0.0260  8.526e+00  1.402e+02  1.645e+03     7.3492     7.3490    -0.0002     5.0206     5.0206      0.991      1.013      0.144    1468.63    1468.63  0.000e+00
        153      1.500    13.2917    13.2914    -0.0003    0.98921    0.98921          1     7.0102     6.5575       9.99     0.0278  7.407e+00  1.219e+02  1.645e+03     7.3491     7.3492     0.0001     5.0206     5.0207      1.486      1.520      0.260    1468.65    1468.65  0.000e+00
        252      2.000    13.2915    13.2910    -0.0005    0.98921    0.98921          1     7.0127     6.5597       9.99     0.0294  6.265e+00  1.032e+02  1.647e+03     7.3491     7.3492     0.0001     5.0206     5.0208      1.982      2.027      0.268    1468.66    1468.65  0.000e+00
        301      2.500    13.2916    13.2919     0.0003    0.98923    0.98925          1     7.0108     6.5592       9.99     0.0302  5.023e+00  8.298e+01  1.652e+03     7.3491     7.3492     0.0001     5.0206     5.0207      2.477      2.534      0.257    1468.66    1468.66  0.000e+00
        360      3.000    13.2919    13.2921     0.0002    0.98924    0.98926          1     7.0115     6.5562       9.99     0.0321  4.385e+00  7.217e+01  1.646e+03     7.3492     7.3493     0.0001     5.0206     5.0207      2.973      3.040      0.472    1468.67    1468.67  0.000e+00
        380      3.500    13.2942    13.2940    -0.0002    0.98931    0.98931          1     7.0100     6.5614       9.99     0.0337  3.163e+00  5.206e+01  1.646e+03     7.3492     7.3493     0.0000     5.0203     5.0204      3.468      3.547      0.490    1468.69    1468.69  0.000e+00
        450      4.000    13.2957    13.2951    -0.0006    0.98935    0.98934          1     7.0081     6.5574       9.99     0.0341  3.072e+00  5.065e+01  1.649e+03     7.3492     7.3493     0.0001     5.0201     5.0202      3.964      4.054      0.391    1468.70    1468.70  0.000e+00
        494      4.500    13.2923    13.2944     0.0020    0.98927    0.98933          1     7.0186     6.5636       9.99     0.0342  2.622e+00  4.315e+01  1.646e+03     7.3491     7.3493     0.0001     5.0205     5.0203      4.459      4.561      0.619    1468.70    1468.71  0.000e+00
        523      5.000    13.2928    13.2929     0.0001    0.98929    0.98931          1     7.0187     6.5656       9.99     0.0348  2.265e+00  3.733e+01  1.649e+03     7.3491     7.3493     0.0001     5.0205     5.0205      4.955      5.067      0.433    1468.71    1468.71  0.000e+00
        612      5.500    13.2930    13.2955     0.0025    0.98931    0.98937          1     7.0000     6.5549       9.99     0.0333  1.722e+00  2.836e+01  1.647e+03     7.3492     7.3492    -0.0000     5.0205     5.0201      5.450      5.574      0.602    1468.72    1468.73  0.000e+00
        627      6.000    13.3000    13.2975    -0.0025    0.98950    0.98943          1     7.0071     6.5622       9.99     0.0341  1.590e+00  2.616e+01  1.645e+03     7.3494     7.3492    -0.0001     5.0196     5.0198      5.945      6.081      0.625    1468.75    1468.74  0.000e+00
        675      6.500    13.3025    13.3019    -0.0007    0.98956    0.98955          1     7.0094     6.5664       9.99     0.0338  1.317e+00  2.169e+01  1.646e+03     7.3493     7.3494     0.0001     5.0191     5.0193      6.441      6.587      0.443    1468.77    1468.77  0.000e+00
        744      7.000    13.3044    13.3026    -0.0017    0.98962    0.98957          1     7.0120     6.5615       9.99     0.0330  1.117e+00  1.837e+01  1.645e+03     7.3493     7.3494     0.0000     5.0189     5.0192      6.936      7.094      0.663    1468.78    1468.78  0.000e+00
        773      7.500    13.3029    13.3017    -0.0012    0.98957    0.98955          1     7.0161     6.5602       9.99     0.0330  9.353e-01  1.537e+01  1.643e+03     7.3492     7.3493     0.0001     5.0191     5.0193      7.432      7.601      0.455    1468.79    1468.78  0.000e+00
        863      8.000    13.2985    13.2967    -0.0018    0.98946    0.98944          1     7.0182     6.5645       9.99     0.0330  8.278e-01  1.365e+01  1.649e+03     7.3492     7.3493     0.0001     5.0196     5.0200      7.927      8.108      0.605    1468.78    1468.77  0.000e+00
        880      8.500    13.2971    13.2962    -0.0010    0.98944    0.98943          1     7.0154     6.5634       9.99     0.0341  7.646e-01  1.256e+01  1.643e+03     7.3491     7.3492     0.0001     5.0198     5.0200      8.423      8.614      0.553    1468.78    1468.78  0.000e+00
        944      9.000    13.2954    13.2941    -0.0013    0.98940    0.98938          1     7.0174     6.5712       9.99     0.0343  6.442e-01  1.062e+01  1.649e+03     7.3491     7.3492     0.0001     5.0200     5.0203      8.918      9.121      0.343    1468.78    1468.78  0.000e+00
        988      9.500    13.2924    13.2925     0.0000    0.98932    0.98934          1     7.0084     6.5713       9.99     0.0340  5.878e-01  9.699e+00  1.650e+03     7.3490     7.3492     0.0002     5.0204     5.0206      9.414      9.628      0.547    1468.78    1468.78  0.000e+00
       1016     10.000    13.2916    13.2901    -0.0016    0.98931    0.98929          1     7.0075     6.5717       9.99     0.0349  5.080e-01  8.360e+00  1.646e+03     7.3490     7.3492     0.0001     5.0205     5.0209      9.909     10.134      0.377    1468.79    1468.78  0.000e+00
       1102     10.500    13.2732    13.2702    -0.0030    0.98883    0.98881          1     6.9964     6.5678       9.99     0.0334  4.423e-01  7.312e+00  1.653e+03     7.3487     7.3491     0.0004     5.0230     5.0237     10.404     10.641      0.378    1468.73    1468.72  0.000e+00
       1125     11.000    13.2658    13.2656    -0.0002    0.98868    0.98871          1     6.9975     6.5573       9.99     0.0333  3.921e-01  6.464e+00  1.648e+03     7.3489     7.3491     0.0002     5.0242     5.0244     10.900     11.148      0.399    1468.71    1468.71  0.000e+00
       1176     11.500    13.2665    13.2644    -0.0020    0.98872    0.98869          1     7.0004     6.5496       9.99     0.0326  3.264e-01  5.387e+00  1.650e+03     7.3490     7.3492     0.0001     5.0243     5.0247     11.395     11.655      0.237    1468.72    1468.71  0.000e+00
       1225     12.000    13.2625    13.2618    -0.0006    0.98864    0.98865          1     7.0001     6.5577       9.99     0.0332  2.883e-01  4.755e+00  1.650e+03     7.3490     7.3493     0.0002     5.0248     5.0251     11.891     12.161      0.360    1468.71    1468.71  0.000e+00
       1258     12.500    13.2604    13.2584    -0.0021    0.98860    0.98857          1     7.0016     6.5454       9.99     0.0335  2.606e-01  4.292e+00  1.647e+03     7.3491     7.3493     0.0002     5.0252     5.0256     12.386     12.668      0.320    1468.71    1468.71  0.000e+00
       1308     13.000    13.2565    13.2537    -0.0028    0.98852    0.98848          1     6.9962     6.5553       9.99     0.0329  2.157e-01  3.569e+00  1.654e+03     7.3492     7.3493     0.0002     5.0258     5.0264     12.882     13.175      0.214    1468.71    1468.70  0.000e+00
       1360     13.500    13.2413    13.2454     0.0042    0.98815    0.98829          1     6.9716     6.5460       9.99     0.0328  1.911e-01  3.143e+00  1.645e+03     7.3490     7.3494     0.0004     5.0279     5.0276     13.377     13.682      0.261    1468.66    1468.68  0.000e+00
       1408     14.000    13.2277    13.2284     0.0007    0.98788    0.98793          1     6.9793     6.5429       9.99     0.0329  1.703e-01  2.811e+00  1.651e+03     7.3494     7.3497     0.0003     5.0302     5.0304     13.872     14.188      0.228    1468.62    1468.62  0.000e+00
       1459     14.500    13.2076    13.2038    -0.0038    0.98743    0.98741          1     6.9874     6.5405       9.99     0.0322  1.386e-01  2.295e+00  1.655e+03     7.3497     7.3502     0.0005     5.0334     5.0343     14.368     14.695      0.289    1468.56    1468.54  0.000e+00
       1495     15.000    13.1898    13.1883    -0.0015    0.98708    0.98708          1     6.9818     6.5483       9.99     0.0317  1.291e-01  2.122e+00  1.644e+03     7.3502     7.3505     0.0003     5.0364     5.0368     14.863     15.202      0.334    1468.50    1468.50  0.000e+00
       1534     15.500    13.1753    13.1725    -0.0028    0.98679    0.98678          1     6.9889     6.5463       9.99     0.0321  1.154e-01  1.905e+00  1.651e+03     7.3506     7.3510     0.0004     5.0388     5.0395     15.359     15.708      0.276    1468.46    1468.45  0.000e+00
       1582     16.000    13.1623    13.1595    -0.0028    0.98654    0.98653          1     6.9884     6.5487       9.99     0.0317  9.341e-02  1.546e+00  1.655e+03     7.3511     7.3516     0.0005     5.0410     5.0418     15.854     16.215      0.250    1468.42    1468.41  0.000e+00
       1626     16.500    13.1366    13.1341    -0.0025    0.98603    0.98603          1     6.9863     6.5496       9.99     0.0325  8.739e-02  1.437e+00  1.644e+03     7.3519     7.3523     0.0004     5.0454     5.0461     16.350     16.722      0.303    1468.34    1468.33  0.000e+00
       1665     17.000    13.1167    13.1114    -0.0054    0.98562    0.98557          1     6.9573     6.5440       9.98     0.0316  7.251e-02  1.199e+00  1.653e+03     7.3524     7.3529     0.0006     5.0486     5.0499     16.845     17.229      0.244    1468.27    1468.26  0.000e+00
       1743     17.500    13.0885    13.0812    -0.0072    0.98506    0.98501          1     6.9625     6.5358       9.98     0.0296  6.697e-02  1.103e+00  1.647e+03     7.3532     7.3542     0.0010     5.0534     5.0552     17.340     17.735      0.314    1468.18    1468.16  0.000e+00
       1770     18.000    13.0485    13.0388    -0.0098    0.98423    0.98412          1     6.9716     6.5247       9.98     0.0295  5.787e-02  9.549e-01  1.650e+03     7.3542     7.3552     0.0010     5.0599     5.0621     17.836     18.242      0.428    1468.05    1468.01  0.000e+00
       1815     18.500    13.0210    13.0131    -0.0080    0.98367    0.98357          1     6.9672     6.5157       9.98     0.0307  4.522e-02  7.476e-01  1.653e+03     7.3549     7.3557     0.0007     5.0645     5.0662     18.331     18.749      0.264    1467.96    1467.93  0.000e+00
       1868     19.000    13.0019    12.9939    -0.0080    0.98328    0.98320          1     6.9497     6.5052       9.98     0.0294  4.391e-02  7.240e-01  1.649e+03     7.3554     7.3563     0.0009     5.0676     5.0695     18.827     19.255      0.427    1467.90    1467.87  0.000e+00
       1892     19.500    12.9699    12.9550    -0.0149    0.98257    0.98235          1     6.9490     6.5075       9.98     0.0291  3.644e-02  6.013e-01  1.650e+03     7.3558     7.3569     0.0011     5.0725     5.0755     19.322     19.762      0.416    1467.79    1467.74  0.000e+00
       1948     20.000    12.9236    12.8952    -0.0285    0.98155    0.98105          1     6.9309     6.5004       9.98     0.0287  2.885e-02  4.767e-01  1.652e+03     7.3565     7.3579     0.0014     5.0796     5.0848     19.817     20.269      0.241    1467.63    1467.53  0.000e+00
       1997     20.500    12.8077    12.7852    -0.0224    0.97892    0.97865          1     6.8895     6.4745       9.98     0.0274  2.741e-02  4.517e-01  1.648e+03     7.3575     7.3597     0.0022     5.0969     5.1018     20.313     20.775      0.343    1467.22    1467.14  0.000e+00
       2035     21.000    12.7165    12.6682    -0.0482    0.97690    0.97597          1     6.8710     6.4559       9.98     0.0268  2.098e-02  3.468e-01  1.653e+03     7.3588     7.3606     0.0018     5.1107     5.1189     20.808     21.282      0.239    1466.90    1466.73  0.000e+00
       2102     21.500    12.4626    12.4086    -0.0542    0.97083    0.97005          1     6.8135     6.4232       9.98     0.0256  1.777e-02  2.931e-01  1.649e+03     7.3586     7.3627     0.0041     5.1458     5.1564     21.304     21.789      0.285    1465.98    1465.79  0.000e+00
       2133     22.000    12.1356    12.0359    -0.0998    0.96339    0.96204          1     6.7268     6.3435       9.98     0.0253  1.572e-02  2.590e-01  1.647e+03     7.3614     7.3698     0.0084     5.1923     5.2120     21.799     22.295      0.401    1464.79    1464.43  0.000e+00
       2169     22.500    11.6857    11.5460    -0.1406    0.95471    0.95269          1     6.7661     6.3574       9.98     0.0266  1.103e-02  1.826e-01  1.656e+03     7.3780     7.3888     0.0108     5.2641     5.2903     22.294     22.802      0.245    1463.15    1462.64  0.000e+00
       2230     23.000    11.5060    11.4692    -0.0367    0.95221    0.95205          1     6.8462     6.4303       9.98     0.0256  9.117e-03  1.504e-01  1.650e+03     7.3927     7.3986     0.0060     5.2982     5.3075     22.790     23.309      0.300    1462.50    1462.37  0.000e+00
       2262     23.500    11.3284    11.2544    -0.0740    0.94889    0.94807          1     6.8765     6.4374       9.98     0.0257  7.484e-03  1.234e-01  1.648e+03     7.4001     7.4079     0.0078     5.3262     5.3413     23.285     23.815      0.356    1461.85    1461.58  0.000e+00
       2313     24.000    11.0706    10.9636    -0.1070    0.94378    0.94215          1     6.9004     6.4834       9.98     0.0255  4.495e-03  7.432e-02  1.653e+03     7.4086     7.4162     0.0076     5.3642     5.3830     23.781     24.322      0.227    1460.90    1460.50  0.000e+00
       2368     24.500    10.8294    10.7806    -0.0488    0.93930    0.93900          1     6.9371     6.5009       9.98     0.0259  3.445e-03  5.687e-02  1.651e+03     7.4190     7.4262     0.0073     5.4011     5.4125     24.276     24.828      0.368    1460.00    1459.82  0.000e+00
       2398     25.000    10.6852    10.6459    -0.0394    0.93683    0.93659          1     6.9824     6.5229       9.98     0.0256  1.441e-03  2.379e-02  1.651e+03     7.4270     7.4329     0.0059     5.4241     5.4333     24.771     25.335      0.317    1459.47    1459.32  0.000e+00
       2466     25.500    10.5600    10.4881    -0.0730    0.93437    0.93312          1     6.9785     6.6197       9.98     0.0263  7.871e-05  1.300e-03  1.653e+03     7.4312     7.4351     0.0039     5.4419     5.4531     25.267     25.841      0.320    1459.00    1458.73  0.000e+00
       2495     26.000    10.1222     9.8426    -0.2783    0.92108    0.91549          1     6.8280     6.4893       9.98     0.0260  6.049e-14  1.000e-12  1.653e+03     7.4057     7.4142     0.0085     5.4706     5.5071     25.762     26.348      0.503    1457.29    1456.21  0.000e+00
       2520     26.500     9.3536     8.9949    -0.3589    0.90010    0.89243          1     6.8673     6.4807       9.98     0.0241  6.056e-14  1.000e-12  1.651e+03     7.3795     7.3854     0.0059     5.5300     5.5695     26.258     26.854      0.367    1454.25    1452.83  0.000e+00
       2600     27.000     8.6877     8.5713    -0.1158    0.88299    0.88118          1     6.9825     6.5936       9.98     0.0220  6.053e-14  1.000e-12  1.652e+03     7.3648     7.3727     0.0080     5.5820     5.5987     26.753     27.361      0.309    1451.59    1451.13  0.000e+00
       2628     27.500     8.3048     8.1756    -0.1295    0.87344    0.87191          1     7.0424     6.5918       9.98     0.0212  6.057e-14  1.000e-12  1.651e+03     7.3583     7.3714     0.0131     5.6106     5.6316     27.248     27.867      0.420    1450.04    1449.53  0.000e+00
       2671     28.000     7.8877     7.7303    -0.1579    0.86474    0.86242          1     7.1200     6.6951       9.98     0.0208  6.057e-14  1.000e-12  1.651e+03     7.3663     7.3782     0.0119     5.6513     5.6731     27.744     28.374      0.248    1448.36    1447.73  0.000e+00
