ctdpy/exports/archive_20191120_135557/received_data/SBE09_1044_20181206_0334_34_01_0156.cnv
* Sea-Bird SBE 9 Data File:
* FileName = C:\ctd\temp\ar18d156.hex
* Software Version Seasave V 7.26.7.107
* Temperature SN = 5351
* Conductivity SN = 3941
* Number of Bytes Per Scan = 41
* Number of Voltage Words = 4
* Number of Scans Averaged by the Deck Unit = 1
* NMEA Latitude = 55 33.33 N
* NMEA Longitude = 018 24.03 E
* NMEA UTC (Time) = Dec 06 2018  03:34:42
* NMEA baud rate = 4800
** Station:  BCSIII-10
** Operator:  ASkj
** Ship: ARANDA
** Average sound velocity: 1446.60 m/s
** True-depth calculation Sun, 09 Dec 2018 14:42:56 +0000
** CTD Python Module SMHI /ver 3-12/ feb 2012 
** LIMS Job: 20183401-0156
** Cruise: SMHI-7-2018
** Latitude [GG MM.mm N]:
** Longitude [GG MM.mm E]
# nquan = 26
# nvalues = 163                         
# units = specified
# name 0 = scan: Scan Count
# name 1 = prDM: Pressure, Digiquartz [db]
# name 2 = t090C: Temperature [ITS-90, deg C]
# name 3 = t190C: Temperature, 2 [ITS-90, deg C]
# name 4 = T2-T190C: Temperature Difference, 2 - 1 [ITS-90, deg C]
# name 5 = c0S/m: Conductivity [S/m]
# name 6 = c1S/m: Conductivity, 2 [S/m]
# name 7 = pumps: Pump Status
# name 8 = sbeox0ML/L: Oxygen, SBE 43 [ml/l]
# name 9 = sbeox1ML/L: Oxygen, SBE 43, 2 [ml/l]
# name 10 = altM: Altimeter [m]
# name 11 = flECO-AFL: Chl-a Fluorescence, WET Labs ECO-AFL/FL [mg/m^3]
# name 12 = flECO-AFL1: Phycocyanin Fluorescence, WET Labs ECO-AFL/FL, 2 [mg/m^3]
# name 13 = par: PAR/Irradiance, Biospherical/Lico [µE/(cm^2*s)]
# name 14 = turbWETntu0: Turbidity, WET Labs ECO [NTU]
# name 15 = sal00: Salinity, Practical [PSU]
# name 16 = sal11: Salinity, Practical, 2 [PSU]
# name 17 = secS-priS: Salinity, Practical, Difference, 2 - 1 [PSU]
# name 18 = sigma-t00: Density [sigma-t, Kg/m^3 ]
# name 19 = sigma-t11: Density, 2 [sigma-t, Kg/m^3 ]
# name 20 = depSM: Depth [salt water, m], lat = 55.5555
# name 21 = depFM: Depth [true depth, m], lat = 55.5555
# name 22 = dz/dtM: Descent Rate [m/s], WS = 2
# name 23 = svCM: Sound Velocity [Chen-Millero, m/s]
# name 24 = svCM1: Sound Velocity, 2 [Chen-Millero, m/s]
# name 25 = flag: flag
# span 0 =      22037,      26977       
# span 1 =      0.500,     81.500       
# span 2 =     4.5602,     7.7409       
# span 3 =     4.5608,     7.7421       
# span 4 =    -0.0286,     0.1121       
# span 5 =   0.857132,   1.218704       
# span 6 =   0.857117,   1.218627       
# span 7 =          1,          1       
# span 8 =    0.12657,    7.81512       
# span 9 =    1.98084,    7.63980       
# span 10 =       5.65,      97.80      
# span 11 =     0.2725,     1.0684      
# span 12 =     0.1774,     0.3955      
# span 13 = -6.319e-04, 4.8117e-01      
# span 14 =    -0.1171,     1.5796      
# span 15 =     7.4120,    11.0261      
# span 16 =     7.3903,    11.0251      
# span 17 =    -0.0217,     0.0353      
# span 18 =     5.6997,     8.6127      
# span 19 =     5.6832,     8.6119      
# span 20 =      0.495,     80.745      
# span 21 =      0.506,     82.490      
# span 22 =     -0.284,      0.954      
# span 23 =    1435.57,    1448.85      
# span 24 =    1435.56,    1448.85      
# span 25 = 0.0000e+00, 0.0000e+00      
# interval = decibars: 0.5              
# start_time = Dec 06 2018 03:34:42 [NMEA time, first data scan]
# bad_flag = -9.990e-29
*END*
[from data line 56]
      23478     28.500     7.7023     7.7033     0.0010    0.86555    0.86554          1     7.6651     5.7316      49.97     0.9818     0.3081  1.000e-12  0.2253000     7.4128     7.4126    -0.0003     5.7024     5.7021     28.240     28.864      0.473    1447.66    1447.67  0.000e+00
      23501     29.000     7.7025     7.7036     0.0011    0.86556    0.86555          1     7.6653     5.7384      34.16     0.9443     0.3167  1.000e-12  0.2117000     7.4128     7.4125    -0.0003     5.7024     5.7020     28.735     29.370      0.525    1447.67    1447.68  0.000e+00
      23524     29.500     7.7027     7.7035     0.0008    0.86557    0.86556          1     7.6702     5.7273      37.55     0.9170     0.3230  1.000e-12  0.2190000     7.4129     7.4125    -0.0003     5.7024     5.7020     29.231     29.876      0.501    1447.68    1447.68  0.000e+00
      23549     30.000     7.7028     7.7038     0.0010    0.86558    0.86557          1     7.6697     5.7184      59.21     0.9550     0.3105  1.000e-12  0.2303000     7.4128     7.4125    -0.0003     5.7023     5.7020     29.726     30.383      0.473    1447.69    1447.69  0.000e+00
      23574     30.500     7.7032     7.7039     0.0008    0.86559    0.86558          1     7.6678     5.7116      59.11     1.0001     0.3143  1.000e-12  0.2217000     7.4128     7.4125    -0.0003     5.7023     5.7020     30.221     30.889      0.537    1447.70    1447.70  0.000e+00
      23594     31.000     7.7037     7.7047     0.0011    0.86561    0.86560          1     7.6714     5.7149      62.02     1.0339     0.3302  1.000e-12  0.2414000     7.4128     7.4125    -0.0003     5.7022     5.7019     30.717     31.396      0.637    1447.71    1447.71  0.000e+00
      23612     31.500     7.7039     7.7050     0.0012    0.86562    0.86562          1     7.6768     5.7094      84.75     0.9656     0.3663  1.000e-12  0.2329000     7.4128     7.4125    -0.0003     5.7022     5.7019     31.212     31.902      0.656    1447.72    1447.72  0.000e+00
      23631     32.000     7.7037     7.7049     0.0012    0.86562    0.86562          1     7.6767     5.7023      63.84     0.9140     0.3307  1.000e-12  0.2259000     7.4128     7.4125    -0.0003     5.7022     5.7019     31.708     32.408      0.544    1447.72    1447.73  0.000e+00
      23660     32.500     7.7035     7.7048     0.0013    0.86561    0.86561          1     7.6734     5.7002      68.40     0.9615     0.3431  1.000e-12  0.2247000     7.4127     7.4124    -0.0003     5.7022     5.7019     32.203     32.915      0.383    1447.73    1447.74  0.000e+00
      23691     33.000     7.7039     7.7048     0.0009    0.86563    0.86561          1     7.6760     5.6900      71.05     0.9576     0.3187  1.000e-12  0.2132000     7.4127     7.4123    -0.0004     5.7021     5.7018     32.698     33.421      0.512    1447.74    1447.74  0.000e+00
      23710     33.500     7.7038     7.7045     0.0008    0.86564    0.86562          1     7.6763     5.6979      34.36     0.9362     0.3200  1.000e-12  0.2183000     7.4128     7.4124    -0.0003     5.7022     5.7019     33.194     33.928      0.727    1447.75    1447.75  0.000e+00
      23724     34.000     7.7038     7.7046     0.0008    0.86565    0.86562          1     7.6759     5.7044      40.69     0.9043     0.3178  1.000e-12  0.2245000     7.4128     7.4124    -0.0004     5.7022     5.7018     33.689     34.434      0.785    1447.76    1447.76  0.000e+00
      23740     34.500     7.7036     7.7045     0.0009    0.86565    0.86563          1     7.6763     5.7066      19.80     0.9017     0.3073  1.000e-12  0.2209000     7.4128     7.4124    -0.0003     5.7022     5.7019     34.185     34.940      0.677    1447.76    1447.77  0.000e+00
      23766     35.000     7.7032     7.7042     0.0010    0.86564    0.86563          1     7.6700     5.7057      25.39     0.9249     0.3186  1.000e-12  0.2134000     7.4127     7.4124    -0.0003     5.7022     5.7019     34.680     35.447      0.376    1447.77    1447.77  0.000e+00
      23808     35.500     7.7027     7.7041     0.0015    0.86564    0.86564          1     7.6650     5.7108      28.72     1.0684     0.3592  1.000e-12  0.2204000     7.4128     7.4124    -0.0004     5.7023     5.7019     35.175     35.953      0.398    1447.78    1447.78  0.000e+00
      23828     36.000     7.7019     7.7035     0.0015    0.86563    0.86563          1     7.6674     5.7141      16.04     1.0085     0.3955  1.000e-12  0.2436000     7.4128     7.4125    -0.0003     5.7024     5.7020     35.671     36.459      0.697    1447.78    1447.79  0.000e+00
      23843     36.500     7.7022     7.7034     0.0012    0.86564    0.86563          1     7.6698     5.7177      42.18     0.9682     0.3663  1.000e-12  0.2371000     7.4128     7.4124    -0.0004     5.7023     5.7019     36.166     36.966      0.786    1447.79    1447.79  0.000e+00
      23858     37.000     7.7036     7.7047     0.0011    0.86567    0.86565          1     7.6726     5.7129      16.85     0.9403     0.3536  1.000e-12  0.2356000     7.4126     7.4123    -0.0004     5.7021     5.7017     36.661     37.472      0.739    1447.81    1447.81  0.000e+00
      23876     37.500     7.7041     7.7051     0.0011    0.86569    0.86567          1     7.6727     5.7079      33.28     0.9043     0.3347  1.000e-12  0.2250000     7.4126     7.4123    -0.0004     5.7021     5.7017     37.157     37.979      0.570    1447.81    1447.82  0.000e+00
      23905     38.000     7.7044     7.7049     0.0005    0.86570    0.86567          1     7.6704     5.7044      25.78     0.9356     0.3205  1.000e-12  0.2368000     7.4127     7.4123    -0.0004     5.7021     5.7017     37.652     38.485      0.359    1447.82    1447.82  0.000e+00
      23939     38.500     7.7034     7.7045     0.0011    0.86567    0.86567          1     7.6712     5.7062      17.61     0.9430     0.3269  1.000e-12  0.2266000     7.4125     7.4123    -0.0003     5.7020     5.7018     38.148     38.991      0.481    1447.83    1447.83  0.000e+00
      23959     39.000     7.7039     7.7045     0.0006    0.86569    0.86566          1     7.6695     5.7119      37.33     0.9503     0.3261  1.000e-12  0.2415000     7.4125     7.4121    -0.0004     5.7020     5.7016     38.643     39.498      0.666    1447.84    1447.84  0.000e+00
      23975     39.500     7.7034     7.7045     0.0011    0.86567    0.86567          1     7.6696     5.7043      16.96     0.9176     0.2625  1.000e-12  0.2371000     7.4124     7.4122    -0.0003     5.7020     5.7017     39.138     40.004      0.693    1447.84    1447.85  0.000e+00
      23994     40.000     7.7032     7.7042     0.0011    0.86568    0.86567          1     7.6709     5.7037      33.41     0.9316     0.3230  1.000e-12  0.2286000     7.4125     7.4121    -0.0003     5.7020     5.7017     39.634     40.511      0.572    1447.85    1447.85  0.000e+00
      24022     40.500     7.7029     7.7041     0.0013    0.86568    0.86567          1     7.6717     5.7078      36.45     0.9440     0.3356  1.000e-12  0.2248000     7.4125     7.4122    -0.0003     5.7020     5.7017     40.129     41.017      0.374    1447.86    1447.86  0.000e+00
      24054     41.000     7.7030     7.7041     0.0011    0.86568    0.86568          1     7.6725     5.7150      48.61     0.9836     0.3149  1.000e-12  0.2458000     7.4124     7.4121    -0.0003     5.7020     5.7017     40.624     41.523      0.519    1447.87    1447.87  0.000e+00
      24072     41.500     7.7032     7.7041     0.0010    0.86570    0.86568          1     7.6723     5.7141      25.59     0.9532     0.3305  1.000e-12  0.2305000     7.4125     7.4121    -0.0003     5.7020     5.7017     41.120     42.030      0.751    1447.87    1447.88  0.000e+00
      24087     42.000     7.7033     7.7044     0.0011    0.86570    0.86570          1     7.6728     5.7139      15.03     0.9255     0.3316  1.000e-12  0.2183000     7.4124     7.4122    -0.0003     5.7020     5.7017     41.615     42.536      0.814    1447.88    1447.89  0.000e+00
      24101     42.500     7.7031     7.7042     0.0012    0.86571    0.86570          1     7.6750     5.7116      23.28     0.9234     0.2838  1.000e-12  0.2306000     7.4124     7.4122    -0.0003     5.7020     5.7017     42.111     43.042      0.719    1447.89    1447.89  0.000e+00
      24124     43.000     7.7030     7.7041     0.0011    0.86571    0.86571          1     7.6714     5.7044      42.29     0.9094     0.3000  1.000e-12  0.2343000     7.4125     7.4122    -0.0003     5.7020     5.7017     42.606     43.549      0.408    1447.90    1447.90  0.000e+00
      24175     43.500     7.7034     7.7042     0.0008    0.86575    0.86572          1     7.6648     5.6884      44.44     0.9538     0.3556  1.000e-12  0.2325000     7.4126     7.4122    -0.0004     5.7021     5.7017     43.101     44.055      0.353    1447.91    1447.91  0.000e+00
      24198     44.000     7.7033     7.7042     0.0009    0.86573    0.86572          1     7.6687     5.7006      44.13     0.9370     0.3229  1.000e-12  0.2109000     7.4124     7.4122    -0.0003     5.7020     5.7017     43.597     44.562      0.706    1447.91    1447.92  0.000e+00
      24212     44.500     7.7036     7.7044     0.0009    0.86575    0.86574          1     7.6708     5.7011      44.17     0.9393     0.3324  1.000e-12  0.2044000     7.4125     7.4122    -0.0003     5.7020     5.7017     44.092     45.068      0.855    1447.92    1447.93  0.000e+00
      24225     45.000     7.7036     7.7046     0.0010    0.86575    0.86574          1     7.6705     5.6968      43.18     0.9172     0.3155  1.000e-12  0.2161000     7.4124     7.4121    -0.0003     5.7020     5.7016     44.587     45.574      0.877    1447.93    1447.93  0.000e+00
      24239     45.500     7.7047     7.7053     0.0006    0.86581    0.86580          1     7.6707     5.6930      43.22     0.8986     0.2915  1.000e-12  0.2222000     7.4127     7.4125    -0.0002     5.7021     5.7019     45.083     46.081      0.782    1447.94    1447.95  0.000e+00
      24257     46.000     7.7051     7.7052     0.0001    0.86583    0.86581          1     7.6682     5.6921      42.54     0.9323     0.3221  1.000e-12  0.2237000     7.4128     7.4125    -0.0003     5.7021     5.7019     45.578     46.587      0.549    1447.95    1447.95  0.000e+00
      24296     46.500     7.7046     7.7055     0.0009    0.86584    0.86583          1     7.6659     5.7000      41.84     0.9962     0.3471  1.000e-12  0.2202000     7.4129     7.4126    -0.0003     5.7023     5.7019     46.073     47.093      0.273    1447.96    1447.96  0.000e+00
      24333     47.000     7.7046     7.7059     0.0013    0.86586    0.86586          1     7.6669     5.7083      41.43     0.9475     0.3563  1.000e-12  0.2211000     7.4130     7.4127    -0.0003     5.7023     5.7020     46.569     47.600      0.569    1447.97    1447.97  0.000e+00
      24350     47.500     7.7055     7.7065     0.0009    0.86587    0.86585          1     7.6693     5.7058      41.07     0.9235     0.3643  1.000e-12  0.2202000     7.4128     7.4125    -0.0003     5.7021     5.7018     47.064     48.106      0.765    1447.98    1447.98  0.000e+00
      24364     48.000     7.7052     7.7065     0.0013    0.86586    0.86586          1     7.6681     5.7070      40.93     0.8953     0.3261  1.000e-12  0.2180000     7.4128     7.4125    -0.0002     5.7021     5.7018     47.559     48.613      0.805    1447.99    1447.99  0.000e+00
      24379     48.500     7.7047     7.7057     0.0010    0.86586    0.86585          1     7.6684     5.7122      40.05     0.8878     0.3223  1.000e-12  0.2239000     7.4128     7.4125    -0.0004     5.7022     5.7018     48.055     49.119      0.711    1447.99    1447.99  0.000e+00
      24400     49.000     7.7045     7.7060     0.0014    0.86587    0.86590          1     7.6700     5.7171      39.66     0.8833     0.3198  1.000e-12  0.2266000     7.4129     7.4128    -0.0001     5.7023     5.7021     48.550     49.625      0.469    1448.00    1448.00  0.000e+00
      24436     49.500     7.7041     7.7055     0.0014    0.86585    0.86587          1     7.6649     5.7282      38.93     0.9206     0.3233  1.000e-12  0.2309000     7.4127     7.4126    -0.0001     5.7021     5.7020     49.046     50.132      0.350    1448.01    1448.01  0.000e+00
      24463     50.000     7.7039     7.7052     0.0012    0.86584    0.86583          1     7.6629     5.7279      38.45     0.9605     0.3298  1.000e-12  0.2227000     7.4126     7.4122    -0.0004     5.7020     5.7017     49.541     50.638      0.583    1448.01    1448.02  0.000e+00
      24481     50.500     7.7041     7.7049     0.0009    0.86584    0.86582          1     7.6698     5.7213      38.26     0.9699     0.3298  1.000e-12  0.2321000     7.4125     7.4122    -0.0004     5.7020     5.7016     50.036     51.145      0.673    1448.02    1448.02  0.000e+00
      24498     51.000     7.7039     7.7050     0.0011    0.86584    0.86584          1     7.6740     5.7243      37.62     0.9665     0.3189  1.000e-12  0.2329000     7.4125     7.4122    -0.0003     5.7020     5.7017     50.532     51.651      0.640    1448.03    1448.03  0.000e+00
      24519     51.500     7.7039     7.7047     0.0008    0.86585    0.86582          1     7.6749     5.7271      37.26     0.9073     0.3195  1.000e-12  0.2184000     7.4125     7.4121    -0.0004     5.7020     5.7016     51.027     52.157      0.531    1448.04    1448.04  0.000e+00
      24544     52.000     7.7039     7.7049     0.0010    0.86586    0.86584          1     7.6678     5.7137      36.65     1.0005     0.3114  1.000e-12  0.2356000     7.4125     7.4122    -0.0004     5.7020     5.7017     51.522     52.664      0.496    1448.05    1448.05  0.000e+00
      24566     52.500     7.7044     7.7054     0.0010    0.86588    0.86588          1     7.6637     5.7093      36.15     0.9729     0.3132  1.000e-12  0.2110000     7.4126     7.4123    -0.0003     5.7020     5.7017     52.018     53.170      0.584    1448.05    1448.06  0.000e+00
      24586     53.000     7.7042     7.7053     0.0012    0.86591    0.86589          1     7.6661     5.7232      35.75     0.9379     0.3248  1.000e-12  0.2196000     7.4128     7.4124    -0.0004     5.7022     5.7018     52.513     53.676      0.599    1448.06    1448.07  0.000e+00
      24607     53.500     7.7041     7.7050     0.0009    0.86596    0.86596          1     7.6627     5.7227      35.21     0.9185     0.3473  1.000e-12  0.2199000     7.4133     7.4131    -0.0002     5.7026     5.7024     53.008     54.183      0.484    1448.07    1448.07  0.000e+00
      24639     54.000     7.7045     7.7052     0.0007    0.86598    0.86596          1     7.6827     5.7419      34.52     0.9368     0.3291  1.000e-12  0.2140000     7.4133     7.4130    -0.0003     5.7026     5.7022     53.504     54.689      0.347    1448.08    1448.08  0.000e+00
      24671     54.500     7.7044     7.7055     0.0011    0.86597    0.86596          1     7.8151     5.8857      34.07     0.9484     0.3029  1.000e-12  0.2238000     7.4131     7.4128    -0.0003     5.7024     5.7021     53.999     55.196      0.535    1448.09    1448.09  0.000e+00
      24689     55.000     7.7051     7.7061     0.0011    0.86604    0.86600          1     7.6358     5.8490      33.71     0.9971     0.2770  1.000e-12  0.2219000     7.4136     7.4130    -0.0006     5.7028     5.7022     54.494     55.702      0.749    1448.10    1448.10  0.000e+00
      24703     55.500     7.6722     7.6759     0.0036    0.86602    0.86601          1     7.4479     5.8418      33.45     1.0023     0.3027  1.000e-12  0.2239000     7.4204     7.4195    -0.0009     5.7106     5.7096     54.990     56.208      0.829    1447.98    1447.99  0.000e+00
