ctdpy/exports/archive_20191120_135557/received_data/SBE09_0827_20180826_0900_26_01_0901.cnv
* Sea-Bird SBE 9 Data File:
* FileName = D:\CTD_SBE911\DAT\26da.2018.8.101.hex
* Software Version Seasave V 7.21d
* Temperature SN = 034605
* Conductivity SN = 041844
* Number of Bytes Per Scan = 48
* Number of Voltage Words = 5
* Number of Scans Averaged by the Deck Unit = 1
* NMEA Latitude = 57 25.67 N
* NMEA Longitude = 010 48.71 E
* NMEA UTC (Time) = Aug 26 2018  09:03:10
* NMEA baud rate = 4800
** Ship: DANA
** Average sound velocity: 1507.18 m/s
** True-depth calculation Thu, 28 Mar 2019 09:51:17 +0000
** CTD Python Module SMHI /ver 3-12/ feb 2012 
** LIMS Job: 20182601-0901
**  LÆSØ RÆNNA
** Operator: Christian
** Cruise: 08/2018
# nquan = 26
# nvalues = 81                          
# units = specified
# name 0 = scan: Scan Count
# name 1 = prDM: Pressure, Digiquartz [db]
# name 2 = t090C: Temperature [ITS-90, deg C]
# name 3 = t190C: Temperature, 2 [ITS-90, deg C]
# name 4 = T2-T190C: Temperature Difference, 2 - 1 [ITS-90, deg C]
# name 5 = c0S/m: Conductivity [S/m]
# name 6 = c1S/m: Conductivity, 2 [S/m]
# name 7 = pumps: Pump Status
# name 8 = sbeox1ML/L: Oxygen, SBE 43, 2 [ml/l]
# name 9 = sbeox0ML/L: Oxygen, SBE 43 [ml/l]
# name 10 = altM: Altimeter [m]
# name 11 = chloroflTC0: Chlorophyll, Turner Cyclops [ug/l]
# name 12 = cpar: CPAR/Corrected Irradiance [%]
# name 13 = par: PAR/Irradiance, Biospherical/Lico [µE/(cm^2*s)]
# name 14 = spar: SPAR, Biospherical/Licor
# name 15 = sal00: Salinity, Practical [PSU]
# name 16 = sal11: Salinity, Practical, 2 [PSU]
# name 17 = secS-priS: Salinity, Practical, Difference, 2 - 1 [PSU]
# name 18 = sigma-t00: Density [sigma-t, kg/m^3 ]
# name 19 = sigma-t11: Density, 2 [sigma-t, kg/m^3 ]
# name 20 = depSM: Depth [salt water, m], lat = 57.4278
# name 21 = depFM: Depth [true depth, m], lat = 57.4278
# name 22 = dz/dtM: Descent Rate [m/s], WS = 2
# name 23 = svCM: Sound Velocity [Chen-Millero, m/s]
# name 24 = svCM1: Sound Velocity, 2 [Chen-Millero, m/s]
# name 25 = flag: flag
# span 0 =        203,       3917       
# span 1 =      2.000,     42.000       
# span 2 =    13.8152,    17.8141       
# span 3 =    13.8077,    17.8476       
# span 4 =    -0.2990,     0.0666       
# span 5 =   3.923436,   4.207169       
# span 6 =   3.923545,   4.212217       
# span 7 =          1,          1       
# span 8 =     3.5510,     5.8010       
# span 9 =     3.4239,     5.5377       
# span 10 =       1.60,       9.98      
# span 11 =     0.0143,     0.1772      
# span 12 = -4.075e-08, 9.7913e+00      
# span 13 = -7.333e-07, 1.9546e+02      
# span 14 = 1.3273e+03, 2.0865e+03      
# span 15 =    29.5588,    32.7463      
# span 16 =    29.5600,    32.7628      
# span 17 =    -0.0012,     0.2928      
# span 18 =    21.1703,    24.4840      
# span 19 =    21.1713,    24.4958      
# span 20 =      1.982,     41.609      
# span 21 =      1.995,     41.823      
# span 22 =     -0.030,      0.386      
# span 23 =    1500.92,    1511.65      
# span 24 =    1500.90,    1511.90      
# span 25 = 0.0000e+00, 0.0000e+00      
# interval = decibars: 0.5              
# start_time = Aug 26 2018 09:03:11 [NMEA time, first data scan]
# bad_flag = -9.990e-29
*END*
[from data line 56]
       2764     30.000    14.8848    14.7956    -0.0892    4.01883    4.01612          1     4.4871     4.3101       9.97     0.0506  5.962e-02  1.198e+00  2.010e+03    32.6079    32.6581     0.0501    24.1532    24.2109     29.721     29.891      0.259    1504.02    1503.79  0.000e+00
       2807     30.500    14.8712    14.7645    -0.1065    4.01720    4.01479          1     4.4873     4.2485       9.97     0.0511  5.364e-02  1.078e+00  2.010e+03    32.6043    32.6720     0.0677    24.1533    24.2282     30.217     30.388      0.287    1503.98    1503.72  0.000e+00
       2849     31.000    14.5700    14.4459    -0.1244    3.99334    3.98940          1     4.3723     4.0477       9.97     0.0518  4.790e-02  9.631e-01  2.010e+03    32.6400    32.7086     0.0685    24.2449    24.3239     30.712     30.885      0.279    1503.06    1502.74  0.000e+00
       2891     31.500    14.3905    14.3119    -0.0785    3.97792    3.97665          1     4.2039     3.9241       9.97     0.0558  4.290e-02  8.625e-01  2.010e+03    32.6502    32.7050     0.0548    24.2905    24.3493     31.207     31.382      0.287    1502.51    1502.32  0.000e+00
       2934     32.000    14.3093    14.2597    -0.0496    3.97087    3.97097          1     4.0935     3.8766       9.97     0.0528  3.833e-02  7.706e-01  2.010e+03    32.6540    32.6968     0.0429    24.3105    24.3539     31.703     31.880      0.283    1502.26    1502.14  0.000e+00
       2976     32.500    14.2621    14.2305    -0.0316    3.96684    3.96783          1     4.0224     3.8516       9.97     0.0533  3.363e-02  6.760e-01  2.010e+03    32.6567    32.6926     0.0358    24.3225    24.3567     32.198     32.377      0.279    1502.11    1502.05  0.000e+00
       3020     33.000    14.2363    14.2165    -0.0198    3.96468    3.96606          1     4.0065     3.8396       9.80     0.0553  2.874e-02  5.679e-01  1.976e+03    32.6585    32.6879     0.0294    24.3292    24.3561     32.693     32.874      0.269    1502.04    1502.01  0.000e+00
       3069     33.500    14.2221    14.2078    -0.0142    3.96356    3.96496          1     3.9956     3.8294       9.35     0.0525  2.300e-02  4.593e-01  1.998e+03    32.6600    32.6850     0.0250    24.3334    24.3556     33.188     33.371      0.234    1502.00    1501.99  0.000e+00
       3117     34.000    14.2134    14.2025    -0.0109    3.96280    3.96422          1     3.9799     3.8342       8.89     0.0515  1.800e-02  3.614e-01  2.008e+03    32.6602    32.6825     0.0223    24.3353    24.3548     33.684     33.868      0.260    1501.98    1501.97  0.000e+00
       3162     34.500    14.2093    14.1987    -0.0106    3.96250    3.96371          1     3.9769     3.8264       8.42     0.0521  1.355e-02  2.734e-01  2.018e+03    32.6608    32.6809     0.0201    24.3366    24.3543     34.179     34.365      0.288    1501.98    1501.97  0.000e+00
       3201     35.000    14.2043    14.1920    -0.0123    3.96211    3.96296          1     3.9673     3.8288       7.92     0.0553  9.846e-03  1.993e-01  2.024e+03    32.6612    32.6795     0.0183    24.3379    24.3546     34.674     34.863      0.307    1501.97    1501.95  0.000e+00
       3242     35.500    14.1992    14.1837    -0.0155    3.96162    3.96211          1     3.9629     3.8151       7.37     0.0578  6.582e-03  1.340e-01  2.036e+03    32.6608    32.6784     0.0176    24.3387    24.3556     35.170     35.360      0.280    1501.96    1501.93  0.000e+00
       3285     36.000    14.1867    14.1722    -0.0145    3.96044    3.96089          1     3.9451     3.7933       6.89     0.0528  3.951e-03  7.878e-02  1.990e+03    32.6604    32.6767     0.0164    24.3410    24.3566     35.665     35.857      0.284    1501.93    1501.90  0.000e+00
       3328     36.500    14.1730    14.1511    -0.0219    3.95917    3.95876          1     3.9260     3.7754       6.43     0.0524  1.427e-03  2.727e-02  1.890e+03    32.6600    32.6749     0.0149    24.3436    24.3596     36.160     36.354      0.270    1501.89    1501.84  0.000e+00
       3373     37.000    14.1582    14.1202    -0.0380    3.95752    3.95602          1     3.9029     3.7379       6.16     0.0512  1.079e-05  1.927e-04  1.694e+03    32.6572    32.6756     0.0184    24.3445    24.3665     36.656     36.851      0.271    1501.85    1501.75  0.000e+00
       3417     37.500    14.1173    14.0561    -0.0613    3.95365    3.94996          1     3.8110     3.6560       5.44     0.0522 -4.075e-08 -7.333e-07  1.480e+03    32.6560    32.6740     0.0179    24.3520    24.3785     37.151     37.348      0.271    1501.73    1501.55  0.000e+00
       3465     38.000    14.0705    14.0127    -0.0578    3.94909    3.94564          1     3.6894     3.5721       5.16     0.0559  6.284e-14  1.000e-12  1.594e+03    32.6535    32.6707     0.0172    24.3597    24.3850     37.646     37.846      0.229    1501.58    1501.41  0.000e+00
       3513     38.500    14.0025    13.9449    -0.0576    3.94277    3.94005          1     3.6873     3.5826       4.49     0.0570  5.648e-14  1.000e-12  1.774e+03    32.6526    32.6764     0.0238    24.3731    24.4034     38.141     38.343      0.305    1501.36    1501.20  0.000e+00
       3550     39.000    13.9513    13.9119    -0.0395    3.93845    3.93705          1     3.7762     3.6528       4.03     0.0522  4.920e-14  1.000e-12  2.035e+03    32.6560    32.6767     0.0207    24.3863    24.4103     38.637     38.840      0.292    1501.21    1501.10  0.000e+00
       3596     39.500    13.9367    13.9096    -0.0270    3.93728    3.93745          1     3.8261     3.6987       3.52     0.0513  4.793e-14  1.000e-12  2.086e+03    32.6575    32.6821     0.0246    24.3904    24.4150     39.132     39.337      0.267    1501.17    1501.11  0.000e+00
       3637     40.000    13.9226    13.9077    -0.0149    3.93798    3.93987          1     3.8165     3.6981       4.24     0.0505  4.799e-14  1.000e-12  2.084e+03    32.6757    32.7058     0.0302    24.4073    24.4337     39.627     39.834      0.292    1501.15    1501.14  0.000e+00
       3684     40.500    13.9166    13.8862    -0.0303    3.93892    3.94016          1     3.8014     3.6584       3.21     0.0495  4.846e-14  1.000e-12  2.064e+03    32.6893    32.7266     0.0373    24.4191    24.4542     40.123     40.331      0.241    1501.16    1501.10  0.000e+00
       3728     41.000    13.8770    13.8617    -0.0154    3.93920    3.94039          1     3.7528     3.5834       3.51     0.0500  5.055e-14  1.000e-12  1.979e+03    32.7254    32.7495     0.0241    24.4551    24.4769     40.618     40.828      0.301    1501.08    1501.06  0.000e+00
       3772     41.500    13.8595    13.8195    -0.0400    3.93887    3.93797          1     3.6562     3.4988       1.60     0.0501  5.400e-14  1.000e-12  1.853e+03    32.7371    32.7628     0.0258    24.4677    24.4958     41.113     41.326      0.247    1501.04    1500.94  0.000e+00
       3917     42.000    13.8152    13.8077    -0.0074    3.93581    3.93613          1     3.5510     3.4239       2.62     0.0541  7.976e-14  1.000e-12  1.327e+03    32.7463    32.7556     0.0093    24.4840    24.4926     41.609     41.823     -0.030    1500.92    1500.90  0.000e+00
