ctdpy/exports/archive_20191120_135557/received_data/SBE09_0827_20180305_1321_26_01_0370.cnv
* Sea-Bird SBE 9 Data File:
* FileName = D:\CTD_SBE911\DAT\26DA.2018.3.70.hex
* Software Version Seasave V 7.21d
* Temperature SN = 034757
* Conductivity SN = 041844
* Number of Bytes Per Scan = 48
* Number of Voltage Words = 5
* Number of Scans Averaged by the Deck Unit = 1
* NMEA Latitude = 55 13.14 N
* NMEA Longitude = 013 15.84 E
* NMEA UTC (Time) = Mar 05 2018  13:21:47
* NMEA baud rate = 4800
** Ship: DANA
** Average sound velocity: 1423.17 m/s
** True-depth calculation Tue, 02 Apr 2019 12:11:25 +0000
** CTD Python Module SMHI /ver 3-12/ feb 2012 
** LIMS Job: 20182601-0370
** Operator:
** Cruise: 02/2018
# nquan = 26
# nvalues = 75                          
# units = specified
# name 0 = scan: Scan Count
# name 1 = prDM: Pressure, Digiquartz [db]
# name 2 = t090C: Temperature [ITS-90, deg C]
# name 3 = t190C: Temperature, 2 [ITS-90, deg C]
# name 4 = T2-T190C: Temperature Difference, 2 - 1 [ITS-90, deg C]
# name 5 = c0S/m: Conductivity [S/m]
# name 6 = c1S/m: Conductivity, 2 [S/m]
# name 7 = pumps: Pump Status
# name 8 = sbeox1ML/L: Oxygen, SBE 43, 2 [ml/l]
# name 9 = sbeox0ML/L: Oxygen, SBE 43 [ml/l]
# name 10 = altM: Altimeter [m]
# name 11 = chloroflTC0: Chlorophyll, Turner Cyclops [ug/l]
# name 12 = cpar: CPAR/Corrected Irradiance [%]
# name 13 = par: PAR/Irradiance, Biospherical/Lico [µE/(cm^2*s)]
# name 14 = spar: SPAR, Biospherical/Licor
# name 15 = sal00: Salinity, Practical [PSU]
# name 16 = sal11: Salinity, Practical, 2 [PSU]
# name 17 = secS-priS: Salinity, Practical, Difference, 2 - 1 [PSU]
# name 18 = sigma-t00: Density [sigma-t, kg/m^3 ]
# name 19 = sigma-t11: Density, 2 [sigma-t, kg/m^3 ]
# name 20 = depSM: Depth [salt water, m], lat = 55.219
# name 21 = depFM: Depth [true depth, m], lat = 55.219
# name 22 = dz/dtM: Descent Rate [m/s], WS = 2
# name 23 = svCM: Sound Velocity [Chen-Millero, m/s]
# name 24 = svCM1: Sound Velocity, 2 [Chen-Millero, m/s]
# name 25 = flag: flag
# span 0 =         -8,       3659       
# span 1 =      1.000,     38.000       
# span 2 =     2.0471,     2.4478       
# span 3 =     2.0468,     2.4467       
# span 4 =    -0.0201,    -0.0000       
# span 5 =   0.745945,   0.771193       
# span 6 =   0.745330,   0.770485       
# span 7 =          1,          1       
# span 8 =     8.7205,     8.8171       
# span 9 =     8.7009,     8.8484       
# span 10 =      -0.28,       9.98      
# span 11 =     0.0158,     0.0215      
# span 12 = 3.4434e-13, 9.2537e+00      
# span 13 = 1.0000e-12, 2.2371e+01      
# span 14 = 2.4167e+02, 2.9041e+02      
# span 15 =     7.4948,     7.6654      
# span 16 =     7.4883,     7.6582      
# span 17 =    -0.0203,    -0.0064      
# span 18 =     5.9773,     6.1146      
# span 19 =     5.9720,     6.1088      
# span 20 =      0.991,     37.653      
# span 21 =      1.012,     38.473      
# span 22 =     -0.426,      0.517      
# span 23 =    1422.42,    1425.08      
# span 24 =    1422.40,    1425.06      
# span 25 = 0.0000e+00, 0.0000e+00      
# interval = decibars: 0.5              
# start_time = Mar 05 2018 13:21:47 [NMEA time, first data scan]
# bad_flag = -9.990e-29
*END*
         -8      1.000     2.0509     2.0499    -0.0010    0.74604    0.74543          1     8.7885     8.8349       6.82     0.0173  9.254e+00  2.237e+01  2.418e+02     7.4960     7.4897    -0.0064     5.9782     5.9731      0.991      1.012     -0.094    1422.42    1422.40  0.000e+00
         85      1.500     2.0501     2.0498    -0.0002    0.74603    0.74543          1     8.7945     8.8354       5.39     0.0165  7.806e+00  1.886e+01  2.417e+02     7.4960     7.4896    -0.0064     5.9782     5.9731      1.486      1.519      0.373    1422.42    1422.41  0.000e+00
        167      2.000     2.0502     2.0497    -0.0004    0.74603    0.74543          1     8.7982     8.8236       4.49     0.0161  6.447e+00  1.558e+01  2.417e+02     7.4960     7.4896    -0.0064     5.9782     5.9731      1.982      2.025      0.351    1422.43    1422.42  0.000e+00
        234      2.500     2.0502     2.0500    -0.0002    0.74604    0.74545          1     8.8139     8.8403       9.40     0.0164  5.290e+00  1.278e+01  2.417e+02     7.4960     7.4896    -0.0064     5.9783     5.9731      2.477      2.531      0.190    1422.44    1422.43  0.000e+00
        295      3.000     2.0502     2.0499    -0.0003    0.74605    0.74545          1     8.8077     8.8208       9.98     0.0165  4.584e+00  1.108e+01  2.417e+02     7.4960     7.4896    -0.0065     5.9782     5.9731      2.973      3.037      0.284    1422.44    1422.43  0.000e+00
        328      3.500     2.0501     2.0498    -0.0003    0.74606    0.74545          1     8.8037     8.8091       9.97     0.0180  3.932e+00  9.503e+00  2.417e+02     7.4960     7.4896    -0.0065     5.9783     5.9731      3.468      3.544      0.420    1422.45    1422.44  0.000e+00
        356      4.000     2.0497     2.0492    -0.0005    0.74606    0.74546          1     8.8022     8.8215       9.97     0.0168  3.221e+00  7.785e+00  2.417e+02     7.4961     7.4897    -0.0064     5.9783     5.9732      3.964      4.050      0.386    1422.46    1422.45  0.000e+00
        424      4.500     2.0498     2.0497    -0.0001    0.74607    0.74547          1     8.8078     8.8362       9.97     0.0163  2.699e+00  6.525e+00  2.417e+02     7.4962     7.4897    -0.0064     5.9783     5.9732      4.459      4.556      0.286    1422.46    1422.46  0.000e+00
        468      5.000     2.0504     2.0493    -0.0011    0.74609    0.74547          1     8.8004     8.8340       9.96     0.0169  2.470e+00  5.974e+00  2.419e+02     7.4961     7.4897    -0.0065     5.9783     5.9731      4.955      5.062      0.517    1422.48    1422.46  0.000e+00
        491      5.500     2.0493     2.0479    -0.0014    0.74603    0.74538          1     8.7992     8.8349       9.96     0.0166  1.998e+00  4.841e+00  2.423e+02     7.4957     7.4890    -0.0067     5.9780     5.9726      5.450      5.569      0.433    1422.48    1422.46  0.000e+00
        542      6.000     2.0484     2.0478    -0.0007    0.74596    0.74535          1     8.8069     8.8302       9.96     0.0166  1.627e+00  3.958e+00  2.433e+02     7.4950     7.4886    -0.0065     5.9774     5.9723      5.946      6.075      0.208    1422.48    1422.47  0.000e+00
        606      6.500     2.0481     2.0477    -0.0004    0.74595    0.74534          1     8.8064     8.8316       9.96     0.0168  1.399e+00  3.408e+00  2.437e+02     7.4949     7.4885    -0.0065     5.9774     5.9722      6.441      6.581      0.294    1422.49    1422.48  0.000e+00
        639      7.000     2.0480     2.0480    -0.0000    0.74595    0.74535          1     8.8019     8.8342       9.95     0.0169  1.200e+00  2.925e+00  2.437e+02     7.4949     7.4884    -0.0065     5.9773     5.9721      6.937      7.087      0.360    1422.49    1422.49  0.000e+00
        675      7.500     2.0480     2.0472    -0.0008    0.74595    0.74534          1     8.8080     8.8484       9.95     0.0158  9.905e-01  2.414e+00  2.437e+02     7.4948     7.4884    -0.0064     5.9773     5.9721      7.432      7.594      0.258    1422.50    1422.49  0.000e+00
        739      8.000     2.0473     2.0468    -0.0005    0.74594    0.74533          1     8.8165     8.8313       9.95     0.0177  8.735e-01  2.129e+00  2.437e+02     7.4948     7.4883    -0.0065     5.9773     5.9720      7.928      8.100      0.308    1422.51    1422.50  0.000e+00
        769      8.500     2.0473     2.0472    -0.0001    0.74597    0.74536          1     8.8105     8.8203       9.95     0.0165  7.453e-01  1.816e+00  2.437e+02     7.4950     7.4885    -0.0065     5.9774     5.9722      8.423      8.606      0.389    1422.52    1422.51  0.000e+00
        813      9.000     2.0472     2.0469    -0.0003    0.74599    0.74537          1     8.8079     8.8234       9.95     0.0170  6.109e-01  1.489e+00  2.437e+02     7.4952     7.4886    -0.0066     5.9776     5.9722      8.918      9.112      0.229    1422.52    1422.51  0.000e+00
        877      9.500     2.0479     2.0472    -0.0006    0.74603    0.74541          1     8.8090     8.8416       9.95     0.0185  5.446e-01  1.327e+00  2.437e+02     7.4954     7.4889    -0.0066     5.9777     5.9725      9.414      9.619      0.328    1422.53    1422.52  0.000e+00
        908     10.000     2.0475     2.0470    -0.0005    0.74600    0.74540          1     8.7959     8.8290       9.95     0.0195  4.645e-01  1.135e+00  2.443e+02     7.4951     7.4887    -0.0064     5.9774     5.9723      9.909     10.125      0.329    1422.54    1422.53  0.000e+00
        962     10.500     2.0471     2.0469    -0.0003    0.74598    0.74537          1     8.7991     8.8327       9.95     0.0202  3.573e-01  8.781e-01  2.458e+02     7.4949     7.4884    -0.0065     5.9773     5.9721     10.405     10.631      0.189    1422.55    1422.54  0.000e+00
       1020     11.000     2.0474     2.0468    -0.0006    0.74602    0.74538          1     8.8099     8.8321       9.95     0.0209  3.339e-01  8.206e-01  2.457e+02     7.4952     7.4884    -0.0067     5.9776     5.9722     10.900     11.137      0.344    1422.56    1422.54  0.000e+00
       1047     11.500     2.0476     2.0468    -0.0007    0.74602    0.74541          1     8.8153     8.8213       9.95     0.0207  2.738e-01  6.728e-01  2.457e+02     7.4951     7.4886    -0.0065     5.9775     5.9723     11.396     11.644      0.431    1422.56    1422.55  0.000e+00
       1077     12.000     2.0477     2.0470    -0.0007    0.74606    0.74543          1     8.8134     8.8253       9.95     0.0215  1.988e-01  4.886e-01  2.457e+02     7.4954     7.4888    -0.0065     5.9777     5.9725     11.891     12.150      0.289    1422.57    1422.56  0.000e+00
       1165     12.500     2.0479     2.0474    -0.0005    0.74609    0.74547          1     8.8101     8.8272       9.95     0.0207  1.878e-01  4.655e-01  2.479e+02     7.4956     7.4891    -0.0065     5.9779     5.9727     12.387     12.656      0.345    1422.58    1422.57  0.000e+00
       1185     13.000     2.0482     2.0475    -0.0007    0.74612    0.74550          1     8.8171     8.8287       9.95     0.0201  1.487e-01  3.685e-01  2.478e+02     7.4958     7.4892    -0.0065     5.9780     5.9728     12.882     13.162      0.492    1422.59    1422.58  0.000e+00
       1238     13.500     2.0481     2.0475    -0.0005    0.74613    0.74551          1     8.8135     8.8299       9.95     0.0200  1.126e-01  2.789e-01  2.478e+02     7.4958     7.4893    -0.0065     5.9781     5.9729     13.378     13.669      0.323    1422.60    1422.59  0.000e+00
       1307     14.000     2.0481     2.0475    -0.0006    0.74612    0.74551          1     8.8154     8.8366       9.95     0.0209  9.628e-02  2.386e-01  2.478e+02     7.4956     7.4893    -0.0064     5.9779     5.9728     13.873     14.175      0.505    1422.61    1422.59  0.000e+00
       1329     14.500     2.0481     2.0475    -0.0006    0.74612    0.74551          1     8.8117     8.8298       9.95     0.0213  6.745e-02  1.675e-01  2.484e+02     7.4956     7.4892    -0.0064     5.9779     5.9728     14.369     14.681      0.439    1422.61    1422.60  0.000e+00
       1389     15.000     2.0488     2.0475    -0.0013    0.74622    0.74552          1     8.8149     8.8368       9.95     0.0209  4.398e-02  1.098e-01  2.498e+02     7.4965     7.4892    -0.0072     5.9786     5.9728     14.864     15.187      0.280    1422.63    1422.61  0.000e+00
       1432     15.500     2.0490     2.0483    -0.0007    0.74623    0.74560          1     8.8113     8.8310       9.95     0.0208  3.168e-02  7.914e-02  2.498e+02     7.4965     7.4898    -0.0067     5.9786     5.9733     15.359     15.694      0.441    1422.63    1422.62  0.000e+00
       1463     16.000     2.0487     2.0483    -0.0004    0.74622    0.74562          1     8.8006     8.8274       9.95     0.0208  1.243e-02  3.108e-02  2.501e+02     7.4964     7.4899    -0.0064     5.9785     5.9733     15.855     16.200      0.305    1422.64    1422.63  0.000e+00
       1542     16.500     2.0482     2.0477    -0.0005    0.74618    0.74558          1     8.7985     8.8323       9.95     0.0208  2.269e-03  5.729e-03  2.519e+02     7.4960     7.4896    -0.0064     5.9782     5.9731     16.350     16.706      0.308    1422.65    1422.63  0.000e+00
       1573     17.000     2.0482     2.0476    -0.0006    0.74619    0.74558          1     8.7982     8.8330       9.95     0.0207  1.417e-04  3.567e-04  2.518e+02     7.4960     7.4896    -0.0064     5.9782     5.9731     16.846     17.212      0.308    1422.65    1422.64  0.000e+00
       1636     17.500     2.0482     2.0476    -0.0006    0.74621    0.74559          1     8.8087     8.8411       9.95     0.0209  4.072e-13  1.030e-12  2.531e+02     7.4961     7.4896    -0.0065     5.9783     5.9731     17.341     17.718      0.235    1422.66    1422.65  0.000e+00
       1681     18.000     2.0486     2.0479    -0.0008    0.74626    0.74561          1     8.8105     8.8364       9.95     0.0211  3.939e-13  1.000e-12  2.539e+02     7.4965     7.4897    -0.0068     5.9786     5.9732     17.837     18.225      0.413    1422.67    1422.66  0.000e+00
       1706     18.500     2.0487     2.0479    -0.0008    0.74627    0.74564          1     8.8097     8.8353       9.95     0.0204  3.939e-13  1.000e-12  2.538e+02     7.4965     7.4899    -0.0066     5.9786     5.9733     18.332     18.731      0.425    1422.68    1422.67  0.000e+00
       1758     19.000     2.0492     2.0480    -0.0012    0.74633    0.74565          1     8.8166     8.8211       9.95     0.0201  3.927e-13  1.000e-12  2.546e+02     7.4969     7.4900    -0.0070     5.9790     5.9734     18.828     19.237      0.248    1422.69    1422.68  0.000e+00
       1815     19.500     2.0513     2.0494    -0.0019    0.74648    0.74575          1     8.8093     8.8119       9.95     0.0206  3.908e-13  1.000e-12  2.559e+02     7.4980     7.4906    -0.0074     5.9799     5.9739     19.323     19.743      0.290    1422.71    1422.69  0.000e+00
       1872     20.000     2.0516     2.0506    -0.0010    0.74653    0.74585          1     8.8034     8.8170       9.95     0.0198  3.901e-13  1.000e-12  2.564e+02     7.4984     7.4913    -0.0071     5.9801     5.9744     19.818     20.250      0.251    1422.72    1422.71  0.000e+00
       1912     20.500     2.0519     2.0508    -0.0011    0.74653    0.74589          1     8.8050     8.8268       9.95     0.0202  3.877e-13  1.000e-12  2.579e+02     7.4983     7.4916    -0.0067     5.9801     5.9747     20.314     20.756      0.414    1422.73    1422.72  0.000e+00
       1941     21.000     2.0526     2.0515    -0.0011    0.74662    0.74594          1     8.8090     8.8351       9.95     0.0210  3.877e-13  1.000e-12  2.579e+02     7.4990     7.4919    -0.0071     5.9806     5.9749     20.809     21.262      0.330    1422.74    1422.73  0.000e+00
       2006     21.500     2.0561     2.0530    -0.0031    0.74690    0.74608          1     8.8084     8.8369       9.95     0.0209  3.876e-13  1.000e-12  2.580e+02     7.5011     7.4930    -0.0082     5.9824     5.9758     21.305     21.768      0.260    1422.77    1422.74  0.000e+00
       2045     22.000     2.0566     2.0551    -0.0014    0.74695    0.74624          1     8.8051     8.8180       9.95     0.0200  3.849e-13  1.000e-12  2.598e+02     7.5015     7.4941    -0.0073     5.9826     5.9767     21.800     22.275      0.393    1422.78    1422.76  0.000e+00
       2078     22.500     2.0576     2.0568    -0.0009    0.74703    0.74639          1     8.8030     8.8123       9.95     0.0197  3.847e-13  1.000e-12  2.599e+02     7.5020     7.4952    -0.0068     5.9831     5.9776     22.296     22.781      0.297    1422.79    1422.78  0.000e+00
       2146     23.000     2.0577     2.0569    -0.0009    0.74706    0.74641          1     8.8080     8.8220       9.95     0.0199  3.825e-13  1.000e-12  2.614e+02     7.5022     7.4954    -0.0068     5.9832     5.9778     22.791     23.287      0.199    1422.80    1422.79  0.000e+00
       2204     23.500     2.0616     2.0580    -0.0036    0.74734    0.74650          1     8.8090     8.8283       9.95     0.0197  3.815e-13  1.000e-12  2.621e+02     7.5042     7.4960    -0.0082     5.9849     5.9782     23.286     23.793      0.278    1422.83    1422.80  0.000e+00
       2239     24.000     2.0702     2.0627    -0.0075    0.74797    0.74677          1     8.7976     8.8171       9.95     0.0202  3.795e-13  1.000e-12  2.635e+02     7.5090     7.4978    -0.0112     5.9887     5.9797     23.782     24.300      0.414    1422.88    1422.83  0.000e+00
       2266     24.500     2.0716     2.0693    -0.0023    0.74808    0.74726          1     8.8012     8.8225       9.95     0.0206  3.788e-13  1.000e-12  2.640e+02     7.5097     7.5013    -0.0083     5.9893     5.9826     24.277     24.806      0.414    1422.90    1422.88  0.000e+00
       2307     25.000     2.0751     2.0724    -0.0027    0.74839    0.74754          1     8.8050     8.8313       9.95     0.0207  3.783e-13  1.000e-12  2.643e+02     7.5121     7.5036    -0.0085     5.9913     5.9845     24.773     25.312      0.224    1422.93    1422.90  0.000e+00
       2385     25.500     2.0867     2.0834    -0.0034    0.74916    0.74827          1     8.8066     8.8067       9.95     0.0197  3.758e-13  1.000e-12  2.661e+02     7.5175     7.5088    -0.0088     5.9957     5.9886     25.268     25.818      0.293    1423.00    1422.97  0.000e+00
       2420     26.000     2.0936     2.0893    -0.0044    0.74961    0.74867          1     8.7955     8.8188       9.95     0.0194  3.759e-13  1.000e-12  2.660e+02     7.5207     7.5116    -0.0091     5.9982     5.9909     25.764     26.325      0.294    1423.04    1423.01  0.000e+00
       2500     26.500     2.1124     2.1020    -0.0104    0.75071    0.74941          1     8.7828     8.8093       9.95     0.0195  3.738e-13  1.000e-12  2.675e+02     7.5280     7.5165    -0.0115     6.0041     5.9949     26.259     26.831      0.210    1423.15    1423.08  0.000e+00
       2563     27.000     2.1271     2.1162    -0.0109    0.75157    0.75019          1     8.7824     8.8133       9.95     0.0195  3.702e-13  1.000e-12  2.701e+02     7.5337     7.5214    -0.0123     6.0088     5.9989     26.754     27.337      0.363    1423.23    1423.16  0.000e+00
       2589     27.500     2.1505     2.1387    -0.0117    0.75294    0.75134          1     8.7956     8.8120       9.95     0.0195  3.702e-13  1.000e-12  2.701e+02     7.5428     7.5284    -0.0144     6.0161     6.0046     27.250     27.843      0.446    1423.36    1423.29  0.000e+00
       2651     28.000     2.1843     2.1690    -0.0153    0.75479    0.75306          1     8.7930     8.8039       9.95     0.0185  3.689e-13  1.000e-12  2.711e+02     7.5545     7.5395    -0.0150     6.0257     6.0136     27.745     28.349      0.298    1423.54    1423.45  0.000e+00
