ctdpy/exports/archive_20191120_135557/received_data/SBE09_1044_20180129_0054_34_02_0028.cnv
* Sea-Bird SBE 9 Data File:
* FileName = C:\ctd\temp\2018\ME18D028.hex
* Software Version Seasave V 7.26.6.26
* Temperature SN = 5351
* Conductivity SN = 3941
* Number of Bytes Per Scan = 41
* Number of Voltage Words = 4
* Number of Scans Averaged by the Deck Unit = 1
* NMEA Latitude = 57 23.21 N
* NMEA Longitude = 019 26.04 E
* NMEA UTC (Time) = Jan 29 2018  00:55:21
* NMEA baud rate = 4800
** Station:  BY13
** Operator:  JKro
** Ship: MERI
** Average sound velocity: 1439.61 m/s
** True-depth calculation Mon, 29 Jan 2018 02:19:16 +0000
** CTD Python Module SMHI /ver 3-12/ feb 2012 
** LIMS Job: 20183402-0028
** Cruise: SMHI-01-2018
** Latitude [GG MM.mm N] :
** Longitude [GG MM.mm E]:
# nquan = 26
# nvalues = 226                         
# units = specified
# name 0 = scan: Scan Count
# name 1 = prDM: Pressure, Digiquartz [db]
# name 2 = t090C: Temperature [ITS-90, deg C]
# name 3 = t190C: Temperature, 2 [ITS-90, deg C]
# name 4 = T2-T190C: Temperature Difference, 2 - 1 [ITS-90, deg C]
# name 5 = c0S/m: Conductivity [S/m]
# name 6 = c1S/m: Conductivity, 2 [S/m]
# name 7 = pumps: Pump Status
# name 8 = sbeox0ML/L: Oxygen, SBE 43 [ml/l]
# name 9 = sbeox1ML/L: Oxygen, SBE 43, 2 [ml/l]
# name 10 = altM: Altimeter [m]
# name 11 = flECO-AFL: Chl-a Fluorescence, WET Labs ECO-AFL/FL [mg/m^3]
# name 12 = flECO-AFL1: Phycocyanin Fluorescence, WET Labs ECO-AFL/FL, 2 [mg/m^3]
# name 13 = par: PAR/Irradiance, Biospherical/Lico [µE/(cm^2*s)]
# name 14 = turbWETntu0: Turbidity, WET Labs ECO [NTU]
# name 15 = sal00: Salinity, Practical [PSU]
# name 16 = sal11: Salinity, Practical, 2 [PSU]
# name 17 = secS-priS: Salinity, Practical, Difference, 2 - 1 [PSU]
# name 18 = sigma-t00: Density [sigma-t, Kg/m^3 ]
# name 19 = sigma-t11: Density, 2 [sigma-t, Kg/m^3 ]
# name 20 = depSM: Depth [salt water, m], lat = 57.3868
# name 21 = depFM: Depth [true depth, m], lat = 57.3868
# name 22 = dz/dtM: Descent Rate [m/s], WS = 2
# name 23 = svCM: Sound Velocity [Chen-Millero, m/s]
# name 24 = svCM1: Sound Velocity, 2 [Chen-Millero, m/s]
# name 25 = flag: flag
# span 0 =      19074,      26828       
# span 1 =      1.500,    114.000       
# span 2 =     4.7115,     6.6018       
# span 3 =     4.7123,     6.6076       
# span 4 =    -0.0482,     0.0763       
# span 5 =   0.794249,   1.343948       
# span 6 =   0.794228,   1.345552       
# span 7 =          1,          1       
# span 8 =    0.14214,    8.05755       
# span 9 =    0.18158,    8.02158       
# span 10 =       6.29,      99.42      
# span 11 =     0.2479,     0.4342      
# span 12 =     0.2075,     0.3748      
# span 13 = 1.0000e-12, 9.9776e-02      
# span 14 =     0.0995,     0.3019      
# span 15 =     7.3829,    12.2864      
# span 16 =     7.3826,    12.3000      
# span 17 =    -0.1336,     0.1921      
# span 18 =     5.8474,     9.6102      
# span 19 =     5.8471,     9.6204      
# span 20 =      1.486,    112.918      
# span 21 =      1.519,    115.311      
# span 22 =      0.099,      1.253      
# span 23 =    1434.46,    1450.52      
# span 24 =    1434.46,    1450.57      
# span 25 = 0.0000e+00, 0.0000e+00      
# interval = decibars: 0.5              
# start_time = Jan 29 2018 00:55:22 [NMEA time, first data scan]
# bad_flag = -9.990e-29
*END*
[from data line 112]
      22750     57.500     4.7227     4.7235     0.0008    0.79624    0.79622          1     8.0002     7.9378      65.22     0.3856     0.2993  1.000e-12  0.1119000     7.3935     7.3932    -0.0004     5.8559     5.8556     56.962     58.225      0.560    1435.38    1435.38  0.000e+00
      22768     58.000     4.7227     4.7234     0.0007    0.79625    0.79622          1     7.9948     7.9416      64.79     0.3992     0.2763  1.000e-12  0.1370000     7.3936     7.3931    -0.0004     5.8560     5.8556     57.457     58.732      0.634    1435.38    1435.39  0.000e+00
      22786     58.500     4.7225     4.7232     0.0007    0.79631    0.79629          1     7.9980     7.9517      78.54     0.3819     0.2898  1.000e-12  0.1375000     7.3942     7.3938    -0.0004     5.8565     5.8562     57.953     59.238      0.647    1435.39    1435.39  0.000e+00
      22805     59.000     4.7225     4.7231     0.0006    0.79634    0.79631          1     7.9970     7.9469      98.16     0.3807     0.3182  1.000e-12  0.1343000     7.3944     7.3939    -0.0004     5.8566     5.8562     58.448     59.744      0.563    1435.40    1435.40  0.000e+00
      22832     59.500     4.7226     4.7232     0.0006    0.79636    0.79634          1     7.9931     7.9387      98.71     0.3816     0.3183  1.000e-12  0.1316000     7.3945     7.3941    -0.0004     5.8567     5.8564     58.943     60.250      0.325    1435.41    1435.41  0.000e+00
      22906     60.000     4.7215     4.7220     0.0005    0.79635    0.79633          1     7.9930     7.9308      87.55     0.3871     0.3068  1.000e-12  0.1502000     7.3946     7.3943    -0.0003     5.8568     5.8565     59.438     60.757      0.231    1435.41    1435.41  0.000e+00
      22954     60.500     4.7206     4.7213     0.0007    0.79640    0.79637          1     7.9947     7.9359      61.36     0.3870     0.3046  1.000e-12  0.1316000     7.3952     7.3948    -0.0004     5.8574     5.8570     59.934     61.263      0.295    1435.42    1435.42  0.000e+00
      22988     61.000     4.7211     4.7217     0.0006    0.79647    0.79643          1     7.9801     7.9370      61.52     0.3753     0.2905  1.000e-12  0.1291000     7.3957     7.3952    -0.0005     5.8577     5.8573     60.429     61.769      0.457    1435.43    1435.43  0.000e+00
      23010     61.500     4.7200     4.7211     0.0011    0.79652    0.79648          1     7.9830     7.9321      61.09     0.3831     0.3027  1.000e-12  0.1348000     7.3964     7.3958    -0.0006     5.8583     5.8578     60.924     62.276      0.592    1435.43    1435.43  0.000e+00
      23029     62.000     4.7192     4.7202     0.0010    0.79651    0.79648          1     7.9835     7.9256      60.64     0.3521     0.2895  1.000e-12  0.1411000     7.3964     7.3959    -0.0005     5.8584     5.8579     61.419     62.782      0.634    1435.44    1435.44  0.000e+00
      23048     62.500     4.7189     4.7196     0.0007    0.79651    0.79647          1     7.9809     7.9269      60.13     0.3991     0.2987  1.000e-12  0.1319000     7.3964     7.3959    -0.0005     5.8583     5.8579     61.915     63.288      0.579    1435.44    1435.44  0.000e+00
      23082     63.000     4.7189     4.7196     0.0007    0.79653    0.79650          1     7.9803     7.9290      59.57     0.3706     0.3214  1.000e-12  0.1699000     7.3965     7.3961    -0.0005     5.8585     5.8581     62.410     63.795      0.382    1435.45    1435.45  0.000e+00
      23191     63.500     4.7195     4.7200     0.0005    0.79653    0.79651          1     7.9894     7.9221      58.94     0.3744     0.3203  1.000e-12  0.1322000     7.3964     7.3961    -0.0003     5.8583     5.8580     62.905     64.301      0.797    1435.46    1435.46  0.000e+00
      23200     64.000     4.7207     4.7216     0.0009    0.79667    0.79664          1     7.9863     7.9245      58.63     0.3746     0.3154  1.000e-12  0.1498000     7.3974     7.3969    -0.0005     5.8591     5.8587     63.400     64.807      0.980    1435.47    1435.48  0.000e+00
      23211     64.500     4.7248     4.7257     0.0009    0.79696    0.79694          1     7.9799     7.9209      58.22     0.3746     0.3182  1.000e-12  0.1480000     7.3993     7.3989    -0.0004     5.8604     5.8601     63.896     65.313      1.030    1435.50    1435.51  0.000e+00
      23223     65.000     4.7293     4.7301     0.0008    0.79727    0.79727          1     7.9699     7.9166      57.75     0.3410     0.3185  1.000e-12  0.1239000     7.4014     7.4012    -0.0002     5.8619     5.8617     64.391     65.820      0.943    1435.53    1435.54  0.000e+00
      23237     65.500     4.7294     4.7299     0.0006    0.79740    0.79737          1     7.9616     7.9059      57.23     0.3386     0.3153  1.000e-12  0.1305000     7.4025     7.4021    -0.0004     5.8628     5.8625     64.886     66.326      0.637    1435.54    1435.55  0.000e+00
      23344     66.000     4.7275     4.7346     0.0072    0.79720    0.79770          1     7.9424     7.8857      56.49     0.3679     0.2994  1.000e-12  0.1480000     7.4010     7.4043     0.0034     5.8617     5.8641     65.381     66.832      0.530    1435.54    1435.58  0.000e+00
      23377     66.500     4.7308     4.7403     0.0094    0.79744    0.79799          1     7.9209     7.8872      56.10     0.3645     0.3168  1.000e-12  0.1307000     7.4026     7.4059     0.0033     5.8628     5.8651     65.877     67.339      0.762    1435.57    1435.61  0.000e+00
      23392     67.000     4.7766     4.7807     0.0041    0.80109    0.80131          1     7.8329     7.8224      55.80     0.3535     0.3465  1.000e-12  0.1315000     7.4286     7.4299     0.0013     5.8818     5.8827     66.372     67.845      0.802    1435.81    1435.83  0.000e+00
      23407     67.500     4.8252     4.8271     0.0018    0.80732    0.80753          1     7.6646     7.6855      87.38     0.3311     0.3595  1.000e-12  0.1355000     7.4796     7.4813     0.0016     5.9205     5.9217     66.867     68.351      0.705    1436.10    1436.11  0.000e+00
      23444     68.000     4.8409     4.8518     0.0109    0.81121    0.81251          1     7.5169     7.5638      55.82     0.3129     0.2886  1.000e-12  0.1293000     7.5147     7.5252     0.0105     5.9476     5.9555     67.362     68.857      0.418    1436.22    1436.28  0.000e+00
      23522     68.500     4.8043     4.8225     0.0186    0.80772    0.80916          1     6.9685     7.1911      53.56     0.3143     0.3036  1.000e-12  0.1196000     7.4882     7.4985     0.0103     5.9279     5.9355     67.857     69.364      0.615    1436.03    1436.13  0.000e+00
      23536     69.000     5.1177     5.1148    -0.0035    0.89236    0.89164          1     5.4266     5.9358      53.06     0.3312     0.2849  1.000e-12  0.1381000     8.2569     8.2505    -0.0064     6.5237     6.5188     68.353     69.870      0.730    1438.40    1438.38  0.000e+00
      23552     69.500     5.2767     5.2764    -0.0002    0.94011    0.94017          1     3.7172     4.5057      52.76     0.3134     0.2656  1.000e-12  0.1228000     8.6921     8.6927     0.0007     6.8605     6.8611     68.848     70.376      0.639    1439.65    1439.65  0.000e+00
      23605     70.000     5.2456     5.3228     0.0763    0.93375    0.95498          1     3.1406     4.2959      52.22     0.3088     0.2785  1.000e-12  0.1101000     8.6360     8.8281     0.1921     6.8174     6.9658     69.343     70.882      0.470    1439.45    1440.03  0.000e+00
      23670     70.500     5.2886     5.2387    -0.0482    0.94663    0.93193          1     3.3939     4.6074      51.81     0.3216     0.2707  1.000e-12  0.0995000     8.7533     8.6197    -0.1336     6.9081     6.8049     69.838     71.387      0.934    1439.80    1439.41  0.000e+00
      23680     71.000     5.4536     5.4530    -0.0007    0.99416    0.99386          1     2.5876     3.4812      51.50     0.2774     0.3057  1.000e-12  0.1098000     9.1829     9.1801    -0.0028     7.2395     7.2373     70.334     71.893      1.067    1441.07    1441.06  0.000e+00
      23690     71.500     5.4721     5.4724     0.0002    1.00148    1.00124          1     1.9080     2.6335      51.13     0.2726     0.3177  1.000e-12  0.1104000     9.2506     9.2482    -0.0024     7.2920     7.2901     70.829     72.399      1.067    1441.24    1441.24  0.000e+00
      23702     72.000     5.5073     5.5081     0.0008    1.01396    1.01367          1     1.3852     1.9949      35.72     0.2725     0.3006  1.000e-12  0.1149000     9.3651     9.3620    -0.0031     7.3805     7.3780     71.324     72.904      0.904    1441.55    1441.55  0.000e+00
      23739     72.500     5.5509     5.5716     0.0196    1.02498    1.03089          1     1.2672     1.8234      33.97     0.2749     0.2785  1.000e-12  0.1150000     9.4624     9.5155     0.0531     7.4550     7.4958     71.819     73.410      0.590    1441.87    1442.02  0.000e+00
      23839     73.000     5.5297     5.5816     0.0532    1.02196    1.03806          1     1.3827     2.1781      48.94     0.2845     0.3154  1.000e-12  0.1086000     9.4382     9.5840     0.1457     7.4371     7.5493     72.314     73.915      1.027    1441.75    1442.16  0.000e+00
      23852     73.500     5.5878     5.6344     0.0464    1.04085    1.05375          1     0.9990     1.7248      49.00     0.2922     0.3158  1.000e-12  0.1126000     9.6097     9.7249     0.1152     7.5693     7.6576     72.810     74.421      1.056    1442.23    1442.57  0.000e+00
      23863     74.000     5.6596     5.6617     0.0022    1.06670    1.06707          1     0.6828     1.3046      48.46     0.3089     0.2807  1.000e-12  0.1255000     9.8465     9.8496     0.0031     7.7521     7.7544     73.305     74.926      0.972    1442.84    1442.86  0.000e+00
      23876     74.500     5.6802     5.6808     0.0006    1.08044    1.08031          1     0.4751     0.9686      47.85     0.3002     0.2714  1.000e-12  0.1266000     9.9772     9.9757    -0.0014     7.8540     7.8528     73.800     75.431      0.719    1443.10    1443.11  0.000e+00
      23951     75.000     5.6657     5.6650    -0.0003    1.07626    1.07484          1     0.9011     1.2025      47.00     0.3018     0.2628  1.000e-12  0.1287000     9.9397     9.9258    -0.0139     7.8252     7.8143     74.295     75.937      0.535    1443.00    1442.98  0.000e+00
      24012     75.500     5.6583     5.6562    -0.0023    1.07262    1.07131          1     0.9230     1.1902      46.57     0.2997     0.3029  1.000e-12  0.1182000     9.9056     9.8932    -0.0125     7.7988     7.7891     74.791     76.442      0.854    1442.94    1442.91  0.000e+00
      24025     76.000     5.7677     5.7718     0.0042    1.10427    1.10482          1     0.6268     0.8830      46.12     0.2920     0.3153  1.000e-12  0.1191000    10.1882    10.1925     0.0042     8.0153     8.0184     75.286     76.947      0.764    1443.77    1443.79  0.000e+00
      24050     76.500     5.7731     5.7715    -0.0016    1.10764    1.10663          1     0.5575     0.7443      45.53     0.2963     0.3145  1.000e-12  0.1423000    10.2199    10.2104    -0.0095     8.0400     8.0325     75.781     77.453      0.417    1443.84    1443.82  0.000e+00
      24125     77.000     5.6077     5.6170     0.0097    1.05337    1.05892          1     1.2418     1.3661      44.66     0.3214     0.3157  1.000e-12  0.1661000     9.7283     9.7809     0.0526     7.6617     7.7028     76.276     77.958      0.376    1442.52    1442.63  0.000e+00
      24144     77.500     5.7729     5.7735     0.0001    1.11366    1.11489          1     0.6839     0.8452      44.36     0.2856     0.2991  1.000e-12  0.1628000    10.2799    10.2919     0.0120     8.0873     8.0968     76.771     78.463      0.548    1443.93    1443.95  0.000e+00
      24167     78.000     5.7980     5.7983     0.0003    1.12382    1.12380          1     0.3057     0.4939      43.87     0.2942     0.2766  1.000e-12  0.1795000    10.3735    10.3732    -0.0003     8.1596     8.1593     77.267     78.968      0.448    1444.17    1444.17  0.000e+00
      24223     78.500     5.7854     5.8030     0.0176    1.11979    1.12561          1     0.2444     0.4474      43.21     0.3164     0.2956  1.000e-12  0.2042000    10.3371    10.3897     0.0526     8.1316     8.1720     77.762     79.473      0.251    1444.07    1444.22  0.000e+00
      24280     79.000     5.8168     5.8333     0.0164    1.13010    1.13524          1     0.2828     0.4597      42.71     0.2958     0.2769  1.000e-12  0.1999000    10.4300    10.4762     0.0462     8.2030     8.2384     78.257     79.979      0.466    1444.33    1444.46  0.000e+00
      24300     79.500     5.8695     5.8697     0.0002    1.14254    1.14244          1     0.2740     0.3868      42.32     0.2969     0.2505  1.000e-12  0.2162000    10.5376    10.5366    -0.0011     8.2846     8.2837     78.752     80.484      0.574    1444.70    1444.70  0.000e+00
      24321     80.000     5.8886     5.8890     0.0003    1.14730    1.14725          1     0.2743     0.3543      41.82     0.3077     0.3158  1.000e-12  0.2208000    10.5790    10.5784    -0.0005     8.3160     8.3155     79.247     80.989      0.529    1444.84    1444.84  0.000e+00
      24347     80.500     5.8976     5.8979     0.0003    1.15093    1.15098          1     0.2530     0.3245      41.22     0.3091     0.3085  1.000e-12  0.2366000    10.6122    10.6126     0.0004     8.3416     8.3420     79.743     81.494      0.416    1444.93    1444.94  0.000e+00
      24380     81.000     5.9010     5.9012     0.0002    1.15249    1.15244          1     0.2346     0.3019      40.62     0.3128     0.2568  1.000e-12  0.2357000    10.6266    10.6260    -0.0005     8.3528     8.3523     80.238     81.999      0.315    1444.97    1444.97  0.000e+00
      24466     81.500     5.8811     5.8959     0.0147    1.14694    1.15128          1     0.2492     0.3280      40.00     0.3209     0.2900  1.000e-12  0.2298000    10.5774    10.6161     0.0386     8.3153     8.3448     80.733     82.504      0.309    1444.83    1444.95  0.000e+00
      24503     82.000     5.9007     5.9012     0.0005    1.15295    1.15297          1     0.2340     0.2963      39.73     0.3089     0.3174  1.000e-12  0.2274000    10.6311    10.6312     0.0001     8.3564     8.3564     81.228     83.009      0.654    1444.99    1445.00  0.000e+00
      24519     82.500     5.9027     5.9034     0.0008    1.15484    1.15482          1     0.2114     0.2696      39.36     0.3091     0.2702  1.000e-12  0.2406000    10.6492    10.6488    -0.0004     8.3705     8.3701     81.723     83.514      0.777    1445.03    1445.04  0.000e+00
      24533     83.000     5.9301     5.9307     0.0005    1.16175    1.16166          1     0.1899     0.2466      38.86     0.3091     0.2627  1.000e-12  0.2478000    10.7093    10.7083    -0.0010     8.4161     8.4153     82.218     84.019      0.739    1445.23    1445.24  0.000e+00
      24552     83.500     5.9497     5.9497     0.0001    1.16711    1.16709          1     0.1686     0.2243      38.26     0.2865     0.3124  1.000e-12  0.2569000    10.7564    10.7561    -0.0002     8.4520     8.4518     82.714     84.524      0.530    1445.38    1445.38  0.000e+00
      24630     84.000     5.9301     5.9484     0.0185    1.16134    1.16684          1     0.1716     0.2622      37.50     0.3107     0.2923  1.000e-12  0.2522000    10.7050    10.7540     0.0490     8.4127     8.4502     83.209     85.029      0.289    1445.24    1445.38  0.000e+00
      24686     84.500     5.9537     5.9653     0.0115    1.16901    1.17184          1     0.1650     0.2426      37.18     0.3091     0.2861  1.000e-12  0.2150000    10.7738    10.7983     0.0245     8.4654     8.4840     83.704     85.534      0.597    1445.44    1445.52  0.000e+00
