ctdpy/exports/archive_20191120_135557/received_data/SBE09_0827_20180130_0607_26_01_0263.cnv
* Sea-Bird SBE 9 Data File:
* FileName = D:\CTD_SBE911\DAT\26DA.2018.1.163.hex
* Software Version Seasave V 7.21d
* Temperature SN = 034757
* Conductivity SN = 041844
* Number of Bytes Per Scan = 48
* Number of Voltage Words = 5
* Number of Scans Averaged by the Deck Unit = 1
* NMEA Latitude = 58 19.66 N
* NMEA Longitude = 010 50.31 E
* NMEA UTC (Time) = Jan 30 2018  06:08:06
* NMEA baud rate = 4800
** Ship: DANA
** Average sound velocity: 1477.06 m/s
** True-depth calculation Thu, 28 Mar 2019 08:34:21 +0000
** CTD Python Module SMHI /ver 3-12/ feb 2012 
** LIMS Job: 20182601-0263
** 12W Håll
** Operator: Ronny Sørensen
** Cruise: 01/2018
# nquan = 26
# nvalues = 266                         
# units = specified
# name 0 = scan: Scan Count
# name 1 = prDM: Pressure, Digiquartz [db]
# name 2 = t090C: Temperature [ITS-90, deg C]
# name 3 = t190C: Temperature, 2 [ITS-90, deg C]
# name 4 = T2-T190C: Temperature Difference, 2 - 1 [ITS-90, deg C]
# name 5 = c0S/m: Conductivity [S/m]
# name 6 = c1S/m: Conductivity, 2 [S/m]
# name 7 = pumps: Pump Status
# name 8 = sbeox1ML/L: Oxygen, SBE 43, 2 [ml/l]
# name 9 = sbeox0ML/L: Oxygen, SBE 43 [ml/l]
# name 10 = altM: Altimeter [m]
# name 11 = chloroflTC0: Chlorophyll, Turner Cyclops [ug/l]
# name 12 = cpar: CPAR/Corrected Irradiance [%]
# name 13 = par: PAR/Irradiance, Biospherical/Lico [µE/(cm^2*s)]
# name 14 = spar: SPAR, Biospherical/Licor
# name 15 = sal00: Salinity, Practical [PSU]
# name 16 = sal11: Salinity, Practical, 2 [PSU]
# name 17 = secS-priS: Salinity, Practical, Difference, 2 - 1 [PSU]
# name 18 = sigma-t00: Density [sigma-t, kg/m^3 ]
# name 19 = sigma-t11: Density, 2 [sigma-t, kg/m^3 ]
# name 20 = depSM: Depth [salt water, m], lat = 58.3277
# name 21 = depFM: Depth [true depth, m], lat = 58.3277
# name 22 = dz/dtM: Descent Rate [m/s], WS = 2
# name 23 = svCM: Sound Velocity [Chen-Millero, m/s]
# name 24 = svCM1: Sound Velocity, 2 [Chen-Millero, m/s]
# name 25 = flag: flag
# span 0 =        117,      11568       
# span 1 =      2.000,    134.500       
# span 2 =     5.4776,     6.7676       
# span 3 =     5.4834,     6.7522       
# span 4 =    -0.2519,     0.0129       
# span 5 =   3.125011,   3.466140       
# span 6 =   3.126341,   3.465669       
# span 7 =          1,          1       
# span 8 =     5.9863,     6.4603       
# span 9 =     6.1352,    10.3041       
# span 10 =       2.61,       9.96      
# span 11 =     0.0208,     0.1217      
# span 12 = 4.9241e-11, 4.9241e-11      
# span 13 = 1.0000e-12, 1.0000e-12      
# span 14 = 2.0308e+00, 2.0308e+00      
# span 15 =    31.9908,    34.5146      
# span 16 =    31.9971,    34.5124      
# span 17 =    -0.3786,     0.0286      
# span 18 =    25.2369,    27.0730      
# span 19 =    25.2408,    27.0715      
# span 20 =      1.981,    133.207      
# span 21 =      1.987,    133.415      
# span 22 =     -0.133,      0.892      
# span 23 =    1468.87,    1479.22      
# span 24 =    1468.93,    1479.21      
# span 25 = 0.0000e+00, 0.0000e+00      
# interval = decibars: 0.5              
# start_time = Jan 30 2018 06:08:07 [NMEA time, first data scan]
# bad_flag = -9.990e-29
*END*
[from data line 223]
      10456    113.500     6.7218     6.7219     0.0001    3.46369    3.46358          1     6.0526     6.1511       9.95     0.0925  4.924e-11  1.000e-12  2.031e+00    34.5087    34.5074    -0.0013    27.0698    27.0687    112.414    112.590      0.676    1478.82    1478.82  0.000e+00
      10472    114.000     6.7231     6.7219    -0.0012    3.46385    3.46356          1     6.0832     6.1461       9.95     0.0944  4.924e-11  1.000e-12  2.031e+00    34.5090    34.5070    -0.0020    27.0698    27.0684    112.909    113.086      0.716    1478.84    1478.83  0.000e+00
      10489    114.500     6.7223     6.7221    -0.0002    3.46377    3.46360          1     6.0768     6.1496       9.95     0.0934  4.924e-11  1.000e-12  2.031e+00    34.5087    34.5070    -0.0017    27.0697    27.0684    113.404    113.581      0.692    1478.84    1478.84  0.000e+00
      10507    115.000     6.7220     6.7220    -0.0000    3.46376    3.46361          1     6.0491     6.1494       9.95     0.0907  4.924e-11  1.000e-12  2.031e+00    34.5086    34.5069    -0.0017    27.0697    27.0684    113.899    114.077      0.691    1478.85    1478.85  0.000e+00
      10524    115.500     6.7216     6.7219     0.0003    3.46374    3.46363          1     6.0339     6.1450       9.95     0.0903  4.924e-11  1.000e-12  2.031e+00    34.5085    34.5069    -0.0016    27.0697    27.0684    114.395    114.573      0.736    1478.86    1478.85  0.000e+00
      10540    116.000     6.7218     6.7217    -0.0001    3.46379    3.46363          1     6.0375     6.1390       9.95     0.0928  4.924e-11  1.000e-12  2.031e+00    34.5086    34.5069    -0.0017    27.0697    27.0684    114.890    115.069      0.766    1478.87    1478.86  0.000e+00
      10555    116.500     6.7222     6.7216    -0.0006    3.46386    3.46362          1     6.0488     6.1455       9.95     0.0949  4.924e-11  1.000e-12  2.031e+00    34.5087    34.5066    -0.0021    27.0698    27.0682    115.385    115.565      0.704    1478.87    1478.87  0.000e+00
      10585    117.000     6.7228     6.7213    -0.0015    3.46393    3.46362          1     6.0472     6.1549       9.95     0.0959  4.924e-11  1.000e-12  2.031e+00    34.5086    34.5067    -0.0019    27.0696    27.0683    115.880    116.061      0.432    1478.89    1478.88  0.000e+00
      10671    117.500     6.7204     6.7197    -0.0007    3.46367    3.46350          1     6.0365     6.1481       9.95     0.0980  4.924e-11  1.000e-12  2.031e+00    34.5079    34.5067    -0.0012    27.0694    27.0685    116.375    116.556      0.541    1478.88    1478.88  0.000e+00
      10686    118.000     6.7191     6.7195     0.0003    3.46352    3.46344          1     6.0415     6.1422       9.95     0.1010  4.924e-11  1.000e-12  2.031e+00    34.5073    34.5060    -0.0013    27.0690    27.0680    116.870    117.052      0.675    1478.89    1478.89  0.000e+00
      10704    118.500     6.7172     6.7193     0.0021    3.46334    3.46343          1     6.0474     6.1418       9.95     0.1018  4.924e-11  1.000e-12  2.031e+00    34.5069    34.5058    -0.0011    27.0690    27.0679    117.365    117.548      0.613    1478.89    1478.89  0.000e+00
      10728    119.000     6.7184     6.7188     0.0003    3.46348    3.46341          1     6.0639     6.1445       9.95     0.1071  4.924e-11  1.000e-12  2.031e+00    34.5071    34.5060    -0.0012    27.0690    27.0680    117.860    118.044      0.396    1478.90    1478.90  0.000e+00
      10768    119.500     6.7188     6.7178    -0.0010    3.46355    3.46329          1     6.0617     6.1571       9.95     0.1105  4.924e-11  1.000e-12  2.031e+00    34.5072    34.5054    -0.0018    27.0690    27.0677    118.355    118.540      0.326    1478.91    1478.90  0.000e+00
      10797    120.000     6.7193     6.7178    -0.0016    3.46364    3.46330          1     6.0191     6.1590       9.95     0.1056  4.924e-11  1.000e-12  2.031e+00    34.5075    34.5051    -0.0023    27.0692    27.0675    118.850    119.036      0.585    1478.92    1478.91  0.000e+00
      10814    120.500     6.7210     6.7179    -0.0031    3.46388    3.46334          1     6.0114     6.1592       9.95     0.1082  4.924e-11  1.000e-12  2.031e+00    34.5081    34.5053    -0.0028    27.0694    27.0677    119.345    119.532      0.767    1478.94    1478.92  0.000e+00
      10828    121.000     6.7211     6.7182    -0.0029    3.46392    3.46338          1     6.0215     6.1594       9.95     0.1066  4.924e-11  1.000e-12  2.031e+00    34.5082    34.5052    -0.0030    27.0695    27.0675    119.840    120.027      0.855    1478.94    1478.93  0.000e+00
      10841    121.500     6.7210     6.7187    -0.0023    3.46392    3.46346          1     6.0245     6.1589       9.95     0.1056  4.924e-11  1.000e-12  2.031e+00    34.5081    34.5052    -0.0028    27.0694    27.0675    120.335    120.523      0.836    1478.95    1478.94  0.000e+00
      10857    122.000     6.7207     6.7192    -0.0015    3.46390    3.46353          1     6.0288     6.1535       9.95     0.1126  4.924e-11  1.000e-12  2.031e+00    34.5079    34.5053    -0.0026    27.0693    27.0674    120.830    121.019      0.694    1478.96    1478.95  0.000e+00
      10879    122.500     6.7205     6.7197    -0.0008    3.46389    3.46362          1     6.0548     6.1489       9.95     0.1097  4.924e-11  1.000e-12  2.031e+00    34.5078    34.5056    -0.0022    27.0693    27.0676    121.325    121.515      0.382    1478.97    1478.96  0.000e+00
      10947    123.000     6.7207     6.7198    -0.0009    3.46393    3.46367          1     6.0238     6.1469       9.95     0.1033  4.924e-11  1.000e-12  2.031e+00    34.5078    34.5057    -0.0020    27.0692    27.0677    121.821    122.011      0.312    1478.97    1478.97  0.000e+00
      10975    123.500     6.7213     6.7198    -0.0015    3.46402    3.46368          1     6.0083     6.1358       9.95     0.1048  4.924e-11  1.000e-12  2.031e+00    34.5079    34.5057    -0.0023    27.0693    27.0677    122.316    122.507      0.498    1478.98    1478.98  0.000e+00
      10999    124.000     6.7216     6.7199    -0.0017    3.46407    3.46371          1     6.0512     6.1478       9.95     0.1020  4.924e-11  1.000e-12  2.031e+00    34.5079    34.5056    -0.0023    27.0692    27.0676    122.811    123.002      0.436    1479.00    1478.99  0.000e+00
      11032    124.500     6.7212     6.7201    -0.0010    3.46403    3.46376          1     6.0619     6.1659       9.95     0.1029  4.924e-11  1.000e-12  2.031e+00    34.5077    34.5056    -0.0020    27.0690    27.0676    123.306    123.498      0.354    1479.00    1478.99  0.000e+00
      11062    125.000     6.7196     6.7201     0.0006    3.46387    3.46378          1     6.0635     6.1492       9.95     0.1027  4.924e-11  1.000e-12  2.031e+00    34.5072    34.5056    -0.0016    27.0689    27.0676    123.801    123.994      0.506    1479.00    1479.00  0.000e+00
      11082    125.500     6.7194     6.7198     0.0004    3.46388    3.46377          1     6.0385     6.1378       9.95     0.1060  4.924e-11  1.000e-12  2.031e+00    34.5073    34.5057    -0.0016    27.0690    27.0677    124.296    124.490      0.633    1479.01    1479.01  0.000e+00
      11100    126.000     6.7193     6.7196     0.0003    3.46390    3.46378          1     6.0141     6.1398       9.95     0.1073  4.924e-11  1.000e-12  2.031e+00    34.5073    34.5057    -0.0016    27.0690    27.0677    124.791    124.986      0.679    1479.02    1479.02  0.000e+00
      11117    126.500     6.7191     6.7192     0.0001    3.46390    3.46375          1     6.0080     6.1469       9.93     0.1099  4.924e-11  1.000e-12  2.031e+00    34.5073    34.5056    -0.0017    27.0690    27.0677    125.286    125.482      0.688    1479.02    1479.02  0.000e+00
      11135    127.000     6.7188     6.7190     0.0003    3.46387    3.46375          1     6.0227     6.1512       9.56     0.1085  4.924e-11  1.000e-12  2.031e+00    34.5070    34.5055    -0.0016    27.0689    27.0676    125.781    125.978      0.673    1479.03    1479.03  0.000e+00
      11153    127.500     6.7194     6.7188    -0.0006    3.46399    3.46375          1     6.0407     6.1514       9.06     0.1064  4.924e-11  1.000e-12  2.031e+00    34.5075    34.5054    -0.0022    27.0692    27.0676    126.276    126.473      0.628    1479.04    1479.04  0.000e+00
      11173    128.000     6.7198     6.7186    -0.0012    3.46405    3.46374          1     6.0529     6.1528       8.56     0.1071  4.924e-11  1.000e-12  2.031e+00    34.5074    34.5052    -0.0022    27.0690    27.0675    126.771    126.969      0.559    1479.05    1479.05  0.000e+00
      11197    128.500     6.7200     6.7185    -0.0016    3.46408    3.46372          1     6.0347     6.1503       8.04     0.1089  4.924e-11  1.000e-12  2.031e+00    34.5073    34.5050    -0.0023    27.0689    27.0673    127.266    127.465      0.467    1479.06    1479.05  0.000e+00
      11229    129.000     6.7199     6.7187    -0.0012    3.46408    3.46376          1     6.0460     6.1538       7.53     0.1103  4.924e-11  1.000e-12  2.031e+00    34.5073    34.5049    -0.0024    27.0689    27.0672    127.761    127.961      0.319    1479.07    1479.06  0.000e+00
      11276    129.500     6.7201     6.7192    -0.0009    3.46414    3.46385          1     6.0750     6.1526       7.03     0.1079  4.924e-11  1.000e-12  2.031e+00    34.5074    34.5051    -0.0023    27.0690    27.0673    128.256    128.457      0.218    1479.08    1479.07  0.000e+00
      11329    130.000     6.7201     6.7195    -0.0007    3.46417    3.46391          1     6.0390     6.1571       6.55     0.1036  4.924e-11  1.000e-12  2.031e+00    34.5075    34.5053    -0.0022    27.0690    27.0674    128.751    128.953      0.322    1479.08    1479.08  0.000e+00
      11357    130.500     6.7268     6.7194    -0.0074    3.46506    3.46392          1     6.0143     6.1551       6.08     0.1097  4.924e-11  1.000e-12  2.031e+00    34.5103    34.5052    -0.0051    27.0704    27.0674    129.246    129.448      0.544    1479.12    1479.09  0.000e+00
      11376    131.000     6.7281     6.7201    -0.0080    3.46524    3.46399          1     6.0078     6.1462       5.61     0.1093  4.924e-11  1.000e-12  2.031e+00    34.5109    34.5050    -0.0059    27.0706    27.0671    129.741    129.944      0.684    1479.14    1479.10  0.000e+00
      11392    131.500     6.7301     6.7213    -0.0088    3.46551    3.46414          1     6.0207     6.1433       5.10     0.1099  4.924e-11  1.000e-12  2.031e+00    34.5115    34.5053    -0.0062    27.0709    27.0672    130.236    130.440      0.747    1479.15    1479.11  0.000e+00
      11408    132.000     6.7306     6.7222    -0.0083    3.46557    3.46426          1     6.0431     6.1441       4.60     0.1147  4.924e-11  1.000e-12  2.031e+00    34.5115    34.5054    -0.0061    27.0708    27.0671    130.731    130.936      0.740    1479.17    1479.13  0.000e+00
      11424    132.500     6.7304     6.7251    -0.0053    3.46558    3.46460          1     6.0593     6.1441       4.10     0.1190  4.924e-11  1.000e-12  2.031e+00    34.5115    34.5060    -0.0055    27.0708    27.0672    131.226    131.432      0.652    1479.17    1479.15  0.000e+00
      11446    133.000     6.7283     6.7274    -0.0009    3.46531    3.46494          1     6.0507     6.1518       3.58     0.1164  4.924e-11  1.000e-12  2.031e+00    34.5104    34.5072    -0.0032    27.0702    27.0678    131.721    131.928      0.447    1479.17    1479.16  0.000e+00
      11492    133.500     6.7295     6.7277    -0.0017    3.46550    3.46508          1     5.9885     6.1418       3.08     0.1133  4.924e-11  1.000e-12  2.031e+00    34.5110    34.5082    -0.0029    27.0706    27.0686    132.216    132.424      0.325    1479.18    1479.17  0.000e+00
      11522    134.000     6.7336     6.7294    -0.0042    3.46602    3.46526          1     5.9933     6.1352       2.61     0.1174  4.924e-11  1.000e-12  2.031e+00    34.5124    34.5082    -0.0042    27.0711    27.0684    132.712    132.919      0.481    1479.21    1479.19  0.000e+00
      11568    134.500     6.7344     6.7327    -0.0017    3.46614    3.46567          1     6.0379     6.1573       3.49     0.1217  4.924e-11  1.000e-12  2.031e+00    34.5127    34.5092    -0.0035    27.0712    27.0687    133.207    133.415     -0.133    1479.22    1479.21  0.000e+00
