ctdpy/exports/archive_20191120_135557/received_data/SBE09_0827_20180228_0602_26_01_0329.cnv
* Sea-Bird SBE 9 Data File:
* FileName = D:\CTD_SBE911\DAT\26DA.2018.3.29.hex
* Software Version Seasave V 7.21d
* Temperature SN = 034757
* Conductivity SN = 041844
* Number of Bytes Per Scan = 48
* Number of Voltage Words = 5
* Number of Scans Averaged by the Deck Unit = 1
* NMEA Latitude = 57 02.96 N
* NMEA Longitude = 017 50.48 E
* NMEA UTC (Time) = Feb 28 2018  06:03:08
* NMEA baud rate = 4800
** Ship: DANA
** Average sound velocity: 1429.65 m/s
** True-depth calculation Tue, 02 Apr 2019 12:07:54 +0000
** CTD Python Module SMHI /ver 3-12/ feb 2012 
** LIMS Job: 20182601-0329
** Operator:
** Cruise: 02/2018
# nquan = 26
# nvalues = 171                         
# units = specified
# name 0 = scan: Scan Count
# name 1 = prDM: Pressure, Digiquartz [db]
# name 2 = t090C: Temperature [ITS-90, deg C]
# name 3 = t190C: Temperature, 2 [ITS-90, deg C]
# name 4 = T2-T190C: Temperature Difference, 2 - 1 [ITS-90, deg C]
# name 5 = c0S/m: Conductivity [S/m]
# name 6 = c1S/m: Conductivity, 2 [S/m]
# name 7 = pumps: Pump Status
# name 8 = sbeox1ML/L: Oxygen, SBE 43, 2 [ml/l]
# name 9 = sbeox0ML/L: Oxygen, SBE 43 [ml/l]
# name 10 = altM: Altimeter [m]
# name 11 = chloroflTC0: Chlorophyll, Turner Cyclops [ug/l]
# name 12 = cpar: CPAR/Corrected Irradiance [%]
# name 13 = par: PAR/Irradiance, Biospherical/Lico [µE/(cm^2*s)]
# name 14 = spar: SPAR, Biospherical/Licor
# name 15 = sal00: Salinity, Practical [PSU]
# name 16 = sal11: Salinity, Practical, 2 [PSU]
# name 17 = secS-priS: Salinity, Practical, Difference, 2 - 1 [PSU]
# name 18 = sigma-t00: Density [sigma-t, kg/m^3 ]
# name 19 = sigma-t11: Density, 2 [sigma-t, kg/m^3 ]
# name 20 = depSM: Depth [salt water, m], lat = 57.0493
# name 21 = depFM: Depth [true depth, m], lat = 57.0493
# name 22 = dz/dtM: Descent Rate [m/s], WS = 2
# name 23 = svCM: Sound Velocity [Chen-Millero, m/s]
# name 24 = svCM1: Sound Velocity, 2 [Chen-Millero, m/s]
# name 25 = flag: flag
# span 0 =        -23,       9416       
# span 1 =      1.500,     86.500       
# span 2 =     2.7347,     5.2216       
# span 3 =     2.7339,     5.2308       
# span 4 =    -0.1222,     0.5808       
# span 5 =   0.742412,   0.967458       
# span 6 =   0.741595,   0.966767       
# span 7 =          1,          1       
# span 8 =     1.4449,     8.6324       
# span 9 =     1.4119,     8.5200       
# span 10 =       0.49,       9.98      
# span 11 =     0.0108,     0.0147      
# span 12 = -3.544e-03, 9.3360e+00      
# span 13 = -6.478e-04, 1.5251e+00      
# span 14 = 1.4229e+01, 2.0308e+01      
# span 15 =     7.2964,     8.9790      
# span 16 =     7.2888,     8.9722      
# span 17 =    -0.0287,     0.0747      
# span 18 =     5.8187,     7.0903      
# span 19 =     5.8127,     7.0849      
# span 20 =      1.486,     85.687      
# span 21 =      1.519,     87.569      
# span 22 =     -0.283,      0.948      
# span 23 =    1425.38,    1440.01      
# span 24 =    1425.35,    1440.00      
# span 25 = 0.0000e+00, 0.0000e+00      
# interval = decibars: 0.5              
# start_time = Feb 28 2018 06:03:09 [NMEA time, first data scan]
# bad_flag = -9.990e-29
*END*
        -23      1.500     2.7380     2.7354    -0.0026    0.74247    0.74164          1     8.6032     8.4806       9.85     0.0108  9.336e+00  1.525e+00  1.624e+01     7.2977     7.2895    -0.0082     5.8198     5.8133      1.486      1.519     -0.038    1425.38    1425.35  0.000e+00
        233      2.000     2.7376     2.7350    -0.0026    0.74245    0.74164          1     8.5980     8.4976       9.89     0.0140  5.825e+00  1.056e+00  1.818e+01     7.2976     7.2896    -0.0080     5.8197     5.8133      1.982      2.025      0.300    1425.38    1425.36  0.000e+00
        311      2.500     2.7360     2.7339    -0.0021    0.74243    0.74160          1     8.5994     8.5003       9.97     0.0112  5.162e+00  9.434e-01  1.828e+01     7.2976     7.2893    -0.0083     5.8198     5.8131      2.477      2.532      0.359    1425.38    1425.36  0.000e+00
        401      3.000     2.7347     2.7356     0.0009    0.74241    0.74165          1     8.5935     8.5112       9.97     0.0114  4.611e+00  8.428e-01  1.828e+01     7.2977     7.2894    -0.0082     5.8198     5.8132      2.973      3.038      0.601    1425.39    1425.38  0.000e+00
        420      3.500     2.7361     2.7365     0.0004    0.74245    0.74167          1     8.5971     8.5185       9.97     0.0122  4.008e+00  7.326e-01  1.828e+01     7.2976     7.2893    -0.0083     5.8198     5.8131      3.468      3.544      0.715    1425.40    1425.39  0.000e+00
        456      4.000     2.7369     2.7377     0.0007    0.74248    0.74168          1     8.5994     8.5160       9.97     0.0122  3.250e+00  5.940e-01  1.828e+01     7.2977     7.2892    -0.0086     5.8198     5.8130      3.963      4.051      0.449    1425.41    1425.40  0.000e+00
        517      4.500     2.7430     2.7445     0.0016    0.74262    0.74184          1     8.6160     8.5038       9.97     0.0118  2.950e+00  5.392e-01  1.828e+01     7.2978     7.2891    -0.0086     5.8198     5.8129      4.459      4.557      0.660    1425.45    1425.44  0.000e+00
        536      5.000     2.7469     2.7500     0.0030    0.74272    0.74196          1     8.6213     8.4956       9.97     0.0117  2.334e+00  4.266e-01  1.828e+01     7.2978     7.2892    -0.0086     5.8199     5.8129      4.954      5.063      0.481    1425.47    1425.48  0.000e+00
        633      5.500     2.7500     2.7499    -0.0001    0.74277    0.74200          1     8.6164     8.4942       9.97     0.0113  1.827e+00  3.340e-01  1.828e+01     7.2977     7.2895    -0.0082     5.8197     5.8132      5.449      5.570      0.458    1425.49    1425.49  0.000e+00
        659      6.000     2.7477     2.7472    -0.0005    0.74273    0.74193          1     8.6182     8.5050       9.97     0.0115  1.505e+00  2.751e-01  1.828e+01     7.2976     7.2893    -0.0083     5.8197     5.8131      5.945      6.076      0.544    1425.49    1425.48  0.000e+00
        705      6.500     2.7483     2.7479    -0.0004    0.74274    0.74195          1     8.6264     8.4968       9.97     0.0114  1.008e+00  1.842e-01  1.828e+01     7.2975     7.2893    -0.0082     5.8196     5.8131      6.440      6.582      0.323    1425.50    1425.49  0.000e+00
        773      7.000     2.7487     2.7498     0.0012    0.74276    0.74200          1     8.6234     8.4891       9.97     0.0110  6.282e-01  1.148e-01  1.828e+01     7.2975     7.2893    -0.0082     5.8196     5.8130      6.936      7.089      0.376    1425.51    1425.51  0.000e+00
        827      7.500     2.7505     2.7514     0.0009    0.74280    0.74204          1     8.6050     8.4986       9.97     0.0116  4.979e-01  9.101e-02  1.828e+01     7.2976     7.2893    -0.0082     5.8196     5.8130      7.431      7.595      0.269    1425.53    1425.52  0.000e+00
        879      8.000     2.7522     2.7529     0.0007    0.74285    0.74208          1     8.6065     8.5042       9.97     0.0118  3.847e-01  7.031e-02  1.828e+01     7.2976     7.2893    -0.0083     5.8197     5.8130      7.926      8.101      0.493    1425.54    1425.54  0.000e+00
        900      8.500     2.7527     2.7510    -0.0016    0.74286    0.74206          1     8.6101     8.4997       9.97     0.0114  9.671e-02  1.767e-02  1.828e+01     7.2975     7.2894    -0.0081     5.8196     5.8131      8.422      8.607      0.475    1425.55    1425.54  0.000e+00
        975      9.000     2.7541     2.7558     0.0017    0.74290    0.74215          1     8.6090     8.4998       9.97     0.0118 -3.544e-03 -6.478e-04  1.828e+01     7.2976     7.2893    -0.0083     5.8196     5.8130      8.917      9.114      0.300    1425.57    1425.57  0.000e+00
       1031      9.500     2.7568     2.7544    -0.0024    0.74296    0.74217          1     8.6145     8.5009       9.97     0.0113  2.025e-05  3.701e-06  1.828e+01     7.2975     7.2897    -0.0078     5.8195     5.8133      9.412      9.620      0.374    1425.59    1425.57  0.000e+00
       1067     10.000     2.7519     2.7493    -0.0025    0.74285    0.74204          1     8.6185     8.4992       9.98     0.0117  5.471e-12  1.000e-12  1.828e+01     7.2974     7.2894    -0.0079     5.8195     5.8131      9.908     10.126      0.349    1425.57    1425.55  0.000e+00
       1099     10.500     2.7489     2.7482    -0.0008    0.74279    0.74201          1     8.6173     8.5001       9.98     0.0119  5.471e-12  1.000e-12  1.828e+01     7.2973     7.2893    -0.0080     5.8194     5.8131     10.403     10.633      0.373    1425.57    1425.55  0.000e+00
       1135     11.000     2.7480     2.7486     0.0005    0.74277    0.74203          1     8.6170     8.5115       9.98     0.0121  5.471e-12  1.000e-12  1.828e+01     7.2973     7.2894    -0.0079     5.8194     5.8131     10.899     11.139      0.217    1425.57    1425.56  0.000e+00
       1228     11.500     2.7479     2.7506     0.0028    0.74278    0.74204          1     8.6178     8.5018       9.98     0.0117  5.471e-12  1.000e-12  1.828e+01     7.2973     7.2890    -0.0083     5.8195     5.8128     11.394     11.645      0.212    1425.58    1425.58  0.000e+00
       1276     12.000     2.7525     2.7566     0.0042    0.74290    0.74221          1     8.6261     8.5083       9.98     0.0120  5.471e-12  1.000e-12  1.828e+01     7.2975     7.2892    -0.0083     5.8196     5.8130     11.889     12.152      0.402    1425.61    1425.62  0.000e+00
       1303     12.500     2.7549     2.7549    -0.0000    0.74295    0.74218          1     8.6265     8.5139       9.98     0.0111  5.471e-12  1.000e-12  1.828e+01     7.2974     7.2893    -0.0081     5.8195     5.8130     12.385     12.658      0.408    1425.63    1425.62  0.000e+00
       1357     13.000     2.7552     2.7554     0.0002    0.74296    0.74219          1     8.6249     8.5030       9.98     0.0119  5.471e-12  1.000e-12  1.828e+01     7.2974     7.2892    -0.0082     5.8195     5.8130     12.880     13.164      0.247    1425.64    1425.63  0.000e+00
       1410     13.500     2.7545     2.7546     0.0000    0.74295    0.74218          1     8.6243     8.5012       9.98     0.0120  5.471e-12  1.000e-12  1.828e+01     7.2974     7.2892    -0.0082     5.8195     5.8129     13.376     13.671      0.390    1425.64    1425.63  0.000e+00
       1459     14.000     2.7560     2.7554    -0.0006    0.74299    0.74220          1     8.6136     8.4985       9.98     0.0114  5.471e-12  1.000e-12  1.828e+01     7.2974     7.2892    -0.0082     5.8195     5.8129     13.871     14.177      0.287    1425.66    1425.64  0.000e+00
       1534     14.500     2.7551     2.7539    -0.0012    0.74297    0.74219          1     8.6187     8.4886       9.98     0.0120  5.471e-12  1.000e-12  1.828e+01     7.2973     7.2893    -0.0080     5.8194     5.8130     14.366     14.683      0.505    1425.66    1425.64  0.000e+00
       1552     15.000     2.7533     2.7529    -0.0003    0.74293    0.74217          1     8.6213     8.4998       9.98     0.0120  5.471e-12  1.000e-12  1.828e+01     7.2972     7.2893    -0.0079     5.8193     5.8130     14.862     15.190      0.618    1425.66    1425.65  0.000e+00
       1572     15.500     2.7508     2.7490    -0.0018    0.74288    0.74212          1     8.6227     8.5008       9.98     0.0119  5.471e-12  1.000e-12  1.828e+01     7.2972     7.2896    -0.0076     5.8193     5.8133     15.357     15.696      0.479    1425.66    1425.64  0.000e+00
       1673     16.000     2.7540     2.7534    -0.0005    0.74297    0.74219          1     8.6230     8.5025       9.98     0.0122  5.897e-12  1.000e-12  1.701e+01     7.2973     7.2892    -0.0081     5.8194     5.8130     15.852     16.202      0.422    1425.68    1425.67  0.000e+00
       1719     16.500     2.7566     2.7586     0.0019    0.74304    0.74230          1     8.6265     8.5189       9.98     0.0118  6.158e-12  1.000e-12  1.624e+01     7.2974     7.2891    -0.0083     5.8195     5.8128     16.348     16.709      0.621    1425.70    1425.70  0.000e+00
       1738     17.000     2.7584     2.7610     0.0026    0.74309    0.74237          1     8.6250     8.5200       9.98     0.0117  6.155e-12  1.000e-12  1.625e+01     7.2974     7.2893    -0.0081     5.8195     5.8130     16.843     17.215      0.563    1425.71    1425.72  0.000e+00
       1766     17.500     2.7607     2.7606    -0.0001    0.74314    0.74239          1     8.6139     8.4995       9.98     0.0115  6.155e-12  1.000e-12  1.625e+01     7.2974     7.2895    -0.0079     5.8194     5.8131     17.338     17.721      0.326    1425.73    1425.72  0.000e+00
       1842     18.000     2.7609     2.7610     0.0001    0.74315    0.74239          1     8.6264     8.5035       9.98     0.0117  6.155e-12  1.000e-12  1.625e+01     7.2974     7.2893    -0.0080     5.8194     5.8130     17.834     18.228      0.226    1425.74    1425.73  0.000e+00
       1900     18.500     2.7622     2.7630     0.0008    0.74318    0.74243          1     8.6172     8.4977       9.98     0.0114  6.155e-12  1.000e-12  1.625e+01     7.2974     7.2893    -0.0081     5.8194     5.8129     18.329     18.734      0.250    1425.76    1425.75  0.000e+00
       1944     19.000     2.7663     2.7680     0.0017    0.74330    0.74257          1     8.6098     8.4932       9.98     0.0116  6.155e-12  1.000e-12  1.625e+01     7.2975     7.2895    -0.0080     5.8195     5.8131     18.825     19.240      0.309    1425.78    1425.78  0.000e+00
       1980     19.500     2.7664     2.7666     0.0002    0.74330    0.74255          1     8.6053     8.5047       9.98     0.0118  6.155e-12  1.000e-12  1.625e+01     7.2975     7.2895    -0.0080     5.8195     5.8131     19.320     19.747      0.347    1425.79    1425.78  0.000e+00
       2016     20.000     2.7666     2.7664    -0.0002    0.74331    0.74254          1     8.6201     8.4942       9.98     0.0114  6.155e-12  1.000e-12  1.625e+01     7.2975     7.2894    -0.0081     5.8195     5.8130     19.815     20.253      0.312    1425.80    1425.79  0.000e+00
       2057     20.500     2.7667     2.7667    -0.0000    0.74331    0.74254          1     8.6268     8.4957       9.98     0.0116  6.155e-12  1.000e-12  1.625e+01     7.2974     7.2893    -0.0081     5.8194     5.8130     20.311     20.759      0.273    1425.81    1425.80  0.000e+00
       2123     21.000     2.7669     2.7666    -0.0003    0.74332    0.74255          1     8.6185     8.4907       9.98     0.0110  6.155e-12  1.000e-12  1.625e+01     7.2974     7.2893    -0.0080     5.8194     5.8130     20.806     21.266      0.224    1425.82    1425.80  0.000e+00
       2194     21.500     2.7677     2.7678     0.0000    0.74334    0.74258          1     8.6177     8.4873       9.98     0.0118  6.155e-12  1.000e-12  1.625e+01     7.2973     7.2894    -0.0080     5.8194     5.8130     21.301     21.772      0.478    1425.83    1425.82  0.000e+00
       2212     22.000     2.7679     2.7672    -0.0007    0.74335    0.74257          1     8.6134     8.5023       9.98     0.0120  6.155e-12  1.000e-12  1.625e+01     7.2974     7.2893    -0.0081     5.8194     5.8129     21.797     22.278      0.579    1425.84    1425.82  0.000e+00
       2234     22.500     2.7675     2.7666    -0.0009    0.74334    0.74257          1     8.6084     8.5084       9.98     0.0113  6.155e-12  1.000e-12  1.625e+01     7.2973     7.2893    -0.0080     5.8193     5.8130     22.292     22.784      0.418    1425.84    1425.83  0.000e+00
       2304     23.000     2.7672     2.7672     0.0000    0.74334    0.74258          1     8.6222     8.4991       9.98     0.0119  6.155e-12  1.000e-12  1.625e+01     7.2972     7.2892    -0.0080     5.8193     5.8129     22.787     23.291      0.266    1425.85    1425.84  0.000e+00
       2348     23.500     2.7675     2.7673    -0.0002    0.74335    0.74259          1     8.6218     8.4906       9.98     0.0121  6.155e-12  1.000e-12  1.625e+01     7.2972     7.2893    -0.0079     5.8193     5.8129     23.283     23.797      0.283    1425.86    1425.85  0.000e+00
       2420     24.000     2.7678     2.7668    -0.0010    0.74336    0.74259          1     8.6238     8.4973       9.98     0.0112  6.155e-12  1.000e-12  1.625e+01     7.2972     7.2893    -0.0079     5.8193     5.8129     23.778     24.303      0.371    1425.87    1425.85  0.000e+00
       2440     24.500     2.7663     2.7663    -0.0000    0.74333    0.74258          1     8.6197     8.5008       9.98     0.0117  6.155e-12  1.000e-12  1.625e+01     7.2972     7.2892    -0.0079     5.8192     5.8129     24.273     24.810      0.659    1425.87    1425.86  0.000e+00
       2456     25.000     2.7665     2.7667     0.0002    0.74334    0.74259          1     8.6214     8.5053       9.98     0.0113  6.155e-12  1.000e-12  1.625e+01     7.2972     7.2892    -0.0079     5.8192     5.8129     24.769     25.316      0.657    1425.88    1425.87  0.000e+00
       2491     25.500     2.7671     2.7671     0.0000    0.74336    0.74261          1     8.6236     8.5037       9.98     0.0112  6.155e-12  1.000e-12  1.625e+01     7.2972     7.2893    -0.0079     5.8193     5.8129     25.264     25.822      0.450    1425.89    1425.88  0.000e+00
       2606     26.000     2.7669     2.7676     0.0008    0.74336    0.74263          1     8.6008     8.5017       9.98     0.0113  6.155e-12  1.000e-12  1.625e+01     7.2971     7.2892    -0.0079     5.8192     5.8129     25.759     26.329      0.948    1425.89    1425.89  0.000e+00
       2614     26.500     2.7674     2.7680     0.0005    0.74338    0.74264          1     8.5998     8.5036       9.98     0.0114  6.155e-12  1.000e-12  1.625e+01     7.2971     7.2892    -0.0079     5.8192     5.8129     26.255     26.835      0.864    1425.90    1425.90  0.000e+00
       2631     27.000     2.7678     2.7675    -0.0003    0.74340    0.74264          1     8.6059     8.5005       9.98     0.0110  6.324e-12  1.000e-12  1.586e+01     7.2972     7.2893    -0.0079     5.8192     5.8129     26.750     27.341      0.559    1425.91    1425.90  0.000e+00
       2731     27.500     2.7659     2.7666     0.0006    0.74335    0.74263          1     8.6140     8.4964       9.98     0.0110  6.435e-12  1.000e-12  1.560e+01     7.2971     7.2893    -0.0078     5.8192     5.8129     27.246     27.848      0.463    1425.91    1425.91  0.000e+00
       2768     28.000     2.7661     2.7660    -0.0001    0.74337    0.74262          1     8.6147     8.5011       9.98     0.0118  6.650e-12  1.000e-12  1.510e+01     7.2971     7.2892    -0.0079     5.8192     5.8129     27.741     28.354      0.290    1425.92    1425.91  0.000e+00
       2833     28.500     2.7668     2.7663    -0.0005    0.74339    0.74263          1     8.6158     8.5041       9.97     0.0109  6.946e-12  1.000e-12  1.442e+01     7.2971     7.2892    -0.0079     5.8192     5.8129     28.236     28.860      0.358    1425.93    1425.92  0.000e+00
