ctdpy/exports/archive_20191120_135557/received_data/SBE09_1044_20180416_0831_34_07_0007.cnv
* Sea-Bird SBE 9 Data File:
* FileName = C:\ctd\temp\2018\AU18D007.hex
* Software Version Seasave V 7.26.6.26
* Temperature SN = 5351
* Conductivity SN = 3941
* Number of Bytes Per Scan = 41
* Number of Voltage Words = 4
* Number of Scans Averaged by the Deck Unit = 1
* NMEA Latitude = 58 17.05 N
* NMEA Longitude = 010 30.27 E
* NMEA UTC (Time) = Apr 16 2018  08:31:49
* NMEA baud rate = 4800
** Station:  A17
** Operator:  A-KTh
** Ship: AURA
** Average sound velocity: 1479.02 m/s
** True-depth calculation Mon, 16 Apr 2018 12:12:11 +0000
** CTD Python Module SMHI /ver 3-12/ feb 2012 
** LIMS Job: 20183407-0007
** Cruise: SMHI-01-2018
** Latitude [GG MM.mm N] :
** Longitude [GG MM.mm E]:
# nquan = 26
# nvalues = 701                         
# units = specified
# name 0 = scan: Scan Count
# name 1 = prDM: Pressure, Digiquartz [db]
# name 2 = t090C: Temperature [ITS-90, deg C]
# name 3 = t190C: Temperature, 2 [ITS-90, deg C]
# name 4 = T2-T190C: Temperature Difference, 2 - 1 [ITS-90, deg C]
# name 5 = c0S/m: Conductivity [S/m]
# name 6 = c1S/m: Conductivity, 2 [S/m]
# name 7 = pumps: Pump Status
# name 8 = sbeox0ML/L: Oxygen, SBE 43 [ml/l]
# name 9 = sbeox1ML/L: Oxygen, SBE 43, 2 [ml/l]
# name 10 = altM: Altimeter [m]
# name 11 = flECO-AFL: Chl-a Fluorescence, WET Labs ECO-AFL/FL [mg/m^3]
# name 12 = flECO-AFL1: Phycocyanin Fluorescence, WET Labs ECO-AFL/FL, 2 [mg/m^3]
# name 13 = par: PAR/Irradiance, Biospherical/Lico [µE/(cm^2*s)]
# name 14 = turbWETntu0: Turbidity, WET Labs ECO [NTU]
# name 15 = sal00: Salinity, Practical [PSU]
# name 16 = sal11: Salinity, Practical, 2 [PSU]
# name 17 = secS-priS: Salinity, Practical, Difference, 2 - 1 [PSU]
# name 18 = sigma-t00: Density [sigma-t, Kg/m^3 ]
# name 19 = sigma-t11: Density, 2 [sigma-t, Kg/m^3 ]
# name 20 = depSM: Depth [salt water, m], lat = 58.2842
# name 21 = depFM: Depth [true depth, m], lat = 58.2842
# name 22 = dz/dtM: Descent Rate [m/s], WS = 2
# name 23 = svCM: Sound Velocity [Chen-Millero, m/s]
# name 24 = svCM1: Sound Velocity, 2 [Chen-Millero, m/s]
# name 25 = flag: flag
# span 0 =       2565,      18913       
# span 1 =      0.500,    350.500       
# span 2 =     2.4618,     7.6218       
# span 3 =     2.4623,     7.6224       
# span 4 =    -0.0380,     0.0231       
# span 5 =   2.274062,   3.591221       
# span 6 =   2.274535,   3.591416       
# span 7 =          1,          1       
# span 8 =    5.74687,    8.52919       
# span 9 =    5.65685,    8.40861       
# span 10 =       3.76,      99.60      
# span 11 =     0.0039,     6.1993      
# span 12 =     0.1182,     1.2366      
# span 13 = -2.928e-06, 5.0559e+02      
# span 14 =     0.1298,     2.1133      
# span 15 =    23.7287,    35.0451      
# span 16 =    23.7370,    35.0450      
# span 17 =    -0.0622,     0.0150      
# span 18 =    18.8478,    27.5062      
# span 19 =    18.8548,    27.5061      
# span 20 =      0.495,    346.950      
# span 21 =      0.500,    347.595      
# span 22 =      0.103,      0.592      
# span 23 =    1449.33,    1482.94      
# span 24 =    1449.30,    1482.95      
# span 25 = 0.0000e+00, 0.0000e+00      
# interval = decibars: 0.5              
# start_time = Apr 16 2018 08:31:49 [NMEA time, first data scan]
# bad_flag = -9.990e-29
*END*
[from data line 56]
       4043     28.500     6.0727     6.0725    -0.0001    3.36832    3.36827          1     6.4903     6.3843      97.82     0.3090     0.2141  1.801e+00  0.2550000    34.1409    34.1405    -0.0004    26.8646    26.8643     28.233     28.367      0.542    1474.41    1474.41  0.000e+00
       4065     29.000     6.0771     6.0772     0.0002    3.36909    3.36910          1     6.4953     6.3877      97.86     0.2719     0.2321  1.708e+00  0.2895000    34.1449    34.1448    -0.0000    26.8672    26.8671     28.729     28.863      0.543    1474.45    1474.45  0.000e+00
       4087     29.500     6.0825     6.0826     0.0001    3.36989    3.36989          1     6.4889     6.3803      97.82     0.3033     0.2562  1.618e+00  0.2579000    34.1482    34.1481    -0.0001    26.8691    26.8690     29.224     29.359      0.536    1474.48    1474.48  0.000e+00
       4110     30.000     6.0924     6.0919    -0.0004    3.37132    3.37126          1     6.4897     6.3752      97.55     0.2907     0.2737  1.528e+00  0.2490000    34.1540    34.1538    -0.0003    26.8724    26.8723     29.719     29.855      0.527    1474.53    1474.53  0.000e+00
       4133     30.500     6.1083     6.1075    -0.0008    3.37401    3.37385          1     6.4840     6.3658      97.37     0.2848     0.2903  1.441e+00  0.2512000    34.1680    34.1670    -0.0010    26.8814    26.8808     30.214     30.351      0.525    1474.62    1474.62  0.000e+00
       4155     31.000     6.1588     6.1564    -0.0024    3.38077    3.38055          1     6.4827     6.3632      96.96     0.2908     0.2655  1.374e+00  0.2605000    34.1927    34.1927     0.0000    26.8945    26.8949     30.710     30.847      0.534    1474.86    1474.85  0.000e+00
       4178     31.500     6.1853     6.1851    -0.0003    3.38432    3.38429          1     6.4696     6.3472      97.00     0.2707     0.2119  1.306e+00  0.2598000    34.2056    34.2055    -0.0001    26.9013    26.9013     31.205     31.343      0.543    1474.99    1474.99  0.000e+00
       4199     32.000     6.2350     6.2340    -0.0009    3.39124    3.39115          1     6.4510     6.3378      97.08     0.2215     0.2530  1.236e+00  0.2531000    34.2330    34.2330    -0.0000    26.9166    26.9166     31.700     31.839      0.553    1475.23    1475.23  0.000e+00
       4221     32.500     6.2570     6.2569    -0.0001    3.39444    3.39440          1     6.4378     6.3365      96.86     0.2114     0.2186  1.177e+00  0.2724000    34.2464    34.2460    -0.0004    26.9243    26.9240     32.196     32.335      0.555    1475.34    1475.34  0.000e+00
       4243     33.000     6.2723     6.2714    -0.0008    3.39669    3.39657          1     6.4192     6.3174      96.97     0.2114     0.1950  1.120e+00  0.2612000    34.2559    34.2554    -0.0005    26.9298    26.9296     32.691     32.831      0.541    1475.42    1475.42  0.000e+00
       4266     33.500     6.2873     6.2875     0.0002    3.39890    3.39891          1     6.4233     6.3122      96.97     0.2027     0.2292  1.059e+00  0.2499000    34.2653    34.2652    -0.0001    26.9353    26.9352     33.186     33.327      0.516    1475.50    1475.50  0.000e+00
       4289     34.000     6.3092     6.3085    -0.0007    3.40201    3.40193          1     6.4267     6.3311      96.96     0.2195     0.2418  1.009e+00  0.2427000    34.2777    34.2776    -0.0001    26.9423    26.9423     33.681     33.823      0.509    1475.61    1475.61  0.000e+00
       4313     34.500     6.3940     6.3907    -0.0033    3.41396    3.41372          1     6.4140     6.3205      97.00     0.2086     0.1821  9.528e-01  0.2422000    34.3257    34.3262     0.0005    26.9691    26.9699     34.177     34.318      0.533    1476.01    1476.00  0.000e+00
       4334     35.000     6.4516     6.4522     0.0006    3.42160    3.42163          1     6.3990     6.3022      96.98     0.1885     0.2131  8.977e-01  0.2474000    34.3527    34.3523    -0.0004    26.9828    26.9824     34.672     34.814      0.558    1476.28    1476.29  0.000e+00
       4356     35.500     6.4681     6.4683     0.0003    3.42374    3.42374          1     6.3943     6.3006      96.98     0.1836     0.2216  8.493e-01  0.2450000    34.3596    34.3594    -0.0002    26.9861    26.9859     35.167     35.310      0.554    1476.36    1476.37  0.000e+00
       4378     36.000     6.4754     6.4755     0.0001    3.42482    3.42478          1     6.3846     6.2992      97.00     0.1896     0.1991  8.117e-01  0.2342000    34.3641    34.3635    -0.0005    26.9886    26.9882     35.662     35.806      0.533    1476.41    1476.41  0.000e+00
       4401     36.500     6.4814     6.4820     0.0007    3.42586    3.42590          1     6.3784     6.2820      97.02     0.1472     0.2014  7.638e-01  0.2498000    34.3693    34.3691    -0.0002    26.9919    26.9917     36.158     36.302      0.519    1476.45    1476.45  0.000e+00
       4424     37.000     6.4839     6.4846     0.0007    3.42647    3.42651          1     6.3839     6.2825      96.91     0.1646     0.2267  7.293e-01  0.2225000    34.3733    34.3731    -0.0002    26.9948    26.9945     36.653     36.798      0.522    1476.47    1476.47  0.000e+00
       4447     37.500     6.5011     6.5015     0.0003    3.42894    3.42892          1     6.3845     6.2838      96.82     0.1637     0.2364  6.932e-01  0.2352000    34.3832    34.3827    -0.0006    27.0004    26.9999     37.148     37.294      0.537    1476.56    1476.56  0.000e+00
       4469     38.000     6.5483     6.5484     0.0001    3.43501    3.43502          1     6.3747     6.2784      96.84     0.1420     0.2364  6.572e-01  0.2986000    34.4030    34.4031     0.0001    27.0097    27.0097     37.643     37.790      0.546    1476.78    1476.78  0.000e+00
       4491     38.500     6.5742     6.5719    -0.0022    3.43832    3.43802          1     6.3570     6.2652      96.82     0.1493     0.2250  6.269e-01  0.2621000    34.4135    34.4124    -0.0011    27.0146    27.0140     38.139     38.285      0.540    1476.90    1476.89  0.000e+00
       4513     39.000     6.6130     6.6115    -0.0015    3.44342    3.44327          1     6.3487     6.2600      96.79     0.1477     0.2218  5.929e-01  0.2375000    34.4309    34.4307    -0.0002    27.0230    27.0231     38.634     38.781      0.523    1477.08    1477.07  0.000e+00
       4537     39.500     6.6445     6.6438    -0.0007    3.44750    3.44744          1     6.3431     6.2453      96.86     0.1438     0.2016  5.668e-01  0.2356000    34.4442    34.4442     0.0000    27.0293    27.0294     39.129     39.277      0.508    1477.23    1477.22  0.000e+00
       4560     40.000     6.6854     6.6835    -0.0019    3.45273    3.45254          1     6.3189     6.2188      96.75     0.1393     0.1974  5.357e-01  0.2389000    34.4608    34.4606    -0.0002    27.0369    27.0370     39.625     39.773      0.511    1477.42    1477.41  0.000e+00
       4583     40.500     6.7134     6.7138     0.0004    3.45638    3.45640          1     6.3066     6.2114      96.80     0.1421     0.2179  5.059e-01  0.2369000    34.4728    34.4726    -0.0003    27.0426    27.0424     40.120     40.269      0.531    1477.55    1477.55  0.000e+00
       4606     41.000     6.7340     6.7340    -0.0000    3.45944    3.45942          1     6.3179     6.2214      96.75     0.1487     0.2236  4.788e-01  0.2210000    34.4857    34.4855    -0.0002    27.0500    27.0498     40.615     40.765      0.539    1477.65    1477.65  0.000e+00
       4628     41.500     6.8012     6.7968    -0.0043    3.46791    3.46744          1     6.2969     6.1980      96.73     0.0900     0.1754  4.581e-01  0.2461000    34.5116    34.5107    -0.0008    27.0613    27.0612     41.110     41.261      0.532    1477.95    1477.94  0.000e+00
       4651     42.000     6.8917     6.8899    -0.0019    3.47918    3.47909          1     6.2662     6.1709      96.76     0.1370     0.1751  4.340e-01  0.2294000    34.5448    34.5456     0.0008    27.0751    27.0760     41.606     41.756      0.529    1478.36    1478.35  0.000e+00
       4673     42.500     6.9167     6.9154    -0.0013    3.48231    3.48215          1     6.2581     6.1587      96.83     0.1168     0.1879  4.103e-01  0.2176000    34.5539    34.5534    -0.0005    27.0788    27.0786     42.101     42.252      0.538    1478.47    1478.47  0.000e+00
       4695     43.000     6.9498     6.9477    -0.0020    3.48639    3.48612          1     6.2432     6.1550      96.72     0.0967     0.2017  3.870e-01  0.2159000    34.5654    34.5645    -0.0009    27.0833    27.0829     42.596     42.748      0.541    1478.62    1478.62  0.000e+00
       4718     43.500     6.9744     6.9741    -0.0004    3.48957    3.48948          1     6.2296     6.1433      96.76     0.1033     0.2138  3.626e-01  0.2157000    34.5754    34.5748    -0.0006    27.0878    27.0874     43.091     43.244      0.532    1478.74    1478.74  0.000e+00
       4740     44.000     6.9798     6.9802     0.0004    3.49027    3.49030          1     6.2252     6.1261      96.83     0.1140     0.2142  3.423e-01  0.2207000    34.5775    34.5774    -0.0001    27.0887    27.0886     43.587     43.740      0.525    1478.77    1478.77  0.000e+00
       4763     44.500     6.9871     6.9874     0.0003    3.49111    3.49113          1     6.2256     6.1259      96.70     0.1057     0.2083  3.253e-01  0.2199000    34.5791    34.5790    -0.0000    27.0890    27.0889     44.082     44.236      0.524    1478.81    1478.81  0.000e+00
       4786     45.000     6.9888     6.9889     0.0002    3.49132    3.49133          1     6.2232     6.1371      96.77     0.0965     0.2188  3.061e-01  0.2080000    34.5795    34.5794    -0.0001    27.0891    27.0890     44.577     44.732      0.514    1478.83    1478.83  0.000e+00
       4810     45.500     6.9936     6.9941     0.0005    3.49195    3.49203          1     6.2229     6.1408      96.82     0.1135     0.2186  2.879e-01  0.2299000    34.5814    34.5817     0.0004    27.0899    27.0901     45.072     45.227      0.501    1478.86    1478.86  0.000e+00
       4834     46.000     7.0043     7.0051     0.0008    3.49328    3.49337          1     6.2174     6.1301      96.76     0.1111     0.2218  2.748e-01  0.2103000    34.5850    34.5851     0.0002    27.0913    27.0913     45.568     45.723      0.512    1478.91    1478.91  0.000e+00
       4857     46.500     7.0125     7.0111    -0.0014    3.49426    3.49410          1     6.2136     6.1255      96.77     0.0770     0.2239  2.599e-01  0.2051000    34.5872    34.5869    -0.0002    27.0918    27.0919     46.063     46.219      0.536    1478.95    1478.95  0.000e+00
       4879     47.000     7.0381     7.0361    -0.0020    3.49744    3.49722          1     6.2107     6.1159      96.76     0.1000     0.1682  2.504e-01  0.2044000    34.5962    34.5958    -0.0004    27.0954    27.0954     46.558     46.715      0.539    1479.07    1479.06  0.000e+00
       4901     47.500     7.1074     7.1050    -0.0024    3.50636    3.50623          1     6.1915     6.0929      96.73     0.1389     0.1658  2.339e-01  0.1997000    34.6243    34.6253     0.0010    27.1079    27.1090     47.053     47.211      0.524    1479.38    1479.37  0.000e+00
       4925     48.000     7.1506     7.1503    -0.0002    3.51204    3.51203          1     6.1745     6.0793      96.77     0.1139     0.2007  2.176e-01  0.2098000    34.6431    34.6432     0.0001    27.1166    27.1167     47.549     47.707      0.501    1479.58    1479.58  0.000e+00
       4949     48.500     7.1603     7.1593    -0.0010    3.51331    3.51321          1     6.1643     6.0727      96.73     0.0946     0.2170  2.035e-01  0.2042000    34.6470    34.6469    -0.0002    27.1184    27.1184     48.044     48.202      0.498    1479.63    1479.63  0.000e+00
       4973     49.000     7.1800     7.1793    -0.0008    3.51581    3.51575          1     6.1575     6.0662      96.68     0.1180     0.2109  1.917e-01  0.2001000    34.6544    34.6545     0.0001    27.1214    27.1216     48.539     48.698      0.521    1479.72    1479.72  0.000e+00
       4995     49.500     7.2116     7.2115    -0.0002    3.51976    3.51978          1     6.1447     6.0620      96.72     0.1326     0.2209  1.743e-01  0.2061000    34.6655    34.6660     0.0004    27.1257    27.1261     49.034     49.194      0.546    1479.87    1479.87  0.000e+00
       5017     50.000     7.2454     7.2453    -0.0001    3.52430    3.52426          1     6.1293     6.0421      96.58     0.1130     0.2273  1.655e-01  0.2026000    34.6811    34.6808    -0.0003    27.1332    27.1330     49.529     49.690      0.541    1480.03    1480.03  0.000e+00
       5040     50.500     7.2620     7.2632     0.0012    3.52646    3.52665          1     6.1267     6.0230      96.19     0.0789     0.2224  1.521e-01  0.1882000    34.6879    34.6887     0.0008    27.1362    27.1367     50.025     50.186      0.497    1480.11    1480.11  0.000e+00
       5066     51.000     7.2673     7.2672    -0.0001    3.52719    3.52720          1     6.1268     6.0216      95.79     0.0628     0.2089  1.386e-01  0.1914000    34.6904    34.6905     0.0001    27.1374    27.1375     50.520     50.681      0.455    1480.14    1480.14  0.000e+00
       5092     51.500     7.2707     7.2695    -0.0011    3.52767    3.52752          1     6.1283     6.0242      95.71     0.0600     0.2259  1.319e-01  0.1919000    34.6919    34.6915    -0.0005    27.1381    27.1379     51.015     51.177      0.471    1480.16    1480.16  0.000e+00
       5116     52.000     7.2723     7.2722    -0.0001    3.52786    3.52786          1     6.1257     6.0299      95.57     0.0903     0.2109  1.218e-01  0.1917000    34.6921    34.6921     0.0001    27.1380    27.1381     51.510     51.673      0.523    1480.18    1480.18  0.000e+00
       5138     52.500     7.2756     7.2746    -0.0010    3.52833    3.52820          1     6.1180     6.0362      95.58     0.0893     0.2162  1.166e-01  0.1863000    34.6936    34.6932    -0.0004    27.1388    27.1386     52.006     52.169      0.561    1480.20    1480.19  0.000e+00
       5159     53.000     7.2776     7.2777     0.0001    3.52862    3.52864          1     6.1221     6.0384      95.62     0.0910     0.2242  1.090e-01  0.2149000    34.6945    34.6948     0.0002    27.1392    27.1394     52.501     52.665      0.563    1480.22    1480.22  0.000e+00
       5181     53.500     7.2781     7.2788     0.0006    3.52872    3.52880          1     6.1231     6.0363      95.50     0.0807     0.2246  1.010e-01  0.1972000    34.6949    34.6951     0.0002    27.1394    27.1395     52.996     53.161      0.540    1480.23    1480.23  0.000e+00
       5204     54.000     7.2794     7.2801     0.0007    3.52890    3.52902          1     6.1223     6.0263      95.42     0.0941     0.2220  9.215e-02  0.1881000    34.6954    34.6960     0.0006    27.1397    27.1400     53.491     53.656      0.510    1480.24    1480.24  0.000e+00
       5228     54.500     7.2825     7.2836     0.0011    3.52935    3.52950          1     6.1252     6.0235      95.43     0.0820     0.2277  8.913e-02  0.1888000    34.6969    34.6974     0.0005    27.1404    27.1406     53.987     54.152      0.492    1480.26    1480.27  0.000e+00
       5253     55.000     7.2968     7.2958    -0.0010    3.53120    3.53110          1     6.1200     6.0278      95.42     0.0801     0.1620  7.491e-02  0.1922000    34.7025    34.7024    -0.0001    27.1428    27.1428     54.482     54.648      0.494    1480.33    1480.33  0.000e+00
       5276     55.500     7.3219     7.3198    -0.0021    3.53456    3.53427          1     6.1082     6.0255      95.32     0.0846     0.2394  6.881e-02  0.1897000    34.7138    34.7128    -0.0010    27.1481    27.1476     54.977     55.144      0.523    1480.45    1480.44  0.000e+00
