ctdpy/exports/archive_20191120_135557/received_data/SBE09_0827_20180305_0534_26_01_0365.cnv
* Sea-Bird SBE 9 Data File:
* FileName = D:\CTD_SBE911\DAT\26DA.2018.3.65.hex
* Software Version Seasave V 7.21d
* Temperature SN = 034757
* Conductivity SN = 041844
* Number of Bytes Per Scan = 48
* Number of Voltage Words = 5
* Number of Scans Averaged by the Deck Unit = 1
* NMEA Latitude = 55 27.88 N
* NMEA Longitude = 014 31.50 E
* NMEA UTC (Time) = Mar 05 2018  05:34:52
* NMEA baud rate = 4800
** Ship: DANA
** Average sound velocity: 1423.03 m/s
** True-depth calculation Tue, 02 Apr 2019 12:11:03 +0000
** CTD Python Module SMHI /ver 3-12/ feb 2012 
** LIMS Job: 20182601-0365
** Operator:
** Cruise: 02/2018
# nquan = 26
# nvalues = 111                         
# units = specified
# name 0 = scan: Scan Count
# name 1 = prDM: Pressure, Digiquartz [db]
# name 2 = t090C: Temperature [ITS-90, deg C]
# name 3 = t190C: Temperature, 2 [ITS-90, deg C]
# name 4 = T2-T190C: Temperature Difference, 2 - 1 [ITS-90, deg C]
# name 5 = c0S/m: Conductivity [S/m]
# name 6 = c1S/m: Conductivity, 2 [S/m]
# name 7 = pumps: Pump Status
# name 8 = sbeox1ML/L: Oxygen, SBE 43, 2 [ml/l]
# name 9 = sbeox0ML/L: Oxygen, SBE 43 [ml/l]
# name 10 = altM: Altimeter [m]
# name 11 = chloroflTC0: Chlorophyll, Turner Cyclops [ug/l]
# name 12 = cpar: CPAR/Corrected Irradiance [%]
# name 13 = par: PAR/Irradiance, Biospherical/Lico [µE/(cm^2*s)]
# name 14 = spar: SPAR, Biospherical/Licor
# name 15 = sal00: Salinity, Practical [PSU]
# name 16 = sal11: Salinity, Practical, 2 [PSU]
# name 17 = secS-priS: Salinity, Practical, Difference, 2 - 1 [PSU]
# name 18 = sigma-t00: Density [sigma-t, kg/m^3 ]
# name 19 = sigma-t11: Density, 2 [sigma-t, kg/m^3 ]
# name 20 = depSM: Depth [salt water, m], lat = 55.4647
# name 21 = depFM: Depth [true depth, m], lat = 55.4647
# name 22 = dz/dtM: Descent Rate [m/s], WS = 2
# name 23 = svCM: Sound Velocity [Chen-Millero, m/s]
# name 24 = svCM1: Sound Velocity, 2 [Chen-Millero, m/s]
# name 25 = flag: flag
# span 0 =        169,       5868       
# span 1 =      2.000,     57.000       
# span 2 =     2.0643,     2.3011       
# span 3 =     2.0649,     2.3001       
# span 4 =    -0.0597,     0.0037       
# span 5 =   0.728779,   0.736695       
# span 6 =   0.728029,   0.736039       
# span 7 =          1,          1       
# span 8 =     8.7785,     8.8594       
# span 9 =     8.7396,     8.8429       
# span 10 =       0.89,       9.96      
# span 11 =     0.0171,     0.0343      
# span 12 = 9.8341e-12, 2.3410e+00      
# span 13 = 1.0000e-12, 1.9017e-01      
# span 14 = 8.1225e+00, 1.0171e+01      
# span 15 =     7.3051,     7.3293      
# span 16 =     7.2981,     7.3223      
# span 17 =    -0.0160,    -0.0064      
# span 18 =     5.8254,     5.8457      
# span 19 =     5.8198,     5.8401      
# span 20 =      1.982,     56.476      
# span 21 =      2.025,     57.720      
# span 22 =     -0.050,      0.487      
# span 23 =    1422.26,    1424.25      
# span 24 =    1422.25,    1424.24      
# span 25 = 0.0000e+00, 0.0000e+00      
# interval = decibars: 0.5              
# start_time = Mar 05 2018 05:34:53 [NMEA time, first data scan]
# bad_flag = -9.990e-29
*END*
[from data line 56]
       2969     30.000     2.0769     2.0802     0.0033    0.72929    0.72876          1     8.8327     8.8252       9.96     0.0244  1.045e-11  1.000e-12  9.661e+00     7.3054     7.2990    -0.0064     5.8257     5.8206     29.726     30.379      0.340    1422.74    1422.75  0.000e+00
       3004     30.500     2.0820     2.0799    -0.0022    0.72944    0.72874          1     8.8480     8.8182       9.96     0.0231  1.021e-11  1.000e-12  9.855e+00     7.3058     7.2988    -0.0070     5.8260     5.8204     30.222     30.885      0.260    1422.78    1422.76  0.000e+00
       3071     31.000     2.0768     2.0789     0.0021    0.72929    0.72873          1     8.8432     8.8391       9.96     0.0249  1.016e-11  1.000e-12  9.896e+00     7.3054     7.2988    -0.0065     5.8257     5.8204     30.717     31.392      0.271    1422.76    1422.76  0.000e+00
       3106     31.500     2.0797     2.0785    -0.0012    0.72939    0.72873          1     8.8456     8.8204       9.96     0.0343  9.925e-12  1.000e-12  1.009e+01     7.3056     7.2988    -0.0068     5.8259     5.8204     31.212     31.898      0.314    1422.78    1422.76  0.000e+00
       3179     32.000     2.0736     2.0754     0.0018    0.72922    0.72865          1     8.8420     8.8219       9.96     0.0298  9.873e-12  1.000e-12  1.013e+01     7.3052     7.2986    -0.0065     5.8255     5.8203     31.708     32.404      0.229    1422.76    1422.76  0.000e+00
       3229     32.500     2.0732     2.0737     0.0006    0.72921    0.72861          1     8.8500     8.8143       9.96     0.0295  9.919e-12  1.000e-12  1.010e+01     7.3051     7.2985    -0.0066     5.8254     5.8202     32.203     32.911      0.336    1422.77    1422.76  0.000e+00
       3269     33.000     2.0730     2.0739     0.0009    0.72922    0.72862          1     8.8494     8.8196       9.96     0.0262  9.849e-12  1.000e-12  1.015e+01     7.3051     7.2985    -0.0067     5.8255     5.8201     32.699     33.417      0.241    1422.77    1422.77  0.000e+00
       3332     33.500     2.0730     2.0731     0.0001    0.72923    0.72861          1     8.8469     8.8273       9.96     0.0245  9.848e-12  1.000e-12  1.015e+01     7.3052     7.2985    -0.0067     5.8255     5.8201     33.194     33.923      0.207    1422.78    1422.77  0.000e+00
       3384     34.000     2.0739     2.0733    -0.0007    0.72926    0.72861          1     8.8523     8.8270       9.96     0.0244  9.904e-12  1.000e-12  1.011e+01     7.3053     7.2984    -0.0068     5.8256     5.8201     33.689     34.430      0.261    1422.79    1422.78  0.000e+00
       3427     34.500     2.0739     2.0735    -0.0004    0.72927    0.72863          1     8.8556     8.8181       9.96     0.0233  9.849e-12  1.000e-12  1.015e+01     7.3053     7.2985    -0.0068     5.8256     5.8201     34.185     34.936      0.266    1422.80    1422.79  0.000e+00
       3484     35.000     2.0765     2.0742    -0.0023    0.72937    0.72865          1     8.8562     8.8023       9.96     0.0233  9.848e-12  1.000e-12  1.015e+01     7.3057     7.2984    -0.0072     5.8259     5.8201     34.680     35.442      0.178    1422.82    1422.80  0.000e+00
       3549     35.500     2.0957     2.0826    -0.0131    0.72992    0.72887          1     8.8594     8.8145       9.96     0.0224  9.848e-12  1.000e-12  1.015e+01     7.3071     7.2988    -0.0083     5.8272     5.8205     35.176     35.949      0.255    1422.92    1422.85  0.000e+00
       3591     36.000     2.1069     2.0920    -0.0149    0.73030    0.72917          1     8.8497     8.8225       9.96     0.0212  9.848e-12  1.000e-12  1.015e+01     7.3085     7.2998    -0.0087     5.8283     5.8213     35.671     36.455      0.278    1422.98    1422.90  0.000e+00
       3637     36.500     2.1032     2.0963    -0.0069    0.73016    0.72930          1     8.8437     8.8239       9.96     0.0213  9.848e-12  1.000e-12  1.015e+01     7.3077     7.3001    -0.0077     5.8277     5.8216     36.166     36.961      0.253    1422.97    1422.93  0.000e+00
       3683     37.000     2.1031     2.0990    -0.0041    0.73016    0.72939          1     8.8447     8.8132       9.96     0.0206  9.848e-12  1.000e-12  1.015e+01     7.3077     7.3004    -0.0073     5.8277     5.8218     36.662     37.468      0.273    1422.98    1422.95  0.000e+00
       3728     37.500     2.1018     2.1008    -0.0010    0.73013    0.72944          1     8.8439     8.8043       9.96     0.0221  9.848e-12  1.000e-12  1.015e+01     7.3076     7.3004    -0.0072     5.8276     5.8218     37.157     37.974      0.259    1422.98    1422.97  0.000e+00
       3775     38.000     2.1176     2.1080    -0.0095    0.73065    0.72966          1     8.8431     8.8120       9.96     0.0249  9.848e-12  1.000e-12  1.015e+01     7.3095     7.3011    -0.0084     5.8292     5.8224     37.652     38.480      0.250    1423.07    1423.01  0.000e+00
       3832     38.500     2.1542     2.1196    -0.0346    0.73174    0.72999          1     8.8398     8.7992       9.96     0.0241  9.848e-12  1.000e-12  1.015e+01     7.3126     7.3019    -0.0108     5.8319     5.8231     38.148     38.987      0.190    1423.25    1423.07  0.000e+00
       3890     39.000     2.1607     2.1526    -0.0082    0.73189    0.73092          1     8.8498     8.8042       9.96     0.0226  9.848e-12  1.000e-12  1.015e+01     7.3127     7.3042    -0.0086     5.8320     5.8251     38.643     39.493      0.281    1423.29    1423.24  0.000e+00
       3931     39.500     2.1681     2.1566    -0.0115    0.73213    0.73115          1     8.8341     8.7907       9.96     0.0220  9.848e-12  1.000e-12  1.015e+01     7.3135     7.3056    -0.0079     5.8326     5.8263     39.139     39.999      0.262    1423.33    1423.27  0.000e+00
       3976     40.000     2.1665     2.1628    -0.0037    0.73207    0.73130          1     8.8162     8.7828       9.96     0.0210  9.848e-12  1.000e-12  1.015e+01     7.3132     7.3058    -0.0074     5.8323     5.8264     39.634     40.505      0.341    1423.33    1423.30  0.000e+00
       4005     40.500     2.1703     2.1634    -0.0069    0.73220    0.73137          1     8.8179     8.7725       9.96     0.0208  9.848e-12  1.000e-12  1.015e+01     7.3136     7.3063    -0.0072     5.8327     5.8269     40.129     41.012      0.412    1423.36    1423.31  0.000e+00
       4037     41.000     2.1728     2.1651    -0.0077    0.73226    0.73142          1     8.8251     8.7812       9.96     0.0204  9.848e-12  1.000e-12  1.015e+01     7.3136     7.3063    -0.0073     5.8327     5.8269     40.625     41.518      0.258    1423.38    1423.33  0.000e+00
       4114     41.500     2.1822     2.1727    -0.0095    0.73260    0.73160          1     8.8152     8.8024       9.96     0.0195  9.848e-12  1.000e-12  1.015e+01     7.3150     7.3064    -0.0086     5.8339     5.8270     41.120     42.024      0.278    1423.43    1423.38  0.000e+00
       4148     42.000     2.2054     2.1785    -0.0269    0.73333    0.73180          1     8.8155     8.7801       9.96     0.0204  9.848e-12  1.000e-12  1.015e+01     7.3174     7.3072    -0.0102     5.8359     5.8276     41.615     42.531      0.287    1423.55    1423.41  0.000e+00
       4222     42.500     2.2066     2.1978    -0.0088    0.73335    0.73237          1     8.8302     8.7729       9.96     0.0211  9.848e-12  1.000e-12  1.015e+01     7.3172     7.3087    -0.0085     5.8358     5.8289     42.111     43.037      0.284    1423.56    1423.51  0.000e+00
       4255     43.000     2.2081     2.2026    -0.0055    0.73339    0.73256          1     8.8173     8.7751       9.96     0.0197  9.848e-12  1.000e-12  1.015e+01     7.3172     7.3096    -0.0077     5.8358     5.8296     42.606     43.543      0.404    1423.58    1423.54  0.000e+00
       4289     43.500     2.2184     2.2039    -0.0145    0.73373    0.73261          1     8.8131     8.7697       9.96     0.0196  9.848e-12  1.000e-12  1.015e+01     7.3184     7.3098    -0.0086     5.8367     5.8298     43.102     44.050      0.307    1423.64    1423.56  0.000e+00
       4336     44.000     2.2355     2.2083    -0.0272    0.73436    0.73273          1     8.8120     8.7764       9.96     0.0208  9.848e-12  1.000e-12  1.015e+01     7.3211     7.3099    -0.0112     5.8390     5.8299     43.597     44.556      0.247    1423.73    1423.59  0.000e+00
       4383     44.500     2.2746     2.2149    -0.0597    0.73573    0.73295          1     8.8110     8.7677       9.96     0.0214  9.848e-12  1.000e-12  1.015e+01     7.3267     7.3107    -0.0160     5.8436     5.8306     44.092     45.062      0.254    1423.93    1423.63  0.000e+00
       4430     45.000     2.2813     2.2268    -0.0545    0.73596    0.73334          1     8.8075     8.7681       9.96     0.0217  9.848e-12  1.000e-12  1.015e+01     7.3275     7.3121    -0.0154     5.8442     5.8317     44.588     45.569      0.251    1423.97    1423.69  0.000e+00
       4488     45.500     2.2865     2.2556    -0.0308    0.73612    0.73429          1     8.8100     8.7583       9.96     0.0220  9.848e-12  1.000e-12  1.015e+01     7.3279     7.3155    -0.0124     5.8446     5.8346     45.083     46.075      0.195    1424.00    1423.84  0.000e+00
       4545     46.000     2.2851     2.2795    -0.0056    0.73605    0.73518          1     8.7953     8.7538       9.96     0.0220  9.848e-12  1.000e-12  1.015e+01     7.3274     7.3194    -0.0080     5.8442     5.8377     45.578     46.581      0.339    1424.00    1423.96  0.000e+00
       4574     46.500     2.2858     2.2810    -0.0047    0.73608    0.73526          1     8.7947     8.7556       9.96     0.0220  9.848e-12  1.000e-12  1.015e+01     7.3275     7.3199    -0.0076     5.8442     5.8382     46.074     47.088      0.404    1424.01    1423.98  0.000e+00
       4608     47.000     2.2922     2.2832    -0.0090    0.73632    0.73535          1     8.7949     8.7561       9.96     0.0209  9.848e-12  1.000e-12  1.015e+01     7.3285     7.3202    -0.0083     5.8450     5.8384     46.569     47.594      0.256    1424.05    1424.00  0.000e+00
       4672     47.500     2.2952     2.2901    -0.0051    0.73641    0.73557          1     8.7890     8.7545       9.96     0.0215  9.848e-12  1.000e-12  1.015e+01     7.3287     7.3210    -0.0077     5.8452     5.8390     47.064     48.100      0.260    1424.08    1424.04  0.000e+00
       4710     48.000     2.2956     2.2915    -0.0040    0.73642    0.73565          1     8.7882     8.7519       9.96     0.0210  9.848e-12  1.000e-12  1.015e+01     7.3287     7.3214    -0.0073     5.8452     5.8393     47.560     48.606      0.315    1424.08    1424.05  0.000e+00
       4758     48.500     2.2962     2.2931    -0.0031    0.73644    0.73570          1     8.7829     8.7396       9.82     0.0210  9.848e-12  1.000e-12  1.015e+01     7.3287     7.3215    -0.0072     5.8452     5.8394     48.055     49.113      0.208    1424.09    1424.07  0.000e+00
       4819     49.000     2.2946     2.2948     0.0002    0.73638    0.73576          1     8.7864     8.7494       9.31     0.0214  9.848e-12  1.000e-12  1.015e+01     7.3283     7.3217    -0.0066     5.8449     5.8396     48.551     49.619      0.205    1424.09    1424.09  0.000e+00
       4868     49.500     2.2936     2.2948     0.0012    0.73634    0.73577          1     8.7876     8.7647       8.80     0.0208  9.848e-12  1.000e-12  1.015e+01     7.3281     7.3217    -0.0064     5.8447     5.8396     49.046     50.125      0.330    1424.10    1424.09  0.000e+00
       4901     50.000     2.2934     2.2946     0.0012    0.73634    0.73576          1     8.7876     8.7549       8.25     0.0212  9.848e-12  1.000e-12  1.015e+01     7.3281     7.3216    -0.0065     5.8447     5.8395     49.541     50.632      0.336    1424.10    1424.10  0.000e+00
       4951     50.500     2.2951     2.2940    -0.0012    0.73641    0.73574          1     8.7883     8.7484       7.71     0.0205  9.848e-12  1.000e-12  1.015e+01     7.3284     7.3214    -0.0069     5.8449     5.8394     50.037     51.138      0.203    1424.12    1424.11  0.000e+00
       5008     51.000     2.2964     2.2941    -0.0023    0.73646    0.73575          1     8.7785     8.7529       7.22     0.0200  9.848e-12  1.000e-12  1.015e+01     7.3285     7.3214    -0.0071     5.8451     5.8394     50.532     51.644      0.309    1424.13    1424.11  0.000e+00
       5042     51.500     2.2965     2.2943    -0.0023    0.73647    0.73576          1     8.7831     8.7581       6.68     0.0195  9.848e-12  1.000e-12  1.015e+01     7.3286     7.3214    -0.0072     5.8451     5.8394     51.027     52.151      0.295    1424.14    1424.12  0.000e+00
       5124     52.000     2.2963     2.2956    -0.0007    0.73647    0.73581          1     8.7797     8.7519       6.17     0.0195  9.848e-12  1.000e-12  1.015e+01     7.3285     7.3216    -0.0069     5.8451     5.8395     51.523     52.657      0.291    1424.15    1424.14  0.000e+00
       5161     52.500     2.2970     2.2960    -0.0011    0.73650    0.73583          1     8.7843     8.7507       5.66     0.0202  9.848e-12  1.000e-12  1.015e+01     7.3286     7.3217    -0.0069     5.8451     5.8396     52.018     53.163      0.415    1424.16    1424.15  0.000e+00
       5194     53.000     2.2973     2.2966    -0.0007    0.73652    0.73586          1     8.7901     8.7399       5.10     0.0200  9.848e-12  1.000e-12  1.015e+01     7.3287     7.3217    -0.0069     5.8452     5.8396     52.513     53.670      0.280    1424.17    1424.16  0.000e+00
       5256     53.500     2.2981     2.2969    -0.0012    0.73655    0.73588          1     8.7882     8.7502       4.58     0.0203  9.848e-12  1.000e-12  1.015e+01     7.3287     7.3218    -0.0069     5.8452     5.8397     53.009     54.176      0.215    1424.18    1424.17  0.000e+00
       5304     54.000     2.2983     2.2972    -0.0012    0.73657    0.73589          1     8.7832     8.7550       4.08     0.0205  9.848e-12  1.000e-12  1.015e+01     7.3288     7.3218    -0.0069     5.8453     5.8397     53.504     54.682      0.276    1424.19    1424.18  0.000e+00
       5352     54.500     2.2988     2.2976    -0.0012    0.73659    0.73591          1     8.7870     8.7517       3.54     0.0198  9.848e-12  1.000e-12  1.015e+01     7.3288     7.3219    -0.0069     5.8453     5.8398     53.999     55.189      0.220    1424.20    1424.19  0.000e+00
       5407     55.000     2.3002     2.2981    -0.0022    0.73665    0.73593          1     8.7900     8.7522       3.02     0.0206  9.848e-12  1.000e-12  1.015e+01     7.3291     7.3219    -0.0072     5.8456     5.8398     54.495     55.695      0.237    1424.22    1424.20  0.000e+00
       5459     55.500     2.3011     2.2984    -0.0027    0.73669    0.73596          1     8.7842     8.7507       2.50     0.0203  9.848e-12  1.000e-12  1.015e+01     7.3293     7.3220    -0.0072     5.8457     5.8399     54.990     56.201      0.224    1424.23    1424.21  0.000e+00
       5507     56.000     2.3010     2.2994    -0.0017    0.73669    0.73599          1     8.7855     8.7436       1.98     0.0191  9.848e-12  1.000e-12  1.015e+01     7.3293     7.3221    -0.0071     5.8456     5.8400     55.485     56.707      0.304    1424.24    1424.22  0.000e+00
       5543     56.500     2.3010     2.2999    -0.0011    0.73669    0.73603          1     8.7875     8.7417       1.45     0.0195  9.848e-12  1.000e-12  1.015e+01     7.3292     7.3223    -0.0068     5.8456     5.8401     55.981     57.214      0.327    1424.24    1424.23  0.000e+00
       5868     57.000     2.3009     2.3001    -0.0007    0.73669    0.73604          1     8.7884     8.7551       0.89     0.0198  9.834e-12  1.000e-12  1.017e+01     7.3292     7.3223    -0.0068     5.8456     5.8401     56.476     57.720     -0.050    1424.25    1424.24  0.000e+00
