ctdpy/exports/archive_20191120_135557/received_data/SBE09_0827_20160119_0521_26_01_0103.cnv
* Sea-Bird SBE 9 Data File:
* FileName = D:\CTD_SBE911\DAT\26DA.2016.1.3.hex
* Software Version Seasave V 7.21d
* Temperature SN = 034757
* Conductivity SN = 043188
* Number of Bytes Per Scan = 48
* Number of Voltage Words = 5
* Number of Scans Averaged by the Deck Unit = 1
* NMEA Latitude = 58 02.95 N
* NMEA Longitude = 009 44.13 E
* NMEA UTC (Time) = Jan 19 2016  05:23:14
* NMEA baud rate = 4800
** Ship: DANA
** Average sound velocity: 1483.90 m/s
** True-depth calculation Wed, 24 May 2017 05:50:43 +0000
** CTD Python Module SMHI /ver 3-12/ feb 2012 
** LIMS Job: 20162601-0103
**  30N Hirtshals
** Operator:  Christian
** Cruise: 11/2015 Togt 01 2016
# nquan = 26
# nvalues = 520                         
# units = specified
# name 0 = scan: Scan Count
# name 1 = prDM: Pressure, Digiquartz [db]
# name 2 = t090C: Temperature [ITS-90, deg C]
# name 3 = t190C: Temperature, 2 [ITS-90, deg C]
# name 4 = T2-T190C: Temperature Difference, 2 - 1 [ITS-90, deg C]
# name 5 = c0S/m: Conductivity [S/m]
# name 6 = c1S/m: Conductivity, 2 [S/m]
# name 7 = pumps: Pump Status
# name 8 = sbeox1ML/L: Oxygen, SBE 43, 2 [ml/l]
# name 9 = sbeox0ML/L: Oxygen, SBE 43 [ml/l]
# name 10 = altM: Altimeter [m]
# name 11 = chloroflTC0: Chlorophyll, Turner Cyclops [ug/l]
# name 12 = cpar: CPAR/Corrected Irradiance [%]
# name 13 = par: PAR/Irradiance, Biospherical/Licor
# name 14 = spar: SPAR/Surface Irradiance
# name 15 = sal00: Salinity, Practical [PSU]
# name 16 = sal11: Salinity, Practical, 2 [PSU]
# name 17 = secS-priS: Salinity, Practical, Difference, 2 - 1 [PSU]
# name 18 = sigma-t00: Density [sigma-t, kg/m^3 ]
# name 19 = sigma-t11: Density, 2 [sigma-t, kg/m^3 ]
# name 20 = depSM: Depth [salt water, m], lat = 58.0492
# name 21 = depFM: Depth [true depth, m], lat = 58.0492
# name 22 = dz/dtM: Descent Rate [m/s], WS = 2
# name 23 = svCM: Sound Velocity [Chen-Millero, m/s]
# name 24 = svCM1: Sound Velocity, 2 [Chen-Millero, m/s]
# name 25 = flag: flag
# span 0 =        106,      18408       
# span 1 =      1.500,    261.000       
# span 2 =     3.6680,     8.9868       
# span 3 =     3.6666,     8.9902       
# span 4 =    -0.5300,     0.2509       
# span 5 =   2.923216,   3.733296       
# span 6 =   2.922136,   3.733029       
# span 7 =          1,          1       
# span 8 =     5.2327,     7.0166       
# span 9 =     5.2738,     7.0262       
# span 10 =       1.73,       9.92      
# span 11 =     0.0231,     0.0824      
# span 12 = 9.9999e+04, 9.9999e+04      
# span 13 = 2.7956e+01, 8.8767e+01      
# span 14 = 0.0000e+00, 0.0000e+00      
# span 15 =    31.3849,    35.2089      
# span 16 =    31.3719,    35.2081      
# span 17 =    -0.6225,     0.0386      
# span 18 =    24.9420,    27.4071      
# span 19 =    24.9317,    27.4049      
# span 20 =      1.486,    258.417      
# span 21 =      1.491,    258.834      
# span 22 =     -0.296,      1.069      
# span 23 =    1460.61,    1488.13      
# span 24 =    1460.60,    1488.12      
# span 25 = 0.0000e+00, 0.0000e+00      
# interval = decibars: 0.5              
# start_time = Jan 19 2016 05:23:15 [NMEA time, first data scan]
# bad_flag = -9.990e-29
*END*
        106      1.500     3.6716     3.6707    -0.0011    2.92337    2.92235          1     6.9747     6.9969       2.85     0.0814  1.000e+05  8.767e+01  0.000e+00    31.3864    31.3752    -0.0112    24.9432    24.9343      1.486      1.491     -0.296    1460.61    1460.60  0.000e+00
        129      2.000     3.6714     3.6711    -0.0003    2.92334    2.92214          1     6.9814     7.0253       3.39     0.0773  1.000e+05  8.877e+01  0.000e+00    31.3859    31.3719    -0.0139    24.9428    24.9317      1.981      1.988      0.581    1460.62    1460.60  0.000e+00
        143      2.500     3.6713     3.6708    -0.0005    2.92326    2.92221          1     6.9791     7.0254       2.57     0.0777  1.000e+05  7.865e+01  0.000e+00    31.3849    31.3729    -0.0120    24.9420    24.9325      2.477      2.484      0.758    1460.62    1460.61  0.000e+00
        169      3.000     3.6712     3.6702    -0.0010    2.92333    2.92240          1     6.9686     7.0262       2.78     0.0811  1.000e+05  7.172e+01  0.000e+00    31.3854    31.3755    -0.0100    24.9425    24.9346      2.972      2.981      0.511    1460.63    1460.62  0.000e+00
        401      3.500     3.6715     3.6710    -0.0005    2.92385    2.92305          1     6.9579     7.0135       4.36     0.0770  1.000e+05  6.587e+01  0.000e+00    31.3910    31.3821    -0.0089    24.9469    24.9398      3.468      3.478      0.906    1460.65    1460.64  0.000e+00
        424      4.000     3.6714     3.6701    -0.0013    2.92381    2.92290          1     6.9539     7.0170       3.74     0.0785  1.000e+05  6.045e+01  0.000e+00    31.3905    31.3810    -0.0096    24.9465    24.9390      3.963      3.975      0.751    1460.66    1460.64  0.000e+00
        507      4.500     3.6686     3.6677    -0.0009    2.92322    2.92239          1     6.9741     7.0191       3.07     0.0792  1.000e+05  5.307e+01  0.000e+00    31.3859    31.3770    -0.0089    24.9431    24.9360      4.458      4.472      0.324    1460.65    1460.63  0.000e+00
        584      5.000     3.6689     3.6691     0.0003    2.92329    2.92265          1     6.9950     7.0083       4.24     0.0798  1.000e+05  4.655e+01  0.000e+00    31.3863    31.3785    -0.0078    24.9433    24.9371      4.954      4.969      0.254    1460.66    1460.65  0.000e+00
        645      5.500     3.6698     3.6692    -0.0006    2.92346    2.92271          1     7.0166     7.0048       3.72     0.0809  1.000e+05  4.354e+01  0.000e+00    31.3870    31.3788    -0.0083    24.9438    24.9373      5.449      5.466      0.322    1460.67    1460.66  0.000e+00
        669      6.000     3.6699     3.6693    -0.0006    2.92348    2.92268          1     6.9960     7.0243       2.59     0.0787  1.000e+05  4.203e+01  0.000e+00    31.3870    31.3782    -0.0089    24.9438    24.9369      5.944      5.962      0.572    1460.68    1460.66  0.000e+00
        689      6.500     3.6703     3.6701    -0.0002    2.92354    2.92279          1     6.9749     7.0193       4.63     0.0774  1.000e+05  3.971e+01  0.000e+00    31.3871    31.3784    -0.0088    24.9439    24.9370      6.440      6.459      0.518    1460.69    1460.68  0.000e+00
        764      7.000     3.6680     3.6681     0.0001    2.92340    2.92268          1     6.9916     7.0090       3.65     0.0775  1.000e+05  3.736e+01  0.000e+00    31.3875    31.3788    -0.0087    24.9444    24.9374      6.935      6.956      0.318    1460.69    1460.67  0.000e+00
        833      7.500     3.6691     3.6666    -0.0025    2.92394    2.92251          1     6.9952     6.9932       5.57     0.0764  1.000e+05  3.487e+01  0.000e+00    31.3925    31.3779    -0.0146    24.9482    24.9369      7.430      7.453      0.386    1460.71    1460.68  0.000e+00
        873      8.000     3.6712     3.6688    -0.0024    2.92433    2.92300          1     6.9862     6.9984       9.92     0.0776  1.000e+05  3.369e+01  0.000e+00    31.3948    31.3813    -0.0135    24.9499    24.9394      7.926      7.950      0.288    1460.73    1460.70  0.000e+00
        909      8.500     3.6723     3.6724     0.0001    2.92463    2.92397          1     6.9540     7.0128       9.90     0.0773  1.000e+05  3.306e+01  0.000e+00    31.3970    31.3892    -0.0079    24.9516    24.9453      8.421      8.447      0.427    1460.74    1460.73  0.000e+00
        935      9.000     3.6717     3.6706    -0.0010    2.92430    2.92355          1     6.9854     7.0195       9.90     0.0806  1.000e+05  3.234e+01  0.000e+00    31.3936    31.3856    -0.0080    24.9489    24.9426      8.916      8.944      0.402    1460.74    1460.73  0.000e+00
       1030      9.500     3.6770     3.6761    -0.0009    2.92703    2.92616          1     6.9797     7.0020       9.90     0.0824  1.000e+05  3.160e+01  0.000e+00    31.4205    31.4111    -0.0094    24.9698    24.9624      9.412      9.441      0.240    1460.81    1460.79  0.000e+00
       1079     10.000     3.6772     3.6764    -0.0008    2.92702    2.92624          1     6.9819     6.9878       9.90     0.0808  1.000e+05  3.120e+01  0.000e+00    31.4199    31.4115    -0.0084    24.9693    24.9627      9.907      9.937      0.278    1460.82    1460.80  0.000e+00
       1122     10.500     3.6787     3.6771    -0.0016    2.92767    2.92646          1     6.9560     6.9963       9.90     0.0817  1.000e+05  3.077e+01  0.000e+00    31.4259    31.4130    -0.0128    24.9739    24.9639     10.402     10.434      0.377    1460.84    1460.82  0.000e+00
       1146     11.000     3.6760     3.6760    -0.0000    2.92663    2.92622          1     6.9508     7.0087       9.90     0.0782  1.000e+05  3.063e+01  0.000e+00    31.4158    31.4110    -0.0048    24.9662    24.9624     10.898     10.931      0.585    1460.82    1460.82  0.000e+00
       1165     11.500     3.6766     3.6754    -0.0013    2.92739    2.92595          1     6.9740     7.0130       9.90     0.0755  1.000e+05  3.052e+01  0.000e+00    31.4240    31.4082    -0.0158    24.9727    24.9602     11.393     11.428      0.532    1460.84    1460.82  0.000e+00
       1266     12.000     3.6817     3.6778    -0.0038    2.93033    2.92703          1     6.9840     6.9983       9.90     0.0769  1.000e+05  2.997e+01  0.000e+00    31.4538    31.4183    -0.0355    24.9959    24.9680     11.888     11.925      0.381    1460.91    1460.85  0.000e+00
       1333     12.500     3.6837     3.6804    -0.0033    2.93295    2.92916          1     6.9712     6.9869       9.90     0.0753  1.000e+05  2.955e+01  0.000e+00    31.4826    31.4409    -0.0416    25.0186    24.9858     12.384     12.422      0.489    1460.97    1460.90  0.000e+00
       1358     13.000     3.6886     3.6857    -0.0029    2.93650    2.93250          1     6.9554     6.9850       9.90     0.0782  1.000e+05  2.943e+01  0.000e+00    31.5196    31.4750    -0.0446    25.0477    25.0124     12.879     12.919      0.524    1461.04    1460.97  0.000e+00
       1380     13.500     3.6890     3.6878    -0.0013    2.93743    2.93477          1     6.9463     6.9950       9.90     0.0777  1.000e+05  2.942e+01  0.000e+00    31.5300    31.4997    -0.0303    25.0559    25.0319     13.374     13.415      0.596    1461.07    1461.02  0.000e+00
       1399     14.000     3.6907     3.6902    -0.0006    2.93969    2.93773          1     6.9525     7.0023       9.90     0.0779  1.000e+05  2.939e+01  0.000e+00    31.5549    31.5323    -0.0226    25.0755    25.0576     13.870     13.912      0.591    1461.11    1461.08  0.000e+00
       1443     14.500     3.6921     3.6897    -0.0025    2.94221    2.93899          1     6.9816     7.0061       9.90     0.0767  1.000e+05  2.920e+01  0.000e+00    31.5832    31.5475    -0.0357    25.0979    25.0697     14.365     14.409      0.424    1461.16    1461.11  0.000e+00
       1588     15.000     3.6920     3.6906    -0.0014    2.94569    2.94063          1     7.0100     6.9867       9.90     0.0740  1.000e+05  2.894e+01  0.000e+00    31.6243    31.5657    -0.0587    25.1306    25.0841     14.860     14.906      0.765    1461.22    1461.14  0.000e+00
       1602     15.500     3.6922     3.6909    -0.0013    2.94921    2.94157          1     7.0023     6.9908       9.90     0.0742  1.000e+05  2.888e+01  0.000e+00    31.6657    31.5763    -0.0893    25.1635    25.0926     15.356     15.403      0.805    1461.29    1461.17  0.000e+00
       1616     16.000     3.6923     3.6913    -0.0010    2.95367    2.94328          1     6.9909     6.9972       9.90     0.0755  1.000e+05  2.880e+01  0.000e+00    31.7182    31.5960    -0.1222    25.2053    25.1082     15.851     15.899      0.793    1461.36    1461.20  0.000e+00
       1632     16.500     3.6929     3.6914    -0.0014    2.95574    2.94567          1     6.9838     6.9930       9.90     0.0748  1.000e+05  2.872e+01  0.000e+00    31.7418    31.6239    -0.1180    25.2241    25.1303     16.346     16.396      0.668    1461.40    1461.25  0.000e+00
       1688     17.000     3.6947     3.6921    -0.0026    2.95850    2.94993          1     6.9747     6.9853       9.90     0.0738  1.000e+05  2.864e+01  0.000e+00    31.7726    31.6735    -0.0991    25.2484    25.1697     16.842     16.893      0.426    1461.46    1461.32  0.000e+00
       1824     17.500     3.6981     3.6946    -0.0035    2.96046    2.95751          1     6.9522     6.9757       9.90     0.0758  1.000e+05  2.858e+01  0.000e+00    31.7922    31.7607    -0.0315    25.2636    25.2389     17.337     17.390      0.764    1461.51    1461.45  0.000e+00
       1836     18.000     3.7072     3.6988    -0.0084    2.96533    2.95922          1     6.9531     6.9801       9.90     0.0745  1.000e+05  2.853e+01  0.000e+00    31.8408    31.7766    -0.0643    25.3015    25.2511     17.832     17.886      0.799    1461.62    1461.50  0.000e+00
       1851     18.500     3.7132     3.7058    -0.0074    2.96769    2.96253          1     6.9657     6.9812       9.90     0.0767  1.000e+05  2.848e+01  0.000e+00    31.8627    31.8088    -0.0539    25.3183    25.2761     18.328     18.383      0.702    1461.68    1461.58  0.000e+00
       1887     19.000     3.7192     3.7139    -0.0053    2.96975    2.96632          1     6.9755     6.9822       9.90     0.0768  1.000e+05  2.843e+01  0.000e+00    31.8810    31.8456    -0.0355    25.3324    25.3046     18.823     18.880      0.410    1461.74    1461.67  0.000e+00
       2010     19.500     3.7294     3.7252    -0.0042    2.97228    2.97011          1     6.9241     6.9568       9.90     0.0767  1.000e+05  2.839e+01  0.000e+00    31.9009    31.8793    -0.0216    25.3472    25.3304     19.318     19.376      0.385    1461.81    1461.77  0.000e+00
       2045     20.000     3.7445     3.7375    -0.0070    2.97675    2.97319          1     6.9212     6.9483       9.90     0.0796  1.000e+05  2.836e+01  0.000e+00    31.9388    31.9035    -0.0353    25.3760    25.3485     19.814     19.873      0.385    1461.93    1461.86  0.000e+00
       2073     20.500     3.7814     3.7629    -0.0185    2.98666    2.97890          1     6.9591     6.9539       9.90     0.0791  1.000e+05  2.834e+01  0.000e+00    32.0197    31.9459    -0.0738    25.4368    25.3799     20.309     20.370      0.444    1462.20    1462.03  0.000e+00
       2107     21.000     3.8750     3.8358    -0.0391    3.00170    2.99159          1     6.9647     6.9580       9.90     0.0793  1.000e+05  2.833e+01  0.000e+00    32.1055    32.0244    -0.0810    25.4962    25.4355     20.804     20.866      0.309    1462.71    1462.45  0.000e+00
       2219     21.500     3.9901     3.9476    -0.0425    3.01921    3.00951          1     6.9107     6.8897       9.90     0.0775  1.000e+05  2.827e+01  0.000e+00    32.1988    32.1262    -0.0726    25.5593    25.5057     21.300     21.363      0.302    1463.33    1463.05  0.000e+00
       2250     22.000     4.1219     4.0715    -0.0504    3.03818    3.02610          1     6.8644     6.8027       9.90     0.0790  1.000e+05  2.828e+01  0.000e+00    32.2921    32.1996    -0.0925    25.6205    25.5521     21.795     21.859      0.325    1464.01    1463.68  0.000e+00
       2286     22.500     4.2974     4.2228    -0.0748    3.06520    3.04648          1     6.8082     6.7101       9.90     0.0782  1.000e+05  2.827e+01  0.000e+00    32.4359    32.2901    -0.1458    25.7171    25.6089     22.290     22.356      0.437    1464.93    1464.43  0.000e+00
       2308     23.000     4.5741     4.4086    -0.1653    3.10707    3.07051          1     6.7387     6.7697       9.90     0.0759  1.000e+05  2.828e+01  0.000e+00    32.6510    32.3882    -0.2628    25.8593    25.6679     22.786     22.852      0.612    1466.36    1465.34  0.000e+00
       2326     23.500     4.8361     4.6147    -0.2224    3.14685    3.09799          1     6.6858     6.7894       9.90     0.0768  1.000e+05  2.827e+01  0.000e+00    32.8527    32.5053    -0.3474    25.9911    25.7394     23.281     23.349      0.603    1467.71    1466.35  0.000e+00
       2360     24.000     5.4639     4.9324    -0.5300    3.24546    3.14528          1     6.7323     6.6468       9.90     0.0797  1.000e+05  2.826e+01  0.000e+00    33.3603    32.7377    -0.6225    26.3214    25.8889     23.776     23.845      0.364    1470.91    1467.96  0.000e+00
       2496     24.500     5.7934     5.7941     0.0007    3.29295    3.28706          1     6.5037     6.4705       9.90     0.0686  1.000e+05  2.826e+01  0.000e+00    33.5727    33.5068    -0.0659    26.4504    26.3987     24.271     24.341      0.298    1472.52    1472.44  0.000e+00
       2518     25.000     5.7807     5.7672    -0.0135    3.29491    3.28515          1     6.5058     6.4465       9.90     0.0635  1.000e+05  2.826e+01  0.000e+00    33.6071    33.5101    -0.0970    26.4791    26.4040     24.767     24.837      0.489    1472.52    1472.34  0.000e+00
       2540     25.500     5.7386     5.7569     0.0183    3.29910    3.28797          1     6.4774     6.4756       9.90     0.0688  1.000e+05  2.824e+01  0.000e+00    33.6964    33.5521    -0.1443    26.5548    26.4385     25.262     25.334      0.582    1472.47    1472.36  0.000e+00
       2559     26.000     5.8006     5.7464    -0.0543    3.31095    3.29135          1     6.4601     6.5111       9.90     0.0706  1.000e+05  2.824e+01  0.000e+00    33.7681    33.6004    -0.1676    26.6039    26.4780     25.757     25.830      0.587    1472.82    1472.39  0.000e+00
       2581     26.500     5.9597     5.7604    -0.1991    3.33089    3.29629          1     6.4769     6.5003       9.90     0.0714  1.000e+05  2.825e+01  0.000e+00    33.8337    33.6422    -0.1915    26.6360    26.5093     26.253     26.326      0.501    1473.54    1472.51  0.000e+00
       2635     27.000     6.1842     5.8918    -0.2924    3.35606    3.31322          1     6.4831     6.4250       9.90     0.0684  1.000e+05  2.821e+01  0.000e+00    33.8921    33.7019    -0.1903    26.6539    26.5402     26.748     26.822      0.341    1474.52    1473.12  0.000e+00
       2776     27.500     6.2751     6.2648    -0.0103    3.36695    3.35811          1     6.3102     6.3566       9.90     0.0651  1.000e+05  2.822e+01  0.000e+00    33.9231    33.8344    -0.0887    26.6667    26.5980     27.243     27.318      0.628    1474.92    1474.77  0.000e+00
       2792     28.000     6.3963     6.3737    -0.0228    3.38131    3.36750          1     6.3283     6.4085       9.90     0.0647  1.000e+05  2.823e+01  0.000e+00    33.9622    33.8308    -0.1314    26.6819    26.5811     27.739     27.814      0.766    1475.46    1475.21  0.000e+00
       2806     28.500     6.4962     6.4633    -0.0328    3.39163    3.37872          1     6.4329     6.4663       9.90     0.0635  1.000e+05  2.821e+01  0.000e+00    33.9774    33.8665    -0.1109    26.6808    26.5976     28.234     28.310      0.813    1475.88    1475.61  0.000e+00
