ctdpy/exports/archive_20191120_135557/received_data/SBE09_1044_20180527_1449_34_07_0033.cnv
* Sea-Bird SBE 9 Data File:
* FileName = C:\ctd\temp\2018\AU18D033.hex
* Software Version Seasave V 7.26.6.26
* Temperature SN = 5351
* Conductivity SN = 3941
* Number of Bytes Per Scan = 41
* Number of Voltage Words = 4
* Number of Scans Averaged by the Deck Unit = 1
* NMEA Latitude = 57 11.56 N
* NMEA Longitude = 011 39.50 E
* NMEA UTC (Time) = May 27 2018  14:49:44
* NMEA baud rate = 4800
** Station:  Fladen
** Operator:  SSip
** Ship: AURA
** Average sound velocity: 1478.59 m/s
** True-depth calculation Sun, 27 May 2018 15:32:29 +0000
** CTD Python Module SMHI /ver 3-12/ feb 2012 
** LIMS Job: 20183407-0033
** Cruise: SMHI-02-2018
** Latitude [GG MM.mm N] :
** Longitude [GG MM.mm E]:
# nquan = 26
# nvalues = 161                         
# units = specified
# name 0 = scan: Scan Count
# name 1 = prDM: Pressure, Digiquartz [db]
# name 2 = t090C: Temperature [ITS-90, deg C]
# name 3 = t190C: Temperature, 2 [ITS-90, deg C]
# name 4 = T2-T190C: Temperature Difference, 2 - 1 [ITS-90, deg C]
# name 5 = c0S/m: Conductivity [S/m]
# name 6 = c1S/m: Conductivity, 2 [S/m]
# name 7 = pumps: Pump Status
# name 8 = sbeox0ML/L: Oxygen, SBE 43 [ml/l]
# name 9 = sbeox1ML/L: Oxygen, SBE 43, 2 [ml/l]
# name 10 = altM: Altimeter [m]
# name 11 = flECO-AFL: Chl-a Fluorescence, WET Labs ECO-AFL/FL [mg/m^3]
# name 12 = flECO-AFL1: Phycocyanin Fluorescence, WET Labs ECO-AFL/FL, 2 [mg/m^3]
# name 13 = par: PAR/Irradiance, Biospherical/Lico [µE/(cm^2*s)]
# name 14 = turbWETntu0: Turbidity, WET Labs ECO [NTU]
# name 15 = sal00: Salinity, Practical [PSU]
# name 16 = sal11: Salinity, Practical, 2 [PSU]
# name 17 = secS-priS: Salinity, Practical, Difference, 2 - 1 [PSU]
# name 18 = sigma-t00: Density [sigma-t, Kg/m^3 ]
# name 19 = sigma-t11: Density, 2 [sigma-t, Kg/m^3 ]
# name 20 = depSM: Depth [salt water, m], lat = 57.1927
# name 21 = depFM: Depth [true depth, m], lat = 57.1927
# name 22 = dz/dtM: Descent Rate [m/s], WS = 2
# name 23 = svCM: Sound Velocity [Chen-Millero, m/s]
# name 24 = svCM1: Sound Velocity, 2 [Chen-Millero, m/s]
# name 25 = flag: flag
# span 0 =       7936,      11676       
# span 1 =      1.000,     81.000       
# span 2 =     6.2659,    18.4111       
# span 3 =     6.2677,    18.4107       
# span 4 =    -0.0517,     0.0382       
# span 5 =   2.513430,   3.476225       
# span 6 =   2.512819,   3.476283       
# span 7 =          1,          1       
# span 8 =    5.20127,    7.26094       
# span 9 =    5.15106,    7.65270       
# span 10 =       3.89,      99.09      
# span 11 =     0.1169,     3.0600      
# span 12 =     0.1530,     0.5301      
# span 13 = 1.0000e-12, 1.6173e+03      
# span 14 =     0.1866,     1.1429      
# span 15 =    17.7927,    34.7144      
# span 16 =    17.7918,    34.7135      
# span 17 =    -0.0719,     0.0392      
# span 18 =    12.0533,    27.2387      
# span 19 =    12.0537,    27.2377      
# span 20 =      0.992,     80.239      
# span 21 =      1.006,     80.477      
# span 22 =     -0.027,      0.591      
# span 23 =    1474.99,    1497.82      
# span 24 =    1475.00,    1497.82      
# span 25 = 0.0000e+00, 0.0000e+00      
# interval = decibars: 0.5              
# start_time = May 27 2018 14:49:45 [NMEA time, first data scan]
# bad_flag = -9.990e-29
*END*
[from data line 56]
       9219     29.000     6.2862     6.2879     0.0018    3.36877    3.36888          1     6.1700     6.1150      78.42     0.7391     0.2963  2.449e+00  0.2550000    33.9315    33.9311    -0.0004    26.6720    26.6714     28.731     28.910      0.539    1475.00    1475.01  0.000e+00
       9242     29.500     6.2772     6.2828     0.0056    3.37017    3.36975          1     6.1709     6.0965      97.49     0.8434     0.2823  2.297e+00  0.2792000    33.9559    33.9456    -0.0103    26.6923    26.6835     29.227     29.406      0.538    1475.01    1475.02  0.000e+00
       9264     30.000     6.2678     6.2701     0.0023    3.37135    3.37142          1     6.1605     6.0796      68.72     0.6874     0.2365  2.148e+00  0.3110000    33.9784    33.9768    -0.0016    26.7113    26.7098     29.722     29.902      0.528    1475.00    1475.01  0.000e+00
       9287     30.500     6.2660     6.2681     0.0021    3.37215    3.37217          1     6.1424     6.0714      53.05     0.5793     0.2319  2.014e+00  0.2847000    33.9888    33.9869    -0.0019    26.7198    26.7180     30.217     30.398      0.519    1475.02    1475.03  0.000e+00
       9310     31.000     6.2659     6.2677     0.0018    3.37348    3.37353          1     6.1253     6.0598      55.52     0.5828     0.1979  1.883e+00  0.2893000    34.0036    34.0023    -0.0013    26.7315    26.7302     30.713     30.894      0.545    1475.05    1475.05  0.000e+00
       9331     31.500     6.2684     6.2704     0.0020    3.37423    3.37435          1     6.1047     6.0401      99.09     0.6012     0.2458  1.772e+00  0.3084000    34.0092    34.0085    -0.0008    26.7356    26.7347     31.208     31.390      0.573    1475.07    1475.08  0.000e+00
       9352     32.000     6.2720     6.2739     0.0019    3.37557    3.37566          1     6.0790     6.0245      98.65     0.5821     0.2321  1.660e+00  0.3070000    34.0204    34.0194    -0.0009    26.7439    26.7429     31.703     31.886      0.554    1475.11    1475.11  0.000e+00
       9375     32.500     6.2724     6.2742     0.0018    3.37607    3.37614          1     6.0630     6.0062      98.66     0.5231     0.2168  1.556e+00  0.2838000    34.0252    34.0243    -0.0010    26.7477    26.7467     32.198     32.382      0.511    1475.12    1475.13  0.000e+00
       9399     33.000     6.2728     6.2751     0.0022    3.37726    3.37734          1     6.0514     5.9935      86.64     0.5002     0.2348  1.455e+00  0.3038000    34.0379    34.0365    -0.0014    26.7576    26.7563     32.694     32.878      0.520    1475.15    1475.16  0.000e+00
       9421     33.500     6.2795     6.2813     0.0018    3.37951    3.37958          1     6.0400     5.9876      76.83     0.4400     0.2681  1.373e+00  0.2979000    34.0561    34.0551    -0.0010    26.7712    26.7701     33.189     33.374      0.565    1475.21    1475.21  0.000e+00
       9441     34.000     6.2807     6.2828     0.0021    3.38114    3.38117          1     6.0253     5.9544      54.90     0.4137     0.2803  1.282e+00  0.3226000    34.0729    34.0711    -0.0018    26.7842    26.7826     33.684     33.870      0.582    1475.24    1475.25  0.000e+00
       9462     34.500     6.2875     6.2890     0.0015    3.38487    3.38487          1     5.9962     5.9029      50.48     0.4205     0.2804  1.205e+00  0.3160000    34.1076    34.1061    -0.0015    26.8107    26.8093     34.180     34.366      0.559    1475.32    1475.32  0.000e+00
       9485     35.000     6.2904     6.2923     0.0018    3.38584    3.38591          1     5.9686     5.8843      76.77     0.4201     0.2392  1.129e+00  0.3152000    34.1153    34.1142    -0.0011    26.8164    26.8153     34.675     34.862      0.523    1475.35    1475.36  0.000e+00
       9508     35.500     6.2915     6.2931     0.0016    3.38627    3.38627          1     5.9524     5.8948      66.24     0.4105     0.2103  1.059e+00  0.3248000    34.1188    34.1171    -0.0016    26.8191    26.8176     35.170     35.358      0.520    1475.37    1475.37  0.000e+00
       9530     36.000     6.2942     6.2959     0.0017    3.38752    3.38754          1     5.9360     5.8926      92.40     0.4118     0.2443  1.003e+00  0.3190000    34.1297    34.1283    -0.0014    26.8274    26.8260     35.666     35.853      0.551    1475.40    1475.40  0.000e+00
       9552     36.500     6.3003     6.3020     0.0016    3.38921    3.38922          1     5.9218     5.8703      49.27     0.3829     0.2804  9.328e-01  0.3276000    34.1422    34.1407    -0.0015    26.8364    26.8350     36.161     36.349      0.569    1475.45    1475.45  0.000e+00
       9573     37.000     6.3084     6.3100     0.0015    3.39132    3.39131          1     5.9148     5.8441      48.37     0.3818     0.2261  8.682e-01  0.3222000    34.1575    34.1558    -0.0017    26.8474    26.8459     36.656     36.845      0.561    1475.51    1475.51  0.000e+00
       9595     37.500     6.3164     6.3179     0.0016    3.39379    3.39377          1     5.8887     5.8170      47.68     0.3913     0.2245  8.183e-01  0.3274000    34.1768    34.1751    -0.0017    26.8617    26.8601     37.152     37.341      0.542    1475.57    1475.58  0.000e+00
       9617     38.000     6.3312     6.3317     0.0005    3.39823    3.39794          1     5.8514     5.7721      46.95     0.3946     0.2224  7.668e-01  0.3446000    34.2113    34.2076    -0.0037    26.8870    26.8840     37.647     37.837      0.536    1475.68    1475.68  0.000e+00
       9639     38.500     6.3426     6.3443     0.0017    3.40165    3.40165          1     5.8279     5.7508      46.42     0.3454     0.2119  7.124e-01  0.3665000    34.2379    34.2361    -0.0017    26.9065    26.9049     38.142     38.333      0.550    1475.77    1475.77  0.000e+00
       9661     39.000     6.3562     6.3562     0.0001    3.40525    3.40488          1     5.7927     5.7205      46.06     0.3018     0.2134  6.660e-01  0.3853000    34.2642    34.2600    -0.0042    26.9254    26.9221     38.638     38.829      0.557    1475.86    1475.86  0.000e+00
       9682     39.500     6.3968     6.3970     0.0001    3.41405    3.41388          1     5.7287     5.6637      45.47     0.3022     0.2301  6.285e-01  0.4044000    34.3212    34.3192    -0.0020    26.9651    26.9636     39.133     39.325      0.528    1476.10    1476.10  0.000e+00
       9706     40.000     6.4110     6.4127     0.0018    3.41693    3.41699          1     5.6801     5.6265      78.21     0.2712     0.2353  5.891e-01  0.4493000    34.3389    34.3378    -0.0011    26.9773    26.9762     39.628     39.821      0.496    1476.19    1476.19  0.000e+00
       9730     40.500     6.4120     6.4131     0.0011    3.41726    3.41713          1     5.6684     5.6153      72.88     0.2602     0.2064  5.525e-01  0.4760000    34.3413    34.3388    -0.0025    26.9790    26.9769     40.123     40.317      0.535    1476.20    1476.21  0.000e+00
       9751     41.000     6.4180     6.4189     0.0009    3.41879    3.41860          1     5.6520     5.6017      45.15     0.2603     0.2273  5.194e-01  0.4807000    34.3521    34.3491    -0.0030    26.9868    26.9842     40.619     40.813      0.580    1476.25    1476.25  0.000e+00
       9772     41.500     6.4351     6.4354     0.0003    3.42304    3.42279          1     5.6304     5.5762      75.42     0.2522     0.1921  4.795e-01  0.4901000    34.3821    34.3789    -0.0032    27.0082    27.0056     41.114     41.309      0.564    1476.36    1476.36  0.000e+00
       9794     42.000     6.4428     6.4440     0.0012    3.42513    3.42497          1     5.6115     5.5543      43.21     0.2278     0.2060  4.455e-01  0.4992000    34.3973    34.3944    -0.0029    27.0192    27.0167     41.609     41.804      0.504    1476.42    1476.42  0.000e+00
       9819     42.500     6.4547     6.4562     0.0015    3.42832    3.42829          1     5.5966     5.5452      42.70     0.2197     0.2454  4.143e-01  0.5120000    34.4206    34.4188    -0.0019    27.0360    27.0343     42.105     42.300      0.501    1476.50    1476.51  0.000e+00
       9842     43.000     6.4596     6.4613     0.0018    3.42949    3.42955          1     5.5884     5.5237      81.44     0.2097     0.2308  3.874e-01  0.5168000    34.4285    34.4274    -0.0011    27.0416    27.0405     42.600     42.796      0.557    1476.54    1476.55  0.000e+00
       9863     43.500     6.4625     6.4641     0.0015    3.43034    3.43035          1     5.5781     5.5138      76.92     0.1980     0.1671  3.557e-01  0.5112000    34.4347    34.4334    -0.0014    27.0461    27.0448     43.095     43.292      0.591    1476.57    1476.57  0.000e+00
       9883     44.000     6.4635     6.4650     0.0015    3.43061    3.43060          1     5.5635     5.5152      41.08     0.2148     0.2716  3.240e-01  0.5215000    34.4366    34.4349    -0.0017    27.0474    27.0459     43.591     43.788      0.568    1476.58    1476.59  0.000e+00
       9905     44.500     6.4726     6.4739     0.0013    3.43303    3.43301          1     5.5503     5.4978      40.55     0.1819     0.2195  2.987e-01  0.5386000    34.4541    34.4525    -0.0017    27.0601    27.0586     44.086     44.284      0.512    1476.65    1476.65  0.000e+00
       9930     45.000     6.4838     6.4854     0.0016    3.43559    3.43561          1     5.5283     5.4775      39.97     0.1734     0.2169  2.806e-01  0.5240000    34.4710    34.4696    -0.0014    27.0719    27.0706     44.581     44.780      0.476    1476.72    1476.73  0.000e+00
       9955     45.500     6.4881     6.4897     0.0016    3.43636    3.43639          1     5.5106     5.4652      39.42     0.2299     0.2296  2.579e-01  0.5102000    34.4751    34.4737    -0.0014    27.0745    27.0732     45.076     45.275      0.491    1476.75    1476.76  0.000e+00
       9979     46.000     6.4951     6.4956     0.0005    3.43791    3.43770          1     5.4991     5.4448      38.92     0.1890     0.2010  2.384e-01  0.5238000    34.4850    34.4822    -0.0029    27.0815    27.0791     45.572     45.771      0.509    1476.80    1476.80  0.000e+00
      10003     46.500     6.5192     6.5197     0.0005    3.44313    3.44294          1     5.4708     5.4101      38.53     0.2333     0.2423  2.101e-01  0.5323000    34.5185    34.5160    -0.0025    27.1046    27.1026     46.067     46.267      0.488    1476.95    1476.94  0.000e+00
      10028     47.000     6.5306     6.5323     0.0017    3.44544    3.44549          1     5.4447     5.3814      38.07     0.1843     0.2697  1.914e-01  0.5654000    34.5325    34.5312    -0.0012    27.1142    27.1130     46.562     46.763      0.473    1477.02    1477.02  0.000e+00
      10053     47.500     6.5345     6.5363     0.0018    3.44616    3.44622          1     5.4348     5.3637      37.47     0.1515     0.2339  1.768e-01  0.5891000    34.5364    34.5351    -0.0013    27.1168    27.1155     47.058     47.259      0.471    1477.04    1477.05  0.000e+00
      10079     48.000     6.5353     6.5371     0.0018    3.44637    3.44643          1     5.4295     5.3720      37.09     0.1753     0.2342  1.548e-01  0.6898000    34.5375    34.5364    -0.0012    27.1176    27.1164     47.553     47.755      0.464    1477.06    1477.06  0.000e+00
      10105     48.500     6.5387     6.5409     0.0021    3.44721    3.44733          1     5.4306     5.3738      36.59     0.1504     0.2288  1.394e-01  0.6362000    34.5432    34.5424    -0.0008    27.1216    27.1206     48.048     48.250      0.456    1477.09    1477.09  0.000e+00
      10132     49.000     6.5488     6.5506     0.0018    3.44956    3.44961          1     5.4222     5.3629      35.92     0.1470     0.2151  1.233e-01  0.6111000    34.5590    34.5577    -0.0012    27.1327    27.1315     48.543     48.746      0.432    1477.15    1477.16  0.000e+00
      10159     49.500     6.5532     6.5541     0.0009    3.45051    3.45038          1     5.4132     5.3766      35.47     0.1677     0.2071  1.098e-01  0.6068000    34.5648    34.5624    -0.0023    27.1367    27.1347     49.039     49.242      0.445    1477.18    1477.19  0.000e+00
      10187     50.000     6.5565     6.5580     0.0015    3.45115    3.45119          1     5.4074     5.3702      34.87     0.1820     0.2211  9.716e-02  0.6163000    34.5684    34.5673    -0.0011    27.1390    27.1380     49.534     49.738      0.411    1477.21    1477.22  0.000e+00
      10218     50.500     6.5579     6.5597     0.0018    3.45143    3.45149          1     5.4033     5.3613      34.38     0.1775     0.2340  8.613e-02  0.5914000    34.5697    34.5686    -0.0011    27.1399    27.1388     50.029     50.234      0.381    1477.23    1477.23  0.000e+00
      10249     51.000     6.5593     6.5609     0.0016    3.45168    3.45171          1     5.4028     5.3676      33.95     0.1605     0.2232  7.267e-02  0.5802000    34.5709    34.5696    -0.0013    27.1407    27.1395     50.525     50.730      0.421    1477.24    1477.25  0.000e+00
      10275     51.500     6.5595     6.5612     0.0017    3.45173    3.45179          1     5.4007     5.3533      33.47     0.1518     0.2318  6.276e-02  0.5931000    34.5710    34.5699    -0.0011    27.1408    27.1396     51.020     51.225      0.481    1477.25    1477.26  0.000e+00
      10300     52.000     6.5597     6.5613     0.0017    3.45175    3.45181          1     5.3973     5.3321      32.95     0.1436     0.2237  4.811e-02  0.5985000    34.5708    34.5697    -0.0011    27.1406    27.1395     51.515     51.721      0.454    1477.26    1477.27  0.000e+00
      10330     52.500     6.5597     6.5614     0.0017    3.45178    3.45184          1     5.3975     5.3515      32.31     0.1495     0.2176  3.788e-02  0.6044000    34.5708    34.5697    -0.0011    27.1406    27.1395     52.010     52.217      0.370    1477.27    1477.27  0.000e+00
      10363     53.000     6.5601     6.5618     0.0017    3.45179    3.45185          1     5.3995     5.3566      31.82     0.1496     0.1920  2.749e-02  0.5944000    34.5703    34.5692    -0.0011    27.1401    27.1390     52.506     52.713      0.414    1477.28    1477.28  0.000e+00
      10388     53.500     6.5604     6.5619     0.0015    3.45184    3.45187          1     5.3947     5.3571      31.42     0.1499     0.1858  1.879e-02  0.6002000    34.5703    34.5691    -0.0012    27.1401    27.1389     53.001     53.209      0.483    1477.29    1477.29  0.000e+00
      10414     54.000     6.5605     6.5623     0.0018    3.45190    3.45197          1     5.3963     5.3581      30.94     0.1491     0.1668  1.104e-02  0.5957000    34.5706    34.5695    -0.0011    27.1403    27.1392     53.496     53.704      0.444    1477.30    1477.30  0.000e+00
      10443     54.500     6.5617     6.5633     0.0016    3.45213    3.45219          1     5.3935     5.3517      30.43     0.1632     0.1829  3.874e-03  0.7464000    34.5718    34.5707    -0.0011    27.1410    27.1400     53.991     54.200      0.409    1477.31    1477.32  0.000e+00
      10471     55.000     6.5656     6.5673     0.0017    3.45295    3.45297          1     5.3857     5.3292      29.89     0.1919     0.1869  6.959e-05  0.5917000    34.5766    34.5752    -0.0014    27.1443    27.1430     54.487     54.696      0.458    1477.34    1477.34  0.000e+00
      10496     55.500     6.5689     6.5706     0.0017    3.45381    3.45383          1     5.3866     5.3341      29.36     0.1681     0.2123  5.433e-07  0.6353000    34.5826    34.5811    -0.0015    27.1486    27.1472     54.982     55.192      0.488    1477.37    1477.37  0.000e+00
      10520     56.000     6.5695     6.5711     0.0016    3.45404    3.45410          1     5.3835     5.3486      28.89     0.1388     0.2527  1.449e-12  0.6164000    34.5843    34.5834    -0.0010    27.1499    27.1489     55.477     55.688      0.497    1477.38    1477.39  0.000e+00
