ctdpy/exports/archive_20191120_135557/received_data/SBE09_0827_20180118_1543_26_01_0105.cnv
* Sea-Bird SBE 9 Data File:
* FileName = D:\CTD_SBE911\DAT\26DA.2018.1.5.hex
* Software Version Seasave V 7.21d
* Temperature SN = 034757
* Conductivity SN = 041844
* Number of Bytes Per Scan = 48
* Number of Voltage Words = 5
* Number of Scans Averaged by the Deck Unit = 1
* NMEA Latitude = 57 53.70 N
* NMEA Longitude = 009 54.20 E
* NMEA UTC (Time) = Jan 18 2018  15:43:57
* NMEA baud rate = 4800
** Ship: DANA
** Average sound velocity: 1474.67 m/s
** True-depth calculation Thu, 28 Mar 2019 08:00:45 +0000
** CTD Python Module SMHI /ver 3-12/ feb 2012 
** LIMS Job: 20182601-0105
** 17N Hirtshals
** Operator: Ronny Sørensen
** Cruise: 01/2018
# nquan = 26
# nvalues = 119                         
# units = specified
# name 0 = scan: Scan Count
# name 1 = prDM: Pressure, Digiquartz [db]
# name 2 = t090C: Temperature [ITS-90, deg C]
# name 3 = t190C: Temperature, 2 [ITS-90, deg C]
# name 4 = T2-T190C: Temperature Difference, 2 - 1 [ITS-90, deg C]
# name 5 = c0S/m: Conductivity [S/m]
# name 6 = c1S/m: Conductivity, 2 [S/m]
# name 7 = pumps: Pump Status
# name 8 = sbeox1ML/L: Oxygen, SBE 43, 2 [ml/l]
# name 9 = sbeox0ML/L: Oxygen, SBE 43 [ml/l]
# name 10 = altM: Altimeter [m]
# name 11 = chloroflTC0: Chlorophyll, Turner Cyclops [ug/l]
# name 12 = cpar: CPAR/Corrected Irradiance [%]
# name 13 = par: PAR/Irradiance, Biospherical/Lico [µE/(cm^2*s)]
# name 14 = spar: SPAR, Biospherical/Licor
# name 15 = sal00: Salinity, Practical [PSU]
# name 16 = sal11: Salinity, Practical, 2 [PSU]
# name 17 = secS-priS: Salinity, Practical, Difference, 2 - 1 [PSU]
# name 18 = sigma-t00: Density [sigma-t, kg/m^3 ]
# name 19 = sigma-t11: Density, 2 [sigma-t, kg/m^3 ]
# name 20 = depSM: Depth [salt water, m], lat = 57.895
# name 21 = depFM: Depth [true depth, m], lat = 57.895
# name 22 = dz/dtM: Descent Rate [m/s], WS = 2
# name 23 = svCM: Sound Velocity [Chen-Millero, m/s]
# name 24 = svCM1: Sound Velocity, 2 [Chen-Millero, m/s]
# name 25 = flag: flag
# span 0 =       -107,       6267       
# span 1 =      1.500,     60.500       
# span 2 =     5.8696,     6.3789       
# span 3 =     5.8660,     6.3776       
# span 4 =    -0.0959,     0.0372       
# span 5 =   3.284366,   3.370003       
# span 6 =   3.284403,   3.370239       
# span 7 =          1,          1       
# span 8 =     6.2173,     6.3162       
# span 9 =     6.3051,     6.4412       
# span 10 =       1.60,       9.96      
# span 11 =     0.0245,     0.0618      
# span 12 = 4.9241e-11, 4.9241e-11      
# span 13 = 1.0000e-12, 1.0000e-12      
# span 14 = 2.0308e+00, 2.0308e+00      
# span 15 =    33.4088,    33.8372      
# span 16 =    33.4127,    33.8416      
# span 17 =    -0.0563,     0.0468      
# span 18 =    26.3114,    26.5856      
# span 19 =    26.3150,    26.5892      
# span 20 =      1.486,     59.931      
# span 21 =      1.489,     60.029      
# span 22 =     -0.079,      0.622      
# span 23 =    1472.33,    1475.76      
# span 24 =    1472.32,    1475.76      
# span 25 = 0.0000e+00, 0.0000e+00      
# interval = decibars: 0.5              
# start_time = Jan 18 2018 15:43:58 [NMEA time, first data scan]
# bad_flag = -9.990e-29
*END*
       -107      1.500     5.9639     6.0021     0.0372    3.30164    3.30767          1     6.2858     6.4266       9.96     0.0261  4.924e-11  1.000e-12  2.031e+00    33.5128    33.5428     0.0301    26.3820    26.4010      1.486      1.489     -0.079    1472.75    1472.94  0.000e+00
        383      2.000     5.8985     5.9094     0.0111    3.28925    3.29436          1     6.2317     6.4199       9.96     0.0245  4.924e-11  1.000e-12  2.031e+00    33.4378    33.4846     0.0468    26.3308    26.3664      1.981      1.985      0.314    1472.40    1472.50  0.000e+00
        523      2.500     5.9028     5.9041     0.0014    3.29010    3.29111          1     6.2754     6.4192       9.96     0.0256  4.924e-11  1.000e-12  2.031e+00    33.4429    33.4528     0.0100    26.3343    26.3420      2.477      2.481      0.522    1472.43    1472.45  0.000e+00
        558      3.000     5.8947     5.9006     0.0060    3.28857    3.29134          1     6.2173     6.4274       8.79     0.0245  4.924e-11  1.000e-12  2.031e+00    33.4333    33.4588     0.0255    26.3277    26.3471      2.972      2.977      0.439    1472.40    1472.45  0.000e+00
        615      3.500     5.8931     5.9021     0.0089    3.28838    3.29133          1     6.2260     6.4215       7.09     0.0253  4.924e-11  1.000e-12  2.031e+00    33.4326    33.4569     0.0243    26.3274    26.3455      3.468      3.473      0.622    1472.40    1472.46  0.000e+00
        680      4.000     5.9061     5.9025    -0.0034    3.29080    3.29083          1     6.2834     6.4144       9.53     0.0253  4.924e-11  1.000e-12  2.031e+00    33.4467    33.4506     0.0039    26.3369    26.3405      3.963      3.970      0.346    1472.48    1472.46  0.000e+00
        720      4.500     5.8972     5.8927    -0.0045    3.28933    3.28988          1     6.2997     6.4158       9.96     0.0258  4.924e-11  1.000e-12  2.031e+00    33.4386    33.4493     0.0107    26.3316    26.3406      4.458      4.466      0.462    1472.44    1472.43  0.000e+00
        764      5.000     5.9098     5.9093    -0.0005    3.29150    3.29093          1     6.3098     6.4187       9.96     0.0266  4.924e-11  1.000e-12  2.031e+00    33.4504    33.4445    -0.0059    26.3394    26.3348      4.954      4.962      0.250    1472.51    1472.50  0.000e+00
        828      5.500     5.9098     5.8900    -0.0197    3.29131    3.28979          1     6.2772     6.4216       9.96     0.0283  4.924e-11  1.000e-12  2.031e+00    33.4480    33.4505     0.0025    26.3375    26.3419      5.449      5.458      0.350    1472.52    1472.44  0.000e+00
        858      6.000     5.8735     5.8873     0.0136    3.28558    3.28759          1     6.3088     6.4412       9.96     0.0294  4.924e-11  1.000e-12  2.031e+00    33.4191    33.4281     0.0090    26.3191    26.3245      5.944      5.954      0.297    1472.34    1472.41  0.000e+00
        931      6.500     5.8815     5.8740    -0.0074    3.28618    3.28656          1     6.3054     6.4139       9.96     0.0298  4.924e-11  1.000e-12  2.031e+00    33.4177    33.4295     0.0118    26.3170    26.3272      6.440      6.451      0.322    1472.38    1472.37  0.000e+00
        957      7.000     5.8696     5.8660    -0.0036    3.28437    3.28440          1     6.2795     6.4171       9.96     0.0301  4.924e-11  1.000e-12  2.031e+00    33.4088    33.4127     0.0040    26.3114    26.3150      6.935      6.947      0.453    1472.33    1472.32  0.000e+00
       1008      7.500     5.8718     5.8736     0.0018    3.28481    3.28549          1     6.2969     6.4223       9.96     0.0298  4.924e-11  1.000e-12  2.031e+00    33.4113    33.4173     0.0059    26.3132    26.3176      7.430      7.443      0.278    1472.35    1472.36  0.000e+00
       1076      8.000     5.8845     5.8774    -0.0071    3.28706    3.28586          1     6.3019     6.4240       9.96     0.0293  4.924e-11  1.000e-12  2.031e+00    33.4239    33.4174    -0.0065    26.3216    26.3173      7.926      7.939      0.446    1472.42    1472.39  0.000e+00
       1100      8.500     5.9004     5.8937    -0.0067    3.28937    3.28833          1     6.2850     6.4191       9.96     0.0293  4.924e-11  1.000e-12  2.031e+00    33.4339    33.4288    -0.0051    26.3275    26.3243      8.421      8.435      0.357    1472.51    1472.48  0.000e+00
       1167      9.000     5.9128     5.9022    -0.0106    3.29195    3.28939          1     6.3058     6.4161       9.96     0.0315  4.924e-11  1.000e-12  2.031e+00    33.4504    33.4321    -0.0183    26.3390    26.3259      8.917      8.932      0.287    1472.59    1472.52  0.000e+00
       1203      9.500     5.9964     5.9869    -0.0095    3.30723    3.30179          1     6.2959     6.4077       9.96     0.0317  4.924e-11  1.000e-12  2.031e+00    33.5395    33.4877    -0.0518    26.3990    26.3593      9.412      9.428      0.367    1473.04    1472.94  0.000e+00
       1249     10.000     6.0209     5.9990    -0.0218    3.31173    3.30953          1     6.3156     6.3990       9.96     0.0318  4.924e-11  1.000e-12  2.031e+00    33.5656    33.5625    -0.0031    26.4166    26.4169      9.907      9.924      0.211    1473.18    1473.09  0.000e+00
       1318     10.500     6.0293     6.0254    -0.0038    3.31479    3.31307          1     6.2977     6.3876       9.96     0.0326  4.924e-11  1.000e-12  2.031e+00    33.5913    33.5759    -0.0154    26.4359    26.4242     10.403     10.420      0.301    1473.25    1473.22  0.000e+00
       1353     11.000     6.0588     6.0495    -0.0093    3.32000    3.31798          1     6.2963     6.3744       9.96     0.0327  4.924e-11  1.000e-12  2.031e+00    33.6203    33.6069    -0.0134    26.4551    26.4457     10.898     10.916      0.309    1473.42    1473.36  0.000e+00
       1401     11.500     6.0938     6.0569    -0.0368    3.32564    3.31958          1     6.3061     6.3871       9.96     0.0330  4.924e-11  1.000e-12  2.031e+00    33.6486    33.6173    -0.0313    26.4730    26.4529     11.393     11.412      0.231    1473.60    1473.41  0.000e+00
       1449     12.000     6.1527     6.0996    -0.0531    3.33566    3.32594          1     6.2972     6.3764       9.96     0.0337  4.924e-11  1.000e-12  2.031e+00    33.7024    33.6461    -0.0563    26.5081    26.4703     11.889     11.909      0.286    1473.91    1473.63  0.000e+00
       1491     12.500     6.1456     6.1174    -0.0283    3.33482    3.32917          1     6.2843     6.3793       9.96     0.0352  4.924e-11  1.000e-12  2.031e+00    33.6997    33.6644    -0.0353    26.5069    26.4825     12.384     12.405      0.229    1473.88    1473.73  0.000e+00
       1559     13.000     6.1540     6.1466    -0.0074    3.33608    3.33448          1     6.2827     6.3791       9.96     0.0339  4.924e-11  1.000e-12  2.031e+00    33.7053    33.6947    -0.0106    26.5102    26.5028     12.879     12.901      0.282    1473.93    1473.89  0.000e+00
       1594     13.500     6.1552     6.1488    -0.0065    3.33623    3.33551          1     6.2942     6.3677       9.96     0.0340  4.924e-11  1.000e-12  2.031e+00    33.7054    33.7038    -0.0016    26.5101    26.5097     13.375     13.397      0.308    1473.95    1473.92  0.000e+00
       1642     14.000     6.1594     6.1481    -0.0113    3.33717    3.33549          1     6.3100     6.3763       9.96     0.0336  4.924e-11  1.000e-12  2.031e+00    33.7116    33.7040    -0.0076    26.5145    26.5099     13.870     13.893      0.240    1473.98    1473.93  0.000e+00
       1683     14.500     6.1744     6.1516    -0.0228    3.33976    3.33590          1     6.2954     6.3759       9.96     0.0338  4.924e-11  1.000e-12  2.031e+00    33.7255    33.7049    -0.0205    26.5236    26.5102     14.365     14.389      0.313    1474.06    1473.95  0.000e+00
       1742     15.000     6.1742     6.1626    -0.0116    3.33970    3.33788          1     6.2961     6.3747       9.96     0.0337  4.924e-11  1.000e-12  2.031e+00    33.7249    33.7159    -0.0090    26.5231    26.5175     14.861     14.885      0.206    1474.07    1474.01  0.000e+00
       1806     15.500     6.1758     6.1679    -0.0078    3.34007    3.33903          1     6.3022     6.3797       9.96     0.0331  4.924e-11  1.000e-12  2.031e+00    33.7271    33.7232    -0.0039    26.5247    26.5226     15.356     15.381      0.275    1474.09    1474.05  0.000e+00
       1843     16.000     6.1798     6.1709    -0.0089    3.34078    3.33948          1     6.2916     6.3782       9.95     0.0338  4.924e-11  1.000e-12  2.031e+00    33.7308    33.7251    -0.0057    26.5270    26.5237     15.851     15.877      0.357    1474.12    1474.08  0.000e+00
       1876     16.500     6.1817     6.1732    -0.0084    3.34123    3.33997          1     6.2888     6.3751       9.96     0.0345  4.924e-11  1.000e-12  2.031e+00    33.7337    33.7281    -0.0056    26.5291    26.5258     16.347     16.374      0.327    1474.14    1474.10  0.000e+00
       1922     17.000     6.1828     6.1765    -0.0063    3.34143    3.34059          1     6.3042     6.3684       9.96     0.0346  4.924e-11  1.000e-12  2.031e+00    33.7347    33.7315    -0.0032    26.5297    26.5281     16.842     16.870      0.230    1474.15    1474.12  0.000e+00
       1975     17.500     6.1823     6.1782    -0.0041    3.34141    3.34102          1     6.3161     6.3723       9.96     0.0341  4.924e-11  1.000e-12  2.031e+00    33.7346    33.7343    -0.0003    26.5297    26.5300     17.337     17.366      0.204    1474.16    1474.14  0.000e+00
       2057     18.000     6.1816     6.1801    -0.0015    3.34124    3.34139          1     6.3019     6.3908       9.96     0.0342  4.924e-11  1.000e-12  2.031e+00    33.7331    33.7363     0.0032    26.5286    26.5314     17.833     17.862      0.287    1474.16    1474.16  0.000e+00
       2090     18.500     6.1823     6.1802    -0.0021    3.34144    3.34143          1     6.2923     6.3887       9.95     0.0341  4.924e-11  1.000e-12  2.031e+00    33.7344    33.7364     0.0020    26.5296    26.5314     18.328     18.358      0.410    1474.17    1474.17  0.000e+00
       2120     19.000     6.1832     6.1802    -0.0030    3.34161    3.34150          1     6.2912     6.3827       9.96     0.0355  4.924e-11  1.000e-12  2.031e+00    33.7352    33.7369     0.0017    26.5301    26.5319     18.823     18.854      0.385    1474.19    1474.18  0.000e+00
       2154     19.500     6.1871     6.1804    -0.0066    3.34232    3.34156          1     6.2962     6.3656       9.96     0.0344  4.924e-11  1.000e-12  2.031e+00    33.7390    33.7371    -0.0019    26.5326    26.5320     19.319     19.350      0.284    1474.21    1474.18  0.000e+00
       2238     20.000     6.1916     6.1855    -0.0061    3.34296    3.34233          1     6.3026     6.3748       9.96     0.0354  4.924e-11  1.000e-12  2.031e+00    33.7415    33.7405    -0.0010    26.5340    26.5340     19.814     19.846      0.258    1474.24    1474.22  0.000e+00
       2281     20.500     6.1943     6.1877    -0.0066    3.34339    3.34275          1     6.3093     6.3667       9.96     0.0355  4.924e-11  1.000e-12  2.031e+00    33.7433    33.7427    -0.0005    26.5351    26.5355     20.309     20.342      0.359    1474.26    1474.24  0.000e+00
       2317     21.000     6.1937     6.1889    -0.0048    3.34331    3.34301          1     6.3162     6.3748       9.96     0.0349  4.924e-11  1.000e-12  2.031e+00    33.7427    33.7442     0.0015    26.5347    26.5365     20.805     20.838      0.285    1474.27    1474.25  0.000e+00
       2367     21.500     6.1915     6.1900    -0.0015    3.34298    3.34320          1     6.3086     6.3841       9.96     0.0367  4.924e-11  1.000e-12  2.031e+00    33.7411    33.7450     0.0039    26.5337    26.5370     21.300     21.335      0.230    1474.27    1474.27  0.000e+00
       2419     22.000     6.1919     6.1903    -0.0016    3.34309    3.34326          1     6.3098     6.3741       9.95     0.0378  4.924e-11  1.000e-12  2.031e+00    33.7417    33.7452     0.0035    26.5341    26.5371     21.795     21.831      0.206    1474.28    1474.28  0.000e+00
       2483     22.500     6.1974     6.1914    -0.0060    3.34389    3.34342          1     6.2717     6.3715       9.96     0.0357  4.924e-11  1.000e-12  2.031e+00    33.7449    33.7456     0.0007    26.5359    26.5373     22.290     22.327      0.296    1474.31    1474.29  0.000e+00
       2515     23.000     6.2079     6.1928    -0.0152    3.34584    3.34364          1     6.2783     6.3667       9.96     0.0351  4.924e-11  1.000e-12  2.031e+00    33.7559    33.7464    -0.0095    26.5433    26.5377     22.786     22.823      0.411    1474.37    1474.30  0.000e+00
       2549     23.500     6.2147     6.1972    -0.0175    3.34688    3.34427          1     6.3012     6.3579       9.96     0.0354  4.924e-11  1.000e-12  2.031e+00    33.7607    33.7488    -0.0119    26.5462    26.5391     23.281     23.319      0.269    1474.42    1474.33  0.000e+00
       2624     24.000     6.2288     6.2078    -0.0209    3.34920    3.34589          1     6.2783     6.3571       9.96     0.0385  4.924e-11  1.000e-12  2.031e+00    33.7723    33.7562    -0.0162    26.5536    26.5435     23.776     23.815      0.194    1474.49    1474.39  0.000e+00
       2682     24.500     6.2658     6.2244    -0.0415    3.35491    3.34845          1     6.2863     6.3466       9.96     0.0378  4.924e-11  1.000e-12  2.031e+00    33.7992    33.7681    -0.0311    26.5701    26.5508     24.272     24.311      0.372    1474.68    1474.48  0.000e+00
       2708     25.000     6.3336     6.2376    -0.0959    3.36306    3.35017          1     6.2579     6.3259       9.96     0.0374  4.924e-11  1.000e-12  2.031e+00    33.8226    33.7739    -0.0487    26.5798    26.5537     24.767     24.807      0.454    1474.99    1474.55  0.000e+00
       2738     25.500     6.3391     6.2610    -0.0781    3.36383    3.35299          1     6.2848     6.3223       9.96     0.0398  4.924e-11  1.000e-12  2.031e+00    33.8255    33.7819    -0.0436    26.5815    26.5571     25.262     25.303      0.279    1475.02    1474.66  0.000e+00
       2820     26.000     6.3366     6.3156    -0.0210    3.36346    3.36068          1     6.2542     6.3349       9.96     0.0435  4.924e-11  1.000e-12  2.031e+00    33.8235    33.8134    -0.0102    26.5802    26.5749     25.758     25.799      0.235    1475.02    1474.92  0.000e+00
       2863     26.500     6.3351     6.3224    -0.0128    3.36333    3.36183          1     6.2413     6.3295       9.96     0.0430  4.924e-11  1.000e-12  2.031e+00    33.8233    33.8193    -0.0040    26.5802    26.5787     26.253     26.296      0.304    1475.02    1474.96  0.000e+00
       2901     27.000     6.3355     6.3283    -0.0072    3.36338    3.36265          1     6.2828     6.3355       9.95     0.0427  4.924e-11  1.000e-12  2.031e+00    33.8232    33.8223    -0.0009    26.5801    26.5803     26.748     26.792      0.289    1475.03    1475.00  0.000e+00
       2962     27.500     6.3375     6.3319    -0.0056    3.36360    3.36317          1     6.2695     6.3333       9.96     0.0439  4.924e-11  1.000e-12  2.031e+00    33.8234    33.8243     0.0008    26.5800    26.5814     27.244     27.288      0.229    1475.04    1475.02  0.000e+00
       3006     28.000     6.3377     6.3341    -0.0036    3.36369    3.36354          1     6.2762     6.3387       9.95     0.0449  4.924e-11  1.000e-12  2.031e+00    33.8240    33.8259     0.0019    26.5804    26.5824     27.739     27.784      0.417    1475.06    1475.04  0.000e+00
       3035     28.500     6.3405     6.3343    -0.0062    3.36404    3.36363          1     6.2589     6.3318       9.96     0.0440  4.924e-11  1.000e-12  2.031e+00    33.8250    33.8265     0.0015    26.5808    26.5828     28.234     28.280      0.305    1475.08    1475.05  0.000e+00
