ctdpy/exports/archive_20191120_135557/received_data/SBE09_1044_20181206_0334_34_01_0156.cnv
* Sea-Bird SBE 9 Data File:
* FileName = C:\ctd\temp\ar18d156.hex
* Software Version Seasave V 7.26.7.107
* Temperature SN = 5351
* Conductivity SN = 3941
* Number of Bytes Per Scan = 41
* Number of Voltage Words = 4
* Number of Scans Averaged by the Deck Unit = 1
* NMEA Latitude = 55 33.33 N
* NMEA Longitude = 018 24.03 E
* NMEA UTC (Time) = Dec 06 2018  03:34:42
* NMEA baud rate = 4800
** Station:  BCSIII-10
** Operator:  ASkj
** Ship: ARANDA
** Average sound velocity: 1446.60 m/s
** True-depth calculation Sun, 09 Dec 2018 14:42:56 +0000
** CTD Python Module SMHI /ver 3-12/ feb 2012 
** LIMS Job: 20183401-0156
** Cruise: SMHI-7-2018
** Latitude [GG MM.mm N]:
** Longitude [GG MM.mm E]
# nquan = 26
# nvalues = 163                         
# units = specified
# name 0 = scan: Scan Count
# name 1 = prDM: Pressure, Digiquartz [db]
# name 2 = t090C: Temperature [ITS-90, deg C]
# name 3 = t190C: Temperature, 2 [ITS-90, deg C]
# name 4 = T2-T190C: Temperature Difference, 2 - 1 [ITS-90, deg C]
# name 5 = c0S/m: Conductivity [S/m]
# name 6 = c1S/m: Conductivity, 2 [S/m]
# name 7 = pumps: Pump Status
# name 8 = sbeox0ML/L: Oxygen, SBE 43 [ml/l]
# name 9 = sbeox1ML/L: Oxygen, SBE 43, 2 [ml/l]
# name 10 = altM: Altimeter [m]
# name 11 = flECO-AFL: Chl-a Fluorescence, WET Labs ECO-AFL/FL [mg/m^3]
# name 12 = flECO-AFL1: Phycocyanin Fluorescence, WET Labs ECO-AFL/FL, 2 [mg/m^3]
# name 13 = par: PAR/Irradiance, Biospherical/Lico [µE/(cm^2*s)]
# name 14 = turbWETntu0: Turbidity, WET Labs ECO [NTU]
# name 15 = sal00: Salinity, Practical [PSU]
# name 16 = sal11: Salinity, Practical, 2 [PSU]
# name 17 = secS-priS: Salinity, Practical, Difference, 2 - 1 [PSU]
# name 18 = sigma-t00: Density [sigma-t, Kg/m^3 ]
# name 19 = sigma-t11: Density, 2 [sigma-t, Kg/m^3 ]
# name 20 = depSM: Depth [salt water, m], lat = 55.5555
# name 21 = depFM: Depth [true depth, m], lat = 55.5555
# name 22 = dz/dtM: Descent Rate [m/s], WS = 2
# name 23 = svCM: Sound Velocity [Chen-Millero, m/s]
# name 24 = svCM1: Sound Velocity, 2 [Chen-Millero, m/s]
# name 25 = flag: flag
# span 0 =      22037,      26977       
# span 1 =      0.500,     81.500       
# span 2 =     4.5602,     7.7409       
# span 3 =     4.5608,     7.7421       
# span 4 =    -0.0286,     0.1121       
# span 5 =   0.857132,   1.218704       
# span 6 =   0.857117,   1.218627       
# span 7 =          1,          1       
# span 8 =    0.12657,    7.81512       
# span 9 =    1.98084,    7.63980       
# span 10 =       5.65,      97.80      
# span 11 =     0.2725,     1.0684      
# span 12 =     0.1774,     0.3955      
# span 13 = -6.319e-04, 4.8117e-01      
# span 14 =    -0.1171,     1.5796      
# span 15 =     7.4120,    11.0261      
# span 16 =     7.3903,    11.0251      
# span 17 =    -0.0217,     0.0353      
# span 18 =     5.6997,     8.6127      
# span 19 =     5.6832,     8.6119      
# span 20 =      0.495,     80.745      
# span 21 =      0.506,     82.490      
# span 22 =     -0.284,      0.954      
# span 23 =    1435.57,    1448.85      
# span 24 =    1435.56,    1448.85      
# span 25 = 0.0000e+00, 0.0000e+00      
# interval = decibars: 0.5              
# start_time = Dec 06 2018 03:34:42 [NMEA time, first data scan]
# bad_flag = -9.990e-29
*END*
      22037      0.500     7.7144     7.7165     0.0027    0.86544    0.86506          1     7.6779     5.7441      97.80     0.8767     0.3369  4.812e-01 -0.1171000     7.4126     7.4087    -0.0039     5.7012     5.6980      0.495      0.506     -0.284    1447.27    1447.26  0.000e+00
      22053      1.000     7.7205     7.7221     0.0015    0.86552    0.86320          1     7.6815     5.7218      97.10     0.9297     0.3306  2.071e-01  0.6271000     7.4120     7.3903    -0.0217     5.7004     5.6832      0.991      1.013      0.487    1447.30    1447.28  0.000e+00
      22069      1.500     7.7264     7.7238    -0.0025    0.86574    0.86570          1     7.6806     5.6826      97.46     0.9919     0.3350  1.365e-01  1.5796000     7.4128     7.4129     0.0002     5.7005     5.7008      1.486      1.519      0.768    1447.33    1447.32  0.000e+00
      22083      2.000     7.7356     7.7334    -0.0021    0.86601    0.86593          1     7.6796     5.6610      97.30     0.9919     0.3367  1.729e-02  0.6523000     7.4133     7.4129    -0.0003     5.7001     5.7000      1.982      2.026      0.599    1447.38    1447.37  0.000e+00
      22241      2.500     7.7353     7.7358     0.0004    0.86600    0.86598          1     7.6814     5.8742      32.54     0.9999     0.3280 -6.319e-04  0.1970000     7.4131     7.4129    -0.0003     5.7000     5.6998      2.477      2.532      0.240    1447.38    1447.39  0.000e+00
      22314      3.000     7.7409     7.7421     0.0014    0.86615    0.86615          1     7.6697     6.1998      95.77     0.9791     0.3661 -1.808e-08  0.2310000     7.4132     7.4130    -0.0003     5.6997     5.6994      2.973      3.038      0.486    1447.42    1447.42  0.000e+00
      22328      3.500     7.7101     7.7233     0.0130    0.86538    0.86567          1     7.6734     6.3113      97.25     0.9473     0.3197  1.000e-12  0.2314000     7.4126     7.4125    -0.0001     5.7016     5.7005      3.468      3.545      0.652    1447.30    1447.35  0.000e+00
      22348      4.000     7.7077     7.7098     0.0021    0.86532    0.86535          1     7.6688     6.4676      43.76     0.9398     0.3299  1.000e-12  0.2648000     7.4125     7.4123    -0.0002     5.7017     5.7014      3.964      4.051      0.525    1447.29    1447.30  0.000e+00
      22378      4.500     7.7069     7.7101     0.0033    0.86532    0.86537          1     7.6675     6.8564      54.17     1.0309     0.3238  1.000e-12  0.2388000     7.4126     7.4124    -0.0002     5.7019     5.7014      4.459      4.557      0.365    1447.30    1447.31  0.000e+00
      22409      5.000     7.7060     7.7100     0.0039    0.86531    0.86536          1     7.6719     7.2092      55.98     1.0062     0.3495  1.000e-12  0.2474000     7.4127     7.4123    -0.0004     5.7020     5.7014      4.955      5.064      0.501    1447.30    1447.32  0.000e+00
      22429      5.500     7.7198     7.7210     0.0014    0.86565    0.86566          1     7.6764     7.3503      93.11     0.9930     0.3383  1.000e-12  0.2600000     7.4129     7.4127    -0.0002     5.7010     5.7008      5.450      5.570      0.581    1447.37    1447.37  0.000e+00
      22450      6.000     7.7267     7.7255    -0.0012    0.86584    0.86578          1     7.6859     7.5547      95.48     1.0104     0.3173  1.000e-12  0.2608000     7.4131     7.4127    -0.0003     5.7006     5.7005      5.946      6.077      0.541    1447.40    1447.40  0.000e+00
      22474      6.500     7.7240     7.7268     0.0028    0.86578    0.86582          1     7.6877     7.6398      10.74     0.9673     0.3255  1.000e-12  0.2382000     7.4130     7.4128    -0.0003     5.7008     5.7004      6.441      6.583      0.495    1447.40    1447.41  0.000e+00
      22498      7.000     7.7280     7.7281     0.0001    0.86589    0.86586          1     7.6780     7.5521      52.49     1.0049     0.3389  1.000e-12  0.2305000     7.4131     7.4128    -0.0002     5.7006     5.7004      6.936      7.089      0.519    1447.42    1447.43  0.000e+00
      22520      7.500     7.7128     7.7153     0.0025    0.86553    0.86554          1     7.6788     7.4315      91.84     0.9957     0.3097  1.000e-12  0.2395000     7.4129     7.4125    -0.0004     5.7016     5.7011      7.432      7.596      0.548    1447.37    1447.38  0.000e+00
      22542      8.000     7.7011     7.7024     0.0012    0.86523    0.86522          1     7.6814     7.3109      88.11     0.9609     0.2792  1.000e-12  0.2357000     7.4126     7.4123    -0.0003     5.7023     5.7019      7.927      8.102      0.502    1447.33    1447.33  0.000e+00
      22570      8.500     7.7000     7.7014     0.0014    0.86521    0.86521          1     7.6782     7.0582      81.87     0.9241     0.3193  1.000e-12  0.2154000     7.4126     7.4123    -0.0003     5.7023     5.7020      8.423      8.608      0.395    1447.33    1447.34  0.000e+00
      22602      9.000     7.7001     7.7013     0.0012    0.86522    0.86522          1     7.6737     6.8752      94.12     0.9652     0.2696  1.000e-12  0.2307000     7.4126     7.4124    -0.0002     5.7024     5.7021      8.918      9.115      0.478    1447.34    1447.35  0.000e+00
      22622      9.500     7.6997     7.7010     0.0013    0.86522    0.86522          1     7.6750     6.7541      97.50     0.9539     0.2648  1.000e-12  0.2318000     7.4127     7.4124    -0.0003     5.7025     5.7021      9.414      9.621      0.723    1447.35    1447.35  0.000e+00
      22636     10.000     7.6992     7.7004     0.0012    0.86522    0.86521          1     7.6781     6.7636      36.43     0.9477     0.2868  1.000e-12  0.2282000     7.4127     7.4124    -0.0003     5.7025     5.7022      9.909     10.128      0.797    1447.36    1447.36  0.000e+00
      22651     10.500     7.6988     7.6998     0.0010    0.86521    0.86521          1     7.6812     6.7432      57.37     0.9523     0.2907  1.000e-12  0.2302000     7.4127     7.4124    -0.0003     5.7025     5.7022     10.405     10.634      0.695    1447.36    1447.36  0.000e+00
      22675     11.000     7.6982     7.6998     0.0016    0.86521    0.86522          1     7.6837     6.6036      91.32     0.9248     0.3121  1.000e-12  0.2248000     7.4127     7.4124    -0.0003     5.7026     5.7022     10.900     11.140      0.396    1447.37    1447.37  0.000e+00
      22718     11.500     7.6985     7.7007     0.0022    0.86523    0.86525          1     7.6801     6.4043      55.21     1.0292     0.3392  1.000e-12  0.2178000     7.4128     7.4125    -0.0003     5.7026     5.7022     11.395     11.647      0.361    1447.38    1447.38  0.000e+00
      22740     12.000     7.6999     7.7010     0.0011    0.86528    0.86527          1     7.6781     6.3532      79.02     0.9151     0.3135  1.000e-12  0.2127000     7.4128     7.4126    -0.0003     5.7026     5.7023     11.891     12.153      0.709    1447.39    1447.39  0.000e+00
      22754     12.500     7.7002     7.7014     0.0011    0.86530    0.86529          1     7.6791     6.3129      80.76     0.9386     0.3049  1.000e-12  0.2235000     7.4129     7.4126    -0.0004     5.7026     5.7022     12.386     12.660      0.833    1447.40    1447.40  0.000e+00
      22768     13.000     7.7012     7.7025     0.0012    0.86533    0.86533          1     7.6781     6.2940      89.93     0.9169     0.3195  1.000e-12  0.2221000     7.4129     7.4127    -0.0003     5.7025     5.7022     12.882     13.166      0.799    1447.41    1447.42  0.000e+00
      22785     13.500     7.7021     7.7031     0.0009    0.86537    0.86535          1     7.6790     6.2800      97.04     0.8857     0.3273  1.000e-12  0.2224000     7.4130     7.4127    -0.0004     5.7026     5.7022     13.377     13.672      0.592    1447.42    1447.43  0.000e+00
      22821     14.000     7.7016     7.7029     0.0013    0.86536    0.86536          1     7.6806     6.2192      65.97     0.9784     0.3457  1.000e-12  0.2163000     7.4130     7.4127    -0.0003     5.7026     5.7022     13.873     14.179      0.280    1447.43    1447.43  0.000e+00
      22861     14.500     7.7017     7.7032     0.0014    0.86537    0.86537          1     7.6723     6.1434      72.23     0.9457     0.2646  1.000e-12  0.2229000     7.4130     7.4127    -0.0003     5.7025     5.7022     14.368     14.685      0.569    1447.44    1447.44  0.000e+00
      22877     15.000     7.7027     7.7036     0.0009    0.86540    0.86539          1     7.6717     6.1040      75.29     0.9894     0.3224  1.000e-12  0.2293000     7.4130     7.4127    -0.0003     5.7025     5.7022     14.864     15.191      0.845    1447.45    1447.45  0.000e+00
      22889     15.500     7.7020     7.7033     0.0012    0.86538    0.86538          1     7.6749     6.0803      74.99     1.0004     0.3238  1.000e-12  0.2308000     7.4129     7.4127    -0.0003     5.7025     5.7022     15.359     15.698      0.945    1447.46    1447.46  0.000e+00
      22901     16.000     7.7023     7.7033     0.0010    0.86541    0.86539          1     7.6772     6.0748      77.82     0.9638     0.3610  1.000e-12  0.2352000     7.4130     7.4127    -0.0004     5.7025     5.7022     15.854     16.204      0.893    1447.46    1447.47  0.000e+00
      22916     16.500     7.7028     7.7037     0.0009    0.86542    0.86541          1     7.6785     6.0703      96.37     0.9501     0.3324  1.000e-12  0.2329000     7.4129     7.4127    -0.0002     5.7024     5.7022     16.350     16.711      0.647    1447.47    1447.48  0.000e+00
      22963     17.000     7.7025     7.7037     0.0011    0.86542    0.86542          1     7.6790     6.0106      61.35     0.9622     0.3102  1.000e-12  0.2129000     7.4130     7.4127    -0.0003     5.7025     5.7022     16.845     17.217      0.359    1447.48    1447.48  0.000e+00
      22996     17.500     7.7026     7.7037     0.0011    0.86542    0.86542          1     7.6774     5.9771      51.63     0.9471     0.3311  1.000e-12  0.2080000     7.4129     7.4126    -0.0003     5.7024     5.7021     17.341     17.723      0.787    1447.49    1447.49  0.000e+00
      23008     18.000     7.7036     7.7047     0.0011    0.86546    0.86545          1     7.6714     5.9665      77.03     0.9379     0.3232  1.000e-12  0.2222000     7.4130     7.4127    -0.0003     5.7024     5.7021     17.836     18.230      0.954    1447.50    1447.51  0.000e+00
      23020     18.500     7.7040     7.7049     0.0010    0.86548    0.86547          1     7.6697     5.9530      90.80     0.9385     0.3135  1.000e-12  0.2240000     7.4131     7.4127    -0.0004     5.7024     5.7021     18.332     18.736      0.946    1447.51    1447.51  0.000e+00
      23033     19.000     7.7024     7.7039     0.0015    0.86544    0.86544          1     7.6714     5.9353      97.40     0.9176     0.2876  1.000e-12  0.2242000     7.4129     7.4126    -0.0003     5.7024     5.7021     18.827     19.242      0.750    1447.51    1447.52  0.000e+00
      23066     19.500     7.7024     7.7034     0.0010    0.86545    0.86543          1     7.6734     5.9120      81.45     0.9372     0.3033  1.000e-12  0.2279000     7.4130     7.4126    -0.0003     5.7025     5.7021     19.322     19.749      0.357    1447.52    1447.52  0.000e+00
      23111     20.000     7.7024     7.7030     0.0007    0.86545    0.86543          1     7.6745     5.8783      40.91     0.9729     0.3231  1.000e-12  0.2212000     7.4129     7.4126    -0.0003     5.7024     5.7021     19.818     20.255      0.575    1447.53    1447.53  0.000e+00
      23125     20.500     7.7022     7.7032     0.0009    0.86544    0.86543          1     7.6800     5.8562      78.46     0.9676     0.3212  1.000e-12  0.2245000     7.4128     7.4125    -0.0003     5.7024     5.7021     20.313     20.762      0.802    1447.53    1447.54  0.000e+00
      23139     21.000     7.7022     7.7030     0.0009    0.86545    0.86543          1     7.6839     5.8417      72.05     0.9572     0.3204  1.000e-12  0.2285000     7.4129     7.4125    -0.0004     5.7024     5.7021     20.809     21.268      0.843    1447.54    1447.55  0.000e+00
      23153     21.500     7.7018     7.7027     0.0008    0.86545    0.86543          1     7.6840     5.8380      68.54     0.9631     0.3496  1.000e-12  0.2339000     7.4129     7.4125    -0.0004     5.7025     5.7021     21.304     21.774      0.741    1447.55    1447.55  0.000e+00
      23173     22.000     7.7010     7.7021     0.0011    0.86543    0.86542          1     7.6836     5.8408      83.22     0.9514     0.3778  1.000e-12  0.2321000     7.4128     7.4125    -0.0003     5.7025     5.7021     21.799     22.281      0.511    1447.55    1447.56  0.000e+00
      23207     22.500     7.7008     7.7020     0.0012    0.86544    0.86543          1     7.6785     5.8337      47.85     0.9654     0.3176  1.000e-12  0.2189000     7.4129     7.4125    -0.0003     5.7025     5.7022     22.295     22.787      0.331    1447.56    1447.57  0.000e+00
      23238     23.000     7.7020     7.7032     0.0012    0.86547    0.86546          1     7.6755     5.8163      26.32     1.0004     0.3087  1.000e-12  0.2222000     7.4129     7.4125    -0.0004     5.7024     5.7021     22.790     23.294      0.531    1447.58    1447.58  0.000e+00
      23257     23.500     7.7017     7.7031     0.0014    0.86546    0.86547          1     7.6780     5.7933      39.56     0.9286     0.3074  1.000e-12  0.2206000     7.4128     7.4126    -0.0002     5.7024     5.7021     23.286     23.800      0.697    1447.58    1447.59  0.000e+00
      23273     24.000     7.7027     7.7040     0.0013    0.86550    0.86550          1     7.6731     5.7801      65.88     0.8849     0.3200  1.000e-12  0.2183000     7.4128     7.4126    -0.0002     5.7023     5.7021     23.781     24.306      0.755    1447.59    1447.60  0.000e+00
      23288     24.500     7.7028     7.7037     0.0010    0.86550    0.86550          1     7.6696     5.7783      96.22     0.9354     0.3297  1.000e-12  0.2415000     7.4128     7.4126    -0.0002     5.7023     5.7020     24.277     24.813      0.686    1447.60    1447.60  0.000e+00
      23310     25.000     7.7026     7.7037     0.0012    0.86551    0.86551          1     7.6683     5.7764      78.31     0.9245     0.3292  1.000e-12  0.2342000     7.4129     7.4126    -0.0003     5.7024     5.7021     24.772     25.319      0.455    1447.61    1447.61  0.000e+00
      23348     25.500     7.7026     7.7040     0.0014    0.86552    0.86552          1     7.6735     5.7699      81.65     0.9595     0.3211  1.000e-12  0.2266000     7.4129     7.4126    -0.0003     5.7024     5.7020     25.267     25.825      0.326    1447.62    1447.62  0.000e+00
      23375     26.000     7.7025     7.7037     0.0013    0.86552    0.86552          1     7.6761     5.7539      35.53     1.0078     0.3504  1.000e-12  0.2407000     7.4128     7.4125    -0.0003     5.7024     5.7020     25.763     26.332      0.590    1447.62    1447.63  0.000e+00
      23393     26.500     7.7025     7.7034     0.0009    0.86552    0.86551          1     7.6744     5.7492      20.43     0.9759     0.3321  1.000e-12  0.2237000     7.4128     7.4125    -0.0003     5.7023     5.7021     26.258     26.838      0.698    1447.63    1447.64  0.000e+00
      23409     27.000     7.7025     7.7037     0.0012    0.86553    0.86553          1     7.6746     5.7498      37.33     0.9546     0.3182  1.000e-12  0.2239000     7.4128     7.4125    -0.0003     5.7024     5.7020     26.754     27.345      0.693    1447.64    1447.64  0.000e+00
      23427     27.500     7.7024     7.7036     0.0012    0.86553    0.86554          1     7.6767     5.7433      74.49     0.9441     0.3208  1.000e-12  0.2196000     7.4128     7.4126    -0.0002     5.7023     5.7020     27.249     27.851      0.599    1447.65    1447.65  0.000e+00
