ctdpy/exports/archive_20191120_135557/received_data/SBE09_0827_20181010_1732_26_01_1062.cnv
* Sea-Bird SBE 9 Data File:
* FileName = D:\CTD_SBE911\DAT\26DA.2018.10.62.hex
* Software Version Seasave V 7.21d
* Temperature SN = 4548
* Conductivity SN = 3062
* Number of Bytes Per Scan = 48
* Number of Voltage Words = 5
* Number of Scans Averaged by the Deck Unit = 1
* NMEA Latitude = 57 34.91 N
* NMEA Longitude = 019 29.93 E
* NMEA UTC (Time) = Oct 10 2018  17:35:07
* NMEA baud rate = 4800
** Ship: DANA
** Average sound velocity: 1446.01 m/s
** True-depth calculation Thu, 28 Mar 2019 12:24:53 +0000
** CTD Python Module SMHI /ver 3-12/ feb 2012 
** LIMS Job: 20182601-1062
** Operator: Christian A-KTh
** Cruise: 10/2018
# nquan = 26
# nvalues = 194                         
# units = specified
# name 0 = scan: Scan Count
# name 1 = prDM: Pressure, Digiquartz [db]
# name 2 = t090C: Temperature [ITS-90, deg C]
# name 3 = t190C: Temperature, 2 [ITS-90, deg C]
# name 4 = T2-T190C: Temperature Difference, 2 - 1 [ITS-90, deg C]
# name 5 = c0S/m: Conductivity [S/m]
# name 6 = c1S/m: Conductivity, 2 [S/m]
# name 7 = pumps: Pump Status
# name 8 = sbeox1ML/L: Oxygen, SBE 43, 2 [ml/l]
# name 9 = sbeox0ML/L: Oxygen, SBE 43 [ml/l]
# name 10 = altM: Altimeter [m]
# name 11 = chloroflTC0: Chlorophyll, Turner Cyclops [ug/l]
# name 12 = cpar: CPAR/Corrected Irradiance [%]
# name 13 = par: PAR/Irradiance, Biospherical/Lico [µE/(cm^2*s)]
# name 14 = spar: SPAR, Biospherical/Licor
# name 15 = sal00: Salinity, Practical [PSU]
# name 16 = sal11: Salinity, Practical, 2 [PSU]
# name 17 = secS-priS: Salinity, Practical, Difference, 2 - 1 [PSU]
# name 18 = sigma-t00: Density [sigma-t, kg/m^3 ]
# name 19 = sigma-t11: Density, 2 [sigma-t, kg/m^3 ]
# name 20 = depSM: Depth [salt water, m], lat = 57.5818
# name 21 = depFM: Depth [true depth, m], lat = 57.5818
# name 22 = dz/dtM: Descent Rate [m/s], WS = 2
# name 23 = svCM: Sound Velocity [Chen-Millero, m/s]
# name 24 = svCM1: Sound Velocity, 2 [Chen-Millero, m/s]
# name 25 = flag: flag
# span 0 =         80,      11874       
# span 1 =      1.500,     98.000       
# span 2 =     3.5613,    12.0049       
# span 3 =     3.5705,    12.0021       
# span 4 =    -0.1753,     1.0061       
# span 5 =   0.764199,   1.217155       
# span 6 =   0.765068,   1.217178       
# span 7 =          1,          1       
# span 8 =     0.0414,     7.9224       
# span 9 =     0.0444,     7.4556       
# span 10 =       0.91,       9.97      
# span 11 =     0.0159,     0.0347      
# span 12 = 4.9241e-11, 4.9241e-11      
# span 13 = 1.0000e-12, 1.0000e-12      
# span 14 = 2.0308e+00, 2.0308e+00      
# span 15 =     6.7578,    11.1637      
# span 16 =     6.7579,    11.1635      
# span 17 =    -0.2728,     0.0040      
# span 18 =     4.7431,     8.7550      
# span 19 =     4.7436,     8.7548      
# span 20 =      1.486,     97.072      
# span 21 =      1.521,     99.189      
# span 22 =     -0.233,      0.529      
# span 23 =    1430.07,    1463.32      
# span 24 =    1430.12,    1463.32      
# span 25 = 0.0000e+00, 0.0000e+00      
# interval = decibars: 0.5              
# start_time = Oct 10 2018 17:35:08 [NMEA time, first data scan]
# bad_flag = -9.990e-29
*END*
[from data line 56]
       2994     29.500    11.1105    11.1187     0.0082    0.88631    0.88637          1     7.0776     6.7057       9.97     0.0223  4.924e-11  1.000e-12  2.031e+00     6.9161     6.9151    -0.0010     4.9777     4.9760     29.226     29.903      0.234    1460.54    1460.57  0.000e+00
       3039     30.000    10.9279    11.0385     0.1106    0.88280    0.88494          1     7.0821     6.6823       9.97     0.0223  4.924e-11  1.000e-12  2.031e+00     6.9208     6.9181    -0.0027     5.0030     4.9878     29.721     30.410      0.276    1459.86    1460.28  0.000e+00
       3088     30.500    10.7935    10.8899     0.0963    0.88051    0.88235          1     7.1207     6.7000       9.97     0.0220  4.924e-11  1.000e-12  2.031e+00     6.9266     6.9240    -0.0025     5.0233     5.0101     30.216     30.917      0.223    1459.36    1459.73  0.000e+00
       3137     31.000    10.7359    10.8305     0.0945    0.87941    0.88125          1     7.1078     6.7330       9.97     0.0217  4.924e-11  1.000e-12  2.031e+00     6.9280     6.9259    -0.0022     5.0311     5.0184     30.711     31.423      0.301    1459.15    1459.51  0.000e+00
       3176     31.500    10.5667    10.6896     0.1230    0.87652    0.87885          1     7.1266     6.7275       9.97     0.0218  4.924e-11  1.000e-12  2.031e+00     6.9354     6.9320    -0.0034     5.0561     5.0395     31.207     31.930      0.268    1458.52    1458.99  0.000e+00
       3232     32.000    10.3461    10.4848     0.1389    0.87324    0.87558          1     7.1716     6.8027       9.97     0.0228  4.924e-11  1.000e-12  2.031e+00     6.9493     6.9429    -0.0063     5.0916     5.0712     31.702     32.437      0.232    1457.70    1458.22  0.000e+00
       3277     32.500    10.1775    10.3226     0.1449    0.87069    0.87322          1     7.0964     6.9927       9.97     0.0220  4.924e-11  1.000e-12  2.031e+00     6.9594     6.9535    -0.0060     5.1179     5.0975     32.197     32.943      0.260    1457.06    1457.62  0.000e+00
       3331     33.000     9.2406    10.0485     0.8082    0.85608    0.86909          1     7.0380     7.1910       9.97     0.0219  4.924e-11  1.000e-12  2.031e+00     7.0136     6.9704    -0.0432     5.2550     5.1402     32.693     33.450      0.222    1453.45    1456.58  0.000e+00
       3376     33.500     7.5807     8.5880     1.0061    0.82946    0.84744          1     7.0844     7.0413       9.97     0.0198  4.924e-11  1.000e-12  2.031e+00     7.1054     7.0656    -0.0398     5.4682     5.3556     33.188     33.957      0.293    1446.84    1450.91  0.000e+00
       3419     34.000     6.3033     7.1296     0.8266    0.80818    0.82405          1     7.1617     7.1518       9.97     0.0173  4.924e-11  1.000e-12  2.031e+00     7.1704     7.1477    -0.0228     5.6056     5.5354     33.683     34.463      0.254    1441.58    1445.04  0.000e+00
       3470     34.500     5.4690     6.1289     0.6599    0.79309    0.80667          1     7.3226     7.1850       9.97     0.0171  4.924e-11  1.000e-12  2.031e+00     7.2022     7.1928    -0.0094     5.6743     5.6334     34.179     34.969      0.239    1438.04    1440.87  0.000e+00
       3514     35.000     4.9672     5.4457     0.4786    0.78389    0.79441          1     7.4014     7.1367       9.97     0.0165  4.924e-11  1.000e-12  2.031e+00     7.2199     7.2199     0.0000     5.7092     5.6892     34.674     35.476      0.301    1435.88    1437.97  0.000e+00
       3558     35.500     4.3093     4.7202     0.4113    0.77069    0.78008          1     7.5362     7.1398       9.97     0.0164  4.924e-11  1.000e-12  2.031e+00     7.2318     7.2358     0.0040     5.7409     5.7308     35.169     35.982      0.223    1432.98    1434.81  0.000e+00
       3621     36.000     4.0647     4.3164     0.2514    0.76766    0.77307          1     7.6529     7.2478       9.97     0.0160  4.924e-11  1.000e-12  2.031e+00     7.2551     7.2542    -0.0009     5.7660     5.7585     35.665     36.489      0.244    1431.92    1433.05  0.000e+00
       3662     36.500     3.9478     4.0815     0.1337    0.76656    0.76944          1     7.6740     7.2417       9.97     0.0160  4.924e-11  1.000e-12  2.031e+00     7.2698     7.2694    -0.0004     5.7805     5.7769     36.160     36.995      0.282    1431.42    1432.02  0.000e+00
       3709     37.000     3.8173     3.9379     0.1206    0.76536    0.76768          1     7.7259     7.2801       9.97     0.0162  4.924e-11  1.000e-12  2.031e+00     7.2866     7.2834    -0.0032     5.7967     5.7915     36.655     37.501      0.249    1430.86    1431.40  0.000e+00
       3751     37.500     3.7705     3.8578     0.0873    0.76525    0.76700          1     7.7265     7.2947       9.97     0.0159  4.924e-11  1.000e-12  2.031e+00     7.2959     7.2942    -0.0017     5.8051     5.8019     37.150     38.008      0.325    1430.67    1431.06  0.000e+00
       3792     38.000     3.6952     3.7723     0.0771    0.76420    0.76596          1     7.6987     7.2784       9.97     0.0159  4.924e-11  1.000e-12  2.031e+00     7.3020     7.3028     0.0008     5.8115     5.8105     37.646     38.514      0.228    1430.35    1430.70  0.000e+00
       3857     38.500     3.6452     3.6870     0.0418    0.76444    0.76507          1     7.7203     7.2646       9.97     0.0159  4.924e-11  1.000e-12  2.031e+00     7.3157     7.3127    -0.0030     5.8233     5.8202     38.141     39.020      0.291    1430.15    1430.33  0.000e+00
       3892     39.000     3.6741     3.6850     0.0110    0.76579    0.76583          1     7.7583     7.2750       9.97     0.0159  4.924e-11  1.000e-12  2.031e+00     7.3228     7.3208    -0.0020     5.8285     5.8267     38.636     39.527      0.289    1430.29    1430.34  0.000e+00
       3950     39.500     3.6910     3.6995     0.0083    0.76696    0.76694          1     7.7889     7.3044       9.97     0.0159  4.924e-11  1.000e-12  2.031e+00     7.3311     7.3289    -0.0022     5.8347     5.8328     39.132     40.033      0.221    1430.39    1430.42  0.000e+00
       3998     40.000     3.6864     3.6976     0.0111    0.76773    0.76763          1     7.8092     7.3269       9.97     0.0159  4.924e-11  1.000e-12  2.031e+00     7.3399     7.3364    -0.0035     5.8418     5.8388     39.627     40.539      0.312    1430.39    1430.43  0.000e+00
       4037     40.500     3.6880     3.6974     0.0094    0.76835    0.76836          1     7.8213     7.3431       9.97     0.0159  4.924e-11  1.000e-12  2.031e+00     7.3459     7.3438    -0.0020     5.8465     5.8447     40.122     41.046      0.274    1430.41    1430.45  0.000e+00
       4088     41.000     3.6708     3.6889     0.0181    0.76859    0.76882          1     7.8392     7.3557       9.97     0.0160  4.924e-11  1.000e-12  2.031e+00     7.3521     7.3504    -0.0017     5.8519     5.8501     40.617     41.552      0.232    1430.35    1430.43  0.000e+00
       4133     41.500     3.6929     3.6884    -0.0045    0.77002    0.76944          1     7.8691     7.3709       9.97     0.0159  4.924e-11  1.000e-12  2.031e+00     7.3618     7.3568    -0.0049     5.8591     5.8553     41.113     42.058      0.275    1430.47    1430.44  0.000e+00
       4182     42.000     3.7033     3.7051     0.0018    0.77080    0.77051          1     7.8799     7.3964       9.97     0.0159  4.924e-11  1.000e-12  2.031e+00     7.3673     7.3639    -0.0033     5.8633     5.8606     41.608     42.564      0.212    1430.53    1430.53  0.000e+00
       4242     42.500     3.7057     3.7071     0.0014    0.77154    0.77108          1     7.8888     7.4115       9.97     0.0159  4.924e-11  1.000e-12  2.031e+00     7.3743     7.3692    -0.0051     5.8688     5.8648     42.103     43.071      0.236    1430.56    1430.56  0.000e+00
       4282     43.000     3.7119     3.7122     0.0003    0.77210    0.77182          1     7.8876     7.4214       9.97     0.0159  4.924e-11  1.000e-12  2.031e+00     7.3786     7.3757    -0.0030     5.8722     5.8698     42.599     43.577      0.349    1430.60    1430.60  0.000e+00
       4319     43.500     3.7164     3.7197     0.0034    0.77256    0.77243          1     7.8787     7.4267       9.97     0.0159  4.924e-11  1.000e-12  2.031e+00     7.3822     7.3801    -0.0021     5.8749     5.8732     43.094     44.083      0.251    1430.63    1430.65  0.000e+00
       4388     44.000     3.7163     3.7186     0.0023    0.77266    0.77270          1     7.8840     7.4300       9.97     0.0160  4.924e-11  1.000e-12  2.031e+00     7.3832     7.3831    -0.0001     5.8757     5.8756     43.589     44.590      0.267    1430.64    1430.65  0.000e+00
       4424     44.500     3.7213     3.7232     0.0019    0.77297    0.77293          1     7.8714     7.4355       9.97     0.0159  4.924e-11  1.000e-12  2.031e+00     7.3851     7.3844    -0.0008     5.8771     5.8765     44.084     45.096      0.326    1430.67    1430.68  0.000e+00
       4473     45.000     3.7093     3.7197     0.0104    0.77290    0.77309          1     7.8943     7.4304       9.97     0.0159  4.924e-11  1.000e-12  2.031e+00     7.3871     7.3867    -0.0005     5.8790     5.8784     44.580     45.602      0.211    1430.63    1430.68  0.000e+00
       4534     45.500     3.6925     3.7055     0.0130    0.77266    0.77289          1     7.9224     7.4454       9.97     0.0159  4.924e-11  1.000e-12  2.031e+00     7.3884     7.3878    -0.0006     5.8803     5.8796     45.075     46.108      0.307    1430.56    1430.62  0.000e+00
       4571     46.000     3.6961     3.6971     0.0010    0.77327    0.77308          1     7.9003     7.4556       9.97     0.0159  4.924e-11  1.000e-12  2.031e+00     7.3938     7.3916    -0.0022     5.8846     5.8828     45.570     46.615      0.259    1430.60    1430.60  0.000e+00
       4634     46.500     3.6859     3.7005     0.0147    0.77363    0.77363          1     7.8707     7.4279       9.97     0.0159  4.924e-11  1.000e-12  2.031e+00     7.3997     7.3964    -0.0033     5.8894     5.8865     46.066     47.121      0.256    1430.56    1430.63  0.000e+00
       4673     47.000     3.6657     3.6806     0.0149    0.77358    0.77367          1     7.8878     7.4262       9.97     0.0159  4.924e-11  1.000e-12  2.031e+00     7.4037     7.4013    -0.0024     5.8930     5.8908     46.561     47.627      0.313    1430.49    1430.55  0.000e+00
       4721     47.500     3.6481     3.6595     0.0115    0.77346    0.77363          1     7.9018     7.4423       9.97     0.0159  4.924e-11  1.000e-12  2.031e+00     7.4065     7.4056    -0.0009     5.8956     5.8947     47.056     48.134      0.210    1430.42    1430.47  0.000e+00
       4778     48.000     3.6283     3.6482     0.0199    0.77335    0.77354          1     7.9062     7.4533       9.97     0.0159  4.924e-11  1.000e-12  2.031e+00     7.4098     7.4072    -0.0025     5.8985     5.8962     47.551     48.640      0.242    1430.34    1430.43  0.000e+00
       4823     48.500     3.6096     3.6272     0.0176    0.77324    0.77342          1     7.8755     7.4532       9.97     0.0159  4.924e-11  1.000e-12  2.031e+00     7.4128     7.4107    -0.0021     5.9013     5.8993     48.047     49.146      0.267    1430.27    1430.34  0.000e+00
       4875     49.000     3.5949     3.6102     0.0153    0.77319    0.77338          1     7.8345     7.4327       9.97     0.0159  4.924e-11  1.000e-12  2.031e+00     7.4156     7.4140    -0.0016     5.9038     5.9023     48.542     49.652      0.212    1430.21    1430.28  0.000e+00
       4926     49.500     3.5613     3.5897     0.0284    0.77287    0.77322          1     7.7956     7.3840       9.97     0.0159  4.924e-11  1.000e-12  2.031e+00     7.4200     7.4170    -0.0030     5.9079     5.9051     49.037     50.159      0.283    1430.07    1430.20  0.000e+00
       4968     50.000     3.5790     3.5705    -0.0084    0.77383    0.77325          1     7.7710     7.3684       9.97     0.0159  4.924e-11  1.000e-12  2.031e+00     7.4257     7.4216    -0.0041     5.9122     5.9091     49.532     50.665      0.253    1430.17    1430.12  0.000e+00
       5021     50.500     3.6414     3.6238    -0.0176    0.77612    0.77520          1     7.6533     7.3117       9.97     0.0159  4.924e-11  1.000e-12  2.031e+00     7.4349     7.4295    -0.0054     5.9183     5.9143     50.028     51.171      0.224    1430.47    1430.38  0.000e+00
       5070     51.000     3.5980     3.6200     0.0219    0.77563    0.77553          1     7.6146     7.2507       9.97     0.0159  4.924e-11  1.000e-12  2.031e+00     7.4398     7.4338    -0.0060     5.9230     5.9178     50.523     51.678      0.263    1430.29    1430.38  0.000e+00
       5117     51.500     3.6232     3.6130    -0.0101    0.77690    0.77615          1     7.5562     7.2124       9.97     0.0159  4.924e-11  1.000e-12  2.031e+00     7.4470     7.4416    -0.0054     5.9283     5.9242     51.018     52.184      0.255    1430.42    1430.37  0.000e+00
       5165     52.000     3.6128     3.6156     0.0028    0.77687    0.77675          1     7.5279     7.1395       9.97     0.0159  4.924e-11  1.000e-12  2.031e+00     7.4490     7.4471    -0.0019     5.9301     5.9285     51.513     52.690      0.216    1430.38    1430.39  0.000e+00
       5224     52.500     3.6355     3.6206    -0.0150    0.77772    0.77707          1     7.5175     7.0812       9.97     0.0159  4.924e-11  1.000e-12  2.031e+00     7.4524     7.4492    -0.0033     5.9324     5.9301     52.009     53.196      0.276    1430.50    1430.42  0.000e+00
       5258     53.000     3.6764     3.6538    -0.0227    0.77939    0.77824          1     7.4932     7.0768       9.97     0.0159  4.924e-11  1.000e-12  2.031e+00     7.4602     7.4535    -0.0067     5.9378     5.9329     52.504     53.703      0.358    1430.70    1430.59  0.000e+00
       5299     53.500     3.7603     3.7034    -0.0568    0.78286    0.78047          1     7.3847     7.0434       9.97     0.0159  4.924e-11  1.000e-12  2.031e+00     7.4765     7.4651    -0.0114     5.9490     5.9411     52.999     54.209      0.213    1431.11    1430.84  0.000e+00
       5369     54.000     3.7868     3.7602    -0.0265    0.78406    0.78276          1     7.3295     6.9223       9.97     0.0159  4.924e-11  1.000e-12  2.031e+00     7.4827     7.4755    -0.0072     5.9534     5.9482     53.494     54.715      0.268    1431.25    1431.12  0.000e+00
       5406     54.500     3.8650     3.8262    -0.0388    0.78678    0.78520          1     7.2546     6.9077       9.97     0.0159  4.924e-11  1.000e-12  2.031e+00     7.4925     7.4853    -0.0072     5.9594     5.9545     53.990     55.221      0.315    1431.62    1431.44  0.000e+00
       5455     55.000     3.8999     3.8776    -0.0223    0.78834    0.78729          1     7.1838     6.8344       9.97     0.0159  4.924e-11  1.000e-12  2.031e+00     7.5003     7.4948    -0.0056     5.9649     5.9609     54.485     55.728      0.204    1431.80    1431.69  0.000e+00
       5513     55.500     3.9110     3.8975    -0.0135    0.78923    0.78822          1     7.1441     6.7685       9.97     0.0159  4.924e-11  1.000e-12  2.031e+00     7.5068     7.4997    -0.0071     5.9697     5.9644     54.980     56.234      0.286    1431.86    1431.79  0.000e+00
       5553     56.000     3.9263     3.9172    -0.0092    0.79024    0.78960          1     7.1153     6.7485       9.97     0.0161  4.924e-11  1.000e-12  2.031e+00     7.5136     7.5092    -0.0044     5.9748     5.9715     55.475     56.740      0.244    1431.95    1431.90  0.000e+00
       5613     56.500     3.9360     3.9289    -0.0072    0.79068    0.79026          1     7.0862     6.7049       9.97     0.0159  4.924e-11  1.000e-12  2.031e+00     7.5158     7.5131    -0.0027     5.9763     5.9743     55.971     57.246      0.241    1432.00    1431.97  0.000e+00
