ctdpy/exports/archive_20191120_135557/received_data/SBE09_1044_20180419_1943_34_07_0022.cnv
* Sea-Bird SBE 9 Data File:
* FileName = C:\ctd\temp\2018\AU18D022.hex
* Software Version Seasave V 7.26.6.26
* Temperature SN = 5351
* Conductivity SN = 3941
* Number of Bytes Per Scan = 41
* Number of Voltage Words = 4
* Number of Scans Averaged by the Deck Unit = 1
* NMEA Latitude = 57 07.02 N
* NMEA Longitude = 017 40.11 E
* NMEA UTC (Time) = Apr 19 2018  19:43:58
* NMEA baud rate = 4800
** Station:  BY38
** Operator:  A-KTh
** Ship: AURA
** Average sound velocity: 1432.18 m/s
** True-depth calculation Thu, 19 Apr 2018 20:40:24 +0000
** CTD Python Module SMHI /ver 3-12/ feb 2012 
** LIMS Job: 20183407-0022
** Cruise: SMHI-01-2018
** Latitude [GG MM.mm N] :
** Longitude [GG MM.mm E]:
# nquan = 26
# nvalues = 208                         
# units = specified
# name 0 = scan: Scan Count
# name 1 = prDM: Pressure, Digiquartz [db]
# name 2 = t090C: Temperature [ITS-90, deg C]
# name 3 = t190C: Temperature, 2 [ITS-90, deg C]
# name 4 = T2-T190C: Temperature Difference, 2 - 1 [ITS-90, deg C]
# name 5 = c0S/m: Conductivity [S/m]
# name 6 = c1S/m: Conductivity, 2 [S/m]
# name 7 = pumps: Pump Status
# name 8 = sbeox0ML/L: Oxygen, SBE 43 [ml/l]
# name 9 = sbeox1ML/L: Oxygen, SBE 43, 2 [ml/l]
# name 10 = altM: Altimeter [m]
# name 11 = flECO-AFL: Chl-a Fluorescence, WET Labs ECO-AFL/FL [mg/m^3]
# name 12 = flECO-AFL1: Phycocyanin Fluorescence, WET Labs ECO-AFL/FL, 2 [mg/m^3]
# name 13 = par: PAR/Irradiance, Biospherical/Lico [µE/(cm^2*s)]
# name 14 = turbWETntu0: Turbidity, WET Labs ECO [NTU]
# name 15 = sal00: Salinity, Practical [PSU]
# name 16 = sal11: Salinity, Practical, 2 [PSU]
# name 17 = secS-priS: Salinity, Practical, Difference, 2 - 1 [PSU]
# name 18 = sigma-t00: Density [sigma-t, Kg/m^3 ]
# name 19 = sigma-t11: Density, 2 [sigma-t, Kg/m^3 ]
# name 20 = depSM: Depth [salt water, m], lat = 57.117
# name 21 = depFM: Depth [true depth, m], lat = 57.117
# name 22 = dz/dtM: Descent Rate [m/s], WS = 2
# name 23 = svCM: Sound Velocity [Chen-Millero, m/s]
# name 24 = svCM1: Sound Velocity, 2 [Chen-Millero, m/s]
# name 25 = flag: flag
# span 0 =       8383,      13591       
# span 1 =      0.500,    104.000       
# span 2 =     2.4621,     5.6168       
# span 3 =     2.4633,     5.6175       
# span 4 =    -0.0280,     0.0706       
# span 5 =   0.739055,   1.111169       
# span 6 =   0.739052,   1.111166       
# span 7 =          1,          1       
# span 8 =    0.06256,   10.21902       
# span 9 =    0.05607,   10.02904       
# span 10 =       2.37,      98.68      
# span 11 =     0.2906,     4.3729      
# span 12 =     0.1791,     0.7766      
# span 13 = -4.462e-06, 4.1147e+00      
# span 14 =     0.1294,     2.5454      
# span 15 =     7.2032,    10.2983      
# span 16 =     7.2023,    10.2980      
# span 17 =    -0.0055,     0.0007      
# span 18 =     5.7241,     8.1108      
# span 19 =     5.7229,     8.1106      
# span 20 =      0.495,    103.018      
# span 21 =      0.506,    105.243      
# span 22 =     -0.245,      0.604      
# span 23 =    1425.06,    1443.70      
# span 24 =    1425.07,    1443.70      
# span 25 = 0.0000e+00, 0.0000e+00      
# interval = decibars: 0.5              
# start_time = Apr 19 2018 19:43:58 [NMEA time, first data scan]
# bad_flag = -9.990e-29
*END*
[from data line 56]
       9784     28.500     2.6934     2.6957     0.0023    0.74031    0.74030          1     9.0339     8.8855      94.02     0.8061     0.3171  1.000e-12  0.1785000     7.2814     7.2808    -0.0006     5.8070     5.8065     28.236     28.862      0.543    1425.57    1425.58  0.000e+00
       9805     29.000     2.6913     2.6914     0.0000    0.74034    0.74028          1     9.0326     8.8694      97.38     0.5789     0.3035  1.000e-12  0.1491000     7.2821     7.2815    -0.0006     5.8075     5.8071     28.731     29.368      0.567    1425.57    1425.57  0.000e+00
       9826     29.500     2.6928     2.6934     0.0006    0.74041    0.74038          1     9.0414     8.8582      97.46     0.5777     0.2677  1.000e-12  0.1484000     7.2824     7.2820    -0.0004     5.8078     5.8075     29.227     29.874      0.578    1425.59    1425.59  0.000e+00
       9847     30.000     2.6947     2.6959     0.0012    0.74055    0.74053          1     9.0492     8.8516      97.97     0.5515     0.2233  1.000e-12  0.1488000     7.2834     7.2829    -0.0005     5.8086     5.8082     29.722     30.381      0.565    1425.60    1425.61  0.000e+00
       9869     30.500     2.7045     2.7033    -0.0012    0.74091    0.74085          1     9.0490     8.8464      85.57     0.5314     0.2259  1.000e-12  0.1459000     7.2849     7.2846    -0.0004     5.8098     5.8095     30.217     30.887      0.526    1425.66    1425.65  0.000e+00
       9892     31.000     2.7092     2.7124     0.0031    0.74127    0.74128          1     9.0545     8.8693      80.54     0.5189     0.2516  1.000e-12  0.1450000     7.2875     7.2870    -0.0005     5.8118     5.8114     30.713     31.393      0.504    1425.69    1425.71  0.000e+00
       9916     31.500     2.6759     2.6783     0.0025    0.74069    0.74070          1     9.0687     8.8903      80.04     0.4829     0.2541  1.000e-12  0.1485000     7.2890     7.2885    -0.0005     5.8131     5.8127     31.208     31.900      0.527    1425.55    1425.56  0.000e+00
       9938     32.000     2.6603     2.6623     0.0021    0.74044    0.74043          1     9.0703     8.9002      79.66     0.4380     0.2306  1.000e-12  0.1478000     7.2898     7.2893    -0.0005     5.8138     5.8134     31.703     32.406      0.557    1425.48    1425.49  0.000e+00
       9959     32.500     2.6520     2.6536     0.0016    0.74031    0.74030          1     9.0664     8.8985      92.71     0.4237     0.2220  1.000e-12  0.1294000     7.2903     7.2898    -0.0005     5.8142     5.8138     32.199     32.912      0.553    1425.45    1425.46  0.000e+00
       9981     33.000     2.6466     2.6481     0.0015    0.74025    0.74022          1     9.0585     8.8797      98.64     0.4069     0.2218  1.000e-12  0.1366000     7.2908     7.2902    -0.0006     5.8146     5.8141     32.694     33.419      0.527    1425.44    1425.44  0.000e+00
      10005     33.500     2.6392     2.6411     0.0019    0.74015    0.74014          1     9.0526     8.8641      98.68     0.4191     0.2286  1.000e-12  0.1377000     7.2913     7.2908    -0.0005     5.8151     5.8147     33.189     33.925      0.510    1425.41    1425.42  0.000e+00
      10028     34.000     2.6246     2.6268     0.0022    0.73994    0.73992          1     9.0471     8.8558      98.68     0.4243     0.2563  1.000e-12  0.1465000     7.2924     7.2917    -0.0006     5.8160     5.8155     33.685     34.431      0.523    1425.35    1425.36  0.000e+00
      10051     34.500     2.6181     2.6197     0.0016    0.73985    0.73984          1     9.0452     8.8519      98.68     0.4201     0.2543  1.000e-12  0.1383000     7.2929     7.2925    -0.0004     5.8164     5.8161     34.180     34.938      0.544    1425.33    1425.34  0.000e+00
      10072     35.000     2.6153     2.6166     0.0012    0.73983    0.73982          1     9.0384     8.8627      98.68     0.4091     0.2379  1.000e-12  0.1363000     7.2932     7.2928    -0.0004     5.8167     5.8164     34.675     35.444      0.550    1425.33    1425.33  0.000e+00
      10094     35.500     2.6145     2.6158     0.0013    0.73987    0.73986          1     9.0298     8.8739      76.50     0.4063     0.2656  1.000e-12  0.1404000     7.2938     7.2934    -0.0004     5.8172     5.8168     35.171     35.950      0.538    1425.33    1425.34  0.000e+00
      10117     36.000     2.6039     2.6063     0.0024    0.73977    0.73975          1     9.0318     8.8773      75.33     0.4042     0.2895  1.000e-12  0.1330000     7.2951     7.2944    -0.0007     5.8182     5.8176     35.666     36.457      0.525    1425.29    1425.30  0.000e+00
      10140     36.500     2.5930     2.5944     0.0015    0.73971    0.73969          1     9.0383     8.8559      74.83     0.4041     0.2506  1.000e-12  0.1483000     7.2968     7.2963    -0.0005     5.8197     5.8192     36.161     36.963      0.518    1425.25    1425.26  0.000e+00
      10163     37.000     2.5960     2.5978     0.0019    0.73987    0.73986          1     9.0443     8.8384      74.30     0.3903     0.2664  1.000e-12  0.1492000     7.2978     7.2973    -0.0005     5.8204     5.8200     36.657     37.469      0.525    1425.28    1425.28  0.000e+00
      10186     37.500     2.5982     2.6015     0.0033    0.73995    0.73998          1     9.0494     8.8417      73.76     0.4030     0.2726  1.000e-12  0.1439000     7.2981     7.2976    -0.0004     5.8206     5.8203     37.152     37.976      0.540    1425.29    1425.31  0.000e+00
      10208     38.000     2.6009     2.6019     0.0009    0.74005    0.74002          1     9.0532     8.8666      73.21     0.3957     0.2537  1.000e-12  0.1473000     7.2984     7.2979    -0.0005     5.8209     5.8205     37.647     38.482      0.548    1425.31    1425.32  0.000e+00
      10230     38.500     2.5987     2.6003     0.0015    0.74009    0.74008          1     9.0513     8.8821      72.77     0.4163     0.2355  1.000e-12  0.1483000     7.2993     7.2988    -0.0004     5.8216     5.8212     38.142     38.988      0.538    1425.31    1425.32  0.000e+00
      10252     39.000     2.5920     2.5934     0.0013    0.74008    0.74006          1     9.0476     8.8883      90.38     0.4324     0.2526  1.000e-12  0.1424000     7.3007     7.3002    -0.0005     5.8227     5.8223     38.638     39.495      0.521    1425.29    1425.30  0.000e+00
      10276     39.500     2.5816     2.5839     0.0023    0.73995    0.73995          1     9.0509     8.8920      85.46     0.4393     0.2878  1.000e-12  0.1389000     7.3016     7.3011    -0.0005     5.8235     5.8231     39.133     40.001      0.516    1425.25    1425.26  0.000e+00
      10299     40.000     2.5757     2.5769     0.0013    0.73988    0.73986          1     9.0497     8.8973      70.92     0.4378     0.1791  1.000e-12  0.1429000     7.3022     7.3017    -0.0005     5.8240     5.8236     39.628     40.507      0.527    1425.23    1425.24  0.000e+00
      10321     40.500     2.5725     2.5743     0.0018    0.73990    0.73989          1     9.0336     8.8781      70.56     0.4104     0.2709  1.000e-12  0.1418000     7.3030     7.3025    -0.0005     5.8246     5.8243     40.124     41.014      0.538    1425.23    1425.23  0.000e+00
      10343     41.000     2.5644     2.5663     0.0018    0.73977    0.73976          1     9.0284     8.8597      70.06     0.3926     0.2585  1.000e-12  0.1371000     7.3034     7.3029    -0.0005     5.8250     5.8245     40.619     41.520      0.541    1425.20    1425.21  0.000e+00
      10365     41.500     2.5509     2.5528     0.0018    0.73949    0.73948          1     9.0394     8.8707      69.54     0.3913     0.2511  1.000e-12  0.1437000     7.3035     7.3030    -0.0005     5.8250     5.8247     41.114     42.026      0.540    1425.14    1425.15  0.000e+00
      10388     42.000     2.5503     2.5519     0.0016    0.73950    0.73950          1     9.0426     8.8705      69.00     0.3725     0.2462  1.000e-12  0.1429000     7.3037     7.3032    -0.0004     5.8252     5.8249     41.610     42.533      0.528    1425.15    1425.15  0.000e+00
      10411     42.500     2.5456     2.5486     0.0029    0.73944    0.73945          1     9.0473     8.8715      68.51     0.3598     0.2157  1.000e-12  0.1375000     7.3040     7.3034    -0.0005     5.8255     5.8250     42.105     43.039      0.504    1425.13    1425.15  0.000e+00
      10435     43.000     2.5277     2.5295     0.0018    0.73906    0.73905          1     9.0505     8.8712      68.02     0.3883     0.2458  1.000e-12  0.1408000     7.3040     7.3035    -0.0005     5.8255     5.8251     42.600     43.545      0.491    1425.06    1425.07  0.000e+00
      10460     43.500     2.5276     2.5290     0.0014    0.73910    0.73910          1     9.0502     8.8701      67.41     0.4054     0.2657  1.000e-12  0.1431000     7.3044     7.3041    -0.0004     5.8259     5.8256     43.095     44.051      0.509    1425.07    1425.07  0.000e+00
      10483     44.000     2.5278     2.5298     0.0020    0.73915    0.73915          1     9.0404     8.8690      66.89     0.3974     0.3072  1.000e-12  0.1416000     7.3049     7.3044    -0.0004     5.8262     5.8258     43.591     44.558      0.538    1425.08    1425.08  0.000e+00
      10504     44.500     2.5276     2.5293     0.0017    0.73918    0.73918          1     9.0382     8.8518      66.36     0.3919     0.2422  1.000e-12  0.1423000     7.3051     7.3047    -0.0004     5.8264     5.8261     44.086     45.064      0.553    1425.08    1425.09  0.000e+00
      10526     45.000     2.5250     2.5265     0.0015    0.73917    0.73915          1     9.0383     8.8343      65.84     0.3994     0.2539  1.000e-12  0.1405000     7.3055     7.3049    -0.0006     5.8267     5.8263     44.581     45.570      0.535    1425.08    1425.09  0.000e+00
      10549     45.500     2.5255     2.5266     0.0011    0.73924    0.73922          1     9.0370     8.8271      65.30     0.4219     0.2552  1.000e-12  0.1302000     7.3061     7.3057    -0.0004     5.8272     5.8268     45.077     46.077      0.494    1425.09    1425.10  0.000e+00
      10575     46.000     2.5266     2.5278     0.0012    0.73931    0.73929          1     9.0312     8.8311      64.77     0.3871     0.2480  1.000e-12  0.1313000     7.3065     7.3060    -0.0005     5.8275     5.8271     45.572     46.583      0.469    1425.10    1425.11  0.000e+00
      10600     46.500     2.5269     2.5282     0.0013    0.73935    0.73934          1     9.0188     8.8533      64.27     0.4601     0.2460  1.000e-12  0.1494000     7.3069     7.3064    -0.0005     5.8278     5.8274     46.067     47.089      0.494    1425.11    1425.12  0.000e+00
      10623     47.000     2.5169     2.5182     0.0012    0.73933    0.73931          1     8.9991     8.8557      63.76     0.4356     0.2559  1.000e-12  0.1421000     7.3088     7.3083    -0.0005     5.8293     5.8290     46.563     47.596      0.526    1425.08    1425.08  0.000e+00
      10646     47.500     2.5218     2.5221     0.0002    0.73951    0.73947          1     9.0016     8.8463      63.21     0.4039     0.2773  1.000e-12  0.1418000     7.3095     7.3091    -0.0005     5.8300     5.8296     47.058     48.102      0.529    1425.11    1425.11  0.000e+00
      10669     48.000     2.5417     2.5394    -0.0024    0.74010    0.74000          1     9.0148     8.8307      62.65     0.4052     0.2727  1.000e-12  0.1529000     7.3111     7.3106    -0.0005     5.8312     5.8308     47.553     48.608      0.517    1425.21    1425.20  0.000e+00
      10692     48.500     2.6058     2.6018    -0.0040    0.74180    0.74168          1     9.0245     8.8317      62.13     0.4194     0.2298  1.000e-12  0.1511000     7.3143     7.3140    -0.0003     5.8336     5.8334     48.049     49.115      0.503    1425.52    1425.50  0.000e+00
      10717     49.000     2.6424     2.6420    -0.0004    0.74281    0.74277          1     9.0347     8.8505      61.67     0.4165     0.2447  1.000e-12  0.1445000     7.3166     7.3162    -0.0003     5.8353     5.8350     48.544     49.621      0.491    1425.70    1425.70  0.000e+00
      10741     49.500     2.6550     2.6564     0.0014    0.74337    0.74334          1     9.0403     8.8514      61.15     0.4224     0.2331  1.000e-12  0.1391000     7.3195     7.3189    -0.0007     5.8376     5.8371     49.039     50.127      0.486    1425.77    1425.78  0.000e+00
      10766     50.000     2.6615     2.6612    -0.0002    0.74371    0.74366          1     9.0351     8.8403      60.63     0.4179     0.2921  1.000e-12  0.1437000     7.3217     7.3211    -0.0005     5.8393     5.8389     49.534     50.634      0.495    1425.81    1425.81  0.000e+00
      10789     50.500     2.6527     2.6559     0.0031    0.74352    0.74355          1     9.0283     8.8481      60.13     0.4093     0.2836  1.000e-12  0.1452000     7.3215     7.3211    -0.0004     5.8392     5.8389     50.030     51.140      0.522    1425.78    1425.80  0.000e+00
      10812     51.000     2.6294     2.6342     0.0048    0.74299    0.74304          1     9.0151     8.8511      59.62     0.4062     0.2908  1.000e-12  0.1400000     7.3212     7.3207    -0.0005     5.8390     5.8386     50.525     51.646      0.543    1425.68    1425.70  0.000e+00
      10834     51.500     2.6186     2.6199     0.0014    0.74282    0.74281          1     9.0085     8.8329      59.11     0.4131     0.2762  1.000e-12  0.1382000     7.3218     7.3214    -0.0005     5.8396     5.8392     51.020     52.153      0.536    1425.64    1425.64  0.000e+00
      10857     52.000     2.6242     2.6246     0.0004    0.74304    0.74301          1     9.0102     8.8239      58.56     0.4116     0.2273  1.000e-12  0.1420000     7.3228     7.3224    -0.0004     5.8403     5.8400     51.515     52.659      0.506    1425.67    1425.68  0.000e+00
      10881     52.500     2.6462     2.6453    -0.0010    0.74364    0.74359          1     9.0404     8.8536      58.02     0.4166     0.2104  1.000e-12  0.1514000     7.3240     7.3237    -0.0003     5.8412     5.8409     52.011     53.165      0.480    1425.78    1425.78  0.000e+00
      10907     53.000     2.6810     2.6802    -0.0008    0.74466    0.74460          1     9.0740     8.8863      57.52     0.4247     0.2276  1.000e-12  0.2060000     7.3267     7.3263    -0.0004     5.8432     5.8429     52.506     53.671      0.480    1425.96    1425.95  0.000e+00
      10931     53.500     2.6907     2.6924     0.0017    0.74504    0.74502          1     9.0843     8.8882      57.05     0.4067     0.2218  1.000e-12  0.1709000     7.3284     7.3279    -0.0005     5.8446     5.8442     53.001     54.178      0.510    1426.01    1426.02  0.000e+00
      10954     54.000     2.6603     2.6624     0.0021    0.74442    0.74441          1     9.0658     8.8799      56.48     0.4051     0.2294  1.000e-12  0.1620000     7.3288     7.3282    -0.0006     5.8450     5.8445     53.497     54.684      0.539    1425.88    1425.89  0.000e+00
      10976     54.500     2.6219     2.6254     0.0036    0.74365    0.74367          1     9.0163     8.8342      55.95     0.3928     0.2289  1.000e-12  0.1514000     7.3295     7.3288    -0.0007     5.8457     5.8451     53.992     55.190      0.539    1425.71    1425.73  0.000e+00
      10999     55.000     2.5905     2.5926     0.0021    0.74349    0.74347          1     8.9654     8.7845      55.15     0.4079     0.2309  1.000e-12  0.1488000     7.3349     7.3342    -0.0007     5.8501     5.8495     54.487     55.697      0.507    1425.58    1425.59  0.000e+00
      11023     55.500     2.5706     2.5726     0.0020    0.74360    0.74359          1     8.9165     8.7534      54.02     0.4203     0.2531  1.000e-12  0.1450000     7.3406     7.3400    -0.0006     5.8547     5.8542     54.982     56.203      0.475    1425.50    1425.51  0.000e+00
