ctdpy/exports/archive_20191120_135557/received_data/SBE09_0827_20180124_1312_26_01_0187.cnv
* Sea-Bird SBE 9 Data File:
* FileName = D:\CTD_SBE911\DAT\26DA.2018.1.87.hex
* Software Version Seasave V 7.21d
* Temperature SN = 034757
* Conductivity SN = 041844
* Number of Bytes Per Scan = 48
* Number of Voltage Words = 5
* Number of Scans Averaged by the Deck Unit = 1
* NMEA Latitude = 57 22.10 N
* NMEA Longitude = 011 18.32 E
* NMEA UTC (Time) = Jan 24 2018  13:12:39
* NMEA baud rate = 4800
** Ship: DANA
** Average sound velocity: 1464.99 m/s
** True-depth calculation Thu, 28 Mar 2019 08:28:25 +0000
** CTD Python Module SMHI /ver 3-12/ feb 2012 
** LIMS Job: 20182601-0187
** Persgrund
** Operator: Ronny Sørensen
** Cruise: 01/2018
# nquan = 26
# nvalues = 72                          
# units = specified
# name 0 = scan: Scan Count
# name 1 = prDM: Pressure, Digiquartz [db]
# name 2 = t090C: Temperature [ITS-90, deg C]
# name 3 = t190C: Temperature, 2 [ITS-90, deg C]
# name 4 = T2-T190C: Temperature Difference, 2 - 1 [ITS-90, deg C]
# name 5 = c0S/m: Conductivity [S/m]
# name 6 = c1S/m: Conductivity, 2 [S/m]
# name 7 = pumps: Pump Status
# name 8 = sbeox1ML/L: Oxygen, SBE 43, 2 [ml/l]
# name 9 = sbeox0ML/L: Oxygen, SBE 43 [ml/l]
# name 10 = altM: Altimeter [m]
# name 11 = chloroflTC0: Chlorophyll, Turner Cyclops [ug/l]
# name 12 = cpar: CPAR/Corrected Irradiance [%]
# name 13 = par: PAR/Irradiance, Biospherical/Lico [µE/(cm^2*s)]
# name 14 = spar: SPAR, Biospherical/Licor
# name 15 = sal00: Salinity, Practical [PSU]
# name 16 = sal11: Salinity, Practical, 2 [PSU]
# name 17 = secS-priS: Salinity, Practical, Difference, 2 - 1 [PSU]
# name 18 = sigma-t00: Density [sigma-t, kg/m^3 ]
# name 19 = sigma-t11: Density, 2 [sigma-t, kg/m^3 ]
# name 20 = depSM: Depth [salt water, m], lat = 57.3683
# name 21 = depFM: Depth [true depth, m], lat = 57.3683
# name 22 = dz/dtM: Descent Rate [m/s], WS = 2
# name 23 = svCM: Sound Velocity [Chen-Millero, m/s]
# name 24 = svCM1: Sound Velocity, 2 [Chen-Millero, m/s]
# name 25 = flag: flag
# span 0 =         59,       3812       
# span 1 =      2.000,     37.500       
# span 2 =     3.8223,     5.6696       
# span 3 =     3.8214,     5.6687       
# span 4 =    -0.5669,     0.0108       
# span 5 =   2.254204,   3.229625       
# span 6 =   2.253521,   3.229069       
# span 7 =          1,          1       
# span 8 =     6.1219,     7.0465       
# span 9 =     6.2635,     7.6516       
# span 10 =       1.57,       9.96      
# span 11 =     0.0186,     0.0501      
# span 12 = -1.636e-05, 6.7728e+00      
# span 13 = -6.977e-06, 3.3011e+00      
# span 14 = 4.0511e+01, 4.9991e+01      
# span 15 =    23.4791,    32.9720      
# span 16 =    23.4716,    32.9666      
# span 17 =    -1.8036,     0.0014      
# span 18 =    18.6479,    25.9905      
# span 19 =    18.6420,    25.9862      
# span 20 =      1.982,     37.151      
# span 21 =      2.000,     37.329      
# span 22 =     -0.166,      0.578      
# span 23 =    1451.11,    1471.47      
# span 24 =    1451.10,    1471.47      
# span 25 = 0.0000e+00, 0.0000e+00      
# interval = decibars: 0.5              
# start_time = Jan 24 2018 13:12:39 [NMEA time, first data scan]
# bad_flag = -9.990e-29
*END*
         59      2.000     3.8249     3.8237    -0.0012    2.25442    2.25374          1     7.0465     6.5343       9.96     0.0191  6.773e+00  3.301e+00  4.874e+01    23.4801    23.4732    -0.0068    18.6485    18.6432      1.982      2.000      0.255    1451.11    1451.10  0.000e+00
         82      2.500     3.8231     3.8226    -0.0004    2.25429    2.25369          1     7.0079     7.6516       9.96     0.0211  5.713e+00  2.784e+00  4.874e+01    23.4796    23.4732    -0.0065    18.6483    18.6432      2.477      2.500      0.427    1451.11    1451.10  0.000e+00
        343      3.000     3.8223     3.8214    -0.0009    2.25420    2.25406          1     6.9757     7.0296       9.95     0.0188  4.509e+00  2.197e+00  4.874e+01    23.4791    23.4781    -0.0010    18.6479    18.6472      2.972      3.000      0.453    1451.12    1451.11  0.000e+00
        414      3.500     3.8257     3.8216    -0.0041    2.25628    2.25352          1     6.9908     7.1516       9.95     0.0187  3.763e+00  1.826e+00  4.851e+01    23.5000    23.4716    -0.0284    18.6643    18.6420      3.468      3.500      0.449    1451.17    1451.11  0.000e+00
        515      4.000     3.8412     3.8291    -0.0120    2.26414    2.25584          1     6.9882     7.1843       9.95     0.0186  3.264e+00  1.523e+00  4.667e+01    23.5783    23.4925    -0.0859    18.7253    18.6581      3.963      4.000      0.578    1451.34    1451.18  0.000e+00
        551      4.500     3.8302     3.8267    -0.0037    2.25823    2.25575          1     7.0109     7.1818       9.95     0.0194  2.687e+00  1.226e+00  4.560e+01    23.5186    23.4929    -0.0257    18.6787    18.6586      4.458      4.499      0.397    1451.23    1451.18  0.000e+00
        636      5.000     3.8890     3.8741    -0.0149    2.28841    2.27183          1     7.0354     7.1577       9.95     0.0195  2.266e+00  1.011e+00  4.463e+01    23.8198    23.6418    -0.1779    18.9135    18.7734      4.954      4.999      0.380    1451.87    1451.58  0.000e+00
        660      5.500     3.9099     3.8980    -0.0120    2.29864    2.28924          1     6.9842     7.1479       9.95     0.0241  1.792e+00  7.860e-01  4.383e+01    23.9210    23.8225    -0.0985    18.9923    18.9151      5.449      5.499      0.380    1452.10    1451.92  0.000e+00
        712      6.000     3.9459     3.9240    -0.0219    2.31611    2.30353          1     6.9715     7.1337       9.95     0.0287  1.565e+00  6.678e-01  4.267e+01    24.0934    23.9662    -0.1272    19.1265    19.0272      5.945      5.999      0.227    1452.48    1452.23  0.000e+00
        769      6.500     3.9600     3.9487    -0.0113    2.32434    2.31772          1     6.9455     7.1226       9.95     0.0309  1.354e+00  5.793e-01  4.279e+01    24.1766    24.1095    -0.0671    19.1915    19.1391      6.440      6.499      0.387    1452.66    1452.53  0.000e+00
        802      7.000     3.9705     3.9507    -0.0197    2.32964    2.31862          1     6.9660     7.1161       9.95     0.0309  1.033e+00  4.425e-01  4.286e+01    24.2289    24.1180    -0.1109    19.2322    19.1457      6.935      6.998      0.286    1452.78    1452.55  0.000e+00
        873      7.500     3.9898     3.9757    -0.0142    2.34105    2.33019          1     6.9155     7.0240       9.96     0.0315  1.054e+00  4.517e-01  4.288e+01    24.3445    24.2311    -0.1133    19.3224    19.2336      7.431      7.498      0.344    1453.02    1452.81  0.000e+00
        899      8.000     4.0502     3.9852    -0.0660    2.37792    2.33512          1     6.8838     7.0667       9.95     0.0312  8.121e-01  3.464e-01  4.265e+01    24.7188    24.2800    -0.4388    19.6147    19.2716      7.926      7.997      0.537    1453.76    1452.93  0.000e+00
        924      8.500     4.6452     4.0773    -0.5669    2.55858    2.36067          1     6.8786     6.8758       9.96     0.0317  5.572e-01  2.376e-01  4.265e+01    26.3056    24.5020    -1.8036    20.8224    19.4407      8.422      8.497      0.370    1458.32    1453.61  0.000e+00
        987      9.000     4.8718     4.3781    -0.4934    2.62142    2.45383          1     6.7484     6.7277       9.95     0.0330  5.744e-01  2.450e-01  4.265e+01    26.8342    25.3306    -1.5036    21.2206    20.0733      8.917      8.995      0.288    1459.95    1455.96  0.000e+00
       1018      9.500     5.0071     4.7450    -0.2622    2.66132    2.55265          1     6.7164     6.6845       9.96     0.0326  4.204e-01  1.793e-01  4.265e+01    27.1731    26.1609    -1.0121    21.4759    20.6993      9.412      9.494      0.443    1460.96    1458.57  0.000e+00
       1050     10.000     5.0468     4.8614    -0.1854    2.67339    2.60987          1     6.6920     6.6692       9.96     0.0330  2.038e-01  8.691e-02  4.265e+01    27.2759    26.7124    -0.5635    21.5534    21.1252      9.908      9.993      0.314    1461.26    1459.77  0.000e+00
       1112     10.500     5.1071     4.9705    -0.1367    2.69600    2.64267          1     6.6011     6.6389       9.96     0.0334  1.425e-01  6.079e-02  4.265e+01    27.4799    26.9927    -0.4872    21.7089    21.3367     10.403     10.491      0.227    1461.78    1460.59  0.000e+00
       1163     11.000     5.1557     5.0907    -0.0652    2.71496    2.68405          1     6.5595     6.6087       9.96     0.0332  6.472e-02  2.760e-02  4.265e+01    27.6523    27.3593    -0.2930    21.8404    21.6151     10.898     10.989      0.378    1462.20    1461.56  0.000e+00
       1193     11.500     5.1787     5.1228    -0.0559    2.72498    2.69792          1     6.5141     6.5978       9.96     0.0330  2.501e-03  1.067e-03  4.265e+01    27.7453    27.4881    -0.2571    21.9117    21.7139     11.394     11.488      0.357    1462.43    1461.87  0.000e+00
       1240     12.000     5.2551     5.1323    -0.1228    2.76696    2.70631          1     6.4456     6.5740       9.96     0.0330 -1.636e-05 -6.977e-06  4.265e+01    28.1516    27.5742    -0.5774    22.2252    21.7810     11.889     11.986      0.221    1463.26    1462.02  0.000e+00
       1289     12.500     5.3211     5.2698    -0.0511    2.80274    2.76234          1     6.4405     6.5425       9.95     0.0335  2.345e-12  1.000e-12  4.265e+01    28.4964    28.0873    -0.4091    22.4910    22.1728     12.384     12.484      0.338    1463.98    1463.25  0.000e+00
       1321     13.000     5.3291     5.3112    -0.0179    2.80664    2.79374          1     6.4030     6.5363       9.96     0.0335  2.426e-12  1.000e-12  4.125e+01    28.5331    28.4039    -0.1292    22.5192    22.4189     12.880     12.982      0.354    1464.07    1463.83  0.000e+00
       1364     13.500     5.3591     5.3216    -0.0376    2.82237    2.80233          1     6.3699     6.5191       9.96     0.0339  2.464e-12  1.000e-12  4.058e+01    28.6834    28.4910    -0.1925    22.6349    22.4867     13.375     13.480      0.215    1464.39    1463.99  0.000e+00
       1434     14.000     5.3895     5.3374    -0.0520    2.83468    2.81073          1     6.3647     6.5042       9.96     0.0345  2.462e-12  1.000e-12  4.062e+01    28.7950    28.5713    -0.2237    22.7199    22.5486     13.871     13.978      0.188    1464.66    1464.17  0.000e+00
       1487     14.500     5.4208     5.3964    -0.0244    2.84749    2.83272          1     6.3468     6.4891       9.95     0.0341  2.462e-12  1.000e-12  4.062e+01    28.9114    28.7670    -0.1444    22.8086    22.6970     14.366     14.476      0.320    1464.95    1464.66  0.000e+00
       1523     15.000     5.4214     5.4147    -0.0067    2.85391    2.84380          1     6.3326     6.4743       9.95     0.0339  2.469e-12  1.000e-12  4.051e+01    28.9825    28.8751    -0.1074    22.8647    22.7805     14.861     14.974      0.282    1465.05    1464.88  0.000e+00
       1579     15.500     5.4067     5.4038    -0.0029    2.86519    2.84441          1     6.3127     6.4315       9.95     0.0352  2.468e-12  1.000e-12  4.052e+01    29.1213    28.8910    -0.2303    22.9760    22.7943     15.357     15.472      0.249    1465.17    1464.87  0.000e+00
       1617     16.000     5.3844     5.3952     0.0108    2.88452    2.85580          1     6.2611     6.4309       9.96     0.0354  2.462e-12  1.000e-12  4.062e+01    29.3574    29.0259    -0.3315    23.1649    22.9017     15.852     15.970      0.382    1465.39    1465.01  0.000e+00
       1650     16.500     5.3914     5.3877    -0.0037    2.88962    2.86798          1     6.2619     6.4282       9.95     0.0356  2.462e-12  1.000e-12  4.062e+01    29.4083    29.1687    -0.2396    23.2044    23.0154     16.347     16.467      0.293    1465.49    1465.17  0.000e+00
       1713     17.000     5.3803     5.3876     0.0072    2.89538    2.88062          1     6.2871     6.4206       9.96     0.0372  2.462e-12  1.000e-12  4.062e+01    29.4824    29.3104    -0.1720    23.2642    23.1275     16.843     16.965      0.244    1465.55    1465.36  0.000e+00
       1760     17.500     5.3762     5.3817     0.0055    2.90436    2.88268          1     6.2776     6.4083       9.96     0.0389  2.462e-12  1.000e-12  4.062e+01    29.5868    29.3384    -0.2484    23.3472    23.1502     17.338     17.463      0.261    1465.67    1465.38  0.000e+00
       1817     18.000     5.4277     5.3825    -0.0450    2.94674    2.89888          1     6.2721     6.4076       9.95     0.0416  2.462e-12  1.000e-12  4.062e+01    30.0172    29.5194    -0.4978    23.6819    23.2932     17.833     17.960      0.232    1466.43    1465.62  0.000e+00
       1861     18.500     5.4684     5.3989    -0.0695    2.98123    2.90930          1     6.2638     6.4019       9.95     0.0409  2.457e-12  1.000e-12  4.071e+01    30.3683    29.6217    -0.7466    23.9549    23.3723     18.329     18.458      0.282    1467.05    1465.82  0.000e+00
       1906     19.000     5.4778     5.4251    -0.0526    2.99061    2.93712          1     6.2372     6.3946       9.96     0.0412  2.453e-12  1.000e-12  4.077e+01    30.4651    29.9109    -0.5542    24.0304    23.5981     18.824     18.955      0.298    1467.22    1466.30  0.000e+00
       1940     19.500     5.4921     5.4590    -0.0331    3.00752    2.96621          1     6.2133     6.3945       9.96     0.0397  2.458e-12  1.000e-12  4.068e+01    30.6421    30.2074    -0.4348    24.1688    23.8288     19.319     19.452      0.350    1467.51    1466.83  0.000e+00
       1988     20.000     5.4999     5.4839    -0.0160    3.01537    2.99911          1     6.2189     6.3928       9.96     0.0393  2.462e-12  1.000e-12  4.061e+01    30.7231    30.5547    -0.1684    24.2320    24.1006     19.815     19.950      0.218    1467.65    1467.37  0.000e+00
       2047     20.500     5.5020     5.4890    -0.0129    3.01961    3.00436          1     6.2111     6.3818       9.96     0.0386  2.462e-12  1.000e-12  4.062e+01    30.7688    30.6089    -0.1598    24.2678    24.1429     20.310     20.447      0.301    1467.73    1467.47  0.000e+00
       2088     21.000     5.5207     5.5007    -0.0201    3.04000    3.01592          1     6.1885     6.3462       9.95     0.0407  2.439e-12  1.000e-12  4.102e+01    30.9809    30.7282    -0.2528    24.4334    24.2359     20.805     20.944      0.243    1468.08    1467.68  0.000e+00
       2143     21.500     5.5258     5.5166    -0.0092    3.09674    3.05988          1     6.1601     6.3372       9.95     0.0369  2.365e-12  1.000e-12  4.230e+01    31.6164    31.2089    -0.4075    24.9353    24.6142     21.301     21.441      0.255    1468.92    1468.36  0.000e+00
       2191     22.000     5.4945     5.5006     0.0061    3.14875    3.12037          1     6.2089     6.3592       9.95     0.0367  2.347e-12  1.000e-12  4.260e+01    32.2338    31.9067    -0.3271    25.4271    25.1677     21.796     21.938      0.234    1469.58    1469.19  0.000e+00
       2236     22.500     5.5131     5.5063    -0.0068    3.16654    3.14334          1     6.2107     6.3492       9.96     0.0385  2.345e-12  1.000e-12  4.265e+01    32.4171    32.1609    -0.2563    25.5700    25.3681     22.291     22.434      0.356    1469.90    1469.54  0.000e+00
       2268     23.000     5.5213     5.5151    -0.0063    3.17038    3.16254          1     6.1870     6.3504       9.95     0.0374  2.345e-12  1.000e-12  4.265e+01    32.4525    32.3698    -0.0828    25.5970    25.5323     22.787     22.931      0.320    1469.98    1469.85  0.000e+00
       2324     23.500     5.5262     5.5229    -0.0034    3.17284    3.17002          1     6.1753     6.3592       9.95     0.0399  2.346e-12  1.000e-12  4.263e+01    32.4754    32.4468    -0.0286    25.6146    25.5923     23.282     23.428      0.225    1470.04    1469.99  0.000e+00
       2370     24.000     5.5258     5.5244    -0.0014    3.17337    3.17199          1     6.1889     6.3495       9.95     0.0391  2.345e-12  1.000e-12  4.265e+01    32.4817    32.4673    -0.0143    25.6195    25.6084     23.777     23.924      0.311    1470.05    1470.03  0.000e+00
       2423     24.500     5.5287     5.5277    -0.0010    3.17407    3.17306          1     6.1928     6.3507       9.95     0.0418  2.345e-12  1.000e-12  4.265e+01    32.4865    32.4760    -0.0105    25.6230    25.6148     24.273     24.421      0.207    1470.08    1470.06  0.000e+00
       2481     25.000     5.5272     5.5271    -0.0000    3.17410    3.17350          1     6.1962     6.3502       9.95     0.0443  2.345e-12  1.000e-12  4.265e+01    32.4880    32.4813    -0.0067    25.6244    25.6191     24.768     24.917      0.289    1470.08    1470.07  0.000e+00
       2520     25.500     5.5249     5.5241    -0.0009    3.17412    3.17329          1     6.1408     6.3471       9.95     0.0419  2.340e-12  1.000e-12  4.274e+01    32.4902    32.4816    -0.0086    25.6264    25.6197     25.263     25.414      0.286    1470.08    1470.07  0.000e+00
       2568     26.000     5.5348     5.5340    -0.0008    3.17543    3.17447          1     6.1759     6.3505       9.95     0.0424  2.263e-12  1.000e-12  4.421e+01    32.4953    32.4852    -0.0101    25.6293    25.6214     25.759     25.910      0.228    1470.14    1470.12  0.000e+00
       2619     26.500     5.5529     5.5481    -0.0048    3.17793    3.17641          1     6.1652     6.3441       9.95     0.0428  2.237e-12  1.000e-12  4.470e+01    32.5058    32.4933    -0.0125    25.6355    25.6261     26.254     26.407      0.290    1470.23    1470.20  0.000e+00
       2653     27.000     5.5636     5.5579    -0.0057    3.17976    3.17796          1     6.1611     6.3367       9.95     0.0435  2.238e-12  1.000e-12  4.468e+01    32.5160    32.5011    -0.0149    25.6423    25.6312     26.749     26.903      0.352    1470.30    1470.26  0.000e+00
       2703     27.500     5.5603     5.5612     0.0009    3.18054    3.17981          1     6.1905     6.3326       9.95     0.0461  2.193e-12  1.000e-12  4.563e+01    32.5277    32.5186    -0.0091    25.6520    25.6446     27.245     27.400      0.221    1470.31    1470.30  0.000e+00
       2760     28.000     5.5557     5.5559     0.0001    3.18104    3.18048          1     6.2337     6.3401       9.95     0.0449  2.141e-12  1.000e-12  4.670e+01    32.5375    32.5311    -0.0065    25.6602    25.6551     27.740     27.896      0.284    1470.31    1470.30  0.000e+00
       2810     28.500     5.5677     5.5659    -0.0018    3.18440    3.18296          1     6.2424     6.3396       9.95     0.0443  2.141e-12  1.000e-12  4.671e+01    32.5638    32.5492    -0.0146    25.6796    25.6683     28.235     28.393      0.213    1470.40    1470.37  0.000e+00
       2861     29.000     5.5537     5.5560     0.0024    3.18405    3.18438          1     6.1852     6.3347       9.92     0.0438  2.141e-12  1.000e-12  4.671e+01    32.5733    32.5747     0.0014    25.6887    25.6896     28.731     28.889      0.305    1470.36    1470.37  0.000e+00
