ctdpy/exports/archive_20191120_135557/received_data/SBE09_1044_20181014_0842_34_01_0090.cnv
* Sea-Bird SBE 9 Data File:
* FileName = C:\ctd\temp\ar18d090.hex
* Software Version Seasave V 7.21e
* Temperature SN = 5351
* Conductivity SN = 3941
* Number of Bytes Per Scan = 30
* Number of Voltage Words = 4
* Number of Scans Averaged by the Deck Unit = 1
* NMEA baud rate = 4800
** Station:  LL7
** Operator:  obac
** Ship: ARANDA
** Average sound velocity: 1451.87 m/s
** True-depth calculation Sun, 14 Oct 2018 12:27:58 +0000
** CTD Python Module SMHI /ver 3-12/ feb 2012 
** LIMS Job: 20183401-0090
** Cruise: SMHI-4-2018
** Latitude [GG MM.mm N]: 59 50.801 N
** Longitude [GG MM.mm E] 24 50.287 E
# nquan = 26
# nvalues = 191                         
# units = specified
# name 0 = scan: Scan Count
# name 1 = prDM: Pressure, Digiquartz [db]
# name 2 = t090C: Temperature [ITS-90, deg C]
# name 3 = t190C: Temperature, 2 [ITS-90, deg C]
# name 4 = T2-T190C: Temperature Difference, 2 - 1 [ITS-90, deg C]
# name 5 = c0S/m: Conductivity [S/m]
# name 6 = c1S/m: Conductivity, 2 [S/m]
# name 7 = pumps: Pump Status
# name 8 = sbeox0ML/L: Oxygen, SBE 43 [ml/l]
# name 9 = sbeox1ML/L: Oxygen, SBE 43, 2 [ml/l]
# name 10 = altM: Altimeter [m]
# name 11 = flECO-AFL: Chl-a Fluorescence, WET Labs ECO-AFL/FL [mg/m^3]
# name 12 = flECO-AFL1: Phycocyanin Fluorescence, WET Labs ECO-AFL/FL, 2 [mg/m^3]
# name 13 = par: PAR/Irradiance, Biospherical/Lico [µE/(cm^2*s)]
# name 14 = turbWETntu0: Turbidity, WET Labs ECO [NTU]
# name 15 = sal00: Salinity, Practical [PSU]
# name 16 = sal11: Salinity, Practical, 2 [PSU]
# name 17 = secS-priS: Salinity, Practical, Difference, 2 - 1 [PSU]
# name 18 = sigma-t00: Density [sigma-t, Kg/m^3 ]
# name 19 = sigma-t11: Density, 2 [sigma-t, Kg/m^3 ]
# name 20 = depSM: Depth [salt water, m], lat = 0
# name 21 = depFM: Depth [true depth, m], lat = 0
# name 22 = dz/dtM: Descent Rate [m/s], WS = 2
# name 23 = svCM: Sound Velocity [Chen-Millero, m/s]
# name 24 = svCM1: Sound Velocity, 2 [Chen-Millero, m/s]
# name 25 = flag: flag
# span 0 =      11246,      15781       
# span 1 =      1.500,     96.500       
# span 2 =     5.3242,    12.4069       
# span 3 =     5.3264,    12.4074       
# span 4 =    -0.0266,     0.0190       
# span 5 =   0.768452,   0.810880       
# span 6 =   0.768467,   0.810835       
# span 7 =          1,          1       
# span 8 =    2.19504,    7.00403       
# span 9 =    2.84762,    3.85100       
# span 10 =       2.68,      99.94      
# span 11 =     0.4808,     1.8242      
# span 12 =     0.1877,     0.5985      
# span 13 = 1.0000e-12, 4.0950e+03      
# span 14 =     0.4112,     2.5841      
# span 15 =     6.0712,     7.3740      
# span 16 =     6.0708,     7.3734      
# span 17 =    -0.0049,     0.0019      
# span 18 =     4.1611,     5.8166      
# span 19 =     4.1607,     5.8161      
# span 20 =      1.492,     95.948      
# span 21 =      1.521,     97.819      
# span 22 =     -0.002,      1.018      
# span 23 =    1438.54,    1463.96      
# span 24 =    1438.55,    1463.96      
# span 25 = 0.0000e+00, 0.0000e+00      
# interval = decibars: 0.5              
# start_time = Oct 14 2018 08:42:47 [System UTC, header]
# bad_flag = -9.990e-29
*END*
[from data line 112]
      13683     57.500     8.7978     8.7986     0.0008    0.77105    0.77097          1     5.4084     3.7617      42.73     0.5491     0.3135  1.000e-12  0.4478000     6.3435     6.3426    -0.0008     4.7744     4.7737     57.176     58.308      0.414    1451.26    1451.26  0.000e+00
      13717     58.000     8.7990     8.8019     0.0029    0.77304    0.77309          1     5.4073     3.7534      42.16     0.5892     0.2903  1.000e-12  0.4810000     6.3609     6.3607    -0.0001     4.7878     4.7875     57.673     58.815      0.447    1451.30    1451.31  0.000e+00
      13738     58.500     8.7777     8.7797     0.0020    0.77408    0.77406          1     5.3596     3.7480      41.85     0.6002     0.2357  1.000e-12  0.5258000     6.3738     6.3733    -0.0005     4.7998     4.7993     58.170     59.321      0.656    1451.23    1451.24  0.000e+00
      13755     59.000     8.7504     8.7531     0.0026    0.77422    0.77422          1     5.3130     3.7439      41.39     0.5775     0.2604  1.000e-12  0.4918000     6.3798     6.3793    -0.0005     4.8070     4.8064     58.668     59.828      0.733    1451.14    1451.15  0.000e+00
      13771     59.500     8.7156     8.7191     0.0034    0.77400    0.77399          1     5.2729     3.7435      40.81     0.5713     0.2708  1.000e-12  0.4951000     6.3841     6.3834    -0.0007     4.8134     4.8126     59.165     60.335      0.700    1451.01    1451.03  0.000e+00
      13789     60.000     8.6735     8.6713    -0.0021    0.77374    0.77370          1     5.2403     3.7399      40.50     0.5656     0.2946  1.000e-12  0.4994000     6.3893     6.3894     0.0001     4.8212     4.8214     59.662     60.842      0.595    1450.86    1450.85  0.000e+00
      13812     60.500     8.6286     8.6297     0.0011    0.77333    0.77330          1     5.2226     3.7392      39.88     0.5674     0.2944  1.000e-12  0.5040000     6.3937     6.3933    -0.0005     4.8285     4.8281     60.159     61.349      0.485    1450.69    1450.69  0.000e+00
      13839     61.000     8.6125     8.6150     0.0025    0.77321    0.77320          1     5.2145     3.7442      39.23     0.5783     0.3065  1.000e-12  0.5079000     6.3955     6.3950    -0.0005     4.8313     4.8307     60.656     61.856      0.469    1450.63    1450.64  0.000e+00
      13863     61.500     8.5923     8.5949     0.0027    0.77307    0.77306          1     5.1654     3.7414      38.89     0.5777     0.2961  1.000e-12  0.5285000     6.3978     6.3973    -0.0006     4.8349     4.8342     61.153     62.362      0.564    1450.56    1450.57  0.000e+00
      13882     62.000     8.5186     8.5266     0.0079    0.77269    0.77270          1     5.0910     3.7399      38.25     0.5674     0.3030  1.000e-12  0.5033000     6.4077     6.4064    -0.0013     4.8489     4.8472     61.650     62.869      0.640    1450.29    1450.32  0.000e+00
      13900     62.500     8.3731     8.3765     0.0034    0.77133    0.77133          1     5.0298     3.7352      38.00     0.5356     0.2997  1.000e-12  0.5078000     6.4219     6.4212    -0.0006     4.8724     4.8716     62.147     63.376      0.651    1449.72    1449.73  0.000e+00
      13919     63.000     8.3139     8.3156     0.0018    0.77062    0.77061          1     4.9875     3.7294      37.35     0.5297     0.2660  1.000e-12  0.5110000     6.4263     6.4259    -0.0004     4.8807     4.8803     62.644     63.883      0.604    1449.49    1449.50  0.000e+00
      13940     63.500     8.2749     8.2782     0.0033    0.77044    0.77044          1     4.9480     3.7258      36.88     0.5547     0.2769  1.000e-12  0.5174000     6.4317     6.4311    -0.0006     4.8882     4.8874     63.141     64.390      0.519    1449.35    1449.36  0.000e+00
      13966     64.000     8.2408     8.2489     0.0080    0.77110    0.77106          1     4.8902     3.7144      36.30     0.5679     0.3126  1.000e-12  0.5364000     6.4438     6.4420    -0.0018     4.9005     4.8984     63.639     64.896      0.483    1449.23    1449.26  0.000e+00
      13989     64.500     8.2240     8.2257     0.0018    0.77167    0.77167          1     4.8440     3.7045      35.88     0.5795     0.3237  1.000e-12  0.5211000     6.4519     6.4517    -0.0003     4.9082     4.9079     64.136     65.403      0.576    1449.18    1449.19  0.000e+00
      14008     65.000     8.2179     8.2189     0.0010    0.77238    0.77239          1     4.8182     3.7032      35.50     0.5447     0.3088  1.000e-12  0.5047000     6.4594     6.4593    -0.0001     4.9145     4.9144     64.633     65.910      0.657    1449.18    1449.18  0.000e+00
      14026     65.500     8.2033     8.2064     0.0030    0.77253    0.77252          1     4.8023     3.7018      35.06     0.5449     0.2807  1.000e-12  0.5126000     6.4633     6.4627    -0.0006     4.9188     4.9181     65.130     66.417      0.638    1449.13    1449.14  0.000e+00
      14046     66.000     8.1773     8.1813     0.0040    0.77239    0.77240          1     4.7887     3.6967      34.49     0.5407     0.2669  1.000e-12  0.5115000     6.4669     6.4662    -0.0007     4.9237     4.9228     65.627     66.924      0.542    1449.03    1449.05  0.000e+00
      14071     66.500     8.1261     8.1301     0.0040    0.77193    0.77194          1     4.7665     3.6881      33.88     0.5406     0.2511  1.000e-12  0.5092000     6.4720     6.4714    -0.0006     4.9319     4.9311     66.124     67.430      0.506    1448.84    1448.86  0.000e+00
      14093     67.000     8.0591     8.0621     0.0030    0.77105    0.77105          1     4.7415     3.6833      33.40     0.5542     0.2988  1.000e-12  0.5558000     6.4764     6.4759    -0.0005     4.9407     4.9400     66.621     67.937      0.583    1448.58    1448.59  0.000e+00
      14112     67.500     8.0157     8.0183     0.0026    0.77042    0.77041          1     4.7184     3.6782      32.89     0.5326     0.2989  1.000e-12  0.4826000     6.4786     6.4781    -0.0005     4.9459     4.9452     67.118     68.444      0.628    1448.41    1448.42  0.000e+00
      14131     68.000     7.9860     7.9889     0.0029    0.77065    0.77063          1     4.7051     3.6765      32.44     0.5440     0.2520  1.000e-12  0.4899000     6.4862     6.4854    -0.0007     4.9541     4.9533     67.615     68.951      0.600    1448.31    1448.32  0.000e+00
      14152     68.500     7.9375     7.9421     0.0046    0.77123    0.77122          1     4.6983     3.6827      31.85     0.5396     0.3206  1.000e-12  0.4945000     6.5003     6.4994    -0.0009     4.9690     4.9679     68.112     69.457      0.538    1448.13    1448.15  0.000e+00
      14176     69.000     7.8941     7.8961     0.0020    0.77152    0.77148          1     4.6656     3.6851      31.32     0.5332     0.2856  1.000e-12  0.4919000     6.5110     6.5102    -0.0008     4.9807     4.9800     68.609     69.964      0.524    1447.98    1447.98  0.000e+00
      14198     69.500     7.8454     7.8494     0.0040    0.77148    0.77148          1     4.6287     3.6858      30.82     0.5381     0.3092  1.000e-12  0.5022000     6.5196     6.5189    -0.0007     4.9912     4.9904     69.107     70.471      0.605    1447.80    1447.81  0.000e+00
      14216     70.000     7.7173     7.7206     0.0036    0.77125    0.77119          1     4.5698     3.6812      30.37     0.5483     0.3011  1.000e-12  0.5769000     6.5413     6.5402    -0.0011     5.0180     5.0169     69.604     70.978      0.676    1447.30    1447.32  0.000e+00
      14233     70.500     7.6212     7.6231     0.0016    0.77167    0.77159          1     4.4984     3.6771      29.86     0.5312     0.2333  1.000e-12  0.4801000     6.5632     6.5621    -0.0011     5.0423     5.0413     70.101     71.484      0.658    1446.94    1446.95  0.000e+00
      14253     71.000     7.5361     7.5450     0.0089    0.77070    0.77076          1     4.4413     3.6812      29.33     0.5300     0.2130  1.000e-12  0.4300000     6.5703     6.5692    -0.0011     5.0541     5.0526     70.598     71.991      0.531    1446.61    1446.64  0.000e+00
      14281     71.500     7.4226     7.4285     0.0059    0.77117    0.77121          1     4.3792     3.6873      28.64     0.5313     0.2405  1.000e-12  0.4230000     6.5960     6.5952    -0.0008     5.0825     5.0815     71.095     72.498      0.424    1446.17    1446.20  0.000e+00
      14307     72.000     7.3930     7.3970     0.0040    0.77122    0.77125          1     4.3149     3.6762      28.10     0.5311     0.2377  1.000e-12  0.4386000     6.6020     6.6015    -0.0005     5.0893     5.0887     71.592     73.004      0.557    1446.07    1446.08  0.000e+00
      14326     72.500     7.3101     7.3119     0.0019    0.77165    0.77165          1     4.2658     3.6651      27.75     0.5343     0.2207  1.000e-12  0.4427000     6.6218     6.6214    -0.0004     5.1106     5.1102     72.089     73.511      0.700    1445.75    1445.76  0.000e+00
      14342     73.000     7.2254     7.2286     0.0031    0.77143    0.77146          1     4.2334     3.6641      27.23     0.5044     0.2089  1.000e-12  0.4322000     6.6358     6.6355    -0.0003     5.1276     5.1271     72.586     74.018      0.733    1445.43    1445.44  0.000e+00
      14358     73.500     7.1832     7.1854     0.0022    0.77149    0.77147          1     4.2091     3.6651      26.76     0.4945     0.2208  1.000e-12  0.4552000     6.6444     6.6438    -0.0006     5.1372     5.1366     73.083     74.524      0.654    1445.27    1445.28  0.000e+00
      14380     74.000     7.1796     7.1813     0.0017    0.77160    0.77160          1     4.2039     3.6879      26.03     0.4964     0.2484  1.000e-12  0.4613000     6.6461     6.6457    -0.0004     5.1388     5.1384     73.580     75.031      0.498    1445.26    1445.27  0.000e+00
      14407     74.500     7.1423     7.1456     0.0034    0.77204    0.77204          1     4.1722     3.7195      25.51     0.5201     0.2465  1.000e-12  0.4829000     6.6573     6.6566    -0.0007     5.1501     5.1493     74.077     75.538      0.462    1445.13    1445.14  0.000e+00
      14430     75.000     7.0219     7.0280     0.0062    0.77216    0.77216          1     4.0410     3.7456      25.08     0.5296     0.2660  1.000e-12  0.5037000     6.6816     6.6803    -0.0012     5.1772     5.1759     74.574     76.044      0.586    1444.66    1444.69  0.000e+00
      14449     75.500     6.7429     6.7621     0.0190    0.77437    0.77425          1     3.8466     3.7633      24.66     0.5044     0.2872  1.000e-12  0.4275000     6.7567     6.7518    -0.0049     5.2541     5.2490     75.072     76.551      0.655    1443.59    1443.67  0.000e+00
      14467     76.000     6.3930     6.4043     0.0113    0.77929    0.77913          1     3.6155     3.7793      24.15     0.5045     0.2365  1.000e-12  0.4489000     6.8725     6.8687    -0.0039     5.3664     5.3627     75.569     77.058      0.646    1442.26    1442.30  0.000e+00
      14486     76.500     6.2543     6.2544     0.0002    0.78252    0.78258          1     3.3999     3.7918      23.66     0.5045     0.2459  1.000e-12  0.4474000     6.9311     6.9317     0.0005     5.4205     5.4209     76.066     77.564      0.588    1441.75    1441.75  0.000e+00
      14508     77.000     6.1288     6.1326     0.0038    0.78607    0.78614          1     3.2061     3.7964      23.10     0.4990     0.2649  1.000e-12  0.4491000     6.9906     6.9905    -0.0000     5.4743     5.4740     76.563     78.071      0.524    1441.30    1441.31  0.000e+00
      14532     77.500     5.9888     5.9941     0.0053    0.78919    0.78915          1     3.0277     3.7948      22.52     0.4924     0.2778  1.000e-12  0.4578000     7.0493     7.0479    -0.0014     5.5281     5.5267     77.060     78.577      0.508    1440.78    1440.80  0.000e+00
      14555     78.000     5.8164     5.8221     0.0057    0.79262    0.79256          1     2.8899     3.7903      22.02     0.4900     0.2902  1.000e-12  0.4649000     7.1183     7.1165    -0.0018     5.5914     5.5897     77.557     79.084      0.573    1440.13    1440.15  0.000e+00
      14574     78.500     5.7387     5.7410     0.0023    0.79479    0.79475          1     2.8091     3.7840      21.50     0.4808     0.3242  1.000e-12  0.4933000     7.1557     7.1547    -0.0010     5.6248     5.6239     78.054     79.590      0.636    1439.85    1439.86  0.000e+00
      14593     79.000     5.7065     5.7091     0.0026    0.79551    0.79552          1     2.7662     3.7789      21.07     0.5209     0.2753  1.000e-12  0.5255000     7.1694     7.1689    -0.0005     5.6372     5.6367     78.551     80.096      0.625    1439.74    1439.75  0.000e+00
      14613     79.500     5.6780     5.6795     0.0016    0.79631    0.79630          1     2.7527     3.7745      20.47     0.5042     0.2652  1.000e-12  0.5083000     7.1831     7.1828    -0.0004     5.6494     5.6491     79.048     80.603      0.544    1439.64    1439.64  0.000e+00
      14638     80.000     5.6143     5.6207     0.0063    0.79772    0.79770          1     2.7381     3.7696      19.97     0.4889     0.2521  1.000e-12  0.4835000     7.2103     7.2088    -0.0016     5.6740     5.6724     79.545     81.109      0.479    1439.40    1439.43  0.000e+00
      14662     80.500     5.5753     5.5788     0.0035    0.79844    0.79839          1     2.6976     3.7557      19.31     0.4999     0.2581  1.000e-12  0.4932000     7.2256     7.2244    -0.0012     5.6879     5.6868     80.042     81.616      0.543    1439.26    1439.28  0.000e+00
      14682     81.000     5.5388     5.5418     0.0031    0.79952    0.79954          1     2.6509     3.7402      18.77     0.4971     0.2939  1.000e-12  0.5231000     7.2440     7.2435    -0.0005     5.7041     5.7036     80.539     82.122      0.647    1439.14    1439.15  0.000e+00
      14700     81.500     5.5074     5.5097     0.0022    0.80003    0.80001          1     2.6179     3.7281      18.36     0.4994     0.2791  1.000e-12  0.6099000     7.2556     7.2549    -0.0007     5.7148     5.7141     81.036     82.628      0.688    1439.02    1439.03  0.000e+00
      14717     82.000     5.5002     5.4976    -0.0025    0.80033    0.80040          1     2.6000     3.7144      17.82     0.5017     0.2796  1.000e-12  0.6079000     7.2601     7.2613     0.0012     5.7186     5.7197     81.533     83.135      0.634    1439.01    1438.99  0.000e+00
      14739     82.500     5.4813     5.4825     0.0012    0.80087    0.80089          1     2.5908     3.7039      17.24     0.4958     0.2735  1.000e-12  0.5913000     7.2693     7.2693    -0.0001     5.7268     5.7267     82.030     83.641      0.507    1438.94    1438.95  0.000e+00
      14765     83.000     5.4756     5.4780     0.0024    0.80115    0.80114          1     2.5770     3.6944      16.69     0.4982     0.2700  1.000e-12  0.5677000     7.2733     7.2726    -0.0006     5.7302     5.7296     82.527     84.148      0.466    1438.93    1438.94  0.000e+00
      14789     83.500     5.4721     5.4752     0.0031    0.80140    0.80139          1     2.5630     3.6772      16.13     0.5179     0.2685  1.000e-12  0.5689000     7.2764     7.2756    -0.0008     5.7328     5.7320     83.025     84.654      0.567    1438.93    1438.94  0.000e+00
      14808     84.000     5.4603     5.4641     0.0038    0.80170    0.80167          1     2.5483     3.6555      15.63     0.5261     0.2220  1.000e-12  0.5767000     7.2818     7.2806    -0.0011     5.7376     5.7365     83.522     85.160      0.672    1438.89    1438.90  0.000e+00
      14825     84.500     5.4200     5.4231     0.0031    0.80251    0.80250          1     2.5264     3.6397      15.23     0.4901     0.1924  1.000e-12  0.6011000     7.2984     7.2977    -0.0008     5.7526     5.7519     84.019     85.667      0.706    1438.74    1438.76  0.000e+00
