ctdpy/exports/archive_20191120_135557/received_data/SBE09_0827_20181125_0852_26_01_1244.cnv
* Sea-Bird SBE 9 Data File:
* FileName = D:\CTD_SBE911\DAT\26DA.2018.12.44.hex
* Software Version Seasave V 7.21d
* Temperature SN = 4548
* Conductivity SN = 3062
* Number of Bytes Per Scan = 48
* Number of Voltage Words = 5
* Number of Scans Averaged by the Deck Unit = 1
* NMEA Latitude = 57 19.91 N
* NMEA Longitude = 017 28.03 E
* NMEA UTC (Time) = Nov 25 2018  08:52:38
* NMEA baud rate = 4800
** Ship: DANA
** Average sound velocity: 1441.81 m/s
** True-depth calculation Tue, 02 Apr 2019 12:14:55 +0000
** CTD Python Module SMHI /ver 3-12/ feb 2012 
** LIMS Job: 20182601-1244
** Operator: Ronny
** Cruise: 12/2018
# nquan = 26
# nvalues = 153                         
# units = specified
# name 0 = scan: Scan Count
# name 1 = prDM: Pressure, Digiquartz [db]
# name 2 = t090C: Temperature [ITS-90, deg C]
# name 3 = t190C: Temperature, 2 [ITS-90, deg C]
# name 4 = T2-T190C: Temperature Difference, 2 - 1 [ITS-90, deg C]
# name 5 = c0S/m: Conductivity [S/m]
# name 6 = c1S/m: Conductivity, 2 [S/m]
# name 7 = pumps: Pump Status
# name 8 = sbeox1ML/L: Oxygen, SBE 43, 2 [ml/l]
# name 9 = sbeox0ML/L: Oxygen, SBE 43 [ml/l]
# name 10 = altM: Altimeter [m]
# name 11 = chloroflTC0: Chlorophyll, Turner Cyclops [ug/l]
# name 12 = cpar: CPAR/Corrected Irradiance [%]
# name 13 = par: PAR/Irradiance, Biospherical/Lico [µE/(cm^2*s)]
# name 14 = spar: SPAR, Biospherical/Licor
# name 15 = sal00: Salinity, Practical [PSU]
# name 16 = sal11: Salinity, Practical, 2 [PSU]
# name 17 = secS-priS: Salinity, Practical, Difference, 2 - 1 [PSU]
# name 18 = sigma-t00: Density [sigma-t, kg/m^3 ]
# name 19 = sigma-t11: Density, 2 [sigma-t, kg/m^3 ]
# name 20 = depSM: Depth [salt water, m], lat = 57.3318
# name 21 = depFM: Depth [true depth, m], lat = 57.3318
# name 22 = dz/dtM: Descent Rate [m/s], WS = 2
# name 23 = svCM: Sound Velocity [Chen-Millero, m/s]
# name 24 = svCM1: Sound Velocity, 2 [Chen-Millero, m/s]
# name 25 = flag: flag
# span 0 =         64,       7443       
# span 1 =      0.500,     76.500       
# span 2 =     4.2949,     7.1758       
# span 3 =     4.3217,     7.1702       
# span 4 =    -0.2048,     0.4093       
# span 5 =   0.809928,   1.027913       
# span 6 =   0.809939,   1.020036       
# span 7 =          1,          1       
# span 8 =     0.4734,     7.6329       
# span 9 =     0.2137,     7.8665       
# span 10 =       1.52,       9.99      
# span 11 =     0.0159,     0.0264      
# span 12 = -9.013e-06, 5.0486e+00      
# span 13 = -4.869e-05, 3.1767e+01      
# span 14 = 2.3037e+02, 8.3789e+02      
# span 15 =     7.0497,     9.6160      
# span 16 =     7.0495,     9.5461      
# span 17 =    -0.1213,     0.0017      
# span 18 =     5.4693,     7.5985      
# span 19 =     5.4692,     7.5449      
# span 20 =      0.495,     75.781      
# span 21 =      0.506,     77.464      
# span 22 =      0.025,      0.840      
# span 23 =    1434.11,    1445.43      
# span 24 =    1434.24,    1445.42      
# span 25 = 0.0000e+00, 0.0000e+00      
# interval = decibars: 0.5              
# start_time = Nov 25 2018 08:52:39 [NMEA time, first data scan]
# bad_flag = -9.990e-29
*END*
         64      0.500     6.9880     6.9878    -0.0002    0.81033    0.81031          1     7.6080     7.8600       9.99     0.0232  5.049e+00  3.177e+01  6.298e+02     7.0527     7.0524    -0.0002     5.4711     5.4710      0.495      0.506      0.386    1443.80    1443.80  0.000e+00
         96      1.000     6.9875     6.9881     0.0006    0.81031    0.81032          1     7.6121     7.8626       9.99     0.0233  2.340e+00  1.429e+01  6.104e+02     7.0525     7.0525    -0.0000     5.4711     5.4710      0.991      1.013      0.437    1443.80    1443.81  0.000e+00
        361      1.500     6.9957     6.9956    -0.0001    0.81057    0.81053          1     7.6154     7.8552       9.99     0.0235  2.286e+00  1.053e+01  4.604e+02     7.0531     7.0528    -0.0004     5.4710     5.4707      1.486      1.519      0.840    1443.85    1443.85  0.000e+00
        370      2.000     6.9977     6.9980     0.0003    0.81058    0.81057          1     7.6174     7.8600       9.99     0.0232  1.997e+00  9.160e+00  4.586e+02     7.0528     7.0527    -0.0001     5.4706     5.4705      1.982      2.026      0.766    1443.86    1443.86  0.000e+00
        433      2.500     6.9986     6.9992     0.0005    0.81063    0.81065          1     7.6148     7.8553       9.99     0.0244  1.851e+00  8.146e+00  4.405e+02     7.0530     7.0531     0.0001     5.4707     5.4707      2.477      2.532      0.468    1443.88    1443.88  0.000e+00
        489      3.000     6.9946     6.9944    -0.0002    0.81051    0.81049          1     7.6111     7.8504       9.99     0.0244  1.668e+00  7.133e+00  4.276e+02     7.0527     7.0525    -0.0002     5.4707     5.4706      2.972      3.039      0.602    1443.87    1443.87  0.000e+00
        512      3.500     6.9941     6.9930    -0.0011    0.81053    0.81047          1     7.6152     7.8530       9.99     0.0248  1.377e+00  5.827e+00  4.230e+02     7.0528     7.0525    -0.0003     5.4709     5.4707      3.468      3.545      0.408    1443.87    1443.87  0.000e+00
        594      4.000     6.9896     6.9927     0.0031    0.81029    0.81042          1     7.6190     7.8577       9.99     0.0255  1.237e+00  5.099e+00  4.122e+02     7.0515     7.0521     0.0006     5.4702     5.4704      3.963      4.052      0.301    1443.86    1443.88  0.000e+00
        622      4.500     6.9843     6.9862     0.0019    0.81009    0.81016          1     7.6173     7.8594       9.99     0.0244  1.062e+00  4.373e+00  4.116e+02     7.0507     7.0509     0.0002     5.4698     5.4699      4.458      4.558      0.417    1443.85    1443.85  0.000e+00
        674      5.000     6.9835     6.9856     0.0021    0.81005    0.81011          1     7.6272     7.8539       9.99     0.0250  9.380e-01  3.831e+00  4.084e+02     7.0504     7.0506     0.0002     5.4697     5.4697      4.954      5.065      0.224    1443.85    1443.86  0.000e+00
        736      5.500     6.9822     6.9838     0.0017    0.81002    0.81006          1     7.6220     7.8526       9.99     0.0256  8.241e-01  3.346e+00  4.061e+02     7.0503     7.0503     0.0000     5.4697     5.4696      5.449      5.571      0.309    1443.85    1443.86  0.000e+00
        773      6.000     6.9815     6.9834     0.0018    0.80998    0.81004          1     7.6165     7.8639       9.99     0.0256  7.080e-01  2.864e+00  4.045e+02     7.0500     7.0502     0.0001     5.4695     5.4695      5.945      6.078      0.239    1443.86    1443.86  0.000e+00
        843      6.500     6.9824     6.9821    -0.0003    0.81002    0.81000          1     7.6265     7.8612       9.99     0.0260  6.686e-01  2.666e+00  3.987e+02     7.0502     7.0500    -0.0002     5.4696     5.4694      6.440      6.584      0.312    1443.87    1443.87  0.000e+00
        870      7.000     6.9802     6.9817     0.0015    0.80997    0.81000          1     7.6259     7.8664       9.98     0.0258  5.709e-01  2.267e+00  3.970e+02     7.0500     7.0500    -0.0000     5.4696     5.4695      6.935      7.091      0.377    1443.87    1443.87  0.000e+00
        945      7.500     6.9791     6.9799     0.0008    0.80993    0.80994          1     7.6317     7.8643       9.98     0.0256  5.077e-01  1.995e+00  3.929e+02     7.0498     7.0498    -0.0000     5.4695     5.4694      7.431      7.597      0.276    1443.87    1443.87  0.000e+00
        985      8.000     6.9799     6.9797    -0.0002    0.80995    0.80994          1     7.6250     7.8624       9.98     0.0256  4.421e-01  1.733e+00  3.920e+02     7.0499     7.0498    -0.0001     5.4695     5.4694      7.926      8.104      0.407    1443.88    1443.88  0.000e+00
       1033      8.500     6.9817     6.9812    -0.0005    0.81002    0.80999          1     7.6179     7.8608       9.98     0.0260  3.968e-01  1.543e+00  3.887e+02     7.0501     7.0499    -0.0002     5.4695     5.4694      8.422      8.610      0.218    1443.90    1443.90  0.000e+00
       1097      9.000     6.9828     6.9852     0.0024    0.81006    0.81013          1     7.6194     7.8557       9.98     0.0256  3.605e-01  1.387e+00  3.848e+02     7.0502     7.0503     0.0001     5.4695     5.4695      8.917      9.117      0.325    1443.91    1443.92  0.000e+00
       1131      9.500     6.9860     6.9844    -0.0015    0.81017    0.81010          1     7.6246     7.8541       9.98     0.0256  3.060e-01  1.172e+00  3.829e+02     7.0504     7.0502    -0.0003     5.4695     5.4694      9.412      9.623      0.322    1443.93    1443.92  0.000e+00
       1185     10.000     6.9832     6.9852     0.0020    0.81007    0.81013          1     7.6218     7.8518       9.98     0.0249  2.773e-01  1.058e+00  3.816e+02     7.0501     7.0502     0.0001     5.4694     5.4694      9.908     10.130      0.223    1443.93    1443.94  0.000e+00
       1233     10.500     6.9814     6.9830     0.0016    0.81002    0.81006          1     7.6328     7.8586       9.97     0.0254  2.391e-01  9.152e-01  3.829e+02     7.0499     7.0499     0.0000     5.4694     5.4693     10.403     10.636      0.318    1443.93    1443.93  0.000e+00
       1275     11.000     6.9839     6.9836    -0.0003    0.81012    0.81009          1     7.6303     7.8578       9.97     0.0254  1.991e-01  7.660e-01  3.849e+02     7.0502     7.0501    -0.0002     5.4695     5.4694     10.898     11.143      0.233    1443.95    1443.95  0.000e+00
       1328     11.500     6.9795     6.9814     0.0020    0.80997    0.81002          1     7.6096     7.8544       9.97     0.0252  1.782e-01  6.928e-01  3.888e+02     7.0497     7.0498     0.0001     5.4694     5.4693     11.394     11.649      0.277    1443.94    1443.94  0.000e+00
       1368     12.000     6.9797     6.9795    -0.0003    0.80998    0.80995          1     7.6201     7.8497       9.97     0.0255  1.494e-01  5.869e-01  3.930e+02     7.0497     7.0495    -0.0002     5.4693     5.4692     11.889     12.156      0.303    1443.94    1443.94  0.000e+00
       1411     12.500     6.9827     6.9812    -0.0015    0.81007    0.81000          1     7.6329     7.8489       9.97     0.0253  1.278e-01  5.075e-01  3.971e+02     7.0499     7.0496    -0.0003     5.4693     5.4692     12.384     12.662      0.237    1443.96    1443.96  0.000e+00
       1467     13.000     6.9901     6.9858    -0.0043    0.81031    0.81015          1     7.6222     7.8502       9.97     0.0254  1.109e-01  4.485e-01  4.046e+02     7.0506     7.0499    -0.0006     5.4693     5.4692     12.880     13.169      0.259    1444.00    1443.98  0.000e+00
       1507     13.500     6.9921     6.9910    -0.0011    0.81043    0.81036          1     7.6061     7.8484       9.97     0.0256  8.969e-02  3.688e-01  4.113e+02     7.0512     7.0508    -0.0004     5.4697     5.4695     13.375     13.675      0.331    1444.02    1444.02  0.000e+00
       1548     14.000     6.9961     6.9934    -0.0027    0.81069    0.81050          1     7.6172     7.8531       9.97     0.0253  7.392e-02  3.101e-01  4.197e+02     7.0528     7.0515    -0.0012     5.4707     5.4699     13.871     14.182      0.239    1444.05    1444.04  0.000e+00
       1604     14.500     6.9970     6.9969    -0.0001    0.81076    0.81072          1     7.5975     7.8487       9.97     0.0247  6.150e-02  2.690e-01  4.376e+02     7.0532     7.0528    -0.0004     5.4709     5.4706     14.366     14.688      0.269    1444.06    1444.06  0.000e+00
       1642     15.000     6.9993     6.9972    -0.0022    0.81088    0.81075          1     7.6098     7.8487       9.97     0.0256  4.921e-02  2.218e-01  4.508e+02     7.0538     7.0530    -0.0008     5.4713     5.4708     14.861     15.195      0.356    1444.08    1444.07  0.000e+00
       1677     15.500     7.0028     6.9987    -0.0041    0.81108    0.81083          1     7.6069     7.8527       9.96     0.0254  3.697e-02  1.711e-01  4.630e+02     7.0549     7.0534    -0.0015     5.4719     5.4710     15.357     15.701      0.265    1444.10    1444.08  0.000e+00
       1742     16.000     7.0190     7.0128    -0.0061    0.81191    0.81158          1     7.6116     7.8445       9.96     0.0244  2.966e-02  1.442e-01  4.868e+02     7.0593     7.0574    -0.0019     5.4743     5.4732     15.852     16.208      0.238    1444.19    1444.16  0.000e+00
       1781     16.500     7.0165     7.0156    -0.0010    0.81178    0.81173          1     7.6028     7.8383       9.96     0.0248  2.178e-02  1.087e-01  4.991e+02     7.0584     7.0582    -0.0003     5.4738     5.4736     16.347     16.714      0.370    1444.18    1444.18  0.000e+00
       1819     17.000     7.0176     7.0156    -0.0020    0.81182    0.81171          1     7.6045     7.8392       9.96     0.0246  1.355e-02  6.889e-02  5.089e+02     7.0586     7.0580    -0.0006     5.4738     5.4735     16.843     17.221      0.244    1444.19    1444.18  0.000e+00
       1880     17.500     7.0274     7.0208    -0.0065    0.81235    0.81197          1     7.6037     7.8400       9.96     0.0244  9.831e-03  5.210e-02  5.300e+02     7.0615     7.0592    -0.0023     5.4754     5.4741     17.338     17.727      0.294    1444.25    1444.22  0.000e+00
       1911     18.000     7.0393     7.0290    -0.0103    0.81301    0.81241          1     7.6035     7.8403       9.96     0.0250  4.713e-03  2.529e-02  5.374e+02     7.0651     7.0616    -0.0034     5.4774     5.4755     17.833     18.234      0.397    1444.31    1444.26  0.000e+00
       1950     18.500     7.0440     7.0365    -0.0074    0.81325    0.81283          1     7.6098     7.8351       9.96     0.0243  1.552e-04  8.435e-04  5.440e+02     7.0663     7.0639    -0.0024     5.4781     5.4767     18.329     18.740      0.232    1444.34    1444.30  0.000e+00
       2009     19.000     7.0516     7.0458    -0.0057    0.81380    0.81337          1     7.6048     7.8278       9.96     0.0240 -9.013e-06 -4.869e-05  5.542e+02     7.0699     7.0670    -0.0029     5.4804     5.4785     18.824     19.247      0.314    1444.38    1444.35  0.000e+00
       2040     19.500     7.0565     7.0505    -0.0060    0.81422    0.81373          1     7.5965     7.8328       9.96     0.0244  1.793e-13  1.000e-12  5.577e+02     7.0727     7.0693    -0.0034     5.4823     5.4800     19.320     19.753      0.362    1444.41    1444.38  0.000e+00
       2095     20.000     7.0675     7.0603    -0.0073    0.81517    0.81448          1     7.5966     7.8227       9.96     0.0242  1.760e-13  1.000e-12  5.682e+02     7.0793     7.0743    -0.0050     5.4867     5.4833     19.815     20.260      0.197    1444.48    1444.44  0.000e+00
       2145     20.500     7.0684     7.0686     0.0002    0.81551    0.81529          1     7.5857     7.8165       9.96     0.0242  1.718e-13  1.000e-12  5.820e+02     7.0822     7.0801    -0.0021     5.4889     5.4873     20.310     20.766      0.361    1444.49    1444.49  0.000e+00
       2178     21.000     7.0577     7.0658     0.0081    0.81573    0.81548          1     7.5771     7.8249       9.96     0.0239  1.688e-13  1.000e-12  5.925e+02     7.0864     7.0824    -0.0040     5.4929     5.4893     20.805     21.273      0.317    1444.46    1444.49  0.000e+00
       2225     21.500     7.0527     7.0612     0.0084    0.81579    0.81560          1     7.5904     7.8248       9.96     0.0244  1.636e-13  1.000e-12  6.114e+02     7.0879     7.0844    -0.0035     5.4945     5.4912     21.301     21.779      0.248    1444.45    1444.48  0.000e+00
       2268     22.000     7.0161     7.0518     0.0357    0.81501    0.81568          1     7.5909     7.8324       9.96     0.0244  1.584e-13  1.000e-12  6.316e+02     7.0881     7.0870    -0.0010     5.4971     5.4939     21.796     22.286      0.300    1444.30    1444.45  0.000e+00
       2310     22.500     6.9658     7.0129     0.0471    0.81384    0.81489          1     7.5988     7.8527       9.96     0.0249  1.528e-13  1.000e-12  6.547e+02     7.0874     7.0876     0.0001     5.4999     5.4969     22.292     22.792      0.282    1444.10    1444.30  0.000e+00
       2351     23.000     6.9523     6.9823     0.0300    0.81353    0.81422          1     7.6129     7.8653       9.96     0.0252  1.474e-13  1.000e-12  6.785e+02     7.0873     7.0876     0.0003     5.5007     5.4990     22.787     23.299      0.289    1444.05    1444.18  0.000e+00
       2399     23.500     6.9441     6.9671     0.0229    0.81341    0.81389          1     7.6106     7.8665       9.96     0.0250  1.414e-13  1.000e-12  7.071e+02     7.0878     7.0875    -0.0002     5.5016     5.4999     23.282     23.805      0.234    1444.03    1444.12  0.000e+00
       2445     24.000     6.9437     6.9508     0.0071    0.81350    0.81358          1     7.6260     7.8653       9.96     0.0264  1.362e-13  1.000e-12  7.341e+02     7.0886     7.0879    -0.0007     5.5023     5.5013     23.778     24.312      0.308    1444.03    1444.06  0.000e+00
       2483     24.500     6.9434     6.9465     0.0030    0.81355    0.81354          1     7.6262     7.8570       9.96     0.0254  1.325e-13  1.000e-12  7.549e+02     7.0890     7.0883    -0.0007     5.5027     5.5019     24.273     24.818      0.314    1444.04    1444.05  0.000e+00
       2521     25.000     6.9487     6.9469    -0.0018    0.81383    0.81363          1     7.6292     7.8579       9.96     0.0252  1.294e-13  1.000e-12  7.728e+02     7.0905     7.0890    -0.0015     5.5035     5.5024     24.768     25.325      0.287    1444.07    1444.06  0.000e+00
       2576     25.500     6.9787     6.9542    -0.0244    0.81512    0.81398          1     7.6147     7.8353       9.96     0.0256  1.254e-13  1.000e-12  7.975e+02     7.0964     7.0907    -0.0056     5.5061     5.5033     25.264     25.831      0.234    1444.21    1444.10  0.000e+00
       2617     26.000     7.0354     6.9919    -0.0435    0.81726    0.81549          1     7.6132     7.8012       9.96     0.0253  1.230e-13  1.000e-12  8.129e+02     7.1047     7.0971    -0.0075     5.5088     5.5058     25.759     26.338      0.378    1444.47    1444.28  0.000e+00
       2651     26.500     7.0783     7.0272    -0.0513    0.81886    0.81682          1     7.5785     7.7772       9.96     0.0241  1.217e-13  1.000e-12  8.215e+02     7.1107     7.1022    -0.0084     5.5106     5.5075     26.254     26.844      0.271    1444.66    1444.44  0.000e+00
       2717     27.000     7.1250     7.0828    -0.0423    0.82129    0.81917          1     7.5428     7.7167       9.96     0.0230  1.196e-13  1.000e-12  8.364e+02     7.1237     7.1126    -0.0111     5.5177     5.5119     26.750     27.351      0.243    1444.88    1444.69  0.000e+00
       2756     27.500     7.1115     7.1117     0.0003    0.82115    0.82082          1     7.5127     7.7023       9.96     0.0234  1.193e-13  1.000e-12  8.379e+02     7.1251     7.1220    -0.0031     5.5197     5.5172     27.245     27.857      0.374    1444.84    1444.83  0.000e+00
