ctdpy/exports/archive_20191120_135557/received_data/SBE09_0827_20181010_1732_26_01_1062.cnv
* Sea-Bird SBE 9 Data File:
* FileName = D:\CTD_SBE911\DAT\26DA.2018.10.62.hex
* Software Version Seasave V 7.21d
* Temperature SN = 4548
* Conductivity SN = 3062
* Number of Bytes Per Scan = 48
* Number of Voltage Words = 5
* Number of Scans Averaged by the Deck Unit = 1
* NMEA Latitude = 57 34.91 N
* NMEA Longitude = 019 29.93 E
* NMEA UTC (Time) = Oct 10 2018  17:35:07
* NMEA baud rate = 4800
** Ship: DANA
** Average sound velocity: 1446.01 m/s
** True-depth calculation Thu, 28 Mar 2019 12:24:53 +0000
** CTD Python Module SMHI /ver 3-12/ feb 2012 
** LIMS Job: 20182601-1062
** Operator: Christian A-KTh
** Cruise: 10/2018
# nquan = 26
# nvalues = 194                         
# units = specified
# name 0 = scan: Scan Count
# name 1 = prDM: Pressure, Digiquartz [db]
# name 2 = t090C: Temperature [ITS-90, deg C]
# name 3 = t190C: Temperature, 2 [ITS-90, deg C]
# name 4 = T2-T190C: Temperature Difference, 2 - 1 [ITS-90, deg C]
# name 5 = c0S/m: Conductivity [S/m]
# name 6 = c1S/m: Conductivity, 2 [S/m]
# name 7 = pumps: Pump Status
# name 8 = sbeox1ML/L: Oxygen, SBE 43, 2 [ml/l]
# name 9 = sbeox0ML/L: Oxygen, SBE 43 [ml/l]
# name 10 = altM: Altimeter [m]
# name 11 = chloroflTC0: Chlorophyll, Turner Cyclops [ug/l]
# name 12 = cpar: CPAR/Corrected Irradiance [%]
# name 13 = par: PAR/Irradiance, Biospherical/Lico [µE/(cm^2*s)]
# name 14 = spar: SPAR, Biospherical/Licor
# name 15 = sal00: Salinity, Practical [PSU]
# name 16 = sal11: Salinity, Practical, 2 [PSU]
# name 17 = secS-priS: Salinity, Practical, Difference, 2 - 1 [PSU]
# name 18 = sigma-t00: Density [sigma-t, kg/m^3 ]
# name 19 = sigma-t11: Density, 2 [sigma-t, kg/m^3 ]
# name 20 = depSM: Depth [salt water, m], lat = 57.5818
# name 21 = depFM: Depth [true depth, m], lat = 57.5818
# name 22 = dz/dtM: Descent Rate [m/s], WS = 2
# name 23 = svCM: Sound Velocity [Chen-Millero, m/s]
# name 24 = svCM1: Sound Velocity, 2 [Chen-Millero, m/s]
# name 25 = flag: flag
# span 0 =         80,      11874       
# span 1 =      1.500,     98.000       
# span 2 =     3.5613,    12.0049       
# span 3 =     3.5705,    12.0021       
# span 4 =    -0.1753,     1.0061       
# span 5 =   0.764199,   1.217155       
# span 6 =   0.765068,   1.217178       
# span 7 =          1,          1       
# span 8 =     0.0414,     7.9224       
# span 9 =     0.0444,     7.4556       
# span 10 =       0.91,       9.97      
# span 11 =     0.0159,     0.0347      
# span 12 = 4.9241e-11, 4.9241e-11      
# span 13 = 1.0000e-12, 1.0000e-12      
# span 14 = 2.0308e+00, 2.0308e+00      
# span 15 =     6.7578,    11.1637      
# span 16 =     6.7579,    11.1635      
# span 17 =    -0.2728,     0.0040      
# span 18 =     4.7431,     8.7550      
# span 19 =     4.7436,     8.7548      
# span 20 =      1.486,     97.072      
# span 21 =      1.521,     99.189      
# span 22 =     -0.233,      0.529      
# span 23 =    1430.07,    1463.32      
# span 24 =    1430.12,    1463.32      
# span 25 = 0.0000e+00, 0.0000e+00      
# interval = decibars: 0.5              
# start_time = Oct 10 2018 17:35:08 [NMEA time, first data scan]
# bad_flag = -9.990e-29
*END*
         80      1.500    11.9997    11.9988    -0.0009    0.88658    0.88658          1     7.1335     6.6767       9.97     0.0339  4.924e-11  1.000e-12  2.031e+00     6.7580     6.7581     0.0001     4.7439     4.7441      1.486      1.521      0.173    1463.23    1463.23  0.000e+00
        408      2.000    11.9959    11.9942    -0.0017    0.88655    0.88654          1     7.1325     6.6790       9.97     0.0311  4.924e-11  1.000e-12  2.031e+00     6.7584     6.7586     0.0002     4.7447     4.7451      1.982      2.027      0.529    1463.23    1463.22  0.000e+00
        427      2.500    12.0005    12.0004    -0.0001    0.88662    0.88662          1     7.1348     6.6788       9.97     0.0311  4.924e-11  1.000e-12  2.031e+00     6.7580     6.7581     0.0000     4.7439     4.7439      2.477      2.534      0.445    1463.25    1463.25  0.000e+00
        497      3.000    11.9998    12.0021     0.0022    0.88662    0.88664          1     7.1326     6.6702       9.97     0.0333  4.924e-11  1.000e-12  2.031e+00     6.7581     6.7579    -0.0002     4.7440     4.7436      2.972      3.041      0.304    1463.26    1463.27  0.000e+00
        533      3.500    12.0049    12.0002    -0.0047    0.88669    0.88664          1     7.1320     6.6756       9.97     0.0317  4.924e-11  1.000e-12  2.031e+00     6.7578     6.7582     0.0004     4.7431     4.7440      3.468      3.548      0.381    1463.29    1463.27  0.000e+00
        587      4.000    11.9975    11.9975    -0.0001    0.88660    0.88661          1     7.1313     6.6809       9.97     0.0334  4.924e-11  1.000e-12  2.031e+00     6.7583     6.7584     0.0001     4.7444     4.7445      3.963      4.055      0.243    1463.27    1463.27  0.000e+00
        634      4.500    11.9979    11.9971    -0.0008    0.88661    0.88661          1     7.1422     6.6750       9.97     0.0326  4.924e-11  1.000e-12  2.031e+00     6.7583     6.7584     0.0001     4.7444     4.7446      4.458      4.562      0.351    1463.28    1463.27  0.000e+00
        673      5.000    11.9962    11.9933    -0.0029    0.88660    0.88657          1     7.1365     6.6762       9.97     0.0335  4.924e-11  1.000e-12  2.031e+00     6.7584     6.7587     0.0003     4.7447     4.7453      4.954      5.069      0.242    1463.28    1463.27  0.000e+00
        730      5.500    11.9931    11.9910    -0.0022    0.88656    0.88653          1     7.1230     6.6841       9.97     0.0347  4.924e-11  1.000e-12  2.031e+00     6.7586     6.7588     0.0002     4.7453     4.7457      5.449      5.576      0.294    1463.28    1463.27  0.000e+00
        760      6.000    11.9918    11.9912    -0.0007    0.88653    0.88654          1     7.1223     6.6753       9.97     0.0318  4.924e-11  1.000e-12  2.031e+00     6.7586     6.7588     0.0002     4.7454     4.7456      5.945      6.082      0.381    1463.28    1463.28  0.000e+00
        803      6.500    11.9914    11.9911    -0.0003    0.88653    0.88655          1     7.1223     6.6843       9.97     0.0331  4.924e-11  1.000e-12  2.031e+00     6.7586     6.7588     0.0002     4.7455     4.7457      6.440      6.589      0.233    1463.28    1463.28  0.000e+00
        856      7.000    11.9900    11.9898    -0.0003    0.88653    0.88654          1     7.1299     6.6714       9.97     0.0335  4.924e-11  1.000e-12  2.031e+00     6.7588     6.7589     0.0001     4.7458     4.7459      6.935      7.096      0.318    1463.29    1463.29  0.000e+00
        894      7.500    11.9898    11.9929     0.0031    0.88650    0.88653          1     7.1184     6.6729       9.97     0.0324  4.924e-11  1.000e-12  2.031e+00     6.7586     6.7583    -0.0003     4.7457     4.7450      7.431      7.603      0.265    1463.29    1463.31  0.000e+00
        942      8.000    11.9903    11.9935     0.0031    0.88651    0.88657          1     7.1316     6.6760       9.97     0.0337  4.924e-11  1.000e-12  2.031e+00     6.7585     6.7584    -0.0001     4.7455     4.7450      7.926      8.110      0.288    1463.31    1463.32  0.000e+00
        981      8.500    11.9918    11.9898    -0.0020    0.88655    0.88655          1     7.1284     6.6693       9.97     0.0324  4.924e-11  1.000e-12  2.031e+00     6.7585     6.7589     0.0004     4.7453     4.7459      8.421      8.617      0.276    1463.32    1463.31  0.000e+00
       1028      9.000    11.9897    11.9851    -0.0046    0.88654    0.88651          1     7.1173     6.6799       9.97     0.0325  4.924e-11  1.000e-12  2.031e+00     6.7587     6.7594     0.0006     4.7458     4.7469      8.917      9.124      0.248    1463.32    1463.30  0.000e+00
       1078      9.500    11.9826    11.9799    -0.0027    0.88646    0.88645          1     7.1233     6.6758       9.97     0.0330  4.924e-11  1.000e-12  2.031e+00     6.7593     6.7597     0.0004     4.7472     4.7478      9.412      9.630      0.239    1463.30    1463.29  0.000e+00
       1125     10.000    11.9770    11.9810     0.0040    0.88639    0.88646          1     7.1182     6.6693       9.97     0.0322  4.924e-11  1.000e-12  2.031e+00     6.7597     6.7596    -0.0001     4.7482     4.7476      9.907     10.137      0.287    1463.29    1463.30  0.000e+00
       1167     10.500    11.9680    11.9756     0.0076    0.88626    0.88639          1     7.1072     6.6702       9.97     0.0319  4.924e-11  1.000e-12  2.031e+00     6.7602     6.7599    -0.0003     4.7498     4.7485     10.403     10.644      0.242    1463.26    1463.29  0.000e+00
       1226     11.000    11.9662    11.9700     0.0038    0.88625    0.88631          1     7.1002     6.6708       9.97     0.0338  4.924e-11  1.000e-12  2.031e+00     6.7604     6.7602    -0.0002     4.7502     4.7495     10.898     11.151      0.227    1463.27    1463.28  0.000e+00
       1268     11.500    11.9654    11.9682     0.0027    0.88626    0.88630          1     7.1041     6.6654       9.97     0.0313  4.924e-11  1.000e-12  2.031e+00     6.7606     6.7604    -0.0001     4.7504     4.7499     11.394     11.658      0.304    1463.27    1463.28  0.000e+00
       1314     12.000    11.9655    11.9670     0.0014    0.88627    0.88630          1     7.1137     6.6693       9.97     0.0326  4.924e-11  1.000e-12  2.031e+00     6.7605     6.7605     0.0000     4.7504     4.7502     11.889     12.165      0.227    1463.28    1463.29  0.000e+00
       1365     12.500    11.9634    11.9660     0.0026    0.88625    0.88630          1     7.1034     6.6603       9.97     0.0319  4.924e-11  1.000e-12  2.031e+00     6.7608     6.7607    -0.0001     4.7508     4.7504     12.384     12.672      0.286    1463.28    1463.29  0.000e+00
       1404     13.000    11.9553    11.9620     0.0067    0.88616    0.88625          1     7.1013     6.6619       9.97     0.0310  4.924e-11  1.000e-12  2.031e+00     6.7615     6.7610    -0.0005     4.7524     4.7511     12.880     13.178      0.270    1463.26    1463.28  0.000e+00
       1460     13.500    11.9452    11.9542     0.0090    0.88606    0.88617          1     7.0890     6.6519       9.97     0.0326  4.924e-11  1.000e-12  2.031e+00     6.7624     6.7617    -0.0007     4.7544     4.7527     13.375     13.685      0.207    1463.23    1463.26  0.000e+00
       1511     14.000    11.9406    11.9488     0.0082    0.88602    0.88613          1     7.0814     6.6581       9.97     0.0308  4.924e-11  1.000e-12  2.031e+00     6.7628     6.7622    -0.0006     4.7554     4.7538     13.870     14.192      0.267    1463.22    1463.25  0.000e+00
       1555     14.500    11.9338    11.9431     0.0093    0.88597    0.88608          1     7.0826     6.6597       9.97     0.0301  4.924e-11  1.000e-12  2.031e+00     6.7636     6.7628    -0.0008     4.7568     4.7550     14.366     14.699      0.263    1463.21    1463.24  0.000e+00
       1603     15.000    11.9292    11.9344     0.0053    0.88594    0.88600          1     7.0833     6.6512       9.97     0.0300  4.924e-11  1.000e-12  2.031e+00     6.7641     6.7637    -0.0004     4.7578     4.7568     14.861     15.206      0.231    1463.20    1463.22  0.000e+00
       1656     15.500    11.9220    11.9312     0.0092    0.88587    0.88598          1     7.0748     6.6488       9.97     0.0303  4.924e-11  1.000e-12  2.031e+00     6.7648     6.7641    -0.0007     4.7593     4.7575     15.356     15.713      0.250    1463.18    1463.21  0.000e+00
       1699     16.000    11.9095    11.9220     0.0124    0.88572    0.88588          1     7.0668     6.6441       9.97     0.0293  4.924e-11  1.000e-12  2.031e+00     6.7658     6.7649    -0.0009     4.7617     4.7594     15.852     16.220      0.288    1463.14    1463.19  0.000e+00
       1746     16.500    11.9056    11.9120     0.0064    0.88567    0.88577          1     7.0692     6.6343       9.97     0.0293  4.924e-11  1.000e-12  2.031e+00     6.7661     6.7657    -0.0003     4.7624     4.7613     16.347     16.726      0.224    1463.14    1463.16  0.000e+00
       1802     17.000    11.9017    11.9075     0.0059    0.88566    0.88573          1     7.0629     6.6341       9.97     0.0293  4.924e-11  1.000e-12  2.031e+00     6.7666     6.7661    -0.0005     4.7633     4.7622     16.842     17.233      0.221    1463.13    1463.15  0.000e+00
       1852     17.500    11.8969    11.9026     0.0058    0.88564    0.88570          1     7.0549     6.6265       9.97     0.0289  4.924e-11  1.000e-12  2.031e+00     6.7672     6.7667    -0.0005     4.7644     4.7633     17.338     17.740      0.259    1463.12    1463.14  0.000e+00
       1897     18.000    11.8857    11.8936     0.0080    0.88555    0.88564          1     7.0516     6.6193       9.97     0.0281  4.924e-11  1.000e-12  2.031e+00     6.7685     6.7678    -0.0007     4.7669     4.7653     17.833     18.247      0.270    1463.09    1463.12  0.000e+00
       1942     18.500    11.8755    11.8841     0.0086    0.88550    0.88558          1     7.0535     6.6159       9.97     0.0276  4.924e-11  1.000e-12  2.031e+00     6.7698     6.7690    -0.0009     4.7692     4.7674     18.328     18.754      0.268    1463.06    1463.09  0.000e+00
       1992     19.000    11.8664    11.8747     0.0083    0.88545    0.88552          1     7.0644     6.6148       9.97     0.0275  4.924e-11  1.000e-12  2.031e+00     6.7711     6.7702    -0.0009     4.7714     4.7696     18.824     19.261      0.212    1463.04    1463.07  0.000e+00
       2044     19.500    11.8603    11.8674     0.0071    0.88544    0.88550          1     7.0601     6.6278       9.97     0.0269  4.924e-11  1.000e-12  2.031e+00     6.7721     6.7712    -0.0008     4.7729     4.7713     19.319     19.768      0.276    1463.02    1463.05  0.000e+00
       2088     20.000    11.8443    11.8551     0.0108    0.88541    0.88547          1     7.0495     6.6189       9.97     0.0269  4.924e-11  1.000e-12  2.031e+00     6.7746     6.7731    -0.0015     4.7769     4.7744     19.814     20.274      0.242    1462.98    1463.01  0.000e+00
       2141     20.500    11.8040    11.8323     0.0283    0.88541    0.88547          1     7.0536     6.6274       9.97     0.0262  4.924e-11  1.000e-12  2.031e+00     6.7819     6.7772    -0.0046     4.7877     4.7805     20.310     20.781      0.255    1462.84    1462.94  0.000e+00
       2183     21.000    11.7699    11.7967     0.0268    0.88544    0.88548          1     7.0566     6.6227       9.97     0.0252  4.924e-11  1.000e-12  2.031e+00     6.7883     6.7838    -0.0045     4.7970     4.7901     20.805     21.288      0.268    1462.73    1462.83  0.000e+00
       2237     21.500    11.7140    11.7549     0.0412    0.88544    0.88553          1     7.0617     6.6548       9.97     0.0256  4.924e-11  1.000e-12  2.031e+00     6.7984     6.7917    -0.0067     4.8120     4.8016     21.300     21.795      0.222    1462.54    1462.69  0.000e+00
       2279     22.000    11.5660    11.6604     0.0943    0.88553    0.88559          1     7.0831     6.6538       9.97     0.0246  4.924e-11  1.000e-12  2.031e+00     6.8261     6.8093    -0.0167     4.8521     4.8272     21.796     22.302      0.345    1462.03    1462.36  0.000e+00
       2318     22.500    11.4839    11.5512     0.0673    0.88555    0.88568          1     7.0841     6.6704       9.97     0.0246  4.924e-11  1.000e-12  2.031e+00     6.8412     6.8300    -0.0112     4.8740     4.8570     22.291     22.809      0.238    1461.75    1461.99  0.000e+00
       2379     23.000    11.3469    11.4337     0.0868    0.88562    0.88574          1     7.1054     6.6769       9.97     0.0248  4.924e-11  1.000e-12  2.031e+00     6.8671     6.8520    -0.0150     4.9111     4.8887     22.786     23.315      0.235    1461.27    1461.58  0.000e+00
       2422     23.500    11.3014    11.3451     0.0437    0.88637    0.88611          1     7.0878     6.6697       9.97     0.0240  4.924e-11  1.000e-12  2.031e+00     6.8817     6.8714    -0.0103     4.9279     4.9146     23.282     23.822      0.295    1461.12    1461.28  0.000e+00
       2466     24.000    11.2003    11.2562     0.0558    0.88628    0.88663          1     7.0728     6.6720       9.97     0.0236  4.924e-11  1.000e-12  2.031e+00     6.8997     6.8922    -0.0075     4.9542     4.9416     23.777     24.329      0.248    1460.77    1460.98  0.000e+00
       2515     24.500    11.1709    11.1981     0.0272    0.88607    0.88633          1     7.0851     6.6629       9.97     0.0229  4.924e-11  1.000e-12  2.031e+00     6.9034     6.9004    -0.0030     4.9606     4.9550     24.272     24.836      0.265    1460.67    1460.77  0.000e+00
       2561     25.000    11.1578    11.1741     0.0163    0.88593    0.88623          1     7.0888     6.6545       9.97     0.0229  4.924e-11  1.000e-12  2.031e+00     6.9046     6.9040    -0.0006     4.9631     4.9607     24.768     25.342      0.241    1460.64    1460.70  0.000e+00
       2611     25.500    11.1443    11.1602     0.0160    0.88582    0.88608          1     7.0941     6.6552       9.97     0.0225  4.924e-11  1.000e-12  2.031e+00     6.9061     6.9053    -0.0008     4.9659     4.9633     25.263     25.849      0.270    1460.59    1460.65  0.000e+00
       2652     26.000    11.1349    11.1450     0.0101    0.88586    0.88599          1     7.0883     6.6579       9.97     0.0224  4.924e-11  1.000e-12  2.031e+00     6.9081     6.9073    -0.0008     4.9686     4.9668     25.758     26.356      0.273    1460.57    1460.61  0.000e+00
       2711     26.500    11.1302    11.1371     0.0069    0.88590    0.88602          1     7.0960     6.6553       9.97     0.0229  4.924e-11  1.000e-12  2.031e+00     6.9093     6.9090    -0.0003     4.9701     4.9690     26.254     26.863      0.212    1460.56    1460.58  0.000e+00
       2760     27.000    11.1302    11.1333     0.0031    0.88598    0.88604          1     7.0986     6.6601       9.97     0.0221  4.924e-11  1.000e-12  2.031e+00     6.9100     6.9098    -0.0001     4.9706     4.9701     26.749     27.369      0.322    1460.57    1460.58  0.000e+00
       2797     27.500    11.1314    11.1319     0.0006    0.88606    0.88607          1     7.0963     6.6601       9.97     0.0221  4.924e-11  1.000e-12  2.031e+00     6.9103     6.9103    -0.0000     4.9708     4.9707     27.244     27.876      0.292    1460.58    1460.58  0.000e+00
       2846     28.000    11.1295    11.1314     0.0019    0.88607    0.88611          1     7.0929     6.6623       9.97     0.0229  4.924e-11  1.000e-12  2.031e+00     6.9107     6.9107    -0.0000     4.9713     4.9710     27.740     28.383      0.227    1460.58    1460.59  0.000e+00
       2895     28.500    11.1265    11.1301     0.0037    0.88615    0.88617          1     7.0923     6.6672       9.97     0.0222  4.924e-11  1.000e-12  2.031e+00     6.9119     6.9113    -0.0006     4.9726     4.9717     28.235     28.890      0.277    1460.58    1460.59  0.000e+00
