ctdpy/exports/archive_20191120_135557/received_data/SBE09_1044_20180419_1309_34_07_0021.cnv
* Sea-Bird SBE 9 Data File:
* FileName = C:\ctd\temp\2018\AU18D021.hex
* Software Version Seasave V 7.26.6.26
* Temperature SN = 5351
* Conductivity SN = 3941
* Number of Bytes Per Scan = 41
* Number of Voltage Words = 4
* Number of Scans Averaged by the Deck Unit = 1
* NMEA Latitude = 58 00.99 N
* NMEA Longitude = 017 59.08 E
* NMEA UTC (Time) = Apr 19 2018  13:10:02
* NMEA baud rate = 4800
** Station:  BY32
** Operator:  SSip
** Ship: AURA
** Average sound velocity: 1438.11 m/s
** True-depth calculation Thu, 19 Apr 2018 14:18:44 +0000
** CTD Python Module SMHI /ver 3-12/ feb 2012 
** LIMS Job: 20183407-0021
** Cruise: SMHI-01-2018
** Latitude [GG MM.mm N] :
** Longitude [GG MM.mm E]:
# nquan = 26
# nvalues = 392                         
# units = specified
# name 0 = scan: Scan Count
# name 1 = prDM: Pressure, Digiquartz [db]
# name 2 = t090C: Temperature [ITS-90, deg C]
# name 3 = t190C: Temperature, 2 [ITS-90, deg C]
# name 4 = T2-T190C: Temperature Difference, 2 - 1 [ITS-90, deg C]
# name 5 = c0S/m: Conductivity [S/m]
# name 6 = c1S/m: Conductivity, 2 [S/m]
# name 7 = pumps: Pump Status
# name 8 = sbeox0ML/L: Oxygen, SBE 43 [ml/l]
# name 9 = sbeox1ML/L: Oxygen, SBE 43, 2 [ml/l]
# name 10 = altM: Altimeter [m]
# name 11 = flECO-AFL: Chl-a Fluorescence, WET Labs ECO-AFL/FL [mg/m^3]
# name 12 = flECO-AFL1: Phycocyanin Fluorescence, WET Labs ECO-AFL/FL, 2 [mg/m^3]
# name 13 = par: PAR/Irradiance, Biospherical/Lico [µE/(cm^2*s)]
# name 14 = turbWETntu0: Turbidity, WET Labs ECO [NTU]
# name 15 = sal00: Salinity, Practical [PSU]
# name 16 = sal11: Salinity, Practical, 2 [PSU]
# name 17 = secS-priS: Salinity, Practical, Difference, 2 - 1 [PSU]
# name 18 = sigma-t00: Density [sigma-t, Kg/m^3 ]
# name 19 = sigma-t11: Density, 2 [sigma-t, Kg/m^3 ]
# name 20 = depSM: Depth [salt water, m], lat = 58.0165
# name 21 = depFM: Depth [true depth, m], lat = 58.0165
# name 22 = dz/dtM: Descent Rate [m/s], WS = 2
# name 23 = svCM: Sound Velocity [Chen-Millero, m/s]
# name 24 = svCM1: Sound Velocity, 2 [Chen-Millero, m/s]
# name 25 = flag: flag
# span 0 =       7190,      17067       
# span 1 =      1.000,    196.500       
# span 2 =     2.4065,     5.8826       
# span 3 =     2.4066,     5.8834       
# span 4 =    -0.0385,     0.0294       
# span 5 =   0.708545,   1.166200       
# span 6 =   0.708484,   1.166198       
# span 7 =          1,          1       
# span 8 =    0.02291,   10.41499       
# span 9 =    0.02700,   10.23351       
# span 10 =       4.48,      98.71      
# span 11 =     0.2816,     8.8665      
# span 12 =     0.1480,     1.7785      
# span 13 = -2.303e-06, 1.2753e+03      
# span 14 =     0.1361,     1.8814      
# span 15 =     6.9332,    10.7485      
# span 16 =     6.9325,    10.7482      
# span 17 =    -0.0071,     0.0010      
# span 18 =     5.5200,     8.4499      
# span 19 =     5.5191,     8.4497      
# span 20 =      0.991,    194.586      
# span 21 =      1.013,    198.695      
# span 22 =      0.058,      0.594      
# span 23 =    1423.73,    1446.89      
# span 24 =    1423.73,    1446.89      
# span 25 = 0.0000e+00, 0.0000e+00      
# interval = decibars: 0.5              
# start_time = Apr 19 2018 13:10:02 [NMEA time, first data scan]
# bad_flag = -9.990e-29
*END*
[from data line 335]
      15334    168.500     5.8652     5.8659     0.0007    1.16265    1.16264          1     0.0319     0.0332      33.58     0.3725     0.2214  1.000e-12  0.9812000    10.7235    10.7232    -0.0003     8.4314     8.4311    166.870    170.415      0.465    1446.34    1446.34  0.000e+00
      15360    169.000     5.8652     5.8660     0.0008    1.16267    1.16266          1     0.0319     0.0340      33.08     0.3773     0.2369  1.000e-12  0.9756000    10.7236    10.7233    -0.0003     8.4314     8.4311    167.365    170.920      0.462    1446.35    1446.35  0.000e+00
      15386    169.500     5.8653     5.8661     0.0008    1.16267    1.16267          1     0.0285     0.0327      32.56     0.3590     0.2164  1.000e-12  0.9737000    10.7236    10.7233    -0.0003     8.4314     8.4311    167.860    171.425      0.451    1446.36    1446.36  0.000e+00
      15413    170.000     5.8654     5.8661     0.0007    1.16270    1.16270          1     0.0305     0.0331      32.01     0.3485     0.1957  1.000e-12  0.9779000    10.7237    10.7234    -0.0003     8.4315     8.4312    168.355    171.930      0.440    1446.37    1446.37  0.000e+00
      15440    170.500     5.8657     5.8664     0.0008    1.16275    1.16274          1     0.0317     0.0338      31.48     0.3713     0.2182  1.000e-12  0.9839000    10.7240    10.7237    -0.0003     8.4317     8.4314    168.850    172.435      0.445    1446.37    1446.38  0.000e+00
      15467    171.000     5.8661     5.8667     0.0007    1.16281    1.16280          1     0.0303     0.0326      30.96     0.3664     0.2445  1.000e-12  0.9898000    10.7243    10.7241    -0.0003     8.4319     8.4317    169.345    172.940      0.463    1446.39    1446.39  0.000e+00
      15492    171.500     5.8662     5.8669     0.0007    1.16283    1.16283          1     0.0312     0.0341      30.47     0.3860     0.2320  1.000e-12  0.9957000    10.7245    10.7242    -0.0003     8.4320     8.4318    169.840    173.445      0.468    1446.39    1446.40  0.000e+00
      15518    172.000     5.8664     5.8671     0.0007    1.16287    1.16286          1     0.0302     0.0328      29.95     0.3699     0.2547  1.000e-12  0.9839000    10.7247    10.7244    -0.0004     8.4322     8.4319    170.335    173.950      0.457    1446.40    1446.41  0.000e+00
      15545    172.500     5.8665     5.8672     0.0007    1.16290    1.16288          1     0.0285     0.0307      29.48     0.3599     0.2432  1.000e-12  1.0081000    10.7248    10.7245    -0.0004     8.4323     8.4320    170.830    174.455      0.450    1446.41    1446.41  0.000e+00
      15571    173.000     5.8666     5.8672     0.0006    1.16291    1.16290          1     0.0313     0.0331      28.99     0.3790     0.2533  1.000e-12  0.9859000    10.7248    10.7245    -0.0003     8.4323     8.4320    171.325    174.960      0.452    1446.42    1446.42  0.000e+00
      15598    173.500     5.8666     5.8673     0.0007    1.16292    1.16291          1     0.0289     0.0333      28.41     0.3720     0.2480  1.000e-12  0.9902000    10.7249    10.7245    -0.0003     8.4323     8.4320    171.820    175.465      0.447    1446.43    1446.43  0.000e+00
      15625    174.000     5.8667     5.8673     0.0007    1.16294    1.16293          1     0.0290     0.0320      27.89     0.3503     0.2465  1.000e-12  0.9802000    10.7250    10.7247    -0.0003     8.4324     8.4321    172.315    175.970      0.441    1446.44    1446.44  0.000e+00
      15652    174.500     5.8668     5.8675     0.0007    1.16297    1.16297          1     0.0293     0.0323      27.37     0.3480     0.2686  1.000e-12  0.9746000    10.7251    10.7249    -0.0003     8.4325     8.4323    172.810    176.475      0.447    1446.45    1446.45  0.000e+00
      15678    175.000     5.8672     5.8679     0.0007    1.16303    1.16302          1     0.0295     0.0319      26.88     0.3613     0.2573  1.000e-12  0.9862000    10.7255    10.7252    -0.0003     8.4328     8.4325    173.305    176.980      0.468    1446.45    1446.46  0.000e+00
      15704    175.500     5.8677     5.8685     0.0008    1.16312    1.16311          1     0.0296     0.0329      26.38     0.3828     0.2375  1.000e-12  0.9913000    10.7262    10.7258    -0.0004     8.4333     8.4330    173.800    177.485      0.463    1446.47    1446.47  0.000e+00
      15731    176.000     5.8677     5.8684     0.0007    1.16313    1.16312          1     0.0299     0.0287      25.84     0.3666     0.2556  1.000e-12  0.9787000    10.7262    10.7258    -0.0004     8.4333     8.4329    174.294    177.990      0.436    1446.47    1446.48  0.000e+00
      15759    176.500     5.8682     5.8690     0.0008    1.16320    1.16320          1     0.0284     0.0311      25.29     0.3434     0.2325  1.000e-12  0.9809000    10.7266    10.7264    -0.0002     8.4336     8.4333    174.789    178.495      0.434    1446.49    1446.49  0.000e+00
      15786    177.000     5.8687     5.8693     0.0006    1.16328    1.16326          1     0.0298     0.0329      24.79     0.3798     0.2156  1.000e-12  0.9871000    10.7272    10.7268    -0.0004     8.4340     8.4337    175.284    179.000      0.452    1446.50    1446.50  0.000e+00
      15812    177.500     5.8688     5.8697     0.0008    1.16333    1.16332          1     0.0297     0.0304      24.28     0.3634     0.2119  1.000e-12  0.9840000    10.7275    10.7272    -0.0003     8.4342     8.4340    175.779    179.505      0.451    1446.51    1446.51  0.000e+00
      15839    178.000     5.8689     5.8697     0.0008    1.16335    1.16334          1     0.0297     0.0322      23.75     0.3507     0.2071  1.000e-12  0.9655000    10.7276    10.7273    -0.0003     8.4343     8.4340    176.274    180.010      0.437    1446.51    1446.52  0.000e+00
      15867    178.500     5.8691     5.8699     0.0008    1.16338    1.16337          1     0.0285     0.0309      23.23     0.3585     0.2261  1.000e-12  0.9755000    10.7277    10.7275    -0.0003     8.4344     8.4342    176.769    180.515      0.443    1446.52    1446.52  0.000e+00
      15893    179.000     5.8699     5.8706     0.0007    1.16351    1.16349          1     0.0289     0.0310      22.73     0.3641     0.1904  1.000e-12  0.9766000    10.7287    10.7283    -0.0004     8.4351     8.4348    177.264    181.020      0.453    1446.54    1446.54  0.000e+00
      15920    179.500     5.8702     5.8709     0.0007    1.16356    1.16354          1     0.0292     0.0286      22.20     0.3531     0.2431  1.000e-12  0.9762000    10.7290    10.7286    -0.0004     8.4354     8.4350    177.759    181.525      0.445    1446.55    1446.55  0.000e+00
      15947    180.000     5.8707     5.8714     0.0007    1.16364    1.16363          1     0.0292     0.0297      21.69     0.3553     0.1821  1.000e-12  0.9783000    10.7296    10.7292    -0.0004     8.4358     8.4355    178.254    182.030      0.444    1446.56    1446.56  0.000e+00
      15974    180.500     5.8715     5.8723     0.0007    1.16378    1.16377          1     0.0287     0.0291      21.17     0.3575     0.2113  1.000e-12  0.9800000    10.7306    10.7303    -0.0004     8.4366     8.4362    178.749    182.535      0.454    1446.57    1446.57  0.000e+00
      16000    181.000     5.8723     5.8731     0.0007    1.16393    1.16391          1     0.0286     0.0300      20.66     0.3692     0.2098  1.000e-12  0.9877000    10.7317    10.7313    -0.0004     8.4374     8.4370    179.244    183.040      0.440    1446.58    1446.58  0.000e+00
      16029    181.500     5.8725     5.8733     0.0008    1.16397    1.16396          1     0.0285     0.0310      20.13     0.3750     0.2428  1.000e-12  0.9862000    10.7321    10.7317    -0.0003     8.4376     8.4373    179.739    183.545      0.421    1446.59    1446.59  0.000e+00
      16056    182.000     5.8728     5.8734     0.0007    1.16402    1.16401          1     0.0275     0.0295      19.61     0.3802     0.2473  1.000e-12  1.0103000    10.7323    10.7321    -0.0003     8.4378     8.4376    180.234    184.050      0.457    1446.60    1446.60  0.000e+00
      16081    182.500     5.8730     5.8738     0.0007    1.16409    1.16408          1     0.0282     0.0294      19.12     0.3723     0.2317  1.000e-12  0.9903000    10.7328    10.7325    -0.0003     8.4382     8.4379    180.729    184.555      0.492    1446.61    1446.61  0.000e+00
      16106    183.000     5.8734     5.8741     0.0007    1.16417    1.16416          1     0.0295     0.0294      18.61     0.3616     0.2446  1.000e-12  0.9898000    10.7335    10.7332    -0.0003     8.4387     8.4384    181.224    185.060      0.469    1446.62    1446.62  0.000e+00
      16133    183.500     5.8737     5.8744     0.0007    1.16427    1.16427          1     0.0290     0.0308      18.05     0.3495     0.2819  1.000e-12  0.9908000    10.7343    10.7340    -0.0003     8.4393     8.4390    181.719    185.565      0.410    1446.63    1446.63  0.000e+00
      16163    184.000     5.8739     5.8747     0.0008    1.16436    1.16435          1     0.0266     0.0296      17.51     0.3590     0.2111  1.000e-12  1.0422000    10.7350    10.7347    -0.0003     8.4399     8.4396    182.213    186.070      0.429    1446.64    1446.64  0.000e+00
      16189    184.500     5.8740     5.8748     0.0008    1.16450    1.16449          1     0.0272     0.0300      17.02     0.3585     0.2725  1.000e-12  0.9795000    10.7363    10.7359    -0.0003     8.4409     8.4405    182.708    186.575      0.479    1446.65    1446.65  0.000e+00
      16214    185.000     5.8747     5.8755     0.0008    1.16467    1.16467          1     0.0273     0.0289      16.53     0.3590     0.2716  1.000e-12  0.9991000    10.7377    10.7374    -0.0003     8.4419     8.4417    183.203    187.080      0.475    1446.66    1446.67  0.000e+00
      16240    185.500     5.8758     5.8765     0.0007    1.16484    1.16483          1     0.0287     0.0288      16.00     0.3494     0.2221  1.000e-12  1.0205000    10.7389    10.7386    -0.0003     8.4428     8.4425    183.698    187.585      0.441    1446.68    1446.68  0.000e+00
      16268    186.000     5.8765     5.8772     0.0007    1.16494    1.16494          1     0.0273     0.0301      15.47     0.3884     0.2202  1.000e-12  0.9981000    10.7397    10.7394    -0.0003     8.4434     8.4431    184.193    188.090      0.439    1446.69    1446.69  0.000e+00
      16295    186.500     5.8772     5.8779     0.0007    1.16505    1.16504          1     0.0264     0.0294      14.96     0.3504     0.2094  1.000e-12  0.9977000    10.7404    10.7401    -0.0003     8.4439     8.4436    184.688    188.595      0.454    1446.70    1446.70  0.000e+00
      16321    187.000     5.8776     5.8784     0.0007    1.16514    1.16513          1     0.0267     0.0298      14.44     0.3710     0.2346  1.000e-12  0.9990000    10.7410    10.7407    -0.0003     8.4444     8.4441    185.183    189.100      0.452    1446.71    1446.71  0.000e+00
      16348    187.500     5.8783     5.8790     0.0007    1.16526    1.16526          1     0.0276     0.0296      13.93     0.3649     0.2409  1.000e-12  1.0061000    10.7420    10.7417    -0.0003     8.4451     8.4448    185.678    189.605      0.445    1446.72    1446.73  0.000e+00
      16375    188.000     5.8789     5.8797     0.0008    1.16538    1.16537          1     0.0262     0.0297      13.40     0.3549     0.2271  1.000e-12  1.0069000    10.7428    10.7425    -0.0003     8.4457     8.4454    186.173    190.110      0.445    1446.73    1446.74  0.000e+00
      16401    188.500     5.8796     5.8804     0.0007    1.16553    1.16553          1     0.0275     0.0291      12.90     0.3669     0.2139  1.000e-12  1.0060000    10.7441    10.7438    -0.0003     8.4467     8.4464    186.668    190.615      0.458    1446.75    1446.75  0.000e+00
      16427    189.000     5.8806     5.8812     0.0007    1.16572    1.16570          1     0.0269     0.0289      12.38     0.3650     0.2430  1.000e-12  1.0173000    10.7455    10.7452    -0.0003     8.4477     8.4474    187.163    191.120      0.458    1446.76    1446.76  0.000e+00
      16454    189.500     5.8808     5.8816     0.0007    1.16578    1.16578          1     0.0246     0.0294      11.86     0.3654     0.2399  1.000e-12  1.0242000    10.7460    10.7457    -0.0003     8.4481     8.4478    187.658    191.625      0.438    1446.77    1446.77  0.000e+00
      16482    190.000     5.8812     5.8819     0.0007    1.16585    1.16584          1     0.0252     0.0294      11.34     0.3590     0.2361  1.000e-12  1.0252000    10.7465    10.7461    -0.0004     8.4484     8.4481    188.152    192.130      0.444    1446.78    1446.78  0.000e+00
      16508    190.500     5.8816     5.8823     0.0007    1.16590    1.16589          1     0.0267     0.0294      10.83     0.3585     0.2417  1.000e-12  1.0251000    10.7468    10.7465    -0.0003     8.4487     8.4484    188.647    192.635      0.466    1446.79    1446.79  0.000e+00
      16534    191.000     5.8817     5.8825     0.0008    1.16594    1.16593          1     0.0253     0.0290      10.33     0.3533     0.2302  1.000e-12  1.0155000    10.7470    10.7467    -0.0003     8.4489     8.4485    189.142    193.140      0.456    1446.80    1446.80  0.000e+00
      16561    191.500     5.8818     5.8826     0.0007    1.16597    1.16595          1     0.0263     0.0294       9.79     0.3546     0.2333  1.000e-12  1.0166000    10.7472    10.7468    -0.0004     8.4489     8.4486    189.637    193.645      0.418    1446.81    1446.81  0.000e+00
      16590    192.000     5.8820     5.8827     0.0007    1.16599    1.16598          1     0.0255     0.0292       9.28     0.3683     0.2565  1.000e-12  1.0164000    10.7472    10.7469    -0.0003     8.4490     8.4487    190.132    194.150      0.421    1446.82    1446.82  0.000e+00
      16618    192.500     5.8822     5.8829     0.0007    1.16601    1.16601          1     0.0252     0.0296       8.77     0.3608     0.2596  1.000e-12  1.0115000    10.7473    10.7471    -0.0003     8.4491     8.4488    190.627    194.655      0.464    1446.83    1446.83  0.000e+00
      16642    193.000     5.8823     5.8830     0.0007    1.16604    1.16603          1     0.0249     0.0290       8.28     0.3590     0.2183  1.000e-12  1.0150000    10.7474    10.7471    -0.0003     8.4491     8.4488    191.122    195.160      0.485    1446.84    1446.84  0.000e+00
      16668    193.500     5.8823     5.8831     0.0007    1.16605    1.16604          1     0.0260     0.0291       7.77     0.3678     0.2046  1.000e-12  1.0158000    10.7475    10.7472    -0.0003     8.4492     8.4489    191.617    195.665      0.454    1446.84    1446.85  0.000e+00
      16696    194.000     5.8823     5.8830     0.0007    1.16606    1.16605          1     0.0258     0.0286       7.22     0.3502     0.2526  1.000e-12  1.0169000    10.7475    10.7472    -0.0003     8.4492     8.4489    192.112    196.170      0.404    1446.85    1446.85  0.000e+00
      16726    194.500     5.8824     5.8831     0.0007    1.16607    1.16607          1     0.0240     0.0294       6.70     0.3487     0.2453  1.000e-12  1.0169000    10.7475    10.7472    -0.0003     8.4492     8.4489    192.607    196.675      0.409    1446.86    1446.86  0.000e+00
      16754    195.000     5.8826     5.8833     0.0008    1.16614    1.16613          1     0.0270     0.0295       6.19     0.3614     0.2153  1.000e-12  1.0216000    10.7480    10.7477    -0.0003     8.4496     8.4493    193.101    197.180      0.427    1446.87    1446.87  0.000e+00
      16784    195.500     5.8826     5.8834     0.0008    1.16620    1.16618          1     0.0229     0.0284       5.64     0.3614     0.2073  1.000e-12  1.0181000    10.7485    10.7481    -0.0004     8.4499     8.4496    193.596    197.685      0.372    1446.88    1446.88  0.000e+00
