ctdpy/exports/archive_20191120_135557/received_data/SBE09_1044_20181109_0246_34_01_0119.cnv
* Sea-Bird SBE 9 Data File:
* FileName = C:\ctd\temp\ar18d119.hex
* Software Version Seasave V 7.26.7.107
* Temperature SN = 5351
* Conductivity SN = 3941
* Number of Bytes Per Scan = 41
* Number of Voltage Words = 4
* Number of Scans Averaged by the Deck Unit = 1
* NMEA Latitude = 58 52.91 N
* NMEA Longitude = 020 19.64 E
* NMEA UTC (Time) = Nov 09 2018  02:47:21
* NMEA baud rate = 4800
** Station:  BY29
** Operator:  A-KTh
** Ship: ARANDA
** Average sound velocity: 1447.22 m/s
** True-depth calculation Fri, 09 Nov 2018 04:12:04 +0000
** CTD Python Module SMHI /ver 3-12/ feb 2012 
** LIMS Job: 20183401-0119
** Cruise: SMHI-6-2018
** Latitude [GG MM.mm N]:
** Longitude [GG MM.mm E]
# nquan = 26
# nvalues = 346                         
# units = specified
# name 0 = scan: Scan Count
# name 1 = prDM: Pressure, Digiquartz [db]
# name 2 = t090C: Temperature [ITS-90, deg C]
# name 3 = t190C: Temperature, 2 [ITS-90, deg C]
# name 4 = T2-T190C: Temperature Difference, 2 - 1 [ITS-90, deg C]
# name 5 = c0S/m: Conductivity [S/m]
# name 6 = c1S/m: Conductivity, 2 [S/m]
# name 7 = pumps: Pump Status
# name 8 = sbeox0ML/L: Oxygen, SBE 43 [ml/l]
# name 9 = sbeox1ML/L: Oxygen, SBE 43, 2 [ml/l]
# name 10 = altM: Altimeter [m]
# name 11 = flECO-AFL: Chl-a Fluorescence, WET Labs ECO-AFL/FL [mg/m^3]
# name 12 = flECO-AFL1: Phycocyanin Fluorescence, WET Labs ECO-AFL/FL, 2 [mg/m^3]
# name 13 = par: PAR/Irradiance, Biospherical/Lico [µE/(cm^2*s)]
# name 14 = turbWETntu0: Turbidity, WET Labs ECO [NTU]
# name 15 = sal00: Salinity, Practical [PSU]
# name 16 = sal11: Salinity, Practical, 2 [PSU]
# name 17 = secS-priS: Salinity, Practical, Difference, 2 - 1 [PSU]
# name 18 = sigma-t00: Density [sigma-t, Kg/m^3 ]
# name 19 = sigma-t11: Density, 2 [sigma-t, Kg/m^3 ]
# name 20 = depSM: Depth [salt water, m], lat = 58.8818
# name 21 = depFM: Depth [true depth, m], lat = 58.8818
# name 22 = dz/dtM: Descent Rate [m/s], WS = 2
# name 23 = svCM: Sound Velocity [Chen-Millero, m/s]
# name 24 = svCM1: Sound Velocity, 2 [Chen-Millero, m/s]
# name 25 = flag: flag
# span 0 =      37465,      47601       
# span 1 =      0.500,    173.000       
# span 2 =     3.4945,     9.5840       
# span 3 =     3.4966,     9.5689       
# span 4 =    -0.0323,     0.0450       
# span 5 =   0.757985,   1.261254       
# span 6 =   0.757958,   1.261234       
# span 7 =          1,          1       
# span 8 =    0.01644,    7.75413       
# span 9 =    0.04558,    7.90680       
# span 10 =       2.09,      97.73      
# span 11 =     0.2279,     0.6649      
# span 12 =     0.1682,     0.3524      
# span 13 = 1.0000e-12, 9.9345e-01      
# span 14 =     0.1400,     1.6687      
# span 15 =     6.6605,    11.5514      
# span 16 =     6.6601,    11.5508      
# span 17 =    -0.0203,    -0.0001      
# span 18 =     4.9691,     9.0526      
# span 19 =     4.9703,     9.0520      
# span 20 =      0.495,    171.313      
# span 21 =      0.507,    174.957      
# span 22 =     -0.037,      0.617      
# span 23 =    1429.88,    1454.25      
# span 24 =    1429.89,    1454.26      
# span 25 = 0.0000e+00, 0.0000e+00      
# interval = decibars: 0.5              
# start_time = Nov 09 2018 02:47:21 [NMEA time, first data scan]
# bad_flag = -9.990e-29
*END*
[from data line 112]
      40714     56.500     5.6174     5.6394     0.0216    0.78077    0.78087          1     7.1995     7.4486      73.22     0.3230     0.2913  1.000e-12  0.1400000     7.0482     7.0446    -0.0036     5.5455     5.5416     55.965     57.261      0.574    1438.84    1438.93  0.000e+00
      40735     57.000     5.1268     5.1442     0.0176    0.77670    0.77683          1     7.2016     7.6825      97.33     0.3393     0.2459  1.000e-12  0.1481000     7.1120     7.1095    -0.0025     5.6175     5.6149     56.460     57.768      0.568    1436.79    1436.86  0.000e+00
      40757     57.500     4.5363     4.5552     0.0189    0.76941    0.76957          1     7.2610     7.9068      97.54     0.3258     0.2260  1.000e-12  0.1674000     7.1666     7.1641    -0.0025     5.6821     5.6795     56.955     58.274      0.525    1434.26    1434.34  0.000e+00
      40781     58.000     4.0480     4.0632     0.0152    0.76292    0.76309          1     7.3171     7.8753      97.55     0.3034     0.2329  1.000e-12  0.1797000     7.2079     7.2063    -0.0016     5.7287     5.7271     57.450     58.780      0.472    1432.13    1432.20  0.000e+00
      40807     58.500     3.7708     3.7830     0.0123    0.75914    0.75927          1     7.3430     7.7157      97.56     0.2847     0.2218  1.000e-12  0.1799000     7.2306     7.2292    -0.0014     5.7531     5.7518     57.945     59.287      0.486    1430.92    1430.97  0.000e+00
      40830     59.000     3.6209     3.6252     0.0044    0.75799    0.75796          1     7.3422     7.6301      97.58     0.2637     0.2243  1.000e-12  0.1841000     7.2520     7.2508    -0.0012     5.7731     5.7721     58.441     59.793      0.560    1430.28    1430.29  0.000e+00
      40850     59.500     3.5947     3.5974     0.0027    0.75937    0.75936          1     7.3432     7.6030      97.58     0.2549     0.2870  1.000e-12  0.1932000     7.2721     7.2713    -0.0007     5.7896     5.7890     58.936     60.299      0.594    1430.19    1430.20  0.000e+00
      40871     60.000     3.5724     3.5745     0.0021    0.76007    0.76006          1     7.3687     7.6446      65.01     0.2854     0.1949  1.000e-12  0.2120000     7.2841     7.2836    -0.0005     5.7996     5.7991     59.431     60.806      0.549    1430.11    1430.12  0.000e+00
      40895     60.500     3.5482     3.5512     0.0030    0.76118    0.76117          1     7.4290     7.7079      81.18     0.2532     0.1682  1.000e-12  0.1878000     7.3010     7.3001    -0.0008     5.8134     5.8127     59.926     61.312      0.465    1430.03    1430.04  0.000e+00
      40922     61.000     3.5527     3.5542     0.0015    0.76306    0.76300          1     7.5307     7.6116      21.40     0.2620     0.2134  1.000e-12  0.1741000     7.3193     7.3182    -0.0010     5.8279     5.8271     60.421     61.818      0.488    1430.08    1430.09  0.000e+00
      40944     61.500     3.5273     3.5308     0.0035    0.76429    0.76428          1     7.6450     7.4872      66.22     0.2404     0.2220  1.000e-12  0.1793000     7.3375     7.3367    -0.0008     5.8429     5.8422     60.917     62.325      0.586    1430.00    1430.01  0.000e+00
      40963     62.000     3.4945     3.4966     0.0021    0.76504    0.76502          1     7.7000     7.4082      96.55     0.2301     0.2094  1.000e-12  0.1675000     7.3527     7.3520    -0.0007     5.8555     5.8549     61.412     62.831      0.617    1429.88    1429.89  0.000e+00
      40983     62.500     3.5339     3.5341     0.0002    0.76774    0.76769          1     7.7541     7.3329      97.60     0.2307     0.1974  1.000e-12  0.1673000     7.3715     7.3709    -0.0006     5.8698     5.8694     61.907     63.337      0.562    1430.09    1430.09  0.000e+00
      41007     63.000     3.5481     3.5510     0.0029    0.76938    0.76936          1     7.7508     7.2678      97.60     0.2363     0.2348  1.000e-12  0.1841000     7.3851     7.3843    -0.0008     5.8804     5.8797     62.402     63.844      0.469    1430.18    1430.19  0.000e+00
      41034     63.500     3.5345     3.5371     0.0026    0.77002    0.76999          1     7.5762     7.1643      97.06     0.2335     0.2389  1.000e-12  0.1930000     7.3947     7.3939    -0.0009     5.8883     5.8876     62.897     64.350      0.472    1430.14    1430.15  0.000e+00
      41057     64.000     3.5218     3.5241     0.0023    0.77085    0.77083          1     7.3119     7.0715      97.62     0.2283     0.2069  1.000e-12  0.1788000     7.4061     7.4054    -0.0008     5.8976     5.8970     63.392     64.856      0.564    1430.10    1430.11  0.000e+00
      41077     64.500     3.4958     3.4987     0.0029    0.77250    0.77240          1     7.0955     6.9397      97.63     0.2391     0.2071  1.000e-12  0.1872000     7.4290     7.4274    -0.0016     5.9163     5.9149     63.888     65.363      0.608    1430.02    1430.03  0.000e+00
      41097     65.000     3.5228     3.5213    -0.0015    0.77666    0.77652          1     6.9151     6.8024      97.64     0.2279     0.1809  1.000e-12  0.1980000     7.4658     7.4647    -0.0011     5.9451     5.9442     64.383     65.869      0.569    1430.20    1430.19  0.000e+00
      41120     65.500     3.6940     3.6853    -0.0087    0.78377    0.78342          1     6.6994     6.6534      97.66     0.2358     0.2107  1.000e-12  0.1895000     7.4994     7.4979    -0.0015     5.9686     5.9675     64.878     66.375      0.494    1431.03    1430.99  0.000e+00
      41145     66.000     3.7815     3.7806    -0.0009    0.78826    0.78809          1     6.4713     6.4525      92.95     0.2380     0.2633  1.000e-12  0.1862000     7.5253     7.5238    -0.0015     5.9873     5.9862     65.373     66.881      0.495    1431.47    1431.46  0.000e+00
      41168     66.500     3.8117     3.8111    -0.0006    0.79146    0.79135          1     6.2889     6.2691      19.81     0.2466     0.2328  1.000e-12  0.1698000     7.5511     7.5500    -0.0011     6.0072     6.0064     65.868     67.388      0.550    1431.64    1431.64  0.000e+00
      41189     67.000     3.9016     3.9006    -0.0010    0.79598    0.79590          1     6.1048     6.1269      58.81     0.2615     0.1782  1.000e-12  0.1583000     7.5765     7.5759    -0.0006     6.0253     6.0249     66.364     67.894      0.557    1432.09    1432.09  0.000e+00
      41211     67.500     3.9274     3.9267    -0.0008    0.79797    0.79787          1     5.8560     5.8793      95.44     0.2662     0.2205  1.000e-12  0.1611000     7.5907     7.5899    -0.0008     6.0361     6.0354     66.859     68.400      0.525    1432.23    1432.23  0.000e+00
      41235     68.000     3.9736     3.9749     0.0014    0.80124    0.80112          1     5.5644     5.6680      48.35     0.2618     0.2089  1.000e-12  0.1767000     7.6133     7.6118    -0.0015     6.0529     6.0516     67.354     68.906      0.517    1432.48    1432.48  0.000e+00
      41257     68.500     3.9374     3.9412     0.0038    0.80305    0.80300          1     5.4381     5.5443      72.01     0.2874     0.2178  1.000e-12  0.1797000     7.6402     7.6387    -0.0015     6.0751     6.0739     67.849     69.412      0.536    1432.36    1432.37  0.000e+00
      41280     69.000     3.9221     3.9242     0.0021    0.80471    0.80465          1     5.3990     5.4511      95.79     0.2752     0.2218  1.000e-12  0.1738000     7.6607     7.6596    -0.0012     6.0918     6.0908     68.344     69.919      0.533    1432.32    1432.33  0.000e+00
      41303     69.500     3.8810     3.8865     0.0054    0.80600    0.80601          1     5.3175     5.3552      68.53     0.3032     0.2218  1.000e-12  0.1797000     7.6835     7.6823    -0.0012     6.1109     6.1098     68.839     70.425      0.516    1432.18    1432.20  0.000e+00
      41326     70.000     3.8937     3.8936    -0.0001    0.80820    0.80810          1     5.1385     5.1481      52.84     0.2831     0.2129  1.000e-12  0.1733000     7.7029     7.7019    -0.0010     6.1260     6.1252     69.335     70.931      0.531    1432.27    1432.26  0.000e+00
      41348     70.500     3.9107     3.9136     0.0029    0.81077    0.81073          1     5.0260     5.0041      90.86     0.2693     0.1934  1.000e-12  0.1783000     7.7252     7.7240    -0.0012     6.1433     6.1424     69.830     71.437      0.572    1432.38    1432.39  0.000e+00
      41368     71.000     3.9791     3.9715    -0.0073    0.81481    0.81459          1     4.9358     4.8613      97.73     0.2819     0.2217  1.000e-12  0.1894000     7.7502     7.7497    -0.0005     6.1614     6.1612     70.325     71.943      0.578    1432.73    1432.69  0.000e+00
      41390     71.500     4.5665     4.5345    -0.0323    0.83509    0.83415          1     4.7838     4.6892      97.70     0.3002     0.1869  1.000e-12  0.1980000     7.8166     7.8146    -0.0019     6.1963     6.1958     70.820     72.449      0.529    1435.44    1435.30  0.000e+00
      41414     72.000     4.6180     4.6251     0.0071    0.84156    0.84153          1     4.5982     4.4935      97.69     0.3203     0.2151  1.000e-12  0.2040000     7.8696     7.8677    -0.0019     6.2368     6.2351     71.315     72.956      0.482    1435.75    1435.78  0.000e+00
      41439     72.500     4.6136     4.6079    -0.0057    0.84415    0.84377          1     4.4399     4.3638      97.68     0.3399     0.2326  1.000e-12  0.2200000     7.8966     7.8942    -0.0024     6.2584     6.2567     71.810     73.462      0.519    1435.77    1435.75  0.000e+00
      41460     73.000     4.6886     4.6916     0.0030    0.85284    0.85260          1     4.2898     4.2502      97.68     0.3205     0.2336  1.000e-12  0.2381000     7.9660     7.9628    -0.0032     6.3107     6.3081     72.305     73.968      0.571    1436.20    1436.21  0.000e+00
      41481     73.500     4.6072     4.6115     0.0043    0.85864    0.85848          1     4.1455     4.0988      49.25     0.3213     0.2191  1.000e-12  0.2602000     8.0439     8.0412    -0.0027     6.3755     6.3732     72.801     74.474      0.562    1435.95    1435.97  0.000e+00
      41503     74.000     4.6148     4.6142    -0.0006    0.86597    0.86570          1     3.9679     3.9423      62.33     0.3314     0.1786  1.000e-12  0.2243000     8.1158     8.1132    -0.0026     6.4321     6.4301     73.296     74.980      0.503    1436.08    1436.08  0.000e+00
      41528     74.500     4.6575     4.6592     0.0017    0.87306    0.87287          1     3.7839     3.8093      76.65     0.3137     0.1937  1.000e-12  0.2126000     8.1767     8.1743    -0.0023     6.4788     6.4769     73.791     75.486      0.497    1436.36    1436.36  0.000e+00
      41551     75.000     4.5819     4.5884     0.0065    0.87571    0.87560          1     3.6571     3.7000      37.23     0.3090     0.2299  1.000e-12  0.2016000     8.2221     8.2194    -0.0027     6.5175     6.5152     74.286     75.992      0.556    1436.09    1436.11  0.000e+00
      41572     75.500     4.5098     4.5124     0.0026    0.88230    0.88202          1     3.5817     3.6096      76.25     0.3155     0.2234  1.000e-12  0.2221000     8.3067     8.3032    -0.0035     6.5871     6.5843     74.781     76.498      0.563    1435.89    1435.89  0.000e+00
      41595     76.000     4.5438     4.5440     0.0002    0.88990    0.88971          1     3.5082     3.5033      97.29     0.3064     0.1960  1.000e-12  0.2234000     8.3750     8.3730    -0.0020     6.6401     6.6385     75.276     77.004      0.492    1436.13    1436.13  0.000e+00
      41621     76.500     4.5612     4.5630     0.0018    0.89225    0.89219          1     3.4461     3.4343      97.69     0.2953     0.2336  1.000e-12  0.2004000     8.3944     8.3932    -0.0011     6.6548     6.6538     75.772     77.510      0.464    1436.24    1436.25  0.000e+00
      41645     77.000     4.5573     4.5600     0.0027    0.89406    0.89392          1     3.3589     3.3777      97.71     0.3117     0.2625  1.000e-12  0.2151000     8.4136     8.4115    -0.0021     6.6702     6.6684     76.267     78.015      0.551    1436.26    1436.27  0.000e+00
      41665     77.500     4.5108     4.5147     0.0039    0.89867    0.89834          1     3.2513     3.2959      97.71     0.3110     0.2418  1.000e-12  0.2336000     8.4721     8.4678    -0.0043     6.7182     6.7146     76.762     78.521      0.616    1436.13    1436.14  0.000e+00
      41684     78.000     4.4974     4.5018     0.0044    0.90872    0.90823          1     3.1055     3.1484      97.71     0.3217     0.2222  1.000e-12  0.2186000     8.5776     8.5714    -0.0061     6.8023     6.7972     77.257     79.027      0.594    1436.22    1436.23  0.000e+00
      41706     78.500     4.4625     4.4623    -0.0002    0.92009    0.91974          1     2.8989     2.9529      59.17     0.3152     0.2687  1.000e-12  0.1925000     8.7023     8.6988    -0.0035     6.9023     6.8996     77.752     79.533      0.496    1436.23    1436.22  0.000e+00
      41733     79.000     4.5382     4.5349    -0.0033    0.93174    0.93084          1     2.6519     2.7164      82.80     0.3238     0.1905  1.000e-12  0.2012000     8.8007     8.7924    -0.0083     6.9776     6.9711     78.247     80.039      0.443    1436.70    1436.67  0.000e+00
      41759     79.500     4.6278     4.6251    -0.0026    0.94595    0.94515          1     2.3705     2.4547      78.57     0.2930     0.2694  1.000e-12  0.1987000     8.9210     8.9136    -0.0073     7.0695     7.0638     78.742     80.544      0.509    1437.26    1437.24  0.000e+00
      41781     80.000     4.7013     4.7009    -0.0004    0.95775    0.95742          1     2.1304     2.2116      52.59     0.2940     0.2328  1.000e-12  0.2179000     9.0209     9.0176    -0.0033     7.1457     7.1431     79.238     81.050      0.569    1437.72    1437.71  0.000e+00
      41802     80.500     4.7452     4.7434    -0.0018    0.96622    0.96574          1     1.9216     2.0256      97.27     0.2871     0.2144  1.000e-12  0.2036000     9.0947     9.0903    -0.0044     7.2024     7.1990     79.733     81.556      0.578    1438.01    1438.00  0.000e+00
      41823     81.000     4.8144     4.8131    -0.0013    0.97697    0.97657          1     1.7290     1.8386      96.87     0.2819     0.1997  1.000e-12  0.1811000     9.1845     9.1808    -0.0037     7.2706     7.2678     80.228     82.061      0.547    1438.44    1438.43  0.000e+00
      41846     81.500     4.8691     4.8676    -0.0015    0.98591    0.98526          1     1.5324     1.6264      96.32     0.2934     0.1907  1.000e-12  0.1796000     9.2597     9.2536    -0.0061     7.3278     7.3230     80.723     82.567      0.502    1438.78    1438.77  0.000e+00
      41870     82.000     4.9557     4.9526    -0.0031    0.99961    0.99893          1     1.3072     1.4063      96.18     0.3161     0.2484  1.000e-12  0.1927000     9.3740     9.3680    -0.0060     7.4144     7.4098     81.218     83.073      0.495    1439.32    1439.30  0.000e+00
      41894     82.500     5.0274     5.0275     0.0001    1.01031    1.00985          1     1.1114     1.2066      96.20     0.2959     0.2654  1.000e-12  0.1968000     9.4617     9.4570    -0.0047     7.4805     7.4768     81.713     83.578      0.530    1439.75    1439.75  0.000e+00
      41916     83.000     5.0677     5.0685     0.0008    1.01814    1.01784          1     0.9594     1.0561      95.72     0.2849     0.2330  1.000e-12  0.1743000     9.5291     9.5259    -0.0032     7.5319     7.5294     82.208     84.083      0.567    1440.02    1440.02  0.000e+00
      41936     83.500     5.0965     5.0969     0.0005    1.02324    1.02294          1     0.8369     0.9214      95.20     0.2847     0.2139  1.000e-12  0.1846000     9.5724     9.5692    -0.0032     7.5648     7.5622     82.703     84.589      0.575    1440.21    1440.21  0.000e+00
