ctdpy/exports/archive_20191120_135557/received_data/SBE09_1044_20180528_0908_34_07_0037.cnv
* Sea-Bird SBE 9 Data File:
* FileName = C:\ctd\temp\2018\AU18D037.hex
* Software Version Seasave V 7.26.6.26
* Temperature SN = 5351
* Conductivity SN = 3941
* Number of Bytes Per Scan = 41
* Number of Voltage Words = 4
* Number of Scans Averaged by the Deck Unit = 1
* NMEA Latitude = 55 00.96 N
* NMEA Longitude = 013 18.07 E
* NMEA UTC (Time) = May 28 2018  09:09:02
* NMEA baud rate = 4800
** Station:  BY1
** Operator:  SSip
** Ship: AURA
** Average sound velocity: 1452.28 m/s
** True-depth calculation Mon, 28 May 2018 09:42:05 +0000
** CTD Python Module SMHI /ver 3-12/ feb 2012 
** LIMS Job: 20183407-0037
** Cruise: SMHI-02-2018
** Latitude [GG MM.mm N] :
** Longitude [GG MM.mm E]:
# nquan = 26
# nvalues = 86                          
# units = specified
# name 0 = scan: Scan Count
# name 1 = prDM: Pressure, Digiquartz [db]
# name 2 = t090C: Temperature [ITS-90, deg C]
# name 3 = t190C: Temperature, 2 [ITS-90, deg C]
# name 4 = T2-T190C: Temperature Difference, 2 - 1 [ITS-90, deg C]
# name 5 = c0S/m: Conductivity [S/m]
# name 6 = c1S/m: Conductivity, 2 [S/m]
# name 7 = pumps: Pump Status
# name 8 = sbeox0ML/L: Oxygen, SBE 43 [ml/l]
# name 9 = sbeox1ML/L: Oxygen, SBE 43, 2 [ml/l]
# name 10 = altM: Altimeter [m]
# name 11 = flECO-AFL: Chl-a Fluorescence, WET Labs ECO-AFL/FL [mg/m^3]
# name 12 = flECO-AFL1: Phycocyanin Fluorescence, WET Labs ECO-AFL/FL, 2 [mg/m^3]
# name 13 = par: PAR/Irradiance, Biospherical/Lico [µE/(cm^2*s)]
# name 14 = turbWETntu0: Turbidity, WET Labs ECO [NTU]
# name 15 = sal00: Salinity, Practical [PSU]
# name 16 = sal11: Salinity, Practical, 2 [PSU]
# name 17 = secS-priS: Salinity, Practical, Difference, 2 - 1 [PSU]
# name 18 = sigma-t00: Density [sigma-t, Kg/m^3 ]
# name 19 = sigma-t11: Density, 2 [sigma-t, Kg/m^3 ]
# name 20 = depSM: Depth [salt water, m], lat = 55.016
# name 21 = depFM: Depth [true depth, m], lat = 55.016
# name 22 = dz/dtM: Descent Rate [m/s], WS = 2
# name 23 = svCM: Sound Velocity [Chen-Millero, m/s]
# name 24 = svCM1: Sound Velocity, 2 [Chen-Millero, m/s]
# name 25 = flag: flag
# span 0 =       8939,      11829       
# span 1 =      1.000,     43.500       
# span 2 =     4.6533,    13.5661       
# span 3 =     4.6639,    13.5678       
# span 4 =    -0.0441,     0.0314       
# span 5 =   0.844949,   1.698028       
# span 6 =   0.844686,   1.689428       
# span 7 =          1,          1       
# span 8 =    0.67486,    8.73656       
# span 9 =    0.72984,    8.77111       
# span 10 =       1.06,      43.60      
# span 11 =     0.5697,     4.2618      
# span 12 =     0.2324,     0.5761      
# span 13 = 7.5005e-02, 4.6300e+03      
# span 14 =     0.2243,     0.7223      
# span 15 =     7.3725,    16.7463      
# span 16 =     7.3716,    16.6507      
# span 17 =    -0.0957,     0.0182      
# span 18 =     5.0735,    13.2589      
# span 19 =     5.0729,    13.1827      
# span 20 =      0.991,     43.103      
# span 21 =      1.013,     44.053      
# span 22 =     -0.314,      0.531      
# span 23 =    1437.81,    1469.79      
# span 24 =    1437.81,    1469.80      
# span 25 = 0.0000e+00, 0.0000e+00      
# interval = decibars: 0.5              
# start_time = May 28 2018 09:09:03 [NMEA time, first data scan]
# bad_flag = -9.990e-29
*END*
       8939      1.000    13.5493    13.5490    -0.0003    1.01063    1.01058          1     7.4761     7.4383      43.60     1.4544     0.3844  4.630e+03  0.4058000     7.4705     7.4702    -0.0003     5.0757     5.0755      0.991      1.013      0.094    1469.70    1469.70  0.000e+00
       9038      1.500    13.5459    13.5468     0.0009    1.01055    1.01053          1     7.4772     7.4271      43.31     1.4387     0.3614  2.755e+03  0.4252000     7.4705     7.4701    -0.0003     5.0762     5.0758      1.486      1.520      0.245    1469.70    1469.70  0.000e+00
       9094      2.000    13.5527    13.5599     0.0072    1.01072    1.01086          1     7.4756     7.4426      42.89     1.4786     0.3532  1.642e+03  0.4104000     7.4704     7.4702    -0.0002     5.0751     5.0739      1.982      2.027      0.325    1469.73    1469.76  0.000e+00
       9170      2.500    13.5567    13.5588     0.0020    1.01086    1.01087          1     7.4934     7.4275      42.28     1.5135     0.3490  1.502e+03  0.4091000     7.4707     7.4704    -0.0003     5.0747     5.0742      2.478      2.533      0.380    1469.75    1469.76  0.000e+00
       9204      3.000    13.5661    13.5678     0.0017    1.01111    1.01111          1     7.4799     7.4164      41.93     1.5442     0.3555  1.186e+03  0.4303000     7.4708     7.4705    -0.0004     5.0735     5.0729      2.973      3.040      0.314    1469.79    1469.80  0.000e+00
       9278      3.500    13.5553    13.5535    -0.0018    1.01081    1.01072          1     7.4743     7.4122      41.20     1.6873     0.3718  1.071e+03  0.4024000     7.4705     7.4701    -0.0004     5.0748     5.0748      3.468      3.547      0.389    1469.76    1469.76  0.000e+00
       9301      4.000    13.5373    13.5393     0.0020    1.01033    1.01035          1     7.4832     7.4402      41.00     1.8403     0.3961  7.976e+02  0.4548000     7.4701     7.4699    -0.0003     5.0772     5.0767      3.964      4.054      0.462    1469.71    1469.71  0.000e+00
       9334      4.500    13.5371    13.5386     0.0015    1.01035    1.01034          1     7.4778     7.4291      40.46     1.9167     0.4153  7.380e+02  0.4541000     7.4702     7.4699    -0.0003     5.0773     5.0769      4.459      4.560      0.306    1469.72    1469.72  0.000e+00
       9371      5.000    13.5373    13.5355    -0.0018    1.01036    1.01028          1     7.5027     7.4251      39.85     1.9499     0.3791  6.566e+02  0.4456000     7.4703     7.4699    -0.0004     5.0773     5.0774      4.955      5.067      0.406    1469.72    1469.72  0.000e+00
       9398      5.500    13.5439    13.5456     0.0017    1.01055    1.01055          1     7.4906     7.4344      39.41     2.0245     0.3664  5.315e+02  0.4610000     7.4704     7.4701    -0.0003     5.0765     5.0760      5.450      5.574      0.468    1469.76    1469.76  0.000e+00
       9423      6.000    13.5436    13.5465     0.0029    1.01056    1.01059          1     7.4933     7.4305      38.96     1.9326     0.3714  4.551e+02  0.4945000     7.4705     7.4702    -0.0003     5.0766     5.0759      5.946      6.080      0.494    1469.76    1469.78  0.000e+00
       9447      6.500    13.5451    13.5476     0.0025    1.01060    1.01063          1     7.4926     7.4331      38.51     1.9336     0.3677  4.067e+02  0.5003000     7.4705     7.4702    -0.0003     5.0763     5.0758      6.441      6.587      0.479    1469.78    1469.79  0.000e+00
       9473      7.000    13.5401    13.5416     0.0015    1.01048    1.01047          1     7.4846     7.4426      38.00     2.1215     0.3993  3.389e+02  0.4981000     7.4705     7.4701    -0.0003     5.0770     5.0766      6.937      7.094      0.443    1469.77    1469.77  0.000e+00
       9500      7.500    13.5384    13.5400     0.0016    1.01043    1.01043          1     7.4827     7.4268      37.44     2.5085     0.4579  3.099e+02  0.4787000     7.4704     7.4701    -0.0003     5.0772     5.0768      7.432      7.600      0.450    1469.77    1469.77  0.000e+00
       9527      8.000    13.5260    13.5317     0.0057    1.01011    1.01022          1     7.4928     7.4234      37.07     2.6939     0.4581  2.531e+02  0.4904000     7.4701     7.4699    -0.0002     5.0789     5.0779      7.928      8.107      0.464    1469.73    1469.75  0.000e+00
       9552      8.500    13.5188    13.5201     0.0014    1.00992    1.00993          1     7.4941     7.4300      36.71     2.9462     0.4764  2.287e+02  0.5008000     7.4700     7.4698    -0.0003     5.0799     5.0795      8.423      8.614      0.479    1469.71    1469.72  0.000e+00
       9577      9.000    13.5148    13.5162     0.0015    1.00983    1.00982          1     7.4851     7.4352      36.35     3.1350     0.4832  1.982e+02  0.4999000     7.4700     7.4696    -0.0003     5.0805     5.0800      8.919      9.121      0.484    1469.71    1469.71  0.000e+00
       9602      9.500    13.5145    13.5155     0.0010    1.00983    1.00981          1     7.4739     7.4247      36.18     3.1927     0.4786  1.752e+02  0.4938000     7.4700     7.4697    -0.0003     5.0805     5.0801      9.414      9.627      0.483    1469.72    1469.72  0.000e+00
       9627     10.000    13.5076    13.5098     0.0022    1.00966    1.00968          1     7.4881     7.4002      36.12     3.2447     0.5028  1.499e+02  0.4866000     7.4699     7.4696    -0.0003     5.0815     5.0810      9.910     10.134      0.472    1469.70    1469.71  0.000e+00
       9653     10.500    13.5001    13.5003     0.0003    1.00948    1.00945          1     7.4900     7.4013      35.66     3.4133     0.4913  1.316e+02  0.4920000     7.4699     7.4696    -0.0003     5.0827     5.0824     10.405     10.641      0.448    1469.68    1469.68  0.000e+00
       9680     11.000    13.4985    13.4995     0.0010    1.00945    1.00945          1     7.4792     7.4236      35.15     3.4942     0.4640  1.175e+02  0.4884000     7.4699     7.4697    -0.0002     5.0829     5.0826     10.901     11.147      0.430    1469.68    1469.69  0.000e+00
       9708     11.500    13.4934    13.4941     0.0007    1.00934    1.00933          1     7.4546     7.4273      34.67     3.5111     0.4584  1.012e+02  0.4889000     7.4700     7.4697    -0.0003     5.0837     5.0834     11.396     11.654      0.464    1469.67    1469.68  0.000e+00
       9732     12.000    13.4621    13.4714     0.0090    1.00863    1.00884          1     7.5126     7.4769      34.18     3.6145     0.4645  8.985e+01  0.5039000     7.4703     7.4702    -0.0001     5.0887     5.0872     11.891     12.161      0.509    1469.57    1469.60  0.000e+00
       9755     12.500    13.3879    13.4005     0.0129    1.00690    1.00716          1     7.5984     7.5227      33.67     3.8834     0.4866  7.983e+01  0.4722000     7.4709     7.4705    -0.0004     5.1002     5.0980     12.387     12.667      0.494    1469.31    1469.36  0.000e+00
       9782     13.000    13.3384    13.3389    -0.0000    1.00571    1.00565          1     7.6002     7.6163      33.11     4.2618     0.5175  6.731e+01  0.4941000     7.4709     7.4704    -0.0005     5.1075     5.1070     12.882     13.174      0.433    1469.15    1469.15  0.000e+00
       9810     13.500    12.8773    12.8327    -0.0441    0.99435    0.99329          1     7.8513     8.0002      32.59     4.2477     0.5761  6.120e+01  0.4789000     7.4696     7.4698     0.0002     5.1731     5.1797     13.378     13.681      0.432    1467.49    1467.33  0.000e+00
       9836     14.000    12.3439    12.3127    -0.0316    0.98146    0.98075          1     8.0151     8.2333      32.10     4.0771     0.5490  5.341e+01  0.4566000     7.4696     7.4700     0.0004     5.2477     5.2523     13.873     14.187      0.484    1465.56    1465.44  0.000e+00
       9861     14.500    11.7825    11.7693    -0.0127    0.96634    0.96635          1     8.2062     8.5012      31.62     3.1980     0.4524  4.708e+01  0.4061000     7.4562     7.4590     0.0028     5.3117     5.3156     14.369     14.694      0.479    1463.47    1463.42  0.000e+00
       9887     15.000    10.9131    10.9301     0.0170    0.94164    0.94224          1     8.4088     8.6803      31.07     2.2518     0.3701  4.070e+01  0.3566000     7.4230     7.4246     0.0016     5.3941     5.3933     14.864     15.201      0.432    1460.17    1460.24  0.000e+00
       9916     15.500    10.3100    10.3127     0.0024    0.92473    0.92503          1     8.5837     8.7711      30.53     1.6610     0.3058  3.635e+01  0.3005000     7.4003     7.4023     0.0020     5.4459     5.4471     15.360     15.707      0.443    1457.84    1457.85  0.000e+00
       9941     16.000     9.9263     9.9279     0.0018    0.91454    0.91452          1     8.6771     8.7313      30.05     1.5516     0.3126  3.236e+01  0.3118000     7.3900     7.3895    -0.0005     5.4799     5.4793     15.855     16.214      0.487    1456.35    1456.35  0.000e+00
       9965     16.500     9.7579     9.7642     0.0064    0.91056    0.91077          1     8.6982     8.6807      29.55     1.3944     0.2904  2.853e+01  0.3094000     7.3897     7.3902     0.0005     5.4973     5.4970     16.351     16.720      0.478    1455.70    1455.72  0.000e+00
       9992     17.000     9.5717     9.5728     0.0012    0.90510    0.90514          1     8.6553     8.6278      29.01     1.2019     0.2695  2.535e+01  0.2823000     7.3799     7.3800     0.0001     5.5089     5.5089     16.846     17.227      0.416    1454.96    1454.97  0.000e+00
      10023     17.500     9.3172     9.3269     0.0097    0.89849    0.89873          1     8.6075     8.6148      28.46     1.1507     0.2366  2.292e+01  0.2699000     7.3738     7.3740     0.0002     5.5296     5.5288     17.341     17.733      0.400    1453.96    1454.00  0.000e+00
      10051     18.000     8.9203     8.9365     0.0161    0.88922    0.88947          1     8.5713     8.5607      27.99     1.1123     0.2639  2.047e+01  0.2737000     7.3734     7.3722    -0.0011     5.5674     5.5650     17.837     18.239      0.482    1452.39    1452.45  0.000e+00
      10074     18.500     8.5882     8.6060     0.0179    0.88145    0.88175          1     8.5765     8.5320      26.24     1.0705     0.2951  1.813e+01  0.2760000     7.3725     7.3716    -0.0010     5.5970     5.5947     18.332     18.746      0.531    1451.06    1451.13  0.000e+00
      10096     19.000     8.2512     8.2648     0.0135    0.87411    0.87430          1     8.6612     8.5886      25.68     1.0115     0.2950  1.631e+01  0.2806000     7.3765     7.3754    -0.0012     5.6294     5.6274     18.828     19.252      0.497    1449.71    1449.76  0.000e+00
      10123     19.500     8.1823     8.1798    -0.0026    0.87323    0.87315          1     8.7366     8.6525      25.08     0.9119     0.2908  1.474e+01  0.2718000     7.3829     7.3827    -0.0002     5.6403     5.6403     19.323     19.759      0.395    1449.45    1449.44  0.000e+00
      10157     20.000     8.1185     8.1341     0.0157    0.87245    0.87274          1     8.5954     8.5172      24.52     0.8484     0.2488  1.333e+01  0.2617000     7.3891     7.3884    -0.0007     5.6504     5.6486     19.819     20.265      0.380    1449.20    1449.26  0.000e+00
      10185     20.500     7.6935     7.7249     0.0314    0.86371    0.86419          1     8.5651     8.5045      24.07     0.8233     0.2781  1.183e+01  0.2663000     7.3988     7.3965    -0.0023     5.6919     5.6876     20.314     20.772      0.488    1447.48    1447.61  0.000e+00
      10207     21.000     7.3658     7.3807     0.0150    0.85720    0.85741          1     8.5091     8.4768      23.61     0.7600     0.2823  1.058e+01  0.2509000     7.4081     7.4069    -0.0012     5.7239     5.7219     20.810     21.278      0.520    1446.15    1446.21  0.000e+00
      10232     21.500     7.1645     7.1861     0.0217    0.85326    0.85364          1     8.4896     8.4364      23.04     0.7401     0.2944  9.762e+00  0.2430000     7.4145     7.4134    -0.0011     5.7433     5.7409     21.305     21.784      0.458    1445.32    1445.41  0.000e+00
      10261     22.000     6.8409     6.8607     0.0197    0.84737    0.84741          1     8.4659     8.3775      22.46     0.6966     0.2606  8.895e+00  0.2383000     7.4287     7.4249    -0.0039     5.7764     5.7721     21.801     22.291      0.379    1443.99    1444.07  0.000e+00
      10294     22.500     6.7456     6.7568     0.0112    0.84704    0.84708          1     8.4156     8.2887      21.93     0.6818     0.2760  7.833e+00  0.2400000     7.4462     7.4441    -0.0020     5.7964     5.7940     22.296     22.797      0.384    1443.62    1443.67  0.000e+00
      10323     23.000     6.6104     6.6088    -0.0015    0.84495    0.84469          1     8.4175     8.2763      21.44     0.6550     0.2327  7.094e+00  0.2269000     7.4557     7.4536    -0.0022     5.8125     5.8109     22.791     23.303      0.432    1443.07    1443.06  0.000e+00
      10350     23.500     6.6487     6.6500     0.0013    0.84794    0.84786          1     8.3706     8.2180      20.95     0.6340     0.2889  6.536e+00  0.2384000     7.4756     7.4747    -0.0010     5.8257     5.8249     23.287     23.810      0.448    1443.27    1443.27  0.000e+00
      10377     24.000     6.6081     6.6134     0.0052    0.84786    0.84793          1     8.3542     8.1945      20.42     0.6165     0.2663  6.006e+00  0.2264000     7.4838     7.4832    -0.0005     5.8347     5.8339     23.782     24.316      0.415    1443.12    1443.14  0.000e+00
      10408     24.500     6.5556     6.5608     0.0052    0.84720    0.84723          1     8.3386     8.2005      19.88     0.6024     0.2603  5.421e+00  0.2243000     7.4889     7.4880    -0.0009     5.8420     5.8410     24.278     24.822      0.380    1442.91    1442.93  0.000e+00
      10440     25.000     6.4888     6.4968     0.0081    0.84627    0.84633          1     8.3384     8.2187      19.38     0.5955     0.2780  4.903e+00  0.2336000     7.4947     7.4934    -0.0012     5.8506     5.8492     24.773     25.329      0.385    1442.64    1442.67  0.000e+00
      10470     25.500     6.3873     6.3905     0.0031    0.84691    0.84665          1     8.3494     8.2230      19.03     0.6176     0.3094  4.489e+00  0.2293000     7.5230     7.5198    -0.0031     5.8790     5.8763     25.269     25.835      0.423    1442.25    1442.26  0.000e+00
      10497     26.000     6.4615     6.4663     0.0049    0.85634    0.85619          1     8.3009     8.2259      18.43     0.7067     0.2893  4.119e+00  0.2407000     7.5965     7.5940    -0.0025     5.9325     5.9302     25.764     26.341      0.424    1442.67    1442.69  0.000e+00
      10527     26.500     6.2111     6.2225     0.0114    0.85186    0.85203          1     8.3837     8.3164      18.59     1.0042     0.3019  3.811e+00  0.2948000     7.6094     7.6084    -0.0010     5.9574     5.9559     26.259     26.847      0.405    1441.63    1441.67  0.000e+00
      10557     27.000     6.1693     6.1706     0.0012    0.85203    0.85201          1     8.4370     8.3171      18.59     0.9846     0.3352  3.467e+00  0.2875000     7.6204     7.6198    -0.0005     5.9684     5.9679     26.755     27.354      0.398    1441.47    1441.47  0.000e+00
      10586     27.500     6.2780     6.2642    -0.0138    0.85703    0.85650          1     8.4410     8.2810      18.04     0.9348     0.3351  3.139e+00  0.2810000     7.6439     7.6419    -0.0020     5.9807     5.9799     27.250     27.860      0.409    1441.97    1441.91  0.000e+00
      10616     28.000     6.4445     6.4417    -0.0028    0.86429    0.86419          1     8.3901     8.2158      17.23     0.9613     0.3036  2.863e+00  0.2944000     7.6759     7.6756    -0.0003     5.9960     5.9959     27.746     28.366      0.409    1442.73    1442.72  0.000e+00
