ctdpy/exports/archive_20191120_135557/received_data/SBE09_1044_20180129_0054_34_02_0028.cnv
* Sea-Bird SBE 9 Data File:
* FileName = C:\ctd\temp\2018\ME18D028.hex
* Software Version Seasave V 7.26.6.26
* Temperature SN = 5351
* Conductivity SN = 3941
* Number of Bytes Per Scan = 41
* Number of Voltage Words = 4
* Number of Scans Averaged by the Deck Unit = 1
* NMEA Latitude = 57 23.21 N
* NMEA Longitude = 019 26.04 E
* NMEA UTC (Time) = Jan 29 2018  00:55:21
* NMEA baud rate = 4800
** Station:  BY13
** Operator:  JKro
** Ship: MERI
** Average sound velocity: 1439.61 m/s
** True-depth calculation Mon, 29 Jan 2018 02:19:16 +0000
** CTD Python Module SMHI /ver 3-12/ feb 2012 
** LIMS Job: 20183402-0028
** Cruise: SMHI-01-2018
** Latitude [GG MM.mm N] :
** Longitude [GG MM.mm E]:
# nquan = 26
# nvalues = 226                         
# units = specified
# name 0 = scan: Scan Count
# name 1 = prDM: Pressure, Digiquartz [db]
# name 2 = t090C: Temperature [ITS-90, deg C]
# name 3 = t190C: Temperature, 2 [ITS-90, deg C]
# name 4 = T2-T190C: Temperature Difference, 2 - 1 [ITS-90, deg C]
# name 5 = c0S/m: Conductivity [S/m]
# name 6 = c1S/m: Conductivity, 2 [S/m]
# name 7 = pumps: Pump Status
# name 8 = sbeox0ML/L: Oxygen, SBE 43 [ml/l]
# name 9 = sbeox1ML/L: Oxygen, SBE 43, 2 [ml/l]
# name 10 = altM: Altimeter [m]
# name 11 = flECO-AFL: Chl-a Fluorescence, WET Labs ECO-AFL/FL [mg/m^3]
# name 12 = flECO-AFL1: Phycocyanin Fluorescence, WET Labs ECO-AFL/FL, 2 [mg/m^3]
# name 13 = par: PAR/Irradiance, Biospherical/Lico [µE/(cm^2*s)]
# name 14 = turbWETntu0: Turbidity, WET Labs ECO [NTU]
# name 15 = sal00: Salinity, Practical [PSU]
# name 16 = sal11: Salinity, Practical, 2 [PSU]
# name 17 = secS-priS: Salinity, Practical, Difference, 2 - 1 [PSU]
# name 18 = sigma-t00: Density [sigma-t, Kg/m^3 ]
# name 19 = sigma-t11: Density, 2 [sigma-t, Kg/m^3 ]
# name 20 = depSM: Depth [salt water, m], lat = 57.3868
# name 21 = depFM: Depth [true depth, m], lat = 57.3868
# name 22 = dz/dtM: Descent Rate [m/s], WS = 2
# name 23 = svCM: Sound Velocity [Chen-Millero, m/s]
# name 24 = svCM1: Sound Velocity, 2 [Chen-Millero, m/s]
# name 25 = flag: flag
# span 0 =      19074,      26828       
# span 1 =      1.500,    114.000       
# span 2 =     4.7115,     6.6018       
# span 3 =     4.7123,     6.6076       
# span 4 =    -0.0482,     0.0763       
# span 5 =   0.794249,   1.343948       
# span 6 =   0.794228,   1.345552       
# span 7 =          1,          1       
# span 8 =    0.14214,    8.05755       
# span 9 =    0.18158,    8.02158       
# span 10 =       6.29,      99.42      
# span 11 =     0.2479,     0.4342      
# span 12 =     0.2075,     0.3748      
# span 13 = 1.0000e-12, 9.9776e-02      
# span 14 =     0.0995,     0.3019      
# span 15 =     7.3829,    12.2864      
# span 16 =     7.3826,    12.3000      
# span 17 =    -0.1336,     0.1921      
# span 18 =     5.8474,     9.6102      
# span 19 =     5.8471,     9.6204      
# span 20 =      1.486,    112.918      
# span 21 =      1.519,    115.311      
# span 22 =      0.099,      1.253      
# span 23 =    1434.46,    1450.52      
# span 24 =    1434.46,    1450.57      
# span 25 = 0.0000e+00, 0.0000e+00      
# interval = decibars: 0.5              
# start_time = Jan 29 2018 00:55:22 [NMEA time, first data scan]
# bad_flag = -9.990e-29
*END*
[from data line 168]
      24717     85.500     6.0024     6.0030     0.0006    1.18154    1.18150          1     0.1421     0.1891      36.32     0.3010     0.2657  1.000e-12  0.2429000    10.8829    10.8823    -0.0006     8.5483     8.5478     84.694     86.544      0.760    1445.80    1445.80  0.000e+00
      24734     86.000     6.0194     6.0195     0.0001    1.18558    1.18553          1     0.1422     0.1816      35.87     0.3087     0.2608  1.000e-12  0.2463000    10.9175    10.9170    -0.0005     8.5745     8.5741     85.190     87.049      0.588    1445.92    1445.92  0.000e+00
      24810     86.500     6.0074     6.0219     0.0144    1.18219    1.18565          1     0.1598     0.2087      35.11     0.2836     0.2777  1.000e-12  0.2417000    10.8875    10.9173     0.0298     8.5516     8.5741     85.685     87.554      0.594    1445.84    1445.94  0.000e+00
      24859     87.000     6.0218     6.0329     0.0113    1.18619    1.18844          1     0.1636     0.2146      34.73     0.2847     0.2748  1.000e-12  0.2463000    10.9226    10.9414     0.0188     8.5783     8.5924     86.180     88.059      1.033    1445.96    1446.03  0.000e+00
      24869     87.500     6.0633     6.0642     0.0010    1.19526    1.19528          1     0.1598     0.2135      34.33     0.2847     0.2734  1.000e-12  0.2455000    10.9994    10.9993    -0.0001     8.6360     8.6359     86.675     88.564      1.093    1446.24    1446.24  0.000e+00
      24879     88.000     6.0791     6.0797     0.0007    1.19986    1.19983          1     0.1679     0.2105      33.86     0.2969     0.2687  1.000e-12  0.2129000    11.0399    11.0394    -0.0005     8.6670     8.6665     87.170     89.069      1.012    1446.36    1446.37  0.000e+00
      24892     88.500     6.0921     6.0925     0.0004    1.20270    1.20266          1     0.1759     0.2135      33.27     0.2935     0.2714  1.000e-12  0.2118000    11.0638    11.0633    -0.0005     8.6849     8.6845     87.666     89.574      0.717    1446.46    1446.46  0.000e+00
      24978     89.000     6.0725     6.0888     0.0160    1.19758    1.20135          1     0.1859     0.2187      32.64     0.2698     0.2780  1.000e-12  0.2176000    11.0192    11.0513     0.0322     8.6511     8.6753     88.161     90.078      0.699    1446.33    1446.43  0.000e+00
      25035     89.500     6.0587     6.0628     0.0043    1.19443    1.19494          1     0.1986     0.2298      32.29     0.2984     0.2555  1.000e-12  0.2101000    10.9922    10.9960     0.0038     8.6307     8.6334     88.656     90.583      1.128    1446.24    1446.26  0.000e+00
      25045     90.000     6.1129     6.1096    -0.0034    1.20779    1.20695          1     0.2197     0.2474      31.86     0.2969     0.2076  1.000e-12  0.2090000    11.1074    11.1001    -0.0073     8.7178     8.7123     89.151     91.088      1.075    1446.62    1446.60  0.000e+00
      25057     90.500     6.1272     6.1275     0.0003    1.21091    1.21084          1     0.2441     0.2654      31.33     0.2870     0.2075  1.000e-12  0.2356000    11.1336    11.1328    -0.0008     8.7375     8.7369     89.646     91.593      0.895    1446.72    1446.73  0.000e+00
      25091     91.000     6.1305     6.1326     0.0022    1.21157    1.21204          1     0.2571     0.2732      30.66     0.2877     0.2214  1.000e-12  0.2281000    11.1390    11.1430     0.0040     8.7415     8.7446     90.141     92.098      0.516    1446.75    1446.77  0.000e+00
      25199     91.500     6.1169     6.1279     0.0111    1.20824    1.21097          1     0.2557     0.2642      29.93     0.2800     0.2950  1.000e-12  0.2081000    11.1103    11.1338     0.0236     8.7198     8.7376     90.637     92.603      0.655    1446.67    1446.74  0.000e+00
      25216     92.000     6.1216     6.1366     0.0150    1.20962    1.21294          1     0.2771     0.2877      29.49     0.2616     0.3045  1.000e-12  0.1983000    11.1223    11.1505     0.0282     8.7290     8.7502     91.132     93.108      0.677    1446.71    1446.81  0.000e+00
      25235     92.500     6.1773     6.1780     0.0006    1.22326    1.22340          1     0.3025     0.3161      29.03     0.2959     0.2734  1.000e-12  0.1887000    11.2395    11.2406     0.0011     8.8175     8.8183     91.627     93.613      0.571    1447.10    1447.11  0.000e+00
      25267     93.000     6.1826     6.1868     0.0042    1.22476    1.22575          1     0.3114     0.3290      28.31     0.3003     0.3099  1.000e-12  0.1912000    11.2526    11.2610     0.0084     8.8274     8.8337     92.122     94.117      0.299    1447.15    1447.18  0.000e+00
      25335     93.500     6.1700     6.1941     0.0242    1.22259    1.22819          1     0.3072     0.3138      27.63     0.2942     0.3016  1.000e-12  0.1649000    11.2350    11.2827     0.0477     8.8144     8.8504     92.617     94.622      0.425    1447.08    1447.24  0.000e+00
      25353     94.000     6.2216     6.2218     0.0002    1.23502    1.23494          1     0.3310     0.3481      27.32     0.3025     0.2915  1.000e-12  0.1751000    11.3413    11.3404    -0.0009     8.8946     8.8939     93.112     95.127      0.621    1447.44    1447.44  0.000e+00
      25372     94.500     6.2318     6.2321     0.0003    1.23777    1.23773          1     0.3463     0.3690      26.91     0.2754     0.2821  1.000e-12  0.1852000    11.3651    11.3646    -0.0005     8.9126     8.9123     93.608     95.632      0.482    1447.52    1447.52  0.000e+00
      25458     95.000     6.2230     6.2329     0.0098    1.23574    1.23808          1     0.3242     0.3461      26.20     0.2860     0.2806  1.000e-12  0.1798000    11.3478    11.3678     0.0199     8.8997     8.9147     94.103     96.137      0.613    1447.47    1447.54  0.000e+00
      25483     95.500     6.2493     6.2507     0.0014    1.24357    1.24375          1     0.3247     0.3497      25.88     0.2776     0.2975  1.000e-12  0.1833000    11.4166    11.4180     0.0014     8.9520     8.9530     94.598     96.641      0.943    1447.68    1447.69  0.000e+00
      25495     96.000     6.2678     6.2684     0.0006    1.24868    1.24864          1     0.3320     0.3580      25.47     0.2604     0.3161  1.000e-12  0.1924000    11.4611    11.4605    -0.0006     8.9857     8.9852     95.093     97.146      0.997    1447.82    1447.82  0.000e+00
      25507     96.500     6.2705     6.2713     0.0008    1.24952    1.24957          1     0.3472     0.3678      25.15     0.2676     0.2925  1.000e-12  0.1925000    11.4685    11.4687     0.0002     8.9913     8.9914     95.588     97.651      0.892    1447.85    1447.85  0.000e+00
      25531     97.000     6.2827     6.2829     0.0002    1.25283    1.25275          1     0.3626     0.3786      24.44     0.2927     0.2650  1.000e-12  0.1863000    11.4971    11.4963    -0.0008     9.0130     9.0123     96.084     98.156      0.564    1447.94    1447.94  0.000e+00
      25636     97.500     6.2815     6.2848     0.0036    1.25213    1.25326          1     0.3636     0.3801      23.70     0.2726     0.2741  1.000e-12  0.1882000    11.4904    11.5005     0.0101     9.0078     9.0155     96.579     98.660      1.009    1447.94    1447.96  0.000e+00
      25648     98.000     6.3011     6.3152     0.0137    1.25868    1.26204          1     0.3698     0.3876      23.28     0.2725     0.2722  1.000e-12  0.1855000    11.5488    11.5773     0.0285     9.0523     9.0738     97.074     99.165      1.080    1448.10    1448.20  0.000e+00
      25658     98.500     6.3239     6.3243     0.0005    1.26437    1.26427          1     0.3722     0.3945      22.79     0.2725     0.2728  1.000e-12  0.1845000    11.5974    11.5963    -0.0011     9.0890     9.0880     97.569     99.670      1.003    1448.27    1448.27  0.000e+00
      25672     99.000     6.3259     6.3264     0.0005    1.26487    1.26484          1     0.3731     0.3982      22.21     0.2839     0.2979  1.000e-12  0.1854000    11.6016    11.6011    -0.0004     9.0921     9.0917     98.064    100.174      0.672    1448.29    1448.29  0.000e+00
      25771     99.500     6.3116     6.3172     0.0055    1.26089    1.26221          1     0.3764     0.4016      21.53     0.2867     0.2680  1.000e-12  0.1818000    11.5669    11.5780     0.0111     9.0658     9.0742     98.559    100.679      0.863    1448.19    1448.23  0.000e+00
      25798    100.000     6.3166     6.3170     0.0003    1.26288    1.26248          1     0.4060     0.4254      21.18     0.2969     0.2634  1.000e-12  0.1968000    11.5848    11.5807    -0.0040     9.0795     9.0764     99.055    101.184      1.127    1448.24    1448.24  0.000e+00
      25809    100.500     6.3540     6.3534    -0.0007    1.27309    1.27285          1     0.4391     0.4499      20.70     0.2969     0.2622  1.000e-12  0.1988000    11.6733    11.6711    -0.0022     9.1465     9.1448     99.550    101.688      1.070    1448.52    1448.52  0.000e+00
      25820    101.000     6.3655     6.3659     0.0003    1.27609    1.27604          1     0.4696     0.4777      20.17     0.2791     0.2698  1.000e-12  0.1698000    11.6989    11.6984    -0.0006     9.1659     9.1654    100.045    102.193      0.856    1448.61    1448.61  0.000e+00
      25873    101.500     6.3603     6.3643     0.0039    1.27463    1.27564          1     0.4807     0.4803      19.45     0.2771     0.2776  1.000e-12  0.1635000    11.6862    11.6948     0.0085     9.1563     9.1627    100.540    102.698      0.544    1448.58    1448.61  0.000e+00
      25969    102.000     6.3470     6.3561     0.0088    1.27090    1.27316          1     0.4840     0.4855      18.85     0.2791     0.2645  1.000e-12  0.1617000    11.6536    11.6730     0.0194     9.1316     9.1462    101.035    103.202      0.880    1448.49    1448.55  0.000e+00
      25982    102.500     6.3719     6.3720     0.0002    1.27871    1.27845          1     0.5321     0.5315      18.46     0.2724     0.2805  1.000e-12  0.1553000    11.7225    11.7199    -0.0026     9.1839     9.1819    101.530    103.707      0.879    1448.69    1448.69  0.000e+00
      25996    103.000     6.4044     6.4050     0.0005    1.28824    1.28818          1     0.5952     0.5859      17.96     0.2791     0.2885  1.000e-12  0.1554000    11.8058    11.8050    -0.0008     9.2471     9.2464    102.025    104.212      0.798    1448.94    1448.94  0.000e+00
      26013    103.500     6.4174     6.4178     0.0004    1.29224    1.29219          1     0.6533     0.6423      17.39     0.2846     0.2881  1.000e-12  0.1520000    11.8408    11.8402    -0.0006     9.2737     9.2732    102.520    104.716      0.624    1449.04    1449.05  0.000e+00
      26064    104.000     6.4203     6.4238     0.0035    1.29308    1.29399          1     0.6713     0.6632      16.85     0.2764     0.2777  1.000e-12  0.1251000    11.8480    11.8559     0.0078     9.2792     9.2851    103.016    105.221      0.445    1449.07    1449.10  0.000e+00
      26163    104.500     6.4153     6.4268     0.0114    1.29189    1.29491          1     0.6361     0.6394      16.64     0.2479     0.2523  1.000e-12  0.1445000    11.8379    11.8638     0.0260     9.2715     9.2911    103.511    105.725      1.001    1449.05    1449.13  0.000e+00
      26173    105.000     6.4387     6.4398     0.0012    1.29885    1.29899          1     0.6457     0.6515      16.25     0.2582     0.3034  1.000e-12  0.1402000    11.8987    11.8996     0.0009     9.3177     9.3183    104.006    106.230      1.050    1449.23    1449.24  0.000e+00
      26184    105.500     6.4515     6.4523     0.0008    1.30259    1.30262          1     0.6544     0.6609      15.80     0.2721     0.2869  1.000e-12  0.1376000    11.9312    11.9312    -0.0000     9.3423     9.3422    104.501    106.734      0.971    1449.33    1449.33  0.000e+00
      26198    106.000     6.4627     6.4632     0.0005    1.30624    1.30624          1     0.6584     0.6697      15.23     0.2725     0.2279  1.000e-12  0.1291000    11.9634    11.9632    -0.0002     9.3667     9.3665    104.996    107.239      0.718    1449.43    1449.43  0.000e+00
      26272    106.500     6.4652     6.4690     0.0039    1.30709    1.30805          1     0.6354     0.6444      14.39     0.2653     0.2773  1.000e-12  0.1199000    11.9708    11.9790     0.0082     9.3724     9.3786    105.491    107.744      0.451    1449.46    1449.48  0.000e+00
      26328    107.000     6.4463     6.4787     0.0321    1.30140    1.31088          1     0.5750     0.6091      13.92     0.2603     0.2890  1.000e-12  0.1234000    11.9209    12.0036     0.0827     9.3346     9.3972    105.986    108.248      0.652    1449.32    1449.56  0.000e+00
      26347    107.500     6.4862     6.4885     0.0023    1.31288    1.31338          1     0.5148     0.5636      13.44     0.2673     0.2952  1.000e-12  0.1327000    12.0207    12.0248     0.0042     9.4100     9.4131    106.482    108.753      0.534    1449.62    1449.64  0.000e+00
      26393    108.000     6.4834     6.4922     0.0088    1.31218    1.31465          1     0.5014     0.5490      12.70     0.2725     0.2674  1.000e-12  0.1526000    12.0146    12.0360     0.0213     9.4055     9.4216    106.977    109.257      0.291    1449.61    1449.68  0.000e+00
      26439    108.500     6.4986     6.5002     0.0017    1.31750    1.31785          1     0.5415     0.5715      12.25     0.2719     0.2747  1.000e-12  0.1359000    12.0619    12.0648     0.0029     9.4415     9.4437    107.472    109.762      0.575    1449.74    1449.75  0.000e+00
      26455    109.000     6.5095     6.5100     0.0005    1.32054    1.32052          1     0.5315     0.5617      11.90     0.2791     0.2609  1.000e-12  0.1374000    12.0881    12.0877    -0.0004     9.4613     9.4610    107.967    110.266      0.723    1449.83    1449.83  0.000e+00
      26471    109.500     6.5201     6.5205     0.0004    1.32354    1.32349          1     0.5173     0.5506      11.42     0.2833     0.2726  1.000e-12  0.1363000    12.1139    12.1133    -0.0007     9.4808     9.4803    108.462    110.771      0.627    1449.91    1449.91  0.000e+00
      26537    110.000     6.5220     6.5253     0.0033    1.32451    1.32539          1     0.5138     0.5424      10.42     0.2635     0.2980  1.000e-12  0.1550000    12.1227    12.1304     0.0076     9.4876     9.4934    108.957    111.275      0.562    1449.94    1449.96  0.000e+00
      26597    110.500     6.5287     6.5295     0.0009    1.32633    1.32632          1     0.5012     0.5210      10.08     0.2724     0.2871  1.000e-12  0.1599000    12.1384    12.1379    -0.0004     9.4994     9.4990    109.452    111.780      1.009    1450.00    1450.00  0.000e+00
      26609    111.000     6.5543     6.5552     0.0009    1.33343    1.33349          1     0.4555     0.4808       9.66     0.2801     0.3058  1.000e-12  0.1634000    12.1995    12.1998     0.0003     9.5455     9.5456    109.947    112.284      1.087    1450.19    1450.19  0.000e+00
      26619    111.500     6.5794     6.5797     0.0003    1.34001    1.33997          1     0.3828     0.4237       9.22     0.2847     0.3207  1.000e-12  0.1663000    12.2556    12.2551    -0.0004     9.5877     9.5873    110.443    112.789      1.070    1450.37    1450.37  0.000e+00
      26631    112.000     6.5951     6.5957     0.0006    1.34301    1.34295          1     0.2932     0.3516       8.67     0.2775     0.3035  1.000e-12  0.1747000    12.2796    12.2788    -0.0007     9.6053     9.6047    110.938    113.293      0.932    1450.48    1450.48  0.000e+00
