ctdpy/exports/archive_20191120_135557/received_data/SBE09_0827_20180824_0419_26_01_0881.cnv
* Sea-Bird SBE 9 Data File:
* FileName = D:\CTD_SBE911\DAT\26DA.2018.8.81.hex
* Software Version Seasave V 7.21d
* Temperature SN = 034605
* Conductivity SN = 041844
* Number of Bytes Per Scan = 48
* Number of Voltage Words = 5
* Number of Scans Averaged by the Deck Unit = 1
* NMEA Latitude = 58 01.54 N
* NMEA Longitude = 009 44.27 E
* NMEA UTC (Time) = Aug 24 2018  04:21:36
* NMEA baud rate = 4800
** Ship: DANA
** Average sound velocity: 1485.56 m/s
** True-depth calculation Thu, 28 Mar 2019 09:26:24 +0000
** CTD Python Module SMHI /ver 3-12/ feb 2012 
** LIMS Job: 20182601-0881
**  29,5 N HIRTSHALS
** Operator: Christian
** Cruise: 08/2018
# nquan = 26
# nvalues = 426                         
# units = specified
# name 0 = scan: Scan Count
# name 1 = prDM: Pressure, Digiquartz [db]
# name 2 = t090C: Temperature [ITS-90, deg C]
# name 3 = t190C: Temperature, 2 [ITS-90, deg C]
# name 4 = T2-T190C: Temperature Difference, 2 - 1 [ITS-90, deg C]
# name 5 = c0S/m: Conductivity [S/m]
# name 6 = c1S/m: Conductivity, 2 [S/m]
# name 7 = pumps: Pump Status
# name 8 = sbeox1ML/L: Oxygen, SBE 43, 2 [ml/l]
# name 9 = sbeox0ML/L: Oxygen, SBE 43 [ml/l]
# name 10 = altM: Altimeter [m]
# name 11 = chloroflTC0: Chlorophyll, Turner Cyclops [ug/l]
# name 12 = cpar: CPAR/Corrected Irradiance [%]
# name 13 = par: PAR/Irradiance, Biospherical/Lico [µE/(cm^2*s)]
# name 14 = spar: SPAR, Biospherical/Licor
# name 15 = sal00: Salinity, Practical [PSU]
# name 16 = sal11: Salinity, Practical, 2 [PSU]
# name 17 = secS-priS: Salinity, Practical, Difference, 2 - 1 [PSU]
# name 18 = sigma-t00: Density [sigma-t, kg/m^3 ]
# name 19 = sigma-t11: Density, 2 [sigma-t, kg/m^3 ]
# name 20 = depSM: Depth [salt water, m], lat = 58.0257
# name 21 = depFM: Depth [true depth, m], lat = 58.0257
# name 22 = dz/dtM: Descent Rate [m/s], WS = 2
# name 23 = svCM: Sound Velocity [Chen-Millero, m/s]
# name 24 = svCM1: Sound Velocity, 2 [Chen-Millero, m/s]
# name 25 = flag: flag
# span 0 =        109,      14944       
# span 1 =      2.500,    215.000       
# span 2 =     6.5932,    17.4420       
# span 3 =     6.5919,    17.4372       
# span 4 =    -0.5853,     0.1503       
# span 5 =   2.363990,   4.279707       
# span 6 =   3.511436,   4.280387       
# span 7 =          1,          1       
# span 8 =     4.8752,     6.9197       
# span 9 =     4.8825,     6.7292       
# span 10 =      -0.67,       9.97      
# span 11 =    -0.0004,     0.3330      
# span 12 = -2.225e-03, 4.6115e+00      
# span 13 = -3.615e-04, 7.4922e-01      
# span 14 = 1.6247e+01, 2.4426e+01      
# span 15 =    22.6622,    35.1978      
# span 16 =    31.3630,    35.2182      
# span 17 =    -0.0336,    12.4575      
# span 18 =    17.7586,    27.5918      
# span 19 =    22.6640,    27.6017      
# span 20 =      2.477,    212.896      
# span 21 =      2.490,    213.241      
# span 22 =     -0.301,      0.604      
# span 23 =    1465.16,    1511.89      
# span 24 =    1479.45,    1511.84      
# span 25 = 0.0000e+00, 0.0000e+00      
# interval = decibars: 0.5              
# start_time = Aug 24 2018 04:21:36 [NMEA time, first data scan]
# bad_flag = -9.990e-29
*END*
[from data line 56]
       2568     30.500    12.2772    12.2414    -0.0358    4.00628    4.00804          1     6.8451     6.6509       9.97     0.1169  6.086e-12  1.000e-12  1.645e+01    34.7898    34.8402     0.0504    26.3725    26.4185     30.215     30.339      0.300    1498.02    1497.96  0.000e+00
       2607     31.000    12.2433    12.2182    -0.0251    4.00836    4.01245          1     6.8025     6.6322       9.97     0.1158  5.969e-12  1.000e-12  1.680e+01    34.8413    34.9044     0.0631    26.4191    26.4729     30.710     30.835      0.309    1497.98    1497.97  0.000e+00
       2648     31.500    12.2217    12.1787    -0.0430    4.01058    4.01176          1     6.7569     6.5849       9.97     0.1105  6.009e-12  1.000e-12  1.668e+01    34.8827    34.9344     0.0517    26.4554    26.5038     31.206     31.331      0.278    1497.96    1497.88  0.000e+00
       2690     32.000    12.1877    12.1409    -0.0469    4.00943    4.00991          1     6.7305     6.5483       9.97     0.1045  5.838e-12  1.000e-12  1.719e+01    34.9032    34.9515     0.0484    26.4779    26.5244     31.701     31.827      0.317    1497.88    1497.78  0.000e+00
       2726     32.500    12.1256    12.0473    -0.0782    4.00531    4.00238          1     6.7082     6.5389       9.97     0.1026  5.810e-12  1.000e-12  1.727e+01    34.9208    34.9657     0.0449    26.5035    26.5534     32.196     32.323      0.327    1497.70    1497.48  0.000e+00
       2765     33.000    12.0518    11.9817    -0.0701    3.99839    3.99539          1     6.6790     6.5226       9.97     0.1009  5.627e-12  1.000e-12  1.782e+01    34.9224    34.9588     0.0364    26.5189    26.5606     32.692     32.819      0.288    1497.45    1497.26  0.000e+00
       2806     33.500    11.9806    11.9318    -0.0488    3.99239    3.99199          1     6.6749     6.5157       9.97     0.0982  5.651e-12  1.000e-12  1.774e+01    34.9303    34.9722     0.0419    26.5387    26.5805     33.187     33.315      0.306    1497.23    1497.11  0.000e+00
       2845     34.000    11.9074    11.7925    -0.1148    3.98766    3.98283          1     6.6588     6.5067       9.97     0.0958  5.671e-12  1.000e-12  1.768e+01    34.9526    35.0133     0.0607    26.5700    26.6390     33.682     33.811      0.293    1497.01    1496.69  0.000e+00
       2888     34.500    11.7720    11.6535    -0.1185    3.97493    3.96814          1     6.6320     6.4756       9.97     0.0901  5.534e-12  1.000e-12  1.809e+01    34.9549    34.9999     0.0449    26.5975    26.6547     34.177     34.307      0.281    1496.56    1496.21  0.000e+00
       2930     35.000    11.6567    11.5833    -0.0734    3.96447    3.96165          1     6.6215     6.4798       9.97     0.0904  5.489e-12  1.000e-12  1.822e+01    34.9606    35.0021     0.0415    26.6236    26.6697     34.673     34.804      0.287    1496.18    1495.98  0.000e+00
       2973     35.500    11.5996    11.5616    -0.0380    3.95981    3.95912          1     6.6029     6.4855       9.97     0.0882  5.549e-12  1.000e-12  1.805e+01    34.9683    34.9974     0.0290    26.6403    26.6700     35.168     35.300      0.277    1496.00    1495.91  0.000e+00
       3013     36.000    11.5742    11.5396    -0.0346    3.95767    3.95761          1     6.6164     6.4898       9.97     0.0885  5.470e-12  1.000e-12  1.828e+01    34.9710    35.0031     0.0321    26.6472    26.6786     35.663     35.796      0.329    1495.92    1495.85  0.000e+00
       3049     36.500    11.5323    11.4286    -0.1037    3.95399    3.94928          1     6.6153     6.4585       9.97     0.0884  5.471e-12  1.000e-12  1.828e+01    34.9740    35.0257     0.0517    26.6574    26.7169     36.158     36.292      0.322    1495.79    1495.50  0.000e+00
       3088     37.000    11.4232    11.2961    -0.1269    3.94460    3.93803          1     6.6198     6.4601       9.97     0.0858  5.471e-12  1.000e-12  1.828e+01    34.9844    35.0398     0.0554    26.6857    26.7523     36.654     36.788      0.303    1495.44    1495.06  0.000e+00
       3127     37.500    11.2917    11.1201    -0.1717    3.93261    3.92282          1     6.6088     6.4670       9.97     0.0846  5.471e-12  1.000e-12  1.828e+01    34.9899    35.0559     0.0660    26.7144    26.7972     37.149     37.284      0.298    1494.99    1494.48  0.000e+00
       3170     38.000    11.0904    10.8140    -0.2766    3.91292    3.89352          1     6.5758     6.4753       9.97     0.0822  5.471e-12  1.000e-12  1.828e+01    34.9852    35.0551     0.0699    26.7475    26.8521     37.644     37.780      0.273    1494.30    1493.41  0.000e+00
       3212     38.500    10.9228    10.6992    -0.2232    3.89545    3.88105          1     6.5805     6.4750       9.97     0.0792  5.471e-12  1.000e-12  1.828e+01    34.9702    35.0397     0.0695    26.7663    26.8606     38.140     38.276      0.313    1493.70    1493.00  0.000e+00
       3250     39.000    10.7434    10.6101    -0.1334    3.88047    3.87392          1     6.5916     6.4938       9.97     0.0789  5.471e-12  1.000e-12  1.828e+01    34.9912    35.0531     0.0619    26.8150    26.8870     38.635     38.772      0.290    1493.10    1492.71  0.000e+00
       3296     39.500    10.6398    10.3424    -0.2975    3.87046    3.84827          1     6.5548     6.4614       9.97     0.0799  5.471e-12  1.000e-12  1.828e+01    34.9895    35.0512     0.0617    26.8320    26.9327     39.130     39.268      0.256    1492.75    1491.77  0.000e+00
       3338     40.000    10.3872    10.2329    -0.1542    3.84569    3.83606          1     6.5344     6.4337       9.97     0.0825  5.471e-12  1.000e-12  1.828e+01    34.9815    35.0325     0.0510    26.8704    26.9372     39.625     39.764      0.329    1491.85    1491.36  0.000e+00
       3373     40.500    10.2699    10.1912    -0.0787    3.83482    3.83117          1     6.5110     6.4446       9.97     0.0847  5.471e-12  1.000e-12  1.828e+01    34.9840    35.0229     0.0389    26.8929    26.9369     40.121     40.260      0.322    1491.44    1491.21  0.000e+00
       3414     41.000    10.2250    10.1613    -0.0637    3.83022    3.82811          1     6.5124     6.4496       9.97     0.0851  5.471e-12  1.000e-12  1.828e+01    34.9803    35.0203     0.0400    26.8978    26.9401     40.616     40.756      0.281    1491.29    1491.11  0.000e+00
       3455     41.500    10.1799    10.0600    -0.1198    3.82563    3.81899          1     6.4974     6.4274       9.97     0.0843  5.471e-12  1.000e-12  1.828e+01    34.9769    35.0251     0.0482    26.9030    26.9613     41.111     41.251      0.314    1491.13    1490.76  0.000e+00
       3494     42.000    10.0821     9.9490    -0.1332    3.81602    3.80741          1     6.5049     6.4304       9.97     0.0882  5.471e-12  1.000e-12  1.828e+01    34.9730    35.0139     0.0409    26.9168    26.9716     41.606     41.747      0.282    1490.78    1490.36  0.000e+00
       3539     42.500     9.9972     9.8101    -0.1872    3.80783    3.79778          1     6.4657     6.3768       9.97     0.0891  5.471e-12  1.000e-12  1.828e+01    34.9713    35.0499     0.0787    26.9300    27.0233     42.102     42.243      0.287    1490.49    1489.91  0.000e+00
       3577     43.000     9.7775     9.5135    -0.2639    3.78824    3.77230          1     6.4051     6.3345       9.97     0.0897  5.471e-12  1.000e-12  1.828e+01    34.9831    35.0761     0.0930    26.9767    27.0937     42.597     42.739      0.304    1489.72    1488.88  0.000e+00
       3622     43.500     9.5959     9.4704    -0.1255    3.77319    3.76600          1     6.3514     6.3090       9.97     0.0874  5.471e-12  1.000e-12  1.828e+01    35.0046    35.0528     0.0482    27.0240    27.0826     43.092     43.235      0.246    1489.10    1488.70  0.000e+00
       3667     44.000     9.5410     9.4704    -0.0707    3.76804    3.76575          1     6.3287     6.2795       9.97     0.0868  5.471e-12  1.000e-12  1.828e+01    35.0047    35.0500     0.0453    27.0332    27.0804     43.588     43.731      0.315    1488.91    1488.70  0.000e+00
       3703     44.500     9.4837     9.4323    -0.0514    3.76381    3.76283          1     6.3392     6.2774       9.97     0.0883  5.471e-12  1.000e-12  1.828e+01    35.0166    35.0567     0.0401    27.0521    27.0920     44.083     44.227      0.312    1488.72    1488.58  0.000e+00
       3746     45.000     9.4397     9.3824    -0.0573    3.75980    3.75805          1     6.3223     6.2723       9.97     0.0879  5.471e-12  1.000e-12  1.828e+01    35.0178    35.0558     0.0380    27.0603    27.0995     44.578     44.723      0.281    1488.57    1488.41  0.000e+00
       3784     45.500     9.3760     9.2702    -0.1058    3.75389    3.74857          1     6.2884     6.2403       9.97     0.0867  5.471e-12  1.000e-12  1.828e+01    35.0186    35.0669     0.0484    27.0714    27.1267     45.073     45.219      0.354    1488.35    1488.02  0.000e+00
       3818     46.000     9.2811     9.1488    -0.1322    3.74433    3.73638          1     6.2476     6.2047       9.97     0.0865  5.471e-12  1.000e-12  1.828e+01    35.0119    35.0589     0.0470    27.0818    27.1402     45.569     45.714      0.320    1488.00    1487.58  0.000e+00
       3863     46.500     9.1853     9.0704    -0.1148    3.73473    3.72793          1     6.1883     6.1580       9.97     0.0813  5.471e-12  1.000e-12  1.828e+01    35.0055    35.0474     0.0419    27.0925    27.1440     46.064     46.210      0.239    1487.65    1487.28  0.000e+00
       3908     47.000     9.0494     8.9848    -0.0648    3.72130    3.71853          1     6.0974     6.0820       9.97     0.0776  5.471e-12  1.000e-12  1.828e+01    34.9984    35.0330     0.0346    27.1090    27.1465     46.559     46.706      0.314    1487.15    1486.96  0.000e+00
       3946     47.500     9.0028     8.9771    -0.0257    3.71712    3.71792          1     6.0911     6.0832       9.97     0.0771  5.471e-12  1.000e-12  1.828e+01    35.0002    35.0339     0.0337    27.1179    27.1485     47.054     47.202      0.289    1486.99    1486.94  0.000e+00
       3991     48.000     8.9942     8.9827    -0.0115    3.71713    3.71859          1     6.1137     6.1233       9.97     0.0755  5.471e-12  1.000e-12  1.828e+01    35.0086    35.0352     0.0266    27.1259    27.1486     47.550     47.698      0.272    1486.98    1486.97  0.000e+00
       4032     48.500     8.9938     8.9831    -0.0107    3.71765    3.71904          1     6.1465     6.1463       9.97     0.0778  5.471e-12  1.000e-12  1.828e+01    35.0142    35.0394     0.0252    27.1303    27.1517     48.045     48.194      0.307    1486.99    1486.98  0.000e+00
       4073     49.000     8.9872     8.9782    -0.0090    3.71746    3.71860          1     6.1687     6.1478       9.97     0.0750  5.471e-12  1.000e-12  1.828e+01    35.0185    35.0393     0.0209    27.1347    27.1525     48.540     48.689      0.283    1486.98    1486.97  0.000e+00
       4114     49.500     8.9850     8.9781    -0.0068    3.71734    3.71845          1     6.1681     6.1575       9.97     0.0763  5.471e-12  1.000e-12  1.828e+01    35.0192    35.0376     0.0184    27.1357    27.1512     49.035     49.185      0.310    1486.98    1486.98  0.000e+00
       4151     50.000     8.9778     8.9479    -0.0299    3.71663    3.71599          1     6.1694     6.1475       9.97     0.0762  5.471e-12  1.000e-12  1.828e+01    35.0186    35.0414     0.0228    27.1363    27.1590     49.531     49.681      0.307    1486.96    1486.88  0.000e+00
       4194     50.500     8.9529     8.9182    -0.0346    3.71435    3.71338          1     6.1475     6.1344       9.97     0.0740  5.471e-12  1.000e-12  1.828e+01    35.0190    35.0430     0.0240    27.1407    27.1650     50.026     50.177      0.269    1486.88    1486.78  0.000e+00
       4238     51.000     8.8970     8.8296    -0.0673    3.70930    3.70629          1     6.1265     6.0858       9.97     0.0725  5.471e-12  1.000e-12  1.828e+01    35.0208    35.0557     0.0349    27.1510    27.1891     50.521     50.673      0.283    1486.68    1486.48  0.000e+00
       4280     51.500     8.8154     8.7771    -0.0384    3.70158    3.70034          1     6.0905     6.0625       9.97     0.0714  5.471e-12  1.000e-12  1.828e+01    35.0199    35.0447     0.0248    27.1633    27.1889     51.016     51.168      0.263    1486.39    1486.28  0.000e+00
       4329     52.000     8.7652     8.7250    -0.0402    3.69701    3.69539          1     6.0646     6.0364       9.97     0.0691  5.471e-12  1.000e-12  1.828e+01    35.0211    35.0438     0.0227    27.1722    27.1964     51.512     51.664      0.263    1486.21    1486.09  0.000e+00
       4369     52.500     8.7203     8.6972    -0.0231    3.69279    3.69264          1     6.0384     6.0173       9.97     0.0699  5.471e-12  1.000e-12  1.828e+01    35.0208    35.0421     0.0213    27.1791    27.1995     52.007     52.160      0.312    1486.05    1486.00  0.000e+00
       4409     53.000     8.6885     8.6469    -0.0416    3.68965    3.68779          1     5.9948     6.0029       9.97     0.0680  5.471e-12  1.000e-12  1.828e+01    35.0188    35.0404     0.0216    27.1826    27.2061     52.502     52.656      0.281    1485.94    1485.82  0.000e+00
       4453     53.500     8.6689     8.7196     0.0506    3.68842    3.69425          1     6.0197     6.0424       9.97     0.0658  5.471e-12  1.000e-12  1.828e+01    35.0250    35.0363     0.0113    27.1905    27.1914     52.997     53.152      0.299    1485.89    1486.09  0.000e+00
       4490     54.000     8.7356     8.7124    -0.0231    3.69771    3.69925          1     6.0820     6.1049       9.97     0.0671  5.471e-12  1.000e-12  1.828e+01    35.0568    35.0962     0.0394    27.2049    27.2394     53.492     53.647      0.323    1486.18    1486.14  0.000e+00
       4530     54.500     8.6990     8.6480    -0.0509    3.69613    3.69383          1     6.1133     6.1336       9.97     0.0650  5.471e-12  1.000e-12  1.828e+01    35.0761    35.1025     0.0264    27.2259    27.2546     53.988     54.143      0.270    1486.08    1485.92  0.000e+00
       4575     55.000     8.6185     8.5611    -0.0576    3.68827    3.68519          1     6.1167     6.1162       9.97     0.0579  5.471e-12  1.000e-12  1.828e+01    35.0727    35.0971     0.0244    27.2358    27.2640     54.483     54.639      0.283    1485.78    1485.60  0.000e+00
       4616     55.500     8.5586     8.5460    -0.0125    3.68228    3.68255          1     6.0859     6.0893       9.97     0.0490  5.471e-12  1.000e-12  1.828e+01    35.0685    35.0839     0.0154    27.2420    27.2560     54.978     55.135      0.295    1485.56    1485.54  0.000e+00
       4657     56.000     8.5642     8.5536    -0.0106    3.68349    3.68404          1     6.0431     6.0503       9.97     0.0471  5.471e-12  1.000e-12  1.828e+01    35.0754    35.0919     0.0164    27.2465    27.2611     55.473     55.630      0.290    1485.60    1485.58  0.000e+00
       4699     56.500     8.5472     8.5030    -0.0442    3.68195    3.67990          1     6.0147     6.0134       9.97     0.0483  5.471e-12  1.000e-12  1.828e+01    35.0757    35.0981     0.0224    27.2494    27.2739     55.969     56.126      0.274    1485.55    1485.41  0.000e+00
       4743     57.000     8.5185     8.5206     0.0020    3.68035    3.68200          1     5.9924     6.0069       9.97     0.0491  5.471e-12  1.000e-12  1.828e+01    35.0872    35.1026     0.0154    27.2629    27.2746     56.464     56.622      0.278    1485.46    1485.49  0.000e+00
       4786     57.500     8.5323     8.5390     0.0067    3.68265    3.68441          1     6.0018     6.0185       9.97     0.0483  5.471e-12  1.000e-12  1.828e+01    35.0976    35.1096     0.0120    27.2689    27.2772     56.959     57.118      0.283    1485.54    1485.57  0.000e+00
