ctdpy/exports/archive_20191120_135557/received_data/SBE09_0827_20180301_1210_26_01_0339.cnv
* Sea-Bird SBE 9 Data File:
* FileName = D:\CTD_SBE911\DAT\26DA.2018.3.39.hex
* Software Version Seasave V 7.21d
* Temperature SN = 034757
* Conductivity SN = 041844
* Number of Bytes Per Scan = 48
* Number of Voltage Words = 5
* Number of Scans Averaged by the Deck Unit = 1
* NMEA Latitude = 57 20.98 N
* NMEA Longitude = 019 10.28 E
* NMEA UTC (Time) = Mar 01 2018  12:11:06
* NMEA baud rate = 4800
** Ship: DANA
** Average sound velocity: 1429.75 m/s
** True-depth calculation Tue, 02 Apr 2019 12:08:54 +0000
** CTD Python Module SMHI /ver 3-12/ feb 2012 
** LIMS Job: 20182601-0339
** Operator:
** Cruise: 02/2018
# nquan = 26
# nvalues = 167                         
# units = specified
# name 0 = scan: Scan Count
# name 1 = prDM: Pressure, Digiquartz [db]
# name 2 = t090C: Temperature [ITS-90, deg C]
# name 3 = t190C: Temperature, 2 [ITS-90, deg C]
# name 4 = T2-T190C: Temperature Difference, 2 - 1 [ITS-90, deg C]
# name 5 = c0S/m: Conductivity [S/m]
# name 6 = c1S/m: Conductivity, 2 [S/m]
# name 7 = pumps: Pump Status
# name 8 = sbeox1ML/L: Oxygen, SBE 43, 2 [ml/l]
# name 9 = sbeox0ML/L: Oxygen, SBE 43 [ml/l]
# name 10 = altM: Altimeter [m]
# name 11 = chloroflTC0: Chlorophyll, Turner Cyclops [ug/l]
# name 12 = cpar: CPAR/Corrected Irradiance [%]
# name 13 = par: PAR/Irradiance, Biospherical/Lico [µE/(cm^2*s)]
# name 14 = spar: SPAR, Biospherical/Licor
# name 15 = sal00: Salinity, Practical [PSU]
# name 16 = sal11: Salinity, Practical, 2 [PSU]
# name 17 = secS-priS: Salinity, Practical, Difference, 2 - 1 [PSU]
# name 18 = sigma-t00: Density [sigma-t, kg/m^3 ]
# name 19 = sigma-t11: Density, 2 [sigma-t, kg/m^3 ]
# name 20 = depSM: Depth [salt water, m], lat = 57.3497
# name 21 = depFM: Depth [true depth, m], lat = 57.3497
# name 22 = dz/dtM: Descent Rate [m/s], WS = 2
# name 23 = svCM: Sound Velocity [Chen-Millero, m/s]
# name 24 = svCM1: Sound Velocity, 2 [Chen-Millero, m/s]
# name 25 = flag: flag
# span 0 =         -2,      10274       
# span 1 =      1.500,     84.500       
# span 2 =     2.9596,     5.7763       
# span 3 =     2.9586,     5.7795       
# span 4 =    -0.0017,     0.3568       
# span 5 =   0.756070,   1.107877       
# span 6 =   0.755300,   1.107860       
# span 7 =          1,          1       
# span 8 =     0.1340,     8.5795       
# span 9 =     0.1565,     8.4923       
# span 10 =       1.10,      10.00      
# span 11 =     0.0110,     0.0164      
# span 12 = -9.414e-07, 6.0876e+00      
# span 13 = -8.221e-06, 4.0639e+01      
# span 14 = 4.5395e+02, 9.8476e+02      
# span 15 =     7.3894,    10.2201      
# span 16 =     7.3814,    10.2190      
# span 17 =    -0.0331,     0.0355      
# span 18 =     5.8914,     8.0399      
# span 19 =     5.8850,     8.0389      
# span 20 =      1.486,     83.704      
# span 21 =      1.519,     85.538      
# span 22 =     -0.124,      0.862      
# span 23 =    1426.56,    1443.98      
# span 24 =    1426.55,    1444.00      
# span 25 = 0.0000e+00, 0.0000e+00      
# interval = decibars: 0.5              
# start_time = Mar 01 2018 12:11:06 [NMEA time, first data scan]
# bad_flag = -9.990e-29
*END*
[from data line 112]
       5459     57.500     2.9789     2.9799     0.0011    0.75726    0.75662          1     8.5471     8.4744       9.95     0.0120  2.015e-13  1.000e-12  4.962e+02     7.3903     7.3833    -0.0070     5.8921     5.8865     56.962     58.223      0.382    1427.49    1427.49  0.000e+00
       5509     58.000     2.9787     2.9791     0.0004    0.75725    0.75658          1     8.5485     8.4724       9.95     0.0121  2.018e-13  1.000e-12  4.955e+02     7.3901     7.3830    -0.0071     5.8919     5.8862     57.458     58.729      0.560    1427.50    1427.49  0.000e+00
       5532     58.500     2.9780     2.9775    -0.0004    0.75723    0.75652          1     8.5534     8.4728       9.95     0.0122  2.018e-13  1.000e-12  4.955e+02     7.3900     7.3826    -0.0074     5.8918     5.8860     57.953     59.235      0.465    1427.50    1427.49  0.000e+00
       5578     59.000     2.9779     2.9777    -0.0001    0.75723    0.75653          1     8.5543     8.4716       9.95     0.0123  2.024e-13  1.000e-12  4.941e+02     7.3899     7.3826    -0.0073     5.8918     5.8860     58.448     59.742      0.242    1427.51    1427.50  0.000e+00
       5630     59.500     2.9772     2.9768    -0.0004    0.75721    0.75651          1     8.5440     8.4787       9.95     0.0121  2.026e-13  1.000e-12  4.935e+02     7.3898     7.3825    -0.0073     5.8917     5.8859     58.943     60.248      0.338    1427.51    1427.50  0.000e+00
       5672     60.000     2.9766     2.9766    -0.0000    0.75719    0.75648          1     8.5473     8.4725       9.95     0.0122  2.033e-13  1.000e-12  4.918e+02     7.3897     7.3823    -0.0074     5.8916     5.8857     59.439     60.754      0.258    1427.52    1427.51  0.000e+00
       5762     60.500     2.9766     2.9761    -0.0004    0.75720    0.75648          1     8.5538     8.4680       9.95     0.0122  2.035e-13  1.000e-12  4.914e+02     7.3897     7.3823    -0.0075     5.8917     5.8857     59.934     61.261      0.297    1427.53    1427.52  0.000e+00
       5790     61.000     2.9772     2.9777     0.0006    0.75723    0.75653          1     8.5507     8.4660       9.95     0.0122  2.041e-13  1.000e-12  4.899e+02     7.3898     7.3823    -0.0074     5.8917     5.8857     60.429     61.767      0.409    1427.54    1427.53  0.000e+00
       5822     61.500     2.9775     2.9805     0.0030    0.75724    0.75665          1     8.5512     8.4724       9.95     0.0123  2.050e-13  1.000e-12  4.877e+02     7.3897     7.3829    -0.0068     5.8916     5.8862     60.924     62.273      0.340    1427.55    1427.55  0.000e+00
       5865     62.000     2.9799     2.9832     0.0033    0.75736    0.75681          1     8.5530     8.4752       9.95     0.0120  2.046e-13  1.000e-12  4.887e+02     7.3904     7.3839    -0.0065     5.8922     5.8870     61.420     62.779      0.240    1427.57    1427.57  0.000e+00
       5917     62.500     2.9828     2.9829     0.0000    0.75751    0.75681          1     8.5417     8.4661       9.95     0.0123  2.050e-13  1.000e-12  4.877e+02     7.3912     7.3839    -0.0073     5.8928     5.8870     61.915     63.286      0.255    1427.59    1427.58  0.000e+00
       5959     63.000     2.9833     2.9836     0.0002    0.75755    0.75684          1     8.5460     8.4695       9.95     0.0121  2.060e-13  1.000e-12  4.854e+02     7.3914     7.3840    -0.0074     5.8930     5.8870     62.410     63.792      0.273    1427.60    1427.59  0.000e+00
       6044     63.500     2.9867     2.9869     0.0002    0.75777    0.75710          1     8.5418     8.4630       9.95     0.0122  2.058e-13  1.000e-12  4.859e+02     7.3929     7.3858    -0.0071     5.8941     5.8884     62.905     64.298      0.271    1427.63    1427.62  0.000e+00
       6084     64.000     2.9863     2.9859    -0.0004    0.75781    0.75709          1     8.5426     8.4688       9.95     0.0122  2.062e-13  1.000e-12  4.849e+02     7.3933     7.3859    -0.0075     5.8944     5.8885     63.401     64.805      0.417    1427.63    1427.62  0.000e+00
       6137     64.500     2.9857     2.9856    -0.0001    0.75778    0.75708          1     8.5409     8.4659       9.95     0.0121  2.065e-13  1.000e-12  4.843e+02     7.3931     7.3858    -0.0073     5.8943     5.8884     63.896     65.311      0.263    1427.64    1427.63  0.000e+00
       6194     65.000     2.9858     2.9865     0.0007    0.75779    0.75712          1     8.5313     8.4603       9.95     0.0122  2.060e-13  1.000e-12  4.853e+02     7.3931     7.3859    -0.0072     5.8943     5.8885     64.391     65.817      0.467    1427.65    1427.64  0.000e+00
       6216     65.500     2.9858     2.9854    -0.0004    0.75779    0.75709          1     8.5271     8.4611       9.95     0.0122  2.071e-13  1.000e-12  4.829e+02     7.3931     7.3858    -0.0073     5.8943     5.8885     64.886     66.323      0.485    1427.65    1427.64  0.000e+00
       6254     66.000     2.9854     2.9849    -0.0005    0.75780    0.75708          1     8.5295     8.4610       9.95     0.0121  2.076e-13  1.000e-12  4.817e+02     7.3931     7.3857    -0.0074     5.8943     5.8884     65.381     66.830      0.245    1427.66    1427.65  0.000e+00
       6371     66.500     2.9836     2.9832    -0.0005    0.75770    0.75699          1     8.5479     8.4616       9.95     0.0122  2.077e-13  1.000e-12  4.814e+02     7.3924     7.3851    -0.0073     5.8938     5.8879     65.877     67.336      0.210    1427.66    1427.65  0.000e+00
       6425     67.000     2.9834     2.9830    -0.0005    0.75769    0.75696          1     8.5445     8.4658       9.95     0.0122  2.078e-13  1.000e-12  4.813e+02     7.3923     7.3849    -0.0075     5.8937     5.8877     66.372     67.842      0.408    1427.66    1427.65  0.000e+00
       6449     67.500     2.9832     2.9828    -0.0004    0.75768    0.75696          1     8.5465     8.4706       9.95     0.0124  2.078e-13  1.000e-12  4.812e+02     7.3922     7.3848    -0.0074     5.8936     5.8876     66.867     68.349      0.462    1427.67    1427.66  0.000e+00
       6502     68.000     2.9833     2.9845     0.0012    0.75768    0.75701          1     8.5394     8.4692       9.95     0.0122  2.083e-13  1.000e-12  4.802e+02     7.3922     7.3849    -0.0073     5.8935     5.8877     67.362     68.855      0.287    1427.68    1427.67  0.000e+00
       6575     68.500     2.9829     2.9823    -0.0006    0.75766    0.75692          1     8.5307     8.4812       9.95     0.0122  2.080e-13  1.000e-12  4.808e+02     7.3919     7.3844    -0.0075     5.8934     5.8874     67.858     69.361      0.371    1427.69    1427.67  0.000e+00
       6639     69.000     2.9918     2.9908    -0.0010    0.75816    0.75744          1     8.5211     8.4562       9.95     0.0122  2.086e-13  1.000e-12  4.793e+02     7.3951     7.3878    -0.0073     5.8958     5.8900     68.353     69.867      0.276    1427.74    1427.72  0.000e+00
       6711     69.500     2.9925     2.9956     0.0031    0.75827    0.75762          1     8.5231     8.4478       9.95     0.0120  2.086e-13  1.000e-12  4.793e+02     7.3960     7.3884    -0.0076     5.8965     5.8904     68.848     70.374      0.385    1427.75    1427.75  0.000e+00
       6753     70.000     3.0171     3.0295     0.0125    0.75954    0.75914          1     8.4447     8.4281       9.95     0.0121  2.088e-13  1.000e-12  4.789e+02     7.4036     7.3965    -0.0071     5.9023     5.8965     69.343     70.880      0.248    1427.88    1427.93  0.000e+00
       6826     70.500     3.4014     3.7588     0.3568    0.80125    0.80700          1     8.1281     7.3716       9.95     0.0122  2.096e-13  1.000e-12  4.772e+02     7.7437     7.7167    -0.0270     6.1662     6.1364     69.839     71.386      0.365    1430.08    1431.66  0.000e+00
       6849     71.000     4.7125     4.9333     0.2219    0.91687    0.91924          1     7.0172     4.8500       9.95     0.0122  2.095e-13  1.000e-12  4.772e+02     8.6049     8.5718    -0.0331     6.8157     6.7806     70.334     71.892      0.470    1437.09    1438.02  0.000e+00
       6905     71.500     5.1122     5.3496     0.2373    0.95327    0.96109          1     4.6086     3.0115       9.95     0.0122  2.102e-13  1.000e-12  4.757e+02     8.8662     8.8816     0.0154     7.0056     7.0067     70.829     72.398      0.383    1439.19    1440.24  0.000e+00
       7009     72.000     5.4486     5.5508     0.1019    0.98155    0.98394          1     2.9146     2.4038       9.95     0.0131  2.123e-13  1.000e-12  4.711e+02     9.0587     9.0548    -0.0038     7.1417     7.1334     71.324     72.904      0.715    1440.90    1441.34  0.000e+00
       7025     72.500     5.5216     5.5891     0.0677    0.98971    0.99305          1     2.7168     2.2146       9.95     0.0134  2.120e-13  1.000e-12  4.717e+02     9.1199     9.1347     0.0149     7.1863     7.1944     71.819     73.409      0.636    1441.31    1441.61  0.000e+00
       7084     73.000     5.5717     5.6273     0.0555    0.99889    1.00280          1     2.2865     1.9805       9.95     0.0131  2.120e-13  1.000e-12  4.718e+02     9.1973     9.2209     0.0236     7.2447     7.2604     72.315     73.915      0.440    1441.63    1441.90  0.000e+00
       7171     73.500     5.6335     5.6482     0.0147    1.01282    1.01337          1     1.9555     1.7865       9.95     0.0134  2.141e-13  1.000e-12  4.671e+02     9.3185     9.3199     0.0014     7.3370     7.3374     72.810     74.420      0.646    1442.06    1442.12  0.000e+00
       7189     74.000     5.6480     5.6690     0.0211    1.02187    1.02604          1     1.8387     1.6336       9.95     0.0134  2.130e-13  1.000e-12  4.694e+02     9.4042     9.4397     0.0355     7.4038     7.4307     73.305     74.926      0.572    1442.23    1442.37  0.000e+00
       7290     74.500     5.6698     5.6841     0.0142    1.03299    1.03480          1     1.5524     1.4107       9.95     0.0130  2.130e-13  1.000e-12  4.696e+02     9.5083     9.5222     0.0139     7.4848     7.4949     73.800     75.432      0.372    1442.47    1442.55  0.000e+00
       7388     75.000     5.6859     5.6903     0.0044    1.03895    1.03846          1     1.3299     1.2681       9.95     0.0134  2.132e-13  1.000e-12  4.691e+02     9.5629     9.5567    -0.0061     7.5269     7.5219     74.296     75.937      0.298    1442.61    1442.62  0.000e+00
       7600     75.500     5.6957     5.6992     0.0035    1.04283    1.04222          1     1.1650     1.1631       9.95     0.0135  2.153e-13  1.000e-12  4.645e+02     9.5984     9.5914    -0.0070     7.5544     7.5487     74.791     76.442      0.318    1442.71    1442.71  0.000e+00
       7728     76.000     5.7044     5.7060     0.0016    1.04738    1.04675          1     1.0784     1.0659       9.95     0.0134  2.162e-13  1.000e-12  4.625e+02     9.6411     9.6343    -0.0068     7.5876     7.5822     75.286     76.948      0.402    1442.81    1442.81  0.000e+00
       7844     76.500     5.7095     5.7128     0.0032    1.05369    1.05354          1     0.9964     0.9700       9.68     0.0135  2.175e-13  1.000e-12  4.598e+02     9.7022     9.6997    -0.0024     7.6355     7.6334     75.781     77.453      0.287    1442.92    1442.93  0.000e+00
       7970     77.000     5.7201     5.7268     0.0068    1.06413    1.06719          1     0.8498     0.7899       9.11     0.0134  2.178e-13  1.000e-12  4.592e+02     9.8028     9.8313     0.0285     7.7142     7.7363     76.276     77.959      0.207    1443.10    1443.16  0.000e+00
       8043     77.500     5.7277     5.7298     0.0021    1.07068    1.07200          1     0.5719     0.5915       8.52     0.0147  2.178e-13  1.000e-12  4.592e+02     9.8656     9.8781     0.0124     7.7633     7.7730     76.772     78.464      0.162    1443.22    1443.24  0.000e+00
       8213     78.000     5.7317     5.7339     0.0022    1.07581    1.07517          1     0.4949     0.4855       8.07     0.0147  2.190e-13  1.000e-12  4.566e+02     9.9154     9.9084    -0.0070     7.8023     7.7967     77.267     78.969      0.499    1443.30    1443.30  0.000e+00
       8240     78.500     5.7364     5.7401     0.0037    1.08024    1.07988          1     0.4535     0.4259       7.57     0.0148  2.190e-13  1.000e-12  4.567e+02     9.9580     9.9533    -0.0047     7.8357     7.8318     77.762     79.475      0.464    1443.39    1443.40  0.000e+00
       8343     79.000     5.7436     5.7446     0.0010    1.08326    1.08288          1     0.3339     0.3443       6.98     0.0153  2.192e-13  1.000e-12  4.563e+02     9.9858     9.9817    -0.0041     7.8572     7.8539     78.257     79.980      0.288    1443.46    1443.46  0.000e+00
       8469     79.500     5.7449     5.7454     0.0005    1.08668    1.08605          1     0.2652     0.2893       6.45     0.0158  2.199e-13  1.000e-12  4.548e+02    10.0194    10.0129    -0.0065     7.8836     7.8784     78.752     80.485      0.298    1443.52    1443.51  0.000e+00
       8566     80.000     5.7478     5.7487     0.0009    1.08804    1.08740          1     0.2346     0.2653       5.91     0.0161  2.203e-13  1.000e-12  4.539e+02    10.0320    10.0253    -0.0067     7.8933     7.8880     79.248     80.991      0.359    1443.55    1443.55  0.000e+00
       8705     80.500     5.7484     5.7488     0.0004    1.08838    1.08767          1     0.2200     0.2491       5.36     0.0159  2.191e-13  1.000e-12  4.565e+02    10.0350    10.0279    -0.0071     7.8957     7.8900     79.743     81.496      0.254    1443.57    1443.56  0.000e+00
       8783     81.000     5.7504     5.7519     0.0016    1.08916    1.08854          1     0.2117     0.2373       4.87     0.0164  2.179e-13  1.000e-12  4.589e+02    10.0421    10.0355    -0.0066     7.9012     7.8959     80.238     82.001      0.390    1443.59    1443.59  0.000e+00
       8864     81.500     5.7543     5.7559     0.0015    1.09038    1.08972          1     0.1994     0.2238       4.35     0.0159  2.174e-13  1.000e-12  4.599e+02    10.0530    10.0460    -0.0069     7.9095     7.9039     80.733     82.506      0.334    1443.63    1443.63  0.000e+00
       8971     82.000     5.7602     5.7621     0.0020    1.09281    1.09230          1     0.1820     0.1985       3.83     0.0163  2.167e-13  1.000e-12  4.614e+02    10.0754    10.0697    -0.0057     7.9269     7.9222     81.228     83.012      0.344    1443.69    1443.69  0.000e+00
       9124     82.500     5.7620     5.7621     0.0002    1.09473    1.09445          1     0.1943     0.2170       3.30     0.0162  2.156e-13  1.000e-12  4.638e+02    10.0939    10.0910    -0.0028     7.9413     7.9391     81.724     83.517      0.259    1443.73    1443.73  0.000e+00
       9200     83.000     5.7667     5.7685     0.0018    1.09865    1.09810          1     0.2059     0.2039       3.52     0.0159  2.150e-13  1.000e-12  4.652e+02    10.1313    10.1253    -0.0060     7.9706     7.9657     82.219     84.022      0.290    1443.81    1443.81  0.000e+00
       9417     83.500     5.7714     5.7727     0.0014    1.10091    1.10088          1     0.1528     0.1689       4.41     0.0162  2.127e-13  1.000e-12  4.702e+02    10.1524    10.1517    -0.0007     7.9869     7.9862     82.714     84.527      0.200    1443.86    1443.86  0.000e+00
       9736     84.000     5.7751     5.7766     0.0015    1.10462    1.10418          1     0.1589     0.1690       1.75     0.0159  2.093e-13  1.000e-12  4.777e+02    10.1881    10.1833    -0.0049     8.0148     8.0109     83.209     85.033      0.281    1443.93    1443.93  0.000e+00
      10274     84.500     5.7763     5.7795     0.0033    1.10788    1.10786          1     0.1340     0.1565       1.10     0.0159  2.050e-13  1.000e-12  4.876e+02    10.2201    10.2190    -0.0011     8.0399     8.0389     83.704     85.538      0.044    1443.98    1444.00  0.000e+00
