ctdpy/exports/archive_20191120_135557/received_data/SBE09_1044_20180531_0435_34_07_0049.cnv
* Sea-Bird SBE 9 Data File:
* FileName = C:\ctd\temp\2018\AU18D049.hex
* Software Version Seasave V 7.26.6.26
* Temperature SN = 5351
* Conductivity SN = 3941
* Number of Bytes Per Scan = 41
* Number of Voltage Words = 4
* Number of Scans Averaged by the Deck Unit = 1
* NMEA Latitude = 58 01.02 N
* NMEA Longitude = 017 59.08 E
* NMEA UTC (Time) = May 31 2018  04:35:04
* NMEA baud rate = 4800
** Station:  BY32
** Operator:  JKro
** Ship: AURA
** Average sound velocity: 1442.26 m/s
** True-depth calculation Thu, 31 May 2018 08:38:02 +0000
** CTD Python Module SMHI /ver 3-12/ feb 2012 
** LIMS Job: 20183407-0049
** Cruise: SMHI-02-2018
** Latitude [GG MM.mm N] :
** Longitude [GG MM.mm E]:
# nquan = 26
# nvalues = 396                         
# units = specified
# name 0 = scan: Scan Count
# name 1 = prDM: Pressure, Digiquartz [db]
# name 2 = t090C: Temperature [ITS-90, deg C]
# name 3 = t190C: Temperature, 2 [ITS-90, deg C]
# name 4 = T2-T190C: Temperature Difference, 2 - 1 [ITS-90, deg C]
# name 5 = c0S/m: Conductivity [S/m]
# name 6 = c1S/m: Conductivity, 2 [S/m]
# name 7 = pumps: Pump Status
# name 8 = sbeox0ML/L: Oxygen, SBE 43 [ml/l]
# name 9 = sbeox1ML/L: Oxygen, SBE 43, 2 [ml/l]
# name 10 = altM: Altimeter [m]
# name 11 = flECO-AFL: Chl-a Fluorescence, WET Labs ECO-AFL/FL [mg/m^3]
# name 12 = flECO-AFL1: Phycocyanin Fluorescence, WET Labs ECO-AFL/FL, 2 [mg/m^3]
# name 13 = par: PAR/Irradiance, Biospherical/Lico [µE/(cm^2*s)]
# name 14 = turbWETntu0: Turbidity, WET Labs ECO [NTU]
# name 15 = sal00: Salinity, Practical [PSU]
# name 16 = sal11: Salinity, Practical, 2 [PSU]
# name 17 = secS-priS: Salinity, Practical, Difference, 2 - 1 [PSU]
# name 18 = sigma-t00: Density [sigma-t, Kg/m^3 ]
# name 19 = sigma-t11: Density, 2 [sigma-t, Kg/m^3 ]
# name 20 = depSM: Depth [salt water, m], lat = 58.017
# name 21 = depFM: Depth [true depth, m], lat = 58.017
# name 22 = dz/dtM: Descent Rate [m/s], WS = 2
# name 23 = svCM: Sound Velocity [Chen-Millero, m/s]
# name 24 = svCM1: Sound Velocity, 2 [Chen-Millero, m/s]
# name 25 = flag: flag
# span 0 =      11417,      24943       
# span 1 =      1.000,    198.500       
# span 2 =     2.6558,    13.0652       
# span 3 =     2.6605,    13.0654       
# span 4 =    -0.0557,     0.0318       
# span 5 =   0.728807,   1.186217       
# span 6 =   0.728791,   1.186441       
# span 7 =          1,          1       
# span 8 =    0.01144,    9.43904       
# span 9 =   -0.14804,    9.68373       
# span 10 =       1.96,      99.07      
# span 11 =     0.2209,    10.5599      
# span 12 =     0.1537,     1.1432      
# span 13 = 1.0000e-12, 3.7159e+03      
# span 14 =     0.1224,     0.6198      
# span 15 =     6.7204,    10.9221      
# span 16 =     6.7199,    10.9232      
# span 17 =    -0.0153,     0.0023      
# span 18 =     4.5695,     8.5817      
# span 19 =     4.5693,     8.5824      
# span 20 =      0.991,    196.566      
# span 21 =      1.014,    200.714      
# span 22 =     -0.073,      0.539      
# span 23 =    1425.74,    1467.13      
# span 24 =    1425.75,    1467.14      
# span 25 = 0.0000e+00, 0.0000e+00      
# interval = decibars: 0.5              
# start_time = May 31 2018 04:35:04 [NMEA time, first data scan]
# bad_flag = -9.990e-29
*END*
      11417      1.000    13.0652    13.0654     0.0002    0.90543    0.90540          1     8.4411     8.3567      97.41     0.9796     0.3806  3.716e+03  0.4084000     6.7209     6.7206    -0.0003     4.5695     4.5693      0.991      1.014      0.317    1467.08    1467.08  0.000e+00
      11443      1.500    13.0589    13.0625     0.0036    0.90528    0.90533          1     8.4467     8.3625      97.40     0.9630     0.3785  1.539e+03  0.4154000     6.7208     6.7206    -0.0002     4.5703     4.5697      1.486      1.521      0.377    1467.07    1467.08  0.000e+00
      11495      2.000    13.0555    13.0598     0.0043    0.90520    0.90527          1     8.4597     8.3759      97.41     1.0286     0.3358  7.457e+02  0.4063000     6.7207     6.7205    -0.0002     4.5708     4.5700      1.982      2.028      0.453    1467.06    1467.08  0.000e+00
      11515      2.500    13.0551    13.0552     0.0001    0.90519    0.90517          1     8.4756     8.3983      97.41     1.0871     0.3676  5.592e+02  0.3884000     6.7207     6.7205    -0.0002     4.5708     4.5706      2.477      2.535      0.401    1467.07    1467.07  0.000e+00
      11560      3.000    13.0547    13.0558     0.0011    0.90519    0.90518          1     8.4813     8.3994      97.39     1.2835     0.3192  4.488e+02  0.4002000     6.7206     6.7204    -0.0002     4.5708     4.5705      2.972      3.042      0.293    1467.08    1467.08  0.000e+00
      11594      3.500    13.0497    13.0525     0.0028    0.90512    0.90513          1     8.4692     8.3748      97.40     1.4045     0.3534  3.358e+02  0.4338000     6.7209     6.7205    -0.0004     4.5717     4.5710      3.468      3.549      0.331    1467.07    1467.08  0.000e+00
      11633      4.000    13.0504    13.0504    -0.0001    0.90514    0.90512          1     8.4604     8.3858      97.39     1.5949     0.4136  2.887e+02  0.4218000     6.7209     6.7208    -0.0001     4.5716     4.5715      3.963      4.056      0.307    1467.08    1467.07  0.000e+00
      11673      4.500    13.0553    13.0565     0.0011    0.90523    0.90523          1     8.4631     8.3675      97.40     1.6484     0.3934  2.460e+02  0.4416000     6.7207     6.7205    -0.0002     4.5708     4.5705      4.458      4.563      0.291    1467.10    1467.11  0.000e+00
      11711      5.000    13.0596    13.0585    -0.0011    0.90529    0.90526          1     8.4570     8.3436      97.40     1.5400     0.3972  1.772e+02  0.4018000     6.7204     6.7204     0.0000     4.5699     4.5701      4.954      5.070      0.337    1467.12    1467.12  0.000e+00
      11751      5.500    13.0577    13.0615     0.0039    0.90525    0.90528          1     8.4512     8.3836      97.40     1.6442     0.3693  1.650e+02  0.4526000     6.7204     6.7199    -0.0004     4.5702     4.5693      5.449      5.576      0.275    1467.13    1467.14  0.000e+00
      11790      6.000    13.0444    13.0461     0.0017    0.90509    0.90510          1     8.4685     8.3981      97.40     1.7286     0.3811  1.198e+02  0.4749000     6.7214     6.7212    -0.0002     4.5729     4.5724      5.944      6.083      0.364    1467.09    1467.09  0.000e+00
      11823      6.500    13.0126    13.0040    -0.0086    0.90473    0.90461          1     8.4836     8.4153      97.40     2.0046     0.4091  1.250e+02  0.4288000     6.7241     6.7246     0.0006     4.5795     4.5811      6.440      6.590      0.355    1466.98    1466.95  0.000e+00
      11857      7.000    12.9743    12.9766     0.0023    0.90432    0.90433          1     8.4954     8.4272      97.39     2.1119     0.4381  7.863e+01  0.4005000     6.7275     6.7272    -0.0003     4.5876     4.5870      6.935      7.097      0.380    1466.86    1466.87  0.000e+00
      11887      7.500    12.9775    12.9774    -0.0001    0.90443    0.90441          1     8.5031     8.4399      97.39     2.1332     0.4386  7.034e+01  0.4505000     6.7277     6.7277    -0.0001     4.5873     4.5872      7.430      7.604      0.386    1466.88    1466.88  0.000e+00
      11919      8.000    12.9679    12.9669    -0.0011    0.90436    0.90432          1     8.5020     8.4526      97.39     2.1690     0.3853  7.311e+01  0.4365000     6.7288     6.7287    -0.0001     4.5895     4.5896      7.926      8.111      0.411    1466.85    1466.85  0.000e+00
      11945      8.500    12.9341    12.9348     0.0006    0.90358    0.90357          1     8.4970     8.4398      97.39     2.2155     0.4962  5.109e+01  0.4103000     6.7285     6.7283    -0.0002     4.5940     4.5938      8.421      8.618      0.475    1466.74    1466.74  0.000e+00
      11970      9.000    12.7655    12.7502    -0.0151    0.90018    0.90000          1     8.5370     8.5182      97.41     2.2214     0.4181  3.691e+01  0.4139000     6.7309     6.7322     0.0013     4.6196     4.6227      8.916      9.125      0.439    1466.14    1466.08  0.000e+00
      12001      9.500    12.6218    12.6154    -0.0065    0.89734    0.89719          1     8.5546     8.5300      97.39     2.3031     0.4337  3.477e+01  0.4103000     6.7336     6.7334    -0.0001     4.6416     4.6424      9.412      9.632      0.365    1465.62    1465.60  0.000e+00
      12033     10.000    12.4485    12.4711     0.0226    0.89401    0.89442          1     8.5646     8.5392      97.40     2.3508     0.3873  3.105e+01  0.3961000     6.7374     6.7367    -0.0007     4.6682     4.6646      9.907     10.139      0.424    1465.00    1465.09  0.000e+00
      12059     10.500    12.3045    12.3111     0.0065    0.89184    0.89194          1     8.5985     8.5958      97.40     2.3912     0.4081  2.765e+01  0.4244000     6.7454     6.7451    -0.0003     4.6938     4.6927     10.402     10.646      0.487    1464.49    1464.51  0.000e+00
      12083     11.000    12.2221    12.2270     0.0049    0.89087    0.89095          1     8.6326     8.5961      97.39     2.4446     0.3971  2.519e+01  0.4326000     6.7522     6.7520    -0.0002     4.7101     4.7093     10.898     11.153      0.456    1464.20    1464.22  0.000e+00
      12113     11.500    12.1742    12.1831     0.0089    0.89003    0.89013          1     8.7418     8.6683      97.40     2.4916     0.4512  2.109e+01  0.3913000     6.7538     6.7531    -0.0007     4.7178     4.7160     11.393     11.660      0.379    1464.04    1464.07  0.000e+00
      12145     12.000    12.1153    12.1314     0.0160    0.88959    0.88979          1     8.9824     8.9671      87.69     2.5166     0.4362  1.847e+01  0.3742000     6.7608     6.7596    -0.0012     4.7309     4.7279     11.888     12.166      0.388    1463.84    1463.89  0.000e+00
      12174     12.500    11.8666    11.8780     0.0114    0.88490    0.88501          1     8.6265     8.8299      97.44     2.4978     0.4203  1.684e+01  0.3600000     6.7671     6.7660    -0.0012     4.7681     4.7657     12.384     12.673      0.444    1462.93    1462.97  0.000e+00
      12200     13.000    10.7224    10.7541     0.0318    0.85960    0.85933          1     8.6175     9.1793      97.38     2.5812     0.3802  1.455e+01  0.3718000     6.7643     6.7560    -0.0083     4.9032     4.8925     12.879     13.180      0.472    1458.59    1458.70  0.000e+00
      12226     13.500     9.1337     9.1338    -0.0003    0.82299    0.82249          1     9.1145     9.6837      97.40     3.1866     0.4602  1.234e+01  0.3708000     6.7444     6.7401    -0.0043     5.0556     5.0525     13.374     13.687      0.455    1452.39    1452.38  0.000e+00
      12253     14.000     8.5890     8.5888    -0.0001    0.81287    0.81280          1     9.4390     9.6688      97.40     3.4987     0.5041  1.072e+01  0.3744000     6.7580     6.7575    -0.0006     5.1167     5.1163     13.870     14.194      0.422    1450.23    1450.23  0.000e+00
      12283     14.500     8.3737     8.3739     0.0002    0.80854    0.80852          1     9.3514     9.2579      97.39     4.7411     0.5852  9.638e+00  0.4159000     6.7602     6.7601    -0.0002     5.1370     5.1368     14.365     14.700      0.396    1449.37    1449.37  0.000e+00
      12313     15.000     8.1194     8.1243     0.0048    0.80289    0.80293          1     8.9259     8.6808      97.39     6.7151     0.7505  8.144e+00  0.4611000     6.7581     6.7576    -0.0006     5.1564     5.1556     14.860     15.207      0.420    1448.34    1448.36  0.000e+00
      12339     15.500     7.8313     7.8330     0.0019    0.79813    0.79806          1     8.5650     8.3670      97.39     9.2084     0.9330  7.112e+00  0.5231000     6.7705     6.7695    -0.0010     5.1889     5.1880     15.356     15.714      0.486    1447.19    1447.19  0.000e+00
      12363     16.000     7.5564     7.5558    -0.0008    0.79383    0.79373          1     8.4757     8.3585      97.40    10.5599     1.1432  6.430e+00  0.5354000     6.7844     6.7836    -0.0008     5.2206     5.2200     15.851     16.220      0.501    1446.08    1446.08  0.000e+00
      12388     16.500     7.3551     7.3563     0.0012    0.79095    0.79094          1     8.5188     8.4227      97.40    10.1872     1.0800  5.398e+00  0.5152000     6.7971     6.7968    -0.0003     5.2452     5.2448     16.346     16.727      0.439    1445.27    1445.27  0.000e+00
      12418     17.000     7.2931     7.2939     0.0008    0.79080    0.79082          1     8.5458     8.4192      97.39     9.3604     0.9980  4.345e+00  0.4894000     6.8079     6.8079    -0.0000     5.2580     5.2580     16.842     17.233      0.394    1445.03    1445.03  0.000e+00
      12447     17.500     7.2126     7.2128     0.0003    0.79027    0.79021          1     8.5501     8.4037      97.40     8.7713     0.9690  3.764e+00  0.4630000     6.8188     6.8182    -0.0006     5.2721     5.2716     17.337     17.740      0.478    1444.72    1444.72  0.000e+00
      12470     18.000     7.0810     7.0831     0.0021    0.78880    0.78878          1     8.5910     8.4588      97.40     7.7325     0.8586  3.256e+00  0.4425000     6.8311     6.8305    -0.0006     5.2908     5.2902     17.832     18.247      0.510    1444.19    1444.20  0.000e+00
      12494     18.500     7.0067     7.0039    -0.0027    0.78817    0.78809          1     8.6409     8.5263      97.40     6.6660     0.8128  2.732e+00  0.4227000     6.8399     6.8396    -0.0003     5.3027     5.3027     18.328     18.753      0.460    1443.90    1443.89  0.000e+00
      12522     19.000     6.9274     6.9250    -0.0024    0.78746    0.78741          1     8.6719     8.5447      97.41     5.9419     0.7060  2.245e+00  0.4000000     6.8489     6.8490     0.0000     5.3150     5.3152     18.823     19.260      0.425    1443.58    1443.58  0.000e+00
      12550     19.500     6.7727     6.7770     0.0044    0.78574    0.78571          1     8.6700     8.5906      97.39     5.0838     0.6166  1.956e+00  0.3784000     6.8636     6.8624    -0.0012     5.3364     5.3352     19.318     19.766      0.465    1442.96    1442.98  0.000e+00
      12575     20.000     6.5538     6.5521    -0.0016    0.78249    0.78240          1     8.7014     8.6765      97.40     4.0538     0.5350  1.717e+00  0.3511000     6.8769     6.8764    -0.0005     5.3603     5.3600     19.814     20.273      0.478    1442.06    1442.05  0.000e+00
      12600     20.500     6.3387     6.3397     0.0009    0.77915    0.77912          1     8.7781     8.7389      97.40     3.1069     0.5259  1.463e+00  0.3159000     6.8885     6.8881    -0.0005     5.3821     5.3817     20.309     20.779      0.448    1441.17    1441.17  0.000e+00
      12628     21.000     6.1758     6.1836     0.0078    0.77683    0.77687          1     8.9045     8.8620      97.41     2.3038     0.4015  1.246e+00  0.3048000     6.8993     6.8982    -0.0011     5.3998     5.3984     20.804     21.286      0.433    1440.49    1440.52  0.000e+00
      12655     21.500     5.9587     5.9639     0.0053    0.77375    0.77379          1     8.7776     8.7885      97.39     1.7646     0.3951  1.098e+00  0.2977000     6.9141     6.9133    -0.0008     5.4230     5.4221     21.300     21.792      0.465    1439.59    1439.61  0.000e+00
      12680     22.000     5.4867     5.5094     0.0225    0.76628    0.76642          1     8.7404     8.8282      97.40     1.5480     0.3122  9.882e-01  0.2766000     6.9388     6.9355    -0.0033     5.4649     5.4612     21.795     22.299      0.494    1437.58    1437.68  0.000e+00
      12704     22.500     4.8281     4.8436     0.0156    0.75594    0.75605          1     8.8127     8.8883      97.40     1.2705     0.3134  8.570e-01  0.2652000     6.9745     6.9724    -0.0022     5.5201     5.5178     22.290     22.805      0.459    1434.75    1434.82  0.000e+00
      12733     23.000     4.4643     4.4830     0.0187    0.74977    0.74998          1     8.9197     8.8850      51.96     1.0589     0.3087  7.304e-01  0.2183000     6.9899     6.9880    -0.0018     5.5443     5.5422     22.786     23.312      0.403    1433.17    1433.25  0.000e+00
      12762     23.500     4.3092     4.3143     0.0050    0.74763    0.74767          1     8.9560     8.8424      97.82     0.8968     0.2742  6.627e-01  0.2055000     7.0013     7.0006    -0.0006     5.5579     5.5572     23.281     23.818      0.447    1432.50    1432.52  0.000e+00
      12787     24.000     4.2549     4.2587     0.0037    0.74718    0.74718          1     8.9364     8.7953      97.39     0.7609     0.2828  6.023e-01  0.2053000     7.0083     7.0075    -0.0008     5.5650     5.5642     23.776     24.325      0.507    1432.27    1432.29  0.000e+00
      12810     24.500     4.0918     4.1001     0.0083    0.74452    0.74458          1     8.9257     8.7808      97.39     0.6910     0.2719  5.321e-01  0.1888000     7.0162     7.0151    -0.0011     5.5755     5.5744     24.271     24.831      0.479    1431.56    1431.59  0.000e+00
      12839     25.000     3.9533     3.9641     0.0109    0.74233    0.74246          1     8.8744     8.7423      97.40     0.5555     0.2966  4.598e-01  0.2104000     7.0237     7.0227    -0.0010     5.5847     5.5837     24.767     25.338      0.384    1430.95    1431.00  0.000e+00
      12871     25.500     3.7285     3.7392     0.0105    0.73884    0.73900          1     8.8359     8.7346      97.40     0.4934     0.2801  4.184e-01  0.1788000     7.0366     7.0359    -0.0007     5.5997     5.5989     25.262     25.844      0.405    1429.96    1430.01  0.000e+00
      12898     26.000     3.6117     3.6123     0.0006    0.73723    0.73720          1     8.8177     8.7155      97.39     0.4337     0.2661  3.828e-01  0.1678000     7.0453     7.0449    -0.0004     5.6087     5.6084     25.757     26.351      0.501    1429.45    1429.45  0.000e+00
      12920     26.500     3.5200     3.5219     0.0020    0.73610    0.73608          1     8.8230     8.7022      97.41     0.3993     0.2452  3.335e-01  0.1624000     7.0536     7.0530    -0.0006     5.6169     5.6164     26.253     26.857      0.508    1429.05    1429.06  0.000e+00
      12946     27.000     3.4792     3.4780    -0.0011    0.73574    0.73569          1     8.8285     8.7075      97.40     0.3728     0.2949  2.942e-01  0.1433000     7.0587     7.0584    -0.0003     5.6217     5.6214     26.748     27.363      0.431    1428.88    1428.87  0.000e+00
      12977     27.500     3.4316     3.4323     0.0007    0.73515    0.73511          1     8.7608     8.6463      97.40     0.3676     0.2760  2.648e-01  0.1518000     7.0630     7.0624    -0.0006     5.6257     5.6253     27.243     27.870      0.378    1428.67    1428.68  0.000e+00
      13007     28.000     3.2513     3.2528     0.0015    0.73172    0.73176          1     8.7112     8.6020      97.41     0.3648     0.2506  2.460e-01  0.1603000     7.0669     7.0670     0.0001     5.6313     5.6313     27.739     28.376      0.437    1427.86    1427.87  0.000e+00
