ctdpy/exports/archive_20191120_135557/received_data/SBE09_0827_20180121_0910_26_01_0143.cnv
* Sea-Bird SBE 9 Data File:
* FileName = D:\CTD_SBE911\DAT\26DA.2018.1.43.hex
* Software Version Seasave V 7.21d
* Temperature SN = 034757
* Conductivity SN = 041844
* Number of Bytes Per Scan = 48
* Number of Voltage Words = 5
* Number of Scans Averaged by the Deck Unit = 1
* NMEA Latitude = 58 03.12 N
* NMEA Longitude = 009 54.38 E
* NMEA UTC (Time) = Jan 21 2018  09:10:34
* NMEA baud rate = 4800
** Ship: DANA
** Average sound velocity: 1479.57 m/s
** True-depth calculation Thu, 28 Mar 2019 08:24:58 +0000
** CTD Python Module SMHI /ver 3-12/ feb 2012 
** LIMS Job: 20182601-0143
** Operator:
** Cruise: 01/2018
# nquan = 26
# nvalues = 316                         
# units = specified
# name 0 = scan: Scan Count
# name 1 = prDM: Pressure, Digiquartz [db]
# name 2 = t090C: Temperature [ITS-90, deg C]
# name 3 = t190C: Temperature, 2 [ITS-90, deg C]
# name 4 = T2-T190C: Temperature Difference, 2 - 1 [ITS-90, deg C]
# name 5 = c0S/m: Conductivity [S/m]
# name 6 = c1S/m: Conductivity, 2 [S/m]
# name 7 = pumps: Pump Status
# name 8 = sbeox1ML/L: Oxygen, SBE 43, 2 [ml/l]
# name 9 = sbeox0ML/L: Oxygen, SBE 43 [ml/l]
# name 10 = altM: Altimeter [m]
# name 11 = chloroflTC0: Chlorophyll, Turner Cyclops [ug/l]
# name 12 = cpar: CPAR/Corrected Irradiance [%]
# name 13 = par: PAR/Irradiance, Biospherical/Lico [µE/(cm^2*s)]
# name 14 = spar: SPAR, Biospherical/Licor
# name 15 = sal00: Salinity, Practical [PSU]
# name 16 = sal11: Salinity, Practical, 2 [PSU]
# name 17 = secS-priS: Salinity, Practical, Difference, 2 - 1 [PSU]
# name 18 = sigma-t00: Density [sigma-t, kg/m^3 ]
# name 19 = sigma-t11: Density, 2 [sigma-t, kg/m^3 ]
# name 20 = depSM: Depth [salt water, m], lat = 58.052
# name 21 = depFM: Depth [true depth, m], lat = 58.052
# name 22 = dz/dtM: Descent Rate [m/s], WS = 2
# name 23 = svCM: Sound Velocity [Chen-Millero, m/s]
# name 24 = svCM1: Sound Velocity, 2 [Chen-Millero, m/s]
# name 25 = flag: flag
# span 0 =         97,      15523       
# span 1 =      2.000,    159.500       
# span 2 =     6.2650,     7.3731       
# span 3 =     6.2652,     7.3630       
# span 4 =    -0.1908,     0.0277       
# span 5 =   3.383041,   3.539005       
# span 6 =   3.383265,   3.538119       
# span 7 =          1,          1       
# span 8 =     5.9891,     6.2072       
# span 9 =     6.0613,     6.3380       
# span 10 =      -0.38,       9.97      
# span 11 =     0.0167,     0.0721      
# span 12 = -1.583e-04, 6.8889e+00      
# span 13 = -2.057e-04, 8.5340e+00      
# span 14 = 1.2388e+02, 1.7468e+02      
# span 15 =    34.1226,    34.6786      
# span 16 =    34.1256,    34.6809      
# span 17 =    -0.1571,     0.0113      
# span 18 =    26.8244,    27.1206      
# span 19 =    26.8263,    27.1230      
# span 20 =      1.981,    157.960      
# span 21 =      1.984,    158.176      
# span 22 =     -0.238,      0.518      
# span 23 =    1474.74,    1481.96      
# span 24 =    1474.74,    1481.96      
# span 25 = 0.0000e+00, 0.0000e+00      
# interval = decibars: 0.5              
# start_time = Jan 21 2018 09:10:34 [NMEA time, first data scan]
# bad_flag = -9.990e-29
*END*
[from data line 56]
       3275     30.000     6.9433     6.9387    -0.0046    3.48312    3.48271          1     6.1607     6.2395       9.95     0.0342  7.576e-13  1.000e-12  1.320e+02    34.5424    34.5425     0.0002    27.0661    27.0669     29.720     29.756      0.314    1478.36    1478.34  0.000e+00
       3311     30.500     6.9445     6.9394    -0.0051    3.48329    3.48286          1     6.1806     6.2487       9.95     0.0342  7.562e-13  1.000e-12  1.322e+02    34.5428    34.5432     0.0003    27.0663    27.0673     30.215     30.251      0.296    1478.37    1478.35  0.000e+00
       3355     31.000     6.9476     6.9400    -0.0075    3.48370    3.48299          1     6.1747     6.2524       9.96     0.0346  7.508e-13  1.000e-12  1.332e+02    34.5439    34.5437    -0.0002    27.0667    27.0676     30.710     30.747      0.273    1478.39    1478.36  0.000e+00
       3400     31.500     6.9484     6.9412    -0.0072    3.48385    3.48317          1     6.1672     6.2561       9.95     0.0346  7.525e-13  1.000e-12  1.329e+02    34.5445    34.5443    -0.0002    27.0671    27.0679     31.206     31.243      0.229    1478.41    1478.38  0.000e+00
       3460     32.000     6.9488     6.9435    -0.0053    3.48393    3.48347          1     6.1806     6.2526       9.95     0.0342  7.462e-13  1.000e-12  1.340e+02    34.5447    34.5450     0.0003    27.0672    27.0681     31.701     31.739      0.236    1478.41    1478.40  0.000e+00
       3504     32.500     6.9489     6.9451    -0.0038    3.48397    3.48370          1     6.1895     6.2587       9.95     0.0345  7.461e-13  1.000e-12  1.340e+02    34.5448    34.5457     0.0008    27.0673    27.0685     32.196     32.235      0.260    1478.42    1478.41  0.000e+00
       3565     33.000     6.9492     6.9463    -0.0028    3.48404    3.48390          1     6.1732     6.2542       9.95     0.0343  7.461e-13  1.000e-12  1.340e+02    34.5451    34.5464     0.0012    27.0675    27.0688     32.691     32.731      0.201    1478.43    1478.42  0.000e+00
       3617     33.500     6.9495     6.9466    -0.0029    3.48412    3.48402          1     6.1406     6.2483       9.96     0.0342  7.461e-13  1.000e-12  1.340e+02    34.5453    34.5471     0.0018    27.0676    27.0694     33.187     33.227      0.336    1478.44    1478.43  0.000e+00
       3649     34.000     6.9498     6.9470    -0.0027    3.48418    3.48409          1     6.1425     6.2477       9.95     0.0340  7.461e-13  1.000e-12  1.340e+02    34.5455    34.5473     0.0018    27.0676    27.0695     33.682     33.722      0.340    1478.45    1478.44  0.000e+00
       3698     34.500     6.9503     6.9476    -0.0028    3.48429    3.48419          1     6.1732     6.2486       9.95     0.0342  7.461e-13  1.000e-12  1.340e+02    34.5459    34.5476     0.0017    27.0679    27.0696     34.177     34.218      0.207    1478.46    1478.45  0.000e+00
       3756     35.000     6.9514     6.9482    -0.0032    3.48445    3.48433          1     6.1634     6.2585       9.95     0.0342  7.461e-13  1.000e-12  1.340e+02    34.5464    34.5483     0.0018    27.0682    27.0701     34.673     34.714      0.265    1478.48    1478.46  0.000e+00
       3807     35.500     6.9515     6.9487    -0.0028    3.48454    3.48442          1     6.1706     6.2499       9.95     0.0342  7.427e-13  1.000e-12  1.347e+02    34.5470    34.5486     0.0016    27.0686    27.0702     35.168     35.210      0.208    1478.49    1478.48  0.000e+00
       3866     36.000     6.9512     6.9494    -0.0018    3.48455    3.48457          1     6.1577     6.2403       9.95     0.0342  7.371e-13  1.000e-12  1.357e+02    34.5472    34.5492     0.0020    27.0688    27.0706     35.663     35.706      0.343    1478.49    1478.49  0.000e+00
       3895     36.500     6.9507     6.9498    -0.0009    3.48453    3.48467          1     6.1579     6.2535       9.95     0.0343  7.373e-13  1.000e-12  1.356e+02    34.5472    34.5496     0.0024    27.0689    27.0709     36.158     36.202      0.336    1478.50    1478.50  0.000e+00
       3964     37.000     6.9502     6.9494    -0.0008    3.48452    3.48470          1     6.1648     6.2525       9.96     0.0344  7.352e-13  1.000e-12  1.360e+02    34.5473    34.5501     0.0028    27.0690    27.0713     36.654     36.697      0.280    1478.51    1478.51  0.000e+00
       4001     37.500     6.9499     6.9488    -0.0012    3.48461    3.48467          1     6.1744     6.2576       9.96     0.0342  7.349e-13  1.000e-12  1.361e+02    34.5483    34.5502     0.0019    27.0699    27.0715     37.149     37.193      0.365    1478.52    1478.51  0.000e+00
       4051     38.000     6.9549     6.9496    -0.0053    3.48525    3.48484          1     6.1660     6.2520       9.95     0.0342  7.349e-13  1.000e-12  1.361e+02    34.5502    34.5509     0.0007    27.0707    27.0720     37.644     37.689      0.221    1478.54    1478.52  0.000e+00
       4108     38.500     6.9555     6.9521    -0.0034    3.48535    3.48519          1     6.1682     6.2545       9.95     0.0342  7.349e-13  1.000e-12  1.361e+02    34.5505    34.5521     0.0016    27.0708    27.0725     38.140     38.185      0.251    1478.55    1478.54  0.000e+00
       4158     39.000     6.9558     6.9528    -0.0031    3.48543    3.48531          1     6.1441     6.2528       9.95     0.0341  7.349e-13  1.000e-12  1.361e+02    34.5507    34.5525     0.0018    27.0709    27.0728     38.635     38.681      0.263    1478.56    1478.55  0.000e+00
       4197     39.500     6.9575     6.9534    -0.0041    3.48565    3.48542          1     6.1650     6.2532       9.95     0.0342  7.349e-13  1.000e-12  1.361e+02    34.5512    34.5529     0.0016    27.0711    27.0730     39.130     39.177      0.306    1478.58    1478.57  0.000e+00
       4254     40.000     6.9602     6.9557    -0.0045    3.48600    3.48569          1     6.1587     6.2468       9.95     0.0340  7.349e-13  1.000e-12  1.361e+02    34.5521    34.5532     0.0011    27.0715    27.0729     39.625     39.673      0.217    1478.60    1478.58  0.000e+00
       4307     40.500     6.9614     6.9578    -0.0035    3.48617    3.48601          1     6.1854     6.2422       9.95     0.0341  7.349e-13  1.000e-12  1.361e+02    34.5525    34.5543     0.0019    27.0716    27.0735     40.121     40.168      0.277    1478.61    1478.60  0.000e+00
       4351     41.000     6.9630     6.9584    -0.0046    3.48639    3.48611          1     6.1690     6.2351       9.95     0.0349  7.349e-13  1.000e-12  1.361e+02    34.5531    34.5547     0.0016    27.0718    27.0737     40.616     40.664      0.261    1478.63    1478.61  0.000e+00
       4401     41.500     6.9689     6.9587    -0.0102    3.48707    3.48622          1     6.1665     6.2357       9.95     0.0353  7.343e-13  1.000e-12  1.362e+02    34.5543    34.5553     0.0009    27.0720    27.0742     41.111     41.160      0.214    1478.66    1478.62  0.000e+00
       4456     42.000     6.9784     6.9614    -0.0171    3.48825    3.48646          1     6.1840     6.2270       9.95     0.0342  7.258e-13  1.000e-12  1.378e+02    34.5575    34.5551    -0.0025    27.0732    27.0736     41.606     41.656      0.257    1478.71    1478.64  0.000e+00
       4500     42.500     6.9964     6.9630    -0.0334    3.49033    3.48671          1     6.1729     6.2315       9.95     0.0368  7.242e-13  1.000e-12  1.381e+02    34.5621    34.5558    -0.0063    27.0743    27.0740     42.102     42.152      0.246    1478.79    1478.66  0.000e+00
       4557     43.000     7.0229     6.9826    -0.0402    3.49334    3.48853          1     6.1412     6.2257       9.95     0.0343  7.241e-13  1.000e-12  1.381e+02    34.5684    34.5560    -0.0124    27.0756    27.0714     42.597     42.648      0.223    1478.91    1478.74  0.000e+00
       4603     43.500     7.0349     6.9982    -0.0368    3.49468    3.49065          1     6.1559     6.2181       9.95     0.0339  7.241e-13  1.000e-12  1.381e+02    34.5709    34.5634    -0.0074    27.0759    27.0751     43.092     43.143      0.266    1478.97    1478.82  0.000e+00
       4651     44.000     7.0426     7.0031    -0.0395    3.49551    3.49115          1     6.1505     6.2170       9.95     0.0346  7.241e-13  1.000e-12  1.381e+02    34.5720    34.5637    -0.0083    27.0757    27.0746     43.587     43.639      0.236    1479.01    1478.85  0.000e+00
       4704     44.500     7.0534     7.0172    -0.0362    3.49681    3.49275          1     6.1446     6.2104       9.95     0.0340  7.241e-13  1.000e-12  1.381e+02    34.5752    34.5668    -0.0084    27.0767    27.0751     44.083     44.135      0.230    1479.06    1478.91  0.000e+00
       4751     45.000     7.0719     7.0278    -0.0441    3.49899    3.49400          1     6.1375     6.2173       9.95     0.0343  7.241e-13  1.000e-12  1.381e+02    34.5803    34.5698    -0.0105    27.0782    27.0760     44.578     44.631      0.273    1479.15    1478.97  0.000e+00
       4798     45.500     7.0741     7.0343    -0.0399    3.49927    3.49476          1     6.1529     6.2214       9.95     0.0342  7.194e-13  1.000e-12  1.390e+02    34.5808    34.5714    -0.0095    27.0783    27.0764     45.073     45.127      0.234    1479.16    1479.00  0.000e+00
       4850     46.000     7.0820     7.0505    -0.0315    3.50013    3.49664          1     6.1224     6.2061       9.95     0.0342  7.137e-13  1.000e-12  1.401e+02    34.5822    34.5754    -0.0068    27.0783    27.0773     45.568     45.623      0.230    1479.21    1479.08  0.000e+00
       4904     46.500     7.0853     7.0548    -0.0305    3.50053    3.49713          1     6.1313     6.2072       9.95     0.0337  7.136e-13  1.000e-12  1.401e+02    34.5830    34.5763    -0.0067    27.0784    27.0774     46.064     46.118      0.246    1479.23    1479.10  0.000e+00
       4944     47.000     7.0900     7.0677    -0.0224    3.50111    3.49852          1     6.1261     6.2040       9.95     0.0334  7.136e-13  1.000e-12  1.401e+02    34.5844    34.5784    -0.0060    27.0789    27.0772     46.559     46.614      0.297    1479.26    1479.16  0.000e+00
       5005     47.500     7.0970     7.0807    -0.0162    3.50190    3.50018          1     6.1182     6.2130       9.95     0.0335  7.136e-13  1.000e-12  1.401e+02    34.5859    34.5832    -0.0026    27.0790    27.0793     47.054     47.110      0.237    1479.29    1479.23  0.000e+00
       5052     48.000     7.0982     7.0897    -0.0085    3.50208    3.50124          1     6.1227     6.2118       9.95     0.0333  7.136e-13  1.000e-12  1.401e+02    34.5864    34.5858    -0.0006    27.0793    27.0800     47.549     47.606      0.347    1479.31    1479.27  0.000e+00
       5090     48.500     7.0980     7.0925    -0.0055    3.50209    3.50162          1     6.1222     6.2072       9.95     0.0336  7.136e-13  1.000e-12  1.401e+02    34.5865    34.5868     0.0004    27.0794    27.0805     48.045     48.102      0.243    1479.32    1479.29  0.000e+00
       5154     49.000     7.0908     7.0945     0.0037    3.50135    3.50195          1     6.1109     6.2100       9.95     0.0346  7.136e-13  1.000e-12  1.401e+02    34.5853    34.5882     0.0029    27.0795    27.0812     48.540     48.598      0.257    1479.29    1479.31  0.000e+00
       5195     49.500     7.0781     7.0935     0.0154    3.50008    3.50195          1     6.1145     6.2092       9.95     0.0329  7.098e-13  1.000e-12  1.409e+02    34.5838    34.5888     0.0051    27.0800    27.0819     49.035     49.094      0.263    1479.25    1479.32  0.000e+00
       5263     50.000     7.0731     7.0833     0.0102    3.49959    3.50102          1     6.1299     6.2115       9.95     0.0331  7.037e-13  1.000e-12  1.421e+02    34.5833    34.5887     0.0054    27.0803    27.0832     49.530     49.589      0.272    1479.24    1479.29  0.000e+00
       5299     50.500     7.0700     7.0778     0.0078    3.49935    3.50049          1     6.1183     6.2124       9.95     0.0335  7.034e-13  1.000e-12  1.422e+02    34.5834    34.5881     0.0047    27.0809    27.0835     50.026     50.085      0.323    1479.24    1479.27  0.000e+00
       5350     51.000     7.0611     7.0725     0.0114    3.49852    3.50005          1     6.1289     6.2273       9.95     0.0338  7.034e-13  1.000e-12  1.422e+02    34.5830    34.5884     0.0053    27.0818    27.0845     50.521     50.581      0.208    1479.21    1479.26  0.000e+00
       5403     51.500     7.0543     7.0669     0.0125    3.49788    3.49948          1     6.1471     6.2245       9.95     0.0342  7.034e-13  1.000e-12  1.422e+02    34.5825    34.5875     0.0050    27.0824    27.0846     51.016     51.077      0.269    1479.19    1479.25  0.000e+00
       5448     52.000     7.0484     7.0647     0.0163    3.49735    3.49927          1     6.1429     6.2379       9.95     0.0342  7.030e-13  1.000e-12  1.422e+02    34.5824    34.5872     0.0048    27.0831    27.0846     51.511     51.573      0.236    1479.18    1479.24  0.000e+00
       5505     52.500     7.0457     7.0591     0.0133    3.49716    3.49878          1     6.1141     6.2359       9.95     0.0333  6.939e-13  1.000e-12  1.441e+02    34.5827    34.5871     0.0044    27.0837    27.0853     52.007     52.069      0.230    1479.17    1479.23  0.000e+00
       5551     53.000     7.0355     7.0528     0.0173    3.49615    3.49824          1     6.1497     6.2182       9.95     0.0343  6.935e-13  1.000e-12  1.442e+02    34.5817    34.5874     0.0056    27.0844    27.0864     52.502     52.564      0.247    1479.14    1479.21  0.000e+00
       5612     53.500     7.0314     7.0440     0.0126    3.49588    3.49750          1     6.1583     6.2227       9.95     0.0338  6.935e-13  1.000e-12  1.442e+02    34.5826    34.5877     0.0052    27.0856    27.0879     52.997     53.060      0.241    1479.14    1479.19  0.000e+00
       5654     54.000     7.0316     7.0372     0.0055    3.49594    3.49683          1     6.1553     6.2206       9.95     0.0338  6.935e-13  1.000e-12  1.442e+02    34.5827    34.5869     0.0042    27.0857    27.0882     53.492     53.556      0.309    1479.14    1479.17  0.000e+00
       5700     54.500     7.0295     7.0352     0.0057    3.49575    3.49666          1     6.1484     6.2352       9.95     0.0338  6.935e-13  1.000e-12  1.442e+02    34.5826    34.5867     0.0042    27.0859    27.0883     53.988     54.052      0.217    1479.14    1479.17  0.000e+00
       5758     55.000     7.0245     7.0319     0.0074    3.49524    3.49637          1     6.1633     6.2470       9.95     0.0336  6.932e-13  1.000e-12  1.443e+02    34.5818    34.5867     0.0049    27.0859    27.0888     54.483     54.548      0.227    1479.13    1479.17  0.000e+00
       5807     55.500     7.0121     7.0305     0.0184    3.49401    3.49624          1     6.1336     6.2456       9.95     0.0340  6.901e-13  1.000e-12  1.449e+02    34.5804    34.5865     0.0061    27.0866    27.0888     54.978     55.044      0.258    1479.09    1479.17  0.000e+00
       5856     56.000     7.0079     7.0259     0.0180    3.49361    3.49586          1     6.1372     6.2469       9.95     0.0335  6.838e-13  1.000e-12  1.462e+02    34.5800    34.5867     0.0068    27.0868    27.0896     55.473     55.539      0.221    1479.08    1479.16  0.000e+00
       5911     56.500     7.0001     7.0180     0.0179    3.49278    3.49509          1     6.1548     6.2394       9.95     0.0335  6.839e-13  1.000e-12  1.462e+02    34.5784    34.5858     0.0074    27.0867    27.0900     55.969     56.035      0.245    1479.06    1479.14  0.000e+00
       5958     57.000     6.9885     7.0162     0.0277    3.49162    3.49491          1     6.1555     6.2489       9.95     0.0340  6.839e-13  1.000e-12  1.462e+02    34.5771    34.5854     0.0084    27.0872    27.0900     56.464     56.531      0.239    1479.02    1479.14  0.000e+00
