ctdpy/exports/archive_20191120_135557/received_data/SBE09_1044_20180924_0544_34_01_0046.cnv
* Sea-Bird SBE 9 Data File:
* FileName = C:\ctd\temp\2018\AR18D046.hex
* Software Version Seasave V 7.26.6.26
* Temperature SN = 5351
* Conductivity SN = 3941
* Number of Bytes Per Scan = 41
* Number of Voltage Words = 4
* Number of Scans Averaged by the Deck Unit = 1
* NMEA Latitude = 58 17.65 N
* NMEA Longitude = 010 50.70 E
* NMEA UTC (Time) = Sep 24 2018  05:44:52
* NMEA baud rate = 4800
** Station:  Å15
** Operator:  MHan
** Ship: ARANDA
** Average sound velocity: 1494.60 m/s
** True-depth calculation Mon, 24 Sep 2018 06:39:20 +0000
** CTD Python Module SMHI /ver 3-12/ feb 2012 
** LIMS Job: 20183401-0046
** Cruise: SMHI-02-2018
** Latitude [GG MM.mm N] :
** Longitude [GG MM.mm E]:
# nquan = 26
# nvalues = 263                         
# units = specified
# name 0 = scan: Scan Count
# name 1 = prDM: Pressure, Digiquartz [db]
# name 2 = t090C: Temperature [ITS-90, deg C]
# name 3 = t190C: Temperature, 2 [ITS-90, deg C]
# name 4 = T2-T190C: Temperature Difference, 2 - 1 [ITS-90, deg C]
# name 5 = c0S/m: Conductivity [S/m]
# name 6 = c1S/m: Conductivity, 2 [S/m]
# name 7 = pumps: Pump Status
# name 8 = sbeox0ML/L: Oxygen, SBE 43 [ml/l]
# name 9 = sbeox1ML/L: Oxygen, SBE 43, 2 [ml/l]
# name 10 = altM: Altimeter [m]
# name 11 = flECO-AFL: Chl-a Fluorescence, WET Labs ECO-AFL/FL [mg/m^3]
# name 12 = flECO-AFL1: Phycocyanin Fluorescence, WET Labs ECO-AFL/FL, 2 [mg/m^3]
# name 13 = par: PAR/Irradiance, Biospherical/Lico [µE/(cm^2*s)]
# name 14 = turbWETntu0: Turbidity, WET Labs ECO [NTU]
# name 15 = sal00: Salinity, Practical [PSU]
# name 16 = sal11: Salinity, Practical, 2 [PSU]
# name 17 = secS-priS: Salinity, Practical, Difference, 2 - 1 [PSU]
# name 18 = sigma-t00: Density [sigma-t, Kg/m^3 ]
# name 19 = sigma-t11: Density, 2 [sigma-t, Kg/m^3 ]
# name 20 = depSM: Depth [salt water, m], lat = 58.2942
# name 21 = depFM: Depth [true depth, m], lat = 58.2942
# name 22 = dz/dtM: Descent Rate [m/s], WS = 2
# name 23 = svCM: Sound Velocity [Chen-Millero, m/s]
# name 24 = svCM1: Sound Velocity, 2 [Chen-Millero, m/s]
# name 25 = flag: flag
# span 0 =      12750,      19991       
# span 1 =      2.000,    133.000       
# span 2 =     8.5821,    14.5178       
# span 3 =     8.5833,    14.5198       
# span 4 =    -0.0223,     0.0232       
# span 5 =   3.673652,   4.191681       
# span 6 =   3.673708,   4.191916       
# span 7 =          1,          1       
# span 8 =    4.97053,    6.12059       
# span 9 =    3.38254,    3.77409       
# span 10 =       1.84,      98.16      
# span 11 =     0.2161,     0.9946      
# span 12 =     0.1042,     0.3468      
# span 13 = -3.273e-05, 1.8595e+02      
# span 14 =     0.1447,     2.9008      
# span 15 =    32.8175,    34.9845      
# span 16 =    32.8191,    34.9853      
# span 17 =    -0.0477,     0.0136      
# span 18 =    24.5442,    27.1190      
# span 19 =    24.5456,    27.1184      
# span 20 =      1.981,    131.722      
# span 21 =      1.988,    132.017      
# span 22 =     -0.219,      1.161      
# span 23 =    1486.70,    1505.22      
# span 24 =    1486.72,    1505.23      
# span 25 = 0.0000e+00, 0.0000e+00      
# interval = decibars: 0.5              
# start_time = Sep 24 2018 05:44:52 [NMEA time, first data scan]
# bad_flag = -9.990e-29
*END*
      12750      2.000    13.7893    13.7886    -0.0006    3.93939    3.93950          1     5.7373     3.7741      97.39     0.9694     0.3404  1.388e+02  0.3532000    32.8175    32.8191     0.0016    24.5442    24.5456      1.981      1.988      0.168    1500.26    1500.26  0.000e+00
      12780      2.500    13.7519    13.7535     0.0017    3.93883    3.93895          1     5.7386     3.7736      97.37     0.9137     0.3329  1.859e+02  0.4036000    32.8442    32.8439    -0.0003    24.5725    24.5719      2.477      2.485      0.452    1500.17    1500.18  0.000e+00
      12804      3.000    13.7551    13.7547    -0.0005    3.93869    3.93880          1     5.7427     3.7654      97.37     0.9239     0.3238  1.607e+02  0.4140000    32.8399    32.8413     0.0014    24.5685    24.5697      2.972      2.982      0.421    1500.19    1500.19  0.000e+00
      12843      3.500    13.7380    13.7442     0.0062    3.93840    3.93857          1     5.7435     3.7517      97.36     0.9548     0.2743  1.097e+02  0.3826000    32.8517    32.8479    -0.0038    24.5811    24.5770      3.467      3.479      0.279    1500.15    1500.17  0.000e+00
      12879      4.000    13.7338    13.7319    -0.0019    3.93813    3.93822          1     5.7609     3.7458      97.37     0.9946     0.2524  1.049e+02  0.3664000    32.8526    32.8551     0.0024    24.5827    24.5850      3.963      3.976      0.532    1500.15    1500.14  0.000e+00
      12897      4.500    13.7386    13.7428     0.0041    3.93829    3.93838          1     5.7495     3.7376      97.37     0.9635     0.2897  8.272e+01  0.3780000    32.8498    32.8470    -0.0028    24.5795    24.5765      4.458      4.474      0.732    1500.17    1500.18  0.000e+00
      12911      5.000    13.7256    13.7300     0.0043    3.93817    3.93828          1     5.7450     3.7288      89.34     0.9366     0.2561  7.284e+01  0.3796000    32.8596    32.8569    -0.0027    24.5897    24.5868      4.954      4.971      0.775    1500.15    1500.16  0.000e+00
      12927      5.500    13.7118    13.7165     0.0048    3.93813    3.93829          1     5.7553     3.7359      71.48     0.9153     0.2570  5.558e+01  0.4383000    32.8709    32.8683    -0.0026    24.6013    24.5983      5.449      5.468      0.639    1500.12    1500.14  0.000e+00
      12956      6.000    13.6828    13.6637    -0.0192    3.93762    3.93732          1     5.7498     3.7463      92.57     0.9212     0.2903  4.925e+01  0.3950000    32.8908    32.9045     0.0136    24.6226    24.6370      5.944      5.965      0.354    1500.06    1500.01  0.000e+00
      12992      6.500    13.6357    13.6589     0.0232    3.93683    3.93725          1     5.7474     3.7450      75.82     0.9160     0.2885  5.032e+01  0.3184000    32.9238    32.9077    -0.0161    24.6576    24.6405      6.440      6.462      0.467    1499.95    1500.01  0.000e+00
      13012      7.000    13.5495    13.5532     0.0038    3.93506    3.93521          1     5.7812     3.7439      97.72     0.9272     0.2916  4.484e+01  0.3305000    32.9814    32.9796    -0.0018    24.7196    24.7175      6.935      6.959      0.674    1499.74    1499.75  0.000e+00
      13028      7.500    13.5345    13.5392     0.0048    3.93479    3.93492          1     5.7945     3.7300      82.58     0.8805     0.3085  3.924e+01  0.2976000    32.9916    32.9888    -0.0028    24.7306    24.7275      7.430      7.456      0.784    1499.71    1499.73  0.000e+00
      13042      8.000    13.5240    13.5260     0.0020    3.93464    3.93474          1     5.8000     3.7136      61.53     0.8735     0.2217  3.284e+01  0.2916000    32.9991    32.9983    -0.0008    24.7385    24.7375      7.926      7.953      0.807    1499.69    1499.70  0.000e+00
      13057      8.500    13.5072    13.5109     0.0038    3.93427    3.93444          1     5.8075     3.7022      96.70     0.9023     0.2137  2.732e+01  0.3059000    33.0100    33.0083    -0.0016    24.7503    24.7483      8.421      8.450      0.737    1499.66    1499.67  0.000e+00
      13075      9.000    13.4952    13.4969     0.0016    3.93396    3.93408          1     5.8150     3.6989      97.38     0.8677     0.2642  2.337e+01  0.2941000    33.0172    33.0169    -0.0003    24.7583    24.7577      8.916      8.947      0.582    1499.64    1499.65  0.000e+00
      13102      9.500    13.4949    13.4956     0.0007    3.93401    3.93406          1     5.8065     3.7000      72.43     0.8676     0.2783  2.104e+01  0.2481000    33.0178    33.0177    -0.0001    24.7588    24.7586      9.412      9.444      0.410    1499.65    1499.65  0.000e+00
      13133     10.000    13.4877    13.4892     0.0015    3.93382    3.93391          1     5.8007     3.7007      90.94     0.8734     0.2836  2.151e+01  0.2276000    33.0221    33.0215    -0.0006    24.7636    24.7629      9.907      9.941      0.376    1499.63    1499.64  0.000e+00
      13166     10.500    13.4763    13.4779     0.0015    3.93346    3.93356          1     5.8053     3.6968      78.86     0.8642     0.3011  2.101e+01  0.2335000    33.0283    33.0279    -0.0004    24.7707    24.7701     10.402     10.437      0.358    1499.61    1499.62  0.000e+00
      13199     11.000    13.4710    13.4721     0.0011    3.93326    3.93336          1     5.7973     3.6868      79.48     0.8790     0.3005  1.961e+01  0.2296000    33.0309    33.0308    -0.0000    24.7738    24.7735     10.897     10.934      0.431    1499.61    1499.61  0.000e+00
      13222     11.500    13.4654    13.4665     0.0011    3.93298    3.93307          1     5.8074     3.6740      76.30     0.8679     0.2608  1.709e+01  0.2340000    33.0329    33.0328    -0.0001    24.7765    24.7762     11.393     11.431      0.684    1499.60    1499.60  0.000e+00
      13237     12.000    13.4629    13.4636     0.0008    3.93290    3.93297          1     5.8189     3.6664      97.48     0.8585     0.2363  1.531e+01  0.2222000    33.0341    33.0341     0.0000    24.7779    24.7778     11.888     11.928      0.890    1499.60    1499.60  0.000e+00
      13249     12.500    13.4584    13.4597     0.0013    3.93265    3.93276          1     5.8237     3.6630      97.36     0.8586     0.2813  1.417e+01  0.2295000    33.0354    33.0354    -0.0001    24.7798    24.7795     12.383     12.425      1.002    1499.59    1499.60  0.000e+00
      13260     13.000    13.4553    13.4566     0.0013    3.93248    3.93260          1     5.8211     3.6639      69.51     0.8586     0.2969  1.332e+01  0.2548000    33.0364    33.0364     0.0000    24.7812    24.7809     12.879     12.922      1.018    1499.59    1499.60  0.000e+00
      13272     13.500    13.4546    13.4557     0.0011    3.93247    3.93258          1     5.8147     3.6708      47.01     0.8586     0.2689  1.270e+01  0.2560000    33.0367    33.0367     0.0000    24.7816    24.7813     13.374     13.419      0.923    1499.60    1499.61  0.000e+00
      13287     14.000    13.4547    13.4557     0.0010    3.93252    3.93260          1     5.7992     3.6757      94.96     0.8702     0.2396  1.194e+01  0.2606000    33.0368    33.0367    -0.0001    24.7817    24.7814     13.869     13.916      0.666    1499.61    1499.61  0.000e+00
      13335     14.500    13.4547    13.4556     0.0009    3.93255    3.93264          1     5.8041     3.6685      97.37     0.8654     0.2768  1.060e+01  0.2345000    33.0369    33.0370     0.0001    24.7817    24.7816     14.365     14.413      0.311    1499.62    1499.62  0.000e+00
      13375     15.000    13.4508    13.4531     0.0023    3.93234    3.93251          1     5.8173     3.6688      97.38     0.8800     0.2934  9.972e+00  0.2395000    33.0381    33.0377    -0.0004    24.7834    24.7826     14.860     14.910      0.536    1499.62    1499.62  0.000e+00
      13395     15.500    13.4493    13.4504     0.0012    3.93228    3.93237          1     5.8121     3.6622      97.35     0.8339     0.2847  9.579e+00  0.2498000    33.0387    33.0385    -0.0002    24.7842    24.7838     15.355     15.407      0.628    1499.62    1499.62  0.000e+00
      13413     16.000    13.4493    13.4522     0.0028    3.93231    3.93253          1     5.8040     3.6612      97.35     0.8453     0.2850  9.283e+00  0.2383000    33.0387    33.0383    -0.0004    24.7842    24.7833     15.851     15.904      0.651    1499.63    1499.64  0.000e+00
      13432     16.500    13.4494    13.4512     0.0018    3.93234    3.93249          1     5.7997     3.6609      71.77     0.8523     0.2676  8.665e+00  0.2365000    33.0387    33.0385    -0.0002    24.7842    24.7837     16.346     16.401      0.708    1499.64    1499.64  0.000e+00
      13448     17.000    13.4464    13.4475     0.0011    3.93217    3.93228          1     5.8009     3.6603      50.53     0.8588     0.2645  7.765e+00  0.2353000    33.0395    33.0395     0.0001    24.7854    24.7852     16.841     16.898      0.814    1499.64    1499.64  0.000e+00
      13461     17.500    13.4487    13.4499     0.0012    3.93236    3.93246          1     5.7920     3.6575      98.16     0.8681     0.2197  6.913e+00  0.2471000    33.0391    33.0390    -0.0001    24.7846    24.7843     17.337     17.395      0.907    1499.65    1499.65  0.000e+00
      13474     18.000    13.4491    13.4484    -0.0007    3.93240    3.93240          1     5.7756     3.6542      97.35     0.8708     0.2132  6.200e+00  0.2500000    33.0389    33.0395     0.0006    24.7844    24.7850     17.832     17.892      0.932    1499.66    1499.66  0.000e+00
      13486     18.500    13.4483    13.4486     0.0004    3.93237    3.93244          1     5.7734     3.6498      97.37     0.8604     0.2295  5.721e+00  0.2633000    33.0392    33.0395     0.0003    24.7848    24.7850     18.327     18.389      0.843    1499.67    1499.67  0.000e+00
      13503     19.000    13.4486    13.4491     0.0006    3.93243    3.93250          1     5.7823     3.6482      97.36     0.8587     0.2441  5.461e+00  0.2562000    33.0393    33.0395     0.0002    24.7848    24.7848     18.823     18.886      0.585    1499.68    1499.68  0.000e+00
      13548     19.500    13.4474    13.4488     0.0014    3.93238    3.93248          1     5.7961     3.6465      88.65     0.8719     0.2694  5.550e+00  0.2234000    33.0396    33.0394    -0.0002    24.7853    24.7848     19.318     19.383      0.299    1499.68    1499.69  0.000e+00
      13590     20.000    13.4457    13.4486     0.0029    3.93229    3.93251          1     5.8075     3.6397      97.94     0.8486     0.2795  5.279e+00  0.2152000    33.0400    33.0396    -0.0004    24.7859    24.7851     19.813     19.880      0.609    1499.68    1499.69  0.000e+00
      13604     20.500    13.4489    13.4498     0.0009    3.93255    3.93263          1     5.8095     3.6400      97.36     0.8360     0.2899  4.882e+00  0.2240000    33.0395    33.0395     0.0000    24.7849    24.7847     20.309     20.377      0.853    1499.70    1499.71  0.000e+00
      13617     21.000    13.4482    13.4487     0.0005    3.93253    3.93258          1     5.8105     3.6396      97.36     0.8465     0.2533  4.498e+00  0.2549000    33.0397    33.0398     0.0001    24.7852    24.7852     20.804     20.873      0.965    1499.71    1499.71  0.000e+00
      13629     21.500    13.4443    13.4467     0.0023    3.93222    3.93243          1     5.8090     3.6410      97.37     0.8464     0.2497  4.119e+00  0.2556000    33.0400    33.0399    -0.0001    24.7862    24.7857     21.299     21.370      0.963    1499.70    1499.71  0.000e+00
      13641     22.000    13.4411    13.4431     0.0020    3.93202    3.93219          1     5.8129     3.6464      97.35     0.8576     0.2604  3.733e+00  0.2612000    33.0408    33.0406    -0.0001    24.7874    24.7869     21.795     21.867      0.831    1499.70    1499.71  0.000e+00
      13661     22.500    13.4396    13.4415     0.0019    3.93192    3.93208          1     5.8197     3.6477      97.35     0.8585     0.2762  3.380e+00  0.2553000    33.0408    33.0407    -0.0001    24.7878    24.7873     22.290     22.364      0.500    1499.71    1499.71  0.000e+00
      13703     23.000    13.4364    13.4390     0.0026    3.93168    3.93189          1     5.8157     3.6350      97.34     0.8638     0.2753  3.361e+00  0.2306000    33.0411    33.0409    -0.0002    24.7887    24.7880     22.785     22.861      0.288    1499.70    1499.71  0.000e+00
      13729     23.500    13.4362    13.4379     0.0018    3.93168    3.93184          1     5.8075     3.6387      20.42     0.8836     0.2796  3.464e+00  0.2254000    33.0412    33.0412     0.0000    24.7888    24.7884     23.280     23.358      0.671    1499.71    1499.72  0.000e+00
      13744     24.000    13.4356    13.4370     0.0014    3.93166    3.93179          1     5.8049     3.6439      89.84     0.8830     0.2950  3.323e+00  0.2537000    33.0412    33.0412     0.0000    24.7889    24.7886     23.776     23.855      0.805    1499.72    1499.72  0.000e+00
      13758     24.500    13.4354    13.4374     0.0020    3.93167    3.93185          1     5.8038     3.6420      97.12     0.8788     0.3082  3.101e+00  0.2567000    33.0413    33.0414     0.0000    24.7890    24.7887     24.271     24.352      0.816    1499.72    1499.73  0.000e+00
      13773     25.000    13.4353    13.4364     0.0010    3.93168    3.93177          1     5.8064     3.6347      97.35     0.8592     0.2785  2.829e+00  0.2556000    33.0413    33.0413    -0.0000    24.7890    24.7888     24.766     24.849      0.719    1499.73    1499.74  0.000e+00
      13793     25.500    13.4385    13.4381    -0.0004    3.93197    3.93193          1     5.8073     3.6294      97.35     0.8758     0.3057  2.530e+00  0.2547000    33.0411    33.0411     0.0000    24.7882    24.7883     25.262     25.346      0.541    1499.75    1499.75  0.000e+00
      13819     26.000    13.4375    13.4395     0.0020    3.93190    3.93206          1     5.8013     3.6314      97.35     0.8740     0.3468  2.277e+00  0.2507000    33.0411    33.0408    -0.0003    24.7884    24.7878     25.757     25.843      0.438    1499.76    1499.76  0.000e+00
      13847     26.500    13.4364    13.4372     0.0008    3.93182    3.93191          1     5.8003     3.6301      97.35     0.8615     0.3029  2.131e+00  0.2488000    33.0411    33.0412     0.0001    24.7887    24.7886     26.252     26.340      0.427    1499.76    1499.76  0.000e+00
      13875     27.000    13.4363    13.4380     0.0018    3.93184    3.93200          1     5.8040     3.6311      97.35     0.8586     0.3031  2.088e+00  0.2434000    33.0412    33.0411    -0.0001    24.7888    24.7884     26.747     26.837      0.436    1499.77    1499.77  0.000e+00
      13901     27.500    13.4369    13.4381     0.0012    3.93202    3.93207          1     5.8111     3.6294      97.34     0.8824     0.2725  2.061e+00  0.2615000    33.0422    33.0415    -0.0006    24.7894    24.7886     27.243     27.334      0.523    1499.78    1499.78  0.000e+00
      13922     28.000    13.4367    13.4370     0.0003    3.93208    3.93214          1     5.8052     3.6240      97.35     0.8629     0.2459  1.950e+00  0.2552000    33.0427    33.0429     0.0003    24.7898    24.7900     27.738     27.831      0.601    1499.79    1499.79  0.000e+00
      13941     28.500    13.4364    13.4378     0.0013    3.93210    3.93222          1     5.8011     3.6255      97.36     0.8586     0.2806  1.810e+00  0.2526000    33.0428    33.0428    -0.0000    24.7900    24.7897     28.233     28.328      0.661    1499.80    1499.80  0.000e+00
      13959     29.000    13.4340    13.4357     0.0017    3.93195    3.93210          1     5.7975     3.6256      97.37     0.8586     0.2804  1.671e+00  0.2478000    33.0434    33.0433    -0.0001    24.7909    24.7905     28.729     28.825      0.727    1499.80    1499.80  0.000e+00
