ctdpy/exports/archive_20191120_135557/received_data/SBE09_0827_20181124_2007_26_01_1240.cnv
* Sea-Bird SBE 9 Data File:
* FileName = D:\CTD_SBE911\DAT\26DA.2018.12.40.hex
* Software Version Seasave V 7.21d
* Temperature SN = 4548
* Conductivity SN = 3062
* Number of Bytes Per Scan = 48
* Number of Voltage Words = 5
* Number of Scans Averaged by the Deck Unit = 1
* NMEA Latitude = 57 29.41 N
* NMEA Longitude = 017 44.42 E
* NMEA UTC (Time) = Nov 24 2018  20:07:43
* NMEA baud rate = 4800
** Ship: DANA
** Average sound velocity: 1442.08 m/s
** True-depth calculation Tue, 02 Apr 2019 12:14:31 +0000
** CTD Python Module SMHI /ver 3-12/ feb 2012 
** LIMS Job: 20182601-1240
** Operator: Ronny
** Cruise: 12/2018
# nquan = 26
# nvalues = 197                         
# units = specified
# name 0 = scan: Scan Count
# name 1 = prDM: Pressure, Digiquartz [db]
# name 2 = t090C: Temperature [ITS-90, deg C]
# name 3 = t190C: Temperature, 2 [ITS-90, deg C]
# name 4 = T2-T190C: Temperature Difference, 2 - 1 [ITS-90, deg C]
# name 5 = c0S/m: Conductivity [S/m]
# name 6 = c1S/m: Conductivity, 2 [S/m]
# name 7 = pumps: Pump Status
# name 8 = sbeox1ML/L: Oxygen, SBE 43, 2 [ml/l]
# name 9 = sbeox0ML/L: Oxygen, SBE 43 [ml/l]
# name 10 = altM: Altimeter [m]
# name 11 = chloroflTC0: Chlorophyll, Turner Cyclops [ug/l]
# name 12 = cpar: CPAR/Corrected Irradiance [%]
# name 13 = par: PAR/Irradiance, Biospherical/Lico [µE/(cm^2*s)]
# name 14 = spar: SPAR, Biospherical/Licor
# name 15 = sal00: Salinity, Practical [PSU]
# name 16 = sal11: Salinity, Practical, 2 [PSU]
# name 17 = secS-priS: Salinity, Practical, Difference, 2 - 1 [PSU]
# name 18 = sigma-t00: Density [sigma-t, kg/m^3 ]
# name 19 = sigma-t11: Density, 2 [sigma-t, kg/m^3 ]
# name 20 = depSM: Depth [salt water, m], lat = 57.4902
# name 21 = depFM: Depth [true depth, m], lat = 57.4902
# name 22 = dz/dtM: Descent Rate [m/s], WS = 2
# name 23 = svCM: Sound Velocity [Chen-Millero, m/s]
# name 24 = svCM1: Sound Velocity, 2 [Chen-Millero, m/s]
# name 25 = flag: flag
# span 0 =         52,       9042       
# span 1 =      1.000,     99.000       
# span 2 =     4.1284,     7.3425       
# span 3 =     4.1208,     7.3435       
# span 4 =    -0.1782,     0.0471       
# span 5 =   0.784645,   1.149588       
# span 6 =   0.784646,   1.150064       
# span 7 =          1,          1       
# span 8 =     0.0989,     7.6874       
# span 9 =     0.0511,     7.9255       
# span 10 =       1.60,       9.96      
# span 11 =     0.0158,     0.0288      
# span 12 = 4.9241e-11, 4.9241e-11      
# span 13 = 1.0000e-12, 1.0000e-12      
# span 14 = 2.0308e+00, 2.0308e+00      
# span 15 =     6.8270,    10.6315      
# span 16 =     6.8269,    10.6357      
# span 17 =    -0.0009,     0.0515      
# span 18 =     5.2984,     8.3640      
# span 19 =     5.2983,     8.3671      
# span 20 =      0.991,     98.064      
# span 21 =      1.013,    100.210      
# span 22 =      0.049,      0.303      
# span 23 =    1433.38,    1445.75      
# span 24 =    1433.31,    1445.76      
# span 25 = 0.0000e+00, 0.0000e+00      
# interval = decibars: 0.5              
# start_time = Nov 24 2018 20:07:44 [NMEA time, first data scan]
# bad_flag = -9.990e-29
*END*
         52      1.000     6.9154     6.9163     0.0009    0.78465    0.78465          1     7.6804     7.9103       9.96     0.0258  4.924e-11  1.000e-12  2.031e+00     6.8271     6.8269    -0.0002     5.2986     5.2984      0.991      1.013      0.049    1443.22    1443.23  0.000e+00
        261      1.500     6.9156     6.9163     0.0007    0.78465    0.78465          1     7.6775     7.9113       9.96     0.0265  4.924e-11  1.000e-12  2.031e+00     6.8270     6.8269    -0.0001     5.2985     5.2984      1.486      1.520      0.233    1443.23    1443.23  0.000e+00
        300      2.000     6.9164     6.9174     0.0010    0.78468    0.78468          1     7.6764     7.9107       9.96     0.0261  4.924e-11  1.000e-12  2.031e+00     6.8270     6.8269    -0.0001     5.2985     5.2983      1.982      2.026      0.277    1443.24    1443.25  0.000e+00
        356      2.500     6.9168     6.9173     0.0005    0.78469    0.78468          1     7.6799     7.9194       9.96     0.0288  4.924e-11  1.000e-12  2.031e+00     6.8270     6.8269    -0.0001     5.2984     5.2983      2.477      2.533      0.302    1443.25    1443.25  0.000e+00
        394      3.000     6.9168     6.9172     0.0004    0.78470    0.78469          1     7.6758     7.9183       9.96     0.0267  4.924e-11  1.000e-12  2.031e+00     6.8270     6.8269    -0.0002     5.2985     5.2983      2.972      3.040      0.252    1443.26    1443.26  0.000e+00
        450      3.500     6.9178     6.9181     0.0003    0.78473    0.78472          1     7.6736     7.9060       9.96     0.0268  4.924e-11  1.000e-12  2.031e+00     6.8271     6.8270    -0.0001     5.2984     5.2983      3.468      3.546      0.259    1443.27    1443.27  0.000e+00
        495      4.000     6.9183     6.9200     0.0017    0.78475    0.78479          1     7.6840     7.9123       9.96     0.0266  4.924e-11  1.000e-12  2.031e+00     6.8272     6.8271    -0.0000     5.2985     5.2983      3.963      4.053      0.258    1443.28    1443.29  0.000e+00
        542      4.500     6.9191     6.9182    -0.0009    0.78480    0.78479          1     7.6765     7.9241       9.96     0.0269  4.924e-11  1.000e-12  2.031e+00     6.8274     6.8274     0.0000     5.2986     5.2987      4.458      4.559      0.240    1443.29    1443.29  0.000e+00
        596      5.000     6.9167     6.9165    -0.0002    0.78480    0.78480          1     7.6739     7.9255       9.96     0.0263  4.924e-11  1.000e-12  2.031e+00     6.8278     6.8278     0.0001     5.2991     5.2991      4.954      5.066      0.240    1443.29    1443.29  0.000e+00
        640      5.500     6.9163     6.9172     0.0009    0.78486    0.78493          1     7.6831     7.9142       9.96     0.0256  4.924e-11  1.000e-12  2.031e+00     6.8284     6.8288     0.0004     5.2996     5.2998      5.449      5.572      0.267    1443.30    1443.30  0.000e+00
        690      6.000     6.9169     6.9174     0.0004    0.78494    0.78495          1     7.6731     7.9153       9.96     0.0256  4.924e-11  1.000e-12  2.031e+00     6.8290     6.8290    -0.0000     5.3000     5.2999      5.945      6.079      0.242    1443.31    1443.31  0.000e+00
        735      6.500     6.9169     6.9171     0.0003    0.78497    0.78495          1     7.6707     7.9110       9.96     0.0256  4.924e-11  1.000e-12  2.031e+00     6.8291     6.8290    -0.0002     5.3001     5.3000      6.440      6.586      0.266    1443.32    1443.32  0.000e+00
        781      7.000     6.9167     6.9172     0.0005    0.78497    0.78497          1     7.6778     7.9108       9.96     0.0258  4.924e-11  1.000e-12  2.031e+00     6.8292     6.8290    -0.0001     5.3001     5.3000      6.935      7.092      0.261    1443.32    1443.33  0.000e+00
        828      7.500     6.9170     6.9168    -0.0002    0.78498    0.78495          1     7.6785     7.9105       9.96     0.0257  4.924e-11  1.000e-12  2.031e+00     6.8292     6.8289    -0.0003     5.3001     5.2999      7.431      7.599      0.250    1443.33    1443.33  0.000e+00
        874      8.000     6.9167     6.9176     0.0010    0.78498    0.78500          1     7.6874     7.9162       9.96     0.0256  4.924e-11  1.000e-12  2.031e+00     6.8292     6.8292     0.0000     5.3001     5.3001      7.926      8.105      0.277    1443.34    1443.35  0.000e+00
        919      8.500     6.9169     6.9173     0.0005    0.78502    0.78503          1     7.6804     7.9131       9.96     0.0256  4.924e-11  1.000e-12  2.031e+00     6.8294     6.8294    -0.0000     5.3003     5.3003      8.421      8.612      0.252    1443.35    1443.35  0.000e+00
        966      9.000     6.9167     6.9171     0.0004    0.78502    0.78500          1     7.6809     7.9216       9.96     0.0261  4.924e-11  1.000e-12  2.031e+00     6.8294     6.8291    -0.0003     5.3003     5.3001      8.917      9.119      0.265    1443.36    1443.36  0.000e+00
       1011      9.500     6.9168     6.9174     0.0006    0.78507    0.78512          1     7.6840     7.9152       9.96     0.0256  4.924e-11  1.000e-12  2.031e+00     6.8298     6.8302     0.0003     5.3007     5.3009      9.412      9.625      0.269    1443.36    1443.37  0.000e+00
       1055     10.000     6.9175     6.9186     0.0011    0.78520    0.78525          1     7.6713     7.9130       9.96     0.0256  4.924e-11  1.000e-12  2.031e+00     6.8308     6.8310     0.0002     5.3014     5.3015      9.908     10.132      0.276    1443.38    1443.38  0.000e+00
       1100     10.500     6.9177     6.9171    -0.0006    0.78524    0.78516          1     7.6828     7.9058       9.96     0.0256  4.924e-11  1.000e-12  2.031e+00     6.8310     6.8305    -0.0006     5.3016     5.3011     10.403     10.638      0.254    1443.39    1443.38  0.000e+00
       1145     11.000     6.9172     6.9172     0.0000    0.78522    0.78518          1     7.6683     7.9128       9.96     0.0256  4.924e-11  1.000e-12  2.031e+00     6.8309     6.8306    -0.0003     5.3015     5.3012     10.898     11.145      0.281    1443.39    1443.39  0.000e+00
       1188     11.500     6.9172     6.9186     0.0014    0.78524    0.78529          1     7.6718     7.9159       9.96     0.0256  4.924e-11  1.000e-12  2.031e+00     6.8310     6.8313     0.0002     5.3016     5.3017     11.394     11.651      0.269    1443.40    1443.41  0.000e+00
       1233     12.000     6.9183     6.9187     0.0004    0.78531    0.78531          1     7.6816     7.9205       9.96     0.0256  4.924e-11  1.000e-12  2.031e+00     6.8315     6.8314    -0.0001     5.3019     5.3018     11.889     12.158      0.281    1443.41    1443.42  0.000e+00
       1275     12.500     6.9171     6.9194     0.0023    0.78526    0.78538          1     7.6805     7.9191       9.96     0.0256  4.924e-11  1.000e-12  2.031e+00     6.8311     6.8319     0.0007     5.3017     5.3021     12.384     12.665      0.272    1443.42    1443.43  0.000e+00
       1321     13.000     6.9218     6.9245     0.0026    0.78562    0.78576          1     7.6754     7.9096       9.96     0.0255  4.924e-11  1.000e-12  2.031e+00     6.8335     6.8343     0.0008     5.3032     5.3037     12.880     13.171      0.264    1443.45    1443.46  0.000e+00
       1364     13.500     6.9217     6.9217    -0.0000    0.78561    0.78557          1     7.6648     7.9126       9.96     0.0255  4.924e-11  1.000e-12  2.031e+00     6.8334     6.8330    -0.0004     5.3031     5.3029     13.375     13.678      0.285    1443.45    1443.45  0.000e+00
       1407     14.000     6.9218     6.9220     0.0002    0.78563    0.78560          1     7.6682     7.9153       9.96     0.0255  4.924e-11  1.000e-12  2.031e+00     6.8335     6.8332    -0.0003     5.3032     5.3030     13.870     14.184      0.271    1443.46    1443.46  0.000e+00
       1452     14.500     6.9359     6.9434     0.0075    0.78661    0.78701          1     7.6770     7.9113       9.96     0.0256  4.924e-11  1.000e-12  2.031e+00     6.8398     6.8420     0.0022     5.3072     5.3085     14.366     14.691      0.273    1443.54    1443.57  0.000e+00
       1495     15.000     6.9600     6.9637     0.0037    0.78831    0.78850          1     7.6728     7.9070       9.96     0.0255  4.924e-11  1.000e-12  2.031e+00     6.8508     6.8518     0.0010     5.3144     5.3149     14.861     15.198      0.283    1443.66    1443.68  0.000e+00
       1538     15.500     6.9761     6.9840     0.0078    0.78933    0.78968          1     7.6581     7.9018       9.96     0.0255  4.924e-11  1.000e-12  2.031e+00     6.8571     6.8588     0.0017     5.3182     5.3190     15.356     15.704      0.277    1443.74    1443.78  0.000e+00
       1582     16.000     6.9900     6.9973     0.0073    0.79009    0.79040          1     7.6586     7.9025       9.96     0.0255  4.924e-11  1.000e-12  2.031e+00     6.8614     6.8628     0.0014     5.3206     5.3213     15.852     16.211      0.271    1443.82    1443.85  0.000e+00
       1626     16.500     7.0135     7.0351     0.0216    0.79131    0.79223          1     7.6374     7.8911       9.96     0.0251  4.924e-11  1.000e-12  2.031e+00     6.8680     6.8723     0.0043     5.3243     5.3263     16.347     16.717      0.274    1443.93    1444.03  0.000e+00
       1670     17.000     7.0549     7.0770     0.0221    0.79343    0.79430          1     7.6360     7.8888       9.96     0.0245  4.924e-11  1.000e-12  2.031e+00     6.8794     6.8831     0.0037     5.3305     5.3320     16.842     17.224      0.272    1444.13    1444.22  0.000e+00
       1714     17.500     7.1171     7.1340     0.0169    0.79650    0.79715          1     7.6331     7.8726       9.96     0.0244  4.924e-11  1.000e-12  2.031e+00     6.8955     6.8982     0.0027     5.3390     5.3399     17.338     17.730      0.273    1444.41    1444.49  0.000e+00
       1757     18.000     7.1429     7.1442     0.0013    0.79770    0.79763          1     7.6191     7.8626       9.96     0.0243  4.924e-11  1.000e-12  2.031e+00     6.9016     6.9007    -0.0009     5.3420     5.3412     17.833     18.237      0.283    1444.54    1444.54  0.000e+00
       1801     18.500     7.1319     7.1310    -0.0009    0.79707    0.79700          1     7.6043     7.8504       9.96     0.0244  4.924e-11  1.000e-12  2.031e+00     6.8978     6.8973    -0.0005     5.3398     5.3394     18.328     18.743      0.262    1444.50    1444.49  0.000e+00
       1845     19.000     7.1431     7.1855     0.0424    0.79786    0.79959          1     7.6064     7.8647       9.96     0.0244  4.924e-11  1.000e-12  2.031e+00     6.9028     6.9104     0.0076     5.3429     5.3460     18.824     19.250      0.297    1444.56    1444.74  0.000e+00
       1886     19.500     7.2312     7.2629     0.0317    0.80218    0.80355          1     7.5808     7.8531       9.96     0.0242  4.924e-11  1.000e-12  2.031e+00     6.9253     6.9317     0.0064     5.3545     5.3573     19.319     19.757      0.261    1444.96    1445.10  0.000e+00
       1933     20.000     7.2828     7.2990     0.0162    0.80491    0.80557          1     7.5952     7.8414       9.96     0.0234  4.924e-11  1.000e-12  2.031e+00     6.9402     6.9431     0.0029     5.3626     5.3637     19.815     20.263      0.281    1445.20    1445.27  0.000e+00
       1974     20.500     7.3058     7.3156     0.0098    0.80610    0.80647          1     7.5915     7.8354       9.96     0.0229  4.924e-11  1.000e-12  2.031e+00     6.9465     6.9480     0.0015     5.3660     5.3664     20.310     20.770      0.282    1445.31    1445.36  0.000e+00
       2020     21.000     7.3129     7.3197     0.0067    0.80646    0.80667          1     7.5999     7.8237       9.96     0.0227  4.924e-11  1.000e-12  2.031e+00     6.9484     6.9490     0.0005     5.3669     5.3669     20.805     21.276      0.264    1445.35    1445.38  0.000e+00
       2062     21.500     7.3180     7.3222     0.0043    0.80668    0.80676          1     7.6010     7.8361       9.96     0.0224  4.924e-11  1.000e-12  2.031e+00     6.9494     6.9493    -0.0001     5.3674     5.3670     21.301     21.783      0.289    1445.38    1445.40  0.000e+00
       2106     22.000     7.3196     7.3221     0.0025    0.80671    0.80673          1     7.5954     7.8270       9.96     0.0221  4.924e-11  1.000e-12  2.031e+00     6.9493     6.9490    -0.0003     5.3671     5.3667     21.796     22.289      0.266    1445.40    1445.41  0.000e+00
       2149     22.500     7.3208     7.3232     0.0024    0.80674    0.80675          1     7.5945     7.8184       9.96     0.0222  4.924e-11  1.000e-12  2.031e+00     6.9493     6.9489    -0.0004     5.3670     5.3666     22.291     22.796      0.280    1445.41    1445.42  0.000e+00
       2193     23.000     7.3211     7.3223     0.0012    0.80672    0.80670          1     7.5934     7.8301       9.96     0.0221  4.924e-11  1.000e-12  2.031e+00     6.9490     6.9486    -0.0004     5.3668     5.3664     22.787     23.302      0.272    1445.42    1445.42  0.000e+00
       2237     23.500     7.3200     7.3216     0.0015    0.80666    0.80666          1     7.5935     7.8321       9.96     0.0221  4.924e-11  1.000e-12  2.031e+00     6.9486     6.9482    -0.0004     5.3666     5.3662     23.282     23.809      0.278    1445.42    1445.43  0.000e+00
       2280     24.000     7.3196     7.3208     0.0013    0.80664    0.80663          1     7.5997     7.8378       9.96     0.0222  4.924e-11  1.000e-12  2.031e+00     6.9484     6.9481    -0.0003     5.3664     5.3661     23.777     24.316      0.268    1445.43    1445.43  0.000e+00
       2325     24.500     7.3220     7.3244     0.0024    0.80672    0.80673          1     7.5948     7.8325       9.96     0.0220  4.924e-11  1.000e-12  2.031e+00     6.9486     6.9483    -0.0004     5.3665     5.3660     24.273     24.822      0.278    1445.45    1445.46  0.000e+00
       2367     25.000     7.3243     7.3258     0.0016    0.80680    0.80681          1     7.5772     7.8242       9.96     0.0220  4.924e-11  1.000e-12  2.031e+00     6.9488     6.9486    -0.0002     5.3665     5.3662     24.768     25.329      0.280    1445.46    1445.47  0.000e+00
       2411     25.500     7.3259     7.3283     0.0024    0.80687    0.80690          1     7.6087     7.8276       9.96     0.0220  4.924e-11  1.000e-12  2.031e+00     6.9491     6.9489    -0.0001     5.3665     5.3663     25.263     25.835      0.280    1445.48    1445.49  0.000e+00
       2454     26.000     7.3290     7.3305     0.0015    0.80698    0.80699          1     7.6014     7.8253       9.96     0.0220  4.924e-11  1.000e-12  2.031e+00     6.9494     6.9492    -0.0002     5.3666     5.3663     25.759     26.342      0.268    1445.50    1445.51  0.000e+00
       2499     26.500     7.3299     7.3318     0.0020    0.80702    0.80704          1     7.5860     7.8292       9.96     0.0220  4.924e-11  1.000e-12  2.031e+00     6.9495     6.9494    -0.0002     5.3666     5.3664     26.254     26.848      0.279    1445.51    1445.52  0.000e+00
       2541     27.000     7.3323     7.3340     0.0017    0.80711    0.80713          1     7.5969     7.8266       9.96     0.0220  4.924e-11  1.000e-12  2.031e+00     6.9499     6.9497    -0.0002     5.3667     5.3665     26.749     27.355      0.277    1445.53    1445.54  0.000e+00
       2586     27.500     7.3336     7.3351     0.0015    0.80716    0.80717          1     7.5974     7.8330       9.96     0.0219  4.924e-11  1.000e-12  2.031e+00     6.9500     6.9498    -0.0002     5.3667     5.3665     27.245     27.861      0.269    1445.55    1445.55  0.000e+00
       2629     28.000     7.3342     7.3352     0.0011    0.80719    0.80719          1     7.5934     7.8229       9.96     0.0220  4.924e-11  1.000e-12  2.031e+00     6.9501     6.9499    -0.0001     5.3667     5.3665     27.740     28.368      0.281    1445.55    1445.56  0.000e+00
