ctdpy/exports/archive_20191120_135557/received_data/SBE09_0827_20180124_1312_26_01_0187.cnv
* Sea-Bird SBE 9 Data File:
* FileName = D:\CTD_SBE911\DAT\26DA.2018.1.87.hex
* Software Version Seasave V 7.21d
* Temperature SN = 034757
* Conductivity SN = 041844
* Number of Bytes Per Scan = 48
* Number of Voltage Words = 5
* Number of Scans Averaged by the Deck Unit = 1
* NMEA Latitude = 57 22.10 N
* NMEA Longitude = 011 18.32 E
* NMEA UTC (Time) = Jan 24 2018  13:12:39
* NMEA baud rate = 4800
** Ship: DANA
** Average sound velocity: 1464.99 m/s
** True-depth calculation Thu, 28 Mar 2019 08:28:25 +0000
** CTD Python Module SMHI /ver 3-12/ feb 2012 
** LIMS Job: 20182601-0187
** Persgrund
** Operator: Ronny Sørensen
** Cruise: 01/2018
# nquan = 26
# nvalues = 72                          
# units = specified
# name 0 = scan: Scan Count
# name 1 = prDM: Pressure, Digiquartz [db]
# name 2 = t090C: Temperature [ITS-90, deg C]
# name 3 = t190C: Temperature, 2 [ITS-90, deg C]
# name 4 = T2-T190C: Temperature Difference, 2 - 1 [ITS-90, deg C]
# name 5 = c0S/m: Conductivity [S/m]
# name 6 = c1S/m: Conductivity, 2 [S/m]
# name 7 = pumps: Pump Status
# name 8 = sbeox1ML/L: Oxygen, SBE 43, 2 [ml/l]
# name 9 = sbeox0ML/L: Oxygen, SBE 43 [ml/l]
# name 10 = altM: Altimeter [m]
# name 11 = chloroflTC0: Chlorophyll, Turner Cyclops [ug/l]
# name 12 = cpar: CPAR/Corrected Irradiance [%]
# name 13 = par: PAR/Irradiance, Biospherical/Lico [µE/(cm^2*s)]
# name 14 = spar: SPAR, Biospherical/Licor
# name 15 = sal00: Salinity, Practical [PSU]
# name 16 = sal11: Salinity, Practical, 2 [PSU]
# name 17 = secS-priS: Salinity, Practical, Difference, 2 - 1 [PSU]
# name 18 = sigma-t00: Density [sigma-t, kg/m^3 ]
# name 19 = sigma-t11: Density, 2 [sigma-t, kg/m^3 ]
# name 20 = depSM: Depth [salt water, m], lat = 57.3683
# name 21 = depFM: Depth [true depth, m], lat = 57.3683
# name 22 = dz/dtM: Descent Rate [m/s], WS = 2
# name 23 = svCM: Sound Velocity [Chen-Millero, m/s]
# name 24 = svCM1: Sound Velocity, 2 [Chen-Millero, m/s]
# name 25 = flag: flag
# span 0 =         59,       3812       
# span 1 =      2.000,     37.500       
# span 2 =     3.8223,     5.6696       
# span 3 =     3.8214,     5.6687       
# span 4 =    -0.5669,     0.0108       
# span 5 =   2.254204,   3.229625       
# span 6 =   2.253521,   3.229069       
# span 7 =          1,          1       
# span 8 =     6.1219,     7.0465       
# span 9 =     6.2635,     7.6516       
# span 10 =       1.57,       9.96      
# span 11 =     0.0186,     0.0501      
# span 12 = -1.636e-05, 6.7728e+00      
# span 13 = -6.977e-06, 3.3011e+00      
# span 14 = 4.0511e+01, 4.9991e+01      
# span 15 =    23.4791,    32.9720      
# span 16 =    23.4716,    32.9666      
# span 17 =    -1.8036,     0.0014      
# span 18 =    18.6479,    25.9905      
# span 19 =    18.6420,    25.9862      
# span 20 =      1.982,     37.151      
# span 21 =      2.000,     37.329      
# span 22 =     -0.166,      0.578      
# span 23 =    1451.11,    1471.47      
# span 24 =    1451.10,    1471.47      
# span 25 = 0.0000e+00, 0.0000e+00      
# interval = decibars: 0.5              
# start_time = Jan 24 2018 13:12:39 [NMEA time, first data scan]
# bad_flag = -9.990e-29
*END*
[from data line 56]
       2939     30.000     5.5611     5.5653     0.0041    3.18796    3.18740          1     6.1903     6.3367       9.02     0.0432  2.136e-12  1.000e-12  4.683e+01    32.6098    32.5994    -0.0104    25.7167    25.7081     29.721     29.882      0.250    1470.46    1470.46  0.000e+00
       2995     30.500     5.5332     5.5319    -0.0013    3.18711    3.18668          1     6.2056     6.3477       8.54     0.0442  2.083e-12  1.000e-12  4.804e+01    32.6269    32.6233    -0.0036    25.7336    25.7309     30.217     30.379      0.225    1470.37    1470.36  0.000e+00
       3041     31.000     5.5380     5.5354    -0.0026    3.18840    3.18767          1     6.2042     6.3443       8.03     0.0437  2.081e-12  1.000e-12  4.807e+01    32.6367    32.6309    -0.0058    25.7407    25.7365     30.712     30.875      0.251    1470.41    1470.39  0.000e+00
       3117     31.500     5.5515     5.5499    -0.0016    3.19273    3.19117          1     6.1759     6.3415       7.55     0.0442  2.130e-12  1.000e-12  4.696e+01    32.6724    32.6562    -0.0161    25.7674    25.7548     31.207     31.372      0.250    1470.52    1470.49  0.000e+00
       3157     32.000     5.5860     5.5814    -0.0046    3.20021    3.19741          1     6.1418     6.3257       7.08     0.0429  2.138e-12  1.000e-12  4.678e+01    32.7233    32.6961    -0.0272    25.8036    25.7826     31.703     31.868      0.395    1470.73    1470.68  0.000e+00
       3187     32.500     5.5951     5.5901    -0.0051    3.20356    3.20069          1     6.1474     6.3210       6.55     0.0426  2.141e-12  1.000e-12  4.671e+01    32.7521    32.7245    -0.0276    25.8253    25.8041     32.198     32.365      0.347    1470.81    1470.76  0.000e+00
       3236     33.000     5.6056     5.6015    -0.0041    3.20826    3.20559          1     6.1599     6.3088       6.05     0.0438  2.141e-12  1.000e-12  4.671e+01    32.7950    32.7688    -0.0262    25.8580    25.8378     32.693     32.861      0.230    1470.92    1470.87  0.000e+00
       3281     33.500     5.6243     5.6173    -0.0070    3.21196    3.20911          1     6.1630     6.3092       5.58     0.0447  2.141e-12  1.000e-12  4.671e+01    32.8183    32.7929    -0.0254    25.8742    25.8549     33.189     33.358      0.427    1471.03    1470.97  0.000e+00
       3306     34.000     5.6515     5.6449    -0.0066    3.21911    3.21511          1     6.1655     6.2970       5.07     0.0443  2.141e-12  1.000e-12  4.671e+01    32.8725    32.8337    -0.0388    25.9138    25.8839     33.684     33.854      0.376    1471.22    1471.14  0.000e+00
       3405     34.500     5.6593     5.6565    -0.0027    3.22450    3.22173          1     6.1540     6.2870       4.60     0.0448  2.141e-12  1.000e-12  4.671e+01    32.9256    32.8969    -0.0286    25.9549    25.9326     34.179     34.351      0.329    1471.32    1471.28  0.000e+00
       3431     35.000     5.6608     5.6589    -0.0019    3.22595    3.22401          1     6.1350     6.2913       4.09     0.0444  2.141e-12  1.000e-12  4.671e+01    32.9403    32.9202    -0.0201    25.9664    25.9507     34.675     34.847      0.430    1471.36    1471.32  0.000e+00
       3472     35.500     5.6651     5.6617    -0.0034    3.22797    3.22571          1     6.1404     6.2842       3.55     0.0458  2.141e-12  1.000e-12  4.671e+01    32.9586    32.9365    -0.0221    25.9803    25.9633     35.170     35.343      0.229    1471.41    1471.36  0.000e+00
       3542     36.000     5.6690     5.6663    -0.0027    3.22934    3.22819          1     6.1625     6.2793       3.10     0.0472  2.138e-12  1.000e-12  4.677e+01    32.9701    32.9597    -0.0104    25.9889    25.9811     35.665     35.840      0.356    1471.45    1471.42  0.000e+00
       3567     36.500     5.6693     5.6677    -0.0016    3.22950    3.22854          1     6.1423     6.2711       2.58     0.0468  2.113e-12  1.000e-12  4.734e+01    32.9713    32.9621    -0.0092    25.9899    25.9827     36.160     36.336      0.407    1471.46    1471.44  0.000e+00
       3605     37.000     5.6694     5.6681    -0.0013    3.22957    3.22882          1     6.1330     6.2754       2.05     0.0470  2.068e-12  1.000e-12  4.836e+01    32.9718    32.9646    -0.0072    25.9902    25.9847     36.656     36.832      0.253    1471.47    1471.45  0.000e+00
       3812     37.500     5.6696     5.6687    -0.0006    3.22962    3.22907          1     6.1219     6.2635       1.57     0.0501  2.000e-12  1.000e-12  4.999e+01    32.9720    32.9666    -0.0054    25.9905    25.9862     37.151     37.329     -0.166    1471.47    1471.47  0.000e+00
