ctdpy/exports/archive_20191120_135557/received_data/SBE09_0827_20181124_0822_26_01_1232.cnv
* Sea-Bird SBE 9 Data File:
* FileName = D:\CTD_SBE911\DAT\26DA.2018.12.32.hex
* Software Version Seasave V 7.21d
* Temperature SN = 4548
* Conductivity SN = 3062
* Number of Bytes Per Scan = 48
* Number of Voltage Words = 5
* Number of Scans Averaged by the Deck Unit = 1
* NMEA Latitude = 57 51.06 N
* NMEA Longitude = 019 30.13 E
* NMEA UTC (Time) = Nov 24 2018  08:22:48
* NMEA baud rate = 4800
** Ship: DANA
** Average sound velocity: 1441.89 m/s
** True-depth calculation Tue, 02 Apr 2019 12:13:52 +0000
** CTD Python Module SMHI /ver 3-12/ feb 2012 
** LIMS Job: 20182601-1232
** Operator: Ronny
** Cruise: 12/2018
# nquan = 26
# nvalues = 136                         
# units = specified
# name 0 = scan: Scan Count
# name 1 = prDM: Pressure, Digiquartz [db]
# name 2 = t090C: Temperature [ITS-90, deg C]
# name 3 = t190C: Temperature, 2 [ITS-90, deg C]
# name 4 = T2-T190C: Temperature Difference, 2 - 1 [ITS-90, deg C]
# name 5 = c0S/m: Conductivity [S/m]
# name 6 = c1S/m: Conductivity, 2 [S/m]
# name 7 = pumps: Pump Status
# name 8 = sbeox1ML/L: Oxygen, SBE 43, 2 [ml/l]
# name 9 = sbeox0ML/L: Oxygen, SBE 43 [ml/l]
# name 10 = altM: Altimeter [m]
# name 11 = chloroflTC0: Chlorophyll, Turner Cyclops [ug/l]
# name 12 = cpar: CPAR/Corrected Irradiance [%]
# name 13 = par: PAR/Irradiance, Biospherical/Lico [µE/(cm^2*s)]
# name 14 = spar: SPAR, Biospherical/Licor
# name 15 = sal00: Salinity, Practical [PSU]
# name 16 = sal11: Salinity, Practical, 2 [PSU]
# name 17 = secS-priS: Salinity, Practical, Difference, 2 - 1 [PSU]
# name 18 = sigma-t00: Density [sigma-t, kg/m^3 ]
# name 19 = sigma-t11: Density, 2 [sigma-t, kg/m^3 ]
# name 20 = depSM: Depth [salt water, m], lat = 57.851
# name 21 = depFM: Depth [true depth, m], lat = 57.851
# name 22 = dz/dtM: Descent Rate [m/s], WS = 2
# name 23 = svCM: Sound Velocity [Chen-Millero, m/s]
# name 24 = svCM1: Sound Velocity, 2 [Chen-Millero, m/s]
# name 25 = flag: flag
# span 0 =        229,       6776       
# span 1 =      1.000,     68.500       
# span 2 =     3.4128,     8.1528       
# span 3 =     3.5248,     8.1346       
# span 4 =    -0.1336,     1.0142       
# span 5 =   0.772867,   0.954952       
# span 6 =   0.775543,   0.948933       
# span 7 =          1,          1       
# span 8 =     1.7670,     7.5513       
# span 9 =     1.4812,     7.7797       
# span 10 =       1.50,       9.99      
# span 11 =     0.0156,     0.0239      
# span 12 = -8.155e-04, 7.2440e+00      
# span 13 = -3.312e-04, 2.9423e+00      
# span 14 = 4.0615e+01, 4.1365e+01      
# span 15 =     7.0093,     8.9986      
# span 16 =     7.0095,     8.9491      
# span 17 =    -0.1508,     0.0007      
# span 18 =     5.3856,     7.1287      
# span 19 =     5.3873,     7.0912      
# span 20 =      0.991,     67.855      
# span 21 =      1.013,     69.371      
# span 22 =      0.132,      0.314      
# span 23 =    1429.41,    1449.28      
# span 24 =    1429.93,    1449.21      
# span 25 = 0.0000e+00, 0.0000e+00      
# interval = decibars: 0.5              
# start_time = Nov 24 2018 08:22:48 [NMEA time, first data scan]
# bad_flag = -9.990e-29
*END*
[from data line 56]
       3021     29.000     8.0584     8.0422    -0.0163    0.83626    0.83566          1     7.4618     7.6972       9.97     0.0209  2.420e-12  1.000e-12  4.135e+01     7.0711     7.0689    -0.0022     5.4064     5.4060     28.730     29.379      0.239    1448.71    1448.64  0.000e+00
       3067     29.500     8.0597     8.0530    -0.0067    0.83634    0.83608          1     7.4757     7.6854       9.97     0.0212  2.425e-12  1.000e-12  4.126e+01     7.0715     7.0706    -0.0010     5.4066     5.4064     29.225     29.886      0.274    1448.72    1448.69  0.000e+00
       3113     30.000     8.0592     8.0553    -0.0038    0.83629    0.83618          1     7.4683     7.6955       9.97     0.0224  2.429e-12  1.000e-12  4.120e+01     7.0711     7.0709    -0.0002     5.4064     5.4065     29.720     30.392      0.245    1448.73    1448.71  0.000e+00
       3162     30.500     8.0584     8.0554    -0.0030    0.83625    0.83617          1     7.4603     7.6961       9.97     0.0212  2.430e-12  1.000e-12  4.116e+01     7.0709     7.0707    -0.0001     5.4063     5.4064     30.216     30.899      0.257    1448.73    1448.72  0.000e+00
       3208     31.000     8.0587     8.0560    -0.0027    0.83626    0.83619          1     7.4667     7.6971       9.97     0.0215  2.422e-12  1.000e-12  4.131e+01     7.0708     7.0707    -0.0001     5.4062     5.4063     30.711     31.405      0.265    1448.74    1448.73  0.000e+00
       3253     31.500     8.0592     8.0565    -0.0027    0.83627    0.83620          1     7.4586     7.7000       9.97     0.0208  2.423e-12  1.000e-12  4.130e+01     7.0708     7.0707    -0.0001     5.4061     5.4063     31.206     31.912      0.270    1448.75    1448.74  0.000e+00
       3299     32.000     8.0581     8.0567    -0.0014    0.83623    0.83620          1     7.4559     7.6965       9.97     0.0204  2.436e-12  1.000e-12  4.106e+01     7.0706     7.0706     0.0000     5.4060     5.4062     31.701     32.418      0.248    1448.75    1448.75  0.000e+00
       3347     32.500     8.0572     8.0563    -0.0008    0.83621    0.83619          1     7.4648     7.6965       9.97     0.0210  2.435e-12  1.000e-12  4.108e+01     7.0705     7.0705    -0.0001     5.4061     5.4061     32.197     32.925      0.265    1448.76    1448.75  0.000e+00
       3392     33.000     8.0572     8.0566    -0.0006    0.83623    0.83620          1     7.4647     7.6962       9.97     0.0213  2.448e-12  1.000e-12  4.086e+01     7.0706     7.0705    -0.0001     5.4062     5.4061     32.692     33.431      0.254    1448.77    1448.76  0.000e+00
       3441     33.500     8.0583     8.0564    -0.0018    0.83629    0.83621          1     7.4629     7.6928       9.97     0.0215  2.438e-12  1.000e-12  4.104e+01     7.0709     7.0705    -0.0004     5.4063     5.4061     33.187     33.938      0.253    1448.78    1448.77  0.000e+00
       3486     34.000     8.0624     8.0578    -0.0046    0.83648    0.83627          1     7.4633     7.7012       9.97     0.0210  2.445e-12  1.000e-12  4.091e+01     7.0717     7.0708    -0.0009     5.4066     5.4062     33.683     34.445      0.263    1448.80    1448.78  0.000e+00
       3532     34.500     8.0685     8.0604    -0.0080    0.83674    0.83639          1     7.4728     7.6921       9.97     0.0211  2.457e-12  1.000e-12  4.071e+01     7.0728     7.0713    -0.0016     5.4070     5.4064     34.178     34.951      0.267    1448.84    1448.80  0.000e+00
       3575     35.000     8.0689     8.0652    -0.0036    0.83679    0.83660          1     7.4637     7.6845       9.97     0.0208  2.459e-12  1.000e-12  4.067e+01     7.0731     7.0722    -0.0009     5.4072     5.4067     34.673     35.458      0.285    1448.85    1448.83  0.000e+00
       3620     35.500     8.0619     8.0648     0.0029    0.83661    0.83663          1     7.4480     7.6940       9.97     0.0207  2.462e-12  1.000e-12  4.062e+01     7.0728     7.0725    -0.0004     5.4075     5.4070     35.168     35.964      0.251    1448.83    1448.84  0.000e+00
       3668     36.000     8.0809     8.0666    -0.0143    0.83737    0.83674          1     7.4503     7.6935       9.97     0.0207  2.462e-12  1.000e-12  4.062e+01     7.0759     7.0730    -0.0029     5.4084     5.4073     35.664     36.471      0.255    1448.92    1448.86  0.000e+00
       3713     36.500     8.0956     8.0773    -0.0183    0.83798    0.83719          1     7.4608     7.6863       9.97     0.0209  2.462e-12  1.000e-12  4.062e+01     7.0784     7.0749    -0.0035     5.4091     5.4079     36.159     36.977      0.270    1448.99    1448.91  0.000e+00
       3759     37.000     8.1107     8.0861    -0.0246    0.83873    0.83761          1     7.4630     7.6770       9.97     0.0200  2.462e-12  1.000e-12  4.062e+01     7.0821     7.0769    -0.0052     5.4108     5.4087     36.654     37.484      0.247    1449.06    1448.96  0.000e+00
       3808     37.500     8.1429     8.0974    -0.0455    0.84046    0.83816          1     7.4558     7.6759       9.97     0.0202  2.462e-12  1.000e-12  4.062e+01     7.0913     7.0796    -0.0117     5.4153     5.4099     37.150     37.990      0.271    1449.21    1449.01  0.000e+00
       3849     38.000     8.1528     8.1291    -0.0237    0.84217    0.83993          1     7.4524     7.6513       9.97     0.0205  2.462e-12  1.000e-12  4.062e+01     7.1048     7.0892    -0.0155     5.4250     5.4148     37.645     38.497      0.292    1449.28    1449.16  0.000e+00
       3892     38.500     8.1272     8.1346     0.0074    0.84222    0.84131          1     7.4336     7.6212       9.97     0.0195  2.462e-12  1.000e-12  4.062e+01     7.1103     7.1005    -0.0097     5.4315     5.4232     38.140     39.003      0.258    1449.19    1449.21  0.000e+00
       3941     39.000     8.1109     8.1262     0.0154    0.84212    0.84152          1     7.4223     7.6400       9.97     0.0209  2.462e-12  1.000e-12  4.062e+01     7.1126     7.1041    -0.0085     5.4347     5.4267     38.635     39.510      0.251    1449.13    1449.19  0.000e+00
       3987     39.500     8.0803     8.1152     0.0350    0.84169    0.84179          1     7.4370     7.6673       9.97     0.0199  2.462e-12  1.000e-12  4.062e+01     7.1149     7.1087    -0.0061     5.4389     5.4313     39.131     40.016      0.255    1449.02    1449.15  0.000e+00
       4035     40.000     7.7873     8.0487     0.2618    0.83664    0.84100          1     7.4705     7.5092       9.97     0.0195  2.462e-12  1.000e-12  4.062e+01     7.1283     7.1149    -0.0133     5.4726     5.4415     39.626     40.523      0.258    1447.84    1448.90  0.000e+00
       4080     40.500     7.1625     7.7045     0.5416    0.82732    0.83603          1     7.3887     7.4377       9.97     0.0190  2.462e-12  1.000e-12  4.062e+01     7.1706     7.1395    -0.0311     5.5517     5.4878     40.121     41.029      0.265    1445.31    1447.52  0.000e+00
       4127     41.000     6.8528     7.4353     0.5823    0.82335    0.83187          1     7.3793     7.4282       9.97     0.0176  2.462e-12  1.000e-12  4.062e+01     7.1979     7.1564    -0.0415     5.5942     5.5213     40.617     41.536      0.253    1444.06    1446.44  0.000e+00
       4172     41.500     6.6709     7.0300     0.3591    0.82183    0.82667          1     7.3334     7.3811       9.97     0.0177  2.462e-12  1.000e-12  4.062e+01     7.2217     7.1919    -0.0297     5.6245     5.5777     41.112     42.042      0.284    1443.33    1444.80  0.000e+00
       4216     42.000     6.3954     6.7909     0.3958    0.81896    0.82420          1     7.2590     7.3685       9.97     0.0171  2.462e-12  1.000e-12  4.062e+01     7.2527     7.2188    -0.0339     5.6656     5.6145     41.607     42.549      0.250    1442.21    1443.84  0.000e+00
       4268     42.500     6.1004     6.5024     0.4021    0.81534    0.82076          1     7.2583     7.2900       9.97     0.0169  2.462e-12  1.000e-12  4.062e+01     7.2809     7.2471    -0.0339     5.7046     5.6548     42.102     43.055      0.237    1440.99    1442.66  0.000e+00
       4313     43.000     5.5727     6.2057     0.6325    0.80780    0.81719          1     7.1919     7.2497       9.97     0.0170  2.462e-12  1.000e-12  4.062e+01     7.3221     7.2761    -0.0460     5.7640     5.6949     42.598     43.561      0.274    1438.78    1441.44  0.000e+00
       4362     43.500     5.1869     5.7151     0.5288    0.80272    0.81066          1     7.2204     7.2108       9.97     0.0165  2.462e-12  1.000e-12  4.062e+01     7.3567     7.3188    -0.0379     5.8088     5.7547     43.093     44.068      0.233    1437.15    1439.40  0.000e+00
       4410     44.000     4.4001     5.4160     1.0142    0.78792    0.80666          1     7.1691     7.1832       9.97     0.0164  2.462e-12  1.000e-12  4.062e+01     7.3841     7.3450    -0.0391     5.8587     5.7895     43.588     44.574      0.283    1433.71    1438.14  0.000e+00
       4453     44.500     3.7692     4.5817     0.8127    0.77496    0.79170          1     7.1905     7.4688       9.97     0.0164  2.462e-12  1.000e-12  4.062e+01     7.3947     7.3813    -0.0135     5.8837     5.8506     44.083     45.080      0.257    1430.90    1434.53  0.000e+00
       4501     45.000     3.6657     4.1995     0.5347    0.77407    0.78475          1     7.2748     7.5581       9.97     0.0159  2.462e-12  1.000e-12  4.062e+01     7.4091     7.3970    -0.0121     5.8973     5.8750     44.579     45.587      0.252    1430.46    1432.85  0.000e+00
       4548     45.500     3.6741     3.9364     0.2623    0.77558    0.78027          1     7.2896     7.5345       9.97     0.0159  2.462e-12  1.000e-12  4.062e+01     7.4227     7.4109    -0.0117     5.9079     5.8929     45.074     46.093      0.251    1430.52    1431.70  0.000e+00
       4598     46.000     3.6731     3.8176     0.1445    0.77693    0.77877          1     7.3007     7.4566       9.97     0.0158  2.462e-12  1.000e-12  4.062e+01     7.4367     7.4225    -0.0141     5.9191     5.9049     45.569     46.599      0.236    1430.55    1431.18  0.000e+00
       4645     46.500     3.5894     3.7540     0.1646    0.77575    0.77824          1     7.2834     7.4511       9.97     0.0158  2.462e-12  1.000e-12  4.062e+01     7.4436     7.4316    -0.0120     5.9262     5.9134     46.064     47.105      0.263    1430.18    1430.91  0.000e+00
       4694     47.000     3.5210     3.6647     0.1437    0.77487    0.77727          1     7.2701     7.3957       9.97     0.0158  2.462e-12  1.000e-12  4.062e+01     7.4502     7.4419    -0.0082     5.9326     5.9234     46.560     47.612      0.238    1429.89    1430.53  0.000e+00
       4741     47.500     3.4128     3.5764     0.1637    0.77287    0.77602          1     7.2363     7.4375       9.97     0.0158  2.462e-12  1.000e-12  4.062e+01     7.4543     7.4492    -0.0051     5.9377     5.9309     47.055     48.118      0.287    1429.41    1430.15  0.000e+00
       4782     48.000     3.4867     3.5248     0.0381    0.77619    0.77554          1     7.2365     7.3345       9.97     0.0158  2.462e-12  1.000e-12  4.062e+01     7.4715     7.4561    -0.0154     5.9503     5.9373     47.550     48.624      0.266    1429.78    1429.93  0.000e+00
       4835     48.500     3.5155     3.5359     0.0204    0.77879    0.77682          1     7.1569     7.1388       9.97     0.0156  2.462e-12  1.000e-12  4.062e+01     7.4917     7.4666    -0.0251     5.9658     5.9455     48.046     49.130      0.228    1429.94    1430.00  0.000e+00
       4881     49.000     3.5188     3.5300     0.0112    0.77976    0.77822          1     7.0735     7.0308       9.97     0.0158  2.462e-12  1.000e-12  4.062e+01     7.5009     7.4825    -0.0184     5.9731     5.9582     48.541     49.637      0.283    1429.98    1430.00  0.000e+00
       4926     49.500     3.5099     3.5314     0.0215    0.78018    0.77955          1     6.9353     6.9910       9.97     0.0158  2.462e-12  1.000e-12  4.062e+01     7.5072     7.4957    -0.0115     5.9783     5.9688     49.036     50.143      0.244    1429.95    1430.03  0.000e+00
       4976     50.000     3.5792     3.5357    -0.0434    0.78454    0.78049          1     6.8528     6.8693       9.97     0.0156  2.462e-12  1.000e-12  4.062e+01     7.5361     7.5044    -0.0317     6.0000     5.9756     49.531     50.649      0.258    1430.31    1430.07  0.000e+00
       5019     50.500     3.6149     3.5865    -0.0285    0.78695    0.78374          1     6.7737     6.7311       9.97     0.0157  2.462e-12  1.000e-12  4.062e+01     7.5525     7.5261    -0.0264     6.0124     5.9920     50.027     51.155      0.278    1430.50    1430.34  0.000e+00
       5065     51.000     3.6351     3.6099    -0.0252    0.78933    0.78620          1     6.6503     6.6322       9.97     0.0157  2.462e-12  1.000e-12  4.062e+01     7.5724     7.5460    -0.0264     6.0278     6.0073     50.522     51.662      0.253    1430.63    1430.48  0.000e+00
       5111     51.500     3.7023     3.6403    -0.0621    0.79227    0.78829          1     6.5438     6.5117       9.97     0.0158  2.462e-12  1.000e-12  4.062e+01     7.5869     7.5604    -0.0265     6.0380     6.0182     51.017     52.168      0.276    1430.96    1430.64  0.000e+00
       5156     52.000     3.7358     3.6891    -0.0468    0.79400    0.79112          1     6.4274     6.3982       9.97     0.0158  2.462e-12  1.000e-12  4.062e+01     7.5968     7.5781    -0.0187     6.0452     6.0313     51.512     52.674      0.234    1431.13    1430.90  0.000e+00
       5210     52.500     3.7017     3.7053     0.0035    0.79452    0.79236          1     6.3404     6.3635       9.97     0.0157  2.462e-12  1.000e-12  4.062e+01     7.6100     7.5870    -0.0230     6.0565     6.0381     52.008     53.180      0.252    1431.00    1430.99  0.000e+00
       5253     53.000     3.6819     3.6987     0.0168    0.79592    0.79393          1     6.2845     6.3212       9.97     0.0157  2.462e-12  1.000e-12  4.062e+01     7.6290     7.6046    -0.0244     6.0719     6.0522     52.503     53.686      0.266    1430.94    1430.99  0.000e+00
       5305     53.500     3.7588     3.7082    -0.0506    0.80061    0.79555          1     6.1921     6.1544       9.97     0.0157  2.462e-12  1.000e-12  4.062e+01     7.6591     7.6190    -0.0402     6.0943     6.0634     52.998     54.193      0.229    1431.34    1431.06  0.000e+00
       5350     54.000     3.8104     3.7428    -0.0676    0.80489    0.79861          1     6.1256     5.9691       9.97     0.0158  2.462e-12  1.000e-12  4.062e+01     7.6909     7.6423    -0.0486     6.1184     6.0813     53.493     54.699      0.296    1431.62    1431.25  0.000e+00
       5394     54.500     3.8551     3.7990    -0.0562    0.81003    0.80415          1     5.9338     5.7687       9.97     0.0159  2.462e-12  1.000e-12  4.062e+01     7.7330     7.6859    -0.0471     6.1508     6.1147     53.988     55.205      0.238    1431.89    1431.57  0.000e+00
       5448     55.000     3.8898     3.8161    -0.0736    0.81339    0.80591          1     5.8013     5.6207       9.97     0.0159  2.462e-12  1.000e-12  4.062e+01     7.7592     7.6999    -0.0593     6.1708     6.1254     54.484     55.711      0.238    1432.08    1431.67  0.000e+00
       5495     55.500     3.9098     3.8738    -0.0360    0.81612    0.81159          1     5.6542     5.5288       9.97     0.0159  2.462e-12  1.000e-12  4.062e+01     7.7823     7.7444    -0.0379     6.1887     6.1595     54.979     56.217      0.246    1432.21    1432.00  0.000e+00
       5548     56.000     3.9276     3.8951    -0.0325    0.82027    0.81446          1     5.4968     5.3959       9.97     0.0158  2.462e-12  1.000e-12  4.062e+01     7.8205     7.7687    -0.0518     6.2186     6.1783     55.474     56.723      0.225    1432.35    1432.14  0.000e+00
