ctdpy/exports/archive_20191120_135557/received_data/SBE09_1044_20180201_0515_34_02_0041.cnv
* Sea-Bird SBE 9 Data File:
* FileName = C:\ctd\temp\2018\ME18D041.hex
* Software Version Seasave V 7.26.6.26
* Temperature SN = 5351
* Conductivity SN = 3941
* Number of Bytes Per Scan = 41
* Number of Voltage Words = 4
* Number of Scans Averaged by the Deck Unit = 1
* NMEA Latitude = 57 07.04 N
* NMEA Longitude = 017 40.14 E
* NMEA UTC (Time) = Feb 01 2018  05:15:47
* NMEA baud rate = 4800
** Station:  BY38
** Operator:  SSip
** Ship: MERI
** Average sound velocity: 1436.62 m/s
** True-depth calculation Wed, 07 Feb 2018 10:18:52 +0000
** CTD Python Module SMHI /ver 3-12/ feb 2012 
** LIMS Job: 20183402-0041
** Cruise: SMHI-01-2018
** Latitude [GG MM.mm N] :
** Longitude [GG MM.mm E]:
# nquan = 26
# nvalues = 205                         
# units = specified
# name 0 = scan: Scan Count
# name 1 = prDM: Pressure, Digiquartz [db]
# name 2 = t090C: Temperature [ITS-90, deg C]
# name 3 = t190C: Temperature, 2 [ITS-90, deg C]
# name 4 = T2-T190C: Temperature Difference, 2 - 1 [ITS-90, deg C]
# name 5 = c0S/m: Conductivity [S/m]
# name 6 = c1S/m: Conductivity, 2 [S/m]
# name 7 = pumps: Pump Status
# name 8 = sbeox0ML/L: Oxygen, SBE 43 [ml/l]
# name 9 = sbeox1ML/L: Oxygen, SBE 43, 2 [ml/l]
# name 10 = altM: Altimeter [m]
# name 11 = flECO-AFL: Chl-a Fluorescence, WET Labs ECO-AFL/FL [mg/m^3]
# name 12 = flECO-AFL1: Phycocyanin Fluorescence, WET Labs ECO-AFL/FL, 2 [mg/m^3]
# name 13 = par: PAR/Irradiance, Biospherical/Lico [µE/(cm^2*s)]
# name 14 = turbWETntu0: Turbidity, WET Labs ECO [NTU]
# name 15 = sal00: Salinity, Practical [PSU]
# name 16 = sal11: Salinity, Practical, 2 [PSU]
# name 17 = secS-priS: Salinity, Practical, Difference, 2 - 1 [PSU]
# name 18 = sigma-t00: Density [sigma-t, Kg/m^3 ]
# name 19 = sigma-t11: Density, 2 [sigma-t, Kg/m^3 ]
# name 20 = depSM: Depth [salt water, m], lat = 57.1173
# name 21 = depFM: Depth [true depth, m], lat = 57.1173
# name 22 = dz/dtM: Descent Rate [m/s], WS = 2
# name 23 = svCM: Sound Velocity [Chen-Millero, m/s]
# name 24 = svCM1: Sound Velocity, 2 [Chen-Millero, m/s]
# name 25 = flag: flag
# span 0 =       8131,      13778       
# span 1 =      1.500,    103.500       
# span 2 =     4.2534,     5.5479       
# span 3 =     4.2539,     5.5469       
# span 4 =    -0.0078,     0.0069       
# span 5 =   0.770114,   1.110313       
# span 6 =   0.770102,   1.110280       
# span 7 =          1,          1       
# span 8 =    0.02607,    8.07577       
# span 9 =    0.05296,    8.01591       
# span 10 =       4.38,      98.90      
# span 11 =     0.2472,     0.4515      
# span 12 =     0.2613,     0.4190      
# span 13 = -4.351e-05, 1.4811e+00      
# span 14 =     0.1355,     1.7298      
# span 15 =     7.2423,    10.3111      
# span 16 =     7.2419,    10.3107      
# span 17 =    -0.0032,     0.0168      
# span 18 =     5.7506,     8.1250      
# span 19 =     5.7502,     8.1246      
# span 20 =      1.486,    102.523      
# span 21 =      1.519,    104.734      
# span 22 =     -0.069,      1.022      
# span 23 =    1432.22,    1443.41      
# span 24 =    1432.23,    1443.41      
# span 25 = 0.0000e+00, 0.0000e+00      
# interval = decibars: 0.5              
# start_time = Feb 01 2018 05:15:47 [NMEA time, first data scan]
# bad_flag = -9.990e-29
*END*
[from data line 168]
      11864     85.500     5.3895     5.3904     0.0009    1.06866    1.06900          1     0.0643     0.1037      23.30     0.3667     0.3170  1.000e-12  1.6107000     9.9436     9.9468     0.0032     7.8434     7.8459     84.696     86.547      0.280    1441.98    1441.99  0.000e+00
      11905     86.000     5.3951     5.3954     0.0003    1.07029    1.07030          1     0.0627     0.1003      22.77     0.3958     0.3572  1.000e-12  1.7298000     9.9583     9.9583    -0.0000     7.8547     7.8547     85.192     87.052      0.485    1442.03    1442.04  0.000e+00
      11924     86.500     5.3979     5.3983     0.0005    1.07217    1.07216          1     0.0648     0.0953      22.40     0.3938     0.3285  1.000e-12  1.6574000     9.9762     9.9760    -0.0003     7.8687     7.8685     85.687     87.557      0.696    1442.08    1442.08  0.000e+00
      11939     87.000     5.4020     5.4025     0.0005    1.07377    1.07375          1     0.0599     0.0992      21.96     0.3813     0.3173  1.000e-12  1.2212000     9.9909     9.9906    -0.0003     7.8801     7.8798     86.182     88.062      0.766    1442.12    1442.12  0.000e+00
      11955     87.500     5.4076     5.4081     0.0005    1.07521    1.07519          1     0.0589     0.1017      21.48     0.3937     0.3302  1.000e-12  1.1634000    10.0036    10.0033    -0.0003     7.8898     7.8896     86.677     88.568      0.713    1442.17    1442.17  0.000e+00
      11974     88.000     5.4141     5.4144     0.0003    1.07702    1.07700          1     0.0594     0.0975      20.90     0.3969     0.3224  1.000e-12  1.0680000    10.0198    10.0196    -0.0003     7.9023     7.9020     87.172     89.073      0.516    1442.23    1442.23  0.000e+00
      12013     88.500     5.4207     5.4227     0.0019    1.07867    1.07911          1     0.0558     0.0922      20.16     0.3823     0.3300  1.000e-12  0.9590000    10.0343    10.0381     0.0038     7.9133     7.9162     87.668     89.578      0.258    1442.28    1442.30  0.000e+00
      12053     89.000     5.4333     5.4342     0.0009    1.08223    1.08233          1     0.0577     0.0927      19.66     0.3795     0.3211  1.000e-12  0.8315000    10.0662    10.0669     0.0007     7.9378     7.9384     88.163     90.084      0.482    1442.38    1442.39  0.000e+00
      12073     89.500     5.4429     5.4434     0.0005    1.08419    1.08418          1     0.0538     0.0887      19.30     0.4072     0.3070  1.000e-12  0.8741000    10.0829    10.0826    -0.0003     7.9505     7.9503     88.658     90.589      0.690    1442.46    1442.46  0.000e+00
      12088     90.000     5.4541     5.4547     0.0006    1.08608    1.08605          1     0.0517     0.0856      18.88     0.4068     0.2853  1.000e-12  0.8733000    10.0984    10.0980    -0.0005     7.9622     7.9618     89.153     91.094      0.765    1442.53    1442.53  0.000e+00
      12104     90.500     5.4695     5.4699     0.0004    1.08961    1.08956          1     0.0513     0.0847      18.39     0.4068     0.3403  1.000e-12  0.8826000    10.1291    10.1285    -0.0006     7.9855     7.9851     89.648     91.599      0.717    1442.64    1442.64  0.000e+00
      12123     91.000     5.4910     5.4906    -0.0004    1.09481    1.09467          1     0.0536     0.0899      17.80     0.4063     0.3481  1.000e-12  0.9095000    10.1747    10.1734    -0.0013     8.0204     8.0194     90.143     92.105      0.531    1442.80    1442.80  0.000e+00
      12161     91.500     5.5068     5.5076     0.0008    1.09869    1.09921          1     0.0516     0.0851      17.02     0.4070     0.3045  1.000e-12  0.7532000    10.2088    10.2137     0.0049     8.0464     8.0502     90.639     92.610      0.261    1442.92    1442.93  0.000e+00
      12201     92.000     5.5262     5.5270     0.0008    1.10480    1.10497          1     0.0485     0.0834      16.51     0.4068     0.3229  1.000e-12  0.6581000    10.2640    10.2655     0.0015     8.0889     8.0900     91.134     93.115      0.489    1443.08    1443.09  0.000e+00
      12220     92.500     5.5357     5.5360     0.0003    1.10754    1.10751          1     0.0512     0.0828      16.13     0.4068     0.3445  1.000e-12  0.5764000    10.2885    10.2881    -0.0003     8.1076     8.1074     91.629     93.620      0.651    1443.16    1443.16  0.000e+00
      12238     93.000     5.5406     5.5410     0.0004    1.10889    1.10886          1     0.0524     0.0819      15.68     0.4138     0.3351  1.000e-12  0.5449000    10.3005    10.3000    -0.0005     8.1169     8.1165     92.124     94.125      0.679    1443.21    1443.21  0.000e+00
      12256     93.500     5.5434     5.5437     0.0003    1.10959    1.10955          1     0.0502     0.0825      15.17     0.4189     0.3266  1.000e-12  0.5242000    10.3065    10.3061    -0.0005     8.1215     8.1211     92.619     94.630      0.619    1443.24    1443.24  0.000e+00
      12277     94.000     5.5446     5.5450     0.0004    1.10991    1.10988          1     0.0469     0.0805      14.62     0.4200     0.3231  1.000e-12  0.5187000    10.3093    10.3089    -0.0004     8.1236     8.1233     93.115     95.136      0.506    1443.25    1443.25  0.000e+00
      12305     94.500     5.5451     5.5455     0.0004    1.11004    1.11002          1     0.0480     0.0800      14.03     0.4273     0.3503  1.000e-12  0.5337000    10.3104    10.3100    -0.0004     8.1244     8.1241     93.610     95.641      0.377    1443.26    1443.27  0.000e+00
      12342     95.000     5.5453     5.5457     0.0004    1.11007    1.11004          1     0.0469     0.0772      13.42     0.4257     0.3389  1.000e-12  0.5685000    10.3105    10.3101    -0.0003     8.1245     8.1242     94.105     96.146      0.349    1443.27    1443.27  0.000e+00
      12371     95.500     5.5456     5.5460     0.0004    1.11008    1.11006          1     0.0467     0.0793      12.97     0.4313     0.3359  1.000e-12  0.5129000    10.3105    10.3101    -0.0004     8.1245     8.1242     94.600     96.651      0.509    1443.28    1443.28  0.000e+00
      12391     96.000     5.5458     5.5461     0.0004    1.11010    1.11007          1     0.0454     0.0786      12.54     0.4234     0.3132  1.000e-12  0.5122000    10.3105    10.3101    -0.0004     8.1244     8.1242     95.095     97.156      0.624    1443.29    1443.29  0.000e+00
      12409     96.500     5.5457     5.5462     0.0005    1.11011    1.11008          1     0.0462     0.0761      12.09     0.4210     0.3087  1.000e-12  0.5225000    10.3105    10.3101    -0.0004     8.1245     8.1241     95.590     97.661      0.659    1443.30    1443.30  0.000e+00
      12428     97.000     5.5458     5.5462     0.0004    1.11011    1.11010          1     0.0425     0.0762      11.58     0.4310     0.3612  1.000e-12  0.5487000    10.3105    10.3101    -0.0003     8.1244     8.1241     96.086     98.167      0.623    1443.31    1443.31  0.000e+00
      12449     97.500     5.5459     5.5462     0.0003    1.11013    1.11011          1     0.0442     0.0779      11.01     0.4515     0.3500  1.000e-12  0.5137000    10.3105    10.3102    -0.0003     8.1245     8.1242     96.581     98.672      0.520    1443.31    1443.32  0.000e+00
      12475     98.000     5.5458     5.5462     0.0004    1.11014    1.11011          1     0.0432     0.0729      10.41     0.4259     0.3343  1.000e-12  0.5084000    10.3106    10.3102    -0.0004     8.1245     8.1242     97.076     99.177      0.409    1443.32    1443.32  0.000e+00
      12507     98.500     5.5458     5.5462     0.0004    1.11015    1.11012          1     0.0429     0.0739       9.83     0.4261     0.3356  1.000e-12  0.5242000    10.3105    10.3102    -0.0004     8.1245     8.1242     97.571     99.682      0.393    1443.33    1443.33  0.000e+00
      12535     99.000     5.5459     5.5463     0.0004    1.11016    1.11014          1     0.0435     0.0727       9.35     0.4090     0.3942  1.000e-12  0.5181000    10.3106    10.3102    -0.0004     8.1245     8.1242     98.066    100.187      0.510    1443.34    1443.34  0.000e+00
      12556     99.500     5.5460     5.5465     0.0005    1.11017    1.11016          1     0.0420     0.0730       8.89     0.4315     0.3644  1.000e-12  0.5075000    10.3105    10.3102    -0.0003     8.1245     8.1242     98.561    100.692      0.586    1443.35    1443.35  0.000e+00
      12576    100.000     5.5460     5.5465     0.0005    1.11019    1.11017          1     0.0422     0.0721       8.39     0.4196     0.3613  1.000e-12  0.5230000    10.3106    10.3103    -0.0004     8.1246     8.1242     99.057    101.198      0.570    1443.36    1443.36  0.000e+00
      12598    100.500     5.5461     5.5465     0.0004    1.11020    1.11018          1     0.0420     0.0717       7.85     0.4185     0.3470  1.000e-12  0.5220000    10.3107    10.3103    -0.0003     8.1246     8.1243     99.552    101.703      0.543    1443.36    1443.37  0.000e+00
      12620    101.000     5.5462     5.5466     0.0004    1.11021    1.11020          1     0.0428     0.0706       7.35     0.4115     0.3281  1.000e-12  0.5130000    10.3106    10.3103    -0.0003     8.1246     8.1243    100.047    102.208      0.574    1443.37    1443.37  0.000e+00
      12640    101.500     5.5463     5.5467     0.0004    1.11026    1.11023          1     0.0416     0.0708       6.85     0.4126     0.3170  1.000e-12  0.5104000    10.3110    10.3106    -0.0004     8.1248     8.1245    100.542    102.713      0.622    1443.38    1443.38  0.000e+00
      12659    102.000     5.5464     5.5468     0.0004    1.11027    1.11025          1     0.0398     0.0695       6.38     0.4308     0.3442  1.000e-12  0.5181000    10.3110    10.3106    -0.0004     8.1248     8.1245    101.037    103.218      0.622    1443.39    1443.39  0.000e+00
      12679    102.500     5.5463     5.5467     0.0004    1.11029    1.11025          1     0.0380     0.0645       5.83     0.4312     0.3364  1.000e-12  0.5148000    10.3111    10.3106    -0.0005     8.1249     8.1245    101.532    103.723      0.523    1443.40    1443.40  0.000e+00
      12746    103.000     5.5459     5.5466     0.0007    1.11024    1.11026          1     0.0398     0.0678       5.13     0.4303     0.3465  1.000e-12  0.5255000    10.3107    10.3106    -0.0001     8.1246     8.1245    102.028    104.229      0.296    1443.40    1443.41  0.000e+00
      13778    103.500     5.5463     5.5467     0.0004    1.11031    1.11028          1     0.0284     0.0530       4.38     0.4229     0.3326  1.000e-12  0.4895000    10.3111    10.3107    -0.0005     8.1250     8.1246    102.523    104.734     -0.069    1443.41    1443.41  0.000e+00
