ctdpy/exports/archive_20191120_135557/received_data/SBE09_0827_20180127_1300_26_01_0235.cnv
* Sea-Bird SBE 9 Data File:
* FileName = D:\CTD_SBE911\DAT\26DA.2018.1.135.hex
* Software Version Seasave V 7.21d
* Temperature SN = 034757
* Conductivity SN = 041844
* Number of Bytes Per Scan = 48
* Number of Voltage Words = 5
* Number of Scans Averaged by the Deck Unit = 1
* NMEA Latitude = 57 11.50 N
* NMEA Longitude = 011 39.74 E
* NMEA UTC (Time) = Jan 27 2018  13:00:30
* NMEA baud rate = 4800
** Ship: DANA
** Average sound velocity: 1471.00 m/s
** True-depth calculation Thu, 28 Mar 2019 08:32:32 +0000
** CTD Python Module SMHI /ver 3-12/ feb 2012 
** LIMS Job: 20182601-0235
** W Fladen
** Operator: Ronny Sørensen
** Cruise: 01/2018
# nquan = 26
# nvalues = 140                         
# units = specified
# name 0 = scan: Scan Count
# name 1 = prDM: Pressure, Digiquartz [db]
# name 2 = t090C: Temperature [ITS-90, deg C]
# name 3 = t190C: Temperature, 2 [ITS-90, deg C]
# name 4 = T2-T190C: Temperature Difference, 2 - 1 [ITS-90, deg C]
# name 5 = c0S/m: Conductivity [S/m]
# name 6 = c1S/m: Conductivity, 2 [S/m]
# name 7 = pumps: Pump Status
# name 8 = sbeox1ML/L: Oxygen, SBE 43, 2 [ml/l]
# name 9 = sbeox0ML/L: Oxygen, SBE 43 [ml/l]
# name 10 = altM: Altimeter [m]
# name 11 = chloroflTC0: Chlorophyll, Turner Cyclops [ug/l]
# name 12 = cpar: CPAR/Corrected Irradiance [%]
# name 13 = par: PAR/Irradiance, Biospherical/Lico [µE/(cm^2*s)]
# name 14 = spar: SPAR, Biospherical/Licor
# name 15 = sal00: Salinity, Practical [PSU]
# name 16 = sal11: Salinity, Practical, 2 [PSU]
# name 17 = secS-priS: Salinity, Practical, Difference, 2 - 1 [PSU]
# name 18 = sigma-t00: Density [sigma-t, kg/m^3 ]
# name 19 = sigma-t11: Density, 2 [sigma-t, kg/m^3 ]
# name 20 = depSM: Depth [salt water, m], lat = 57.1917
# name 21 = depFM: Depth [true depth, m], lat = 57.1917
# name 22 = dz/dtM: Descent Rate [m/s], WS = 2
# name 23 = svCM: Sound Velocity [Chen-Millero, m/s]
# name 24 = svCM1: Sound Velocity, 2 [Chen-Millero, m/s]
# name 25 = flag: flag
# span 0 =        464,       7211       
# span 1 =      2.500,     72.000       
# span 2 =     4.2870,     6.9019       
# span 3 =     4.2883,     7.0018       
# span 4 =    -0.2733,     0.2396       
# span 5 =   2.266386,   3.412513       
# span 6 =   2.264728,   3.424278       
# span 7 =          1,          1       
# span 8 =     5.8279,     7.1251       
# span 9 =     5.9313,     7.1956       
# span 10 =       2.51,      10.00      
# span 11 =     0.0208,     0.0417      
# span 12 = 7.2150e-14, 4.2932e+00      
# span 13 = 1.0000e-12, 5.5626e+01      
# span 14 = 7.4998e+02, 1.3884e+03      
# span 15 =    23.2858,    33.7854      
# span 16 =    23.2662,    33.8165      
# span 17 =    -0.0208,     0.2901      
# span 18 =    18.4607,    26.4753      
# span 19 =    18.4451,    26.4863      
# span 20 =      2.477,     71.325      
# span 21 =      2.500,     71.560      
# span 22 =      0.204,      0.399      
# span 23 =    1452.86,    1477.94      
# span 24 =    1452.84,    1478.36      
# span 25 = 0.0000e+00, 0.0000e+00      
# interval = decibars: 0.5              
# start_time = Jan 27 2018 13:00:30 [NMEA time, first data scan]
# bad_flag = -9.990e-29
*END*
        464      2.500     4.2870     4.2883     0.0013    2.26639    2.26473          1     7.1012     7.1956      10.00     0.0208  4.293e+00  5.563e+01  1.296e+03    23.2858    23.2662    -0.0196    18.4607    18.4451      2.477      2.500      0.304    1452.86    1452.84  0.000e+00
        494      3.000     4.3083     4.3413     0.0329    2.27919    2.28539          1     7.1251     7.1729      10.00     0.0210  3.139e+00  4.027e+01  1.282e+03    23.4145    23.4607     0.0462    18.5610    18.5950      2.972      3.000      0.399    1453.12    1453.32  0.000e+00
        536      3.500     4.3671     4.3901     0.0230    2.30483    2.31112          1     7.1061     7.1676      10.00     0.0214  2.711e+00  3.492e+01  1.289e+03    23.6606    23.7148     0.0541    18.7514    18.7925      3.468      3.500      0.256    1453.70    1453.86  0.000e+00
        580      4.000     4.3912     4.3926     0.0014    2.31105    2.31100          1     7.0993     7.1324      10.00     0.0231  2.255e+00  2.918e+01  1.294e+03    23.7130    23.7114    -0.0015    18.7910    18.7897      3.963      4.000      0.291    1453.87    1453.88  0.000e+00
        630      4.500     4.4128     4.4490     0.0361    2.31914    2.32615          1     7.1036     7.1537      10.00     0.0221  1.938e+00  2.495e+01  1.287e+03    23.7881    23.8408     0.0526    18.8488    18.8876      4.459      4.500      0.222    1454.07    1454.29  0.000e+00
        676      5.000     4.4787     4.5163     0.0376    2.34046    2.35023          1     7.0612     7.1207       9.99     0.0229  1.424e+00  1.859e+01  1.306e+03    23.9798    24.0619     0.0822    18.9953    19.0574      4.954      5.000      0.308    1454.60    1454.87  0.000e+00
        720      5.500     4.4986     4.5246     0.0260    2.34764    2.35536          1     7.0120     7.0991       9.99     0.0225  1.364e+00  1.794e+01  1.315e+03    24.0457    24.1134     0.0677    19.0459    19.0974      5.449      5.499      0.226    1454.78    1454.97  0.000e+00
        774      6.000     4.5840     4.6644     0.0806    2.38528    2.40440          1     7.0250     7.0689       9.98     0.0225  1.106e+00  1.459e+01  1.319e+03    24.4050    24.5598     0.1548    19.3234    19.4391      5.945      5.999      0.262    1455.61    1456.14  0.000e+00
        820      6.500     4.6736     4.7131     0.0396    2.41974    2.43084          1     6.9649     7.0191       9.98     0.0224  9.694e-01  1.282e+01  1.322e+03    24.7247    24.8195     0.0948    19.5689    19.6406      6.440      6.499      0.232    1456.40    1456.69  0.000e+00
        879      7.000     4.7511     4.7720     0.0209    2.45902    2.46403          1     6.8962     6.9635       9.98     0.0233  8.089e-01  1.072e+01  1.325e+03    25.1063    25.1467     0.0403    19.8643    19.8944      6.935      6.998      0.209    1457.22    1457.36  0.000e+00
        926      7.500     4.7965     4.8348     0.0383    2.48361    2.49315          1     6.8641     6.9149       9.97     0.0235  7.116e-01  9.465e+00  1.330e+03    25.3471    25.4246     0.0775    20.0508    20.1087      7.431      7.497      0.291    1457.72    1457.98  0.000e+00
        971      8.000     4.8838     4.9364     0.0526    2.52841    2.54183          1     6.8478     6.8817       9.97     0.0239  6.183e-01  8.256e+00  1.335e+03    25.7813    25.8907     0.1094    20.3865    20.4682      7.926      7.997      0.236    1458.65    1459.01  0.000e+00
       1022      8.500     4.9504     4.9894     0.0389    2.55830    2.56847          1     6.7447     6.8263       9.97     0.0244  5.289e-01  7.079e+00  1.339e+03    26.0639    26.1472     0.0832    20.6040    20.6662      8.422      8.496      0.258    1459.30    1459.56  0.000e+00
       1066      9.000     4.9875     5.0283     0.0409    2.57102    2.57794          1     6.7158     6.8024       9.96     0.0246  4.488e-01  6.028e+00  1.343e+03    26.1770    26.2222     0.0452    20.6899    20.7219      8.917      8.995      0.271    1459.60    1459.83  0.000e+00
       1114      9.500     5.1182     5.2028     0.0845    2.62874    2.65259          1     6.6965     6.7386       9.96     0.0244  4.068e-01  5.468e+00  1.344e+03    26.7182    26.9169     0.1986    21.1055    21.2544      9.412      9.493      0.225    1460.84    1461.44  0.000e+00
       1169     10.000     5.1972     5.2229     0.0257    2.66196    2.66671          1     6.5777     6.6723       9.96     0.0243  3.484e-01  4.685e+00  1.345e+03    27.0257    27.0579     0.0322    21.3410    21.3639      9.908      9.992      0.232    1461.57    1461.71  0.000e+00
       1221     10.500     5.2922     5.3440     0.0518    2.70676    2.71794          1     6.5619     6.6390       9.96     0.0250  3.100e-01  4.147e+00  1.338e+03    27.4481    27.5304     0.0823    21.6653    21.7252     10.403     10.491      0.223    1462.50    1462.82  0.000e+00
       1274     11.000     5.3922     5.4066     0.0144    2.75069    2.75084          1     6.5012     6.5822       9.96     0.0244  2.662e-01  3.589e+00  1.348e+03    27.8556    27.8453    -0.0103    21.9773    21.9677     10.898     10.989      0.241    1463.44    1463.48  0.000e+00
       1320     11.500     5.4274     5.4463     0.0190    2.76357    2.76580          1     6.4630     6.5607       9.96     0.0248  2.302e-01  3.099e+00  1.346e+03    27.9697    27.9789     0.0092    22.0638    22.0691     11.394     11.487      0.266    1463.73    1463.82  0.000e+00
       1367     12.000     5.4753     5.5397     0.0644    2.78108    2.79265          1     6.4272     6.5487       9.96     0.0245  2.011e-01  2.711e+00  1.349e+03    28.1246    28.1992     0.0747    22.1811    22.2333     11.889     11.986      0.240    1464.13    1464.49  0.000e+00
       1417     12.500     5.6025     5.6780     0.0755    2.82016    2.83531          1     6.3614     6.4972       9.95     0.0252  1.744e-01  2.365e+00  1.356e+03    28.4523    28.5567     0.1044    22.4266    22.5009     12.385     12.484      0.251    1465.08    1465.52  0.000e+00
       1464     13.000     5.6700     5.7462     0.0762    2.85486    2.88310          1     6.3623     6.4529       9.95     0.0247  1.526e-01  2.066e+00  1.354e+03    28.7804    29.0288     0.2484    22.6784    22.8662     12.880     12.982      0.257    1465.77    1466.40  0.000e+00
       1512     13.500     5.7124     5.7870     0.0743    2.88698    2.91891          1     6.3067     6.4170       9.95     0.0249  1.337e-01  1.806e+00  1.351e+03    29.1009    29.3910     0.2901    22.9269    23.1476     13.375     13.480      0.233    1466.36    1467.03  0.000e+00
       1568     14.000     5.8027     5.8217     0.0191    2.93681    2.94182          1     6.2740     6.3725       9.95     0.0255  1.179e-01  1.593e+00  1.351e+03    29.5761    29.6151     0.0390    23.2920    23.3206     13.871     13.977      0.233    1467.33    1467.46  0.000e+00
       1612     14.500     5.8568     5.8750     0.0183    2.97941    2.98239          1     6.2486     6.3581       9.95     0.0256  1.004e-01  1.360e+00  1.355e+03    30.0018    30.0186     0.0168    23.6220    23.6332     14.366     14.475      0.291    1468.10    1468.19  0.000e+00
       1658     15.000     5.9208     5.9457     0.0247    3.01029    3.01292          1     6.2053     6.3209       9.95     0.0261  8.825e-02  1.196e+00  1.356e+03    30.2877    30.2947     0.0069    23.8403    23.8429     14.861     14.973      0.235    1468.72    1468.83  0.000e+00
       1710     15.500     6.0038     6.0280     0.0243    3.02929    3.02938          1     6.1791     6.3045       9.95     0.0268  7.741e-02  1.051e+00  1.358e+03    30.4241    30.4033    -0.0208    23.9383    23.9191     15.357     15.470      0.243    1469.24    1469.31  0.000e+00
       1757     16.000     6.1104     6.1581     0.0477    3.04804    3.05125          1     6.1632     6.2796       9.95     0.0269  6.638e-02  9.053e-01  1.364e+03    30.5359    30.5285    -0.0074    24.0140    24.0025     15.852     15.967      0.256    1469.81    1470.00  0.000e+00
       1806     16.500     6.1659     6.1956     0.0297    3.05770    3.06133          1     6.1663     6.2445       9.95     0.0261  5.679e-02  7.751e-01  1.365e+03    30.5926    30.6059     0.0134    24.0521    24.0591     16.348     16.465      0.222    1470.12    1470.25  0.000e+00
       1862     17.000     6.1765     6.2177     0.0412    3.06752    3.07492          1     6.1026     6.2394       9.95     0.0260  4.967e-02  6.796e-01  1.368e+03    30.6914    30.7360     0.0446    24.1288    24.1590     16.843     16.962      0.246    1470.29    1470.51  0.000e+00
       1905     17.500     6.2221     6.2338     0.0116    3.08737    3.08875          1     6.1177     6.2387       9.95     0.0264  4.247e-02  5.828e-01  1.372e+03    30.8693    30.8740     0.0047    24.2637    24.2660     17.338     17.459      0.267    1470.71    1470.76  0.000e+00
       1956     18.000     6.2397     6.2522     0.0124    3.09709    3.09952          1     6.1035     6.2258       9.95     0.0268  3.687e-02  5.073e-01  1.376e+03    30.9606    30.9761     0.0155    24.3336    24.3443     17.834     17.956      0.231    1470.90    1470.97  0.000e+00
       2001     18.500     6.2667     6.2751     0.0083    3.11128    3.11251          1     6.1142     6.2078       9.95     0.0269  3.168e-02  4.368e-01  1.379e+03    31.0927    31.0986     0.0059    24.4344    24.4381     18.329     18.453      0.308    1471.18    1471.22  0.000e+00
       2042     19.000     6.2258     6.2051    -0.0206    3.12199    3.12280          1     6.1306     6.2207       9.95     0.0272  2.622e-02  3.624e-01  1.382e+03    31.2484    31.2764     0.0280    24.5623    24.5869     18.824     18.951      0.247    1471.22    1471.17  0.000e+00
       2101     19.500     6.1803     6.1680    -0.0122    3.12529    3.12568          1     6.1067     6.2295       9.95     0.0277  2.247e-02  3.108e-01  1.383e+03    31.3267    31.3423     0.0156    24.6295    24.6433     19.320     19.448      0.219    1471.15    1471.12  0.000e+00
       2148     20.000     6.1251     6.0898    -0.0354    3.13021    3.13059          1     6.1249     6.2449       9.95     0.0274  1.836e-02  2.541e-01  1.384e+03    31.4320    31.4690     0.0370    24.7192    24.7527     19.815     19.945      0.289    1471.07    1470.97  0.000e+00
       2193     20.500     6.0098     5.8403    -0.1695    3.12894    3.12553          1     6.2067     6.2816       9.95     0.0280  1.468e-02  2.033e-01  1.385e+03    31.5247    31.6449     0.1202    24.8063    24.9213     20.310     20.442      0.234    1470.73    1470.20  0.000e+00
       2250     21.000     5.7835     5.5102    -0.2733    3.11818    3.10772          1     6.2344     6.3147       9.95     0.0287  1.205e-02  1.670e-01  1.386e+03    31.6155    31.7550     0.1395    24.9047    25.0467     20.806     20.938      0.234    1469.95    1469.02  0.000e+00
       2292     21.500     5.4576     5.2201    -0.2374    3.09999    3.09534          1     6.2697     6.3817       9.95     0.0298  9.103e-03  1.264e-01  1.388e+03    31.7170    31.8897     0.1727    25.0226    25.1860     21.301     21.435      0.310    1468.77    1468.02  0.000e+00
       2334     22.000     5.3070     5.1883    -0.1187    3.09741    3.10191          1     6.2953     6.4206       9.95     0.0292  6.217e-03  8.617e-02  1.386e+03    31.8303    31.9948     0.1645    25.1292    25.2727     21.796     21.932      0.251    1468.31    1468.03  0.000e+00
       2388     22.500     5.2671     5.1893    -0.0778    3.10065    3.11012          1     6.3163     6.4272       9.95     0.0294  3.970e-03  5.511e-02  1.388e+03    31.9047    32.0872     0.1824    25.1926    25.3457     22.292     22.429      0.229    1468.25    1468.16  0.000e+00
       2435     23.000     5.2713     5.2645    -0.0067    3.10851    3.13127          1     6.3240     6.4213       9.95     0.0301  1.762e-03  2.443e-02  1.386e+03    31.9901    32.2559     0.2658    25.2597    25.4708     22.787     22.926      0.259    1468.38    1468.69  0.000e+00
       2489     23.500     5.2717     5.3064     0.0347    3.12160    3.14097          1     6.3203     6.4198       9.95     0.0294  1.087e-04  1.506e-03  1.385e+03    32.1386    32.3258     0.1872    25.3772    25.5214     23.282     23.422      0.212    1468.58    1468.96  0.000e+00
       2538     24.000     5.2903     5.2985     0.0082    3.13078    3.14304          1     6.2507     6.4067       9.95     0.0293  8.907e-09  1.234e-07  1.385e+03    32.2250    32.3568     0.1318    25.4434    25.5468     23.778     23.919      0.288    1468.77    1468.97  0.000e+00
       2581     24.500     5.2969     5.2829    -0.0140    3.13862    3.14286          1     6.2718     6.4042       9.95     0.0293  7.221e-14  1.000e-12  1.385e+03    32.3076    32.3695     0.0619    25.5081    25.5587     24.273     24.416      0.242    1468.91    1468.93  0.000e+00
       2635     25.000     5.2901     5.2939     0.0038    3.14165    3.14660          1     6.3164     6.3964       9.95     0.0300  7.223e-14  1.000e-12  1.384e+03    32.3485    32.4012     0.0527    25.5412    25.5825     24.769     24.912      0.247    1468.95    1469.03  0.000e+00
       2676     25.500     5.2992     5.3264     0.0273    3.14600    3.15356          1     6.2985     6.3966       9.95     0.0297  7.220e-14  1.000e-12  1.385e+03    32.3891    32.4488     0.0597    25.5723    25.6165     25.264     25.409      0.301    1469.04    1469.23  0.000e+00
       2722     26.000     5.3216     5.3616     0.0400    3.15217    3.16144          1     6.3002     6.3984       9.95     0.0305  7.223e-14  1.000e-12  1.384e+03    32.4374    32.5042     0.0668    25.6080    25.6564     25.759     25.905      0.221    1469.20    1469.45  0.000e+00
       2780     26.500     5.3478     5.3571     0.0093    3.15988    3.16775          1     6.2766     6.3880       9.95     0.0305  7.227e-14  1.000e-12  1.384e+03    32.4995    32.5802     0.0807    25.6542    25.7170     26.255     26.402      0.240    1469.40    1469.54  0.000e+00
       2825     27.000     5.3568     5.3586     0.0018    3.16605    3.17246          1     6.2678     6.3872       9.95     0.0296  7.231e-14  1.000e-12  1.383e+03    32.5609    32.6321     0.0712    25.7018    25.7579     26.750     26.898      0.261    1469.52    1469.62  0.000e+00
       2875     27.500     5.3534     5.3178    -0.0356    3.17116    3.17267          1     6.2713     6.3841       9.95     0.0304  7.234e-14  1.000e-12  1.382e+03    32.6221    32.6740     0.0520    25.7505    25.7957     27.245     27.395      0.232    1469.59    1469.51  0.000e+00
       2923     28.000     5.3273     5.3025    -0.0248    3.17203    3.17314          1     6.2762     6.4020       9.95     0.0310  7.233e-14  1.000e-12  1.382e+03    32.6572    32.6941     0.0369    25.7814    25.8134     27.741     27.891      0.270    1469.54    1469.48  0.000e+00
       2967     28.500     5.3145     5.3288     0.0143    3.17335    3.17714          1     6.2940     6.4079       9.95     0.0306  7.234e-14  1.000e-12  1.382e+03    32.6845    32.7137     0.0292    25.8044    25.8259     28.236     28.388      0.258    1469.53    1469.62  0.000e+00
       3017     29.000     5.3222     5.3536     0.0314    3.17611    3.18174          1     6.2781     6.3997       9.95     0.0306  7.241e-14  1.000e-12  1.381e+03    32.7082    32.7416     0.0334    25.8223    25.8451     28.731     28.884      0.240    1469.60    1469.77  0.000e+00
       3066     29.500     5.3521     5.4232     0.0711    3.18192    3.19312          1     6.2756     6.3858       9.95     0.0305  7.252e-14  1.000e-12  1.379e+03    32.7449    32.8030     0.0580    25.8479    25.8856     29.227     29.381      0.244    1469.77    1470.14  0.000e+00
