ctdpy/exports/archive_20191120_135557/received_data/SBE09_1044_20180126_1936_34_02_0016.cnv
* Sea-Bird SBE 9 Data File:
* FileName = C:\ctd\temp\2018\ME18D016.hex
* Software Version Seasave V 7.26.6.26
* Temperature SN = 5351
* Conductivity SN = 3941
* Number of Bytes Per Scan = 41
* Number of Voltage Words = 4
* Number of Scans Averaged by the Deck Unit = 1
* NMEA Latitude = 55 22.99 N
* NMEA Longitude = 015 20.01 E
* NMEA UTC (Time) = Jan 26 2018  19:36:38
* NMEA baud rate = 4800
** Station:  BY4
** Operator:  SSip
** Ship: MERI
** Average sound velocity: 1445.50 m/s
** True-depth calculation Fri, 26 Jan 2018 20:47:40 +0000
** CTD Python Module SMHI /ver 3-12/ feb 2012 
** LIMS Job: 20183402-0016
** Cruise: SMHI-01-2018
** Latitude [GG MM.mm N] :
** Longitude [GG MM.mm E]:
# nquan = 26
# nvalues = 173                         
# units = specified
# name 0 = scan: Scan Count
# name 1 = prDM: Pressure, Digiquartz [db]
# name 2 = t090C: Temperature [ITS-90, deg C]
# name 3 = t190C: Temperature, 2 [ITS-90, deg C]
# name 4 = T2-T190C: Temperature Difference, 2 - 1 [ITS-90, deg C]
# name 5 = c0S/m: Conductivity [S/m]
# name 6 = c1S/m: Conductivity, 2 [S/m]
# name 7 = pumps: Pump Status
# name 8 = sbeox0ML/L: Oxygen, SBE 43 [ml/l]
# name 9 = sbeox1ML/L: Oxygen, SBE 43, 2 [ml/l]
# name 10 = altM: Altimeter [m]
# name 11 = flECO-AFL: Chl-a Fluorescence, WET Labs ECO-AFL/FL [mg/m^3]
# name 12 = flECO-AFL1: Phycocyanin Fluorescence, WET Labs ECO-AFL/FL, 2 [mg/m^3]
# name 13 = par: PAR/Irradiance, Biospherical/Lico [µE/(cm^2*s)]
# name 14 = turbWETntu0: Turbidity, WET Labs ECO [NTU]
# name 15 = sal00: Salinity, Practical [PSU]
# name 16 = sal11: Salinity, Practical, 2 [PSU]
# name 17 = secS-priS: Salinity, Practical, Difference, 2 - 1 [PSU]
# name 18 = sigma-t00: Density [sigma-t, Kg/m^3 ]
# name 19 = sigma-t11: Density, 2 [sigma-t, Kg/m^3 ]
# name 20 = depSM: Depth [salt water, m], lat = 55.3832
# name 21 = depFM: Depth [true depth, m], lat = 55.3832
# name 22 = dz/dtM: Descent Rate [m/s], WS = 2
# name 23 = svCM: Sound Velocity [Chen-Millero, m/s]
# name 24 = svCM1: Sound Velocity, 2 [Chen-Millero, m/s]
# name 25 = flag: flag
# span 0 =       7372,      15944       
# span 1 =      1.000,     87.000       
# span 2 =     4.6423,     9.6757       
# span 3 =     4.6431,     9.6735       
# span 4 =    -0.0092,     0.0087       
# span 5 =   0.798872,   1.840313       
# span 6 =   0.798839,   1.840063       
# span 7 =          1,          1       
# span 8 =   -0.01826,    8.06807       
# span 9 =    0.02566,    8.02871       
# span 10 =       3.24,      98.74      
# span 11 =     0.2119,     0.7424      
# span 12 =     0.2293,     0.4232      
# span 13 = -1.834e-04, 2.8281e-02      
# span 14 =     0.1246,     1.0422      
# span 15 =     7.4451,    17.1718      
# span 16 =     7.4447,    17.1684      
# span 17 =    -0.0091,     0.0176      
# span 18 =     5.8996,    13.4253      
# span 19 =     5.8992,    13.4225      
# span 20 =      0.991,     86.195      
# span 21 =      1.013,     87.892      
# span 22 =     -0.065,      0.608      
# span 23 =    1434.20,    1463.66      
# span 24 =    1434.20,    1463.65      
# span 25 = 0.0000e+00, 0.0000e+00      
# interval = decibars: 0.5              
# start_time = Jan 26 2018 19:36:39 [NMEA time, first data scan]
# bad_flag = -9.990e-29
*END*
[from data line 56]
       8847     29.000     4.6944     4.6954     0.0010    0.80211    0.80210          1     8.0284     7.9980      98.20     0.6365     0.3196  1.000e-12  0.1622000     7.4623     7.4620    -0.0003     5.9114     5.9111     28.736     29.364      0.561    1434.89    1434.89  0.000e+00
       8868     29.500     4.6949     4.6960     0.0011    0.80215    0.80216          1     8.0374     7.9912      98.66     0.6871     0.3443  1.000e-12  0.1670000     7.4625     7.4623    -0.0002     5.9115     5.9114     29.231     29.870      0.578    1434.90    1434.90  0.000e+00
       8889     30.000     4.6956     4.6963     0.0007    0.80222    0.80220          1     8.0295     7.9831      98.66     0.6420     0.3480  1.000e-12  0.1502000     7.4630     7.4626    -0.0004     5.9120     5.9116     29.726     30.377      0.559    1434.91    1434.91  0.000e+00
       8911     30.500     4.6957     4.6964     0.0007    0.80224    0.80221          1     8.0216     7.9786      74.67     0.6483     0.3369  1.000e-12  0.1541000     7.4630     7.4626    -0.0004     5.9120     5.9116     30.222     30.883      0.515    1434.92    1434.92  0.000e+00
       8935     31.000     4.6957     4.6963     0.0006    0.80224    0.80222          1     8.0268     7.9940      80.97     0.6426     0.3581  1.000e-12  0.1515000     7.4630     7.4626    -0.0004     5.9120     5.9116     30.717     31.389      0.489    1434.93    1434.93  0.000e+00
       8960     31.500     4.6956     4.6963     0.0006    0.80225    0.80221          1     8.0214     8.0031      60.59     0.6306     0.3468  1.000e-12  0.1486000     7.4630     7.4625    -0.0005     5.9120     5.9116     31.213     31.896      0.510    1434.93    1434.94  0.000e+00
       8982     32.000     4.6955     4.6961     0.0006    0.80224    0.80222          1     8.0115     7.9966      60.34     0.6201     0.3595  1.000e-12  0.1524000     7.4629     7.4625    -0.0004     5.9119     5.9115     31.708     32.402      0.551    1434.94    1434.94  0.000e+00
       9003     32.500     4.6956     4.6963     0.0007    0.80225    0.80222          1     8.0204     7.9913      76.53     0.6297     0.3464  1.000e-12  0.1521000     7.4629     7.4625    -0.0004     5.9119     5.9115     32.203     32.908      0.572    1434.95    1434.95  0.000e+00
       9024     33.000     4.6953     4.6963     0.0009    0.80227    0.80224          1     8.0266     7.9802      98.48     0.6613     0.3172  1.000e-12  0.1457000     7.4631     7.4626    -0.0005     5.9120     5.9116     32.699     33.414      0.560    1434.96    1434.96  0.000e+00
       9046     33.500     4.6955     4.6961     0.0006    0.80229    0.80225          1     8.0218     7.9698      78.86     0.6510     0.3135  1.000e-12  0.1675000     7.4632     7.4627    -0.0006     5.9121     5.9117     33.194     33.921      0.531    1434.97    1434.97  0.000e+00
       9070     34.000     4.6951     4.6957     0.0007    0.80230    0.80226          1     8.0148     7.9611      57.96     0.6510     0.3324  1.000e-12  0.1439000     7.4633     7.4628    -0.0005     5.9122     5.9118     33.690     34.427      0.508    1434.97    1434.97  0.000e+00
       9093     34.500     4.6946     4.6955     0.0009    0.80229    0.80227          1     8.0123     7.9518      57.61     0.6404     0.3254  1.000e-12  0.1594000     7.4633     7.4628    -0.0005     5.9122     5.9118     34.185     34.933      0.512    1434.98    1434.98  0.000e+00
       9117     35.000     4.6951     4.6957     0.0006    0.80232    0.80228          1     8.0160     7.9683      56.94     0.6488     0.3056  1.000e-12  0.1556000     7.4634     7.4629    -0.0005     5.9123     5.9118     34.680     35.439      0.524    1434.99    1434.99  0.000e+00
       9139     35.500     4.6951     4.6957     0.0006    0.80233    0.80231          1     8.0127     7.9655      56.36     0.6510     0.3635  1.000e-12  0.1636000     7.4634     7.4630    -0.0004     5.9123     5.9120     35.176     35.946      0.534    1434.99    1435.00  0.000e+00
       9162     36.000     4.6952     4.6957     0.0005    0.80236    0.80232          1     7.9999     7.9659      55.92     0.6438     0.3332  1.000e-12  0.1584000     7.4636     7.4632    -0.0005     5.9124     5.9121     35.671     36.452      0.543    1435.00    1435.01  0.000e+00
       9183     36.500     4.6944     4.6949     0.0005    0.80237    0.80233          1     7.9895     7.9546      80.37     0.6438     0.2895  1.000e-12  0.1568000     7.4639     7.4634    -0.0005     5.9127     5.9123     36.167     36.958      0.550    1435.01    1435.01  0.000e+00
       9205     37.000     4.6884     4.6885     0.0001    0.80235    0.80231          1     7.9781     7.9564      75.10     0.6509     0.2954  1.000e-12  0.1648000     7.4650     7.4646    -0.0004     5.9137     5.9134     36.662     37.465      0.548    1434.99    1434.99  0.000e+00
       9227     37.500     4.6859     4.6862     0.0003    0.80242    0.80240          1     7.9572     7.9210      88.90     0.6499     0.3274  1.000e-12  0.1613000     7.4662     7.4659    -0.0003     5.9148     5.9146     37.157     37.971      0.530    1434.99    1434.99  0.000e+00
       9251     38.000     4.6828     4.6837     0.0009    0.80261    0.80260          1     7.9239     7.9073      53.95     0.6383     0.3556  1.000e-12  0.1669000     7.4687     7.4684    -0.0003     5.9169     5.9166     37.653     38.477      0.512    1434.99    1434.99  0.000e+00
       9274     38.500     4.6804     4.6812     0.0008    0.80287    0.80287          1     7.8989     7.8990      53.63     0.6020     0.4003  1.000e-12  0.1364000     7.4718     7.4716    -0.0002     5.9194     5.9193     38.148     38.983      0.515    1434.99    1434.99  0.000e+00
       9297     39.000     4.6876     4.6869    -0.0007    0.80378    0.80366          1     7.8731     7.8838      74.94     0.6022     0.3295  1.000e-12  0.1536000     7.4792     7.4782    -0.0010     5.9250     5.9243     38.644     39.490      0.532    1435.04    1435.03  0.000e+00
       9319     39.500     4.6989     4.6998     0.0009    0.80469    0.80468          1     7.8627     7.8557      57.19     0.6209     0.3163  1.000e-12  0.1654000     7.4856     7.4854    -0.0002     5.9297     5.9295     39.139     39.996      0.544    1435.10    1435.11  0.000e+00
       9341     40.000     4.7028     4.7049     0.0020    0.80498    0.80503          1     7.8660     7.8392      96.74     0.6112     0.3613  1.000e-12  0.1623000     7.4876     7.4877     0.0001     5.9311     5.9312     39.634     40.502      0.541    1435.13    1435.14  0.000e+00
       9364     40.500     4.7117     4.7064    -0.0052    0.80566    0.80516          1     7.8702     7.8599      63.88     0.5970     0.3411  1.000e-12  0.1616000     7.4923     7.4885    -0.0038     5.9346     5.9318     40.130     41.008      0.521    1435.18    1435.16  0.000e+00
       9387     41.000     4.7175     4.7186     0.0010    0.80688    0.80678          1     7.8436     7.8365      51.01     0.5900     0.3151  1.000e-12  0.1615000     7.5031     7.5019    -0.0012     5.9429     5.9419     40.625     41.515      0.510    1435.23    1435.24  0.000e+00
       9411     41.500     4.7333     4.7338     0.0005    0.80862    0.80861          1     7.8033     7.8119      69.69     0.6006     0.3194  1.000e-12  0.1591000     7.5168     7.5166    -0.0002     5.9532     5.9531     41.120     42.021      0.537    1435.33    1435.33  0.000e+00
       9432     42.000     4.7485     4.7492     0.0008    0.81040    0.81049          1     7.7394     7.7577      92.96     0.6244     0.3323  1.000e-12  0.1557000     7.5311     7.5318     0.0007     5.9640     5.9646     41.616     42.527      0.570    1435.42    1435.42  0.000e+00
       9453     42.500     4.7841     4.7845     0.0004    0.81526    0.81532          1     7.6010     7.6467      49.63     0.5903     0.3162  1.000e-12  0.1621000     7.5714     7.5720     0.0006     5.9947     5.9951     42.111     43.033      0.575    1435.64    1435.64  0.000e+00
       9474     43.000     4.8221     4.8211    -0.0010    0.82093    0.82082          1     7.4358     7.4710      48.98     0.6107     0.2905  1.000e-12  0.1606000     7.6193     7.6184    -0.0009     6.0312     6.0305     42.607     43.540      0.567    1435.87    1435.87  0.000e+00
       9495     43.500     4.8266     4.8241    -0.0025    0.82238    0.82233          1     7.2856     7.3495      86.77     0.5986     0.3232  1.000e-12  0.1717000     7.6327     7.6327     0.0000     6.0416     6.0417     43.102     44.046      0.561    1435.92    1435.91  0.000e+00
       9517     44.000     4.8269     4.8269    -0.0001    0.82365    0.82370          1     7.1722     7.2506      98.72     0.5787     0.3384  1.000e-12  0.1756000     7.6451     7.6457     0.0005     6.0515     6.0519     43.597     44.552      0.556    1435.94    1435.94  0.000e+00
       9538     44.500     4.8203     4.8201    -0.0002    0.82684    0.82693          1     6.9447     7.0618      55.99     0.5617     0.3231  1.000e-12  0.1649000     7.6785     7.6794     0.0009     6.0781     6.0789     44.093     45.058      0.546    1435.97    1435.97  0.000e+00
       9561     45.000     4.8546     4.8587     0.0041    0.84098    0.84227          1     6.1983     6.4840      47.03     0.5429     0.3462  1.000e-12  0.1462000     7.8115     7.8234     0.0119     6.1821     6.1914     44.588     45.565      0.531    1436.29    1436.33  0.000e+00
       9584     45.500     5.0303     5.0303    -0.0001    0.87921    0.88097          1     4.7737     5.3168      46.33     0.4900     0.3491  1.000e-12  0.1291000     8.1508     8.1685     0.0176     6.4436     6.4576     45.083     46.071      0.533    1437.51    1437.53  0.000e+00
       9606     46.000     5.1422     5.1414    -0.0008    0.92537    0.92636          1     3.1209     3.9306      45.77     0.4072     0.3215  1.000e-12  0.1411000     8.5834     8.5935     0.0100     6.7808     6.7888     45.579     46.577      0.553    1438.55    1438.57  0.000e+00
       9627     46.500     5.3470     5.3446    -0.0024    0.97010    0.97057          1     1.8591     2.8074      79.24     0.3277     0.3062  1.000e-12  0.1273000     8.9757     8.9811     0.0054     7.0812     7.0855     46.074     47.082      0.554    1439.95    1439.95  0.000e+00
       9649     47.000     5.7473     5.7484     0.0010    1.01180    1.01291          1     1.3652     2.2390      76.00     0.3116     0.2747  1.000e-12  0.1334000     9.2809     9.2916     0.0107     7.3010     7.3094     46.569     47.588      0.531    1442.07    1442.09  0.000e+00
       9672     47.500     6.0124     6.0117    -0.0005    1.03960    1.03999          1     1.3984     2.1168      44.06     0.3021     0.2490  1.000e-12  0.1554000     9.4817     9.4857     0.0040     7.4441     7.4472     47.065     48.093      0.514    1443.47    1443.47  0.000e+00
       9696     48.000     6.1499     6.1463    -0.0035    1.05636    1.05643          1     1.6022     2.1142      43.28     0.3038     0.2742  1.000e-12  0.1610000     9.6077     9.6093     0.0016     7.5349     7.5364     47.560     48.599      0.522    1444.22    1444.21  0.000e+00
       9718     48.500     6.2362     6.2327    -0.0035    1.07002    1.07017          1     1.6802     2.0542      74.22     0.3101     0.3174  1.000e-12  0.1601000     9.7170     9.7194     0.0024     7.6154     7.6176     48.056     49.104      0.540    1444.73    1444.72  0.000e+00
       9740     49.000     6.0803     6.0820     0.0017    1.07509    1.07498          1     1.3046     1.7035      41.81     0.3085     0.3183  1.000e-12  0.1675000     9.8116     9.8100    -0.0016     7.6996     7.6983     48.551     49.610      0.558    1444.20    1444.21  0.000e+00
       9761     49.500     6.1909     6.1908    -0.0001    1.09371    1.09454          1     1.2106     1.5895      74.28     0.3091     0.2695  1.000e-12  0.1686000     9.9622     9.9702     0.0081     7.8112     7.8175     49.046     50.115      0.549    1444.87    1444.88  0.000e+00
       9784     50.000     6.7882     6.7790    -0.0092    1.13878    1.13960          1     1.8430     2.0434      41.25     0.2969     0.2987  1.000e-12  0.1660000    10.2258    10.2365     0.0107     7.9777     7.9868     49.542     50.620      0.517    1447.72    1447.69  0.000e+00
       9808     50.500     7.0247     7.0213    -0.0034    1.16875    1.16918          1     2.1423     2.2411      40.85     0.2769     0.3073  1.000e-12  0.1669000    10.4450    10.4502     0.0051     8.1323     8.1366     50.037     51.126      0.502    1448.99    1448.98  0.000e+00
       9832     51.000     7.0720     7.0696    -0.0024    1.18594    1.18613          1     2.0048     2.0933      40.41     0.2858     0.2785  1.000e-12  0.1662000    10.5964    10.5990     0.0026     8.2474     8.2496     50.532     51.631      0.523    1449.38    1449.37  0.000e+00
       9854     51.500     7.2408     7.2388    -0.0020    1.20726    1.20773          1     2.1001     2.1475      39.86     0.2892     0.2479  1.000e-12  0.1671000    10.7498    10.7549     0.0051     8.3544     8.3585     51.028     52.136      0.549    1450.28    1450.28  0.000e+00
       9875     52.000     7.4274     7.4229    -0.0044    1.22908    1.22940          1     2.2633     2.2771      39.31     0.2886     0.2710  1.000e-12  0.1663000    10.9012    10.9056     0.0045     8.4577     8.4616     51.523     52.641      0.550    1451.24    1451.23  0.000e+00
       9898     52.500     7.5392     7.5386    -0.0006    1.24959    1.25008          1     2.2944     2.3119      38.91     0.2953     0.2623  1.000e-12  0.1644000    11.0623    11.0672     0.0049     8.5745     8.5784     52.018     53.146      0.534    1451.91    1451.91  0.000e+00
       9920     53.000     7.8117     7.8079    -0.0040    1.27744    1.27778          1     2.3582     2.3687      38.32     0.2980     0.2967  1.000e-12  0.1632000    11.2410    11.2455     0.0046     8.6907     8.6946     52.514     53.651      0.525    1453.25    1453.24  0.000e+00
       9943     53.500     8.0740     8.0705    -0.0036    1.30159    1.30205          1     2.6735     2.6316      37.95     0.2750     0.2870  1.000e-12  0.1704000    11.3855    11.3910     0.0055     8.7798     8.7844     53.009     54.156      0.530    1454.50    1454.49  0.000e+00
       9966     54.000     8.4006     8.3969    -0.0036    1.33212    1.33277          1     3.0842     2.9885      37.41     0.2635     0.3137  1.000e-12  0.1841000    11.5671    11.5744     0.0073     8.8905     8.8966     53.504     54.660      0.535    1456.04    1456.04  0.000e+00
       9988     54.500     8.7090     8.7057    -0.0032    1.36226    1.36256          1     3.3597     3.2316      36.82     0.2752     0.3246  1.000e-12  0.1553000    11.7480    11.7519     0.0039     9.0010     9.0044     54.000     55.165      0.534    1457.50    1457.49  0.000e+00
      10011     55.000     8.9144     8.9110    -0.0035    1.38205    1.38247          1     3.3582     3.2447      36.31     0.2513     0.3206  1.000e-12  0.1492000    11.8642    11.8693     0.0050     9.0704     9.0747     54.495     55.670      0.531    1458.47    1458.46  0.000e+00
      10033     55.500     8.9948     8.9919    -0.0029    1.39522    1.39544          1     3.2223     3.1624      35.88     0.2491     0.3278  1.000e-12  0.1305000    11.9597    11.9628     0.0031     9.1363     9.1390     54.991     56.175      0.527    1458.91    1458.90  0.000e+00
      10056     56.000     9.0961     9.0938    -0.0024    1.41417    1.41459          1     3.2190     3.1829      35.21     0.2561     0.3146  1.000e-12  0.1356000    12.1014    12.1060     0.0047     9.2358     9.2397     55.486     56.679      0.525    1459.49    1459.48  0.000e+00
