ctdpy/exports/archive_20191120_135557/received_data/SBE09_0827_20180827_0618_26_01_0909.cnv
* Sea-Bird SBE 9 Data File:
* FileName = D:\CTD_SBE911\DAT\26DA.2018.8.109.hex
* Software Version Seasave V 7.21d
* Temperature SN = 034605
* Conductivity SN = 041844
* Number of Bytes Per Scan = 48
* Number of Voltage Words = 5
* Number of Scans Averaged by the Deck Unit = 1
* NMEA Latitude = 56 26.73 N
* NMEA Longitude = 011 05.19 E
* NMEA UTC (Time) = Aug 27 2018  06:21:17
* NMEA baud rate = 4800
** Ship: DANA
** Average sound velocity: 1503.49 m/s
** True-depth calculation Thu, 28 Mar 2019 09:53:05 +0000
** CTD Python Module SMHI /ver 3-12/ feb 2012 
** LIMS Job: 20182601-0909
**  6 E GREN
** Operator: Christian
** Cruise: 08/2018
# nquan = 26
# nvalues = 30                          
# units = specified
# name 0 = scan: Scan Count
# name 1 = prDM: Pressure, Digiquartz [db]
# name 2 = t090C: Temperature [ITS-90, deg C]
# name 3 = t190C: Temperature, 2 [ITS-90, deg C]
# name 4 = T2-T190C: Temperature Difference, 2 - 1 [ITS-90, deg C]
# name 5 = c0S/m: Conductivity [S/m]
# name 6 = c1S/m: Conductivity, 2 [S/m]
# name 7 = pumps: Pump Status
# name 8 = sbeox1ML/L: Oxygen, SBE 43, 2 [ml/l]
# name 9 = sbeox0ML/L: Oxygen, SBE 43 [ml/l]
# name 10 = altM: Altimeter [m]
# name 11 = chloroflTC0: Chlorophyll, Turner Cyclops [ug/l]
# name 12 = cpar: CPAR/Corrected Irradiance [%]
# name 13 = par: PAR/Irradiance, Biospherical/Lico [µE/(cm^2*s)]
# name 14 = spar: SPAR, Biospherical/Licor
# name 15 = sal00: Salinity, Practical [PSU]
# name 16 = sal11: Salinity, Practical, 2 [PSU]
# name 17 = secS-priS: Salinity, Practical, Difference, 2 - 1 [PSU]
# name 18 = sigma-t00: Density [sigma-t, kg/m^3 ]
# name 19 = sigma-t11: Density, 2 [sigma-t, kg/m^3 ]
# name 20 = depSM: Depth [salt water, m], lat = 56.4455
# name 21 = depFM: Depth [true depth, m], lat = 56.4455
# name 22 = dz/dtM: Descent Rate [m/s], WS = 2
# name 23 = svCM: Sound Velocity [Chen-Millero, m/s]
# name 24 = svCM1: Sound Velocity, 2 [Chen-Millero, m/s]
# name 25 = flag: flag
# span 0 =       -164,       1862       
# span 1 =      2.500,     17.000       
# span 2 =    15.7536,    18.5522       
# span 3 =    15.7455,    18.5554       
# span 4 =    -0.1909,     0.0879       
# span 5 =   3.067376,   3.848315       
# span 6 =   3.067634,   3.851288       
# span 7 =          1,          1       
# span 8 =     5.0971,     5.9586       
# span 9 =     4.9218,     5.6815       
# span 10 =       1.35,       9.98      
# span 11 =     0.0995,     0.2315      
# span 12 = 4.1289e-01, 6.4256e+00      
# span 13 = 1.0397e+00, 1.6181e+01      
# span 14 = 2.5182e+02, 2.5182e+02      
# span 15 =    22.0747,    30.3956      
# span 16 =    22.0760,    30.4200      
# span 17 =    -0.1209,     0.7297      
# span 18 =    15.2786,    22.2633      
# span 19 =    15.2796,    22.2838      
# span 20 =      2.477,     16.844      
# span 21 =      2.508,     17.035      
# span 22 =     -0.290,      0.578      
# span 23 =    1502.83,    1507.46      
# span 24 =    1502.82,    1507.92      
# span 25 = 0.0000e+00, 0.0000e+00      
# interval = decibars: 0.5              
# start_time = Aug 27 2018 06:21:18 [NMEA time, first data scan]
# bad_flag = -9.990e-29
*END*
       -164      2.500    18.5427    18.5337    -0.0090    3.06740    3.06763          1     5.8522     5.6805       9.98     0.1095  6.426e+00  1.618e+01  2.518e+02    22.0758    22.0824     0.0066    15.2794    15.2864      2.477      2.508     -0.290    1502.83    1502.82  0.000e+00
        211      3.000    18.5371    18.5401     0.0030    3.06739    3.06771          1     5.8539     5.6693       9.98     0.1047  6.421e+00  1.617e+01  2.518e+02    22.0786    22.0795     0.0009    15.2828    15.2828      2.973      3.010      0.353    1502.83    1502.84  0.000e+00
        263      3.500    18.5379    18.5382     0.0003    3.06738    3.06770          1     5.8759     5.6815       9.98     0.1056  5.710e+00  1.438e+01  2.518e+02    22.0779    22.0803     0.0024    15.2821    15.2838      3.468      3.511      0.432    1502.84    1502.85  0.000e+00
        359      4.000    18.5380    18.5371    -0.0009    3.06740    3.06768          1     5.8853     5.6694       9.98     0.0995  5.207e+00  1.311e+01  2.518e+02    22.0779    22.0806     0.0027    15.2820    15.2843      3.963      4.013      0.347    1502.85    1502.85  0.000e+00
        412      4.500    18.5391    18.5377    -0.0014    3.06742    3.06770          1     5.8529     5.6797       9.98     0.1101  4.630e+00  1.166e+01  2.518e+02    22.0774    22.0803     0.0029    15.2814    15.2839      4.459      4.514      0.245    1502.86    1502.86  0.000e+00
        479      5.000    18.5418    18.5398    -0.0020    3.06749    3.06774          1     5.8724     5.6782       9.98     0.1115  4.302e+00  1.083e+01  2.518e+02    22.0763    22.0794     0.0031    15.2800    15.2828      4.954      5.016      0.317    1502.88    1502.87  0.000e+00
        506      5.500    18.5417    18.5416    -0.0001    3.06749    3.06779          1     5.9009     5.6782       9.98     0.1045  3.830e+00  9.646e+00  2.518e+02    22.0763    22.0787     0.0025    15.2800    15.2818      5.450      5.518      0.578    1502.89    1502.89  0.000e+00
        525      6.000    18.5417    18.5411    -0.0006    3.06750    3.06780          1     5.9360     5.6687       9.98     0.1045  3.513e+00  8.846e+00  2.518e+02    22.0763    22.0790     0.0027    15.2799    15.2822      5.945      6.019      0.571    1502.89    1502.89  0.000e+00
        551      6.500    18.5418    18.5413    -0.0005    3.06746    3.06778          1     5.9586     5.6684       9.98     0.1059  3.085e+00  7.769e+00  2.518e+02    22.0758    22.0786     0.0028    15.2795    15.2818      6.441      6.521      0.331    1502.90    1502.90  0.000e+00
        620      7.000    18.5413    18.5409    -0.0004    3.06747    3.06774          1     5.8596     5.6593       9.98     0.1102  2.858e+00  7.197e+00  2.518e+02    22.0760    22.0784     0.0024    15.2798    15.2817      6.936      7.022      0.293    1502.91    1502.91  0.000e+00
        651      7.500    18.5411    18.5410    -0.0002    3.06750    3.06780          1     5.8901     5.6727       9.98     0.1092  2.526e+00  6.362e+00  2.518e+02    22.0762    22.0786     0.0024    15.2800    15.2819      7.431      7.524      0.395    1502.92    1502.92  0.000e+00
        738      8.000    18.5418    18.5424     0.0006    3.06751    3.06782          1     5.8923     5.6627       9.64     0.1067  2.389e+00  6.015e+00  2.518e+02    22.0757    22.0779     0.0022    15.2795    15.2811      7.927      8.026      0.343    1502.93    1502.93  0.000e+00
        777      8.500    18.5421    18.5422     0.0001    3.06743    3.06776          1     5.9167     5.6657       9.22     0.1046  2.093e+00  5.270e+00  2.518e+02    22.0748    22.0774     0.0026    15.2788    15.2807      8.422      8.527      0.470    1502.94    1502.94  0.000e+00
        820      9.000    18.5423    18.5429     0.0006    3.06744    3.06780          1     5.8855     5.6714       8.72     0.1064  1.870e+00  4.710e+00  2.518e+02    22.0747    22.0773     0.0025    15.2786    15.2804      8.918      9.029      0.263    1502.94    1502.95  0.000e+00
        872      9.500    18.5417    18.5422     0.0005    3.06751    3.06784          1     5.9010     5.6791       8.11     0.1080  1.754e+00  4.416e+00  2.518e+02    22.0755    22.0778     0.0023    15.2793    15.2810      9.413      9.530      0.411    1502.95    1502.96  0.000e+00
        895     10.000    18.5420    18.5411    -0.0008    3.06779    3.06795          1     5.9172     5.6736       7.76     0.1033  1.639e+00  4.128e+00  2.518e+02    22.0774    22.0791     0.0017    15.2807    15.2822      9.908     10.032      0.488    1502.96    1502.96  0.000e+00
        924     10.500    18.5416    18.5412    -0.0004    3.06771    3.06792          1     5.9210     5.6753       7.30     0.1092  1.452e+00  3.658e+00  2.518e+02    22.0768    22.0788     0.0020    15.2804    15.2820     10.404     10.534      0.327    1502.97    1502.97  0.000e+00
        981     11.000    18.5417    18.5428     0.0011    3.06759    3.06779          1     5.9206     5.6730       6.68     0.1041  1.348e+00  3.395e+00  2.518e+02    22.0757    22.0768     0.0011    15.2795    15.2801     10.899     11.035      0.209    1502.98    1502.98  0.000e+00
       1031     11.500    18.5425    18.5422    -0.0003    3.06756    3.06767          1     5.9204     5.6708       6.25     0.1013  1.258e+00  3.169e+00  2.518e+02    22.0749    22.0760     0.0011    15.2787    15.2796     11.395     11.537      0.277    1502.99    1502.99  0.000e+00
       1087     12.000    18.5434    18.5459     0.0026    3.06790    3.06988          1     5.9512     5.6637       5.77     0.1030  1.087e+00  2.737e+00  2.518e+02    22.0770    22.0914     0.0144    15.2801    15.2905     11.890     12.039      0.214    1503.00    1503.02  0.000e+00
       1153     12.500    18.5478    18.5554     0.0075    3.07128    3.07678          1     5.9165     5.6613       5.16     0.1067  9.472e-01  2.385e+00  2.518e+02    22.1014    22.1409     0.0396    15.2976    15.3260     12.385     12.540      0.347    1503.05    1503.12  0.000e+00
       1182     13.000    18.5522    18.5521    -0.0001    3.07595    3.08443          1     5.8412     5.5882       4.82     0.1091  8.926e-01  2.248e+00  2.518e+02    22.1359    22.2033     0.0674    15.3229    15.3742     12.881     13.042      0.355    1503.11    1503.19  0.000e+00
       1227     13.500    18.5455    18.5288    -0.0166    3.13622    3.18948          1     5.8235     5.4673       4.38     0.1061  8.072e-01  2.033e+00  2.518e+02    22.6203    23.0553     0.4350    15.6931    16.0280     13.376     13.543      0.230    1503.64    1504.08  0.000e+00
       1273     14.000    18.3690    18.2463    -0.1226    3.60217    3.68171          1     5.7373     5.1640       3.69     0.1620  7.820e-01  1.969e+00  2.518e+02    26.4749    27.2046     0.7297    18.6694    19.2545     13.872     14.044      0.342    1507.46    1507.92  0.000e+00
       1304     14.500    17.7355    17.5434    -0.1909    3.73225    3.77502          1     5.5838     5.0061       3.39     0.2004  7.288e-01  1.835e+00  2.518e+02    27.9690    28.4577     0.4887    19.9578    20.3757     14.367     14.543      0.347    1507.27    1507.24  0.000e+00
       1354     15.000    16.5759    16.6659     0.0879    3.82325    3.81655          1     5.3321     4.9218       2.98     0.2315  6.545e-01  1.648e+00  2.518e+02    29.5586    29.4377    -0.1209    21.4388    21.3259     14.862     15.042      0.171    1505.55    1505.69  0.000e+00
       1426     15.500    15.9337    15.8991    -0.0345    3.84195    3.84939          1     5.2015     4.9694       2.36     0.1887  6.029e-01  1.518e+00  2.518e+02    30.2026    30.2942     0.0916    22.0756    22.1535     15.358     15.541      0.227    1504.31    1504.30  0.000e+00
       1662     16.000    15.7819    15.7577    -0.0243    3.84733    3.85129          1     5.0971     4.9564       1.91     0.1553  5.281e-01  1.330e+00  2.518e+02    30.3655    30.4188     0.0533    22.2340    22.2803     15.853     16.039      0.137    1504.03    1504.01  0.000e+00
       1819     16.500    15.7727    15.7502    -0.0225    3.84810    3.85017          1     5.1091     4.9504       1.35     0.1571  4.821e-01  1.214e+00  2.518e+02    30.3792    30.4147     0.0355    22.2465    22.2787     16.349     16.537      0.328    1504.02    1503.99  0.000e+00
       1862     17.000    15.7536    15.7455    -0.0081    3.84831    3.85038          1     5.1097     4.9379       3.40     0.1618  4.129e-01  1.040e+00  2.518e+02    30.3956    30.4200     0.0244    22.2633    22.2838     16.844     17.035     -0.061    1503.99    1503.99  0.000e+00
