ctdpy/exports/archive_20191120_135557/received_data/SBE09_1044_20180203_1909_34_02_0054.cnv
* Sea-Bird SBE 9 Data File:
* FileName = C:\ctd\temp\2018\ME18D054.hex
* Software Version Seasave V 7.26.6.26
* Temperature SN = 5351
* Conductivity SN = 3941
* Number of Bytes Per Scan = 41
* Number of Voltage Words = 4
* Number of Scans Averaged by the Deck Unit = 1
* NMEA Latitude = 58 18.92 N
* NMEA Longitude = 010 56.51 E
* NMEA UTC (Time) = Feb 03 2018  19:09:35
* NMEA baud rate = 4800
** Station:  A14
** Operator:  SSip
** Ship: MERI
** Average sound velocity: 1474.13 m/s
** True-depth calculation Sat, 03 Feb 2018 21:29:02 +0000
** CTD Python Module SMHI /ver 3-12/ feb 2012 
** LIMS Job: 20183402-0054
** Cruise: SMHI-01-2018
** Latitude [GG MM.mm N] :
** Longitude [GG MM.mm E]:
# nquan = 26
# nvalues = 209                         
# units = specified
# name 0 = scan: Scan Count
# name 1 = prDM: Pressure, Digiquartz [db]
# name 2 = t090C: Temperature [ITS-90, deg C]
# name 3 = t190C: Temperature, 2 [ITS-90, deg C]
# name 4 = T2-T190C: Temperature Difference, 2 - 1 [ITS-90, deg C]
# name 5 = c0S/m: Conductivity [S/m]
# name 6 = c1S/m: Conductivity, 2 [S/m]
# name 7 = pumps: Pump Status
# name 8 = sbeox0ML/L: Oxygen, SBE 43 [ml/l]
# name 9 = sbeox1ML/L: Oxygen, SBE 43, 2 [ml/l]
# name 10 = altM: Altimeter [m]
# name 11 = flECO-AFL: Chl-a Fluorescence, WET Labs ECO-AFL/FL [mg/m^3]
# name 12 = flECO-AFL1: Phycocyanin Fluorescence, WET Labs ECO-AFL/FL, 2 [mg/m^3]
# name 13 = par: PAR/Irradiance, Biospherical/Lico [µE/(cm^2*s)]
# name 14 = turbWETntu0: Turbidity, WET Labs ECO [NTU]
# name 15 = sal00: Salinity, Practical [PSU]
# name 16 = sal11: Salinity, Practical, 2 [PSU]
# name 17 = secS-priS: Salinity, Practical, Difference, 2 - 1 [PSU]
# name 18 = sigma-t00: Density [sigma-t, Kg/m^3 ]
# name 19 = sigma-t11: Density, 2 [sigma-t, Kg/m^3 ]
# name 20 = depSM: Depth [salt water, m], lat = 58.3153
# name 21 = depFM: Depth [true depth, m], lat = 58.3153
# name 22 = dz/dtM: Descent Rate [m/s], WS = 2
# name 23 = svCM: Sound Velocity [Chen-Millero, m/s]
# name 24 = svCM1: Sound Velocity, 2 [Chen-Millero, m/s]
# name 25 = flag: flag
# span 0 =       8891,      14640       
# span 1 =      3.000,    107.000       
# span 2 =     3.6207,     6.8741       
# span 3 =     3.6215,     6.8727       
# span 4 =    -0.0706,     0.0245       
# span 5 =   2.693975,   3.489061       
# span 6 =   2.694099,   3.489096       
# span 7 =          1,          1       
# span 8 =    6.26096,    7.24660       
# span 9 =    6.28820,    7.24184       
# span 10 =       2.46,      98.88      
# span 11 =     0.2108,     0.8536      
# span 12 =     0.3044,     0.4721      
# span 13 = -6.641e-05, 5.5481e-02      
# span 14 =     0.5171,     1.9657      
# span 15 =    28.7271,    34.6651      
# span 16 =    28.7279,    34.6670      
# span 17 =    -0.0506,     0.0687      
# span 18 =    22.8322,    27.1842      
# span 19 =    22.8329,    27.1855      
# span 20 =      2.972,    105.978      
# span 21 =      2.987,    106.179      
# span 22 =     -0.334,      1.447      
# span 23 =    1456.99,    1479.39      
# span 24 =    1457.00,    1479.38      
# span 25 = 0.0000e+00, 0.0000e+00      
# interval = decibars: 0.5              
# start_time = Feb 03 2018 19:09:35 [NMEA time, first data scan]
# bad_flag = -9.990e-29
*END*
[from data line 56]
      10484     31.000     5.9125     5.9125     0.0001    3.34276    3.34285          1     6.5841     6.6025      80.94     0.3806     0.3492  1.000e-12  1.2451000    34.0129    34.0138     0.0010    26.7836    26.7843     30.710     30.803      0.865    1473.66    1473.66  0.000e+00
      10496     31.500     5.9136     5.9133    -0.0003    3.34300    3.34298          1     6.5865     6.6022      80.72     0.3976     0.3507  1.000e-12  1.3887000    34.0141    34.0143     0.0001    26.7844    26.7846     31.205     31.299      1.037    1473.67    1473.67  0.000e+00
      10506     32.000     5.9190     5.9207     0.0017    3.34404    3.34450          1     6.5902     6.5843      80.32     0.3995     0.3815  1.000e-12  1.3919000    34.0201    34.0238     0.0036    26.7885    26.7912     31.700     31.795      1.111    1473.71    1473.72  0.000e+00
      10517     32.500     5.9189     5.9206     0.0016    3.34411    3.34448          1     6.5976     6.5906      79.88     0.3883     0.3965  1.000e-12  1.4281000    34.0209    34.0233     0.0024    26.7891    26.7908     32.196     32.291      1.082    1473.72    1473.73  0.000e+00
      10528     33.000     5.9297     5.9281    -0.0016    3.34606    3.34590          1     6.6010     6.5849      79.45     0.3852     0.3707  1.000e-12  1.4332000    34.0318    34.0316    -0.0002    26.7964    26.7964     32.691     32.787      0.913    1473.78    1473.77  0.000e+00
      10558     33.500     5.9293     5.9288    -0.0005    3.34607    3.34614          1     6.5960     6.5935      78.84     0.3726     0.3405  1.000e-12  1.4391000    34.0321    34.0333     0.0012    26.7967    26.7977     33.186     33.283      0.574    1473.79    1473.79  0.000e+00
      10651     34.000     5.9260     5.9254    -0.0006    3.34554    3.34557          1     6.5891     6.5725      78.20     0.3874     0.3829  1.000e-12  1.2111000    34.0292    34.0301     0.0009    26.7948    26.7956     33.681     33.779      1.224    1473.78    1473.78  0.000e+00
      10659     34.500     5.9253     5.9250    -0.0003    3.34577    3.34572          1     6.5913     6.5762      77.83     0.3870     0.3696  1.000e-12  1.2146000    34.0321    34.0319    -0.0002    26.7972    26.7971     34.177     34.275      1.384    1473.79    1473.79  0.000e+00
      10667     35.000     5.9235     5.9222    -0.0013    3.34627    3.34620          1     6.5967     6.5847      77.47     0.3666     0.3662  1.000e-12  1.3452000    34.0394    34.0398     0.0004    26.8032    26.8037     34.672     34.771      1.447    1473.80    1473.79  0.000e+00
      10675     35.500     5.8943     5.8935    -0.0008    3.34414    3.34427          1     6.6023     6.6025      77.03     0.3571     0.3609  1.000e-12  1.4146000    34.0445    34.0468     0.0023    26.8108    26.8128     35.167     35.267      1.418    1473.70    1473.70  0.000e+00
      10683     36.000     5.8670     5.8667    -0.0003    3.34249    3.34254          1     6.6074     6.5980      76.75     0.3535     0.3593  1.000e-12  1.4155000    34.0530    34.0539     0.0009    26.8210    26.8217     35.662     35.763      1.285    1473.61    1473.61  0.000e+00
      10693     36.500     5.8668     5.8665    -0.0003    3.34264    3.34273          1     6.6075     6.6059      76.13     0.3509     0.3321  1.000e-12  1.5624000    34.0548    34.0561     0.0013    26.8224    26.8234     36.158     36.259      0.988    1473.62    1473.62  0.000e+00
      10737     37.000     5.8722     5.8757     0.0036    3.34310    3.34337          1     6.6089     6.6208      75.30     0.3697     0.3456  1.000e-12  1.5350000    34.0543    34.0537    -0.0005    26.8213    26.8205     36.653     36.755      0.653    1473.65    1473.66  0.000e+00
      10821     37.500     5.8834     5.8880     0.0046    3.34357    3.34378          1     6.6125     6.6183      85.61     0.3729     0.3952  1.000e-12  1.3349000    34.0480    34.0457    -0.0023    26.8149    26.8126     37.148     37.251      1.361    1473.69    1473.71  0.000e+00
      10829     38.000     5.8854     5.8867     0.0015    3.34372    3.34394          1     6.6071     6.6122      98.01     0.3631     0.3975  1.000e-12  1.3783000    34.0474    34.0486     0.0012    26.8142    26.8150     37.643     37.747      1.428    1473.71    1473.72  0.000e+00
      10837     38.500     5.8745     5.8776     0.0029    3.34385    3.34404          1     6.5987     6.6010      79.27     0.3669     0.3944  1.000e-12  1.3822000    34.0596    34.0587    -0.0009    26.8253    26.8242     38.139     38.243      1.411    1473.69    1473.70  0.000e+00
      10845     39.000     5.8813     5.8829     0.0016    3.34547    3.34579          1     6.5950     6.6108      73.07     0.3611     0.3576  1.000e-12  1.6333000    34.0708    34.0728     0.0020    26.8333    26.8346     38.634     38.738      1.299    1473.74    1473.74  0.000e+00
      10855     39.500     5.9097     5.9108     0.0012    3.34969    3.34991          1     6.5924     6.6009      72.65     0.3536     0.3475  1.000e-12  1.8127000    34.0896    34.0909     0.0013    26.8446    26.8455     39.129     39.234      1.044    1473.88    1473.89  0.000e+00
      10892     40.000     5.9189     5.9186    -0.0003    3.35074    3.35080          1     6.5943     6.6138      72.19     0.3654     0.3449  1.000e-12  1.6472000    34.0920    34.0928     0.0008    26.8453    26.8460     39.624     39.730      0.656    1473.93    1473.93  0.000e+00
      10986     40.500     5.9156     5.9109    -0.0044    3.35024    3.34923          1     6.6092     6.6081      71.75     0.3746     0.3657  1.000e-12  1.3080000    34.0892    34.0826    -0.0066    26.8435    26.8389     40.120     40.226      1.249    1473.92    1473.90  0.000e+00
      10992     41.000     5.9254     5.9287     0.0030    3.35263    3.35349          1     6.6104     6.6056      71.34     0.3729     0.3614  1.000e-12  1.3211000    34.1062    34.1126     0.0065    26.8557    26.8604     40.615     40.722      1.310    1473.99    1474.01  0.000e+00
      11001     41.500     5.9502     5.9497    -0.0007    3.35742    3.35739          1     6.5971     6.5979      70.89     0.3676     0.3780  1.000e-12  1.5026000    34.1350    34.1352     0.0002    26.8754    26.8756     41.110     41.218      1.289    1474.13    1474.13  0.000e+00
      11010     42.000     5.9805     5.9809     0.0004    3.36140    3.36160          1     6.5895     6.5812      70.40     0.3666     0.3898  1.000e-12  1.5402000    34.1490    34.1509     0.0019    26.8827    26.8841     41.605     41.714      1.157    1474.28    1474.28  0.000e+00
      11021     42.500     6.0074     6.0055    -0.0018    3.36485    3.36448          1     6.5774     6.5767      69.81     0.3585     0.3847  1.000e-12  1.5799000    34.1605    34.1582    -0.0023    26.8883    26.8868     42.101     42.210      0.869    1474.41    1474.40  0.000e+00
      11078     43.000     5.9968     5.9941    -0.0028    3.36248    3.36233          1     6.5690     6.5694      69.06     0.3735     0.3594  1.000e-12  1.4900000    34.1443    34.1453     0.0010    26.8769    26.8780     42.596     42.706      0.518    1474.35    1474.35  0.000e+00
      11143     43.500     6.0049     5.9955    -0.0095    3.36402    3.36256          1     6.5700     6.5653      68.48     0.4047     0.3458  1.000e-12  1.2864000    34.1531    34.1462    -0.0070    26.8828    26.8785     43.091     43.202      0.861    1474.41    1474.36  0.000e+00
      11154     44.000     6.0321     6.0296    -0.0028    3.36775    3.36748          1     6.5640     6.5636      68.17     0.3907     0.3446  1.000e-12  1.4014000    34.1675    34.1670    -0.0005    26.8907    26.8907     43.586     43.698      0.939    1474.54    1474.53  0.000e+00
      11166     44.500     6.0406     6.0387    -0.0019    3.36879    3.36863          1     6.5597     6.5522      67.70     0.3875     0.3353  1.000e-12  1.4415000    34.1704    34.1705     0.0001    26.8920    26.8923     44.082     44.194      0.930    1474.59    1474.58  0.000e+00
      11180     45.000     6.0454     6.0450    -0.0004    3.36935    3.36943          1     6.5537     6.5580      67.16     0.3465     0.3471  1.000e-12  1.5789000    34.1716    34.1729     0.0013    26.8923    26.8933     44.577     44.690      0.832    1474.62    1474.62  0.000e+00
      11196     45.500     6.0501     6.0495    -0.0006    3.36994    3.36997          1     6.5415     6.5545      66.54     0.3408     0.3781  1.000e-12  1.6274000    34.1732    34.1742     0.0010    26.8930    26.8938     45.072     45.186      0.594    1474.64    1474.64  0.000e+00
      11262     46.000     6.0339     6.0303    -0.0037    3.36774    3.36723          1     6.5519     6.5635      65.72     0.3732     0.3927  1.000e-12  1.3942000    34.1646    34.1624    -0.0022    26.8882    26.8869     45.567     45.682      0.335    1474.58    1474.56  0.000e+00
      11301     46.500     6.0531     6.0521    -0.0010    3.37040    3.37035          1     6.5467     6.5518      65.38     0.3710     0.3442  1.000e-12  1.3198000    34.1749    34.1753     0.0004    26.8939    26.8944     46.063     46.178      0.709    1474.67    1474.67  0.000e+00
      11315     47.000     6.0569     6.0567    -0.0002    3.37106    3.37116          1     6.5389     6.5564      65.09     0.3905     0.3701  1.000e-12  1.4619000    34.1782    34.1796     0.0014    26.8961    26.8972     46.558     46.674      0.819    1474.70    1474.70  0.000e+00
      11329     47.500     6.0517     6.0514    -0.0003    3.37064    3.37072          1     6.5338     6.5558      64.63     0.3857     0.3919  1.000e-12  1.5366000    34.1785    34.1797     0.0012    26.8970    26.8979     47.053     47.169      0.763    1474.69    1474.69  0.000e+00
      11348     48.000     6.0514     6.0518     0.0003    3.37065    3.37078          1     6.5290     6.5537      64.02     0.3813     0.3829  1.000e-12  1.6090000    34.1786    34.1798     0.0012    26.8970    26.8980     47.548     47.665      0.521    1474.70    1474.70  0.000e+00
      11388     48.500     6.0511     6.0518     0.0007    3.37058    3.37081          1     6.5500     6.5623      63.24     0.4007     0.3794  1.000e-12  1.5550000    34.1780    34.1797     0.0018    26.8966    26.8979     48.044     48.161      0.259    1474.70    1474.71  0.000e+00
      11425     49.000     6.0516     6.0507    -0.0009    3.37069    3.37073          1     6.5620     6.5509      62.77     0.4393     0.3751  1.000e-12  1.6495000    34.1784    34.1798     0.0013    26.8969    26.8981     48.539     48.657      0.521    1474.71    1474.71  0.000e+00
      11443     49.500     6.0492     6.0490    -0.0002    3.37056    3.37066          1     6.5578     6.5549      62.44     0.3860     0.3682  1.000e-12  1.6908000    34.1791    34.1805     0.0014    26.8977    26.8989     49.034     49.153      0.644    1474.71    1474.71  0.000e+00
      11462     50.000     6.0496     6.0514     0.0018    3.37067    3.37097          1     6.5572     6.5651      62.04     0.3706     0.3514  1.000e-12  1.6405000    34.1797    34.1813     0.0016    26.8982    26.8992     49.529     49.649      0.589    1474.72    1474.73  0.000e+00
      11491     50.500     6.0497     6.0505     0.0007    3.37075    3.37092          1     6.5575     6.5555      61.44     0.3718     0.3703  1.000e-12  1.5832000    34.1802    34.1814     0.0012    26.8985    26.8994     50.025     50.145      0.320    1474.73    1474.74  0.000e+00
      11548     51.000     6.0544     6.0532    -0.0011    3.37126    3.37123          1     6.5313     6.5658      60.68     0.3783     0.3180  1.000e-12  1.3434000    34.1810    34.1818     0.0008    26.8986    26.8994     50.520     50.641      0.452    1474.76    1474.76  0.000e+00
      11564     51.500     6.0579     6.0596     0.0016    3.37166    3.37195          1     6.5290     6.5569      60.39     0.3605     0.3329  1.000e-12  1.5961000    34.1816    34.1833     0.0017    26.8986    26.8997     51.015     51.137      0.730    1474.78    1474.79  0.000e+00
      11579     52.000     6.0441     6.0479     0.0037    3.37035    3.37085          1     6.5343     6.5634      60.03     0.3524     0.3121  1.000e-12  1.6590000    34.1806    34.1825     0.0019    26.8996    26.9006     51.510     51.633      0.794    1474.74    1474.75  0.000e+00
      11594     52.500     6.0401     6.0394    -0.0007    3.37007    3.37012          1     6.5348     6.5631      59.62     0.3321     0.3049  1.000e-12  1.6524000    34.1813    34.1826     0.0013    26.9006    26.9017     52.006     52.129      0.718    1474.73    1474.73  0.000e+00
      11616     53.000     6.0304     6.0303    -0.0002    3.36915    3.36930          1     6.5481     6.5486      58.99     0.3549     0.3560  1.000e-12  1.6549000    34.1804    34.1823     0.0018    26.9012    26.9026     52.501     52.625      0.432    1474.70    1474.70  0.000e+00
      11664     53.500     6.0284     6.0265    -0.0020    3.36893    3.36895          1     6.5773     6.5478      58.23     0.4093     0.3820  1.000e-12  1.5146000    34.1797    34.1818     0.0021    26.9009    26.9028     52.996     53.121      0.231    1474.70    1474.69  0.000e+00
      11704     54.000     6.0289     6.0284    -0.0005    3.36929    3.36933          1     6.5494     6.5583      57.74     0.4360     0.3632  1.000e-12  1.7294000    34.1830    34.1840     0.0010    26.9034    26.9042     53.491     53.617      0.432    1474.71    1474.71  0.000e+00
      11727     54.500     6.0461     6.0465     0.0004    3.37145    3.37166          1     6.5407     6.5547      57.37     0.3890     0.3617  1.000e-12  1.6377000    34.1897    34.1917     0.0020    26.9065    26.9080     53.986     54.112      0.601    1474.80    1474.80  0.000e+00
      11745     55.000     6.0617     6.0614    -0.0002    3.37348    3.37357          1     6.5547     6.5709      56.96     0.3665     0.3473  1.000e-12  1.5752000    34.1966    34.1979     0.0013    26.9100    26.9110     54.482     54.608      0.686    1474.87    1474.88  0.000e+00
      11762     55.500     6.0753     6.0731    -0.0021    3.37517    3.37505          1     6.5650     6.5788      56.52     0.3609     0.3706  1.000e-12  1.5768000    34.2016    34.2025     0.0008    26.9123    26.9132     54.977     55.104      0.698    1474.94    1474.94  0.000e+00
      11779     56.000     6.0844     6.0855     0.0010    3.37635    3.37653          1     6.5567     6.5535      56.00     0.3537     0.3806  1.000e-12  1.5849000    34.2054    34.2064     0.0010    26.9141    26.9147     55.472     55.600      0.608    1474.99    1475.00  0.000e+00
      11806     56.500     6.0993     6.0996     0.0003    3.37808    3.37821          1     6.5338     6.5404      55.36     0.3478     0.3974  1.000e-12  1.5814000    34.2096    34.2108     0.0013    26.9155    26.9164     55.967     56.096      0.337    1475.06    1475.07  0.000e+00
      11883     57.000     6.0715     6.0744     0.0029    3.37481    3.37530          1     6.5536     6.5553      54.71     0.3829     0.3306  1.000e-12  1.2770000    34.2006    34.2032     0.0026    26.9119    26.9136     56.463     56.592      0.412    1474.95    1474.97  0.000e+00
      11899     57.500     6.1043     6.1038    -0.0005    3.37871    3.37878          1     6.5471     6.5403      54.44     0.3858     0.3321  1.000e-12  1.5875000    34.2112    34.2125     0.0013    26.9161    26.9172     56.958     57.088      0.733    1475.10    1475.10  0.000e+00
      11914     58.000     6.1039     6.1036    -0.0002    3.37872    3.37877          1     6.5402     6.5417      54.11     0.3797     0.3525  1.000e-12  1.6065000    34.2114    34.2123     0.0009    26.9163    26.9170     57.453     57.584      0.824    1475.11    1475.11  0.000e+00
