ctdpy/exports/archive_20191120_135557/received_data/SBE09_0745_20181210_1823_34_01_0179.cnv
* Sea-Bird SBE 9 Data File:
* FileName = C:\ctd\temp\ar18d179.hex
* Software Version Seasave V 7.26.7.107
* Temperature SN = 4387
* Conductivity SN = 2994
* Number of Bytes Per Scan = 41
* Number of Voltage Words = 4
* Number of Scans Averaged by the Deck Unit = 1
* NMEA Latitude = 58 56.03 N
* NMEA Longitude = 019 09.27 E
* NMEA UTC (Time) = Dec 10 2018  18:23:12
* NMEA baud rate = 4800
** Station:  Huvudskar Ost
** Operator:  OBac
** Ship: ARANDA
** Average sound velocity: 1439.61 m/s
** True-depth calculation Mon, 10 Dec 2018 18:58:17 +0000
** CTD Python Module SMHI /ver 3-12/ feb 2012 
** LIMS Job: 20183401-0179
** Cruise: SMHI-7-2018
** Latitude [GG MM.mm N]:
** Longitude [GG MM.mm E]:
# nquan = 26
# nvalues = 165                         
# units = specified
# name 0 = scan: Scan Count
# name 1 = prDM: Pressure, Digiquartz [db]
# name 2 = t090C: Temperature [ITS-90, deg C]
# name 3 = t190C: Temperature, 2 [ITS-90, deg C]
# name 4 = T2-T190C: Temperature Difference, 2 - 1 [ITS-90, deg C]
# name 5 = c0S/m: Conductivity [S/m]
# name 6 = c1S/m: Conductivity, 2 [S/m]
# name 7 = pumps: Pump Status
# name 8 = sbeox0ML/L: Oxygen, SBE 43 [ml/l]
# name 9 = sbeox1ML/L: Oxygen, SBE 43, 2 [ml/l]
# name 10 = altM: Altimeter [m]
# name 11 = flECO-AFL: Chl-a Fluorescence, WET Labs ECO-AFL/FL [mg/m^3]
# name 12 = flECO-AFL1: Phycocyanin Fluorescence, WET Labs ECO-AFL/FL, 2 [mg/m^3]
# name 13 = par: PAR/Irradiance, Biospherical/Lico [µE/(cm^2*s)]
# name 14 = turbWETntu0: Turbidity, WET Labs ECO [NTU]
# name 15 = sal00: Salinity, Practical [PSU]
# name 16 = sal11: Salinity, Practical, 2 [PSU]
# name 17 = secS-priS: Salinity, Practical, Difference, 2 - 1 [PSU]
# name 18 = sigma-t00: Density [sigma-t, Kg/m^3 ]
# name 19 = sigma-t11: Density, 2 [sigma-t, Kg/m^3 ]
# name 20 = depSM: Depth [salt water, m], lat = 58.9338
# name 21 = depFM: Depth [true depth, m], lat = 58.9338
# name 22 = dz/dtM: Descent Rate [m/s], WS = 2
# name 23 = svCM: Sound Velocity [Chen-Millero, m/s]
# name 24 = svCM1: Sound Velocity, 2 [Chen-Millero, m/s]
# name 25 = flag: flag
# span 0 =      11590,      15566       
# span 1 =      1.500,     83.500       
# span 2 =     4.1734,     6.9764       
# span 3 =     4.1738,     6.9059       
# span 4 =    -0.0703,     0.0100       
# span 5 =   0.785478,   1.044305       
# span 6 =   0.785530,   1.044453       
# span 7 =          1,          1       
# span 8 =    0.68016,    7.92589       
# span 9 =    0.71016,    7.89008       
# span 10 =       4.01,      88.78      
# span 11 =     0.2580,     0.3677      
# span 12 =     0.1553,     0.3161      
# span 13 = -2.998e-04, 7.2519e-02      
# span 14 =     0.1269,     0.3492      
# span 15 =     6.8879,     9.7433      
# span 16 =     6.8889,     9.7446      
# span 17 =    -0.0023,     0.0024      
# span 18 =     5.3468,     7.6929      
# span 19 =     5.3500,     7.6939      
# span 20 =      1.486,     82.703      
# span 21 =      1.520,     84.545      
# span 22 =      0.026,      0.716      
# span 23 =    1433.42,    1443.58      
# span 24 =    1433.43,    1443.28      
# span 25 = 0.0000e+00, 0.0000e+00      
# interval = decibars: 0.5              
# start_time = Dec 10 2018 18:23:12 [NMEA time, first data scan]
# bad_flag = -9.990e-29
*END*
[from data line 56]
      12921     29.500     6.5246     6.5252     0.0006    0.78645    0.78653          1     7.8713     7.8651      60.40     0.3348     0.2327  1.000e-12  0.1569000     6.9190     6.9197     0.0006     5.3953     5.3958     29.222     29.886      0.659    1442.14    1442.14  0.000e+00
      12939     30.000     6.5237     6.5241     0.0004    0.78651    0.78659          1     7.8720     7.8745      59.51     0.3117     0.2520  1.000e-12  0.1575000     6.9197     6.9204     0.0007     5.3959     5.3964     29.718     30.393      0.637    1442.14    1442.15  0.000e+00
      12960     30.500     6.5233     6.5236     0.0003    0.78655    0.78664          1     7.8688     7.8820      58.80     0.3180     0.3009  1.000e-12  0.1535000     6.9201     6.9209     0.0008     5.3963     5.3969     30.213     30.899      0.526    1442.15    1442.15  0.000e+00
      12986     31.000     6.5218     6.5220     0.0003    0.78659    0.78668          1     7.8665     7.8792      58.21     0.3221     0.2426  1.000e-12  0.1475000     6.9208     6.9216     0.0008     5.3969     5.3975     30.708     31.406      0.431    1442.15    1442.15  0.000e+00
      13013     31.500     6.5205     6.5205     0.0001    0.78664    0.78673          1     7.8648     7.8675      57.54     0.3320     0.2912  1.000e-12  0.1450000     6.9214     6.9223     0.0009     5.3974     5.3981     31.203     31.912      0.518    1442.16    1442.16  0.000e+00
      13034     32.000     6.5121     6.5132     0.0011    0.78674    0.78680          1     7.8663     7.8650      57.49     0.3280     0.2636  1.000e-12  0.1419000     6.9240     6.9244     0.0004     5.4000     5.4002     31.699     32.419      0.633    1442.13    1442.14  0.000e+00
      13052     32.500     6.5074     6.5073    -0.0001    0.78689    0.78699          1     7.8662     7.8642      56.81     0.3253     0.2537  1.000e-12  0.1407000     6.9263     6.9272     0.0009     5.4021     5.4028     32.194     32.926      0.649    1442.12    1442.12  0.000e+00
      13071     33.000     6.5047     6.5052     0.0005    0.78696    0.78704          1     7.8636     7.8624      56.71     0.3460     0.2450  1.000e-12  0.1633000     6.9275     6.9282     0.0007     5.4031     5.4037     32.689     33.432      0.560    1442.12    1442.12  0.000e+00
      13096     33.500     6.5046     6.5052     0.0007    0.78697    0.78706          1     7.8657     7.8625      56.00     0.3354     0.2413  1.000e-12  0.1472000     6.9276     6.9282     0.0007     5.4032     5.4037     33.184     33.939      0.465    1442.13    1442.13  0.000e+00
      13122     34.000     6.5029     6.5034     0.0005    0.78700    0.78708          1     7.8698     7.8618      55.55     0.3253     0.2573  1.000e-12  0.1513000     6.9281     6.9288     0.0006     5.4038     5.4043     33.680     34.445      0.508    1442.13    1442.13  0.000e+00
      13143     34.500     6.5010     6.5018     0.0009    0.78704    0.78712          1     7.8684     7.8684      55.28     0.3341     0.2655  1.000e-12  0.1572000     6.9288     6.9294     0.0007     5.4044     5.4049     34.175     34.952      0.571    1442.13    1442.13  0.000e+00
      13164     35.000     6.4901     6.4914     0.0013    0.78716    0.78724          1     7.8668     7.8678      54.97     0.3259     0.2290  1.000e-12  0.1576000     6.9321     6.9326     0.0005     5.4076     5.4079     34.670     35.458      0.563    1442.10    1442.10  0.000e+00
      13186     35.500     6.4690     6.4693     0.0003    0.78715    0.78723          1     7.8641     7.8610      54.53     0.3277     0.2479  1.000e-12  0.1550000     6.9363     6.9369     0.0007     5.4122     5.4127     35.165     35.965      0.533    1442.02    1442.02  0.000e+00
      13209     36.000     6.4411     6.4427     0.0016    0.78701    0.78709          1     7.8626     7.8536      54.01     0.3302     0.2811  1.000e-12  0.1582000     6.9405     6.9409     0.0005     5.4171     5.4174     35.661     36.471      0.544    1441.91    1441.92  0.000e+00
      13230     36.500     6.4316     6.4326     0.0010    0.78695    0.78702          1     7.8643     7.8532      53.54     0.3212     0.2549  1.000e-12  0.1673000     6.9418     6.9423     0.0005     5.4187     5.4191     36.156     36.978      0.573    1441.88    1441.89  0.000e+00
      13251     37.000     6.4216     6.4219     0.0003    0.78694    0.78700          1     7.8636     7.8611      53.06     0.3115     0.2150  1.000e-12  0.1518000     6.9437     6.9442     0.0005     5.4208     5.4212     36.651     37.484      0.557    1441.85    1441.85  0.000e+00
      13274     37.500     6.3932     6.3949     0.0017    0.78685    0.78694          1     7.8615     7.8549      52.42     0.3101     0.2419  1.000e-12  0.1458000     6.9486     6.9490     0.0005     5.4263     5.4266     37.146     37.991      0.503    1441.75    1441.75  0.000e+00
      13298     38.000     6.3608     6.3638     0.0030    0.78685    0.78694          1     7.8440     7.8398      51.84     0.3015     0.3046  1.000e-12  0.1569000     6.9551     6.9553     0.0002     5.4333     5.4333     37.642     38.497      0.503    1441.62    1441.64  0.000e+00
      13321     38.500     6.3201     6.3222     0.0021    0.78699    0.78705          1     7.8356     7.8355      51.27     0.3283     0.2294  1.000e-12  0.1576000     6.9647     6.9649     0.0002     5.4432     5.4432     38.137     39.004      0.566    1441.47    1441.48  0.000e+00
      13341     39.000     6.2877     6.2891     0.0014    0.78731    0.78738          1     7.8226     7.8237      50.85     0.3420     0.2185  1.000e-12  0.1683000     6.9742     6.9747     0.0004     5.4526     5.4528     38.632     39.510      0.601    1441.35    1441.36  0.000e+00
      13361     39.500     6.2840     6.2851     0.0012    0.78814    0.78816          1     7.7978     7.7886      50.26     0.3347     0.2649  1.000e-12  0.1717000     6.9829     6.9828    -0.0000     5.4596     5.4595     39.127     40.017      0.569    1441.36    1441.36  0.000e+00
      13384     40.000     6.2694     6.2709     0.0015    0.78923    0.78926          1     7.7447     7.7238      49.77     0.3134     0.3093  1.000e-12  0.1649000     6.9962     6.9961    -0.0001     5.4709     5.4708     39.622     40.523      0.510    1441.32    1441.32  0.000e+00
      13408     40.500     6.2589     6.2602     0.0013    0.79009    0.79014          1     7.6894     7.6626      49.20     0.3220     0.2670  1.000e-12  0.1671000     7.0065     7.0066     0.0001     5.4796     5.4797     40.118     41.030      0.511    1441.29    1441.30  0.000e+00
      13430     41.000     6.2477     6.2490     0.0013    0.79049    0.79055          1     7.6419     7.6217      48.66     0.3241     0.2298  1.000e-12  0.1516000     7.0125     7.0128     0.0003     5.4850     5.4852     40.613     41.536      0.552    1441.26    1441.27  0.000e+00
      13452     41.500     6.2234     6.2255     0.0021    0.79089    0.79095          1     7.6030     7.5883      48.23     0.2871     0.2637  1.000e-12  0.1574000     7.0213     7.0215     0.0001     5.4933     5.4933     41.108     42.043      0.562    1441.17    1441.18  0.000e+00
      13473     42.000     6.1712     6.1763     0.0051    0.79133    0.79139          1     7.5640     7.5498      47.67     0.2886     0.2189  1.000e-12  0.1576000     7.0363     7.0357    -0.0006     5.5080     5.5073     41.603     42.549      0.546    1440.98    1441.00  0.000e+00
      13496     42.500     6.1230     6.1246     0.0016    0.79181    0.79187          1     7.5086     7.4993      47.19     0.2958     0.2118  1.000e-12  0.1573000     7.0508     7.0510     0.0002     5.5221     5.5221     42.099     43.056      0.545    1440.80    1440.81  0.000e+00
      13517     43.000     6.0866     6.0886     0.0021    0.79221    0.79228          1     7.4642     7.4550      46.64     0.3016     0.2174  1.000e-12  0.1579000     7.0621     7.0624     0.0002     5.5330     5.5331     42.594     43.562      0.564    1440.67    1440.67  0.000e+00
      13538     43.500     6.0458     6.0505     0.0046    0.79220    0.79229          1     7.4522     7.4474      46.17     0.2953     0.2279  1.000e-12  0.1606000     7.0704     7.0703    -0.0002     5.5417     5.5413     43.089     44.069      0.552    1440.51    1440.53  0.000e+00
      13561     44.000     5.9960     5.9989     0.0030    0.79222    0.79229          1     7.4554     7.4636      45.60     0.2914     0.2386  1.000e-12  0.1719000     7.0809     7.0811     0.0001     5.5527     5.5526     43.584     44.575      0.505    1440.32    1440.33  0.000e+00
      13586     44.500     5.9655     5.9676     0.0021    0.79240    0.79246          1     7.4470     7.4579      45.01     0.3031     0.2637  1.000e-12  0.1793000     7.0890     7.0892     0.0001     5.5606     5.5607     44.079     45.082      0.494    1440.20    1440.21  0.000e+00
      13609     45.000     5.9259     5.9280     0.0021    0.79266    0.79273          1     7.4159     7.4205      44.56     0.3161     0.2962  1.000e-12  0.1631000     7.0997     7.1000     0.0002     5.5711     5.5712     44.575     45.588      0.540    1440.05    1440.06  0.000e+00
      13630     45.500     5.8720     5.8729     0.0010    0.79330    0.79339          1     7.3437     7.3509      44.01     0.2895     0.2596  1.000e-12  0.1630000     7.1171     7.1178     0.0007     5.5877     5.5881     45.070     46.095      0.579    1439.85    1439.86  0.000e+00
      13651     46.000     5.8104     5.8137     0.0033    0.79327    0.79334          1     7.3048     7.3272      43.59     0.2810     0.2393  1.000e-12  0.1594000     7.1298     7.1297    -0.0001     5.6008     5.6005     45.565     46.601      0.602    1439.61    1439.62  0.000e+00
      13670     46.500     5.6784     5.6855     0.0071    0.79451    0.79455          1     7.3021     7.3329      43.08     0.3069     0.2307  1.000e-12  0.1724000     7.1697     7.1686    -0.0011     5.6388     5.6376     46.060     47.107      0.603    1439.10    1439.13  0.000e+00
      13691     47.000     5.5942     5.5995     0.0052    0.79520    0.79526          1     7.2943     7.3120      42.63     0.3438     0.2342  1.000e-12  0.1912000     7.1943     7.1937    -0.0005     5.6623     5.6616     46.556     47.614      0.550    1438.77    1438.80  0.000e+00
      13715     47.500     5.5324     5.5392     0.0068    0.79560    0.79566          1     7.2325     7.2306      42.05     0.3462     0.2298  1.000e-12  0.2015000     7.2113     7.2105    -0.0008     5.6786     5.6777     47.051     48.120      0.453    1438.53    1438.56  0.000e+00
      13743     48.000     5.4898     5.4928     0.0030    0.79573    0.79577          1     7.0773     7.0664      41.47     0.3273     0.2541  1.000e-12  0.1983000     7.2217     7.2214    -0.0003     5.6888     5.6884     47.546     48.627      0.496    1438.37    1438.38  0.000e+00
      13764     48.500     5.3501     5.3538     0.0038    0.79519    0.79526          1     6.9177     6.9088      41.02     0.3288     0.2804  1.000e-12  0.1816000     7.2465     7.2464    -0.0001     5.7147     5.7144     48.041     49.133      0.627    1437.80    1437.82  0.000e+00
      13781     49.000     5.2111     5.2182     0.0070    0.79565    0.79572          1     6.8118     6.7978      40.60     0.2937     0.2715  1.000e-12  0.1646000     7.2811     7.2803    -0.0008     5.7480     5.7470     48.536     49.639      0.659    1437.25    1437.28  0.000e+00
      13800     49.500     5.1168     5.1174     0.0006    0.79685    0.79690          1     6.7438     6.7292      40.11     0.2872     0.2634  1.000e-12  0.1595000     7.3134     7.3138     0.0003     5.7775     5.7778     49.032     50.146      0.568    1436.88    1436.89  0.000e+00
      13826     50.000     5.1275     5.1269    -0.0005    0.79909    0.79896          1     6.7122     6.7129      38.98     0.2889     0.2471  1.000e-12  0.1646000     7.3331     7.3320    -0.0012     5.7927     5.7918     49.527     50.652      0.441    1436.96    1436.96  0.000e+00
      13853     50.500     5.1317     5.1327     0.0009    0.80127    0.80128          1     6.7058     6.7073      38.41     0.3038     0.2399  1.000e-12  0.1822000     7.3536     7.3536    -0.0001     5.8087     5.8086     50.022     51.158      0.513    1437.01    1437.02  0.000e+00
      13873     51.000     5.0891     5.0908     0.0017    0.80151    0.80157          1     6.6665     6.6714      37.67     0.3030     0.2502  1.000e-12  0.1884000     7.3654     7.3656     0.0003     5.8197     5.8199     50.517     51.665      0.629    1436.85    1436.86  0.000e+00
      13892     51.500     5.0410     5.0414     0.0003    0.80171    0.80178          1     6.6165     6.6234      37.60     0.2955     0.1906  1.000e-12  0.1885000     7.3779     7.3785     0.0005     5.8316     5.8320     51.012     52.171      0.632    1436.66    1436.67  0.000e+00
      13912     52.000     4.9385     4.9486     0.0100    0.80174    0.80182          1     6.5412     6.5477      36.98     0.3088     0.2059  1.000e-12  0.1936000     7.4009     7.3994    -0.0015     5.8538     5.8522     51.508     52.677      0.529    1436.25    1436.29  0.000e+00
      13938     52.500     4.8145     4.8234     0.0090    0.80190    0.80197          1     6.4158     6.4222      36.58     0.3317     0.2552  1.000e-12  0.1939000     7.4301     7.4287    -0.0014     5.8816     5.8802     52.003     53.184      0.455    1435.75    1435.79  0.000e+00
      13963     53.000     4.6993     4.7057     0.0064    0.80208    0.80214          1     6.2807     6.2838      36.16     0.2837     0.2410  1.000e-12  0.1699000     7.4577     7.4568    -0.0009     5.9076     5.9067     52.498     53.690      0.529    1435.28    1435.31  0.000e+00
      13984     53.500     4.6137     4.6145     0.0008    0.80307    0.80311          1     6.1689     6.1642      35.71     0.3065     0.1977  1.000e-12  0.1646000     7.4868     7.4870     0.0002     5.9337     5.9338     52.993     54.196      0.604    1434.95    1434.95  0.000e+00
      14003     54.000     4.5408     4.5453     0.0045    0.80356    0.80361          1     6.0737     6.0682      35.25     0.3091     0.1977  1.000e-12  0.1592000     7.5082     7.5077    -0.0005     5.9530     5.9525     53.489     54.702      0.616    1434.66    1434.68  0.000e+00
      14023     54.500     4.4783     4.4796     0.0012    0.80561    0.80563          1     5.9655     5.9570      34.71     0.3062     0.2690  1.000e-12  0.1625000     7.5430     7.5429    -0.0001     5.9827     5.9826     53.984     55.209      0.576    1434.44    1434.44  0.000e+00
      14045     55.000     4.4529     4.4555     0.0026    0.80826    0.80821          1     5.8522     5.8294      34.18     0.2975     0.2079  1.000e-12  0.1735000     7.5754     7.5743    -0.0011     6.0092     6.0082     54.479     55.715      0.513    1434.37    1434.38  0.000e+00
      14070     55.500     4.4307     4.4326     0.0019    0.80959    0.80959          1     5.7502     5.7281      33.61     0.2988     0.1665  1.000e-12  0.1616000     7.5938     7.5935    -0.0004     6.0245     6.0242     54.974     56.221      0.469    1434.31    1434.31  0.000e+00
      14096     56.000     4.3983     4.4000     0.0017    0.81072    0.81075          1     5.6635     5.6525      33.07     0.2974     0.2322  1.000e-12  0.1545000     7.6127     7.6126    -0.0001     6.0405     6.0403     55.469     56.727      0.487    1434.19    1434.20  0.000e+00
      14119     56.500     4.3498     4.3536     0.0038    0.81143    0.81145          1     5.5704     5.5698      32.57     0.2887     0.2689  1.000e-12  0.1699000     7.6310     7.6303    -0.0007     6.0565     6.0559     55.964     57.234      0.567    1434.01    1434.02  0.000e+00
