ctdpy/exports/archive_20191120_135557/received_data/SBE09_1044_20180419_1309_34_07_0021.cnv
* Sea-Bird SBE 9 Data File:
* FileName = C:\ctd\temp\2018\AU18D021.hex
* Software Version Seasave V 7.26.6.26
* Temperature SN = 5351
* Conductivity SN = 3941
* Number of Bytes Per Scan = 41
* Number of Voltage Words = 4
* Number of Scans Averaged by the Deck Unit = 1
* NMEA Latitude = 58 00.99 N
* NMEA Longitude = 017 59.08 E
* NMEA UTC (Time) = Apr 19 2018  13:10:02
* NMEA baud rate = 4800
** Station:  BY32
** Operator:  SSip
** Ship: AURA
** Average sound velocity: 1438.11 m/s
** True-depth calculation Thu, 19 Apr 2018 14:18:44 +0000
** CTD Python Module SMHI /ver 3-12/ feb 2012 
** LIMS Job: 20183407-0021
** Cruise: SMHI-01-2018
** Latitude [GG MM.mm N] :
** Longitude [GG MM.mm E]:
# nquan = 26
# nvalues = 392                         
# units = specified
# name 0 = scan: Scan Count
# name 1 = prDM: Pressure, Digiquartz [db]
# name 2 = t090C: Temperature [ITS-90, deg C]
# name 3 = t190C: Temperature, 2 [ITS-90, deg C]
# name 4 = T2-T190C: Temperature Difference, 2 - 1 [ITS-90, deg C]
# name 5 = c0S/m: Conductivity [S/m]
# name 6 = c1S/m: Conductivity, 2 [S/m]
# name 7 = pumps: Pump Status
# name 8 = sbeox0ML/L: Oxygen, SBE 43 [ml/l]
# name 9 = sbeox1ML/L: Oxygen, SBE 43, 2 [ml/l]
# name 10 = altM: Altimeter [m]
# name 11 = flECO-AFL: Chl-a Fluorescence, WET Labs ECO-AFL/FL [mg/m^3]
# name 12 = flECO-AFL1: Phycocyanin Fluorescence, WET Labs ECO-AFL/FL, 2 [mg/m^3]
# name 13 = par: PAR/Irradiance, Biospherical/Lico [µE/(cm^2*s)]
# name 14 = turbWETntu0: Turbidity, WET Labs ECO [NTU]
# name 15 = sal00: Salinity, Practical [PSU]
# name 16 = sal11: Salinity, Practical, 2 [PSU]
# name 17 = secS-priS: Salinity, Practical, Difference, 2 - 1 [PSU]
# name 18 = sigma-t00: Density [sigma-t, Kg/m^3 ]
# name 19 = sigma-t11: Density, 2 [sigma-t, Kg/m^3 ]
# name 20 = depSM: Depth [salt water, m], lat = 58.0165
# name 21 = depFM: Depth [true depth, m], lat = 58.0165
# name 22 = dz/dtM: Descent Rate [m/s], WS = 2
# name 23 = svCM: Sound Velocity [Chen-Millero, m/s]
# name 24 = svCM1: Sound Velocity, 2 [Chen-Millero, m/s]
# name 25 = flag: flag
# span 0 =       7190,      17067       
# span 1 =      1.000,    196.500       
# span 2 =     2.4065,     5.8826       
# span 3 =     2.4066,     5.8834       
# span 4 =    -0.0385,     0.0294       
# span 5 =   0.708545,   1.166200       
# span 6 =   0.708484,   1.166198       
# span 7 =          1,          1       
# span 8 =    0.02291,   10.41499       
# span 9 =    0.02700,   10.23351       
# span 10 =       4.48,      98.71      
# span 11 =     0.2816,     8.8665      
# span 12 =     0.1480,     1.7785      
# span 13 = -2.303e-06, 1.2753e+03      
# span 14 =     0.1361,     1.8814      
# span 15 =     6.9332,    10.7485      
# span 16 =     6.9325,    10.7482      
# span 17 =    -0.0071,     0.0010      
# span 18 =     5.5200,     8.4499      
# span 19 =     5.5191,     8.4497      
# span 20 =      0.991,    194.586      
# span 21 =      1.013,    198.695      
# span 22 =      0.058,      0.594      
# span 23 =    1423.73,    1446.89      
# span 24 =    1423.73,    1446.89      
# span 25 = 0.0000e+00, 0.0000e+00      
# interval = decibars: 0.5              
# start_time = Apr 19 2018 13:10:02 [NMEA time, first data scan]
# bad_flag = -9.990e-29
*END*
[from data line 56]
       8592     29.000     2.4284     2.4268    -0.0016    0.72098    0.72093          1     9.0640     8.8511      62.36     4.3495     0.8344  2.134e-01  0.3676000     7.1366     7.1364    -0.0002     5.6917     5.6916     28.729     29.374      0.518    1424.16    1424.15  0.000e+00
       8616     29.500     2.6108     2.5722    -0.0385    0.72596    0.72479          1     9.1216     8.9341      87.31     6.1843     1.1262  1.799e-01  0.3919000     7.1484     7.1446    -0.0038     5.7008     5.6979     29.224     29.880      0.498    1425.03    1424.84  0.000e+00
       8641     30.000     2.7983     2.8001     0.0017    0.73055    0.73052          1     9.2302     9.0873      98.50     6.1737     0.9639  1.520e-01  0.4169000     7.1546     7.1539    -0.0007     5.7052     5.7046     29.720     30.387      0.483    1425.92    1425.92  0.000e+00
       8666     30.500     2.7723     2.7745     0.0021    0.73004    0.73006          1     9.2715     9.1367      98.67     2.6614     0.5755  1.248e-01  0.2895000     7.1551     7.1549    -0.0002     5.7057     5.7055     30.215     30.893      0.488    1425.81    1425.81  0.000e+00
       8690     31.000     2.7334     2.7352     0.0018    0.72926    0.72927          1     9.1642     9.0141      98.67     2.5284     0.5375  1.024e-01  0.3381000     7.1555     7.1552    -0.0003     5.7063     5.7060     30.710     31.399      0.514    1425.63    1425.64  0.000e+00
       8712     31.500     2.6004     2.5996    -0.0008    0.72636    0.72644          1     9.0696     8.8835      98.67     2.0235     0.5578  8.102e-02  0.2682000     7.1546     7.1556     0.0010     5.7059     5.7067     31.206     31.906      0.535    1425.02    1425.02  0.000e+00
       8734     32.000     2.4460     2.4447    -0.0012    0.72393    0.72387          1     8.9967     8.7723      98.67     2.3898     0.4595  6.291e-02  0.3399000     7.1636     7.1633    -0.0003     5.7133     5.7130     31.701     32.412      0.535    1424.32    1424.31  0.000e+00
       8757     32.500     2.4951     2.4980     0.0029    0.72569    0.72570          1     8.9828     8.7599      98.67     3.2678     0.7703  5.050e-02  0.3125000     7.1711     7.1706    -0.0005     5.7193     5.7189     32.196     32.919      0.512    1424.57    1424.58  0.000e+00
       8781     33.000     2.5904     2.5934     0.0030    0.72841    0.72840          1     8.9890     8.8106      98.67     2.9345     0.5243  3.475e-02  0.3086000     7.1784     7.1776    -0.0008     5.7249     5.7243     32.692     33.425      0.490    1425.03    1425.04  0.000e+00
       8806     33.500     2.6390     2.6435     0.0045    0.73026    0.73025          1     8.9786     8.8295      98.67     2.2926     0.4490  2.628e-02  0.3148000     7.1869     7.1858    -0.0011     5.7317     5.7308     33.187     33.931      0.486    1425.27    1425.29  0.000e+00
       8831     34.000     2.5661     2.5683     0.0023    0.73012    0.73014          1     8.9383     8.7667      98.68     2.0574     0.4734  9.961e-03  0.2697000     7.2018     7.2015    -0.0003     5.7437     5.7435     33.682     34.438      0.494    1424.96    1424.97  0.000e+00
       8855     34.500     2.5345     2.5357     0.0012    0.73032    0.73027          1     8.8816     8.7027      98.67     2.0489     0.4524  2.278e-03  0.2438000     7.2110     7.2103    -0.0008     5.7512     5.7506     34.177     34.944      0.505    1424.84    1424.84  0.000e+00
       8878     35.000     2.5484     2.5498     0.0014    0.73108    0.73106          1     8.8713     8.7105      98.67     1.9397     0.4377  1.648e-04  0.2297000     7.2158     7.2153    -0.0005     5.7550     5.7546     34.673     35.450      0.516    1424.91    1424.92  0.000e+00
       8901     35.500     2.5648     2.5663     0.0015    0.73176    0.73175          1     8.8787     8.7294      98.67     1.7245     0.4055 -2.303e-06  0.1989000     7.2193     7.2188    -0.0005     5.7578     5.7573     35.168     35.957      0.526    1425.00    1425.01  0.000e+00
       8924     36.000     2.5904     2.5917     0.0013    0.73269    0.73266          1     8.8860     8.7361      98.67     1.6622     0.4333  1.000e-12  0.2053000     7.2232     7.2226    -0.0006     5.7608     5.7603     35.663     36.463      0.520    1425.13    1425.14  0.000e+00
       8948     36.500     2.5862     2.5874     0.0012    0.73291    0.73288          1     8.8901     8.7210      98.67     1.7043     0.5581  1.000e-12  0.2180000     7.2264     7.2258    -0.0006     5.7634     5.7629     36.159     36.969      0.498    1425.13    1425.13  0.000e+00
       8972     37.000     2.5894     2.5906     0.0013    0.73330    0.73329          1     8.8813     8.7087      98.67     2.4268     0.4731  1.000e-12  0.2690000     7.2298     7.2294    -0.0004     5.7661     5.7658     36.654     37.476      0.492    1425.15    1425.16  0.000e+00
       8996     37.500     2.5892     2.5905     0.0013    0.73358    0.73357          1     8.8836     8.7147      98.67     2.7351     0.6803  1.000e-12  0.2482000     7.2328     7.2323    -0.0005     5.7684     5.7681     37.149     37.982      0.503    1425.17    1425.17  0.000e+00
       9020     38.000     2.5887     2.5900     0.0013    0.73372    0.73371          1     8.9113     8.7359      98.67     2.1433     0.7912  1.000e-12  0.2292000     7.2343     7.2338    -0.0005     5.7697     5.7693     37.644     38.488      0.509    1425.17    1425.18  0.000e+00
       9043     38.500     2.5844     2.5856     0.0012    0.73382    0.73380          1     8.9190     8.7436      98.68     0.9133     0.2871  1.000e-12  0.2109000     7.2363     7.2357    -0.0005     5.7713     5.7708     38.140     38.995      0.504    1425.16    1425.17  0.000e+00
       9067     39.000     2.5892     2.5902     0.0011    0.73432    0.73429          1     8.9136     8.7447      98.67     0.9525     0.3211  1.000e-12  0.1943000     7.2404     7.2398    -0.0006     5.7745     5.7741     38.635     39.501      0.501    1425.20    1425.20  0.000e+00
       9091     39.500     2.5932     2.5945     0.0014    0.73451    0.73449          1     8.9179     8.7483      98.67     0.7426     0.3104  1.000e-12  0.1726000     7.2414     7.2409    -0.0005     5.7753     5.7749     39.130     40.008      0.505    1425.23    1425.23  0.000e+00
       9115     40.000     2.6134     2.6141     0.0007    0.73514    0.73509          1     8.9243     8.7779      98.67     0.7148     0.3167  1.000e-12  0.1663000     7.2433     7.2427    -0.0007     5.7768     5.7763     39.625     40.514      0.503    1425.33    1425.33  0.000e+00
       9139     40.500     2.6229     2.6240     0.0011    0.73552    0.73550          1     8.9455     8.7988      98.68     0.7081     0.2784  1.000e-12  0.1625000     7.2452     7.2447    -0.0005     5.7783     5.7779     40.121     41.020      0.496    1425.38    1425.39  0.000e+00
       9163     41.000     2.6249     2.6264     0.0015    0.73572    0.73570          1     8.9649     8.7825      98.68     1.1013     0.2817  1.000e-12  0.1806000     7.2467     7.2462    -0.0005     5.7795     5.7791     40.616     41.527      0.497    1425.40    1425.41  0.000e+00
       9187     41.500     2.6233     2.6245     0.0012    0.73576    0.73574          1     8.9652     8.7712      98.68     1.0610     0.3017  1.000e-12  0.1892000     7.2475     7.2470    -0.0005     5.7802     5.7798     41.111     42.033      0.507    1425.41    1425.41  0.000e+00
       9211     42.000     2.6254     2.6266     0.0012    0.73590    0.73588          1     8.9500     8.7825      98.68     0.8192     0.2954  1.000e-12  0.1861000     7.2484     7.2479    -0.0005     5.7809     5.7805     41.606     42.539      0.504    1425.43    1425.43  0.000e+00
       9235     42.500     2.6205     2.6218     0.0012    0.73590    0.73588          1     8.9356     8.7906      98.68     0.7750     0.3440  1.000e-12  0.1859000     7.2495     7.2489    -0.0005     5.7817     5.7813     42.102     43.046      0.479    1425.41    1425.42  0.000e+00
       9261     43.000     2.6227     2.6240     0.0012    0.73611    0.73609          1     8.9301     8.7693      98.65     0.7014     0.2805  1.000e-12  0.1803000     7.2511     7.2506    -0.0005     5.7831     5.7826     42.597     43.552      0.456    1425.43    1425.44  0.000e+00
       9287     43.500     2.6151     2.6165     0.0014    0.73613    0.73611          1     8.9110     8.7510      97.97     0.8246     0.3000  1.000e-12  0.1727000     7.2529     7.2524    -0.0005     5.7845     5.7841     43.092     44.058      0.474    1425.41    1425.41  0.000e+00
       9312     44.000     2.6107     2.6119     0.0012    0.73621    0.73619          1     8.8990     8.7498      97.69     0.8913     0.2736  1.000e-12  0.1808000     7.2547     7.2542    -0.0005     5.7860     5.7856     43.588     44.565      0.516    1425.40    1425.40  0.000e+00
       9334     44.500     2.6098     2.6110     0.0012    0.73626    0.73625          1     8.9031     8.7644      98.19     0.7328     0.2902  1.000e-12  0.1865000     7.2554     7.2550    -0.0004     5.7865     5.7862     44.083     45.071      0.528    1425.40    1425.41  0.000e+00
       9357     45.000     2.6087     2.6099     0.0012    0.73628    0.73626          1     8.9116     8.7719      98.44     0.7390     0.2751  1.000e-12  0.1715000     7.2559     7.2554    -0.0005     5.7869     5.7865     44.578     45.577      0.497    1425.40    1425.41  0.000e+00
       9383     45.500     2.6072     2.6085     0.0014    0.73631    0.73629          1     8.9039     8.7473      98.65     0.7613     0.2728  1.000e-12  0.1585000     7.2564     7.2559    -0.0005     5.7873     5.7869     45.073     46.084      0.443    1425.41    1425.41  0.000e+00
       9411     46.000     2.5920     2.5941     0.0021    0.73604    0.73605          1     8.8865     8.7018      98.68     0.6751     0.2890  1.000e-12  0.1509000     7.2569     7.2565    -0.0004     5.7877     5.7874     45.569     46.590      0.432    1425.34    1425.35  0.000e+00
       9438     46.500     2.5642     2.5647     0.0005    0.73551    0.73548          1     8.8319     8.6457      98.68     0.7093     0.2315  1.000e-12  0.1629000     7.2576     7.2571    -0.0005     5.7884     5.7880     46.064     47.096      0.465    1425.22    1425.22  0.000e+00
       9463     47.000     2.5401     2.5416     0.0015    0.73510    0.73509          1     8.7939     8.6216      98.68     0.6513     0.3288  1.000e-12  0.1729000     7.2586     7.2582    -0.0004     5.7892     5.7889     46.559     47.603      0.483    1425.12    1425.13  0.000e+00
       9488     47.500     2.4943     2.4953     0.0011    0.73420    0.73418          1     8.7759     8.6164      98.68     0.5027     0.3073  1.000e-12  0.1794000     7.2595     7.2591    -0.0005     5.7900     5.7896     47.054     48.109      0.482    1424.92    1424.92  0.000e+00
       9513     48.000     2.5055     2.5055    -0.0000    0.73470    0.73465          1     8.7626     8.6164      98.68     0.4504     0.2521  1.000e-12  0.1802000     7.2622     7.2617    -0.0005     5.7921     5.7917     47.550     48.615      0.478    1424.98    1424.98  0.000e+00
       9538     48.500     2.5152     2.5175     0.0022    0.73506    0.73507          1     8.7604     8.6238      98.67     0.4389     0.2448  1.000e-12  0.1560000     7.2637     7.2633    -0.0005     5.7933     5.7930     48.045     49.122      0.468    1425.03    1425.04  0.000e+00
       9564     49.000     2.4771     2.4784     0.0013    0.73428    0.73428          1     8.7794     8.6425      98.42     0.5094     0.2154  1.000e-12  0.1584000     7.2641     7.2637    -0.0004     5.7936     5.7933     48.540     49.628      0.466    1424.86    1424.87  0.000e+00
       9590     49.500     2.4317     2.4317    -0.0000    0.73339    0.73335          1     8.7997     8.6702      97.37     0.5186     0.2070  1.000e-12  0.1714000     7.2649     7.2645    -0.0004     5.7943     5.7940     49.035     50.134      0.460    1424.66    1424.66  0.000e+00
       9616     50.000     2.4679     2.4661    -0.0018    0.73444    0.73435          1     8.7735     8.6207      97.37     0.4563     0.2938  1.000e-12  0.1658000     7.2678     7.2671    -0.0006     5.7966     5.7961     49.531     50.641      0.454    1424.84    1424.83  0.000e+00
       9642     50.500     2.5052     2.5058     0.0006    0.73542    0.73538          1     8.7370     8.5552      97.35     0.4286     0.2754  1.000e-12  0.1450000     7.2695     7.2690    -0.0005     5.7980     5.7976     50.026     51.147      0.468    1425.03    1425.03  0.000e+00
       9667     51.000     2.5218     2.5217    -0.0000    0.73592    0.73587          1     8.7279     8.5377      97.36     0.4155     0.2203  1.000e-12  0.1469000     7.2710     7.2705    -0.0005     5.7991     5.7987     50.521     51.653      0.489    1425.11    1425.11  0.000e+00
       9692     51.500     2.5620     2.5547    -0.0073    0.73696    0.73673          1     8.7191     8.5365      97.35     0.4093     0.2634  1.000e-12  0.1388000     7.2728     7.2720    -0.0008     5.8005     5.7999     51.016     52.160      0.492    1425.31    1425.28  0.000e+00
       9716     52.000     2.6044     2.6010    -0.0034    0.73803    0.73790          1     8.6928     8.4972      97.37     0.4292     0.3107  1.000e-12  0.1395000     7.2743     7.2737    -0.0005     5.8016     5.8012     51.512     52.666      0.476    1425.52    1425.50  0.000e+00
       9742     52.500     2.6281     2.6291     0.0010    0.73882    0.73880          1     8.6760     8.4790      97.34     0.4727     0.2603  1.000e-12  0.1563000     7.2772     7.2767    -0.0005     5.8039     5.8035     52.007     53.172      0.466    1425.64    1425.64  0.000e+00
       9768     53.000     2.6176     2.6203     0.0027    0.73869    0.73870          1     8.6890     8.5290      97.35     0.5094     0.2269  1.000e-12  0.1519000     7.2781     7.2777    -0.0005     5.8046     5.8042     52.502     53.679      0.474    1425.60    1425.61  0.000e+00
       9793     53.500     2.6162     2.6174     0.0012    0.73877    0.73875          1     8.7269     8.5901      97.37     0.4814     0.2299  1.000e-12  0.1518000     7.2793     7.2788    -0.0005     5.8056     5.8052     52.997     54.185      0.475    1425.60    1425.61  0.000e+00
       9818     54.000     2.6084     2.6104     0.0020    0.73873    0.73873          1     8.7465     8.6069      97.36     0.5129     0.2535  1.000e-12  0.1437000     7.2805     7.2801    -0.0005     5.8066     5.8062     53.493     54.691      0.458    1425.58    1425.58  0.000e+00
       9845     54.500     2.6074     2.6082     0.0008    0.73885    0.73882          1     8.7316     8.5844      97.35     0.7560     0.2591  1.000e-12  0.1747000     7.2820     7.2815    -0.0005     5.8077     5.8073     53.988     55.198      0.460    1425.58    1425.58  0.000e+00
       9870     55.000     2.6165     2.6172     0.0007    0.73922    0.73918          1     8.7111     8.5367      97.34     0.9840     0.2426  1.000e-12  0.2091000     7.2837     7.2832    -0.0005     5.8091     5.8087     54.483     55.704      0.487    1425.63    1425.64  0.000e+00
       9894     55.500     2.6339     2.6348     0.0009    0.73983    0.73979          1     8.6741     8.4915      97.35     0.4628     0.2332  1.000e-12  0.1557000     7.2862     7.2856    -0.0006     5.8110     5.8106     54.978     56.210      0.503    1425.73    1425.73  0.000e+00
       9918     56.000     2.6416     2.6428     0.0012    0.74023    0.74020          1     8.6679     8.4905      97.40     0.4170     0.2238  1.000e-12  0.1384000     7.2885     7.2880    -0.0005     5.8129     5.8124     55.473     56.717      0.497    1425.77    1425.78  0.000e+00
