ctdpy/exports/archive_20191120_135557/received_data/SBE09_0827_20180225_1011_26_01_0305.cnv
* Sea-Bird SBE 9 Data File:
* FileName = D:\CTD_SBE911\DAT\26DA.2018.3.5.hex
* Software Version Seasave V 7.21d
* Temperature SN = 034757
* Conductivity SN = 041844
* Number of Bytes Per Scan = 48
* Number of Voltage Words = 5
* Number of Scans Averaged by the Deck Unit = 1
* NMEA Latitude = 55 41.74 N
* NMEA Longitude = 014 24.67 E
* NMEA UTC (Time) = Feb 25 2018  10:11:31
* NMEA baud rate = 4800
** Ship: DANA
** Average sound velocity: 1427.92 m/s
** True-depth calculation Tue, 02 Apr 2019 08:31:43 +0000
** CTD Python Module SMHI /ver 3-12/ feb 2012 
** LIMS Job: 20182601-0305
** Operator:
** Cruise: 02/2018
# nquan = 26
# nvalues = 80                          
# units = specified
# name 0 = scan: Scan Count
# name 1 = prDM: Pressure, Digiquartz [db]
# name 2 = t090C: Temperature [ITS-90, deg C]
# name 3 = t190C: Temperature, 2 [ITS-90, deg C]
# name 4 = T2-T190C: Temperature Difference, 2 - 1 [ITS-90, deg C]
# name 5 = c0S/m: Conductivity [S/m]
# name 6 = c1S/m: Conductivity, 2 [S/m]
# name 7 = pumps: Pump Status
# name 8 = sbeox1ML/L: Oxygen, SBE 43, 2 [ml/l]
# name 9 = sbeox0ML/L: Oxygen, SBE 43 [ml/l]
# name 10 = altM: Altimeter [m]
# name 11 = chloroflTC0: Chlorophyll, Turner Cyclops [ug/l]
# name 12 = cpar: CPAR/Corrected Irradiance [%]
# name 13 = par: PAR/Irradiance, Biospherical/Lico [µE/(cm^2*s)]
# name 14 = spar: SPAR, Biospherical/Licor
# name 15 = sal00: Salinity, Practical [PSU]
# name 16 = sal11: Salinity, Practical, 2 [PSU]
# name 17 = secS-priS: Salinity, Practical, Difference, 2 - 1 [PSU]
# name 18 = sigma-t00: Density [sigma-t, kg/m^3 ]
# name 19 = sigma-t11: Density, 2 [sigma-t, kg/m^3 ]
# name 20 = depSM: Depth [salt water, m], lat = 55.6957
# name 21 = depFM: Depth [true depth, m], lat = 55.6957
# name 22 = dz/dtM: Descent Rate [m/s], WS = 2
# name 23 = svCM: Sound Velocity [Chen-Millero, m/s]
# name 24 = svCM1: Sound Velocity, 2 [Chen-Millero, m/s]
# name 25 = flag: flag
# span 0 =          3,       4500       
# span 1 =      1.000,     40.500       
# span 2 =     3.1563,     3.2030       
# span 3 =     3.1559,     3.2027       
# span 4 =    -0.0074,     0.0048       
# span 5 =   0.768415,   0.770905       
# span 6 =   0.767832,   0.770342       
# span 7 =          1,          1       
# span 8 =     8.1610,     8.2571       
# span 9 =     7.9917,     8.3617       
# span 10 =       1.74,       9.96      
# span 11 =     0.0144,     0.0168      
# span 12 = -8.755e-06, 8.7131e+00      
# span 13 = -1.578e-04, 6.5903e+01      
# span 14 = 7.0960e+02, 1.8892e+03      
# span 15 =     7.4717,     7.4840      
# span 16 =     7.4657,     7.4780      
# span 17 =    -0.0071,    -0.0055      
# span 18 =     5.9552,     5.9644      
# span 19 =     5.9504,     5.9597      
# span 20 =      0.991,     40.129      
# span 21 =      1.013,     41.006      
# span 22 =     -0.022,      0.460      
# span 23 =    1427.60,    1428.36      
# span 24 =    1427.59,    1428.36      
# span 25 = 0.0000e+00, 0.0000e+00      
# interval = decibars: 0.5              
# start_time = Feb 25 2018 10:11:32 [NMEA time, first data scan]
# bad_flag = -9.990e-29
*END*
          3      1.000     3.1725     3.1716    -0.0008    0.76875    0.76814          1     8.2472     8.1666       9.68     0.0147  8.713e+00  6.590e+01  7.096e+02     7.4735     7.4674    -0.0061     5.9564     5.9515      0.991      1.013      0.003    1427.60    1427.59  0.000e+00
         91      1.500     3.1733     3.1717    -0.0016    0.76876    0.76813          1     8.2462     7.9917       9.24     0.0153  2.059e+00  2.030e+01  1.054e+03     7.4733     7.4672    -0.0061     5.9563     5.9514      1.486      1.519      0.342    1427.61    1427.60  0.000e+00
        225      2.000     3.1728     3.1712    -0.0016    0.76875    0.76814          1     8.2354     8.1802       7.56     0.0150  1.035e+00  1.545e+01  1.508e+03     7.4733     7.4672    -0.0061     5.9562     5.9514      1.982      2.025      0.414    1427.62    1427.60  0.000e+00
        309      2.500     3.1731     3.1704    -0.0027    0.76878    0.76812          1     8.2499     8.3076       9.81     0.0156  7.689e-01  1.391e+01  1.808e+03     7.4735     7.4672    -0.0063     5.9564     5.9514      2.477      2.531      0.329    1427.63    1427.61  0.000e+00
        336      3.000     3.1740     3.1717    -0.0023    0.76882    0.76814          1     8.2523     8.3078       9.96     0.0166  5.861e-01  1.057e+01  1.804e+03     7.4735     7.4670    -0.0066     5.9564     5.9512      2.973      3.038      0.412    1427.64    1427.62  0.000e+00
        387      3.500     3.1730     3.1713    -0.0017    0.76879    0.76816          1     8.2571     8.3100       7.29     0.0150  5.004e-01  8.958e+00  1.790e+03     7.4735     7.4673    -0.0062     5.9564     5.9515      3.468      3.544      0.221    1427.64    1427.63  0.000e+00
        445      4.000     3.1728     3.1727    -0.0000    0.76880    0.76821          1     8.2222     8.3275       6.34     0.0148  4.209e-01  7.500e+00  1.782e+03     7.4735     7.4674    -0.0061     5.9564     5.9516      3.964      4.050      0.254    1427.65    1427.64  0.000e+00
        484      4.500     3.1733     3.1724    -0.0008    0.76882    0.76824          1     8.2048     8.3158       8.73     0.0148  3.390e-01  6.018e+00  1.775e+03     7.4736     7.4676    -0.0059     5.9565     5.9517      4.459      4.556      0.381    1427.66    1427.65  0.000e+00
        536      5.000     3.1714     3.1702    -0.0011    0.76877    0.76818          1     8.2142     8.3213       8.61     0.0147  2.907e-01  5.166e+00  1.777e+03     7.4734     7.4675    -0.0060     5.9564     5.9516      4.955      5.063      0.266    1427.66    1427.65  0.000e+00
        605      5.500     3.1676     3.1672    -0.0004    0.76863    0.76810          1     8.2102     8.3284       4.51     0.0154  2.587e-01  4.608e+00  1.781e+03     7.4727     7.4673    -0.0055     5.9559     5.9515      5.450      5.569      0.341    1427.65    1427.64  0.000e+00
        635      6.000     3.1636     3.1661     0.0025    0.76853    0.76805          1     8.2107     8.3352       9.23     0.0162  2.091e-01  3.721e+00  1.780e+03     7.4726     7.4670    -0.0056     5.9558     5.9513      5.945      6.075      0.383    1427.64    1427.64  0.000e+00
        692      6.500     3.1651     3.1643    -0.0009    0.76860    0.76799          1     8.2242     8.3284       9.96     0.0156  1.768e-01  3.141e+00  1.777e+03     7.4729     7.4667    -0.0062     5.9560     5.9511      6.441      6.581      0.272    1427.65    1427.64  0.000e+00
        751      7.000     3.1648     3.1626    -0.0023    0.76858    0.76794          1     8.1978     8.3324       9.95     0.0160  1.581e-01  2.813e+00  1.779e+03     7.4726     7.4664    -0.0062     5.9558     5.9509      6.936      7.088      0.451    1427.66    1427.64  0.000e+00
        777      7.500     3.1634     3.1628    -0.0006    0.76856    0.76797          1     8.2248     8.3456       9.95     0.0157  1.313e-01  2.335e+00  1.779e+03     7.4727     7.4667    -0.0060     5.9559     5.9511      7.432      7.594      0.402    1427.66    1427.65  0.000e+00
        849      8.000     3.1643     3.1641    -0.0002    0.76860    0.76801          1     8.2208     8.3460       9.95     0.0148  1.125e-01  2.000e+00  1.778e+03     7.4728     7.4667    -0.0061     5.9560     5.9511      7.927      8.100      0.258    1427.67    1427.66  0.000e+00
        898      8.500     3.1654     3.1645    -0.0009    0.76862    0.76803          1     8.2335     8.3488       9.95     0.0154  9.685e-02  1.724e+00  1.780e+03     7.4727     7.4668    -0.0060     5.9559     5.9512      8.423      8.606      0.419    1427.69    1427.67  0.000e+00
        929      9.000     3.1646     3.1640    -0.0006    0.76858    0.76802          1     8.2515     8.3455       9.95     0.0147  8.083e-02  1.435e+00  1.776e+03     7.4725     7.4667    -0.0058     5.9557     5.9511      8.918      9.113      0.288    1427.69    1427.68  0.000e+00
       1008      9.500     3.1631     3.1626    -0.0006    0.76854    0.76795          1     8.2054     8.3416       9.95     0.0155  7.254e-02  1.290e+00  1.779e+03     7.4723     7.4663    -0.0060     5.9556     5.9508      9.414      9.619      0.261    1427.69    1427.68  0.000e+00
       1047     10.000     3.1631     3.1613    -0.0018    0.76855    0.76793          1     8.1748     8.3143       9.95     0.0148  6.107e-02  1.086e+00  1.778e+03     7.4723     7.4662    -0.0061     5.9556     5.9508      9.909     10.125      0.348    1427.70    1427.68  0.000e+00
       1095     10.500     3.1635     3.1619    -0.0015    0.76856    0.76795          1     8.1610     8.3363       9.95     0.0147  5.054e-02  8.986e-01  1.778e+03     7.4723     7.4662    -0.0061     5.9556     5.9507     10.404     10.631      0.224    1427.71    1427.69  0.000e+00
       1160     11.000     3.1637     3.1628    -0.0009    0.76858    0.76798          1     8.2223     8.3391       9.95     0.0149  4.332e-02  7.717e-01  1.782e+03     7.4724     7.4663    -0.0061     5.9556     5.9508     10.900     11.138      0.284    1427.72    1427.70  0.000e+00
       1200     11.500     3.1629     3.1625    -0.0004    0.76857    0.76799          1     8.2550     8.3398       9.95     0.0154  3.577e-02  6.389e-01  1.786e+03     7.4724     7.4664    -0.0060     5.9556     5.9509     11.395     11.644      0.242    1427.72    1427.71  0.000e+00
       1276     12.000     3.1622     3.1616    -0.0006    0.76856    0.76797          1     8.2046     8.3617       9.95     0.0160  3.037e-02  5.431e-01  1.789e+03     7.4723     7.4663    -0.0060     5.9556     5.9508     11.891     12.150      0.299    1427.73    1427.71  0.000e+00
       1311     12.500     3.1622     3.1613    -0.0009    0.76857    0.76797          1     8.1968     8.3503       9.95     0.0154  2.521e-02  4.503e-01  1.786e+03     7.4723     7.4664    -0.0060     5.9556     5.9509     12.386     12.656      0.276    1427.73    1427.72  0.000e+00
       1370     13.000     3.1610     3.1600    -0.0010    0.76854    0.76794          1     8.1924     8.3355       9.95     0.0162  1.999e-02  3.571e-01  1.786e+03     7.4723     7.4663    -0.0060     5.9556     5.9508     12.882     13.163      0.228    1427.74    1427.72  0.000e+00
       1415     13.500     3.1598     3.1589    -0.0010    0.76851    0.76792          1     8.2119     8.3363       9.95     0.0157  1.742e-02  3.109e-01  1.785e+03     7.4722     7.4662    -0.0059     5.9555     5.9508     13.377     13.669      0.257    1427.74    1427.73  0.000e+00
       1475     14.000     3.1587     3.1584    -0.0003    0.76849    0.76791          1     8.2446     8.3419       9.95     0.0148  1.317e-02  2.357e-01  1.790e+03     7.4722     7.4662    -0.0060     5.9555     5.9508     13.873     14.175      0.234    1427.74    1427.73  0.000e+00
       1520     14.500     3.1577     3.1572    -0.0006    0.76847    0.76790          1     8.2279     8.3317       9.95     0.0149  1.030e-02  1.841e-01  1.788e+03     7.4721     7.4663    -0.0059     5.9555     5.9508     14.368     14.681      0.282    1427.74    1427.74  0.000e+00
       1573     15.000     3.1568     3.1563    -0.0005    0.76846    0.76788          1     8.2002     8.3299       9.95     0.0148  8.049e-03  1.445e-01  1.795e+03     7.4721     7.4662    -0.0059     5.9555     5.9508     14.863     15.188      0.215    1427.75    1427.74  0.000e+00
       1624     15.500     3.1563     3.1559    -0.0005    0.76841    0.76783          1     8.2209     8.3353       9.95     0.0154  5.410e-03  9.716e-02  1.796e+03     7.4717     7.4657    -0.0060     5.9552     5.9504     15.359     15.694      0.250    1427.75    1427.74  0.000e+00
       1675     16.000     3.1565     3.1561    -0.0004    0.76844    0.76787          1     8.2253     8.3417       9.95     0.0151  3.277e-03  5.883e-02  1.796e+03     7.4719     7.4660    -0.0059     5.9553     5.9506     15.854     16.200      0.230    1427.76    1427.75  0.000e+00
       1721     16.500     3.1573     3.1568    -0.0004    0.76849    0.76791          1     8.2340     8.3335       9.95     0.0148  1.620e-03  2.911e-02  1.797e+03     7.4721     7.4662    -0.0059     5.9555     5.9507     16.350     16.706      0.272    1427.77    1427.76  0.000e+00
       1791     17.000     3.1573     3.1567    -0.0005    0.76848    0.76790          1     8.2098     8.3382       9.95     0.0148  3.066e-04  5.524e-03  1.805e+03     7.4720     7.4660    -0.0060     5.9554     5.9506     16.845     17.213      0.247    1427.78    1427.77  0.000e+00
       1837     17.500     3.1570     3.1573     0.0002    0.76848    0.76791          1     8.1952     8.3409       9.95     0.0147 -8.755e-06 -1.578e-04  1.808e+03     7.4719     7.4659    -0.0060     5.9554     5.9506     17.341     17.719      0.460    1427.79    1427.78  0.000e+00
       1863     18.000     3.1582     3.1581    -0.0001    0.76852    0.76794          1     8.1844     8.3383       9.95     0.0147  8.517e-13  1.541e-11  1.804e+03     7.4721     7.4660    -0.0060     5.9554     5.9506     17.836     18.225      0.346    1427.80    1427.79  0.000e+00
       1936     18.500     3.1591     3.1579    -0.0011    0.76856    0.76795          1     8.2072     8.3264       9.95     0.0148  5.537e-14  1.000e-12  1.806e+03     7.4721     7.4661    -0.0061     5.9555     5.9507     18.331     18.731      0.322    1427.81    1427.80  0.000e+00
       1965     19.000     3.1582     3.1579    -0.0002    0.76852    0.76794          1     8.1862     8.3427       9.95     0.0152  5.543e-14  1.000e-12  1.804e+03     7.4719     7.4659    -0.0060     5.9553     5.9506     18.827     19.238      0.427    1427.82    1427.81  0.000e+00
       2019     19.500     3.1588     3.1588    -0.0001    0.76855    0.76799          1     8.2006     8.3395       9.95     0.0162  5.531e-14  1.000e-12  1.808e+03     7.4720     7.4661    -0.0059     5.9554     5.9507     19.322     19.744      0.248    1427.83    1427.82  0.000e+00
       2086     20.000     3.1593     3.1581    -0.0012    0.76856    0.76796          1     8.2291     8.3438       9.95     0.0153  5.495e-14  1.000e-12  1.820e+03     7.4719     7.4660    -0.0060     5.9553     5.9506     19.818     20.250      0.271    1427.84    1427.82  0.000e+00
       2140     20.500     3.1588     3.1584    -0.0004    0.76855    0.76797          1     8.2444     8.3442       9.95     0.0153  5.466e-14  1.000e-12  1.830e+03     7.4719     7.4659    -0.0060     5.9553     5.9505     20.313     20.756      0.194    1427.84    1427.83  0.000e+00
       2197     21.000     3.1603     3.1617     0.0014    0.76863    0.76808          1     8.2517     8.3359       9.95     0.0147  5.483e-14  1.000e-12  1.824e+03     7.4723     7.4662    -0.0061     5.9556     5.9507     20.808     21.263      0.343    1427.86    1427.86  0.000e+00
       2226     21.500     3.1646     3.1655     0.0009    0.76882    0.76827          1     8.2390     8.3394       9.95     0.0149  5.483e-14  1.000e-12  1.824e+03     7.4732     7.4672    -0.0060     5.9563     5.9515     21.304     21.769      0.393    1427.89    1427.88  0.000e+00
       2263     22.000     3.1658     3.1664     0.0007    0.76886    0.76830          1     8.2339     8.3368       9.95     0.0148  5.487e-14  1.000e-12  1.822e+03     7.4733     7.4673    -0.0060     5.9563     5.9515     21.799     22.275      0.238    1427.90    1427.89  0.000e+00
       2338     22.500     3.1713     3.1736     0.0023    0.76908    0.76858          1     8.2375     8.3401       9.95     0.0149  5.454e-14  1.000e-12  1.833e+03     7.4742     7.4684    -0.0058     5.9570     5.9523     22.295     22.781      0.219    1427.93    1427.94  0.000e+00
       2390     23.000     3.1707     3.1702    -0.0006    0.76899    0.76841          1     8.2373     8.3330       9.95     0.0150  5.432e-14  1.000e-12  1.841e+03     7.4733     7.4674    -0.0059     5.9563     5.9516     22.790     23.288      0.237    1427.94    1427.93  0.000e+00
       2450     23.500     3.1690     3.1685    -0.0005    0.76892    0.76834          1     8.2246     8.3278       9.95     0.0153  5.407e-14  1.000e-12  1.850e+03     7.4729     7.4670    -0.0059     5.9560     5.9513     23.285     23.794      0.241    1427.94    1427.93  0.000e+00
       2490     24.000     3.1674     3.1661    -0.0013    0.76887    0.76825          1     8.2184     8.3441       9.95     0.0156  5.412e-14  1.000e-12  1.848e+03     7.4726     7.4666    -0.0061     5.9558     5.9510     23.781     24.300      0.345    1427.94    1427.92  0.000e+00
       2530     24.500     3.1713     3.1735     0.0022    0.76906    0.76854          1     8.2003     8.3361       9.95     0.0153  5.417e-14  1.000e-12  1.846e+03     7.4737     7.4678    -0.0059     5.9566     5.9519     24.276     24.806      0.251    1427.97    1427.97  0.000e+00
       2579     25.000     3.1791     3.1765    -0.0025    0.76940    0.76872          1     8.1966     8.3328       9.95     0.0162  5.425e-14  1.000e-12  1.843e+03     7.4754     7.4689    -0.0065     5.9578     5.9527     24.772     25.313      0.323    1428.01    1427.99  0.000e+00
       2612     25.500     3.1773     3.1699    -0.0074    0.76931    0.76846          1     8.1965     8.3264       9.95     0.0158  5.431e-14  1.000e-12  1.841e+03     7.4747     7.4676    -0.0071     5.9574     5.9518     25.267     25.819      0.308    1428.01    1427.97  0.000e+00
       2688     26.000     3.1709     3.1686    -0.0022    0.76906    0.76841          1     8.2201     8.3351       9.95     0.0149  5.410e-14  1.000e-12  1.848e+03     7.4736     7.4673    -0.0063     5.9565     5.9515     25.762     26.325      0.222    1427.99    1427.97  0.000e+00
       2742     26.500     3.1694     3.1682    -0.0011    0.76901    0.76841          1     8.1899     8.3376       9.95     0.0150  5.398e-14  1.000e-12  1.852e+03     7.4733     7.4673    -0.0060     5.9563     5.9516     26.258     26.831      0.273    1427.99    1427.97  0.000e+00
       2785     27.000     3.1686     3.1680    -0.0006    0.76899    0.76841          1     8.1948     8.3409       9.95     0.0160  5.409e-14  1.000e-12  1.849e+03     7.4733     7.4673    -0.0060     5.9563     5.9515     26.753     27.338      0.272    1427.99    1427.98  0.000e+00
       2829     27.500     3.1695     3.1702     0.0007    0.76904    0.76848          1     8.1974     8.3352       9.95     0.0153  5.421e-14  1.000e-12  1.845e+03     7.4735     7.4675    -0.0060     5.9565     5.9517     27.249     27.844      0.273    1428.01    1428.00  0.000e+00
       2876     28.000     3.1748     3.1758     0.0010    0.76926    0.76870          1     8.1937     8.3284       9.95     0.0149  5.430e-14  1.000e-12  1.842e+03     7.4745     7.4684    -0.0061     5.9572     5.9524     27.744     28.350      0.245    1428.04    1428.03  0.000e+00
