ctdpy/exports/archive_20191120_135557/received_data/SBE09_0827_20180128_0953_26_01_0244.cnv
* Sea-Bird SBE 9 Data File:
* FileName = D:\CTD_SBE911\DAT\26DA.2018.1.144.hex
* Software Version Seasave V 7.21d
* Temperature SN = 034757
* Conductivity SN = 041844
* Number of Bytes Per Scan = 48
* Number of Voltage Words = 5
* Number of Scans Averaged by the Deck Unit = 1
* NMEA Latitude = 56 48.67 N
* NMEA Longitude = 012 13.72 E
* NMEA UTC (Time) = Jan 28 2018  09:53:14
* NMEA baud rate = 4800
** Ship: DANA
** Average sound velocity: 1465.79 m/s
** True-depth calculation Thu, 28 Mar 2019 08:33:06 +0000
** CTD Python Module SMHI /ver 3-12/ feb 2012 
** LIMS Job: 20182601-0244
** Ydre Laholmsbugt
** Operator: Ronny Sørensen
** Cruise: 01/2018
# nquan = 26
# nvalues = 72                          
# units = specified
# name 0 = scan: Scan Count
# name 1 = prDM: Pressure, Digiquartz [db]
# name 2 = t090C: Temperature [ITS-90, deg C]
# name 3 = t190C: Temperature, 2 [ITS-90, deg C]
# name 4 = T2-T190C: Temperature Difference, 2 - 1 [ITS-90, deg C]
# name 5 = c0S/m: Conductivity [S/m]
# name 6 = c1S/m: Conductivity, 2 [S/m]
# name 7 = pumps: Pump Status
# name 8 = sbeox1ML/L: Oxygen, SBE 43, 2 [ml/l]
# name 9 = sbeox0ML/L: Oxygen, SBE 43 [ml/l]
# name 10 = altM: Altimeter [m]
# name 11 = chloroflTC0: Chlorophyll, Turner Cyclops [ug/l]
# name 12 = cpar: CPAR/Corrected Irradiance [%]
# name 13 = par: PAR/Irradiance, Biospherical/Lico [µE/(cm^2*s)]
# name 14 = spar: SPAR, Biospherical/Licor
# name 15 = sal00: Salinity, Practical [PSU]
# name 16 = sal11: Salinity, Practical, 2 [PSU]
# name 17 = secS-priS: Salinity, Practical, Difference, 2 - 1 [PSU]
# name 18 = sigma-t00: Density [sigma-t, kg/m^3 ]
# name 19 = sigma-t11: Density, 2 [sigma-t, kg/m^3 ]
# name 20 = depSM: Depth [salt water, m], lat = 56.8112
# name 21 = depFM: Depth [true depth, m], lat = 56.8112
# name 22 = dz/dtM: Descent Rate [m/s], WS = 2
# name 23 = svCM: Sound Velocity [Chen-Millero, m/s]
# name 24 = svCM1: Sound Velocity, 2 [Chen-Millero, m/s]
# name 25 = flag: flag
# span 0 =         33,       4031       
# span 1 =      3.000,     38.500       
# span 2 =     3.7923,     7.4372       
# span 3 =     3.7907,     7.4429       
# span 4 =    -0.0298,     0.3583       
# span 5 =   1.892466,   3.454826       
# span 6 =   1.891875,   3.453337       
# span 7 =          1,          1       
# span 8 =     5.6397,     7.4554       
# span 9 =     5.7905,     7.5412       
# span 10 =       1.88,      10.21      
# span 11 =     0.0203,     0.0390      
# span 12 = -8.627e-05, 5.1645e+00      
# span 13 = -2.102e-04, 1.2691e+01      
# span 14 = 2.4367e+02, 2.4902e+02      
# span 15 =    19.4135,    33.8157      
# span 16 =    19.4078,    33.8154      
# span 17 =    -0.0559,     0.7840      
# span 18 =    15.4238,    26.4481      
# span 19 =    15.4195,    26.4480      
# span 20 =      2.973,     38.143      
# span 21 =      3.009,     38.386      
# span 22 =     -0.035,      0.746      
# span 23 =    1445.84,    1479.24      
# span 24 =    1445.83,    1479.24      
# span 25 = 0.0000e+00, 0.0000e+00      
# interval = decibars: 0.5              
# start_time = Jan 28 2018 09:53:14 [NMEA time, first data scan]
# bad_flag = -9.990e-29
*END*
         33      3.000     3.8025     3.8023    -0.0002    1.89407    1.89381          1     7.4145     7.5412       3.09     0.0209  5.165e+00  1.269e+01  2.457e+02    19.4269    19.4241    -0.0028    15.4339    15.4317      2.973      3.009      0.304    1445.84    1445.83  0.000e+00
        135      3.500     3.8042     3.8024    -0.0018    1.89464    1.89380          1     7.3855     7.5274       3.68     0.0215  3.777e+00  9.281e+00  2.457e+02    19.4321    19.4238    -0.0083    15.4379    15.4314      3.468      3.511      0.305    1445.86    1445.84  0.000e+00
        385      4.000     3.8072     3.8073     0.0000    1.89529    1.89444          1     7.4031     7.5077       1.88     0.0238  3.040e+00  7.470e+00  2.457e+02    19.4373    19.4278    -0.0096    15.4419    15.4343      3.963      4.012      0.198    1445.89    1445.88  0.000e+00
        443      4.500     3.8054     3.8040    -0.0014    1.89493    1.89417          1     7.4479     7.5244       4.11     0.0244  3.041e+00  7.472e+00  2.457e+02    19.4342    19.4266    -0.0076    15.4395    15.4336      4.459      4.514      0.325    1445.88    1445.87  0.000e+00
        469      5.000     3.8037     3.8032    -0.0005    1.89455    1.89387          1     7.4081     7.5217       5.02     0.0219  2.508e+00  6.164e+00  2.457e+02    19.4308    19.4235    -0.0073    15.4369    15.4312      4.954      5.015      0.347    1445.88    1445.87  0.000e+00
        515      5.500     3.8044     3.8026    -0.0018    1.89466    1.89378          1     7.3922     7.5229       4.23     0.0207  2.135e+00  5.246e+00  2.457e+02    19.4314    19.4228    -0.0087    15.4374    15.4306      5.450      5.517      0.288    1445.89    1445.87  0.000e+00
        544      6.000     3.7992     3.7963    -0.0030    1.89363    1.89277          1     7.4343     7.5074       3.71     0.0223  1.829e+00  4.494e+00  2.457e+02    19.4229    19.4150    -0.0079    15.4309    15.4248      5.945      6.018      0.371    1445.87    1445.84  0.000e+00
        633      6.500     3.7969     3.7967    -0.0002    1.89324    1.89268          1     7.4554     7.5308      10.21     0.0229  1.885e+00  4.633e+00  2.457e+02    19.4198    19.4136    -0.0061    15.4286    15.4237      6.440      6.520      0.348    1445.86    1445.85  0.000e+00
        662      7.000     3.7963     3.7936    -0.0026    1.89311    1.89238          1     7.4094     7.5289       9.96     0.0228  1.524e+00  3.744e+00  2.457e+02    19.4184    19.4119    -0.0065    15.4275    15.4225      6.936      7.021      0.372    1445.86    1445.84  0.000e+00
        705      7.500     3.7923     3.7907    -0.0016    1.89247    1.89187          1     7.4212     7.5282       9.96     0.0230  1.214e+00  2.985e+00  2.457e+02    19.4135    19.4078    -0.0056    15.4238    15.4195      7.431      7.523      0.274    1445.85    1445.83  0.000e+00
        818      8.000     3.7931     3.7945     0.0013    1.89294    1.89246          1     7.3327     7.5235       9.96     0.0238  1.290e+00  3.163e+00  2.452e+02    19.4181    19.4120    -0.0061    15.4275    15.4225      7.927      8.024      0.616    1445.86    1445.86  0.000e+00
        830      8.500     3.7966     3.8012     0.0045    1.89420    1.89429          1     7.3367     7.5180       9.95     0.0234  1.034e+00  2.536e+00  2.452e+02    19.4299    19.4282    -0.0017    15.4366    15.4350      8.422      8.526      0.746    1445.90    1445.92  0.000e+00
        846      9.000     3.8033     3.8082     0.0049    1.89645    1.89678          1     7.3438     7.5106       9.95     0.0232  8.171e-01  2.007e+00  2.456e+02    19.4510    19.4517     0.0007    15.4530    15.4532      8.917      9.028      0.618    1445.97    1445.99  0.000e+00
        922      9.500     3.8040     3.8052     0.0011    1.89684    1.89657          1     7.4001     7.5164       9.95     0.0232  7.622e-01  1.860e+00  2.440e+02    19.4547    19.4510    -0.0037    15.4559    15.4528      9.413      9.529      0.409    1445.98    1445.98  0.000e+00
        986     10.000     3.8069     3.8058    -0.0011    1.89779    1.89714          1     7.4382     7.5246       9.95     0.0225  6.060e-01  1.476e+00  2.437e+02    19.4634    19.4569    -0.0065    15.4626    15.4575      9.908     10.031      0.279    1446.01    1446.00  0.000e+00
       1080     10.500     3.8069     3.8105     0.0036    1.89776    1.89857          1     7.3588     7.5118       9.95     0.0203  6.366e-01  1.551e+00  2.437e+02    19.4630    19.4698     0.0068    15.4623    15.4675     10.403     10.532      0.212    1446.02    1446.05  0.000e+00
       1125     11.000     3.8108     3.8169     0.0061    1.89915    1.90079          1     7.3913     7.4973       9.95     0.0204  5.180e-01  1.262e+00  2.437e+02    19.4760    19.4907     0.0147    15.4724    15.4837     10.899     11.034      0.327    1446.06    1446.11  0.000e+00
       1156     11.500     3.8153     3.8173     0.0020    1.90083    1.90120          1     7.4212     7.5056       9.95     0.0208  4.400e-01  1.072e+00  2.437e+02    19.4919    19.4949     0.0030    15.4847    15.4869     11.394     11.535      0.423    1446.11    1446.13  0.000e+00
       1183     12.000     3.8181     3.8179    -0.0002    1.90170    1.90137          1     7.4452     7.4985       9.95     0.0208  3.812e-01  9.290e-01  2.437e+02    19.4998    19.4963    -0.0035    15.4908    15.4880     11.890     12.037      0.469    1446.14    1446.14  0.000e+00
       1208     12.500     3.8186     3.8178    -0.0008    1.90182    1.90137          1     7.4429     7.5035       9.95     0.0206  3.368e-01  8.207e-01  2.437e+02    19.5007    19.4962    -0.0045    15.4915    15.4880     12.385     12.538      0.448    1446.15    1446.14  0.000e+00
       1253     13.000     3.8193     3.8188    -0.0004    1.90207    1.90169          1     7.4127     7.5093       9.95     0.0208  2.974e-01  7.248e-01  2.437e+02    19.5030    19.4990    -0.0040    15.4932    15.4901     12.880     13.040      0.270    1446.17    1446.16  0.000e+00
       1346     13.500     3.8248     3.8388     0.0140    1.90403    1.90739          1     7.3554     7.5095       9.95     0.0208  2.361e-01  5.753e-01  2.437e+02    19.5213    19.5505     0.0292    15.5075    15.5298     13.376     13.541      0.255    1446.22    1446.32  0.000e+00
       1397     14.000     3.8414     3.8707     0.0294    1.91041    1.91780          1     7.3018     7.4743       9.95     0.0206  2.085e-01  5.081e-01  2.437e+02    19.5825    19.6474     0.0649    15.5551    15.6048     13.871     14.043      0.237    1446.38    1446.59  0.000e+00
       1441     14.500     3.9037     3.9456     0.0420    1.93336    1.94165          1     7.2358     7.3757       9.95     0.0207  1.987e-01  4.842e-01  2.437e+02    19.8011    19.8681     0.0670    15.7247    15.7753     14.367     14.544      0.315    1446.94    1447.21  0.000e+00
       1477     15.000     3.9748     4.0181     0.0434    1.96026    1.96829          1     6.8175     7.0867       9.95     0.0208  1.570e-01  3.827e-01  2.437e+02    20.0579    20.1208     0.0629    15.9239    15.9710     14.862     15.045      0.340    1447.59    1447.86  0.000e+00
       1511     15.500     4.1541     4.2607     0.1068    2.04407    2.04830          1     6.6831     6.9554       9.95     0.0208  1.147e-01  2.795e-01  2.437e+02    20.8799    20.8586    -0.0214    16.5636    16.5393     15.357     15.546      0.400    1449.42    1449.86  0.000e+00
       1539     16.000     4.7525     5.1018     0.3500    2.33725    2.39025          1     6.8463     6.9197       9.95     0.0215  9.215e-02  2.246e-01  2.437e+02    23.7343    24.0672     0.3330    18.7767    19.0091     15.853     16.047      0.374    1455.61    1457.50  0.000e+00
       1616     16.500     5.5814     5.7249     0.1413    2.75965    2.80319          1     6.4158     6.4739       9.95     0.0220  8.532e-02  2.079e-01  2.437e+02    27.7974    28.1608     0.3635    21.9119    22.1837     16.348     16.546      0.252    1464.23    1465.27  0.000e+00
       1667     17.000     5.7828     5.9537     0.1709    2.85919    2.89883          1     6.2532     6.3449       9.95     0.0232  5.344e-02  1.303e-01  2.437e+02    28.7297    29.0225     0.2928    22.6259    22.8380     16.843     17.044      0.315    1466.23    1467.29  0.000e+00
       1722     17.500     5.9265     6.1073     0.1805    2.91721    2.98353          1     6.0431     6.2949       9.95     0.0232  4.665e-02  1.137e-01  2.437e+02    29.2486    29.8247     0.5761    23.0195    23.4534     17.339     17.542      0.248    1467.48    1468.93  0.000e+00
       1761     18.000     6.1297     6.4883     0.3583    3.02171    3.08873          1     6.0685     6.1850       9.95     0.0238  4.912e-02  1.197e-01  2.437e+02    30.2255    30.6414     0.4159    23.7667    24.0511     17.834     18.040      0.424    1469.53    1471.48  0.000e+00
       1789     18.500     6.5922     6.9386     0.3475    3.17621    3.27721          1     6.0277     6.0309       9.95     0.0244  2.903e-02  7.075e-02  2.437e+02    31.5086    32.2926     0.7840    24.7219    25.2946     18.330     18.537      0.332    1472.99    1475.33  0.000e+00
       1847     19.000     6.8352     6.9798     0.1449    3.27065    3.31087          1     5.8108     5.9602       9.96     0.0249  4.139e-03  1.009e-02  2.437e+02    32.3169    32.6217     0.3048    25.3272    25.5484     18.825     19.034      0.280    1474.97    1475.91  0.000e+00
       1880     19.500     6.9941     7.1152     0.1211    3.33627    3.35966          1     5.8173     5.9242       9.96     0.0269  3.264e-03  7.955e-03  2.437e+02    32.8854    33.0249     0.1394    25.7541    25.8475     19.320     19.530      0.443    1476.31    1476.95  0.000e+00
       1908     20.000     7.1718     7.2555     0.0838    3.39145    3.39609          1     5.8101     5.9000       9.95     0.0285  1.378e-03  3.358e-03  2.437e+02    33.3169    33.2868    -0.0301    26.0696    26.0344     19.816     20.027      0.376    1477.55    1477.83  0.000e+00
       2009     20.500     7.2361     7.2420     0.0058    3.40511    3.40145          1     5.7313     5.8803       9.95     0.0287 -8.627e-05 -2.102e-04  2.449e+02    33.4035    33.3580    -0.0455    26.1289    26.0923     20.311     20.523      0.342    1477.91    1477.88  0.000e+00
       2056     21.000     7.2665     7.2981     0.0317    3.41082    3.40849          1     5.7264     5.8847       9.96     0.0293  5.305e-13  1.293e-12  2.438e+02    33.4361    33.3802    -0.0559    26.1503    26.1020     20.806     21.019      0.410    1478.08    1478.13  0.000e+00
       2128     21.500     7.2932     7.3611     0.0677    3.41353    3.42195          1     5.7026     5.8622       9.96     0.0292  4.092e-13  1.000e-12  2.444e+02    33.4395    33.4654     0.0259    26.1493    26.1602     21.302     21.516      0.300    1478.19    1478.48  0.000e+00
       2180     22.000     7.3703     7.3933     0.0233    3.43012    3.42936          1     5.6925     5.8367       9.96     0.0283  4.069e-13  1.000e-12  2.458e+02    33.5449    33.5145    -0.0304    26.2215    26.1943     21.797     22.012      0.637    1478.63    1478.68  0.000e+00
       2195     22.500     7.3865     7.3853    -0.0011    3.43351    3.43153          1     5.7004     5.8264       9.96     0.0290  4.073e-13  1.000e-12  2.455e+02    33.5658    33.5454    -0.0203    26.2356    26.2198     22.293     22.508      0.649    1478.73    1478.69  0.000e+00
       2242     23.000     7.3802     7.3815     0.0013    3.43372    3.43197          1     5.7112     5.8270       9.95     0.0294  4.091e-13  1.000e-12  2.444e+02    33.5739    33.5536    -0.0203    26.2429    26.2268     22.788     23.004      0.398    1478.72    1478.70  0.000e+00
       2335     23.500     7.3747     7.3742    -0.0005    3.43353    3.43216          1     5.7017     5.8345       9.95     0.0293  4.070e-13  1.000e-12  2.457e+02    33.5769    33.5625    -0.0144    26.2461    26.2348     23.283     23.501      0.370    1478.71    1478.69  0.000e+00
       2390     24.000     7.3725     7.3692    -0.0032    3.43345    3.43212          1     5.6898     5.8404       9.96     0.0293  4.069e-13  1.000e-12  2.457e+02    33.5780    33.5667    -0.0113    26.2472    26.2388     23.779     23.997      0.219    1478.71    1478.68  0.000e+00
       2449     24.500     7.3554     7.3290    -0.0264    3.43201    3.42991          1     5.7044     5.8330       9.95     0.0295  4.069e-13  1.000e-12  2.457e+02    33.5787    33.5815     0.0028    26.2502    26.2561     24.274     24.493      0.293    1478.65    1478.56  0.000e+00
       2485     25.000     7.3070     7.2908    -0.0163    3.42771    3.42605          1     5.7359     5.8533       9.95     0.0301  4.069e-13  1.000e-12  2.457e+02    33.5786    33.5764    -0.0022    26.2568    26.2573     24.769     24.989      0.357    1478.48    1478.41  0.000e+00
       2519     25.500     7.2910     7.2831    -0.0078    3.42692    3.42622          1     5.7379     5.8505       9.95     0.0303  4.078e-13  1.000e-12  2.452e+02    33.5854    33.5854     0.0000    26.2644    26.2655     25.265     25.486      0.314    1478.43    1478.40  0.000e+00
       2586     26.000     7.2533     7.2468    -0.0065    3.42530    3.42477          1     5.7175     5.8593       9.95     0.0299  4.086e-13  1.000e-12  2.448e+02    33.6042    33.6047     0.0004    26.2845    26.2857     25.760     25.982      0.195    1478.32    1478.29  0.000e+00
       2659     26.500     7.2573     7.2618     0.0044    3.42762    3.42682          1     5.7502     5.8565       9.95     0.0307  4.071e-13  1.000e-12  2.457e+02    33.6252    33.6122    -0.0130    26.3004    26.2896     26.255     26.478      0.340    1478.37    1478.37  0.000e+00
       2695     27.000     7.3002     7.3116     0.0115    3.43281    3.43255          1     5.7686     5.8353       9.95     0.0312  4.097e-13  1.000e-12  2.441e+02    33.6398    33.6258    -0.0140    26.3060    26.2933     26.751     26.974      0.283    1478.56    1478.59  0.000e+00
       2765     27.500     7.3689     7.3743     0.0054    3.44387    3.44284          1     5.6997     5.8326       9.95     0.0305  4.074e-13  1.000e-12  2.455e+02    33.6929    33.6764    -0.0165    26.3381    26.3244     27.246     27.470      0.257    1478.90    1478.90  0.000e+00
       2808     28.000     7.4073     7.4128     0.0054    3.45027    3.44893          1     5.6945     5.8235       9.96     0.0314  4.069e-13  1.000e-12  2.457e+02    33.7249    33.7050    -0.0199    26.3579    26.3414     27.741     27.967      0.445    1479.09    1479.09  0.000e+00
       2832     28.500     7.4372     7.4429     0.0056    3.45483    3.45334          1     5.6923     5.7905       9.95     0.0317  4.090e-13  1.000e-12  2.445e+02    33.7450    33.7233    -0.0217    26.3695    26.3516     28.237     28.463      0.494    1479.24    1479.24  0.000e+00
       2881     29.000     7.3634     7.3338    -0.0298    3.44768    3.44711          1     5.6397     5.8179       9.96     0.0315  4.097e-13  1.000e-12  2.441e+02    33.7389    33.7617     0.0227    26.3751    26.3971     28.732     28.959      0.361    1478.96    1478.87  0.000e+00
       2989     29.500     7.2835     7.2698    -0.0136    3.44107    3.44066          1     5.6990     5.8521       9.96     0.0337  4.101e-13  1.000e-12  2.438e+02    33.7448    33.7537     0.0089    26.3909    26.3998     29.227     29.455      0.341    1478.67    1478.63  0.000e+00
       3092     30.000     7.2707     7.2663    -0.0044    3.44032    3.44003          1     5.7669     5.8693       9.95     0.0363  4.069e-13  1.000e-12  2.457e+02    33.7489    33.7500     0.0011    26.3959    26.3974     29.723     29.951      0.468    1478.63    1478.61  0.000e+00
