ctdpy/exports/archive_20191120_135557/received_data/SBE09_1044_20180528_0908_34_07_0037.cnv
* Sea-Bird SBE 9 Data File:
* FileName = C:\ctd\temp\2018\AU18D037.hex
* Software Version Seasave V 7.26.6.26
* Temperature SN = 5351
* Conductivity SN = 3941
* Number of Bytes Per Scan = 41
* Number of Voltage Words = 4
* Number of Scans Averaged by the Deck Unit = 1
* NMEA Latitude = 55 00.96 N
* NMEA Longitude = 013 18.07 E
* NMEA UTC (Time) = May 28 2018  09:09:02
* NMEA baud rate = 4800
** Station:  BY1
** Operator:  SSip
** Ship: AURA
** Average sound velocity: 1452.28 m/s
** True-depth calculation Mon, 28 May 2018 09:42:05 +0000
** CTD Python Module SMHI /ver 3-12/ feb 2012 
** LIMS Job: 20183407-0037
** Cruise: SMHI-02-2018
** Latitude [GG MM.mm N] :
** Longitude [GG MM.mm E]:
# nquan = 26
# nvalues = 86                          
# units = specified
# name 0 = scan: Scan Count
# name 1 = prDM: Pressure, Digiquartz [db]
# name 2 = t090C: Temperature [ITS-90, deg C]
# name 3 = t190C: Temperature, 2 [ITS-90, deg C]
# name 4 = T2-T190C: Temperature Difference, 2 - 1 [ITS-90, deg C]
# name 5 = c0S/m: Conductivity [S/m]
# name 6 = c1S/m: Conductivity, 2 [S/m]
# name 7 = pumps: Pump Status
# name 8 = sbeox0ML/L: Oxygen, SBE 43 [ml/l]
# name 9 = sbeox1ML/L: Oxygen, SBE 43, 2 [ml/l]
# name 10 = altM: Altimeter [m]
# name 11 = flECO-AFL: Chl-a Fluorescence, WET Labs ECO-AFL/FL [mg/m^3]
# name 12 = flECO-AFL1: Phycocyanin Fluorescence, WET Labs ECO-AFL/FL, 2 [mg/m^3]
# name 13 = par: PAR/Irradiance, Biospherical/Lico [µE/(cm^2*s)]
# name 14 = turbWETntu0: Turbidity, WET Labs ECO [NTU]
# name 15 = sal00: Salinity, Practical [PSU]
# name 16 = sal11: Salinity, Practical, 2 [PSU]
# name 17 = secS-priS: Salinity, Practical, Difference, 2 - 1 [PSU]
# name 18 = sigma-t00: Density [sigma-t, Kg/m^3 ]
# name 19 = sigma-t11: Density, 2 [sigma-t, Kg/m^3 ]
# name 20 = depSM: Depth [salt water, m], lat = 55.016
# name 21 = depFM: Depth [true depth, m], lat = 55.016
# name 22 = dz/dtM: Descent Rate [m/s], WS = 2
# name 23 = svCM: Sound Velocity [Chen-Millero, m/s]
# name 24 = svCM1: Sound Velocity, 2 [Chen-Millero, m/s]
# name 25 = flag: flag
# span 0 =       8939,      11829       
# span 1 =      1.000,     43.500       
# span 2 =     4.6533,    13.5661       
# span 3 =     4.6639,    13.5678       
# span 4 =    -0.0441,     0.0314       
# span 5 =   0.844949,   1.698028       
# span 6 =   0.844686,   1.689428       
# span 7 =          1,          1       
# span 8 =    0.67486,    8.73656       
# span 9 =    0.72984,    8.77111       
# span 10 =       1.06,      43.60      
# span 11 =     0.5697,     4.2618      
# span 12 =     0.2324,     0.5761      
# span 13 = 7.5005e-02, 4.6300e+03      
# span 14 =     0.2243,     0.7223      
# span 15 =     7.3725,    16.7463      
# span 16 =     7.3716,    16.6507      
# span 17 =    -0.0957,     0.0182      
# span 18 =     5.0735,    13.2589      
# span 19 =     5.0729,    13.1827      
# span 20 =      0.991,     43.103      
# span 21 =      1.013,     44.053      
# span 22 =     -0.314,      0.531      
# span 23 =    1437.81,    1469.79      
# span 24 =    1437.81,    1469.80      
# span 25 = 0.0000e+00, 0.0000e+00      
# interval = decibars: 0.5              
# start_time = May 28 2018 09:09:03 [NMEA time, first data scan]
# bad_flag = -9.990e-29
*END*
[from data line 56]
      10672     29.000     6.5769     6.5825     0.0056    0.86999    0.87016          1     8.3306     8.1953      15.23     0.9573     0.3292  2.427e+00  0.2673000     7.7004     7.7007     0.0004     6.0070     6.0070     28.737     29.379      0.476    1443.33    1443.36  0.000e+00
      10696     29.500     6.6038     6.6074     0.0036    0.87132    0.87137          1     8.3069     8.2006      14.73     0.9694     0.3104  2.204e+00  0.2975000     7.7069     7.7066    -0.0003     6.0105     6.0100     29.232     29.885      0.485    1443.46    1443.48  0.000e+00
      10722     30.000     6.5629     6.5652     0.0023    0.87047    0.87049          1     8.3174     8.2152      14.19     0.9590     0.3003  2.002e+00  0.2990000     7.7079     7.7076    -0.0003     6.0139     6.0135     29.727     30.391      0.429    1443.30    1443.31  0.000e+00
      10752     30.500     6.5262     6.5318     0.0056    0.87013    0.87019          1     8.2755     8.1702      13.64     0.9309     0.3034  1.824e+00  0.2907000     7.7129     7.7122    -0.0007     6.0201     6.0192     30.223     30.897      0.429    1443.16    1443.18  0.000e+00
      10778     31.000     6.4229     6.4275     0.0047    0.86830    0.86836          1     8.2840     8.1947      13.16     0.9119     0.3593  1.648e+00  0.2834000     7.7187     7.7183    -0.0004     6.0310     6.0303     30.718     31.403      0.473    1442.74    1442.76  0.000e+00
      10803     31.500     6.3392     6.3448     0.0056    0.86737    0.86740          1     8.2273     8.1396      12.65     0.9194     0.3572  1.507e+00  0.2942000     7.7287     7.7277    -0.0010     6.0439     6.0428     31.214     31.910      0.462    1442.40    1442.42  0.000e+00
      10830     32.000     6.2956     6.2996     0.0040    0.86779    0.86788          1     8.2356     8.1298      12.13     0.9110     0.3309  1.391e+00  0.2761000     7.7426     7.7425    -0.0001     6.0574     6.0571     31.709     32.416      0.439    1442.24    1442.26  0.000e+00
      10857     32.500     6.1796     6.1859     0.0063    0.86840    0.86858          1     8.1436     8.0325      11.60     0.8580     0.3387  1.267e+00  0.2797000     7.7748     7.7751     0.0003     6.0895     6.0894     32.204     32.922      0.471    1441.80    1441.82  0.000e+00
      10881     33.000     6.1417     6.1456     0.0040    0.87153    0.87150          1     8.0375     7.9519      11.11     0.8221     0.3238  1.136e+00  0.2816000     7.8136     7.8124    -0.0012     6.1223     6.1211     32.700     33.428      0.477    1441.69    1441.71  0.000e+00
      10908     33.500     5.9367     5.9356    -0.0013    0.86727    0.86713          1     8.0138     7.9478      10.58     0.7997     0.3016  1.024e+00  0.3128000     7.8196     7.8185    -0.0011     6.1384     6.1376     33.195     33.934      0.418    1440.83    1440.82  0.000e+00
      10938     34.000     5.8698     5.8661    -0.0036    0.86620    0.86614          1     7.9989     7.9135      10.05     0.7271     0.2404  9.375e-01  0.3036000     7.8247     7.8249     0.0002     6.1460     6.1464     33.691     34.441      0.421    1440.56    1440.54  0.000e+00
      10965     34.500     5.8420     5.8451     0.0031    0.86820    0.86817          1     7.9472     7.8355       9.56     0.6945     0.2554  8.625e-01  0.3067000     7.8505     7.8494    -0.0011     6.1678     6.1668     34.186     34.947      0.485    1440.48    1440.49  0.000e+00
      10988     35.000     5.8038     5.8069     0.0031    0.86838    0.86839          1     7.9204     7.8142       9.07     0.6833     0.2675  7.842e-01  0.3291000     7.8610     7.8603    -0.0006     6.1781     6.1774     34.682     35.453      0.508    1440.33    1440.35  0.000e+00
      11013     35.500     5.7895     5.7917     0.0022    0.86844    0.86844          1     7.9229     7.8275       8.55     0.6858     0.2664  7.009e-01  0.3756000     7.8648     7.8643    -0.0005     6.1819     6.1814     35.177     35.959      0.457    1440.29    1440.29  0.000e+00
      11042     36.000     5.7931     5.7951     0.0020    0.86889    0.86889          1     7.9158     7.8284       7.99     0.6934     0.2655  6.380e-01  0.4140000     7.8683     7.8678    -0.0005     6.1844     6.1840     35.672     36.465      0.389    1440.31    1440.32  0.000e+00
      11073     36.500     5.7757     5.7780     0.0022    0.86933    0.86933          1     7.9000     7.8125       7.41     0.6712     0.2645  5.819e-01  0.4174000     7.8766     7.8761    -0.0006     6.1919     6.1914     36.168     36.971      0.427    1440.26    1440.26  0.000e+00
      11098     37.000     5.7115     5.7060    -0.0057    0.86782    0.86752          1     7.9147     7.8488       6.52     0.6728     0.2356  5.275e-01  0.4361000     7.8768     7.8752    -0.0016     6.1953     6.1943     36.663     37.477      0.491    1439.99    1439.96  0.000e+00
      11123     37.500     5.6672     5.6712     0.0041    0.86643    0.86648          1     7.9455     7.8822       6.82     0.6519     0.2467  4.711e-01  0.4571000     7.8735     7.8731    -0.0004     6.1950     6.1945     37.159     37.984      0.456    1439.80    1439.82  0.000e+00
      11152     38.000     5.6481     5.6475    -0.0005    0.86593    0.86581          1     7.9668     7.9002       6.50     0.6675     0.2913  4.241e-01  0.4674000     7.8730     7.8720    -0.0011     6.1956     6.1948     37.654     38.490      0.391    1439.72    1439.72  0.000e+00
      11182     38.500     5.6436     5.6438     0.0002    0.86583    0.86576          1     7.9662     7.8880       5.97     0.6657     0.3038  3.737e-01  0.4778000     7.8730     7.8723    -0.0007     6.1958     6.1952     38.149     38.996      0.414    1439.71    1439.71  0.000e+00
      11211     39.000     5.6433     5.6500     0.0067    0.86590    0.86604          1     7.9702     7.8815       5.30     0.6759     0.3159  3.281e-01  0.4813000     7.8737     7.8735    -0.0002     6.1963     6.1959     38.645     39.502      0.402    1439.72    1439.75  0.000e+00
      11243     39.500     5.6510     5.6498    -0.0012    0.86622    0.86613          1     7.9605     7.8779       5.43     0.6705     0.2768  2.963e-01  0.4929000     7.8750     7.8744    -0.0006     6.1970     6.1966     39.140     40.008      0.358    1439.76    1439.76  0.000e+00
      11276     40.000     5.6385     5.6429     0.0044    0.86590    0.86596          1     7.9662     7.8837       5.03     0.6564     0.2785  2.660e-01  0.4740000     7.8747     7.8743    -0.0005     6.1974     6.1968     39.636     40.514      0.381    1439.72    1439.73  0.000e+00
      11306     40.500     5.6360     5.6426     0.0066    0.86589    0.86598          1     7.9918     7.9153       4.55     0.6347     0.2874  2.355e-01  0.4541000     7.8751     7.8745    -0.0006     6.1978     6.1970     40.131     41.020      0.411    1439.71    1439.74  0.000e+00
      11336     41.000     5.6104     5.6141     0.0037    0.86552    0.86567          1     7.9951     7.8940       4.03     0.6652     0.2555  2.028e-01  0.4765000     7.8774     7.8780     0.0006     6.2009     6.2012     40.626     41.526      0.371    1439.61    1439.63  0.000e+00
      11370     41.500     5.5558     5.5451    -0.0107    0.88119    0.88279          1     7.7615     7.6319       3.49     0.6838     0.2649  1.726e-01  0.5392000     8.0444     8.0626     0.0182     6.3354     6.3503     41.122     42.033      0.359    1439.60    1439.57  0.000e+00
      11403     42.000     5.1775     5.1880     0.0105    0.89717    0.89698          1     7.3586     7.2749       2.95     0.6546     0.2654  1.453e-01  0.6358000     8.2941     8.2896    -0.0044     6.5505     6.5465     41.617     42.539      0.360    1438.28    1438.32  0.000e+00
      11436     42.500     5.0479     5.0440    -0.0038    0.90148    0.90229          1     7.1278     6.7574       2.45     0.5697     0.2324  1.266e-01  0.5796000     8.3693     8.3784     0.0091     6.6157     6.6231     42.112     43.045      0.369    1437.81    1437.81  0.000e+00
      11467     43.000     4.8581     4.8642     0.0061    1.25405    1.25380          1     5.2255     3.9602       1.95     0.6513     0.2530  1.088e-01  0.5726000    12.0498    12.0434    -0.0064     9.5350     9.5296     42.608     43.550      0.373    1441.67    1441.69  0.000e+00
      11829     43.500     4.6533     4.6639     0.0107    1.69803    1.68943          1     0.6749     0.7298       1.06     1.2315     0.3886  7.501e-02  0.7223000    16.7463    16.6507    -0.0957    13.2589    13.1827     43.103     44.053     -0.314    1446.76    1446.68  0.000e+00
