ctdpy/exports/archive_20191120_135557/received_data/SBE09_0827_20181008_0637_26_01_1043.cnv
* Sea-Bird SBE 9 Data File:
* FileName = D:\CTD_SBE911\DAT\26DA.2018.10.43.hex
* Software Version Seasave V 7.21d
* Temperature SN = 4548
* Conductivity SN = 3062
* Number of Bytes Per Scan = 48
* Number of Voltage Words = 5
* Number of Scans Averaged by the Deck Unit = 1
* NMEA Latitude = 58 46.62 N
* NMEA Longitude = 019 09.54 E
* NMEA UTC (Time) = Oct 08 2018  06:40:19
* NMEA baud rate = 4800
** Ship: DANA
** Average sound velocity: 1440.14 m/s
** True-depth calculation Thu, 28 Mar 2019 12:21:37 +0000
** CTD Python Module SMHI /ver 3-12/ feb 2012 
** LIMS Job: 20182601-1043
** Operator: Christian
** Cruise: 10/2018
# nquan = 26
# nvalues = 260                         
# units = specified
# name 0 = scan: Scan Count
# name 1 = prDM: Pressure, Digiquartz [db]
# name 2 = t090C: Temperature [ITS-90, deg C]
# name 3 = t190C: Temperature, 2 [ITS-90, deg C]
# name 4 = T2-T190C: Temperature Difference, 2 - 1 [ITS-90, deg C]
# name 5 = c0S/m: Conductivity [S/m]
# name 6 = c1S/m: Conductivity, 2 [S/m]
# name 7 = pumps: Pump Status
# name 8 = sbeox1ML/L: Oxygen, SBE 43, 2 [ml/l]
# name 9 = sbeox0ML/L: Oxygen, SBE 43 [ml/l]
# name 10 = altM: Altimeter [m]
# name 11 = chloroflTC0: Chlorophyll, Turner Cyclops [ug/l]
# name 12 = cpar: CPAR/Corrected Irradiance [%]
# name 13 = par: PAR/Irradiance, Biospherical/Lico [µE/(cm^2*s)]
# name 14 = spar: SPAR, Biospherical/Licor
# name 15 = sal00: Salinity, Practical [PSU]
# name 16 = sal11: Salinity, Practical, 2 [PSU]
# name 17 = secS-priS: Salinity, Practical, Difference, 2 - 1 [PSU]
# name 18 = sigma-t00: Density [sigma-t, kg/m^3 ]
# name 19 = sigma-t11: Density, 2 [sigma-t, kg/m^3 ]
# name 20 = depSM: Depth [salt water, m], lat = 58.777
# name 21 = depFM: Depth [true depth, m], lat = 58.777
# name 22 = dz/dtM: Descent Rate [m/s], WS = 2
# name 23 = svCM: Sound Velocity [Chen-Millero, m/s]
# name 24 = svCM1: Sound Velocity, 2 [Chen-Millero, m/s]
# name 25 = flag: flag
# span 0 =        -46,      11721       
# span 1 =      1.000,    130.500       
# span 2 =     3.3870,     9.6383       
# span 3 =     3.3884,     9.6388       
# span 4 =    -0.0303,     0.5020       
# span 5 =   0.760759,   1.211329       
# span 6 =   0.761057,   1.211479       
# span 7 =          1,          1       
# span 8 =     0.0461,     7.5850       
# span 9 =     0.0441,     7.2105       
# span 10 =       2.19,      10.05      
# span 11 =     0.0159,     0.0347      
# span 12 = -7.321e-12, 1.0202e+01      
# span 13 = -1.844e-11, 2.8533e+01      
# span 14 = 1.9095e+02, 2.8008e+02      
# span 15 =     6.8088,    11.1388      
# span 16 =     6.8087,    11.1398      
# span 17 =    -0.0193,     0.2028      
# span 18 =     5.0574,     8.7432      
# span 19 =     5.0572,     8.7439      
# span 20 =      0.991,    129.242      
# span 21 =      1.013,    131.981      
# span 22 =     -0.088,      0.540      
# span 23 =    1429.17,    1454.35      
# span 24 =    1429.19,    1454.35      
# span 25 = 0.0000e+00, 0.0000e+00      
# interval = decibars: 0.5              
# start_time = Oct 08 2018 06:40:19 [NMEA time, first data scan]
# bad_flag = -9.990e-29
*END*
[from data line 56]
       2794     29.000     3.5333     3.5346     0.0014    0.76149    0.76157          1     7.5137     7.0730       9.98     0.0159  4.173e-13  1.000e-12  2.396e+02     7.3118     7.3123     0.0005     5.8223     5.8227     28.727     29.377      0.232    1429.48    1429.49  0.000e+00
       2842     29.500     3.5306     3.5352     0.0047    0.76157    0.76158          1     7.5183     7.0704       9.96     0.0160  4.173e-13  1.000e-12  2.396e+02     7.3131     7.3122    -0.0010     5.8234     5.8226     29.223     29.884      0.289    1429.48    1429.50  0.000e+00
       2882     30.000     3.5272     3.5314     0.0042    0.76166    0.76166          1     7.5174     7.0693       8.79     0.0162  4.177e-13  1.000e-12  2.394e+02     7.3147     7.3138    -0.0010     5.8247     5.8239     29.718     30.390      0.286    1429.47    1429.49  0.000e+00
       2928     30.500     3.5299     3.5303     0.0003    0.76170    0.76171          1     7.5185     7.0668       9.96     0.0159  4.184e-13  1.000e-12  2.390e+02     7.3144     7.3145     0.0000     5.8244     5.8245     30.213     30.896      0.245    1429.49    1429.49  0.000e+00
       2974     31.000     3.5271     3.5305     0.0034    0.76167    0.76172          1     7.5189     7.0701       9.96     0.0160  4.209e-13  1.000e-12  2.376e+02     7.3148     7.3145    -0.0003     5.8248     5.8245     30.708     31.403      0.291    1429.49    1429.50  0.000e+00
       3016     31.500     3.5259     3.5288     0.0029    0.76168    0.76174          1     7.5191     7.0670       9.96     0.0159  4.209e-13  1.000e-12  2.376e+02     7.3150     7.3150    -0.0000     5.8250     5.8249     31.204     31.909      0.262    1429.49    1429.50  0.000e+00
       3067     32.000     3.5254     3.5279     0.0025    0.76180    0.76172          1     7.5169     7.0708       9.96     0.0159  4.210e-13  1.000e-12  2.375e+02     7.3163     7.3150    -0.0013     5.8260     5.8249     31.699     32.415      0.237    1429.50    1429.51  0.000e+00
       3111     32.500     3.5245     3.5267     0.0022    0.76204    0.76189          1     7.5243     7.0717       9.96     0.0160  4.243e-13  1.000e-12  2.357e+02     7.3190     7.3169    -0.0021     5.8281     5.8265     32.194     32.922      0.315    1429.51    1429.51  0.000e+00
       3152     33.000     3.5220     3.5251     0.0031    0.76199    0.76202          1     7.5228     7.0680       9.96     0.0163  4.245e-13  1.000e-12  2.356e+02     7.3189     7.3186    -0.0003     5.8281     5.8278     32.689     33.428      0.242    1429.50    1429.52  0.000e+00
       3205     33.500     3.5215     3.5233     0.0018    0.76190    0.76198          1     7.5163     7.0769       9.96     0.0159  4.245e-13  1.000e-12  2.356e+02     7.3181     7.3185     0.0004     5.8275     5.8278     33.185     33.934      0.298    1429.51    1429.52  0.000e+00
       3237     34.000     3.5214     3.5234     0.0019    0.76189    0.76195          1     7.5080     7.0761       9.96     0.0160  4.247e-13  1.000e-12  2.354e+02     7.3178     7.3180     0.0002     5.8273     5.8274     33.680     34.441      0.401    1429.51    1429.52  0.000e+00
       3271     34.500     3.5212     3.5225     0.0013    0.76191    0.76194          1     7.5179     7.0711       7.27     0.0162  4.249e-13  1.000e-12  2.354e+02     7.3180     7.3181     0.0000     5.8275     5.8275     34.175     34.947      0.274    1429.52    1429.53  0.000e+00
       3335     35.000     3.5197     3.5226     0.0029    0.76191    0.76194          1     7.5190     7.0705       8.65     0.0161  4.281e-13  1.000e-12  2.336e+02     7.3184     7.3180    -0.0004     5.8277     5.8274     34.670     35.453      0.258    1429.52    1429.54  0.000e+00
       3372     35.500     3.5178     3.5206     0.0028    0.76191    0.76194          1     7.5199     7.0676       9.95     0.0159  4.282e-13  1.000e-12  2.336e+02     7.3187     7.3184    -0.0003     5.8280     5.8278     35.166     35.960      0.352    1429.52    1429.53  0.000e+00
       3417     36.000     3.5161     3.5186     0.0025    0.76182    0.76187          1     7.5170     7.0698       9.96     0.0159  4.297e-13  1.000e-12  2.327e+02     7.3180     7.3181     0.0000     5.8276     5.8275     35.661     36.466      0.220    1429.52    1429.53  0.000e+00
       3476     36.500     3.5139     3.5160     0.0020    0.76181    0.76182          1     7.5077     7.0700       9.96     0.0160  4.320e-13  1.000e-12  2.315e+02     7.3184     7.3180    -0.0004     5.8279     5.8276     36.156     36.972      0.304    1429.52    1429.53  0.000e+00
       3510     37.000     3.5020     3.5123     0.0102    0.76191    0.76185          1     7.5046     7.0623       9.96     0.0159  4.319e-13  1.000e-12  2.315e+02     7.3220     7.3191    -0.0029     5.8310     5.8285     36.652     37.479      0.344    1429.48    1429.52  0.000e+00
       3550     37.500     3.4980     3.5046     0.0066    0.76196    0.76192          1     7.5078     7.0658       7.85     0.0161  4.319e-13  1.000e-12  2.315e+02     7.3234     7.3215    -0.0020     5.8322     5.8305     37.147     37.985      0.261    1429.47    1429.50  0.000e+00
       3599     38.000     3.4859     3.4995     0.0135    0.76210    0.76198          1     7.5101     7.0674      10.05     0.0160  4.319e-13  1.000e-12  2.315e+02     7.3276     7.3233    -0.0043     5.8356     5.8320     37.642     38.491      0.258    1429.43    1429.48  0.000e+00
       3641     38.500     3.4841     3.4898     0.0057    0.76207    0.76207          1     7.5136     7.0717       9.96     0.0159  4.330e-13  1.000e-12  2.309e+02     7.3276     7.3263    -0.0013     5.8357     5.8346     38.137     38.997      0.285    1429.43    1429.45  0.000e+00
       3688     39.000     3.4614     3.4795     0.0181    0.76234    0.76216          1     7.5115     7.0657       9.96     0.0159  4.358e-13  1.000e-12  2.295e+02     7.3354     7.3294    -0.0060     5.8423     5.8372     38.632     39.504      0.240    1429.34    1429.42  0.000e+00
       3741     39.500     3.4301     3.4404     0.0103    0.76349    0.76292          1     7.5131     7.0684       8.91     0.0160  4.358e-13  1.000e-12  2.295e+02     7.3544     7.3461    -0.0083     5.8579     5.8511     39.128     40.010      0.229    1429.23    1429.27  0.000e+00
       3787     40.000     3.4116     3.4307     0.0191    0.76533    0.76404          1     7.4818     7.0654       9.96     0.0159  4.391e-13  1.000e-12  2.278e+02     7.3776     7.3598    -0.0178     5.8767     5.8622     39.623     40.516      0.297    1429.18    1429.25  0.000e+00
       3828     40.500     3.4067     3.4167     0.0100    0.76545    0.76506          1     7.4661     7.0498       9.96     0.0159  4.396e-13  1.000e-12  2.274e+02     7.3798     7.3735    -0.0063     5.8785     5.8734     40.118     41.023      0.263    1429.17    1429.21  0.000e+00
       3878     41.000     3.4058     3.4094     0.0036    0.76558    0.76546          1     7.4613     7.0313       9.96     0.0159  4.396e-13  1.000e-12  2.274e+02     7.3813     7.3792    -0.0021     5.8797     5.8780     40.613     41.529      0.280    1429.18    1429.19  0.000e+00
       3912     41.500     3.4098     3.4081    -0.0017    0.76606    0.76564          1     7.4547     7.0266       9.96     0.0159  4.396e-13  1.000e-12  2.274e+02     7.3854     7.3813    -0.0040     5.8829     5.8797     41.109     42.035      0.375    1429.21    1429.20  0.000e+00
       3949     42.000     3.4200     3.4136    -0.0064    0.76712    0.76629          1     7.4387     7.0133       9.96     0.0159  4.396e-13  1.000e-12  2.274e+02     7.3938     7.3867    -0.0071     5.8895     5.8839     41.604     42.542      0.236    1429.28    1429.24  0.000e+00
       4014     42.500     3.4418     3.4295    -0.0123    0.77051    0.76848          1     7.4452     6.9961       9.96     0.0159  4.432e-13  1.000e-12  2.257e+02     7.4239     7.4057    -0.0182     5.9131     5.8988     42.099     43.048      0.340    1429.42    1429.34  0.000e+00
       4044     43.000     3.4348     3.4366     0.0018    0.77156    0.77055          1     7.5241     7.0110       9.96     0.0159  4.436e-13  1.000e-12  2.254e+02     7.4363     7.4255    -0.0108     5.9230     5.9144     42.594     43.554      0.319    1429.41    1429.41  0.000e+00
       4100     43.500     3.4071     3.4250     0.0178    0.77218    0.77175          1     7.5850     7.0964       9.96     0.0159  4.436e-13  1.000e-12  2.254e+02     7.4490     7.4404    -0.0087     5.9337     5.9265     43.090     44.060      0.241    1429.31    1429.38  0.000e+00
       4139     44.000     3.3929     3.4068     0.0139    0.77258    0.77218          1     7.5422     7.1204       9.96     0.0159  4.436e-13  1.000e-12  2.254e+02     7.4564     7.4490    -0.0074     5.9398     5.9336     43.585     44.567      0.357    1429.27    1429.32  0.000e+00
       4178     44.500     3.3900     3.3949     0.0049    0.77275    0.77259          1     7.5013     7.0936       9.96     0.0159  4.436e-13  1.000e-12  2.254e+02     7.4587     7.4559    -0.0028     5.9416     5.9393     44.080     45.073      0.257    1429.26    1429.28  0.000e+00
       4228     45.000     3.3870     3.3910     0.0040    0.77377    0.77292          1     7.4134     7.0642       9.96     0.0159  4.458e-13  1.000e-12  2.243e+02     7.4698     7.4601    -0.0097     5.9506     5.9427     44.575     45.579      0.283    1429.27    1429.28  0.000e+00
       4265     45.500     3.3875     3.3887     0.0011    0.77423    0.77375          1     7.3346     7.0182       9.96     0.0159  4.476e-13  1.000e-12  2.234e+02     7.4745     7.4692    -0.0053     5.9543     5.9500     45.071     46.085      0.306    1429.29    1429.29  0.000e+00
       4326     46.000     3.3875     3.3884     0.0010    0.77427    0.77419          1     7.3242     6.9371       9.96     0.0159  4.485e-13  1.000e-12  2.230e+02     7.4748     7.4738    -0.0010     5.9545     5.9537     45.566     46.592      0.243    1429.30    1429.30  0.000e+00
       4372     46.500     3.3885     3.3886     0.0001    0.77443    0.77431          1     7.3244     6.9071       9.96     0.0159  4.518e-13  1.000e-12  2.213e+02     7.4762     7.4750    -0.0012     5.9556     5.9546     46.061     47.098      0.388    1429.31    1429.31  0.000e+00
       4404     47.000     3.3908     3.3900    -0.0007    0.77478    0.77454          1     7.3040     6.8922       9.96     0.0159  4.518e-13  1.000e-12  2.214e+02     7.4792     7.4769    -0.0023     5.9580     5.9562     46.556     47.604      0.299    1429.33    1429.33  0.000e+00
       4467     47.500     3.3950     3.3935    -0.0014    0.77537    0.77502          1     7.2655     6.8663       9.96     0.0159  4.518e-13  1.000e-12  2.214e+02     7.4843     7.4811    -0.0032     5.9619     5.9594     47.051     48.110      0.276    1429.37    1429.35  0.000e+00
       4498     48.000     3.3958     3.3952    -0.0006    0.77546    0.77528          1     7.2513     6.8519       9.96     0.0159  4.518e-13  1.000e-12  2.214e+02     7.4850     7.4833    -0.0017     5.9625     5.9611     47.547     48.617      0.430    1429.38    1429.37  0.000e+00
       4529     48.500     3.3968     3.3966    -0.0002    0.77566    0.77551          1     7.2373     6.8334       9.96     0.0159  4.518e-13  1.000e-12  2.214e+02     7.4867     7.4853    -0.0015     5.9638     5.9627     48.042     49.123      0.307    1429.39    1429.39  0.000e+00
       4592     49.000     3.3973     3.3979     0.0006    0.77577    0.77572          1     7.2339     6.8139       9.96     0.0159  4.523e-13  1.000e-12  2.211e+02     7.4877     7.4871    -0.0006     5.9646     5.9641     48.537     49.629      0.224    1429.40    1429.41  0.000e+00
       4636     49.500     3.3979     3.3981     0.0002    0.77587    0.77578          1     7.2291     6.8044       9.96     0.0159  4.560e-13  1.000e-12  2.193e+02     7.4886     7.4876    -0.0010     5.9653     5.9645     49.032     50.135      0.321    1429.42    1429.41  0.000e+00
       4677     50.000     3.3982     3.3983     0.0002    0.77596    0.77585          1     7.2259     6.8032       9.96     0.0159  4.559e-13  1.000e-12  2.193e+02     7.4893     7.4882    -0.0011     5.9659     5.9650     49.527     50.642      0.247    1429.43    1429.43  0.000e+00
       4731     50.500     3.3984     3.3988     0.0004    0.77599    0.77592          1     7.2214     6.8002       9.96     0.0159  4.559e-13  1.000e-12  2.193e+02     7.4895     7.4888    -0.0007     5.9660     5.9654     50.023     51.148      0.270    1429.43    1429.44  0.000e+00
       4768     51.000     3.3988     3.3990     0.0002    0.77604    0.77598          1     7.2190     6.7952       9.96     0.0159  4.559e-13  1.000e-12  2.193e+02     7.4899     7.4892    -0.0007     5.9663     5.9658     50.518     51.654      0.326    1429.45    1429.45  0.000e+00
       4811     51.500     3.3988     3.3994     0.0006    0.77607    0.77607          1     7.2115     6.7837       9.96     0.0159  4.562e-13  1.000e-12  2.192e+02     7.4901     7.4900    -0.0002     5.9665     5.9664     51.013     52.160      0.245    1429.45    1429.46  0.000e+00
       4858     52.000     3.3999     3.3998    -0.0001    0.77621    0.77611          1     7.2040     6.7844       9.96     0.0159  4.590e-13  1.000e-12  2.179e+02     7.4913     7.4902    -0.0010     5.9674     5.9666     51.508     52.667      0.298    1429.47    1429.47  0.000e+00
       4899     52.500     3.4025     3.4021    -0.0003    0.77639    0.77631          1     7.1928     6.7800       9.96     0.0159  4.602e-13  1.000e-12  2.173e+02     7.4925     7.4917    -0.0007     5.9683     5.9678     52.004     53.173      0.247    1429.49    1429.49  0.000e+00
       4959     53.000     3.4042     3.4056     0.0013    0.77660    0.77660          1     7.1779     6.7528       9.96     0.0159  4.602e-13  1.000e-12  2.173e+02     7.4942     7.4938    -0.0004     5.9697     5.9694     52.499     53.679      0.267    1429.51    1429.51  0.000e+00
       4995     53.500     3.4064     3.4054    -0.0010    0.77677    0.77663          1     7.1759     6.7557       9.96     0.0159  4.602e-13  1.000e-12  2.173e+02     7.4954     7.4941    -0.0013     5.9706     5.9696     52.994     54.185      0.347    1429.53    1429.52  0.000e+00
       5043     54.000     3.4115     3.4085    -0.0030    0.77708    0.77687          1     7.1566     6.7487       9.96     0.0159  4.618e-13  1.000e-12  2.165e+02     7.4973     7.4958    -0.0015     5.9720     5.9709     53.489     54.692      0.212    1429.56    1429.54  0.000e+00
       5093     54.500     3.4139     3.4107    -0.0032    0.77718    0.77698          1     7.1507     6.7380       9.96     0.0159  4.646e-13  1.000e-12  2.152e+02     7.4977     7.4963    -0.0014     5.9723     5.9713     53.984     55.198      0.339    1429.58    1429.56  0.000e+00
       5129     55.000     3.4157     3.4129    -0.0028    0.77729    0.77709          1     7.1517     6.7340       9.96     0.0159  4.645e-13  1.000e-12  2.153e+02     7.4984     7.4969    -0.0015     5.9728     5.9717     54.480     55.704      0.280    1429.60    1429.58  0.000e+00
       5184     55.500     3.4183     3.4158    -0.0025    0.77738    0.77724          1     7.1494     6.7293       9.96     0.0159  4.645e-13  1.000e-12  2.153e+02     7.4987     7.4978    -0.0009     5.9730     5.9723     54.975     56.210      0.247    1429.62    1429.60  0.000e+00
       5227     56.000     3.4208     3.4193    -0.0015    0.77756    0.77742          1     7.1296     6.7202       9.96     0.0159  4.647e-13  1.000e-12  2.152e+02     7.4999     7.4987    -0.0011     5.9739     5.9731     55.470     56.717      0.301    1429.64    1429.63  0.000e+00
