ctdpy/exports/archive_20191120_135557/received_data/SBE09_1044_20181205_2001_34_01_0155.cnv
* Sea-Bird SBE 9 Data File:
* FileName = C:\ctd\temp\ar18d155.hex
* Software Version Seasave V 7.26.7.107
* Temperature SN = 5351
* Conductivity SN = 3941
* Number of Bytes Per Scan = 41
* Number of Voltage Words = 4
* Number of Scans Averaged by the Deck Unit = 1
* NMEA Latitude = 56 38.03 N
* NMEA Longitude = 019 35.11 E
* NMEA UTC (Time) = Dec 05 2018  20:01:55
* NMEA baud rate = 4800
** Station:  BY10
** Operator:  JKro
** Ship: ARANDA
** Average sound velocity: 1445.98 m/s
** True-depth calculation Sun, 09 Dec 2018 14:42:07 +0000
** CTD Python Module SMHI /ver 3-12/ feb 2012 
** LIMS Job: 20183401-0155
** Cruise: SMHI-7-2018
** Latitude [GG MM.mm N]:
** Longitude [GG MM.mm E]
# nquan = 26
# nvalues = 272                         
# units = specified
# name 0 = scan: Scan Count
# name 1 = prDM: Pressure, Digiquartz [db]
# name 2 = t090C: Temperature [ITS-90, deg C]
# name 3 = t190C: Temperature, 2 [ITS-90, deg C]
# name 4 = T2-T190C: Temperature Difference, 2 - 1 [ITS-90, deg C]
# name 5 = c0S/m: Conductivity [S/m]
# name 6 = c1S/m: Conductivity, 2 [S/m]
# name 7 = pumps: Pump Status
# name 8 = sbeox0ML/L: Oxygen, SBE 43 [ml/l]
# name 9 = sbeox1ML/L: Oxygen, SBE 43, 2 [ml/l]
# name 10 = altM: Altimeter [m]
# name 11 = flECO-AFL: Chl-a Fluorescence, WET Labs ECO-AFL/FL [mg/m^3]
# name 12 = flECO-AFL1: Phycocyanin Fluorescence, WET Labs ECO-AFL/FL, 2 [mg/m^3]
# name 13 = par: PAR/Irradiance, Biospherical/Lico [µE/(cm^2*s)]
# name 14 = turbWETntu0: Turbidity, WET Labs ECO [NTU]
# name 15 = sal00: Salinity, Practical [PSU]
# name 16 = sal11: Salinity, Practical, 2 [PSU]
# name 17 = secS-priS: Salinity, Practical, Difference, 2 - 1 [PSU]
# name 18 = sigma-t00: Density [sigma-t, Kg/m^3 ]
# name 19 = sigma-t11: Density, 2 [sigma-t, Kg/m^3 ]
# name 20 = depSM: Depth [salt water, m], lat = 56.6338
# name 21 = depFM: Depth [true depth, m], lat = 56.6338
# name 22 = dz/dtM: Descent Rate [m/s], WS = 2
# name 23 = svCM: Sound Velocity [Chen-Millero, m/s]
# name 24 = svCM1: Sound Velocity, 2 [Chen-Millero, m/s]
# name 25 = flag: flag
# span 0 =      31993,      39575       
# span 1 =      1.500,    137.000       
# span 2 =     4.4255,     8.5033       
# span 3 =     4.4262,     8.5053       
# span 4 =    -0.0462,     0.1897       
# span 5 =   0.820676,   1.532410       
# span 6 =   0.820971,   1.532354       
# span 7 =          1,          1       
# span 8 =    0.03343,    7.92596       
# span 9 =    1.74643,    5.97167       
# span 10 =       1.66,     103.04      
# span 11 =     0.2592,     0.9050      
# span 12 =     0.1635,     0.3589      
# span 13 = -2.159e-04, 3.8873e-01      
# span 14 =     0.1349,     3.0724      
# span 15 =     7.2796,    13.4079      
# span 16 =     7.2793,    13.4066      
# span 17 =    -0.0735,     0.0612      
# span 18 =     5.6522,    10.3172      
# span 19 =     5.6516,    10.3160      
# span 20 =      1.486,    135.701      
# span 21 =      1.519,    138.540      
# span 22 =     -0.274,      1.245      
# span 23 =    1434.81,    1460.05      
# span 24 =    1434.82,    1460.06      
# span 25 = 0.0000e+00, 0.0000e+00      
# interval = decibars: 0.5              
# start_time = Dec 05 2018 20:01:55 [NMEA time, first data scan]
# bad_flag = -9.990e-29
*END*
[from data line 56]
      33526     29.500     6.9060     6.9068     0.0008    0.83327    0.83325          1     7.8136     5.5943      97.39     0.7975     0.2473  1.000e-12  0.1911000     7.2813     7.2808    -0.0004     5.6563     5.6559     29.228     29.878      0.481    1444.20    1444.21  0.000e+00
      33552     30.000     6.9044     6.9050     0.0006    0.83321    0.83318          1     7.8180     5.5950      97.38     0.7912     0.3184  1.000e-12  0.2013000     7.2809     7.2805    -0.0004     5.6561     5.6557     29.723     30.384      0.463    1444.20    1444.21  0.000e+00
      33577     30.500     6.9042     6.9048     0.0006    0.83318    0.83317          1     7.8156     5.5992      52.25     0.7858     0.3050  1.000e-12  0.2033000     7.2807     7.2804    -0.0002     5.6559     5.6557     30.219     30.891      0.540    1444.21    1444.21  0.000e+00
      33597     31.000     6.9065     6.9076     0.0011    0.83326    0.83325          1     7.8148     5.5976      96.96     0.7732     0.2469  1.000e-12  0.2037000     7.2809     7.2805    -0.0004     5.6559     5.6555     30.714     31.397      0.623    1444.23    1444.23  0.000e+00
      33615     31.500     6.9066     6.9079     0.0013    0.83325    0.83326          1     7.8165     5.6016      94.04     0.7494     0.2651  1.000e-12  0.2096000     7.2807     7.2805    -0.0002     5.6558     5.6555     31.209     31.904      0.614    1444.24    1444.24  0.000e+00
      33637     32.000     6.9067     6.9078     0.0011    0.83328    0.83328          1     7.8193     5.6019      58.54     0.7608     0.2942  1.000e-12  0.2116000     7.2809     7.2807    -0.0002     5.6559     5.6557     31.705     32.410      0.509    1444.25    1444.25  0.000e+00
      33665     32.500     6.9066     6.9076     0.0009    0.83334    0.83333          1     7.8187     5.6043      94.99     0.7809     0.2929  1.000e-12  0.2050000     7.2814     7.2811    -0.0003     5.6563     5.6561     32.200     32.916      0.371    1444.25    1444.26  0.000e+00
      33700     33.000     6.9064     6.9075     0.0012    0.83335    0.83334          1     7.8116     5.6041      63.20     0.8093     0.2837  1.000e-12  0.2021000     7.2815     7.2811    -0.0004     5.6564     5.6560     32.695     33.423      0.397    1444.26    1444.27  0.000e+00
      33725     33.500     6.9061     6.9071     0.0011    0.83332    0.83332          1     7.8089     5.5936      97.99     0.7936     0.2922  1.000e-12  0.2026000     7.2812     7.2810    -0.0002     5.6562     5.6559     33.191     33.929      0.562    1444.27    1444.27  0.000e+00
      33744     34.000     6.9060     6.9072     0.0012    0.83332    0.83332          1     7.8141     5.5998      45.94     0.8079     0.3075  1.000e-12  0.2112000     7.2812     7.2809    -0.0003     5.6562     5.6559     33.686     34.436      0.610    1444.28    1444.28  0.000e+00
      33765     34.500     6.9053     6.9066     0.0013    0.83330    0.83330          1     7.8151     5.6057      83.00     0.7390     0.3185  1.000e-12  0.2241000     7.2811     7.2808    -0.0002     5.6561     5.6559     34.181     34.942      0.502    1444.28    1444.29  0.000e+00
      33796     35.000     6.9050     6.9066     0.0016    0.83329    0.83331          1     7.8174     5.6084      83.93     0.8431     0.2991  1.000e-12  0.1911000     7.2810     7.2809    -0.0002     5.6561     5.6559     34.677     35.448      0.371    1444.29    1444.29  0.000e+00
      33824     35.500     6.9052     6.9061     0.0009    0.83331    0.83329          1     7.8143     5.6095      95.36     0.8681     0.2582  1.000e-12  0.1984000     7.2811     7.2807    -0.0004     5.6561     5.6558     35.172     35.955      0.660    1444.30    1444.30  0.000e+00
      33839     36.000     6.9038     6.9061     0.0023    0.83327    0.83330          1     7.8116     5.5989      54.09     0.8468     0.2332  1.000e-12  0.1984000     7.2809     7.2807    -0.0002     5.6561     5.6558     35.667     36.461      0.827    1444.30    1444.31  0.000e+00
      33852     36.500     6.9042     6.9057     0.0016    0.83329    0.83329          1     7.8156     5.5973      90.74     0.8135     0.2991  1.000e-12  0.2015000     7.2810     7.2807    -0.0003     5.6561     5.6558     36.163     36.968      0.776    1444.31    1444.31  0.000e+00
      33884     37.000     6.9041     6.9055     0.0013    0.83329    0.83329          1     7.8178     5.6062      97.08     0.7638     0.3039  1.000e-12  0.2039000     7.2809     7.2806    -0.0003     5.6561     5.6558     36.658     37.474      0.456    1444.32    1444.32  0.000e+00
      33943     37.500     6.9046     6.9060     0.0013    0.83331    0.83332          1     7.8145     5.6141      94.23     0.8255     0.3062  1.000e-12  0.1917000     7.2809     7.2807    -0.0002     5.6561     5.6558     37.153     37.980      0.761    1444.33    1444.33  0.000e+00
      33953     38.000     6.9053     6.9062     0.0009    0.83334    0.83332          1     7.8160     5.6165      47.28     0.8141     0.2851  1.000e-12  0.1923000     7.2810     7.2807    -0.0003     5.6561     5.6558     37.649     38.487      1.020    1444.33    1444.34  0.000e+00
      33964     38.500     6.9063     6.9075     0.0012    0.83339    0.83339          1     7.8178     5.6152      77.84     0.7485     0.2656  1.000e-12  0.1926000     7.2813     7.2810    -0.0003     5.6562     5.6560     38.144     38.993      1.091    1444.35    1444.36  0.000e+00
      33974     39.000     6.9051     6.9068     0.0016    0.83334    0.83336          1     7.8166     5.6190      97.48     0.7487     0.2659  1.000e-12  0.1918000     7.2810     7.2808    -0.0002     5.6561     5.6558     38.639     39.500      1.013    1444.35    1444.36  0.000e+00
      33987     39.500     6.9056     6.9063     0.0007    0.83338    0.83335          1     7.8171     5.6196      97.38     0.7112     0.3182  1.000e-12  0.1974000     7.2812     7.2807    -0.0005     5.6562     5.6558     39.135     40.006      0.751    1444.36    1444.36  0.000e+00
      34043     40.000     6.9041     6.9061     0.0020    0.83332    0.83335          1     7.8189     5.6168      71.23     0.7824     0.2961  1.000e-12  0.1876000     7.2809     7.2807    -0.0001     5.6561     5.6558     39.630     40.512      0.338    1444.36    1444.37  0.000e+00
      34092     40.500     6.9035     6.9057     0.0022    0.83330    0.83334          1     7.8150     5.6186      98.15     0.8357     0.2684  1.000e-12  0.1962000     7.2807     7.2806    -0.0001     5.6560     5.6558     40.125     41.019      0.610    1444.37    1444.38  0.000e+00
      34108     41.000     6.9049     6.9051     0.0002    0.83337    0.83333          1     7.8144     5.6257      97.39     0.8192     0.2868  1.000e-12  0.2011000     7.2810     7.2806    -0.0005     5.6562     5.6558     40.621     41.525      0.801    1444.38    1444.38  0.000e+00
      34121     41.500     6.9042     6.9050     0.0008    0.83334    0.83333          1     7.8139     5.6311      59.02     0.7865     0.3356  1.000e-12  0.2041000     7.2808     7.2806    -0.0003     5.6560     5.6558     41.116     42.032      0.902    1444.39    1444.39  0.000e+00
      34134     42.000     6.9040     6.9049     0.0009    0.83333    0.83332          1     7.8172     5.6308      62.62     0.7778     0.3120  1.000e-12  0.2028000     7.2807     7.2804    -0.0003     5.6560     5.6557     41.611     42.538      0.932    1444.39    1444.40  0.000e+00
      34147     42.500     6.9057     6.9076     0.0019    0.83343    0.83346          1     7.8187     5.6285      96.53     0.7613     0.2658  1.000e-12  0.1972000     7.2812     7.2811    -0.0001     5.6562     5.6560     42.107     43.044      0.886    1444.41    1444.42  0.000e+00
      34161     43.000     6.9088     6.9099     0.0012    0.83355    0.83355          1     7.8203     5.6285      97.39     0.7257     0.2876  1.000e-12  0.1986000     7.2817     7.2814    -0.0002     5.6564     5.6561     42.602     43.551      0.726    1444.43    1444.43  0.000e+00
      34203     43.500     6.9098     6.9100     0.0002    0.83360    0.83356          1     7.8158     5.6283      70.47     0.6970     0.3016  1.000e-12  0.1936000     7.2819     7.2814    -0.0005     5.6565     5.6561     43.097     44.057      0.452    1444.44    1444.44  0.000e+00
      34272     44.000     6.9083     6.9095     0.0012    0.83354    0.83354          1     7.8070     5.6390      98.07     0.7500     0.2902  1.000e-12  0.1785000     7.2816     7.2813    -0.0003     5.6563     5.6561     43.592     44.564      0.890    1444.44    1444.45  0.000e+00
      34282     44.500     6.9063     6.9080     0.0018    0.83347    0.83348          1     7.8084     5.6411      97.43     0.7487     0.3084  1.000e-12  0.1787000     7.2812     7.2809    -0.0003     5.6562     5.6559     44.088     45.070      1.127    1444.44    1444.45  0.000e+00
      34291     45.000     6.9063     6.9075     0.0013    0.83348    0.83349          1     7.8089     5.6413      69.17     0.7133     0.2979  1.000e-12  0.1984000     7.2813     7.2811    -0.0002     5.6563     5.6560     44.583     45.576      1.227    1444.45    1444.46  0.000e+00
      34300     45.500     6.9060     6.9076     0.0016    0.83347    0.83348          1     7.8081     5.6362      30.71     0.6996     0.2922  1.000e-12  0.2045000     7.2812     7.2809    -0.0003     5.6562     5.6559     45.079     46.083      1.215    1444.46    1444.46  0.000e+00
      34310     46.000     6.9065     6.9083     0.0018    0.83351    0.83355          1     7.8102     5.6306      75.74     0.7009     0.2920  1.000e-12  0.2031000     7.2814     7.2814    -0.0000     5.6563     5.6562     45.574     46.589      1.064    1444.47    1444.48  0.000e+00
      34324     46.500     6.9083     6.9093     0.0010    0.83360    0.83360          1     7.8145     5.6261      95.37     0.7011     0.2808  1.000e-12  0.1979000     7.2818     7.2816    -0.0002     5.6565     5.6563     46.069     47.096      0.667    1444.49    1444.49  0.000e+00
      34415     47.000     6.9079     6.9093     0.0013    0.83358    0.83359          1     7.8099     5.6516      30.53     0.7669     0.2787  1.000e-12  0.1979000     7.2816     7.2814    -0.0002     5.6564     5.6562     46.565     47.602      0.884    1444.49    1444.50  0.000e+00
      34429     47.500     6.9083     6.9092     0.0009    0.83360    0.83358          1     7.8116     5.6556      97.57     0.7981     0.2864  1.000e-12  0.1994000     7.2817     7.2813    -0.0004     5.6564     5.6561     47.060     48.108      1.175    1444.50    1444.50  0.000e+00
      34438     48.000     6.9080     6.9089     0.0009    0.83360    0.83359          1     7.8133     5.6573      97.40     0.7922     0.2923  1.000e-12  0.1968000     7.2817     7.2813    -0.0003     5.6565     5.6561     47.555     48.615      1.232    1444.51    1444.51  0.000e+00
      34447     48.500     6.9081     6.9089     0.0009    0.83360    0.83359          1     7.8152     5.6558      97.42     0.7252     0.2840  1.000e-12  0.1997000     7.2816     7.2813    -0.0003     5.6564     5.6561     48.050     49.121      1.166    1444.52    1444.52  0.000e+00
      34458     49.000     6.9079     6.9088     0.0009    0.83360    0.83359          1     7.8156     5.6504      95.39     0.7243     0.2790  1.000e-12  0.1990000     7.2816     7.2812    -0.0003     5.6564     5.6561     48.546     49.628      0.943    1444.52    1444.53  0.000e+00
      34487     49.500     6.9076     6.9088     0.0012    0.83359    0.83359          1     7.8131     5.6445      36.50     0.7320     0.2914  1.000e-12  0.1946000     7.2815     7.2812    -0.0003     5.6564     5.6561     49.041     50.134      0.456    1444.53    1444.53  0.000e+00
      34544     50.000     6.9078     6.9089     0.0010    0.83361    0.83360          1     7.8110     5.6503      68.77     0.7594     0.2445  1.000e-12  0.1801000     7.2816     7.2813    -0.0003     5.6564     5.6561     49.536     50.640      0.488    1444.54    1444.54  0.000e+00
      34561     50.500     6.9084     6.9090     0.0006    0.83366    0.83362          1     7.8123     5.6467      97.22     0.7717     0.2470  1.000e-12  0.1936000     7.2818     7.2813    -0.0005     5.6566     5.6561     50.032     51.147      0.621    1444.55    1444.55  0.000e+00
      34582     51.000     6.9085     6.9096     0.0011    0.83370    0.83368          1     7.8111     5.6418      49.96     0.7482     0.2574  1.000e-12  0.1882000     7.2821     7.2818    -0.0004     5.6568     5.6564     50.527     51.653      0.466    1444.56    1444.56  0.000e+00
      34619     51.500     6.9084     6.9096     0.0012    0.83370    0.83370          1     7.8116     5.6512     103.04     0.7268     0.2663  1.000e-12  0.1945000     7.2821     7.2818    -0.0002     5.6567     5.6565     51.022     52.160      0.367    1444.56    1444.57  0.000e+00
      34642     52.000     6.9098     6.9110     0.0011    0.83376    0.83376          1     7.8003     5.6615      29.58     0.7368     0.3524  1.000e-12  0.1743000     7.2823     7.2820    -0.0003     5.6568     5.6565     51.518     52.666      0.816    1444.58    1444.59  0.000e+00
      34654     52.500     6.9101     6.9114     0.0013    0.83377    0.83377          1     7.8009     5.6595      53.12     0.7365     0.3478  1.000e-12  0.1932000     7.2823     7.2820    -0.0002     5.6568     5.6565     52.013     53.172      1.050    1444.59    1444.59  0.000e+00
      34664     53.000     6.9104     6.9117     0.0014    0.83380    0.83380          1     7.8045     5.6623      99.08     0.7365     0.2489  1.000e-12  0.1943000     7.2824     7.2822    -0.0003     5.6569     5.6566     52.508     53.679      1.119    1444.60    1444.60  0.000e+00
      34674     53.500     6.9100     6.9116     0.0015    0.83377    0.83380          1     7.8104     5.6663      97.41     0.7376     0.2470  1.000e-12  0.1981000     7.2821     7.2821    -0.0001     5.6567     5.6565     53.003     54.185      1.019    1444.60    1444.61  0.000e+00
      34692     54.000     6.9095     6.9104     0.0009    0.83375    0.83373          1     7.8146     5.6675      78.16     0.7351     0.2649  1.000e-12  0.1970000     7.2821     7.2816    -0.0004     5.6567     5.6563     53.499     54.692      0.640    1444.61    1444.61  0.000e+00
      34783     54.500     6.9088     6.9101     0.0013    0.83371    0.83371          1     7.7984     5.6601      97.31     0.7387     0.2325  1.000e-12  0.1871000     7.2818     7.2815    -0.0003     5.6565     5.6562     53.994     55.198      1.031    1444.61    1444.62  0.000e+00
      34793     55.000     6.9090     6.9103     0.0013    0.83375    0.83374          1     7.7999     5.6584      97.41     0.7379     0.2916  1.000e-12  0.1871000     7.2820     7.2817    -0.0004     5.6566     5.6563     54.489     55.705      1.202    1444.62    1444.63  0.000e+00
      34802     55.500     6.9103     6.9114     0.0009    0.83380    0.83379          1     7.8033     5.6623      96.81     0.7379     0.3076  1.000e-12  0.1923000     7.2822     7.2819    -0.0003     5.6567     5.6563     54.985     56.211      1.245    1444.64    1444.64  0.000e+00
      34811     56.000     6.9139     6.9142     0.0002    0.83395    0.83391          1     7.8040     5.6664      31.99     0.7365     0.3023  1.000e-12  0.1920000     7.2827     7.2823    -0.0004     5.6569     5.6565     55.480     56.717      1.168    1444.66    1444.66  0.000e+00
      34822     56.500     6.9157     6.9174     0.0017    0.83401    0.83402          1     7.8060     5.6805      19.22     0.7423     0.2492  1.000e-12  0.1970000     7.2829     7.2826    -0.0003     5.6569     5.6565     55.975     57.224      0.944    1444.68    1444.68  0.000e+00
