ctdpy/exports/archive_20191120_135557/received_data/SBE09_1044_20181114_1218_34_01_0145.cnv
* Sea-Bird SBE 9 Data File:
* FileName = C:\ctd\temp\ar18d145.hex
* Software Version Seasave V 7.26.7.107
* Temperature SN = 5351
* Conductivity SN = 3941
* Number of Bytes Per Scan = 41
* Number of Voltage Words = 4
* Number of Scans Averaged by the Deck Unit = 1
* NMEA Latitude = 58 01.01 N
* NMEA Longitude = 017 59.10 E
* NMEA UTC (Time) = Nov 14 2018  12:18:11
* NMEA baud rate = 4800
** Station:  BY32
** Operator:  A-KTh
** Ship: ARANDA
** Average sound velocity: 1444.93 m/s
** True-depth calculation Wed, 14 Nov 2018 13:36:01 +0000
** CTD Python Module SMHI /ver 3-12/ feb 2012 
** LIMS Job: 20183401-0145
** Cruise: SMHI-6-2018
** Latitude [GG MM.mm N]:
** Longitude [GG MM.mm E]
# nquan = 26
# nvalues = 397                         
# units = specified
# name 0 = scan: Scan Count
# name 1 = prDM: Pressure, Digiquartz [db]
# name 2 = t090C: Temperature [ITS-90, deg C]
# name 3 = t190C: Temperature, 2 [ITS-90, deg C]
# name 4 = T2-T190C: Temperature Difference, 2 - 1 [ITS-90, deg C]
# name 5 = c0S/m: Conductivity [S/m]
# name 6 = c1S/m: Conductivity, 2 [S/m]
# name 7 = pumps: Pump Status
# name 8 = sbeox0ML/L: Oxygen, SBE 43 [ml/l]
# name 9 = sbeox1ML/L: Oxygen, SBE 43, 2 [ml/l]
# name 10 = altM: Altimeter [m]
# name 11 = flECO-AFL: Chl-a Fluorescence, WET Labs ECO-AFL/FL [mg/m^3]
# name 12 = flECO-AFL1: Phycocyanin Fluorescence, WET Labs ECO-AFL/FL, 2 [mg/m^3]
# name 13 = par: PAR/Irradiance, Biospherical/Lico [µE/(cm^2*s)]
# name 14 = turbWETntu0: Turbidity, WET Labs ECO [NTU]
# name 15 = sal00: Salinity, Practical [PSU]
# name 16 = sal11: Salinity, Practical, 2 [PSU]
# name 17 = secS-priS: Salinity, Practical, Difference, 2 - 1 [PSU]
# name 18 = sigma-t00: Density [sigma-t, Kg/m^3 ]
# name 19 = sigma-t11: Density, 2 [sigma-t, Kg/m^3 ]
# name 20 = depSM: Depth [salt water, m], lat = 58.0168
# name 21 = depFM: Depth [true depth, m], lat = 58.0168
# name 22 = dz/dtM: Descent Rate [m/s], WS = 2
# name 23 = svCM: Sound Velocity [Chen-Millero, m/s]
# name 24 = svCM1: Sound Velocity, 2 [Chen-Millero, m/s]
# name 25 = flag: flag
# span 0 =      18927,      29037       
# span 1 =      1.000,    199.000       
# span 2 =     4.1764,     8.1928       
# span 3 =     4.1770,     8.1940       
# span 4 =    -0.0046,     0.0071       
# span 5 =   0.767388,   1.195089       
# span 6 =   0.767387,   1.195079       
# span 7 =          1,          1       
# span 8 =    0.01881,    7.76450       
# span 9 =    0.05384,    7.39557       
# span 10 =       2.90,      98.71      
# span 11 =     0.2433,     1.4731      
# span 12 =     0.1194,     0.3960      
# span 13 = 1.0000e-12, 2.3591e+02      
# span 14 =     0.1821,     2.7004      
# span 15 =     6.5212,    10.9971      
# span 16 =     6.5209,    10.9965      
# span 17 =    -0.0062,     0.0011      
# span 18 =     5.0054,     8.6382      
# span 19 =     5.0050,     8.6376      
# span 20 =      0.991,    197.061      
# span 21 =      1.013,    201.204      
# span 22 =      0.016,      0.716      
# span 23 =    1433.63,    1448.67      
# span 24 =    1433.63,    1448.68      
# span 25 = 0.0000e+00, 0.0000e+00      
# interval = decibars: 0.5              
# start_time = Nov 14 2018 12:18:11 [NMEA time, first data scan]
# bad_flag = -9.990e-29
*END*
[from data line 335]
      26495    168.500     5.9952     5.9965     0.0012    1.19285    1.19283          1     0.0240     0.0652      34.72     0.3727     0.2371  1.000e-12  0.1953000    10.9826    10.9821    -0.0006     8.6273     8.6267    166.870    170.404      0.556    1447.22    1447.23  0.000e+00
      26517    169.000     5.9961     5.9972     0.0012    1.19303    1.19301          1     0.0260     0.0657      34.20     0.3713     0.2551  1.000e-12  0.1867000    10.9840    10.9835    -0.0006     8.6283     8.6278    167.365    170.909      0.542    1447.24    1447.24  0.000e+00
      26540    169.500     5.9967     5.9980     0.0013    1.19317    1.19316          1     0.0268     0.0654      33.68     0.3523     0.2271  1.000e-12  0.1880000    10.9851    10.9846    -0.0005     8.6292     8.6287    167.860    171.414      0.512    1447.25    1447.25  0.000e+00
      26563    170.000     5.9974     5.9988     0.0014    1.19334    1.19333          1     0.0243     0.0651      33.21     0.3635     0.1943  1.000e-12  0.2052000    10.9865    10.9860    -0.0005     8.6302     8.6297    168.355    171.919      0.522    1447.26    1447.27  0.000e+00
      26585    170.500     5.9976     5.9989     0.0013    1.19338    1.19337          1     0.0243     0.0652      32.66     0.3502     0.2403  1.000e-12  0.1925000    10.9867    10.9862    -0.0005     8.6304     8.6299    168.850    172.424      0.558    1447.27    1447.27  0.000e+00
      26607    171.000     5.9977     5.9990     0.0013    1.19340    1.19339          1     0.0250     0.0642      32.14     0.3589     0.2647  1.000e-12  0.2052000    10.9868    10.9863    -0.0005     8.6304     8.6299    169.345    172.929      0.539    1447.28    1447.28  0.000e+00
      26630    171.500     5.9977     5.9991     0.0013    1.19342    1.19342          1     0.0250     0.0653      31.64     0.3780     0.2747  1.000e-12  0.2230000    10.9870    10.9865    -0.0005     8.6305     8.6301    169.840    173.434      0.487    1447.29    1447.29  0.000e+00
      26656    172.000     5.9981     5.9994     0.0014    1.19352    1.19351          1     0.0263     0.0645      31.07     0.3732     0.1838  1.000e-12  0.2108000    10.9877    10.9873    -0.0005     8.6311     8.6306    170.335    173.939      0.507    1447.30    1447.30  0.000e+00
      26677    172.500     5.9985     5.9997     0.0012    1.19358    1.19356          1     0.0244     0.0640      30.61     0.3739     0.2588  1.000e-12  0.2010000    10.9881    10.9876    -0.0005     8.6314     8.6309    170.830    174.444      0.601    1447.31    1447.31  0.000e+00
      26696    173.000     5.9989     6.0001     0.0012    1.19365    1.19364          1     0.0246     0.0656      30.20     0.3853     0.2574  1.000e-12  0.2054000    10.9886    10.9881    -0.0005     8.6317     8.6312    171.325    174.949      0.660    1447.32    1447.32  0.000e+00
      26714    173.500     5.9992     6.0004     0.0012    1.19372    1.19371          1     0.0242     0.0642      29.75     0.3862     0.2329  1.000e-12  0.2050000    10.9891    10.9886    -0.0005     8.6321     8.6317    171.820    175.454      0.632    1447.33    1447.33  0.000e+00
      26735    174.000     5.9995     6.0009     0.0013    1.19383    1.19383          1     0.0246     0.0626      29.10     0.3938     0.2085  1.000e-12  0.1953000    10.9900    10.9896    -0.0005     8.6328     8.6324    172.315    175.958      0.512    1447.34    1447.34  0.000e+00
      26762    174.500     5.9996     6.0010     0.0013    1.19388    1.19387          1     0.0260     0.0637      28.45     0.3637     0.2681  1.000e-12  0.1972000    10.9903    10.9898    -0.0005     8.6331     8.6326    172.810    176.463      0.426    1447.35    1447.35  0.000e+00
      26789    175.000     5.9999     6.0012     0.0013    1.19392    1.19391          1     0.0236     0.0659      28.01     0.3482     0.2484  1.000e-12  0.2034000    10.9906    10.9901    -0.0005     8.6332     8.6327    173.305    176.968      0.558    1447.36    1447.36  0.000e+00
      26807    175.500     6.0002     6.0014     0.0011    1.19395    1.19394          1     0.0236     0.0630      27.58     0.3648     0.2731  1.000e-12  0.1984000    10.9907    10.9902    -0.0004     8.6333     8.6329    173.799    177.473      0.694    1447.36    1447.37  0.000e+00
      26823    176.000     6.0005     6.0016     0.0011    1.19405    1.19404          1     0.0249     0.0628      27.13     0.3732     0.2797  1.000e-12  0.1919000    10.9915    10.9911    -0.0004     8.6339     8.6335    174.295    177.978      0.716    1447.37    1447.38  0.000e+00
      26841    176.500     6.0008     6.0020     0.0012    1.19417    1.19423          1     0.0249     0.0607      26.56     0.3544     0.2895  1.000e-12  0.1989000    10.9925    10.9927     0.0002     8.6347     8.6348    174.789    178.483      0.620    1447.39    1447.39  0.000e+00
      26864    177.000     6.0009     6.0022     0.0014    1.19436    1.19434          1     0.0246     0.0621      25.99     0.3683     0.2897  1.000e-12  0.2085000    10.9943    10.9936    -0.0007     8.6361     8.6355    175.284    178.988      0.457    1447.40    1447.40  0.000e+00
      26893    177.500     6.0010     6.0023     0.0013    1.19444    1.19442          1     0.0247     0.0633      25.34     0.3735     0.2102  1.000e-12  0.2273000    10.9950    10.9944    -0.0006     8.6367     8.6361    175.779    179.493      0.463    1447.41    1447.41  0.000e+00
      26916    178.000     6.0012     6.0024     0.0012    1.19447    1.19444          1     0.0254     0.0617      24.88     0.3655     0.2699  1.000e-12  0.2129000    10.9951    10.9944    -0.0006     8.6367     8.6361    176.274    179.998      0.602    1447.41    1447.42  0.000e+00
      26934    178.500     6.0013     6.0025     0.0011    1.19447    1.19446          1     0.0247     0.0639      24.50     0.3627     0.2370  1.000e-12  0.2333000    10.9950    10.9945    -0.0004     8.6366     8.6362    176.769    180.503      0.657    1447.42    1447.43  0.000e+00
      26952    179.000     6.0013     6.0025     0.0012    1.19449    1.19447          1     0.0243     0.0629      23.98     0.3701     0.2249  1.000e-12  0.2497000    10.9951    10.9946    -0.0005     8.6367     8.6362    177.264    181.007      0.601    1447.43    1447.44  0.000e+00
      26975    179.500     6.0011     6.0024     0.0013    1.19450    1.19449          1     0.0242     0.0623      23.36     0.3993     0.2946  1.000e-12  0.2356000    10.9952    10.9947    -0.0005     8.6368     8.6363    177.759    181.512      0.471    1447.44    1447.44  0.000e+00
      27003    180.000     6.0011     6.0024     0.0014    1.19451    1.19449          1     0.0248     0.0613      22.80     0.3827     0.2507  1.000e-12  0.2532000    10.9952    10.9946    -0.0006     8.6368     8.6362    178.254    182.017      0.460    1447.45    1447.45  0.000e+00
      27026    180.500     6.0013     6.0025     0.0012    1.19456    1.19453          1     0.0243     0.0601      22.36     0.3765     0.2784  1.000e-12  0.2310000    10.9955    10.9948    -0.0007     8.6370     8.6364    178.749    182.522      0.598    1447.46    1447.46  0.000e+00
      27045    181.000     6.0015     6.0026     0.0012    1.19458    1.19457          1     0.0232     0.0615      21.88     0.4007     0.2755  1.000e-12  0.2542000    10.9956    10.9951    -0.0004     8.6371     8.6366    179.244    183.027      0.667    1447.46    1447.47  0.000e+00
      27062    181.500     6.0014     6.0026     0.0012    1.19460    1.19459          1     0.0253     0.0608      21.38     0.4010     0.2437  1.000e-12  0.2480000    10.9957    10.9952    -0.0006     8.6372     8.6367    179.739    183.532      0.622    1447.47    1447.48  0.000e+00
      27084    182.000     6.0012     6.0025     0.0013    1.19461    1.19460          1     0.0241     0.0618      20.78     0.4000     0.2378  1.000e-12  0.3054000    10.9958    10.9952    -0.0005     8.6372     8.6367    180.234    184.037      0.491    1447.48    1447.48  0.000e+00
      27112    182.500     6.0011     6.0025     0.0014    1.19462    1.19460          1     0.0249     0.0614      20.18     0.3877     0.2835  1.000e-12  0.3214000    10.9958    10.9952    -0.0005     8.6372     8.6367    180.729    184.542      0.431    1447.49    1447.49  0.000e+00
      27138    183.000     6.0013     6.0026     0.0013    1.19463    1.19462          1     0.0227     0.0614      19.68     0.3789     0.2636  1.000e-12  0.2557000    10.9958    10.9952    -0.0006     8.6372     8.6367    181.224    185.047      0.542    1447.50    1447.50  0.000e+00
      27158    183.500     6.0015     6.0026     0.0012    1.19463    1.19463          1     0.0256     0.0612      19.23     0.3970     0.3009  1.000e-12  0.2571000    10.9956    10.9952    -0.0004     8.6371     8.6367    181.719    185.552      0.626    1447.50    1447.51  0.000e+00
      27176    184.000     6.0015     6.0026     0.0012    1.19464    1.19464          1     0.0259     0.0609      18.76     0.4307     0.2657  1.000e-12  0.2479000    10.9956    10.9952    -0.0004     8.6371     8.6367    182.213    186.057      0.618    1447.51    1447.52  0.000e+00
      27197    184.500     6.0014     6.0027     0.0012    1.19465    1.19464          1     0.0211     0.0613      18.21     0.3795     0.2536  1.000e-12  0.2914000    10.9956    10.9952    -0.0005     8.6371     8.6367    182.708    186.561      0.544    1447.52    1447.53  0.000e+00
      27221    185.000     6.0013     6.0027     0.0013    1.19467    1.19466          1     0.0230     0.0610      17.66     0.4382     0.2271  1.000e-12  0.2630000    10.9957    10.9952    -0.0005     8.6372     8.6367    183.203    187.066      0.482    1447.53    1447.53  0.000e+00
      27246    185.500     6.0015     6.0028     0.0013    1.19469    1.19468          1     0.0241     0.0608      17.13     0.4004     0.2253  1.000e-12  0.2589000    10.9959    10.9953    -0.0006     8.6373     8.6367    183.698    187.571      0.519    1447.54    1447.54  0.000e+00
      27267    186.000     6.0018     6.0029     0.0012    1.19472    1.19470          1     0.0252     0.0621      16.67     0.4001     0.2484  1.000e-12  0.2448000    10.9960    10.9954    -0.0005     8.6373     8.6368    184.193    188.076      0.581    1447.55    1447.55  0.000e+00
      27288    186.500     6.0018     6.0030     0.0012    1.19473    1.19472          1     0.0252     0.0600      16.16     0.3998     0.2636  1.000e-12  0.2459000    10.9960    10.9955    -0.0005     8.6374     8.6369    184.688    188.581      0.569    1447.55    1447.56  0.000e+00
      27310    187.000     6.0017     6.0030     0.0013    1.19476    1.19474          1     0.0226     0.0619      15.61     0.4022     0.2775  1.000e-12  0.2690000    10.9962    10.9956    -0.0005     8.6375     8.6370    185.183    189.086      0.502    1447.56    1447.57  0.000e+00
      27335    187.500     6.0018     6.0030     0.0013    1.19476    1.19475          1     0.0243     0.0615      14.81     0.4332     0.2131  1.000e-12  0.2852000    10.9961    10.9955    -0.0006     8.6375     8.6369    185.678    189.591      0.495    1447.57    1447.57  0.000e+00
      27358    188.000     6.0020     6.0033     0.0013    1.19479    1.19477          1     0.0256     0.0581      14.45     0.3997     0.2393  1.000e-12  0.2680000    10.9962    10.9957    -0.0006     8.6375     8.6370    186.173    190.096      0.570    1447.58    1447.58  0.000e+00
      27378    188.500     6.0021     6.0034     0.0012    1.19481    1.19481          1     0.0234     0.0615      14.05     0.4004     0.2474  1.000e-12  0.2797000    10.9963    10.9958    -0.0005     8.6376     8.6372    186.668    190.601      0.607    1447.59    1447.59  0.000e+00
      27398    189.000     6.0020     6.0033     0.0013    1.19480    1.19481          1     0.0233     0.0612      13.45     0.4073     0.2419  1.000e-12  0.2924000    10.9961    10.9958    -0.0004     8.6375     8.6371    187.163    191.106      0.570    1447.60    1447.60  0.000e+00
      27421    189.500     6.0017     6.0030     0.0013    1.19477    1.19477          1     0.0208     0.0601      12.60     0.3943     0.2314  1.000e-12  0.2666000    10.9959    10.9954    -0.0004     8.6373     8.6368    187.658    191.611      0.494    1447.60    1447.61  0.000e+00
      27446    190.000     6.0018     6.0031     0.0012    1.19481    1.19479          1     0.0235     0.0617      12.37     0.3941     0.2915  1.000e-12  0.2601000    10.9961    10.9955    -0.0007     8.6375     8.6369    188.152    192.115      0.476    1447.61    1447.61  0.000e+00
      27470    190.500     6.0022     6.0035     0.0013    1.19485    1.19484          1     0.0250     0.0592      11.96     0.4045     0.2920  1.000e-12  0.2523000    10.9963    10.9958    -0.0005     8.6376     8.6371    188.647    192.620      0.533    1447.62    1447.63  0.000e+00
      27492    191.000     6.0020     6.0032     0.0012    1.19481    1.19481          1     0.0220     0.0585      11.56     0.3999     0.2669  1.000e-12  0.2477000    10.9959    10.9955    -0.0004     8.6373     8.6369    189.142    193.125      0.557    1447.63    1447.63  0.000e+00
      27514    191.500     6.0020     6.0033     0.0012    1.19486    1.19484          1     0.0211     0.0598      11.00     0.3858     0.2370  1.000e-12  0.2604000    10.9962    10.9957    -0.0005     8.6375     8.6370    189.637    193.630      0.529    1447.64    1447.64  0.000e+00
      27537    192.000     6.0022     6.0035     0.0013    1.19489    1.19488          1     0.0253     0.0578      10.43     0.3839     0.2060  1.000e-12  0.3040000    10.9964    10.9959    -0.0005     8.6377     8.6372    190.132    194.135      0.506    1447.64    1447.65  0.000e+00
      27561    192.500     6.0022     6.0035     0.0013    1.19489    1.19488          1     0.0214     0.0602       9.91     0.3872     0.2133  1.000e-12  0.4148000    10.9963    10.9958    -0.0005     8.6376     8.6371    190.627    194.640      0.516    1447.65    1447.66  0.000e+00
      27584    193.000     6.0023     6.0035     0.0013    1.19490    1.19490          1     0.0212     0.0601       9.42     0.3730     0.2295  1.000e-12  0.2871000    10.9963    10.9959    -0.0004     8.6376     8.6372    191.122    195.145      0.518    1447.66    1447.67  0.000e+00
      27608    193.500     6.0022     6.0035     0.0013    1.19491    1.19490          1     0.0231     0.0594       8.88     0.3853     0.2348  1.000e-12  0.2956000    10.9963    10.9958    -0.0005     8.6376     8.6371    191.617    195.650      0.460    1447.67    1447.67  0.000e+00
      27638    194.000     6.0021     6.0036     0.0015    1.19491    1.19492          1     0.0225     0.0594       8.27     0.4204     0.2343  1.000e-12  0.2550000    10.9963    10.9959    -0.0004     8.6376     8.6372    192.112    196.155      0.345    1447.68    1447.68  0.000e+00
      27678    194.500     6.0024     6.0037     0.0013    1.19496    1.19494          1     0.0228     0.0580       7.68     0.3992     0.2388  1.000e-12  0.3269000    10.9966    10.9960    -0.0006     8.6378     8.6373    192.607    196.660      0.313    1447.69    1447.69  0.000e+00
      27712    195.000     6.0026     6.0039     0.0014    1.19499    1.19499          1     0.0221     0.0592       7.21     0.3872     0.2477  1.000e-12  0.3865000    10.9968    10.9963    -0.0005     8.6379     8.6375    193.101    197.165      0.390    1447.69    1447.70  0.000e+00
      27742    195.500     6.0025     6.0040     0.0015    1.19501    1.19500          1     0.0212     0.0580       6.72     0.3919     0.2550  1.000e-12  0.2610000    10.9968    10.9963    -0.0006     8.6380     8.6374    193.596    197.669      0.359    1447.70    1447.71  0.000e+00
