ctdpy/exports/archive_20191120_135557/received_data/SBE09_0827_20180827_0358_26_01_0907.cnv
* Sea-Bird SBE 9 Data File:
* FileName = D:\CTD_SBE911\DAT\26DA.2018.8.107.hex
* Software Version Seasave V 7.21d
* Temperature SN = 034605
* Conductivity SN = 041844
* Number of Bytes Per Scan = 48
* Number of Voltage Words = 5
* Number of Scans Averaged by the Deck Unit = 1
* NMEA Latitude = 56 12.85 N
* NMEA Longitude = 010 57.83 E
* NMEA UTC (Time) = Aug 27 2018  04:00:20
* NMEA baud rate = 4800
** Ship: DANA
** Average sound velocity: 1502.93 m/s
** True-depth calculation Thu, 28 Mar 2019 09:52:57 +0000
** CTD Python Module SMHI /ver 3-12/ feb 2012 
** LIMS Job: 20182601-0907
**  Anonym 1
** Operator: Christian
** Cruise: 08/2018
# nquan = 26
# nvalues = 36                          
# units = specified
# name 0 = scan: Scan Count
# name 1 = prDM: Pressure, Digiquartz [db]
# name 2 = t090C: Temperature [ITS-90, deg C]
# name 3 = t190C: Temperature, 2 [ITS-90, deg C]
# name 4 = T2-T190C: Temperature Difference, 2 - 1 [ITS-90, deg C]
# name 5 = c0S/m: Conductivity [S/m]
# name 6 = c1S/m: Conductivity, 2 [S/m]
# name 7 = pumps: Pump Status
# name 8 = sbeox1ML/L: Oxygen, SBE 43, 2 [ml/l]
# name 9 = sbeox0ML/L: Oxygen, SBE 43 [ml/l]
# name 10 = altM: Altimeter [m]
# name 11 = chloroflTC0: Chlorophyll, Turner Cyclops [ug/l]
# name 12 = cpar: CPAR/Corrected Irradiance [%]
# name 13 = par: PAR/Irradiance, Biospherical/Lico [µE/(cm^2*s)]
# name 14 = spar: SPAR, Biospherical/Licor
# name 15 = sal00: Salinity, Practical [PSU]
# name 16 = sal11: Salinity, Practical, 2 [PSU]
# name 17 = secS-priS: Salinity, Practical, Difference, 2 - 1 [PSU]
# name 18 = sigma-t00: Density [sigma-t, kg/m^3 ]
# name 19 = sigma-t11: Density, 2 [sigma-t, kg/m^3 ]
# name 20 = depSM: Depth [salt water, m], lat = 56.2142
# name 21 = depFM: Depth [true depth, m], lat = 56.2142
# name 22 = dz/dtM: Descent Rate [m/s], WS = 2
# name 23 = svCM: Sound Velocity [Chen-Millero, m/s]
# name 24 = svCM1: Sound Velocity, 2 [Chen-Millero, m/s]
# name 25 = flag: flag
# span 0 =        119,       3206       
# span 1 =      2.000,     19.500       
# span 2 =    15.2616,    18.5959       
# span 3 =    15.2584,    18.6119       
# span 4 =    -0.5655,     0.1988       
# span 5 =   3.057033,   3.800504       
# span 6 =   3.057494,   3.803890       
# span 7 =          1,          1       
# span 8 =     5.0628,     6.1098       
# span 9 =     4.8277,     5.8060       
# span 10 =       1.29,       9.97      
# span 11 =     0.1100,     0.2145      
# span 12 = 2.3221e-11, 1.9672e+00      
# span 13 = 1.0000e-12, 7.9901e-02      
# span 14 = 4.0617e+00, 4.4079e+00      
# span 15 =    22.0193,    30.3317      
# span 16 =    22.0236,    30.3506      
# span 17 =    -0.0038,     2.2175      
# span 18 =    15.2476,    22.3205      
# span 19 =    15.2510,    22.3329      
# span 20 =      1.982,     19.321      
# span 21 =      2.006,     19.522      
# span 22 =     -0.168,      0.417      
# span 23 =    1502.40,    1505.42      
# span 24 =    1502.28,    1505.57      
# span 25 = 0.0000e+00, 0.0000e+00      
# interval = decibars: 0.5              
# start_time = Aug 27 2018 04:00:21 [NMEA time, first data scan]
# bad_flag = -9.990e-29
*END*
        119      2.000    18.4913    18.4932     0.0019    3.05784    3.05749          1     6.0384     5.7014       9.97     0.1162  1.967e+00  7.990e-02  4.062e+00    22.0274    22.0236    -0.0038    15.2543    15.2510      1.982      2.006      0.145    1502.62    1502.62  0.000e+00
        273      2.500    18.4942    18.4856    -0.0086    3.05703    3.05939          1     6.0075     5.6881       9.97     0.1100  1.248e+00  5.071e-02  4.062e+00    22.0193    22.0426     0.0233    15.2476    15.2672      2.477      2.508      0.373    1502.63    1502.63  0.000e+00
        297      3.000    18.4919    18.4624    -0.0294    3.05821    3.06552          1     6.0434     5.7001       9.97     0.1181  2.266e-01  9.204e-03  4.062e+00    22.0298    22.1036     0.0738    15.2560    15.3190      2.973      3.010      0.318    1502.64    1502.64  0.000e+00
        353      3.500    18.4666    18.4411    -0.0254    3.06626    3.07342          1     6.0224     5.7035       9.97     0.1228  3.020e-07  1.227e-08  4.062e+00    22.1071    22.1777     0.0706    15.3207    15.3802      3.468      3.511      0.317    1502.66    1502.66  0.000e+00
        387      4.000    18.4473    18.4441    -0.0032    3.07192    3.07256          1     6.0473     5.7308       9.97     0.1261  1.153e-08  4.684e-10  4.062e+00    22.1623    22.1691     0.0068    15.3671    15.3730      3.963      4.013      0.292    1502.68    1502.67  0.000e+00
        437      4.500    18.4451    18.4254    -0.0195    3.07186    3.07079          1     6.0463     5.7237       9.97     0.1132  2.462e-11  1.000e-12  4.062e+00    22.1629    22.1649     0.0020    15.3680    15.3741      4.459      4.514      0.301    1502.68    1502.62  0.000e+00
        469      5.000    18.4216    18.3853    -0.0364    3.07261    3.07660          1     6.0920     5.7151       9.97     0.1112  2.462e-11  1.000e-12  4.062e+00    22.1813    22.2326     0.0513    15.3874    15.4348      4.954      5.016      0.320    1502.64    1502.58  0.000e+00
        524      5.500    18.3861    18.3701    -0.0160    3.07700    3.07902          1     6.0693     5.7424       9.97     0.1199  2.462e-11  1.000e-12  4.062e+00    22.2352    22.2599     0.0248    15.4365    15.4590      5.450      5.518      0.261    1502.60    1502.58  0.000e+00
        563      6.000    18.3779    18.3670    -0.0109    3.07759    3.07964          1     6.0585     5.7523       9.97     0.1186  2.462e-11  1.000e-12  4.062e+00    22.2442    22.2664     0.0221    15.4453    15.4646      5.945      6.019      0.331    1502.59    1502.58  0.000e+00
        620      6.500    18.3781    18.3737    -0.0044    3.07786    3.07893          1     6.0743     5.7429       9.97     0.1184  2.462e-11  1.000e-12  4.062e+00    22.2461    22.2570     0.0109    15.4467    15.4560      6.441      6.521      0.239    1502.60    1502.60  0.000e+00
        669      7.000    18.3635    18.3552    -0.0082    3.08145    3.08240          1     6.0735     5.7378       9.97     0.1221  2.462e-11  1.000e-12  4.062e+00    22.2825    22.2945     0.0120    15.4778    15.4888      6.936      7.022      0.398    1502.61    1502.60  0.000e+00
        704      7.500    18.3635    18.3598    -0.0037    3.08145    3.08275          1     6.0742     5.7501       9.97     0.1211  2.462e-11  1.000e-12  4.062e+00    22.2823    22.2947     0.0124    15.4776    15.4878      7.431      7.524      0.264    1502.62    1502.62  0.000e+00
        766      8.000    18.3461    18.3368    -0.0094    3.08428    3.08574          1     6.1097     5.7640       9.97     0.1272  2.462e-11  1.000e-12  4.062e+00    22.3141    22.3309     0.0168    15.5058    15.5207      7.927      8.025      0.368    1502.61    1502.60  0.000e+00
        791      8.500    18.3325    18.3254    -0.0072    3.08546    3.08639          1     6.1015     5.7837       9.97     0.1204  2.462e-11  1.000e-12  4.062e+00    22.3308    22.3421     0.0113    15.5216    15.5318      8.422      8.527      0.417    1502.59    1502.58  0.000e+00
        837      9.000    18.3201    18.3155    -0.0046    3.08770    3.08876          1     6.1098     5.7790       9.97     0.1223  2.462e-11  1.000e-12  4.062e+00    22.3552    22.3662     0.0110    15.5430    15.5524      8.918      9.028      0.246    1502.59    1502.59  0.000e+00
        890      9.500    18.3094    18.3068    -0.0026    3.09132    3.09154          1     6.0863     5.7726       9.97     0.1223  2.462e-11  1.000e-12  4.062e+00    22.3899    22.3930     0.0032    15.5718    15.5748      9.413      9.530      0.327    1502.61    1502.60  0.000e+00
        930     10.000    18.2897    18.2963     0.0064    3.10253    3.10791          1     6.0415     5.7327       9.97     0.1243  2.462e-11  1.000e-12  4.062e+00    22.4900    22.5293     0.0393    15.6525    15.6809      9.909     10.031      0.222    1502.67    1502.73  0.000e+00
       1003     10.500    18.5205    18.6119     0.0915    3.18290    3.20329          1     6.0332     5.6645       9.86     0.1498  2.462e-11  1.000e-12  4.062e+00    23.0044    23.1162     0.1118    15.9910    16.0548     10.404     10.532      0.266    1503.95    1504.35  0.000e+00
       1044     11.000    18.5959    18.5743    -0.0216    3.21308    3.21959          1     6.0193     5.6840       9.45     0.1377  2.462e-11  1.000e-12  4.062e+00    23.2031    23.2672     0.0640    16.1247    16.1784     10.899     11.034      0.263    1504.41    1504.41  0.000e+00
       1094     11.500    18.4489    18.1753    -0.2735    3.20408    3.19468          1     6.0430     5.7105       8.93     0.1347  2.462e-11  1.000e-12  4.062e+00    23.2135    23.2922     0.0786    16.1666    16.2893     11.395     11.535      0.248    1503.99    1503.25  0.000e+00
       1137     12.000    18.0525    17.9200    -0.1324    3.17450    3.16853          1     6.0479     5.8035       8.47     0.1354  2.462e-11  1.000e-12  4.062e+00    23.1989    23.2256     0.0267    16.2464    16.2967     11.890     12.036      0.298    1502.79    1502.41  0.000e+00
       1179     12.500    17.9287    17.8509    -0.0777    3.17058    3.17119          1     6.0802     5.8060       7.97     0.1364  2.462e-11  1.000e-12  4.062e+00    23.2372    23.2863     0.0491    16.3036    16.3586     12.386     12.537      0.267    1502.46    1502.28  0.000e+00
       1226     13.000    17.8727    17.9074     0.0346    3.18396    3.19341          1     6.0486     5.7946       7.49     0.1433  2.462e-11  1.000e-12  4.062e+00    23.3772    23.4337     0.0566    16.4230    16.4581     12.881     13.038      0.249    1502.46    1502.63  0.000e+00
       1277     13.500    18.0981    18.2975     0.1988    3.23531    3.29678          1     5.9150     5.5901       7.00     0.1526  2.462e-11  1.000e-12  4.062e+00    23.6632    24.0444     0.3811    16.5897    16.8342     13.376     13.539      0.231    1503.47    1504.50  0.000e+00
       1326     14.000    17.7827    17.2165    -0.5655    3.45436    3.67706          1     5.6583     5.2802       6.50     0.1675  2.462e-11  1.000e-12  4.062e+00    25.6527    27.8703     2.2175    18.1794    20.0022     13.872     14.040      0.257    1504.78    1505.57  0.000e+00
       1376     14.500    17.0647    16.5223    -0.5425    3.69724    3.78315          1     5.4676     4.9970       6.03     0.1944  2.462e-11  1.000e-12  4.062e+00    28.1413    29.2600     1.1187    20.2434    21.2214     14.367     14.539      0.224    1505.42    1505.03  0.000e+00
       1426     15.000    15.8102    15.4598    -0.3500    3.78002    3.79889          1     5.2142     4.8277       5.52     0.2145  2.462e-11  1.000e-12  4.062e+00    29.7549    30.1860     0.4311    21.7588    22.1660     14.863     15.038      0.266    1503.40    1502.79  0.000e+00
       1471     15.500    15.5056    15.4153    -0.0903    3.78551    3.79395          1     5.1215     4.8780       5.05     0.1767  2.462e-11  1.000e-12  4.062e+00    30.0330    30.1764     0.1435    22.0385    22.1682     15.358     15.536      0.255    1502.76    1502.64  0.000e+00
       1520     16.000    15.4566    15.4341    -0.0224    3.79485    3.80139          1     5.1017     4.9224       4.54     0.1752  2.462e-11  1.000e-12  4.062e+00    30.1526    30.2277     0.0751    22.1410    22.2035     15.854     16.035      0.253    1502.76    1502.77  0.000e+00
       1563     16.500    15.4413    15.4230    -0.0183    3.79918    3.80388          1     5.1428     4.9231       4.04     0.1729  2.462e-11  1.000e-12  4.062e+00    30.2024    30.2580     0.0556    22.1825    22.2292     16.349     16.533      0.276    1502.77    1502.78  0.000e+00
       1613     17.000    15.4254    15.3960    -0.0294    3.80041    3.80389          1     5.1130     4.9176       3.55     0.1737  2.462e-11  1.000e-12  4.062e+00    30.2253    30.2787     0.0534    22.2035    22.2509     16.844     17.031      0.226    1502.76    1502.73  0.000e+00
       1661     17.500    15.3903    15.3159    -0.0746    3.80050    3.80284          1     5.0923     4.9002       3.05     0.1582  2.462e-11  1.000e-12  4.062e+00    30.2529    30.3309     0.0781    22.2323    22.3083     17.340     17.529      0.283    1502.69    1502.54  0.000e+00
       1705     18.000    15.3362    15.2888    -0.0473    3.80018    3.80225          1     5.0996     4.8976       2.58     0.1572  2.462e-11  1.000e-12  4.062e+00    30.2915    30.3464     0.0549    22.2736    22.3260     17.835     18.028      0.241    1502.57    1502.48  0.000e+00
       1755     18.500    15.2974    15.2760    -0.0214    3.79975    3.80163          1     5.0893     4.8898       2.08     0.1587  2.462e-11  1.000e-12  4.062e+00    30.3174    30.3506     0.0332    22.3018    22.3319     18.330     18.526      0.282    1502.48    1502.45  0.000e+00
       1793     19.000    15.2849    15.2689    -0.0160    3.79943    3.80095          1     5.0722     4.8777       1.61     0.1534  2.462e-11  1.000e-12  4.062e+00    30.3241    30.3499     0.0258    22.3096    22.3329     18.826     19.024      0.297    1502.46    1502.44  0.000e+00
       3206     19.500    15.2616    15.2584    -0.0031    3.79828    3.79869          1     5.0628     4.8548       1.29     0.1626  2.322e-11  1.000e-12  4.408e+00    30.3317    30.3378     0.0061    22.3205    22.3258     19.321     19.522     -0.168    1502.40    1502.40  0.000e+00
