ctdpy/exports/archive_20191120_135557/received_data/SBE09_1044_20180924_0742_34_01_0048.cnv
* Sea-Bird SBE 9 Data File:
* FileName = C:\ctd\temp\2018\AR18D048.hex
* Software Version Seasave V 7.26.6.26
* Temperature SN = 5351
* Conductivity SN = 3941
* Number of Bytes Per Scan = 41
* Number of Voltage Words = 4
* Number of Scans Averaged by the Deck Unit = 1
* NMEA Latitude = 58 20.37 N
* NMEA Longitude = 011 01.59 E
* NMEA UTC (Time) = Sep 24 2018  07:42:42
* NMEA baud rate = 4800
** Station:  Å13
** Operator:  MHan
** Ship: ARANDA
** Average sound velocity: 1503.36 m/s
** True-depth calculation Mon, 24 Sep 2018 08:28:39 +0000
** CTD Python Module SMHI /ver 3-12/ feb 2012 
** LIMS Job: 20183401-0048
** Cruise: SMHI-02-2018
** Latitude [GG MM.mm N] :
** Longitude [GG MM.mm E]:
# nquan = 26
# nvalues = 190                         
# units = specified
# name 0 = scan: Scan Count
# name 1 = prDM: Pressure, Digiquartz [db]
# name 2 = t090C: Temperature [ITS-90, deg C]
# name 3 = t190C: Temperature, 2 [ITS-90, deg C]
# name 4 = T2-T190C: Temperature Difference, 2 - 1 [ITS-90, deg C]
# name 5 = c0S/m: Conductivity [S/m]
# name 6 = c1S/m: Conductivity, 2 [S/m]
# name 7 = pumps: Pump Status
# name 8 = sbeox0ML/L: Oxygen, SBE 43 [ml/l]
# name 9 = sbeox1ML/L: Oxygen, SBE 43, 2 [ml/l]
# name 10 = altM: Altimeter [m]
# name 11 = flECO-AFL: Chl-a Fluorescence, WET Labs ECO-AFL/FL [mg/m^3]
# name 12 = flECO-AFL1: Phycocyanin Fluorescence, WET Labs ECO-AFL/FL, 2 [mg/m^3]
# name 13 = par: PAR/Irradiance, Biospherical/Lico [µE/(cm^2*s)]
# name 14 = turbWETntu0: Turbidity, WET Labs ECO [NTU]
# name 15 = sal00: Salinity, Practical [PSU]
# name 16 = sal11: Salinity, Practical, 2 [PSU]
# name 17 = secS-priS: Salinity, Practical, Difference, 2 - 1 [PSU]
# name 18 = sigma-t00: Density [sigma-t, Kg/m^3 ]
# name 19 = sigma-t11: Density, 2 [sigma-t, Kg/m^3 ]
# name 20 = depSM: Depth [salt water, m], lat = 58.3395
# name 21 = depFM: Depth [true depth, m], lat = 58.3395
# name 22 = dz/dtM: Descent Rate [m/s], WS = 2
# name 23 = svCM: Sound Velocity [Chen-Millero, m/s]
# name 24 = svCM1: Sound Velocity, 2 [Chen-Millero, m/s]
# name 25 = flag: flag
# span 0 =      14445,      19257       
# span 1 =      2.000,     96.500       
# span 2 =    12.4340,    15.3294       
# span 3 =    12.4350,    15.3274       
# span 4 =    -0.0871,     0.0138       
# span 5 =   3.826034,   4.144972       
# span 6 =   3.826076,   4.145113       
# span 7 =          1,          1       
# span 8 =    5.00596,    5.68204       
# span 9 =    3.06941,    4.78955       
# span 10 =       2.33,      98.38      
# span 11 =     0.2957,     1.6221      
# span 12 =     0.1773,     0.3696      
# span 13 = 1.0000e-12, 8.5486e+02      
# span 14 =     0.7157,     1.8315      
# span 15 =    30.7990,    34.5843      
# span 16 =    30.7991,    34.5838      
# span 17 =    -0.0231,     0.0242      
# span 18 =    22.7380,    26.1826      
# span 19 =    22.7380,    26.1820      
# span 20 =      1.981,     95.581      
# span 21 =      1.992,     95.884      
# span 22 =     -0.003,      1.127      
# span 23 =    1499.39,    1505.80      
# span 24 =    1499.39,    1505.79      
# span 25 = 0.0000e+00, 0.0000e+00      
# interval = decibars: 0.5              
# start_time = Sep 24 2018 07:42:42 [NMEA time, first data scan]
# bad_flag = -9.990e-29
*END*
[from data line 56]
      15675     30.000    14.6641    14.6753     0.0112    4.08570    4.08738          1     5.4767     4.4931      70.13     0.4784     0.2413  4.328e-01  0.7973000    33.4027    33.4085     0.0057    24.8130    24.8151     29.719     29.840      0.554    1504.24    1504.28  0.000e+00
      15695     30.500    14.6763    14.6748    -0.0015    4.08872    4.08852          1     5.4784     4.5260      79.68     0.5587     0.2730  3.923e-01  0.8079000    33.4197    33.4191    -0.0006    24.8235    24.8233     30.214     30.337      0.572    1504.31    1504.30  0.000e+00
      15718     31.000    14.6844    14.6876     0.0032    4.09135    4.09189          1     5.4782     4.5742      92.45     0.5500     0.2993  3.519e-01  0.8228000    33.4365    33.4386     0.0022    24.8347    24.8357     30.710     30.834      0.485    1504.36    1504.37  0.000e+00
      15747     31.500    14.7559    14.7644     0.0085    4.10221    4.10342          1     5.4654     4.6199      68.23     0.5170     0.2441  3.200e-01  0.8081000    33.4738    33.4775     0.0037    24.8482    24.8492     31.205     31.331      0.406    1504.64    1504.67  0.000e+00
      15774     32.000    14.8915    14.8906    -0.0009    4.12292    4.12291          1     5.4126     4.6409      67.99     0.5354     0.2232  2.905e-01  0.8462000    33.5453    33.5460     0.0007    24.8741    24.8748     31.700     31.828      0.549    1505.16    1505.16  0.000e+00
      15793     32.500    14.9913    14.9905    -0.0007    4.13927    4.13927          1     5.3698     4.6670      67.65     0.4725     0.2665  2.532e-01  1.3018000    33.6077    33.6083     0.0007    24.9005    24.9012     32.195     32.325      0.740    1505.56    1505.56  0.000e+00
      15807     33.000    15.0134    15.0131    -0.0003    4.14484    4.14476          1     5.3583     4.7111      67.39     0.4649     0.2791  2.092e-01  1.3714000    33.6389    33.6385    -0.0004    24.9198    24.9196     32.691     32.821      0.865    1505.68    1505.68  0.000e+00
      15820     33.500    15.0130    15.0139     0.0009    4.14497    4.14511          1     5.3587     4.7489      67.03     0.5016     0.2757  1.683e-01  1.4141000    33.6402    33.6407     0.0005    24.9209    24.9211     33.186     33.318      0.921    1505.69    1505.69  0.000e+00
      15833     34.000    15.0111    15.0117     0.0006    4.14497    4.14508          1     5.3560     4.7662      66.46     0.5045     0.2513  1.372e-01  1.4057000    33.6417    33.6422     0.0005    24.9224    24.9227     33.681     33.815      0.889    1505.69    1505.69  0.000e+00
      15847     34.500    15.0061    15.0065     0.0004    4.14463    4.14468          1     5.3619     4.7896      65.77     0.5104     0.2615  1.151e-01  1.3597000    33.6427    33.6428     0.0000    24.9243    24.9243     34.176     34.312      0.727    1505.68    1505.68  0.000e+00
      15875     35.000    15.0033    15.0067     0.0034    4.14388    4.14473          1     5.3796     4.7774      64.99     0.5084     0.2927  1.094e-01  1.3096000    33.6381    33.6429     0.0048    24.9214    24.9243     34.672     34.809      0.349    1505.68    1505.69  0.000e+00
      15943     35.500    15.0069    15.0077     0.0007    4.14476    4.14480          1     5.3822     4.5874      64.22     0.5019     0.3100  1.210e-01  1.1130000    33.6428    33.6425    -0.0003    24.9242    24.9238     35.167     35.306      0.426    1505.70    1505.71  0.000e+00
      15960     36.000    15.0082    15.0090     0.0008    4.14486    4.14497          1     5.3630     4.6393      64.02     0.5227     0.2212  8.146e-02  1.2242000    33.6424    33.6427     0.0003    24.9236    24.9236     35.662     35.803      0.734    1505.71    1505.72  0.000e+00
      15975     36.500    15.0017    15.0030     0.0012    4.14416    4.14433          1     5.3535     4.6866      63.67     0.5343     0.1941  5.740e-02  1.3912000    33.6415    33.6418     0.0004    24.9243    24.9243     36.158     36.300      0.896    1505.70    1505.71  0.000e+00
      15987     37.000    14.9988    14.9986    -0.0001    4.14385    4.14386          1     5.3486     4.6926      63.23     0.5344     0.2733  3.882e-02  1.3932000    33.6410    33.6412     0.0002    24.9246    24.9248     36.653     36.797      0.977    1505.70    1505.70  0.000e+00
      15999     37.500    14.9944    14.9959     0.0014    4.14342    4.14359          1     5.3494     4.6704      62.94     0.5465     0.2781  2.153e-02  1.3827000    33.6406    33.6409     0.0003    24.9252    24.9252     37.148     37.293      0.971    1505.69    1505.70  0.000e+00
      16011     38.000    14.9884    14.9890     0.0008    4.14299    4.14311          1     5.3571     4.6549      62.46     0.5369     0.2680  1.045e-02  1.4006000    33.6418    33.6422     0.0005    24.9274    24.9277     37.643     37.790      0.856    1505.68    1505.69  0.000e+00
      16028     38.500    14.9744    14.9786     0.0042    4.14261    4.14275          1     5.3687     4.6373      61.75     0.4909     0.2586  2.148e-03  1.4878000    33.6501    33.6478    -0.0023    24.9369    24.9342     38.139     38.287      0.614    1505.66    1505.67  0.000e+00
      16059     39.000    14.9562    14.9592     0.0030    4.14239    4.14252          1     5.3567     4.6018      60.96     0.5181     0.2646  4.228e-03  1.3459000    33.6636    33.6622    -0.0014    24.9512    24.9495     38.634     38.784      0.324    1505.62    1505.63  0.000e+00
      16100     39.500    14.9556    14.9520    -0.0037    4.14255    4.14243          1     5.3537     4.5759      60.38     0.5448     0.2214  1.272e-04  1.3425000    33.6654    33.6674     0.0020    24.9528    24.9551     39.129     39.281      0.388    1505.63    1505.62  0.000e+00
      16123     40.000    14.9160    14.9110    -0.0050    4.14204    4.14203          1     5.3479     4.5489      60.00     0.5405     0.2792  1.747e-07  1.4141000    33.6948    33.6990     0.0042    24.9840    24.9883     39.624     39.778      0.582    1505.55    1505.54  0.000e+00
      16142     40.500    14.8958    14.8968     0.0010    4.14174    4.14182          1     5.3507     4.4888      59.54     0.5230     0.2900  1.000e-12  1.4467000    33.7093    33.7091    -0.0002    24.9996    24.9992     40.120     40.275      0.633    1505.51    1505.52  0.000e+00
      16161     41.000    14.8933    14.8925    -0.0007    4.14164    4.14171          1     5.3671     4.4572      59.11     0.5064     0.2943  1.000e-12  1.4846000    33.7104    33.7116     0.0012    25.0010    25.0021     40.615     40.771      0.603    1505.51    1505.51  0.000e+00
      16182     41.500    14.8916    14.8915    -0.0001    4.14162    4.14168          1     5.3628     4.4467      58.58     0.4852     0.2890  1.000e-12  1.5279000    33.7114    33.7121     0.0006    25.0021    25.0026     41.110     41.268      0.547    1505.51    1505.52  0.000e+00
      16206     42.000    14.8879    14.8881     0.0002    4.14151    4.14159          1     5.3504     4.4306      58.10     0.5091     0.2368  1.000e-12  1.4246000    33.7135    33.7140     0.0005    25.0045    25.0049     41.605     41.765      0.518    1505.51    1505.52  0.000e+00
      16228     42.500    14.8835    14.8851     0.0016    4.14139    4.14152          1     5.3556     4.4207      57.64     0.5303     0.2655  1.000e-12  1.4136000    33.7160    33.7158    -0.0002    25.0074    25.0069     42.101     42.262      0.575    1505.51    1505.52  0.000e+00
      16248     43.000    14.8759    14.8739    -0.0019    4.14113    4.14111          1     5.3702     4.3759      57.15     0.5201     0.2763  1.000e-12  1.4339000    33.7200    33.7215     0.0015    25.0121    25.0137     42.596     42.759      0.642    1505.50    1505.50  0.000e+00
      16266     43.500    14.8702    14.8698    -0.0003    4.14092    4.14097          1     5.3694     4.3267      56.68     0.5117     0.2660  1.000e-12  1.4409000    33.7229    33.7236     0.0007    25.0156    25.0162     43.091     43.256      0.614    1505.50    1505.49  0.000e+00
      16288     44.000    14.8651    14.8671     0.0020    4.14071    4.14086          1     5.3618     4.3099      56.11     0.5156     0.2354  1.000e-12  1.4112000    33.7251    33.7247    -0.0004    25.0184    25.0177     43.586     43.753      0.489    1505.49    1505.50  0.000e+00
      16315     44.500    14.8496    14.8572     0.0076    4.13994    4.14040          1     5.3594     4.3079      55.57     0.4798     0.2166  1.000e-12  1.3802000    33.7314    33.7290    -0.0024    25.0266    25.0231     44.082     44.249      0.456    1505.46    1505.48  0.000e+00
      16339     45.000    14.8442    14.8474     0.0030    4.13969    4.13990          1     5.3559     4.3060      55.17     0.4653     0.1974  1.000e-12  1.3402000    33.7335    33.7326    -0.0009    25.0294    25.0280     44.577     44.746      0.543    1505.45    1505.46  0.000e+00
      16360     45.500    14.8307    14.8372     0.0067    4.13896    4.13938          1     5.3518     4.3146      54.66     0.5107     0.2659  1.000e-12  1.4323000    33.7384    33.7366    -0.0019    25.0361    25.0333     45.072     45.243      0.560    1505.42    1505.44  0.000e+00
      16383     46.000    14.7688    14.7828     0.0137    4.13651    4.13717          1     5.3266     4.3250      54.17     0.5009     0.1932  1.000e-12  1.5168000    33.7695    33.7635    -0.0060    25.0734    25.0657     45.567     45.740      0.515    1505.27    1505.30  0.000e+00
      16406     46.500    14.6317    14.6328     0.0013    4.13008    4.13031          1     5.2881     4.2964      53.66     0.4705     0.2523  1.000e-12  1.3932000    33.8298    33.8310     0.0011    25.1494    25.1500     46.063     46.237      0.526    1504.91    1504.91  0.000e+00
      16428     47.000    14.4982    14.4926    -0.0056    4.12488    4.12480          1     5.2611     4.2524      53.21     0.4326     0.2551  1.000e-12  1.4241000    33.8985    33.9027     0.0042    25.2309    25.2353     46.558     46.733      0.592    1504.57    1504.56  0.000e+00
      16447     47.500    14.4101    14.4026    -0.0075    4.12269    4.12275          1     5.2449     4.2108      52.76     0.4085     0.2352  1.000e-12  1.4103000    33.9554    33.9626     0.0071    25.2936    25.3007     47.053     47.230      0.632    1504.36    1504.35  0.000e+00
      16466     48.000    14.3656    14.3653    -0.0004    4.12229    4.12251          1     5.2375     4.1600      52.22     0.3931     0.2349  1.000e-12  1.3274000    33.9905    33.9929     0.0023    25.3301    25.3320     47.548     47.727      0.599    1504.27    1504.27  0.000e+00
      16488     48.500    14.3648    14.3634    -0.0013    4.12294    4.12272          1     5.2329     4.1375      51.74     0.3926     0.1859  1.000e-12  1.2678000    33.9971    33.9962    -0.0009    25.3353    25.3350     48.044     48.224      0.511    1504.28    1504.27  0.000e+00
      16513     49.000    14.3620    14.3647     0.0027    4.12346    4.12360          1     5.2496     4.1472      51.16     0.3823     0.2246  1.000e-12  1.1655000    34.0041    34.0030    -0.0011    25.3414    25.3399     48.539     48.720      0.496    1504.29    1504.29  0.000e+00
      16535     49.500    14.3582    14.3601     0.0018    4.12343    4.12357          1     5.2621     4.1182      50.67     0.4284     0.2359  1.000e-12  1.1919000    34.0069    34.0067    -0.0003    25.3443    25.3437     49.034     49.217      0.603    1504.29    1504.29  0.000e+00
      16554     50.000    14.3559    14.3555    -0.0004    4.12336    4.12344          1     5.2580     4.0930      50.24     0.4000     0.2357  1.000e-12  1.2176000    34.0081    34.0092     0.0011    25.3457    25.3467     49.529     49.714      0.630    1504.29    1504.29  0.000e+00
      16574     50.500    14.3470    14.3480     0.0010    4.12307    4.12319          1     5.2566     4.0782      49.74     0.4228     0.2345  1.000e-12  1.2167000    34.0131    34.0133     0.0002    25.3515    25.3514     50.024     50.210      0.509    1504.27    1504.28  0.000e+00
      16605     51.000    14.3377    14.3399     0.0022    4.12307    4.12321          1     5.2414     4.0660      49.15     0.4512     0.2161  1.000e-12  1.1738000    34.0211    34.0205    -0.0007    25.3596    25.3586     50.520     50.707      0.359    1504.26    1504.27  0.000e+00
      16635     51.500    14.2972    14.3027     0.0055    4.12261    4.12292          1     5.2118     4.0262      48.68     0.3989     0.2253  1.000e-12  1.2279000    34.0524    34.0504    -0.0020    25.3923    25.3896     51.015     51.204      0.527    1504.18    1504.19  0.000e+00
      16654     52.000    14.1903    14.1963     0.0059    4.11851    4.11885          1     5.2035     4.0077      48.32     0.3879     0.2499  1.000e-12  1.1975000    34.1087    34.1065    -0.0022    25.4583    25.4554     51.510     51.700      0.659    1503.91    1503.92  0.000e+00
      16672     52.500    14.1723    14.1705    -0.0018    4.11752    4.11746          1     5.2045     3.9947      47.88     0.3810     0.2363  1.000e-12  1.1407000    34.1152    34.1162     0.0011    25.4672    25.4684     52.005     52.197      0.669    1503.86    1503.86  0.000e+00
      16690     53.000    14.1663    14.1667     0.0005    4.11715    4.11722          1     5.1952     3.9791      47.37     0.3460     0.2619  1.000e-12  1.0550000    34.1169    34.1172     0.0003    25.4698    25.4699     52.501     52.693      0.612    1503.85    1503.86  0.000e+00
      16711     53.500    14.1649    14.1667     0.0017    4.11708    4.11724          1     5.1777     3.9516      46.83     0.3551     0.2616  1.000e-12  1.0632000    34.1173    34.1172    -0.0000    25.4703    25.4700     52.996     53.190      0.569    1503.86    1503.86  0.000e+00
      16733     54.000    14.1646    14.1661     0.0015    4.11704    4.11720          1     5.1916     3.9274      46.35     0.3714     0.2277  1.000e-12  1.0844000    34.1170    34.1171     0.0001    25.4702    25.4700     53.491     53.687      0.550    1503.87    1503.87  0.000e+00
      16755     54.500    14.1633    14.1641     0.0008    4.11693    4.11704          1     5.2123     3.9043      45.83     0.3702     0.2643  1.000e-12  1.0854000    34.1169    34.1172     0.0003    25.4704    25.4704     53.986     54.183      0.509    1503.87    1503.87  0.000e+00
      16780     55.000    14.1627    14.1635     0.0008    4.11688    4.11695          1     5.2154     3.8803      45.28     0.3689     0.1983  1.000e-12  1.0804000    34.1168    34.1167    -0.0001    25.4705    25.4702     54.482     54.680      0.438    1503.87    1503.88  0.000e+00
      16810     55.500    14.1628    14.1638     0.0010    4.11707    4.11714          1     5.2019     3.8555      44.69     0.3751     0.2570  1.000e-12  1.0727000    34.1182    34.1180    -0.0002    25.4716    25.4712     54.977     55.177      0.411    1503.88    1503.89  0.000e+00
      16837     56.000    14.1626    14.1637     0.0010    4.11712    4.11722          1     5.2044     3.8298      44.26     0.3785     0.2800  1.000e-12  1.0561000    34.1187    34.1186    -0.0000    25.4719    25.4716     55.472     55.673      0.496    1503.89    1503.90  0.000e+00
      16859     56.500    14.1629    14.1636     0.0007    4.11711    4.11715          1     5.2041     3.8322      43.86     0.3760     0.2799  1.000e-12  1.2465000    34.1182    34.1179    -0.0003    25.4715    25.4711     55.967     56.170      0.628    1503.90    1503.90  0.000e+00
      16876     57.000    14.1605    14.1617     0.0012    4.11676    4.11689          1     5.2000     3.8231      43.44     0.3688     0.2804  1.000e-12  1.3887000    34.1168    34.1169     0.0000    25.4709    25.4707     56.462     56.666      0.722    1503.90    1503.91  0.000e+00
