ctdpy/exports/archive_20191120_135557/received_data/SBE09_1044_20181207_0617_34_01_0161.cnv
* Sea-Bird SBE 9 Data File:
* FileName = C:\ctd\temp\ar18d161.hex
* Software Version Seasave V 7.26.7.107
* Temperature SN = 5351
* Conductivity SN = 3941
* Number of Bytes Per Scan = 41
* Number of Voltage Words = 4
* Number of Scans Averaged by the Deck Unit = 1
* NMEA Latitude = 55 52.00 N
* NMEA Longitude = 012 44.92 E
* NMEA UTC (Time) = Dec 07 2018  06:17:10
* NMEA baud rate = 4800
** Station:  W Landskrona
** Operator:  JKro
** Ship: ARANDA
** Average sound velocity: 1433.96 m/s
** True-depth calculation Sun, 09 Dec 2018 17:14:30 +0000
** CTD Python Module SMHI /ver 3-12/ feb 2012 
** LIMS Job: 20183401-0161
** Cruise: SMHI-7-2018
** Latitude [GG MM.mm N]:
** Longitude [GG MM.mm E]
# nquan = 26
# nvalues = 96                          
# units = specified
# name 0 = scan: Scan Count
# name 1 = prDM: Pressure, Digiquartz [db]
# name 2 = t090C: Temperature [ITS-90, deg C]
# name 3 = t190C: Temperature, 2 [ITS-90, deg C]
# name 4 = T2-T190C: Temperature Difference, 2 - 1 [ITS-90, deg C]
# name 5 = c0S/m: Conductivity [S/m]
# name 6 = c1S/m: Conductivity, 2 [S/m]
# name 7 = pumps: Pump Status
# name 8 = sbeox0ML/L: Oxygen, SBE 43 [ml/l]
# name 9 = sbeox1ML/L: Oxygen, SBE 43, 2 [ml/l]
# name 10 = altM: Altimeter [m]
# name 11 = flECO-AFL: Chl-a Fluorescence, WET Labs ECO-AFL/FL [mg/m^3]
# name 12 = flECO-AFL1: Phycocyanin Fluorescence, WET Labs ECO-AFL/FL, 2 [mg/m^3]
# name 13 = par: PAR/Irradiance, Biospherical/Lico [µE/(cm^2*s)]
# name 14 = turbWETntu0: Turbidity, WET Labs ECO [NTU]
# name 15 = sal00: Salinity, Practical [PSU]
# name 16 = sal11: Salinity, Practical, 2 [PSU]
# name 17 = secS-priS: Salinity, Practical, Difference, 2 - 1 [PSU]
# name 18 = sigma-t00: Density [sigma-t, Kg/m^3 ]
# name 19 = sigma-t11: Density, 2 [sigma-t, Kg/m^3 ]
# name 20 = depSM: Depth [salt water, m], lat = 55.8667
# name 21 = depFM: Depth [true depth, m], lat = 55.8667
# name 22 = dz/dtM: Descent Rate [m/s], WS = 2
# name 23 = svCM: Sound Velocity [Chen-Millero, m/s]
# name 24 = svCM1: Sound Velocity, 2 [Chen-Millero, m/s]
# name 25 = flag: flag
# span 0 =      15237,      18540       
# span 1 =      1.000,     48.500       
# span 2 =     6.5282,    10.5228       
# span 3 =     6.5299,    10.5245       
# span 4 =    -0.0234,     0.0433       
# span 5 =   2.027983,   3.676190       
# span 6 =   2.028722,   3.676963       
# span 7 =          1,          1       
# span 8 =    4.77009,    7.20277       
# span 9 =    4.76082,    7.21992       
# span 10 =       2.15,      44.60      
# span 11 =     0.3620,     2.2207      
# span 12 =     0.2033,     0.4727      
# span 13 = -3.196e-11, 2.2478e-01      
# span 14 =     0.4836,    16.5261      
# span 15 =    19.1119,    33.1415      
# span 16 =    19.1200,    33.1477      
# span 17 =    -0.1067,     0.1044      
# span 18 =    14.9472,    25.4121      
# span 19 =    14.9537,    25.4166      
# span 20 =      0.991,     48.054      
# span 21 =     -0.000,     48.315      
# span 22 =     -0.043,      0.534      
# span 23 =    1458.17,    1490.23      
# span 24 =    1458.16,    1490.23      
# span 25 = 0.0000e+00, 0.0000e+00      
# interval = decibars: 0.5              
# start_time = Dec 07 2018 06:17:10 [NMEA time, first data scan]
# bad_flag = -9.990e-29
*END*
[from data line 56]
      16663     29.000    10.2914    10.2926     0.0012    3.57251    3.57281          1     4.9257     4.9185      21.74     0.4101     0.2423  1.000e-12  1.7736000    32.3163    32.3183     0.0020    24.8084    24.8097     28.734     28.941      0.497    1488.09    1488.10  0.000e+00
      16687     29.500    10.3114    10.3112    -0.0001    3.57921    3.57927          1     4.9186     4.9053      21.24     0.4154     0.2188  1.000e-12  1.8646000    32.3657    32.3663     0.0007    24.8435    24.8440     29.230     29.438      0.497    1488.23    1488.23  0.000e+00
      16711     30.000    10.3208    10.3231     0.0022    3.58296    3.58394          1     4.9127     4.9040      20.74     0.3967     0.2195  1.000e-12  1.8347000    32.3947    32.4025     0.0078    24.8645    24.8702     29.725     29.934      0.491    1488.31    1488.33  0.000e+00
      16736     30.500    10.3479    10.3481     0.0002    3.59456    3.59458          1     4.8976     4.8995      20.24     0.4054     0.2257  1.000e-12  1.8513000    32.4868    32.4869     0.0001    24.9317    24.9318     30.221     30.431      0.487    1488.53    1488.53  0.000e+00
      16761     31.000    10.3513    10.3512    -0.0001    3.59639    3.59627          1     4.8950     4.8938      19.75     0.3832     0.2421  1.000e-12  2.0064000    32.5020    32.5009    -0.0011    24.9430    24.9422     30.716     30.928      0.488    1488.57    1488.56  0.000e+00
      16785     31.500    10.3478    10.3499     0.0021    3.59507    3.59579          1     4.9003     4.9000      19.24     0.3824     0.2698  1.000e-12  1.9506000    32.4916    32.4971     0.0055    24.9355    24.9394     31.211     31.425      0.487    1488.55    1488.56  0.000e+00
      16810     32.000    10.3500    10.3513     0.0013    3.59597    3.59636          1     4.9030     4.8933      18.76     0.3717     0.2645  1.000e-12  1.9037000    32.4986    32.5013     0.0027    24.9405    24.9425     31.707     31.922      0.486    1488.57    1488.58  0.000e+00
      16835     32.500    10.3496    10.3497     0.0001    3.59585    3.59582          1     4.9029     4.8825      18.26     0.3823     0.2420  1.000e-12  1.9986000    32.4975    32.4971    -0.0004    24.9397    24.9394     32.202     32.419      0.485    1488.58    1488.58  0.000e+00
      16859     33.000    10.3487    10.3491     0.0005    3.59554    3.59573          1     4.8998     4.8823      17.76     0.3824     0.2439  1.000e-12  1.9376000    32.4949    32.4965     0.0015    24.9379    24.9390     32.697     32.916      0.484    1488.58    1488.58  0.000e+00
      16884     33.500    10.3460    10.3473     0.0014    3.59472    3.59521          1     4.9013     4.8868      17.27     0.3824     0.2931  1.000e-12  2.0024000    32.4889    32.4926     0.0037    24.9337    24.9363     33.193     33.413      0.487    1488.57    1488.58  0.000e+00
      16909     34.000    10.3446    10.3450     0.0004    3.59405    3.59419          1     4.9036     4.8933      16.89     0.4142     0.2940  1.000e-12  2.0418000    32.4832    32.4842     0.0010    24.9295    24.9302     33.688     33.909      0.492    1488.57    1488.57  0.000e+00
      16933     34.500    10.3484    10.3461    -0.0022    3.59589    3.59513          1     4.8966     4.8945      10.87     0.3802     0.3072  1.000e-12  2.0183000    32.4980    32.4925    -0.0056    24.9404    24.9365     34.184     34.406      0.485    1488.61    1488.59  0.000e+00
      16958     35.000    10.3623    10.3642     0.0018    3.60158    3.60241          1     4.8905     4.8899       7.73     0.4089     0.2904  1.000e-12  2.1419000    32.5425    32.5493     0.0068    24.9727    24.9777     34.679     34.903      0.481    1488.72    1488.73  0.000e+00
      16983     35.500    10.3744    10.3752     0.0008    3.60698    3.60737          1     4.8811     4.8782      12.54     0.3824     0.2359  1.000e-12  2.1845000    32.5858    32.5890     0.0032    25.0044    25.0067     35.174     35.400      0.486    1488.82    1488.83  0.000e+00
      17008     36.000    10.3822    10.3824     0.0003    3.61039    3.61065          1     4.8663     4.8624      14.06     0.3620     0.2621  1.000e-12  2.2428000    32.6128    32.6152     0.0023    25.0241    25.0259     35.670     35.897      0.487    1488.89    1488.90  0.000e+00
      17032     36.500    10.3812    10.3858     0.0046    3.61032    3.61206          1     4.8644     4.8627      14.12     0.3742     0.2484  1.000e-12  2.2834000    32.6128    32.6261     0.0133    25.0243    25.0338     36.165     36.394      0.487    1488.90    1488.93  0.000e+00
      17057     37.000    10.4025    10.3997    -0.0028    3.61922    3.61864          1     4.8554     4.8547      13.76     0.3678     0.2033  1.000e-12  2.4706000    32.6828    32.6795    -0.0033    25.0752    25.0731     36.660     36.891      0.481    1489.07    1489.05  0.000e+00
      17082     37.500    10.4316    10.4266    -0.0050    3.63266    3.63068          1     4.8378     4.8353      13.29     0.3732     0.2557  1.000e-12  2.7755000    32.7914    32.7760    -0.0154    25.1549    25.1437     37.156     37.387      0.474    1489.31    1489.27  0.000e+00
      17107     38.000    10.4405    10.4401    -0.0004    3.63709    3.63703          1     4.8350     4.8291      12.80     0.3909     0.2534  1.000e-12  3.1459000    32.8276    32.8273    -0.0003    25.1816    25.1814     37.651     37.884      0.485    1489.39    1489.39  0.000e+00
      17132     38.500    10.4392    10.4393     0.0001    3.63670    3.63664          1     4.8342     4.8249      12.31     0.3810     0.2964  1.000e-12  3.3772000    32.8247    32.8239    -0.0008    25.1795    25.1789     38.147     38.381      0.486    1489.39    1489.39  0.000e+00
      17157     39.000    10.4405    10.4404    -0.0000    3.63748    3.63726          1     4.8354     4.8266      11.82     0.3858     0.3032  1.000e-12  3.3580000    32.8311    32.8290    -0.0022    25.1843    25.1827     38.642     38.878      0.475    1489.42    1489.41  0.000e+00
      17182     39.500    10.4406    10.4415     0.0009    3.63756    3.63784          1     4.8370     4.8286      11.31     0.3893     0.2749  1.000e-12  3.4114000    32.8316    32.8336     0.0020    25.1847    25.1861     39.137     39.374      0.481    1489.42    1489.43  0.000e+00
      17207     40.000    10.4400    10.4408     0.0007    3.63739    3.63744          1     4.8321     4.8312      10.81     0.3955     0.2467  1.000e-12  3.5036000    32.8301    32.8300    -0.0001    25.1836    25.1834     39.633     39.871      0.485    1489.43    1489.43  0.000e+00
      17232     40.500    10.4419    10.4418    -0.0002    3.63825    3.63800          1     4.8285     4.8292      10.31     0.3883     0.2700  1.000e-12  3.6048000    32.8369    32.8345    -0.0024    25.1886    25.1867     40.128     40.368      0.475    1489.45    1489.45  0.000e+00
      17258     41.000    10.4427    10.4419    -0.0007    3.63852    3.63809          1     4.8300     4.8312       9.77     0.3778     0.2766  1.000e-12  3.5183000    32.8387    32.8350    -0.0037    25.1899    25.1871     40.623     40.865      0.423    1489.46    1489.46  0.000e+00
      17289     41.500    10.4412    10.4414     0.0002    3.63787    3.63785          1     4.8305     4.8312       9.23     0.3913     0.2217  1.000e-12  3.2956000    32.8333    32.8329    -0.0004    25.1859    25.1856     41.119     41.361      0.357    1489.46    1489.46  0.000e+00
      17327     42.000    10.4415    10.4428     0.0013    3.63823    3.63867          1     4.8252     4.8272       8.69     0.3642     0.2582  1.000e-12  3.4333000    32.8364    32.8397     0.0034    25.1882    25.1906     41.614     41.858      0.279    1489.47    1489.48  0.000e+00
      17378     42.500    10.4496    10.4488    -0.0007    3.64174    3.64146          1     4.8265     4.8265       8.12     0.4030     0.2832  1.000e-12  3.7942000    32.8641    32.8620    -0.0022    25.2085    25.2069     42.109     42.355      0.214    1489.54    1489.54  0.000e+00
      17438     43.000    10.4585    10.4582    -0.0003    3.64592    3.64563          1     4.8196     4.8124       7.60     0.3769     0.2791  1.000e-12  4.3118000    32.8978    32.8952    -0.0027    25.2332    25.2312     42.605     42.852      0.183    1489.63    1489.62  0.000e+00
      17510     43.500    10.4756    10.4769     0.0015    3.65336    3.65391          1     4.8114     4.8076       5.41     0.4553     0.2867  1.000e-12  5.7996000    32.9569    32.9611     0.0042    25.2763    25.2794     43.100     43.348      0.154    1489.77    1489.78  0.000e+00
 -9.990e-29     44.000 -9.990e-29 -9.990e-29 -9.990e-29 -9.990e-29 -9.990e-29 -9.990e-29 -9.990e-29 -9.990e-29 -9.990e-29 -9.990e-29 -9.990e-29 -9.990e-29 -9.990e-29 -9.990e-29 -9.990e-29 -9.990e-29 -9.990e-29 -9.990e-29 -9.990e-29 -9.990e-29 -9.990e-29 -9.990e-29 -9.990e-29 -9.990e-29
 -9.990e-29     44.500 -9.990e-29 -9.990e-29 -9.990e-29 -9.990e-29 -9.990e-29 -9.990e-29 -9.990e-29 -9.990e-29 -9.990e-29 -9.990e-29 -9.990e-29 -9.990e-29 -9.990e-29 -9.990e-29 -9.990e-29 -9.990e-29 -9.990e-29 -9.990e-29 -9.990e-29 -9.990e-29 -9.990e-29 -9.990e-29 -9.990e-29 -9.990e-29
 -9.990e-29     45.000 -9.990e-29 -9.990e-29 -9.990e-29 -9.990e-29 -9.990e-29 -9.990e-29 -9.990e-29 -9.990e-29 -9.990e-29 -9.990e-29 -9.990e-29 -9.990e-29 -9.990e-29 -9.990e-29 -9.990e-29 -9.990e-29 -9.990e-29 -9.990e-29 -9.990e-29 -9.990e-29 -9.990e-29 -9.990e-29 -9.990e-29 -9.990e-29
      17899     45.500    10.4687    10.4684    -0.0003    3.65128    3.65102          1     4.8054     4.8032       5.06     0.4179     0.2588  1.000e-12  5.4317000    32.9412    32.9389    -0.0023    25.2653    25.2636     45.202     45.335      0.186    1489.76    1489.75  0.000e+00
      17943     46.000    10.4712    10.4743     0.0031    3.65205    3.65345          1     4.8034     4.8041       4.71     0.4441     0.2902  1.000e-12  5.6325000    32.9465    32.9578     0.0113    25.2690    25.2772     45.577     45.832      0.214    1489.78    1489.80  0.000e+00
      17997     46.500    10.5088    10.5136     0.0048    3.66866    3.67092          1     4.7801     4.7739       4.24     0.5456     0.3203  1.000e-12 10.4146000    33.0790    33.0973     0.0183    25.3658    25.3792     46.072     46.329      0.236    1490.08    1490.12  0.000e+00
      18046     47.000    10.5228    10.5245     0.0018    3.67619    3.67696          1     4.7715     4.7608       3.75     0.7112     0.3581  1.000e-12 16.5261000    33.1415    33.1477     0.0062    25.4121    25.4166     46.568     46.825      0.249    1490.22    1490.23  0.000e+00
      18095     47.500    10.5203    10.5207     0.0004    3.67517    3.67534          1     4.7789     4.7670       3.28     0.5564     0.2585  1.000e-12 10.9042000    33.1334    33.1347     0.0013    25.4062    25.4071     47.063     47.322      0.248    1490.21    1490.21  0.000e+00
      18143     48.000    10.5170    10.5174     0.0004    3.67371    3.67366          1     4.7795     4.7721       2.77     0.4997     0.3163  1.000e-12  8.7114000    33.1215    33.1205    -0.0009    25.3974    25.3967     47.558     47.819      0.234    1490.19    1490.19  0.000e+00
      18540     48.500    10.5204    10.5143    -0.0061    3.67556    3.67263          1     4.7701     4.7723       2.15     0.4792     0.2885  1.000e-12  8.0401000    33.1367    33.1129    -0.0238    25.4087    25.3913     48.054     48.315     -0.043    1490.23    1490.18  0.000e+00
