ctdpy/exports/archive_20191120_135557/received_data/SBE09_0827_20181008_0637_26_01_1043.cnv
* Sea-Bird SBE 9 Data File:
* FileName = D:\CTD_SBE911\DAT\26DA.2018.10.43.hex
* Software Version Seasave V 7.21d
* Temperature SN = 4548
* Conductivity SN = 3062
* Number of Bytes Per Scan = 48
* Number of Voltage Words = 5
* Number of Scans Averaged by the Deck Unit = 1
* NMEA Latitude = 58 46.62 N
* NMEA Longitude = 019 09.54 E
* NMEA UTC (Time) = Oct 08 2018  06:40:19
* NMEA baud rate = 4800
** Ship: DANA
** Average sound velocity: 1440.14 m/s
** True-depth calculation Thu, 28 Mar 2019 12:21:37 +0000
** CTD Python Module SMHI /ver 3-12/ feb 2012 
** LIMS Job: 20182601-1043
** Operator: Christian
** Cruise: 10/2018
# nquan = 26
# nvalues = 260                         
# units = specified
# name 0 = scan: Scan Count
# name 1 = prDM: Pressure, Digiquartz [db]
# name 2 = t090C: Temperature [ITS-90, deg C]
# name 3 = t190C: Temperature, 2 [ITS-90, deg C]
# name 4 = T2-T190C: Temperature Difference, 2 - 1 [ITS-90, deg C]
# name 5 = c0S/m: Conductivity [S/m]
# name 6 = c1S/m: Conductivity, 2 [S/m]
# name 7 = pumps: Pump Status
# name 8 = sbeox1ML/L: Oxygen, SBE 43, 2 [ml/l]
# name 9 = sbeox0ML/L: Oxygen, SBE 43 [ml/l]
# name 10 = altM: Altimeter [m]
# name 11 = chloroflTC0: Chlorophyll, Turner Cyclops [ug/l]
# name 12 = cpar: CPAR/Corrected Irradiance [%]
# name 13 = par: PAR/Irradiance, Biospherical/Lico [µE/(cm^2*s)]
# name 14 = spar: SPAR, Biospherical/Licor
# name 15 = sal00: Salinity, Practical [PSU]
# name 16 = sal11: Salinity, Practical, 2 [PSU]
# name 17 = secS-priS: Salinity, Practical, Difference, 2 - 1 [PSU]
# name 18 = sigma-t00: Density [sigma-t, kg/m^3 ]
# name 19 = sigma-t11: Density, 2 [sigma-t, kg/m^3 ]
# name 20 = depSM: Depth [salt water, m], lat = 58.777
# name 21 = depFM: Depth [true depth, m], lat = 58.777
# name 22 = dz/dtM: Descent Rate [m/s], WS = 2
# name 23 = svCM: Sound Velocity [Chen-Millero, m/s]
# name 24 = svCM1: Sound Velocity, 2 [Chen-Millero, m/s]
# name 25 = flag: flag
# span 0 =        -46,      11721       
# span 1 =      1.000,    130.500       
# span 2 =     3.3870,     9.6383       
# span 3 =     3.3884,     9.6388       
# span 4 =    -0.0303,     0.5020       
# span 5 =   0.760759,   1.211329       
# span 6 =   0.761057,   1.211479       
# span 7 =          1,          1       
# span 8 =     0.0461,     7.5850       
# span 9 =     0.0441,     7.2105       
# span 10 =       2.19,      10.05      
# span 11 =     0.0159,     0.0347      
# span 12 = -7.321e-12, 1.0202e+01      
# span 13 = -1.844e-11, 2.8533e+01      
# span 14 = 1.9095e+02, 2.8008e+02      
# span 15 =     6.8088,    11.1388      
# span 16 =     6.8087,    11.1398      
# span 17 =    -0.0193,     0.2028      
# span 18 =     5.0574,     8.7432      
# span 19 =     5.0572,     8.7439      
# span 20 =      0.991,    129.242      
# span 21 =      1.013,    131.981      
# span 22 =     -0.088,      0.540      
# span 23 =    1429.17,    1454.35      
# span 24 =    1429.19,    1454.35      
# span 25 = 0.0000e+00, 0.0000e+00      
# interval = decibars: 0.5              
# start_time = Oct 08 2018 06:40:19 [NMEA time, first data scan]
# bad_flag = -9.990e-29
*END*
        -46      1.000     9.6383     9.6388     0.0005    0.84105    0.84105          1     7.4363     6.9487       9.99     0.0342  1.020e+01  2.853e+01  2.801e+02     6.8088     6.8087    -0.0001     5.0574     5.0572      0.991      1.013     -0.081    1454.27    1454.27  0.000e+00
        213      1.500     9.6375     9.6347    -0.0028    0.84104    0.84099          1     7.4244     6.9549       9.99     0.0342  8.291e+00  2.285e+01  2.756e+02     6.8088     6.8089     0.0001     5.0574     5.0578      1.486      1.520      0.280    1454.27    1454.26  0.000e+00
        317      2.000     9.6292     9.6241    -0.0051    0.84090    0.84084          1     7.4233     6.9507       9.99     0.0347  6.539e+00  1.792e+01  2.740e+02     6.8091     6.8095     0.0004     5.0585     5.0593      1.981      2.027      0.246    1454.25    1454.23  0.000e+00
        390      2.500     9.6190     9.6164    -0.0025    0.84074    0.84069          1     7.4151     6.9478       9.99     0.0344  5.655e+00  1.544e+01  2.729e+02     6.8096     6.8097     0.0001     5.0599     5.0602      2.477      2.534      0.243    1454.22    1454.21  0.000e+00
        431      3.000     9.6270     9.6283     0.0013    0.84087    0.84089          1     7.4102     6.9516      10.00     0.0333  4.572e+00  1.244e+01  2.721e+02     6.8091     6.8090    -0.0001     5.0587     5.0585      2.972      3.040      0.442    1454.26    1454.26  0.000e+00
        478      3.500     9.6271     9.6296     0.0024    0.84088    0.84093          1     7.4244     6.9487      10.00     0.0342  3.896e+00  1.060e+01  2.720e+02     6.8092     6.8092    -0.0000     5.0588     5.0585      3.467      3.547      0.302    1454.27    1454.28  0.000e+00
        546      4.000     9.6286     9.6300     0.0014    0.84092    0.84095          1     7.4230     6.9451       9.99     0.0347  3.291e+00  8.911e+00  2.707e+02     6.8092     6.8091    -0.0001     5.0586     5.0585      3.963      4.054      0.395    1454.28    1454.28  0.000e+00
        573      4.500     9.6306     9.6312     0.0006    0.84097    0.84098          1     7.4225     6.9493       9.99     0.0337  2.784e+00  7.521e+00  2.701e+02     6.8092     6.8092    -0.0000     5.0584     5.0584      4.458      4.560      0.367    1454.30    1454.30  0.000e+00
        642      5.000     9.6313     9.6321     0.0009    0.84098    0.84100          1     7.4264     6.9505       9.99     0.0345  2.384e+00  6.420e+00  2.692e+02     6.8091     6.8091     0.0000     5.0583     5.0582      4.953      5.067      0.282    1454.31    1454.31  0.000e+00
        687      5.500     9.6330     9.6337     0.0007    0.84101    0.84103          1     7.4196     6.9534       9.99     0.0342  2.059e+00  5.520e+00  2.681e+02     6.8090     6.8090    -0.0000     5.0580     5.0579      5.449      5.574      0.418    1454.32    1454.32  0.000e+00
        728      6.000     9.6236     9.6330     0.0093    0.84086    0.84102          1     7.4222     6.9485       8.19     0.0342  1.698e+00  4.551e+00  2.681e+02     6.8094     6.8090    -0.0004     5.0593     5.0580      5.944      6.080      0.243    1454.29    1454.33  0.000e+00
        786      6.500     9.6203     9.6198    -0.0005    0.84082    0.84081          1     7.4272     6.9476      10.05     0.0335  1.453e+00  3.881e+00  2.672e+02     6.8096     6.8096    -0.0000     5.0598     5.0599      6.439      6.587      0.310    1454.29    1454.28  0.000e+00
        830      7.000     9.6277     9.6259    -0.0018    0.84095    0.84091          1     7.4223     6.9536       8.98     0.0345  1.304e+00  3.475e+00  2.665e+02     6.8093     6.8093     0.0000     5.0588     5.0590      6.935      7.094      0.238    1454.32    1454.32  0.000e+00
        875      7.500     9.6301     9.6291    -0.0010    0.84099    0.84097          1     7.4154     6.9560       9.97     0.0341  1.122e+00  2.994e+00  2.669e+02     6.8091     6.8092     0.0000     5.0584     5.0586      7.430      7.601      0.335    1454.34    1454.34  0.000e+00
        912      8.000     9.6309     9.6309     0.0000    0.84101    0.84101          1     7.4269     6.9507       9.99     0.0335  8.851e-01  2.353e+00  2.659e+02     6.8091     6.8091     0.0000     5.0583     5.0583      7.925      8.107      0.256    1454.35    1454.35  0.000e+00
        985      8.500     9.6162     9.6248     0.0087    0.84075    0.84091          1     7.4242     6.9529       9.68     0.0342  8.529e-01  2.264e+00  2.654e+02     6.8096     6.8093    -0.0002     5.0602     5.0591      8.421      8.614      0.308    1454.30    1454.34  0.000e+00
       1017      9.000     9.6095     9.6156     0.0061    0.84065    0.84076          1     7.4210     6.9371       9.09     0.0333  6.841e-01  1.806e+00  2.641e+02     6.8099     6.8097    -0.0002     5.0611     5.0603      8.916      9.121      0.343    1454.28    1454.31  0.000e+00
       1073      9.500     9.6116     9.6130     0.0014    0.84070    0.84073          1     7.4116     6.9833       9.07     0.0337  6.023e-01  1.590e+00  2.640e+02     6.8099     6.8099    -0.0001     5.0609     5.0607      9.411      9.627      0.239    1454.30    1454.31  0.000e+00
       1120     10.000     9.5615     9.6053     0.0440    0.83994    0.84064          1     7.3676     6.9965      10.00     0.0333  5.295e-01  1.391e+00  2.627e+02     6.8127     6.8105    -0.0022     5.0681     5.0620      9.906     10.134      0.402    1454.12    1454.29  0.000e+00
       1150     10.500     9.3159     9.4681     0.1520    0.83657    0.83887          1     7.4280     6.9791       9.98     0.0330  4.289e-01  1.124e+00  2.620e+02     6.8297     6.8210    -0.0088     5.1056     5.0838     10.402     10.641      0.319    1453.17    1453.77  0.000e+00
       1208     11.000     9.2134     9.2490     0.0356    0.83525    0.83589          1     7.4748     7.0536       9.98     0.0339  3.824e-01  1.002e+00  2.620e+02     6.8376     6.8364    -0.0012     5.1217     5.1173     10.897     11.147      0.236    1452.78    1452.92  0.000e+00
       1251     11.500     9.0420     9.0298    -0.0116    0.83293    0.83294          1     7.4231     7.1457       9.98     0.0338  3.274e-01  8.558e-01  2.613e+02     6.8499     6.8524     0.0024     5.1475     5.1505     11.392     11.654      0.332    1452.13    1452.08  0.000e+00
       1290     12.000     8.4947     8.6904     0.1953    0.82503    0.82825          1     7.3869     7.1585       9.97     0.0340  2.636e-01  6.853e-01  2.599e+02     6.8853     6.8761    -0.0092     5.2240     5.2000     11.888     12.161      0.256    1449.98    1450.76  0.000e+00
       1351     12.500     7.6397     7.9360     0.2967    0.81418    0.81868          1     7.2565     7.2006       9.97     0.0277  2.329e-01  6.039e-01  2.593e+02     6.9553     6.9375    -0.0178     5.3483     5.3113     12.383     12.667      0.258    1446.58    1447.78  0.000e+00
       1386     13.000     6.9556     7.2085     0.2534    0.80296    0.80867          1     7.1968     7.0934       9.97     0.0230  1.938e-01  5.007e-01  2.583e+02     6.9889     6.9909     0.0021     5.4226     5.4072     12.878     13.174      0.375    1443.78    1444.84  0.000e+00
       1423     13.500     6.0961     6.5973     0.5020    0.78853    0.79796          1     7.4191     7.1409       9.97     0.0201  1.537e-01  3.969e-01  2.582e+02     7.0284     7.0149    -0.0136     5.5057     5.4661     13.374     13.680      0.273    1440.19    1442.31  0.000e+00
       1477     14.000     5.6588     5.9846     0.3259    0.78318    0.78902          1     7.4424     7.2105       9.97     0.0192  1.339e-01  3.454e-01  2.579e+02     7.0680     7.0562    -0.0118     5.5594     5.5336     13.869     14.187      0.243    1438.37    1439.76  0.000e+00
       1517     14.500     5.4381     5.6710     0.2329    0.78040    0.78482          1     7.3955     7.1671       8.52     0.0184  1.106e-01  2.853e-01  2.579e+02     7.0874     7.0812    -0.0062     5.5850     5.5693     14.364     14.693      0.358    1437.45    1438.45  0.000e+00
       1551     15.000     5.1601     5.4176     0.2576    0.77641    0.78126          1     7.4026     7.1289      10.01     0.0183  8.413e-02  2.161e-01  2.568e+02     7.1072     7.1001    -0.0071     5.6125     5.5959     14.859     15.200      0.279    1436.26    1437.38  0.000e+00
       1618     15.500     4.8229     5.1077     0.2848    0.77237    0.77714          1     7.4340     7.0865       9.97     0.0182  7.447e-02  1.906e-01  2.559e+02     7.1394     7.1256    -0.0138     5.6509     5.6292     15.355     15.706      0.268    1434.83    1436.07  0.000e+00
       1652     16.000     4.6158     4.8100     0.1939    0.76974    0.77320          1     7.4628     7.0589       9.97     0.0173  5.751e-02  1.472e-01  2.559e+02     7.1579     7.1504    -0.0076     5.6729     5.6601     15.850     16.213      0.399    1433.94    1434.79  0.000e+00
       1688     16.500     4.5470     4.6403     0.0933    0.76918    0.77099          1     7.4697     7.0792       9.97     0.0173  4.157e-02  1.057e-01  2.543e+02     7.1672     7.1651    -0.0021     5.6824     5.6777     16.345     16.719      0.261    1433.66    1434.07  0.000e+00
       1743     17.000     4.4810     4.5500     0.0691    0.76883    0.77020          1     7.4573     7.1369       9.25     0.0171  3.327e-02  8.445e-02  2.538e+02     7.1779     7.1767    -0.0012     5.6930     5.6899     16.841     17.225      0.297    1433.39    1433.69  0.000e+00
       1776     17.500     4.3299     4.4809     0.1509    0.76672    0.76946          1     7.4368     7.1078       9.27     0.0171  2.232e-02  5.665e-02  2.538e+02     7.1897     7.1843    -0.0054     5.7068     5.6981     17.336     17.732      0.350    1432.74    1433.40  0.000e+00
       1821     18.000     4.0105     4.2365     0.2258    0.76270    0.76635          1     7.4806     7.0817       9.96     0.0171  1.107e-02  2.807e-02  2.533e+02     7.2191     7.2063    -0.0128     5.7387     5.7226     17.831     18.238      0.228    1431.35    1432.35  0.000e+00
       1871     18.500     3.9259     4.0044     0.0786    0.76207    0.76348          1     7.4870     7.0802       9.97     0.0170  3.072e-03  7.733e-03  2.518e+02     7.2314     7.2283    -0.0031     5.7505     5.7462     18.327     18.744      0.278    1430.99    1431.34  0.000e+00
       1915     19.000     3.8453     3.9243     0.0790    0.76144    0.76272          1     7.4937     7.0762       9.97     0.0170  3.314e-05  8.344e-05  2.518e+02     7.2428     7.2382    -0.0045     5.7613     5.7559     18.822     19.251      0.260    1430.65    1431.00  0.000e+00
       1961     19.500     3.7882     3.8399     0.0518    0.76109    0.76199          1     7.4939     7.0682       9.97     0.0168 -7.321e-12 -1.844e-11  2.506e+02     7.2518     7.2494    -0.0023     5.7697     5.7667     19.317     19.757      0.282    1430.41    1430.64  0.000e+00
       2001     20.000     3.7434     3.7920     0.0486    0.76081    0.76162          1     7.4926     7.0585       9.96     0.0167  4.003e-13  1.000e-12  2.498e+02     7.2588     7.2563    -0.0025     5.7762     5.7732     19.812     20.264      0.295    1430.23    1430.44  0.000e+00
       2044     20.500     3.7151     3.7483     0.0332    0.76077    0.76131          1     7.4992     7.0579       9.97     0.0168  4.003e-13  1.000e-12  2.498e+02     7.2647     7.2628    -0.0018     5.7814     5.7793     20.308     20.770      0.273    1430.11    1430.26  0.000e+00
       2086     21.000     3.7053     3.7271     0.0218    0.76092    0.76133          1     7.4998     7.0565       9.96     0.0163  4.010e-13  1.000e-12  2.493e+02     7.2684     7.2677    -0.0007     5.7846     5.7836     20.803     21.276      0.290    1430.08    1430.18  0.000e+00
       2133     21.500     3.6940     3.7152     0.0212    0.76104    0.76139          1     7.5057     7.0608       9.96     0.0165  4.035e-13  1.000e-12  2.478e+02     7.2721     7.2708    -0.0012     5.7877     5.7863     21.298     21.783      0.240    1430.04    1430.14  0.000e+00
       2176     22.000     3.6757     3.6992     0.0236    0.76102    0.76144          1     7.4951     7.0561       9.96     0.0166  4.036e-13  1.000e-12  2.478e+02     7.2759     7.2749    -0.0010     5.7911     5.7899     21.794     22.289      0.347    1429.97    1430.08  0.000e+00
       2210     22.500     3.6270     3.6637     0.0367    0.76084    0.76122          1     7.5122     7.0544       9.96     0.0164  4.036e-13  1.000e-12  2.478e+02     7.2848     7.2805    -0.0043     5.7991     5.7950     22.289     22.795      0.278    1429.77    1429.93  0.000e+00
       2275     23.000     3.6100     3.6323     0.0223    0.76083    0.76119          1     7.5099     7.0579       9.96     0.0168  4.065e-13  1.000e-12  2.460e+02     7.2886     7.2872    -0.0013     5.8024     5.8010     22.784     23.302      0.299    1429.71    1429.81  0.000e+00
       2309     23.500     3.5967     3.6105     0.0138    0.76076    0.76106          1     7.5054     7.0650       9.96     0.0165  4.069e-13  1.000e-12  2.457e+02     7.2907     7.2906    -0.0000     5.8044     5.8041     23.279     23.808      0.376    1429.66    1429.72  0.000e+00
       2351     24.000     3.5868     3.5981     0.0113    0.76098    0.76108          1     7.5100     7.0683       9.96     0.0162  4.069e-13  1.000e-12  2.457e+02     7.2951     7.2936    -0.0015     5.8081     5.8067     23.775     24.314      0.234    1429.62    1429.67  0.000e+00
       2403     24.500     3.5646     3.5766     0.0121    0.76120    0.76128          1     7.5153     7.0630       9.96     0.0161  4.087e-13  1.000e-12  2.447e+02     7.3023     7.3004    -0.0019     5.8142     5.8125     24.270     24.821      0.289    1429.54    1429.59  0.000e+00
       2440     25.000     3.5621     3.5709     0.0087    0.76124    0.76140          1     7.5180     7.0663       9.96     0.0159  4.103e-13  1.000e-12  2.437e+02     7.3032     7.3029    -0.0003     5.8150     5.8146     24.765     25.327      0.318    1429.54    1429.58  0.000e+00
       2482     25.500     3.5590     3.5646     0.0056    0.76131    0.76142          1     7.5160     7.0663       9.96     0.0161  4.103e-13  1.000e-12  2.437e+02     7.3046     7.3044    -0.0002     5.8161     5.8159     25.261     25.833      0.263    1429.53    1429.56  0.000e+00
       2530     26.000     3.5516     3.5590     0.0074    0.76133    0.76142          1     7.5112     7.0706       9.96     0.0161  4.103e-13  1.000e-12  2.437e+02     7.3064     7.3057    -0.0007     5.8176     5.8170     25.756     26.340      0.243    1429.51    1429.54  0.000e+00
       2577     26.500     3.5528     3.5530     0.0003    0.76130    0.76145          1     7.5142     7.0726       9.96     0.0159  4.106e-13  1.000e-12  2.436e+02     7.3057     7.3072     0.0015     5.8171     5.8183     26.251     26.846      0.289    1429.52    1429.53  0.000e+00
       2616     27.000     3.5489     3.5553     0.0064    0.76130    0.76142          1     7.5077     7.0753       9.96     0.0159  4.136e-13  1.000e-12  2.418e+02     7.3066     7.3063    -0.0002     5.8179     5.8176     26.746     27.352      0.300    1429.52    1429.54  0.000e+00
       2662     27.500     3.5384     3.5464     0.0080    0.76141    0.76147          1     7.5181     7.0720       9.96     0.0162  4.138e-13  1.000e-12  2.417e+02     7.3100     7.3088    -0.0012     5.8208     5.8197     27.242     27.858      0.242    1429.48    1429.51  0.000e+00
       2708     28.000     3.5326     3.5404     0.0078    0.76149    0.76153          1     7.5223     7.0741       9.96     0.0159  4.138e-13  1.000e-12  2.417e+02     7.3120     7.3106    -0.0014     5.8225     5.8213     27.737     28.365      0.295    1429.46    1429.50  0.000e+00
