ctdpy/exports/archive_20191120_135557/received_data/SBE09_0827_20160119_0521_26_01_0103.cnv
* Sea-Bird SBE 9 Data File:
* FileName = D:\CTD_SBE911\DAT\26DA.2016.1.3.hex
* Software Version Seasave V 7.21d
* Temperature SN = 034757
* Conductivity SN = 043188
* Number of Bytes Per Scan = 48
* Number of Voltage Words = 5
* Number of Scans Averaged by the Deck Unit = 1
* NMEA Latitude = 58 02.95 N
* NMEA Longitude = 009 44.13 E
* NMEA UTC (Time) = Jan 19 2016  05:23:14
* NMEA baud rate = 4800
** Ship: DANA
** Average sound velocity: 1483.90 m/s
** True-depth calculation Wed, 24 May 2017 05:50:43 +0000
** CTD Python Module SMHI /ver 3-12/ feb 2012 
** LIMS Job: 20162601-0103
**  30N Hirtshals
** Operator:  Christian
** Cruise: 11/2015 Togt 01 2016
# nquan = 26
# nvalues = 520                         
# units = specified
# name 0 = scan: Scan Count
# name 1 = prDM: Pressure, Digiquartz [db]
# name 2 = t090C: Temperature [ITS-90, deg C]
# name 3 = t190C: Temperature, 2 [ITS-90, deg C]
# name 4 = T2-T190C: Temperature Difference, 2 - 1 [ITS-90, deg C]
# name 5 = c0S/m: Conductivity [S/m]
# name 6 = c1S/m: Conductivity, 2 [S/m]
# name 7 = pumps: Pump Status
# name 8 = sbeox1ML/L: Oxygen, SBE 43, 2 [ml/l]
# name 9 = sbeox0ML/L: Oxygen, SBE 43 [ml/l]
# name 10 = altM: Altimeter [m]
# name 11 = chloroflTC0: Chlorophyll, Turner Cyclops [ug/l]
# name 12 = cpar: CPAR/Corrected Irradiance [%]
# name 13 = par: PAR/Irradiance, Biospherical/Licor
# name 14 = spar: SPAR/Surface Irradiance
# name 15 = sal00: Salinity, Practical [PSU]
# name 16 = sal11: Salinity, Practical, 2 [PSU]
# name 17 = secS-priS: Salinity, Practical, Difference, 2 - 1 [PSU]
# name 18 = sigma-t00: Density [sigma-t, kg/m^3 ]
# name 19 = sigma-t11: Density, 2 [sigma-t, kg/m^3 ]
# name 20 = depSM: Depth [salt water, m], lat = 58.0492
# name 21 = depFM: Depth [true depth, m], lat = 58.0492
# name 22 = dz/dtM: Descent Rate [m/s], WS = 2
# name 23 = svCM: Sound Velocity [Chen-Millero, m/s]
# name 24 = svCM1: Sound Velocity, 2 [Chen-Millero, m/s]
# name 25 = flag: flag
# span 0 =        106,      18408       
# span 1 =      1.500,    261.000       
# span 2 =     3.6680,     8.9868       
# span 3 =     3.6666,     8.9902       
# span 4 =    -0.5300,     0.2509       
# span 5 =   2.923216,   3.733296       
# span 6 =   2.922136,   3.733029       
# span 7 =          1,          1       
# span 8 =     5.2327,     7.0166       
# span 9 =     5.2738,     7.0262       
# span 10 =       1.73,       9.92      
# span 11 =     0.0231,     0.0824      
# span 12 = 9.9999e+04, 9.9999e+04      
# span 13 = 2.7956e+01, 8.8767e+01      
# span 14 = 0.0000e+00, 0.0000e+00      
# span 15 =    31.3849,    35.2089      
# span 16 =    31.3719,    35.2081      
# span 17 =    -0.6225,     0.0386      
# span 18 =    24.9420,    27.4071      
# span 19 =    24.9317,    27.4049      
# span 20 =      1.486,    258.417      
# span 21 =      1.491,    258.834      
# span 22 =     -0.296,      1.069      
# span 23 =    1460.61,    1488.13      
# span 24 =    1460.60,    1488.12      
# span 25 = 0.0000e+00, 0.0000e+00      
# interval = decibars: 0.5              
# start_time = Jan 19 2016 05:23:15 [NMEA time, first data scan]
# bad_flag = -9.990e-29
*END*
[from data line 56]
       2838     29.500     7.0623     7.0066    -0.0557    3.45519    3.43553          1     6.5171     6.3109       9.90     0.0586  1.000e+05  2.821e+01  0.000e+00    34.1166    33.9559    -0.1607    26.7142    26.5954     29.224     29.302      0.610    1478.28    1477.86  0.000e+00
       2919     30.000     6.9503     6.9591     0.0096    3.44414    3.43582          1     6.3260     6.3019       9.90     0.0552  1.000e+05  2.820e+01  0.000e+00    34.1056    34.0052    -0.1003    26.7207    26.6404     29.720     29.798      0.475    1477.83    1477.74  0.000e+00
       3038     30.500     6.9008     6.9137     0.0106    3.44674    3.41923          1     6.3735     6.3913       9.90     0.0492  1.000e+05  2.820e+01  0.000e+00    34.1834    33.8679    -0.3155    26.7889    26.5387     30.215     30.294      0.891    1477.75    1477.41  0.000e+00
       3048     31.000     7.0488     7.0519     0.0030    3.46062    3.44590          1     6.3805     6.3707       9.90     0.0478  1.000e+05  2.819e+01  0.000e+00    34.1889    34.0243    -0.1646    26.7731    26.6430     30.710     30.790      0.938    1478.34    1478.15  0.000e+00
       3060     31.500     7.1033     7.1018    -0.0021    3.47044    3.45501          1     6.3705     6.2853       9.90     0.0476  1.000e+05  2.819e+01  0.000e+00    34.2423    34.0746    -0.1677    26.8076    26.6758     31.206     31.286      0.894    1478.62    1478.41  0.000e+00
       3075     32.000     7.2078     7.1915    -0.0162    3.47967    3.46751          1     6.3407     6.2226       9.90     0.0481  1.000e+05  2.819e+01  0.000e+00    34.2395    34.1225    -0.1170    26.7908    26.7010     31.701     31.782      0.698    1479.03    1478.82  0.000e+00
       3175     32.500     7.1652     7.1715     0.0060    3.47496    3.46771          1     6.2845     6.2440       9.90     0.0467  1.000e+05  2.819e+01  0.000e+00    34.2297    34.1442    -0.0856    26.7891    26.7208     32.196     32.278      0.448    1478.87    1478.78  0.000e+00
       3276     33.000     7.2308     7.2420     0.0114    3.48317    3.47277          1     6.2861     6.2491       9.90     0.0483  1.000e+05  2.819e+01  0.000e+00    34.2543    34.1296    -0.1248    26.7993    26.6995     32.691     32.774      0.682    1479.16    1479.04  0.000e+00
       3291     33.500     7.3014     7.3215     0.0203    3.49075    3.48552          1     6.2811     6.2391       9.90     0.0467  1.000e+05  2.819e+01  0.000e+00    34.2668    34.1899    -0.0769    26.7992    26.7358     33.187     33.270      0.681    1479.45    1479.43  0.000e+00
       3310     34.000     7.3592     7.3833     0.0240    3.49902    3.49389          1     6.2678     6.2440       9.90     0.0454  1.000e+05  2.819e+01  0.000e+00    34.2994    34.2198    -0.0796    26.8166    26.7506     33.682     33.766      0.575    1479.72    1479.72  0.000e+00
       3337     34.500     7.4297     7.4626     0.0329    3.50800    3.50729          1     6.2250     6.2113       9.90     0.0455  1.000e+05  2.819e+01  0.000e+00    34.3271    34.2868    -0.0402    26.8284    26.7920     34.177     34.262      0.345    1480.04    1480.11  0.000e+00
       3485     35.000     7.3862     7.4342     0.0477    3.50309    3.50697          1     6.2002     6.2204       9.90     0.0433  1.000e+05  2.819e+01  0.000e+00    34.3165    34.3112    -0.0054    26.8263    26.8153     34.673     34.758      0.477    1479.87    1480.04  0.000e+00
       3510     35.500     7.4255     7.4592     0.0340    3.50948    3.51039          1     6.2155     6.2160       9.90     0.0464  1.000e+05  2.819e+01  0.000e+00    34.3469    34.3235    -0.0234    26.8446    26.8214     35.168     35.254      0.506    1480.06    1480.16  0.000e+00
       3534     36.000     7.4662     7.4912     0.0252    3.51456    3.51419          1     6.2333     6.2216       9.90     0.0475  1.000e+05  2.819e+01  0.000e+00    34.3615    34.3327    -0.0288    26.8503    26.8241     35.663     35.750      0.515    1480.24    1480.30  0.000e+00
       3558     36.500     7.4965     7.5389     0.0423    3.51916    3.52007          1     6.2155     6.2157       9.90     0.0452  1.000e+05  2.819e+01  0.000e+00    34.3812    34.3492    -0.0320    26.8614    26.8302     36.158     36.246      0.450    1480.39    1480.51  0.000e+00
       3628     37.000     7.5189     7.5560     0.0371    3.52187    3.52356          1     6.2092     6.1931       9.90     0.0444  1.000e+05  2.819e+01  0.000e+00    34.3883    34.3698    -0.0184    26.8638    26.8439     36.654     36.741      0.238    1480.50    1480.61  0.000e+00
       3730     37.500     7.5505     7.5661     0.0156    3.52560    3.52553          1     6.2023     6.1909       9.90     0.0428  1.000e+05  2.819e+01  0.000e+00    34.3971    34.3809    -0.0162    26.8662    26.8512     37.149     37.237      0.293    1480.64    1480.68  0.000e+00
       3764     38.000     7.5621     7.5717     0.0096    3.52712    3.52637          1     6.1841     6.1846       9.90     0.0433  1.000e+05  2.820e+01  0.000e+00    34.4019    34.3843    -0.0176    26.8683    26.8530     37.644     37.733      0.368    1480.69    1480.71  0.000e+00
       3794     38.500     7.5685     7.5769     0.0084    3.52808    3.52708          1     6.1445     6.1846       9.90     0.0403  1.000e+05  2.819e+01  0.000e+00    34.4057    34.3866    -0.0191    26.8703    26.8541     38.140     38.229      0.469    1480.73    1480.74  0.000e+00
       3817     39.000     7.5760     7.5838     0.0078    3.52915    3.52805          1     6.1672     6.1870       9.90     0.0407  1.000e+05  2.819e+01  0.000e+00    34.4096    34.3899    -0.0197    26.8723    26.8558     38.635     38.725      0.546    1480.77    1480.78  0.000e+00
       3839     39.500     7.5823     7.5982     0.0158    3.53012    3.52990          1     6.1899     6.1863       9.90     0.0411  1.000e+05  2.819e+01  0.000e+00    34.4136    34.3956    -0.0181    26.8746    26.8581     39.130     39.221      0.444    1480.81    1480.85  0.000e+00
       3963     40.000     7.6051     7.6224     0.0173    3.53329    3.53337          1     6.1419     6.1779       9.90     0.0406  1.000e+05  2.819e+01  0.000e+00    34.4251    34.4090    -0.0161    26.8803    26.8651     39.625     39.717      0.431    1480.92    1480.97  0.000e+00
       4019     40.500     7.6269     7.6333     0.0064    3.53594    3.53493          1     6.1185     6.1758       9.90     0.0447  1.000e+05  2.820e+01  0.000e+00    34.4320    34.4147    -0.0173    26.8826    26.8680     40.121     40.213      0.700    1481.02    1481.02  0.000e+00
       4035     41.000     7.6439     7.6508     0.0070    3.53812    3.53619          1     6.1424     6.1786       9.90     0.0445  1.000e+05  2.819e+01  0.000e+00    34.4386    34.4108    -0.0278    26.8853    26.8625     40.616     40.709      0.783    1481.10    1481.09  0.000e+00
       4049     41.500     7.6754     7.6865     0.0109    3.54142    3.53977          1     6.1540     6.1625       9.90     0.0414  1.000e+05  2.819e+01  0.000e+00    34.4428    34.4140    -0.0287    26.8840    26.8598     41.111     41.205      0.783    1481.23    1481.24  0.000e+00
       4065     42.000     7.6900     7.7118     0.0219    3.54355    3.54294          1     6.1541     6.1498       9.90     0.0413  1.000e+05  2.819e+01  0.000e+00    34.4512    34.4230    -0.0282    26.8885    26.8632     41.606     41.701      0.648    1481.31    1481.36  0.000e+00
       4143     42.500     7.7154     7.7326     0.0172    3.54708    3.54633          1     6.1370     6.1523       9.90     0.0397  1.000e+05  2.819e+01  0.000e+00    34.4638    34.4387    -0.0251    26.8947    26.8725     42.102     42.197      0.480    1481.43    1481.46  0.000e+00
       4242     43.000     7.7614     7.7718     0.0103    3.55170    3.55056          1     6.1404     6.1374       9.90     0.0403  1.000e+05  2.818e+01  0.000e+00    34.4679    34.4455    -0.0224    26.8912    26.8721     42.597     42.693      0.711    1481.62    1481.63  0.000e+00
       4260     43.500     7.7954     7.8631     0.0678    3.55805    3.55867          1     6.1592     6.1308       9.90     0.0407  1.000e+05  2.819e+01  0.000e+00    34.5026    34.4423    -0.0603    26.9135    26.8561     43.092     43.189      0.598    1481.80    1481.98  0.000e+00
       4287     44.000     7.8443     7.9379     0.0934    3.56317    3.57011          1     6.1337     6.1053       9.90     0.0427  1.000e+05  2.818e+01  0.000e+00    34.5091    34.4913    -0.0178    26.9114    26.8836     43.587     43.685      0.345    1482.00    1482.33  0.000e+00
       4389     44.500     7.8823     7.9221     0.0400    3.56817    3.57097          1     6.1009     6.0971       9.90     0.0384  1.000e+05  2.818e+01  0.000e+00    34.5252    34.5160    -0.0092    26.9184    26.9053     44.083     44.181      0.280    1482.17    1482.31  0.000e+00
       4433     45.000     7.9020     7.8916    -0.0104    3.57051    3.56944          1     6.0769     6.0986       9.90     0.0392  1.000e+05  2.818e+01  0.000e+00    34.5306    34.5295    -0.0011    26.9198    26.9204     44.578     44.676      0.433    1482.26    1482.22  0.000e+00
       4461     45.500     7.8878     7.8679    -0.0199    3.56923    3.56695          1     6.0948     6.1023       9.90     0.0387  1.000e+05  2.818e+01  0.000e+00    34.5307    34.5258    -0.0049    26.9219    26.9210     45.073     45.172      0.325    1482.22    1482.13  0.000e+00
       4534     46.000     7.8643     7.8615    -0.0028    3.56721    3.56611          1     6.1175     6.1057       9.90     0.0374  1.000e+05  2.819e+01  0.000e+00    34.5319    34.5228    -0.0091    26.9263    26.9196     45.568     45.668      0.301    1482.14    1482.12  0.000e+00
       4564     46.500     7.8607     7.8583    -0.0024    3.56696    3.56604          1     6.0925     6.1165       9.90     0.0388  1.000e+05  2.819e+01  0.000e+00    34.5326    34.5251    -0.0075    26.9274    26.9219     46.064     46.164      0.400    1482.13    1482.11  0.000e+00
       4638     47.000     7.8402     7.8356    -0.0047    3.56482    3.56417          1     6.0992     6.1097       9.90     0.0387  1.000e+05  2.818e+01  0.000e+00    34.5295    34.5272    -0.0024    26.9280    26.9269     46.559     46.660      0.368    1482.06    1482.04  0.000e+00
       4676     47.500     7.8241     7.8218    -0.0023    3.56350    3.56263          1     6.0758     6.1070       9.90     0.0390  1.000e+05  2.817e+01  0.000e+00    34.5311    34.5239    -0.0071    26.9316    26.9264     47.054     47.156      0.693    1482.01    1481.99  0.000e+00
       4691     48.000     7.8132     7.8076    -0.0057    3.56235    3.56212          1     6.0898     6.1089       9.90     0.0386  1.000e+05  2.818e+01  0.000e+00    34.5292    34.5322     0.0030    26.9317    26.9349     47.549     47.652      0.662    1481.97    1481.96  0.000e+00
       4748     48.500     7.7931     7.7736    -0.0194    3.56036    3.55855          1     6.1218     6.1140       9.90     0.0408  1.000e+05  2.818e+01  0.000e+00    34.5274    34.5272    -0.0002    26.9333    26.9360     48.045     48.148      0.366    1481.90    1481.83  0.000e+00
       4850     49.000     7.7664     7.7648    -0.0016    3.55812    3.55754          1     6.0917     6.1114       9.90     0.0396  1.000e+05  2.818e+01  0.000e+00    34.5294    34.5248    -0.0046    26.9388    26.9354     48.540     48.644      0.279    1481.81    1481.80  0.000e+00
       4900     49.500     7.7906     7.7975     0.0069    3.56186    3.56029          1     6.0320     6.0983       9.90     0.0381  1.000e+05  2.819e+01  0.000e+00    34.5457    34.5217    -0.0239    26.9480    26.9282     49.035     49.140      0.612    1481.93    1481.93  0.000e+00
       4915     50.000     7.8437     7.8542     0.0105    3.56766    3.56555          1     6.0782     6.1056       9.90     0.0387  1.000e+05  2.817e+01  0.000e+00    34.5552    34.5221    -0.0332    26.9477    26.9201     49.531     49.636      0.779    1482.15    1482.15  0.000e+00
       4930     50.500     7.8503     7.8545     0.0042    3.56830    3.56752          1     6.0886     6.0904       9.90     0.0390  1.000e+05  2.816e+01  0.000e+00    34.5553    34.5428    -0.0125    26.9468    26.9364     50.026     50.131      0.768    1482.19    1482.19  0.000e+00
       4947     51.000     7.8934     7.9869     0.0930    3.57404    3.57687          1     6.0906     6.0563       9.90     0.0387  1.000e+05  2.817e+01  0.000e+00    34.5743    34.5122    -0.0621    26.9554    26.8926     50.521     50.627      0.531    1482.38    1482.66  0.000e+00
       5084     51.500     8.2243     8.3069     0.0823    3.61248    3.61765          1     5.9957     5.9933       9.90     0.0364  1.000e+05  2.816e+01  0.000e+00    34.6587    34.6324    -0.0263    26.9719    26.9387     51.016     51.123      0.227    1483.74    1484.02  0.000e+00
       5137     52.000     8.3202     8.3204     0.0003    3.62229    3.62016          1     5.9810     5.9735       9.90     0.0359  1.000e+05  2.818e+01  0.000e+00    34.6686    34.6455    -0.0230    26.9651    26.9470     51.511     51.619      0.405    1484.12    1484.10  0.000e+00
       5161     52.500     8.3218     8.3339     0.0117    3.62241    3.62153          1     5.9823     5.9710       9.90     0.0357  1.000e+05  2.816e+01  0.000e+00    34.6679    34.6467    -0.0213    26.9643    26.9458     52.007     52.115      0.547    1484.14    1484.16  0.000e+00
       5182     53.000     8.2501     8.1933    -0.0565    3.61312    3.61148          1     5.9690     6.0037       9.90     0.0348  1.000e+05  2.818e+01  0.000e+00    34.6394    34.6780     0.0386    26.9529    26.9918     52.502     52.611      0.541    1483.84    1483.68  0.000e+00
       5208     53.500     8.1796     8.0387    -0.1410    3.60636    3.59470          1     5.9812     5.9906       9.90     0.0345  1.000e+05  2.817e+01  0.000e+00    34.6366    34.6511     0.0145    26.9614    26.9940     52.997     53.107      0.364    1483.58    1483.07  0.000e+00
       5321     54.000     7.8936     7.8536    -0.0400    3.57702    3.57333          1     6.0509     6.0400       9.90     0.0378  1.000e+05  2.818e+01  0.000e+00    34.6044    34.6044    -0.0000    26.9788    26.9848     53.492     53.603      0.253    1482.47    1482.32  0.000e+00
       5384     54.500     7.8125     7.8182     0.0057    3.56925    3.56946          1     6.0606     6.0475       9.90     0.0366  1.000e+05  2.816e+01  0.000e+00    34.6011    34.5978    -0.0033    26.9884    26.9849     53.988     54.099      0.413    1482.17    1482.18  0.000e+00
       5409     55.000     7.7984     7.7564    -0.0420    3.56720    3.56530          1     6.0416     6.0400       9.90     0.0370  1.000e+05  2.818e+01  0.000e+00    34.5928    34.6139     0.0212    26.9839    27.0067     54.483     54.595      0.481    1482.11    1481.98  0.000e+00
       5435     55.500     7.7400     7.6847    -0.0553    3.56110    3.55737          1     6.0322     6.0566       9.90     0.0374  1.000e+05  2.817e+01  0.000e+00    34.5846    34.5993     0.0147    26.9860    27.0057     54.978     55.090      0.430    1481.89    1481.70  0.000e+00
       5466     56.000     7.7002     7.6790    -0.0212    3.55760    3.55613          1     6.0542     6.0529       9.90     0.0381  1.000e+05  2.818e+01  0.000e+00    34.5862    34.5914     0.0052    26.9931    27.0003     55.473     55.586      0.338    1481.74    1481.67  0.000e+00
       5541     56.500     7.6872     7.6831    -0.0041    3.55663    3.55633          1     6.0734     6.0600       9.90     0.0400  1.000e+05  2.818e+01  0.000e+00    34.5882    34.5891     0.0009    26.9966    26.9979     55.969     56.082      0.195    1481.71    1481.69  0.000e+00
