ctdpy/exports/archive_20191120_135557/received_data/SBE09_1044_20180924_0544_34_01_0046.cnv
* Sea-Bird SBE 9 Data File:
* FileName = C:\ctd\temp\2018\AR18D046.hex
* Software Version Seasave V 7.26.6.26
* Temperature SN = 5351
* Conductivity SN = 3941
* Number of Bytes Per Scan = 41
* Number of Voltage Words = 4
* Number of Scans Averaged by the Deck Unit = 1
* NMEA Latitude = 58 17.65 N
* NMEA Longitude = 010 50.70 E
* NMEA UTC (Time) = Sep 24 2018  05:44:52
* NMEA baud rate = 4800
** Station:  Å15
** Operator:  MHan
** Ship: ARANDA
** Average sound velocity: 1494.60 m/s
** True-depth calculation Mon, 24 Sep 2018 06:39:20 +0000
** CTD Python Module SMHI /ver 3-12/ feb 2012 
** LIMS Job: 20183401-0046
** Cruise: SMHI-02-2018
** Latitude [GG MM.mm N] :
** Longitude [GG MM.mm E]:
# nquan = 26
# nvalues = 263                         
# units = specified
# name 0 = scan: Scan Count
# name 1 = prDM: Pressure, Digiquartz [db]
# name 2 = t090C: Temperature [ITS-90, deg C]
# name 3 = t190C: Temperature, 2 [ITS-90, deg C]
# name 4 = T2-T190C: Temperature Difference, 2 - 1 [ITS-90, deg C]
# name 5 = c0S/m: Conductivity [S/m]
# name 6 = c1S/m: Conductivity, 2 [S/m]
# name 7 = pumps: Pump Status
# name 8 = sbeox0ML/L: Oxygen, SBE 43 [ml/l]
# name 9 = sbeox1ML/L: Oxygen, SBE 43, 2 [ml/l]
# name 10 = altM: Altimeter [m]
# name 11 = flECO-AFL: Chl-a Fluorescence, WET Labs ECO-AFL/FL [mg/m^3]
# name 12 = flECO-AFL1: Phycocyanin Fluorescence, WET Labs ECO-AFL/FL, 2 [mg/m^3]
# name 13 = par: PAR/Irradiance, Biospherical/Lico [µE/(cm^2*s)]
# name 14 = turbWETntu0: Turbidity, WET Labs ECO [NTU]
# name 15 = sal00: Salinity, Practical [PSU]
# name 16 = sal11: Salinity, Practical, 2 [PSU]
# name 17 = secS-priS: Salinity, Practical, Difference, 2 - 1 [PSU]
# name 18 = sigma-t00: Density [sigma-t, Kg/m^3 ]
# name 19 = sigma-t11: Density, 2 [sigma-t, Kg/m^3 ]
# name 20 = depSM: Depth [salt water, m], lat = 58.2942
# name 21 = depFM: Depth [true depth, m], lat = 58.2942
# name 22 = dz/dtM: Descent Rate [m/s], WS = 2
# name 23 = svCM: Sound Velocity [Chen-Millero, m/s]
# name 24 = svCM1: Sound Velocity, 2 [Chen-Millero, m/s]
# name 25 = flag: flag
# span 0 =      12750,      19991       
# span 1 =      2.000,    133.000       
# span 2 =     8.5821,    14.5178       
# span 3 =     8.5833,    14.5198       
# span 4 =    -0.0223,     0.0232       
# span 5 =   3.673652,   4.191681       
# span 6 =   3.673708,   4.191916       
# span 7 =          1,          1       
# span 8 =    4.97053,    6.12059       
# span 9 =    3.38254,    3.77409       
# span 10 =       1.84,      98.16      
# span 11 =     0.2161,     0.9946      
# span 12 =     0.1042,     0.3468      
# span 13 = -3.273e-05, 1.8595e+02      
# span 14 =     0.1447,     2.9008      
# span 15 =    32.8175,    34.9845      
# span 16 =    32.8191,    34.9853      
# span 17 =    -0.0477,     0.0136      
# span 18 =    24.5442,    27.1190      
# span 19 =    24.5456,    27.1184      
# span 20 =      1.981,    131.722      
# span 21 =      1.988,    132.017      
# span 22 =     -0.219,      1.161      
# span 23 =    1486.70,    1505.22      
# span 24 =    1486.72,    1505.23      
# span 25 = 0.0000e+00, 0.0000e+00      
# interval = decibars: 0.5              
# start_time = Sep 24 2018 05:44:52 [NMEA time, first data scan]
# bad_flag = -9.990e-29
*END*
[from data line 223]
      18219    113.500     8.7390     8.7416     0.0025    3.68494    3.68508          1     4.9962     3.4361      22.22     0.2287     0.1764  1.000e-12  2.3829000    34.8902    34.8891    -0.0011    27.0738    27.0725    112.415    112.679      0.992    1486.97    1486.97  0.000e+00
      18231    114.000     8.7358     8.7373     0.0015    3.68469    3.68475          1     4.9976     3.4373      21.73     0.2317     0.2062  1.000e-12  2.4070000    34.8905    34.8896    -0.0009    27.0745    27.0736    112.910    113.175      0.916    1486.96    1486.97  0.000e+00
      18246    114.500     8.7350     8.7366     0.0017    3.68462    3.68471          1     4.9969     3.4377      21.21     0.2281     0.2248  1.000e-12  2.3853000    34.8903    34.8896    -0.0007    27.0745    27.0737    113.405    113.671      0.714    1486.97    1486.97  0.000e+00
      18270    115.000     8.7329     8.7352     0.0023    3.68448    3.68459          1     4.9875     3.4379      20.49     0.2348     0.2418  1.000e-12  2.2701000    34.8906    34.8896    -0.0010    27.0751    27.0739    113.900    114.167      0.427    1486.97    1486.98  0.000e+00
      18303    115.500     8.7287     8.7327     0.0040    3.68414    3.68442          1     4.9705     3.4283      19.86     0.2512     0.2390  1.000e-12  2.3237000    34.8910    34.8900    -0.0011    27.0761    27.0746    114.395    114.663      0.386    1486.96    1486.98  0.000e+00
      18330    116.000     8.7262     8.7271     0.0010    3.68395    3.68398          1     4.9807     3.4362      19.43     0.2470     0.2469  1.000e-12  2.3241000    34.8913    34.8905    -0.0007    27.0766    27.0759    114.890    115.159      0.504    1486.96    1486.96  0.000e+00
      18352    116.500     8.7175     8.7184     0.0009    3.68328    3.68330          1     4.9903     3.4402      18.98     0.2332     0.1876  1.000e-12  2.3494000    34.8925    34.8917    -0.0007    27.0790    27.0783    115.385    115.654      0.529    1486.94    1486.94  0.000e+00
      18375    117.000     8.7130     8.7139     0.0009    3.68292    3.68293          1     4.9855     3.4400      18.48     0.2327     0.1954  1.000e-12  2.2620000    34.8929    34.8920    -0.0009    27.0800    27.0792    115.880    116.150      0.524    1486.93    1486.94  0.000e+00
      18398    117.500     8.7093     8.7099     0.0006    3.68262    3.68261          1     4.9874     3.4394      18.04     0.2388     0.2281  1.000e-12  2.1693000    34.8931    34.8924    -0.0007    27.0808    27.0801    116.375    116.646      0.562    1486.92    1486.93  0.000e+00
      18418    118.000     8.7060     8.7074     0.0015    3.68240    3.68245          1     4.9937     3.4358      17.60     0.2307     0.2413  1.000e-12  2.3206000    34.8938    34.8929    -0.0009    27.0818    27.0808    116.870    117.142      0.628    1486.92    1486.93  0.000e+00
      18436    118.500     8.7014     8.7023     0.0009    3.68208    3.68210          1     4.9935     3.4314      17.14     0.2323     0.3088  1.000e-12  2.5671000    34.8947    34.8940    -0.0008    27.0833    27.0825    117.365    117.638      0.682    1486.91    1486.92  0.000e+00
      18453    119.000     8.6982     8.7006     0.0024    3.68189    3.68201          1     4.9914     3.4308      16.68     0.2316     0.2758  1.000e-12  2.5627000    34.8956    34.8946    -0.0011    27.0845    27.0833    117.860    118.134      0.718    1486.91    1486.92  0.000e+00
      18470    119.500     8.6967     8.6995     0.0028    3.68180    3.68195          1     4.9927     3.4380      16.17     0.2405     0.2502  1.000e-12  2.4498000    34.8959    34.8947    -0.0012    27.0849    27.0836    118.355    118.629      0.730    1486.92    1486.93  0.000e+00
      18486    120.000     8.6934     8.6963     0.0029    3.68157    3.68174          1     4.9966     3.4400      15.70     0.2330     0.2098  1.000e-12  2.4374000    34.8965    34.8954    -0.0010    27.0859    27.0846    118.851    119.125      0.700    1486.91    1486.92  0.000e+00
      18504    120.500     8.6920     8.6938     0.0018    3.68149    3.68156          1     4.9988     3.4343      15.16     0.2263     0.2561  1.000e-12  2.4839000    34.8968    34.8958    -0.0010    27.0864    27.0853    119.346    119.621      0.604    1486.92    1486.92  0.000e+00
      18528    121.000     8.6913     8.6931     0.0018    3.68146    3.68153          1     4.9981     3.4303      14.54     0.2257     0.2732  1.000e-12  2.5232000    34.8969    34.8959    -0.0010    27.0866    27.0855    119.841    120.117      0.419    1486.92    1486.93  0.000e+00
      18565    121.500     8.6913     8.6933     0.0019    3.68146    3.68157          1     4.9959     3.4266      13.92     0.2505     0.2328  1.000e-12  2.3187000    34.8967    34.8959    -0.0007    27.0864    27.0855    120.336    120.613      0.333    1486.93    1486.94  0.000e+00
      18594    122.000     8.6867     8.6875     0.0008    3.68112    3.68115          1     4.9935     3.4256      13.48     0.2425     0.2623  1.000e-12  2.4186000    34.8974    34.8969    -0.0005    27.0876    27.0872    120.831    121.109      0.528    1486.92    1486.92  0.000e+00
      18614    122.500     8.6801     8.6812     0.0011    3.68066    3.68071          1     4.9891     3.4234      13.07     0.2316     0.2418  1.000e-12  2.4553000    34.8988    34.8982    -0.0006    27.0898    27.0892    121.326    121.604      0.675    1486.91    1486.91  0.000e+00
      18630    123.000     8.6802     8.6815     0.0013    3.68070    3.68075          1     4.9888     3.4222      12.67     0.2277     0.2354  1.000e-12  2.4516000    34.8989    34.8981    -0.0008    27.0899    27.0891    121.821    122.100      0.784    1486.92    1486.92  0.000e+00
      18645    123.500     8.6785     8.6802     0.0016    3.68059    3.68069          1     4.9951     3.4202      12.23     0.2289     0.2315  1.000e-12  2.4059000    34.8992    34.8986    -0.0006    27.0904    27.0896    122.316    122.596      0.865    1486.92    1486.92  0.000e+00
      18658    124.000     8.6749     8.6769     0.0019    3.68035    3.68045          1     5.0012     3.4200      11.80     0.2339     0.2471  1.000e-12  2.4219000    34.9000    34.8991    -0.0009    27.0916    27.0906    122.811    123.092      0.915    1486.91    1486.92  0.000e+00
      18671    124.500     8.6715     8.6729     0.0014    3.68014    3.68019          1     5.0015     3.4238      11.35     0.2420     0.2940  1.000e-12  2.4537000    34.9008    34.9001    -0.0007    27.0927    27.0919    123.306    123.588      0.912    1486.91    1486.92  0.000e+00
      18684    125.000     8.6692     8.6710     0.0018    3.67999    3.68008          1     4.9992     3.4304      10.84     0.2400     0.2719  1.000e-12  2.4762000    34.9013    34.9005    -0.0008    27.0935    27.0926    123.801    124.084      0.820    1486.91    1486.92  0.000e+00
      18701    125.500     8.6677     8.6695     0.0018    3.67991    3.68000          1     4.9979     3.4346      10.24     0.2427     0.2115  1.000e-12  2.5068000    34.9017    34.9008    -0.0009    27.0941    27.0931    124.296    124.579      0.577    1486.91    1486.92  0.000e+00
      18755    126.000     8.6672     8.6691     0.0019    3.67991    3.68001          1     5.0070     3.4313       9.42     0.2518     0.2615  1.000e-12  2.2514000    34.9019    34.9010    -0.0008    27.0943    27.0933    124.791    125.075      0.282    1486.92    1486.93  0.000e+00
      18801    126.500     8.6664     8.6683     0.0019    3.67986    3.67996          1     4.9998     3.4210       9.00     0.2412     0.2401  1.000e-12  2.3617000    34.9019    34.9011    -0.0008    27.0944    27.0935    125.286    125.571      0.634    1486.93    1486.93  0.000e+00
      18815    127.000     8.6637     8.6654     0.0017    3.67971    3.67977          1     4.9936     3.4211       8.69     0.2367     0.2351  1.000e-12  2.3147000    34.9027    34.9017    -0.0010    27.0955    27.0944    125.781    126.067      0.848    1486.93    1486.93  0.000e+00
      18828    127.500     8.6548     8.6558     0.0011    3.67898    3.67901          1     4.9955     3.4260       8.32     0.2321     0.2345  1.000e-12  2.2902000    34.9036    34.9030    -0.0006    27.0976    27.0969    126.276    126.563      0.901    1486.90    1486.90  0.000e+00
      18841    128.000     8.6170     8.6233     0.0061    3.67613    3.67650          1     5.0036     3.4285       7.85     0.2358     0.2127  1.000e-12  2.4713000    34.9106    34.9083    -0.0023    27.1090    27.1062    126.771    127.059      0.783    1486.78    1486.80  0.000e+00
      18886    128.500     8.6031     8.6111     0.0080    3.67510    3.67563          1     5.0129     3.4296       7.48     0.2494     0.1759  1.000e-12  2.5308000    34.9132    34.9110    -0.0023    27.1132    27.1102    127.266    127.554      0.479    1486.74    1486.76  0.000e+00
      18972    129.000     8.5888     8.5967     0.0079    3.67397    3.67452          1     5.0101     3.4297       7.85     0.2554     0.2480  1.000e-12  2.6783000    34.9152    34.9132    -0.0020    27.1170    27.1142    127.762    128.050      0.735    1486.70    1486.72  0.000e+00
      18987    129.500     8.5952     8.5927    -0.0024    3.67449    3.67426          1     5.0105     3.4295       7.47     0.2551     0.2483  1.000e-12  2.7424000    34.9140    34.9140    -0.0000    27.1151    27.1154    128.257    128.546      0.798    1486.73    1486.72  0.000e+00
      19002    130.000     8.5994     8.5975    -0.0020    3.67483    3.67464          1     5.0099     3.4296       7.01     0.2532     0.2586  1.000e-12  2.8559000    34.9132    34.9132    -0.0001    27.1138    27.1140    128.752    129.042      0.704    1486.75    1486.74  0.000e+00
      19032    130.500     8.5937     8.5955     0.0018    3.67444    3.67452          1     5.0118     3.4311       5.97     0.2547     0.2524  1.000e-12  2.8998000    34.9145    34.9136    -0.0010    27.1157    27.1147    129.247    129.538      0.414    1486.74    1486.74  0.000e+00
      19208    131.000     8.5895     8.5917     0.0021    3.67415    3.67425          1     5.0180     3.4339       4.73     0.2453     0.2287  1.000e-12  2.9008000    34.9153    34.9143    -0.0010    27.1170    27.1158    129.742    130.034      0.391    1486.73    1486.74  0.000e+00
      19351    131.500     8.5902     8.5916     0.0014    3.67421    3.67427          1     4.9999     3.4246       5.50     0.2597     0.2920  1.000e-12  2.7099000    34.9150    34.9143    -0.0007    27.1166    27.1159    130.237    130.529      0.770    1486.74    1486.75  0.000e+00
      19364    132.000     8.5860     8.5892     0.0031    3.67393    3.67412          1     4.9916     3.4275       5.08     0.2651     0.2835  1.000e-12  2.6488000    34.9159    34.9149    -0.0010    27.1180    27.1167    130.732    131.025      0.735    1486.74    1486.75  0.000e+00
      19493    132.500     8.5843     8.5860     0.0018    3.67382    3.67390          1     4.9970     3.4205       4.15     0.2570     0.2568  1.000e-12  2.8478000    34.9163    34.9154    -0.0009    27.1186    27.1176    131.227    131.521      0.435    1486.74    1486.74  0.000e+00
      19991    133.000     8.5821     8.5833     0.0012    3.67365    3.67371          1     4.9967     3.3825       1.84     0.2681     0.2515  1.000e-12  2.6546000    34.9164    34.9158    -0.0006    27.1190    27.1184    131.722    132.017     -0.219    1486.74    1486.74  0.000e+00
