ctdpy/exports/archive_20191120_135557/received_data/SBE09_0827_20181013_0331_26_01_1088.cnv
* Sea-Bird SBE 9 Data File:
* FileName = D:\CTD_SBE911\DAT\26DA.2018.10.88.hex
* Software Version Seasave V 7.21d
* Temperature SN = 4548
* Conductivity SN = 3062
* Number of Bytes Per Scan = 48
* Number of Voltage Words = 5
* Number of Scans Averaged by the Deck Unit = 1
* NMEA Latitude = 55 33.72 N
* NMEA Longitude = 015 43.08 E
* NMEA UTC (Time) = Oct 13 2018  03:34:35
* NMEA baud rate = 4800
** Ship: DANA
** Average sound velocity: 1457.49 m/s
** True-depth calculation Thu, 28 Mar 2019 12:28:41 +0000
** CTD Python Module SMHI /ver 3-12/ feb 2012 
** LIMS Job: 20182601-1088
** Operator: Christian
** Cruise: 10/2018
# nquan = 26
# nvalues = 139                         
# units = specified
# name 0 = scan: Scan Count
# name 1 = prDM: Pressure, Digiquartz [db]
# name 2 = t090C: Temperature [ITS-90, deg C]
# name 3 = t190C: Temperature, 2 [ITS-90, deg C]
# name 4 = T2-T190C: Temperature Difference, 2 - 1 [ITS-90, deg C]
# name 5 = c0S/m: Conductivity [S/m]
# name 6 = c1S/m: Conductivity, 2 [S/m]
# name 7 = pumps: Pump Status
# name 8 = sbeox1ML/L: Oxygen, SBE 43, 2 [ml/l]
# name 9 = sbeox0ML/L: Oxygen, SBE 43 [ml/l]
# name 10 = altM: Altimeter [m]
# name 11 = chloroflTC0: Chlorophyll, Turner Cyclops [ug/l]
# name 12 = cpar: CPAR/Corrected Irradiance [%]
# name 13 = par: PAR/Irradiance, Biospherical/Lico [µE/(cm^2*s)]
# name 14 = spar: SPAR, Biospherical/Licor
# name 15 = sal00: Salinity, Practical [PSU]
# name 16 = sal11: Salinity, Practical, 2 [PSU]
# name 17 = secS-priS: Salinity, Practical, Difference, 2 - 1 [PSU]
# name 18 = sigma-t00: Density [sigma-t, kg/m^3 ]
# name 19 = sigma-t11: Density, 2 [sigma-t, kg/m^3 ]
# name 20 = depSM: Depth [salt water, m], lat = 55.562
# name 21 = depFM: Depth [true depth, m], lat = 55.562
# name 22 = dz/dtM: Descent Rate [m/s], WS = 2
# name 23 = svCM: Sound Velocity [Chen-Millero, m/s]
# name 24 = svCM1: Sound Velocity, 2 [Chen-Millero, m/s]
# name 25 = flag: flag
# span 0 =        183,       9124       
# span 1 =      1.500,     70.500       
# span 2 =     5.3059,    13.3591       
# span 3 =     5.2296,    13.3599       
# span 4 =    -0.6133,     0.3565       
# span 5 =   0.840880,   1.738866       
# span 6 =   0.840221,   1.738703       
# span 7 =          1,          1       
# span 8 =     0.0309,     7.7195       
# span 9 =     0.0385,     7.1824       
# span 10 =       0.92,       9.98      
# span 11 =     0.0159,     0.0395      
# span 12 = 4.9241e-11, 4.9241e-11      
# span 13 = 1.0000e-12, 1.0000e-12      
# span 14 = 2.0308e+00, 2.0308e+00      
# span 15 =     7.4899,    15.9844      
# span 16 =     7.4998,    15.9820      
# span 17 =    -0.0165,     0.1252      
# span 18 =     5.2115,    12.4614      
# span 19 =     5.2113,    12.4594      
# span 20 =      1.486,     69.849      
# span 21 =      1.520,     71.258      
# span 22 =     -0.420,      0.408      
# span 23 =    1438.98,    1469.30      
# span 24 =    1438.55,    1469.30      
# span 25 = 0.0000e+00, 0.0000e+00      
# interval = decibars: 0.5              
# start_time = Oct 13 2018 03:34:36 [NMEA time, first data scan]
# bad_flag = -9.990e-29
*END*
[from data line 112]
       5437     57.500     9.7343     9.7295    -0.0047    1.70937    1.71073          1     0.6684     0.6417       9.98     0.0162  4.924e-11  1.000e-12  2.031e+00    14.6050    14.6196     0.0146    11.1107    11.1227     56.971     58.176      0.253    1465.04    1465.04  0.000e+00
       5485     58.000     9.5481     9.5008    -0.0472    1.70890    1.70915          1     0.4589     0.4933       9.98     0.0160  4.924e-11  1.000e-12  2.031e+00    14.6762    14.6978     0.0216    11.1885    11.2109     57.466     58.680      0.254    1464.41    1464.26  0.000e+00
       5535     58.500     9.1611     9.0361    -0.1250    1.70210    1.70123          1     0.2569     0.2903       9.98     0.0160  4.924e-11  1.000e-12  2.031e+00    14.7710    14.8144     0.0434    11.3077    11.3558     57.962     59.183      0.225    1463.04    1462.60  0.000e+00
       5585     59.000     8.6575     8.5589    -0.0986    1.70475    1.70585          1     0.1179     0.1540       9.98     0.0162  4.924e-11  1.000e-12  2.031e+00    15.0064    15.0587     0.0523    11.5478    11.5994     58.457     59.687      0.267    1461.36    1461.04  0.000e+00
       5631     59.500     8.4069     8.2334    -0.1734    1.70883    1.70811          1     0.1087     0.1113       9.98     0.0162  4.924e-11  1.000e-12  2.031e+00    15.1521    15.2199     0.0678    11.6886    11.7597     58.952     60.190      0.253    1460.56    1459.95  0.000e+00
       5678     60.000     7.8627     7.8010    -0.0618    1.69730    1.69736          1     0.1145     0.1107       9.98     0.0167  4.924e-11  1.000e-12  2.031e+00    15.2753    15.3028     0.0275    11.8413    11.8689     59.448     60.694      0.255    1458.55    1458.34  0.000e+00
       5725     60.500     7.7095     7.6789    -0.0307    1.69752    1.69857          1     0.1118     0.1082       9.98     0.0168  4.924e-11  1.000e-12  2.031e+00    15.3444    15.3681     0.0238    11.9105    11.9322     59.943     61.197      0.258    1458.03    1457.94  0.000e+00
       5769     61.000     7.7697     7.7723     0.0025    1.70580    1.70893          1     0.1140     0.1006       9.98     0.0171  4.924e-11  1.000e-12  2.031e+00    15.3991    15.4287     0.0295    11.9475    11.9703     60.438     61.700      0.286    1458.35    1458.39  0.000e+00
       5812     61.500     7.7237     7.6340    -0.0896    1.71091    1.71070          1     0.1128     0.0995       9.98     0.0171  4.924e-11  1.000e-12  2.031e+00    15.4695    15.5072     0.0377    12.0071    12.0454     60.934     62.203      0.261    1458.26    1457.94  0.000e+00
       5864     62.000     7.4644     7.3865    -0.0780    1.71257    1.71349          1     0.1101     0.0970       9.88     0.0171  4.924e-11  1.000e-12  2.031e+00    15.6014    15.6455     0.0441    12.1356    12.1777     61.429     62.707      0.223    1457.38    1457.12  0.000e+00
       5912     62.500     7.3614     7.3241    -0.0373    1.72384    1.72618          1     0.1034     0.0879       9.41     0.0171  4.924e-11  1.000e-12  2.031e+00    15.7596    15.7998     0.0402    12.2693    12.3044     61.924     63.210      0.277    1457.17    1457.07  0.000e+00
       5955     63.000     7.2985     7.2683    -0.0302    1.72975    1.73138          1     0.1005     0.0868       8.95     0.0172  4.924e-11  1.000e-12  2.031e+00    15.8469    15.8770     0.0301    12.3437    12.3701     62.420     63.713      0.261    1457.03    1456.94  0.000e+00
       6006     63.500     7.2585     7.2407    -0.0177    1.73228    1.73295          1     0.0958     0.0848       8.39     0.0180  4.924e-11  1.000e-12  2.031e+00    15.8903    15.9051     0.0148    12.3815    12.3948     62.915     64.216      0.236    1456.93    1456.87  0.000e+00
       6050     64.000     7.2460     7.2356    -0.0104    1.73302    1.73322          1     0.0942     0.0800       7.86     0.0178  4.924e-11  1.000e-12  2.031e+00    15.9033    15.9101     0.0067    12.3929    12.3992     63.410     64.719      0.309    1456.90    1456.87  0.000e+00
       6090     64.500     7.2382     7.2309    -0.0073    1.73330    1.73356          1     0.0888     0.0766       7.34     0.0177  4.924e-11  1.000e-12  2.031e+00    15.9095    15.9155     0.0059    12.3985    12.4038     63.905     65.222      0.262    1456.89    1456.86  0.000e+00
       6148     65.000     7.2319     7.2284    -0.0035    1.73367    1.73389          1     0.0881     0.0746       6.76     0.0180  4.924e-11  1.000e-12  2.031e+00    15.9160    15.9199     0.0038    12.4042    12.4075     64.401     65.725      0.229    1456.88    1456.87  0.000e+00
       6191     65.500     7.2297     7.2266    -0.0031    1.73390    1.73395          1     0.0835     0.0737       6.26     0.0180  4.924e-11  1.000e-12  2.031e+00    15.9192    15.9212     0.0020    12.4069    12.4087     64.896     66.228      0.295    1456.88    1456.87  0.000e+00
       6242     66.000     7.2286     7.2263    -0.0023    1.73404    1.73413          1     0.0822     0.0722       5.73     0.0178  4.924e-11  1.000e-12  2.031e+00    15.9210    15.9229     0.0019    12.4084    12.4101     65.391     66.731      0.211    1456.89    1456.88  0.000e+00
       6291     66.500     7.2275     7.2238    -0.0036    1.73432    1.73431          1     0.0787     0.0699       5.29     0.0180  4.924e-11  1.000e-12  2.031e+00    15.9242    15.9258     0.0016    12.4110    12.4126     65.887     67.234      0.313    1456.89    1456.88  0.000e+00
       6331     67.000     7.2252     7.2226    -0.0027    1.73439    1.73439          1     0.0813     0.0695       4.78     0.0178  4.924e-11  1.000e-12  2.031e+00    15.9258    15.9271     0.0013    12.4124    12.4137     66.382     67.737      0.257    1456.89    1456.88  0.000e+00
       6385     67.500     7.2224     7.2210    -0.0014    1.73453    1.73457          1     0.0753     0.0685       4.23     0.0178  4.924e-11  1.000e-12  2.031e+00    15.9283    15.9294     0.0010    12.4147    12.4157     66.877     68.240      0.229    1456.89    1456.89  0.000e+00
       6430     68.000     7.2197     7.2177    -0.0020    1.73484    1.73485          1     0.0749     0.0671       3.70     0.0179  4.924e-11  1.000e-12  2.031e+00    15.9326    15.9336     0.0010    12.4183    12.4193     67.373     68.743      0.275    1456.89    1456.89  0.000e+00
       6476     68.500     7.2182     7.2166    -0.0016    1.73510    1.73516          1     0.0738     0.0660       3.18     0.0179  4.924e-11  1.000e-12  2.031e+00    15.9357    15.9371     0.0014    12.4209    12.4221     67.868     69.246      0.236    1456.90    1456.90  0.000e+00
       6533     69.000     7.2129     7.2121    -0.0008    1.73569    1.73570          1     0.0701     0.0653       2.61     0.0177  4.924e-11  1.000e-12  2.031e+00    15.9439    15.9444     0.0005    12.4278    12.4283     68.363     69.749      0.219    1456.90    1456.90  0.000e+00
       6578     69.500     7.2095     7.2067    -0.0029    1.73604    1.73602          1     0.0729     0.0645       2.18     0.0178  4.924e-11  1.000e-12  2.031e+00    15.9489    15.9500     0.0011    12.4320    12.4332     68.859     70.252      0.293    1456.90    1456.89  0.000e+00
       6625     70.000     7.2049     7.2018    -0.0032    1.73669    1.73695          1     0.0690     0.0640       1.59     0.0177  4.924e-11  1.000e-12  2.031e+00    15.9574    15.9614     0.0040    12.4391    12.4426     69.354     70.755      0.212    1456.90    1456.89  0.000e+00
       9124     70.500     7.1931     7.1948     0.0018    1.73887    1.73870          1     0.0309     0.0385       0.92     0.0186  4.924e-11  1.000e-12  2.031e+00    15.9844    15.9820    -0.0024    12.4614    12.4594     69.849     71.258     -0.420    1456.89    1456.89  0.000e+00
