ctdpy/exports/archive_20191120_135557/received_data/SBE09_0827_20181010_2210_26_01_1064.cnv
* Sea-Bird SBE 9 Data File:
* FileName = D:\CTD_SBE911\DAT\26DA.2018.10.64.hex
* Software Version Seasave V 7.21d
* Temperature SN = 4548
* Conductivity SN = 3062
* Number of Bytes Per Scan = 48
* Number of Voltage Words = 5
* Number of Scans Averaged by the Deck Unit = 1
* NMEA Latitude = 57 29.78 N
* NMEA Longitude = 019 37.55 E
* NMEA UTC (Time) = Oct 10 2018  22:13:22
* NMEA baud rate = 4800
** Ship: DANA
** Average sound velocity: 1449.27 m/s
** True-depth calculation Thu, 28 Mar 2019 12:25:04 +0000
** CTD Python Module SMHI /ver 3-12/ feb 2012 
** LIMS Job: 20182601-1064
** Operator: Christian A-KTh
** Cruise: 10/2018
# nquan = 26
# nvalues = 89                          
# units = specified
# name 0 = scan: Scan Count
# name 1 = prDM: Pressure, Digiquartz [db]
# name 2 = t090C: Temperature [ITS-90, deg C]
# name 3 = t190C: Temperature, 2 [ITS-90, deg C]
# name 4 = T2-T190C: Temperature Difference, 2 - 1 [ITS-90, deg C]
# name 5 = c0S/m: Conductivity [S/m]
# name 6 = c1S/m: Conductivity, 2 [S/m]
# name 7 = pumps: Pump Status
# name 8 = sbeox1ML/L: Oxygen, SBE 43, 2 [ml/l]
# name 9 = sbeox0ML/L: Oxygen, SBE 43 [ml/l]
# name 10 = altM: Altimeter [m]
# name 11 = chloroflTC0: Chlorophyll, Turner Cyclops [ug/l]
# name 12 = cpar: CPAR/Corrected Irradiance [%]
# name 13 = par: PAR/Irradiance, Biospherical/Lico [µE/(cm^2*s)]
# name 14 = spar: SPAR, Biospherical/Licor
# name 15 = sal00: Salinity, Practical [PSU]
# name 16 = sal11: Salinity, Practical, 2 [PSU]
# name 17 = secS-priS: Salinity, Practical, Difference, 2 - 1 [PSU]
# name 18 = sigma-t00: Density [sigma-t, kg/m^3 ]
# name 19 = sigma-t11: Density, 2 [sigma-t, kg/m^3 ]
# name 20 = depSM: Depth [salt water, m], lat = 57.4963
# name 21 = depFM: Depth [true depth, m], lat = 57.4963
# name 22 = dz/dtM: Descent Rate [m/s], WS = 2
# name 23 = svCM: Sound Velocity [Chen-Millero, m/s]
# name 24 = svCM1: Sound Velocity, 2 [Chen-Millero, m/s]
# name 25 = flag: flag
# span 0 =        340,       4776       
# span 1 =      2.000,     46.000       
# span 2 =     3.7647,    10.6852       
# span 3 =     3.7713,    10.6854       
# span 4 =    -0.5421,     0.1111       
# span 5 =   0.782865,   0.878999       
# span 6 =   0.783158,   0.879007       
# span 7 =          1,          1       
# span 8 =     7.2428,     7.4631       
# span 9 =     6.7093,     7.0765       
# span 10 =       1.00,       9.97      
# span 11 =     0.0159,     0.0372      
# span 12 = -1.617e+01, 2.0034e+03      
# span 13 = 1.0000e-12, 1.0000e-12      
# span 14 = 1.9901e+00, 2.0311e+00      
# span 15 =     6.9367,     7.4782      
# span 16 =     6.9367,     7.4781      
# span 17 =    -0.0059,     0.0417      
# span 18 =     5.0439,     5.9501      
# span 19 =     5.0438,     5.9500      
# span 20 =      1.981,     45.571      
# span 21 =      2.027,     46.603      
# span 22 =     -0.248,      0.340      
# span 23 =    1430.99,    1458.63      
# span 24 =    1431.04,    1458.62      
# span 25 = 0.0000e+00, 0.0000e+00      
# interval = decibars: 0.5              
# start_time = Oct 10 2018 22:13:22 [NMEA time, first data scan]
# bad_flag = -9.990e-29
*END*
        340      2.000    10.6832    10.6828    -0.0004    0.87894    0.87892          1     7.3164     6.8405       9.97     0.0325  4.924e-11  1.000e-12  2.031e+00     6.9370     6.9369    -0.0001     5.0441     5.0441      1.981      2.027      0.194    1458.50    1458.50  0.000e+00
        384      2.500    10.6827    10.6825    -0.0002    0.87892    0.87892          1     7.3072     6.8478       9.97     0.0307  4.924e-11  1.000e-12  2.031e+00     6.9369     6.9369    -0.0000     5.0441     5.0441      2.477      2.534      0.263    1458.50    1458.50  0.000e+00
        442      3.000    10.6824    10.6832     0.0008    0.87892    0.87894          1     7.3178     6.8516       9.97     0.0336  4.924e-11  1.000e-12  2.031e+00     6.9369     6.9369     0.0000     5.0441     5.0440      2.972      3.040      0.189    1458.51    1458.51  0.000e+00
        500      3.500    10.6852    10.6854     0.0002    0.87900    0.87900          1     7.3118     6.8523       9.97     0.0347  4.924e-11  1.000e-12  2.031e+00     6.9370     6.9369    -0.0000     5.0439     5.0438      3.468      3.547      0.288    1458.53    1458.53  0.000e+00
        539      4.000    10.6843    10.6850     0.0007    0.87899    0.87899          1     7.3010     6.8501       9.97     0.0323  4.924e-11  1.000e-12  2.031e+00     6.9370     6.9369    -0.0001     5.0440     5.0439      3.963      4.054      0.262    1458.53    1458.54  0.000e+00
        597      4.500    10.6843    10.6847     0.0003    0.87899    0.87899          1     7.3138     6.8454       9.97     0.0343  4.924e-11  1.000e-12  2.031e+00     6.9370     6.9369    -0.0001     5.0440     5.0439      4.458      4.560      0.216    1458.54    1458.54  0.000e+00
        641      5.000    10.6838    10.6838     0.0000    0.87897    0.87897          1     7.3174     6.8403       9.97     0.0337  4.924e-11  1.000e-12  2.031e+00     6.9369     6.9369     0.0000     5.0440     5.0440      4.954      5.067      0.308    1458.55    1458.55  0.000e+00
        683      5.500    10.6837    10.6841     0.0004    0.87898    0.87899          1     7.3145     6.8546       9.97     0.0327  4.924e-11  1.000e-12  2.031e+00     6.9369     6.9369    -0.0000     5.0440     5.0439      5.449      5.574      0.232    1458.55    1458.56  0.000e+00
        748      6.000    10.6840    10.6840    -0.0000    0.87899    0.87898          1     7.3197     6.8491       9.97     0.0340  4.924e-11  1.000e-12  2.031e+00     6.9369     6.9368    -0.0001     5.0439     5.0439      5.945      6.081      0.244    1458.56    1458.56  0.000e+00
        790      6.500    10.6835    10.6839     0.0004    0.87898    0.87899          1     7.3159     6.8461       9.97     0.0338  4.924e-11  1.000e-12  2.031e+00     6.9368     6.9368    -0.0000     5.0439     5.0439      6.440      6.587      0.280    1458.57    1458.57  0.000e+00
        844      7.000    10.6838    10.6842     0.0004    0.87899    0.87899          1     7.3144     6.8539       9.97     0.0336  4.924e-11  1.000e-12  2.031e+00     6.9368     6.9367    -0.0001     5.0439     5.0438      6.935      7.094      0.205    1458.58    1458.58  0.000e+00
        894      7.500    10.6836    10.6836    -0.0000    0.87898    0.87899          1     7.3172     6.8478       9.97     0.0353  4.924e-11  1.000e-12  2.031e+00     6.9367     6.9368     0.0000     5.0439     5.0439      7.431      7.601      0.283    1458.59    1458.59  0.000e+00
        940      8.000    10.6832    10.6827    -0.0004    0.87899    0.87899          1     7.3167     6.8510       9.97     0.0344  4.924e-11  1.000e-12  2.031e+00     6.9368     6.9369     0.0001     5.0440     5.0441      7.926      8.107      0.226    1458.59    1458.59  0.000e+00
        993      8.500    10.6836    10.6842     0.0006    0.87900    0.87901          1     7.3172     6.8411       9.97     0.0362  4.924e-11  1.000e-12  2.031e+00     6.9368     6.9367    -0.0000     5.0439     5.0438      8.421      8.614      0.249    1458.60    1458.60  0.000e+00
       1044      9.000    10.6828    10.6820    -0.0008    0.87899    0.87899          1     7.3184     6.8579       9.97     0.0344  4.924e-11  1.000e-12  2.031e+00     6.9368     6.9369     0.0001     5.0440     5.0442      8.917      9.121      0.210    1458.61    1458.60  0.000e+00
       1098      9.500    10.6821    10.6820    -0.0001    0.87899    0.87899          1     7.3085     6.8529       9.97     0.0363  4.924e-11  1.000e-12  2.031e+00     6.9369     6.9369     0.0000     5.0441     5.0442      9.412      9.628      0.269    1458.61    1458.61  0.000e+00
       1139     10.000    10.6773    10.6765    -0.0007    0.87895    0.87896          1     7.3044     6.8492       9.97     0.0346  4.924e-11  1.000e-12  2.031e+00     6.9374     6.9376     0.0002     5.0451     5.0454      9.907     10.134      0.278    1458.60    1458.60  0.000e+00
       1190     10.500    10.6768    10.6761    -0.0007    0.87896    0.87896          1     7.3031     6.8499       9.97     0.0364  4.924e-11  1.000e-12  2.031e+00     6.9375     6.9377     0.0002     5.0453     5.0455     10.403     10.641      0.220    1458.61    1458.61  0.000e+00
       1238     11.000    10.6759    10.6770     0.0011    0.87896    0.87897          1     7.3166     6.8444       9.97     0.0358  4.924e-11  1.000e-12  2.031e+00     6.9376     6.9375    -0.0001     5.0454     5.0452     10.898     11.148      0.286    1458.61    1458.62  0.000e+00
       1281     11.500    10.6766    10.6760    -0.0006    0.87898    0.87899          1     7.3149     6.8450       9.97     0.0343  4.924e-11  1.000e-12  2.031e+00     6.9376     6.9378     0.0002     5.0453     5.0456     11.394     11.654      0.252    1458.63    1458.62  0.000e+00
       1334     12.000    10.6757    10.6745    -0.0012    0.87899    0.87899          1     7.3077     6.8426       9.97     0.0353  4.924e-11  1.000e-12  2.031e+00     6.9378     6.9380     0.0002     5.0456     5.0459     11.889     12.161      0.234    1458.63    1458.62  0.000e+00
       1380     12.500    10.6726    10.6700    -0.0026    0.87895    0.87891          1     7.3010     6.8424       9.97     0.0357  4.924e-11  1.000e-12  2.031e+00     6.9380     6.9381     0.0001     5.0461     5.0465     12.384     12.668      0.261    1458.63    1458.62  0.000e+00
       1429     13.000    10.6688    10.6659    -0.0030    0.87888    0.87883          1     7.2927     6.8310       9.97     0.0344  4.924e-11  1.000e-12  2.031e+00     6.9381     6.9382     0.0001     5.0466     5.0470     12.880     13.175      0.239    1458.62    1458.61  0.000e+00
       1476     13.500    10.6649    10.6627    -0.0022    0.87879    0.87877          1     7.2872     6.8307       9.97     0.0363  4.924e-11  1.000e-12  2.031e+00     6.9380     6.9382     0.0002     5.0470     5.0474     13.375     13.681      0.281    1458.61    1458.60  0.000e+00
       1517     14.000    10.6571    10.6545    -0.0026    0.87864    0.87860          1     7.2703     6.8152       9.97     0.0353  4.924e-11  1.000e-12  2.031e+00     6.9382     6.9383     0.0001     5.0480     5.0484     13.870     14.188      0.286    1458.59    1458.58  0.000e+00
       1564     14.500    10.6541    10.6519    -0.0022    0.87859    0.87855          1     7.2591     6.8097       9.97     0.0342  4.924e-11  1.000e-12  2.031e+00     6.9382     6.9384     0.0001     5.0484     5.0488     14.366     14.695      0.238    1458.59    1458.58  0.000e+00
       1615     15.000    10.6531    10.6499    -0.0032    0.87858    0.87855          1     7.2591     6.8103       9.97     0.0354  4.924e-11  1.000e-12  2.031e+00     6.9383     6.9387     0.0003     5.0486     5.0492     14.861     15.201      0.242    1458.59    1458.58  0.000e+00
       1662     15.500    10.6463    10.6434    -0.0029    0.87853    0.87853          1     7.2591     6.8077       9.97     0.0372  4.924e-11  1.000e-12  2.031e+00     6.9392     6.9397     0.0005     5.0500     5.0507     15.356     15.708      0.275    1458.57    1458.56  0.000e+00
       1703     16.000    10.6386    10.6376    -0.0010    0.87851    0.87852          1     7.2574     6.8010       9.97     0.0338  4.924e-11  1.000e-12  2.031e+00     6.9403     6.9406     0.0003     5.0518     5.0522     15.852     16.215      0.287    1458.55    1458.55  0.000e+00
       1753     16.500    10.6383    10.6347    -0.0036    0.87853    0.87852          1     7.2628     6.8025       9.97     0.0323  4.924e-11  1.000e-12  2.031e+00     6.9406     6.9412     0.0006     5.0520     5.0529     16.347     16.722      0.211    1458.56    1458.55  0.000e+00
       1805     17.000    10.6333    10.6325    -0.0008    0.87851    0.87852          1     7.2736     6.8056       9.97     0.0323  4.924e-11  1.000e-12  2.031e+00     6.9412     6.9415     0.0002     5.0531     5.0534     16.842     17.228      0.298    1458.55    1458.55  0.000e+00
       1841     17.500    10.6317    10.6321     0.0004    0.87850    0.87852          1     7.2719     6.8006       9.97     0.0294  4.924e-11  1.000e-12  2.031e+00     6.9414     6.9415     0.0001     5.0534     5.0534     17.338     17.735      0.324    1458.55    1458.56  0.000e+00
       1885     18.000    10.6312    10.6300    -0.0012    0.87852    0.87852          1     7.2599     6.8009       9.97     0.0306  4.924e-11  1.000e-12  2.031e+00     6.9416     6.9419     0.0003     5.0536     5.0540     17.833     18.242      0.232    1458.56    1458.56  0.000e+00
       1941     18.500    10.6277    10.6226    -0.0050    0.87852    0.87852          1     7.2580     6.7978       9.97     0.0317  4.924e-11  1.000e-12  2.031e+00     6.9423     6.9432     0.0009     5.0546     5.0558     18.329     18.748      0.230    1458.55    1458.54  0.000e+00
       1986     19.000    10.6173    10.6165    -0.0008    0.87849    0.87850          1     7.2644     6.7947       9.97     0.0326  4.924e-11  1.000e-12  2.031e+00     6.9439     6.9442     0.0003     5.0570     5.0573     18.824     19.255      0.300    1458.52    1458.52  0.000e+00
       2027     19.500    10.6147    10.6135    -0.0012    0.87849    0.87849          1     7.2646     6.7941       9.97     0.0308  4.924e-11  1.000e-12  2.031e+00     6.9443     6.9446     0.0002     5.0576     5.0580     19.319     19.762      0.262    1458.52    1458.52  0.000e+00
       2078     20.000    10.6114    10.6069    -0.0044    0.87848    0.87845          1     7.2547     6.8072       9.97     0.0306  4.924e-11  1.000e-12  2.031e+00     6.9448     6.9455     0.0007     5.0584     5.0594     19.815     20.268      0.234    1458.52    1458.50  0.000e+00
       2124     20.500    10.6068    10.6066    -0.0002    0.87845    0.87847          1     7.2604     6.7945       9.97     0.0304  4.924e-11  1.000e-12  2.031e+00     6.9454     6.9456     0.0002     5.0594     5.0595     20.310     20.775      0.279    1458.51    1458.51  0.000e+00
       2167     21.000    10.6045    10.6035    -0.0010    0.87844    0.87845          1     7.2612     6.8003       9.97     0.0319  4.924e-11  1.000e-12  2.031e+00     6.9457     6.9459     0.0002     5.0599     5.0602     20.805     21.282      0.281    1458.51    1458.51  0.000e+00
       2211     21.500    10.6028    10.6012    -0.0016    0.87844    0.87843          1     7.2624     6.8047       9.97     0.0303  4.924e-11  1.000e-12  2.031e+00     6.9459     6.9462     0.0003     5.0603     5.0606     21.301     21.789      0.253    1458.51    1458.51  0.000e+00
       2263     22.000    10.6018    10.5970    -0.0048    0.87844    0.87841          1     7.2493     6.8078       9.97     0.0299  4.924e-11  1.000e-12  2.031e+00     6.9461     6.9467     0.0006     5.0605     5.0615     21.796     22.295      0.233    1458.52    1458.50  0.000e+00
       2309     22.500    10.5943    10.5899    -0.0044    0.87837    0.87834          1     7.2485     6.8042       9.97     0.0290  4.924e-11  1.000e-12  2.031e+00     6.9469     6.9475     0.0006     5.0619     5.0629     22.291     22.802      0.278    1458.50    1458.48  0.000e+00
       2354     23.000    10.5896    10.5841    -0.0054    0.87834    0.87829          1     7.2613     6.7971       9.97     0.0296  4.924e-11  1.000e-12  2.031e+00     6.9474     6.9480     0.0006     5.0629     5.0640     22.787     23.309      0.255    1458.49    1458.47  0.000e+00
       2401     23.500    10.5841    10.5767    -0.0075    0.87829    0.87823          1     7.2659     6.7982       9.97     0.0302  4.924e-11  1.000e-12  2.031e+00     6.9481     6.9489     0.0009     5.0640     5.0655     23.282     23.815      0.265    1458.47    1458.45  0.000e+00
       2445     24.000    10.5779    10.5569    -0.0210    0.87824    0.87802          1     7.2643     6.8023       9.97     0.0319  2.154e+01  1.000e-12  2.030e+00     6.9488     6.9508     0.0021     5.0653     5.0693     23.777     24.322      0.268    1458.46    1458.38  0.000e+00
       2492     24.500    10.5618    10.5160    -0.0457    0.87803    0.87757          1     7.2584     6.7875       9.97     0.0324  2.003e+03  1.000e-12  1.990e+00     6.9499     6.9547     0.0048     5.0680     5.0769     24.273     24.829      0.249    1458.41    1458.24  0.000e+00
       2539     25.000    10.5246    10.4784    -0.0462    0.87766    0.87716          1     7.3100     6.7935       9.97     0.0326 -1.617e+01  1.000e-12  2.031e+00     6.9538     6.9583     0.0045     5.0752     5.0839     24.768     25.335      0.262    1458.28    1458.11  0.000e+00
       2585     25.500    10.5012    10.3646    -0.1366    0.87735    0.87585          1     7.3325     6.7831       9.97     0.0299  4.924e-11  1.000e-12  2.031e+00     6.9556     6.9688     0.0132     5.0792     5.1047     25.263     25.842      0.257    1458.20    1457.69  0.000e+00
       2633     26.000    10.2899     9.9359    -0.3539    0.87450    0.87022          1     7.3150     6.7093       9.97     0.0301  4.924e-11  1.000e-12  2.031e+00     6.9714     7.0026     0.0312     5.1149     5.1773     25.759     26.349      0.254    1457.41    1456.07  0.000e+00
       2677     26.500    10.0918     9.5498    -0.5421    0.87218    0.86489          1     7.2780     6.7566       9.97     0.0282  4.924e-11  1.000e-12  2.031e+00     6.9894     7.0311     0.0417     5.1505     5.2393     26.254     26.856      0.272    1456.67    1454.60  0.000e+00
       2726     27.000     9.6885     9.2493    -0.4391    0.86606    0.86103          1     7.2433     6.7746       9.97     0.0264  4.924e-11  1.000e-12  2.031e+00     7.0143     7.0560     0.0417     5.2121     5.2884     26.749     27.362      0.231    1455.13    1453.45  0.000e+00
       2773     27.500     9.2757     9.0359    -0.2401    0.86050    0.85782          1     7.3283     6.7911       9.97     0.0249  4.924e-11  1.000e-12  2.031e+00     7.0461     7.0697     0.0236     5.2782     5.3196     27.244     27.869      0.305    1453.55    1452.63  0.000e+00
       2812     28.000     9.1323     8.7627    -0.3695    0.85872    0.85458          1     7.3255     6.8146       9.97     0.0233  4.924e-11  1.000e-12  2.031e+00     7.0585     7.0951     0.0366     5.3017     5.3646     27.740     28.375      0.271    1453.01    1451.57  0.000e+00
       2868     28.500     8.7414     8.3306    -0.4113    0.85358    0.84830          1     7.2680     6.8885       9.97     0.0242  4.924e-11  1.000e-12  2.031e+00     7.0904     7.1254     0.0350     5.3626     5.4262     28.235     28.882      0.209    1451.49    1449.87  0.000e+00
       2914     29.000     8.0616     7.9127    -0.1489    0.84277    0.84192          1     7.2428     6.7887       9.97     0.0233  4.924e-11  1.000e-12  2.031e+00     7.1297     7.1523     0.0226     5.4519     5.4815     28.730     29.388      0.318    1448.79    1448.21  0.000e+00
