ctdpy/exports/archive_20191120_135557/received_data/SBE09_0827_20180124_1511_26_01_0189.cnv
* Sea-Bird SBE 9 Data File:
* FileName = D:\CTD_SBE911\DAT\26DA.2018.1.89.hex
* Software Version Seasave V 7.21d
* Temperature SN = 034757
* Conductivity SN = 041844
* Number of Bytes Per Scan = 48
* Number of Voltage Words = 5
* Number of Scans Averaged by the Deck Unit = 1
* NMEA Latitude = 57 19.18 N
* NMEA Longitude = 011 33.84 E
* NMEA UTC (Time) = Jan 24 2018  15:11:49
* NMEA baud rate = 4800
** Ship: DANA
** Average sound velocity: 1472.56 m/s
** True-depth calculation Thu, 28 Mar 2019 08:28:39 +0000
** CTD Python Module SMHI /ver 3-12/ feb 2012 
** LIMS Job: 20182601-0189
** Nidingen
** Operator: Ronny Sørensen
** Cruise: 01/2018
# nquan = 26
# nvalues = 119                         
# units = specified
# name 0 = scan: Scan Count
# name 1 = prDM: Pressure, Digiquartz [db]
# name 2 = t090C: Temperature [ITS-90, deg C]
# name 3 = t190C: Temperature, 2 [ITS-90, deg C]
# name 4 = T2-T190C: Temperature Difference, 2 - 1 [ITS-90, deg C]
# name 5 = c0S/m: Conductivity [S/m]
# name 6 = c1S/m: Conductivity, 2 [S/m]
# name 7 = pumps: Pump Status
# name 8 = sbeox1ML/L: Oxygen, SBE 43, 2 [ml/l]
# name 9 = sbeox0ML/L: Oxygen, SBE 43 [ml/l]
# name 10 = altM: Altimeter [m]
# name 11 = chloroflTC0: Chlorophyll, Turner Cyclops [ug/l]
# name 12 = cpar: CPAR/Corrected Irradiance [%]
# name 13 = par: PAR/Irradiance, Biospherical/Lico [µE/(cm^2*s)]
# name 14 = spar: SPAR, Biospherical/Licor
# name 15 = sal00: Salinity, Practical [PSU]
# name 16 = sal11: Salinity, Practical, 2 [PSU]
# name 17 = secS-priS: Salinity, Practical, Difference, 2 - 1 [PSU]
# name 18 = sigma-t00: Density [sigma-t, kg/m^3 ]
# name 19 = sigma-t11: Density, 2 [sigma-t, kg/m^3 ]
# name 20 = depSM: Depth [salt water, m], lat = 57.3197
# name 21 = depFM: Depth [true depth, m], lat = 57.3197
# name 22 = dz/dtM: Descent Rate [m/s], WS = 2
# name 23 = svCM: Sound Velocity [Chen-Millero, m/s]
# name 24 = svCM1: Sound Velocity, 2 [Chen-Millero, m/s]
# name 25 = flag: flag
# span 0 =         82,       7083       
# span 1 =      2.500,     61.500       
# span 2 =     4.2469,     8.0029       
# span 3 =     4.2460,     8.0024       
# span 4 =    -0.0134,     0.2063       
# span 5 =   2.286733,   3.582261       
# span 6 =   2.286339,   3.582015       
# span 7 =          1,          1       
# span 8 =     5.4456,     7.0537       
# span 9 =     5.6376,     7.1207       
# span 10 =       1.71,       9.95      
# span 11 =     0.0195,     0.0525      
# span 12 = -1.419e-04, 1.9384e+00      
# span 13 = -1.152e-05, 1.5746e-01      
# span 14 = 5.9984e+00, 8.1233e+00      
# span 15 =    23.5397,    34.5491      
# span 16 =    23.5358,    34.5470      
# span 17 =    -0.4071,     0.0103      
# span 18 =    18.6647,    26.9193      
# span 19 =    18.6616,    26.9177      
# span 20 =      2.477,     60.924      
# span 21 =      2.500,     61.160      
# span 22 =      0.135,      1.002      
# span 23 =    1453.08,    1482.94      
# span 24 =    1453.07,    1482.93      
# span 25 = 0.0000e+00, 0.0000e+00      
# interval = decibars: 0.5              
# start_time = Jan 24 2018 15:11:49 [NMEA time, first data scan]
# bad_flag = -9.990e-29
*END*
[from data line 56]
       3419     30.500     6.6341     6.6245    -0.0098    3.37218    3.37003          1     5.8938     6.0601       9.95     0.0354  1.641e-11  1.000e-12  6.093e+00    33.6241    33.6098    -0.0143    26.3840    26.3740     30.217     30.408      0.234    1476.01    1475.95  0.000e+00
       3464     31.000     6.8389     6.9020     0.0634    3.40361    3.40306          1     5.9246     6.0025       9.95     0.0361  1.641e-11  1.000e-12  6.093e+00    33.7696    33.7014    -0.0682    26.4713    26.4091     30.712     30.904      0.335    1477.00    1477.16  0.000e+00
       3499     31.500     6.9625     6.9905     0.0279    3.41785    3.41819          1     5.8485     5.9598       9.95     0.0366  1.641e-11  1.000e-12  6.093e+00    33.8043    33.7806    -0.0237    26.4820    26.4595     31.207     31.400      0.316    1477.53    1477.61  0.000e+00
       3542     32.000     7.1266     7.1985     0.0720    3.43899    3.43893          1     5.8300     5.9359       9.95     0.0362  1.641e-11  1.000e-12  6.093e+00    33.8745    33.8033    -0.0712    26.5147    26.4487     31.703     31.897      0.261    1478.26    1478.45  0.000e+00
       3585     32.500     7.3411     7.3901     0.0488    3.46400    3.46350          1     5.8292     5.8817       9.95     0.0366  1.641e-11  1.000e-12  6.093e+00    33.9366    33.8833    -0.0534    26.5338    26.4849     32.198     32.393      0.305    1479.18    1479.30  0.000e+00
       3624     33.000     7.3777     7.3744    -0.0032    3.46981    3.46853          1     5.7856     5.8656       9.95     0.0367  1.641e-11  1.000e-12  6.093e+00    33.9636    33.9530    -0.0106    26.5499    26.5420     32.693     32.889      0.289    1479.36    1479.33  0.000e+00
       3670     33.500     7.3602     7.3579    -0.0023    3.46937    3.46742          1     5.8211     5.8935       9.95     0.0361  1.641e-11  1.000e-12  6.093e+00    33.9759    33.9569    -0.0190    26.5620    26.5474     33.189     33.385      0.259    1479.32    1479.28  0.000e+00
       3712     34.000     7.3559     7.3563     0.0005    3.46919    3.46771          1     5.8069     5.8918       9.95     0.0371  1.641e-11  1.000e-12  6.093e+00    33.9779    33.9614    -0.0165    26.5642    26.5511     33.684     33.881      0.312    1479.31    1479.29  0.000e+00
       3754     34.500     7.3636     7.3711     0.0075    3.47086    3.47024          1     5.7628     5.8888       9.95     0.0370  1.641e-11  1.000e-12  6.093e+00    33.9882    33.9742    -0.0140    26.5712    26.5591     34.179     34.377      0.231    1479.36    1479.37  0.000e+00
       3821     35.000     7.3740     7.3803     0.0062    3.47332    3.47180          1     5.7258     5.8898       9.95     0.0366  1.641e-11  1.000e-12  6.093e+00    34.0046    33.9818    -0.0227    26.5826    26.5638     34.675     34.873      0.393    1479.43    1479.42  0.000e+00
       3842     35.500     7.4124     7.4175     0.0052    3.47835    3.47664          1     5.7184     5.8853       9.95     0.0369  1.641e-11  1.000e-12  6.093e+00    34.0214    33.9977    -0.0237    26.5904    26.5710     35.170     35.369      0.501    1479.61    1479.60  0.000e+00
       3890     36.000     7.4413     7.4428     0.0015    3.48239    3.48090          1     5.7536     5.8683       9.95     0.0376  1.641e-11  1.000e-12  6.093e+00    34.0366    34.0189    -0.0178    26.5983    26.5841     35.665     35.865      0.326    1479.74    1479.73  0.000e+00
       3957     36.500     7.4419     7.4444     0.0025    3.48462    3.48268          1     5.7745     5.8651       9.95     0.0372  1.641e-11  1.000e-12  6.093e+00    34.0599    34.0365    -0.0235    26.6165    26.5977     36.161     36.361      0.522    1479.78    1479.76  0.000e+00
       3976     37.000     7.4651     7.4708     0.0057    3.48878    3.48775          1     5.7258     5.8564       9.95     0.0380  1.641e-11  1.000e-12  6.093e+00    34.0822    34.0653    -0.0169    26.6307    26.6166     36.656     36.857      0.534    1479.91    1479.91  0.000e+00
       4003     37.500     7.4723     7.4820     0.0098    3.49080    3.49098          1     5.7351     5.8503       9.95     0.0372  1.641e-11  1.000e-12  6.093e+00    34.0967    34.0891    -0.0076    26.6411    26.6337     37.151     37.354      0.308    1479.96    1479.99  0.000e+00
       4070     38.000     7.4961     7.4983     0.0022    3.49472    3.49382          1     5.7457     5.8464       9.95     0.0381  1.641e-11  1.000e-12  6.093e+00    34.1156    34.1037    -0.0120    26.6526    26.6429     37.647     37.850      0.284    1480.08    1480.08  0.000e+00
       4103     38.500     7.5035     7.5056     0.0021    3.49579    3.49502          1     5.6908     5.8440       9.95     0.0386  1.641e-11  1.000e-12  6.093e+00    34.1197    34.1092    -0.0104    26.6547    26.6462     38.142     38.346      0.357    1480.13    1480.12  0.000e+00
       4150     39.000     7.5164     7.5223     0.0058    3.49799    3.49756          1     5.6915     5.8362       9.95     0.0387  1.641e-11  1.000e-12  6.093e+00    34.1306    34.1201    -0.0105    26.6615    26.6524     38.637     38.842      0.222    1480.20    1480.21  0.000e+00
       4205     39.500     7.5410     7.5450     0.0041    3.50224    3.50171          1     5.6730     5.8355       9.95     0.0382  1.641e-11  1.000e-12  6.093e+00    34.1522    34.1426    -0.0096    26.6750    26.6668     39.132     39.338      0.332    1480.33    1480.33  0.000e+00
       4236     40.000     7.5464     7.5505     0.0040    3.50335    3.50289          1     5.6949     5.8276       9.95     0.0390  1.641e-11  1.000e-12  6.093e+00    34.1586    34.1497    -0.0089    26.6792    26.6716     39.628     39.834      0.340    1480.36    1480.37  0.000e+00
       4286     40.500     7.5562     7.5579     0.0017    3.50495    3.50445          1     5.7360     5.8254       9.95     0.0379  1.641e-11  1.000e-12  6.093e+00    34.1662    34.1590    -0.0071    26.6837    26.6779     40.123     40.330      0.237    1480.42    1480.42  0.000e+00
       4328     41.000     7.5601     7.5600    -0.0000    3.50568    3.50504          1     5.7450     5.8328       9.95     0.0387  1.641e-11  1.000e-12  6.093e+00    34.1700    34.1631    -0.0069    26.6862    26.6808     40.618     40.826      0.396    1480.45    1480.44  0.000e+00
       4356     41.500     7.5601     7.5597    -0.0004    3.50569    3.50510          1     5.7526     5.8287       9.95     0.0391  1.641e-11  1.000e-12  6.093e+00    34.1699    34.1638    -0.0061    26.6862    26.6814     41.114     41.322      0.385    1480.45    1480.45  0.000e+00
       4394     42.000     7.5601     7.5607     0.0006    3.50576    3.50524          1     5.7083     5.8190       9.95     0.0391  1.641e-11  1.000e-12  6.093e+00    34.1703    34.1641    -0.0062    26.6865    26.6815     41.609     41.818      0.286    1480.46    1480.46  0.000e+00
       4439     42.500     7.5841     7.6085     0.0245    3.50963    3.51099          1     5.7044     5.8135       9.95     0.0391  1.641e-11  1.000e-12  6.093e+00    34.1884    34.1791    -0.0093    26.6973    26.6864     42.104     42.314      0.243    1480.59    1480.67  0.000e+00
       4495     43.000     7.6501     7.6705     0.0206    3.51992    3.52144          1     5.7243     5.7942       9.95     0.0388  1.641e-11  1.000e-12  6.093e+00    34.2346    34.2309    -0.0037    26.7240    26.7182     42.599     42.810      0.243    1480.90    1480.98  0.000e+00
       4533     43.500     7.6723     7.6875     0.0152    3.52343    3.52383          1     5.7007     5.7820       9.95     0.0392  1.641e-11  1.000e-12  6.093e+00    34.2504    34.2398    -0.0106    26.7332    26.7226     43.095     43.306      0.400    1481.02    1481.06  0.000e+00
       4563     44.000     7.7009     7.7041     0.0033    3.52766    3.52689          1     5.6950     5.7766       9.95     0.0396  1.641e-11  1.000e-12  6.093e+00    34.2677    34.2562    -0.0116    26.7427    26.7331     43.590     43.802      0.332    1481.16    1481.15  0.000e+00
       4622     44.500     7.7087     7.7099     0.0012    3.52882    3.52814          1     5.6504     5.7838       9.95     0.0391  1.641e-11  1.000e-12  6.093e+00    34.2723    34.2638    -0.0084    26.7451    26.7383     44.085     44.298      0.251    1481.20    1481.19  0.000e+00
       4663     45.000     7.7302     7.7391     0.0089    3.53266    3.53163          1     5.6529     5.7791       9.95     0.0398  1.641e-11  1.000e-12  6.093e+00    34.2923    34.2724    -0.0199    26.7577    26.7408     44.581     44.794      0.451    1481.31    1481.32  0.000e+00
       4687     45.500     7.7517     7.7647     0.0130    3.53614    3.53600          1     5.6841     5.7686       9.95     0.0403  1.641e-11  1.000e-12  6.093e+00    34.3085    34.2942    -0.0142    26.7673    26.7542     45.076     45.290      0.431    1481.42    1481.45  0.000e+00
       4737     46.000     7.7731     7.7791     0.0060    3.53950    3.53949          1     5.6746     5.7604       9.95     0.0396  1.641e-11  1.000e-12  6.093e+00    34.3234    34.3173    -0.0061    26.7759    26.7702     45.571     45.786      0.245    1481.53    1481.55  0.000e+00
       4790     46.500     7.7788     7.7798     0.0009    3.54043    3.53989          1     5.6731     5.7539       9.95     0.0399  1.641e-11  1.000e-12  6.093e+00    34.3275    34.3207    -0.0068    26.7783    26.7728     46.067     46.282      0.389    1481.57    1481.56  0.000e+00
       4820     47.000     7.7827     7.7847     0.0020    3.54119    3.54066          1     5.6676     5.7603       9.95     0.0399  1.641e-11  1.000e-12  6.093e+00    34.3317    34.3239    -0.0078    26.7810    26.7746     46.562     46.778      0.314    1481.60    1481.59  0.000e+00
       4879     47.500     7.7927     7.7949     0.0021    3.54283    3.54228          1     5.6726     5.7625       9.95     0.0402  1.641e-11  1.000e-12  6.093e+00    34.3393    34.3312    -0.0081    26.7855    26.7788     47.057     47.274      0.281    1481.65    1481.65  0.000e+00
       4914     48.000     7.8079     7.8096     0.0017    3.54529    3.54459          1     5.6591     5.7570       9.95     0.0401  1.641e-11  1.000e-12  6.093e+00    34.3506    34.3413    -0.0093    26.7922    26.7846     47.552     47.770      0.395    1481.73    1481.73  0.000e+00
       4947     48.500     7.8185     7.8235     0.0050    3.54752    3.54702          1     5.6607     5.7528       9.95     0.0400  1.641e-11  1.000e-12  6.093e+00    34.3639    34.3536    -0.0103    26.8011    26.7922     48.048     48.266      0.270    1481.80    1481.80  0.000e+00
       5012     49.000     7.8434     7.8463     0.0029    3.55167    3.55131          1     5.6212     5.7429       9.95     0.0406  1.641e-11  1.000e-12  6.093e+00    34.3838    34.3770    -0.0067    26.8130    26.8073     48.543     48.762      0.271    1481.92    1481.92  0.000e+00
       5047     49.500     7.8491     7.8498     0.0007    3.55255    3.55205          1     5.6232     5.7409       9.95     0.0415  1.641e-11  1.000e-12  6.093e+00    34.3874    34.3814    -0.0060    26.8151    26.8102     49.038     49.258      0.298    1481.96    1481.95  0.000e+00
       5098     50.000     7.8505     7.8538     0.0033    3.55282    3.55261          1     5.5672     5.7376       9.95     0.0419  1.641e-11  1.000e-12  6.093e+00    34.3887    34.3832    -0.0055    26.8159    26.8111     49.533     49.754      0.239    1481.97    1481.98  0.000e+00
       5138     50.500     7.8582     7.8590     0.0008    3.55381    3.55335          1     5.5694     5.7314       9.95     0.0427  1.641e-11  1.000e-12  6.093e+00    34.3915    34.3858    -0.0056    26.8169    26.8124     50.029     50.250      0.361    1482.01    1482.01  0.000e+00
       5172     51.000     7.8628     7.8632     0.0004    3.55443    3.55394          1     5.6128     5.7302       9.95     0.0418  1.641e-11  1.000e-12  6.093e+00    34.3934    34.3877    -0.0058    26.8178    26.8132     50.524     50.746      0.300    1482.04    1482.04  0.000e+00
       5223     51.500     7.8658     7.8662     0.0003    3.55491    3.55453          1     5.6350     5.7358       9.95     0.0414  1.641e-11  1.000e-12  6.093e+00    34.3954    34.3909    -0.0045    26.8189    26.8153     51.019     51.242      0.229    1482.07    1482.06  0.000e+00
       5267     52.000     7.8669     7.8669    -0.0000    3.55515    3.55476          1     5.6261     5.7319       9.95     0.0416  1.641e-11  1.000e-12  6.093e+00    34.3966    34.3924    -0.0042    26.8197    26.8164     51.515     51.738      0.311    1482.08    1482.07  0.000e+00
       5312     52.500     7.8706     7.8725     0.0019    3.55581    3.55561          1     5.5725     5.7333       9.95     0.0420  1.641e-11  1.000e-12  6.093e+00    34.3998    34.3958    -0.0041    26.8217    26.8182     52.010     52.234      0.231    1482.10    1482.11  0.000e+00
       5361     53.000     7.8774     7.8793     0.0019    3.55720    3.55700          1     5.5317     5.7263       9.95     0.0416  1.641e-11  1.000e-12  6.093e+00    34.4079    34.4039    -0.0040    26.8270    26.8236     52.505     52.730      0.268    1482.15    1482.15  0.000e+00
       5406     53.500     7.8820     7.8833     0.0012    3.55806    3.55783          1     5.5609     5.7182       9.95     0.0419  1.641e-11  1.000e-12  6.093e+00    34.4123    34.4086    -0.0037    26.8297    26.8267     53.000     53.226      0.287    1482.18    1482.18  0.000e+00
       5442     54.000     7.8850     7.8853     0.0004    3.55861    3.55830          1     5.5425     5.7264       9.85     0.0426  1.641e-11  1.000e-12  6.093e+00    34.4151    34.4114    -0.0038    26.8316    26.8285     53.496     53.721      0.364    1482.20    1482.20  0.000e+00
       5478     54.500     7.8934     7.8958     0.0024    3.56040    3.55973          1     5.5122     5.7186       9.41     0.0429  1.641e-11  1.000e-12  6.093e+00    34.4258    34.4162    -0.0096    26.8387    26.8308     53.991     54.217      0.251    1482.26    1482.25  0.000e+00
       5550     55.000     7.9195     7.9223     0.0027    3.56581    3.56559          1     5.5728     5.7053       8.99     0.0412  1.641e-11  1.000e-12  6.093e+00    34.4579    34.4528    -0.0051    26.8601    26.8557     54.486     54.713      0.273    1482.40    1482.41  0.000e+00
       5587     55.500     7.9309     7.9342     0.0033    3.56821    3.56774          1     5.5475     5.6992       8.56     0.0401  1.641e-11  1.000e-12  6.093e+00    34.4723    34.4639    -0.0083    26.8696    26.8626     54.981     55.209      0.357    1482.47    1482.47  0.000e+00
       5631     56.000     7.9545     7.9575     0.0030    3.57294    3.57234          1     5.5089     5.6769       7.95     0.0405  1.641e-11  1.000e-12  6.093e+00    34.4995    34.4901    -0.0094    26.8876    26.8797     55.477     55.705      0.229    1482.60    1482.60  0.000e+00
       5701     56.500     7.9670     7.9664    -0.0007    3.57528    3.57478          1     5.4656     5.6746       7.47     0.0429  1.641e-11  1.000e-12  6.093e+00    34.5121    34.5073    -0.0047    26.8955    26.8919     55.972     56.201      0.351    1482.67    1482.66  0.000e+00
       5727     57.000     7.9693     7.9765     0.0071    3.57590    3.57594          1     5.4710     5.6597       6.98     0.0440  1.641e-11  1.000e-12  6.093e+00    34.5162    34.5096    -0.0065    26.8984    26.8922     56.467     56.697      0.416    1482.70    1482.71  0.000e+00
       5768     57.500     7.9843     7.9892     0.0049    3.57877    3.57905          1     5.4691     5.6390       6.48     0.0451  1.641e-11  1.000e-12  6.093e+00    34.5320    34.5301    -0.0018    26.9086    26.9064     56.962     57.193      0.239    1482.78    1482.80  0.000e+00
