ctdpy/exports/archive_20191120_135557/received_data/SBE09_1044_20180531_1457_34_07_0051.cnv
* Sea-Bird SBE 9 Data File:
* FileName = C:\ctd\temp\2018\AU18D051.hex
* Software Version Seasave V 7.26.6.26
* Temperature SN = 5351
* Conductivity SN = 3941
* Number of Bytes Per Scan = 41
* Number of Voltage Words = 4
* Number of Scans Averaged by the Deck Unit = 1
* NMEA Latitude = 58 52.92 N
* NMEA Longitude = 020 19.69 E
* NMEA UTC (Time) = May 31 2018  14:57:02
* NMEA baud rate = 4800
** Station:  BY29
** Operator:  JKro
** Ship: AURA
** Average sound velocity: 1442.72 m/s
** True-depth calculation Thu, 31 May 2018 17:10:26 +0000
** CTD Python Module SMHI /ver 3-12/ feb 2012 
** LIMS Job: 20183407-0051
** Cruise: SMHI-02-2018
** Latitude [GG MM.mm N] :
** Longitude [GG MM.mm E]:
# nquan = 26
# nvalues = 341                         
# units = specified
# name 0 = scan: Scan Count
# name 1 = prDM: Pressure, Digiquartz [db]
# name 2 = t090C: Temperature [ITS-90, deg C]
# name 3 = t190C: Temperature, 2 [ITS-90, deg C]
# name 4 = T2-T190C: Temperature Difference, 2 - 1 [ITS-90, deg C]
# name 5 = c0S/m: Conductivity [S/m]
# name 6 = c1S/m: Conductivity, 2 [S/m]
# name 7 = pumps: Pump Status
# name 8 = sbeox0ML/L: Oxygen, SBE 43 [ml/l]
# name 9 = sbeox1ML/L: Oxygen, SBE 43, 2 [ml/l]
# name 10 = altM: Altimeter [m]
# name 11 = flECO-AFL: Chl-a Fluorescence, WET Labs ECO-AFL/FL [mg/m^3]
# name 12 = flECO-AFL1: Phycocyanin Fluorescence, WET Labs ECO-AFL/FL, 2 [mg/m^3]
# name 13 = par: PAR/Irradiance, Biospherical/Lico [µE/(cm^2*s)]
# name 14 = turbWETntu0: Turbidity, WET Labs ECO [NTU]
# name 15 = sal00: Salinity, Practical [PSU]
# name 16 = sal11: Salinity, Practical, 2 [PSU]
# name 17 = secS-priS: Salinity, Practical, Difference, 2 - 1 [PSU]
# name 18 = sigma-t00: Density [sigma-t, Kg/m^3 ]
# name 19 = sigma-t11: Density, 2 [sigma-t, Kg/m^3 ]
# name 20 = depSM: Depth [salt water, m], lat = 58.882
# name 21 = depFM: Depth [true depth, m], lat = 58.882
# name 22 = dz/dtM: Descent Rate [m/s], WS = 2
# name 23 = svCM: Sound Velocity [Chen-Millero, m/s]
# name 24 = svCM1: Sound Velocity, 2 [Chen-Millero, m/s]
# name 25 = flag: flag
# span 0 =      10349,      19992       
# span 1 =      0.500,    170.500       
# span 2 =     2.3580,    14.1782       
# span 3 =     2.3645,    14.1773       
# span 4 =    -0.0102,     0.1930       
# span 5 =   0.688033,   1.287009       
# span 6 =   0.688190,   1.287000       
# span 7 =          1,          1       
# span 8 =    0.02317,    9.82712       
# span 9 =    0.02083,   10.18106       
# span 10 =       2.97,     104.07      
# span 11 =     0.2516,     6.4323      
# span 12 =     0.1582,     0.6515      
# span 13 = -1.888e-06, 5.0629e+02      
# span 14 =     0.1181,     0.5280      
# span 15 =     6.5867,    11.7817      
# span 16 =     6.5787,    11.7812      
# span 17 =    -0.0092,     0.0027      
# span 18 =     4.4030,     9.2283      
# span 19 =     4.4029,     9.2279      
# span 20 =      0.495,    168.838      
# span 21 =      0.507,    172.363      
# span 22 =     -0.203,      0.623      
# span 23 =    1423.30,    1471.06      
# span 24 =    1423.33,    1471.05      
# span 25 = 0.0000e+00, 0.0000e+00      
# interval = decibars: 0.5              
# start_time = May 31 2018 14:57:02 [NMEA time, first data scan]
# bad_flag = -9.990e-29
*END*
[from data line 223]
      16290    112.000     6.1911     6.1920     0.0009    1.22513    1.22511          1     0.0434     0.0357      63.93     0.3330     0.2678  1.000e-12  0.2895000    11.2498    11.2493    -0.0005     8.8247     8.8243    110.924    113.316      0.411    1447.48    1447.49  0.000e+00
      16319    112.500     6.1924     6.1932     0.0009    1.22549    1.22547          1     0.0436     0.0379      63.23     0.3130     0.1883  1.000e-12  0.2931000    11.2529    11.2525    -0.0005     8.8271     8.8266    111.419    113.821      0.412    1447.50    1447.51  0.000e+00
      16348    113.000     6.1937     6.1946     0.0008    1.22602    1.22600          1     0.0441     0.0370      62.53     0.3205     0.2446  1.000e-12  0.2917000    11.2577    11.2572    -0.0005     8.8307     8.8303    111.914    114.326      0.426    1447.52    1447.53  0.000e+00
      16375    113.500     6.1947     6.1956     0.0009    1.22671    1.22668          1     0.0419     0.0352      61.98     0.4020     0.2319  1.000e-12  0.3097000    11.2641    11.2635    -0.0006     8.8357     8.8352    112.409    114.831      0.424    1447.54    1447.55  0.000e+00
      16405    114.000     6.1986     6.1993     0.0007    1.22751    1.22747          1     0.0415     0.0350      61.45     0.3153     0.2271  1.000e-12  0.2924000    11.2707    11.2701    -0.0006     8.8406     8.8401    112.904    115.336      0.401    1447.58    1447.58  0.000e+00
      16435    114.500     6.2022     6.2030     0.0008    1.22843    1.22839          1     0.0433     0.0355      60.95     0.3506     0.2203  1.000e-12  0.2953000    11.2785    11.2778    -0.0006     8.8465     8.8459    113.399    115.840      0.397    1447.61    1447.61  0.000e+00
      16464    115.000     6.2041     6.2049     0.0008    1.22919    1.22917          1     0.0433     0.0358      60.47     0.3697     0.2338  1.000e-12  0.3099000    11.2854    11.2849    -0.0005     8.8518     8.8513    113.894    116.345      0.425    1447.63    1447.64  0.000e+00
      16492    115.500     6.2059     6.2066     0.0008    1.22991    1.22988          1     0.0408     0.0334      60.17     0.3224     0.2302  1.000e-12  0.3117000    11.2918    11.2913    -0.0005     8.8567     8.8562    114.389    116.850      0.426    1447.66    1447.66  0.000e+00
      16521    116.000     6.2074     6.2082     0.0008    1.23028    1.23025          1     0.0415     0.0370      59.48     0.3290     0.2416  1.000e-12  0.3158000    11.2949    11.2943    -0.0006     8.8591     8.8586    114.884    117.355      0.405    1447.67    1447.68  0.000e+00
      16551    116.500     6.2084     6.2093     0.0008    1.23069    1.23065          1     0.0396     0.0329      58.73     0.3238     0.2632  1.000e-12  0.3146000    11.2985    11.2979    -0.0007     8.8618     8.8613    115.379    117.860      0.408    1447.69    1447.69  0.000e+00
      16580    117.000     6.2144     6.2149     0.0005    1.23205    1.23197          1     0.0407     0.0337      58.17     0.3255     0.2548  1.000e-12  0.3015000    11.3099    11.3089    -0.0010     8.8704     8.8696    115.875    118.364      0.414    1447.74    1447.74  0.000e+00
      16609    117.500     6.2190     6.2198     0.0008    1.23345    1.23342          1     0.0386     0.0332      57.71     0.3242     0.1919  1.000e-12  0.2977000    11.3222    11.3216    -0.0006     8.8797     8.8792    116.370    118.869      0.409    1447.78    1447.78  0.000e+00
      16638    118.000     6.2211     6.2219     0.0008    1.23413    1.23411          1     0.0391     0.0337      57.24     0.2960     0.2011  1.000e-12  0.2900000    11.3282    11.3277    -0.0005     8.8843     8.8839    116.865    119.374      0.423    1447.81    1447.81  0.000e+00
      16666    118.500     6.2240     6.2249     0.0008    1.23485    1.23484          1     0.0400     0.0334      56.46     0.3245     0.2387  1.000e-12  0.2801000    11.3343    11.3338    -0.0005     8.8889     8.8885    117.360    119.879      0.414    1447.83    1447.84  0.000e+00
      16696    119.000     6.2251     6.2260     0.0009    1.23539    1.23538          1     0.0374     0.0337      55.82     0.3347     0.2866  1.000e-12  0.2772000    11.3391    11.3387    -0.0004     8.8927     8.8923    117.855    120.383      0.403    1447.85    1447.86  0.000e+00
      16725    119.500     6.2256     6.2265     0.0010    1.23580    1.23580          1     0.0391     0.0342      55.25     0.3811     0.2518  1.000e-12  0.3325000    11.3430    11.3427    -0.0003     8.8957     8.8954    118.350    120.888      0.418    1447.87    1447.87  0.000e+00
      16754    120.000     6.2274     6.2284     0.0010    1.23633    1.23634          1     0.0399     0.0332      54.74     0.3450     0.2727  1.000e-12  0.3297000    11.3476    11.3473    -0.0003     8.8992     8.8988    118.845    121.393      0.420    1447.89    1447.89  0.000e+00
      16783    120.500     6.2301     6.2309     0.0007    1.23714    1.23712          1     0.0371     0.0332      54.21     0.3112     0.2940  1.000e-12  0.2919000    11.3546    11.3541    -0.0005     8.9045     8.9041    119.340    121.898      0.418    1447.92    1447.92  0.000e+00
      16811    121.000     6.2379     6.2383     0.0004    1.23876    1.23864          1     0.0383     0.0342      53.93     0.3236     0.2172  1.000e-12  0.3120000    11.3679    11.3667    -0.0013     8.9145     8.9134    119.835    122.403      0.414    1447.98    1447.98  0.000e+00
      16841    121.500     6.2408     6.2415     0.0007    1.23981    1.23969          1     0.0394     0.0334      53.70     0.3470     0.2110  1.000e-12  0.3100000    11.3773    11.3759    -0.0014     8.9216     8.9205    120.330    122.907      0.412    1448.01    1448.01  0.000e+00
      16870    122.000     6.2407     6.2417     0.0010    1.23993    1.23989          1     0.0386     0.0336      52.69     0.3287     0.2595  1.000e-12  0.3102000    11.3784    11.3778    -0.0007     8.9225     8.9219    120.825    123.412      0.413    1448.02    1448.02  0.000e+00
      16899    122.500     6.2403     6.2413     0.0010    1.23996    1.23994          1     0.0379     0.0319      52.09     0.3268     0.2677  1.000e-12  0.2967000    11.3788    11.3783    -0.0005     8.9228     8.9224    121.320    123.917      0.409    1448.02    1448.03  0.000e+00
      16928    123.000     6.2415     6.2422     0.0007    1.24046    1.24037          1     0.0375     0.0339      51.61     0.3429     0.1939  1.000e-12  0.2962000    11.3832    11.3822    -0.0011     8.9262     8.9254    121.815    124.422      0.428    1448.04    1448.04  0.000e+00
      16955    123.500     6.2471     6.2479     0.0008    1.24166    1.24163          1     0.0375     0.0336      51.09     0.3224     0.2323  1.000e-12  0.2967000    11.3932    11.3927    -0.0005     8.9337     8.9332    122.310    124.926      0.428    1448.09    1448.09  0.000e+00
      16984    124.000     6.2492     6.2501     0.0009    1.24208    1.24205          1     0.0372     0.0329      50.51     0.3132     0.2249  1.000e-12  0.3130000    11.3966    11.3960    -0.0006     8.9362     8.9357    122.805    125.431      0.401    1448.11    1448.11  0.000e+00
      17014    124.500     6.2541     6.2548     0.0007    1.24337    1.24332          1     0.0364     0.0334      50.03     0.3129     0.1777  1.000e-12  0.3221000    11.4077    11.4069    -0.0008     8.9446     8.9440    123.300    125.936      0.413    1448.15    1448.15  0.000e+00
      17043    125.000     6.2605     6.2611     0.0006    1.24509    1.24502          1     0.0386     0.0319      49.51     0.3233     0.2064  1.000e-12  0.3376000    11.4225    11.4215    -0.0010     8.9558     8.9550    123.795    126.441      0.418    1448.20    1448.20  0.000e+00
      17072    125.500     6.2681     6.2688     0.0007    1.24726    1.24718          1     0.0350     0.0327      48.99     0.3154     0.2584  1.000e-12  0.3260000    11.4414    11.4403    -0.0010     8.9701     8.9693    124.290    126.945      0.411    1448.27    1448.27  0.000e+00
      17100    126.000     6.2735     6.2742     0.0007    1.24894    1.24885          1     0.0340     0.0314      48.48     0.3261     0.2478  1.000e-12  0.3193000    11.4561    11.4550    -0.0011     8.9814     8.9805    124.785    127.450      0.436    1448.32    1448.32  0.000e+00
      17128    126.500     6.2783     6.2790     0.0007    1.25045    1.25035          1     0.0360     0.0304      48.04     0.3343     0.3189  1.000e-12  0.3132000    11.4693    11.4682    -0.0011     8.9915     8.9905    125.280    127.955      0.437    1448.36    1448.36  0.000e+00
      17156    127.000     6.2814     6.2821     0.0008    1.25129    1.25124          1     0.0360     0.0318      47.57     0.3428     0.2663  1.000e-12  0.3039000    11.4766    11.4759    -0.0007     8.9969     8.9963    125.775    128.460      0.413    1448.39    1448.39  0.000e+00
      17186    127.500     6.2867     6.2874     0.0008    1.25279    1.25273          1     0.0340     0.0316      47.09     0.3310     0.2100  1.000e-12  0.3114000    11.4896    11.4888    -0.0009     9.0068     9.0061    126.270    128.964      0.403    1448.44    1448.44  0.000e+00
      17214    128.000     6.2922     6.2930     0.0008    1.25444    1.25440          1     0.0374     0.0293      46.72     0.3234     0.2418  1.000e-12  0.3215000    11.5040    11.5034    -0.0006     9.0178     9.0172    126.765    129.469      0.441    1448.49    1448.49  0.000e+00
      17241    128.500     6.2945     6.2954     0.0008    1.25524    1.25521          1     0.0334     0.0303      46.10     0.3096     0.2132  1.000e-12  0.3017000    11.5111    11.5105    -0.0006     9.0232     9.0226    127.260    129.974      0.441    1448.51    1448.52  0.000e+00
      17270    129.000     6.2978     6.2985     0.0007    1.25629    1.25624          1     0.0336     0.0305      45.44     0.3218     0.2569  1.000e-12  0.3067000    11.5203    11.5195    -0.0007     9.0301     9.0295    127.755    130.478      0.402    1448.55    1448.55  0.000e+00
      17300    129.500     6.3061     6.3065     0.0004    1.25896    1.25886          1     0.0335     0.0290      44.89     0.3234     0.2312  1.000e-12  0.3026000    11.5439    11.5428    -0.0011     9.0481     9.0472    128.250    130.983      0.421    1448.62    1448.62  0.000e+00
      17327    130.000     6.3122     6.3130     0.0008    1.26073    1.26071          1     0.0343     0.0292      44.36     0.3246     0.2230  1.000e-12  0.2978000    11.5593    11.5588    -0.0004     9.0598     9.0594    128.745    131.488      0.455    1448.67    1448.68  0.000e+00
      17353    130.500     6.3150     6.3158     0.0008    1.26145    1.26142          1     0.0340     0.0292      43.95     0.3231     0.2418  1.000e-12  0.3004000    11.5654    11.5648    -0.0006     9.0644     9.0639    129.240    131.993      0.431    1448.70    1448.70  0.000e+00
      17382    131.000     6.3213     6.3221     0.0008    1.26345    1.26342          1     0.0348     0.0296      43.54     0.3213     0.2467  1.000e-12  0.3009000    11.5830    11.5823    -0.0007     9.0778     9.0772    129.735    132.497      0.405    1448.76    1448.76  0.000e+00
      17411    131.500     6.3292     6.3300     0.0008    1.26591    1.26587          1     0.0330     0.0299      43.15     0.3085     0.1886  1.000e-12  0.3023000    11.6046    11.6039    -0.0007     9.0943     9.0937    130.230    133.002      0.443    1448.83    1448.83  0.000e+00
      17437    132.000     6.3346     6.3353     0.0008    1.26765    1.26761          1     0.0336     0.0286      43.29     0.3004     0.2029  1.000e-12  0.3013000    11.6200    11.6193    -0.0007     9.1060     9.1053    130.725    133.507      0.476    1448.88    1448.88  0.000e+00
      17462    132.500     6.3385     6.3395     0.0010    1.26881    1.26880          1     0.0340     0.0288      42.84     0.3085     0.2990  1.000e-12  0.3002000    11.6300    11.6296    -0.0005     9.1136     9.1132    131.220    134.011      0.437    1448.91    1448.92  0.000e+00
      17493    133.000     6.3402     6.3411     0.0009    1.26927    1.26926          1     0.0336     0.0293      42.27     0.3226     0.2455  1.000e-12  0.2942000    11.6339    11.6335    -0.0004     9.1165     9.1161    131.715    134.516      0.384    1448.93    1448.94  0.000e+00
      17523    133.500     6.3419     6.3428     0.0009    1.26970    1.26968          1     0.0338     0.0291      41.83     0.3559     0.2716  1.000e-12  0.2873000    11.6375    11.6370    -0.0005     9.1192     9.1188    132.210    135.021      0.453    1448.95    1448.96  0.000e+00
      17547    134.000     6.3472     6.3481     0.0009    1.27109    1.27107          1     0.0344     0.0288      41.34     0.3206     0.2227  1.000e-12  0.2949000    11.6494    11.6489    -0.0005     9.1282     9.1277    132.705    135.525      0.512    1449.00    1449.00  0.000e+00
      17570    134.500     6.3511     6.3520     0.0008    1.27216    1.27213          1     0.0336     0.0293      40.56     0.3218     0.2636  1.000e-12  0.2921000    11.6585    11.6580    -0.0006     9.1351     9.1346    133.200    136.030      0.492    1449.03    1449.04  0.000e+00
      17596    135.000     6.3564     6.3573     0.0009    1.27358    1.27358          1     0.0346     0.0288      39.86     0.3161     0.2375  1.000e-12  0.2896000    11.6707    11.6704    -0.0003     9.1443     9.1440    133.696    136.535      0.436    1449.08    1449.08  0.000e+00
      17624    135.500     6.3620     6.3628     0.0007    1.27477    1.27473          1     0.0331     0.0290      39.31     0.3406     0.2883  1.000e-12  0.2954000    11.6805    11.6799    -0.0006     9.1516     9.1511    134.191    137.039      0.439    1449.12    1449.13  0.000e+00
      17651    136.000     6.3661     6.3671     0.0010    1.27591    1.27591          1     0.0328     0.0287      38.68     0.4900     0.2222  1.000e-12  0.3658000    11.6903    11.6900    -0.0003     9.1590     9.1587    134.686    137.544      0.466    1449.16    1449.16  0.000e+00
      17676    136.500     6.3675     6.3684     0.0010    1.27635    1.27633          1     0.0327     0.0296      38.02     0.3246     0.2353  1.000e-12  0.3104000    11.6941    11.6936    -0.0005     9.1619     9.1615    135.181    138.049      0.484    1449.18    1449.18  0.000e+00
      17700    137.000     6.3698     6.3708     0.0010    1.27716    1.27715          1     0.0338     0.0294      37.58     0.3284     0.2454  1.000e-12  0.2912000    11.7013    11.7008    -0.0005     9.1674     9.1669    135.676    138.553      0.483    1449.21    1449.21  0.000e+00
      17726    137.500     6.3711     6.3721     0.0010    1.27758    1.27757          1     0.0331     0.0286      37.24     0.3100     0.2244  1.000e-12  0.2662000    11.7049    11.7044    -0.0005     9.1701     9.1697    136.171    139.058      0.455    1449.22    1449.23  0.000e+00
      17753    138.000     6.3718     6.3727     0.0010    1.27774    1.27772          1     0.0330     0.0291      37.00     0.3491     0.2081  1.000e-12  0.2691000    11.7061    11.7056    -0.0005     9.1711     9.1706    136.666    139.563      0.460    1449.24    1449.24  0.000e+00
      17778    138.500     6.3722     6.3732     0.0009    1.27786    1.27784          1     0.0319     0.0291      36.65     0.3110     0.2304  1.000e-12  0.2562000    11.7071    11.7065    -0.0005     9.1718     9.1713    137.161    140.067      0.478    1449.25    1449.25  0.000e+00
      17803    139.000     6.3728     6.3738     0.0009    1.27803    1.27802          1     0.0322     0.0289      36.13     0.3213     0.2707  1.000e-12  0.2584000    11.7084    11.7080    -0.0004     9.1728     9.1724    137.656    140.572      0.454    1449.26    1449.26  0.000e+00
