ctdpy/exports/archive_20191120_135557/received_data/SBE09_0827_20180826_0900_26_01_0901.cnv
* Sea-Bird SBE 9 Data File:
* FileName = D:\CTD_SBE911\DAT\26da.2018.8.101.hex
* Software Version Seasave V 7.21d
* Temperature SN = 034605
* Conductivity SN = 041844
* Number of Bytes Per Scan = 48
* Number of Voltage Words = 5
* Number of Scans Averaged by the Deck Unit = 1
* NMEA Latitude = 57 25.67 N
* NMEA Longitude = 010 48.71 E
* NMEA UTC (Time) = Aug 26 2018  09:03:10
* NMEA baud rate = 4800
** Ship: DANA
** Average sound velocity: 1507.18 m/s
** True-depth calculation Thu, 28 Mar 2019 09:51:17 +0000
** CTD Python Module SMHI /ver 3-12/ feb 2012 
** LIMS Job: 20182601-0901
**  LÆSØ RÆNNA
** Operator: Christian
** Cruise: 08/2018
# nquan = 26
# nvalues = 81                          
# units = specified
# name 0 = scan: Scan Count
# name 1 = prDM: Pressure, Digiquartz [db]
# name 2 = t090C: Temperature [ITS-90, deg C]
# name 3 = t190C: Temperature, 2 [ITS-90, deg C]
# name 4 = T2-T190C: Temperature Difference, 2 - 1 [ITS-90, deg C]
# name 5 = c0S/m: Conductivity [S/m]
# name 6 = c1S/m: Conductivity, 2 [S/m]
# name 7 = pumps: Pump Status
# name 8 = sbeox1ML/L: Oxygen, SBE 43, 2 [ml/l]
# name 9 = sbeox0ML/L: Oxygen, SBE 43 [ml/l]
# name 10 = altM: Altimeter [m]
# name 11 = chloroflTC0: Chlorophyll, Turner Cyclops [ug/l]
# name 12 = cpar: CPAR/Corrected Irradiance [%]
# name 13 = par: PAR/Irradiance, Biospherical/Lico [µE/(cm^2*s)]
# name 14 = spar: SPAR, Biospherical/Licor
# name 15 = sal00: Salinity, Practical [PSU]
# name 16 = sal11: Salinity, Practical, 2 [PSU]
# name 17 = secS-priS: Salinity, Practical, Difference, 2 - 1 [PSU]
# name 18 = sigma-t00: Density [sigma-t, kg/m^3 ]
# name 19 = sigma-t11: Density, 2 [sigma-t, kg/m^3 ]
# name 20 = depSM: Depth [salt water, m], lat = 57.4278
# name 21 = depFM: Depth [true depth, m], lat = 57.4278
# name 22 = dz/dtM: Descent Rate [m/s], WS = 2
# name 23 = svCM: Sound Velocity [Chen-Millero, m/s]
# name 24 = svCM1: Sound Velocity, 2 [Chen-Millero, m/s]
# name 25 = flag: flag
# span 0 =        203,       3917       
# span 1 =      2.000,     42.000       
# span 2 =    13.8152,    17.8141       
# span 3 =    13.8077,    17.8476       
# span 4 =    -0.2990,     0.0666       
# span 5 =   3.923436,   4.207169       
# span 6 =   3.923545,   4.212217       
# span 7 =          1,          1       
# span 8 =     3.5510,     5.8010       
# span 9 =     3.4239,     5.5377       
# span 10 =       1.60,       9.98      
# span 11 =     0.0143,     0.1772      
# span 12 = -4.075e-08, 9.7913e+00      
# span 13 = -7.333e-07, 1.9546e+02      
# span 14 = 1.3273e+03, 2.0865e+03      
# span 15 =    29.5588,    32.7463      
# span 16 =    29.5600,    32.7628      
# span 17 =    -0.0012,     0.2928      
# span 18 =    21.1703,    24.4840      
# span 19 =    21.1713,    24.4958      
# span 20 =      1.982,     41.609      
# span 21 =      1.995,     41.823      
# span 22 =     -0.030,      0.386      
# span 23 =    1500.92,    1511.65      
# span 24 =    1500.90,    1511.90      
# span 25 = 0.0000e+00, 0.0000e+00      
# interval = decibars: 0.5              
# start_time = Aug 26 2018 09:03:11 [NMEA time, first data scan]
# bad_flag = -9.990e-29
*END*
        203      2.000    17.7486    17.7487     0.0001    3.92487    3.92487          1     5.7428     5.5225       9.98     0.0143  9.791e+00  1.955e+02  1.996e+03    29.5688    29.5687    -0.0001    21.1771    21.1770      1.982      1.995      0.386    1508.91    1508.91  0.000e+00
        261      2.500    17.7470    17.7461    -0.0009    3.92396    3.92409          1     5.7315     5.5265       9.98     0.0974  8.775e+00  1.752e+02  1.996e+03    29.5621    29.5639     0.0018    21.1723    21.1739      2.477      2.494      0.252    1508.91    1508.91  0.000e+00
        308      3.000    17.7451    17.7445    -0.0006    3.92345    3.92382          1     5.7536     5.5192       9.98     0.1017  7.174e+00  1.431e+02  1.994e+03    29.5591    29.5626     0.0035    21.1704    21.1733      2.972      2.992      0.285    1508.91    1508.91  0.000e+00
        364      3.500    17.7451    17.7445    -0.0006    3.92379    3.92407          1     5.7136     5.5289       9.98     0.1010  6.435e+00  1.283e+02  1.993e+03    29.5618    29.5645     0.0027    21.1725    21.1747      3.468      3.491      0.255    1508.92    1508.92  0.000e+00
        408      4.000    17.7451    17.7445    -0.0006    3.92374    3.92354          1     5.7501     5.5170       9.98     0.1148  5.994e+00  1.195e+02  1.994e+03    29.5612    29.5600    -0.0012    21.1721    21.1713      3.963      3.990      0.280    1508.93    1508.92  0.000e+00
        446      4.500    17.7447    17.7446    -0.0001    3.92344    3.92397          1     5.7518     5.5219       9.98     0.1135  5.727e+00  1.143e+02  1.995e+03    29.5588    29.5634     0.0046    21.1703    21.1739      4.458      4.488      0.344    1508.93    1508.93  0.000e+00
        486      5.000    17.7446    17.7442    -0.0004    3.92386    3.92470          1     5.7536     5.5343       9.98     0.1153  5.242e+00  1.047e+02  1.997e+03    29.5623    29.5696     0.0074    21.1730    21.1787      4.954      4.987      0.262    1508.94    1508.95  0.000e+00
        534      5.500    17.7444    17.7443    -0.0002    3.92445    3.92524          1     5.6978     5.5234       9.98     0.1182  4.702e+00  9.388e+01  1.997e+03    29.5671    29.5739     0.0068    21.1767    21.1820      5.449      5.486      0.263    1508.96    1508.96  0.000e+00
        578      6.000    17.7445    17.7447     0.0002    3.92467    3.92528          1     5.7358     5.5204       9.98     0.1286  4.370e+00  8.733e+01  1.998e+03    29.5688    29.5738     0.0050    21.1780    21.1818      5.945      5.985      0.261    1508.97    1508.97  0.000e+00
        624      6.500    17.7450    17.7451     0.0001    3.92478    3.92539          1     5.7599     5.5191       9.98     0.1289  3.757e+00  7.504e+01  1.997e+03    29.5692    29.5742     0.0050    21.1782    21.1820      6.440      6.483      0.257    1508.98    1508.98  0.000e+00
        678      7.000    17.7454    17.7457     0.0003    3.92517    3.92625          1     5.7580     5.5286       9.98     0.1352  3.451e+00  6.889e+01  1.996e+03    29.5720    29.5809     0.0088    21.1803    21.1869      6.935      6.982      0.220    1508.99    1509.00  0.000e+00
        724      7.500    17.7461    17.7478     0.0016    3.92597    3.92802          1     5.7819     5.5377       9.98     0.1444  3.235e+00  6.451e+01  1.994e+03    29.5781    29.5941     0.0160    21.1847    21.1966      7.431      7.481      0.284    1509.01    1509.03  0.000e+00
        770      8.000    17.7475    17.7507     0.0031    3.92767    3.93024          1     5.7704     5.5070       9.98     0.1491  2.809e+00  5.605e+01  1.996e+03    29.5911    29.6103     0.0192    21.1943    21.2083      7.926      7.979      0.251    1509.03    1509.06  0.000e+00
        815      8.500    17.7505    17.7586     0.0081    3.93047    3.93540          1     5.8010     5.5123       9.98     0.1552  2.525e+00  5.044e+01  1.998e+03    29.6122    29.6477     0.0355    21.2098    21.2350      8.421      8.478      0.295    1509.07    1509.14  0.000e+00
        856      9.000    17.7594    17.7633     0.0039    3.93628    3.93889          1     5.8007     5.5090       9.98     0.1614  2.327e+00  4.650e+01  1.998e+03    29.6543    29.6734     0.0191    21.2399    21.2535      8.917      8.977      0.274    1509.16    1509.19  0.000e+00
        902      9.500    17.7633    17.7671     0.0038    3.93907    3.94149          1     5.7667     5.5033       9.98     0.1681  2.133e+00  4.262e+01  1.998e+03    29.6747    29.6922     0.0175    21.2546    21.2670      9.412      9.475      0.253    1509.20    1509.23  0.000e+00
        950     10.000    17.7739    17.7777     0.0039    3.94711    3.94871          1     5.7865     5.4906       9.98     0.1699  1.922e+00  3.842e+01  2.000e+03    29.7343    29.7449     0.0106    21.2976    21.3048      9.908      9.974      0.251    1509.31    1509.33  0.000e+00
       1000     10.500    17.7836    17.7854     0.0017    3.95528    3.95683          1     5.7530     5.4876       9.98     0.1742  1.743e+00  3.484e+01  1.998e+03    29.7955    29.8072     0.0117    21.3420    21.3506     10.403     10.473      0.233    1509.41    1509.43  0.000e+00
       1050     11.000    17.7839    17.7834    -0.0005    3.95934    3.96101          1     5.7203     5.4725       9.98     0.1745  1.593e+00  3.183e+01  1.998e+03    29.8292    29.8435     0.0143    21.3677    21.3788     10.898     10.971      0.256    1509.46    1509.48  0.000e+00
       1095     11.500    17.7809    17.7796    -0.0012    3.96279    3.96360          1     5.7229     5.4796       9.98     0.1772  1.415e+00  2.828e+01  1.998e+03    29.8601    29.8679     0.0077    21.3921    21.3983     11.394     11.470      0.263    1509.50    1509.50  0.000e+00
       1142     12.000    17.7754    17.7725    -0.0028    3.96580    3.96686          1     5.7453     5.4748       9.98     0.1763  1.330e+00  2.661e+01  2.000e+03    29.8893    29.9002     0.0109    21.4157    21.4247     11.889     11.969      0.252    1509.52    1509.52  0.000e+00
       1188     12.500    17.7683    17.7664    -0.0019    3.96817    3.96880          1     5.7412     5.4569       9.98     0.1739  1.164e+00  2.328e+01  2.000e+03    29.9142    29.9208     0.0067    21.4364    21.4419     12.384     12.467      0.266    1509.54    1509.54  0.000e+00
       1234     13.000    17.7597    17.7550    -0.0047    3.97123    3.97222          1     5.7072     5.4462       9.98     0.1706  1.090e+00  2.180e+01  2.000e+03    29.9459    29.9578     0.0118    21.4627    21.4729     12.880     12.966      0.260    1509.56    1509.55  0.000e+00
       1279     13.500    17.7461    17.7418    -0.0042    3.97276    3.97344          1     5.7336     5.4661       9.98     0.1693  9.869e-01  1.974e+01  2.000e+03    29.9687    29.9775     0.0088    21.4833    21.4911     13.375     13.464      0.268    1509.55    1509.55  0.000e+00
       1328     14.000    17.7343    17.7305    -0.0038    3.97446    3.97528          1     5.7081     5.4429       9.98     0.1662  9.050e-01  1.810e+01  2.000e+03    29.9915    30.0012     0.0097    21.5035    21.5118     13.870     13.963      0.231    1509.55    1509.55  0.000e+00
       1377     14.500    17.7267    17.7243    -0.0025    3.97503    3.97565          1     5.7133     5.4477       9.98     0.1599  7.912e-01  1.582e+01  1.999e+03    30.0016    30.0086     0.0070    21.5130    21.5190     14.366     14.461      0.254    1509.55    1509.55  0.000e+00
       1424     15.000    17.7191    17.7135    -0.0056    3.97468    3.97513          1     5.7141     5.4440       9.98     0.1587  7.083e-01  1.417e+01  2.000e+03    30.0041    30.0121     0.0079    21.5168    21.5242     14.861     14.960      0.280    1509.53    1509.52  0.000e+00
       1463     15.500    17.7088    17.7061    -0.0027    3.97446    3.97519          1     5.7003     5.4463       9.98     0.1579  6.513e-01  1.303e+01  2.000e+03    30.0097    30.0178     0.0081    21.5234    21.5303     15.356     15.458      0.288    1509.52    1509.52  0.000e+00
       1513     16.000    17.7102    17.7099    -0.0004    3.97710    3.97841          1     5.6522     5.4053       9.98     0.1547  5.868e-01  1.174e+01  2.000e+03    30.0307    30.0420     0.0113    21.5391    21.5479     15.852     15.957      0.233    1509.55    1509.57  0.000e+00
       1557     16.500    17.6715    17.6503    -0.0211    3.99161    3.99322          1     5.6432     5.2474       9.98     0.1505  5.430e-01  1.086e+01  2.001e+03    30.1813    30.2106     0.0294    21.6634    21.6909     16.347     16.455      0.295    1509.62    1509.59  0.000e+00
       1600     17.000    17.6799    17.7467     0.0666    4.07412    4.10685          1     5.5126     5.1598       9.98     0.1602  4.933e-01  9.878e+00  2.002e+03    30.8703    31.0957     0.2254    22.1884    22.3449     16.843     16.954      0.276    1510.43    1510.89  0.000e+00
       1643     17.500    17.8141    17.8476     0.0336    4.16037    4.18964          1     5.4737     5.2061       9.98     0.1721  4.531e-01  9.072e+00  2.002e+03    31.4961    31.7174     0.2213    22.6351    22.7964     17.338     17.452      0.265    1511.55    1511.90  0.000e+00
       1691     18.000    17.8072    17.8172     0.0099    4.17144    4.19262          1     5.4886     5.2046       9.98     0.1671  4.144e-01  8.296e+00  2.002e+03    31.5947    31.7660     0.1713    22.7122    22.8408     17.833     17.950      0.239    1511.65    1511.88  0.000e+00
       1745     18.500    17.7802    17.6449    -0.1348    4.17055    4.18888          1     5.4323     5.1594       9.98     0.1622  3.840e-01  7.681e+00  2.000e+03    31.6080    31.8688     0.2609    22.7289    22.9607     18.329     18.448      0.233    1511.59    1511.49  0.000e+00
       1788     19.000    17.5655    17.4550    -0.1113    4.18998    4.20216          1     5.4263     5.1064       9.98     0.1575  3.499e-01  7.002e+00  2.001e+03    31.9403    32.1312     0.1909    23.0343    23.2067     18.824     18.946      0.315    1511.34    1511.23  0.000e+00
       1827     19.500    17.5299    17.3394    -0.1905    4.19561    4.21222          1     5.3511     5.0857       9.98     0.1545  3.233e-01  6.473e+00  2.002e+03    32.0162    32.3090     0.2928    23.1009    23.3703     19.319     19.443      0.284    1511.33    1511.09  0.000e+00
       1872     20.000    17.3592    17.2270    -0.1322    4.20160    4.20794          1     5.3111     5.0608       9.98     0.1554  2.925e-01  5.858e+00  2.003e+03    32.2021    32.3619     0.1598    23.2837    23.4373     19.815     19.941      0.270    1511.04    1510.83  0.000e+00
       1917     20.500    17.2486    17.1762    -0.0723    4.20161    4.20487          1     5.2954     5.0244       9.98     0.1457  2.791e-01  5.594e+00  2.004e+03    32.2902    32.3761     0.0859    23.3773    23.4601     20.310     20.439      0.252    1510.82    1510.70  0.000e+00
       1962     21.000    17.1460    17.1076    -0.0384    4.20353    4.20582          1     5.2854     5.0031       9.98     0.1335  2.540e-01  5.091e+00  2.004e+03    32.3887    32.4391     0.0505    23.4769    23.5245     20.805     20.936      0.304    1510.63    1510.57  0.000e+00
       2001     21.500    17.0978    17.0629    -0.0348    4.20717    4.20869          1     5.2583     4.9654       9.98     0.1096  2.367e-01  4.748e+00  2.006e+03    32.4585    32.4997     0.0412    23.5417    23.5814     21.301     21.434      0.272    1510.57    1510.51  0.000e+00
       2051     22.000    17.0328    17.0169    -0.0160    4.20657    4.20827          1     5.2152     4.9881       9.98     0.0797  2.190e-01  4.390e+00  2.004e+03    32.5055    32.5331     0.0275    23.5929    23.6178     21.796     21.932      0.241    1510.44    1510.42  0.000e+00
       2099     22.500    17.0092    16.9946    -0.0146    4.20672    4.20778          1     5.2388     4.9991       9.98     0.0643  2.050e-01  4.106e+00  2.003e+03    32.5257    32.5466     0.0210    23.6139    23.6334     22.291     22.429      0.252    1510.40    1510.38  0.000e+00
       2144     23.000    16.9834    16.9651    -0.0183    4.20528    4.20596          1     5.2138     4.9786       9.98     0.0600  1.913e-01  3.830e+00  2.002e+03    32.5339    32.5546     0.0207    23.6262    23.6464     22.787     22.927      0.292    1510.34    1510.31  0.000e+00
       2183     23.500    16.9618    16.9453    -0.0165    4.20418    4.20461          1     5.2060     4.9735       9.98     0.0556  1.769e-01  3.545e+00  2.004e+03    32.5417    32.5588     0.0171    23.6372    23.6542     23.282     23.424      0.303    1510.29    1510.26  0.000e+00
       2225     24.000    16.9549    16.9348    -0.0201    4.20384    4.20438          1     5.2183     4.9481       9.98     0.0570  1.672e-01  3.352e+00  2.004e+03    32.5441    32.5650     0.0209    23.6407    23.6614     23.777     23.922      0.268    1510.28    1510.24  0.000e+00
       2271     24.500    16.9276    16.9063    -0.0213    4.20306    4.20345          1     5.1923     4.9095       9.98     0.0526  1.531e-01  3.070e+00  2.004e+03    32.5593    32.5799     0.0206    23.6587    23.6795     24.273     24.419      0.276    1510.22    1510.18  0.000e+00
       2313     25.000    16.8796    16.8464    -0.0332    4.19992    4.19953          1     5.1610     4.8945       9.98     0.0517  1.420e-01  2.845e+00  2.004e+03    32.5708    32.5944     0.0236    23.6787    23.7046     24.768     24.917      0.271    1510.10    1510.03  0.000e+00
       2362     25.500    16.8191    16.7918    -0.0273    4.19526    4.19510          1     5.1214     4.8722       9.98     0.0500  1.314e-01  2.634e+00  2.004e+03    32.5793    32.6000     0.0208    23.6993    23.7215     25.263     25.414      0.241    1509.93    1509.87  0.000e+00
       2408     26.000    16.7588    16.7375    -0.0213    4.19023    4.19049          1     5.1104     4.8429       9.98     0.0492  1.220e-01  2.443e+00  2.002e+03    32.5844    32.6040     0.0196    23.7172    23.7371     25.759     25.912      0.269    1509.76    1509.72  0.000e+00
       2454     26.500    16.6927    16.6649    -0.0280    4.18474    4.18452          1     5.0984     4.8024       9.98     0.0491  1.129e-01  2.261e+00  2.002e+03    32.5903    32.6109     0.0207    23.7369    23.7592     26.254     26.409      0.264    1509.58    1509.52  0.000e+00
       2497     27.000    16.6005    16.5594    -0.0410    4.17613    4.17581          1     5.0049     4.7079       9.97     0.0505  1.048e-01  2.099e+00  2.004e+03    32.5901    32.6208     0.0307    23.7581    23.7911     26.749     26.907      0.291    1509.31    1509.22  0.000e+00
       2539     27.500    16.5049    16.4713    -0.0336    4.16755    4.16715          1     4.9765     4.6659       9.97     0.0496  9.741e-02  1.953e+00  2.004e+03    32.5930    32.6169     0.0239    23.7823    23.8083     27.245     27.404      0.279    1509.02    1508.95  0.000e+00
       2580     28.000    16.4412    16.3930    -0.0481    4.16219    4.16197          1     4.9224     4.5011       9.97     0.0486  8.860e-02  1.778e+00  2.006e+03    32.5980    32.6355     0.0376    23.8007    23.8405     27.740     27.901      0.308    1508.84    1508.74  0.000e+00
       2618     28.500    15.9569    15.6580    -0.2990    4.11651    4.10510          1     4.7195     4.2809       9.97     0.0479  8.186e-02  1.644e+00  2.008e+03    32.5928    32.7385     0.1457    23.9061    24.0846     28.235     28.399      0.297    1507.35    1506.58  0.000e+00
       2665     29.000    15.3989    15.1045    -0.2945    4.06438    4.04646          1     4.4992     4.2480       9.97     0.0481  7.487e-02  1.504e+00  2.008e+03    32.5901    32.6742     0.0841    24.0279    24.1568     28.731     28.896      0.239    1505.61    1504.78  0.000e+00
