ctdpy/exports/archive_20191120_135557/received_data/SBE09_1044_20181018_0605_34_01_0107.cnv
* Sea-Bird SBE 9 Data File:
* FileName = C:\LUOTAUS\DATA_IN\hex_in\SMHI\ar18d107.hex
* Software Version Seasave V 7.23.2
* Temperature SN = 5351
* Conductivity SN = 3941
* Number of Bytes Per Scan = 30
* Number of Voltage Words = 4
* Number of Scans Averaged by the Deck Unit = 1
* NMEA baud rate = 4800
** Station:  A14
** Operator:  OBac
** Ship: ARANDA
** Average sound velocity: 1497.20 m/s
** True-depth calculation Thu, 18 Oct 2018 06:27:12 +0000
** CTD Python Module SMHI /ver 3-12/ feb 2012 
** LIMS Job: 20183401-0107
** Cruise: SMHI-4-2018
** Latitude [GG MM.mm N]: 58 18.925 N
** Longitude [GG MM.mm E] 10 56.547 E
# nquan = 26
# nvalues = 215                         
# units = specified
# name 0 = scan: Scan Count
# name 1 = prDM: Pressure, Digiquartz [db]
# name 2 = t090C: Temperature [ITS-90, deg C]
# name 3 = t190C: Temperature, 2 [ITS-90, deg C]
# name 4 = T2-T190C: Temperature Difference, 2 - 1 [ITS-90, deg C]
# name 5 = c0S/m: Conductivity [S/m]
# name 6 = c1S/m: Conductivity, 2 [S/m]
# name 7 = pumps: Pump Status
# name 8 = sbeox0ML/L: Oxygen, SBE 43 [ml/l]
# name 9 = sbeox1ML/L: Oxygen, SBE 43, 2 [ml/l]
# name 10 = altM: Altimeter [m]
# name 11 = flECO-AFL: Chl-a Fluorescence, WET Labs ECO-AFL/FL [mg/m^3]
# name 12 = flECO-AFL1: Phycocyanin Fluorescence, WET Labs ECO-AFL/FL, 2 [mg/m^3]
# name 13 = par: PAR/Irradiance, Biospherical/Lico [µE/(cm^2*s)]
# name 14 = turbWETntu0: Turbidity, WET Labs ECO [NTU]
# name 15 = sal00: Salinity, Practical [PSU]
# name 16 = sal11: Salinity, Practical, 2 [PSU]
# name 17 = secS-priS: Salinity, Practical, Difference, 2 - 1 [PSU]
# name 18 = sigma-t00: Density [sigma-t, Kg/m^3 ]
# name 19 = sigma-t11: Density, 2 [sigma-t, Kg/m^3 ]
# name 20 = depSM: Depth [salt water, m], lat = 0
# name 21 = depFM: Depth [true depth, m], lat = 0
# name 22 = dz/dtM: Descent Rate [m/s], WS = 2
# name 23 = svCM: Sound Velocity [Chen-Millero, m/s]
# name 24 = svCM1: Sound Velocity, 2 [Chen-Millero, m/s]
# name 25 = flag: flag
# span 0 =      11223,      16412       
# span 1 =      1.000,    108.000       
# span 2 =     9.0631,    13.0574       
# span 3 =     9.0612,    13.0582       
# span 4 =    -0.0333,     0.0097       
# span 5 =   3.724722,   4.018482       
# span 6 =   3.724483,   4.018546       
# span 7 =          1,          1       
# span 8 =    4.89476,    5.83463       
# span 9 =    4.63183,    5.52709       
# span 10 =       0.98,      99.37      
# span 11 =     0.0753,     1.5241      
# span 12 =     0.1359,     0.3610      
# span 13 = 1.0000e-12, 1.0947e+02      
# span 14 =     0.1877,     0.8395      
# span 15 =    32.7042,    34.9938      
# span 16 =    32.6958,    34.9936      
# span 17 =    -0.0209,     0.0172      
# span 18 =    24.6073,    27.1016      
# span 19 =    24.5996,    27.1014      
# span 20 =      0.995,    107.379      
# span 21 =      0.994,    107.250      
# span 22 =     -0.003,      0.887      
# span 23 =    1488.20,    1500.38      
# span 24 =    1488.19,    1500.38      
# span 25 = 0.0000e+00, 0.0000e+00      
# interval = decibars: 0.5              
# start_time = Oct 18 2018 06:05:58 [System UTC, header]
# bad_flag = -9.990e-29
*END*
      11223      1.000    13.0445    13.0442    -0.0004    3.86021    3.85796          1     5.7781     5.4160       1.08     0.6602     0.2223  1.095e+02  0.3653000    32.7168    32.6958    -0.0209    24.6158    24.5996      0.995      0.994      0.167    1497.65    1497.63  0.000e+00
      11249      1.500    13.0440    13.0439    -0.0001    3.85969    3.85979          1     5.7768     5.4174       0.98     0.6526     0.2209  5.680e+01  0.3522000    32.7122    32.7132     0.0010    24.6123    24.6131      1.492      1.491      0.559    1497.66    1497.66  0.000e+00
      11268      2.000    13.0413    13.0414     0.0001    3.85945    3.85953          1     5.7782     5.4173      86.78     0.6739     0.2130  2.339e+01  0.3349000    32.7121    32.7126     0.0005    24.6128    24.6132      1.989      1.988      0.476    1497.65    1497.65  0.000e+00
      11335      2.500    13.0415    13.0420     0.0004    3.85971    3.85984          1     5.7662     5.4135      99.37     0.6979     0.2728  1.906e+01  0.2449000    32.7141    32.7149     0.0008    24.6143    24.6149      2.486      2.485      0.403    1497.66    1497.67  0.000e+00
      11357      3.000    13.0418    13.0438     0.0019    3.85986    3.85994          1     5.7678     5.4146      53.79     0.7000     0.2807  1.607e+01  0.2604000    32.7150    32.7141    -0.0009    24.6150    24.6139      2.983      2.982      0.775    1497.68    1497.68  0.000e+00
      11370      3.500    13.0418    13.0437     0.0019    3.85969    3.86003          1     5.7670     5.4125      33.57     0.6678     0.2815  1.455e+01  0.2865000    32.7133    32.7148     0.0015    24.6136    24.6144      3.481      3.479      0.809    1497.68    1497.69  0.000e+00
      11386      4.000    13.0417    13.0428     0.0010    3.85967    3.86005          1     5.7654     5.4115      96.22     0.6657     0.2822  1.331e+01  0.2755000    32.7129    32.7156     0.0027    24.6134    24.6152      3.978      3.976      0.633    1497.69    1497.70  0.000e+00
      11415      4.500    13.0399    13.0411     0.0012    3.85917    3.85930          1     5.7607     5.4126      98.64     0.6949     0.2400  1.117e+01  0.2600000    32.7096    32.7097     0.0001    24.6112    24.6110      4.475      4.473      0.347    1497.69    1497.69  0.000e+00
      11449      5.000    13.0385    13.0392     0.0007    3.85850    3.85864          1     5.7599     5.4134      98.68     0.7010     0.2318  1.041e+01  0.2547000    32.7042    32.7050     0.0007    24.6073    24.6077      4.972      4.970      0.465    1497.68    1497.69  0.000e+00
      11471      5.500    13.0392    13.0397     0.0005    3.85882    3.85877          1     5.7630     5.4134      51.67     0.6998     0.2211  9.903e+00  0.2358000    32.7065    32.7055    -0.0010    24.6089    24.6080      5.470      5.467      0.578    1497.70    1497.70  0.000e+00
      11491      6.000    13.0404    13.0413     0.0008    3.85930    3.85924          1     5.7519     5.4129      65.08     0.7102     0.2167  8.430e+00  0.2496000    32.7098    32.7084    -0.0014    24.6112    24.6100      5.967      5.964      0.613    1497.71    1497.72  0.000e+00
      11511      6.500    13.0456    13.0463     0.0006    3.85998    3.86001          1     5.7388     5.4112      97.03     0.7017     0.2626  7.441e+00  0.2490000    32.7114    32.7112    -0.0002    24.6114    24.6111      6.464      6.461      0.586    1497.74    1497.74  0.000e+00
      11532      7.000    13.0453    13.0467     0.0015    3.85995    3.86016          1     5.7314     5.4087      96.15     0.6888     0.2729  6.677e+00  0.2463000    32.7113    32.7120     0.0007    24.6114    24.6117      6.961      6.958      0.537    1497.75    1497.76  0.000e+00
      11555      7.500    13.0488    13.0516     0.0027    3.86075    3.86122          1     5.7249     5.4062      98.71     0.6940     0.2582  5.945e+00  0.2508000    32.7156    32.7176     0.0020    24.6140    24.6151      7.459      7.456      0.543    1497.77    1497.79  0.000e+00
      11576      8.000    13.0531    13.0493    -0.0038    3.86142    3.86083          1     5.7114     5.4036      98.68     0.7254     0.2662  5.451e+00  0.2361000    32.7180    32.7157    -0.0023    24.6150    24.6140      7.956      7.953      0.603    1497.80    1497.78  0.000e+00
      11595      8.500    13.0489    13.0466    -0.0022    3.86083    3.86039          1     5.7040     5.4041      98.68     0.6832     0.3048  5.040e+00  0.2467000    32.7158    32.7137    -0.0022    24.6142    24.6130      8.453      8.450      0.619    1497.79    1497.78  0.000e+00
      11615      9.000    13.0501    13.0524     0.0023    3.86165    3.86215          1     5.7049     5.4088      98.68     0.6911     0.2235  4.743e+00  0.2491000    32.7224    32.7251     0.0027    24.6191    24.6207      8.950      8.947      0.545    1497.81    1497.82  0.000e+00
      11640      9.500    13.0573    13.0582     0.0009    3.86471    3.86509          1     5.7064     5.4108      92.85     0.6949     0.2975  4.393e+00  0.2551000    32.7448    32.7477     0.0029    24.6350    24.6370      9.448      9.444      0.481    1497.87    1497.88  0.000e+00
      11664     10.000    13.0574    13.0579     0.0005    3.86763    3.86860          1     5.7011     5.4066      98.89     0.7322     0.2487  3.969e+00  0.2579000    32.7721    32.7808     0.0087    24.6561    24.6627      9.945      9.941      0.552    1497.91    1497.92  0.000e+00
      11684     10.500    13.0564    13.0567     0.0003    3.87035    3.87098          1     5.6899     5.4047      98.68     0.7888     0.2678  3.726e+00  0.2542000    32.7985    32.8041     0.0056    24.6767    24.6810     10.442     10.438      0.645    1497.95    1497.95  0.000e+00
      11702     11.000    13.0543    13.0545     0.0003    3.87316    3.87390          1     5.6911     5.3988      98.47     0.7976     0.2927  3.506e+00  0.2605000    32.8266    32.8334     0.0068    24.6989    24.7041     10.939     10.935      0.647    1497.98    1497.99  0.000e+00
      11722     11.500    13.0461    13.0458    -0.0003    3.87894    3.87982          1     5.7119     5.4078      98.39     0.8339     0.2663  3.251e+00  0.2619000    32.8881    32.8967     0.0087    24.7481    24.7549     11.436     11.432      0.548    1498.03    1498.04  0.000e+00
      11747     12.000    13.0190    13.0179    -0.0011    3.89134    3.89215          1     5.7479     5.4455      74.20     1.0109     0.3187  3.029e+00  0.3001000    33.0287    33.0374     0.0087    24.8623    24.8692     11.934     11.929      0.469    1498.12    1498.13  0.000e+00
      11772     12.500    13.0014    13.0015     0.0002    3.89527    3.89541          1     5.7836     5.4862      79.44     1.2386     0.3104  2.864e+00  0.2955000    33.0810    33.0822     0.0012    24.9063    24.9072     12.431     12.426      0.544    1498.13    1498.13  0.000e+00
      11792     13.000    12.9884    12.9895     0.0011    3.89633    3.89641          1     5.8107     5.5040      97.83     1.3988     0.3097  2.687e+00  0.3048000    33.1023    33.1020    -0.0003    24.9253    24.9249     12.928     12.922      0.629    1498.12    1498.12  0.000e+00
      11810     13.500    12.9810    12.9818     0.0009    3.89719    3.89740          1     5.8279     5.5103      98.13     1.5241     0.3097  2.483e+00  0.3291000    33.1167    33.1179     0.0012    24.9379    24.9387     13.425     13.419      0.638    1498.12    1498.13  0.000e+00
      11829     14.000    12.9669    12.9686     0.0017    3.89878    3.89882          1     5.8281     5.5117      91.37     1.5120     0.3100  2.274e+00  0.3284000    33.1438    33.1427    -0.0011    24.9617    24.9605     13.923     13.916      0.594    1498.11    1498.12  0.000e+00
      11851     14.500    12.9587    12.9597     0.0010    3.89875    3.89883          1     5.8169     5.5113      98.69     1.4368     0.3396  2.084e+00  0.3337000    33.1506    33.1504    -0.0001    24.9685    24.9682     14.420     14.413      0.560    1498.10    1498.11  0.000e+00
      11872     15.000    12.9519    12.9527     0.0008    3.89830    3.89838          1     5.8162     5.5115      85.85     1.4226     0.3173  1.922e+00  0.3226000    33.1520    33.1521     0.0001    24.9710    24.9709     14.917     14.910      0.558    1498.09    1498.09  0.000e+00
      11894     15.500    12.9460    12.9469     0.0009    3.89792    3.89803          1     5.8176     5.5143      98.22     1.4092     0.3032  1.790e+00  0.3205000    33.1534    33.1536     0.0002    24.9732    24.9732     15.414     15.407      0.528    1498.08    1498.08  0.000e+00
      11917     16.000    12.9429    12.9438     0.0008    3.89801    3.89812          1     5.8082     5.5196      42.35     1.3948     0.3050  1.667e+00  0.3177000    33.1567    33.1571     0.0003    24.9764    24.9765     15.912     15.904      0.501    1498.08    1498.08  0.000e+00
      11941     16.500    12.9439    12.9449     0.0010    3.89903    3.89913          1     5.7954     5.5194      95.98     1.4055     0.3115  1.547e+00  0.4265000    33.1654    33.1654     0.0000    24.9829    24.9827     16.409     16.400      0.508    1498.11    1498.11  0.000e+00
      11965     17.000    12.9418    12.9424     0.0007    3.89938    3.89946          1     5.8074     5.5137      98.69     1.4069     0.3111  1.428e+00  0.6109000    33.1703    33.1705     0.0002    24.9871    24.9872     16.906     16.897      0.544    1498.11    1498.11  0.000e+00
      11986     17.500    12.9394    12.9402     0.0009    3.89937    3.89945          1     5.8160     5.5091      98.68     1.3798     0.3141  1.322e+00  0.3585000    33.1721    33.1722     0.0001    24.9890    24.9890     17.403     17.394      0.613    1498.11    1498.12  0.000e+00
      12004     18.000    12.9383    12.9391     0.0008    3.89939    3.89949          1     5.8227     5.5057      61.42     1.3814     0.3259  1.226e+00  0.3271000    33.1731    33.1732     0.0002    24.9900    24.9900     17.900     17.891      0.685    1498.12    1498.12  0.000e+00
      12021     18.500    12.9354    12.9361     0.0007    3.89934    3.89943          1     5.8345     5.5112      85.68     1.3736     0.3354  1.133e+00  0.3223000    33.1749    33.1752     0.0002    24.9920    24.9921     18.398     18.388      0.713    1498.12    1498.12  0.000e+00
      12038     19.000    12.9327    12.9335     0.0009    3.89927    3.89935          1     5.8339     5.5191      98.13     1.3653     0.3610  1.038e+00  0.3173000    33.1764    33.1765     0.0000    24.9937    24.9935     18.895     18.885      0.666    1498.12    1498.12  0.000e+00
      12057     19.500    12.9287    12.9297     0.0011    3.89904    3.89913          1     5.8214     5.5111      91.02     1.3795     0.3466  9.537e-01  0.3219000    33.1775    33.1775    -0.0000    24.9954    24.9951     19.392     19.382      0.536    1498.12    1498.12  0.000e+00
      12084     20.000    12.9263    12.9271     0.0008    3.89893    3.89901          1     5.8280     5.5126      67.24     1.3548     0.3210  8.818e-01  0.3138000    33.1784    33.1785     0.0001    24.9965    24.9964     19.889     19.878      0.434    1498.12    1498.12  0.000e+00
      12110     20.500    12.9188    12.9192     0.0004    3.89862    3.89869          1     5.8346     5.5263      79.32     1.3878     0.3441  8.349e-01  0.4313000    33.1819    33.1821     0.0003    25.0006    25.0008     20.386     20.375      0.526    1498.11    1498.11  0.000e+00
      12131     21.000    12.9143    12.9148     0.0005    3.89845    3.89852          1     5.8252     5.5271      64.56     1.3488     0.3359  7.688e-01  0.3403000    33.1840    33.1842     0.0002    25.0032    25.0033     20.884     20.872      0.594    1498.10    1498.10  0.000e+00
      12151     21.500    12.9100    12.9105     0.0006    3.89818    3.89822          1     5.8157     5.5206      96.18     1.3412     0.3262  6.982e-01  0.3066000    33.1850    33.1849    -0.0001    25.0048    25.0046     21.381     21.369      0.588    1498.10    1498.10  0.000e+00
      12172     22.000    12.9023    12.9032     0.0009    3.89759    3.89768          1     5.8169     5.5179      98.63     1.3556     0.3226  6.470e-01  0.2974000    33.1859    33.1859    -0.0000    25.0070    25.0068     21.878     21.866      0.558    1498.08    1498.08  0.000e+00
      12194     22.500    12.8989    12.8996     0.0006    3.89741    3.89749          1     5.8203     5.5204      51.83     1.3643     0.3472  6.034e-01  0.3023000    33.1870    33.1872     0.0002    25.0085    25.0085     22.375     22.363      0.563    1498.08    1498.08  0.000e+00
      12215     23.000    12.8979    12.8986     0.0008    3.89745    3.89754          1     5.8179     5.5216      87.49     1.2838     0.3364  5.615e-01  0.2918000    33.1881    33.1883     0.0002    25.0096    25.0096     22.872     22.859      0.568    1498.08    1498.09  0.000e+00
      12236     23.500    12.8971    12.8979     0.0008    3.89744    3.89752          1     5.8240     5.5221      51.39     1.2919     0.3209  5.206e-01  0.2988000    33.1884    33.1885     0.0001    25.0100    25.0099     23.370     23.356      0.532    1498.09    1498.09  0.000e+00
      12260     24.000    12.8967    12.8975     0.0009    3.89744    3.89754          1     5.8259     5.5208      93.71     1.2946     0.3194  4.785e-01  0.3040000    33.1887    33.1889     0.0002    25.0102    25.0102     23.867     23.853      0.526    1498.10    1498.10  0.000e+00
      12281     24.500    12.8968    12.8976     0.0008    3.89752    3.89760          1     5.8189     5.5162      89.30     1.2883     0.3234  4.480e-01  0.2940000    33.1891    33.1891     0.0000    25.0105    25.0104     24.364     24.350      0.623    1498.11    1498.11  0.000e+00
      12299     25.000    12.8969    12.8977     0.0008    3.89757    3.89766          1     5.8110     5.5130      98.22     1.2916     0.3234  4.134e-01  0.2892000    33.1892    33.1894     0.0002    25.0106    25.0106     24.861     24.847      0.709    1498.12    1498.12  0.000e+00
      12315     25.500    12.8965    12.8973     0.0008    3.89763    3.89771          1     5.8046     5.5139      89.92     1.2912     0.3280  3.743e-01  0.2808000    33.1899    33.1900     0.0001    25.0112    25.0111     25.358     25.344      0.697    1498.12    1498.13  0.000e+00
      12334     26.000    12.8960    12.8969     0.0009    3.89762    3.89771          1     5.8152     5.5154      84.65     1.2898     0.3416  3.400e-01  0.2900000    33.1902    33.1902     0.0001    25.0115    25.0114     25.856     25.841      0.551    1498.13    1498.13  0.000e+00
      12365     26.500    12.8953    12.8961     0.0008    3.89764    3.89764          1     5.8101     5.5175      68.92     1.2925     0.3263  3.151e-01  0.2865000    33.1907    33.1900    -0.0007    25.0121    25.0114     26.353     26.337      0.338    1498.14    1498.14  0.000e+00
      12400     27.000    12.8929    12.8933     0.0004    3.89777    3.89789          1     5.8032     5.5124      84.66     1.2442     0.3308  2.983e-01  0.2772000    33.1939    33.1946     0.0008    25.0150    25.0155     26.850     26.834      0.514    1498.14    1498.14  0.000e+00
      12418     27.500    12.8883    12.8890     0.0008    3.89798    3.89806          1     5.8075     5.5102      82.77     1.2644     0.3282  2.756e-01  0.2937000    33.1997    33.1999     0.0002    25.0204    25.0204     27.347     27.331      0.755    1498.14    1498.14  0.000e+00
      12432     28.000    12.8882    12.8891     0.0009    3.89834    3.89839          1     5.8088     5.5089      82.96     1.2360     0.3232  2.469e-01  0.2885000    33.2030    33.2027    -0.0003    25.0230    25.0226     27.844     27.828      0.835    1498.15    1498.16  0.000e+00
