ctdpy/exports/archive_20191120_135557/received_data/SBE09_1044_20181015_0414_34_01_0092.cnv
* Sea-Bird SBE 9 Data File:
* FileName = C:\ctd\temp\ar18d092.hex
* Software Version Seasave V 7.21e
* Temperature SN = 5351
* Conductivity SN = 3941
* Number of Bytes Per Scan = 41
* Number of Voltage Words = 4
* Number of Scans Averaged by the Deck Unit = 1
* NMEA Latitude = 57 59.90 N
* NMEA Longitude = 019 52.71 E
* NMEA UTC (Time) = Oct 15 2018  07:14:32
* NMEA baud rate = 4800
** Station:  BY20
** Operator:  Dbsj
** Ship: ARANDA
** Average sound velocity: 1448.34 m/s
** True-depth calculation Mon, 15 Oct 2018 09:36:58 +0000
** CTD Python Module SMHI /ver 3-12/ feb 2012 
** LIMS Job: 20183401-0092
** Cruise: SMHI-4-2018
** Latitude [GG MM.mm N]:
** Longitude [GG MM.mm E]
# nquan = 26
# nvalues = 381                         
# units = specified
# name 0 = scan: Scan Count
# name 1 = prDM: Pressure, Digiquartz [db]
# name 2 = t090C: Temperature [ITS-90, deg C]
# name 3 = t190C: Temperature, 2 [ITS-90, deg C]
# name 4 = T2-T190C: Temperature Difference, 2 - 1 [ITS-90, deg C]
# name 5 = c0S/m: Conductivity [S/m]
# name 6 = c1S/m: Conductivity, 2 [S/m]
# name 7 = pumps: Pump Status
# name 8 = sbeox0ML/L: Oxygen, SBE 43 [ml/l]
# name 9 = sbeox1ML/L: Oxygen, SBE 43, 2 [ml/l]
# name 10 = altM: Altimeter [m]
# name 11 = flECO-AFL: Chl-a Fluorescence, WET Labs ECO-AFL/FL [mg/m^3]
# name 12 = flECO-AFL1: Phycocyanin Fluorescence, WET Labs ECO-AFL/FL, 2 [mg/m^3]
# name 13 = par: PAR/Irradiance, Biospherical/Lico [µE/(cm^2*s)]
# name 14 = turbWETntu0: Turbidity, WET Labs ECO [NTU]
# name 15 = sal00: Salinity, Practical [PSU]
# name 16 = sal11: Salinity, Practical, 2 [PSU]
# name 17 = secS-priS: Salinity, Practical, Difference, 2 - 1 [PSU]
# name 18 = sigma-t00: Density [sigma-t, Kg/m^3 ]
# name 19 = sigma-t11: Density, 2 [sigma-t, Kg/m^3 ]
# name 20 = depSM: Depth [salt water, m], lat = 57.9983
# name 21 = depFM: Depth [true depth, m], lat = 57.9983
# name 22 = dz/dtM: Descent Rate [m/s], WS = 2
# name 23 = svCM: Sound Velocity [Chen-Millero, m/s]
# name 24 = svCM1: Sound Velocity, 2 [Chen-Millero, m/s]
# name 25 = flag: flag
# span 0 =      29052,      41442       
# span 1 =      1.500,    191.500       
# span 2 =     3.3409,    12.0257       
# span 3 =     3.3429,    12.0302       
# span 4 =    -0.0058,     0.0655       
# span 5 =   0.750107,   1.386235       
# span 6 =   0.750215,   1.386245       
# span 7 =          1,          1       
# span 8 =    0.04083,    7.40443       
# span 9 =    0.03917,    8.04324       
# span 10 =       3.73,      99.32      
# span 11 =     0.1964,     1.4240      
# span 12 =     0.1563,     0.4515      
# span 13 = 1.0000e-12, 1.2653e+02      
# span 14 =     0.1369,     1.7528      
# span 15 =     6.6301,    12.6400      
# span 16 =     6.6297,    12.6395      
# span 17 =    -0.0115,     0.0019      
# span 18 =     4.6418,     9.8775      
# span 19 =     4.6410,     9.8770      
# span 20 =      1.486,    189.637      
# span 21 =      1.521,    193.565      
# span 22 =     -0.035,      0.838      
# span 23 =    1429.28,    1463.49      
# span 24 =    1429.29,    1463.50      
# span 25 = 0.0000e+00, 0.0000e+00      
# interval = decibars: 0.5              
# start_time = Oct 15 2018 07:14:32 [NMEA time, first data scan]
# bad_flag = -9.990e-29
*END*
[from data line 112]
      31720     57.500     3.3429     3.3450     0.0020    0.77624    0.77622          1     6.8017     7.2755      79.57     0.2199     0.2081  1.000e-12  0.2095000     7.5040     7.5034    -0.0007     5.9784     5.9779     56.959     58.270      0.484    1429.31    1429.32  0.000e+00
      31746     58.000     3.3432     3.3453     0.0021    0.77651    0.77651          1     6.8106     7.2474      39.69     0.2181     0.2071  1.000e-12  0.2090000     7.5067     7.5062    -0.0006     5.9806     5.9801     57.454     58.776      0.486    1429.32    1429.33  0.000e+00
      31770     58.500     3.3441     3.3460     0.0018    0.77701    0.77699          1     6.7792     7.2205      97.66     0.2145     0.2445  1.000e-12  0.2011000     7.5116     7.5109    -0.0006     5.9844     5.9839     57.950     59.283      0.509    1429.34    1429.35  0.000e+00
      31793     59.000     3.3526     3.3544     0.0017    0.77807    0.77804          1     6.7540     7.1986      97.46     0.2151     0.2371  1.000e-12  0.2003000     7.5205     7.5199    -0.0007     5.9914     5.9909     58.445     59.789      0.512    1429.40    1429.41  0.000e+00
      31817     59.500     3.3582     3.3600     0.0018    0.77886    0.77885          1     6.7044     7.1773      77.17     0.2150     0.2356  1.000e-12  0.2058000     7.5274     7.5268    -0.0005     5.9968     5.9964     58.940     60.295      0.511    1429.44    1429.45  0.000e+00
      31840     60.000     3.3666     3.3684     0.0017    0.77973    0.77970          1     6.6880     7.1498      64.17     0.2265     0.2279  1.000e-12  0.2095000     7.5344     7.5337    -0.0007     6.0023     6.0017     59.435     60.801      0.533    1429.50    1429.51  0.000e+00
      31862     60.500     3.3754     3.3770     0.0016    0.78072    0.78068          1     6.6512     7.0977      97.71     0.2079     0.2224  1.000e-12  0.2035000     7.5425     7.5418    -0.0007     6.0086     6.0080     59.931     61.308      0.540    1429.56    1429.56  0.000e+00
      31884     61.000     3.3870     3.3887     0.0017    0.78189    0.78187          1     6.6057     7.0435      97.43     0.2353     0.2265  1.000e-12  0.2230000     7.5519     7.5513    -0.0006     6.0159     6.0154     60.426     61.814      0.503    1429.63    1429.64  0.000e+00
      31909     61.500     3.3958     3.3976     0.0018    0.78262    0.78259          1     6.5097     6.9697      90.78     0.2275     0.2421  1.000e-12  0.2056000     7.5573     7.5566    -0.0007     6.0201     6.0195     60.921     62.320      0.490    1429.68    1429.69  0.000e+00
      31933     62.000     3.3997     3.4015     0.0017    0.78311    0.78309          1     6.4528     6.8835      79.96     0.2180     0.2064  1.000e-12  0.2150000     7.5614     7.5608    -0.0006     6.0233     6.0228     61.416     62.826      0.541    1429.72    1429.72  0.000e+00
      31954     62.500     3.4043     3.4061     0.0018    0.78377    0.78373          1     6.4140     6.7927      69.82     0.2184     0.1935  1.000e-12  0.2093000     7.5671     7.5664    -0.0008     6.0278     6.0271     61.911     63.332      0.561    1429.75    1429.76  0.000e+00
      31976     63.000     3.4104     3.4120     0.0016    0.78455    0.78451          1     6.3086     6.7069      57.21     0.2169     0.2146  1.000e-12  0.2058000     7.5737     7.5729    -0.0008     6.0329     6.0323     62.407     63.839      0.493    1429.80    1429.80  0.000e+00
      32003     63.500     3.4164     3.4181     0.0017    0.78538    0.78533          1     6.2102     6.6459      96.87     0.2127     0.2291  1.000e-12  0.1936000     7.5808     7.5800    -0.0009     6.0385     6.0378     62.902     64.345      0.427    1429.84    1429.85  0.000e+00
      32031     64.000     3.4225     3.4242     0.0018    0.78643    0.78638          1     6.1861     6.5880      78.69     0.2104     0.2353  1.000e-12  0.1906000     7.5903     7.5894    -0.0009     6.0459     6.0452     63.397     64.851      0.478    1429.89    1429.89  0.000e+00
      32054     64.500     3.4312     3.4331     0.0020    0.78792    0.78788          1     6.1543     6.5476      89.48     0.2091     0.2025  1.000e-12  0.1987000     7.6036     7.6027    -0.0009     6.0563     6.0556     63.892     65.357      0.559    1429.95    1429.96  0.000e+00
      32074     65.000     3.4367     3.4385     0.0018    0.78905    0.78900          1     6.1097     6.5149      97.44     0.2168     0.2071  1.000e-12  0.2040000     7.6139     7.6130    -0.0009     6.0645     6.0637     64.387     65.864      0.582    1430.00    1430.01  0.000e+00
      32095     65.500     3.4424     3.4442     0.0018    0.79025    0.79021          1     6.0796     6.4757      97.52     0.2303     0.2290  1.000e-12  0.2045000     7.6249     7.6241    -0.0008     6.0732     6.0725     64.883     66.370      0.538    1430.05    1430.05  0.000e+00
      32119     66.000     3.4512     3.4527     0.0016    0.79211    0.79205          1     5.9839     6.4102      93.23     0.2191     0.2437  1.000e-12  0.2065000     7.6421     7.6411    -0.0010     6.0867     6.0859     65.378     66.876      0.487    1430.12    1430.12  0.000e+00
      32144     66.500     3.4616     3.4635     0.0019    0.79390    0.79385          1     5.9275     6.3346      78.00     0.2297     0.2153  1.000e-12  0.2176000     7.6581     7.6572    -0.0010     6.0993     6.0985     65.873     67.382      0.489    1430.19    1430.20  0.000e+00
      32168     67.000     3.4677     3.4696     0.0019    0.79486    0.79483          1     5.8790     6.2673      84.97     0.2191     0.1787  1.000e-12  0.2237000     7.6666     7.6658    -0.0008     6.1059     6.1053     66.368     67.888      0.499    1430.24    1430.25  0.000e+00
      32192     67.500     3.4770     3.4789     0.0019    0.79625    0.79620          1     5.8332     6.2057      97.72     0.2436     0.1783  1.000e-12  0.2308000     7.6787     7.6778    -0.0009     6.1154     6.1146     66.864     68.394      0.522    1430.31    1430.31  0.000e+00
      32214     68.000     3.4880     3.4899     0.0019    0.79830    0.79826          1     5.7792     6.1758      97.56     0.2122     0.2046  1.000e-12  0.2108000     7.6972     7.6964    -0.0008     6.1300     6.1293     67.359     68.901      0.575    1430.39    1430.40  0.000e+00
      32234     68.500     3.4968     3.4986     0.0018    0.79970    0.79965          1     5.7506     6.1595      91.47     0.2169     0.1883  1.000e-12  0.2218000     7.7096     7.7087    -0.0009     6.1396     6.1389     67.854     69.407      0.598    1430.45    1430.46  0.000e+00
      32255     69.000     3.5074     3.5091     0.0017    0.80129    0.80123          1     5.7271     6.1375      85.63     0.2224     0.2014  1.000e-12  0.2321000     7.7234     7.7224    -0.0010     6.1505     6.1496     68.349     69.913      0.560    1430.53    1430.53  0.000e+00
      32278     69.500     3.5150     3.5167     0.0017    0.80261    0.80256          1     5.6844     6.1109      70.67     0.2236     0.2253  1.000e-12  0.2350000     7.7352     7.7343    -0.0009     6.1597     6.1590     68.844     70.419      0.487    1430.58    1430.59  0.000e+00
      32304     70.000     3.5280     3.5291     0.0011    0.80411    0.80402          1     5.6386     6.0721      97.45     0.2145     0.1765  1.000e-12  0.2369000     7.7476     7.7465    -0.0011     6.1693     6.1684     69.340     70.925      0.434    1430.67    1430.67  0.000e+00
      32332     70.500     3.5477     3.5493     0.0016    0.80623    0.80615          1     5.6001     6.0067      97.62     0.2162     0.2075  1.000e-12  0.2396000     7.7648     7.7635    -0.0012     6.1826     6.1816     69.835     71.431      0.472    1430.79    1430.79  0.000e+00
      32355     71.000     3.5760     3.5780     0.0020    0.80910    0.80902          1     5.5616     5.9587      86.06     0.2149     0.2071  1.000e-12  0.2318000     7.7877     7.7864    -0.0013     6.2003     6.1992     70.330     71.938      0.563    1430.95    1430.96  0.000e+00
      32375     71.500     3.6211     3.6222     0.0011    0.81318    0.81306          1     5.5239     5.9175      73.48     0.2224     0.2071  1.000e-12  0.2235000     7.8189     7.8174    -0.0015     6.2243     6.2230     70.825     72.444      0.630    1431.21    1431.21  0.000e+00
      32393     72.000     3.6960     3.6964     0.0003    0.82012    0.81994          1     5.4476     5.8685      68.28     0.2237     0.2410  1.000e-12  0.2284000     7.8725     7.8705    -0.0020     6.2653     6.2637     71.320     72.950      0.648    1431.62    1431.62  0.000e+00
      32412     72.500     3.7787     3.7788     0.0001    0.82863    0.82836          1     5.3637     5.8112      97.74     0.2378     0.2264  1.000e-12  0.2370000     7.9400     7.9372    -0.0028     6.3172     6.3149     71.816     73.456      0.616    1432.09    1432.09  0.000e+00
      32433     73.000     3.8585     3.8586     0.0001    0.84045    0.84008          1     5.2971     5.7283      97.68     0.2412     0.1924  1.000e-12  0.2394000     8.0420     8.0382    -0.0038     6.3964     6.3934     72.311     73.962      0.541    1432.59    1432.59  0.000e+00
      32458     73.500     3.9520     3.9496    -0.0025    0.85309    0.85270          1     5.1233     5.5506      92.27     0.2302     0.2005  1.000e-12  0.2240000     8.1487     8.1453    -0.0034     6.4788     6.4761     72.806     74.468      0.436    1433.16    1433.14  0.000e+00
      32488     74.000     4.2062     4.2003    -0.0058    0.88832    0.88706          1     4.7762     5.1254      70.00     0.2431     0.2307  1.000e-12  0.2130000     8.4452     8.4338    -0.0115     6.7069     6.6980     73.301     74.974      0.407    1434.69    1434.65  0.000e+00
      32514     74.500     4.4364     4.4355    -0.0009    0.92136    0.92107          1     4.4102     4.6640      98.03     0.2667     0.2139  1.000e-12  0.2047000     8.7226     8.7199    -0.0027     6.9194     6.9173     73.796     75.480      0.560    1436.08    1436.07  0.000e+00
      32533     75.000     4.5535     4.5510    -0.0025    0.93896    0.93852          1     4.1151     4.3415      97.71     0.2718     0.1926  1.000e-12  0.1913000     8.8707     8.8668    -0.0039     7.0325     7.0295     74.291     75.985      0.689    1436.79    1436.78  0.000e+00
      32549     75.500     4.6090     4.6088    -0.0002    0.94699    0.94679          1     3.7299     3.9240      97.68     0.2725     0.1925  1.000e-12  0.1883000     8.9373     8.9353    -0.0020     7.0831     7.0816     74.787     76.491      0.704    1437.13    1437.13  0.000e+00
      32567     76.000     4.6518     4.6501    -0.0017    0.95282    0.95247          1     3.1948     3.2876      97.70     0.2725     0.2004  1.000e-12  0.1848000     8.9848     8.9818    -0.0030     7.1192     7.1168     75.282     76.997      0.606    1437.39    1437.38  0.000e+00
      32591     76.500     4.6927     4.6915    -0.0012    0.95827    0.95797          1     2.4933     2.4042      97.68     0.2822     0.2334  1.000e-12  0.1901000     9.0290     9.0263    -0.0027     7.1525     7.1504     75.777     77.502      0.446    1437.63    1437.62  0.000e+00
      32622     77.000     4.7230     4.7223    -0.0006    0.96244    0.96212          1     1.8176     1.5839      54.25     0.2743     0.2297  1.000e-12  0.1920000     9.0629     9.0599    -0.0030     7.1782     7.1758     76.272     78.008      0.407    1437.82    1437.81  0.000e+00
      32648     77.500     4.8907     4.8887    -0.0021    0.98671    0.98608          1     1.4811     1.2724      98.18     0.2725     0.1954  1.000e-12  0.1873000     9.2623     9.2566    -0.0057     7.3289     7.3245     76.767     78.514      0.544    1438.82    1438.80  0.000e+00
      32667     78.000     4.9978     4.9963    -0.0015    1.00306    1.00245          1     1.3252     1.1854      97.73     0.2893     0.2220  1.000e-12  0.1912000     9.3976     9.3918    -0.0057     7.4312     7.4267     77.263     79.019      0.641    1439.47    1439.45  0.000e+00
      32685     78.500     5.0895     5.0900     0.0005    1.01899    1.01858          1     1.2128     1.1359      97.72     0.2908     0.2641  1.000e-12  0.1908000     9.5322     9.5279    -0.0043     7.5334     7.5299     77.758     79.525      0.645    1440.05    1440.04  0.000e+00
      32705     79.000     5.1614     5.1635     0.0021    1.03156    1.03151          1     1.0436     0.9869      78.20     0.2733     0.2291  1.000e-12  0.1838000     9.6383     9.6372    -0.0011     7.6138     7.6128     78.253     80.030      0.588    1440.50    1440.51  0.000e+00
      32726     79.500     5.2157     5.2150    -0.0007    1.04018    1.03967          1     0.7902     0.7029      37.91     0.3096     0.2238  1.000e-12  0.1675000     9.7092     9.7043    -0.0049     7.6672     7.6633     78.748     80.536      0.542    1440.84    1440.83  0.000e+00
      32749     80.000     5.2882     5.2880    -0.0002    1.05209    1.05165          1     0.5687     0.4526      92.42     0.3123     0.2415  1.000e-12  0.1729000     9.8079     9.8035    -0.0044     7.7415     7.7380     79.243     81.041      0.526    1441.29    1441.28  0.000e+00
      32772     80.500     5.3354     5.3364     0.0010    1.05933    1.05915          1     0.4708     0.3730      97.72     0.3046     0.2219  1.000e-12  0.1877000     9.8667     9.8646    -0.0022     7.7855     7.7838     79.739     81.546      0.492    1441.57    1441.58  0.000e+00
      32798     81.000     5.3580     5.3590     0.0010    1.06345    1.06329          1     0.4157     0.3520      96.03     0.3109     0.2218  1.000e-12  0.2144000     9.9014     9.8995    -0.0020     7.8117     7.8101     80.234     82.052      0.462    1441.72    1441.72  0.000e+00
      32824     81.500     5.3794     5.3804     0.0010    1.06695    1.06682          1     0.3457     0.2882      79.50     0.3127     0.2230  1.000e-12  0.7776000     9.9302     9.9285    -0.0016     7.8333     7.8320     80.729     82.557      0.492    1441.86    1441.86  0.000e+00
      32847     82.000     5.4072     5.4077     0.0005    1.07103    1.07083          1     0.2885     0.2375      25.70     0.3236     0.2338  1.000e-12  1.1109000     9.9628     9.9606    -0.0022     7.8576     7.8558     81.224     83.062      0.554    1442.03    1442.03  0.000e+00
      32867     82.500     5.4432     5.4428    -0.0004    1.07639    1.07610          1     0.2539     0.2090      98.46     0.3213     0.2341  1.000e-12  1.1083000    10.0058    10.0030    -0.0028     7.8896     7.8874     81.719     83.568      0.619    1442.25    1442.24  0.000e+00
      32886     83.000     5.5033     5.5024    -0.0009    1.08574    1.08539          1     0.2330     0.1914      97.65     0.3158     0.2718  1.000e-12  1.0044000    10.0814    10.0782    -0.0032     7.9461     7.9436     82.214     84.073      0.656    1442.61    1442.60  0.000e+00
      32904     83.500     5.5498     5.5497    -0.0000    1.09227    1.09207          1     0.2152     0.1858      97.05     0.3371     0.2993  1.000e-12  0.9923000    10.1328    10.1308    -0.0020     7.9840     7.9825     82.709     84.578      0.630    1442.88    1442.88  0.000e+00
      32924     84.000     5.5825     5.5831     0.0005    1.09862    1.09846          1     0.2056     0.1848      76.09     0.3300     0.2240  1.000e-12  1.0268000    10.1864    10.1846    -0.0017     8.0245     8.0231     83.205     85.083      0.527    1443.10    1443.10  0.000e+00
      32951     84.500     5.6227     5.6221    -0.0006    1.10461    1.10426          1     0.1965     0.1795      78.64     0.3365     0.2068  1.000e-12  1.0227000    10.2340    10.2307    -0.0033     8.0598     8.0572     83.700     85.588      0.404    1443.34    1443.34  0.000e+00
