ctdpy/exports/archive_20191120_135557/received_data/SBE09_0827_20180130_0607_26_01_0263.cnv
* Sea-Bird SBE 9 Data File:
* FileName = D:\CTD_SBE911\DAT\26DA.2018.1.163.hex
* Software Version Seasave V 7.21d
* Temperature SN = 034757
* Conductivity SN = 041844
* Number of Bytes Per Scan = 48
* Number of Voltage Words = 5
* Number of Scans Averaged by the Deck Unit = 1
* NMEA Latitude = 58 19.66 N
* NMEA Longitude = 010 50.31 E
* NMEA UTC (Time) = Jan 30 2018  06:08:06
* NMEA baud rate = 4800
** Ship: DANA
** Average sound velocity: 1477.06 m/s
** True-depth calculation Thu, 28 Mar 2019 08:34:21 +0000
** CTD Python Module SMHI /ver 3-12/ feb 2012 
** LIMS Job: 20182601-0263
** 12W Håll
** Operator: Ronny Sørensen
** Cruise: 01/2018
# nquan = 26
# nvalues = 266                         
# units = specified
# name 0 = scan: Scan Count
# name 1 = prDM: Pressure, Digiquartz [db]
# name 2 = t090C: Temperature [ITS-90, deg C]
# name 3 = t190C: Temperature, 2 [ITS-90, deg C]
# name 4 = T2-T190C: Temperature Difference, 2 - 1 [ITS-90, deg C]
# name 5 = c0S/m: Conductivity [S/m]
# name 6 = c1S/m: Conductivity, 2 [S/m]
# name 7 = pumps: Pump Status
# name 8 = sbeox1ML/L: Oxygen, SBE 43, 2 [ml/l]
# name 9 = sbeox0ML/L: Oxygen, SBE 43 [ml/l]
# name 10 = altM: Altimeter [m]
# name 11 = chloroflTC0: Chlorophyll, Turner Cyclops [ug/l]
# name 12 = cpar: CPAR/Corrected Irradiance [%]
# name 13 = par: PAR/Irradiance, Biospherical/Lico [µE/(cm^2*s)]
# name 14 = spar: SPAR, Biospherical/Licor
# name 15 = sal00: Salinity, Practical [PSU]
# name 16 = sal11: Salinity, Practical, 2 [PSU]
# name 17 = secS-priS: Salinity, Practical, Difference, 2 - 1 [PSU]
# name 18 = sigma-t00: Density [sigma-t, kg/m^3 ]
# name 19 = sigma-t11: Density, 2 [sigma-t, kg/m^3 ]
# name 20 = depSM: Depth [salt water, m], lat = 58.3277
# name 21 = depFM: Depth [true depth, m], lat = 58.3277
# name 22 = dz/dtM: Descent Rate [m/s], WS = 2
# name 23 = svCM: Sound Velocity [Chen-Millero, m/s]
# name 24 = svCM1: Sound Velocity, 2 [Chen-Millero, m/s]
# name 25 = flag: flag
# span 0 =        117,      11568       
# span 1 =      2.000,    134.500       
# span 2 =     5.4776,     6.7676       
# span 3 =     5.4834,     6.7522       
# span 4 =    -0.2519,     0.0129       
# span 5 =   3.125011,   3.466140       
# span 6 =   3.126341,   3.465669       
# span 7 =          1,          1       
# span 8 =     5.9863,     6.4603       
# span 9 =     6.1352,    10.3041       
# span 10 =       2.61,       9.96      
# span 11 =     0.0208,     0.1217      
# span 12 = 4.9241e-11, 4.9241e-11      
# span 13 = 1.0000e-12, 1.0000e-12      
# span 14 = 2.0308e+00, 2.0308e+00      
# span 15 =    31.9908,    34.5146      
# span 16 =    31.9971,    34.5124      
# span 17 =    -0.3786,     0.0286      
# span 18 =    25.2369,    27.0730      
# span 19 =    25.2408,    27.0715      
# span 20 =      1.981,    133.207      
# span 21 =      1.987,    133.415      
# span 22 =     -0.133,      0.892      
# span 23 =    1468.87,    1479.22      
# span 24 =    1468.93,    1479.21      
# span 25 = 0.0000e+00, 0.0000e+00      
# interval = decibars: 0.5              
# start_time = Jan 30 2018 06:08:07 [NMEA time, first data scan]
# bad_flag = -9.990e-29
*END*
[from data line 112]
       5665     58.000     6.7233     6.7212    -0.0021    3.46141    3.46088          1     6.0530     6.1554       9.95     0.0618  4.924e-11  1.000e-12  2.031e+00    34.5098    34.5060    -0.0038    27.0704    27.0677     57.453     57.551      0.434    1477.92    1477.91  0.000e+00
       5702     58.500     6.7240     6.7218    -0.0022    3.46154    3.46102          1     6.0311     6.1560       9.95     0.0633  4.924e-11  1.000e-12  2.031e+00    34.5103    34.5068    -0.0036    27.0708    27.0682     57.948     58.047      0.319    1477.93    1477.92  0.000e+00
       5825     59.000     6.7264     6.7253    -0.0011    3.46193    3.46161          1     5.9981     6.1439       9.96     0.0685  4.924e-11  1.000e-12  2.031e+00    34.5120    34.5095    -0.0025    27.0718    27.0699     58.443     58.543      0.475    1477.95    1477.94  0.000e+00
       5843     59.500     6.7259     6.7253    -0.0006    3.46187    3.46165          1     6.0147     6.1467       9.95     0.0694  4.924e-11  1.000e-12  2.031e+00    34.5115    34.5097    -0.0018    27.0715    27.0701     58.938     59.038      0.579    1477.96    1477.95  0.000e+00
       5864     60.000     6.7251     6.7252     0.0001    3.46177    3.46167          1     6.0562     6.1506       9.96     0.0696  4.924e-11  1.000e-12  2.031e+00    34.5110    34.5097    -0.0013    27.0712    27.0702     59.434     59.534      0.497    1477.96    1477.96  0.000e+00
       5897     60.500     6.7248     6.7248    -0.0000    3.46172    3.46164          1     6.0653     6.1531       9.95     0.0690  4.924e-11  1.000e-12  2.031e+00    34.5105    34.5096    -0.0009    27.0708    27.0701     59.929     60.030      0.293    1477.97    1477.97  0.000e+00
       5953     61.000     6.7256     6.7241    -0.0014    3.46188    3.46155          1     6.0612     6.1565       9.95     0.0710  4.924e-11  1.000e-12  2.031e+00    34.5113    34.5090    -0.0022    27.0713    27.0697     60.424     60.526      0.216    1477.98    1477.97  0.000e+00
       6002     61.500     6.7262     6.7244    -0.0018    3.46197    3.46158          1     6.0672     6.1607       9.95     0.0706  4.924e-11  1.000e-12  2.031e+00    34.5113    34.5088    -0.0025    27.0713    27.0695     60.919     61.022      0.268    1477.99    1477.98  0.000e+00
       6044     62.000     6.7230     6.7244     0.0014    3.46151    3.46161          1     6.0478     6.1573       9.95     0.0662  4.924e-11  1.000e-12  2.031e+00    34.5092    34.5089    -0.0003    27.0700    27.0696     61.415     61.518      0.340    1477.98    1477.99  0.000e+00
       6089     62.500     6.7260     6.7241    -0.0019    3.46199    3.46159          1     6.0324     6.1524       9.95     0.0659  4.924e-11  1.000e-12  2.031e+00    34.5112    34.5088    -0.0024    27.0712    27.0696     61.910     62.013      0.296    1478.01    1478.00  0.000e+00
       6199     63.000     6.7262     6.7249    -0.0013    3.46206    3.46174          1     6.0685     6.1549       9.95     0.0700  4.924e-11  1.000e-12  2.031e+00    34.5116    34.5094    -0.0023    27.0715    27.0699     62.405     62.509      0.425    1478.02    1478.01  0.000e+00
       6217     63.500     6.7265     6.7248    -0.0017    3.46213    3.46175          1     6.0452     6.1513       9.95     0.0705  4.924e-11  1.000e-12  2.031e+00    34.5118    34.5093    -0.0025    27.0716    27.0699     62.900     63.005      0.612    1478.03    1478.02  0.000e+00
       6235     64.000     6.7259     6.7249    -0.0010    3.46206    3.46178          1     6.0285     6.1507       9.95     0.0707  4.924e-11  1.000e-12  2.031e+00    34.5114    34.5093    -0.0021    27.0713    27.0698     63.395     63.501      0.696    1478.03    1478.02  0.000e+00
       6251     64.500     6.7252     6.7247    -0.0004    3.46198    3.46181          1     6.0021     6.1508       9.95     0.0711  4.924e-11  1.000e-12  2.031e+00    34.5110    34.5095    -0.0014    27.0711    27.0700     63.891     63.997      0.711    1478.04    1478.03  0.000e+00
       6269     65.000     6.7252     6.7248    -0.0004    3.46199    3.46183          1     6.0070     6.1511       9.95     0.0718  4.924e-11  1.000e-12  2.031e+00    34.5108    34.5094    -0.0014    27.0710    27.0700     64.386     64.493      0.630    1478.04    1478.04  0.000e+00
       6317     65.500     6.7256     6.7246    -0.0010    3.46207    3.46181          1     6.0351     6.1499       9.95     0.0716  4.924e-11  1.000e-12  2.031e+00    34.5111    34.5092    -0.0019    27.0712    27.0698     64.881     64.989      0.441    1478.05    1478.05  0.000e+00
       6437     66.000     6.7262     6.7252    -0.0011    3.46219    3.46189          1     6.0253     6.1496       9.95     0.0687  4.924e-11  1.000e-12  2.031e+00    34.5115    34.5092    -0.0023    27.0714    27.0697     65.376     65.484      0.689    1478.07    1478.06  0.000e+00
       6459     66.500     6.7264     6.7250    -0.0015    3.46225    3.46190          1     6.0594     6.1501       9.95     0.0695  4.924e-11  1.000e-12  2.031e+00    34.5116    34.5093    -0.0023    27.0714    27.0698     65.871     65.980      0.513    1478.08    1478.07  0.000e+00
       6494     67.000     6.7258     6.7249    -0.0009    3.46216    3.46190          1     6.0769     6.1510       9.95     0.0692  4.924e-11  1.000e-12  2.031e+00    34.5110    34.5091    -0.0019    27.0711    27.0697     66.367     66.476      0.216    1478.08    1478.07  0.000e+00
       6565     67.500     6.7255     6.7247    -0.0008    3.46216    3.46191          1     6.0646     6.1532       9.95     0.0684  4.924e-11  1.000e-12  2.031e+00    34.5111    34.5092    -0.0019    27.0712    27.0698     66.862     66.972      0.303    1478.09    1478.08  0.000e+00
       6595     68.000     6.7288     6.7246    -0.0042    3.46264    3.46189          1     6.0618     6.1486       9.95     0.0697  4.924e-11  1.000e-12  2.031e+00    34.5128    34.5088    -0.0040    27.0721    27.0695     67.357     67.468      0.354    1478.11    1478.09  0.000e+00
       6677     68.500     6.7292     6.7265    -0.0027    3.46271    3.46218          1     6.0696     6.1512       9.95     0.0715  4.924e-11  1.000e-12  2.031e+00    34.5131    34.5099    -0.0032    27.0722    27.0701     67.852     67.964      0.263    1478.12    1478.10  0.000e+00
       6719     69.000     6.7285     6.7278    -0.0007    3.46265    3.46243          1     6.0697     6.1488       9.95     0.0731  4.924e-11  1.000e-12  2.031e+00    34.5127    34.5110    -0.0018    27.0721    27.0708     68.347     68.459      0.483    1478.13    1478.12  0.000e+00
       6742     69.500     6.7293     6.7279    -0.0014    3.46279    3.46245          1     6.0624     6.1503       9.95     0.0767  4.924e-11  1.000e-12  2.031e+00    34.5133    34.5109    -0.0023    27.0724    27.0707     68.842     68.955      0.485    1478.14    1478.13  0.000e+00
       6772     70.000     6.7303     6.7279    -0.0024    3.46293    3.46248          1     6.0760     6.1520       9.95     0.0728  4.924e-11  1.000e-12  2.031e+00    34.5135    34.5110    -0.0025    27.0724    27.0708     69.338     69.451      0.293    1478.15    1478.14  0.000e+00
       6857     70.500     6.7298     6.7286    -0.0012    3.46288    3.46260          1     6.0757     6.1499       9.95     0.0768  4.924e-11  1.000e-12  2.031e+00    34.5133    34.5113    -0.0020    27.0723    27.0709     69.833     69.947      0.305    1478.16    1478.15  0.000e+00
       6888     71.000     6.7291     6.7283    -0.0007    3.46281    3.46259          1     6.0575     6.1461       9.95     0.0732  4.924e-11  1.000e-12  2.031e+00    34.5129    34.5113    -0.0017    27.0721    27.0709     70.328     70.443      0.479    1478.16    1478.16  0.000e+00
       6912     71.500     6.7301     6.7282    -0.0018    3.46295    3.46261          1     6.0367     6.1454       9.95     0.0732  4.924e-11  1.000e-12  2.031e+00    34.5133    34.5113    -0.0020    27.0723    27.0710     70.823     70.939      0.422    1478.17    1478.16  0.000e+00
       6956     72.000     6.7297     6.7285    -0.0012    3.46294    3.46264          1     6.0259     6.1498       9.95     0.0752  4.924e-11  1.000e-12  2.031e+00    34.5133    34.5111    -0.0021    27.0723    27.0708     71.318     71.435      0.212    1478.18    1478.17  0.000e+00
       7018     72.500     6.7302     6.7289    -0.0012    3.46304    3.46273          1     6.0542     6.1488       9.95     0.0771  4.924e-11  1.000e-12  2.031e+00    34.5136    34.5114    -0.0022    27.0725    27.0710     71.814     71.930      0.264    1478.19    1478.18  0.000e+00
       7078     73.000     6.7302     6.7289    -0.0012    3.46306    3.46276          1     6.0698     6.1436       9.95     0.0767  4.924e-11  1.000e-12  2.031e+00    34.5136    34.5115    -0.0020    27.0725    27.0711     72.309     72.426      0.250    1478.20    1478.19  0.000e+00
       7137     73.500     6.7303     6.7292    -0.0011    3.46309    3.46281          1     6.0430     6.1497       9.95     0.0733  4.924e-11  1.000e-12  2.031e+00    34.5136    34.5117    -0.0020    27.0725    27.0711     72.804     72.922      0.550    1478.21    1478.20  0.000e+00
       7153     74.000     6.7303     6.7291    -0.0011    3.46311    3.46284          1     6.0225     6.1538       9.95     0.0741  4.924e-11  1.000e-12  2.031e+00    34.5135    34.5117    -0.0018    27.0724    27.0711     73.299     73.418      0.697    1478.21    1478.21  0.000e+00
       7170     74.500     6.7302     6.7292    -0.0010    3.46310    3.46285          1     6.0366     6.1555       9.95     0.0751  4.924e-11  1.000e-12  2.031e+00    34.5132    34.5115    -0.0017    27.0722    27.0710     73.794     73.914      0.587    1478.22    1478.22  0.000e+00
       7243     75.000     6.7305     6.7292    -0.0012    3.46315    3.46287          1     6.0634     6.1511       9.95     0.0755  4.924e-11  1.000e-12  2.031e+00    34.5133    34.5115    -0.0018    27.0723    27.0710     74.289     74.410      0.338    1478.23    1478.22  0.000e+00
       7293     75.500     6.7313     6.7294    -0.0020    3.46332    3.46289          1     6.0610     6.1486       9.95     0.0731  4.924e-11  1.000e-12  2.031e+00    34.5141    34.5113    -0.0028    27.0727    27.0708     74.785     74.905      0.441    1478.25    1478.23  0.000e+00
       7345     76.000     6.7312     6.7296    -0.0016    3.46333    3.46296          1     6.0570     6.1452       9.95     0.0736  4.924e-11  1.000e-12  2.031e+00    34.5140    34.5116    -0.0025    27.0727    27.0710     75.280     75.401      0.253    1478.25    1478.24  0.000e+00
       7419     76.500     6.7313     6.7300    -0.0013    3.46336    3.46305          1     6.0238     6.1385       9.95     0.0744  4.924e-11  1.000e-12  2.031e+00    34.5140    34.5119    -0.0021    27.0727    27.0712     75.775     75.897      0.381    1478.26    1478.25  0.000e+00
       7442     77.000     6.7312     6.7301    -0.0012    3.46338    3.46308          1     6.0076     6.1568       9.95     0.0771  4.924e-11  1.000e-12  2.031e+00    34.5141    34.5119    -0.0022    27.0728    27.0712     76.270     76.393      0.547    1478.27    1478.26  0.000e+00
       7463     77.500     6.7315     6.7302    -0.0013    3.46346    3.46312          1     6.0224     6.1653       9.95     0.0773  4.924e-11  1.000e-12  2.031e+00    34.5144    34.5120    -0.0024    27.0730    27.0712     76.765     76.889      0.539    1478.28    1478.27  0.000e+00
       7490     78.000     6.7317     6.7301    -0.0017    3.46349    3.46314          1     6.0412     6.1546       9.95     0.0765  4.924e-11  1.000e-12  2.031e+00    34.5143    34.5122    -0.0022    27.0729    27.0714     77.260     77.385      0.319    1478.29    1478.28  0.000e+00
       7568     78.500     6.7316     6.7305    -0.0011    3.46350    3.46321          1     6.0786     6.1571       9.95     0.0777  4.924e-11  1.000e-12  2.031e+00    34.5143    34.5122    -0.0021    27.0728    27.0714     77.756     77.880      0.384    1478.30    1478.29  0.000e+00
       7590     79.000     6.7317     6.7306    -0.0011    3.46352    3.46325          1     6.0705     6.1590       9.95     0.0765  4.924e-11  1.000e-12  2.031e+00    34.5142    34.5123    -0.0019    27.0728    27.0715     78.251     78.376      0.398    1478.30    1478.30  0.000e+00
       7703     79.500     6.7314     6.7303    -0.0012    3.46350    3.46323          1     6.0284     6.1540       9.95     0.0763  4.924e-11  1.000e-12  2.031e+00    34.5140    34.5121    -0.0019    27.0727    27.0713     78.746     78.872      0.676    1478.31    1478.30  0.000e+00
       7729     80.000     6.7305     6.7302    -0.0003    3.46341    3.46323          1     6.0297     6.1567       9.95     0.0757  4.924e-11  1.000e-12  2.031e+00    34.5136    34.5120    -0.0017    27.0725    27.0712     79.241     79.368      0.876    1478.31    1478.31  0.000e+00
       7741     80.500     6.7307     6.7300    -0.0007    3.46346    3.46322          1     6.0404     6.1555       9.95     0.0750  4.924e-11  1.000e-12  2.031e+00    34.5137    34.5119    -0.0018    27.0725    27.0712     79.736     79.864      0.848    1478.32    1478.32  0.000e+00
       7756     81.000     6.7305     6.7300    -0.0005    3.46345    3.46325          1     6.0612     6.1480       9.95     0.0749  4.924e-11  1.000e-12  2.031e+00    34.5136    34.5119    -0.0017    27.0725    27.0712     80.231     80.360      0.695    1478.33    1478.33  0.000e+00
       7810     81.500     6.7311     6.7298    -0.0013    3.46353    3.46324          1     6.0580     6.1395       9.95     0.0767  4.924e-11  1.000e-12  2.031e+00    34.5136    34.5118    -0.0019    27.0724    27.0711     80.727     80.856      0.443    1478.34    1478.33  0.000e+00
       7921     82.000     6.7315     6.7297    -0.0017    3.46361    3.46325          1     6.0473     6.1397       9.95     0.0788  4.924e-11  1.000e-12  2.031e+00    34.5139    34.5116    -0.0023    27.0726    27.0710     81.222     81.351      0.605    1478.35    1478.34  0.000e+00
       7942     82.500     6.7312     6.7297    -0.0015    3.46361    3.46327          1     6.0631     6.1462       9.95     0.0780  4.924e-11  1.000e-12  2.031e+00    34.5139    34.5116    -0.0022    27.0726    27.0710     81.717     81.847      0.600    1478.36    1478.35  0.000e+00
       7962     83.000     6.7313     6.7298    -0.0014    3.46364    3.46330          1     6.0771     6.1530       9.95     0.0778  4.924e-11  1.000e-12  2.031e+00    34.5139    34.5116    -0.0022    27.0726    27.0710     82.212     82.343      0.589    1478.37    1478.36  0.000e+00
       7982     83.500     6.7310     6.7300    -0.0010    3.46361    3.46334          1     6.0857     6.1540       9.95     0.0771  4.924e-11  1.000e-12  2.031e+00    34.5137    34.5117    -0.0020    27.0725    27.0710     82.707     82.839      0.555    1478.37    1478.37  0.000e+00
       8031     84.000     6.7311     6.7303    -0.0008    3.46364    3.46340          1     6.0612     6.1576       9.95     0.0757  4.924e-11  1.000e-12  2.031e+00    34.5136    34.5117    -0.0019    27.0724    27.0710     83.202     83.335      0.412    1478.38    1478.38  0.000e+00
       8167     84.500     6.7324     6.7311    -0.0013    3.46384    3.46353          1     6.0259     6.1425       9.95     0.0748  4.924e-11  1.000e-12  2.031e+00    34.5143    34.5122    -0.0022    27.0728    27.0713     83.698     83.831      0.674    1478.40    1478.39  0.000e+00
       8187     85.000     6.7326     6.7312    -0.0014    3.46391    3.46357          1     6.0445     6.1485       9.95     0.0752  4.924e-11  1.000e-12  2.031e+00    34.5146    34.5123    -0.0024    27.0730    27.0713     84.193     84.326      0.588    1478.41    1478.40  0.000e+00
