ctdpy/exports/archive_20191120_135557/received_data/SBE09_1044_20180125_0119_34_02_0005.cnv
* Sea-Bird SBE 9 Data File:
* FileName = C:\ctd\temp\2018\ME18D005.hex
* Software Version Seasave V 7.26.6.26
* Temperature SN = 5351
* Conductivity SN = 3941
* Number of Bytes Per Scan = 41
* Number of Voltage Words = 4
* Number of Scans Averaged by the Deck Unit = 1
* NMEA Latitude = 57 17.58 N
* NMEA Longitude = 010 44.66 E
* NMEA UTC (Time) = Jan 25 2018  01:19:28
* NMEA baud rate = 4800
** Station:  Läsö Ränna
** Operator:  JKro
** Ship: MERI
** Average sound velocity: 1472.73 m/s
** True-depth calculation Sat, 27 Jan 2018 18:48:35 +0000
** CTD Python Module SMHI /ver 3-12/ feb 2012 
** LIMS Job: 20183402-0005
** Cruise: SMHI-01-2018
** Latitude [GG MM.mm N] :
** Longitude [GG MM.mm E]:
# nquan = 26
# nvalues = 85                          
# units = specified
# name 0 = scan: Scan Count
# name 1 = prDM: Pressure, Digiquartz [db]
# name 2 = t090C: Temperature [ITS-90, deg C]
# name 3 = t190C: Temperature, 2 [ITS-90, deg C]
# name 4 = T2-T190C: Temperature Difference, 2 - 1 [ITS-90, deg C]
# name 5 = c0S/m: Conductivity [S/m]
# name 6 = c1S/m: Conductivity, 2 [S/m]
# name 7 = pumps: Pump Status
# name 8 = sbeox0ML/L: Oxygen, SBE 43 [ml/l]
# name 9 = sbeox1ML/L: Oxygen, SBE 43, 2 [ml/l]
# name 10 = altM: Altimeter [m]
# name 11 = flECO-AFL: Chl-a Fluorescence, WET Labs ECO-AFL/FL [mg/m^3]
# name 12 = flECO-AFL1: Phycocyanin Fluorescence, WET Labs ECO-AFL/FL, 2 [mg/m^3]
# name 13 = par: PAR/Irradiance, Biospherical/Lico [µE/(cm^2*s)]
# name 14 = turbWETntu0: Turbidity, WET Labs ECO [NTU]
# name 15 = sal00: Salinity, Practical [PSU]
# name 16 = sal11: Salinity, Practical, 2 [PSU]
# name 17 = secS-priS: Salinity, Practical, Difference, 2 - 1 [PSU]
# name 18 = sigma-t00: Density [sigma-t, Kg/m^3 ]
# name 19 = sigma-t11: Density, 2 [sigma-t, Kg/m^3 ]
# name 20 = depSM: Depth [salt water, m], lat = 57.293
# name 21 = depFM: Depth [true depth, m], lat = 57.293
# name 22 = dz/dtM: Descent Rate [m/s], WS = 2
# name 23 = svCM: Sound Velocity [Chen-Millero, m/s]
# name 24 = svCM1: Sound Velocity, 2 [Chen-Millero, m/s]
# name 25 = flag: flag
# span 0 =      12258,      14521       
# span 1 =      1.000,     43.000       
# span 2 =     4.1657,     7.0887       
# span 3 =     4.1664,     7.0880       
# span 4 =    -0.0618,     0.1218       
# span 5 =   2.210178,   3.403029       
# span 6 =   2.210331,   3.402789       
# span 7 =          1,          1       
# span 8 =    5.79611,    7.46699       
# span 9 =    5.84516,    7.41859       
# span 10 =       2.78,      44.58      
# span 11 =     0.1799,     0.8447      
# span 12 =     0.2072,     0.3706      
# span 13 = -8.050e-04, 1.7548e-01      
# span 14 =     1.0082,     4.1588      
# span 15 =    22.7385,    33.6425      
# span 16 =    22.7395,    33.6418      
# span 17 =    -0.2337,     0.4666      
# span 18 =    18.0359,    26.3673      
# span 19 =    18.0367,    26.3673      
# span 20 =      0.991,     42.600      
# span 21 =      1.000,     42.736      
# span 22 =      0.153,      0.691      
# span 23 =    1451.64,    1477.34      
# span 24 =    1451.65,    1477.34      
# span 25 = 0.0000e+00, 0.0000e+00      
# interval = decibars: 0.5              
# start_time = Jan 25 2018 01:19:28 [NMEA time, first data scan]
# bad_flag = -9.990e-29
*END*
      12258      1.000     4.2520     4.2534     0.0012    2.22366    2.22620          1     7.4498     7.4186      44.58     0.7853     0.3706  1.755e-01  1.0082000    22.8307    22.8584     0.0276    18.1027    18.1245      0.991      1.000      0.277    1452.10    1452.14  0.000e+00
      12292      1.500     4.2830     4.2599    -0.0230    2.23412    2.23229          1     7.4670     7.4156      44.23     0.7776     0.3696  2.343e-02  1.0360000    22.9266    22.9220    -0.0046    18.1764    18.1744      1.486      1.501      0.372    1452.37    1452.26  0.000e+00
      12324      2.000     4.2793     4.2912     0.0119    2.22820    2.22901          1     7.4409     7.3819      43.69     0.7933     0.3093 -8.050e-04  1.0383000    22.8624    22.8633     0.0008    18.1258    18.1256      1.982      2.001      0.434    1452.28    1452.33  0.000e+00
      12347      2.500     4.1657     4.1729     0.0073    2.21018    2.21180          1     7.4353     7.3921      43.27     0.8082     0.3419  1.000e-12  1.1323000    22.7385    22.7517     0.0133    18.0359    18.0459      2.477      2.501      0.607    1451.64    1451.69  0.000e+00
      12365      3.000     4.1657     4.1664     0.0007    2.21047    2.21033          1     7.4283     7.3779      42.85     0.8021     0.3418  1.000e-12  1.1271000    22.7415    22.7395    -0.0020    18.0383    18.0367      2.972      3.001      0.691    1451.65    1451.65  0.000e+00
      12382      3.500     4.1724     4.1694    -0.0030    2.21315    2.21151          1     7.3169     7.3172      42.44     0.7981     0.3340  1.000e-12  1.1079000    22.7669    22.7505    -0.0163    18.0580    18.0452      3.468      3.502      0.645    1451.72    1451.69  0.000e+00
      12404      4.000     4.1931     4.1973     0.0041    2.22192    2.22261          1     7.3498     7.3270      41.91     0.8447     0.3311  1.000e-12  1.1575000    22.8509    22.8559     0.0049    18.1230    18.1267      3.963      4.002      0.464    1451.93    1451.95  0.000e+00
      12435      4.500     4.2579     4.2532    -0.0053    2.25372    2.25053          1     7.3373     7.3397      41.23     0.8260     0.3364  1.000e-12  1.2083000    23.1628    23.1300    -0.0327    18.3652    18.3396      4.459      4.502      0.414    1452.61    1452.55  0.000e+00
      12460      5.000     4.5621     4.5051    -0.0552    2.38050    2.35598          1     7.2100     7.2222      40.81     0.7387     0.3473  1.000e-12  1.1042000    24.3683    24.1345    -0.2337    19.2962    19.1157      4.954      5.002      0.548    1455.45    1454.91  0.000e+00
      12480      5.500     4.5334     4.5539     0.0199    2.36553    2.37167          1     7.1844     7.1923      40.37     0.7730     0.3205  1.000e-12  1.2647000    24.2210    24.2742     0.0532    19.1819    19.2222      5.449      5.501      0.577    1455.15    1455.30  0.000e+00
      12502      6.000     4.5955     4.5474    -0.0482    2.39212    2.37363          1     7.1854     7.1552      39.86     0.7288     0.3228  1.000e-12  1.2989000    24.4732    24.3011    -0.1721    19.3764    19.2441      5.945      6.001      0.521    1455.74    1455.32  0.000e+00
      12526      6.500     4.6098     4.6206     0.0105    2.39882    2.40200          1     7.0887     7.0235      39.24     0.7243     0.3196  1.000e-12  1.2921000    24.5377    24.5654     0.0277    19.4263    19.4473      6.440      6.501      0.457    1455.89    1455.97  0.000e+00
      12555      7.000     4.6515     4.6378    -0.0135    2.41642    2.41079          1     6.9011     6.8612      38.66     0.7447     0.3628  1.000e-12  1.3577000    24.7038    24.6509    -0.0529    19.5542    19.5135      6.935      7.000      0.416    1456.29    1456.16  0.000e+00
      12583      7.500     4.6526     4.6972     0.0447    2.41719    2.43641          1     6.6684     6.7396      38.15     0.7219     0.3529  1.000e-12  1.3146000    24.7114    24.8934     0.1820    19.5602    19.7004      7.431      7.500      0.448    1456.31    1456.73  0.000e+00
      12608      8.000     5.1258     5.2481     0.1218    2.62701    2.67756          1     6.4535     6.6137      37.64     0.6997     0.3224  1.000e-12  1.4454000    26.6916    27.1581     0.4666    21.0833    21.4403      7.926      7.999      0.501    1460.81    1461.91  0.000e+00
      12632      8.500     5.6227     5.6594     0.0365    2.82986    2.84602          1     6.3152     6.5244      36.96     0.5445     0.3418  1.000e-12  1.6337000    28.5431    28.6916     0.1485    22.4958    22.6092      8.422      8.497      0.477    1465.21    1465.54  0.000e+00
      12659      9.000     6.5171     6.4549    -0.0618    3.20641    3.19110          1     6.0092     6.1767      35.88     0.4656     0.2606  1.000e-12  1.7535000    31.9077    31.7968    -0.1109    25.0445    24.9649      8.917      8.995      0.424    1473.03    1472.65  0.000e+00
      12687      9.500     6.9338     6.9157    -0.0182    3.36380    3.36024          1     5.8160     5.9163      34.76     0.2841     0.2878  1.000e-12  2.0709000    33.2497    33.2283    -0.0214    26.0490    26.0346      9.412      9.491      0.450    1476.37    1476.27  0.000e+00
      12713     10.000     7.0521     7.0446    -0.0075    3.39319    3.39223          1     5.7961     5.8465      34.53     0.2201     0.2904  1.000e-12  1.8573000    33.4569    33.4536    -0.0033    26.1962    26.1946      9.908      9.988      0.482    1477.09    1477.06  0.000e+00
      12738     10.500     7.0835     7.0780    -0.0056    3.40002    3.39922          1     5.8269     5.8452      33.74     0.1888     0.2784  1.000e-12  1.6528000    33.5008    33.4975    -0.0033    26.2265    26.2246     10.403     10.484      0.474    1477.28    1477.25  0.000e+00
      12764     11.000     7.0887     7.0880    -0.0007    3.40303    3.40279          1     5.8725     5.8660      32.84     0.1987     0.2497  1.000e-12  1.6182000    33.5284    33.5265    -0.0020    26.2475    26.2461     10.898     10.980      0.457    1477.34    1477.34  0.000e+00
      12790     11.500     7.0630     7.0647     0.0018    3.40194    3.40199          1     5.9226     5.8938      30.84     0.1854     0.2988  1.000e-12  1.5506000    33.5414    33.5402    -0.0012    26.2612    26.2601     11.394     11.476      0.460    1477.27    1477.27  0.000e+00
      12816     12.000     7.0487     7.0464    -0.0023    3.40067    3.40044          1     5.9681     5.9395      26.66     0.1799     0.3065  1.000e-12  1.4926000    33.5411    33.5408    -0.0003    26.2630    26.2630     11.889     11.972      0.466    1477.22    1477.21  0.000e+00
      12842     12.500     7.0321     7.0359     0.0037    3.39903    3.39913          1     5.9861     5.9582      23.91     0.1985     0.3112  1.000e-12  1.4437000    33.5390    33.5365    -0.0026    26.2636    26.2610     12.385     12.469      0.449    1477.16    1477.17  0.000e+00
      12869     13.000     7.0203     7.0229     0.0026    3.39776    3.39787          1     6.0123     5.9697      23.63     0.1906     0.3198  1.000e-12  1.4412000    33.5364    33.5350    -0.0014    26.2631    26.2617     12.880     12.965      0.443    1477.12    1477.13  0.000e+00
      12895     13.500     6.9845     6.9916     0.0072    3.39511    3.39555          1     6.0223     5.9721      24.26     0.2032     0.3188  1.000e-12  1.4489000    33.5420    33.5400    -0.0020    26.2724    26.2698     13.375     13.461      0.467    1476.99    1477.02  0.000e+00
      12921     14.000     6.9174     6.9431     0.0256    3.39040    3.39196          1     6.0518     6.0084      25.45     0.2037     0.3280  1.000e-12  1.6194000    33.5556    33.5476    -0.0080    26.2922    26.2824     13.871     13.957      0.461    1476.76    1476.85  0.000e+00
      12947     14.500     6.8042     6.8156     0.0114    3.38257    3.38292          1     6.1187     6.0633      25.56     0.1956     0.3221  1.000e-12  1.9599000    33.5799    33.5725    -0.0074    26.3266    26.3192     14.366     14.454      0.453    1476.36    1476.39  0.000e+00
      12974     15.000     6.7909     6.7838    -0.0071    3.38051    3.37988          1     6.1480     6.0988      23.32     0.2161     0.3173  1.000e-12  2.1303000    33.5699    33.5700     0.0001    26.3204    26.3215     14.861     14.950      0.441    1476.30    1476.27  0.000e+00
      13001     15.500     6.7900     6.7898    -0.0002    3.38033    3.38027          1     6.1358     6.0962      24.05     0.2238     0.2941  1.000e-12  2.1377000    33.5686    33.5682    -0.0004    26.3196    26.3193     15.357     15.446      0.444    1476.30    1476.30  0.000e+00
      13029     16.000     6.7813     6.7801    -0.0012    3.37993    3.37984          1     6.1203     6.1003      23.55     0.2237     0.2521  1.000e-12  2.1116000    33.5725    33.5726     0.0001    26.3238    26.3240     15.852     15.942      0.445    1476.28    1476.28  0.000e+00
      13054     16.500     6.7851     6.7866     0.0015    3.38059    3.38144          1     6.1105     6.0959      24.18     0.2303     0.2434  1.000e-12  2.2576000    33.5758    33.5837     0.0079    26.3259    26.3319     16.347     16.438      0.493    1476.31    1476.33  0.000e+00
      13078     17.000     6.8288     6.8192    -0.0101    3.38720    3.38592          1     6.0942     6.0677      27.02     0.2306     0.2327  1.000e-12  2.3788000    33.6055    33.6009    -0.0046    26.3434    26.3411     16.843     16.935      0.502    1476.53    1476.48  0.000e+00
      13104     17.500     6.8505     6.8369    -0.0134    3.39012    3.38851          1     6.0696     6.0382      28.22     0.2294     0.2712  1.000e-12  2.7575000    33.6161    33.6119    -0.0042    26.3489    26.3474     17.338     17.431      0.413    1476.63    1476.57  0.000e+00
      13137     18.000     6.8583     6.8770     0.0188    3.39095    3.39293          1     6.0418     6.0154      27.76     0.2277     0.3010  1.000e-12  3.4224000    33.6175    33.6209     0.0034    26.3490    26.3491     17.833     17.927      0.375    1476.67    1476.75  0.000e+00
      13165     18.500     6.9026     6.8952    -0.0075    3.39640    3.39554          1     6.0139     6.0056      27.28     0.2553     0.3197  1.000e-12  3.3806000    33.6338    33.6315    -0.0023    26.3558    26.3550     18.329     18.423      0.508    1476.87    1476.84  0.000e+00
      13186     19.000     6.9014     6.9007    -0.0007    3.39649    3.39632          1     6.0149     6.0076      26.60     0.2424     0.3011  1.000e-12  3.7737000    33.6357    33.6345    -0.0012    26.3575    26.3566     18.824     18.919      0.575    1476.88    1476.87  0.000e+00
      13207     19.500     6.8929     6.8906    -0.0022    3.39559    3.39524          1     6.0281     6.0297      17.49     0.2423     0.3005  1.000e-12  3.8705000    33.6338    33.6323    -0.0015    26.3571    26.3562     19.320     19.416      0.497    1476.85    1476.84  0.000e+00
      13237     20.000     6.8871     6.8898     0.0026    3.39486    3.39500          1     6.0329     6.0274      12.95     0.2402     0.2574  1.000e-12  3.6770000    33.6312    33.6302    -0.0010    26.3558    26.3547     19.815     19.912      0.364    1476.83    1476.84  0.000e+00
      13270     20.500     6.8925     6.8908    -0.0016    3.39543    3.39525          1     6.0450     6.0161      12.38     0.2249     0.3047  1.000e-12  3.5081000    33.6320    33.6316    -0.0003    26.3557    26.3557     20.310     20.408      0.406    1476.86    1476.86  0.000e+00
      13297     21.000     6.8730     6.8928     0.0196    3.39331    3.39551          1     6.0545     6.0248      12.42     0.2361     0.3176  1.000e-12  3.7232000    33.6276    33.6323     0.0048    26.3549    26.3560     20.806     20.904      0.503    1476.79    1476.87  0.000e+00
      13319     21.500     6.8971     6.9024     0.0053    3.39614    3.39667          1     6.0525     6.0256      14.37     0.2248     0.3166  1.000e-12  3.7372000    33.6349    33.6355     0.0007    26.3574    26.3572     21.301     21.400      0.509    1476.90    1476.92  0.000e+00
      13344     22.000     6.9013     6.9047     0.0035    3.39670    3.39696          1     6.0419     6.0210      11.31     0.2344     0.3029  1.000e-12  3.7811000    33.6367    33.6362    -0.0004    26.3582    26.3574     21.796     21.897      0.451    1476.93    1476.94  0.000e+00
      13373     22.500     6.8887     6.8928     0.0040    3.39552    3.39588          1     6.0542     6.0292      13.09     0.2371     0.3183  1.000e-12  3.6856000    33.6357    33.6357     0.0001    26.3591    26.3587     22.292     22.393      0.396    1476.89    1476.90  0.000e+00
      13404     23.000     6.9038     6.9118     0.0080    3.39712    3.39770          1     6.0386     6.0167      22.51     0.2482     0.3234  1.000e-12  3.7053000    33.6383    33.6368    -0.0015    26.3592    26.3569     22.787     22.889      0.414    1476.96    1476.99  0.000e+00
      13431     23.500     6.9018     6.9032     0.0013    3.39685    3.39687          1     6.0313     6.0069      22.25     0.2481     0.2938  1.000e-12  3.8390000    33.6371    33.6359    -0.0012    26.3585    26.3574     23.282     23.385      0.472    1476.96    1476.96  0.000e+00
      13456     24.000     6.9022     6.8999    -0.0023    3.39694    3.39665          1     6.0365     6.0091      21.80     0.2509     0.3141  1.000e-12  3.9192000    33.6374    33.6365    -0.0010    26.3587    26.3583     23.778     23.881      0.463    1476.97    1476.95  0.000e+00
      13483     24.500     6.9078     6.9038    -0.0041    3.39748    3.39706          1     6.0403     6.0074      21.29     0.2519     0.2925  1.000e-12  3.7730000    33.6376    33.6369    -0.0007    26.3581    26.3581     24.273     24.378      0.427    1477.00    1476.98  0.000e+00
      13512     25.000     6.9129     6.9219     0.0091    3.39817    3.39892          1     6.0315     6.0059      20.76     0.2473     0.2787  1.000e-12  3.8468000    33.6399    33.6393    -0.0006    26.3592    26.3576     24.768     24.874      0.416    1477.03    1477.06  0.000e+00
      13541     25.500     6.9291     6.9316     0.0026    3.39982    3.39999          1     6.0243     6.0016      20.26     0.2460     0.3024  1.000e-12  3.7654000    33.6420    33.6414    -0.0006    26.3587    26.3579     25.264     25.370      0.410    1477.10    1477.11  0.000e+00
      13569     26.000     6.9277     6.9241    -0.0036    3.39973    3.39927          1     6.0210     5.9901      19.79     0.2527     0.3032  1.000e-12  3.9907000    33.6421    33.6406    -0.0016    26.3590    26.3583     25.759     25.866      0.444    1477.10    1477.09  0.000e+00
      13595     26.500     6.9141     6.9143     0.0004    3.39837    3.39830          1     6.0347     5.9989      19.31     0.2518     0.3007  1.000e-12  4.1411000    33.6402    33.6392    -0.0010    26.3593    26.3585     26.254     26.362      0.506    1477.06    1477.06  0.000e+00
      13618     27.000     6.9138     6.9131    -0.0009    3.39834    3.39823          1     6.0325     6.0036      18.81     0.2258     0.2990  1.000e-12  3.9061000    33.6399    33.6394    -0.0005    26.3591    26.3588     26.750     26.858      0.475    1477.06    1477.06  0.000e+00
      13648     27.500     6.9280     6.9275    -0.0005    3.39982    3.39966          1     6.0247     5.9978      18.24     0.2215     0.2972  1.000e-12  3.8304000    33.6421    33.6408    -0.0013    26.3589    26.3579     27.245     27.355      0.344    1477.13    1477.13  0.000e+00
      13686     28.000     6.9256     6.9298     0.0042    3.39967    3.39998          1     6.0225     5.9951      17.69     0.2524     0.2418  1.000e-12  4.0386000    33.6425    33.6418    -0.0007    26.3596    26.3584     27.740     27.851      0.391    1477.13    1477.14  0.000e+00
