ctdpy/exports/archive_20191120_135557/received_data/SBE09_1044_20181109_0246_34_01_0119.cnv
* Sea-Bird SBE 9 Data File:
* FileName = C:\ctd\temp\ar18d119.hex
* Software Version Seasave V 7.26.7.107
* Temperature SN = 5351
* Conductivity SN = 3941
* Number of Bytes Per Scan = 41
* Number of Voltage Words = 4
* Number of Scans Averaged by the Deck Unit = 1
* NMEA Latitude = 58 52.91 N
* NMEA Longitude = 020 19.64 E
* NMEA UTC (Time) = Nov 09 2018  02:47:21
* NMEA baud rate = 4800
** Station:  BY29
** Operator:  A-KTh
** Ship: ARANDA
** Average sound velocity: 1447.22 m/s
** True-depth calculation Fri, 09 Nov 2018 04:12:04 +0000
** CTD Python Module SMHI /ver 3-12/ feb 2012 
** LIMS Job: 20183401-0119
** Cruise: SMHI-6-2018
** Latitude [GG MM.mm N]:
** Longitude [GG MM.mm E]
# nquan = 26
# nvalues = 346                         
# units = specified
# name 0 = scan: Scan Count
# name 1 = prDM: Pressure, Digiquartz [db]
# name 2 = t090C: Temperature [ITS-90, deg C]
# name 3 = t190C: Temperature, 2 [ITS-90, deg C]
# name 4 = T2-T190C: Temperature Difference, 2 - 1 [ITS-90, deg C]
# name 5 = c0S/m: Conductivity [S/m]
# name 6 = c1S/m: Conductivity, 2 [S/m]
# name 7 = pumps: Pump Status
# name 8 = sbeox0ML/L: Oxygen, SBE 43 [ml/l]
# name 9 = sbeox1ML/L: Oxygen, SBE 43, 2 [ml/l]
# name 10 = altM: Altimeter [m]
# name 11 = flECO-AFL: Chl-a Fluorescence, WET Labs ECO-AFL/FL [mg/m^3]
# name 12 = flECO-AFL1: Phycocyanin Fluorescence, WET Labs ECO-AFL/FL, 2 [mg/m^3]
# name 13 = par: PAR/Irradiance, Biospherical/Lico [µE/(cm^2*s)]
# name 14 = turbWETntu0: Turbidity, WET Labs ECO [NTU]
# name 15 = sal00: Salinity, Practical [PSU]
# name 16 = sal11: Salinity, Practical, 2 [PSU]
# name 17 = secS-priS: Salinity, Practical, Difference, 2 - 1 [PSU]
# name 18 = sigma-t00: Density [sigma-t, Kg/m^3 ]
# name 19 = sigma-t11: Density, 2 [sigma-t, Kg/m^3 ]
# name 20 = depSM: Depth [salt water, m], lat = 58.8818
# name 21 = depFM: Depth [true depth, m], lat = 58.8818
# name 22 = dz/dtM: Descent Rate [m/s], WS = 2
# name 23 = svCM: Sound Velocity [Chen-Millero, m/s]
# name 24 = svCM1: Sound Velocity, 2 [Chen-Millero, m/s]
# name 25 = flag: flag
# span 0 =      37465,      47601       
# span 1 =      0.500,    173.000       
# span 2 =     3.4945,     9.5840       
# span 3 =     3.4966,     9.5689       
# span 4 =    -0.0323,     0.0450       
# span 5 =   0.757985,   1.261254       
# span 6 =   0.757958,   1.261234       
# span 7 =          1,          1       
# span 8 =    0.01644,    7.75413       
# span 9 =    0.04558,    7.90680       
# span 10 =       2.09,      97.73      
# span 11 =     0.2279,     0.6649      
# span 12 =     0.1682,     0.3524      
# span 13 = 1.0000e-12, 9.9345e-01      
# span 14 =     0.1400,     1.6687      
# span 15 =     6.6605,    11.5514      
# span 16 =     6.6601,    11.5508      
# span 17 =    -0.0203,    -0.0001      
# span 18 =     4.9691,     9.0526      
# span 19 =     4.9703,     9.0520      
# span 20 =      0.495,    171.313      
# span 21 =      0.507,    174.957      
# span 22 =     -0.037,      0.617      
# span 23 =    1429.88,    1454.25      
# span 24 =    1429.89,    1454.26      
# span 25 = 0.0000e+00, 0.0000e+00      
# interval = decibars: 0.5              
# start_time = Nov 09 2018 02:47:21 [NMEA time, first data scan]
# bad_flag = -9.990e-29
*END*
[from data line 279]
      44485    140.000     6.2572     6.2582     0.0011    1.24296    1.24288          1     0.0220     0.0516      36.31     0.3319     0.2330  1.000e-12  0.2195000    11.3997    11.3985    -0.0012     8.9381     8.9371    138.646    141.646      0.571    1448.40    1448.40  0.000e+00
      44506    140.500     6.2580     6.2592     0.0012    1.24313    1.24308          1     0.0225     0.0513      35.65     0.3278     0.2325  1.000e-12  0.2229000    11.4010    11.4001    -0.0009     8.9391     8.9383    139.141    142.151      0.566    1448.41    1448.42  0.000e+00
      44528    141.000     6.2590     6.2603     0.0013    1.24344    1.24340          1     0.0231     0.0504      35.03     0.3308     0.2243  1.000e-12  0.2271000    11.4036    11.4028    -0.0008     8.9410     8.9403    139.636    142.655      0.520    1448.43    1448.43  0.000e+00
      44552    141.500     6.2603     6.2617     0.0014    1.24388    1.24386          1     0.0218     0.0511      34.49     0.3331     0.2294  1.000e-12  0.2229000    11.4074    11.4068    -0.0007     8.9440     8.9434    140.131    143.160      0.480    1448.45    1448.45  0.000e+00
      44577    142.000     6.2627     6.2638     0.0011    1.24454    1.24448          1     0.0234     0.0531      33.99     0.3195     0.2403  1.000e-12  0.2199000    11.4131    11.4121    -0.0010     8.9483     8.9474    140.626    143.665      0.512    1448.47    1448.48  0.000e+00
      44599    142.500     6.2651     6.2662     0.0012    1.24509    1.24506          1     0.0231     0.0514      33.51     0.3196     0.2190  1.000e-12  0.2169000    11.4177    11.4170    -0.0007     8.9517     8.9511    141.121    144.170      0.568    1448.50    1448.50  0.000e+00
      44619    143.000     6.2673     6.2685     0.0012    1.24572    1.24566          1     0.0210     0.0501      32.92     0.3524     0.1801  1.000e-12  0.2096000    11.4230    11.4221    -0.0009     8.9558     8.9549    141.616    144.674      0.584    1448.52    1448.52  0.000e+00
      44640    143.500     6.2712     6.2724     0.0012    1.24684    1.24680          1     0.0226     0.0511      32.39     0.3601     0.1925  1.000e-12  0.1991000    11.4327    11.4320    -0.0008     8.9631     8.9625    142.110    145.179      0.552    1448.56    1448.56  0.000e+00
      44663    144.000     6.2748     6.2759     0.0012    1.24768    1.24764          1     0.0240     0.0502      31.81     0.3550     0.2314  1.000e-12  0.2021000    11.4398    11.4390    -0.0008     8.9685     8.9678    142.605    145.684      0.501    1448.59    1448.59  0.000e+00
      44688    144.500     6.2777     6.2790     0.0013    1.24838    1.24835          1     0.0220     0.0500      31.27     0.3378     0.2453  1.000e-12  0.1985000    11.4457    11.4450    -0.0007     8.9729     8.9722    143.100    146.189      0.491    1448.62    1448.62  0.000e+00
      44712    145.000     6.2812     6.2824     0.0012    1.24924    1.24920          1     0.0236     0.0511      30.83     0.3458     0.2720  1.000e-12  0.2064000    11.4529    11.4521    -0.0008     8.9783     8.9776    143.595    146.693      0.542    1448.65    1448.65  0.000e+00
      44733    145.500     6.2847     6.2859     0.0011    1.25007    1.25003          1     0.0245     0.0505      30.32     0.3458     0.2541  1.000e-12  0.2125000    11.4599    11.4591    -0.0007     8.9835     8.9829    144.090    147.198      0.573    1448.68    1448.68  0.000e+00
      44754    146.000     6.2864     6.2877     0.0013    1.25041    1.25040          1     0.0212     0.0495      29.83     0.3410     0.2458  1.000e-12  0.2110000    11.4626    11.4620    -0.0005     8.9855     8.9850    144.585    147.703      0.539    1448.70    1448.71  0.000e+00
      44778    146.500     6.2873     6.2885     0.0013    1.25060    1.25058          1     0.0214     0.0505      29.28     0.3500     0.2453  1.000e-12  0.2132000    11.4641    11.4635    -0.0006     8.9867     8.9862    145.080    148.208      0.492    1448.71    1448.72  0.000e+00
      44802    147.000     6.2898     6.2910     0.0013    1.25126    1.25124          1     0.0211     0.0507      28.75     0.3383     0.2516  1.000e-12  0.2163000    11.4697    11.4691    -0.0006     8.9909     8.9904    145.575    148.712      0.523    1448.74    1448.74  0.000e+00
      44824    147.500     6.2933     6.2944     0.0011    1.25206    1.25202          1     0.0195     0.0494      28.11     0.3262     0.2762  1.000e-12  0.2103000    11.4764    11.4757    -0.0007     8.9959     8.9953    146.070    149.217      0.588    1448.77    1448.77  0.000e+00
      44843    148.000     6.2951     6.2965     0.0013    1.25255    1.25253          1     0.0202     0.0486      27.62     0.3490     0.1911  1.000e-12  0.2091000    11.4805    11.4798    -0.0007     8.9991     8.9984    146.565    149.722      0.595    1448.79    1448.80  0.000e+00
      44864    148.500     6.2968     6.2981     0.0013    1.25311    1.25309          1     0.0247     0.0500      27.17     0.3742     0.1780  1.000e-12  0.2230000    11.4854    11.4848    -0.0006     9.0028     9.0022    147.060    150.226      0.532    1448.81    1448.82  0.000e+00
      44889    149.000     6.3000     6.3013     0.0012    1.25399    1.25395          1     0.0218     0.0487      26.86     0.3558     0.2005  1.000e-12  0.2150000    11.4929    11.4921    -0.0008     9.0085     9.0078    147.555    150.731      0.466    1448.84    1448.85  0.000e+00
      44915    149.500     6.3025     6.3038     0.0012    1.25465    1.25463          1     0.0178     0.0508      26.70     0.3290     0.2066  1.000e-12  0.2038000    11.4985    11.4979    -0.0006     9.0127     9.0121    148.050    151.236      0.489    1448.87    1448.87  0.000e+00
      44938    150.000     6.3035     6.3049     0.0014    1.25486    1.25485          1     0.0243     0.0521      26.36     0.3398     0.2127  1.000e-12  0.2039000    11.5002    11.4997    -0.0005     9.0139     9.0134    148.545    151.741      0.555    1448.88    1448.89  0.000e+00
      44958    150.500     6.3045     6.3058     0.0013    1.25510    1.25509          1     0.0233     0.0495      25.85     0.3513     0.2471  1.000e-12  0.2053000    11.5021    11.5016    -0.0005     9.0154     9.0149    149.040    152.245      0.592    1448.90    1448.90  0.000e+00
      44979    151.000     6.3051     6.3064     0.0013    1.25522    1.25521          1     0.0194     0.0479      25.34     0.3510     0.2224  1.000e-12  0.2039000    11.5031    11.5025    -0.0006     9.0161     9.0156    149.535    152.750      0.575    1448.91    1448.91  0.000e+00
      45001    151.500     6.3056     6.3069     0.0013    1.25534    1.25532          1     0.0191     0.0517      24.80     0.3344     0.2218  1.000e-12  0.2161000    11.5040    11.5034    -0.0006     9.0168     9.0162    150.030    153.255      0.512    1448.92    1448.93  0.000e+00
      45026    152.000     6.3068     6.3080     0.0012    1.25565    1.25563          1     0.0225     0.0492      24.22     0.3277     0.2399  1.000e-12  0.2059000    11.5066    11.5060    -0.0007     9.0188     9.0182    150.525    153.760      0.465    1448.94    1448.94  0.000e+00
      45052    152.500     6.3078     6.3092     0.0014    1.25590    1.25588          1     0.0197     0.0484      23.69     0.3366     0.2610  1.000e-12  0.1977000    11.5086    11.5080    -0.0006     9.0202     9.0197    151.020    154.264      0.492    1448.95    1448.96  0.000e+00
      45075    153.000     6.3089     6.3101     0.0012    1.25612    1.25610          1     0.0224     0.0493      23.20     0.3352     0.2444  1.000e-12  0.2270000    11.5103    11.5097    -0.0006     9.0215     9.0210    151.515    154.769      0.555    1448.97    1448.97  0.000e+00
      45095    153.500     6.3096     6.3110     0.0014    1.25632    1.25629          1     0.0205     0.0507      22.71     0.3464     0.2240  1.000e-12  0.2061000    11.5119    11.5113    -0.0007     9.0228     9.0221    152.010    155.274      0.595    1448.98    1448.98  0.000e+00
      45115    154.000     6.3107     6.3119     0.0013    1.25659    1.25657          1     0.0201     0.0497      22.18     0.3499     0.2134  1.000e-12  0.2035000    11.5142    11.5136    -0.0006     9.0245     9.0239    152.505    155.778      0.579    1448.99    1449.00  0.000e+00
      45137    154.500     6.3129     6.3141     0.0012    1.25714    1.25711          1     0.0213     0.0509      21.42     0.3533     0.2707  1.000e-12  0.2130000    11.5188    11.5181    -0.0007     9.0280     9.0273    153.000    156.283      0.509    1449.02    1449.02  0.000e+00
      45163    155.000     6.3143     6.3156     0.0013    1.25751    1.25751          1     0.0209     0.0494      20.85     0.3476     0.2340  1.000e-12  0.2145000    11.5219    11.5214    -0.0005     9.0303     9.0298    153.495    156.788      0.451    1449.04    1449.04  0.000e+00
      45189    155.500     6.3151     6.3164     0.0012    1.25775    1.25774          1     0.0199     0.0485      20.59     0.3349     0.2075  1.000e-12  0.2105000    11.5239    11.5234    -0.0005     9.0318     9.0313    153.990    157.293      0.492    1449.05    1449.05  0.000e+00
      45212    156.000     6.3157     6.3170     0.0013    1.25790    1.25788          1     0.0195     0.0483      20.11     0.3538     0.2458  1.000e-12  0.2173000    11.5251    11.5245    -0.0006     9.0327     9.0321    154.485    157.797      0.557    1449.06    1449.07  0.000e+00
      45232    156.500     6.3161     6.3174     0.0013    1.25801    1.25800          1     0.0203     0.0484      19.64     0.3610     0.2596  1.000e-12  0.2346000    11.5260    11.5254    -0.0006     9.0333     9.0328    154.980    158.302      0.575    1449.07    1449.08  0.000e+00
      45254    157.000     6.3170     6.3183     0.0013    1.25829    1.25827          1     0.0213     0.0488      19.11     0.3748     0.2493  1.000e-12  0.2232000    11.5283    11.5277    -0.0006     9.0351     9.0345    155.475    158.807      0.545    1449.09    1449.09  0.000e+00
      45277    157.500     6.3178     6.3191     0.0013    1.25852    1.25850          1     0.0211     0.0494      18.57     0.3760     0.2227  1.000e-12  0.2234000    11.5303    11.5296    -0.0007     9.0366     9.0360    155.970    159.311      0.511    1449.10    1449.11  0.000e+00
      45301    158.000     6.3185     6.3198     0.0013    1.25871    1.25868          1     0.0203     0.0477      18.05     0.3538     0.2149  1.000e-12  0.2141000    11.5318    11.5311    -0.0007     9.0378     9.0371    156.465    159.816      0.498    1449.11    1449.12  0.000e+00
      45325    158.500     6.3192     6.3205     0.0013    1.25892    1.25890          1     0.0171     0.0491      17.42     0.3497     0.2465  1.000e-12  0.2059000    11.5335    11.5329    -0.0006     9.0391     9.0385    156.960    160.321      0.495    1449.13    1449.13  0.000e+00
      45349    159.000     6.3210     6.3223     0.0013    1.25937    1.25936          1     0.0194     0.0502      16.90     0.3340     0.2493  1.000e-12  0.2125000    11.5373    11.5368    -0.0006     9.0419     9.0414    157.454    160.825      0.505    1449.15    1449.15  0.000e+00
      45372    159.500     6.3218     6.3230     0.0012    1.25962    1.25960          1     0.0220     0.0473      16.48     0.3314     0.2900  1.000e-12  0.2129000    11.5394    11.5388    -0.0006     9.0435     9.0430    157.949    161.330      0.534    1449.16    1449.17  0.000e+00
      45394    160.000     6.3230     6.3242     0.0012    1.25992    1.25990          1     0.0204     0.0495      15.95     0.3373     0.2518  1.000e-12  0.2077000    11.5419    11.5413    -0.0006     9.0454     9.0448    158.444    161.835      0.542    1449.18    1449.18  0.000e+00
      45417    160.500     6.3238     6.3251     0.0013    1.26017    1.26015          1     0.0211     0.0492      15.04     0.3394     0.2455  1.000e-12  0.2117000    11.5440    11.5434    -0.0006     9.0470     9.0464    158.939    162.340      0.502    1449.19    1449.20  0.000e+00
      45443    161.000     6.3243     6.3258     0.0014    1.26031    1.26030          1     0.0201     0.0466      14.81     0.3383     0.2002  1.000e-12  0.2233000    11.5452    11.5445    -0.0006     9.0479     9.0473    159.434    162.844      0.446    1449.20    1449.21  0.000e+00
      45470    161.500     6.3246     6.3260     0.0014    1.26038    1.26035          1     0.0179     0.0499      14.35     0.3422     0.2099  1.000e-12  0.2152000    11.5456    11.5449    -0.0007     9.0482     9.0475    159.929    163.349      0.444    1449.21    1449.22  0.000e+00
      45496    162.000     6.3249     6.3262     0.0013    1.26042    1.26041          1     0.0203     0.0500      13.88     0.3508     0.2301  1.000e-12  0.2209000    11.5459    11.5453    -0.0006     9.0484     9.0478    160.424    163.854      0.482    1449.22    1449.23  0.000e+00
      45520    162.500     6.3249     6.3262     0.0013    1.26044    1.26042          1     0.0203     0.0474      13.39     0.3543     0.2256  1.000e-12  0.2150000    11.5459    11.5453    -0.0006     9.0484     9.0479    160.919    164.358      0.519    1449.23    1449.24  0.000e+00
      45543    163.000     6.3249     6.3261     0.0012    1.26044    1.26041          1     0.0211     0.0479      12.89     0.3602     0.2278  1.000e-12  0.2125000    11.5459    11.5452    -0.0007     9.0484     9.0477    161.414    164.863      0.528    1449.24    1449.24  0.000e+00
      45566    163.500     6.3248     6.3261     0.0013    1.26044    1.26044          1     0.0187     0.0468      12.37     0.3595     0.2329  1.000e-12  0.2255000    11.5458    11.5453    -0.0004     9.0483     9.0479    161.909    165.368      0.499    1449.25    1449.25  0.000e+00
      45591    164.000     6.3248     6.3261     0.0013    1.26045    1.26043          1     0.0189     0.0501      11.81     0.3617     0.2486  1.000e-12  0.2102000    11.5458    11.5452    -0.0006     9.0483     9.0478    162.404    165.873      0.458    1449.25    1449.26  0.000e+00
      45618    164.500     6.3248     6.3262     0.0014    1.26047    1.26045          1     0.0191     0.0484      11.25     0.3594     0.2362  1.000e-12  0.2073000    11.5459    11.5452    -0.0007     9.0484     9.0478    162.899    166.377      0.458    1449.26    1449.27  0.000e+00
      45643    165.000     6.3249     6.3263     0.0014    1.26050    1.26047          1     0.0204     0.0470      10.72     0.3541     0.2122  1.000e-12  0.2175000    11.5460    11.5453    -0.0007     9.0485     9.0478    163.394    166.882      0.488    1449.27    1449.28  0.000e+00
      45667    165.500     6.3250     6.3264     0.0014    1.26054    1.26053          1     0.0186     0.0477       9.85     0.3605     0.2525  1.000e-12  0.1977000    11.5463    11.5458    -0.0005     9.0487     9.0482    163.889    167.387      0.500    1449.28    1449.28  0.000e+00
      45691    166.000     6.3252     6.3266     0.0014    1.26061    1.26060          1     0.0195     0.0483       9.26     0.3510     0.1982  1.000e-12  0.2333000    11.5469    11.5463    -0.0006     9.0492     9.0486    164.384    167.891      0.504    1449.29    1449.29  0.000e+00
      45715    166.500     6.3252     6.3266     0.0014    1.26063    1.26063          1     0.0210     0.0483       8.80     0.3522     0.2238  1.000e-12  0.2121000    11.5470    11.5465    -0.0005     9.0492     9.0487    164.879    168.396      0.504    1449.30    1449.30  0.000e+00
      45739    167.000     6.3253     6.3267     0.0015    1.26065    1.26065          1     0.0180     0.0476       7.98     0.3374     0.2638  1.000e-12  0.3342000    11.5471    11.5465    -0.0006     9.0493     9.0488    165.374    168.901      0.475    1449.31    1449.31  0.000e+00
