ctdpy/exports/archive_20191120_135557/received_data/SBE09_0827_20180825_0756_26_01_0892.cnv
* Sea-Bird SBE 9 Data File:
* FileName = D:\CTD_SBE911\DAT\26DA.2018.8.92.hex
* Software Version Seasave V 7.21d
* Temperature SN = 034605
* Conductivity SN = 041844
* Number of Bytes Per Scan = 48
* Number of Voltage Words = 5
* Number of Scans Averaged by the Deck Unit = 1
* NMEA Latitude = 57 46.36 N
* NMEA Longitude = 011 17.56 E
* NMEA UTC (Time) = Aug 25 2018  07:58:51
* NMEA baud rate = 4800
** Ship: DANA
** Average sound velocity: 1507.06 m/s
** True-depth calculation Thu, 28 Mar 2019 09:27:15 +0000
** CTD Python Module SMHI /ver 3-12/ feb 2012 
** LIMS Job: 20182601-0892
**  7 W STORA PØLSAN
** Operator: Christian
** Cruise: 08/2018
# nquan = 26
# nvalues = 133                         
# units = specified
# name 0 = scan: Scan Count
# name 1 = prDM: Pressure, Digiquartz [db]
# name 2 = t090C: Temperature [ITS-90, deg C]
# name 3 = t190C: Temperature, 2 [ITS-90, deg C]
# name 4 = T2-T190C: Temperature Difference, 2 - 1 [ITS-90, deg C]
# name 5 = c0S/m: Conductivity [S/m]
# name 6 = c1S/m: Conductivity, 2 [S/m]
# name 7 = pumps: Pump Status
# name 8 = sbeox1ML/L: Oxygen, SBE 43, 2 [ml/l]
# name 9 = sbeox0ML/L: Oxygen, SBE 43 [ml/l]
# name 10 = altM: Altimeter [m]
# name 11 = chloroflTC0: Chlorophyll, Turner Cyclops [ug/l]
# name 12 = cpar: CPAR/Corrected Irradiance [%]
# name 13 = par: PAR/Irradiance, Biospherical/Lico [µE/(cm^2*s)]
# name 14 = spar: SPAR, Biospherical/Licor
# name 15 = sal00: Salinity, Practical [PSU]
# name 16 = sal11: Salinity, Practical, 2 [PSU]
# name 17 = secS-priS: Salinity, Practical, Difference, 2 - 1 [PSU]
# name 18 = sigma-t00: Density [sigma-t, kg/m^3 ]
# name 19 = sigma-t11: Density, 2 [sigma-t, kg/m^3 ]
# name 20 = depSM: Depth [salt water, m], lat = 57.7727
# name 21 = depFM: Depth [true depth, m], lat = 57.7727
# name 22 = dz/dtM: Descent Rate [m/s], WS = 2
# name 23 = svCM: Sound Velocity [Chen-Millero, m/s]
# name 24 = svCM1: Sound Velocity, 2 [Chen-Millero, m/s]
# name 25 = flag: flag
# span 0 =         46,       6561       
# span 1 =      0.500,     66.500       
# span 2 =     8.9524,    18.0146       
# span 3 =     8.9456,    18.0209       
# span 4 =    -0.3282,     0.0381       
# span 5 =   3.594658,   4.241185       
# span 6 =   3.595790,   4.241767       
# span 7 =          1,          1       
# span 8 =     4.0878,     5.6753       
# span 9 =     4.0654,     5.4318       
# span 10 =       3.89,       9.98      
# span 11 = 1.3331e-09,     0.2284      
# span 12 = -6.455e-07, 3.9199e+01      
# span 13 = -1.245e-05, 7.6229e+02      
# span 14 = 1.9313e+03, 1.9568e+03      
# span 15 =    30.8827,    33.7581      
# span 16 =    30.8834,    33.7764      
# span 17 =    -0.0357,     0.1924      
# span 18 =    22.1777,    26.1532      
# span 19 =    22.1782,    26.1686      
# span 20 =      0.495,     65.874      
# span 21 =      0.498,     66.165      
# span 22 =      0.058,      0.855      
# span 23 =    1485.59,    1512.54      
# span 24 =    1485.59,    1512.53      
# span 25 = 0.0000e+00, 0.0000e+00      
# interval = decibars: 0.5              
# start_time = Aug 25 2018 07:58:52 [NMEA time, first data scan]
# bad_flag = -9.990e-29
*END*
[from data line 56]
       2530     28.500    17.4422    17.4396    -0.0026    4.22236    4.22296          1     5.4402     5.1566       9.97     0.0724  7.504e-02  1.456e+00  1.940e+03    32.3106    32.3177     0.0071    23.3471    23.3532     28.234     28.380      0.225    1511.55    1511.55  0.000e+00
       2578     29.000    17.4463    17.4464     0.0001    4.22479    4.22545          1     5.4176     5.1474       9.97     0.0714  6.965e-02  1.347e+00  1.934e+03    32.3278    32.3333     0.0055    23.3594    23.3636     28.730     28.878      0.327    1511.59    1511.60  0.000e+00
       2615     29.500    17.4401    17.4357    -0.0044    4.22576    4.22628          1     5.4295     5.1500       9.97     0.0687  6.490e-02  1.258e+00  1.938e+03    32.3409    32.3488     0.0080    23.3708    23.3780     29.225     29.376      0.279    1511.60    1511.59  0.000e+00
       2663     30.000    17.4166    17.4119    -0.0047    4.22445    4.22490          1     5.4257     5.1389       9.97     0.0684  5.974e-02  1.161e+00  1.943e+03    32.3482    32.3559     0.0077    23.3820    23.3890     29.720     29.873      0.259    1511.55    1511.54  0.000e+00
       2708     30.500    17.4310    17.4351     0.0041    4.22866    4.22921          1     5.4252     5.1285       9.97     0.0629  5.564e-02  1.079e+00  1.939e+03    32.3725    32.3740     0.0015    23.3972    23.3974     30.216     30.371      0.251    1511.62    1511.64  0.000e+00
       2757     31.000    17.4698    17.4715     0.0017    4.23519    4.23549          1     5.4005     5.1372       9.97     0.0600  5.163e-02  1.000e+00  1.937e+03    32.3972    32.3984     0.0012    23.4069    23.4074     30.711     30.868      0.259    1511.78    1511.78  0.000e+00
       2801     31.500    17.4680    17.4675    -0.0006    4.23669    4.23724          1     5.3981     5.1154       9.97     0.0583  4.773e-02  9.249e-01  1.938e+03    32.4113    32.4164     0.0051    23.4181    23.4222     31.206     31.366      0.251    1511.80    1511.80  0.000e+00
       2855     32.000    17.4631    17.4621    -0.0010    4.23794    4.23828          1     5.3853     5.1259       9.97     0.0542  4.434e-02  8.594e-01  1.938e+03    32.4257    32.4294     0.0037    23.4303    23.4334     31.702     31.864      0.243    1511.80    1511.81  0.000e+00
       2895     32.500    17.4556    17.4528    -0.0028    4.23863    4.23907          1     5.3842     5.1251       9.97     0.0525  4.094e-02  7.932e-01  1.937e+03    32.4374    32.4434     0.0061    23.4411    23.4464     32.197     32.361      0.312    1511.80    1511.80  0.000e+00
       2940     33.000    17.4513    17.4501    -0.0012    4.23871    4.23915          1     5.3996     5.1275       9.97     0.0522  3.809e-02  7.374e-01  1.936e+03    32.4413    32.4461     0.0047    23.4451    23.4490     32.692     32.859      0.211    1511.80    1511.81  0.000e+00
       3003     33.500    17.4468    17.4448    -0.0020    4.23851    4.23891          1     5.4078     5.1215       9.97     0.0506  3.521e-02  6.822e-01  1.937e+03    32.4431    32.4481     0.0050    23.4475    23.4519     33.187     33.356      0.270    1511.80    1511.80  0.000e+00
       3038     34.000    17.4381    17.4349    -0.0032    4.23794    4.23838          1     5.3957     5.1054       9.97     0.0502  3.290e-02  6.365e-01  1.935e+03    32.4450    32.4513     0.0063    23.4511    23.4567     33.683     33.854      0.357    1511.79    1511.78  0.000e+00
       3083     34.500    17.4195    17.4127    -0.0068    4.23660    4.23685          1     5.4156     5.1311       9.97     0.0515  2.978e-02  5.761e-01  1.935e+03    32.4483    32.4558     0.0076    23.4580    23.4654     34.178     34.352      0.235    1511.74    1511.73  0.000e+00
       3135     35.000    17.4078    17.4065    -0.0014    4.23586    4.23632          1     5.4125     5.1470       9.97     0.0520  2.759e-02  5.351e-01  1.939e+03    32.4510    32.4561     0.0051    23.4629    23.4671     34.673     34.849      0.322    1511.72    1511.72  0.000e+00
       3172     35.500    17.4026    17.3989    -0.0037    4.23576    4.23615          1     5.4212     5.1450       9.97     0.0503  2.547e-02  4.935e-01  1.938e+03    32.4542    32.4605     0.0063    23.4665    23.4722     35.169     35.347      0.249    1511.71    1511.71  0.000e+00
       3258     36.000    17.3766    17.3743    -0.0024    4.23364    4.23414          1     5.4061     5.1379       9.97     0.0507  2.302e-02  4.461e-01  1.938e+03    32.4567    32.4629     0.0062    23.4746    23.4799     35.664     35.844      0.250    1511.65    1511.65  0.000e+00
       3298     36.500    17.3673    17.3660    -0.0013    4.23289    4.23352          1     5.3982     5.1483       9.97     0.0509  2.112e-02  4.079e-01  1.931e+03    32.4576    32.4640     0.0065    23.4775    23.4827     36.159     36.342      0.309    1511.63    1511.63  0.000e+00
       3371     37.000    17.3598    17.3591    -0.0007    4.23237    4.23288          1     5.4262     5.1428       9.97     0.0497  1.923e-02  3.722e-01  1.936e+03    32.4590    32.4639     0.0049    23.4803    23.4843     36.655     36.840      0.236    1511.62    1511.62  0.000e+00
       3421     37.500    17.3608    17.3604    -0.0004    4.23288    4.23334          1     5.4267     5.1348       9.97     0.0482  1.774e-02  3.426e-01  1.932e+03    32.4623    32.4666     0.0043    23.4826    23.4860     37.150     37.337      0.341    1511.63    1511.64  0.000e+00
       3458     38.000    17.3558    17.3528    -0.0031    4.23283    4.23329          1     5.3888     5.1437       9.97     0.0478  1.596e-02  3.095e-01  1.939e+03    32.4657    32.4721     0.0064    23.4864    23.4920     37.645     37.835      0.254    1511.63    1511.63  0.000e+00
       3532     38.500    17.3414    17.3395    -0.0019    4.23247    4.23298          1     5.4299     5.1481       9.97     0.0465  1.445e-02  2.799e-01  1.937e+03    32.4740    32.4799     0.0059    23.4962    23.5011     38.140     38.332      0.247    1511.60    1511.61  0.000e+00
       3577     39.000    17.3289    17.3269    -0.0020    4.23203    4.23253          1     5.3832     5.1375       9.97     0.0469  1.305e-02  2.526e-01  1.936e+03    32.4801    32.4860     0.0059    23.5038    23.5088     38.636     38.830      0.230    1511.58    1511.58  0.000e+00
       3653     39.500    17.3182    17.3160    -0.0022    4.23147    4.23192          1     5.4326     5.1444       9.97     0.0458  1.170e-02  2.265e-01  1.936e+03    32.4837    32.4894     0.0056    23.5091    23.5140     39.131     39.328      0.295    1511.56    1511.56  0.000e+00
       3687     40.000    17.3103    17.3080    -0.0024    4.23105    4.23152          1     5.4530     5.1475       9.97     0.0465  1.027e-02  1.989e-01  1.937e+03    32.4863    32.4922     0.0059    23.5130    23.5180     39.626     39.825      0.285    1511.55    1511.55  0.000e+00
       3764     40.500    17.3029    17.3022    -0.0007    4.23104    4.23154          1     5.4440     5.1585       9.97     0.0458  9.177e-03  1.779e-01  1.939e+03    32.4919    32.4968     0.0049    23.5190    23.5229     40.121     40.323      0.265    1511.54    1511.54  0.000e+00
       3803     41.000    17.3099    17.3110     0.0011    4.23358    4.23412          1     5.4282     5.1410       9.97     0.0452  8.028e-03  1.558e-01  1.941e+03    32.5079    32.5117     0.0038    23.5296    23.5322     40.617     40.820      0.315    1511.59    1511.60  0.000e+00
       3859     41.500    17.3139    17.3140     0.0000    4.23489    4.23543          1     5.4178     5.1228       9.97     0.0435  6.911e-03  1.340e-01  1.939e+03    32.5157    32.5203     0.0046    23.5346    23.5382     41.112     41.318      0.181    1511.62    1511.62  0.000e+00
       3929     42.000    17.3134    17.3098    -0.0036    4.23519    4.23554          1     5.4203     5.1197       9.97     0.0436  5.965e-03  1.157e-01  1.940e+03    32.5185    32.5245     0.0059    23.5369    23.5423     41.607     41.815      0.223    1511.63    1511.63  0.000e+00
       3977     42.500    17.2769    17.2715    -0.0054    4.23300    4.23340          1     5.4092     5.1161       9.97     0.0433  4.959e-03  9.595e-02  1.935e+03    32.5289    32.5367     0.0078    23.5535    23.5608     42.103     42.313      0.231    1511.54    1511.53  0.000e+00
       4034     43.000    17.2933    17.2984     0.0051    4.24014    4.24129          1     5.3944     5.0911       9.97     0.0417  4.103e-03  7.952e-02  1.938e+03    32.5769    32.5826     0.0057    23.5864    23.5896     42.598     42.810      0.236    1511.65    1511.67  0.000e+00
       4084     43.500    17.2748    17.2656    -0.0092    4.24118    4.24177          1     5.3688     5.0799       9.97     0.0410  3.299e-03  6.402e-02  1.941e+03    32.6005    32.6130     0.0124    23.6089    23.6206     43.093     43.308      0.209    1511.63    1511.62  0.000e+00
       4142     44.000    17.2017    17.1950    -0.0067    4.23811    4.23872          1     5.3455     5.0960       9.97     0.0403  2.496e-03  4.836e-02  1.938e+03    32.6329    32.6437     0.0107    23.6509    23.6608     43.588     43.805      0.222    1511.46    1511.45  0.000e+00
       4195     44.500    17.1797    17.1771    -0.0027    4.23859    4.23914          1     5.3753     5.0866       9.97     0.0399  1.719e-03  3.337e-02  1.941e+03    32.6547    32.6615     0.0069    23.6728    23.6787     44.084     44.303      0.219    1511.42    1511.42  0.000e+00
       4259     45.000    17.1619    17.1564    -0.0055    4.23970    4.24039          1     5.3514     5.0618       9.97     0.0388  1.031e-03  1.997e-02  1.937e+03    32.6784    32.6888     0.0104    23.6952    23.7044     44.579     44.800      0.211    1511.41    1511.40  0.000e+00
       4308     45.500    17.1226    17.1124    -0.0102    4.23719    4.23773          1     5.2994     5.0323       9.97     0.0377  3.807e-04  7.378e-03  1.938e+03    32.6884    32.7014     0.0130    23.7121    23.7244     45.074     45.298      0.289    1511.31    1511.29  0.000e+00
       4354     46.000    17.0762    17.0650    -0.0111    4.23369    4.23419          1     5.2652     5.0198       9.97     0.0395 -6.455e-07 -1.245e-05  1.937e+03    32.6958    32.7091     0.0134    23.7286    23.7415     45.569     45.795      0.213    1511.18    1511.17  0.000e+00
       4415     46.500    17.0074    16.9931    -0.0143    4.22796    4.22861          1     5.2964     5.0009       9.97     0.0379 -2.361e-07 -4.580e-06  1.934e+03    32.7019    32.7192     0.0173    23.7494    23.7660     46.065     46.293      0.256    1510.99    1510.97  0.000e+00
       4451     47.000    16.9281    16.9048    -0.0234    4.22121    4.22155          1     5.2817     4.9802       9.97     0.0383  5.145e-14  1.000e-12  1.944e+03    32.7078    32.7296     0.0218    23.7725    23.7947     46.560     46.790      0.376    1510.77    1510.72  0.000e+00
       4484     47.500    16.8200    16.7689    -0.0510    4.21217    4.21122          1     5.1985     4.8519       9.97     0.0391  5.152e-14  1.000e-12  1.941e+03    32.7172    32.7506     0.0334    23.8048    23.8423     47.055     47.288      0.297    1510.46    1510.34  0.000e+00
       4541     48.000    16.6643    16.6355    -0.0289    4.19854    4.19930          1     5.0798     4.7769       9.97     0.0410  5.164e-14  1.000e-12  1.936e+03    32.7256    32.7557     0.0302    23.8473    23.8771     47.551     47.785      0.205    1510.00    1509.95  0.000e+00
       4589     48.500    16.4215    16.3710    -0.0507    4.17662    4.17744          1     5.0734     4.8153       9.97     0.0401  5.146e-14  1.000e-12  1.943e+03    32.7328    32.7814     0.0487    23.9086    23.9575     48.046     48.283      0.306    1509.28    1509.18  0.000e+00
       4625     49.000    16.2109    16.1627    -0.0479    4.15780    4.15887          1     5.0457     4.7008       9.97     0.0391  5.161e-14  1.000e-12  1.938e+03    32.7404    32.7895     0.0492    23.9625    24.0112     48.541     48.780      0.327    1508.65    1508.55  0.000e+00
       4665     49.500    16.0291    15.9542    -0.0748    4.14095    4.13948          1     4.9311     4.6062       9.97     0.0389  5.173e-14  1.000e-12  1.933e+03    32.7416    32.7905     0.0489    24.0045    24.0589     49.036     49.277      0.274    1508.10    1507.92  0.000e+00
       4711     50.000    15.8566    15.8033    -0.0535    4.12840    4.12857          1     4.8297     4.4687       9.97     0.0392  5.170e-14  1.000e-12  1.934e+03    32.7730    32.8187     0.0457    24.0673    24.1144     49.532     49.775      0.297    1507.60    1507.49  0.000e+00
       4744     50.500    15.7625    15.7411    -0.0213    4.12246    4.12417          1     4.7133     4.3612       9.97     0.0397  5.161e-14  1.000e-12  1.938e+03    32.7981    32.8310     0.0329    24.1076    24.1377     50.027     50.272      0.390    1507.35    1507.32  0.000e+00
       4777     51.000    15.7078    15.6563    -0.0515    4.11780    4.11789          1     4.6389     4.4031       9.97     0.0401  5.146e-14  1.000e-12  1.943e+03    32.8019    32.8456     0.0437    24.1228    24.1678     50.522     50.769      0.292    1507.19    1507.08  0.000e+00
       4840     51.500    15.5387    15.4917    -0.0471    4.10472    4.10571          1     4.6776     4.4610       9.97     0.0405  5.151e-14  1.000e-12  1.942e+03    32.8259    32.8740     0.0481    24.1787    24.2260     51.017     51.266      0.289    1506.70    1506.61  0.000e+00
       4871     52.000    15.2793    15.1547    -0.1247    4.08368    4.08357          1     4.6690     4.5266       9.97     0.0402  5.155e-14  1.000e-12  1.940e+03    32.8540    32.9577     0.1037    24.2573    24.3642     51.513     51.764      0.431    1505.92    1505.65  0.000e+00
       4902     52.500    14.9646    14.7893    -0.1750    4.05611    4.05044          1     4.7175     4.5827       9.97     0.0389  5.155e-14  1.000e-12  1.940e+03    32.8696    32.9662     0.0966    24.3375    24.4496     52.008     52.261      0.307    1504.95    1504.50  0.000e+00
       4967     53.000    14.5871    14.4831    -0.1034    4.02204    4.02090          1     4.8135     4.6764       9.97     0.0391  5.158e-14  1.000e-12  1.939e+03    32.8787    32.9565     0.0778    24.4252    24.5073     52.503     52.758      0.280    1503.76    1503.52  0.000e+00
       5002     53.500    14.2263    14.0704    -0.1566    3.99112    3.99228          1     4.8642     4.6171       9.97     0.0389  5.162e-14  1.000e-12  1.937e+03    32.9019    33.0462     0.1443    24.5191    24.6628     52.998     53.255      0.427    1502.63    1502.29  0.000e+00
       5030     54.000    13.7990    13.5315    -0.2674    3.96157    3.95619          1     4.7935     4.4648       9.97     0.0377  5.160e-14  1.000e-12  1.938e+03    32.9947    33.1756     0.1809    24.6790    24.8734     53.494     53.752      0.373    1501.35    1500.69  0.000e+00
       5077     54.500    13.1857    12.8571    -0.3282    3.91804    3.90793          1     4.5990     4.3777       9.97     0.0403  5.143e-14  1.000e-12  1.944e+03    33.1183    33.3107     0.1924    24.8980    25.1119     53.989     54.249      0.230    1499.48    1498.61  0.000e+00
       5123     55.000    12.4233    12.2223    -0.2003    3.85617    3.85438          1     4.5661     4.3960       9.97     0.0391  5.145e-14  1.000e-12  1.944e+03    33.1991    33.3603     0.1612    25.1102    25.2737     54.484     54.746      0.374    1497.02    1496.53  0.000e+00
       5153     55.500    12.1631    12.0748    -0.0882    3.83884    3.84248          1     4.5510     4.3854       9.97     0.0389  5.145e-14  1.000e-12  1.944e+03    33.2630    33.3768     0.1139    25.2094    25.3145     54.979     55.243      0.350    1496.22    1496.06  0.000e+00
