ctdpy/exports/archive_20191120_135557/received_data/SBE09_0827_20180227_1204_26_01_0327.cnv
* Sea-Bird SBE 9 Data File:
* FileName = D:\CTD_SBE911\DAT\26DA.2018.3.27.hex
* Software Version Seasave V 7.21d
* Temperature SN = 034757
* Conductivity SN = 041844
* Number of Bytes Per Scan = 48
* Number of Voltage Words = 5
* Number of Scans Averaged by the Deck Unit = 1
* NMEA Latitude = 56 07.30 N
* NMEA Longitude = 019 55.13 E
* NMEA UTC (Time) = Feb 27 2018  12:04:23
* NMEA baud rate = 4800
** Ship: DANA
** Average sound velocity: 1429.93 m/s
** True-depth calculation Tue, 02 Apr 2019 12:07:44 +0000
** CTD Python Module SMHI /ver 3-12/ feb 2012 
** LIMS Job: 20182601-0327
** Operator:
** Cruise: 02/2018
# nquan = 26
# nvalues = 122                         
# units = specified
# name 0 = scan: Scan Count
# name 1 = prDM: Pressure, Digiquartz [db]
# name 2 = t090C: Temperature [ITS-90, deg C]
# name 3 = t190C: Temperature, 2 [ITS-90, deg C]
# name 4 = T2-T190C: Temperature Difference, 2 - 1 [ITS-90, deg C]
# name 5 = c0S/m: Conductivity [S/m]
# name 6 = c1S/m: Conductivity, 2 [S/m]
# name 7 = pumps: Pump Status
# name 8 = sbeox1ML/L: Oxygen, SBE 43, 2 [ml/l]
# name 9 = sbeox0ML/L: Oxygen, SBE 43 [ml/l]
# name 10 = altM: Altimeter [m]
# name 11 = chloroflTC0: Chlorophyll, Turner Cyclops [ug/l]
# name 12 = cpar: CPAR/Corrected Irradiance [%]
# name 13 = par: PAR/Irradiance, Biospherical/Lico [µE/(cm^2*s)]
# name 14 = spar: SPAR, Biospherical/Licor
# name 15 = sal00: Salinity, Practical [PSU]
# name 16 = sal11: Salinity, Practical, 2 [PSU]
# name 17 = secS-priS: Salinity, Practical, Difference, 2 - 1 [PSU]
# name 18 = sigma-t00: Density [sigma-t, kg/m^3 ]
# name 19 = sigma-t11: Density, 2 [sigma-t, kg/m^3 ]
# name 20 = depSM: Depth [salt water, m], lat = 56.1217
# name 21 = depFM: Depth [true depth, m], lat = 56.1217
# name 22 = dz/dtM: Descent Rate [m/s], WS = 2
# name 23 = svCM: Sound Velocity [Chen-Millero, m/s]
# name 24 = svCM1: Sound Velocity, 2 [Chen-Millero, m/s]
# name 25 = flag: flag
# span 0 =         33,       6827       
# span 1 =      1.500,     62.000       
# span 2 =     3.2524,     5.7188       
# span 3 =     3.2518,     5.7204       
# span 4 =    -0.0031,     0.5392       
# span 5 =   0.765768,   1.099015       
# span 6 =   0.765171,   1.098346       
# span 7 =          1,          1       
# span 8 =     1.4787,     8.4445       
# span 9 =     1.4999,     8.4186       
# span 10 =       0.69,      10.00      
# span 11 =     0.0112,     0.0160      
# span 12 = -1.428e-11, 8.6184e+00      
# span 13 = -5.800e-11, 3.7806e+01      
# span 14 = 3.4305e+02, 4.3866e+02      
# span 15 =     7.4231,    10.1531      
# span 16 =     7.4168,    10.1462      
# span 17 =    -0.0341,     0.2130      
# span 18 =     5.9151,     7.9905      
# span 19 =     5.9101,     7.9851      
# span 20 =      1.486,     61.426      
# span 21 =      1.519,     62.764      
# span 22 =     -0.321,      1.319      
# span 23 =    1427.95,    1443.29      
# span 24 =    1427.93,    1443.28      
# span 25 = 0.0000e+00, 0.0000e+00      
# interval = decibars: 0.5              
# start_time = Feb 27 2018 12:04:24 [NMEA time, first data scan]
# bad_flag = -9.990e-29
*END*
[from data line 112]
       5598     57.500     5.1466     5.1917     0.0453    1.05415    1.05681          1     2.0699     1.9751       5.54     0.0153  2.914e-13  1.000e-12  3.432e+02     9.8741     9.8877     0.0136     7.8008     7.8093     56.968     58.217      0.289    1440.40    1440.61  0.000e+00
       5664     58.000     5.2397     5.2649     0.0252    1.06400    1.06316          1     1.9860     1.9537       5.03     0.0147  2.914e-13  1.000e-12  3.432e+02     9.9458     9.9300    -0.0159     7.8529     7.8391     57.464     58.722      0.473    1440.90    1440.99  0.000e+00
       5687     58.500     5.2898     5.3103     0.0204    1.06795    1.06682          1     1.9641     1.9297       4.52     0.0150  2.915e-13  1.000e-12  3.431e+02     9.9707     9.9532    -0.0175     7.8700     7.8551     57.959     59.228      0.474    1441.16    1441.22  0.000e+00
       5719     59.000     5.3697     5.4049     0.0353    1.07368    1.07313          1     1.9160     1.8895       3.98     0.0155  2.914e-13  1.000e-12  3.432e+02    10.0044     9.9884    -0.0161     7.8925     7.8779     58.454     59.733      0.309    1441.55    1441.69  0.000e+00
       5835     59.500     5.4743     5.4951     0.0207    1.08032    1.07943          1     1.8050     1.8147       3.45     0.0158  2.904e-13  1.000e-12  3.443e+02    10.0398    10.0247    -0.0152     7.9148     7.9017     58.949     60.238      0.365    1442.06    1442.13  0.000e+00
       5857     60.000     5.5338     5.5585     0.0246    1.08412    1.08343          1     1.7919     1.7825       2.91     0.0156  2.897e-13  1.000e-12  3.452e+02    10.0600    10.0457    -0.0143     7.9275     7.9149     59.445     60.743      0.396    1442.35    1442.44  0.000e+00
       6223     60.500     5.6617     5.6860     0.0243    1.09442    1.09421          1     1.6333     1.6168       2.35     0.0158  2.884e-13  1.000e-12  3.467e+02    10.1245    10.1151    -0.0094     7.9712     7.9624     59.940     61.249      0.285    1442.99    1443.08  0.000e+00
       6554     61.000     5.7185     5.7204     0.0019    1.09883    1.09822          1     1.4998     1.5128       1.80     0.0159  2.874e-13  1.000e-12  3.479e+02    10.1514    10.1448    -0.0067     7.9892     7.9838     60.435     61.754      0.339    1443.27    1443.27  0.000e+00
       6761     61.500     5.7188     5.7196     0.0008    1.09892    1.09824          1     1.4958     1.4999       1.28     0.0159  2.863e-13  1.000e-12  3.493e+02    10.1521    10.1452    -0.0069     7.9897     7.9842     60.931     62.259      0.377    1443.28    1443.28  0.000e+00
       6827     62.000     5.7184     5.7190     0.0005    1.09902    1.09835          1     1.4787     1.5002       0.69     0.0160  2.851e-13  1.000e-12  3.508e+02    10.1531    10.1462    -0.0068     7.9905     7.9851     61.426     62.764     -0.321    1443.29    1443.28  0.000e+00
