ctdpy/exports/archive_20191120_135557/received_data/SBE09_1044_20180127_2338_34_02_0022.cnv
* Sea-Bird SBE 9 Data File:
* FileName = C:\ctd\temp\2018\ME18D022.hex
* Software Version Seasave V 7.26.6.26
* Temperature SN = 5351
* Conductivity SN = 3941
* Number of Bytes Per Scan = 41
* Number of Voltage Words = 4
* Number of Scans Averaged by the Deck Unit = 1
* NMEA Latitude = 55 33.33 N
* NMEA Longitude = 018 24.04 E
* NMEA UTC (Time) = Jan 27 2018  23:39:03
* NMEA baud rate = 4800
** Station:  BCS III-10
** Operator:  SSip
** Ship: MERI
** Average sound velocity: 1437.36 m/s
** True-depth calculation Sun, 28 Jan 2018 00:24:51 +0000
** CTD Python Module SMHI /ver 3-12/ feb 2012 
** LIMS Job: 20183402-0022
** Cruise: SMHI-01-2018
** Latitude [GG MM.mm N] :
** Longitude [GG MM.mm E]:
# nquan = 26
# nvalues = 169                         
# units = specified
# name 0 = scan: Scan Count
# name 1 = prDM: Pressure, Digiquartz [db]
# name 2 = t090C: Temperature [ITS-90, deg C]
# name 3 = t190C: Temperature, 2 [ITS-90, deg C]
# name 4 = T2-T190C: Temperature Difference, 2 - 1 [ITS-90, deg C]
# name 5 = c0S/m: Conductivity [S/m]
# name 6 = c1S/m: Conductivity, 2 [S/m]
# name 7 = pumps: Pump Status
# name 8 = sbeox0ML/L: Oxygen, SBE 43 [ml/l]
# name 9 = sbeox1ML/L: Oxygen, SBE 43, 2 [ml/l]
# name 10 = altM: Altimeter [m]
# name 11 = flECO-AFL: Chl-a Fluorescence, WET Labs ECO-AFL/FL [mg/m^3]
# name 12 = flECO-AFL1: Phycocyanin Fluorescence, WET Labs ECO-AFL/FL, 2 [mg/m^3]
# name 13 = par: PAR/Irradiance, Biospherical/Lico [µE/(cm^2*s)]
# name 14 = turbWETntu0: Turbidity, WET Labs ECO [NTU]
# name 15 = sal00: Salinity, Practical [PSU]
# name 16 = sal11: Salinity, Practical, 2 [PSU]
# name 17 = secS-priS: Salinity, Practical, Difference, 2 - 1 [PSU]
# name 18 = sigma-t00: Density [sigma-t, Kg/m^3 ]
# name 19 = sigma-t11: Density, 2 [sigma-t, Kg/m^3 ]
# name 20 = depSM: Depth [salt water, m], lat = 55.5555
# name 21 = depFM: Depth [true depth, m], lat = 55.5555
# name 22 = dz/dtM: Descent Rate [m/s], WS = 2
# name 23 = svCM: Sound Velocity [Chen-Millero, m/s]
# name 24 = svCM1: Sound Velocity, 2 [Chen-Millero, m/s]
# name 25 = flag: flag
# span 0 =       6518,      14228       
# span 1 =      2.000,     86.000       
# span 2 =     4.6201,     6.0018       
# span 3 =     4.6212,     6.0023       
# span 4 =    -0.0338,     0.0062       
# span 5 =   0.790339,   1.174522       
# span 6 =   0.790331,   1.174492       
# span 7 =          1,          1       
# span 8 =    0.07033,    8.11161       
# span 9 =    0.12977,    8.10397       
# span 10 =       1.56,      98.77      
# span 11 =     0.2725,     0.5785      
# span 12 =     0.2265,     0.4019      
# span 13 = -8.969e-04, 5.9756e-02      
# span 14 =     0.1054,     0.2888      
# span 15 =     7.3641,    10.8133      
# span 16 =     7.3637,    10.8128      
# span 17 =    -0.0273,     0.0119      
# span 18 =     5.8347,     8.4935      
# span 19 =     5.8348,     8.4930      
# span 20 =      1.982,     85.203      
# span 21 =      2.025,     87.029      
# span 22 =     -0.053,      0.925      
# span 23 =    1434.05,    1445.71      
# span 24 =    1434.06,    1445.71      
# span 25 = 0.0000e+00, 0.0000e+00      
# interval = decibars: 0.5              
# start_time = Jan 27 2018 23:39:03 [NMEA time, first data scan]
# bad_flag = -9.990e-29
*END*
[from data line 112]
       8966     58.000     4.9721     4.9732     0.0011    0.84955    0.84964          1     6.1251     6.3438      32.06     0.3986     0.3147  1.000e-12  0.1650000     7.8676     7.8682     0.0006     6.2219     6.2223     57.466     58.731      0.613    1437.09    1437.09  0.000e+00
       8984     58.500     5.0408     5.0430     0.0022    0.86262    0.86280          1     5.6895     5.9833      31.61     0.3749     0.2939  1.000e-12  0.1420000     7.9812     7.9825     0.0013     6.3089     6.3099     57.962     59.237      0.646    1437.54    1437.55  0.000e+00
       9003     59.000     5.1186     5.1198     0.0012    0.87602    0.87636          1     5.1846     5.5551      31.06     0.3774     0.3006  1.000e-12  0.1602000     8.0957     8.0988     0.0031     6.3962     6.3986     58.457     59.743      0.570    1438.04    1438.05  0.000e+00
       9029     59.500     5.2131     5.2154     0.0023    0.90282    0.90407          1     4.3545     4.8331      26.13     0.3740     0.3296  1.000e-12  0.1480000     8.3387     8.3506     0.0119     6.5842     6.5935     58.952     60.249      0.396    1438.77    1438.79  0.000e+00
       9062     60.000     5.2845     5.2868     0.0024    0.92915    0.92978          1     3.4663     4.0073      29.13     0.3450     0.3244  1.000e-12  0.1359000     8.5825     8.5882     0.0056     6.7736     6.7780     59.448     60.755      0.472    1439.40    1439.41  0.000e+00
       9082     60.500     5.3287     5.3297     0.0011    0.94080    0.94092          1     3.1689     3.6789      28.76     0.2926     0.2984  1.000e-12  0.1153000     8.6869     8.6878     0.0010     6.8540     6.8547     59.943     61.261      0.704    1439.73    1439.73  0.000e+00
       9097     61.000     5.3537     5.3543     0.0006    0.94968    0.94961          1     3.0066     3.4836      28.29     0.2945     0.2637  1.000e-12  0.1209000     8.7686     8.7678    -0.0008     6.9173     6.9166     60.438     61.767      0.777    1439.95    1439.95  0.000e+00
       9112     61.500     5.3756     5.3763     0.0007    0.95579    0.95580          1     2.8532     3.3015      27.66     0.3329     0.2676  1.000e-12  0.1546000     8.8235     8.8235    -0.0000     6.9596     6.9596     60.934     62.273      0.704    1440.12    1440.12  0.000e+00
       9133     62.000     5.4065     5.4071     0.0005    0.96570    0.96567          1     2.7146     3.1206      26.80     0.3159     0.2684  1.000e-12  0.1381000     8.9138     8.9134    -0.0004     7.0294     7.0291     61.429     62.778      0.490    1440.38    1440.38  0.000e+00
       9166     62.500     5.4048     5.4054     0.0006    0.97160    0.97165          1     2.5601     2.9019      24.70     0.3118     0.2331  1.000e-12  0.1206000     8.9729     8.9732     0.0003     7.0761     7.0764     61.924     63.284      0.362    1440.45    1440.46  0.000e+00
       9193     63.000     5.3988     5.4000     0.0011    0.98099    0.98126          1     2.1902     2.5518      21.54     0.3268     0.2759  1.000e-12  0.1298000     9.0679     9.0703     0.0024     7.1515     7.1533     62.420     63.790      0.563    1440.56    1440.57  0.000e+00
       9212     63.500     5.4047     5.4055     0.0007    0.99280    0.99282          1     1.7769     2.1595      21.02     0.2962     0.2964  1.000e-12  0.1184000     9.1839     9.1839    -0.0001     7.2428     7.2427     62.915     64.295      0.685    1440.74    1440.74  0.000e+00
       9228     64.000     5.4175     5.4181     0.0006    1.00195    1.00194          1     1.4336     1.8295      21.51     0.2855     0.2890  1.000e-12  0.1152000     9.2716     9.2713    -0.0002     7.3113     7.3111     63.410     64.801      0.703    1440.91    1440.91  0.000e+00
       9246     64.500     5.4070     5.4080     0.0010    1.00761    1.00753          1     1.1707     1.5829      20.60     0.2727     0.2940  1.000e-12  0.1127000     9.3308     9.3298    -0.0010     7.3587     7.3578     63.905     65.306      0.605    1440.95    1440.95  0.000e+00
       9270     65.000     5.4060     5.4065     0.0005    1.01176    1.01171          1     1.0128     1.3907      21.61     0.2725     0.3018  1.000e-12  0.1075000     9.3725     9.3719    -0.0006     7.3917     7.3911     64.401     65.812      0.472    1441.01    1441.01  0.000e+00
       9297     65.500     5.4458     5.4460     0.0002    1.02255    1.02246          1     0.9366     1.2588      21.60     0.2833     0.2827  1.000e-12  0.1187000     9.4690     9.4680    -0.0010     7.4658     7.4650     64.896     66.318      0.448    1441.31    1441.31  0.000e+00
       9323     66.000     5.4660     5.4666     0.0006    1.03197    1.03189          1     0.8350     1.1091      22.01     0.3219     0.2704  1.000e-12  0.1374000     9.5573     9.5563    -0.0009     7.5344     7.5336     65.391     66.823      0.508    1441.52    1441.52  0.000e+00
       9345     66.500     5.4538     5.4546     0.0008    1.03817    1.03806          1     0.7220     0.9749      21.83     0.3042     0.2598  1.000e-12  0.1057000     9.6226     9.6213    -0.0013     7.5866     7.5856     65.887     67.328      0.587    1441.55    1441.55  0.000e+00
       9364     67.000     5.4575     5.4580     0.0006    1.04263    1.04256          1     0.6459     0.8844      21.51     0.2968     0.2448  1.000e-12  0.1080000     9.6660     9.6652    -0.0008     7.6207     7.6200     66.382     67.834      0.644    1441.63    1441.63  0.000e+00
       9382     67.500     5.4581     5.4585     0.0004    1.04471    1.04463          1     0.5975     0.8172      21.10     0.2962     0.3019  1.000e-12  0.1054000     9.6866     9.6857    -0.0009     7.6369     7.6362     66.877     68.339      0.651    1441.67    1441.67  0.000e+00
       9401     68.000     5.4838     5.4839     0.0001    1.05350    1.05331          1     0.5337     0.7390      20.53     0.2946     0.3003  1.000e-12  0.1079000     9.7669     9.7651    -0.0019     7.6989     7.6975     67.373     68.845      0.569    1441.89    1441.89  0.000e+00
       9426     68.500     5.5063     5.5064     0.0001    1.06156    1.06140          1     0.4551     0.6454      19.88     0.2877     0.2696  1.000e-12  0.1118000     9.8409     9.8393    -0.0016     7.7561     7.7549     67.868     69.350      0.429    1442.09    1442.09  0.000e+00
       9456     69.000     5.5163     5.5166     0.0003    1.06712    1.06696          1     0.3932     0.5604      19.26     0.3020     0.2718  1.000e-12  0.1119000     9.8935     9.8919    -0.0016     7.7971     7.7958     68.363     69.855      0.450    1442.21    1442.21  0.000e+00
       9479     69.500     5.5334     5.5334    -0.0000    1.07303    1.07292          1     0.3477     0.5002      18.85     0.3093     0.3076  1.000e-12  0.1195000     9.9476     9.9465    -0.0011     7.8388     7.8380     68.859     70.361      0.602    1442.36    1442.35  0.000e+00
       9497     70.000     5.5447     5.5452     0.0005    1.07683    1.07677          1     0.3120     0.4582      18.39     0.3091     0.3151  1.000e-12  0.1484000     9.9821     9.9813    -0.0008     7.8655     7.8648     69.354     70.866      0.676    1442.46    1442.46  0.000e+00
       9514     70.500     5.5561     5.5564     0.0003    1.08048    1.08045          1     0.2772     0.4134      17.88     0.2902     0.2990  1.000e-12  0.1296000    10.0152    10.0148    -0.0004     7.8909     7.8906     69.849     71.371      0.651    1442.55    1442.56  0.000e+00
       9535     71.000     5.5671     5.5674     0.0003    1.08395    1.08389          1     0.2464     0.3756      17.28     0.2910     0.3122  1.000e-12  0.1272000    10.0465    10.0458    -0.0007     7.9150     7.9145     70.345     71.877      0.535    1442.65    1442.65  0.000e+00
       9561     71.500     5.5799     5.5800     0.0001    1.08703    1.08696          1     0.2351     0.3486      16.68     0.2969     0.3035  1.000e-12  0.1373000    10.0734    10.0726    -0.0008     7.9355     7.9349     70.840     72.382      0.439    1442.75    1442.75  0.000e+00
       9587     72.000     5.5926     5.5927     0.0000    1.08950    1.08944          1     0.2322     0.3307      16.17     0.2904     0.3145  1.000e-12  0.1461000    10.0942    10.0935    -0.0007     7.9512     7.9507     71.335     72.887      0.516    1442.84    1442.84  0.000e+00
       9608     72.500     5.6064     5.6065     0.0002    1.09306    1.09302          1     0.2125     0.3055      15.69     0.2896     0.3075  1.000e-12  0.1469000    10.1256    10.1251    -0.0005     7.9752     7.9748     71.830     73.392      0.601    1442.94    1442.94  0.000e+00
       9628     73.000     5.6259     5.6264     0.0005    1.09844    1.09838          1     0.1859     0.2766      15.14     0.2980     0.3016  1.000e-12  0.1445000    10.1733    10.1726    -0.0007     8.0118     8.0112     72.326     73.898      0.615    1443.09    1443.10  0.000e+00
       9648     73.500     5.6486     5.6490     0.0004    1.10460    1.10455          1     0.1530     0.2434      14.63     0.3329     0.3016  1.000e-12  0.1596000    10.2280    10.2274    -0.0006     8.0536     8.0531     72.821     74.403      0.554    1443.27    1443.27  0.000e+00
       9672     74.000     5.6674     5.6678     0.0004    1.10909    1.10903          1     0.1314     0.2167      14.12     0.3231     0.3164  1.000e-12  0.1876000    10.2671    10.2664    -0.0007     8.0833     8.0827     73.316     74.908      0.481    1443.41    1443.41  0.000e+00
       9697     74.500     5.6800     5.6804     0.0004    1.11187    1.11181          1     0.1207     0.2016      13.61     0.3321     0.2438  1.000e-12  0.2065000    10.2909    10.2902    -0.0007     8.1014     8.1008     73.812     75.413      0.521    1443.50    1443.50  0.000e+00
       9718     75.000     5.6957     5.6960     0.0004    1.11497    1.11492          1     0.1213     0.1937      13.17     0.3335     0.2853  1.000e-12  0.2010000    10.3170    10.3164    -0.0006     8.1211     8.1206     74.307     75.918      0.578    1443.61    1443.61  0.000e+00
       9738     75.500     5.7124     5.7128     0.0004    1.11810    1.11805          1     0.1288     0.1965      12.69     0.3275     0.2819  1.000e-12  0.2027000    10.3431    10.3425    -0.0006     8.1407     8.1401     74.802     76.423      0.594    1443.72    1443.72  0.000e+00
       9759     76.000     5.7333     5.7331    -0.0001    1.12171    1.12160          1     0.1510     0.2099      12.18     0.3180     0.2580  1.000e-12  0.2084000    10.3726    10.3716    -0.0010     8.1627     8.1619     75.297     76.929      0.571    1443.86    1443.85  0.000e+00
       9781     76.500     5.7449     5.7449    -0.0000    1.12424    1.12414          1     0.1549     0.2102      11.64     0.3082     0.2525  1.000e-12  0.2073000    10.3943    10.3933    -0.0010     8.1791     8.1783     75.793     77.434      0.513    1443.94    1443.94  0.000e+00
       9806     77.000     5.7579     5.7573    -0.0005    1.12766    1.12743          1     0.1217     0.1832      11.05     0.2968     0.3618  1.000e-12  0.2220000    10.4242    10.4222    -0.0021     8.2019     8.2004     76.288     77.939      0.470    1444.04    1444.04  0.000e+00
       9831     77.500     5.7763     5.7761    -0.0002    1.13240    1.13228          1     0.0854     0.1455      10.54     0.2969     0.3157  1.000e-12  0.2272000    10.4658    10.4646    -0.0011     8.2336     8.2327     76.783     78.444      0.519    1444.18    1444.18  0.000e+00
       9852     78.000     5.7938     5.7942     0.0004    1.13584    1.13580          1     0.0703     0.1298      10.07     0.2975     0.2841  1.000e-12  0.2107000    10.4946    10.4941    -0.0005     8.2553     8.2548     77.279     78.949      0.600    1444.30    1444.30  0.000e+00
       9871     78.500     5.8259     5.8259    -0.0000    1.14210    1.14199          1     0.0746     0.1352       9.59     0.2969     0.2443  1.000e-12  0.2140000    10.5470    10.5459    -0.0011     8.2947     8.2938     77.774     79.454      0.644    1444.51    1444.51  0.000e+00
       9890     79.000     5.8552     5.8558     0.0006    1.14819    1.14822          1     0.0827     0.1406       9.10     0.2923     0.2332  1.000e-12  0.2207000    10.5984    10.5986     0.0001     8.3334     8.3335     78.269     79.959      0.593    1444.71    1444.71  0.000e+00
       9913     79.500     5.8688     5.8686    -0.0002    1.15115    1.15104          1     0.0924     0.1446       8.49     0.2853     0.2691  1.000e-12  0.2279000    10.6236    10.6226    -0.0010     8.3524     8.3516     78.764     80.464      0.479    1444.81    1444.81  0.000e+00
       9940     80.000     5.8984     5.8969    -0.0014    1.15668    1.15645          1     0.1004     0.1460       7.90     0.2800     0.3037  1.000e-12  0.2254000    10.6694    10.6675    -0.0019     8.3866     8.3852     79.260     80.969      0.462    1445.00    1444.99  0.000e+00
       9964     80.500     5.9282     5.9273    -0.0009    1.16162    1.16137          1     0.1035     0.1489       7.48     0.2795     0.3032  1.000e-12  0.2264000    10.7090    10.7069    -0.0022     8.4160     8.4144     79.755     81.474      0.559    1445.19    1445.18  0.000e+00
       9983     81.000     5.9396     5.9397     0.0001    1.16391    1.16380          1     0.1105     0.1523       7.03     0.2972     0.2881  1.000e-12  0.2401000    10.7282    10.7271    -0.0011     8.4304     8.4295     80.250     81.979      0.626    1445.27    1445.27  0.000e+00
      10002     81.500     5.9478     5.9480     0.0002    1.16532    1.16524          1     0.1106     0.1509       6.52     0.2969     0.3043  1.000e-12  0.2590000    10.7395    10.7387    -0.0008     8.4388     8.4381     80.745     82.484      0.613    1445.32    1445.32  0.000e+00
      10023     82.000     5.9526     5.9529     0.0003    1.16609    1.16603          1     0.1086     0.1501       5.93     0.3059     0.3106  1.000e-12  0.2637000    10.7456    10.7449    -0.0007     8.4433     8.4427     81.241     82.989      0.513    1445.36    1445.36  0.000e+00
      10050     82.500     5.9558     5.9561     0.0003    1.16673    1.16665          1     0.1104     0.1521       5.32     0.3009     0.2838  1.000e-12  0.2606000    10.7508    10.7499    -0.0009     8.4472     8.4465     81.736     83.494      0.396    1445.39    1445.39  0.000e+00
      10711     83.000     5.9603     5.9605     0.0002    1.16765    1.16756          1     0.1101     0.1481       4.75     0.2892     0.2660  1.000e-12  0.2644000    10.7585    10.7575    -0.0010     8.4530     8.4522     82.231     83.999      0.297    1445.42    1445.42  0.000e+00
      14095     83.500     5.9747     5.9747    -0.0001    1.17074    1.17061          1     0.1095     0.1443       4.38     0.2981     0.2265  1.000e-12  0.2704000    10.7845    10.7833    -0.0012     8.4726     8.4716     82.727     84.504      0.592    1445.53    1445.52  0.000e+00
      14110     84.000     5.9908     5.9904    -0.0005    1.17359    1.17347          1     0.1130     0.1517       3.89     0.2983     0.2919  1.000e-12  0.2888000    10.8078    10.8066    -0.0011     8.4898     8.4890     83.222     85.009      0.650    1445.63    1445.63  0.000e+00
      14129     84.500     5.9960     5.9954    -0.0006    1.17409    1.17397          1     0.1129     0.1482       3.40     0.3063     0.3075  1.000e-12  0.2854000    10.8109    10.8100    -0.0009     8.4920     8.4913     83.717     85.514      0.629    1445.67    1445.66  0.000e+00
      14149     85.000     6.0014     6.0015     0.0001    1.17450    1.17445          1     0.1118     0.1439       2.86     0.2972     0.2951  1.000e-12  0.2864000    10.8133    10.8127    -0.0006     8.4935     8.4930     84.212     86.019      0.558    1445.70    1445.70  0.000e+00
