ctdpy/exports/archive_20191120_135557/received_data/SBE09_1044_20180419_1943_34_07_0022.cnv
* Sea-Bird SBE 9 Data File:
* FileName = C:\ctd\temp\2018\AU18D022.hex
* Software Version Seasave V 7.26.6.26
* Temperature SN = 5351
* Conductivity SN = 3941
* Number of Bytes Per Scan = 41
* Number of Voltage Words = 4
* Number of Scans Averaged by the Deck Unit = 1
* NMEA Latitude = 57 07.02 N
* NMEA Longitude = 017 40.11 E
* NMEA UTC (Time) = Apr 19 2018  19:43:58
* NMEA baud rate = 4800
** Station:  BY38
** Operator:  A-KTh
** Ship: AURA
** Average sound velocity: 1432.18 m/s
** True-depth calculation Thu, 19 Apr 2018 20:40:24 +0000
** CTD Python Module SMHI /ver 3-12/ feb 2012 
** LIMS Job: 20183407-0022
** Cruise: SMHI-01-2018
** Latitude [GG MM.mm N] :
** Longitude [GG MM.mm E]:
# nquan = 26
# nvalues = 208                         
# units = specified
# name 0 = scan: Scan Count
# name 1 = prDM: Pressure, Digiquartz [db]
# name 2 = t090C: Temperature [ITS-90, deg C]
# name 3 = t190C: Temperature, 2 [ITS-90, deg C]
# name 4 = T2-T190C: Temperature Difference, 2 - 1 [ITS-90, deg C]
# name 5 = c0S/m: Conductivity [S/m]
# name 6 = c1S/m: Conductivity, 2 [S/m]
# name 7 = pumps: Pump Status
# name 8 = sbeox0ML/L: Oxygen, SBE 43 [ml/l]
# name 9 = sbeox1ML/L: Oxygen, SBE 43, 2 [ml/l]
# name 10 = altM: Altimeter [m]
# name 11 = flECO-AFL: Chl-a Fluorescence, WET Labs ECO-AFL/FL [mg/m^3]
# name 12 = flECO-AFL1: Phycocyanin Fluorescence, WET Labs ECO-AFL/FL, 2 [mg/m^3]
# name 13 = par: PAR/Irradiance, Biospherical/Lico [µE/(cm^2*s)]
# name 14 = turbWETntu0: Turbidity, WET Labs ECO [NTU]
# name 15 = sal00: Salinity, Practical [PSU]
# name 16 = sal11: Salinity, Practical, 2 [PSU]
# name 17 = secS-priS: Salinity, Practical, Difference, 2 - 1 [PSU]
# name 18 = sigma-t00: Density [sigma-t, Kg/m^3 ]
# name 19 = sigma-t11: Density, 2 [sigma-t, Kg/m^3 ]
# name 20 = depSM: Depth [salt water, m], lat = 57.117
# name 21 = depFM: Depth [true depth, m], lat = 57.117
# name 22 = dz/dtM: Descent Rate [m/s], WS = 2
# name 23 = svCM: Sound Velocity [Chen-Millero, m/s]
# name 24 = svCM1: Sound Velocity, 2 [Chen-Millero, m/s]
# name 25 = flag: flag
# span 0 =       8383,      13591       
# span 1 =      0.500,    104.000       
# span 2 =     2.4621,     5.6168       
# span 3 =     2.4633,     5.6175       
# span 4 =    -0.0280,     0.0706       
# span 5 =   0.739055,   1.111169       
# span 6 =   0.739052,   1.111166       
# span 7 =          1,          1       
# span 8 =    0.06256,   10.21902       
# span 9 =    0.05607,   10.02904       
# span 10 =       2.37,      98.68      
# span 11 =     0.2906,     4.3729      
# span 12 =     0.1791,     0.7766      
# span 13 = -4.462e-06, 4.1147e+00      
# span 14 =     0.1294,     2.5454      
# span 15 =     7.2032,    10.2983      
# span 16 =     7.2023,    10.2980      
# span 17 =    -0.0055,     0.0007      
# span 18 =     5.7241,     8.1108      
# span 19 =     5.7229,     8.1106      
# span 20 =      0.495,    103.018      
# span 21 =      0.506,    105.243      
# span 22 =     -0.245,      0.604      
# span 23 =    1425.06,    1443.70      
# span 24 =    1425.07,    1443.70      
# span 25 = 0.0000e+00, 0.0000e+00      
# interval = decibars: 0.5              
# start_time = Apr 19 2018 19:43:58 [NMEA time, first data scan]
# bad_flag = -9.990e-29
*END*
[from data line 112]
      11074     56.500     2.5204     2.5218     0.0015    0.74334    0.74328          1     8.7807     8.6003      53.58     0.4052     0.2449  1.000e-12  0.1482000     7.3492     7.3483    -0.0010     5.8617     5.8609     55.973     57.216      0.503    1425.30    1425.30  0.000e+00
      11097     57.000     2.4925     2.4978     0.0053    0.74410    0.74409          1     8.7795     8.6057      53.12     0.4235     0.2714  1.000e-12  0.1459000     7.3637     7.3624    -0.0013     5.8733     5.8722     56.468     57.722      0.535    1425.19    1425.22  0.000e+00
      11119     57.500     2.4621     2.4633     0.0012    0.74418    0.74414          1     8.8291     8.6559      52.63     0.4151     0.2670  1.000e-12  0.1490000     7.3715     7.3708    -0.0007     5.8796     5.8790     56.963     58.228      0.544    1425.07    1425.07  0.000e+00
      11141     58.000     2.4926     2.4909    -0.0017    0.74543    0.74533          1     8.7995     8.6045      52.09     0.3930     0.2714  1.000e-12  0.1531000     7.3777     7.3770    -0.0007     5.8845     5.8839     57.459     58.734      0.515    1425.23    1425.22  0.000e+00
      11166     58.500     2.5177     2.5196     0.0019    0.74659    0.74657          1     8.6921     8.4937      51.37     0.4017     0.2232  1.000e-12  0.1641000     7.3840     7.3835    -0.0005     5.8895     5.8891     57.954     59.241      0.472    1425.36    1425.37  0.000e+00
      11192     59.000     2.5029     2.5065     0.0037    0.74697    0.74694          1     8.5982     8.4265      49.90     0.4186     0.2445  1.000e-12  0.1659000     7.3915     7.3903    -0.0012     5.8955     5.8945     58.449     59.747      0.473    1425.31    1425.32  0.000e+00
      11216     59.500     2.4958     2.4976     0.0018    0.74890    0.74876          1     8.5573     8.3900      49.18     0.3930     0.2212  1.000e-12  0.1477000     7.4136     7.4117    -0.0019     5.9131     5.9116     58.944     60.253      0.512    1425.31    1425.32  0.000e+00
      11239     60.000     2.5265     2.5244    -0.0021    0.75128    0.75117          1     8.5526     8.3407      48.69     0.3941     0.2729  1.000e-12  0.1442000     7.4316     7.4309    -0.0007     5.9275     5.9270     59.440     60.760      0.536    1425.49    1425.48  0.000e+00
      11261     60.500     2.6890     2.6727    -0.0163    0.75779    0.75711          1     8.3229     8.0520      48.14     0.4047     0.2680  1.000e-12  0.1632000     7.4626     7.4591    -0.0035     5.9517     5.9490     59.935     61.266      0.524    1426.29    1426.21  0.000e+00
      11285     61.000     2.9246     2.9108    -0.0137    0.77198    0.77127          1     7.8755     7.5804      47.61     0.3930     0.2708  1.000e-12  0.1805000     7.5568     7.5526    -0.0043     6.0254     6.0221     60.430     61.772      0.498    1427.51    1427.44  0.000e+00
      11309     61.500     2.9890     2.9859    -0.0031    0.77845    0.77808          1     7.5332     7.2682      47.07     0.3922     0.3026  1.000e-12  0.1681000     7.6095     7.6064    -0.0031     6.0669     6.0644     60.926     62.278      0.492    1427.89    1427.87  0.000e+00
      11333     62.000     3.1237     3.1109    -0.0128    0.78810    0.78729          1     7.2514     6.9935      46.55     0.4131     0.2572  1.000e-12  0.1723000     7.6785     7.6732    -0.0054     6.1204     6.1163     61.421     62.785      0.501    1428.60    1428.54  0.000e+00
      11357     62.500     3.3063     3.2937    -0.0126    0.79999    0.79924          1     6.8536     6.5657      46.03     0.3688     0.2141  1.000e-12  0.1692000     7.7589     7.7542    -0.0047     6.1820     6.1784     61.916     63.291      0.496    1429.55    1429.49  0.000e+00
      11382     63.000     3.4794     3.4718    -0.0077    0.81129    0.81074          1     6.3809     6.0924      45.55     0.3478     0.2612  1.000e-12  0.1707000     7.8347     7.8309    -0.0038     6.2395     6.2366     62.411     63.797      0.497    1430.45    1430.41  0.000e+00
      11405     63.500     3.6397     3.6311    -0.0085    0.82314    0.82252          1     5.9550     5.6709      44.98     0.3371     0.2775  1.000e-12  0.1861000     7.9185     7.9142    -0.0043     6.3031     6.2999     62.907     64.303      0.518    1431.29    1431.25  0.000e+00
      11428     64.000     3.7824     3.7699    -0.0125    0.83648    0.83565          1     5.5491     5.2652      44.49     0.3478     0.2241  1.000e-12  0.1953000     8.0212     8.0157    -0.0055     6.3816     6.3775     63.402     64.809      0.535    1432.08    1432.01  0.000e+00
      11450     64.500     3.9727     3.9552    -0.0175    0.85119    0.85039          1     5.0747     4.7992      44.03     0.3414     0.2643  1.000e-12  0.1981000     8.1253     8.1214    -0.0039     6.4596     6.4570     63.897     65.315      0.524    1433.08    1432.99  0.000e+00
      11474     65.000     4.1879     4.1769    -0.0111    0.86738    0.86670          1     4.6028     4.3520      43.50     0.3307     0.2641  1.000e-12  0.2021000     8.2373     8.2332    -0.0041     6.5425     6.5396     64.392     65.821      0.493    1434.20    1434.14  0.000e+00
      11499     65.500     4.2593     4.2543    -0.0050    0.87579    0.87536          1     4.2353     4.0354      42.92     0.3326     0.2034  1.000e-12  0.2062000     8.3052     8.3021    -0.0032     6.5942     6.5919     64.888     66.327      0.479    1434.61    1434.58  0.000e+00
      11524     66.000     4.3641     4.3568    -0.0074    0.88621    0.88568          1     3.9356     3.7554      42.41     0.3109     0.1807  1.000e-12  0.2024000     8.3847     8.3812    -0.0035     6.6539     6.6514     65.383     66.833      0.494    1435.19    1435.15  0.000e+00
      11547     66.500     4.4542     4.4506    -0.0036    0.89645    0.89597          1     3.6448     3.4670      41.94     0.3231     0.2353  1.000e-12  0.2122000     8.4658     8.4618    -0.0039     6.7152     6.7122     65.878     67.339      0.521    1435.70    1435.68  0.000e+00
      11570     67.000     4.5302     4.5250    -0.0053    0.90590    0.90543          1     3.3700     3.2069      41.42     0.3467     0.2697  1.000e-12  0.2233000     8.5421     8.5386    -0.0035     6.7730     6.7704     66.373     67.845      0.538    1436.14    1436.12  0.000e+00
      11592     67.500     4.6040     4.6007    -0.0034    0.91386    0.91348          1     3.1404     2.9954      40.85     0.2942     0.2521  1.000e-12  0.2410000     8.6036     8.6006    -0.0029     6.8190     6.8168     66.868     68.350      0.533    1436.56    1436.54  0.000e+00
      11615     68.000     4.6501     4.6479    -0.0023    0.92012    0.91981          1     2.9512     2.8195      40.30     0.3183     0.2139  1.000e-12  0.2293000     8.6549     8.6524    -0.0025     6.8579     6.8560     67.364     68.856      0.508    1436.83    1436.82  0.000e+00
      11639     68.500     4.7000     4.6970    -0.0030    0.92775    0.92718          1     2.7401     2.6032      39.78     0.3212     0.2336  1.000e-12  0.2278000     8.7190     8.7140    -0.0050     6.9067     6.9029     67.859     69.362      0.481    1437.14    1437.12  0.000e+00
      11665     69.000     4.7656     4.7624    -0.0031    0.93892    0.93841          1     2.4681     2.3287      39.22     0.3320     0.2504  1.000e-12  0.2336000     8.8146     8.8102    -0.0044     6.9798     6.9765     68.354     69.868      0.476    1437.56    1437.54  0.000e+00
      11690     69.500     4.7995     4.7983    -0.0012    0.94522    0.94495          1     2.2418     2.1202      38.72     0.3238     0.2724  1.000e-12  0.2456000     8.8691     8.8667    -0.0024     7.0216     7.0198     68.849     70.373      0.505    1437.79    1437.78  0.000e+00
      11712     70.000     4.8258     4.8241    -0.0016    0.94891    0.94867          1     2.1018     1.9929      38.24     0.3224     0.2209  1.000e-12  0.2558000     8.8993     8.8973    -0.0020     7.0444     7.0429     69.345     70.879      0.542    1437.95    1437.94  0.000e+00
      11734     70.500     4.8480     4.8477    -0.0004    0.95230    0.95216          1     1.9981     1.8986      37.75     0.3457     0.2292  1.000e-12  0.2711000     8.9274     8.9262    -0.0012     7.0658     7.0648     69.840     71.385      0.552    1438.09    1438.09  0.000e+00
      11756     71.000     4.8695     4.8686    -0.0009    0.95540    0.95524          1     1.9098     1.8222      37.25     0.3580     0.2692  1.000e-12  0.2777000     8.9530     8.9515    -0.0014     7.0851     7.0840     70.335     71.891      0.525    1438.23    1438.22  0.000e+00
      11780     71.500     4.8879     4.8873    -0.0005    0.95815    0.95800          1     1.8297     1.7515      36.72     0.3472     0.2358  1.000e-12  0.2839000     8.9756     8.9742    -0.0013     7.1022     7.1011     70.830     72.396      0.482    1438.34    1438.34  0.000e+00
      11806     72.000     4.9043     4.9036    -0.0007    0.96067    0.96052          1     1.7589     1.6757      36.17     0.3381     0.2102  1.000e-12  0.2970000     8.9966     8.9952    -0.0014     7.1181     7.1171     71.326     72.902      0.468    1438.45    1438.45  0.000e+00
      11831     72.500     4.9259     4.9248    -0.0010    0.96332    0.96316          1     1.6982     1.6166      35.67     0.3319     0.2610  1.000e-12  0.3052000     9.0173     9.0160    -0.0014     7.1336     7.1326     71.821     73.408      0.499    1438.58    1438.57  0.000e+00
      11854     73.000     4.9480     4.9474    -0.0006    0.96633    0.96618          1     1.6331     1.5526      35.17     0.3471     0.2848  1.000e-12  0.3201000     9.0416     9.0403    -0.0014     7.1519     7.1508     72.316     73.913      0.534    1438.72    1438.71  0.000e+00
      11876     73.500     4.9757     4.9737    -0.0021    0.97043    0.97016          1     1.5468     1.4579      34.62     0.3893     0.2600  1.000e-12  0.3152000     9.0753     9.0732    -0.0022     7.1773     7.1757     72.811     74.419      0.540    1438.89    1438.88  0.000e+00
      11899     74.000     5.0046     5.0039    -0.0007    0.97437    0.97416          1     1.4546     1.3680      34.09     0.3462     0.1952  1.000e-12  0.3199000     9.1070     9.1051    -0.0019     7.2011     7.1996     73.306     74.925      0.523    1439.06    1439.06  0.000e+00
      11922     74.500     5.0227     5.0224    -0.0003    0.97703    0.97690          1     1.3889     1.3146      33.58     0.3336     0.2217  1.000e-12  0.3564000     9.1287     9.1275    -0.0012     7.2175     7.2165     73.802     75.430      0.506    1439.18    1439.18  0.000e+00
      11946     75.000     5.0421     5.0407    -0.0015    0.97983    0.97954          1     1.3441     1.2745      33.01     0.3335     0.2727  1.000e-12  0.3291000     9.1516     9.1490    -0.0025     7.2346     7.2327     74.297     75.936      0.491    1439.30    1439.29  0.000e+00
      11971     75.500     5.0696     5.0690    -0.0006    0.98652    0.98623          1     1.3195     1.2599      32.50     0.3229     0.2367  1.000e-12  0.3426000     9.2113     9.2085    -0.0028     7.2806     7.2784     74.792     76.441      0.486    1439.50    1439.50  0.000e+00
      11995     76.000     5.0742     5.0746     0.0003    0.98915    0.98909          1     1.3238     1.2740      32.02     0.3213     0.2424  1.000e-12  0.3644000     9.2364     9.2356    -0.0008     7.3002     7.2996     75.287     76.947      0.500    1439.56    1439.57  0.000e+00
      12019     76.500     5.0814     5.0811    -0.0002    0.99115    0.99094          1     1.3123     1.2550      31.47     0.3119     0.2648  1.000e-12  0.3695000     9.2544     9.2524    -0.0021     7.3142     7.3125     75.783     77.453      0.524    1439.63    1439.62  0.000e+00
      12041     77.000     5.0903     5.0903    -0.0000    0.99318    0.99304          1     1.2701     1.2092      30.96     0.3327     0.2362  1.000e-12  0.3708000     9.2723     9.2709    -0.0014     7.3279     7.3268     76.278     77.958      0.537    1439.70    1439.69  0.000e+00
      12063     77.500     5.1003     5.1003     0.0000    0.99563    0.99546          1     1.2228     1.1606      30.45     0.3396     0.2125  1.000e-12  0.3720000     9.2940     9.2924    -0.0017     7.3446     7.3433     76.773     78.464      0.530    1439.78    1439.77  0.000e+00
      12087     78.000     5.1147     5.1139    -0.0008    0.99923    0.99896          1     1.1711     1.1050      29.91     0.3335     0.2229  1.000e-12  0.3832000     9.3262     9.3237    -0.0026     7.3694     7.3674     77.268     78.969      0.505    1439.89    1439.88  0.000e+00
      12111     78.500     5.1313     5.1308    -0.0004    1.00308    1.00291          1     1.1062     1.0389      29.32     0.3335     0.2313  1.000e-12  0.4043000     9.3603     9.3586    -0.0016     7.3955     7.3942     77.764     79.475      0.482    1440.01    1440.01  0.000e+00
      12136     79.000     5.1471     5.1464    -0.0007    1.00627    1.00604          1     1.0340     0.9680      28.78     0.3296     0.2311  1.000e-12  0.4215000     9.3877     9.3857    -0.0021     7.4164     7.4149     78.259     79.980      0.484    1440.12    1440.12  0.000e+00
      12160     79.500     5.1863     5.1836    -0.0027    1.01305    1.01259          1     0.9233     0.8449      28.29     0.3178     0.2291  1.000e-12  0.4247000     9.4448     9.4409    -0.0039     7.4597     7.4567     78.754     80.486      0.511    1440.37    1440.36  0.000e+00
      12183     80.000     5.2490     5.2446    -0.0044    1.02425    1.02361          1     0.7531     0.6452      27.75     0.3109     0.2219  1.000e-12  0.4405000     9.5395     9.5342    -0.0053     7.5314     7.5275     79.249     80.991      0.538    1440.77    1440.75  0.000e+00
      12205     80.500     5.3063     5.3033    -0.0029    1.03493    1.03448          1     0.5585     0.4502      27.25     0.3212     0.2086  1.000e-12  0.4299000     9.6302     9.6265    -0.0037     7.6002     7.5975     79.744     81.497      0.540    1441.15    1441.13  0.000e+00
      12228     81.000     5.3336     5.3332    -0.0004    1.04045    1.04029          1     0.4084     0.3235      26.72     0.3577     0.2338  1.000e-12  0.4184000     9.6776     9.6762    -0.0015     7.6363     7.6352     80.240     82.002      0.518    1441.33    1441.33  0.000e+00
      12252     81.500     5.3425     5.3425    -0.0000    1.04337    1.04316          1     0.3470     0.2912      26.17     0.3255     0.2572  1.000e-12  0.4016000     9.7043     9.7022    -0.0021     7.6569     7.6553     80.735     82.508      0.488    1441.41    1441.41  0.000e+00
      12277     82.000     5.3482     5.3484     0.0002    1.04688    1.04673          1     0.3518     0.3205      25.63     0.3116     0.2248  1.000e-12  0.4380000     9.7377     9.7362    -0.0016     7.6830     7.6818     81.230     83.013      0.478    1441.49    1441.49  0.000e+00
      12302     82.500     5.3680     5.3673    -0.0007    1.05155    1.05130          1     0.3383     0.2986      25.11     0.3096     0.2063  1.000e-12  0.4757000     9.7788     9.7765    -0.0023     7.7144     7.7126     81.725     83.518      0.493    1441.63    1441.63  0.000e+00
      12325     83.000     5.3970     5.3958    -0.0013    1.05705    1.05685          1     0.2559     0.2044      24.62     0.3194     0.2149  1.000e-12  0.4505000     9.8253     9.8236    -0.0017     7.7496     7.7484     82.220     84.024      0.521    1441.83    1441.82  0.000e+00
      12348     83.500     5.4205     5.4203    -0.0001    1.06108    1.06096          1     0.1840     0.1342      24.11     0.3134     0.2141  1.000e-12  0.4466000     9.8588     9.8577    -0.0011     7.7748     7.7739     82.716     84.529      0.538    1441.98    1441.98  0.000e+00
