ctdpy/exports/archive_20191120_135557/received_data/SBE09_1044_20180129_0054_34_02_0028.cnv
* Sea-Bird SBE 9 Data File:
* FileName = C:\ctd\temp\2018\ME18D028.hex
* Software Version Seasave V 7.26.6.26
* Temperature SN = 5351
* Conductivity SN = 3941
* Number of Bytes Per Scan = 41
* Number of Voltage Words = 4
* Number of Scans Averaged by the Deck Unit = 1
* NMEA Latitude = 57 23.21 N
* NMEA Longitude = 019 26.04 E
* NMEA UTC (Time) = Jan 29 2018  00:55:21
* NMEA baud rate = 4800
** Station:  BY13
** Operator:  JKro
** Ship: MERI
** Average sound velocity: 1439.61 m/s
** True-depth calculation Mon, 29 Jan 2018 02:19:16 +0000
** CTD Python Module SMHI /ver 3-12/ feb 2012 
** LIMS Job: 20183402-0028
** Cruise: SMHI-01-2018
** Latitude [GG MM.mm N] :
** Longitude [GG MM.mm E]:
# nquan = 26
# nvalues = 226                         
# units = specified
# name 0 = scan: Scan Count
# name 1 = prDM: Pressure, Digiquartz [db]
# name 2 = t090C: Temperature [ITS-90, deg C]
# name 3 = t190C: Temperature, 2 [ITS-90, deg C]
# name 4 = T2-T190C: Temperature Difference, 2 - 1 [ITS-90, deg C]
# name 5 = c0S/m: Conductivity [S/m]
# name 6 = c1S/m: Conductivity, 2 [S/m]
# name 7 = pumps: Pump Status
# name 8 = sbeox0ML/L: Oxygen, SBE 43 [ml/l]
# name 9 = sbeox1ML/L: Oxygen, SBE 43, 2 [ml/l]
# name 10 = altM: Altimeter [m]
# name 11 = flECO-AFL: Chl-a Fluorescence, WET Labs ECO-AFL/FL [mg/m^3]
# name 12 = flECO-AFL1: Phycocyanin Fluorescence, WET Labs ECO-AFL/FL, 2 [mg/m^3]
# name 13 = par: PAR/Irradiance, Biospherical/Lico [µE/(cm^2*s)]
# name 14 = turbWETntu0: Turbidity, WET Labs ECO [NTU]
# name 15 = sal00: Salinity, Practical [PSU]
# name 16 = sal11: Salinity, Practical, 2 [PSU]
# name 17 = secS-priS: Salinity, Practical, Difference, 2 - 1 [PSU]
# name 18 = sigma-t00: Density [sigma-t, Kg/m^3 ]
# name 19 = sigma-t11: Density, 2 [sigma-t, Kg/m^3 ]
# name 20 = depSM: Depth [salt water, m], lat = 57.3868
# name 21 = depFM: Depth [true depth, m], lat = 57.3868
# name 22 = dz/dtM: Descent Rate [m/s], WS = 2
# name 23 = svCM: Sound Velocity [Chen-Millero, m/s]
# name 24 = svCM1: Sound Velocity, 2 [Chen-Millero, m/s]
# name 25 = flag: flag
# span 0 =      19074,      26828       
# span 1 =      1.500,    114.000       
# span 2 =     4.7115,     6.6018       
# span 3 =     4.7123,     6.6076       
# span 4 =    -0.0482,     0.0763       
# span 5 =   0.794249,   1.343948       
# span 6 =   0.794228,   1.345552       
# span 7 =          1,          1       
# span 8 =    0.14214,    8.05755       
# span 9 =    0.18158,    8.02158       
# span 10 =       6.29,      99.42      
# span 11 =     0.2479,     0.4342      
# span 12 =     0.2075,     0.3748      
# span 13 = 1.0000e-12, 9.9776e-02      
# span 14 =     0.0995,     0.3019      
# span 15 =     7.3829,    12.2864      
# span 16 =     7.3826,    12.3000      
# span 17 =    -0.1336,     0.1921      
# span 18 =     5.8474,     9.6102      
# span 19 =     5.8471,     9.6204      
# span 20 =      1.486,    112.918      
# span 21 =      1.519,    115.311      
# span 22 =      0.099,      1.253      
# span 23 =    1434.46,    1450.52      
# span 24 =    1434.46,    1450.57      
# span 25 = 0.0000e+00, 0.0000e+00      
# interval = decibars: 0.5              
# start_time = Jan 29 2018 00:55:22 [NMEA time, first data scan]
# bad_flag = -9.990e-29
*END*
[from data line 56]
      20920     29.500     4.7133     4.7140     0.0007    0.79500    0.79498          1     8.0380     7.9739      94.82     0.3641     0.3165  1.000e-12  0.1338000     7.3869     7.3866    -0.0004     5.8511     5.8507     29.226     29.872      0.445    1434.88    1434.89  0.000e+00
      21000     30.000     4.7135     4.7141     0.0006    0.79499    0.79498          1     8.0241     7.9675      94.07     0.3987     0.3159  1.000e-12  0.1242000     7.3867     7.3865    -0.0002     5.8508     5.8507     29.721     30.378      0.749    1434.89    1434.89  0.000e+00
      21014     30.500     4.7136     4.7143     0.0007    0.79506    0.79505          1     8.0181     7.9684      93.70     0.4067     0.2546  1.000e-12  0.1239000     7.3873     7.3871    -0.0003     5.8513     5.8511     30.217     30.885      0.860    1434.90    1434.90  0.000e+00
      21027     31.000     4.7135     4.7143     0.0008    0.79509    0.79506          1     8.0127     7.9720      93.23     0.3850     0.2424  1.000e-12  0.1282000     7.3875     7.3871    -0.0004     5.8515     5.8512     30.712     31.391      0.866    1434.91    1434.91  0.000e+00
      21041     31.500     4.7135     4.7143     0.0007    0.79511    0.79507          1     8.0168     7.9706      92.71     0.3742     0.2593  1.000e-12  0.1288000     7.3877     7.3872    -0.0006     5.8517     5.8512     31.207     31.897      0.768    1434.92    1434.92  0.000e+00
      21060     32.000     4.7135     4.7142     0.0007    0.79512    0.79509          1     8.0223     7.9726      92.06     0.4003     0.2841  1.000e-12  0.1475000     7.3878     7.3873    -0.0004     5.8517     5.8513     31.703     32.404      0.537    1434.92    1434.93  0.000e+00
      21111     32.500     4.7134     4.7142     0.0008    0.79509    0.79509          1     8.0260     7.9742      91.23     0.3955     0.2815  1.000e-12  0.1425000     7.3874     7.3872    -0.0002     5.8514     5.8513     32.198     32.910      0.244    1434.93    1434.93  0.000e+00
      21173     33.000     4.7136     4.7142     0.0007    0.79510    0.79510          1     8.0197     7.9697      91.83     0.4342     0.3021  1.000e-12  0.1303000     7.3874     7.3873    -0.0002     5.8514     5.8513     32.693     33.416      0.417    1434.94    1434.94  0.000e+00
      21193     33.500     4.7138     4.7144     0.0006    0.79516    0.79513          1     8.0105     7.9617      98.79     0.4319     0.3310  1.000e-12  0.1307000     7.3879     7.3875    -0.0004     5.8518     5.8514     33.189     33.923      0.651    1434.95    1434.95  0.000e+00
      21209     34.000     4.7145     4.7151     0.0006    0.79521    0.79518          1     8.0171     7.9696      98.69     0.3820     0.3170  1.000e-12  0.1363000     7.3882     7.3877    -0.0005     5.8520     5.8516     33.684     34.429      0.753    1434.96    1434.96  0.000e+00
      21224     34.500     4.7146     4.7153     0.0007    0.79523    0.79520          1     8.0206     7.9761      98.69     0.3794     0.3004  1.000e-12  0.1392000     7.3883     7.3878    -0.0005     5.8521     5.8517     34.179     34.935      0.738    1434.97    1434.97  0.000e+00
      21242     35.000     4.7145     4.7152     0.0007    0.79522    0.79520          1     8.0253     7.9743      98.69     0.3850     0.3059  1.000e-12  0.1416000     7.3882     7.3878    -0.0004     5.8520     5.8516     34.674     35.441      0.573    1434.98    1434.98  0.000e+00
      21287     35.500     4.7143     4.7150     0.0007    0.79522    0.79520          1     8.0241     7.9746      93.90     0.3927     0.3109  1.000e-12  0.1208000     7.3881     7.3878    -0.0004     5.8519     5.8516     35.170     35.948      0.281    1434.98    1434.99  0.000e+00
      21340     36.000     4.7145     4.7151     0.0006    0.79524    0.79522          1     8.0182     7.9658      87.20     0.4249     0.3155  1.000e-12  0.1318000     7.3882     7.3878    -0.0004     5.8520     5.8517     35.665     36.454      0.504    1434.99    1434.99  0.000e+00
      21358     36.500     4.7147     4.7153     0.0005    0.79526    0.79523          1     8.0237     7.9577      87.20     0.4027     0.3342  1.000e-12  0.1353000     7.3883     7.3879    -0.0004     5.8520     5.8517     36.160     36.960      0.648    1435.00    1435.00  0.000e+00
      21376     37.000     4.7147     4.7153     0.0006    0.79527    0.79525          1     8.0209     7.9590      86.77     0.3873     0.3150  1.000e-12  0.1327000     7.3883     7.3880    -0.0003     5.8521     5.8518     36.656     37.467      0.588    1435.01    1435.01  0.000e+00
      21409     37.500     4.7147     4.7153     0.0006    0.79530    0.79526          1     8.0288     7.9687      86.11     0.3968     0.2922  1.000e-12  0.1240000     7.3886     7.3880    -0.0005     5.8523     5.8518     37.151     37.973      0.314    1435.02    1435.02  0.000e+00
      21458     38.000     4.7149     4.7154     0.0005    0.79532    0.79528          1     8.0300     7.9653      85.50     0.4150     0.3028  1.000e-12  0.1367000     7.3887     7.3881    -0.0006     5.8524     5.8519     37.646     38.479      0.419    1435.03    1435.03  0.000e+00
      21479     38.500     4.7150     4.7158     0.0008    0.79533    0.79532          1     8.0302     7.9597      85.12     0.4113     0.3248  1.000e-12  0.1418000     7.3886     7.3884    -0.0002     5.8523     5.8521     38.142     38.986      0.615    1435.03    1435.04  0.000e+00
      21497     39.000     4.7153     4.7162     0.0010    0.79536    0.79535          1     8.0229     7.9546      88.22     0.3890     0.3173  1.000e-12  0.1369000     7.3888     7.3885    -0.0003     5.8525     5.8522     38.637     39.492      0.667    1435.04    1435.05  0.000e+00
      21515     39.500     4.7155     4.7163     0.0008    0.79538    0.79537          1     8.0173     7.9608      90.97     0.4069     0.3022  1.000e-12  0.1273000     7.3889     7.3886    -0.0003     5.8526     5.8523     39.132     39.998      0.595    1435.05    1435.06  0.000e+00
      21541     40.000     4.7156     4.7162     0.0007    0.79541    0.79538          1     8.0169     7.9683      89.95     0.4044     0.3212  1.000e-12  0.1332000     7.3891     7.3887    -0.0004     5.8527     5.8523     39.628     40.505      0.347    1435.06    1435.06  0.000e+00
      21613     40.500     4.7156     4.7164     0.0008    0.79541    0.79540          1     8.0130     7.9640      83.28     0.3837     0.2947  1.000e-12  0.1524000     7.3891     7.3888    -0.0003     5.8527     5.8524     40.123     41.011      0.325    1435.07    1435.07  0.000e+00
      21643     41.000     4.7170     4.7177     0.0008    0.79550    0.79549          1     8.0175     7.9657      88.35     0.3929     0.3136  1.000e-12  0.1291000     7.3896     7.3893    -0.0003     5.8530     5.8528     40.618     41.517      0.578    1435.08    1435.09  0.000e+00
      21661     41.500     4.7179     4.7186     0.0006    0.79558    0.79556          1     8.0187     7.9640      98.54     0.3833     0.3391  1.000e-12  0.1274000     7.3902     7.3898    -0.0004     5.8534     5.8531     41.113     42.023      0.666    1435.10    1435.10  0.000e+00
      21679     42.000     4.7185     4.7193     0.0007    0.79564    0.79560          1     8.0210     7.9595      98.71     0.3666     0.3748  1.000e-12  0.1309000     7.3905     7.3900    -0.0005     5.8537     5.8533     41.609     42.530      0.590    1435.11    1435.11  0.000e+00
      21708     42.500     4.7190     4.7200     0.0010    0.79567    0.79568          1     8.0205     7.9595      88.90     0.3795     0.3170  1.000e-12  0.1358000     7.3907     7.3906    -0.0001     5.8538     5.8537     42.104     43.036      0.317    1435.12    1435.12  0.000e+00
      21765     43.000     4.7199     4.7202     0.0003    0.79577    0.79571          1     8.0027     7.9432      89.57     0.3818     0.3100  1.000e-12  0.1333000     7.3914     7.3908    -0.0006     5.8543     5.8538     42.599     43.542      0.403    1435.13    1435.13  0.000e+00
      21785     43.500     4.7205     4.7211     0.0007    0.79580    0.79579          1     7.9981     7.9457      98.82     0.3728     0.2984  1.000e-12  0.1398000     7.3915     7.3912    -0.0003     5.8544     5.8541     43.095     44.049      0.640    1435.14    1435.14  0.000e+00
      21802     44.000     4.7203     4.7211     0.0008    0.79581    0.79579          1     7.9976     7.9472      90.34     0.3745     0.3136  1.000e-12  0.1551000     7.3915     7.3912    -0.0003     5.8544     5.8541     43.590     44.555      0.668    1435.15    1435.15  0.000e+00
      21822     44.500     4.7204     4.7211     0.0007    0.79581    0.79579          1     8.0053     7.9503      79.53     0.3587     0.2965  1.000e-12  0.1362000     7.3915     7.3911    -0.0004     5.8544     5.8541     44.085     45.061      0.486    1435.16    1435.16  0.000e+00
      21908     45.000     4.7200     4.7198    -0.0001    0.79579    0.79571          1     8.0073     7.9535      78.10     0.3819     0.2995  1.000e-12  0.1275000     7.3913     7.3905    -0.0008     5.8543     5.8536     44.580     45.568      0.372    1435.16    1435.16  0.000e+00
      21935     45.500     4.7205     4.7210     0.0005    0.79584    0.79579          1     8.0084     7.9532      82.35     0.3873     0.3468  1.000e-12  0.1318000     7.3916     7.3910    -0.0006     5.8545     5.8540     45.076     46.074      0.730    1435.17    1435.17  0.000e+00
      21949     46.000     4.7206     4.7214     0.0007    0.79585    0.79583          1     8.0052     7.9523      99.04     0.3734     0.3464  1.000e-12  0.1322000     7.3916     7.3912    -0.0004     5.8545     5.8542     45.571     46.580      0.847    1435.18    1435.19  0.000e+00
      21962     46.500     4.7204     4.7212     0.0008    0.79585    0.79582          1     8.0033     7.9462      93.88     0.3737     0.3598  1.000e-12  0.1301000     7.3916     7.3911    -0.0005     5.8545     5.8541     46.066     47.087      0.842    1435.19    1435.19  0.000e+00
      21977     47.000     4.7207     4.7213     0.0006    0.79586    0.79583          1     8.0056     7.9441      82.39     0.3733     0.3307  1.000e-12  0.1308000     7.3916     7.3912    -0.0004     5.8545     5.8541     46.562     47.593      0.692    1435.20    1435.20  0.000e+00
      22027     47.500     4.7207     4.7211     0.0004    0.79588    0.79583          1     8.0026     7.9402      99.42     0.3734     0.2950  1.000e-12  0.1371000     7.3917     7.3911    -0.0006     5.8546     5.8541     47.057     48.099      0.420    1435.21    1435.21  0.000e+00
      22092     48.000     4.7209     4.7214     0.0005    0.79589    0.79585          1     7.9970     7.9309      94.93     0.3787     0.3144  1.000e-12  0.1456000     7.3917     7.3912    -0.0005     5.8546     5.8541     47.552     48.605      0.717    1435.21    1435.22  0.000e+00
      22105     48.500     4.7213     4.7221     0.0008    0.79593    0.79590          1     8.0000     7.9348      74.86     0.3859     0.3221  1.000e-12  0.1305000     7.3920     7.3915    -0.0005     5.8548     5.8543     48.048     49.112      0.767    1435.23    1435.23  0.000e+00
      22122     49.000     4.7211     4.7220     0.0008    0.79594    0.79591          1     8.0075     7.9432      93.75     0.3705     0.3295  1.000e-12  0.1354000     7.3920     7.3915    -0.0004     5.8548     5.8544     48.543     49.618      0.568    1435.23    1435.24  0.000e+00
      22193     49.500     4.7211     4.7213     0.0003    0.79594    0.79587          1     8.0118     7.9477      78.18     0.3647     0.3038  1.000e-12  0.1281000     7.3919     7.3912    -0.0008     5.8547     5.8541     49.038     50.124      0.420    1435.24    1435.24  0.000e+00
      22221     50.000     4.7209     4.7217     0.0008    0.79596    0.79593          1     8.0048     7.9494      72.92     0.3668     0.3178  1.000e-12  0.1292000     7.3921     7.3916    -0.0005     5.8549     5.8545     49.533     50.631      0.794    1435.25    1435.25  0.000e+00
      22233     50.500     4.7208     4.7216     0.0007    0.79598    0.79595          1     8.0135     7.9499      72.74     0.3626     0.3163  1.000e-12  0.1314000     7.3922     7.3918    -0.0005     5.8550     5.8546     50.028     51.137      0.886    1435.25    1435.26  0.000e+00
      22246     51.000     4.7207     4.7216     0.0009    0.79598    0.79595          1     8.0159     7.9483      72.28     0.3580     0.3162  1.000e-12  0.1368000     7.3923     7.3918    -0.0005     5.8550     5.8546     50.524     51.643      0.823    1435.26    1435.27  0.000e+00
      22264     51.500     4.7210     4.7218     0.0008    0.79600    0.79597          1     8.0130     7.9475      71.66     0.3520     0.3248  1.000e-12  0.1469000     7.3923     7.3918    -0.0005     5.8550     5.8547     51.019     52.150      0.515    1435.27    1435.28  0.000e+00
      22382     52.000     4.7213     4.7219     0.0006    0.79600    0.79597          1     7.9936     7.9599      71.12     0.3761     0.2853  1.000e-12  0.1317000     7.3922     7.3917    -0.0005     5.8549     5.8545     51.514     52.656      0.971    1435.28    1435.28  0.000e+00
      22393     52.500     4.7213     4.7220     0.0007    0.79603    0.79599          1     7.9871     7.9603      71.02     0.3763     0.2919  1.000e-12  0.1316000     7.3924     7.3919    -0.0005     5.8551     5.8547     52.010     53.162      1.138    1435.29    1435.29  0.000e+00
      22403     53.000     4.7218     4.7226     0.0008    0.79609    0.79606          1     7.9896     7.9593      96.10     0.3570     0.3162  1.000e-12  0.1209000     7.3928     7.3924    -0.0005     5.8554     5.8550     52.505     53.668      1.199    1435.30    1435.30  0.000e+00
      22412     53.500     4.7220     4.7227     0.0008    0.79610    0.79609          1     7.9924     7.9562      84.54     0.3544     0.3151  1.000e-12  0.1169000     7.3929     7.3925    -0.0004     5.8554     5.8551     53.000     54.175      1.154    1435.31    1435.31  0.000e+00
      22423     54.000     4.7219     4.7226     0.0008    0.79612    0.79609          1     7.9957     7.9535      69.13     0.3492     0.2913  1.000e-12  0.1206000     7.3930     7.3925    -0.0005     5.8555     5.8551     53.495     54.681      0.977    1435.32    1435.32  0.000e+00
      22454     54.500     4.7220     4.7226     0.0006    0.79613    0.79609          1     7.9942     7.9489      68.52     0.3367     0.2737  1.000e-12  0.1473000     7.3930     7.3925    -0.0005     5.8555     5.8551     53.991     55.187      0.608    1435.33    1435.33  0.000e+00
      22569     55.000     4.7221     4.7228     0.0008    0.79611    0.79610          1     7.9692     7.9294      68.15     0.3850     0.2742  1.000e-12  0.2260000     7.3927     7.3924    -0.0003     5.8553     5.8551     54.486     55.694      1.059    1435.33    1435.34  0.000e+00
      22581     55.500     4.7222     4.7228     0.0006    0.79616    0.79610          1     7.9760     7.9319      67.73     0.3861     0.2946  1.000e-12  0.1665000     7.3931     7.3924    -0.0007     5.8556     5.8550     54.981     56.200      1.120    1435.34    1435.34  0.000e+00
      22592     56.000     4.7229     4.7236     0.0007    0.79624    0.79621          1     7.9826     7.9325      67.59     0.3848     0.3033  1.000e-12  0.1415000     7.3937     7.3932    -0.0005     5.8561     5.8557     55.476     56.706      1.080    1435.35    1435.36  0.000e+00
      22603     56.500     4.7229     4.7237     0.0008    0.79626    0.79623          1     7.9887     7.9373      66.97     0.3787     0.3081  1.000e-12  0.1430000     7.3938     7.3933    -0.0005     5.8561     5.8557     55.972     57.213      0.908    1435.36    1435.36  0.000e+00
