ctdpy/exports/archive_20191120_135557/received_data/SBE09_1044_20180924_0742_34_01_0048.cnv
* Sea-Bird SBE 9 Data File:
* FileName = C:\ctd\temp\2018\AR18D048.hex
* Software Version Seasave V 7.26.6.26
* Temperature SN = 5351
* Conductivity SN = 3941
* Number of Bytes Per Scan = 41
* Number of Voltage Words = 4
* Number of Scans Averaged by the Deck Unit = 1
* NMEA Latitude = 58 20.37 N
* NMEA Longitude = 011 01.59 E
* NMEA UTC (Time) = Sep 24 2018  07:42:42
* NMEA baud rate = 4800
** Station:  Å13
** Operator:  MHan
** Ship: ARANDA
** Average sound velocity: 1503.36 m/s
** True-depth calculation Mon, 24 Sep 2018 08:28:39 +0000
** CTD Python Module SMHI /ver 3-12/ feb 2012 
** LIMS Job: 20183401-0048
** Cruise: SMHI-02-2018
** Latitude [GG MM.mm N] :
** Longitude [GG MM.mm E]:
# nquan = 26
# nvalues = 190                         
# units = specified
# name 0 = scan: Scan Count
# name 1 = prDM: Pressure, Digiquartz [db]
# name 2 = t090C: Temperature [ITS-90, deg C]
# name 3 = t190C: Temperature, 2 [ITS-90, deg C]
# name 4 = T2-T190C: Temperature Difference, 2 - 1 [ITS-90, deg C]
# name 5 = c0S/m: Conductivity [S/m]
# name 6 = c1S/m: Conductivity, 2 [S/m]
# name 7 = pumps: Pump Status
# name 8 = sbeox0ML/L: Oxygen, SBE 43 [ml/l]
# name 9 = sbeox1ML/L: Oxygen, SBE 43, 2 [ml/l]
# name 10 = altM: Altimeter [m]
# name 11 = flECO-AFL: Chl-a Fluorescence, WET Labs ECO-AFL/FL [mg/m^3]
# name 12 = flECO-AFL1: Phycocyanin Fluorescence, WET Labs ECO-AFL/FL, 2 [mg/m^3]
# name 13 = par: PAR/Irradiance, Biospherical/Lico [µE/(cm^2*s)]
# name 14 = turbWETntu0: Turbidity, WET Labs ECO [NTU]
# name 15 = sal00: Salinity, Practical [PSU]
# name 16 = sal11: Salinity, Practical, 2 [PSU]
# name 17 = secS-priS: Salinity, Practical, Difference, 2 - 1 [PSU]
# name 18 = sigma-t00: Density [sigma-t, Kg/m^3 ]
# name 19 = sigma-t11: Density, 2 [sigma-t, Kg/m^3 ]
# name 20 = depSM: Depth [salt water, m], lat = 58.3395
# name 21 = depFM: Depth [true depth, m], lat = 58.3395
# name 22 = dz/dtM: Descent Rate [m/s], WS = 2
# name 23 = svCM: Sound Velocity [Chen-Millero, m/s]
# name 24 = svCM1: Sound Velocity, 2 [Chen-Millero, m/s]
# name 25 = flag: flag
# span 0 =      14445,      19257       
# span 1 =      2.000,     96.500       
# span 2 =    12.4340,    15.3294       
# span 3 =    12.4350,    15.3274       
# span 4 =    -0.0871,     0.0138       
# span 5 =   3.826034,   4.144972       
# span 6 =   3.826076,   4.145113       
# span 7 =          1,          1       
# span 8 =    5.00596,    5.68204       
# span 9 =    3.06941,    4.78955       
# span 10 =       2.33,      98.38      
# span 11 =     0.2957,     1.6221      
# span 12 =     0.1773,     0.3696      
# span 13 = 1.0000e-12, 8.5486e+02      
# span 14 =     0.7157,     1.8315      
# span 15 =    30.7990,    34.5843      
# span 16 =    30.7991,    34.5838      
# span 17 =    -0.0231,     0.0242      
# span 18 =    22.7380,    26.1826      
# span 19 =    22.7380,    26.1820      
# span 20 =      1.981,     95.581      
# span 21 =      1.992,     95.884      
# span 22 =     -0.003,      1.127      
# span 23 =    1499.39,    1505.80      
# span 24 =    1499.39,    1505.79      
# span 25 = 0.0000e+00, 0.0000e+00      
# interval = decibars: 0.5              
# start_time = Sep 24 2018 07:42:42 [NMEA time, first data scan]
# bad_flag = -9.990e-29
*END*
      14445      2.000    14.9894    14.9911     0.0018    3.82649    3.82694          1     5.6533     3.0986      32.28     0.9414     0.3155  8.549e+02  0.8696000    30.8019    30.8046     0.0026    22.7402    22.7418      1.981      1.992      0.376    1501.79    1501.80  0.000e+00
      14465      2.500    14.9876    14.9880     0.0003    3.82603    3.82608          1     5.6749     3.0997       2.33     0.8745     0.3035  8.260e+02  0.8960000    30.7990    30.7991     0.0001    22.7383    22.7383      2.477      2.490      0.562    1501.79    1501.79  0.000e+00
      14488      3.000    14.9891    14.9900     0.0009    3.82619    3.82630          1     5.6820     3.0999      64.92     0.9103     0.2853  6.780e+02  0.9375000    30.7990    30.7994     0.0003    22.7380    22.7380      2.972      2.988      0.487    1501.80    1501.81  0.000e+00
      14514      3.500    14.9927    14.9937     0.0010    3.82686    3.82704          1     5.6702     3.1009      98.38     1.0143     0.2754  4.587e+02  0.9143000    30.8021    30.8030     0.0008    22.7396    22.7401      3.467      3.486      0.513    1501.82    1501.83  0.000e+00
      14534      4.000    14.9920    14.9923     0.0002    3.82681    3.82703          1     5.6498     3.1033      96.04     1.1303     0.2952  4.728e+02  0.9322000    30.8020    30.8037     0.0017    22.7397    22.7409      3.963      3.984      0.606    1501.83    1501.83  0.000e+00
      14554      4.500    14.9920    14.9914    -0.0006    3.82762    3.82736          1     5.6309     3.1044      90.96     1.2480     0.3230  4.116e+02  0.9831000    30.8091    30.8072    -0.0019    22.7451    22.7438      4.458      4.482      0.577    1501.85    1501.84  0.000e+00
      14576      5.000    14.9971    14.9973     0.0002    3.82895    3.82911          1     5.6248     3.1027      97.79     1.3687     0.3696  3.382e+02  0.9584000    30.8168    30.8180     0.0012    22.7500    22.7509      4.954      4.979      0.560    1501.88    1501.88  0.000e+00
      14596      5.500    14.9956    14.9980     0.0023    3.82888    3.82918          1     5.6334     3.1003      97.60     1.4782     0.3691  2.809e+02  0.9526000    30.8171    30.8180     0.0009    22.7505    22.7507      5.449      5.477      0.684    1501.88    1501.89  0.000e+00
      14612      6.000    14.9927    14.9968     0.0041    3.82817    3.82980          1     5.6375     3.0952      97.62     1.4764     0.3533  2.525e+02  0.9905000    30.8130    30.8242     0.0113    22.7480    22.7558      5.944      5.975      0.799    1501.88    1501.91  0.000e+00
      14626      6.500    14.9936    14.9997     0.0060    3.82907    3.83161          1     5.6319     3.0882      97.62     1.4766     0.3279  2.071e+02  1.0315000    30.8201    30.8380     0.0179    22.7533    22.7657      6.440      6.473      0.845    1501.90    1501.94  0.000e+00
      14640      7.000    15.0084    15.0072    -0.0012    3.84022    3.83853          1     5.6193     3.0868      97.61     1.4822     0.3210  1.641e+02  1.0353000    30.9081    30.8939    -0.0141    22.8178    22.8072      6.935      6.971      0.829    1502.06    1502.04  0.000e+00
      14655      7.500    15.0248    15.0225    -0.0022    3.85317    3.85125          1     5.6057     3.0850      97.63     1.4862     0.3082  1.249e+02  1.0363000    31.0109    30.9956    -0.0154    22.8935    22.8822      7.430      7.469      0.766    1502.24    1502.21  0.000e+00
      14672      8.000    15.0337    15.0326    -0.0012    3.85995    3.85862          1     5.5597     3.0725      97.61     1.5194     0.3310  9.918e+01  0.9624000    31.0644    31.0533    -0.0111    22.9328    22.9245      7.925      7.967      0.678    1502.33    1502.32  0.000e+00
      14691      8.500    15.0915    15.0901    -0.0014    3.92325    3.92147          1     5.5268     3.0734      97.62     1.6147     0.3658  9.397e+01  0.9579000    31.5852    31.5704    -0.0148    23.3212    23.3102      8.421      8.465      0.624    1503.13    1503.11  0.000e+00
      14710      9.000    15.1325    15.1289    -0.0036    3.95747    3.95457          1     5.4999     3.0737      97.61     1.6221     0.3096  9.094e+01  0.9284000    31.8587    31.8356    -0.0231    23.5230    23.5060      8.916      8.962      0.625    1503.59    1503.55  0.000e+00
      14729      9.500    15.1607    15.1607    -0.0000    3.97833    3.97832          1     5.4556     3.0728      97.62     1.4742     0.3003  7.898e+01  0.8441000    32.0227    32.0225    -0.0002    23.6431    23.6430      9.412      9.460      0.635    1503.88    1503.88  0.000e+00
      14748     10.000    15.2261    15.2278     0.0017    4.03416    4.03418          1     5.4040     3.0723      97.61     1.3203     0.3030  6.513e+01  0.9394000    32.4697    32.4686    -0.0012    23.9731    23.9718      9.907      9.957      0.611    1504.61    1504.62  0.000e+00
      14769     10.500    15.2466    15.2468     0.0002    4.04819    4.04811          1     5.3734     3.0694      97.61     1.2164     0.3247  5.492e+01  1.0236000    32.5785    32.5775    -0.0010    24.0523    24.0515     10.402     10.455      0.635    1504.81    1504.81  0.000e+00
      14786     11.000    15.2676    15.2658    -0.0018    4.06081    4.05895          1     5.3735     3.0740      97.63     1.1547     0.2411  4.985e+01  1.0784000    32.6741    32.6589    -0.0151    24.1213    24.1101     10.897     10.952      0.744    1505.00    1504.98  0.000e+00
      14801     11.500    15.2753    15.2744    -0.0009    4.06517    4.06418          1     5.3642     3.0797      97.61     1.0916     0.2427  4.594e+01  1.1430000    32.7066    32.6985    -0.0081    24.1447    24.1386     11.393     11.449      0.839    1505.07    1505.06  0.000e+00
      14815     12.000    15.2898    15.2894    -0.0003    4.07707    4.07621          1     5.3439     3.0857      97.62     1.1037     0.2805  4.135e+01  1.1746000    32.8012    32.7937    -0.0075    24.2143    24.2087     11.888     11.946      0.874    1505.23    1505.22  0.000e+00
      14828     12.500    15.3171    15.3184     0.0013    4.10232    4.10261          1     5.3275     3.0873      97.60     1.1189     0.2804  3.580e+01  1.2334000    33.0048    33.0063     0.0014    24.3651    24.3660     12.383     12.444      0.825    1505.56    1505.57  0.000e+00
      14844     13.000    15.3294    15.3274    -0.0019    4.12155    4.12116          1     5.3147     3.0878      97.62     1.0739     0.2804  3.005e+01  1.3288000    33.1670    33.1651    -0.0018    24.4873    24.4863     12.879     12.941      0.698    1505.80    1505.79  0.000e+00
      14864     13.500    15.2945    15.2877    -0.0068    4.11915    4.11848          1     5.3066     3.0926      97.59     0.9847     0.2916  2.513e+01  1.3608000    33.1747    33.1743    -0.0003    24.5009    24.5021     13.374     13.438      0.500    1505.70    1505.68  0.000e+00
      14898     14.000    15.2350    15.2063    -0.0287    4.10971    4.10970          1     5.3208     3.1012      93.02     0.8674     0.2755  2.245e+01  1.2350000    33.1399    33.1641     0.0242    24.4871    24.5120     13.869     13.935      0.328    1505.48    1505.42  0.000e+00
      14930     14.500    15.1961    15.1984     0.0023    4.10886    4.10906          1     5.3236     3.1112      97.82     0.7734     0.2427  2.098e+01  1.0848000    33.1649    33.1648    -0.0001    24.5148    24.5142     14.365     14.432      0.506    1505.40    1505.41  0.000e+00
      14950     15.000    15.2316    15.2322     0.0006    4.11355    4.11366          1     5.3249     3.1114      97.61     0.8440     0.2695  1.806e+01  1.2335000    33.1769    33.1774     0.0005    24.5163    24.5166     14.860     14.929      0.634    1505.53    1505.54  0.000e+00
      14968     15.500    15.2447    15.2442    -0.0005    4.11618    4.11615          1     5.3252     3.1149      97.60     0.8742     0.2941  1.522e+01  1.3186000    33.1893    33.1895     0.0002    24.5230    24.5232     15.355     15.426      0.607    1505.60    1505.60  0.000e+00
      14991     16.000    15.1904    15.1868    -0.0037    4.11135    4.11081          1     5.3257     3.1237      97.60     0.8773     0.3110  1.298e+01  1.3769000    33.1916    33.1898    -0.0018    24.5367    24.5361     15.851     15.923      0.470    1505.44    1505.42  0.000e+00
      15020     16.500    15.1350    15.1334    -0.0016    4.10642    4.10661          1     5.3598     3.1300      90.55     0.8108     0.3157  1.159e+01  1.2913000    33.1939    33.1971     0.0031    24.5505    24.5533     16.346     16.420      0.404    1505.27    1505.27  0.000e+00
      15049     17.000    15.1178    15.1201     0.0023    4.10592    4.10635          1     5.3672     3.1362      97.61     0.7315     0.2447  1.063e+01  1.2031000    33.2038    33.2057     0.0019    24.5619    24.5629     16.841     16.917      0.447    1505.24    1505.25  0.000e+00
      15074     17.500    15.1222    15.1241     0.0018    4.10783    4.10822          1     5.3398     3.1446      97.61     0.7589     0.2910  1.000e+01  1.1533000    33.2171    33.2190     0.0019    24.5712    24.5722     17.337     17.414      0.500    1505.28    1505.28  0.000e+00
      15097     18.000    15.1257    15.1265     0.0008    4.10905    4.10916          1     5.3342     3.1579      84.69     0.7563     0.2559  9.101e+00  1.1985000    33.2250    33.2253     0.0003    24.5765    24.5765     17.832     17.911      0.603    1505.31    1505.31  0.000e+00
      15115     18.500    15.1280    15.1283     0.0004    4.10993    4.10985          1     5.3335     3.1705      97.84     0.7002     0.2485  7.778e+00  1.2936000    33.2308    33.2298    -0.0009    24.5804    24.5796     18.327     18.409      0.665    1505.33    1505.33  0.000e+00
      15133     19.000    15.1331    15.1358     0.0027    4.11224    4.11317          1     5.3327     3.1836      87.90     0.7358     0.2935  6.374e+00  1.2427000    33.2471    33.2532     0.0061    24.5919    24.5960     18.822     18.906      0.637    1505.37    1505.39  0.000e+00
      15153     19.500    15.1377    15.1390     0.0012    4.11420    4.11449          1     5.3285     3.2006      83.70     0.7279     0.3071  5.253e+00  1.3369000    33.2607    33.2622     0.0016    24.6013    24.6022     19.318     19.403      0.552    1505.41    1505.41  0.000e+00
      15177     20.000    15.1384    15.1393     0.0009    4.11453    4.11464          1     5.3187     3.2195      97.62     0.7105     0.2883  4.685e+00  1.3137000    33.2629    33.2631     0.0002    24.6029    24.6029     19.813     19.900      0.499    1505.42    1505.43  0.000e+00
      15201     20.500    15.1389    15.1391     0.0003    4.11506    4.11529          1     5.3152     3.2405      90.84     0.7061     0.2711  4.484e+00  1.2510000    33.2671    33.2689     0.0018    24.6060    24.6073     20.308     20.397      0.517    1505.44    1505.44  0.000e+00
      15224     21.000    15.1356    15.1366     0.0010    4.11599    4.11627          1     5.3140     3.2667      79.14     0.7244     0.2658  4.146e+00  1.2666000    33.2781    33.2798     0.0016    24.6152    24.6163     20.804     20.894      0.471    1505.45    1505.45  0.000e+00
      15256     21.500    15.1355    15.1362     0.0008    4.11624    4.11636          1     5.3163     3.3000      78.47     0.6780     0.2570  3.658e+00  1.2593000    33.2802    33.2807     0.0005    24.6169    24.6171     21.299     21.391      0.326    1505.46    1505.46  0.000e+00
      15290     22.000    15.1353    15.1361     0.0008    4.11630    4.11639          1     5.3163     3.3678      82.66     0.6532     0.2968  3.307e+00  1.1521000    33.2807    33.2808     0.0001    24.6173    24.6172     21.794     21.888      0.527    1505.47    1505.47  0.000e+00
      15308     22.500    15.1354    15.1361     0.0007    4.11634    4.11644          1     5.3005     3.4212      97.74     0.6887     0.3216  2.925e+00  1.2469000    33.2808    33.2811     0.0003    24.6173    24.6174     22.290     22.385      0.776    1505.47    1505.48  0.000e+00
      15322     23.000    15.1329    15.1334     0.0006    4.11697    4.11708          1     5.2861     3.4615      97.61     0.6932     0.3237  2.516e+00  1.2664000    33.2884    33.2889     0.0005    24.6238    24.6240     22.785     22.882      0.913    1505.48    1505.49  0.000e+00
      15334     23.500    15.1298    15.1308     0.0009    4.11746    4.11754          1     5.2841     3.4949      92.74     0.7006     0.2861  2.142e+00  1.3666000    33.2952    33.2952    -0.0000    24.6296    24.6294     23.280     23.379      0.949    1505.49    1505.49  0.000e+00
      15347     24.000    15.1262    15.1272     0.0009    4.11766    4.11785          1     5.2990     3.5267      76.72     0.6998     0.2831  1.823e+00  1.3726000    33.2999    33.3009     0.0009    24.6340    24.6346     23.776     23.876      0.870    1505.49    1505.50  0.000e+00
      15362     24.500    15.1292    15.1307     0.0015    4.11872    4.11893          1     5.3208     3.5702      75.71     0.6792     0.2970  1.565e+00  1.4090000    33.3067    33.3074     0.0007    24.6387    24.6389     24.271     24.373      0.640    1505.52    1505.52  0.000e+00
      15397     25.000    15.1311    15.1319     0.0008    4.11897    4.11911          1     5.3138     3.6690      80.58     0.6776     0.2814  1.446e+00  1.2632000    33.3072    33.3078     0.0007    24.6386    24.6389     24.766     24.870      0.266    1505.53    1505.53  0.000e+00
      15459     25.500    15.1315    15.1324     0.0009    4.11925    4.11935          1     5.3191     3.8212      74.49     0.6979     0.2696  1.434e+00  1.1489000    33.3092    33.3093     0.0001    24.6401    24.6399     25.261     25.367      0.362    1505.54    1505.55  0.000e+00
      15481     26.000    15.1333    15.1343     0.0010    4.11970    4.11984          1     5.3493     3.9260      78.36     0.6907     0.2766  1.184e+00  1.2133000    33.3115    33.3120     0.0004    24.6415    24.6416     25.757     25.864      0.612    1505.56    1505.56  0.000e+00
      15499     26.500    15.1377    15.1384     0.0007    4.12118    4.12127          1     5.3516     3.9786      97.66     0.6930     0.2896  9.968e-01  1.2518000    33.3210    33.3212     0.0002    24.6478    24.6478     26.252     26.361      0.692    1505.59    1505.60  0.000e+00
      15516     27.000    15.1012    15.0920    -0.0091    4.11754    4.11647          1     5.3763     4.0257      97.59     0.7247     0.2580  8.641e-01  1.3322000    33.3190    33.3171    -0.0019    24.6542    24.6547     26.747     26.858      0.623    1505.49    1505.45  0.000e+00
      15539     27.500    14.9246    14.9185    -0.0060    4.09817    4.09762          1     5.4336     4.1333      88.57     0.6295     0.2159  7.852e-01  1.1016000    33.2941    33.2942     0.0001    24.6733    24.6747     27.243     27.355      0.450    1504.90    1504.88  0.000e+00
      15570     28.000    14.8681    14.8643    -0.0038    4.09315    4.09308          1     5.4745     4.2282      93.80     0.5159     0.2316  7.183e-01  0.7168000    33.2965    33.2991     0.0026    24.6874    24.6902     27.738     27.852      0.394    1504.74    1504.73  0.000e+00
      15598     28.500    14.8807    14.8873     0.0065    4.09810    4.09924          1     5.5060     4.3218      97.55     0.4728     0.1773  6.104e-01  0.7157000    33.3306    33.3353     0.0047    24.7109    24.7131     28.233     28.349      0.438    1504.82    1504.85  0.000e+00
      15626     29.000    14.9373    14.9433     0.0059    4.10944    4.11071          1     5.4557     4.3709      74.65     0.4471     0.2127  5.146e-01  0.7760000    33.3848    33.3912     0.0064    24.7405    24.7441     28.728     28.846      0.447    1505.07    1505.10  0.000e+00
