ctdpy/exports/archive_20191120_135557/received_data/SBE09_0827_20181006_0944_26_01_1025.cnv
* Sea-Bird SBE 9 Data File:
* FileName = D:\CTD_SBE911\DAT\26DA.2018.10.25.hex
* Software Version Seasave V 7.21d
* Temperature SN = 4548
* Conductivity SN = 3062
* Number of Bytes Per Scan = 48
* Number of Voltage Words = 5
* Number of Scans Averaged by the Deck Unit = 1
* NMEA Latitude = 57 40.77 N
* NMEA Longitude = 017 24.31 E
* NMEA UTC (Time) = Oct 06 2018  09:46:55
* NMEA baud rate = 4800
** Ship: DANA
** Average sound velocity: 1445.36 m/s
** True-depth calculation Thu, 28 Mar 2019 12:18:51 +0000
** CTD Python Module SMHI /ver 3-12/ feb 2012 
** LIMS Job: 20182601-1025
** Operator: Christian
** Cruise: 10/2018
# nquan = 26
# nvalues = 298                         
# units = specified
# name 0 = scan: Scan Count
# name 1 = prDM: Pressure, Digiquartz [db]
# name 2 = t090C: Temperature [ITS-90, deg C]
# name 3 = t190C: Temperature, 2 [ITS-90, deg C]
# name 4 = T2-T190C: Temperature Difference, 2 - 1 [ITS-90, deg C]
# name 5 = c0S/m: Conductivity [S/m]
# name 6 = c1S/m: Conductivity, 2 [S/m]
# name 7 = pumps: Pump Status
# name 8 = sbeox1ML/L: Oxygen, SBE 43, 2 [ml/l]
# name 9 = sbeox0ML/L: Oxygen, SBE 43 [ml/l]
# name 10 = altM: Altimeter [m]
# name 11 = chloroflTC0: Chlorophyll, Turner Cyclops [ug/l]
# name 12 = cpar: CPAR/Corrected Irradiance [%]
# name 13 = par: PAR/Irradiance, Biospherical/Lico [µE/(cm^2*s)]
# name 14 = spar: SPAR, Biospherical/Licor
# name 15 = sal00: Salinity, Practical [PSU]
# name 16 = sal11: Salinity, Practical, 2 [PSU]
# name 17 = secS-priS: Salinity, Practical, Difference, 2 - 1 [PSU]
# name 18 = sigma-t00: Density [sigma-t, kg/m^3 ]
# name 19 = sigma-t11: Density, 2 [sigma-t, kg/m^3 ]
# name 20 = depSM: Depth [salt water, m], lat = 57.6795
# name 21 = depFM: Depth [true depth, m], lat = 57.6795
# name 22 = dz/dtM: Descent Rate [m/s], WS = 2
# name 23 = svCM: Sound Velocity [Chen-Millero, m/s]
# name 24 = svCM1: Sound Velocity, 2 [Chen-Millero, m/s]
# name 25 = flag: flag
# span 0 =        208,      12779       
# span 1 =      1.500,    150.000       
# span 2 =     4.2670,    10.0119       
# span 3 =     4.2337,    10.0123       
# span 4 =    -0.4351,     0.2112       
# span 5 =   0.789499,   1.182172       
# span 6 =   0.787614,   1.182174       
# span 7 =          1,          1       
# span 8 =     0.0259,     7.5154       
# span 9 =     0.0232,     6.9961       
# span 10 =       0.55,      10.26      
# span 11 =     0.0162,     0.0339      
# span 12 = -2.610e-04, 8.3715e+00      
# span 13 = -1.086e-03, 3.3436e+01      
# span 14 = 3.9195e+02, 4.8943e+02      
# span 15 =     7.0282,    10.8933      
# span 16 =     7.0284,    10.8929      
# span 17 =    -0.0861,     0.1104      
# span 18 =     5.1893,     8.5596      
# span 19 =     5.1894,     8.5592      
# span 20 =      1.486,    148.559      
# span 21 =      1.520,    151.648      
# span 22 =      0.067,      0.685      
# span 23 =    1433.35,    1456.18      
# span 24 =    1433.17,    1456.17      
# span 25 = 0.0000e+00, 0.0000e+00      
# interval = decibars: 0.5              
# start_time = Oct 06 2018 09:46:55 [NMEA time, first data scan]
# bad_flag = -9.990e-29
*END*
[from data line 56]
       2776     29.500     5.8970     5.6308    -0.2658    0.80710    0.80430          1     7.1052     6.6551       9.97     0.0184  2.326e-13  1.000e-12  4.300e+02     7.2469     7.2770     0.0301     5.6886     5.7259     29.225     29.890      0.246    1439.87    1438.76  0.000e+00
       2819     30.000     5.6680     5.5018    -0.1662    0.80570    0.80374          1     7.0823     6.5949       9.97     0.0183  2.323e-13  1.000e-12  4.305e+02     7.2826     7.2995     0.0170     5.7284     5.7497     29.721     30.396      0.331    1438.94    1438.24  0.000e+00
       2863     30.500     5.4316     5.1255    -0.3060    0.80098    0.79447          1     7.0611     6.6435       8.87     0.0180  2.323e-13  1.000e-12  4.305e+02     7.2877     7.2905     0.0028     5.7435     5.7589     30.216     30.903      0.233    1437.92    1436.59  0.000e+00
       2913     31.000     5.0346     4.8262    -0.2082    0.79131    0.78761          1     7.1051     6.7179      10.05     0.0182  2.315e-13  1.000e-12  4.320e+02     7.2792     7.2882     0.0090     5.7537     5.7688     30.711     31.409      0.296    1436.19    1435.28  0.000e+00
       2948     31.500     4.9211     4.9056    -0.0156    0.78950    0.79145          1     7.1299     6.7382       9.97     0.0178  2.312e-13  1.000e-12  4.326e+02     7.2860     7.3087     0.0228     5.7635     5.7821     31.207     31.916      0.357    1435.70    1435.66  0.000e+00
       2985     32.000     4.9440     5.1117     0.1677    0.79203    0.79879          1     7.1075     6.6616       9.97     0.0172  2.312e-13  1.000e-12  4.326e+02     7.3060     7.3360     0.0300     5.7784     5.7955     31.702     32.422      0.280    1435.84    1436.61  0.000e+00
       3035     32.500     5.1472     5.3589     0.2112    0.79998    0.80788          1     7.0344     6.4827       9.97     0.0172  2.308e-13  1.000e-12  4.332e+02     7.3398     7.3709     0.0311     5.7971     5.8126     32.197     32.928      0.244    1436.78    1437.74  0.000e+00
       3080     33.000     5.3769     5.3997     0.0231    0.80871    0.81086          1     6.8805     6.3568       9.97     0.0171  2.301e-13  1.000e-12  4.346e+02     7.3750     7.3911     0.0161     5.8151     5.8268     32.692     33.435      0.275    1437.84    1437.96  0.000e+00
       3123     33.500     5.3426     5.1539    -0.1886    0.80917    0.80596          1     6.7362     6.3057       9.97     0.0173  2.301e-13  1.000e-12  4.346e+02     7.3870     7.3972     0.0102     5.8261     5.8421     33.188     33.941      0.286    1437.71    1436.90  0.000e+00
       3169     34.000     4.9620     4.6636    -0.2984    0.80106    0.79597          1     6.7938     6.4011       9.97     0.0172  2.299e-13  1.000e-12  4.351e+02     7.3912     7.4072     0.0160     5.8451     5.8687     33.683     34.447      0.231    1436.06    1434.76  0.000e+00
       3220     34.500     4.6318     4.5151    -0.1170    0.79535    0.79414          1     6.8990     6.4969       9.97     0.0171  2.290e-13  1.000e-12  4.368e+02     7.4080     7.4221     0.0141     5.8706     5.8856     34.178     34.953      0.323    1434.63    1434.13  0.000e+00
       3250     35.000     4.5602     4.5513    -0.0091    0.79511    0.79754          1     6.8784     6.4396       9.97     0.0171  2.290e-13  1.000e-12  4.366e+02     7.4216     7.4479     0.0264     5.8837     5.9049     34.674     35.460      0.386    1434.34    1434.33  0.000e+00
       3288     35.500     4.5531     4.5045    -0.0483    0.79802    0.80256          1     6.8021     6.3109       9.97     0.0171  2.290e-13  1.000e-12  4.366e+02     7.4523     7.5089     0.0566     5.9083     5.9548     35.169     35.966      0.241    1434.35    1434.21  0.000e+00
       3346     36.000     4.5420     4.4721    -0.0700    0.80572    0.80829          1     6.4971     6.0435       9.97     0.0171  2.281e-13  1.000e-12  4.384e+02     7.5321     7.5739     0.0418     5.9719     6.0073     35.664     36.472      0.271    1434.41    1434.15  0.000e+00
       3384     36.500     4.3892     4.2337    -0.1555    0.80739    0.80846          1     6.2584     5.9054       9.97     0.0169  2.280e-13  1.000e-12  4.386e+02     7.5838     7.6306     0.0468     6.0179     6.0596     36.160     36.979      0.295    1433.81    1433.17  0.000e+00
       3434     37.000     4.2670     4.2925     0.0257    0.81115    0.82105          1     6.0630     5.6521       9.97     0.0166  2.280e-13  1.000e-12  4.387e+02     7.6501     7.7444     0.0943     6.0741     6.1482     36.655     37.485      0.220    1433.35    1433.59  0.000e+00
       3484     37.500     4.3625     4.3808     0.0183    0.82812    0.83616          1     5.5670     5.1671       9.97     0.0167  2.272e-13  1.000e-12  4.401e+02     7.7995     7.8765     0.0771     6.1898     6.2503     37.150     37.991      0.260    1433.98    1434.16  0.000e+00
       3528     38.000     4.3765     4.3643    -0.0121    0.83575    0.84636          1     5.1923     4.8243       9.97     0.0163  2.269e-13  1.000e-12  4.407e+02     7.8733     7.9838     0.1104     6.2479     6.3359     37.645     38.497      0.305    1434.14    1434.23  0.000e+00
       3563     38.500     4.3870     4.3858    -0.0012    0.84816    0.85619          1     4.8638     4.5522       9.97     0.0162  2.269e-13  1.000e-12  4.407e+02     7.9965     8.0782     0.0817     6.3453     6.4102     38.141     39.003      0.360    1434.36    1434.46  0.000e+00
       3601     39.000     4.3929     4.3903    -0.0026    0.85432    0.85948          1     4.5855     4.3218       9.97     0.0168  2.262e-13  1.000e-12  4.420e+02     8.0575     8.1104     0.0529     6.3935     6.4355     38.636     39.509      0.257    1434.47    1434.53  0.000e+00
       3656     39.500     4.3920     4.3915    -0.0005    0.85742    0.86047          1     4.4769     4.2144       8.67     0.0167  2.259e-13  1.000e-12  4.428e+02     8.0891     8.1201     0.0311     6.4185     6.4432     39.131     40.015      0.254    1434.51    1434.55  0.000e+00
       3694     40.000     4.4006     4.4081     0.0075    0.86064    0.86353          1     4.4307     4.1741       9.98     0.0165  2.259e-13  1.000e-12  4.427e+02     8.1195     8.1470     0.0276     6.4424     6.4640     39.627     40.521      0.323    1434.60    1434.67  0.000e+00
       3745     40.500     4.4141     4.4200     0.0059    0.86457    0.86840          1     4.3222     4.0469       9.97     0.0168  2.252e-13  1.000e-12  4.441e+02     8.1560     8.1934     0.0375     6.4709     6.5004     40.122     41.027      0.231    1434.71    1434.79  0.000e+00
       3790     41.000     4.4335     4.4321    -0.0014    0.87280    0.87592          1     4.1063     3.8985       9.97     0.0163  2.248e-13  1.000e-12  4.448e+02     8.2346     8.2667     0.0320     6.5326     6.5581     40.617     41.533      0.381    1434.91    1434.94  0.000e+00
       3821     41.500     4.4603     4.4628     0.0025    0.88026    0.88263          1     3.8864     3.7260       9.97     0.0166  2.248e-13  1.000e-12  4.448e+02     8.3035     8.3269     0.0234     6.5863     6.6048     41.112     42.039      0.333    1435.12    1435.16  0.000e+00
       3876     42.000     4.4650     4.4754     0.0104    0.88332    0.88620          1     3.7421     3.5204       9.97     0.0169  2.241e-13  1.000e-12  4.462e+02     8.3333     8.3599     0.0267     6.6098     6.6305     41.608     42.545      0.233    1435.19    1435.27  0.000e+00
       3916     42.500     4.4863     4.4868     0.0004    0.89013    0.89009          1     3.5596     3.4319       9.97     0.0167  2.238e-13  1.000e-12  4.468e+02     8.3969     8.3965    -0.0005     6.6595     6.6591     42.103     43.051      0.429    1435.37    1435.38  0.000e+00
       3942     43.000     4.5200     4.5196    -0.0004    0.89894    0.89830          1     3.3532     3.3184       9.97     0.0165  2.238e-13  1.000e-12  4.468e+02     8.4777     8.4713    -0.0064     6.7223     6.7172     42.598     43.557      0.365    1435.63    1435.63  0.000e+00
       4016     43.500     4.5261     4.5291     0.0027    0.89987    0.90039          1     3.2579     3.1318       9.97     0.0167  2.238e-13  1.000e-12  4.468e+02     8.4855     8.4901     0.0045     6.7283     6.7318     43.094     44.063      0.283    1435.68    1435.70  0.000e+00
       4054     44.000     4.5482     4.5494     0.0012    0.90979    0.91005          1     3.0629     3.0083       9.97     0.0166  2.230e-13  1.000e-12  4.484e+02     8.5804     8.5827     0.0023     6.8027     6.8044     43.589     44.569      0.400    1435.91    1435.91  0.000e+00
       4089     44.500     4.5469     4.5449    -0.0020    0.91061    0.91207          1     2.9389     2.8249       9.97     0.0168  2.228e-13  1.000e-12  4.488e+02     8.5890     8.6043     0.0154     6.8095     6.8217     44.084     45.074      0.283    1435.92    1435.93  0.000e+00
       4139     45.000     4.5496     4.5637     0.0141    0.91219    0.91513          1     2.8799     2.6988       9.97     0.0169  2.228e-13  1.000e-12  4.488e+02     8.6043     8.6304     0.0262     6.8215     6.8417     44.579     45.580      0.246    1435.96    1436.06  0.000e+00
       4181     45.500     4.6128     4.6193     0.0065    0.92516    0.92506          1     2.6114     2.5801       8.48     0.0165  2.228e-13  1.000e-12  4.488e+02     8.7193     8.7165    -0.0028     6.9103     6.9078     45.075     46.086      0.336    1436.39    1436.42  0.000e+00
       4220     46.000     4.6730     4.6810     0.0080    0.93830    0.93898          1     2.2220     2.2861       9.94     0.0164  2.221e-13  1.000e-12  4.503e+02     8.8365     8.8412     0.0048     7.0008     7.0043     45.570     46.592      0.258    1436.82    1436.86  0.000e+00
       4273     46.500     4.7119     4.7234     0.0116    0.94689    0.94913          1     1.9451     1.9346       9.97     0.0169  2.218e-13  1.000e-12  4.509e+02     8.9130     8.9327     0.0197     7.0599     7.0750     46.065     47.098      0.240    1437.09    1437.17  0.000e+00
       4320     47.000     4.7845     4.7896     0.0050    0.96206    0.96320          1     1.5957     1.6682       8.85     0.0172  2.218e-13  1.000e-12  4.509e+02     9.0471     9.0572     0.0101     7.1631     7.1709     46.560     47.603      0.266    1437.59    1437.63  0.000e+00
       4364     47.500     4.8110     4.8126     0.0017    0.96701    0.96750          1     1.4285     1.4405       9.97     0.0171  2.213e-13  1.000e-12  4.519e+02     9.0900     9.0945     0.0045     7.1959     7.1995     47.056     48.109      0.264    1437.77    1437.79  0.000e+00
       4410     48.000     4.8156     4.8188     0.0032    0.96790    0.96845          1     1.4241     1.3767       8.88     0.0169  2.208e-13  1.000e-12  4.529e+02     9.0976     9.1022     0.0047     7.2018     7.2053     47.551     48.614      0.274    1437.81    1437.83  0.000e+00
       4448     48.500     4.8266     4.8267     0.0000    0.97025    0.96999          1     1.3951     1.3554       9.03     0.0171  2.208e-13  1.000e-12  4.529e+02     9.1183     9.1156    -0.0027     7.2177     7.2156     48.046     49.120      0.348    1437.89    1437.89  0.000e+00
       4488     49.000     4.8367     4.8367    -0.0000    0.97244    0.97214          1     1.3464     1.3057       8.50     0.0168  2.208e-13  1.000e-12  4.529e+02     9.1376     9.1345    -0.0031     7.2326     7.2302     48.541     49.626      0.260    1437.97    1437.97  0.000e+00
       4541     49.500     4.8477     4.8483     0.0006    0.97450    0.97448          1     1.2918     1.2378      10.04     0.0168  2.200e-13  1.000e-12  4.547e+02     9.1554     9.1549    -0.0004     7.2462     7.2458     49.037     50.131      0.248    1438.05    1438.05  0.000e+00
       4582     50.000     4.8559     4.8561     0.0002    0.97645    0.97625          1     1.2452     1.1961       9.97     0.0167  2.198e-13  1.000e-12  4.549e+02     9.1727     9.1707    -0.0020     7.2595     7.2579     49.532     50.637      0.261    1438.12    1438.11  0.000e+00
       4644     50.500     4.8608     4.8623     0.0016    0.97754    0.97766          1     1.2048     1.1410       8.51     0.0167  2.198e-13  1.000e-12  4.549e+02     9.1823     9.1831     0.0007     7.2669     7.2675     50.027     51.142      0.226    1438.16    1438.16  0.000e+00
       4684     51.000     4.8679     4.8679     0.0000    0.97897    0.97878          1     1.1753     1.1188       8.25     0.0166  2.191e-13  1.000e-12  4.564e+02     9.1948     9.1928    -0.0020     7.2765     7.2749     50.523     51.648      0.377    1438.21    1438.21  0.000e+00
       4724     51.500     4.8757     4.8755    -0.0002    0.98056    0.98023          1     1.1345     1.0847       8.15     0.0169  2.188e-13  1.000e-12  4.569e+02     9.2086     9.2053    -0.0034     7.2871     7.2844     51.018     52.154      0.250    1438.27    1438.27  0.000e+00
       4769     52.000     4.8911     4.8908    -0.0003    0.98306    0.98279          1     1.0863     1.0421       9.95     0.0170  2.188e-13  1.000e-12  4.569e+02     9.2296     9.2269    -0.0027     7.3030     7.3009     51.513     52.659      0.326    1438.37    1438.37  0.000e+00
       4809     52.500     4.8989     4.8985    -0.0004    0.98416    0.98397          1     1.0499     0.9984       9.97     0.0169  2.186e-13  1.000e-12  4.574e+02     9.2385     9.2366    -0.0019     7.3097     7.3083     52.008     53.165      0.239    1438.43    1438.42  0.000e+00
       4870     53.000     4.9060     4.9058    -0.0002    0.98603    0.98553          1     0.9980     0.9639       9.97     0.0169  2.179e-13  1.000e-12  4.589e+02     9.2553     9.2502    -0.0051     7.3227     7.3187     52.503     53.670      0.277    1438.49    1438.48  0.000e+00
       4905     53.500     4.9598     4.9587    -0.0011    0.99646    0.99502          1     0.8338     0.8892       9.97     0.0171  2.179e-13  1.000e-12  4.590e+02     9.3456     9.3314    -0.0143     7.3918     7.3806     52.999     54.176      0.332    1438.85    1438.82  0.000e+00
       4966     54.000     5.0531     5.0151    -0.0381    1.01381    1.00526          1     0.4943     0.6991       9.97     0.0169  2.175e-13  1.000e-12  4.598e+02     9.4943     9.4188    -0.0755     7.5051     7.4472     53.494     54.681      0.264    1439.45    1439.19  0.000e+00
       5008     54.500     5.1150     5.1138    -0.0011    1.02466    1.02391          1     0.2781     0.5070       9.97     0.0169  2.169e-13  1.000e-12  4.610e+02     9.5862     9.5789    -0.0073     7.5748     7.5691     53.989     55.187      0.418    1439.85    1439.83  0.000e+00
       5037     55.000     5.1234     5.1228    -0.0006    1.02595    1.02572          1     0.2336     0.3396       9.97     0.0170  2.169e-13  1.000e-12  4.610e+02     9.5966     9.5945    -0.0022     7.5827     7.5810     54.485     55.692      0.349    1439.90    1439.90  0.000e+00
       5086     55.500     5.1264     5.1213    -0.0051    1.02637    1.02565          1     0.2425     0.2583       9.97     0.0170  2.169e-13  1.000e-12  4.610e+02     9.6000     9.5942    -0.0058     7.5852     7.5808     54.980     56.198      0.216    1439.93    1439.90  0.000e+00
       5136     56.000     5.1357     5.1338    -0.0019    1.02787    1.02737          1     0.2501     0.2461       9.97     0.0168  2.165e-13  1.000e-12  4.618e+02     9.6123     9.6078    -0.0046     7.5945     7.5910     55.475     56.703      0.278    1439.99    1439.98  0.000e+00
       5182     56.500     5.1453     5.1403    -0.0050    1.02943    1.02855          1     0.2386     0.2326       9.97     0.0167  2.160e-13  1.000e-12  4.630e+02     9.6251     9.6177    -0.0074     7.6042     7.5986     55.970     57.209      0.249    1440.06    1440.03  0.000e+00
