ctdpy/exports/archive_20191120_135557/received_data/SBE09_1044_20181112_0551_34_01_0134.cnv
* Sea-Bird SBE 9 Data File:
* FileName = C:\ctd\temp\ar18d134.hex
* Software Version Seasave V 7.26.7.107
* Temperature SN = 5351
* Conductivity SN = 3941
* Number of Bytes Per Scan = 41
* Number of Voltage Words = 4
* Number of Scans Averaged by the Deck Unit = 1
* NMEA Latitude = 58 16.05 N
* NMEA Longitude = 010 43.46 E
* NMEA UTC (Time) = Nov 12 2018  05:51:25
* NMEA baud rate = 4800
** Station:  A16
** Operator:  JKro
** Ship: ARANDA
** Average sound velocity: 1486.47 m/s
** True-depth calculation Mon, 12 Nov 2018 07:51:43 +0000
** CTD Python Module SMHI /ver 3-12/ feb 2012 
** LIMS Job: 20183401-0134
** Cruise: SMHI-6-2018
** Latitude [GG MM.mm N]:
** Longitude [GG MM.mm E]
# nquan = 26
# nvalues = 401                         
# units = specified
# name 0 = scan: Scan Count
# name 1 = prDM: Pressure, Digiquartz [db]
# name 2 = t090C: Temperature [ITS-90, deg C]
# name 3 = t190C: Temperature, 2 [ITS-90, deg C]
# name 4 = T2-T190C: Temperature Difference, 2 - 1 [ITS-90, deg C]
# name 5 = c0S/m: Conductivity [S/m]
# name 6 = c1S/m: Conductivity, 2 [S/m]
# name 7 = pumps: Pump Status
# name 8 = sbeox0ML/L: Oxygen, SBE 43 [ml/l]
# name 9 = sbeox1ML/L: Oxygen, SBE 43, 2 [ml/l]
# name 10 = altM: Altimeter [m]
# name 11 = flECO-AFL: Chl-a Fluorescence, WET Labs ECO-AFL/FL [mg/m^3]
# name 12 = flECO-AFL1: Phycocyanin Fluorescence, WET Labs ECO-AFL/FL, 2 [mg/m^3]
# name 13 = par: PAR/Irradiance, Biospherical/Lico [µE/(cm^2*s)]
# name 14 = turbWETntu0: Turbidity, WET Labs ECO [NTU]
# name 15 = sal00: Salinity, Practical [PSU]
# name 16 = sal11: Salinity, Practical, 2 [PSU]
# name 17 = secS-priS: Salinity, Practical, Difference, 2 - 1 [PSU]
# name 18 = sigma-t00: Density [sigma-t, Kg/m^3 ]
# name 19 = sigma-t11: Density, 2 [sigma-t, Kg/m^3 ]
# name 20 = depSM: Depth [salt water, m], lat = 58.2675
# name 21 = depFM: Depth [true depth, m], lat = 58.2675
# name 22 = dz/dtM: Descent Rate [m/s], WS = 2
# name 23 = svCM: Sound Velocity [Chen-Millero, m/s]
# name 24 = svCM1: Sound Velocity, 2 [Chen-Millero, m/s]
# name 25 = flag: flag
# span 0 =      12336,      23772       
# span 1 =      0.500,    200.500       
# span 2 =     7.0744,    10.1056       
# span 3 =     7.0755,    10.1070       
# span 4 =    -0.0232,     0.0125       
# span 5 =   3.553472,   3.790782       
# span 6 =   3.553532,   3.790866       
# span 7 =          1,          1       
# span 8 =    5.08398,    6.02199       
# span 9 =    4.89460,    5.73876       
# span 10 =       4.16,     103.74      
# span 11 =     0.0213,     0.6997      
# span 12 =     0.1203,     0.3221      
# span 13 = -1.574e-06, 3.7994e-01      
# span 14 =     0.1915,     1.1013      
# span 15 =    34.4268,    35.0997      
# span 16 =    34.2891,    35.0989      
# span 17 =    -0.2203,     0.0896      
# span 18 =    26.4873,    27.4870      
# span 19 =    26.3790,    27.4862      
# span 20 =      0.495,    198.541      
# span 21 =      0.496,    198.828      
# span 22 =     -0.011,      0.949      
# span 23 =    1482.30,    1490.26      
# span 24 =    1482.31,    1490.27      
# span 25 = 0.0000e+00, 0.0000e+00      
# interval = decibars: 0.5              
# start_time = Nov 12 2018 05:51:26 [NMEA time, first data scan]
# bad_flag = -9.990e-29
*END*
[from data line 391]
      21804    196.000     7.0830     7.0844     0.0014    3.55404    3.55409          1     5.2931     5.0740       7.82     0.0350     0.2300  1.000e-12  0.6972000    35.0987    35.0979    -0.0008    27.4850    27.4841    194.087    194.367      0.314    1482.32    1482.33  0.000e+00
      21862    196.500     7.0798     7.0812     0.0014    3.55379    3.55384          1     5.2915     5.0683       7.25     0.0385     0.2448  1.000e-12  0.6678000    35.0990    35.0981    -0.0008    27.4856    27.4848    194.582    194.863      0.409    1482.32    1482.32  0.000e+00
      21885    197.000     7.0765     7.0777     0.0012    3.55355    3.55358          1     5.3050     5.0763       6.84     0.0454     0.2069  1.000e-12  0.7008000    35.0994    35.0986    -0.0008    27.4864    27.4857    195.077    195.358      0.444    1482.31    1482.32  0.000e+00
      21923    197.500     7.0757     7.0776     0.0019    3.55351    3.55360          1     5.2996     5.0808       6.26     0.0448     0.1929  1.000e-12  0.7581000    35.0995    35.0987    -0.0009    27.4867    27.4857    195.572    195.854      0.259    1482.32    1482.32  0.000e+00
      21969    198.000     7.0750     7.0767     0.0017    3.55348    3.55356          1     5.2768     5.0767       5.76     0.0461     0.2043  1.000e-12  0.7171000    35.0997    35.0989    -0.0008    27.4869    27.4860    196.067    196.350      0.350    1482.32    1482.33  0.000e+00
      22006    198.500     7.0747     7.0761     0.0014    3.55347    3.55353          1     5.2814     5.0771       5.29     0.0385     0.2326  1.000e-12  0.7261000    35.0997    35.0989    -0.0008    27.4870    27.4861    196.562    196.845      0.272    1482.33    1482.33  0.000e+00
      22075    199.000     7.0755     7.0767     0.0012    3.55356    3.55360          1     5.3003     5.0779       4.76     0.0506     0.2092  1.000e-12  0.6687000    35.0996    35.0988    -0.0007    27.4867    27.4860    197.057    197.341      0.302    1482.34    1482.35  0.000e+00
      22212    199.500     7.0751     7.0767     0.0016    3.55354    3.55362          1     5.2905     5.0767       4.54     0.0515     0.1797  1.000e-12  0.7021000    35.0996    35.0988    -0.0008    27.4868    27.4860    197.551    197.837      0.227    1482.35    1482.35  0.000e+00
      22661    200.000     7.0744     7.0755     0.0011    3.55350    3.55354          1     5.2844     5.0756       4.84     0.0561     0.2146  1.000e-12  0.6892000    35.0995    35.0989    -0.0007    27.4869    27.4862    198.046    198.332      0.291    1482.35    1482.36  0.000e+00
      23772    200.500     7.0746     7.0761     0.0015    3.55352    3.55360          1     5.2841     5.0731       4.16     0.0312     0.1718  1.000e-12  0.7280000    35.0992    35.0986    -0.0006    27.4866    27.4859    198.541    198.828     -0.011    1482.36    1482.37  0.000e+00
