ctdpy/exports/archive_20191120_135557/received_data/SBE09_0827_20180228_0602_26_01_0329.cnv
* Sea-Bird SBE 9 Data File:
* FileName = D:\CTD_SBE911\DAT\26DA.2018.3.29.hex
* Software Version Seasave V 7.21d
* Temperature SN = 034757
* Conductivity SN = 041844
* Number of Bytes Per Scan = 48
* Number of Voltage Words = 5
* Number of Scans Averaged by the Deck Unit = 1
* NMEA Latitude = 57 02.96 N
* NMEA Longitude = 017 50.48 E
* NMEA UTC (Time) = Feb 28 2018  06:03:08
* NMEA baud rate = 4800
** Ship: DANA
** Average sound velocity: 1429.65 m/s
** True-depth calculation Tue, 02 Apr 2019 12:07:54 +0000
** CTD Python Module SMHI /ver 3-12/ feb 2012 
** LIMS Job: 20182601-0329
** Operator:
** Cruise: 02/2018
# nquan = 26
# nvalues = 171                         
# units = specified
# name 0 = scan: Scan Count
# name 1 = prDM: Pressure, Digiquartz [db]
# name 2 = t090C: Temperature [ITS-90, deg C]
# name 3 = t190C: Temperature, 2 [ITS-90, deg C]
# name 4 = T2-T190C: Temperature Difference, 2 - 1 [ITS-90, deg C]
# name 5 = c0S/m: Conductivity [S/m]
# name 6 = c1S/m: Conductivity, 2 [S/m]
# name 7 = pumps: Pump Status
# name 8 = sbeox1ML/L: Oxygen, SBE 43, 2 [ml/l]
# name 9 = sbeox0ML/L: Oxygen, SBE 43 [ml/l]
# name 10 = altM: Altimeter [m]
# name 11 = chloroflTC0: Chlorophyll, Turner Cyclops [ug/l]
# name 12 = cpar: CPAR/Corrected Irradiance [%]
# name 13 = par: PAR/Irradiance, Biospherical/Lico [µE/(cm^2*s)]
# name 14 = spar: SPAR, Biospherical/Licor
# name 15 = sal00: Salinity, Practical [PSU]
# name 16 = sal11: Salinity, Practical, 2 [PSU]
# name 17 = secS-priS: Salinity, Practical, Difference, 2 - 1 [PSU]
# name 18 = sigma-t00: Density [sigma-t, kg/m^3 ]
# name 19 = sigma-t11: Density, 2 [sigma-t, kg/m^3 ]
# name 20 = depSM: Depth [salt water, m], lat = 57.0493
# name 21 = depFM: Depth [true depth, m], lat = 57.0493
# name 22 = dz/dtM: Descent Rate [m/s], WS = 2
# name 23 = svCM: Sound Velocity [Chen-Millero, m/s]
# name 24 = svCM1: Sound Velocity, 2 [Chen-Millero, m/s]
# name 25 = flag: flag
# span 0 =        -23,       9416       
# span 1 =      1.500,     86.500       
# span 2 =     2.7347,     5.2216       
# span 3 =     2.7339,     5.2308       
# span 4 =    -0.1222,     0.5808       
# span 5 =   0.742412,   0.967458       
# span 6 =   0.741595,   0.966767       
# span 7 =          1,          1       
# span 8 =     1.4449,     8.6324       
# span 9 =     1.4119,     8.5200       
# span 10 =       0.49,       9.98      
# span 11 =     0.0108,     0.0147      
# span 12 = -3.544e-03, 9.3360e+00      
# span 13 = -6.478e-04, 1.5251e+00      
# span 14 = 1.4229e+01, 2.0308e+01      
# span 15 =     7.2964,     8.9790      
# span 16 =     7.2888,     8.9722      
# span 17 =    -0.0287,     0.0747      
# span 18 =     5.8187,     7.0903      
# span 19 =     5.8127,     7.0849      
# span 20 =      1.486,     85.687      
# span 21 =      1.519,     87.569      
# span 22 =     -0.283,      0.948      
# span 23 =    1425.38,    1440.01      
# span 24 =    1425.35,    1440.00      
# span 25 = 0.0000e+00, 0.0000e+00      
# interval = decibars: 0.5              
# start_time = Feb 28 2018 06:03:09 [NMEA time, first data scan]
# bad_flag = -9.990e-29
*END*
[from data line 112]
       5425     57.500     2.7741     2.7799     0.0058    0.74416    0.74350          1     8.6003     8.4842       9.97     0.0111  5.471e-12  1.000e-12  1.828e+01     7.2996     7.2913    -0.0083     5.8211     5.8145     56.964     58.227      0.608    1426.43    1426.44  0.000e+00
       5444     58.000     2.7795     2.7863     0.0067    0.74435    0.74380          1     8.5978     8.4847       9.97     0.0114  5.471e-12  1.000e-12  1.828e+01     7.3002     7.2929    -0.0073     5.8216     5.8157     57.459     58.733      0.494    1426.46    1426.48  0.000e+00
       5535     58.500     2.8002     2.7996    -0.0005    0.74517    0.74441          1     8.5635     8.4596       9.97     0.0120  5.471e-12  1.000e-12  1.828e+01     7.3041     7.2962    -0.0079     5.8246     5.8183     57.954     59.240      0.531    1426.57    1426.56  0.000e+00
       5564     59.000     2.8057     2.8075     0.0018    0.74541    0.74471          1     8.5500     8.4559       9.97     0.0116  5.471e-12  1.000e-12  1.828e+01     7.3053     7.2975    -0.0077     5.8255     5.8193     58.450     59.746      0.665    1426.60    1426.60  0.000e+00
       5587     59.500     2.8014     2.7957    -0.0057    0.74519    0.74431          1     8.5537     8.4568       9.97     0.0119  5.471e-12  1.000e-12  1.828e+01     7.3039     7.2959    -0.0080     5.8244     5.8181     58.945     60.252      0.431    1426.59    1426.55  0.000e+00
       5688     60.000     2.7864     2.7922     0.0058    0.74458    0.74406          1     8.5815     8.4759       9.97     0.0121  5.471e-12  1.000e-12  1.828e+01     7.3008     7.2940    -0.0068     5.8220     5.8166     59.440     60.759      0.444    1426.52    1426.54  0.000e+00
       5703     60.500     2.7949     2.8063     0.0114    0.74498    0.74454          1     8.5771     8.4743       9.97     0.0115  5.471e-12  1.000e-12  1.828e+01     7.3029     7.2957    -0.0072     5.8237     5.8179     59.935     61.265      0.580    1426.57    1426.62  0.000e+00
       5726     61.000     2.8056     2.8117     0.0061    0.74541    0.74485          1     8.5673     8.4699       9.97     0.0110  5.471e-12  1.000e-12  1.828e+01     7.3050     7.2978    -0.0072     5.8253     5.8195     60.431     61.771      0.447    1426.63    1426.65  0.000e+00
       5763     61.500     2.8113     2.8132     0.0017    0.74564    0.74500          1     8.5410     8.4624       9.97     0.0112  5.471e-12  1.000e-12  1.828e+01     7.3060     7.2989    -0.0071     5.8261     5.8204     60.926     62.278      0.123    1426.67    1426.67  0.000e+00
       5869     62.000     2.9768     3.3155     0.3381    0.75599    0.76492          1     8.3106     8.2125       9.97     0.0121  5.471e-12  1.000e-12  1.828e+01     7.3764     7.3917     0.0153     5.8807     5.8888     61.421     62.784      0.350    1427.53    1429.11  0.000e+00
       5893     62.500     3.7175     4.2987     0.5808    0.79855    0.81388          1     8.0447     7.2918       9.97     0.0122  5.471e-12  1.000e-12  1.828e+01     7.6461     7.6661     0.0200     6.0847     6.0853     61.916     63.290      0.612    1431.28    1433.92  0.000e+00
       5910     63.000     4.2402     4.7879     0.5486    0.82955    0.84930          1     7.4019     6.3387       9.97     0.0122  5.471e-12  1.000e-12  1.828e+01     7.8393     7.9080     0.0687     6.2249     6.2610     62.412     63.796      0.653    1433.89    1436.41  0.000e+00
       5930     63.500     4.5263     4.9628     0.4366    0.84518    0.86308          1     6.4879     5.5967       9.97     0.0118  5.471e-12  1.000e-12  1.828e+01     7.9291     8.0038     0.0747     6.2872     6.3301     62.907     64.302      0.501    1435.29    1437.31  0.000e+00
       6036     64.000     4.8629     5.0844     0.2208    0.86645    0.87531          1     4.9849     4.7188       9.97     0.0118  5.471e-12  1.000e-12  1.828e+01     8.0610     8.0962     0.0352     6.3788     6.3981     63.402     64.808      0.300    1436.95    1437.97  0.000e+00
       6103     64.500     5.1047     5.1309     0.0265    0.88105    0.87992          1     4.6141     4.4036       9.97     0.0122  5.471e-12  1.000e-12  1.828e+01     8.1484     8.1307    -0.0177     6.4386     6.4234     63.897     65.315      0.588    1438.13    1438.22  0.000e+00
       6120     65.000     5.1216     5.1903     0.0686    0.88332    0.88607          1     4.5893     4.3337       9.97     0.0122  5.471e-12  1.000e-12  1.828e+01     8.1667     8.1772     0.0105     6.4523     6.4576     64.393     65.821      0.671    1438.24    1438.55  0.000e+00
       6138     65.500     5.1632     5.2198     0.0567    0.88919    0.89503          1     4.4745     4.2249       9.97     0.0122  5.471e-12  1.000e-12  1.828e+01     8.2148     8.2589     0.0441     6.4885     6.5209     64.888     66.327      0.525    1438.49    1438.79  0.000e+00
       6236     66.000     5.1701     5.1441    -0.0260    0.89749    0.89836          1     4.0849     3.9203       9.97     0.0122  5.471e-12  1.000e-12  1.828e+01     8.2956     8.3107     0.0151     6.5521     6.5652     65.383     66.832      0.375    1438.63    1438.53  0.000e+00
       6289     66.500     5.1133     4.9910    -0.1222    0.89959    0.89676          1     3.9588     3.7973       9.97     0.0122  5.471e-12  1.000e-12  1.828e+01     8.3305     8.3329     0.0024     6.5822     6.5893     65.878     67.338      0.451    1438.43    1437.90  0.000e+00
       6318     67.000     5.0017     4.9335    -0.0683    0.89768    0.89588          1     3.8812     3.7563       9.97     0.0122  5.471e-12  1.000e-12  1.828e+01     8.3393     8.3384    -0.0009     6.5939     6.5961     66.374     67.844      0.378    1437.96    1437.66  0.000e+00
       6360     67.500     4.9565     4.9572     0.0007    0.89787    0.89779          1     3.8010     3.7079       9.97     0.0123  5.449e-12  1.000e-12  1.836e+01     8.3525     8.3515    -0.0010     6.6063     6.6055     66.869     68.350      0.283    1437.79    1437.79  0.000e+00
       6495     68.000     4.9691     4.9898     0.0206    0.90025    0.89954          1     3.6931     3.6136       9.97     0.0124  5.418e-12  1.000e-12  1.848e+01     8.3730     8.3607    -0.0123     6.6220     6.6114     67.364     68.856      0.810    1437.88    1437.96  0.000e+00
       6506     68.500     5.0086     5.0369     0.0288    0.90277    0.90098          1     3.6894     3.5630       9.97     0.0122  5.382e-12  1.000e-12  1.861e+01     8.3882     8.3633    -0.0250     6.6324     6.6114     67.859     69.362      0.907    1438.08    1438.17  0.000e+00
       6518     69.000     5.1064     5.2049     0.0981    0.90901    0.90862          1     3.6645     3.4942       9.97     0.0123  5.316e-12  1.000e-12  1.885e+01     8.4258     8.3971    -0.0287     6.6579     6.6308     68.355     69.868      0.816    1438.56    1438.96  0.000e+00
       6562     69.500     5.1709     5.2308     0.0598    0.91625    0.92005          1     3.4941     3.3287       9.97     0.0128  5.357e-12  1.000e-12  1.870e+01     8.4816     8.5043     0.0227     6.6991     6.7143     68.850     70.374      0.486    1438.92    1439.21  0.000e+00
       6668     70.000     5.2216     5.2169    -0.0048    0.92538    0.92495          1     3.1472     3.0184       9.97     0.0129  5.469e-12  1.000e-12  1.829e+01     8.5596     8.5565    -0.0031     6.7585     6.7562     69.345     70.880      0.438    1439.25    1439.23  0.000e+00
       6702     70.500     5.1954     5.1392    -0.0562    0.92624    0.92542          1     3.0353     2.9257       9.97     0.0132  5.433e-12  1.000e-12  1.842e+01     8.5748     8.5811     0.0063     6.7717     6.7792     69.840     71.386      0.303    1439.16    1438.93  0.000e+00
       6773     71.000     5.1491     5.1414    -0.0077    0.92915    0.93061          1     2.8051     2.7712       9.97     0.0133  5.466e-12  1.000e-12  1.830e+01     8.6157     8.6323     0.0166     6.8061     6.8195     70.336     71.891      0.206    1439.02    1439.01  0.000e+00
       6835     71.500     5.1397     5.1396    -0.0001    0.93304    0.93262          1     2.6808     2.6408       9.97     0.0130  5.471e-12  1.000e-12  1.828e+01     8.6568     8.6527    -0.0041     6.8390     6.8358     70.831     72.397      0.300    1439.04    1439.04  0.000e+00
       6894     72.000     5.1460     5.1490     0.0031    0.93497    0.93507          1     2.6301     2.5625       9.97     0.0132  5.471e-12  1.000e-12  1.828e+01     8.6744     8.6746     0.0002     6.8527     6.8527     71.326     72.903      0.235    1439.10    1439.11  0.000e+00
       6941     72.500     5.1419     5.1359    -0.0060    0.93790    0.93746          1     2.5557     2.4659       9.97     0.0128  5.471e-12  1.000e-12  1.828e+01     8.7048     8.7019    -0.0028     6.8768     6.8749     71.821     73.409      0.383    1439.13    1439.10  0.000e+00
       6972     73.000     5.1268     5.1182    -0.0087    0.93884    0.93843          1     2.4717     2.3890       9.97     0.0134  5.471e-12  1.000e-12  1.828e+01     8.7179     8.7161    -0.0018     6.8879     6.8869     72.316     73.915      0.320    1439.09    1439.05  0.000e+00
       7070     73.500     5.1197     5.1234     0.0038    0.94007    0.93953          1     2.3643     2.3154       9.97     0.0134  5.471e-12  1.000e-12  1.828e+01     8.7321     8.7257    -0.0064     6.8995     6.8942     72.812     74.420      0.307    1439.08    1439.09  0.000e+00
       7101     74.000     5.1324     5.1330     0.0006    0.94183    0.94127          1     2.3432     2.2847       9.97     0.0134  5.471e-12  1.000e-12  1.828e+01     8.7463     8.7405    -0.0058     6.9101     6.9055     73.307     74.926      0.461    1439.16    1439.16  0.000e+00
       7133     74.500     5.1289     5.1319     0.0030    0.94257    0.94210          1     2.3061     2.2532       9.97     0.0136  5.471e-12  1.000e-12  1.828e+01     8.7545     8.7490    -0.0055     6.9168     6.9123     73.802     75.432      0.293    1439.17    1439.17  0.000e+00
       7224     75.000     5.1335     5.1332    -0.0003    0.94388    0.94321          1     2.2405     2.2052       9.97     0.0134  5.471e-12  1.000e-12  1.828e+01     8.7663     8.7597    -0.0066     6.9259     6.9207     74.297     75.938      0.213    1439.21    1439.20  0.000e+00
       7283     75.500     5.1307     5.1319     0.0012    0.94414    0.94344          1     2.2203     2.1819       9.97     0.0138  5.471e-12  1.000e-12  1.828e+01     8.7695     8.7623    -0.0072     6.9285     6.9228     74.793     76.444      0.281    1439.21    1439.20  0.000e+00
       7313     76.000     5.1349     5.1375     0.0026    0.94442    0.94369          1     2.2131     2.1805       9.97     0.0135  5.471e-12  1.000e-12  1.828e+01     8.7712     8.7632    -0.0080     6.9297     6.9232     75.288     76.949      0.491    1439.24    1439.24  0.000e+00
       7337     76.500     5.1392     5.1531     0.0139    0.94473    0.94457          1     2.2123     2.1847       9.97     0.0134  5.471e-12  1.000e-12  1.828e+01     8.7731     8.7679    -0.0052     6.9310     6.9262     75.783     77.455      0.424    1439.27    1439.32  0.000e+00
       7465     77.000     5.1629     5.1663     0.0034    0.94628    0.94560          1     2.2082     2.1790       9.97     0.0136  5.471e-12  1.000e-12  1.828e+01     8.7823     8.7746    -0.0077     6.9372     6.9309     76.278     77.961      0.340    1439.39    1439.40  0.000e+00
       7502     77.500     5.1769     5.1927     0.0158    0.94778    0.94771          1     2.2047     2.1627       9.68     0.0145  5.471e-12  1.000e-12  1.828e+01     8.7936     8.7887    -0.0048     6.9454     6.9409     76.773     78.467      0.507    1439.47    1439.54  0.000e+00
       7524     78.000     5.1945     5.1964     0.0019    0.95004    0.95054          1     2.1736     2.1203       9.16     0.0135  5.471e-12  1.000e-12  1.828e+01     8.8114     8.8159     0.0045     6.9587     6.9622     77.269     78.972      0.481    1439.58    1439.60  0.000e+00
       7609     78.500     5.1863     5.1801    -0.0063    0.95273    0.95246          1     2.0622     1.9925       8.63     0.0134  5.471e-12  1.000e-12  1.828e+01     8.8404     8.8393    -0.0011     6.9820     6.9814     77.764     79.478      0.330    1439.59    1439.56  0.000e+00
       7683     79.000     5.1748     5.1745    -0.0003    0.95563    0.95509          1     1.9530     1.8541       8.13     0.0134  5.471e-12  1.000e-12  1.828e+01     8.8724     8.8670    -0.0053     7.0078     7.0036     78.259     79.984      0.447    1439.59    1439.58  0.000e+00
       7709     79.500     5.1765     5.1805     0.0039    0.95614    0.95562          1     1.8838     1.8111       7.61     0.0140  5.471e-12  1.000e-12  1.828e+01     8.8769     8.8706    -0.0063     7.0113     7.0062     78.754     80.490      0.411    1439.61    1439.62  0.000e+00
       7783     80.000     5.1857     5.1885     0.0029    0.95668    0.95597          1     1.8512     1.8138       7.12     0.0142  5.471e-12  1.000e-12  1.828e+01     8.8798     8.8720    -0.0079     7.0132     7.0069     79.250     80.995      0.358    1439.66    1439.66  0.000e+00
       7864     80.500     5.1942     5.2090     0.0148    0.95721    0.95698          1     1.8529     1.8305       6.63     0.0138  5.471e-12  1.000e-12  1.828e+01     8.8827     8.8765    -0.0062     7.0151     7.0095     79.745     81.501      0.584    1439.71    1439.77  0.000e+00
       7887     81.000     5.2086     5.2172     0.0086    0.95837    0.95860          1     1.8480     1.8260       6.10     0.0134  5.471e-12  1.000e-12  1.828e+01     8.8905     8.8905     0.0000     7.0205     7.0202     80.240     82.007      0.471    1439.79    1439.83  0.000e+00
       7979     81.500     5.2126     5.2133     0.0007    0.96008    0.95982          1     1.7865     1.7568       5.58     0.0143  5.471e-12  1.000e-12  1.828e+01     8.9064     8.9036    -0.0028     7.0330     7.0307     80.735     82.512      0.265    1439.84    1439.84  0.000e+00
       8049     82.000     5.2138     5.2144     0.0006    0.96163    0.96097          1     1.7533     1.7008       5.08     0.0144  5.471e-12  1.000e-12  1.828e+01     8.9214     8.9147    -0.0067     7.0448     7.0394     81.230     83.018      0.390    1439.87    1439.86  0.000e+00
       8082     82.500     5.2152     5.2160     0.0008    0.96259    0.96198          1     1.7126     1.6659       4.54     0.0141  5.471e-12  1.000e-12  1.828e+01     8.9307     8.9243    -0.0064     7.0520     7.0469     81.726     83.524      0.292    1439.90    1439.89  0.000e+00
       8132     83.000     5.2162     5.2172     0.0011    0.96289    0.96221          1     1.6803     1.6514       4.03     0.0147  5.552e-12  1.000e-12  1.804e+01     8.9333     8.9262    -0.0071     7.0540     7.0484     82.221     84.030      0.263    1439.91    1439.91  0.000e+00
       8198     83.500     5.2192     5.2198     0.0005    0.96323    0.96245          1     1.6713     1.6450       3.52     0.0143  5.798e-12  1.000e-12  1.731e+01     8.9358     8.9279    -0.0079     7.0559     7.0496     82.716     84.535      0.272    1439.93    1439.93  0.000e+00
       8291     84.000     5.2176     5.2174    -0.0002    0.96431    0.96349          1     1.6515     1.5951       4.38     0.0143  6.024e-12  1.000e-12  1.664e+01     8.9470     8.9388    -0.0082     7.0648     7.0583     83.211     85.041      0.467    1439.95    1439.94  0.000e+00
       8312     84.500     5.2158     5.2153    -0.0005    0.96502    0.96435          1     1.6261     1.5556       4.20     0.0147  6.125e-12  1.000e-12  1.634e+01     8.9545     8.9479    -0.0065     7.0708     7.0657     83.706     85.547      0.527    1439.96    1439.95  0.000e+00
