ctdpy/exports/archive_20191120_135557/received_data/SBE09_0827_20180120_1538_26_01_0132.cnv
* Sea-Bird SBE 9 Data File:
* FileName = D:\CTD_SBE911\DAT\26DA.2018.1.32.hex
* Software Version Seasave V 7.21d
* Temperature SN = 034757
* Conductivity SN = 041844
* Number of Bytes Per Scan = 48
* Number of Voltage Words = 5
* Number of Scans Averaged by the Deck Unit = 1
* NMEA Latitude = 57 45.85 N
* NMEA Longitude = 008 43.68 E
* NMEA UTC (Time) = Jan 20 2018  15:38:39
* NMEA baud rate = 4800
** Ship: DANA
** Average sound velocity: 1482.37 m/s
** True-depth calculation Thu, 28 Mar 2019 08:24:19 +0000
** CTD Python Module SMHI /ver 3-12/ feb 2012 
** LIMS Job: 20182601-0132
** 36N
** Operator:Ronny Sørensen
** Cruise: 01/2018
# nquan = 26
# nvalues = 445                         
# units = specified
# name 0 = scan: Scan Count
# name 1 = prDM: Pressure, Digiquartz [db]
# name 2 = t090C: Temperature [ITS-90, deg C]
# name 3 = t190C: Temperature, 2 [ITS-90, deg C]
# name 4 = T2-T190C: Temperature Difference, 2 - 1 [ITS-90, deg C]
# name 5 = c0S/m: Conductivity [S/m]
# name 6 = c1S/m: Conductivity, 2 [S/m]
# name 7 = pumps: Pump Status
# name 8 = sbeox1ML/L: Oxygen, SBE 43, 2 [ml/l]
# name 9 = sbeox0ML/L: Oxygen, SBE 43 [ml/l]
# name 10 = altM: Altimeter [m]
# name 11 = chloroflTC0: Chlorophyll, Turner Cyclops [ug/l]
# name 12 = cpar: CPAR/Corrected Irradiance [%]
# name 13 = par: PAR/Irradiance, Biospherical/Lico [µE/(cm^2*s)]
# name 14 = spar: SPAR, Biospherical/Licor
# name 15 = sal00: Salinity, Practical [PSU]
# name 16 = sal11: Salinity, Practical, 2 [PSU]
# name 17 = secS-priS: Salinity, Practical, Difference, 2 - 1 [PSU]
# name 18 = sigma-t00: Density [sigma-t, kg/m^3 ]
# name 19 = sigma-t11: Density, 2 [sigma-t, kg/m^3 ]
# name 20 = depSM: Depth [salt water, m], lat = 57.7642
# name 21 = depFM: Depth [true depth, m], lat = 57.7642
# name 22 = dz/dtM: Descent Rate [m/s], WS = 2
# name 23 = svCM: Sound Velocity [Chen-Millero, m/s]
# name 24 = svCM1: Sound Velocity, 2 [Chen-Millero, m/s]
# name 25 = flag: flag
# span 0 =         83,      16843       
# span 1 =      1.500,    223.500       
# span 2 =     5.5632,     8.8911       
# span 3 =     5.5627,     8.8875       
# span 4 =    -0.2796,     0.0773       
# span 5 =   3.214142,   3.696503       
# span 6 =   3.214349,   3.696015       
# span 7 =          1,          1       
# span 8 =     4.9923,     6.3817       
# span 9 =     5.0772,     6.5240       
# span 10 =       2.72,      10.30      
# span 11 =     0.0146,     0.0290      
# span 12 = 2.4610e-11, 4.0679e-08      
# span 13 = 1.0000e-12, 1.0000e-12      
# span 14 = 2.0258e+00, 4.0625e+00      
# span 15 =    32.9182,    35.1262      
# span 16 =    32.9214,    35.1332      
# span 17 =    -0.4255,     0.1045      
# span 18 =    25.9604,    27.3510      
# span 19 =    25.9629,    27.3531      
# span 20 =      1.486,    221.313      
# span 21 =      1.489,    221.637      
# span 22 =     -0.001,      1.010      
# span 23 =    1470.39,    1487.54      
# span 24 =    1470.39,    1487.55      
# span 25 = 0.0000e+00, 0.0000e+00      
# interval = decibars: 0.5              
# start_time = Jan 20 2018 15:38:39 [NMEA time, first data scan]
# bad_flag = -9.990e-29
*END*
[from data line 391]
      15004    197.000     8.3395     8.3336    -0.0059    3.66985    3.66914          1     5.1335     5.2529       9.95     0.0226  4.924e-11  1.000e-12  2.031e+00    35.0861    35.0845    -0.0016    27.2898    27.2894    195.085    195.363      0.427    1487.10    1487.07  0.000e+00
      15029    197.500     8.3426     8.3379    -0.0048    3.67029    3.66972          1     5.1760     5.2447       9.95     0.0210  4.924e-11  1.000e-12  2.031e+00    35.0875    35.0861    -0.0014    27.2904    27.2900    195.580    195.859      0.508    1487.12    1487.10  0.000e+00
      15052    198.000     8.3555     8.3433    -0.0121    3.67203    3.67034          1     5.1272     5.2242       9.95     0.0230  4.924e-11  1.000e-12  2.031e+00    35.0930    35.0871    -0.0059    27.2927    27.2900    196.075    196.355      0.476    1487.18    1487.13  0.000e+00
      15082    198.500     8.3616     8.3554    -0.0062    3.67282    3.67192          1     5.1487     5.2069       9.95     0.0220  4.924e-11  1.000e-12  2.031e+00    35.0951    35.0916    -0.0034    27.2934    27.2917    196.570    196.851      0.366    1487.21    1487.19  0.000e+00
      15114    199.000     8.3631     8.3593    -0.0038    3.67299    3.67259          1     5.1155     5.2067       9.95     0.0223  4.924e-11  1.000e-12  2.031e+00    35.0951    35.0946    -0.0005    27.2932    27.2934    197.065    197.346      0.450    1487.23    1487.21  0.000e+00
      15137    199.500     8.3634     8.3613    -0.0021    3.67310    3.67293          1     5.1390     5.2118       9.95     0.0203  4.924e-11  1.000e-12  2.031e+00    35.0957    35.0960     0.0003    27.2936    27.2942    197.560    197.842      0.562    1487.24    1487.23  0.000e+00
      15158    200.000     8.3636     8.3615    -0.0021    3.67316    3.67305          1     5.0807     5.2159       9.95     0.0206  4.924e-11  1.000e-12  2.031e+00    35.0959    35.0968     0.0009    27.2938    27.2948    198.055    198.338      0.557    1487.25    1487.24  0.000e+00
      15183    200.500     8.3635     8.3620    -0.0015    3.67317    3.67314          1     5.1135     5.2104       9.95     0.0208  4.924e-11  1.000e-12  2.031e+00    35.0959    35.0971     0.0012    27.2938    27.2950    198.549    198.834      0.407    1487.26    1487.25  0.000e+00
      15222    201.000     8.3675     8.3631    -0.0044    3.67375    3.67329          1     5.0756     5.1958       9.95     0.0208  4.924e-11  1.000e-12  2.031e+00    35.0979    35.0973    -0.0005    27.2947    27.2950    199.044    199.329      0.287    1487.28    1487.26  0.000e+00
      15257    201.500     8.3720     8.3666    -0.0054    3.67431    3.67370          1     5.0746     5.1802       9.95     0.0201  4.924e-11  1.000e-12  2.031e+00    35.0991    35.0979    -0.0012    27.2950    27.2949    199.539    199.825      0.441    1487.31    1487.29  0.000e+00
      15281    202.000     8.3750     8.3703    -0.0047    3.67482    3.67423          1     5.0883     5.1746       9.95     0.0208  4.924e-11  1.000e-12  2.031e+00    35.1012    35.0996    -0.0016    27.2962    27.2956    200.034    200.321      0.482    1487.33    1487.31  0.000e+00
      15309    202.500     8.3804     8.3746    -0.0058    3.67552    3.67481          1     5.0875     5.1646       9.95     0.0217  4.924e-11  1.000e-12  2.031e+00    35.1030    35.1014    -0.0017    27.2968    27.2964    200.529    200.816      0.375    1487.36    1487.34  0.000e+00
      15346    203.000     8.3910     8.3813    -0.0098    3.67691    3.67561          1     5.0987     5.1490       9.95     0.0222  4.924e-11  1.000e-12  2.031e+00    35.1070    35.1030    -0.0040    27.2982    27.2966    201.024    201.312      0.355    1487.41    1487.37  0.000e+00
      15374    203.500     8.3952     8.3897    -0.0056    3.67742    3.67666          1     5.0580     5.1415       9.95     0.0212  4.924e-11  1.000e-12  2.031e+00    35.1080    35.1056    -0.0025    27.2984    27.2973    201.519    201.808      0.534    1487.44    1487.42  0.000e+00
      15393    204.000     8.4002     8.3947    -0.0054    3.67810    3.67740          1     5.0765     5.1317       9.95     0.0208  4.924e-11  1.000e-12  2.031e+00    35.1101    35.1081    -0.0020    27.2993    27.2985    202.014    202.304      0.631    1487.47    1487.44  0.000e+00
      15412    204.500     8.4037     8.3979    -0.0057    3.67857    3.67786          1     5.0393     5.1241       9.95     0.0216  4.924e-11  1.000e-12  2.031e+00    35.1114    35.1095    -0.0019    27.2997    27.2992    202.509    202.799      0.619    1487.49    1487.47  0.000e+00
      15433    205.000     8.4064     8.4016    -0.0047    3.67896    3.67834          1     5.0495     5.1106       9.95     0.0208  4.924e-11  1.000e-12  2.031e+00    35.1126    35.1108    -0.0018    27.3002    27.2996    203.003    203.295      0.523    1487.51    1487.49  0.000e+00
      15459    205.500     8.4090     8.4055    -0.0035    3.67944    3.67893          1     5.0379     5.0998       9.95     0.0209  4.924e-11  1.000e-12  2.031e+00    35.1149    35.1129    -0.0021    27.3017    27.3006    203.498    203.791      0.418    1487.53    1487.52  0.000e+00
      15490    206.000     8.4077     8.4073    -0.0004    3.67945    3.67937          1     5.0482     5.0931       9.95     0.0236  4.924e-11  1.000e-12  2.031e+00    35.1161    35.1156    -0.0005    27.3028    27.3025    203.993    204.287      0.362    1487.54    1487.53  0.000e+00
      15525    206.500     8.4067     8.4066    -0.0000    3.67946    3.67952          1     5.0135     5.0924       9.95     0.0235  4.924e-11  1.000e-12  2.031e+00    35.1169    35.1175     0.0006    27.3036    27.3041    204.488    204.782      0.353    1487.54    1487.54  0.000e+00
      15556    207.000     8.4041     8.4055     0.0015    3.67934    3.67956          1     4.9923     5.0842       9.95     0.0211  4.924e-11  1.000e-12  2.031e+00    35.1179    35.1188     0.0009    27.3048    27.3053    204.983    205.278      0.429    1487.54    1487.55  0.000e+00
      15582    207.500     8.3841     8.3962     0.0122    3.67722    3.67900          1     5.0080     5.0931       9.95     0.0195  4.924e-11  1.000e-12  2.031e+00    35.1151    35.1219     0.0068    27.3057    27.3091    205.478    205.774      0.429    1487.47    1487.53  0.000e+00
      15623    208.000     8.3612     8.3743     0.0131    3.67511    3.67691          1     4.9975     5.1026       9.95     0.0196  4.924e-11  1.000e-12  2.031e+00    35.1152    35.1213     0.0061    27.3093    27.3121    205.973    206.270      0.261    1487.39    1487.45  0.000e+00
      15670    208.500     8.3547     8.3578     0.0031    3.67488    3.67534          1     5.0310     5.0967       9.95     0.0276  4.924e-11  1.000e-12  2.031e+00    35.1190    35.1207     0.0018    27.3133    27.3142    206.468    206.765      0.479    1487.38    1487.40  0.000e+00
      15688    209.000     8.3558     8.3559     0.0001    3.67508    3.67532          1     5.0196     5.0817       9.95     0.0244  4.924e-11  1.000e-12  2.031e+00    35.1197    35.1223     0.0025    27.3137    27.3156    206.963    207.261      0.729    1487.40    1487.40  0.000e+00
      15703    209.500     8.3551     8.3554     0.0003    3.67514    3.67543          1     5.0109     5.0772       9.95     0.0226  4.924e-11  1.000e-12  2.031e+00    35.1208    35.1236     0.0028    27.3147    27.3168    207.457    207.757      0.839    1487.40    1487.41  0.000e+00
      15717    210.000     8.3361     8.3455     0.0094    3.67313    3.67523          1     5.0315     5.0832       9.95     0.0210  4.924e-11  1.000e-12  2.031e+00    35.1182    35.1312     0.0130    27.3155    27.3243    207.952    208.252      0.828    1487.34    1487.39  0.000e+00
      15732    210.500     8.3110     8.3282     0.0172    3.67074    3.67342          1     5.0228     5.0986       9.95     0.0215  4.924e-11  1.000e-12  2.031e+00    35.1175    35.1289     0.0114    27.3188    27.3251    208.447    208.748      0.651    1487.25    1487.33  0.000e+00
      15781    211.000     8.2971     8.3107     0.0135    3.66986    3.67131          1     5.0168     5.1036       9.95     0.0221  4.924e-11  1.000e-12  2.031e+00    35.1218    35.1236     0.0018    27.3243    27.3237    208.942    209.244      0.329    1487.21    1487.26  0.000e+00
      15827    211.500     8.3150     8.3098    -0.0051    3.67198    3.67136          1     5.0142     5.0970       9.95     0.0222  4.924e-11  1.000e-12  2.031e+00    35.1262    35.1249    -0.0014    27.3251    27.3248    209.437    209.740      0.630    1487.29    1487.27  0.000e+00
      15842    212.000     8.2940     8.3069     0.0128    3.66997    3.67184          1     5.0096     5.1005       9.95     0.0218  4.924e-11  1.000e-12  2.031e+00    35.1256    35.1326     0.0070    27.3278    27.3313    209.932    210.235      0.720    1487.22    1487.28  0.000e+00
      15859    212.500     8.2847     8.2959     0.0113    3.66917    3.67089          1     5.0104     5.1104       9.95     0.0213  4.924e-11  1.000e-12  2.031e+00    35.1261    35.1332     0.0072    27.3296    27.3335    210.427    210.731      0.596    1487.20    1487.25  0.000e+00
      15899    213.000     8.2591     8.2727     0.0135    3.66647    3.66857          1     5.0090     5.1145       9.95     0.0231  4.924e-11  1.000e-12  2.031e+00    35.1226    35.1314     0.0088    27.3308    27.3357    210.922    211.227      0.270    1487.10    1487.16  0.000e+00
      15956    213.500     8.2477     8.2470    -0.0007    3.66531    3.66580          1     5.0528     5.1113       9.95     0.0242  4.924e-11  1.000e-12  2.031e+00    35.1213    35.1273     0.0060    27.3316    27.3364    211.416    211.723      0.437    1487.07    1487.07  0.000e+00
      15977    214.000     8.2454     8.2470     0.0016    3.66516    3.66583          1     5.0338     5.1074       9.95     0.0241  4.924e-11  1.000e-12  2.031e+00    35.1218    35.1274     0.0055    27.3323    27.3365    211.911    212.218      0.603    1487.07    1487.08  0.000e+00
      15996    214.500     8.2392     8.2449     0.0057    3.66464    3.66574          1     5.0463     5.1107       9.95     0.0236  4.924e-11  1.000e-12  2.031e+00    35.1222    35.1283     0.0061    27.3335    27.3375    212.406    212.714      0.643    1487.05    1487.08  0.000e+00
      16014    215.000     8.2329     8.2398     0.0069    3.66412    3.66539          1     5.0295     5.1147       9.95     0.0242  4.924e-11  1.000e-12  2.031e+00    35.1226    35.1293     0.0067    27.3348    27.3391    212.901    213.210      0.632    1487.04    1487.07  0.000e+00
      16034    215.500     8.2225     8.2335     0.0110    3.66301    3.66484          1     5.0357     5.1241       9.95     0.0245  4.924e-11  1.000e-12  2.031e+00    35.1209    35.1295     0.0086    27.3351    27.3402    213.396    213.705      0.601    1487.01    1487.06  0.000e+00
      16055    216.000     8.2072     8.2222     0.0150    3.66169    3.66391          1     5.0239     5.1251       9.76     0.0246  4.924e-11  1.000e-12  2.031e+00    35.1219    35.1306     0.0087    27.3382    27.3428    213.891    214.201      0.506    1486.96    1487.02  0.000e+00
      16086    216.500     8.2050     8.2095     0.0046    3.66155    3.66262          1     5.0415     5.1248       9.27     0.0246  4.924e-11  1.000e-12  2.031e+00    35.1224    35.1293     0.0069    27.3390    27.3437    214.386    214.697      0.280    1486.96    1486.98  0.000e+00
      16143    217.000     8.2004     8.2033     0.0029    3.66115    3.66194          1     5.0311     5.1260       8.84     0.0255  4.924e-11  1.000e-12  2.031e+00    35.1225    35.1281     0.0056    27.3397    27.3437    214.880    215.193      0.335    1486.95    1486.97  0.000e+00
      16165    217.500     8.1996     8.2010     0.0014    3.66110    3.66173          1     5.0406     5.1109       8.43     0.0259  4.924e-11  1.000e-12  2.031e+00    35.1225    35.1278     0.0053    27.3399    27.3438    215.375    215.688      0.616    1486.95    1486.97  0.000e+00
      16183    218.000     8.2001     8.2004     0.0004    3.66113    3.66168          1     5.0396     5.1035       7.95     0.0255  4.924e-11  1.000e-12  2.031e+00    35.1221    35.1276     0.0055    27.3395    27.3437    215.870    216.184      0.699    1486.96    1486.97  0.000e+00
      16200    218.500     8.1969     8.1992     0.0022    3.66097    3.66158          1     5.0473     5.1133       7.45     0.0251  4.924e-11  1.000e-12  2.031e+00    35.1232    35.1276     0.0043    27.3408    27.3439    216.365    216.680      0.635    1486.96    1486.98  0.000e+00
      16224    219.000     8.1876     8.1951     0.0075    3.66005    3.66134          1     5.0397     5.1282       6.94     0.0255  4.924e-11  1.000e-12  2.031e+00    35.1226    35.1288     0.0063    27.3417    27.3455    216.860    217.175      0.382    1486.93    1486.97  0.000e+00
      16270    219.500     8.1822     8.1857     0.0035    3.65960    3.66043          1     5.0251     5.1282       6.42     0.0263  4.924e-11  1.000e-12  2.031e+00    35.1229    35.1282     0.0053    27.3428    27.3465    217.355    217.671      0.333    1486.92    1486.94  0.000e+00
      16296    220.000     8.1775     8.1818     0.0043    3.65915    3.66012          1     5.0329     5.1223       5.97     0.0259  4.924e-11  1.000e-12  2.031e+00    35.1225    35.1287     0.0062    27.3432    27.3474    217.850    218.167      0.638    1486.91    1486.93  0.000e+00
      16312    220.500     8.1648     8.1741     0.0093    3.65796    3.65963          1     5.0361     5.1190       5.49     0.0266  4.924e-11  1.000e-12  2.031e+00    35.1224    35.1309     0.0085    27.3451    27.3504    218.344    218.663      0.760    1486.87    1486.92  0.000e+00
      16326    221.000     8.1601     8.1664     0.0062    3.65761    3.65895          1     5.0382     5.1200       4.99     0.0268  4.924e-11  1.000e-12  2.031e+00    35.1230    35.1310     0.0080    27.3463    27.3516    218.839    219.158      0.753    1486.86    1486.90  0.000e+00
      16344    221.500     8.1541     8.1606     0.0065    3.65697    3.65835          1     5.0403     5.1252       4.48     0.0268  4.924e-11  1.000e-12  2.031e+00    35.1220    35.1301     0.0082    27.3464    27.3518    219.334    219.654      0.540    1486.85    1486.88  0.000e+00
      16474    222.000     8.1478     8.1478     0.0001    3.65647    3.65692          1     5.0469     5.1285       4.00     0.0290  4.068e-08  1.000e-12  2.031e+00    35.1226    35.1274     0.0048    27.3479    27.3516    219.829    220.150      0.289    1486.83    1486.84  0.000e+00
      16595    222.500     8.1410     8.1413     0.0003    3.65583    3.65632          1     5.0389     5.1305       3.57     0.0282  2.210e-09  1.000e-12  2.031e+00    35.1223    35.1273     0.0050    27.3486    27.3525    220.324    220.645      0.439    1486.82    1486.82  0.000e+00
      16739    223.000     8.1410     8.1423     0.0014    3.65582    3.65633          1     5.0461     5.1292       3.12     0.0281  4.923e-11  1.000e-12  2.031e+00    35.1220    35.1261     0.0041    27.3484    27.3514    220.819    221.141      0.353    1486.83    1486.83  0.000e+00
      16843    223.500     8.1305     8.1345     0.0040    3.65499    3.65568          1     5.0502     5.1286       2.72     0.0289  4.924e-11  1.000e-12  2.031e+00    35.1233    35.1267     0.0034    27.3510    27.3531    221.313    221.637     -0.001    1486.79    1486.81  0.000e+00
