ctdpy/exports/archive_20191120_135557/received_data/SBE09_0827_20181008_1221_26_01_1046.cnv
* Sea-Bird SBE 9 Data File:
* FileName = D:\CTD_SBE911\DAT\26DA.2018.10.46.hex
* Software Version Seasave V 7.21d
* Temperature SN = 4548
* Conductivity SN = 3062
* Number of Bytes Per Scan = 48
* Number of Voltage Words = 5
* Number of Scans Averaged by the Deck Unit = 1
* NMEA Latitude = 59 16.07 N
* NMEA Longitude = 019 36.65 E
* NMEA UTC (Time) = Oct 08 2018  12:24:26
* NMEA baud rate = 4800
** Ship: DANA
** Average sound velocity: 1445.98 m/s
** True-depth calculation Thu, 28 Mar 2019 12:21:46 +0000
** CTD Python Module SMHI /ver 3-12/ feb 2012 
** LIMS Job: 20182601-1046
** Operator: Christian
** Cruise: 10/2018
# nquan = 26
# nvalues = 103                         
# units = specified
# name 0 = scan: Scan Count
# name 1 = prDM: Pressure, Digiquartz [db]
# name 2 = t090C: Temperature [ITS-90, deg C]
# name 3 = t190C: Temperature, 2 [ITS-90, deg C]
# name 4 = T2-T190C: Temperature Difference, 2 - 1 [ITS-90, deg C]
# name 5 = c0S/m: Conductivity [S/m]
# name 6 = c1S/m: Conductivity, 2 [S/m]
# name 7 = pumps: Pump Status
# name 8 = sbeox1ML/L: Oxygen, SBE 43, 2 [ml/l]
# name 9 = sbeox0ML/L: Oxygen, SBE 43 [ml/l]
# name 10 = altM: Altimeter [m]
# name 11 = chloroflTC0: Chlorophyll, Turner Cyclops [ug/l]
# name 12 = cpar: CPAR/Corrected Irradiance [%]
# name 13 = par: PAR/Irradiance, Biospherical/Lico [µE/(cm^2*s)]
# name 14 = spar: SPAR, Biospherical/Licor
# name 15 = sal00: Salinity, Practical [PSU]
# name 16 = sal11: Salinity, Practical, 2 [PSU]
# name 17 = secS-priS: Salinity, Practical, Difference, 2 - 1 [PSU]
# name 18 = sigma-t00: Density [sigma-t, kg/m^3 ]
# name 19 = sigma-t11: Density, 2 [sigma-t, kg/m^3 ]
# name 20 = depSM: Depth [salt water, m], lat = 59.2678
# name 21 = depFM: Depth [true depth, m], lat = 59.2678
# name 22 = dz/dtM: Descent Rate [m/s], WS = 2
# name 23 = svCM: Sound Velocity [Chen-Millero, m/s]
# name 24 = svCM1: Sound Velocity, 2 [Chen-Millero, m/s]
# name 25 = flag: flag
# span 0 =         78,       5341       
# span 1 =      2.000,     53.000       
# span 2 =     3.8314,    11.0618       
# span 3 =     3.8462,    11.0575       
# span 4 =    -0.0994,     0.4497       
# span 5 =   0.771508,   0.851890       
# span 6 =   0.772045,   0.851359       
# span 7 =          1,          1       
# span 8 =     4.1836,     7.3443       
# span 9 =     4.0208,     7.0243       
# span 10 =       3.07,      10.00      
# span 11 =     0.0157,     0.0367      
# span 12 = -1.198e-04, 6.5676e+00      
# span 13 = -1.089e-03, 4.8830e+01      
# span 14 = 7.4278e+02, 1.0697e+03      
# span 15 =     6.3820,     8.1363      
# span 16 =     6.3823,     8.1311      
# span 17 =    -0.1955,     0.0129      
# span 18 =     4.5695,     6.4686      
# span 19 =     4.5702,     6.4645      
# span 20 =      1.981,     52.497      
# span 21 =      2.028,     53.697      
# span 22 =     -0.243,      0.883      
# span 23 =    1431.85,    1459.47      
# span 24 =    1431.93,    1459.47      
# span 25 = 0.0000e+00, 0.0000e+00      
# interval = decibars: 0.5              
# start_time = Oct 08 2018 12:24:26 [NMEA time, first data scan]
# bad_flag = -9.990e-29
*END*
         78      2.000    11.0460    11.0442    -0.0018    0.82103    0.82101          1     7.1867     6.7270      10.00     0.0327  6.568e+00  4.883e+01  7.428e+02     6.3837     6.3839     0.0002     4.5726     4.5729      1.981      2.028      0.306    1459.21    1459.20  0.000e+00
        160      2.500    11.0440    11.0458     0.0019    0.82101    0.82104          1     7.1846     6.7296       9.99     0.0336  5.074e+00  3.880e+01  7.654e+02     6.3839     6.3838    -0.0001     4.5730     4.5727      2.477      2.535      0.360    1459.21    1459.22  0.000e+00
        325      3.000    11.0450    11.0448    -0.0002    0.82103    0.82100          1     7.1804     6.7353       9.99     0.0349  4.005e+00  3.216e+01  8.041e+02     6.3838     6.3835    -0.0003     4.5728     4.5726      2.972      3.042      0.411    1459.22    1459.22  0.000e+00
        455      3.500    11.0529    11.0528    -0.0001    0.82114    0.82113          1     7.1864     6.7026       9.99     0.0342  3.486e+00  2.907e+01  8.339e+02     6.3833     6.3833     0.0000     4.5715     4.5714      3.467      3.549      0.858    1459.26    1459.26  0.000e+00
        467      4.000    11.0506    11.0501    -0.0006    0.82111    0.82112          1     7.1835     6.6981       9.99     0.0342  2.749e+00  2.294e+01  8.346e+02     6.3834     6.3835     0.0002     4.5718     4.5720      3.962      4.056      0.628    1459.26    1459.26  0.000e+00
        579      4.500    11.0494    11.0493    -0.0001    0.82110    0.82111          1     7.1900     6.7224       9.99     0.0346  2.204e+00  1.858e+01  8.430e+02     6.3835     6.3835     0.0000     4.5720     4.5721      4.458      4.563      0.389    1459.26    1459.26  0.000e+00
        663      5.000    11.0473    11.0484     0.0011    0.82107    0.82110          1     7.1919     6.7291      10.00     0.0343  1.796e+00  1.531e+01  8.528e+02     6.3835     6.3836     0.0000     4.5723     4.5722      4.953      5.070      0.298    1459.27    1459.27  0.000e+00
        742      5.500    11.0459    11.0465     0.0007    0.82103    0.82107          1     7.1790     6.7382      10.00     0.0343  1.460e+00  1.256e+01  8.605e+02     6.3834     6.3836     0.0002     4.5723     4.5724      5.448      5.576      0.289    1459.27    1459.27  0.000e+00
        848      6.000    11.0484    11.0489     0.0004    0.82102    0.82105          1     7.1688     6.7309      10.00     0.0343  1.324e+00  1.148e+01  8.671e+02     6.3829     6.3830     0.0001     4.5716     4.5717      5.944      6.083      0.511    1459.28    1459.28  0.000e+00
        883      6.500    11.0480    11.0497     0.0017    0.82101    0.82105          1     7.1707     6.7300      10.00     0.0343  1.089e+00  9.423e+00  8.651e+02     6.3828     6.3829     0.0001     4.5716     4.5715      6.439      6.590      0.677    1459.29    1459.30  0.000e+00
        906      7.000    11.0417    11.0470     0.0054    0.82095    0.82102          1     7.1820     6.7333       9.99     0.0342  8.748e-01  7.572e+00  8.655e+02     6.3833     6.3830    -0.0003     4.5728     4.5719      6.934      7.097      0.461    1459.27    1459.29  0.000e+00
       1037      7.500    11.0530    11.0432    -0.0098    0.82113    0.82099          1     7.1800     6.7276       9.99     0.0334  8.586e-01  7.539e+00  8.780e+02     6.3828     6.3833     0.0005     4.5711     4.5726      7.430      7.604      0.320    1459.33    1459.29  0.000e+00
       1054      8.000    11.0523    11.0473    -0.0050    0.82115    0.82106          1     7.1832     6.7200       9.99     0.0338  6.790e-01  5.941e+00  8.750e+02     6.3831     6.3831     0.0000     4.5714     4.5720      7.925      8.111      0.525    1459.33    1459.31  0.000e+00
       1076      8.500    11.0545    11.0510    -0.0035    0.82118    0.82113          1     7.1818     6.7264       9.99     0.0335  5.557e-01  4.852e+00  8.731e+02     6.3829     6.3830     0.0002     4.5710     4.5715      8.420      8.618      0.511    1459.35    1459.33  0.000e+00
       1135      9.000    11.0527    11.0546     0.0020    0.82115    0.82118          1     7.1839     6.7321       9.99     0.0331  4.976e-01  4.322e+00  8.686e+02     6.3829     6.3828    -0.0001     4.5712     4.5709      8.915      9.125      0.330    1459.35    1459.36  0.000e+00
       1214      9.500    11.0548    11.0519    -0.0028    0.82119    0.82115          1     7.1811     6.7244       9.99     0.0337  4.387e-01  3.786e+00  8.632e+02     6.3828     6.3830     0.0002     4.5708     4.5713      9.411      9.632      0.534    1459.36    1459.35  0.000e+00
       1233     10.000    11.0618    11.0540    -0.0078    0.82126    0.82119          1     7.1806     6.7150       9.99     0.0342  3.695e-01  3.189e+00  8.631e+02     6.3822     6.3829     0.0007     4.5695     4.5710      9.906     10.139      0.590    1459.40    1459.37  0.000e+00
       1255     10.500    11.0547    11.0551     0.0004    0.82117    0.82120          1     7.1842     6.7232       9.99     0.0346  3.224e-01  2.784e+00  8.636e+02     6.3826     6.3827     0.0001     4.5707     4.5708     10.401     10.646      0.458    1459.38    1459.38  0.000e+00
       1294     11.000    11.0498    11.0498    -0.0000    0.82113    0.82113          1     7.1861     6.7350       9.99     0.0333  2.954e-01  2.555e+00  8.651e+02     6.3830     6.3831     0.0000     4.5716     4.5716     10.897     11.153      0.260    1459.37    1459.37  0.000e+00
       1336     11.500    11.0560    11.0502    -0.0058    0.82120    0.82115          1     7.1849     6.7266       9.99     0.0341  2.511e-01  2.176e+00  8.668e+02     6.3825     6.3831     0.0006     4.5705     4.5716     11.392     11.660      0.374    1459.40    1459.38  0.000e+00
       1365     12.000    11.0600    11.0539    -0.0061    0.82123    0.82119          1     7.1787     6.7341       9.98     0.0340  2.051e-01  1.783e+00  8.691e+02     6.3820     6.3827     0.0007     4.5696     4.5709     11.887     12.167      0.393    1459.42    1459.40  0.000e+00
       1403     12.500    11.0581    11.0575    -0.0006    0.82121    0.82122          1     7.1770     6.7375       9.98     0.0342  1.761e-01  1.534e+00  8.709e+02     6.3821     6.3823     0.0002     4.5700     4.5702     12.382     12.674      0.248    1459.42    1459.42  0.000e+00
       1455     13.000    11.0558    11.0566     0.0009    0.82117    0.82122          1     7.1732     6.7336       9.98     0.0342  1.675e-01  1.459e+00  8.712e+02     6.3822     6.3824     0.0002     4.5702     4.5703     12.878     13.181      0.346    1459.42    1459.43  0.000e+00
       1480     13.500    11.0279    11.0525     0.0244    0.82098    0.82117          1     7.1664     6.7288       9.98     0.0344  1.437e-01  1.254e+00  8.725e+02     6.3853     6.3827    -0.0026     4.5760     4.5710     13.373     13.688      0.559    1459.33    1459.42  0.000e+00
       1500     14.000    11.0258    11.0327     0.0070    0.82097    0.82105          1     7.1726     6.7229       9.98     0.0354  1.185e-01  1.033e+00  8.714e+02     6.3856     6.3850    -0.0006     4.5764     4.5752     13.868     14.195      0.546    1459.33    1459.36  0.000e+00
       1527     14.500    11.0414    11.0355    -0.0059    0.82109    0.82107          1     7.1870     6.7235       9.98     0.0352  9.430e-02  8.173e-01  8.667e+02     6.3839     6.3847     0.0008     4.5733     4.5746     14.364     14.702      0.303    1459.40    1459.37  0.000e+00
       1601     15.000    11.0571    11.0436    -0.0135    0.82121    0.82113          1     7.1750     6.7306       9.98     0.0347  8.482e-02  7.288e-01  8.592e+02     6.3821     6.3837     0.0016     4.5700     4.5729     14.859     15.209      0.303    1459.46    1459.41  0.000e+00
       1630     15.500    11.0489    11.0522     0.0033    0.82112    0.82118          1     7.1663     6.7274       9.98     0.0351  7.991e-02  6.879e-01  8.608e+02     6.3827     6.3827    -0.0001     4.5715     4.5711     15.354     15.715      0.506    1459.44    1459.45  0.000e+00
       1652     16.000    11.0537    11.0493    -0.0043    0.82119    0.82116          1     7.1707     6.7170       9.97     0.0367  6.858e-02  5.890e-01  8.589e+02     6.3824     6.3829     0.0006     4.5707     4.5716     15.849     16.222      0.591    1459.46    1459.45  0.000e+00
       1671     16.500    11.0530    11.0510    -0.0021    0.82115    0.82117          1     7.1799     6.7188       9.97     0.0365  5.345e-02  4.572e-01  8.552e+02     6.3821     6.3827     0.0006     4.5705     4.5712     16.345     16.729      0.572    1459.47    1459.46  0.000e+00
       1713     17.000    11.0513    11.0508    -0.0005    0.82115    0.82118          1     7.1829     6.7290       9.97     0.0349  3.862e-02  3.290e-01  8.519e+02     6.3824     6.3827     0.0003     4.5709     4.5712     16.840     17.236      0.330    1459.47    1459.47  0.000e+00
       1795     17.500    11.0152    11.0348     0.0196    0.82092    0.82110          1     7.1705     6.7368       9.97     0.0347  3.401e-02  2.934e-01  8.628e+02     6.3866     6.3847    -0.0019     4.5785     4.5747     17.335     17.743      0.366    1459.35    1459.42  0.000e+00
       1822     18.000    11.0056    11.0247     0.0192    0.82084    0.82102          1     7.1783     6.7312       9.97     0.0367  2.673e-02  2.314e-01  8.659e+02     6.3876     6.3858    -0.0018     4.5803     4.5767     17.831     18.250      0.413    1459.32    1459.39  0.000e+00
       1854     18.500    10.9566    10.9965     0.0398    0.82051    0.82085          1     7.1865     6.7306       9.97     0.0355  1.946e-02  1.683e-01  8.651e+02     6.3933     6.3892    -0.0041     4.5905     4.5826     18.326     18.757      0.345    1459.15    1459.30  0.000e+00
       1892     19.000    10.9728    10.9670    -0.0058    0.82065    0.82065          1     7.1701     6.7356       9.97     0.0346  1.238e-02  1.074e-01  8.681e+02     6.3916     6.3926     0.0010     4.5873     4.5888     18.821     19.264      0.299    1459.22    1459.20  0.000e+00
       1931     19.500    10.9016    10.9461     0.0444    0.82014    0.82053          1     7.1546     6.7401       9.97     0.0343  5.867e-03  5.164e-02  8.806e+02     6.3996     6.3951    -0.0045     4.6018     4.5932     19.316     19.771      0.340    1458.96    1459.13  0.000e+00
       1963     20.000    10.8610    10.8976     0.0367    0.81986    0.82020          1     7.1497     6.7462       9.97     0.0347  2.343e-03  2.088e-02  8.918e+02     6.4043     6.4008    -0.0035     4.6102     4.6032     19.812     20.278      0.386    1458.82    1458.96  0.000e+00
       1996     20.500    10.8263    10.8534     0.0273    0.81969    0.81995          1     7.1511     6.7566       9.97     0.0357  1.863e-03  1.680e-02  9.016e+02     6.4088     6.4062    -0.0026     4.6177     4.6126     20.307     20.785      0.316    1458.70    1458.80  0.000e+00
       2042     21.000    10.6922    10.7948     0.1024    0.81889    0.81963          1     7.1309     6.7545       9.97     0.0335  1.208e-03  1.098e-02  9.103e+02     6.4254     6.4137    -0.0117     4.6459     4.6251     20.802     21.292      0.242    1458.22    1458.60  0.000e+00
       2091     21.500    10.5317    10.6518     0.1202    0.81798    0.81887          1     7.1341     6.7463       9.97     0.0331 -1.198e-04 -1.089e-03  9.150e+02     6.4458     6.4323    -0.0135     4.6799     4.6559     21.297     21.799      0.227    1457.63    1458.08  0.000e+00
       2198     22.000    10.4128    10.4600     0.0474    0.81756    0.81795          1     7.1026     6.8998       9.97     0.0305  1.063e-13  1.000e-12  9.414e+02     6.4633     6.4582    -0.0051     4.7066     4.6974     21.793     22.306      0.368    1457.20    1457.38  0.000e+00
       2224     22.500    10.2161    10.3768     0.1604    0.81612    0.81747          1     6.9795     6.8753       9.97     0.0306  1.060e-13  1.000e-12  9.435e+02     6.4859     6.4688    -0.0171     4.7455     4.7148     22.288     22.813      0.719    1456.48    1457.08  0.000e+00
       2238     23.000     9.5604     9.9563     0.3958    0.81169    0.81501          1     6.9203     6.8269       9.97     0.0303  1.061e-13  1.000e-12  9.423e+02     6.5657     6.5227    -0.0429     4.8756     4.8017     22.783     23.319      0.875    1454.02    1455.52  0.000e+00
       2251     23.500     9.4214     9.6324     0.2119    0.81079    0.81285          1     6.8763     6.7703       9.97     0.0280  1.061e-13  1.000e-12  9.423e+02     6.5832     6.5626    -0.0206     4.9031     4.8661     23.279     23.826      0.883    1453.50    1454.30  0.000e+00
       2265     24.000     9.1631     9.3974     0.2345    0.80899    0.81139          1     6.8255     6.7350       9.97     0.0257  1.061e-13  1.000e-12  9.428e+02     6.6149     6.5927    -0.0222     4.9526     4.9128     23.774     24.333      0.730    1452.52    1453.42  0.000e+00
       2341     24.500     8.6353     9.0063     0.3708    0.80649    0.80939          1     7.0225     6.7914       9.97     0.0248  1.052e-13  1.000e-12  9.507e+02     6.6913     6.6474    -0.0439     5.0604     4.9927     24.269     24.840      0.410    1450.51    1451.94  0.000e+00
       2445     25.000     8.0419     8.4908     0.4497    0.80357    0.80690          1     7.2357     6.8161       9.97     0.0247  1.040e-13  1.000e-12  9.611e+02     6.7782     6.7223    -0.0559     5.1783     5.0971     24.764     25.346      0.469    1448.21    1449.97  0.000e+00
       2468     25.500     7.9291     8.1940     0.2657    0.80590    0.80605          1     7.3134     6.8405       9.97     0.0231  1.037e-13  1.000e-12  9.640e+02     6.8211     6.7712    -0.0499     5.2210     5.1605     25.259     25.853      0.415    1447.81    1448.83  0.000e+00
       2543     26.000     7.7627     7.9236     0.1606    0.80658    0.80751          1     7.3443     7.0053       9.97     0.0204  1.033e-13  1.000e-12  9.679e+02     6.8598     6.8368    -0.0230     5.2642     5.2336     25.755     26.360      0.310    1447.18    1447.82  0.000e+00
       2581     26.500     7.4719     7.6833     0.2110    0.80351    0.80627          1     7.3169     7.0243       9.97     0.0206  1.026e-13  1.000e-12  9.744e+02     6.8889     6.8724    -0.0165     5.3088     5.2802     26.250     26.866      0.603    1446.03    1446.88  0.000e+00
       2599     27.000     7.3198     7.5406     0.2209    0.80136    0.80474          1     7.2967     6.9880       9.97     0.0197  1.023e-13  1.000e-12  9.772e+02     6.8992     6.8865    -0.0127     5.3278     5.3019     26.745     27.373      0.630    1445.42    1446.32  0.000e+00
       2630     27.500     7.1564     7.3365     0.1802    0.79938    0.80227          1     7.2897     6.9530       9.97     0.0201  1.024e-13  1.000e-12  9.769e+02     6.9134     6.9043    -0.0091     5.3503     5.3305     27.240     27.879      0.407    1444.76    1445.50  0.000e+00
       2752     28.000     6.8954     7.0539     0.1587    0.79692    0.79933          1     7.2885     6.9565       9.97     0.0210  1.023e-13  1.000e-12  9.771e+02     6.9428     6.9334    -0.0095     5.3909     5.3730     27.736     28.386      0.375    1443.71    1444.36  0.000e+00
       2778     28.500     6.7598     6.9434     0.1832    0.79561    0.79812          1     7.2865     6.9301       9.97     0.0209  1.025e-13  1.000e-12  9.755e+02     6.9579     6.9442    -0.0136     5.4114     5.3888     28.231     28.892      0.435    1443.17    1443.92  0.000e+00
       2806     29.000     6.7099     6.8404     0.1309    0.79559    0.79713          1     7.2873     6.9142       9.97     0.0209  1.030e-13  1.000e-12  9.711e+02     6.9677     6.9557    -0.0120     5.4223     5.4046     28.726     29.399      0.414    1442.98    1443.51  0.000e+00
