ctdpy/exports/archive_20191120_135557/received_data/SBE09_1044_20180316_0813_34_02_0060.cnv
* Sea-Bird SBE 9 Data File:
* FileName = C:\ctd\temp\2018\ME18D060.hex
* Software Version Seasave V 7.26.6.26
* Temperature SN = 5351
* Conductivity SN = 3941
* Number of Bytes Per Scan = 41
* Number of Voltage Words = 4
* Number of Scans Averaged by the Deck Unit = 1
* NMEA Latitude = 56 22.26 N
* NMEA Longitude = 016 12.13 E
* NMEA UTC (Time) = Mar 16 2018  08:13:21
* NMEA baud rate = 4800
** Station:  REF M1V1
** Operator:  obac
** Ship: MERI
** Average sound velocity: 1412.22 m/s
** True-depth calculation Sat, 17 Mar 2018 10:17:09 +0000
** CTD Python Module SMHI /ver 3-12/ feb 2012 
** LIMS Job: 20183402-0060
** Cruise: SMHI-02-2018
** Latitude [GG MM.mm N] :
** Longitude [GG MM.mm E]:
# nquan = 26
# nvalues = 33                          
# units = specified
# name 0 = scan: Scan Count
# name 1 = prDM: Pressure, Digiquartz [db]
# name 2 = t090C: Temperature [ITS-90, deg C]
# name 3 = t190C: Temperature, 2 [ITS-90, deg C]
# name 4 = T2-T190C: Temperature Difference, 2 - 1 [ITS-90, deg C]
# name 5 = c0S/m: Conductivity [S/m]
# name 6 = c1S/m: Conductivity, 2 [S/m]
# name 7 = pumps: Pump Status
# name 8 = sbeox0ML/L: Oxygen, SBE 43 [ml/l]
# name 9 = sbeox1ML/L: Oxygen, SBE 43, 2 [ml/l]
# name 10 = altM: Altimeter [m]
# name 11 = flECO-AFL: Chl-a Fluorescence, WET Labs ECO-AFL/FL [mg/m^3]
# name 12 = flECO-AFL1: Phycocyanin Fluorescence, WET Labs ECO-AFL/FL, 2 [mg/m^3]
# name 13 = par: PAR/Irradiance, Biospherical/Lico [µE/(cm^2*s)]
# name 14 = turbWETntu0: Turbidity, WET Labs ECO [NTU]
# name 15 = sal00: Salinity, Practical [PSU]
# name 16 = sal11: Salinity, Practical, 2 [PSU]
# name 17 = secS-priS: Salinity, Practical, Difference, 2 - 1 [PSU]
# name 18 = sigma-t00: Density [sigma-t, Kg/m^3 ]
# name 19 = sigma-t11: Density, 2 [sigma-t, Kg/m^3 ]
# name 20 = depSM: Depth [salt water, m], lat = 56.371
# name 21 = depFM: Depth [true depth, m], lat = 56.371
# name 22 = dz/dtM: Descent Rate [m/s], WS = 2
# name 23 = svCM: Sound Velocity [Chen-Millero, m/s]
# name 24 = svCM1: Sound Velocity, 2 [Chen-Millero, m/s]
# name 25 = flag: flag
# span 0 =      12807,      14810       
# span 1 =      0.500,     16.500       
# span 2 =     0.0958,     0.1014       
# span 3 =     0.0961,     0.1014       
# span 4 =    -0.0019,     0.0009       
# span 5 =   0.644170,   0.644537       
# span 6 =   0.644156,   0.644514       
# span 7 =          1,          1       
# span 8 =    9.59653,    9.63637       
# span 9 =    9.57916,    9.60697       
# span 10 =       4.16,      20.55      
# span 11 =     1.4325,     2.5088      
# span 12 =     0.4748,     0.7069      
# span 13 = 2.6552e-01, 4.7455e+03      
# span 14 =     0.9225,     1.1640      
# span 15 =     6.8203,     6.8236      
# span 16 =     6.8202,     6.8232      
# span 17 =    -0.0008,     0.0003      
# span 18 =     5.3905,     5.3931      
# span 19 =     5.3905,     5.3928      
# span 20 =      0.495,     16.349      
# span 21 =      0.507,     16.716      
# span 22 =      0.026,      0.772      
# span 23 =    1412.10,    1412.34      
# span 24 =    1412.10,    1412.34      
# span 25 = 0.0000e+00, 0.0000e+00      
# interval = decibars: 0.5              
# start_time = Mar 16 2018 08:13:21 [NMEA time, first data scan]
# bad_flag = -9.990e-29
*END*
      12807      0.500     0.0987     0.0992     0.0007    0.64417    0.64419          1     9.6175     9.6070      20.37     1.8964     0.6498  4.746e+03  0.9225000     6.8211     6.8212     0.0001     5.3910     5.3913      0.495      0.507      0.049    1412.10    1412.10  0.000e+00
      12825      1.000     0.0975     0.0984     0.0009    0.64419    0.64419          1     9.6043     9.6013      20.55     1.8964     0.5970  2.941e+03  0.9272000     6.8215     6.8214    -0.0001     5.3914     5.3913      0.991      1.013      0.451    1412.10    1412.10  0.000e+00
      12945      1.500     0.0978     0.0977    -0.0001    0.64421    0.64416          1     9.6092     9.6022      20.45     1.7739     0.5416  1.135e+03  1.0191000     6.8216     6.8210    -0.0006     5.3914     5.3910      1.486      1.520      0.393    1412.11    1412.11  0.000e+00
      13491      2.000     0.0986     0.0980    -0.0007    0.64421    0.64419          1     9.6105     9.6029      19.99     1.4325     0.4748  7.407e+02  1.0534000     6.8214     6.8213    -0.0001     5.3913     5.3912      1.982      2.026      0.569    1412.12    1412.12  0.000e+00
      13586      2.500     0.0998     0.0999     0.0001    0.64424    0.64421          1     9.6364     9.6030      19.42     1.5377     0.4840  5.932e+02  1.1640000     6.8213     6.8210    -0.0003     5.3913     5.3911      2.477      2.533      0.772    1412.13    1412.13  0.000e+00
      13627      3.000     0.1014     0.1014     0.0000    0.64418    0.64418          1     9.6232     9.5972      18.70     1.5840     0.5244  4.763e+02  1.0032000     6.8203     6.8202    -0.0000     5.3905     5.3905      2.973      3.039      0.421    1412.15    1412.15  0.000e+00
      13669      3.500     0.1014     0.1005    -0.0010    0.64425    0.64426          1     9.6182     9.5996      18.15     1.6757     0.5343  2.869e+02  0.9533000     6.8210     6.8213     0.0003     5.3911     5.3913      3.468      3.546      0.374    1412.16    1412.15  0.000e+00
      13713      4.000     0.1014     0.0996    -0.0019    0.64430    0.64428          1     9.6145     9.5958      17.64     2.0098     0.5816  2.442e+02  1.0380000     6.8215     6.8217     0.0002     5.3915     5.3916      3.963      4.052      0.286    1412.17    1412.16  0.000e+00
      13747      4.500     0.0977     0.0978     0.0001    0.64428    0.64425          1     9.6107     9.5854      17.11     2.2428     0.6493  1.830e+02  1.0283000     6.8220     6.8216    -0.0004     5.3918     5.3915      4.459      4.559      0.467    1412.15    1412.15  0.000e+00
      13776      5.000     0.0959     0.0964     0.0005    0.64424    0.64422          1     9.5995     9.5878      16.64     2.3339     0.6690  1.288e+02  1.1088000     6.8219     6.8215    -0.0004     5.3916     5.3913      4.954      5.065      0.348    1412.15    1412.16  0.000e+00
      13818      5.500     0.0958     0.0962     0.0004    0.64426    0.64422          1     9.5965     9.5955      16.01     2.4634     0.7035  1.107e+02  1.0669000     6.8220     6.8216    -0.0005     5.3917     5.3914      5.450      5.572      0.302    1412.16    1412.16  0.000e+00
      13851      6.000     0.0963     0.0968     0.0005    0.64433    0.64429          1     9.6071     9.5944      15.54     2.4721     0.7069  7.664e+01  1.0437000     6.8227     6.8221    -0.0006     5.3923     5.3918      5.945      6.078      0.405    1412.17    1412.17  0.000e+00
      13881      6.500     0.0963     0.0969     0.0006    0.64434    0.64431          1     9.6035     9.5980      15.04     2.5088     0.7056  5.826e+01  1.0686000     6.8227     6.8223    -0.0005     5.3923     5.3920      6.441      6.585      0.374    1412.18    1412.18  0.000e+00
      13914      7.000     0.0964     0.0970     0.0007    0.64435    0.64433          1     9.5971     9.5912      14.48     2.4828     0.6071  4.655e+01  1.0366000     6.8228     6.8223    -0.0004     5.3924     5.3920      6.936      7.092      0.386    1412.19    1412.19  0.000e+00
      13941      7.500     0.0965     0.0971     0.0007    0.64436    0.64435          1     9.6064     9.5841      13.97     2.4413     0.6587  2.684e+01  1.0888000     6.8228     6.8225    -0.0003     5.3924     5.3921      7.431      7.598      0.492    1412.20    1412.20  0.000e+00
      13964      8.000     0.0968     0.0974     0.0006    0.64440    0.64437          1     9.6087     9.5943      13.50     2.4489     0.6473  1.468e+01  1.0568000     6.8230     6.8226    -0.0004     5.3926     5.3923      7.927      8.105      0.489    1412.21    1412.21  0.000e+00
      13994      8.500     0.0967     0.0974     0.0007    0.64441    0.64438          1     9.6030     9.5938      12.92     2.3994     0.6868  9.092e+00  1.0246000     6.8231     6.8227    -0.0004     5.3926     5.3923      8.422      8.611      0.349    1412.21    1412.22  0.000e+00
      14032      9.000     0.0966     0.0972     0.0006    0.64440    0.64438          1     9.6075     9.5792      12.32     2.4660     0.5977  7.132e+00  0.9755000     6.8230     6.8226    -0.0004     5.3925     5.3923      8.918      9.118      0.359    1412.22    1412.22  0.000e+00
      14060      9.500     0.0967     0.0974     0.0008    0.64441    0.64438          1     9.6006     9.5850      11.88     2.4591     0.6068  5.508e+00  1.0425000     6.8230     6.8226    -0.0004     5.3925     5.3922      9.413      9.624      0.509    1412.23    1412.23  0.000e+00
      14081     10.000     0.0967     0.0974     0.0007    0.64441    0.64440          1     9.6061     9.5858      11.42     2.3759     0.5888  4.253e+00  1.0765000     6.8229     6.8227    -0.0003     5.3925     5.3923      9.908     10.131      0.538    1412.24    1412.24  0.000e+00
      14105     10.500     0.0968     0.0975     0.0007    0.64444    0.64443          1     9.6072     9.5885      10.88     2.3870     0.5990  3.431e+00  1.0291000     6.8232     6.8228    -0.0003     5.3927     5.3924     10.404     10.637      0.452    1412.25    1412.25  0.000e+00
      14137     11.000     0.0967     0.0973     0.0006    0.64444    0.64441          1     9.6097     9.5913      10.24     2.3553     0.6576  2.841e+00  1.0255000     6.8231     6.8227    -0.0005     5.3926     5.3923     10.899     11.144      0.347    1412.25    1412.25  0.000e+00
      14172     11.500     0.0966     0.0971     0.0006    0.64444    0.64441          1     9.6098     9.5918       9.66     2.3823     0.6834  2.196e+00  1.0174000     6.8231     6.8226    -0.0005     5.3926     5.3922     11.395     11.650      0.383    1412.26    1412.26  0.000e+00
      14199     12.000     0.0967     0.0973     0.0007    0.64444    0.64443          1     9.6063     9.5939       9.20     2.4108     0.6632  1.788e+00  0.9928000     6.8230     6.8227    -0.0003     5.3925     5.3923     11.890     12.157      0.477    1412.27    1412.27  0.000e+00
      14223     12.500     0.0979     0.0985     0.0006    0.64451    0.64450          1     9.6088     9.5886       8.73     2.3797     0.6231  1.550e+00  0.9821000     6.8234     6.8232    -0.0002     5.3929     5.3927     12.385     12.663      0.506    1412.28    1412.28  0.000e+00
      14247     13.000     0.0984     0.0990     0.0006    0.64454    0.64451          1     9.6084     9.5900       8.20     2.4406     0.6471  1.237e+00  1.0417000     6.8236     6.8232    -0.0004     5.3931     5.3928     12.881     13.170      0.443    1412.29    1412.29  0.000e+00
      14280     13.500     0.0969     0.0975     0.0006    0.64445    0.64442          1     9.6116     9.5921       7.57     2.4419     0.6191  8.973e-01  1.0316000     6.8228     6.8224    -0.0005     5.3924     5.3921     13.376     13.677      0.336    1412.29    1412.30  0.000e+00
      14315     14.000     0.0960     0.0968     0.0009    0.64440    0.64439          1     9.6072     9.5969       7.02     2.4822     0.5919  7.484e-01  1.0276000     6.8223     6.8221    -0.0002     5.3920     5.3918     13.872     14.183      0.412    1412.29    1412.30  0.000e+00
      14339     14.500     0.0963     0.0964     0.0001    0.64443    0.64437          1     9.6048     9.5974       6.59     2.3967     0.6120  6.187e-01  1.0642000     6.8226     6.8218    -0.0007     5.3922     5.3916     14.367     14.690      0.537    1412.30    1412.30  0.000e+00
      14361     15.000     0.0961     0.0961     0.0000    0.64442    0.64436          1     9.6055     9.5958       6.08     2.2798     0.6490  4.575e-01  1.0720000     6.8224     6.8217    -0.0007     5.3921     5.3915     14.863     15.196      0.525    1412.31    1412.31  0.000e+00
      14388     15.500     0.0958     0.0962     0.0005    0.64441    0.64438          1     9.6047     9.5984       5.47     2.3062     0.6262  3.241e-01  1.0854000     6.8223     6.8219    -0.0005     5.3920     5.3916     15.358     15.703      0.360    1412.32    1412.32  0.000e+00
      14430     16.000     0.0959     0.0963     0.0004    0.64443    0.64437          1     9.6040     9.6021       4.85     2.3991     0.5779  2.655e-01  1.0748000     6.8225     6.8217    -0.0008     5.3921     5.3915     15.853     16.209      0.304    1412.33    1412.32  0.000e+00
      14810     16.500     0.0963     0.0968     0.0005    0.64449    0.64446          1     9.6067     9.5998       4.16     2.3492     0.6974  3.933e-01  0.9581000     6.8230     6.8225    -0.0004     5.3925     5.3922     16.349     16.716      0.026    1412.34    1412.34  0.000e+00
