ctdpy/exports/archive_20191120_135557/received_data/SBE09_0827_20180126_0618_26_01_0212.cnv
* Sea-Bird SBE 9 Data File:
* FileName = D:\CTD_SBE911\DAT\26DA.2018.1.112.hex
* Software Version Seasave V 7.21d
* Temperature SN = 034757
* Conductivity SN = 041844
* Number of Bytes Per Scan = 48
* Number of Voltage Words = 5
* Number of Scans Averaged by the Deck Unit = 1
* NMEA Latitude = 56 37.61 N
* NMEA Longitude = 011 50.11 E
* NMEA UTC (Time) = Jan 26 2018  06:18:19
* NMEA baud rate = 4800
** Ship: DANA
** Average sound velocity: 1462.99 m/s
** True-depth calculation Thu, 28 Mar 2019 08:30:18 +0000
** CTD Python Module SMHI /ver 3-12/ feb 2012 
** LIMS Job: 20182601-0212
** 7S Anholt knub
** Operator: Ronny Sørensen
** Cruise: 01/2018
# nquan = 26
# nvalues = 62                          
# units = specified
# name 0 = scan: Scan Count
# name 1 = prDM: Pressure, Digiquartz [db]
# name 2 = t090C: Temperature [ITS-90, deg C]
# name 3 = t190C: Temperature, 2 [ITS-90, deg C]
# name 4 = T2-T190C: Temperature Difference, 2 - 1 [ITS-90, deg C]
# name 5 = c0S/m: Conductivity [S/m]
# name 6 = c1S/m: Conductivity, 2 [S/m]
# name 7 = pumps: Pump Status
# name 8 = sbeox1ML/L: Oxygen, SBE 43, 2 [ml/l]
# name 9 = sbeox0ML/L: Oxygen, SBE 43 [ml/l]
# name 10 = altM: Altimeter [m]
# name 11 = chloroflTC0: Chlorophyll, Turner Cyclops [ug/l]
# name 12 = cpar: CPAR/Corrected Irradiance [%]
# name 13 = par: PAR/Irradiance, Biospherical/Lico [µE/(cm^2*s)]
# name 14 = spar: SPAR, Biospherical/Licor
# name 15 = sal00: Salinity, Practical [PSU]
# name 16 = sal11: Salinity, Practical, 2 [PSU]
# name 17 = secS-priS: Salinity, Practical, Difference, 2 - 1 [PSU]
# name 18 = sigma-t00: Density [sigma-t, kg/m^3 ]
# name 19 = sigma-t11: Density, 2 [sigma-t, kg/m^3 ]
# name 20 = depSM: Depth [salt water, m], lat = 56.6268
# name 21 = depFM: Depth [true depth, m], lat = 56.6268
# name 22 = dz/dtM: Descent Rate [m/s], WS = 2
# name 23 = svCM: Sound Velocity [Chen-Millero, m/s]
# name 24 = svCM1: Sound Velocity, 2 [Chen-Millero, m/s]
# name 25 = flag: flag
# span 0 =        345,       4651       
# span 1 =      2.000,     32.500       
# span 2 =     3.7158,     7.2979       
# span 3 =     3.7163,     7.2968       
# span 4 =    -0.5225,     0.0015       
# span 5 =   1.691625,   3.380401       
# span 6 =   1.691509,   3.379842       
# span 7 =          1,          1       
# span 8 =     5.5790,     7.5127       
# span 9 =     5.7831,     7.6842       
# span 10 =       1.94,       9.99      
# span 11 =     0.0147,     0.0356      
# span 12 = -1.247e-09, 2.5036e+03      
# span 13 = 1.0000e-12, 1.0000e-12      
# span 14 = 1.9800e+00, 2.0308e+00      
# span 15 =    17.2240,    33.0697      
# span 16 =    17.2222,    33.0646      
# span 17 =    -1.9919,     0.0053      
# span 18 =    13.6908,    25.8577      
# span 19 =    13.6893,    25.8539      
# span 20 =      1.982,     32.200      
# span 21 =      2.010,     32.439      
# span 22 =     -0.105,      0.301      
# span 23 =    1442.63,    1477.93      
# span 24 =    1442.63,    1477.92      
# span 25 = 0.0000e+00, 0.0000e+00      
# interval = decibars: 0.5              
# start_time = Jan 26 2018 06:18:19 [NMEA time, first data scan]
# bad_flag = -9.990e-29
*END*
        345      2.000     3.7170     3.7174     0.0005    1.69199    1.69201          1     7.4146     7.6842       6.75     0.0150  4.924e-11  1.000e-12  2.031e+00    17.2275    17.2276     0.0001    13.6935    13.6935      1.982      2.010      0.156    1442.63    1442.63  0.000e+00
        406      2.500     3.7158     3.7173     0.0015    1.69162    1.69190          1     7.4496     7.5723       8.53     0.0147  4.924e-11  1.000e-12  2.031e+00    17.2240    17.2263     0.0022    13.6908    13.6925      2.477      2.512      0.285    1442.63    1442.63  0.000e+00
        458      3.000     3.7175     3.7179     0.0004    1.69242    1.69239          1     7.4515     7.6199       9.99     0.0147  4.924e-11  1.000e-12  2.031e+00    17.2317    17.2312    -0.0005    13.6968    13.6964      2.973      3.014      0.204    1442.65    1442.65  0.000e+00
        513      3.500     3.7188     3.7163    -0.0025    1.69285    1.69151          1     7.4655     7.6382       9.95     0.0149  4.924e-11  1.000e-12  2.031e+00    17.2357    17.2222    -0.0135    13.6999    13.6893      3.468      3.517      0.241    1442.67    1442.64  0.000e+00
        561      4.000     3.7217     3.7196    -0.0022    1.69435    1.69288          1     7.4951     7.6312       9.67     0.0147  4.924e-11  1.000e-12  2.031e+00    17.2506    17.2355    -0.0151    13.7116    13.6997      3.963      4.019      0.253    1442.71    1442.68  0.000e+00
        612      4.500     3.7220     3.7193    -0.0027    1.69486    1.69314          1     7.4648     7.6362       9.96     0.0148  4.924e-11  1.000e-12  2.031e+00    17.2559    17.2384    -0.0176    13.7158    13.7020      4.459      4.521      0.225    1442.73    1442.69  0.000e+00
        661      5.000     3.7214     3.7212    -0.0002    1.69448    1.69421          1     7.4808     7.6334       9.96     0.0156  4.924e-11  1.000e-12  2.031e+00    17.2519    17.2490    -0.0030    13.7127    13.7103      4.954      5.024      0.257    1442.73    1442.72  0.000e+00
        709      5.500     3.7194     3.7205     0.0012    1.69327    1.69380          1     7.4844     7.6522       9.96     0.0167  4.924e-11  1.000e-12  2.031e+00    17.2395    17.2447     0.0053    13.7029    13.7070      5.450      5.526      0.247    1442.71    1442.72  0.000e+00
        758      6.000     3.7192     3.7186    -0.0007    1.69289    1.69287          1     7.4879     7.6483       9.96     0.0168  4.924e-11  1.000e-12  2.031e+00    17.2352    17.2353     0.0001    13.6995    13.6996      5.945      6.029      0.245    1442.71    1442.71  0.000e+00
        803      6.500     3.7220     3.7199    -0.0021    1.69399    1.69289          1     7.5127     7.6422       9.96     0.0178  4.924e-11  1.000e-12  2.031e+00    17.2457    17.2346    -0.0111    13.7077    13.6990      6.440      6.531      0.296    1442.74    1442.72  0.000e+00
        845      7.000     3.7325     3.7239    -0.0087    1.69872    1.69461          1     7.5009     7.6164       9.96     0.0199  4.924e-11  1.000e-12  2.031e+00    17.2923    17.2514    -0.0409    13.7442    13.7121      6.936      7.033      0.259    1442.86    1442.77  0.000e+00
        892      7.500     3.7397     3.7270    -0.0127    1.70395    1.69611          1     7.4846     7.6089       9.96     0.0196  4.924e-11  1.000e-12  2.031e+00    17.3462    17.2662    -0.0800    13.7865    13.7237      7.431      7.536      0.270    1442.97    1442.81  0.000e+00
        936      8.000     3.8363     3.7668    -0.0695    1.75749    1.71549          1     7.4488     7.5094       9.96     0.0198  4.924e-11  1.000e-12  2.031e+00    17.8866    17.4593    -0.4272    14.2101    13.8749      7.927      8.038      0.269    1444.09    1443.24  0.000e+00
        983      8.500     3.8810     3.7932    -0.0879    1.78612    1.73195          1     7.3141     7.4207       9.96     0.0203  4.924e-11  1.000e-12  2.031e+00    18.1788    17.6272    -0.5516    14.4394    14.0066      8.422      8.540      0.242    1444.67    1443.58  0.000e+00
       1031      9.000     4.1949     3.9844    -0.2107    1.95540    1.81852          1     7.2488     7.2928       9.96     0.0200  4.924e-11  1.000e-12  2.031e+00    19.8714    18.4784    -1.3930    15.7620    14.6708      8.917      9.042      0.278    1448.21    1445.51  0.000e+00
       1072      9.500     4.3813     4.2040    -0.1771    2.05399    1.97427          1     7.2502     7.1701       9.96     0.0203  4.924e-11  1.000e-12  2.031e+00    20.8487    20.0751    -0.7737    16.5234    15.9227      9.413      9.543      0.281    1450.27    1448.52  0.000e+00
       1118     10.000     4.4794     4.3003    -0.1790    2.10832    2.01657          1     7.1422     7.1132       9.96     0.0212  4.924e-11  1.000e-12  2.031e+00    21.3882    20.4848    -0.9033    16.9435    16.2409      9.908     10.044      0.248    1451.38    1449.46  0.000e+00
       1165     10.500     4.5146     4.3281    -0.1866    2.14248    2.02120          1     7.0327     7.0829       9.96     0.0232  4.924e-11  1.000e-12  2.031e+00    21.7439    20.5187    -1.2251    17.2225    16.2659     10.404     10.545      0.275    1451.99    1449.63  0.000e+00
       1208     11.000     4.5726     4.4004    -0.1721    2.18795    2.06727          1     6.9837     7.0706       9.96     0.0216  4.924e-11  1.000e-12  2.031e+00    22.2095    20.9836    -1.2259    17.5866    16.6290     10.899     11.045      0.264    1452.84    1450.55  0.000e+00
       1257     11.500     4.5943     4.4748    -0.1195    2.20410    2.11860          1     6.9690     6.9729       9.96     0.0216  4.924e-11  1.000e-12  2.031e+00    22.3740    21.5046    -0.8694    17.7151    17.0360     11.394     11.546      0.240    1453.15    1451.54  0.000e+00
       1304     12.000     4.7073     4.5278    -0.1796    2.29404    2.15981          1     6.8920     6.8957       9.96     0.0219  4.924e-11  1.000e-12  2.031e+00    23.2948    21.9268    -1.3680    18.4345    17.3662     11.890     12.046      0.274    1454.81    1452.31  0.000e+00
       1348     12.500     4.9408     4.6225    -0.3183    2.41717    2.21753          1     6.7914     6.8141       9.96     0.0217  4.924e-11  1.000e-12  2.031e+00    24.4954    22.5035    -1.9919    19.3643    17.8153     12.385     12.546      0.256    1457.33    1453.45  0.000e+00
       1397     13.000     5.1439     4.8037    -0.3401    2.50825    2.32433          1     6.7925     6.7435       9.96     0.0222  4.924e-11  1.000e-12  2.031e+00    25.3552    23.5631    -1.7921    20.0258    18.6388     12.881     13.045      0.246    1459.28    1455.58  0.000e+00
       1443     13.500     5.1854     4.9077    -0.2778    2.52737    2.39166          1     6.7062     6.7029       9.96     0.0222  4.924e-11  1.000e-12  2.031e+00    25.5355    24.2361    -1.2994    20.1643    19.1622     13.376     13.544      0.275    1459.69    1456.88  0.000e+00
       1487     14.000     5.2840     5.0427    -0.2413    2.56322    2.45665          1     6.6644     6.6185       9.96     0.0227  4.924e-11  1.000e-12  2.031e+00    25.8570    24.8582    -0.9988    20.4090    19.6422     13.871     14.043      0.271    1460.51    1458.24  0.000e+00
       1532     14.500     5.5004     5.1450    -0.3554    2.64348    2.50419          1     6.5776     6.5317       9.96     0.0228  4.924e-11  1.000e-12  2.031e+00    26.5752    25.3087    -1.2665    20.9548    19.9889     14.367     14.542      0.260    1462.32    1459.25  0.000e+00
       1577     15.000     5.7853     5.2629    -0.5225    2.76519    2.54752          1     6.4769     6.4065       9.96     0.0232  4.924e-11  1.000e-12  2.031e+00    27.6900    25.6988    -1.9912    21.8052    20.2860     14.862     15.041      0.279    1464.90    1460.24  0.000e+00
       1620     15.500     5.9703     5.4873    -0.4828    2.83339    2.63118          1     6.4166     6.3218       9.96     0.0237  4.924e-11  1.000e-12  2.031e+00    28.2882    26.4498    -1.8384    22.2571    20.8572     15.358     15.539      0.273    1466.41    1462.12  0.000e+00
       1667     16.000     6.1495     5.6622    -0.4872    2.91821    2.70575          1     6.3521     6.2495       9.96     0.0233  4.924e-11  1.000e-12  2.031e+00    29.0693    27.1341    -1.9352    22.8528    21.3796     15.853     16.037      0.244    1468.13    1463.71  0.000e+00
       1715     16.500     6.1568     5.8197    -0.3374    2.93317    2.76234          1     6.2668     6.2525       9.96     0.0239  4.924e-11  1.000e-12  2.031e+00    29.2274    27.6300    -1.5974    22.9766    21.7543     16.348     16.535      0.265    1468.36    1464.99  0.000e+00
       1761     17.000     6.1849     5.8775    -0.3074    2.95196    2.79730          1     6.1921     6.2468       9.96     0.0237  4.924e-11  1.000e-12  2.031e+00    29.4095    27.9674    -1.4421    23.1170    22.0142     16.844     17.033      0.255    1468.71    1465.66  0.000e+00
       1806     17.500     6.2666     5.9990    -0.2674    2.97215    2.85388          1     6.1503     6.2165       9.96     0.0243  4.924e-11  1.000e-12  2.031e+00    29.5602    28.4887    -1.0715    23.2262    22.4120     17.339     17.531      0.272    1469.24    1466.81  0.000e+00
       1851     18.000     6.2697     6.0281    -0.2415    2.98117    2.87681          1     6.1063     6.2065       9.96     0.0242  4.924e-11  1.000e-12  2.031e+00    29.6565    28.7164    -0.9400    23.3017    22.5884     17.834     18.028      0.260    1469.38    1467.23  0.000e+00
       1898     18.500     6.2897     6.1091    -0.1806    2.98641    2.90994          1     6.0560     6.1982       9.96     0.0243  4.924e-11  1.000e-12  2.031e+00    29.6963    29.0118    -0.6845    23.3307    22.8121     18.330     18.526      0.254    1469.52    1467.93  0.000e+00
       1944     19.000     6.4029     6.1938    -0.2091    3.02026    2.94304          1     6.0576     6.1424       9.96     0.0245  4.924e-11  1.000e-12  2.031e+00    29.9684    29.3028    -0.6656    23.5317    23.0318     18.825     19.024      0.275    1470.32    1468.65  0.000e+00
       1987     19.500     6.4515     6.2315    -0.2200    3.04277    2.96230          1     6.0597     6.1347       9.96     0.0247  4.924e-11  1.000e-12  2.031e+00    30.1720    29.4817    -0.6904    23.6863    23.1684     19.321     19.521      0.270    1470.78    1469.03  0.000e+00
       2034     20.000     6.4852     6.2885    -0.1966    3.05824    2.98000          1     6.0104     6.1202       9.96     0.0251  4.924e-11  1.000e-12  2.031e+00    30.3115    29.6263    -0.6852    23.7921    23.2758     19.816     20.019      0.253    1471.09    1469.45  0.000e+00
       2079     20.500     6.5087     6.3322    -0.1765    3.06867    2.99945          1     5.9777     6.1044       9.96     0.0253  4.924e-11  1.000e-12  2.031e+00    30.4046    29.8014    -0.6031    23.8625    23.4086     20.311     20.516      0.279    1471.31    1469.85  0.000e+00
       2123     21.000     6.5413     6.3722    -0.1692    3.08260    3.01577          1     5.9822     6.0862       9.96     0.0255  4.924e-11  1.000e-12  2.031e+00    30.5278    29.9453    -0.5826    23.9556    23.5172     20.807     21.013      0.261    1471.60    1470.20  0.000e+00
       2170     21.500     6.5839     6.4180    -0.1658    3.10106    3.03177          1     5.9518     6.0762       9.96     0.0256  4.924e-11  1.000e-12  2.031e+00    30.6916    30.0801    -0.6115    24.0794    23.6179     21.302     21.511      0.268    1471.99    1470.56  0.000e+00
       2212     22.000     6.6085     6.4536    -0.1549    3.11444    3.04648          1     5.9324     6.0656       9.96     0.0255  2.504e+03  1.000e-12  1.980e+00    30.8157    30.2097    -0.6060    24.1741    23.7157     21.797     22.008      0.295    1472.25    1470.87  0.000e+00
       2254     22.500     6.6509     6.4776    -0.1734    3.12888    3.06062          1     5.9072     6.0416       9.96     0.0256  4.486e+01  1.000e-12  2.030e+00    30.9351    30.3432    -0.5919    24.2628    23.8180     22.293     22.505      0.260    1472.57    1471.14  0.000e+00
       2303     23.000     6.6935     6.5210    -0.1724    3.15227    3.07914          1     5.8988     6.0351       9.96     0.0256 -1.247e-09  1.000e-12  2.031e+00    31.1521    30.5072    -0.6450    24.4284    23.9419     22.788     23.002      0.252    1473.02    1471.53  0.000e+00
       2347     23.500     6.7497     6.5675    -0.1822    3.18495    3.09615          1     5.8893     6.0250       9.96     0.0259  4.924e-11  1.000e-12  2.031e+00    31.4580    30.6516    -0.8064    24.6621    24.0499     23.284     23.499      0.285    1473.63    1471.90  0.000e+00
       2391     24.000     6.8660     6.6277    -0.2383    3.22995    3.12036          1     5.8716     5.9857       9.81     0.0265  4.924e-11  1.000e-12  2.031e+00    31.8421    30.8621    -0.9800    24.9495    24.2082     23.779     23.996      0.258    1474.58    1472.41  0.000e+00
       2439     24.500     6.9288     6.7047    -0.2242    3.25360    3.15136          1     5.8383     5.9659       9.34     0.0269  4.924e-11  1.000e-12  2.031e+00    32.0417    31.1313    -0.9104    25.0985    24.4105     24.274     24.493      0.262    1475.08    1473.06  0.000e+00
       2481     25.000     6.9742     6.7799    -0.1942    3.26883    3.18904          1     5.8414     5.9290       8.85     0.0269  4.924e-11  1.000e-12  2.031e+00    32.1652    31.4741    -0.6911    25.1897    24.6710     24.770     24.990      0.301    1475.42    1473.79  0.000e+00
       2521     25.500     6.9988     6.8372    -0.1615    3.27603    3.21657          1     5.8483     5.9039       8.35     0.0274  4.924e-11  1.000e-12  2.031e+00    32.2206    31.7220    -0.4986    25.2301    24.8588     25.265     25.487      0.273    1475.59    1474.34  0.000e+00
       2570     26.000     7.0139     6.9161    -0.0977    3.28092    3.24135          1     5.7513     5.8898       7.85     0.0270  4.924e-11  1.000e-12  2.031e+00    32.2595    31.9191    -0.3404    25.2587    25.0037     25.760     25.983      0.243    1475.71    1474.90  0.000e+00
       2615     26.500     7.0385     6.9969    -0.0416    3.29124    3.27253          1     5.7121     5.8980       7.36     0.0275  4.924e-11  1.000e-12  2.031e+00    32.3486    32.1836    -0.1650    25.3256    25.2012     26.256     26.480      0.288    1475.92    1475.56  0.000e+00
       2657     27.000     7.1108     7.0741    -0.0367    3.31658    3.30381          1     5.7126     5.8699       6.87     0.0280  4.924e-11  1.000e-12  2.031e+00    32.5563    32.4518    -0.1045    25.4793    25.4020     26.751     26.977      0.271    1476.47    1476.20  0.000e+00
       2704     27.500     7.1414     7.1348    -0.0067    3.32450    3.31996          1     5.6933     5.8492       6.37     0.0280  4.924e-11  1.000e-12  2.031e+00    32.6133    32.5702    -0.0431    25.5201    25.4870     27.247     27.473      0.249    1476.67    1476.59  0.000e+00
       2750     28.000     7.1590     7.1536    -0.0054    3.33122    3.32765          1     5.6455     5.8595       5.87     0.0291  4.924e-11  1.000e-12  2.031e+00    32.6696    32.6358    -0.0337    25.5619    25.5361     27.742     27.970      0.282    1476.82    1476.76  0.000e+00
       2792     28.500     7.1716     7.1713    -0.0003    3.33706    3.33508          1     5.6441     5.8648       5.39     0.0293  4.924e-11  1.000e-12  2.031e+00    32.7209    32.6996    -0.0213    25.6006    25.5839     28.237     28.467      0.275    1476.94    1476.91  0.000e+00
       2838     29.000     7.1804     7.1804    -0.0000    3.34066    3.33932          1     5.6588     5.8705       4.88     0.0293  4.924e-11  1.000e-12  2.031e+00    32.7514    32.7369    -0.0146    25.6234    25.6120     28.733     28.963      0.257    1477.02    1477.00  0.000e+00
