ctdpy/exports/archive_20191120_135557/received_data/SBE09_0827_20181012_1037_26_01_1080.cnv
* Sea-Bird SBE 9 Data File:
* FileName = D:\CTD_SBE911\DAT\26DA.2018.10.80.hex
* Software Version Seasave V 7.21d
* Temperature SN = 4548
* Conductivity SN = 3062
* Number of Bytes Per Scan = 48
* Number of Voltage Words = 5
* Number of Scans Averaged by the Deck Unit = 1
* NMEA Latitude = 55 46.73 N
* NMEA Longitude = 017 51.28 E
* NMEA UTC (Time) = Oct 12 2018  10:39:53
* NMEA baud rate = 4800
** Ship: DANA
** Average sound velocity: 1449.98 m/s
** True-depth calculation Thu, 28 Mar 2019 12:27:48 +0000
** CTD Python Module SMHI /ver 3-12/ feb 2012 
** LIMS Job: 20182601-1080
** Operator: Christian
** Cruise: 10/2018
# nquan = 26
# nvalues = 113                         
# units = specified
# name 0 = scan: Scan Count
# name 1 = prDM: Pressure, Digiquartz [db]
# name 2 = t090C: Temperature [ITS-90, deg C]
# name 3 = t190C: Temperature, 2 [ITS-90, deg C]
# name 4 = T2-T190C: Temperature Difference, 2 - 1 [ITS-90, deg C]
# name 5 = c0S/m: Conductivity [S/m]
# name 6 = c1S/m: Conductivity, 2 [S/m]
# name 7 = pumps: Pump Status
# name 8 = sbeox1ML/L: Oxygen, SBE 43, 2 [ml/l]
# name 9 = sbeox0ML/L: Oxygen, SBE 43 [ml/l]
# name 10 = altM: Altimeter [m]
# name 11 = chloroflTC0: Chlorophyll, Turner Cyclops [ug/l]
# name 12 = cpar: CPAR/Corrected Irradiance [%]
# name 13 = par: PAR/Irradiance, Biospherical/Lico [µE/(cm^2*s)]
# name 14 = spar: SPAR, Biospherical/Licor
# name 15 = sal00: Salinity, Practical [PSU]
# name 16 = sal11: Salinity, Practical, 2 [PSU]
# name 17 = secS-priS: Salinity, Practical, Difference, 2 - 1 [PSU]
# name 18 = sigma-t00: Density [sigma-t, kg/m^3 ]
# name 19 = sigma-t11: Density, 2 [sigma-t, kg/m^3 ]
# name 20 = depSM: Depth [salt water, m], lat = 55.7788
# name 21 = depFM: Depth [true depth, m], lat = 55.7788
# name 22 = dz/dtM: Descent Rate [m/s], WS = 2
# name 23 = svCM: Sound Velocity [Chen-Millero, m/s]
# name 24 = svCM1: Sound Velocity, 2 [Chen-Millero, m/s]
# name 25 = flag: flag
# span 0 =         36,       5379       
# span 1 =      1.000,     57.000       
# span 2 =     3.8690,    13.3044       
# span 3 =     3.8685,    13.3026       
# span 4 =    -0.3589,     0.0773       
# span 5 =   0.793660,   0.989616       
# span 6 =   0.793934,   0.989573       
# span 7 =          1,          1       
# span 8 =     2.9479,     7.4197       
# span 9 =     2.7902,     6.9907       
# span 10 =       1.37,       9.99      
# span 11 =     0.0160,     0.0349      
# span 12 = 6.0295e-14, 8.5262e+00      
# span 13 = 1.0000e-12, 1.4024e+02      
# span 14 = 1.6391e+03, 1.6585e+03      
# span 15 =     7.3487,     8.8423      
# span 16 =     7.3490,     8.8446      
# span 17 =    -0.0002,     0.0398      
# span 18 =     5.0189,     7.0134      
# span 19 =     5.0192,     7.0151      
# span 20 =      0.991,     56.475      
# span 21 =      1.013,     57.728      
# span 22 =      0.141,      0.663      
# span 23 =    1431.87,    1468.79      
# span 24 =    1431.84,    1468.78      
# span 25 = 0.0000e+00, 0.0000e+00      
# interval = decibars: 0.5              
# start_time = Oct 12 2018 10:39:53 [NMEA time, first data scan]
# bad_flag = -9.990e-29
*END*
[from data line 56]
       2762     29.000     7.3310     7.2641    -0.0671    0.85244    0.85184          1     7.2627     6.7855       9.98     0.0204  6.053e-14  1.000e-12  1.652e+03     7.3703     7.3790     0.0087     5.6968     5.7084     28.735     29.386      0.377    1446.08    1445.82  0.000e+00
       2807     29.500     7.1064     6.8779    -0.2282    0.84761    0.84330          1     7.2602     6.8562       9.98     0.0194  6.063e-14  1.000e-12  1.649e+03     7.3730     7.3815     0.0085     5.7146     5.7366     29.230     29.893      0.219    1445.16    1444.21  0.000e+00
       2861     30.000     6.3999     6.2988    -0.1011    0.83145    0.83074          1     7.3184     6.9005       9.98     0.0195  6.048e-14  1.000e-12  1.654e+03     7.3722     7.3873     0.0151     5.7595     5.7773     29.725     30.399      0.337    1442.19    1441.78  0.000e+00
       2892     30.500     5.9256     5.8050    -0.1206    0.82066    0.81934          1     7.3465     6.9071       9.98     0.0191  6.049e-14  1.000e-12  1.653e+03     7.3714     7.3850     0.0136     5.7853     5.8022     30.221     30.906      0.352    1440.16    1439.66  0.000e+00
       2952     31.000     5.5094     5.3353    -0.1735    0.81196    0.80924          1     7.4189     6.9900       9.98     0.0188  6.064e-14  1.000e-12  1.649e+03     7.3779     7.3897     0.0117     5.8111     5.8284     30.716     31.412      0.243    1438.38    1437.64  0.000e+00
       3005     31.500     5.0987     5.0333    -0.0661    0.80447    0.80459          1     7.4111     6.9833       9.98     0.0183  6.046e-14  1.000e-12  1.654e+03     7.3950     7.4107     0.0158     5.8428     5.8579     31.212     31.918      0.454    1436.62    1436.36  0.000e+00
       3028     32.000     5.0262     4.9401    -0.0861    0.80439    0.80372          1     7.3787     6.9426       9.98     0.0181  6.047e-14  1.000e-12  1.654e+03     7.4102     7.4228     0.0125     5.8577     5.8710     31.707     32.425      0.435    1436.33    1435.97  0.000e+00
       3100     32.500     4.7883     4.6714    -0.1167    0.79966    0.79803          1     7.3443     6.9401       9.98     0.0182  6.061e-14  1.000e-12  1.650e+03     7.4162     7.4262     0.0100     5.8715     5.8836     32.202     32.931      0.301    1435.30    1434.80  0.000e+00
       3138     33.000     4.5227     4.4849    -0.0376    0.79366    0.79393          1     7.4197     6.9796       9.98     0.0173  6.049e-14  1.000e-12  1.653e+03     7.4157     7.4270     0.0112     5.8803     5.8904     32.698     33.437      0.548    1434.13    1433.98  0.000e+00
       3160     33.500     4.5934     4.6708     0.0773    0.79691    0.80003          1     7.4168     6.9907       9.98     0.0172  6.054e-14  1.000e-12  1.652e+03     7.4323     7.4462     0.0139     5.8911     5.8995     33.193     33.943      0.437    1434.47    1434.83  0.000e+00
       3244     34.000     4.7729     4.7943     0.0213    0.80363    0.80486          1     7.2900     6.8495       9.98     0.0174  6.060e-14  1.000e-12  1.650e+03     7.4591     7.4665     0.0074     5.9061     5.9112     33.688     34.450      0.329    1435.31    1435.41  0.000e+00
       3269     34.500     4.7965     4.7859    -0.0105    0.80517    0.80558          1     7.2458     6.8369       9.98     0.0178  6.057e-14  1.000e-12  1.651e+03     7.4691     7.4756     0.0065     5.9131     5.9187     34.184     34.956      0.511    1435.44    1435.40  0.000e+00
       3301     35.000     4.7877     4.7856    -0.0021    0.80580    0.80648          1     7.2191     6.8111       9.98     0.0178  6.059e-14  1.000e-12  1.650e+03     7.4773     7.4845     0.0072     5.9200     5.9258     34.679     35.462      0.298    1435.41    1435.41  0.000e+00
       3376     35.500     4.7618     4.7325    -0.0294    0.80590    0.80573          1     7.1690     6.7839       9.98     0.0191  6.066e-14  1.000e-12  1.649e+03     7.4841     7.4889     0.0049     5.9263     5.9312     35.175     35.969      0.322    1435.32    1435.19  0.000e+00
       3402     36.000     4.5476     4.4708    -0.0766    0.80168    0.80086          1     7.1242     6.7459       9.98     0.0182  6.051e-14  1.000e-12  1.653e+03     7.4902     7.4995     0.0093     5.9385     5.9483     35.670     36.475      0.412    1434.38    1434.05  0.000e+00
       3438     36.500     4.3772     4.2965    -0.0808    0.79921    0.79848          1     7.1008     6.7184       9.98     0.0172  6.062e-14  1.000e-12  1.650e+03     7.5040     7.5151     0.0111     5.9549     5.9661     36.165     36.981      0.256    1433.65    1433.30  0.000e+00
       3501     37.000     4.2372     4.1996    -0.0375    0.79799    0.79781          1     7.0802     6.6844       9.98     0.0171  6.063e-14  1.000e-12  1.650e+03     7.5236     7.5304     0.0068     5.9746     5.9811     36.661     37.487      0.219    1433.06    1432.90  0.000e+00
       3545     37.500     4.1761     4.1636    -0.0125    0.79753    0.79769          1     7.0825     6.6797       9.98     0.0171  6.046e-14  1.000e-12  1.654e+03     7.5329     7.5374     0.0045     5.9837     5.9876     37.156     37.994      0.339    1432.80    1432.75  0.000e+00
       3582     38.000     4.1706     4.1637    -0.0069    0.79812    0.79835          1     7.0662     6.6714       9.98     0.0171  6.070e-14  1.000e-12  1.648e+03     7.5401     7.5440     0.0039     5.9896     5.9928     37.651     38.500      0.270    1432.80    1432.77  0.000e+00
       3640     38.500     4.1639     4.1602    -0.0038    0.79863    0.79885          1     7.0525     6.6445       9.98     0.0171  6.062e-14  1.000e-12  1.650e+03     7.5468     7.5499     0.0031     5.9950     5.9976     38.147     39.006      0.225    1432.78    1432.77  0.000e+00
       3681     39.000     4.1576     4.1532    -0.0044    0.79900    0.79915          1     7.0429     6.6415       9.98     0.0171  6.043e-14  1.000e-12  1.655e+03     7.5519     7.5545     0.0025     5.9993     6.0015     38.642     39.512      0.380    1432.77    1432.75  0.000e+00
       3713     39.500     4.1570     4.1514    -0.0056    0.79929    0.79941          1     7.0373     6.6356       9.98     0.0170  6.064e-14  1.000e-12  1.649e+03     7.5549     7.5574     0.0025     6.0017     6.0038     39.138     40.018      0.310    1432.78    1432.76  0.000e+00
       3781     40.000     4.1478     4.1446    -0.0033    0.79939    0.79950          1     7.0359     6.6190       9.98     0.0171  6.056e-14  1.000e-12  1.651e+03     7.5580     7.5599     0.0019     6.0044     6.0060     39.633     40.525      0.291    1432.75    1432.74  0.000e+00
       3817     40.500     4.1443     4.1403    -0.0041    0.79963    0.79971          1     7.0335     6.6212       9.98     0.0171  6.042e-14  1.000e-12  1.655e+03     7.5611     7.5628     0.0017     6.0070     6.0085     40.128     41.031      0.412    1432.74    1432.73  0.000e+00
       3869     41.000     4.1327     4.1273    -0.0055    0.79972    0.79981          1     7.0284     6.6205       9.98     0.0169  6.063e-14  1.000e-12  1.649e+03     7.5647     7.5668     0.0021     6.0101     6.0120     40.624     41.537      0.271    1432.71    1432.68  0.000e+00
       3930     41.500     4.1138     4.1065    -0.0073    0.79984    0.79992          1     7.0174     6.6078       9.98     0.0169  6.050e-14  1.000e-12  1.653e+03     7.5702     7.5727     0.0025     6.0150     6.0172     41.119     42.043      0.435    1432.64    1432.61  0.000e+00
       3954     42.000     4.0898     4.0777    -0.0121    0.80005    0.80015          1     7.0093     6.6006       9.97     0.0168  6.037e-14  1.000e-12  1.656e+03     7.5778     7.5816     0.0038     6.0217     6.0250     41.614     42.550      0.405    1432.55    1432.50  0.000e+00
       4015     42.500     4.0499     4.0341    -0.0157    0.80014    0.80019          1     6.9701     6.5763       9.97     0.0170  6.079e-14  1.000e-12  1.645e+03     7.5879     7.5920     0.0041     6.0307     6.0344     42.110     43.056      0.266    1432.39    1432.32  0.000e+00
       4058     43.000     3.9558     3.9413    -0.0146    0.79957    0.79968          1     6.9142     6.5342       9.98     0.0168  6.055e-14  1.000e-12  1.652e+03     7.6038     7.6084     0.0046     6.0458     6.0497     42.605     43.562      0.429    1431.99    1431.93  0.000e+00
       4088     43.500     3.9373     3.9281    -0.0093    0.80239    0.80441          1     6.8218     6.4658       9.98     0.0164  6.038e-14  1.000e-12  1.656e+03     7.6369     7.6597     0.0228     6.0725     6.0909     43.100     44.068      0.302    1431.96    1431.95  0.000e+00
       4166     44.000     3.9074     3.9011    -0.0063    0.80730    0.80771          1     6.5938     6.2469       9.97     0.0164  6.095e-14  1.000e-12  1.641e+03     7.6941     7.6999     0.0057     6.1187     6.1234     43.596     44.574      0.287    1431.91    1431.88  0.000e+00
       4201     44.500     3.9005     3.8975    -0.0030    0.80896    0.80923          1     6.5047     6.1824       9.97     0.0161  6.047e-14  1.000e-12  1.654e+03     7.7127     7.7161     0.0034     6.1337     6.1364     44.091     45.081      0.333    1431.91    1431.90  0.000e+00
       4262     45.000     3.8798     3.8701    -0.0097    0.81206    0.81300          1     6.3411     6.0117       9.97     0.0160  6.077e-14  1.000e-12  1.646e+03     7.7493     7.7613     0.0120     6.1632     6.1730     44.586     45.587      0.243    1431.87    1431.84  0.000e+00
       4313     45.500     3.8696     3.8685    -0.0011    0.81678    0.81725          1     6.1140     5.8581       9.97     0.0162  6.085e-14  1.000e-12  1.643e+03     7.8001     7.8052     0.0051     6.2038     6.2079     45.082     46.093      0.439    1431.90    1431.90  0.000e+00
       4340     46.000     3.8690     3.8704     0.0014    0.82096    0.82278          1     5.9476     5.7237       9.97     0.0163  6.041e-14  1.000e-12  1.655e+03     7.8430     7.8614     0.0184     6.2380     6.2526     45.577     46.599      0.336    1431.96    1431.99  0.000e+00
       4420     46.500     3.8797     3.8804     0.0006    0.82636    0.82676          1     5.6920     5.4318       9.97     0.0162  6.101e-14  1.000e-12  1.639e+03     7.8958     7.8998     0.0039     6.2797     6.2828     46.073     47.105      0.299    1432.08    1432.09  0.000e+00
       4453     47.000     3.8868     3.8874     0.0006    0.82961    0.82998          1     5.5887     5.3621       9.97     0.0161  6.065e-14  1.000e-12  1.649e+03     7.9275     7.9311     0.0037     6.3047     6.3076     46.568     47.611      0.420    1432.16    1432.17  0.000e+00
       4486     47.500     3.8873     3.8852    -0.0020    0.83158    0.83249          1     5.5052     5.2647       9.97     0.0161  6.035e-14  1.000e-12  1.657e+03     7.9475     7.9574     0.0099     6.3206     6.3285     47.063     48.117      0.268    1432.20    1432.20  0.000e+00
       4567     48.000     3.9025     3.9097     0.0073    0.83603    0.83656          1     5.3885     5.1111       9.97     0.0164  6.094e-14  1.000e-12  1.641e+03     7.9895     7.9931     0.0036     6.3536     6.3562     47.559     48.623      0.322    1432.33    1432.36  0.000e+00
       4591     48.500     3.9770     3.9965     0.0196    0.84476    0.84689          1     5.2928     5.0715       9.86     0.0164  6.060e-14  1.000e-12  1.650e+03     8.0607     8.0778     0.0171     6.4082     6.4213     48.054     49.129      0.476    1432.76    1432.87  0.000e+00
       4619     49.000     4.0423     4.0715     0.0292    0.85619    0.86079          1     5.1207     4.9207       9.34     0.0163  6.044e-14  1.000e-12  1.655e+03     8.1617     8.2015     0.0398     6.4867     6.5175     48.549     49.635      0.329    1433.19    1433.38  0.000e+00
       4703     49.500     4.1110     4.1225     0.0116    0.86991    0.87155          1     4.7617     4.5592       8.81     0.0165  6.087e-14  1.000e-12  1.643e+03     8.2850     8.2988     0.0138     6.5826     6.5933     49.045     50.141      0.370    1433.67    1433.74  0.000e+00
       4723     50.000     4.1763     4.2114     0.0350    0.88339    0.88799          1     4.4576     4.4170       8.38     0.0162  6.062e-14  1.000e-12  1.650e+03     8.4063     8.4444     0.0380     6.6770     6.7061     49.540     50.647      0.485    1434.13    1434.33  0.000e+00
       4780     50.500     4.2484     4.2660     0.0177    0.89551    0.89796          1     4.0058     3.9247       7.79     0.0163  6.062e-14  1.000e-12  1.650e+03     8.5116     8.5322     0.0205     6.7584     6.7741     50.035     51.153      0.295    1434.59    1434.69  0.000e+00
       4838     51.000     4.2733     4.2800     0.0068    0.89965    0.90019          1     3.8019     3.6769       7.40     0.0168  6.084e-14  1.000e-12  1.644e+03     8.5475     8.5513     0.0038     6.7860     6.7888     50.531     51.659      0.491    1434.75    1434.79  0.000e+00
       4861     51.500     4.3001     4.3220     0.0218    0.90424    0.90696          1     3.6990     3.6011       6.87     0.0167  6.051e-14  1.000e-12  1.653e+03     8.5873     8.6094     0.0221     6.8167     6.8335     51.026     52.165      0.443    1434.93    1435.06  0.000e+00
       4919     52.000     4.3430     4.3534     0.0106    0.91060    0.91202          1     3.5266     3.3770       6.27     0.0169  6.058e-14  1.000e-12  1.651e+03     8.6410     8.6528     0.0118     6.8579     6.8669     51.521     52.671      0.257    1435.20    1435.26  0.000e+00
       4971     52.500     4.3615     4.3663     0.0049    0.91354    0.91384          1     3.4286     3.2681       5.86     0.0171  6.077e-14  1.000e-12  1.646e+03     8.6661     8.6679     0.0018     6.8772     6.8784     52.017     53.176      0.456    1435.32    1435.35  0.000e+00
       4994     53.000     4.3706     4.3795     0.0089    0.91480    0.91561          1     3.3977     3.2462       5.36     0.0171  6.046e-14  1.000e-12  1.654e+03     8.6765     8.6825     0.0060     6.8851     6.8895     52.512     53.682      0.472    1435.38    1435.43  0.000e+00
       5059     53.500     4.3973     4.4079     0.0106    0.91913    0.92064          1     3.2930     3.1219       4.80     0.0171  6.056e-14  1.000e-12  1.651e+03     8.7136     8.7262     0.0126     6.9136     6.9232     53.007     54.188      0.302    1435.56    1435.62  0.000e+00
       5112     54.000     4.4171     4.4204     0.0034    0.92297    0.92323          1     3.2076     3.0398       4.40     0.0165  6.054e-14  1.000e-12  1.652e+03     8.7475     8.7492     0.0018     6.9397     6.9410     53.503     54.694      0.500    1435.70    1435.71  0.000e+00
       5137     54.500     4.4212     4.4264     0.0052    0.92371    0.92435          1     3.1794     3.0151       3.85     0.0169  6.029e-14  1.000e-12  1.658e+03     8.7538     8.7589     0.0051     6.9447     6.9485     53.998     55.199      0.360    1435.73    1435.76  0.000e+00
       5221     55.000     4.4363     4.4368     0.0005    0.92683    0.92695          1     3.1122     2.9388       3.36     0.0170  6.059e-14  1.000e-12  1.650e+03     8.7815     8.7826     0.0011     6.9661     6.9669     54.493     55.705      0.341    1435.84    1435.84  0.000e+00
       5242     55.500     4.4280     4.4318     0.0038    0.92709    0.92753          1     3.0868     2.9264       2.91     0.0171  6.041e-14  1.000e-12  1.655e+03     8.7863     8.7898     0.0035     6.9702     6.9728     54.989     56.211      0.457    1435.82    1435.84  0.000e+00
       5286     56.000     4.4386     4.4404     0.0019    0.92909    0.92986          1     3.0391     2.8714       2.33     0.0170  6.031e-14  1.000e-12  1.658e+03     8.8038     8.8112     0.0074     6.9837     6.9895     55.484     56.717      0.258    1435.90    1435.91  0.000e+00
