ctdpy/exports/archive_20191120_135557/received_data/SBE09_1044_20181015_0414_34_01_0092.cnv
* Sea-Bird SBE 9 Data File:
* FileName = C:\ctd\temp\ar18d092.hex
* Software Version Seasave V 7.21e
* Temperature SN = 5351
* Conductivity SN = 3941
* Number of Bytes Per Scan = 41
* Number of Voltage Words = 4
* Number of Scans Averaged by the Deck Unit = 1
* NMEA Latitude = 57 59.90 N
* NMEA Longitude = 019 52.71 E
* NMEA UTC (Time) = Oct 15 2018  07:14:32
* NMEA baud rate = 4800
** Station:  BY20
** Operator:  Dbsj
** Ship: ARANDA
** Average sound velocity: 1448.34 m/s
** True-depth calculation Mon, 15 Oct 2018 09:36:58 +0000
** CTD Python Module SMHI /ver 3-12/ feb 2012 
** LIMS Job: 20183401-0092
** Cruise: SMHI-4-2018
** Latitude [GG MM.mm N]:
** Longitude [GG MM.mm E]
# nquan = 26
# nvalues = 381                         
# units = specified
# name 0 = scan: Scan Count
# name 1 = prDM: Pressure, Digiquartz [db]
# name 2 = t090C: Temperature [ITS-90, deg C]
# name 3 = t190C: Temperature, 2 [ITS-90, deg C]
# name 4 = T2-T190C: Temperature Difference, 2 - 1 [ITS-90, deg C]
# name 5 = c0S/m: Conductivity [S/m]
# name 6 = c1S/m: Conductivity, 2 [S/m]
# name 7 = pumps: Pump Status
# name 8 = sbeox0ML/L: Oxygen, SBE 43 [ml/l]
# name 9 = sbeox1ML/L: Oxygen, SBE 43, 2 [ml/l]
# name 10 = altM: Altimeter [m]
# name 11 = flECO-AFL: Chl-a Fluorescence, WET Labs ECO-AFL/FL [mg/m^3]
# name 12 = flECO-AFL1: Phycocyanin Fluorescence, WET Labs ECO-AFL/FL, 2 [mg/m^3]
# name 13 = par: PAR/Irradiance, Biospherical/Lico [µE/(cm^2*s)]
# name 14 = turbWETntu0: Turbidity, WET Labs ECO [NTU]
# name 15 = sal00: Salinity, Practical [PSU]
# name 16 = sal11: Salinity, Practical, 2 [PSU]
# name 17 = secS-priS: Salinity, Practical, Difference, 2 - 1 [PSU]
# name 18 = sigma-t00: Density [sigma-t, Kg/m^3 ]
# name 19 = sigma-t11: Density, 2 [sigma-t, Kg/m^3 ]
# name 20 = depSM: Depth [salt water, m], lat = 57.9983
# name 21 = depFM: Depth [true depth, m], lat = 57.9983
# name 22 = dz/dtM: Descent Rate [m/s], WS = 2
# name 23 = svCM: Sound Velocity [Chen-Millero, m/s]
# name 24 = svCM1: Sound Velocity, 2 [Chen-Millero, m/s]
# name 25 = flag: flag
# span 0 =      29052,      41442       
# span 1 =      1.500,    191.500       
# span 2 =     3.3409,    12.0257       
# span 3 =     3.3429,    12.0302       
# span 4 =    -0.0058,     0.0655       
# span 5 =   0.750107,   1.386235       
# span 6 =   0.750215,   1.386245       
# span 7 =          1,          1       
# span 8 =    0.04083,    7.40443       
# span 9 =    0.03917,    8.04324       
# span 10 =       3.73,      99.32      
# span 11 =     0.1964,     1.4240      
# span 12 =     0.1563,     0.4515      
# span 13 = 1.0000e-12, 1.2653e+02      
# span 14 =     0.1369,     1.7528      
# span 15 =     6.6301,    12.6400      
# span 16 =     6.6297,    12.6395      
# span 17 =    -0.0115,     0.0019      
# span 18 =     4.6418,     9.8775      
# span 19 =     4.6410,     9.8770      
# span 20 =      1.486,    189.637      
# span 21 =      1.521,    193.565      
# span 22 =     -0.035,      0.838      
# span 23 =    1429.28,    1463.49      
# span 24 =    1429.29,    1463.50      
# span 25 = 0.0000e+00, 0.0000e+00      
# interval = decibars: 0.5              
# start_time = Oct 15 2018 07:14:32 [NMEA time, first data scan]
# bad_flag = -9.990e-29
*END*
[from data line 279]
      35456    141.000     6.6341     6.6354     0.0013    1.34495    1.34494          1     0.0667     0.0657      56.61     0.3153     0.2728  1.000e-12  0.4614000    12.2791    12.2785    -0.0006     9.6020     9.6014    139.646    142.629      0.649    1451.10    1451.11  0.000e+00
      35478    141.500     6.6350     6.6362     0.0012    1.34560    1.34556          1     0.0666     0.0661      56.05     0.3327     0.2618  1.000e-12  0.4464000    12.2851    12.2842    -0.0009     9.6067     9.6059    140.141    143.133      0.485    1451.12    1451.12  0.000e+00
      35509    142.000     6.6361     6.6373     0.0012    1.34637    1.34631          1     0.0649     0.0640      55.34     0.3265     0.2354  1.000e-12  0.4222000    12.2922    12.2912    -0.0010     9.6121     9.6112    140.636    143.637      0.364    1451.14    1451.15  0.000e+00
      35539    142.500     6.6395     6.6407     0.0011    1.34825    1.34820          1     0.0666     0.0639      54.90     0.3147     0.2758  1.000e-12  0.4222000    12.3095    12.3085    -0.0010     9.6254     9.6246    141.131    144.142      0.506    1451.19    1451.19  0.000e+00
      35559    143.000     6.6432     6.6444     0.0012    1.35040    1.35032          1     0.0654     0.0644      54.45     0.3052     0.1869  1.000e-12  0.4008000    12.3293    12.3281    -0.0012     9.6407     9.6396    141.626    144.646      0.636    1451.23    1451.24  0.000e+00
      35577    143.500     6.6495     6.6508     0.0013    1.35414    1.35406          1     0.0651     0.0638      54.06     0.3111     0.1831  1.000e-12  0.3778000    12.3639    12.3626    -0.0013     9.6674     9.6663    142.121    145.151      0.689    1451.31    1451.32  0.000e+00
      35594    144.000     6.6543     6.6554     0.0011    1.35659    1.35654          1     0.0642     0.0657      53.58     0.3155     0.2213  1.000e-12  0.3490000    12.3863    12.3854    -0.0009     9.6847     9.6839    142.616    145.655      0.673    1451.37    1451.37  0.000e+00
      35613    144.500     6.6571     6.6583     0.0012    1.35776    1.35773          1     0.0648     0.0636      53.02     0.3075     0.2423  1.000e-12  0.2917000    12.3968    12.3961    -0.0008     9.6927     9.6920    143.111    146.159      0.593    1451.40    1451.41  0.000e+00
      35635    145.000     6.6590     6.6603     0.0013    1.35877    1.35871          1     0.0629     0.0653      52.34     0.3289     0.2394  1.000e-12  0.2666000    12.4059    12.4049    -0.0010     9.6997     9.6988    143.606    146.664      0.485    1451.43    1451.43  0.000e+00
      35663    145.500     6.6622     6.6633     0.0011    1.36026    1.36020          1     0.0632     0.0638      51.75     0.3264     0.2415  1.000e-12  0.2396000    12.4195    12.4185    -0.0011     9.7101     9.7092    144.101    147.168      0.427    1451.47    1451.47  0.000e+00
      35690    146.000     6.6649     6.6660     0.0011    1.36122    1.36118          1     0.0638     0.0654      51.35     0.3267     0.2075  1.000e-12  0.2286000    12.4279    12.4271    -0.0008     9.7165     9.7158    144.596    147.672      0.479    1451.50    1451.50  0.000e+00
      35713    146.500     6.6664     6.6676     0.0012    1.36173    1.36170          1     0.0618     0.0633      50.88     0.3148     0.2451  1.000e-12  0.2355000    12.4323    12.4315    -0.0008     9.7198     9.7191    145.091    148.177      0.564    1451.52    1451.52  0.000e+00
      35733    147.000     6.6681     6.6693     0.0011    1.36239    1.36235          1     0.0633     0.0635      50.30     0.3271     0.2559  1.000e-12  0.2173000    12.4381    12.4373    -0.0008     9.7242     9.7235    145.586    148.681      0.634    1451.54    1451.54  0.000e+00
      35751    147.500     6.6700     6.6712     0.0012    1.36316    1.36313          1     0.0634     0.0640      49.79     0.3181     0.2079  1.000e-12  0.2220000    12.4450    12.4442    -0.0008     9.7295     9.7288    146.081    149.186      0.657    1451.56    1451.57  0.000e+00
      35770    148.000     6.6713     6.6726     0.0013    1.36375    1.36372          1     0.0637     0.0636      49.28     0.3162     0.2687  1.000e-12  0.2278000    12.4502    12.4494    -0.0008     9.7335     9.7328    146.576    149.690      0.610    1451.58    1451.59  0.000e+00
      35791    148.500     6.6729     6.6742     0.0012    1.36446    1.36442          1     0.0633     0.0648      48.70     0.3198     0.2339  1.000e-12  0.2226000    12.4565    12.4556    -0.0009     9.7383     9.7376    147.071    150.194      0.489    1451.61    1451.61  0.000e+00
      35820    149.000     6.6746     6.6758     0.0012    1.36515    1.36511          1     0.0633     0.0637      48.11     0.3325     0.2341  1.000e-12  0.2103000    12.4626    12.4618    -0.0009     9.7430     9.7422    147.566    150.699      0.402    1451.63    1451.63  0.000e+00
      35849    149.500     6.6766     6.6777     0.0012    1.36577    1.36573          1     0.0623     0.0630      47.57     0.3410     0.3065  1.000e-12  0.2097000    12.4680    12.4672    -0.0008     9.7471     9.7463    148.061    151.203      0.506    1451.65    1451.66  0.000e+00
      35869    150.000     6.6786     6.6798     0.0012    1.36649    1.36646          1     0.0624     0.0651      47.20     0.3387     0.2688  1.000e-12  0.2098000    12.4742    12.4735    -0.0007     9.7518     9.7512    148.556    151.707      0.644    1451.68    1451.68  0.000e+00
      35886    150.500     6.6801     6.6813     0.0012    1.36694    1.36692          1     0.0626     0.0648      46.75     0.3374     0.2328  1.000e-12  0.2211000    12.4781    12.4775    -0.0006     9.7547     9.7541    149.051    152.212      0.701    1451.69    1451.70  0.000e+00
      35903    151.000     6.6814     6.6825     0.0012    1.36734    1.36732          1     0.0613     0.0642      45.97     0.3322     0.2075  1.000e-12  0.2158000    12.4814    12.4809    -0.0006     9.7572     9.7567    149.546    152.716      0.657    1451.71    1451.72  0.000e+00
      35924    151.500     6.6831     6.6844     0.0012    1.36794    1.36791          1     0.0621     0.0623      45.64     0.3257     0.2633  1.000e-12  0.2110000    12.4867    12.4858    -0.0008     9.7612     9.7605    150.041    153.220      0.526    1451.73    1451.74  0.000e+00
      35950    152.000     6.6847     6.6859     0.0012    1.36855    1.36851          1     0.0613     0.0609      45.05     0.3191     0.2639  1.000e-12  0.2074000    12.4920    12.4912    -0.0008     9.7653     9.7645    150.536    153.725      0.433    1451.76    1451.76  0.000e+00
      35977    152.500     6.6864     6.6875     0.0011    1.36910    1.36906          1     0.0607     0.0645      43.81     0.3229     0.2476  1.000e-12  0.2055000    12.4967    12.4959    -0.0008     9.7688     9.7682    151.031    154.229      0.514    1451.78    1451.78  0.000e+00
      35998    153.000     6.6877     6.6889     0.0012    1.36956    1.36953          1     0.0601     0.0636      43.24     0.3213     0.2417  1.000e-12  0.2109000    12.5007    12.4999    -0.0007     9.7719     9.7712    151.526    154.733      0.584    1451.80    1451.80  0.000e+00
      36018    153.500     6.6891     6.6904     0.0013    1.37004    1.37004          1     0.0609     0.0614      42.77     0.3382     0.2336  1.000e-12  0.2098000    12.5049    12.5043    -0.0005     9.7750     9.7745    152.021    155.238      0.577    1451.81    1451.82  0.000e+00
      36040    154.000     6.6913     6.6927     0.0013    1.37085    1.37084          1     0.0616     0.0608      42.29     0.3192     0.2339  1.000e-12  0.2104000    12.5120    12.5113    -0.0006     9.7805     9.7798    152.516    155.742      0.527    1451.84    1451.85  0.000e+00
      36064    154.500     6.6934     6.6945     0.0012    1.37144    1.37142          1     0.0583     0.0623      41.69     0.3542     0.2481  1.000e-12  0.2051000    12.5169    12.5163    -0.0007     9.7842     9.7836    153.011    156.246      0.514    1451.86    1451.87  0.000e+00
      36086    155.000     6.6959     6.6970     0.0011    1.37228    1.37226          1     0.0610     0.0612      41.10     0.3385     0.2320  1.000e-12  0.2090000    12.5242    12.5236    -0.0006     9.7897     9.7891    153.506    156.751      0.542    1451.89    1451.90  0.000e+00
      36108    155.500     6.6968     6.6980     0.0011    1.37268    1.37264          1     0.0602     0.0602      40.54     0.3329     0.1816  1.000e-12  0.2026000    12.5277    12.5270    -0.0008     9.7924     9.7917    154.001    157.255      0.565    1451.91    1451.91  0.000e+00
      36129    156.000     6.6980     6.6992     0.0012    1.37305    1.37304          1     0.0578     0.0601      40.05     0.3388     0.1563  1.000e-12  0.1965000    12.5309    12.5303    -0.0006     9.7948     9.7943    154.496    157.759      0.582    1451.92    1451.93  0.000e+00
      36149    156.500     6.6989     6.7001     0.0011    1.37337    1.37335          1     0.0601     0.0606      39.54     0.3415     0.1696  1.000e-12  0.1990000    12.5335    12.5329    -0.0006     9.7968     9.7962    154.991    158.264      0.578    1451.94    1451.94  0.000e+00
      36171    157.000     6.7003     6.7015     0.0012    1.37387    1.37384          1     0.0586     0.0631      38.98     0.3626     0.2466  1.000e-12  0.2104000    12.5379    12.5372    -0.0007     9.8001     9.7994    155.486    158.768      0.524    1451.96    1451.96  0.000e+00
      36196    157.500     6.7011     6.7024     0.0013    1.37425    1.37421          1     0.0589     0.0576      38.44     0.3366     0.2474  1.000e-12  0.2099000    12.5413    12.5405    -0.0008     9.8027     9.8020    155.981    159.272      0.470    1451.97    1451.98  0.000e+00
      36221    158.000     6.7027     6.7038     0.0011    1.37472    1.37468          1     0.0601     0.0630      37.88     0.3273     0.2801  1.000e-12  0.1922000    12.5452    12.5445    -0.0008     9.8057     9.8050    156.476    159.777      0.525    1451.99    1452.00  0.000e+00
      36242    158.500     6.7044     6.7056     0.0012    1.37527    1.37524          1     0.0594     0.0615      37.49     0.3570     0.2661  1.000e-12  0.1966000    12.5500    12.5492    -0.0007     9.8093     9.8086    156.971    160.281      0.619    1452.02    1452.02  0.000e+00
      36260    159.000     6.7053     6.7065     0.0013    1.37558    1.37556          1     0.0586     0.0587      37.00     0.3503     0.2550  1.000e-12  0.1971000    12.5526    12.5520    -0.0006     9.8112     9.8107    157.466    160.785      0.626    1452.03    1452.03  0.000e+00
      36280    159.500     6.7063     6.7075     0.0012    1.37600    1.37599          1     0.0598     0.0596      36.47     0.3350     0.2445  1.000e-12  0.1958000    12.5563    12.5557    -0.0005     9.8141     9.8136    157.961    161.290      0.526    1452.05    1452.05  0.000e+00
      36307    160.000     6.7065     6.7078     0.0012    1.37617    1.37615          1     0.0595     0.0574      35.90     0.3318     0.2488  1.000e-12  0.1875000    12.5578    12.5572    -0.0006     9.8153     9.8147    158.456    161.794      0.440    1452.06    1452.06  0.000e+00
      36333    160.500     6.7072     6.7085     0.0013    1.37644    1.37642          1     0.0583     0.0591      35.32     0.3378     0.2616  1.000e-12  0.1796000    12.5601    12.5594    -0.0007     9.8170     9.8164    158.951    162.298      0.515    1452.07    1452.08  0.000e+00
      36355    161.000     6.7084     6.7096     0.0012    1.37675    1.37674          1     0.0576     0.0577      34.91     0.3415     0.2225  1.000e-12  0.1836000    12.5626    12.5620    -0.0006     9.8189     9.8184    159.446    162.803      0.585    1452.09    1452.09  0.000e+00
      36375    161.500     6.7093     6.7106     0.0013    1.37705    1.37702          1     0.0570     0.0599      34.45     0.3377     0.2225  1.000e-12  0.2095000    12.5651    12.5644    -0.0007     9.8208     9.8201    159.941    163.307      0.578    1452.10    1452.11  0.000e+00
      36396    162.000     6.7103     6.7115     0.0013    1.37738    1.37735          1     0.0597     0.0598      33.82     0.3172     0.2754  1.000e-12  0.2049000    12.5679    12.5672    -0.0007     9.8229     9.8223    160.436    163.811      0.558    1452.12    1452.12  0.000e+00
      36417    162.500     6.7114     6.7126     0.0011    1.37767    1.37764          1     0.0598     0.0586      33.31     0.3310     0.2475  1.000e-12  0.2036000    12.5703    12.5696    -0.0007     9.8247     9.8241    160.931    164.316      0.577    1452.13    1452.14  0.000e+00
      36438    163.000     6.7129     6.7140     0.0011    1.37810    1.37805          1     0.0575     0.0589      32.82     0.3445     0.2192  1.000e-12  0.1975000    12.5739    12.5731    -0.0009     9.8274     9.8267    161.426    164.820      0.562    1452.15    1452.16  0.000e+00
      36461    163.500     6.7131     6.7143     0.0012    1.37819    1.37817          1     0.0581     0.0585      32.30     0.3558     0.2491  1.000e-12  0.1978000    12.5746    12.5739    -0.0007     9.8279     9.8273    161.921    165.324      0.456    1452.16    1452.17  0.000e+00
      36491    164.000     6.7133     6.7146     0.0012    1.37828    1.37825          1     0.0562     0.0587      31.80     0.3438     0.2412  1.000e-12  0.2036000    12.5754    12.5746    -0.0008     9.8285     9.8278    162.416    165.829      0.427    1452.17    1452.17  0.000e+00
      36516    164.500     6.7142     6.7155     0.0012    1.37852    1.37851          1     0.0571     0.0590      31.37     0.3279     0.2214  1.000e-12  0.1946000    12.5773    12.5767    -0.0006     9.8300     9.8294    162.911    166.333      0.581    1452.19    1452.19  0.000e+00
      36534    165.000     6.7148     6.7160     0.0012    1.37872    1.37871          1     0.0568     0.0593      30.86     0.3314     0.1775  1.000e-12  0.1951000    12.5789    12.5784    -0.0005     9.8312     9.8307    163.406    166.837      0.665    1452.20    1452.20  0.000e+00
      36552    165.500     6.7152     6.7164     0.0012    1.37884    1.37882          1     0.0573     0.0592      30.27     0.3367     0.2419  1.000e-12  0.2144000    12.5799    12.5792    -0.0007     9.8319     9.8313    163.901    167.341      0.628    1452.21    1452.21  0.000e+00
      36573    166.000     6.7157     6.7170     0.0012    1.37902    1.37901          1     0.0556     0.0587      29.67     0.3127     0.2691  1.000e-12  0.2080000    12.5814    12.5808    -0.0006     9.8331     9.8325    164.396    167.846      0.494    1452.22    1452.23  0.000e+00
      36602    166.500     6.7161     6.7174     0.0013    1.37916    1.37915          1     0.0576     0.0584      29.10     0.3241     0.2476  1.000e-12  0.2092000    12.5826    12.5820    -0.0006     9.8340     9.8334    164.891    168.350      0.427    1452.23    1452.24  0.000e+00
      36628    167.000     6.7168     6.7180     0.0012    1.37942    1.37942          1     0.0546     0.0588      28.56     0.3376     0.2277  1.000e-12  0.2110000    12.5848    12.5843    -0.0004     9.8356     9.8352    165.386    168.854      0.519    1452.25    1452.25  0.000e+00
      36649    167.500     6.7173     6.7185     0.0012    1.37963    1.37962          1     0.0574     0.0592      28.14     0.3508     0.2380  1.000e-12  0.2147000    12.5865    12.5859    -0.0006     9.8370     9.8364    165.880    169.359      0.593    1452.26    1452.26  0.000e+00
      36668    168.000     6.7187     6.7200     0.0012    1.38002    1.38000          1     0.0627     0.0595      27.65     0.3440     0.2505  1.000e-12  0.2119000    12.5898    12.5891    -0.0007     9.8394     9.8388    166.376    169.863      0.598    1452.28    1452.28  0.000e+00
