ctdpy/exports/archive_20191120_135557/received_data/SBE09_0827_20180226_0613_26_01_0311.cnv
* Sea-Bird SBE 9 Data File:
* FileName = D:\CTD_SBE911\DAT\26DA.2018.3.11.hex
* Software Version Seasave V 7.21d
* Temperature SN = 034757
* Conductivity SN = 041844
* Number of Bytes Per Scan = 48
* Number of Voltage Words = 5
* Number of Scans Averaged by the Deck Unit = 1
* NMEA Latitude = 55 40.99 N
* NMEA Longitude = 014 49.68 E
* NMEA UTC (Time) = Feb 26 2018  06:14:15
* NMEA baud rate = 4800
** Ship: DANA
** Average sound velocity: 1429.43 m/s
** True-depth calculation Tue, 02 Apr 2019 08:32:14 +0000
** CTD Python Module SMHI /ver 3-12/ feb 2012 
** LIMS Job: 20182601-0311
** Operator:
** Cruise: 02/2018
# nquan = 26
# nvalues = 113                         
# units = specified
# name 0 = scan: Scan Count
# name 1 = prDM: Pressure, Digiquartz [db]
# name 2 = t090C: Temperature [ITS-90, deg C]
# name 3 = t190C: Temperature, 2 [ITS-90, deg C]
# name 4 = T2-T190C: Temperature Difference, 2 - 1 [ITS-90, deg C]
# name 5 = c0S/m: Conductivity [S/m]
# name 6 = c1S/m: Conductivity, 2 [S/m]
# name 7 = pumps: Pump Status
# name 8 = sbeox1ML/L: Oxygen, SBE 43, 2 [ml/l]
# name 9 = sbeox0ML/L: Oxygen, SBE 43 [ml/l]
# name 10 = altM: Altimeter [m]
# name 11 = chloroflTC0: Chlorophyll, Turner Cyclops [ug/l]
# name 12 = cpar: CPAR/Corrected Irradiance [%]
# name 13 = par: PAR/Irradiance, Biospherical/Lico [µE/(cm^2*s)]
# name 14 = spar: SPAR, Biospherical/Licor
# name 15 = sal00: Salinity, Practical [PSU]
# name 16 = sal11: Salinity, Practical, 2 [PSU]
# name 17 = secS-priS: Salinity, Practical, Difference, 2 - 1 [PSU]
# name 18 = sigma-t00: Density [sigma-t, kg/m^3 ]
# name 19 = sigma-t11: Density, 2 [sigma-t, kg/m^3 ]
# name 20 = depSM: Depth [salt water, m], lat = 55.6832
# name 21 = depFM: Depth [true depth, m], lat = 55.6832
# name 22 = dz/dtM: Descent Rate [m/s], WS = 2
# name 23 = svCM: Sound Velocity [Chen-Millero, m/s]
# name 24 = svCM1: Sound Velocity, 2 [Chen-Millero, m/s]
# name 25 = flag: flag
# span 0 =        138,       6073       
# span 1 =      2.000,     58.000       
# span 2 =     3.3561,     5.3674       
# span 3 =     3.3639,     5.4411       
# span 4 =    -0.3392,     0.0736       
# span 5 =   0.736771,   0.952482       
# span 6 =   0.078611,   0.960185       
# span 7 =          0,          1       
# span 8 =     2.8804,     8.5571       
# span 9 =    -3.7903,    15.0176       
# span 10 =       0.91,      10.00      
# span 11 =     0.0115,     0.0189      
# span 12 = -6.141e-04, 5.0865e+00      
# span 13 = -2.993e-04, 2.3758e+00      
# span 14 = 4.6709e+01, 5.6908e+01      
# span 15 =     7.0996,     8.7949      
# span 16 =     0.6654,     8.8550      
# span 17 =    -6.7118,     0.0600      
# span 18 =     5.6560,     6.9383      
# span 19 =     0.5092,     6.9834      
# span 20 =      1.982,     57.466      
# span 21 =      2.026,     58.723      
# span 22 =     -0.031,      0.671      
# span 23 =    1427.97,    1440.00      
# span 24 =    1419.63,    1440.40      
# span 25 = 0.0000e+00, 0.0000e+00      
# interval = decibars: 0.5              
# start_time = Feb 26 2018 06:14:15 [NMEA time, first data scan]
# bad_flag = -9.990e-29
*END*
[from data line 56]
       2859     30.000     3.4150     3.4124    -0.0026    0.78238    0.78164          1     8.1526     9.6269       9.96     0.0120  1.894e-12  1.000e-12  5.280e+01     7.5547     7.5477    -0.0070     6.0177     6.0122     29.726     30.375      0.236    1429.27    1429.25  0.000e+00
       2941     30.500     3.4074     3.4071    -0.0003    0.78209    0.78131          1     8.1155     9.6203       9.96     0.0122  1.894e-12  1.000e-12  5.280e+01     7.5535     7.5455    -0.0080     6.0168     6.0104     30.221     30.881      0.327    1429.24    1429.23  0.000e+00
       2969     31.000     3.4033     3.4071     0.0039    0.78193    0.78131          1     8.1286     9.6438       9.96     0.0121  1.894e-12  1.000e-12  5.280e+01     7.5527     7.5454    -0.0073     6.0162     6.0104     30.716     31.388      0.486    1429.23    1429.24  0.000e+00
       3013     31.500     3.3997     3.3996    -0.0001    0.78182    0.78114          1     8.1299     9.6332       9.96     0.0120  1.894e-12  1.000e-12  5.280e+01     7.5524     7.5453    -0.0070     6.0161     6.0105     31.212     31.894      0.350    1429.22    1429.21  0.000e+00
       3099     32.000     3.3927     3.3922    -0.0005    0.78156    0.78082          1     8.1096     9.6170       9.96     0.0116  1.894e-12  1.000e-12  5.280e+01     7.5513     7.5437    -0.0076     6.0153     6.0093     31.707     32.400      0.513    1429.20    1429.18  0.000e+00
       3121     32.500     3.3998     3.3936    -0.0063    0.78185    0.78099          1     8.1037     9.6222       9.96     0.0121  1.894e-12  1.000e-12  5.280e+01     7.5525     7.5450    -0.0075     6.0162     6.0103     32.203     32.906      0.452    1429.24    1429.20  0.000e+00
       3204     33.000     3.4115     3.4117     0.0002    0.78231    0.78169          1     8.1349     9.6295       9.96     0.0122  1.894e-12  1.000e-12  5.280e+01     7.5544     7.5480    -0.0065     6.0175     6.0124     32.698     33.412      0.357    1429.30    1429.30  0.000e+00
       3247     33.500     3.4154     3.4137    -0.0017    0.78246    0.78179          1     8.1492     9.6343       9.96     0.0118  1.894e-12  1.000e-12  5.280e+01     7.5550     7.5485    -0.0065     6.0179     6.0128     33.193     33.919      0.455    1429.33    1429.31  0.000e+00
       3278     34.000     3.4172     3.4152    -0.0020    0.78253    0.78183          1     8.1721     9.6208       9.96     0.0120  1.894e-12  1.000e-12  5.280e+01     7.5553     7.5485    -0.0068     6.0181     6.0128     33.689     34.425      0.280    1429.35    1429.33  0.000e+00
       3346     34.500     3.4102     3.4122     0.0020    0.78225    0.78175          1     8.1672     9.5977       9.96     0.0120  1.894e-12  1.000e-12  5.280e+01     7.5539     7.5483    -0.0056     6.0171     6.0126     34.184     34.931      0.233    1429.32    1429.32  0.000e+00
       3397     35.000     3.4073     3.4036    -0.0037    0.78216    0.78144          1     8.1553     9.6176       9.96     0.0121  1.894e-12  1.000e-12  5.280e+01     7.5536     7.5470    -0.0066     6.0170     6.0118     34.680     35.437      0.233    1429.31    1429.29  0.000e+00
       3443     35.500     3.4060     3.4065     0.0005    0.78208    0.78152          1     8.1764     9.6089       9.96     0.0121  1.894e-12  1.000e-12  5.280e+01     7.5530     7.5471    -0.0060     6.0165     6.0118     35.175     35.944      0.337    1429.31    1429.31  0.000e+00
       3477     36.000     3.4016     3.4002    -0.0014    0.78196    0.78133          1     8.1916     9.6260       9.96     0.0122  1.894e-12  1.000e-12  5.280e+01     7.5527     7.5465    -0.0061     6.0163     6.0114     35.670     36.450      0.290    1429.30    1429.29  0.000e+00
       3537     36.500     3.4051     3.4038    -0.0013    0.78210    0.78146          1     8.1853     9.6252       9.96     0.0123  1.894e-12  1.000e-12  5.280e+01     7.5533     7.5470    -0.0063     6.0167     6.0117     36.166     36.956      0.242    1429.33    1429.31  0.000e+00
       3577     37.000     3.4056     3.4055    -0.0002    0.78212    0.78154          1     8.1681     9.6416       9.96     0.0121  1.894e-12  1.000e-12  5.280e+01     7.5533     7.5473    -0.0060     6.0167     6.0120     36.661     37.462      0.342    1429.34    1429.33  0.000e+00
       3615     37.500     3.4063     3.4058    -0.0005    0.78216    0.78155          1     8.1553     9.6093       9.96     0.0127  1.894e-12  1.000e-12  5.280e+01     7.5534     7.5473    -0.0061     6.0168     6.0119     37.156     37.968      0.288    1429.35    1429.34  0.000e+00
       3659     38.000     3.4102     3.4050    -0.0052    0.78234    0.78153          1     8.1276     9.6042       9.96     0.0122  1.894e-12  1.000e-12  5.280e+01     7.5544     7.5472    -0.0071     6.0175     6.0119     37.652     38.475      0.274    1429.38    1429.34  0.000e+00
       3708     38.500     3.4316     3.4219    -0.0097    0.78321    0.78211          1     8.1336     9.5843       9.96     0.0120  1.894e-12  1.000e-12  5.280e+01     7.5583     7.5492    -0.0091     6.0203     6.0132     38.147     38.981      0.212    1429.49    1429.43  0.000e+00
       3764     39.000     3.4537     3.4522    -0.0015    0.78401    0.78325          1     8.1546     9.5651       9.96     0.0122  1.894e-12  1.000e-12  5.280e+01     7.5613     7.5538    -0.0075     6.0223     6.0164     38.643     39.487      0.319    1429.60    1429.58  0.000e+00
       3795     39.500     3.4493     3.4520     0.0026    0.78380    0.78330          1     8.1808     9.5432       9.96     0.0117  1.894e-12  1.000e-12  5.280e+01     7.5601     7.5543    -0.0058     6.0215     6.0168     39.138     39.993      0.366    1429.59    1429.59  0.000e+00
       3846     40.000     3.4443     3.4430    -0.0012    0.78363    0.78295          1     8.1663     9.5703       9.96     0.0118  1.894e-12  1.000e-12  5.280e+01     7.5596     7.5527    -0.0068     6.0211     6.0157     39.633     40.500      0.222    1429.57    1429.56  0.000e+00
       3900     40.500     3.4427     3.4500     0.0072    0.78353    0.78324          1     8.1474     9.5605       9.96     0.0122  1.894e-12  1.000e-12  5.280e+01     7.5588     7.5540    -0.0048     6.0205     6.0166     40.129     41.006      0.350    1429.57    1429.60  0.000e+00
       3931     41.000     3.4336     3.4405     0.0069    0.78323    0.78295          1     8.1319     9.5897       9.96     0.0122  1.894e-12  1.000e-12  5.280e+01     7.5577     7.5532    -0.0045     6.0198     6.0161     40.624     41.512      0.347    1429.53    1429.56  0.000e+00
       3976     41.500     3.4457     3.4376    -0.0081    0.78373    0.78278          1     8.1344     9.5950       9.96     0.0121  1.894e-12  1.000e-12  5.280e+01     7.5600     7.5521    -0.0079     6.0214     6.0152     41.119     42.018      0.214    1429.60    1429.55  0.000e+00
       4036     42.000     3.4434     3.4430    -0.0005    0.78361    0.78301          1     8.1479     9.5674       9.96     0.0117  1.894e-12  1.000e-12  5.280e+01     7.5592     7.5531    -0.0061     6.0208     6.0160     41.615     42.524      0.234    1429.60    1429.59  0.000e+00
       4081     42.500     3.4319     3.4383     0.0064    0.78316    0.78286          1     8.1551     9.5877       9.96     0.0121  1.894e-12  1.000e-12  5.280e+01     7.5571     7.5526    -0.0046     6.0194     6.0156     42.110     43.031      0.274    1429.55    1429.57  0.000e+00
       4129     43.000     3.4200     3.4278     0.0079    0.78270    0.78248          1     8.1574     9.5986       9.96     0.0122  1.894e-12  1.000e-12  5.280e+01     7.5551     7.5510    -0.0041     6.0179     6.0145     42.605     43.537      0.221    1429.50    1429.53  0.000e+00
       4184     43.500     3.3965     3.4033     0.0068    0.78184    0.78162          1     8.1677     9.5974       9.96     0.0122  1.894e-12  1.000e-12  5.280e+01     7.5516     7.5478    -0.0038     6.0155     6.0124     43.101     44.043      0.247    1429.40    1429.42  0.000e+00
       4225     44.000     3.3946     3.3964     0.0018    0.78178    0.78132          1     8.1764     9.6101       9.96     0.0122  1.894e-12  1.000e-12  5.280e+01     7.5514     7.5462    -0.0052     6.0154     6.0112     43.596     44.549      0.334    1429.40    1429.40  0.000e+00
       4260     44.500     3.3961     3.3926    -0.0035    0.78188    0.78118          1     8.2022     9.6178       9.96     0.0122  1.894e-12  1.000e-12  5.280e+01     7.5519     7.5455    -0.0064     6.0158     6.0107     44.092     45.056      0.318    1429.41    1429.39  0.000e+00
       4306     45.000     3.4065     3.4017    -0.0048    0.78229    0.78146          1     8.1814     9.6025       9.96     0.0122  1.894e-12  1.000e-12  5.280e+01     7.5537     7.5463    -0.0075     6.0171     6.0112     44.587     45.562      0.232    1429.47    1429.44  0.000e+00
       4356     45.500     3.4094     3.4115     0.0020    0.78239    0.78186          1     8.1405     9.5778       9.96     0.0122  1.894e-12  1.000e-12  5.280e+01     7.5540     7.5481    -0.0059     6.0173     6.0125     45.082     46.068      0.266    1429.49    1429.49  0.000e+00
       4399     46.000     3.4145     3.4084    -0.0061    0.78263    0.78178          1     8.1396     9.5808       9.96     0.0120  1.894e-12  1.000e-12  5.280e+01     7.5553     7.5479    -0.0074     6.0182     6.0124     45.578     46.574      0.286    1429.52    1429.48  0.000e+00
       4442     46.500     3.4306     3.4257    -0.0050    0.78325    0.78237          1     8.1480     9.5798       9.96     0.0122  1.894e-12  1.000e-12  5.280e+01     7.5578     7.5499    -0.0079     6.0199     6.0137     46.073     47.080      0.267    1429.61    1429.57  0.000e+00
       4492     47.000     3.4508     3.4436    -0.0072    0.78403    0.78307          1     8.1143     9.5433       9.96     0.0129  1.894e-12  1.000e-12  5.280e+01     7.5611     7.5529    -0.0082     6.0222     6.0158     46.568     47.587      0.207    1429.71    1429.67  0.000e+00
       4552     47.500     3.4519     3.4535     0.0016    0.78405    0.78351          1     8.1293     9.5770       9.96     0.0122  1.894e-12  1.000e-12  5.280e+01     7.5611     7.5550    -0.0061     6.0221     6.0173     47.064     48.093      0.252    1429.72    1429.72  0.000e+00
       4589     48.000     3.4544     3.4509    -0.0034    0.78415    0.78341          1     8.1361     9.5710       9.96     0.0122  1.894e-12  1.000e-12  5.280e+01     7.5614     7.5546    -0.0068     6.0224     6.0170     47.559     48.599      0.406    1429.74    1429.72  0.000e+00
       4617     48.500     3.4521     3.4527     0.0006    0.78404    0.78347          1     8.1171     9.5644       9.96     0.0122  1.894e-12  1.000e-12  5.280e+01     7.5607     7.5547    -0.0060     6.0219     6.0171     48.054     49.105      0.370    1429.74    1429.74  0.000e+00
       4681     49.000     3.4626     3.4630     0.0003    0.78446    0.78384          1     8.1344     9.5522       9.96     0.0122  1.894e-12  1.000e-12  5.280e+01     7.5626     7.5560    -0.0066     6.0232     6.0180     48.550     49.612      0.238    1429.80    1429.79  0.000e+00
       4731     49.500     3.4751     3.4682    -0.0069    0.78501    0.78408          1     8.1346     9.5586       9.76     0.0117  1.894e-12  1.000e-12  5.280e+01     7.5653     7.5572    -0.0081     6.0251     6.0188     49.045     50.118      0.366    1429.87    1429.83  0.000e+00
       4764     50.000     3.4796     3.4764    -0.0032    0.78517    0.78439          1     8.1339     9.5588       9.24     0.0121  1.892e-12  1.000e-12  5.286e+01     7.5658     7.5584    -0.0073     6.0254     6.0197     49.540     50.624      0.302    1429.90    1429.87  0.000e+00
       4832     50.500     3.4810     3.4781    -0.0030    0.78523    0.78446          1     8.1123     9.5444       8.71     0.0122  1.887e-12  1.000e-12  5.301e+01     7.5660     7.5587    -0.0073     6.0256     6.0199     50.036     51.130      0.265    1429.91    1429.89  0.000e+00
       4872     51.000     3.4789     3.4772    -0.0017    0.78510    0.78447          1     8.1110     9.5437       8.21     0.0122  1.882e-12  1.000e-12  5.314e+01     7.5651     7.5590    -0.0061     6.0249     6.0201     50.531     51.636      0.381    1429.91    1429.89  0.000e+00
       4906     51.500     3.4688     3.4743     0.0054    0.78473    0.78437          1     8.1267     9.5544       7.66     0.0122  1.848e-12  1.000e-12  5.412e+01     7.5635     7.5586    -0.0050     6.0238     6.0198     51.026     52.143      0.256    1429.87    1429.89  0.000e+00
       4972     52.000     3.4772     3.4750    -0.0022    0.78505    0.78437          1     8.0830     9.5384       7.13     0.0129  1.823e-12  1.000e-12  5.485e+01     7.5648     7.5584    -0.0065     6.0247     6.0196     51.522     52.649      0.275    1429.92    1429.90  0.000e+00
       5009     52.500     3.4847     3.4797    -0.0052    0.78542    0.78455          1     8.1625     9.5353       6.62     0.0122  1.824e-12  1.000e-12  5.483e+01     7.5669     7.5590    -0.0079     6.0262     6.0200     52.017     53.155      0.268    1429.96    1429.93  0.000e+00
       5095     53.000     3.5116     3.5000    -0.0117    0.78660    0.78533          1     8.1281     9.5301       6.12     0.0122  1.824e-12  1.000e-12  5.483e+01     7.5727     7.5623    -0.0104     6.0304     6.0223     52.512     53.661      0.289    1430.10    1430.03  0.000e+00
       5128     53.500     3.5265     3.5177    -0.0087    0.78727    0.78610          1     8.1180     9.5208       5.59     0.0123  1.824e-12  1.000e-12  5.483e+01     7.5761     7.5660    -0.0101     6.0328     6.0249     53.008     54.168      0.378    1430.18    1430.13  0.000e+00
       5162     54.000     3.5257     3.5245    -0.0012    0.78723    0.78651          1     8.1120     9.4992       5.05     0.0124  1.824e-12  1.000e-12  5.483e+01     7.5758     7.5686    -0.0072     6.0326     6.0269     53.503     54.674      0.298    1430.18    1430.17  0.000e+00
       5221     54.500     3.5284     3.5272    -0.0012    0.78734    0.78663          1     8.0635     9.4814       4.52     0.0121  1.824e-12  1.000e-12  5.483e+01     7.5762     7.5692    -0.0070     6.0329     6.0273     53.998     55.180      0.191    1430.20    1430.19  0.000e+00
       5277     55.000     3.5366     3.5315    -0.0051    0.78769    0.78682          1     8.0795     9.5040       4.01     0.0116  1.824e-12  1.000e-12  5.483e+01     7.5779     7.5700    -0.0078     6.0341     6.0279     54.494     55.686      0.318    1430.25    1430.22  0.000e+00
       5308     55.500     3.5415     3.5391    -0.0024    0.78792    0.78715          1     8.0990     9.5059       3.49     0.0123  1.824e-12  1.000e-12  5.483e+01     7.5790     7.5716    -0.0074     6.0349     6.0291     54.989     56.192      0.363    1430.28    1430.26  0.000e+00
       5373     56.000     3.5506     3.5462    -0.0044    0.78833    0.78746          1     8.0348     9.4522       2.96     0.0121  1.824e-12  1.000e-12  5.483e+01     7.5811     7.5731    -0.0079     6.0364     6.0301     55.484     56.699      0.242    1430.33    1430.30  0.000e+00
       5437     56.500     3.7759     3.5954    -0.1801    0.80428    0.78929          1     7.8907     8.9548       2.48     0.0115  1.824e-12  1.000e-12  5.483e+01     7.6920     7.5804    -0.1116     6.1197     6.0349     55.980     57.205      0.411    1431.50    1430.55  0.000e+00
       5464     57.000     4.1520     3.9174    -0.2348    0.83078    0.80810          1     7.7335     8.3999       1.95     0.0130  1.824e-12  1.000e-12  5.483e+01     7.8738     7.6980    -0.1758     6.2549     6.1215     56.475     57.711      0.393    1433.44    1432.16  0.000e+00
