ctdpy/exports/archive_20191120_135557/received_data/SBE09_0827_20180124_1511_26_01_0189.cnv
* Sea-Bird SBE 9 Data File:
* FileName = D:\CTD_SBE911\DAT\26DA.2018.1.89.hex
* Software Version Seasave V 7.21d
* Temperature SN = 034757
* Conductivity SN = 041844
* Number of Bytes Per Scan = 48
* Number of Voltage Words = 5
* Number of Scans Averaged by the Deck Unit = 1
* NMEA Latitude = 57 19.18 N
* NMEA Longitude = 011 33.84 E
* NMEA UTC (Time) = Jan 24 2018  15:11:49
* NMEA baud rate = 4800
** Ship: DANA
** Average sound velocity: 1472.56 m/s
** True-depth calculation Thu, 28 Mar 2019 08:28:39 +0000
** CTD Python Module SMHI /ver 3-12/ feb 2012 
** LIMS Job: 20182601-0189
** Nidingen
** Operator: Ronny Sørensen
** Cruise: 01/2018
# nquan = 26
# nvalues = 119                         
# units = specified
# name 0 = scan: Scan Count
# name 1 = prDM: Pressure, Digiquartz [db]
# name 2 = t090C: Temperature [ITS-90, deg C]
# name 3 = t190C: Temperature, 2 [ITS-90, deg C]
# name 4 = T2-T190C: Temperature Difference, 2 - 1 [ITS-90, deg C]
# name 5 = c0S/m: Conductivity [S/m]
# name 6 = c1S/m: Conductivity, 2 [S/m]
# name 7 = pumps: Pump Status
# name 8 = sbeox1ML/L: Oxygen, SBE 43, 2 [ml/l]
# name 9 = sbeox0ML/L: Oxygen, SBE 43 [ml/l]
# name 10 = altM: Altimeter [m]
# name 11 = chloroflTC0: Chlorophyll, Turner Cyclops [ug/l]
# name 12 = cpar: CPAR/Corrected Irradiance [%]
# name 13 = par: PAR/Irradiance, Biospherical/Lico [µE/(cm^2*s)]
# name 14 = spar: SPAR, Biospherical/Licor
# name 15 = sal00: Salinity, Practical [PSU]
# name 16 = sal11: Salinity, Practical, 2 [PSU]
# name 17 = secS-priS: Salinity, Practical, Difference, 2 - 1 [PSU]
# name 18 = sigma-t00: Density [sigma-t, kg/m^3 ]
# name 19 = sigma-t11: Density, 2 [sigma-t, kg/m^3 ]
# name 20 = depSM: Depth [salt water, m], lat = 57.3197
# name 21 = depFM: Depth [true depth, m], lat = 57.3197
# name 22 = dz/dtM: Descent Rate [m/s], WS = 2
# name 23 = svCM: Sound Velocity [Chen-Millero, m/s]
# name 24 = svCM1: Sound Velocity, 2 [Chen-Millero, m/s]
# name 25 = flag: flag
# span 0 =         82,       7083       
# span 1 =      2.500,     61.500       
# span 2 =     4.2469,     8.0029       
# span 3 =     4.2460,     8.0024       
# span 4 =    -0.0134,     0.2063       
# span 5 =   2.286733,   3.582261       
# span 6 =   2.286339,   3.582015       
# span 7 =          1,          1       
# span 8 =     5.4456,     7.0537       
# span 9 =     5.6376,     7.1207       
# span 10 =       1.71,       9.95      
# span 11 =     0.0195,     0.0525      
# span 12 = -1.419e-04, 1.9384e+00      
# span 13 = -1.152e-05, 1.5746e-01      
# span 14 = 5.9984e+00, 8.1233e+00      
# span 15 =    23.5397,    34.5491      
# span 16 =    23.5358,    34.5470      
# span 17 =    -0.4071,     0.0103      
# span 18 =    18.6647,    26.9193      
# span 19 =    18.6616,    26.9177      
# span 20 =      2.477,     60.924      
# span 21 =      2.500,     61.160      
# span 22 =      0.135,      1.002      
# span 23 =    1453.08,    1482.94      
# span 24 =    1453.07,    1482.93      
# span 25 = 0.0000e+00, 0.0000e+00      
# interval = decibars: 0.5              
# start_time = Jan 24 2018 15:11:49 [NMEA time, first data scan]
# bad_flag = -9.990e-29
*END*
         82      2.500     4.2802     4.2823     0.0021    2.29232    2.29229          1     7.0092     7.0782       4.34     0.0200  1.938e+00  1.575e-01  8.123e+00    23.5825    23.5807    -0.0018    18.6962    18.6946      2.477      2.500      0.251    1453.21    1453.22  0.000e+00
        389      3.000     4.2747     4.2775     0.0028    2.29190    2.29190          1     6.9518     7.0033       1.71     0.0201  1.298e+00  1.055e-01  8.123e+00    23.5815    23.5796    -0.0020    18.6959    18.6941      2.972      3.000      0.544    1453.19    1453.20  0.000e+00
        620      3.500     4.2686     4.2652    -0.0035    2.29112    2.29144          1     6.8618     7.0182       3.92     0.0195  1.101e+00  8.943e-02  8.123e+00    23.5769    23.5830     0.0061    18.6927    18.6978      3.468      3.499      1.002    1453.17    1453.16  0.000e+00
        626      4.000     4.2674     4.2546    -0.0127    2.29106    2.29116          1     6.8362     7.0422       1.78     0.0195  5.447e-01  4.425e-02  8.123e+00    23.5770    23.5873     0.0103    18.6929    18.7020      3.963      3.999      0.929    1453.17    1453.13  0.000e+00
        661      4.500     4.2544     4.2520    -0.0024    2.28880    2.28886          1     6.8742     7.0739       8.68     0.0196  7.381e-02  5.996e-03  8.123e+00    23.5606    23.5631     0.0025    18.6809    18.6830      4.458      4.499      0.580    1453.10    1453.10  0.000e+00
        761      5.000     4.2502     4.2487    -0.0015    2.28790    2.28745          1     6.9797     7.1129       9.89     0.0195  8.707e-03  7.074e-04  8.123e+00    23.5533    23.5492    -0.0040    18.6754    18.6723      4.954      4.999      0.559    1453.08    1453.07  0.000e+00
        984      5.500     4.2494     4.2480    -0.0013    2.28725    2.28688          1     7.0175     7.1111       9.95     0.0202 -1.419e-04 -1.152e-05  7.680e+00    23.5464    23.5432    -0.0032    18.6700    18.6675      5.449      5.499      0.248    1453.08    1453.07  0.000e+00
       1055      6.000     4.2484     4.2474    -0.0010    2.28711    2.28668          1     7.0378     7.1168       9.95     0.0206  1.275e-11  1.000e-12  7.904e+00    23.5452    23.5411    -0.0041    18.6691    18.6660      5.945      5.999      0.315    1453.08    1453.07  0.000e+00
       1088      6.500     4.2476     4.2470    -0.0007    2.28740    2.28688          1     6.9932     7.1207       9.95     0.0207  1.359e-11  1.000e-12  7.490e+00    23.5488    23.5436    -0.0053    18.6721    18.6679      6.440      6.499      0.396    1453.09    1453.08  0.000e+00
       1118      7.000     4.2469     4.2460    -0.0009    2.28772    2.28738          1     6.9809     7.1157       9.95     0.0207  1.331e-11  1.000e-12  7.628e+00    23.5528    23.5497    -0.0031    18.6752    18.6729      6.935      6.999      0.346    1453.10    1453.09  0.000e+00
       1208      7.500     4.2482     4.2475    -0.0006    2.28715    2.28683          1     7.0228     7.1126       9.95     0.0208  1.564e-11  1.000e-12  6.475e+00    23.5454    23.5421    -0.0033    18.6693    18.6667      7.431      7.499      0.274    1453.10    1453.10  0.000e+00
       1257      8.000     4.2492     4.2485    -0.0007    2.28673    2.28634          1     7.0275     7.1100       9.95     0.0253  1.621e-11  1.000e-12  6.192e+00    23.5397    23.5358    -0.0039    18.6647    18.6616      7.926      7.999      0.411    1453.11    1453.10  0.000e+00
       1315      8.500     4.2475     4.2467    -0.0008    2.28773    2.28727          1     6.9741     7.1144       9.95     0.0262  1.629e-11  1.000e-12  6.152e+00    23.5519    23.5474    -0.0046    18.6745    18.6710      8.422      8.499      0.332    1453.13    1453.12  0.000e+00
       1396      9.000     4.2470     4.2464    -0.0007    2.28883    2.28858          1     6.9782     7.1068       9.95     0.0277  1.641e-11  1.000e-12  6.092e+00    23.5644    23.5622    -0.0023    18.6845    18.6827      8.917      8.999      0.569    1453.15    1453.14  0.000e+00
       1418      9.500     4.2472     4.2465    -0.0007    2.28936    2.28868          1     7.0110     7.1142       9.95     0.0298  1.641e-11  1.000e-12  6.093e+00    23.5701    23.5629    -0.0072    18.6890    18.6833      9.412      9.499      0.430    1453.17    1453.15  0.000e+00
       1523     10.000     4.2474     4.2469    -0.0005    2.28897    2.28858          1     7.0272     7.1125       9.95     0.0297  1.641e-11  1.000e-12  6.093e+00    23.5653    23.5614    -0.0039    18.6852    18.6821      9.908      9.999      0.465    1453.17    1453.16  0.000e+00
       1554     10.500     4.2481     4.2476    -0.0005    2.29061    2.28960          1     7.0379     7.1034       9.95     0.0301  1.641e-11  1.000e-12  6.093e+00    23.5832    23.5722    -0.0109    18.6992    18.6906     10.403     10.498      0.507    1453.20    1453.18  0.000e+00
       1628     11.000     4.2511     4.2510    -0.0002    2.29337    2.29234          1     7.0380     7.1015       9.95     0.0303  1.641e-11  1.000e-12  6.093e+00    23.6120    23.6004    -0.0115    18.7218    18.7127     10.898     10.998      0.349    1453.26    1453.24  0.000e+00
       1690     11.500     4.2512     4.2511    -0.0001    2.29228    2.29231          1     7.0537     7.0961       9.95     0.0302  1.641e-11  1.000e-12  6.093e+00    23.5994    23.5998     0.0004    18.7119    18.7122     11.394     11.498      0.518    1453.25    1453.25  0.000e+00
       1713     12.000     4.2548     4.2563     0.0015    2.29691    2.29546          1     7.0362     7.0936       9.95     0.0300  1.641e-11  1.000e-12  6.093e+00    23.6489    23.6314    -0.0174    18.7508    18.7369     11.889     11.998      0.423    1453.34    1453.32  0.000e+00
       1787     12.500     4.2721     4.2725     0.0004    2.31211    2.31016          1     6.9640     7.0835       9.95     0.0301  1.641e-11  1.000e-12  6.093e+00    23.8075    23.7852    -0.0223    18.8752    18.8575     12.384     12.498      0.256    1453.62    1453.60  0.000e+00
       1834     13.000     4.2895     4.2977     0.0081    2.32510    2.32395          1     6.9695     7.0698       9.95     0.0298  1.641e-11  1.000e-12  6.093e+00    23.9412    23.9223    -0.0189    18.9797    18.9641     12.880     12.998      0.334    1453.88    1453.89  0.000e+00
       1903     13.500     4.3526     4.3556     0.0031    2.36063    2.35759          1     6.9223     7.0304       9.95     0.0301  1.641e-11  1.000e-12  6.093e+00    24.2954    24.2590    -0.0364    19.2554    19.2263     13.375     13.498      0.246    1454.60    1454.57  0.000e+00
       1952     14.000     4.4152     4.4228     0.0076    2.38820    2.38364          1     6.8595     6.9702       9.95     0.0298  1.641e-11  1.000e-12  6.093e+00    24.5597    24.5028    -0.0569    19.4598    19.4141     13.871     13.997      0.316    1455.22    1455.18  0.000e+00
       1995     14.500     4.4878     4.5228     0.0349    2.41194    2.41275          1     6.6917     6.8764       9.95     0.0302  1.641e-11  1.000e-12  6.093e+00    24.7728    24.7557    -0.0171    19.6226    19.6061     14.366     14.497      0.274    1455.80    1455.93  0.000e+00
       2032     15.000     4.6710     4.8289     0.1583    2.46526    2.47665          1     6.7121     6.8532       9.95     0.0296  1.641e-11  1.000e-12  6.093e+00    25.2336    25.2410     0.0074    19.9719    19.9639     14.861     14.996      0.412    1457.17    1457.85  0.000e+00
       2059     15.500     4.9989     5.2060     0.2063    2.56472    2.57959          1     6.7100     6.7192       9.95     0.0295  1.641e-11  1.000e-12  6.093e+00    26.0937    26.0982     0.0045    20.6228    20.6070     15.357     15.495      0.424    1459.65    1460.51  0.000e+00
       2121     16.000     5.3122     5.3458     0.0339    2.65154    2.65186          1     6.4933     6.5190       9.95     0.0293  1.641e-11  1.000e-12  6.093e+00    26.8147    26.7914    -0.0233    21.1629    21.1412     15.852     15.994      0.292    1461.87    1461.98  0.000e+00
       2171     16.500     5.3696     5.3999     0.0300    2.67821    2.67397          1     6.3908     6.4878       9.95     0.0294  1.641e-11  1.000e-12  6.093e+00    27.0647    26.9932    -0.0715    21.3547    21.2951     16.347     16.493      0.519    1462.43    1462.47  0.000e+00
       2192     17.000     5.5129     5.5382     0.0254    2.73920    2.72096          1     6.3912     6.4700       9.95     0.0301  1.641e-11  1.000e-12  6.093e+00    27.6252    27.4022    -0.2230    21.7828    21.6041     16.843     16.991      0.476    1463.74    1463.56  0.000e+00
       2249     17.500     5.6061     5.6148     0.0086    2.79975    2.79228          1     6.3503     6.4556       9.95     0.0303  1.641e-11  1.000e-12  6.093e+00    28.2202    28.1301    -0.0901    22.2429    22.1709     17.338     17.490      0.237    1464.88    1464.80  0.000e+00
       2316     18.000     5.6326     5.6536     0.0210    2.81848    2.81989          1     6.3013     6.3868       9.95     0.0305  1.641e-11  1.000e-12  6.093e+00    28.4058    28.4037    -0.0020    22.3866    22.3828     17.833     17.988      0.378    1465.23    1465.31  0.000e+00
       2340     18.500     5.6377     5.6350    -0.0028    2.83931    2.83474          1     6.2898     6.4081       9.95     0.0307  1.641e-11  1.000e-12  6.093e+00    28.6328    28.5843    -0.0485    22.5653    22.5273     18.329     18.486      0.534    1465.55    1465.47  0.000e+00
       2361     19.000     5.6035     5.6022    -0.0013    2.86358    2.85523          1     6.2901     6.4508       9.95     0.0313  1.641e-11  1.000e-12  6.093e+00    28.9318    28.8399    -0.0920    22.8052    22.7327     18.824     18.984      0.532    1465.79    1465.67  0.000e+00
       2414     19.500     5.7517     5.7712     0.0196    2.92424    2.91154          1     6.2423     6.3775       9.95     0.0317  1.641e-11  1.000e-12  6.093e+00    29.4781    29.3200    -0.1581    23.2203    23.0933     19.319     19.482      0.366    1467.09    1466.97  0.000e+00
       2499     20.000     5.8499     5.8549     0.0053    2.95262    2.94593          1     6.1408     6.2987       9.95     0.0317  1.641e-11  1.000e-12  6.093e+00    29.7076    29.6290    -0.0786    23.3905    23.3279     19.815     19.979      0.539    1467.79    1467.71  0.000e+00
       2521     20.500     6.0817     6.1344     0.0522    3.07335    3.04090          1     6.1491     6.2414       9.95     0.0316  1.641e-11  1.000e-12  6.093e+00    30.8394    30.4323    -0.4071    24.2567    23.9293     20.310     20.477      0.502    1470.15    1469.85  0.000e+00
       2575     21.000     6.2643     6.2896     0.0255    3.14215    3.14053          1     6.0660     6.1854       9.95     0.0326  1.641e-11  1.000e-12  6.093e+00    31.4352    31.3938    -0.0414    24.7049    24.6692     20.806     20.974      0.317    1471.64    1471.69  0.000e+00
       2645     21.500     6.2992     6.3142     0.0148    3.15541    3.15367          1     5.9835     6.1630       9.95     0.0330  1.641e-11  1.000e-12  6.093e+00    31.5494    31.5163    -0.0331    24.7906    24.7627     21.301     21.471      0.589    1471.93    1471.95  0.000e+00
       2660     22.000     6.3271     6.3344     0.0073    3.16259    3.15956          1     6.0096     6.1642       9.95     0.0332  1.641e-11  1.000e-12  6.093e+00    31.6027    31.5624    -0.0403    24.8293    24.7966     21.796     21.968      0.627    1472.12    1472.10  0.000e+00
       2700     22.500     6.3544     6.3627     0.0084    3.17288    3.16874          1     5.9990     6.1474       9.95     0.0333  1.641e-11  1.000e-12  6.093e+00    31.6909    31.6374    -0.0535    24.8955    24.8522     22.292     22.465      0.402    1472.35    1472.31  0.000e+00
       2787     23.000     6.4256     6.4382     0.0126    3.19956    3.18577          1     5.9321     6.0966       9.95     0.0340  1.641e-11  1.000e-12  6.093e+00    31.9190    31.7550    -0.1640    25.0664    24.9355     22.787     22.961      0.508    1472.92    1472.77  0.000e+00
       2810     23.500     6.5894     6.6081     0.0187    3.24215    3.23266          1     5.9481     6.0612       9.95     0.0342  1.641e-11  1.000e-12  6.093e+00    32.2348    32.1126    -0.1222    25.2947    25.1959     23.282     23.458      0.446    1473.97    1473.90  0.000e+00
       2846     24.000     6.7053     6.7281     0.0228    3.27273    3.26711          1     5.9542     6.0293       9.95     0.0342  1.641e-11  1.000e-12  6.093e+00    32.4614    32.3781    -0.0833    25.4582    25.3897     23.778     23.955      0.278    1474.72    1474.71  0.000e+00
       2895     24.500     6.8122     6.8262     0.0140    3.29805    3.29521          1     5.8590     5.9810       9.95     0.0342  1.641e-11  1.000e-12  6.093e+00    32.6380    32.5935    -0.0445    25.5834    25.5465     24.273     24.451      0.228    1475.37    1475.37  0.000e+00
       2950     25.000     6.8624     6.8696     0.0072    3.31110    3.30839          1     5.8838     5.9750       9.95     0.0346  1.641e-11  1.000e-12  6.093e+00    32.7330    32.6965    -0.0365    25.6516    25.6219     24.768     24.948      0.273    1475.70    1475.68  0.000e+00
       2983     25.500     6.8819     6.8870     0.0050    3.31737    3.31499          1     5.9407     5.9782       9.95     0.0352  1.641e-11  1.000e-12  6.093e+00    32.7829    32.7520    -0.0308    25.6883    25.6633     25.264     25.445      0.435    1475.84    1475.82  0.000e+00
       3016     26.000     6.8646     6.8602    -0.0044    3.31964    3.31776          1     5.8895     5.9891       9.95     0.0354  1.641e-11  1.000e-12  6.093e+00    32.8241    32.8077    -0.0164    25.7231    25.7107     25.759     25.941      0.315    1475.83    1475.80  0.000e+00
       3104     26.500     6.8411     6.8388    -0.0023    3.32487    3.32286          1     5.8952     5.9787       9.95     0.0351  1.641e-11  1.000e-12  6.093e+00    32.9037    32.8839    -0.0198    25.7889    25.7736     26.254     26.438      0.385    1475.85    1475.82  0.000e+00
       3122     27.000     6.8188     6.8170    -0.0019    3.33305    3.33017          1     5.8908     5.9967       9.95     0.0359  1.641e-11  1.000e-12  6.093e+00    33.0147    32.9848    -0.0299    25.8792    25.8560     26.750     26.934      0.549    1475.91    1475.87  0.000e+00
       3146     27.500     6.7847     6.7806    -0.0042    3.33528    3.33387          1     5.8713     6.0239       9.95     0.0356  1.641e-11  1.000e-12  6.093e+00    33.0719    33.0603    -0.0116    25.9288    25.9203     27.245     27.430      0.394    1475.86    1475.83  0.000e+00
       3217     28.000     6.7553     6.7494    -0.0058    3.33781    3.33702          1     5.9104     6.0324       9.95     0.0351  1.641e-11  1.000e-12  6.093e+00    33.1279    33.1248    -0.0032    25.9769    25.9752     27.740     27.927      0.278    1475.82    1475.79  0.000e+00
       3255     28.500     6.7283     6.7258    -0.0024    3.34385    3.34195          1     5.9361     6.0480       9.95     0.0354  1.641e-11  1.000e-12  6.093e+00    33.2203    33.2017    -0.0185    26.0532    26.0390     28.236     28.423      0.410    1475.84    1475.80  0.000e+00
       3287     29.000     6.7323     6.7293    -0.0029    3.35231    3.35142          1     5.9203     6.0287       9.95     0.0355  1.679e-11  1.000e-12  5.998e+00    33.3095    33.3025    -0.0070    26.1230    26.1179     28.731     28.919      0.306    1475.97    1475.95  0.000e+00
       3334     29.500     6.6696     6.6562    -0.0134    3.35455    3.35415          1     5.9090     6.0475       9.95     0.0354  1.639e-11  1.000e-12  6.098e+00    33.3950    33.4036     0.0086    26.1987    26.2072     29.226     29.416      0.265    1475.84    1475.80  0.000e+00
