ctdpy/exports/archive_20191120_135557/received_data/SBE09_0827_20181120_0931_26_01_1203.cnv
* Sea-Bird SBE 9 Data File:
* FileName = D:\CTD_SBE911\DAT\26DA.2018.12.3.hex
* Software Version Seasave V 7.21d
* Temperature SN = 4548
* Conductivity SN = 3062
* Number of Bytes Per Scan = 48
* Number of Voltage Words = 5
* Number of Scans Averaged by the Deck Unit = 1
* NMEA Latitude = 55 40.01 N
* NMEA Longitude = 014 26.70 E
* NMEA UTC (Time) = Nov 20 2018  09:31:54
* NMEA baud rate = 4800
** Ship: DANA
** Average sound velocity: 1448.58 m/s
** True-depth calculation Tue, 02 Apr 2019 12:11:42 +0000
** CTD Python Module SMHI /ver 3-12/ feb 2012 
** LIMS Job: 20182601-1203
** Operator: Ronny
** Cruise: 12/2018
# nquan = 26
# nvalues = 87                          
# units = specified
# name 0 = scan: Scan Count
# name 1 = prDM: Pressure, Digiquartz [db]
# name 2 = t090C: Temperature [ITS-90, deg C]
# name 3 = t190C: Temperature, 2 [ITS-90, deg C]
# name 4 = T2-T190C: Temperature Difference, 2 - 1 [ITS-90, deg C]
# name 5 = c0S/m: Conductivity [S/m]
# name 6 = c1S/m: Conductivity, 2 [S/m]
# name 7 = pumps: Pump Status
# name 8 = sbeox1ML/L: Oxygen, SBE 43, 2 [ml/l]
# name 9 = sbeox0ML/L: Oxygen, SBE 43 [ml/l]
# name 10 = altM: Altimeter [m]
# name 11 = chloroflTC0: Chlorophyll, Turner Cyclops [ug/l]
# name 12 = cpar: CPAR/Corrected Irradiance [%]
# name 13 = par: PAR/Irradiance, Biospherical/Lico [µE/(cm^2*s)]
# name 14 = spar: SPAR, Biospherical/Licor
# name 15 = sal00: Salinity, Practical [PSU]
# name 16 = sal11: Salinity, Practical, 2 [PSU]
# name 17 = secS-priS: Salinity, Practical, Difference, 2 - 1 [PSU]
# name 18 = sigma-t00: Density [sigma-t, kg/m^3 ]
# name 19 = sigma-t11: Density, 2 [sigma-t, kg/m^3 ]
# name 20 = depSM: Depth [salt water, m], lat = 55.6668
# name 21 = depFM: Depth [true depth, m], lat = 55.6668
# name 22 = dz/dtM: Descent Rate [m/s], WS = 2
# name 23 = svCM: Sound Velocity [Chen-Millero, m/s]
# name 24 = svCM1: Sound Velocity, 2 [Chen-Millero, m/s]
# name 25 = flag: flag
# span 0 =        155,       4635       
# span 1 =      1.500,     44.500       
# span 2 =     7.8763,     7.8910       
# span 3 =     7.8770,     7.8920       
# span 4 =    -0.0012,     0.0023       
# span 5 =   0.891599,   0.892622       
# span 6 =   0.891564,   0.892622       
# span 7 =          1,          1       
# span 8 =     7.3920,     7.4279       
# span 9 =     7.5750,     7.6494       
# span 10 =       1.75,       9.99      
# span 11 =     0.0257,     0.0293      
# span 12 = 3.9635e-13, 7.1633e+00      
# span 13 = 1.0000e-12, 1.3702e+01      
# span 14 = 1.9138e+02, 2.5229e+02      
# span 15 =     7.6150,     7.6209      
# span 16 =     7.6156,     7.6207      
# span 17 =    -0.0004,     0.0032      
# span 18 =     5.8462,     5.8505      
# span 19 =     5.8475,     5.8503      
# span 20 =      1.486,     44.092      
# span 21 =      1.519,     45.061      
# span 22 =     -0.195,      0.741      
# span 23 =    1448.24,    1448.94      
# span 24 =    1448.24,    1448.95      
# span 25 = 0.0000e+00, 0.0000e+00      
# interval = decibars: 0.5              
# start_time = Nov 20 2018 09:31:54 [NMEA time, first data scan]
# bad_flag = -9.990e-29
*END*
[from data line 56]
       3024     29.500     7.8803     7.8807     0.0003    0.89185    0.89183          1     7.4192     7.6283       9.96     0.0266  4.396e-13  1.000e-12  2.274e+02     7.6164     7.6162    -0.0002     5.8478     5.8476     29.230     29.872      0.328    1448.66    1448.66  0.000e+00
       3071     30.000     7.8801     7.8808     0.0007    0.89184    0.89185          1     7.4083     7.6267       9.96     0.0266  4.380e-13  1.000e-12  2.283e+02     7.6164     7.6163    -0.0001     5.8478     5.8477     29.726     30.378      0.232    1448.67    1448.67  0.000e+00
       3118     30.500     7.8801     7.8809     0.0008    0.89185    0.89186          1     7.4153     7.6335       9.96     0.0265  4.357e-13  1.000e-12  2.295e+02     7.6164     7.6163    -0.0001     5.8478     5.8477     30.221     30.885      0.410    1448.68    1448.68  0.000e+00
       3143     31.000     7.8802     7.8806     0.0004    0.89186    0.89185          1     7.4181     7.6379       9.96     0.0257  4.358e-13  1.000e-12  2.295e+02     7.6164     7.6162    -0.0002     5.8478     5.8477     30.716     31.391      0.421    1448.69    1448.69  0.000e+00
       3196     31.500     7.8802     7.8806     0.0004    0.89187    0.89186          1     7.4186     7.6365       9.96     0.0266  4.358e-13  1.000e-12  2.295e+02     7.6164     7.6162    -0.0002     5.8479     5.8477     31.212     31.897      0.233    1448.69    1448.70  0.000e+00
       3260     32.000     7.8805     7.8806     0.0001    0.89190    0.89186          1     7.4125     7.6288       9.96     0.0267  4.326e-13  1.000e-12  2.311e+02     7.6165     7.6162    -0.0003     5.8479     5.8476     31.707     32.404      0.329    1448.70    1448.70  0.000e+00
       3294     32.500     7.8813     7.8816     0.0003    0.89196    0.89194          1     7.4223     7.6241       9.96     0.0268  4.319e-13  1.000e-12  2.315e+02     7.6169     7.6166    -0.0003     5.8481     5.8478     32.203     32.910      0.332    1448.71    1448.72  0.000e+00
       3330     33.000     7.8821     7.8826     0.0005    0.89200    0.89200          1     7.4203     7.6270       9.96     0.0268  4.319e-13  1.000e-12  2.315e+02     7.6170     7.6169    -0.0001     5.8481     5.8480     32.698     33.416      0.357    1448.73    1448.73  0.000e+00
       3363     33.500     7.8814     7.8821     0.0008    0.89196    0.89197          1     7.4080     7.6351       9.96     0.0265  4.319e-13  1.000e-12  2.315e+02     7.6167     7.6167    -0.0000     5.8480     5.8479     33.193     33.923      0.326    1448.73    1448.73  0.000e+00
       3422     34.000     7.8823     7.8828     0.0005    0.89203    0.89201          1     7.4153     7.6350       9.96     0.0268  4.298e-13  1.000e-12  2.327e+02     7.6171     7.6168    -0.0003     5.8482     5.8480     33.689     34.429      0.223    1448.75    1448.75  0.000e+00
       3473     34.500     7.8831     7.8830    -0.0001    0.89206    0.89203          1     7.4165     7.6227       9.96     0.0267  4.281e-13  1.000e-12  2.336e+02     7.6172     7.6169    -0.0003     5.8482     5.8480     34.184     34.935      0.395    1448.75    1448.75  0.000e+00
       3501     35.000     7.8824     7.8830     0.0006    0.89205    0.89204          1     7.4168     7.6303       9.96     0.0263  4.282e-13  1.000e-12  2.336e+02     7.6171     7.6169    -0.0002     5.8483     5.8480     34.680     35.442      0.360    1448.76    1448.76  0.000e+00
       3559     35.500     7.8855     7.8856     0.0001    0.89224    0.89221          1     7.4234     7.6313       9.96     0.0268  4.266e-13  1.000e-12  2.344e+02     7.6182     7.6179    -0.0003     5.8488     5.8486     35.175     35.948      0.224    1448.78    1448.78  0.000e+00
       3615     36.000     7.8869     7.8870     0.0002    0.89235    0.89232          1     7.4165     7.6237       9.96     0.0269  4.244e-13  1.000e-12  2.357e+02     7.6188     7.6185    -0.0003     5.8492     5.8489     35.670     36.454      0.373    1448.80    1448.80  0.000e+00
       3640     36.500     7.8864     7.8871     0.0007    0.89232    0.89233          1     7.3964     7.6209       9.96     0.0269  4.245e-13  1.000e-12  2.356e+02     7.6186     7.6185    -0.0001     5.8490     5.8490     36.166     36.960      0.484    1448.80    1448.80  0.000e+00
       3666     37.000     7.8865     7.8871     0.0007    0.89234    0.89234          1     7.3920     7.6267       9.96     0.0270  4.245e-13  1.000e-12  2.356e+02     7.6186     7.6185    -0.0001     5.8491     5.8489     36.661     37.467      0.356    1448.81    1448.81  0.000e+00
       3745     37.500     7.8862     7.8863     0.0001    0.89231    0.89228          1     7.3937     7.6261       9.65     0.0269  4.212e-13  1.000e-12  2.374e+02     7.6184     7.6181    -0.0003     5.8489     5.8487     37.156     37.973      0.284    1448.82    1448.82  0.000e+00
       3782     38.000     7.8861     7.8868     0.0007    0.89229    0.89231          1     7.4026     7.6261       9.15     0.0269  4.209e-13  1.000e-12  2.376e+02     7.6182     7.6182    -0.0000     5.8488     5.8487     37.652     38.479      0.363    1448.82    1448.83  0.000e+00
       3827     38.500     7.8867     7.8870     0.0003    0.89196    0.89232          1     7.4078     7.5922       8.55     0.0270  4.209e-13  1.000e-12  2.376e+02     7.6150     7.6182     0.0032     5.8462     5.8487     38.147     38.986      0.231    1448.83    1448.84  0.000e+00
       3875     39.000     7.8889     7.8877    -0.0012    0.89226    0.89238          1     7.4134     7.5750       8.11     0.0272  4.193e-13  1.000e-12  2.385e+02     7.6172     7.6185     0.0013     5.8477     5.8489     38.643     39.492      0.341    1448.85    1448.85  0.000e+00
       3910     39.500     7.8874     7.8878     0.0004    0.89238    0.89238          1     7.4140     7.6221       7.55     0.0270  4.174e-13  1.000e-12  2.396e+02     7.6185     7.6185    -0.0001     5.8489     5.8488     39.138     39.998      0.302    1448.85    1448.86  0.000e+00
       3962     40.000     7.8888     7.8887    -0.0001    0.89248    0.89244          1     7.4064     7.6261       6.90     0.0270  4.167e-13  1.000e-12  2.400e+02     7.6190     7.6187    -0.0003     5.8492     5.8490     39.633     40.505      0.260    1448.87    1448.87  0.000e+00
       3996     40.500     7.8891     7.8893     0.0002    0.89249    0.89248          1     7.3970     7.6236       6.42     0.0269  4.138e-13  1.000e-12  2.417e+02     7.6191     7.6189    -0.0002     5.8492     5.8490     40.129     41.011      0.460    1448.88    1448.88  0.000e+00
       4023     41.000     7.8897     7.8898     0.0001    0.89255    0.89251          1     7.4024     7.6265       5.91     0.0270  4.138e-13  1.000e-12  2.417e+02     7.6194     7.6190    -0.0003     5.8494     5.8491     40.624     41.517      0.348    1448.89    1448.89  0.000e+00
       4148     41.500     7.8888     7.8895     0.0007    0.89248    0.89250          1     7.4139     7.6237       5.41     0.0270  4.110e-13  1.000e-12  2.433e+02     7.6189     7.6189    -0.0000     5.8491     5.8490     41.119     42.024      0.645    1448.89    1448.89  0.000e+00
       4159     42.000     7.8888     7.8894     0.0006    0.89249    0.89249          1     7.4103     7.6217       4.97     0.0268  4.103e-13  1.000e-12  2.437e+02     7.6190     7.6188    -0.0002     5.8491     5.8490     41.615     42.530      0.741    1448.90    1448.90  0.000e+00
       4175     42.500     7.8888     7.8895     0.0006    0.89249    0.89250          1     7.4024     7.6238       4.35     0.0260  4.103e-13  1.000e-12  2.437e+02     7.6189     7.6188    -0.0001     5.8491     5.8489     42.110     43.036      0.666    1448.91    1448.91  0.000e+00
       4230     43.000     7.8893     7.8900     0.0007    0.89252    0.89253          1     7.3973     7.6242       3.71     0.0266  4.087e-13  1.000e-12  2.447e+02     7.6190     7.6189    -0.0001     5.8491     5.8490     42.606     43.542      0.387    1448.92    1448.92  0.000e+00
       4328     43.500     7.8910     7.8914     0.0004    0.89262    0.89261          1     7.3983     7.6227       3.09     0.0270  4.041e-13  1.000e-12  2.475e+02     7.6195     7.6193    -0.0002     5.8494     5.8492     43.101     44.049      0.275    1448.93    1448.94  0.000e+00
       4388     44.000     7.8908     7.8917     0.0008    0.89262    0.89262          1     7.4188     7.6215       2.52     0.0272  4.036e-13  1.000e-12  2.478e+02     7.6194     7.6193    -0.0001     5.8493     5.8492     43.596     44.555      0.184    1448.94    1448.94  0.000e+00
       4635     44.500     7.8898     7.8904     0.0006    0.89255    0.89255          1     7.3975     7.6285       1.75     0.0280  3.964e-13  1.000e-12  2.523e+02     7.6190     7.6188    -0.0001     5.8491     5.8489     44.092     45.061     -0.195    1448.94    1448.95  0.000e+00
