ctdpy/exports/archive_20191120_135557/received_data/SBE09_0827_20181011_0236_26_01_1066.cnv
* Sea-Bird SBE 9 Data File:
* FileName = D:\CTD_SBE911\DAT\26DA.2018.10.66.hex
* Software Version Seasave V 7.21d
* Temperature SN = 4548
* Conductivity SN = 3062
* Number of Bytes Per Scan = 48
* Number of Voltage Words = 5
* Number of Scans Averaged by the Deck Unit = 1
* NMEA Latitude = 57 07.39 N
* NMEA Longitude = 019 32.27 E
* NMEA UTC (Time) = Oct 11 2018  02:38:59
* NMEA baud rate = 4800
** Ship: DANA
** Average sound velocity: 1446.80 m/s
** True-depth calculation Thu, 28 Mar 2019 12:25:20 +0000
** CTD Python Module SMHI /ver 3-12/ feb 2012 
** LIMS Job: 20182601-1066
** Operator: Christian A-KTh
** Cruise: 10/2018
# nquan = 26
# nvalues = 299                         
# units = specified
# name 0 = scan: Scan Count
# name 1 = prDM: Pressure, Digiquartz [db]
# name 2 = t090C: Temperature [ITS-90, deg C]
# name 3 = t190C: Temperature, 2 [ITS-90, deg C]
# name 4 = T2-T190C: Temperature Difference, 2 - 1 [ITS-90, deg C]
# name 5 = c0S/m: Conductivity [S/m]
# name 6 = c1S/m: Conductivity, 2 [S/m]
# name 7 = pumps: Pump Status
# name 8 = sbeox1ML/L: Oxygen, SBE 43, 2 [ml/l]
# name 9 = sbeox0ML/L: Oxygen, SBE 43 [ml/l]
# name 10 = altM: Altimeter [m]
# name 11 = chloroflTC0: Chlorophyll, Turner Cyclops [ug/l]
# name 12 = cpar: CPAR/Corrected Irradiance [%]
# name 13 = par: PAR/Irradiance, Biospherical/Lico [µE/(cm^2*s)]
# name 14 = spar: SPAR, Biospherical/Licor
# name 15 = sal00: Salinity, Practical [PSU]
# name 16 = sal11: Salinity, Practical, 2 [PSU]
# name 17 = secS-priS: Salinity, Practical, Difference, 2 - 1 [PSU]
# name 18 = sigma-t00: Density [sigma-t, kg/m^3 ]
# name 19 = sigma-t11: Density, 2 [sigma-t, kg/m^3 ]
# name 20 = depSM: Depth [salt water, m], lat = 57.1232
# name 21 = depFM: Depth [true depth, m], lat = 57.1232
# name 22 = dz/dtM: Descent Rate [m/s], WS = 2
# name 23 = svCM: Sound Velocity [Chen-Millero, m/s]
# name 24 = svCM1: Sound Velocity, 2 [Chen-Millero, m/s]
# name 25 = flag: flag
# span 0 =        559,      16150       
# span 1 =      1.500,    150.500       
# span 2 =     3.3704,    11.0828       
# span 3 =     3.3721,    11.0834       
# span 4 =    -0.8373,     0.0204       
# span 5 =   0.774460,   1.426233       
# span 6 =   0.774033,   1.427117       
# span 7 =          1,          1       
# span 8 =     0.0237,     7.7304       
# span 9 =     0.0183,     7.2595       
# span 10 =       0.59,       9.99      
# span 11 =     0.0159,     0.0326      
# span 12 = 4.9241e-11, 4.9241e-11      
# span 13 = 1.0000e-12, 1.0000e-12      
# span 14 = 2.0308e+00, 2.0308e+00      
# span 15 =     6.9260,    13.0038      
# span 16 =     6.9260,    13.0113      
# span 17 =    -0.1246,     0.0611      
# span 18 =     4.9888,    10.1545      
# span 19 =     4.9888,    10.1602      
# span 20 =      1.486,    149.061      
# span 21 =      1.520,    152.155      
# span 22 =     -0.702,      0.468      
# span 23 =    1429.42,    1460.13      
# span 24 =    1429.43,    1460.12      
# span 25 = 0.0000e+00, 0.0000e+00      
# interval = decibars: 0.5              
# start_time = Oct 11 2018 02:38:59 [NMEA time, first data scan]
# bad_flag = -9.990e-29
*END*
[from data line 168]
       8342     85.500     6.0354     6.0163    -0.0192    1.16554    1.16210          1     0.0828     0.0732       9.97     0.0170  4.924e-11  1.000e-12  2.031e+00    10.7133    10.6851    -0.0282     8.4126     8.3916     84.696     86.565      0.256    1445.73    1445.61  0.000e+00
       8392     86.000     6.0680     6.0510    -0.0171    1.17183    1.16848          1     0.0794     0.0716       9.97     0.0168  4.924e-11  1.000e-12  2.031e+00    10.7654    10.7374    -0.0279     8.4515     8.4306     85.192     87.070      0.231    1445.94    1445.83  0.000e+00
       8439     86.500     6.0838     6.0683    -0.0155    1.17511    1.17194          1     0.0817     0.0709       9.97     0.0166  4.924e-11  1.000e-12  2.031e+00    10.7928    10.7662    -0.0266     8.4721     8.4522     85.687     87.575      0.287    1446.05    1445.95  0.000e+00
       8484     87.000     6.0970     6.0871    -0.0100    1.17740    1.17567          1     0.0782     0.0698       9.97     0.0169  4.924e-11  1.000e-12  2.031e+00    10.8112    10.7972    -0.0139     8.4857     8.4754     86.182     88.080      0.231    1446.13    1446.08  0.000e+00
       8539     87.500     6.1102     6.0974    -0.0127    1.17969    1.17736          1     0.0741     0.0694       9.97     0.0169  4.924e-11  1.000e-12  2.031e+00    10.8297    10.8106    -0.0191     8.4994     8.4853     86.677     88.585      0.237    1446.22    1446.14  0.000e+00
       8584     88.000     6.1252     6.1137    -0.0115    1.18348    1.18082          1     0.0767     0.0656       9.97     0.0169  4.924e-11  1.000e-12  2.031e+00    10.8623    10.8396    -0.0227     8.5241     8.5070     87.172     89.090      0.276    1446.34    1446.26  0.000e+00
       8630     88.500     6.1347     6.1275    -0.0072    1.18589    1.18427          1     0.0757     0.0659       9.97     0.0166  4.924e-11  1.000e-12  2.031e+00    10.8831    10.8694    -0.0137     8.5399     8.5295     87.668     89.595      0.249    1446.41    1446.36  0.000e+00
       8677     89.000     6.1416     6.1335    -0.0082    1.18721    1.18559          1     0.0747     0.0649       9.97     0.0167  4.924e-11  1.000e-12  2.031e+00    10.8939    10.8805    -0.0134     8.5479     8.5379     88.163     90.100      0.271    1446.46    1446.41  0.000e+00
       8720     89.500     6.1472     6.1420    -0.0052    1.18843    1.18727          1     0.0711     0.0653       9.97     0.0167  4.924e-11  1.000e-12  2.031e+00    10.9042    10.8943    -0.0098     8.5556     8.5482     88.658     90.605      0.278    1446.50    1446.47  0.000e+00
       8763     90.000     6.1520     6.1474    -0.0045    1.18985    1.18874          1     0.0706     0.0652       9.97     0.0168  4.924e-11  1.000e-12  2.031e+00    10.9166    10.9071    -0.0096     8.5651     8.5579     89.153     91.109      0.269    1446.55    1446.52  0.000e+00
       8810     90.500     6.1581     6.1530    -0.0050    1.19143    1.19000          1     0.0712     0.0649       9.97     0.0169  4.924e-11  1.000e-12  2.031e+00    10.9302    10.9176    -0.0126     8.5754     8.5658     89.648     91.614      0.249    1446.60    1446.56  0.000e+00
       8858     91.000     6.1621     6.1573    -0.0048    1.19323    1.19139          1     0.0710     0.0653       9.97     0.0164  4.924e-11  1.000e-12  2.031e+00    10.9467    10.9300    -0.0167     8.5881     8.5753     90.143     92.119      0.254    1446.65    1446.61  0.000e+00
       8905     91.500     6.1731     6.1626    -0.0104    1.19558    1.19318          1     0.0683     0.0642       9.97     0.0165  4.924e-11  1.000e-12  2.031e+00    10.9664    10.9460    -0.0204     8.6029     8.5875     90.639     92.624      0.258    1446.73    1446.66  0.000e+00
       8951     92.000     6.1936     6.1741    -0.0196    1.19853    1.19542          1     0.0666     0.0643       9.97     0.0164  4.924e-11  1.000e-12  2.031e+00    10.9888    10.9644    -0.0245     8.6192     8.6012     91.134     93.129      0.260    1446.85    1446.73  0.000e+00
       8996     92.500     6.2389     6.1961    -0.0428    1.20451    1.19857          1     0.0642     0.0620       9.97     0.0165  4.924e-11  1.000e-12  2.031e+00    11.0333    10.9884    -0.0449     8.6511     8.6187     91.629     93.634      0.280    1447.10    1446.87  0.000e+00
       9038     93.000     6.2726     6.2482    -0.0244    1.21031    1.20613          1     0.0659     0.0596       9.97     0.0162  4.924e-11  1.000e-12  2.031e+00    11.0798    11.0463    -0.0335     8.6854     8.6607     92.124     94.139      0.275    1447.31    1447.17  0.000e+00
       9083     93.500     6.3084     6.2837    -0.0246    1.21512    1.21136          1     0.0666     0.0585       9.97     0.0160  4.924e-11  1.000e-12  2.031e+00    11.1156    11.0864    -0.0292     8.7112     8.6899     92.619     94.644      0.257    1447.52    1447.37  0.000e+00
       9132     94.000     6.3138     6.3032    -0.0107    1.21656    1.21450          1     0.0666     0.0626       9.97     0.0160  4.924e-11  1.000e-12  2.031e+00    11.1280    11.1111    -0.0170     8.7205     8.7079     93.115     95.149      0.245    1447.56    1447.50  0.000e+00
       9180     94.500     6.3231     6.3106    -0.0125    1.21873    1.21621          1     0.0666     0.0591       9.97     0.0161  4.924e-11  1.000e-12  2.031e+00    11.1463    11.1255    -0.0208     8.7343     8.7187     93.610     95.654      0.254    1447.63    1447.55  0.000e+00
       9226     95.000     6.3292     6.3192    -0.0100    1.21953    1.21792          1     0.0624     0.0593       9.97     0.0160  4.924e-11  1.000e-12  2.031e+00    11.1521    11.1395    -0.0127     8.7384     8.7292     94.105     96.158      0.275    1447.67    1447.62  0.000e+00
       9269     95.500     6.3340     6.3283    -0.0057    1.22030    1.21934          1     0.0654     0.0590       9.97     0.0160  4.924e-11  1.000e-12  2.031e+00    11.1581    11.1505    -0.0076     8.7428     8.7372     94.600     96.663      0.266    1447.71    1447.68  0.000e+00
       9315     96.000     6.3403     6.3349    -0.0054    1.22137    1.22045          1     0.0608     0.0591       9.97     0.0160  4.924e-11  1.000e-12  2.031e+00    11.1665    11.1592    -0.0073     8.7489     8.7436     95.095     97.168      0.265    1447.75    1447.72  0.000e+00
       9359     96.500     6.3514     6.3432    -0.0082    1.22369    1.22199          1     0.0617     0.0573       9.97     0.0160  4.924e-11  1.000e-12  2.031e+00    11.1858    11.1716    -0.0142     8.7634     8.7528     95.590     97.673      0.278    1447.83    1447.78  0.000e+00
       9402     97.000     6.3572     6.3511    -0.0062    1.22508    1.22369          1     0.0602     0.0600       9.97     0.0160  4.924e-11  1.000e-12  2.031e+00    11.1974    11.1858    -0.0117     8.7721     8.7634     96.086     98.178      0.268    1447.88    1447.84  0.000e+00
       9451     97.500     6.3652     6.3589    -0.0062    1.22677    1.22541          1     0.0601     0.0565       9.97     0.0160  4.924e-11  1.000e-12  2.031e+00    11.2115    11.2001    -0.0114     8.7826     8.7741     96.581     98.683      0.240    1447.94    1447.90  0.000e+00
       9499     98.000     6.3710     6.3643    -0.0068    1.22809    1.22653          1     0.0605     0.0583       9.97     0.0161  4.924e-11  1.000e-12  2.031e+00    11.2225    11.2093    -0.0133     8.7909     8.7809     97.076     99.188      0.255    1447.99    1447.94  0.000e+00
       9545     98.500     6.3779     6.3706    -0.0072    1.22966    1.22801          1     0.0567     0.0576       9.97     0.0162  4.924e-11  1.000e-12  2.031e+00    11.2357    11.2217    -0.0140     8.8008     8.7903     97.571     99.692      0.268    1448.04    1447.99  0.000e+00
       9589     99.000     6.3936     6.3857    -0.0079    1.23197    1.23042          1     0.0575     0.0542       9.97     0.0164  4.924e-11  1.000e-12  2.031e+00    11.2532    11.2405    -0.0127     8.8134     8.8040     98.066    100.197      0.276    1448.14    1448.09  0.000e+00
       9633     99.500     6.4024     6.3945    -0.0079    1.23442    1.23264          1     0.0561     0.0553       9.97     0.0161  4.924e-11  1.000e-12  2.031e+00    11.2744    11.2594    -0.0150     8.8295     8.8182     98.561    100.702      0.277    1448.21    1448.16  0.000e+00
       9677    100.000     6.4089     6.4038    -0.0051    1.23551    1.23453          1     0.0566     0.0566       9.97     0.0159  4.924e-11  1.000e-12  2.031e+00    11.2829    11.2749    -0.0079     8.8357     8.8298     99.057    101.207      0.257    1448.25    1448.22  0.000e+00
       9724    100.500     6.4096     6.4074    -0.0022    1.23563    1.23518          1     0.0559     0.0535       9.97     0.0160  4.924e-11  1.000e-12  2.031e+00    11.2838    11.2801    -0.0037     8.8363     8.8336     99.552    101.712      0.260    1448.27    1448.25  0.000e+00
       9770    101.000     6.4214     6.4131    -0.0082    1.23764    1.23617          1     0.0588     0.0570       9.97     0.0160  4.924e-11  1.000e-12  2.031e+00    11.2996    11.2879    -0.0117     8.8480     8.8393    100.047    102.216      0.261    1448.34    1448.29  0.000e+00
       9817    101.500     6.4282     6.4217    -0.0065    1.23853    1.23752          1     0.0616     0.0563       9.97     0.0159  4.924e-11  1.000e-12  2.031e+00    11.3061    11.2982    -0.0079     8.8526     8.8469    100.542    102.721      0.261    1448.39    1448.35  0.000e+00
       9859    102.000     6.4403     6.4313    -0.0091    1.24069    1.23903          1     0.0684     0.0610       9.97     0.0159  4.924e-11  1.000e-12  2.031e+00    11.3234    11.3099    -0.0135     8.8653     8.8553    101.037    103.226      0.304    1448.47    1448.41  0.000e+00
       9896    102.500     6.4531     6.4435    -0.0096    1.24271    1.24106          1     0.0737     0.0607       9.97     0.0159  4.924e-11  1.000e-12  2.031e+00    11.3390    11.3258    -0.0132     8.8766     8.8669    101.532    103.731      0.341    1448.55    1448.49  0.000e+00
       9930    103.000     6.4586     6.4522    -0.0064    1.24384    1.24255          1     0.0680     0.0678       9.97     0.0159  4.924e-11  1.000e-12  2.031e+00    11.3482    11.3375    -0.0106     8.8835     8.8756    102.028    104.236      0.352    1448.59    1448.55  0.000e+00
       9965    103.500     6.4662     6.4601    -0.0060    1.24547    1.24409          1     0.0763     0.0671       9.97     0.0159  4.924e-11  1.000e-12  2.031e+00    11.3616    11.3501    -0.0115     8.8935     8.8848    102.523    104.740      0.349    1448.65    1448.61  0.000e+00
       9999    104.000     6.4728     6.4675    -0.0053    1.24681    1.24564          1     0.0751     0.0711       9.97     0.0159  4.924e-11  1.000e-12  2.031e+00    11.3725    11.3628    -0.0097     8.9016     8.8943    103.018    105.245      0.353    1448.70    1448.66  0.000e+00
      10032    104.500     6.4775     6.4733    -0.0042    1.24809    1.24702          1     0.0720     0.0734       9.97     0.0160  4.924e-11  1.000e-12  2.031e+00    11.3836    11.3744    -0.0092     8.9099     8.9030    103.513    105.750      0.369    1448.74    1448.71  0.000e+00
      10064    105.000     6.4888     6.4793    -0.0096    1.25077    1.24852          1     0.0840     0.0700       9.97     0.0161  4.924e-11  1.000e-12  2.031e+00    11.4061    11.3871    -0.0190     8.9269     8.9126    104.008    106.255      0.391    1448.82    1448.76  0.000e+00
      10094    105.500     6.5028     6.4898    -0.0130    1.25348    1.25070          1     0.1042     0.0767       9.97     0.0160  4.924e-11  1.000e-12  2.031e+00    11.4281    11.4051    -0.0230     8.9431     8.9259    104.503    106.759      0.402    1448.92    1448.83  0.000e+00
      10124    106.000     6.5103     6.4990    -0.0113    1.25529    1.25264          1     0.1043     0.0872       9.97     0.0159  4.924e-11  1.000e-12  2.031e+00    11.4433    11.4210    -0.0224     8.9545     8.9378    104.998    107.264      0.406    1448.98    1448.90  0.000e+00
      10153    106.500     6.5224     6.5096    -0.0128    1.25879    1.25520          1     0.1068     0.0954       9.97     0.0161  4.924e-11  1.000e-12  2.031e+00    11.4737    11.4426    -0.0311     8.9776     8.9541    105.494    107.769      0.428    1449.07    1448.98  0.000e+00
      10181    107.000     6.5365     6.5207    -0.0158    1.26198    1.25807          1     0.1226     0.0968       9.97     0.0159  4.924e-11  1.000e-12  2.031e+00    11.5004    11.4671    -0.0333     8.9975     8.9725    105.989    108.274      0.418    1449.17    1449.07  0.000e+00
      10211    107.500     6.5519     6.5370    -0.0150    1.26623    1.26197          1     0.1259     0.1053       9.97     0.0160  4.924e-11  1.000e-12  2.031e+00    11.5370    11.4999    -0.0370     9.0251     8.9971    106.484    108.778      0.387    1449.29    1449.18  0.000e+00
      10241    108.000     6.5648     6.5537    -0.0111    1.26980    1.26678          1     0.1338     0.1129       9.97     0.0159  4.924e-11  1.000e-12  2.031e+00    11.5676    11.5417    -0.0260     9.0483     9.0287    106.979    109.283      0.418    1449.39    1449.31  0.000e+00
      10268    108.500     6.5737     6.5650    -0.0087    1.27229    1.26986          1     0.1413     0.1221       9.97     0.0159  4.924e-11  1.000e-12  2.031e+00    11.5891    11.5681    -0.0210     9.0645     9.0486    107.474    109.788      0.468    1449.47    1449.40  0.000e+00
      10293    109.000     6.5800     6.5724    -0.0076    1.27409    1.27191          1     0.1445     0.1297       9.97     0.0161  4.924e-11  1.000e-12  2.031e+00    11.6047    11.5857    -0.0190     9.0762     9.0619    107.969    110.293      0.455    1449.52    1449.46  0.000e+00
      10322    109.500     6.5877     6.5798    -0.0079    1.27608    1.27377          1     0.1434     0.1337       9.97     0.0161  4.924e-11  1.000e-12  2.031e+00    11.6216    11.6015    -0.0201     9.0889     9.0737    108.464    110.797      0.394    1449.58    1449.52  0.000e+00
      10354    110.000     6.5934     6.5885    -0.0049    1.27841    1.27646          1     0.1502     0.1386       9.97     0.0161  4.924e-11  1.000e-12  2.031e+00    11.6425    11.6249    -0.0176     9.1050     9.0915    108.960    111.302      0.364    1449.64    1449.60  0.000e+00
      10386    110.500     6.5968     6.5932    -0.0036    1.28127    1.27903          1     0.1434     0.1413       9.97     0.0168  4.924e-11  1.000e-12  2.031e+00    11.6694    11.6486    -0.0208     9.1258     9.1098    109.455    111.807      0.402    1449.69    1449.65  0.000e+00
      10414    111.000     6.5978     6.5953    -0.0025    1.28193    1.28050          1     0.1401     0.1400       9.97     0.0163  4.924e-11  1.000e-12  2.031e+00    11.6755    11.6623    -0.0132     9.1305     9.1204    109.950    112.311      0.433    1449.71    1449.69  0.000e+00
      10442    111.500     6.6004     6.5974    -0.0030    1.28342    1.28160          1     0.1401     0.1377       9.97     0.0160  4.924e-11  1.000e-12  2.031e+00    11.6892    11.6722    -0.0169     9.1411     9.1280    110.445    112.816      0.422    1449.75    1449.72  0.000e+00
      10471    112.000     6.6019     6.5996    -0.0022    1.28441    1.28291          1     0.1365     0.1356       9.97     0.0159  4.924e-11  1.000e-12  2.031e+00    11.6983    11.6843    -0.0140     9.1482     9.1374    110.940    113.321      0.413    1449.78    1449.75  0.000e+00
