ctdpy/exports/archive_20191120_135557/received_data/SBE09_0827_20180903_0732_26_01_0953.cnv
* Sea-Bird SBE 9 Data File:
* FileName = D:\CTD_SBE911\DAT\26DA.2018.9.3.hex
* Software Version Seasave V 7.21d
* Temperature SN = 034605
* Conductivity SN = 041844
* Number of Bytes Per Scan = 48
* Number of Voltage Words = 5
* Number of Scans Averaged by the Deck Unit = 1
* NMEA Latitude = 55 01.18 N
* NMEA Longitude = 013 17.32 E
* NMEA UTC (Time) = Sep 03 2018  07:34:42
* NMEA baud rate = 4800
** Ship: DANA
** Average sound velocity: 1477.04 m/s
** True-depth calculation Wed, 03 Apr 2019 09:22:37 +0000
** CTD Python Module SMHI /ver 3-12/ feb 2012 
** LIMS Job: 20182601-0953
**  BY1
** Operator: Christian
** Cruise: 09/2018
# nquan = 26
# nvalues = 85                          
# units = specified
# name 0 = scan: Scan Count
# name 1 = prDM: Pressure, Digiquartz [db]
# name 2 = t090C: Temperature [ITS-90, deg C]
# name 3 = t190C: Temperature, 2 [ITS-90, deg C]
# name 4 = T2-T190C: Temperature Difference, 2 - 1 [ITS-90, deg C]
# name 5 = c0S/m: Conductivity [S/m]
# name 6 = c1S/m: Conductivity, 2 [S/m]
# name 7 = pumps: Pump Status
# name 8 = sbeox1ML/L: Oxygen, SBE 43, 2 [ml/l]
# name 9 = sbeox0ML/L: Oxygen, SBE 43 [ml/l]
# name 10 = altM: Altimeter [m]
# name 11 = chloroflTC0: Chlorophyll, Turner Cyclops [ug/l]
# name 12 = cpar: CPAR/Corrected Irradiance [%]
# name 13 = par: PAR/Irradiance, Biospherical/Lico [µE/(cm^2*s)]
# name 14 = spar: SPAR, Biospherical/Licor
# name 15 = sal00: Salinity, Practical [PSU]
# name 16 = sal11: Salinity, Practical, 2 [PSU]
# name 17 = secS-priS: Salinity, Practical, Difference, 2 - 1 [PSU]
# name 18 = sigma-t00: Density [sigma-t, kg/m^3 ]
# name 19 = sigma-t11: Density, 2 [sigma-t, kg/m^3 ]
# name 20 = depSM: Depth [salt water, m], lat = 55.0197
# name 21 = depFM: Depth [true depth, m], lat = 55.0197
# name 22 = dz/dtM: Descent Rate [m/s], WS = 2
# name 23 = svCM: Sound Velocity [Chen-Millero, m/s]
# name 24 = svCM1: Sound Velocity, 2 [Chen-Millero, m/s]
# name 25 = flag: flag
# span 0 =         73,       6406       
# span 1 =      2.000,     44.000       
# span 2 =     7.5524,    18.2886       
# span 3 =     7.4559,    18.2810       
# span 4 =    -1.3890,     0.5192       
# span 5 =   0.925747,   2.320661       
# span 6 =   0.925787,   2.328050       
# span 7 =          1,          1       
# span 8 =    -0.5823,     6.6800       
# span 9 =    -0.0962,     6.3324       
# span 10 =       0.25,       9.98      
# span 11 =     0.0451,     0.2259      
# span 12 = 5.4691e-14, 4.3101e+00      
# span 13 = 1.0000e-12, 6.3530e+01      
# span 14 = 9.8382e+02, 1.9758e+03      
# span 15 =     7.9837,    18.2834      
# span 16 =     8.0266,    18.4750      
# span 17 =    -0.0253,     0.2359      
# span 18 =     4.7052,    13.3533      
# span 19 =     4.7027,    13.5477      
# span 20 =      1.982,     43.599      
# span 21 =      2.028,     44.523      
# span 22 =     -0.117,      0.506      
# span 23 =    1447.71,    1489.63      
# span 24 =    1447.34,    1489.66      
# span 25 = 0.0000e+00, 0.0000e+00      
# interval = decibars: 0.5              
# start_time = Sep 03 2018 07:34:43 [NMEA time, first data scan]
# bad_flag = -9.990e-29
*END*
         73      2.000    18.2743    18.2748     0.0006    1.21304    1.21254          1     6.5960     6.3150       9.98     0.2162  4.310e+00  5.950e+01  1.381e+03     8.0823     8.0786    -0.0037     4.7061     4.7031      1.982      2.028      0.381    1486.25    1486.24  0.000e+00
        175      2.500    18.2748    18.2749     0.0001    1.21305    1.21258          1     6.6121     6.3211       9.98     0.2178  4.235e+00  6.353e+01  1.498e+03     8.0823     8.0788    -0.0034     4.7060     4.7033      2.477      2.534      0.297    1486.26    1486.25  0.000e+00
        311      3.000    18.2743    18.2735    -0.0008    1.21311    1.21262          1     6.6136     6.3218       9.98     0.2259  3.168e+00  5.135e+01  1.620e+03     8.0827     8.0794    -0.0033     4.7064     4.7040      2.973      3.041      0.506    1486.26    1486.26  0.000e+00
        332      3.500    18.2745    18.2740    -0.0005    1.21311    1.21262          1     6.6023     6.3187       9.98     0.2211  2.632e+00  3.840e+01  1.458e+03     8.0826     8.0792    -0.0034     4.7063     4.7038      3.468      3.548      0.482    1486.27    1486.27  0.000e+00
        384      4.000    18.2741    18.2737    -0.0004    1.21310    1.21260          1     6.6323     6.3186       9.98     0.2206  2.835e+00  3.587e+01  1.266e+03     8.0826     8.0791    -0.0035     4.7063     4.7037      3.964      4.055      0.256    1486.28    1486.28  0.000e+00
        438      4.500    18.2753    18.2747    -0.0006    1.21310    1.21259          1     6.6432     6.3269       9.98     0.2174  2.534e+00  2.989e+01  1.180e+03     8.0823     8.0787    -0.0035     4.7059     4.7033      4.459      4.562      0.362    1486.29    1486.29  0.000e+00
        469      5.000    18.2762    18.2759    -0.0003    1.21314    1.21265          1     6.6335     6.3271       9.98     0.2141  2.191e+00  2.612e+01  1.192e+03     8.0823     8.0789    -0.0034     4.7057     4.7032      4.955      5.069      0.334    1486.30    1486.30  0.000e+00
        533      5.500    18.2773    18.2768    -0.0004    1.21317    1.21270          1     6.6566     6.3146       9.98     0.2147  1.984e+00  2.456e+01  1.242e+03     8.0824     8.0790    -0.0034     4.7055     4.7031      5.450      5.576      0.225    1486.32    1486.31  0.000e+00
        591      6.000    18.2772    18.2764    -0.0008    1.21319    1.21270          1     6.6354     6.3095       9.98     0.2126  1.643e+00  2.237e+01  1.361e+03     8.0824     8.0790    -0.0034     4.7056     4.7031      5.946      6.083      0.363    1486.32    1486.32  0.000e+00
        626      6.500    18.2767    18.2759    -0.0007    1.21314    1.21267          1     6.6081     6.3277       9.98     0.2109  1.538e+00  2.161e+01  1.405e+03     8.0821     8.0789    -0.0032     4.7055     4.7032      6.441      6.589      0.275    1486.33    1486.32  0.000e+00
        680      7.000    18.2760    18.2756    -0.0004    1.21310    1.21261          1     6.6111     6.3297       9.98     0.2124  1.381e+00  2.059e+01  1.498e+03     8.0819     8.0785    -0.0034     4.7055     4.7029      6.937      7.096      0.255    1486.33    1486.33  0.000e+00
        718      7.500    18.2767    18.2764    -0.0003    1.21311    1.21262          1     6.6470     6.3324       9.98     0.2103  9.833e-01  1.660e+01  1.691e+03     8.0818     8.0784    -0.0035     4.7052     4.7027      7.432      7.603      0.349    1486.34    1486.34  0.000e+00
        753      8.000    18.2768    18.2758    -0.0009    1.21311    1.21263          1     6.6668     6.3172       9.98     0.2100  8.036e-01  1.477e+01  1.841e+03     8.0818     8.0785    -0.0033     4.7052     4.7029      7.928      8.110      0.313    1486.35    1486.35  0.000e+00
        796      8.500    18.2765    18.2745    -0.0020    1.21313    1.21261          1     6.6800     6.3157       9.98     0.2146  6.374e-01  1.229e+01  1.929e+03     8.0819     8.0786    -0.0033     4.7053     4.7032      8.423      8.617      0.266    1486.36    1486.35  0.000e+00
        843      9.000    18.2756    18.2738    -0.0019    1.21315    1.21272          1     6.6660     6.3115       9.98     0.2137  5.345e-01  1.051e+01  1.966e+03     8.0822     8.0794    -0.0028     4.7057     4.7040      8.919      9.124      0.244    1486.37    1486.36  0.000e+00
        895      9.500    18.2749    18.2735    -0.0014    1.21321    1.21280          1     6.6590     6.3127       9.98     0.2145  4.494e-01  8.825e+00  1.964e+03     8.0827     8.0800    -0.0027     4.7063     4.7045      9.414      9.631      0.215    1486.37    1486.36  0.000e+00
        952     10.000    18.2747    18.2733    -0.0013    1.21326    1.21284          1     6.6710     6.3094       9.98     0.2127  3.676e-01  7.261e+00  1.976e+03     8.0831     8.0803    -0.0028     4.7066     4.7048      9.910     10.138      0.244    1486.38    1486.37  0.000e+00
        994     10.500    18.2743    18.2744     0.0001    1.21327    1.21280          1     6.6531     6.3215       9.98     0.2125  2.561e-01  5.025e+00  1.960e+03     8.0831     8.0797    -0.0034     4.7067     4.7041     10.405     10.645      0.306    1486.39    1486.38  0.000e+00
       1037     11.000    18.2750    18.2748    -0.0002    1.21328    1.21284          1     6.6419     6.3229       9.98     0.2124  2.205e-01  3.737e+00  1.695e+03     8.0830     8.0799    -0.0032     4.7065     4.7041     10.901     11.151      0.248    1486.40    1486.39  0.000e+00
       1090     11.500    18.2753    18.2746    -0.0007    1.21329    1.21280          1     6.6533     6.3282       9.98     0.2131  2.441e-01  3.104e+00  1.271e+03     8.0830     8.0796    -0.0034     4.7064     4.7039     11.396     11.658      0.237    1486.41    1486.40  0.000e+00
       1132     12.000    18.2752    18.2736    -0.0015    1.21330    1.21303          1     6.6287     6.3043       9.98     0.2107  2.256e-01  2.560e+00  1.134e+03     8.0830     8.0814    -0.0016     4.7064     4.7056     11.891     12.165      0.313    1486.41    1486.41  0.000e+00
       1175     12.500    18.2737    18.2717    -0.0019    1.21364    1.21328          1     6.6475     6.2975       9.98     0.2098  1.998e-01  2.176e+00  1.090e+03     8.0857     8.0836    -0.0022     4.7088     4.7076     12.387     12.672      0.222    1486.42    1486.41  0.000e+00
       1242     13.000    18.2731    18.2726    -0.0005    1.21351    1.21302          1     6.6180     6.3026       9.98     0.2096  1.802e-01  1.936e+00  1.075e+03     8.0849     8.0814    -0.0034     4.7083     4.7058     12.882     13.179      0.262    1486.43    1486.42  0.000e+00
       1280     13.500    18.2731    18.2724    -0.0007    1.21352    1.21309          1     6.6162     6.3135       9.98     0.2104  1.518e-01  1.630e+00  1.074e+03     8.0849     8.0819    -0.0029     4.7083     4.7062     13.378     13.686      0.283    1486.43    1486.43  0.000e+00
       1332     14.000    18.2729    18.2724    -0.0005    1.21452    1.21439          1     6.6265     6.2910       9.98     0.2117  1.322e-01  1.443e+00  1.092e+03     8.0920     8.0913    -0.0008     4.7138     4.7133     13.873     14.193      0.212    1486.45    1486.45  0.000e+00
       1382     14.500    18.2786    18.2802     0.0016    1.21719    1.21688          1     6.6016     6.2443       9.98     0.2071  1.112e-01  1.243e+00  1.118e+03     8.1102     8.1076    -0.0026     4.7264     4.7241     14.369     14.700      0.283    1486.50    1486.50  0.000e+00
       1421     15.000    18.2886    18.2810    -0.0076    1.22091    1.22237          1     6.5915     6.2060       9.98     0.1989  9.102e-02  1.042e+00  1.145e+03     8.1349     8.1469     0.0120     4.7432     4.7538     14.864     15.206      0.299    1486.56    1486.55  0.000e+00
       1467     15.500    18.1851    18.0601    -0.1248    1.22119    1.22024          1     6.4838     6.0372       9.98     0.1892  7.683e-02  9.304e-01  1.212e+03     8.1572     8.1750     0.0178     4.7810     4.8197     15.360     15.713      0.223    1486.27    1485.90  0.000e+00
       1523     16.000    17.7184    17.5617    -0.1565    1.20792    1.20515          1     6.2782     5.8577       9.98     0.1693  6.792e-02  8.370e-01  1.232e+03     8.1531     8.1640     0.0109     4.8711     4.9102     15.855     16.220      0.259    1484.80    1484.31  0.000e+00
       1560     16.500    17.3562    17.3182    -0.0382    1.20141    1.20441          1     6.2300     5.8560       9.98     0.1602  5.990e-02  7.518e-01  1.256e+03     8.1775     8.2071     0.0297     4.9606     4.9905     16.351     16.727      0.365    1483.67    1483.58  0.000e+00
       1595     17.000    17.3800    17.3769    -0.0032    1.21669    1.22599          1     6.1450     5.8122       9.98     0.1435  5.145e-02  7.058e-01  1.370e+03     8.2851     8.3542     0.0691     5.0379     5.0911     16.846     17.234      0.252    1483.88    1483.95  0.000e+00
       1666     17.500    17.0978    17.0252    -0.0729    1.22445    1.22427          1     6.2121     5.6723       9.98     0.1130  3.966e-02  6.150e-01  1.549e+03     8.4000     8.4136     0.0137     5.1799     5.2041     17.341     17.740      0.275    1483.11    1482.89  0.000e+00
       1698     18.000    16.7918    16.2111    -0.5812    1.22201    1.21272          1     6.0600     5.6202       9.97     0.1090  2.834e-02  4.811e-01  1.705e+03     8.4452     8.4972     0.0520     5.2722     5.4185     17.837     18.247      0.335    1482.17    1480.31  0.000e+00
       1748     18.500    15.4661    14.0927    -1.3754    1.17606    1.13702          1     6.1095     5.7487       9.97     0.1115  2.081e-02  3.801e-01  1.826e+03     8.3727     8.3617    -0.0110     5.4523     5.6758     18.332     18.754      0.205    1477.66    1472.94  0.000e+00
       1806     19.000    13.0201    12.0495    -0.9682    1.08929    1.07013          1     6.2919     5.8901       9.97     0.1168  1.396e-02  2.501e-01  1.790e+03     8.2100     8.2629     0.0529     5.7236     5.8990     18.828     19.260      0.296    1468.98    1465.49  0.000e+00
       1842     19.500    11.7597    10.9778    -0.7830    1.04730    1.03040          1     6.2987     6.0167       9.98     0.1107  9.927e-03  1.781e-01  1.794e+03     8.1360     8.1646     0.0287     5.8402     5.9612     19.323     19.766      0.334    1464.28    1461.38  0.000e+00
       1882     20.000    11.1445     9.7549    -1.3890    1.02847    0.99351          1     6.2094     6.1182       9.97     0.1155  9.303e-03  1.411e-01  1.517e+03     8.1114     8.1167     0.0053     5.8996     6.0618     19.819     20.273      0.263    1461.96    1456.61  0.000e+00
       1931     20.500    10.0147     8.6504    -1.3641    0.99316    0.95590          1     6.2365     6.1421       9.98     0.1053  7.872e-03  1.017e-01  1.290e+03     8.0558     8.0305    -0.0253     5.9867     6.1053     20.314     20.779      0.238    1457.56    1452.15  0.000e+00
       1980     21.000     8.9763     8.6537    -0.3231    0.95882    0.95688          1     6.2709     6.2075       9.98     0.0857  4.760e-03  5.898e-02  1.237e+03     7.9837     8.0386     0.0550     6.0384     6.1115     20.810     21.285      0.284    1453.41    1452.19  0.000e+00
       2018     21.500     8.8259     8.8029    -0.0230    0.95989    0.96497          1     6.2101     6.2164       9.98     0.0768  3.043e-03  3.599e-02  1.181e+03     8.0269     8.0778     0.0509     6.0863     6.1282     21.305     21.791      0.285    1452.87    1452.84  0.000e+00
       2072     22.000     8.9285     8.8973    -0.0311    0.96686    0.97180          1     6.1793     6.1681       9.98     0.0718  1.805e-03  2.217e-02  1.228e+03     8.0664     8.1179     0.0515     6.1074     6.1506     21.800     22.297      0.214    1453.34    1453.27  0.000e+00
       2118     22.500     8.9250     8.8616    -0.0634    0.97003    0.97143          1     6.2389     6.1567       9.98     0.0709  2.907e-04  3.622e-03  1.276e+03     8.0956     8.1226     0.0270     6.1306     6.1577     22.296     22.804      0.323    1453.37    1453.15  0.000e+00
       2156     23.000     8.8316     8.4918    -0.3403    0.96762    0.96159          1     6.1721     6.1679       9.98     0.0702  8.971e-06  1.118e-04  1.320e+03     8.0950     8.1179     0.0229     6.1390     6.1877     22.791     23.310      0.285    1453.00    1451.66  0.000e+00
       2205     23.500     8.0932     7.5494    -0.5435    0.94271    0.93075          1     6.1128     6.1638       9.98     0.0696  7.536e-14  1.000e-12  1.328e+03     8.0364     8.0513     0.0149     6.1580     6.2146     23.287     23.816      0.239    1449.95    1447.75  0.000e+00
       2249     24.000     7.5524     7.4559    -0.0964    0.92575    0.92579          1     6.1709     6.2494       9.98     0.0669  7.776e-14  1.000e-12  1.286e+03     8.0040     8.0266     0.0226     6.1774     6.2024     23.782     24.322      0.310    1447.71    1447.34  0.000e+00
       2288     24.500     7.5760     7.5945     0.0185    0.92849    0.93243          1     6.0797     6.1821       9.98     0.0663  7.976e-14  1.000e-12  1.254e+03     8.0240     8.0564     0.0324     6.1911     6.2151     24.278     24.828      0.270    1447.84    1447.95  0.000e+00
       2341     25.000     7.7642     8.0177     0.2528    0.93937    0.94913          1     5.9900     6.1541       9.98     0.0598  8.333e-14  1.000e-12  1.200e+03     8.0813     8.1122     0.0309     6.2211     6.2235     24.773     25.334      0.226    1448.69    1449.76  0.000e+00
       2388     25.500     8.8452     9.2300     0.3856    1.00035    1.01879          1     5.8875     5.7552       9.98     0.0594  8.194e-14  1.000e-12  1.221e+03     8.3862     8.4612     0.0750     6.3644     6.3852     25.269     25.840      0.271    1453.45    1455.07  0.000e+00
       2441     26.000     9.4572     9.9774     0.5192    1.04343    1.07284          1     5.4939     5.3997       9.98     0.0570  7.282e-14  1.000e-12  1.377e+03     8.6277     8.7628     0.1351     6.4922     6.5413     25.764     26.346      0.208    1456.18    1458.37  0.000e+00
       2491     26.500    10.3308    10.6080     0.2784    1.10448    1.11613          1     5.2505     5.1671       9.98     0.0550  6.973e-14  1.000e-12  1.437e+03     8.9553     8.9890     0.0337     6.6514     6.6451     26.259     26.852      0.300    1459.98    1461.08  0.000e+00
       2532     27.000    10.7351    10.9430     0.2083    1.12887    1.13747          1     5.0850     4.9815       9.98     0.0561  7.997e-14  1.000e-12  1.251e+03     9.0682     9.0913     0.0231     6.6913     6.6839     26.755     27.358      0.256    1461.67    1462.49  0.000e+00
       2580     27.500    11.1230    11.4850     0.3615    1.15232    1.16720          1     4.9492     4.9036       9.98     0.0523  7.648e-14  1.000e-12  1.309e+03     9.1744     9.2121     0.0377     6.7257     6.7086     27.250     27.864      0.288    1463.27    1464.68  0.000e+00
       2617     28.000    11.7605    12.0675     0.3072    1.19583    1.21037          1     4.8958     4.7772       9.98     0.0522  6.293e-14  1.000e-12  1.600e+03     9.3868     9.4327     0.0459     6.8074     6.8013     27.746     28.370      0.308    1465.92    1467.11  0.000e+00
       2665     28.500    12.1867    12.6024     0.4160    1.23015    1.25703          1     4.8881     4.8057       9.98     0.0524  5.641e-14  1.000e-12  1.773e+03     9.5689     9.6880     0.1191     6.8900     6.9230     28.241     28.876      0.231    1467.71    1469.37  0.000e+00
       2712     29.000    12.8106    13.0019     0.1910    1.28317    1.29024          1     4.9033     4.8096       9.98     0.0534  6.890e-14  1.000e-12  1.477e+03     9.8519     9.8612     0.0092     7.0190     6.9979     28.736     29.382      0.268    1470.32    1471.02  0.000e+00
