ctdpy/exports/archive_20191120_135557/received_data/SBE09_0827_20181123_1234_26_01_1229.cnv
* Sea-Bird SBE 9 Data File:
* FileName = D:\CTD_SBE911\DAT\26DA.2018.12.29.hex
* Software Version Seasave V 7.21d
* Temperature SN = 4548
* Conductivity SN = 3062
* Number of Bytes Per Scan = 48
* Number of Voltage Words = 5
* Number of Scans Averaged by the Deck Unit = 1
* NMEA Latitude = 57 41.00 N
* NMEA Longitude = 019 09.00 E
* NMEA UTC (Time) = Nov 23 2018  12:34:38
* NMEA baud rate = 4800
** Ship: DANA
** Average sound velocity: 1447.62 m/s
** True-depth calculation Tue, 02 Apr 2019 12:13:34 +0000
** CTD Python Module SMHI /ver 3-12/ feb 2012 
** LIMS Job: 20182601-1229
** Operator: Ronny
** Cruise: 12/2018
# nquan = 26
# nvalues = 79                          
# units = specified
# name 0 = scan: Scan Count
# name 1 = prDM: Pressure, Digiquartz [db]
# name 2 = t090C: Temperature [ITS-90, deg C]
# name 3 = t190C: Temperature, 2 [ITS-90, deg C]
# name 4 = T2-T190C: Temperature Difference, 2 - 1 [ITS-90, deg C]
# name 5 = c0S/m: Conductivity [S/m]
# name 6 = c1S/m: Conductivity, 2 [S/m]
# name 7 = pumps: Pump Status
# name 8 = sbeox1ML/L: Oxygen, SBE 43, 2 [ml/l]
# name 9 = sbeox0ML/L: Oxygen, SBE 43 [ml/l]
# name 10 = altM: Altimeter [m]
# name 11 = chloroflTC0: Chlorophyll, Turner Cyclops [ug/l]
# name 12 = cpar: CPAR/Corrected Irradiance [%]
# name 13 = par: PAR/Irradiance, Biospherical/Lico [µE/(cm^2*s)]
# name 14 = spar: SPAR, Biospherical/Licor
# name 15 = sal00: Salinity, Practical [PSU]
# name 16 = sal11: Salinity, Practical, 2 [PSU]
# name 17 = secS-priS: Salinity, Practical, Difference, 2 - 1 [PSU]
# name 18 = sigma-t00: Density [sigma-t, kg/m^3 ]
# name 19 = sigma-t11: Density, 2 [sigma-t, kg/m^3 ]
# name 20 = depSM: Depth [salt water, m], lat = 57.6833
# name 21 = depFM: Depth [true depth, m], lat = 57.6833
# name 22 = dz/dtM: Descent Rate [m/s], WS = 2
# name 23 = svCM: Sound Velocity [Chen-Millero, m/s]
# name 24 = svCM1: Sound Velocity, 2 [Chen-Millero, m/s]
# name 25 = flag: flag
# span 0 =        643,       4216       
# span 1 =      1.000,     40.000       
# span 2 =     7.0624,     8.0457       
# span 3 =     7.0006,     7.9903       
# span 4 =    -0.0868,     0.1301       
# span 5 =   0.826802,   0.831391       
# span 6 =   0.826842,   0.830328       
# span 7 =          1,          1       
# span 8 =     6.7136,     7.5154       
# span 9 =     6.9116,     7.7558       
# span 10 =       1.50,       9.99      
# span 11 =     0.0181,     0.0222      
# span 12 = 1.4483e-12, 8.2894e+00      
# span 13 = 1.0000e-12, 5.5554e+00      
# span 14 = 6.7018e+01, 6.9051e+01      
# span 15 =     7.0287,     7.2058      
# span 16 =     7.0285,     7.2169      
# span 17 =    -0.0013,     0.0178      
# span 18 =     5.3768,     5.5865      
# span 19 =     5.3796,     5.5994      
# span 20 =      0.991,     39.627      
# span 21 =      1.013,     40.523      
# span 22 =      0.142,      0.311      
# span 23 =    1444.93,    1448.25      
# span 24 =    1444.69,    1448.03      
# span 25 = 0.0000e+00, 0.0000e+00      
# interval = decibars: 0.5              
# start_time = Nov 23 2018 12:34:38 [NMEA time, first data scan]
# bad_flag = -9.990e-29
*END*
        643      1.000     7.8538     7.8541     0.0003    0.82684    0.82685          1     7.5142     7.7438       9.99     0.0206  8.289e+00  5.555e+00  6.702e+01     7.0296     7.0296     0.0000     5.3903     5.3902      0.991      1.013      0.247    1447.37    1447.37  0.000e+00
        696      1.500     7.8537     7.8540     0.0003    0.82684    0.82684          1     7.5086     7.7440       9.99     0.0215  7.305e+00  4.896e+00  6.702e+01     7.0296     7.0295    -0.0000     5.3902     5.3902      1.486      1.520      0.207    1447.38    1447.38  0.000e+00
        760      2.000     7.8563     7.8557    -0.0006    0.82691    0.82688          1     7.4993     7.7401       9.99     0.0214  6.333e+00  4.244e+00  6.702e+01     7.0297     7.0295    -0.0002     5.3901     5.3900      1.982      2.026      0.248    1447.40    1447.39  0.000e+00
        806      2.500     7.8604     7.8590    -0.0013    0.82702    0.82698          1     7.4956     7.7359       9.99     0.0213  5.301e+00  3.553e+00  6.702e+01     7.0298     7.0296    -0.0002     5.3899     5.3898      2.477      2.533      0.263    1447.42    1447.42  0.000e+00
        853      3.000     7.8629     7.8616    -0.0013    0.82708    0.82704          1     7.5076     7.7421       9.99     0.0218  4.527e+00  3.034e+00  6.702e+01     7.0298     7.0296    -0.0001     5.3897     5.3897      2.972      3.039      0.247    1447.44    1447.44  0.000e+00
        902      3.500     7.8640     7.8640     0.0000    0.82711    0.82710          1     7.5097     7.7379       9.98     0.0210  3.816e+00  2.557e+00  6.702e+01     7.0298     7.0297    -0.0001     5.3896     5.3895      3.468      3.546      0.238    1447.45    1447.45  0.000e+00
        952      4.000     7.8682     7.8662    -0.0020    0.82722    0.82715          1     7.4983     7.7309       9.98     0.0211  3.345e+00  2.242e+00  6.702e+01     7.0298     7.0296    -0.0002     5.3893     5.3893      3.963      4.052      0.264    1447.48    1447.47  0.000e+00
        995      4.500     7.8807     7.8805    -0.0002    0.82752    0.82748          1     7.4946     7.7251       9.98     0.0210  2.885e+00  1.933e+00  6.702e+01     7.0300     7.0297    -0.0003     5.3884     5.3882      4.458      4.559      0.263    1447.54    1447.54  0.000e+00
       1043      5.000     7.9165     7.8956    -0.0210    0.82844    0.82783          1     7.4953     7.7555       9.98     0.0211  2.524e+00  1.693e+00  6.706e+01     7.0311     7.0298    -0.0013     5.3865     5.3871      4.954      5.065      0.264    1447.69    1447.61  0.000e+00
       1086      5.500     7.9848     7.9351    -0.0499    0.83000    0.82877          1     7.5072     7.7348       9.98     0.0210  2.215e+00  1.485e+00  6.702e+01     7.0316     7.0304    -0.0012     5.3815     5.3845      5.449      5.572      0.276    1447.98    1447.78  0.000e+00
       1131      6.000     7.9322     7.9518     0.0195    0.82865    0.82915          1     7.4899     7.7558       9.98     0.0219  1.893e+00  1.272e+00  6.723e+01     7.0298     7.0305     0.0007     5.3842     5.3832      5.944      6.078      0.253    1447.77    1447.85  0.000e+00
       1178      6.500     8.0457     7.9617    -0.0836    0.83139    0.82943          1     7.5103     7.7243       9.98     0.0219  1.659e+00  1.115e+00  6.724e+01     7.0320     7.0309    -0.0010     5.3768     5.3828      6.440      6.585      0.266    1448.25    1447.90  0.000e+00
       1224      7.000     7.8598     7.9903     0.1301    0.82698    0.82994          1     7.5047     7.7276       9.97     0.0220  1.394e+00  9.423e-01  6.760e+01     7.0290     7.0298     0.0008     5.3893     5.3796      6.935      7.092      0.251    1447.49    1448.03  0.000e+00
       1271      7.500     7.8676     7.8836     0.0159    0.82712    0.82745          1     7.5117     7.7340       9.97     0.0220  1.207e+00  8.155e-01  6.759e+01     7.0287     7.0285    -0.0002     5.3885     5.3870      7.431      7.598      0.272    1447.53    1447.59  0.000e+00
       1316      8.000     7.8525     7.8623     0.0098    0.82680    0.82700          1     7.5073     7.7329       9.97     0.0220  1.032e+00  7.030e-01  6.816e+01     7.0287     7.0285    -0.0002     5.3897     5.3887      7.926      8.105      0.243    1447.48    1447.52  0.000e+00
       1366      8.500     7.8564     7.8583     0.0018    0.82694    0.82695          1     7.5028     7.7330       9.97     0.0222  8.796e-01  6.012e-01  6.835e+01     7.0291     7.0288    -0.0003     5.3897     5.3893      8.421      8.611      0.254    1447.50    1447.51  0.000e+00
       1412      9.000     7.8567     7.8578     0.0010    0.82697    0.82697          1     7.5022     7.7258       9.97     0.0220  7.504e-01  5.158e-01  6.875e+01     7.0293     7.0291    -0.0002     5.3898     5.3895      8.917      9.118      0.257    1447.51    1447.51  0.000e+00
       1458      9.500     7.8571     7.8578     0.0007    0.82700    0.82699          1     7.5154     7.7356       9.97     0.0219  6.286e-01  4.329e-01  6.887e+01     7.0294     7.0292    -0.0002     5.3898     5.3896      9.412      9.624      0.253    1447.52    1447.52  0.000e+00
       1511     10.000     7.8571     7.8578     0.0007    0.82702    0.82701          1     7.5044     7.7312       9.97     0.0221  5.301e-01  3.654e-01  6.894e+01     7.0295     7.0294    -0.0002     5.3900     5.3898      9.907     10.131      0.236    1447.53    1447.53  0.000e+00
       1556     10.500     7.8570     7.8578     0.0007    0.82703    0.82703          1     7.5103     7.7357       9.97     0.0219  4.388e-01  3.025e-01  6.894e+01     7.0296     7.0294    -0.0001     5.3900     5.3898     10.403     10.637      0.254    1447.54    1447.54  0.000e+00
       1611     11.000     7.8572     7.8576     0.0004    0.82704    0.82703          1     7.5004     7.7310       9.97     0.0220  3.579e-01  2.471e-01  6.905e+01     7.0296     7.0294    -0.0002     5.3900     5.3898     10.898     11.144      0.237    1447.54    1447.55  0.000e+00
       1654     11.500     7.8571     7.8577     0.0006    0.82704    0.82704          1     7.4939     7.7343       9.96     0.0216  2.875e-01  1.985e-01  6.905e+01     7.0296     7.0295    -0.0001     5.3900     5.3899     11.393     11.650      0.274    1447.55    1447.55  0.000e+00
       1702     12.000     7.8573     7.8580     0.0007    0.82706    0.82708          1     7.4873     7.7318       9.96     0.0214  2.218e-01  1.531e-01  6.905e+01     7.0297     7.0297     0.0001     5.3900     5.3900     11.889     12.157      0.261    1447.56    1447.56  0.000e+00
       1742     12.500     7.8574     7.8580     0.0005    0.82709    0.82710          1     7.4984     7.7273       9.96     0.0212  1.678e-01  1.159e-01  6.905e+01     7.0298     7.0298     0.0000     5.3901     5.3901     12.384     12.663      0.311    1447.57    1447.57  0.000e+00
       1787     13.000     7.8574     7.8577     0.0003    0.82709    0.82709          1     7.4924     7.7296       9.96     0.0214  1.136e-01  7.846e-02  6.905e+01     7.0298     7.0298    -0.0001     5.3901     5.3901     12.879     13.170      0.238    1447.58    1447.58  0.000e+00
       1835     13.500     7.8575     7.8582     0.0007    0.82709    0.82710          1     7.4895     7.7309       9.96     0.0210  6.979e-02  4.819e-02  6.905e+01     7.0297     7.0297    -0.0000     5.3901     5.3900     13.375     13.677      0.254    1447.59    1447.59  0.000e+00
       1886     14.000     7.8575     7.8580     0.0004    0.82709    0.82709          1     7.4878     7.7297       9.96     0.0208  2.722e-02  1.880e-02  6.905e+01     7.0297     7.0296    -0.0001     5.3900     5.3899     13.870     14.183      0.229    1447.59    1447.60  0.000e+00
       1935     14.500     7.8575     7.8582     0.0006    0.82710    0.82711          1     7.4933     7.7372       9.96     0.0208  7.360e-04  5.082e-04  6.905e+01     7.0297     7.0297    -0.0000     5.3900     5.3900     14.365     14.690      0.274    1447.60    1447.60  0.000e+00
       1978     15.000     7.8576     7.8582     0.0006    0.82712    0.82714          1     7.4975     7.7390       9.96     0.0208  2.845e-06  1.965e-06  6.905e+01     7.0299     7.0298    -0.0000     5.3902     5.3901     14.861     15.196      0.268    1447.61    1447.61  0.000e+00
       2021     15.500     7.8572     7.8576     0.0004    0.82713    0.82714          1     7.4954     7.7332       9.96     0.0208  1.448e-12  1.000e-12  6.905e+01     7.0299     7.0299     0.0000     5.3902     5.3902     15.356     15.703      0.302    1447.62    1447.62  0.000e+00
       2061     16.000     7.8564     7.8577     0.0014    0.82712    0.82715          1     7.4909     7.7341       9.96     0.0208  1.448e-12  1.000e-12  6.905e+01     7.0299     7.0299    -0.0000     5.3903     5.3902     15.852     16.209      0.277    1447.62    1447.63  0.000e+00
       2108     16.500     7.8578     7.8583     0.0006    0.82716    0.82717          1     7.4848     7.7246       9.96     0.0211  1.448e-12  1.000e-12  6.905e+01     7.0300     7.0300    -0.0000     5.3903     5.3902     16.347     16.716      0.246    1447.64    1447.64  0.000e+00
       2156     17.000     7.8582     7.8590     0.0008    0.82718    0.82719          1     7.4938     7.7332       9.96     0.0209  1.448e-12  1.000e-12  6.905e+01     7.0300     7.0299    -0.0001     5.3902     5.3901     16.842     17.222      0.267    1447.64    1447.65  0.000e+00
       2202     17.500     7.8586     7.8591     0.0006    0.82719    0.82719          1     7.5027     7.7250       9.96     0.0208  1.448e-12  1.000e-12  6.905e+01     7.0300     7.0299    -0.0001     5.3902     5.3900     17.338     17.729      0.245    1447.65    1447.66  0.000e+00
       2249     18.000     7.8587     7.8593     0.0006    0.82720    0.82720          1     7.4951     7.7296       9.96     0.0208  1.448e-12  1.000e-12  6.905e+01     7.0299     7.0299    -0.0001     5.3901     5.3900     17.833     18.235      0.282    1447.66    1447.66  0.000e+00
       2290     18.500     7.8591     7.8595     0.0004    0.82721    0.82721          1     7.5011     7.7270       9.96     0.0208  1.448e-12  1.000e-12  6.905e+01     7.0299     7.0298    -0.0001     5.3901     5.3900     18.328     18.742      0.280    1447.67    1447.67  0.000e+00
       2336     19.000     7.8592     7.8595     0.0003    0.82721    0.82721          1     7.4957     7.7261       9.96     0.0208  1.448e-12  1.000e-12  6.905e+01     7.0299     7.0298    -0.0001     5.3900     5.3899     18.824     19.248      0.263    1447.68    1447.68  0.000e+00
       2379     19.500     7.8579     7.8578    -0.0001    0.82722    0.82722          1     7.4809     7.7345       9.96     0.0210  1.448e-12  1.000e-12  6.905e+01     7.0301     7.0302     0.0000     5.3903     5.3904     19.319     19.755      0.283    1447.68    1447.68  0.000e+00
       2426     20.000     7.8572     7.8575     0.0003    0.82722    0.82724          1     7.4904     7.7195       9.96     0.0218  1.448e-12  1.000e-12  6.905e+01     7.0303     7.0304     0.0001     5.3905     5.3906     19.814     20.262      0.232    1447.69    1447.69  0.000e+00
       2475     20.500     7.8569     7.8574     0.0005    0.82725    0.82725          1     7.4915     7.7233       9.96     0.0216  1.448e-12  1.000e-12  6.905e+01     7.0305     7.0304    -0.0001     5.3907     5.3906     20.310     20.768      0.281    1447.70    1447.70  0.000e+00
       2517     21.000     7.8569     7.8573     0.0004    0.82724    0.82724          1     7.4946     7.7303       9.96     0.0219  1.448e-12  1.000e-12  6.905e+01     7.0303     7.0303    -0.0000     5.3906     5.3905     20.805     21.275      0.265    1447.70    1447.71  0.000e+00
       2561     21.500     7.8570     7.8574     0.0004    0.82728    0.82729          1     7.4877     7.7292       9.96     0.0217  1.448e-12  1.000e-12  6.905e+01     7.0307     7.0306    -0.0000     5.3908     5.3908     21.300     21.781      0.310    1447.71    1447.71  0.000e+00
       2598     22.000     7.8569     7.8575     0.0005    0.82730    0.82730          1     7.4940     7.7267       9.96     0.0208  1.448e-12  1.000e-12  6.905e+01     7.0307     7.0307    -0.0001     5.3909     5.3908     21.796     22.288      0.304    1447.72    1447.72  0.000e+00
       2642     22.500     7.8570     7.8575     0.0005    0.82729    0.82730          1     7.4934     7.7189       9.96     0.0212  1.448e-12  1.000e-12  6.905e+01     7.0307     7.0306    -0.0001     5.3908     5.3908     22.291     22.794      0.265    1447.73    1447.73  0.000e+00
       2686     23.000     7.8570     7.8575     0.0005    0.82732    0.82732          1     7.4933     7.7220       9.96     0.0218  1.448e-12  1.000e-12  6.905e+01     7.0308     7.0307    -0.0001     5.3910     5.3908     22.786     23.301      0.261    1447.74    1447.74  0.000e+00
       2735     23.500     7.8570     7.8575     0.0005    0.82732    0.82732          1     7.4942     7.7311       9.96     0.0218  1.448e-12  1.000e-12  6.905e+01     7.0308     7.0307    -0.0001     5.3910     5.3908     23.282     23.807      0.250    1447.74    1447.75  0.000e+00
       2781     24.000     7.8571     7.8575     0.0004    0.82735    0.82735          1     7.4944     7.7313       9.96     0.0220  1.448e-12  1.000e-12  6.905e+01     7.0310     7.0309    -0.0001     5.3911     5.3910     23.777     24.314      0.254    1447.75    1447.75  0.000e+00
       2829     24.500     7.8571     7.8576     0.0005    0.82733    0.82730          1     7.4925     7.7208       9.96     0.0215  1.448e-12  1.000e-12  6.905e+01     7.0307     7.0304    -0.0004     5.3909     5.3906     24.272     24.820      0.276    1447.76    1447.76  0.000e+00
       2868     25.000     7.8573     7.8579     0.0005    0.82730    0.82730          1     7.4961     7.7252       9.96     0.0211  1.448e-12  1.000e-12  6.905e+01     7.0304     7.0302    -0.0001     5.3906     5.3904     24.767     25.327      0.301    1447.77    1447.77  0.000e+00
       2911     25.500     7.8574     7.8580     0.0006    0.82732    0.82732          1     7.4865     7.7283       9.96     0.0215  1.448e-12  1.000e-12  6.905e+01     7.0304     7.0304    -0.0001     5.3906     5.3905     25.263     25.833      0.277    1447.78    1447.78  0.000e+00
       2953     26.000     7.8575     7.8580     0.0005    0.82733    0.82732          1     7.5032     7.7315       9.96     0.0219  1.448e-12  1.000e-12  6.905e+01     7.0305     7.0303    -0.0002     5.3907     5.3905     25.758     26.340      0.275    1447.79    1447.79  0.000e+00
       3000     26.500     7.8575     7.8580     0.0006    0.82732    0.82731          1     7.5054     7.7354       9.96     0.0215  1.448e-12  1.000e-12  6.905e+01     7.0303     7.0301    -0.0002     5.3905     5.3903     26.253     26.847      0.254    1447.79    1447.80  0.000e+00
       3047     27.000     7.8575     7.8579     0.0004    0.82732    0.82732          1     7.4922     7.7270       9.96     0.0213  1.448e-12  1.000e-12  6.905e+01     7.0303     7.0302    -0.0001     5.3905     5.3904     26.749     27.353      0.249    1447.80    1447.80  0.000e+00
       3094     27.500     7.8573     7.8578     0.0005    0.82734    0.82734          1     7.4968     7.7237       9.96     0.0212  1.448e-12  1.000e-12  6.905e+01     7.0304     7.0304    -0.0001     5.3906     5.3905     27.244     27.860      0.260    1447.81    1447.81  0.000e+00
       3140     28.000     7.8573     7.8576     0.0003    0.82735    0.82735          1     7.4942     7.7320       9.96     0.0213  1.448e-12  1.000e-12  6.905e+01     7.0305     7.0304    -0.0000     5.3907     5.3906     27.739     28.366      0.277    1447.82    1447.82  0.000e+00
