ctdpy/exports/archive_20191120_135557/received_data/SBE09_0827_20160119_0521_26_01_0103.cnv
* Sea-Bird SBE 9 Data File:
* FileName = D:\CTD_SBE911\DAT\26DA.2016.1.3.hex
* Software Version Seasave V 7.21d
* Temperature SN = 034757
* Conductivity SN = 043188
* Number of Bytes Per Scan = 48
* Number of Voltage Words = 5
* Number of Scans Averaged by the Deck Unit = 1
* NMEA Latitude = 58 02.95 N
* NMEA Longitude = 009 44.13 E
* NMEA UTC (Time) = Jan 19 2016  05:23:14
* NMEA baud rate = 4800
** Ship: DANA
** Average sound velocity: 1483.90 m/s
** True-depth calculation Wed, 24 May 2017 05:50:43 +0000
** CTD Python Module SMHI /ver 3-12/ feb 2012 
** LIMS Job: 20162601-0103
**  30N Hirtshals
** Operator:  Christian
** Cruise: 11/2015 Togt 01 2016
# nquan = 26
# nvalues = 520                         
# units = specified
# name 0 = scan: Scan Count
# name 1 = prDM: Pressure, Digiquartz [db]
# name 2 = t090C: Temperature [ITS-90, deg C]
# name 3 = t190C: Temperature, 2 [ITS-90, deg C]
# name 4 = T2-T190C: Temperature Difference, 2 - 1 [ITS-90, deg C]
# name 5 = c0S/m: Conductivity [S/m]
# name 6 = c1S/m: Conductivity, 2 [S/m]
# name 7 = pumps: Pump Status
# name 8 = sbeox1ML/L: Oxygen, SBE 43, 2 [ml/l]
# name 9 = sbeox0ML/L: Oxygen, SBE 43 [ml/l]
# name 10 = altM: Altimeter [m]
# name 11 = chloroflTC0: Chlorophyll, Turner Cyclops [ug/l]
# name 12 = cpar: CPAR/Corrected Irradiance [%]
# name 13 = par: PAR/Irradiance, Biospherical/Licor
# name 14 = spar: SPAR/Surface Irradiance
# name 15 = sal00: Salinity, Practical [PSU]
# name 16 = sal11: Salinity, Practical, 2 [PSU]
# name 17 = secS-priS: Salinity, Practical, Difference, 2 - 1 [PSU]
# name 18 = sigma-t00: Density [sigma-t, kg/m^3 ]
# name 19 = sigma-t11: Density, 2 [sigma-t, kg/m^3 ]
# name 20 = depSM: Depth [salt water, m], lat = 58.0492
# name 21 = depFM: Depth [true depth, m], lat = 58.0492
# name 22 = dz/dtM: Descent Rate [m/s], WS = 2
# name 23 = svCM: Sound Velocity [Chen-Millero, m/s]
# name 24 = svCM1: Sound Velocity, 2 [Chen-Millero, m/s]
# name 25 = flag: flag
# span 0 =        106,      18408       
# span 1 =      1.500,    261.000       
# span 2 =     3.6680,     8.9868       
# span 3 =     3.6666,     8.9902       
# span 4 =    -0.5300,     0.2509       
# span 5 =   2.923216,   3.733296       
# span 6 =   2.922136,   3.733029       
# span 7 =          1,          1       
# span 8 =     5.2327,     7.0166       
# span 9 =     5.2738,     7.0262       
# span 10 =       1.73,       9.92      
# span 11 =     0.0231,     0.0824      
# span 12 = 9.9999e+04, 9.9999e+04      
# span 13 = 2.7956e+01, 8.8767e+01      
# span 14 = 0.0000e+00, 0.0000e+00      
# span 15 =    31.3849,    35.2089      
# span 16 =    31.3719,    35.2081      
# span 17 =    -0.6225,     0.0386      
# span 18 =    24.9420,    27.4071      
# span 19 =    24.9317,    27.4049      
# span 20 =      1.486,    258.417      
# span 21 =      1.491,    258.834      
# span 22 =     -0.296,      1.069      
# span 23 =    1460.61,    1488.13      
# span 24 =    1460.60,    1488.12      
# span 25 = 0.0000e+00, 0.0000e+00      
# interval = decibars: 0.5              
# start_time = Jan 19 2016 05:23:15 [NMEA time, first data scan]
# bad_flag = -9.990e-29
*END*
[from data line 335]
      12931    169.000     8.2615     8.2529    -0.0086    3.67216    3.67179          1     5.6982     5.7732       9.90     0.0317  1.000e+05  2.805e+01  0.000e+00    35.2023    35.2069     0.0047    27.3930    27.3980    167.365    167.628      0.801    1486.49    1486.46  0.000e+00
      12945    169.500     8.2533     8.2388    -0.0145    3.67127    3.67060          1     5.6939     5.7575       9.90     0.0304  1.000e+05  2.803e+01  0.000e+00    35.2007    35.2081     0.0074    27.3930    27.4010    167.860    168.124      0.815    1486.46    1486.42  0.000e+00
      12960    170.000     8.2453     8.2309    -0.0144    3.67049    3.66973          1     5.6894     5.7553       9.90     0.0311  1.000e+05  2.804e+01  0.000e+00    35.2001    35.2064     0.0063    27.3938    27.4010    168.355    168.620      0.769    1486.44    1486.39  0.000e+00
      12976    170.500     8.2394     8.2294    -0.0101    3.67005    3.66933          1     5.6889     5.7484       9.90     0.0323  1.000e+05  2.804e+01  0.000e+00    35.2011    35.2034     0.0023    27.3954    27.3988    168.850    169.115      0.673    1486.43    1486.39  0.000e+00
      12996    171.000     8.2361     8.2294    -0.0067    3.66982    3.66923          1     5.6994     5.7492       9.90     0.0328  1.000e+05  2.804e+01  0.000e+00    35.2016    35.2021     0.0004    27.3964    27.3978    169.345    169.611      0.553    1486.42    1486.40  0.000e+00
      13021    171.500     8.2340     8.2268    -0.0072    3.66965    3.66902          1     5.7159     5.7392       9.90     0.0328  1.000e+05  2.803e+01  0.000e+00    35.2018    35.2022     0.0005    27.3968    27.3983    169.839    170.107      0.461    1486.42    1486.40  0.000e+00
      13049    172.000     8.2288     8.2185    -0.0103    3.66917    3.66835          1     5.7168     5.7698       9.90     0.0327  1.000e+05  2.803e+01  0.000e+00    35.2016    35.2031     0.0015    27.3975    27.4002    170.334    170.602      0.368    1486.41    1486.38  0.000e+00
      13093    172.500     8.2177     8.2068    -0.0109    3.66808    3.66716          1     5.6978     5.7326       9.90     0.0340  1.000e+05  2.803e+01  0.000e+00    35.2009    35.2019     0.0010    27.3986    27.4011    170.829    171.098      0.248    1486.38    1486.34  0.000e+00
      13133    173.000     8.2103     8.2047    -0.0056    3.66752    3.66695          1     5.6525     5.7345       9.90     0.0330  1.000e+05  2.804e+01  0.000e+00    35.2020    35.2014    -0.0005    27.4006    27.4011    171.324    171.594      0.499    1486.36    1486.34  0.000e+00
      13152    173.500     8.2066     8.2004    -0.0062    3.66723    3.66682          1     5.6130     5.7142       9.90     0.0340  1.000e+05  2.803e+01  0.000e+00    35.2023    35.2041     0.0018    27.4015    27.4038    171.819    172.089      0.766    1486.36    1486.33  0.000e+00
      13165    174.000     8.2019     8.1989    -0.0029    3.66696    3.66671          1     5.6002     5.7011       9.90     0.0341  1.000e+05  2.803e+01  0.000e+00    35.2040    35.2042     0.0002    27.4035    27.4041    172.314    172.585      0.931    1486.35    1486.34  0.000e+00
      13177    174.500     8.2002     8.1991    -0.0011    3.66695    3.66680          1     5.6098     5.6925       9.90     0.0341  1.000e+05  2.803e+01  0.000e+00    35.2052    35.2047    -0.0005    27.4047    27.4045    172.809    173.081      1.029    1486.35    1486.35  0.000e+00
      13188    175.000     8.2013     8.2002    -0.0010    3.66718    3.66690          1     5.6241     5.6888       9.90     0.0332  1.000e+05  2.804e+01  0.000e+00    35.2064    35.2045    -0.0020    27.4055    27.4041    173.304    173.576      1.069    1486.37    1486.36  0.000e+00
      13199    175.500     8.2016     8.2013    -0.0002    3.66727    3.66709          1     5.6323     5.6843       9.90     0.0321  1.000e+05  2.805e+01  0.000e+00    35.2068    35.2052    -0.0016    27.4058    27.4045    173.799    174.072      1.049    1486.37    1486.37  0.000e+00
      13211    176.000     8.2021     8.2019    -0.0002    3.66737    3.66721          1     5.6341     5.6276       9.90     0.0319  1.000e+05  2.804e+01  0.000e+00    35.2072    35.2057    -0.0015    27.4059    27.4048    174.294    174.568      0.968    1486.39    1486.38  0.000e+00
      13224    176.500     8.2025     8.2022    -0.0003    3.66743    3.66728          1     5.6376     5.6788       9.90     0.0335  1.000e+05  2.804e+01  0.000e+00    35.2072    35.2059    -0.0013    27.4059    27.4049    174.789    175.063      0.808    1486.40    1486.39  0.000e+00
      13243    177.000     8.2029     8.2022    -0.0007    3.66749    3.66729          1     5.6465     5.7356       9.90     0.0347  1.000e+05  2.805e+01  0.000e+00    35.2071    35.2056    -0.0015    27.4058    27.4047    175.284    175.559      0.513    1486.41    1486.40  0.000e+00
      13298    177.500     8.2039     8.2023    -0.0016    3.66757    3.66726          1     5.6528     5.7144       9.90     0.0331  1.000e+05  2.804e+01  0.000e+00    35.2067    35.2050    -0.0017    27.4053    27.4042    175.779    176.055      0.249    1486.42    1486.41  0.000e+00
      13346    178.000     8.2035     8.2022    -0.0013    3.66759    3.66728          1     5.6450     5.7120       9.90     0.0333  1.000e+05  2.804e+01  0.000e+00    35.2072    35.2050    -0.0022    27.4057    27.4042    176.274    176.551      0.371    1486.42    1486.42  0.000e+00
      13374    178.500     8.2031     8.2023    -0.0008    3.66761    3.66730          1     5.6150     5.7056       9.90     0.0345  1.000e+05  2.804e+01  0.000e+00    35.2075    35.2049    -0.0026    27.4060    27.4042    176.769    177.046      0.489    1486.43    1486.42  0.000e+00
      13396    179.000     8.2030     8.2025    -0.0005    3.66763    3.66736          1     5.5935     5.7026       9.90     0.0353  1.000e+05  2.803e+01  0.000e+00    35.2075    35.2051    -0.0024    27.4060    27.4043    177.264    177.542      0.658    1486.44    1486.43  0.000e+00
      13412    179.500     8.2031     8.2028    -0.0003    3.66765    3.66740          1     5.5894     5.7132       9.90     0.0332  1.000e+05  2.804e+01  0.000e+00    35.2075    35.2051    -0.0024    27.4061    27.4042    177.759    178.038      0.821    1486.45    1486.44  0.000e+00
      13425    180.000     8.2030     8.2027    -0.0003    3.66768    3.66742          1     5.5883     5.7158       9.90     0.0323  1.000e+05  2.805e+01  0.000e+00    35.2076    35.2050    -0.0026    27.4062    27.4042    178.253    178.533      0.947    1486.46    1486.45  0.000e+00
      13437    180.500     8.2029     8.2024    -0.0004    3.66770    3.66742          1     5.5901     5.7075       9.90     0.0296  1.000e+05  2.803e+01  0.000e+00    35.2076    35.2052    -0.0025    27.4062    27.4043    178.748    179.029      1.023    1486.46    1486.46  0.000e+00
      13448    181.000     8.2029     8.2026    -0.0003    3.66771    3.66742          1     5.6039     5.7080       9.90     0.0298  1.000e+05  2.803e+01  0.000e+00    35.2075    35.2048    -0.0028    27.4061    27.4040    179.243    179.525      1.037    1486.47    1486.47  0.000e+00
      13460    181.500     8.2033     8.2026    -0.0007    3.66777    3.66746          1     5.6206     5.7015       9.90     0.0314  1.000e+05  2.803e+01  0.000e+00    35.2076    35.2048    -0.0028    27.4061    27.4040    179.738    180.020      0.986    1486.48    1486.48  0.000e+00
      13473    182.000     8.2035     8.2030    -0.0005    3.66781    3.66748          1     5.6394     5.7111       9.90     0.0315  1.000e+05  2.804e+01  0.000e+00    35.2075    35.2044    -0.0031    27.4060    27.4037    180.233    180.516      0.855    1486.49    1486.48  0.000e+00
      13489    182.500     8.2038     8.2034    -0.0004    3.66786    3.66753          1     5.6489     5.7112       9.90     0.0313  1.000e+05  2.807e+01  0.000e+00    35.2075    35.2044    -0.0031    27.4060    27.4036    180.728    181.012      0.595    1486.50    1486.49  0.000e+00
      13545    183.000     8.2042     8.2035    -0.0007    3.66791    3.66756          1     5.6403     5.7109       9.90     0.0310  1.000e+05  2.805e+01  0.000e+00    35.2074    35.2043    -0.0031    27.4059    27.4035    181.223    181.507      0.283    1486.51    1486.50  0.000e+00
      13595    183.500     8.2045     8.2038    -0.0007    3.66799    3.66761          1     5.6363     5.7022       9.90     0.0304  1.000e+05  2.804e+01  0.000e+00    35.2078    35.2043    -0.0034    27.4061    27.4035    181.718    182.003      0.481    1486.52    1486.51  0.000e+00
      13615    184.000     8.2046     8.2043    -0.0003    3.66805    3.66771          1     5.6216     5.6949       9.90     0.0312  1.000e+05  2.803e+01  0.000e+00    35.2080    35.2046    -0.0033    27.4062    27.4036    182.213    182.499      0.594    1486.53    1486.52  0.000e+00
      13635    184.500     8.2044     8.2037    -0.0007    3.66806    3.66771          1     5.5996     5.6987       9.90     0.0323  1.000e+05  2.803e+01  0.000e+00    35.2081    35.2051    -0.0030    27.4063    27.4041    182.708    182.994      0.622    1486.53    1486.53  0.000e+00
      13654    185.000     8.2042     8.2031    -0.0011    3.66806    3.66767          1     5.6126     5.7059       9.90     0.0344  1.000e+05  2.803e+01  0.000e+00    35.2080    35.2050    -0.0030    27.4063    27.4041    183.203    183.490      0.643    1486.54    1486.53  0.000e+00
      13672    185.500     8.2037     8.2031    -0.0006    3.66806    3.66770          1     5.6191     5.7080       9.90     0.0343  1.000e+05  2.803e+01  0.000e+00    35.2084    35.2050    -0.0034    27.4066    27.4041    183.698    183.986      0.732    1486.55    1486.54  0.000e+00
      13687    186.000     8.2035     8.2031    -0.0005    3.66809    3.66772          1     5.6054     5.7071       9.90     0.0335  1.000e+05  2.803e+01  0.000e+00    35.2085    35.2051    -0.0035    27.4068    27.4042    184.193    184.481      0.846    1486.56    1486.55  0.000e+00
      13700    186.500     8.2034     8.2031    -0.0003    3.66811    3.66776          1     5.6007     5.7064       9.90     0.0334  1.000e+05  2.804e+01  0.000e+00    35.2086    35.2052    -0.0034    27.4069    27.4042    184.688    184.977      0.901    1486.56    1486.56  0.000e+00
      13713    187.000     8.2034     8.2032    -0.0003    3.66813    3.66780          1     5.6173     5.7058       9.90     0.0338  1.000e+05  2.803e+01  0.000e+00    35.2086    35.2053    -0.0034    27.4069    27.4043    185.182    185.473      0.851    1486.57    1486.57  0.000e+00
      13729    187.500     8.2035     8.2033    -0.0003    3.66819    3.66783          1     5.6428     5.7075       9.90     0.0329  1.000e+05  2.803e+01  0.000e+00    35.2089    35.2052    -0.0036    27.4071    27.4043    185.677    185.969      0.662    1486.58    1486.58  0.000e+00
      13760    188.000     8.2039     8.2033    -0.0006    3.66822    3.66784          1     5.6625     5.7088       9.90     0.0330  1.000e+05  2.803e+01  0.000e+00    35.2086    35.2051    -0.0035    27.4068    27.4041    186.172    186.464      0.314    1486.59    1486.58  0.000e+00
      13805    188.500     8.2039     8.2034    -0.0006    3.66826    3.66786          1     5.6277     5.7038       9.90     0.0320  1.000e+05  2.803e+01  0.000e+00    35.2088    35.2050    -0.0037    27.4069    27.4041    186.667    186.960      0.428    1486.60    1486.59  0.000e+00
      13826    189.000     8.2038     8.2034    -0.0005    3.66828    3.66789          1     5.6204     5.7031       9.90     0.0314  1.000e+05  2.804e+01  0.000e+00    35.2089    35.2051    -0.0038    27.4070    27.4041    187.162    187.456      0.563    1486.61    1486.60  0.000e+00
      13847    189.500     8.2039     8.2034    -0.0005    3.66830    3.66790          1     5.6349     5.6963       9.90     0.0331  1.000e+05  2.804e+01  0.000e+00    35.2087    35.2050    -0.0038    27.4069    27.4040    187.657    187.951      0.524    1486.62    1486.61  0.000e+00
      13872    190.000     8.2040     8.2035    -0.0005    3.66833    3.66793          1     5.6215     5.6970       9.90     0.0353  1.000e+05  2.803e+01  0.000e+00    35.2087    35.2049    -0.0038    27.4069    27.4040    188.152    188.447      0.489    1486.62    1486.62  0.000e+00
      13895    190.500     8.2040     8.2036    -0.0005    3.66836    3.66797          1     5.6197     5.7027       9.90     0.0338  1.000e+05  2.803e+01  0.000e+00    35.2088    35.2050    -0.0037    27.4069    27.4040    188.647    188.943      0.602    1486.63    1486.63  0.000e+00
      13913    191.000     8.2040     8.2036    -0.0004    3.66838    3.66799          1     5.6276     5.7052       9.90     0.0346  1.000e+05  2.803e+01  0.000e+00    35.2087    35.2050    -0.0037    27.4069    27.4040    189.142    189.438      0.725    1486.64    1486.64  0.000e+00
      13929    191.500     8.2042     8.2038    -0.0003    3.66843    3.66803          1     5.6310     5.7074       9.90     0.0341  1.000e+05  2.803e+01  0.000e+00    35.2089    35.2049    -0.0039    27.4070    27.4039    189.637    189.934      0.747    1486.65    1486.64  0.000e+00
      13945    192.000     8.2041     8.2037    -0.0004    3.66843    3.66803          1     5.6363     5.7038       9.90     0.0339  1.000e+05  2.803e+01  0.000e+00    35.2087    35.2048    -0.0039    27.4069    27.4039    190.132    190.430      0.635    1486.66    1486.65  0.000e+00
      13972    192.500     8.2042     8.2037    -0.0005    3.66846    3.66804          1     5.6525     5.7048       9.90     0.0347  1.000e+05  2.804e+01  0.000e+00    35.2087    35.2047    -0.0040    27.4068    27.4038    190.626    190.925      0.363    1486.67    1486.66  0.000e+00
      14013    193.000     8.2042     8.2037    -0.0005    3.66848    3.66808          1     5.6552     5.7134       9.90     0.0340  1.000e+05  2.805e+01  0.000e+00    35.2086    35.2049    -0.0038    27.4068    27.4039    191.121    191.421      0.391    1486.67    1486.67  0.000e+00
      14036    193.500     8.2044     8.2039    -0.0005    3.66853    3.66811          1     5.6168     5.7099       9.90     0.0338  1.000e+05  2.804e+01  0.000e+00    35.2087    35.2047    -0.0040    27.4068    27.4038    191.616    191.917      0.664    1486.68    1486.68  0.000e+00
      14051    194.000     8.2046     8.2041    -0.0005    3.66857    3.66816          1     5.5988     5.7125       9.90     0.0329  1.000e+05  2.804e+01  0.000e+00    35.2088    35.2049    -0.0039    27.4068    27.4039    192.111    192.412      0.772    1486.69    1486.69  0.000e+00
      14066    194.500     8.2048     8.2043    -0.0005    3.66863    3.66819          1     5.6051     5.7078       9.90     0.0326  1.000e+05  2.805e+01  0.000e+00    35.2089    35.2047    -0.0042    27.4069    27.4037    192.606    192.908      0.757    1486.70    1486.69  0.000e+00
      14083    195.000     8.2047     8.2041    -0.0006    3.66861    3.66821          1     5.6219     5.7059       9.90     0.0337  1.000e+05  2.804e+01  0.000e+00    35.2086    35.2049    -0.0037    27.4067    27.4038    193.101    193.404      0.614    1486.71    1486.70  0.000e+00
      14110    195.500     8.2046     8.2039    -0.0007    3.66863    3.66819          1     5.6248     5.7055       9.90     0.0334  1.000e+05  2.803e+01  0.000e+00    35.2086    35.2046    -0.0040    27.4067    27.4037    193.596    193.899      0.383    1486.72    1486.71  0.000e+00
      14144    196.000     8.2046     8.2041    -0.0005    3.66865    3.66822          1     5.6121     5.7076       9.90     0.0343  1.000e+05  2.804e+01  0.000e+00    35.2086    35.2046    -0.0040    27.4067    27.4036    194.091    194.395      0.417    1486.73    1486.72  0.000e+00
