ctdpy/exports/archive_20191120_135557/received_data/SBE09_1044_20180320_0155_34_02_0075.cnv
* Sea-Bird SBE 9 Data File:
* FileName = C:\ctd\temp\2018\ME18D075.hex
* Software Version Seasave V 7.26.6.26
* Temperature SN = 5351
* Conductivity SN = 3941
* Number of Bytes Per Scan = 41
* Number of Voltage Words = 4
* Number of Scans Averaged by the Deck Unit = 1
* NMEA Latitude = 58 16.01 N
* NMEA Longitude = 010 43.46 E
* NMEA UTC (Time) = Mar 20 2018  01:55:46
* NMEA baud rate = 4800
** Station:  A16
** Operator:  MHan
** Ship: MERI
** Average sound velocity: 1478.15 m/s
** True-depth calculation Tue, 20 Mar 2018 02:40:22 +0000
** CTD Python Module SMHI /ver 3-12/ feb 2012 
** LIMS Job: 20183402-0075
** Cruise: SMHI-02-2018
** Latitude [GG MM.mm N] :
** Longitude [GG MM.mm E]:
# nquan = 26
# nvalues = 405                         
# units = specified
# name 0 = scan: Scan Count
# name 1 = prDM: Pressure, Digiquartz [db]
# name 2 = t090C: Temperature [ITS-90, deg C]
# name 3 = t190C: Temperature, 2 [ITS-90, deg C]
# name 4 = T2-T190C: Temperature Difference, 2 - 1 [ITS-90, deg C]
# name 5 = c0S/m: Conductivity [S/m]
# name 6 = c1S/m: Conductivity, 2 [S/m]
# name 7 = pumps: Pump Status
# name 8 = sbeox0ML/L: Oxygen, SBE 43 [ml/l]
# name 9 = sbeox1ML/L: Oxygen, SBE 43, 2 [ml/l]
# name 10 = altM: Altimeter [m]
# name 11 = flECO-AFL: Chl-a Fluorescence, WET Labs ECO-AFL/FL [mg/m^3]
# name 12 = flECO-AFL1: Phycocyanin Fluorescence, WET Labs ECO-AFL/FL, 2 [mg/m^3]
# name 13 = par: PAR/Irradiance, Biospherical/Lico [µE/(cm^2*s)]
# name 14 = turbWETntu0: Turbidity, WET Labs ECO [NTU]
# name 15 = sal00: Salinity, Practical [PSU]
# name 16 = sal11: Salinity, Practical, 2 [PSU]
# name 17 = secS-priS: Salinity, Practical, Difference, 2 - 1 [PSU]
# name 18 = sigma-t00: Density [sigma-t, Kg/m^3 ]
# name 19 = sigma-t11: Density, 2 [sigma-t, Kg/m^3 ]
# name 20 = depSM: Depth [salt water, m], lat = 58.2668
# name 21 = depFM: Depth [true depth, m], lat = 58.2668
# name 22 = dz/dtM: Descent Rate [m/s], WS = 2
# name 23 = svCM: Sound Velocity [Chen-Millero, m/s]
# name 24 = svCM1: Sound Velocity, 2 [Chen-Millero, m/s]
# name 25 = flag: flag
# span 0 =      13211,      23558       
# span 1 =      1.000,    203.000       
# span 2 =     0.0805,     7.7926       
# span 3 =     0.0808,     7.7830       
# span 4 =    -0.0826,     0.0231       
# span 5 =   2.173898,   3.593962       
# span 6 =   2.173896,   3.592887       
# span 7 =          1,          1       
# span 8 =    5.61562,    9.09525       
# span 9 =    5.63851,    9.12133       
# span 10 =       1.80,      99.01      
# span 11 =     0.0064,    11.5994      
# span 12 =     0.1184,     1.8068      
# span 13 = -2.419e-04, 7.3484e-01      
# span 14 =     0.1731,     1.5000      
# span 15 =    25.4026,    35.0430      
# span 16 =    25.4021,    35.0427      
# span 17 =    -0.1209,     0.0041      
# span 18 =    20.3638,    27.4472      
# span 19 =    20.3634,    27.4472      
# span 20 =      0.991,    201.016      
# span 21 =      0.998,    201.357      
# span 22 =      0.014,      1.161      
# span 23 =    1436.72,    1482.56      
# span 24 =    1436.72,    1482.53      
# span 25 = 0.0000e+00, 0.0000e+00      
# interval = decibars: 0.5              
# start_time = Mar 20 2018 01:55:47 [NMEA time, first data scan]
# bad_flag = -9.990e-29
*END*
[from data line 168]
      17114     85.000     7.3484     7.3490     0.0007    3.55403    3.55410          1     5.9336     5.9309      98.43     0.0369     0.2192  1.000e-12  0.2071000    34.8852    34.8853     0.0001    27.2792    27.2792     84.193     84.375      0.683    1481.25    1481.25  0.000e+00
      17131     85.500     7.3520     7.3521     0.0001    3.55461    3.55466          1     5.9387     5.9363      98.48     0.0312     0.2244  1.000e-12  0.2115000    34.8876    34.8881     0.0004    27.2806    27.2810     84.688     84.870      0.732    1481.28    1481.28  0.000e+00
      17147     86.000     7.3335     7.3350     0.0015    3.55287    3.55303          1     5.9406     5.9477      98.48     0.0268     0.2280  1.000e-12  0.2274000    34.8871    34.8872     0.0001    27.2828    27.2827     85.183     85.366      0.699    1481.21    1481.22  0.000e+00
      17166     86.500     7.3370     7.3342    -0.0027    3.55335    3.55314          1     5.9408     5.9505      98.47     0.0424     0.2199  1.000e-12  0.2341000    34.8885    34.8889     0.0005    27.2834    27.2842     85.679     85.862      0.589    1481.24    1481.23  0.000e+00
      17189     87.000     7.3607     7.3590    -0.0017    3.55604    3.55588          1     5.9282     5.9337      98.45     0.0463     0.2350  1.000e-12  0.2260000    34.8937    34.8936    -0.0001    27.2842    27.2843     86.174     86.358      0.459    1481.34    1481.34  0.000e+00
      17218     87.500     7.3790     7.3782    -0.0009    3.55824    3.55821          1     5.9047     5.9121      98.41     0.0313     0.2302  1.000e-12  0.2174000    34.8990    34.8995     0.0005    27.2857    27.2862     86.669     86.853      0.437    1481.43    1481.42  0.000e+00
      17243     88.000     7.3803     7.3803    -0.0000    3.55858    3.55864          1     5.8950     5.9072      98.43     0.0336     0.1735  1.000e-12  0.2158000    34.9011    34.9018     0.0006    27.2872    27.2877     87.164     87.349      0.529    1481.44    1481.44  0.000e+00
      17264     88.500     7.3809     7.3810     0.0002    3.55873    3.55880          1     5.8927     5.9013      98.55     0.0434     0.1961  1.000e-12  0.2206000    34.9020    34.9025     0.0005    27.2878    27.2882     87.659     87.845      0.656    1481.45    1481.46  0.000e+00
      17281     89.000     7.3795     7.3800     0.0005    3.55864    3.55872          1     5.9004     5.8971      98.62     0.0443     0.2192  1.000e-12  0.2197000    34.9021    34.9025     0.0004    27.2881    27.2883     88.154     88.341      0.743    1481.46    1481.46  0.000e+00
      17296     89.500     7.3749     7.3751     0.0002    3.55827    3.55830          1     5.9044     5.8983      98.67     0.0267     0.2244  1.000e-12  0.2040000    34.9025    34.9026     0.0001    27.2891    27.2891     88.649     88.836      0.763    1481.45    1481.45  0.000e+00
      17312     90.000     7.3716     7.3713    -0.0003    3.55798    3.55800          1     5.9062     5.9056      98.68     0.0311     0.2161  1.000e-12  0.2136000    34.9023    34.9029     0.0006    27.2894    27.2899     89.145     89.332      0.693    1481.44    1481.44  0.000e+00
      17332     90.500     7.3761     7.3810     0.0049    3.55902    3.55932          1     5.9035     5.9125      98.38     0.0322     0.2086  1.000e-12  0.2201000    34.9089    34.9073    -0.0016    27.2939    27.2919     89.640     89.828      0.506    1481.48    1481.49  0.000e+00
      17366     91.000     7.3561     7.3636     0.0075    3.55737    3.55794          1     5.9089     5.9230      98.14     0.0321     0.2140  1.000e-12  0.2081000    34.9109    34.9096    -0.0013    27.2983    27.2962     90.135     90.323      0.310    1481.41    1481.44  0.000e+00
      17402     91.500     7.3520     7.3522     0.0002    3.55670    3.55677          1     5.9015     5.9221      98.35     0.0363     0.1811  1.000e-12  0.2166000    34.9073    34.9080     0.0006    27.2961    27.2966     90.630     90.819      0.502    1481.40    1481.40  0.000e+00
      17420     92.000     7.3532     7.3533     0.0001    3.55690    3.55695          1     5.9037     5.9192      98.39     0.0367     0.2051  1.000e-12  0.2101000    34.9082    34.9086     0.0004    27.2966    27.2970     91.125     91.315      0.740    1481.41    1481.41  0.000e+00
      17435     92.500     7.3574     7.3581     0.0007    3.55750    3.55760          1     5.9020     5.9158      98.39     0.0331     0.2252  1.000e-12  0.2140000    34.9102    34.9106     0.0004    27.2976    27.2979     91.620     91.811      0.880    1481.44    1481.44  0.000e+00
      17447     93.000     7.3584     7.3581    -0.0003    3.55763    3.55762          1     5.8992     5.9124      98.39     0.0273     0.2242  1.000e-12  0.2281000    34.9104    34.9106     0.0001    27.2977    27.2978     92.115     92.306      0.921    1481.45    1481.45  0.000e+00
      17460     93.500     7.3598     7.3599     0.0000    3.55785    3.55787          1     5.8978     5.9132      98.41     0.0266     0.2226  1.000e-12  0.2286000    34.9111    34.9113     0.0002    27.2980    27.2981     92.610     92.802      0.840    1481.47    1481.47  0.000e+00
      17477     94.000     7.3579     7.3582     0.0003    3.55770    3.55776          1     5.9000     5.9160      98.43     0.0255     0.2366  1.000e-12  0.2277000    34.9112    34.9114     0.0002    27.2984    27.2985     93.106     93.298      0.583    1481.47    1481.47  0.000e+00
      17520     94.500     7.3573     7.3575     0.0002    3.55761    3.55769          1     5.8996     5.9171      98.55     0.0335     0.2156  1.000e-12  0.2165000    34.9105    34.9112     0.0007    27.2979    27.2984     93.601     93.794      0.300    1481.47    1481.47  0.000e+00
      17557     95.000     7.3547     7.3553     0.0006    3.55743    3.55751          1     5.9094     5.9210      98.62     0.0452     0.2180  1.000e-12  0.2023000    34.9110    34.9113     0.0003    27.2986    27.2987     94.096     94.289      0.586    1481.47    1481.48  0.000e+00
      17573     95.500     7.3479     7.3517     0.0037    3.55669    3.55713          1     5.9166     5.9285      98.63     0.0290     0.2273  1.000e-12  0.2102000    34.9095    34.9105     0.0010    27.2984    27.2987     94.591     94.785      0.776    1481.45    1481.47  0.000e+00
      17587     96.000     7.3400     7.3412     0.0012    3.55595    3.55606          1     5.9184     5.9342      98.66     0.0292     0.2391  1.000e-12  0.2130000    34.9091    34.9092     0.0001    27.2993    27.2991     95.086     95.281      0.841    1481.43    1481.43  0.000e+00
      17601     96.500     7.3382     7.3385     0.0003    3.55582    3.55587          1     5.9232     5.9431      98.66     0.0463     0.2334  1.000e-12  0.2228000    34.9092    34.9095     0.0004    27.2996    27.2998     95.581     95.777      0.809    1481.43    1481.43  0.000e+00
      17617     97.000     7.3286     7.3305     0.0020    3.55488    3.55510          1     5.9311     5.9576      98.67     0.0473     0.2220  1.000e-12  0.2218000    34.9085    34.9088     0.0004    27.3004    27.3004     96.076     96.272      0.678    1481.40    1481.41  0.000e+00
      17640     97.500     7.3228     7.3208    -0.0019    3.55436    3.55418          1     5.9349     5.9614      98.67     0.0376     0.1735  1.000e-12  0.2247000    34.9084    34.9084     0.0000    27.3011    27.3014     96.571     96.768      0.415    1481.39    1481.38  0.000e+00
      17683     98.000     7.3268     7.3306     0.0038    3.55506    3.55524          1     5.9367     5.9436      98.70     0.0423     0.2116  1.000e-12  0.2281000    34.9117    34.9098    -0.0019    27.3032    27.3011     97.067     97.264      0.309    1481.41    1481.43  0.000e+00
      17709     98.500     7.3217     7.3221     0.0003    3.55472    3.55478          1     5.9348     5.9532      98.71     0.0474     0.2138  1.000e-12  0.2161000    34.9128    34.9132     0.0004    27.3048    27.3050     97.562     97.760      0.649    1481.40    1481.41  0.000e+00
      17725     99.000     7.3194     7.3189    -0.0005    3.55453    3.55452          1     5.9394     5.9619      98.71     0.0412     0.2059  1.000e-12  0.2326000    34.9129    34.9133     0.0004    27.3052    27.3055     98.057     98.255      0.800    1481.40    1481.40  0.000e+00
      17739     99.500     7.3117     7.3121     0.0004    3.55396    3.55399          1     5.9462     5.9663      98.71     0.0343     0.2071  1.000e-12  0.2338000    34.9142    34.9142    -0.0001    27.3073    27.3072     98.552     98.751      0.806    1481.38    1481.39  0.000e+00
      17755    100.000     7.3109     7.3113     0.0004    3.55399    3.55407          1     5.9553     5.9671      98.71     0.0372     0.1986  1.000e-12  0.2401000    34.9151    34.9156     0.0005    27.3081    27.3084     99.047     99.247      0.646    1481.39    1481.39  0.000e+00
      17784    100.500     7.3137     7.3142     0.0005    3.55428    3.55431          1     5.9500     5.9619      98.71     0.0242     0.2091  1.000e-12  0.2414000    34.9151    34.9150    -0.0002    27.3078    27.3075     99.542     99.742      0.332    1481.41    1481.41  0.000e+00
      17825    101.000     7.3245     7.3212    -0.0032    3.55560    3.55529          1     5.9358     5.9395      98.71     0.0324     0.2232  1.000e-12  0.2339000    34.9184    34.9184    -0.0000    27.3088    27.3092    100.037    100.238      0.436    1481.46    1481.45  0.000e+00
      17846    101.500     7.3291     7.3293     0.0002    3.55624    3.55629          1     5.9243     5.9344      98.71     0.0276     0.2264  1.000e-12  0.2368000    34.9205    34.9209     0.0004    27.3097    27.3101    100.532    100.734      0.666    1481.49    1481.49  0.000e+00
      17862    102.000     7.3307     7.3295    -0.0012    3.55646    3.55633          1     5.9195     5.9431      98.71     0.0267     0.1820  1.000e-12  0.2395000    34.9211    34.9209    -0.0002    27.3100    27.3100    101.028    101.230      0.763    1481.51    1481.50  0.000e+00
      17877    102.500     7.3318     7.3313    -0.0004    3.55663    3.55659          1     5.9192     5.9466      98.71     0.0339     0.1184  1.000e-12  0.2424000    34.9216    34.9216    -0.0000    27.3103    27.3103    101.523    101.725      0.759    1481.52    1481.52  0.000e+00
      17893    103.000     7.3348     7.3341    -0.0007    3.55697    3.55690          1     5.9120     5.9339      98.71     0.0351     0.1897  1.000e-12  0.2408000    34.9220    34.9220     0.0000    27.3101    27.3102    102.018    102.221      0.647    1481.54    1481.54  0.000e+00
      17917    103.500     7.3540     7.3517    -0.0023    3.55882    3.55881          1     5.9041     5.9147      98.71     0.0260     0.2114  1.000e-12  0.2356000    34.9227    34.9248     0.0022    27.3079    27.3099    102.513    102.717      0.403    1481.62    1481.62  0.000e+00
      17965    104.000     7.3616     7.3548    -0.0066    3.56011    3.55947          1     5.8959     5.9022      98.71     0.0458     0.2064  1.000e-12  0.2175000    34.9288    34.9287    -0.0001    27.3116    27.3125    103.008    103.213      0.261    1481.67    1481.64  0.000e+00
      17997    104.500     7.3692     7.3698     0.0006    3.56119    3.56128          1     5.8855     5.8887      98.71     0.0470     0.2069  1.000e-12  0.2186000    34.9326    34.9330     0.0004    27.3136    27.3138    103.503    103.708      0.625    1481.71    1481.71  0.000e+00
      18012    105.000     7.3675     7.3675     0.0000    3.56117    3.56122          1     5.8833     5.8871      98.71     0.0574     0.2071  1.000e-12  0.2278000    34.9339    34.9343     0.0004    27.3148    27.3152    103.998    104.204      0.817    1481.71    1481.71  0.000e+00
      18025    105.500     7.3658     7.3663     0.0005    3.56109    3.56116          1     5.8756     5.8854      98.71     0.0467     0.2385  1.000e-12  0.2491000    34.9345    34.9348     0.0002    27.3156    27.3157    104.493    104.700      0.892    1481.71    1481.72  0.000e+00
      18039    106.000     7.3661     7.3662     0.0002    3.56113    3.56117          1     5.8761     5.8848      98.71     0.0353     0.2437  1.000e-12  0.2703000    34.9344    34.9347     0.0003    27.3154    27.3156    104.988    105.195      0.866    1481.72    1481.73  0.000e+00
      18053    106.500     7.3609     7.3624     0.0014    3.56068    3.56085          1     5.8757     5.8897      98.71     0.0359     0.2235  1.000e-12  0.2479000    34.9345    34.9348     0.0003    27.3162    27.3163    105.483    105.691      0.735    1481.71    1481.72  0.000e+00
      18074    107.000     7.3473     7.3455    -0.0017    3.55964    3.55947          1     5.8815     5.8947      98.71     0.0305     0.2335  1.000e-12  0.2344000    34.9365    34.9365    -0.0000    27.3198    27.3200    105.979    106.187      0.467    1481.67    1481.67  0.000e+00
      18128    107.500     7.3450     7.3438    -0.0012    3.55939    3.55931          1     5.8851     5.8876      98.71     0.0280     0.2197  1.000e-12  0.2260000    34.9359    34.9362     0.0004    27.3196    27.3201    106.474    106.683      0.272    1481.67    1481.67  0.000e+00
      18169    108.000     7.3262     7.3276     0.0015    3.55824    3.55835          1     5.8728     5.8744      98.71     0.0362     0.2215  1.000e-12  0.2228000    34.9422    34.9418    -0.0003    27.3272    27.3268    106.969    107.178      0.581    1481.61    1481.62  0.000e+00
      18185    108.500     7.3264     7.3266     0.0002    3.55858    3.55865          1     5.8666     5.8745      98.71     0.0370     0.2423  1.000e-12  0.2506000    34.9454    34.9459     0.0005    27.3297    27.3301    107.464    107.674      0.819    1481.63    1481.63  0.000e+00
      18198    109.000     7.3311     7.3311     0.0001    3.55926    3.55929          1     5.8646     5.8728      98.71     0.0364     0.2411  1.000e-12  0.2532000    34.9479    34.9481     0.0002    27.3310    27.3312    107.959    108.170      0.944    1481.66    1481.66  0.000e+00
      18210    109.500     7.3376     7.3375    -0.0001    3.56013    3.56013          1     5.8603     5.8625      98.71     0.0375     0.2057  1.000e-12  0.2545000    34.9505    34.9506     0.0001    27.3322    27.3323    108.454    108.666      0.975    1481.69    1481.69  0.000e+00
      18222    110.000     7.3419     7.3420     0.0001    3.56078    3.56080          1     5.8503     5.8524      98.71     0.0377     0.2074  1.000e-12  0.2531000    34.9530    34.9531     0.0000    27.3336    27.3336    108.949    109.161      0.901    1481.72    1481.72  0.000e+00
      18237    110.500     7.3502     7.3505     0.0003    3.56184    3.56189          1     5.8412     5.8500      98.71     0.0256     0.2764  1.000e-12  0.2577000    34.9560    34.9562     0.0002    27.3347    27.3348    109.444    109.657      0.671    1481.77    1481.77  0.000e+00
      18296    111.000     7.3476     7.3494     0.0018    3.56145    3.56164          1     5.8391     5.8440      98.71     0.0327     0.2428  1.000e-12  0.2406000    34.9540    34.9544     0.0004    27.3335    27.3335    109.939    110.153      0.397    1481.76    1481.77  0.000e+00
      18339    111.500     7.3613     7.3602    -0.0011    3.56336    3.56320          1     5.8270     5.8139      98.71     0.0246     0.2315  1.000e-12  0.2270000    34.9608    34.9601    -0.0007    27.3369    27.3365    110.435    110.648      0.859    1481.83    1481.83  0.000e+00
