ctdpy/exports/archive_20191120_135557/received_data/SBE09_0827_20180227_1117_26_01_0326.cnv
* Sea-Bird SBE 9 Data File:
* FileName = D:\CTD_SBE911\DAT\26DA.2018.3.26.hex
* Software Version Seasave V 7.21d
* Temperature SN = 034757
* Conductivity SN = 041844
* Number of Bytes Per Scan = 48
* Number of Voltage Words = 5
* Number of Scans Averaged by the Deck Unit = 1
* NMEA Latitude = 56 08.31 N
* NMEA Longitude = 019 50.99 E
* NMEA UTC (Time) = Feb 27 2018  11:18:17
* NMEA baud rate = 4800
** Ship: DANA
** Average sound velocity: 1428.33 m/s
** True-depth calculation Tue, 02 Apr 2019 12:07:35 +0000
** CTD Python Module SMHI /ver 3-12/ feb 2012 
** LIMS Job: 20182601-0326
** Operator:
** Cruise: 02/2018
# nquan = 26
# nvalues = 108                         
# units = specified
# name 0 = scan: Scan Count
# name 1 = prDM: Pressure, Digiquartz [db]
# name 2 = t090C: Temperature [ITS-90, deg C]
# name 3 = t190C: Temperature, 2 [ITS-90, deg C]
# name 4 = T2-T190C: Temperature Difference, 2 - 1 [ITS-90, deg C]
# name 5 = c0S/m: Conductivity [S/m]
# name 6 = c1S/m: Conductivity, 2 [S/m]
# name 7 = pumps: Pump Status
# name 8 = sbeox1ML/L: Oxygen, SBE 43, 2 [ml/l]
# name 9 = sbeox0ML/L: Oxygen, SBE 43 [ml/l]
# name 10 = altM: Altimeter [m]
# name 11 = chloroflTC0: Chlorophyll, Turner Cyclops [ug/l]
# name 12 = cpar: CPAR/Corrected Irradiance [%]
# name 13 = par: PAR/Irradiance, Biospherical/Lico [µE/(cm^2*s)]
# name 14 = spar: SPAR, Biospherical/Licor
# name 15 = sal00: Salinity, Practical [PSU]
# name 16 = sal11: Salinity, Practical, 2 [PSU]
# name 17 = secS-priS: Salinity, Practical, Difference, 2 - 1 [PSU]
# name 18 = sigma-t00: Density [sigma-t, kg/m^3 ]
# name 19 = sigma-t11: Density, 2 [sigma-t, kg/m^3 ]
# name 20 = depSM: Depth [salt water, m], lat = 56.1385
# name 21 = depFM: Depth [true depth, m], lat = 56.1385
# name 22 = dz/dtM: Descent Rate [m/s], WS = 2
# name 23 = svCM: Sound Velocity [Chen-Millero, m/s]
# name 24 = svCM1: Sound Velocity, 2 [Chen-Millero, m/s]
# name 25 = flag: flag
# span 0 =         17,       5309       
# span 1 =      2.000,     55.500       
# span 2 =     3.2033,     4.3969       
# span 3 =     3.2031,     4.5258       
# span 4 =    -0.0063,     0.1531       
# span 5 =   0.765247,   0.891782       
# span 6 =   0.764476,   0.900392       
# span 7 =          1,          1       
# span 8 =     5.9950,     8.4678       
# span 9 =     5.1584,     8.4086       
# span 10 =       2.29,      10.00      
# span 11 =     0.0110,     0.0176      
# span 12 = -5.245e-09, 6.7698e+00      
# span 13 = -2.258e-08, 3.1071e+01      
# span 14 = 3.2896e+02, 4.5897e+02      
# span 15 =     7.4283,     8.4351      
# span 16 =     7.4208,     8.4898      
# span 17 =    -0.0446,     0.0547      
# span 18 =     5.9198,     6.6930      
# span 19 =     5.9139,     6.7320      
# span 20 =      1.982,     54.987      
# span 21 =      2.025,     56.195      
# span 22 =     -0.220,      1.356      
# span 23 =    1427.71,    1435.23      
# span 24 =    1427.70,    1435.88      
# span 25 = 0.0000e+00, 0.0000e+00      
# interval = decibars: 0.5              
# start_time = Feb 27 2018 11:18:17 [NMEA time, first data scan]
# bad_flag = -9.990e-29
*END*
[from data line 56]
       2736     30.000     3.2185     3.2178    -0.0007    0.76584    0.76511          1     8.4421     8.4034       9.96     0.0121  2.403e-13  1.000e-12  4.161e+02     7.4284     7.4210    -0.0074     5.9199     5.9140     29.725     30.376      0.382    1428.21    1428.20  0.000e+00
       2758     30.500     3.2178     3.2176    -0.0003    0.76583    0.76511          1     8.4444     8.3975       9.96     0.0118  2.402e-13  1.000e-12  4.163e+02     7.4285     7.4210    -0.0075     5.9199     5.9140     30.220     30.883      0.570    1428.22    1428.20  0.000e+00
       2778     31.000     3.2180     3.2179    -0.0001    0.76584    0.76512          1     8.4556     8.3959       9.96     0.0116  2.411e-13  1.000e-12  4.147e+02     7.4284     7.4210    -0.0074     5.9199     5.9140     30.715     31.389      0.578    1428.22    1428.21  0.000e+00
       2805     31.500     3.2185     3.2178    -0.0007    0.76586    0.76513          1     8.4620     8.3978       9.96     0.0112  2.415e-13  1.000e-12  4.141e+02     7.4284     7.4210    -0.0075     5.9199     5.9140     31.211     31.895      0.386    1428.23    1428.22  0.000e+00
       2943     32.000     3.2179     3.2176    -0.0003    0.76585    0.76513          1     8.4386     8.4077       9.96     0.0110  2.450e-13  1.000e-12  4.081e+02     7.4284     7.4210    -0.0074     5.9199     5.9140     31.706     32.401      0.907    1428.24    1428.23  0.000e+00
       2954     32.500     3.2179     3.2178    -0.0002    0.76585    0.76514          1     8.4348     8.4073       9.96     0.0114  2.450e-13  1.000e-12  4.082e+02     7.4284     7.4210    -0.0074     5.9199     5.9140     32.201     32.908      0.902    1428.25    1428.24  0.000e+00
       2967     33.000     3.2181     3.2176    -0.0005    0.76587    0.76514          1     8.4350     8.4058       9.96     0.0111  2.455e-13  1.000e-12  4.073e+02     7.4284     7.4210    -0.0074     5.9199     5.9140     32.697     33.414      0.746    1428.26    1428.24  0.000e+00
       3018     33.500     3.2181     3.2175    -0.0006    0.76587    0.76515          1     8.4483     8.4029       9.96     0.0118  2.470e-13  1.000e-12  4.048e+02     7.4284     7.4210    -0.0074     5.9199     5.9140     33.192     33.920      0.360    1428.26    1428.25  0.000e+00
       3105     34.000     3.2174     3.2171    -0.0003    0.76586    0.76514          1     8.4556     8.4052       9.96     0.0122  2.493e-13  1.000e-12  4.011e+02     7.4283     7.4210    -0.0073     5.9199     5.9140     33.687     34.426      0.287    1428.27    1428.26  0.000e+00
       3151     34.500     3.2172     3.2164    -0.0008    0.76586    0.76514          1     8.4492     8.3977       9.96     0.0120  2.502e-13  1.000e-12  3.996e+02     7.4284     7.4210    -0.0073     5.9199     5.9140     34.183     34.933      0.262    1428.27    1428.26  0.000e+00
       3188     35.000     3.2162     3.2155    -0.0006    0.76584    0.76513          1     8.4600     8.3981       9.96     0.0120  2.513e-13  1.000e-12  3.980e+02     7.4283     7.4210    -0.0073     5.9199     5.9140     34.678     35.439      0.430    1428.28    1428.26  0.000e+00
       3216     35.500     3.2162     3.2167     0.0005    0.76585    0.76515          1     8.4565     8.4023       9.96     0.0121  2.521e-13  1.000e-12  3.967e+02     7.4283     7.4209    -0.0074     5.9199     5.9139     35.174     35.945      0.378    1428.29    1428.28  0.000e+00
       3319     36.000     3.2174     3.2168    -0.0007    0.76589    0.76516          1     8.4558     8.3977       9.96     0.0117  2.539e-13  1.000e-12  3.939e+02     7.4284     7.4209    -0.0074     5.9199     5.9140     35.669     36.452      0.565    1428.30    1428.29  0.000e+00
       3335     36.500     3.2187     3.2190     0.0002    0.76592    0.76521          1     8.4515     8.3991       9.96     0.0122  2.546e-13  1.000e-12  3.928e+02     7.4283     7.4209    -0.0074     5.9198     5.9139     36.164     36.958      0.621    1428.31    1428.31  0.000e+00
       3373     37.000     3.2201     3.2205     0.0004    0.76596    0.76526          1     8.4505     8.3979       9.96     0.0122  2.555e-13  1.000e-12  3.914e+02     7.4284     7.4210    -0.0074     5.9198     5.9139     36.660     37.464      0.372    1428.33    1428.32  0.000e+00
       3450     37.500     3.2216     3.2215    -0.0001    0.76600    0.76529          1     8.4457     8.3971       9.96     0.0119  2.577e-13  1.000e-12  3.880e+02     7.4284     7.4210    -0.0073     5.9198     5.9140     37.155     37.970      0.418    1428.34    1428.33  0.000e+00
       3473     38.000     3.2220     3.2218    -0.0002    0.76602    0.76531          1     8.4617     8.3987       9.96     0.0114  2.580e-13  1.000e-12  3.877e+02     7.4284     7.4211    -0.0073     5.9198     5.9140     37.650     38.477      0.373    1428.35    1428.34  0.000e+00
       3562     38.500     3.2257     3.2253    -0.0003    0.76620    0.76549          1     8.4453     8.3970       9.96     0.0122  2.607e-13  1.000e-12  3.836e+02     7.4294     7.4221    -0.0073     5.9206     5.9148     38.146     38.983      0.252    1428.38    1428.37  0.000e+00
       3606     39.000     3.2254     3.2245    -0.0009    0.76619    0.76546          1     8.4390     8.3935       9.96     0.0112  2.620e-13  1.000e-12  3.817e+02     7.4293     7.4219    -0.0073     5.9205     5.9147     38.641     39.489      0.246    1428.38    1428.37  0.000e+00
       3661     39.500     3.2259     3.2260     0.0001    0.76623    0.76553          1     8.4412     8.3879       9.96     0.0123  2.631e-13  1.000e-12  3.802e+02     7.4295     7.4221    -0.0073     5.9206     5.9148     39.136     39.995      0.364    1428.40    1428.39  0.000e+00
       3683     40.000     3.2267     3.2262    -0.0005    0.76626    0.76555          1     8.4444     8.3914       9.95     0.0119  2.646e-13  1.000e-12  3.780e+02     7.4296     7.4223    -0.0074     5.9208     5.9149     39.632     40.502      0.538    1428.41    1428.39  0.000e+00
       3718     40.500     3.2262     3.2257    -0.0005    0.76626    0.76555          1     8.4520     8.3968       9.96     0.0120  2.650e-13  1.000e-12  3.773e+02     7.4296     7.4223    -0.0073     5.9207     5.9149     40.127     41.008      0.398    1428.41    1428.40  0.000e+00
       3837     41.000     3.2220     3.2219    -0.0001    0.76612    0.76542          1     8.4462     8.4027       9.96     0.0116  2.676e-13  1.000e-12  3.736e+02     7.4291     7.4218    -0.0073     5.9204     5.9146     40.622     41.514      0.595    1428.40    1428.39  0.000e+00
       3854     41.500     3.2230     3.2231     0.0002    0.76616    0.76547          1     8.4495     8.4052       9.96     0.0118  2.683e-13  1.000e-12  3.727e+02     7.4292     7.4219    -0.0072     5.9205     5.9147     41.118     42.021      0.597    1428.41    1428.40  0.000e+00
       3878     42.000     3.2239     3.2237    -0.0003    0.76620    0.76550          1     8.4464     8.3977       9.96     0.0121  2.690e-13  1.000e-12  3.717e+02     7.4293     7.4220    -0.0073     5.9205     5.9148     41.613     42.527      0.383    1428.43    1428.41  0.000e+00
       4002     42.500     3.2187     3.2180    -0.0007    0.76604    0.76531          1     8.4580     8.4038       9.95     0.0121  2.727e-13  1.000e-12  3.667e+02     7.4287     7.4214    -0.0074     5.9201     5.9143     42.108     43.033      0.319    1428.41    1428.40  0.000e+00
       4024     43.000     3.2232     3.2236     0.0004    0.76621    0.76551          1     8.4443     8.3990       9.95     0.0122  2.736e-13  1.000e-12  3.656e+02     7.4294     7.4221    -0.0074     5.9207     5.9148     42.604     43.539      0.477    1428.44    1428.43  0.000e+00
       4051     43.500     3.2250     3.2254     0.0004    0.76629    0.76561          1     8.4420     8.4020       9.95     0.0122  2.741e-13  1.000e-12  3.648e+02     7.4298     7.4226    -0.0072     5.9209     5.9152     43.099     44.046      0.342    1428.45    1428.45  0.000e+00
       4143     44.000     3.2245     3.2221    -0.0024    0.76626    0.76554          1     8.4487     8.3904       9.95     0.0122  2.768e-13  1.000e-12  3.613e+02     7.4295     7.4226    -0.0070     5.9207     5.9152     43.594     44.552      0.252    1428.46    1428.44  0.000e+00
       4188     44.500     3.2258     3.2262     0.0004    0.76634    0.76560          1     8.4483     8.3952       9.95     0.0121  2.782e-13  1.000e-12  3.595e+02     7.4300     7.4222    -0.0077     5.9210     5.9149     44.090     45.058      0.307    1428.47    1428.47  0.000e+00
       4231     45.000     3.2297     3.2234    -0.0063    0.76646    0.76560          1     8.4346     8.3876       9.95     0.0120  2.797e-13  1.000e-12  3.575e+02     7.4302     7.4227    -0.0075     5.9212     5.9153     44.585     45.564      0.244    1428.50    1428.46  0.000e+00
       4293     45.500     3.2204     3.2177    -0.0027    0.76612    0.76536          1     8.4334     8.3982       9.95     0.0123  2.813e-13  1.000e-12  3.555e+02     7.4287     7.4215    -0.0073     5.9201     5.9144     45.080     46.071      0.191    1428.46    1428.44  0.000e+00
       4348     46.000     3.2196     3.2201     0.0005    0.76611    0.76543          1     8.4468     8.3967       9.96     0.0122  2.828e-13  1.000e-12  3.536e+02     7.4288     7.4216    -0.0072     5.9202     5.9145     45.576     46.577      0.303    1428.47    1428.46  0.000e+00
       4388     46.500     3.2208     3.2204    -0.0005    0.76615    0.76546          1     8.4352     8.3964       9.96     0.0121  2.842e-13  1.000e-12  3.519e+02     7.4289     7.4218    -0.0071     5.9203     5.9146     46.071     47.083      0.245    1428.48    1428.47  0.000e+00
       4456     47.000     3.2206     3.2213     0.0007    0.76617    0.76550          1     8.4492     8.3937       9.95     0.0122  2.856e-13  1.000e-12  3.501e+02     7.4290     7.4220    -0.0071     5.9204     5.9147     46.566     47.590      0.216    1428.49    1428.48  0.000e+00
       4508     47.500     3.2221     3.2207    -0.0014    0.76623    0.76552          1     8.4435     8.3957       9.95     0.0121  2.865e-13  1.000e-12  3.490e+02     7.4293     7.4222    -0.0071     5.9205     5.9149     47.062     48.096      0.223    1428.50    1428.49  0.000e+00
       4571     48.000     3.2195     3.2162    -0.0033    0.76614    0.76535          1     8.4406     8.4001       9.95     0.0120  2.881e-13  1.000e-12  3.471e+02     7.4289     7.4215    -0.0074     5.9203     5.9144     47.557     48.602      0.276    1428.50    1428.47  0.000e+00
       4605     48.500     3.2173     3.2160    -0.0013    0.76608    0.76536          1     8.4524     8.4028       9.74     0.0116  2.896e-13  1.000e-12  3.452e+02     7.4286     7.4214    -0.0072     5.9201     5.9144     48.052     49.108      0.528    1428.50    1428.48  0.000e+00
       4625     49.000     3.2184     3.2188     0.0004    0.76613    0.76544          1     8.4558     8.4036       9.26     0.0118  2.896e-13  1.000e-12  3.452e+02     7.4289     7.4216    -0.0073     5.9203     5.9145     48.548     49.615      0.528    1428.51    1428.50  0.000e+00
       4684     49.500     3.2225     3.2206    -0.0019    0.76626    0.76554          1     8.4351     8.3980       8.75     0.0119  2.911e-13  1.000e-12  3.435e+02     7.4293     7.4222    -0.0071     5.9205     5.9149     49.043     50.121      0.474    1428.54    1428.52  0.000e+00
       4764     50.000     3.2294     3.2276    -0.0018    0.76652    0.76575          1     8.4117     8.3920       8.35     0.0119  2.930e-13  1.000e-12  3.412e+02     7.4302     7.4227    -0.0075     5.9212     5.9152     49.538     50.627      0.936    1428.58    1428.56  0.000e+00
       4778     50.500     3.2283     3.2347     0.0064    0.76650    0.76595          1     8.4118     8.3916       7.76     0.0114  2.931e-13  1.000e-12  3.412e+02     7.4303     7.4230    -0.0073     5.9213     5.9154     50.034     51.133      0.894    1428.58    1428.60  0.000e+00
       4793     51.000     3.2326     3.2438     0.0112    0.76672    0.76640          1     8.4118     8.3803       7.18     0.0120  2.943e-13  1.000e-12  3.398e+02     7.4314     7.4256    -0.0059     5.9221     5.9173     50.529     51.640      0.603    1428.61    1428.65  0.000e+00
       4904     51.500     3.2453     3.2471     0.0018    0.76733    0.76668          1     8.4033     8.3667       6.72     0.0119  2.964e-13  1.000e-12  3.374e+02     7.4348     7.4276    -0.0072     5.9246     5.9189     51.024     52.146      0.707    1428.68    1428.68  0.000e+00
       4936     52.000     3.2464     3.2483     0.0019    0.76740    0.76675          1     8.3983     8.3690       6.12     0.0121  2.983e-13  1.000e-12  3.352e+02     7.4352     7.4280    -0.0072     5.9249     5.9192     51.520     52.652      0.699    1428.69    1428.69  0.000e+00
       4997     52.500     3.2486     3.2484    -0.0002    0.76760    0.76690          1     8.3909     8.3640       5.59     0.0122  2.992e-13  1.000e-12  3.343e+02     7.4367     7.4295    -0.0072     5.9261     5.9204     52.015     53.158      0.523    1428.71    1428.70  0.000e+00
       5070     53.000     3.2482     3.2498     0.0016    0.76768    0.76690          1     8.3875     8.3676       5.10     0.0121  3.002e-13  1.000e-12  3.331e+02     7.4376     7.4291    -0.0085     5.9268     5.9201     52.510     53.665      0.856    1428.72    1428.72  0.000e+00
       5085     53.500     3.2511     3.2559     0.0048    0.76780    0.76723          1     8.4038     8.3653       4.53     0.0120  3.003e-13  1.000e-12  3.331e+02     7.4381     7.4311    -0.0069     5.9272     5.9215     53.006     54.171      0.710    1428.74    1428.75  0.000e+00
       5160     54.000     3.3487     3.4279     0.0792    0.77751    0.77913          1     8.2851     8.1371       3.91     0.0122  3.017e-13  1.000e-12  3.315e+02     7.5162     7.5144    -0.0018     5.9879     5.9852     53.501     54.677      0.400    1429.30    1429.66  0.000e+00
       5241     54.500     3.7494     3.9029     0.1531    0.82177    0.82257          1     7.9161     7.1968       3.38     0.0122  3.025e-13  1.000e-12  3.306e+02     7.8783     7.8499    -0.0283     6.2684     6.2425     53.996     55.183      0.471    1431.59    1432.25  0.000e+00
       5264     55.000     4.1570     4.2232     0.0663    0.86231    0.85956          1     7.3218     6.2020       2.88     0.0124  3.039e-13  1.000e-12  3.291e+02     8.1946     8.1500    -0.0446     6.5095     6.4722     54.492     55.689      0.452    1433.84    1434.08  0.000e+00
       5309     55.500     4.3969     4.5258     0.1291    0.89178    0.90039          1     5.9950     5.1584       2.29     0.0132  3.040e-13  1.000e-12  3.290e+02     8.4351     8.4898     0.0547     6.6930     6.7320     54.987     56.195     -0.220    1435.23    1435.88  0.000e+00
