ctdpy/exports/archive_20191120_135557/received_data/SBE09_1044_20180527_0632_34_07_0032.cnv
* Sea-Bird SBE 9 Data File:
* FileName = C:\ctd\temp\2018\AU18D032.hex
* Software Version Seasave V 7.26.6.26
* Temperature SN = 5351
* Conductivity SN = 3941
* Number of Bytes Per Scan = 41
* Number of Voltage Words = 4
* Number of Scans Averaged by the Deck Unit = 1
* NMEA Latitude = 58 17.06 N
* NMEA Longitude = 010 30.28 E
* NMEA UTC (Time) = May 27 2018  06:32:43
* NMEA baud rate = 4800
** Station:  Å17
** Operator:  JKro
** Ship: AURA
** Average sound velocity: 1478.52 m/s
** True-depth calculation Sun, 27 May 2018 10:25:28 +0000
** CTD Python Module SMHI /ver 3-12/ feb 2012 
** LIMS Job: 20183407-0032
** Cruise: SMHI-02-2018
** Latitude [GG MM.mm N] :
** Longitude [GG MM.mm E]:
# nquan = 26
# nvalues = 699                         
# units = specified
# name 0 = scan: Scan Count
# name 1 = prDM: Pressure, Digiquartz [db]
# name 2 = t090C: Temperature [ITS-90, deg C]
# name 3 = t190C: Temperature, 2 [ITS-90, deg C]
# name 4 = T2-T190C: Temperature Difference, 2 - 1 [ITS-90, deg C]
# name 5 = c0S/m: Conductivity [S/m]
# name 6 = c1S/m: Conductivity, 2 [S/m]
# name 7 = pumps: Pump Status
# name 8 = sbeox0ML/L: Oxygen, SBE 43 [ml/l]
# name 9 = sbeox1ML/L: Oxygen, SBE 43, 2 [ml/l]
# name 10 = altM: Altimeter [m]
# name 11 = flECO-AFL: Chl-a Fluorescence, WET Labs ECO-AFL/FL [mg/m^3]
# name 12 = flECO-AFL1: Phycocyanin Fluorescence, WET Labs ECO-AFL/FL, 2 [mg/m^3]
# name 13 = par: PAR/Irradiance, Biospherical/Lico [µE/(cm^2*s)]
# name 14 = turbWETntu0: Turbidity, WET Labs ECO [NTU]
# name 15 = sal00: Salinity, Practical [PSU]
# name 16 = sal11: Salinity, Practical, 2 [PSU]
# name 17 = secS-priS: Salinity, Practical, Difference, 2 - 1 [PSU]
# name 18 = sigma-t00: Density [sigma-t, Kg/m^3 ]
# name 19 = sigma-t11: Density, 2 [sigma-t, Kg/m^3 ]
# name 20 = depSM: Depth [salt water, m], lat = 58.2843
# name 21 = depFM: Depth [true depth, m], lat = 58.2843
# name 22 = dz/dtM: Descent Rate [m/s], WS = 2
# name 23 = svCM: Sound Velocity [Chen-Millero, m/s]
# name 24 = svCM1: Sound Velocity, 2 [Chen-Millero, m/s]
# name 25 = flag: flag
# span 0 =      16318,      35060       
# span 1 =      1.000,    350.000       
# span 2 =     5.7123,    18.8329       
# span 3 =     5.7135,    18.8321       
# span 4 =    -0.0848,     0.9023       
# span 5 =   3.427441,   3.592765       
# span 6 =   3.427505,   3.597750       
# span 7 =          1,          1       
# span 8 =    5.98021,    8.32960       
# span 9 =    5.94338,    8.21008       
# span 10 =       3.85,      99.12      
# span 11 =     0.0284,     3.8110      
# span 12 =     0.1515,     0.4955      
# span 13 = 1.0000e-12, 7.0029e+02      
# span 14 =     0.1488,     0.9217      
# span 15 =    26.0045,    35.1034      
# span 16 =    26.0501,    35.1023      
# span 17 =    -0.6362,     0.1300      
# span 18 =    18.2012,    27.6707      
# span 19 =    18.2364,    27.6696      
# span 20 =      0.991,    346.455      
# span 21 =      1.000,    346.982      
# span 22 =      0.040,      0.613      
# span 23 =    1476.78,    1508.12      
# span 24 =    1476.78,    1508.18      
# span 25 = 0.0000e+00, 0.0000e+00      
# interval = decibars: 0.5              
# start_time = May 27 2018 06:32:43 [NMEA time, first data scan]
# bad_flag = -9.990e-29
*END*
[from data line 669]
      33135    335.500     5.7137     5.7150     0.0013    3.43472    3.43476          1     6.2449     6.1728      18.51     0.0541     0.2012  1.000e-12  0.5534000    35.1024    35.1014    -0.0010    27.6700    27.6691    332.114    332.611      0.447    1479.24    1479.24  0.000e+00
      33160    336.000     5.7146     5.7160     0.0014    3.43481    3.43487          1     6.2510     6.1846      18.20     0.1043     0.2400  1.000e-12  0.4389000    35.1022    35.1014    -0.0008    27.6698    27.6689    332.608    333.106      0.508    1479.25    1479.26  0.000e+00
      33183    336.500     5.7147     5.7164     0.0017    3.43485    3.43492          1     6.2602     6.1974      17.66     0.0637     0.2235  1.000e-12  0.4188000    35.1022    35.1012    -0.0010    27.6698    27.6688    333.103    333.602      0.522    1479.26    1479.27  0.000e+00
      33206    337.000     5.7146     5.7162     0.0016    3.43487    3.43492          1     6.2617     6.1952      17.12     0.0854     0.1671  1.000e-12  0.4295000    35.1023    35.1013    -0.0010    27.6699    27.6689    333.597    334.098      0.475    1479.27    1479.28  0.000e+00
      33234    337.500     5.7150     5.7164     0.0014    3.43492    3.43497          1     6.2642     6.1874      16.54     0.0461     0.2063  1.000e-12  0.4273000    35.1022    35.1013    -0.0009    27.6697    27.6689    334.092    334.593      0.405    1479.28    1479.28  0.000e+00
      33265    338.000     5.7157     5.7172     0.0015    3.43499    3.43504          1     6.2522     6.1891      15.95     0.0516     0.1971  1.000e-12  0.4493000    35.1021    35.1011    -0.0010    27.6695    27.6685    334.586    335.089      0.390    1479.29    1479.30  0.000e+00
      33294    338.500     5.7156     5.7169     0.0013    3.43501    3.43505          1     6.2539     6.1860      15.50     0.0685     0.1826  1.000e-12  0.4599000    35.1020    35.1011    -0.0010    27.6695    27.6686    335.081    335.584      0.460    1479.30    1479.30  0.000e+00
      33318    339.000     5.7151     5.7168     0.0017    3.43498    3.43505          1     6.2585     6.1777      15.14     0.0612     0.1970  1.000e-12  0.7049000    35.1020    35.1010    -0.0011    27.6696    27.6685    335.575    336.080      0.518    1479.30    1479.31  0.000e+00
      33341    339.500     5.7148     5.7164     0.0016    3.43499    3.43505          1     6.2581     6.1731      14.61     0.0613     0.2033  1.000e-12  0.9217000    35.1022    35.1011    -0.0010    27.6697    27.6687    336.070    336.575      0.499    1479.31    1479.32  0.000e+00
      33367    340.000     5.7149     5.7166     0.0017    3.43502    3.43507          1     6.2627     6.1857      14.08     0.0666     0.2054  1.000e-12  0.4146000    35.1021    35.1010    -0.0011    27.6697    27.6686    336.564    337.071      0.430    1479.32    1479.33  0.000e+00
      33397    340.500     5.7151     5.7168     0.0017    3.43505    3.43513          1     6.2739     6.1923      13.53     0.0879     0.2358  1.000e-12  0.4340000    35.1021    35.1012    -0.0008    27.6696    27.6687    337.059    337.566      0.404    1479.33    1479.34  0.000e+00
      33425    341.000     5.7155     5.7169     0.0014    3.43511    3.43516          1     6.2676     6.1989      13.04     0.0865     0.2313  1.000e-12  0.4145000    35.1020    35.1012    -0.0009    27.6695    27.6687    337.554    338.062      0.456    1479.34    1479.34  0.000e+00
      33450    341.500     5.7156     5.7170     0.0015    3.43513    3.43518          1     6.2589     6.1982      12.57     0.0863     0.2431  1.000e-12  0.4019000    35.1020    35.1009    -0.0010    27.6695    27.6685    338.048    338.558      0.498    1479.35    1479.35  0.000e+00
      33474    342.000     5.7154     5.7167     0.0013    3.43514    3.43519          1     6.2593     6.1894      12.09     0.0770     0.2478  1.000e-12  0.4141000    35.1020    35.1012    -0.0008    27.6695    27.6687    338.543    339.053      0.494    1479.35    1479.36  0.000e+00
      33499    342.500     5.7149     5.7160     0.0011    3.43517    3.43520          1     6.2543     6.1851      11.55     0.0686     0.2466  1.000e-12  0.4274000    35.1025    35.1017    -0.0008    27.6700    27.6692    339.037    339.549      0.457    1479.36    1479.37  0.000e+00
      33527    343.000     5.7138     5.7150     0.0012    3.43512    3.43514          1     6.2542     6.1795      11.03     0.0741     0.1735  1.000e-12  0.4172000    35.1028    35.1019    -0.0009    27.6703    27.6695    339.532    340.044      0.415    1479.37    1479.37  0.000e+00
      33556    343.500     5.7133     5.7147     0.0015    3.43509    3.43515          1     6.2500     6.1716      10.52     0.0797     0.2465  1.000e-12  0.4402000    35.1029    35.1020    -0.0009    27.6705    27.6696    340.026    340.540      0.413    1479.37    1479.38  0.000e+00
      33585    344.000     5.7135     5.7151     0.0016    3.43515    3.43521          1     6.2552     6.1785      10.02     0.0779     0.2177  1.000e-12  0.5237000    35.1031    35.1021    -0.0010    27.6706    27.6696    340.521    341.035      0.400    1479.38    1479.39  0.000e+00
      33617    344.500     5.7135     5.7151     0.0015    3.43518    3.43523          1     6.2599     6.1762       9.50     0.0981     0.2201  1.000e-12  0.4151000    35.1030    35.1020    -0.0010    27.6706    27.6696    341.015    341.531      0.366    1479.39    1479.39  0.000e+00
      33652    345.000     5.7134     5.7150     0.0015    3.43519    3.43524          1     6.2578     6.1756       8.97     0.0739     0.2187  1.000e-12  0.4370000    35.1030    35.1021    -0.0010    27.6706    27.6696    341.510    342.026      0.309    1479.40    1479.40  0.000e+00
      33695    345.500     5.7136     5.7152     0.0016    3.43522    3.43527          1     6.2572     6.1865       8.43     0.0713     0.2288  1.000e-12  0.5691000    35.1030    35.1019    -0.0011    27.6705    27.6694    342.004    342.522      0.274    1479.41    1479.41  0.000e+00
      33737    346.000     5.7149     5.7157     0.0008    3.43539    3.43537          1     6.2471     6.1793       7.95     0.0741     0.1947  1.000e-12  0.4095000    35.1033    35.1022    -0.0011    27.6706    27.6696    342.499    343.018      0.294    1479.42    1479.42  0.000e+00
      33778    346.500     5.7150     5.7166     0.0016    3.43543    3.43549          1     6.2454     6.1718       7.45     0.0751     0.2054  1.000e-12  0.4864000    35.1034    35.1023    -0.0010    27.6706    27.6696    342.993    343.513      0.274    1479.43    1479.43  0.000e+00
      33825    347.000     5.7149     5.7166     0.0017    3.43544    3.43551          1     6.2418     6.1827       6.92     0.0886     0.1953  1.000e-12  0.4025000    35.1034    35.1023    -0.0010    27.6707    27.6696    343.488    344.009      0.253    1479.44    1479.44  0.000e+00
      33871    347.500     5.7149     5.7163     0.0014    3.43546    3.43550          1     6.2461     6.1879       6.44     0.0812     0.2185  1.000e-12  0.3992000    35.1033    35.1023    -0.0010    27.6706    27.6696    343.982    344.504      0.269    1479.44    1479.45  0.000e+00
      33915    348.000     5.7141     5.7158     0.0017    3.43538    3.43545          1     6.2352     6.1859       5.94     0.0715     0.2279  1.000e-12  0.4011000    35.1030    35.1020    -0.0010    27.6705    27.6695    344.477    345.000      0.277    1479.45    1479.46  0.000e+00
      33960    348.500     5.7139     5.7154     0.0015    3.43539    3.43543          1     6.2488     6.1835       5.41     0.0662     0.2393  1.000e-12  0.4222000    35.1030    35.1020    -0.0010    27.6705    27.6695    344.971    345.495      0.246    1479.46    1479.46  0.000e+00
      34012    349.000     5.7140     5.7156     0.0015    3.43542    3.43547          1     6.2507     6.1789       4.91     0.0976     0.2552  1.000e-12  0.5013000    35.1030    35.1019    -0.0011    27.6705    27.6694    345.466    345.991      0.231    1479.47    1479.47  0.000e+00
      34060    349.500     5.7144     5.7158     0.0014    3.43548    3.43552          1     6.2560     6.1733       4.44     0.0750     0.2352  1.000e-12  0.4440000    35.1030    35.1020    -0.0010    27.6704    27.6694    345.961    346.486      0.269    1479.48    1479.48  0.000e+00
      35060    350.000     5.7147     5.7164     0.0017    3.43553    3.43561          1     6.2563     6.1838       3.85     0.0668     0.2093  1.000e-12  0.6385000    35.1030    35.1021    -0.0009    27.6704    27.6695    346.455    346.982      0.040    1479.48    1479.49  0.000e+00
