ctdpy/exports/archive_20191120_135557/received_data/SBE09_1044_20180128_1802_34_02_0026.cnv
* Sea-Bird SBE 9 Data File:
* FileName = C:\ctd\temp\2018\ME18D026.hex
* Software Version Seasave V 7.26.6.26
* Temperature SN = 5351
* Conductivity SN = 3941
* Number of Bytes Per Scan = 41
* Number of Voltage Words = 4
* Number of Scans Averaged by the Deck Unit = 1
* NMEA Latitude = 57 18.74 N
* NMEA Longitude = 020 04.60 E
* NMEA UTC (Time) = Jan 28 2018  18:03:25
* NMEA baud rate = 4800
** Station:  BY15
** Operator:  SSip
** Ship: MERI
** Average sound velocity: 1446.49 m/s
** True-depth calculation Sun, 28 Jan 2018 19:18:37 +0000
** CTD Python Module SMHI /ver 3-12/ feb 2012 
** LIMS Job: 20183402-0026
** Cruise: SMHI-01-2018
** Latitude [GG MM.mm N] :
** Longitude [GG MM.mm E]:
# nquan = 26
# nvalues = 465                         
# units = specified
# name 0 = scan: Scan Count
# name 1 = prDM: Pressure, Digiquartz [db]
# name 2 = t090C: Temperature [ITS-90, deg C]
# name 3 = t190C: Temperature, 2 [ITS-90, deg C]
# name 4 = T2-T190C: Temperature Difference, 2 - 1 [ITS-90, deg C]
# name 5 = c0S/m: Conductivity [S/m]
# name 6 = c1S/m: Conductivity, 2 [S/m]
# name 7 = pumps: Pump Status
# name 8 = sbeox0ML/L: Oxygen, SBE 43 [ml/l]
# name 9 = sbeox1ML/L: Oxygen, SBE 43, 2 [ml/l]
# name 10 = altM: Altimeter [m]
# name 11 = flECO-AFL: Chl-a Fluorescence, WET Labs ECO-AFL/FL [mg/m^3]
# name 12 = flECO-AFL1: Phycocyanin Fluorescence, WET Labs ECO-AFL/FL, 2 [mg/m^3]
# name 13 = par: PAR/Irradiance, Biospherical/Lico [µE/(cm^2*s)]
# name 14 = turbWETntu0: Turbidity, WET Labs ECO [NTU]
# name 15 = sal00: Salinity, Practical [PSU]
# name 16 = sal11: Salinity, Practical, 2 [PSU]
# name 17 = secS-priS: Salinity, Practical, Difference, 2 - 1 [PSU]
# name 18 = sigma-t00: Density [sigma-t, Kg/m^3 ]
# name 19 = sigma-t11: Density, 2 [sigma-t, Kg/m^3 ]
# name 20 = depSM: Depth [salt water, m], lat = 57.3123
# name 21 = depFM: Depth [true depth, m], lat = 57.3123
# name 22 = dz/dtM: Descent Rate [m/s], WS = 2
# name 23 = svCM: Sound Velocity [Chen-Millero, m/s]
# name 24 = svCM1: Sound Velocity, 2 [Chen-Millero, m/s]
# name 25 = flag: flag
# span 0 =       8571,      18857       
# span 1 =      3.000,    235.000       
# span 2 =     4.7329,     6.9138       
# span 3 =     4.7335,     6.9144       
# span 4 =    -0.0249,     0.0269       
# span 5 =   0.792576,   1.460225       
# span 6 =   0.792560,   1.460202       
# span 7 =          1,          1       
# span 8 =    0.00586,    8.06290       
# span 9 =    0.02434,    8.02762       
# span 10 =       3.86,      99.62      
# span 11 =     0.2472,     0.3881      
# span 12 =     0.2390,     0.3916      
# span 13 = -1.000e-05, 1.4396e-02      
# span 14 =     0.1002,     0.6997      
# span 15 =     7.3599,    13.2953      
# span 16 =     7.3595,    13.2948      
# span 17 =    -0.0611,     0.0498      
# span 18 =     5.8285,    10.3774      
# span 19 =     5.8281,    10.3770      
# span 20 =      2.972,    232.703      
# span 21 =      3.038,    237.340      
# span 22 =     -0.033,      1.522      
# span 23 =    1434.57,    1455.05      
# span 24 =    1434.57,    1455.05      
# span 25 = 0.0000e+00, 0.0000e+00      
# interval = decibars: 0.5              
# start_time = Jan 28 2018 18:03:26 [NMEA time, first data scan]
# bad_flag = -9.990e-29
*END*
[from data line 279]
      14516    142.500     6.7607     6.7610     0.0002    1.38835    1.38827          1     0.1809     0.2209      98.66     0.2735     0.3151  1.000e-12  0.1433000    12.6618    12.6609    -0.0009     9.8927     9.8920    141.139    144.078      0.710    1452.13    1452.13  0.000e+00
      14587    143.000     6.7584     6.7590     0.0006    1.38773    1.38796          1     0.1902     0.2228      98.35     0.2673     0.2497  1.000e-12  0.1179000    12.6565    12.6585     0.0020     9.8887     9.8902    141.634    144.582      0.301    1452.12    1452.13  0.000e+00
      14628    143.500     6.7588     6.7633     0.0045    1.38812    1.38943          1     0.1496     0.1961      98.00     0.2509     0.2421  1.000e-12  0.1136000    12.6601    12.6713     0.0112     9.8915     9.8999    142.129    145.086      0.597    1452.14    1452.17  0.000e+00
      14645    144.000     6.7710     6.7717     0.0007    1.39198    1.39203          1     0.1271     0.1766      97.61     0.2727     0.2652  1.000e-12  0.1429000    12.6936    12.6938     0.0002     9.9168     9.9169    142.624    145.591      0.766    1452.24    1452.24  0.000e+00
      14660    144.500     6.7776     6.7783     0.0007    1.39369    1.39372          1     0.1239     0.1707      97.19     0.2681     0.2738  1.000e-12  0.1502000    12.7080    12.7080    -0.0000     9.9276     9.9275    143.119    146.095      0.875    1452.29    1452.30  0.000e+00
      14673    145.000     6.7796     6.7801     0.0005    1.39415    1.39413          1     0.1297     0.1702      96.81     0.2603     0.2707  1.000e-12  0.1599000    12.7116    12.7113    -0.0003     9.9303     9.9300    143.614    146.599      0.946    1452.31    1452.32  0.000e+00
      14685    145.500     6.7824     6.7829     0.0004    1.39491    1.39488          1     0.1347     0.1709      96.35     0.2603     0.2743  1.000e-12  0.1568000    12.7180    12.7176    -0.0005     9.9351     9.9347    144.109    147.103      0.976    1452.34    1452.34  0.000e+00
      14697    146.000     6.7839     6.7845     0.0006    1.39561    1.39558          1     0.1373     0.1707      95.86     0.2603     0.2719  1.000e-12  0.1543000    12.7243    12.7238    -0.0005     9.9399     9.9394    144.604    147.608      0.961    1452.36    1452.36  0.000e+00
      14709    146.500     6.7853     6.7858     0.0005    1.39625    1.39622          1     0.1419     0.1701      95.34     0.2648     0.3004  1.000e-12  0.1500000    12.7300    12.7296    -0.0004     9.9442     9.9439    145.099    148.112      0.881    1452.38    1452.39  0.000e+00
      14724    147.000     6.7870     6.7875     0.0005    1.39691    1.39688          1     0.1436     0.1726      94.82     0.2728     0.3009  1.000e-12  0.1432000    12.7358    12.7353    -0.0006     9.9487     9.9482    145.594    148.616      0.695    1452.41    1452.41  0.000e+00
      14772    147.500     6.7890     6.7895     0.0004    1.39755    1.39750          1     0.1435     0.1741      95.67     0.2718     0.3042  1.000e-12  0.1522000    12.7413    12.7406    -0.0006     9.9528     9.9523    146.089    149.120      0.363    1452.43    1452.43  0.000e+00
      14831    148.000     6.7918     6.7921     0.0003    1.39815    1.39811          1     0.1426     0.1670      93.30     0.2483     0.3094  1.000e-12  0.1416000    12.7461    12.7456    -0.0005     9.9564     9.9559    146.584    149.625      0.668    1452.45    1452.46  0.000e+00
      14844    148.500     6.7936     6.7940     0.0004    1.39889    1.39885          1     0.1330     0.1575      93.08     0.2707     0.2603  1.000e-12  0.1373000    12.7526    12.7521    -0.0006     9.9613     9.9609    147.079    150.129      0.917    1452.48    1452.48  0.000e+00
      14856    149.000     6.7960     6.7965     0.0005    1.39996    1.39993          1     0.1120     0.1437      92.67     0.2725     0.2652  1.000e-12  0.1356000    12.7622    12.7617    -0.0005     9.9687     9.9682    147.574    150.633      1.042    1452.51    1452.51  0.000e+00
      14867    149.500     6.7972     6.7977     0.0006    1.40060    1.40055          1     0.0891     0.1243      92.28     0.2811     0.2886  1.000e-12  0.1402000    12.7679    12.7673    -0.0007     9.9731     9.9725    148.069    151.137      1.082    1452.53    1452.53  0.000e+00
      14877    150.000     6.7994     6.7998     0.0004    1.40167    1.40165          1     0.0647     0.1044      92.12     0.2857     0.2885  1.000e-12  0.1433000    12.7777    12.7772    -0.0004     9.9805     9.9802    148.564    151.642      1.044    1452.56    1452.56  0.000e+00
      14889    150.500     6.8018     6.8023     0.0005    1.40259    1.40255          1     0.0483     0.0927      91.44     0.2688     0.2523  1.000e-12  0.1705000    12.7857    12.7852    -0.0005     9.9866     9.9862    149.060    152.146      0.926    1452.59    1452.59  0.000e+00
      14904    151.000     6.8041     6.8045     0.0004    1.40343    1.40340          1     0.0464     0.0894      90.78     0.2489     0.2469  1.000e-12  0.2018000    12.7931    12.7926    -0.0005     9.9923     9.9919    149.555    152.650      0.712    1452.61    1452.61  0.000e+00
      14927    151.500     6.8051     6.8053     0.0002    1.40383    1.40379          1     0.0570     0.0931      90.25     0.2946     0.2998  1.000e-12  0.2158000    12.7966    12.7960    -0.0005     9.9949     9.9945    150.050    153.154      0.361    1452.63    1452.63  0.000e+00
      14984    152.000     6.8056     6.8055    -0.0001    1.40410    1.40376          1     0.0724     0.1018      89.08     0.2818     0.3006  1.000e-12  0.2080000    12.7989    12.7956    -0.0033     9.9967     9.9941    150.545    153.659      0.322    1452.64    1452.64  0.000e+00
      15008    152.500     6.8076     6.8080     0.0004    1.40468    1.40463          1     0.0771     0.1042      88.80     0.2724     0.2631  1.000e-12  0.2460000    12.8038    12.8032    -0.0006    10.0004     9.9999    151.040    154.163      0.653    1452.67    1452.67  0.000e+00
      15024    153.000     6.8095     6.8098     0.0004    1.40544    1.40540          1     0.0765     0.1012      88.54     0.2839     0.2875  1.000e-12  0.1726000    12.8105    12.8100    -0.0005    10.0055    10.0051    151.535    154.667      0.791    1452.69    1452.69  0.000e+00
      15038    153.500     6.8107     6.8111     0.0004    1.40588    1.40585          1     0.0702     0.0970      88.12     0.2847     0.2846  1.000e-12  0.1681000    12.8143    12.8139    -0.0005    10.0084    10.0080    152.030    155.171      0.798    1452.71    1452.71  0.000e+00
      15054    154.000     6.8118     6.8120     0.0003    1.40630    1.40626          1     0.0647     0.0951      87.64     0.2847     0.2630  1.000e-12  0.1721000    12.8179    12.8174    -0.0005    10.0112    10.0107    152.525    155.675      0.683    1452.72    1452.72  0.000e+00
      15075    154.500     6.8129     6.8133     0.0004    1.40671    1.40668          1     0.0649     0.0925      92.60     0.2847     0.2810  1.000e-12  0.1866000    12.8215    12.8210    -0.0005    10.0139    10.0135    153.020    156.180      0.472    1452.74    1452.74  0.000e+00
      15106    155.000     6.8142     6.8146     0.0004    1.40725    1.40720          1     0.0661     0.0940      85.94     0.2956     0.3017  1.000e-12  0.1683000    12.8262    12.8256    -0.0006    10.0175    10.0169    153.515    156.684      0.410    1452.76    1452.76  0.000e+00
      15131    155.500     6.8164     6.8167     0.0003    1.40793    1.40788          1     0.0565     0.0853      85.73     0.2721     0.2850  1.000e-12  0.1489000    12.8321    12.8314    -0.0007    10.0219    10.0213    154.010    157.188      0.579    1452.78    1452.79  0.000e+00
      15150    156.000     6.8199     6.8200     0.0001    1.40921    1.40914          1     0.0486     0.0742      85.31     0.2825     0.2788  1.000e-12  0.1593000    12.8433    12.8425    -0.0007    10.0304    10.0298    154.505    157.692      0.698    1452.82    1452.82  0.000e+00
      15166    156.500     6.8228     6.8230     0.0001    1.41049    1.41043          1     0.0379     0.0694      84.82     0.2825     0.2741  1.000e-12  0.1604000    12.8547    12.8541    -0.0007    10.0392    10.0386    155.000    158.197      0.710    1452.86    1452.86  0.000e+00
      15184    157.000     6.8250     6.8253     0.0002    1.41146    1.41143          1     0.0323     0.0648      84.28     0.2728     0.2623  1.000e-12  0.1610000    12.8634    12.8629    -0.0005    10.0458    10.0454    155.495    158.701      0.606    1452.88    1452.88  0.000e+00
      15210    157.500     6.8260     6.8265     0.0005    1.41191    1.41189          1     0.0278     0.0589      83.65     0.2808     0.3038  1.000e-12  0.1845000    12.8674    12.8670    -0.0004    10.0488    10.0485    155.990    159.205      0.366    1452.90    1452.90  0.000e+00
      15253    158.000     6.8270     6.8276     0.0005    1.41241    1.41239          1     0.0282     0.0537      83.00     0.2719     0.2818  1.000e-12  0.1824000    12.8718    12.8714    -0.0004    10.0522    10.0518    156.485    159.709      0.320    1452.92    1452.92  0.000e+00
      15281    158.500     6.8294     6.8299     0.0005    1.41339    1.41335          1     0.0250     0.0537      82.61     0.2731     0.2506  1.000e-12  0.1964000    12.8805    12.8799    -0.0006    10.0588    10.0584    156.980    160.213      0.536    1452.95    1452.95  0.000e+00
      15300    159.000     6.8318     6.8320     0.0002    1.41420    1.41414          1     0.0216     0.0452      82.21     0.2725     0.2427  1.000e-12  0.2054000    12.8875    12.8868    -0.0006    10.0641    10.0636    157.475    160.718      0.661    1452.97    1452.97  0.000e+00
      15318    159.500     6.8355     6.8356     0.0000    1.41578    1.41569          1     0.0162     0.0447      81.74     0.2725     0.2416  1.000e-12  0.2056000    12.9016    12.9007    -0.0009    10.0749    10.0742    157.970    161.222      0.691    1453.02    1453.01  0.000e+00
      15335    160.000     6.8377     6.8379     0.0002    1.41671    1.41667          1     0.0127     0.0442      81.24     0.2725     0.2963  1.000e-12  0.1867000    12.9099    12.9094    -0.0005    10.0812    10.0808    158.465    161.726      0.609    1453.04    1453.04  0.000e+00
      15361    160.500     6.8394     6.8399     0.0005    1.41746    1.41744          1     0.0172     0.0428      80.61     0.2653     0.3535  1.000e-12  0.1959000    12.9165    12.9161    -0.0003    10.0863    10.0860    158.960    162.230      0.368    1453.07    1453.07  0.000e+00
      15406    161.000     6.8410     6.8414     0.0004    1.41817    1.41807          1     0.0168     0.0434      79.87     0.2880     0.2771  1.000e-12  0.2062000    12.9228    12.9216    -0.0012    10.0911    10.0902    159.455    162.734      0.316    1453.09    1453.09  0.000e+00
      15433    161.500     6.8435     6.8438     0.0003    1.41898    1.41894          1     0.0176     0.0432      79.46     0.2776     0.2886  1.000e-12  0.1930000    12.9298    12.9293    -0.0005    10.0964    10.0960    159.950    163.238      0.561    1453.12    1453.12  0.000e+00
      15451    162.000     6.8455     6.8457     0.0002    1.41963    1.41959          1     0.0176     0.0429      78.70     0.2920     0.2636  1.000e-12  0.1850000    12.9353    12.9349    -0.0005    10.1006    10.1002    160.445    163.743      0.649    1453.14    1453.14  0.000e+00
      15469    162.500     6.8465     6.8467     0.0002    1.42007    1.42003          1     0.0180     0.0419      78.08     0.3049     0.3132  1.000e-12  0.1818000    12.9392    12.9387    -0.0005    10.1035    10.1031    160.940    164.247      0.614    1453.16    1453.16  0.000e+00
      15492    163.000     6.8473     6.8476     0.0003    1.42045    1.42041          1     0.0171     0.0420      77.50     0.2858     0.2608  1.000e-12  0.1880000    12.9425    12.9420    -0.0005    10.1061    10.1057    161.435    164.751      0.459    1453.17    1453.17  0.000e+00
      15527    163.500     6.8480     6.8484     0.0004    1.42077    1.42072          1     0.0176     0.0425      76.43     0.2850     0.2803  1.000e-12  0.1796000    12.9453    12.9448    -0.0006    10.1082    10.1077    161.930    165.255      0.308    1453.18    1453.19  0.000e+00
      15562    164.000     6.8493     6.8497     0.0004    1.42131    1.42125          1     0.0173     0.0411      75.95     0.3053     0.3055  1.000e-12  0.1642000    12.9501    12.9494    -0.0007    10.1118    10.1112    162.425    165.759      0.496    1453.21    1453.21  0.000e+00
      15581    164.500     6.8508     6.8510     0.0002    1.42187    1.42183          1     0.0200     0.0436      75.67     0.3091     0.3152  1.000e-12  0.1737000    12.9550    12.9545    -0.0005    10.1156    10.1152    162.920    166.264      0.706    1453.23    1453.23  0.000e+00
      15596    165.000     6.8529     6.8530     0.0001    1.42247    1.42241          1     0.0174     0.0438      75.53     0.3091     0.3166  1.000e-12  0.1779000    12.9600    12.9594    -0.0006    10.1193    10.1188    163.415    166.768      0.800    1453.25    1453.25  0.000e+00
      15611    165.500     6.8560     6.8562     0.0002    1.42356    1.42350          1     0.0168     0.0417      75.09     0.2987     0.3129  1.000e-12  0.1510000    12.9695    12.9689    -0.0006    10.1265    10.1260    163.910    167.272      0.775    1453.28    1453.28  0.000e+00
      15628    166.000     6.8580     6.8582     0.0003    1.42434    1.42431          1     0.0174     0.0406      74.73     0.2918     0.2472  1.000e-12  0.1490000    12.9764    12.9760    -0.0004    10.1318    10.1314    164.405    167.776      0.619    1453.31    1453.31  0.000e+00
      15654    166.500     6.8589     6.8593     0.0004    1.42474    1.42468          1     0.0176     0.0407      74.27     0.2793     0.2884  1.000e-12  0.1513000    12.9798    12.9792    -0.0006    10.1344    10.1339    164.900    168.280      0.347    1453.32    1453.32  0.000e+00
      15709    167.000     6.8597     6.8601     0.0004    1.42521    1.42508          1     0.0180     0.0397      73.65     0.2786     0.2390  1.000e-12  0.1429000    12.9841    12.9827    -0.0014    10.1377    10.1366    165.395    168.784      0.274    1453.34    1453.34  0.000e+00
      15739    167.500     6.8600     6.8604     0.0003    1.42576    1.42571          1     0.0172     0.0424      73.29     0.3023     0.3185  1.000e-12  0.1544000    12.9893    12.9887    -0.0006    10.1417    10.1412    165.890    169.288      0.578    1453.36    1453.36  0.000e+00
      15756    168.000     6.8615     6.8618     0.0003    1.42633    1.42629          1     0.0164     0.0392      72.93     0.3147     0.3172  1.000e-12  0.1491000    12.9943    12.9937    -0.0006    10.1456    10.1451    166.385    169.793      0.797    1453.38    1453.38  0.000e+00
      15769    168.500     6.8623     6.8627     0.0004    1.42668    1.42664          1     0.0183     0.0374      72.54     0.3212     0.3171  1.000e-12  0.1423000    12.9973    12.9968    -0.0005    10.1479    10.1474    166.880    170.297      0.943    1453.39    1453.39  0.000e+00
      15781    169.000     6.8625     6.8630     0.0004    1.42698    1.42695          1     0.0168     0.0413      72.11     0.3112     0.2648  1.000e-12  0.2007000    13.0001    12.9996    -0.0005    10.1500    10.1496    167.375    170.801      1.018    1453.40    1453.40  0.000e+00
      15793    169.500     6.8637     6.8641     0.0004    1.42747    1.42744          1     0.0182     0.0429      71.20     0.2969     0.2630  1.000e-12  0.2859000    13.0044    13.0039    -0.0005    10.1533    10.1529    167.870    171.305      1.023    1453.42    1453.42  0.000e+00
