ctdpy/exports/archive_20191120_135557/received_data/SBE09_1044_20181014_0842_34_01_0090.cnv
* Sea-Bird SBE 9 Data File:
* FileName = C:\ctd\temp\ar18d090.hex
* Software Version Seasave V 7.21e
* Temperature SN = 5351
* Conductivity SN = 3941
* Number of Bytes Per Scan = 30
* Number of Voltage Words = 4
* Number of Scans Averaged by the Deck Unit = 1
* NMEA baud rate = 4800
** Station:  LL7
** Operator:  obac
** Ship: ARANDA
** Average sound velocity: 1451.87 m/s
** True-depth calculation Sun, 14 Oct 2018 12:27:58 +0000
** CTD Python Module SMHI /ver 3-12/ feb 2012 
** LIMS Job: 20183401-0090
** Cruise: SMHI-4-2018
** Latitude [GG MM.mm N]: 59 50.801 N
** Longitude [GG MM.mm E] 24 50.287 E
# nquan = 26
# nvalues = 191                         
# units = specified
# name 0 = scan: Scan Count
# name 1 = prDM: Pressure, Digiquartz [db]
# name 2 = t090C: Temperature [ITS-90, deg C]
# name 3 = t190C: Temperature, 2 [ITS-90, deg C]
# name 4 = T2-T190C: Temperature Difference, 2 - 1 [ITS-90, deg C]
# name 5 = c0S/m: Conductivity [S/m]
# name 6 = c1S/m: Conductivity, 2 [S/m]
# name 7 = pumps: Pump Status
# name 8 = sbeox0ML/L: Oxygen, SBE 43 [ml/l]
# name 9 = sbeox1ML/L: Oxygen, SBE 43, 2 [ml/l]
# name 10 = altM: Altimeter [m]
# name 11 = flECO-AFL: Chl-a Fluorescence, WET Labs ECO-AFL/FL [mg/m^3]
# name 12 = flECO-AFL1: Phycocyanin Fluorescence, WET Labs ECO-AFL/FL, 2 [mg/m^3]
# name 13 = par: PAR/Irradiance, Biospherical/Lico [µE/(cm^2*s)]
# name 14 = turbWETntu0: Turbidity, WET Labs ECO [NTU]
# name 15 = sal00: Salinity, Practical [PSU]
# name 16 = sal11: Salinity, Practical, 2 [PSU]
# name 17 = secS-priS: Salinity, Practical, Difference, 2 - 1 [PSU]
# name 18 = sigma-t00: Density [sigma-t, Kg/m^3 ]
# name 19 = sigma-t11: Density, 2 [sigma-t, Kg/m^3 ]
# name 20 = depSM: Depth [salt water, m], lat = 0
# name 21 = depFM: Depth [true depth, m], lat = 0
# name 22 = dz/dtM: Descent Rate [m/s], WS = 2
# name 23 = svCM: Sound Velocity [Chen-Millero, m/s]
# name 24 = svCM1: Sound Velocity, 2 [Chen-Millero, m/s]
# name 25 = flag: flag
# span 0 =      11246,      15781       
# span 1 =      1.500,     96.500       
# span 2 =     5.3242,    12.4069       
# span 3 =     5.3264,    12.4074       
# span 4 =    -0.0266,     0.0190       
# span 5 =   0.768452,   0.810880       
# span 6 =   0.768467,   0.810835       
# span 7 =          1,          1       
# span 8 =    2.19504,    7.00403       
# span 9 =    2.84762,    3.85100       
# span 10 =       2.68,      99.94      
# span 11 =     0.4808,     1.8242      
# span 12 =     0.1877,     0.5985      
# span 13 = 1.0000e-12, 4.0950e+03      
# span 14 =     0.4112,     2.5841      
# span 15 =     6.0712,     7.3740      
# span 16 =     6.0708,     7.3734      
# span 17 =    -0.0049,     0.0019      
# span 18 =     4.1611,     5.8166      
# span 19 =     4.1607,     5.8161      
# span 20 =      1.492,     95.948      
# span 21 =      1.521,     97.819      
# span 22 =     -0.002,      1.018      
# span 23 =    1438.54,    1463.96      
# span 24 =    1438.55,    1463.96      
# span 25 = 0.0000e+00, 0.0000e+00      
# interval = decibars: 0.5              
# start_time = Oct 14 2018 08:42:47 [System UTC, header]
# bad_flag = -9.990e-29
*END*
      11246      1.500    12.4016    12.4039     0.0023    0.81076    0.81076          1     6.9867     3.8446      97.57     1.7377     0.5107  4.095e+03  0.4635000     6.0736     6.0732    -0.0004     4.1619     4.1613      1.492      1.521      0.226    1463.90    1463.91  0.000e+00
      11265      2.000    12.3977    12.4029     0.0052    0.81068    0.81074          1     6.9860     3.8510      89.20     1.7377     0.4571  3.120e+02  0.4651000     6.0736     6.0732    -0.0003     4.1624     4.1614      1.989      2.029      0.660    1463.89    1463.91  0.000e+00
      11287      2.500    12.4026    12.4049     0.0023    0.81079    0.81078          1     6.9841     3.8509      29.28     1.7340     0.4419  4.374e+02  0.4762000     6.0736     6.0732    -0.0004     4.1618     4.1612      2.486      2.536      0.573    1463.92    1463.93  0.000e+00
      11367      3.000    12.4024    12.4042     0.0018    0.81077    0.81076          1     6.9896     3.8365      97.20     1.7070     0.5662  4.869e+02  0.5570000     6.0735     6.0730    -0.0004     4.1617     4.1611      2.983      3.043      1.018    1463.93    1463.93  0.000e+00
      11378      3.500    12.4056    12.4062     0.0006    0.81085    0.81081          1     6.9901     3.8322      91.74     1.7624     0.5022  2.933e+02  0.4764000     6.0736     6.0731    -0.0004     4.1613     4.1609      3.481      3.550      0.858    1463.95    1463.95  0.000e+00
      11415      4.000    12.4069    12.4074     0.0005    0.81088    0.81083          1     6.9943     3.8137      54.87     1.8057     0.4961  2.602e+02  0.4686000     6.0735     6.0731    -0.0004     4.1611     4.1607      3.978      4.057      0.405    1463.96    1463.96  0.000e+00
      11462      4.500    12.3996    12.4038     0.0042    0.81070    0.81076          1     6.9905     3.7876      99.94     1.8242     0.5985  2.477e+02  0.4466000     6.0732     6.0730    -0.0002     4.1619     4.1612      4.475      4.564      0.686    1463.94    1463.96  0.000e+00
      11475      5.000    12.4007    12.4022     0.0015    0.81074    0.81073          1     6.9865     3.7769      97.23     1.8083     0.5422  1.773e+02  0.4605000     6.0733     6.0730    -0.0004     4.1618     4.1613      4.972      5.072      0.861    1463.95    1463.96  0.000e+00
      11488      5.500    12.3837    12.3808    -0.0029    0.81035    0.81023          1     6.9777     3.7717      97.09     1.7990     0.5004  1.224e+02  0.4682000     6.0729     6.0724    -0.0005     4.1637     4.1637      5.470      5.579      0.857    1463.90    1463.89  0.000e+00
      11502      6.000    12.3760    12.3748    -0.0012    0.81019    0.81012          1     6.9691     3.7732      39.44     1.7175     0.4601  9.637e+01  0.4843000     6.0728     6.0724    -0.0004     4.1647     4.1645      5.967      6.086      0.697    1463.88    1463.87  0.000e+00
      11529      6.500    12.3749    12.3775     0.0026    0.81018    0.81019          1     6.9707     3.7654      45.71     1.6798     0.4671  7.831e+01  0.4953000     6.0728     6.0725    -0.0004     4.1649     4.1642      6.464      6.593      0.378    1463.88    1463.89  0.000e+00
      11565      7.000    12.3744    12.3815     0.0069    0.81018    0.81029          1     6.9577     3.7515      96.46     1.6059     0.4669  6.805e+01  0.4449000     6.0729     6.0726    -0.0003     4.1650     4.1638      6.961      7.100      0.463    1463.89    1463.91  0.000e+00
      11585      7.500    12.3445    12.3270    -0.0173    0.80952    0.80905          1     6.9534     3.7477      15.56     1.6370     0.4436  5.707e+01  0.4708000     6.0723     6.0713    -0.0010     4.1685     4.1701      7.459      7.607      0.660    1463.79    1463.72  0.000e+00
      11602      8.000    12.2600    12.2577    -0.0023    0.80770    0.80760          1     6.9510     3.7490      49.39     1.6039     0.4314  4.416e+01  0.4760000     6.0712     6.0708    -0.0004     4.1789     4.1788      7.956      8.115      0.696    1463.48    1463.47  0.000e+00
      11619      8.500    12.2513    12.2540     0.0029    0.80754    0.80755          1     6.9476     3.7519      70.65     1.5786     0.4128  3.570e+01  0.4841000     6.0713     6.0709    -0.0003     4.1800     4.1794      8.453      8.622      0.624    1463.46    1463.47  0.000e+00
      11641      9.000    12.2001    12.2026     0.0024    0.80653    0.80653          1     6.9266     3.7496      91.68     1.5483     0.3709  2.774e+01  0.4909000     6.0713     6.0709    -0.0004     4.1868     4.1862      8.950      9.129      0.527    1463.28    1463.28  0.000e+00
      11665      9.500    12.1432    12.1486     0.0053    0.80545    0.80551          1     6.9224     3.7488      21.72     1.5240     0.4289  2.322e+01  0.5157000     6.0717     6.0713    -0.0004     4.1946     4.1936      9.448      9.636      0.520    1463.07    1463.09  0.000e+00
      11688     10.000    12.0430    12.0464     0.0034    0.80374    0.80375          1     6.9407     3.7578      61.62     1.4222     0.3619  1.982e+01  0.4450000     6.0740     6.0735    -0.0005     4.2094     4.2086      9.945     10.143      0.494    1462.71    1462.73  0.000e+00
      11713     10.500    11.9785    11.9781    -0.0005    0.80288    0.80284          1     6.9292     3.7573      91.68     1.3237     0.3430  1.680e+01  0.4112000     6.0773     6.0771    -0.0002     4.2203     4.2202     10.442     10.650      0.490    1462.49    1462.48  0.000e+00
      11736     11.000    11.9060    11.9073     0.0013    0.80197    0.80193          1     6.9218     3.7607      28.79     1.2696     0.3577  1.363e+01  0.4524000     6.0817     6.0811    -0.0005     4.2329     4.2324     10.939     11.157      0.598    1462.23    1462.23  0.000e+00
      11754     11.500    11.8065    11.8072     0.0009    0.80048    0.80044          1     6.9129     3.7712      41.16     1.2471     0.3606  1.166e+01  0.4545000     6.0857     6.0851    -0.0005     4.2487     4.2482     11.437     11.664      0.708    1461.87    1461.87  0.000e+00
      11770     12.000    11.7359    11.7372     0.0012    0.79939    0.79935          1     6.9074     3.7807      73.23     1.2286     0.3778  9.420e+00  0.4518000     6.0881     6.0876    -0.0005     4.2595     4.2590     11.934     12.172      0.714    1461.62    1461.62  0.000e+00
      11788     12.500    11.6744    11.6786     0.0042    0.79852    0.79853          1     6.9107     3.7904      88.98     1.1595     0.3890  7.820e+00  0.5144000     6.0910     6.0904    -0.0006     4.2694     4.2684     12.431     12.679      0.602    1461.40    1461.41  0.000e+00
      11812     13.000    11.6000    11.5980    -0.0021    0.79758    0.79750          1     6.8947     3.7936      89.27     1.1654     0.3569  6.787e+00  0.4488000     6.0954     6.0951    -0.0003     4.2821     4.2821     12.928     13.186      0.445    1461.13    1461.13  0.000e+00
      11841     13.500    11.4821    11.4818    -0.0002    0.79612    0.79609          1     6.8987     3.7921      88.64     1.0786     0.3095  5.843e+00  0.4376000     6.1027     6.1024    -0.0002     4.3023     4.3021     13.425     13.693      0.490    1460.71    1460.71  0.000e+00
      11861     14.000    11.3875    11.3935     0.0060    0.79505    0.79511          1     6.9150     3.7894      88.19     1.0811     0.3406  5.058e+00  0.4597000     6.1093     6.1088    -0.0005     4.3190     4.3179     13.923     14.200      0.657    1460.37    1460.39  0.000e+00
      11878     14.500    11.3553    11.3611     0.0057    0.79471    0.79475          1     6.9182     3.7879      87.75     1.0865     0.3975  4.199e+00  0.4568000     6.1117     6.1111    -0.0006     4.3247     4.3236     14.420     14.707      0.734    1460.26    1460.28  0.000e+00
      11894     15.000    11.3346    11.3370     0.0024    0.79452    0.79453          1     6.9293     3.7850      87.33     1.0970     0.3461  3.546e+00  0.4408000     6.1136     6.1133    -0.0003     4.3287     4.3281     14.917     15.214      0.700    1460.19    1460.20  0.000e+00
      11913     15.500    11.3254    11.3276     0.0022    0.79450    0.79449          1     6.9511     3.7853      86.77     1.0871     0.3109  3.002e+00  0.4432000     6.1148     6.1144    -0.0004     4.3308     4.3302     15.414     15.721      0.560    1460.16    1460.17  0.000e+00
      11939     16.000    11.3095    11.3112     0.0018    0.79438    0.79438          1     6.9470     3.7792      86.14     1.0918     0.3150  2.529e+00  0.4845000     6.1165     6.1161    -0.0003     4.3340     4.3335     15.912     16.228      0.428    1460.11    1460.12  0.000e+00
      11967     16.500    11.2987    11.3003     0.0016    0.79434    0.79433          1     6.9477     3.7765      85.61     1.0934     0.3364  2.245e+00  0.4460000     6.1178     6.1175    -0.0003     4.3363     4.3359     16.409     16.735      0.531    1460.08    1460.09  0.000e+00
      11986     17.000    11.2837    11.2864     0.0027    0.79417    0.79417          1     6.9558     3.7744      85.13     1.1035     0.3737  1.926e+00  0.4582000     6.1189     6.1184    -0.0005     4.3389     4.3382     16.906     17.242      0.629    1460.04    1460.04  0.000e+00
      12005     17.500    11.2764    11.2785     0.0020    0.79415    0.79415          1     6.9469     3.7808      84.64     1.1003     0.4677  1.667e+00  0.4680000     6.1199     6.1195    -0.0003     4.3406     4.3401     17.403     17.749      0.626    1460.02    1460.02  0.000e+00
      12025     18.000    11.2582    11.2608     0.0027    0.79404    0.79404          1     6.9443     3.7902      84.10     1.0844     0.4108  1.435e+00  0.4642000     6.1219     6.1214    -0.0005     4.3444     4.3437     17.900     18.257      0.581    1459.96    1459.97  0.000e+00
      12046     18.500    11.2257    11.2276     0.0020    0.79375    0.79373          1     6.9412     3.7926      83.56     1.0941     0.3432  1.197e+00  0.4689000     6.1248     6.1243    -0.0005     4.3505     4.3499     18.398     18.764      0.567    1459.85    1459.85  0.000e+00
      12067     19.000    11.1910    11.1945     0.0035    0.79338    0.79336          1     6.9504     3.7969      83.13     1.0947     0.3266  1.002e+00  0.4813000     6.1274     6.1267    -0.0007     4.3567     4.3557     18.895     19.271      0.580    1459.73    1459.74  0.000e+00
      12087     19.500    11.1138    11.1205     0.0067    0.79195    0.79199          1     6.9603     3.7999      82.71     1.0797     0.4202  8.559e-01  0.4960000     6.1283     6.1276    -0.0008     4.3665     4.3651     19.392     19.778      0.587    1459.44    1459.47  0.000e+00
      12108     20.000    11.0525    11.0591     0.0066    0.79096    0.79099          1     6.9717     3.8083      82.09     1.0836     0.3498  7.299e-01  0.5039000     6.1302     6.1294    -0.0008     4.3752     4.3738     19.889     20.285      0.575    1459.22    1459.24  0.000e+00
      12129     20.500    10.9854    10.9909     0.0055    0.78997    0.78998          1     6.9936     3.8104      81.54     1.1064     0.3174  6.379e-01  0.4978000     6.1330     6.1322    -0.0008     4.3852     4.3840     20.386     20.792      0.538    1458.98    1459.00  0.000e+00
      12153     21.000    10.9535    10.9564     0.0029    0.78953    0.78953          1     7.0040     3.7984      80.96     1.1064     0.3233  5.618e-01  0.4942000     6.1346     6.1341    -0.0006     4.3902     4.3894     20.884     21.299      0.514    1458.86    1458.87  0.000e+00
      12175     21.500    10.9209    10.9239     0.0029    0.78911    0.78912          1     6.9855     3.7936      80.44     1.1086     0.3420  4.779e-01  0.5001000     6.1365     6.1360    -0.0005     4.3954     4.3947     21.381     21.806      0.589    1458.75    1458.76  0.000e+00
      12194     22.000    10.9136    10.9160     0.0024    0.78923    0.78922          1     6.9695     3.7924      80.04     1.1179     0.3226  3.955e-01  0.5187000     6.1387     6.1382    -0.0005     4.3980     4.3973     21.878     22.313      0.671    1458.73    1458.74  0.000e+00
      12211     22.500    10.9139    10.9159     0.0021    0.78962    0.78959          1     6.9463     3.7908      79.49     1.1091     0.3234  3.167e-01  0.5140000     6.1418     6.1413    -0.0006     4.4004     4.3997     22.375     22.820      0.663    1458.75    1458.75  0.000e+00
      12230     23.000    10.9061    10.9087     0.0026    0.78981    0.78980          1     6.9275     3.7911      79.00     1.0967     0.3456  2.623e-01  0.5017000     6.1446     6.1441    -0.0005     4.4035     4.4028     22.872     23.327      0.557    1458.73    1458.74  0.000e+00
      12256     23.500    10.8796    10.8813     0.0016    0.78965    0.78963          1     6.9344     3.7954      78.33     1.0973     0.4056  2.242e-01  0.4848000     6.1477     6.1473    -0.0004     4.4089     4.4083     23.370     23.834      0.439    1458.64    1458.64  0.000e+00
      12283     24.000    10.8592    10.8615     0.0023    0.78934    0.78934          1     6.9301     3.8080      77.76     1.0893     0.4037  1.925e-01  0.4861000     6.1485     6.1481    -0.0004     4.4119     4.4113     23.867     24.341      0.513    1458.57    1458.58  0.000e+00
      12304     24.500    10.8388    10.8420     0.0032    0.78904    0.78905          1     6.9097     3.8025      77.35     1.0701     0.3499  1.551e-01  0.4631000     6.1493     6.1489    -0.0004     4.4149     4.4142     24.364     24.848      0.658    1458.50    1458.51  0.000e+00
      12320     25.000    10.8021    10.8031     0.0009    0.78851    0.78848          1     6.8706     3.8026      76.94     1.0487     0.3391  1.233e-01  0.4882000     6.1510     6.1505    -0.0005     4.4203     4.4199     24.861     25.355      0.718    1458.37    1458.37  0.000e+00
      12337     25.500    10.7227    10.7295     0.0068    0.78732    0.78738          1     6.8379     3.8095      76.44     1.0368     0.3382  8.815e-02  0.5082000     6.1543     6.1536    -0.0006     4.4319     4.4306     25.358     25.862      0.692    1458.08    1458.10  0.000e+00
      12356     26.000    10.6513    10.6541     0.0028    0.78618    0.78619          1     6.8240     3.8138      75.94     1.0093     0.3397  5.861e-02  0.5430000     6.1566     6.1561    -0.0004     4.4418     4.4411     25.856     26.369      0.585    1457.81    1457.83  0.000e+00
      12379     26.500    10.6123    10.6157     0.0033    0.78543    0.78544          1     6.8215     3.8143      75.29     0.9946     0.3512  4.256e-02  0.4708000     6.1568     6.1563    -0.0005     4.4463     4.4456     26.353     26.876      0.467    1457.67    1457.69  0.000e+00
      12406     27.000    10.5936    10.5961     0.0025    0.78509    0.78508          1     6.8293     3.8056      74.70     1.0229     0.3359  3.199e-02  0.4476000     6.1569     6.1564    -0.0005     4.4485     4.4478     26.850     27.383      0.488    1457.61    1457.62  0.000e+00
      12428     27.500    10.5817    10.5842     0.0025    0.78489    0.78489          1     6.8255     3.7973      74.29     1.0331     0.3244  1.218e-02  0.4759000     6.1572     6.1568    -0.0005     4.4501     4.4495     27.347     27.890      0.594    1457.57    1457.58  0.000e+00
      12447     28.000    10.5734    10.5756     0.0022    0.78478    0.78477          1     6.8210     3.7943      73.88     1.0162     0.3596  1.843e-03  0.4718000     6.1576     6.1572    -0.0005     4.4513     4.4507     27.844     28.397      0.641    1457.55    1457.56  0.000e+00
      12466     28.500    10.5664    10.5688     0.0024    0.78469    0.78469          1     6.8283     3.7902      73.37     1.0135     0.3797  1.363e-05  0.4792000     6.1581     6.1576    -0.0004     4.4524     4.4518     28.341     28.904      0.625    1457.53    1457.54  0.000e+00
