ctdpy/exports/archive_20191120_135557/received_data/SBE09_0827_20181124_0822_26_01_1232.cnv
* Sea-Bird SBE 9 Data File:
* FileName = D:\CTD_SBE911\DAT\26DA.2018.12.32.hex
* Software Version Seasave V 7.21d
* Temperature SN = 4548
* Conductivity SN = 3062
* Number of Bytes Per Scan = 48
* Number of Voltage Words = 5
* Number of Scans Averaged by the Deck Unit = 1
* NMEA Latitude = 57 51.06 N
* NMEA Longitude = 019 30.13 E
* NMEA UTC (Time) = Nov 24 2018  08:22:48
* NMEA baud rate = 4800
** Ship: DANA
** Average sound velocity: 1441.89 m/s
** True-depth calculation Tue, 02 Apr 2019 12:13:52 +0000
** CTD Python Module SMHI /ver 3-12/ feb 2012 
** LIMS Job: 20182601-1232
** Operator: Ronny
** Cruise: 12/2018
# nquan = 26
# nvalues = 136                         
# units = specified
# name 0 = scan: Scan Count
# name 1 = prDM: Pressure, Digiquartz [db]
# name 2 = t090C: Temperature [ITS-90, deg C]
# name 3 = t190C: Temperature, 2 [ITS-90, deg C]
# name 4 = T2-T190C: Temperature Difference, 2 - 1 [ITS-90, deg C]
# name 5 = c0S/m: Conductivity [S/m]
# name 6 = c1S/m: Conductivity, 2 [S/m]
# name 7 = pumps: Pump Status
# name 8 = sbeox1ML/L: Oxygen, SBE 43, 2 [ml/l]
# name 9 = sbeox0ML/L: Oxygen, SBE 43 [ml/l]
# name 10 = altM: Altimeter [m]
# name 11 = chloroflTC0: Chlorophyll, Turner Cyclops [ug/l]
# name 12 = cpar: CPAR/Corrected Irradiance [%]
# name 13 = par: PAR/Irradiance, Biospherical/Lico [µE/(cm^2*s)]
# name 14 = spar: SPAR, Biospherical/Licor
# name 15 = sal00: Salinity, Practical [PSU]
# name 16 = sal11: Salinity, Practical, 2 [PSU]
# name 17 = secS-priS: Salinity, Practical, Difference, 2 - 1 [PSU]
# name 18 = sigma-t00: Density [sigma-t, kg/m^3 ]
# name 19 = sigma-t11: Density, 2 [sigma-t, kg/m^3 ]
# name 20 = depSM: Depth [salt water, m], lat = 57.851
# name 21 = depFM: Depth [true depth, m], lat = 57.851
# name 22 = dz/dtM: Descent Rate [m/s], WS = 2
# name 23 = svCM: Sound Velocity [Chen-Millero, m/s]
# name 24 = svCM1: Sound Velocity, 2 [Chen-Millero, m/s]
# name 25 = flag: flag
# span 0 =        229,       6776       
# span 1 =      1.000,     68.500       
# span 2 =     3.4128,     8.1528       
# span 3 =     3.5248,     8.1346       
# span 4 =    -0.1336,     1.0142       
# span 5 =   0.772867,   0.954952       
# span 6 =   0.775543,   0.948933       
# span 7 =          1,          1       
# span 8 =     1.7670,     7.5513       
# span 9 =     1.4812,     7.7797       
# span 10 =       1.50,       9.99      
# span 11 =     0.0156,     0.0239      
# span 12 = -8.155e-04, 7.2440e+00      
# span 13 = -3.312e-04, 2.9423e+00      
# span 14 = 4.0615e+01, 4.1365e+01      
# span 15 =     7.0093,     8.9986      
# span 16 =     7.0095,     8.9491      
# span 17 =    -0.1508,     0.0007      
# span 18 =     5.3856,     7.1287      
# span 19 =     5.3873,     7.0912      
# span 20 =      0.991,     67.855      
# span 21 =      1.013,     69.371      
# span 22 =      0.132,      0.314      
# span 23 =    1429.41,    1449.28      
# span 24 =    1429.93,    1449.21      
# span 25 = 0.0000e+00, 0.0000e+00      
# interval = decibars: 0.5              
# start_time = Nov 24 2018 08:22:48 [NMEA time, first data scan]
# bad_flag = -9.990e-29
*END*
[from data line 112]
       5645     57.000     3.9693     3.9163    -0.0531    0.83368    0.82220          1     5.2463     4.9600       9.97     0.0159  2.462e-12  1.000e-12  4.062e+01     7.9476     7.8428    -0.1048     6.3186     6.2367     56.465     57.736      0.258    1432.72    1432.34  0.000e+00
       5692     57.500     4.0952     3.9696    -0.1256    0.84232    0.82873          1     5.0637     4.6381       9.97     0.0159  2.462e-12  1.000e-12  4.062e+01     8.0054     7.8969    -0.1085     6.3611     6.2783     56.960     58.242      0.239    1433.36    1432.66  0.000e+00
       5745     58.000     4.1588     4.0251    -0.1336    0.84825    0.83414          1     4.8535     4.4540       9.97     0.0159  2.462e-12  1.000e-12  4.062e+01     8.0503     7.9387    -0.1116     6.3950     6.3101     57.455     58.748      0.231    1433.72    1432.97  0.000e+00
       5795     58.500     4.1715     4.0958    -0.0755    0.85032    0.84195          1     4.6336     4.3406       9.97     0.0159  2.462e-12  1.000e-12  4.062e+01     8.0682     8.0013    -0.0669     6.4088     6.3578     57.950     59.254      0.247    1433.80    1433.38  0.000e+00
       5847     59.000     4.1757     4.1365    -0.0390    0.85295    0.84728          1     4.4224     4.2698       9.97     0.0159  2.462e-12  1.000e-12  4.062e+01     8.0940     8.0457    -0.0483     6.4291     6.3920     58.446     59.760      0.220    1433.86    1433.63  0.000e+00
       5897     59.500     4.1908     4.1606    -0.0302    0.85583    0.85065          1     4.3006     4.1809       9.97     0.0159  2.462e-12  1.000e-12  4.062e+01     8.1196     8.0741    -0.0455     6.4490     6.4138     58.941     60.266      0.264    1433.97    1433.78  0.000e+00
       5943     60.000     4.1998     4.1848    -0.0151    0.85759    0.85465          1     4.1809     4.1112       9.97     0.0159  2.462e-12  1.000e-12  4.062e+01     8.1352     8.1089    -0.0263     6.4612     6.4407     59.436     60.772      0.250    1434.04    1433.94  0.000e+00
       5992     60.500     4.2072     4.1907    -0.0165    0.85974    0.85625          1     4.0804     4.0438       9.89     0.0159  2.462e-12  1.000e-12  4.062e+01     8.1553     8.1237    -0.0315     6.4768     6.4523     59.931     61.278      0.262    1434.11    1433.99  0.000e+00
       6035     61.000     4.2101     4.2030    -0.0072    0.86205    0.85903          1     4.0262     3.9684       9.41     0.0159  2.462e-12  1.000e-12  4.062e+01     8.1780     8.1490    -0.0290     6.4948     6.4720     60.427     61.784      0.263    1434.16    1434.09  0.000e+00
       6089     61.500     4.2145     4.2050    -0.0095    0.86502    0.86060          1     3.9456     3.8573       8.85     0.0159  2.462e-12  1.000e-12  4.062e+01     8.2071     8.1644    -0.0428     6.5178     6.4841     60.922     62.290      0.229    1434.22    1434.12  0.000e+00
       6135     62.000     4.2426     4.2135    -0.0291    0.86972    0.86380          1     3.8549     3.7074       8.34     0.0159  2.462e-12  1.000e-12  4.062e+01     8.2480     8.1949    -0.0531     6.5494     6.5081     61.417     62.796      0.272    1434.41    1434.21  0.000e+00
       6187     62.500     4.2961     4.2469    -0.0495    0.87970    0.86972          1     3.7047     3.4496       7.80     0.0159  2.462e-12  1.000e-12  4.062e+01     8.3362     8.2469    -0.0893     6.6177     6.5483     61.912     63.302      0.225    1434.77    1434.43  0.000e+00
       6233     63.000     4.3261     4.2709    -0.0551    0.88551    0.87523          1     3.5497     3.2611       7.30     0.0159  2.462e-12  1.000e-12  4.062e+01     8.3877     8.2969    -0.0909     6.6576     6.5873     62.407     63.808      0.314    1434.97    1434.61  0.000e+00
       6274     63.500     4.3529     4.3170    -0.0359    0.89105    0.88339          1     3.3724     3.1148       6.75     0.0159  2.462e-12  1.000e-12  4.062e+01     8.4372     8.3684    -0.0688     6.6960     6.6425     62.903     64.313      0.249    1435.16    1434.92  0.000e+00
       6328     64.000     4.3947     4.3395    -0.0553    0.89970    0.88870          1     3.1726     2.8975       6.21     0.0159  2.462e-12  1.000e-12  4.062e+01     8.5145     8.4166    -0.0979     6.7558     6.6800     63.398     64.819      0.247    1435.46    1435.09  0.000e+00
       6373     64.500     4.4106     4.3689    -0.0417    0.90546    0.89482          1     3.0301     2.7633       5.70     0.0159  2.462e-12  1.000e-12  4.062e+01     8.5690     8.4714    -0.0976     6.7985     6.7225     63.893     65.325      0.248    1435.61    1435.30  0.000e+00
       6429     65.000     4.4530     4.3919    -0.0612    0.91561    0.90098          1     2.8757     2.5480       5.18     0.0159  2.462e-12  1.000e-12  4.062e+01     8.6612     8.5282    -0.1331     6.8701     6.7668     64.388     65.831      0.223    1435.92    1435.48  0.000e+00
       6477     65.500     4.5127     4.4431    -0.0696    0.92913    0.91251          1     2.6809     2.2216       4.66     0.0159  2.462e-12  1.000e-12  4.062e+01     8.7830     8.6322    -0.1508     6.9645     6.8475     64.884     66.337      0.260    1436.35    1435.85  0.000e+00
       6525     66.000     4.5449     4.4645    -0.0804    0.93345    0.91930          1     2.4470     2.0892       4.13     0.0159  2.462e-12  1.000e-12  4.062e+01     8.8183     8.6956    -0.1227     6.9913     6.8970     65.379     66.842      0.243    1436.54    1436.03  0.000e+00
       6572     66.500     4.5629     4.5151    -0.0478    0.93638    0.92773          1     2.3067     2.0479       3.61     0.0159  2.462e-12  1.000e-12  4.062e+01     8.8432     8.7680    -0.0752     7.0104     6.9525     65.874     67.348      0.262    1436.66    1436.36  0.000e+00
       6622     67.000     4.5914     4.5401    -0.0513    0.94112    0.93288          1     2.1440     1.9611       3.07     0.0159  2.462e-12  1.000e-12  4.062e+01     8.8837     8.8136    -0.0702     7.0414     6.9877     66.369     67.854      0.235    1436.85    1436.53  0.000e+00
       6672     67.500     4.6149     4.5714    -0.0435    0.94461    0.93786          1     2.0406     1.8790       2.54     0.0159  2.462e-12  1.000e-12  4.062e+01     8.9128     8.8558    -0.0570     7.0635     7.0200     66.864     68.360      0.235    1437.00    1436.73  0.000e+00
       6726     68.000     4.6657     4.6001    -0.0657    0.95196    0.94230          1     1.9449     1.6502       2.01     0.0159  2.462e-12  1.000e-12  4.062e+01     8.9736     8.8931    -0.0804     7.1097     7.0485     67.360     68.865      0.227    1437.31    1436.92  0.000e+00
       6776     68.500     4.6855     4.6423    -0.0430    0.95495    0.94893          1     1.7670     1.4812       1.50     0.0159  2.462e-12  1.000e-12  4.062e+01     8.9986     8.9491    -0.0494     7.1287     7.0912     67.855     69.371      0.225    1437.44    1437.18  0.000e+00
