ctdpy/exports/archive_20191120_135557/received_data/SBE09_0827_20181013_1805_26_01_1094.cnv
* Sea-Bird SBE 9 Data File:
* FileName = D:\CTD_SBE911\DAT\26DA.2018.10.94.hex
* Software Version Seasave V 7.21d
* Temperature SN = 4548
* Conductivity SN = 3062
* Number of Bytes Per Scan = 48
* Number of Voltage Words = 5
* Number of Scans Averaged by the Deck Unit = 1
* NMEA Latitude = 55 38.32 N
* NMEA Longitude = 014 41.99 E
* NMEA UTC (Time) = Oct 13 2018  18:08:12
* NMEA baud rate = 4800
** Ship: DANA
** Average sound velocity: 1463.35 m/s
** True-depth calculation Thu, 28 Mar 2019 12:29:41 +0000
** CTD Python Module SMHI /ver 3-12/ feb 2012 
** LIMS Job: 20182601-1094
** Operator: Christian A-KTh
** Cruise: 10/2018
# nquan = 26
# nvalues = 117                         
# units = specified
# name 0 = scan: Scan Count
# name 1 = prDM: Pressure, Digiquartz [db]
# name 2 = t090C: Temperature [ITS-90, deg C]
# name 3 = t190C: Temperature, 2 [ITS-90, deg C]
# name 4 = T2-T190C: Temperature Difference, 2 - 1 [ITS-90, deg C]
# name 5 = c0S/m: Conductivity [S/m]
# name 6 = c1S/m: Conductivity, 2 [S/m]
# name 7 = pumps: Pump Status
# name 8 = sbeox1ML/L: Oxygen, SBE 43, 2 [ml/l]
# name 9 = sbeox0ML/L: Oxygen, SBE 43 [ml/l]
# name 10 = altM: Altimeter [m]
# name 11 = chloroflTC0: Chlorophyll, Turner Cyclops [ug/l]
# name 12 = cpar: CPAR/Corrected Irradiance [%]
# name 13 = par: PAR/Irradiance, Biospherical/Lico [µE/(cm^2*s)]
# name 14 = spar: SPAR, Biospherical/Licor
# name 15 = sal00: Salinity, Practical [PSU]
# name 16 = sal11: Salinity, Practical, 2 [PSU]
# name 17 = secS-priS: Salinity, Practical, Difference, 2 - 1 [PSU]
# name 18 = sigma-t00: Density [sigma-t, kg/m^3 ]
# name 19 = sigma-t11: Density, 2 [sigma-t, kg/m^3 ]
# name 20 = depSM: Depth [salt water, m], lat = 55.6387
# name 21 = depFM: Depth [true depth, m], lat = 55.6387
# name 22 = dz/dtM: Descent Rate [m/s], WS = 2
# name 23 = svCM: Sound Velocity [Chen-Millero, m/s]
# name 24 = svCM1: Sound Velocity, 2 [Chen-Millero, m/s]
# name 25 = flag: flag
# span 0 =        314,       6092       
# span 1 =      1.500,     59.500       
# span 2 =     6.6796,    13.2687       
# span 3 =     6.7385,    13.3191       
# span 4 =    -1.0024,     0.4088       
# span 5 =   0.877413,   1.748240       
# span 6 =   0.877901,   1.748910       
# span 7 =          1,          1       
# span 8 =     1.2914,     7.4011       
# span 9 =     1.2321,     7.0520       
# span 10 =       1.23,       9.98      
# span 11 =     0.0159,     0.0393      
# span 12 = 4.9241e-11, 4.9241e-11      
# span 13 = 1.0000e-12, 1.0000e-12      
# span 14 = 2.0308e+00, 2.0308e+00      
# span 15 =     7.5338,    14.3203      
# span 16 =     7.5470,    14.3296      
# span 17 =    -0.2038,     0.0934      
# span 18 =     5.3997,    10.6783      
# span 19 =     5.3951,    10.6867      
# span 20 =      1.486,     58.952      
# span 21 =      1.520,     60.167      
# span 22 =      0.156,      0.297      
# span 23 =    1443.68,    1475.47      
# span 24 =    1443.91,    1475.59      
# span 25 = 0.0000e+00, 0.0000e+00      
# interval = decibars: 0.5              
# start_time = Oct 13 2018 18:08:12 [NMEA time, first data scan]
# bad_flag = -9.990e-29
*END*
[from data line 56]
       2927     29.500    12.1748    11.9824    -0.1922    1.16504    1.15345          1     6.5377     6.0864       9.98     0.0309  4.924e-11  1.000e-12  2.031e+00     9.0257     8.9746    -0.0511     6.4723     6.4592     29.230     29.872      0.260    1467.04    1466.27  0.000e+00
       2970     30.000    12.3772    12.2226    -0.1548    1.18091    1.16905          1     6.4009     6.1158       9.98     0.0296  4.924e-11  1.000e-12  2.031e+00     9.1095     9.0478    -0.0617     6.5090     6.4829     29.726     30.378      0.292    1467.89    1467.25  0.000e+00
       3014     30.500    12.2395    12.2647     0.0252    1.18127    1.17757          1     6.3044     6.1401       9.98     0.0282  4.924e-11  1.000e-12  2.031e+00     9.1459     9.1089    -0.0371     6.5563     6.5242     30.221     30.884      0.261    1467.44    1467.49  0.000e+00
       3060     31.000    11.8053    12.0724     0.2676    1.16966    1.17593          1     6.1402     6.0689       9.98     0.0266  4.924e-11  1.000e-12  2.031e+00     9.1537     9.1416    -0.0121     6.6209     6.5759     30.717     31.390      0.258    1465.85    1466.83  0.000e+00
       3108     31.500    10.7528    10.9619     0.2087    1.12964    1.13809          1     6.0897     5.8069       9.98     0.0246  4.924e-11  1.000e-12  2.031e+00     9.0697     9.0910     0.0212     6.6899     6.6798     31.212     31.896      0.243    1461.81    1462.62  0.000e+00
       3156     32.000    10.2137     9.9204    -0.2930    1.10725    1.09846          1     5.9465     5.6467       9.98     0.0226  4.924e-11  1.000e-12  2.031e+00     9.0077     9.0027    -0.0050     6.7054     6.7342     31.707     32.402      0.273    1459.68    1458.54  0.000e+00
       3198     32.500     9.8959     9.7413    -0.1550    1.09756    1.09692          1     5.9168     5.5546       9.98     0.0209  4.924e-11  1.000e-12  2.031e+00     9.0011     9.0336     0.0325     6.7360     6.7780     32.203     32.907      0.272    1458.45    1457.89  0.000e+00
       3243     33.000    10.0022    10.0780     0.0759    1.11274    1.12546          1     5.7810     5.3497       9.98     0.0196  4.924e-11  1.000e-12  2.031e+00     9.1086     9.2020     0.0934     6.8079     6.8719     32.698     33.413      0.281    1459.00    1459.41  0.000e+00
       3285     33.500     9.8380     9.5790    -0.2592    1.11728    1.11512          1     5.6329     5.2721       9.98     0.0188  4.924e-11  1.000e-12  2.031e+00     9.1903     9.2371     0.0468     6.8895     6.9539     33.193     33.919      0.272    1458.48    1457.52  0.000e+00
       3331     34.000     9.3319     8.7857    -0.5464    1.10886    1.09937          1     5.3917     5.1715       9.98     0.0192  4.924e-11  1.000e-12  2.031e+00     9.2444     9.3001     0.0557     6.9850     7.0830     33.689     34.425      0.266    1456.56    1454.47  0.000e+00
       3378     34.500     8.3997     8.1875    -0.2118    1.08885    1.08641          1     5.1739     4.9457       9.98     0.0184  4.924e-11  1.000e-12  2.031e+00     9.3049     9.3383     0.0334     7.1236     7.1691     34.184     34.931      0.234    1452.94    1452.12  0.000e+00
       3429     35.000     8.3407     8.3319    -0.0089    1.09592    1.09896          1     5.0438     4.7800       9.98     0.0171  4.924e-11  1.000e-12  2.031e+00     9.3856     9.4160     0.0304     7.1923     7.2168     34.680     35.436      0.260    1452.81    1452.81  0.000e+00
       3475     35.500     8.6808     8.7682     0.0872    1.12210    1.12794          1     4.9774     4.7036       9.98     0.0171  4.924e-11  1.000e-12  2.031e+00     9.5356     9.5657     0.0300     7.2776     7.2926     35.175     35.942      0.244    1454.37    1454.75  0.000e+00
       3522     36.000     9.0368     9.1249     0.0885    1.14460    1.15050          1     4.9565     4.6629       9.98     0.0171  4.924e-11  1.000e-12  2.031e+00     9.6453     9.6751     0.0299     7.3281     7.3425     35.670     36.447      0.280    1455.93    1456.31  0.000e+00
       3565     36.500     9.3274     9.4268     0.0994    1.16662    1.17376          1     4.9554     4.6512       9.98     0.0170  4.924e-11  1.000e-12  2.031e+00     9.7662     9.8036     0.0374     7.3924     7.4111     36.166     36.953      0.266    1457.23    1457.66  0.000e+00
       3611     37.000     9.5803     9.6172     0.0368    1.18854    1.19214          1     4.8824     4.5928       9.98     0.0171  4.924e-11  1.000e-12  2.031e+00     9.8948     9.9170     0.0222     7.4657     7.4790     36.661     37.458      0.263    1458.39    1458.56  0.000e+00
       3658     37.500     9.6228     9.6630     0.0400    1.19810    1.20131          1     4.8303     4.5331       9.98     0.0171  4.924e-11  1.000e-12  2.031e+00     9.9690     9.9868     0.0177     7.5188     7.5282     37.157     37.964      0.239    1458.65    1458.83  0.000e+00
       3711     38.000     9.8936     9.9342     0.0407    1.21816    1.22068          1     4.7678     4.4810       9.98     0.0171  4.924e-11  1.000e-12  2.031e+00    10.0736    10.0849     0.0113     7.5701     7.5743     37.652     38.469      0.236    1459.84    1460.01  0.000e+00
       3758     38.500    10.0752    10.1227     0.0474    1.23575    1.23835          1     4.6863     4.4048       9.98     0.0171  4.924e-11  1.000e-12  2.031e+00    10.1799    10.1898     0.0099     7.6320     7.6342     38.147     38.975      0.253    1460.68    1460.87  0.000e+00
       3807     39.000    10.3227    10.3901     0.0676    1.25931    1.26384          1     4.6736     4.3845       9.98     0.0171  4.924e-11  1.000e-12  2.031e+00    10.3192    10.3403     0.0211     7.7111     7.7195     38.643     39.480      0.255    1461.80    1462.08  0.000e+00
       3849     39.500    10.6451    10.6630     0.0176    1.29139    1.29329          1     4.5299     4.3061       9.98     0.0171  4.924e-11  1.000e-12  2.031e+00    10.5111    10.5227     0.0116     7.8212     7.8280     39.138     39.986      0.283    1463.27    1463.35  0.000e+00
       3896     40.000    10.3012    10.2185    -0.0826    1.28002    1.27881          1     4.3950     4.1561       9.98     0.0171  4.924e-11  1.000e-12  2.031e+00    10.5092    10.5223     0.0131     7.8611     7.8811     39.633     40.491      0.251    1461.97    1461.66  0.000e+00
       3942     40.500    10.0262     9.9938    -0.0323    1.28118    1.28221          1     4.3536     4.1141       9.98     0.0169  4.924e-11  1.000e-12  2.031e+00    10.5993    10.6180     0.0187     7.9635     7.9818     40.129     40.996      0.259    1461.03    1460.93  0.000e+00
       3990     41.000     9.9344     9.9307    -0.0040    1.28897    1.29140          1     4.2169     3.9727       9.98     0.0167  4.924e-11  1.000e-12  2.031e+00    10.6960    10.7189     0.0229     8.0492     8.0674     40.624     41.501      0.238    1460.80    1460.81  0.000e+00
       4042     41.500    10.3583    10.4641     0.1064    1.32857    1.33545          1     4.1999     3.8843       9.98     0.0166  4.924e-11  1.000e-12  2.031e+00    10.9229    10.9524     0.0296     8.1747     8.1848     41.119     42.007      0.240    1462.70    1463.14  0.000e+00
       4089     42.000    11.4080    11.5229     0.1134    1.41115    1.41593          1     4.2164     3.9519       9.98     0.0165  4.924e-11  1.000e-12  2.031e+00    11.3325    11.3390     0.0065     8.3585     8.3480     41.615     42.512      0.256    1467.16    1467.59  0.000e+00
       4137     42.500    11.9912    12.1129     0.1226    1.46032    1.46919          1     4.1350     3.8977       9.98     0.0170  4.924e-11  1.000e-12  2.031e+00    11.5800    11.6186     0.0385     8.4703     8.4827     42.110     43.017      0.258    1469.62    1470.11  0.000e+00
       4180     43.000    11.9249    11.9676     0.0428    1.46487    1.47004          1     4.0680     3.8392       9.98     0.0169  4.924e-11  1.000e-12  2.031e+00    11.6395    11.6708     0.0313     8.5255     8.5437     42.606     43.522      0.283    1469.46    1469.65  0.000e+00
       4228     43.500    11.8008    11.8101     0.0095    1.46810    1.47180          1     3.9914     3.7443       9.98     0.0168  4.924e-11  1.000e-12  2.031e+00    11.7060    11.7350     0.0291     8.5942     8.6154     43.101     44.027      0.235    1469.09    1469.16  0.000e+00
       4276     44.000    12.0188    12.1180     0.0990    1.49463    1.50331          1     3.9494     3.7185       9.98     0.0169  4.924e-11  1.000e-12  2.031e+00    11.8660    11.9093     0.0433     8.6869     8.7063     43.596     44.531      0.257    1470.09    1470.50  0.000e+00
       4327     44.500    12.1101    12.0510    -0.0588    1.51172    1.51268          1     3.8003     3.5846       9.98     0.0170  4.924e-11  1.000e-12  2.031e+00    11.9843    12.0114     0.0271     8.7653     8.7947     44.092     45.036      0.222    1470.57    1470.38  0.000e+00
       4378     45.000    12.3537    12.6433     0.2894    1.54131    1.56320          1     3.8812     3.6307       9.98     0.0168  4.924e-11  1.000e-12  2.031e+00    12.1594    12.2528     0.0934     8.8647     8.8936     44.587     45.541      0.240    1471.67    1472.82  0.000e+00
       4428     45.500    13.0288    13.2355     0.2066    1.59520    1.60900          1     3.9027     3.6494       9.98     0.0168  4.924e-11  1.000e-12  2.031e+00    12.3995    12.4486     0.0491     8.9481     8.9536     45.082     46.046      0.253    1474.38    1475.18  0.000e+00
       4473     46.000    13.2605    13.3191     0.0585    1.61835    1.62328          1     3.8637     3.6129       9.98     0.0171  4.924e-11  1.000e-12  2.031e+00    12.5189    12.5411     0.0222     9.0037     9.0115     45.578     46.551      0.267    1475.36    1475.59  0.000e+00
       4521     46.500    13.2687    13.2432    -0.0254    1.62667    1.62982          1     3.8472     3.5844       9.98     0.0171  4.924e-11  1.000e-12  2.031e+00    12.5861    12.6210     0.0349     9.0541     9.0849     46.073     47.055      0.241    1475.47    1475.42  0.000e+00
       4570     47.000    12.9295    12.6075    -0.3220    1.61700    1.60591          1     3.5369     3.3388       9.98     0.0168  4.924e-11  1.000e-12  2.031e+00    12.6161    12.6287     0.0126     9.1299     9.1884     46.568     47.560      0.246    1474.31    1473.17  0.000e+00
       4620     47.500    12.2995    12.1216    -0.1777    1.59185    1.58727          1     3.2831     3.0740       9.98     0.0164  4.924e-11  1.000e-12  2.031e+00    12.6112    12.6313     0.0201     9.2215     9.2631     47.064     48.065      0.233    1472.05    1471.43  0.000e+00
       4670     48.000    12.2693    12.2754     0.0058    1.59923    1.60861          1     3.2850     3.0605       9.98     0.0162  4.924e-11  1.000e-12  2.031e+00    12.6847    12.7635     0.0787     9.2827     9.3425     47.559     48.569      0.251    1472.04    1472.15  0.000e+00
       4718     48.500    12.3100    12.2471    -0.0627    1.61356    1.61621          1     3.2341     3.0603       9.98     0.0160  4.924e-11  1.000e-12  2.031e+00    12.7944    12.8386     0.0442     9.3613     9.4046     48.055     49.074      0.254    1472.32    1472.15  0.000e+00
       4762     49.000    11.9309    11.8253    -0.1058    1.60112    1.59836          1     3.0368     2.9172       9.98     0.0165  4.924e-11  1.000e-12  2.031e+00    12.8158    12.8279     0.0122     9.4329     9.4574     48.550     49.578      0.289    1470.98    1470.60  0.000e+00
       4804     49.500    11.7891    11.7829    -0.0062    1.60213    1.60293          1     2.8885     2.7784       9.98     0.0161  4.924e-11  1.000e-12  2.031e+00    12.8731    12.8823     0.0092     9.4975     9.5055     49.045     50.083      0.269    1470.53    1470.52  0.000e+00
       4851     50.000    11.8238    11.8118    -0.0119    1.61386    1.61658          1     2.8293     2.6799       9.98     0.0160  4.924e-11  1.000e-12  2.031e+00    12.9635    12.9914     0.0279     9.5624     9.5857     49.541     50.587      0.262    1470.78    1470.77  0.000e+00
       4898     50.500    11.8454    11.9283     0.0828    1.62020    1.62939          1     2.8261     2.6634       9.98     0.0161  4.924e-11  1.000e-12  2.031e+00    13.0112    13.0623     0.0511     9.5962     9.6237     50.036     51.092      0.234    1470.92    1471.28  0.000e+00
       4949     51.000    12.0207    12.2079     0.1872    1.63829    1.65577          1     2.8320     2.6434       9.98     0.0159  4.924e-11  1.000e-12  2.031e+00    13.1075    13.1937     0.0861     9.6453     9.6844     50.531     51.596      0.252    1471.68    1472.47  0.000e+00
       4996     51.500    12.3463    12.5193     0.1730    1.67011    1.68477          1     2.9227     2.7276       9.64     0.0161  4.924e-11  1.000e-12  2.031e+00    13.2689    13.3344     0.0655     9.7218     9.7463     51.027     52.101      0.256    1473.06    1473.77  0.000e+00
       5042     52.000    12.6531    12.7324     0.0793    1.69796    1.70366          1     2.9759     2.8074       9.09     0.0160  4.924e-11  1.000e-12  2.031e+00    13.4005    13.4214     0.0209     9.7769     9.7809     51.522     52.605      0.279    1474.33    1474.64  0.000e+00
       5082     52.500    12.6009    12.5967    -0.0040    1.70393    1.70406          1     2.7770     2.6909       8.61     0.0165  4.924e-11  1.000e-12  2.031e+00    13.4702    13.4728     0.0026     9.8386     9.8413     52.017     53.109      0.293    1474.23    1474.22  0.000e+00
       5125     53.000    12.2051    12.1976    -0.0077    1.68568    1.68585          1     2.6936     2.5620       8.09     0.0161  4.924e-11  1.000e-12  2.031e+00    13.4536    13.4577     0.0041     9.8854     9.8897     52.513     53.614      0.272    1472.80    1472.77  0.000e+00
       5169     53.500    12.1285    12.1100    -0.0184    1.68309    1.68272          1     2.6840     2.5290       7.53     0.0159  4.924e-11  1.000e-12  2.031e+00    13.4584    13.4618     0.0034     9.9004     9.9058     53.008     54.118      0.272    1472.53    1472.47  0.000e+00
       5217     54.000    12.1058    12.0742    -0.0317    1.68372    1.68287          1     2.6032     2.4558       6.99     0.0159  4.924e-11  1.000e-12  2.031e+00    13.4719    13.4759     0.0040     9.9142     9.9219     53.503     54.622      0.229    1472.48    1472.37  0.000e+00
       5270     54.500    12.0042    11.9532    -0.0511    1.67975    1.67810          1     2.4398     2.3088       6.47     0.0159  4.924e-11  1.000e-12  2.031e+00    13.4738    13.4776     0.0038     9.9305     9.9409     53.999     55.126      0.245    1472.12    1471.94  0.000e+00
       5317     55.000    11.9045    11.8663    -0.0382    1.67717    1.67624          1     2.2976     2.2056       5.99     0.0160  4.924e-11  1.000e-12  2.031e+00    13.4870    13.4926     0.0056     9.9551     9.9650     54.494     55.631      0.253    1471.78    1471.64  0.000e+00
       5362     55.500    11.5111    11.4301    -0.0807    1.65957    1.65739          1     2.1366     2.0837       5.45     0.0159  4.924e-11  1.000e-12  2.031e+00    13.4743    13.4844     0.0101    10.0013    10.0204     54.989     56.135      0.296    1470.33    1470.04  0.000e+00
       5401     56.000    11.3324    11.3385     0.0060    1.66260    1.66494          1     2.0117     1.9628       4.93     0.0159  4.924e-11  1.000e-12  2.031e+00    13.5661    13.5846     0.0185    10.0972    10.1107     55.485     56.639      0.292    1469.78    1469.83  0.000e+00
       5444     56.500    11.4035    11.3914    -0.0122    1.68082    1.68131          1     1.8943     1.8469       4.38     0.0160  4.924e-11  1.000e-12  2.031e+00    13.7014    13.7103     0.0088    10.1921    10.2006     55.980     57.143      0.286    1470.22    1470.18  0.000e+00
