ctdpy/exports/archive_20191120_135557/received_data/SBE09_1044_20180320_0155_34_02_0075.cnv
* Sea-Bird SBE 9 Data File:
* FileName = C:\ctd\temp\2018\ME18D075.hex
* Software Version Seasave V 7.26.6.26
* Temperature SN = 5351
* Conductivity SN = 3941
* Number of Bytes Per Scan = 41
* Number of Voltage Words = 4
* Number of Scans Averaged by the Deck Unit = 1
* NMEA Latitude = 58 16.01 N
* NMEA Longitude = 010 43.46 E
* NMEA UTC (Time) = Mar 20 2018  01:55:46
* NMEA baud rate = 4800
** Station:  A16
** Operator:  MHan
** Ship: MERI
** Average sound velocity: 1478.15 m/s
** True-depth calculation Tue, 20 Mar 2018 02:40:22 +0000
** CTD Python Module SMHI /ver 3-12/ feb 2012 
** LIMS Job: 20183402-0075
** Cruise: SMHI-02-2018
** Latitude [GG MM.mm N] :
** Longitude [GG MM.mm E]:
# nquan = 26
# nvalues = 405                         
# units = specified
# name 0 = scan: Scan Count
# name 1 = prDM: Pressure, Digiquartz [db]
# name 2 = t090C: Temperature [ITS-90, deg C]
# name 3 = t190C: Temperature, 2 [ITS-90, deg C]
# name 4 = T2-T190C: Temperature Difference, 2 - 1 [ITS-90, deg C]
# name 5 = c0S/m: Conductivity [S/m]
# name 6 = c1S/m: Conductivity, 2 [S/m]
# name 7 = pumps: Pump Status
# name 8 = sbeox0ML/L: Oxygen, SBE 43 [ml/l]
# name 9 = sbeox1ML/L: Oxygen, SBE 43, 2 [ml/l]
# name 10 = altM: Altimeter [m]
# name 11 = flECO-AFL: Chl-a Fluorescence, WET Labs ECO-AFL/FL [mg/m^3]
# name 12 = flECO-AFL1: Phycocyanin Fluorescence, WET Labs ECO-AFL/FL, 2 [mg/m^3]
# name 13 = par: PAR/Irradiance, Biospherical/Lico [µE/(cm^2*s)]
# name 14 = turbWETntu0: Turbidity, WET Labs ECO [NTU]
# name 15 = sal00: Salinity, Practical [PSU]
# name 16 = sal11: Salinity, Practical, 2 [PSU]
# name 17 = secS-priS: Salinity, Practical, Difference, 2 - 1 [PSU]
# name 18 = sigma-t00: Density [sigma-t, Kg/m^3 ]
# name 19 = sigma-t11: Density, 2 [sigma-t, Kg/m^3 ]
# name 20 = depSM: Depth [salt water, m], lat = 58.2668
# name 21 = depFM: Depth [true depth, m], lat = 58.2668
# name 22 = dz/dtM: Descent Rate [m/s], WS = 2
# name 23 = svCM: Sound Velocity [Chen-Millero, m/s]
# name 24 = svCM1: Sound Velocity, 2 [Chen-Millero, m/s]
# name 25 = flag: flag
# span 0 =      13211,      23558       
# span 1 =      1.000,    203.000       
# span 2 =     0.0805,     7.7926       
# span 3 =     0.0808,     7.7830       
# span 4 =    -0.0826,     0.0231       
# span 5 =   2.173898,   3.593962       
# span 6 =   2.173896,   3.592887       
# span 7 =          1,          1       
# span 8 =    5.61562,    9.09525       
# span 9 =    5.63851,    9.12133       
# span 10 =       1.80,      99.01      
# span 11 =     0.0064,    11.5994      
# span 12 =     0.1184,     1.8068      
# span 13 = -2.419e-04, 7.3484e-01      
# span 14 =     0.1731,     1.5000      
# span 15 =    25.4026,    35.0430      
# span 16 =    25.4021,    35.0427      
# span 17 =    -0.1209,     0.0041      
# span 18 =    20.3638,    27.4472      
# span 19 =    20.3634,    27.4472      
# span 20 =      0.991,    201.016      
# span 21 =      0.998,    201.357      
# span 22 =      0.014,      1.161      
# span 23 =    1436.72,    1482.56      
# span 24 =    1436.72,    1482.53      
# span 25 = 0.0000e+00, 0.0000e+00      
# interval = decibars: 0.5              
# start_time = Mar 20 2018 01:55:47 [NMEA time, first data scan]
# bad_flag = -9.990e-29
*END*
[from data line 335]
      20755    168.500     6.9470     6.9479     0.0009    3.53354    3.53366          1     5.7441     5.7374      36.51     0.0526     0.2474  1.000e-12  0.7132000    35.0252    35.0256     0.0004    27.4461    27.4463    166.867    167.156      0.507    1481.25    1481.26  0.000e+00
      20778    169.000     6.9467     6.9470     0.0003    3.53355    3.53360          1     5.7380     5.7385      35.91     0.0446     0.2217  1.000e-12  0.6918000    35.0253    35.0256     0.0003    27.4462    27.4464    167.362    167.652      0.548    1481.26    1481.26  0.000e+00
      20799    169.500     6.9467     6.9475     0.0008    3.53358    3.53367          1     5.7370     5.7435      35.60     0.0595     0.2552  1.000e-12  0.6615000    35.0255    35.0255     0.0001    27.4463    27.4463    167.857    168.148      0.638    1481.27    1481.27  0.000e+00
      20816    170.000     6.9486     6.9476    -0.0010    3.53380    3.53372          1     5.7367     5.7507      35.21     0.0802     0.2572  1.000e-12  0.6670000    35.0257    35.0257     0.0001    27.4462    27.4464    168.352    168.643      0.679    1481.28    1481.28  0.000e+00
      20834    170.500     6.9496     6.9515     0.0018    3.53394    3.53413          1     5.7349     5.7528      34.84     0.0714     0.2457  1.000e-12  0.6818000    35.0259    35.0261     0.0002    27.4463    27.4462    168.847    169.139      0.647    1481.29    1481.30  0.000e+00
      20854    171.000     6.9491     6.9511     0.0019    3.53390    3.53411          1     5.7338     5.7444      69.28     0.0593     0.1996  1.000e-12  0.7160000    35.0258    35.0261     0.0003    27.4462    27.4462    169.342    169.635      0.550    1481.30    1481.31  0.000e+00
      20879    171.500     6.9465     6.9434    -0.0031    3.53363    3.53334          1     5.7386     5.7480      33.50     0.0461     0.2547  1.000e-12  0.7227000    35.0252    35.0251    -0.0001    27.4461    27.4465    169.836    170.130      0.445    1481.30    1481.29  0.000e+00
      20908    172.000     6.9381     6.9377    -0.0004    3.53282    3.53280          1     5.7431     5.7574      32.82     0.0637     0.2728  1.000e-12  0.6776000    35.0246    35.0248     0.0002    27.4469    27.4470    170.331    170.626      0.388    1481.27    1481.27  0.000e+00
      20941    172.500     6.9388     6.9399     0.0011    3.53292    3.53303          1     5.7435     5.7523      32.26     0.0638     0.2593  1.000e-12  0.6946000    35.0247    35.0248     0.0002    27.4468    27.4468    170.826    171.122      0.391    1481.28    1481.29  0.000e+00
      20967    173.000     6.9334     6.9360     0.0026    3.53237    3.53265          1     5.7477     5.7538      31.88     0.0442     0.2068  1.000e-12  0.7180000    35.0239    35.0243     0.0005    27.4469    27.4469    171.321    171.617      0.589    1481.27    1481.28  0.000e+00
      20985    173.500     6.9371     6.9380     0.0009    3.53279    3.53287          1     5.7497     5.7565      31.49     0.0489     0.2597  1.000e-12  0.7409000    35.0245    35.0244    -0.0001    27.4469    27.4467    171.816    172.113      0.765    1481.29    1481.30  0.000e+00
      20999    174.000     6.9373     6.9392     0.0018    3.53285    3.53303          1     5.7470     5.7567      31.08     0.0489     0.2545  1.000e-12  0.7591000    35.0246    35.0248     0.0001    27.4470    27.4468    172.311    172.609      0.853    1481.30    1481.31  0.000e+00
      21012    174.500     6.9381     6.9365    -0.0015    3.53296    3.53278          1     5.7444     5.7564      30.60     0.0518     0.2317  1.000e-12  0.7704000    35.0248    35.0244    -0.0004    27.4470    27.4469    172.806    173.104      0.850    1481.31    1481.31  0.000e+00
      21027    175.000     6.9361     6.9393     0.0032    3.53277    3.53309          1     5.7421     5.7536      30.05     0.0570     0.2010  1.000e-12  0.7749000    35.0245    35.0247     0.0002    27.4470    27.4468    173.301    173.600      0.735    1481.31    1481.33  0.000e+00
      21048    175.500     6.9366     6.9368     0.0002    3.53284    3.53288          1     5.7380     5.7522      29.41     0.0500     0.1797  1.000e-12  0.7246000    35.0245    35.0247     0.0001    27.4470    27.4471    173.796    174.096      0.430    1481.32    1481.32  0.000e+00
      21113    176.000     6.9377     6.9387     0.0010    3.53297    3.53307          1     5.7372     5.7520      28.63     0.0522     0.2114  1.000e-12  0.6424000    35.0246    35.0247     0.0001    27.4469    27.4469    174.291    174.591      0.361    1481.34    1481.34  0.000e+00
      21137    176.500     6.9351     6.9365     0.0014    3.53273    3.53287          1     5.7360     5.7450      28.34     0.0567     0.2445  1.000e-12  0.6470000    35.0243    35.0244     0.0001    27.4470    27.4469    174.786    175.087      0.725    1481.34    1481.34  0.000e+00
      21151    177.000     6.9342     6.9358     0.0016    3.53267    3.53282          1     5.7375     5.7480      27.98     0.0594     0.2607  1.000e-12  0.6758000    35.0244    35.0244    -0.0000    27.4472    27.4470    175.281    175.583      0.914    1481.34    1481.35  0.000e+00
      21162    177.500     6.9331     6.9339     0.0008    3.53258    3.53267          1     5.7393     5.7543      27.60     0.0456     0.2207  1.000e-12  0.6918000    35.0242    35.0243     0.0001    27.4472    27.4472    175.776    176.078      0.998    1481.34    1481.35  0.000e+00
      21174    178.000     6.9333     6.9337     0.0005    3.53260    3.53265          1     5.7427     5.7589      27.16     0.0383     0.2072  1.000e-12  0.7150000    35.0240    35.0241     0.0000    27.4471    27.4471    176.271    176.574      0.997    1481.35    1481.35  0.000e+00
      21186    178.500     6.9332     6.9337     0.0005    3.53263    3.53269          1     5.7449     5.7629      26.65     0.0415     0.2071  1.000e-12  0.7227000    35.0241    35.0243     0.0002    27.4471    27.4472    176.766    177.070      0.892    1481.36    1481.36  0.000e+00
      21202    179.000     6.9350     6.9354     0.0003    3.53283    3.53286          1     5.7442     5.7670      26.07     0.0550     0.2071  1.000e-12  0.7396000    35.0242    35.0243     0.0001    27.4470    27.4470    177.260    177.565      0.628    1481.38    1481.38  0.000e+00
      21259    179.500     6.9358     6.9357    -0.0002    3.53292    3.53291          1     5.7433     5.7544      25.23     0.0482     0.2288  1.000e-12  0.6824000    35.0242    35.0243     0.0001    27.4469    27.4469    177.755    178.061      0.320    1481.39    1481.39  0.000e+00
      21301    180.000     6.9357     6.9358     0.0000    3.53294    3.53295          1     5.7429     5.7412      24.81     0.0425     0.2455  1.000e-12  0.6576000    35.0242    35.0243     0.0001    27.4469    27.4469    178.250    178.557      0.675    1481.39    1481.39  0.000e+00
      21315    180.500     6.9352     6.9345    -0.0007    3.53291    3.53284          1     5.7447     5.7403      24.47     0.0453     0.2529  1.000e-12  0.7015000    35.0241    35.0241    -0.0000    27.4469    27.4470    178.745    179.052      0.890    1481.40    1481.40  0.000e+00
      21328    181.000     6.9333     6.9347     0.0014    3.53274    3.53288          1     5.7475     5.7403      24.09     0.0435     0.2638  1.000e-12  0.7537000    35.0241    35.0242     0.0001    27.4471    27.4470    179.240    179.548      0.990    1481.40    1481.41  0.000e+00
      21339    181.500     6.9340     6.9345     0.0005    3.53285    3.53288          1     5.7490     5.7441      23.71     0.0528     0.2454  1.000e-12  0.7398000    35.0243    35.0241    -0.0001    27.4472    27.4470    179.735    180.044      0.999    1481.41    1481.41  0.000e+00
      21351    182.000     6.9351     6.9349    -0.0001    3.53298    3.53295          1     5.7466     5.7486      23.26     0.0650     0.1625  1.000e-12  0.7086000    35.0244    35.0241    -0.0002    27.4471    27.4469    180.230    180.539      0.903    1481.43    1481.42  0.000e+00
      21366    182.500     6.9336     6.9351     0.0014    3.53284    3.53300          1     5.7437     5.7477      22.66     0.0618     0.1896  1.000e-12  0.7301000    35.0241    35.0243     0.0002    27.4470    27.4470    180.725    181.035      0.663    1481.43    1481.43  0.000e+00
      21412    183.000     6.9334     6.9356     0.0022    3.53282    3.53305          1     5.7462     5.7513      21.80     0.0539     0.2330  1.000e-12  0.7001000    35.0238    35.0241     0.0003    27.4469    27.4468    181.220    181.531      0.309    1481.43    1481.44  0.000e+00
      21462    183.500     6.9307     6.9353     0.0046    3.53255    3.53305          1     5.7462     5.7565      21.29     0.0440     0.1897  1.000e-12  0.6660000    35.0234    35.0241     0.0008    27.4469    27.4469    181.715    182.026      0.559    1481.43    1481.45  0.000e+00
      21479    184.000     6.9297     6.9332     0.0035    3.53249    3.53284          1     5.7462     5.7547      20.97     0.0440     0.2179  1.000e-12  0.7195000    35.0234    35.0237     0.0003    27.4470    27.4468    182.210    182.522      0.778    1481.43    1481.45  0.000e+00
      21493    184.500     6.9292     6.9307     0.0015    3.53246    3.53263          1     5.7488     5.7545      20.55     0.0492     0.2218  1.000e-12  0.7231000    35.0233    35.0236     0.0003    27.4471    27.4471    182.705    183.018      0.871    1481.44    1481.45  0.000e+00
      21506    185.000     6.9309     6.9331     0.0021    3.53265    3.53286          1     5.7529     5.7549      20.11     0.0564     0.2218  1.000e-12  0.7270000    35.0235    35.0236     0.0001    27.4470    27.4468    183.200    183.513      0.878    1481.46    1481.46  0.000e+00
      21520    185.500     6.9297     6.9297    -0.0001    3.53256    3.53255          1     5.7567     5.7598      19.63     0.0528     0.2218  1.000e-12  0.7484000    35.0234    35.0234    -0.0001    27.4471    27.4470    183.694    184.009      0.802    1481.46    1481.46  0.000e+00
      21536    186.000     6.9319     6.9311    -0.0008    3.53278    3.53274          1     5.7512     5.7626      19.08     0.0459     0.2218  1.000e-12  0.7661000    35.0234    35.0237     0.0003    27.4468    27.4471    184.189    184.505      0.627    1481.48    1481.48  0.000e+00
      21564    186.500     6.9283     6.9288     0.0005    3.53246    3.53251          1     5.7444     5.7613      18.39     0.0660     0.2666  1.000e-12  0.7300000    35.0233    35.0233     0.0000    27.4472    27.4471    184.684    185.000      0.338    1481.47    1481.47  0.000e+00
      21615    187.000     6.9288     6.9292     0.0004    3.53253    3.53256          1     5.7500     5.7667      17.72     0.0441     0.2282  1.000e-12  0.7027000    35.0233    35.0232    -0.0001    27.4471    27.4470    185.179    185.496      0.282    1481.48    1481.48  0.000e+00
      21645    187.500     6.9277     6.9282     0.0006    3.53241    3.53249          1     5.7533     5.7638      17.36     0.0384     0.2288  1.000e-12  0.7487000    35.0229    35.0231     0.0003    27.4469    27.4471    185.674    185.992      0.590    1481.49    1481.49  0.000e+00
      21662    188.000     6.9272     6.9282     0.0009    3.53240    3.53249          1     5.7530     5.7555      16.98     0.0465     0.2258  1.000e-12  0.8605000    35.0229    35.0230     0.0001    27.4470    27.4470    186.169    186.487      0.771    1481.49    1481.49  0.000e+00
      21676    188.500     6.9273     6.9280     0.0008    3.53243    3.53251          1     5.7517     5.7558      16.61     0.0547     0.2248  1.000e-12  0.7344000    35.0229    35.0231     0.0002    27.4470    27.4471    186.664    186.983      0.847    1481.50    1481.50  0.000e+00
      21690    189.000     6.9267     6.9271     0.0004    3.53239    3.53242          1     5.7511     5.7578      16.15     0.0580     0.1650  1.000e-12  0.6786000    35.0229    35.0228    -0.0000    27.4471    27.4470    187.159    187.479      0.825    1481.51    1481.51  0.000e+00
      21705    189.500     6.9266     6.9270     0.0004    3.53240    3.53244          1     5.7500     5.7568      15.63     0.0490     0.1827  1.000e-12  0.7476000    35.0229    35.0229     0.0000    27.4471    27.4471    187.654    187.974      0.680    1481.52    1481.52  0.000e+00
      21730    190.000     6.9263     6.9269     0.0006    3.53240    3.53246          1     5.7486     5.7623      14.94     0.0460     0.2392  1.000e-12  0.7439000    35.0229    35.0229     0.0000    27.4471    27.4471    188.148    188.470      0.377    1481.52    1481.52  0.000e+00
      21774    190.500     6.9265     6.9269     0.0004    3.53244    3.53249          1     5.7575     5.7635      14.25     0.0438     0.2667  1.000e-12  0.7266000    35.0229    35.0229     0.0001    27.4471    27.4471    188.643    188.966      0.321    1481.53    1481.53  0.000e+00
      21802    191.000     6.9279     6.9287     0.0007    3.53259    3.53269          1     5.7570     5.7607      13.89     0.0576     0.2281  1.000e-12  0.7392000    35.0229    35.0232     0.0003    27.4469    27.4470    189.138    189.461      0.548    1481.54    1481.55  0.000e+00
      21821    191.500     6.9280     6.9284     0.0004    3.53263    3.53269          1     5.7518     5.7644      13.50     0.0568     0.1820  1.000e-12  0.7623000    35.0229    35.0232     0.0003    27.4469    27.4471    189.633    189.957      0.644    1481.55    1481.55  0.000e+00
      21839    192.000     6.9280     6.9284     0.0004    3.53265    3.53270          1     5.7459     5.7577      13.04     0.0566     0.1977  1.000e-12  0.7517000    35.0229    35.0230     0.0001    27.4469    27.4470    190.128    190.453      0.632    1481.56    1481.56  0.000e+00
      21859    192.500     6.9280     6.9278    -0.0002    3.53267    3.53266          1     5.7432     5.7537      12.52     0.0653     0.2148  1.000e-12  0.7514000    35.0229    35.0230     0.0001    27.4469    27.4471    190.623    190.948      0.562    1481.57    1481.57  0.000e+00
      21882    193.000     6.9275     6.9271    -0.0004    3.53264    3.53261          1     5.7462     5.7608      11.97     0.0591     0.1914  1.000e-12  0.7520000    35.0228    35.0229     0.0001    27.4469    27.4470    191.118    191.444      0.522    1481.57    1481.57  0.000e+00
      21905    193.500     6.9274     6.9260    -0.0015    3.53266    3.53253          1     5.7466     5.7625      11.47     0.0633     0.1780  1.000e-12  0.7636000    35.0229    35.0229     0.0000    27.4470    27.4472    191.613    191.940      0.513    1481.58    1481.58  0.000e+00
      21929    194.000     6.9274     6.9283     0.0009    3.53267    3.53278          1     5.7455     5.7577      10.99     0.0552     0.2277  1.000e-12  0.7399000    35.0228    35.0231     0.0004    27.4469    27.4471    192.108    192.435      0.488    1481.59    1481.60  0.000e+00
      21954    194.500     6.9263     6.9270     0.0006    3.53260    3.53267          1     5.7467     5.7542      10.46     0.0485     0.2576  1.000e-12  0.7318000    35.0227    35.0228     0.0001    27.4470    27.4470    192.603    192.931      0.456    1481.59    1481.60  0.000e+00
      21982    195.000     6.9255     6.9259     0.0004    3.53253    3.53258          1     5.7488     5.7613       9.93     0.0580     0.2258  1.000e-12  0.7457000    35.0226    35.0228     0.0001    27.4471    27.4471    193.097    193.427      0.429    1481.60    1481.60  0.000e+00
      22010    195.500     6.9245     6.9248     0.0003    3.53242    3.53249          1     5.7443     5.7675       9.43     0.0603     0.1779  1.000e-12  0.7545000    35.0222    35.0226     0.0004    27.4469    27.4471    193.592    193.922      0.470    1481.60    1481.60  0.000e+00
