ctdpy/exports/archive_20191120_135557/received_data/SBE09_1044_20180127_2338_34_02_0022.cnv
* Sea-Bird SBE 9 Data File:
* FileName = C:\ctd\temp\2018\ME18D022.hex
* Software Version Seasave V 7.26.6.26
* Temperature SN = 5351
* Conductivity SN = 3941
* Number of Bytes Per Scan = 41
* Number of Voltage Words = 4
* Number of Scans Averaged by the Deck Unit = 1
* NMEA Latitude = 55 33.33 N
* NMEA Longitude = 018 24.04 E
* NMEA UTC (Time) = Jan 27 2018  23:39:03
* NMEA baud rate = 4800
** Station:  BCS III-10
** Operator:  SSip
** Ship: MERI
** Average sound velocity: 1437.36 m/s
** True-depth calculation Sun, 28 Jan 2018 00:24:51 +0000
** CTD Python Module SMHI /ver 3-12/ feb 2012 
** LIMS Job: 20183402-0022
** Cruise: SMHI-01-2018
** Latitude [GG MM.mm N] :
** Longitude [GG MM.mm E]:
# nquan = 26
# nvalues = 169                         
# units = specified
# name 0 = scan: Scan Count
# name 1 = prDM: Pressure, Digiquartz [db]
# name 2 = t090C: Temperature [ITS-90, deg C]
# name 3 = t190C: Temperature, 2 [ITS-90, deg C]
# name 4 = T2-T190C: Temperature Difference, 2 - 1 [ITS-90, deg C]
# name 5 = c0S/m: Conductivity [S/m]
# name 6 = c1S/m: Conductivity, 2 [S/m]
# name 7 = pumps: Pump Status
# name 8 = sbeox0ML/L: Oxygen, SBE 43 [ml/l]
# name 9 = sbeox1ML/L: Oxygen, SBE 43, 2 [ml/l]
# name 10 = altM: Altimeter [m]
# name 11 = flECO-AFL: Chl-a Fluorescence, WET Labs ECO-AFL/FL [mg/m^3]
# name 12 = flECO-AFL1: Phycocyanin Fluorescence, WET Labs ECO-AFL/FL, 2 [mg/m^3]
# name 13 = par: PAR/Irradiance, Biospherical/Lico [µE/(cm^2*s)]
# name 14 = turbWETntu0: Turbidity, WET Labs ECO [NTU]
# name 15 = sal00: Salinity, Practical [PSU]
# name 16 = sal11: Salinity, Practical, 2 [PSU]
# name 17 = secS-priS: Salinity, Practical, Difference, 2 - 1 [PSU]
# name 18 = sigma-t00: Density [sigma-t, Kg/m^3 ]
# name 19 = sigma-t11: Density, 2 [sigma-t, Kg/m^3 ]
# name 20 = depSM: Depth [salt water, m], lat = 55.5555
# name 21 = depFM: Depth [true depth, m], lat = 55.5555
# name 22 = dz/dtM: Descent Rate [m/s], WS = 2
# name 23 = svCM: Sound Velocity [Chen-Millero, m/s]
# name 24 = svCM1: Sound Velocity, 2 [Chen-Millero, m/s]
# name 25 = flag: flag
# span 0 =       6518,      14228       
# span 1 =      2.000,     86.000       
# span 2 =     4.6201,     6.0018       
# span 3 =     4.6212,     6.0023       
# span 4 =    -0.0338,     0.0062       
# span 5 =   0.790339,   1.174522       
# span 6 =   0.790331,   1.174492       
# span 7 =          1,          1       
# span 8 =    0.07033,    8.11161       
# span 9 =    0.12977,    8.10397       
# span 10 =       1.56,      98.77      
# span 11 =     0.2725,     0.5785      
# span 12 =     0.2265,     0.4019      
# span 13 = -8.969e-04, 5.9756e-02      
# span 14 =     0.1054,     0.2888      
# span 15 =     7.3641,    10.8133      
# span 16 =     7.3637,    10.8128      
# span 17 =    -0.0273,     0.0119      
# span 18 =     5.8347,     8.4935      
# span 19 =     5.8348,     8.4930      
# span 20 =      1.982,     85.203      
# span 21 =      2.025,     87.029      
# span 22 =     -0.053,      0.925      
# span 23 =    1434.05,    1445.71      
# span 24 =    1434.06,    1445.71      
# span 25 = 0.0000e+00, 0.0000e+00      
# interval = decibars: 0.5              
# start_time = Jan 27 2018 23:39:03 [NMEA time, first data scan]
# bad_flag = -9.990e-29
*END*
[from data line 56]
       7735     30.000     4.6317     4.6326     0.0009    0.79113    0.79110          1     8.0905     8.0645      98.65     0.5447     0.3346  1.000e-12  0.1454000     7.3664     7.3659    -0.0005     5.8376     5.8372     29.726     30.379      0.491    1434.50    1434.51  0.000e+00
       7756     30.500     4.6315     4.6324     0.0009    0.79113    0.79110          1     8.0873     8.0518      98.64     0.5437     0.3083  1.000e-12  0.1289000     7.3664     7.3659    -0.0005     5.8376     5.8371     30.221     30.885      0.593    1434.51    1434.51  0.000e+00
       7775     31.000     4.6321     4.6325     0.0004    0.79115    0.79111          1     8.0887     8.0507      98.63     0.5411     0.3118  1.000e-12  0.1276000     7.3664     7.3659    -0.0005     5.8376     5.8371     30.717     31.391      0.585    1434.52    1434.52  0.000e+00
       7798     31.500     4.6319     4.6325     0.0006    0.79115    0.79111          1     8.0920     8.0449      98.56     0.5370     0.3042  1.000e-12  0.1315000     7.3663     7.3658    -0.0005     5.8375     5.8371     31.212     31.898      0.514    1434.53    1434.53  0.000e+00
       7822     32.000     4.6313     4.6325     0.0013    0.79113    0.79112          1     8.0969     8.0446      67.87     0.5225     0.2801  1.000e-12  0.1350000     7.3662     7.3658    -0.0004     5.8375     5.8371     31.708     32.404      0.540    1434.53    1434.54  0.000e+00
       7842     32.500     4.6301     4.6304     0.0004    0.79109    0.79103          1     8.0999     8.0531      88.36     0.5041     0.3194  1.000e-12  0.1305000     7.3660     7.3654    -0.0006     5.8373     5.8368     32.203     32.910      0.672    1434.54    1434.54  0.000e+00
       7858     33.000     4.6273     4.6300     0.0028    0.79098    0.79102          1     8.0995     8.0511      65.12     0.5157     0.3197  1.000e-12  0.1253000     7.3654     7.3653    -0.0001     5.8370     5.8368     32.698     33.417      0.724    1434.53    1434.54  0.000e+00
       7875     33.500     4.6316     4.6335     0.0019    0.79116    0.79118          1     8.0973     8.0497      49.78     0.5251     0.3187  1.000e-12  0.1295000     7.3663     7.3660    -0.0003     5.8375     5.8372     33.194     33.923      0.637    1434.56    1434.57  0.000e+00
       7900     34.000     4.6330     4.6334     0.0004    0.79123    0.79119          1     8.0881     8.0588      63.82     0.5399     0.3344  1.000e-12  0.1413000     7.3666     7.3661    -0.0005     5.8377     5.8373     33.689     34.429      0.387    1434.57    1434.57  0.000e+00
       7941     34.500     4.6343     4.6369     0.0026    0.79129    0.79132          1     8.0689     8.0506      71.07     0.5310     0.3585  1.000e-12  0.1338000     7.3668     7.3666    -0.0002     5.8378     5.8375     34.185     34.936      0.388    1434.58    1434.60  0.000e+00
       7961     35.000     4.6359     4.6351    -0.0008    0.79135    0.79125          1     8.0883     8.0412      77.51     0.5515     0.3307  1.000e-12  0.1247000     7.3670     7.3662    -0.0008     5.8379     5.8373     34.680     35.442      0.747    1434.60    1434.60  0.000e+00
       7975     35.500     4.6337     4.6344     0.0007    0.79126    0.79124          1     8.0983     8.0462      94.88     0.5487     0.3203  1.000e-12  0.1244000     7.3666     7.3661    -0.0004     5.8376     5.8373     35.175     35.948      0.876    1434.60    1434.60  0.000e+00
       7988     36.000     4.6348     4.6349     0.0001    0.79132    0.79126          1     8.0994     8.0573      96.98     0.5178     0.3253  1.000e-12  0.1313000     7.3668     7.3662    -0.0007     5.8378     5.8373     35.671     36.455      0.851    1434.61    1434.61  0.000e+00
       8003     36.500     4.6355     4.6365     0.0010    0.79135    0.79132          1     8.0991     8.0615      97.64     0.5215     0.3312  1.000e-12  0.1323000     7.3669     7.3664    -0.0005     5.8379     5.8374     36.166     36.961      0.644    1434.62    1434.63  0.000e+00
       8039     37.000     4.6349     4.6351     0.0002    0.79134    0.79129          1     8.0818     8.0545      72.62     0.5349     0.3263  1.000e-12  0.1373000     7.3669     7.3663    -0.0006     5.8378     5.8374     36.661     37.467      0.314    1434.63    1434.63  0.000e+00
       8077     37.500     4.6357     4.6370     0.0013    0.79137    0.79135          1     8.0793     8.0542      92.49     0.5395     0.3321  1.000e-12  0.1303000     7.3669     7.3665    -0.0004     5.8378     5.8375     37.157     37.974      0.617    1434.64    1434.65  0.000e+00
       8092     38.000     4.6382     4.6391     0.0010    0.79148    0.79144          1     8.0881     8.0564      93.59     0.5290     0.3219  1.000e-12  0.1242000     7.3674     7.3668    -0.0005     5.8381     5.8377     37.652     38.480      0.841    1434.66    1434.66  0.000e+00
       8105     38.500     4.6397     4.6421     0.0023    0.79154    0.79158          1     8.0908     8.0567      93.27     0.5372     0.3143  1.000e-12  0.1338000     7.3676     7.3674    -0.0002     5.8383     5.8380     38.148     38.986      0.890    1434.68    1434.69  0.000e+00
       8118     39.000     4.6434     4.6430    -0.0004    0.79169    0.79161          1     8.0941     8.0540      94.93     0.5529     0.3080  1.000e-12  0.1476000     7.3682     7.3675    -0.0007     5.8386     5.8381     38.643     39.492      0.799    1434.70    1434.70  0.000e+00
       8136     39.500     4.6420     4.6429     0.0009    0.79163    0.79161          1     8.1016     8.0552      96.26     0.5371     0.3117  1.000e-12  0.1456000     7.3679     7.3674    -0.0005     5.8384     5.8380     39.138     39.999      0.547    1434.70    1434.70  0.000e+00
       8172     40.000     4.6402     4.6396    -0.0006    0.79158    0.79149          1     8.0927     8.0592      82.60     0.5410     0.3726  1.000e-12  0.1317000     7.3677     7.3669    -0.0008     5.8383     5.8377     39.634     40.505      0.316    1434.70    1434.70  0.000e+00
       8202     40.500     4.6486     4.6472    -0.0014    0.79191    0.79179          1     8.0857     8.0604      46.63     0.5523     0.3311  1.000e-12  0.1279000     7.3690     7.3681    -0.0009     5.8391     5.8384     40.129     41.011      0.587    1434.75    1434.74  0.000e+00
       8219     41.000     4.6505     4.6497    -0.0007    0.79199    0.79190          1     8.0826     8.0552      47.12     0.5411     0.3233  1.000e-12  0.1493000     7.3694     7.3686    -0.0008     5.8393     5.8387     40.624     41.518      0.729    1434.76    1434.76  0.000e+00
       8235     41.500     4.6519     4.6521     0.0001    0.79205    0.79201          1     8.0829     8.0540      75.70     0.5411     0.3327  1.000e-12  0.1411000     7.3696     7.3691    -0.0005     5.8394     5.8390     41.120     42.024      0.719    1434.78    1434.78  0.000e+00
       8253     42.000     4.6520     4.6527     0.0007    0.79206    0.79203          1     8.0879     8.0478      82.86     0.5411     0.3533  1.000e-12  0.1352000     7.3696     7.3691    -0.0005     5.8394     5.8390     41.615     42.530      0.596    1434.79    1434.79  0.000e+00
       8277     42.500     4.6519     4.6527     0.0008    0.79206    0.79204          1     8.0958     8.0332      41.63     0.5389     0.3428  1.000e-12  0.1299000     7.3696     7.3691    -0.0004     5.8394     5.8390     42.111     43.037      0.466    1434.79    1434.80  0.000e+00
       8303     43.000     4.6519     4.6526     0.0007    0.79207    0.79204          1     8.0926     8.0309      44.38     0.5286     0.3292  1.000e-12  0.1365000     7.3696     7.3691    -0.0005     5.8394     5.8390     42.606     43.543      0.501    1434.80    1434.81  0.000e+00
       8325     43.500     4.6521     4.6528     0.0008    0.79208    0.79206          1     8.0882     8.0430      71.44     0.5289     0.3316  1.000e-12  0.1667000     7.3696     7.3692    -0.0004     5.8394     5.8391     43.101     44.049      0.580    1434.81    1434.81  0.000e+00
       8345     44.000     4.6521     4.6526     0.0005    0.79209    0.79206          1     8.0843     8.0561      93.70     0.5399     0.3330  1.000e-12  0.1328000     7.3696     7.3692    -0.0004     5.8394     5.8391     43.597     44.556      0.579    1434.82    1434.82  0.000e+00
       8367     44.500     4.6517     4.6527     0.0010    0.79208    0.79206          1     8.0720     8.0501      67.10     0.5411     0.3287  1.000e-12  0.1441000     7.3696     7.3691    -0.0005     5.8394     5.8390     44.092     45.062      0.526    1434.83    1434.83  0.000e+00
       8390     45.000     4.6519     4.6527     0.0007    0.79211    0.79209          1     8.0621     8.0320      45.03     0.5411     0.3001  1.000e-12  0.1425000     7.3697     7.3693    -0.0004     5.8395     5.8392     44.587     45.568      0.529    1434.83    1434.84  0.000e+00
       8412     45.500     4.6518     4.6527     0.0009    0.79212    0.79210          1     8.0633     8.0166      76.90     0.5411     0.3437  1.000e-12  0.1369000     7.3698     7.3693    -0.0004     5.8396     5.8392     45.083     46.075      0.563    1434.84    1434.85  0.000e+00
       8433     46.000     4.6538     4.6548     0.0011    0.79224    0.79223          1     8.0724     8.0232      44.55     0.5301     0.3402  1.000e-12  0.1401000     7.3704     7.3701    -0.0003     5.8400     5.8397     45.578     46.581      0.567    1434.86    1434.86  0.000e+00
       8454     46.500     4.6674     4.6685     0.0010    0.79292    0.79291          1     8.0569     8.0142      60.65     0.4922     0.3194  1.000e-12  0.1371000     7.3741     7.3738    -0.0003     5.8425     5.8422     46.073     47.087      0.569    1434.93    1434.94  0.000e+00
       8475     47.000     4.7066     4.7072     0.0006    0.79492    0.79487          1     8.0089     7.9734      98.77     0.4677     0.2928  1.000e-12  0.1317000     7.3853     7.3847    -0.0006     5.8500     5.8495     46.569     47.593      0.574    1435.13    1435.13  0.000e+00
       8496     47.500     4.7266     4.7273     0.0007    0.79640    0.79635          1     7.9696     7.9415      98.35     0.4580     0.2610  1.000e-12  0.1294000     7.3956     7.3949    -0.0006     5.8574     5.8569     47.064     48.100      0.568    1435.24    1435.24  0.000e+00
       8518     48.000     4.7329     4.7340     0.0012    0.79703    0.79700          1     7.9487     7.9347      59.81     0.4493     0.3278  1.000e-12  0.1344000     7.4004     7.3998    -0.0006     5.8610     5.8605     47.559     48.606      0.517    1435.28    1435.29  0.000e+00
       8543     48.500     4.7264     4.7264    -0.0000    0.79711    0.79707          1     7.9489     7.9294      63.04     0.4727     0.3186  1.000e-12  0.1444000     7.4026     7.4022    -0.0004     5.8630     5.8627     48.055     49.112      0.471    1435.26    1435.26  0.000e+00
       8568     49.000     4.7213     4.7224     0.0010    0.79705    0.79702          1     7.9539     7.9185      43.99     0.4792     0.3184  1.000e-12  0.1521000     7.4030     7.4026    -0.0005     5.8635     5.8631     48.550     49.619      0.514    1435.25    1435.25  0.000e+00
       8590     49.500     4.7213     4.7220     0.0008    0.79726    0.79722          1     7.9581     7.9137      40.27     0.4734     0.3167  1.000e-12  0.1503000     7.4051     7.4045    -0.0006     5.8652     5.8647     49.046     50.125      0.579    1435.26    1435.26  0.000e+00
       8610     50.000     4.7180     4.7218     0.0038    0.79753    0.79757          1     7.9654     7.9238      39.91     0.4740     0.3232  1.000e-12  0.1438000     7.4085     7.4080    -0.0005     5.8679     5.8674     49.541     50.631      0.599    1435.25    1435.27  0.000e+00
       8630     50.500     4.6989     4.6989     0.0000    0.79708    0.79703          1     7.9742     7.9359      39.40     0.4212     0.3310  1.000e-12  0.1484000     7.4082     7.4076    -0.0006     5.8684     5.8679     50.036     51.138      0.564    1435.18    1435.18  0.000e+00
       8652     51.000     4.6904     4.6967     0.0062    0.79687    0.79700          1     7.9966     7.9598      38.69     0.4319     0.3011  1.000e-12  0.1418000     7.4079     7.4078    -0.0002     5.8685     5.8681     50.532     51.644      0.530    1435.15    1435.18  0.000e+00
       8675     51.500     4.6869     4.6871     0.0003    0.79686    0.79683          1     7.9867     7.9507      68.00     0.4904     0.3448  1.000e-12  0.1523000     7.4085     7.4081    -0.0004     5.8691     5.8687     51.027     52.150      0.524    1435.14    1435.14  0.000e+00
       8698     52.000     4.6867     4.6869     0.0001    0.79717    0.79716          1     7.9483     7.9158      34.54     0.4958     0.3365  1.000e-12  0.1598000     7.4116     7.4115    -0.0001     5.8715     5.8714     51.522     52.656      0.508    1435.15    1435.15  0.000e+00
       8722     52.500     4.6323     4.6313    -0.0009    0.79744    0.79746          1     7.9386     7.9180      27.27     0.5314     0.3323  1.000e-12  0.1524000     7.4264     7.4269     0.0005     5.8851     5.8855     52.018     53.163      0.506    1434.94    1434.93  0.000e+00
       8745     53.000     4.6309     4.6312     0.0003    0.79878    0.79881          1     7.8948     7.8964      36.45     0.5201     0.3583  1.000e-12  0.1542000     7.4401     7.4403     0.0002     5.8960     5.8962     52.513     53.669      0.549    1434.96    1434.96  0.000e+00
       8766     53.500     4.6916     4.6928     0.0013    0.80468    0.80473          1     7.7744     7.8038      38.40     0.4854     0.3624  1.000e-12  0.1638000     7.4853     7.4855     0.0002     5.9298     5.9299     53.008     54.175      0.607    1435.29    1435.30  0.000e+00
       8785     54.000     4.7362     4.7377     0.0015    0.80851    0.80856          1     7.6293     7.6850      75.41     0.4678     0.3158  1.000e-12  0.1791000     7.5134     7.5136     0.0002     5.9504     5.9505     53.504     54.682      0.610    1435.53    1435.54  0.000e+00
       8806     54.500     4.7583     4.7584     0.0001    0.81111    0.81105          1     7.5319     7.5792      35.62     0.4561     0.3017  1.000e-12  0.1659000     7.5343     7.5337    -0.0006     5.9662     5.9657     53.999     55.188      0.552    1435.67    1435.67  0.000e+00
       8829     55.000     4.7549     4.7560     0.0012    0.81316    0.81320          1     7.4974     7.5375      35.23     0.4659     0.3339  1.000e-12  0.1726000     7.5555     7.5557     0.0002     5.9831     5.9832     54.494     55.694      0.483    1435.69    1435.69  0.000e+00
       8855     55.500     4.8242     4.8211    -0.0030    0.81894    0.81883          1     7.3943     7.4561      34.70     0.4782     0.3234  1.000e-12  0.1994000     7.5972     7.5969    -0.0003     6.0136     6.0135     54.990     56.200      0.488    1436.05    1436.04  0.000e+00
       8878     56.000     4.9464     4.9473     0.0009    0.82599    0.82598          1     7.2236     7.2957      40.80     0.4702     0.3094  1.000e-12  0.1799000     7.6393     7.6391    -0.0003     6.0422     6.0420     55.485     56.706      0.575    1436.65    1436.66  0.000e+00
       8898     56.500     4.9804     4.9773    -0.0031    0.83013    0.83019          1     7.0698     7.1473      64.93     0.4440     0.3052  1.000e-12  0.1696000     7.6726     7.6739     0.0013     6.0673     6.0684     55.980     57.213      0.570    1436.85    1436.84  0.000e+00
       8920     57.000     4.9743     4.9745     0.0002    0.83433    0.83437          1     6.8539     6.9543      33.19     0.4252     0.3197  1.000e-12  0.1686000     7.7157     7.7161     0.0004     6.1016     6.1019     56.476     57.719      0.506    1436.89    1436.89  0.000e+00
