ctdpy/exports/archive_20191120_135557/received_data/SBE09_0827_20181012_0726_26_01_1078.cnv
* Sea-Bird SBE 9 Data File:
* FileName = D:\CTD_SBE911\DAT\26DA.2018.10.78.hex
* Software Version Seasave V 7.21d
* Temperature SN = 4548
* Conductivity SN = 3062
* Number of Bytes Per Scan = 48
* Number of Voltage Words = 5
* Number of Scans Averaged by the Deck Unit = 1
* NMEA Latitude = 56 04.55 N
* NMEA Longitude = 017 47.06 E
* NMEA UTC (Time) = Oct 12 2018  07:29:06
* NMEA baud rate = 4800
** Ship: DANA
** Average sound velocity: 1451.97 m/s
** True-depth calculation Thu, 28 Mar 2019 12:27:34 +0000
** CTD Python Module SMHI /ver 3-12/ feb 2012 
** LIMS Job: 20182601-1078
** Operator: Christian
** Cruise: 10/2018
# nquan = 26
# nvalues = 122                         
# units = specified
# name 0 = scan: Scan Count
# name 1 = prDM: Pressure, Digiquartz [db]
# name 2 = t090C: Temperature [ITS-90, deg C]
# name 3 = t190C: Temperature, 2 [ITS-90, deg C]
# name 4 = T2-T190C: Temperature Difference, 2 - 1 [ITS-90, deg C]
# name 5 = c0S/m: Conductivity [S/m]
# name 6 = c1S/m: Conductivity, 2 [S/m]
# name 7 = pumps: Pump Status
# name 8 = sbeox1ML/L: Oxygen, SBE 43, 2 [ml/l]
# name 9 = sbeox0ML/L: Oxygen, SBE 43 [ml/l]
# name 10 = altM: Altimeter [m]
# name 11 = chloroflTC0: Chlorophyll, Turner Cyclops [ug/l]
# name 12 = cpar: CPAR/Corrected Irradiance [%]
# name 13 = par: PAR/Irradiance, Biospherical/Lico [µE/(cm^2*s)]
# name 14 = spar: SPAR, Biospherical/Licor
# name 15 = sal00: Salinity, Practical [PSU]
# name 16 = sal11: Salinity, Practical, 2 [PSU]
# name 17 = secS-priS: Salinity, Practical, Difference, 2 - 1 [PSU]
# name 18 = sigma-t00: Density [sigma-t, kg/m^3 ]
# name 19 = sigma-t11: Density, 2 [sigma-t, kg/m^3 ]
# name 20 = depSM: Depth [salt water, m], lat = 56.0758
# name 21 = depFM: Depth [true depth, m], lat = 56.0758
# name 22 = dz/dtM: Descent Rate [m/s], WS = 2
# name 23 = svCM: Sound Velocity [Chen-Millero, m/s]
# name 24 = svCM1: Sound Velocity, 2 [Chen-Millero, m/s]
# name 25 = flag: flag
# span 0 =        138,       6322       
# span 1 =      1.500,     62.000       
# span 2 =     4.3062,    10.4549       
# span 3 =     4.2980,    10.4556       
# span 4 =    -0.3271,     0.1541       
# span 5 =   0.809038,   0.936183       
# span 6 =   0.809009,   0.936688       
# span 7 =          1,          1       
# span 8 =     3.6571,     7.4078       
# span 9 =     3.3538,     6.9338       
# span 10 =       0.49,       9.99      
# span 11 =     0.0168,     0.0308      
# span 12 = 7.8707e-14, 5.7120e+00      
# span 13 = 1.0000e-12, 7.0460e+01      
# span 14 = 1.2291e+03, 1.2705e+03      
# span 15 =     7.2979,     8.4992      
# span 16 =     7.2980,     8.5027      
# span 17 =    -0.0032,     0.0278      
# span 18 =     5.3504,     6.7398      
# span 19 =     5.3503,     6.7425      
# span 20 =      1.486,     61.426      
# span 21 =      1.520,     62.796      
# span 22 =     -0.476,      0.479      
# span 23 =    1433.74,    1458.37      
# span 24 =    1433.72,    1458.37      
# span 25 = 0.0000e+00, 0.0000e+00      
# interval = decibars: 0.5              
# start_time = Oct 12 2018 07:29:06 [NMEA time, first data scan]
# bad_flag = -9.990e-29
*END*
        138      1.500    10.4549    10.4556     0.0006    0.91604    0.91606          1     7.4078     6.9179       9.99     0.0268  4.168e+00  5.118e+01  1.229e+03     7.2980     7.2980     0.0000     5.3504     5.3503      1.486      1.520      0.160    1458.05    1458.05  0.000e+00
        260      2.000    10.4529    10.4528    -0.0001    0.91600    0.91601          1     7.3997     6.9238       9.99     0.0271  5.712e+00  7.046e+01  1.233e+03     7.2979     7.2981     0.0001     5.3506     5.3507      1.982      2.026      0.273    1458.05    1458.05  0.000e+00
        305      2.500    10.4494    10.4534     0.0039    0.91593    0.91603          1     7.4008     6.9264       9.99     0.0274  4.391e+00  5.429e+01  1.237e+03     7.2980     7.2981     0.0000     5.3510     5.3506      2.477      2.533      0.271    1458.04    1458.06  0.000e+00
        365      3.000    10.4492    10.4493     0.0000    0.91593    0.91593          1     7.4020     6.9245       9.99     0.0298  3.756e+00  4.632e+01  1.233e+03     7.2980     7.2980     0.0000     5.3510     5.3510      2.973      3.039      0.198    1458.05    1458.05  0.000e+00
        419      3.500    10.4484    10.4537     0.0053    0.91593    0.91605          1     7.4075     6.9299       9.99     0.0298  2.518e+00  3.113e+01  1.236e+03     7.2981     7.2980    -0.0000     5.3512     5.3506      3.468      3.546      0.369    1458.06    1458.08  0.000e+00
        460      4.000    10.4506    10.4529     0.0023    0.91598    0.91604          1     7.4023     6.9275       9.99     0.0296  2.145e+00  2.647e+01  1.234e+03     7.2980     7.2980    -0.0000     5.3509     5.3506      3.964      4.052      0.324    1458.07    1458.08  0.000e+00
        527      4.500    10.4462    10.4481     0.0019    0.91587    0.91593          1     7.3999     6.9217       9.99     0.0302  1.961e+00  2.427e+01  1.238e+03     7.2980     7.2980     0.0001     5.3513     5.3512      4.459      4.559      0.479    1458.06    1458.07  0.000e+00
        549      5.000    10.4468    10.4447    -0.0022    0.91590    0.91586          1     7.3941     6.9133       9.99     0.0308  1.764e+00  2.181e+01  1.237e+03     7.2980     7.2980     0.0001     5.3513     5.3516      4.954      5.066      0.378    1458.08    1458.06  0.000e+00
        625      5.500    10.4459    10.4447    -0.0012    0.91588    0.91586          1     7.4049     6.9279       9.99     0.0304  1.489e+00  1.841e+01  1.236e+03     7.2980     7.2980     0.0000     5.3514     5.3516      5.450      5.572      0.295    1458.08    1458.07  0.000e+00
        660      6.000    10.4447    10.4442    -0.0004    0.91586    0.91586          1     7.4019     6.9224       9.99     0.0300  1.161e+00  1.437e+01  1.238e+03     7.2980     7.2980     0.0000     5.3515     5.3516      5.945      6.079      0.382    1458.08    1458.08  0.000e+00
        713      6.500    10.4440    10.4432    -0.0008    0.91586    0.91584          1     7.3946     6.9235       9.99     0.0300  1.048e+00  1.297e+01  1.236e+03     7.2980     7.2980    -0.0000     5.3516     5.3517      6.441      6.585      0.247    1458.09    1458.08  0.000e+00
        773      7.000    10.4434    10.4440     0.0006    0.91585    0.91587          1     7.3967     6.9171       9.99     0.0295  8.910e-01  1.103e+01  1.238e+03     7.2980     7.2981     0.0001     5.3517     5.3517      6.936      7.092      0.411    1458.09    1458.09  0.000e+00
        800      7.500    10.4438    10.4443     0.0005    0.91587    0.91588          1     7.4066     6.9261       9.99     0.0294  8.558e-01  1.059e+01  1.238e+03     7.2980     7.2981     0.0000     5.3517     5.3517      7.432      7.598      0.336    1458.10    1458.10  0.000e+00
        869      8.000    10.4420    10.4410    -0.0010    0.91582    0.91581          1     7.4046     6.9338       9.99     0.0293  7.397e-01  9.152e+00  1.237e+03     7.2979     7.2981     0.0001     5.3518     5.3520      7.927      8.105      0.281    1458.10    1458.10  0.000e+00
        906      8.500    10.4388    10.4384    -0.0004    0.91575    0.91574          1     7.3996     6.9323       9.99     0.0295  6.358e-01  7.890e+00  1.241e+03     7.2979     7.2980     0.0000     5.3522     5.3522      8.422      8.611      0.344    1458.10    1458.10  0.000e+00
        954      9.000    10.4383    10.4375    -0.0007    0.91574    0.91573          1     7.3970     6.9264       9.99     0.0294  5.307e-01  6.567e+00  1.237e+03     7.2979     7.2980     0.0001     5.3522     5.3523      8.918      9.118      0.213    1458.11    1458.10  0.000e+00
       1012      9.500    10.4372    10.4375     0.0003    0.91572    0.91574          1     7.3994     6.9172       9.99     0.0292  4.581e-01  5.681e+00  1.240e+03     7.2979     7.2980     0.0001     5.3523     5.3524      9.413      9.625      0.273    1458.11    1458.11  0.000e+00
       1057     10.000    10.4368    10.4369     0.0002    0.91573    0.91574          1     7.3941     6.9188       9.99     0.0298  3.971e-01  4.911e+00  1.237e+03     7.2980     7.2980     0.0001     5.3524     5.3525      9.909     10.131      0.232    1458.12    1458.12  0.000e+00
       1109     10.500    10.4361    10.4362     0.0000    0.91572    0.91573          1     7.3924     6.9265       9.99     0.0294  3.399e-01  4.205e+00  1.237e+03     7.2980     7.2980     0.0000     5.3525     5.3525     10.404     10.638      0.263    1458.12    1458.12  0.000e+00
       1151     11.000    10.4351    10.4351    -0.0001    0.91570    0.91571          1     7.3878     6.9270       9.99     0.0292  2.901e-01  3.589e+00  1.237e+03     7.2979     7.2981     0.0001     5.3526     5.3527     10.900     11.144      0.268    1458.13    1458.13  0.000e+00
       1203     11.500    10.4343    10.4342    -0.0001    0.91569    0.91569          1     7.3938     6.9149       9.99     0.0288  2.563e-01  3.175e+00  1.239e+03     7.2980     7.2980     0.0001     5.3527     5.3528     11.395     11.651      0.223    1458.13    1458.13  0.000e+00
       1250     12.000    10.4336    10.4340     0.0005    0.91568    0.91570          1     7.3852     6.9148       9.99     0.0293  2.148e-01  2.661e+00  1.239e+03     7.2980     7.2981     0.0001     5.3528     5.3528     11.890     12.157      0.297    1458.14    1458.14  0.000e+00
       1292     12.500    10.4351    10.4361     0.0009    0.91573    0.91575          1     7.3871     6.9220       9.99     0.0293  1.831e-01  2.269e+00  1.239e+03     7.2980     7.2981     0.0000     5.3527     5.3526     12.386     12.664      0.244    1458.15    1458.15  0.000e+00
       1349     13.000    10.4390    10.4398     0.0009    0.91582    0.91585          1     7.3999     6.9307       9.99     0.0291  1.664e-01  2.060e+00  1.238e+03     7.2980     7.2980     0.0000     5.3522     5.3521     12.881     13.171      0.218    1458.17    1458.18  0.000e+00
       1396     13.500    10.4399    10.4410     0.0012    0.91585    0.91589          1     7.4022     6.9270       9.99     0.0292  1.417e-01  1.753e+00  1.237e+03     7.2980     7.2981     0.0001     5.3521     5.3520     13.377     13.677      0.297    1458.18    1458.19  0.000e+00
       1435     14.000    10.4402    10.4418     0.0016    0.91586    0.91590          1     7.3997     6.9263       9.98     0.0296  1.222e-01  1.514e+00  1.239e+03     7.2980     7.2980     0.0000     5.3521     5.3519     13.872     14.184      0.281    1458.19    1458.20  0.000e+00
       1486     14.500    10.4416    10.4421     0.0006    0.91590    0.91592          1     7.3997     6.9204       9.98     0.0300  1.058e-01  1.312e+00  1.240e+03     7.2980     7.2980     0.0000     5.3519     5.3519     14.367     14.690      0.218    1458.21    1458.21  0.000e+00
       1533     15.000    10.4418    10.4422     0.0004    0.91591    0.91593          1     7.3994     6.9237       9.98     0.0290  9.060e-02  1.125e+00  1.242e+03     7.2980     7.2981     0.0000     5.3519     5.3519     14.863     15.197      0.331    1458.22    1458.22  0.000e+00
       1569     15.500    10.4411    10.4412     0.0001    0.91590    0.91591          1     7.3957     6.9304       9.98     0.0291  7.809e-02  9.700e-01  1.242e+03     7.2980     7.2980     0.0001     5.3519     5.3520     15.358     15.703      0.275    1458.22    1458.22  0.000e+00
       1627     16.000    10.4404    10.4404     0.0000    0.91588    0.91589          1     7.4005     6.9193       9.98     0.0286  6.616e-02  8.202e-01  1.240e+03     7.2980     7.2980     0.0000     5.3520     5.3520     15.854     16.210      0.217    1458.23    1458.23  0.000e+00
       1674     16.500    10.4408    10.4409     0.0000    0.91590    0.91591          1     7.4004     6.9189       9.98     0.0293  5.748e-02  7.133e-01  1.241e+03     7.2980     7.2980     0.0000     5.3519     5.3520     16.349     16.716      0.267    1458.24    1458.24  0.000e+00
       1720     17.000    10.4410    10.4415     0.0005    0.91591    0.91593          1     7.3930     6.9142       9.98     0.0295  4.813e-02  5.962e-01  1.239e+03     7.2979     7.2980     0.0000     5.3519     5.3519     16.845     17.223      0.287    1458.24    1458.25  0.000e+00
       1757     17.500    10.4405    10.4403    -0.0002    0.91591    0.91591          1     7.3974     6.9268       9.98     0.0291  4.124e-02  5.122e-01  1.242e+03     7.2979     7.2980     0.0000     5.3520     5.3520     17.340     17.730      0.330    1458.25    1458.25  0.000e+00
       1807     18.000    10.4378    10.4366    -0.0013    0.91585    0.91583          1     7.3875     6.9206       9.98     0.0290  3.429e-02  4.260e-01  1.242e+03     7.2979     7.2980     0.0001     5.3523     5.3525     17.835     18.236      0.221    1458.25    1458.24  0.000e+00
       1862     18.500    10.4346    10.4345    -0.0001    0.91579    0.91579          1     7.3781     6.9259       9.98     0.0277  2.923e-02  3.623e-01  1.240e+03     7.2980     7.2980     0.0001     5.3527     5.3527     18.331     18.743      0.362    1458.24    1458.24  0.000e+00
       1891     19.000    10.4348    10.4349     0.0002    0.91579    0.91580          1     7.3841     6.9206       9.98     0.0280  2.346e-02  2.917e-01  1.244e+03     7.2980     7.2980     0.0000     5.3526     5.3526     18.826     19.249      0.351    1458.25    1458.25  0.000e+00
       1953     19.500    10.4335    10.4333    -0.0003    0.91578    0.91578          1     7.3897     6.9183       9.98     0.0295  1.817e-02  2.255e-01  1.241e+03     7.2980     7.2981     0.0000     5.3528     5.3529     19.321     19.756      0.251    1458.26    1458.26  0.000e+00
       2000     20.000    10.4330    10.4338     0.0008    0.91577    0.91580          1     7.3813     6.9256       9.98     0.0293  1.510e-02  1.874e-01  1.241e+03     7.2980     7.2981     0.0000     5.3529     5.3528     19.817     20.262      0.393    1458.26    1458.26  0.000e+00
       2030     20.500    10.4331    10.4337     0.0007    0.91579    0.91580          1     7.3877     6.9295       9.98     0.0291  1.103e-02  1.371e-01  1.243e+03     7.2981     7.2981     0.0000     5.3529     5.3528     20.312     20.769      0.341    1458.27    1458.27  0.000e+00
       2083     21.000    10.4340    10.4340    -0.0000    0.91581    0.91582          1     7.3875     6.9221       9.97     0.0288  7.207e-03  8.951e-02  1.242e+03     7.2980     7.2981     0.0001     5.3528     5.3528     20.808     21.275      0.202    1458.28    1458.28  0.000e+00
       2136     21.500    10.4324    10.4327     0.0003    0.91579    0.91580          1     7.3883     6.9133       9.97     0.0288  5.179e-03  6.436e-02  1.243e+03     7.2982     7.2982     0.0000     5.3531     5.3530     21.303     21.782      0.325    1458.28    1458.29  0.000e+00
       2171     22.000    10.4331    10.4327    -0.0004    0.91581    0.91581          1     7.3885     6.9133       9.97     0.0291  2.132e-03  2.649e-02  1.243e+03     7.2981     7.2982     0.0001     5.3530     5.3531     21.798     22.289      0.290    1458.30    1458.29  0.000e+00
       2228     22.500    10.4319    10.4304    -0.0015    0.91580    0.91577          1     7.3890     6.9195       9.97     0.0288  1.428e-04  1.775e-03  1.241e+03     7.2982     7.2983     0.0001     5.3531     5.3534     22.294     22.795      0.238    1458.30    1458.29  0.000e+00
       2271     23.000    10.4318    10.4332     0.0014    0.91580    0.91584          1     7.3895     6.9207       9.97     0.0289  4.527e-07  5.626e-06  1.242e+03     7.2982     7.2982     0.0000     5.3532     5.3530     22.789     23.302      0.310    1458.31    1458.31  0.000e+00
       2313     23.500    10.4340    10.4348     0.0008    0.91586    0.91588          1     7.3787     6.9115       9.97     0.0293  8.031e-14  1.000e-12  1.245e+03     7.2981     7.2982     0.0000     5.3529     5.3528     23.285     23.808      0.259    1458.32    1458.33  0.000e+00
       2361     24.000    10.4340    10.4343     0.0002    0.91586    0.91587          1     7.3850     6.9199       9.97     0.0293  8.046e-14  1.000e-12  1.243e+03     7.2981     7.2982     0.0000     5.3528     5.3529     23.780     24.315      0.261    1458.33    1458.33  0.000e+00
       2404     24.500    10.4350    10.4355     0.0005    0.91589    0.91590          1     7.3847     6.9150       9.97     0.0288  8.043e-14  1.000e-12  1.243e+03     7.2981     7.2981     0.0000     5.3527     5.3527     24.275     24.821      0.282    1458.34    1458.34  0.000e+00
       2454     25.000    10.4349    10.4346    -0.0003    0.91589    0.91589          1     7.3838     6.9236       9.97     0.0293  8.028e-14  1.000e-12  1.246e+03     7.2981     7.2982     0.0000     5.3528     5.3528     24.771     25.328      0.214    1458.35    1458.35  0.000e+00
       2504     25.500    10.4331    10.4333     0.0003    0.91587    0.91587          1     7.3846     6.9206       9.97     0.0293  8.059e-14  1.000e-12  1.241e+03     7.2982     7.2982    -0.0000     5.3530     5.3530     25.266     25.834      0.283    1458.35    1458.35  0.000e+00
       2546     26.000    10.4333    10.4336     0.0003    0.91588    0.91589          1     7.3807     6.9263       9.97     0.0296  8.040e-14  1.000e-12  1.244e+03     7.2982     7.2982     0.0000     5.3530     5.3530     25.762     26.341      0.272    1458.36    1458.36  0.000e+00
       2594     26.500    10.4328    10.4331     0.0003    0.91587    0.91588          1     7.3841     6.9240       9.97     0.0293  8.031e-14  1.000e-12  1.245e+03     7.2982     7.2982     0.0000     5.3530     5.3530     26.257     26.848      0.245    1458.37    1458.37  0.000e+00
       2639     27.000    10.4295    10.4301     0.0007    0.91580    0.91582          1     7.3895     6.9135       9.97     0.0291  8.042e-14  1.000e-12  1.243e+03     7.2982     7.2983     0.0000     5.3534     5.3534     26.752     27.354      0.302    1458.36    1458.36  0.000e+00
       2677     27.500    10.4292    10.4266    -0.0025    0.91579    0.91575          1     7.3948     6.9110       9.97     0.0294  8.011e-14  1.000e-12  1.248e+03     7.2981     7.2983     0.0001     5.3534     5.3538     27.248     27.861      0.295    1458.37    1458.36  0.000e+00
       2724     28.000    10.4077    10.4071    -0.0006    0.91530    0.91533          1     7.3689     6.9085       9.97     0.0304  8.019e-14  1.000e-12  1.247e+03     7.2981     7.2985     0.0003     5.3558     5.3561     27.743     28.367      0.221    1458.29    1458.29  0.000e+00
       2782     28.500    10.3706    10.3668    -0.0038    0.91447    0.91444          1     7.3405     6.8867       9.97     0.0286  8.039e-14  1.000e-12  1.244e+03     7.2984     7.2989     0.0005     5.3601     5.3610     28.239     28.874      0.236    1458.16    1458.15  0.000e+00
