ctdpy/exports/archive_20191120_135557/received_data/SBE09_1044_20180419_1309_34_07_0021.cnv
* Sea-Bird SBE 9 Data File:
* FileName = C:\ctd\temp\2018\AU18D021.hex
* Software Version Seasave V 7.26.6.26
* Temperature SN = 5351
* Conductivity SN = 3941
* Number of Bytes Per Scan = 41
* Number of Voltage Words = 4
* Number of Scans Averaged by the Deck Unit = 1
* NMEA Latitude = 58 00.99 N
* NMEA Longitude = 017 59.08 E
* NMEA UTC (Time) = Apr 19 2018  13:10:02
* NMEA baud rate = 4800
** Station:  BY32
** Operator:  SSip
** Ship: AURA
** Average sound velocity: 1438.11 m/s
** True-depth calculation Thu, 19 Apr 2018 14:18:44 +0000
** CTD Python Module SMHI /ver 3-12/ feb 2012 
** LIMS Job: 20183407-0021
** Cruise: SMHI-01-2018
** Latitude [GG MM.mm N] :
** Longitude [GG MM.mm E]:
# nquan = 26
# nvalues = 392                         
# units = specified
# name 0 = scan: Scan Count
# name 1 = prDM: Pressure, Digiquartz [db]
# name 2 = t090C: Temperature [ITS-90, deg C]
# name 3 = t190C: Temperature, 2 [ITS-90, deg C]
# name 4 = T2-T190C: Temperature Difference, 2 - 1 [ITS-90, deg C]
# name 5 = c0S/m: Conductivity [S/m]
# name 6 = c1S/m: Conductivity, 2 [S/m]
# name 7 = pumps: Pump Status
# name 8 = sbeox0ML/L: Oxygen, SBE 43 [ml/l]
# name 9 = sbeox1ML/L: Oxygen, SBE 43, 2 [ml/l]
# name 10 = altM: Altimeter [m]
# name 11 = flECO-AFL: Chl-a Fluorescence, WET Labs ECO-AFL/FL [mg/m^3]
# name 12 = flECO-AFL1: Phycocyanin Fluorescence, WET Labs ECO-AFL/FL, 2 [mg/m^3]
# name 13 = par: PAR/Irradiance, Biospherical/Lico [µE/(cm^2*s)]
# name 14 = turbWETntu0: Turbidity, WET Labs ECO [NTU]
# name 15 = sal00: Salinity, Practical [PSU]
# name 16 = sal11: Salinity, Practical, 2 [PSU]
# name 17 = secS-priS: Salinity, Practical, Difference, 2 - 1 [PSU]
# name 18 = sigma-t00: Density [sigma-t, Kg/m^3 ]
# name 19 = sigma-t11: Density, 2 [sigma-t, Kg/m^3 ]
# name 20 = depSM: Depth [salt water, m], lat = 58.0165
# name 21 = depFM: Depth [true depth, m], lat = 58.0165
# name 22 = dz/dtM: Descent Rate [m/s], WS = 2
# name 23 = svCM: Sound Velocity [Chen-Millero, m/s]
# name 24 = svCM1: Sound Velocity, 2 [Chen-Millero, m/s]
# name 25 = flag: flag
# span 0 =       7190,      17067       
# span 1 =      1.000,    196.500       
# span 2 =     2.4065,     5.8826       
# span 3 =     2.4066,     5.8834       
# span 4 =    -0.0385,     0.0294       
# span 5 =   0.708545,   1.166200       
# span 6 =   0.708484,   1.166198       
# span 7 =          1,          1       
# span 8 =    0.02291,   10.41499       
# span 9 =    0.02700,   10.23351       
# span 10 =       4.48,      98.71      
# span 11 =     0.2816,     8.8665      
# span 12 =     0.1480,     1.7785      
# span 13 = -2.303e-06, 1.2753e+03      
# span 14 =     0.1361,     1.8814      
# span 15 =     6.9332,    10.7485      
# span 16 =     6.9325,    10.7482      
# span 17 =    -0.0071,     0.0010      
# span 18 =     5.5200,     8.4499      
# span 19 =     5.5191,     8.4497      
# span 20 =      0.991,    194.586      
# span 21 =      1.013,    198.695      
# span 22 =      0.058,      0.594      
# span 23 =    1423.73,    1446.89      
# span 24 =    1423.73,    1446.89      
# span 25 = 0.0000e+00, 0.0000e+00      
# interval = decibars: 0.5              
# start_time = Apr 19 2018 13:10:02 [NMEA time, first data scan]
# bad_flag = -9.990e-29
*END*
[from data line 168]
      11336     85.000     5.5122     5.5116    -0.0006    1.06407    1.06380          1     0.2629     0.2139      98.68     0.8403     0.2270  1.000e-12  0.7758000     9.8615     9.8591    -0.0025     7.7721     7.7702     84.195     86.061      0.534    1442.40    1442.40  0.000e+00
      11359     85.500     5.5265     5.5263    -0.0002    1.06848    1.06834          1     0.2083     0.1542      98.68     0.4607     0.2434  1.000e-12  0.5031000     9.9013     9.9000    -0.0013     7.8027     7.8017     84.690     86.566      0.511    1442.52    1442.52  0.000e+00
      11383     86.000     5.5281     5.5288     0.0007    1.07103    1.07092          1     0.1564     0.1033      98.68     0.3103     0.2371  1.000e-12  0.4658000     9.9263     9.9250    -0.0013     7.8223     7.8213     85.185     87.072      0.518    1442.57    1442.57  0.000e+00
      11405     86.500     5.5259     5.5263     0.0004    1.07363    1.07352          1     0.1255     0.0853      98.68     0.3234     0.1862  1.000e-12  0.6719000     9.9528     9.9517    -0.0012     7.8434     7.8424     85.680     87.577      0.552    1442.60    1442.60  0.000e+00
      11426     87.000     5.5289     5.5293     0.0004    1.07559    1.07553          1     0.1168     0.0853      98.68     0.3462     0.2458  1.000e-12  0.9230000     9.9715     9.9707    -0.0007     7.8579     7.8573     86.175     88.082      0.584    1442.65    1442.65  0.000e+00
      11446     87.500     5.5312     5.5316     0.0005    1.07666    1.07662          1     0.1201     0.0890      98.68     0.3690     0.2606  1.000e-12  1.1504000     9.9814     9.9808    -0.0006     7.8657     7.8652     86.671     88.588      0.594    1442.68    1442.68  0.000e+00
      11467     88.000     5.5354     5.5358     0.0004    1.07777    1.07772          1     0.1207     0.0918      98.68     0.3465     0.2059  1.000e-12  1.2503000     9.9912     9.9906    -0.0007     7.8732     7.8726     87.166     89.093      0.577    1442.71    1442.71  0.000e+00
      11488     88.500     5.5448     5.5449     0.0001    1.07909    1.07903          1     0.1231     0.0928      98.68     0.5291     0.1822  1.000e-12  1.1620000    10.0015    10.0009    -0.0006     7.8808     7.8803     87.661     89.598      0.548    1442.78    1442.78  0.000e+00
      11511     89.000     5.5564     5.5561    -0.0002    1.08102    1.08094          1     0.1198     0.0934      98.68     0.4214     0.2302  1.000e-12  1.0560000    10.0173    10.0165    -0.0007     7.8925     7.8920     88.156     90.104      0.524    1442.85    1442.85  0.000e+00
      11534     89.500     5.5654     5.5654     0.0000    1.08276    1.08268          1     0.1198     0.0914      98.68     0.3655     0.2700  1.000e-12  0.9118000    10.0319    10.0311    -0.0008     7.9036     7.9030     88.651     90.609      0.519    1442.92    1442.92  0.000e+00
      11557     90.000     5.5688     5.5696     0.0008    1.08400    1.08396          1     0.1198     0.0898      98.68     0.3477     0.2273  1.000e-12  0.7802000    10.0432    10.0426    -0.0006     7.9123     7.9118     89.146     91.114      0.540    1442.95    1442.96  0.000e+00
      11578     90.500     5.5670     5.5676     0.0006    1.08527    1.08522          1     0.1165     0.0888      98.68     0.3297     0.2225  1.000e-12  0.8790000    10.0564    10.0557    -0.0006     7.9228     7.9223     89.642     91.619      0.564    1442.97    1442.97  0.000e+00
      11599     91.000     5.5714     5.5719     0.0006    1.08654    1.08649          1     0.1146     0.0891      98.68     0.3476     0.2940  1.000e-12  1.2504000    10.0676    10.0670    -0.0006     7.9314     7.9309     90.137     92.125      0.572    1443.01    1443.02  0.000e+00
      11620     91.500     5.5731     5.5736     0.0005    1.08771    1.08766          1     0.1091     0.0880      98.68     0.3829     0.2891  1.000e-12  1.1208000    10.0787    10.0781    -0.0006     7.9401     7.9396     90.632     92.630      0.564    1443.04    1443.04  0.000e+00
      11642     92.000     5.5763     5.5768     0.0005    1.08895    1.08890          1     0.1097     0.0868      98.68     0.3612     0.2271  1.000e-12  1.2890000    10.0901    10.0895    -0.0006     7.9489     7.9484     91.127     93.135      0.552    1443.08    1443.08  0.000e+00
      11664     92.500     5.5773     5.5779     0.0006    1.08991    1.08987          1     0.1090     0.0872      98.68     0.3592     0.2440  1.000e-12  1.4908000    10.0993    10.0988    -0.0005     7.9561     7.9557     91.622     93.640      0.549    1443.11    1443.11  0.000e+00
      11686     93.000     5.5779     5.5785     0.0006    1.09074    1.09070          1     0.1036     0.0835      98.68     0.3647     0.2314  1.000e-12  1.7128000    10.1074    10.1068    -0.0006     7.9624     7.9619     92.117     94.146      0.548    1443.12    1443.13  0.000e+00
      11708     93.500     5.5806     5.5813     0.0006    1.09174    1.09170          1     0.1004     0.0787      98.68     0.3708     0.2233  1.000e-12  1.8305000    10.1164    10.1160    -0.0005     7.9694     7.9690     92.612     94.651      0.545    1443.15    1443.16  0.000e+00
      11730     94.000     5.5834     5.5839     0.0005    1.09247    1.09244          1     0.0988     0.0775      98.68     0.3696     0.2554  1.000e-12  1.7910000    10.1228    10.1224    -0.0004     7.9743     7.9740     93.108     95.156      0.548    1443.18    1443.19  0.000e+00
      11752     94.500     5.5865     5.5870     0.0006    1.09335    1.09332          1     0.1002     0.0796      98.68     0.3580     0.2699  1.000e-12  1.7772000    10.1307    10.1302    -0.0005     7.9804     7.9799     93.603     95.661      0.556    1443.21    1443.22  0.000e+00
      11773     95.000     5.5922     5.5926     0.0004    1.09470    1.09465          1     0.0955     0.0746      98.68     0.3586     0.2572  1.000e-12  1.8814000    10.1424    10.1418    -0.0006     7.9892     7.9888     94.098     96.167      0.559    1443.26    1443.26  0.000e+00
      11795     95.500     5.5931     5.5938     0.0006    1.09555    1.09552          1     0.0945     0.0765      98.68     0.3491     0.2211  1.000e-12  1.6425000    10.1504    10.1500    -0.0004     7.9956     7.9952     94.593     96.672      0.551    1443.29    1443.29  0.000e+00
      11817     96.000     5.5929     5.5933     0.0004    1.09629    1.09626          1     0.0903     0.0771      98.68     0.3880     0.2324  1.000e-12  1.5377000    10.1579    10.1574    -0.0005     8.0014     8.0011     95.088     97.177      0.539    1443.30    1443.30  0.000e+00
      11839     96.500     5.5993     5.5997     0.0005    1.09749    1.09744          1     0.0874     0.0713      98.68     0.3750     0.2441  1.000e-12  1.5051000    10.1678    10.1672    -0.0006     8.0089     8.0084     95.583     97.682      0.537    1443.35    1443.35  0.000e+00
      11861     97.000     5.6100     5.6105     0.0005    1.09918    1.09914          1     0.0865     0.0712      98.68     0.3503     0.2209  1.000e-12  1.4200000    10.1815    10.1809    -0.0006     8.0191     8.0186     96.078     98.188      0.553    1443.42    1443.42  0.000e+00
      11882     97.500     5.6177     5.6182     0.0005    1.10132    1.10124          1     0.0878     0.0736      98.68     0.3581     0.2225  1.000e-12  1.2884000    10.2004    10.1995    -0.0009     8.0336     8.0328     96.574     98.693      0.572    1443.49    1443.49  0.000e+00
      11903     98.000     5.6267     5.6272     0.0005    1.10345    1.10340          1     0.0862     0.0711      98.68     0.3592     0.2344  1.000e-12  1.3268000    10.2189    10.2183    -0.0006     8.0477     8.0471     97.069     99.198      0.575    1443.56    1443.56  0.000e+00
      11924     98.500     5.6275     5.6282     0.0007    1.10464    1.10461          1     0.0821     0.0712      98.68     0.3952     0.1642  1.000e-12  1.4058000    10.2304    10.2299    -0.0005     8.0567     8.0563     97.564     99.703      0.554    1443.58    1443.58  0.000e+00
      11947     99.000     5.6279     5.6285     0.0006    1.10570    1.10567          1     0.0835     0.0693      98.68     0.3577     0.2164  1.000e-12  1.3972000    10.2409    10.2404    -0.0006     8.0650     8.0645     98.059    100.208      0.528    1443.60    1443.61  0.000e+00
      11970     99.500     5.6300     5.6306     0.0006    1.10711    1.10708          1     0.0836     0.0666      98.68     0.3460     0.2378  1.000e-12  1.4469000    10.2542    10.2537    -0.0005     8.0753     8.0749     98.554    100.714      0.525    1443.64    1443.64  0.000e+00
      11992    100.000     5.6307     5.6313     0.0007    1.10867    1.10862          1     0.0798     0.0690      98.68     0.3463     0.2279  1.000e-12  1.4242000    10.2695    10.2689    -0.0007     8.0874     8.0868     99.049    101.219      0.539    1443.67    1443.67  0.000e+00
      12014    100.500     5.6332     5.6338     0.0006    1.10973    1.10971          1     0.0798     0.0676      98.68     0.3551     0.2318  1.000e-12  1.3200000    10.2793    10.2789    -0.0004     8.0949     8.0946     99.544    101.724      0.559    1443.70    1443.70  0.000e+00
      12035    101.000     5.6357     5.6364     0.0006    1.11012    1.11010          1     0.0784     0.0647      98.68     0.3692     0.2271  1.000e-12  1.2215000    10.2824    10.2819    -0.0005     8.0972     8.0968    100.039    102.229      0.577    1443.72    1443.72  0.000e+00
      12056    101.500     5.6392     5.6397     0.0005    1.11082    1.11079          1     0.0766     0.0650      98.68     0.3585     0.1611  1.000e-12  1.2860000    10.2882    10.2878    -0.0005     8.1016     8.1012    100.535    102.734      0.583    1443.75    1443.75  0.000e+00
      12076    102.000     5.6408     5.6415     0.0007    1.11146    1.11144          1     0.0740     0.0646      98.68     0.3586     0.1891  1.000e-12  1.3343000    10.2940    10.2935    -0.0004     8.1060     8.1057    101.030    103.239      0.567    1443.77    1443.78  0.000e+00
      12098    102.500     5.6443     5.6449     0.0007    1.11257    1.11254          1     0.0734     0.0651      98.68     0.3586     0.2201  1.000e-12  1.3310000    10.3039    10.3034    -0.0005     8.1137     8.1133    101.525    103.745      0.532    1443.81    1443.81  0.000e+00
      12122    103.000     5.6476     5.6482     0.0006    1.11347    1.11343          1     0.0778     0.0654      98.68     0.3580     0.2537  1.000e-12  1.2895000    10.3119    10.3113    -0.0006     8.1198     8.1193    102.020    104.250      0.514    1443.84    1443.84  0.000e+00
      12145    103.500     5.6538     5.6543     0.0005    1.11512    1.11507          1     0.0722     0.0645      98.68     0.3591     0.2511  1.000e-12  1.2846000    10.3263    10.3257    -0.0007     8.1308     8.1303    102.515    104.755      0.533    1443.90    1443.90  0.000e+00
      12167    104.000     5.6624     5.6630     0.0006    1.11713    1.11710          1     0.0719     0.0619      98.68     0.3580     0.2223  1.000e-12  1.2886000    10.3437    10.3433    -0.0005     8.1441     8.1436    103.010    105.260      0.558    1443.96    1443.96  0.000e+00
      12188    104.500     5.6643     5.6650     0.0007    1.11767    1.11766          1     0.0714     0.0611      98.68     0.3592     0.2310  1.000e-12  1.2600000    10.3485    10.3481    -0.0004     8.1477     8.1474    103.505    105.765      0.567    1443.98    1443.99  0.000e+00
      12209    105.000     5.6677     5.6683     0.0007    1.11840    1.11837          1     0.0688     0.0614      98.68     0.3586     0.2452  1.000e-12  1.2644000    10.3546    10.3541    -0.0005     8.1523     8.1519    104.000    106.270      0.566    1444.01    1444.02  0.000e+00
      12230    105.500     5.6753     5.6759     0.0007    1.11965    1.11962          1     0.0722     0.0617      98.68     0.3697     0.2323  1.000e-12  1.2690000    10.3648    10.3642    -0.0005     8.1599     8.1595    104.495    106.776      0.563    1444.07    1444.07  0.000e+00
      12252    106.000     5.6789     5.6796     0.0007    1.12022    1.12020          1     0.0713     0.0600      98.68     0.3624     0.2256  1.000e-12  1.2178000    10.3692    10.3688    -0.0005     8.1632     8.1628    104.991    107.281      0.555    1444.10    1444.10  0.000e+00
      12273    106.500     5.6886     5.6890     0.0005    1.12113    1.12109          1     0.0699     0.0592      98.68     0.3796     0.2298  1.000e-12  1.3111000    10.3752    10.3747    -0.0005     8.1674     8.1670    105.486    107.786      0.540    1444.15    1444.15  0.000e+00
      12296    107.000     5.6886     5.6893     0.0007    1.12145    1.12144          1     0.0690     0.0609      98.68     0.3739     0.2307  1.000e-12  1.3622000    10.3783    10.3780    -0.0003     8.1698     8.1695    105.981    108.291      0.535    1444.16    1444.17  0.000e+00
      12318    107.500     5.6853     5.6859     0.0007    1.12155    1.12154          1     0.0648     0.0612      98.68     0.3582     0.1789  1.000e-12  1.2974000    10.3803    10.3799    -0.0003     8.1715     8.1713    106.476    108.796      0.548    1444.16    1444.16  0.000e+00
      12340    108.000     5.6863     5.6869     0.0006    1.12177    1.12176          1     0.0656     0.0611      97.88     0.3822     0.2287  1.000e-12  1.2423000    10.3820    10.3818    -0.0003     8.1729     8.1726    106.971    109.301      0.556    1444.18    1444.18  0.000e+00
      12362    108.500     5.6870     5.6878     0.0008    1.12203    1.12201          1     0.0667     0.0593      97.33     0.3713     0.2389  1.000e-12  1.2415000    10.3843    10.3840    -0.0004     8.1746     8.1743    107.466    109.806      0.545    1444.19    1444.19  0.000e+00
      12384    109.000     5.6893     5.6901     0.0008    1.12251    1.12250          1     0.0665     0.0577      98.70     0.3589     0.2106  1.000e-12  1.2458000    10.3884    10.3880    -0.0003     8.1777     8.1774    107.961    110.312      0.541    1444.21    1444.22  0.000e+00
      12406    109.500     5.6916     5.6923     0.0007    1.12288    1.12287          1     0.0625     0.0553      98.68     0.3580     0.1856  1.000e-12  1.2777000    10.3913    10.3910    -0.0003     8.1799     8.1796    108.456    110.817      0.563    1444.24    1444.24  0.000e+00
      12427    110.000     5.6951     5.6957     0.0006    1.12353    1.12350          1     0.0637     0.0551      98.68     0.3666     0.1844  1.000e-12  1.2733000    10.3965    10.3961    -0.0005     8.1838     8.1834    108.951    111.322      0.576    1444.26    1444.27  0.000e+00
      12447    110.500     5.6992     5.6998     0.0006    1.12409    1.12407          1     0.0636     0.0562      98.68     0.3746     0.2318  1.000e-12  1.2823000    10.4008    10.4005    -0.0004     8.1870     8.1866    109.447    111.827      0.562    1444.30    1444.30  0.000e+00
      12469    111.000     5.7026     5.7032     0.0006    1.12455    1.12454          1     0.0612     0.0564      98.68     0.3857     0.2450  1.000e-12  1.3173000    10.4043    10.4040    -0.0002     8.1895     8.1893    109.942    112.332      0.535    1444.32    1444.32  0.000e+00
      12492    111.500     5.7048     5.7057     0.0009    1.12487    1.12488          1     0.0622     0.0559      98.68     0.3942     0.2595  1.000e-12  1.3302000    10.4067    10.4066    -0.0001     8.1913     8.1911    110.437    112.837      0.526    1444.34    1444.35  0.000e+00
