ctdpy/exports/archive_20191120_135557/received_data/SBE09_1044_20180319_2321_34_02_0073.cnv
* Sea-Bird SBE 9 Data File:
* FileName = C:\ctd\temp\2018\ME18D073.hex
* Software Version Seasave V 7.26.6.26
* Temperature SN = 5351
* Conductivity SN = 3941
* Number of Bytes Per Scan = 41
* Number of Voltage Words = 4
* Number of Scans Averaged by the Deck Unit = 1
* NMEA Latitude = 58 18.90 N
* NMEA Longitude = 010 56.55 E
* NMEA UTC (Time) = Mar 19 2018  23:21:38
* NMEA baud rate = 4800
** Station:  Å14
** Operator:  OBac
** Ship: MERI
** Average sound velocity: 1472.33 m/s
** True-depth calculation Mon, 19 Mar 2018 23:48:00 +0000
** CTD Python Module SMHI /ver 3-12/ feb 2012 
** LIMS Job: 20183402-0073
** Cruise: SMHI-02-2018
** Latitude [GG MM.mm N] :
** Longitude [GG MM.mm E]:
# nquan = 26
# nvalues = 213                         
# units = specified
# name 0 = scan: Scan Count
# name 1 = prDM: Pressure, Digiquartz [db]
# name 2 = t090C: Temperature [ITS-90, deg C]
# name 3 = t190C: Temperature, 2 [ITS-90, deg C]
# name 4 = T2-T190C: Temperature Difference, 2 - 1 [ITS-90, deg C]
# name 5 = c0S/m: Conductivity [S/m]
# name 6 = c1S/m: Conductivity, 2 [S/m]
# name 7 = pumps: Pump Status
# name 8 = sbeox0ML/L: Oxygen, SBE 43 [ml/l]
# name 9 = sbeox1ML/L: Oxygen, SBE 43, 2 [ml/l]
# name 10 = altM: Altimeter [m]
# name 11 = flECO-AFL: Chl-a Fluorescence, WET Labs ECO-AFL/FL [mg/m^3]
# name 12 = flECO-AFL1: Phycocyanin Fluorescence, WET Labs ECO-AFL/FL, 2 [mg/m^3]
# name 13 = par: PAR/Irradiance, Biospherical/Lico [µE/(cm^2*s)]
# name 14 = turbWETntu0: Turbidity, WET Labs ECO [NTU]
# name 15 = sal00: Salinity, Practical [PSU]
# name 16 = sal11: Salinity, Practical, 2 [PSU]
# name 17 = secS-priS: Salinity, Practical, Difference, 2 - 1 [PSU]
# name 18 = sigma-t00: Density [sigma-t, Kg/m^3 ]
# name 19 = sigma-t11: Density, 2 [sigma-t, Kg/m^3 ]
# name 20 = depSM: Depth [salt water, m], lat = 58.315
# name 21 = depFM: Depth [true depth, m], lat = 58.315
# name 22 = dz/dtM: Descent Rate [m/s], WS = 2
# name 23 = svCM: Sound Velocity [Chen-Millero, m/s]
# name 24 = svCM1: Sound Velocity, 2 [Chen-Millero, m/s]
# name 25 = flag: flag
# span 0 =       8610,      14062       
# span 1 =      1.000,    107.000       
# span 2 =     0.0038,     7.2937       
# span 3 =     0.0081,     7.2936       
# span 4 =    -0.0234,     0.0127       
# span 5 =   2.145397,   3.552206       
# span 6 =   2.145467,   3.552470       
# span 7 =          1,          1       
# span 8 =    5.62862,    9.13943       
# span 9 =    5.64798,    9.18089       
# span 10 =       4.23,      98.77      
# span 11 =     0.0272,    13.2638      
# span 12 =     0.1579,     3.3161      
# span 13 = -1.451e-06, 3.5513e-01      
# span 14 =     0.3086,     1.7649      
# span 15 =    25.0835,    35.0277      
# span 16 =    25.0834,    35.0281      
# span 17 =    -0.0450,     0.0332      
# span 18 =    20.1074,    27.4453      
# span 19 =    20.1073,    27.4454      
# span 20 =      0.991,    105.978      
# span 21 =      0.998,    106.205      
# span 22 =     -0.053,      0.766      
# span 23 =    1436.00,    1480.67      
# span 24 =    1436.01,    1480.68      
# span 25 = 0.0000e+00, 0.0000e+00      
# interval = decibars: 0.5              
# start_time = Mar 19 2018 23:21:38 [NMEA time, first data scan]
# bad_flag = -9.990e-29
*END*
       8610      1.000     0.0537     0.0538     0.0000    2.14724    2.14717          1     9.1150     9.1587      98.71     7.9803     1.3865  3.551e-01  0.6377000    25.0844    25.0834    -0.0010    20.1081    20.1073      0.991      0.998      0.371    1436.17    1436.17  0.000e+00
       8653      1.500     0.0522     0.0471    -0.0051    2.14709    2.14695          1     9.1236     9.1690      98.71     8.4484     1.4053  9.505e-02  0.7254000    25.0835    25.0859     0.0024    20.1074    20.1094      1.486      1.498      0.357    1436.17    1436.15  0.000e+00
       8725      2.000     0.0445     0.0409    -0.0036    2.14696    2.14673          1     9.1319     9.1711      98.71     8.6709     1.4247  5.540e-02  0.7321000    25.0879    25.0878    -0.0000    20.1111    20.1112      1.981      1.997      0.252    1436.15    1436.13  0.000e+00
       8784      2.500     0.0461     0.0450    -0.0010    2.14689    2.14676          1     9.1315     9.1809      98.71     9.3690     1.3977  2.761e-02  0.7039000    25.0854    25.0846    -0.0008    20.1091    20.1085      2.477      2.496      0.340    1436.16    1436.16  0.000e+00
       8819      3.000     0.0386     0.0369    -0.0017    2.14644    2.14647          1     9.1185     9.1622      98.71     8.5419     1.4727  1.476e-02  0.8201000    25.0856    25.0874     0.0018    20.1094    20.1109      2.972      2.995      0.288    1436.13    1436.13  0.000e+00
       8861      3.500     0.0038     0.0081     0.0043    2.14540    2.14547          1     9.1394     9.1760      98.71     8.7428     1.5985  3.942e-03  0.8414000    25.1006    25.0979    -0.0027    20.1223    20.1200      3.467      3.495      0.363    1436.00    1436.01  0.000e+00
       8889      4.000     0.0121     0.0117    -0.0004    2.14756    2.14719          1     9.1323     9.1766      98.71     8.6342     1.5322  3.141e-04  0.8694000    25.1212    25.1169    -0.0043    20.1387    20.1352      3.963      3.994      0.440    1436.07    1436.06  0.000e+00
       8918      4.500     0.0117     0.0114    -0.0003    2.14749    2.14721          1     9.1266     9.1689      98.71     8.8739     1.3840 -1.451e-06  0.8568000    25.1203    25.1171    -0.0033    20.1380    20.1354      4.458      4.493      0.391    1436.08    1436.07  0.000e+00
       8947      5.000     0.0137     0.0122    -0.0015    2.14814    2.14753          1     9.1343     9.1651      98.71     8.6244     1.4921  1.000e-12  0.8617000    25.1268    25.1203    -0.0066    20.1432    20.1379      4.953      4.992      0.448    1436.10    1436.09  0.000e+00
       8974      5.500     0.0453     0.0291    -0.0162    2.15637    2.15188          1     9.1334     9.1505      98.71     8.9718     1.4389  1.000e-12  0.9390000    25.2058    25.1617    -0.0441    20.2061    20.1709      5.449      5.491      0.380    1436.37    1436.23  0.000e+00
       9015      6.000     0.0641     0.0458    -0.0182    2.16103    2.15632          1     9.1046     9.1363      98.71     8.9438     1.4005  1.000e-12  0.8175000    25.2494    25.2044    -0.0450    20.2408    20.2050      5.944      5.991      0.295    1436.52    1436.37  0.000e+00
       9047      6.500     0.0632     0.0674     0.0042    2.16103    2.16235          1     9.1012     9.1226      98.71     9.2375     1.4902  1.000e-12  0.8193000    25.2500    25.2633     0.0133    20.2412    20.2519      6.439      6.490      0.442    1436.52    1436.56  0.000e+00
       9072      7.000     0.0951     0.1077     0.0127    2.16968    2.17310          1     9.1109     9.1037      98.71     8.9460     1.4269  6.987e-06  0.8720000    25.3338    25.3670     0.0332    20.3081    20.3345      6.935      6.989      0.500    1436.79    1436.90  0.000e+00
       9095      7.500     0.1301     0.1335     0.0033    2.18061    2.18158          1     9.0858     9.0659      98.71     8.2306     1.2224 -1.665e-07  0.8693000    25.4438    25.4535     0.0096    20.3958    20.4035      7.430      7.488      0.558    1437.11    1437.14  0.000e+00
       9116      8.000     0.1583     0.1607     0.0024    2.18991    2.19046          1     9.0504     9.0473      98.71     7.3117     1.1868  1.132e-12  0.8023000    25.5388    25.5438     0.0050    20.4716    20.4756      7.925      7.987      0.532    1437.38    1437.40  0.000e+00
       9141      8.500     0.1668     0.1642    -0.0025    2.19328    2.19213          1     9.0298     9.0395      98.71     7.0229     1.1518  1.000e-12  0.8143000    25.5745    25.5620    -0.0125    20.5001    20.4901      8.421      8.486      0.448    1437.47    1437.45  0.000e+00
       9169      9.000     0.1720     0.1728     0.0007    2.19720    2.19709          1     8.9977     9.0112      98.71     6.6839     1.1515  1.000e-12  0.6376000    25.6198    25.6178    -0.0020    20.5364    20.5348      8.916      8.985      0.450    1437.57    1437.57  0.000e+00
       9193      9.500     0.1786     0.1784    -0.0002    2.20033    2.20011          1     8.9556     8.9701      98.71     6.4576     1.1036  1.000e-12  0.6368000    25.6540    25.6513    -0.0026    20.5638    20.5617      9.412      9.484      0.547    1437.65    1437.65  0.000e+00
       9213     10.000     0.1798     0.1801     0.0003    2.20147    2.20124          1     8.9218     8.9443      98.71     5.2232     0.9661  1.000e-12  0.6036000    25.6673    25.6641    -0.0032    20.5744    20.5719      9.907      9.983      0.597    1437.68    1437.68  0.000e+00
       9233     10.500     0.1777     0.1782     0.0004    2.20155    2.20133          1     8.9022     8.9279      98.71     4.7004     0.9537  1.000e-12  0.5840000    25.6698    25.6667    -0.0031    20.5765    20.5740     10.402     10.482      0.575    1437.68    1437.68  0.000e+00
       9256     11.000     0.1748     0.1740    -0.0008    2.20188    2.20206          1     8.8814     8.9007      98.71     4.4556     0.7838  1.000e-12  0.6253000    25.6762    25.6791     0.0029    20.5818    20.5841     10.897     10.981      0.488    1437.69    1437.69  0.000e+00
       9283     11.500     0.1682     0.1715     0.0032    2.20220    2.20234          1     8.8509     8.8692      98.71     4.2644     0.7628  1.000e-12  0.6173000    25.6855    25.6846    -0.0009    20.5894    20.5886     11.393     11.480      0.439    1437.68    1437.69  0.000e+00
       9309     12.000     0.1616     0.1626     0.0010    2.20230    2.20231          1     8.7693     8.7747      98.71     3.8570     0.5890  1.000e-12  0.5773000    25.6921    25.6914    -0.0008    20.5950    20.5943     11.888     11.979      0.516    1437.66    1437.67  0.000e+00
       9330     12.500     0.1985     0.2105     0.0119    2.20645    2.20771          1     8.6090     8.5959      98.71     4.2789     0.7027  1.000e-12  0.5752000    25.7139    25.7198     0.0059    20.6115    20.6159     12.383     12.478      0.628    1437.87    1437.94  0.000e+00
       9348     13.000     0.2796     0.2841     0.0046    2.21521    2.21564          1     8.6185     8.5786      98.71     5.4457     0.9852  1.000e-12  0.5522000    25.7571    25.7588     0.0017    20.6440    20.6453     12.879     12.977      0.677    1438.32    1438.34  0.000e+00
       9366     13.500     0.3889     0.3869    -0.0019    2.22978    2.22937          1     8.5735     8.4870      98.71     5.1090     1.4814  1.000e-12  0.6474000    25.8499    25.8464    -0.0035    20.7155    20.7128     13.374     13.476      0.638    1438.96    1438.95  0.000e+00
       9386     14.000     0.8330     0.8423     0.0095    2.30560    2.30627          1     8.3944     8.2351      98.71     7.1509     1.4927  1.000e-12  0.9377000    26.4283    26.4288     0.0004    21.1647    21.1647     13.869     13.975      0.518    1441.79    1441.83  0.000e+00
       9414     14.500     1.5188     1.5179    -0.0010    2.46093    2.46146          1     8.0941     7.8791      97.86    13.2638     3.3161  1.000e-12  1.7649000    27.7691    27.7765     0.0074    22.2094    22.2155     14.365     14.473      0.407    1446.69    1446.70  0.000e+00
       9443     15.000     2.2066     2.1990    -0.0075    2.60960    2.60931          1     7.6661     7.4879      96.60    11.6145     1.9032  1.000e-12  1.5574000    28.9797    28.9831     0.0033    23.1382    23.1414     14.860     14.971      0.454    1451.36    1451.33  0.000e+00
       9467     15.500     2.6805     2.6775    -0.0031    2.69801    2.69757          1     7.3421     7.2203      86.69     8.2194     1.8308  1.000e-12  1.0922000    29.6184    29.6159    -0.0025    23.6157    23.6139     15.355     15.469      0.571    1454.28    1454.27  0.000e+00
       9486     16.000     2.7733     2.7729    -0.0004    2.74956    2.74926          1     7.2836     7.1838      18.79    10.3550     1.1447  1.000e-12  1.3310000    30.1547    30.1515    -0.0033    24.0369    24.0343     15.851     15.966      0.648    1455.40    1455.39  0.000e+00
       9504     16.500     2.8625     2.8598    -0.0027    2.78712    2.78657          1     7.2342     7.1539      54.62    12.5367     1.1788  8.810e-06  1.5890000    30.5236    30.5195    -0.0041    24.3243    24.3212     16.346     16.464      0.660    1456.27    1456.25  0.000e+00
       9523     17.000     3.2044     3.2004    -0.0040    2.86162    2.86022          1     7.1343     7.0836      88.49     8.1539     1.7307  2.006e-07  1.0946000    31.0917    31.0787    -0.0130    24.7493    24.7392     16.841     16.961      0.614    1458.49    1458.45  0.000e+00
       9544     17.500     3.4157     3.4113    -0.0042    2.90782    2.90714          1     7.0251     7.0077      98.55     7.0778     1.2272  2.470e-10  1.0216000    31.4406    31.4368    -0.0038    25.0092    25.0065     17.337     17.458      0.530    1459.85    1459.83  0.000e+00
       9569     18.000     3.4742     3.4744     0.0001    2.92321    2.92312          1     7.0250     7.0375      97.84     4.1079     0.7189  1.000e-12  0.7410000    31.5672    31.5659    -0.0012    25.1048    25.1039     17.832     17.954      0.449    1460.28    1460.27  0.000e+00
       9597     18.500     3.5727     3.5652    -0.0075    2.94747    2.94595          1     7.0520     7.0685      95.49     2.9183     0.6140  1.000e-12  0.5869000    31.7595    31.7489    -0.0106    25.2491    25.2413     18.327     18.451      0.443    1460.95    1460.90  0.000e+00
       9622     19.000     3.8472     3.8456    -0.0017    2.99724    2.99697          1     6.9747     6.9538      98.72     2.5024     0.6689  1.000e-12  0.5550000    32.0810    32.0794    -0.0017    25.4794    25.4782     18.823     18.948      0.521    1462.53    1462.52  0.000e+00
       9643     19.500     4.0247     4.0185    -0.0063    3.02499    3.02440          1     6.9722     6.9235      98.71     2.0260     0.5430  1.000e-12  0.5060000    32.2339    32.2331    -0.0008    25.5838    25.5838     19.318     19.444      0.603    1463.48    1463.46  0.000e+00
       9662     20.000     4.1761     4.1658    -0.0100    3.05032    3.04939          1     6.8979     6.8410      42.17     1.7180     0.4657  1.000e-12  0.5118000    32.3823    32.3815    -0.0008    25.6868    25.6872     19.813     19.941      0.639    1464.32    1464.27  0.000e+00
       9681     20.500     4.5249     4.5015    -0.0234    3.10181    3.10017          1     6.8045     6.7500      83.73     1.4702     0.4043  1.000e-12  0.5607000    32.6393    32.6433     0.0040    25.8550    25.8606     20.308     20.438      0.623    1466.10    1466.01  0.000e+00
       9701     21.000     4.6972     4.6957    -0.0017    3.13826    3.13789          1     6.7481     6.7024      98.36     0.9131     0.3203  1.000e-12  0.3958000    32.8924    32.8896    -0.0028    26.0377    26.0356     20.804     20.934      0.561    1467.15    1467.14  0.000e+00
       9724     21.500     4.8969     4.8851    -0.0116    3.17460    3.17357          1     6.6871     6.6296      98.71     0.9867     0.3063  1.000e-12  0.4235000    33.1141    33.1139    -0.0002    26.1917    26.1928     21.299     21.430      0.486    1468.26    1468.21  0.000e+00
       9751     22.000     5.1342     5.1302    -0.0041    3.20980    3.20933          1     6.5796     6.5213      98.71     1.0672     0.3125  1.000e-12  0.4108000    33.2829    33.2815    -0.0015    26.2989    26.2981     21.794     21.926      0.458    1469.45    1469.43  0.000e+00
       9776     22.500     5.3281     5.3196    -0.0086    3.24311    3.24210          1     6.4845     6.4478      98.71     0.6177     0.2832  1.000e-12  0.4071000    33.4709    33.4679    -0.0030    26.4254    26.4239     22.290     22.423      0.510    1470.49    1470.45  0.000e+00
       9798     23.000     5.4473     5.4445    -0.0028    3.26330    3.26322          1     6.4584     6.4335      98.71     0.4457     0.2540  1.000e-12  0.4014000    33.5820    33.5839     0.0019    26.4994    26.5012     22.785     22.919      0.567    1471.12    1471.11  0.000e+00
       9818     23.500     5.5174     5.5166    -0.0007    3.27350    3.27346          1     6.4427     6.4285      98.71     0.3630     0.2177  1.000e-12  0.3906000    33.6278    33.6282     0.0003    26.5273    26.5276     23.280     23.415      0.584    1471.46    1471.46  0.000e+00
       9839     24.000     5.6105     5.6076    -0.0029    3.28785    3.28737          1     6.4180     6.4172      94.66     0.3794     0.1779  1.000e-12  0.3864000    33.6976    33.6951    -0.0025    26.5713    26.5697     23.776     23.911      0.571    1471.94    1471.92  0.000e+00
       9860     24.500     5.6644     5.6659     0.0014    3.29695    3.29694          1     6.4044     6.4177      86.92     0.5187     0.1917  1.000e-12  0.3954000    33.7466    33.7451    -0.0015    26.6036    26.6022     24.271     24.407      0.558    1472.22    1472.23  0.000e+00
       9882     25.000     5.6972     5.6966    -0.0007    3.30239    3.30220          1     6.4149     6.4321      93.27     0.3199     0.2174  1.000e-12  0.3937000    33.7752    33.7738    -0.0014    26.6222    26.6211     24.766     24.903      0.559    1472.40    1472.39  0.000e+00
       9903     25.500     5.7282     5.7278    -0.0004    3.30745    3.30735          1     6.4192     6.4410      98.67     0.2657     0.2329  1.000e-12  0.3776000    33.8013    33.8006    -0.0007    26.6391    26.6386     25.261     25.399      0.545    1472.56    1472.56  0.000e+00
       9926     26.000     5.7766     5.7757    -0.0009    3.31582    3.31561          1     6.4137     6.4363      98.53     0.2508     0.2529  1.000e-12  0.4026000    33.8473    33.8458    -0.0015    26.6695    26.6685     25.757     25.895      0.496    1472.82    1472.82  0.000e+00
       9952     26.500     5.7991     5.7989    -0.0003    3.31925    3.31909          1     6.4047     6.4171      91.07     0.3943     0.2505  1.000e-12  0.3951000    33.8633    33.8617    -0.0016    26.6794    26.6782     26.252     26.391      0.475    1472.94    1472.94  0.000e+00
       9976     27.000     5.8002     5.8000    -0.0002    3.31934    3.31930          1     6.3968     6.4078      98.77     0.3555     0.2401  1.000e-12  0.3746000    33.8630    33.8628    -0.0002    26.6790    26.6789     26.747     26.887      0.524    1472.95    1472.95  0.000e+00
       9998     27.500     5.8041     5.8019    -0.0022    3.32041    3.31982          1     6.3972     6.4165      98.71     0.3574     0.2335  1.000e-12  0.4153000    33.8709    33.8664    -0.0045    26.6848    26.6815     27.243     27.383      0.586    1472.99    1472.97  0.000e+00
      10017     28.000     5.8254     5.8242    -0.0012    3.32642    3.32612          1     6.4145     6.4398      85.27     0.3508     0.1901  1.000e-12  0.4295000    33.9172    33.9151    -0.0021    26.7188    26.7173     27.738     27.879      0.627    1473.14    1473.13  0.000e+00
