ctdpy/exports/archive_20191120_135557/received_data/SBE09_1044_20180125_0503_34_02_0006.cnv
* Sea-Bird SBE 9 Data File:
* FileName = C:\ctd\temp\2018\ME18D006.hex
* Software Version Seasave V 7.26.6.26
* Temperature SN = 5351
* Conductivity SN = 3941
* Number of Bytes Per Scan = 41
* Number of Voltage Words = 4
* Number of Scans Averaged by the Deck Unit = 1
* NMEA Latitude = 56 51.41 N
* NMEA Longitude = 010 47.50 E
* NMEA UTC (Time) = Jan 25 2018  05:03:54
* NMEA baud rate = 4800
** Station:  409 Ålborg Bugt
** Operator:  JKro
** Ship: MERI
** Average sound velocity: 1453.50 m/s
** True-depth calculation Sat, 27 Jan 2018 18:51:38 +0000
** CTD Python Module SMHI /ver 3-12/ feb 2012 
** LIMS Job: 20183402-0006
** Cruise: SMHI-01-2018
** Latitude [GG MM.mm N] :
** Longitude [GG MM.mm E]:
# nquan = 26
# nvalues = 23                          
# units = specified
# name 0 = scan: Scan Count
# name 1 = prDM: Pressure, Digiquartz [db]
# name 2 = t090C: Temperature [ITS-90, deg C]
# name 3 = t190C: Temperature, 2 [ITS-90, deg C]
# name 4 = T2-T190C: Temperature Difference, 2 - 1 [ITS-90, deg C]
# name 5 = c0S/m: Conductivity [S/m]
# name 6 = c1S/m: Conductivity, 2 [S/m]
# name 7 = pumps: Pump Status
# name 8 = sbeox0ML/L: Oxygen, SBE 43 [ml/l]
# name 9 = sbeox1ML/L: Oxygen, SBE 43, 2 [ml/l]
# name 10 = altM: Altimeter [m]
# name 11 = flECO-AFL: Chl-a Fluorescence, WET Labs ECO-AFL/FL [mg/m^3]
# name 12 = flECO-AFL1: Phycocyanin Fluorescence, WET Labs ECO-AFL/FL, 2 [mg/m^3]
# name 13 = par: PAR/Irradiance, Biospherical/Lico [µE/(cm^2*s)]
# name 14 = turbWETntu0: Turbidity, WET Labs ECO [NTU]
# name 15 = sal00: Salinity, Practical [PSU]
# name 16 = sal11: Salinity, Practical, 2 [PSU]
# name 17 = secS-priS: Salinity, Practical, Difference, 2 - 1 [PSU]
# name 18 = sigma-t00: Density [sigma-t, Kg/m^3 ]
# name 19 = sigma-t11: Density, 2 [sigma-t, Kg/m^3 ]
# name 20 = depSM: Depth [salt water, m], lat = 56.8568
# name 21 = depFM: Depth [true depth, m], lat = 56.8568
# name 22 = dz/dtM: Descent Rate [m/s], WS = 2
# name 23 = svCM: Sound Velocity [Chen-Millero, m/s]
# name 24 = svCM1: Sound Velocity, 2 [Chen-Millero, m/s]
# name 25 = flag: flag
# span 0 =      12753,      13354       
# span 1 =      1.000,     12.000       
# span 2 =     4.6645,     4.8657       
# span 3 =     4.6656,     4.8791       
# span 4 =    -0.0503,     0.0900       
# span 5 =   2.189582,   2.235930       
# span 6 =   2.189615,   2.237626       
# span 7 =          1,          1       
# span 8 =    7.25244,    7.38419       
# span 9 =    7.23500,    7.32001       
# span 10 =       0.28,       3.98      
# span 11 =     0.8115,     1.0703      
# span 12 =     0.3183,     0.3912      
# span 13 = 1.0000e-12, 1.0000e-12      
# span 14 =     0.7270,     2.1014      
# span 15 =    22.1677,    22.5952      
# span 16 =    22.1661,    22.6087      
# span 17 =    -0.0181,     0.0135      
# span 18 =    17.5311,    17.8748      
# span 19 =    17.5300,    17.8847      
# span 20 =      0.991,     11.890      
# span 21 =      1.001,     12.011      
# span 22 =      0.046,      0.558      
# span 23 =    1453.08,    1454.27      
# span 24 =    1453.08,    1454.32      
# span 25 = 0.0000e+00, 0.0000e+00      
# interval = decibars: 0.5              
# start_time = Jan 25 2018 05:03:54 [NMEA time, first data scan]
# bad_flag = -9.990e-29
*END*
      12753      1.000     4.8657     4.8659     0.0001    2.20181    2.20178          1     7.3616     7.3130       3.98     0.9023     0.3185  1.000e-12  0.7270000    22.1704    22.1699    -0.0005    17.5326    17.5322      0.991      1.001      0.296    1453.88    1453.88  0.000e+00
      12807      1.500     4.8578     4.8791     0.0210    2.20110    2.20246          1     7.3434     7.2840       3.70     0.9223     0.3316  1.000e-12  0.7469000    22.1677    22.1684     0.0007    17.5311    17.5300      1.486      1.501      0.330    1453.85    1453.94  0.000e+00
      12836      2.000     4.8131     4.8049    -0.0080    2.19854    2.19791          1     7.3842     7.3045       3.52     0.8693     0.3299  1.000e-12  0.7643000    22.1690    22.1675    -0.0015    17.5357    17.5352      1.982      2.002      0.541    1453.67    1453.63  0.000e+00
      12859      2.500     4.8457     4.7951    -0.0503    2.20047    2.19748          1     7.3741     7.2991       3.32     1.0043     0.3344  1.000e-12  0.8222000    22.1684    22.1691     0.0008    17.5326    17.5373      2.477      2.502      0.446    1453.81    1453.60  0.000e+00
      12891      3.000     4.7725     4.8626     0.0900    2.19599    2.20147          1     7.3281     7.2865       3.09     1.0039     0.3579  1.000e-12  0.8404000    22.1677    22.1679     0.0002    17.5379    17.5309      2.972      3.003      0.383    1453.51    1453.89  0.000e+00
      12920      3.500     4.6780     4.7001     0.0222    2.19036    2.19149          1     7.3310     7.2817       2.86     1.0703     0.3458  1.000e-12  0.8331000    22.1684    22.1661    -0.0023    17.5459    17.5424      3.468      3.503      0.468    1453.12    1453.21  0.000e+00
      12943      4.000     4.6658     4.6669     0.0011    2.19000    2.18991          1     7.3320     7.2907       2.69     0.9929     0.3547  1.000e-12  0.8505000    22.1724    22.1707    -0.0017    17.5500    17.5486      3.963      4.004      0.517    1453.08    1453.08  0.000e+00
      12967      4.500     4.6645     4.6656     0.0011    2.18958    2.18961          1     7.3386     7.2956       2.52     0.9800     0.3854  1.000e-12  0.8855000    22.1685    22.1681    -0.0004    17.5470    17.5467      4.459      4.504      0.458    1453.08    1453.08  0.000e+00
      12996      5.000     4.6650     4.6657     0.0007    2.18985    2.18973          1     7.3519     7.3041       2.31     0.9354     0.3663  1.000e-12  0.8681000    22.1709    22.1691    -0.0018    17.5489    17.5474      4.954      5.005      0.423    1453.09    1453.09  0.000e+00
      13022      5.500     4.6679     4.6685     0.0006    2.19102    2.19094          1     7.3525     7.3069       2.13     0.9843     0.3801  1.000e-12  0.9021000    22.1818    22.1805    -0.0013    17.5573    17.5562      5.450      5.505      0.504    1453.13    1453.13  0.000e+00
      13044      6.000     4.6690     4.6698     0.0008    2.19150    2.19145          1     7.3468     7.3145       1.99     1.0475     0.3465  1.000e-12  0.8891000    22.1862    22.1851    -0.0011    17.5607    17.5598      5.945      6.006      0.530    1453.14    1453.15  0.000e+00
      13068      6.500     4.6708     4.6713     0.0005    2.19222    2.19208          1     7.3422     7.3200       1.80     0.9725     0.3183  1.000e-12  0.8869000    22.1927    22.1909    -0.0018    17.5657    17.5642      6.440      6.506      0.465    1453.17    1453.17  0.000e+00
      13096      7.000     4.6686     4.6699     0.0013    2.19137    2.19161          1     7.3343     7.3156       1.61     0.9681     0.3599  1.000e-12  0.8689000    22.1846    22.1864     0.0018    17.5595    17.5608      6.936      7.007      0.419    1453.16    1453.16  0.000e+00
      13124      7.500     4.6754     4.6772     0.0019    2.19417    2.19469          1     7.3225     7.3036       1.47     0.9389     0.3421  1.000e-12  0.8578000    22.2109    22.2154     0.0045    17.5797    17.5831      7.431      7.507      0.488    1453.23    1453.24  0.000e+00
      13146      8.000     4.6809     4.6819     0.0010    2.19645    2.19664          1     7.3303     7.3094       1.35     0.9535     0.3290  1.000e-12  0.8645000    22.2323    22.2336     0.0014    17.5962    17.5972      7.926      8.008      0.558    1453.28    1453.29  0.000e+00
      13167      8.500     4.6881     4.6893     0.0012    2.19947    2.19968          1     7.3339     7.2984       1.22     0.9318     0.3527  1.000e-12  0.8824000    22.2607    22.2622     0.0015    17.6181    17.6192      8.422      8.508      0.532    1453.36    1453.37  0.000e+00
      13193      9.000     4.6953     4.6970     0.0017    2.20250    2.20290          1     7.3302     7.2989       1.06     0.9239     0.3617  1.000e-12  0.9733000    22.2892    22.2925     0.0033    17.6401    17.6426      8.917      9.009      0.433    1453.43    1453.45  0.000e+00
      13222      9.500     4.7050     4.7064     0.0014    2.20669    2.20703          1     7.3211     7.2933       0.89     0.9548     0.3501  1.000e-12  0.9665000    22.3288    22.3317     0.0029    17.6707    17.6729      9.413      9.509      0.441    1453.53    1453.54  0.000e+00
      13247     10.000     4.7238     4.7244     0.0006    2.21423    2.21429          1     7.3140     7.2775       0.77     0.9356     0.3612  1.000e-12  1.0262000    22.3993    22.3997     0.0003    17.7250    17.7252      9.908     10.010      0.521    1453.71    1453.71  0.000e+00
      13269     10.500     4.7369     4.7378     0.0008    2.21893    2.21903          1     7.3037     7.2801       0.66     0.8546     0.3613  1.000e-12  1.1313000    22.4424    22.4429     0.0005    17.7580    17.7584     10.403     10.510      0.532    1453.83    1453.83  0.000e+00
      13292     11.000     4.7585     4.7610     0.0024    2.22626    2.22691          1     7.2835     7.2741       0.55     0.8115     0.3541  1.000e-12  1.1710000    22.5087    22.5142     0.0055    17.8087    17.8129     10.899     11.010      0.488    1454.01    1454.03  0.000e+00
      13319     11.500     4.7862     4.7806    -0.0056    2.23570    2.23372          1     7.2524     7.2350       0.39     0.8397     0.3637  1.000e-12  1.4436000    22.5940    22.5759    -0.0181    17.8740    17.8601     11.394     11.511      0.367    1454.25    1454.20  0.000e+00
      13354     12.000     4.7880     4.7957     0.0082    2.23593    2.23763          1     7.2737     7.2389       0.28     0.8274     0.3912  1.000e-12  2.1014000    22.5952    22.6087     0.0135    17.8748    17.8847     11.890     12.011      0.046    1454.27    1454.32  0.000e+00
