ctdpy/exports/archive_20191120_135557/received_data/SBE09_1044_20181110_1736_34_01_0126.cnv
* Sea-Bird SBE 9 Data File:
* FileName = C:\ctd\temp\ar18d126.hex
* Software Version Seasave V 7.26.7.107
* Temperature SN = 5351
* Conductivity SN = 3941
* Number of Bytes Per Scan = 41
* Number of Voltage Words = 4
* Number of Scans Averaged by the Deck Unit = 1
* NMEA Latitude = 55 15.00 N
* NMEA Longitude = 015 59.03 E
* NMEA UTC (Time) = Nov 10 2018  17:36:24
* NMEA baud rate = 4800
** Station:  BY5
** Operator:  JKro
** Ship: ARANDA
** Average sound velocity: 1462.35 m/s
** True-depth calculation Sat, 10 Nov 2018 20:23:05 +0000
** CTD Python Module SMHI /ver 3-12/ feb 2012 
** LIMS Job: 20183401-0126
** Cruise: SMHI-6-2018
** Latitude [GG MM.mm N]:
** Longitude [GG MM.mm E]
# nquan = 26
# nvalues = 169                         
# units = specified
# name 0 = scan: Scan Count
# name 1 = prDM: Pressure, Digiquartz [db]
# name 2 = t090C: Temperature [ITS-90, deg C]
# name 3 = t190C: Temperature, 2 [ITS-90, deg C]
# name 4 = T2-T190C: Temperature Difference, 2 - 1 [ITS-90, deg C]
# name 5 = c0S/m: Conductivity [S/m]
# name 6 = c1S/m: Conductivity, 2 [S/m]
# name 7 = pumps: Pump Status
# name 8 = sbeox0ML/L: Oxygen, SBE 43 [ml/l]
# name 9 = sbeox1ML/L: Oxygen, SBE 43, 2 [ml/l]
# name 10 = altM: Altimeter [m]
# name 11 = flECO-AFL: Chl-a Fluorescence, WET Labs ECO-AFL/FL [mg/m^3]
# name 12 = flECO-AFL1: Phycocyanin Fluorescence, WET Labs ECO-AFL/FL, 2 [mg/m^3]
# name 13 = par: PAR/Irradiance, Biospherical/Lico [µE/(cm^2*s)]
# name 14 = turbWETntu0: Turbidity, WET Labs ECO [NTU]
# name 15 = sal00: Salinity, Practical [PSU]
# name 16 = sal11: Salinity, Practical, 2 [PSU]
# name 17 = secS-priS: Salinity, Practical, Difference, 2 - 1 [PSU]
# name 18 = sigma-t00: Density [sigma-t, Kg/m^3 ]
# name 19 = sigma-t11: Density, 2 [sigma-t, Kg/m^3 ]
# name 20 = depSM: Depth [salt water, m], lat = 55.25
# name 21 = depFM: Depth [true depth, m], lat = 55.25
# name 22 = dz/dtM: Descent Rate [m/s], WS = 2
# name 23 = svCM: Sound Velocity [Chen-Millero, m/s]
# name 24 = svCM1: Sound Velocity, 2 [Chen-Millero, m/s]
# name 25 = flag: flag
# span 0 =      59932,      64352       
# span 1 =      1.500,     85.500       
# span 2 =     6.8351,    11.6811       
# span 3 =     6.8295,    11.6788       
# span 4 =    -0.0524,     0.0339       
# span 5 =   0.923494,   2.080995       
# span 6 =   0.923116,   2.080754       
# span 7 =          1,          1       
# span 8 =    0.45337,    7.43557       
# span 9 =    0.51803,    7.09005       
# span 10 =       2.03,      97.66      
# span 11 =     0.2383,     3.5181      
# span 12 =     0.1327,     0.7188      
# span 13 = -1.559e-03, 3.3868e-02      
# span 14 =     0.1918,     0.4183      
# span 15 =     7.6635,    17.5011      
# span 16 =     7.6630,    17.5549      
# span 17 =    -0.0075,     0.0539      
# span 18 =     5.6921,    13.2682      
# span 19 =     5.6916,    13.2843      
# span 20 =      1.486,     84.710      
# span 21 =      1.519,     86.330      
# span 22 =      0.042,      0.580      
# span 23 =    1446.13,    1474.47      
# span 24 =    1446.11,    1474.46      
# span 25 = 0.0000e+00, 0.0000e+00      
# interval = decibars: 0.5              
# start_time = Nov 10 2018 17:36:24 [NMEA time, first data scan]
# bad_flag = -9.990e-29
*END*
[from data line 56]
      61379     29.500     9.4804     9.4818     0.0014    0.96381    0.96396          1     6.7416     6.4568      61.66     0.7907     0.2889  1.000e-12  0.2104000     7.9151     7.9161     0.0010     5.9351     5.9357     29.231     29.875      0.502    1455.46    1455.46  0.000e+00
      61403     30.000     9.4733     9.4750     0.0017    0.96682    0.96678          1     6.6713     6.4405      94.72     0.8098     0.3309  1.000e-12  0.2115000     7.9432     7.9425    -0.0007     5.9577     5.9569     29.727     30.382      0.527    1455.47    1455.48  0.000e+00
      61425     30.500     9.4064     9.4099     0.0036    0.96602    0.96596          1     6.5297     6.3822      97.54     0.8074     0.3168  1.000e-12  0.2024000     7.9508     7.9495    -0.0013     5.9704     5.9690     30.222     30.888      0.569    1455.23    1455.24  0.000e+00
      61445     31.000     8.9452     8.9344    -0.0105    0.95532    0.95427          1     6.2734     6.2152      97.58     0.7977     0.2847  1.000e-12  0.1927000     7.9578     7.9507    -0.0070     6.0209     6.0164     30.718     31.394      0.561    1453.41    1453.36  0.000e+00
      61468     31.500     8.4812     8.4287    -0.0524    0.94081    0.93870          1     6.1328     6.0594      24.14     0.7400     0.3065  1.000e-12  0.2101000     7.9306     7.9231    -0.0075     6.0426     6.0414     31.213     31.900      0.512    1451.53    1451.30  0.000e+00
      61492     32.000     7.9568     7.9553    -0.0020    0.92349    0.92312          1     6.3255     6.1067      50.36     0.6384     0.2935  1.000e-12  0.1931000     7.8901     7.8870    -0.0031     6.0558     6.0535     31.708     32.406      0.516    1449.35    1449.34  0.000e+00
      61514     32.500     8.0403     8.0129    -0.0270    0.93336    0.93269          1     6.6866     6.3071      94.57     0.6054     0.3351  1.000e-12  0.2007000     7.9615     7.9617     0.0001     6.1046     6.1071     32.204     32.913      0.563    1449.79    1449.68  0.000e+00
      61535     33.000     8.5539     8.5420    -0.0122    0.96375    0.96342          1     6.6445     6.2543      85.77     0.6016     0.2735  1.000e-12  0.2009000     8.1221     8.1219    -0.0003     6.1858     6.1867     32.699     33.419      0.563    1452.08    1452.03  0.000e+00
      61557     33.500     9.0328     9.0137    -0.0189    0.99612    0.99557          1     6.3692     6.1140      30.53     0.6075     0.2613  1.000e-12  0.2028000     8.3039     8.3033    -0.0005     6.2826     6.2840     33.195     33.925      0.524    1454.23    1454.15  0.000e+00
      61581     34.000     8.5840     8.5866     0.0025    0.99298    0.99308          1     6.0355     5.9059      41.67     0.5964     0.2582  1.000e-12  0.2069000     8.3808     8.3810     0.0003     6.3850     6.3850     33.690     34.431      0.511    1452.53    1452.55  0.000e+00
      61604     34.500     8.4215     8.4280     0.0066    1.00308    1.00315          1     5.7817     5.7334      41.01     0.5651     0.2368  1.000e-12  0.2076000     8.5115     8.5106    -0.0009     6.5020     6.5007     34.185     34.937      0.543    1452.05    1452.08  0.000e+00
      61625     35.000     8.2145     8.2171     0.0029    1.00102    1.00097          1     5.6189     5.6065      35.10     0.5363     0.2487  1.000e-12  0.2165000     8.5426     8.5415    -0.0011     6.5445     6.5434     34.681     35.443      0.559    1451.26    1451.27  0.000e+00
      61647     35.500     7.9557     7.9655     0.0095    1.01108    1.01160          1     5.2890     5.3455      47.66     0.4797     0.2744  1.000e-12  0.1985000     8.6989     8.7013     0.0025     6.6890     6.6901     35.176     35.949      0.535    1450.41    1450.45  0.000e+00
      61670     36.000     7.7238     7.7324     0.0088    1.01504    1.01493          1     4.9693     5.0809      28.90     0.4139     0.2887  1.000e-12  0.1971000     8.7939     8.7907    -0.0032     6.7824     6.7792     35.672     36.455      0.517    1449.58    1449.62  0.000e+00
      61693     36.500     7.0536     7.0745     0.0206    1.00547    1.00555          1     4.9090     4.9628      52.21     0.3674     0.2486  1.000e-12  0.2036000     8.8739     8.8693    -0.0046     6.8967     6.8916     36.167     36.961      0.539    1446.92    1447.00  0.000e+00
      61715     37.000     6.8351     6.8295    -0.0053    1.00884    1.00902          1     4.8697     4.8410      35.23     0.3428     0.2425  1.000e-12  0.2046000     8.9624     8.9656     0.0031     6.9819     6.9848     36.662     37.466      0.552    1446.13    1446.11  0.000e+00
      61737     37.500     7.3212     7.3095    -0.0118    1.03978    1.03967          1     4.7720     4.7182      39.59     0.3357     0.2495  1.000e-12  0.2001000     9.1297     9.1317     0.0020     7.0777     7.0801     37.158     37.972      0.529    1448.37    1448.32  0.000e+00
      61760     38.000     7.2506     7.2548     0.0042    1.05277    1.05272          1     4.6430     4.5954      43.77     0.3314     0.2392  1.000e-12  0.2049000     9.2718     9.2702    -0.0017     7.1946     7.1929     37.653     38.478      0.519    1448.26    1448.28  0.000e+00
      61783     38.500     7.0398     7.0440     0.0043    1.05649    1.05656          1     4.5155     4.4542      51.62     0.3156     0.2244  1.000e-12  0.2189000     9.3639     9.3634    -0.0005     7.2827     7.2820     38.149     38.983      0.544    1447.51    1447.53  0.000e+00
      61804     39.000     7.1882     7.1848    -0.0035    1.06984    1.06971          1     4.4621     4.3651      49.57     0.2937     0.2661  1.000e-12  0.2244000     9.4509     9.4505    -0.0004     7.3398     7.3398     38.644     39.489      0.559    1448.24    1448.23  0.000e+00
      61826     39.500     7.4450     7.4390    -0.0061    1.08954    1.08944          1     4.5010     4.3603      60.57     0.2911     0.2161  1.000e-12  0.2398000     9.5675     9.5682     0.0007     7.4112     7.4122     39.139     39.994      0.533    1449.46    1449.43  0.000e+00
      61850     40.000     7.8069     7.8041    -0.0027    1.12256    1.12285          1     4.5218     4.3666      89.20     0.2837     0.1869  1.000e-12  0.2235000     9.7788     9.7823     0.0035     7.5468     7.5498     39.635     40.500      0.502    1451.21    1451.20  0.000e+00
      61873     40.500     7.9844     7.9831    -0.0013    1.14825    1.14799          1     4.4051     4.2842      36.88     0.2842     0.1947  1.000e-12  0.2012000     9.9700     9.9679    -0.0021     7.6812     7.6796     40.130     41.005      0.541    1452.18    1452.17  0.000e+00
      61894     41.000     7.9060     7.9143     0.0082    1.16089    1.16065          1     4.2340     4.1491      76.03     0.2754     0.1911  1.000e-12  0.1969000    10.1112    10.1066    -0.0047     7.7985     7.7941     40.626     41.511      0.577    1452.04    1452.07  0.000e+00
      61915     41.500     7.9432     7.9359    -0.0074    1.17831    1.17800          1     4.0704     4.0032      53.96     0.2661     0.1697  1.000e-12  0.2064000    10.2641    10.2634    -0.0007     7.9147     7.9148     41.121     42.016      0.546    1452.39    1452.36  0.000e+00
      61938     42.000     8.1087     8.1052    -0.0035    1.20023    1.20006          1     3.9355     3.8648      46.69     0.2548     0.2088  1.000e-12  0.2113000    10.4213    10.4208    -0.0005     8.0230     8.0229     41.616     42.521      0.500    1453.26    1453.25  0.000e+00
      61962     42.500     8.1670     8.1658    -0.0013    1.21572    1.21583          1     3.7191     3.6611      72.94     0.2555     0.2481  1.000e-12  0.2106000    10.5492    10.5506     0.0014     8.1176     8.1187     42.112     43.026      0.531    1453.66    1453.66  0.000e+00
      61984     43.000     8.4577     8.4426    -0.0151    1.25104    1.25031          1     3.4966     3.4601      32.59     0.2714     0.2104  1.000e-12  0.2239000    10.7914    10.7893    -0.0022     8.2793     8.2791     42.607     43.532      0.579    1455.14    1455.08  0.000e+00
      62004     43.500     8.7754     8.7627    -0.0127    1.28998    1.28942          1     3.3201     3.3006      44.91     0.2602     0.1691  1.000e-12  0.2469000    11.0558    11.0546    -0.0012     8.4543     8.4547     43.102     44.037      0.562    1456.74    1456.69  0.000e+00
      62027     44.000     9.0875     9.0798    -0.0076    1.32518    1.32504          1     3.2043     3.1770      44.56     0.2711     0.1872  1.000e-12  0.2359000    11.2834    11.2845     0.0012     8.5994     8.6012     43.598     44.542      0.509    1458.26    1458.23  0.000e+00
      62051     44.500     9.4389     9.4310    -0.0079    1.35781    1.35767          1     3.2729     3.1890      44.00     0.2725     0.2296  1.000e-12  0.2418000    11.4715    11.4728     0.0013     8.7080     8.7098     44.093     45.046      0.508    1459.87    1459.84  0.000e+00
      62074     45.000     9.6982     9.6878    -0.0104    1.38423    1.38374          1     3.5655     3.3845      43.63     0.2551     0.2224  1.000e-12  0.2416000    11.6294    11.6283    -0.0011     8.8017     8.8020     44.589     45.551      0.545    1461.08    1461.04  0.000e+00
      62095     45.500    10.3355    10.2938    -0.0416    1.42967    1.42855          1     4.0982     3.7858      43.11     0.2750     0.2226  1.000e-12  0.2331000    11.8335    11.8369     0.0034     8.8845     8.8922     45.084     46.056      0.564    1463.78    1463.63  0.000e+00
      62117     46.000    10.9228    10.9124    -0.0104    1.47621    1.47604          1     4.2465     3.9209      74.22     0.3014     0.2891  1.000e-12  0.2247000    12.0575    12.0594     0.0019     8.9844     8.9872     45.579     46.561      0.549    1466.29    1466.25  0.000e+00
      62139     46.500    10.9238    10.9201    -0.0037    1.48979    1.48952          1     3.9603     3.7651      41.81     0.3006     0.2701  1.000e-12  0.2237000    12.1775    12.1764    -0.0011     9.0773     9.0770     46.075     47.066      0.524    1466.44    1466.43  0.000e+00
      62162     47.000    10.4575    10.4735     0.0158    1.47793    1.47802          1     3.6769     3.5835      41.50     0.2705     0.2063  1.000e-12  0.2412000    12.2266    12.2222    -0.0044     9.1747     9.1693     46.570     47.570      0.522    1464.75    1464.80  0.000e+00
      62185     47.500    10.5281    10.5254    -0.0027    1.49290    1.49274          1     3.4340     3.3907      41.03     0.2604     0.2014  1.000e-12  0.2428000    12.3371    12.3365    -0.0006     9.2516     9.2516     47.065     48.075      0.537    1465.16    1465.15  0.000e+00
      62207     48.000    10.6061    10.6044    -0.0017    1.50621    1.50583          1     3.2121     3.2062      40.53     0.2603     0.2030  1.000e-12  0.2801000    12.4299    12.4271    -0.0028     9.3138     9.3118     47.561     48.579      0.553    1465.58    1465.57  0.000e+00
      62228     48.500    10.4714    10.4724     0.0011    1.50739    1.50736          1     3.0512     3.0619      40.01     0.2703     0.1649  1.000e-12  0.2640000    12.4863    12.4856    -0.0006     9.3745     9.3739     48.056     49.084      0.565    1465.14    1465.14  0.000e+00
      62250     49.000    10.5396    10.5376    -0.0020    1.52168    1.52157          1     2.9800     2.9728      39.56     0.2647     0.1926  1.000e-12  0.2629000    12.5911    12.5909    -0.0002     9.4472     9.4472     48.552     49.588      0.546    1465.53    1465.53  0.000e+00
      62273     49.500    10.5377    10.5376    -0.0001    1.52903    1.52891          1     2.8832     2.8681      38.82     0.2547     0.1919  1.000e-12  0.2689000    12.6577    12.6567    -0.0010     9.4991     9.4983     49.047     50.093      0.510    1465.61    1465.61  0.000e+00
      62296     50.000    10.4370    10.4394     0.0022    1.53279    1.53305          1     2.7708     2.7631      38.31     0.2599     0.1327  1.000e-12  0.2800000    12.7264    12.7279     0.0015     9.5650     9.5659     49.542     50.597      0.515    1465.32    1465.34  0.000e+00
      62319     50.500    10.9532    10.9337    -0.0193    1.57911    1.57823          1     2.8063     2.7650      37.66     0.2705     0.1577  1.000e-12  0.2866000    12.9606    12.9596    -0.0010     9.6799     9.6817     50.038     51.102      0.543    1467.56    1467.48  0.000e+00
      62341     51.000    11.0942    11.0914    -0.0027    1.60295    1.60261          1     2.7502     2.7048      37.30     0.2580     0.2250  1.000e-12  0.2678000    13.1232    13.1211    -0.0021     9.7870     9.7858     50.533     51.606      0.560    1468.29    1468.28  0.000e+00
      62362     51.500    10.9542    10.9610     0.0066    1.61225    1.61211          1     2.4864     2.4987      36.89     0.2383     0.2644  1.000e-12  0.2532000    13.2560    13.2523    -0.0037     9.9085     9.9048     51.028     52.111      0.558    1467.93    1467.96  0.000e+00
      62384     52.000    11.0508    11.0440    -0.0067    1.63464    1.63451          1     2.3239     2.3613      36.42     0.2617     0.2354  1.000e-12  0.2425000    13.4207    13.4220     0.0013    10.0232    10.0251     51.524     52.615      0.538    1468.50    1468.48  0.000e+00
      62407     52.500    11.1813    11.1787    -0.0025    1.65658    1.65666          1     2.2442     2.2715      35.98     0.2551     0.2219  1.000e-12  0.2218000    13.5686    13.5702     0.0016    10.1199    10.1216     52.019     53.119      0.514    1469.17    1469.16  0.000e+00
      62430     53.000    11.2282    11.2298     0.0015    1.67918    1.67909          1     2.0570     2.1133      35.46     0.2721     0.2218  1.000e-12  0.2331000    13.7524    13.7510    -0.0014    10.2558    10.2544     52.514     53.623      0.533    1469.57    1469.58  0.000e+00
      62452     53.500    10.9481    10.9566     0.0085    1.67146    1.67153          1     1.8122     1.9143      34.96     0.2817     0.1752  1.000e-12  0.2405000    13.7878    13.7852    -0.0025    10.3212    10.3181     53.010     54.127      0.572    1468.58    1468.61  0.000e+00
      62472     54.000    10.8486    10.8537     0.0052    1.67395    1.67392          1     1.4605     1.6193      34.42     0.2775     0.1864  1.000e-12  0.2387000    13.8473    13.8452    -0.0021    10.3806    10.3783     53.505     54.631      0.555    1468.29    1468.31  0.000e+00
      62495     54.500    10.7663    10.7704     0.0040    1.67509    1.67514          1     1.1890     1.3827      33.90     0.2685     0.2174  1.000e-12  0.2401000    13.8885    13.8874    -0.0011    10.4235    10.4221     54.000     55.135      0.502    1468.04    1468.05  0.000e+00
      62520     55.000    10.7950    10.7928    -0.0022    1.69015    1.69016          1     1.2740     1.3921      33.39     0.2748     0.2265  1.000e-12  0.2447000    14.0133    14.0142     0.0009    10.5163    10.5173     54.496     55.639      0.523    1468.30    1468.30  0.000e+00
      62541     55.500    10.9815    10.9729    -0.0085    1.71677    1.71614          1     1.3612     1.4149      32.92     0.2971     0.2069  1.000e-12  0.2623000    14.1813    14.1789    -0.0024    10.6215    10.6208     54.991     56.143      0.575    1469.21    1469.18  0.000e+00
      62562     56.000    11.0623    11.0616    -0.0007    1.73185    1.73166          1     1.3034     1.3536      32.45     0.2630     0.2071  1.000e-12  0.2661000    14.2855    14.2841    -0.0015    10.6911    10.6901     55.486     56.647      0.559    1469.65    1469.64  0.000e+00
      62585     56.500    10.9836    10.9863     0.0026    1.73012    1.73027          1     1.1469     1.2281      31.83     0.2791     0.2187  1.000e-12  0.2383000    14.3003    14.3006     0.0003    10.7133    10.7132     55.982     57.151      0.509    1469.38    1469.39  0.000e+00
