ctdpy/exports/archive_20191120_135557/received_data/SBE09_1044_20180527_2032_34_07_0035.cnv
* Sea-Bird SBE 9 Data File:
* FileName = C:\ctd\temp\2018\AU18D035.hex
* Software Version Seasave V 7.26.6.26
* Temperature SN = 5351
* Conductivity SN = 3941
* Number of Bytes Per Scan = 41
* Number of Voltage Words = 4
* Number of Scans Averaged by the Deck Unit = 1
* NMEA Latitude = 56 40.13 N
* NMEA Longitude = 012 06.69 E
* NMEA UTC (Time) = May 27 2018  20:32:19
* NMEA baud rate = 4800
** Station:  Anholt E
** Operator:  SSip
** Ship: AURA
** Average sound velocity: 1479.30 m/s
** True-depth calculation Sun, 27 May 2018 21:09:25 +0000
** CTD Python Module SMHI /ver 3-12/ feb 2012 
** LIMS Job: 20183407-0035
** Cruise: SMHI-02-2018
** Latitude [GG MM.mm N] :
** Longitude [GG MM.mm E]:
# nquan = 26
# nvalues = 118                         
# units = specified
# name 0 = scan: Scan Count
# name 1 = prDM: Pressure, Digiquartz [db]
# name 2 = t090C: Temperature [ITS-90, deg C]
# name 3 = t190C: Temperature, 2 [ITS-90, deg C]
# name 4 = T2-T190C: Temperature Difference, 2 - 1 [ITS-90, deg C]
# name 5 = c0S/m: Conductivity [S/m]
# name 6 = c1S/m: Conductivity, 2 [S/m]
# name 7 = pumps: Pump Status
# name 8 = sbeox0ML/L: Oxygen, SBE 43 [ml/l]
# name 9 = sbeox1ML/L: Oxygen, SBE 43, 2 [ml/l]
# name 10 = altM: Altimeter [m]
# name 11 = flECO-AFL: Chl-a Fluorescence, WET Labs ECO-AFL/FL [mg/m^3]
# name 12 = flECO-AFL1: Phycocyanin Fluorescence, WET Labs ECO-AFL/FL, 2 [mg/m^3]
# name 13 = par: PAR/Irradiance, Biospherical/Lico [µE/(cm^2*s)]
# name 14 = turbWETntu0: Turbidity, WET Labs ECO [NTU]
# name 15 = sal00: Salinity, Practical [PSU]
# name 16 = sal11: Salinity, Practical, 2 [PSU]
# name 17 = secS-priS: Salinity, Practical, Difference, 2 - 1 [PSU]
# name 18 = sigma-t00: Density [sigma-t, Kg/m^3 ]
# name 19 = sigma-t11: Density, 2 [sigma-t, Kg/m^3 ]
# name 20 = depSM: Depth [salt water, m], lat = 56.6688
# name 21 = depFM: Depth [true depth, m], lat = 56.6688
# name 22 = dz/dtM: Descent Rate [m/s], WS = 2
# name 23 = svCM: Sound Velocity [Chen-Millero, m/s]
# name 24 = svCM1: Sound Velocity, 2 [Chen-Millero, m/s]
# name 25 = flag: flag
# span 0 =       8116,      10670       
# span 1 =      0.500,     59.000       
# span 2 =     6.5576,    17.4605       
# span 3 =     6.5628,    17.5408       
# span 4 =    -0.1244,     0.1879       
# span 5 =   1.854828,   3.490222       
# span 6 =   1.844587,   3.490266       
# span 7 =          1,          1       
# span 8 =    4.55546,    7.13272       
# span 9 =    4.46585,    7.49474       
# span 10 =       4.10,      99.35      
# span 11 =     0.2817,     7.2359      
# span 12 =     0.1800,     1.0282      
# span 13 = 1.0000e-12, 3.4891e-02      
# span 14 =     0.1986,     1.2113      
# span 15 =    13.0652,    34.6973      
# span 16 =    12.9970,    34.6962      
# span 17 =    -0.2694,     0.1640      
# span 18 =     8.6602,    27.2009      
# span 19 =     8.6150,    27.1997      
# span 20 =      0.495,     58.451      
# span 21 =      0.505,     58.713      
# span 22 =     -0.028,      0.684      
# span 23 =    1469.97,    1492.06      
# span 24 =    1470.06,    1492.09      
# span 25 = 0.0000e+00, 0.0000e+00      
# interval = decibars: 0.5              
# start_time = May 27 2018 20:32:19 [NMEA time, first data scan]
# bad_flag = -9.990e-29
*END*
       8116      0.500    17.3486    17.4083     0.0592    1.91340    1.88104          1     6.4192     6.3645      13.33     1.1121     0.3161  3.489e-02  0.2704000    13.5529    13.2836    -0.2694     9.0543     8.8371      0.495      0.505      0.293    1489.50    1489.39  0.000e+00
       8141      1.000    17.3893    17.3902     0.0011    1.88233    1.88248          1     6.3991     6.3538      26.21     1.0380     0.2845  3.236e-02  0.2611000    13.2997    13.3004     0.0008     8.8532     8.8536      0.991      1.009      0.422    1489.35    1489.36  0.000e+00
       8183      1.500    17.3917    17.4280     0.0359    1.87204    1.84459          1     6.3343     6.3085      91.35     1.0093     0.2857  4.383e-03  0.2487000    13.2196    12.9970    -0.2226     8.7918     8.6150      1.486      1.514      0.388    1489.28    1489.14  0.000e+00
       8205      2.000    17.4605    17.4792     0.0187    1.85483    1.87087          1     6.3125     6.2836      97.77     1.0095     0.3192  7.343e-05  0.2522000    13.0652    13.1822     0.1170     8.6602     8.7455      1.982      2.019      0.684    1489.33    1489.52  0.000e+00
       8222      2.500    17.3738    17.4271     0.0534    1.90548    1.91371          1     6.4841     6.4482      72.87     1.0332     0.2805  1.154e-12  0.2786000    13.4832    13.5288     0.0456     8.9961     9.0199      2.477      2.524      0.591    1489.54    1489.76  0.000e+00
       8250      3.000    17.4071    17.4241     0.0175    1.96328    1.98522          1     6.3956     6.3786      97.42     1.1957     0.3124  1.000e-12  0.2843000    13.9173    14.0812     0.1640     9.3196     9.4410      2.973      3.029      0.406    1490.14    1490.38  0.000e+00
       8278      3.500    17.4590    17.5408     0.0799    2.06742    2.08834          1     6.5598     6.6136      98.54     1.2646     0.2497  1.000e-12  0.2936000    14.7096    14.8408     0.1312     9.9116     9.9947      3.468      3.533      0.485    1491.21    1491.62  0.000e+00
       8301      4.000    16.5977    16.7404     0.1449    2.16508    2.15085          1     6.8545     6.7470      98.66     1.3697     0.2890  1.000e-12  0.2950000    15.7985    15.6294    -0.1691    10.9169    10.7593      3.963      4.037      0.493    1489.72    1489.98  0.000e+00
       8327      4.500    17.0834    17.2721     0.1879    2.14665    2.13708          1     6.5789     6.4748      75.66     1.4781     0.2798  1.000e-12  0.2804000    15.4653    15.3176    -0.1477    10.5645    10.4135      4.459      4.541      0.438    1490.90    1491.33  0.000e+00
       8356      5.000    17.0010    17.0775     0.0761    2.17546    2.17139          1     6.4095     6.4660      99.35     1.4818     0.4024  1.000e-12  0.2765000    15.7266    15.6638    -0.0628    10.7804    10.7169      4.954      5.045      0.421    1490.94    1491.11  0.000e+00
       8382      5.500    16.3284    16.3367     0.0084    2.27453    2.26968          1     6.5961     6.6799      98.68     1.5856     0.3231  1.000e-12  0.2672000    16.7854    16.7448    -0.0406    11.7239    11.6913      5.450      5.548      0.506    1490.01    1489.99  0.000e+00
       8404      6.000    16.3240    16.3686     0.0447    2.38602    2.39215          1     6.7058     6.7238      98.68     1.6314     0.2804  1.000e-12  0.2656000    17.6883    17.7183     0.0300    12.4142    12.4281      5.945      6.052      0.553    1491.03    1491.21  0.000e+00
       8426      6.500    16.5676    16.5699     0.0024    2.42547    2.42797          1     6.7341     6.7120      98.68     1.6179     0.2798  1.000e-12  0.2601000    17.9000    17.9193     0.0192    12.5266    12.5408      6.440      6.555      0.511    1492.06    1492.09  0.000e+00
       8451      7.000    16.4592    16.4325    -0.0267    2.43168    2.43181          1     6.7604     6.7516      98.68     1.7596     0.3078  1.000e-12  0.2420000    17.9986    18.0116     0.0131    12.6238    12.6392      6.936      7.058      0.477    1491.84    1491.77  0.000e+00
       8476      7.500    16.2891    16.2750    -0.0141    2.43504    2.43544          1     6.8278     6.8143      98.68     1.9106     0.3588  1.000e-12  0.2426000    18.1023    18.1119     0.0096    12.7374    12.7475      7.431      7.560      0.523    1491.42    1491.38  0.000e+00
       8497      8.000    16.1528    16.1466    -0.0063    2.44160    2.44316          1     6.9202     6.8947      98.68     2.0766     0.3656  1.000e-12  0.2557000    18.2175    18.2332     0.0156    12.8527    12.8660      7.927      8.063      0.548    1491.12    1491.12  0.000e+00
       8520      8.500    15.9634    15.9329    -0.0305    2.45186    2.45064          1     7.0047     7.0255      78.54     2.2796     0.3499  1.000e-12  0.2630000    18.3883    18.3923     0.0040    13.0210    13.0300      8.422      8.566      0.513    1490.71    1490.62  0.000e+00
       8544      9.000    15.4146    15.3353    -0.0791    2.42938    2.42534          1     6.7139     6.9883      89.34     2.3877     0.3903  1.000e-12  0.2605000    18.4568    18.4602     0.0034    13.1805    13.1984      8.917      9.069      0.497    1489.01    1488.75  0.000e+00
       8568      9.500    14.1169    13.9968    -0.1207    2.36887    2.36134          1     6.5785     7.0862      98.64     2.3250     0.4208  1.000e-12  0.2626000    18.5589    18.5516    -0.0073    13.4999    13.5157      9.413      9.571      0.515    1484.79    1484.37  0.000e+00
       8591     10.000    11.9898    11.8650    -0.1244    2.25505    2.24777          1     6.8437     7.4234      98.68     1.9598     0.3396  1.000e-12  0.2708000    18.5946    18.5912    -0.0034    13.8845    13.9017      9.908     10.074      0.506    1477.40    1476.95  0.000e+00
       8615     10.500    10.9773    10.9724    -0.0051    2.22537    2.22810          1     7.1327     7.4947      68.32     1.5318     0.2966  1.000e-12  0.2516000    18.8338    18.8616     0.0278    14.2254    14.2477     10.404     10.576      0.485    1474.04    1474.06  0.000e+00
       8641     11.000    10.9453    10.9396    -0.0057    2.24808    2.24938          1     7.1033     7.2436      98.68     1.2868     0.3328  1.000e-12  0.2506000    19.0606    19.0755     0.0150    14.4058    14.4182     10.899     11.078      0.478    1474.20    1474.20  0.000e+00
       8665     11.500    10.5111    10.4350    -0.0758    2.26235    2.26393          1     6.8917     7.0484      98.68     1.2809     0.3256  1.000e-12  0.2627000    19.4228    19.4781     0.0553    14.7488    14.8025     11.394     11.580      0.491    1473.04    1472.82  0.000e+00
       8689     12.000     9.7529     9.7265    -0.0264    2.28237    2.28389          1     6.8860     7.0308      83.26     1.4724     0.3237  1.000e-12  0.2427000    20.0234    20.0527     0.0293    15.3207    15.3470     11.890     12.082      0.502    1470.94    1470.87  0.000e+00
       8713     12.500     9.2907     9.2954     0.0045    2.32132    2.32773          1     6.8049     6.9228      50.83     1.5872     0.3243  1.000e-12  0.2358000    20.6611    20.7208     0.0597    15.8786    15.9245     12.385     12.583      0.492    1469.97    1470.06  0.000e+00
       8738     13.000     9.1725     9.1426    -0.0298    2.41675    2.42499          1     6.5981     6.7630      74.95     1.4844     0.3597  1.000e-12  0.2362000    21.6659    21.7654     0.0995    16.6771    16.7586     12.881     13.084      0.488    1470.75    1470.76  0.000e+00
       8762     13.500     8.4760     8.4553    -0.0208    2.59142    2.60546          1     6.4500     6.7187      48.63     1.3946     0.3658  1.000e-12  0.2288000    23.8627    24.0184     0.1557    18.4829    18.6072     13.376     13.585      0.506    1470.77    1470.88  0.000e+00
       8786     14.000     7.5804     7.5974     0.0170    2.91005    2.91915          1     6.5325     6.8621      70.78     1.3592     0.3596  1.000e-12  0.1997000    27.8065    27.8886     0.0822    21.6859    21.7482     13.871     14.084      0.530    1472.18    1472.35  0.000e+00
       8808     14.500     6.9966     7.0105     0.0140    3.08933    3.09319          1     6.6229     6.8024      98.10     1.6728     0.3638  1.000e-12  0.1986000    30.2035    30.2329     0.0294    23.6433    23.6647     14.367     14.582      0.530    1472.89    1472.98  0.000e+00
       8831     15.000     6.6443     6.6635     0.0191    3.22938    3.23122          1     6.5191     6.5105      98.67     2.0087     0.4074  1.000e-12  0.2246000    32.0480    32.0502     0.0022    25.1405    25.1397     14.862     15.079      0.530    1473.82    1473.90  0.000e+00
       8853     15.500     6.5577     6.5672     0.0095    3.28564    3.28627          1     6.3712     6.2969      98.68     5.9859     0.8244  1.000e-12  0.3229000    32.7486    32.7465    -0.0021    25.7038    25.7009     15.358     15.576      0.562    1474.36    1474.40  0.000e+00
       8873     16.000     6.5576     6.5628     0.0052    3.32337    3.32245          1     6.2992     6.2095      98.68     7.2359     1.0282  1.000e-12  0.3733000    33.1659    33.1506    -0.0153    26.0328    26.0200     15.853     16.072      0.602    1474.90    1474.90  0.000e+00
       8893     16.500     6.5741     6.5798     0.0057    3.36563    3.36542          1     6.2641     6.1576      53.46     7.0255     0.9268  1.000e-12  0.3762000    33.6175    33.6096    -0.0079    26.3867    26.3797     16.348     16.568      0.602    1475.54    1475.55  0.000e+00
       8913     17.000     6.5886     6.5942     0.0056    3.38850    3.38869          1     6.1811     6.0140      46.55     5.8623     0.7975  1.000e-12  0.3360000    33.8566    33.8532    -0.0034    26.5734    26.5700     16.844     17.064      0.592    1475.90    1475.92  0.000e+00
       8934     17.500     6.6081     6.6126     0.0045    3.41032    3.41070          1     5.9556     5.7085      46.20     4.9544     0.7219  1.000e-12  0.3225000    34.0790    34.0788    -0.0002    26.7461    26.7454     17.339     17.561      0.601    1476.27    1476.28  0.000e+00
       8953     18.000     6.6267     6.6313     0.0046    3.42541    3.42564          1     5.6570     5.4042      54.75     4.1966     0.6086  1.000e-12  0.3132000    34.2277    34.2257    -0.0020    26.8610    26.8588     17.834     18.056      0.620    1476.53    1476.55  0.000e+00
       8972     18.500     6.6304     6.6350     0.0046    3.42940    3.42978          1     5.4190     5.2062      70.03     2.9946     0.4382  1.000e-12  0.2939000    34.2680    34.2675    -0.0004    26.8922    26.8913     18.330     18.552      0.622    1476.61    1476.62  0.000e+00
       8992     19.000     6.6298     6.6341     0.0043    3.43226    3.43260          1     5.2492     5.0697      44.66     1.7555     0.3216  1.000e-12  0.2706000    34.3001    34.2996    -0.0005    26.9176    26.9167     18.825     19.048      0.612    1476.65    1476.67  0.000e+00
       9012     19.500     6.6239     6.6286     0.0047    3.43323    3.43359          1     5.1437     5.0110      44.02     1.1953     0.3084  1.000e-12  0.2474000    34.3165    34.3157    -0.0008    26.9314    26.9301     19.321     19.544      0.599    1476.66    1476.68  0.000e+00
       9032     20.000     6.6230     6.6271     0.0041    3.43404    3.43437          1     5.1161     5.0407      43.49     0.9352     0.2945  1.000e-12  0.2424000    34.3263    34.3258    -0.0005    26.9392    26.9383     19.816     20.040      0.591    1476.68    1476.69  0.000e+00
       9052     20.500     6.6360     6.6391     0.0030    3.43637    3.43668          1     5.1335     5.0773      43.00     0.9108     0.2755  1.000e-12  0.2514000    34.3388    34.3391     0.0004    26.9473    26.9472     20.311     20.536      0.594    1476.75    1476.76  0.000e+00
       9072     21.000     6.6447     6.6478     0.0031    3.43900    3.43928          1     5.1466     5.0738      42.63     0.9135     0.2854  1.000e-12  0.2623000    34.3590    34.3590    -0.0000    26.9621    26.9617     20.807     21.032      0.603    1476.82    1476.83  0.000e+00
       9092     21.500     6.6488     6.6520     0.0031    3.44085    3.44108          1     5.1368     5.0564      42.08     0.8920     0.3218  1.000e-12  0.2755000    34.3750    34.3745    -0.0005    26.9742    26.9734     21.302     21.528      0.610    1476.86    1476.87  0.000e+00
       9112     22.000     6.6528     6.6557     0.0029    3.44239    3.44266          1     5.1202     5.0362      41.53     0.7784     0.2657  1.000e-12  0.2974000    34.3880    34.3880     0.0001    26.9839    26.9835     21.797     22.024      0.611    1476.90    1476.91  0.000e+00
       9131     22.500     6.6599     6.6627     0.0028    3.44398    3.44419          1     5.1086     5.0190      41.13     0.7382     0.2556  1.000e-12  0.3133000    34.3982    34.3978    -0.0004    26.9910    26.9903     22.293     22.520      0.598    1476.95    1476.96  0.000e+00
       9152     23.000     6.6646     6.6679     0.0034    3.44570    3.44591          1     5.0919     5.0133      40.51     0.6981     0.2606  1.000e-12  0.3342000    34.4123    34.4113    -0.0010    27.0015    27.0002     22.788     23.016      0.582    1477.00    1477.01  0.000e+00
       9172     23.500     6.6639     6.6674     0.0034    3.44589    3.44611          1     5.0874     5.0182      40.01     0.6537     0.2776  1.000e-12  0.3542000    34.4148    34.4138    -0.0010    27.0035    27.0023     23.284     23.511      0.596    1477.00    1477.02  0.000e+00
       9192     24.000     6.6646     6.6674     0.0028    3.44613    3.44629          1     5.0873     5.0186      39.45     0.5901     0.2796  1.000e-12  0.3588000    34.4166    34.4155    -0.0010    27.0048    27.0036     23.779     24.007      0.620    1477.02    1477.03  0.000e+00
       9211     24.500     6.6684     6.6705     0.0021    3.44694    3.44710          1     5.0824     5.0128      38.86     0.5673     0.2912  1.000e-12  0.3630000    34.4215    34.4211    -0.0004    27.0082    27.0076     24.274     24.503      0.618    1477.05    1477.05  0.000e+00
       9231     25.000     6.6673     6.6702     0.0029    3.44727    3.44741          1     5.0879     5.0225      38.36     0.5580     0.2500  1.000e-12  0.3745000    34.4260    34.4247    -0.0013    27.0119    27.0105     24.770     24.999      0.595    1477.06    1477.06  0.000e+00
       9251     25.500     6.6673     6.6697     0.0024    3.44797    3.44811          1     5.0991     5.0358      37.86     0.5484     0.2064  1.000e-12  0.3772000    34.4335    34.4326    -0.0009    27.0179    27.0168     25.265     25.495      0.590    1477.07    1477.08  0.000e+00
       9271     26.000     6.6695     6.6718     0.0023    3.44894    3.44908          1     5.1020     5.0358      37.39     0.5370     0.2803  1.000e-12  0.3791000    34.4417    34.4410    -0.0007    27.0240    27.0231     25.760     25.991      0.619    1477.10    1477.11  0.000e+00
       9290     26.500     6.6721     6.6742     0.0021    3.44977    3.44989          1     5.1125     5.0507      36.95     0.4916     0.2452  1.000e-12  0.3853000    34.4481    34.4473    -0.0008    27.0287    27.0278     26.256     26.487      0.633    1477.13    1477.13  0.000e+00
       9309     27.000     6.6723     6.6745     0.0022    3.45135    3.45150          1     5.1383     5.0764      36.35     0.4656     0.2350  1.000e-12  0.3741000    34.4653    34.4647    -0.0006    27.0422    27.0415     26.751     26.983      0.608    1477.16    1477.17  0.000e+00
       9330     27.500     6.6805     6.6829     0.0024    3.45454    3.45485          1     5.1525     5.0734      35.86     0.4145     0.2302  1.000e-12  0.3483000    34.4921    34.4932     0.0010    27.0623    27.0628     27.246     27.478      0.579    1477.23    1477.24  0.000e+00
