ctdpy/exports/archive_20191120_135557/received_data/SBE09_0827_20181006_0944_26_01_1025.cnv
* Sea-Bird SBE 9 Data File:
* FileName = D:\CTD_SBE911\DAT\26DA.2018.10.25.hex
* Software Version Seasave V 7.21d
* Temperature SN = 4548
* Conductivity SN = 3062
* Number of Bytes Per Scan = 48
* Number of Voltage Words = 5
* Number of Scans Averaged by the Deck Unit = 1
* NMEA Latitude = 57 40.77 N
* NMEA Longitude = 017 24.31 E
* NMEA UTC (Time) = Oct 06 2018  09:46:55
* NMEA baud rate = 4800
** Ship: DANA
** Average sound velocity: 1445.36 m/s
** True-depth calculation Thu, 28 Mar 2019 12:18:51 +0000
** CTD Python Module SMHI /ver 3-12/ feb 2012 
** LIMS Job: 20182601-1025
** Operator: Christian
** Cruise: 10/2018
# nquan = 26
# nvalues = 298                         
# units = specified
# name 0 = scan: Scan Count
# name 1 = prDM: Pressure, Digiquartz [db]
# name 2 = t090C: Temperature [ITS-90, deg C]
# name 3 = t190C: Temperature, 2 [ITS-90, deg C]
# name 4 = T2-T190C: Temperature Difference, 2 - 1 [ITS-90, deg C]
# name 5 = c0S/m: Conductivity [S/m]
# name 6 = c1S/m: Conductivity, 2 [S/m]
# name 7 = pumps: Pump Status
# name 8 = sbeox1ML/L: Oxygen, SBE 43, 2 [ml/l]
# name 9 = sbeox0ML/L: Oxygen, SBE 43 [ml/l]
# name 10 = altM: Altimeter [m]
# name 11 = chloroflTC0: Chlorophyll, Turner Cyclops [ug/l]
# name 12 = cpar: CPAR/Corrected Irradiance [%]
# name 13 = par: PAR/Irradiance, Biospherical/Lico [µE/(cm^2*s)]
# name 14 = spar: SPAR, Biospherical/Licor
# name 15 = sal00: Salinity, Practical [PSU]
# name 16 = sal11: Salinity, Practical, 2 [PSU]
# name 17 = secS-priS: Salinity, Practical, Difference, 2 - 1 [PSU]
# name 18 = sigma-t00: Density [sigma-t, kg/m^3 ]
# name 19 = sigma-t11: Density, 2 [sigma-t, kg/m^3 ]
# name 20 = depSM: Depth [salt water, m], lat = 57.6795
# name 21 = depFM: Depth [true depth, m], lat = 57.6795
# name 22 = dz/dtM: Descent Rate [m/s], WS = 2
# name 23 = svCM: Sound Velocity [Chen-Millero, m/s]
# name 24 = svCM1: Sound Velocity, 2 [Chen-Millero, m/s]
# name 25 = flag: flag
# span 0 =        208,      12779       
# span 1 =      1.500,    150.000       
# span 2 =     4.2670,    10.0119       
# span 3 =     4.2337,    10.0123       
# span 4 =    -0.4351,     0.2112       
# span 5 =   0.789499,   1.182172       
# span 6 =   0.787614,   1.182174       
# span 7 =          1,          1       
# span 8 =     0.0259,     7.5154       
# span 9 =     0.0232,     6.9961       
# span 10 =       0.55,      10.26      
# span 11 =     0.0162,     0.0339      
# span 12 = -2.610e-04, 8.3715e+00      
# span 13 = -1.086e-03, 3.3436e+01      
# span 14 = 3.9195e+02, 4.8943e+02      
# span 15 =     7.0282,    10.8933      
# span 16 =     7.0284,    10.8929      
# span 17 =    -0.0861,     0.1104      
# span 18 =     5.1893,     8.5596      
# span 19 =     5.1894,     8.5592      
# span 20 =      1.486,    148.559      
# span 21 =      1.520,    151.648      
# span 22 =      0.067,      0.685      
# span 23 =    1433.35,    1456.18      
# span 24 =    1433.17,    1456.17      
# span 25 = 0.0000e+00, 0.0000e+00      
# interval = decibars: 0.5              
# start_time = Oct 06 2018 09:46:55 [NMEA time, first data scan]
# bad_flag = -9.990e-29
*END*
[from data line 279]
      11582    141.000     5.9525     5.9526     0.0002    1.18174    1.18171          1     0.0296     0.0376       9.97     0.0171  2.526e-13  1.000e-12  3.960e+02    10.8908    10.8905    -0.0003     8.5577     8.5574    139.649    142.559      0.645    1446.48    1446.48  0.000e+00
      11602    141.500     5.9525     5.9527     0.0002    1.18176    1.18173          1     0.0292     0.0363       9.81     0.0171  2.525e-13  1.000e-12  3.960e+02    10.8910    10.8905    -0.0004     8.5578     8.5574    140.144    143.064      0.566    1446.49    1446.49  0.000e+00
      11626    142.000     5.9526     5.9528     0.0002    1.18178    1.18175          1     0.0300     0.0347       9.25     0.0171  2.525e-13  1.000e-12  3.960e+02    10.8910    10.8906    -0.0003     8.5578     8.5575    140.639    143.569      0.423    1446.50    1446.50  0.000e+00
      11664    142.500     5.9527     5.9529     0.0002    1.18180    1.18176          1     0.0295     0.0356       8.66     0.0171  2.525e-13  1.000e-12  3.960e+02    10.8911    10.8907    -0.0004     8.5579     8.5575    141.135    144.074      0.258    1446.51    1446.51  0.000e+00
      11720    143.000     5.9529     5.9530     0.0001    1.18186    1.18180          1     0.0292     0.0355       8.07     0.0172  2.525e-13  1.000e-12  3.961e+02    10.8916    10.8909    -0.0006     8.5582     8.5577    141.630    144.579      0.222    1446.52    1446.52  0.000e+00
      11765    143.500     5.9527     5.9530     0.0004    1.18183    1.18184          1     0.0307     0.0350       7.54     0.0174  2.516e-13  1.000e-12  3.974e+02    10.8912    10.8912    -0.0000     8.5580     8.5579    142.125    145.084      0.263    1446.53    1446.53  0.000e+00
      11834    144.000     5.9528     5.9531     0.0003    1.18186    1.18184          1     0.0289     0.0352       6.96     0.0176  2.513e-13  1.000e-12  3.980e+02    10.8914    10.8911    -0.0003     8.5581     8.5579    142.620    145.589      0.228    1446.54    1446.54  0.000e+00
      11883    144.500     5.9527     5.9531     0.0004    1.18185    1.18187          1     0.0307     0.0358       6.48     0.0174  2.512e-13  1.000e-12  3.980e+02    10.8912    10.8912     0.0000     8.5580     8.5580    143.115    146.094      0.374    1446.54    1446.54  0.000e+00
      11911    145.000     5.9528     5.9531     0.0004    1.18190    1.18187          1     0.0274     0.0350       6.06     0.0174  2.512e-13  1.000e-12  3.980e+02    10.8916    10.8912    -0.0004     8.5583     8.5579    143.610    146.599      0.381    1446.55    1446.55  0.000e+00
      11964    145.500     5.9530     5.9533     0.0002    1.18195    1.18189          1     0.0292     0.0351       5.39     0.0175  2.512e-13  1.000e-12  3.980e+02    10.8919    10.8913    -0.0006     8.5585     8.5580    144.105    147.104      0.235    1446.56    1446.56  0.000e+00
      12019    146.000     5.9533     5.9535     0.0002    1.18205    1.18200          1     0.0278     0.0347       4.93     0.0177  2.512e-13  1.000e-12  3.981e+02    10.8927    10.8922    -0.0005     8.5591     8.5587    144.600    147.609      0.385    1446.57    1446.57  0.000e+00
      12063    146.500     5.9534     5.9536     0.0003    1.18207    1.18203          1     0.0286     0.0353       4.35     0.0186  2.512e-13  1.000e-12  3.981e+02    10.8928    10.8923    -0.0005     8.5592     8.5588    145.095    148.114      0.278    1446.58    1446.58  0.000e+00
      12137    147.000     5.9534     5.9537     0.0004    1.18211    1.18208          1     0.0300     0.0352       3.81     0.0176  2.512e-13  1.000e-12  3.981e+02    10.8931    10.8927    -0.0004     8.5595     8.5591    145.590    148.619      0.391    1446.59    1446.59  0.000e+00
      12162    147.500     5.9535     5.9538     0.0003    1.18213    1.18211          1     0.0280     0.0349       3.29     0.0183  2.510e-13  1.000e-12  3.985e+02    10.8932    10.8929    -0.0003     8.5595     8.5592    146.085    149.124      0.373    1446.60    1446.60  0.000e+00
      12221    148.000     5.9535     5.9538     0.0004    1.18213    1.18212          1     0.0278     0.0344       2.76     0.0186  2.510e-13  1.000e-12  3.984e+02    10.8931    10.8929    -0.0003     8.5594     8.5592    146.580    149.629      0.255    1446.60    1446.61  0.000e+00
      12265    148.500     5.9534     5.9538     0.0003    1.18214    1.18212          1     0.0268     0.0346       2.20     0.0186  2.509e-13  1.000e-12  3.986e+02    10.8931    10.8928    -0.0003     8.5594     8.5592    147.075    150.134      0.343    1446.61    1446.61  0.000e+00
      12310    149.000     5.9536     5.9539     0.0003    1.18216    1.18213          1     0.0275     0.0345       1.69     0.0191  2.510e-13  1.000e-12  3.983e+02    10.8931    10.8928    -0.0003     8.5595     8.5592    147.570    150.639      0.219    1446.62    1446.62  0.000e+00
      12446    149.500     5.9536     5.9540     0.0004    1.18216    1.18215          1     0.0259     0.0335       1.10     0.0181  2.512e-13  1.000e-12  3.980e+02    10.8931    10.8929    -0.0002     8.5594     8.5592    148.065    151.144      0.196    1446.63    1446.63  0.000e+00
      12779    150.000     5.9534     5.9542     0.0002    1.18217    1.18217          1     0.0271     0.0232       0.55     0.0196  2.518e-13  1.000e-12  3.971e+02    10.8933    10.8929    -0.0002     8.5596     8.5592    148.559    151.648      0.067    1446.63    1446.63  0.000e+00
