ctdpy/exports/archive_20191120_135557/received_data/SBE09_1044_20180419_1309_34_07_0021.cnv
* Sea-Bird SBE 9 Data File:
* FileName = C:\ctd\temp\2018\AU18D021.hex
* Software Version Seasave V 7.26.6.26
* Temperature SN = 5351
* Conductivity SN = 3941
* Number of Bytes Per Scan = 41
* Number of Voltage Words = 4
* Number of Scans Averaged by the Deck Unit = 1
* NMEA Latitude = 58 00.99 N
* NMEA Longitude = 017 59.08 E
* NMEA UTC (Time) = Apr 19 2018  13:10:02
* NMEA baud rate = 4800
** Station:  BY32
** Operator:  SSip
** Ship: AURA
** Average sound velocity: 1438.11 m/s
** True-depth calculation Thu, 19 Apr 2018 14:18:44 +0000
** CTD Python Module SMHI /ver 3-12/ feb 2012 
** LIMS Job: 20183407-0021
** Cruise: SMHI-01-2018
** Latitude [GG MM.mm N] :
** Longitude [GG MM.mm E]:
# nquan = 26
# nvalues = 392                         
# units = specified
# name 0 = scan: Scan Count
# name 1 = prDM: Pressure, Digiquartz [db]
# name 2 = t090C: Temperature [ITS-90, deg C]
# name 3 = t190C: Temperature, 2 [ITS-90, deg C]
# name 4 = T2-T190C: Temperature Difference, 2 - 1 [ITS-90, deg C]
# name 5 = c0S/m: Conductivity [S/m]
# name 6 = c1S/m: Conductivity, 2 [S/m]
# name 7 = pumps: Pump Status
# name 8 = sbeox0ML/L: Oxygen, SBE 43 [ml/l]
# name 9 = sbeox1ML/L: Oxygen, SBE 43, 2 [ml/l]
# name 10 = altM: Altimeter [m]
# name 11 = flECO-AFL: Chl-a Fluorescence, WET Labs ECO-AFL/FL [mg/m^3]
# name 12 = flECO-AFL1: Phycocyanin Fluorescence, WET Labs ECO-AFL/FL, 2 [mg/m^3]
# name 13 = par: PAR/Irradiance, Biospherical/Lico [µE/(cm^2*s)]
# name 14 = turbWETntu0: Turbidity, WET Labs ECO [NTU]
# name 15 = sal00: Salinity, Practical [PSU]
# name 16 = sal11: Salinity, Practical, 2 [PSU]
# name 17 = secS-priS: Salinity, Practical, Difference, 2 - 1 [PSU]
# name 18 = sigma-t00: Density [sigma-t, Kg/m^3 ]
# name 19 = sigma-t11: Density, 2 [sigma-t, Kg/m^3 ]
# name 20 = depSM: Depth [salt water, m], lat = 58.0165
# name 21 = depFM: Depth [true depth, m], lat = 58.0165
# name 22 = dz/dtM: Descent Rate [m/s], WS = 2
# name 23 = svCM: Sound Velocity [Chen-Millero, m/s]
# name 24 = svCM1: Sound Velocity, 2 [Chen-Millero, m/s]
# name 25 = flag: flag
# span 0 =       7190,      17067       
# span 1 =      1.000,    196.500       
# span 2 =     2.4065,     5.8826       
# span 3 =     2.4066,     5.8834       
# span 4 =    -0.0385,     0.0294       
# span 5 =   0.708545,   1.166200       
# span 6 =   0.708484,   1.166198       
# span 7 =          1,          1       
# span 8 =    0.02291,   10.41499       
# span 9 =    0.02700,   10.23351       
# span 10 =       4.48,      98.71      
# span 11 =     0.2816,     8.8665      
# span 12 =     0.1480,     1.7785      
# span 13 = -2.303e-06, 1.2753e+03      
# span 14 =     0.1361,     1.8814      
# span 15 =     6.9332,    10.7485      
# span 16 =     6.9325,    10.7482      
# span 17 =    -0.0071,     0.0010      
# span 18 =     5.5200,     8.4499      
# span 19 =     5.5191,     8.4497      
# span 20 =      0.991,    194.586      
# span 21 =      1.013,    198.695      
# span 22 =      0.058,      0.594      
# span 23 =    1423.73,    1446.89      
# span 24 =    1423.73,    1446.89      
# span 25 = 0.0000e+00, 0.0000e+00      
# interval = decibars: 0.5              
# start_time = Apr 19 2018 13:10:02 [NMEA time, first data scan]
# bad_flag = -9.990e-29
*END*
[from data line 223]
      12537    112.500     5.6962     5.6969     0.0007    1.12533    1.12532          1     0.0632     0.0559      93.96     0.3823     0.2296  1.000e-12  1.3237000    10.4138    10.4134    -0.0003     8.1973     8.1970    111.427    113.847      0.556    1444.33    1444.33  0.000e+00
      12558    113.000     5.6887     5.6895     0.0008    1.12548    1.12547          1     0.0638     0.0560      98.71     0.3643     0.2690  1.000e-12  1.1525000    10.4176    10.4172    -0.0004     8.2008     8.2004    111.922    114.353      0.563    1444.31    1444.32  0.000e+00
      12579    113.500     5.6869     5.6880     0.0011    1.12594    1.12595          1     0.0620     0.0570      90.58     0.3658     0.2426  1.000e-12  0.9565000    10.4226    10.4224    -0.0002     8.2048     8.2046    112.417    114.858      0.555    1444.32    1444.32  0.000e+00
      12602    114.000     5.6978     5.6989     0.0011    1.12694    1.12695          1     0.0604     0.0561      94.08     0.3753     0.2465  1.000e-12  0.8799000    10.4291    10.4289    -0.0002     8.2093     8.2091    112.912    115.363      0.526    1444.38    1444.39  0.000e+00
      12625    114.500     5.7095     5.7102     0.0007    1.12769    1.12767          1     0.0609     0.0539      92.71     0.3824     0.2462  1.000e-12  1.0213000    10.4329    10.4325    -0.0004     8.2116     8.2113    113.407    115.868      0.509    1444.44    1444.45  0.000e+00
      12649    115.000     5.7147     5.7155     0.0008    1.12815    1.12814          1     0.0558     0.0557      98.51     0.3793     0.2279  1.000e-12  1.2568000    10.4358    10.4355    -0.0003     8.2136     8.2133    113.902    116.373      0.515    1444.48    1444.48  0.000e+00
      12672    115.500     5.7259     5.7265     0.0007    1.12939    1.12938          1     0.0588     0.0528      88.44     0.3724     0.2206  1.000e-12  1.3836000    10.4446    10.4443    -0.0003     8.2199     8.2196    114.397    116.878      0.513    1444.55    1444.55  0.000e+00
      12695    116.000     5.7281     5.7288     0.0007    1.12973    1.12971          1     0.0592     0.0545      87.93     0.3803     0.2145  1.000e-12  1.4410000    10.4473    10.4469    -0.0004     8.2219     8.2215    114.893    117.383      0.501    1444.57    1444.57  0.000e+00
      12720    116.500     5.7254     5.7262     0.0008    1.13000    1.12999          1     0.0570     0.0524      91.64     0.3589     0.2181  1.000e-12  1.4343000    10.4507    10.4503    -0.0004     8.2248     8.2244    115.388    117.888      0.497    1444.57    1444.57  0.000e+00
      12743    117.000     5.7190     5.7197     0.0007    1.13019    1.13019          1     0.0576     0.0526      96.50     0.3707     0.2510  1.000e-12  1.3933000    10.4545    10.4543    -0.0002     8.2281     8.2279    115.883    118.394      0.509    1444.55    1444.56  0.000e+00
      12767    117.500     5.7143     5.7150     0.0007    1.13060    1.13059          1     0.0578     0.0538      86.35     0.3702     0.2751  1.000e-12  1.1859000    10.4600    10.4596    -0.0004     8.2327     8.2324    116.378    118.899      0.509    1444.55    1444.55  0.000e+00
      12791    118.000     5.7121     5.7128     0.0007    1.13085    1.13085          1     0.0579     0.0514      92.73     0.3810     0.2064  1.000e-12  1.0495000    10.4631    10.4628    -0.0003     8.2353     8.2350    116.873    119.404      0.499    1444.55    1444.55  0.000e+00
      12815    118.500     5.7132     5.7139     0.0007    1.13116    1.13115          1     0.0524     0.0521      98.65     0.3829     0.2103  1.000e-12  0.9752000    10.4658    10.4654    -0.0004     8.2373     8.2370    117.368    119.909      0.495    1444.57    1444.57  0.000e+00
      12839    119.000     5.7199     5.7207     0.0007    1.13199    1.13198          1     0.0527     0.0511      96.14     0.3829     0.2628  1.000e-12  0.9656000    10.4719    10.4715    -0.0003     8.2417     8.2414    117.863    120.414      0.497    1444.61    1444.61  0.000e+00
      12863    119.500     5.7229     5.7236     0.0007    1.13240    1.13240          1     0.0533     0.0512      84.41     0.3578     0.1678  1.000e-12  1.0732000    10.4750    10.4747    -0.0003     8.2440     8.2438    118.358    120.919      0.503    1444.64    1444.64  0.000e+00
      12887    120.000     5.7229     5.7236     0.0007    1.13291    1.13290          1     0.0538     0.0519      97.83     0.3550     0.2216  1.000e-12  1.0960000    10.4799    10.4796    -0.0003     8.2479     8.2476    118.853    121.424      0.497    1444.65    1444.65  0.000e+00
      12912    120.500     5.7190     5.7197     0.0007    1.13341    1.13340          1     0.0533     0.0513      89.52     0.3604     0.2654  1.000e-12  0.9733000    10.4861    10.4858    -0.0003     8.2530     8.2527    119.348    121.929      0.470    1444.65    1444.65  0.000e+00
      12938    121.000     5.7188     5.7195     0.0007    1.13363    1.13363          1     0.0523     0.0519      88.02     0.3512     0.2227  1.000e-12  0.8377000    10.4883    10.4880    -0.0003     8.2548     8.2545    119.843    122.434      0.453    1444.66    1444.66  0.000e+00
      12964    121.500     5.7201     5.7208     0.0007    1.13388    1.13387          1     0.0532     0.0493      82.65     0.3541     0.1953  1.000e-12  0.8044000    10.4903    10.4899    -0.0003     8.2562     8.2559    120.338    122.940      0.486    1444.67    1444.68  0.000e+00
      12988    122.000     5.7233     5.7240     0.0006    1.13434    1.13432          1     0.0537     0.0479      82.30     0.3580     0.2131  1.000e-12  0.8242000    10.4937    10.4934    -0.0004     8.2588     8.2585    120.834    123.445      0.533    1444.70    1444.70  0.000e+00
      13010    122.500     5.7252     5.7259     0.0006    1.13467    1.13466          1     0.0525     0.0507      81.67     0.3641     0.2063  1.000e-12  0.8608000    10.4964    10.4961    -0.0003     8.2607     8.2605    121.329    123.950      0.535    1444.72    1444.72  0.000e+00
      13033    123.000     5.7236     5.7242     0.0006    1.13487    1.13486          1     0.0522     0.0486      98.43     0.3677     0.1800  1.000e-12  0.8560000    10.4988    10.4985    -0.0003     8.2628     8.2625    121.824    124.455      0.487    1444.72    1444.73  0.000e+00
      13059    123.500     5.7259     5.7266     0.0007    1.13537    1.13536          1     0.0517     0.0476      98.68     0.3634     0.2136  1.000e-12  0.7840000    10.5030    10.5026    -0.0003     8.2659     8.2656    122.319    124.960      0.449    1444.75    1444.75  0.000e+00
      13085    124.000     5.7266     5.7273     0.0007    1.13559    1.13559          1     0.0503     0.0461      83.40     0.3664     0.2724  1.000e-12  0.7915000    10.5049    10.5046    -0.0003     8.2674     8.2671    122.814    125.465      0.474    1444.76    1444.76  0.000e+00
      13110    124.500     5.7275     5.7282     0.0008    1.13594    1.13593          1     0.0522     0.0493      79.20     0.3620     0.2359  1.000e-12  0.7801000    10.5080    10.5077    -0.0003     8.2698     8.2695    123.309    125.970      0.498    1444.78    1444.78  0.000e+00
      13134    125.000     5.7280     5.7287     0.0007    1.13629    1.13628          1     0.0501     0.0472      78.65     0.3722     0.2271  1.000e-12  0.7722000    10.5112    10.5109    -0.0003     8.2723     8.2720    123.804    126.475      0.486    1444.79    1444.79  0.000e+00
      13159    125.500     5.7286     5.7293     0.0007    1.13651    1.13650          1     0.0499     0.0467      78.13     0.3692     0.2364  1.000e-12  0.7480000    10.5132    10.5129    -0.0003     8.2738     8.2735    124.299    126.980      0.491    1444.80    1444.81  0.000e+00
      13183    126.000     5.7356     5.7363     0.0008    1.13701    1.13701          1     0.0477     0.0473      77.86     0.3618     0.2113  1.000e-12  0.7444000    10.5159    10.5157    -0.0003     8.2756     8.2753    124.794    127.485      0.519    1444.84    1444.85  0.000e+00
      13205    126.500     5.7510     5.7523     0.0012    1.13787    1.13789          1     0.0461     0.0477      86.45     0.3705     0.2419  1.000e-12  0.8781000    10.5196    10.5194    -0.0002     8.2775     8.2773    125.289    127.990      0.516    1444.92    1444.93  0.000e+00
      13230    127.000     5.7501     5.7506     0.0005    1.13807    1.13805          1     0.0477     0.0473      91.88     0.3716     0.2452  1.000e-12  1.2536000    10.5218    10.5214    -0.0004     8.2793     8.2790    125.784    128.496      0.467    1444.93    1444.93  0.000e+00
      13257    127.500     5.7511     5.7518     0.0008    1.13832    1.13831          1     0.0485     0.0472      76.04     0.3819     0.1949  1.000e-12  1.1839000    10.5239    10.5236    -0.0003     8.2810     8.2807    126.279    129.001      0.446    1444.95    1444.95  0.000e+00
      13283    128.000     5.7422     5.7431     0.0009    1.13821    1.13822          1     0.0491     0.0474      75.48     0.3701     0.2733  1.000e-12  1.1375000    10.5255    10.5253    -0.0002     8.2827     8.2825    126.774    129.506      0.495    1444.92    1444.92  0.000e+00
      13306    128.500     5.7409     5.7422     0.0013    1.13828    1.13830          1     0.0493     0.0474      74.98     0.3702     0.2735  1.000e-12  0.8848000    10.5265    10.5264    -0.0001     8.2836     8.2834    127.269    130.011      0.528    1444.92    1444.93  0.000e+00
      13329    129.000     5.7386     5.7393     0.0007    1.13837    1.13837          1     0.0484     0.0458      74.63     0.3824     0.2665  1.000e-12  0.8794000    10.5281    10.5278    -0.0002     8.2849     8.2847    127.764    130.516      0.502    1444.92    1444.92  0.000e+00
      13354    129.500     5.7354     5.7361     0.0007    1.13840    1.13838          1     0.0479     0.0458      88.49     0.3721     0.2512  1.000e-12  0.7704000    10.5292    10.5289    -0.0003     8.2860     8.2857    128.260    131.021      0.460    1444.92    1444.92  0.000e+00
      13380    130.000     5.7331     5.7339     0.0008    1.13861    1.13860          1     0.0483     0.0471      85.61     0.3702     0.2631  1.000e-12  0.7003000    10.5320    10.5316    -0.0004     8.2883     8.2880    128.755    131.526      0.469    1444.92    1444.92  0.000e+00
      13405    130.500     5.7331     5.7337     0.0006    1.13901    1.13899          1     0.0476     0.0465      72.78     0.3480     0.2580  1.000e-12  0.6057000    10.5359    10.5355    -0.0004     8.2914     8.2911    129.250    132.031      0.505    1444.93    1444.93  0.000e+00
      13428    131.000     5.7331     5.7338     0.0007    1.13922    1.13920          1     0.0469     0.0456      72.95     0.3776     0.2538  1.000e-12  0.5383000    10.5379    10.5375    -0.0004     8.2930     8.2927    129.745    132.536      0.515    1444.94    1444.94  0.000e+00
      13452    131.500     5.7334     5.7341     0.0007    1.13938    1.13937          1     0.0433     0.0447      72.72     0.3737     0.2563  1.000e-12  0.5267000    10.5393    10.5390    -0.0003     8.2941     8.2938    130.240    133.041      0.490    1444.95    1444.96  0.000e+00
      13477    132.000     5.7333     5.7341     0.0008    1.13952    1.13951          1     0.0467     0.0449      96.02     0.3610     0.2423  1.000e-12  0.5305000    10.5406    10.5403    -0.0003     8.2951     8.2949    130.735    133.546      0.471    1444.96    1444.96  0.000e+00
      13503    132.500     5.7337     5.7345     0.0008    1.13965    1.13965          1     0.0452     0.0426      91.91     0.3584     0.2284  1.000e-12  0.5185000    10.5418    10.5414    -0.0003     8.2960     8.2957    131.230    134.051      0.459    1444.97    1444.98  0.000e+00
      13529    133.000     5.7346     5.7355     0.0009    1.13975    1.13976          1     0.0461     0.0451      70.13     0.3680     0.2217  1.000e-12  0.5379000    10.5424    10.5422    -0.0002     8.2965     8.2963    131.725    134.557      0.451    1444.99    1444.99  0.000e+00
      13556    133.500     5.7348     5.7356     0.0008    1.13979    1.13979          1     0.0439     0.0417      97.40     0.3612     0.2152  1.000e-12  0.5612000    10.5426    10.5424    -0.0003     8.2966     8.2964    132.220    135.062      0.470    1444.99    1445.00  0.000e+00
      13580    134.000     5.7354     5.7362     0.0008    1.13987    1.13987          1     0.0435     0.0430      73.15     0.3686     0.2114  1.000e-12  0.5582000    10.5431    10.5429    -0.0002     8.2970     8.2968    132.715    135.567      0.514    1445.01    1445.01  0.000e+00
      13603    134.500     5.7365     5.7373     0.0007    1.13999    1.13999          1     0.0441     0.0436      68.76     0.3465     0.2223  1.000e-12  0.5629000    10.5439    10.5436    -0.0003     8.2976     8.2973    133.210    136.072      0.525    1445.02    1445.02  0.000e+00
      13626    135.000     5.7384     5.7391     0.0007    1.14026    1.14026          1     0.0428     0.0411      68.24     0.3488     0.2288  1.000e-12  0.5901000    10.5459    10.5457    -0.0002     8.2991     8.2988    133.705    136.577      0.496    1445.04    1445.04  0.000e+00
      13652    135.500     5.7387     5.7394     0.0007    1.14043    1.14043          1     0.0430     0.0436      67.70     0.3649     0.2417  1.000e-12  0.5806000    10.5475    10.5472    -0.0003     8.3002     8.3000    134.200    137.082      0.452    1445.05    1445.05  0.000e+00
      13679    136.000     5.7408     5.7416     0.0007    1.14070    1.14070          1     0.0437     0.0427      67.17     0.3787     0.2106  1.000e-12  0.6066000    10.5494    10.5491    -0.0003     8.3016     8.3014    134.695    137.587      0.448    1445.07    1445.07  0.000e+00
      13705    136.500     5.7422     5.7429     0.0007    1.14092    1.14091          1     0.0438     0.0428      66.73     0.3666     0.2323  1.000e-12  0.6421000    10.5511    10.5508    -0.0003     8.3029     8.3026    135.190    138.092      0.490    1445.09    1445.09  0.000e+00
      13728    137.000     5.7435     5.7441     0.0005    1.14109    1.14108          1     0.0445     0.0423      66.30     0.3654     0.2445  1.000e-12  0.6312000    10.5522    10.5519    -0.0003     8.3037     8.3034    135.685    138.597      0.517    1445.10    1445.10  0.000e+00
      13751    137.500     5.7443     5.7449     0.0006    1.14120    1.14118          1     0.0441     0.0427      65.73     0.3838     0.2106  1.000e-12  0.6395000    10.5530    10.5527    -0.0003     8.3043     8.3040    136.180    139.102      0.501    1445.11    1445.11  0.000e+00
      13776    138.000     5.7457     5.7462     0.0006    1.14144    1.14143          1     0.0432     0.0430      65.22     0.3829     0.2590  1.000e-12  0.6833000    10.5549    10.5547    -0.0003     8.3057     8.3055    136.675    139.607      0.469    1445.13    1445.13  0.000e+00
      13802    138.500     5.7452     5.7459     0.0007    1.14160    1.14159          1     0.0447     0.0427      64.77     0.3651     0.2182  1.000e-12  0.6809000    10.5566    10.5562    -0.0003     8.3070     8.3067    137.170    140.112      0.459    1445.14    1445.14  0.000e+00
      13828    139.000     5.7427     5.7438     0.0011    1.14172    1.14172          1     0.0427     0.0428      64.11     0.3590     0.2071  1.000e-12  0.6335000    10.5584    10.5581    -0.0003     8.3086     8.3083    137.665    140.617      0.465    1445.13    1445.14  0.000e+00
      13854    139.500     5.7412     5.7419     0.0007    1.14175    1.14174          1     0.0415     0.0428      63.56     0.3585     0.2219  1.000e-12  0.5819000    10.5591    10.5588    -0.0003     8.3093     8.3090    138.160    141.122      0.477    1445.14    1445.14  0.000e+00
