ctdpy/exports/archive_20191120_135557/received_data/SBE09_1044_20181014_0842_34_01_0090.cnv
* Sea-Bird SBE 9 Data File:
* FileName = C:\ctd\temp\ar18d090.hex
* Software Version Seasave V 7.21e
* Temperature SN = 5351
* Conductivity SN = 3941
* Number of Bytes Per Scan = 30
* Number of Voltage Words = 4
* Number of Scans Averaged by the Deck Unit = 1
* NMEA baud rate = 4800
** Station:  LL7
** Operator:  obac
** Ship: ARANDA
** Average sound velocity: 1451.87 m/s
** True-depth calculation Sun, 14 Oct 2018 12:27:58 +0000
** CTD Python Module SMHI /ver 3-12/ feb 2012 
** LIMS Job: 20183401-0090
** Cruise: SMHI-4-2018
** Latitude [GG MM.mm N]: 59 50.801 N
** Longitude [GG MM.mm E] 24 50.287 E
# nquan = 26
# nvalues = 191                         
# units = specified
# name 0 = scan: Scan Count
# name 1 = prDM: Pressure, Digiquartz [db]
# name 2 = t090C: Temperature [ITS-90, deg C]
# name 3 = t190C: Temperature, 2 [ITS-90, deg C]
# name 4 = T2-T190C: Temperature Difference, 2 - 1 [ITS-90, deg C]
# name 5 = c0S/m: Conductivity [S/m]
# name 6 = c1S/m: Conductivity, 2 [S/m]
# name 7 = pumps: Pump Status
# name 8 = sbeox0ML/L: Oxygen, SBE 43 [ml/l]
# name 9 = sbeox1ML/L: Oxygen, SBE 43, 2 [ml/l]
# name 10 = altM: Altimeter [m]
# name 11 = flECO-AFL: Chl-a Fluorescence, WET Labs ECO-AFL/FL [mg/m^3]
# name 12 = flECO-AFL1: Phycocyanin Fluorescence, WET Labs ECO-AFL/FL, 2 [mg/m^3]
# name 13 = par: PAR/Irradiance, Biospherical/Lico [µE/(cm^2*s)]
# name 14 = turbWETntu0: Turbidity, WET Labs ECO [NTU]
# name 15 = sal00: Salinity, Practical [PSU]
# name 16 = sal11: Salinity, Practical, 2 [PSU]
# name 17 = secS-priS: Salinity, Practical, Difference, 2 - 1 [PSU]
# name 18 = sigma-t00: Density [sigma-t, Kg/m^3 ]
# name 19 = sigma-t11: Density, 2 [sigma-t, Kg/m^3 ]
# name 20 = depSM: Depth [salt water, m], lat = 0
# name 21 = depFM: Depth [true depth, m], lat = 0
# name 22 = dz/dtM: Descent Rate [m/s], WS = 2
# name 23 = svCM: Sound Velocity [Chen-Millero, m/s]
# name 24 = svCM1: Sound Velocity, 2 [Chen-Millero, m/s]
# name 25 = flag: flag
# span 0 =      11246,      15781       
# span 1 =      1.500,     96.500       
# span 2 =     5.3242,    12.4069       
# span 3 =     5.3264,    12.4074       
# span 4 =    -0.0266,     0.0190       
# span 5 =   0.768452,   0.810880       
# span 6 =   0.768467,   0.810835       
# span 7 =          1,          1       
# span 8 =    2.19504,    7.00403       
# span 9 =    2.84762,    3.85100       
# span 10 =       2.68,      99.94      
# span 11 =     0.4808,     1.8242      
# span 12 =     0.1877,     0.5985      
# span 13 = 1.0000e-12, 4.0950e+03      
# span 14 =     0.4112,     2.5841      
# span 15 =     6.0712,     7.3740      
# span 16 =     6.0708,     7.3734      
# span 17 =    -0.0049,     0.0019      
# span 18 =     4.1611,     5.8166      
# span 19 =     4.1607,     5.8161      
# span 20 =      1.492,     95.948      
# span 21 =      1.521,     97.819      
# span 22 =     -0.002,      1.018      
# span 23 =    1438.54,    1463.96      
# span 24 =    1438.55,    1463.96      
# span 25 = 0.0000e+00, 0.0000e+00      
# interval = decibars: 0.5              
# start_time = Oct 14 2018 08:42:47 [System UTC, header]
# bad_flag = -9.990e-29
*END*
[from data line 168]
      14864     85.500     5.3936     5.3960     0.0024    0.80346    0.80345          1     2.4671     3.6129      14.19     0.5080     0.2208  1.000e-12  0.7201000     7.3133     7.3127    -0.0006     5.7655     5.7650     85.013     86.679      0.488    1438.66    1438.67  0.000e+00
      14893     86.000     5.3911     5.3931     0.0020    0.80369    0.80367          1     2.4574     3.5916      13.65     0.5031     0.2285  1.000e-12  0.7391000     7.3161     7.3155    -0.0006     5.7678     5.7673     85.510     87.186      0.432    1438.66    1438.67  0.000e+00
      14917     86.500     5.3865     5.3884     0.0019    0.80395    0.80397          1     2.4500     3.5715      13.18     0.5039     0.2502  1.000e-12  0.7463000     7.3195     7.3193    -0.0003     5.7708     5.7705     86.007     87.692      0.568    1438.66    1438.66  0.000e+00
      14936     87.000     5.3844     5.3867     0.0024    0.80412    0.80411          1     2.4384     3.5514      12.74     0.5009     0.2655  1.000e-12  0.7600000     7.3216     7.3210    -0.0006     5.7725     5.7719     86.504     88.198      0.678    1438.66    1438.67  0.000e+00
      14953     87.500     5.3811     5.3813     0.0001    0.80431    0.80439          1     2.4228     3.5368      12.21     0.5031     0.2350  1.000e-12  0.7777000     7.3240     7.3248     0.0008     5.7746     5.7752     87.001     88.705      0.708    1438.65    1438.66  0.000e+00
      14970     88.000     5.3676     5.3695     0.0019    0.80489    0.80488          1     2.4027     3.5233      11.64     0.5091     0.2118  1.000e-12  0.7931000     7.3326     7.3322    -0.0005     5.7820     5.7815     87.498     89.211      0.664    1438.61    1438.62  0.000e+00
      14990     88.500     5.3543     5.3565     0.0022    0.80544    0.80542          1     2.3829     3.5087      11.11     0.5052     0.2916  1.000e-12  0.8556000     7.3408     7.3402    -0.0006     5.7891     5.7885     87.995     89.717      0.562    1438.57    1438.58  0.000e+00
      15014     89.000     5.3534     5.3556     0.0022    0.80553    0.80551          1     2.3670     3.4863      10.31     0.4869     0.2939  1.000e-12  0.9979000     7.3419     7.3413    -0.0006     5.7899     5.7893     88.492     90.224      0.454    1438.58    1438.59  0.000e+00
      15042     89.500     5.3493     5.3519     0.0026    0.80578    0.80576          1     2.3464     3.4624       8.87     0.5235     0.2383  1.000e-12  1.0044000     7.3451     7.3445    -0.0007     5.7927     5.7920     88.989     90.730      0.444    1438.57    1438.59  0.000e+00
      15069     90.000     5.3403     5.3424     0.0021    0.80632    0.80633          1     2.3317     3.4284       9.18     0.5315     0.2345  1.000e-12  0.9942000     7.3524     7.3520    -0.0004     5.7988     5.7984     89.486     91.236      0.450    1438.55    1438.56  0.000e+00
      15094     90.500     5.3381     5.3404     0.0023    0.80651    0.80650          1     2.3155     3.4016       8.81     0.5146     0.2489  1.000e-12  1.0491000     7.3547     7.3541    -0.0006     5.8007     5.8001     89.983     91.743      0.460    1438.55    1438.56  0.000e+00
      15124     91.000     5.3333     5.3355     0.0022    0.80702    0.80701          1     2.2913     3.3781       6.53     0.5137     0.3060  1.000e-12  1.1208000     7.3606     7.3601    -0.0006     5.8056     5.8051     90.480     92.249      0.338    1438.55    1438.56  0.000e+00
      15174     91.500     5.3283     5.3317     0.0035    0.80762    0.80754          1     2.2607     3.3365       6.53     0.5393     0.2494  1.000e-12  1.2814000     7.3676     7.3660    -0.0015     5.8113     5.8100     90.977     92.755      0.238    1438.54    1438.55  0.000e+00
      15210     92.000     5.3272     5.3296     0.0024    0.80777    0.80773          1     2.2512     3.3039       7.02     0.5515     0.2704  1.000e-12  1.4172000     7.3692     7.3683    -0.0009     5.8127     5.8119     91.474     93.262      0.420    1438.55    1438.56  0.000e+00
      15238     92.500     5.3260     5.3277     0.0017    0.80790    0.80794          1     2.2432     3.2780       6.76     0.5184     0.2788  1.000e-12  1.3461000     7.3707     7.3707     0.0000     5.8139     5.8139     91.971     93.768      0.405    1438.55    1438.56  0.000e+00
      15275     93.000     5.3256     5.3278     0.0021    0.80797    0.80797          1     2.2431     3.2463       6.22     0.5167     0.2453  1.000e-12  1.3621000     7.3714     7.3709    -0.0005     5.8145     5.8140     92.468     94.274      0.272    1438.56    1438.57  0.000e+00
      15320     93.500     5.3253     5.3274     0.0021    0.80804    0.80802          1     2.2408     3.2058       5.71     0.5496     0.2958  1.000e-12  1.4851000     7.3720     7.3714    -0.0007     5.8150     5.8144     92.965     94.781      0.330    1438.57    1438.58  0.000e+00
      15350     94.000     5.3251     5.3273     0.0022    0.80807    0.80805          1     2.2385     3.1779       5.28     0.5164     0.2835  1.000e-12  1.3873000     7.3724     7.3717    -0.0007     5.8153     5.8147     93.462     95.287      0.408    1438.57    1438.58  0.000e+00
      15383     94.500     5.3250     5.3273     0.0023    0.80810    0.80808          1     2.2361     3.1495       4.69     0.5224     0.2372  1.000e-12  1.4272000     7.3726     7.3719    -0.0007     5.8155     5.8149     93.959     95.793      0.281    1438.58    1438.59  0.000e+00
      15441     95.000     5.3246     5.3268     0.0022    0.80813    0.80812          1     2.2239     3.1022       4.13     0.5311     0.2352  1.000e-12  1.6657000     7.3730     7.3724    -0.0006     5.8158     5.8152     94.456     96.300      0.288    1438.59    1438.60  0.000e+00
      15475     95.500     5.3243     5.3266     0.0023    0.80815    0.80815          1     2.2201     3.0735       3.73     0.5098     0.2638  1.000e-12  1.6567000     7.3731     7.3726    -0.0005     5.8159     5.8154     94.953     96.806      0.304    1438.60    1438.61  0.000e+00
      15542     96.000     5.3242     5.3264     0.0022    0.80825    0.80823          1     2.1950     3.0189       3.15     0.5352     0.2882  1.000e-12  2.1094000     7.3740     7.3734    -0.0006     5.8166     5.8161     95.450     97.312      0.240    1438.61    1438.61  0.000e+00
      15781     96.500     5.3358     5.3304    -0.0054    0.80823    0.80831          1     2.2018     2.8476       2.68     0.5397     0.2633  1.000e-12  2.5841000     7.3713     7.3732     0.0019     5.8140     5.8157     95.948     97.819     -0.002    1438.66    1438.64  0.000e+00
