ctdpy/exports/archive_20191120_135557/received_data/SBE09_0827_20181121_0852_26_01_1210.cnv
* Sea-Bird SBE 9 Data File:
* FileName = D:\CTD_SBE911\DAT\26DA.2018.12.10.hex
* Software Version Seasave V 7.21d
* Temperature SN = 4548
* Conductivity SN = 3062
* Number of Bytes Per Scan = 48
* Number of Voltage Words = 5
* Number of Scans Averaged by the Deck Unit = 1
* NMEA Latitude = 55 38.95 N
* NMEA Longitude = 014 33.01 E
* NMEA UTC (Time) = Nov 21 2018  08:53:34
* NMEA baud rate = 4800
** Ship: DANA
** Average sound velocity: 1450.02 m/s
** True-depth calculation Tue, 02 Apr 2019 12:12:11 +0000
** CTD Python Module SMHI /ver 3-12/ feb 2012 
** LIMS Job: 20182601-1210
** Operator: Ronny
** Cruise: 12/2018
# nquan = 26
# nvalues = 98                          
# units = specified
# name 0 = scan: Scan Count
# name 1 = prDM: Pressure, Digiquartz [db]
# name 2 = t090C: Temperature [ITS-90, deg C]
# name 3 = t190C: Temperature, 2 [ITS-90, deg C]
# name 4 = T2-T190C: Temperature Difference, 2 - 1 [ITS-90, deg C]
# name 5 = c0S/m: Conductivity [S/m]
# name 6 = c1S/m: Conductivity, 2 [S/m]
# name 7 = pumps: Pump Status
# name 8 = sbeox1ML/L: Oxygen, SBE 43, 2 [ml/l]
# name 9 = sbeox0ML/L: Oxygen, SBE 43 [ml/l]
# name 10 = altM: Altimeter [m]
# name 11 = chloroflTC0: Chlorophyll, Turner Cyclops [ug/l]
# name 12 = cpar: CPAR/Corrected Irradiance [%]
# name 13 = par: PAR/Irradiance, Biospherical/Lico [µE/(cm^2*s)]
# name 14 = spar: SPAR, Biospherical/Licor
# name 15 = sal00: Salinity, Practical [PSU]
# name 16 = sal11: Salinity, Practical, 2 [PSU]
# name 17 = secS-priS: Salinity, Practical, Difference, 2 - 1 [PSU]
# name 18 = sigma-t00: Density [sigma-t, kg/m^3 ]
# name 19 = sigma-t11: Density, 2 [sigma-t, kg/m^3 ]
# name 20 = depSM: Depth [salt water, m], lat = 55.6492
# name 21 = depFM: Depth [true depth, m], lat = 55.6492
# name 22 = dz/dtM: Descent Rate [m/s], WS = 2
# name 23 = svCM: Sound Velocity [Chen-Millero, m/s]
# name 24 = svCM1: Sound Velocity, 2 [Chen-Millero, m/s]
# name 25 = flag: flag
# span 0 =         15,       4960       
# span 1 =      2.000,     50.500       
# span 2 =     8.1857,     8.2471       
# span 3 =     8.1866,     8.2554       
# span 4 =    -0.0050,     0.0116       
# span 5 =   0.903179,   0.906380       
# span 6 =   0.903192,   0.906720       
# span 7 =          1,          1       
# span 8 =     7.3278,     7.3821       
# span 9 =     7.5636,     7.5996       
# span 10 =       1.98,       9.99      
# span 11 =     0.0269,     0.0310      
# span 12 = 1.4241e-12, 6.0217e+00      
# span 13 = 1.0000e-12, 4.0356e+00      
# span 14 = 6.7018e+01, 7.0237e+01      
# span 15 =     7.6571,     7.6672      
# span 16 =     7.6570,     7.6683      
# span 17 =    -0.0010,     0.0018      
# span 18 =     5.8544,     5.8572      
# span 19 =     5.8543,     5.8573      
# span 20 =      1.982,     50.036      
# span 21 =      2.025,     51.137      
# span 22 =     -0.047,      1.003      
# span 23 =    1449.52,    1450.54      
# span 24 =    1449.52,    1450.59      
# span 25 = 0.0000e+00, 0.0000e+00      
# interval = decibars: 0.5              
# start_time = Nov 21 2018 08:53:35 [NMEA time, first data scan]
# bad_flag = -9.990e-29
*END*
[from data line 56]
       2940     30.000     8.2098     8.2105     0.0006    0.90450    0.90451          1     7.3668     7.5828       9.96     0.0288  1.477e-12  1.000e-12  6.772e+01     7.6604     7.6604    -0.0000     5.8551     5.8550     29.726     30.378      0.455    1450.07    1450.07  0.000e+00
       2963     30.500     8.2105     8.2135     0.0031    0.90454    0.90465          1     7.3656     7.5848       9.96     0.0289  1.486e-12  1.000e-12  6.729e+01     7.6606     7.6609     0.0003     5.8552     5.8552     30.221     30.885      0.499    1450.08    1450.09  0.000e+00
       2990     31.000     8.2111     8.2108    -0.0003    0.90457    0.90453          1     7.3641     7.5801       9.96     0.0288  1.483e-12  1.000e-12  6.744e+01     7.6607     7.6604    -0.0003     5.8552     5.8550     30.717     31.391      0.388    1450.09    1450.09  0.000e+00
       3025     31.500     8.2106     8.2110     0.0004    0.90454    0.90453          1     7.3746     7.5636       9.96     0.0280  1.483e-12  1.000e-12  6.744e+01     7.6605     7.6604    -0.0001     5.8551     5.8549     31.212     31.897      0.348    1450.10    1450.10  0.000e+00
       3057     32.000     8.2113     8.2113    -0.0000    0.90458    0.90456          1     7.3704     7.5740       9.96     0.0287  1.484e-12  1.000e-12  6.739e+01     7.6606     7.6605    -0.0001     5.8551     5.8550     31.707     32.403      0.324    1450.11    1450.11  0.000e+00
       3154     32.500     8.2100     8.2106     0.0006    0.90453    0.90454          1     7.3461     7.5877       9.96     0.0280  1.491e-12  1.000e-12  6.706e+01     7.6604     7.6604    -0.0001     5.8551     5.8550     32.203     32.910      0.384    1450.11    1450.11  0.000e+00
       3171     33.000     8.2103     8.2109     0.0007    0.90455    0.90456          1     7.3500     7.5803       9.96     0.0280  1.490e-12  1.000e-12  6.713e+01     7.6605     7.6604    -0.0000     5.8551     5.8550     32.698     33.416      0.595    1450.12    1450.12  0.000e+00
       3190     33.500     8.2107     8.2116     0.0009    0.90458    0.90460          1     7.3536     7.5724       9.96     0.0273  1.492e-12  1.000e-12  6.702e+01     7.6606     7.6605    -0.0000     5.8551     5.8550     33.193     33.922      0.499    1450.13    1450.13  0.000e+00
       3260     34.000     8.2113     8.2120     0.0007    0.90461    0.90463          1     7.3637     7.5829       9.96     0.0279  1.491e-12  1.000e-12  6.708e+01     7.6607     7.6607    -0.0000     5.8552     5.8551     33.689     34.429      0.311    1450.14    1450.14  0.000e+00
       3300     34.500     8.2113     8.2118     0.0006    0.90462    0.90462          1     7.3547     7.5839       9.96     0.0270  1.492e-12  1.000e-12  6.702e+01     7.6607     7.6606    -0.0001     5.8552     5.8550     34.184     34.935      0.480    1450.15    1450.15  0.000e+00
       3327     35.000     8.2117     8.2127     0.0010    0.90464    0.90466          1     7.3467     7.5757       9.96     0.0272  1.492e-12  1.000e-12  6.702e+01     7.6607     7.6607    -0.0000     5.8552     5.8551     34.680     35.441      0.370    1450.16    1450.16  0.000e+00
       3366     35.500     8.2116     8.2117     0.0002    0.90464    0.90463          1     7.3548     7.5835       9.96     0.0287  1.492e-12  1.000e-12  6.702e+01     7.6607     7.6606    -0.0001     5.8551     5.8550     35.175     35.948      0.341    1450.16    1450.17  0.000e+00
       3395     36.000     8.2125     8.2131     0.0006    0.90470    0.90470          1     7.3698     7.5812       9.96     0.0281  1.492e-12  1.000e-12  6.702e+01     7.6610     7.6609    -0.0001     5.8553     5.8551     35.670     36.454      0.432    1450.18    1450.18  0.000e+00
       3445     36.500     8.2134     8.2139     0.0005    0.90476    0.90475          1     7.3643     7.5827       9.96     0.0278  1.492e-12  1.000e-12  6.702e+01     7.6613     7.6611    -0.0002     5.8554     5.8552     36.166     36.960      0.284    1450.19    1450.19  0.000e+00
       3520     37.000     8.2131     8.2135     0.0004    0.90472    0.90471          1     7.3573     7.5731       9.96     0.0280  1.492e-12  1.000e-12  6.702e+01     7.6609     7.6607    -0.0002     5.8552     5.8550     36.661     37.467      0.417    1450.20    1450.20  0.000e+00
       3543     37.500     8.2113     8.2122     0.0009    0.90465    0.90466          1     7.3497     7.5763       9.96     0.0280  1.492e-12  1.000e-12  6.702e+01     7.6606     7.6605    -0.0001     5.8551     5.8549     37.156     37.973      0.456    1450.20    1450.20  0.000e+00
       3573     38.000     8.2120     8.2124     0.0004    0.90468    0.90468          1     7.3460     7.5818       9.96     0.0281  1.492e-12  1.000e-12  6.702e+01     7.6607     7.6606    -0.0001     5.8551     5.8550     37.652     38.479      0.339    1450.21    1450.21  0.000e+00
       3624     38.500     8.2116     8.2121     0.0005    0.90468    0.90468          1     7.3617     7.5823       9.96     0.0285  1.492e-12  1.000e-12  6.702e+01     7.6606     7.6606    -0.0001     5.8551     5.8550     38.147     38.985      0.194    1450.21    1450.21  0.000e+00
       3683     39.000     8.2125     8.2130     0.0005    0.90472    0.90472          1     7.3601     7.5801       9.96     0.0292  1.492e-12  1.000e-12  6.702e+01     7.6608     7.6607    -0.0001     5.8551     5.8550     38.643     39.492      0.336    1450.23    1450.23  0.000e+00
       3712     39.500     8.2124     8.2139     0.0015    0.90472    0.90476          1     7.3529     7.5821       9.96     0.0284  1.492e-12  1.000e-12  6.702e+01     7.6608     7.6608     0.0000     5.8551     5.8550     39.138     39.998      0.423    1450.23    1450.24  0.000e+00
       3741     40.000     8.2142     8.2156     0.0013    0.90481    0.90485          1     7.3613     7.5716       9.96     0.0292  1.492e-12  1.000e-12  6.702e+01     7.6611     7.6612     0.0000     5.8552     5.8552     39.633     40.504      0.344    1450.25    1450.25  0.000e+00
       3817     40.500     8.2174     8.2181     0.0007    0.90496    0.90496          1     7.3530     7.5722       9.96     0.0291  1.492e-12  1.000e-12  6.704e+01     7.6617     7.6616    -0.0001     5.8555     5.8553     40.129     41.011      0.295    1450.27    1450.27  0.000e+00
       3857     41.000     8.2184     8.2221     0.0036    0.90502    0.90512          1     7.3561     7.5807       9.96     0.0284  1.491e-12  1.000e-12  6.709e+01     7.6620     7.6621     0.0001     5.8555     5.8553     40.624     41.517      0.523    1450.28    1450.30  0.000e+00
       3880     41.500     8.2210     8.2198    -0.0012    0.90511    0.90504          1     7.3586     7.5823       9.96     0.0275  1.490e-12  1.000e-12  6.709e+01     7.6622     7.6618    -0.0003     5.8555     5.8553     41.119     42.023      0.422    1450.30    1450.30  0.000e+00
       3935     42.000     8.2193     8.2239     0.0046    0.90506    0.90520          1     7.3403     7.5780       9.96     0.0282  1.488e-12  1.000e-12  6.720e+01     7.6620     7.6623     0.0003     5.8555     5.8554     41.615     42.530      0.253    1450.30    1450.32  0.000e+00
       3979     42.500     8.2252     8.2254     0.0001    0.90529    0.90528          1     7.3563     7.5786       9.96     0.0288  1.492e-12  1.000e-12  6.702e+01     7.6628     7.6626    -0.0001     5.8556     5.8555     42.110     43.036      0.342    1450.34    1450.34  0.000e+00
       4049     43.000     8.2257     8.2269     0.0012    0.90533    0.90534          1     7.3536     7.5779       9.94     0.0288  1.480e-12  1.000e-12  6.757e+01     7.6630     7.6628    -0.0002     5.8557     5.8555     42.606     43.542      0.325    1450.35    1450.35  0.000e+00
       4088     43.500     8.2280     8.2353     0.0073    0.90544    0.90572          1     7.3400     7.5776       9.59     0.0280  1.478e-12  1.000e-12  6.766e+01     7.6634     7.6644     0.0010     5.8558     5.8560     43.101     44.048      0.631    1450.36    1450.39  0.000e+00
       4105     44.000     8.2316     8.2382     0.0066    0.90562    0.90589          1     7.3449     7.5753       9.09     0.0272  1.482e-12  1.000e-12  6.751e+01     7.6642     7.6652     0.0010     5.8562     5.8564     43.596     44.555      0.631    1450.39    1450.42  0.000e+00
       4153     44.500     8.2365     8.2365    -0.0000    0.90585    0.90581          1     7.3511     7.5720       8.46     0.0290  1.465e-12  1.000e-12  6.827e+01     7.6652     7.6648    -0.0004     5.8565     5.8562     44.092     45.061      0.353    1450.42    1450.42  0.000e+00
       4225     45.000     8.2350     8.2383     0.0032    0.90578    0.90589          1     7.3324     7.5816       7.92     0.0282  1.450e-12  1.000e-12  6.898e+01     7.6648     7.6651     0.0003     5.8563     5.8564     44.587     45.567      0.407    1450.42    1450.43  0.000e+00
       4254     45.500     8.2397     8.2440     0.0043    0.90601    0.90615          1     7.3470     7.5784       7.36     0.0289  1.448e-12  1.000e-12  6.905e+01     7.6658     7.6662     0.0004     5.8568     5.8567     45.082     46.074      0.385    1450.45    1450.46  0.000e+00
       4288     46.000     8.2428     8.2438     0.0010    0.90614    0.90616          1     7.3543     7.5765       6.81     0.0310  1.450e-12  1.000e-12  6.899e+01     7.6663     7.6662    -0.0001     5.8569     5.8567     45.578     46.580      0.324    1450.47    1450.47  0.000e+00
       4348     46.500     8.2432     8.2466     0.0034    0.90616    0.90629          1     7.3485     7.5761       6.27     0.0303  1.450e-12  1.000e-12  6.898e+01     7.6663     7.6668     0.0004     5.8569     5.8569     46.073     47.086      0.232    1450.48    1450.49  0.000e+00
       4405     47.000     8.2447     8.2474     0.0027    0.90624    0.90633          1     7.3561     7.5750       5.80     0.0293  1.448e-12  1.000e-12  6.905e+01     7.6667     7.6669     0.0002     5.8570     5.8569     46.568     47.593      0.413    1450.49    1450.50  0.000e+00
       4431     47.500     8.2453     8.2471     0.0018    0.90629    0.90634          1     7.3624     7.5799       5.28     0.0292  1.448e-12  1.000e-12  6.905e+01     7.6669     7.6670     0.0001     5.8571     5.8570     47.064     48.099      0.415    1450.50    1450.51  0.000e+00
       4481     48.000     8.2466     8.2469     0.0003    0.90634    0.90633          1     7.3552     7.5763       4.71     0.0296  1.448e-12  1.000e-12  6.905e+01     7.6671     7.6669    -0.0002     5.8571     5.8570     47.559     48.605      0.251    1450.52    1450.52  0.000e+00
       4541     48.500     8.2463     8.2469     0.0006    0.90633    0.90633          1     7.3278     7.5785       4.26     0.0287  1.448e-12  1.000e-12  6.905e+01     7.6670     7.6668    -0.0002     5.8571     5.8569     48.054     49.111      0.412    1450.52    1450.52  0.000e+00
       4565     49.000     8.2471     8.2464    -0.0007    0.90638    0.90632          1     7.3427     7.5765       3.73     0.0285  1.448e-12  1.000e-12  6.905e+01     7.6672     7.6668    -0.0004     5.8572     5.8569     48.550     49.618      0.399    1450.53    1450.53  0.000e+00
       4631     49.500     8.2443     8.2394    -0.0050    0.90625    0.90602          1     7.3586     7.5693       3.14     0.0288  1.448e-12  1.000e-12  6.905e+01     7.6665     7.6655    -0.0010     5.8569     5.8565     49.045     50.124      0.252    1450.53    1450.51  0.000e+00
       4677     50.000     8.2355     8.2350    -0.0005    0.90587    0.90582          1     7.3660     7.5792       2.64     0.0281  1.448e-12  1.000e-12  6.905e+01     7.6649     7.6646    -0.0003     5.8564     5.8562     49.541     50.630      0.284    1450.50    1450.50  0.000e+00
       4960     50.500     8.2437     8.2554     0.0116    0.90624    0.90672          1     7.3524     7.5705       1.98     0.0292  1.424e-12  1.000e-12  7.024e+01     7.6664     7.6683     0.0018     5.8569     5.8573     50.036     51.137     -0.040    1450.54    1450.59  0.000e+00
