ctdpy/exports/archive_20191120_135557/received_data/SBE09_0827_20180828_1213_26_01_0925.cnv
* Sea-Bird SBE 9 Data File:
* FileName = D:\CTD_SBE911\DAT\26DA.2018.8.125.hex
* Software Version Seasave V 7.21d
* Temperature SN = 034605
* Conductivity SN = 041844
* Number of Bytes Per Scan = 48
* Number of Voltage Words = 5
* Number of Scans Averaged by the Deck Unit = 1
* NMEA Latitude = 57 05.51 N
* NMEA Longitude = 011 49.26 E
* NMEA UTC (Time) = Aug 28 2018  12:15:26
* NMEA baud rate = 4800
** Ship: DANA
** Average sound velocity: 1500.18 m/s
** True-depth calculation Thu, 28 Mar 2019 09:54:27 +0000
** CTD Python Module SMHI /ver 3-12/ feb 2012 
** LIMS Job: 20182601-0925
**  E FLADEN
** Operator: Christian
** Cruise: 08/2018
# nquan = 26
# nvalues = 119                         
# units = specified
# name 0 = scan: Scan Count
# name 1 = prDM: Pressure, Digiquartz [db]
# name 2 = t090C: Temperature [ITS-90, deg C]
# name 3 = t190C: Temperature, 2 [ITS-90, deg C]
# name 4 = T2-T190C: Temperature Difference, 2 - 1 [ITS-90, deg C]
# name 5 = c0S/m: Conductivity [S/m]
# name 6 = c1S/m: Conductivity, 2 [S/m]
# name 7 = pumps: Pump Status
# name 8 = sbeox1ML/L: Oxygen, SBE 43, 2 [ml/l]
# name 9 = sbeox0ML/L: Oxygen, SBE 43 [ml/l]
# name 10 = altM: Altimeter [m]
# name 11 = chloroflTC0: Chlorophyll, Turner Cyclops [ug/l]
# name 12 = cpar: CPAR/Corrected Irradiance [%]
# name 13 = par: PAR/Irradiance, Biospherical/Lico [µE/(cm^2*s)]
# name 14 = spar: SPAR, Biospherical/Licor
# name 15 = sal00: Salinity, Practical [PSU]
# name 16 = sal11: Salinity, Practical, 2 [PSU]
# name 17 = secS-priS: Salinity, Practical, Difference, 2 - 1 [PSU]
# name 18 = sigma-t00: Density [sigma-t, kg/m^3 ]
# name 19 = sigma-t11: Density, 2 [sigma-t, kg/m^3 ]
# name 20 = depSM: Depth [salt water, m], lat = 57.0918
# name 21 = depFM: Depth [true depth, m], lat = 57.0918
# name 22 = dz/dtM: Descent Rate [m/s], WS = 2
# name 23 = svCM: Sound Velocity [Chen-Millero, m/s]
# name 24 = svCM1: Sound Velocity, 2 [Chen-Millero, m/s]
# name 25 = flag: flag
# span 0 =       -173,       6263       
# span 1 =      1.000,     60.000       
# span 2 =     9.4294,    18.1918       
# span 3 =     9.4412,    18.1760       
# span 4 =    -0.1591,     1.5748       
# span 5 =   3.352914,   4.144865       
# span 6 =   3.353745,   4.136008       
# span 7 =          1,          1       
# span 8 =     4.2077,     6.0430       
# span 9 =     4.2163,     5.7087       
# span 10 =      -0.65,       9.98      
# span 11 =     0.0296,     0.3452      
# span 12 = 7.9979e-14, 1.0416e+01      
# span 13 = 1.0000e-12, 1.2965e+02      
# span 14 = 1.2009e+03, 1.2503e+03      
# span 15 =    24.8663,    33.3059      
# span 16 =    24.8743,    33.3147      
# span 17 =    -0.9564,     0.0457      
# span 18 =    17.5868,    25.7232      
# span 19 =    17.5952,    25.7282      
# span 20 =      0.991,     59.440      
# span 21 =      1.001,     59.755      
# span 22 =     -0.286,      0.554      
# span 23 =    1486.68,    1510.91      
# span 24 =    1486.73,    1510.79      
# span 25 = 0.0000e+00, 0.0000e+00      
# interval = decibars: 0.5              
# start_time = Aug 28 2018 12:15:27 [NMEA time, first data scan]
# bad_flag = -9.990e-29
*END*
       -173      1.000    17.7053    17.6981    -0.0072    3.35669    3.35701          1     6.0430     5.6650       9.98     0.0305  1.042e+01  1.297e+02  1.245e+03    24.8871    24.8941     0.0070    17.6123    17.6192      0.991      1.001      0.009    1503.46    1503.45  0.000e+00
        352      1.500    17.7105    17.7104    -0.0001    3.35654    3.35678          1     5.9923     5.6884       9.98     0.0391  9.382e+00  1.168e+02  1.245e+03    24.8826    24.8846     0.0020    17.6076    17.6092      1.486      1.501      0.304    1503.48    1503.48  0.000e+00
        542      2.000    17.7104    17.7136     0.0032    3.35644    3.35686          1     5.9964     5.6978       9.98     0.0402  7.840e+00  9.759e+01  1.245e+03    24.8817    24.8832     0.0015    17.6069    17.6073      1.982      2.002      0.554    1503.48    1503.50  0.000e+00
        576      2.500    17.7069    17.7089     0.0020    3.35632    3.35680          1     6.0163     5.6969       9.98     0.0405  7.229e+00  9.009e+01  1.246e+03    24.8827    24.8854     0.0027    17.6085    17.6101      2.477      2.502      0.368    1503.48    1503.49  0.000e+00
        637      3.000    17.7080    17.7059    -0.0021    3.35642    3.35674          1     6.0063     5.7087       9.98     0.0376  6.850e+00  8.542e+01  1.247e+03    24.8827    24.8866     0.0039    17.6082    17.6117      2.972      3.003      0.486    1503.49    1503.49  0.000e+00
        658      3.500    17.7055    17.7013    -0.0041    3.35626    3.35648          1     6.0277     5.6951       9.98     0.0371  6.043e+00  7.536e+01  1.247e+03    24.8828    24.8872     0.0043    17.6089    17.6132      3.468      3.503      0.456    1503.50    1503.49  0.000e+00
        715      4.000    17.7188    17.7022    -0.0167    3.35691    3.35641          1     6.0135     5.6777       9.98     0.0341  5.452e+00  6.799e+01  1.247e+03    24.8799    24.8858     0.0059    17.6036    17.6119      3.963      4.004      0.272    1503.54    1503.50  0.000e+00
        758      4.500    17.7244    17.7157    -0.0085    3.35724    3.35694          1     6.0051     5.6824       9.98     0.0301  4.812e+00  6.000e+01  1.247e+03    24.8791    24.8819     0.0028    17.6017    17.6059      4.459      4.504      0.393    1503.57    1503.54  0.000e+00
        794      5.000    17.7417    17.7342    -0.0077    3.35794    3.35833          1     6.0284     5.6826       9.98     0.0296  4.334e+00  5.405e+01  1.247e+03    24.8741    24.8818     0.0077    17.5940    17.6016      4.954      5.005      0.255    1503.62    1503.61  0.000e+00
        862      5.500    17.7473    17.7370    -0.0102    3.35742    3.35763          1     5.9962     5.6616       9.98     0.0335  3.859e+00  4.812e+01  1.247e+03    24.8663    24.8743     0.0080    17.5868    17.5952      5.449      5.505      0.316    1503.64    1503.62  0.000e+00
        894      6.000    17.6748    17.7023     0.0275    3.35434    3.35608          1     6.0135     5.6670       9.98     0.0299  3.500e+00  4.364e+01  1.247e+03    24.8851    24.8826    -0.0025    17.6176    17.6095      5.945      6.005      0.306    1503.45    1503.53  0.000e+00
        942      6.500    17.6561    17.6876     0.0315    3.35351    3.35542          1     6.0071     5.6849       9.98     0.0350  3.103e+00  3.869e+01  1.247e+03    24.8895    24.8859    -0.0035    17.6252    17.6153      6.440      6.506      0.244    1503.40    1503.49  0.000e+00
        985      7.000    17.6524    17.6689     0.0164    3.35323    3.35456          1     6.0286     5.6985       9.98     0.0395  2.869e+00  3.579e+01  1.248e+03    24.8893    24.8902     0.0009    17.6259    17.6228      6.936      7.006      0.296    1503.40    1503.45  0.000e+00
       1024      7.500    17.6467    17.6611     0.0144    3.35291    3.35419          1     6.0383     5.6796       9.98     0.0419  2.531e+00  3.161e+01  1.249e+03    24.8900    24.8917     0.0017    17.6277    17.6258      7.431      7.507      0.302    1503.39    1503.44  0.000e+00
       1071      8.000    17.6439    17.6546     0.0107    3.35319    3.35386          1     6.0180     5.6776       9.98     0.0424  2.314e+00  2.891e+01  1.249e+03    24.8938    24.8928    -0.0010    17.6313    17.6281      7.926      8.007      0.239    1503.40    1503.43  0.000e+00
       1115      8.500    17.6451    17.6486     0.0035    3.35382    3.35374          1     6.0016     5.6882       9.98     0.0433  2.079e+00  2.597e+01  1.249e+03    24.8981    24.8954    -0.0027    17.6343    17.6314      8.422      8.508      0.292    1503.41    1503.42  0.000e+00
       1166      9.000    17.6486    17.6476    -0.0010    3.35509    3.35403          1     6.0069     5.6842       9.98     0.0439  1.899e+00  2.370e+01  1.248e+03    24.9063    24.8983    -0.0080    17.6397    17.6338      8.917      9.008      0.213    1503.44    1503.43  0.000e+00
       1214      9.500    17.6424    17.6473     0.0049    3.35551    3.35477          1     5.9852     5.6930       9.98     0.0442  1.728e+00  2.154e+01  1.247e+03    24.9134    24.9043    -0.0091    17.6466    17.6385      9.412      9.509      0.329    1503.44    1503.44  0.000e+00
       1252     10.000    17.6439    17.6452     0.0013    3.35929    3.35525          1     5.9561     5.6707       9.98     0.0442  1.564e+00  1.950e+01  1.247e+03    24.9435    24.9094    -0.0340    17.6691    17.6429      9.908     10.009      0.260    1503.48    1503.45  0.000e+00
       1306     10.500    17.6618    17.6464    -0.0152    3.37227    3.35898          1     5.9859     5.6262       9.98     0.0467  1.415e+00  1.764e+01  1.247e+03    25.0388    24.9391    -0.0997    17.7378    17.6653     10.403     10.509      0.275    1503.66    1503.50  0.000e+00
       1342     11.000    17.7680    17.6763    -0.0917    3.42955    3.37793          1     5.9565     5.5773       9.98     0.1905  1.311e+00  1.636e+01  1.248e+03    25.4432    25.0764    -0.3669    18.0222    17.7632     10.899     11.010      0.325    1504.44    1503.75  0.000e+00
       1390     11.500    17.7659    17.7369    -0.0296    3.43462    3.41183          1     5.9003     5.5479       9.98     0.3320  1.166e+00  1.456e+01  1.249e+03    25.4862    25.3171    -0.1691    18.0554    17.9331     11.394     11.510      0.221    1504.49    1504.22  0.000e+00
       1438     12.000    17.9304    17.8698    -0.0605    3.52940    3.48915          1     5.8491     5.4802       9.98     0.3360  1.062e+00  1.326e+01  1.248e+03    26.1605    25.8687    -0.2919    18.5321    18.3234     11.889     12.010      0.287    1505.76    1505.25  0.000e+00
       1482     12.500    17.9903    17.9506    -0.0396    3.57176    3.53319          1     5.8157     5.4331       9.98     0.3452  9.614e-01  1.199e+01  1.247e+03    26.4700    26.1787    -0.2913    18.7543    18.5413     12.385     12.510      0.243    1506.30    1505.85  0.000e+00
       1537     13.000    18.0709    18.0100    -0.0609    3.64026    3.57966          1     5.7408     5.3328       9.98     0.3239  8.619e-01  1.074e+01  1.247e+03    26.9799    26.5219    -0.4579    19.1244    18.7893     12.880     13.010      0.225    1507.13    1506.43  0.000e+00
       1584     13.500    18.1410    18.1294    -0.0116    3.73889    3.70999          1     5.6339     5.2437       9.98     0.3331  7.846e-01  9.768e+00  1.245e+03    27.7452    27.5148    -0.2303    19.6919    19.5189     13.375     13.509      0.278    1508.21    1507.91  0.000e+00
       1627     14.000    18.1918    18.1748    -0.0172    3.92591    3.81938          1     5.6029     5.1247       9.98     0.3389  7.040e-01  8.764e+00  1.245e+03    29.2554    28.3858    -0.8696    20.8326    20.1728     13.871     14.009      0.274    1510.07    1509.04  0.000e+00
       1672     14.500    18.1187    18.1760     0.0573    4.00286    3.89268          1     5.5347     5.1675       9.98     0.3282  6.444e-01  8.023e+00  1.245e+03    29.9472    28.9908    -0.9564    21.3783    20.6343     14.366     14.507      0.270    1510.65    1509.74  0.000e+00
       1714     15.000    18.0754    18.1205     0.0451    4.02865    3.96532          1     5.5038     5.1575       9.98     0.3180  5.883e-01  7.323e+00  1.245e+03    30.1938    29.6334    -0.5604    21.5771    21.1383     14.862     15.006      0.288    1510.81    1510.31  0.000e+00
       1759     15.500    17.9962    18.0894     0.0931    4.03078    4.00068          1     5.4771     5.0955       9.98     0.3062  5.387e-01  6.708e+00  1.245e+03    30.2699    29.9500    -0.3198    21.6541    21.3875     15.357     15.504      0.250    1510.67    1510.58  0.000e+00
       1807     16.000    17.9049    18.0478     0.1429    4.03775    4.01356          1     5.4619     5.0646       9.98     0.3056  4.913e-01  6.116e+00  1.245e+03    30.3958    30.0878    -0.3080    21.7722    21.5027     15.852     16.003      0.260    1510.55    1510.62  0.000e+00
       1853     16.500    17.8166    17.9867     0.1703    4.05277    4.02642          1     5.4378     5.0056       9.98     0.1247  4.503e-01  5.606e+00  1.245e+03    30.5878    30.2401    -0.3476    21.9399    21.6337     16.348     16.501      0.239    1510.51    1510.62  0.000e+00
       1906     17.000    17.7373    17.9185     0.1812    4.06273    4.03622          1     5.4192     5.0121       9.98     0.1048  4.168e-01  5.184e+00  1.244e+03    30.7311    30.3726    -0.3585    22.0683    21.7512     16.843     17.000      0.247    1510.45    1510.58  0.000e+00
       1949     17.500    17.7112    17.8605     0.1493    4.06480    4.04628          1     5.3720     5.0261       9.98     0.1611  3.821e-01  4.749e+00  1.243e+03    30.7680    30.5000    -0.2680    22.1028    21.8623     17.338     17.498      0.276    1510.42    1510.56  0.000e+00
       1996     18.000    17.6807    17.8042     0.1235    4.06879    4.05417          1     5.3258     5.0506       9.98     0.1552  3.519e-01  4.373e+00  1.243e+03    30.8245    30.6083    -0.2163    22.1532    21.9585     17.834     17.996      0.253    1510.40    1510.52  0.000e+00
       2038     18.500    17.6420    17.7565     0.1145    4.09689    4.06064          1     5.3104     5.0557       9.98     0.1486  3.271e-01  4.065e+00  1.243e+03    31.0914    30.6984    -0.3930    22.3665    22.0388     18.329     18.494      0.330    1510.60    1510.49  0.000e+00
       2077     19.000    17.6350    17.7333     0.0983    4.11991    4.06618          1     5.3209     5.0358       9.98     0.1080  2.993e-01  3.719e+00  1.243e+03    31.2913    30.7625    -0.5289    22.5212    22.0933     18.824     18.992      0.263    1510.81    1510.50  0.000e+00
       2128     19.500    17.6117    17.6675     0.0558    4.12047    4.09041          1     5.3399     5.0394       9.98     0.0389  2.782e-01  3.457e+00  1.243e+03    31.3138    31.0167    -0.2972    22.5439    22.3033     19.320     19.490      0.254    1510.78    1510.60  0.000e+00
       2171     20.000    17.5984    17.6558     0.0573    4.12080    4.09973          1     5.3259     5.0264       9.98     0.0418  2.562e-01  3.184e+00  1.243e+03    31.3267    31.1043    -0.2224    22.5569    22.3731     19.815     19.988      0.275    1510.76    1510.68  0.000e+00
       2217     20.500    17.6011    17.6350     0.0339    4.12230    4.11062          1     5.3139     5.0343       9.98     0.0426  2.320e-01  2.884e+00  1.243e+03    31.3372    31.2122    -0.1250    22.5643    22.4606     20.311     20.486      0.248    1510.79    1510.75  0.000e+00
       2268     21.000    17.5758    17.6128     0.0370    4.11983    4.11853          1     5.3253     5.0202       9.98     0.0416  2.140e-01  2.655e+00  1.241e+03    31.3356    31.2961    -0.0395    22.5690    22.5301     20.806     20.984      0.238    1510.72    1510.78  0.000e+00
       2313     21.500    17.4878    17.6022     0.1142    4.11073    4.12068          1     5.3146     4.9809       9.98     0.0420  1.974e-01  2.450e+00  1.241e+03    31.3260    31.3223    -0.0037    22.5825    22.5526     21.301     21.482      0.279    1510.45    1510.79  0.000e+00
       2358     22.000    17.3988    17.5754     0.1767    4.10195    4.11989          1     5.3130     4.9271       9.98     0.0426  1.816e-01  2.253e+00  1.241e+03    31.3198    31.3360     0.0162    22.5987    22.5695     21.797     21.981      0.264    1510.19    1510.73  0.000e+00
       2400     22.500    17.3412    17.5143     0.1731    4.09970    4.11518          1     5.2788     4.9299       9.98     0.0414  1.677e-01  2.080e+00  1.241e+03    31.3450    31.3430    -0.0020    22.6316    22.5893     22.292     22.479      0.304    1510.05    1510.57  0.000e+00
       2441     23.000    17.3138    17.4749     0.1610    4.09932    4.11133          1     5.2479     4.9161       9.98     0.0398  1.549e-01  1.922e+00  1.241e+03    31.3629    31.3406    -0.0223    22.6517    22.5967     22.787     22.977      0.271    1510.00    1510.45  0.000e+00
       2487     23.500    17.3055    17.3910     0.0855    4.10049    4.10530          1     5.2460     4.9398       9.98     0.0415  1.419e-01  1.761e+00  1.241e+03    31.3790    31.3539    -0.0251    22.6660    22.6267     23.283     23.474      0.280    1510.00    1510.23  0.000e+00
       2529     24.000    17.4090    17.3630    -0.0460    4.12235    4.10360          1     5.2044     5.0282       9.98     0.0443  1.304e-01  1.618e+00  1.241e+03    31.4850    31.3609    -0.1241    22.7228    22.6386     23.778     23.972      0.254    1510.44    1510.16  0.000e+00
       2583     24.500    17.5238    17.3646    -0.1591    4.14487    4.10781          1     5.2039     5.0185       9.97     0.0419  1.197e-01  1.483e+00  1.240e+03    31.5872    31.3954    -0.1918    22.7739    22.6646     24.273     24.470      0.235    1510.91    1510.21  0.000e+00
       2626     25.000    17.4077    17.4414     0.0337    4.14057    4.12735          1     5.2572     4.9583       9.97     0.0369  1.107e-01  1.371e+00  1.239e+03    31.6409    31.5021    -0.1388    22.8425    22.7282     24.769     24.968      0.273    1510.63    1510.57  0.000e+00
       2676     25.500    17.2928    17.4409     0.1480    4.13508    4.13214          1     5.2718     4.9096       9.97     0.0361  1.017e-01  1.258e+00  1.237e+03    31.6838    31.5431    -0.1406    22.9023    22.7598     25.264     25.466      0.250    1510.34    1510.63  0.000e+00
       2714     26.000    17.1740    17.3627     0.1887    4.12785    4.13601          1     5.2466     4.9255       9.97     0.0373  9.390e-02  1.163e+00  1.238e+03    31.7148    31.6368    -0.0780    22.9540    22.8500     25.759     25.964      0.344    1510.03    1510.51  0.000e+00
       2752     26.500    17.1026    17.3242     0.2217    4.12870    4.13557          1     5.2546     4.9219       9.97     0.0389  8.654e-02  1.072e+00  1.239e+03    31.7781    31.6630    -0.1150    23.0191    22.8791     26.255     26.462      0.293    1509.89    1510.43  0.000e+00
       2792     27.000    16.9672    17.2612     0.2938    4.12044    4.13426          1     5.2410     4.8822       9.97     0.0379  7.976e-02  9.897e-01  1.241e+03    31.8136    31.7009    -0.1126    23.0778    22.9229     26.750     26.960      0.326    1509.53    1510.29  0.000e+00
       2829     27.500    16.7347    17.1756     0.4408    4.10843    4.13159          1     5.2213     4.8126       9.97     0.0342  7.372e-02  9.148e-01  1.241e+03    31.8940    31.7452    -0.1489    23.1932    22.9768     27.245     27.457      0.304    1508.92    1510.09  0.000e+00
       2871     28.000    16.2812    17.0439     0.7627    4.08837    4.12601          1     5.1813     4.7923       9.97     0.0382  6.785e-02  8.419e-01  1.241e+03    32.0820    31.8006    -0.2814    23.4409    23.0501     27.741     27.955      0.274    1507.76    1509.76  0.000e+00
