ctdpy/exports/archive_20191120_135557/received_data/SBE09_1044_20180201_0515_34_02_0041.cnv
* Sea-Bird SBE 9 Data File:
* FileName = C:\ctd\temp\2018\ME18D041.hex
* Software Version Seasave V 7.26.6.26
* Temperature SN = 5351
* Conductivity SN = 3941
* Number of Bytes Per Scan = 41
* Number of Voltage Words = 4
* Number of Scans Averaged by the Deck Unit = 1
* NMEA Latitude = 57 07.04 N
* NMEA Longitude = 017 40.14 E
* NMEA UTC (Time) = Feb 01 2018  05:15:47
* NMEA baud rate = 4800
** Station:  BY38
** Operator:  SSip
** Ship: MERI
** Average sound velocity: 1436.62 m/s
** True-depth calculation Wed, 07 Feb 2018 10:18:52 +0000
** CTD Python Module SMHI /ver 3-12/ feb 2012 
** LIMS Job: 20183402-0041
** Cruise: SMHI-01-2018
** Latitude [GG MM.mm N] :
** Longitude [GG MM.mm E]:
# nquan = 26
# nvalues = 205                         
# units = specified
# name 0 = scan: Scan Count
# name 1 = prDM: Pressure, Digiquartz [db]
# name 2 = t090C: Temperature [ITS-90, deg C]
# name 3 = t190C: Temperature, 2 [ITS-90, deg C]
# name 4 = T2-T190C: Temperature Difference, 2 - 1 [ITS-90, deg C]
# name 5 = c0S/m: Conductivity [S/m]
# name 6 = c1S/m: Conductivity, 2 [S/m]
# name 7 = pumps: Pump Status
# name 8 = sbeox0ML/L: Oxygen, SBE 43 [ml/l]
# name 9 = sbeox1ML/L: Oxygen, SBE 43, 2 [ml/l]
# name 10 = altM: Altimeter [m]
# name 11 = flECO-AFL: Chl-a Fluorescence, WET Labs ECO-AFL/FL [mg/m^3]
# name 12 = flECO-AFL1: Phycocyanin Fluorescence, WET Labs ECO-AFL/FL, 2 [mg/m^3]
# name 13 = par: PAR/Irradiance, Biospherical/Lico [µE/(cm^2*s)]
# name 14 = turbWETntu0: Turbidity, WET Labs ECO [NTU]
# name 15 = sal00: Salinity, Practical [PSU]
# name 16 = sal11: Salinity, Practical, 2 [PSU]
# name 17 = secS-priS: Salinity, Practical, Difference, 2 - 1 [PSU]
# name 18 = sigma-t00: Density [sigma-t, Kg/m^3 ]
# name 19 = sigma-t11: Density, 2 [sigma-t, Kg/m^3 ]
# name 20 = depSM: Depth [salt water, m], lat = 57.1173
# name 21 = depFM: Depth [true depth, m], lat = 57.1173
# name 22 = dz/dtM: Descent Rate [m/s], WS = 2
# name 23 = svCM: Sound Velocity [Chen-Millero, m/s]
# name 24 = svCM1: Sound Velocity, 2 [Chen-Millero, m/s]
# name 25 = flag: flag
# span 0 =       8131,      13778       
# span 1 =      1.500,    103.500       
# span 2 =     4.2534,     5.5479       
# span 3 =     4.2539,     5.5469       
# span 4 =    -0.0078,     0.0069       
# span 5 =   0.770114,   1.110313       
# span 6 =   0.770102,   1.110280       
# span 7 =          1,          1       
# span 8 =    0.02607,    8.07577       
# span 9 =    0.05296,    8.01591       
# span 10 =       4.38,      98.90      
# span 11 =     0.2472,     0.4515      
# span 12 =     0.2613,     0.4190      
# span 13 = -4.351e-05, 1.4811e+00      
# span 14 =     0.1355,     1.7298      
# span 15 =     7.2423,    10.3111      
# span 16 =     7.2419,    10.3107      
# span 17 =    -0.0032,     0.0168      
# span 18 =     5.7506,     8.1250      
# span 19 =     5.7502,     8.1246      
# span 20 =      1.486,    102.523      
# span 21 =      1.519,    104.734      
# span 22 =     -0.069,      1.022      
# span 23 =    1432.22,    1443.41      
# span 24 =    1432.23,    1443.41      
# span 25 = 0.0000e+00, 0.0000e+00      
# interval = decibars: 0.5              
# start_time = Feb 01 2018 05:15:47 [NMEA time, first data scan]
# bad_flag = -9.990e-29
*END*
[from data line 56]
       9336     29.500     4.2615     4.2619     0.0005    0.77077    0.77074          1     8.0633     7.9949      80.69     0.3626     0.3242  1.000e-12  0.1662000     7.2439     7.2436    -0.0004     5.7519     5.7516     29.227     29.875      0.611    1432.69    1432.69  0.000e+00
       9364     30.000     4.2614     4.2620     0.0006    0.77078    0.77075          1     8.0674     7.9976      90.00     0.3679     0.3130  1.000e-12  0.1707000     7.2440     7.2436    -0.0004     5.7519     5.7516     29.722     30.381      0.340    1432.70    1432.70  0.000e+00
       9409     30.500     4.2614     4.2621     0.0007    0.77078    0.77075          1     8.0486     7.9956      91.32     0.3656     0.2999  1.000e-12  0.1602000     7.2439     7.2435    -0.0004     5.7519     5.7515     30.217     30.888      0.352    1432.70    1432.71  0.000e+00
       9433     31.000     4.2615     4.2617     0.0002    0.77079    0.77077          1     8.0382     7.9893      98.90     0.3710     0.3157  1.000e-12  0.1498000     7.2439     7.2437    -0.0003     5.7519     5.7517     30.713     31.394      0.656    1432.71    1432.71  0.000e+00
       9449     31.500     4.2604     4.2612     0.0008    0.77079    0.77076          1     8.0420     7.9923      92.77     0.3720     0.3330  1.000e-12  0.1539000     7.2441     7.2437    -0.0005     5.7521     5.7517     31.208     31.900      0.836    1432.72    1432.72  0.000e+00
       9462     32.000     4.2605     4.2612     0.0007    0.77079    0.77077          1     8.0500     7.9978      83.34     0.3702     0.3618  1.000e-12  0.1810000     7.2441     7.2436    -0.0004     5.7520     5.7516     31.703     32.407      0.921    1432.72    1432.73  0.000e+00
       9474     32.500     4.2622     4.2626     0.0005    0.77081    0.77079          1     8.0562     8.0051      97.52     0.3722     0.3780  1.000e-12  0.1861000     7.2438     7.2435    -0.0003     5.7518     5.7515     32.199     32.913      0.910    1432.74    1432.74  0.000e+00
       9488     33.000     4.2615     4.2621     0.0006    0.77082    0.77079          1     8.0645     8.0114      78.52     0.3710     0.3522  1.000e-12  0.1689000     7.2439     7.2436    -0.0004     5.7519     5.7516     32.694     33.420      0.773    1432.75    1432.75  0.000e+00
       9508     33.500     4.2618     4.2626     0.0009    0.77082    0.77080          1     8.0648     8.0115      77.72     0.3613     0.3377  1.000e-12  0.1632000     7.2439     7.2435    -0.0004     5.7518     5.7515     33.189     33.926      0.416    1432.76    1432.76  0.000e+00
       9576     34.000     4.2623     4.2628     0.0005    0.77083    0.77081          1     8.0498     7.9801      77.08     0.3726     0.3168  1.000e-12  0.1424000     7.2438     7.2434    -0.0003     5.7517     5.7514     33.685     34.432      0.384    1432.76    1432.77  0.000e+00
       9597     34.500     4.2628     4.2634     0.0005    0.77084    0.77082          1     8.0492     7.9894      76.80     0.3836     0.3687  1.000e-12  0.1497000     7.2437     7.2433    -0.0004     5.7517     5.7514     34.180     34.939      0.760    1432.77    1432.78  0.000e+00
       9610     35.000     4.2625     4.2636     0.0011    0.77085    0.77082          1     8.0468     7.9947      76.54     0.3665     0.3781  1.000e-12  0.1552000     7.2438     7.2433    -0.0005     5.7517     5.7513     34.675     35.445      0.952    1432.78    1432.78  0.000e+00
       9621     35.500     4.2628     4.2638     0.0010    0.77085    0.77084          1     8.0506     7.9995      76.37     0.3499     0.3367  1.000e-12  0.1596000     7.2437     7.2433    -0.0004     5.7517     5.7513     35.171     35.951      1.022    1432.79    1432.79  0.000e+00
       9633     36.000     4.2633     4.2638     0.0005    0.77087    0.77084          1     8.0563     8.0066      76.13     0.3556     0.3325  1.000e-12  0.1641000     7.2437     7.2433    -0.0004     5.7516     5.7513     35.666     36.458      0.979    1432.80    1432.80  0.000e+00
       9646     36.500     4.2627     4.2636     0.0009    0.77086    0.77084          1     8.0693     8.0043      75.75     0.3698     0.3239  1.000e-12  0.1715000     7.2437     7.2433    -0.0004     5.7517     5.7513     36.161     36.964      0.800    1432.80    1432.81  0.000e+00
       9668     37.000     4.2633     4.2638     0.0006    0.77087    0.77085          1     8.0758     7.9968      74.52     0.3648     0.3303  1.000e-12  0.1590000     7.2436     7.2433    -0.0003     5.7516     5.7513     36.657     37.470      0.403    1432.81    1432.82  0.000e+00
       9739     37.500     4.2625     4.2633     0.0008    0.77088    0.77085          1     8.0381     7.9989      73.49     0.3835     0.3212  1.000e-12  0.1617000     7.2437     7.2434    -0.0004     5.7517     5.7514     37.152     37.977      0.437    1432.82    1432.82  0.000e+00
       9753     38.000     4.2629     4.2636     0.0008    0.77089    0.77087          1     8.0403     7.9988      96.81     0.4075     0.3645  1.000e-12  0.1476000     7.2437     7.2433    -0.0004     5.7517     5.7513     37.647     38.483      0.780    1432.83    1432.83  0.000e+00
       9766     38.500     4.2627     4.2639     0.0011    0.77090    0.77087          1     8.0474     7.9990      72.45     0.3890     0.3814  1.000e-12  0.1664000     7.2438     7.2433    -0.0005     5.7517     5.7513     38.142     38.989      0.877    1432.84    1432.84  0.000e+00
       9779     39.000     4.2629     4.2637     0.0009    0.77090    0.77087          1     8.0540     8.0006      72.22     0.3834     0.4032  1.000e-12  0.1727000     7.2437     7.2433    -0.0004     5.7517     5.7513     38.638     39.496      0.833    1432.85    1432.85  0.000e+00
       9795     39.500     4.2630     4.2636     0.0007    0.77090    0.77088          1     8.0522     8.0069      71.87     0.3631     0.3848  1.000e-12  0.1780000     7.2437     7.2433    -0.0004     5.7516     5.7513     39.133     40.002      0.651    1432.85    1432.86  0.000e+00
       9820     40.000     4.2631     4.2636     0.0005    0.77090    0.77089          1     8.0440     8.0065      71.02     0.3855     0.3183  1.000e-12  0.1713000     7.2436     7.2433    -0.0003     5.7516     5.7513     39.628     40.509      0.425    1432.86    1432.86  0.000e+00
       9850     40.500     4.2636     4.2641     0.0005    0.77091    0.77089          1     8.0419     7.9964      70.32     0.3842     0.3124  1.000e-12  0.1552000     7.2435     7.2431    -0.0003     5.7514     5.7512     40.124     41.015      0.459    1432.87    1432.87  0.000e+00
       9873     41.000     4.2623     4.2626     0.0004    0.77092    0.77090          1     8.0482     7.9879      69.92     0.3620     0.3067  1.000e-12  0.1669000     7.2438     7.2435    -0.0003     5.7517     5.7515     40.619     41.521      0.543    1432.87    1432.88  0.000e+00
       9895     41.500     4.2588     4.2597     0.0008    0.77093    0.77090          1     8.0538     7.9952      86.28     0.3612     0.3305  1.000e-12  0.1630000     7.2445     7.2441    -0.0005     5.7524     5.7520     41.114     42.028      0.523    1432.87    1432.87  0.000e+00
       9920     42.000     4.2574     4.2580     0.0006    0.77093    0.77091          1     8.0550     7.9968      69.06     0.3594     0.2938  1.000e-12  0.1677000     7.2449     7.2445    -0.0004     5.7527     5.7524     41.610     42.534      0.456    1432.87    1432.87  0.000e+00
       9948     42.500     4.2572     4.2580     0.0008    0.77094    0.77092          1     8.0448     7.9984      68.33     0.3602     0.3472  1.000e-12  0.1686000     7.2449     7.2445    -0.0005     5.7528     5.7524     42.105     43.040      0.438    1432.88    1432.88  0.000e+00
       9973     43.000     4.2568     4.2579     0.0011    0.77096    0.77092          1     8.0454     7.9965      67.84     0.3601     0.3451  1.000e-12  0.1717000     7.2451     7.2445    -0.0006     5.7530     5.7525     42.600     43.547      0.514    1432.88    1432.89  0.000e+00
       9995     43.500     4.2576     4.2582     0.0006    0.77096    0.77094          1     8.0466     7.9994      67.34     0.3615     0.3321  1.000e-12  0.1693000     7.2449     7.2445    -0.0004     5.7528     5.7524     43.096     44.053      0.575    1432.89    1432.90  0.000e+00
      10015     44.000     4.2581     4.2587     0.0006    0.77097    0.77094          1     8.0473     8.0008      66.85     0.3641     0.3189  1.000e-12  0.1653000     7.2448     7.2444    -0.0004     5.7527     5.7523     43.591     44.559      0.606    1432.90    1432.91  0.000e+00
      10034     44.500     4.2582     4.2589     0.0008    0.77097    0.77095          1     8.0481     8.0019      66.39     0.3715     0.3097  1.000e-12  0.1608000     7.2448     7.2444    -0.0004     5.7527     5.7523     44.086     45.066      0.642    1432.91    1432.91  0.000e+00
      10053     45.000     4.2586     4.2592     0.0006    0.77098    0.77096          1     8.0530     8.0033      65.85     0.3716     0.3013  1.000e-12  0.1733000     7.2446     7.2444    -0.0003     5.7525     5.7523     44.581     45.572      0.642    1432.92    1432.93  0.000e+00
      10072     45.500     4.2578     4.2580     0.0001    0.77100    0.77099          1     8.0576     8.0048      65.34     0.3877     0.3161  1.000e-12  0.1689000     7.2450     7.2448    -0.0001     5.7528     5.7527     45.077     46.078      0.579    1432.93    1432.93  0.000e+00
      10095     46.000     4.2577     4.2584     0.0007    0.77102    0.77098          1     8.0573     7.9993      64.72     0.3829     0.3177  1.000e-12  0.1663000     7.2451     7.2446    -0.0005     5.7529     5.7525     45.572     46.585      0.481    1432.93    1432.94  0.000e+00
      10123     46.500     4.2555     4.2586     0.0031    0.77106    0.77100          1     8.0526     7.9883      64.20     0.3641     0.3380  1.000e-12  0.1674000     7.2460     7.2446    -0.0013     5.7537     5.7525     46.067     47.091      0.388    1432.93    1432.95  0.000e+00
      10155     47.000     4.2542     4.2561     0.0019    0.77110    0.77106          1     8.0514     7.9773      63.62     0.3514     0.3022  1.000e-12  0.1728000     7.2466     7.2457    -0.0009     5.7542     5.7535     46.563     47.598      0.440    1432.94    1432.94  0.000e+00
      10178     47.500     4.2535     4.2539     0.0005    0.77116    0.77113          1     8.0464     7.9798      63.06     0.3693     0.3173  1.000e-12  0.1626000     7.2472     7.2469    -0.0004     5.7547     5.7544     47.058     48.104      0.586    1432.94    1432.94  0.000e+00
      10197     48.000     4.2534     4.2544     0.0010    0.77116    0.77115          1     8.0358     7.9807      62.63     0.3710     0.2950  1.000e-12  0.1563000     7.2472     7.2469    -0.0003     5.7547     5.7545     47.553     48.610      0.728    1432.95    1432.95  0.000e+00
      10212     48.500     4.2535     4.2540     0.0005    0.77115    0.77114          1     8.0366     7.9767      62.17     0.3711     0.2865  1.000e-12  0.1547000     7.2470     7.2468    -0.0002     5.7546     5.7544     48.048     49.117      0.840    1432.96    1432.96  0.000e+00
      10225     49.000     4.2537     4.2543     0.0005    0.77118    0.77116          1     8.0401     7.9703      61.69     0.3530     0.3733  1.000e-12  0.1594000     7.2473     7.2469    -0.0004     5.7547     5.7544     48.544     49.623      0.885    1432.97    1432.97  0.000e+00
      10238     49.500     4.2539     4.2543     0.0004    0.77116    0.77114          1     8.0406     7.9746      61.18     0.3476     0.3783  1.000e-12  0.1611000     7.2469     7.2466    -0.0003     5.7544     5.7542     49.039     50.129      0.827    1432.97    1432.97  0.000e+00
      10255     50.000     4.2541     4.2546     0.0004    0.77115    0.77113          1     8.0411     7.9882      60.65     0.3470     0.3605  1.000e-12  0.1716000     7.2467     7.2464    -0.0003     5.7543     5.7540     49.534     50.636      0.626    1432.98    1432.99  0.000e+00
      10289     50.500     4.2540     4.2546     0.0007    0.77116    0.77115          1     8.0446     7.9852      59.88     0.3717     0.3293  1.000e-12  0.1769000     7.2468     7.2465    -0.0003     5.7544     5.7541     50.030     51.142      0.288    1432.99    1432.99  0.000e+00
      10340     51.000     4.2540     4.2547     0.0007    0.77118    0.77118          1     8.0371     7.9710      59.29     0.3618     0.3160  1.000e-12  0.1436000     7.2469     7.2467    -0.0001     5.7544     5.7543     50.525     51.648      0.436    1433.00    1433.00  0.000e+00
      10359     51.500     4.2543     4.2550     0.0007    0.77119    0.77119          1     8.0311     7.9578      59.12     0.3704     0.3132  1.000e-12  0.1751000     7.2469     7.2467    -0.0002     5.7544     5.7543     51.020     52.155      0.754    1433.01    1433.01  0.000e+00
      10372     52.000     4.2553     4.2552    -0.0001    0.77129    0.77121          1     8.0356     7.9657      58.63     0.3712     0.3181  1.000e-12  0.1747000     7.2476     7.2468    -0.0008     5.7550     5.7543     51.515     52.661      0.916    1433.02    1433.02  0.000e+00
      10384     52.500     4.2560     4.2561     0.0001    0.77134    0.77128          1     8.0378     7.9714      58.12     0.3702     0.3154  1.000e-12  0.1792000     7.2479     7.2472    -0.0007     5.7552     5.7546     52.011     53.167      0.978    1433.03    1433.03  0.000e+00
      10396     53.000     4.2558     4.2561     0.0002    0.77135    0.77128          1     8.0443     7.9793      57.60     0.3692     0.3144  1.000e-12  0.1777000     7.2480     7.2472    -0.0007     5.7552     5.7547     52.506     53.674      0.940    1433.04    1433.04  0.000e+00
      10410     53.500     4.2552     4.2555     0.0003    0.77133    0.77129          1     8.0447     7.9746      57.06     0.3607     0.2858  1.000e-12  0.1729000     7.2478     7.2474    -0.0004     5.7551     5.7548     53.001     54.180      0.774    1433.04    1433.05  0.000e+00
      10432     54.000     4.2557     4.2564     0.0007    0.77134    0.77132          1     8.0384     7.9688      56.41     0.3514     0.3145  1.000e-12  0.1725000     7.2478     7.2474    -0.0004     5.7551     5.7548     53.497     54.686      0.406    1433.06    1433.06  0.000e+00
      10486     54.500     4.2550     4.2555     0.0005    0.77131    0.77128          1     8.0153     7.9736      55.52     0.3576     0.3478  1.000e-12  0.1518000     7.2476     7.2472    -0.0004     5.7550     5.7546     53.992     55.193      0.338    1433.06    1433.06  0.000e+00
      10512     55.000     4.2584     4.2564    -0.0020    0.77154    0.77136          1     8.0150     7.9601      55.14     0.3731     0.3414  1.000e-12  0.1721000     7.2490     7.2477    -0.0013     5.7560     5.7550     54.487     55.699      0.611    1433.09    1433.07  0.000e+00
      10529     55.500     4.2710     4.2701    -0.0009    0.77228    0.77217          1     8.0024     7.9537      54.73     0.3671     0.3334  1.000e-12  0.1763000     7.2537     7.2528    -0.0009     5.7593     5.7587     54.982     56.206      0.707    1433.15    1433.15  0.000e+00
      10545     56.000     4.2805     4.2807     0.0001    0.77292    0.77286          1     7.9280     7.8979      54.27     0.3586     0.3450  1.000e-12  0.1781000     7.2580     7.2573    -0.0007     5.7625     5.7619     55.478     56.712      0.706    1433.21    1433.21  0.000e+00
      10563     56.500     4.3352     4.3348    -0.0003    0.77695    0.77684          1     7.8319     7.8166      53.74     0.3498     0.3355  1.000e-12  0.1609000     7.2864     7.2854    -0.0010     5.7835     5.7827     55.973     57.218      0.648    1433.50    1433.50  0.000e+00
