ctdpy/exports/archive_20191120_135557/received_data/SBE09_0827_20180121_0608_26_01_0141.cnv
* Sea-Bird SBE 9 Data File:
* FileName = D:\CTD_SBE911\DAT\26DA.2018.1.41.hex
* Software Version Seasave V 7.21d
* Temperature SN = 034757
* Conductivity SN = 041844
* Number of Bytes Per Scan = 48
* Number of Voltage Words = 5
* Number of Scans Averaged by the Deck Unit = 1
* NMEA Latitude = 58 03.31 N
* NMEA Longitude = 009 45.01 E
* NMEA UTC (Time) = Jan 21 2018  06:08:24
* NMEA baud rate = 4800
** Ship: DANA
** Average sound velocity: 1484.92 m/s
** True-depth calculation Thu, 28 Mar 2019 08:24:47 +0000
** CTD Python Module SMHI /ver 3-12/ feb 2012 
** LIMS Job: 20182601-0141
** 30N
** Operator: Ronny Sørensen
** Cruise: 01/2018
# nquan = 26
# nvalues = 517                         
# units = specified
# name 0 = scan: Scan Count
# name 1 = prDM: Pressure, Digiquartz [db]
# name 2 = t090C: Temperature [ITS-90, deg C]
# name 3 = t190C: Temperature, 2 [ITS-90, deg C]
# name 4 = T2-T190C: Temperature Difference, 2 - 1 [ITS-90, deg C]
# name 5 = c0S/m: Conductivity [S/m]
# name 6 = c1S/m: Conductivity, 2 [S/m]
# name 7 = pumps: Pump Status
# name 8 = sbeox1ML/L: Oxygen, SBE 43, 2 [ml/l]
# name 9 = sbeox0ML/L: Oxygen, SBE 43 [ml/l]
# name 10 = altM: Altimeter [m]
# name 11 = chloroflTC0: Chlorophyll, Turner Cyclops [ug/l]
# name 12 = cpar: CPAR/Corrected Irradiance [%]
# name 13 = par: PAR/Irradiance, Biospherical/Lico [µE/(cm^2*s)]
# name 14 = spar: SPAR, Biospherical/Licor
# name 15 = sal00: Salinity, Practical [PSU]
# name 16 = sal11: Salinity, Practical, 2 [PSU]
# name 17 = secS-priS: Salinity, Practical, Difference, 2 - 1 [PSU]
# name 18 = sigma-t00: Density [sigma-t, kg/m^3 ]
# name 19 = sigma-t11: Density, 2 [sigma-t, kg/m^3 ]
# name 20 = depSM: Depth [salt water, m], lat = 58.0552
# name 21 = depFM: Depth [true depth, m], lat = 58.0552
# name 22 = dz/dtM: Descent Rate [m/s], WS = 2
# name 23 = svCM: Sound Velocity [Chen-Millero, m/s]
# name 24 = svCM1: Sound Velocity, 2 [Chen-Millero, m/s]
# name 25 = flag: flag
# span 0 =        307,      17270       
# span 1 =      2.000,    260.000       
# span 2 =     5.2851,     8.8606       
# span 3 =     5.2900,     8.8618       
# span 4 =    -0.5084,     0.1502       
# span 5 =   3.161192,   3.710965       
# span 6 =   3.162578,   3.711258       
# span 7 =          1,          1       
# span 8 =     4.9921,     6.4621       
# span 9 =     5.0736,     6.5640       
# span 10 =       2.58,       9.99      
# span 11 =     0.0151,     0.0295      
# span 12 = 4.9241e-11, 4.9241e-11      
# span 13 = 1.0000e-12, 1.0000e-12      
# span 14 = 2.0308e+00, 2.0308e+00      
# span 15 =    32.5874,    35.1415      
# span 16 =    32.5983,    35.1578      
# span 17 =    -0.3948,     0.0630      
# span 18 =    25.7309,    27.4209      
# span 19 =    25.7390,    27.4313      
# span 20 =      1.981,    257.428      
# span 21 =      1.986,    257.834      
# span 22 =      0.104,      0.642      
# span 23 =    1468.86,    1488.00      
# span 24 =    1468.90,    1488.00      
# span 25 = 0.0000e+00, 0.0000e+00      
# interval = decibars: 0.5              
# start_time = Jan 21 2018 06:08:25 [NMEA time, first data scan]
# bad_flag = -9.990e-29
*END*
[from data line 279]
      11293    141.500     8.7886     8.7735    -0.0152    3.70386    3.70329          1     5.3729     5.4448       9.95     0.0208  4.924e-11  1.000e-12  2.031e+00    35.0274    35.0363     0.0089    27.1735    27.1829    140.140    140.346      0.480    1487.78    1487.74  0.000e+00
      11319    142.000     8.7700     8.7115    -0.0585    3.70183    3.69746          1     5.3772     5.4530       9.95     0.0208  4.924e-11  1.000e-12  2.031e+00    35.0241    35.0359     0.0118    27.1738    27.1923    140.635    140.842      0.462    1487.72    1487.51  0.000e+00
      11345    142.500     8.7307     8.6987    -0.0320    3.69772    3.69539          1     5.3837     5.4686       9.95     0.0208  4.924e-11  1.000e-12  2.031e+00    35.0193    35.0264     0.0071    27.1763    27.1869    141.130    141.337      0.457    1487.57    1487.46  0.000e+00
      11371    143.000     8.7057     8.6915    -0.0142    3.69514    3.69464          1     5.4069     5.4788       9.95     0.0208  4.924e-11  1.000e-12  2.031e+00    35.0166    35.0254     0.0087    27.1782    27.1872    141.625    141.833      0.461    1487.48    1487.44  0.000e+00
      11397    143.500     8.6952     8.6801    -0.0152    3.69426    3.69387          1     5.4083     5.4760       9.95     0.0208  4.924e-11  1.000e-12  2.031e+00    35.0174    35.0283     0.0109    27.1804    27.1913    142.120    142.329      0.453    1487.46    1487.41  0.000e+00
      11424    144.000     8.6817     8.6342    -0.0475    3.69289    3.68995          1     5.3547     5.4759       9.95     0.0206  4.924e-11  1.000e-12  2.031e+00    35.0161    35.0321     0.0160    27.1815    27.2016    142.615    142.825      0.464    1487.41    1487.26  0.000e+00
      11448    144.500     8.6376     8.5744    -0.0631    3.68827    3.68418          1     5.3787     5.4802       9.95     0.0208  4.924e-11  1.000e-12  2.031e+00    35.0108    35.0300     0.0192    27.1843    27.2093    143.110    143.321      0.521    1487.25    1487.04  0.000e+00
      11470    145.000     8.5904     8.5337    -0.0566    3.68332    3.67936          1     5.4278     5.4876       9.95     0.0208  4.924e-11  1.000e-12  2.031e+00    35.0049    35.0191     0.0141    27.1871    27.2071    143.605    143.816      0.537    1487.07    1486.88  0.000e+00
      11493    145.500     8.5518     8.5209    -0.0309    3.67925    3.67756          1     5.4651     5.5051       9.95     0.0215  4.924e-11  1.000e-12  2.031e+00    34.9998    35.0124     0.0126    27.1891    27.2038    144.100    144.312      0.481    1486.93    1486.83  0.000e+00
      11522    146.000     8.5308     8.5094    -0.0214    3.67709    3.67615          1     5.4691     5.5193       9.95     0.0211  4.924e-11  1.000e-12  2.031e+00    34.9973    35.0086     0.0113    27.1905    27.2027    144.595    144.808      0.379    1486.86    1486.80  0.000e+00
      11555    146.500     8.5075     8.4916    -0.0159    3.67459    3.67432          1     5.4749     5.5365       9.95     0.0209  4.924e-11  1.000e-12  2.031e+00    34.9938    35.0067     0.0129    27.1913    27.2040    145.090    145.304      0.419    1486.78    1486.73  0.000e+00
      11580    147.000     8.4845     8.4648    -0.0197    3.67215    3.67171          1     5.4796     5.5477       9.95     0.0209  4.924e-11  1.000e-12  2.031e+00    34.9905    35.0054     0.0149    27.1923    27.2071    145.585    145.800      0.548    1486.70    1486.64  0.000e+00
      11600    147.500     8.4673     8.4350    -0.0323    3.67024    3.66884          1     5.4884     5.5569       9.95     0.0224  4.924e-11  1.000e-12  2.031e+00    34.9870    35.0042     0.0172    27.1923    27.2107    146.080    146.295      0.580    1486.64    1486.54  0.000e+00
      11622    148.000     8.4448     8.4048    -0.0400    3.66789    3.66546          1     5.5056     5.5704       9.95     0.0210  4.924e-11  1.000e-12  2.031e+00    34.9840    34.9980     0.0140    27.1934    27.2106    146.575    146.791      0.489    1486.56    1486.42  0.000e+00
      11651    148.500     8.4172     8.3904    -0.0267    3.66484    3.66342          1     5.5053     5.5918       9.95     0.0206  4.924e-11  1.000e-12  2.031e+00    34.9789    34.9903     0.0114    27.1937    27.2068    147.070    147.287      0.384    1486.45    1486.37  0.000e+00
      11682    149.000     8.3930     8.3824    -0.0106    3.66239    3.66253          1     5.5258     5.6002       9.95     0.0210  4.924e-11  1.000e-12  2.031e+00    34.9766    34.9886     0.0120    27.1956    27.2066    147.565    147.783      0.418    1486.37    1486.35  0.000e+00
      11709    149.500     8.3820     8.3746    -0.0074    3.66132    3.66170          1     5.5277     5.5970       9.95     0.0217  4.924e-11  1.000e-12  2.031e+00    34.9759    34.9872     0.0114    27.1968    27.2068    148.060    148.279      0.468    1486.34    1486.32  0.000e+00
      11734    150.000     8.3772     8.3738    -0.0034    3.66092    3.66149          1     5.5238     5.6034       9.95     0.0216  4.924e-11  1.000e-12  2.031e+00    34.9762    34.9856     0.0094    27.1977    27.2057    148.555    148.774      0.472    1486.33    1486.32  0.000e+00
      11759    150.500     8.3789     8.3899     0.0110    3.66127    3.66307          1     5.5093     5.5988       9.95     0.0208  4.924e-11  1.000e-12  2.031e+00    34.9780    34.9862     0.0081    27.1989    27.2036    149.050    149.270      0.480    1486.34    1486.40  0.000e+00
      11784    151.000     8.3907     8.4055     0.0148    3.66296    3.66514          1     5.4864     5.5833       9.95     0.0211  4.924e-11  1.000e-12  2.031e+00    34.9840    34.9925     0.0085    27.2018    27.2062    149.545    149.766      0.522    1486.40    1486.47  0.000e+00
      11805    151.500     8.4035     8.4203     0.0167    3.66473    3.66704          1     5.4659     5.5640       9.95     0.0208  4.924e-11  1.000e-12  2.031e+00    34.9898    34.9978     0.0080    27.2044    27.2080    150.040    150.262      0.561    1486.47    1486.54  0.000e+00
      11827    152.000     8.4158     8.4284     0.0126    3.66626    3.66800          1     5.4619     5.5502       9.95     0.0208  4.924e-11  1.000e-12  2.031e+00    34.9937    34.9997     0.0059    27.2055    27.2082    150.535    150.757      0.512    1486.53    1486.58  0.000e+00
      11855    152.500     8.4297     8.4591     0.0294    3.66815    3.67135          1     5.4634     5.5357       9.95     0.0216  4.924e-11  1.000e-12  2.031e+00    34.9997    35.0045     0.0047    27.2081    27.2072    151.030    151.253      0.362    1486.59    1486.71  0.000e+00
      11893    153.000     8.4781     8.5156     0.0374    3.67452    3.67818          1     5.3992     5.4745       9.95     0.0211  4.924e-11  1.000e-12  2.031e+00    35.0190    35.0207     0.0017    27.2157    27.2112    151.525    151.749      0.340    1486.81    1486.95  0.000e+00
      11923    153.500     8.5352     8.5551     0.0200    3.68147    3.68295          1     5.3302     5.4120       9.95     0.0206  4.924e-11  1.000e-12  2.031e+00    35.0359    35.0319    -0.0040    27.2200    27.2138    152.020    152.245      0.474    1487.05    1487.12  0.000e+00
      11946    154.000     8.5743     8.6238     0.0495    3.68640    3.68995          1     5.2920     5.3668       9.95     0.0208  4.924e-11  1.000e-12  2.031e+00    35.0491    35.0376    -0.0115    27.2243    27.2075    152.515    152.741      0.558    1487.22    1487.39  0.000e+00
      11966    154.500     8.6220     8.6647     0.0428    3.69203    3.69559          1     5.2626     5.3266       9.95     0.0208  4.924e-11  1.000e-12  2.031e+00    35.0611    35.0565    -0.0045    27.2262    27.2159    153.010    153.236      0.602    1487.42    1487.57  0.000e+00
      11986    155.000     8.6521     8.7017     0.0495    3.69569    3.70009          1     5.2382     5.2950       9.95     0.0202  4.924e-11  1.000e-12  2.031e+00    35.0697    35.0671    -0.0026    27.2282    27.2184    153.505    153.732      0.585    1487.55    1487.73  0.000e+00
      12008    155.500     8.6806     8.7115     0.0308    3.69920    3.70210          1     5.2154     5.2677       9.95     0.0202  4.924e-11  1.000e-12  2.031e+00    35.0784    35.0785     0.0001    27.2305    27.2257    154.000    154.228      0.486    1487.67    1487.79  0.000e+00
      12039    156.000     8.7036     8.7258     0.0221    3.70226    3.70460          1     5.1757     5.2351       9.95     0.0202  4.924e-11  1.000e-12  2.031e+00    35.0876    35.0904     0.0028    27.2342    27.2328    154.495    154.724      0.341    1487.78    1487.86  0.000e+00
      12074    156.500     8.7298     8.7361     0.0063    3.70599    3.70653          1     5.1249     5.2059       9.95     0.0214  4.924e-11  1.000e-12  2.031e+00    35.1008    35.1003    -0.0004    27.2403    27.2390    154.990    155.219      0.411    1487.90    1487.92  0.000e+00
      12099    157.000     8.7328     8.7346     0.0019    3.70649    3.70655          1     5.1043     5.1937       9.95     0.0208  4.924e-11  1.000e-12  2.031e+00    35.1029    35.1017    -0.0012    27.2415    27.2403    155.485    155.715      0.525    1487.92    1487.93  0.000e+00
      12121    157.500     8.7339     8.7352     0.0013    3.70668    3.70676          1     5.1045     5.1953       9.95     0.0207  4.924e-11  1.000e-12  2.031e+00    35.1036    35.1032    -0.0004    27.2419    27.2414    155.980    156.211      0.541    1487.94    1487.94  0.000e+00
      12144    158.000     8.7345     8.7362     0.0017    3.70685    3.70707          1     5.1132     5.1912       9.95     0.0209  4.924e-11  1.000e-12  2.031e+00    35.1045    35.1051     0.0006    27.2425    27.2427    156.475    156.707      0.509    1487.95    1487.95  0.000e+00
      12168    158.500     8.7354     8.7405     0.0051    3.70709    3.70755          1     5.1206     5.1840       9.95     0.0208  4.924e-11  1.000e-12  2.031e+00    35.1059    35.1057    -0.0002    27.2435    27.2425    156.970    157.202      0.474    1487.96    1487.98  0.000e+00
      12195    159.000     8.7394     8.7432     0.0038    3.70764    3.70804          1     5.1196     5.1834       9.95     0.0213  4.924e-11  1.000e-12  2.031e+00    35.1075    35.1080     0.0005    27.2441    27.2439    157.465    157.698      0.425    1487.99    1488.00  0.000e+00
      12225    159.500     8.7405     8.7381    -0.0025    3.70780    3.70770          1     5.1013     5.1850       9.95     0.0207  4.924e-11  1.000e-12  2.031e+00    35.1079    35.1093     0.0014    27.2442    27.2457    157.960    158.194      0.402    1488.00    1487.99  0.000e+00
      12253    160.000     8.7345     8.7311    -0.0034    3.70718    3.70709          1     5.1051     5.1800       9.95     0.0203  4.924e-11  1.000e-12  2.031e+00    35.1071    35.1095     0.0024    27.2445    27.2470    158.455    158.690      0.448    1487.98    1487.97  0.000e+00
      12279    160.500     8.7303     8.7268    -0.0035    3.70688    3.70699          1     5.1252     5.1763       9.95     0.0208  4.924e-11  1.000e-12  2.031e+00    35.1078    35.1124     0.0046    27.2457    27.2499    158.950    159.186      0.501    1487.98    1487.97  0.000e+00
      12302    161.000     8.7255     8.7138    -0.0117    3.70665    3.70625          1     5.1179     5.1758       9.95     0.0208  4.924e-11  1.000e-12  2.031e+00    35.1099    35.1173     0.0074    27.2482    27.2559    159.445    159.681      0.523    1487.97    1487.93  0.000e+00
      12325    161.500     8.7151     8.6894    -0.0258    3.70594    3.70457          1     5.0973     5.1695       9.95     0.0206  4.924e-11  1.000e-12  2.031e+00    35.1124    35.1235     0.0111    27.2518    27.2645    159.940    160.177      0.498    1487.94    1487.86  0.000e+00
      12351    162.000     8.6935     8.6346    -0.0588    3.70361    3.69902          1     5.1161     5.1692       9.95     0.0208  4.924e-11  1.000e-12  2.031e+00    35.1090    35.1191     0.0100    27.2525    27.2697    160.435    160.673      0.423    1487.87    1487.66  0.000e+00
      12382    162.500     8.6394     8.6185    -0.0210    3.69814    3.69712          1     5.1511     5.1879       9.95     0.0209  4.924e-11  1.000e-12  2.031e+00    35.1047    35.1147     0.0100    27.2577    27.2688    160.930    161.169      0.380    1487.67    1487.60  0.000e+00
      12412    163.000     8.5862     8.5535    -0.0327    3.69228    3.69129          1     5.1367     5.2077       9.95     0.0211  4.924e-11  1.000e-12  2.031e+00    35.0953    35.1173     0.0220    27.2587    27.2810    161.425    161.664      0.425    1487.47    1487.37  0.000e+00
      12438    163.500     8.5052     8.4264    -0.0785    3.68337    3.67961          1     5.1252     5.2227       9.95     0.0219  4.924e-11  1.000e-12  2.031e+00    35.0811    35.1195     0.0384    27.2602    27.3026    161.920    162.160      0.508    1487.16    1486.91  0.000e+00
      12460    164.000     8.4254     8.3824    -0.0430    3.67543    3.67319          1     5.1402     5.2385       9.95     0.0222  4.924e-11  1.000e-12  2.031e+00    35.0758    35.0947     0.0189    27.2685    27.2899    162.415    162.656      0.547    1486.86    1486.73  0.000e+00
      12482    164.500     8.3975     8.3776    -0.0201    3.67277    3.67220          1     5.1640     5.2499       9.95     0.0232  4.924e-11  1.000e-12  2.031e+00    35.0751    35.0889     0.0139    27.2722    27.2862    162.910    163.152      0.514    1486.76    1486.71  0.000e+00
      12507    165.000     8.3889     8.3760    -0.0129    3.67190    3.67176          1     5.1793     5.2501       9.95     0.0243  4.924e-11  1.000e-12  2.031e+00    35.0742    35.0855     0.0113    27.2728    27.2837    163.405    163.647      0.468    1486.74    1486.70  0.000e+00
      12533    165.500     8.3826     8.3783    -0.0043    3.67134    3.67198          1     5.1736     5.2481       9.95     0.0244  4.924e-11  1.000e-12  2.031e+00    35.0742    35.0853     0.0111    27.2738    27.2832    163.900    164.143      0.490    1486.72    1486.72  0.000e+00
      12557    166.000     8.3817     8.3886     0.0069    3.67146    3.67284          1     5.1830     5.2475       9.95     0.0244  4.924e-11  1.000e-12  2.031e+00    35.0761    35.0840     0.0078    27.2755    27.2805    164.395    164.639      0.489    1486.73    1486.77  0.000e+00
      12585    166.500     8.3915     8.3962     0.0047    3.67267    3.67391          1     5.1822     5.2459       9.95     0.0244  4.924e-11  1.000e-12  2.031e+00    35.0791    35.0875     0.0084    27.2762    27.2822    164.890    165.135      0.360    1486.78    1486.81  0.000e+00
      12623    167.000     8.4010     8.4018     0.0007    3.67389    3.67477          1     5.1658     5.2415       9.95     0.0244  4.924e-11  1.000e-12  2.031e+00    35.0823    35.0909     0.0085    27.2773    27.2839    165.385    165.630      0.367    1486.83    1486.84  0.000e+00
      12649    167.500     8.3927     8.3867    -0.0060    3.67302    3.67347          1     5.1554     5.2477       9.95     0.0244  4.924e-11  1.000e-12  2.031e+00    35.0812    35.0918     0.0107    27.2777    27.2870    165.880    166.126      0.545    1486.80    1486.79  0.000e+00
      12669    168.000     8.3868     8.3830    -0.0038    3.67248    3.67282          1     5.1602     5.2567       9.95     0.0243  4.924e-11  1.000e-12  2.031e+00    35.0810    35.0884     0.0074    27.2785    27.2849    166.375    166.622      0.626    1486.79    1486.78  0.000e+00
      12688    168.500     8.3859     8.3852    -0.0007    3.67244    3.67305          1     5.1720     5.2633       9.95     0.0244  4.924e-11  1.000e-12  2.031e+00    35.0812    35.0884     0.0072    27.2788    27.2846    166.870    167.118      0.590    1486.79    1486.80  0.000e+00
