ctdpy/exports/archive_20191120_135557/received_data/SBE09_1044_20180528_1250_34_07_0038.cnv
* Sea-Bird SBE 9 Data File:
* FileName = C:\ctd\temp\2018\AU18D038.hex
* Software Version Seasave V 7.26.6.26
* Temperature SN = 5351
* Conductivity SN = 3941
* Number of Bytes Per Scan = 41
* Number of Voltage Words = 4
* Number of Scans Averaged by the Deck Unit = 1
* NMEA Latitude = 54 58.28 N
* NMEA Longitude = 014 05.95 E
* NMEA UTC (Time) = May 28 2018  12:50:27
* NMEA baud rate = 4800
** Station:  BY2
** Operator:  SSIP
** Ship: AURA
** Average sound velocity: 1450.79 m/s
** True-depth calculation Mon, 28 May 2018 13:20:05 +0000
** CTD Python Module SMHI /ver 3-12/ feb 2012 
** LIMS Job: 20183407-0038
** Cruise: SMHI-02-2018
** Latitude [GG MM.mm N] :
** Longitude [GG MM.mm E]:
# nquan = 26
# nvalues = 86                          
# units = specified
# name 0 = scan: Scan Count
# name 1 = prDM: Pressure, Digiquartz [db]
# name 2 = t090C: Temperature [ITS-90, deg C]
# name 3 = t190C: Temperature, 2 [ITS-90, deg C]
# name 4 = T2-T190C: Temperature Difference, 2 - 1 [ITS-90, deg C]
# name 5 = c0S/m: Conductivity [S/m]
# name 6 = c1S/m: Conductivity, 2 [S/m]
# name 7 = pumps: Pump Status
# name 8 = sbeox0ML/L: Oxygen, SBE 43 [ml/l]
# name 9 = sbeox1ML/L: Oxygen, SBE 43, 2 [ml/l]
# name 10 = altM: Altimeter [m]
# name 11 = flECO-AFL: Chl-a Fluorescence, WET Labs ECO-AFL/FL [mg/m^3]
# name 12 = flECO-AFL1: Phycocyanin Fluorescence, WET Labs ECO-AFL/FL, 2 [mg/m^3]
# name 13 = par: PAR/Irradiance, Biospherical/Lico [µE/(cm^2*s)]
# name 14 = turbWETntu0: Turbidity, WET Labs ECO [NTU]
# name 15 = sal00: Salinity, Practical [PSU]
# name 16 = sal11: Salinity, Practical, 2 [PSU]
# name 17 = secS-priS: Salinity, Practical, Difference, 2 - 1 [PSU]
# name 18 = sigma-t00: Density [sigma-t, Kg/m^3 ]
# name 19 = sigma-t11: Density, 2 [sigma-t, Kg/m^3 ]
# name 20 = depSM: Depth [salt water, m], lat = 54.9713
# name 21 = depFM: Depth [true depth, m], lat = 54.9713
# name 22 = dz/dtM: Descent Rate [m/s], WS = 2
# name 23 = svCM: Sound Velocity [Chen-Millero, m/s]
# name 24 = svCM1: Sound Velocity, 2 [Chen-Millero, m/s]
# name 25 = flag: flag
# span 0 =       7502,      10772       
# span 1 =      1.000,     43.500       
# span 2 =     4.3885,    15.1619       
# span 3 =     4.3884,    15.1589       
# span 4 =    -0.1979,     0.0736       
# span 5 =   0.823937,   1.604839       
# span 6 =   0.823967,   1.598793       
# span 7 =          1,          1       
# span 8 =    4.95089,    8.76215       
# span 9 =    4.92094,    8.71449       
# span 10 =       0.82,      44.73      
# span 11 =     0.4092,     5.3991      
# span 12 =     0.1721,     0.6417      
# span 13 = 3.2075e-02, 3.8226e+03      
# span 14 =     0.1430,     0.7188      
# span 15 =     7.3236,    15.1724      
# span 16 =     7.3236,    15.1058      
# span 17 =    -0.1721,     0.0216      
# span 18 =     4.7059,    11.9244      
# span 19 =     4.7064,    11.8712      
# span 20 =      0.991,     43.103      
# span 21 =      1.014,     44.018      
# span 22 =     -0.014,      0.585      
# span 23 =    1434.82,    1475.17      
# span 24 =    1434.86,    1475.16      
# span 25 = 0.0000e+00, 0.0000e+00      
# interval = decibars: 0.5              
# start_time = May 28 2018 12:50:27 [NMEA time, first data scan]
# bad_flag = -9.990e-29
*END*
[from data line 56]
       9253     29.000     4.9401     4.9425     0.0026    0.85795    0.85794          1     8.1241     8.0360      16.01     0.6613     0.2817  1.161e+00  0.2021000     7.9629     7.9623    -0.0006     6.2986     6.2980     28.737     29.377      0.377    1436.61    1436.62  0.000e+00
       9282     29.500     4.8876     4.8895     0.0020    0.86038    0.86039          1     8.0849     7.9790      15.52     0.5517     0.2092  1.051e+00  0.1790000     7.9997     7.9994    -0.0004     6.3299     6.3295     29.232     29.883      0.466    1436.44    1436.44  0.000e+00
       9306     30.000     4.8149     4.8167     0.0019    0.86265    0.86263          1     7.9329     7.8085      15.04     0.5068     0.2176  9.898e-01  0.1734000     8.0400     8.0393    -0.0007     6.3646     6.3640     29.727     30.389      0.501    1436.17    1436.18  0.000e+00
       9330     30.500     4.7164     4.7225     0.0062    0.86751    0.86732          1     7.7483     7.6432      14.52     0.4844     0.2499  9.201e-01  0.1667000     8.1127     8.1094    -0.0033     6.4259     6.4231     30.223     30.895      0.448    1435.84    1435.86  0.000e+00
       9362     31.000     4.4365     4.4470     0.0104    0.87688    0.87663          1     7.6688     7.5599      13.93     0.4673     0.2337  8.393e-01  0.1629000     8.2768     8.2717    -0.0051     6.5659     6.5615     30.718     31.401      0.336    1434.82    1434.86  0.000e+00
       9402     31.500     4.3999     4.3956    -0.0042    0.89286    0.89232          1     7.5371     7.4212      13.37     0.4700     0.2290  7.366e-01  0.1592000     8.4484     8.4440    -0.0044     6.7032     6.6999     31.214     31.907      0.298    1434.88    1434.86  0.000e+00
       9438     32.000     4.4161     4.4211     0.0050    0.91299    0.91259          1     7.3238     7.1848      12.86     0.4739     0.2258  6.708e-01  0.1563000     8.6494     8.6439    -0.0054     6.8620     6.8576     31.709     32.413      0.399    1435.22    1435.23  0.000e+00
       9464     32.500     4.3885     4.3884    -0.0000    0.93083    0.93046          1     7.5036     7.2812      12.43     0.4605     0.2860  6.342e-01  0.1582000     8.8387     8.8350    -0.0037     7.0131     7.0102     32.205     32.919      0.529    1435.35    1435.34  0.000e+00
       9485     33.000     4.9035     4.8814    -0.0217    0.97239    0.97134          1     7.3128     6.9431      11.98     0.4415     0.2532  5.883e-01  0.1430000     9.1204     9.1158    -0.0046     7.2153     7.2126     32.700     33.424      0.573    1437.98    1437.88  0.000e+00
       9507     33.500     5.6722     5.6698    -0.0026    1.02790    1.02756          1     6.7172     6.2816      11.44     0.4747     0.2615  5.371e-01  0.1490000     9.4632     9.4606    -0.0027     7.4487     7.4468     33.195     33.930      0.460    1441.77    1441.75  0.000e+00
       9551     34.000     5.9763     6.0263     0.0500    1.04981    1.05344          1     6.0940     5.8579      10.74     0.5576     0.2823  4.829e-01  0.1938000     9.5945     9.6162     0.0216     7.5351     7.5491     33.691     34.436      0.253    1443.24    1443.48  0.000e+00
       9596     34.500     6.1712     6.1793     0.0082    1.06784    1.06781          1     5.6976     5.6830      10.29     0.5884     0.1721  4.471e-01  0.2039000     9.7165     9.7139    -0.0026     7.6192     7.6166     34.186     34.941      0.436    1444.24    1444.27  0.000e+00
       9618     35.000     5.7311     5.7604     0.0287    1.06371    1.06432          1     6.0771     6.2032       9.87     0.5853     0.2621  4.071e-01  0.2288000     9.8026     9.8001    -0.0025     7.7127     7.7092     34.682     35.446      0.546    1442.47    1442.59  0.000e+00
       9640     35.500     4.9929     4.9677    -0.0244    1.06970    1.06791          1     6.5983     6.6761       9.40     0.5504     0.2821  3.601e-01  0.2374000    10.0808    10.0702    -0.0105     7.9709     7.9638     35.177     35.952      0.494    1439.64    1439.51  0.000e+00
       9670     36.000     5.6302     5.6410     0.0109    1.13170    1.13074          1     6.5613     6.5165       8.78     0.4410     0.2696  3.220e-01  0.1747000    10.5113    10.4982    -0.0130     8.2779     8.2670     35.672     36.457      0.341    1442.95    1442.98  0.000e+00
       9711     36.500     5.1370     5.2107     0.0736    1.14057    1.14041          1     6.5184     6.5027       8.20     0.4727     0.2119  2.979e-01  0.1792000    10.7580    10.7326    -0.0253     8.4994     8.4754     36.168     36.962      0.298    1441.14    1441.43  0.000e+00
       9748     37.000     4.7079     4.7209     0.0129    1.15645    1.15517          1     6.3263     6.2035       7.71     0.4092     0.2514  2.702e-01  0.1748000    11.0614    11.0439    -0.0176     8.7605     8.7459     36.663     37.467      0.333    1439.66    1439.70  0.000e+00
       9785     37.500     4.6711     4.6596    -0.0115    1.19535    1.19230          1     6.0565     5.9450       7.21     0.4487     0.3013  2.368e-01  0.1747000    11.4762    11.4485    -0.0277     9.0904     9.0690     37.159     37.972      0.336    1440.04    1439.95  0.000e+00
       9817     38.000     4.7607     4.7612     0.0006    1.24244    1.24161          1     5.9735     5.8663       6.72     0.5129     0.2797  2.081e-01  0.1943000    11.9334    11.9246    -0.0088     9.4477     9.4408     37.654     38.476      0.419    1441.02    1441.01  0.000e+00
       9844     38.500     4.7964     4.7944    -0.0020    1.27076    1.27005          1     5.8849     5.7122       6.24     0.5068     0.2705  1.932e-01  0.2081000    12.2146    12.2080    -0.0066     9.6683     9.6631     38.149     38.981      0.439    1441.54    1441.53  0.000e+00
       9874     39.000     5.0811     5.0493    -0.0319    1.32754    1.32407          1     5.8709     5.7262       5.68     0.5737     0.2764  1.755e-01  0.2115000    12.6960    12.6723    -0.0236    10.0331    10.0163     38.645     39.485      0.346    1443.40    1443.23  0.000e+00
       9915     39.500     5.6487     5.6240    -0.0247    1.41127    1.40713          1     5.5431     5.3924       5.09     0.5896     0.2705  1.547e-01  0.2718000    13.3387    13.3060    -0.0327    10.5058    10.4816     39.140     39.989      0.274    1446.65    1446.51  0.000e+00
       9956     40.000     5.7196     5.7200     0.0004    1.44634    1.44580          1     5.6201     5.5509       4.62     0.6270     0.2970  1.383e-01  0.3449000    13.6696    13.6639    -0.0057    10.7618    10.7572     39.636     40.493      0.332    1447.38    1447.38  0.000e+00
       9989     40.500     5.8526     5.8500    -0.0026    1.47188    1.47162          1     5.4580     5.2638       4.14     0.6361     0.2939  1.180e-01  0.3316000    13.8766    13.8751    -0.0016    10.9157    10.9146     40.131     40.997      0.404    1448.21    1448.20  0.000e+00
      10016     41.000     6.0202     6.0122    -0.0080    1.49912    1.49804          1     5.1358     4.9341       3.69     0.6499     0.2751  1.025e-01  0.3398000    14.0853    14.0776    -0.0077    11.0679    11.0624     40.626     41.500      0.445    1449.19    1449.14  0.000e+00
      10089     41.500     6.0676     6.0525    -0.0148    1.51238    1.50907          1     5.0388     4.9804       3.31     0.6364     0.2579  8.863e-02  0.3634000    14.2004    14.1729    -0.0275    11.1549    11.1344     41.122     42.004      0.299    1449.54    1449.44  0.000e+00
      10268     42.000     6.0386     5.9711    -0.0678    1.50937    1.48973          1     5.1365     5.0616       3.37     0.6790     0.2698  7.389e-02  0.3032000    14.1820    14.0099    -0.1721    11.1427    11.0122     41.617     42.508      0.186    1449.40    1448.90  0.000e+00
      10379     42.500     6.0743     6.0586    -0.0156    1.53349    1.53144          1     5.0124     4.9300       2.94     0.6853     0.3081  5.797e-02  0.3627000    14.4127    14.3983    -0.0145    11.3215    11.3113     42.113     43.011      0.255    1449.85    1449.77  0.000e+00
      10489     43.000     6.0344     6.0379     0.0035    1.57813    1.57641          1     5.0191     4.9458       2.29     0.6587     0.2668  4.292e-02  0.4621000    14.8863    14.8672    -0.0191    11.6972    11.6819     42.608     43.515      0.196    1450.29    1450.28  0.000e+00
      10772     43.500     6.0066     6.0168     0.0102    1.60484    1.59879          1     4.9509     4.9209       0.82     0.6257     0.3046  3.207e-02  0.4815000    15.1724    15.1058    -0.0666    11.9244    11.8712     43.103     44.018     -0.014    1450.54    1450.50  0.000e+00
