ctdpy/exports/archive_20191120_135557/received_data/SBE09_0827_20180120_1230_26_01_0129.cnv
* Sea-Bird SBE 9 Data File:
* FileName = D:\CTD_SBE911\DAT\26DA.2018.1.29.hex
* Software Version Seasave V 7.21d
* Temperature SN = 034757
* Conductivity SN = 041844
* Number of Bytes Per Scan = 48
* Number of Voltage Words = 5
* Number of Scans Averaged by the Deck Unit = 1
* NMEA Latitude = 57 39.28 N
* NMEA Longitude = 008 50.84 E
* NMEA UTC (Time) = Jan 20 2018  12:30:47
* NMEA baud rate = 4800
** Ship: DANA
** Average sound velocity: 1478.63 m/s
** True-depth calculation Thu, 28 Mar 2019 08:24:01 +0000
** CTD Python Module SMHI /ver 3-12/ feb 2012 
** LIMS Job: 20182601-0129
** Operator:
** Cruise: 01/2018
# nquan = 26
# nvalues = 174                         
# units = specified
# name 0 = scan: Scan Count
# name 1 = prDM: Pressure, Digiquartz [db]
# name 2 = t090C: Temperature [ITS-90, deg C]
# name 3 = t190C: Temperature, 2 [ITS-90, deg C]
# name 4 = T2-T190C: Temperature Difference, 2 - 1 [ITS-90, deg C]
# name 5 = c0S/m: Conductivity [S/m]
# name 6 = c1S/m: Conductivity, 2 [S/m]
# name 7 = pumps: Pump Status
# name 8 = sbeox1ML/L: Oxygen, SBE 43, 2 [ml/l]
# name 9 = sbeox0ML/L: Oxygen, SBE 43 [ml/l]
# name 10 = altM: Altimeter [m]
# name 11 = chloroflTC0: Chlorophyll, Turner Cyclops [ug/l]
# name 12 = cpar: CPAR/Corrected Irradiance [%]
# name 13 = par: PAR/Irradiance, Biospherical/Lico [µE/(cm^2*s)]
# name 14 = spar: SPAR, Biospherical/Licor
# name 15 = sal00: Salinity, Practical [PSU]
# name 16 = sal11: Salinity, Practical, 2 [PSU]
# name 17 = secS-priS: Salinity, Practical, Difference, 2 - 1 [PSU]
# name 18 = sigma-t00: Density [sigma-t, kg/m^3 ]
# name 19 = sigma-t11: Density, 2 [sigma-t, kg/m^3 ]
# name 20 = depSM: Depth [salt water, m], lat = 57.6547
# name 21 = depFM: Depth [true depth, m], lat = 57.6547
# name 22 = dz/dtM: Descent Rate [m/s], WS = 2
# name 23 = svCM: Sound Velocity [Chen-Millero, m/s]
# name 24 = svCM1: Sound Velocity, 2 [Chen-Millero, m/s]
# name 25 = flag: flag
# span 0 =        -46,       6144       
# span 1 =      1.500,     88.000       
# span 2 =     6.8721,     6.9649       
# span 3 =     6.8714,     6.9644       
# span 4 =    -0.0030,     0.0090       
# span 5 =   3.475082,   3.495569       
# span 6 =   3.475321,   3.495827       
# span 7 =          1,          1       
# span 8 =     5.9069,     6.1794       
# span 9 =     6.2110,     6.2638       
# span 10 =       1.18,       9.97      
# span 11 =     0.0293,     0.0427      
# span 12 = 1.0257e-12, 9.1105e+00      
# span 13 = 9.8916e-13, 8.3971e+00      
# span 14 = 8.5295e+01, 9.7498e+01      
# span 15 =    34.5369,    34.6301      
# span 16 =    34.5400,    34.6335      
# span 17 =    -0.0040,     0.0056      
# span 18 =    27.0706,    27.1323      
# span 19 =    27.0736,    27.1350      
# span 20 =      1.486,     87.168      
# span 21 =      1.488,     87.266      
# span 22 =     -0.012,      0.812      
# span 23 =    1477.64,    1479.50      
# span 24 =    1477.64,    1479.50      
# span 25 = 0.0000e+00, 0.0000e+00      
# interval = decibars: 0.5              
# start_time = Jan 20 2018 12:30:47 [NMEA time, first data scan]
# bad_flag = -9.990e-29
*END*
[from data line 112]
       3835     57.500     6.9602     6.9591    -0.0011    3.49213    3.49225          1     6.1269     6.2308       9.95     0.0328  1.145e-12  1.000e-12  8.733e+01    34.6109    34.6133     0.0024    27.1178    27.1198     56.961     57.021      0.810    1478.96    1478.96  0.000e+00
       3850     58.000     6.9602     6.9593    -0.0009    3.49222    3.49238          1     6.1405     6.2326       9.95     0.0383  1.145e-12  1.000e-12  8.733e+01    34.6116    34.6143     0.0026    27.1184    27.1206     57.456     57.517      0.737    1478.97    1478.97  0.000e+00
       3870     58.500     6.9599     6.9593    -0.0006    3.49223    3.49247          1     6.1521     6.2363       9.95     0.0328  1.145e-12  1.000e-12  8.733e+01    34.6118    34.6150     0.0032    27.1185    27.1211     57.951     58.013      0.441    1478.98    1478.98  0.000e+00
       3932     59.000     6.9602     6.9594    -0.0008    3.49230    3.49252          1     6.1561     6.2368       9.95     0.0326  1.145e-12  1.000e-12  8.733e+01    34.6120    34.6153     0.0033    27.1186    27.1214     58.447     58.509      0.385    1478.99    1478.99  0.000e+00
       3954     59.500     6.9609     6.9597    -0.0011    3.49243    3.49261          1     6.1368     6.2328       9.95     0.0329  1.145e-12  1.000e-12  8.733e+01    34.6125    34.6157     0.0032    27.1190    27.1216     58.942     59.005      0.659    1479.00    1479.00  0.000e+00
       3970     60.000     6.9608     6.9599    -0.0009    3.49226    3.49260          1     6.1374     6.2268       9.95     0.0311  1.145e-12  1.000e-12  8.733e+01    34.6105    34.6152     0.0047    27.1174    27.1212     59.437     59.500      0.704    1479.00    1479.00  0.000e+00
       3988     60.500     6.9609     6.9601    -0.0008    3.49258    3.49275          1     6.1509     6.2191       9.95     0.0321  1.144e-12  1.000e-12  8.742e+01    34.6136    34.6163     0.0027    27.1198    27.1220     59.932     59.996      0.599    1479.02    1479.02  0.000e+00
       4014     61.000     6.9610     6.9601    -0.0009    3.49282    3.49282          1     6.1611     6.2197       9.95     0.0309  1.140e-12  1.000e-12  8.774e+01    34.6159    34.6169     0.0010    27.1216    27.1225     60.428     60.492      0.399    1479.03    1479.02  0.000e+00
       4048     61.500     6.9613     6.9604    -0.0009    3.49295    3.49301          1     6.1672     6.2299       9.95     0.0325  1.123e-12  1.000e-12  8.905e+01    34.6168    34.6184     0.0017    27.1222    27.1237     60.923     60.988      0.405    1479.04    1479.04  0.000e+00
       4072     62.000     6.9617     6.9606    -0.0011    3.49321    3.49323          1     6.1770     6.2334       9.95     0.0301  1.119e-12  1.000e-12  8.936e+01    34.6190    34.6204     0.0014    27.1239    27.1252     61.418     61.484      0.540    1479.05    1479.05  0.000e+00
       4093     62.500     6.9617     6.9609    -0.0008    3.49326    3.49345          1     6.1664     6.2181       9.95     0.0293  1.119e-12  1.000e-12  8.936e+01    34.6193    34.6223     0.0030    27.1242    27.1266     61.913     61.980      0.547    1479.06    1479.06  0.000e+00
       4117     63.000     6.9617     6.9610    -0.0007    3.49332    3.49355          1     6.1567     6.2165       9.95     0.0308  1.119e-12  1.000e-12  8.936e+01    34.6198    34.6230     0.0032    27.1246    27.1272     62.408     62.475      0.470    1479.07    1479.07  0.000e+00
       4144     63.500     6.9617     6.9610    -0.0007    3.49335    3.49360          1     6.1569     6.2159       9.95     0.0314  1.119e-12  1.000e-12  8.936e+01    34.6198    34.6233     0.0035    27.1246    27.1274     62.904     62.971      0.490    1479.08    1479.08  0.000e+00
       4165     64.000     6.9620     6.9611    -0.0008    3.49338    3.49363          1     6.1443     6.2255       9.95     0.0300  1.119e-12  1.000e-12  8.936e+01    34.6197    34.6233     0.0036    27.1245    27.1274     63.399     63.467      0.615    1479.08    1479.09  0.000e+00
       4183     64.500     6.9622     6.9613    -0.0010    3.49347    3.49367          1     6.1379     6.2346       9.95     0.0305  1.119e-12  1.000e-12  8.936e+01    34.6201    34.6233     0.0032    27.1247    27.1274     63.894     63.963      0.650    1479.09    1479.09  0.000e+00
       4203     65.000     6.9622     6.9614    -0.0007    3.49350    3.49376          1     6.1383     6.2416       9.95     0.0304  1.119e-12  1.000e-12  8.936e+01    34.6202    34.6239     0.0036    27.1249    27.1278     64.389     64.459      0.540    1479.10    1479.10  0.000e+00
       4235     65.500     6.9621     6.9615    -0.0006    3.49356    3.49379          1     6.1415     6.2430       9.95     0.0312  1.119e-12  1.000e-12  8.936e+01    34.6207    34.6239     0.0031    27.1252    27.1278     64.885     64.954      0.304    1479.11    1479.11  0.000e+00
       4276     66.000     6.9629     6.9617    -0.0012    3.49376    3.49387          1     6.1510     6.2387       9.95     0.0314  1.119e-12  1.000e-12  8.936e+01    34.6219    34.6243     0.0024    27.1260    27.1281     65.380     65.450      0.395    1479.12    1479.12  0.000e+00
       4300     66.500     6.9632     6.9621    -0.0011    3.49383    3.49401          1     6.1555     6.2369       9.95     0.0309  1.119e-12  1.000e-12  8.936e+01    34.6221    34.6253     0.0031    27.1262    27.1288     65.875     65.946      0.541    1479.13    1479.13  0.000e+00
       4321     67.000     6.9628     6.9621    -0.0007    3.49376    3.49405          1     6.1484     6.2359       9.95     0.0324  1.119e-12  1.000e-12  8.936e+01    34.6215    34.6254     0.0038    27.1258    27.1289     66.370     66.442      0.559    1479.14    1479.14  0.000e+00
       4343     67.500     6.9632     6.9623    -0.0009    3.49393    3.49413          1     6.1383     6.2242       9.95     0.0305  1.119e-12  1.000e-12  8.936e+01    34.6226    34.6258     0.0032    27.1266    27.1292     66.865     66.938      0.537    1479.15    1479.15  0.000e+00
       4366     68.000     6.9634     6.9624    -0.0009    3.49396    3.49421          1     6.1474     6.2125       9.95     0.0299  1.119e-12  1.000e-12  8.936e+01    34.6226    34.6263     0.0037    27.1266    27.1296     67.361     67.434      0.543    1479.16    1479.16  0.000e+00
       4388     68.500     6.9635     6.9625    -0.0009    3.49400    3.49424          1     6.1565     6.2196       9.95     0.0323  1.119e-12  1.000e-12  8.936e+01    34.6227    34.6263     0.0036    27.1266    27.1296     67.856     67.929      0.521    1479.17    1479.17  0.000e+00
       4413     69.000     6.9633     6.9627    -0.0007    3.49401    3.49429          1     6.1448     6.2199       9.95     0.0326  1.119e-12  1.000e-12  8.936e+01    34.6227    34.6264     0.0037    27.1266    27.1296     68.351     68.425      0.406    1479.18    1479.18  0.000e+00
       4449     69.500     6.9634     6.9628    -0.0006    3.49405    3.49431          1     6.1349     6.2167       9.95     0.0354  1.118e-12  1.000e-12  8.948e+01    34.6228    34.6262     0.0034    27.1267    27.1295     68.846     68.921      0.362    1479.18    1479.19  0.000e+00
       4476     70.000     6.9637     6.9628    -0.0008    3.49413    3.49435          1     6.1370     6.2110       9.95     0.0347  1.106e-12  1.000e-12  9.042e+01    34.6232    34.6265     0.0032    27.1270    27.1297     69.341     69.417      0.600    1479.19    1479.19  0.000e+00
       4492     70.500     6.9639     6.9629    -0.0009    3.49421    3.49444          1     6.1253     6.2157       9.95     0.0333  1.095e-12  1.000e-12  9.128e+01    34.6236    34.6271     0.0035    27.1273    27.1301     69.837     69.913      0.766    1479.20    1479.20  0.000e+00
       4507     71.000     6.9639     6.9631    -0.0008    3.49422    3.49449          1     6.1294     6.2281       9.95     0.0330  1.094e-12  1.000e-12  9.139e+01    34.6235    34.6273     0.0038    27.1272    27.1302     70.332     70.408      0.812    1479.21    1479.21  0.000e+00
       4522     71.500     6.9639     6.9631    -0.0008    3.49426    3.49450          1     6.1511     6.2340       9.95     0.0319  1.094e-12  1.000e-12  9.139e+01    34.6236    34.6271     0.0035    27.1273    27.1301     70.827     70.904      0.728    1479.22    1479.22  0.000e+00
       4542     72.000     6.9637     6.9630    -0.0007    3.49428    3.49454          1     6.1714     6.2304       9.95     0.0329  1.094e-12  1.000e-12  9.139e+01    34.6238    34.6273     0.0035    27.1274    27.1303     71.322     71.400      0.438    1479.23    1479.23  0.000e+00
       4608     72.500     6.9637     6.9630    -0.0006    3.49435    3.49458          1     6.1328     6.2330       9.95     0.0334  1.094e-12  1.000e-12  9.139e+01    34.6244    34.6276     0.0032    27.1279    27.1305     71.818     71.896      0.403    1479.24    1479.24  0.000e+00
       4628     73.000     6.9641     6.9630    -0.0010    3.49440    3.49462          1     6.1169     6.2312       9.95     0.0330  1.094e-12  1.000e-12  9.139e+01    34.6243    34.6278     0.0035    27.1278    27.1307     72.313     72.392      0.716    1479.25    1479.25  0.000e+00
       4643     73.500     6.9642     6.9633    -0.0009    3.49449    3.49468          1     6.1311     6.2253       9.95     0.0322  1.094e-12  1.000e-12  9.139e+01    34.6249    34.6278     0.0030    27.1282    27.1307     72.808     72.888      0.796    1479.26    1479.26  0.000e+00
       4658     74.000     6.9641     6.9633    -0.0007    3.49451    3.49474          1     6.1519     6.2207       9.95     0.0318  1.094e-12  1.000e-12  9.139e+01    34.6250    34.6283     0.0033    27.1283    27.1310     73.303     73.383      0.728    1479.26    1479.26  0.000e+00
       4677     74.500     6.9640     6.9634    -0.0006    3.49453    3.49477          1     6.1660     6.2229       9.95     0.0337  1.094e-12  1.000e-12  9.139e+01    34.6251    34.6283     0.0033    27.1284    27.1311     73.798     73.879      0.513    1479.27    1479.27  0.000e+00
       4713     75.000     6.9639     6.9634    -0.0005    3.49459    3.49482          1     6.1736     6.2248       9.95     0.0341  1.094e-12  1.000e-12  9.139e+01    34.6255    34.6285     0.0030    27.1288    27.1312     74.294     74.375      0.294    1479.28    1479.28  0.000e+00
       4749     75.500     6.9642     6.9634    -0.0008    3.49458    3.49483          1     6.1500     6.2217       9.95     0.0325  1.094e-12  1.000e-12  9.139e+01    34.6249    34.6284     0.0036    27.1282    27.1311     74.789     74.871      0.457    1479.29    1479.29  0.000e+00
       4770     76.000     6.9643     6.9635    -0.0008    3.49460    3.49487          1     6.1253     6.2160       9.95     0.0364  1.094e-12  1.000e-12  9.139e+01    34.6247    34.6285     0.0038    27.1281    27.1312     75.284     75.367      0.609    1479.30    1479.30  0.000e+00
       4789     76.500     6.9644     6.9636    -0.0008    3.49464    3.49491          1     6.1178     6.2156       9.95     0.0332  1.081e-12  1.000e-12  9.252e+01    34.6249    34.6286     0.0037    27.1282    27.1312     75.779     75.862      0.678    1479.31    1479.31  0.000e+00
       4806     77.000     6.9645     6.9637    -0.0009    3.49467    3.49494          1     6.1362     6.2206       9.95     0.0314  1.076e-12  1.000e-12  9.294e+01    34.6248    34.6286     0.0037    27.1282    27.1312     76.274     76.358      0.670    1479.31    1479.32  0.000e+00
       4825     77.500     6.9644     6.9637    -0.0007    3.49465    3.49494          1     6.1517     6.2259       9.94     0.0336  1.071e-12  1.000e-12  9.341e+01    34.6245    34.6283     0.0038    27.1279    27.1310     76.770     76.854      0.566    1479.32    1479.32  0.000e+00
       4853     78.000     6.9643     6.9638    -0.0005    3.49468    3.49497          1     6.1280     6.2252       9.84     0.0344  1.070e-12  1.000e-12  9.342e+01    34.6246    34.6283     0.0037    27.1280    27.1310     77.265     77.350      0.339    1479.33    1479.33  0.000e+00
       4899     78.500     6.9643     6.9637    -0.0006    3.49469    3.49498          1     6.1381     6.2217       9.96     0.0375  1.070e-12  1.000e-12  9.342e+01    34.6245    34.6282     0.0038    27.1279    27.1309     77.760     77.846      0.317    1479.34    1479.34  0.000e+00
       4926     79.000     6.9646     6.9638    -0.0008    3.49471    3.49499          1     6.1377     6.2296       9.95     0.0368  1.070e-12  1.000e-12  9.342e+01    34.6242    34.6280     0.0038    27.1276    27.1307     78.255     78.342      0.567    1479.35    1479.35  0.000e+00
       4944     79.500     6.9647     6.9639    -0.0008    3.49473    3.49500          1     6.1336     6.2332       9.64     0.0347  1.070e-12  1.000e-12  9.342e+01    34.6240    34.6278     0.0037    27.1275    27.1306     78.750     78.837      0.691    1479.35    1479.36  0.000e+00
       4961     80.000     6.9648     6.9640    -0.0008    3.49476    3.49496          1     6.1345     6.2277       9.15     0.0346  1.070e-12  1.000e-12  9.342e+01    34.6240    34.6270     0.0031    27.1275    27.1300     79.246     79.333      0.691    1479.36    1479.37  0.000e+00
       5001     80.500     6.9646     6.9640    -0.0006    3.49474    3.49501          1     6.1424     6.2200       8.63     0.0348  1.068e-12  1.000e-12  9.367e+01    34.6238    34.6274     0.0036    27.1273    27.1302     79.741     79.829      0.389    1479.37    1479.37  0.000e+00
       5067     81.000     6.9647     6.9639    -0.0007    3.49478    3.49508          1     6.1274     6.2135       8.17     0.0349  1.056e-12  1.000e-12  9.475e+01    34.6238    34.6279     0.0041    27.1273    27.1306     80.236     80.325      0.510    1479.38    1479.38  0.000e+00
       5083     81.500     6.9649     6.9641    -0.0008    3.49486    3.49511          1     6.1263     6.2156       7.69     0.0336  1.048e-12  1.000e-12  9.545e+01    34.6242    34.6278     0.0036    27.1277    27.1306     80.731     80.821      0.760    1479.39    1479.39  0.000e+00
       5097     82.000     6.9649     6.9641    -0.0008    3.49495    3.49515          1     6.1373     6.2196       7.20     0.0338  1.048e-12  1.000e-12  9.545e+01    34.6250    34.6280     0.0031    27.1282    27.1307     81.226     81.316      0.810    1479.40    1479.40  0.000e+00
       5112     82.500     6.9648     6.9641    -0.0007    3.49504    3.49527          1     6.1510     6.2255       6.69     0.0338  1.048e-12  1.000e-12  9.545e+01    34.6258    34.6291     0.0033    27.1289    27.1316     81.722     81.812      0.712    1479.41    1479.41  0.000e+00
       5133     83.000     6.9647     6.9641    -0.0006    3.49505    3.49530          1     6.1645     6.2275       6.17     0.0333  1.048e-12  1.000e-12  9.545e+01    34.6258    34.6292     0.0034    27.1289    27.1317     82.217     82.308      0.467    1479.41    1479.42  0.000e+00
       5175     83.500     6.9644     6.9641    -0.0003    3.49528    3.49531          1     6.1510     6.2224       5.66     0.0338  1.048e-12  1.000e-12  9.545e+01    34.6283    34.6290     0.0007    27.1309    27.1315     82.712     82.804      0.253    1479.42    1479.42  0.000e+00
       5214     84.000     6.9647     6.9639    -0.0007    3.49514    3.49558          1     6.1392     6.2193       5.19     0.0319  1.048e-12  1.000e-12  9.545e+01    34.6263    34.6319     0.0056    27.1293    27.1338     83.207     83.300      0.446    1479.43    1479.44  0.000e+00
       5236     84.500     6.9649     6.9641    -0.0008    3.49509    3.49541          1     6.1318     6.2256       4.70     0.0332  1.048e-12  1.000e-12  9.545e+01    34.6253    34.6296     0.0043    27.1285    27.1320     83.702     83.796      0.577    1479.44    1479.44  0.000e+00
