ctdpy/exports/archive_20191120_135557/received_data/SBE09_1044_20180130_0354_34_02_0034.cnv
* Sea-Bird SBE 9 Data File:
* FileName = C:\ctd\temp\2018\ME18D034.hex
* Software Version Seasave V 7.26.6.26
* Temperature SN = 5351
* Conductivity SN = 3941
* Number of Bytes Per Scan = 41
* Number of Voltage Words = 4
* Number of Scans Averaged by the Deck Unit = 1
* NMEA Latitude = 59 17.93 N
* NMEA Longitude = 021 33.14 E
* NMEA UTC (Time) = Jan 30 2018  03:55:21
* NMEA baud rate = 4800
** Station:  BY27
** Operator:  SSip
** Ship: MERI
** Average sound velocity: 1440.84 m/s
** True-depth calculation Tue, 30 Jan 2018 05:07:08 +0000
** CTD Python Module SMHI /ver 3-12/ feb 2012 
** LIMS Job: 20183402-0034
** Cruise: SMHI-01-2018
** Latitude [GG MM.mm N] :
** Longitude [GG MM.mm E]:
# nquan = 26
# nvalues = 355                         
# units = specified
# name 0 = scan: Scan Count
# name 1 = prDM: Pressure, Digiquartz [db]
# name 2 = t090C: Temperature [ITS-90, deg C]
# name 3 = t190C: Temperature, 2 [ITS-90, deg C]
# name 4 = T2-T190C: Temperature Difference, 2 - 1 [ITS-90, deg C]
# name 5 = c0S/m: Conductivity [S/m]
# name 6 = c1S/m: Conductivity, 2 [S/m]
# name 7 = pumps: Pump Status
# name 8 = sbeox0ML/L: Oxygen, SBE 43 [ml/l]
# name 9 = sbeox1ML/L: Oxygen, SBE 43, 2 [ml/l]
# name 10 = altM: Altimeter [m]
# name 11 = flECO-AFL: Chl-a Fluorescence, WET Labs ECO-AFL/FL [mg/m^3]
# name 12 = flECO-AFL1: Phycocyanin Fluorescence, WET Labs ECO-AFL/FL, 2 [mg/m^3]
# name 13 = par: PAR/Irradiance, Biospherical/Lico [µE/(cm^2*s)]
# name 14 = turbWETntu0: Turbidity, WET Labs ECO [NTU]
# name 15 = sal00: Salinity, Practical [PSU]
# name 16 = sal11: Salinity, Practical, 2 [PSU]
# name 17 = secS-priS: Salinity, Practical, Difference, 2 - 1 [PSU]
# name 18 = sigma-t00: Density [sigma-t, Kg/m^3 ]
# name 19 = sigma-t11: Density, 2 [sigma-t, Kg/m^3 ]
# name 20 = depSM: Depth [salt water, m], lat = 59.2988
# name 21 = depFM: Depth [true depth, m], lat = 59.2988
# name 22 = dz/dtM: Descent Rate [m/s], WS = 2
# name 23 = svCM: Sound Velocity [Chen-Millero, m/s]
# name 24 = svCM1: Sound Velocity, 2 [Chen-Millero, m/s]
# name 25 = flag: flag
# span 0 =      13162,      20256       
# span 1 =      2.000,    179.000       
# span 2 =     3.9221,     6.2969       
# span 3 =     3.9253,     6.2973       
# span 4 =    -0.0051,     0.0069       
# span 5 =   0.748724,   1.246340       
# span 6 =   0.748774,   1.246317       
# span 7 =          1,          1       
# span 8 =    0.01583,    8.29484       
# span 9 =   -0.04177,    8.23488       
# span 10 =       0.00,      98.03      
# span 11 =     0.3080,     0.4725      
# span 12 =     0.2466,     0.4396      
# span 13 = -6.558e-05, 7.3730e-02      
# span 14 =     0.2517,     3.7688      
# span 15 =     7.0981,    11.4127      
# span 16 =     7.0978,    11.4123      
# span 17 =    -0.0108,     0.0008      
# span 18 =     5.6446,     8.9456      
# span 19 =     5.6442,     8.9453      
# span 20 =      1.981,    177.245      
# span 21 =      2.026,    180.997      
# span 22 =     -0.028,      1.018      
# span 23 =    1430.55,    1449.21      
# span 24 =    1430.57,    1449.21      
# span 25 = 0.0000e+00, 0.0000e+00      
# interval = decibars: 0.5              
# start_time = Jan 30 2018 03:55:22 [NMEA time, first data scan]
# bad_flag = -9.990e-29
*END*
[from data line 279]
      18633    141.500     6.2731     6.2734     0.0003    1.23432    1.23429          1     0.0295     0.0609      43.24     0.3958     0.3354  1.000e-12  1.6380000    11.3084    11.3080    -0.0004     8.8652     8.8649    140.126    143.140      0.645    1448.38    1448.38  0.000e+00
      18663    142.000     6.2734     6.2736     0.0002    1.23452    1.23450          1     0.0270     0.0594      42.48     0.4064     0.3370  1.000e-12  1.5522000    11.3102    11.3099    -0.0003     8.8666     8.8663    140.621    143.645      0.346    1448.39    1448.39  0.000e+00
      18698    142.500     6.2743     6.2745     0.0002    1.23507    1.23498          1     0.0279     0.0578      41.93     0.4068     0.3543  1.000e-12  1.5284000    11.3153    11.3143    -0.0009     8.8705     8.8698    141.116    144.149      0.523    1448.41    1448.41  0.000e+00
      18716    143.000     6.2750     6.2754     0.0004    1.23533    1.23543          1     0.0268     0.0543      41.60     0.4043     0.3687  1.000e-12  1.5328000    11.3175    11.3184     0.0008     8.8722     8.8729    141.611    144.654      0.802    1448.42    1448.42  0.000e+00
      18729    143.500     6.2760     6.2763     0.0003    1.23588    1.23588          1     0.0276     0.0535      41.19     0.3944     0.2707  1.000e-12  1.5563000    11.3226    11.3225    -0.0002     8.8761     8.8760    142.106    145.159      0.958    1448.44    1448.44  0.000e+00
      18740    144.000     6.2772     6.2775     0.0003    1.23651    1.23650          1     0.0239     0.0566      40.76     0.3957     0.2734  1.000e-12  1.5523000    11.3283    11.3281    -0.0002     8.8805     8.8804    142.601    145.664      1.015    1448.46    1448.46  0.000e+00
      18752    144.500     6.2788     6.2791     0.0003    1.23739    1.23737          1     0.0262     0.0568      40.30     0.4071     0.3133  1.000e-12  1.5166000    11.3364    11.3361    -0.0003     8.8868     8.8866    143.096    146.169      0.967    1448.49    1448.49  0.000e+00
      18765    145.000     6.2792     6.2796     0.0003    1.23756    1.23758          1     0.0275     0.0585      39.74     0.4027     0.3172  1.000e-12  1.4992000    11.3378    11.3378     0.0000     8.8879     8.8879    143.591    146.673      0.797    1448.50    1448.50  0.000e+00
      18785    145.500     6.2797     6.2801     0.0003    1.23788    1.23787          1     0.0255     0.0538      39.05     0.3851     0.3311  1.000e-12  1.4035000    11.3408    11.3405    -0.0003     8.8902     8.8900    144.086    147.178      0.504    1448.51    1448.51  0.000e+00
      18817    146.000     6.2800     6.2803     0.0004    1.23803    1.23801          1     0.0246     0.0529      38.35     0.3949     0.3410  1.000e-12  1.3928000    11.3420    11.3417    -0.0003     8.8912     8.8909    144.580    147.683      0.388    1448.52    1448.52  0.000e+00
      18843    146.500     6.2804     6.2807     0.0003    1.23813    1.23810          1     0.0272     0.0549      37.89     0.3858     0.3195  1.000e-12  1.3875000    11.3428    11.3425    -0.0004     8.8918     8.8915    145.075    148.188      0.573    1448.53    1448.53  0.000e+00
      18861    147.000     6.2808     6.2810     0.0003    1.23825    1.23823          1     0.0281     0.0546      37.46     0.3703     0.2897  1.000e-12  1.3794000    11.3438    11.3435    -0.0003     8.8925     8.8923    145.570    148.693      0.721    1448.54    1448.54  0.000e+00
      18877    147.500     6.2809     6.2812     0.0004    1.23836    1.23833          1     0.0258     0.0546      37.02     0.3999     0.3270  1.000e-12  1.3846000    11.3448    11.3443    -0.0005     8.8933     8.8929    146.065    149.197      0.786    1448.55    1448.55  0.000e+00
      18892    148.000     6.2814     6.2816     0.0003    1.23860    1.23858          1     0.0250     0.0544      36.54     0.4042     0.3804  1.000e-12  1.3791000    11.3469    11.3465    -0.0003     8.8949     8.8946    146.560    149.702      0.756    1448.56    1448.57  0.000e+00
      18909    148.500     6.2823     6.2827     0.0004    1.23916    1.23916          1     0.0245     0.0548      35.99     0.3827     0.3459  1.000e-12  1.3331000    11.3520    11.3519    -0.0001     8.8988     8.8988    147.055    150.207      0.621    1448.58    1448.58  0.000e+00
      18935    149.000     6.2828     6.2831     0.0003    1.23945    1.23942          1     0.0246     0.0534      35.35     0.3925     0.3328  1.000e-12  1.2743000    11.3546    11.3542    -0.0004     8.9009     8.9006    147.550    150.712      0.372    1448.60    1448.60  0.000e+00
      18978    149.500     6.2828     6.2831     0.0003    1.23947    1.23943          1     0.0260     0.0556      34.65     0.3878     0.3853  1.000e-12  1.2383000    11.3547    11.3543    -0.0004     8.9010     8.9006    148.045    151.216      0.332    1448.60    1448.61  0.000e+00
      19003    150.000     6.2836     6.2838     0.0002    1.23971    1.23968          1     0.0249     0.0538      34.28     0.3986     0.3533  1.000e-12  1.2450000    11.3568    11.3564    -0.0004     8.9025     8.9022    148.540    151.721      0.595    1448.62    1448.62  0.000e+00
      19021    150.500     6.2852     6.2854     0.0002    1.24049    1.24046          1     0.0251     0.0535      33.89     0.4003     0.3793  1.000e-12  1.2340000    11.3638    11.3635    -0.0004     8.9080     8.9077    149.035    152.226      0.679    1448.64    1448.64  0.000e+00
      19038    151.000     6.2852     6.2855     0.0003    1.24055    1.24052          1     0.0230     0.0508      33.40     0.3830     0.3895  1.000e-12  1.1927000    11.3643    11.3639    -0.0004     8.9083     8.9080    149.530    152.731      0.631    1448.65    1448.65  0.000e+00
      19060    151.500     6.2852     6.2855     0.0003    1.24056    1.24055          1     0.0240     0.0507      32.82     0.3715     0.3810  1.000e-12  1.1748000    11.3643    11.3642    -0.0002     8.9084     8.9082    150.025    153.236      0.496    1448.66    1448.66  0.000e+00
      19090    152.000     6.2854     6.2857     0.0003    1.24074    1.24070          1     0.0233    -0.0366      32.17     0.3900     0.3565  1.000e-12  1.1777000    11.3660    11.3655    -0.0005     8.9096     8.9092    150.520    153.740      0.368    1448.67    1448.67  0.000e+00
      19121    152.500     6.2859     6.2861     0.0003    1.24096    1.24091          1     0.0247     0.0678      31.65     0.3856     0.3574  1.000e-12  1.1988000    11.3679    11.3674    -0.0005     8.9111     8.9107    151.015    154.245      0.460    1448.68    1448.68  0.000e+00
      19144    153.000     6.2863     6.2865     0.0002    1.24110    1.24103          1     0.0238     0.0744      31.24     0.3954     0.3713  1.000e-12  1.1937000    11.3690    11.3683    -0.0008     8.9120     8.9114    151.510    154.750      0.596    1448.69    1448.69  0.000e+00
      19162    153.500     6.2882     6.2884     0.0002    1.24202    1.24193          1     0.0213     0.0497      30.79     0.3825     0.3771  1.000e-12  1.1362000    11.3774    11.3765    -0.0009     8.9184     8.9177    152.005    155.255      0.661    1448.72    1448.72  0.000e+00
      19180    154.000     6.2893     6.2896     0.0003    1.24259    1.24259          1     0.0211     0.0459      30.30     0.3903     0.3651  1.000e-12  1.1181000    11.3826    11.3825    -0.0001     8.9225     8.9223    152.500    155.759      0.649    1448.74    1448.74  0.000e+00
      19200    154.500     6.2897     6.2900     0.0004    1.24283    1.24281          1     0.0230     0.0472      29.77     0.3985     0.3111  1.000e-12  1.1127000    11.3847    11.3845    -0.0002     8.9241     8.9239    152.995    156.264      0.567    1448.75    1448.75  0.000e+00
      19223    155.000     6.2898     6.2900     0.0003    1.24290    1.24286          1     0.0230     0.0477      29.19     0.3998     0.3132  1.000e-12  1.1105000    11.3854    11.3849    -0.0005     8.9246     8.9242    153.490    156.769      0.463    1448.76    1448.76  0.000e+00
      19253    155.500     6.2903     6.2902    -0.0001    1.24316    1.24298          1     0.0214     0.0477      28.59     0.3882     0.3313  1.000e-12  1.0724000    11.3877    11.3859    -0.0017     8.9264     8.9250    153.985    157.274      0.375    1448.77    1448.77  0.000e+00
      19284    156.000     6.2906     6.2909     0.0002    1.24329    1.24326          1     0.0223     0.0443      28.09     0.3797     0.3648  1.000e-12  1.0554000    11.3888    11.3883    -0.0005     8.9272     8.9268    154.480    157.778      0.476    1448.78    1448.79  0.000e+00
      19306    156.500     6.2909     6.2912     0.0003    1.24337    1.24334          1     0.0237     0.0414      27.66     0.3759     0.3352  1.000e-12  1.0364000    11.3894    11.3890    -0.0004     8.9277     8.9273    154.974    158.283      0.632    1448.80    1448.80  0.000e+00
      19323    157.000     6.2913     6.2915     0.0002    1.24350    1.24346          1     0.0242     0.0434      27.23     0.3825     0.3687  1.000e-12  1.0291000    11.3904    11.3900    -0.0004     8.9284     8.9281    155.469    158.788      0.701    1448.81    1448.81  0.000e+00
      19340    157.500     6.2915     6.2918     0.0003    1.24363    1.24359          1     0.0208     0.0464      26.74     0.3824     0.4044  1.000e-12  1.0446000    11.3916    11.3911    -0.0005     8.9294     8.9289    155.964    159.293      0.657    1448.82    1448.82  0.000e+00
      19360    158.000     6.2916     6.2919     0.0003    1.24370    1.24368          1     0.0220     0.0459      26.16     0.3743     0.3218  1.000e-12  1.0376000    11.3921    11.3918    -0.0004     8.9298     8.9295    156.459    159.797      0.522    1448.82    1448.83  0.000e+00
      19388    158.500     6.2919     6.2922     0.0003    1.24393    1.24392          1     0.0223     0.0464      25.52     0.3872     0.3247  1.000e-12  1.0588000    11.3942    11.3940    -0.0002     8.9314     8.9312    156.954    160.302      0.390    1448.84    1448.84  0.000e+00
      19420    159.000     6.2926     6.2928     0.0002    1.24424    1.24420          1     0.0215     0.0446      24.96     0.3840     0.3668  1.000e-12  1.3828000    11.3969    11.3965    -0.0005     8.9335     8.9331    157.449    160.807      0.419    1448.85    1448.85  0.000e+00
      19445    159.500     6.2929     6.2931     0.0002    1.24434    1.24429          1     0.0217     0.0448      24.51     0.4071     0.3169  1.000e-12  0.9847000    11.3978    11.3972    -0.0006     8.9341     8.9337    157.944    161.312      0.529    1448.86    1448.86  0.000e+00
      19466    160.000     6.2932     6.2936     0.0004    1.24449    1.24449          1     0.0204     0.0439      24.06     0.3855     0.3317  1.000e-12  0.9797000    11.3990    11.3989    -0.0001     8.9351     8.9350    158.439    161.816      0.600    1448.87    1448.87  0.000e+00
      19486    160.500     6.2936     6.2939     0.0003    1.24468    1.24467          1     0.0207     0.0420      23.57     0.3964     0.3216  1.000e-12  1.0093000    11.4007    11.4005    -0.0002     8.9364     8.9362    158.934    162.321      0.593    1448.88    1448.89  0.000e+00
      19507    161.000     6.2936     6.2938     0.0002    1.24469    1.24466          1     0.0205     0.0442      23.02     0.3978     0.3281  1.000e-12  1.0843000    11.4007    11.4004    -0.0004     8.9364     8.9361    159.429    162.826      0.530    1448.89    1448.89  0.000e+00
      19531    161.500     6.2937     6.2939     0.0003    1.24480    1.24473          1     0.0205     0.0454      22.47     0.3824     0.3485  1.000e-12  1.1268000    11.4016    11.4009    -0.0008     8.9371     8.9365    159.924    163.331      0.489    1448.90    1448.90  0.000e+00
      19556    162.000     6.2939     6.2942     0.0003    1.24491    1.24487          1     0.0222     0.0428      21.95     0.3788     0.3349  1.000e-12  1.0467000    11.4026    11.4021    -0.0005     8.9378     8.9374    160.419    163.836      0.509    1448.91    1448.91  0.000e+00
      19578    162.500     6.2941     6.2944     0.0003    1.24500    1.24496          1     0.0213     0.0447      21.46     0.3774     0.3085  1.000e-12  1.0863000    11.4033    11.4028    -0.0005     8.9384     8.9380    160.914    164.340      0.543    1448.92    1448.92  0.000e+00
      19600    163.000     6.2944     6.2946     0.0002    1.24507    1.24504          1     0.0189     0.0434      20.94     0.4185     0.3600  1.000e-12  1.2847000    11.4039    11.4035    -0.0004     8.9388     8.9385    161.409    164.845      0.561    1448.93    1448.93  0.000e+00
      19621    163.500     6.2946     6.2949     0.0003    1.24517    1.24514          1     0.0183     0.0437      20.46     0.3828     0.3179  1.000e-12  1.0582000    11.4047    11.4042    -0.0005     8.9394     8.9391    161.903    165.350      0.636    1448.94    1448.94  0.000e+00
      19638    164.000     6.2947     6.2949     0.0002    1.24521    1.24517          1     0.0207     0.0437      20.00     0.3889     0.3366  1.000e-12  1.0626000    11.4049    11.4044    -0.0005     8.9396     8.9392    162.398    165.855      0.686    1448.95    1448.95  0.000e+00
      19656    164.500     6.2947     6.2950     0.0003    1.24522    1.24519          1     0.0212     0.0434      19.52     0.3946     0.3463  1.000e-12  1.0681000    11.4049    11.4046    -0.0003     8.9396     8.9393    162.893    166.359      0.661    1448.96    1448.96  0.000e+00
      19675    165.000     6.2948     6.2950     0.0002    1.24529    1.24525          1     0.0189     0.0451      18.96     0.3946     0.3213  1.000e-12  1.0520000    11.4055    11.4050    -0.0005     8.9401     8.9397    163.388    166.864      0.596    1448.97    1448.97  0.000e+00
      19696    165.500     6.2949     6.2952     0.0003    1.24537    1.24535          1     0.0178     0.0437      18.40     0.3946     0.3200  1.000e-12  1.0516000    11.4062    11.4058    -0.0003     8.9406     8.9403    163.883    167.369      0.574    1448.98    1448.98  0.000e+00
      19716    166.000     6.2952     6.2955     0.0002    1.24553    1.24547          1     0.0190     0.0431      17.88     0.3867     0.3286  1.000e-12  1.0599000    11.4075    11.4069    -0.0006     8.9416     8.9411    164.378    167.874      0.614    1448.99    1448.99  0.000e+00
      19735    166.500     6.2954     6.2958     0.0003    1.24562    1.24558          1     0.0212     0.0434      17.39     0.3830     0.3355  1.000e-12  1.0722000    11.4083    11.4078    -0.0005     8.9422     8.9418    164.873    168.378      0.634    1449.00    1449.00  0.000e+00
      19754    167.000     6.2954     6.2958     0.0003    1.24566    1.24564          1     0.0205     0.0435      16.88     0.3824     0.3486  1.000e-12  1.0942000    11.4086    11.4083    -0.0003     8.9425     8.9422    165.368    168.883      0.600    1449.01    1449.01  0.000e+00
      19775    167.500     6.2955     6.2958     0.0003    1.24571    1.24567          1     0.0180     0.0437      16.34     0.3946     0.3357  1.000e-12  1.0820000    11.4089    11.4084    -0.0005     8.9427     8.9423    165.863    169.388      0.558    1449.01    1449.02  0.000e+00
      19797    168.000     6.2957     6.2960     0.0003    1.24576    1.24574          1     0.0194     0.0424      15.84     0.3647     0.3242  1.000e-12  1.0768000    11.4093    11.4090    -0.0003     8.9430     8.9427    166.358    169.893      0.585    1449.02    1449.02  0.000e+00
      19817    168.500     6.2959     6.2961     0.0002    1.24581    1.24579          1     0.0184     0.0429      15.34     0.3777     0.3341  1.000e-12  1.0634000    11.4097    11.4093    -0.0004     8.9433     8.9430    166.853    170.397      0.652    1449.03    1449.03  0.000e+00
