ctdpy/exports/archive_20191120_135557/received_data/SBE09_0827_20180824_0419_26_01_0881.cnv
* Sea-Bird SBE 9 Data File:
* FileName = D:\CTD_SBE911\DAT\26DA.2018.8.81.hex
* Software Version Seasave V 7.21d
* Temperature SN = 034605
* Conductivity SN = 041844
* Number of Bytes Per Scan = 48
* Number of Voltage Words = 5
* Number of Scans Averaged by the Deck Unit = 1
* NMEA Latitude = 58 01.54 N
* NMEA Longitude = 009 44.27 E
* NMEA UTC (Time) = Aug 24 2018  04:21:36
* NMEA baud rate = 4800
** Ship: DANA
** Average sound velocity: 1485.56 m/s
** True-depth calculation Thu, 28 Mar 2019 09:26:24 +0000
** CTD Python Module SMHI /ver 3-12/ feb 2012 
** LIMS Job: 20182601-0881
**  29,5 N HIRTSHALS
** Operator: Christian
** Cruise: 08/2018
# nquan = 26
# nvalues = 426                         
# units = specified
# name 0 = scan: Scan Count
# name 1 = prDM: Pressure, Digiquartz [db]
# name 2 = t090C: Temperature [ITS-90, deg C]
# name 3 = t190C: Temperature, 2 [ITS-90, deg C]
# name 4 = T2-T190C: Temperature Difference, 2 - 1 [ITS-90, deg C]
# name 5 = c0S/m: Conductivity [S/m]
# name 6 = c1S/m: Conductivity, 2 [S/m]
# name 7 = pumps: Pump Status
# name 8 = sbeox1ML/L: Oxygen, SBE 43, 2 [ml/l]
# name 9 = sbeox0ML/L: Oxygen, SBE 43 [ml/l]
# name 10 = altM: Altimeter [m]
# name 11 = chloroflTC0: Chlorophyll, Turner Cyclops [ug/l]
# name 12 = cpar: CPAR/Corrected Irradiance [%]
# name 13 = par: PAR/Irradiance, Biospherical/Lico [µE/(cm^2*s)]
# name 14 = spar: SPAR, Biospherical/Licor
# name 15 = sal00: Salinity, Practical [PSU]
# name 16 = sal11: Salinity, Practical, 2 [PSU]
# name 17 = secS-priS: Salinity, Practical, Difference, 2 - 1 [PSU]
# name 18 = sigma-t00: Density [sigma-t, kg/m^3 ]
# name 19 = sigma-t11: Density, 2 [sigma-t, kg/m^3 ]
# name 20 = depSM: Depth [salt water, m], lat = 58.0257
# name 21 = depFM: Depth [true depth, m], lat = 58.0257
# name 22 = dz/dtM: Descent Rate [m/s], WS = 2
# name 23 = svCM: Sound Velocity [Chen-Millero, m/s]
# name 24 = svCM1: Sound Velocity, 2 [Chen-Millero, m/s]
# name 25 = flag: flag
# span 0 =        109,      14944       
# span 1 =      2.500,    215.000       
# span 2 =     6.5932,    17.4420       
# span 3 =     6.5919,    17.4372       
# span 4 =    -0.5853,     0.1503       
# span 5 =   2.363990,   4.279707       
# span 6 =   3.511436,   4.280387       
# span 7 =          1,          1       
# span 8 =     4.8752,     6.9197       
# span 9 =     4.8825,     6.7292       
# span 10 =      -0.67,       9.97      
# span 11 =    -0.0004,     0.3330      
# span 12 = -2.225e-03, 4.6115e+00      
# span 13 = -3.615e-04, 7.4922e-01      
# span 14 = 1.6247e+01, 2.4426e+01      
# span 15 =    22.6622,    35.1978      
# span 16 =    31.3630,    35.2182      
# span 17 =    -0.0336,    12.4575      
# span 18 =    17.7586,    27.5918      
# span 19 =    22.6640,    27.6017      
# span 20 =      2.477,    212.896      
# span 21 =      2.490,    213.241      
# span 22 =     -0.301,      0.604      
# span 23 =    1465.16,    1511.89      
# span 24 =    1479.45,    1511.84      
# span 25 = 0.0000e+00, 0.0000e+00      
# interval = decibars: 0.5              
# start_time = Aug 24 2018 04:21:36 [NMEA time, first data scan]
# bad_flag = -9.990e-29
*END*
[from data line 223]
       9048    114.000     6.9619     6.9569    -0.0050    3.54699    3.54728          1     5.5750     5.6463       9.97     0.0351  4.476e-12  1.000e-12  2.234e+01    35.1858    35.1941     0.0083    27.5706    27.5778    112.912    113.129      0.545    1480.61    1480.61  0.000e+00
       9070    114.500     6.9594     6.9585    -0.0010    3.54683    3.54752          1     5.5610     5.6480       9.97     0.0342  4.476e-12  1.000e-12  2.234e+01    35.1863    35.1949     0.0086    27.5713    27.5783    113.407    113.624      0.539    1480.61    1480.62  0.000e+00
       9093    115.000     6.9606     6.9558    -0.0049    3.54694    3.54750          1     5.5658     5.6409       9.97     0.0298  4.476e-12  1.000e-12  2.234e+01    35.1861    35.1971     0.0110    27.5710    27.5804    113.902    114.120      0.548    1480.63    1480.62  0.000e+00
       9114    115.500     6.9468     6.9147    -0.0319    3.54538    3.54398          1     5.5683     5.6453       9.97     0.0299  4.476e-12  1.000e-12  2.234e+01    35.1827    35.2000     0.0174    27.5702    27.5884    114.397    114.615      0.559    1480.58    1480.47  0.000e+00
       9136    116.000     6.9267     6.9127    -0.0141    3.54354    3.54314          1     5.5604     5.6525       9.97     0.0311  4.476e-12  1.000e-12  2.234e+01    35.1826    35.1926     0.0099    27.5730    27.5828    114.892    115.111      0.569    1480.51    1480.47  0.000e+00
       9156    116.500     6.9222     6.9137    -0.0087    3.54313    3.54332          1     5.5520     5.6504       9.97     0.0310  4.476e-12  1.000e-12  2.234e+01    35.1825    35.1934     0.0109    27.5735    27.5833    115.388    115.607      0.564    1480.50    1480.48  0.000e+00
       9178    117.000     6.9131     6.8926    -0.0204    3.54224    3.54138          1     5.5509     5.6416       9.97     0.0305  4.476e-12  1.000e-12  2.234e+01    35.1818    35.1932     0.0114    27.5742    27.5860    115.883    116.102      0.521    1480.47    1480.41  0.000e+00
       9203    117.500     6.8942     6.8821    -0.0121    3.54025    3.54027          1     5.5569     5.6424       9.97     0.0297  4.476e-12  1.000e-12  2.234e+01    35.1788    35.1914     0.0126    27.5744    27.5861    116.378    116.598      0.487    1480.40    1480.37  0.000e+00
       9227    118.000     6.8742     6.8701    -0.0041    3.53834    3.53917          1     5.5585     5.6380       9.97     0.0289  4.476e-12  1.000e-12  2.234e+01    35.1780    35.1913     0.0134    27.5766    27.5877    116.873    117.093      0.532    1480.33    1480.33  0.000e+00
       9248    118.500     6.8603     6.8472    -0.0130    3.53695    3.53724          1     5.5531     5.6249       9.97     0.0291  4.476e-12  1.000e-12  2.234e+01    35.1766    35.1931     0.0165    27.5775    27.5923    117.368    117.589      0.594    1480.28    1480.25  0.000e+00
       9268    119.000     6.8384     6.8077    -0.0306    3.53451    3.53401          1     5.5479     5.6178       9.97     0.0304  4.476e-12  1.000e-12  2.234e+01    35.1717    35.1976     0.0259    27.5766    27.6013    117.863    118.085      0.604    1480.20    1480.11  0.000e+00
       9288    119.500     6.8014     6.7725    -0.0290    3.53084    3.53016          1     5.5461     5.6272       9.97     0.0297  4.476e-12  1.000e-12  2.234e+01    35.1688    35.1909     0.0221    27.5794    27.6008    118.358    118.580      0.555    1480.06    1479.98  0.000e+00
       9311    120.000     6.7737     6.7591    -0.0146    3.52814    3.52815          1     5.5485     5.6365       9.97     0.0315  4.476e-12  1.000e-12  2.234e+01    35.1670    35.1820     0.0150    27.5818    27.5956    118.853    119.076      0.503    1479.96    1479.92  0.000e+00
       9336    120.500     6.7476     6.7505     0.0029    3.52565    3.52723          1     5.5473     5.6371       9.97     0.0300  4.476e-12  1.000e-12  2.234e+01    35.1658    35.1804     0.0146    27.5844    27.5956    119.348    119.571      0.515    1479.86    1479.89  0.000e+00
       9358    121.000     6.7399     6.7434     0.0035    3.52477    3.52645          1     5.5436     5.6449       9.97     0.0286  4.476e-12  1.000e-12  2.234e+01    35.1637    35.1788     0.0150    27.5839    27.5952    119.843    120.067      0.563    1479.84    1479.87  0.000e+00
       9378    121.500     6.7324     6.7285    -0.0039    3.52402    3.52512          1     5.5400     5.6522       9.97     0.0294  4.476e-12  1.000e-12  2.234e+01    35.1628    35.1791     0.0163    27.5842    27.5976    120.338    120.563      0.580    1479.82    1479.82  0.000e+00
       9399    122.000     6.7267     6.7228    -0.0039    3.52355    3.52432          1     5.5522     5.6527       9.97     0.0294  4.476e-12  1.000e-12  2.234e+01    35.1632    35.1758     0.0126    27.5852    27.5957    120.833    121.058      0.555    1479.80    1479.81  0.000e+00
       9422    122.500     6.7224     6.7216    -0.0008    3.52308    3.52401          1     5.5613     5.6448       9.97     0.0293  4.476e-12  1.000e-12  2.234e+01    35.1622    35.1733     0.0111    27.5851    27.5939    121.329    121.554      0.499    1479.80    1479.81  0.000e+00
       9448    123.000     6.7197     6.7215     0.0018    3.52287    3.52388          1     5.5638     5.6505       9.97     0.0323  4.476e-12  1.000e-12  2.234e+01    35.1623    35.1717     0.0094    27.5855    27.5927    121.824    122.049      0.466    1479.79    1479.81  0.000e+00
       9473    123.500     6.7127     6.7175     0.0049    3.52212    3.52352          1     5.5633     5.6575       9.97     0.0343  4.476e-12  1.000e-12  2.234e+01    35.1610    35.1715     0.0105    27.5855    27.5931    122.319    122.545      0.504    1479.77    1479.80  0.000e+00
       9495    124.000     6.7108     6.7112     0.0004    3.52199    3.52298          1     5.5595     5.6484       9.97     0.0326  4.476e-12  1.000e-12  2.234e+01    35.1612    35.1718     0.0106    27.5858    27.5941    122.814    123.041      0.545    1479.77    1479.79  0.000e+00
       9517    124.500     6.7090     6.7083    -0.0007    3.52187    3.52262          1     5.5557     5.6455       9.97     0.0293  4.476e-12  1.000e-12  2.234e+01    35.1614    35.1705     0.0091    27.5863    27.5935    123.309    123.536      0.555    1479.77    1479.78  0.000e+00
       9539    125.000     6.6978     6.6996     0.0018    3.52062    3.52195          1     5.5442     5.6509       9.97     0.0305  4.476e-12  1.000e-12  2.234e+01    35.1589    35.1718     0.0129    27.5858    27.5957    123.804    124.032      0.549    1479.74    1479.76  0.000e+00
       9561    125.500     6.6914     6.6956     0.0042    3.52007    3.52138          1     5.5391     5.6601       9.97     0.0326  4.476e-12  1.000e-12  2.234e+01    35.1590    35.1692     0.0102    27.5868    27.5942    124.299    124.527      0.546    1479.72    1479.75  0.000e+00
       9583    126.000     6.6884     6.6853    -0.0031    3.51980    3.52049          1     5.5418     5.6620       9.97     0.0310  4.476e-12  1.000e-12  2.234e+01    35.1589    35.1697     0.0108    27.5871    27.5961    124.794    125.023      0.534    1479.72    1479.72  0.000e+00
       9606    126.500     6.6824     6.6802    -0.0022    3.51916    3.51983          1     5.5393     5.6623       9.97     0.0284  4.476e-12  1.000e-12  2.234e+01    35.1576    35.1673     0.0097    27.5869    27.5949    125.289    125.519      0.533    1479.70    1479.70  0.000e+00
       9628    127.000     6.6715     6.6705    -0.0010    3.51805    3.51893          1     5.5404     5.6651       9.97     0.0298  4.476e-12  1.000e-12  2.234e+01    35.1562    35.1670     0.0108    27.5872    27.5959    125.784    126.014      0.563    1479.66    1479.67  0.000e+00
       9648    127.500     6.6562     6.6559    -0.0004    3.51642    3.51772          1     5.5504     5.6643       9.97     0.0315  4.476e-12  1.000e-12  2.234e+01    35.1535    35.1684     0.0148    27.5872    27.5990    126.279    126.510      0.584    1479.61    1479.63  0.000e+00
       9669    128.000     6.6440     6.6341    -0.0099    3.51522    3.51570          1     5.5630     5.6759       9.97     0.0319  4.476e-12  1.000e-12  2.234e+01    35.1525    35.1680     0.0156    27.5881    27.6017    126.774    127.005      0.568    1479.57    1479.55  0.000e+00
       9691    128.500     6.6169     6.6075    -0.0094    3.51235    3.51271          1     5.5713     5.6864       9.97     0.0347  4.476e-12  1.000e-12  2.234e+01    35.1481    35.1618     0.0137    27.5883    27.6004    127.269    127.501      0.528    1479.46    1479.45  0.000e+00
       9714    129.000     6.6100     6.6105     0.0005    3.51176    3.51267          1     5.5797     5.6951       9.97     0.0352  4.476e-12  1.000e-12  2.234e+01    35.1484    35.1581     0.0097    27.5895    27.5970    127.764    127.997      0.517    1479.45    1479.46  0.000e+00
       9737    129.500     6.6107     6.6102    -0.0005    3.51187    3.51260          1     5.5845     5.6999       9.97     0.0389  4.476e-12  1.000e-12  2.234e+01    35.1487    35.1573     0.0087    27.5896    27.5965    128.259    128.492      0.527    1479.46    1479.47  0.000e+00
       9760    130.000     6.6108     6.6096    -0.0012    3.51186    3.51252          1     5.5828     5.6980       9.97     0.0330  4.476e-12  1.000e-12  2.234e+01    35.1482    35.1568     0.0086    27.5892    27.5961    128.755    128.988      0.537    1479.47    1479.47  0.000e+00
       9782    130.500     6.6101     6.6066    -0.0036    3.51186    3.51224          1     5.5877     5.6950       9.97     0.0328  4.476e-12  1.000e-12  2.234e+01    35.1486    35.1565     0.0079    27.5896    27.5963    129.250    129.483      0.554    1479.47    1479.47  0.000e+00
       9803    131.000     6.6130     6.6088    -0.0042    3.51216    3.51230          1     5.5928     5.6972       9.97     0.0328  4.476e-12  1.000e-12  2.234e+01    35.1488    35.1547     0.0058    27.5894    27.5946    129.745    129.979      0.549    1479.49    1479.48  0.000e+00
       9826    131.500     6.6056     6.6059     0.0003    3.51139    3.51221          1     5.5966     5.6948       9.97     0.0338  4.476e-12  1.000e-12  2.234e+01    35.1475    35.1563     0.0088    27.5894    27.5963    130.240    130.475      0.516    1479.47    1479.48  0.000e+00
       9850    132.000     6.6039     6.6034    -0.0005    3.51128    3.51183          1     5.5930     5.6952       9.97     0.0348  4.476e-12  1.000e-12  2.234e+01    35.1477    35.1544     0.0067    27.5898    27.5951    130.735    130.970      0.494    1479.47    1479.48  0.000e+00
       9874    132.500     6.6045     6.6038    -0.0007    3.51137    3.51180          1     5.5897     5.7047       9.97     0.0354  4.476e-12  1.000e-12  2.234e+01    35.1479    35.1534     0.0055    27.5898    27.5942    131.230    131.466      0.514    1479.48    1479.49  0.000e+00
       9896    133.000     6.6044     6.6049     0.0004    3.51140    3.51200          1     5.5913     5.7046       9.97     0.0331  4.476e-12  1.000e-12  2.234e+01    35.1480    35.1543     0.0063    27.5899    27.5948    131.725    131.961      0.552    1479.49    1479.50  0.000e+00
       9917    133.500     6.6052     6.6040    -0.0012    3.51146    3.51185          1     5.5980     5.6972       9.97     0.0336  4.476e-12  1.000e-12  2.234e+01    35.1476    35.1533     0.0057    27.5895    27.5942    132.220    132.457      0.564    1479.50    1479.50  0.000e+00
       9939    134.000     6.6014     6.6023     0.0009    3.51110    3.51185          1     5.6043     5.6931       9.97     0.0319  4.476e-12  1.000e-12  2.234e+01    35.1473    35.1547     0.0074    27.5898    27.5955    132.715    132.953      0.539    1479.49    1479.51  0.000e+00
       9962    134.500     6.6003     6.5993    -0.0011    3.51102    3.51148          1     5.6038     5.6914       9.97     0.0322  4.476e-12  1.000e-12  2.234e+01    35.1473    35.1535     0.0062    27.5899    27.5949    133.210    133.448      0.506    1479.50    1479.50  0.000e+00
       9986    135.000     6.5999     6.5999     0.0000    3.51101    3.51146          1     5.6031     5.6911       9.97     0.0325  4.476e-12  1.000e-12  2.234e+01    35.1474    35.1524     0.0050    27.5901    27.5940    133.705    133.944      0.496    1479.50    1479.51  0.000e+00
      10010    135.500     6.6006     6.5995    -0.0010    3.51108    3.51144          1     5.5978     5.6993       9.97     0.0332  4.476e-12  1.000e-12  2.234e+01    35.1472    35.1522     0.0050    27.5898    27.5939    134.200    134.439      0.524    1479.51    1479.52  0.000e+00
      10032    136.000     6.6011     6.5997    -0.0014    3.51116    3.51146          1     5.5939     5.7033       9.97     0.0360  4.476e-12  1.000e-12  2.234e+01    35.1473    35.1520     0.0047    27.5898    27.5937    134.695    134.935      0.571    1479.52    1479.53  0.000e+00
      10052    136.500     6.6023     6.6010    -0.0012    3.51132    3.51159          1     5.5961     5.6960       9.97     0.0351  4.476e-12  1.000e-12  2.234e+01    35.1476    35.1519     0.0043    27.5899    27.5935    135.190    135.430      0.595    1479.54    1479.54  0.000e+00
      10073    137.000     6.6026     6.6014    -0.0012    3.51136    3.51166          1     5.5955     5.6843       9.97     0.0346  4.476e-12  1.000e-12  2.234e+01    35.1475    35.1521     0.0046    27.5898    27.5936    135.685    135.926      0.573    1479.55    1479.55  0.000e+00
      10095    137.500     6.6025     6.6007    -0.0017    3.51138    3.51163          1     5.5946     5.6836       9.97     0.0327  4.476e-12  1.000e-12  2.234e+01    35.1476    35.1521     0.0046    27.5898    27.5936    136.180    136.422      0.512    1479.56    1479.55  0.000e+00
      10120    138.000     6.6028     6.6013    -0.0015    3.51145    3.51165          1     5.5941     5.6936       9.97     0.0322  4.476e-12  1.000e-12  2.234e+01    35.1478    35.1515     0.0037    27.5900    27.5931    136.675    136.917      0.473    1479.57    1479.56  0.000e+00
      10145    138.500     6.6017     6.6014    -0.0004    3.51134    3.51169          1     5.5923     5.6985       9.97     0.0359  4.476e-12  1.000e-12  2.234e+01    35.1474    35.1516     0.0042    27.5898    27.5932    137.170    137.413      0.495    1479.57    1479.57  0.000e+00
      10168    139.000     6.6009     6.6000    -0.0010    3.51129    3.51156          1     5.5898     5.6917       9.97     0.0318  4.476e-12  1.000e-12  2.234e+01    35.1474    35.1514     0.0040    27.5899    27.5932    137.665    137.908      0.553    1479.57    1479.58  0.000e+00
      10189    139.500     6.6013     6.5997    -0.0015    3.51134    3.51155          1     5.5865     5.6896       9.97     0.0325  4.476e-12  1.000e-12  2.234e+01    35.1474    35.1512     0.0039    27.5898    27.5931    138.160    138.404      0.587    1479.58    1479.58  0.000e+00
      10209    140.000     6.6014     6.5994    -0.0020    3.51136    3.51156          1     5.5881     5.6815       9.97     0.0320  4.476e-12  1.000e-12  2.234e+01    35.1472    35.1515     0.0043    27.5897    27.5934    138.655    138.900      0.576    1479.59    1479.59  0.000e+00
      10230    140.500     6.6000     6.5979    -0.0020    3.51129    3.51147          1     5.5860     5.6765       9.97     0.0321  4.476e-12  1.000e-12  2.234e+01    35.1476    35.1518     0.0042    27.5902    27.5938    139.150    139.395      0.538    1479.59    1479.59  0.000e+00
      10254    141.000     6.5992     6.5981    -0.0011    3.51125    3.51150          1     5.5819     5.6800       9.97     0.0424  4.476e-12  1.000e-12  2.234e+01    35.1477    35.1516     0.0039    27.5904    27.5937    139.645    139.891      0.510    1479.60    1479.60  0.000e+00
