ctdpy/exports/archive_20191120_135557/received_data/SBE09_0827_20180904_1641_26_01_0960.cnv
* Sea-Bird SBE 9 Data File:
* FileName = D:\CTD_SBE911\DAT\26DA.2018.9.10.hex
* Software Version Seasave V 7.21d
* Temperature SN = 034605
* Conductivity SN = 041844
* Number of Bytes Per Scan = 48
* Number of Voltage Words = 5
* Number of Scans Averaged by the Deck Unit = 1
* NMEA Latitude = 57 18.71 N
* NMEA Longitude = 020 04.61 E
* NMEA UTC (Time) = Sep 04 2018  16:44:08
* NMEA baud rate = 4800
** Ship: DANA
** Average sound velocity: 1450.26 m/s
** True-depth calculation Wed, 03 Apr 2019 09:28:19 +0000
** CTD Python Module SMHI /ver 3-12/ feb 2012 
** LIMS Job: 20182601-0960
**  BY15
** Operator: Christian JKro
** Cruise: 09/2018
# nquan = 26
# nvalues = 471                         
# units = specified
# name 0 = scan: Scan Count
# name 1 = prDM: Pressure, Digiquartz [db]
# name 2 = t090C: Temperature [ITS-90, deg C]
# name 3 = t190C: Temperature, 2 [ITS-90, deg C]
# name 4 = T2-T190C: Temperature Difference, 2 - 1 [ITS-90, deg C]
# name 5 = c0S/m: Conductivity [S/m]
# name 6 = c1S/m: Conductivity, 2 [S/m]
# name 7 = pumps: Pump Status
# name 8 = sbeox1ML/L: Oxygen, SBE 43, 2 [ml/l]
# name 9 = sbeox0ML/L: Oxygen, SBE 43 [ml/l]
# name 10 = altM: Altimeter [m]
# name 11 = chloroflTC0: Chlorophyll, Turner Cyclops [ug/l]
# name 12 = cpar: CPAR/Corrected Irradiance [%]
# name 13 = par: PAR/Irradiance, Biospherical/Lico [µE/(cm^2*s)]
# name 14 = spar: SPAR, Biospherical/Licor
# name 15 = sal00: Salinity, Practical [PSU]
# name 16 = sal11: Salinity, Practical, 2 [PSU]
# name 17 = secS-priS: Salinity, Practical, Difference, 2 - 1 [PSU]
# name 18 = sigma-t00: Density [sigma-t, kg/m^3 ]
# name 19 = sigma-t11: Density, 2 [sigma-t, kg/m^3 ]
# name 20 = depSM: Depth [salt water, m], lat = 57.3118
# name 21 = depFM: Depth [true depth, m], lat = 57.3118
# name 22 = dz/dtM: Descent Rate [m/s], WS = 2
# name 23 = svCM: Sound Velocity [Chen-Millero, m/s]
# name 24 = svCM1: Sound Velocity, 2 [Chen-Millero, m/s]
# name 25 = flag: flag
# span 0 =         43,      17599       
# span 1 =      1.500,    236.500       
# span 2 =     3.1559,    18.4231       
# span 3 =     3.1255,    18.4186       
# span 4 =    -1.3558,     0.1678       
# span 5 =   0.752543,   1.458228       
# span 6 =   0.751971,   1.457806       
# span 7 =          1,          1       
# span 8 =     0.0329,     7.7671       
# span 9 =     0.0187,     8.0878       
# span 10 =       1.89,       9.98      
# span 11 =     0.0427,     0.3058      
# span 12 = -6.197e-06, 6.3859e+00      
# span 13 = -5.538e-06, 6.1120e+00      
# span 14 = 6.0854e+01, 9.5784e+01      
# span 15 =     6.9034,    13.2790      
# span 16 =     6.9281,    13.2751      
# span 17 =    -0.0544,     0.1258      
# span 18 =     3.8298,    10.3655      
# span 19 =     3.8280,    10.3625      
# span 20 =      1.486,    234.188      
# span 21 =      1.522,    238.896      
# span 22 =      0.018,      0.532      
# span 23 =    1427.96,    1485.51      
# span 24 =    1427.75,    1485.52      
# span 25 = 0.0000e+00, 0.0000e+00      
# interval = decibars: 0.5              
# start_time = Sep 04 2018 16:44:08 [NMEA time, first data scan]
# bad_flag = -9.990e-29
*END*
         43      1.500    18.3607    18.3669     0.0062    1.06039    1.06011          1     6.7548     6.4783       9.98     0.2534  6.386e+00  6.112e+00  9.578e+01     6.9759     6.9729    -0.0030     3.8479     3.8443      1.486      1.522      0.141    1485.26    1485.27  0.000e+00
        475      2.000    18.3715    18.3649    -0.0066    1.05990    1.05947          1     6.8190     6.4812       9.98     0.2439  5.055e+00  4.728e+00  9.352e+01     6.9706     6.9686    -0.0020     3.8416     3.8414      1.982      2.029      0.276    1485.29    1485.27  0.000e+00
        527      2.500    18.3727    18.3658    -0.0069    1.05996    1.05938          1     6.8201     6.4766       9.98     0.2575  4.147e+00  3.874e+00  9.342e+01     6.9708     6.9678    -0.0029     3.8415     3.8407      2.477      2.537      0.352    1485.30    1485.28  0.000e+00
        582      3.000    18.3596    18.3766     0.0170    1.05987    1.05965          1     6.8079     6.4525       9.98     0.2696  3.355e+00  3.134e+00  9.342e+01     6.9723     6.9678    -0.0045     3.8453     3.8385      2.972      3.044      0.269    1485.27    1485.32  0.000e+00
        624      3.500    18.3839    18.3731    -0.0108    1.06037    1.05981          1     6.8243     6.4637       9.98     0.2681  2.698e+00  2.521e+00  9.342e+01     6.9717     6.9695    -0.0022     3.8400     3.8405      3.468      3.551      0.277    1485.36    1485.32  0.000e+00
        675      4.000    18.4132    18.3686    -0.0446    1.06077    1.05959          1     6.8304     6.5053       9.98     0.2621  2.153e+00  2.001e+00  9.292e+01     6.9696     6.9687    -0.0009     3.8324     3.8408      3.963      4.059      0.247    1485.45    1485.31  0.000e+00
        718      4.500    18.4231    18.3471    -0.0759    1.06089    1.05933          1     6.8262     6.4862       9.98     0.2833  1.807e+00  1.653e+00  9.148e+01     6.9688     6.9705     0.0017     3.8298     3.8465      4.459      4.566      0.258    1485.49    1485.26  0.000e+00
        768      5.000    18.3816    18.3490    -0.0326    1.06033    1.05942          1     6.7764     6.4437       9.97     0.2750  1.427e+00  1.304e+00  9.139e+01     6.9717     6.9707    -0.0010     3.8404     3.8462      4.954      5.073      0.268    1485.37    1485.27  0.000e+00
        810      5.500    18.3626    18.3769     0.0142    1.06005    1.05965          1     6.7958     6.4629       9.97     0.2748  1.162e+00  1.062e+00  9.139e+01     6.9729     6.9676    -0.0052     3.8451     3.8383      5.449      5.581      0.259    1485.32    1485.36  0.000e+00
        858      6.000    18.4075    18.3974    -0.0103    1.06077    1.05987          1     6.8263     6.4602       9.97     0.2686  9.155e-01  8.367e-01  9.139e+01     6.9704     6.9657    -0.0047     3.8342     3.8327      5.945      6.088      0.265    1485.47    1485.43  0.000e+00
        905      6.500    18.4101    18.4108     0.0008    1.06076    1.06017          1     6.8663     6.4831       9.97     0.2806  7.244e-01  6.620e-01  9.139e+01     6.9698     6.9655    -0.0043     3.8332     3.8298      6.440      6.595      0.235    1485.49    1485.48  0.000e+00
        954      7.000    18.4141    18.4186     0.0045    1.06079    1.06031          1     6.8765     6.4510       9.97     0.3021  5.705e-01  5.213e-01  9.139e+01     6.9693     6.9652    -0.0041     3.8321     3.8280      6.935      7.102      0.272    1485.51    1485.52  0.000e+00
        999      7.500    18.4030    18.4076     0.0046    1.06063    1.06022          1     6.8451     6.4544       9.97     0.2805  4.296e-01  3.926e-01  9.139e+01     6.9700     6.9663    -0.0037     3.8348     3.8311      7.431      7.610      0.240    1485.48    1485.49  0.000e+00
       1051      8.000    18.3170    18.3019    -0.0150    1.06081    1.06025          1     6.8261     6.4223       9.97     0.2763  3.285e-01  3.002e-01  9.139e+01     6.9857     6.9843    -0.0015     3.8641     3.8660      7.926      8.117      0.256    1485.24    1485.19  0.000e+00
       1095      8.500    18.2941    18.2958     0.0017    1.06107    1.06062          1     6.7939     6.4225       9.97     0.2692  2.366e-01  2.157e-01  9.117e+01     6.9914     6.9878    -0.0036     3.8730     3.8700      8.422      8.624      0.255    1485.18    1485.18  0.000e+00
       1144      9.000    18.2931    18.2940     0.0009    1.06122    1.06072          1     6.7558     6.4104       9.97     0.2824  1.653e-01  1.483e-01  8.971e+01     6.9925     6.9888    -0.0037     3.8741     3.8711      8.917      9.132      0.260    1485.18    1485.18  0.000e+00
       1189      9.500    18.2944    18.2940    -0.0004    1.06157    1.06088          1     6.7884     6.4094       9.97     0.2897  9.892e-02  8.841e-02  8.936e+01     6.9948     6.9899    -0.0049     3.8756     3.8720      9.412      9.639      0.256    1485.20    1485.19  0.000e+00
       1238     10.000    18.2970    18.2965    -0.0005    1.06212    1.06151          1     6.7705     6.3892       9.97     0.2967  3.645e-02  3.257e-02  8.936e+01     6.9982     6.9940    -0.0042     3.8776     3.8745      9.908     10.146      0.244    1485.22    1485.21  0.000e+00
       1286     10.500    18.3004    18.2993    -0.0011    1.06252    1.06194          1     6.7826     6.3952       9.97     0.3011  1.619e-03  1.447e-03  8.936e+01     7.0005     6.9965    -0.0039     3.8786     3.8759     10.403     10.654      0.241    1485.24    1485.23  0.000e+00
       1338     11.000    18.3011    18.3003    -0.0008    1.06264    1.06212          1     6.7484     6.3936       9.97     0.3017 -6.197e-06 -5.538e-06  8.936e+01     7.0011     6.9976    -0.0035     3.8790     3.8765     10.898     11.161      0.239    1485.25    1485.25  0.000e+00
       1386     11.500    18.3066    18.3078     0.0012    1.06309    1.06264          1     6.7454     6.3735       9.97     0.3058  1.119e-12  1.000e-12  8.936e+01     7.0034     6.9999    -0.0034     3.8796     3.8768     11.394     11.668      0.248    1485.28    1485.28  0.000e+00
       1436     12.000    18.3134    18.3135     0.0001    1.06379    1.06333          1     6.7387     6.3466       9.97     0.2886  1.119e-12  1.000e-12  8.936e+01     7.0072     7.0039    -0.0033     3.8811     3.8786     11.889     12.176      0.251    1485.31    1485.31  0.000e+00
       1480     12.500    18.3073    18.3062    -0.0011    1.06397    1.06349          1     6.6976     6.3191       9.97     0.2709  1.119e-12  1.000e-12  8.936e+01     7.0094     7.0062    -0.0032     3.8840     3.8818     12.384     12.683      0.260    1485.31    1485.30  0.000e+00
       1529     13.000    18.2871    18.2751    -0.0121    1.06448    1.06416          1     6.6673     6.2615       9.97     0.2616  1.119e-12  1.000e-12  8.936e+01     7.0164     7.0162    -0.0002     3.8934     3.8957     12.880     13.190      0.251    1485.26    1485.22  0.000e+00
       1577     13.500    18.2477    18.2110    -0.0367    1.06548    1.06593          1     6.5699     6.1920       9.97     0.2498  1.119e-12  1.000e-12  8.936e+01     7.0302     7.0396     0.0094     3.9118     3.9263     13.375     13.697      0.238    1485.16    1485.05  0.000e+00
       1628     14.000    18.2344    18.1738    -0.0606    1.06622    1.06841          1     6.4891     6.1671       9.97     0.2459  1.119e-12  1.000e-12  8.936e+01     7.0376     7.0635     0.0258     3.9202     3.9520     13.871     14.205      0.238    1485.13    1484.97  0.000e+00
       1677     14.500    18.1978    18.1057    -0.0921    1.06778    1.06818          1     6.4604     6.1166       9.97     0.2358  1.131e-12  1.000e-12  8.845e+01     7.0549     7.0734     0.0185     3.9407     3.9731     14.366     14.712      0.252    1485.05    1484.77  0.000e+00
       1725     15.000    18.1469    17.9818    -0.1650    1.06779    1.06408          1     6.4016     6.0683       9.97     0.2106  1.145e-12  1.000e-12  8.732e+01     7.0636     7.0653     0.0017     3.9574     3.9916     14.861     15.219      0.252    1484.90    1484.38  0.000e+00
       1771     15.500    18.0638    17.7641    -0.2997    1.06584    1.06033          1     6.3306     6.0277       9.97     0.1768  1.145e-12  1.000e-12  8.733e+01     7.0638     7.0756     0.0119     3.9741     4.0423     15.357     15.727      0.265    1484.65    1483.71  0.000e+00
       1816     16.000    17.8958    17.5236    -0.3723    1.06240    1.05417          1     6.2400     5.9121       9.97     0.1542  1.145e-12  1.000e-12  8.733e+01     7.0678     7.0726     0.0047     4.0105     4.0868     15.852     16.234      0.264    1484.13    1482.94  0.000e+00
       1862     16.500    17.6772    17.3157    -0.3615    1.05699    1.04895          1     6.1668     5.8574       9.97     0.1537  1.145e-12  1.000e-12  8.733e+01     7.0664     7.0705     0.0041     4.0523     4.1252     16.347     16.741      0.260    1483.43    1482.28  0.000e+00
       1908     17.000    17.5070    17.0618    -0.4452    1.05290    1.04344          1     6.1267     5.8227       9.97     0.1382  1.145e-12  1.000e-12  8.733e+01     7.0661     7.0743     0.0082     4.0851     4.1763     16.843     17.248      0.252    1482.90    1481.46  0.000e+00
       1958     17.500    17.2771    16.7380    -0.5393    1.04734    1.03430          1     6.0092     5.7218       9.97     0.1244  1.145e-12  1.000e-12  8.733e+01     7.0654     7.0636    -0.0018     4.1287     4.2285     17.338     17.755      0.248    1482.16    1480.40  0.000e+00
       2004     18.000    17.0349    16.2238    -0.8110    1.04029    1.01824          1     5.8161     5.6461       9.97     0.1182  1.145e-12  1.000e-12  8.733e+01     7.0559     7.0344    -0.0215     4.1673     4.2999     17.833     18.263      0.253    1481.37    1478.68  0.000e+00
       2053     18.500    16.8826    15.5267    -1.3558    1.03588    0.99676          1     5.5910     5.4805       9.97     0.1093  1.145e-12  1.000e-12  8.733e+01     7.0500     6.9956    -0.0544     4.1914     4.3926     18.329     18.770      0.265    1480.88    1476.30  0.000e+00
       2094     19.000    16.0982    15.2295    -0.8689    1.01117    0.98613          1     5.5101     5.3343       9.97     0.1083  1.145e-12  1.000e-12  8.733e+01     7.0035     6.9672    -0.0362     4.2982     4.4215     18.824     19.277      0.289    1478.23    1475.26  0.000e+00
       2140     19.500    15.5941    14.7287    -0.8647    0.99513    0.97270          1     5.4696     5.0753       9.97     0.0943  1.145e-12  1.000e-12  8.733e+01     6.9711     6.9528    -0.0183     4.3616     4.4930     19.319     19.784      0.253    1476.51    1473.53  0.000e+00
       2185     20.000    14.4972    13.7790    -0.7183    0.96174    0.94779          1     5.2817     4.9627       9.97     0.0785  1.150e-12  1.000e-12  8.694e+01     6.9091     6.9281     0.0190     4.4969     4.6234     19.815     20.291      0.281    1472.68    1470.18  0.000e+00
       2230     20.500    13.8347    13.2096    -0.6252    0.94695    0.93676          1     5.1407     4.8745       9.97     0.0738  1.153e-12  1.000e-12  8.674e+01     6.9116     6.9434     0.0318     4.6020     4.7199     20.310     20.798      0.237    1470.37    1468.18  0.000e+00
       2281     21.000    12.8898    12.5699    -0.3198    0.92454    0.92201          1     5.0542     4.8559       9.97     0.0650  1.171e-12  1.000e-12  8.541e+01     6.9034     6.9413     0.0379     4.7348     4.8088     20.806     21.305      0.266    1466.98    1465.87  0.000e+00
       2325     21.500    12.5033    12.4289    -0.0751    0.92210    0.92448          1     5.0660     4.8792       9.97     0.0617  1.172e-12  1.000e-12  8.530e+01     6.9542     6.9873     0.0330     4.8281     4.8638     21.301     21.812      0.254    1465.65    1465.41  0.000e+00
       2373     22.000    12.4560    12.3528    -0.1029    0.92595    0.92704          1     5.0642     4.9507       9.97     0.0583  1.172e-12  1.000e-12  8.530e+01     6.9942     7.0222     0.0280     4.8655     4.9011     21.796     22.318      0.262    1465.53    1465.18  0.000e+00
       2416     22.500    12.2458    12.0996    -0.1462    0.92439    0.92469          1     5.0779     4.9732       9.97     0.0589  1.172e-12  1.000e-12  8.530e+01     7.0204     7.0502     0.0298     4.9141     4.9565     22.292     22.825      0.284    1464.80    1464.29  0.000e+00
       2460     23.000    11.8140    11.6007    -0.2131    0.91643    0.91500          1     5.1172     5.0483       9.97     0.0598  1.172e-12  1.000e-12  8.530e+01     7.0358     7.0641     0.0283     4.9827     5.0318     22.787     23.332      0.266    1463.22    1462.46  0.000e+00
       2505     23.500    11.5001    11.3268    -0.1733    0.91058    0.90954          1     5.1986     5.1102       9.97     0.0587  1.172e-12  1.000e-12  8.530e+01     7.0463     7.0706     0.0242     5.0308     5.0711     23.282     23.839      0.265    1462.07    1461.45  0.000e+00
       2552     24.000    11.1794    10.9600    -0.2200    0.90412    0.90229          1     5.2409     5.1762       9.97     0.0584  1.172e-12  1.000e-12  8.530e+01     7.0532     7.0797     0.0265     5.0756     5.1224     23.778     24.345      0.249    1460.88    1460.08  0.000e+00
       2600     24.500    10.7524    10.4399    -0.3125    0.89458    0.89078          1     5.3285     5.3240       9.97     0.0583  1.172e-12  1.000e-12  8.530e+01     7.0543     7.0821     0.0278     5.1269     5.1842     24.273     24.852      0.252    1459.26    1458.10  0.000e+00
       2649     25.000    10.3867     9.9530    -0.4328    0.88619    0.87948          1     5.5537     5.5297       9.97     0.0582  1.174e-12  1.000e-12  8.521e+01     7.0531     7.0794     0.0264     5.1676     5.2353     24.768     25.359      0.246    1457.87    1456.22  0.000e+00
       2694     25.500     9.7023     9.3485    -0.3537    0.87058    0.86680          1     5.7823     5.8650       9.97     0.0570  1.174e-12  1.000e-12  8.515e+01     7.0510     7.0873     0.0363     5.2392     5.3030     25.264     25.865      0.278    1455.21    1453.86  0.000e+00
       2738     26.000     9.0828     8.5666    -0.5154    0.85819    0.85206          1     6.0215     6.0624       9.97     0.0570  1.181e-12  1.000e-12  8.470e+01     7.0639     7.1121     0.0482     5.3104     5.3951     25.759     26.372      0.268    1452.78    1450.77  0.000e+00
       2783     26.500     8.0714     7.6307    -0.4429    0.83687    0.83274          1     6.1279     6.2805       9.97     0.0557  1.200e-12  1.000e-12  8.336e+01     7.0742     7.1258     0.0516     5.4067     5.4821     26.254     26.879      0.270    1448.72    1446.97  0.000e+00
       2826     27.000     7.1298     6.7153    -0.4139    0.81511    0.81125          1     6.3662     6.6062       9.97     0.0553  1.201e-12  1.000e-12  8.327e+01     7.0651     7.1143     0.0492     5.4708     5.5370     26.750     27.385      0.279    1444.83    1443.15  0.000e+00
       2871     27.500     6.6457     6.1833    -0.4628    0.80588    0.80053          1     6.6051     6.8300       9.97     0.0537  1.201e-12  1.000e-12  8.326e+01     7.0781     7.1233     0.0453     5.5129     5.5758     27.245     27.892      0.259    1442.82    1440.91  0.000e+00
       2918     28.000     6.2303     5.9025    -0.3270    0.79844    0.79521          1     6.8266     6.9775       9.97     0.0531  1.201e-12  1.000e-12  8.326e+01     7.0935     7.1313     0.0377     5.5497     5.5972     27.740     28.398      0.254    1441.08    1439.72  0.000e+00
       2964     28.500     5.8427     5.5765    -0.2669    0.79175    0.78987          1     6.9210     7.0559       9.97     0.0540  1.201e-12  1.000e-12  8.326e+01     7.1104     7.1485     0.0381     5.5837     5.6268     28.236     28.904      0.261    1439.45    1438.34  0.000e+00
