ctdpy/exports/archive_20191120_135557/received_data/SBE09_1044_20180128_1802_34_02_0026.cnv
* Sea-Bird SBE 9 Data File:
* FileName = C:\ctd\temp\2018\ME18D026.hex
* Software Version Seasave V 7.26.6.26
* Temperature SN = 5351
* Conductivity SN = 3941
* Number of Bytes Per Scan = 41
* Number of Voltage Words = 4
* Number of Scans Averaged by the Deck Unit = 1
* NMEA Latitude = 57 18.74 N
* NMEA Longitude = 020 04.60 E
* NMEA UTC (Time) = Jan 28 2018  18:03:25
* NMEA baud rate = 4800
** Station:  BY15
** Operator:  SSip
** Ship: MERI
** Average sound velocity: 1446.49 m/s
** True-depth calculation Sun, 28 Jan 2018 19:18:37 +0000
** CTD Python Module SMHI /ver 3-12/ feb 2012 
** LIMS Job: 20183402-0026
** Cruise: SMHI-01-2018
** Latitude [GG MM.mm N] :
** Longitude [GG MM.mm E]:
# nquan = 26
# nvalues = 465                         
# units = specified
# name 0 = scan: Scan Count
# name 1 = prDM: Pressure, Digiquartz [db]
# name 2 = t090C: Temperature [ITS-90, deg C]
# name 3 = t190C: Temperature, 2 [ITS-90, deg C]
# name 4 = T2-T190C: Temperature Difference, 2 - 1 [ITS-90, deg C]
# name 5 = c0S/m: Conductivity [S/m]
# name 6 = c1S/m: Conductivity, 2 [S/m]
# name 7 = pumps: Pump Status
# name 8 = sbeox0ML/L: Oxygen, SBE 43 [ml/l]
# name 9 = sbeox1ML/L: Oxygen, SBE 43, 2 [ml/l]
# name 10 = altM: Altimeter [m]
# name 11 = flECO-AFL: Chl-a Fluorescence, WET Labs ECO-AFL/FL [mg/m^3]
# name 12 = flECO-AFL1: Phycocyanin Fluorescence, WET Labs ECO-AFL/FL, 2 [mg/m^3]
# name 13 = par: PAR/Irradiance, Biospherical/Lico [µE/(cm^2*s)]
# name 14 = turbWETntu0: Turbidity, WET Labs ECO [NTU]
# name 15 = sal00: Salinity, Practical [PSU]
# name 16 = sal11: Salinity, Practical, 2 [PSU]
# name 17 = secS-priS: Salinity, Practical, Difference, 2 - 1 [PSU]
# name 18 = sigma-t00: Density [sigma-t, Kg/m^3 ]
# name 19 = sigma-t11: Density, 2 [sigma-t, Kg/m^3 ]
# name 20 = depSM: Depth [salt water, m], lat = 57.3123
# name 21 = depFM: Depth [true depth, m], lat = 57.3123
# name 22 = dz/dtM: Descent Rate [m/s], WS = 2
# name 23 = svCM: Sound Velocity [Chen-Millero, m/s]
# name 24 = svCM1: Sound Velocity, 2 [Chen-Millero, m/s]
# name 25 = flag: flag
# span 0 =       8571,      18857       
# span 1 =      3.000,    235.000       
# span 2 =     4.7329,     6.9138       
# span 3 =     4.7335,     6.9144       
# span 4 =    -0.0249,     0.0269       
# span 5 =   0.792576,   1.460225       
# span 6 =   0.792560,   1.460202       
# span 7 =          1,          1       
# span 8 =    0.00586,    8.06290       
# span 9 =    0.02434,    8.02762       
# span 10 =       3.86,      99.62      
# span 11 =     0.2472,     0.3881      
# span 12 =     0.2390,     0.3916      
# span 13 = -1.000e-05, 1.4396e-02      
# span 14 =     0.1002,     0.6997      
# span 15 =     7.3599,    13.2953      
# span 16 =     7.3595,    13.2948      
# span 17 =    -0.0611,     0.0498      
# span 18 =     5.8285,    10.3774      
# span 19 =     5.8281,    10.3770      
# span 20 =      2.972,    232.703      
# span 21 =      3.038,    237.340      
# span 22 =     -0.033,      1.522      
# span 23 =    1434.57,    1455.05      
# span 24 =    1434.57,    1455.05      
# span 25 = 0.0000e+00, 0.0000e+00      
# interval = decibars: 0.5              
# start_time = Jan 28 2018 18:03:26 [NMEA time, first data scan]
# bad_flag = -9.990e-29
*END*
       8571      3.000     4.7685     4.7680    -0.0004    0.79328    0.79322          1     8.0414     8.0276      98.63     0.3734     0.3445  1.264e-02  0.1048000     7.3609     7.3604    -0.0005     5.8285     5.8281      2.972      3.038      0.236    1434.68    1434.67  0.000e+00
       8670      3.500     4.7593     4.7609     0.0017    0.79304    0.79304          1     8.0495     8.0058      98.64     0.3659     0.3730  1.440e-02  0.1160000     7.3606     7.3602    -0.0004     5.8285     5.8282      3.468      3.544      0.697    1434.64    1434.65  0.000e+00
       8679      4.000     4.7451     4.7552     0.0099    0.79270    0.79291          1     8.0483     8.0003      98.63     0.3275     0.3916  2.241e-03  0.1741000     7.3603     7.3601    -0.0002     5.8288     5.8283      3.963      4.051      0.946    1434.59    1434.63  0.000e+00
       8690      4.500     4.7390     4.7403     0.0013    0.79258    0.79257          1     8.0474     8.0091      98.64     0.3313     0.3131 -6.719e-06  0.1693000     7.3603     7.3599    -0.0004     5.8290     5.8287      4.459      4.557      0.995    1434.57    1434.57  0.000e+00
       8702      5.000     4.7391     4.7397     0.0006    0.79258    0.79256          1     8.0507     8.0138      98.63     0.3411     0.2856  1.021e-12  0.1129000     7.3603     7.3599    -0.0003     5.8290     5.8287      4.954      5.063      0.882    1434.58    1434.58  0.000e+00
       8719      5.500     4.7396     4.7407     0.0011    0.79261    0.79259          1     8.0463     8.0117      98.64     0.3351     0.3085  2.017e-08  0.1268000     7.3603     7.3599    -0.0004     5.8290     5.8286      5.449      5.569      0.551    1434.59    1434.59  0.000e+00
       8763      6.000     4.7445     4.7422    -0.0023    0.79273    0.79263          1     8.0448     7.9948      98.64     0.3621     0.3334  3.151e-04  0.1192000     7.3604     7.3600    -0.0004     5.8289     5.8287      5.945      6.076      0.331    1434.62    1434.61  0.000e+00
       8789      6.500     4.7390     4.7394     0.0004    0.79261    0.79259          1     8.0475     8.0007      98.64     0.3616     0.3119 -1.000e-05  0.1168000     7.3604     7.3601    -0.0003     5.8291     5.8288      6.440      6.582      0.677    1434.60    1434.60  0.000e+00
       8804      7.000     4.7381     4.7384     0.0003    0.79259    0.79257          1     8.0469     8.0066      98.64     0.3645     0.3027  1.000e-12  0.1062000     7.3604     7.3600    -0.0003     5.8291     5.8288      6.935      7.088      0.787    1434.60    1434.60  0.000e+00
       8819      7.500     4.7375     4.7379     0.0004    0.79260    0.79258          1     8.0450     8.0086      98.64     0.3540     0.3074  1.001e-12  0.1115000     7.3605     7.3602    -0.0003     5.8292     5.8290      7.431      7.595      0.795    1434.61    1434.61  0.000e+00
       8834      8.000     4.7371     4.7377     0.0006    0.79262    0.79259          1     8.0439     8.0073      98.64     0.3413     0.3147  9.954e-06  0.1186000     7.3607     7.3603    -0.0004     5.8294     5.8291      7.926      8.101      0.759    1434.62    1434.62  0.000e+00
       8851      8.500     4.7369     4.7378     0.0009    0.79262    0.79259          1     8.0417     8.0028      98.65     0.3427     0.3181  2.768e-08  0.1308000     7.3607     7.3602    -0.0005     5.8294     5.8290      8.422      8.607      0.723    1434.62    1434.63  0.000e+00
       8868      9.000     4.7371     4.7378     0.0007    0.79262    0.79260          1     8.0443     7.9962      98.64     0.3444     0.3112 -4.863e-10  0.1359000     7.3606     7.3602    -0.0004     5.8293     5.8290      8.917      9.114      0.710    1434.63    1434.63  0.000e+00
       8884      9.500     4.7372     4.7379     0.0007    0.79264    0.79262          1     8.0497     7.9973      98.64     0.3633     0.3009  1.000e-12  0.1370000     7.3607     7.3603    -0.0004     5.8294     5.8291      9.412      9.620      0.710    1434.64    1434.64  0.000e+00
       8901     10.000     4.7372     4.7379     0.0007    0.79265    0.79262          1     8.0533     7.9961      98.64     0.3554     0.3254  1.000e-12  0.1292000     7.3607     7.3603    -0.0004     5.8294     5.8291      9.908     10.126      0.665    1434.65    1434.65  0.000e+00
       8921     10.500     4.7371     4.7377     0.0007    0.79266    0.79262          1     8.0583     7.9924      98.64     0.3539     0.3258  1.000e-12  0.1205000     7.3608     7.3603    -0.0005     5.8295     5.8291     10.403     10.633      0.581    1434.65    1434.66  0.000e+00
       8943     11.000     4.7369     4.7376     0.0007    0.79266    0.79264          1     8.0597     7.9968      98.64     0.3514     0.3219  1.000e-12  0.1115000     7.3607     7.3604    -0.0004     5.8295     5.8291     10.898     11.139      0.496    1434.66    1434.66  0.000e+00
       8971     11.500     4.7365     4.7374     0.0010    0.79268    0.79266          1     8.0467     7.9989      98.64     0.3438     0.3261  1.000e-12  0.1135000     7.3610     7.3605    -0.0004     5.8297     5.8293     11.394     11.645      0.407    1434.67    1434.67  0.000e+00
       9000     12.000     4.7366     4.7373     0.0007    0.79269    0.79266          1     8.0353     7.9978      98.64     0.3367     0.3055  1.000e-12  0.1238000     7.3610     7.3606    -0.0005     5.8297     5.8293     11.889     12.152      0.480    1434.68    1434.68  0.000e+00
       9022     12.500     4.7367     4.7374     0.0006    0.79270    0.79268          1     8.0380     7.9897      98.64     0.3261     0.2832  1.000e-12  0.1241000     7.3610     7.3606    -0.0004     5.8297     5.8293     12.384     12.658      0.628    1434.68    1434.69  0.000e+00
       9039     13.000     4.7365     4.7366     0.0001    0.79269    0.79264          1     8.0378     7.9916      98.65     0.3299     0.2838  1.000e-12  0.1242000     7.3609     7.3604    -0.0005     5.8296     5.8292     12.880     13.164      0.719    1434.69    1434.69  0.000e+00
       9055     13.500     4.7358     4.7366     0.0008    0.79266    0.79264          1     8.0396     7.9956      98.64     0.3506     0.2860  1.000e-12  0.1077000     7.3607     7.3603    -0.0004     5.8295     5.8291     13.375     13.671      0.739    1434.70    1434.70  0.000e+00
       9071     14.000     4.7365     4.7372     0.0007    0.79271    0.79268          1     8.0465     7.9955      98.64     0.3627     0.2884  1.000e-12  0.1102000     7.3609     7.3605    -0.0004     5.8296     5.8293     13.871     14.177      0.678    1434.71    1434.71  0.000e+00
       9091     14.500     4.7367     4.7373     0.0006    0.79271    0.79269          1     8.0575     7.9970      98.63     0.3614     0.3304  1.000e-12  0.1529000     7.3609     7.3605    -0.0004     5.8296     5.8292     14.366     14.683      0.556    1434.72    1434.72  0.000e+00
       9117     15.000     4.7366     4.7372     0.0006    0.79270    0.79268          1     8.0561     7.9922      98.62     0.3604     0.3303  1.000e-12  0.1156000     7.3607     7.3603    -0.0004     5.8294     5.8291     14.861     15.190      0.408    1434.72    1434.73  0.000e+00
       9150     15.500     4.7363     4.7371     0.0008    0.79271    0.79268          1     8.0488     7.9908      98.60     0.3557     0.2769  1.000e-12  0.1177000     7.3608     7.3604    -0.0004     5.8295     5.8292     15.357     15.696      0.372    1434.73    1434.73  0.000e+00
       9179     16.000     4.7366     4.7373     0.0007    0.79273    0.79269          1     8.0353     7.9911      98.60     0.3680     0.2961  1.000e-12  0.1202000     7.3608     7.3603    -0.0005     5.8295     5.8291     15.852     16.202      0.514    1434.74    1434.74  0.000e+00
       9199     16.500     4.7369     4.7378     0.0009    0.79274    0.79272          1     8.0414     7.9942      98.61     0.3724     0.2412  1.000e-12  0.1227000     7.3608     7.3604    -0.0004     5.8295     5.8292     16.347     16.708      0.682    1434.75    1434.75  0.000e+00
       9215     17.000     4.7372     4.7378     0.0006    0.79275    0.79273          1     8.0516     7.9949      98.61     0.3751     0.3032  1.000e-12  0.1070000     7.3608     7.3605    -0.0004     5.8295     5.8292     16.843     17.215      0.768    1434.76    1434.76  0.000e+00
       9230     17.500     4.7371     4.7378     0.0007    0.79276    0.79273          1     8.0606     7.9940      98.62     0.3702     0.3250  1.000e-12  0.1115000     7.3608     7.3604    -0.0004     5.8295     5.8291     17.338     17.721      0.759    1434.77    1434.77  0.000e+00
       9247     18.000     4.7372     4.7379     0.0007    0.79277    0.79274          1     8.0629     7.9911      98.63     0.3601     0.3801  1.000e-12  0.1175000     7.3608     7.3604    -0.0004     5.8295     5.8292     17.833     18.227      0.637    1434.77    1434.78  0.000e+00
       9271     18.500     4.7373     4.7381     0.0007    0.79277    0.79275          1     8.0494     7.9945      98.63     0.3372     0.3327  1.000e-12  0.1192000     7.3608     7.3604    -0.0004     5.8295     5.8291     18.329     18.734      0.422    1434.78    1434.79  0.000e+00
       9305     19.000     4.7369     4.7375     0.0006    0.79276    0.79273          1     8.0516     7.9986      98.62     0.3490     0.3137  1.000e-12  0.1215000     7.3607     7.3603    -0.0004     5.8294     5.8291     18.824     19.240      0.358    1434.79    1434.79  0.000e+00
       9335     19.500     4.7351     4.7356     0.0005    0.79270    0.79266          1     8.0584     7.9996      98.62     0.3499     0.2979  1.000e-12  0.1114000     7.3604     7.3600    -0.0004     5.8292     5.8289     19.319     19.746      0.442    1434.79    1434.79  0.000e+00
       9361     20.000     4.7340     4.7341     0.0001    0.79266    0.79261          1     8.0440     7.9971      98.63     0.3565     0.2960  1.000e-12  0.1134000     7.3602     7.3597    -0.0006     5.8292     5.8287     19.815     20.253      0.502    1434.79    1434.79  0.000e+00
       9383     20.500     4.7330     4.7336     0.0006    0.79262    0.79259          1     8.0445     7.9938      98.64     0.3627     0.3313  1.000e-12  0.1269000     7.3600     7.3596    -0.0004     5.8290     5.8286     20.310     20.759      0.581    1434.79    1434.80  0.000e+00
       9402     21.000     4.7329     4.7339     0.0009    0.79263    0.79262          1     8.0432     7.9932      98.65     0.3587     0.2463  1.000e-12  0.1336000     7.3600     7.3597    -0.0003     5.8290     5.8288     20.806     21.265      0.649    1434.80    1434.80  0.000e+00
       9420     21.500     4.7332     4.7339     0.0006    0.79265    0.79263          1     8.0419     7.9932      98.65     0.3259     0.2822  1.000e-12  0.1238000     7.3601     7.3598    -0.0003     5.8291     5.8288     21.301     21.772      0.622    1434.81    1434.81  0.000e+00
       9442     22.000     4.7333     4.7340     0.0006    0.79267    0.79264          1     8.0465     7.9933      98.66     0.3287     0.2992  1.000e-12  0.1245000     7.3602     7.3597    -0.0004     5.8291     5.8288     21.796     22.278      0.487    1434.82    1434.82  0.000e+00
       9471     22.500     4.7334     4.7342     0.0008    0.79268    0.79265          1     8.0516     7.9977      98.66     0.3650     0.2858  1.000e-12  0.1190000     7.3602     7.3598    -0.0004     5.8291     5.8288     22.292     22.784      0.407    1434.83    1434.83  0.000e+00
       9499     23.000     4.7332     4.7341     0.0008    0.79267    0.79265          1     8.0477     7.9932      98.66     0.3636     0.3083  1.000e-12  0.1078000     7.3601     7.3598    -0.0004     5.8291     5.8288     22.787     23.291      0.457    1434.83    1434.84  0.000e+00
       9525     23.500     4.7331     4.7339     0.0008    0.79268    0.79266          1     8.0487     7.9849      98.66     0.3522     0.3009  1.000e-12  0.1126000     7.3601     7.3597    -0.0004     5.8291     5.8288     23.282     23.797      0.445    1434.84    1434.84  0.000e+00
       9552     24.000     4.7334     4.7343     0.0008    0.79270    0.79268          1     8.0291     7.9853      98.65     0.3434     0.2854  1.000e-12  0.1127000     7.3602     7.3598    -0.0004     5.8292     5.8288     23.778     24.303      0.479    1434.85    1434.85  0.000e+00
       9575     24.500     4.7337     4.7342     0.0004    0.79271    0.79268          1     8.0310     7.9892      98.64     0.3406     0.2905  1.000e-12  0.1184000     7.3602     7.3598    -0.0004     5.8292     5.8288     24.273     24.810      0.668    1434.86    1434.86  0.000e+00
       9590     25.000     4.7336     4.7342     0.0006    0.79271    0.79269          1     8.0316     7.9860      98.64     0.3417     0.3019  1.000e-12  0.1224000     7.3602     7.3598    -0.0004     5.8291     5.8288     24.768     25.316      0.804    1434.87    1434.87  0.000e+00
       9604     25.500     4.7330     4.7335     0.0006    0.79270    0.79267          1     8.0295     7.9852      98.64     0.3388     0.3082  1.000e-12  0.1243000     7.3602     7.3597    -0.0005     5.8291     5.8287     25.264     25.822      0.835    1434.87    1434.87  0.000e+00
       9619     26.000     4.7333     4.7341     0.0007    0.79272    0.79270          1     8.0337     7.9900      98.63     0.3471     0.3166  1.000e-12  0.1131000     7.3602     7.3598    -0.0004     5.8292     5.8288     25.759     26.328      0.771    1434.88    1434.89  0.000e+00
       9636     26.500     4.7333     4.7340     0.0007    0.79272    0.79269          1     8.0352     7.9977      98.63     0.3452     0.3451  1.000e-12  0.1132000     7.3601     7.3597    -0.0005     5.8291     5.8287     26.254     26.835      0.629    1434.89    1434.89  0.000e+00
       9660     27.000     4.7330     4.7337     0.0007    0.79271    0.79269          1     8.0369     8.0015      98.64     0.3520     0.3177  1.000e-12  0.1219000     7.3600     7.3596    -0.0004     5.8290     5.8287     26.750     27.341      0.405    1434.90    1434.90  0.000e+00
       9748     27.500     4.7332     4.7339     0.0006    0.79273    0.79270          1     8.0473     7.9987      98.64     0.3632     0.3057  1.000e-12  0.1143000     7.3601     7.3596    -0.0005     5.8291     5.8287     27.245     27.847      0.229    1434.91    1434.91  0.000e+00
       9824     28.000     4.7331     4.7339     0.0008    0.79272    0.79270          1     8.0501     8.0007      98.65     0.3440     0.3193  1.000e-12  0.1166000     7.3600     7.3596    -0.0004     5.8290     5.8286     27.740     28.354      0.220    1434.91    1434.92  0.000e+00
       9871     28.500     4.7332     4.7338     0.0007    0.79272    0.79269          1     8.0418     7.9981      98.65     0.3335     0.3006  1.000e-12  0.1088000     7.3599     7.3595    -0.0004     5.8289     5.8286     28.236     28.860      0.380    1434.92    1434.92  0.000e+00
       9901     29.000     4.7331     4.7344     0.0013    0.79273    0.79274          1     8.0415     7.9926      98.65     0.3363     0.2977  1.000e-12  0.1153000     7.3599     7.3598    -0.0002     5.8289     5.8288     28.731     29.366      0.345    1434.93    1434.93  0.000e+00
       9940     29.500     4.7334     4.7341     0.0007    0.79276    0.79273          1     8.0474     7.9895      98.65     0.3675     0.2880  1.000e-12  0.1231000     7.3601     7.3596    -0.0005     5.8291     5.8287     29.226     29.873      0.376    1434.94    1434.94  0.000e+00
       9964     30.000     4.7342     4.7349     0.0007    0.79280    0.79278          1     8.0522     7.9848      98.65     0.3584     0.3228  1.000e-12  0.1072000     7.3603     7.3599    -0.0004     5.8292     5.8289     29.722     30.379      0.699    1434.95    1434.95  0.000e+00
