ctdpy/exports/archive_20191120_135557/received_data/SBE09_0827_20181013_0331_26_01_1088.cnv
* Sea-Bird SBE 9 Data File:
* FileName = D:\CTD_SBE911\DAT\26DA.2018.10.88.hex
* Software Version Seasave V 7.21d
* Temperature SN = 4548
* Conductivity SN = 3062
* Number of Bytes Per Scan = 48
* Number of Voltage Words = 5
* Number of Scans Averaged by the Deck Unit = 1
* NMEA Latitude = 55 33.72 N
* NMEA Longitude = 015 43.08 E
* NMEA UTC (Time) = Oct 13 2018  03:34:35
* NMEA baud rate = 4800
** Ship: DANA
** Average sound velocity: 1457.49 m/s
** True-depth calculation Thu, 28 Mar 2019 12:28:41 +0000
** CTD Python Module SMHI /ver 3-12/ feb 2012 
** LIMS Job: 20182601-1088
** Operator: Christian
** Cruise: 10/2018
# nquan = 26
# nvalues = 139                         
# units = specified
# name 0 = scan: Scan Count
# name 1 = prDM: Pressure, Digiquartz [db]
# name 2 = t090C: Temperature [ITS-90, deg C]
# name 3 = t190C: Temperature, 2 [ITS-90, deg C]
# name 4 = T2-T190C: Temperature Difference, 2 - 1 [ITS-90, deg C]
# name 5 = c0S/m: Conductivity [S/m]
# name 6 = c1S/m: Conductivity, 2 [S/m]
# name 7 = pumps: Pump Status
# name 8 = sbeox1ML/L: Oxygen, SBE 43, 2 [ml/l]
# name 9 = sbeox0ML/L: Oxygen, SBE 43 [ml/l]
# name 10 = altM: Altimeter [m]
# name 11 = chloroflTC0: Chlorophyll, Turner Cyclops [ug/l]
# name 12 = cpar: CPAR/Corrected Irradiance [%]
# name 13 = par: PAR/Irradiance, Biospherical/Lico [µE/(cm^2*s)]
# name 14 = spar: SPAR, Biospherical/Licor
# name 15 = sal00: Salinity, Practical [PSU]
# name 16 = sal11: Salinity, Practical, 2 [PSU]
# name 17 = secS-priS: Salinity, Practical, Difference, 2 - 1 [PSU]
# name 18 = sigma-t00: Density [sigma-t, kg/m^3 ]
# name 19 = sigma-t11: Density, 2 [sigma-t, kg/m^3 ]
# name 20 = depSM: Depth [salt water, m], lat = 55.562
# name 21 = depFM: Depth [true depth, m], lat = 55.562
# name 22 = dz/dtM: Descent Rate [m/s], WS = 2
# name 23 = svCM: Sound Velocity [Chen-Millero, m/s]
# name 24 = svCM1: Sound Velocity, 2 [Chen-Millero, m/s]
# name 25 = flag: flag
# span 0 =        183,       9124       
# span 1 =      1.500,     70.500       
# span 2 =     5.3059,    13.3591       
# span 3 =     5.2296,    13.3599       
# span 4 =    -0.6133,     0.3565       
# span 5 =   0.840880,   1.738866       
# span 6 =   0.840221,   1.738703       
# span 7 =          1,          1       
# span 8 =     0.0309,     7.7195       
# span 9 =     0.0385,     7.1824       
# span 10 =       0.92,       9.98      
# span 11 =     0.0159,     0.0395      
# span 12 = 4.9241e-11, 4.9241e-11      
# span 13 = 1.0000e-12, 1.0000e-12      
# span 14 = 2.0308e+00, 2.0308e+00      
# span 15 =     7.4899,    15.9844      
# span 16 =     7.4998,    15.9820      
# span 17 =    -0.0165,     0.1252      
# span 18 =     5.2115,    12.4614      
# span 19 =     5.2113,    12.4594      
# span 20 =      1.486,     69.849      
# span 21 =      1.520,     71.258      
# span 22 =     -0.420,      0.408      
# span 23 =    1438.98,    1469.30      
# span 24 =    1438.55,    1469.30      
# span 25 = 0.0000e+00, 0.0000e+00      
# interval = decibars: 0.5              
# start_time = Oct 13 2018 03:34:36 [NMEA time, first data scan]
# bad_flag = -9.990e-29
*END*
        183      1.500    13.3064    13.3064     0.0000    1.02335    1.02338          1     6.9775     6.5167       9.98     0.0364  4.924e-11  1.000e-12  2.031e+00     7.6199     7.6201     0.0002     5.2269     5.2271      1.486      1.520      0.290    1469.02    1469.02  0.000e+00
        217      2.000    13.2995    13.2999     0.0004    1.02334    1.02337          1     6.9766     6.5142       9.98     0.0348  4.924e-11  1.000e-12  2.031e+00     7.6211     7.6213     0.0001     5.2289     5.2289      1.982      2.026      0.284    1469.00    1469.01  0.000e+00
        290      2.500    13.2969    13.2974     0.0005    1.02335    1.02337          1     6.9824     6.5228       9.98     0.0371  4.924e-11  1.000e-12  2.031e+00     7.6216     7.6217     0.0001     5.2297     5.2297      2.477      2.533      0.280    1469.01    1469.01  0.000e+00
        328      3.000    13.3028    13.2992    -0.0036    1.02337    1.02339          1     6.9846     6.5251       9.98     0.0369  4.924e-11  1.000e-12  2.031e+00     7.6205     7.6214     0.0009     5.2279     5.2292      2.973      3.040      0.278    1469.03    1469.02  0.000e+00
        381      3.500    13.2826    13.2792    -0.0034    1.02327    1.02327          1     6.9679     6.5161       9.98     0.0374  4.924e-11  1.000e-12  2.031e+00     7.6237     7.6245     0.0008     5.2334     5.2345      3.468      3.546      0.216    1468.97    1468.96  0.000e+00
        431      4.000    13.2666    13.2531    -0.0134    1.02312    1.02309          1     6.9855     6.5222       9.98     0.0367  4.924e-11  1.000e-12  2.031e+00     7.6257     7.6281     0.0024     5.2373     5.2411      3.964      4.053      0.257    1468.93    1468.88  0.000e+00
        476      4.500    13.3178    13.3125    -0.0054    1.02331    1.02331          1     6.9678     6.5068       9.98     0.0354  4.924e-11  1.000e-12  2.031e+00     7.6170     7.6180     0.0010     5.2230     5.2246      4.459      4.560      0.276    1469.11    1469.09  0.000e+00
        520      5.000    13.3101    13.2781    -0.0319    1.02327    1.02317          1     6.9642     6.5128       9.98     0.0364  4.924e-11  1.000e-12  2.031e+00     7.6181     7.6236     0.0055     5.2250     5.2340      4.955      5.066      0.241    1469.09    1468.98  0.000e+00
        581      5.500    13.3364    13.3063    -0.0300    1.02338    1.02327          1     6.9612     6.5113       9.98     0.0377  4.924e-11  1.000e-12  2.031e+00     7.6137     7.6188     0.0051     5.2177     5.2261      5.450      5.573      0.259    1469.19    1469.08  0.000e+00
        616      6.000    13.3474    13.3486     0.0010    1.02342    1.02344          1     6.9614     6.5122       9.98     0.0348  4.924e-11  1.000e-12  2.031e+00     7.6118     7.6117    -0.0000     5.2146     5.2144      5.946      6.079      0.377    1469.23    1469.24  0.000e+00
        670      6.500    13.3501    13.3562     0.0062    1.02342    1.02346          1     6.9615     6.5049       9.98     0.0365  4.924e-11  1.000e-12  2.031e+00     7.6112     7.6103    -0.0009     5.2138     5.2122      6.441      6.586      0.246    1469.25    1469.27  0.000e+00
        725      7.000    13.3573    13.3599     0.0026    1.02347    1.02351          1     6.9641     6.5067       9.98     0.0354  4.924e-11  1.000e-12  2.031e+00     7.6101     7.6099    -0.0002     5.2119     5.2113      6.936      7.093      0.397    1469.28    1469.29  0.000e+00
        754      7.500    13.3591    13.3599     0.0008    1.02351    1.02357          1     6.9567     6.5080       9.98     0.0361  4.924e-11  1.000e-12  2.031e+00     7.6101     7.6104     0.0003     5.2115     5.2117      7.432      7.599      0.320    1469.30    1469.30  0.000e+00
        824      8.000    13.3577    13.3576    -0.0002    1.02352    1.02355          1     6.9706     6.5086       9.98     0.0360  4.924e-11  1.000e-12  2.031e+00     7.6103     7.6106     0.0002     5.2119     5.2121      7.927      8.106      0.278    1469.30    1469.30  0.000e+00
        863      8.500    13.3507    13.3303    -0.0205    1.02351    1.02355          1     6.9731     6.5075       9.98     0.0351  4.924e-11  1.000e-12  2.031e+00     7.6116     7.6160     0.0044     5.2139     5.2204      8.423      8.613      0.353    1469.28    1469.21  0.000e+00
        905      9.000    13.3074    13.2451    -0.0622    1.02370    1.02424          1     7.0017     6.5540       9.98     0.0376  4.924e-11  1.000e-12  2.031e+00     7.6217     7.6384     0.0167     5.2281     5.2502      8.918      9.119      0.219    1469.15    1468.94  0.000e+00
        971      9.500    13.2137    13.1873    -0.0263    1.02487    1.02493          1     7.0096     6.5637       9.98     0.0381  4.924e-11  1.000e-12  2.031e+00     7.6497     7.6554     0.0057     5.2636     5.2718      9.414      9.626      0.296    1468.85    1468.77  0.000e+00
       1007     10.000    13.1745    13.1472    -0.0273    1.02417    1.02351          1     7.0051     6.5478       9.98     0.0355  4.924e-11  1.000e-12  2.031e+00     7.6518     7.6520     0.0002     5.2709     5.2751      9.909     10.132      0.286    1468.72    1468.63  0.000e+00
       1061     10.500    13.1433    13.1324    -0.0110    1.02321    1.02297          1     6.9918     6.5383       9.98     0.0367  4.924e-11  1.000e-12  2.031e+00     7.6503     7.6506     0.0003     5.2743     5.2761     10.405     10.639      0.207    1468.62    1468.58  0.000e+00
       1110     11.000    13.1308    13.1266    -0.0042    1.02285    1.02284          1     6.9895     6.5401       9.98     0.0361  4.924e-11  1.000e-12  2.031e+00     7.6499     7.6506     0.0007     5.2758     5.2770     10.900     11.146      0.294    1468.58    1468.57  0.000e+00
       1156     11.500    13.1250    13.1194    -0.0056    1.02273    1.02262          1     6.9863     6.5327       9.98     0.0367  4.924e-11  1.000e-12  2.031e+00     7.6500     7.6502     0.0003     5.2767     5.2778     11.395     11.652      0.223    1468.57    1468.55  0.000e+00
       1210     12.000    13.1147    13.1059    -0.0088    1.02238    1.02216          1     6.9759     6.5213       9.98     0.0364  4.924e-11  1.000e-12  2.031e+00     7.6491     7.6492     0.0000     5.2776     5.2789     11.891     12.159      0.269    1468.54    1468.51  0.000e+00
       1252     12.500    13.1031    13.0933    -0.0099    1.02201    1.02176          1     6.9797     6.5277       9.98     0.0369  4.924e-11  1.000e-12  2.031e+00     7.6485     7.6484    -0.0001     5.2787     5.2801     12.386     12.665      0.245    1468.50    1468.47  0.000e+00
       1309     13.000    13.0885    13.0769    -0.0116    1.02155    1.02125          1     6.9684     6.5188       9.98     0.0395  4.924e-11  1.000e-12  2.031e+00     7.6476     7.6475    -0.0001     5.2802     5.2818     12.882     13.172      0.249    1468.46    1468.42  0.000e+00
       1347     13.500    13.0766    13.0693    -0.0073    1.02123    1.02117          1     6.9632     6.5137       9.98     0.0367  4.924e-11  1.000e-12  2.031e+00     7.6474     7.6483     0.0010     5.2818     5.2836     13.377     13.679      0.304    1468.42    1468.40  0.000e+00
       1400     14.000    13.0702    13.0592    -0.0110    1.02114    1.02094          1     6.9609     6.5103       9.98     0.0384  4.924e-11  1.000e-12  2.031e+00     7.6479     7.6484     0.0005     5.2831     5.2851     13.873     14.185      0.217    1468.41    1468.37  0.000e+00
       1448     14.500    13.0618    13.0518    -0.0100    1.02093    1.02071          1     6.9620     6.5127       9.98     0.0361  4.924e-11  1.000e-12  2.031e+00     7.6478     7.6480     0.0002     5.2843     5.2859     14.368     14.692      0.338    1468.39    1468.35  0.000e+00
       1485     15.000    13.0512    13.0384    -0.0128    1.02067    1.02047          1     6.9587     6.5069       9.98     0.0365  4.924e-11  1.000e-12  2.031e+00     7.6478     7.6487     0.0010     5.2858     5.2884     14.864     15.198      0.250    1468.36    1468.31  0.000e+00
       1547     15.500    13.0453    13.0305    -0.0148    1.02063    1.02051          1     6.9947     6.5004       9.98     0.0363  4.924e-11  1.000e-12  2.031e+00     7.6486     7.6506     0.0020     5.2872     5.2909     15.359     15.705      0.259    1468.34    1468.29  0.000e+00
       1585     16.000    13.0171    12.9235    -0.0936    1.01995    1.01709          1     6.9761     6.4732       9.98     0.0376  4.924e-11  1.000e-12  2.031e+00     7.6486     7.6443    -0.0043     5.2914     5.3015     15.854     16.212      0.296    1468.25    1467.91  0.000e+00
       1636     16.500    12.8837    12.6564    -0.2271    1.01544    1.00780          1     6.9512     6.4617       9.98     0.0367  4.924e-11  1.000e-12  2.031e+00     7.6388     7.6224    -0.0165     5.3030     5.3225     16.350     16.718      0.220    1467.77    1466.92  0.000e+00
       1682     17.000    12.6290    12.4198    -0.2091    1.00623    1.00023          1     6.9070     6.4506       9.98     0.0362  4.924e-11  1.000e-12  2.031e+00     7.6150     7.6080    -0.0070     5.3206     5.3443     16.845     17.225      0.311    1466.82    1466.05  0.000e+00
       1724     17.500    12.4158    12.2000    -0.2158    0.99987    0.99393          1     6.8822     6.4502       9.98     0.0360  4.924e-11  1.000e-12  2.031e+00     7.6058     7.6005    -0.0053     5.3431     5.3684     17.341     17.731      0.242    1466.04    1465.24  0.000e+00
       1775     18.000    12.1423    12.0499    -0.0925    0.99240    0.99050          1     6.8442     6.4374       9.98     0.0337  4.924e-11  1.000e-12  2.031e+00     7.5996     7.6025     0.0029     5.3754     5.3900     17.836     18.238      0.271    1465.03    1464.70  0.000e+00
       1816     18.500    12.0365    11.9923    -0.0440    0.99153    0.99138          1     6.8312     6.3994       9.98     0.0352  4.924e-11  1.000e-12  2.031e+00     7.6137     7.6214     0.0077     5.4005     5.4123     18.332     18.744      0.278    1464.67    1464.51  0.000e+00
       1865     19.000    12.1854    12.2262     0.0407    1.00391    1.00677          1     6.7795     6.3589       9.98     0.0323  4.924e-11  1.000e-12  2.031e+00     7.6856     7.7008     0.0152     5.4360     5.4423     18.827     19.251      0.233    1465.31    1465.48  0.000e+00
       1913     19.500    12.3923    12.4360     0.0435    1.01718    1.01961          1     6.7677     6.3204       9.98     0.0297  4.924e-11  1.000e-12  2.031e+00     7.7525     7.7634     0.0109     5.4596     5.4620     19.322     19.757      0.277    1466.16    1466.33  0.000e+00
       1955     20.000    12.6290    12.6515     0.0226    1.03123    1.03268          1     6.7637     6.3323       9.98     0.0280  4.924e-11  1.000e-12  2.031e+00     7.8188     7.8260     0.0072     5.4779     5.4802     19.818     20.264      0.273    1467.11    1467.20  0.000e+00
       2002     20.500    12.5815    12.5568    -0.0246    1.03099    1.03077          1     6.8636     6.4164       9.98     0.0274  4.924e-11  1.000e-12  2.031e+00     7.8266     7.8299     0.0034     5.4905     5.4965     20.313     20.770      0.243    1466.95    1466.87  0.000e+00
       2050     21.000    12.1432    11.9561    -0.1878    1.01451    1.00916          1     6.8745     6.4628       9.98     0.0280  4.924e-11  1.000e-12  2.031e+00     7.7815     7.7757    -0.0058     5.5155     5.5357     20.809     21.277      0.268    1465.30    1464.60  0.000e+00
       2091     21.500    11.1259    10.8174    -0.3077    0.97829    0.97017          1     7.0388     6.5763       9.98     0.0266  4.924e-11  1.000e-12  2.031e+00     7.6892     7.6845    -0.0047     5.5742     5.6080     21.304     21.783      0.296    1461.40    1460.22  0.000e+00
       2141     22.000    10.4426    10.1886    -0.2545    0.95577    0.94872          1     7.2057     6.8143       9.98     0.0256  4.924e-11  1.000e-12  2.031e+00     7.6394     7.6317    -0.0077     5.6166     5.6392     21.799     22.290      0.211    1458.74    1457.75  0.000e+00
       2192     22.500     9.6441     9.3967    -0.2475    0.92920    0.92429          1     7.2901     6.8336       9.98     0.0257  4.924e-11  1.000e-12  2.031e+00     7.5757     7.5844     0.0088     5.6537     5.6855     22.295     22.796      0.321    1455.57    1454.61  0.000e+00
       2227     23.000     9.0714     8.9280    -0.1438    0.91157    0.90859          1     7.4757     6.9762       9.98     0.0252  4.924e-11  1.000e-12  2.031e+00     7.5403     7.5441     0.0038     5.6832     5.6998     22.790     23.303      0.294    1453.27    1452.71  0.000e+00
       2284     23.500     8.8766     8.7382    -0.1381    0.90576    0.90286          1     7.5101     7.0428       9.98     0.0278  4.924e-11  1.000e-12  2.031e+00     7.5296     7.5329     0.0033     5.6934     5.7088     23.286     23.809      0.239    1452.49    1451.94  0.000e+00
       2326     24.000     8.5430     8.3755    -0.1677    0.89532    0.89191          1     7.5613     7.0470       9.98     0.0275  4.924e-11  1.000e-12  2.031e+00     7.5064     7.5111     0.0047     5.7056     5.7240     23.781     24.315      0.355    1451.13    1450.46  0.000e+00
       2362     24.500     8.3144     8.1702    -0.1439    0.88920    0.88616          1     7.6532     7.1327       9.98     0.0251  4.924e-11  1.000e-12  2.031e+00     7.4995     7.5025     0.0030     5.7203     5.7348     24.277     24.822      0.275    1450.21    1449.63  0.000e+00
       2423     25.000     8.1620     8.0042    -0.1578    0.88561    0.88237          1     7.5395     7.1202       9.98     0.0256  4.924e-11  1.000e-12  2.031e+00     7.4992     7.5033     0.0041     5.7329     5.7492     24.772     25.328      0.254    1449.59    1448.96  0.000e+00
       2462     25.500     7.8937     7.8407    -0.0519    0.87833    0.87818          1     7.6417     7.1824       9.98     0.0256  4.924e-11  1.000e-12  2.031e+00     7.4899     7.4998     0.0099     5.7477     5.7597     25.267     25.834      0.365    1448.50    1448.29  0.000e+00
       2497     26.000     8.0383     8.2543     0.2143    0.88641    0.89559          1     7.6444     7.1615       9.98     0.0254  4.924e-11  1.000e-12  2.031e+00     7.5328     7.5703     0.0375     5.7694     5.7809     25.763     26.341      0.268    1449.15    1450.08  0.000e+00
       2565     26.500     8.1606     8.1112    -0.0491    0.89196    0.89215          1     7.6242     7.0865       9.98     0.0280  4.924e-11  1.000e-12  2.031e+00     7.5573     7.5696     0.0123     5.7785     5.7922     26.258     26.847      0.275    1449.69    1449.50  0.000e+00
       2597     27.000     7.9179     7.8582    -0.0601    0.88648    0.88624          1     7.7195     7.0245       9.98     0.0281  4.924e-11  1.000e-12  2.031e+00     7.5593     7.5700     0.0107     5.8001     5.8132     26.754     27.353      0.398    1448.71    1448.48  0.000e+00
       2630     27.500     7.8476     7.5760    -0.2708    0.88635    0.88136          1     7.6873     6.9607       9.98     0.0273  4.924e-11  1.000e-12  2.031e+00     7.5732     7.5861     0.0129     5.8166     5.8475     27.249     27.860      0.263    1448.44    1447.34  0.000e+00
       2704     28.000     6.7214     6.1083    -0.6133    0.85697    0.84598          1     6.9083     6.6695       9.98     0.0233  4.924e-11  1.000e-12  2.031e+00     7.5447     7.5757     0.0310     5.8737     5.9369     27.744     28.366      0.310    1443.72    1441.17  0.000e+00
       2732     28.500     5.9063     5.7897    -0.1151    0.84088    0.84022          1     6.9314     6.7399       9.98     0.0211  4.924e-11  1.000e-12  2.031e+00     7.5715     7.5912     0.0197     5.9442     5.9660     28.240     28.872      0.403    1440.30    1439.83  0.000e+00
