ctdpy/exports/archive_20191120_135557/received_data/SBE09_0827_20180906_0358_26_01_0966.cnv
* Sea-Bird SBE 9 Data File:
* FileName = D:\CTD_SBE911\DAT\26DA.2018.9.16.hex
* Software Version Seasave V 7.21d
* Temperature SN = 034605
* Conductivity SN = 041844
* Number of Bytes Per Scan = 48
* Number of Voltage Words = 5
* Number of Scans Averaged by the Deck Unit = 1
* NMEA Latitude = 55 37.06 N
* NMEA Longitude = 014 52.06 E
* NMEA UTC (Time) = Sep 06 2018  04:00:46
* NMEA baud rate = 4800
** Ship: DANA
** Average sound velocity: 1462.80 m/s
** True-depth calculation Wed, 03 Apr 2019 09:31:06 +0000
** CTD Python Module SMHI /ver 3-12/ feb 2012 
** LIMS Job: 20182601-0966
**  HANØBUKTEN
** Operator: Christian
** Cruise: 09/2018
# nquan = 26
# nvalues = 150                         
# units = specified
# name 0 = scan: Scan Count
# name 1 = prDM: Pressure, Digiquartz [db]
# name 2 = t090C: Temperature [ITS-90, deg C]
# name 3 = t190C: Temperature, 2 [ITS-90, deg C]
# name 4 = T2-T190C: Temperature Difference, 2 - 1 [ITS-90, deg C]
# name 5 = c0S/m: Conductivity [S/m]
# name 6 = c1S/m: Conductivity, 2 [S/m]
# name 7 = pumps: Pump Status
# name 8 = sbeox1ML/L: Oxygen, SBE 43, 2 [ml/l]
# name 9 = sbeox0ML/L: Oxygen, SBE 43 [ml/l]
# name 10 = altM: Altimeter [m]
# name 11 = chloroflTC0: Chlorophyll, Turner Cyclops [ug/l]
# name 12 = cpar: CPAR/Corrected Irradiance [%]
# name 13 = par: PAR/Irradiance, Biospherical/Lico [µE/(cm^2*s)]
# name 14 = spar: SPAR, Biospherical/Licor
# name 15 = sal00: Salinity, Practical [PSU]
# name 16 = sal11: Salinity, Practical, 2 [PSU]
# name 17 = secS-priS: Salinity, Practical, Difference, 2 - 1 [PSU]
# name 18 = sigma-t00: Density [sigma-t, kg/m^3 ]
# name 19 = sigma-t11: Density, 2 [sigma-t, kg/m^3 ]
# name 20 = depSM: Depth [salt water, m], lat = 55.6177
# name 21 = depFM: Depth [true depth, m], lat = 55.6177
# name 22 = dz/dtM: Descent Rate [m/s], WS = 2
# name 23 = svCM: Sound Velocity [Chen-Millero, m/s]
# name 24 = svCM1: Sound Velocity, 2 [Chen-Millero, m/s]
# name 25 = flag: flag
# span 0 =        196,       8652       
# span 1 =      1.500,     76.000       
# span 2 =     3.7913,    18.4726       
# span 3 =     3.9213,    18.4724       
# span 4 =    -1.3008,     3.4006       
# span 5 =   0.805942,   1.811267       
# span 6 =   0.808640,   1.772804       
# span 7 =          1,          1       
# span 8 =     0.0668,     7.3173       
# span 9 =     0.0498,     7.5494       
# span 10 =       0.97,       9.98      
# span 11 =     0.0438,     0.2859      
# span 12 = 1.2249e-11, 2.4620e-11      
# span 13 = 1.0000e-12, 1.0000e-12      
# span 14 = 4.0617e+00, 8.1533e+00      
# span 15 =     7.4738,    16.2451      
# span 16 =     7.4865,    16.2372      
# span 17 =    -0.9193,     0.0950      
# span 18 =     4.2176,    12.6640      
# span 19 =     4.2142,    12.6576      
# span 20 =      1.486,     75.297      
# span 21 =      1.521,     76.855      
# span 22 =     -0.125,      0.306      
# span 23 =    1431.29,    1486.44      
# span 24 =    1431.90,    1486.44      
# span 25 = 0.0000e+00, 0.0000e+00      
# interval = decibars: 0.5              
# start_time = Sep 06 2018 04:00:46 [NMEA time, first data scan]
# bad_flag = -9.990e-29
*END*
[from data line 56]
       2853     29.500     4.8744     5.2662     0.3919    0.81646    0.82600          1     7.2884     7.5402       9.98     0.0847  2.462e-11  1.000e-12  4.062e+00     7.5645     7.5701     0.0056     5.9858     5.9742     29.230     29.910      0.270    1435.82    1437.55  0.000e+00
       2900     30.000     4.7870     5.1307     0.3437    0.81548    0.82355          1     7.3173     7.4589       9.98     0.0775  2.462e-11  1.000e-12  4.062e+00     7.5746     7.5766     0.0020     5.9971     5.9851     29.726     30.416      0.247    1435.46    1436.97  0.000e+00
       2945     30.500     4.6978     4.9946     0.2967    0.81400    0.82103          1     7.3099     7.5116       9.98     0.0797  2.462e-11  1.000e-12  4.062e+00     7.5802     7.5825     0.0023     6.0047     5.9954     30.221     30.923      0.284    1435.08    1436.39  0.000e+00
       2991     31.000     4.7730     4.8735     0.1006    0.81760    0.81905          1     7.2932     7.4156       9.98     0.0897  2.462e-11  1.000e-12  4.062e+00     7.5989     7.5903    -0.0086     6.0168     6.0063     30.717     31.429      0.249    1435.44    1435.87  0.000e+00
       3037     31.500     4.6253     4.8373     0.2121    0.81487    0.81900          1     7.2808     7.4141       9.98     0.0831  2.462e-11  1.000e-12  4.062e+00     7.6054     7.5981    -0.0073     6.0272     6.0138     31.212     31.935      0.280    1434.80    1435.73  0.000e+00
       3081     32.000     4.4926     4.7876     0.2949    0.81273    0.81852          1     7.2660     7.3875       9.98     0.0780  2.462e-11  1.000e-12  4.062e+00     7.6144     7.6046    -0.0098     6.0388     6.0208     31.707     32.441      0.254    1434.23    1435.53  0.000e+00
       3129     32.500     4.3561     4.6753     0.3192    0.80995    0.81697          1     7.2412     7.4142       9.98     0.0702  2.462e-11  1.000e-12  4.062e+00     7.6179     7.6148    -0.0031     6.0459     6.0330     32.203     32.948      0.255    1433.64    1435.05  0.000e+00
       3175     33.000     4.3426     4.5742     0.2316    0.81062    0.81502          1     7.2343     7.3785       9.98     0.0812  2.444e-11  1.000e-12  4.105e+00     7.6277     7.6185    -0.0092     6.0541     6.0394     32.698     33.454      0.260    1433.60    1434.62  0.000e+00
       3223     33.500     4.2728     4.5197     0.2471    0.80975    0.81440          1     7.2282     7.3842       9.98     0.0733  2.445e-11  1.000e-12  4.104e+00     7.6351     7.6248    -0.0103     6.0620     6.0462     33.194     33.960      0.252    1433.30    1434.39  0.000e+00
       3268     34.000     4.1890     4.4159     0.2270    0.80888    0.81282          1     7.1990     7.3113       9.98     0.0610  2.444e-11  1.000e-12  4.107e+00     7.6456     7.6328    -0.0128     6.0728     6.0559     33.689     34.466      0.269    1432.95    1433.95  0.000e+00
       3313     34.500     4.0265     4.3443     0.3175    0.80594    0.81183          1     7.1766     7.3755       9.98     0.0699  2.393e-11  1.000e-12  4.232e+00     7.6536     7.6393    -0.0143     6.0835     6.0633     34.184     34.972      0.259    1432.24    1433.64  0.000e+00
       3362     35.000     4.0860     4.2723     0.1863    0.80919    0.81075          1     7.1513     7.2989       9.98     0.0638  2.336e-11  1.000e-12  4.373e+00     7.6727     7.6451    -0.0277     6.0972     6.0700     34.680     35.479      0.248    1432.54    1433.34  0.000e+00
       3406     35.500     3.9905     4.1779     0.1874    0.80815    0.80990          1     7.1384     7.2815       9.98     0.0574  2.267e-11  1.000e-12  4.544e+00     7.6845     7.6584    -0.0261     6.1090     6.0833     35.175     35.985      0.289    1432.13    1432.94  0.000e+00
       3452     36.000     3.9198     4.1277     0.2080    0.80801    0.80978          1     7.1240     7.2258       9.98     0.0544  2.201e-11  1.000e-12  4.707e+00     7.6996     7.6689    -0.0307     6.1227     6.0930     35.670     36.491      0.235    1431.84    1432.74  0.000e+00
       3501     36.500     3.7913     4.0291     0.2377    0.80665    0.80927          1     7.0799     7.2355       9.98     0.0565  2.168e-11  1.000e-12  4.790e+00     7.7159     7.6867    -0.0292     6.1387     6.1098     36.166     36.997      0.277    1431.29    1432.33  0.000e+00
       3543     37.000     3.8402     3.9510     0.1109    0.81031    0.80864          1     7.0448     7.2133       9.98     0.0558  2.071e-11  1.000e-12  5.028e+00     7.7419     7.6985    -0.0433     6.1583     6.1212     36.661     37.503      0.275    1431.55    1432.00  0.000e+00
       3590     37.500     3.8858     3.9229     0.0371    0.81344    0.80928          1     7.0147     7.1385       9.98     0.0583  1.868e-11  1.000e-12  5.531e+00     7.7631     7.7116    -0.0515     6.1741     6.1323     37.157     38.009      0.254    1431.80    1431.90  0.000e+00
       3635     38.000     3.9425     3.9213    -0.0212    0.81704    0.81118          1     7.0023     7.1103       9.98     0.0537  1.852e-11  1.000e-12  5.570e+00     7.7864     7.7315    -0.0550     6.1912     6.1480     37.652     38.516      0.274    1432.09    1431.92  0.000e+00
       3680     38.500     4.1056     3.9443    -0.1613    0.82383    0.81357          1     6.9675     7.0133       9.98     0.0568  1.939e-11  1.000e-12  5.356e+00     7.8169     7.7504    -0.0665     6.2111     6.1625     38.147     39.022      0.260    1432.87    1432.06  0.000e+00
       3725     39.000     4.2943     3.9960    -0.2982    0.83259    0.81708          1     6.9135     6.9224       9.98     0.0545  1.766e-11  1.000e-12  5.783e+00     7.8608     7.7739    -0.0869     6.2405     6.1799     38.643     39.528      0.258    1433.78    1432.33  0.000e+00
       3774     39.500     4.2764     4.0853    -0.1912    0.83933    0.82110          1     6.8621     6.7586       9.98     0.0538  1.756e-11  1.000e-12  5.809e+00     7.9335     7.7936    -0.1399     6.2988     6.1932     39.138     40.034      0.245    1433.80    1432.76  0.000e+00
       3820     40.000     4.4812     4.2003    -0.2813    0.85257    0.82861          1     6.7998     6.7678       9.98     0.0569  1.660e-11  1.000e-12  6.047e+00     8.0179     7.8427    -0.1752     6.3590     6.2290     39.633     40.540      0.280    1434.83    1433.35  0.000e+00
       3863     40.500     5.0800     4.3188    -0.7609    0.87449    0.83872          1     6.6834     6.5833       9.98     0.0538  1.715e-11  1.000e-12  5.911e+00     8.0923     7.9169    -0.1754     6.3949     6.2843     40.129     41.046      0.267    1437.57    1433.98  0.000e+00
       3913     41.000     5.8980     4.6044    -1.2932    0.90968    0.84949          1     6.5810     6.3420       9.98     0.0539  1.689e-11  1.000e-12  5.976e+00     8.2397     7.9569    -0.2828     6.4713     6.3062     40.624     41.552      0.239    1441.31    1435.31  0.000e+00
       3956     41.500     6.4812     5.2348    -1.2466    0.94154    0.87744          1     6.5393     6.0539       9.98     0.0524  1.641e-11  1.000e-12  6.093e+00     8.4057     8.0840    -0.3217     6.5680     6.3817     41.120     42.058      0.306    1444.01    1438.25  0.000e+00
       3998     42.000     6.4588     5.6353    -0.8236    0.95708    0.89660          1     6.3885     5.8791       9.98     0.0562  1.658e-11  1.000e-12  6.052e+00     8.5610     8.1759    -0.3851     6.6916     6.4351     41.615     42.564      0.255    1444.12    1440.12  0.000e+00
       4048     42.500     6.5728     5.9543    -0.6184    0.97226    0.91735          1     6.2249     5.7972       9.97     0.0585  1.659e-11  1.000e-12  6.049e+00     8.6781     8.3010    -0.3771     6.7763     6.5170     42.110     43.070      0.251    1444.76    1441.65  0.000e+00
       4091     43.000     6.7885     6.2299    -0.5588    0.99086    0.93889          1     6.1008     5.6514       9.97     0.0542  1.641e-11  1.000e-12  6.093e+00     8.8016     8.4420    -0.3595     6.8590     6.6121     42.606     43.576      0.284    1445.83    1443.02  0.000e+00
       4139     43.500     6.8126     6.3742    -0.4383    0.99693    0.95329          1     5.9293     5.5953       9.98     0.0531  1.656e-11  1.000e-12  6.056e+00     8.8534     8.5452    -0.3082     6.8981     6.6845     43.101     44.081      0.225    1446.00    1443.77  0.000e+00
       4190     44.000     6.9115     6.5762    -0.3355    1.00646    0.97031          1     5.8127     5.5681       9.98     0.0553  1.641e-11  1.000e-12  6.094e+00     8.9189     8.6583    -0.2606     6.9425     6.7606     43.596     44.587      0.281    1446.51    1444.77  0.000e+00
       4231     44.500     7.1305     6.7151    -0.4155    1.02276    0.98542          1     5.7113     5.5124       9.97     0.0570  1.641e-11  1.000e-12  6.093e+00     9.0172     8.7680    -0.2492     7.0038     6.8376     44.092     45.093      0.262    1447.55    1445.50  0.000e+00
       4283     45.000     7.2286     6.9156    -0.3133    1.03728    1.00068          1     5.6115     5.4687       9.98     0.0510  1.641e-11  1.000e-12  6.093e+00     9.1294     8.8625    -0.2670     7.0846     6.8979     44.587     45.599      0.236    1448.11    1446.47  0.000e+00
       4327     45.500     7.1513     7.0801    -0.0702    1.05697    1.01982          1     5.5543     4.9933       9.97     0.0507  1.641e-11  1.000e-12  6.093e+00     9.3374     9.0023    -0.3351     7.2526     6.9959     45.082     46.104      0.291    1448.04    1447.34  0.000e+00
       4372     46.000     6.7053     7.1458     0.4392    1.05970    1.03205          1     5.4430     5.1669       9.97     0.0508  1.641e-11  1.000e-12  6.093e+00     9.4836     9.1015    -0.3822     7.3990     7.0689     45.578     46.610      0.240    1446.37    1447.74  0.000e+00
       4422     46.500     8.0971     6.9799    -1.1160    1.13127    1.03801          1     5.2983     4.9942       9.97     0.0493  1.641e-11  1.000e-12  6.093e+00     9.7786     9.2022    -0.5764     7.5215     7.1601     46.073     47.115      0.258    1452.49    1447.19  0.000e+00
       4467     47.000     7.9978     7.3262    -0.6720    1.13485    1.06785          1     5.2343     4.8551       9.97     0.0506  1.641e-11  1.000e-12  6.093e+00     9.8396     9.3930    -0.4466     7.5775     7.2837     46.569     47.621      0.263    1452.17    1448.87  0.000e+00
       4517     47.500     8.3587     7.6310    -0.7276    1.16885    1.09405          1     5.1092     4.8869       9.97     0.0545  1.641e-11  1.000e-12  6.093e+00    10.0538     9.5579    -0.4959     7.7120     7.3887     47.064     48.126      0.230    1453.90    1450.34  0.000e+00
       4565     48.000     9.1014     7.8004    -1.3008    1.21847    1.11312          1     5.0127     4.7063       9.97     0.0519  1.641e-11  1.000e-12  6.093e+00    10.2992     9.6905    -0.6087     7.8312     7.4783     47.559     48.631      0.273    1457.17    1451.20  0.000e+00
       4609     48.500     9.3223     8.1239    -1.1979    1.24302    1.13917          1     4.9542     4.5562       9.97     0.0479  1.641e-11  1.000e-12  6.093e+00    10.4588     9.8444    -0.6144     7.9323     7.5705     48.055     49.137      0.256    1458.25    1452.72  0.000e+00
       4658     49.000     9.4427     8.5786    -0.8646    1.26839    1.17307          1     4.8834     4.4070       9.97     0.0488  1.641e-11  1.000e-12  6.093e+00    10.6542    10.0311    -0.6231     8.0716     7.6742     48.550     49.642      0.245    1458.97    1454.78  0.000e+00
       4708     49.500     9.9101     8.7844    -1.1256    1.31390    1.19626          1     4.7785     4.3172       9.97     0.0473  1.641e-11  1.000e-12  6.093e+00    10.9257    10.1864    -0.7393     8.2303     7.7753     49.045     50.147      0.246    1461.12    1455.80  0.000e+00
       4753     50.000    10.2176     9.1967    -1.0212    1.34351    1.23551          1     4.6919     4.2486       9.97     0.0457  1.641e-11  1.000e-12  6.093e+00    11.0984    10.4267    -0.6717     8.3286     7.9206     49.541     50.652      0.269    1462.52    1457.74  0.000e+00
       4802     50.500    10.3072     9.4685    -0.8384    1.35531    1.26290          1     4.5704     4.2022       9.97     0.0471  1.641e-11  1.000e-12  6.093e+00    11.1764    10.5962    -0.5802     8.3785     8.0235     50.036     51.157      0.223    1462.97    1459.02  0.000e+00
       4855     51.000    10.3010     9.8465    -0.4544    1.36205    1.30677          1     4.4663     4.1271       9.97     0.0471  1.641e-11  1.000e-12  6.093e+00    11.2385    10.8808    -0.3577     8.4274     8.2029     50.531     51.662      0.262    1463.03    1460.84  0.000e+00
       4899     51.500    10.4588    10.0069    -0.4521    1.38016    1.32354          1     4.3820     4.0932       9.97     0.0469  1.641e-11  1.000e-12  6.093e+00    11.3512    10.9831    -0.3681     8.4956     8.2638     51.027     52.167      0.249    1463.77    1461.60  0.000e+00
       4952     52.000    10.6356    10.1902    -0.4455    1.39442    1.34656          1     4.2960     4.0610       9.97     0.0467  1.641e-11  1.000e-12  6.093e+00    11.4230    11.1338    -0.2892     8.5294     8.3593     51.522     52.672      0.231    1464.54    1462.49  0.000e+00
       5000     52.500    10.7644    10.3411    -0.4235    1.40450    1.36138          1     4.2373     4.0475       9.97     0.0456  1.641e-11  1.000e-12  6.093e+00    11.4721    11.2199    -0.2522     8.5512     8.4081     52.017     53.177      0.266    1465.09    1463.18  0.000e+00
       5044     53.000    10.9562    10.5059    -0.4501    1.41973    1.37849          1     4.1929     4.0644       9.97     0.0450  1.641e-11  1.000e-12  6.093e+00    11.5466    11.3215    -0.2251     8.5844     8.4668     52.513     53.682      0.261    1465.91    1463.94  0.000e+00
       5095     53.500    11.2154    10.6266    -0.5888    1.44379    1.39087          1     4.1433     4.0066       9.97     0.0455  1.641e-11  1.000e-12  6.093e+00    11.6765    11.3941    -0.2825     8.6511     8.5081     53.008     54.187      0.225    1467.05    1464.49  0.000e+00
       5144     54.000    11.3020    10.7969    -0.5050    1.46208    1.40323          1     4.1233     3.8783       9.97     0.0445  1.641e-11  1.000e-12  6.093e+00    11.8094    11.4504    -0.3589     8.7424     8.5303     53.503     54.692      0.267    1467.54    1465.21  0.000e+00
       5191     54.500    11.3307    11.0520    -0.2788    1.47510    1.43089          1     4.1021     3.7716       9.97     0.0440  1.641e-11  1.000e-12  6.093e+00    11.9142    11.6145    -0.2996     8.8196     8.6246     53.999     55.197      0.234    1467.78    1466.38  0.000e+00
       5242     55.000    11.5314    11.1621    -0.3692    1.50026    1.44644          1     4.0463     3.7212       9.97     0.0460  1.641e-11  1.000e-12  6.093e+00    12.0692    11.7165    -0.3527     8.9121     8.6891     54.494     55.702      0.247    1468.71    1466.92  0.000e+00
       5289     55.500    11.5572    11.2033    -0.3539    1.52991    1.45350          1     3.9841     3.5780       9.97     0.0440  1.641e-11  1.000e-12  6.093e+00    12.3198    11.7653    -0.5545     9.1024     8.7214     54.989     56.206      0.258    1469.12    1467.14  0.000e+00
       5335     56.000    11.5112    11.3367    -0.1746    1.54412    1.47392          1     3.9469     3.4538       9.97     0.0447  1.641e-11  1.000e-12  6.093e+00    12.4593    11.9016    -0.5577     9.2166     8.8091     55.485     56.711      0.263    1469.12    1467.81  0.000e+00
       5383     56.500    11.5845    11.4156    -0.1690    1.55411    1.49728          1     3.8585     3.4259       9.97     0.0438  1.641e-11  1.000e-12  6.093e+00    12.5220    12.0806    -0.4414     9.2550     8.9369     55.980     57.216      0.242    1469.48    1468.32  0.000e+00
