ctdpy/exports/archive_20191120_135557/received_data/SBE09_0827_20181012_0726_26_01_1078.cnv
* Sea-Bird SBE 9 Data File:
* FileName = D:\CTD_SBE911\DAT\26DA.2018.10.78.hex
* Software Version Seasave V 7.21d
* Temperature SN = 4548
* Conductivity SN = 3062
* Number of Bytes Per Scan = 48
* Number of Voltage Words = 5
* Number of Scans Averaged by the Deck Unit = 1
* NMEA Latitude = 56 04.55 N
* NMEA Longitude = 017 47.06 E
* NMEA UTC (Time) = Oct 12 2018  07:29:06
* NMEA baud rate = 4800
** Ship: DANA
** Average sound velocity: 1451.97 m/s
** True-depth calculation Thu, 28 Mar 2019 12:27:34 +0000
** CTD Python Module SMHI /ver 3-12/ feb 2012 
** LIMS Job: 20182601-1078
** Operator: Christian
** Cruise: 10/2018
# nquan = 26
# nvalues = 122                         
# units = specified
# name 0 = scan: Scan Count
# name 1 = prDM: Pressure, Digiquartz [db]
# name 2 = t090C: Temperature [ITS-90, deg C]
# name 3 = t190C: Temperature, 2 [ITS-90, deg C]
# name 4 = T2-T190C: Temperature Difference, 2 - 1 [ITS-90, deg C]
# name 5 = c0S/m: Conductivity [S/m]
# name 6 = c1S/m: Conductivity, 2 [S/m]
# name 7 = pumps: Pump Status
# name 8 = sbeox1ML/L: Oxygen, SBE 43, 2 [ml/l]
# name 9 = sbeox0ML/L: Oxygen, SBE 43 [ml/l]
# name 10 = altM: Altimeter [m]
# name 11 = chloroflTC0: Chlorophyll, Turner Cyclops [ug/l]
# name 12 = cpar: CPAR/Corrected Irradiance [%]
# name 13 = par: PAR/Irradiance, Biospherical/Lico [µE/(cm^2*s)]
# name 14 = spar: SPAR, Biospherical/Licor
# name 15 = sal00: Salinity, Practical [PSU]
# name 16 = sal11: Salinity, Practical, 2 [PSU]
# name 17 = secS-priS: Salinity, Practical, Difference, 2 - 1 [PSU]
# name 18 = sigma-t00: Density [sigma-t, kg/m^3 ]
# name 19 = sigma-t11: Density, 2 [sigma-t, kg/m^3 ]
# name 20 = depSM: Depth [salt water, m], lat = 56.0758
# name 21 = depFM: Depth [true depth, m], lat = 56.0758
# name 22 = dz/dtM: Descent Rate [m/s], WS = 2
# name 23 = svCM: Sound Velocity [Chen-Millero, m/s]
# name 24 = svCM1: Sound Velocity, 2 [Chen-Millero, m/s]
# name 25 = flag: flag
# span 0 =        138,       6322       
# span 1 =      1.500,     62.000       
# span 2 =     4.3062,    10.4549       
# span 3 =     4.2980,    10.4556       
# span 4 =    -0.3271,     0.1541       
# span 5 =   0.809038,   0.936183       
# span 6 =   0.809009,   0.936688       
# span 7 =          1,          1       
# span 8 =     3.6571,     7.4078       
# span 9 =     3.3538,     6.9338       
# span 10 =       0.49,       9.99      
# span 11 =     0.0168,     0.0308      
# span 12 = 7.8707e-14, 5.7120e+00      
# span 13 = 1.0000e-12, 7.0460e+01      
# span 14 = 1.2291e+03, 1.2705e+03      
# span 15 =     7.2979,     8.4992      
# span 16 =     7.2980,     8.5027      
# span 17 =    -0.0032,     0.0278      
# span 18 =     5.3504,     6.7398      
# span 19 =     5.3503,     6.7425      
# span 20 =      1.486,     61.426      
# span 21 =      1.520,     62.796      
# span 22 =     -0.476,      0.479      
# span 23 =    1433.74,    1458.37      
# span 24 =    1433.72,    1458.37      
# span 25 = 0.0000e+00, 0.0000e+00      
# interval = decibars: 0.5              
# start_time = Oct 12 2018 07:29:06 [NMEA time, first data scan]
# bad_flag = -9.990e-29
*END*
[from data line 112]
       5493     57.500     4.4098     4.4202     0.0104    0.86661    0.86736          1     4.8086     4.5705       5.60     0.0171  7.921e-14  1.000e-12  1.262e+03     8.1753     8.1803     0.0051     6.4863     6.4900     56.968     58.242      0.269    1434.99    1435.04  0.000e+00
       5556     58.000     4.4485     4.4464    -0.0022    0.86864    0.86933          1     4.7858     4.5266       5.03     0.0171  7.959e-14  1.000e-12  1.256e+03     8.1862     8.1937     0.0075     6.4937     6.4997     57.464     58.748      0.258    1435.18    1435.18  0.000e+00
       5596     58.500     4.4115     4.3963    -0.0151    0.87075    0.87168          1     4.7131     4.4726       4.55     0.0171  7.918e-14  1.000e-12  1.263e+03     8.2167     8.2300     0.0133     6.5192     6.5302     57.959     59.254      0.360    1435.06    1435.01  0.000e+00
       5642     59.000     4.3945     4.3925    -0.0021    0.87484    0.87637          1     4.5721     4.3384       3.96     0.0171  7.941e-14  1.000e-12  1.259e+03     8.2624     8.2785     0.0160     6.5560     6.5687     58.454     59.760      0.241    1435.06    1435.07  0.000e+00
       5706     59.500     4.4101     4.4207     0.0106    0.87912    0.88000          1     4.4124     4.1809       3.50     0.0168  7.947e-14  1.000e-12  1.258e+03     8.3020     8.3082     0.0062     6.5868     6.5913     58.950     60.266      0.362    1435.18    1435.24  0.000e+00
       5734     60.000     4.4658     4.4739     0.0081    0.88278    0.88327          1     4.3424     4.1293       2.97     0.0169  7.916e-14  1.000e-12  1.263e+03     8.3250     8.3278     0.0029     6.6031     6.6052     59.445     60.772      0.370    1435.47    1435.51  0.000e+00
       5786     60.500     4.4744     4.4808     0.0064    0.88319    0.88377          1     4.3175     4.0741       2.35     0.0171  7.940e-14  1.000e-12  1.260e+03     8.3269     8.3312     0.0043     6.6044     6.6075     59.940     61.278      0.223    1435.52    1435.55  0.000e+00
       5837     61.000     4.4843     4.4840    -0.0003    0.88469    0.88482          1     4.2744     4.0497       1.89     0.0171  7.913e-14  1.000e-12  1.264e+03     8.3396     8.3410     0.0014     6.6141     6.6152     60.436     61.784      0.338    1435.58    1435.59  0.000e+00
       5873     61.500     4.4888     4.4913     0.0024    0.89025    0.89185          1     4.1162     3.9411       1.30     0.0171  7.916e-14  1.000e-12  1.263e+03     8.3947     8.4104     0.0157     6.6576     6.6699     60.931     62.290      0.243    1435.68    1435.71  0.000e+00
       6322     62.000     4.5098     4.5081    -0.0015    0.90108    0.90138          1     3.6571     3.3538       0.49     0.0171  7.871e-14  1.000e-12  1.270e+03     8.4992     8.5027     0.0035     6.7398     6.7425     61.426     62.796     -0.476    1435.92    1435.92  0.000e+00
