ctdpy/exports/archive_20191120_135557/received_data/SBE09_0827_20180830_0959_26_01_0944.cnv
* Sea-Bird SBE 9 Data File:
* FileName = D:\CTD_SBE911\DAT\26DA.2018.8.144.hex
* Software Version Seasave V 7.21d
* Temperature SN = 034605
* Conductivity SN = 041844
* Number of Bytes Per Scan = 48
* Number of Voltage Words = 5
* Number of Scans Averaged by the Deck Unit = 1
* NMEA Latitude = 57 33.29 N
* NMEA Longitude = 011 11.73 E
* NMEA UTC (Time) = Aug 30 2018  10:02:11
* NMEA baud rate = 4800
** Ship: DANA
** Average sound velocity: 1509.72 m/s
** True-depth calculation Wed, 24 Apr 2019 11:52:32 +0000
** CTD Python Module SMHI /ver 3-12/ feb 2012 
** LIMS Job: 20182601-0944
**  7 NNW LÆSØ TRINDEL
** Operator: Christian
** Cruise: 08/2018
# nquan = 26
# nvalues = 87                          
# units = specified
# name 0 = scan: Scan Count
# name 1 = prDM: Pressure, Digiquartz [db]
# name 2 = t090C: Temperature [ITS-90, deg C]
# name 3 = t190C: Temperature, 2 [ITS-90, deg C]
# name 4 = T2-T190C: Temperature Difference, 2 - 1 [ITS-90, deg C]
# name 5 = c0S/m: Conductivity [S/m]
# name 6 = c1S/m: Conductivity, 2 [S/m]
# name 7 = pumps: Pump Status
# name 8 = sbeox1ML/L: Oxygen, SBE 43, 2 [ml/l]
# name 9 = sbeox0ML/L: Oxygen, SBE 43 [ml/l]
# name 10 = altM: Altimeter [m]
# name 11 = chloroflTC0: Chlorophyll, Turner Cyclops [ug/l]
# name 12 = cpar: CPAR/Corrected Irradiance [%]
# name 13 = par: PAR/Irradiance, Biospherical/Lico [µE/(cm^2*s)]
# name 14 = spar: SPAR, Biospherical/Licor
# name 15 = sal00: Salinity, Practical [PSU]
# name 16 = sal11: Salinity, Practical, 2 [PSU]
# name 17 = secS-priS: Salinity, Practical, Difference, 2 - 1 [PSU]
# name 18 = sigma-t00: Density [sigma-t, kg/m^3 ]
# name 19 = sigma-t11: Density, 2 [sigma-t, kg/m^3 ]
# name 20 = depSM: Depth [salt water, m], lat = 57.5548
# name 21 = depFM: Depth [true depth, m], lat = 57.5548
# name 22 = dz/dtM: Descent Rate [m/s], WS = 2
# name 23 = svCM: Sound Velocity [Chen-Millero, m/s]
# name 24 = svCM1: Sound Velocity, 2 [Chen-Millero, m/s]
# name 25 = flag: flag
# span 0 =       1025,       5483       
# span 1 =      1.500,     44.500       
# span 2 =    15.7022,    17.6412       
# span 3 =    15.6964,    17.6418       
# span 4 =    -0.1564,     0.0102       
# span 5 =   4.083942,   4.218475       
# span 6 =   4.084446,   4.218947       
# span 7 =          1,          1       
# span 8 =     4.8714,     5.6701       
# span 9 =     4.7405,     5.5134       
# span 10 =       0.56,       9.98      
# span 11 =     0.0440,     0.1948      
# span 12 = -1.736e-05, 8.7382e+00      
# span 13 = -9.484e-05, 4.6672e+01      
# span 14 = 5.3113e+02, 5.5175e+02      
# span 15 =    30.9945,    32.7735      
# span 16 =    30.9972,    32.7945      
# span 17 =    -0.0263,     0.0562      
# span 18 =    22.2945,    24.1020      
# span 19 =    22.2961,    24.1097      
# span 20 =      1.486,     44.085      
# span 21 =      1.494,     44.292      
# span 22 =     -0.096,      0.276      
# span 23 =    1506.99,    1511.34      
# span 24 =    1506.98,    1511.34      
# span 25 = 0.0000e+00, 0.0000e+00      
# interval = decibars: 0.5              
# start_time = Aug 30 2018 10:02:12 [NMEA time, first data scan]
# bad_flag = -9.990e-29
*END*
[from data line 56]
       3846     29.500    16.6809    16.6538    -0.0272    4.18806    4.18769          1     5.1027     4.9257       9.97     0.0449  6.601e-02  3.579e-01  5.422e+02    32.6276    32.6465     0.0190    23.7683    23.7891     29.226     29.371      0.236    1509.64    1509.57  0.000e+00
       3897     30.000    16.6324    16.6224    -0.0099    4.18456    4.18514          1     5.1127     4.9279       9.97     0.0440  6.046e-02  3.278e-01  5.422e+02    32.6365    32.6496     0.0131    23.7864    23.7987     29.721     29.869      0.238    1509.51    1509.49  0.000e+00
       3948     30.500    16.6165    16.6012    -0.0152    4.18335    4.18340          1     5.1053     4.9286       9.97     0.0448  5.522e-02  2.994e-01  5.422e+02    32.6387    32.6516     0.0129    23.7917    23.8051     30.216     30.366      0.233    1509.47    1509.44  0.000e+00
       3997     31.000    16.5984    16.5842    -0.0142    4.18187    4.18180          1     5.0966     4.9339       9.97     0.0446  5.067e-02  2.748e-01  5.422e+02    32.6404    32.6513     0.0109    23.7972    23.8088     30.712     30.864      0.265    1509.42    1509.39  0.000e+00
       4041     31.500    16.5812    16.5464    -0.0348    4.18028    4.17873          1     5.0944     4.9282       9.97     0.0453  4.582e-02  2.485e-01  5.423e+02    32.6404    32.6554     0.0149    23.8011    23.8206     31.207     31.361      0.266    1509.38    1509.29  0.000e+00
       4087     32.000    16.5654    16.5223    -0.0430    4.17907    4.17706          1     5.1086     4.9285       9.97     0.0446  4.121e-02  2.232e-01  5.417e+02    32.6426    32.6602     0.0176    23.8065    23.8299     31.702     31.858      0.260    1509.34    1509.23  0.000e+00
       4133     32.500    16.5359    16.4899    -0.0460    4.17683    4.17487          1     5.0975     4.9373       9.97     0.0465  3.769e-02  2.002e-01  5.311e+02    32.6470    32.6673     0.0203    23.8166    23.8427     32.197     32.356      0.251    1509.26    1509.15  0.000e+00
       4183     33.000    16.5047    16.4713    -0.0335    4.17483    4.17357          1     5.0981     4.9184       9.97     0.0484  3.307e-02  1.783e-01  5.394e+02    32.6547    32.6710     0.0164    23.8297    23.8499     32.693     32.853      0.243    1509.19    1509.10  0.000e+00
       4233     33.500    16.4787    16.4153    -0.0634    4.17306    4.17044          1     5.0897     4.9120       9.97     0.0477  2.880e-02  1.567e-01  5.442e+02    32.6604    32.6893     0.0289    23.8400    23.8767     33.188     33.351      0.230    1509.12    1508.96  0.000e+00
       4286     34.000    16.4261    16.2830    -0.1430    4.16945    4.16158          1     5.0498     4.8928       9.97     0.0476  2.515e-02  1.369e-01  5.443e+02    32.6716    32.7200     0.0483    23.8607    23.9304     33.683     33.848      0.235    1508.98    1508.60  0.000e+00
       4333     34.500    16.3264    16.1699    -0.1564    4.16187    4.15364          1     5.0295     4.8682       9.97     0.0498  2.160e-02  1.175e-01  5.443e+02    32.6867    32.7429     0.0562    23.8950    23.9737     34.179     34.345      0.262    1508.70    1508.28  0.000e+00
       4380     35.000    16.2272    16.0853    -0.1419    4.15525    4.14666          1     5.0098     4.8502       9.97     0.0526  1.824e-02  9.928e-02  5.443e+02    32.7098    32.7510     0.0412    23.9353    23.9991     34.674     34.843      0.248    1508.43    1508.04  0.000e+00
       4427     35.500    16.1526    16.0339    -0.1187    4.14886    4.14218          1     4.9894     4.8180       9.78     0.0541  1.523e-02  8.291e-02  5.443e+02    32.7148    32.7538     0.0390    23.9560    24.0128     35.169     35.340      0.274    1508.21    1507.89  0.000e+00
       4470     36.000    16.0810    16.0214    -0.0596    4.14376    4.14124          1     4.9932     4.8124       9.29     0.0566  1.224e-02  6.662e-02  5.443e+02    32.7287    32.7556     0.0269    23.9829    24.0170     35.665     35.838      0.271    1508.02    1507.86  0.000e+00
       4517     36.500    16.0419    16.0089    -0.0330    4.14096    4.14011          1     4.9809     4.8140       8.81     0.0498  9.062e-03  4.938e-02  5.449e+02    32.7360    32.7557     0.0197    23.9973    24.0199     36.160     36.335      0.245    1507.91    1507.83  0.000e+00
       4566     37.000    16.0157    15.9893    -0.0264    4.13902    4.13863          1     4.9564     4.8060       8.35     0.0491  5.614e-03  3.066e-02  5.462e+02    32.7402    32.7587     0.0185    24.0065    24.0266     36.655     36.832      0.248    1507.85    1507.78  0.000e+00
       4616     37.500    15.9907    15.9648    -0.0259    4.13739    4.13729          1     4.9727     4.8104       7.88     0.0495  1.957e-03  1.069e-02  5.463e+02    32.7463    32.7669     0.0206    24.0168    24.0384     37.150     37.330      0.232    1507.78    1507.73  0.000e+00
       4668     38.000    15.9562    15.9270    -0.0292    4.13556    4.13528          1     4.9746     4.8049       7.38     0.0486 -1.736e-05 -9.484e-05  5.463e+02    32.7585    32.7802     0.0217    24.0339    24.0571     37.646     37.827      0.244    1507.70    1507.63  0.000e+00
       4714     38.500    15.8896    15.8414    -0.0482    4.13016    4.12892          1     4.9708     4.7714       6.85     0.0510  3.264e-08  1.783e-07  5.463e+02    32.7655    32.7945     0.0290    24.0542    24.0873     38.141     38.324      0.258    1507.51    1507.39  0.000e+00
       4762     39.000    15.7835    15.7377    -0.0457    4.12035    4.11878          1     4.9093     4.7550       6.34     0.0498  1.830e-13  1.000e-12  5.463e+02    32.7663    32.7903     0.0240    24.0785    24.1072     38.636     38.821      0.256    1507.19    1507.07  0.000e+00
       4807     39.500    15.7468    15.7218    -0.0250    4.11704    4.11676          1     4.8899     4.7510       5.86     0.0471  1.830e-13  1.000e-12  5.463e+02    32.7671    32.7854     0.0183    24.0873    24.1070     39.132     39.319      0.276    1507.08    1507.02  0.000e+00
       4851     40.000    15.7204    15.7103    -0.0101    4.11506    4.11574          1     4.9056     4.7580       5.39     0.0458  1.829e-13  1.000e-12  5.466e+02    32.7712    32.7856     0.0144    24.0964    24.1097     39.627     39.816      0.260    1507.01    1507.00  0.000e+00
       4900     40.500    15.7155    15.7032    -0.0124    4.11457    4.11485          1     4.8843     4.7487       4.91     0.0500  1.825e-13  1.000e-12  5.479e+02    32.7707    32.7835     0.0128    24.0971    24.1096     40.122     40.313      0.238    1507.01    1506.98  0.000e+00
       4949     41.000    15.7090    15.7024    -0.0066    4.11414    4.11464          1     4.8891     4.7415       4.45     0.0483  1.824e-13  1.000e-12  5.483e+02    32.7721    32.7821     0.0100    24.0996    24.1087     40.618     40.811      0.254    1506.99    1506.98  0.000e+00
       4998     41.500    15.7109    15.7031    -0.0077    4.11436    4.11461          1     4.8911     4.7527       3.96     0.0479  1.824e-13  1.000e-12  5.483e+02    32.7724    32.7810     0.0087    24.0993    24.1078     41.113     41.308      0.232    1507.01    1506.99  0.000e+00
       5050     42.000    15.7094    15.7029    -0.0066    4.11433    4.11459          1     4.8933     4.7479       3.45     0.0476  1.824e-13  1.000e-12  5.483e+02    32.7731    32.7809     0.0078    24.1003    24.1077     41.608     41.805      0.235    1507.01    1507.00  0.000e+00
       5100     42.500    15.7084    15.7006    -0.0079    4.11430    4.11432          1     4.8821     4.7482       2.97     0.0482  1.822e-13  1.000e-12  5.489e+02    32.7735    32.7802     0.0067    24.1008    24.1077     42.103     42.302      0.246    1507.02    1507.00  0.000e+00
       5146     43.000    15.7070    15.7036    -0.0034    4.11417    4.11454          1     4.8881     4.7459       2.47     0.0497  1.818e-13  1.000e-12  5.501e+02    32.7733    32.7794     0.0061    24.1009    24.1064     42.599     42.800      0.270    1507.02    1507.02  0.000e+00
       5191     43.500    15.7070    15.7045    -0.0025    4.11419    4.11458          1     4.8844     4.7499       2.40     0.0502  1.817e-13  1.000e-12  5.504e+02    32.7733    32.7789     0.0056    24.1010    24.1058     43.094     43.297      0.256    1507.03    1507.03  0.000e+00
       5239     44.000    15.7062    15.6992    -0.0071    4.11415    4.11423          1     4.8714     4.7464       2.32     0.0468  1.817e-13  1.000e-12  5.504e+02    32.7734    32.7799     0.0065    24.1012    24.1078     43.589     43.794      0.249    1507.04    1507.02  0.000e+00
       5483     44.500    15.7022    15.6964    -0.0059    4.11379    4.11373          1     4.9051     4.7405       0.56     0.0457  1.812e-13  1.000e-12  5.518e+02    32.7733    32.7777     0.0044    24.1020    24.1067     44.085     44.292     -0.096    1507.03    1507.02  0.000e+00
