ctdpy/exports/archive_20191120_135557/received_data/SBE09_0827_20181011_0236_26_01_1066.cnv
* Sea-Bird SBE 9 Data File:
* FileName = D:\CTD_SBE911\DAT\26DA.2018.10.66.hex
* Software Version Seasave V 7.21d
* Temperature SN = 4548
* Conductivity SN = 3062
* Number of Bytes Per Scan = 48
* Number of Voltage Words = 5
* Number of Scans Averaged by the Deck Unit = 1
* NMEA Latitude = 57 07.39 N
* NMEA Longitude = 019 32.27 E
* NMEA UTC (Time) = Oct 11 2018  02:38:59
* NMEA baud rate = 4800
** Ship: DANA
** Average sound velocity: 1446.80 m/s
** True-depth calculation Thu, 28 Mar 2019 12:25:20 +0000
** CTD Python Module SMHI /ver 3-12/ feb 2012 
** LIMS Job: 20182601-1066
** Operator: Christian A-KTh
** Cruise: 10/2018
# nquan = 26
# nvalues = 299                         
# units = specified
# name 0 = scan: Scan Count
# name 1 = prDM: Pressure, Digiquartz [db]
# name 2 = t090C: Temperature [ITS-90, deg C]
# name 3 = t190C: Temperature, 2 [ITS-90, deg C]
# name 4 = T2-T190C: Temperature Difference, 2 - 1 [ITS-90, deg C]
# name 5 = c0S/m: Conductivity [S/m]
# name 6 = c1S/m: Conductivity, 2 [S/m]
# name 7 = pumps: Pump Status
# name 8 = sbeox1ML/L: Oxygen, SBE 43, 2 [ml/l]
# name 9 = sbeox0ML/L: Oxygen, SBE 43 [ml/l]
# name 10 = altM: Altimeter [m]
# name 11 = chloroflTC0: Chlorophyll, Turner Cyclops [ug/l]
# name 12 = cpar: CPAR/Corrected Irradiance [%]
# name 13 = par: PAR/Irradiance, Biospherical/Lico [µE/(cm^2*s)]
# name 14 = spar: SPAR, Biospherical/Licor
# name 15 = sal00: Salinity, Practical [PSU]
# name 16 = sal11: Salinity, Practical, 2 [PSU]
# name 17 = secS-priS: Salinity, Practical, Difference, 2 - 1 [PSU]
# name 18 = sigma-t00: Density [sigma-t, kg/m^3 ]
# name 19 = sigma-t11: Density, 2 [sigma-t, kg/m^3 ]
# name 20 = depSM: Depth [salt water, m], lat = 57.1232
# name 21 = depFM: Depth [true depth, m], lat = 57.1232
# name 22 = dz/dtM: Descent Rate [m/s], WS = 2
# name 23 = svCM: Sound Velocity [Chen-Millero, m/s]
# name 24 = svCM1: Sound Velocity, 2 [Chen-Millero, m/s]
# name 25 = flag: flag
# span 0 =        559,      16150       
# span 1 =      1.500,    150.500       
# span 2 =     3.3704,    11.0828       
# span 3 =     3.3721,    11.0834       
# span 4 =    -0.8373,     0.0204       
# span 5 =   0.774460,   1.426233       
# span 6 =   0.774033,   1.427117       
# span 7 =          1,          1       
# span 8 =     0.0237,     7.7304       
# span 9 =     0.0183,     7.2595       
# span 10 =       0.59,       9.99      
# span 11 =     0.0159,     0.0326      
# span 12 = 4.9241e-11, 4.9241e-11      
# span 13 = 1.0000e-12, 1.0000e-12      
# span 14 = 2.0308e+00, 2.0308e+00      
# span 15 =     6.9260,    13.0038      
# span 16 =     6.9260,    13.0113      
# span 17 =    -0.1246,     0.0611      
# span 18 =     4.9888,    10.1545      
# span 19 =     4.9888,    10.1602      
# span 20 =      1.486,    149.061      
# span 21 =      1.520,    152.155      
# span 22 =     -0.702,      0.468      
# span 23 =    1429.42,    1460.13      
# span 24 =    1429.43,    1460.12      
# span 25 = 0.0000e+00, 0.0000e+00      
# interval = decibars: 0.5              
# start_time = Oct 11 2018 02:38:59 [NMEA time, first data scan]
# bad_flag = -9.990e-29
*END*
[from data line 56]
       3128     29.500    10.9339    10.9064    -0.0274    0.88844    0.88795          1     7.2479     6.7533       9.97     0.0245  4.924e-11  1.000e-12  2.031e+00     6.9673     6.9683     0.0010     5.0384     5.0425     29.227     29.897      0.269    1459.93    1459.83  0.000e+00
       3174     30.000    10.8587    10.7311    -0.1277    0.88679    0.88416          1     7.2299     6.7403       9.97     0.0244  4.924e-11  1.000e-12  2.031e+00     6.9674     6.9694     0.0020     5.0474     5.0638     29.722     30.404      0.268    1459.65    1459.17  0.000e+00
       3216     30.500    10.6999    10.5613    -0.1385    0.88357    0.88143          1     7.2551     6.7249       9.97     0.0234  4.924e-11  1.000e-12  2.031e+00     6.9702     6.9784     0.0082     5.0680     5.0901     30.217     30.910      0.281    1459.06    1458.54  0.000e+00
       3262     31.000    10.5150    10.1638    -0.3508    0.88055    0.87574          1     7.2804     6.7230       9.97     0.0224  4.924e-11  1.000e-12  2.031e+00     6.9796     7.0057     0.0261     5.0963     5.1552     30.713     31.417      0.251    1458.37    1457.04  0.000e+00
       3309     31.500     9.9722     9.5544    -0.4182    0.87267    0.86716          1     7.2570     6.7631       9.97     0.0213  4.924e-11  1.000e-12  2.031e+00     7.0161     7.0495     0.0334     5.1839     5.2529     31.208     31.924      0.267    1456.32    1454.72  0.000e+00
       3354     32.000     8.8730     8.0355    -0.8373    0.85526    0.84333          1     7.1138     6.7325       9.97     0.0197  4.924e-11  1.000e-12  2.031e+00     7.0789     7.1401     0.0611     5.3402     5.4599     31.703     32.430      0.260    1452.05    1448.73  0.000e+00
       3401     32.500     7.6304     7.0993    -0.5314    0.83591    0.82894          1     7.3249     6.9428       9.97     0.0179  4.924e-11  1.000e-12  2.031e+00     7.1546     7.1997     0.0451     5.5050     5.5792     32.199     32.937      0.258    1447.11    1444.96  0.000e+00
       3445     33.000     7.1809     6.8111    -0.3698    0.82956    0.82486          1     7.4600     6.9739       9.97     0.0176  4.924e-11  1.000e-12  2.031e+00     7.1885     7.2218     0.0333     5.5646     5.6156     32.694     33.443      0.280    1445.29    1443.78  0.000e+00
       3489     33.500     6.6514     6.0588    -0.5924    0.82149    0.81299          1     7.4513     6.9982       9.97     0.0176  4.924e-11  1.000e-12  2.031e+00     7.2235     7.2684     0.0449     5.6268     5.6967     33.189     33.950      0.263    1443.12    1440.65  0.000e+00
       3534     34.000     5.8991     5.4325    -0.4668    0.80882    0.80223          1     7.5175     7.0744       9.97     0.0170  4.924e-11  1.000e-12  2.031e+00     7.2625     7.2993     0.0369     5.7008     5.7526     33.685     34.456      0.282    1439.97    1438.00  0.000e+00
       3577     34.500     5.4323     5.1172    -0.3152    0.80132    0.79727          1     7.5751     7.1181       9.97     0.0170  4.924e-11  1.000e-12  2.031e+00     7.2904     7.3195     0.0291     5.7456     5.7822     34.180     34.963      0.260    1437.99    1436.66  0.000e+00
       3626     35.000     5.0732     4.8293    -0.2440    0.79587    0.79288          1     7.6070     7.1347       9.97     0.0168  4.924e-11  1.000e-12  2.031e+00     7.3152     7.3393     0.0241     5.7806     5.8091     34.675     35.469      0.249    1436.46    1435.42  0.000e+00
       3671     35.500     4.7844     4.5873    -0.1969    0.79134    0.78907          1     7.6544     7.1692       9.97     0.0170  4.924e-11  1.000e-12  2.031e+00     7.3339     7.3549     0.0211     5.8064     5.8300     35.171     35.975      0.278    1435.22    1434.38  0.000e+00
       3716     36.000     4.5840     4.4110    -0.1731    0.78844    0.78652          1     7.6821     7.1835       9.97     0.0163  4.924e-11  1.000e-12  2.031e+00     7.3493     7.3686     0.0193     5.8256     5.8465     35.666     36.482      0.254    1434.36    1433.62  0.000e+00
       3761     36.500     4.4169     4.2594    -0.1575    0.78618    0.78429          1     7.6744     7.1820       9.97     0.0167  4.924e-11  1.000e-12  2.031e+00     7.3638     7.3800     0.0163     5.8424     5.8600     36.161     36.988      0.290    1433.65    1432.97  0.000e+00
       3802     37.000     4.2841     4.1135    -0.1706    0.78408    0.78194          1     7.6762     7.2056       9.97     0.0163  4.924e-11  1.000e-12  2.031e+00     7.3723     7.3890     0.0167     5.8531     5.8711     36.657     37.494      0.270    1433.07    1432.33  0.000e+00
       3850     37.500     4.1382     4.0116    -0.1265    0.78192    0.78045          1     7.6942     7.2339       9.97     0.0159  4.924e-11  1.000e-12  2.031e+00     7.3832     7.3968     0.0135     5.8658     5.8799     37.152     38.000      0.254    1432.44    1431.89  0.000e+00
       3894     38.000     4.0392     3.9639    -0.0754    0.78057    0.77998          1     7.7240     7.2524       9.97     0.0161  4.924e-11  1.000e-12  2.031e+00     7.3917     7.4027     0.0110     5.8752     5.8858     37.647     38.507      0.282    1432.02    1431.69  0.000e+00
       3938     38.500     3.9986     3.9335    -0.0651    0.78023    0.77984          1     7.7304     7.2541       9.97     0.0159  4.924e-11  1.000e-12  2.031e+00     7.3973     7.4081     0.0108     5.8806     5.8908     38.142     39.013      0.261    1431.85    1431.57  0.000e+00
       3986     39.000     3.9521     3.8958    -0.0563    0.77991    0.77960          1     7.7223     7.2399       9.97     0.0159  4.924e-11  1.000e-12  2.031e+00     7.4046     7.4141     0.0096     5.8875     5.8964     38.638     39.519      0.245    1431.66    1431.41  0.000e+00
       4033     39.500     3.9132     3.8466    -0.0666    0.77965    0.77906          1     7.6983     7.2232       9.97     0.0159  4.924e-11  1.000e-12  2.031e+00     7.4107     7.4198     0.0091     5.8933     5.9020     39.133     40.026      0.272    1431.50    1431.21  0.000e+00
       4075     40.000     3.8716     3.8005    -0.0711    0.77915    0.77832          1     7.6931     7.2267       9.97     0.0159  4.924e-11  1.000e-12  2.031e+00     7.4149     7.4226     0.0077     5.8976     5.9053     39.628     40.532      0.297    1431.32    1431.01  0.000e+00
       4119     40.500     3.8269     3.7662    -0.0607    0.77850    0.77785          1     7.6996     7.2430       9.97     0.0159  4.924e-11  1.000e-12  2.031e+00     7.4184     7.4255     0.0071     5.9014     5.9084     40.124     41.038      0.244    1431.13    1430.87  0.000e+00
       4169     41.000     3.7821     3.7217    -0.0604    0.77788    0.77709          1     7.7211     7.2595       9.97     0.0159  4.924e-11  1.000e-12  2.031e+00     7.4222     7.4278     0.0056     5.9053     5.9111     40.619     41.544      0.262    1430.94    1430.68  0.000e+00
       4211     41.500     3.7445     3.7202    -0.0244    0.77732    0.77741          1     7.7202     7.2444       9.97     0.0159  4.924e-11  1.000e-12  2.031e+00     7.4249     7.4314     0.0065     5.9083     5.9140     41.114     42.051      0.278    1430.78    1430.68  0.000e+00
       4259     42.000     3.7217     3.6588    -0.0628    0.77714    0.77615          1     7.6901     7.2274       9.97     0.0159  4.924e-11  1.000e-12  2.031e+00     7.4282     7.4325     0.0043     5.9114     5.9160     41.610     42.557      0.238    1430.69    1430.41  0.000e+00
       4307     42.500     3.6905     3.6966     0.0061    0.77672    0.77738          1     7.6904     7.2228       9.97     0.0159  4.924e-11  1.000e-12  2.031e+00     7.4309     7.4364     0.0054     5.9142     5.9184     42.105     43.063      0.261    1430.56    1430.60  0.000e+00
       4353     43.000     3.7042     3.6943    -0.0098    0.77734    0.77747          1     7.6606     7.1992       9.97     0.0159  4.924e-11  1.000e-12  2.031e+00     7.4342     7.4377     0.0035     5.9165     5.9195     42.600     43.570      0.260    1430.64    1430.60  0.000e+00
       4398     43.500     3.6939     3.6661    -0.0278    0.77724    0.77702          1     7.6508     7.2039       9.97     0.0159  4.924e-11  1.000e-12  2.031e+00     7.4354     7.4395     0.0041     5.9177     5.9215     43.095     44.076      0.264    1430.60    1430.48  0.000e+00
       4445     44.000     3.6783     3.6754    -0.0029    0.77715    0.77748          1     7.6634     7.2227       9.97     0.0159  4.924e-11  1.000e-12  2.031e+00     7.4380     7.4421     0.0041     5.9200     5.9233     43.591     44.582      0.264    1430.54    1430.53  0.000e+00
       4487     44.500     3.6845     3.6979     0.0135    0.77751    0.77815          1     7.6856     7.2249       9.97     0.0159  4.924e-11  1.000e-12  2.031e+00     7.4402     7.4437     0.0036     5.9217     5.9242     44.086     45.088      0.280    1430.58    1430.64  0.000e+00
       4538     45.000     3.7118     3.7322     0.0204    0.77846    0.77933          1     7.6715     7.1816       9.97     0.0159  4.924e-11  1.000e-12  2.031e+00     7.4436     7.4480     0.0043     5.9239     5.9269     44.581     45.595      0.215    1430.71    1430.81  0.000e+00
       4588     45.500     3.7111     3.6726    -0.0385    0.77867    0.77799          1     7.6355     7.1575       8.83     0.0159  4.924e-11  1.000e-12  2.031e+00     7.4459     7.4477     0.0017     5.9257     5.9279     45.077     46.101      0.282    1430.72    1430.55  0.000e+00
       4630     46.000     3.6705     3.5992    -0.0712    0.77774    0.77630          1     7.6135     7.1553       8.74     0.0159  4.924e-11  1.000e-12  2.031e+00     7.4456     7.4471     0.0015     5.9262     5.9288     45.572     46.607      0.277    1430.55    1430.22  0.000e+00
       4675     46.500     3.6046     3.5689    -0.0359    0.77629    0.77579          1     7.6062     7.1494       8.94     0.0159  4.924e-11  1.000e-12  2.031e+00     7.4456     7.4488     0.0031     5.9275     5.9307     46.067     47.113      0.252    1430.26    1430.10  0.000e+00
       4724     47.000     3.5754     3.5575    -0.0179    0.77595    0.77592          1     7.5837     7.1108       9.02     0.0159  4.924e-11  1.000e-12  2.031e+00     7.4487     7.4526     0.0039     5.9306     5.9340     46.563     47.620      0.253    1430.13    1430.06  0.000e+00
       4767     47.500     3.5613     3.5071    -0.0540    0.77587    0.77492          1     7.5535     7.1033       9.96     0.0159  4.924e-11  1.000e-12  2.031e+00     7.4511     7.4538     0.0028     5.9327     5.9358     47.058     48.126      0.290    1430.08    1429.84  0.000e+00
       4812     48.000     3.5078     3.4661    -0.0418    0.77479    0.77403          1     7.5725     7.1375       9.02     0.0159  4.924e-11  1.000e-12  2.031e+00     7.4522     7.4540     0.0018     5.9345     5.9367     47.553     48.632      0.246    1429.85    1429.66  0.000e+00
       4862     48.500     3.4838     3.4818    -0.0020    0.77446    0.77471          1     7.5911     7.1374       9.97     0.0159  4.924e-11  1.000e-12  2.031e+00     7.4543     7.4573     0.0030     5.9366     5.9390     48.048     49.139      0.243    1429.75    1429.74  0.000e+00
       4910     49.000     3.4875     3.4819    -0.0056    0.77481    0.77496          1     7.5677     7.1133       9.97     0.0159  4.924e-11  1.000e-12  2.031e+00     7.4570     7.4598     0.0029     5.9387     5.9410     48.544     49.645      0.268    1429.77    1429.75  0.000e+00
       4952     49.500     3.4817     3.4602    -0.0215    0.77487    0.77469          1     7.5347     7.0774       8.83     0.0159  4.924e-11  1.000e-12  2.031e+00     7.4588     7.4619     0.0031     5.9402     5.9430     49.039     50.151      0.284    1429.76    1429.67  0.000e+00
       4997     50.000     3.4616     3.4452    -0.0163    0.77468    0.77459          1     7.5076     7.0646       9.52     0.0159  4.924e-11  1.000e-12  2.031e+00     7.4615     7.4643     0.0028     5.9427     5.9452     49.534     50.657      0.255    1429.68    1429.61  0.000e+00
       5043     50.500     3.4479     3.4346    -0.0133    0.77463    0.77460          1     7.4924     7.0531       8.31     0.0159  4.924e-11  1.000e-12  2.031e+00     7.4640     7.4667     0.0027     5.9449     5.9473     50.030     51.164      0.269    1429.63    1429.57  0.000e+00
       5088     51.000     3.4353     3.4236    -0.0118    0.77465    0.77474          1     7.4643     7.0291       9.96     0.0159  4.924e-11  1.000e-12  2.031e+00     7.4671     7.4707     0.0036     5.9476     5.9507     50.525     51.670      0.266    1429.58    1429.53  0.000e+00
       5132     51.500     3.4253     3.4135    -0.0118    0.77503    0.77529          1     7.4419     7.0013       9.97     0.0159  4.924e-11  1.000e-12  2.031e+00     7.4732     7.4787     0.0054     5.9526     5.9571     51.020     52.176      0.270    1429.55    1429.51  0.000e+00
       5180     52.000     3.4160     3.4123    -0.0037    0.77549    0.77581          1     7.3833     6.9539       9.97     0.0159  4.924e-11  1.000e-12  2.031e+00     7.4801     7.4843     0.0041     5.9583     5.9616     51.515     52.682      0.238    1429.53    1429.51  0.000e+00
       5228     52.500     3.4156     3.4155    -0.0001    0.77624    0.77641          1     7.3391     6.9142       9.97     0.0159  4.924e-11  1.000e-12  2.031e+00     7.4879     7.4897     0.0018     5.9645     5.9659     52.011     53.189      0.282    1429.54    1429.55  0.000e+00
       5269     53.000     3.4143     3.4095    -0.0047    0.77655    0.77668          1     7.3063     6.8901       9.97     0.0159  4.924e-11  1.000e-12  2.031e+00     7.4913     7.4938     0.0025     5.9672     5.9693     52.506     53.695      0.278    1429.55    1429.53  0.000e+00
       5314     53.500     3.3867     3.3882     0.0014    0.77641    0.77651          1     7.2726     6.8638       9.97     0.0159  4.924e-11  1.000e-12  2.031e+00     7.4962     7.4969     0.0006     5.9716     5.9721     53.001     54.201      0.261    1429.44    1429.45  0.000e+00
       5362     54.000     3.3840     3.3855     0.0015    0.77672    0.77679          1     7.2506     6.8436       9.97     0.0159  4.924e-11  1.000e-12  2.031e+00     7.4999     7.5004     0.0004     5.9745     5.9749     53.497     54.707      0.239    1429.44    1429.45  0.000e+00
       5411     54.500     3.3778     3.3824     0.0046    0.77718    0.77719          1     7.2241     6.8307       9.97     0.0159  4.924e-11  1.000e-12  2.031e+00     7.5061     7.5051    -0.0010     5.9796     5.9787     53.992     55.214      0.266    1429.43    1429.44  0.000e+00
       5454     55.000     3.3744     3.3790     0.0046    0.77767    0.77764          1     7.1811     6.7931       9.97     0.0159  4.924e-11  1.000e-12  2.031e+00     7.5119     7.5105    -0.0014     5.9843     5.9831     54.487     55.720      0.270    1429.42    1429.44  0.000e+00
       5502     55.500     3.3704     3.3728     0.0024    0.77810    0.77805          1     7.1415     6.7574       9.97     0.0159  4.924e-11  1.000e-12  2.031e+00     7.5172     7.5161    -0.0011     5.9885     5.9876     54.982     56.226      0.234    1429.42    1429.43  0.000e+00
       5554     56.000     3.3717     3.3721     0.0005    0.77924    0.77914          1     7.0727     6.7017       9.97     0.0159  4.924e-11  1.000e-12  2.031e+00     7.5287     7.5275    -0.0012     5.9977     5.9967     55.478     56.732      0.247    1429.45    1429.45  0.000e+00
       5599     56.500     3.3946     3.3912    -0.0034    0.78131    0.78089          1     6.9857     6.6332       9.97     0.0159  4.924e-11  1.000e-12  2.031e+00     7.5447     7.5412    -0.0035     6.0101     6.0073     55.973     57.239      0.271    1429.58    1429.56  0.000e+00
