ctdpy/exports/archive_20191120_135557/received_data/SBE09_0827_20180828_1213_26_01_0925.cnv
* Sea-Bird SBE 9 Data File:
* FileName = D:\CTD_SBE911\DAT\26DA.2018.8.125.hex
* Software Version Seasave V 7.21d
* Temperature SN = 034605
* Conductivity SN = 041844
* Number of Bytes Per Scan = 48
* Number of Voltage Words = 5
* Number of Scans Averaged by the Deck Unit = 1
* NMEA Latitude = 57 05.51 N
* NMEA Longitude = 011 49.26 E
* NMEA UTC (Time) = Aug 28 2018  12:15:26
* NMEA baud rate = 4800
** Ship: DANA
** Average sound velocity: 1500.18 m/s
** True-depth calculation Thu, 28 Mar 2019 09:54:27 +0000
** CTD Python Module SMHI /ver 3-12/ feb 2012 
** LIMS Job: 20182601-0925
**  E FLADEN
** Operator: Christian
** Cruise: 08/2018
# nquan = 26
# nvalues = 119                         
# units = specified
# name 0 = scan: Scan Count
# name 1 = prDM: Pressure, Digiquartz [db]
# name 2 = t090C: Temperature [ITS-90, deg C]
# name 3 = t190C: Temperature, 2 [ITS-90, deg C]
# name 4 = T2-T190C: Temperature Difference, 2 - 1 [ITS-90, deg C]
# name 5 = c0S/m: Conductivity [S/m]
# name 6 = c1S/m: Conductivity, 2 [S/m]
# name 7 = pumps: Pump Status
# name 8 = sbeox1ML/L: Oxygen, SBE 43, 2 [ml/l]
# name 9 = sbeox0ML/L: Oxygen, SBE 43 [ml/l]
# name 10 = altM: Altimeter [m]
# name 11 = chloroflTC0: Chlorophyll, Turner Cyclops [ug/l]
# name 12 = cpar: CPAR/Corrected Irradiance [%]
# name 13 = par: PAR/Irradiance, Biospherical/Lico [µE/(cm^2*s)]
# name 14 = spar: SPAR, Biospherical/Licor
# name 15 = sal00: Salinity, Practical [PSU]
# name 16 = sal11: Salinity, Practical, 2 [PSU]
# name 17 = secS-priS: Salinity, Practical, Difference, 2 - 1 [PSU]
# name 18 = sigma-t00: Density [sigma-t, kg/m^3 ]
# name 19 = sigma-t11: Density, 2 [sigma-t, kg/m^3 ]
# name 20 = depSM: Depth [salt water, m], lat = 57.0918
# name 21 = depFM: Depth [true depth, m], lat = 57.0918
# name 22 = dz/dtM: Descent Rate [m/s], WS = 2
# name 23 = svCM: Sound Velocity [Chen-Millero, m/s]
# name 24 = svCM1: Sound Velocity, 2 [Chen-Millero, m/s]
# name 25 = flag: flag
# span 0 =       -173,       6263       
# span 1 =      1.000,     60.000       
# span 2 =     9.4294,    18.1918       
# span 3 =     9.4412,    18.1760       
# span 4 =    -0.1591,     1.5748       
# span 5 =   3.352914,   4.144865       
# span 6 =   3.353745,   4.136008       
# span 7 =          1,          1       
# span 8 =     4.2077,     6.0430       
# span 9 =     4.2163,     5.7087       
# span 10 =      -0.65,       9.98      
# span 11 =     0.0296,     0.3452      
# span 12 = 7.9979e-14, 1.0416e+01      
# span 13 = 1.0000e-12, 1.2965e+02      
# span 14 = 1.2009e+03, 1.2503e+03      
# span 15 =    24.8663,    33.3059      
# span 16 =    24.8743,    33.3147      
# span 17 =    -0.9564,     0.0457      
# span 18 =    17.5868,    25.7232      
# span 19 =    17.5952,    25.7282      
# span 20 =      0.991,     59.440      
# span 21 =      1.001,     59.755      
# span 22 =     -0.286,      0.554      
# span 23 =    1486.68,    1510.91      
# span 24 =    1486.73,    1510.79      
# span 25 = 0.0000e+00, 0.0000e+00      
# interval = decibars: 0.5              
# start_time = Aug 28 2018 12:15:27 [NMEA time, first data scan]
# bad_flag = -9.990e-29
*END*
[from data line 56]
       2961     29.000    16.0065    16.4838     0.4778    4.07066    4.10326          1     5.0978     4.8015       9.97     0.0418  5.741e-02  7.113e-01  1.239e+03    32.1479    32.0489    -0.0990    23.5534    23.3695     28.731     28.950      0.274    1507.00    1508.36  0.000e+00
       3009     29.500    15.9442    16.3814     0.4372    4.06609    4.09536          1     5.0811     4.7973       9.97     0.0419  5.270e-02  6.528e-01  1.239e+03    32.1579    32.0619    -0.0960    23.5751    23.4028     29.227     29.448      0.254    1506.83    1508.07  0.000e+00
       3050     30.000    15.8187    16.1356     0.3169    4.05602    4.08263          1     5.0487     4.7743       9.97     0.0428  4.882e-02  6.043e-01  1.238e+03    32.1707    32.1484    -0.0223    23.6128    23.5248     29.722     29.945      0.337    1506.46    1507.42  0.000e+00
       3086     30.500    15.7693    16.0380     0.2686    4.05299    4.07545          1     5.0407     4.7754       9.97     0.0435  4.434e-02  5.493e-01  1.239e+03    32.1839    32.1640    -0.0199    23.6340    23.5587     30.217     30.443      0.295    1506.33    1507.14  0.000e+00
       3132     31.000    15.7879    15.9394     0.1515    4.05924    4.06894          1     5.0169     4.8073       9.97     0.0433  4.046e-02  5.012e-01  1.239e+03    32.2239    32.1865    -0.0374    23.6605    23.5981     30.713     30.940      0.275    1506.44    1506.87  0.000e+00
       3169     31.500    15.7722    15.8787     0.1065    4.06444    4.06624          1     5.0068     4.7699       9.97     0.0428  3.723e-02  4.613e-01  1.239e+03    32.2826    32.2117    -0.0709    23.7091    23.6310     31.208     31.438      0.353    1506.47    1506.72  0.000e+00
       3206     32.000    15.6210    15.8612     0.2402    4.05380    4.06644          1     5.0214     4.7592       9.97     0.0429  3.336e-02  4.133e-01  1.239e+03    32.3116    32.2276    -0.0840    23.7649    23.6471     31.703     31.935      0.276    1506.04    1506.69  0.000e+00
       3259     32.500    15.4491    15.7475     0.2982    4.03930    4.06208          1     4.9716     4.7593       9.97     0.0436  3.058e-02  3.788e-01  1.239e+03    32.3233    32.2815    -0.0418    23.8117    23.7138     32.199     32.433      0.235    1505.52    1506.41  0.000e+00
       3302     33.000    15.4028    15.6218     0.2191    4.03522    4.05461          1     4.9645     4.7738       9.97     0.0419  2.746e-02  3.398e-01  1.237e+03    32.3248    32.3178    -0.0070    23.8230    23.7695     32.694     32.930      0.271    1505.38    1506.06  0.000e+00
       3354     33.500    15.3376    15.5227     0.1851    4.02926    4.04753          1     4.9782     4.7665       9.97     0.0407  2.472e-02  3.058e-01  1.237e+03    32.3249    32.3359     0.0109    23.8374    23.8052     33.189     33.428      0.236    1505.19    1505.78  0.000e+00
       3395     34.000    15.1110    15.4331     0.3221    4.01300    4.04035          1     4.9825     4.7523       9.97     0.0410  2.227e-02  2.755e-01  1.237e+03    32.3657    32.3452    -0.0205    23.9178    23.8321     33.685     33.925      0.316    1504.52    1505.52  0.000e+00
       3438     34.500    14.6976    15.3781     0.6806    3.97894    4.03592          1     5.0099     4.7196       9.97     0.0439  1.970e-02  2.436e-01  1.237e+03    32.4010    32.3508    -0.0502    24.0335    23.8484     34.180     34.422      0.262    1503.25    1505.36  0.000e+00
       3480     35.000    13.9593    15.1173     1.1579    3.92816    4.01821          1     4.9773     4.6671       9.97     0.0440  1.723e-02  2.135e-01  1.239e+03    32.5558    32.4071    -0.1487    24.3072    23.9484     34.675     34.920      0.327    1501.05    1504.61  0.000e+00
       3517     35.500    13.4648    14.7920     1.3276    3.88778    3.99442          1     4.9542     4.5903       9.97     0.0448  1.501e-02  1.860e-01  1.239e+03    32.6009    32.4624    -0.1386    24.4423    24.0608     35.171     35.417      0.289    1499.48    1503.64  0.000e+00
       3565     36.000    12.8219    14.3977     1.5748    3.83624    3.96873          1     4.9444     4.6292       9.97     0.0422  1.283e-02  1.590e-01  1.239e+03    32.6682    32.5584    -0.1099    24.6218    24.2181     35.666     35.914      0.242    1497.43    1502.49  0.000e+00
       3612     36.500    12.6566    13.9364     1.2803    3.82993    3.93238          1     4.9058     4.7516       9.97     0.0408  1.086e-02  1.346e-01  1.239e+03    32.7513    32.6136    -0.1377    24.7182    24.3565     36.161     36.411      0.252    1496.98    1501.07  0.000e+00
       3665     37.000    12.5794    13.4586     0.8791    3.82590    3.89841          1     4.8497     4.7755       9.97     0.0407  8.951e-03  1.109e-01  1.239e+03    32.7798    32.7050    -0.0748    24.7553    24.5242     36.657     36.908      0.222    1496.76    1499.61  0.000e+00
       3711     37.500    12.2847    12.9503     0.6660    3.80103    3.86143          1     4.8041     4.6893       9.97     0.0397  7.181e-03  8.893e-02  1.238e+03    32.7988    32.7951    -0.0036    24.8262    24.6949     37.152     37.405      0.299    1495.79    1498.03  0.000e+00
       3756     38.000    12.1761    12.7738     0.5977    3.79411    3.84702          1     4.8600     4.6841       9.97     0.0393  5.411e-03  6.703e-02  1.239e+03    32.8272    32.8115    -0.0157    24.8689    24.7421     37.647     37.902      0.231    1495.46    1497.47  0.000e+00
       3807     38.500    12.1602    12.4396     0.2796    3.79335    3.82342          1     4.8345     4.6890       9.97     0.0414  4.036e-03  5.000e-02  1.239e+03    32.8337    32.8776     0.0439    24.8769    24.8578     38.143     38.399      0.323    1495.42    1496.43  0.000e+00
       3838     39.000    12.0659    12.3685     0.3023    3.78652    3.81503          1     4.8352     4.6684       9.97     0.0393  2.436e-03  3.018e-02  1.239e+03    32.8505    32.8593     0.0088    24.9077    24.8572     38.638     38.895      0.330    1495.13    1496.17  0.000e+00
       3889     39.500    12.0204    12.2121     0.1919    3.78330    3.80363          1     4.8114     4.6784       9.97     0.0393  9.930e-04  1.232e-02  1.241e+03    32.8592    32.8867     0.0275    24.9229    24.9082     39.133     39.392      0.224    1494.99    1495.68  0.000e+00
       3934     40.000    11.9250    12.1043     0.1796    3.77576    3.79467          1     4.7691     4.6487       9.97     0.0419  6.246e-05  7.741e-04  1.240e+03    32.8701    32.8950     0.0249    24.9492    24.9350     39.628     39.889      0.316    1494.68    1495.33  0.000e+00
       3979     40.500    11.7111    12.0585     0.3474    3.75988    3.79120          1     4.7773     4.6540       9.97     0.0422  6.882e-08  8.529e-07  1.240e+03    32.9047    32.9015    -0.0032    25.0158    24.9487     40.124     40.386      0.224    1493.99    1495.19  0.000e+00
       4035     41.000    11.6605    11.8812     0.2208    3.75592    3.77793          1     4.7854     4.5857       9.97     0.0446  8.073e-14  1.000e-12  1.239e+03    32.9108    32.9294     0.0186    25.0298    25.0034     40.619     40.883      0.266    1493.83    1494.62  0.000e+00
       4076     41.500    11.2728    11.8279     0.5550    3.72692    3.77254          1     4.7631     4.5454       9.97     0.0453  8.072e-14  1.000e-12  1.239e+03    32.9716    32.9241    -0.0476    25.1475    25.0092     41.114     41.380      0.280    1492.57    1494.44  0.000e+00
       4122     42.000    11.1663    11.6648     0.4987    3.71839    3.76200          1     4.7327     4.5570       9.97     0.0453  8.072e-14  1.000e-12  1.239e+03    32.9826    32.9658    -0.0168    25.1752    25.0717     41.610     41.876      0.250    1492.21    1493.93  0.000e+00
       4170     42.500    11.1443    11.4880     0.3432    3.71665    3.74862          1     4.6956     4.5585       9.97     0.0446  8.072e-14  1.000e-12  1.239e+03    32.9850    32.9922     0.0073    25.1810    25.1246     42.105     42.373      0.265    1492.15    1493.36  0.000e+00
       4211     43.000    11.0759    11.3157     0.2401    3.71121    3.73545          1     4.6755     4.5013       9.97     0.0427  8.069e-14  1.000e-12  1.239e+03    32.9923    33.0165     0.0242    25.1989    25.1748     42.600     42.870      0.308    1491.93    1492.79  0.000e+00
       4255     43.500    10.8742    11.2382     0.3637    3.69469    3.72929          1     4.6554     4.4318       9.97     0.0448  8.059e-14  1.000e-12  1.241e+03    33.0097    33.0251     0.0155    25.2481    25.1954     43.096     43.367      0.234    1491.24    1492.54  0.000e+00
       4305     44.000    10.8346    11.0360     0.2015    3.69112    3.71400          1     4.6013     4.4106       9.97     0.0461  8.059e-14  1.000e-12  1.241e+03    33.0096    33.0553     0.0457    25.2550    25.2550     43.591     43.863      0.284    1491.11    1491.88  0.000e+00
       4348     44.500    10.8293    10.9846     0.1552    3.69068    3.70696          1     4.5574     4.4250       9.97     0.0441  8.059e-14  1.000e-12  1.241e+03    33.0098    33.0316     0.0218    25.2561    25.2457     44.086     44.360      0.240    1491.10    1491.68  0.000e+00
       4401     45.000    10.8216    10.8747     0.0533    3.69010    3.69855          1     4.5261     4.4275       9.97     0.0418  8.063e-14  1.000e-12  1.240e+03    33.0107    33.0469     0.0362    25.2582    25.2770     44.582     44.857      0.273    1491.09    1491.32  0.000e+00
       4442     45.500    10.8112    10.8587     0.0475    3.68938    3.69611          1     4.5034     4.4261       9.97     0.0433  8.059e-14  1.000e-12  1.241e+03    33.0127    33.0369     0.0242    25.2615    25.2720     45.077     45.354      0.263    1491.06    1491.26  0.000e+00
       4492     46.000    10.7871    10.8319     0.0448    3.68738    3.69370          1     4.4866     4.4137       9.97     0.0426  8.059e-14  1.000e-12  1.241e+03    33.0143    33.0369     0.0226    25.2670    25.2767     45.572     45.850      0.266    1490.98    1491.17  0.000e+00
       4532     46.500    10.7475    10.8174     0.0699    3.68431    3.69222          1     4.4938     4.3942       9.97     0.0423  8.047e-14  1.000e-12  1.243e+03    33.0192    33.0350     0.0158    25.2778    25.2778     46.067     46.347      0.289    1490.86    1491.12  0.000e+00
       4576     47.000    10.7250    10.7952     0.0703    3.68260    3.69031          1     4.4791     4.3912       9.97     0.0429  8.040e-14  1.000e-12  1.244e+03    33.0223    33.0358     0.0135    25.2841    25.2823     46.563     46.844      0.272    1490.79    1491.06  0.000e+00
       4619     47.500    10.6821    10.7699     0.0878    3.67922    3.68835          1     4.4555     4.3774       9.97     0.0434  8.033e-14  1.000e-12  1.245e+03    33.0271    33.0389     0.0118    25.2953    25.2892     47.058     47.340      0.283    1490.65    1490.98  0.000e+00
       4661     48.000    10.6478    10.7380     0.0901    3.67730    3.68586          1     4.4595     4.3850       9.97     0.0424  8.033e-14  1.000e-12  1.245e+03    33.0388    33.0427     0.0039    25.3104    25.2977     47.553     47.837      0.270    1490.55    1490.88  0.000e+00
       4713     48.500    10.6315    10.6987     0.0673    3.67635    3.68284          1     4.4478     4.3722       9.97     0.0436  8.028e-14  1.000e-12  1.246e+03    33.0438    33.0478     0.0040    25.3172    25.3086     48.049     48.334      0.230    1490.51    1490.75  0.000e+00
       4759     49.000    10.6158    10.6562     0.0404    3.67506    3.67995          1     4.4364     4.3818       9.97     0.0434  8.025e-14  1.000e-12  1.246e+03    33.0448    33.0572     0.0124    25.3207    25.3233     48.544     48.831      0.268    1490.46    1490.62  0.000e+00
       4807     49.500    10.5845    10.6445     0.0600    3.67262    3.67885          1     4.4399     4.3652       9.97     0.0441  8.033e-14  1.000e-12  1.245e+03    33.0486    33.0566     0.0080    25.3290    25.3248     49.039     49.327      0.253    1490.36    1490.59  0.000e+00
       4849     50.000    10.3444    10.6179     0.2736    3.65494    3.67682          1     4.4296     4.2820       9.97     0.0440  8.024e-14  1.000e-12  1.246e+03    33.0890    33.0602    -0.0288    25.4017    25.3322     49.534     49.824      0.305    1489.56    1490.51  0.000e+00
       4890     50.500    10.1011    10.5662     0.4648    3.63818    3.67399          1     4.4191     4.2809       9.97     0.0458  8.020e-14  1.000e-12  1.247e+03    33.1417    33.0785    -0.0632    25.4841    25.3554     50.030     50.321      0.295    1488.76    1490.35  0.000e+00
       4928     51.000     9.9988    10.4078     0.4092    3.63124    3.66345          1     4.4144     4.3054       9.95     0.0465  8.020e-14  1.000e-12  1.247e+03    33.1647    33.1165    -0.0483    25.5193    25.4124     50.525     50.817      0.334    1488.43    1489.84  0.000e+00
       4964     51.500     9.9382    10.3242     0.3860    3.62703    3.65738          1     4.3861     4.3278       9.61     0.0474  8.008e-14  1.000e-12  1.249e+03    33.1774    33.1313    -0.0461    25.5393    25.4382     51.020     51.314      0.324    1488.24    1489.57  0.000e+00
       5002     52.000     9.9012    10.1773     0.2760    3.62484    3.64860          1     4.3546     4.3333       9.12     0.0478  8.007e-14  1.000e-12  1.249e+03    33.1889    33.1767    -0.0123    25.5544    25.4985     51.516     51.810      0.306    1488.13    1489.10  0.000e+00
       5041     52.500     9.8798    10.0321     0.1522    3.62399    3.63730          1     4.3482     4.3508       8.64     0.0488  7.998e-14  1.000e-12  1.250e+03    33.1997    33.1951    -0.0046    25.5664    25.5374     52.011     52.307      0.297    1488.07    1488.61  0.000e+00
       5091     53.000     9.8740     9.9908     0.1167    3.62401    3.63390          1     4.3448     4.3533       8.16     0.0489  8.003e-14  1.000e-12  1.250e+03    33.2050    33.1982    -0.0068    25.5715    25.5468     52.506     52.803      0.234    1488.06    1488.48  0.000e+00
       5133     53.500     9.8410     9.9027     0.0618    3.62258    3.62860          1     4.3363     4.3627       7.65     0.0490  8.020e-14  1.000e-12  1.247e+03    33.2206    33.2252     0.0045    25.5892    25.5825     53.001     53.300      0.331    1487.97    1488.20  0.000e+00
       5183     54.000     9.7733     9.8722     0.0989    3.61859    3.62663          1     4.3445     4.3566       7.17     0.0507  8.041e-14  1.000e-12  1.244e+03    33.2422    33.2330    -0.0092    25.6172    25.5937     53.497     53.797      0.243    1487.76    1488.11  0.000e+00
       5230     54.500     9.6328     9.7847     0.1520    3.60903    3.62177          1     4.3621     4.3300       6.68     0.0509  8.059e-14  1.000e-12  1.241e+03    33.2741    33.2638    -0.0102    25.6652    25.6323     53.992     54.293      0.371    1487.30    1487.83  0.000e+00
       5261     55.000     9.5737     9.7414     0.1676    3.60509    3.61857          1     4.3701     4.3283       6.18     0.0512  8.059e-14  1.000e-12  1.241e+03    33.2881    33.2710    -0.0171    25.6858    25.6450     54.487     54.790      0.321    1487.11    1487.70  0.000e+00
       5309     55.500     9.5616     9.6870     0.1254    3.60417    3.61564          1     4.3543     4.3302       5.68     0.0517  8.071e-14  1.000e-12  1.239e+03    33.2897    33.2911     0.0014    25.6891    25.6697     54.982     55.286      0.263    1487.07    1487.53  0.000e+00
       5344     56.000     9.5543     9.6315     0.0772    3.60364    3.61138          1     4.3554     4.3317       5.18     0.0521  8.085e-14  1.000e-12  1.237e+03    33.2908    33.2987     0.0079    25.6911    25.6847     55.478     55.783      0.382    1487.05    1487.35  0.000e+00
