ctdpy/exports/archive_20191120_135557/received_data/SBE09_0827_20181010_1732_26_01_1062.cnv
* Sea-Bird SBE 9 Data File:
* FileName = D:\CTD_SBE911\DAT\26DA.2018.10.62.hex
* Software Version Seasave V 7.21d
* Temperature SN = 4548
* Conductivity SN = 3062
* Number of Bytes Per Scan = 48
* Number of Voltage Words = 5
* Number of Scans Averaged by the Deck Unit = 1
* NMEA Latitude = 57 34.91 N
* NMEA Longitude = 019 29.93 E
* NMEA UTC (Time) = Oct 10 2018  17:35:07
* NMEA baud rate = 4800
** Ship: DANA
** Average sound velocity: 1446.01 m/s
** True-depth calculation Thu, 28 Mar 2019 12:24:53 +0000
** CTD Python Module SMHI /ver 3-12/ feb 2012 
** LIMS Job: 20182601-1062
** Operator: Christian A-KTh
** Cruise: 10/2018
# nquan = 26
# nvalues = 194                         
# units = specified
# name 0 = scan: Scan Count
# name 1 = prDM: Pressure, Digiquartz [db]
# name 2 = t090C: Temperature [ITS-90, deg C]
# name 3 = t190C: Temperature, 2 [ITS-90, deg C]
# name 4 = T2-T190C: Temperature Difference, 2 - 1 [ITS-90, deg C]
# name 5 = c0S/m: Conductivity [S/m]
# name 6 = c1S/m: Conductivity, 2 [S/m]
# name 7 = pumps: Pump Status
# name 8 = sbeox1ML/L: Oxygen, SBE 43, 2 [ml/l]
# name 9 = sbeox0ML/L: Oxygen, SBE 43 [ml/l]
# name 10 = altM: Altimeter [m]
# name 11 = chloroflTC0: Chlorophyll, Turner Cyclops [ug/l]
# name 12 = cpar: CPAR/Corrected Irradiance [%]
# name 13 = par: PAR/Irradiance, Biospherical/Lico [µE/(cm^2*s)]
# name 14 = spar: SPAR, Biospherical/Licor
# name 15 = sal00: Salinity, Practical [PSU]
# name 16 = sal11: Salinity, Practical, 2 [PSU]
# name 17 = secS-priS: Salinity, Practical, Difference, 2 - 1 [PSU]
# name 18 = sigma-t00: Density [sigma-t, kg/m^3 ]
# name 19 = sigma-t11: Density, 2 [sigma-t, kg/m^3 ]
# name 20 = depSM: Depth [salt water, m], lat = 57.5818
# name 21 = depFM: Depth [true depth, m], lat = 57.5818
# name 22 = dz/dtM: Descent Rate [m/s], WS = 2
# name 23 = svCM: Sound Velocity [Chen-Millero, m/s]
# name 24 = svCM1: Sound Velocity, 2 [Chen-Millero, m/s]
# name 25 = flag: flag
# span 0 =         80,      11874       
# span 1 =      1.500,     98.000       
# span 2 =     3.5613,    12.0049       
# span 3 =     3.5705,    12.0021       
# span 4 =    -0.1753,     1.0061       
# span 5 =   0.764199,   1.217155       
# span 6 =   0.765068,   1.217178       
# span 7 =          1,          1       
# span 8 =     0.0414,     7.9224       
# span 9 =     0.0444,     7.4556       
# span 10 =       0.91,       9.97      
# span 11 =     0.0159,     0.0347      
# span 12 = 4.9241e-11, 4.9241e-11      
# span 13 = 1.0000e-12, 1.0000e-12      
# span 14 = 2.0308e+00, 2.0308e+00      
# span 15 =     6.7578,    11.1637      
# span 16 =     6.7579,    11.1635      
# span 17 =    -0.2728,     0.0040      
# span 18 =     4.7431,     8.7550      
# span 19 =     4.7436,     8.7548      
# span 20 =      1.486,     97.072      
# span 21 =      1.521,     99.189      
# span 22 =     -0.233,      0.529      
# span 23 =    1430.07,    1463.32      
# span 24 =    1430.12,    1463.32      
# span 25 = 0.0000e+00, 0.0000e+00      
# interval = decibars: 0.5              
# start_time = Oct 10 2018 17:35:08 [NMEA time, first data scan]
# bad_flag = -9.990e-29
*END*
[from data line 112]
       5706     57.500     3.9363     3.9348    -0.0015    0.79161    0.79120          1     7.0515     6.6753       9.97     0.0159  4.924e-11  1.000e-12  2.031e+00     7.5251     7.5212    -0.0039     5.9837     5.9806     56.961     58.259      0.193    1432.03    1432.02  0.000e+00
       5766     58.000     3.9389     3.9377    -0.0012    0.79230    0.79177          1     7.0179     6.6449       9.97     0.0159  4.924e-11  1.000e-12  2.031e+00     7.5315     7.5263    -0.0051     5.9887     5.9846     57.456     58.765      0.244    1432.06    1432.05  0.000e+00
       5810     58.500     3.9298     3.9354     0.0056    0.79337    0.79252          1     6.9634     6.6159       9.97     0.0159  4.924e-11  1.000e-12  2.031e+00     7.5444     7.5344    -0.0100     5.9992     5.9911     57.952     59.271      0.280    1432.04    1432.05  0.000e+00
       5856     59.000     3.9365     3.9341    -0.0023    0.79497    0.79410          1     6.8953     6.5656       9.97     0.0159  4.924e-11  1.000e-12  2.031e+00     7.5591     7.5508    -0.0083     6.0107     6.0042     58.447     59.778      0.231    1432.10    1432.08  0.000e+00
       5914     59.500     3.9325     3.9365     0.0040    0.79654    0.79524          1     6.8054     6.5098       9.97     0.0159  4.924e-11  1.000e-12  2.031e+00     7.5760     7.5618    -0.0142     6.0243     6.0129     58.942     60.284      0.213    1432.11    1432.11  0.000e+00
       5963     60.000     3.9056     3.9250     0.0194    0.79799    0.79673          1     6.6969     6.4548       9.97     0.0159  4.924e-11  1.000e-12  2.031e+00     7.5970     7.5796    -0.0174     6.0416     6.0273     59.437     60.790      0.253    1432.03    1432.09  0.000e+00
       6019     60.500     3.8497     3.8788     0.0290    0.80105    0.79934          1     6.5164     6.3123       9.97     0.0159  4.924e-11  1.000e-12  2.031e+00     7.6414     7.6171    -0.0243     6.0781     6.0581     59.933     61.296      0.212    1431.84    1431.94  0.000e+00
       6066     61.000     3.8672     3.8633    -0.0039    0.80416    0.80143          1     6.4163     6.2083       9.97     0.0159  4.924e-11  1.000e-12  2.031e+00     7.6691     7.6419    -0.0271     6.0998     6.0783     60.428     61.802      0.318    1431.96    1431.91  0.000e+00
       6110     61.500     3.8825     3.8796    -0.0029    0.80968    0.80662          1     6.2484     6.0819       9.97     0.0159  4.924e-11  1.000e-12  2.031e+00     7.7219     7.6913    -0.0307     6.1414     6.1171     60.923     62.309      0.220    1432.11    1432.05  0.000e+00
       6175     62.000     3.8766     3.8779     0.0013    0.81465    0.81091          1     6.0258     5.8881       9.97     0.0159  4.924e-11  1.000e-12  2.031e+00     7.7742     7.7355    -0.0386     6.1831     6.1523     61.418     62.815      0.281    1432.15    1432.11  0.000e+00
       6210     62.500     3.8859     3.8823    -0.0037    0.82185    0.81725          1     5.7682     5.7659       9.97     0.0159  4.924e-11  1.000e-12  2.031e+00     7.8458     7.7994    -0.0464     6.2398     6.2030     61.914     63.321      0.329    1432.30    1432.22  0.000e+00
       6257     63.000     3.8907     3.8878    -0.0029    0.82609    0.82310          1     5.5072     5.4892       9.97     0.0159  4.924e-11  1.000e-12  2.031e+00     7.8881     7.8581    -0.0299     6.2733     6.2495     62.409     63.827      0.211    1432.38    1432.33  0.000e+00
       6315     63.500     3.9124     3.8992    -0.0133    0.83442    0.82858          1     5.1800     5.2267       9.97     0.0159  4.924e-11  1.000e-12  2.031e+00     7.9683     7.9115    -0.0567     6.3364     6.2917     62.904     64.333      0.251    1432.59    1432.46  0.000e+00
       6363     64.000     4.0073     3.9564    -0.0510    0.85488    0.84328          1     4.4844     4.8322       9.97     0.0159  4.924e-11  1.000e-12  2.031e+00     8.1546     8.0483    -0.1063     6.4820     6.3989     63.399     64.839      0.223    1433.26    1432.90  0.000e+00
       6417     64.500     4.2346     4.0593    -0.1753    0.89312    0.86211          1     3.1385     4.2800       9.97     0.0159  4.924e-11  1.000e-12  2.031e+00     8.4884     8.2156    -0.2728     6.7402     6.5290     63.895     65.345      0.269    1434.72    1433.58  0.000e+00
       6456     65.000     4.4499     4.3305    -0.1193    0.92291    0.90407          1     2.0643     3.4747       9.97     0.0160  4.924e-11  1.000e-12  2.031e+00     8.7363     8.5753    -0.1610     6.9297     6.8061     64.390     65.851      0.276    1436.00    1435.27  0.000e+00
       6512     65.500     4.5371     4.4877    -0.0493    0.93601    0.92796          1     1.6281     2.2239       9.97     0.0161  4.924e-11  1.000e-12  2.031e+00     8.8465     8.7777    -0.0689     7.0140     6.9612     64.885     66.357      0.203    1436.54    1436.23  0.000e+00
       6562     66.000     4.5543     4.5230    -0.0313    0.94046    0.93486          1     1.5743     1.8450       9.97     0.0164  4.924e-11  1.000e-12  2.031e+00     8.8871     8.8385    -0.0486     7.0454     7.0081     65.380     66.862      0.303    1436.67    1436.47  0.000e+00
       6603     66.500     4.6208     4.5825    -0.0383    0.94895    0.94358          1     1.4916     1.6814       9.97     0.0163  4.924e-11  1.000e-12  2.031e+00     8.9554     8.9112    -0.0442     7.0970     7.0635     65.875     67.368      0.242    1437.06    1436.84  0.000e+00
       6663     67.000     4.7202     4.6518    -0.0683    0.96252    0.95304          1     1.1398     1.4434       9.97     0.0162  4.924e-11  1.000e-12  2.031e+00     9.0661     8.9885    -0.0776     7.1808     7.1221     66.371     67.874      0.208    1437.65    1437.25  0.000e+00
       6716     67.500     4.7827     4.7330    -0.0496    0.97057    0.96384          1     0.8610     1.1925       9.97     0.0165  4.924e-11  1.000e-12  2.031e+00     9.1306     9.0760    -0.0546     7.2293     7.1881     66.866     68.379      0.235    1438.02    1437.73  0.000e+00
       6767     68.000     4.8070     4.7766    -0.0305    0.97353    0.96953          1     0.7429     0.9287       9.97     0.0166  4.924e-11  1.000e-12  2.031e+00     9.1537     9.1216    -0.0321     7.2466     7.2224     67.361     68.885      0.251    1438.16    1437.99  0.000e+00
       6810     68.500     4.8352     4.8050    -0.0302    0.97836    0.97371          1     0.7276     0.8151       9.97     0.0164  4.924e-11  1.000e-12  2.031e+00     9.1948     9.1560    -0.0387     7.2779     7.2485     67.856     69.390      0.283    1438.35    1438.16  0.000e+00
       6863     69.000     4.8784     4.8530    -0.0254    0.98509    0.98134          1     0.7701     0.7380       9.97     0.0162  4.924e-11  1.000e-12  2.031e+00     9.2508     9.2200    -0.0308     7.3204     7.2971     68.352     69.896      0.190    1438.62    1438.46  0.000e+00
       6921     69.500     4.9339     4.8902    -0.0437    0.99304    0.98657          1     0.7010     0.7119       9.97     0.0160  4.924e-11  1.000e-12  2.031e+00     9.3157     9.2625    -0.0532     7.3693     7.3291     68.847     70.402      0.292    1438.95    1438.69  0.000e+00
       6960     70.000     4.9460     4.9301    -0.0160    0.99478    0.99255          1     0.6874     0.6699       9.97     0.0162  4.924e-11  1.000e-12  2.031e+00     9.3298     9.3117    -0.0181     7.3799     7.3663     69.342     70.907      0.271    1439.03    1438.94  0.000e+00
       7012     70.500     5.0037     4.9725    -0.0311    1.00332    0.99860          1     0.6017     0.6179       9.97     0.0163  4.924e-11  1.000e-12  2.031e+00     9.3998     9.3609    -0.0389     7.4326     7.4033     69.837     71.413      0.222    1439.38    1439.19  0.000e+00
       7059     71.000     5.0221     5.0004    -0.0217    1.00642    1.00281          1     0.5340     0.5648       9.97     0.0160  4.924e-11  1.000e-12  2.031e+00     9.4258     9.3955    -0.0303     7.4524     7.4294     70.332     71.918      0.272    1439.50    1439.36  0.000e+00
       7107     71.500     5.1222     5.0511    -0.0711    1.02021    1.00974          1     0.4139     0.4879       9.97     0.0159  4.924e-11  1.000e-12  2.031e+00     9.5364     9.4510    -0.0853     7.5351     7.4710     70.828     72.424      0.241    1440.08    1439.67  0.000e+00
       7154     72.000     5.2519     5.1477    -0.1043    1.03993    1.02368          1     0.2538     0.3969       9.97     0.0166  4.924e-11  1.000e-12  2.031e+00     9.6974     9.5639    -0.1335     7.6560     7.5556     71.323     72.929      0.266    1440.86    1440.24  0.000e+00
       7202     72.500     5.5094     5.3951    -0.1145    1.07616    1.05834          1     0.1347     0.2535       9.97     0.0163  4.924e-11  1.000e-12  2.031e+00     9.9854     9.8404    -0.1450     7.8699     7.7616     71.818     73.434      0.232    1442.35    1441.67  0.000e+00
       7254     73.000     5.6214     5.5135    -0.1076    1.09415    1.07696          1     0.1260     0.1505       9.97     0.0166  4.924e-11  1.000e-12  2.031e+00    10.1319     9.9921    -0.1398     7.9794     7.8750     72.313     73.940      0.242    1443.02    1442.38  0.000e+00
       7305     73.500     5.6616     5.6053    -0.0564    1.10082    1.09152          1     0.1361     0.1242       9.97     0.0167  4.924e-11  1.000e-12  2.031e+00    10.1862    10.1103    -0.0759     8.0199     7.9632     72.808     74.445      0.235    1443.27    1442.94  0.000e+00
       7350     74.000     5.7109     5.6551    -0.0559    1.11061    1.10043          1     0.1364     0.1192       9.97     0.0170  4.924e-11  1.000e-12  2.031e+00    10.2690    10.1842    -0.0847     8.0823     8.0187     73.304     74.950      0.310    1443.60    1443.25  0.000e+00
       7388     74.500     5.7361     5.7060    -0.0301    1.11433    1.10956          1     0.1349     0.1158       9.97     0.0169  4.924e-11  1.000e-12  2.031e+00    10.2984    10.2599    -0.0385     8.1040     8.0754     73.799     75.455      0.294    1443.75    1443.57  0.000e+00
       7438     75.000     5.7524     5.7384    -0.0139    1.11688    1.11481          1     0.1353     0.1100       9.97     0.0168  4.924e-11  1.000e-12  2.031e+00    10.3187    10.3023    -0.0164     8.1191     8.1070     74.294     75.960      0.204    1443.85    1443.77  0.000e+00
       7496     75.500     5.7561     5.7460    -0.0100    1.11750    1.11600          1     0.1284     0.1040       9.97     0.0168  4.924e-11  1.000e-12  2.031e+00    10.3237    10.3119    -0.0118     8.1228     8.1141     74.789     76.466      0.259    1443.88    1443.83  0.000e+00
       7537     76.000     5.7574     5.7515    -0.0059    1.11776    1.11701          1     0.1234     0.0998       9.97     0.0170  4.924e-11  1.000e-12  2.031e+00    10.3258    10.3201    -0.0057     8.1244     8.1203     75.284     76.971      0.278    1443.90    1443.87  0.000e+00
       7586     76.500     5.7597     5.7553    -0.0044    1.11825    1.11749          1     0.1217     0.0995       9.97     0.0168  4.924e-11  1.000e-12  2.031e+00    10.3299    10.3237    -0.0062     8.1275     8.1229     75.780     77.476      0.229    1443.92    1443.90  0.000e+00
       7638     77.000     5.7908     5.7611    -0.0296    1.12463    1.11876          1     0.1141     0.0946       9.97     0.0166  4.924e-11  1.000e-12  2.031e+00    10.3839    10.3345    -0.0494     8.1682     8.1310     76.275     77.981      0.230    1444.13    1443.94  0.000e+00
       7689     77.500     5.8187     5.7904    -0.0283    1.13005    1.12438          1     0.1133     0.0939       9.97     0.0168  4.924e-11  1.000e-12  2.031e+00    10.4293    10.3814    -0.0478     8.2023     8.1663     76.770     78.486      0.267    1444.32    1444.14  0.000e+00
       7728     78.000     5.8514     5.8225    -0.0289    1.13613    1.13047          1     0.1075     0.0909       9.97     0.0168  4.924e-11  1.000e-12  2.031e+00    10.4796    10.4322    -0.0474     8.2400     8.2044     77.265     78.991      0.308    1444.53    1444.35  0.000e+00
       7773     78.500     5.8793     5.8642    -0.0151    1.14084    1.13816          1     0.1039     0.0897       9.97     0.0167  4.924e-11  1.000e-12  2.031e+00    10.5178    10.4958    -0.0220     8.2684     8.2520     77.760     79.496      0.202    1444.71    1444.61  0.000e+00
       7838     79.000     5.8938     5.8768    -0.0169    1.14508    1.14088          1     0.1037     0.0857       9.97     0.0163  4.924e-11  1.000e-12  2.031e+00    10.5554    10.5188    -0.0366     8.2971     8.2694     78.256     80.002      0.277    1444.82    1444.70  0.000e+00
       7875     79.500     5.9152     5.9022    -0.0131    1.14948    1.14675          1     0.1005     0.0843       9.97     0.0166  4.924e-11  1.000e-12  2.031e+00    10.5924    10.5693    -0.0231     8.3250     8.3076     78.751     80.507      0.275    1444.97    1444.88  0.000e+00
       7941     80.000     5.9284     5.9186    -0.0099    1.15248    1.15011          1     0.0937     0.0809       9.97     0.0165  4.924e-11  1.000e-12  2.031e+00    10.6181    10.5976    -0.0205     8.3444     8.3289     79.246     81.012      0.280    1445.06    1445.00  0.000e+00
       7977     80.500     5.9462     5.9367    -0.0094    1.15562    1.15371          1     0.0956     0.0818       9.97     0.0169  4.924e-11  1.000e-12  2.031e+00    10.6436    10.6276    -0.0160     8.3634     8.3514     79.741     81.517      0.402    1445.18    1445.12  0.000e+00
       8015     81.000     5.9614     5.9523    -0.0091    1.15882    1.15680          1     0.0968     0.0781       9.97     0.0171  4.924e-11  1.000e-12  2.031e+00    10.6706    10.6534    -0.0173     8.3837     8.3707     80.236     82.022      0.265    1445.29    1445.23  0.000e+00
       8093     81.500     5.9754     5.9677    -0.0077    1.16260    1.16069          1     0.0906     0.0800       9.97     0.0165  4.924e-11  1.000e-12  2.031e+00    10.7037    10.6872    -0.0165     8.4089     8.3963     80.732     82.527      0.344    1445.40    1445.34  0.000e+00
       8119     82.000     5.9990     5.9854    -0.0137    1.16813    1.16475          1     0.0902     0.0770       9.97     0.0163  4.924e-11  1.000e-12  2.031e+00    10.7512    10.7218    -0.0293     8.4448     8.4225     81.227     83.032      0.396    1445.56    1445.47  0.000e+00
       8158     82.500     6.0053     6.0009    -0.0044    1.17014    1.16874          1     0.0867     0.0756       9.97     0.0168  4.924e-11  1.000e-12  2.031e+00    10.7691    10.7565    -0.0125     8.4584     8.4489     81.722     83.537      0.212    1445.62    1445.59  0.000e+00
       8239     83.000     6.0063     6.0037    -0.0025    1.17103    1.16986          1     0.0858     0.0758       9.97     0.0164  4.924e-11  1.000e-12  2.031e+00    10.7775    10.7667    -0.0108     8.4651     8.4567     82.217     84.042      0.273    1445.64    1445.62  0.000e+00
       8271     83.500     6.0215     6.0131    -0.0084    1.17484    1.17243          1     0.0862     0.0750       9.97     0.0163  4.924e-11  1.000e-12  2.031e+00    10.8104    10.7892    -0.0212     8.4900     8.4738     82.712     84.547      0.349    1445.76    1445.70  0.000e+00
       8318     84.000     6.0358     6.0278    -0.0079    1.17821    1.17623          1     0.0814     0.0741       9.97     0.0163  4.924e-11  1.000e-12  2.031e+00    10.8393    10.8222    -0.0171     8.5118     8.4988     83.208     85.052      0.215    1445.86    1445.81  0.000e+00
       8379     84.500     6.0412     6.0365    -0.0047    1.17949    1.17827          1     0.0808     0.0733       9.97     0.0169  4.924e-11  1.000e-12  2.031e+00    10.8503    10.8396    -0.0107     8.5201     8.5120     83.703     85.557      0.299    1445.91    1445.87  0.000e+00
