ctdpy/exports/archive_20191120_135557/received_data/SBE09_1044_20181204_1152_34_01_0149.cnv
* Sea-Bird SBE 9 Data File:
* FileName = C:\ctd\temp\ar18d149.hex
* Software Version Seasave V 7.26.7.107
* Temperature SN = 5351
* Conductivity SN = 3941
* Number of Bytes Per Scan = 41
* Number of Voltage Words = 4
* Number of Scans Averaged by the Deck Unit = 1
* NMEA Latitude = 59 50.81 N
* NMEA Longitude = 024 50.26 E
* NMEA UTC (Time) = Dec 04 2018  11:52:21
* NMEA baud rate = 4800
** Station:  BY23
** Operator:  JKro
** Ship: ARANDA
** Average sound velocity: 1443.91 m/s
** True-depth calculation Sun, 09 Dec 2018 13:40:51 +0000
** CTD Python Module SMHI /ver 3-12/ feb 2012 
** LIMS Job: 20183401-0149
** Cruise: SMHI-7-2018
** Latitude [GG MM.mm N]:
** Longitude [GG MM.mm E]
# nquan = 26
# nvalues = 189                         
# units = specified
# name 0 = scan: Scan Count
# name 1 = prDM: Pressure, Digiquartz [db]
# name 2 = t090C: Temperature [ITS-90, deg C]
# name 3 = t190C: Temperature, 2 [ITS-90, deg C]
# name 4 = T2-T190C: Temperature Difference, 2 - 1 [ITS-90, deg C]
# name 5 = c0S/m: Conductivity [S/m]
# name 6 = c1S/m: Conductivity, 2 [S/m]
# name 7 = pumps: Pump Status
# name 8 = sbeox0ML/L: Oxygen, SBE 43 [ml/l]
# name 9 = sbeox1ML/L: Oxygen, SBE 43, 2 [ml/l]
# name 10 = altM: Altimeter [m]
# name 11 = flECO-AFL: Chl-a Fluorescence, WET Labs ECO-AFL/FL [mg/m^3]
# name 12 = flECO-AFL1: Phycocyanin Fluorescence, WET Labs ECO-AFL/FL, 2 [mg/m^3]
# name 13 = par: PAR/Irradiance, Biospherical/Lico [µE/(cm^2*s)]
# name 14 = turbWETntu0: Turbidity, WET Labs ECO [NTU]
# name 15 = sal00: Salinity, Practical [PSU]
# name 16 = sal11: Salinity, Practical, 2 [PSU]
# name 17 = secS-priS: Salinity, Practical, Difference, 2 - 1 [PSU]
# name 18 = sigma-t00: Density [sigma-t, Kg/m^3 ]
# name 19 = sigma-t11: Density, 2 [sigma-t, Kg/m^3 ]
# name 20 = depSM: Depth [salt water, m], lat = 59.8468
# name 21 = depFM: Depth [true depth, m], lat = 59.8468
# name 22 = dz/dtM: Descent Rate [m/s], WS = 2
# name 23 = svCM: Sound Velocity [Chen-Millero, m/s]
# name 24 = svCM1: Sound Velocity, 2 [Chen-Millero, m/s]
# name 25 = flag: flag
# span 0 =      20197,      25050       
# span 1 =      1.000,     95.000       
# span 2 =     6.0360,     7.8679       
# span 3 =     6.0392,     7.8703       
# span 4 =    -0.0044,     0.0078       
# span 5 =   0.689016,   1.076141       
# span 6 =   0.689002,   1.075938       
# span 7 =          1,          1       
# span 8 =    0.05617,    7.84199       
# span 9 =    1.84952,    6.24636       
# span 10 =       3.43,      95.69      
# span 11 =     0.3937,     0.6607      
# span 12 =     0.1768,     0.3345      
# span 13 = 1.0000e-12, 8.4009e+01      
# span 14 =     0.2822,     6.4310      
# span 15 =     5.9685,     9.8271      
# span 16 =     5.9680,     9.8241      
# span 17 =    -0.0051,     0.0010      
# span 18 =     4.6340,     7.7147      
# span 19 =     4.6336,     7.7122      
# span 20 =      0.991,     94.084      
# span 21 =      1.014,     96.222      
# span 22 =     -0.190,      0.913      
# span 23 =    1441.40,    1448.44      
# span 24 =    1441.41,    1448.45      
# span 25 = 0.0000e+00, 0.0000e+00      
# interval = decibars: 0.5              
# start_time = Dec 04 2018 11:52:22 [NMEA time, first data scan]
# bad_flag = -9.990e-29
*END*
      20197      1.000     6.7394     6.7430     0.0037    0.68904    0.68907          1     7.8413     5.2880      32.33     0.6430     0.2997  8.401e+01  0.2845000     5.9690     5.9687    -0.0003     4.6346     4.6341      0.991      1.014      0.145    1441.40    1441.42  0.000e+00
      20342      1.500     6.7379     6.7397     0.0018    0.68902    0.68900          1     7.8410     5.2916      26.28     0.6351     0.2656  4.708e+01  0.2997000     5.9690     5.9686    -0.0004     4.6347     4.6342      1.486      1.521      0.369    1441.40    1441.41  0.000e+00
      20361      2.000     6.7382     6.7399     0.0017    0.68902    0.68901          1     7.8420     5.2913      55.16     0.6139     0.2527  2.272e+01  0.3011000     5.9690     5.9686    -0.0005     4.6346     4.6342      1.981      2.028      0.451    1441.41    1441.42  0.000e+00
      20412      2.500     6.7384     6.7401     0.0017    0.68903    0.68901          1     7.8374     5.3021      59.65     0.6422     0.3139  1.863e+01  0.2902000     5.9690     5.9685    -0.0005     4.6346     4.6341      2.476      2.535      0.446    1441.42    1441.43  0.000e+00
      20431      3.000     6.7387     6.7408     0.0020    0.68904    0.68903          1     7.8361     5.3038      89.36     0.6405     0.2414  1.547e+01  0.3036000     5.9689     5.9685    -0.0004     4.6345     4.6341      2.972      3.042      0.678    1441.43    1441.44  0.000e+00
      20450      3.500     6.7387     6.7407     0.0020    0.68905    0.68904          1     7.8413     5.2993      48.27     0.6478     0.2527  1.191e+01  0.3216000     5.9690     5.9685    -0.0005     4.6346     4.6341      3.467      3.548      0.520    1441.44    1441.45  0.000e+00
      20495      4.000     6.7387     6.7406     0.0019    0.68906    0.68905          1     7.8378     5.3043      64.85     0.6366     0.2203  1.058e+01  0.3748000     5.9690     5.9686    -0.0004     4.6346     4.6342      3.962      4.055      0.379    1441.45    1441.45  0.000e+00
      20520      4.500     6.7395     6.7409     0.0014    0.68910    0.68906          1     7.8339     5.3106      36.29     0.6380     0.1969  9.774e+00  0.2822000     5.9692     5.9686    -0.0006     4.6347     4.6342      4.458      4.562      0.775    1441.46    1441.46  0.000e+00
      20533      5.000     6.7416     6.7433     0.0017    0.68915    0.68914          1     7.8361     5.3120      61.70     0.6144     0.1925  7.727e+00  0.3190000     5.9693     5.9689    -0.0004     4.6347     4.6343      4.953      5.069      0.904    1441.47    1441.48  0.000e+00
      20546      5.500     6.7423     6.7437     0.0014    0.68919    0.68917          1     7.8361     5.3116      95.69     0.6189     0.2123  5.718e+00  0.3234000     5.9695     5.9690    -0.0005     4.6347     4.6343      5.448      5.576      0.849    1441.48    1441.49  0.000e+00
      20562      6.000     6.7425     6.7443     0.0018    0.68921    0.68920          1     7.8312     5.3098      57.02     0.6288     0.2133  4.458e+00  0.3330000     5.9695     5.9691    -0.0004     4.6348     4.6344      5.943      6.083      0.553    1441.50    1441.50  0.000e+00
      20613      6.500     6.7427     6.7438     0.0012    0.68923    0.68918          1     7.8347     5.3059      67.36     0.6607     0.2855  4.702e+00  0.3033000     5.9697     5.9690    -0.0007     4.6349     4.6343      6.439      6.590      0.419    1441.50    1441.51  0.000e+00
      20633      7.000     6.7432     6.7451     0.0019    0.68925    0.68924          1     7.8343     5.3082      31.30     0.6320     0.2793  4.201e+00  0.2919000     5.9697     5.9693    -0.0004     4.6348     4.6345      6.934      7.097      0.818    1441.51    1441.52  0.000e+00
      20646      7.500     6.7408     6.7434     0.0026    0.68909    0.68914          1     7.8368     5.3087      59.59     0.6286     0.2730  3.398e+00  0.2924000     5.9686     5.9687     0.0000     4.6342     4.6340      7.429      7.604      0.913    1441.51    1441.52  0.000e+00
      20658      8.000     6.7420     6.7448     0.0029    0.68922    0.68930          1     7.8377     5.3132      84.54     0.6024     0.2648  2.655e+00  0.3387000     5.9696     5.9698     0.0002     4.6349     4.6349      7.925      8.111      0.849    1441.52    1441.54  0.000e+00
      20674      8.500     6.7437     6.7454     0.0017    0.68934    0.68931          1     7.8363     5.3171      71.33     0.6016     0.2657  2.083e+00  0.3366000     5.9703     5.9698    -0.0005     4.6353     4.6348      8.420      8.618      0.638    1441.54    1441.55  0.000e+00
      20707      9.000     6.7436     6.7453     0.0017    0.68934    0.68931          1     7.8322     5.3163      42.85     0.6160     0.2888  1.894e+00  0.3272000     5.9703     5.9697    -0.0006     4.6353     4.6348      8.915      9.125      0.313    1441.55    1441.55  0.000e+00
      20747      9.500     6.7426     6.7445     0.0019    0.68924    0.68923          1     7.8299     5.3189      91.24     0.6182     0.2766  1.913e+00  0.2916000     5.9695     5.9691    -0.0004     4.6348     4.6343      9.410      9.631      0.527    1441.55    1441.56  0.000e+00
      20764     10.000     6.7430     6.7437     0.0007    0.68927    0.68919          1     7.8283     5.3315       6.21     0.5999     0.2658  1.553e+00  0.3096000     5.9696     5.9688    -0.0008     4.6348     4.6341      9.906     10.138      0.758    1441.56    1441.56  0.000e+00
      20778     10.500     6.7428     6.7443     0.0015    0.68925    0.68924          1     7.8289     5.3475      32.35     0.6081     0.2749  1.256e+00  0.3176000     5.9695     5.9690    -0.0004     4.6347     4.6343     10.401     10.645      0.836    1441.57    1441.57  0.000e+00
      20792     11.000     6.7412     6.7431     0.0019    0.68914    0.68915          1     7.8322     5.3709      47.53     0.6167     0.2802  1.035e+00  0.3273000     5.9686     5.9684    -0.0002     4.6342     4.6339     10.896     11.152      0.796    1441.57    1441.57  0.000e+00
      20809     11.500     6.7418     6.7434     0.0016    0.68920    0.68918          1     7.8340     5.3978      77.12     0.6174     0.2651  8.773e-01  0.3287000     5.9690     5.9686    -0.0004     4.6344     4.6340     11.391     11.659      0.612    1441.58    1441.58  0.000e+00
      20838     12.000     6.7411     6.7427     0.0016    0.68915    0.68913          1     7.8300     5.4466      89.85     0.6129     0.2446  8.009e-01  0.3273000     5.9687     5.9683    -0.0004     4.6342     4.6338     11.887     12.166      0.359    1441.58    1441.59  0.000e+00
      20870     12.500     6.7409     6.7425     0.0017    0.68913    0.68912          1     7.8320     5.5456      89.89     0.6459     0.2385  7.078e-01  0.2963000     5.9685     5.9680    -0.0004     4.6341     4.6336     12.382     12.673      0.499    1441.59    1441.60  0.000e+00
      20890     13.000     6.7411     6.7426     0.0014    0.68914    0.68912          1     7.8319     5.6224      89.44     0.6020     0.2689  5.747e-01  0.3154000     5.9685     5.9680    -0.0005     4.6340     4.6336     12.877     13.180      0.644    1441.60    1441.60  0.000e+00
      20908     13.500     6.7410     6.7429     0.0019    0.68915    0.68915          1     7.8309     5.6947      89.02     0.6150     0.2501  4.863e-01  0.3226000     5.9685     5.9682    -0.0003     4.6340     4.6337     13.372     13.687      0.661    1441.61    1441.61  0.000e+00
      20927     14.000     6.7444     6.7464     0.0021    0.68945    0.68949          1     7.8231     5.7983      88.47     0.6265     0.2451  4.390e-01  0.3248000     5.9707     5.9707     0.0001     4.6356     4.6355     13.868     14.194      0.590    1441.63    1441.64  0.000e+00
      20949     14.500     6.7454     6.7474     0.0020    0.68958    0.68962          1     7.8240     5.9240      87.83     0.6154     0.3186  3.942e-01  0.3172000     5.9717     5.9717    -0.0000     4.6363     4.6362     14.363     14.701      0.540    1441.64    1441.65  0.000e+00
      20971     15.000     6.7458     6.7473     0.0016    0.68966    0.68962          1     7.8295     6.0450      87.31     0.6057     0.2439  3.257e-01  0.3344000     5.9723     5.9716    -0.0006     4.6367     4.6361     14.858     15.208      0.571    1441.66    1441.66  0.000e+00
      20991     15.500     6.7462     6.7479     0.0017    0.68974    0.68972          1     7.8289     6.1400      86.86     0.6260     0.2749  2.578e-01  0.3354000     5.9729     5.9725    -0.0005     4.6372     4.6368     15.353     15.714      0.544    1441.67    1441.67  0.000e+00
      21016     16.000     6.7466     6.7483     0.0017    0.68986    0.68984          1     7.8284     6.2038      86.26     0.6206     0.2528  2.112e-01  0.3349000     5.9739     5.9734    -0.0005     4.6379     4.6375     15.849     16.221      0.447    1441.68    1441.68  0.000e+00
      21045     16.500     6.7470     6.7485     0.0015    0.68991    0.68987          1     7.8289     6.2464      85.66     0.6281     0.2634  1.938e-01  0.3393000     5.9743     5.9736    -0.0007     4.6383     4.6376     16.344     16.728      0.445    1441.69    1441.69  0.000e+00
      21069     17.000     6.7461     6.7478     0.0017    0.68973    0.68971          1     7.8269     6.2427      85.22     0.6095     0.2569  1.685e-01  0.3221000     5.9726     5.9722    -0.0005     4.6370     4.6365     16.839     17.235      0.636    1441.69    1441.69  0.000e+00
      21085     17.500     6.7463     6.7485     0.0021    0.68977    0.68982          1     7.8242     6.2297      84.78     0.6047     0.2440  1.307e-01  0.3300000     5.9729     5.9730     0.0001     4.6372     4.6372     17.334     17.742      0.747    1441.70    1441.71  0.000e+00
      21100     18.000     6.7475     6.7490     0.0016    0.69009    0.69003          1     7.8219     6.2037      84.36     0.6075     0.2451  9.813e-02  0.3405000     5.9757     5.9749    -0.0008     4.6393     4.6386     17.830     18.249      0.732    1441.72    1441.72  0.000e+00
      21118     18.500     6.7476     6.7494     0.0018    0.69010    0.69013          1     7.8226     6.1669      83.84     0.6243     0.2557  6.384e-02  0.3452000     5.9757     5.9757     0.0000     4.6393     4.6392     18.325     18.756      0.595    1441.72    1441.73  0.000e+00
      21144     19.000     6.7479     6.7494     0.0016    0.69020    0.69012          1     7.8251     6.1400      83.14     0.6221     0.2333  4.915e-02  0.3431000     5.9765     5.9754    -0.0010     4.6399     4.6390     18.820     19.263      0.414    1441.73    1441.74  0.000e+00
      21174     19.500     6.7481     6.7498     0.0017    0.69026    0.69025          1     7.8254     6.1097      82.49     0.6050     0.2221  3.932e-02  0.3394000     5.9770     5.9766    -0.0004     4.6403     4.6399     19.315     19.770      0.485    1441.74    1441.75  0.000e+00
      21195     20.000     6.7480     6.7497     0.0016    0.69030    0.69024          1     7.8260     6.0626      82.05     0.6049     0.2317  2.802e-02  0.3355000     5.9773     5.9765    -0.0008     4.6406     4.6398     19.811     20.277      0.637    1441.75    1441.76  0.000e+00
      21212     20.500     6.7481     6.7498     0.0016    0.69032    0.69030          1     7.8280     6.0217      81.64     0.6163     0.2325  1.008e-02  0.3369000     5.9774     5.9770    -0.0005     4.6407     4.6402     20.306     20.784      0.670    1441.76    1441.77  0.000e+00
      21231     21.000     6.7481     6.7492     0.0012    0.69032    0.69020          1     7.8278     5.9954      81.22     0.6291     0.2708  4.262e-04  0.3403000     5.9774     5.9761    -0.0013     4.6406     4.6396     20.801     21.291      0.592    1441.77    1441.77  0.000e+00
      21255     21.500     6.7481     6.7497     0.0015    0.69037    0.69036          1     7.8199     5.9634      80.56     0.6149     0.2348  2.103e-08  0.3347000     5.9778     5.9774    -0.0003     4.6409     4.6406     21.296     21.797      0.454    1441.78    1441.78  0.000e+00
      21283     22.000     6.7479     6.7497     0.0018    0.69034    0.69037          1     7.8222     5.9092      79.95     0.6053     0.2298  1.000e-12  0.3397000     5.9776     5.9774    -0.0001     4.6408     4.6406     21.792     22.304      0.478    1441.78    1441.79  0.000e+00
      21305     22.500     6.7494     6.7507     0.0013    0.69065    0.69057          1     7.8239     5.8793      79.38     0.6293     0.2550  1.000e-12  0.3601000     5.9801     5.9791    -0.0010     4.6427     4.6418     22.287     22.811      0.627    1441.80    1441.80  0.000e+00
      21322     23.000     6.7504     6.7524     0.0019    0.69083    0.69089          1     7.8243     5.8655      78.97     0.6108     0.2560  1.000e-12  0.3647000     5.9816     5.9818     0.0002     4.6438     4.6438     22.782     23.318      0.702    1441.81    1441.82  0.000e+00
      21339     23.500     6.7499     6.7513     0.0013    0.69072    0.69067          1     7.8248     5.8404      78.39     0.6101     0.2305  1.000e-12  0.3632000     5.9805     5.9799    -0.0007     4.6430     4.6424     23.277     23.825      0.690    1441.82    1441.82  0.000e+00
      21357     24.000     6.7513     6.7530     0.0017    0.69097    0.69096          1     7.8224     5.8153      77.91     0.6184     0.2622  1.000e-12  0.3599000     5.9825     5.9822    -0.0003     4.6445     4.6441     23.773     24.332      0.604    1441.83    1441.84  0.000e+00
      21380     24.500     6.7523     6.7548     0.0025    0.69117    0.69128          1     7.8170     5.7951      77.37     0.6191     0.2607  1.000e-12  0.3481000     5.9842     5.9848     0.0006     4.6457     4.6460     24.268     24.839      0.465    1441.85    1441.86  0.000e+00
      21410     25.000     6.7544     6.7562     0.0018    0.69162    0.69162          1     7.8161     5.7670      76.79     0.6090     0.2769  1.000e-12  0.3698000     5.9879     5.9877    -0.0003     4.6486     4.6482     24.763     25.346      0.402    1441.87    1441.88  0.000e+00
      21437     25.500     6.7564     6.7582     0.0018    0.69219    0.69216          1     7.8079     5.7389      76.53     0.6204     0.2511  1.000e-12  0.3596000     5.9929     5.9923    -0.0006     4.6523     4.6517     25.258     25.853      0.548    1441.89    1441.90  0.000e+00
      21456     26.000     6.7582     6.7599     0.0017    0.69274    0.69270          1     7.8077     5.7177      76.30     0.6294     0.2346  1.000e-12  0.3704000     5.9976     5.9969    -0.0007     4.6559     4.6553     25.754     26.360      0.657    1441.91    1441.92  0.000e+00
      21473     26.500     6.7596     6.7617     0.0021    0.69318    0.69327          1     7.8039     5.6934      75.86     0.6286     0.2333  1.000e-12  0.4028000     6.0014     6.0019     0.0005     4.6588     4.6591     26.249     26.867      0.650    1441.93    1441.94  0.000e+00
      21493     27.000     6.7663     6.7678     0.0015    0.69461    0.69449          1     7.7962     5.6621      34.64     0.6239     0.2729  1.000e-12  0.4235000     6.0135     6.0121    -0.0014     4.6680     4.6667     26.744     27.374      0.555    1441.98    1441.99  0.000e+00
      21517     27.500     6.7754     6.7784     0.0030    0.69600    0.69615          1     7.7893     5.6409      43.75     0.6133     0.2755  1.000e-12  0.4420000     6.0247     6.0256     0.0009     4.6762     4.6767     27.239     27.880      0.487    1442.04    1442.06  0.000e+00
      21541     28.000     6.7900     6.7913     0.0013    0.69817    0.69802          1     7.7818     5.6286      42.23     0.6036     0.3000  1.000e-12  0.4634000     6.0422     6.0406    -0.0016     4.6891     4.6878     27.734     28.387      0.520    1442.14    1442.14  0.000e+00
