ctdpy/exports/archive_20191120_135557/received_data/SBE09_0827_20181007_1947_26_01_1039.cnv
* Sea-Bird SBE 9 Data File:
* FileName = D:\CTD_SBE911\DAT\26DA.2018.10.39.hex
* Software Version Seasave V 7.21d
* Temperature SN = 4548
* Conductivity SN = 3062
* Number of Bytes Per Scan = 48
* Number of Voltage Words = 5
* Number of Scans Averaged by the Deck Unit = 1
* NMEA Latitude = 58 39.34 N
* NMEA Longitude = 018 29.87 E
* NMEA UTC (Time) = Oct 07 2018  19:49:46
* NMEA baud rate = 4800
** Ship: DANA
** Average sound velocity: 1447.69 m/s
** True-depth calculation Thu, 28 Mar 2019 12:21:04 +0000
** CTD Python Module SMHI /ver 3-12/ feb 2012 
** LIMS Job: 20182601-1039
**  20E Oja
** Operator: Christian A-KTh
** Cruise: 10/2018
# nquan = 26
# nvalues = 507                         
# units = specified
# name 0 = scan: Scan Count
# name 1 = prDM: Pressure, Digiquartz [db]
# name 2 = t090C: Temperature [ITS-90, deg C]
# name 3 = t190C: Temperature, 2 [ITS-90, deg C]
# name 4 = T2-T190C: Temperature Difference, 2 - 1 [ITS-90, deg C]
# name 5 = c0S/m: Conductivity [S/m]
# name 6 = c1S/m: Conductivity, 2 [S/m]
# name 7 = pumps: Pump Status
# name 8 = sbeox1ML/L: Oxygen, SBE 43, 2 [ml/l]
# name 9 = sbeox0ML/L: Oxygen, SBE 43 [ml/l]
# name 10 = altM: Altimeter [m]
# name 11 = chloroflTC0: Chlorophyll, Turner Cyclops [ug/l]
# name 12 = cpar: CPAR/Corrected Irradiance [%]
# name 13 = par: PAR/Irradiance, Biospherical/Lico [µE/(cm^2*s)]
# name 14 = spar: SPAR, Biospherical/Licor
# name 15 = sal00: Salinity, Practical [PSU]
# name 16 = sal11: Salinity, Practical, 2 [PSU]
# name 17 = secS-priS: Salinity, Practical, Difference, 2 - 1 [PSU]
# name 18 = sigma-t00: Density [sigma-t, kg/m^3 ]
# name 19 = sigma-t11: Density, 2 [sigma-t, kg/m^3 ]
# name 20 = depSM: Depth [salt water, m], lat = 58.6557
# name 21 = depFM: Depth [true depth, m], lat = 58.6557
# name 22 = dz/dtM: Descent Rate [m/s], WS = 2
# name 23 = svCM: Sound Velocity [Chen-Millero, m/s]
# name 24 = svCM1: Sound Velocity, 2 [Chen-Millero, m/s]
# name 25 = flag: flag
# span 0 =         -7,      20561       
# span 1 =      1.000,    254.000       
# span 2 =     3.7804,    10.9077       
# span 3 =     3.7864,    10.9079       
# span 4 =    -0.7224,     0.2527       
# span 5 =   0.774426,   1.238681       
# span 6 =   0.776439,   1.238619       
# span 7 =          1,          1       
# span 8 =     0.0204,     7.4034       
# span 9 =     0.0230,     6.8972       
# span 10 =       0.94,      11.45      
# span 11 =     0.0159,     0.0362      
# span 12 = 4.9241e-11, 2.2278e+03      
# span 13 = 1.0000e-12, 1.0000e-12      
# span 14 = 1.9856e+00, 2.0308e+00      
# span 15 =     6.7130,    11.3511      
# span 16 =     6.7130,    11.3504      
# span 17 =    -0.1411,     0.0615      
# span 18 =     4.8443,     8.9029      
# span 19 =     4.8444,     8.9025      
# span 20 =      0.991,    251.478      
# span 21 =      1.014,    256.705      
# span 22 =      0.045,      0.572      
# span 23 =    1431.29,    1459.33      
# span 24 =    1431.34,    1459.34      
# span 25 = 0.0000e+00, 0.0000e+00      
# interval = decibars: 0.5              
# start_time = Oct 07 2018 19:49:47 [NMEA time, first data scan]
# bad_flag = -9.990e-29
*END*
[from data line 391]
      17630    196.500     6.2031     6.2032     0.0002    1.23580    1.23573          1     0.0285     0.0301       9.96     0.0166  4.924e-11  1.000e-12  2.031e+00    11.3361    11.3353    -0.0008     8.8918     8.8912    194.576    198.656      0.532    1449.00    1449.00  0.000e+00
      17652    197.000     6.2031     6.2033     0.0002    1.23580    1.23575          1     0.0267     0.0285       9.96     0.0169  4.924e-11  1.000e-12  2.031e+00    11.3360    11.3354    -0.0006     8.8917     8.8912    195.071    199.160      0.535    1449.01    1449.01  0.000e+00
      17675    197.500     6.2031     6.2034     0.0003    1.23582    1.23575          1     0.0249     0.0300       9.96     0.0167  4.924e-11  1.000e-12  2.031e+00    11.3361    11.3354    -0.0007     8.8918     8.8912    195.566    199.665      0.496    1449.01    1449.01  0.000e+00
      17701    198.000     6.2031     6.2034     0.0002    1.23583    1.23577          1     0.0261     0.0300       9.96     0.0166  4.924e-11  1.000e-12  2.031e+00    11.3361    11.3354    -0.0007     8.8918     8.8912    196.060    200.170      0.461    1449.02    1449.02  0.000e+00
      17727    198.500     6.2032     6.2034     0.0002    1.23584    1.23578          1     0.0311     0.0298       9.96     0.0171  4.924e-11  1.000e-12  2.031e+00    11.3361    11.3354    -0.0007     8.8918     8.8912    196.555    200.675      0.484    1449.03    1449.03  0.000e+00
      17750    199.000     6.2032     6.2035     0.0002    1.23586    1.23580          1     0.0238     0.0290       9.96     0.0170  4.924e-11  1.000e-12  2.031e+00    11.3362    11.3355    -0.0007     8.8919     8.8913    197.050    201.179      0.511    1449.04    1449.04  0.000e+00
      17774    199.500     6.2033     6.2036     0.0003    1.23588    1.23582          1     0.0261     0.0292       9.96     0.0170  4.924e-11  1.000e-12  2.031e+00    11.3363    11.3356    -0.0007     8.8919     8.8913    197.545    201.684      0.510    1449.05    1449.05  0.000e+00
      17798    200.000     6.2033     6.2036     0.0003    1.23589    1.23584          1     0.0255     0.0290       9.96     0.0168  4.924e-11  1.000e-12  2.031e+00    11.3362    11.3357    -0.0006     8.8919     8.8914    198.040    202.189      0.484    1449.06    1449.06  0.000e+00
      17823    200.500     6.2033     6.2035     0.0002    1.23590    1.23584          1     0.0257     0.0293       9.96     0.0169  4.924e-11  1.000e-12  2.031e+00    11.3363    11.3356    -0.0006     8.8919     8.8914    198.535    202.694      0.470    1449.06    1449.06  0.000e+00
      17848    201.000     6.2034     6.2036     0.0002    1.23591    1.23585          1     0.0254     0.0289       9.96     0.0170  4.924e-11  1.000e-12  2.031e+00    11.3363    11.3356    -0.0007     8.8919     8.8913    199.030    203.199      0.495    1449.07    1449.07  0.000e+00
      17872    201.500     6.2034     6.2036     0.0002    1.23592    1.23586          1     0.0266     0.0308       9.96     0.0167  4.924e-11  1.000e-12  2.031e+00    11.3363    11.3356    -0.0007     8.8919     8.8914    199.525    203.703      0.508    1449.08    1449.08  0.000e+00
      17896    202.000     6.2034     6.2036     0.0002    1.23592    1.23587          1     0.0281     0.0306       9.96     0.0169  4.924e-11  1.000e-12  2.031e+00    11.3362    11.3356    -0.0006     8.8918     8.8913    200.019    204.208      0.505    1449.09    1449.09  0.000e+00
      17919    202.500     6.2036     6.2038     0.0001    1.23598    1.23591          1     0.0249     0.0272       9.96     0.0169  4.924e-11  1.000e-12  2.031e+00    11.3366    11.3359    -0.0007     8.8921     8.8915    200.514    204.713      0.505    1449.10    1449.10  0.000e+00
      17943    203.000     6.2037     6.2038     0.0001    1.23601    1.23592          1     0.0257     0.0274       9.96     0.0165  4.924e-11  1.000e-12  2.031e+00    11.3368    11.3358    -0.0009     8.8923     8.8915    201.009    205.218      0.515    1449.11    1449.10  0.000e+00
      17966    203.500     6.2037     6.2039     0.0001    1.23602    1.23595          1     0.0262     0.0316       9.96     0.0166  4.924e-11  1.000e-12  2.031e+00    11.3368    11.3360    -0.0008     8.8923     8.8916    201.504    205.722      0.524    1449.11    1449.11  0.000e+00
      17989    204.000     6.2041     6.2041     0.0000    1.23613    1.23601          1     0.0272     0.0295       9.96     0.0165  4.924e-11  1.000e-12  2.031e+00    11.3377    11.3364    -0.0012     8.8930     8.8920    201.999    206.227      0.514    1449.12    1449.12  0.000e+00
      18013    204.500     6.2042     6.2043     0.0001    1.23616    1.23608          1     0.0264     0.0283       9.96     0.0166  4.924e-11  1.000e-12  2.031e+00    11.3378    11.3370    -0.0009     8.8931     8.8924    202.494    206.732      0.485    1449.13    1449.13  0.000e+00
      18038    205.000     6.2042     6.2044     0.0001    1.23618    1.23612          1     0.0254     0.0301       9.96     0.0168  4.924e-11  1.000e-12  2.031e+00    11.3379    11.3372    -0.0007     8.8931     8.8926    202.988    207.237      0.493    1449.14    1449.14  0.000e+00
      18061    205.500     6.2044     6.2045     0.0002    1.23620    1.23614          1     0.0254     0.0291       9.96     0.0168  4.924e-11  1.000e-12  2.031e+00    11.3380    11.3374    -0.0006     8.8932     8.8927    203.483    207.742      0.540    1449.15    1449.15  0.000e+00
      18083    206.000     6.2045     6.2048     0.0003    1.23626    1.23619          1     0.0268     0.0299       9.96     0.0168  4.924e-11  1.000e-12  2.031e+00    11.3384    11.3376    -0.0008     8.8935     8.8929    203.978    208.246      0.562    1449.16    1449.16  0.000e+00
      18104    206.500     6.2045     6.2048     0.0002    1.23628    1.23622          1     0.0263     0.0304       9.96     0.0167  4.924e-11  1.000e-12  2.031e+00    11.3385    11.3378    -0.0007     8.8935     8.8930    204.473    208.751      0.524    1449.17    1449.17  0.000e+00
      18129    207.000     6.2046     6.2048     0.0002    1.23631    1.23623          1     0.0263     0.0283       9.96     0.0168  4.924e-11  1.000e-12  2.031e+00    11.3387    11.3378    -0.0009     8.8937     8.8930    204.968    209.256      0.463    1449.17    1449.17  0.000e+00
      18156    207.500     6.2047     6.2048     0.0002    1.23633    1.23626          1     0.0251     0.0292       9.96     0.0166  4.924e-11  1.000e-12  2.031e+00    11.3388    11.3380    -0.0008     8.8938     8.8932    205.463    209.761      0.450    1449.18    1449.18  0.000e+00
      18182    208.000     6.2049     6.2049     0.0001    1.23638    1.23628          1     0.0259     0.0270       9.96     0.0165  4.924e-11  1.000e-12  2.031e+00    11.3391    11.3381    -0.0010     8.8940     8.8932    205.958    210.265      0.512    1449.19    1449.19  0.000e+00
      18203    208.500     6.2048     6.2050     0.0003    1.23636    1.23630          1     0.0260     0.0285       9.96     0.0168  4.924e-11  1.000e-12  2.031e+00    11.3388    11.3382    -0.0007     8.8938     8.8933    206.453    210.770      0.569    1449.20    1449.20  0.000e+00
      18224    209.000     6.2051     6.2052     0.0002    1.23643    1.23636          1     0.0260     0.0302       9.96     0.0168  4.924e-11  1.000e-12  2.031e+00    11.3394    11.3386    -0.0008     8.8942     8.8936    206.947    211.275      0.565    1449.21    1449.21  0.000e+00
      18246    209.500     6.2051     6.2053     0.0002    1.23646    1.23639          1     0.0260     0.0283       9.96     0.0169  4.924e-11  1.000e-12  2.031e+00    11.3395    11.3388    -0.0007     8.8943     8.8938    207.442    211.780      0.510    1449.22    1449.22  0.000e+00
      18272    210.000     6.2053     6.2054     0.0001    1.23653    1.23642          1     0.0260     0.0280       9.96     0.0167  4.924e-11  1.000e-12  2.031e+00    11.3401    11.3390    -0.0011     8.8948     8.8939    207.937    212.285      0.451    1449.23    1449.23  0.000e+00
      18299    210.500     6.2056     6.2056    -0.0000    1.23660    1.23648          1     0.0266     0.0289       9.96     0.0168  4.924e-11  1.000e-12  2.031e+00    11.3406    11.3394    -0.0012     8.8952     8.8942    208.432    212.789      0.471    1449.24    1449.24  0.000e+00
      18323    211.000     6.2057     6.2058     0.0001    1.23664    1.23655          1     0.0255     0.0284       9.96     0.0168  4.924e-11  1.000e-12  2.031e+00    11.3409    11.3400    -0.0009     8.8954     8.8946    208.927    213.294      0.541    1449.25    1449.25  0.000e+00
      18344    211.500     6.2058     6.2060     0.0002    1.23666    1.23661          1     0.0259     0.0270       9.96     0.0170  4.924e-11  1.000e-12  2.031e+00    11.3410    11.3403    -0.0006     8.8954     8.8949    209.421    213.799      0.572    1449.25    1449.26  0.000e+00
      18365    212.000     6.2059     6.2061     0.0003    1.23670    1.23663          1     0.0260     0.0305       9.96     0.0168  4.924e-11  1.000e-12  2.031e+00    11.3412    11.3405    -0.0007     8.8956     8.8950    209.916    214.304      0.553    1449.26    1449.26  0.000e+00
      18387    212.500     6.2059     6.2062     0.0002    1.23672    1.23665          1     0.0260     0.0284       9.96     0.0169  4.924e-11  1.000e-12  2.031e+00    11.3413    11.3405    -0.0008     8.8956     8.8950    210.411    214.808      0.500    1449.27    1449.27  0.000e+00
      18413    213.000     6.2060     6.2062     0.0002    1.23674    1.23667          1     0.0267     0.0285       9.96     0.0170  4.924e-11  1.000e-12  2.031e+00    11.3414    11.3407    -0.0008     8.8958     8.8952    210.906    215.313      0.449    1449.28    1449.28  0.000e+00
      18440    213.500     6.2061     6.2063     0.0001    1.23678    1.23669          1     0.0262     0.0300       9.96     0.0168  4.924e-11  1.000e-12  2.031e+00    11.3417    11.3407    -0.0010     8.8960     8.8952    211.401    215.818      0.481    1449.29    1449.29  0.000e+00
      18463    214.000     6.2063     6.2064     0.0001    1.23682    1.23674          1     0.0254     0.0290       9.96     0.0169  4.924e-11  1.000e-12  2.031e+00    11.3419    11.3411    -0.0008     8.8961     8.8955    211.896    216.323      0.543    1449.30    1449.30  0.000e+00
      18484    214.500     6.2063     6.2065     0.0003    1.23683    1.23677          1     0.0259     0.0274       9.96     0.0169  4.924e-11  1.000e-12  2.031e+00    11.3420    11.3413    -0.0007     8.8962     8.8956    212.390    216.828      0.560    1449.31    1449.31  0.000e+00
      18506    215.000     6.2063     6.2066     0.0003    1.23686    1.23679          1     0.0260     0.0289       9.96     0.0169  4.924e-11  1.000e-12  2.031e+00    11.3421    11.3413    -0.0008     8.8963     8.8956    212.885    217.332      0.524    1449.32    1449.32  0.000e+00
      18530    215.500     6.2064     6.2066     0.0002    1.23689    1.23681          1     0.0266     0.0275       9.96     0.0169  4.924e-11  1.000e-12  2.031e+00    11.3423    11.3414    -0.0009     8.8964     8.8957    213.380    217.837      0.474    1449.32    1449.32  0.000e+00
      18557    216.000     6.2066     6.2067     0.0001    1.23693    1.23683          1     0.0259     0.0286       9.96     0.0171  4.924e-11  1.000e-12  2.031e+00    11.3426    11.3415    -0.0010     8.8966     8.8958    213.875    218.342      0.461    1449.33    1449.33  0.000e+00
      18582    216.500     6.2067     6.2068     0.0002    1.23696    1.23688          1     0.0257     0.0272       9.96     0.0167  4.924e-11  1.000e-12  2.031e+00    11.3427    11.3419    -0.0008     8.8967     8.8961    214.370    218.847      0.510    1449.34    1449.34  0.000e+00
      18604    217.000     6.2067     6.2070     0.0002    1.23698    1.23690          1     0.0260     0.0286       9.96     0.0166  4.924e-11  1.000e-12  2.031e+00    11.3428    11.3420    -0.0008     8.8968     8.8961    214.865    219.351      0.557    1449.35    1449.35  0.000e+00
      18625    217.500     6.2069     6.2071     0.0002    1.23702    1.23694          1     0.0260     0.0284       9.96     0.0163  4.924e-11  1.000e-12  2.031e+00    11.3430    11.3422    -0.0008     8.8969     8.8963    215.359    219.856      0.557    1449.36    1449.36  0.000e+00
      18647    218.000     6.2072     6.2072     0.0000    1.23712    1.23700          1     0.0260     0.0276       9.96     0.0161  4.924e-11  1.000e-12  2.031e+00    11.3438    11.3426    -0.0012     8.8976     8.8966    215.854    220.361      0.524    1449.37    1449.37  0.000e+00
      18671    218.500     6.2077     6.2076    -0.0001    1.23729    1.23711          1     0.0260     0.0273       9.96     0.0169  4.924e-11  1.000e-12  2.031e+00    11.3453    11.3435    -0.0017     8.8987     8.8973    216.349    220.866      0.483    1449.38    1449.38  0.000e+00
      18697    219.000     6.2079     6.2079     0.0001    1.23737    1.23723          1     0.0265     0.0269       9.96     0.0177  4.924e-11  1.000e-12  2.031e+00    11.3459    11.3445    -0.0013     8.8991     8.8981    216.844    221.371      0.476    1449.39    1449.39  0.000e+00
      18722    219.500     6.2079     6.2081     0.0002    1.23738    1.23729          1     0.0261     0.0270       9.96     0.0170  4.924e-11  1.000e-12  2.031e+00    11.3459    11.3450    -0.0009     8.8992     8.8984    217.339    221.875      0.500    1449.40    1449.40  0.000e+00
      18745    220.000     6.2079     6.2082     0.0003    1.23737    1.23731          1     0.0256     0.0288       9.96     0.0169  4.924e-11  1.000e-12  2.031e+00    11.3457    11.3450    -0.0007     8.8990     8.8985    217.833    222.380      0.528    1449.41    1449.41  0.000e+00
      18767    220.500     6.2080     6.2082     0.0002    1.23741    1.23733          1     0.0260     0.0295       9.96     0.0165  4.924e-11  1.000e-12  2.031e+00    11.3459    11.3451    -0.0008     8.8992     8.8985    218.328    222.885      0.537    1449.42    1449.42  0.000e+00
      18790    221.000     6.2082     6.2084     0.0002    1.23749    1.23740          1     0.0260     0.0282       9.96     0.0168  4.924e-11  1.000e-12  2.031e+00    11.3466    11.3457    -0.0010     8.8997     8.8989    218.823    223.390      0.521    1449.43    1449.42  0.000e+00
      18813    221.500     6.2083     6.2086     0.0003    1.23750    1.23747          1     0.0260     0.0275       9.96     0.0169  4.924e-11  1.000e-12  2.031e+00    11.3466    11.3462    -0.0004     8.8997     8.8993    219.318    223.894      0.487    1449.43    1449.43  0.000e+00
      18839    222.000     6.2083     6.2086     0.0003    1.23751    1.23747          1     0.0260     0.0276       9.96     0.0170  4.924e-11  1.000e-12  2.031e+00    11.3466    11.3461    -0.0005     8.8997     8.8992    219.813    224.399      0.467    1449.44    1449.44  0.000e+00
      18864    222.500     6.2083     6.2086     0.0002    1.23754    1.23748          1     0.0260     0.0269       9.96     0.0168  4.924e-11  1.000e-12  2.031e+00    11.3468    11.3461    -0.0007     8.8998     8.8993    220.307    224.904      0.510    1449.45    1449.45  0.000e+00
      18886    223.000     6.2085     6.2086     0.0002    1.23755    1.23750          1     0.0254     0.0285       9.96     0.0166  4.924e-11  1.000e-12  2.031e+00    11.3468    11.3462    -0.0006     8.8998     8.8993    220.802    225.409      0.558    1449.46    1449.46  0.000e+00
