ctdpy/exports/archive_20191120_135557/received_data/SBE09_0827_20180127_1300_26_01_0235.cnv
* Sea-Bird SBE 9 Data File:
* FileName = D:\CTD_SBE911\DAT\26DA.2018.1.135.hex
* Software Version Seasave V 7.21d
* Temperature SN = 034757
* Conductivity SN = 041844
* Number of Bytes Per Scan = 48
* Number of Voltage Words = 5
* Number of Scans Averaged by the Deck Unit = 1
* NMEA Latitude = 57 11.50 N
* NMEA Longitude = 011 39.74 E
* NMEA UTC (Time) = Jan 27 2018  13:00:30
* NMEA baud rate = 4800
** Ship: DANA
** Average sound velocity: 1471.00 m/s
** True-depth calculation Thu, 28 Mar 2019 08:32:32 +0000
** CTD Python Module SMHI /ver 3-12/ feb 2012 
** LIMS Job: 20182601-0235
** W Fladen
** Operator: Ronny Sørensen
** Cruise: 01/2018
# nquan = 26
# nvalues = 140                         
# units = specified
# name 0 = scan: Scan Count
# name 1 = prDM: Pressure, Digiquartz [db]
# name 2 = t090C: Temperature [ITS-90, deg C]
# name 3 = t190C: Temperature, 2 [ITS-90, deg C]
# name 4 = T2-T190C: Temperature Difference, 2 - 1 [ITS-90, deg C]
# name 5 = c0S/m: Conductivity [S/m]
# name 6 = c1S/m: Conductivity, 2 [S/m]
# name 7 = pumps: Pump Status
# name 8 = sbeox1ML/L: Oxygen, SBE 43, 2 [ml/l]
# name 9 = sbeox0ML/L: Oxygen, SBE 43 [ml/l]
# name 10 = altM: Altimeter [m]
# name 11 = chloroflTC0: Chlorophyll, Turner Cyclops [ug/l]
# name 12 = cpar: CPAR/Corrected Irradiance [%]
# name 13 = par: PAR/Irradiance, Biospherical/Lico [µE/(cm^2*s)]
# name 14 = spar: SPAR, Biospherical/Licor
# name 15 = sal00: Salinity, Practical [PSU]
# name 16 = sal11: Salinity, Practical, 2 [PSU]
# name 17 = secS-priS: Salinity, Practical, Difference, 2 - 1 [PSU]
# name 18 = sigma-t00: Density [sigma-t, kg/m^3 ]
# name 19 = sigma-t11: Density, 2 [sigma-t, kg/m^3 ]
# name 20 = depSM: Depth [salt water, m], lat = 57.1917
# name 21 = depFM: Depth [true depth, m], lat = 57.1917
# name 22 = dz/dtM: Descent Rate [m/s], WS = 2
# name 23 = svCM: Sound Velocity [Chen-Millero, m/s]
# name 24 = svCM1: Sound Velocity, 2 [Chen-Millero, m/s]
# name 25 = flag: flag
# span 0 =        464,       7211       
# span 1 =      2.500,     72.000       
# span 2 =     4.2870,     6.9019       
# span 3 =     4.2883,     7.0018       
# span 4 =    -0.2733,     0.2396       
# span 5 =   2.266386,   3.412513       
# span 6 =   2.264728,   3.424278       
# span 7 =          1,          1       
# span 8 =     5.8279,     7.1251       
# span 9 =     5.9313,     7.1956       
# span 10 =       2.51,      10.00      
# span 11 =     0.0208,     0.0417      
# span 12 = 7.2150e-14, 4.2932e+00      
# span 13 = 1.0000e-12, 5.5626e+01      
# span 14 = 7.4998e+02, 1.3884e+03      
# span 15 =    23.2858,    33.7854      
# span 16 =    23.2662,    33.8165      
# span 17 =    -0.0208,     0.2901      
# span 18 =    18.4607,    26.4753      
# span 19 =    18.4451,    26.4863      
# span 20 =      2.477,     71.325      
# span 21 =      2.500,     71.560      
# span 22 =      0.204,      0.399      
# span 23 =    1452.86,    1477.94      
# span 24 =    1452.84,    1478.36      
# span 25 = 0.0000e+00, 0.0000e+00      
# interval = decibars: 0.5              
# start_time = Jan 27 2018 13:00:30 [NMEA time, first data scan]
# bad_flag = -9.990e-29
*END*
[from data line 56]
       3165     30.500     5.4257     5.4567     0.0311    3.19518    3.19996          1     6.2699     6.3675       9.95     0.0314  7.262e-14  1.000e-12  1.377e+03    32.8235    32.8474     0.0240    25.9016    25.9169     30.217     30.374      0.224    1470.19    1470.34  0.000e+00
       3214     31.000     5.4476     5.4904     0.0428    3.19959    3.20568          1     6.2348     6.3559       9.95     0.0315  7.263e-14  1.000e-12  1.377e+03    32.8520    32.8793     0.0273    25.9216    25.9382     30.713     30.870      0.285    1470.32    1470.53  0.000e+00
       3256     31.500     5.4788     5.5516     0.0728    3.20497    3.21457          1     6.2382     6.3455       9.95     0.0302  7.263e-14  1.000e-12  1.377e+03    32.8824    32.9200     0.0376    25.9420    25.9632     31.208     31.366      0.249    1470.49    1470.84  0.000e+00
       3309     32.000     5.5334     5.5751     0.0417    3.21365    3.21912          1     6.2434     6.3293       9.95     0.0309  7.272e-14  1.000e-12  1.375e+03    32.9271    32.9484     0.0212    25.9710    25.9829     31.703     31.863      0.242    1470.78    1470.97  0.000e+00
       3354     32.500     5.5635     5.6213     0.0578    3.21828    3.22488          1     6.2131     6.3114       9.95     0.0307  7.266e-14  1.000e-12  1.376e+03    32.9499    32.9682     0.0183    25.9855    25.9931     32.198     32.359      0.265    1470.94    1471.19  0.000e+00
       3404     33.000     5.6042     5.7973     0.1930    3.22509    3.24839          1     6.1637     6.2917       9.95     0.0305  7.270e-14  1.000e-12  1.376e+03    32.9870    33.0609     0.0739    26.0100    26.0453     32.694     32.856      0.225    1471.16    1472.02  0.000e+00
       3456     33.500     5.7198     5.9592     0.2396    3.24110    3.27380          1     6.1136     6.2715       9.95     0.0312  7.274e-14  1.000e-12  1.375e+03    33.0546    33.1883     0.1337    26.0496    26.1262     33.189     33.352      0.255    1471.71    1472.84  0.000e+00
       3501     34.000     5.8537     6.0727     0.2189    3.26256    3.29042          1     6.1042     6.2289       9.95     0.0305  7.263e-14  1.000e-12  1.377e+03    33.1650    33.2632     0.0982    26.1207    26.1713     33.684     33.848      0.256    1472.40    1473.40  0.000e+00
       3551     34.500     5.9888     6.1246     0.1357    3.28295    3.30202          1     6.1201     6.1984       9.95     0.0314  7.273e-14  1.000e-12  1.375e+03    33.2615    33.3419     0.0804    26.1804    26.2270     34.180     34.344      0.233    1473.07    1473.71  0.000e+00
       3599     35.000     6.0842     6.1377     0.0537    3.29679    3.30450          1     6.0713     6.1813       9.95     0.0326  7.262e-14  1.000e-12  1.377e+03    33.3228    33.3566     0.0338    26.2169    26.2369     34.675     34.841      0.273    1473.53    1473.79  0.000e+00
       3643     35.500     6.1118     6.1356     0.0237    3.30236    3.30497          1     6.0621     6.1743       9.95     0.0325  7.252e-14  1.000e-12  1.379e+03    33.3579    33.3637     0.0059    26.2412    26.2428     35.170     35.337      0.258    1473.70    1473.80  0.000e+00
       3696     36.000     6.1233     6.1230    -0.0002    3.30454    3.30408          1     6.0809     6.1749       9.95     0.0328  7.251e-14  1.000e-12  1.379e+03    33.3707    33.3658    -0.0049    26.2498    26.2460     35.666     35.833      0.213    1473.77    1473.76  0.000e+00
       3746     36.500     6.1201     6.1222     0.0021    3.30463    3.30398          1     6.0803     6.1868       9.95     0.0335  7.238e-14  1.000e-12  1.382e+03    33.3747    33.3653    -0.0094    26.2534    26.2457     36.161     36.329      0.281    1473.77    1473.76  0.000e+00
       3789     37.000     6.1199     6.1223     0.0024    3.30467    3.30412          1     6.1234     6.1989       9.95     0.0319  7.231e-14  1.000e-12  1.383e+03    33.3750    33.3665    -0.0085    26.2537    26.2467     36.656     36.826      0.251    1473.77    1473.77  0.000e+00
       3843     37.500     6.1199     6.1223     0.0023    3.30467    3.30426          1     6.1060     6.2031       9.95     0.0323  7.225e-14  1.000e-12  1.384e+03    33.3747    33.3678    -0.0069    26.2535    26.2477     37.152     37.322      0.235    1473.78    1473.78  0.000e+00
       3887     38.000     6.1202     6.1221     0.0019    3.30472    3.30438          1     6.0719     6.1871       9.95     0.0320  7.220e-14  1.000e-12  1.385e+03    33.3747    33.3691    -0.0056    26.2534    26.2488     37.647     37.818      0.287    1473.79    1473.79  0.000e+00
       3932     38.500     6.1210     6.1229     0.0019    3.30481    3.30452          1     6.0858     6.1919       9.95     0.0323  7.220e-14  1.000e-12  1.385e+03    33.3748    33.3697    -0.0051    26.2534    26.2491     38.142     38.314      0.240    1473.80    1473.80  0.000e+00
       3985     39.000     6.1219     6.1283     0.0063    3.30493    3.30514          1     6.1032     6.1888       9.95     0.0328  7.215e-14  1.000e-12  1.386e+03    33.3750    33.3711    -0.0039    26.2534    26.2495     38.638     38.811      0.234    1473.81    1473.83  0.000e+00
       4033     39.500     6.1256     6.1301     0.0045    3.30539    3.30549          1     6.0871     6.1856       9.95     0.0319  7.218e-14  1.000e-12  1.385e+03    33.3763    33.3729    -0.0034    26.2540    26.2508     39.133     39.307      0.257    1473.84    1473.85  0.000e+00
       4082     40.000     6.1281     6.1326     0.0045    3.30572    3.30588          1     6.0810     6.1916       9.95     0.0328  7.220e-14  1.000e-12  1.385e+03    33.3772    33.3745    -0.0027    26.2544    26.2517     39.628     39.803      0.236    1473.86    1473.87  0.000e+00
       4132     40.500     6.1290     6.1349     0.0059    3.30583    3.30620          1     6.0809     6.1897       9.95     0.0330  7.220e-14  1.000e-12  1.385e+03    33.3773    33.3757    -0.0016    26.2544    26.2523     40.123     40.299      0.255    1473.87    1473.89  0.000e+00
       4177     41.000     6.1324     6.1383     0.0059    3.30629    3.30675          1     6.0887     6.1846       9.95     0.0331  7.220e-14  1.000e-12  1.385e+03    33.3789    33.3782    -0.0007    26.2552    26.2539     40.619     40.796      0.263    1473.89    1473.92  0.000e+00
       4226     41.500     6.1367     6.1401     0.0034    3.30684    3.30702          1     6.0573     6.1919       9.95     0.0330  7.220e-14  1.000e-12  1.385e+03    33.3806    33.3792    -0.0014    26.2560    26.2544     41.114     41.292      0.233    1473.92    1473.93  0.000e+00
       4275     42.000     6.1393     6.1447     0.0054    3.30723    3.30770          1     6.1099     6.1864       9.95     0.0326  7.220e-14  1.000e-12  1.385e+03    33.3821    33.3821    -0.0001    26.2569    26.2561     41.609     41.788      0.263    1473.94    1473.96  0.000e+00
       4321     42.500     6.1422     6.1468     0.0046    3.30769    3.30809          1     6.0718     6.1893       9.95     0.0330  7.228e-14  1.000e-12  1.384e+03    33.3842    33.3842    -0.0000    26.2581    26.2575     42.105     42.284      0.240    1473.96    1473.98  0.000e+00
       4375     43.000     6.1473     6.1538     0.0065    3.30839    3.30890          1     6.0900     6.1837       9.95     0.0329  7.231e-14  1.000e-12  1.383e+03    33.3868    33.3861    -0.0007    26.2596    26.2582     42.600     42.781      0.228    1474.00    1474.02  0.000e+00
       4422     43.500     6.1534     6.1582     0.0048    3.30919    3.30960          1     6.0670     6.1826       9.95     0.0328  7.231e-14  1.000e-12  1.383e+03    33.3895    33.3893    -0.0002    26.2609    26.2602     43.095     43.277      0.286    1474.03    1474.05  0.000e+00
       4465     44.000     6.1569     6.1588     0.0019    3.30973    3.30994          1     6.0725     6.1781       9.95     0.0321  7.232e-14  1.000e-12  1.383e+03    33.3918    33.3923     0.0005    26.2623    26.2624     43.591     43.773      0.245    1474.06    1474.07  0.000e+00
       4518     44.500     6.1581     6.1590     0.0009    3.31008    3.31021          1     6.0848     6.1776       9.95     0.0328  7.231e-14  1.000e-12  1.383e+03    33.3943    33.3949     0.0006    26.2641    26.2644     44.086     44.269      0.239    1474.07    1474.08  0.000e+00
       4562     45.000     6.1587     6.1628     0.0041    3.31032    3.31067          1     6.0900     6.1826       9.95     0.0325  7.238e-14  1.000e-12  1.382e+03    33.3961    33.3960    -0.0001    26.2655    26.2649     44.581     44.766      0.287    1474.09    1474.10  0.000e+00
       4610     45.500     6.1628     6.1700     0.0072    3.31090    3.31152          1     6.0723     6.1877       9.95     0.0331  7.241e-14  1.000e-12  1.381e+03    33.3983    33.3982    -0.0001    26.2666    26.2657     45.076     45.262      0.215    1474.11    1474.14  0.000e+00
       4666     46.000     6.1716     6.1756     0.0040    3.31193    3.31225          1     6.0237     6.1817       9.95     0.0339  7.247e-14  1.000e-12  1.380e+03    33.4010    33.4006    -0.0003    26.2677    26.2669     45.572     45.758      0.260    1474.16    1474.17  0.000e+00
       4710     46.500     6.1753     6.1766     0.0013    3.31240    3.31241          1     6.0356     6.1762       9.95     0.0332  7.246e-14  1.000e-12  1.380e+03    33.4023    33.4011    -0.0012    26.2682    26.2671     46.067     46.254      0.250    1474.18    1474.19  0.000e+00
       4761     47.000     6.1777     6.1832     0.0055    3.31276    3.31323          1     6.0572     6.1791       9.95     0.0330  7.251e-14  1.000e-12  1.379e+03    33.4037    33.4036    -0.0001    26.2691    26.2682     46.562     46.750      0.248    1474.20    1474.22  0.000e+00
       4806     47.500     6.1845     6.1946     0.0100    3.31374    3.31482          1     6.0441     6.1715       9.95     0.0332  7.258e-14  1.000e-12  1.378e+03    33.4078    33.4099     0.0021    26.2714    26.2719     47.058     47.247      0.263    1474.24    1474.29  0.000e+00
       4854     48.000     6.1927     6.2006     0.0079    3.31498    3.31590          1     6.0887     6.1711       9.95     0.0327  7.260e-14  1.000e-12  1.377e+03    33.4134    33.4158     0.0025    26.2748    26.2758     47.553     47.743      0.245    1474.29    1474.33  0.000e+00
       4904     48.500     6.2006     6.2069     0.0063    3.31624    3.31710          1     6.0686     6.1734       9.95     0.0331  7.267e-14  1.000e-12  1.376e+03    33.4194    33.4227     0.0033    26.2786    26.2804     48.048     48.239      0.238    1474.34    1474.37  0.000e+00
       4952     49.000     6.2065     6.2101     0.0036    3.31730    3.31775          1     6.0671     6.1662       9.95     0.0322  7.273e-14  1.000e-12  1.375e+03    33.4251    33.4266     0.0015    26.2823    26.2830     48.543     48.735      0.265    1474.38    1474.39  0.000e+00
       5000     49.500     6.2097     6.2154     0.0057    3.31788    3.31849          1     6.0557     6.1703       9.95     0.0322  7.277e-14  1.000e-12  1.374e+03    33.4283    33.4294     0.0011    26.2844    26.2846     49.039     49.232      0.221    1474.40    1474.43  0.000e+00
       5054     50.000     6.2220     6.2358     0.0138    3.31982    3.32139          1     6.0143     6.1779       9.95     0.0343  7.284e-14  1.000e-12  1.373e+03    33.4376    33.4415     0.0039    26.2902    26.2916     49.534     49.728      0.268    1474.47    1474.53  0.000e+00
       5094     50.500     6.2412     6.2677     0.0265    3.32271    3.32539          1     6.0340     6.1651       9.95     0.0324  7.284e-14  1.000e-12  1.373e+03    33.4507    33.4545     0.0039    26.2981    26.2978     50.029     50.224      0.282    1474.57    1474.68  0.000e+00
       5144     51.000     6.2758     6.3421     0.0663    3.32805    3.33448          1     6.0381     6.1471       9.95     0.0333  7.291e-14  1.000e-12  1.372e+03    33.4761    33.4825     0.0065    26.3137    26.3103     50.525     50.720      0.219    1474.75    1475.02  0.000e+00
       5197     51.500     6.3716     6.3943     0.0227    3.34088    3.34293          1     5.9838     6.1191       9.95     0.0353  7.295e-14  1.000e-12  1.371e+03    33.5245    33.5250     0.0005    26.3397    26.3371     51.020     51.217      0.245    1475.20    1475.29  0.000e+00
       5242     52.000     6.3890     6.3975     0.0085    3.34325    3.34381          1     5.9867     6.1055       9.95     0.0336  7.295e-14  1.000e-12  1.371e+03    33.5336    33.5314    -0.0021    26.3446    26.3418     51.515     51.713      0.265    1475.28    1475.32  0.000e+00
       5296     52.500     6.3922     6.3989     0.0067    3.34381    3.34413          1     6.0152     6.1052       9.95     0.0335  7.302e-14  1.000e-12  1.370e+03    33.5363    33.5334    -0.0029    26.3464    26.3432     52.010     52.209      0.204    1475.31    1475.33  0.000e+00
       5348     53.000     6.3982     6.4019     0.0036    3.34459    3.34456          1     5.9721     6.1062       9.95     0.0342  7.305e-14  1.000e-12  1.369e+03    33.5388    33.5350    -0.0039    26.3476    26.3440     52.506     52.705      0.282    1475.35    1475.35  0.000e+00
       5389     53.500     6.4013     6.4025     0.0012    3.34489    3.34475          1     5.9679     6.1107       9.95     0.0343  7.313e-14  1.000e-12  1.368e+03    33.5389    33.5362    -0.0028    26.3472    26.3449     53.001     53.201      0.268    1475.37    1475.37  0.000e+00
       5441     54.000     6.4013     6.4020     0.0007    3.34490    3.34475          1     5.9898     6.1114       9.95     0.0343  7.323e-14  1.000e-12  1.366e+03    33.5388    33.5365    -0.0024    26.3472    26.3452     53.496     53.697      0.221    1475.37    1475.37  0.000e+00
       5490     54.500     6.4020     6.4029     0.0008    3.34500    3.34489          1     6.0291     6.1037       9.95     0.0334  7.322e-14  1.000e-12  1.366e+03    33.5389    33.5369    -0.0020    26.3471    26.3455     53.992     54.194      0.273    1475.38    1475.38  0.000e+00
       5537     55.000     6.4029     6.4030     0.0001    3.34511    3.34498          1     5.9635     6.1042       9.95     0.0336  7.345e-14  1.000e-12  1.362e+03    33.5391    33.5375    -0.0015    26.3471    26.3459     54.487     54.690      0.229    1475.40    1475.39  0.000e+00
       5590     55.500     6.4032     6.4040     0.0008    3.34515    3.34513          1     5.9666     6.1116       9.95     0.0338  7.376e-14  1.000e-12  1.356e+03    33.5390    33.5379    -0.0011    26.3471    26.3461     54.982     55.186      0.234    1475.40    1475.41  0.000e+00
       5640     56.000     6.4037     6.4044     0.0007    3.34523    3.34520          1     6.0368     6.1084       9.95     0.0334  7.402e-14  1.000e-12  1.351e+03    33.5391    33.5381    -0.0010    26.3471    26.3462     55.477     55.682      0.248    1475.41    1475.42  0.000e+00
       5689     56.500     6.4094     6.4128     0.0033    3.34596    3.34610          1     5.9503     6.1026       9.95     0.0335  7.396e-14  1.000e-12  1.352e+03    33.5414    33.5396    -0.0017    26.3481    26.3463     55.973     56.178      0.239    1475.45    1475.46  0.000e+00
       5738     57.000     6.4154     6.4202     0.0048    3.34673    3.34712          1     5.9950     6.0980       9.95     0.0331  7.391e-14  1.000e-12  1.353e+03    33.5438    33.5434    -0.0003    26.3492    26.3483     56.468     56.675      0.263    1475.48    1475.50  0.000e+00
       5781     57.500     6.4174     6.4267     0.0093    3.34698    3.34768          1     5.9912     6.0863       9.95     0.0330  7.419e-14  1.000e-12  1.348e+03    33.5444    33.5430    -0.0014    26.3495    26.3472     56.963     57.171      0.277    1475.50    1475.54  0.000e+00
