ctdpy/exports/archive_20191120_135557/received_data/SBE09_1044_20181208_0436_34_01_0169.cnv
* Sea-Bird SBE 9 Data File:
* FileName = C:\ctd\temp\ar18d169.hex
* Software Version Seasave V 7.26.7.107
* Temperature SN = 5351
* Conductivity SN = 3941
* Number of Bytes Per Scan = 41
* Number of Voltage Words = 4
* Number of Scans Averaged by the Deck Unit = 1
* NMEA Latitude = 58 20.38 N
* NMEA Longitude = 011 01.72 E
* NMEA UTC (Time) = Dec 08 2018  04:36:40
* NMEA baud rate = 4800
** Station:  A13
** Operator:  JKro
** Ship: ARANDA
** Average sound velocity: 1483.47 m/s
** True-depth calculation Sun, 09 Dec 2018 17:36:03 +0000
** CTD Python Module SMHI /ver 3-12/ feb 2012 
** LIMS Job: 20183401-0169
** Cruise: SMHI-7-2018
** Latitude [GG MM.mm N]:
** Longitude [GG MM.mm E]
# nquan = 26
# nvalues = 179                         
# units = specified
# name 0 = scan: Scan Count
# name 1 = prDM: Pressure, Digiquartz [db]
# name 2 = t090C: Temperature [ITS-90, deg C]
# name 3 = t190C: Temperature, 2 [ITS-90, deg C]
# name 4 = T2-T190C: Temperature Difference, 2 - 1 [ITS-90, deg C]
# name 5 = c0S/m: Conductivity [S/m]
# name 6 = c1S/m: Conductivity, 2 [S/m]
# name 7 = pumps: Pump Status
# name 8 = sbeox0ML/L: Oxygen, SBE 43 [ml/l]
# name 9 = sbeox1ML/L: Oxygen, SBE 43, 2 [ml/l]
# name 10 = altM: Altimeter [m]
# name 11 = flECO-AFL: Chl-a Fluorescence, WET Labs ECO-AFL/FL [mg/m^3]
# name 12 = flECO-AFL1: Phycocyanin Fluorescence, WET Labs ECO-AFL/FL, 2 [mg/m^3]
# name 13 = par: PAR/Irradiance, Biospherical/Lico [µE/(cm^2*s)]
# name 14 = turbWETntu0: Turbidity, WET Labs ECO [NTU]
# name 15 = sal00: Salinity, Practical [PSU]
# name 16 = sal11: Salinity, Practical, 2 [PSU]
# name 17 = secS-priS: Salinity, Practical, Difference, 2 - 1 [PSU]
# name 18 = sigma-t00: Density [sigma-t, Kg/m^3 ]
# name 19 = sigma-t11: Density, 2 [sigma-t, Kg/m^3 ]
# name 20 = depSM: Depth [salt water, m], lat = 58.3397
# name 21 = depFM: Depth [true depth, m], lat = 58.3397
# name 22 = dz/dtM: Descent Rate [m/s], WS = 2
# name 23 = svCM: Sound Velocity [Chen-Millero, m/s]
# name 24 = svCM1: Sound Velocity, 2 [Chen-Millero, m/s]
# name 25 = flag: flag
# span 0 =      26630,      31721       
# span 1 =      1.000,     90.000       
# span 2 =     7.3080,     8.5182       
# span 3 =     7.3133,     8.5191       
# span 4 =    -0.0606,     0.0735       
# span 5 =   3.281639,   3.619599       
# span 6 =   3.282887,   3.619422       
# span 7 =          1,          1       
# span 8 =    6.16098,    6.68287       
# span 9 =    6.13631,    6.65571       
# span 10 =       2.53,      90.35      
# span 11 =     0.2197,     0.8478      
# span 12 =     0.1668,     0.3268      
# span 13 = 1.0000e-12, 4.6105e-02      
# span 14 =     0.2554,     1.3359      
# span 15 =    32.0051,    34.4374      
# span 16 =    32.0137,    34.4371      
# span 17 =    -0.1346,     0.1689      
# span 18 =    25.0191,    26.7549      
# span 19 =    25.0252,    26.7549      
# span 20 =      0.991,     89.144      
# span 21 =      0.994,     89.301      
# span 22 =     -0.180,      1.151      
# span 23 =    1476.13,    1485.16      
# span 24 =    1476.16,    1485.16      
# span 25 = 0.0000e+00, 0.0000e+00      
# interval = decibars: 0.5              
# start_time = Dec 08 2018 04:36:41 [NMEA time, first data scan]
# bad_flag = -9.990e-29
*END*
[from data line 56]
      28121     29.000     8.4112     8.4124     0.0012    3.58332    3.58340          1     6.3468     6.3384      63.34     0.3086     0.1846  1.000e-12  0.7150000    34.1762    34.1758    -0.0003    26.5648    26.5644     28.728     28.784      0.480    1483.48    1483.48  0.000e+00
      28196     29.500     8.4162     8.4163     0.0002    3.58366    3.58373          1     6.3366     6.3357      62.31     0.3589     0.2566  1.000e-12  0.5537000    34.1748    34.1754     0.0006    26.5630    26.5635     29.224     29.280      0.379    1483.50    1483.50  0.000e+00
      28212     30.000     8.4124     8.4154     0.0030    3.58353    3.58380          1     6.3466     6.3329      62.21     0.3403     0.2264  1.000e-12  0.5770000    34.1768    34.1767    -0.0000    26.5651    26.5646     29.719     29.776      0.706    1483.50    1483.51  0.000e+00
      28227     30.500     8.4161     8.4173     0.0013    3.58410    3.58424          1     6.3505     6.3287      61.80     0.3325     0.2067  1.000e-12  0.5848000    34.1790    34.1793     0.0003    26.5663    26.5664     30.214     30.272      0.803    1483.52    1483.53  0.000e+00
      28241     31.000     8.4209     8.4235     0.0026    3.58479    3.58512          1     6.3520     6.3286      61.45     0.2964     0.2071  1.000e-12  0.6835000    34.1814    34.1824     0.0010    26.5675    26.5679     30.710     30.768      0.777    1483.55    1483.56  0.000e+00
      28258     31.500     8.4252     8.4264     0.0012    3.58540    3.58554          1     6.3506     6.3308      60.89     0.3188     0.2061  1.000e-12  0.6991000    34.1834    34.1837     0.0003    26.5684    26.5685     31.205     31.264      0.603    1483.58    1483.58  0.000e+00
      28292     32.000     8.4269     8.4277     0.0008    3.58564    3.58574          1     6.3452     6.3378      60.12     0.3756     0.2223  1.000e-12  0.6817000    34.1842    34.1844     0.0002    26.5687    26.5688     31.700     31.760      0.290    1483.59    1483.60  0.000e+00
      28336     32.500     8.4298     8.4303     0.0005    3.58608    3.58613          1     6.3383     6.3341      59.32     0.4778     0.2220  1.000e-12  0.6372000    34.1858    34.1857    -0.0000    26.5695    26.5694     32.195     32.256      0.465    1483.61    1483.62  0.000e+00
      28355     33.000     8.4324     8.4325     0.0001    3.58642    3.58643          1     6.3386     6.3281      59.04     0.4476     0.2065  1.000e-12  0.6707000    34.1866    34.1866     0.0000    26.5698    26.5698     32.691     32.752      0.659    1483.63    1483.63  0.000e+00
      28372     33.500     8.4327     8.4339     0.0012    3.58648    3.58664          1     6.3408     6.3293      58.64     0.3693     0.2191  1.000e-12  0.6792000    34.1867    34.1872     0.0005    26.5698    26.5700     33.186     33.248      0.677    1483.64    1483.65  0.000e+00
      28391     34.000     8.4334     8.4349     0.0015    3.58663    3.58682          1     6.3466     6.3246      57.73     0.3762     0.2338  1.000e-12  0.6976000    34.1874    34.1879     0.0005    26.5702    26.5704     33.681     33.744      0.538    1483.66    1483.66  0.000e+00
      28422     34.500     8.4370     8.4379     0.0009    3.58718    3.58727          1     6.3481     6.3160      57.38     0.3825     0.2360  1.000e-12  0.6875000    34.1894    34.1896     0.0002    26.5713    26.5713     34.176     34.241      0.342    1483.68    1483.68  0.000e+00
      28457     35.000     8.4379     8.4387     0.0008    3.58731    3.58741          1     6.3404     6.3297      57.03     0.4543     0.2486  1.000e-12  0.6578000    34.1897    34.1900     0.0003    26.5714    26.5715     34.672     34.737      0.434    1483.69    1483.70  0.000e+00
      28480     35.500     8.4396     8.4411     0.0014    3.58756    3.58777          1     6.3381     6.3371      56.71     0.6071     0.2210  1.000e-12  0.6918000    34.1904    34.1912     0.0008    26.5717    26.5721     35.167     35.233      0.596    1483.71    1483.71  0.000e+00
      28498     36.000     8.4440     8.4462     0.0022    3.58819    3.58851          1     6.3410     6.3293      56.33     0.3680     0.1945  1.000e-12  0.6795000    34.1927    34.1938     0.0012    26.5728    26.5733     35.662     35.729      0.613    1483.74    1483.74  0.000e+00
      28519     36.500     8.4500     8.4529     0.0029    3.58907    3.58948          1     6.3432     6.3259      55.80     0.3517     0.2083  1.000e-12  0.7014000    34.1959    34.1975     0.0016    26.5743    26.5752     36.158     36.225      0.505    1483.77    1483.78  0.000e+00
      28548     37.000     8.4549     8.4560     0.0010    3.58991    3.59005          1     6.3327     6.3227      55.17     0.3357     0.2319  1.000e-12  0.6768000    34.1998    34.2003     0.0005    26.5767    26.5769     36.653     36.721      0.381    1483.80    1483.80  0.000e+00
      28581     37.500     8.4591     8.4595     0.0003    3.59062    3.59062          1     6.3299     6.3230      54.62     0.3662     0.2472  1.000e-12  0.6959000    34.2030    34.2027    -0.0003    26.5785    26.5783     37.148     37.217      0.374    1483.83    1483.83  0.000e+00
      28611     38.000     8.4570     8.4569    -0.0001    3.59050    3.59050          1     6.3363     6.3326      54.13     0.4035     0.2441  1.000e-12  0.7357000    34.2036    34.2037     0.0001    26.5793    26.5794     37.643     37.713      0.487    1483.83    1483.83  0.000e+00
      28632     38.500     8.4565     8.4570     0.0005    3.59067    3.59074          1     6.3373     6.3206      53.80     0.3924     0.2286  1.000e-12  0.6662000    34.2057    34.2059     0.0002    26.5811    26.5812     38.139     38.209      0.658    1483.84    1483.84  0.000e+00
      28648     39.000     8.4663     8.4668     0.0005    3.59203    3.59206          1     6.3373     6.3128      53.42     0.3384     0.2219  1.000e-12  0.6620000    34.2102    34.2102    -0.0001    26.5831    26.5830     38.634     38.705      0.716    1483.89    1483.89  0.000e+00
      28665     39.500     8.4711     8.4724     0.0013    3.59265    3.59282          1     6.3406     6.3156      52.89     0.3233     0.2005  1.000e-12  0.6525000    34.2120    34.2125     0.0005    26.5838    26.5839     39.129     39.201      0.620    1483.92    1483.92  0.000e+00
      28692     40.000     8.4720     8.4720     0.0000    3.59281    3.59277          1     6.3394     6.3188      52.26     0.3120     0.2088  1.000e-12  0.6417000    34.2125    34.2121    -0.0004    26.5840    26.5837     39.624     39.697      0.333    1483.93    1483.93  0.000e+00
      28744     40.500     8.4737     8.4702    -0.0035    3.59302    3.59247          1     6.3389     6.3256      51.57     0.3543     0.1822  1.000e-12  0.6020000    34.2128    34.2104    -0.0024    26.5841    26.5827     40.120     40.194      0.418    1483.94    1483.93  0.000e+00
      28762     41.000     8.4903     8.4909     0.0007    3.59526    3.59539          1     6.3413     6.3262      51.27     0.3095     0.2351  1.000e-12  0.5945000    34.2202    34.2210     0.0008    26.5873    26.5878     40.615     40.690      0.676    1484.02    1484.03  0.000e+00
      28778     41.500     8.4930     8.4942     0.0012    3.59584    3.59599          1     6.3415     6.3304      50.88     0.3335     0.2656  1.000e-12  0.6055000    34.2235    34.2238     0.0003    26.5895    26.5895     41.110     41.186      0.688    1484.05    1484.05  0.000e+00
      28798     42.000     8.4956     8.4963     0.0006    3.59629    3.59638          1     6.3388     6.3285      50.41     0.3183     0.2209  1.000e-12  0.6025000    34.2254    34.2257     0.0003    26.5906    26.5907     41.605     41.682      0.521    1484.07    1484.07  0.000e+00
      28832     42.500     8.4962     8.4975     0.0013    3.59638    3.59656          1     6.3377     6.3213      49.63     0.3274     0.2309  1.000e-12  0.5526000    34.2256    34.2263     0.0007    26.5906    26.5909     42.101     42.178      0.318    1484.08    1484.08  0.000e+00
      28864     43.000     8.4992     8.5001     0.0009    3.59685    3.59702          1     6.3389     6.3220      49.18     0.3333     0.2439  1.000e-12  0.5255000    34.2275    34.2284     0.0009    26.5916    26.5922     42.596     42.674      0.541    1484.10    1484.10  0.000e+00
      28882     43.500     8.4999     8.5005     0.0006    3.59714    3.59722          1     6.3400     6.3307      48.80     0.3335     0.2216  1.000e-12  0.6434000    34.2296    34.2298     0.0003    26.5931    26.5933     43.091     43.170      0.679    1484.11    1484.11  0.000e+00
      28899     44.000     8.5003     8.5012     0.0009    3.59730    3.59740          1     6.3410     6.3257      48.37     0.3410     0.2389  1.000e-12  0.6068000    34.2307    34.2309     0.0002    26.5939    26.5939     43.586     43.666      0.614    1484.12    1484.13  0.000e+00
      28928     44.500     8.5003     8.5013     0.0010    3.59733    3.59747          1     6.3394     6.3241      47.63     0.3386     0.2567  1.000e-12  0.5720000    34.2308    34.2312     0.0004    26.5940    26.5942     44.082     44.162      0.327    1484.13    1484.14  0.000e+00
      28978     45.000     8.5003     8.5014     0.0011    3.59736    3.59752          1     6.3396     6.3184      46.96     0.2923     0.2227  1.000e-12  0.4821000    34.2308    34.2314     0.0006    26.5941    26.5944     44.577     44.658      0.431    1484.14    1484.14  0.000e+00
      28996     45.500     8.5008     8.5015     0.0008    3.59752    3.59761          1     6.3400     6.3153      46.28     0.3017     0.2238  1.000e-12  0.4937000    34.2318    34.2320     0.0002    26.5948    26.5948     45.072     45.154      0.713    1484.15    1484.15  0.000e+00
      29011     46.000     8.4997     8.5004     0.0008    3.59751    3.59760          1     6.3400     6.3174      45.94     0.3468     0.2317  1.000e-12  0.5216000    34.2326    34.2329     0.0002    26.5956    26.5956     45.567     45.650      0.775    1484.16    1484.16  0.000e+00
      29027     46.500     8.5002     8.5011     0.0009    3.59767    3.59777          1     6.3401     6.3245      45.78     0.3529     0.2294  1.000e-12  0.5569000    34.2335    34.2337     0.0002    26.5961    26.5962     46.063     46.147      0.679    1484.17    1484.17  0.000e+00
      29052     47.000     8.5009     8.5015     0.0005    3.59781    3.59787          1     6.3418     6.3246      45.22     0.3383     0.2336  1.000e-12  0.5564000    34.2341    34.2342     0.0001    26.5965    26.5965     46.558     46.643      0.362    1484.18    1484.18  0.000e+00
      29113     47.500     8.5005     8.5010     0.0006    3.59778    3.59783          1     6.3408     6.3261      44.56     0.2985     0.1981  1.000e-12  0.6945000    34.2340    34.2340     0.0000    26.5965    26.5964     47.053     47.139      0.391    1484.18    1484.19  0.000e+00
      29132     48.000     8.5008     8.5016     0.0008    3.59789    3.59797          1     6.3416     6.3222      44.29     0.2900     0.2146  1.000e-12  0.5730000    34.2345    34.2347     0.0001    26.5969    26.5969     47.548     47.635      0.662    1484.19    1484.20  0.000e+00
      29148     48.500     8.5014     8.5022     0.0009    3.59805    3.59814          1     6.3426     6.3272      43.92     0.2848     0.2208  1.000e-12  0.5373000    34.2355    34.2356     0.0001    26.5975    26.5975     48.044     48.131      0.724    1484.21    1484.21  0.000e+00
      29165     49.000     8.5018     8.5025     0.0008    3.59818    3.59827          1     6.3417     6.3350      43.47     0.2847     0.2444  1.000e-12  0.5750000    34.2362    34.2364     0.0002    26.5980    26.5981     48.539     48.627      0.687    1484.22    1484.22  0.000e+00
      29183     49.500     8.5024     8.5036     0.0012    3.59831    3.59847          1     6.3388     6.3351      42.96     0.3038     0.2597  1.000e-12  0.5616000    34.2368    34.2372     0.0005    26.5984    26.5986     49.034     49.123      0.567    1484.23    1484.23  0.000e+00
      29212     50.000     8.5047     8.5060     0.0013    3.59866    3.59883          1     6.3392     6.3285      42.34     0.3400     0.2568  1.000e-12  0.5257000    34.2379    34.2385     0.0006    26.5989    26.5992     49.529     49.619      0.338    1484.25    1484.25  0.000e+00
      29254     50.500     8.5088     8.5117     0.0028    3.59940    3.59983          1     6.3334     6.3271      41.68     0.3636     0.2396  1.000e-12  0.4658000    34.2416    34.2433     0.0017    26.6012    26.6021     50.025     50.115      0.367    1484.28    1484.29  0.000e+00
      29279     51.000     8.5175     8.5182     0.0007    3.60102    3.60114          1     6.3398     6.3376      41.31     0.3165     0.2218  1.000e-12  0.4545000    34.2501    34.2506     0.0005    26.6065    26.6068     50.520     50.611      0.551    1484.33    1484.33  0.000e+00
      29299     51.500     8.5182     8.5191     0.0009    3.60128    3.60138          1     6.3431     6.3388      40.86     0.2969     0.2610  1.000e-12  0.4649000    34.2519    34.2521     0.0002    26.6078    26.6078     51.015     51.107      0.575    1484.34    1484.34  0.000e+00
      29321     52.000     8.5178     8.5186     0.0009    3.60147    3.60156          1     6.3395     6.3308      40.35     0.2980     0.2733  1.000e-12  0.4699000    34.2540    34.2541     0.0001    26.6096    26.6095     51.510     51.603      0.523    1484.35    1484.35  0.000e+00
      29345     52.500     8.5151     8.5153     0.0003    3.60143    3.60150          1     6.3361     6.3244      39.88     0.3091     0.2399  1.000e-12  0.4819000    34.2561    34.2565     0.0004    26.6116    26.6119     52.005     52.099      0.480    1484.35    1484.35  0.000e+00
      29371     53.000     8.5131     8.5135     0.0003    3.60138    3.60145          1     6.3399     6.3316      39.34     0.3074     0.2281  1.000e-12  0.4810000    34.2571    34.2575     0.0004    26.6127    26.6130     52.501     52.595      0.433    1484.35    1484.35  0.000e+00
      29402     53.500     8.5106     8.5117     0.0012    3.60124    3.60134          1     6.3394     6.3353      38.81     0.3010     0.2240  1.000e-12  0.4449000    34.2579    34.2578    -0.0001    26.6137    26.6135     52.996     53.092      0.389    1484.35    1484.35  0.000e+00
      29430     54.000     8.5072     8.5081     0.0009    3.60109    3.60119          1     6.3366     6.3289      38.33     0.3052     0.2068  1.000e-12  0.4414000    34.2594    34.2596     0.0002    26.6154    26.6154     53.491     53.588      0.577    1484.35    1484.35  0.000e+00
      29447     54.500     8.5073     8.5084     0.0010    3.60121    3.60136          1     6.3407     6.3231      37.95     0.2969     0.2159  1.000e-12  0.4557000    34.2603    34.2608     0.0005    26.6161    26.6163     53.986     54.084      0.767    1484.36    1484.36  0.000e+00
      29461     55.000     8.5086     8.5092     0.0007    3.60169    3.60177          1     6.3442     6.3221      37.62     0.3394     0.2216  1.000e-12  0.4659000    34.2639    34.2641     0.0002    26.6187    26.6188     54.482     54.580      0.799    1484.38    1484.38  0.000e+00
      29477     55.500     8.5087     8.5093     0.0006    3.60210    3.60216          1     6.3435     6.3233      37.11     0.3461     0.2312  1.000e-12  0.4698000    34.2679    34.2679    -0.0000    26.6219    26.6218     54.977     55.076      0.613    1484.39    1484.39  0.000e+00
      29539     56.000     8.5083     8.5093     0.0011    3.60211    3.60211          1     6.3330     6.3174      36.07     0.2850     0.2541  1.000e-12  0.4545000    34.2682    34.2671    -0.0010    26.6221    26.6211     55.472     55.572      0.570    1484.40    1484.40  0.000e+00
