ctdpy/exports/archive_20191120_135557/received_data/SBE09_0827_20180825_1228_26_01_0895.cnv
* Sea-Bird SBE 9 Data File:
* FileName = D:\CTD_SBE911\DAT\26DA.2018.8.95.hex
* Software Version Seasave V 7.21d
* Temperature SN = 034605
* Conductivity SN = 041844
* Number of Bytes Per Scan = 48
* Number of Voltage Words = 5
* Number of Scans Averaged by the Deck Unit = 1
* NMEA Latitude = 58 20.12 N
* NMEA Longitude = 011 01.40 E
* NMEA UTC (Time) = Aug 25 2018  12:31:13
* NMEA baud rate = 4800
** Ship: DANA
** Average sound velocity: 1499.67 m/s
** True-depth calculation Thu, 28 Mar 2019 09:27:40 +0000
** CTD Python Module SMHI /ver 3-12/ feb 2012 
** LIMS Job: 20182601-0895
**  A13
** Operator: Christian A-KTh
** Cruise: 08/2018
# nquan = 26
# nvalues = 182                         
# units = specified
# name 0 = scan: Scan Count
# name 1 = prDM: Pressure, Digiquartz [db]
# name 2 = t090C: Temperature [ITS-90, deg C]
# name 3 = t190C: Temperature, 2 [ITS-90, deg C]
# name 4 = T2-T190C: Temperature Difference, 2 - 1 [ITS-90, deg C]
# name 5 = c0S/m: Conductivity [S/m]
# name 6 = c1S/m: Conductivity, 2 [S/m]
# name 7 = pumps: Pump Status
# name 8 = sbeox1ML/L: Oxygen, SBE 43, 2 [ml/l]
# name 9 = sbeox0ML/L: Oxygen, SBE 43 [ml/l]
# name 10 = altM: Altimeter [m]
# name 11 = chloroflTC0: Chlorophyll, Turner Cyclops [ug/l]
# name 12 = cpar: CPAR/Corrected Irradiance [%]
# name 13 = par: PAR/Irradiance, Biospherical/Lico [µE/(cm^2*s)]
# name 14 = spar: SPAR, Biospherical/Licor
# name 15 = sal00: Salinity, Practical [PSU]
# name 16 = sal11: Salinity, Practical, 2 [PSU]
# name 17 = secS-priS: Salinity, Practical, Difference, 2 - 1 [PSU]
# name 18 = sigma-t00: Density [sigma-t, kg/m^3 ]
# name 19 = sigma-t11: Density, 2 [sigma-t, kg/m^3 ]
# name 20 = depSM: Depth [salt water, m], lat = 58.3353
# name 21 = depFM: Depth [true depth, m], lat = 58.3353
# name 22 = dz/dtM: Descent Rate [m/s], WS = 2
# name 23 = svCM: Sound Velocity [Chen-Millero, m/s]
# name 24 = svCM1: Sound Velocity, 2 [Chen-Millero, m/s]
# name 25 = flag: flag
# span 0 =         15,       9113       
# span 1 =      1.500,     92.000       
# span 2 =     8.6769,    17.4742       
# span 3 =     8.6893,    17.4726       
# span 4 =    -0.0888,     0.4984       
# span 5 =   3.673061,   4.271961       
# span 6 =   3.675104,   4.272340       
# span 7 =          1,          1       
# span 8 =     5.1845,     5.9546       
# span 9 =     4.9217,     5.9143       
# span 10 =       1.97,       9.98      
# span 11 =     0.0367,     0.2971      
# span 12 = 5.6290e-14, 1.1390e+01      
# span 13 = 1.0000e-12, 1.6299e+02      
# span 14 = 8.0476e+02, 1.7767e+03      
# span 15 =    31.5539,    34.8362      
# span 16 =    31.5554,    34.8516      
# span 17 =    -0.2642,     0.0515      
# span 18 =    22.8048,    27.0413      
# span 19 =    22.8065,    27.0487      
# span 20 =      1.486,     91.125      
# span 21 =      1.494,     91.400      
# span 22 =      0.049,      0.461      
# span 23 =    1486.32,    1511.88      
# span 24 =    1486.37,    1511.88      
# span 25 = 0.0000e+00, 0.0000e+00      
# interval = decibars: 0.5              
# start_time = Aug 25 2018 12:31:13 [NMEA time, first data scan]
# bad_flag = -9.990e-29
*END*
[from data line 168]
       8384     85.500     9.3051     9.3288     0.0238    3.72405    3.72774          1     5.3825     5.3697       8.52     0.0394  6.285e-14  1.000e-12  1.591e+03    34.7587    34.7740     0.0153    26.8798    26.8878     84.688     84.953      0.262    1488.43    1488.53  0.000e+00
       8457     86.000     9.2553     9.3076     0.0523    3.72013    3.72585          1     5.3952     5.3708       8.04     0.0386  6.296e-14  1.000e-12  1.588e+03    34.7661    34.7748     0.0086    26.8937    26.8919     85.183     85.449      0.246    1488.26    1488.46  0.000e+00
       8501     86.500     9.1888     9.2812     0.0925    3.71474    3.72387          1     5.3917     5.3788       7.58     0.0379  6.279e-14  1.000e-12  1.593e+03    34.7746    34.7796     0.0050    26.9112    26.9000     85.678     85.945      0.332    1488.04    1488.38  0.000e+00
       8547     87.000     9.1798     9.2483     0.0685    3.71395    3.72132          1     5.3953     5.3778       7.06     0.0377  6.263e-14  1.000e-12  1.597e+03    34.7748    34.7850     0.0101    26.9128    26.9096     86.173     86.441      0.216    1488.01    1488.28  0.000e+00
       8604     87.500     9.1723     9.2010     0.0286    3.71329    3.71718          1     5.3844     5.3575       6.56     0.0369  6.243e-14  1.000e-12  1.602e+03    34.7750    34.7876     0.0126    26.9142    26.9194     86.668     86.937      0.251    1488.00    1488.12  0.000e+00
       8656     88.000     9.1309     9.1799     0.0490    3.70995    3.71532          1     5.3883     5.3772       6.07     0.0380  6.199e-14  1.000e-12  1.613e+03    34.7803    34.7886     0.0083    26.9250    26.9236     87.164     87.433      0.211    1487.86    1488.05  0.000e+00
       8709     88.500     9.1080     9.1427     0.0347    3.70817    3.71230          1     5.3810     5.3737       5.60     0.0372  6.154e-14  1.000e-12  1.625e+03    34.7839    34.7932     0.0093    26.9316    26.9332     87.659     87.929      0.250    1487.79    1487.92  0.000e+00
       8769     89.000     9.0468     9.1237     0.0769    3.70323    3.71053          1     5.3826     5.3794       5.10     0.0381  6.100e-14  1.000e-12  1.639e+03    34.7918    34.7930     0.0012    26.9476    26.9361     88.154     88.425      0.190    1487.58    1487.86  0.000e+00
       8833     89.500     8.9124     9.0792     0.1668    3.69201    3.70741          1     5.3822     5.3347       4.62     0.0370  6.038e-14  1.000e-12  1.656e+03    34.8056    34.8036    -0.0019    26.9799    26.9517     88.649     88.920      0.255    1487.11    1487.72  0.000e+00
       8874     90.000     8.7425     9.0023     0.2598    3.67828    3.70211          1     5.3796     5.3325       4.11     0.0367  5.999e-14  1.000e-12  1.667e+03    34.8277    34.8232    -0.0045    27.0243    26.9794     89.144     89.416      0.296    1486.52    1487.47  0.000e+00
       8919     90.500     8.6980     8.8725     0.1745    3.67464    3.69206          1     5.3627     5.3255       3.64     0.0390  5.947e-14  1.000e-12  1.682e+03    34.8329    34.8447     0.0118    27.0353    27.0170     89.639     89.912      0.234    1486.36    1487.03  0.000e+00
       8975     91.000     8.6899     8.7481     0.0583    3.67399    3.68111          1     5.3325     5.3269       3.18     0.0387  5.925e-14  1.000e-12  1.688e+03    34.8338    34.8516     0.0178    27.0373    27.0421     90.134     90.408      0.187    1486.35    1486.58  0.000e+00
       9047     91.500     8.6800     8.6960     0.0160    3.67326    3.67607          1     5.3163     5.3221       3.92     0.0398  5.766e-14  1.000e-12  1.734e+03    34.8356    34.8495     0.0139    27.0403    27.0487     90.629     90.904      0.244    1486.32    1486.40  0.000e+00
       9113     92.000     8.6769     8.6893     0.0124    3.67306    3.67510          1     5.3065     5.3219       1.97     0.0400  5.629e-14  1.000e-12  1.777e+03    34.8362    34.8456     0.0093    27.0413    27.0467     91.125     91.400      0.123    1486.32    1486.37  0.000e+00
