ctdpy/exports/archive_20191120_135557/received_data/SBE09_0745_20181208_1954_34_01_0172.cnv
* Sea-Bird SBE 9 Data File:
* FileName = C:\ctd\temp\ar18d172.hex
* Software Version Seasave V 7.26.7.107
* Temperature SN = 4387
* Conductivity SN = 2994
* Number of Bytes Per Scan = 41
* Number of Voltage Words = 4
* Number of Scans Averaged by the Deck Unit = 1
* NMEA Latitude = 56 40.13 N
* NMEA Longitude = 012 06.70 E
* NMEA UTC (Time) = Dec 08 2018  19:54:03
* NMEA baud rate = 4800
** Station:  Anholt E
** Operator:  OBac
** Ship: ARANDA
** Average sound velocity: 1480.07 m/s
** True-depth calculation Sun, 09 Dec 2018 13:05:14 +0000
** CTD Python Module SMHI /ver 3-12/ feb 2012 
** LIMS Job: 20183401-0172
** Cruise: SMHI-7-2018
** Latitude [GG MM.mm N]:
** Longitude [GG MM.mm E]
# nquan = 26
# nvalues = 116                         
# units = specified
# name 0 = scan: Scan Count
# name 1 = prDM: Pressure, Digiquartz [db]
# name 2 = t090C: Temperature [ITS-90, deg C]
# name 3 = t190C: Temperature, 2 [ITS-90, deg C]
# name 4 = T2-T190C: Temperature Difference, 2 - 1 [ITS-90, deg C]
# name 5 = c0S/m: Conductivity [S/m]
# name 6 = c1S/m: Conductivity, 2 [S/m]
# name 7 = pumps: Pump Status
# name 8 = sbeox0ML/L: Oxygen, SBE 43 [ml/l]
# name 9 = sbeox1ML/L: Oxygen, SBE 43, 2 [ml/l]
# name 10 = altM: Altimeter [m]
# name 11 = flECO-AFL: Chl-a Fluorescence, WET Labs ECO-AFL/FL [mg/m^3]
# name 12 = flECO-AFL1: Phycocyanin Fluorescence, WET Labs ECO-AFL/FL, 2 [mg/m^3]
# name 13 = par: PAR/Irradiance, Biospherical/Lico [µE/(cm^2*s)]
# name 14 = turbWETntu0: Turbidity, WET Labs ECO [NTU]
# name 15 = sal00: Salinity, Practical [PSU]
# name 16 = sal11: Salinity, Practical, 2 [PSU]
# name 17 = secS-priS: Salinity, Practical, Difference, 2 - 1 [PSU]
# name 18 = sigma-t00: Density [sigma-t, Kg/m^3 ]
# name 19 = sigma-t11: Density, 2 [sigma-t, Kg/m^3 ]
# name 20 = depSM: Depth [salt water, m], lat = 56.6688
# name 21 = depFM: Depth [true depth, m], lat = 56.6688
# name 22 = dz/dtM: Descent Rate [m/s], WS = 2
# name 23 = svCM: Sound Velocity [Chen-Millero, m/s]
# name 24 = svCM1: Sound Velocity, 2 [Chen-Millero, m/s]
# name 25 = flag: flag
# span 0 =      28567,      32606       
# span 1 =      1.500,     59.000       
# span 2 =     6.8664,     9.6409       
# span 3 =     6.8666,     9.6417       
# span 4 =    -0.0826,     0.0257       
# span 5 =   2.321161,   3.667699       
# span 6 =   2.321110,   3.667697       
# span 7 =          1,          1       
# span 8 =    5.49332,    7.22300       
# span 9 =    5.47516,    7.22473       
# span 10 =       1.56,      99.36      
# span 11 =     0.1577,     3.3695      
# span 12 =     0.1799,     0.6502      
# span 13 = -3.550e-03, 1.0136e-01      
# span 14 =     0.4809,     2.3569      
# span 15 =    22.1382,    33.8671      
# span 16 =    22.1375,    33.8662      
# span 17 =    -0.1835,     0.0247      
# span 18 =    17.3208,    26.1273      
# span 19 =    17.3203,    26.1265      
# span 20 =      1.486,     58.451      
# span 21 =      1.502,     58.722      
# span 22 =     -0.022,      1.271      
# span 23 =    1462.14,    1488.12      
# span 24 =    1462.14,    1488.12      
# span 25 = 0.0000e+00, 0.0000e+00      
# interval = decibars: 0.5              
# start_time = Dec 08 2018 19:54:03 [NMEA time, first data scan]
# bad_flag = -9.990e-29
*END*
[from data line 56]
      31259     29.500     9.4967     9.5069     0.0101    3.60910    3.61068          1     5.5480     5.5283      33.90     0.1882     0.2443  1.000e-12  0.9461000    33.4124    33.4192     0.0068    25.7956    25.7993     29.228     29.437      0.731    1486.56    1486.60  0.000e+00
      31274     30.000     9.5095     9.5047    -0.0047    3.61163    3.61075          1     5.5525     5.5268      33.64     0.1745     0.2086  1.000e-12  0.9621000    33.4263    33.4217    -0.0046    25.8043    25.8015     29.723     29.933      0.848    1486.63    1486.61  0.000e+00
      31287     30.500     9.5390     9.5336    -0.0054    3.61533    3.61452          1     5.5457     5.5183      33.29     0.1877     0.2085  1.000e-12  1.1137000    33.4367    33.4335    -0.0032    25.8077    25.8060     30.219     30.430      0.870    1486.76    1486.73  0.000e+00
      31301     31.000     9.5899     9.5850    -0.0049    3.62116    3.62040          1     5.5304     5.5063      32.68     0.1862     0.2088  1.000e-12  1.1393000    33.4489    33.4456    -0.0033    25.8089    25.8071     30.714     30.926      0.816    1486.97    1486.95  0.000e+00
      31317     31.500     9.6196     9.6200     0.0004    3.62471    3.62444          1     5.5181     5.5018      31.99     0.1756     0.1920  1.000e-12  1.2311000    33.4574    33.4543    -0.0031    25.8107    25.8081     31.209     31.422      0.703    1487.09    1487.09  0.000e+00
      31336     32.000     9.6068     9.6075     0.0007    3.62399    3.62378          1     5.5184     5.5012      31.40     0.1935     0.1931  1.000e-12  1.2488000    33.4619    33.4589    -0.0029    25.8162    25.8138     31.705     31.919      0.596    1487.06    1487.06  0.000e+00
      31357     32.500     9.6007     9.6009     0.0002    3.62469    3.62440          1     5.5267     5.4994      30.85     0.1870     0.2334  1.000e-12  1.2155000    33.4744    33.4713    -0.0031    25.8271    25.8246     32.200     32.415      0.528    1487.06    1487.06  0.000e+00
      31384     33.000     9.5973     9.5976     0.0003    3.62566    3.62532          1     5.5246     5.5059      30.28     0.1752     0.2094  1.000e-12  1.1878000    33.4873    33.4836    -0.0037    25.8377    25.8347     32.695     32.912      0.395    1487.07    1487.07  0.000e+00
      31418     33.500     9.5858     9.5870     0.0012    3.62669    3.62630          1     5.5233     5.5124      29.72     0.1849     0.1900  1.000e-12  1.1949000    33.5084    33.5033    -0.0051    25.8561    25.8519     33.191     33.408      0.401    1487.07    1487.06  0.000e+00
      31442     34.000     9.5770     9.5772     0.0002    3.62820    3.62800          1     5.5321     5.5072      29.30     0.1990     0.1799  1.000e-12  1.1839000    33.5319    33.5297    -0.0022    25.8759    25.8741     33.686     33.905      0.654    1487.07    1487.07  0.000e+00
      31458     34.500     9.5747     9.5752     0.0005    3.62849    3.62827          1     5.5403     5.5102      28.94     0.1956     0.2370  1.000e-12  1.1745000    33.5369    33.5342    -0.0027    25.8801    25.8779     34.181     34.401      0.804    1487.08    1487.08  0.000e+00
      31472     35.000     9.5720     9.5724     0.0004    3.63125    3.63099          1     5.5426     5.5166      28.48     0.1877     0.2268  1.000e-12  1.1593000    33.5676    33.5645    -0.0031    25.9046    25.9021     34.677     34.898      0.821    1487.11    1487.11  0.000e+00
      31487     35.500     9.5642     9.5652     0.0011    3.63187    3.63172          1     5.5415     5.5194      27.93     0.1948     0.2090  1.000e-12  1.2054000    33.5811    33.5785    -0.0026    25.9164    25.9142     35.172     35.394      0.706    1487.11    1487.11  0.000e+00
      31509     36.000     9.5542     9.5546     0.0004    3.63166    3.63149          1     5.5391     5.5165      27.30     0.1989     0.2669  1.000e-12  1.2701000    33.5880    33.5858    -0.0022    25.9235    25.9217     35.667     35.890      0.454    1487.09    1487.09  0.000e+00
      31547     36.500     9.5494     9.5492    -0.0003    3.63208    3.63198          1     5.5362     5.5088      26.67     0.1979     0.2508  1.000e-12  1.2604000    33.5966    33.5958    -0.0008    25.9309    25.9304     36.163     36.387      0.315    1487.09    1487.09  0.000e+00
      31576     37.000     9.5479     9.5483     0.0004    3.63258    3.63241          1     5.5330     5.5113      26.28     0.1866     0.2975  1.000e-12  1.2117000    33.6029    33.6009    -0.0020    25.9361    25.9345     36.658     36.883      0.610    1487.10    1487.10  0.000e+00
      31592     37.500     9.5480     9.5483     0.0002    3.63283    3.63270          1     5.5337     5.5076      25.90     0.1870     0.2509  1.000e-12  1.2974000    33.6051    33.6036    -0.0016    25.9378    25.9366     37.153     37.380      0.788    1487.11    1487.11  0.000e+00
      31606     38.000     9.5479     9.5482     0.0002    3.63345    3.63317          1     5.5339     5.5058      25.49     0.1879     0.2205  1.000e-12  1.3113000    33.6114    33.6082    -0.0032    25.9428    25.9402     37.649     37.876      0.840    1487.13    1487.12  0.000e+00
      31620     38.500     9.5474     9.5476     0.0003    3.63403    3.63382          1     5.5306     5.5059      25.03     0.1988     0.2108  1.000e-12  1.3060000    33.6176    33.6153    -0.0024    25.9477    25.9458     38.144     38.372      0.792    1487.14    1487.14  0.000e+00
      31637     39.000     9.5444     9.5447     0.0003    3.63423    3.63401          1     5.5292     5.5087      24.49     0.1998     0.2350  1.000e-12  1.3356000    33.6222    33.6197    -0.0025    25.9518    25.9498     38.639     38.869      0.659    1487.14    1487.14  0.000e+00
      31659     39.500     9.5409     9.5415     0.0006    3.63407    3.63385          1     5.5313     5.5151      23.89     0.1953     0.2109  1.000e-12  1.3575000    33.6236    33.6209    -0.0027    25.9534    25.9512     39.135     39.365      0.444    1487.14    1487.14  0.000e+00
      31696     40.000     9.5392     9.5389    -0.0003    3.63407    3.63383          1     5.5312     5.5093      23.24     0.1955     0.2374  1.000e-12  1.2831000    33.6251    33.6228    -0.0023    25.9549    25.9531     39.630     39.861      0.321    1487.15    1487.14  0.000e+00
      31727     40.500     9.5403     9.5404     0.0001    3.63454    3.63424          1     5.5317     5.5005      22.82     0.1982     0.2806  1.000e-12  1.2742000    33.6286    33.6255    -0.0031    25.9574    25.9550     40.125     40.358      0.554    1487.16    1487.16  0.000e+00
      31745     41.000     9.5461     9.5461    -0.0001    3.63623    3.63596          1     5.5325     5.5078      22.42     0.2084     0.2789  1.000e-12  1.3509000    33.6403    33.6376    -0.0028    25.9657    25.9635     40.621     40.854      0.733    1487.21    1487.20  0.000e+00
      31760     41.500     9.5565     9.5566     0.0001    3.64006    3.63982          1     5.5342     5.5109      21.99     0.2105     0.2611  1.000e-12  1.3781000    33.6698    33.6673    -0.0026    25.9870    25.9850     41.116     41.351      0.824    1487.29    1487.29  0.000e+00
      31773     42.000     9.5611     9.5613     0.0002    3.64169    3.64146          1     5.5342     5.5100      21.57     0.2001     0.2335  1.000e-12  1.4564000    33.6820    33.6795    -0.0025    25.9958    25.9938     41.611     41.847      0.823    1487.33    1487.32  0.000e+00
      31789     42.500     9.5693     9.5691    -0.0002    3.64416    3.64389          1     5.5326     5.5061      21.06     0.1999     0.2639  1.000e-12  1.5180000    33.6995    33.6969    -0.0026    26.0081    26.0061     42.106     42.343      0.707    1487.39    1487.38  0.000e+00
      31810     43.000     9.5781     9.5782     0.0002    3.64680    3.64656          1     5.5259     5.5004      20.42     0.1992     0.2598  1.000e-12  1.6238000    33.7182    33.7155    -0.0027    26.0213    26.0192     42.602     42.840      0.460    1487.45    1487.45  0.000e+00
      31846     43.500     9.5804     9.5803    -0.0001    3.64757    3.64726          1     5.5216     5.5009      19.75     0.2120     0.2167  1.000e-12  1.5682000    33.7237    33.7206    -0.0031    26.0252    26.0228     43.097     43.336      0.323    1487.47    1487.47  0.000e+00
      31877     44.000     9.5814     9.5821     0.0007    3.64797    3.64781          1     5.5175     5.4991      19.32     0.2214     0.2375  1.000e-12  1.5789000    33.7266    33.7243    -0.0023    26.0273    26.0254     43.593     43.832      0.518    1487.49    1487.49  0.000e+00
      31897     44.500     9.5840     9.5843     0.0004    3.64870    3.64848          1     5.5126     5.5011      18.96     0.2134     0.2488  1.000e-12  1.6428000    33.7316    33.7290    -0.0026    26.0308    26.0287     44.088     44.329      0.686    1487.51    1487.51  0.000e+00
      31913     45.000     9.5860     9.5862     0.0002    3.64930    3.64907          1     5.5142     5.4986      18.72     0.2130     0.2424  1.000e-12  1.6776000    33.7356    33.7331    -0.0025    26.0336    26.0316     44.583     44.825      0.783    1487.53    1487.53  0.000e+00
      31927     45.500     9.5873     9.5876     0.0002    3.64979    3.64957          1     5.5175     5.4985      18.38     0.2235     0.2119  1.000e-12  1.7682000    33.7392    33.7367    -0.0025    26.0362    26.0342     45.078     45.321      0.815    1487.55    1487.55  0.000e+00
      31942     46.000     9.5888     9.5890     0.0003    3.65035    3.65013          1     5.5189     5.5007      17.63     0.2188     0.2198  1.000e-12  1.7848000    33.7432    33.7408    -0.0024    26.0391    26.0372     45.574     45.818      0.778    1487.57    1487.57  0.000e+00
      31958     46.500     9.5898     9.5905     0.0007    3.65077    3.65066          1     5.5179     5.4979      16.57     0.2109     0.2361  1.000e-12  1.8110000    33.7464    33.7446    -0.0017    26.0414    26.0399     46.069     46.314      0.664    1487.58    1487.59  0.000e+00
      31980     47.000     9.5921     9.5922     0.0002    3.65153    3.65126          1     5.5158     5.4896      16.29     0.2114     0.2501  1.000e-12  1.8318000    33.7519    33.7489    -0.0030    26.0453    26.0430     46.564     46.810      0.461    1487.61    1487.61  0.000e+00
      32015     47.500     9.5927     9.5931     0.0004    3.65194    3.65157          1     5.5163     5.4969      15.77     0.2030     0.2284  1.000e-12  1.7400000    33.7552    33.7511    -0.0041    26.0478    26.0446     47.060     47.307      0.336    1487.62    1487.62  0.000e+00
      32046     48.000     9.5990     9.5999     0.0009    3.65375    3.65370          1     5.5157     5.4897      15.32     0.1976     0.2391  1.000e-12  1.7380000    33.7677    33.7664    -0.0013    26.0565    26.0554     47.555     47.803      0.494    1487.67    1487.67  0.000e+00
      32066     48.500     9.6049     9.6050     0.0001    3.65550    3.65523          1     5.5126     5.4822      14.92     0.2117     0.2791  1.000e-12  1.8497000    33.7799    33.7771    -0.0028    26.0651    26.0629     48.050     48.299      0.700    1487.71    1487.71  0.000e+00
      32082     49.000     9.6099     9.6093    -0.0005    3.65707    3.65663          1     5.5111     5.4855      14.51     0.2114     0.2218  1.000e-12  2.0646000    33.7912    33.7871    -0.0041    26.0731    26.0700     48.545     48.796      0.842    1487.76    1487.75  0.000e+00
      32095     49.500     9.6113     9.6116     0.0003    3.65752    3.65733          1     5.5105     5.4883      14.12     0.2114     0.2285  1.000e-12  2.0373000    33.7942    33.7920    -0.0022    26.0752    26.0735     49.041     49.292      0.902    1487.77    1487.77  0.000e+00
      32108     50.000     9.6133     9.6142     0.0008    3.65819    3.65813          1     5.5113     5.4889      13.65     0.2114     0.2501  1.000e-12  1.9846000    33.7990    33.7976    -0.0015    26.0787    26.0774     49.536     49.788      0.876    1487.79    1487.79  0.000e+00
      32122     50.500     9.6165     9.6166     0.0001    3.65915    3.65893          1     5.5105     5.4893      13.11     0.2166     0.2435  1.000e-12  1.9917000    33.8057    33.8032    -0.0024    26.0833    26.0814     50.031     50.285      0.734    1487.82    1487.82  0.000e+00
      32143     51.000     9.6177     9.6178     0.0001    3.65955    3.65927          1     5.5065     5.4914      12.45     0.2227     0.2291  1.000e-12  1.9914000    33.8084    33.8054    -0.0029    26.0852    26.0829     50.527     50.781      0.398    1487.84    1487.83  0.000e+00
      32210     51.500     9.6184     9.6177    -0.0007    3.65982    3.65927          1     5.5051     5.4814      11.67     0.2156     0.2453  1.000e-12  1.6629000    33.8103    33.8053    -0.0050    26.0866    26.0828     51.022     51.277      0.453    1487.85    1487.84  0.000e+00
      32225     52.000     9.6219     9.6218    -0.0001    3.66056    3.66026          1     5.5056     5.4779      11.46     0.2181     0.2366  1.000e-12  1.8051000    33.8145    33.8114    -0.0031    26.0893    26.0869     51.517     51.774      0.891    1487.88    1487.87  0.000e+00
      32236     52.500     9.6241     9.6244     0.0003    3.66095    3.66075          1     5.5046     5.4771      11.12     0.2114     0.2650  1.000e-12  1.9216000    33.8161    33.8137    -0.0024    26.0902    26.0883     52.013     52.270      1.080    1487.89    1487.89  0.000e+00
      32246     53.000     9.6264     9.6263    -0.0001    3.66137    3.66108          1     5.5056     5.4788      10.74     0.2114     0.2657  1.000e-12  1.9358000    33.8180    33.8151    -0.0029    26.0913    26.0891     52.508     52.766      1.142    1487.91    1487.91  0.000e+00
      32256     53.500     9.6266     9.6255    -0.0011    3.66148    3.66095          1     5.5054     5.4804      10.30     0.2114     0.2604  1.000e-12  2.1526000    33.8187    33.8144    -0.0043    26.0918    26.0886     53.003     53.263      1.076    1487.92    1487.91  0.000e+00
      32268     54.000     9.6280     9.6273    -0.0007    3.66215    3.66178          1     5.5068     5.4818       9.77     0.2114     0.2525  1.000e-12  2.1608000    33.8241    33.8209    -0.0032    26.0959    26.0935     53.499     53.759      0.859    1487.94    1487.94  0.000e+00
      32288     54.500     9.6274     9.6281     0.0008    3.66230    3.66205          1     5.5094     5.4844       9.03     0.2114     0.2422  1.000e-12  2.1908000    33.8259    33.8227    -0.0033    26.0974    26.0947     53.994     54.255      0.416    1487.95    1487.95  0.000e+00
      32368     55.000     9.6258     9.6210    -0.0048    3.66173    3.66019          1     5.4996     5.4800       8.20     0.2027     0.2593  1.000e-12  1.7231000    33.8214    33.8101    -0.0112    26.0941    26.0861     54.489     54.752      0.458    1487.94    1487.92  0.000e+00
      32381     55.500     9.6295     9.6292    -0.0004    3.66331    3.66281          1     5.5042     5.4757       7.99     0.1979     0.2659  1.000e-12  1.8526000    33.8338    33.8290    -0.0048    26.1032    26.0995     54.985     55.248      0.947    1487.98    1487.98  0.000e+00
      32392     56.000     9.6352     9.6352     0.0001    3.66528    3.66514          1     5.5029     5.4752       7.68     0.1992     0.2293  1.000e-12  1.8875000    33.8486    33.8471    -0.0015    26.1138    26.1126     55.480     55.744      1.175    1488.03    1488.03  0.000e+00
      32401     56.500     9.6392     9.6393     0.0002    3.66667    3.66645          1     5.4990     5.4764       7.31     0.2060     0.2267  1.000e-12  1.9860000    33.8589    33.8565    -0.0025    26.1212    26.1192     55.975     56.241      1.271    1488.07    1488.06  0.000e+00
