ctdpy/exports/archive_20191120_135557/received_data/SBE09_0827_20180824_0419_26_01_0881.cnv
* Sea-Bird SBE 9 Data File:
* FileName = D:\CTD_SBE911\DAT\26DA.2018.8.81.hex
* Software Version Seasave V 7.21d
* Temperature SN = 034605
* Conductivity SN = 041844
* Number of Bytes Per Scan = 48
* Number of Voltage Words = 5
* Number of Scans Averaged by the Deck Unit = 1
* NMEA Latitude = 58 01.54 N
* NMEA Longitude = 009 44.27 E
* NMEA UTC (Time) = Aug 24 2018  04:21:36
* NMEA baud rate = 4800
** Ship: DANA
** Average sound velocity: 1485.56 m/s
** True-depth calculation Thu, 28 Mar 2019 09:26:24 +0000
** CTD Python Module SMHI /ver 3-12/ feb 2012 
** LIMS Job: 20182601-0881
**  29,5 N HIRTSHALS
** Operator: Christian
** Cruise: 08/2018
# nquan = 26
# nvalues = 426                         
# units = specified
# name 0 = scan: Scan Count
# name 1 = prDM: Pressure, Digiquartz [db]
# name 2 = t090C: Temperature [ITS-90, deg C]
# name 3 = t190C: Temperature, 2 [ITS-90, deg C]
# name 4 = T2-T190C: Temperature Difference, 2 - 1 [ITS-90, deg C]
# name 5 = c0S/m: Conductivity [S/m]
# name 6 = c1S/m: Conductivity, 2 [S/m]
# name 7 = pumps: Pump Status
# name 8 = sbeox1ML/L: Oxygen, SBE 43, 2 [ml/l]
# name 9 = sbeox0ML/L: Oxygen, SBE 43 [ml/l]
# name 10 = altM: Altimeter [m]
# name 11 = chloroflTC0: Chlorophyll, Turner Cyclops [ug/l]
# name 12 = cpar: CPAR/Corrected Irradiance [%]
# name 13 = par: PAR/Irradiance, Biospherical/Lico [µE/(cm^2*s)]
# name 14 = spar: SPAR, Biospherical/Licor
# name 15 = sal00: Salinity, Practical [PSU]
# name 16 = sal11: Salinity, Practical, 2 [PSU]
# name 17 = secS-priS: Salinity, Practical, Difference, 2 - 1 [PSU]
# name 18 = sigma-t00: Density [sigma-t, kg/m^3 ]
# name 19 = sigma-t11: Density, 2 [sigma-t, kg/m^3 ]
# name 20 = depSM: Depth [salt water, m], lat = 58.0257
# name 21 = depFM: Depth [true depth, m], lat = 58.0257
# name 22 = dz/dtM: Descent Rate [m/s], WS = 2
# name 23 = svCM: Sound Velocity [Chen-Millero, m/s]
# name 24 = svCM1: Sound Velocity, 2 [Chen-Millero, m/s]
# name 25 = flag: flag
# span 0 =        109,      14944       
# span 1 =      2.500,    215.000       
# span 2 =     6.5932,    17.4420       
# span 3 =     6.5919,    17.4372       
# span 4 =    -0.5853,     0.1503       
# span 5 =   2.363990,   4.279707       
# span 6 =   3.511436,   4.280387       
# span 7 =          1,          1       
# span 8 =     4.8752,     6.9197       
# span 9 =     4.8825,     6.7292       
# span 10 =      -0.67,       9.97      
# span 11 =    -0.0004,     0.3330      
# span 12 = -2.225e-03, 4.6115e+00      
# span 13 = -3.615e-04, 7.4922e-01      
# span 14 = 1.6247e+01, 2.4426e+01      
# span 15 =    22.6622,    35.1978      
# span 16 =    31.3630,    35.2182      
# span 17 =    -0.0336,    12.4575      
# span 18 =    17.7586,    27.5918      
# span 19 =    22.6640,    27.6017      
# span 20 =      2.477,    212.896      
# span 21 =      2.490,    213.241      
# span 22 =     -0.301,      0.604      
# span 23 =    1465.16,    1511.89      
# span 24 =    1479.45,    1511.84      
# span 25 = 0.0000e+00, 0.0000e+00      
# interval = decibars: 0.5              
# start_time = Aug 24 2018 04:21:36 [NMEA time, first data scan]
# bad_flag = -9.990e-29
*END*
[from data line 391]
      12900    198.000     6.5974     6.5965    -0.0009    3.51363    3.51378          1     5.5559     5.6668       9.97     0.0328  4.476e-12  1.000e-12  2.234e+01    35.1472    35.1498     0.0026    27.5902    27.5924    196.071    196.389      0.489    1480.53    1480.53  0.000e+00
      12925    198.500     6.5973     6.5963    -0.0010    3.51363    3.51378          1     5.5592     5.6753       9.97     0.0323  4.476e-12  1.000e-12  2.234e+01    35.1469    35.1496     0.0027    27.5900    27.5923    196.566    196.884      0.491    1480.54    1480.54  0.000e+00
      12949    199.000     6.5973     6.5964    -0.0008    3.51365    3.51381          1     5.5617     5.6767       9.97     0.0341  4.446e-12  1.000e-12  2.250e+01    35.1470    35.1497     0.0027    27.5901    27.5923    197.060    197.380      0.485    1480.54    1480.54  0.000e+00
      12974    199.500     6.5974     6.5964    -0.0010    3.51368    3.51382          1     5.5670     5.6723       9.97     0.0321  4.476e-12  1.000e-12  2.234e+01    35.1470    35.1496     0.0026    27.5901    27.5923    197.555    197.875      0.479    1480.55    1480.55  0.000e+00
      12999    200.000     6.5973     6.5963    -0.0009    3.51370    3.51384          1     5.5645     5.6673       9.97     0.0322  4.462e-12  1.000e-12  2.242e+01    35.1471    35.1496     0.0025    27.5901    27.5922    198.050    198.371      0.483    1480.56    1480.56  0.000e+00
      13024    200.500     6.5974     6.5964    -0.0010    3.51373    3.51386          1     5.5683     5.6691       9.97     0.0316  4.461e-12  1.000e-12  2.242e+01    35.1470    35.1495     0.0025    27.5901    27.5922    198.545    198.867      0.490    1480.57    1480.57  0.000e+00
      13048    201.000     6.5974     6.5964    -0.0011    3.51376    3.51388          1     5.5743     5.6648       9.97     0.0316  4.461e-12  1.000e-12  2.242e+01    35.1471    35.1494     0.0023    27.5901    27.5921    199.040    199.362      0.488    1480.58    1480.58  0.000e+00
      13073    201.500     6.5974     6.5965    -0.0009    3.51378    3.51392          1     5.5757     5.6647       9.97     0.0322  4.476e-12  1.000e-12  2.234e+01    35.1470    35.1495     0.0025    27.5901    27.5922    199.535    199.858      0.500    1480.59    1480.59  0.000e+00
      13096    202.000     6.5975     6.5964    -0.0011    3.51382    3.51395          1     5.5635     5.6597       9.97     0.0318  4.461e-12  1.000e-12  2.242e+01    35.1470    35.1497     0.0027    27.5901    27.5924    200.030    200.353      0.513    1480.60    1480.59  0.000e+00
      13119    202.500     6.5978     6.5966    -0.0012    3.51387    3.51399          1     5.5615     5.6562       9.97     0.0290  4.461e-12  1.000e-12  2.242e+01    35.1471    35.1496     0.0026    27.5901    27.5923    200.525    200.849      0.514    1480.60    1480.60  0.000e+00
      13143    203.000     6.5976     6.5966    -0.0010    3.51388    3.51402          1     5.5675     5.6571       9.97     0.0291  4.445e-12  1.000e-12  2.251e+01    35.1471    35.1497     0.0026    27.5902    27.5923    201.020    201.345      0.487    1480.61    1480.61  0.000e+00
      13169    203.500     6.5975     6.5966    -0.0009    3.51388    3.51404          1     5.5713     5.6646       9.97     0.0306  4.462e-12  1.000e-12  2.242e+01    35.1470    35.1497     0.0026    27.5901    27.5923    201.514    201.840      0.473    1480.62    1480.62  0.000e+00
      13194    204.000     6.5976     6.5966    -0.0010    3.51390    3.51405          1     5.5674     5.6616       9.97     0.0308  4.430e-12  1.000e-12  2.259e+01    35.1469    35.1496     0.0028    27.5900    27.5923    202.009    202.336      0.496    1480.63    1480.63  0.000e+00
      13217    204.500     6.5978     6.5967    -0.0010    3.51395    3.51408          1     5.5698     5.6607       9.97     0.0322  4.459e-12  1.000e-12  2.243e+01    35.1470    35.1496     0.0026    27.5900    27.5922    202.504    202.831      0.534    1480.64    1480.64  0.000e+00
      13239    205.000     6.5977     6.5967    -0.0009    3.51396    3.51411          1     5.5678     5.6574       9.91     0.0318  4.404e-12  1.000e-12  2.273e+01    35.1470    35.1496     0.0027    27.5900    27.5923    202.999    203.327      0.548    1480.64    1480.64  0.000e+00
      13261    205.500     6.5978     6.5967    -0.0011    3.51400    3.51413          1     5.5618     5.6514       9.50     0.0316  4.400e-12  1.000e-12  2.275e+01    35.1470    35.1496     0.0026    27.5900    27.5922    203.494    203.823      0.522    1480.65    1480.65  0.000e+00
      13285    206.000     6.5979     6.5968    -0.0011    3.51404    3.51417          1     5.5637     5.6518       9.01     0.0307  4.433e-12  1.000e-12  2.258e+01    35.1471    35.1497     0.0026    27.5901    27.5923    203.989    204.318      0.480    1480.66    1480.66  0.000e+00
      13311    206.500     6.5977     6.5969    -0.0009    3.51405    3.51419          1     5.5646     5.6558       8.51     0.0298  4.457e-12  1.000e-12  2.245e+01    35.1472    35.1497     0.0025    27.5902    27.5923    204.484    204.814      0.483    1480.67    1480.67  0.000e+00
      13334    207.000     6.5973     6.5966    -0.0006    3.51403    3.51420          1     5.5673     5.6512       8.02     0.0299  4.377e-12  1.000e-12  2.288e+01    35.1471    35.1497     0.0026    27.5902    27.5924    204.979    205.309      0.523    1480.68    1480.68  0.000e+00
      13357    207.500     6.5976     6.5964    -0.0011    3.51407    3.51422          1     5.5713     5.6516       7.52     0.0500  4.381e-12  1.000e-12  2.286e+01    35.1471    35.1498     0.0027    27.5901    27.5924    205.473    205.805      0.557    1480.69    1480.68  0.000e+00
      13378    208.000     6.5973     6.5963    -0.0010    3.51408    3.51423          1     5.5550     5.6549       7.05     0.0410  4.352e-12  1.000e-12  2.301e+01    35.1472    35.1499     0.0027    27.5902    27.5925    205.968    206.301      0.558    1480.69    1480.69  0.000e+00
      13400    208.500     6.5975     6.5964    -0.0011    3.51412    3.51425          1     5.5404     5.6565       6.55     0.0323  4.400e-12  1.000e-12  2.276e+01    35.1472    35.1498     0.0026    27.5902    27.5925    206.463    206.796      0.521    1480.70    1480.70  0.000e+00
      13424    209.000     6.5973     6.5963    -0.0010    3.51410    3.51427          1     5.5427     5.6588       6.04     0.0324  4.356e-12  1.000e-12  2.300e+01    35.1468    35.1498     0.0030    27.5900    27.5925    206.958    207.292      0.481    1480.71    1480.71  0.000e+00
      13449    209.500     6.5974     6.5963    -0.0011    3.51413    3.51428          1     5.5585     5.6592       5.58     0.0342  4.353e-12  1.000e-12  2.301e+01    35.1468    35.1496     0.0028    27.5899    27.5923    207.453    207.787      0.501    1480.72    1480.72  0.000e+00
      13472    210.000     6.5975     6.5964    -0.0011    3.51415    3.51430          1     5.5628     5.6622       5.11     0.0330  4.339e-12  1.000e-12  2.309e+01    35.1467    35.1495     0.0028    27.5899    27.5922    207.948    208.283      0.551    1480.73    1480.73  0.000e+00
      13493    210.500     6.5976     6.5964    -0.0012    3.51419    3.51432          1     5.5607     5.6604       4.62     0.0309  4.241e-12  1.000e-12  2.362e+01    35.1468    35.1495     0.0027    27.5899    27.5922    208.443    208.779      0.574    1480.74    1480.73  0.000e+00
      13514    211.000     6.5976     6.5964    -0.0012    3.51422    3.51435          1     5.5523     5.6591       4.14     0.0304  4.346e-12  1.000e-12  2.305e+01    35.1469    35.1495     0.0026    27.5900    27.5922    208.937    209.274      0.557    1480.74    1480.74  0.000e+00
      13536    211.500     6.5976     6.5964    -0.0011    3.51424    3.51437          1     5.5545     5.6613       3.65     0.0331  4.315e-12  1.000e-12  2.322e+01    35.1468    35.1495     0.0027    27.5899    27.5922    209.432    209.770      0.526    1480.75    1480.75  0.000e+00
      13560    212.000     6.5973     6.5964    -0.0009    3.51422    3.51438          1     5.5669     5.6662       3.17     0.0323  4.299e-12  1.000e-12  2.331e+01    35.1467    35.1494     0.0027    27.5898    27.5921    209.927    210.265      0.497    1480.76    1480.76  0.000e+00
      13584    212.500     6.5973     6.5963    -0.0010    3.51424    3.51438          1     5.5682     5.6655       5.44     0.0323  4.298e-12  1.000e-12  2.331e+01    35.1466    35.1493     0.0027    27.5898    27.5920    210.422    210.761      0.499    1480.77    1480.77  0.000e+00
      13608    213.000     6.5977     6.5965    -0.0012    3.51429    3.51441          1     5.5655     5.6615       3.02     0.0316  4.251e-12  1.000e-12  2.357e+01    35.1466    35.1492     0.0026    27.5897    27.5919    210.917    211.257      0.529    1480.78    1480.77  0.000e+00
      13630    213.500     6.5978     6.5965    -0.0012    3.51433    3.51446          1     5.5652     5.6614       3.48     0.0324  4.290e-12  1.000e-12  2.335e+01    35.1467    35.1495     0.0027    27.5898    27.5921    211.412    211.752      0.540    1480.78    1480.78  0.000e+00
      13652    214.000     6.5978     6.5966    -0.0012    3.51435    3.51448          1     5.5584     5.6707       2.94     0.0318  4.229e-12  1.000e-12  2.369e+01    35.1466    35.1493     0.0027    27.5897    27.5920    211.907    212.248      0.453    1480.79    1480.79  0.000e+00
      13678    214.500     6.5975     6.5963    -0.0012    3.51429    3.51447          1     5.5503     5.6813      -0.67     0.0327  4.131e-12  1.000e-12  2.422e+01    35.1461    35.1492     0.0031    27.5894    27.5920    212.402    212.743      0.116    1480.81    1480.81  0.000e+00
