ctdpy/exports/archive_20191120_135557/received_data/SBE09_1044_20180528_1250_34_07_0038.cnv
* Sea-Bird SBE 9 Data File:
* FileName = C:\ctd\temp\2018\AU18D038.hex
* Software Version Seasave V 7.26.6.26
* Temperature SN = 5351
* Conductivity SN = 3941
* Number of Bytes Per Scan = 41
* Number of Voltage Words = 4
* Number of Scans Averaged by the Deck Unit = 1
* NMEA Latitude = 54 58.28 N
* NMEA Longitude = 014 05.95 E
* NMEA UTC (Time) = May 28 2018  12:50:27
* NMEA baud rate = 4800
** Station:  BY2
** Operator:  SSIP
** Ship: AURA
** Average sound velocity: 1450.79 m/s
** True-depth calculation Mon, 28 May 2018 13:20:05 +0000
** CTD Python Module SMHI /ver 3-12/ feb 2012 
** LIMS Job: 20183407-0038
** Cruise: SMHI-02-2018
** Latitude [GG MM.mm N] :
** Longitude [GG MM.mm E]:
# nquan = 26
# nvalues = 86                          
# units = specified
# name 0 = scan: Scan Count
# name 1 = prDM: Pressure, Digiquartz [db]
# name 2 = t090C: Temperature [ITS-90, deg C]
# name 3 = t190C: Temperature, 2 [ITS-90, deg C]
# name 4 = T2-T190C: Temperature Difference, 2 - 1 [ITS-90, deg C]
# name 5 = c0S/m: Conductivity [S/m]
# name 6 = c1S/m: Conductivity, 2 [S/m]
# name 7 = pumps: Pump Status
# name 8 = sbeox0ML/L: Oxygen, SBE 43 [ml/l]
# name 9 = sbeox1ML/L: Oxygen, SBE 43, 2 [ml/l]
# name 10 = altM: Altimeter [m]
# name 11 = flECO-AFL: Chl-a Fluorescence, WET Labs ECO-AFL/FL [mg/m^3]
# name 12 = flECO-AFL1: Phycocyanin Fluorescence, WET Labs ECO-AFL/FL, 2 [mg/m^3]
# name 13 = par: PAR/Irradiance, Biospherical/Lico [µE/(cm^2*s)]
# name 14 = turbWETntu0: Turbidity, WET Labs ECO [NTU]
# name 15 = sal00: Salinity, Practical [PSU]
# name 16 = sal11: Salinity, Practical, 2 [PSU]
# name 17 = secS-priS: Salinity, Practical, Difference, 2 - 1 [PSU]
# name 18 = sigma-t00: Density [sigma-t, Kg/m^3 ]
# name 19 = sigma-t11: Density, 2 [sigma-t, Kg/m^3 ]
# name 20 = depSM: Depth [salt water, m], lat = 54.9713
# name 21 = depFM: Depth [true depth, m], lat = 54.9713
# name 22 = dz/dtM: Descent Rate [m/s], WS = 2
# name 23 = svCM: Sound Velocity [Chen-Millero, m/s]
# name 24 = svCM1: Sound Velocity, 2 [Chen-Millero, m/s]
# name 25 = flag: flag
# span 0 =       7502,      10772       
# span 1 =      1.000,     43.500       
# span 2 =     4.3885,    15.1619       
# span 3 =     4.3884,    15.1589       
# span 4 =    -0.1979,     0.0736       
# span 5 =   0.823937,   1.604839       
# span 6 =   0.823967,   1.598793       
# span 7 =          1,          1       
# span 8 =    4.95089,    8.76215       
# span 9 =    4.92094,    8.71449       
# span 10 =       0.82,      44.73      
# span 11 =     0.4092,     5.3991      
# span 12 =     0.1721,     0.6417      
# span 13 = 3.2075e-02, 3.8226e+03      
# span 14 =     0.1430,     0.7188      
# span 15 =     7.3236,    15.1724      
# span 16 =     7.3236,    15.1058      
# span 17 =    -0.1721,     0.0216      
# span 18 =     4.7059,    11.9244      
# span 19 =     4.7064,    11.8712      
# span 20 =      0.991,     43.103      
# span 21 =      1.014,     44.018      
# span 22 =     -0.014,      0.585      
# span 23 =    1434.82,    1475.17      
# span 24 =    1434.86,    1475.16      
# span 25 = 0.0000e+00, 0.0000e+00      
# interval = decibars: 0.5              
# start_time = May 28 2018 12:50:27 [NMEA time, first data scan]
# bad_flag = -9.990e-29
*END*
       7502      1.000    15.1298    15.1297    -0.0002    1.03035    1.03035          1     7.4225     7.4163      44.73     2.1284     0.3780  3.823e+03  0.4247000     7.3246     7.3247     0.0000     4.7121     4.7121      0.991      1.014      0.241    1475.05    1475.05  0.000e+00
       7553      1.500    15.1336    15.1396     0.0057    1.03042    1.03051          1     7.4343     7.3958      42.09     2.0388     0.4120  2.110e+03  0.4368000     7.3244     7.3240    -0.0004     4.7113     4.7099      1.486      1.521      0.289    1475.07    1475.09  0.000e+00
       7618      2.000    15.1619    15.1589    -0.0029    1.03100    1.03093          1     7.4562     7.4099      32.19     2.0039     0.4434  1.469e+03  0.4574000     7.3236     7.3236     0.0000     4.7059     4.7064      1.982      2.028      0.234    1475.17    1475.16  0.000e+00
       7665      2.500    15.1349    15.1318    -0.0032    1.03054    1.03049          1     7.4485     7.4021      43.64     2.1226     0.4190  1.144e+03  0.5253000     7.3250     7.3252     0.0002     4.7115     4.7122      2.477      2.534      0.330    1475.09    1475.08  0.000e+00
       7703      3.000    15.1059    15.1071     0.0013    1.03001    1.03001          1     7.4554     7.4046      42.91     2.3044     0.3979  1.004e+03  0.4985000     7.3262     7.3261    -0.0002     4.7173     4.7170      2.973      3.041      0.300    1475.00    1475.00  0.000e+00
       7744      3.500    15.0809    15.0777    -0.0032    1.02964    1.02956          1     7.4523     7.4004      42.35     2.7656     0.3939  8.497e+02  0.4578000     7.3281     7.3280    -0.0000     4.7229     4.7234      3.468      3.548      0.261    1474.92    1474.91  0.000e+00
       7796      4.000    15.0755    15.0829     0.0074    1.02956    1.02969          1     7.4449     7.4059      41.78     3.0066     0.4531  7.837e+02  0.4400000     7.3284     7.3280    -0.0004     4.7241     4.7225      3.964      4.055      0.362    1474.91    1474.94  0.000e+00
       7823      4.500    15.0639    15.0612    -0.0028    1.02935    1.02929          1     7.4680     7.4091      41.45     3.0893     0.4507  6.082e+02  0.4746000     7.3289     7.3289    -0.0000     4.7264     4.7268      4.459      4.562      0.406    1474.88    1474.87  0.000e+00
       7857      5.000    15.0306    15.0298    -0.0008    1.02872    1.02862          1     7.4542     7.4016      41.01     3.4175     0.5380  4.889e+02  0.4749000     7.3302     7.3295    -0.0006     4.7329     4.7326      4.955      5.069      0.323    1474.78    1474.77  0.000e+00
       7894      5.500    14.9628    14.9385    -0.0242    1.02722    1.02665          1     7.4585     7.3981      40.45     3.7937     0.5220  4.400e+02  0.4779000     7.3312     7.3313     0.0001     4.7450     4.7491      5.450      5.576      0.398    1474.55    1474.47  0.000e+00
       7919      6.000    14.8874    14.8736    -0.0137    1.02573    1.02540          1     7.4802     7.4144      39.85     3.8973     0.4856  3.779e+02  0.4814000     7.3337     7.3338     0.0000     4.7594     4.7617      5.946      6.083      0.503    1474.31    1474.26  0.000e+00
       7943      6.500    14.8747    14.8760     0.0009    1.02558    1.02560          1     7.4696     7.4371      39.38     4.0610     0.5380  3.157e+02  0.4742000     7.3349     7.3348    -0.0001     4.7624     4.7621      6.441      6.589      0.458    1474.27    1474.28  0.000e+00
       7973      7.000    14.7956    14.8412     0.0457    1.02394    1.02494          1     7.4732     7.4253      38.91     4.2511     0.5059  2.602e+02  0.4894000     7.3369     7.3362    -0.0008     4.7770     4.7689      6.937      7.096      0.370    1474.01    1474.17  0.000e+00
       8006      7.500    14.7520    14.7553     0.0035    1.02323    1.02324          1     7.4953     7.4293      38.49     4.3183     0.4864  2.248e+02  0.4716000     7.3396     7.3390    -0.0006     4.7862     4.7852      7.432      7.603      0.384    1473.87    1473.88  0.000e+00
       8034      8.000    14.6980    14.7554     0.0569    1.02250    1.02339          1     7.5009     7.4462      37.89     4.4703     0.5252  1.888e+02  0.5097000     7.3440     7.3401    -0.0039     4.7984     4.7861      7.928      8.110      0.463    1473.70    1473.89  0.000e+00
       8059      8.500    14.7495    14.7440    -0.0050    1.02333    1.02318          1     7.5043     7.4491      37.34     4.4472     0.5343  1.682e+02  0.4872000     7.3407     7.3406    -0.0002     4.7875     4.7883      8.423      8.617      0.500    1473.88    1473.86  0.000e+00
       8083      9.000    14.6833    14.7521     0.0689    1.02214    1.02342          1     7.5162     7.4320      36.85     4.4270     0.5249  1.461e+02  0.4839000     7.3439     7.3409    -0.0030     4.8007     4.7872      8.919      9.124      0.477    1473.66    1473.90  0.000e+00
       8109      9.500    14.6965    14.7213     0.0249    1.02253    1.02295          1     7.5315     7.4549      36.32     4.4335     0.5276  1.244e+02  0.4903000     7.3444     7.3430    -0.0014     4.7990     4.7938      9.414      9.630      0.434    1473.72    1473.80  0.000e+00
       8139     10.000    14.6563    14.6681     0.0116    1.02199    1.02212          1     7.5536     7.4880      35.82     4.4702     0.4990  1.078e+02  0.5173000     7.3476     7.3465    -0.0011     4.8080     4.8052      9.910     10.137      0.389    1473.59    1473.63  0.000e+00
       8171     10.500    14.6186    14.6269     0.0081    1.02148    1.02160          1     7.5562     7.5186      35.35     4.5013     0.5691  9.174e+01  0.5001000     7.3507     7.3501    -0.0006     4.8165     4.8147     10.405     10.644      0.372    1473.47    1473.50  0.000e+00
       8201     11.000    14.4038    14.4180     0.0151    1.01738    1.01756          1     7.6886     7.6499      34.98     4.5054     0.5352  7.967e+01  0.4871000     7.3592     7.3579    -0.0013     4.8576     4.8543     10.901     11.151      0.435    1472.74    1472.79  0.000e+00
       8227     11.500    14.1017    14.1703     0.0689    1.01192    1.01310          1     7.8939     7.8778      34.45     4.5016     0.5359  6.979e+01  0.4925000     7.3736     7.3698    -0.0038     4.9164     4.9027     11.396     11.658      0.486    1471.71    1471.95  0.000e+00
       8251     12.000    13.7218    13.7960     0.0729    1.00505    1.00633          1     7.5721     7.7976      33.85     4.5656     0.5428  5.945e+01  0.4941000     7.3918     7.3877    -0.0040     4.9890     4.9745     11.892     12.164      0.483    1470.40    1470.66  0.000e+00
       8277     12.500    12.5634    12.5815     0.0194    0.98185    0.98181          1     7.7173     8.1553      33.27     4.6391     0.5104  5.237e+01  0.5201000     7.4298     7.4259    -0.0039     5.1831     5.1776     12.387     12.671      0.431    1466.26    1466.32  0.000e+00
       8308     13.000    10.8312    10.8873     0.0559    0.94785    0.94882          1     8.1845     8.5205      32.73     4.9776     0.5241  4.570e+01  0.5893000     7.4926     7.4895    -0.0032     5.4579     5.4486     12.882     13.178      0.372    1459.91    1460.12  0.000e+00
       8341     13.500    10.5795    10.5783    -0.0011    0.94367    0.94352          1     8.3512     8.4849      32.26     5.3430     0.5828  3.994e+01  0.6314000     7.5083     7.5072    -0.0010     5.4994     5.4988     13.378     13.684      0.383    1458.97    1458.97  0.000e+00
       8370     14.000    10.2060    10.1877    -0.0197    0.93652    0.93607          1     8.3535     8.4607      31.73     5.3739     0.5776  3.481e+01  0.6254000     7.5235     7.5234    -0.0001     5.5532     5.5551     13.873     14.191      0.430    1457.56    1457.49  0.000e+00
       8397     14.500     9.4399     9.3440    -0.0949    0.92071    0.91842          1     8.3912     8.5146      31.25     5.3991     0.6161  2.984e+01  0.6489000     7.5449     7.5447    -0.0001     5.6506     5.6602     14.369     14.697      0.456    1454.60    1454.23  0.000e+00
       8423     15.000     8.8829     8.9363     0.0530    0.90844    0.90969          1     8.6508     8.7031      30.81     5.3262     0.5957  2.619e+01  0.6522000     7.5532     7.5532    -0.0001     5.7110     5.7062     14.864     15.203      0.450    1452.41    1452.62  0.000e+00
       8450     15.500     8.3307     8.3221    -0.0079    0.89669    0.89632          1     8.5397     8.5720      30.20     4.9762     0.6417  2.322e+01  0.6664000     7.5651     7.5636    -0.0015     5.7701     5.7696     15.360     15.710      0.430    1450.21    1450.17  0.000e+00
       8479     16.000     7.8049     7.8132     0.0076    0.88454    0.88437          1     8.5712     8.5561      29.73     4.6633     0.6185  2.071e+01  0.6838000     7.5669     7.5636    -0.0033     5.8135     5.8103     15.855     16.216      0.407    1448.07    1448.10  0.000e+00
       8510     16.500     7.1701     6.9710    -0.1979    0.87158    0.86630          1     8.7622     8.7145      30.25     3.6556     0.5474  1.738e+01  0.7188000     7.5852     7.5794    -0.0058     5.8768     5.8860     16.351     16.723      0.372    1445.48    1444.64  0.000e+00
       8543     17.000     6.8631     6.8581    -0.0058    0.86517    0.86519          1     8.6980     8.5764      29.92     2.9761     0.4103  1.447e+01  0.6440000     7.5924     7.5937     0.0013     5.9036     5.9050     16.846     17.229      0.368    1444.21    1444.19  0.000e+00
       8574     17.500     6.4166     6.4233     0.0067    0.85471    0.85468          1     8.5495     8.4335      29.53     2.6648     0.4379  1.292e+01  0.6177000     7.5920     7.5902    -0.0018     5.9313     5.9295     17.342     17.735      0.441    1442.33    1442.36  0.000e+00
       8599     18.000     5.8507     5.8614     0.0106    0.84294    0.84317          1     8.5756     8.4375      28.98     2.1230     0.4349  1.163e+01  0.6146000     7.6053     7.6051    -0.0002     5.9738     5.9731     17.837     18.241      0.494    1439.94    1439.99  0.000e+00
       8623     18.500     5.6787     5.6824     0.0037    0.84099    0.84116          1     8.5608     8.3803      28.44     1.6211     0.3915  1.029e+01  0.5100000     7.6250     7.6259     0.0008     5.9983     5.9988     18.332     18.748      0.451    1439.23    1439.25  0.000e+00
       8655     19.000     5.6288     5.6302     0.0014    0.84213    0.84214          1     8.4547     8.2158      27.84     1.4612     0.3661  8.634e+00  0.3844000     7.6474     7.6472    -0.0002     6.0184     6.0182     18.828     19.254      0.323    1439.05    1439.06  0.000e+00
       8696     19.500     5.4716     5.4721     0.0004    0.83970    0.83963          1     8.2990     8.0592      26.33     1.6385     0.3736  7.460e+00  0.3403000     7.6594     7.6586    -0.0008     6.0354     6.0348     19.323     19.760      0.320    1438.40    1438.40  0.000e+00
       8727     20.000     5.3440     5.3467     0.0027    0.83715    0.83719          1     8.1839     8.0264      26.05     1.4433     0.2945  6.927e+00  0.3306000     7.6634     7.6632    -0.0002     6.0445     6.0442     19.819     20.266      0.458    1437.85    1437.87  0.000e+00
       8751     20.500     5.2209     5.2224     0.0015    0.83432    0.83428          1     8.0840     7.9697      26.36     1.3278     0.2910  6.299e+00  0.3406000     7.6637     7.6629    -0.0007     6.0501     6.0495     20.314     20.772      0.533    1437.33    1437.33  0.000e+00
       8773     21.000     4.9634     4.9646     0.0012    0.82786    0.82784          1     8.0833     7.9590      25.87     1.2398     0.3068  5.546e+00  0.3440000     7.6588     7.6583    -0.0004     6.0569     6.0565     20.810     21.279      0.501    1436.20    1436.20  0.000e+00
       8802     21.500     4.8010     4.7976    -0.0034    0.82426    0.82419          1     8.0851     7.9291      25.25     1.0953     0.3081  4.872e+00  0.2902000     7.6603     7.6604     0.0001     6.0644     6.0646     21.305     21.785      0.340    1435.49    1435.48  0.000e+00
       8845     22.000     4.7816     4.7704    -0.0112    0.82452    0.82427          1     8.0368     7.8768      24.69     1.0254     0.2998  4.506e+00  0.2598000     7.6673     7.6673    -0.0000     6.0707     6.0712     21.801     22.291      0.328    1435.42    1435.37  0.000e+00
       8873     22.500     4.7362     4.7389     0.0026    0.82394    0.82397          1     8.0462     7.8677      24.07     1.0116     0.2812  4.171e+00  0.2739000     7.6719     7.6716    -0.0003     6.0760     6.0757     22.296     22.797      0.529    1435.24    1435.25  0.000e+00
       8893     23.000     4.7708     4.7714     0.0005    0.82557    0.82556          1     8.0597     7.9029      23.26     0.9994     0.2950  3.739e+00  0.2853000     7.6801     7.6799    -0.0002     6.0813     6.0810     22.791     23.303      0.585    1435.41    1435.41  0.000e+00
       8914     23.500     4.8319     4.8340     0.0021    0.82840    0.82848          1     8.0752     7.9350      22.93     0.9452     0.2944  3.340e+00  0.2814000     7.6942     7.6945     0.0003     6.0901     6.0903     23.287     23.810      0.485    1435.71    1435.71  0.000e+00
       8948     24.000     4.9380     4.9124    -0.0254    0.83259    0.83172          1     8.1866     8.0241      22.46     0.8861     0.2831  3.023e+00  0.2635000     7.7113     7.7086    -0.0027     6.0995     6.0984     23.782     24.316      0.297    1436.20    1436.09  0.000e+00
       8988     24.500     5.2206     5.2122    -0.0086    0.84361    0.84347          1     8.2615     8.1100      20.64     0.9427     0.3018  2.813e+00  0.2484000     7.7549     7.7554     0.0006     6.1222     6.1230     24.278     24.822      0.416    1437.50    1437.47  0.000e+00
       9011     25.000     5.4987     5.5033     0.0046    0.85407    0.85418          1     8.2009     8.0813      20.29     1.0382     0.3511  2.585e+00  0.2607000     7.7934     7.7934     0.0000     6.1400     6.1398     24.773     25.328      0.567    1438.77    1438.79  0.000e+00
       9031     25.500     5.3431     5.3521     0.0091    0.85118    0.85127          1     8.2084     8.0878      19.81     1.0501     0.3461  2.344e+00  0.2665000     7.8011     7.7998    -0.0013     6.1534     6.1520     25.269     25.834      0.531    1438.11    1438.15  0.000e+00
       9063     26.000     5.2338     5.2375     0.0038    0.85083    0.85070          1     8.1817     8.0657      19.19     0.9697     0.2934  2.110e+00  0.2580000     7.8231     7.8209    -0.0022     6.1757     6.1738     25.764     26.340      0.310    1437.67    1437.68  0.000e+00
       9107     26.500     5.0554     5.0798     0.0244    0.84718    0.84764          1     8.2277     8.1075      18.62     0.9170     0.2706  1.907e+00  0.2415000     7.8287     7.8275    -0.0012     6.1877     6.1857     26.259     26.847      0.376    1436.91    1437.01  0.000e+00
       9131     27.000     5.0734     5.0729    -0.0005    0.84941    0.84932          1     8.2217     8.1048      18.32     0.7573     0.2386  1.729e+00  0.2389000     7.8465     7.8457    -0.0008     6.2011     6.2005     26.755     27.353      0.555    1437.02    1437.01  0.000e+00
       9151     27.500     5.1095     5.1109     0.0014    0.85288    0.85284          1     8.2496     8.1229      17.99     0.7609     0.2795  1.586e+00  0.2008000     7.8724     7.8717    -0.0008     6.2201     6.2194     27.250     27.859      0.541    1437.21    1437.22  0.000e+00
       9177     28.000     5.1613     5.1615     0.0002    0.85638    0.85632          1     8.2659     8.1404      17.26     0.7158     0.2577  1.463e+00  0.2097000     7.8948     7.8942    -0.0006     6.2356     6.2350     27.746     28.365      0.386    1437.48    1437.48  0.000e+00
