ctdpy/exports/archive_20191120_135557/received_data/SBE09_0827_20180906_0358_26_01_0966.cnv
* Sea-Bird SBE 9 Data File:
* FileName = D:\CTD_SBE911\DAT\26DA.2018.9.16.hex
* Software Version Seasave V 7.21d
* Temperature SN = 034605
* Conductivity SN = 041844
* Number of Bytes Per Scan = 48
* Number of Voltage Words = 5
* Number of Scans Averaged by the Deck Unit = 1
* NMEA Latitude = 55 37.06 N
* NMEA Longitude = 014 52.06 E
* NMEA UTC (Time) = Sep 06 2018  04:00:46
* NMEA baud rate = 4800
** Ship: DANA
** Average sound velocity: 1462.80 m/s
** True-depth calculation Wed, 03 Apr 2019 09:31:06 +0000
** CTD Python Module SMHI /ver 3-12/ feb 2012 
** LIMS Job: 20182601-0966
**  HANØBUKTEN
** Operator: Christian
** Cruise: 09/2018
# nquan = 26
# nvalues = 150                         
# units = specified
# name 0 = scan: Scan Count
# name 1 = prDM: Pressure, Digiquartz [db]
# name 2 = t090C: Temperature [ITS-90, deg C]
# name 3 = t190C: Temperature, 2 [ITS-90, deg C]
# name 4 = T2-T190C: Temperature Difference, 2 - 1 [ITS-90, deg C]
# name 5 = c0S/m: Conductivity [S/m]
# name 6 = c1S/m: Conductivity, 2 [S/m]
# name 7 = pumps: Pump Status
# name 8 = sbeox1ML/L: Oxygen, SBE 43, 2 [ml/l]
# name 9 = sbeox0ML/L: Oxygen, SBE 43 [ml/l]
# name 10 = altM: Altimeter [m]
# name 11 = chloroflTC0: Chlorophyll, Turner Cyclops [ug/l]
# name 12 = cpar: CPAR/Corrected Irradiance [%]
# name 13 = par: PAR/Irradiance, Biospherical/Lico [µE/(cm^2*s)]
# name 14 = spar: SPAR, Biospherical/Licor
# name 15 = sal00: Salinity, Practical [PSU]
# name 16 = sal11: Salinity, Practical, 2 [PSU]
# name 17 = secS-priS: Salinity, Practical, Difference, 2 - 1 [PSU]
# name 18 = sigma-t00: Density [sigma-t, kg/m^3 ]
# name 19 = sigma-t11: Density, 2 [sigma-t, kg/m^3 ]
# name 20 = depSM: Depth [salt water, m], lat = 55.6177
# name 21 = depFM: Depth [true depth, m], lat = 55.6177
# name 22 = dz/dtM: Descent Rate [m/s], WS = 2
# name 23 = svCM: Sound Velocity [Chen-Millero, m/s]
# name 24 = svCM1: Sound Velocity, 2 [Chen-Millero, m/s]
# name 25 = flag: flag
# span 0 =        196,       8652       
# span 1 =      1.500,     76.000       
# span 2 =     3.7913,    18.4726       
# span 3 =     3.9213,    18.4724       
# span 4 =    -1.3008,     3.4006       
# span 5 =   0.805942,   1.811267       
# span 6 =   0.808640,   1.772804       
# span 7 =          1,          1       
# span 8 =     0.0668,     7.3173       
# span 9 =     0.0498,     7.5494       
# span 10 =       0.97,       9.98      
# span 11 =     0.0438,     0.2859      
# span 12 = 1.2249e-11, 2.4620e-11      
# span 13 = 1.0000e-12, 1.0000e-12      
# span 14 = 4.0617e+00, 8.1533e+00      
# span 15 =     7.4738,    16.2451      
# span 16 =     7.4865,    16.2372      
# span 17 =    -0.9193,     0.0950      
# span 18 =     4.2176,    12.6640      
# span 19 =     4.2142,    12.6576      
# span 20 =      1.486,     75.297      
# span 21 =      1.521,     76.855      
# span 22 =     -0.125,      0.306      
# span 23 =    1431.29,    1486.44      
# span 24 =    1431.90,    1486.44      
# span 25 = 0.0000e+00, 0.0000e+00      
# interval = decibars: 0.5              
# start_time = Sep 06 2018 04:00:46 [NMEA time, first data scan]
# bad_flag = -9.990e-29
*END*
        196      1.500    18.4543    18.4667     0.0124    1.13671    1.13629          1     6.8324     6.4908       9.97     0.1672  2.462e-11  1.000e-12  4.062e+00     7.5021     7.4968    -0.0052     4.2286     4.2221      1.486      1.521      0.175    1486.14    1486.18  0.000e+00
        258      2.000    18.4632    18.4652     0.0019    1.13670    1.13612          1     6.8628     6.5085       9.97     0.1808  2.462e-11  1.000e-12  4.062e+00     7.5003     7.4958    -0.0045     4.2254     4.2217      1.982      2.028      0.215    1486.18    1486.18  0.000e+00
        306      2.500    18.4633    18.4591    -0.0042    1.13668    1.13622          1     6.8227     6.5038       9.97     0.1737  2.462e-11  1.000e-12  4.062e+00     7.5001     7.4976    -0.0025     4.2253     4.2243      2.477      2.536      0.287    1486.19    1486.17  0.000e+00
        353      3.000    18.4613    18.4621     0.0008    1.13657    1.13596          1     6.8133     6.5114       9.98     0.1777  2.462e-11  1.000e-12  4.062e+00     7.4996     7.4952    -0.0044     4.2253     4.2218      2.973      3.043      0.220    1486.19    1486.19  0.000e+00
        407      3.500    18.4620    18.4654     0.0035    1.13650    1.13595          1     6.8309     6.5295       9.98     0.1683  2.462e-11  1.000e-12  4.062e+00     7.4990     7.4944    -0.0045     4.2247     4.2206      3.468      3.550      0.267    1486.20    1486.20  0.000e+00
        449      4.000    18.4633    18.4638     0.0005    1.13646    1.13600          1     6.8852     6.5198       9.98     0.1801  2.462e-11  1.000e-12  4.062e+00     7.4984     7.4950    -0.0034     4.2240     4.2213      3.964      4.057      0.263    1486.21    1486.21  0.000e+00
        500      4.500    18.4640    18.4647     0.0006    1.13649    1.13612          1     6.8415     6.5231       9.98     0.1908  2.462e-11  1.000e-12  4.062e+00     7.4984     7.4957    -0.0027     4.2239     4.2217      4.459      4.564      0.236    1486.22    1486.22  0.000e+00
        544      5.000    18.4651    18.4646    -0.0005    1.13652    1.13617          1     6.8273     6.5226       9.98     0.1747  2.462e-11  1.000e-12  4.062e+00     7.4985     7.4960    -0.0024     4.2237     4.2219      4.955      5.071      0.305    1486.23    1486.23  0.000e+00
        588      5.500    18.4652    18.4653     0.0002    1.13659    1.13593          1     6.8719     6.5067       9.98     0.1929  2.462e-11  1.000e-12  4.062e+00     7.4989     7.4942    -0.0047     4.2240     4.2203      5.450      5.578      0.231    1486.24    1486.24  0.000e+00
        640      6.000    18.4654    18.4665     0.0011    1.13647    1.13557          1     6.8774     6.5114       9.98     0.1755  2.462e-11  1.000e-12  4.062e+00     7.4980     7.4913    -0.0067     4.2232     4.2180      5.946      6.086      0.263    1486.25    1486.25  0.000e+00
        685      6.500    18.4658    18.4673     0.0015    1.13628    1.13544          1     6.8582     6.5227       9.98     0.1915  2.462e-11  1.000e-12  4.062e+00     7.4965     7.4902    -0.0063     4.2220     4.2170      6.441      6.593      0.239    1486.26    1486.26  0.000e+00
        739      7.000    18.4667    18.4672     0.0004    1.13613    1.13533          1     6.8572     6.5199       9.98     0.1807  2.462e-11  1.000e-12  4.062e+00     7.4951     7.4894    -0.0057     4.2208     4.2164      6.936      7.100      0.230    1486.27    1486.26  0.000e+00
        787      7.500    18.4671    18.4657    -0.0013    1.13594    1.13573          1     6.8851     6.5404       9.98     0.1762  2.462e-11  1.000e-12  4.062e+00     7.4937     7.4925    -0.0012     4.2197     4.2190      7.432      7.607      0.269    1486.27    1486.27  0.000e+00
        831      8.000    18.4668    18.4652    -0.0016    1.13602    1.13543          1     6.8904     6.5249       9.98     0.1797  2.462e-11  1.000e-12  4.062e+00     7.4943     7.4904    -0.0039     4.2202     4.2175      7.927      8.114      0.258    1486.28    1486.27  0.000e+00
        883      8.500    18.4663    18.4664     0.0001    1.13594    1.13498          1     6.8980     6.5273       9.98     0.1713  2.462e-11  1.000e-12  4.062e+00     7.4938     7.4869    -0.0069     4.2199     4.2146      8.423      8.621      0.229    1486.29    1486.28  0.000e+00
        928      9.000    18.4667    18.4672     0.0006    1.13572    1.13495          1     6.9054     6.5405       9.98     0.1630  2.462e-11  1.000e-12  4.062e+00     7.4921     7.4865    -0.0056     4.2185     4.2142      8.918      9.128      0.306    1486.30    1486.29  0.000e+00
        970      9.500    18.4671    18.4676     0.0006    1.13559    1.13504          1     6.8960     6.5352       9.98     0.1650  2.462e-11  1.000e-12  4.062e+00     7.4910     7.4871    -0.0040     4.2176     4.2145      9.414      9.635      0.236    1486.30    1486.30  0.000e+00
       1030     10.000    18.4670    18.4665    -0.0005    1.13562    1.13510          1     6.9068     6.5380       9.98     0.1743  2.462e-11  1.000e-12  4.062e+00     7.4912     7.4876    -0.0036     4.2178     4.2152      9.909     10.143      0.228    1486.31    1486.31  0.000e+00
       1076     10.500    18.4667    18.4660    -0.0007    1.13566    1.13517          1     6.9017     6.5363       9.98     0.1661  2.462e-11  1.000e-12  4.062e+00     7.4915     7.4882    -0.0034     4.2181     4.2157     10.405     10.650      0.253    1486.32    1486.31  0.000e+00
       1129     11.000    18.4665    18.4673     0.0008    1.13569    1.13501          1     6.8875     6.5293       9.98     0.1738  2.462e-11  1.000e-12  4.062e+00     7.4918     7.4867    -0.0051     4.2183     4.2143     10.900     11.157      0.222    1486.33    1486.33  0.000e+00
       1176     11.500    18.4666    18.4660    -0.0006    1.13569    1.13518          1     6.8790     6.5387       9.98     0.1764  2.462e-11  1.000e-12  4.062e+00     7.4917     7.4882    -0.0035     4.2182     4.2157     11.395     11.664      0.270    1486.34    1486.33  0.000e+00
       1224     12.000    18.4661    18.4631    -0.0030    1.13583    1.13572          1     6.8885     6.5277       9.98     0.1777  2.462e-11  1.000e-12  4.062e+00     7.4927     7.4925    -0.0002     4.2191     4.2195     11.891     12.171      0.248    1486.34    1486.33  0.000e+00
       1269     12.500    18.4650    18.4638    -0.0012    1.13605    1.13570          1     6.8876     6.5166       9.98     0.1825  2.462e-11  1.000e-12  4.062e+00     7.4944     7.4922    -0.0023     4.2206     4.2191     12.386     12.678      0.275    1486.35    1486.35  0.000e+00
       1314     13.000    18.4648    18.4617    -0.0030    1.13611    1.13581          1     6.8880     6.5124       9.98     0.1780  2.462e-11  1.000e-12  4.062e+00     7.4949     7.4933    -0.0016     4.2210     4.2205     12.882     13.185      0.257    1486.36    1486.35  0.000e+00
       1361     13.500    18.4637    18.4622    -0.0015    1.13619    1.13570          1     6.8861     6.5125       9.98     0.1781  2.462e-11  1.000e-12  4.062e+00     7.4956     7.4924    -0.0032     4.2218     4.2196     13.377     13.692      0.248    1486.36    1486.36  0.000e+00
       1411     14.000    18.4628    18.4646     0.0018    1.13625    1.13565          1     6.8672     6.5157       9.98     0.1828  2.462e-11  1.000e-12  4.062e+00     7.4961     7.4915    -0.0046     4.2224     4.2185     13.873     14.200      0.241    1486.37    1486.37  0.000e+00
       1461     14.500    18.4632    18.4628    -0.0004    1.13620    1.13562          1     6.8969     6.5128       9.98     0.1889  2.462e-11  1.000e-12  4.062e+00     7.4957     7.4916    -0.0041     4.2219     4.2189     14.368     14.707      0.243    1486.38    1486.37  0.000e+00
       1509     15.000    18.4632    18.4661     0.0029    1.13610    1.13555          1     6.8630     6.5190       9.98     0.1950  2.462e-11  1.000e-12  4.062e+00     7.4949     7.4904    -0.0045     4.2214     4.2174     14.863     15.214      0.257    1486.39    1486.39  0.000e+00
       1556     15.500    18.4706    18.4700    -0.0006    1.13631    1.13569          1     6.8707     6.5333       9.98     0.1914  2.462e-11  1.000e-12  4.062e+00     7.4950     7.4907    -0.0043     4.2199     4.2168     15.359     15.721      0.249    1486.42    1486.41  0.000e+00
       1602     16.000    18.4708    18.4724     0.0016    1.13630    1.13604          1     6.9169     6.5256       9.98     0.2062  2.462e-11  1.000e-12  4.062e+00     7.4949     7.4927    -0.0022     4.2198     4.2178     15.854     16.228      0.279    1486.43    1486.43  0.000e+00
       1646     16.500    18.4726    18.4715    -0.0011    1.13665    1.13610          1     6.9358     6.4940       9.98     0.1967  2.462e-11  1.000e-12  4.062e+00     7.4970     7.4933    -0.0037     4.2210     4.2184     16.350     16.735      0.251    1486.44    1486.44  0.000e+00
       1695     17.000    18.4063    18.4192     0.0129    1.13715    1.13668          1     6.8392     6.3702       9.98     0.1903  2.462e-11  1.000e-12  4.062e+00     7.5125     7.5068    -0.0057     4.2463     4.2393     16.845     17.242      0.249    1486.26    1486.30  0.000e+00
       1743     17.500    18.3376    18.3379     0.0003    1.13541    1.13519          1     6.7619     6.3989       9.98     0.2220  2.462e-11  1.000e-12  4.062e+00     7.5124     7.5108    -0.0016     4.2602     4.2589     17.341     17.749      0.253    1486.05    1486.05  0.000e+00
       1791     18.000    18.2406    18.2564     0.0158    1.13170    1.13162          1     6.7668     6.3624       9.98     0.2428  2.462e-11  1.000e-12  4.062e+00     7.5034     7.5000    -0.0034     4.2729     4.2671     17.836     18.257      0.247    1485.75    1485.79  0.000e+00
       1840     18.500    18.2346    18.2554     0.0208    1.13258    1.13239          1     6.7653     6.3097       9.98     0.2668  2.462e-11  1.000e-12  4.062e+00     7.5107     7.5056    -0.0051     4.2797     4.2717     18.331     18.764      0.252    1485.74    1485.80  0.000e+00
       1884     19.000    18.2518    18.2640     0.0122    1.13410    1.13297          1     6.7264     6.2342       9.98     0.2859  2.462e-11  1.000e-12  4.062e+00     7.5185     7.5081    -0.0104     4.2822     4.2718     18.827     19.271      0.278    1485.82    1485.84  0.000e+00
       1929     19.500    18.2471    18.2611     0.0140    1.13442    1.13333          1     6.6992     6.2497       9.98     0.2762  2.462e-11  1.000e-12  4.062e+00     7.5216     7.5112    -0.0104     4.2855     4.2748     19.322     19.778      0.258    1485.81    1485.85  0.000e+00
       1976     20.000    18.1619    18.2515     0.0895    1.13213    1.13373          1     6.6498     6.0492       9.98     0.2620  2.462e-11  1.000e-12  4.062e+00     7.5206     7.5158    -0.0048     4.3018     4.2802     19.818     20.285      0.266    1485.55    1485.83  0.000e+00
       2020     20.500    17.9163    18.1577     0.2411    1.12455    1.13151          1     6.6125     5.9095       9.98     0.2578  2.462e-11  1.000e-12  4.062e+00     7.5107     7.5168     0.0062     4.3433     4.2998     20.313     20.792      0.264    1484.77    1485.54  0.000e+00
       2068     21.000    17.8403    18.0308     0.1909    1.12323    1.12806          1     6.4916     5.9100       9.98     0.2149  2.462e-11  1.000e-12  4.062e+00     7.5149     7.5150     0.0001     4.3616     4.3239     20.809     21.299      0.240    1484.54    1485.15  0.000e+00
       2117     21.500    17.5346    17.9278     0.3930    1.11739    1.12543          1     6.4083     6.0890       9.98     0.1860  2.462e-11  1.000e-12  4.062e+00     7.5285     7.5148    -0.0137     4.4318     4.3442     21.304     21.806      0.257    1483.59    1484.83  0.000e+00
       2163     22.000    17.2178    17.7292     0.5118    1.11391    1.12186          1     6.4462     5.9980       9.98     0.1726  2.462e-11  1.000e-12  4.062e+00     7.5614     7.5252    -0.0362     4.5175     4.3913     21.799     22.313      0.259    1482.61    1484.21  0.000e+00
       2210     22.500    16.0259    17.2345     1.2081    1.07822    1.11213          1     6.4533     5.7780       9.98     0.1574  2.462e-11  1.000e-12  4.062e+00     7.5186     7.5453     0.0267     4.7049     4.5021     22.295     22.820      0.253    1478.65    1482.65  0.000e+00
       2256     23.000    15.1630    15.8284     0.6661    1.05153    1.07427          1     6.2011     5.7298       9.98     0.1600  2.462e-11  1.000e-12  4.062e+00     7.4786     7.5257     0.0471     4.8243     4.7447     22.790     23.327      0.274    1475.70    1478.00  0.000e+00
       2299     23.500    14.6711    15.4566     0.7850    1.03961    1.05986          1     6.1445     5.8382       9.98     0.1623  2.462e-11  1.000e-12  4.062e+00     7.4801     7.4868     0.0067     4.9071     4.7807     23.286     23.834      0.274    1474.02    1476.71  0.000e+00
       2346     24.000    14.2400    15.2144     0.9742    1.03018    1.05515          1     6.2554     5.9347       9.98     0.1662  2.462e-11  1.000e-12  4.062e+00     7.4892     7.4966     0.0074     4.9832     4.8294     23.781     24.340      0.246    1472.53    1475.91  0.000e+00
       2394     24.500    12.1598    14.3607     2.2020    0.98261    1.03745          1     6.2368     6.1026       9.98     0.1503  2.462e-11  1.000e-12  4.062e+00     7.5141     7.5227     0.0087     5.3023     4.9889     24.276     24.847      0.262    1465.07    1473.00  0.000e+00
       2437     25.000     9.4899    12.3624     2.8713    0.91622    0.99199          1     6.2352     6.5972       9.98     0.1482  2.462e-11  1.000e-12  4.062e+00     7.4931     7.5508     0.0576     5.6025     5.3052     24.772     25.354      0.279    1454.88    1465.88  0.000e+00
       2485     25.500     7.8351    11.2394     3.4006    0.87662    0.96191          1     6.4540     6.8767       9.98     0.1259  2.462e-11  1.000e-12  4.062e+00     7.4862     7.5274     0.0412     5.7471     5.4342     25.267     25.860      0.229    1448.24    1461.69  0.000e+00
       2535     26.000     6.4725     8.1518     1.6838    0.84372    0.89307          1     6.4799     7.0483       9.98     0.1211  2.462e-11  1.000e-12  4.062e+00     7.4738     7.5688     0.0950     5.8352     5.7884     25.763     26.366      0.276    1442.56    1449.66  0.000e+00
       2576     26.500     5.9833     7.8200     1.8359    0.83442    0.88016          1     6.8721     7.2176       9.98     0.1217  2.462e-11  1.000e-12  4.062e+00     7.4922     7.5225     0.0303     5.8776     5.7789     26.258     26.873      0.285    1440.50    1448.25  0.000e+00
       2622     27.000     5.6712     6.8994     1.2283    0.82894    0.86083          1     6.8962     7.3370       9.98     0.0995  2.462e-11  1.000e-12  4.062e+00     7.5082     7.5422     0.0340     5.9064     5.8614     26.753     27.379      0.248    1439.19    1444.46  0.000e+00
       2669     27.500     5.3435     6.2770     0.9334    0.82214    0.84757          1     6.9829     7.4172       9.98     0.0903  2.462e-11  1.000e-12  4.062e+00     7.5149     7.5534     0.0384     5.9271     5.9092     27.249     27.885      0.269    1437.78    1441.85  0.000e+00
       2712     28.000     5.1880     5.8700     0.6822    0.81996    0.83779          1     7.0645     7.5355       9.98     0.0947  2.462e-11  1.000e-12  4.062e+00     7.5284     7.5498     0.0214     5.9446     5.9291     27.744     28.391      0.279    1437.13    1440.11  0.000e+00
       2758     28.500     5.0862     5.6292     0.5430    0.81927    0.83303          1     7.1577     7.5470       9.98     0.0848  2.462e-11  1.000e-12  4.062e+00     7.5445     7.5573     0.0128     5.9615     5.9472     28.240     28.898      0.245    1436.71    1439.09  0.000e+00
