ctdpy/exports/archive_20191120_135557/received_data/SBE09_1044_20181112_0551_34_01_0134.cnv
* Sea-Bird SBE 9 Data File:
* FileName = C:\ctd\temp\ar18d134.hex
* Software Version Seasave V 7.26.7.107
* Temperature SN = 5351
* Conductivity SN = 3941
* Number of Bytes Per Scan = 41
* Number of Voltage Words = 4
* Number of Scans Averaged by the Deck Unit = 1
* NMEA Latitude = 58 16.05 N
* NMEA Longitude = 010 43.46 E
* NMEA UTC (Time) = Nov 12 2018  05:51:25
* NMEA baud rate = 4800
** Station:  A16
** Operator:  JKro
** Ship: ARANDA
** Average sound velocity: 1486.47 m/s
** True-depth calculation Mon, 12 Nov 2018 07:51:43 +0000
** CTD Python Module SMHI /ver 3-12/ feb 2012 
** LIMS Job: 20183401-0134
** Cruise: SMHI-6-2018
** Latitude [GG MM.mm N]:
** Longitude [GG MM.mm E]
# nquan = 26
# nvalues = 401                         
# units = specified
# name 0 = scan: Scan Count
# name 1 = prDM: Pressure, Digiquartz [db]
# name 2 = t090C: Temperature [ITS-90, deg C]
# name 3 = t190C: Temperature, 2 [ITS-90, deg C]
# name 4 = T2-T190C: Temperature Difference, 2 - 1 [ITS-90, deg C]
# name 5 = c0S/m: Conductivity [S/m]
# name 6 = c1S/m: Conductivity, 2 [S/m]
# name 7 = pumps: Pump Status
# name 8 = sbeox0ML/L: Oxygen, SBE 43 [ml/l]
# name 9 = sbeox1ML/L: Oxygen, SBE 43, 2 [ml/l]
# name 10 = altM: Altimeter [m]
# name 11 = flECO-AFL: Chl-a Fluorescence, WET Labs ECO-AFL/FL [mg/m^3]
# name 12 = flECO-AFL1: Phycocyanin Fluorescence, WET Labs ECO-AFL/FL, 2 [mg/m^3]
# name 13 = par: PAR/Irradiance, Biospherical/Lico [µE/(cm^2*s)]
# name 14 = turbWETntu0: Turbidity, WET Labs ECO [NTU]
# name 15 = sal00: Salinity, Practical [PSU]
# name 16 = sal11: Salinity, Practical, 2 [PSU]
# name 17 = secS-priS: Salinity, Practical, Difference, 2 - 1 [PSU]
# name 18 = sigma-t00: Density [sigma-t, Kg/m^3 ]
# name 19 = sigma-t11: Density, 2 [sigma-t, Kg/m^3 ]
# name 20 = depSM: Depth [salt water, m], lat = 58.2675
# name 21 = depFM: Depth [true depth, m], lat = 58.2675
# name 22 = dz/dtM: Descent Rate [m/s], WS = 2
# name 23 = svCM: Sound Velocity [Chen-Millero, m/s]
# name 24 = svCM1: Sound Velocity, 2 [Chen-Millero, m/s]
# name 25 = flag: flag
# span 0 =      12336,      23772       
# span 1 =      0.500,    200.500       
# span 2 =     7.0744,    10.1056       
# span 3 =     7.0755,    10.1070       
# span 4 =    -0.0232,     0.0125       
# span 5 =   3.553472,   3.790782       
# span 6 =   3.553532,   3.790866       
# span 7 =          1,          1       
# span 8 =    5.08398,    6.02199       
# span 9 =    4.89460,    5.73876       
# span 10 =       4.16,     103.74      
# span 11 =     0.0213,     0.6997      
# span 12 =     0.1203,     0.3221      
# span 13 = -1.574e-06, 3.7994e-01      
# span 14 =     0.1915,     1.1013      
# span 15 =    34.4268,    35.0997      
# span 16 =    34.2891,    35.0989      
# span 17 =    -0.2203,     0.0896      
# span 18 =    26.4873,    27.4870      
# span 19 =    26.3790,    27.4862      
# span 20 =      0.495,    198.541      
# span 21 =      0.496,    198.828      
# span 22 =     -0.011,      0.949      
# span 23 =    1482.30,    1490.26      
# span 24 =    1482.31,    1490.27      
# span 25 = 0.0000e+00, 0.0000e+00      
# interval = decibars: 0.5              
# start_time = Nov 12 2018 05:51:26 [NMEA time, first data scan]
# bad_flag = -9.990e-29
*END*
[from data line 168]
      16468     84.500     9.0342     9.0377     0.0036    3.71616    3.71654          1     5.4697     5.2319      97.55     0.1383     0.2438  1.000e-12  1.0236000    34.9417    34.9422     0.0005    27.0670    27.0668     83.698     83.819      0.363    1487.64    1487.66  0.000e+00
      16510     85.000     9.0326     9.0338     0.0012    3.71598    3.71605          1     5.4587     5.2232      97.45     0.1405     0.2031  1.000e-12  0.8932000    34.9412    34.9406    -0.0006    27.0669    27.0663     84.193     84.315      0.449    1487.64    1487.65  0.000e+00
      16528     85.500     9.0253     9.0276     0.0024    3.71530    3.71549          1     5.4626     5.2247      97.56     0.1140     0.2070  1.000e-12  0.9153000    34.9410    34.9407    -0.0003    27.0679    27.0673     84.688     84.811      0.751    1487.62    1487.63  0.000e+00
      16541     86.000     9.0186     9.0203     0.0018    3.71479    3.71491          1     5.4532     5.2279      97.55     0.1138     0.1937  1.000e-12  0.9611000    34.9420    34.9415    -0.0005    27.0698    27.0691     85.183     85.307      0.822    1487.61    1487.62  0.000e+00
      16556     86.500     9.0115     9.0141     0.0026    3.71421    3.71444          1     5.4445     5.2353      97.56     0.1138     0.1970  1.000e-12  0.9987000    34.9426    34.9424    -0.0002    27.0714    27.0708     85.679     85.803      0.711    1487.59    1487.60  0.000e+00
      16584     87.000     9.0008     9.0022     0.0014    3.71324    3.71328          1     5.4541     5.2357      38.65     0.1147     0.2266  1.000e-12  0.9740000    34.9427    34.9419    -0.0009    27.0732    27.0723     86.174     86.299      0.364    1487.56    1487.57  0.000e+00
      16638     87.500     8.9993     9.0009     0.0017    3.71311    3.71321          1     5.4552     5.2320     103.74     0.1142     0.2427  1.000e-12  0.8483000    34.9427    34.9420    -0.0006    27.0734    27.0727     86.669     86.794      0.473    1487.56    1487.57  0.000e+00
      16654     88.000     8.9988     9.0005     0.0016    3.71308    3.71318          1     5.4438     5.2315      97.57     0.1138     0.2055  1.000e-12  0.8945000    34.9425    34.9420    -0.0005    27.0734    27.0727     87.164     87.290      0.773    1487.57    1487.58  0.000e+00
      16668     88.500     8.9983     8.9997     0.0014    3.71304    3.71315          1     5.4463     5.2310      97.57     0.1068     0.1671  1.000e-12  0.9456000    34.9424    34.9422    -0.0002    27.0734    27.0730     87.659     87.786      0.868    1487.58    1487.58  0.000e+00
      16681     89.000     8.9974     8.9993     0.0019    3.71305    3.71317          1     5.4546     5.2309      60.01     0.1100     0.1342  1.000e-12  0.9575000    34.9431    34.9425    -0.0006    27.0740    27.0732     88.154     88.282      0.860    1487.58    1487.59  0.000e+00
      16695     89.500     8.9933     8.9948     0.0015    3.71272    3.71282          1     5.4627     5.2330      26.45     0.1258     0.1710  1.000e-12  0.9870000    34.9435    34.9430    -0.0005    27.0750    27.0744     88.649     88.778      0.752    1487.58    1487.58  0.000e+00
      16714     90.000     8.9887     8.9903     0.0015    3.71237    3.71247          1     5.4656     5.2317      94.67     0.1025     0.2039  1.000e-12  0.9869000    34.9441    34.9436    -0.0005    27.0762    27.0756     89.145     89.274      0.533    1487.57    1487.57  0.000e+00
      16757     90.500     8.9878     8.9892     0.0014    3.71234    3.71241          1     5.4483     5.2372      93.39     0.1214     0.2237  1.000e-12  0.9028000    34.9444    34.9438    -0.0006    27.0766    27.0759     89.640     89.770      0.288    1487.57    1487.58  0.000e+00
      16801     91.000     8.9620     8.9633     0.0013    3.70998    3.71012          1     5.4256     5.2264      97.76     0.1262     0.2148  1.000e-12  0.8684000    34.9448    34.9450     0.0002    27.0810    27.0810     90.135     90.265      0.614    1487.49    1487.49  0.000e+00
      16815     91.500     8.8993     8.9028     0.0035    3.70461    3.70486          1     5.4368     5.2220      97.57     0.1156     0.2229  1.000e-12  0.9051000    34.9499    34.9491    -0.0008    27.0951    27.0939     90.630     90.761      0.835    1487.27    1487.28  0.000e+00
      16828     92.000     8.8786     8.8798     0.0012    3.70291    3.70295          1     5.4466     5.2194      97.57     0.1166     0.2094  1.000e-12  0.9154000    34.9522    34.9515    -0.0007    27.1002    27.0994     91.125     91.257      0.878    1487.21    1487.21  0.000e+00
      16842     92.500     8.8614     8.8633     0.0018    3.70150    3.70161          1     5.4475     5.2155      97.56     0.1441     0.2068  1.000e-12  0.8818000    34.9541    34.9533    -0.0008    27.1045    27.1035     91.620     91.753      0.761    1487.16    1487.16  0.000e+00
      16863     93.000     8.8556     8.8581     0.0025    3.70106    3.70119          1     5.4407     5.2130      97.58     0.1303     0.1954  1.000e-12  0.8489000    34.9549    34.9538    -0.0010    27.1060    27.1048     92.115     92.249      0.459    1487.14    1487.15  0.000e+00
      16901     93.500     8.8448     8.8481     0.0033    3.70020    3.70048          1     5.4361     5.2131      60.08     0.1223     0.2315  1.000e-12  0.7729000    34.9562    34.9559    -0.0003    27.1088    27.1080     92.611     92.745      0.339    1487.11    1487.12  0.000e+00
      16927     94.000     8.8330     8.8339     0.0010    3.69923    3.69929          1     5.4304     5.2046      98.78     0.1135     0.2316  1.000e-12  0.7774000    34.9574    34.9571    -0.0003    27.1116    27.1112     93.106     93.240      0.548    1487.08    1487.08  0.000e+00
      16947     94.500     8.8318     8.8327     0.0009    3.69917    3.69921          1     5.4045     5.2017      97.60     0.1161     0.1816  1.000e-12  0.8389000    34.9578    34.9573    -0.0005    27.1120    27.1115     93.601     93.736      0.563    1487.08    1487.08  0.000e+00
      16970     95.000     8.8301     8.8316     0.0015    3.69904    3.69913          1     5.3894     5.2033      97.58     0.1319     0.2040  1.000e-12  0.8457000    34.9578    34.9573    -0.0005    27.1123    27.1117     94.096     94.232      0.479    1487.08    1487.09  0.000e+00
      16997     95.500     8.8296     8.8312     0.0016    3.69902    3.69912          1     5.4078     5.2017      82.26     0.1292     0.1818  1.000e-12  0.8404000    34.9578    34.9574    -0.0004    27.1124    27.1118     94.591     94.728      0.473    1487.09    1487.10  0.000e+00
      17020     96.000     8.8244     8.8263     0.0020    3.69859    3.69874          1     5.4158     5.1868      53.75     0.1084     0.2221  1.000e-12  0.8480000    34.9582    34.9578    -0.0004    27.1136    27.1130     95.086     95.224      0.584    1487.08    1487.08  0.000e+00
      17039     96.500     8.8155     8.8181     0.0026    3.69789    3.69809          1     5.4089     5.1823      97.53     0.1102     0.1839  1.000e-12  0.8363000    34.9594    34.9588    -0.0005    27.1159    27.1150     95.581     95.720      0.651    1487.06    1487.07  0.000e+00
      17057     97.000     8.8080     8.8075    -0.0005    3.69728    3.69725          1     5.4016     5.1869      97.60     0.1143     0.1844  1.000e-12  0.8159000    34.9601    34.9603     0.0002    27.1176    27.1179     96.076     96.215      0.604    1487.04    1487.04  0.000e+00
      17082     97.500     8.7895     8.7920     0.0025    3.69581    3.69599          1     5.3958     5.1951      97.60     0.1100     0.2037  1.000e-12  0.8430000    34.9625    34.9621    -0.0005    27.1225    27.1217     96.572     96.711      0.406    1486.98    1486.99  0.000e+00
      17120     98.000     8.7745     8.7786     0.0041    3.69457    3.69487          1     5.4014     5.1832      60.37     0.0908     0.2328  1.000e-12  0.8386000    34.9641    34.9632    -0.0009    27.1261    27.1247     97.067     97.207      0.360    1486.93    1486.95  0.000e+00
      17145     98.500     8.7717     8.7699    -0.0017    3.69431    3.69411          1     5.3941     5.1817      89.24     0.1005     0.2319  1.000e-12  0.8230000    34.9639    34.9636    -0.0003    27.1264    27.1264     97.562     97.703      0.642    1486.93    1486.93  0.000e+00
      17160     99.000     8.7600     8.7611     0.0012    3.69330    3.69339          1     5.3990     5.1789      97.82     0.1033     0.2255  1.000e-12  0.8326000    34.9646    34.9644    -0.0003    27.1288    27.1284     98.057     98.199      0.768    1486.90    1486.90  0.000e+00
      17175     99.500     8.7539     8.7557     0.0017    3.69283    3.69294          1     5.4081     5.1781      97.62     0.1039     0.1931  1.000e-12  0.8110000    34.9654    34.9648    -0.0006    27.1303    27.1296     98.552     98.694      0.732    1486.88    1486.89  0.000e+00
      17194    100.000     8.7507     8.7532     0.0024    3.69259    3.69274          1     5.4150     5.1818      97.62     0.1084     0.1822  1.000e-12  0.7984000    34.9657    34.9650    -0.0007    27.1311    27.1302     99.047     99.190      0.519    1486.88    1486.89  0.000e+00
      17229    100.500     8.7407     8.7467     0.0060    3.69181    3.69225          1     5.3941     5.1778      69.08     0.1089     0.2430  1.000e-12  0.7026000    34.9672    34.9659    -0.0013    27.1339    27.1319     99.542     99.686      0.328    1486.85    1486.88  0.000e+00
      17259    101.000     8.7193     8.7215     0.0022    3.69009    3.69024          1     5.3562     5.1661      79.53     0.1146     0.1594  1.000e-12  0.6530000    34.9699    34.9694    -0.0005    27.1393    27.1386    100.037    100.182      0.570    1486.79    1486.79  0.000e+00
      17276    101.500     8.7040     8.7052     0.0013    3.68886    3.68892          1     5.3392     5.1585      97.89     0.1145     0.1762  1.000e-12  0.6927000    34.9718    34.9712    -0.0006    27.1432    27.1426    100.532    100.678      0.683    1486.74    1486.74  0.000e+00
      17294    102.000     8.6969     8.6990     0.0021    3.68828    3.68846          1     5.3567     5.1560      97.64     0.1050     0.1980  1.000e-12  0.7159000    34.9725    34.9724    -0.0001    27.1449    27.1445    101.028    101.173      0.613    1486.72    1486.73  0.000e+00
      17319    102.500     8.6740     8.6760     0.0019    3.68651    3.68660          1     5.3600     5.1506      97.63     0.0925     0.2144  1.000e-12  0.7183000    34.9762    34.9752    -0.0010    27.1515    27.1504    101.523    101.669      0.403    1486.65    1486.66  0.000e+00
      17353    103.000     8.6350     8.6476     0.0125    3.68332    3.68433          1     5.3114     5.1217      46.47     0.0932     0.2231  1.000e-12  0.6589000    34.9809    34.9790    -0.0019    27.1613    27.1578    102.018    102.165      0.437    1486.52    1486.56  0.000e+00
      17374    103.500     8.5792     8.5844     0.0055    3.67882    3.67936          1     5.2906     5.0960      90.35     0.0988     0.2255  1.000e-12  0.6496000    34.9882    34.9888     0.0005    27.1758    27.1754    102.513    102.661      0.680    1486.33    1486.35  0.000e+00
      17390    104.000     8.5740     8.5795     0.0055    3.67852    3.67891          1     5.2876     5.0841      97.51     0.1064     0.2224  1.000e-12  0.6478000    34.9899    34.9886    -0.0012    27.1779    27.1760    103.008    103.157      0.777    1486.32    1486.34  0.000e+00
      17405    104.500     8.5716     8.5737     0.0022    3.67835    3.67852          1     5.2816     5.0865      97.31     0.0825     0.1696  1.000e-12  0.5971000    34.9903    34.9900    -0.0003    27.1786    27.1780    103.503    103.652      0.727    1486.32    1486.33  0.000e+00
      17424    105.000     8.5767     8.5783     0.0016    3.67876    3.67885          1     5.2717     5.0880      97.64     0.1005     0.2188  1.000e-12  0.6110000    34.9893    34.9887    -0.0006    27.1770    27.1763    103.998    104.148      0.512    1486.35    1486.35  0.000e+00
      17457    105.500     8.5672     8.5625    -0.0047    3.67815    3.67748          1     5.2779     5.0698      70.55     0.1070     0.2322  1.000e-12  0.6157000    34.9920    34.9896    -0.0024    27.1806    27.1794    104.493    104.644      0.340    1486.32    1486.30  0.000e+00
      17489    106.000     8.5210     8.4977    -0.0232    3.67420    3.67247          1     5.2477     5.0337      71.52     0.0808     0.1924  1.000e-12  0.6118000    34.9958    35.0005     0.0047    27.1908    27.1981    104.988    105.140      0.480    1486.16    1486.08  0.000e+00
      17511    106.500     8.4794     8.4713    -0.0081    3.67095    3.67032          1     5.2127     5.0178      95.03     0.0927     0.1684  1.000e-12  0.5471000    35.0023    35.0036     0.0013    27.2024    27.2047    105.483    105.636      0.544    1486.03    1486.00  0.000e+00
      17533    107.000     8.4612     8.4617     0.0005    3.66947    3.66948          1     5.2097     5.0164      96.70     0.0839     0.2083  1.000e-12  0.5663000    35.0044    35.0041    -0.0003    27.2069    27.2065    105.979    106.131      0.508    1485.97    1485.97  0.000e+00
      17558    107.500     8.4525     8.4534     0.0009    3.66874    3.66878          1     5.2074     5.0105      97.69     0.0729     0.2328  1.000e-12  0.5616000    35.0050    35.0045    -0.0005    27.2087    27.2082    106.474    106.627      0.516    1485.95    1485.95  0.000e+00
      17579    108.000     8.4461     8.4464     0.0003    3.66821    3.66822          1     5.1967     5.0045      97.69     0.0720     0.2385  1.000e-12  0.5692000    35.0055    35.0053    -0.0002    27.2100    27.2098    106.969    107.123      0.645    1485.93    1485.93  0.000e+00
      17596    108.500     8.4158     8.4180     0.0022    3.66548    3.66562          1     5.1917     5.0095      97.71     0.0730     0.2478  1.000e-12  0.5732000    35.0063    35.0057    -0.0006    27.2154    27.2146    107.464    107.619      0.752    1485.83    1485.83  0.000e+00
      17611    109.000     8.3838     8.3865     0.0027    3.66274    3.66291          1     5.2007     5.0124      97.71     0.1054     0.2366  1.000e-12  0.5516000    35.0088    35.0079    -0.0009    27.2223    27.2212    107.959    108.115      0.741    1485.72    1485.73  0.000e+00
      17629    109.500     8.3717     8.3741     0.0025    3.66175    3.66193          1     5.2099     5.0153      91.94     0.0858     0.2220  1.000e-12  0.5374000    35.0101    35.0095    -0.0006    27.2252    27.2243    108.454    108.610      0.529    1485.68    1485.69  0.000e+00
      17680    110.000     8.3637     8.3633    -0.0003    3.66120    3.66110          1     5.2042     5.0116      98.05     0.0776     0.2070  1.000e-12  0.5048000    35.0118    35.0112    -0.0006    27.2278    27.2273    108.949    109.106      0.332    1485.66    1485.66  0.000e+00
      17710    110.500     8.3445     8.3455     0.0010    3.65951    3.65963          1     5.1880     5.0039      97.75     0.0835     0.2302  1.000e-12  0.4995000    35.0128    35.0130     0.0002    27.2315    27.2315    109.444    109.602      0.738    1485.60    1485.60  0.000e+00
      17723    111.000     8.3246     8.3290     0.0044    3.65780    3.65813          1     5.1838     4.9989      97.76     0.0818     0.2072  1.000e-12  0.4979000    35.0141    35.0133    -0.0008    27.2356    27.2343    109.939    110.098      0.905    1485.54    1485.55  0.000e+00
