ctdpy/exports/archive_20191120_135557/received_data/SBE09_0827_20181012_0726_26_01_1078.cnv
* Sea-Bird SBE 9 Data File:
* FileName = D:\CTD_SBE911\DAT\26DA.2018.10.78.hex
* Software Version Seasave V 7.21d
* Temperature SN = 4548
* Conductivity SN = 3062
* Number of Bytes Per Scan = 48
* Number of Voltage Words = 5
* Number of Scans Averaged by the Deck Unit = 1
* NMEA Latitude = 56 04.55 N
* NMEA Longitude = 017 47.06 E
* NMEA UTC (Time) = Oct 12 2018  07:29:06
* NMEA baud rate = 4800
** Ship: DANA
** Average sound velocity: 1451.97 m/s
** True-depth calculation Thu, 28 Mar 2019 12:27:34 +0000
** CTD Python Module SMHI /ver 3-12/ feb 2012 
** LIMS Job: 20182601-1078
** Operator: Christian
** Cruise: 10/2018
# nquan = 26
# nvalues = 122                         
# units = specified
# name 0 = scan: Scan Count
# name 1 = prDM: Pressure, Digiquartz [db]
# name 2 = t090C: Temperature [ITS-90, deg C]
# name 3 = t190C: Temperature, 2 [ITS-90, deg C]
# name 4 = T2-T190C: Temperature Difference, 2 - 1 [ITS-90, deg C]
# name 5 = c0S/m: Conductivity [S/m]
# name 6 = c1S/m: Conductivity, 2 [S/m]
# name 7 = pumps: Pump Status
# name 8 = sbeox1ML/L: Oxygen, SBE 43, 2 [ml/l]
# name 9 = sbeox0ML/L: Oxygen, SBE 43 [ml/l]
# name 10 = altM: Altimeter [m]
# name 11 = chloroflTC0: Chlorophyll, Turner Cyclops [ug/l]
# name 12 = cpar: CPAR/Corrected Irradiance [%]
# name 13 = par: PAR/Irradiance, Biospherical/Lico [µE/(cm^2*s)]
# name 14 = spar: SPAR, Biospherical/Licor
# name 15 = sal00: Salinity, Practical [PSU]
# name 16 = sal11: Salinity, Practical, 2 [PSU]
# name 17 = secS-priS: Salinity, Practical, Difference, 2 - 1 [PSU]
# name 18 = sigma-t00: Density [sigma-t, kg/m^3 ]
# name 19 = sigma-t11: Density, 2 [sigma-t, kg/m^3 ]
# name 20 = depSM: Depth [salt water, m], lat = 56.0758
# name 21 = depFM: Depth [true depth, m], lat = 56.0758
# name 22 = dz/dtM: Descent Rate [m/s], WS = 2
# name 23 = svCM: Sound Velocity [Chen-Millero, m/s]
# name 24 = svCM1: Sound Velocity, 2 [Chen-Millero, m/s]
# name 25 = flag: flag
# span 0 =        138,       6322       
# span 1 =      1.500,     62.000       
# span 2 =     4.3062,    10.4549       
# span 3 =     4.2980,    10.4556       
# span 4 =    -0.3271,     0.1541       
# span 5 =   0.809038,   0.936183       
# span 6 =   0.809009,   0.936688       
# span 7 =          1,          1       
# span 8 =     3.6571,     7.4078       
# span 9 =     3.3538,     6.9338       
# span 10 =       0.49,       9.99      
# span 11 =     0.0168,     0.0308      
# span 12 = 7.8707e-14, 5.7120e+00      
# span 13 = 1.0000e-12, 7.0460e+01      
# span 14 = 1.2291e+03, 1.2705e+03      
# span 15 =     7.2979,     8.4992      
# span 16 =     7.2980,     8.5027      
# span 17 =    -0.0032,     0.0278      
# span 18 =     5.3504,     6.7398      
# span 19 =     5.3503,     6.7425      
# span 20 =      1.486,     61.426      
# span 21 =      1.520,     62.796      
# span 22 =     -0.476,      0.479      
# span 23 =    1433.74,    1458.37      
# span 24 =    1433.72,    1458.37      
# span 25 = 0.0000e+00, 0.0000e+00      
# interval = decibars: 0.5              
# start_time = Oct 12 2018 07:29:06 [NMEA time, first data scan]
# bad_flag = -9.990e-29
*END*
[from data line 56]
       2869     29.500    10.3265    10.3203    -0.0062    0.91354    0.91345          1     7.3299     6.8733       9.97     0.0279  8.043e-14  1.000e-12  1.243e+03     7.2990     7.2995     0.0005     5.3656     5.3667     29.229     29.887      0.247    1458.01    1457.98  0.000e+00
       2917     30.000    10.2740    10.2632    -0.0108    0.91238    0.91222          1     7.2936     6.8579       9.97     0.0269  8.027e-14  1.000e-12  1.246e+03     7.2995     7.3004     0.0009     5.3718     5.3737     29.725     30.393      0.280    1457.81    1457.77  0.000e+00
       2956     30.500    10.1982    10.1874    -0.0108    0.91078    0.91063          1     7.2543     6.8333       9.97     0.0275  7.999e-14  1.000e-12  1.250e+03     7.3009     7.3017     0.0009     5.3811     5.3830     30.220     30.900      0.307    1457.53    1457.49  0.000e+00
       2999     31.000    10.0540    10.0066    -0.0473    0.90841    0.90793          1     7.1385     6.7599       9.97     0.0272  8.019e-14  1.000e-12  1.247e+03     7.3093     7.3147     0.0054     5.4034     5.4127     30.715     31.407      0.260    1456.99    1456.81  0.000e+00
       3048     31.500     9.7954     9.7863    -0.0091    0.90494    0.90506          1     7.0732     6.6695       9.97     0.0257  8.008e-14  1.000e-12  1.249e+03     7.3313     7.3342     0.0029     5.4479     5.4512     31.211     31.913      0.230    1456.01    1455.98  0.000e+00
       3104     32.000     9.6292     9.6214    -0.0077    0.90605    0.90640          1     7.2698     6.7477       9.97     0.0252  8.024e-14  1.000e-12  1.246e+03     7.3747     7.3794     0.0047     5.4990     5.5035     31.706     32.420      0.226    1455.42    1455.40  0.000e+00
       3147     32.500     9.6686     9.6720     0.0034    0.91062    0.91171          1     7.4014     6.8928       9.97     0.0264  8.043e-14  1.000e-12  1.243e+03     7.4067     7.4155     0.0088     5.5198     5.5263     32.202     32.926      0.315    1455.62    1455.65  0.000e+00
       3191     33.000     9.7103     9.7178     0.0075    0.91506    0.91648          1     7.3863     6.9094       9.97     0.0283  8.022e-14  1.000e-12  1.246e+03     7.4369     7.4478     0.0109     5.5391     5.5468     32.697     33.432      0.237    1455.83    1455.87  0.000e+00
       3242     33.500     9.7421     9.7472     0.0051    0.91846    0.91907          1     7.3695     6.9018       9.97     0.0297  8.018e-14  1.000e-12  1.247e+03     7.4600     7.4643     0.0043     5.5537     5.5565     33.192     33.939      0.289    1455.99    1456.02  0.000e+00
       3277     34.000     9.7665     9.7680     0.0016    0.92139    0.92171          1     7.3448     6.8899       9.97     0.0296  8.003e-14  1.000e-12  1.250e+03     7.4805     7.4830     0.0025     5.5671     5.5689     33.688     34.445      0.333    1456.12    1456.13  0.000e+00
       3322     34.500     9.7647     9.7660     0.0013    0.92159    0.92210          1     7.3328     6.8827       9.97     0.0298  8.011e-14  1.000e-12  1.248e+03     7.4826     7.4868     0.0042     5.5689     5.5721     34.183     34.952      0.230    1456.12    1456.14  0.000e+00
       3374     35.000     9.7615     9.7615    -0.0000    0.92216    0.92222          1     7.3370     6.8840       9.97     0.0301  8.011e-14  1.000e-12  1.248e+03     7.4881     7.4887     0.0006     5.5736     5.5741     34.678     35.458      0.250    1456.13    1456.13  0.000e+00
       3422     35.500     9.7605     9.7595    -0.0010    0.92240    0.92245          1     7.3337     6.8678       9.97     0.0305  8.017e-14  1.000e-12  1.247e+03     7.4904     7.4911     0.0007     5.5755     5.5761     35.174     35.965      0.251    1456.13    1456.13  0.000e+00
       3465     36.000     9.7563     9.7576     0.0013    0.92298    0.92329          1     7.3325     6.8716       9.97     0.0302  8.025e-14  1.000e-12  1.246e+03     7.4963     7.4987     0.0024     5.5805     5.5822     35.669     36.471      0.307    1456.13    1456.14  0.000e+00
       3509     36.500     9.7707     9.7738     0.0031    0.92446    0.92491          1     7.3066     6.8539       9.97     0.0303  8.003e-14  1.000e-12  1.250e+03     7.5062     7.5095     0.0032     5.5867     5.5889     36.164     36.978      0.232    1456.21    1456.23  0.000e+00
       3561     37.000     9.7832     9.7864     0.0032    0.92582    0.92600          1     7.2880     6.8304       9.97     0.0296  8.015e-14  1.000e-12  1.248e+03     7.5154     7.5164     0.0010     5.5926     5.5930     36.660     37.484      0.298    1456.28    1456.29  0.000e+00
       3595     37.500     9.8070     9.8136     0.0067    0.92715    0.92745          1     7.2662     6.8243       9.97     0.0293  7.998e-14  1.000e-12  1.250e+03     7.5221     7.5233     0.0012     5.5952     5.5955     37.155     37.990      0.345    1456.39    1456.41  0.000e+00
       3640     38.000     9.8315     9.8484     0.0168    0.92844    0.92929          1     7.2615     6.8051       9.97     0.0295  7.989e-14  1.000e-12  1.252e+03     7.5281     7.5321     0.0040     5.5974     5.5987     37.651     38.497      0.212    1456.50    1456.57  0.000e+00
       3703     38.500     9.8810     9.8979     0.0169    0.93144    0.93211          1     7.2513     6.7923       9.97     0.0299  8.028e-14  1.000e-12  1.246e+03     7.5440     7.5463     0.0023     5.6045     5.6044     38.146     39.003      0.306    1456.72    1456.79  0.000e+00
       3737     39.000     9.9206     9.9273     0.0067    0.93337    0.93364          1     7.2352     6.7827       9.97     0.0300  8.008e-14  1.000e-12  1.249e+03     7.5525     7.5534     0.0009     5.6069     5.6069     38.641     39.510      0.323    1456.89    1456.92  0.000e+00
       3785     39.500     9.9250     9.9327     0.0077    0.93361    0.93397          1     7.2294     6.7786       9.97     0.0301  8.008e-14  1.000e-12  1.249e+03     7.5536     7.5551     0.0015     5.6073     5.6076     39.137     40.016      0.213    1456.92    1456.95  0.000e+00
       3837     40.000     9.9396     9.9445     0.0048    0.93444    0.93457          1     7.2315     6.7686       9.97     0.0299  8.008e-14  1.000e-12  1.249e+03     7.5577     7.5579     0.0002     5.6089     5.6085     39.632     40.523      0.293    1456.99    1457.01  0.000e+00
       3872     40.500     9.9548     9.9606     0.0059    0.93520    0.93539          1     7.2266     6.7684       9.97     0.0291  7.986e-14  1.000e-12  1.252e+03     7.5611     7.5616     0.0004     5.6099     5.6096     40.127     41.029      0.367    1457.06    1457.08  0.000e+00
       3907     41.000     9.9746     9.9865     0.0119    0.93618    0.93669          1     7.2308     6.7748       9.97     0.0288  7.983e-14  1.000e-12  1.253e+03     7.5655     7.5674     0.0019     5.6112     5.6114     40.623     41.535      0.260    1457.15    1457.20  0.000e+00
       3977     41.500     9.9615     9.9523    -0.0092    0.93573    0.93552          1     7.2340     6.7811       9.97     0.0296  7.996e-14  1.000e-12  1.251e+03     7.5643     7.5644     0.0001     5.6116     5.6127     41.118     42.042      0.264    1457.11    1457.07  0.000e+00
       4014     42.000     9.8828     9.8661    -0.0167    0.93309    0.93263          1     7.2243     6.7621       9.97     0.0305  7.999e-14  1.000e-12  1.250e+03     7.5576     7.5570    -0.0005     5.6149     5.6162     41.613     42.548      0.349    1456.80    1456.73  0.000e+00
       4060     42.500     9.7940     9.7325    -0.0618    0.93023    0.92851          1     7.2327     6.7568       9.97     0.0288  8.011e-14  1.000e-12  1.248e+03     7.5511     7.5488    -0.0023     5.6192     5.6238     42.109     43.055      0.231    1456.45    1456.21  0.000e+00
       4118     43.000     9.6185     9.5337    -0.0846    0.92470    0.92265          1     7.2111     6.7257       9.97     0.0271  8.000e-14  1.000e-12  1.250e+03     7.5392     7.5389    -0.0003     5.6282     5.6366     42.604     43.561      0.374    1455.76    1455.42  0.000e+00
       4145     43.500     9.4403     9.3233    -0.1172    0.91934    0.91644          1     7.2099     6.7093       9.97     0.0269  7.974e-14  1.000e-12  1.254e+03     7.5293     7.5282    -0.0010     5.6385     5.6494     43.099     44.068      0.377    1455.05    1454.59  0.000e+00
       4209     44.000     9.1656     9.0144    -0.1507    0.91131    0.90738          1     7.1778     6.7457       9.97     0.0262  7.995e-14  1.000e-12  1.251e+03     7.5158     7.5126    -0.0032     5.6551     5.6672     43.595     44.574      0.268    1453.96    1453.35  0.000e+00
       4251     44.500     8.8827     8.7807    -0.1019    0.90247    0.90005          1     7.1655     6.7079       9.97     0.0247  7.983e-14  1.000e-12  1.253e+03     7.4964     7.4962    -0.0002     5.6669     5.6762     44.090     45.080      0.381    1452.81    1452.40  0.000e+00
       4288     45.000     8.6557     8.5077    -0.1482    0.89590    0.89239          1     7.1722     6.7175       9.97     0.0237  7.983e-14  1.000e-12  1.253e+03     7.4853     7.4849    -0.0004     5.6792     5.6921     44.585     45.587      0.236    1451.90    1451.30  0.000e+00
       4354     45.500     8.3454     8.2523    -0.0925    0.88793    0.88619          1     7.1296     6.7075       9.97     0.0227  7.989e-14  1.000e-12  1.252e+03     7.4789     7.4829     0.0040     5.7014     5.7126     45.081     46.093      0.241    1450.64    1450.27  0.000e+00
       4392     46.000     8.0788     7.9900    -0.0890    0.88152    0.88036          1     7.0249     6.6382       9.97     0.0230  7.980e-14  1.000e-12  1.253e+03     7.4771     7.4855     0.0084     5.7226     5.7364     45.576     46.600      0.350    1449.56    1449.21  0.000e+00
       4429     46.500     7.6107     7.2841    -0.3271    0.87009    0.86370          1     6.9198     6.5383       9.97     0.0220  7.971e-14  1.000e-12  1.255e+03     7.4720     7.4829     0.0109     5.7554     5.7879     46.071     47.106      0.268    1447.64    1446.30  0.000e+00
       4491     47.000     7.0091     6.8929    -0.1153    0.85678    0.85502          1     6.8211     6.4580       9.97     0.0207  7.982e-14  1.000e-12  1.253e+03     7.4777     7.4865     0.0087     5.8035     5.8183     46.567     47.612      0.244    1445.16    1444.68  0.000e+00
       4531     47.500     6.7935     6.7196    -0.0738    0.85268    0.85197          1     6.8227     6.4331       9.97     0.0204  7.971e-14  1.000e-12  1.255e+03     7.4860     7.4954     0.0095     5.8245     5.8368     47.062     48.119      0.327    1444.27    1443.97  0.000e+00
       4579     48.000     6.6756     6.5540    -0.1216    0.85076    0.84892          1     6.8416     6.4379       9.97     0.0195  7.974e-14  1.000e-12  1.254e+03     7.4934     7.5026     0.0092     5.8380     5.8528     47.557     48.625      0.203    1443.79    1443.29  0.000e+00
       4636     48.500     6.2182     6.0421    -0.1759    0.84219    0.84043          1     6.7126     6.3746       9.97     0.0195  7.993e-14  1.000e-12  1.251e+03     7.5122     7.5343     0.0220     5.8802     5.9074     48.053     49.131      0.290    1441.88    1441.16  0.000e+00
       4674     49.000     5.5795     5.3390    -0.2410    0.82898    0.82501          1     6.6336     6.3008       9.97     0.0197  7.971e-14  1.000e-12  1.254e+03     7.5262     7.5412     0.0150     5.9248     5.9475     48.548     49.638      0.286    1439.16    1438.13  0.000e+00
       4725     49.500     5.0200     4.8672    -0.1528    0.81539    0.81298          1     6.7203     6.3703       9.97     0.0190  7.979e-14  1.000e-12  1.253e+03     7.5182     7.5289     0.0106     5.9433     5.9579     49.043     50.144      0.216    1436.72    1436.06  0.000e+00
       4776     50.000     4.7742     4.7339    -0.0402    0.81093    0.81093          1     6.7444     6.3636       9.97     0.0182  7.972e-14  1.000e-12  1.254e+03     7.5295     7.5386     0.0091     5.9618     5.9705     49.539     50.650      0.284    1435.66    1435.49  0.000e+00
       4814     50.500     4.7107     4.6663    -0.0442    0.81048    0.81049          1     6.7308     6.3375       9.97     0.0182  7.968e-14  1.000e-12  1.255e+03     7.5394     7.5496     0.0102     5.9719     5.9816     50.034     51.156      0.300    1435.40    1435.22  0.000e+00
       4868     51.000     4.6619     4.6086    -0.0531    0.81133    0.81122          1     6.6765     6.2910       9.97     0.0179  7.974e-14  1.000e-12  1.254e+03     7.5590     7.5700     0.0110     5.9892     5.9998     50.529     51.663      0.198    1435.21    1434.99  0.000e+00
       4923     51.500     4.5406     4.5222    -0.0185    0.81043    0.81077          1     6.6337     6.2497       9.97     0.0172  7.961e-14  1.000e-12  1.256e+03     7.5776     7.5853     0.0077     6.0081     6.0148     51.025     52.169      0.294    1434.71    1434.64  0.000e+00
       4961     52.000     4.4656     4.4277    -0.0378    0.81013    0.81006          1     6.6102     6.2277       9.97     0.0171  7.991e-14  1.000e-12  1.252e+03     7.5918     7.5998     0.0081     6.0217     6.0293     51.520     52.675      0.279    1434.40    1434.24  0.000e+00
       5025     52.500     4.3668     4.3372    -0.0299    0.80904    0.80901          1     6.5544     6.1872       9.97     0.0171  7.964e-14  1.000e-12  1.256e+03     7.6035     7.6100     0.0065     6.0341     6.0402     52.015     53.181      0.269    1433.98    1433.86  0.000e+00
       5065     53.000     4.3062     4.2980    -0.0082    0.80925    0.80983          1     6.5273     6.1574       9.97     0.0171  7.972e-14  1.000e-12  1.254e+03     7.6196     7.6274     0.0078     6.0488     6.0552     52.511     53.687      0.410    1433.74    1433.72  0.000e+00
       5096     53.500     4.4041     4.4955     0.0916    0.81373    0.81692          1     6.4353     6.0943       9.86     0.0171  7.980e-14  1.000e-12  1.253e+03     7.6421     7.6530     0.0109     6.0636     6.0693     53.006     54.194      0.294    1434.22    1434.64  0.000e+00
       5165     54.000     4.8565     5.0108     0.1541    0.83080    0.83552          1     6.2907     5.9378       9.32     0.0171  7.927e-14  1.000e-12  1.261e+03     7.7082     7.7194     0.0112     6.1000     6.1029     53.501     54.700      0.275    1436.31    1437.01  0.000e+00
       5201     54.500     5.2254     5.2652     0.0398    0.84545    0.84738          1     5.9848     5.7254       8.81     0.0174  7.953e-14  1.000e-12  1.257e+03     7.7680     7.7778     0.0098     6.1324     6.1384     53.997     55.206      0.307    1438.02    1438.20  0.000e+00
       5255     55.000     5.1309     5.0578    -0.0727    0.84680    0.84721          1     5.7965     5.5059       8.23     0.0181  7.956e-14  1.000e-12  1.257e+03     7.8033     7.8245     0.0212     6.1644     6.1841     54.492     55.712      0.197    1437.66    1437.36  0.000e+00
       5312     55.500     4.8532     4.8396    -0.0140    0.84918    0.84944          1     5.6086     5.3911       7.73     0.0175  7.962e-14  1.000e-12  1.256e+03     7.8924     7.8982     0.0058     6.2463     6.2514     54.987     56.218      0.251    1436.56    1436.50  0.000e+00
       5356     56.000     4.7079     4.6555    -0.0523    0.85799    0.85912          1     5.2391     5.1136       7.23     0.0172  7.963e-14  1.000e-12  1.256e+03     8.0154     8.0396     0.0241     6.3492     6.3702     55.483     56.724      0.271    1436.08    1435.88  0.000e+00
       5404     56.500     4.5031     4.4496    -0.0534    0.86354    0.86498          1     4.9407     4.7712       6.72     0.0171  7.962e-14  1.000e-12  1.256e+03     8.1213     8.1491     0.0278     6.4404     6.4642     55.978     57.230      0.235    1435.32    1435.12  0.000e+00
