ctdpy/exports/archive_20191120_135557/received_data/SBE09_1044_20180320_0344_34_02_0076.cnv
* Sea-Bird SBE 9 Data File:
* FileName = C:\ctd\temp\2018\ME18D076.hex
* Software Version Seasave V 7.26.6.26
* Temperature SN = 5351
* Conductivity SN = 3941
* Number of Bytes Per Scan = 41
* Number of Voltage Words = 4
* Number of Scans Averaged by the Deck Unit = 1
* NMEA Latitude = 58 17.05 N
* NMEA Longitude = 010 30.25 E
* NMEA UTC (Time) = Mar 20 2018  03:44:58
* NMEA baud rate = 4800
** Station:  Å17
** Operator:  MHan
** Ship: MERI
** Average sound velocity: 1480.35 m/s
** True-depth calculation Tue, 20 Mar 2018 04:54:03 +0000
** CTD Python Module SMHI /ver 3-12/ feb 2012 
** LIMS Job: 20183402-0076
** Cruise: SMHI-02-2018
** Latitude [GG MM.mm N] :
** Longitude [GG MM.mm E]:
# nquan = 26
# nvalues = 707                         
# units = specified
# name 0 = scan: Scan Count
# name 1 = prDM: Pressure, Digiquartz [db]
# name 2 = t090C: Temperature [ITS-90, deg C]
# name 3 = t190C: Temperature, 2 [ITS-90, deg C]
# name 4 = T2-T190C: Temperature Difference, 2 - 1 [ITS-90, deg C]
# name 5 = c0S/m: Conductivity [S/m]
# name 6 = c1S/m: Conductivity, 2 [S/m]
# name 7 = pumps: Pump Status
# name 8 = sbeox0ML/L: Oxygen, SBE 43 [ml/l]
# name 9 = sbeox1ML/L: Oxygen, SBE 43, 2 [ml/l]
# name 10 = altM: Altimeter [m]
# name 11 = flECO-AFL: Chl-a Fluorescence, WET Labs ECO-AFL/FL [mg/m^3]
# name 12 = flECO-AFL1: Phycocyanin Fluorescence, WET Labs ECO-AFL/FL, 2 [mg/m^3]
# name 13 = par: PAR/Irradiance, Biospherical/Lico [µE/(cm^2*s)]
# name 14 = turbWETntu0: Turbidity, WET Labs ECO [NTU]
# name 15 = sal00: Salinity, Practical [PSU]
# name 16 = sal11: Salinity, Practical, 2 [PSU]
# name 17 = secS-priS: Salinity, Practical, Difference, 2 - 1 [PSU]
# name 18 = sigma-t00: Density [sigma-t, Kg/m^3 ]
# name 19 = sigma-t11: Density, 2 [sigma-t, Kg/m^3 ]
# name 20 = depSM: Depth [salt water, m], lat = 58.2842
# name 21 = depFM: Depth [true depth, m], lat = 58.2842
# name 22 = dz/dtM: Descent Rate [m/s], WS = 2
# name 23 = svCM: Sound Velocity [Chen-Millero, m/s]
# name 24 = svCM1: Sound Velocity, 2 [Chen-Millero, m/s]
# name 25 = flag: flag
# span 0 =      11740,      25956       
# span 1 =      0.500,    353.500       
# span 2 =     0.1024,     8.0467       
# span 3 =     0.1030,     8.0469       
# span 4 =    -0.0391,     0.0570       
# span 5 =   2.175388,   3.636799       
# span 6 =   2.174496,   3.636841       
# span 7 =          1,          1       
# span 8 =    5.48004,    9.04617       
# span 9 =    5.48342,    9.05992       
# span 10 =       1.57,      98.77      
# span 11 =    -0.0081,    10.0821      
# span 12 =     0.1285,     1.7596      
# span 13 = -2.729e-07, 3.4097e-01      
# span 14 =     0.1425,     2.9453      
# span 15 =    25.4009,    35.0992      
# span 16 =    25.3869,    35.0992      
# span 17 =    -0.0406,     0.0826      
# span 18 =    20.3617,    27.4867      
# span 19 =    20.3505,    27.4866      
# span 20 =      0.495,    349.916      
# span 21 =      0.499,    350.615      
# span 22 =     -0.400,      1.147      
# span 23 =    1436.83,    1485.14      
# span 24 =    1436.83,    1485.14      
# span 25 = 0.0000e+00, 0.0000e+00      
# interval = decibars: 0.5              
# start_time = Mar 20 2018 03:44:58 [NMEA time, first data scan]
# bad_flag = -9.990e-29
*END*
      11740      0.500     0.1113     0.1088    -0.0024    2.17575    2.17450          1     9.0375     9.0369      20.67     9.4345     1.7051  3.410e-01  2.9453000    25.4009    25.3869    -0.0140    20.3617    20.3505      0.495      0.499      0.273    1436.86    1436.83  0.000e+00
      11846      1.000     0.1050     0.1059     0.0008    2.17541    2.17535          1     9.0462     9.0435      95.38     9.6046     1.7113  3.081e-01  1.1884000    25.4014    25.4001    -0.0013    20.3623    20.3612      0.991      0.998      0.419    1436.83    1436.84  0.000e+00
      11901      1.500     0.1055     0.1074     0.0019    2.17548    2.17552          1     9.0458     9.0480      98.71     9.3825     1.7048  5.718e-02  1.1723000    25.4018    25.4007    -0.0010    20.3625    20.3616      1.486      1.497      0.647    1436.84    1436.85  0.000e+00
      11919      2.000     0.1061     0.1065     0.0005    2.17553    2.17551          1     9.0443     9.0549      98.71     9.4705     1.7036  3.973e-02  0.9215000    25.4018    25.4010    -0.0007    20.3625    20.3619      1.981      1.996      0.552    1436.85    1436.86  0.000e+00
      11945      2.500     0.1053     0.1061     0.0008    2.17550    2.17550          1     9.0441     9.0554      98.71     9.8532     1.7404  1.088e-03  0.9457000    25.4017    25.4010    -0.0007    20.3625    20.3619      2.477      2.496      0.455    1436.86    1436.86  0.000e+00
      11972      3.000     0.1047     0.1052     0.0005    2.17546    2.17544          1     9.0391     9.0559      98.71     9.9808     1.6928  1.789e-04  0.9614000    25.4015    25.4008    -0.0007    20.3623    20.3618      2.972      2.995      0.410    1436.87    1436.87  0.000e+00
      12002      3.500     0.1045     0.1047     0.0002    2.17547    2.17543          1     9.0388     9.0599      98.71     9.8476     1.6240  3.526e-06  0.8198000    25.4016    25.4009    -0.0007    20.3624    20.3618      3.467      3.494      0.468    1436.87    1436.87  0.000e+00
      12024      4.000     0.1046     0.1051     0.0004    2.17551    2.17547          1     9.0365     9.0540      98.71     9.5045     1.6415  1.212e-08  0.9063000    25.4017    25.4008    -0.0009    20.3625    20.3618      3.963      3.993      0.539    1436.88    1436.88  0.000e+00
      12047      4.500     0.1039     0.1039    -0.0000    2.17548    2.17542          1     9.0370     9.0505      98.71     9.7891     1.6940  1.000e-12  0.9067000    25.4016    25.4009    -0.0007    20.3624    20.3619      4.458      4.492      0.525    1436.89    1436.88  0.000e+00
      12070      5.000     0.1024     0.1030     0.0006    2.17539    2.17537          1     9.0291     9.0477      98.71     9.9179     1.7596  1.000e-12  0.8829000    25.4015    25.4008    -0.0007    20.3624    20.3618      4.954      4.991      0.547    1436.89    1436.89  0.000e+00
      12090      5.500     0.1029     0.1040     0.0011    2.17546    2.17547          1     9.0230     9.0485      98.71    10.0464     1.6459  1.000e-12  0.9214000    25.4018    25.4010    -0.0008    20.3626    20.3619      5.449      5.490      0.614    1436.90    1436.90  0.000e+00
      12109      6.000     0.1032     0.1047     0.0015    2.17550    2.17555          1     9.0194     9.0503      98.71    10.0821     1.6227  1.000e-12  0.9665000    25.4018    25.4012    -0.0006    20.3626    20.3621      5.944      5.989      0.615    1436.91    1436.91  0.000e+00
      12130      6.500     0.1046     0.1060     0.0014    2.17559    2.17565          1     9.0159     9.0533      98.71     9.7518     1.6435  1.000e-12  0.9570000    25.4015    25.4011    -0.0004    20.3623    20.3620      6.439      6.488      0.551    1436.92    1436.93  0.000e+00
      12153      7.000     0.1057     0.1062     0.0005    2.17571    2.17568          1     9.0146     9.0537      98.71     9.8780     1.7037  1.000e-12  0.8475000    25.4020    25.4011    -0.0009    20.3627    20.3620      6.935      6.987      0.502    1436.94    1436.94  0.000e+00
      12177      7.500     0.1032     0.1040     0.0008    2.17551    2.17551          1     9.0111     9.0509      98.71     9.5192     1.6584  1.000e-12  0.8728000    25.4013    25.4006    -0.0007    20.3622    20.3616      7.430      7.487      0.505    1436.93    1436.93  0.000e+00
      12200      8.000     0.1055     0.1070     0.0016    2.17578    2.17586          1     9.0103     9.0445      98.71     9.6204     1.5684  1.000e-12  0.7710000    25.4025    25.4022    -0.0003    20.3631    20.3629      7.926      7.986      0.555    1436.95    1436.96  0.000e+00
      12221      8.500     0.1085     0.1110     0.0025    2.17604    2.17622          1     8.9993     9.0468      98.71     9.6608     1.6204  1.000e-12  0.8198000    25.4032    25.4033     0.0002    20.3636    20.3637      8.421      8.485      0.619    1436.97    1436.99  0.000e+00
      12239      9.000     0.1094     0.1115     0.0020    2.17615    2.17627          1     8.9933     9.0478      98.71     9.6807     1.6655  1.000e-12  0.8753000    25.4035    25.4034    -0.0001    20.3638    20.3637      8.916      8.984      0.654    1436.99    1437.00  0.000e+00
      12257      9.500     0.1102     0.1115     0.0013    2.17621    2.17627          1     8.9911     9.0489      98.71     9.6968     1.6923  1.000e-12  0.9351000    25.4035    25.4031    -0.0003    20.3638    20.3635      9.412      9.483      0.619    1437.00    1437.00  0.000e+00
      12279     10.000     0.1110     0.1119     0.0009    2.17630    2.17631          1     8.9866     9.0427      98.71     9.7094     1.6559  1.000e-12  0.9089000    25.4037    25.4031    -0.0007    20.3640    20.3634      9.907      9.982      0.503    1437.01    1437.01  0.000e+00
      12307     10.500     0.1146     0.1157     0.0011    2.17678    2.17677          1     8.9842     9.0389      98.71    10.0464     1.6349  1.000e-12  0.9435000    25.4065    25.4056    -0.0009    20.3661    20.3653     10.402     10.481      0.389    1437.04    1437.04  0.000e+00
      12338     11.000     0.1295     0.1303     0.0007    2.17856    2.17858          1     8.9937     9.0312      98.71     9.7270     1.5562  1.000e-12  0.9054000    25.4167    25.4163    -0.0004    20.3740    20.3736     10.898     10.980      0.451    1437.13    1437.13  0.000e+00
      12361     11.500     0.1422     0.1423     0.0001    2.18021    2.18017          1     9.0045     9.0326      98.71     9.5099     1.5797  5.865e-06  0.9323000    25.4269    25.4263    -0.0006    20.3818    20.3813     11.393     11.479      0.627    1437.21    1437.21  0.000e+00
      12378     12.000     0.1751     0.1726    -0.0028    2.18463    2.18434          1     8.9806     9.0238      98.71     9.5626     1.5650  1.404e-05  1.0130000    25.4556    25.4540    -0.0016    20.4041    20.4029     11.888     11.979      0.755    1437.41    1437.40  0.000e+00
      12393     12.500     0.2193     0.2068    -0.0120    2.19001    2.18839          1     8.9432     8.9905      98.71     9.5643     1.5475 -2.729e-07  1.0037000    25.4873    25.4769    -0.0103    20.4285    20.4205     12.383     12.478      0.805    1437.67    1437.60  0.000e+00
      12407     13.000     0.2278     0.2295     0.0016    2.19084    2.19109          1     8.9044     8.9317      98.71     9.5643     1.5058  1.011e-12  0.9620000    25.4905    25.4922     0.0017    20.4309    20.4322     12.879     12.977      0.758    1437.72    1437.73  0.000e+00
      12425     13.500     0.2478     0.2499     0.0021    2.19278    2.19310          1     8.8825     8.8903      98.71     9.6762     1.5734  1.000e-12  1.0379000    25.4982    25.5006     0.0024    20.4366    20.4384     13.374     13.476      0.601    1437.83    1437.85  0.000e+00
      12452     14.000     0.3384     0.2992    -0.0391    2.20344    2.19930          1     8.7483     8.7462      98.71     9.6085     1.5178  1.000e-12  0.9987000    25.5580    25.5380    -0.0200    20.4821    20.4672     13.869     13.975      0.378    1438.34    1438.13  0.000e+00
      12489     14.500     0.6008     0.5674    -0.0332    2.24975    2.24437          1     8.4744     8.4312      98.71     8.5578     1.3122  1.000e-12  0.8239000    25.9239    25.8840    -0.0399    20.7683    20.7373     14.365     14.474      0.342    1440.06    1439.85  0.000e+00
      12519     15.000     1.0224     1.0175    -0.0052    2.34223    2.34164          1     8.3760     8.2470      98.71     8.0262     1.2146  1.000e-12  0.8962000    26.7258    26.7224    -0.0034    21.3963    21.3938     14.860     14.973      0.503    1443.07    1443.04  0.000e+00
      12540     15.500     1.4366     1.4272    -0.0092    2.44027    2.43810          1     8.1299     7.9859      98.71     7.0519     1.0830  1.000e-12  0.9117000    27.5871    27.5685    -0.0186    22.0683    22.0539     15.355     15.471      0.669    1446.10    1446.03  0.000e+00
      12556     16.000     1.9157     1.9066    -0.0092    2.54541    2.54414          1     7.8511     7.7081      98.71     5.4989     0.9187  1.000e-12  0.7306000    28.4551    28.4480    -0.0071    22.7363    22.7313     15.851     15.969      0.783    1449.40    1449.35  0.000e+00
      12570     16.500     2.2994     2.2938    -0.0057    2.62170    2.62123          1     7.7531     7.6105      98.71     4.8668     0.8354  1.000e-12  0.6829000    29.0426    29.0419    -0.0007    23.1826    23.1824     16.346     16.467      0.824    1451.88    1451.85  0.000e+00
      12584     17.000     2.3720     2.3680    -0.0040    2.63809    2.63730          1     7.7110     7.5724      98.71     2.5363     0.5760  1.000e-12  0.5460000    29.1755    29.1695    -0.0059    23.2839    23.2794     16.841     16.965      0.791    1452.38    1452.36  0.000e+00
      12600     17.500     2.5325     2.5167    -0.0162    2.67220    2.66809          1     7.5927     7.4938      98.71     2.5049     0.5345  1.000e-12  0.5541000    29.4412    29.4062    -0.0351    23.4849    23.4580     17.337     17.462      0.668    1453.44    1453.32  0.000e+00
      12623     18.000     3.1160     3.1008    -0.0150    2.78959    2.78502          1     7.4123     7.3504      98.71     2.1411     0.4833  1.000e-12  0.5283000    30.3121    30.2715    -0.0406    24.1352    24.1040     17.832     17.960      0.467    1457.11    1457.00  0.000e+00
      12655     18.500     3.3096     3.3245     0.0149    2.84163    2.84254          1     7.2050     7.1720      98.71     1.3762     0.3522  1.000e-12  0.4239000    30.7520    30.7487    -0.0033    24.4699    24.4660     18.327     18.457      0.370    1458.52    1458.58  0.000e+00
      12684     19.000     3.4216     3.4193    -0.0023    2.87133    2.87096          1     7.1199     7.1185      98.71     1.1155     0.3282  1.000e-12  0.4017000    30.9992    30.9970    -0.0022    24.6572    24.6557     18.823     18.954      0.554    1459.33    1459.32  0.000e+00
      12702     19.500     3.4566     3.4539    -0.0026    2.87941    2.87885          1     7.1403     7.1340      98.71     1.0650     0.3475  1.000e-12  0.4178000    31.0616    31.0576    -0.0040    24.7039    24.7009     19.318     19.451      0.765    1459.57    1459.55  0.000e+00
      12716     20.000     3.5627     3.5640     0.0012    2.90519    2.90502          1     7.1470     7.1298      98.71     1.0305     0.3617  1.000e-12  0.4313000    31.2660    31.2626    -0.0033    24.8571    24.8544     19.813     19.948      0.905    1460.29    1460.29  0.000e+00
      12728     20.500     3.6766     3.6773     0.0007    2.93132    2.93113          1     7.1418     7.1135      98.71     0.9419     0.3576  1.000e-12  0.4171000    31.4661    31.4631    -0.0030    25.0061    25.0037     20.309     20.445      0.982    1461.04    1461.04  0.000e+00
      12740     21.000     3.8138     3.8150     0.0013    2.96572    2.96543          1     7.1390     7.0979      98.71     0.8449     0.3090  1.000e-12  0.4000000    31.7399    31.7353    -0.0046    25.2113    25.2075     20.804     20.942      0.990    1461.99    1461.99  0.000e+00
      12752     21.500     3.8832     3.8842     0.0010    2.98280    2.98267          1     7.0768     7.0623      98.71     0.7715     0.2989  1.000e-12  0.4010000    31.8740    31.8715    -0.0025    25.3114    25.3093     21.299     21.438      0.924    1462.46    1462.46  0.000e+00
      12766     22.000     3.9471     3.9485     0.0015    2.99952    2.99945          1     7.0128     7.0149      98.71     0.6415     0.2425  1.000e-12  0.4000000    32.0086    32.0063    -0.0023    25.4123    25.4103     21.794     21.935      0.772    1462.91    1462.91  0.000e+00
      12785     22.500     3.9775     3.9815     0.0041    3.00406    3.00567          1     6.9859     7.0024      98.71     0.5228     0.2578  1.000e-12  0.3959000    32.0321    32.0471     0.0150    25.4280    25.4396     22.290     22.432      0.497    1463.08    1463.11  0.000e+00
      12828     23.000     3.9110     3.9678     0.0570    2.99187    3.00285          1     6.9979     6.9989      98.71     0.5131     0.3083  1.000e-12  0.3621000    31.9530    32.0271     0.0741    25.3715    25.4250     22.785     22.928      0.283    1462.70    1463.04  0.000e+00
      12860     23.500     4.0267     4.0219    -0.0049    3.01582    3.01509          1     6.9518     6.9636      98.71     0.5097     0.2869  1.000e-12  0.3691000    32.1219    32.1180    -0.0039    25.4947    25.4921     23.280     23.425      0.682    1463.41    1463.39  0.000e+00
      12873     24.000     4.0402     4.0401    -0.0001    3.01866    3.01854          1     6.9777     6.9829      98.71     0.5044     0.3306  1.000e-12  0.3744000    32.1418    32.1405    -0.0013    25.5091    25.5081     23.776     23.921      0.943    1463.50    1463.50  0.000e+00
      12885     24.500     4.0633     4.0642     0.0009    3.02452    3.02468          1     6.9974     6.9919      98.71     0.4764     0.3331  1.000e-12  0.3900000    32.1878    32.1888     0.0010    25.5435    25.5441     24.271     24.418      1.089    1463.67    1463.67  0.000e+00
      12895     25.000     4.1221     4.1231     0.0009    3.03909    3.03892          1     7.0020     6.9903      98.71     0.4677     0.3106  1.000e-12  0.3953000    32.3010    32.2981    -0.0030    25.6276    25.6252     24.766     24.915      1.147    1464.07    1464.07  0.000e+00
      12905     25.500     4.2043     4.2057     0.0014    3.05688    3.05701          1     7.0076     6.9711      98.71     0.4504     0.3028  1.000e-12  0.4011000    32.4287    32.4289     0.0001    25.7209    25.7208     25.262     25.411      1.113    1464.58    1464.59  0.000e+00
      12916     26.000     4.2776     4.2781     0.0006    3.07265    3.07252          1     6.9556     6.9406      98.71     0.4121     0.3007  1.000e-12  0.4187000    32.5409    32.5388    -0.0021    25.8026    25.8009     25.757     25.908      0.988    1465.04    1465.04  0.000e+00
      12930     26.500     4.3662     4.3657    -0.0005    3.08876    3.08863          1     6.8945     6.9039      98.71     0.4216     0.2868  1.000e-12  0.4126000    32.6415    32.6405    -0.0010    25.8734    25.8727     26.252     26.404      0.745    1465.55    1465.54  0.000e+00
      12955     27.000     4.3551     4.3762     0.0210    3.08589    3.09021          1     6.8746     6.8849      98.71     0.4032     0.3095  1.000e-12  0.3852000    32.6186    32.6483     0.0297    25.8563    25.8778     26.747     26.901      0.396    1465.48    1465.61  0.000e+00
      12995     27.500     4.3613     4.4176     0.0563    3.08838    3.10021          1     6.8936     6.8757      98.71     0.3277     0.3061  1.000e-12  0.3482000    32.6412    32.7238     0.0826    25.8737    25.9335     27.243     27.397      0.342    1465.54    1465.88  0.000e+00
