ctdpy/exports/archive_20191120_135557/received_data/SBE09_1044_20180531_0435_34_07_0049.cnv
* Sea-Bird SBE 9 Data File:
* FileName = C:\ctd\temp\2018\AU18D049.hex
* Software Version Seasave V 7.26.6.26
* Temperature SN = 5351
* Conductivity SN = 3941
* Number of Bytes Per Scan = 41
* Number of Voltage Words = 4
* Number of Scans Averaged by the Deck Unit = 1
* NMEA Latitude = 58 01.02 N
* NMEA Longitude = 017 59.08 E
* NMEA UTC (Time) = May 31 2018  04:35:04
* NMEA baud rate = 4800
** Station:  BY32
** Operator:  JKro
** Ship: AURA
** Average sound velocity: 1442.26 m/s
** True-depth calculation Thu, 31 May 2018 08:38:02 +0000
** CTD Python Module SMHI /ver 3-12/ feb 2012 
** LIMS Job: 20183407-0049
** Cruise: SMHI-02-2018
** Latitude [GG MM.mm N] :
** Longitude [GG MM.mm E]:
# nquan = 26
# nvalues = 396                         
# units = specified
# name 0 = scan: Scan Count
# name 1 = prDM: Pressure, Digiquartz [db]
# name 2 = t090C: Temperature [ITS-90, deg C]
# name 3 = t190C: Temperature, 2 [ITS-90, deg C]
# name 4 = T2-T190C: Temperature Difference, 2 - 1 [ITS-90, deg C]
# name 5 = c0S/m: Conductivity [S/m]
# name 6 = c1S/m: Conductivity, 2 [S/m]
# name 7 = pumps: Pump Status
# name 8 = sbeox0ML/L: Oxygen, SBE 43 [ml/l]
# name 9 = sbeox1ML/L: Oxygen, SBE 43, 2 [ml/l]
# name 10 = altM: Altimeter [m]
# name 11 = flECO-AFL: Chl-a Fluorescence, WET Labs ECO-AFL/FL [mg/m^3]
# name 12 = flECO-AFL1: Phycocyanin Fluorescence, WET Labs ECO-AFL/FL, 2 [mg/m^3]
# name 13 = par: PAR/Irradiance, Biospherical/Lico [µE/(cm^2*s)]
# name 14 = turbWETntu0: Turbidity, WET Labs ECO [NTU]
# name 15 = sal00: Salinity, Practical [PSU]
# name 16 = sal11: Salinity, Practical, 2 [PSU]
# name 17 = secS-priS: Salinity, Practical, Difference, 2 - 1 [PSU]
# name 18 = sigma-t00: Density [sigma-t, Kg/m^3 ]
# name 19 = sigma-t11: Density, 2 [sigma-t, Kg/m^3 ]
# name 20 = depSM: Depth [salt water, m], lat = 58.017
# name 21 = depFM: Depth [true depth, m], lat = 58.017
# name 22 = dz/dtM: Descent Rate [m/s], WS = 2
# name 23 = svCM: Sound Velocity [Chen-Millero, m/s]
# name 24 = svCM1: Sound Velocity, 2 [Chen-Millero, m/s]
# name 25 = flag: flag
# span 0 =      11417,      24943       
# span 1 =      1.000,    198.500       
# span 2 =     2.6558,    13.0652       
# span 3 =     2.6605,    13.0654       
# span 4 =    -0.0557,     0.0318       
# span 5 =   0.728807,   1.186217       
# span 6 =   0.728791,   1.186441       
# span 7 =          1,          1       
# span 8 =    0.01144,    9.43904       
# span 9 =   -0.14804,    9.68373       
# span 10 =       1.96,      99.07      
# span 11 =     0.2209,    10.5599      
# span 12 =     0.1537,     1.1432      
# span 13 = 1.0000e-12, 3.7159e+03      
# span 14 =     0.1224,     0.6198      
# span 15 =     6.7204,    10.9221      
# span 16 =     6.7199,    10.9232      
# span 17 =    -0.0153,     0.0023      
# span 18 =     4.5695,     8.5817      
# span 19 =     4.5693,     8.5824      
# span 20 =      0.991,    196.566      
# span 21 =      1.014,    200.714      
# span 22 =     -0.073,      0.539      
# span 23 =    1425.74,    1467.13      
# span 24 =    1425.75,    1467.14      
# span 25 = 0.0000e+00, 0.0000e+00      
# interval = decibars: 0.5              
# start_time = May 31 2018 04:35:04 [NMEA time, first data scan]
# bad_flag = -9.990e-29
*END*
[from data line 223]
      17584    112.500     5.8196     5.8202     0.0006    1.15392    1.15385          1     0.0505     0.0428      91.45     0.3601     0.2508  1.000e-12  0.4677000    10.6608    10.6600    -0.0009     8.3847     8.3840    111.427    113.861      0.464    1445.17    1445.17  0.000e+00
      17609    113.000     5.8258     5.8261     0.0003    1.15511    1.15499          1     0.0497     0.0422      91.04     0.3682     0.2555  1.000e-12  0.4695000    10.6706    10.6694    -0.0012     8.3921     8.3911    111.922    114.366      0.500    1445.22    1445.22  0.000e+00
      17633    113.500     5.8324     5.8326     0.0002    1.15635    1.15622          1     0.0473     0.0413      90.45     0.3352     0.2219  1.000e-12  0.4807000    10.6809    10.6795    -0.0014     8.3997     8.3987    112.417    114.871      0.485    1445.27    1445.27  0.000e+00
      17659    114.000     5.8381     5.8386     0.0006    1.15736    1.15730          1     0.0502     0.0423      89.93     0.3393     0.2155  1.000e-12  0.4757000    10.6890    10.6883    -0.0007     8.4058     8.4052    112.912    115.376      0.441    1445.31    1445.31  0.000e+00
      17686    114.500     5.8411     5.8419     0.0008    1.15793    1.15789          1     0.0473     0.0427      89.46     0.3587     0.2283  1.000e-12  0.4756000    10.6938    10.6930    -0.0007     8.4094     8.4088    113.407    115.881      0.449    1445.34    1445.34  0.000e+00
      17712    115.000     5.8445     5.8453     0.0008    1.15848    1.15845          1     0.0473     0.0401      91.31     0.3498     0.2379  1.000e-12  0.4907000    10.6980    10.6975    -0.0006     8.4125     8.4120    113.902    116.386      0.491    1445.36    1445.37  0.000e+00
      17736    115.500     5.8473     5.8480     0.0007    1.15906    1.15902          1     0.0478     0.0417      91.68     0.3710     0.2612  1.000e-12  0.5598000    10.7029    10.7022    -0.0007     8.4162     8.4156    114.397    116.891      0.485    1445.39    1445.39  0.000e+00
      17762    116.000     5.8486     5.8496     0.0010    1.15935    1.15933          1     0.0478     0.0411      87.77     0.3603     0.2296  1.000e-12  0.4766000    10.7052    10.7048    -0.0004     8.4179     8.4175    114.893    117.396      0.440    1445.41    1445.41  0.000e+00
      17790    116.500     5.8495     5.8504     0.0010    1.15952    1.15950          1     0.0494     0.0373      87.34     0.3593     0.2153  1.000e-12  0.4847000    10.7066    10.7060    -0.0006     8.4190     8.4185    115.388    117.901      0.442    1445.42    1445.42  0.000e+00
      17815    117.000     5.8529     5.8537     0.0008    1.16023    1.16019          1     0.0473     0.0404      63.09     0.3605     0.2219  1.000e-12  0.4819000    10.7124    10.7118    -0.0006     8.4234     8.4228    115.883    118.406      0.496    1445.45    1445.45  0.000e+00
      17839    117.500     5.8546     5.8555     0.0009    1.16057    1.16054          1     0.0490     0.0409      71.38     0.4875     0.2223  1.000e-12  0.4846000    10.7153    10.7147    -0.0006     8.4255     8.4250    116.378    118.911      0.500    1445.47    1445.47  0.000e+00
      17864    118.000     5.8554     5.8563     0.0009    1.16078    1.16076          1     0.0472     0.0382      85.72     0.3482     0.1828  1.000e-12  0.4690000    10.7170    10.7165    -0.0005     8.4268     8.4264    116.873    119.416      0.455    1445.48    1445.49  0.000e+00
      17892    118.500     5.8572     5.8582     0.0009    1.16116    1.16113          1     0.0464     0.0375      85.24     0.3580     0.2483  1.000e-12  0.4740000    10.7201    10.7195    -0.0006     8.4291     8.4286    117.368    119.921      0.434    1445.50    1445.51  0.000e+00
      17919    119.000     5.8586     5.8595     0.0009    1.16138    1.16136          1     0.0436     0.0388      84.86     0.3613     0.2614  1.000e-12  0.4799000    10.7218    10.7213    -0.0005     8.4304     8.4299    117.863    120.426      0.464    1445.52    1445.52  0.000e+00
      17944    119.500     5.8603     5.8612     0.0009    1.16170    1.16167          1     0.0470     0.0384      84.29     0.3672     0.2234  1.000e-12  0.4745000    10.7243    10.7238    -0.0006     8.4323     8.4318    118.358    120.931      0.482    1445.54    1445.54  0.000e+00
      17969    120.000     5.8631     5.8639     0.0008    1.16229    1.16224          1     0.0447     0.0376      83.68     0.3563     0.2074  1.000e-12  0.4655000    10.7293    10.7285    -0.0008     8.4360     8.4353    118.853    121.436      0.481    1445.56    1445.57  0.000e+00
      17993    120.500     5.8659     5.8668     0.0008    1.16291    1.16288          1     0.0424     0.0377      82.84     0.3527     0.2071  1.000e-12  0.4624000    10.7344    10.7338    -0.0006     8.4399     8.4394    119.348    121.941      0.476    1445.59    1445.59  0.000e+00
      18019    121.000     5.8676     5.8685     0.0009    1.16330    1.16328          1     0.0444     0.0381      82.01     0.3677     0.2005  1.000e-12  0.4637000    10.7377    10.7373    -0.0005     8.4424     8.4420    119.843    122.446      0.451    1445.61    1445.61  0.000e+00
      18047    121.500     5.8687     5.8697     0.0009    1.16359    1.16357          1     0.0448     0.0375      81.55     0.3584     0.1918  1.000e-12  0.4642000    10.7401    10.7397    -0.0005     8.4442     8.4438    120.338    122.951      0.436    1445.63    1445.63  0.000e+00
      18074    122.000     5.8706     5.8714     0.0009    1.16403    1.16400          1     0.0425     0.0379      87.10     0.3637     0.2249  1.000e-12  0.4556000    10.7439    10.7433    -0.0006     8.4471     8.4465    120.834    123.456      0.466    1445.65    1445.65  0.000e+00
      18098    122.500     5.8732     5.8740     0.0008    1.16465    1.16462          1     0.0422     0.0380      98.67     0.3707     0.2139  1.000e-12  0.4554000    10.7492    10.7486    -0.0006     8.4510     8.4505    121.329    123.961      0.514    1445.67    1445.67  0.000e+00
      18121    123.000     5.8757     5.8765     0.0008    1.16521    1.16517          1     0.0437     0.0384      89.07     0.3637     0.2403  1.000e-12  0.4552000    10.7538    10.7532    -0.0007     8.4546     8.4540    121.824    124.466      0.496    1445.70    1445.70  0.000e+00
      18147    123.500     5.8779     5.8788     0.0009    1.16573    1.16571          1     0.0444     0.0378      80.19     0.3391     0.1835  1.000e-12  0.4506000    10.7583    10.7578    -0.0005     8.4579     8.4575    122.319    124.971      0.417    1445.72    1445.72  0.000e+00
      18178    124.000     5.8796     5.8806     0.0009    1.16611    1.16609          1     0.0435     0.0383      79.58     0.3517     0.2185  1.000e-12  0.4466000    10.7614    10.7609    -0.0005     8.4603     8.4598    122.814    125.476      0.419    1445.74    1445.74  0.000e+00
      18204    124.500     5.8815     5.8825     0.0009    1.16652    1.16650          1     0.0425     0.0378      79.17     0.3647     0.2289  1.000e-12  0.4432000    10.7648    10.7643    -0.0005     8.4628     8.4624    123.309    125.981      0.514    1445.76    1445.76  0.000e+00
      18226    125.000     5.8833     5.8841     0.0009    1.16690    1.16686          1     0.0433     0.0380      78.67     0.3641     0.1642  1.000e-12  0.4421000    10.7679    10.7673    -0.0006     8.4652     8.4647    123.804    126.486      0.539    1445.78    1445.78  0.000e+00
      18249    125.500     5.8857     5.8865     0.0009    1.16748    1.16746          1     0.0440     0.0374      78.22     0.3504     0.2062  1.000e-12  0.4364000    10.7728    10.7724    -0.0004     8.4689     8.4685    124.299    126.991      0.475    1445.80    1445.81  0.000e+00
      18278    126.000     5.8868     5.8878     0.0010    1.16778    1.16776          1     0.0422     0.0364      77.58     0.3580     0.2346  1.000e-12  0.4317000    10.7753    10.7749    -0.0005     8.4708     8.4704    124.794    127.496      0.395    1445.82    1445.82  0.000e+00
      18307    126.500     5.8884     5.8893     0.0009    1.16809    1.16807          1     0.0407     0.0380      77.00     0.3589     0.3000  1.000e-12  0.4318000    10.7779    10.7774    -0.0005     8.4727     8.4723    125.289    128.001      0.448    1445.84    1445.84  0.000e+00
      18332    127.000     5.8898     5.8907     0.0010    1.16835    1.16834          1     0.0414     0.0365      76.46     0.3541     0.2651  1.000e-12  0.4325000    10.7799    10.7795    -0.0004     8.4743     8.4739    125.784    128.506      0.526    1445.85    1445.86  0.000e+00
      18354    127.500     5.8902     5.8912     0.0010    1.16846    1.16844          1     0.0401     0.0358      75.52     0.3427     0.1937  1.000e-12  0.4350000    10.7808    10.7803    -0.0005     8.4749     8.4745    126.279    129.011      0.519    1445.86    1445.87  0.000e+00
      18379    128.000     5.8903     5.8913     0.0009    1.16849    1.16847          1     0.0432     0.0356      74.74     0.3381     0.2583  1.000e-12  0.4403000    10.7810    10.7805    -0.0005     8.4751     8.4746    126.774    129.516      0.447    1445.87    1445.88  0.000e+00
      18408    128.500     5.8909     5.8919     0.0010    1.16861    1.16859          1     0.0396     0.0355      74.27     0.3577     0.2331  1.000e-12  0.4364000    10.7819    10.7814    -0.0005     8.4758     8.4753    127.269    130.021      0.414    1445.88    1445.89  0.000e+00
      18435    129.000     5.8931     5.8941     0.0009    1.16909    1.16905          1     0.0374     0.0353      73.80     0.3600     0.2288  1.000e-12  0.4409000    10.7859    10.7853    -0.0007     8.4788     8.4782    127.764    130.526      0.468    1445.91    1445.91  0.000e+00
      18459    129.500     5.8965     5.8975     0.0010    1.16975    1.16974          1     0.0388     0.0327      72.88     0.3534     0.2067  1.000e-12  0.4379000    10.7913    10.7909    -0.0004     8.4828     8.4824    128.260    131.031      0.506    1445.94    1445.94  0.000e+00
      18483    130.000     5.8970     5.8980     0.0010    1.16985    1.16984          1     0.0389     0.0360      72.34     0.3594     0.1787  1.000e-12  0.4328000    10.7921    10.7916    -0.0005     8.4834     8.4830    128.755    131.536      0.494    1445.95    1445.95  0.000e+00
      18508    130.500     5.8975     5.8984     0.0009    1.16995    1.16993          1     0.0410     0.0355      72.12     0.3496     0.2671  1.000e-12  0.4291000    10.7929    10.7923    -0.0005     8.4840     8.4835    129.250    132.041      0.457    1445.96    1445.96  0.000e+00
      18536    131.000     5.8987     5.8996     0.0009    1.17019    1.17014          1     0.0380     0.0332      71.64     0.3414     0.2129  1.000e-12  0.4388000    10.7947    10.7939    -0.0007     8.4854     8.4847    129.745    132.546      0.437    1445.97    1445.98  0.000e+00
      18563    131.500     5.8997     5.9007     0.0010    1.17036    1.17035          1     0.0393     0.0339      70.74     0.3898     0.2332  1.000e-12  0.4369000    10.7960    10.7956    -0.0004     8.4863     8.4859    130.240    133.051      0.451    1445.99    1445.99  0.000e+00
      18589    132.000     5.9007     5.9021     0.0013    1.17055    1.17061          1     0.0395     0.0343      70.19     0.3859     0.2218  1.000e-12  0.4505000    10.7975    10.7976     0.0002     8.4874     8.4875    130.735    133.556      0.469    1446.00    1446.01  0.000e+00
      18614    132.500     5.9030     5.9040     0.0010    1.17102    1.17100          1     0.0377     0.0345      70.49     0.3467     0.1657  1.000e-12  0.4452000    10.8013    10.8008    -0.0005     8.4903     8.4898    131.230    134.061      0.482    1446.02    1446.03  0.000e+00
      18638    133.000     5.9046     5.9056     0.0010    1.17144    1.17143          1     0.0384     0.0331      70.27     0.3402     0.2394  1.000e-12  0.4213000    10.8050    10.8045    -0.0005     8.4931     8.4926    131.725    134.566      0.495    1446.04    1446.05  0.000e+00
      18663    133.500     5.9078     5.9088     0.0010    1.17217    1.17215          1     0.0377     0.0333      69.79     0.3511     0.2682  1.000e-12  0.4298000    10.8111    10.8106    -0.0005     8.4977     8.4972    132.220    135.071      0.468    1446.07    1446.08  0.000e+00
      18690    134.000     5.9084     5.9095     0.0010    1.17229    1.17229          1     0.0385     0.0333      68.69     0.3700     0.2369  1.000e-12  0.4356000    10.8120    10.8116    -0.0004     8.4984     8.4980    132.715    135.576      0.422    1446.09    1446.09  0.000e+00
      18719    134.500     5.9091     5.9102     0.0010    1.17246    1.17245          1     0.0372     0.0346      68.52     0.3560     0.2726  1.000e-12  0.4320000    10.8134    10.8130    -0.0005     8.4994     8.4990    133.210    136.081      0.440    1446.10    1446.10  0.000e+00
      18745    135.000     5.9114     5.9123     0.0010    1.17302    1.17300          1     0.0384     0.0331      67.69     0.3618     0.2475  1.000e-12  0.4337000    10.8182    10.8176    -0.0006     8.5031     8.5026    133.705    136.586      0.505    1446.12    1446.13  0.000e+00
      18767    135.500     5.9134     5.9144     0.0010    1.17345    1.17343          1     0.0377     0.0338      66.50     0.3585     0.2339  1.000e-12  0.4322000    10.8217    10.8212    -0.0005     8.5057     8.5052    134.200    137.091      0.525    1446.14    1446.15  0.000e+00
      18791    136.000     5.9157     5.9167     0.0010    1.17391    1.17389          1     0.0370     0.0335      66.10     0.3415     0.2139  1.000e-12  0.4328000    10.8255    10.8250    -0.0005     8.5085     8.5081    134.695    137.596      0.468    1446.16    1446.17  0.000e+00
      18819    136.500     5.9175     5.9185     0.0010    1.17429    1.17428          1     0.0373     0.0335      65.57     0.3621     0.2183  1.000e-12  0.4279000    10.8286    10.8282    -0.0005     8.5109     8.5105    135.190    138.101      0.412    1446.18    1446.19  0.000e+00
      18848    137.000     5.9192     5.9202     0.0010    1.17465    1.17463          1     0.0361     0.0335      65.31     0.4073     0.2439  1.000e-12  0.4342000    10.8316    10.8310    -0.0005     8.5131     8.5126    135.685    138.606      0.445    1446.20    1446.21  0.000e+00
      18873    137.500     5.9201     5.9211     0.0010    1.17493    1.17490          1     0.0351     0.0338      65.05     0.3701     0.2118  1.000e-12  0.4420000    10.8340    10.8333    -0.0006     8.5149     8.5144    136.180    139.111      0.484    1446.22    1446.22  0.000e+00
      18898    138.000     5.9204     5.9218     0.0014    1.17503    1.17508          1     0.0372     0.0335      64.31     0.3717     0.2275  1.000e-12  0.4393000    10.8348    10.8349     0.0001     8.5156     8.5155    136.675    139.616      0.480    1446.23    1446.23  0.000e+00
      18923    138.500     5.9220     5.9230     0.0010    1.17541    1.17539          1     0.0330     0.0336      63.81     0.3619     0.2421  1.000e-12  0.4309000    10.8380    10.8375    -0.0005     8.5180     8.5175    137.170    140.121      0.481    1446.25    1446.25  0.000e+00
      18948    139.000     5.9231     5.9241     0.0011    1.17568    1.17567          1     0.0347     0.0332      63.90     0.3465     0.2284  1.000e-12  0.4327000    10.8402    10.8398    -0.0004     8.5197     8.5193    137.665    140.626      0.451    1446.26    1446.27  0.000e+00
      18977    139.500     5.9242     5.9253     0.0011    1.17599    1.17600          1     0.0355     0.0334      63.39     0.3466     0.1990  1.000e-12  0.4274000    10.8428    10.8426    -0.0003     8.5217     8.5214    138.160    141.131      0.395    1446.28    1446.28  0.000e+00
