ctdpy/exports/archive_20191120_135557/received_data/SBE09_1044_20180529_0031_34_07_0041.cnv
* Sea-Bird SBE 9 Data File:
* FileName = C:\ctd\temp\2018\AU18D041.hex
* Software Version Seasave V 7.26.6.26
* Temperature SN = 5351
* Conductivity SN = 3941
* Number of Bytes Per Scan = 41
* Number of Voltage Words = 4
* Number of Scans Averaged by the Deck Unit = 1
* NMEA Latitude = 55 15.00 N
* NMEA Longitude = 015 59.07 E
* NMEA UTC (Time) = May 29 2018  00:31:59
* NMEA baud rate = 4800
** Station:  BY5
** Operator:  SSip
** Ship: AURA
** Average sound velocity: 1444.32 m/s
** True-depth calculation Tue, 29 May 2018 01:08:06 +0000
** CTD Python Module SMHI /ver 3-12/ feb 2012 
** LIMS Job: 20183407-0041
** Cruise: SMHI-02-2018
** Latitude [GG MM.mm N] :
** Longitude [GG MM.mm E]:
# nquan = 26
# nvalues = 171                         
# units = specified
# name 0 = scan: Scan Count
# name 1 = prDM: Pressure, Digiquartz [db]
# name 2 = t090C: Temperature [ITS-90, deg C]
# name 3 = t190C: Temperature, 2 [ITS-90, deg C]
# name 4 = T2-T190C: Temperature Difference, 2 - 1 [ITS-90, deg C]
# name 5 = c0S/m: Conductivity [S/m]
# name 6 = c1S/m: Conductivity, 2 [S/m]
# name 7 = pumps: Pump Status
# name 8 = sbeox0ML/L: Oxygen, SBE 43 [ml/l]
# name 9 = sbeox1ML/L: Oxygen, SBE 43, 2 [ml/l]
# name 10 = altM: Altimeter [m]
# name 11 = flECO-AFL: Chl-a Fluorescence, WET Labs ECO-AFL/FL [mg/m^3]
# name 12 = flECO-AFL1: Phycocyanin Fluorescence, WET Labs ECO-AFL/FL, 2 [mg/m^3]
# name 13 = par: PAR/Irradiance, Biospherical/Lico [µE/(cm^2*s)]
# name 14 = turbWETntu0: Turbidity, WET Labs ECO [NTU]
# name 15 = sal00: Salinity, Practical [PSU]
# name 16 = sal11: Salinity, Practical, 2 [PSU]
# name 17 = secS-priS: Salinity, Practical, Difference, 2 - 1 [PSU]
# name 18 = sigma-t00: Density [sigma-t, Kg/m^3 ]
# name 19 = sigma-t11: Density, 2 [sigma-t, Kg/m^3 ]
# name 20 = depSM: Depth [salt water, m], lat = 55.25
# name 21 = depFM: Depth [true depth, m], lat = 55.25
# name 22 = dz/dtM: Descent Rate [m/s], WS = 2
# name 23 = svCM: Sound Velocity [Chen-Millero, m/s]
# name 24 = svCM1: Sound Velocity, 2 [Chen-Millero, m/s]
# name 25 = flag: flag
# span 0 =       7366,      11608       
# span 1 =      0.500,     85.500       
# span 2 =     2.7209,    13.9101       
# span 3 =     2.7226,    13.8980       
# span 4 =    -0.1907,     0.1164       
# span 5 =   0.785711,   1.809283       
# span 6 =   0.785669,   1.809288       
# span 7 =          1,          1       
# span 8 =    0.06254,    9.48508       
# span 9 =    0.04642,    9.38360       
# span 10 =       1.55,      98.13      
# span 11 =     0.2245,     7.4438      
# span 12 =     0.1200,     0.8595      
# span 13 = 1.0000e-12, 1.3525e+00      
# span 14 =     0.1135,     0.8261      
# span 15 =     7.4858,    16.8419      
# span 16 =     7.4831,    16.8415      
# span 17 =    -0.0141,     0.0014      
# span 18 =     5.0673,    13.1635      
# span 19 =     5.0685,    13.1631      
# span 20 =      0.495,     84.710      
# span 21 =      0.507,     86.407      
# span 22 =     -0.009,      0.604      
# span 23 =    1427.14,    1471.08      
# span 24 =    1427.14,    1471.03      
# span 25 = 0.0000e+00, 0.0000e+00      
# interval = decibars: 0.5              
# start_time = May 29 2018 00:31:59 [NMEA time, first data scan]
# bad_flag = -9.990e-29
*END*
       7366      0.500    13.4375    13.5486     0.1099    1.01544    1.01815          1     7.9957     7.7868      97.41     1.6783     0.3905  1.353e+00  0.3846000     7.5307     7.5306    -0.0001     5.1388     5.1220      0.495      0.507      0.408    1469.37    1469.76  0.000e+00
       7386      1.000    13.8387    13.8550     0.0168    1.02579    1.02592          1     7.8621     7.7136      97.40     1.6152     0.3629  4.931e-01  0.4365000     7.5346     7.5324    -0.0022     5.0810     5.0768      0.991      1.013      0.528    1470.80    1470.86  0.000e+00
       7427      1.500    13.8431    13.8660     0.0224    1.02578    1.02609          1     7.8119     7.7270      97.40     1.5213     0.3228  5.570e-02  0.4721000     7.5336     7.5316    -0.0020     5.0795     5.0745      1.486      1.520      0.356    1470.83    1470.90  0.000e+00
       7457      2.000    13.8903    13.8902     0.0001    1.02686    1.02662          1     7.8004     7.7421      97.40     1.4860     0.3346  3.502e-03  0.4820000     7.5330     7.5310    -0.0019     5.0718     5.0703      1.982      2.027      0.439    1471.00    1471.00  0.000e+00
       7493      2.500    13.9101    13.8980    -0.0121    1.02722    1.02673          1     7.8655     7.8188      97.41     1.5025     0.3519  1.000e-12  0.5077000     7.5318     7.5303    -0.0015     5.0678     5.0685      2.477      2.533      0.325    1471.08    1471.03  0.000e+00
       7523      3.000    13.9084    13.8915    -0.0168    1.02705    1.02641          1     7.9656     7.8625      97.41     1.5091     0.3483  1.000e-12  0.4884000     7.5308     7.5290    -0.0018     5.0673     5.0686      2.973      3.040      0.455    1471.08    1471.02  0.000e+00
       7549      3.500    13.8639    13.8456    -0.0192    1.02579    1.02502          1     7.8545     7.9556      97.42     1.4953     0.3852  1.000e-12  0.5285000     7.5294     7.5269    -0.0026     5.0731     5.0740      3.468      3.547      0.465    1470.93    1470.86  0.000e+00
       7574      4.000    13.2593    13.0674    -0.1907    1.00990    1.00444          1     8.0979     8.3385      97.42     1.6781     0.4034  1.000e-12  0.5764000     7.5207     7.5147    -0.0061     5.1566     5.1802      3.964      4.054      0.510    1468.77    1468.07  0.000e+00
       7597      4.500    12.6680    12.6468    -0.0212    0.99448    0.99385          1     8.4496     8.6319      97.42     1.8484     0.3695  1.000e-12  0.5985000     7.5128     7.5119    -0.0009     5.2363     5.2386      4.459      4.560      0.525    1466.64    1466.56  0.000e+00
       7620      5.000    12.3782    12.3965     0.0176    0.98700    0.98757          1     8.5899     8.6668      97.40     1.9005     0.3390  1.000e-12  0.5172000     7.5092     7.5102     0.0010     5.2736     5.2720      4.955      5.067      0.490    1465.58    1465.65  0.000e+00
       7646      5.500    12.2528    12.2824     0.0303    0.98399    0.98487          1     8.6788     8.7715      97.41     2.0173     0.3650  1.000e-12  0.5127000     7.5094     7.5107     0.0014     5.2908     5.2879      5.450      5.573      0.461    1465.13    1465.24  0.000e+00
       7671      6.000    11.6542    11.6742     0.0188    0.96884    0.96919          1     8.9150     8.9718      97.41     2.0432     0.4296  1.000e-12  0.5197000     7.5037     7.5026    -0.0011     5.3653     5.3618      5.946      6.080      0.512    1462.91    1462.99  0.000e+00
       7693      6.500    11.5570    11.5875     0.0309    0.96685    0.96762          1     8.9892     8.9949      97.41     2.1463     0.4660  1.000e-12  0.5458000     7.5066     7.5069     0.0003     5.3800     5.3763      6.441      6.586      0.569    1462.56    1462.68  0.000e+00
       7714      7.000    11.5247    11.4955    -0.0292    0.96633    0.96553          1     9.0103     8.9873      97.40     2.2074     0.3985  1.000e-12  0.5465000     7.5087     7.5079    -0.0008     5.3857     5.3888      6.937      7.093      0.567    1462.45    1462.34  0.000e+00
       7736      7.500    11.4451    11.4269    -0.0178    0.96467    0.96417          1     9.0557     8.9569      97.41     2.2368     0.3857  1.000e-12  0.5333000     7.5109     7.5103    -0.0005     5.3974     5.3993      7.432      7.600      0.522    1462.17    1462.10  0.000e+00
       7760      8.000    11.4506    11.4396    -0.0110    0.96523    0.96487          1     9.1104     8.9839      97.40     2.2619     0.4030  1.000e-12  0.5400000     7.5144     7.5136    -0.0008     5.3994     5.4002      7.928      8.106      0.471    1462.20    1462.16  0.000e+00
       7786      8.500    11.4625    11.4340    -0.0284    0.96584    0.96505          1     9.1419     9.0205      97.41     2.2765     0.4218  1.000e-12  0.5406000     7.5170     7.5162    -0.0009     5.4000     5.4029      8.423      8.613      0.471    1462.25    1462.15  0.000e+00
       7811      9.000    11.4333    11.4364     0.0024    0.96536    0.96544          1     9.0950     9.0380      97.41     2.2682     0.3684  1.000e-12  0.5430000     7.5188     7.5189     0.0001     5.4051     5.4047      8.918      9.119      0.517    1462.15    1462.17  0.000e+00
       7833      9.500    11.1439    11.1335    -0.0113    0.95823    0.95787          1     9.1035     9.1941      97.41     2.2714     0.3531  1.000e-12  0.5528000     7.5174     7.5165    -0.0009     5.4396     5.4402      9.414      9.626      0.550    1461.07    1461.03  0.000e+00
       7855     10.000    10.7102    10.6799    -0.0289    0.94747    0.94671          1     9.2184     9.3271      97.41     2.2922     0.3810  1.000e-12  0.5457000     7.5144     7.5141    -0.0003     5.4890     5.4924      9.909     10.132      0.539    1459.43    1459.31  0.000e+00
       7878     10.500    10.2620    10.2930     0.0313    0.93607    0.93693          1     9.3193     9.3719      97.40     2.2584     0.4142  1.000e-12  0.5398000     7.5084     7.5095     0.0011     5.5354     5.5327     10.405     10.639      0.508    1457.70    1457.83  0.000e+00
       7902     11.000     9.9804     9.9861     0.0054    0.92947    0.92959          1     9.3886     9.3661      97.40     2.6027     0.4304  1.000e-12  0.6488000     7.5093     7.5092    -0.0001     5.5668     5.5662     10.900     11.145      0.492    1456.62    1456.64  0.000e+00
       7926     11.500     9.8986     9.9091     0.0104    0.92781    0.92807          1     9.4851     9.3836      97.42     2.8530     0.4712  1.000e-12  0.6582000     7.5118     7.5119     0.0001     5.5775     5.5765     11.396     11.652      0.494    1456.31    1456.35  0.000e+00
       7950     12.000     9.8802     9.9008     0.0211    0.92776    0.92828          1     9.4435     9.3195      97.42     2.9590     0.4848  1.000e-12  0.6597000     7.5151     7.5154     0.0003     5.5821     5.5801     11.891     12.158      0.503    1456.25    1456.34  0.000e+00
       7974     12.500     9.7066     9.7511     0.0443    0.92377    0.92478          1     9.3640     9.2616      96.79     2.9773     0.4855  1.000e-12  0.6611000     7.5162     7.5158    -0.0004     5.6011     5.5962     12.387     12.664      0.515    1455.58    1455.76  0.000e+00
       7997     13.000     9.2759     9.3118     0.0356    0.91317    0.91405          1     9.2431     9.1945      77.14     3.2436     0.5320  1.000e-12  0.7370000     7.5128     7.5130     0.0002     5.6419     5.6384     12.882     13.171      0.522    1453.89    1454.03  0.000e+00
       8020     13.500     8.8889     8.8892     0.0004    0.90343    0.90333          1     9.1734     9.1438      96.73     3.9127     0.5837  1.000e-12  0.7735000     7.5074     7.5064    -0.0009     5.6749     5.6742     13.378     13.677      0.511    1452.35    1452.35  0.000e+00
       8044     14.000     8.4260     8.4596     0.0337    0.89182    0.89237          1     9.2147     9.1713      80.99     5.0575     0.6367  1.000e-12  0.7730000     7.5008     7.4986    -0.0022     5.7115     5.7068     13.873     14.184      0.500    1450.49    1450.62  0.000e+00
       8068     14.500     8.1975     8.2073     0.0100    0.88629    0.88643          1     9.3422     9.2889      75.63     6.1428     0.7401  1.000e-12  0.7847000     7.4991     7.4982    -0.0008     5.7299     5.7284     14.368     14.690      0.514    1449.57    1449.61  0.000e+00
       8091     15.000     8.0215     8.0250     0.0041    0.88226    0.88223          1     9.3505     9.3528      95.44     6.7581     0.8166  1.000e-12  0.7668000     7.4998     7.4988    -0.0011     5.7451     5.7440     14.864     15.196      0.522    1448.86    1448.88  0.000e+00
       8114     15.500     7.7612     7.7870     0.0251    0.87599    0.87646          1     9.1465     9.1545      81.25     7.3834     0.8111  1.000e-12  0.8261000     7.4980     7.4967    -0.0013     5.7645     5.7615     15.359     15.703      0.497    1447.80    1447.91  0.000e+00
       8139     16.000     7.0270     7.1434     0.1164    0.85784    0.86007          1     8.9754     8.9006      85.86     7.4438     0.8308  1.000e-12  0.7950000     7.4874     7.4831    -0.0043     5.8090     5.7975     15.855     16.209      0.479    1444.74    1445.23  0.000e+00
       8164     16.500     6.4215     6.4409     0.0194    0.84369    0.84396          1     8.7743     8.6209      97.54     7.0818     0.8595  1.000e-12  0.7703000     7.4858     7.4842    -0.0016     5.8478     5.8453     16.350     16.715      0.507    1442.21    1442.29  0.000e+00
       8186     17.000     6.3053     6.3089     0.0037    0.84167    0.84164          1     8.6145     8.4488      97.40     6.5258     0.7931  1.000e-12  0.5157000     7.4920     7.4910    -0.0010     5.8595     5.8585     16.846     17.222      0.540    1441.73    1441.74  0.000e+00
       8208     17.500     6.1919     6.1993     0.0074    0.83968    0.83975          1     8.5889     8.4397      97.41     6.1675     0.6455  1.000e-12  0.4466000     7.4979     7.4969    -0.0010     5.8706     5.8695     17.341     17.728      0.534    1441.26    1441.29  0.000e+00
       8232     18.000     5.9997     6.0128     0.0130    0.83603    0.83620          1     8.6830     8.5478      31.68     3.9463     0.4847  1.000e-12  0.3929000     7.5051     7.5039    -0.0013     5.8870     5.8853     17.837     18.234      0.499    1440.46    1440.51  0.000e+00
       8257     18.500     5.8973     5.9105     0.0131    0.83442    0.83459          1     8.7868     8.6344      97.50     1.5753     0.3590  1.000e-12  0.3194000     7.5122     7.5110    -0.0012     5.8980     5.8964     18.332     18.741      0.480    1440.03    1440.09  0.000e+00
       8281     19.000     5.8530     5.8585     0.0055    0.83412    0.83414          1     8.8029     8.6257      84.90     0.8738     0.3211  1.000e-12  0.3009000     7.5191     7.5181    -0.0011     5.9058     5.9047     18.827     19.247      0.494    1439.86    1439.88  0.000e+00
       8305     19.500     5.8083     5.8140     0.0058    0.83395    0.83398          1     8.7601     8.5776      81.73     0.7907     0.2711  1.000e-12  0.3009000     7.5274     7.5263    -0.0011     5.9147     5.9135     19.323     19.753      0.510    1439.69    1439.71  0.000e+00
       8328     20.000     5.7491     5.7580     0.0089    0.83335    0.83344          1     8.8146     8.6388      97.36     0.7337     0.2661  1.000e-12  0.2974000     7.5346     7.5336    -0.0010     5.9234     5.9221     19.818     20.259      0.516    1439.45    1439.48  0.000e+00
       8352     20.500     5.7071     5.7073     0.0003    0.83291    0.83281          1     8.8298     8.6470      97.75     0.7066     0.2879  1.000e-12  0.2936000     7.5397     7.5387    -0.0010     5.9295     5.9287     20.314     20.766      0.518    1439.28    1439.28  0.000e+00
       8375     21.000     5.7439     5.7449     0.0009    0.83492    0.83486          1     8.8332     8.6822      98.13     0.6910     0.2532  1.000e-12  0.2982000     7.5509     7.5501    -0.0008     5.9365     5.9358     20.809     21.272      0.518    1439.46    1439.46  0.000e+00
       8398     21.500     5.6218     5.6374     0.0157    0.83204    0.83232          1     8.9708     8.8767      97.53     0.6857     0.2796  1.000e-12  0.3205000     7.5502     7.5495    -0.0008     5.9420     5.9406     21.305     21.778      0.501    1438.94    1439.01  0.000e+00
       8423     22.000     5.4697     5.4828     0.0131    0.82833    0.82856          1     9.0792     8.9753      97.48     0.7026     0.2902  1.000e-12  0.3476000     7.5480     7.5474    -0.0007     5.9476     5.9464     21.800     22.284      0.482    1438.29    1438.34  0.000e+00
       8448     22.500     5.3641     5.3750     0.0109    0.82599    0.82617          1     9.0762     8.9061      97.49     0.6680     0.2773  1.000e-12  0.3333000     7.5488     7.5481    -0.0007     5.9530     5.9520     22.295     22.791      0.493    1437.84    1437.88  0.000e+00
       8471     23.000     5.3222     5.3269     0.0047    0.82549    0.82551          1     8.9656     8.7691      97.47     0.6322     0.2912  1.000e-12  0.3317000     7.5533     7.5524    -0.0008     5.9584     5.9575     22.791     23.297      0.524    1437.67    1437.69  0.000e+00
       8494     23.500     5.2711     5.2811     0.0100    0.82454    0.82469          1     8.8353     8.6661      97.44     0.5664     0.3414  1.000e-12  0.3630000     7.5555     7.5546    -0.0008     5.9624     5.9613     23.286     23.803      0.526    1437.45    1437.50  0.000e+00
       8517     24.000     5.1991     5.2034     0.0042    0.82301    0.82297          1     8.8286     8.7127      88.44     0.5417     0.2831  1.000e-12  0.3709000     7.5565     7.5552    -0.0013     5.9663     5.9651     23.782     24.309      0.506    1437.15    1437.17  0.000e+00
       8541     24.500     5.0958     5.1017     0.0059    0.82048    0.82048          1     8.9055     8.7911      65.07     0.5098     0.2739  1.000e-12  0.3235000     7.5548     7.5535    -0.0013     5.9694     5.9681     24.277     24.816      0.500    1436.70    1436.73  0.000e+00
       8565     25.000     5.1221     5.1195    -0.0026    0.82184    0.82166          1     8.8986     8.7465      64.82     0.4579     0.2645  1.000e-12  0.2908000     7.5623     7.5611    -0.0012     5.9742     5.9733     24.773     25.322      0.502    1436.84    1436.82  0.000e+00
       8589     25.500     5.0842     5.0870     0.0029    0.82136    0.82132          1     8.8299     8.6670      85.85     0.4371     0.2411  1.000e-12  0.2887000     7.5660     7.5650    -0.0010     5.9787     5.9778     25.268     25.828      0.490    1436.68    1436.69  0.000e+00
       8614     26.000     5.0293     5.0384     0.0091    0.82028    0.82042          1     8.7683     8.6055      97.80     0.4463     0.2605  1.000e-12  0.3189000     7.5678     7.5671    -0.0007     5.9824     5.9814     25.763     26.334      0.477    1436.45    1436.49  0.000e+00
       8639     26.500     4.9571     4.9629     0.0059    0.81871    0.81876          1     8.7383     8.5701      97.82     0.4490     0.2834  1.000e-12  0.3057000     7.5685     7.5677    -0.0008     5.9858     5.9849     26.259     26.841      0.500    1436.14    1436.17  0.000e+00
       8662     27.000     4.9219     4.9247     0.0028    0.81830    0.81826          1     8.6952     8.5305      71.61     0.4455     0.2876  1.000e-12  0.3129000     7.5724     7.5714    -0.0011     5.9903     5.9893     26.754     27.347      0.538    1436.00    1436.01  0.000e+00
       8684     27.500     4.9166     4.9197     0.0032    0.81858    0.81859          1     8.6064     8.4546      83.80     0.4031     0.2655  1.000e-12  0.3011000     7.5763     7.5757    -0.0006     5.9935     5.9929     27.250     27.853      0.544    1435.99    1436.00  0.000e+00
