ctdpy/exports/archive_20191120_135557/received_data/SBE09_0827_20180119_1435_26_01_0116.cnv
* Sea-Bird SBE 9 Data File:
* FileName = D:\CTD_SBE911\DAT\26DA.2018.1.16.hex
* Software Version Seasave V 7.21d
* Temperature SN = 034757
* Conductivity SN = 041844
* Number of Bytes Per Scan = 48
* Number of Voltage Words = 5
* Number of Scans Averaged by the Deck Unit = 1
* NMEA Latitude = 56 33.16 N
* NMEA Longitude = 006 49.91 E
* NMEA UTC (Time) = Jan 19 2018  14:35:46
* NMEA baud rate = 4800
** Ship: DANA
** Average sound velocity: 1479.31 m/s
** True-depth calculation Thu, 28 Mar 2019 08:18:13 +0000
** CTD Python Module SMHI /ver 3-12/ feb 2012 
** LIMS Job: 20182601-0116
** 43F6ZZ
** Operator: Ronny Sørensen
** Cruise: 01/2018
# nquan = 26
# nvalues = 86                          
# units = specified
# name 0 = scan: Scan Count
# name 1 = prDM: Pressure, Digiquartz [db]
# name 2 = t090C: Temperature [ITS-90, deg C]
# name 3 = t190C: Temperature, 2 [ITS-90, deg C]
# name 4 = T2-T190C: Temperature Difference, 2 - 1 [ITS-90, deg C]
# name 5 = c0S/m: Conductivity [S/m]
# name 6 = c1S/m: Conductivity, 2 [S/m]
# name 7 = pumps: Pump Status
# name 8 = sbeox1ML/L: Oxygen, SBE 43, 2 [ml/l]
# name 9 = sbeox0ML/L: Oxygen, SBE 43 [ml/l]
# name 10 = altM: Altimeter [m]
# name 11 = chloroflTC0: Chlorophyll, Turner Cyclops [ug/l]
# name 12 = cpar: CPAR/Corrected Irradiance [%]
# name 13 = par: PAR/Irradiance, Biospherical/Lico [µE/(cm^2*s)]
# name 14 = spar: SPAR, Biospherical/Licor
# name 15 = sal00: Salinity, Practical [PSU]
# name 16 = sal11: Salinity, Practical, 2 [PSU]
# name 17 = secS-priS: Salinity, Practical, Difference, 2 - 1 [PSU]
# name 18 = sigma-t00: Density [sigma-t, kg/m^3 ]
# name 19 = sigma-t11: Density, 2 [sigma-t, kg/m^3 ]
# name 20 = depSM: Depth [salt water, m], lat = 56.5527
# name 21 = depFM: Depth [true depth, m], lat = 56.5527
# name 22 = dz/dtM: Descent Rate [m/s], WS = 2
# name 23 = svCM: Sound Velocity [Chen-Millero, m/s]
# name 24 = svCM1: Sound Velocity, 2 [Chen-Millero, m/s]
# name 25 = flag: flag
# span 0 =         58,       4857       
# span 1 =      1.000,     43.500       
# span 2 =     7.1856,     7.2141       
# span 3 =     7.1852,     7.2128       
# span 4 =    -0.0044,     0.0022       
# span 5 =   3.511566,   3.515990       
# span 6 =   3.511742,   3.516220       
# span 7 =          1,          1       
# span 8 =     5.9928,     6.1356       
# span 9 =     6.1815,     6.2212       
# span 10 =       1.57,       9.98      
# span 11 =     0.0349,     0.1024      
# span 12 = -9.600e-04, 9.3377e+00      
# span 13 = -1.131e-03, 1.1188e+01      
# span 14 = 1.1134e+02, 1.1982e+02      
# span 15 =    34.6237,    34.6255      
# span 16 =    34.6249,    34.6288      
# span 17 =     0.0006,     0.0042      
# span 18 =    27.0933,    27.0970      
# span 19 =    27.0965,    27.1001      
# span 20 =      0.991,     43.098      
# span 21 =      0.992,     43.138      
# span 22 =     -0.021,      0.630      
# span 23 =    1478.93,    1479.73      
# span 24 =    1478.93,    1479.73      
# span 25 = 0.0000e+00, 0.0000e+00      
# interval = decibars: 0.5              
# start_time = Jan 19 2018 14:35:46 [NMEA time, first data scan]
# bad_flag = -9.990e-29
*END*
         58      1.000     7.1874     7.1866    -0.0008    3.51157    3.51181          1     6.0066     6.1893       9.98     0.0390  9.338e+00  1.119e+01  1.198e+02    34.6243    34.6278     0.0036    27.0966    27.0996      0.991      0.992      0.248    1478.93    1478.93  0.000e+00
         90      1.500     7.1878     7.1868    -0.0011    3.51163    3.51184          1     6.0259     6.1923       9.97     0.0371  8.280e+00  9.921e+00  1.198e+02    34.6244    34.6277     0.0033    27.0967    27.0994      1.486      1.487      0.309    1478.94    1478.94  0.000e+00
        411      2.000     7.1910     7.1879    -0.0031    3.51189    3.51195          1     6.0577     6.1955       9.97     0.0382  6.854e+00  8.213e+00  1.198e+02    34.6237    34.6275     0.0038    27.0957    27.0991      1.982      1.983      0.441    1478.96    1478.95  0.000e+00
        457      2.500     7.1900     7.1886    -0.0015    3.51186    3.51205          1     6.0407     6.1857       9.97     0.0395  5.954e+00  7.134e+00  1.198e+02    34.6241    34.6277     0.0036    27.0962    27.0992      2.477      2.479      0.469    1478.96    1478.96  0.000e+00
        482      3.000     7.1893     7.1874    -0.0019    3.51181    3.51199          1     5.9928     6.1815       9.96     0.0393  4.824e+00  5.780e+00  1.198e+02    34.6242    34.6280     0.0038    27.0963    27.0996      2.973      2.975      0.578    1478.97    1478.96  0.000e+00
        500      3.500     7.1896     7.1878    -0.0018    3.51186    3.51204          1     5.9979     6.1818       9.96     0.0375  4.157e+00  4.981e+00  1.198e+02    34.6241    34.6278     0.0037    27.0962    27.0994      3.468      3.471      0.630    1478.98    1478.97  0.000e+00
        526      4.000     7.1896     7.1883    -0.0013    3.51189    3.51209          1     6.0171     6.1904       9.96     0.0373  3.271e+00  3.919e+00  1.198e+02    34.6242    34.6277     0.0035    27.0963    27.0992      3.963      3.967      0.367    1478.99    1478.99  0.000e+00
        587      4.500     7.1892     7.1883    -0.0009    3.51189    3.51213          1     6.0728     6.1921       9.96     0.0391  2.755e+00  3.301e+00  1.198e+02    34.6244    34.6279     0.0035    27.0965    27.0994      4.459      4.463      0.284    1478.99    1478.99  0.000e+00
        683      5.000     7.1891     7.1882    -0.0010    3.51192    3.51215          1     6.0668     6.1999       9.96     0.0383  2.285e+00  2.723e+00  1.192e+02    34.6244    34.6280     0.0035    27.0965    27.0994      4.954      4.958      0.299    1479.00    1479.00  0.000e+00
        735      5.500     7.1889     7.1881    -0.0008    3.51188    3.51220          1     6.0544     6.2042       9.96     0.0374  1.855e+00  2.191e+00  1.181e+02    34.6241    34.6283     0.0042    27.0963    27.0997      5.450      5.454      0.490    1479.01    1479.01  0.000e+00
        757      6.000     7.1870     7.1868    -0.0001    3.51177    3.51210          1     6.0537     6.2029       9.95     0.0387  1.483e+00  1.752e+00  1.182e+02    34.6245    34.6283     0.0038    27.0969    27.0999      5.945      5.950      0.502    1479.01    1479.01  0.000e+00
        783      6.500     7.1874     7.1871    -0.0003    3.51184    3.51214          1     6.0687     6.2074       9.95     0.0404  1.214e+00  1.433e+00  1.180e+02    34.6245    34.6282     0.0036    27.0968    27.0998      6.440      6.446      0.419    1479.02    1479.02  0.000e+00
        821      7.000     7.1875     7.1866    -0.0009    3.51187    3.51212          1     6.0898     6.2045       9.95     0.0378  1.035e+00  1.225e+00  1.183e+02    34.6245    34.6283     0.0037    27.0968    27.0999      6.936      6.942      0.257    1479.03    1479.03  0.000e+00
        901      7.500     7.1868     7.1862    -0.0006    3.51182    3.51204          1     6.0850     6.2027       9.95     0.0360  8.651e-01  1.019e+00  1.178e+02    34.6245    34.6275     0.0030    27.0969    27.0993      7.431      7.438      0.195    1479.03    1479.03  0.000e+00
        975      8.000     7.1859     7.1853    -0.0005    3.51174    3.51174          1     6.0590     6.2037       9.95     0.0352  7.056e-01  8.312e-01  1.178e+02    34.6243    34.6249     0.0006    27.0969    27.0974      7.927      7.933      0.365    1479.04    1479.03  0.000e+00
       1001      8.500     7.1870     7.1852    -0.0018    3.51189    3.51208          1     6.0607     6.1965       9.95     0.0389  5.734e-01  6.754e-01  1.178e+02    34.6245    34.6283     0.0038    27.0969    27.1001      8.422      8.429      0.462    1479.05    1479.05  0.000e+00
       1027      9.000     7.1878     7.1857    -0.0021    3.51198    3.51213          1     6.0752     6.1951       9.95     0.0391  4.456e-01  5.249e-01  1.178e+02    34.6244    34.6282     0.0038    27.0967    27.1000      8.917      8.925      0.410    1479.06    1479.06  0.000e+00
       1062      9.500     7.1876     7.1867    -0.0009    3.51199    3.51226          1     6.0973     6.1950       9.96     0.0370  3.231e-01  3.806e-01  1.178e+02    34.6245    34.6283     0.0038    27.0968    27.0999      9.413      9.421      0.310    1479.07    1479.07  0.000e+00
       1104     10.000     7.1859     7.1859     0.0000    3.51185    3.51221          1     6.0846     6.2130       9.96     0.0366  2.412e-01  2.841e-01  1.178e+02    34.6245    34.6284     0.0040    27.0970    27.1001      9.908      9.917      0.271    1479.07    1479.07  0.000e+00
       1205     10.500     7.1856     7.1853    -0.0003    3.51184    3.51212          1     6.0816     6.2033       9.96     0.0375  2.037e-01  2.400e-01  1.178e+02    34.6244    34.6278     0.0034    27.0970    27.0997     10.404     10.412      0.262    1479.08    1479.08  0.000e+00
       1257     11.000     7.1860     7.1855    -0.0005    3.51190    3.51212          1     6.0944     6.1949       9.96     0.0370  1.386e-01  1.632e-01  1.178e+02    34.6244    34.6273     0.0029    27.0969    27.0993     10.899     10.908      0.527    1479.09    1479.09  0.000e+00
       1277     11.500     7.1865     7.1856    -0.0009    3.51196    3.51220          1     6.0850     6.2015       9.96     0.0363  7.999e-02  9.422e-02  1.178e+02    34.6243    34.6279     0.0036    27.0968    27.0997     11.394     11.404      0.560    1479.10    1479.10  0.000e+00
       1300     12.000     7.1861     7.1852    -0.0009    3.51197    3.51222          1     6.0858     6.1977       9.96     0.0360  3.690e-02  4.346e-02  1.178e+02    34.6245    34.6282     0.0037    27.0970    27.1000     11.890     11.900      0.472    1479.10    1479.10  0.000e+00
       1331     12.500     7.1871     7.1857    -0.0013    3.51206    3.51218          1     6.1067     6.1991       9.96     0.0371  7.668e-03  9.032e-03  1.178e+02    34.6243    34.6270     0.0027    27.0967    27.0990     12.385     12.396      0.334    1479.12    1479.11  0.000e+00
       1381     13.000     7.1878     7.1855    -0.0022    3.51213    3.51209          1     6.1189     6.2105       9.96     0.0358 -9.600e-04 -1.131e-03  1.178e+02    34.6242    34.6260     0.0018    27.0965    27.0983     12.881     12.892      0.211    1479.13    1479.12  0.000e+00
       1496     13.500     7.1878     7.1862    -0.0016    3.51219    3.51229          1     6.1191     6.1955       9.96     0.0378  8.484e-13  9.988e-13  1.177e+02    34.6245    34.6272     0.0027    27.0968    27.0991     13.376     13.387      0.263    1479.13    1479.13  0.000e+00
       1533     14.000     7.1881     7.1865    -0.0016    3.51223    3.51220          1     6.1142     6.1946       9.96     0.0349  8.559e-13  1.000e-12  1.168e+02    34.6245    34.6257     0.0012    27.0967    27.0979     13.871     13.883      0.356    1479.14    1479.14  0.000e+00
       1563     14.500     7.1895     7.1866    -0.0030    3.51237    3.51223          1     6.0991     6.1970       9.96     0.0367  8.489e-13  1.000e-12  1.178e+02    34.6242    34.6257     0.0014    27.0963    27.0979     14.367     14.379      0.455    1479.16    1479.15  0.000e+00
       1588     15.000     7.1890     7.1870    -0.0021    3.51234    3.51231          1     6.0888     6.1998       9.96     0.0385  8.496e-13  1.000e-12  1.177e+02    34.6242    34.6259     0.0016    27.0964    27.0979     14.862     14.875      0.466    1479.16    1479.16  0.000e+00
       1616     15.500     7.1877     7.1871    -0.0007    3.51226    3.51234          1     6.1041     6.1943       9.96     0.0367  8.490e-13  1.000e-12  1.178e+02    34.6243    34.6259     0.0015    27.0967    27.0980     15.358     15.371      0.373    1479.17    1479.17  0.000e+00
       1659     16.000     7.1885     7.1873    -0.0013    3.51238    3.51238          1     6.1154     6.2023       9.96     0.0378  8.600e-13  1.000e-12  1.163e+02    34.6246    34.6258     0.0012    27.0968    27.0979     15.853     15.867      0.232    1479.18    1479.18  0.000e+00
       1756     16.500     7.1968     7.1935    -0.0033    3.51311    3.51296          1     6.0788     6.2078       9.96     0.0409  8.629e-13  1.000e-12  1.159e+02    34.6241    34.6257     0.0016    27.0952    27.0969     16.348     16.362      0.303    1479.22    1479.21  0.000e+00
       1827     17.000     7.1967     7.1961    -0.0005    3.51311    3.51324          1     6.0944     6.2039       9.96     0.0404  8.639e-13  1.000e-12  1.158e+02    34.6240    34.6259     0.0019    27.0951    27.0967     16.844     16.858      0.547    1479.23    1479.23  0.000e+00
       1847     17.500     7.1931     7.1954     0.0022    3.51283    3.51326          1     6.0871     6.2134       9.95     0.0461  8.639e-13  1.000e-12  1.158e+02    34.6242    34.6266     0.0024    27.0958    27.0974     17.339     17.354      0.514    1479.22    1479.23  0.000e+00
       1876     18.000     7.1927     7.1940     0.0013    3.51283    3.51314          1     6.0803     6.1937       9.96     0.0476  8.639e-13  1.000e-12  1.158e+02    34.6244    34.6265     0.0021    27.0960    27.0975     17.835     17.850      0.379    1479.23    1479.23  0.000e+00
       1907     18.500     7.1954     7.1927    -0.0027    3.51306    3.51303          1     6.1057     6.2003       9.96     0.0470  8.639e-13  1.000e-12  1.158e+02    34.6239    34.6263     0.0025    27.0952    27.0975     18.330     18.346      0.438    1479.25    1479.24  0.000e+00
       1932     19.000     7.1943     7.1924    -0.0018    3.51303    3.51308          1     6.0981     6.2089       9.96     0.0488  8.639e-13  1.000e-12  1.158e+02    34.6245    34.6268     0.0023    27.0959    27.0980     18.825     18.842      0.480    1479.25    1479.25  0.000e+00
       1997     19.500     7.1972     7.1938    -0.0034    3.51329    3.51319          1     6.0963     6.2035       9.96     0.0472  8.639e-13  1.000e-12  1.158e+02    34.6241    34.6264     0.0023    27.0952    27.0974     19.321     19.338      0.310    1479.27    1479.26  0.000e+00
       2090     20.000     7.1976     7.1961    -0.0015    3.51336    3.51341          1     6.0864     6.1931       9.96     0.0473  8.639e-13  1.000e-12  1.158e+02    34.6242    34.6263     0.0021    27.0952    27.0970     19.816     19.833      0.382    1479.28    1479.28  0.000e+00
       2121     20.500     7.1977     7.1965    -0.0012    3.51339    3.51347          1     6.0867     6.1966       9.95     0.0475  8.639e-13  1.000e-12  1.158e+02    34.6243    34.6263     0.0021    27.0952    27.0970     20.311     20.329      0.408    1479.29    1479.29  0.000e+00
       2149     21.000     7.1977     7.1965    -0.0012    3.51342    3.51361          1     6.0842     6.1989       9.96     0.0527  8.639e-13  1.000e-12  1.158e+02    34.6243    34.6275     0.0033    27.0952    27.0979     20.807     20.825      0.413    1479.30    1479.30  0.000e+00
       2183     21.500     7.1968     7.1966    -0.0002    3.51335    3.51356          1     6.1111     6.1876       9.96     0.0473  8.639e-13  1.000e-12  1.158e+02    34.6242    34.6267     0.0025    27.0953    27.0973     21.302     21.321      0.289    1479.30    1479.30  0.000e+00
       2231     22.000     7.1966     7.1965    -0.0001    3.51335    3.51359          1     6.1133     6.1879       9.96     0.0457  8.639e-13  1.000e-12  1.158e+02    34.6242    34.6269     0.0027    27.0953    27.0974     21.798     21.817      0.328    1479.31    1479.31  0.000e+00
       2258     22.500     7.1959     7.1964     0.0005    3.51329    3.51368          1     6.1081     6.1953       9.95     0.0470  8.639e-13  1.000e-12  1.158e+02    34.6240    34.6277     0.0037    27.0952    27.0981     22.293     22.313      0.431    1479.31    1479.32  0.000e+00
       2333     23.000     7.1944     7.1951     0.0007    3.51318    3.51350          1     6.0906     6.1894       9.96     0.0468  8.649e-13  1.000e-12  1.156e+02    34.6240    34.6269     0.0028    27.0955    27.0976     22.788     22.808      0.285    1479.32    1479.32  0.000e+00
       2412     23.500     7.1944     7.1938    -0.0007    3.51322    3.51338          1     6.1181     6.2212       9.96     0.0482  8.661e-13  1.000e-12  1.155e+02    34.6242    34.6266     0.0024    27.0956    27.0976     23.284     23.304      0.396    1479.32    1479.32  0.000e+00
       2439     24.000     7.1968     7.1936    -0.0032    3.51346    3.51345          1     6.1000     6.2177       9.96     0.0479  8.708e-13  1.000e-12  1.148e+02    34.6241    34.6273     0.0032    27.0952    27.0982     23.779     23.800      0.426    1479.34    1479.33  0.000e+00
       2467     24.500     7.1985     7.1942    -0.0044    3.51364    3.51346          1     6.0781     6.2127       9.96     0.0463  8.696e-13  1.000e-12  1.150e+02    34.6242    34.6266     0.0024    27.0950    27.0975     24.274     24.296      0.424    1479.36    1479.34  0.000e+00
       2497     25.000     7.1986     7.1950    -0.0036    3.51369    3.51358          1     6.0761     6.2054       9.96     0.0473  8.716e-13  1.000e-12  1.147e+02    34.6243    34.6268     0.0025    27.0951    27.0975     24.770     24.792      0.378    1479.36    1479.35  0.000e+00
       2533     25.500     7.1971     7.1963    -0.0008    3.51356    3.51370          1     6.1076     6.1998       9.96     0.0460  8.769e-13  1.000e-12  1.140e+02    34.6241    34.6266     0.0024    27.0952    27.0972     25.265     25.288      0.288    1479.37    1479.37  0.000e+00
       2616     26.000     7.1970     7.1968    -0.0003    3.51357    3.51382          1     6.1288     6.1995       9.96     0.0464  8.782e-13  1.000e-12  1.139e+02    34.6241    34.6271     0.0030    27.0952    27.0976     25.761     25.783      0.227    1479.37    1479.38  0.000e+00
       2685     26.500     7.1963     7.1962    -0.0001    3.51353    3.51375          1     6.1221     6.1908       9.96     0.0450  8.793e-13  1.000e-12  1.137e+02    34.6241    34.6267     0.0025    27.0953    27.0973     26.256     26.279      0.455    1479.38    1479.38  0.000e+00
       2708     27.000     7.1963     7.1964     0.0001    3.51354    3.51380          1     6.1143     6.2043       9.96     0.0453  8.793e-13  1.000e-12  1.137e+02    34.6241    34.6268     0.0028    27.0952    27.0974     26.751     26.775      0.516    1479.39    1479.39  0.000e+00
       2735     27.500     7.1951     7.1963     0.0011    3.51348    3.51381          1     6.1229     6.2036       9.95     0.0463  8.793e-13  1.000e-12  1.137e+02    34.6243    34.6268     0.0025    27.0956    27.0974     27.247     27.271      0.350    1479.39    1479.40  0.000e+00
       2784     28.000     7.1972     7.1961    -0.0011    3.51368    3.51384          1     6.1056     6.1994       9.96     0.0457  8.793e-13  1.000e-12  1.137e+02    34.6242    34.6271     0.0029    27.0952    27.0976     27.742     27.767      0.256    1479.41    1479.41  0.000e+00
