ctdpy/exports/archive_20191120_135557/received_data/SBE09_1044_20180124_2119_34_02_0003.cnv
* Sea-Bird SBE 9 Data File:
* FileName = C:\ctd\temp\2018\ME18D003.hex
* Software Version Seasave V 7.26.6.26
* Temperature SN = 5351
* Conductivity SN = 3941
* Number of Bytes Per Scan = 41
* Number of Voltage Words = 4
* Number of Scans Averaged by the Deck Unit = 1
* NMEA Latitude = 57 27.92 N
* NMEA Longitude = 010 54.06 E
* NMEA UTC (Time) = Jan 24 2018  21:20:06
* NMEA baud rate = 4800
** Station:  GF8
** Operator:  SSip
** Ship: MERI
** Average sound velocity: 1464.65 m/s
** True-depth calculation Sat, 27 Jan 2018 04:02:15 +0000
** CTD Python Module SMHI /ver 3-12/ feb 2012 
** LIMS Job: 20183402-0003
** Cruise: SMHI-01-2018
** Latitude [GG MM.mm N] :
** Longitude [GG MM.mm E]:
# nquan = 26
# nvalues = 74                          
# units = specified
# name 0 = scan: Scan Count
# name 1 = prDM: Pressure, Digiquartz [db]
# name 2 = t090C: Temperature [ITS-90, deg C]
# name 3 = t190C: Temperature, 2 [ITS-90, deg C]
# name 4 = T2-T190C: Temperature Difference, 2 - 1 [ITS-90, deg C]
# name 5 = c0S/m: Conductivity [S/m]
# name 6 = c1S/m: Conductivity, 2 [S/m]
# name 7 = pumps: Pump Status
# name 8 = sbeox0ML/L: Oxygen, SBE 43 [ml/l]
# name 9 = sbeox1ML/L: Oxygen, SBE 43, 2 [ml/l]
# name 10 = altM: Altimeter [m]
# name 11 = flECO-AFL: Chl-a Fluorescence, WET Labs ECO-AFL/FL [mg/m^3]
# name 12 = flECO-AFL1: Phycocyanin Fluorescence, WET Labs ECO-AFL/FL, 2 [mg/m^3]
# name 13 = par: PAR/Irradiance, Biospherical/Lico [µE/(cm^2*s)]
# name 14 = turbWETntu0: Turbidity, WET Labs ECO [NTU]
# name 15 = sal00: Salinity, Practical [PSU]
# name 16 = sal11: Salinity, Practical, 2 [PSU]
# name 17 = secS-priS: Salinity, Practical, Difference, 2 - 1 [PSU]
# name 18 = sigma-t00: Density [sigma-t, Kg/m^3 ]
# name 19 = sigma-t11: Density, 2 [sigma-t, Kg/m^3 ]
# name 20 = depSM: Depth [salt water, m], lat = 57.4653
# name 21 = depFM: Depth [true depth, m], lat = 57.4653
# name 22 = dz/dtM: Descent Rate [m/s], WS = 2
# name 23 = svCM: Sound Velocity [Chen-Millero, m/s]
# name 24 = svCM1: Sound Velocity, 2 [Chen-Millero, m/s]
# name 25 = flag: flag
# span 0 =       6765,       8323       
# span 1 =      1.000,     37.500       
# span 2 =     4.2954,     6.6222       
# span 3 =     4.2965,     6.6413       
# span 4 =    -0.0478,     0.0327       
# span 5 =   2.330186,   3.363635       
# span 6 =   2.330201,   3.366315       
# span 7 =          1,          1       
# span 8 =    6.10769,    7.38034       
# span 9 =    6.08097,    7.37805       
# span 10 =       2.61,      39.03      
# span 11 =     0.2472,     0.8815      
# span 12 =     0.2612,     0.3766      
# span 13 = -2.592e-02, 3.2782e-01      
# span 14 =     0.6610,     2.2031      
# span 15 =    23.9861,    33.5380      
# span 16 =    23.9855,    33.5488      
# span 17 =    -0.0211,     0.1291      
# span 18 =    19.0033,    26.3177      
# span 19 =    19.0055,    26.3237      
# span 20 =      0.991,     37.151      
# span 21 =      1.000,     37.326      
# span 22 =     -0.070,      0.888      
# span 23 =    1453.84,    1475.96      
# span 24 =    1453.84,    1476.06      
# span 25 = 0.0000e+00, 0.0000e+00      
# interval = decibars: 0.5              
# start_time = Jan 24 2018 21:20:06 [NMEA time, first data scan]
# bad_flag = -9.990e-29
*END*
       6765      1.000     4.3116     4.3204     0.0086    2.33062    2.33112          1     7.3684     7.3604      15.58     0.7600     0.3359  3.278e-01  0.6610000    23.9920    23.9913    -0.0007    19.0183    19.0171      0.991      1.000      0.184    1453.84    1453.88  0.000e+00
       6787      1.500     4.3283     4.3241    -0.0041    2.33142    2.33128          1     7.3803     7.3780      31.52     0.7346     0.3629 -2.592e-02  0.6735000    23.9888    23.9903     0.0015    19.0144    19.0159      1.486      1.499      0.674    1453.92    1453.90  0.000e+00
       6802      2.000     4.4082     4.3690    -0.0390    2.33639    2.33398          1     7.3757     7.3546       2.61     0.7781     0.2935  1.054e-06  0.7435000    23.9864    23.9878     0.0014    19.0062    19.0104      1.981      1.999      0.688    1454.26    1454.10  0.000e+00
       6821      2.500     4.4416     4.3936    -0.0478    2.33854    2.33538          1     7.3630     7.3322      25.26     0.7914     0.3263  1.000e-12  0.7591000    23.9861    23.9855    -0.0006    19.0033    19.0066      2.477      2.499      0.736    1454.41    1454.21  0.000e+00
       6835      3.000     4.3963     4.4109     0.0140    2.33580    2.33655          1     7.3603     7.3277      39.03     0.7974     0.3625  1.000e-12  0.7638000    23.9880    23.9858    -0.0023    19.0085    19.0055      2.972      2.999      0.772    1454.23    1454.29  0.000e+00
       6851      3.500     4.3453     4.3332    -0.0116    2.33283    2.33229          1     7.3620     7.3269      38.79     0.8243     0.3651  1.000e-12  0.7941000    23.9915    23.9942     0.0027    19.0152    19.0184      3.468      3.498      0.635    1454.02    1453.97  0.000e+00
       6875      4.000     4.3069     4.3041    -0.0031    2.33234    2.33160          1     7.3457     7.3272      38.19     0.8557     0.3339  1.000e-12  0.7965000    24.0137    24.0074    -0.0063    19.0359    19.0311      3.963      3.998      0.482    1453.90    1453.88  0.000e+00
       6900      4.500     4.2976     4.2972    -0.0004    2.33151    2.33021          1     7.3418     7.3180      37.58     0.8433     0.3410  1.000e-12  0.7943000    24.0110    23.9966    -0.0144    19.0345    19.0230      4.458      4.498      0.592    1453.86    1453.84  0.000e+00
       6917      5.000     4.2964     4.2990     0.0026    2.33062    2.33020          1     7.3536     7.3246      37.27     0.8263     0.3574  1.000e-12  0.7979000    24.0015    23.9950    -0.0066    19.0270    19.0216      4.954      4.998      0.668    1453.85    1453.86  0.000e+00
       6936      5.500     4.2954     4.3001     0.0047    2.33019    2.33064          1     7.3662     7.3328      36.81     0.8093     0.3468  1.000e-12  0.8068000    23.9972    23.9989     0.0017    19.0237    19.0246      5.449      5.497      0.560    1453.85    1453.87  0.000e+00
       6963      6.000     4.2973     4.2968    -0.0004    2.33076    2.33058          1     7.3571     7.3085      36.13     0.8479     0.3163  1.000e-12  0.7739000    24.0021    24.0004    -0.0017    19.0274    19.0261      5.945      5.997      0.490    1453.87    1453.87  0.000e+00
       6982      6.500     4.2969     4.2996     0.0026    2.33113    2.33175          1     7.3373     7.2903      35.58     0.8798     0.3244  1.000e-12  0.7577000    24.0064    24.0114     0.0050    19.0309    19.0346      6.440      6.497      0.750    1453.89    1453.90  0.000e+00
       6996      7.000     4.2979     4.3007     0.0028    2.33205    2.33260          1     7.3447     7.2965      35.17     0.8640     0.3308  1.000e-12  0.7762000    24.0158    24.0200     0.0042    19.0382    19.0413      6.935      6.997      0.863    1453.91    1453.93  0.000e+00
       7009      7.500     4.2966     4.2965     0.0000    2.33180    2.33153          1     7.3549     7.3016      34.66     0.8457     0.3288  1.000e-12  0.8130000    24.0137    24.0108    -0.0029    19.0367    19.0344      7.431      7.496      0.888    1453.91    1453.91  0.000e+00
       7023      8.000     4.3021     4.3006    -0.0015    2.33353    2.33271          1     7.3492     7.3033      34.18     0.8342     0.3265  1.000e-12  0.8055000    24.0291    24.0209    -0.0082    19.0484    19.0421      7.926      7.996      0.859    1453.96    1453.95  0.000e+00
       7037      8.500     4.3331     4.3430     0.0099    2.34223    2.34475          1     7.3312     7.2951      33.80     0.8191     0.3164  1.000e-12  0.7947000    24.1043    24.1254     0.0211    19.1056    19.1215      8.421      8.496      0.808    1454.20    1454.27  0.000e+00
       7053      9.000     4.3689     4.3697     0.0008    2.35227    2.35243          1     7.3212     7.2796      33.29     0.8041     0.3234  1.000e-12  0.8028000    24.1911    24.1922     0.0012    19.1715    19.1723      8.917      8.996      0.758    1454.47    1454.47  0.000e+00
       7069      9.500     4.3716     4.3721     0.0006    2.35308    2.35316          1     7.3131     7.2630      32.69     0.8047     0.3320  1.000e-12  0.8056000    24.1979    24.1985     0.0005    19.1767    19.1771      9.412      9.495      0.711    1454.50    1454.50  0.000e+00
       7087     10.000     4.3556     4.3592     0.0035    2.34823    2.34914          1     7.2915     7.2398      32.23     0.8409     0.3532  1.000e-12  0.7954000    24.1549    24.1625     0.0077    19.1439    19.1497      9.908      9.995      0.606    1454.38    1454.41  0.000e+00
       7110     10.500     4.3675     4.3627    -0.0049    2.35245    2.35086          1     7.2862     7.2409      31.60     0.7905     0.3595  1.000e-12  0.8287000    24.1935    24.1791    -0.0144    19.1735    19.1625     10.403     10.495      0.519    1454.49    1454.45  0.000e+00
       7133     11.000     4.3810     4.3800    -0.0010    2.35800    2.35706          1     7.2690     7.2306      31.04     0.8325     0.3766  1.000e-12  0.7673000    24.2459    24.2361    -0.0099    19.2140    19.2062     10.898     10.994      0.495    1454.62    1454.61  0.000e+00
       7158     11.500     4.4512     4.4583     0.0070    2.38468    2.38842          1     7.2210     7.1939      30.39     0.8815     0.3666  1.000e-12  0.7524000    24.4943    24.5312     0.0369    19.4050    19.4337     11.394     11.494      0.511    1455.24    1455.32  0.000e+00
       7180     12.000     4.5126     4.5077    -0.0049    2.40730    2.40510          1     7.1665     7.1329      29.90     0.8323     0.3325  1.000e-12  0.7683000    24.7031    24.6820    -0.0211    19.5654    19.5491     11.889     11.994      0.583    1455.78    1455.73  0.000e+00
       7199     12.500     4.5299     4.5347     0.0048    2.42777    2.43320          1     6.9535     6.9182      29.41     0.7842     0.3459  1.000e-12  0.7725000    24.9202    24.9778     0.0576    19.7358    19.7810     12.384     12.493      0.634    1456.14    1456.23  0.000e+00
       7218     13.000     4.5560     4.5570     0.0009    2.48628    2.48545          1     6.8728     6.8339      28.92     0.7600     0.3236  1.000e-12  0.7627000    25.5595    25.5494    -0.0101    20.2399    20.2318     12.880     12.992      0.655    1457.07    1457.06  0.000e+00
       7236     13.500     4.5298     4.5295    -0.0002    2.49262    2.49298          1     6.9173     6.9152      28.48     0.6935     0.3281  1.000e-12  0.7973000    25.6512    25.6556     0.0043    20.3148    20.3182     13.375     13.491      0.624    1457.09    1457.09  0.000e+00
       7256     14.000     4.6509     4.6741     0.0233    2.57683    2.58990          1     6.8532     6.9151      27.93     0.6793     0.3400  1.000e-12  0.8172000    26.5055    26.6345     0.1291    20.9803    21.0804     13.870     13.990      0.557    1458.69    1458.95  0.000e+00
       7280     14.500     5.1849     5.1977     0.0126    2.85415    2.86543          1     6.6560     6.7120      27.36     0.5783     0.3306  1.000e-12  0.8119000    29.1900    29.3061     0.1161    23.0534    23.1439     14.366     14.489      0.498    1464.33    1464.53  0.000e+00
       7304     15.000     5.2447     5.2312    -0.0133    2.99821    3.00150          1     6.5950     6.5867      26.68     0.4497     0.3303  1.000e-12  0.8519000    30.7664    30.8160     0.0496    24.2943    24.3350     14.861     14.986      0.507    1466.59    1466.60  0.000e+00
       7327     15.500     5.0618     5.0555    -0.0063    3.03161    3.03219          1     6.6320     6.6042      25.39     0.3986     0.3191  1.000e-12  0.9352000    31.3155    31.3280     0.0125    24.7487    24.7593     15.356     15.483      0.557    1466.54    1466.53  0.000e+00
       7347     16.000     5.0135     5.0138     0.0003    3.04115    3.04159          1     6.6510     6.6202      21.45     0.3984     0.3168  1.000e-12  0.9783000    31.4697    31.4746     0.0048    24.8760    24.8798     15.852     15.980      0.634    1466.55    1466.56  0.000e+00
       7365     16.500     4.9979     4.9974    -0.0005    3.05876    3.05902          1     6.6722     6.6315      20.07     0.3773     0.3218  1.000e-12  1.0738000    31.6860    31.6894     0.0034    25.0490    25.0517     16.347     16.477      0.672    1466.77    1466.77  0.000e+00
       7383     17.000     4.9569     4.9572     0.0002    3.07739    3.07731          1     6.7115     6.6530      18.64     0.3915     0.3336  1.000e-12  1.1194000    31.9385    31.9373    -0.0011    25.2534    25.2525     16.843     16.974      0.669    1466.93    1466.93  0.000e+00
       7401     17.500     4.9385     4.9397     0.0013    3.08514    3.08539          1     6.7214     6.6606      19.22     0.4041     0.3068  1.000e-12  1.1512000    32.0449    32.0466     0.0017    25.3398    25.3410     17.338     17.471      0.618    1467.00    1467.01  0.000e+00
       7422     18.000     4.9690     4.9735     0.0045    3.09309    3.09422          1     6.6978     6.6553      19.74     0.4068     0.3011  1.000e-12  1.1589000    32.1067    32.1152     0.0086    25.3854    25.3917     17.833     17.967      0.533    1467.21    1467.24  0.000e+00
       7447     18.500     4.9806     4.9812     0.0006    3.10641    3.10801          1     6.7100     6.6689      21.67     0.3747     0.3141  1.000e-12  1.1001000    32.2480    32.2659     0.0179    25.4961    25.5102     18.329     18.464      0.483    1467.45    1467.47  0.000e+00
       7471     19.000     5.0178     5.0269     0.0090    3.11937    3.12074          1     6.7048     6.6731      22.21     0.3857     0.3255  1.000e-12  1.0955000    32.3605    32.3674     0.0069    25.5812    25.5856     18.824     18.960      0.506    1467.75    1467.80  0.000e+00
       7494     19.500     5.0924     5.0924     0.0000    3.13397    3.13404          1     6.6887     6.6634      21.80     0.3738     0.3048  1.000e-12  1.1491000    32.4553    32.4561     0.0008    25.6480    25.6486     19.319     19.457      0.559    1468.19    1468.19  0.000e+00
       7514     20.000     5.0890     5.0888    -0.0002    3.13558    3.13560          1     6.6751     6.6455      21.47     0.3845     0.2612  1.000e-12  1.1823000    32.4767    32.4773     0.0005    25.6654    25.6658     19.815     19.954      0.625    1468.21    1468.21  0.000e+00
       7533     20.500     5.0910     5.0911     0.0001    3.13777    3.13779          1     6.6638     6.6361      21.12     0.3817     0.3073  1.000e-12  1.1890000    32.4997    32.4998     0.0001    25.6834    25.6834     20.310     20.450      0.658    1468.25    1468.25  0.000e+00
       7551     21.000     5.1016     5.1024     0.0008    3.14092    3.14109          1     6.6544     6.6372      20.60     0.3748     0.3347  1.000e-12  1.1861000    32.5252    32.5263     0.0012    25.7023    25.7031     20.805     20.947      0.638    1468.34    1468.34  0.000e+00
       7570     21.500     5.1145     5.1167     0.0022    3.14357    3.14388          1     6.6598     6.6406      20.26     0.3658     0.3569  1.000e-12  1.1879000    32.5427    32.5441     0.0014    25.7148    25.7157     21.301     21.443      0.575    1468.42    1468.43  0.000e+00
       7593     22.000     5.1316     5.1365     0.0048    3.14723    3.14814          1     6.6756     6.6251      19.87     0.3633     0.3605  1.000e-12  1.1710000    32.5677    32.5734     0.0056    25.7327    25.7366     21.796     21.940      0.509    1468.53    1468.56  0.000e+00
       7617     22.500     5.1743     5.1802     0.0060    3.15706    3.15801          1     6.6642     6.6131      19.35     0.3571     0.3188  1.000e-12  1.1803000    32.6384    32.6435     0.0050    25.7838    25.7872     22.291     22.436      0.483    1468.80    1468.83  0.000e+00
       7642     23.000     5.1970     5.2008     0.0038    3.16213    3.16271          1     6.6444     6.5869      18.82     0.3620     0.3026  1.000e-12  1.2121000    32.6739    32.6768     0.0029    25.8094    25.8113     22.787     22.932      0.499    1468.95    1468.97  0.000e+00
       7665     23.500     5.2185     5.2221     0.0036    3.16718    3.16782          1     6.6440     6.5954      18.33     0.3568     0.3555  1.000e-12  1.2215000    32.7104    32.7141     0.0038    25.8358    25.8384     23.282     23.429      0.579    1469.09    1469.11  0.000e+00
       7684     24.000     5.2477     5.2479     0.0003    3.17259    3.17262          1     6.6441     6.6127      17.91     0.3566     0.3109  1.000e-12  1.2302000    32.7434    32.7435     0.0001    25.8587    25.8588     23.777     23.925      0.670    1469.26    1469.26  0.000e+00
       7701     24.500     5.3005     5.3059     0.0054    3.18091    3.18184          1     6.6278     6.6033      17.43     0.3733     0.2731  1.000e-12  1.2446000    32.7864    32.7917     0.0054    25.8867    25.8903     24.273     24.422      0.704    1469.53    1469.56  0.000e+00
       7718     25.000     5.3785     5.3805     0.0020    3.19273    3.19308          1     6.5937     6.5729      16.92     0.3555     0.3310  1.000e-12  1.2860000    32.8445    32.8466     0.0020    25.9237    25.9251     24.768     24.918      0.648    1469.93    1469.94  0.000e+00
       7740     25.500     5.4207     5.4260     0.0053    3.19872    3.19948          1     6.5604     6.5511      15.93     0.3448     0.3224  1.000e-12  1.2675000    32.8711    32.8746     0.0035    25.9399    25.9420     25.263     25.415      0.486    1470.15    1470.17  0.000e+00
       7771     26.000     5.4660     5.4774     0.0115    3.20494    3.20610          1     6.5538     6.5574      15.70     0.3378     0.3177  1.000e-12  1.1644000    32.8972    32.8993     0.0020    25.9553    25.9555     25.759     25.911      0.381    1470.37    1470.42  0.000e+00
       7798     26.500     5.6191     5.6382     0.0190    3.22611    3.22880          1     6.4886     6.4969      15.27     0.3108     0.2726  1.000e-12  1.1728000    32.9871    32.9989     0.0118    26.0083    26.0154     26.254     26.407      0.588    1471.11    1471.20  0.000e+00
       7815     27.000     5.6848     5.6835    -0.0013    3.23485    3.23470          1     6.4555     6.4530      14.86     0.3165     0.2725  1.000e-12  1.5706000    33.0214    33.0210    -0.0004    26.0276    26.0275     26.749     26.904      0.760    1471.43    1471.42  0.000e+00
       7830     27.500     5.6851     5.6850    -0.0001    3.23498    3.23492          1     6.4388     6.4360      14.43     0.3275     0.2710  1.000e-12  1.9513000    33.0224    33.0218    -0.0006    26.0284    26.0279     27.244     27.400      0.804    1471.44    1471.44  0.000e+00
       7845     28.000     5.6890     5.6887    -0.0003    3.23552    3.23546          1     6.4294     6.4302      13.94     0.3362     0.2929  1.000e-12  2.0221000    33.0244    33.0240    -0.0004    26.0295    26.0292     27.740     27.896      0.725    1471.46    1471.46  0.000e+00
