ctdpy/exports/archive_20191120_135557/received_data/SBE09_0827_20180305_0534_26_01_0365.cnv
* Sea-Bird SBE 9 Data File:
* FileName = D:\CTD_SBE911\DAT\26DA.2018.3.65.hex
* Software Version Seasave V 7.21d
* Temperature SN = 034757
* Conductivity SN = 041844
* Number of Bytes Per Scan = 48
* Number of Voltage Words = 5
* Number of Scans Averaged by the Deck Unit = 1
* NMEA Latitude = 55 27.88 N
* NMEA Longitude = 014 31.50 E
* NMEA UTC (Time) = Mar 05 2018  05:34:52
* NMEA baud rate = 4800
** Ship: DANA
** Average sound velocity: 1423.03 m/s
** True-depth calculation Tue, 02 Apr 2019 12:11:03 +0000
** CTD Python Module SMHI /ver 3-12/ feb 2012 
** LIMS Job: 20182601-0365
** Operator:
** Cruise: 02/2018
# nquan = 26
# nvalues = 111                         
# units = specified
# name 0 = scan: Scan Count
# name 1 = prDM: Pressure, Digiquartz [db]
# name 2 = t090C: Temperature [ITS-90, deg C]
# name 3 = t190C: Temperature, 2 [ITS-90, deg C]
# name 4 = T2-T190C: Temperature Difference, 2 - 1 [ITS-90, deg C]
# name 5 = c0S/m: Conductivity [S/m]
# name 6 = c1S/m: Conductivity, 2 [S/m]
# name 7 = pumps: Pump Status
# name 8 = sbeox1ML/L: Oxygen, SBE 43, 2 [ml/l]
# name 9 = sbeox0ML/L: Oxygen, SBE 43 [ml/l]
# name 10 = altM: Altimeter [m]
# name 11 = chloroflTC0: Chlorophyll, Turner Cyclops [ug/l]
# name 12 = cpar: CPAR/Corrected Irradiance [%]
# name 13 = par: PAR/Irradiance, Biospherical/Lico [µE/(cm^2*s)]
# name 14 = spar: SPAR, Biospherical/Licor
# name 15 = sal00: Salinity, Practical [PSU]
# name 16 = sal11: Salinity, Practical, 2 [PSU]
# name 17 = secS-priS: Salinity, Practical, Difference, 2 - 1 [PSU]
# name 18 = sigma-t00: Density [sigma-t, kg/m^3 ]
# name 19 = sigma-t11: Density, 2 [sigma-t, kg/m^3 ]
# name 20 = depSM: Depth [salt water, m], lat = 55.4647
# name 21 = depFM: Depth [true depth, m], lat = 55.4647
# name 22 = dz/dtM: Descent Rate [m/s], WS = 2
# name 23 = svCM: Sound Velocity [Chen-Millero, m/s]
# name 24 = svCM1: Sound Velocity, 2 [Chen-Millero, m/s]
# name 25 = flag: flag
# span 0 =        169,       5868       
# span 1 =      2.000,     57.000       
# span 2 =     2.0643,     2.3011       
# span 3 =     2.0649,     2.3001       
# span 4 =    -0.0597,     0.0037       
# span 5 =   0.728779,   0.736695       
# span 6 =   0.728029,   0.736039       
# span 7 =          1,          1       
# span 8 =     8.7785,     8.8594       
# span 9 =     8.7396,     8.8429       
# span 10 =       0.89,       9.96      
# span 11 =     0.0171,     0.0343      
# span 12 = 9.8341e-12, 2.3410e+00      
# span 13 = 1.0000e-12, 1.9017e-01      
# span 14 = 8.1225e+00, 1.0171e+01      
# span 15 =     7.3051,     7.3293      
# span 16 =     7.2981,     7.3223      
# span 17 =    -0.0160,    -0.0064      
# span 18 =     5.8254,     5.8457      
# span 19 =     5.8198,     5.8401      
# span 20 =      1.982,     56.476      
# span 21 =      2.025,     57.720      
# span 22 =     -0.050,      0.487      
# span 23 =    1422.26,    1424.25      
# span 24 =    1422.25,    1424.24      
# span 25 = 0.0000e+00, 0.0000e+00      
# interval = decibars: 0.5              
# start_time = Mar 05 2018 05:34:53 [NMEA time, first data scan]
# bad_flag = -9.990e-29
*END*
        169      2.000     2.0680     2.0670    -0.0009    0.72878    0.72803          1     8.8143     8.8250       9.96     0.0176  2.341e+00  1.902e-01  8.123e+00     7.3060     7.2981    -0.0078     5.8261     5.8198      1.982      2.025      0.464    1422.26    1422.25  0.000e+00
        235      2.500     2.0683     2.0675    -0.0009    0.72879    0.72805          1     8.8192     8.8245       9.96     0.0172  1.389e+00  1.129e-01  8.123e+00     7.3060     7.2981    -0.0078     5.8261     5.8198      2.477      2.532      0.487    1422.27    1422.26  0.000e+00
        267      3.000     2.0679     2.0683     0.0004    0.72879    0.72808          1     8.8304     8.8364       9.96     0.0173  4.374e-01  3.553e-02  8.123e+00     7.3059     7.2982    -0.0077     5.8261     5.8199      2.973      3.038      0.318    1422.28    1422.27  0.000e+00
        348      3.500     2.0678     2.0678    -0.0000    0.72879    0.72807          1     8.8443     8.8205       9.96     0.0174  7.258e-02  5.896e-03  8.123e+00     7.3059     7.2982    -0.0077     5.8261     5.8199      3.468      3.544      0.349    1422.29    1422.28  0.000e+00
        375      4.000     2.0677     2.0677    -0.0001    0.72880    0.72808          1     8.8463     8.8201       9.96     0.0173  1.264e-03  1.027e-04  8.123e+00     7.3059     7.2982    -0.0078     5.8261     5.8199      3.964      4.051      0.459    1422.29    1422.28  0.000e+00
        405      4.500     2.0681     2.0684     0.0003    0.72881    0.72810          1     8.8554     8.8314       9.96     0.0178  1.352e-11  1.098e-12  8.123e+00     7.3059     7.2982    -0.0077     5.8261     5.8199      4.459      4.557      0.328    1422.30    1422.30  0.000e+00
        483      5.000     2.0681     2.0681     0.0000    0.72881    0.72812          1     8.8477     8.8267       9.96     0.0175  1.231e-11  1.000e-12  8.123e+00     7.3059     7.2984    -0.0075     5.8260     5.8201      4.955      5.063      0.305    1422.31    1422.30  0.000e+00
        518      5.500     2.0678     2.0678    -0.0001    0.72881    0.72812          1     8.8483     8.8290       9.96     0.0175  1.231e-11  1.000e-12  8.123e+00     7.3059     7.2985    -0.0074     5.8260     5.8201      5.450      5.570      0.460    1422.32    1422.31  0.000e+00
        546      6.000     2.0679     2.0687     0.0008    0.72882    0.72815          1     8.8545     8.8313       9.96     0.0177  1.231e-11  1.000e-12  8.123e+00     7.3059     7.2984    -0.0075     5.8260     5.8201      5.946      6.076      0.326    1422.33    1422.32  0.000e+00
        619      6.500     2.0678     2.0680     0.0003    0.72882    0.72815          1     8.8348     8.8306       9.96     0.0171  1.231e-11  1.000e-12  8.123e+00     7.3059     7.2986    -0.0073     5.8260     5.8202      6.441      6.582      0.265    1422.33    1422.32  0.000e+00
        659      7.000     2.0677     2.0682     0.0005    0.72882    0.72815          1     8.8370     8.8265       9.96     0.0171  1.231e-11  1.000e-12  8.123e+00     7.3058     7.2985    -0.0073     5.8260     5.8201      6.936      7.088      0.320    1422.34    1422.33  0.000e+00
        702      7.500     2.0677     2.0683     0.0006    0.72883    0.72817          1     8.8460     8.8167       9.96     0.0171  1.231e-11  1.000e-12  8.123e+00     7.3058     7.2985    -0.0073     5.8260     5.8202      7.432      7.595      0.244    1422.35    1422.34  0.000e+00
        761      8.000     2.0697     2.0681    -0.0016    0.72889    0.72817          1     8.8478     8.8171       9.96     0.0179  1.231e-11  1.000e-12  8.123e+00     7.3059     7.2985    -0.0074     5.8260     5.8201      7.927      8.101      0.206    1422.37    1422.35  0.000e+00
        809      8.500     2.0681     2.0686     0.0005    0.72885    0.72819          1     8.8400     8.8153       9.96     0.0172  1.231e-11  1.000e-12  8.123e+00     7.3058     7.2986    -0.0072     5.8260     5.8202      8.423      8.607      0.349    1422.37    1422.36  0.000e+00
        841      9.000     2.0674     2.0688     0.0014    0.72884    0.72820          1     8.8424     8.8134       9.96     0.0185  1.231e-11  1.000e-12  8.123e+00     7.3058     7.2986    -0.0072     5.8260     5.8202      8.918      9.114      0.302    1422.37    1422.37  0.000e+00
        911      9.500     2.0665     2.0671     0.0006    0.72883    0.72820          1     8.8487     8.8343       9.96     0.0206  1.231e-11  1.000e-12  8.123e+00     7.3058     7.2989    -0.0070     5.8260     5.8204      9.414      9.620      0.253    1422.37    1422.37  0.000e+00
        953     10.000     2.0674     2.0669    -0.0005    0.72886    0.72821          1     8.8441     8.8381       9.96     0.0195  1.231e-11  1.000e-12  8.123e+00     7.3058     7.2989    -0.0069     5.8260     5.8205      9.909     10.126      0.299    1422.39    1422.37  0.000e+00
       1008     10.500     2.0653     2.0671     0.0018    0.72882    0.72821          1     8.8474     8.8325       9.96     0.0240  1.231e-11  1.000e-12  8.123e+00     7.3058     7.2989    -0.0069     5.8260     5.8204     10.405     10.633      0.211    1422.38    1422.38  0.000e+00
       1056     11.000     2.0643     2.0649     0.0007    0.72880    0.72818          1     8.8432     8.8424       9.96     0.0261  1.231e-11  1.000e-12  8.123e+00     7.3058     7.2990    -0.0068     5.8259     5.8205     10.900     11.139      0.331    1422.39    1422.38  0.000e+00
       1094     11.500     2.0651     2.0653     0.0003    0.72882    0.72819          1     8.8402     8.8314       9.96     0.0249  1.231e-11  1.000e-12  8.123e+00     7.3058     7.2989    -0.0068     5.8259     5.8205     11.396     11.645      0.254    1422.40    1422.39  0.000e+00
       1155     12.000     2.0656     2.0651    -0.0004    0.72884    0.72820          1     8.8374     8.8248       9.96     0.0269  1.231e-11  1.000e-12  8.123e+00     7.3058     7.2989    -0.0069     5.8260     5.8205     11.891     12.152      0.247    1422.41    1422.40  0.000e+00
       1196     12.500     2.0661     2.0659    -0.0002    0.72886    0.72822          1     8.8426     8.8296       9.96     0.0267  1.231e-11  1.000e-12  8.123e+00     7.3058     7.2989    -0.0069     5.8260     5.8204     12.386     12.658      0.287    1422.42    1422.41  0.000e+00
       1251     13.000     2.0674     2.0663    -0.0011    0.72890    0.72823          1     8.8424     8.8261       9.96     0.0261  1.231e-11  1.000e-12  8.123e+00     7.3058     7.2989    -0.0069     5.8260     5.8205     12.882     13.164      0.196    1422.43    1422.42  0.000e+00
       1305     13.500     2.0657     2.0671     0.0014    0.72886    0.72825          1     8.8458     8.8168       9.96     0.0266  1.231e-11  1.000e-12  8.123e+00     7.3058     7.2989    -0.0069     5.8259     5.8204     13.377     13.671      0.273    1422.43    1422.43  0.000e+00
       1348     14.000     2.0656     2.0675     0.0019    0.72887    0.72827          1     8.8490     8.8195       9.96     0.0260  1.231e-11  1.000e-12  8.123e+00     7.3058     7.2989    -0.0069     5.8259     5.8205     13.873     14.177      0.255    1422.44    1422.44  0.000e+00
       1400     14.500     2.0663     2.0699     0.0037    0.72889    0.72832          1     8.8384     8.8271       9.96     0.0262  1.231e-11  1.000e-12  8.123e+00     7.3058     7.2988    -0.0069     5.8259     5.8204     14.368     14.683      0.251    1422.45    1422.46  0.000e+00
       1440     15.000     2.0690     2.0709     0.0019    0.72896    0.72836          1     8.8384     8.8297       9.96     0.0260  1.231e-11  1.000e-12  8.123e+00     7.3058     7.2989    -0.0069     5.8260     5.8205     14.864     15.190      0.306    1422.47    1422.47  0.000e+00
       1500     15.500     2.0732     2.0714    -0.0019    0.72905    0.72837          1     8.8463     8.8268       9.96     0.0265  1.231e-11  1.000e-12  8.123e+00     7.3057     7.2989    -0.0069     5.8260     5.8204     15.359     15.696      0.232    1422.50    1422.48  0.000e+00
       1550     16.000     2.0746     2.0731    -0.0015    0.72909    0.72841          1     8.8527     8.8376       9.96     0.0244  1.231e-11  1.000e-12  8.123e+00     7.3058     7.2988    -0.0070     5.8260     5.8204     15.854     16.202      0.309    1422.51    1422.50  0.000e+00
       1603     16.500     2.0733     2.0733    -0.0001    0.72906    0.72842          1     8.8438     8.8369       9.96     0.0247  1.231e-11  1.000e-12  8.123e+00     7.3057     7.2988    -0.0069     5.8259     5.8204     16.350     16.709      0.228    1422.52    1422.51  0.000e+00
       1654     17.000     2.0705     2.0720     0.0015    0.72901    0.72841          1     8.8447     8.8298       9.96     0.0244  1.231e-11  1.000e-12  8.123e+00     7.3057     7.2989    -0.0068     5.8259     5.8205     16.845     17.215      0.351    1422.51    1422.51  0.000e+00
       1689     17.500     2.0702     2.0714     0.0012    0.72900    0.72839          1     8.8445     8.8297       9.96     0.0230  1.231e-11  1.000e-12  8.123e+00     7.3056     7.2988    -0.0068     5.8258     5.8204     17.341     17.721      0.260    1422.52    1422.51  0.000e+00
       1757     18.000     2.0706     2.0705    -0.0001    0.72902    0.72838          1     8.8421     8.8232       9.96     0.0194  1.231e-11  1.000e-12  8.123e+00     7.3056     7.2988    -0.0068     5.8259     5.8204     17.836     18.227      0.296    1422.53    1422.52  0.000e+00
       1790     18.500     2.0694     2.0704     0.0010    0.72899    0.72838          1     8.8440     8.8278       9.96     0.0191  1.231e-11  1.000e-12  8.123e+00     7.3056     7.2988    -0.0068     5.8258     5.8204     18.332     18.734      0.350    1422.53    1422.52  0.000e+00
       1844     19.000     2.0695     2.0706     0.0011    0.72901    0.72839          1     8.8531     8.8182       9.96     0.0197  1.231e-11  1.000e-12  8.123e+00     7.3057     7.2988    -0.0068     5.8259     5.8204     18.827     19.240      0.217    1422.53    1422.53  0.000e+00
       1915     19.500     2.0704     2.0705     0.0001    0.72903    0.72839          1     8.8538     8.8199       9.96     0.0196  1.231e-11  1.000e-12  8.123e+00     7.3056     7.2987    -0.0069     5.8258     5.8203     19.323     19.746      0.351    1422.55    1422.54  0.000e+00
       1944     20.000     2.0713     2.0708    -0.0005    0.72905    0.72841          1     8.8551     8.8261       9.96     0.0207  1.231e-11  1.000e-12  8.123e+00     7.3056     7.2988    -0.0068     5.8258     5.8203     19.818     20.253      0.338    1422.56    1422.55  0.000e+00
       2009     20.500     2.0702     2.0707     0.0006    0.72904    0.72841          1     8.8491     8.8232       9.96     0.0211  1.231e-11  1.000e-12  8.123e+00     7.3056     7.2987    -0.0069     5.8258     5.8203     20.313     20.759      0.251    1422.56    1422.56  0.000e+00
       2056     21.000     2.0708     2.0699    -0.0008    0.72906    0.72840          1     8.8394     8.8140       9.96     0.0201  1.231e-11  1.000e-12  8.123e+00     7.3056     7.2988    -0.0068     5.8258     5.8203     20.809     21.265      0.404    1422.57    1422.56  0.000e+00
       2086     21.500     2.0702     2.0706     0.0004    0.72905    0.72842          1     8.8457     8.8275       9.96     0.0194  1.231e-11  1.000e-12  8.123e+00     7.3056     7.2987    -0.0069     5.8258     5.8203     21.304     21.772      0.322    1422.58    1422.57  0.000e+00
       2160     22.000     2.0705     2.0710     0.0005    0.72906    0.72844          1     8.8495     8.8206       9.96     0.0191  1.231e-11  1.000e-12  8.123e+00     7.3056     7.2988    -0.0068     5.8258     5.8204     21.800     22.278      0.250    1422.59    1422.58  0.000e+00
       2205     22.500     2.0731     2.0709    -0.0022    0.72915    0.72845          1     8.8494     8.8200       9.96     0.0195  1.231e-11  1.000e-12  8.123e+00     7.3059     7.2989    -0.0070     5.8261     5.8204     22.295     22.784      0.296    1422.61    1422.59  0.000e+00
       2261     23.000     2.0764     2.0722    -0.0042    0.72926    0.72850          1     8.8392     8.8296       9.96     0.0191  1.231e-11  1.000e-12  8.123e+00     7.3062     7.2990    -0.0072     5.8263     5.8205     22.791     23.291      0.212    1422.63    1422.60  0.000e+00
       2310     23.500     2.0757     2.0733    -0.0025    0.72925    0.72854          1     8.8506     8.8219       9.96     0.0184  1.231e-11  1.000e-12  8.123e+00     7.3062     7.2991    -0.0071     5.8263     5.8206     23.286     23.797      0.297    1422.64    1422.62  0.000e+00
       2355     24.000     2.0751     2.0744    -0.0007    0.72923    0.72856          1     8.8534     8.8188       9.96     0.0195  1.231e-11  1.000e-12  8.123e+00     7.3061     7.2991    -0.0070     5.8263     5.8206     23.781     24.303      0.235    1422.64    1422.63  0.000e+00
       2404     24.500     2.0748     2.0751     0.0003    0.72923    0.72861          1     8.8517     8.8177       9.96     0.0195  1.231e-11  1.000e-12  8.123e+00     7.3061     7.2993    -0.0068     5.8262     5.8208     24.277     24.810      0.266    1422.65    1422.64  0.000e+00
       2455     25.000     2.0747     2.0756     0.0009    0.72923    0.72863          1     8.8586     8.8252       9.96     0.0189  1.225e-11  1.000e-12  8.174e+00     7.3061     7.2993    -0.0068     5.8262     5.8208     24.772     25.316      0.212    1422.66    1422.65  0.000e+00
       2509     25.500     2.0745     2.0749     0.0004    0.72923    0.72862          1     8.8465     8.8371       9.96     0.0187  1.225e-11  1.000e-12  8.169e+00     7.3060     7.2993    -0.0067     5.8262     5.8208     25.268     25.822      0.268    1422.66    1422.65  0.000e+00
       2552     26.000     2.0742     2.0750     0.0008    0.72923    0.72862          1     8.8500     8.8289       9.96     0.0197  1.231e-11  1.000e-12  8.123e+00     7.3059     7.2993    -0.0067     5.8261     5.8208     25.763     26.329      0.239    1422.67    1422.66  0.000e+00
       2618     26.500     2.0731     2.0738     0.0007    0.72920    0.72859          1     8.8463     8.8429       9.96     0.0193  1.197e-11  1.000e-12  8.406e+00     7.3058     7.2992    -0.0066     5.8260     5.8207     26.258     26.835      0.227    1422.67    1422.67  0.000e+00
       2663     27.000     2.0760     2.0733    -0.0026    0.72929    0.72859          1     8.8447     8.8139       9.96     0.0187  1.160e-11  1.000e-12  8.710e+00     7.3061     7.2991    -0.0070     5.8263     5.8207     26.754     27.341      0.306    1422.69    1422.67  0.000e+00
       2705     27.500     2.0762     2.0737    -0.0024    0.72928    0.72860          1     8.8466     8.8176       9.96     0.0202  1.156e-11  1.000e-12  8.742e+00     7.3058     7.2991    -0.0067     5.8260     5.8207     27.249     27.848      0.270    1422.70    1422.68  0.000e+00
       2751     28.000     2.0807     2.0762    -0.0046    0.72940    0.72866          1     8.8464     8.8301       9.96     0.0195  1.149e-11  1.000e-12  8.799e+00     7.3060     7.2992    -0.0068     5.8262     5.8207     27.745     28.354      0.236    1422.73    1422.70  0.000e+00
       2816     28.500     2.0864     2.0795    -0.0070    0.72956    0.72874          1     8.8465     8.8190       9.96     0.0198  1.121e-11  1.000e-12  9.027e+00     7.3063     7.2991    -0.0072     5.8265     5.8207     28.240     28.860      0.245    1422.77    1422.72  0.000e+00
       2854     29.000     2.0872     2.0836    -0.0037    0.72958    0.72884          1     8.8528     8.8189       9.96     0.0177  1.075e-11  1.000e-12  9.410e+00     7.3063     7.2991    -0.0071     5.8264     5.8207     28.735     29.366      0.357    1422.78    1422.75  0.000e+00
