ctdpy/exports/archive_20191120_135557/received_data/SBE09_0827_20180904_1641_26_01_0960.cnv
* Sea-Bird SBE 9 Data File:
* FileName = D:\CTD_SBE911\DAT\26DA.2018.9.10.hex
* Software Version Seasave V 7.21d
* Temperature SN = 034605
* Conductivity SN = 041844
* Number of Bytes Per Scan = 48
* Number of Voltage Words = 5
* Number of Scans Averaged by the Deck Unit = 1
* NMEA Latitude = 57 18.71 N
* NMEA Longitude = 020 04.61 E
* NMEA UTC (Time) = Sep 04 2018  16:44:08
* NMEA baud rate = 4800
** Ship: DANA
** Average sound velocity: 1450.26 m/s
** True-depth calculation Wed, 03 Apr 2019 09:28:19 +0000
** CTD Python Module SMHI /ver 3-12/ feb 2012 
** LIMS Job: 20182601-0960
**  BY15
** Operator: Christian JKro
** Cruise: 09/2018
# nquan = 26
# nvalues = 471                         
# units = specified
# name 0 = scan: Scan Count
# name 1 = prDM: Pressure, Digiquartz [db]
# name 2 = t090C: Temperature [ITS-90, deg C]
# name 3 = t190C: Temperature, 2 [ITS-90, deg C]
# name 4 = T2-T190C: Temperature Difference, 2 - 1 [ITS-90, deg C]
# name 5 = c0S/m: Conductivity [S/m]
# name 6 = c1S/m: Conductivity, 2 [S/m]
# name 7 = pumps: Pump Status
# name 8 = sbeox1ML/L: Oxygen, SBE 43, 2 [ml/l]
# name 9 = sbeox0ML/L: Oxygen, SBE 43 [ml/l]
# name 10 = altM: Altimeter [m]
# name 11 = chloroflTC0: Chlorophyll, Turner Cyclops [ug/l]
# name 12 = cpar: CPAR/Corrected Irradiance [%]
# name 13 = par: PAR/Irradiance, Biospherical/Lico [µE/(cm^2*s)]
# name 14 = spar: SPAR, Biospherical/Licor
# name 15 = sal00: Salinity, Practical [PSU]
# name 16 = sal11: Salinity, Practical, 2 [PSU]
# name 17 = secS-priS: Salinity, Practical, Difference, 2 - 1 [PSU]
# name 18 = sigma-t00: Density [sigma-t, kg/m^3 ]
# name 19 = sigma-t11: Density, 2 [sigma-t, kg/m^3 ]
# name 20 = depSM: Depth [salt water, m], lat = 57.3118
# name 21 = depFM: Depth [true depth, m], lat = 57.3118
# name 22 = dz/dtM: Descent Rate [m/s], WS = 2
# name 23 = svCM: Sound Velocity [Chen-Millero, m/s]
# name 24 = svCM1: Sound Velocity, 2 [Chen-Millero, m/s]
# name 25 = flag: flag
# span 0 =         43,      17599       
# span 1 =      1.500,    236.500       
# span 2 =     3.1559,    18.4231       
# span 3 =     3.1255,    18.4186       
# span 4 =    -1.3558,     0.1678       
# span 5 =   0.752543,   1.458228       
# span 6 =   0.751971,   1.457806       
# span 7 =          1,          1       
# span 8 =     0.0329,     7.7671       
# span 9 =     0.0187,     8.0878       
# span 10 =       1.89,       9.98      
# span 11 =     0.0427,     0.3058      
# span 12 = -6.197e-06, 6.3859e+00      
# span 13 = -5.538e-06, 6.1120e+00      
# span 14 = 6.0854e+01, 9.5784e+01      
# span 15 =     6.9034,    13.2790      
# span 16 =     6.9281,    13.2751      
# span 17 =    -0.0544,     0.1258      
# span 18 =     3.8298,    10.3655      
# span 19 =     3.8280,    10.3625      
# span 20 =      1.486,    234.188      
# span 21 =      1.522,    238.896      
# span 22 =      0.018,      0.532      
# span 23 =    1427.96,    1485.51      
# span 24 =    1427.75,    1485.52      
# span 25 = 0.0000e+00, 0.0000e+00      
# interval = decibars: 0.5              
# start_time = Sep 04 2018 16:44:08 [NMEA time, first data scan]
# bad_flag = -9.990e-29
*END*
[from data line 446]
      15994    224.500     6.9048     6.9040    -0.0009    1.45683    1.45633          1     0.0388     0.0201       9.97     0.0521  1.588e-12  1.000e-12  6.296e+01    13.2673    13.2627    -0.0046    10.3562    10.3527    222.312    226.799      0.508    1454.81    1454.80  0.000e+00
      16018    225.000     6.9044     6.9036    -0.0009    1.45725    1.45675          1     0.0373     0.0227       9.97     0.0524  1.588e-12  1.000e-12  6.296e+01    13.2715    13.2669    -0.0046    10.3595    10.3560    222.806    227.303      0.506    1454.82    1454.81  0.000e+00
      16042    225.500     6.9040     6.9031    -0.0009    1.45763    1.45716          1     0.0354     0.0244       9.97     0.0530  1.588e-12  1.000e-12  6.296e+01    13.2753    13.2710    -0.0043    10.3625    10.3592    223.301    227.807      0.490    1454.83    1454.82  0.000e+00
      16067    226.000     6.9036     6.9026    -0.0010    1.45785    1.45742          1     0.0365     0.0214       9.97     0.0532  1.588e-12  1.000e-12  6.296e+01    13.2775    13.2737    -0.0038    10.3643    10.3614    223.796    228.311      0.475    1454.84    1454.83  0.000e+00
      16092    226.500     6.9034     6.9025    -0.0009    1.45795    1.45753          1     0.0369     0.0202       9.97     0.0518  1.588e-12  1.000e-12  6.296e+01    13.2784    13.2746    -0.0038    10.3651    10.3622    224.291    228.815      0.478    1454.85    1454.84  0.000e+00
      16117    227.000     6.9033     6.9025    -0.0008    1.45799    1.45755          1     0.0352     0.0198       9.97     0.0523  1.588e-12  1.000e-12  6.296e+01    13.2787    13.2747    -0.0040    10.3653    10.3622    224.786    229.319      0.490    1454.85    1454.84  0.000e+00
      16142    227.500     6.9034     6.9025    -0.0008    1.45800    1.45757          1     0.0359     0.0230       9.97     0.0534  1.588e-12  1.000e-12  6.296e+01    13.2788    13.2748    -0.0040    10.3653    10.3623    225.281    229.823      0.478    1454.86    1454.85  0.000e+00
      16168    228.000     6.9034     6.9026    -0.0008    1.45802    1.45757          1     0.0366     0.0213       9.97     0.0535  1.588e-12  1.000e-12  6.296e+01    13.2788    13.2747    -0.0041    10.3654    10.3622    225.776    230.327      0.448    1454.87    1454.86  0.000e+00
      16195    228.500     6.9034     6.9025    -0.0009    1.45803    1.45759          1     0.0367     0.0205       9.93     0.0556  1.588e-12  1.000e-12  6.296e+01    13.2789    13.2748    -0.0040    10.3654    10.3623    226.270    230.831      0.453    1454.88    1454.87  0.000e+00
      16220    229.000     6.9034     6.9026    -0.0008    1.45805    1.45759          1     0.0365     0.0227       9.54     0.0560  1.588e-12  1.000e-12  6.296e+01    13.2789    13.2747    -0.0042    10.3654    10.3622    226.765    231.335      0.480    1454.89    1454.88  0.000e+00
      16246    229.500     6.9034     6.9026    -0.0008    1.45806    1.45761          1     0.0340     0.0202       9.01     0.0572  1.588e-12  1.000e-12  6.296e+01    13.2789    13.2748    -0.0041    10.3654    10.3623    227.260    231.839      0.431    1454.89    1454.89  0.000e+00
      16277    230.000     6.9034     6.9026    -0.0008    1.45808    1.45763          1     0.0369     0.0214       8.50     0.0561  1.588e-12  1.000e-12  6.296e+01    13.2790    13.2749    -0.0041    10.3655    10.3623    227.755    232.343      0.369    1454.90    1454.89  0.000e+00
      16310    230.500     6.9034     6.9026    -0.0008    1.45809    1.45764          1     0.0351     0.0207       7.98     0.0565  1.588e-12  1.000e-12  6.296e+01    13.2789    13.2749    -0.0041    10.3655    10.3623    228.250    232.848      0.368    1454.91    1454.90  0.000e+00
      16342    231.000     6.9035     6.9026    -0.0008    1.45810    1.45766          1     0.0352     0.0210       7.48     0.0566  1.588e-12  1.000e-12  6.296e+01    13.2789    13.2749    -0.0040    10.3655    10.3624    228.745    233.352      0.384    1454.92    1454.91  0.000e+00
      16373    231.500     6.9035     6.9026    -0.0009    1.45812    1.45767          1     0.0361     0.0196       6.96     0.0561  1.588e-12  1.000e-12  6.296e+01    13.2790    13.2749    -0.0041    10.3655    10.3624    229.239    233.856      0.366    1454.93    1454.92  0.000e+00
      16407    232.000     6.9035     6.9027    -0.0008    1.45813    1.45768          1     0.0347     0.0211       6.47     0.0582  1.588e-12  1.000e-12  6.296e+01    13.2790    13.2749    -0.0041    10.3655    10.3624    229.734    234.360      0.355    1454.93    1454.93  0.000e+00
      16441    232.500     6.9035     6.9027    -0.0008    1.45814    1.45769          1     0.0358     0.0189       5.96     0.0569  1.588e-12  1.000e-12  6.296e+01    13.2790    13.2749    -0.0041    10.3655    10.3624    230.229    234.864      0.349    1454.94    1454.93  0.000e+00
      16476    233.000     6.9036     6.9027    -0.0009    1.45815    1.45771          1     0.0368     0.0200       5.44     0.0577  1.588e-12  1.000e-12  6.296e+01    13.2790    13.2750    -0.0040    10.3655    10.3624    230.724    235.368      0.345    1454.95    1454.94  0.000e+00
      16510    233.500     6.9036     6.9027    -0.0008    1.45816    1.45772          1     0.0345     0.0205       4.94     0.0567  1.588e-12  1.000e-12  6.296e+01    13.2790    13.2750    -0.0040    10.3655    10.3624    231.219    235.872      0.345    1454.96    1454.95  0.000e+00
      16546    234.000     6.9036     6.9028    -0.0008    1.45817    1.45773          1     0.0352     0.0226       4.44     0.0567  1.588e-12  1.000e-12  6.296e+01    13.2790    13.2749    -0.0040    10.3655    10.3624    231.714    236.376      0.332    1454.97    1454.96  0.000e+00
      16582    234.500     6.9036     6.9028    -0.0008    1.45819    1.45774          1     0.0357     0.0187       3.94     0.0557  1.588e-12  1.000e-12  6.296e+01    13.2790    13.2749    -0.0040    10.3655    10.3624    232.208    236.880      0.348    1454.98    1454.97  0.000e+00
      16615    235.000     6.9037     6.9028    -0.0009    1.45820    1.45775          1     0.0356     0.0205       3.45     0.0565  1.588e-12  1.000e-12  6.296e+01    13.2790    13.2750    -0.0041    10.3655    10.3624    232.703    237.384      0.362    1454.98    1454.98  0.000e+00
      16649    235.500     6.9037     6.9028    -0.0009    1.45821    1.45777          1     0.0347     0.0200       2.92     0.0573  1.588e-12  1.000e-12  6.296e+01    13.2790    13.2750    -0.0040    10.3655    10.3625    233.198    237.888      0.346    1454.99    1454.98  0.000e+00
      16683    236.000     6.9037     6.9028    -0.0008    1.45822    1.45778          1     0.0356     0.0189       2.44     0.0579  1.588e-12  1.000e-12  6.296e+01    13.2790    13.2749    -0.0041    10.3655    10.3624    233.693    238.392      0.338    1455.00    1454.99  0.000e+00
      17599    236.500     6.9037     6.9028    -0.0009    1.45823    1.45781          1     0.0329     0.0211       1.89     0.0552  1.647e-12  1.000e-12  6.085e+01    13.2790    13.2751    -0.0038    10.3655    10.3625    234.188    238.896      0.018    1455.01    1455.01  0.000e+00
