ctdpy/exports/archive_20191120_135557/received_data/SBE09_0827_20180820_1323_26_01_0801.cnv
* Sea-Bird SBE 9 Data File:
* FileName = D:\CTD_SBE911\DAT\26DA.2018.8.1.hex
* Software Version Seasave V 7.21d
* Temperature SN = 034605
* Conductivity SN = 041844
* Number of Bytes Per Scan = 48
* Number of Voltage Words = 5
* Number of Scans Averaged by the Deck Unit = 1
* NMEA Latitude = 58 15.59 N
* NMEA Longitude = 011 25.85 E
* NMEA UTC (Time) = Aug 20 2018  13:26:11
* NMEA baud rate = 4800
** Ship: DANA
** Average sound velocity: 1499.40 m/s
** True-depth calculation Thu, 28 Mar 2019 09:17:03 +0000
** CTD Python Module SMHI /ver 3-12/ feb 2012 
** LIMS Job: 20182601-0801
** Operator: Eik
** Cruise: 04/2018
# nquan = 26
# nvalues = 109                         
# units = specified
# name 0 = scan: Scan Count
# name 1 = prDM: Pressure, Digiquartz [db]
# name 2 = t090C: Temperature [ITS-90, deg C]
# name 3 = t190C: Temperature, 2 [ITS-90, deg C]
# name 4 = T2-T190C: Temperature Difference, 2 - 1 [ITS-90, deg C]
# name 5 = c0S/m: Conductivity [S/m]
# name 6 = c1S/m: Conductivity, 2 [S/m]
# name 7 = pumps: Pump Status
# name 8 = sbeox1ML/L: Oxygen, SBE 43, 2 [ml/l]
# name 9 = sbeox0ML/L: Oxygen, SBE 43 [ml/l]
# name 10 = altM: Altimeter [m]
# name 11 = chloroflTC0: Chlorophyll, Turner Cyclops [ug/l]
# name 12 = cpar: CPAR/Corrected Irradiance [%]
# name 13 = par: PAR/Irradiance, Biospherical/Lico [µE/(cm^2*s)]
# name 14 = spar: SPAR, Biospherical/Licor
# name 15 = sal00: Salinity, Practical [PSU]
# name 16 = sal11: Salinity, Practical, 2 [PSU]
# name 17 = secS-priS: Salinity, Practical, Difference, 2 - 1 [PSU]
# name 18 = sigma-t00: Density [sigma-t, kg/m^3 ]
# name 19 = sigma-t11: Density, 2 [sigma-t, kg/m^3 ]
# name 20 = depSM: Depth [salt water, m], lat = 58.2598
# name 21 = depFM: Depth [true depth, m], lat = 58.2598
# name 22 = dz/dtM: Descent Rate [m/s], WS = 2
# name 23 = svCM: Sound Velocity [Chen-Millero, m/s]
# name 24 = svCM1: Sound Velocity, 2 [Chen-Millero, m/s]
# name 25 = flag: flag
# span 0 =        328,       5744       
# span 1 =      1.500,     55.500       
# span 2 =     7.0164,    18.6006       
# span 3 =     6.9820,    18.6023       
# span 4 =    -0.2797,     0.5115       
# span 5 =   3.456317,   4.155857       
# span 6 =   3.456287,   4.147514       
# span 7 =          1,          1       
# span 8 =     3.5947,     5.9131       
# span 9 =     3.6420,     5.5766       
# span 10 =       2.10,       9.98      
# span 11 =     0.0403,     0.2468      
# span 12 = -1.255e-06, 1.0594e+01      
# span 13 = -1.870e-05, 1.3888e+02      
# span 14 = 1.2993e+03, 1.5695e+03      
# span 15 =    28.1722,    34.1618      
# span 16 =    28.1779,    34.1956      
# span 17 =    -0.2885,     0.1705      
# span 18 =    19.9081,    26.7562      
# span 19 =    19.9120,    26.7875      
# span 20 =      1.486,     54.977      
# span 21 =      1.498,     55.233      
# span 22 =     -0.094,      0.301      
# span 23 =    1478.58,    1509.91      
# span 24 =    1478.49,    1509.91      
# span 25 = 0.0000e+00, 0.0000e+00      
# interval = decibars: 0.5              
# start_time = Aug 20 2018 13:26:11 [NMEA time, first data scan]
# bad_flag = -9.990e-29
*END*
[from data line 56]
       2915     29.500    16.1748    16.3698     0.1952    4.09925    4.11763          1     5.2778     4.9487       9.97     0.0985  1.369e-02  1.933e-01  1.412e+03    32.2628    32.2659     0.0032    23.6038    23.5621     29.224     29.409      0.280    1507.66    1508.27  0.000e+00
       2957     30.000    16.0840    16.2097     0.1259    4.09226    4.10567          1     5.2610     4.9420       9.97     0.0966  1.073e-02  1.532e-01  1.428e+03    32.2749    32.2906     0.0157    23.6336    23.6173     29.719     29.906      0.290    1507.40    1507.81  0.000e+00
       2999     30.500    16.0657    16.1323     0.0666    4.09084    4.09879          1     5.2366     4.9471       9.97     0.0902  8.024e-03  1.162e-01  1.449e+03    32.2770    32.2928     0.0158    23.6393    23.6365     30.214     30.404      0.276    1507.36    1507.58  0.000e+00
       3043     31.000    16.0577    16.0833     0.0256    4.09031    4.09478          1     5.2032     4.9658       9.97     0.0877  5.489e-03  8.006e-02  1.458e+03    32.2786    32.2972     0.0186    23.6424    23.6509     30.710     30.901      0.269    1507.34    1507.44  0.000e+00
       3089     31.500    16.0516    16.0551     0.0036    4.08987    4.09211          1     5.2017     4.9639       9.97     0.0954  3.306e-03  4.858e-02  1.470e+03    32.2796    32.2964     0.0168    23.6445    23.6566     31.205     31.399      0.260    1507.33    1507.36  0.000e+00
       3136     32.000    15.9997    16.0154     0.0156    4.08566    4.08900          1     5.2073     4.9624       9.97     0.1568  1.298e-03  1.927e-02  1.485e+03    32.2844    32.3012     0.0167    23.6598    23.6692     31.700     31.896      0.251    1507.19    1507.25  0.000e+00
       3184     32.500    15.8629    15.8917     0.0289    4.07424    4.07993          1     5.1969     4.9571       9.97     0.1350 -1.255e-06 -1.870e-05  1.473e+03    32.2949    32.3218     0.0269    23.6984    23.7127     32.196     32.394      0.253    1506.78    1506.90  0.000e+00
       3229     33.000    15.8182    15.8156    -0.0027    4.07076    4.07294          1     5.1620     4.9504       9.97     0.0945  5.410e-08  8.026e-07  1.458e+03    32.3004    32.3219     0.0215    23.7126    23.7297     32.691     32.891      0.274    1506.66    1506.67  0.000e+00
       3273     33.500    15.7711    15.7387    -0.0323    4.06692    4.06718          1     5.1920     4.9589       9.98     0.1104  6.865e-14  1.000e-12  1.457e+03    32.3048    32.3336     0.0288    23.7265    23.7558     33.186     33.389      0.280    1506.52    1506.46  0.000e+00
       3315     34.000    15.6240    15.6180    -0.0064    4.05429    4.06036          1     5.2635     4.9632       9.98     0.0961  6.821e-14  1.000e-12  1.466e+03    32.3128    32.3718     0.0590    23.7651    23.8118     33.681     33.886      0.286    1506.08    1506.13  0.000e+00
       3357     34.500    15.0237    14.9151    -0.1089    4.00240    4.00982          1     5.1547     4.6863       9.98     0.0925  6.704e-14  1.000e-12  1.492e+03    32.3420    32.4996     0.1576    23.9175    24.0628     34.177     34.383      0.278    1504.22    1504.06  0.000e+00
       3401     35.000    13.5090    13.6118     0.1035    3.88083    3.90617          1     4.9684     4.6691       9.98     0.0921  6.603e-14  1.000e-12  1.514e+03    32.4986    32.6471     0.1484    24.3544    24.4484     34.672     34.881      0.265    1499.50    1500.01  0.000e+00
       3448     35.500    13.3682    13.2917    -0.0776    3.87072    3.87500          1     4.9172     4.6963       9.98     0.0833  6.536e-14  1.000e-12  1.530e+03    32.5240    32.6295     0.1055    24.4025    24.4992     35.167     35.378      0.257    1499.07    1498.94  0.000e+00
       3495     36.000    13.1286    12.8481    -0.2797    3.84699    3.83668          1     4.8659     4.6614       9.98     0.0930  6.464e-14  1.000e-12  1.547e+03    32.5058    32.6497     0.1439    24.4359    24.6023     35.662     35.875      0.252    1498.26    1497.49  0.000e+00
       3542     36.500    12.6284    12.5113    -0.1171    3.80751    3.80785          1     4.7936     4.6126       9.98     0.0833  6.530e-14  1.000e-12  1.531e+03    32.5623    32.6670     0.1047    24.5771    24.6808     36.158     36.372      0.261    1496.66    1496.38  0.000e+00
       3587     37.000    12.0944    12.2591     0.1646    3.77787    3.79705          1     4.7865     4.5489       9.98     0.0718  6.707e-14  1.000e-12  1.491e+03    32.7429    32.7832     0.0403    24.8186    24.8190     36.653     36.869      0.272    1495.06    1495.67  0.000e+00
       3630     37.500    11.5206    12.0321     0.5115    3.73804    3.78427          1     4.7680     4.5004       9.98     0.0663  6.858e-14  1.000e-12  1.458e+03    32.8616    32.8592    -0.0024    25.0170    24.9207     37.148     37.366      0.283    1493.23    1495.00  0.000e+00
       3673     38.000    11.0712    11.2880     0.2167    3.70501    3.73465          1     4.6773     4.4960       9.98     0.0645  6.927e-14  1.000e-12  1.444e+03    32.9373    33.0357     0.0984    25.1569    25.1944     37.644     37.863      0.280    1491.76    1492.64  0.000e+00
       3716     38.500    10.8258    10.7757    -0.0499    3.68083    3.69341          1     4.6121     4.4785       9.98     0.0652  6.945e-14  1.000e-12  1.440e+03    32.9174    33.0879     0.1705    25.1847    25.3261     38.139     38.360      0.267    1490.88    1490.91  0.000e+00
       3762     39.000    10.5354    10.3649    -0.1706    3.65256    3.65175          1     4.5715     4.4657       9.98     0.0626  6.933e-14  1.000e-12  1.442e+03    32.8967    33.0430     0.1463    25.2191    25.3624     38.634     38.856      0.259    1489.83    1489.40  0.000e+00
       3809     39.500    10.2799    10.1382    -0.1415    3.62897    3.62948          1     4.5553     4.4503       9.98     0.0652  6.923e-14  1.000e-12  1.444e+03    32.8905    33.0245     0.1340    25.2579    25.3864     39.129     39.353      0.260    1488.92    1488.57  0.000e+00
       3855     40.000     9.9683     9.8336    -0.1348    3.60350    3.60640          1     4.4987     4.4016       9.98     0.0555  6.896e-14  1.000e-12  1.450e+03    32.9157    33.0685     0.1528    25.3299    25.4715     39.625     39.850      0.257    1487.84    1487.54  0.000e+00
       3901     40.500     9.4951     9.4049    -0.0902    3.57059    3.57589          1     4.4490     4.4308       9.98     0.0755  6.789e-14  1.000e-12  1.473e+03    33.0129    33.1507     0.1378    25.4835    25.6058     40.120     40.346      0.271    1486.25    1486.08  0.000e+00
       3944     41.000     9.3613     9.3135    -0.0477    3.56074    3.56649          1     4.4758     4.4327       9.98     0.0692  6.410e-14  1.000e-12  1.560e+03    33.0346    33.1382     0.1036    25.5221    25.6108     40.615     40.843      0.283    1485.79    1485.74  0.000e+00
       3986     41.500     9.2167     9.1975    -0.0199    3.55260    3.55927          1     4.4710     4.3488       9.98     0.0547  6.372e-14  1.000e-12  1.570e+03    33.0841    33.1710     0.0870    25.5838    25.6549     41.110     41.340      0.283    1485.33    1485.36  0.000e+00
       4029     42.000     8.7708     8.7543    -0.0160    3.52168    3.53396          1     4.3947     4.3488       9.97     0.0535  6.530e-14  1.000e-12  1.531e+03    33.1776    33.3217     0.1441    25.7269    25.8422     41.606     41.836      0.275    1483.80    1483.91  0.000e+00
       4074     42.500     8.5929     8.4740    -0.1189    3.51083    3.51389          1     4.3664     4.3517       9.97     0.0497  6.618e-14  1.000e-12  1.511e+03    33.2305    33.3748     0.1443    25.7956    25.9269     42.101     42.333      0.269    1483.21    1482.94  0.000e+00
       4119     43.000     8.5189     8.4175    -0.1014    3.50711    3.50830          1     4.3622     4.3527       9.98     0.0481  6.691e-14  1.000e-12  1.495e+03    33.2607    33.3691     0.1084    25.8306    25.9310     42.596     42.829      0.256    1482.98    1482.73  0.000e+00
       4167     43.500     8.4005     8.3690    -0.0314    3.50147    3.50568          1     4.3442     4.3369       9.97     0.0531  6.770e-14  1.000e-12  1.477e+03    33.3128    33.3871     0.0742    25.8894    25.9524     43.091     43.325      0.247    1482.61    1482.58  0.000e+00
       4215     44.000     8.3221     8.3089    -0.0132    3.49762    3.50274          1     4.3297     4.3313       9.97     0.0481  6.806e-14  1.000e-12  1.469e+03    33.3460    33.4129     0.0670    25.9272    25.9817     43.587     43.822      0.257    1482.36    1482.39  0.000e+00
       4260     44.500     8.2586     8.2469    -0.0117    3.49439    3.49919          1     4.3209     4.3181       9.97     0.0482  6.854e-14  1.000e-12  1.459e+03    33.3719    33.4338     0.0619    25.9571    26.0074     44.082     44.318      0.269    1482.16    1482.20  0.000e+00
       4305     45.000     8.1024     8.1031     0.0006    3.48632    3.49268          1     4.3063     4.2889       9.97     0.0441  6.876e-14  1.000e-12  1.454e+03    33.4345    33.5016     0.0672    26.0293    26.0819     44.577     44.815      0.272    1481.66    1481.75  0.000e+00
       4349     45.500     7.9222     7.9154    -0.0068    3.47766    3.48380          1     4.2784     4.2213       9.97     0.0444  6.859e-14  1.000e-12  1.458e+03    33.5143    33.5865     0.0723    26.1184    26.1762     45.072     45.311      0.273    1481.09    1481.15  0.000e+00
       4393     46.000     7.6762     7.6752    -0.0009    3.46991    3.47622          1     4.2101     4.1222       9.97     0.0458  6.829e-14  1.000e-12  1.464e+03    33.6677    33.7367     0.0690    26.2746    26.3290     45.568     45.807      0.272    1480.35    1480.43  0.000e+00
       4438     46.500     7.5415     7.5300    -0.0115    3.46651    3.47194          1     4.1196     4.0357       9.97     0.0416  6.790e-14  1.000e-12  1.473e+03    33.7614    33.8314     0.0699    26.3676    26.4242     46.063     46.303      0.257    1479.96    1480.00  0.000e+00
       4486     47.000     7.4744     7.4637    -0.0107    3.46506    3.46952          1     4.0321     3.9906       9.80     0.0424  6.837e-14  1.000e-12  1.463e+03    33.8108    33.8697     0.0588    26.4160    26.4638     46.558     46.800      0.244    1479.77    1479.80  0.000e+00
       4536     47.500     7.4460     7.4451    -0.0009    3.46432    3.46849          1     3.9869     3.9771       9.32     0.0420  6.948e-14  1.000e-12  1.439e+03    33.8302    33.8763     0.0461    26.4352    26.4717     47.053     47.296      0.242    1479.69    1479.75  0.000e+00
       4584     48.000     7.3893     7.3853    -0.0039    3.46335    3.46700          1     3.9618     3.9403       8.80     0.0411  6.997e-14  1.000e-12  1.429e+03    33.8749    33.9184     0.0435    26.4784    26.5132     47.549     47.792      0.257    1479.54    1479.58  0.000e+00
       4629     48.500     7.3345     7.3337    -0.0009    3.46220    3.46565          1     3.9149     3.9086       8.28     0.0417  7.027e-14  1.000e-12  1.423e+03    33.9158    33.9540     0.0383    26.5183    26.5485     48.044     48.288      0.272    1479.39    1479.43  0.000e+00
       4673     49.000     7.3161     7.3140    -0.0021    3.46163    3.46474          1     3.8892     3.9059       7.82     0.0429  7.041e-14  1.000e-12  1.420e+03    33.9273    33.9633     0.0360    26.5299    26.5586     48.539     48.784      0.273    1479.34    1479.38  0.000e+00
       4718     49.500     7.2982     7.2875    -0.0107    3.46136    3.46393          1     3.8842     3.8975       7.32     0.0435  7.017e-14  1.000e-12  1.425e+03    33.9418    33.9803     0.0385    26.5438    26.5757     49.034     49.280      0.265    1479.30    1479.30  0.000e+00
       4763     50.000     7.2867     7.2547    -0.0319    3.46162    3.46298          1     3.8669     3.8828       6.82     0.0403  6.951e-14  1.000e-12  1.439e+03    33.9556    34.0018     0.0462    26.5564    26.5972     49.530     49.776      0.262    1479.28    1479.21  0.000e+00
       4810     50.500     7.2727     7.2509    -0.0218    3.46144    3.46256          1     3.8512     3.8742       6.29     0.0407  6.911e-14  1.000e-12  1.447e+03    33.9671    34.0008     0.0337    26.5674    26.5969     50.025     50.272      0.254    1479.25    1479.20  0.000e+00
       4859     51.000     7.2691     7.2445    -0.0246    3.46152    3.46217          1     3.8411     3.8776       6.21     0.0420  6.716e-14  1.000e-12  1.489e+03    33.9714    34.0026     0.0312    26.5712    26.5992     50.520     50.769      0.239    1479.25    1479.19  0.000e+00
       4907     51.500     7.2466     7.2187    -0.0278    3.46081    3.46143          1     3.8293     3.8608       5.34     0.0406  6.733e-14  1.000e-12  1.485e+03    33.9855    34.0197     0.0342    26.5855    26.6163     51.015     51.265      0.259    1479.19    1479.12  0.000e+00
       4952     52.000     7.2070     7.1922    -0.0149    3.45964    3.46089          1     3.8113     3.8296       4.81     0.0421  6.994e-14  1.000e-12  1.430e+03    34.0114    34.0397     0.0284    26.6114    26.6358     51.511     51.761      0.281    1479.07    1479.05  0.000e+00
       4994     52.500     7.1942     7.1741    -0.0201    3.45966    3.46046          1     3.7978     3.8149       4.31     0.0406  7.055e-14  1.000e-12  1.417e+03    34.0240    34.0526     0.0285    26.6231    26.6484     52.006     52.257      0.279    1479.05    1479.01  0.000e+00
       5038     53.000     7.1917     7.1516    -0.0401    3.45996    3.45998          1     3.7763     3.8066       5.42     0.0416  7.079e-14  1.000e-12  1.413e+03    34.0295    34.0693     0.0398    26.6277    26.6647     52.501     52.753      0.271    1479.05    1478.95  0.000e+00
       5083     53.500     7.1722     7.1359    -0.0363    3.45960    3.45955          1     3.7551     3.7874       5.36     0.0414  7.098e-14  1.000e-12  1.409e+03    34.0445    34.0798     0.0353    26.6423    26.6751     52.996     53.249      0.265    1479.01    1478.91  0.000e+00
       5129     54.000     7.1582     7.1265    -0.0316    3.45921    3.45926          1     3.7445     3.7816       3.49     0.0405  7.115e-14  1.000e-12  1.406e+03    34.0539    34.0857     0.0318    26.6516    26.6810     53.491     53.745      0.252    1478.97    1478.89  0.000e+00
       5178     54.500     7.1470     7.1187    -0.0283    3.45893    3.45897          1     3.7306     3.7741       2.23     0.0433  7.113e-14  1.000e-12  1.406e+03    34.0616    34.0899     0.0284    26.6592    26.6855     53.987     54.241      0.243    1478.95    1478.87  0.000e+00
       5227     55.000     7.1279     7.0653    -0.0626    3.45868    3.45833          1     3.7076     3.7426       2.10     0.0420  7.067e-14  1.000e-12  1.415e+03    34.0774    34.1356     0.0581    26.6744    26.7288     54.482     54.737      0.244    1478.90    1478.73  0.000e+00
       5744     55.500     7.0164     6.9820    -0.0343    3.45632    3.45629          1     3.5947     3.6420       3.01     0.0448  7.088e-14  1.000e-12  1.412e+03    34.1618    34.1956     0.0338    26.7562    26.7875     54.977     55.233     -0.094    1478.58    1478.49  0.000e+00
