ctdpy/exports/archive_20191120_135557/received_data/SBE09_0827_20180120_1538_26_01_0132.cnv
* Sea-Bird SBE 9 Data File:
* FileName = D:\CTD_SBE911\DAT\26DA.2018.1.32.hex
* Software Version Seasave V 7.21d
* Temperature SN = 034757
* Conductivity SN = 041844
* Number of Bytes Per Scan = 48
* Number of Voltage Words = 5
* Number of Scans Averaged by the Deck Unit = 1
* NMEA Latitude = 57 45.85 N
* NMEA Longitude = 008 43.68 E
* NMEA UTC (Time) = Jan 20 2018  15:38:39
* NMEA baud rate = 4800
** Ship: DANA
** Average sound velocity: 1482.37 m/s
** True-depth calculation Thu, 28 Mar 2019 08:24:19 +0000
** CTD Python Module SMHI /ver 3-12/ feb 2012 
** LIMS Job: 20182601-0132
** 36N
** Operator:Ronny Sørensen
** Cruise: 01/2018
# nquan = 26
# nvalues = 445                         
# units = specified
# name 0 = scan: Scan Count
# name 1 = prDM: Pressure, Digiquartz [db]
# name 2 = t090C: Temperature [ITS-90, deg C]
# name 3 = t190C: Temperature, 2 [ITS-90, deg C]
# name 4 = T2-T190C: Temperature Difference, 2 - 1 [ITS-90, deg C]
# name 5 = c0S/m: Conductivity [S/m]
# name 6 = c1S/m: Conductivity, 2 [S/m]
# name 7 = pumps: Pump Status
# name 8 = sbeox1ML/L: Oxygen, SBE 43, 2 [ml/l]
# name 9 = sbeox0ML/L: Oxygen, SBE 43 [ml/l]
# name 10 = altM: Altimeter [m]
# name 11 = chloroflTC0: Chlorophyll, Turner Cyclops [ug/l]
# name 12 = cpar: CPAR/Corrected Irradiance [%]
# name 13 = par: PAR/Irradiance, Biospherical/Lico [µE/(cm^2*s)]
# name 14 = spar: SPAR, Biospherical/Licor
# name 15 = sal00: Salinity, Practical [PSU]
# name 16 = sal11: Salinity, Practical, 2 [PSU]
# name 17 = secS-priS: Salinity, Practical, Difference, 2 - 1 [PSU]
# name 18 = sigma-t00: Density [sigma-t, kg/m^3 ]
# name 19 = sigma-t11: Density, 2 [sigma-t, kg/m^3 ]
# name 20 = depSM: Depth [salt water, m], lat = 57.7642
# name 21 = depFM: Depth [true depth, m], lat = 57.7642
# name 22 = dz/dtM: Descent Rate [m/s], WS = 2
# name 23 = svCM: Sound Velocity [Chen-Millero, m/s]
# name 24 = svCM1: Sound Velocity, 2 [Chen-Millero, m/s]
# name 25 = flag: flag
# span 0 =         83,      16843       
# span 1 =      1.500,    223.500       
# span 2 =     5.5632,     8.8911       
# span 3 =     5.5627,     8.8875       
# span 4 =    -0.2796,     0.0773       
# span 5 =   3.214142,   3.696503       
# span 6 =   3.214349,   3.696015       
# span 7 =          1,          1       
# span 8 =     4.9923,     6.3817       
# span 9 =     5.0772,     6.5240       
# span 10 =       2.72,      10.30      
# span 11 =     0.0146,     0.0290      
# span 12 = 2.4610e-11, 4.0679e-08      
# span 13 = 1.0000e-12, 1.0000e-12      
# span 14 = 2.0258e+00, 4.0625e+00      
# span 15 =    32.9182,    35.1262      
# span 16 =    32.9214,    35.1332      
# span 17 =    -0.4255,     0.1045      
# span 18 =    25.9604,    27.3510      
# span 19 =    25.9629,    27.3531      
# span 20 =      1.486,    221.313      
# span 21 =      1.489,    221.637      
# span 22 =     -0.001,      1.010      
# span 23 =    1470.39,    1487.54      
# span 24 =    1470.39,    1487.55      
# span 25 = 0.0000e+00, 0.0000e+00      
# interval = decibars: 0.5              
# start_time = Jan 20 2018 15:38:39 [NMEA time, first data scan]
# bad_flag = -9.990e-29
*END*
[from data line 335]
      13470    169.000     8.1857     8.1820    -0.0037    3.64881    3.64840          1     5.3465     5.4631       9.95     0.0233  4.924e-11  1.000e-12  2.031e+00    35.0284    35.0278    -0.0007    27.2681    27.2682    167.369    167.602      0.273    1485.99    1485.97  0.000e+00
      13503    169.500     8.1857     8.1813    -0.0044    3.64884    3.64845          1     5.3253     5.4625       9.95     0.0227  4.924e-11  1.000e-12  2.031e+00    35.0285    35.0287     0.0003    27.2681    27.2690    167.864    168.097      0.560    1486.00    1485.98  0.000e+00
      13521    170.000     8.1894     8.1843    -0.0051    3.64925    3.64867          1     5.3413     5.4562       9.95     0.0223  4.924e-11  1.000e-12  2.031e+00    35.0290    35.0279    -0.0011    27.2680    27.2679    168.359    168.593      0.677    1486.02    1486.00  0.000e+00
      13538    170.500     8.1922     8.1846    -0.0077    3.64956    3.64880          1     5.2968     5.4482       9.95     0.0221  4.924e-11  1.000e-12  2.031e+00    35.0293    35.0288    -0.0005    27.2678    27.2686    168.854    169.089      0.633    1486.04    1486.01  0.000e+00
      13563    171.000     8.1879     8.1881     0.0003    3.64909    3.64920          1     5.3309     5.4525       9.95     0.0221  4.924e-11  1.000e-12  2.031e+00    35.0282    35.0292     0.0010    27.2676    27.2684    169.349    169.585      0.382    1486.03    1486.03  0.000e+00
      13615    171.500     8.1803     8.1832     0.0029    3.64823    3.64881          1     5.3243     5.4595       9.95     0.0216  4.924e-11  1.000e-12  2.031e+00    35.0264    35.0298     0.0034    27.2673    27.2695    169.844    170.080      0.298    1486.00    1486.02  0.000e+00
      13645    172.000     8.1791     8.1786    -0.0005    3.64807    3.64833          1     5.3556     5.4617       9.95     0.0211  4.924e-11  1.000e-12  2.031e+00    35.0257    35.0289     0.0032    27.2670    27.2696    170.339    170.576      0.564    1486.01    1486.01  0.000e+00
      13663    172.500     8.1784     8.1778    -0.0006    3.64801    3.64820          1     5.3096     5.4568       9.95     0.0227  4.924e-11  1.000e-12  2.031e+00    35.0255    35.0281     0.0026    27.2669    27.2691    170.833    171.072      0.683    1486.01    1486.01  0.000e+00
      13680    173.000     8.1816     8.1781    -0.0036    3.64843    3.64818          1     5.3368     5.4560       9.95     0.0223  4.924e-11  1.000e-12  2.031e+00    35.0265    35.0274     0.0008    27.2672    27.2684    171.328    171.568      0.678    1486.04    1486.02  0.000e+00
      13699    173.500     8.1863     8.1805    -0.0059    3.64907    3.64845          1     5.3418     5.4591       9.95     0.0228  4.924e-11  1.000e-12  2.031e+00    35.0284    35.0276    -0.0008    27.2680    27.2683    171.823    172.063      0.538    1486.06    1486.04  0.000e+00
      13735    174.000     8.1898     8.1833    -0.0065    3.64948    3.64885          1     5.3330     5.4538       9.95     0.0229  4.924e-11  1.000e-12  2.031e+00    35.0290    35.0288    -0.0002    27.2680    27.2688    172.318    172.559      0.283    1486.09    1486.06  0.000e+00
      13779    174.500     8.2008     8.1980    -0.0028    3.65105    3.65028          1     5.3223     5.4434       9.95     0.0234  4.924e-11  1.000e-12  2.031e+00    35.0346    35.0293    -0.0054    27.2707    27.2669    172.813    173.055      0.405    1486.14    1486.12  0.000e+00
      13802    175.000     8.2249     8.2146    -0.0103    3.65377    3.65220          1     5.2700     5.4331       9.95     0.0219  4.924e-11  1.000e-12  2.031e+00    35.0394    35.0329    -0.0065    27.2708    27.2672    173.308    173.551      0.584    1486.25    1486.20  0.000e+00
      13821    175.500     8.2246     8.2209    -0.0038    3.65370    3.65310          1     5.3095     5.4293       9.95     0.0212  4.924e-11  1.000e-12  2.031e+00    35.0387    35.0360    -0.0027    27.2703    27.2687    173.803    174.046      0.627    1486.26    1486.24  0.000e+00
      13840    176.000     8.2223     8.2221    -0.0002    3.65350    3.65351          1     5.2598     5.4228       9.95     0.0220  4.924e-11  1.000e-12  2.031e+00    35.0387    35.0390     0.0003    27.2706    27.2708    174.298    174.542      0.558    1486.25    1486.25  0.000e+00
      13866    176.500     8.2198     8.2206     0.0007    3.65328    3.65349          1     5.2989     5.4193       9.95     0.0217  4.924e-11  1.000e-12  2.031e+00    35.0385    35.0400     0.0015    27.2708    27.2719    174.793    175.038      0.404    1486.25    1486.26  0.000e+00
      13901    177.000     8.2248     8.2195    -0.0053    3.65391    3.65339          1     5.2982     5.4212       9.95     0.0226  4.924e-11  1.000e-12  2.031e+00    35.0402    35.0398    -0.0004    27.2714    27.2719    175.288    175.534      0.362    1486.28    1486.26  0.000e+00
      13929    177.500     8.2292     8.2240    -0.0052    3.65447    3.65384          1     5.2756     5.4176       9.95     0.0223  4.924e-11  1.000e-12  2.031e+00    35.0415    35.0399    -0.0016    27.2717    27.2713    175.783    176.029      0.477    1486.31    1486.29  0.000e+00
      13953    178.000     8.2346     8.2291    -0.0055    3.65521    3.65450          1     5.3171     5.4148       9.95     0.0216  4.924e-11  1.000e-12  2.031e+00    35.0437    35.0417    -0.0021    27.2727    27.2719    176.278    176.525      0.471    1486.34    1486.31  0.000e+00
      13983    178.500     8.2358     8.2330    -0.0027    3.65534    3.65508          1     5.2963     5.4082       9.95     0.0226  4.924e-11  1.000e-12  2.031e+00    35.0437    35.0437    -0.0000    27.2724    27.2728    176.773    177.021      0.353    1486.35    1486.34  0.000e+00
      14019    179.000     8.2320     8.2335     0.0014    3.65496    3.65528          1     5.2770     5.4059       9.95     0.0219  4.924e-11  1.000e-12  2.031e+00    35.0431    35.0451     0.0020    27.2726    27.2739    177.268    177.517      0.405    1486.34    1486.35  0.000e+00
      14042    179.500     8.2358     8.2333    -0.0025    3.65547    3.65528          1     5.3212     5.3967       9.95     0.0216  4.924e-11  1.000e-12  2.031e+00    35.0446    35.0450     0.0004    27.2731    27.2739    177.763    178.012      0.572    1486.37    1486.36  0.000e+00
      14062    180.000     8.2375     8.2343    -0.0031    3.65559    3.65542          1     5.2755     5.3994       9.95     0.0221  4.924e-11  1.000e-12  2.031e+00    35.0439    35.0453     0.0014    27.2724    27.2739    178.258    178.508      0.595    1486.38    1486.37  0.000e+00
      14084    180.500     8.2335     8.2353     0.0018    3.65517    3.65558          1     5.3072     5.4007       9.95     0.0231  4.924e-11  1.000e-12  2.031e+00    35.0432    35.0457     0.0025    27.2724    27.2741    178.753    179.004      0.469    1486.37    1486.38  0.000e+00
      14118    181.000     8.2304     8.2321     0.0017    3.65491    3.65532          1     5.2825     5.4014       9.95     0.0223  4.924e-11  1.000e-12  2.031e+00    35.0432    35.0459     0.0027    27.2729    27.2747    179.248    179.500      0.320    1486.37    1486.38  0.000e+00
      14152    181.500     8.2323     8.2301    -0.0022    3.65513    3.65510          1     5.2696     5.4006       9.95     0.0216  4.924e-11  1.000e-12  2.031e+00    35.0435    35.0453     0.0018    27.2728    27.2746    179.743    179.995      0.471    1486.39    1486.38  0.000e+00
      14173    182.000     8.2359     8.2328    -0.0031    3.65555    3.65536          1     5.3012     5.4001       9.95     0.0220  4.924e-11  1.000e-12  2.031e+00    35.0441    35.0451     0.0010    27.2728    27.2740    180.238    180.491      0.581    1486.41    1486.40  0.000e+00
      14193    182.500     8.2388     8.2352    -0.0036    3.65592    3.65564          1     5.2836     5.3972       9.95     0.0220  4.924e-11  1.000e-12  2.031e+00    35.0449    35.0456     0.0006    27.2730    27.2740    180.732    180.987      0.550    1486.43    1486.42  0.000e+00
      14218    183.000     8.2396     8.2373    -0.0023    3.65608    3.65595          1     5.2804     5.3995       9.95     0.0220  4.924e-11  1.000e-12  2.031e+00    35.0456    35.0465     0.0009    27.2733    27.2744    181.227    181.483      0.440    1486.44    1486.43  0.000e+00
      14249    183.500     8.2425     8.2389    -0.0036    3.65641    3.65615          1     5.2470     5.4062       9.95     0.0216  4.924e-11  1.000e-12  2.031e+00    35.0460    35.0468     0.0008    27.2732    27.2744    181.722    181.978      0.374    1486.46    1486.45  0.000e+00
      14282    184.000     8.2435     8.2411    -0.0025    3.65656    3.65643          1     5.2859     5.4053       9.95     0.0216  4.924e-11  1.000e-12  2.031e+00    35.0463    35.0474     0.0011    27.2734    27.2746    182.217    182.474      0.342    1486.47    1486.46  0.000e+00
      14323    184.500     8.2481     8.2437    -0.0044    3.65715    3.65674          1     5.2907     5.3935       9.95     0.0214  4.924e-11  1.000e-12  2.031e+00    35.0479    35.0479     0.0000    27.2739    27.2746    182.712    182.970      0.294    1486.50    1486.49  0.000e+00
      14355    185.000     8.2502     8.2469    -0.0034    3.65745    3.65718          1     5.2874     5.3869       9.95     0.0207  4.924e-11  1.000e-12  2.031e+00    35.0487    35.0491     0.0004    27.2742    27.2750    183.207    183.466      0.556    1486.52    1486.50  0.000e+00
      14373    185.500     8.2567     8.2508    -0.0058    3.65827    3.65754          1     5.2622     5.3834       9.95     0.0208  4.924e-11  1.000e-12  2.031e+00    35.0507    35.0488    -0.0020    27.2748    27.2741    183.702    183.961      0.750    1486.55    1486.53  0.000e+00
      14387    186.000     8.2501     8.2527     0.0026    3.65747    3.65804          1     5.2350     5.3815       9.95     0.0208  4.924e-11  1.000e-12  2.031e+00    35.0485    35.0520     0.0035    27.2740    27.2764    184.197    184.457      0.810    1486.53    1486.55  0.000e+00
      14402    186.500     8.2437     8.2426    -0.0011    3.65714    3.65734          1     5.2908     5.3792       9.95     0.0211  4.924e-11  1.000e-12  2.031e+00    35.0511    35.0543     0.0032    27.2771    27.2797    184.692    184.953      0.721    1486.52    1486.52  0.000e+00
      14423    187.000     8.2625     8.2459    -0.0165    3.65929    3.65732          1     5.2556     5.3817       9.95     0.0220  4.924e-11  1.000e-12  2.031e+00    35.0551    35.0507    -0.0044    27.2773    27.2764    185.187    185.449      0.396    1486.60    1486.54  0.000e+00
      14494    187.500     8.2703     8.2701    -0.0002    3.66012    3.66027          1     5.2695     5.3834       9.95     0.0214  4.924e-11  1.000e-12  2.031e+00    35.0559    35.0578     0.0019    27.2767    27.2782    185.682    185.944      0.389    1486.64    1486.64  0.000e+00
      14511    188.000     8.2652     8.2673     0.0021    3.65958    3.66006          1     5.2355     5.3837       9.95     0.0211  4.924e-11  1.000e-12  2.031e+00    35.0550    35.0581     0.0031    27.2768    27.2789    186.177    186.440      0.659    1486.63    1486.64  0.000e+00
      14528    188.500     8.2602     8.2644     0.0041    3.65903    3.65982          1     5.2414     5.3865       9.95     0.0210  4.924e-11  1.000e-12  2.031e+00    35.0539    35.0582     0.0043    27.2767    27.2794    186.672    186.936      0.654    1486.62    1486.64  0.000e+00
      14549    189.000     8.2549     8.2593     0.0044    3.65849    3.65936          1     5.2603     5.3874       9.95     0.0210  4.924e-11  1.000e-12  2.031e+00    35.0532    35.0581     0.0049    27.2770    27.2801    187.167    187.431      0.454    1486.61    1486.63  0.000e+00
      14588    189.500     8.2332     8.2493     0.0160    3.65602    3.65842          1     5.2555     5.3729       9.95     0.0242  4.924e-11  1.000e-12  2.031e+00    35.0482    35.0578     0.0096    27.2764    27.2814    187.661    187.927      0.299    1486.53    1486.60  0.000e+00
      14618    190.000     8.1995     8.2187     0.0193    3.65245    3.65573          1     5.2330     5.3874       9.95     0.0224  4.924e-11  1.000e-12  2.031e+00    35.0435    35.0593     0.0158    27.2778    27.2873    188.156    188.423      0.540    1486.40    1486.49  0.000e+00
      14638    190.500     8.2240     8.2073    -0.0168    3.65629    3.65393          1     5.2809     5.3646       9.95     0.0227  4.924e-11  1.000e-12  2.031e+00    35.0598    35.0512    -0.0086    27.2869    27.2827    188.651    188.919      0.571    1486.52    1486.45  0.000e+00
      14662    191.000     8.2955     8.2447    -0.0508    3.66436    3.65722          1     5.2361     5.3231       9.95     0.0224  4.924e-11  1.000e-12  2.031e+00    35.0743    35.0489    -0.0255    27.2873    27.2751    189.146    189.414      0.417    1486.82    1486.60  0.000e+00
      14702    191.500     8.3118     8.2966    -0.0152    3.66623    3.66397          1     5.2099     5.2908       9.95     0.0226  4.924e-11  1.000e-12  2.031e+00    35.0778    35.0689    -0.0089    27.2875    27.2829    189.641    189.910      0.296    1486.89    1486.82  0.000e+00
      14733    192.000     8.3218     8.3130    -0.0088    3.66738    3.66609          1     5.2159     5.2807       9.95     0.0212  4.924e-11  1.000e-12  2.031e+00    35.0799    35.0749    -0.0050    27.2876    27.2851    190.136    190.406      0.514    1486.94    1486.90  0.000e+00
      14754    192.500     8.3246     8.3212    -0.0034    3.66775    3.66720          1     5.1502     5.2881       9.95     0.0218  4.924e-11  1.000e-12  2.031e+00    35.0808    35.0783    -0.0024    27.2879    27.2865    190.631    190.902      0.605    1486.96    1486.94  0.000e+00
      14773    193.000     8.3261     8.3231    -0.0030    3.66794    3.66757          1     5.1937     5.2882       9.95     0.0220  4.924e-11  1.000e-12  2.031e+00    35.0811    35.0801    -0.0010    27.2879    27.2876    191.126    191.397      0.585    1486.97    1486.96  0.000e+00
      14795    193.500     8.3264     8.3245    -0.0018    3.66799    3.66782          1     5.1430     5.2817       9.95     0.0220  4.924e-11  1.000e-12  2.031e+00    35.0811    35.0811     0.0000    27.2879    27.2882    191.621    191.893      0.481    1486.98    1486.98  0.000e+00
      14827    194.000     8.3266     8.3253    -0.0014    3.66805    3.66798          1     5.1747     5.2852       9.95     0.0216  4.924e-11  1.000e-12  2.031e+00    35.0812    35.0818     0.0006    27.2880    27.2886    192.116    192.389      0.316    1486.99    1486.99  0.000e+00
      14871    194.500     8.3273     8.3260    -0.0013    3.66816    3.66811          1     5.1572     5.2819       9.95     0.0208  4.924e-11  1.000e-12  2.031e+00    35.0814    35.0823     0.0008    27.2880    27.2889    192.611    192.885      0.316    1487.00    1487.00  0.000e+00
      14900    195.000     8.3291     8.3267    -0.0023    3.66839    3.66823          1     5.1388     5.2687       9.95     0.0206  4.924e-11  1.000e-12  2.031e+00    35.0819    35.0826     0.0007    27.2881    27.2890    193.106    193.380      0.505    1487.02    1487.01  0.000e+00
      14921    195.500     8.3297     8.3279    -0.0018    3.66848    3.66840          1     5.1828     5.2603       9.95     0.0208  4.924e-11  1.000e-12  2.031e+00    35.0820    35.0829     0.0010    27.2881    27.2891    193.600    193.876      0.565    1487.03    1487.02  0.000e+00
      14943    196.000     8.3306     8.3287    -0.0019    3.66863    3.66854          1     5.1654     5.2666       9.95     0.0208  4.924e-11  1.000e-12  2.031e+00    35.0824    35.0834     0.0010    27.2883    27.2894    194.095    194.372      0.485    1487.04    1487.04  0.000e+00
