ctdpy/exports/archive_20191120_135557/received_data/SBE09_1044_20181110_0943_34_01_0125.cnv
* Sea-Bird SBE 9 Data File:
* FileName = C:\ctd\temp\ar18d125.hex
* Software Version Seasave V 7.26.7.107
* Temperature SN = 5351
* Conductivity SN = 3941
* Number of Bytes Per Scan = 41
* Number of Voltage Words = 4
* Number of Scans Averaged by the Deck Unit = 1
* NMEA Latitude = 55 33.33 N
* NMEA Longitude = 018 23.99 E
* NMEA UTC (Time) = Nov 10 2018  09:43:42
* NMEA baud rate = 4800
** Station:  BCS III-10
** Operator:  A-KTh
** Ship: ARANDA
** Average sound velocity: 1451.31 m/s
** True-depth calculation Sat, 10 Nov 2018 13:06:55 +0000
** CTD Python Module SMHI /ver 3-12/ feb 2012 
** LIMS Job: 20183401-0125
** Cruise: SMHI-6-2018
** Latitude [GG MM.mm N]:
** Longitude [GG MM.mm E]
# nquan = 26
# nvalues = 170                         
# units = specified
# name 0 = scan: Scan Count
# name 1 = prDM: Pressure, Digiquartz [db]
# name 2 = t090C: Temperature [ITS-90, deg C]
# name 3 = t190C: Temperature, 2 [ITS-90, deg C]
# name 4 = T2-T190C: Temperature Difference, 2 - 1 [ITS-90, deg C]
# name 5 = c0S/m: Conductivity [S/m]
# name 6 = c1S/m: Conductivity, 2 [S/m]
# name 7 = pumps: Pump Status
# name 8 = sbeox0ML/L: Oxygen, SBE 43 [ml/l]
# name 9 = sbeox1ML/L: Oxygen, SBE 43, 2 [ml/l]
# name 10 = altM: Altimeter [m]
# name 11 = flECO-AFL: Chl-a Fluorescence, WET Labs ECO-AFL/FL [mg/m^3]
# name 12 = flECO-AFL1: Phycocyanin Fluorescence, WET Labs ECO-AFL/FL, 2 [mg/m^3]
# name 13 = par: PAR/Irradiance, Biospherical/Lico [µE/(cm^2*s)]
# name 14 = turbWETntu0: Turbidity, WET Labs ECO [NTU]
# name 15 = sal00: Salinity, Practical [PSU]
# name 16 = sal11: Salinity, Practical, 2 [PSU]
# name 17 = secS-priS: Salinity, Practical, Difference, 2 - 1 [PSU]
# name 18 = sigma-t00: Density [sigma-t, Kg/m^3 ]
# name 19 = sigma-t11: Density, 2 [sigma-t, Kg/m^3 ]
# name 20 = depSM: Depth [salt water, m], lat = 55.5555
# name 21 = depFM: Depth [true depth, m], lat = 55.5555
# name 22 = dz/dtM: Descent Rate [m/s], WS = 2
# name 23 = svCM: Sound Velocity [Chen-Millero, m/s]
# name 24 = svCM1: Sound Velocity, 2 [Chen-Millero, m/s]
# name 25 = flag: flag
# span 0 =      42232,      46415       
# span 1 =      1.000,     85.500       
# span 2 =     3.8426,    10.8285       
# span 3 =     3.8440,    10.7964       
# span 4 =    -0.0320,     0.0227       
# span 5 =   0.780197,   1.468948       
# span 6 =   0.780209,   1.467775       
# span 7 =          1,          1       
# span 8 =    0.64298,    7.38500       
# span 9 =    0.77301,    7.65239       
# span 10 =       2.52,      98.17      
# span 11 =     0.2613,     1.3162      
# span 12 =     0.1453,     0.3951      
# span 13 = 1.0000e-12, 2.7995e+02      
# span 14 =     0.1486,     0.3561      
# span 15 =     7.2946,    12.9935      
# span 16 =     7.2951,    12.9865      
# span 17 =    -0.0199,     0.0023      
# span 18 =     5.3404,    10.0419      
# span 19 =     5.3438,    10.0376      
# span 20 =      0.991,     84.708      
# span 21 =      1.013,     86.563      
# span 22 =      0.056,      0.580      
# span 23 =    1431.52,    1459.55      
# span 24 =    1431.52,    1459.43      
# span 25 = 0.0000e+00, 0.0000e+00      
# interval = decibars: 0.5              
# start_time = Nov 10 2018 09:43:43 [NMEA time, first data scan]
# bad_flag = -9.990e-29
*END*
[from data line 112]
      44815     57.000     5.1830     5.1893     0.0063    0.80680    0.80708          1     7.2281     7.4753      31.53     0.5296     0.3062  1.000e-12  0.1695000     7.3960     7.3974     0.0013     5.8399     5.8407     56.476     57.744      0.528    1437.40    1437.42  0.000e+00
      44838     57.500     4.7418     4.7646     0.0227    0.79782    0.79845          1     7.2644     7.6313      31.21     0.4361     0.2652  1.000e-12  0.1546000     7.4050     7.4062     0.0012     5.8641     5.8642     56.971     58.251      0.541    1435.47    1435.58  0.000e+00
      44860     58.000     4.1217     4.1239     0.0023    0.78470    0.78493          1     7.3495     7.6524      30.45     0.3709     0.2278  1.000e-12  0.1493000     7.4123     7.4142     0.0018     5.8893     5.8907     57.466     58.757      0.565    1432.73    1432.74  0.000e+00
      44881     58.500     3.9053     3.9074     0.0021    0.78051    0.78063          1     7.3850     7.5481      30.32     0.3284     0.1768  1.000e-12  0.1496000     7.4187     7.4194     0.0007     5.8998     5.9003     57.962     59.263      0.576    1431.77    1431.78  0.000e+00
      44902     59.000     3.8454     3.8459     0.0006    0.78020    0.78021          1     7.3180     7.4105      29.51     0.3140     0.1805  1.000e-12  0.1486000     7.4290     7.4290     0.0000     5.9094     5.9094     58.457     59.770      0.556    1431.52    1431.52  0.000e+00
      44924     59.500     3.8426     3.8440     0.0014    0.78133    0.78130          1     7.2672     7.2912      29.17     0.2917     0.2280  1.000e-12  0.1526000     7.4412     7.4406    -0.0006     5.9192     5.9186     58.952     60.276      0.533    1431.53    1431.54  0.000e+00
      44946     60.000     3.8456     3.8455    -0.0002    0.78364    0.78347          1     7.1746     7.1409      28.62     0.2897     0.2062  1.000e-12  0.1552000     7.4641     7.4624    -0.0017     5.9373     5.9359     59.448     60.782      0.548    1431.58    1431.58  0.000e+00
      44968     60.500     4.0483     4.0467    -0.0015    0.79204    0.79181          1     6.9906     7.0118      28.17     0.3111     0.1785  1.000e-12  0.1566000     7.5032     7.5013    -0.0020     5.9635     5.9619     59.943     61.288      0.570    1432.56    1432.54  0.000e+00
      44989     61.000     4.2156     4.2166     0.0011    0.79946    0.79929          1     6.7974     6.9299      27.74     0.2613     0.1778  1.000e-12  0.1570000     7.5402     7.5383    -0.0019     5.9884     5.9868     60.438     61.795      0.566    1433.36    1433.36  0.000e+00
      45010     61.500     4.2665     4.2675     0.0010    0.80420    0.80403          1     6.6312     6.7982      27.13     0.2734     0.2027  1.000e-12  0.1626000     7.5764     7.5745    -0.0020     6.0157     6.0141     60.934     62.301      0.551    1433.64    1433.65  0.000e+00
      45032     62.000     4.2825     4.2832     0.0007    0.80707    0.80697          1     6.4976     6.6768      26.18     0.2923     0.1973  1.000e-12  0.1678000     7.6017     7.6006    -0.0012     6.0353     6.0343     61.429     62.807      0.552    1433.76    1433.76  0.000e+00
      45053     62.500     4.3579     4.3566    -0.0013    0.81188    0.81160          1     6.3710     6.5903      25.87     0.3041     0.1538  1.000e-12  0.1654000     7.6328     7.6303    -0.0026     6.0577     6.0557     61.924     63.313      0.571    1434.14    1434.13  0.000e+00
      45074     63.000     4.4347     4.4363     0.0016    0.81693    0.81682          1     6.2604     6.5137      16.21     0.3091     0.2075  1.000e-12  0.1717000     7.6660     7.6644    -0.0015     6.0816     6.0803     62.420     63.819      0.580    1434.53    1434.54  0.000e+00
      45095     63.500     4.4653     4.4674     0.0021    0.82162    0.82151          1     6.1638     6.4538      21.85     0.3068     0.2391  1.000e-12  0.1900000     7.7060     7.7045    -0.0015     6.1124     6.1111     62.915     64.326      0.572    1434.73    1434.73  0.000e+00
      45116     64.000     4.4557     4.4595     0.0037    0.82363    0.82364          1     6.1227     6.4378      24.62     0.2877     0.2239  1.000e-12  0.2042000     7.7285     7.7277    -0.0008     6.1305     6.1298     63.410     64.832      0.558    1434.72    1434.74  0.000e+00
      45138     64.500     4.3267     4.3293     0.0026    0.82273    0.82277          1     6.1169     6.4437      24.19     0.3090     0.2176  1.000e-12  0.1933000     7.7496     7.7495    -0.0001     6.1513     6.1511     63.906     65.338      0.560    1434.18    1434.19  0.000e+00
      45159     65.000     4.2356     4.2374     0.0018    0.82242    0.82242          1     6.1115     6.4396      23.72     0.3010     0.2338  1.000e-12  0.1964000     7.7679     7.7674    -0.0005     6.1686     6.1681     64.401     65.844      0.571    1433.81    1433.81  0.000e+00
      45180     65.500     4.1228     4.1253     0.0026    0.82330    0.82329          1     6.0624     6.3472      23.20     0.3062     0.2294  1.000e-12  0.2096000     7.8035     7.8028    -0.0007     6.2000     6.1994     64.896     66.350      0.563    1433.36    1433.37  0.000e+00
      45202     66.000     4.0143     4.0182     0.0038    0.82445    0.82446          1     5.9912     6.1830      22.66     0.3074     0.1685  1.000e-12  0.2204000     7.8411     7.8402    -0.0008     6.2328     6.2320     65.391     66.856      0.545    1432.92    1432.94  0.000e+00
      45224     66.500     3.9319     3.9342     0.0023    0.82459    0.82461          1     5.9639     6.0333      22.15     0.2956     0.2592  1.000e-12  0.2295000     7.8623     7.8619    -0.0004     6.2517     6.2514     65.887     67.362      0.548    1432.59    1432.60  0.000e+00
      45245     67.000     3.9825     3.9855     0.0030    0.82842    0.82830          1     5.8231     5.8589      21.63     0.2908     0.2611  1.000e-12  0.2351000     7.8892     7.8872    -0.0020     6.2718     6.2702     66.382     67.869      0.557    1432.86    1432.87  0.000e+00
      45267     67.500     4.1661     4.1674     0.0013    0.84042    0.84003          1     5.5352     5.6546      21.13     0.2800     0.2294  1.000e-12  0.2061000     7.9673     7.9630    -0.0044     6.3289     6.3254     66.877     68.375      0.557    1433.79    1433.79  0.000e+00
      45289     68.000     4.1851     4.1873     0.0022    0.85298    0.85269          1     5.2115     5.3985      20.61     0.2864     0.2271  1.000e-12  0.2106000     8.0906     8.0872    -0.0034     6.4262     6.4234     67.373     68.881      0.562    1434.04    1434.05  0.000e+00
      45310     68.500     4.2342     4.2342    -0.0000    0.86462    0.86394          1     4.8547     5.1055      20.11     0.2824     0.2652  1.000e-12  0.1955000     8.1970     8.1902    -0.0069     6.5092     6.5037     67.868     69.387      0.563    1434.41    1434.40  0.000e+00
      45331     69.000     4.3861     4.3864     0.0003    0.89076    0.89019          1     4.4661     4.7790      19.59     0.2918     0.2657  1.000e-12  0.1812000     8.4249     8.4190    -0.0059     6.6851     6.6804     68.363     69.893      0.552    1435.38    1435.38  0.000e+00
      45353     69.500     4.4555     4.4566     0.0011    0.90324    0.90294          1     4.0921     4.4913      19.06     0.2990     0.2515  1.000e-12  0.1802000     8.5340     8.5306    -0.0033     6.7692     6.7665     68.859     70.398      0.549    1435.84    1435.84  0.000e+00
      45375     70.000     4.5218     4.5233     0.0015    0.91527    0.91493          1     3.7378     4.2395      18.54     0.2836     0.2425  1.000e-12  0.1913000     8.6389     8.6351    -0.0038     6.8500     6.8469     69.354     70.904      0.562    1436.28    1436.28  0.000e+00
      45396     70.500     4.6397     4.6417     0.0020    0.93631    0.93581          1     3.3930     3.9675      18.02     0.2847     0.2155  1.000e-12  0.1866000     8.8213     8.8157    -0.0056     6.9901     6.9856     69.849     71.410      0.569    1437.04    1437.04  0.000e+00
      45417     71.000     4.7219     4.7242     0.0023    0.94938    0.94919          1     3.0488     3.6835      17.49     0.2958     0.1633  1.000e-12  0.1968000     8.9318     8.9293    -0.0025     7.0744     7.0723     70.345     71.916      0.567    1437.55    1437.56  0.000e+00
      45438     71.500     4.7859     4.7878     0.0019    0.96454    0.96410          1     2.6947     3.3950      13.09     0.2969     0.1774  1.000e-12  0.1981000     9.0679     9.0630    -0.0050     7.1795     7.1755     70.840     72.421      0.563    1438.01    1438.02  0.000e+00
      45460     72.000     4.8627     4.8642     0.0015    0.97979    0.97939          1     2.3606     3.1088       8.90     0.3032     0.1661  1.000e-12  0.1922000     9.2011     9.1966    -0.0045     7.2817     7.2781     71.335     72.927      0.556    1438.53    1438.53  0.000e+00
      45482     72.500     4.9255     4.9275     0.0020    0.99167    0.99141          1     2.0743     2.8408      12.11     0.3152     0.1799  1.000e-12  0.1920000     9.3037     9.3005    -0.0032     7.3602     7.3575     71.830     73.433      0.547    1438.94    1438.95  0.000e+00
      45504     73.000     4.9761     4.9788     0.0026    1.00002    0.99994          1     1.8837     2.6527      15.35     0.3230     0.2092  1.000e-12  0.1987000     9.3739     9.3723    -0.0016     7.4134     7.4120     72.326     73.938      0.551    1439.26    1439.27  0.000e+00
      45525     73.500     5.0016     5.0038     0.0022    1.00478    1.00469          1     1.8039     2.5364      15.03     0.3260     0.2330  1.000e-12  0.1915000     9.4146     9.4131    -0.0015     7.4444     7.4432     72.821     74.444      0.554    1439.43    1439.44  0.000e+00
      45547     74.000     5.0163     5.0192     0.0029    1.00704    1.00715          1     1.7660     2.4446      14.59     0.3304     0.2210  1.000e-12  0.2036000     9.4332     9.4335     0.0003     7.4585     7.4586     73.316     74.949      0.485    1439.53    1439.54  0.000e+00
      45576     74.500     5.0412     5.0417     0.0005    1.01107    1.01074          1     1.6952     2.3061      13.88     0.3202     0.2208  1.000e-12  0.1958000     9.4668     9.4633    -0.0035     7.4839     7.4811     73.812     75.455      0.385    1439.69    1439.69  0.000e+00
      45609     75.000     5.0855     5.0869     0.0014    1.01873    1.01860          1     1.5905     2.1481      13.29     0.3260     0.2389  1.000e-12  0.1987000     9.5314     9.5297    -0.0017     7.5329     7.5315     74.307     75.960      0.368    1439.97    1439.98  0.000e+00
      45641     75.500     5.1120     5.1141     0.0021    1.02332    1.02325          1     1.4921     1.9997      12.72     0.3186     0.1980  1.000e-12  0.1875000     9.5700     9.5687    -0.0013     7.5622     7.5611     74.802     76.466      0.364    1440.15    1440.15  0.000e+00
      45675     76.000     5.1793     5.1799     0.0006    1.03315    1.03290          1     1.4186     1.8659      12.56     0.3459     0.2186  1.000e-12  0.1903000     9.6496     9.6469    -0.0027     7.6218     7.6197     75.297     76.971      0.344    1440.55    1440.55  0.000e+00
      45711     76.500     5.2745     5.2782     0.0037    1.05224    1.05239          1     1.2999     1.7045      12.33     0.3210     0.2181  1.000e-12  0.1846000     9.8140     9.8145     0.0005     7.7470     7.7472     75.793     77.476      0.327    1441.18    1441.19  0.000e+00
      45748     77.000     5.3297     5.3318     0.0022    1.06382    1.06383          1     1.1537     1.5358      11.83     0.3302     0.2305  1.000e-12  0.1714000     9.9141     9.9136    -0.0005     7.8232     7.8228     76.288     77.982      0.340    1441.55    1441.56  0.000e+00
      45783     77.500     5.3580     5.3598     0.0018    1.06830    1.06825          1     1.0302     1.3929      11.31     0.3391     0.2399  1.000e-12  0.1658000     9.9507     9.9497    -0.0010     7.8506     7.8498     76.783     78.487      0.331    1441.73    1441.74  0.000e+00
      45821     78.000     5.3764     5.3781     0.0016    1.07065    1.07058          1     0.9796     1.2941      10.78     0.3148     0.1842  1.000e-12  0.1530000     9.9687     9.9676    -0.0011     7.8639     7.8629     77.279     78.992      0.315    1441.84    1441.85  0.000e+00
      45858     78.500     5.4264     5.4268     0.0004    1.07699    1.07675          1     1.0214     1.2521      10.28     0.3190     0.1929  1.000e-12  0.1752000    10.0174    10.0149    -0.0025     7.8997     7.8977     77.774     79.498      0.329    1442.13    1442.13  0.000e+00
      45894     79.000     5.5274     5.5251    -0.0024    1.08505    1.08476          1     1.0509     1.1929       9.75     0.3111     0.1453  1.000e-12  0.1524000    10.0679    10.0658    -0.0021     7.9341     7.9325     78.269     80.003      0.323    1442.63    1442.62  0.000e+00
      45932     79.500     5.8459     5.8324    -0.0135    1.10083    1.10019          1     1.2025     1.1657       9.24     0.3048     0.2428  1.000e-12  0.1496000    10.1297    10.1275    -0.0023     7.9645     7.9635     78.764     80.508      0.321    1444.09    1444.03  0.000e+00
      45969     80.000     6.7889     6.7596    -0.0294    1.16609    1.16314          1     2.4661     1.8909       8.73     0.3126     0.2189  1.000e-12  0.1680000    10.4841    10.4643    -0.0199     8.1795     8.1660     79.260     81.013      0.318    1448.52    1448.37  0.000e+00
      46007     80.500     7.3417     7.3430     0.0013    1.23245    1.23151          1     2.8938     2.2199       8.19     0.3091     0.2308  1.000e-12  0.1942000    10.9555    10.9460    -0.0094     8.5074     8.4999     79.755     81.518      0.325    1451.41    1451.41  0.000e+00
      46043     81.000     7.4565     7.4574     0.0009    1.29600    1.29550          1     2.1950     1.9027       7.63     0.3163     0.2594  1.000e-12  0.2011000    11.5295    11.5244    -0.0051     8.9475     8.9435     80.250     82.023      0.324    1452.61    1452.60  0.000e+00
      46081     81.500     7.5517     7.5549     0.0032    1.34358    1.34337          1     1.2833     1.3659       7.14     0.3259     0.2337  1.000e-12  0.2275000    11.9557    11.9527    -0.0031     9.2731     9.2705     80.746     82.528      0.322    1453.53    1453.54  0.000e+00
      46117     82.000     7.4989     7.5018     0.0029    1.37392    1.37367          1     0.7267     0.9555       6.67     0.3132     0.2438  1.000e-12  0.2716000    12.2670    12.2636    -0.0034     9.5215     9.5186     81.241     83.032      0.339    1453.71    1453.72  0.000e+00
      46153     82.500     7.5093     7.5114     0.0021    1.38317    1.38322          1     0.6430     0.8091       6.15     0.3213     0.1970  1.000e-12  0.2953000    12.3526    12.3523    -0.0003     9.5876     9.5872     81.736     83.537      0.317    1453.87    1453.88  0.000e+00
      46192     83.000     7.5568     7.5573     0.0005    1.38872    1.38846          1     0.7254     0.7861       5.55     0.3103     0.2165  1.000e-12  0.3178000    12.3894    12.3867    -0.0027     9.6122     9.6100     82.231     84.041      0.314    1454.11    1454.11  0.000e+00
      46229     83.500     7.7419     7.7414    -0.0006    1.42093    1.42047          1     0.7875     0.7944       4.93     0.3171     0.2019  1.000e-12  0.3190000    12.6336    12.6294    -0.0042     9.7866     9.7834     82.727     84.546      0.339    1455.18    1455.17  0.000e+00
      46265     84.000     7.8336     7.8349     0.0013    1.43576    1.43572          1     0.8075     0.7930       4.23     0.3264     0.2192  1.000e-12  0.3162000    12.7432    12.7423    -0.0009     9.8639     9.8630     83.222     85.050      0.301    1455.69    1455.70  0.000e+00
