ctdpy/exports/archive_20191120_135557/received_data/SBE09_1044_20181018_0853_34_01_0109.cnv
* Sea-Bird SBE 9 Data File:
* FileName = C:\LUOTAUS\DATA_IN\hex_in\SMHI\ar18d109.hex
* Software Version Seasave V 7.23.2
* Temperature SN = 5351
* Conductivity SN = 3941
* Number of Bytes Per Scan = 30
* Number of Voltage Words = 4
* Number of Scans Averaged by the Deck Unit = 1
* NMEA baud rate = 4800
** Station:  Slaggo
** Operator:  OBac
** Ship: ARANDA
** Average sound velocity: 1495.69 m/s
** True-depth calculation Thu, 18 Oct 2018 09:37:24 +0000
** CTD Python Module SMHI /ver 3-12/ feb 2012 
** LIMS Job: 20183401-0109
** Cruise: SMHI-4-2018
** Latitude [GG MM.mm N]: 58 15.551 N
** Longitude [GG MM.mm E] 11 26.229 E
# nquan = 26
# nvalues = 127                         
# units = specified
# name 0 = scan: Scan Count
# name 1 = prDM: Pressure, Digiquartz [db]
# name 2 = t090C: Temperature [ITS-90, deg C]
# name 3 = t190C: Temperature, 2 [ITS-90, deg C]
# name 4 = T2-T190C: Temperature Difference, 2 - 1 [ITS-90, deg C]
# name 5 = c0S/m: Conductivity [S/m]
# name 6 = c1S/m: Conductivity, 2 [S/m]
# name 7 = pumps: Pump Status
# name 8 = sbeox0ML/L: Oxygen, SBE 43 [ml/l]
# name 9 = sbeox1ML/L: Oxygen, SBE 43, 2 [ml/l]
# name 10 = altM: Altimeter [m]
# name 11 = flECO-AFL: Chl-a Fluorescence, WET Labs ECO-AFL/FL [mg/m^3]
# name 12 = flECO-AFL1: Phycocyanin Fluorescence, WET Labs ECO-AFL/FL, 2 [mg/m^3]
# name 13 = par: PAR/Irradiance, Biospherical/Lico [µE/(cm^2*s)]
# name 14 = turbWETntu0: Turbidity, WET Labs ECO [NTU]
# name 15 = sal00: Salinity, Practical [PSU]
# name 16 = sal11: Salinity, Practical, 2 [PSU]
# name 17 = secS-priS: Salinity, Practical, Difference, 2 - 1 [PSU]
# name 18 = sigma-t00: Density [sigma-t, Kg/m^3 ]
# name 19 = sigma-t11: Density, 2 [sigma-t, Kg/m^3 ]
# name 20 = depSM: Depth [salt water, m], lat = 0
# name 21 = depFM: Depth [true depth, m], lat = 0
# name 22 = dz/dtM: Descent Rate [m/s], WS = 2
# name 23 = svCM: Sound Velocity [Chen-Millero, m/s]
# name 24 = svCM1: Sound Velocity, 2 [Chen-Millero, m/s]
# name 25 = flag: flag
# span 0 =      12449,      15123       
# span 1 =      1.500,     64.500       
# span 2 =     9.2902,    14.0164       
# span 3 =     9.2962,    14.0172       
# span 4 =    -0.0699,     0.0737       
# span 5 =   3.311592,   3.886674       
# span 6 =   3.309547,   3.886750       
# span 7 =          1,          1       
# span 8 =    3.48393,    6.09772       
# span 9 =    3.32477,    5.77279       
# span 10 =       3.40,      97.98      
# span 11 =     0.1623,     1.8137      
# span 12 =     0.1690,     0.4008      
# span 13 = 1.0000e-12, 1.2843e+02      
# span 14 =     0.3141,     2.6168      
# span 15 =    27.6204,    33.6673      
# span 16 =    27.6024,    33.6663      
# span 17 =    -0.2637,     0.0122      
# span 18 =    20.6818,    26.0282      
# span 19 =    20.6681,    26.0267      
# span 20 =      1.492,     64.136      
# span 21 =      1.497,     64.188      
# span 22 =      0.003,      0.625      
# span 23 =    1486.69,    1500.02      
# span 24 =    1486.71,    1500.02      
# span 25 = 0.0000e+00, 0.0000e+00      
# interval = decibars: 0.5              
# start_time = Oct 18 2018 08:53:25 [System UTC, header]
# bad_flag = -9.990e-29
*END*
[from data line 56]
      13669     29.500    14.0164    14.0172     0.0009    3.82895    3.82886          1     4.9870     4.7412      38.29     0.2149     0.2420  9.273e-01  0.5080000    31.5964    31.5949    -0.0015    23.5550    23.5536     29.336     29.404      0.558    1500.02    1500.02  0.000e+00
      13691     30.000    13.9763    13.9774     0.0011    3.82836    3.82843          1     4.9874     4.7428      37.00     0.2011     0.2610  8.517e-01  0.5334000    31.6238    31.6234    -0.0003    23.5843    23.5838     29.833     29.902      0.573    1499.93    1499.93  0.000e+00
      13711     30.500    13.9395    13.9434     0.0040    3.82608    3.82633          1     5.0262     4.7570      36.87     0.2016     0.2423  7.847e-01  0.5695000    31.6329    31.6319    -0.0010    23.5988    23.5972     30.330     30.399      0.598    1499.83    1499.84  0.000e+00
      13731     31.000    13.9111    13.9133     0.0022    3.82509    3.82509          1     5.0382     4.7605      36.18     0.2088     0.2075  7.136e-01  0.6076000    31.6469    31.6451    -0.0018    23.6154    23.6135     30.827     30.897      0.609    1499.76    1499.77  0.000e+00
      13751     31.500    13.8976    13.8997     0.0021    3.82977    3.82949          1     5.0126     4.7471      35.96     0.1961     0.1763  6.527e-01  0.6737000    31.7010    31.6966    -0.0044    23.6598    23.6561     31.325     31.394      0.602    1499.79    1499.79  0.000e+00
      13771     32.000    13.8787    13.8854     0.0066    3.84027    3.84078          1     4.9954     4.7448      35.45     0.2142     0.2036  5.960e-01  0.6749000    31.8132    31.8123    -0.0008    23.7503    23.7483     31.822     31.892      0.585    1499.86    1499.89  0.000e+00
      13792     32.500    13.7994    13.8061     0.0067    3.83810    3.83801          1     5.0163     4.7674      35.18     0.2058     0.2507  5.476e-01  0.6612000    31.8587    31.8523    -0.0064    23.8016    23.7953     32.319     32.389      0.572    1499.67    1499.68  0.000e+00
      13813     33.000    13.6990    13.7049     0.0059    3.84124    3.84116          1     5.0767     4.8088      34.69     0.2027     0.1933  4.988e-01  0.6743000    31.9712    31.9655    -0.0058    23.9088    23.9032     32.816     32.887      0.578    1499.48    1499.49  0.000e+00
      13833     33.500    13.6185    13.6227     0.0042    3.84932    3.84910          1     5.1112     4.8354      34.23     0.2178     0.1925  4.557e-01  0.7317000    32.1133    32.1077    -0.0056    24.0348    24.0296     33.313     33.384      0.599    1499.39    1499.39  0.000e+00
      13853     34.000    13.5941    13.5962     0.0021    3.85420    3.85416          1     5.1059     4.8310      33.80     0.2313     0.2169  4.171e-01  0.8018000    32.1790    32.1769    -0.0021    24.0904    24.0884     33.810     33.881      0.607    1499.39    1499.39  0.000e+00
      13873     34.500    13.5847    13.5861     0.0013    3.86335    3.86293          1     5.1007     4.8182      33.26     0.2137     0.2385  3.665e-01  0.8241000    32.2718    32.2668    -0.0050    24.1641    24.1599     34.308     34.379      0.592    1499.48    1499.48  0.000e+00
      13893     35.000    13.5172    13.5211     0.0039    3.87362    3.87374          1     5.1002     4.8116      32.75     0.2303     0.2422  3.322e-01  1.1351000    32.4244    32.4223    -0.0021    24.2956    24.2932     34.805     34.876      0.568    1499.44    1499.45  0.000e+00
      13915     35.500    13.5159    13.5165     0.0005    3.87432    3.87433          1     5.0936     4.8119      32.21     0.2376     0.1785  2.993e-01  1.2813000    32.4317    32.4315    -0.0003    24.3015    24.3012     35.302     35.373      0.563    1499.46    1499.46  0.000e+00
      13936     36.000    13.5165    13.5184     0.0020    3.87474    3.87497          1     5.0909     4.8086      31.70     0.2102     0.2127  2.722e-01  0.9566000    32.4351    32.4355     0.0005    24.3040    24.3040     35.799     35.870      0.581    1499.47    1499.48  0.000e+00
      13956     36.500    13.5194    13.5218     0.0023    3.87561    3.87577          1     5.0929     4.8108      31.25     0.2096     0.2368  2.458e-01  0.9522000    32.4405    32.4399    -0.0005    24.3076    24.3067     36.296     36.367      0.598    1499.49    1499.50  0.000e+00
      13976     37.000    13.5073    13.5047    -0.0025    3.87449    3.87426          1     5.1019     4.8220      30.81     0.2168     0.2429  2.163e-01  0.9553000    32.4401    32.4402     0.0001    24.3097    24.3103     36.793     36.864      0.603    1499.46    1499.45  0.000e+00
      13996     37.500    13.4998    13.4987    -0.0011    3.87388    3.87375          1     5.0869     4.8202      30.41     0.2050     0.2222  1.824e-01  0.9734000    32.4406    32.4403    -0.0003    24.3116    24.3116     37.291     37.362      0.598    1499.44    1499.44  0.000e+00
      14016     38.000    13.4765    13.4812     0.0047    3.87336    3.87331          1     5.0648     4.8203      29.85     0.2029     0.1690  1.567e-01  0.9905000    32.4553    32.4509    -0.0044    24.3277    24.3233     37.788     37.859      0.590    1499.39    1499.40  0.000e+00
      14037     38.500    13.3760    13.3913     0.0153    3.87555    3.87521          1     5.0697     4.8237      29.30     0.2182     0.2080  1.389e-01  0.9967000    32.5613    32.5451    -0.0163    24.4298    24.4141     38.285     38.356      0.585    1499.19    1499.22  0.000e+00
      14057     39.000    13.2957    13.2982     0.0026    3.87773    3.87782          1     5.0895     4.8251      28.86     0.2297     0.2393  1.182e-01  1.0658000    32.6503    32.6489    -0.0014    24.5146    24.5130     38.782     38.853      0.584    1499.04    1499.05  0.000e+00
      14078     39.500    13.2826    13.2820    -0.0006    3.87820    3.87837          1     5.1137     4.8295      28.36     0.2139     0.2501  1.033e-01  1.0905000    32.6658    32.6678     0.0021    24.5291    24.5309     39.279     39.350      0.586    1499.02    1499.02  0.000e+00
      14098     40.000    13.2787    13.2773    -0.0014    3.87844    3.87865          1     5.1209     4.8320      27.90     0.2326     0.2504  8.407e-02  1.1380000    32.6711    32.6743     0.0032    24.5341    24.5368     39.776     39.847      0.589    1499.02    1499.02  0.000e+00
      14119     40.500    13.2758    13.2776     0.0018    3.87870    3.87871          1     5.1157     4.8269      27.45     0.2396     0.2290  6.687e-02  1.1619000    32.6758    32.6744    -0.0014    24.5383    24.5369     40.274     40.344      0.585    1499.03    1499.03  0.000e+00
      14139     41.000    13.2739    13.2743     0.0004    3.87905    3.87911          1     5.1028     4.8132      26.96     0.2182     0.2139  5.394e-02  1.1315000    32.6806    32.6808     0.0002    24.5423    24.5424     40.771     40.841      0.580    1499.04    1499.04  0.000e+00
      14160     41.500    13.2620    13.2618    -0.0002    3.87939    3.87950          1     5.0720     4.7938      26.49     0.2167     0.2071  4.073e-02  1.1143000    32.6938    32.6950     0.0012    24.5549    24.5560     41.268     41.338      0.578    1499.02    1499.02  0.000e+00
      14181     42.000    13.2326    13.2402     0.0075    3.88014    3.87997          1     5.0322     4.7697      25.91     0.2109     0.2080  2.521e-02  1.1793000    32.7259    32.7178    -0.0082    24.5857    24.5778     41.765     41.835      0.578    1498.97    1498.98  0.000e+00
      14202     42.500    13.1660    13.1744     0.0085    3.88210    3.88204          1     4.9950     4.7436      25.34     0.2285     0.2223  1.431e-02  1.2226000    32.8016    32.7937    -0.0078    24.6574    24.6497     42.262     42.333      0.582    1498.85    1498.86  0.000e+00
      14222     43.000    13.1437    13.1461     0.0025    3.88270    3.88303          1     4.9890     4.7300      24.84     0.2323     0.2113  1.042e-02  1.2669000    32.8263    32.8273     0.0010    24.6810    24.6812     42.759     42.830      0.595    1498.81    1498.82  0.000e+00
      14242     43.500    13.1393    13.1386    -0.0006    3.88340    3.88380          1     5.0003     4.7309      24.38     0.2092     0.2070  5.027e-04  1.3176000    32.8365    32.8408     0.0043    24.6897    24.6932     43.256     43.327      0.608    1498.81    1498.82  0.000e+00
      14261     44.000    13.1283    13.1290     0.0006    3.88440    3.88452          1     4.9987     4.7312      23.94     0.2108     0.2056  3.584e-06  1.3401000    32.8552    32.8558     0.0005    24.7064    24.7067     43.754     43.824      0.609    1498.81    1498.81  0.000e+00
      14281     44.500    13.1265    13.1267     0.0002    3.88461    3.88470          1     5.0002     4.7276      23.45     0.2150     0.1789  1.001e-12  1.3897000    32.8586    32.8593     0.0007    24.7094    24.7099     44.251     44.321      0.594    1498.81    1498.82  0.000e+00
      14302     45.000    13.1036    13.1079     0.0043    3.88533    3.88537          1     4.9931     4.7149      22.91     0.2224     0.1785  1.000e-12  1.4281000    32.8850    32.8816    -0.0034    24.7343    24.7309     44.748     44.818      0.578    1498.78    1498.79  0.000e+00
      14323     45.500    13.0706    13.0731     0.0024    3.88633    3.88648          1     4.9638     4.6996      22.42     0.2266     0.2159  1.000e-12  1.4401000    32.9228    32.9221    -0.0008    24.7702    24.7691     45.245     45.314      0.572    1498.72    1498.73  0.000e+00
      14344     46.000    13.0411    13.0390    -0.0020    3.88667    3.88675          1     4.9474     4.6906      21.89     0.2174     0.2375  1.000e-12  1.4259000    32.9515    32.9541     0.0026    24.7982    24.8006     45.742     45.811      0.576    1498.66    1498.66  0.000e+00
      14364     46.500    13.0140    13.0160     0.0019    3.88566    3.88585          1     4.9240     4.6771      21.48     0.2188     0.2085  1.000e-12  1.5032000    32.9653    32.9654     0.0002    24.8142    24.8139     46.239     46.308      0.577    1498.60    1498.60  0.000e+00
      14385     47.000    12.9813    12.9808    -0.0005    3.88416    3.88424          1     4.8795     4.6523      21.00     0.2166     0.2647  1.000e-12  1.5287000    32.9794    32.9805     0.0011    24.8315    24.8325     46.736     46.805      0.573    1498.51    1498.51  0.000e+00
      14406     47.500    12.8963    12.8940    -0.0023    3.88154    3.88160          1     4.8607     4.6243      20.51     0.2250     0.2424  1.000e-12  1.5745000    33.0285    33.0311     0.0026    24.8863    24.8887     47.234     47.302      0.578    1498.29    1498.29  0.000e+00
      14427     48.000    12.8176    12.8258     0.0081    3.87811    3.87884          1     4.8454     4.6028      19.93     0.2317     0.2222  1.000e-12  1.6169000    33.0645    33.0643    -0.0002    24.9296    24.9278     47.731     47.799      0.594    1498.08    1498.11  0.000e+00
      14447     48.500    12.7938    12.7983     0.0044    3.87720    3.87757          1     4.8215     4.5951      19.45     0.2409     0.2151  1.000e-12  1.6517000    33.0765    33.0761    -0.0003    24.9435    24.9424     48.228     48.296      0.604    1498.02    1498.04  0.000e+00
      14467     49.000    12.7626    12.7608    -0.0018    3.87504    3.87494          1     4.8245     4.5898      18.96     0.2542     0.2504  1.000e-12  1.7360000    33.0830    33.0837     0.0007    24.9547    24.9556     48.725     48.793      0.604    1497.93    1497.93  0.000e+00
      14486     49.500    12.7453    12.7513     0.0060    3.87432    3.87476          1     4.8275     4.5760      18.46     0.2414     0.2766  1.000e-12  1.6751000    33.0912    33.0902    -0.0010    24.9644    24.9624     49.222     49.290      0.600    1497.89    1497.91  0.000e+00
      14507     50.000    12.7395    12.7449     0.0053    3.87447    3.87476          1     4.8008     4.5587      17.98     0.2279     0.2635  1.000e-12  1.6691000    33.0975    33.0956    -0.0020    24.9704    24.9678     49.719     49.787      0.594    1497.89    1497.91  0.000e+00
      14527     50.500    12.6499    12.6437    -0.0061    3.86844    3.86811          1     4.7843     4.5519      17.48     0.2214     0.2357  1.000e-12  1.6744000    33.1185    33.1208     0.0023    25.0041    25.0070     50.216     50.283      0.591    1497.62    1497.60  0.000e+00
      14547     51.000    12.6101    12.6102     0.0001    3.86617    3.86623          1     4.7581     4.5167      16.98     0.2327     0.1944  1.000e-12  1.6729000    33.1317    33.1322     0.0005    25.0220    25.0224     50.714     50.780      0.589    1497.51    1497.51  0.000e+00
      14568     51.500    12.5848    12.5979     0.0130    3.86418    3.86539          1     4.6993     4.4761      16.48     0.2543     0.2076  1.000e-12  1.6230000    33.1347    33.1347     0.0000    25.0292    25.0267     51.211     51.277      0.583    1497.44    1497.48  0.000e+00
      14588     52.000    12.4853    12.4494    -0.0356    3.85540    3.85248          1     4.6104     4.4193      15.97     0.2625     0.2283  1.000e-12  1.7016000    33.1381    33.1419     0.0037    25.0510    25.0608     51.708     51.774      0.570    1497.11    1496.99  0.000e+00
      14610     52.500    12.2639    12.3379     0.0737    3.83739    3.84359          1     4.5457     4.3767      15.48     0.2500     0.2577  1.000e-12  1.6746000    33.1607    33.1549    -0.0059    25.1110    25.0923     52.205     52.271      0.560    1496.40    1496.64  0.000e+00
      14631     53.000    12.2457    12.2517     0.0060    3.83605    3.83647          1     4.4965     4.3285      15.00     0.2334     0.2679  1.000e-12  1.6126000    33.1637    33.1624    -0.0013    25.1167    25.1146     52.702     52.768      0.564    1496.35    1496.36  0.000e+00
      14652     53.500    12.1743    12.1918     0.0184    3.83020    3.83177          1     4.4351     4.2675      14.51     0.2195     0.2351  1.000e-12  1.5792000    33.1704    33.1699    -0.0005    25.1355    25.1318     53.199     53.264      0.581    1496.12    1496.18  0.000e+00
      14672     54.000    11.8850    11.9204     0.0345    3.80735    3.80990          1     4.3383     4.1786      14.04     0.2114     0.2084  1.000e-12  1.6176000    33.2063    33.1994    -0.0068    25.2177    25.2057     53.696     53.761      0.599    1495.18    1495.29  0.000e+00
      14692     54.500    11.7844    11.7981     0.0141    3.79926    3.80043          1     4.2245     4.0736      13.55     0.1885     0.2272  1.000e-12  1.5905000    33.2172    33.2164    -0.0008    25.2449    25.2417     54.193     54.258      0.608    1494.85    1494.90  0.000e+00
      14712     55.000    11.5549    11.5657     0.0104    3.78146    3.78252          1     4.1311     3.9874      13.07     0.1870     0.2625  1.000e-12  1.6147000    33.2488    33.2494     0.0006    25.3118    25.3102     54.691     54.755      0.611    1494.10    1494.14  0.000e+00
      14732     55.500    11.2910    11.3098     0.0189    3.76190    3.76329          1     4.0782     3.9283      12.58     0.1870     0.3058  1.000e-12  1.6777000    33.2940    33.2907    -0.0033    25.3949    25.3889     55.188     55.251      0.606    1493.25    1493.31  0.000e+00
      14752     56.000    11.1710    11.1822     0.0112    3.75300    3.75374          1     4.0456     3.8834      12.09     0.1870     0.2367  1.000e-12  1.7785000    33.3143    33.3115    -0.0028    25.4324    25.4282     55.685     55.748      0.595    1492.86    1492.90  0.000e+00
      14772     56.500    11.1055    11.1158     0.0102    3.74813    3.74877          1     4.0237     3.8539      11.58     0.1864     0.1939  1.000e-12  1.6021000    33.3252    33.3222    -0.0030    25.4526    25.4484     56.182     56.244      0.584    1492.65    1492.69  0.000e+00
