ctdpy/exports/archive_20191120_135557/received_data/SBE09_1044_20181208_0436_34_01_0169.cnv
* Sea-Bird SBE 9 Data File:
* FileName = C:\ctd\temp\ar18d169.hex
* Software Version Seasave V 7.26.7.107
* Temperature SN = 5351
* Conductivity SN = 3941
* Number of Bytes Per Scan = 41
* Number of Voltage Words = 4
* Number of Scans Averaged by the Deck Unit = 1
* NMEA Latitude = 58 20.38 N
* NMEA Longitude = 011 01.72 E
* NMEA UTC (Time) = Dec 08 2018  04:36:40
* NMEA baud rate = 4800
** Station:  A13
** Operator:  JKro
** Ship: ARANDA
** Average sound velocity: 1483.47 m/s
** True-depth calculation Sun, 09 Dec 2018 17:36:03 +0000
** CTD Python Module SMHI /ver 3-12/ feb 2012 
** LIMS Job: 20183401-0169
** Cruise: SMHI-7-2018
** Latitude [GG MM.mm N]:
** Longitude [GG MM.mm E]
# nquan = 26
# nvalues = 179                         
# units = specified
# name 0 = scan: Scan Count
# name 1 = prDM: Pressure, Digiquartz [db]
# name 2 = t090C: Temperature [ITS-90, deg C]
# name 3 = t190C: Temperature, 2 [ITS-90, deg C]
# name 4 = T2-T190C: Temperature Difference, 2 - 1 [ITS-90, deg C]
# name 5 = c0S/m: Conductivity [S/m]
# name 6 = c1S/m: Conductivity, 2 [S/m]
# name 7 = pumps: Pump Status
# name 8 = sbeox0ML/L: Oxygen, SBE 43 [ml/l]
# name 9 = sbeox1ML/L: Oxygen, SBE 43, 2 [ml/l]
# name 10 = altM: Altimeter [m]
# name 11 = flECO-AFL: Chl-a Fluorescence, WET Labs ECO-AFL/FL [mg/m^3]
# name 12 = flECO-AFL1: Phycocyanin Fluorescence, WET Labs ECO-AFL/FL, 2 [mg/m^3]
# name 13 = par: PAR/Irradiance, Biospherical/Lico [µE/(cm^2*s)]
# name 14 = turbWETntu0: Turbidity, WET Labs ECO [NTU]
# name 15 = sal00: Salinity, Practical [PSU]
# name 16 = sal11: Salinity, Practical, 2 [PSU]
# name 17 = secS-priS: Salinity, Practical, Difference, 2 - 1 [PSU]
# name 18 = sigma-t00: Density [sigma-t, Kg/m^3 ]
# name 19 = sigma-t11: Density, 2 [sigma-t, Kg/m^3 ]
# name 20 = depSM: Depth [salt water, m], lat = 58.3397
# name 21 = depFM: Depth [true depth, m], lat = 58.3397
# name 22 = dz/dtM: Descent Rate [m/s], WS = 2
# name 23 = svCM: Sound Velocity [Chen-Millero, m/s]
# name 24 = svCM1: Sound Velocity, 2 [Chen-Millero, m/s]
# name 25 = flag: flag
# span 0 =      26630,      31721       
# span 1 =      1.000,     90.000       
# span 2 =     7.3080,     8.5182       
# span 3 =     7.3133,     8.5191       
# span 4 =    -0.0606,     0.0735       
# span 5 =   3.281639,   3.619599       
# span 6 =   3.282887,   3.619422       
# span 7 =          1,          1       
# span 8 =    6.16098,    6.68287       
# span 9 =    6.13631,    6.65571       
# span 10 =       2.53,      90.35      
# span 11 =     0.2197,     0.8478      
# span 12 =     0.1668,     0.3268      
# span 13 = 1.0000e-12, 4.6105e-02      
# span 14 =     0.2554,     1.3359      
# span 15 =    32.0051,    34.4374      
# span 16 =    32.0137,    34.4371      
# span 17 =    -0.1346,     0.1689      
# span 18 =    25.0191,    26.7549      
# span 19 =    25.0252,    26.7549      
# span 20 =      0.991,     89.144      
# span 21 =      0.994,     89.301      
# span 22 =     -0.180,      1.151      
# span 23 =    1476.13,    1485.16      
# span 24 =    1476.16,    1485.16      
# span 25 = 0.0000e+00, 0.0000e+00      
# interval = decibars: 0.5              
# start_time = Dec 08 2018 04:36:41 [NMEA time, first data scan]
# bad_flag = -9.990e-29
*END*
[from data line 168]
      31116     85.000     8.4849     8.4851     0.0003    3.61669    3.61669          1     6.1710     6.1596       7.67     0.2797     0.1835  1.000e-12  1.1243000    34.4316    34.4314    -0.0002    26.7539    26.7537     84.193     84.341      0.648    1484.99    1484.99  0.000e+00
      31131     85.500     8.4868     8.4861    -0.0008    3.61695    3.61688          1     6.1708     6.1627       7.29     0.2725     0.2070  1.000e-12  1.2174000    34.4321    34.4322     0.0000    26.7540    26.7542     84.688     84.837      0.704    1485.00    1485.00  0.000e+00
      31149     86.000     8.4891     8.4883    -0.0008    3.61722    3.61714          1     6.1700     6.1682       6.82     0.2520     0.2171  1.000e-12  1.3359000    34.4327    34.4326    -0.0001    26.7541    26.7541     85.183     85.333      0.551    1485.02    1485.02  0.000e+00
      31228     86.500     8.4880     8.4859    -0.0020    3.61709    3.61688          1     6.1675     6.1664       6.16     0.2645     0.2271  1.000e-12  1.2185000    34.4320    34.4319    -0.0001    26.7537    26.7540     85.678     85.829      0.473    1485.02    1485.02  0.000e+00
      31270     87.000     8.4977     8.4944    -0.0033    3.61828    3.61794          1     6.1642     6.1547       5.73     0.2596     0.2218  1.000e-12  1.2003000    34.4349    34.4345    -0.0004    26.7545    26.7547     86.173     86.325      0.661    1485.07    1485.06  0.000e+00
      31303     87.500     8.5021     8.5026     0.0005    3.61878    3.61886          1     6.1640     6.1472       5.21     0.2495     0.2285  1.000e-12  1.2377000    34.4358    34.4361     0.0003    26.7545    26.7547     86.668     86.821      0.390    1485.10    1485.10  0.000e+00
      31376     88.000     8.5028     8.5042     0.0014    3.61891    3.61905          1     6.1613     6.1363       4.65     0.2545     0.2605  1.000e-12  1.1801000    34.4361    34.4362     0.0001    26.7546    26.7546     87.163     87.317      0.418    1485.11    1485.11  0.000e+00
      31416     88.500     8.5032     8.5035     0.0003    3.61897    3.61901          1     6.1638     6.1441       4.21     0.2572     0.2413  1.000e-12  1.1807000    34.4362    34.4364     0.0002    26.7546    26.7548     87.659     87.813      0.340    1485.12    1485.12  0.000e+00
      31492     89.000     8.5010     8.5014     0.0004    3.61874    3.61877          1     6.1610     6.1536       3.68     0.3503     0.2646  1.000e-12  1.1546000    34.4356    34.4355    -0.0001    26.7546    26.7544     88.154     88.309      0.489    1485.12    1485.12  0.000e+00
      31513     89.500     8.5051     8.5034    -0.0017    3.61924    3.61902          1     6.1655     6.1508       3.30     0.2538     0.2553  1.000e-12  1.2544000    34.4366    34.4360    -0.0006    26.7547    26.7545     88.649     88.805      0.435    1485.14    1485.14  0.000e+00
      31721     90.000     8.5080     8.5064    -0.0017    3.61960    3.61942          1     6.1667     6.1515       2.53     0.2771     0.2088  1.000e-12  1.1428000    34.4374    34.4371    -0.0003    26.7549    26.7549     89.144     89.301     -0.180    1485.16    1485.16  0.000e+00
