ctdpy/exports/archive_20191120_135557/received_data/SBE09_1044_20181018_0655_34_01_0108.cnv
* Sea-Bird SBE 9 Data File:
* FileName = C:\LUOTAUS\DATA_IN\hex_in\SMHI\ar18d108.hex
* Software Version Seasave V 7.23.2
* Temperature SN = 5351
* Conductivity SN = 3941
* Number of Bytes Per Scan = 30
* Number of Voltage Words = 4
* Number of Scans Averaged by the Deck Unit = 1
* NMEA baud rate = 4800
** Station:  A13
** Operator:  OBac
** Ship: ARANDA
** Average sound velocity: 1497.55 m/s
** True-depth calculation Thu, 18 Oct 2018 07:29:28 +0000
** CTD Python Module SMHI /ver 3-12/ feb 2012 
** LIMS Job: 20183401-0108
** Cruise: SMHI-4-2018
** Latitude [GG MM.mm N]: 58 20.407 N
** Longitude [GG MM.mm E] 11 01.713 E
# nquan = 26
# nvalues = 167                         
# units = specified
# name 0 = scan: Scan Count
# name 1 = prDM: Pressure, Digiquartz [db]
# name 2 = t090C: Temperature [ITS-90, deg C]
# name 3 = t190C: Temperature, 2 [ITS-90, deg C]
# name 4 = T2-T190C: Temperature Difference, 2 - 1 [ITS-90, deg C]
# name 5 = c0S/m: Conductivity [S/m]
# name 6 = c1S/m: Conductivity, 2 [S/m]
# name 7 = pumps: Pump Status
# name 8 = sbeox0ML/L: Oxygen, SBE 43 [ml/l]
# name 9 = sbeox1ML/L: Oxygen, SBE 43, 2 [ml/l]
# name 10 = altM: Altimeter [m]
# name 11 = flECO-AFL: Chl-a Fluorescence, WET Labs ECO-AFL/FL [mg/m^3]
# name 12 = flECO-AFL1: Phycocyanin Fluorescence, WET Labs ECO-AFL/FL, 2 [mg/m^3]
# name 13 = par: PAR/Irradiance, Biospherical/Lico [µE/(cm^2*s)]
# name 14 = turbWETntu0: Turbidity, WET Labs ECO [NTU]
# name 15 = sal00: Salinity, Practical [PSU]
# name 16 = sal11: Salinity, Practical, 2 [PSU]
# name 17 = secS-priS: Salinity, Practical, Difference, 2 - 1 [PSU]
# name 18 = sigma-t00: Density [sigma-t, Kg/m^3 ]
# name 19 = sigma-t11: Density, 2 [sigma-t, Kg/m^3 ]
# name 20 = depSM: Depth [salt water, m], lat = 0
# name 21 = depFM: Depth [true depth, m], lat = 0
# name 22 = dz/dtM: Descent Rate [m/s], WS = 2
# name 23 = svCM: Sound Velocity [Chen-Millero, m/s]
# name 24 = svCM1: Sound Velocity, 2 [Chen-Millero, m/s]
# name 25 = flag: flag
# span 0 =      16050,      19818       
# span 1 =      1.500,     84.500       
# span 2 =    10.6039,    13.2418       
# span 3 =    10.6052,    13.2418       
# span 4 =    -0.0179,     0.0179       
# span 5 =   3.649592,   3.986340       
# span 6 =   3.646720,   3.986365       
# span 7 =          1,          1       
# span 8 =    4.87600,    5.96711       
# span 9 =    4.63144,    5.58471       
# span 10 =       0.27,      83.96      
# span 11 =     0.0940,     1.7511      
# span 12 =     0.1420,     0.3446      
# span 13 = -2.591e-05, 4.4131e+02      
# span 14 =     0.2179,     1.8693      
# span 15 =    30.6861,    34.8575      
# span 16 =    30.6613,    34.8572      
# span 17 =    -0.0808,     0.1560      
# span 18 =    23.0327,    26.7355      
# span 19 =    23.0140,    26.7351      
# span 20 =      1.492,     84.019      
# span 21 =      1.493,     83.937      
# span 22 =     -0.119,      0.872      
# span 23 =    1493.18,    1499.09      
# span 24 =    1493.17,    1499.10      
# span 25 = 0.0000e+00, 0.0000e+00      
# interval = decibars: 0.5              
# start_time = Oct 18 2018 06:55:04 [System UTC, header]
# bad_flag = -9.990e-29
*END*
      16050      1.500    13.1224    13.1403     0.0179    3.66636    3.68461          1     5.9671     5.5847      42.02     1.7511     0.3189  4.413e+02  0.3059000    30.8305    30.9865     0.1560    23.1414    23.2585      1.492      1.493      0.257    1495.69    1495.94  0.000e+00
      16145      2.000    13.1121    13.1045    -0.0077    3.65402    3.64672          1     5.9398     5.5538      10.37     1.5805     0.2973  1.739e+02  0.2857000    30.7233    30.6613    -0.0621    23.0605    23.0140      1.989      1.991      0.457    1495.54    1495.44  0.000e+00
      16169      2.500    13.1068    13.1044    -0.0024    3.64959    3.64707          1     5.9447     5.5624       0.27     1.5601     0.3073  2.242e+02  0.3095000    30.6861    30.6644    -0.0217    23.0327    23.0164      2.486      2.489      0.594    1495.49    1495.45  0.000e+00
      16192      3.000    13.1154    13.1103    -0.0050    3.66024    3.65447          1     5.9377     5.5571      68.29     1.5081     0.3285  1.603e+02  0.3320000    30.7784    30.7286    -0.0498    23.1024    23.0649      2.983      2.987      0.409    1495.63    1495.56  0.000e+00
      16241      3.500    13.1555    13.1683     0.0127    3.70343    3.71569          1     5.9095     5.5239      83.96     1.4264     0.3140  1.178e+02  0.2786000    31.1493    31.2534     0.1041    23.3814    23.4595      3.481      3.484      0.334    1496.21    1496.38  0.000e+00
      16267      4.000    13.1631    13.1711     0.0080    3.71290    3.71993          1     5.9067     5.5156      83.14     1.3880     0.3076  9.475e+01  0.2976000    31.2314    31.2906     0.0592    23.4434    23.4876      3.978      3.982      0.697    1496.34    1496.44  0.000e+00
      16281      4.500    13.2075    13.2177     0.0100    3.75736    3.76562          1     5.8905     5.5083      82.87     1.4062     0.3088  1.036e+02  0.3064000    31.6104    31.6793     0.0688    23.7278    23.7790      4.475      4.479      0.786    1496.95    1497.07  0.000e+00
      16296      5.000    13.2230    13.2253     0.0024    3.77141    3.77275          1     5.8670     5.5081      82.52     1.4555     0.3446  9.439e+01  0.3266000    31.7289    31.7395     0.0106    23.8164    23.8241      4.972      4.977      0.698    1497.15    1497.17  0.000e+00
      16318      5.500    13.2233    13.2257     0.0024    3.77128    3.77303          1     5.8307     5.5027      82.10     1.4025     0.3442  7.336e+01  0.3143000    31.7272    31.7416     0.0144    23.8150    23.8257      5.470      5.474      0.437    1497.16    1497.18  0.000e+00
      16356      6.000    13.2269    13.2288     0.0019    3.77584    3.77621          1     5.8098     5.4881      81.10     1.4211     0.2969  4.766e+01  0.2796000    31.7667    31.7686     0.0019    23.8449    23.8459      5.967      5.972      0.373    1497.22    1497.23  0.000e+00
      16379      6.500    13.2352    13.2372     0.0020    3.79843    3.80615          1     5.7564     5.4489      80.43     1.3385     0.2346  4.866e+01  0.2738000    31.9711    32.0418     0.0708    24.0013    24.0556      6.464      6.469      0.665    1497.50    1497.59  0.000e+00
      16395      7.000    13.2418    13.2418     0.0001    3.81933    3.81209          1     5.7195     5.4265      80.07     1.1569     0.2363  4.717e+01  0.2969000    32.1612    32.0933    -0.0679    24.1470    24.0945      6.961      6.966      0.777    1497.75    1497.67  0.000e+00
      16410      7.500    13.2340    13.2349     0.0009    3.81897    3.81447          1     5.6981     5.4063      79.75     1.0974     0.2364  3.849e+01  0.3153000    32.1642    32.1212    -0.0430    24.1509    24.1175      7.459      7.464      0.752    1497.74    1497.69  0.000e+00
      16427      8.000    13.2287    13.2314     0.0027    3.82983    3.83645          1     5.6814     5.3864      79.39     0.9969     0.2357  3.473e+01  0.3448000    32.2704    32.3302     0.0598    24.2341    24.2797      7.956      7.961      0.608    1497.86    1497.94  0.000e+00
      16453      8.500    13.2286    13.2324     0.0038    3.83821    3.84169          1     5.6653     5.3652      78.61     0.6701     0.2364  3.138e+01  0.3000000    32.3489    32.3784     0.0294    24.2948    24.3168      8.453      8.458      0.418    1497.96    1498.00  0.000e+00
      16483      9.000    13.2250    13.2311     0.0061    3.83604    3.84042          1     5.6645     5.3533      77.90     0.6629     0.2237  2.723e+01  0.2767000    32.3315    32.3673     0.0359    24.2820    24.3085      8.950      8.955      0.478    1497.93    1498.00  0.000e+00
      16504      9.500    13.2253    13.2243    -0.0009    3.83899    3.84293          1     5.6553     5.3451      77.50     0.6146     0.2226  2.328e+01  0.2901000    32.3586    32.3965     0.0379    24.3030    24.3324      9.448      9.452      0.654    1497.98    1498.02  0.000e+00
      16521     10.000    13.2280    13.2304     0.0022    3.85788    3.84950          1     5.6239     5.3301      76.94     0.6259     0.2190  2.209e+01  0.3029000    32.5335    32.4527    -0.0808    24.4377    24.3748      9.945      9.950      0.707    1498.20    1498.11  0.000e+00
      16538     10.500    13.2198    13.2208     0.0011    3.86506    3.86169          1     5.5947     5.3199      76.53     0.5694     0.2087  1.965e+01  0.3038000    32.6078    32.5753    -0.0325    24.4968    24.4715     10.442     10.447      0.649    1498.27    1498.23  0.000e+00
      16558     11.000    13.2212    13.2256     0.0044    3.86861    3.86549          1     5.5906     5.3131      75.99     0.4673     0.1941  1.866e+01  0.3020000    32.6399    32.6067    -0.0332    24.5213    24.4948     10.939     10.944      0.528    1498.32    1498.29  0.000e+00
      16584     11.500    13.2129    13.2232     0.0103    3.87142    3.86825          1     5.6014     5.3063      75.40     0.4013     0.2003  1.727e+01  0.3052000    32.6732    32.6345    -0.0387    24.5488    24.5168     11.437     11.441      0.474    1498.34    1498.33  0.000e+00
      16608     12.000    13.2083    13.2148     0.0065    3.87055    3.86930          1     5.5950     5.2999      74.95     0.3961     0.2068  1.471e+01  0.3095000    32.6687    32.6514    -0.0173    24.5463    24.5316     11.934     11.938      0.528    1498.33    1498.33  0.000e+00
      16630     12.500    13.2071    13.2089     0.0018    3.87001    3.87122          1     5.5844     5.2917      74.39     0.4307     0.1889  1.289e+01  0.3217000    32.6645    32.6743     0.0098    24.5432    24.5504     12.431     12.435      0.547    1498.32    1498.34  0.000e+00
      16652     13.000    13.1941    13.1952     0.0011    3.87708    3.87712          1     5.5794     5.2937      74.01     0.4264     0.1823  1.265e+01  0.3104000    32.7420    32.7414    -0.0006    24.6057    24.6051     12.928     12.932      0.541    1498.38    1498.38  0.000e+00
      16674     13.500    13.1921    13.1927     0.0006    3.88033    3.88048          1     5.5873     5.2999      73.53     0.3899     0.2299  1.199e+01  0.3190000    32.7741    32.7749     0.0008    24.6310    24.6315     13.425     13.429      0.579    1498.42    1498.42  0.000e+00
      16694     14.000    13.1841    13.1852     0.0012    3.88126    3.88134          1     5.6008     5.3101      73.11     0.3756     0.2706  1.112e+01  0.3114000    32.7896    32.7893    -0.0003    24.6446    24.6441     13.923     13.926      0.644    1498.42    1498.43  0.000e+00
      16711     14.500    13.1665    13.1694     0.0029    3.88150    3.88160          1     5.6135     5.3229      72.78     0.3749     0.2015  9.863e+00  0.3021000    32.8067    32.8053    -0.0015    24.6613    24.6596     14.420     14.423      0.652    1498.39    1498.40  0.000e+00
      16731     15.000    13.1538    13.1565     0.0027    3.88143    3.88151          1     5.6102     5.3332      72.17     0.4049     0.2010  8.800e+00  0.2960000    32.8169    32.8153    -0.0015    24.6717    24.6699     14.917     14.920      0.580    1498.37    1498.38  0.000e+00
      16754     15.500    13.1447    13.1474     0.0028    3.88255    3.88175          1     5.6036     5.3366      71.56     0.4164     0.2752  8.308e+00  0.2914000    32.8351    32.8252    -0.0099    24.6876    24.6794     15.414     15.417      0.499    1498.37    1498.36  0.000e+00
      16778     16.000    13.1393    13.1428     0.0035    3.88379    3.88330          1     5.6001     5.3328      71.04     0.4074     0.2283  7.935e+00  0.2740000    32.8512    32.8436    -0.0076    24.7011    24.6945     15.912     15.914      0.501    1498.38    1498.38  0.000e+00
      16801     16.500    13.1365    13.1373     0.0009    3.88547    3.88565          1     5.6120     5.3357      70.54     0.4062     0.2068  7.457e+00  0.2921000    32.8693    32.8704     0.0010    24.7157    24.7163     16.409     16.411      0.554    1498.40    1498.40  0.000e+00
      16822     17.000    13.1158    13.1153    -0.0005    3.88932    3.88988          1     5.6261     5.3437      70.03     0.3969     0.2302  7.076e+00  0.2906000    32.9234    32.9291     0.0057    24.7616    24.7662     16.906     16.908      0.618    1498.40    1498.40  0.000e+00
      16840     17.500    13.1057    13.1044    -0.0013    3.89116    3.89171          1     5.6312     5.3487      69.59     0.3907     0.2035  6.583e+00  0.2868000    32.9493    32.9557     0.0064    24.7837    24.7889     17.403     17.405      0.642    1498.41    1498.41  0.000e+00
      16859     18.000    13.0990    13.1046     0.0055    3.89260    3.89165          1     5.6288     5.3449      69.11     0.3807     0.1962  6.047e+00  0.2900000    32.9685    32.9548    -0.0138    24.7999    24.7881     17.900     17.902      0.604    1498.41    1498.42  0.000e+00
      16880     18.500    13.1157    13.1189     0.0033    3.88979    3.88959          1     5.6175     5.3364      68.64     0.3911     0.2786  5.433e+00  0.2676000    32.9273    32.9226    -0.0048    24.7647    24.7604     18.398     18.399      0.543    1498.43    1498.43  0.000e+00
      16904     19.000    13.1087    13.1115     0.0028    3.89122    3.89099          1     5.6251     5.3405      68.13     0.3849     0.1954  5.106e+00  0.2858000    32.9467    32.9421    -0.0046    24.7811    24.7770     18.895     18.896      0.492    1498.44    1498.44  0.000e+00
      16929     19.500    13.0560    13.0581     0.0021    3.89264    3.89276          1     5.6806     5.3693      67.68     0.4013     0.1937  4.952e+00  0.2819000    33.0057    33.0050    -0.0006    24.8371    24.8362     19.392     19.393      0.513    1498.34    1498.35  0.000e+00
      16951     20.000    13.0220    13.0230     0.0011    3.89207    3.89215          1     5.7076     5.3891      67.18     0.4190     0.2395  4.699e+00  0.2511000    33.0298    33.0296    -0.0002    24.8625    24.8622     19.889     19.890      0.591    1498.26    1498.27  0.000e+00
      16970     20.500    13.0189    13.0202     0.0013    3.89264    3.89273          1     5.7034     5.3940      66.78     0.4217     0.2053  4.295e+00  0.2362000    33.0377    33.0374    -0.0003    24.8693    24.8688     20.386     20.387      0.644    1498.27    1498.27  0.000e+00
      16988     21.000    13.0091    13.0101     0.0011    3.89284    3.89294          1     5.6954     5.3922      66.18     0.4062     0.1508  3.958e+00  0.2358000    33.0479    33.0479    -0.0001    24.8791    24.8789     20.884     20.884      0.633    1498.26    1498.26  0.000e+00
      17008     21.500    13.0043    13.0051     0.0008    3.89314    3.89326          1     5.6912     5.3902      65.71     0.3919     0.1935  3.683e+00  0.2179000    33.0547    33.0552     0.0005    24.8853    24.8856     21.381     21.381      0.571    1498.26    1498.26  0.000e+00
      17030     22.000    13.0024    13.0030     0.0007    3.89369    3.89378          1     5.7065     5.3931      65.14     0.4270     0.2284  3.456e+00  0.2250000    33.0614    33.0617     0.0003    24.8909    24.8910     21.878     21.877      0.501    1498.27    1498.27  0.000e+00
      17055     22.500    13.0012    13.0026     0.0014    3.89422    3.89438          1     5.6989     5.3844      64.58     0.4298     0.2365  3.300e+00  0.2283000    33.0672    33.0675     0.0003    24.8956    24.8956     22.375     22.374      0.507    1498.28    1498.28  0.000e+00
      17077     23.000    13.0051    13.0053     0.0002    3.89587    3.89595          1     5.6675     5.3694      64.19     0.3912     0.2364  3.185e+00  0.2213000    33.0792    33.0798     0.0006    24.9041    24.9045     22.872     22.871      0.595    1498.32    1498.32  0.000e+00
      17096     23.500    12.9852    12.9861     0.0009    3.89555    3.89566          1     5.6647     5.3670      63.45     0.3660     0.2284  2.958e+00  0.2289000    33.0934    33.0936     0.0003    24.9190    24.9191     23.370     23.368      0.640    1498.27    1498.28  0.000e+00
      17115     24.000    12.9375    12.9385     0.0010    3.89309    3.89317          1     5.6731     5.3671      63.04     0.3582     0.1983  2.724e+00  0.2590000    33.1116    33.1114    -0.0001    24.9425    24.9422     23.867     23.865      0.602    1498.14    1498.15  0.000e+00
      17137     24.500    12.9374    12.9389     0.0015    3.89423    3.89442          1     5.6688     5.3671      62.61     0.3461     0.1604  2.553e+00  0.2420000    33.1223    33.1228     0.0005    24.9508    24.9509     24.364     24.362      0.515    1498.16    1498.17  0.000e+00
      17162     25.000    12.9669    12.9677     0.0008    3.89914    3.89928          1     5.6593     5.3647      62.12     0.3453     0.2091  2.454e+00  0.2362000    33.1427    33.1434     0.0006    24.9609    24.9612     24.861     24.859      0.482    1498.30    1498.30  0.000e+00
      17185     25.500    12.9671    12.9670    -0.0001    3.90105    3.90110          1     5.6479     5.3532      61.65     0.3240     0.2551  2.332e+00  0.2628000    33.1605    33.1611     0.0005    24.9746    24.9750     25.358     25.356      0.580    1498.32    1498.33  0.000e+00
      17204     26.000    12.9622    12.9616    -0.0006    3.90249    3.90251          1     5.6395     5.3429      61.09     0.2991     0.2390  2.165e+00  0.2617000    33.1782    33.1789     0.0008    24.9892    24.9899     25.856     25.852      0.657    1498.34    1498.33  0.000e+00
      17222     26.500    12.9363    12.9376     0.0012    3.90144    3.90156          1     5.6565     5.3551      60.32     0.2893     0.2000  1.968e+00  0.2657000    33.1908    33.1908     0.0000    25.0041    25.0039     26.353     26.349      0.626    1498.27    1498.28  0.000e+00
      17243     27.000    12.8515    12.8514     0.0000    3.89406    3.89404          1     5.6912     5.3814      60.07     0.3085     0.2136  1.837e+00  0.2834000    33.1950    33.1948    -0.0002    25.0240    25.0239     26.850     26.846      0.501    1498.00    1498.00  0.000e+00
      17271     27.500    12.8486    12.8478    -0.0007    3.89483    3.89462          1     5.6964     5.3887      59.71     0.3117     0.2645  1.784e+00  0.2351000    33.2047    33.2034    -0.0013    25.0321    25.0312     27.347     27.343      0.444    1498.01    1498.01  0.000e+00
      17296     28.000    12.8657    12.8664     0.0007    3.89777    3.89760          1     5.6729     5.3830      59.23     0.3210     0.2212  1.725e+00  0.2356000    33.2174    33.2151    -0.0023    25.0386    25.0367     27.844     27.840      0.563    1498.09    1498.09  0.000e+00
      17315     28.500    12.8633    12.8650     0.0017    3.89750    3.89758          1     5.6777     5.3809      58.86     0.3213     0.1964  1.633e+00  0.2467000    33.2167    33.2159    -0.0008    25.0385    25.0375     28.341     28.337      0.677    1498.09    1498.10  0.000e+00
