ctdpy/exports/archive_20191120_135557/received_data/SBE09_1044_20180419_1943_34_07_0022.cnv
* Sea-Bird SBE 9 Data File:
* FileName = C:\ctd\temp\2018\AU18D022.hex
* Software Version Seasave V 7.26.6.26
* Temperature SN = 5351
* Conductivity SN = 3941
* Number of Bytes Per Scan = 41
* Number of Voltage Words = 4
* Number of Scans Averaged by the Deck Unit = 1
* NMEA Latitude = 57 07.02 N
* NMEA Longitude = 017 40.11 E
* NMEA UTC (Time) = Apr 19 2018  19:43:58
* NMEA baud rate = 4800
** Station:  BY38
** Operator:  A-KTh
** Ship: AURA
** Average sound velocity: 1432.18 m/s
** True-depth calculation Thu, 19 Apr 2018 20:40:24 +0000
** CTD Python Module SMHI /ver 3-12/ feb 2012 
** LIMS Job: 20183407-0022
** Cruise: SMHI-01-2018
** Latitude [GG MM.mm N] :
** Longitude [GG MM.mm E]:
# nquan = 26
# nvalues = 208                         
# units = specified
# name 0 = scan: Scan Count
# name 1 = prDM: Pressure, Digiquartz [db]
# name 2 = t090C: Temperature [ITS-90, deg C]
# name 3 = t190C: Temperature, 2 [ITS-90, deg C]
# name 4 = T2-T190C: Temperature Difference, 2 - 1 [ITS-90, deg C]
# name 5 = c0S/m: Conductivity [S/m]
# name 6 = c1S/m: Conductivity, 2 [S/m]
# name 7 = pumps: Pump Status
# name 8 = sbeox0ML/L: Oxygen, SBE 43 [ml/l]
# name 9 = sbeox1ML/L: Oxygen, SBE 43, 2 [ml/l]
# name 10 = altM: Altimeter [m]
# name 11 = flECO-AFL: Chl-a Fluorescence, WET Labs ECO-AFL/FL [mg/m^3]
# name 12 = flECO-AFL1: Phycocyanin Fluorescence, WET Labs ECO-AFL/FL, 2 [mg/m^3]
# name 13 = par: PAR/Irradiance, Biospherical/Lico [µE/(cm^2*s)]
# name 14 = turbWETntu0: Turbidity, WET Labs ECO [NTU]
# name 15 = sal00: Salinity, Practical [PSU]
# name 16 = sal11: Salinity, Practical, 2 [PSU]
# name 17 = secS-priS: Salinity, Practical, Difference, 2 - 1 [PSU]
# name 18 = sigma-t00: Density [sigma-t, Kg/m^3 ]
# name 19 = sigma-t11: Density, 2 [sigma-t, Kg/m^3 ]
# name 20 = depSM: Depth [salt water, m], lat = 57.117
# name 21 = depFM: Depth [true depth, m], lat = 57.117
# name 22 = dz/dtM: Descent Rate [m/s], WS = 2
# name 23 = svCM: Sound Velocity [Chen-Millero, m/s]
# name 24 = svCM1: Sound Velocity, 2 [Chen-Millero, m/s]
# name 25 = flag: flag
# span 0 =       8383,      13591       
# span 1 =      0.500,    104.000       
# span 2 =     2.4621,     5.6168       
# span 3 =     2.4633,     5.6175       
# span 4 =    -0.0280,     0.0706       
# span 5 =   0.739055,   1.111169       
# span 6 =   0.739052,   1.111166       
# span 7 =          1,          1       
# span 8 =    0.06256,   10.21902       
# span 9 =    0.05607,   10.02904       
# span 10 =       2.37,      98.68      
# span 11 =     0.2906,     4.3729      
# span 12 =     0.1791,     0.7766      
# span 13 = -4.462e-06, 4.1147e+00      
# span 14 =     0.1294,     2.5454      
# span 15 =     7.2032,    10.2983      
# span 16 =     7.2023,    10.2980      
# span 17 =    -0.0055,     0.0007      
# span 18 =     5.7241,     8.1108      
# span 19 =     5.7229,     8.1106      
# span 20 =      0.495,    103.018      
# span 21 =      0.506,    105.243      
# span 22 =     -0.245,      0.604      
# span 23 =    1425.06,    1443.70      
# span 24 =    1425.07,    1443.70      
# span 25 = 0.0000e+00, 0.0000e+00      
# interval = decibars: 0.5              
# start_time = Apr 19 2018 19:43:58 [NMEA time, first data scan]
# bad_flag = -9.990e-29
*END*
       8383      0.500     3.7884     3.8635     0.0706    0.75639    0.75779          1    10.1151     9.9863      97.40     3.5864     0.7766  4.115e+00  0.2829000     7.2062     7.2039    -0.0024     5.7335     5.7299      0.495      0.506      0.112    1430.05    1430.39  0.000e+00
       8440      1.000     3.8803     3.9041     0.0241    0.75834    0.75883          1    10.1299     9.9669      97.38     3.1588     0.6244  2.226e+00  0.2874000     7.2057     7.2055    -0.0002     5.7311     5.7304      0.991      1.013      0.207    1430.48    1430.58  0.000e+00
       8488      1.500     3.9315     3.9636     0.0321    0.75943    0.76006          1    10.1508     9.9272      97.36     3.2590     0.5640  1.117e+00  0.3037000     7.2055     7.2048    -0.0007     5.7297     5.7284      1.486      1.519      0.345    1430.72    1430.86  0.000e+00
       8522      2.000     3.9793     3.9693    -0.0101    0.76040    0.76014          1    10.1983     9.9930      97.38     3.1824     0.6067  4.746e-01  0.3172000     7.2047     7.2043    -0.0004     5.7280     5.7279      1.982      2.025      0.294    1430.94    1430.89  0.000e+00
       8567      2.500     4.1237     4.1372     0.0138    0.76350    0.76368          1    10.2190    10.0087      97.38     3.8914     0.6047  2.533e-01  0.3237000     7.2043     7.2032    -0.0011     5.7241     5.7229      2.477      2.532      0.301    1431.59    1431.65  0.000e+00
       8601      3.000     4.0738     4.0835     0.0092    0.76232    0.76243          1    10.0981     9.8939      97.38     4.3729     0.5572  3.418e-01  0.3410000     7.2032     7.2023    -0.0010     5.7245     5.7235      2.972      3.038      0.383    1431.38    1431.42  0.000e+00
       8631      3.500     3.8256     3.8216    -0.0041    0.75714    0.75684          1    10.0981     9.9293      97.38     3.2423     0.5408  1.990e-01  0.3024000     7.2052     7.2030    -0.0022     5.7318     5.7302      3.468      3.545      0.419    1430.27    1430.25  0.000e+00
       8659      4.000     3.7734     3.7927     0.0193    0.75590    0.75626          1    10.1335    10.0062      97.37     2.5095     0.4791  1.968e-01  0.2800000     7.2040     7.2034    -0.0006     5.7320     5.7311      3.963      4.051      0.423    1430.04    1430.13  0.000e+00
       8688      4.500     3.8418     3.8140    -0.0280    0.75736    0.75675          1    10.1767    10.0290      97.38     2.4161     0.4992  1.403e-01  0.2700000     7.2038     7.2037    -0.0001     5.7304     5.7309      4.459      4.557      0.399    1430.36    1430.23  0.000e+00
       8719      5.000     3.8082     3.8072    -0.0009    0.75670    0.75660          1    10.1114     9.9321      97.37     2.4548     0.4756  9.253e-02  0.2790000     7.2044     7.2036    -0.0008     5.7315     5.7309      4.954      5.064      0.392    1430.21    1430.21  0.000e+00
       8748      5.500     3.6543     3.6543    -0.0001    0.75370    0.75360          1    10.0441     9.8469      97.37     2.4265     0.5245  5.229e-02  0.2719000     7.2077     7.2066    -0.0011     5.7373     5.7364      5.449      5.570      0.452    1429.53    1429.53  0.000e+00
       8773      6.000     3.5971     3.6016     0.0046    0.75265    0.75268          1     9.9866     9.7850      97.38     2.4029     0.5308  1.959e-02  0.2688000     7.2095     7.2088    -0.0007     5.7398     5.7391      5.945      6.076      0.501    1429.28    1429.30  0.000e+00
       8797      6.500     3.5949     3.5946    -0.0003    0.75267    0.75263          1     9.9645     9.7574      97.37     2.3629     0.5205  7.275e-03  0.2578000     7.2102     7.2098    -0.0004     5.7404     5.7400      6.440      6.583      0.492    1429.28    1429.28  0.000e+00
       8822      7.000     3.5907     3.5891    -0.0015    0.75266    0.75259          1     9.9698     9.7619      97.39     2.3623     0.5227  6.506e-04  0.2632000     7.2110     7.2106    -0.0004     5.7410     5.7407      6.936      7.089      0.466    1429.27    1429.26  0.000e+00
       8848      7.500     3.5907     3.5987     0.0080    0.75273    0.75286          1     9.9805     9.7836      97.37     2.3855     0.4938 -4.462e-06  0.2666000     7.2116     7.2111    -0.0005     5.7415     5.7410      7.431      7.595      0.467    1429.27    1429.31  0.000e+00
       8873      8.000     3.5972     3.5986     0.0014    0.75294    0.75292          1     9.9931     9.8222      97.37     2.4775     0.5138  1.000e-12  0.2655000     7.2123     7.2117    -0.0005     5.7420     5.7415      7.926      8.102      0.473    1429.31    1429.32  0.000e+00
       8898      8.500     3.5889     3.5924     0.0035    0.75282    0.75285          1     9.9705     9.8121      97.39     2.4747     0.5443  1.000e-12  0.2859000     7.2128     7.2123    -0.0005     5.7425     5.7420      8.422      8.608      0.495    1429.28    1429.30  0.000e+00
       8922      9.000     3.5748     3.5771     0.0024    0.75258    0.75257          1     9.9785     9.8261      97.38     2.4759     0.4958  1.000e-12  0.2896000     7.2134     7.2128    -0.0006     5.7432     5.7427      8.917      9.115      0.531    1429.23    1429.24  0.000e+00
       8944      9.500     3.5100     3.5110     0.0010    0.75131    0.75126          1    10.0101     9.8519      97.39     2.4636     0.4878  1.000e-12  0.2716000     7.2146     7.2139    -0.0008     5.7453     5.7447      9.412      9.621      0.547    1428.94    1428.95  0.000e+00
       8966     10.000     3.4754     3.4766     0.0013    0.75072    0.75070          1     9.8437     9.7012      97.38     2.5138     0.5426  1.000e-12  0.3209000     7.2163     7.2157    -0.0006     5.7472     5.7467      9.908     10.127      0.529    1428.80    1428.80  0.000e+00
       8989     10.500     3.3583     3.3621     0.0038    0.74862    0.74857          1     9.6476     9.5340      97.37     2.5164     0.5829  1.000e-12  0.2909000     7.2206     7.2192    -0.0014     5.7523     5.7512     10.403     10.634      0.509    1428.27    1428.29  0.000e+00
       9013     11.000     3.0120     3.0233     0.0113    0.74196    0.74197          1     9.5199     9.3746      97.38     2.5990     0.5535  1.000e-12  0.2699000     7.2289     7.2264    -0.0025     5.7630     5.7609     10.899     11.140      0.504    1426.70    1426.75  0.000e+00
       9037     11.500     2.9579     2.9670     0.0089    0.74119    0.74145          1     9.4066     9.2468      97.37     2.3665     0.4368  1.000e-12  0.2716000     7.2330     7.2337     0.0007     5.7667     5.7672     11.394     11.646      0.510    1426.47    1426.51  0.000e+00
       9060     12.000     3.0193     3.0221     0.0028    0.74302    0.74304          1     9.3895     9.2207      97.38     2.3830     0.4720  1.000e-12  0.2553000     7.2382     7.2378    -0.0004     5.7704     5.7700     11.889     12.153      0.530    1426.76    1426.78  0.000e+00
       9082     12.500     3.0342     3.0393     0.0051    0.74354    0.74363          1     9.4195     9.2473      97.36     2.3588     0.5090  1.000e-12  0.2542000     7.2402     7.2400    -0.0002     5.7718     5.7716     12.385     12.659      0.554    1426.84    1426.87  0.000e+00
       9103     13.000     3.0381     3.0406     0.0025    0.74374    0.74376          1     9.4680     9.2909      97.38     2.3517     0.4833  1.000e-12  0.2527000     7.2413     7.2410    -0.0003     5.7727     5.7724     12.880     13.165      0.566    1426.87    1426.88  0.000e+00
       9124     13.500     3.0505     3.0553     0.0048    0.74429    0.74441          1     9.5056     9.3307      97.38     2.3968     0.4859  1.000e-12  0.2450000     7.2443     7.2444     0.0001     5.7749     5.7750     13.375     13.672      0.547    1426.94    1426.96  0.000e+00
       9147     14.000     3.0843     3.0865     0.0022    0.74556    0.74558          1     9.5304     9.3553      97.37     2.3869     0.5540  1.000e-12  0.2562000     7.2498     7.2496    -0.0003     5.7790     5.7788     13.871     14.178      0.506    1427.11    1427.12  0.000e+00
       9172     14.500     3.0784     3.0791     0.0007    0.74563    0.74560          1     9.5422     9.3524      96.88     2.3205     0.4948  1.000e-12  0.2383000     7.2518     7.2513    -0.0005     5.7807     5.7803     14.366     14.684      0.492    1427.09    1427.10  0.000e+00
       9196     15.000     3.0691     3.0700     0.0009    0.74554    0.74551          1     9.5350     9.3546      96.19     2.3975     0.5089  1.000e-12  0.2658000     7.2529     7.2524    -0.0005     5.7816     5.7812     14.862     15.191      0.524    1427.06    1427.06  0.000e+00
       9218     15.500     3.0550     3.0562     0.0012    0.74535    0.74532          1     9.5177     9.3469      95.71     2.2334     0.5140  1.000e-12  0.2424000     7.2540     7.2535    -0.0005     5.7826     5.7822     15.357     15.697      0.562    1427.00    1427.01  0.000e+00
       9238     16.000     3.0439     3.0453     0.0014    0.74521    0.74520          1     9.4955     9.3181      95.29     2.2450     0.4799  1.000e-12  0.2412000     7.2550     7.2545    -0.0005     5.7836     5.7832     15.852     16.203      0.578    1426.96    1426.97  0.000e+00
       9259     16.500     3.0205     3.0226     0.0022    0.74487    0.74486          1     9.4516     9.2659      97.06     2.2182     0.4312  1.000e-12  0.2412000     7.2566     7.2560    -0.0006     5.7851     5.7846     16.348     16.710      0.567    1426.86    1426.87  0.000e+00
       9281     17.000     2.9988     3.0011     0.0023    0.74457    0.74456          1     9.4319     9.2355      94.93     2.2213     0.4847  1.000e-12  0.2397000     7.2583     7.2577    -0.0006     5.7866     5.7861     16.843     17.216      0.540    1426.78    1426.78  0.000e+00
       9304     17.500     2.9709     2.9724     0.0015    0.74410    0.74408          1     9.4182     9.2076      93.68     2.2440     0.5115  1.000e-12  0.2362000     7.2597     7.2591    -0.0005     5.7879     5.7875     17.338     17.722      0.512    1426.66    1426.66  0.000e+00
       9328     18.000     3.0188     3.0155    -0.0033    0.74542    0.74534          1     9.4056     9.2067      93.03     2.1566     0.5266  1.000e-12  0.2375000     7.2626     7.2625    -0.0001     5.7898     5.7898     17.834     18.229      0.508    1426.89    1426.87  0.000e+00
       9351     18.500     3.0425     3.0432     0.0007    0.74625    0.74622          1     9.4005     9.2088      92.74     2.1842     0.4970  1.000e-12  0.2230000     7.2659     7.2654    -0.0005     5.7922     5.7918     18.329     18.735      0.530    1427.01    1427.01  0.000e+00
       9373     19.000     3.0506     3.0512     0.0007    0.74658    0.74655          1     9.3681     9.1731      92.20     2.2627     0.4848  1.000e-12  0.2291000     7.2674     7.2669    -0.0005     5.7934     5.7930     18.824     19.241      0.559    1427.06    1427.06  0.000e+00
       9394     19.500     3.0420     3.0446     0.0026    0.74657    0.74656          1     9.3227     9.1357      95.01     2.1357     0.5022  1.000e-12  0.2379000     7.2691     7.2685    -0.0006     5.7948     5.7943     19.320     19.748      0.578    1427.03    1427.04  0.000e+00
       9415     20.000     2.9792     2.9845     0.0053    0.74521    0.74527          1     9.2782     9.0933      97.60     2.0696     0.5392  1.000e-12  0.2346000     7.2690     7.2685    -0.0005     5.7953     5.7949     19.815     20.254      0.574    1426.75    1426.77  0.000e+00
       9436     20.500     2.9276     2.9348     0.0071    0.74408    0.74417          1     9.2302     9.0272      97.44     2.0319     0.4278  1.000e-12  0.2348000     7.2689     7.2681    -0.0007     5.7956     5.7950     20.310     20.760      0.545    1426.52    1426.55  0.000e+00
       9459     21.000     2.8941     2.8953     0.0012    0.74334    0.74331          1     9.1856     8.9685      90.77     1.9856     0.4377  1.000e-12  0.2315000     7.2687     7.2681    -0.0006     5.7957     5.7952     20.806     21.267      0.512    1426.37    1426.37  0.000e+00
       9483     21.500     2.8799     2.8820     0.0021    0.74306    0.74306          1     9.1611     8.9327      89.18     1.9327     0.4404  1.000e-12  0.2120000     7.2689     7.2684    -0.0005     5.7960     5.7956     21.301     21.773      0.509    1426.31    1426.32  0.000e+00
       9506     22.000     2.8743     2.8770     0.0026    0.74300    0.74302          1     9.1612     8.9728      88.67     1.9582     0.4778  1.000e-12  0.2156000     7.2695     7.2690    -0.0004     5.7965     5.7961     21.797     22.279      0.545    1426.29    1426.31  0.000e+00
       9527     22.500     2.8789     2.8816     0.0028    0.74316    0.74318          1     9.1566     9.0013      88.19     1.8711     0.4893  1.000e-12  0.2026000     7.2699     7.2696    -0.0003     5.7968     5.7966     22.292     22.786      0.589    1426.32    1426.33  0.000e+00
       9547     23.000     2.8806     2.8965     0.0158    0.74323    0.74360          1     9.1580     9.0013      87.70     1.8934     0.4666  1.000e-12  0.1981000     7.2703     7.2705     0.0002     5.7971     5.7972     22.787     23.292      0.604    1426.34    1426.41  0.000e+00
       9567     23.500     2.8775     2.8827     0.0053    0.74332    0.74337          1     9.1615     8.9881      87.17     1.8537     0.4414  1.000e-12  0.1999000     7.2718     7.2712    -0.0006     5.7983     5.7978     23.283     23.798      0.583    1426.33    1426.36  0.000e+00
       9588     24.000     2.8462     2.8478     0.0016    0.74269    0.74267          1     9.1517     8.9472      86.66     1.8086     0.4631  1.000e-12  0.2093000     7.2723     7.2717    -0.0006     5.7990     5.7985     23.778     24.305      0.548    1426.20    1426.20  0.000e+00
       9610     24.500     2.8334     2.8365     0.0031    0.74254    0.74255          1     9.1433     8.9257      86.09     1.8368     0.4695  1.000e-12  0.2185000     7.2736     7.2729    -0.0006     5.8000     5.7995     24.273     24.811      0.533    1426.15    1426.16  0.000e+00
       9633     25.000     2.8085     2.8098     0.0013    0.74207    0.74205          1     9.1313     8.9331      85.55     1.9791     0.4635  1.000e-12  0.2219000     7.2742     7.2737    -0.0006     5.8007     5.8002     24.769     25.317      0.546    1426.04    1426.05  0.000e+00
       9654     25.500     2.7974     2.7989     0.0016    0.74188    0.74186          1     9.1066     8.9290      85.03     1.9327     0.4674  1.000e-12  0.2220000     7.2746     7.2741    -0.0005     5.8010     5.8006     25.264     25.824      0.573    1426.00    1426.01  0.000e+00
       9675     26.000     2.7673     2.7696     0.0024    0.74133    0.74131          1     9.0763     8.9193      84.58     1.8893     0.5133  1.000e-12  0.2220000     7.2757     7.2748    -0.0008     5.8021     5.8014     25.759     26.330      0.588    1425.87    1425.88  0.000e+00
       9695     26.500     2.7453     2.7481     0.0027    0.74088    0.74088          1     9.0574     8.9040      84.04     1.8918     0.4161  1.000e-12  0.2105000     7.2759     7.2752    -0.0007     5.8023     5.8018     26.255     26.836      0.584    1425.77    1425.79  0.000e+00
       9716     27.000     2.7158     2.7181     0.0023    0.74038    0.74037          1     9.0491     8.8757      83.52     2.2810     0.4603  1.000e-12  0.2078000     7.2772     7.2766    -0.0006     5.8035     5.8031     26.750     27.343      0.561    1425.65    1425.66  0.000e+00
       9738     27.500     2.7108     2.7121     0.0013    0.74037    0.74035          1     9.0327     8.8573      83.06     2.6197     0.5207  1.000e-12  0.2078000     7.2782     7.2777    -0.0005     5.8043     5.8039     27.245     27.849      0.533    1425.63    1425.64  0.000e+00
