ctdpy/exports/archive_20191120_135557/received_data/SBE09_1044_20181111_1148_34_01_0130.cnv
* Sea-Bird SBE 9 Data File:
* FileName = C:\ctd\temp\ar18d130.hex
* Software Version Seasave V 7.26.7.107
* Temperature SN = 5351
* Conductivity SN = 3941
* Number of Bytes Per Scan = 41
* Number of Voltage Words = 4
* Number of Scans Averaged by the Deck Unit = 1
* NMEA Latitude = 55 52.00 N
* NMEA Longitude = 012 44.86 E
* NMEA UTC (Time) = Nov 11 2018  11:48:47
* NMEA baud rate = 4800
** Station:  W LANDSKRONA
** Operator:  JKro
** Ship: ARANDA
** Average sound velocity: 1481.24 m/s
** True-depth calculation Sun, 11 Nov 2018 12:42:06 +0000
** CTD Python Module SMHI /ver 3-12/ feb 2012 
** LIMS Job: 20183401-0130
** Cruise: SMHI-6-2018
** Latitude [GG MM.mm N]:
** Longitude [GG MM.mm E]
# nquan = 26
# nvalues = 92                          
# units = specified
# name 0 = scan: Scan Count
# name 1 = prDM: Pressure, Digiquartz [db]
# name 2 = t090C: Temperature [ITS-90, deg C]
# name 3 = t190C: Temperature, 2 [ITS-90, deg C]
# name 4 = T2-T190C: Temperature Difference, 2 - 1 [ITS-90, deg C]
# name 5 = c0S/m: Conductivity [S/m]
# name 6 = c1S/m: Conductivity, 2 [S/m]
# name 7 = pumps: Pump Status
# name 8 = sbeox0ML/L: Oxygen, SBE 43 [ml/l]
# name 9 = sbeox1ML/L: Oxygen, SBE 43, 2 [ml/l]
# name 10 = altM: Altimeter [m]
# name 11 = flECO-AFL: Chl-a Fluorescence, WET Labs ECO-AFL/FL [mg/m^3]
# name 12 = flECO-AFL1: Phycocyanin Fluorescence, WET Labs ECO-AFL/FL, 2 [mg/m^3]
# name 13 = par: PAR/Irradiance, Biospherical/Lico [µE/(cm^2*s)]
# name 14 = turbWETntu0: Turbidity, WET Labs ECO [NTU]
# name 15 = sal00: Salinity, Practical [PSU]
# name 16 = sal11: Salinity, Practical, 2 [PSU]
# name 17 = secS-priS: Salinity, Practical, Difference, 2 - 1 [PSU]
# name 18 = sigma-t00: Density [sigma-t, Kg/m^3 ]
# name 19 = sigma-t11: Density, 2 [sigma-t, Kg/m^3 ]
# name 20 = depSM: Depth [salt water, m], lat = 55.8667
# name 21 = depFM: Depth [true depth, m], lat = 55.8667
# name 22 = dz/dtM: Descent Rate [m/s], WS = 2
# name 23 = svCM: Sound Velocity [Chen-Millero, m/s]
# name 24 = svCM1: Sound Velocity, 2 [Chen-Millero, m/s]
# name 25 = flag: flag
# span 0 =      17047,      19665       
# span 1 =      1.000,     46.500       
# span 2 =     9.5674,    12.6358       
# span 3 =     9.5723,    12.6418       
# span 4 =    -0.0185,     0.0113       
# span 5 =   1.038099,   3.494965       
# span 6 =   1.038077,   3.496601       
# span 7 =          1,          1       
# span 8 =    3.70871,    7.20724       
# span 9 =    3.56336,    6.88408       
# span 10 =       2.40,      47.09      
# span 11 =     0.2138,     0.9481      
# span 12 =     0.1651,     0.2992      
# span 13 = 1.0000e-12, 5.2029e+02      
# span 14 =     0.2536,     2.3141      
# span 15 =     8.5341,    29.5959      
# span 16 =     8.5336,    29.6065      
# span 17 =    -0.3708,     0.0261      
# span 18 =     6.3976,    22.2791      
# span 19 =     6.3971,    22.2862      
# span 20 =      0.991,     46.072      
# span 21 =      1.012,     46.568      
# span 22 =      0.134,      0.549      
# span 23 =    1456.49,    1493.33      
# span 24 =    1456.49,    1493.36      
# span 25 = 0.0000e+00, 0.0000e+00      
# interval = decibars: 0.5              
# start_time = Nov 11 2018 11:48:48 [NMEA time, first data scan]
# bad_flag = -9.990e-29
*END*
[from data line 56]
      18499     29.000    12.4063    12.4037    -0.0026    3.39242    3.39100          1     3.9692     3.8373      19.95     0.2737     0.2364  2.843e-01  1.3132000    28.8161    28.8047    -0.0113    21.7181    21.7097     28.734     29.127      0.529    1491.33    1491.30  0.000e+00
      18522     29.500    12.4142    12.4135    -0.0007    3.39573    3.39514          1     3.9344     3.8087      19.43     0.2888     0.2437  2.442e-01  1.3985000    28.8410    28.8360    -0.0050    21.7359    21.7321     29.230     29.626      0.520    1491.39    1491.38  0.000e+00
      18545     30.000    12.4197    12.4217     0.0020    3.39794    3.39846          1     3.9317     3.7886      18.94     0.2863     0.2479  2.065e-01  1.5375000    28.8574    28.8608     0.0033    21.7476    21.7498     29.725     30.124      0.512    1491.44    1491.45  0.000e+00
      18569     30.500    12.4234    12.4245     0.0011    3.39936    3.39949          1     3.9282     3.7786      18.42     0.2729     0.2253  1.604e-01  1.6288000    28.8677    28.8681     0.0004    21.7549    21.7549     30.221     30.623      0.496    1491.47    1491.48  0.000e+00
      18593     31.000    12.4269    12.4278     0.0009    3.40083    3.40087          1     3.9227     3.7754      18.03     0.2730     0.2324  1.298e-01  1.6259000    28.8787    28.8784    -0.0003    21.7627    21.7624     30.716     31.121      0.482    1491.51    1491.51  0.000e+00
      18618     31.500    12.4280    12.4295     0.0015    3.40121    3.40155          1     3.9175     3.7664       6.82     0.2861     0.2269  1.041e-01  1.6280000    28.8813    28.8833     0.0021    21.7645    21.7658     31.211     31.619      0.472    1491.52    1491.53  0.000e+00
      18644     32.000    12.4272    12.4280     0.0009    3.40089    3.40089          1     3.9200     3.7682       9.68     0.3021     0.2440  7.666e-02  1.7030000    28.8787    28.8780    -0.0007    21.7627    21.7620     31.707     32.118      0.479    1491.52    1491.52  0.000e+00
      18669     32.500    12.4303    12.4309     0.0005    3.40231    3.40218          1     3.9092     3.7645      14.03     0.2887     0.2462  5.097e-02  1.7313000    28.8894    28.8878    -0.0016    21.7704    21.7691     32.202     32.616      0.486    1491.55    1491.56  0.000e+00
      18693     33.000    12.4860    12.4675    -0.0185    3.42805    3.41916          1     3.8814     3.7408       7.64     0.2778     0.2459  3.006e-02  1.6207000    29.0885    29.0191    -0.0693    21.9142    21.8640     32.697     33.115      0.489    1491.99    1491.85  0.000e+00
      18718     33.500    12.4824    12.4800    -0.0024    3.42522    3.42380          1     3.8706     3.7260      12.18     0.2730     0.1782  1.053e-02  1.5637000    29.0645    29.0530    -0.0115    21.8963    21.8879     33.193     33.613      0.496    1491.96    1491.94  0.000e+00
      18742     34.000    12.4912    12.4874    -0.0038    3.42955    3.42772          1     3.8676     3.7181      14.13     0.2793     0.2293  6.873e-04  1.5591000    29.0983    29.0840    -0.0143    21.9209    21.9105     33.688     34.111      0.488    1492.04    1492.01  0.000e+00
      18767     34.500    12.4918    12.4997     0.0078    3.42957    3.43299          1     3.8761     3.7109      14.22     0.2740     0.2096  4.758e-06  1.6651000    29.0978    29.1238     0.0261    21.9203    21.9391     34.184     34.610      0.483    1492.05    1492.10  0.000e+00
      18791     35.000    12.5043    12.5057     0.0014    3.43572    3.43575          1     3.8716     3.7080      13.88     0.2816     0.2307  1.000e-12  1.5310000    29.1458    29.1449    -0.0009    21.9552    21.9543     34.679     35.108      0.496    1492.15    1492.16  0.000e+00
      18815     35.500    12.5096    12.5097     0.0002    3.43784    3.43757          1     3.8624     3.7098      13.42     0.2822     0.1914  1.000e-12  1.4784000    29.1615    29.1588    -0.0026    21.9664    21.9643     35.174     35.606      0.487    1492.20    1492.20  0.000e+00
      18841     36.000    12.5107    12.5101    -0.0006    3.43836    3.43778          1     3.8593     3.7130      12.93     0.2718     0.2159  1.000e-12  1.5344000    29.1652    29.1603    -0.0049    21.9691    21.9654     35.670     36.105      0.483    1492.22    1492.21  0.000e+00
      18865     36.500    12.5106    12.5117     0.0011    3.43830    3.43848          1     3.8621     3.7137      12.46     0.2694     0.1890  1.000e-12  1.4982000    29.1647    29.1654     0.0008    21.9686    21.9691     36.165     36.603      0.502    1492.22    1492.23  0.000e+00
      18889     37.000    12.5140    12.5124    -0.0016    3.43983    3.43871          1     3.8628     3.7090      11.98     0.2603     0.1949  1.000e-12  1.5101000    29.1762    29.1669    -0.0093    21.9770    21.9701     36.660     37.101      0.499    1492.26    1492.24  0.000e+00
      18913     37.500    12.5141    12.5146     0.0005    3.43982    3.43972          1     3.8569     3.7041      11.49     0.2823     0.2148  1.000e-12  1.5437000    29.1758    29.1745    -0.0013    21.9767    21.9756     37.156     37.600      0.496    1492.26    1492.26  0.000e+00
      18937     38.000    12.5131    12.5140     0.0010    3.43951    3.43962          1     3.8581     3.7027      11.01     0.2826     0.2179  1.000e-12  1.5405000    29.1736    29.1738     0.0002    21.9751    21.9751     37.651     38.098      0.509    1492.27    1492.27  0.000e+00
      18960     38.500    12.5129    12.5129    -0.0001    3.43946    3.43911          1     3.8492     3.7009      10.51     0.2730     0.2333  1.000e-12  1.6079000    29.1730    29.1697    -0.0032    21.9746    21.9721     38.147     38.596      0.493    1492.27    1492.27  0.000e+00
      18985     39.000    12.5133    12.5131    -0.0002    3.43963    3.43933          1     3.8520     3.6998      10.02     0.2711     0.2336  1.000e-12  1.6324000    29.1741    29.1714    -0.0027    21.9754    21.9734     38.642     39.095      0.472    1492.29    1492.28  0.000e+00
      19012     39.500    12.5130    12.5141     0.0011    3.43963    3.43982          1     3.8497     3.6954       9.49     0.2805     0.2332  1.000e-12  1.7250000    29.1742    29.1751     0.0009    21.9756    21.9761     39.137     39.593      0.433    1492.29    1492.30  0.000e+00
      19042     40.000    12.5158    12.5182     0.0024    3.44107    3.44174          1     3.8433     3.6897       8.97     0.2755     0.2413  1.000e-12  1.6289000    29.1853    29.1898     0.0045    21.9837    21.9867     39.633     40.091      0.372    1492.32    1492.34  0.000e+00
      19076     40.500    12.5206    12.5226     0.0021    3.44325    3.44382          1     3.8403     3.6824       8.45     0.2923     0.2212  1.000e-12  1.6136000    29.2019    29.2057     0.0038    21.9956    21.9982     40.128     40.590      0.339    1492.37    1492.38  0.000e+00
      19112     41.000    12.5295    12.5291    -0.0004    3.44718    3.44670          1     3.8303     3.6801       7.94     0.2698     0.2332  1.000e-12  1.6332000    29.2318    29.2275    -0.0042    22.0171    22.0139     40.623     41.088      0.326    1492.44    1492.44  0.000e+00
      19150     41.500    12.5368    12.5363    -0.0005    3.45057    3.45004          1     3.8223     3.6711       7.40     0.2947     0.2549  1.000e-12  1.6600000    29.2578    29.2533    -0.0045    22.0359    22.0325     41.119     41.586      0.322    1492.51    1492.50  0.000e+00
      19188     42.000    12.5445    12.5439    -0.0006    3.45383    3.45338          1     3.7915     3.6628       5.73     0.2873     0.2301  1.000e-12  1.6318000    29.2823    29.2785    -0.0038    22.0534    22.0506     41.614     42.084      0.302    1492.57    1492.56  0.000e+00
      19229     42.500    12.5582    12.5544    -0.0038    3.45883    3.45811          1     3.7815     3.6438       5.96     0.2856     0.2331  1.000e-12  1.6925000    29.3184    29.3147    -0.0037    22.0788    22.0766     42.109     42.583      0.288    1492.67    1492.65  0.000e+00
      19272     43.000    12.6021    12.6014    -0.0006    3.47981    3.47911          1     3.7367     3.6061       5.90     0.2860     0.2287  1.000e-12  1.7364000    29.4813    29.4751    -0.0062    22.1967    22.1921     42.605     43.081      0.256    1493.02    1493.01  0.000e+00
      19322     43.500    12.6101    12.6170     0.0069    3.48394    3.48613          1     3.7280     3.5895       5.43     0.2929     0.2220  1.000e-12  1.7701000    29.5136    29.5288     0.0152    22.2202    22.2307     43.100     43.579      0.241    1493.09    1493.13  0.000e+00
      19372     44.000    12.6180    12.6233     0.0053    3.48761    3.48903          1     3.7292     3.5895       4.94     0.3008     0.2632  1.000e-12  1.8903000    29.5417    29.5509     0.0092    22.2405    22.2466     43.595     44.077      0.240    1493.16    1493.19  0.000e+00
      19421     44.500    12.6236    12.6275     0.0039    3.49005    3.49091          1     3.7305     3.5871       4.45     0.3160     0.2495  1.000e-12  1.9908000    29.5601    29.5651     0.0050    22.2537    22.2568     44.091     44.576      0.243    1493.21    1493.23  0.000e+00
      19472     45.000    12.6258    12.6292     0.0034    3.49097    3.49170          1     3.7219     3.5817       3.95     0.2891     0.2329  1.000e-12  1.9798000    29.5668    29.5709     0.0041    22.2584    22.2610     44.586     45.074      0.230    1493.23    1493.25  0.000e+00
      19526     45.500    12.6277    12.6316     0.0039    3.49188    3.49263          1     3.7201     3.5788       3.44     0.2990     0.2664  1.000e-12  2.0496000    29.5736    29.5777     0.0041    22.2634    22.2658     45.082     45.572      0.213    1493.26    1493.27  0.000e+00
      19585     46.000    12.6303    12.6395     0.0092    3.49302    3.49561          1     3.7186     3.5757       2.91     0.3121     0.2208  1.000e-12  2.0799000    29.5821    29.5993     0.0172    22.2694    22.2810     45.577     46.070      0.179    1493.28    1493.34  0.000e+00
      19665     46.500    12.6358    12.6418     0.0059    3.49497    3.49660          1     3.7087     3.5634       2.40     0.3120     0.1669  1.000e-12  2.3141000    29.5959    29.6065     0.0106    22.2791    22.2862     46.072     46.568      0.153    1493.33    1493.36  0.000e+00
