ctdpy/exports/archive_20191120_135557/received_data/SBE09_0827_20180123_1409_26_01_0181.cnv
* Sea-Bird SBE 9 Data File:
* FileName = D:\CTD_SBE911\DAT\26DA.2018.1.81.hex
* Software Version Seasave V 7.21d
* Temperature SN = 034757
* Conductivity SN = 041844
* Number of Bytes Per Scan = 48
* Number of Voltage Words = 5
* Number of Scans Averaged by the Deck Unit = 1
* NMEA Latitude = 58 18.19 N
* NMEA Longitude = 010 57.45 E
* NMEA UTC (Time) = Jan 23 2018  14:09:06
* NMEA baud rate = 4800
** Ship: DANA
** Average sound velocity: 1478.48 m/s
** True-depth calculation Thu, 28 Mar 2019 08:27:49 +0000
** CTD Python Module SMHI /ver 3-12/ feb 2012 
** LIMS Job: 20182601-0181
** 7W Håll
** Operator: Ronny Sørensen
** Cruise: 01/2018
# nquan = 26
# nvalues = 214                         
# units = specified
# name 0 = scan: Scan Count
# name 1 = prDM: Pressure, Digiquartz [db]
# name 2 = t090C: Temperature [ITS-90, deg C]
# name 3 = t190C: Temperature, 2 [ITS-90, deg C]
# name 4 = T2-T190C: Temperature Difference, 2 - 1 [ITS-90, deg C]
# name 5 = c0S/m: Conductivity [S/m]
# name 6 = c1S/m: Conductivity, 2 [S/m]
# name 7 = pumps: Pump Status
# name 8 = sbeox1ML/L: Oxygen, SBE 43, 2 [ml/l]
# name 9 = sbeox0ML/L: Oxygen, SBE 43 [ml/l]
# name 10 = altM: Altimeter [m]
# name 11 = chloroflTC0: Chlorophyll, Turner Cyclops [ug/l]
# name 12 = cpar: CPAR/Corrected Irradiance [%]
# name 13 = par: PAR/Irradiance, Biospherical/Lico [µE/(cm^2*s)]
# name 14 = spar: SPAR, Biospherical/Licor
# name 15 = sal00: Salinity, Practical [PSU]
# name 16 = sal11: Salinity, Practical, 2 [PSU]
# name 17 = secS-priS: Salinity, Practical, Difference, 2 - 1 [PSU]
# name 18 = sigma-t00: Density [sigma-t, kg/m^3 ]
# name 19 = sigma-t11: Density, 2 [sigma-t, kg/m^3 ]
# name 20 = depSM: Depth [salt water, m], lat = 58.3032
# name 21 = depFM: Depth [true depth, m], lat = 58.3032
# name 22 = dz/dtM: Descent Rate [m/s], WS = 2
# name 23 = svCM: Sound Velocity [Chen-Millero, m/s]
# name 24 = svCM1: Sound Velocity, 2 [Chen-Millero, m/s]
# name 25 = flag: flag
# span 0 =        164,      12005       
# span 1 =      2.500,    109.000       
# span 2 =     6.1120,     8.4475       
# span 3 =     6.1117,     8.4536       
# span 4 =    -0.0186,     0.0436       
# span 5 =   3.328675,   3.653203       
# span 6 =   3.328332,   3.652578       
# span 7 =          1,          1       
# span 8 =     5.5366,     6.2479       
# span 9 =     2.9403,     9.2543       
# span 10 =       1.20,      10.00      
# span 11 =     0.0207,     0.7810      
# span 12 = 2.7319e-12, 9.5916e+04      
# span 13 = 1.0000e-12, 2.0909e+00      
# span 14 = 4.0914e-01, 3.6602e+01      
# span 15 =    33.6674,    34.8473      
# span 16 =    33.6650,    34.8525      
# span 17 =    -0.2285,     0.0247      
# span 18 =    26.4854,    27.1196      
# span 19 =    26.4837,    27.1221      
# span 20 =      2.477,    107.959      
# span 21 =      2.481,    108.124      
# span 22 =     -0.162,      0.908      
# span 23 =    1473.55,    1485.66      
# span 24 =    1473.55,    1485.64      
# span 25 = 0.0000e+00, 0.0000e+00      
# interval = decibars: 0.5              
# start_time = Jan 23 2018 14:09:06 [NMEA time, first data scan]
# bad_flag = -9.990e-29
*END*
[from data line 112]
       5928     58.500     7.4529     7.4527    -0.0003    3.52524    3.52316          1     5.8981     5.9343       9.95     0.0342  3.519e-12  1.000e-12  2.842e+01    34.4798    34.4574    -0.0224    26.9453    26.9276     57.948     58.042      0.590    1480.71    1480.68  0.000e+00
       5947     59.000     7.4720     7.4706    -0.0013    3.52863    3.52649          1     5.8881     5.9358       9.96     0.0344  3.517e-12  1.000e-12  2.843e+01    34.4974    34.4755    -0.0219    26.9563    26.9393     58.443     58.537      0.514    1480.81    1480.78  0.000e+00
       6023     59.500     7.4736     7.4728    -0.0008    3.52939    3.52857          1     5.8798     5.9315       9.96     0.0343  3.651e-12  1.000e-12  2.742e+01    34.5038    34.4957    -0.0081    26.9612    26.9549     58.939     59.033      0.320    1480.84    1480.82  0.000e+00
       6099     60.000     7.4721     7.4716    -0.0005    3.53013    3.52953          1     5.8907     5.9205       9.95     0.0353  3.791e-12  1.000e-12  2.638e+01    34.5131    34.5070    -0.0061    26.9687    26.9640     59.434     59.529      0.549    1480.85    1480.84  0.000e+00
       6117     60.500     7.4751     7.4755     0.0004    3.53082    3.53020          1     5.9071     5.9134       9.95     0.0356  3.788e-12  1.000e-12  2.640e+01    34.5174    34.5103    -0.0072    26.9717    26.9660     59.929     60.025      0.568    1480.88    1480.87  0.000e+00
       6179     61.000     7.4796     7.4807     0.0010    3.53159    3.53104          1     5.8799     5.9030       9.95     0.0355  3.788e-12  1.000e-12  2.640e+01    34.5211    34.5140    -0.0071    26.9739    26.9682     60.424     60.521      0.454    1480.90    1480.90  0.000e+00
       6268     61.500     7.4701     7.4634    -0.0067    3.53065    3.53055          1     5.8362     5.8865       9.96     0.0362  3.788e-12  1.000e-12  2.640e+01    34.5200    34.5257     0.0057    26.9744    26.9799     60.919     61.017      0.544    1480.88    1480.86  0.000e+00
       6367     62.000     7.4667     7.4597    -0.0069    3.53042    3.53044          1     5.8552     5.8906       9.95     0.0363  3.788e-12  1.000e-12  2.640e+01    34.5207    34.5278     0.0071    26.9755    26.9821     61.415     61.513      0.385    1480.87    1480.85  0.000e+00
       6426     62.500     7.4532     7.4447    -0.0085    3.52921    3.52906          1     5.8570     5.8957       9.95     0.0367  3.788e-12  1.000e-12  2.640e+01    34.5207    34.5276     0.0069    26.9774    26.9840     61.910     62.009      0.392    1480.83    1480.80  0.000e+00
       6516     63.000     7.4248     7.4208    -0.0041    3.52645    3.52654          1     5.8790     5.9074       9.95     0.0366  3.788e-12  1.000e-12  2.640e+01    34.5188    34.5238     0.0050    26.9799    26.9845     62.405     62.505      0.223    1480.73    1480.72  0.000e+00
       6594     63.500     7.4100     7.4094    -0.0005    3.52522    3.52547          1     5.8790     5.9332       9.95     0.0375  3.788e-12  1.000e-12  2.640e+01    34.5200    34.5231     0.0032    26.9830    26.9856     62.900     63.001      0.209    1480.68    1480.68  0.000e+00
       6645     64.000     7.4062     7.4052    -0.0010    3.52518    3.52533          1     5.9087     5.9195       9.95     0.0367  3.788e-12  1.000e-12  2.640e+01    34.5230    34.5256     0.0026    26.9859    26.9881     63.395     63.496      0.269    1480.68    1480.67  0.000e+00
       6699     64.500     7.4039     7.4053     0.0014    3.52512    3.52536          1     5.8690     5.9256       9.95     0.0372  3.788e-12  1.000e-12  2.640e+01    34.5243    34.5255     0.0012    26.9873    26.9880     63.891     63.992      0.216    1480.68    1480.68  0.000e+00
       6749     65.000     7.4273     7.4271    -0.0002    3.52825    3.52755          1     5.8688     5.9155       9.95     0.0380  3.788e-12  1.000e-12  2.640e+01    34.5349    34.5274    -0.0075    26.9922    26.9864     64.386     64.488      0.366    1480.79    1480.78  0.000e+00
       6777     65.500     7.4423     7.4427     0.0004    3.52986    3.52961          1     5.8568     5.8993       9.95     0.0391  3.788e-12  1.000e-12  2.640e+01    34.5373    34.5341    -0.0032    26.9920    26.9894     64.881     64.984      0.388    1480.86    1480.85  0.000e+00
       6865     66.000     7.4400     7.4432     0.0032    3.52963    3.52986          1     5.8365     5.9095       9.95     0.0391  3.788e-12  1.000e-12  2.640e+01    34.5368    34.5361    -0.0007    26.9920    26.9909     65.376     65.480      0.366    1480.85    1480.87  0.000e+00
       6938     66.500     7.4437     7.4457     0.0019    3.53023    3.53008          1     5.8459     5.9051       9.95     0.0391  3.788e-12  1.000e-12  2.640e+01    34.5393    34.5356    -0.0036    26.9933    26.9902     65.872     65.976      0.364    1480.88    1480.88  0.000e+00
       7038     67.000     7.4370     7.4428     0.0057    3.52956    3.52968          1     5.8803     5.8956       9.95     0.0391  3.788e-12  1.000e-12  2.640e+01    34.5384    34.5340    -0.0044    26.9937    26.9893     66.367     66.472      0.510    1480.86    1480.88  0.000e+00
       7057     67.500     7.4452     7.4437    -0.0014    3.53037    3.53066          1     5.8718     5.8986       9.95     0.0398  3.788e-12  1.000e-12  2.640e+01    34.5388    34.5435     0.0047    26.9928    26.9967     66.862     66.968      0.549    1480.90    1480.90  0.000e+00
       7106     68.000     7.4405     7.4404    -0.0001    3.53017    3.53035          1     5.8526     5.9050       9.95     0.0398  3.788e-12  1.000e-12  2.640e+01    34.5411    34.5432     0.0021    26.9953    26.9969     67.357     67.463      0.363    1480.90    1480.90  0.000e+00
       7200     68.500     7.4523     7.4538     0.0014    3.53186    3.53150          1     5.8594     5.9200       9.95     0.0396  3.788e-12  1.000e-12  2.640e+01    34.5475    34.5421    -0.0054    26.9986    26.9942     67.852     67.959      0.445    1480.96    1480.95  0.000e+00
       7251     69.000     7.4874     7.4934     0.0060    3.53627    3.53586          1     5.8372     5.8889       9.95     0.0399  3.788e-12  1.000e-12  2.640e+01    34.5603    34.5498    -0.0105    27.0036    26.9945     68.347     68.455      0.288    1481.11    1481.13  0.000e+00
       7335     69.500     7.5226     7.5230     0.0004    3.54031    3.54021          1     5.8191     5.8625       9.95     0.0400  3.788e-12  1.000e-12  2.640e+01    34.5688    34.5673    -0.0014    27.0052    27.0040     68.843     68.951      0.356    1481.27    1481.27  0.000e+00
       7363     70.000     7.5248     7.5244    -0.0005    3.54053    3.54044          1     5.8320     5.8716       9.95     0.0403  3.788e-12  1.000e-12  2.640e+01    34.5687    34.5683    -0.0005    27.0049    27.0046     69.338     69.447      0.428    1481.29    1481.28  0.000e+00
       7392     70.500     7.5256     7.5262     0.0006    3.54067    3.54062          1     5.7922     5.8704       9.95     0.0402  3.788e-12  1.000e-12  2.640e+01    34.5692    34.5680    -0.0011    27.0051    27.0041     69.833     69.943      0.374    1481.30    1481.30  0.000e+00
       7486     71.000     7.5365     7.5375     0.0010    3.54204    3.54198          1     5.7921     5.8702       9.95     0.0398  3.788e-12  1.000e-12  2.640e+01    34.5731    34.5714    -0.0016    27.0066    27.0052     70.328     70.439      0.394    1481.35    1481.35  0.000e+00
       7534     71.500     7.5372     7.5367    -0.0005    3.54219    3.54226          1     5.7851     5.8702       9.96     0.0407  3.788e-12  1.000e-12  2.640e+01    34.5737    34.5750     0.0013    27.0070    27.0081     70.823     70.935      0.582    1481.36    1481.36  0.000e+00
       7565     72.000     7.5363     7.5359    -0.0004    3.54215    3.54222          1     5.7793     5.8771       9.95     0.0404  3.788e-12  1.000e-12  2.640e+01    34.5739    34.5750     0.0011    27.0073    27.0082     71.319     71.431      0.417    1481.37    1481.37  0.000e+00
       7666     72.500     7.5369     7.5367    -0.0002    3.54223    3.54232          1     5.8521     5.8830       9.95     0.0401  3.788e-12  1.000e-12  2.640e+01    34.5740    34.5751     0.0011    27.0073    27.0082     71.814     71.926      0.655    1481.38    1481.38  0.000e+00
       7684     73.000     7.5377     7.5372    -0.0005    3.54234    3.54243          1     5.8270     5.8804       9.95     0.0407  3.788e-12  1.000e-12  2.640e+01    34.5741    34.5756     0.0015    27.0072    27.0085     72.309     72.422      0.562    1481.39    1481.39  0.000e+00
       7767     73.500     7.5384     7.5383    -0.0001    3.54245    3.54257          1     5.8159     5.8703       9.95     0.0409  3.788e-12  1.000e-12  2.640e+01    34.5744    34.5757     0.0013    27.0074    27.0084     72.804     72.918      0.408    1481.40    1481.40  0.000e+00
       7830     74.000     7.5465     7.5507     0.0043    3.54358    3.54370          1     5.8199     5.8728       9.95     0.0407  3.788e-12  1.000e-12  2.640e+01    34.5784    34.5754    -0.0030    27.0093    27.0063     73.299     73.414      0.393    1481.44    1481.46  0.000e+00
       7897     74.500     7.5583     7.5578    -0.0005    3.54487    3.54492          1     5.8072     5.8612       9.95     0.0405  3.788e-12  1.000e-12  2.640e+01    34.5804    34.5813     0.0009    27.0092    27.0100     73.794     73.910      0.255    1481.50    1481.50  0.000e+00
       7942     75.000     7.5555     7.5546    -0.0009    3.54458    3.54477          1     5.8185     5.8523       9.95     0.0403  3.788e-12  1.000e-12  2.640e+01    34.5797    34.5827     0.0029    27.0091    27.0115     74.290     74.406      0.423    1481.50    1481.50  0.000e+00
       7968     75.500     7.5537     7.5538     0.0000    3.54450    3.54466          1     5.7714     5.8543       9.95     0.0404  3.788e-12  1.000e-12  2.640e+01    34.5804    34.5820     0.0016    27.0099    27.0111     74.785     74.902      0.415    1481.50    1481.50  0.000e+00
       8015     76.000     7.5568     7.5573     0.0005    3.54490    3.54505          1     5.7879     5.8573       9.95     0.0408  3.788e-12  1.000e-12  2.640e+01    34.5814    34.5825     0.0011    27.0102    27.0110     75.280     75.398      0.230    1481.52    1481.52  0.000e+00
       8091     76.500     7.5600     7.5597    -0.0003    3.54527    3.54538          1     5.8045     5.8628       9.95     0.0403  3.788e-12  1.000e-12  2.640e+01    34.5820    34.5835     0.0015    27.0102    27.0115     75.775     75.893      0.319    1481.54    1481.54  0.000e+00
       8125     77.000     7.5624     7.5621    -0.0003    3.54559    3.54563          1     5.7899     5.8652       9.95     0.0403  3.788e-12  1.000e-12  2.640e+01    34.5828    34.5835     0.0007    27.0105    27.0111     76.270     76.389      0.271    1481.56    1481.56  0.000e+00
       8206     77.500     7.5672     7.5677     0.0006    3.54614    3.54632          1     5.7746     5.8445       9.95     0.0408  3.788e-12  1.000e-12  2.640e+01    34.5838    34.5852     0.0014    27.0106    27.0116     76.765     76.885      0.379    1481.59    1481.59  0.000e+00
       8226     78.000     7.5713     7.5730     0.0016    3.54667    3.54673          1     5.7963     5.8502       9.95     0.0415  3.788e-12  1.000e-12  2.640e+01    34.5852    34.5841    -0.0010    27.0111    27.0100     77.261     77.381      0.596    1481.62    1481.62  0.000e+00
       8245     78.500     7.5781     7.5791     0.0010    3.54758    3.54738          1     5.7965     5.8557       9.95     0.0415  3.679e-12  1.000e-12  2.722e+01    34.5880    34.5849    -0.0031    27.0123    27.0098     77.756     77.877      0.538    1481.65    1481.65  0.000e+00
       8311     79.000     7.5904     7.5935     0.0031    3.54902    3.54913          1     5.8033     5.8480       9.95     0.0407  3.509e-12  1.000e-12  2.849e+01    34.5912    34.5893    -0.0020    27.0131    27.0111     78.251     78.373      0.358    1481.71    1481.72  0.000e+00
       8377     79.500     7.6008     7.6015     0.0008    3.55023    3.55027          1     5.8086     5.8406       9.95     0.0411  3.440e-12  1.000e-12  2.910e+01    34.5937    34.5933    -0.0004    27.0136    27.0132     78.746     78.869      0.541    1481.76    1481.76  0.000e+00
       8400     80.000     7.6092     7.6094     0.0001    3.55134    3.55114          1     5.7974     5.8430       9.95     0.0414  3.323e-12  1.000e-12  3.012e+01    34.5970    34.5948    -0.0023    27.0149    27.0131     79.241     79.365      0.402    1481.81    1481.80  0.000e+00
       8505     80.500     7.6121     7.6117    -0.0004    3.55173    3.55180          1     5.7823     5.8459       9.95     0.0406  3.281e-12  1.000e-12  3.048e+01    34.5982    34.5993     0.0012    27.0154    27.0164     79.736     79.860      0.490    1481.82    1481.82  0.000e+00
       8530     81.000     7.6128     7.6124    -0.0004    3.55187    3.55196          1     5.7801     5.8424       9.95     0.0414  3.283e-12  1.000e-12  3.046e+01    34.5988    34.6001     0.0013    27.0158    27.0169     80.232     80.356      0.558    1481.84    1481.84  0.000e+00
       8572     81.500     7.6161     7.6172     0.0011    3.55240    3.55249          1     5.7691     5.8362       9.95     0.0411  3.283e-12  1.000e-12  3.046e+01    34.6010    34.6009    -0.0001    27.0170    27.0168     80.727     80.852      0.334    1481.86    1481.87  0.000e+00
       8653     82.000     7.6200     7.6191    -0.0010    3.55287    3.55292          1     5.7658     5.8429       9.95     0.0405  3.283e-12  1.000e-12  3.046e+01    34.6019    34.6033     0.0015    27.0172    27.0185     81.222     81.348      0.427    1481.89    1481.88  0.000e+00
       8674     82.500     7.6204     7.6200    -0.0005    3.55294    3.55303          1     5.7769     5.8546       9.95     0.0410  3.283e-12  1.000e-12  3.046e+01    34.6021    34.6035     0.0014    27.0172    27.0184     81.717     81.844      0.474    1481.90    1481.90  0.000e+00
       8739     83.000     7.6226     7.6228     0.0001    3.55323    3.55339          1     5.7758     5.8420       9.95     0.0403  3.400e-12  1.000e-12  2.945e+01    34.6027    34.6043     0.0016    27.0175    27.0187     82.212     82.340      0.281    1481.91    1481.92  0.000e+00
       8801     83.500     7.6219     7.6212    -0.0007    3.55314    3.55335          1     5.7913     5.8448       9.95     0.0404  3.519e-12  1.000e-12  2.841e+01    34.6022    34.6052     0.0029    27.0172    27.0196     82.707     82.836      0.449    1481.92    1481.92  0.000e+00
       8828     84.000     7.6233     7.6238     0.0006    3.55340    3.55349          1     5.7730     5.8423       9.95     0.0408  3.517e-12  1.000e-12  2.843e+01    34.6034    34.6038     0.0004    27.0179    27.0181     83.203     83.331      0.340    1481.93    1481.94  0.000e+00
       8898     84.500     7.6289     7.6286    -0.0003    3.55409    3.55419          1     5.7667     5.8325       9.95     0.0403  3.769e-12  1.000e-12  2.654e+01    34.6052    34.6065     0.0013    27.0185    27.0196     83.698     83.827      0.294    1481.97    1481.96  0.000e+00
       8931     85.000     7.6302     7.6292    -0.0010    3.55425    3.55436          1     5.7854     5.8261       9.95     0.0410  3.788e-12  1.000e-12  2.640e+01    34.6053    34.6075     0.0022    27.0184    27.0202     84.193     84.323      0.432    1481.98    1481.98  0.000e+00
       8960     85.500     7.6294     7.6291    -0.0003    3.55420    3.55427          1     5.7829     5.8310       9.95     0.0402  3.788e-12  1.000e-12  2.640e+01    34.6053    34.6064     0.0011    27.0185    27.0194     84.688     84.819      0.363    1481.98    1481.98  0.000e+00
