ctdpy/exports/archive_20191120_135557/received_data/SBE09_1044_20180531_1457_34_07_0051.cnv
* Sea-Bird SBE 9 Data File:
* FileName = C:\ctd\temp\2018\AU18D051.hex
* Software Version Seasave V 7.26.6.26
* Temperature SN = 5351
* Conductivity SN = 3941
* Number of Bytes Per Scan = 41
* Number of Voltage Words = 4
* Number of Scans Averaged by the Deck Unit = 1
* NMEA Latitude = 58 52.92 N
* NMEA Longitude = 020 19.69 E
* NMEA UTC (Time) = May 31 2018  14:57:02
* NMEA baud rate = 4800
** Station:  BY29
** Operator:  JKro
** Ship: AURA
** Average sound velocity: 1442.72 m/s
** True-depth calculation Thu, 31 May 2018 17:10:26 +0000
** CTD Python Module SMHI /ver 3-12/ feb 2012 
** LIMS Job: 20183407-0051
** Cruise: SMHI-02-2018
** Latitude [GG MM.mm N] :
** Longitude [GG MM.mm E]:
# nquan = 26
# nvalues = 341                         
# units = specified
# name 0 = scan: Scan Count
# name 1 = prDM: Pressure, Digiquartz [db]
# name 2 = t090C: Temperature [ITS-90, deg C]
# name 3 = t190C: Temperature, 2 [ITS-90, deg C]
# name 4 = T2-T190C: Temperature Difference, 2 - 1 [ITS-90, deg C]
# name 5 = c0S/m: Conductivity [S/m]
# name 6 = c1S/m: Conductivity, 2 [S/m]
# name 7 = pumps: Pump Status
# name 8 = sbeox0ML/L: Oxygen, SBE 43 [ml/l]
# name 9 = sbeox1ML/L: Oxygen, SBE 43, 2 [ml/l]
# name 10 = altM: Altimeter [m]
# name 11 = flECO-AFL: Chl-a Fluorescence, WET Labs ECO-AFL/FL [mg/m^3]
# name 12 = flECO-AFL1: Phycocyanin Fluorescence, WET Labs ECO-AFL/FL, 2 [mg/m^3]
# name 13 = par: PAR/Irradiance, Biospherical/Lico [µE/(cm^2*s)]
# name 14 = turbWETntu0: Turbidity, WET Labs ECO [NTU]
# name 15 = sal00: Salinity, Practical [PSU]
# name 16 = sal11: Salinity, Practical, 2 [PSU]
# name 17 = secS-priS: Salinity, Practical, Difference, 2 - 1 [PSU]
# name 18 = sigma-t00: Density [sigma-t, Kg/m^3 ]
# name 19 = sigma-t11: Density, 2 [sigma-t, Kg/m^3 ]
# name 20 = depSM: Depth [salt water, m], lat = 58.882
# name 21 = depFM: Depth [true depth, m], lat = 58.882
# name 22 = dz/dtM: Descent Rate [m/s], WS = 2
# name 23 = svCM: Sound Velocity [Chen-Millero, m/s]
# name 24 = svCM1: Sound Velocity, 2 [Chen-Millero, m/s]
# name 25 = flag: flag
# span 0 =      10349,      19992       
# span 1 =      0.500,    170.500       
# span 2 =     2.3580,    14.1782       
# span 3 =     2.3645,    14.1773       
# span 4 =    -0.0102,     0.1930       
# span 5 =   0.688033,   1.287009       
# span 6 =   0.688190,   1.287000       
# span 7 =          1,          1       
# span 8 =    0.02317,    9.82712       
# span 9 =    0.02083,   10.18106       
# span 10 =       2.97,     104.07      
# span 11 =     0.2516,     6.4323      
# span 12 =     0.1582,     0.6515      
# span 13 = -1.888e-06, 5.0629e+02      
# span 14 =     0.1181,     0.5280      
# span 15 =     6.5867,    11.7817      
# span 16 =     6.5787,    11.7812      
# span 17 =    -0.0092,     0.0027      
# span 18 =     4.4030,     9.2283      
# span 19 =     4.4029,     9.2279      
# span 20 =      0.495,    168.838      
# span 21 =      0.507,    172.363      
# span 22 =     -0.203,      0.623      
# span 23 =    1423.30,    1471.06      
# span 24 =    1423.33,    1471.05      
# span 25 = 0.0000e+00, 0.0000e+00      
# interval = decibars: 0.5              
# start_time = May 31 2018 14:57:02 [NMEA time, first data scan]
# bad_flag = -9.990e-29
*END*
[from data line 56]
      11723     28.500     3.0519     3.0514    -0.0006    0.72745    0.72741          1     8.6637     8.5433      97.46     0.2972     0.2512  2.385e-01  0.1334000     7.0662     7.0659    -0.0003     5.6329     5.6326     28.232     28.883      0.433    1426.95    1426.95  0.000e+00
      11750     29.000     3.0476     3.0502     0.0026    0.72836    0.72840          1     8.6351     8.5385      97.47     0.3123     0.2324  2.198e-01  0.1269000     7.0766     7.0764    -0.0002     5.6412     5.6410     28.727     29.390      0.480    1426.95    1426.96  0.000e+00
      11773     29.500     3.0149     3.0199     0.0051    0.72864    0.72864          1     8.5912     8.4871      97.45     0.3251     0.2258  1.995e-01  0.1312000     7.0867     7.0855    -0.0011     5.6495     5.6486     29.222     29.896      0.542    1426.82    1426.84  0.000e+00
      11795     30.000     2.9004     2.9075     0.0071    0.72694    0.72697          1     8.5792     8.4680      97.47     0.3110     0.2108  1.831e-01  0.1342000     7.0941     7.0928    -0.0013     5.6563     5.6552     29.718     30.403      0.531    1426.31    1426.34  0.000e+00
      11820     30.500     2.8147     2.8201     0.0054    0.72590    0.72595          1     8.5834     8.4858      97.46     0.3171     0.2442  1.616e-01  0.1460000     7.1021     7.1015    -0.0006     5.6632     5.6626     30.213     30.909      0.448    1425.93    1425.96  0.000e+00
      11849     31.000     2.8299     2.8333     0.0034    0.72743    0.72748          1     8.5814     8.4966      97.47     0.2965     0.2324  1.461e-01  0.1336000     7.1147     7.1145    -0.0002     5.6731     5.6730     30.708     31.415      0.412    1426.03    1426.04  0.000e+00
      11876     31.500     2.8174     2.8209     0.0035    0.72806    0.72806          1     8.5650     8.4761      97.47     0.2928     0.2338  1.326e-01  0.1395000     7.1241     7.1233    -0.0008     5.6807     5.6801     31.203     31.922      0.508    1425.99    1426.00  0.000e+00
      11897     32.000     2.7731     2.7766     0.0035    0.72789    0.72788          1     8.5357     8.4391      98.08     0.2847     0.2343  1.220e-01  0.1421000     7.1321     7.1312    -0.0009     5.6874     5.6867     31.699     32.428      0.562    1425.80    1425.82  0.000e+00
      11919     32.500     2.7277     2.7320     0.0043    0.72754    0.72754          1     8.5101     8.4009      98.71     0.2847     0.2086  1.059e-01  0.1319000     7.1385     7.1375    -0.0010     5.6927     5.6919     32.194     32.935      0.523    1425.61    1425.63  0.000e+00
      11944     33.000     2.6739     2.6771     0.0032    0.72694    0.72696          1     8.4825     8.3641      98.71     0.2838     0.2414  9.679e-02  0.1373000     7.1441     7.1436    -0.0006     5.6974     5.6969     32.689     33.441      0.439    1425.37    1425.39  0.000e+00
      11973     33.500     2.6499     2.6530     0.0031    0.72707    0.72709          1     8.4609     8.3619      98.71     0.2762     0.2770  9.113e-02  0.1382000     7.1508     7.1503    -0.0006     5.7028     5.7023     33.184     33.947      0.433    1425.28    1425.29  0.000e+00
      11999     34.000     2.6348     2.6384     0.0036    0.72741    0.72741          1     8.3810     8.2897      98.71     0.2936     0.2780  7.790e-02  0.1412000     7.1576     7.1569    -0.0007     5.7083     5.7077     33.680     34.454      0.504    1425.22    1425.24  0.000e+00
      12021     34.500     2.5645     2.5714     0.0070    0.72642    0.72645          1     8.3555     8.2767      98.71     0.2726     0.2527  6.175e-02  0.1370000     7.1630     7.1617    -0.0012     5.7127     5.7117     34.175     34.960      0.528    1424.91    1424.94  0.000e+00
      12045     35.000     2.4549     2.4611     0.0062    0.72446    0.72451          1     8.3811     8.3069      98.71     0.2734     0.2289  5.553e-02  0.1250000     7.1668     7.1659    -0.0008     5.7158     5.7151     34.670     35.467      0.479    1424.41    1424.44  0.000e+00
      12072     35.500     2.4738     2.4769     0.0031    0.72563    0.72566          1     8.3709     8.2917      98.71     0.3205     0.2625  4.504e-02  0.1363000     7.1749     7.1745    -0.0004     5.7223     5.7220     35.165     35.973      0.453    1424.52    1424.53  0.000e+00
      12097     36.000     2.5016     2.5040     0.0025    0.72700    0.72699          1     8.3577     8.2632      98.71     0.2844     0.1861  3.640e-02  0.1260000     7.1831     7.1824    -0.0008     5.7289     5.7283     35.661     36.479      0.487    1424.67    1424.68  0.000e+00
      12121     36.500     2.4742     2.4780     0.0038    0.72705    0.72704          1     8.3366     8.2225      98.71     0.2731     0.1767  2.773e-02  0.1317000     7.1897     7.1888    -0.0009     5.7341     5.7334     36.156     36.986      0.483    1424.56    1424.57  0.000e+00
      12147     37.000     2.4797     2.4824     0.0027    0.72777    0.72777          1     8.3201     8.1989      98.71     0.2846     0.2252  1.955e-02  0.1415000     7.1960     7.1955    -0.0005     5.7392     5.7388     36.651     37.492      0.448    1424.60    1424.61  0.000e+00
      12174     37.500     2.5123     2.5139     0.0016    0.72912    0.72912          1     8.3378     8.2461      98.71     0.2970     0.2406  1.585e-02  0.1181000     7.2030     7.2026    -0.0004     5.7447     5.7444     37.146     37.998      0.465    1424.77    1424.77  0.000e+00
      12199     38.000     2.5701     2.5705     0.0004    0.73107    0.73103          1     8.3652     8.2866      98.71     0.2964     0.2099  5.238e-03  0.1250000     7.2104     7.2100    -0.0004     5.7506     5.7502     37.642     38.505      0.486    1425.06    1425.06  0.000e+00
      12224     38.500     2.6061     2.6070     0.0009    0.73243    0.73240          1     8.3651     8.2725      98.71     0.2726     0.1843  1.991e-03  0.1259000     7.2167     7.2161    -0.0006     5.7555     5.7551     38.137     39.011      0.472    1425.24    1425.24  0.000e+00
      12250     39.000     2.5939     2.5962     0.0023    0.73270    0.73269          1     8.4145     8.3140      98.71     0.2849     0.2156  1.735e-04  0.1611000     7.2221     7.2215    -0.0006     5.7599     5.7594     38.632     39.517      0.466    1425.20    1425.21  0.000e+00
      12275     39.500     2.7249     2.7214    -0.0034    0.73628    0.73629          1     8.5069     8.4873      98.71     0.2724     0.2867 -1.888e-06  0.1245000     7.2302     7.2311     0.0009     5.7659     5.7666     39.127     40.024      0.475    1425.82    1425.81  0.000e+00
      12301     40.000     2.8478     2.8468    -0.0009    0.73957    0.73950          1     8.6252     8.5988      98.71     0.2850     0.2379  1.000e-12  0.1254000     7.2369     7.2364    -0.0005     5.7707     5.7703     39.623     40.530      0.456    1426.41    1426.41  0.000e+00
      12328     40.500     2.7872     2.7875     0.0003    0.73835    0.73828          1     8.6075     8.4925      98.35     0.2968     0.1711  1.000e-12  0.1328000     7.2378     7.2370    -0.0008     5.7717     5.7711     40.118     41.036      0.447    1426.14    1426.14  0.000e+00
      12354     41.000     2.6832     2.6866     0.0035    0.73627    0.73626          1     8.6421     8.5050      98.36     0.2959     0.2082  1.000e-12  0.1486000     7.2394     7.2384    -0.0009     5.7734     5.7727     40.613     41.543      0.482    1425.67    1425.68  0.000e+00
      12378     41.500     2.7487     2.7500     0.0012    0.73809    0.73817          1     8.6052     8.5269      97.49     0.2848     0.2274  1.000e-12  0.1483000     7.2436     7.2441     0.0006     5.7765     5.7769     41.108     42.049      0.503    1425.98    1425.99  0.000e+00
      12402     42.000     2.8437     2.8448     0.0011    0.74064    0.74057          1     8.5564     8.4837      97.43     0.3079     0.2335  1.000e-12  0.1258000     7.2489     7.2479    -0.0010     5.7802     5.7794     41.604     42.556      0.462    1426.44    1426.44  0.000e+00
      12430     42.500     2.6109     2.6162     0.0053    0.73536    0.73537          1     8.4041     8.2078      97.44     0.2747     0.2286  1.000e-12  0.1353000     7.2460     7.2448    -0.0011     5.7789     5.7780     42.099     43.062      0.412    1425.36    1425.39  0.000e+00
      12460     43.000     2.5341     2.5382     0.0041    0.73393    0.73397          1     8.2162     8.0707      97.44     0.2782     0.2354  1.000e-12  0.1300000     7.2482     7.2476    -0.0006     5.7809     5.7804     42.594     43.568      0.437    1425.02    1425.03  0.000e+00
      12485     43.500     2.5343     2.5366     0.0023    0.73448    0.73447          1     8.2180     8.1368      97.43     0.2629     0.2025  1.000e-12  0.1409000     7.2539     7.2532    -0.0007     5.7855     5.7849     43.089     44.075      0.500    1425.03    1425.04  0.000e+00
      12508     44.000     2.5314     2.5343     0.0029    0.73492    0.73491          1     8.2539     8.1805      97.45     0.2739     0.2053  1.000e-12  0.1321000     7.2591     7.2584    -0.0008     5.7896     5.7890     43.584     44.581      0.507    1425.03    1425.04  0.000e+00
      12533     44.500     2.5233     2.5254     0.0021    0.73507    0.73506          1     8.2882     8.2098      98.06     0.2782     0.2576  1.000e-12  0.1345000     7.2626     7.2620    -0.0006     5.7924     5.7919     44.080     45.087      0.450    1425.01    1425.02  0.000e+00
      12561     45.000     2.5334     2.5353     0.0019    0.73561    0.73560          1     8.3148     8.2119      97.77     0.2516     0.2297  1.000e-12  0.1262000     7.2659     7.2654    -0.0006     5.7951     5.7946     44.575     45.594      0.426    1425.07    1425.08  0.000e+00
      12589     45.500     2.5487     2.5501     0.0014    0.73637    0.73635          1     8.2883     8.1641      97.67     0.2643     0.1925  1.000e-12  0.1285000     7.2704     7.2698    -0.0006     5.7986     5.7982     45.070     46.100      0.449    1425.15    1425.16  0.000e+00
      12615     46.000     2.5449     2.5469     0.0020    0.73669    0.73667          1     8.2347     8.1226      98.64     0.2681     0.2136  1.000e-12  0.1243000     7.2745     7.2739    -0.0007     5.8019     5.8014     45.565     46.606      0.468    1425.15    1425.16  0.000e+00
      12640     46.500     2.5318     2.5341     0.0023    0.73672    0.73671          1     8.2170     8.1159      98.61     0.2687     0.2420  1.000e-12  0.1266000     7.2778     7.2772    -0.0006     5.8045     5.8040     46.061     47.113      0.471    1425.10    1425.11  0.000e+00
      12666     47.000     2.5147     2.5172     0.0026    0.73670    0.73669          1     8.2250     8.1263      97.55     0.2803     0.2343  1.000e-12  0.1293000     7.2815     7.2808    -0.0007     5.8075     5.8070     46.556     47.619      0.456    1425.03    1425.04  0.000e+00
      12694     47.500     2.5160     2.5176     0.0016    0.73725    0.73722          1     8.2094     8.1237      97.47     0.2780     0.2214  1.000e-12  0.1299000     7.2869     7.2863    -0.0006     5.8118     5.8113     47.051     48.125      0.416    1425.05    1425.06  0.000e+00
      12723     48.000     2.5023     2.5040     0.0017    0.73748    0.73746          1     8.1863     8.1079      98.37     0.2984     0.2070  1.000e-12  0.1371000     7.2924     7.2918    -0.0006     5.8163     5.8158     47.546     48.632      0.439    1425.00    1425.01  0.000e+00
      12748     48.500     2.5182     2.5196     0.0014    0.73851    0.73847          1     8.1612     8.0558      98.71     0.3025     0.2240  1.000e-12  0.1523000     7.2996     7.2989    -0.0007     5.8220     5.8214     48.041     49.138      0.484    1425.09    1425.10  0.000e+00
      12773     49.000     2.5398     2.5402     0.0003    0.73970    0.73964          1     8.1143     7.9898      98.71     0.2837     0.2284  1.000e-12  0.1411000     7.3072     7.3065    -0.0007     5.8280     5.8275     48.537     49.644      0.464    1425.21    1425.21  0.000e+00
      12801     49.500     2.5554     2.5566     0.0013    0.74070    0.74067          1     8.0403     7.9061      98.71     0.2946     0.2477  1.000e-12  0.1290000     7.3142     7.3135    -0.0007     5.8336     5.8331     49.032     50.150      0.424    1425.30    1425.31  0.000e+00
      12829     50.000     2.5503     2.5524     0.0020    0.74113    0.74111          1     7.9456     7.8166      98.71     0.2917     0.2657  1.000e-12  0.1450000     7.3198     7.3191    -0.0007     5.8381     5.8375     49.527     50.657      0.449    1425.29    1425.30  0.000e+00
      12854     50.500     2.5263     2.5281     0.0018    0.74104    0.74101          1     7.9262     7.8201      98.71     0.2848     0.2277  1.000e-12  0.1356000     7.3243     7.3236    -0.0007     5.8418     5.8412     50.022     51.163      0.467    1425.20    1425.20  0.000e+00
      12880     51.000     2.5407     2.5418     0.0010    0.74258    0.74253          1     7.9363     7.8341      98.71     0.3029     0.2347  1.000e-12  0.1410000     7.3373     7.3365    -0.0008     5.8521     5.8515     50.517     51.669      0.458    1425.29    1425.29  0.000e+00
      12906     51.500     2.5813     2.5816     0.0002    0.74547    0.74539          1     7.8969     7.7694      98.71     0.3091     0.2396  1.000e-12  0.1333000     7.3585     7.3576    -0.0009     5.8689     5.8682     51.013     52.176      0.467    1425.51    1425.51  0.000e+00
      12932     52.000     2.6156     2.6158     0.0002    0.74742    0.74736          1     7.8050     7.6660      98.69     0.3183     0.2178  1.000e-12  0.1500000     7.3711     7.3704    -0.0007     5.8790     5.8784     51.508     52.682      0.449    1425.70    1425.70  0.000e+00
      12960     52.500     2.6419     2.6427     0.0008    0.74915    0.74909          1     7.7274     7.6066      98.41     0.2908     0.1873  1.000e-12  0.1354000     7.3833     7.3825    -0.0008     5.8886     5.8879     52.003     53.188      0.421    1425.84    1425.85  0.000e+00
      12988     53.000     2.6687     2.6690     0.0003    0.75071    0.75065          1     7.6976     7.5744      97.55     0.3084     0.2009  1.000e-12  0.1362000     7.3935     7.3928    -0.0008     5.8967     5.8961     52.498     53.695      0.466    1425.99    1425.99  0.000e+00
      13012     53.500     2.7133     2.7137     0.0005    0.75310    0.75301          1     7.6354     7.4884      97.95     0.2862     0.1969  1.000e-12  0.1368000     7.4084     7.4074    -0.0010     5.9083     5.9075     52.994     54.201      0.504    1426.22    1426.22  0.000e+00
      13036     54.000     2.7623     2.7621    -0.0002    0.75582    0.75570          1     7.5457     7.4032      97.86     0.3057     0.1837  1.000e-12  0.1433000     7.4256     7.4244    -0.0012     5.9219     5.9209     53.489     54.707      0.475    1426.48    1426.48  0.000e+00
      13064     54.500     2.8294     2.8285    -0.0008    0.75947    0.75937          1     7.4475     7.3160      98.23     0.2890     0.1965  1.000e-12  0.1446000     7.4484     7.4476    -0.0008     5.9397     5.9390     53.984     55.213      0.388    1426.83    1426.82  0.000e+00
      13096     55.000     2.8821     2.8823     0.0002    0.76289    0.76281          1     7.3470     7.2153      98.56     0.2946     0.2319  1.000e-12  0.1578000     7.4721     7.4712    -0.0009     5.9582     5.9575     54.479     55.720      0.431    1427.11    1427.11  0.000e+00
      13120     55.500     2.9116     2.9125     0.0009    0.76489    0.76483          1     7.2780     7.1487      98.71     0.2852     0.2231  1.000e-12  0.1435000     7.4861     7.4853    -0.0008     5.9691     5.9685     54.974     56.226      0.535    1427.27    1427.28  0.000e+00
