ctdpy/exports/archive_20191120_135557/received_data/SBE09_1044_20181114_1218_34_01_0145.cnv
* Sea-Bird SBE 9 Data File:
* FileName = C:\ctd\temp\ar18d145.hex
* Software Version Seasave V 7.26.7.107
* Temperature SN = 5351
* Conductivity SN = 3941
* Number of Bytes Per Scan = 41
* Number of Voltage Words = 4
* Number of Scans Averaged by the Deck Unit = 1
* NMEA Latitude = 58 01.01 N
* NMEA Longitude = 017 59.10 E
* NMEA UTC (Time) = Nov 14 2018  12:18:11
* NMEA baud rate = 4800
** Station:  BY32
** Operator:  A-KTh
** Ship: ARANDA
** Average sound velocity: 1444.93 m/s
** True-depth calculation Wed, 14 Nov 2018 13:36:01 +0000
** CTD Python Module SMHI /ver 3-12/ feb 2012 
** LIMS Job: 20183401-0145
** Cruise: SMHI-6-2018
** Latitude [GG MM.mm N]:
** Longitude [GG MM.mm E]
# nquan = 26
# nvalues = 397                         
# units = specified
# name 0 = scan: Scan Count
# name 1 = prDM: Pressure, Digiquartz [db]
# name 2 = t090C: Temperature [ITS-90, deg C]
# name 3 = t190C: Temperature, 2 [ITS-90, deg C]
# name 4 = T2-T190C: Temperature Difference, 2 - 1 [ITS-90, deg C]
# name 5 = c0S/m: Conductivity [S/m]
# name 6 = c1S/m: Conductivity, 2 [S/m]
# name 7 = pumps: Pump Status
# name 8 = sbeox0ML/L: Oxygen, SBE 43 [ml/l]
# name 9 = sbeox1ML/L: Oxygen, SBE 43, 2 [ml/l]
# name 10 = altM: Altimeter [m]
# name 11 = flECO-AFL: Chl-a Fluorescence, WET Labs ECO-AFL/FL [mg/m^3]
# name 12 = flECO-AFL1: Phycocyanin Fluorescence, WET Labs ECO-AFL/FL, 2 [mg/m^3]
# name 13 = par: PAR/Irradiance, Biospherical/Lico [µE/(cm^2*s)]
# name 14 = turbWETntu0: Turbidity, WET Labs ECO [NTU]
# name 15 = sal00: Salinity, Practical [PSU]
# name 16 = sal11: Salinity, Practical, 2 [PSU]
# name 17 = secS-priS: Salinity, Practical, Difference, 2 - 1 [PSU]
# name 18 = sigma-t00: Density [sigma-t, Kg/m^3 ]
# name 19 = sigma-t11: Density, 2 [sigma-t, Kg/m^3 ]
# name 20 = depSM: Depth [salt water, m], lat = 58.0168
# name 21 = depFM: Depth [true depth, m], lat = 58.0168
# name 22 = dz/dtM: Descent Rate [m/s], WS = 2
# name 23 = svCM: Sound Velocity [Chen-Millero, m/s]
# name 24 = svCM1: Sound Velocity, 2 [Chen-Millero, m/s]
# name 25 = flag: flag
# span 0 =      18927,      29037       
# span 1 =      1.000,    199.000       
# span 2 =     4.1764,     8.1928       
# span 3 =     4.1770,     8.1940       
# span 4 =    -0.0046,     0.0071       
# span 5 =   0.767388,   1.195089       
# span 6 =   0.767387,   1.195079       
# span 7 =          1,          1       
# span 8 =    0.01881,    7.76450       
# span 9 =    0.05384,    7.39557       
# span 10 =       2.90,      98.71      
# span 11 =     0.2433,     1.4731      
# span 12 =     0.1194,     0.3960      
# span 13 = 1.0000e-12, 2.3591e+02      
# span 14 =     0.1821,     2.7004      
# span 15 =     6.5212,    10.9971      
# span 16 =     6.5209,    10.9965      
# span 17 =    -0.0062,     0.0011      
# span 18 =     5.0054,     8.6382      
# span 19 =     5.0050,     8.6376      
# span 20 =      0.991,    197.061      
# span 21 =      1.013,    201.204      
# span 22 =      0.016,      0.716      
# span 23 =    1433.63,    1448.67      
# span 24 =    1433.63,    1448.68      
# span 25 = 0.0000e+00, 0.0000e+00      
# interval = decibars: 0.5              
# start_time = Nov 14 2018 12:18:11 [NMEA time, first data scan]
# bad_flag = -9.990e-29
*END*
[from data line 112]
      21509     57.000     5.4255     5.4295     0.0041    0.81957    0.81952          1     6.7252     6.5174      98.68     0.2998     0.2071  1.000e-12  0.2106000     7.4676     7.4662    -0.0014     5.8860     5.8847     56.464     57.751      0.580    1438.55    1438.56  0.000e+00
      21531     57.500     5.2495     5.2542     0.0046    0.81903    0.81908          1     6.6222     6.4311      98.68     0.2975     0.2071  1.000e-12  0.2140000     7.5016     7.5010    -0.0005     5.9207     5.9201     56.959     58.257      0.512    1437.83    1437.85  0.000e+00
      21556     58.000     5.1531     5.1531     0.0000    0.81862    0.81844          1     6.4568     6.3117      98.68     0.2821     0.2297  1.000e-12  0.2054000     7.5191     7.5173    -0.0018     5.9387     5.9373     57.454     58.763      0.470    1437.44    1437.44  0.000e+00
      21582     58.500     5.0603     5.0642     0.0039    0.82149    0.82139          1     6.2128     6.1381      98.68     0.2591     0.2305  1.000e-12  0.1921000     7.5683     7.5666    -0.0018     5.9815     5.9799     57.950     59.269      0.494    1437.10    1437.12  0.000e+00
      21605     59.000     4.8673     4.8648    -0.0025    0.82429    0.82408          1     5.8398     5.8568      98.69     0.2687     0.2344  1.000e-12  0.2023000     7.6403     7.6387    -0.0015     6.0461     6.0449     58.445     59.776      0.552    1436.35    1436.34  0.000e+00
      21625     59.500     4.6803     4.6810     0.0008    0.82869    0.82874          1     5.5322     5.6099      98.68     0.2773     0.2255  1.000e-12  0.2204000     7.7275     7.7279     0.0003     6.1220     6.1223     58.940     60.282      0.591    1435.65    1435.65  0.000e+00
      21645     60.000     4.3168     4.3133    -0.0037    0.82496    0.82494          1     5.3533     5.4265      98.68     0.2641     0.2300  1.000e-12  0.2304000     7.7752     7.7758     0.0006     6.1719     6.1724     59.435     60.788      0.589    1434.10    1434.09  0.000e+00
      21666     60.500     4.2037     4.2031    -0.0005    0.82531    0.82524          1     5.2389     5.2772      98.67     0.2631     0.2474  1.000e-12  0.2174000     7.8055     7.8049    -0.0006     6.1993     6.1989     59.931     61.294      0.546    1433.64    1433.64  0.000e+00
      21690     61.000     4.1918     4.1926     0.0007    0.82737    0.82731          1     5.1580     5.1674      98.67     0.2664     0.2640  1.000e-12  0.1852000     7.8292     7.8283    -0.0009     6.2185     6.2178     60.426     61.800      0.501    1433.63    1433.63  0.000e+00
      21714     61.500     4.1889     4.1898     0.0009    0.82931    0.82921          1     5.0828     5.0563      98.67     0.2462     0.2064  1.000e-12  0.1860000     7.8495     7.8483    -0.0012     6.2347     6.2337     60.921     62.306      0.498    1433.65    1433.65  0.000e+00
      21737     62.000     4.1863     4.1873     0.0009    0.83231    0.83220          1     5.0213     4.9621      98.24     0.2433     0.2071  1.000e-12  0.1963000     7.8806     7.8792    -0.0013     6.2594     6.2583     61.416     62.813      0.526    1433.68    1433.69  0.000e+00
      21760     62.500     4.1764     4.1770     0.0006    0.83593    0.83577          1     4.9656     4.8828      98.13     0.2598     0.2178  1.000e-12  0.1832000     7.9198     7.9181    -0.0017     6.2908     6.2894     61.911     63.319      0.557    1433.70    1433.70  0.000e+00
      21781     63.000     4.2404     4.2419     0.0014    0.84254    0.84224          1     4.8465     4.7841      98.44     0.2658     0.2211  1.000e-12  0.1821000     7.9714     7.9680    -0.0034     6.3299     6.3272     62.407     63.825      0.577    1434.06    1434.06  0.000e+00
      21801     63.500     4.4378     4.4424     0.0046    0.85391    0.85379          1     4.6777     4.6563      98.57     0.2647     0.2251  1.000e-12  0.1906000     8.0389     8.0364    -0.0024     6.3772     6.3751     62.902     64.331      0.561    1435.03    1435.05  0.000e+00
      21824     64.000     4.4325     4.4355     0.0030    0.85941    0.85925          1     4.5103     4.5367      98.44     0.2823     0.2425  1.000e-12  0.1861000     8.0957     8.0934    -0.0024     6.4225     6.4205     63.397     64.837      0.511    1435.09    1435.10  0.000e+00
      21848     64.500     4.3222     4.3273     0.0051    0.86084    0.86079          1     4.3368     4.3850      83.56     0.2699     0.2672  1.000e-12  0.1961000     8.1373     8.1356    -0.0017     6.4591     6.4576     63.892     65.343      0.492    1434.66    1434.68  0.000e+00
      21872     65.000     4.2308     4.2323     0.0015    0.86355    0.86341          1     4.1513     4.2139      94.52     0.2481     0.2073  1.000e-12  0.2551000     8.1876     8.1858    -0.0018     6.5018     6.5003     64.387     65.849      0.525    1434.33    1434.33  0.000e+00
      21894     65.500     4.2174     4.2188     0.0014    0.86744    0.86737          1     4.0066     4.0664      98.68     0.2597     0.2333  1.000e-12  0.1895000     8.2305     8.2294    -0.0011     6.5363     6.5353     64.883     66.355      0.558    1434.33    1434.33  0.000e+00
      21915     66.000     4.2070     4.2078     0.0008    0.86982    0.86975          1     3.9026     3.9439      98.67     0.2691     0.2246  1.000e-12  0.2099000     8.2573     8.2564    -0.0009     6.5579     6.5571     65.378     66.861      0.571    1434.32    1434.32  0.000e+00
      21936     66.500     4.2363     4.2374     0.0011    0.87329    0.87315          1     3.8060     3.8470      98.43     0.2527     0.2484  1.000e-12  0.2158000     8.2854     8.2836    -0.0018     6.5792     6.5777     65.873     67.367      0.571    1434.50    1434.50  0.000e+00
      21957     67.000     4.2699     4.2708     0.0009    0.87766    0.87753          1     3.7179     3.7613      98.33     0.2492     0.2649  1.000e-12  0.2138000     8.3213     8.3198    -0.0015     6.6067     6.6054     66.368     67.873      0.551    1434.70    1434.70  0.000e+00
      21980     67.500     4.2978     4.2989     0.0011    0.88151    0.88134          1     3.6132     3.6494      98.56     0.2690     0.2246  1.000e-12  0.1997000     8.3535     8.3515    -0.0020     6.6313     6.6297     66.863     68.378      0.505    1434.87    1434.88  0.000e+00
      22005     68.000     4.3389     4.3398     0.0009    0.88721    0.88692          1     3.4726     3.5101      98.51     0.2581     0.1763  1.000e-12  0.1863000     8.4010     8.3979    -0.0031     6.6677     6.6652     67.359     68.884      0.472    1435.13    1435.13  0.000e+00
      22030     68.500     4.3699     4.3709     0.0011    0.89324    0.89293          1     3.3049     3.3576      97.94     0.2502     0.1659  1.000e-12  0.2018000     8.4544     8.4510    -0.0034     6.7090     6.7063     67.854     69.390      0.519    1435.34    1435.34  0.000e+00
      22051     69.000     4.4087     4.4099     0.0012    0.90004    0.89989          1     3.1400     3.2084      98.58     0.2609     0.2630  1.000e-12  0.1928000     8.5137     8.5118    -0.0019     6.7547     6.7532     68.349     69.896      0.597    1435.60    1435.60  0.000e+00
      22071     69.500     4.4468     4.4479     0.0011    0.90635    0.90619          1     2.9786     3.0706      98.58     0.2616     0.2333  1.000e-12  0.1940000     8.5679     8.5660    -0.0020     6.7964     6.7948     68.844     70.402      0.622    1435.85    1435.85  0.000e+00
      22090     70.000     4.4861     4.4871     0.0010    0.91385    0.91361          1     2.8159     2.9245      98.57     0.2615     0.2263  1.000e-12  0.2032000     8.6339     8.6311    -0.0027     6.8473     6.8451     69.339     70.908      0.574    1436.11    1436.11  0.000e+00
      22113     70.500     4.5101     4.5115     0.0014    0.91952    0.91932          1     2.6440     2.7679      98.55     0.2696     0.2363  1.000e-12  0.2075000     8.6851     8.6827    -0.0024     6.8871     6.8851     69.835     71.414      0.482    1436.29    1436.30  0.000e+00
      22140     71.000     4.5302     4.5314     0.0012    0.92559    0.92516          1     2.4825     2.5969      98.54     0.2826     0.2372  1.000e-12  0.1974000     8.7416     8.7368    -0.0047     6.9310     6.9273     70.330     71.919      0.464    1436.46    1436.46  0.000e+00
      22164     71.500     4.5514     4.5533     0.0019    0.93157    0.93148          1     2.3462     2.4626      98.59     0.2904     0.1953  1.000e-12  0.1948000     8.7966     8.7952    -0.0014     6.9739     6.9726     70.825     72.425      0.546    1436.63    1436.64  0.000e+00
      22184     72.000     4.5764     4.5774     0.0010    0.93635    0.93620          1     2.2312     2.3533      98.68     0.2957     0.1194  1.000e-12  0.2070000     8.8385     8.8367    -0.0018     7.0061     7.0046     71.320     72.931      0.601    1436.81    1436.81  0.000e+00
      22204     72.500     4.6064     4.6077     0.0013    0.94258    0.94247          1     2.0966     2.2192      98.69     0.3064     0.1543  1.000e-12  0.2293000     8.8936     8.8922    -0.0014     7.0487     7.0475     71.815     73.437      0.599    1437.02    1437.02  0.000e+00
      22225     73.000     4.6421     4.6436     0.0015    0.94934    0.94911          1     1.9211     2.0573      42.42     0.2942     0.1706  1.000e-12  0.2230000     8.9527     8.9498    -0.0028     7.0940     7.0918     72.311     73.942      0.552    1437.26    1437.26  0.000e+00
      22248     73.500     4.6860     4.6875     0.0015    0.95624    0.95617          1     1.7341     1.8958      74.87     0.3144     0.2129  1.000e-12  0.2034000     9.0107     9.0095    -0.0012     7.1383     7.1373     72.806     74.448      0.491    1437.53    1437.54  0.000e+00
      22273     74.000     4.7072     4.7093     0.0021    0.95993    0.95990          1     1.5914     1.7489      98.55     0.2931     0.2613  1.000e-12  0.2406000     9.0423     9.0414    -0.0009     7.1625     7.1617     73.301     74.954      0.480    1437.67    1437.68  0.000e+00
      22297     74.500     4.7345     4.7350     0.0005    0.96478    0.96439          1     1.4728     1.6249      98.70     0.2840     0.2515  1.000e-12  0.2190000     9.0839     9.0798    -0.0041     7.1943     7.1910     73.796     75.459      0.536    1437.86    1437.85  0.000e+00
      22318     75.000     4.7911     4.7915     0.0004    0.97423    0.97391          1     1.3361     1.4940      98.68     0.2975     0.2639  1.000e-12  0.1998000     9.1641     9.1607    -0.0034     7.2554     7.2528     74.291     75.965      0.591    1438.21    1438.21  0.000e+00
      22338     75.500     4.8412     4.8422     0.0010    0.98193    0.98176          1     1.2017     1.3645      98.68     0.3089     0.2348  1.000e-12  0.2081000     9.2282     9.2261    -0.0020     7.3040     7.3024     74.787     76.470      0.602    1438.52    1438.53  0.000e+00
      22358     76.000     4.8873     4.8874     0.0001    0.99018    0.98988          1     1.0604     1.2303      98.69     0.3085     0.2053  1.000e-12  0.2378000     9.2987     9.2957    -0.0030     7.3579     7.3555     75.282     76.976      0.568    1438.83    1438.82  0.000e+00
      22381     76.500     4.9397     4.9392    -0.0005    0.99944    0.99901          1     0.8760     1.0639      98.69     0.2977     0.2140  1.000e-12  0.1942000     9.3777     9.3734    -0.0042     7.4180     7.4147     75.777     77.482      0.499    1439.16    1439.16  0.000e+00
      22407     77.000     4.9901     4.9897    -0.0005    1.00841    1.00793          1     0.6523     0.8636      98.68     0.2987     0.2051  1.000e-12  0.2037000     9.4540     9.4492    -0.0047     7.4761     7.4724     76.272     77.987      0.462    1439.49    1439.48  0.000e+00
      22432     77.500     5.0362     5.0371     0.0008    1.01577    1.01547          1     0.4937     0.7122      98.69     0.3104     0.2139  1.000e-12  0.2120000     9.5152     9.5119    -0.0033     7.5224     7.5198     76.767     78.493      0.530    1439.78    1439.78  0.000e+00
      22453     78.000     5.0647     5.0651     0.0004    1.01995    1.01979          1     0.3965     0.6039      98.69     0.3201     0.2550  1.000e-12  0.2432000     9.5492     9.5475    -0.0017     7.5479     7.5466     77.262     78.998      0.606    1439.95    1439.95  0.000e+00
      22472     78.500     5.0998     5.0997    -0.0001    1.02572    1.02548          1     0.3137     0.5130      98.69     0.3162     0.1938  1.000e-12  0.2584000     9.5972     9.5948    -0.0024     7.5843     7.5824     77.758     79.503      0.621    1440.18    1440.17  0.000e+00
      22491     79.000     5.1415     5.1418     0.0003    1.03286    1.03262          1     0.2449     0.4378      98.69     0.3110     0.1809  1.000e-12  0.2781000     9.6571     9.6546    -0.0026     7.6296     7.6276     78.253     80.009      0.559    1440.44    1440.44  0.000e+00
      22516     79.500     5.1743     5.1752     0.0009    1.03883    1.03865          1     0.1921     0.3739      98.69     0.3087     0.2234  1.000e-12  0.2958000     9.7077     9.7056    -0.0021     7.6680     7.6663     78.748     80.514      0.464    1440.66    1440.66  0.000e+00
      22542     80.000     5.2215     5.2216     0.0001    1.04774    1.04712          1     0.1677     0.3241      98.71     0.2992     0.2598  1.000e-12  0.2618000     9.7836     9.7774    -0.0062     7.7256     7.7207     79.243     81.020      0.491    1440.97    1440.96  0.000e+00
      22565     80.500     5.2868     5.2866    -0.0001    1.05917    1.05894          1     0.1257     0.2730      98.71     0.3012     0.2335  1.000e-12  0.2864000     9.8794     9.8772    -0.0022     7.7980     7.7963     79.738     81.525      0.584    1441.38    1441.38  0.000e+00
      22584     81.000     5.3308     5.3306    -0.0002    1.06707    1.06680          1     0.0929     0.2370      98.71     0.3020     0.2018  1.000e-12  0.6237000     9.9458     9.9432    -0.0026     7.8482     7.8461     80.233     82.030      0.608    1441.66    1441.66  0.000e+00
      22604     81.500     5.3663     5.3654    -0.0009    1.07352    1.07320          1     0.0814     0.2155      98.71     0.3478     0.1783  1.000e-12  0.8229000    10.0000     9.9970    -0.0030     7.8892     7.8868     80.729     82.536      0.557    1441.89    1441.88  0.000e+00
      22628     82.000     5.3995     5.3993    -0.0002    1.07955    1.07929          1     0.0817     0.2019      98.71     0.3693     0.2192  1.000e-12  1.8397000    10.0506    10.0481    -0.0026     7.9273     7.9253     81.224     83.041      0.492    1442.11    1442.10  0.000e+00
      22653     82.500     5.4315     5.4316     0.0001    1.08503    1.08472          1     0.0848     0.1928      98.71     0.3728     0.2083  1.000e-12  2.7004000    10.0960    10.0928    -0.0032     7.9615     7.9589     81.719     83.546      0.505    1442.31    1442.31  0.000e+00
      22675     83.000     5.4862     5.4864     0.0002    1.09417    1.09400          1     0.0867     0.1914      98.71     0.3783     0.2286  1.000e-12  2.4878000    10.1711    10.1693    -0.0018     8.0178     8.0163     82.214     84.051      0.571    1442.65    1442.65  0.000e+00
      22695     83.500     5.5224     5.5218    -0.0006    1.09993    1.09960          1     0.0882     0.1884      98.71     0.3824     0.2195  1.000e-12  2.0383000    10.2178    10.2147    -0.0031     8.0526     8.0502     82.709     84.557      0.591    1442.87    1442.87  0.000e+00
      22716     84.000     5.5457     5.5456    -0.0002    1.10472    1.10447          1     0.0908     0.1828      98.71     0.3718     0.2270  1.000e-12  1.8419000    10.2586    10.2562    -0.0024     8.0836     8.0817     83.205     85.062      0.548    1443.03    1443.03  0.000e+00
