ctdpy/exports/archive_20191120_135557/received_data/SBE09_0827_20180826_1155_26_01_0903.cnv
* Sea-Bird SBE 9 Data File:
* FileName = D:\CTD_SBE911\DAT\26DA.2018.8.103.hex
* Software Version Seasave V 7.21d
* Temperature SN = 034605
* Conductivity SN = 041844
* Number of Bytes Per Scan = 48
* Number of Voltage Words = 5
* Number of Scans Averaged by the Deck Unit = 1
* NMEA Latitude = 57 24.65 N
* NMEA Longitude = 011 19.53 E
* NMEA UTC (Time) = Aug 26 2018  11:57:58
* NMEA baud rate = 4800
** Ship: DANA
** Average sound velocity: 1511.20 m/s
** True-depth calculation Thu, 28 Mar 2019 09:52:29 +0000
** CTD Python Module SMHI /ver 3-12/ feb 2012 
** LIMS Job: 20182601-0903
**  4 N BØCHERS BANK
** Operator: Christian
** Cruise: 08/2018
# nquan = 26
# nvalues = 70                          
# units = specified
# name 0 = scan: Scan Count
# name 1 = prDM: Pressure, Digiquartz [db]
# name 2 = t090C: Temperature [ITS-90, deg C]
# name 3 = t190C: Temperature, 2 [ITS-90, deg C]
# name 4 = T2-T190C: Temperature Difference, 2 - 1 [ITS-90, deg C]
# name 5 = c0S/m: Conductivity [S/m]
# name 6 = c1S/m: Conductivity, 2 [S/m]
# name 7 = pumps: Pump Status
# name 8 = sbeox1ML/L: Oxygen, SBE 43, 2 [ml/l]
# name 9 = sbeox0ML/L: Oxygen, SBE 43 [ml/l]
# name 10 = altM: Altimeter [m]
# name 11 = chloroflTC0: Chlorophyll, Turner Cyclops [ug/l]
# name 12 = cpar: CPAR/Corrected Irradiance [%]
# name 13 = par: PAR/Irradiance, Biospherical/Lico [µE/(cm^2*s)]
# name 14 = spar: SPAR, Biospherical/Licor
# name 15 = sal00: Salinity, Practical [PSU]
# name 16 = sal11: Salinity, Practical, 2 [PSU]
# name 17 = secS-priS: Salinity, Practical, Difference, 2 - 1 [PSU]
# name 18 = sigma-t00: Density [sigma-t, kg/m^3 ]
# name 19 = sigma-t11: Density, 2 [sigma-t, kg/m^3 ]
# name 20 = depSM: Depth [salt water, m], lat = 57.4108
# name 21 = depFM: Depth [true depth, m], lat = 57.4108
# name 22 = dz/dtM: Descent Rate [m/s], WS = 2
# name 23 = svCM: Sound Velocity [Chen-Millero, m/s]
# name 24 = svCM1: Sound Velocity, 2 [Chen-Millero, m/s]
# name 25 = flag: flag
# span 0 =        141,       3614       
# span 1 =      1.500,     36.000       
# span 2 =    17.3116,    18.0943       
# span 3 =    17.3169,    18.0819       
# span 4 =    -0.1661,     0.0353       
# span 5 =   3.992217,   4.219621       
# span 6 =   3.992018,   4.220152       
# span 7 =          1,          1       
# span 8 =     5.2704,     5.7950       
# span 9 =     5.0003,     5.5066       
# span 10 =       0.95,       9.98      
# span 11 =     0.0690,     0.1871      
# span 12 = 3.1284e-02, 1.4338e+01      
# span 13 = 7.1318e-01, 2.2355e+02      
# span 14 = 1.5074e+03, 2.4057e+03      
# span 15 =    30.0672,    32.3238      
# span 16 =    30.0628,    32.3267      
# span 17 =    -0.1197,     0.1742      
# span 18 =    21.5337,    23.3882      
# span 19 =    21.5294,    23.3890      
# span 20 =      1.486,     35.665      
# span 21 =      1.496,     35.858      
# span 22 =     -0.288,      0.372      
# span 23 =    1509.82,    1512.12      
# span 24 =    1509.80,    1512.14      
# span 25 = 0.0000e+00, 0.0000e+00      
# interval = decibars: 0.5              
# start_time = Aug 26 2018 11:57:59 [NMEA time, first data scan]
# bad_flag = -9.990e-29
*END*
        141      1.500    17.8537    17.8580     0.0044    3.99752    3.99882          1     5.7586     5.5033       9.98     0.1512  1.434e+01  2.236e+02  1.595e+03    30.1012    30.1089     0.0077    21.5591    21.5640      1.486      1.496      0.177    1509.82    1509.84  0.000e+00
        275      2.000    17.8702    17.8701     0.0000    4.00224    4.00312          1     5.7432     5.4955       9.98     0.1572  1.378e+01  2.078e+02  1.514e+03    30.1284    30.1359     0.0075    21.5760    21.5818      1.982      1.994      0.372    1509.91    1509.92  0.000e+00
        333      2.500    17.8782    17.8962     0.0179    4.00479    4.00885          1     5.7244     5.4926       9.98     0.1637  9.321e+00  1.566e+02  1.674e+03    30.1437    30.1645     0.0208    21.5858    21.5974      2.477      2.493      0.190    1509.96    1510.04  0.000e+00
        395      3.000    17.8826    17.9120     0.0294    4.00652    4.01121          1     5.7238     5.5038       9.98     0.1714  1.092e+01  1.645e+02  1.507e+03    30.1549    30.1724     0.0175    21.5933    21.5997      2.972      2.991      0.317    1509.99    1510.10  0.000e+00
        428      3.500    17.9196    17.9407     0.0211    4.01790    4.02696          1     5.7293     5.4898       9.98     0.1769  1.015e+01  1.540e+02  1.518e+03    30.2227    30.2829     0.0602    21.6364    21.6774      3.468      3.490      0.320    1510.19    1510.32  0.000e+00
        479      4.000    17.9154    17.8550    -0.0602    4.01446    3.99486          1     5.7193     5.4771       9.98     0.1609  8.396e+00  1.474e+02  1.780e+03    30.1968    30.0771    -0.1197    21.6176    21.5404      3.963      3.988      0.241    1510.15    1509.84  0.000e+00
        521      4.500    17.8658    17.8551    -0.0107    3.99654    3.99318          1     5.7408     5.5066       9.98     0.1507  6.871e+00  1.488e+02  2.170e+03    30.0831    30.0628    -0.0203    21.5425    21.5294      4.458      4.487      0.335    1509.89    1509.83  0.000e+00
        558      5.000    17.8598    17.8476    -0.0122    3.99451    3.99310          1     5.7950     5.5002       9.98     0.1423  5.432e+00  1.286e+02  2.368e+03    30.0704    30.0675    -0.0028    21.5341    21.5349      4.954      4.985      0.307    1509.86    1509.82  0.000e+00
        603      5.500    17.8532    17.8517    -0.0015    3.99364    3.99491          1     5.7935     5.4971       9.98     0.1436  5.242e+00  1.261e+02  2.406e+03    30.0678    30.0795     0.0117    21.5337    21.5430      5.449      5.484      0.243    1509.85    1509.86  0.000e+00
        651      6.000    17.8470    17.8511     0.0041    3.99371    3.99633          1     5.7825     5.5038       9.98     0.1428  4.680e+00  1.120e+02  2.394e+03    30.0727    30.0917     0.0190    21.5390    21.5525      5.945      5.982      0.255    1509.84    1509.88  0.000e+00
        700      6.500    17.8372    17.8328    -0.0044    3.99222    3.99202          1     5.7580     5.4911       9.98     0.1396  4.212e+00  1.003e+02  2.381e+03    30.0672    30.0688     0.0016    21.5371    21.5393      6.440      6.481      0.239    1509.82    1509.80  0.000e+00
        755      7.000    17.8595    17.8663     0.0067    4.00190    4.00299          1     5.7046     5.4806       9.98     0.1481  3.755e+00  8.900e+01  2.370e+03    30.1318    30.1359     0.0041    21.5811    21.5827      6.935      6.979      0.216    1509.96    1509.99  0.000e+00
        803      7.500    17.8610    17.8585    -0.0025    4.00187    4.00382          1     5.7554     5.4971       9.98     0.1477  3.554e+00  8.453e+01  2.378e+03    30.1303    30.1485     0.0182    21.5796    21.5941      7.431      7.478      0.303    1509.97    1509.99  0.000e+00
        842      8.000    17.8416    17.8398    -0.0018    3.99516    3.99511          1     5.7703     5.4777       9.98     0.1545  3.170e+00  7.526e+01  2.374e+03    30.0882    30.0891     0.0008    21.5521    21.5532      7.926      7.976      0.284    1509.88    1509.87  0.000e+00
        891      8.500    17.8756    17.9109     0.0353    4.01111    4.02261          1     5.7388     5.4616       9.98     0.1611  2.891e+00  6.826e+01  2.361e+03    30.1967    30.2669     0.0703    21.6269    21.6722      8.421      8.475      0.232    1510.11    1510.29  0.000e+00
        937      9.000    17.9142    17.9258     0.0117    4.02748    4.03244          1     5.7720     5.4743       9.98     0.1604  2.621e+00  6.113e+01  2.333e+03    30.3052    30.3381     0.0329    21.7007    21.7231      8.917      8.973      0.306    1510.36    1510.43  0.000e+00
        975      9.500    17.9157    17.9246     0.0090    4.02745    4.03109          1     5.7859     5.4577       9.98     0.1597  2.424e+00  5.712e+01  2.357e+03    30.3036    30.3275     0.0239    21.6991    21.7153      9.412      9.472      0.290    1510.37    1510.42  0.000e+00
       1023     10.000    17.9177    17.9218     0.0041    4.02825    4.03004          1     5.7192     5.4750       9.98     0.1624  2.199e+00  5.124e+01  2.330e+03    30.3087    30.3206     0.0119    21.7025    21.7107      9.908      9.970      0.227    1510.39    1510.41  0.000e+00
       1077     10.500    17.9193    17.9150    -0.0043    4.03058    4.03253          1     5.7424     5.4680       9.98     0.1645  1.997e+00  4.688e+01  2.348e+03    30.3269    30.3464     0.0195    21.7161    21.7320     10.403     10.469      0.243    1510.42    1510.43  0.000e+00
       1121     11.000    17.9209    17.9274     0.0064    4.03602    4.03992          1     5.7818     5.4633       9.98     0.1634  1.783e+00  4.189e+01  2.349e+03    30.3710    30.3990     0.0279    21.7494    21.7692     10.898     10.967      0.287    1510.48    1510.53  0.000e+00
       1165     11.500    17.9280    17.9339     0.0059    4.03559    4.03575          1     5.7316     5.4518       9.98     0.1658  1.642e+00  3.837e+01  2.337e+03    30.3620    30.3590    -0.0030    21.7408    21.7371     11.394     11.465      0.249    1510.50    1510.52  0.000e+00
       1213     12.000    18.0348    18.0396     0.0047    4.08239    4.07030          1     5.7106     5.3880       9.98     0.1677  1.531e+00  3.553e+01  2.321e+03    30.6741    30.5694    -0.1047    21.9538    21.8727     11.889     11.964      0.283    1511.18    1511.08  0.000e+00
       1249     12.500    18.0943    18.0819    -0.0125    4.12391    4.14356          1     5.6830     5.3567       9.98     0.1797  1.402e+00  3.208e+01  2.288e+03    30.9770    31.1511     0.1742    22.1710    22.3071     12.384     12.462      0.361    1511.71    1511.87  0.000e+00
       1286     13.000    18.0740    18.0564    -0.0176    4.15181    4.16207          1     5.6485     5.3504       9.98     0.1871  1.318e+00  2.973e+01  2.256e+03    31.2261    31.3257     0.0996    22.3663    22.4467     12.880     12.960      0.269    1511.94    1512.00  0.000e+00
       1343     13.500    18.0231    18.0043    -0.0189    4.17041    4.17496          1     5.6450     5.3687       9.98     0.1768  1.164e+00  2.588e+01  2.224e+03    31.4210    31.4738     0.0528    22.5276    22.5725     13.375     13.458      0.256    1512.02    1512.02  0.000e+00
       1382     14.000    17.9978    17.9912    -0.0065    4.17704    4.17835          1     5.6568     5.3702       9.98     0.1735  1.054e+00  2.388e+01  2.267e+03    31.4961    31.5122     0.0161    22.5911    22.6050     13.870     13.956      0.319    1512.04    1512.04  0.000e+00
       1430     14.500    17.9874    17.9811    -0.0062    4.17931    4.18074          1     5.6590     5.3638       9.98     0.1697  9.438e-01  2.198e+01  2.330e+03    31.5231    31.5399     0.0168    22.6142    22.6286     14.366     14.454      0.213    1512.05    1512.05  0.000e+00
       1483     15.000    17.9774    17.9718    -0.0056    4.18157    4.18267          1     5.6087     5.3333       9.98     0.1670  8.951e-01  2.085e+01  2.330e+03    31.5496    31.5632     0.0136    22.6369    22.6487     14.861     14.952      0.280    1512.05    1512.05  0.000e+00
       1523     15.500    17.9696    17.9653    -0.0044    4.18296    4.18395          1     5.6277     5.3429       9.98     0.1651  8.212e-01  1.918e+01  2.335e+03    31.5672    31.5789     0.0117    22.6522    22.6622     15.357     15.450      0.290    1512.06    1512.06  0.000e+00
       1566     16.000    17.9627    17.9552    -0.0075    4.18443    4.18619          1     5.6600     5.3465       9.98     0.1620  7.535e-01  1.759e+01  2.334e+03    31.5847    31.6054     0.0207    22.6673    22.6849     15.852     15.948      0.273    1512.07    1512.07  0.000e+00
       1610     16.500    17.9538    17.9477    -0.0061    4.18739    4.18922          1     5.6523     5.3342       9.98     0.1584  7.080e-01  1.649e+01  2.329e+03    31.6163    31.6364     0.0202    22.6936    22.7104     16.347     16.446      0.284    1512.09    1512.09  0.000e+00
       1649     17.000    17.9422    17.9157    -0.0265    4.18863    4.18921          1     5.5945     5.3273       9.98     0.1560  6.415e-01  1.490e+01  2.322e+03    31.6356    31.6610     0.0254    22.7111    22.7370     16.843     16.944      0.319    1512.08    1512.03  0.000e+00
       1691     17.500    17.9090    17.8690    -0.0400    4.18942    4.19277          1     5.6046     5.3020       9.98     0.1532  5.875e-01  1.365e+01  2.323e+03    31.6678    31.7271     0.0593    22.7438    22.7987     17.338     17.442      0.239    1512.03    1511.98  0.000e+00
       1748     18.000    17.8708    17.8522    -0.0186    4.19441    4.19724          1     5.6153     5.3001       9.98     0.1502  5.385e-01  1.250e+01  2.321e+03    31.7394    31.7777     0.0384    22.8076    22.8415     17.833     17.940      0.247    1512.00    1511.99  0.000e+00
       1790     18.500    17.8539    17.8475    -0.0065    4.19745    4.19877          1     5.5881     5.2896       9.98     0.1509  5.040e-01  1.169e+01  2.320e+03    31.7781    31.7942     0.0161    22.8413    22.8552     18.329     18.438      0.286    1512.01    1512.01  0.000e+00
       1835     19.000    17.8471    17.8349    -0.0122    4.19824    4.19944          1     5.5797     5.2732       9.98     0.1484  4.586e-01  1.062e+01  2.316e+03    31.7898    31.8094     0.0196    22.8519    22.8699     18.824     18.936      0.254    1512.01    1511.99  0.000e+00
       1880     19.500    17.8303    17.8197    -0.0106    4.19963    4.20209          1     5.5604     5.2667       9.98     0.1455  4.298e-01  9.945e+00  2.314e+03    31.8146    31.8436     0.0291    22.8749    22.8997     19.319     19.434      0.274    1511.99    1512.00  0.000e+00
       1925     20.000    17.8268    17.8230    -0.0038    4.20388    4.21527          1     5.5492     5.2358       9.98     0.1435  3.914e-01  9.046e+00  2.311e+03    31.8530    31.9523     0.0993    22.9052    22.9821     19.815     19.932      0.283    1512.04    1512.14  0.000e+00
       1964     20.500    17.8144    17.7183    -0.0961    4.21433    4.21861          1     5.5119     5.2266       9.98     0.1417  3.673e-01  8.486e+00  2.311e+03    31.9510    32.0628     0.1118    22.9831    23.0916     20.310     20.430      0.309    1512.12    1511.96  0.000e+00
       2005     21.000    17.7394    17.5732    -0.1661    4.21554    4.21338          1     5.4524     5.1882       9.98     0.1345  3.372e-01  7.788e+00  2.309e+03    32.0199    32.1326     0.1127    23.0538    23.1797     20.805     20.927      0.274    1511.98    1511.62  0.000e+00
       2049     21.500    17.6260    17.5377    -0.0884    4.21273    4.21100          1     5.4160     5.1066       9.98     0.1240  3.141e-01  7.251e+00  2.309e+03    32.0851    32.1403     0.0551    23.1308    23.1941     21.301     21.425      0.274    1511.73    1511.53  0.000e+00
       2095     22.000    17.5670    17.5344    -0.0327    4.21087    4.21071          1     5.4080     5.1113       9.98     0.1152  2.909e-01  6.712e+00  2.307e+03    32.1158    32.1402     0.0245    23.1683    23.1948     21.796     21.923      0.250    1511.60    1511.53  0.000e+00
       2143     22.500    17.5489    17.5269    -0.0220    4.21029    4.21025          1     5.3996     5.1007       9.98     0.1126  2.702e-01  6.231e+00  2.306e+03    32.1250    32.1421     0.0171    23.1797    23.1980     22.291     22.421      0.255    1511.56    1511.51  0.000e+00
       2190     23.000    17.5390    17.5213    -0.0177    4.20993    4.20982          1     5.3758     5.1064       9.98     0.1084  2.496e-01  5.748e+00  2.303e+03    32.1295    32.1426     0.0130    23.1855    23.1997     22.787     22.918      0.278    1511.55    1511.51  0.000e+00
       2229     23.500    17.5279    17.5145    -0.0133    4.20932    4.20944          1     5.3662     5.0856       9.98     0.1088  2.316e-01  5.333e+00  2.303e+03    32.1330    32.1445     0.0115    23.1908    23.2028     23.282     23.416      0.290    1511.52    1511.50  0.000e+00
       2280     24.000    17.5247    17.5103    -0.0144    4.20917    4.20927          1     5.3458     5.0782       9.98     0.1045  2.144e-01  4.938e+00  2.304e+03    32.1340    32.1463     0.0122    23.1924    23.2051     23.777     23.914      0.235    1511.52    1511.50  0.000e+00
       2319     24.500    17.5132    17.4995    -0.0136    4.20869    4.20893          1     5.3278     5.0520       9.98     0.1036  2.036e-01  4.689e+00  2.303e+03    32.1388    32.1517     0.0129    23.1988    23.2119     24.273     24.412      0.370    1511.50    1511.48  0.000e+00
       2355     25.000    17.5002    17.4692    -0.0311    4.20804    4.20846          1     5.3233     5.0444       9.98     0.1013  1.860e-01  4.285e+00  2.304e+03    32.1434    32.1717     0.0283    23.2053    23.2344     24.768     24.909      0.278    1511.48    1511.42  0.000e+00
       2406     25.500    17.4788    17.4466    -0.0321    4.20850    4.21194          1     5.3387     5.0382       9.98     0.0921  1.757e-01  4.049e+00  2.305e+03    32.1642    32.2191     0.0549    23.2264    23.2760     25.263     25.407      0.252    1511.45    1511.41  0.000e+00
       2446     26.000    17.4540    17.4419    -0.0121    4.21167    4.21410          1     5.3304     5.0421       9.98     0.0911  1.620e-01  3.730e+00  2.303e+03    32.2107    32.2411     0.0303    23.2679    23.2940     25.759     25.905      0.325    1511.43    1511.43  0.000e+00
       2486     26.500    17.4463    17.4471     0.0008    4.21350    4.21570          1     5.3445     5.0759       9.98     0.0947  1.504e-01  3.463e+00  2.303e+03    32.2323    32.2504     0.0181    23.2862    23.2999     26.254     26.402      0.258    1511.44    1511.47  0.000e+00
       2539     27.000    17.4524    17.4602     0.0078    4.21545    4.21823          1     5.3870     5.0936       9.72     0.0957  1.381e-01  3.180e+00  2.302e+03    32.2439    32.2614     0.0175    23.2936    23.3052     26.749     26.900      0.242    1511.48    1511.53  0.000e+00
       2582     27.500    17.4622    17.4642     0.0020    4.21795    4.21896          1     5.3758     5.1122       9.23     0.0958  1.288e-01  2.965e+00  2.301e+03    32.2573    32.2643     0.0070    23.3016    23.3065     27.245     27.398      0.287    1511.54    1511.55  0.000e+00
       2625     28.000    17.4636    17.4624    -0.0012    4.21820    4.21879          1     5.3757     5.1106       8.75     0.0960  1.175e-01  2.703e+00  2.300e+03    32.2581    32.2641     0.0060    23.3019    23.3068     27.740     27.895      0.271    1511.55    1511.55  0.000e+00
       2669     28.500    17.4632    17.4635     0.0003    4.21821    4.21896          1     5.3847     5.0817       8.28     0.0936  1.087e-01  2.499e+00  2.299e+03    32.2584    32.2645     0.0061    23.3022    23.3068     28.235     28.393      0.285    1511.56    1511.57  0.000e+00
