ctdpy/exports/archive_20191120_135557/received_data/SBE09_1044_20181204_1152_34_01_0149.cnv
* Sea-Bird SBE 9 Data File:
* FileName = C:\ctd\temp\ar18d149.hex
* Software Version Seasave V 7.26.7.107
* Temperature SN = 5351
* Conductivity SN = 3941
* Number of Bytes Per Scan = 41
* Number of Voltage Words = 4
* Number of Scans Averaged by the Deck Unit = 1
* NMEA Latitude = 59 50.81 N
* NMEA Longitude = 024 50.26 E
* NMEA UTC (Time) = Dec 04 2018  11:52:21
* NMEA baud rate = 4800
** Station:  BY23
** Operator:  JKro
** Ship: ARANDA
** Average sound velocity: 1443.91 m/s
** True-depth calculation Sun, 09 Dec 2018 13:40:51 +0000
** CTD Python Module SMHI /ver 3-12/ feb 2012 
** LIMS Job: 20183401-0149
** Cruise: SMHI-7-2018
** Latitude [GG MM.mm N]:
** Longitude [GG MM.mm E]
# nquan = 26
# nvalues = 189                         
# units = specified
# name 0 = scan: Scan Count
# name 1 = prDM: Pressure, Digiquartz [db]
# name 2 = t090C: Temperature [ITS-90, deg C]
# name 3 = t190C: Temperature, 2 [ITS-90, deg C]
# name 4 = T2-T190C: Temperature Difference, 2 - 1 [ITS-90, deg C]
# name 5 = c0S/m: Conductivity [S/m]
# name 6 = c1S/m: Conductivity, 2 [S/m]
# name 7 = pumps: Pump Status
# name 8 = sbeox0ML/L: Oxygen, SBE 43 [ml/l]
# name 9 = sbeox1ML/L: Oxygen, SBE 43, 2 [ml/l]
# name 10 = altM: Altimeter [m]
# name 11 = flECO-AFL: Chl-a Fluorescence, WET Labs ECO-AFL/FL [mg/m^3]
# name 12 = flECO-AFL1: Phycocyanin Fluorescence, WET Labs ECO-AFL/FL, 2 [mg/m^3]
# name 13 = par: PAR/Irradiance, Biospherical/Lico [µE/(cm^2*s)]
# name 14 = turbWETntu0: Turbidity, WET Labs ECO [NTU]
# name 15 = sal00: Salinity, Practical [PSU]
# name 16 = sal11: Salinity, Practical, 2 [PSU]
# name 17 = secS-priS: Salinity, Practical, Difference, 2 - 1 [PSU]
# name 18 = sigma-t00: Density [sigma-t, Kg/m^3 ]
# name 19 = sigma-t11: Density, 2 [sigma-t, Kg/m^3 ]
# name 20 = depSM: Depth [salt water, m], lat = 59.8468
# name 21 = depFM: Depth [true depth, m], lat = 59.8468
# name 22 = dz/dtM: Descent Rate [m/s], WS = 2
# name 23 = svCM: Sound Velocity [Chen-Millero, m/s]
# name 24 = svCM1: Sound Velocity, 2 [Chen-Millero, m/s]
# name 25 = flag: flag
# span 0 =      20197,      25050       
# span 1 =      1.000,     95.000       
# span 2 =     6.0360,     7.8679       
# span 3 =     6.0392,     7.8703       
# span 4 =    -0.0044,     0.0078       
# span 5 =   0.689016,   1.076141       
# span 6 =   0.689002,   1.075938       
# span 7 =          1,          1       
# span 8 =    0.05617,    7.84199       
# span 9 =    1.84952,    6.24636       
# span 10 =       3.43,      95.69      
# span 11 =     0.3937,     0.6607      
# span 12 =     0.1768,     0.3345      
# span 13 = 1.0000e-12, 8.4009e+01      
# span 14 =     0.2822,     6.4310      
# span 15 =     5.9685,     9.8271      
# span 16 =     5.9680,     9.8241      
# span 17 =    -0.0051,     0.0010      
# span 18 =     4.6340,     7.7147      
# span 19 =     4.6336,     7.7122      
# span 20 =      0.991,     94.084      
# span 21 =      1.014,     96.222      
# span 22 =     -0.190,      0.913      
# span 23 =    1441.40,    1448.44      
# span 24 =    1441.41,    1448.45      
# span 25 = 0.0000e+00, 0.0000e+00      
# interval = decibars: 0.5              
# start_time = Dec 04 2018 11:52:22 [NMEA time, first data scan]
# bad_flag = -9.990e-29
*END*
[from data line 168]
      24127     85.000     6.0636     6.0655     0.0019    1.07229    1.07228          1     0.0882     2.7259      14.30     0.4993     0.2913  1.000e-12  5.4522000     9.7828     9.7821    -0.0007     7.6781     7.6775     84.182     86.115      0.656    1444.67    1444.67  0.000e+00
      24143     85.500     6.0629     6.0647     0.0018    1.07238    1.07237          1     0.0864     2.7014      13.90     0.4954     0.3048  1.000e-12  5.4692000     9.7838     9.7832    -0.0006     7.6789     7.6783     84.677     86.620      0.734    1444.67    1444.68  0.000e+00
      24159     86.000     6.0609     6.0627     0.0018    1.07258    1.07256          1     0.0876     2.6772      13.41     0.5044     0.2936  1.000e-12  5.5421000     9.7863     9.7856    -0.0006     7.6810     7.6804     85.172     87.125      0.689    1444.68    1444.68  0.000e+00
      24179     86.500     6.0591     6.0609     0.0018    1.07278    1.07277          1     0.0839     2.6484      12.80     0.5050     0.3053  1.000e-12  5.6194000     9.7886     9.7880    -0.0006     7.6830     7.6824     85.668     87.631      0.516    1444.68    1444.69  0.000e+00
      24210     87.000     6.0582     6.0600     0.0018    1.07290    1.07289          1     0.0830     2.6077      12.13     0.5160     0.3017  1.000e-12  5.7080000     9.7901     9.7895    -0.0006     7.6842     7.6836     86.163     88.136      0.365    1444.68    1444.69  0.000e+00
      24240     87.500     6.0560     6.0577     0.0017    1.07319    1.07319          1     0.0809     2.5634      11.61     0.5422     0.2520  1.000e-12  5.6603000     9.7934     9.7929    -0.0005     7.6870     7.6865     86.658     88.642      0.520    1444.69    1444.69  0.000e+00
      24259     88.000     6.0544     6.0562     0.0018    1.07364    1.07364          1     0.0802     2.5377      11.25     0.5169     0.2652  1.000e-12  5.7275000     9.7983     9.7977    -0.0006     7.6909     7.6903     87.153     89.147      0.698    1444.69    1444.70  0.000e+00
      24275     88.500     6.0521     6.0537     0.0016    1.07443    1.07442          1     0.0779     2.5208      10.81     0.5167     0.2766  1.000e-12  5.7216000     9.8067     9.8061    -0.0006     7.6976     7.6971     87.648     89.652      0.757    1444.70    1444.71  0.000e+00
      24291     89.000     6.0497     6.0516     0.0018    1.07462    1.07462          1     0.0767     2.5048      10.29     0.5167     0.2879  1.000e-12  5.7107000     9.8092     9.8086    -0.0005     7.6997     7.6992     88.143     90.158      0.672    1444.70    1444.71  0.000e+00
      24313     89.500     6.0492     6.0510     0.0018    1.07468    1.07467          1     0.0765     2.4770       9.64     0.5279     0.3131  1.000e-12  5.8055000     9.8098     9.8092    -0.0006     7.7003     7.6996     88.638     90.663      0.368    1444.71    1444.72  0.000e+00
      24379     90.000     6.0489     6.0543     0.0054    1.07469    1.07433          1     0.0756     2.3958       8.84     0.5203     0.2668  1.000e-12  5.7206000     9.8098     9.8047    -0.0051     7.7003     7.6960     89.133     91.168      0.353    1444.72    1444.73  0.000e+00
      24400     90.500     6.0433     6.0450     0.0017    1.07509    1.07510          1     0.0745     2.3736       8.55     0.5290     0.3234  1.000e-12  5.6828000     9.8154     9.8150    -0.0004     7.7050     7.7046     89.628     91.674      0.553    1444.71    1444.72  0.000e+00
      24423     91.000     6.0432     6.0451     0.0018    1.07513    1.07511          1     0.0702     2.3489       7.93     0.5289     0.2943  1.000e-12  5.9262000     9.8156     9.8150    -0.0007     7.7052     7.7046     90.123     92.179      0.384    1444.72    1444.72  0.000e+00
      24495     91.500     6.0442     6.0463     0.0021    1.07514    1.07512          1     0.0695     2.2777       7.03     0.5412     0.2989  1.000e-12  5.7021000     9.8154     9.8146    -0.0008     7.7050     7.7043     90.618     92.685      0.282    1444.73    1444.74  0.000e+00
      24537     92.000     6.0434     6.0452     0.0018    1.07520    1.07518          1     0.0669     2.2328       6.58     0.5385     0.2788  1.000e-12  5.8235000     9.8161     9.8155    -0.0007     7.7056     7.7050     91.113     93.190      0.248    1444.73    1444.74  0.000e+00
      24595     92.500     6.0431     6.0451     0.0020    1.07525    1.07522          1     0.0665     2.1813       6.13     0.5251     0.3151  1.000e-12  5.8619000     9.8166     9.8158    -0.0009     7.7060     7.7052     91.608     93.695      0.237    1444.74    1444.75  0.000e+00
      24650     93.000     6.0427     6.0447     0.0021    1.07532    1.07528          1     0.0664     2.1342       5.65     0.5294     0.2644  1.000e-12  5.8624000     9.8174     9.8164    -0.0010     7.7067     7.7058     92.104     94.201      0.187    1444.75    1444.76  0.000e+00
      24741     93.500     6.0427     6.0450     0.0024    1.07535    1.07530          1     0.0612     2.0604       5.18     0.5178     0.2803  1.000e-12  5.7553000     9.8176     9.8165    -0.0011     7.7068     7.7058     92.599     94.706      0.181    1444.76    1444.77  0.000e+00
      24824     94.000     6.0426     6.0441     0.0016    1.07537    1.07537          1     0.0611     1.9999       4.70     0.5170     0.2635  1.000e-12  5.8875000     9.8178     9.8173    -0.0005     7.7070     7.7065     93.094     95.211      0.214    1444.76    1444.77  0.000e+00
      24934     94.500     6.0406     6.0423     0.0017    1.07566    1.07564          1     0.0600     1.9248       4.14     0.5230     0.3125  1.000e-12  6.0278000     9.8211     9.8204    -0.0007     7.7097     7.7090     93.589     95.717      0.186    1444.77    1444.78  0.000e+00
      25050     95.000     6.0360     6.0392     0.0031    1.07614    1.07594          1     0.0562     1.8495       3.43     0.5140     0.2808  1.000e-12  6.4310000     9.8271     9.8241    -0.0029     7.7147     7.7122     94.084     96.222     -0.190    1444.77    1444.78  0.000e+00
