ctdpy/exports/archive_20191120_135557/received_data/SBE09_0827_20180121_0910_26_01_0143.cnv
* Sea-Bird SBE 9 Data File:
* FileName = D:\CTD_SBE911\DAT\26DA.2018.1.43.hex
* Software Version Seasave V 7.21d
* Temperature SN = 034757
* Conductivity SN = 041844
* Number of Bytes Per Scan = 48
* Number of Voltage Words = 5
* Number of Scans Averaged by the Deck Unit = 1
* NMEA Latitude = 58 03.12 N
* NMEA Longitude = 009 54.38 E
* NMEA UTC (Time) = Jan 21 2018  09:10:34
* NMEA baud rate = 4800
** Ship: DANA
** Average sound velocity: 1479.57 m/s
** True-depth calculation Thu, 28 Mar 2019 08:24:58 +0000
** CTD Python Module SMHI /ver 3-12/ feb 2012 
** LIMS Job: 20182601-0143
** Operator:
** Cruise: 01/2018
# nquan = 26
# nvalues = 316                         
# units = specified
# name 0 = scan: Scan Count
# name 1 = prDM: Pressure, Digiquartz [db]
# name 2 = t090C: Temperature [ITS-90, deg C]
# name 3 = t190C: Temperature, 2 [ITS-90, deg C]
# name 4 = T2-T190C: Temperature Difference, 2 - 1 [ITS-90, deg C]
# name 5 = c0S/m: Conductivity [S/m]
# name 6 = c1S/m: Conductivity, 2 [S/m]
# name 7 = pumps: Pump Status
# name 8 = sbeox1ML/L: Oxygen, SBE 43, 2 [ml/l]
# name 9 = sbeox0ML/L: Oxygen, SBE 43 [ml/l]
# name 10 = altM: Altimeter [m]
# name 11 = chloroflTC0: Chlorophyll, Turner Cyclops [ug/l]
# name 12 = cpar: CPAR/Corrected Irradiance [%]
# name 13 = par: PAR/Irradiance, Biospherical/Lico [µE/(cm^2*s)]
# name 14 = spar: SPAR, Biospherical/Licor
# name 15 = sal00: Salinity, Practical [PSU]
# name 16 = sal11: Salinity, Practical, 2 [PSU]
# name 17 = secS-priS: Salinity, Practical, Difference, 2 - 1 [PSU]
# name 18 = sigma-t00: Density [sigma-t, kg/m^3 ]
# name 19 = sigma-t11: Density, 2 [sigma-t, kg/m^3 ]
# name 20 = depSM: Depth [salt water, m], lat = 58.052
# name 21 = depFM: Depth [true depth, m], lat = 58.052
# name 22 = dz/dtM: Descent Rate [m/s], WS = 2
# name 23 = svCM: Sound Velocity [Chen-Millero, m/s]
# name 24 = svCM1: Sound Velocity, 2 [Chen-Millero, m/s]
# name 25 = flag: flag
# span 0 =         97,      15523       
# span 1 =      2.000,    159.500       
# span 2 =     6.2650,     7.3731       
# span 3 =     6.2652,     7.3630       
# span 4 =    -0.1908,     0.0277       
# span 5 =   3.383041,   3.539005       
# span 6 =   3.383265,   3.538119       
# span 7 =          1,          1       
# span 8 =     5.9891,     6.2072       
# span 9 =     6.0613,     6.3380       
# span 10 =      -0.38,       9.97      
# span 11 =     0.0167,     0.0721      
# span 12 = -1.583e-04, 6.8889e+00      
# span 13 = -2.057e-04, 8.5340e+00      
# span 14 = 1.2388e+02, 1.7468e+02      
# span 15 =    34.1226,    34.6786      
# span 16 =    34.1256,    34.6809      
# span 17 =    -0.1571,     0.0113      
# span 18 =    26.8244,    27.1206      
# span 19 =    26.8263,    27.1230      
# span 20 =      1.981,    157.960      
# span 21 =      1.984,    158.176      
# span 22 =     -0.238,      0.518      
# span 23 =    1474.74,    1481.96      
# span 24 =    1474.74,    1481.96      
# span 25 = 0.0000e+00, 0.0000e+00      
# interval = decibars: 0.5              
# start_time = Jan 21 2018 09:10:34 [NMEA time, first data scan]
# bad_flag = -9.990e-29
*END*
         97      2.000     6.2788     6.2775    -0.0013    3.38403    3.38411          1     6.1163     6.3310       9.97     0.0191  6.889e+00  8.534e+00  1.239e+02    34.1234    34.1256     0.0022    26.8244    26.8263      1.981      1.984      0.232    1474.77    1474.77  0.000e+00
        494      2.500     6.2682     6.2675    -0.0008    3.38304    3.38337          1     6.1596     6.3247       9.97     0.0171  6.203e+00  7.684e+00  1.239e+02    34.1226    34.1271     0.0044    26.8251    26.8287      2.477      2.480      0.518    1474.74    1474.74  0.000e+00
        550      3.000     6.2717     6.2672    -0.0045    3.38352    3.38327          1     6.1466     6.3354       9.97     0.0167  5.469e+00  6.774e+00  1.239e+02    34.1243    34.1259     0.0016    26.8260    26.8279      2.972      2.976      0.303    1474.76    1474.75  0.000e+00
        614      3.500     6.2684     6.2661    -0.0023    3.38330    3.38329          1     6.1735     6.3259       9.96     0.0172  5.091e+00  6.307e+00  1.239e+02    34.1248    34.1271     0.0023    26.8268    26.8289      3.468      3.472      0.428    1474.76    1474.75  0.000e+00
        643      4.000     6.2672     6.2664    -0.0008    3.38313    3.38333          1     6.1559     6.3299       9.96     0.0172  4.521e+00  5.601e+00  1.239e+02    34.1238    34.1268     0.0030    26.8262    26.8287      3.963      3.968      0.313    1474.76    1474.76  0.000e+00
        716      4.500     6.2678     6.2668    -0.0010    3.38324    3.38340          1     6.1603     6.3380       9.96     0.0171  4.058e+00  5.027e+00  1.239e+02    34.1242    34.1271     0.0029    26.8264    26.8288      4.458      4.464      0.290    1474.77    1474.77  0.000e+00
        755      5.000     6.2713     6.2693    -0.0020    3.38387    3.38367          1     6.1554     6.3270       9.96     0.0171  3.699e+00  4.583e+00  1.239e+02    34.1276    34.1273    -0.0003    26.8286    26.8286      4.954      4.960      0.249    1474.80    1474.79  0.000e+00
        814      5.500     6.2668     6.2682     0.0014    3.38316    3.38381          1     6.1454     6.3278       9.96     0.0171  3.320e+00  4.115e+00  1.239e+02    34.1239    34.1297     0.0059    26.8263    26.8307      5.449      5.456      0.253    1474.78    1474.80  0.000e+00
        863      6.000     6.2671     6.2661    -0.0010    3.38328    3.38341          1     6.1215     6.3358       9.96     0.0172  2.994e+00  3.715e+00  1.241e+02    34.1247    34.1272     0.0025    26.8269    26.8290      5.944      5.952      0.233    1474.79    1474.79  0.000e+00
        910      6.500     6.2677     6.2661    -0.0016    3.38342    3.38347          1     6.1513     6.3280       9.96     0.0172  2.780e+00  3.444e+00  1.239e+02    34.1253    34.1275     0.0022    26.8273    26.8292      6.440      6.448      0.277    1474.81    1474.80  0.000e+00
        959      7.000     6.2691     6.2678    -0.0013    3.38363    3.38366          1     6.1957     6.3253       9.96     0.0172  2.526e+00  3.143e+00  1.244e+02    34.1261    34.1277     0.0016    26.8277    26.8292      6.935      6.943      0.207    1474.82    1474.82  0.000e+00
       1022      7.500     6.2691     6.2687    -0.0003    3.38364    3.38391          1     6.1938     6.3237       9.96     0.0172  2.276e+00  2.869e+00  1.260e+02    34.1260    34.1293     0.0034    26.8276    26.8303      7.430      7.439      0.330    1474.83    1474.83  0.000e+00
       1051      8.000     6.2686     6.2687     0.0002    3.38359    3.38393          1     6.1839     6.3316       9.96     0.0175  2.073e+00  2.606e+00  1.257e+02    34.1256    34.1293     0.0038    26.8274    26.8303      7.926      7.935      0.330    1474.83    1474.84  0.000e+00
       1128      8.500     6.2652     6.2652     0.0000    3.38314    3.38348          1     6.1661     6.3310       9.96     0.0171  1.874e+00  2.359e+00  1.259e+02    34.1237    34.1275     0.0038    26.8264    26.8293      8.421      8.431      0.295    1474.83    1474.83  0.000e+00
       1160      9.000     6.2650     6.2652     0.0002    3.38313    3.38349          1     6.1697     6.3244       9.95     0.0172  1.737e+00  2.187e+00  1.259e+02    34.1235    34.1274     0.0038    26.8263    26.8293      8.916      8.927      0.343    1474.83    1474.84  0.000e+00
       1221      9.500     6.2651     6.2655     0.0004    3.38319    3.38358          1     6.1861     6.3218       9.95     0.0173  1.577e+00  1.985e+00  1.259e+02    34.1238    34.1278     0.0040    26.8265    26.8296      9.412      9.423      0.244    1474.84    1474.85  0.000e+00
       1270     10.000     6.2667     6.2656    -0.0012    3.38361    3.38360          1     6.2009     6.3150       9.95     0.0171  1.469e+00  1.849e+00  1.259e+02    34.1267    34.1277     0.0010    26.8286    26.8295      9.907      9.919      0.410    1474.86    1474.86  0.000e+00
       1298     10.500     6.2759     6.2658    -0.0101    3.38501    3.38366          1     6.2072     6.3148       9.95     0.0174  1.300e+00  1.636e+00  1.259e+02    34.1329    34.1280    -0.0049    26.8322    26.8297     10.402     10.415      0.331    1474.91    1474.87  0.000e+00
       1377     11.000     6.2688     6.2725     0.0037    3.38399    3.38504          1     6.0789     6.3192       9.95     0.0171  1.220e+00  1.536e+00  1.259e+02    34.1284    34.1364     0.0080    26.8296    26.8355     10.898     10.911      0.334    1474.89    1474.91  0.000e+00
       1406     11.500     6.2778     6.2720    -0.0057    3.38546    3.38466          1     6.0136     6.3202       9.95     0.0171  1.110e+00  1.397e+00  1.259e+02    34.1356    34.1323    -0.0033    26.8341    26.8323     11.393     11.407      0.410    1474.94    1474.91  0.000e+00
       1469     12.000     6.2785     6.2790     0.0005    3.38550    3.38594          1     6.0692     6.3192       9.95     0.0171  9.946e-01  1.252e+00  1.259e+02    34.1350    34.1394     0.0044    26.8335    26.8370     11.888     11.903      0.256    1474.95    1474.96  0.000e+00
       1522     12.500     6.2708     6.2741     0.0032    3.38422    3.38548          1     6.0639     6.3169       9.95     0.0171  9.284e-01  1.169e+00  1.259e+02    34.1282    34.1390     0.0108    26.8292    26.8373     12.384     12.399      0.384    1474.92    1474.95  0.000e+00
       1556     13.000     6.2689     6.2692     0.0003    3.38408    3.38445          1     6.0736     6.3169       9.95     0.0171  8.428e-01  1.061e+00  1.259e+02    34.1282    34.1322     0.0039    26.8294    26.8325     12.879     12.895      0.270    1474.92    1474.93  0.000e+00
       1614     13.500     6.2978     6.2761    -0.0217    3.38905    3.38512          1     6.0747     6.3172       9.95     0.0172  7.592e-01  9.563e-01  1.260e+02    34.1545    34.1324    -0.0221    26.8465    26.8318     13.374     13.391      0.251    1475.08    1474.96  0.000e+00
       1657     14.000     6.3160     6.2938    -0.0221    3.39119    3.38800          1     6.0787     6.3073       9.95     0.0171  6.809e-01  8.637e-01  1.269e+02    34.1600    34.1466    -0.0134    26.8485    26.8408     13.870     13.887      0.249    1475.16    1475.06  0.000e+00
       1723     14.500     6.3243     6.3028    -0.0216    3.39256    3.38919          1     6.0803     6.3174       9.95     0.0171  6.311e-01  8.074e-01  1.279e+02    34.1668    34.1507    -0.0161    26.8527    26.8428     14.365     14.383      0.263    1475.21    1475.11  0.000e+00
       1761     15.000     6.4097     6.3230    -0.0867    3.40546    3.39218          1     6.1254     6.3002       9.95     0.0171  5.677e-01  7.196e-01  1.268e+02    34.2248    34.1636    -0.0612    26.8873    26.8504     14.860     14.879      0.287    1475.63    1475.21  0.000e+00
       1826     15.500     6.4413     6.3847    -0.0566    3.40983    3.39996          1     6.1635     6.2878       9.95     0.0172  5.126e-01  6.550e-01  1.278e+02    34.2416    34.1883    -0.0533    26.8965    26.8618     15.356     15.375      0.243    1475.78    1475.49  0.000e+00
       1868     16.000     6.4490     6.4168    -0.0322    3.41097    3.40561          1     6.1657     6.2888       9.95     0.0178  4.802e-01  6.144e-01  1.279e+02    34.2462    34.2188    -0.0274    26.8991    26.8817     15.851     15.871      0.386    1475.83    1475.67  0.000e+00
       1899     16.500     6.4492     6.4348    -0.0144    3.41099    3.40849          1     6.1441     6.2899       9.95     0.0187  4.330e-01  5.541e-01  1.279e+02    34.2461    34.2326    -0.0135    26.8990    26.8902     16.346     16.367      0.318    1475.84    1475.76  0.000e+00
       1976     17.000     6.4667     6.4438    -0.0229    3.41353    3.41016          1     6.0384     6.2886       9.95     0.0178  3.822e-01  4.890e-01  1.279e+02    34.2565    34.2419    -0.0146    26.9049    26.8964     16.842     16.863      0.244    1475.93    1475.82  0.000e+00
       2025     17.500     6.4691     6.4497    -0.0194    3.41388    3.41112          1     6.0354     6.2815       9.95     0.0190  3.425e-01  4.382e-01  1.279e+02    34.2578    34.2465    -0.0113    26.9056    26.8992     17.337     17.358      0.268    1475.95    1475.86  0.000e+00
       2077     18.000     6.4678     6.4570    -0.0108    3.41379    3.41219          1     6.0639     6.2884       9.95     0.0191  3.100e-01  3.967e-01  1.279e+02    34.2579    34.2508    -0.0071    26.9059    26.9017     17.832     17.854      0.231    1475.95    1475.90  0.000e+00
       2120     18.500     6.4652     6.4624    -0.0028    3.41367    3.41309          1     6.0421     6.2962       9.95     0.0199  2.761e-01  3.532e-01  1.279e+02    34.2588    34.2552    -0.0037    26.9069    26.9044     18.328     18.350      0.316    1475.95    1475.93  0.000e+00
       2165     19.000     6.4650     6.4614    -0.0036    3.41370    3.41320          1     6.1009     6.2800       9.95     0.0233  2.416e-01  3.091e-01  1.279e+02    34.2591    34.2573    -0.0019    26.9072    26.9062     18.823     18.846      0.222    1475.96    1475.94  0.000e+00
       2220     19.500     6.4718     6.4631    -0.0087    3.41479    3.41353          1     6.1122     6.2834       9.96     0.0291  2.175e-01  2.783e-01  1.279e+02    34.2641    34.2589    -0.0052    26.9102    26.9073     19.318     19.342      0.276    1476.00    1475.96  0.000e+00
       2262     20.000     6.5193     6.4638    -0.0553    3.42063    3.41372          1     6.1395     6.2690       9.96     0.0305  1.889e-01  2.417e-01  1.279e+02    34.2812    34.2600    -0.0212    26.9175    26.9080     19.814     19.838      0.243    1476.21    1475.97  0.000e+00
       2322     20.500     6.5572     6.4784    -0.0788    3.42588    3.41545          1     6.1571     6.2717       9.96     0.0314  1.594e-01  2.048e-01  1.285e+02    34.3013    34.2644    -0.0369    26.9283    26.9096     20.309     20.334      0.223    1476.40    1476.04  0.000e+00
       2371     21.000     6.5887     6.4976    -0.0911    3.42975    3.41790          1     6.1387     6.2594       9.95     0.0313  1.368e-01  1.763e-01  1.289e+02    34.3125    34.2721    -0.0404    26.9330    26.9132     20.804     20.830      0.243    1476.54    1476.13  0.000e+00
       2422     21.500     6.5745     6.5189    -0.0556    3.42809    3.42063          1     6.1231     6.2652       9.96     0.0304  1.182e-01  1.537e-01  1.300e+02    34.3080    34.2809    -0.0271    26.9312    26.9172     21.300     21.326      0.271    1476.49    1476.24  0.000e+00
       2459     22.000     6.5837     6.5429    -0.0409    3.42919    3.42351          1     6.1534     6.2466       9.96     0.0305  9.866e-02  1.282e-01  1.300e+02    34.3107    34.2887    -0.0221    26.9322    26.9202     21.795     21.822      0.340    1476.54    1476.35  0.000e+00
       2505     22.500     6.6107     6.5625    -0.0482    3.43277    3.42626          1     6.1602     6.2557       9.96     0.0305  7.645e-02  9.936e-02  1.300e+02    34.3232    34.2992    -0.0240    26.9384    26.9259     22.290     22.318      0.222    1476.66    1476.45  0.000e+00
       2570     23.000     6.7235     6.6147    -0.1087    3.44706    3.43239          1     6.1857     6.2397       9.95     0.0311  6.196e-02  8.054e-02  1.300e+02    34.3683    34.3147    -0.0535    26.9588    26.9312     22.785     22.814      0.272    1477.17    1476.68  0.000e+00
       2613     23.500     6.8013     6.6598    -0.1415    3.45686    3.43774          1     6.1770     6.2163       9.96     0.0315  4.743e-02  6.165e-02  1.300e+02    34.3983    34.3285    -0.0698    26.9720    26.9361     23.281     23.309      0.255    1477.52    1476.88  0.000e+00
       2660     24.000     6.8824     6.6984    -0.1841    3.46834    3.44272          1     6.1611     6.2237       9.96     0.0317  3.057e-02  3.974e-02  1.300e+02    34.4435    34.3448    -0.0987    26.9965    26.9437     23.776     23.805      0.249    1477.90    1477.06  0.000e+00
       2721     24.500     6.9345     6.7437    -0.1908    3.47988    3.44832          1     6.1487     6.2363       9.96     0.0319  1.631e-02  2.119e-02  1.300e+02    34.5182    34.3611    -0.1571    27.0483    26.9505     24.271     24.301      0.225    1478.20    1477.26  0.000e+00
       2766     25.000     6.9204     6.8376    -0.0829    3.47975    3.46196          1     6.1569     6.2469       9.96     0.0320  7.058e-03  9.173e-03  1.300e+02    34.5307    34.4176    -0.1131    27.0601    26.9822     24.767     24.797      0.342    1478.17    1477.71  0.000e+00
       2802     25.500     6.9231     6.8809    -0.0422    3.48009    3.47081          1     6.1395     6.2404       9.95     0.0331 -1.583e-04 -2.057e-04  1.300e+02    34.5315    34.4715    -0.0600    27.0604    27.0188     25.262     25.293      0.269    1478.19    1477.95  0.000e+00
       2861     26.000     6.9296     6.9044    -0.0253    3.48094    3.47566          1     6.1495     6.2561       9.95     0.0331 -9.713e-07 -1.262e-06  1.300e+02    34.5341    34.5012    -0.0329    27.0615    27.0390     25.757     25.789      0.230    1478.23    1478.09  0.000e+00
       2914     26.500     6.9345     6.9156    -0.0189    3.48158    3.47844          1     6.1629     6.2498       9.96     0.0336  7.660e-13  1.000e-12  1.306e+02    34.5360    34.5203    -0.0157    27.0623    27.0526     26.253     26.285      0.212    1478.26    1478.17  0.000e+00
       2964     27.000     6.9350     6.9237    -0.0113    3.48175    3.47986          1     6.1760     6.2477       9.95     0.0342  7.580e-13  1.000e-12  1.319e+02    34.5370    34.5275    -0.0095    27.0630    27.0571     26.748     26.780      0.278    1478.27    1478.21  0.000e+00
       3011     27.500     6.9368     6.9264    -0.0104    3.48215    3.48056          1     6.1476     6.2437       9.95     0.0341  7.580e-13  1.000e-12  1.319e+02    34.5394    34.5324    -0.0070    27.0647    27.0606     27.243     27.276      0.233    1478.29    1478.24  0.000e+00
       3061     28.000     6.9383     6.9269    -0.0114    3.48239    3.48078          1     6.1608     6.2573       9.96     0.0342  7.576e-13  1.000e-12  1.320e+02    34.5403    34.5340    -0.0063    27.0652    27.0618     27.739     27.772      0.262    1478.30    1478.25  0.000e+00
       3108     28.500     6.9392     6.9291    -0.0101    3.48254    3.48124          1     6.1697     6.2569       9.96     0.0341  7.576e-13  1.000e-12  1.320e+02    34.5409    34.5367    -0.0042    27.0655    27.0636     28.234     28.268      0.246    1478.32    1478.27  0.000e+00
       3154     29.000     6.9406     6.9337    -0.0069    3.48275    3.48182          1     6.1396     6.2549       9.96     0.0342  7.576e-13  1.000e-12  1.320e+02    34.5415    34.5382    -0.0033    27.0658    27.0641     28.729     28.764      0.292    1478.33    1478.30  0.000e+00
