ctdpy/exports/archive_20191120_135557/received_data/SBE09_0827_20180121_0608_26_01_0141.cnv
* Sea-Bird SBE 9 Data File:
* FileName = D:\CTD_SBE911\DAT\26DA.2018.1.41.hex
* Software Version Seasave V 7.21d
* Temperature SN = 034757
* Conductivity SN = 041844
* Number of Bytes Per Scan = 48
* Number of Voltage Words = 5
* Number of Scans Averaged by the Deck Unit = 1
* NMEA Latitude = 58 03.31 N
* NMEA Longitude = 009 45.01 E
* NMEA UTC (Time) = Jan 21 2018  06:08:24
* NMEA baud rate = 4800
** Ship: DANA
** Average sound velocity: 1484.92 m/s
** True-depth calculation Thu, 28 Mar 2019 08:24:47 +0000
** CTD Python Module SMHI /ver 3-12/ feb 2012 
** LIMS Job: 20182601-0141
** 30N
** Operator: Ronny Sørensen
** Cruise: 01/2018
# nquan = 26
# nvalues = 517                         
# units = specified
# name 0 = scan: Scan Count
# name 1 = prDM: Pressure, Digiquartz [db]
# name 2 = t090C: Temperature [ITS-90, deg C]
# name 3 = t190C: Temperature, 2 [ITS-90, deg C]
# name 4 = T2-T190C: Temperature Difference, 2 - 1 [ITS-90, deg C]
# name 5 = c0S/m: Conductivity [S/m]
# name 6 = c1S/m: Conductivity, 2 [S/m]
# name 7 = pumps: Pump Status
# name 8 = sbeox1ML/L: Oxygen, SBE 43, 2 [ml/l]
# name 9 = sbeox0ML/L: Oxygen, SBE 43 [ml/l]
# name 10 = altM: Altimeter [m]
# name 11 = chloroflTC0: Chlorophyll, Turner Cyclops [ug/l]
# name 12 = cpar: CPAR/Corrected Irradiance [%]
# name 13 = par: PAR/Irradiance, Biospherical/Lico [µE/(cm^2*s)]
# name 14 = spar: SPAR, Biospherical/Licor
# name 15 = sal00: Salinity, Practical [PSU]
# name 16 = sal11: Salinity, Practical, 2 [PSU]
# name 17 = secS-priS: Salinity, Practical, Difference, 2 - 1 [PSU]
# name 18 = sigma-t00: Density [sigma-t, kg/m^3 ]
# name 19 = sigma-t11: Density, 2 [sigma-t, kg/m^3 ]
# name 20 = depSM: Depth [salt water, m], lat = 58.0552
# name 21 = depFM: Depth [true depth, m], lat = 58.0552
# name 22 = dz/dtM: Descent Rate [m/s], WS = 2
# name 23 = svCM: Sound Velocity [Chen-Millero, m/s]
# name 24 = svCM1: Sound Velocity, 2 [Chen-Millero, m/s]
# name 25 = flag: flag
# span 0 =        307,      17270       
# span 1 =      2.000,    260.000       
# span 2 =     5.2851,     8.8606       
# span 3 =     5.2900,     8.8618       
# span 4 =    -0.5084,     0.1502       
# span 5 =   3.161192,   3.710965       
# span 6 =   3.162578,   3.711258       
# span 7 =          1,          1       
# span 8 =     4.9921,     6.4621       
# span 9 =     5.0736,     6.5640       
# span 10 =       2.58,       9.99      
# span 11 =     0.0151,     0.0295      
# span 12 = 4.9241e-11, 4.9241e-11      
# span 13 = 1.0000e-12, 1.0000e-12      
# span 14 = 2.0308e+00, 2.0308e+00      
# span 15 =    32.5874,    35.1415      
# span 16 =    32.5983,    35.1578      
# span 17 =    -0.3948,     0.0630      
# span 18 =    25.7309,    27.4209      
# span 19 =    25.7390,    27.4313      
# span 20 =      1.981,    257.428      
# span 21 =      1.986,    257.834      
# span 22 =      0.104,      0.642      
# span 23 =    1468.86,    1488.00      
# span 24 =    1468.90,    1488.00      
# span 25 = 0.0000e+00, 0.0000e+00      
# interval = decibars: 0.5              
# start_time = Jan 21 2018 06:08:25 [NMEA time, first data scan]
# bad_flag = -9.990e-29
*END*
[from data line 502]
      16801    253.000     7.9599     7.9549    -0.0050    3.64197    3.64251          1     5.0803     5.1512       9.46     0.0255  4.924e-11  1.000e-12  2.031e+00    35.1403    35.1511     0.0108    27.3902    27.3994    250.501    250.894      0.558    1486.66    1486.65  0.000e+00
      16825    253.500     7.9522     7.9358    -0.0164    3.64121    3.64081          1     5.0867     5.1461       8.98     0.0254  4.924e-11  1.000e-12  2.031e+00    35.1397    35.1519     0.0122    27.3908    27.4028    250.996    251.390      0.460    1486.64    1486.59  0.000e+00
      16854    254.000     7.9380     7.9025    -0.0354    3.63970    3.63796          1     5.0917     5.1404       8.48     0.0261  4.924e-11  1.000e-12  2.031e+00    35.1374    35.1543     0.0169    27.3912    27.4098    251.490    251.886      0.405    1486.59    1486.47  0.000e+00
      16883    254.500     7.9040     7.8726    -0.0314    3.63641    3.63505          1     5.0941     5.1470       8.00     0.0255  4.924e-11  1.000e-12  2.031e+00    35.1360    35.1528     0.0169    27.3951    27.4131    251.985    252.381      0.432    1486.47    1486.37  0.000e+00
      16909    255.000     7.8690     7.8522    -0.0168    3.63291    3.63318          1     5.0964     5.1628       7.51     0.0247  4.924e-11  1.000e-12  2.031e+00    35.1332    35.1530     0.0198    27.3982    27.4163    252.480    252.877      0.485    1486.34    1486.30  0.000e+00
      16933    255.500     7.8399     7.8271    -0.0128    3.63032    3.63103          1     5.1022     5.1692       7.02     0.0244  4.924e-11  1.000e-12  2.031e+00    35.1343    35.1548     0.0205    27.4034    27.4214    252.975    253.373      0.512    1486.24    1486.21  0.000e+00
      16956    256.000     7.7928     7.7762    -0.0166    3.62596    3.62658          1     5.0983     5.1767       6.53     0.0235  4.924e-11  1.000e-12  2.031e+00    35.1344    35.1578     0.0233    27.4105    27.4313    253.469    253.868      0.514    1486.07    1486.03  0.000e+00
      16980    256.500     7.7684     7.7607    -0.0078    3.62384    3.62474          1     5.1085     5.1845       6.04     0.0232  4.924e-11  1.000e-12  2.031e+00    35.1357    35.1533     0.0176    27.4151    27.4301    253.964    254.364      0.513    1485.98    1485.98  0.000e+00
      17004    257.000     7.7529     7.7458    -0.0072    3.62237    3.62303          1     5.1202     5.1837       5.55     0.0229  4.924e-11  1.000e-12  2.031e+00    35.1352    35.1496     0.0144    27.4170    27.4294    254.459    254.860      0.461    1485.93    1485.92  0.000e+00
      17037    257.500     7.7463     7.7435    -0.0028    3.62187    3.62256          1     5.1322     5.1818       5.02     0.0229  4.924e-11  1.000e-12  2.031e+00    35.1363    35.1466     0.0102    27.4189    27.4273    254.954    255.355      0.291    1485.92    1485.92  0.000e+00
      17086    258.000     7.7403     7.7425     0.0022    3.62139    3.62235          1     5.1327     5.1766       4.53     0.0237  4.924e-11  1.000e-12  2.031e+00    35.1369    35.1450     0.0082    27.4202    27.4263    255.448    255.851      0.277    1485.90    1485.92  0.000e+00
      17122    258.500     7.7401     7.7395    -0.0006    3.62140    3.62208          1     5.1371     5.1796       4.07     0.0237  4.924e-11  1.000e-12  2.031e+00    35.1369    35.1448     0.0080    27.4202    27.4266    255.943    256.347      0.335    1485.91    1485.92  0.000e+00
      17164    259.000     7.7403     7.7406     0.0004    3.62148    3.62211          1     5.1420     5.1851       3.55     0.0223  4.924e-11  1.000e-12  2.031e+00    35.1374    35.1438     0.0065    27.4206    27.4256    256.438    256.842      0.241    1485.92    1485.93  0.000e+00
      17220    259.500     7.7404     7.7406     0.0002    3.62153    3.62209          1     5.1205     5.1817       3.07     0.0232  4.924e-11  1.000e-12  2.031e+00    35.1375    35.1434     0.0059    27.4207    27.4253    256.933    257.338      0.218    1485.93    1485.94  0.000e+00
      17270    260.000     7.7390     7.7398     0.0009    3.62142    3.62199          1     5.1442     5.1803       2.58     0.0251  4.924e-11  1.000e-12  2.031e+00    35.1375    35.1429     0.0054    27.4209    27.4250    257.428    257.834      0.104    1485.93    1485.94  0.000e+00
