ctdpy/exports/archive_20191120_135557/received_data/SBE09_0827_20181008_1221_26_01_1046.cnv
* Sea-Bird SBE 9 Data File:
* FileName = D:\CTD_SBE911\DAT\26DA.2018.10.46.hex
* Software Version Seasave V 7.21d
* Temperature SN = 4548
* Conductivity SN = 3062
* Number of Bytes Per Scan = 48
* Number of Voltage Words = 5
* Number of Scans Averaged by the Deck Unit = 1
* NMEA Latitude = 59 16.07 N
* NMEA Longitude = 019 36.65 E
* NMEA UTC (Time) = Oct 08 2018  12:24:26
* NMEA baud rate = 4800
** Ship: DANA
** Average sound velocity: 1445.98 m/s
** True-depth calculation Thu, 28 Mar 2019 12:21:46 +0000
** CTD Python Module SMHI /ver 3-12/ feb 2012 
** LIMS Job: 20182601-1046
** Operator: Christian
** Cruise: 10/2018
# nquan = 26
# nvalues = 103                         
# units = specified
# name 0 = scan: Scan Count
# name 1 = prDM: Pressure, Digiquartz [db]
# name 2 = t090C: Temperature [ITS-90, deg C]
# name 3 = t190C: Temperature, 2 [ITS-90, deg C]
# name 4 = T2-T190C: Temperature Difference, 2 - 1 [ITS-90, deg C]
# name 5 = c0S/m: Conductivity [S/m]
# name 6 = c1S/m: Conductivity, 2 [S/m]
# name 7 = pumps: Pump Status
# name 8 = sbeox1ML/L: Oxygen, SBE 43, 2 [ml/l]
# name 9 = sbeox0ML/L: Oxygen, SBE 43 [ml/l]
# name 10 = altM: Altimeter [m]
# name 11 = chloroflTC0: Chlorophyll, Turner Cyclops [ug/l]
# name 12 = cpar: CPAR/Corrected Irradiance [%]
# name 13 = par: PAR/Irradiance, Biospherical/Lico [µE/(cm^2*s)]
# name 14 = spar: SPAR, Biospherical/Licor
# name 15 = sal00: Salinity, Practical [PSU]
# name 16 = sal11: Salinity, Practical, 2 [PSU]
# name 17 = secS-priS: Salinity, Practical, Difference, 2 - 1 [PSU]
# name 18 = sigma-t00: Density [sigma-t, kg/m^3 ]
# name 19 = sigma-t11: Density, 2 [sigma-t, kg/m^3 ]
# name 20 = depSM: Depth [salt water, m], lat = 59.2678
# name 21 = depFM: Depth [true depth, m], lat = 59.2678
# name 22 = dz/dtM: Descent Rate [m/s], WS = 2
# name 23 = svCM: Sound Velocity [Chen-Millero, m/s]
# name 24 = svCM1: Sound Velocity, 2 [Chen-Millero, m/s]
# name 25 = flag: flag
# span 0 =         78,       5341       
# span 1 =      2.000,     53.000       
# span 2 =     3.8314,    11.0618       
# span 3 =     3.8462,    11.0575       
# span 4 =    -0.0994,     0.4497       
# span 5 =   0.771508,   0.851890       
# span 6 =   0.772045,   0.851359       
# span 7 =          1,          1       
# span 8 =     4.1836,     7.3443       
# span 9 =     4.0208,     7.0243       
# span 10 =       3.07,      10.00      
# span 11 =     0.0157,     0.0367      
# span 12 = -1.198e-04, 6.5676e+00      
# span 13 = -1.089e-03, 4.8830e+01      
# span 14 = 7.4278e+02, 1.0697e+03      
# span 15 =     6.3820,     8.1363      
# span 16 =     6.3823,     8.1311      
# span 17 =    -0.1955,     0.0129      
# span 18 =     4.5695,     6.4686      
# span 19 =     4.5702,     6.4645      
# span 20 =      1.981,     52.497      
# span 21 =      2.028,     53.697      
# span 22 =     -0.243,      0.883      
# span 23 =    1431.85,    1459.47      
# span 24 =    1431.93,    1459.47      
# span 25 = 0.0000e+00, 0.0000e+00      
# interval = decibars: 0.5              
# start_time = Oct 08 2018 12:24:26 [NMEA time, first data scan]
# bad_flag = -9.990e-29
*END*
[from data line 56]
       2865     30.000     6.6808     6.7427     0.0617    0.79600    0.79671          1     7.2768     6.9074       9.97     0.0207  1.032e-13  1.000e-12  9.687e+02     6.9774     6.9715    -0.0059     5.4317     5.4232     29.717     30.412      0.410    1442.88    1443.14  0.000e+00
       2897     30.500     6.6488     6.7278     0.0791    0.79588    0.79680          1     7.2476     6.8901       9.97     0.0202  1.034e-13  1.000e-12  9.674e+02     6.9827     6.9753    -0.0074     5.4379     5.4271     30.212     30.918      0.309    1442.76    1443.08  0.000e+00
       3010     31.000     6.4852     6.5418     0.0569    0.79510    0.79562          1     7.1104     6.9742       9.97     0.0198  1.076e-13  1.000e-12  9.295e+02     7.0087     7.0021    -0.0067     5.4683     5.4596     30.707     31.425      0.405    1442.11    1442.34  0.000e+00
       3040     31.500     6.1036     6.4554     0.3504    0.79380    0.79517          1     6.9487     6.9065       9.97     0.0205  1.078e-13  1.000e-12  9.280e+02     7.0753     7.0154    -0.0599     5.5422     5.4753     31.203     31.931      0.573    1440.57    1442.00  0.000e+00
       3063     32.000     5.6640     6.0220     0.3591    0.79205    0.79406          1     6.7991     6.7948       9.97     0.0205  1.099e-13  1.000e-12  9.101e+02     7.1508     7.0948    -0.0559     5.6244     5.5620     31.698     32.438      0.415    1438.78    1440.25  0.000e+00
       3142     32.500     5.2900     5.5301     0.2396    0.78848    0.79119          1     6.8157     6.5827       9.97     0.0189  1.104e-13  1.000e-12  9.060e+02     7.1957     7.1709    -0.0248     5.6771     5.6465     32.193     32.944      0.275    1437.22    1438.23  0.000e+00
       3183     33.000     5.1666     5.2834     0.1169    0.78681    0.78891          1     6.8387     6.5694       9.97     0.0185  1.087e-13  1.000e-12  9.199e+02     7.2058     7.2013    -0.0045     5.6903     5.6818     32.688     33.451      0.391    1436.70    1437.21  0.000e+00
       3213     33.500     5.0357     5.2186     0.1828    0.78503    0.78815          1     6.8815     6.5753       9.97     0.0183  1.083e-13  1.000e-12  9.237e+02     7.2165     7.2078    -0.0088     5.7041     5.6897     33.183     33.957      0.404    1436.15    1436.94  0.000e+00
       3243     34.000     4.9327     5.1622     0.2299    0.78402    0.78761          1     6.9154     6.5599       9.97     0.0183  1.089e-13  1.000e-12  9.184e+02     7.2289     7.2145    -0.0144     5.7178     5.6974     33.679     34.463      0.399    1435.72    1436.71  0.000e+00
       3293     34.500     4.7300     5.0075     0.2770    0.78201    0.78581          1     6.9370     6.5458       9.97     0.0177  1.103e-13  1.000e-12  9.068e+02     7.2531     7.2303    -0.0227     5.7443     5.7159     34.174     34.970      0.294    1434.86    1436.06  0.000e+00
       3411     35.000     4.6254     4.6680     0.0426    0.78131    0.78214          1     6.9427     6.6051       9.97     0.0171  1.128e-13  1.000e-12  8.866e+02     7.2689     7.2679    -0.0010     5.7605     5.7583     34.669     35.476      0.348    1434.43    1434.62  0.000e+00
       3442     35.500     4.5173     4.6549     0.1376    0.77909    0.78199          1     6.9838     6.6361       9.97     0.0173  1.129e-13  1.000e-12  8.854e+02     7.2704     7.2692    -0.0013     5.7652     5.7597     35.164     35.983      0.367    1433.96    1434.57  0.000e+00
       3475     36.000     4.4020     4.5722     0.1702    0.77674    0.78062          1     7.0258     6.6312       9.97     0.0171  1.129e-13  1.000e-12  8.855e+02     7.2722     7.2736     0.0014     5.7702     5.7660     35.660     36.489      0.368    1433.46    1434.21  0.000e+00
       3507     36.500     4.2150     4.4301     0.2152    0.77254    0.77760          1     7.1042     6.6487       9.97     0.0171  1.127e-13  1.000e-12  8.874e+02     7.2711     7.2746     0.0035     5.7747     5.7713     36.155     36.995      0.341    1432.63    1433.59  0.000e+00
       3610     37.000     4.1222     4.1621     0.0395    0.77151    0.77220          1     7.1656     6.7428       9.97     0.0171  1.091e-13  1.000e-12  9.168e+02     7.2812     7.2794    -0.0018     5.7852     5.7827     36.650     37.502      0.255    1432.23    1432.41  0.000e+00
       3655     37.500     4.0475     4.1097     0.0623    0.77340    0.77204          1     7.0998     6.7527       9.97     0.0171  1.081e-13  1.000e-12  9.253e+02     7.3170     7.2894    -0.0276     5.8156     5.7921     37.145     38.008      0.360    1431.95    1432.19  0.000e+00
       3709     38.000     4.0977     4.1002     0.0025    0.77620    0.77387          1     6.9783     6.6772       9.97     0.0171  1.094e-13  1.000e-12  9.139e+02     7.3342     7.3100    -0.0242     5.8280     5.8087     37.640     38.514      0.241    1432.21    1432.18  0.000e+00
       3822     38.500     4.1712     4.1357    -0.0357    0.78040    0.77819          1     6.8605     6.5111       9.97     0.0171  1.117e-13  1.000e-12  8.950e+02     7.3602     7.3458    -0.0144     5.8467     5.8362     38.136     39.021      0.419    1432.58    1432.40  0.000e+00
       3837     39.000     4.2512     4.1515    -0.0994    0.78440    0.77899          1     6.7477     6.5102       9.97     0.0170  1.124e-13  1.000e-12  8.897e+02     7.3827     7.3503    -0.0324     5.8623     5.8393     38.631     39.527      0.715    1432.97    1432.48  0.000e+00
       3851     39.500     4.3299     4.2356    -0.0944    0.78872    0.78295          1     6.5778     6.4773       9.97     0.0171  1.131e-13  1.000e-12  8.844e+02     7.4085     7.3715    -0.0371     5.8806     5.8539     39.126     40.033      0.765    1433.36    1432.89  0.000e+00
       3874     40.000     4.3947     4.3422    -0.0526    0.79718    0.78960          1     6.3164     6.3883       9.97     0.0171  1.141e-13  1.000e-12  8.761e+02     7.4792     7.4145    -0.0646     5.9347     5.8850     39.621     40.539      0.517    1433.75    1433.43  0.000e+00
       4022     40.500     4.0725     4.2951     0.2220    0.81196    0.79780          1     5.7643     6.1397       9.97     0.0171  1.160e-13  1.000e-12  8.620e+02     7.7037     7.5082    -0.1955     6.1220     5.9606     40.117     41.046      0.523    1432.60    1433.35  0.000e+00
       4124     41.000     3.9060     4.0392     0.1326    0.81709    0.81134          1     5.2733     5.3691       9.97     0.0170  1.129e-13  1.000e-12  8.862e+02     7.7952     7.7052    -0.0899     6.1990     6.1241     40.612     41.552      0.314    1431.98    1432.47  0.000e+00
       4181     41.500     3.8980     3.9247     0.0266    0.82084    0.81736          1     5.1773     5.0753       9.97     0.0168  1.100e-13  1.000e-12  9.094e+02     7.8355     7.7935    -0.0420     6.2313     6.1972     41.107     42.058      0.478    1432.01    1432.07  0.000e+00
       4207     42.000     3.8786     3.9169     0.0383    0.82377    0.81890          1     5.0764     5.0291       9.97     0.0165  1.097e-13  1.000e-12  9.116e+02     7.8701     7.8110    -0.0591     6.2593     6.2114     41.602     42.564      0.419    1431.97    1432.07  0.000e+00
       4289     42.500     3.8617     3.8822     0.0205    0.82591    0.82377          1     4.9935     4.8863       9.97     0.0163  1.099e-13  1.000e-12  9.098e+02     7.8962     7.8692    -0.0269     6.2804     6.2585     42.097     43.070      0.395    1431.94    1431.99  0.000e+00
       4383     43.000     3.8565     3.8722     0.0158    0.82669    0.82546          1     4.9805     4.7803       9.97     0.0163  1.087e-13  1.000e-12  9.200e+02     7.9054     7.8890    -0.0164     6.2879     6.2744     42.593     43.576      0.771    1431.93    1431.98  0.000e+00
       4399     43.500     3.8314     3.8587     0.0271    0.82793    0.82636          1     4.9306     4.7583       9.97     0.0163  1.087e-13  1.000e-12  9.200e+02     7.9241     7.9014    -0.0228     6.3034     6.2846     43.088     44.082      0.754    1431.85    1431.95  0.000e+00
       4416     44.000     3.8401     3.8462     0.0061    0.83112    0.82836          1     4.8592     4.7170       9.97     0.0160  1.090e-13  1.000e-12  9.171e+02     7.9548     7.9249    -0.0298     6.3275     6.3037     43.583     44.588      0.565    1431.94    1431.93  0.000e+00
       4502     44.500     3.8450     3.8472     0.0022    0.83156    0.83049          1     4.7997     4.5936       9.97     0.0164  1.068e-13  1.000e-12  9.367e+02     7.9580     7.9465    -0.0115     6.3300     6.3208     44.078     45.094      0.419    1431.97    1431.97  0.000e+00
       4550     45.000     3.8440     3.8472     0.0031    0.83270    0.83101          1     4.7844     4.5498       9.97     0.0166  1.050e-13  1.000e-12  9.520e+02     7.9700     7.9518    -0.0182     6.3395     6.3250     44.573     45.600      0.561    1431.99    1431.98  0.000e+00
       4582     45.500     3.8486     3.8479    -0.0007    0.83351    0.83210          1     4.7529     4.5261       9.97     0.0162  1.059e-13  1.000e-12  9.447e+02     7.9771     7.9627    -0.0144     6.3450     6.3337     45.069     46.107      0.351    1432.03    1432.01  0.000e+00
       4697     46.000     3.8495     3.8511     0.0016    0.83365    0.83352          1     4.7281     4.4477       9.97     0.0161  1.070e-13  1.000e-12  9.351e+02     7.9782     7.9765    -0.0017     6.3459     6.3445     45.564     46.613      0.408    1432.04    1432.05  0.000e+00
       4711     46.500     3.8544     3.8522    -0.0022    0.83461    0.83371          1     4.7022     4.4496       9.97     0.0164  1.033e-13  1.000e-12  9.684e+02     7.9868     7.9781    -0.0087     6.3526     6.3457     46.059     47.119      0.679    1432.08    1432.06  0.000e+00
       4727     47.000     3.8688     3.8578    -0.0110    0.83674    0.83459          1     4.6623     4.4471       9.97     0.0160  1.028e-13  1.000e-12  9.727e+02     8.0051     7.9857    -0.0194     6.3668     6.3517     46.554     47.625      0.791    1432.18    1432.11  0.000e+00
       4741     47.500     3.8772     3.8653    -0.0119    0.83848    0.83576          1     4.6082     4.4333       9.79     0.0160  1.024e-13  1.000e-12  9.760e+02     8.0209     7.9959    -0.0250     6.3792     6.3596     47.050     48.131      0.789    1432.25    1432.16  0.000e+00
       4757     48.000     3.8928     3.8777    -0.0151    0.84136    0.83796          1     4.5324     4.4064       9.24     0.0160  1.022e-13  1.000e-12  9.782e+02     8.0466     8.0154    -0.0312     6.3992     6.3747     47.545     48.637      0.684    1432.36    1432.25  0.000e+00
       4778     48.500     3.9120     3.8952    -0.0168    0.84397    0.84076          1     4.4480     4.3481       8.63     0.0167  1.021e-13  1.000e-12  9.790e+02     8.0686     8.0397    -0.0289     6.4162     6.3937     48.040     49.143      0.469    1432.48    1432.37  0.000e+00
       4881     49.000     3.9132     3.9088    -0.0044    0.84422    0.84317          1     4.4109     4.1915       8.01     0.0160  9.890e-14  1.000e-12  1.012e+03     8.0708     8.0611    -0.0097     6.4179     6.4103     48.535     49.649      0.421    1432.50    1432.46  0.000e+00
       4936     49.500     3.9165     3.9138    -0.0028    0.84467    0.84396          1     4.4098     4.1533       7.60     0.0160  9.687e-14  1.000e-12  1.032e+03     8.0745     8.0680    -0.0066     6.4208     6.4156     49.030     50.155      0.658    1432.52    1432.50  0.000e+00
       4954     50.000     3.9193     3.9163    -0.0030    0.84503    0.84432          1     4.3980     4.1523       6.96     0.0159  9.657e-14  1.000e-12  1.036e+03     8.0775     8.0710    -0.0065     6.4231     6.4180     49.525     50.661      0.583    1432.55    1432.53  0.000e+00
       4981     50.500     3.9251     3.9204    -0.0047    0.84594    0.84494          1     4.3681     4.1486       6.26     0.0160  9.733e-14  1.000e-12  1.027e+03     8.0853     8.0763    -0.0090     6.4291     6.4221     50.021     51.167      0.299    1432.59    1432.56  0.000e+00
       5076     51.000     3.9209     3.9320     0.0111    0.84525    0.84677          1     4.3699     4.0910       5.53     0.0161  9.551e-14  1.000e-12  1.047e+03     8.0792     8.0921     0.0129     6.4244     6.4343     50.516     51.673      0.310    1432.57    1432.64  0.000e+00
       5103     51.500     3.9265     3.9264    -0.0001    0.84609    0.84584          1     4.3618     4.0839       5.04     0.0161  9.404e-14  1.000e-12  1.063e+03     8.0864     8.0839    -0.0025     6.4300     6.4280     51.011     52.179      0.465    1432.62    1432.61  0.000e+00
       5128     52.000     3.9349     3.9274    -0.0074    0.84743    0.84601          1     4.3247     4.0894       4.47     0.0161  9.348e-14  1.000e-12  1.070e+03     8.0980     8.0853    -0.0127     6.4390     6.4290     51.506     52.685      0.480    1432.68    1432.63  0.000e+00
       5153     52.500     3.9580     3.9328    -0.0252    0.85085    0.84677          1     4.2577     4.0907       3.93     0.0165  9.372e-14  1.000e-12  1.067e+03     8.1273     8.0917    -0.0356     6.4617     6.4340     52.001     53.191      0.418    1432.83    1432.67  0.000e+00
       5341     53.000     3.9646     3.9638    -0.0010    0.85189    0.85136          1     4.1836     4.0208       3.07     0.0157  9.395e-14  1.000e-12  1.064e+03     8.1363     8.1311    -0.0052     6.4686     6.4645     52.497     53.697     -0.243    1432.88    1432.86  0.000e+00
