ctdpy/exports/archive_20191120_135557/received_data/SBE09_0827_20180304_1521_26_01_0364.cnv
* Sea-Bird SBE 9 Data File:
* FileName = D:\CTD_SBE911\DAT\26DA.2018.3.64.hex
* Software Version Seasave V 7.21d
* Temperature SN = 034757
* Conductivity SN = 041844
* Number of Bytes Per Scan = 48
* Number of Voltage Words = 5
* Number of Scans Averaged by the Deck Unit = 1
* NMEA Latitude = 55 41.77 N
* NMEA Longitude = 014 24.99 E
* NMEA UTC (Time) = Mar 04 2018  15:22:02
* NMEA baud rate = 4800
** Ship: DANA
** Average sound velocity: 1423.15 m/s
** True-depth calculation Tue, 02 Apr 2019 12:10:54 +0000
** CTD Python Module SMHI /ver 3-12/ feb 2012 
** LIMS Job: 20182601-0364
** Operator:
** Cruise: 02/2018
# nquan = 26
# nvalues = 77                          
# units = specified
# name 0 = scan: Scan Count
# name 1 = prDM: Pressure, Digiquartz [db]
# name 2 = t090C: Temperature [ITS-90, deg C]
# name 3 = t190C: Temperature, 2 [ITS-90, deg C]
# name 4 = T2-T190C: Temperature Difference, 2 - 1 [ITS-90, deg C]
# name 5 = c0S/m: Conductivity [S/m]
# name 6 = c1S/m: Conductivity, 2 [S/m]
# name 7 = pumps: Pump Status
# name 8 = sbeox1ML/L: Oxygen, SBE 43, 2 [ml/l]
# name 9 = sbeox0ML/L: Oxygen, SBE 43 [ml/l]
# name 10 = altM: Altimeter [m]
# name 11 = chloroflTC0: Chlorophyll, Turner Cyclops [ug/l]
# name 12 = cpar: CPAR/Corrected Irradiance [%]
# name 13 = par: PAR/Irradiance, Biospherical/Lico [µE/(cm^2*s)]
# name 14 = spar: SPAR, Biospherical/Licor
# name 15 = sal00: Salinity, Practical [PSU]
# name 16 = sal11: Salinity, Practical, 2 [PSU]
# name 17 = secS-priS: Salinity, Practical, Difference, 2 - 1 [PSU]
# name 18 = sigma-t00: Density [sigma-t, kg/m^3 ]
# name 19 = sigma-t11: Density, 2 [sigma-t, kg/m^3 ]
# name 20 = depSM: Depth [salt water, m], lat = 55.6962
# name 21 = depFM: Depth [true depth, m], lat = 55.6962
# name 22 = dz/dtM: Descent Rate [m/s], WS = 2
# name 23 = svCM: Sound Velocity [Chen-Millero, m/s]
# name 24 = svCM1: Sound Velocity, 2 [Chen-Millero, m/s]
# name 25 = flag: flag
# span 0 =        164,       4030       
# span 1 =      1.000,     39.000       
# span 2 =     2.1831,     2.2368       
# span 3 =     2.1825,     2.2329       
# span 4 =    -0.0059,     0.0001       
# span 5 =   0.730305,   0.733792       
# span 6 =   0.729685,   0.733081       
# span 7 =          1,          1       
# span 8 =     8.7169,     8.7440       
# span 9 =     8.7272,     8.7792       
# span 10 =       0.94,       9.99      
# span 11 =     0.0154,     0.0405      
# span 12 = 1.7273e-13, 5.8999e+00      
# span 13 = 1.0000e-12, 1.9410e+01      
# span 14 = 3.2900e+02, 5.7917e+02      
# span 15 =     7.2953,     7.3155      
# span 16 =     7.2890,     7.3088      
# span 17 =    -0.0092,    -0.0054      
# span 18 =     5.8181,     5.8345      
# span 19 =     5.8131,     5.8291      
# span 20 =      0.991,     38.642      
# span 21 =      1.013,     39.493      
# span 22 =     -0.067,      0.349      
# span 23 =    1422.78,    1423.65      
# span 24 =    1422.78,    1423.62      
# span 25 = 0.0000e+00, 0.0000e+00      
# interval = decibars: 0.5              
# start_time = Mar 04 2018 15:22:02 [NMEA time, first data scan]
# bad_flag = -9.990e-29
*END*
        164      1.000     2.1867     2.1852    -0.0011    0.73033    0.72979          1     8.7169     8.7790       9.99     0.0154  5.900e+00  1.941e+01  3.290e+02     7.2953     7.2899    -0.0054     5.8181     5.8138      0.991      1.013      0.125    1422.78    1422.78  0.000e+00
        210      1.500     2.1861     2.1852    -0.0009    0.73032    0.72971          1     8.7188     8.7792       9.99     0.0165  5.360e+00  1.764e+01  3.290e+02     7.2953     7.2890    -0.0063     5.8181     5.8131      1.486      1.519      0.232    1422.80    1422.78  0.000e+00
        274      2.000     2.1850     2.1833    -0.0017    0.73030    0.72969          1     8.7209     8.7763       9.99     0.0164  4.435e+00  1.459e+01  3.290e+02     7.2953     7.2890    -0.0062     5.8181     5.8131      1.982      2.025      0.349    1422.80    1422.78  0.000e+00
        303      2.500     2.1858     2.1847    -0.0011    0.73033    0.72972          1     8.7321     8.7703       9.98     0.0165  3.916e+00  1.288e+01  3.290e+02     7.2953     7.2891    -0.0063     5.8182     5.8131      2.477      2.532      0.301    1422.81    1422.80  0.000e+00
        360      3.000     2.1857     2.1843    -0.0014    0.73033    0.72972          1     8.7299     8.7590       9.98     0.0162  3.221e+00  1.060e+01  3.290e+02     7.2953     7.2890    -0.0062     5.8181     5.8131      2.973      3.038      0.286    1422.82    1422.80  0.000e+00
        399      3.500     2.1859     2.1848    -0.0010    0.73034    0.72974          1     8.7290     8.7680       9.97     0.0168  2.778e+00  9.139e+00  3.290e+02     7.2953     7.2890    -0.0063     5.8181     5.8131      3.468      3.544      0.257    1422.83    1422.81  0.000e+00
        451      4.000     2.1860     2.1850    -0.0010    0.73036    0.72975          1     8.7288     8.7652       9.97     0.0166  2.305e+00  7.583e+00  3.290e+02     7.2954     7.2891    -0.0063     5.8182     5.8132      3.964      4.051      0.274    1422.84    1422.82  0.000e+00
        493      4.500     2.1850     2.1848    -0.0002    0.73039    0.72977          1     8.7346     8.7682       9.97     0.0168  1.968e+00  6.476e+00  3.290e+02     7.2958     7.2892    -0.0066     5.8186     5.8133      4.459      4.557      0.240    1422.84    1422.83  0.000e+00
        547      5.000     2.1842     2.1841    -0.0001    0.73039    0.72979          1     8.7341     8.7592       9.96     0.0160  1.644e+00  5.408e+00  3.290e+02     7.2959     7.2895    -0.0064     5.8186     5.8135      4.955      5.063      0.266    1422.84    1422.83  0.000e+00
        595      5.500     2.1846     2.1836    -0.0010    0.73038    0.72980          1     8.7365     8.7557       9.96     0.0166  1.441e+00  4.740e+00  3.290e+02     7.2957     7.2897    -0.0060     5.8184     5.8137      5.450      5.570      0.217    1422.85    1422.84  0.000e+00
        650      6.000     2.1848     2.1836    -0.0012    0.73038    0.72979          1     8.7437     8.7661       9.96     0.0158  1.252e+00  4.118e+00  3.290e+02     7.2956     7.2895    -0.0061     5.8183     5.8135      5.945      6.076      0.245    1422.86    1422.85  0.000e+00
        697      6.500     2.1855     2.1840    -0.0016    0.73038    0.72978          1     8.7319     8.7637       9.96     0.0165  1.092e+00  3.592e+00  3.290e+02     7.2954     7.2893    -0.0061     5.8182     5.8133      6.441      6.582      0.247    1422.87    1422.86  0.000e+00
        748      7.000     2.1852     2.1843    -0.0009    0.73040    0.72979          1     8.7290     8.7580       9.96     0.0166  9.570e-01  3.149e+00  3.290e+02     7.2955     7.2892    -0.0063     5.8183     5.8133      6.936      7.089      0.226    1422.88    1422.87  0.000e+00
        801      7.500     2.1851     2.1844    -0.0007    0.73041    0.72980          1     8.7363     8.7587       9.95     0.0159  8.389e-01  2.760e+00  3.290e+02     7.2956     7.2893    -0.0063     5.8184     5.8133      7.432      7.595      0.230    1422.89    1422.88  0.000e+00
        853      8.000     2.1848     2.1840    -0.0008    0.73042    0.72982          1     8.7311     8.7641       9.95     0.0163  7.222e-01  2.376e+00  3.290e+02     7.2957     7.2895    -0.0063     5.8185     5.8134      7.927      8.101      0.229    1422.89    1422.88  0.000e+00
        907      8.500     2.1854     2.1842    -0.0013    0.73040    0.72982          1     8.7212     8.7634       9.95     0.0169  6.240e-01  2.061e+00  3.304e+02     7.2953     7.2893    -0.0059     5.8181     5.8134      8.423      8.607      0.230    1422.90    1422.89  0.000e+00
        956      9.000     2.1854     2.1845    -0.0009    0.73041    0.72981          1     8.7275     8.7705       9.95     0.0162  5.351e-01  1.771e+00  3.310e+02     7.2953     7.2892    -0.0062     5.8181     5.8132      8.918      9.114      0.246    1422.91    1422.90  0.000e+00
       1005      9.500     2.1847     2.1844    -0.0004    0.73040    0.72981          1     8.7337     8.7689       9.95     0.0161  4.706e-01  1.558e+00  3.310e+02     7.2953     7.2890    -0.0063     5.8182     5.8131      9.414      9.620      0.245    1422.92    1422.91  0.000e+00
       1054     10.000     2.1846     2.1837    -0.0009    0.73042    0.72981          1     8.7325     8.7608       9.95     0.0160  4.127e-01  1.366e+00  3.310e+02     7.2955     7.2892    -0.0063     5.8183     5.8132      9.909     10.126      0.241    1422.92    1422.91  0.000e+00
       1105     10.500     2.1841     2.1835    -0.0006    0.73048    0.72984          1     8.7438     8.7680       9.95     0.0162  3.606e-01  1.188e+00  3.294e+02     7.2962     7.2895    -0.0067     5.8188     5.8135     10.404     10.633      0.232    1422.93    1422.92  0.000e+00
       1159     11.000     2.1834     2.1831    -0.0004    0.73055    0.72988          1     8.7334     8.7570       9.95     0.0168  3.149e-01  1.036e+00  3.291e+02     7.2970     7.2899    -0.0071     5.8195     5.8138     10.900     11.139      0.217    1422.94    1422.93  0.000e+00
       1213     11.500     2.1831     2.1825    -0.0006    0.73060    0.72994          1     8.7219     8.7601       9.95     0.0189  2.727e-01  9.023e-01  3.309e+02     7.2976     7.2906    -0.0070     5.8200     5.8144     11.395     11.645      0.241    1422.94    1422.93  0.000e+00
       1260     12.000     2.1847     2.1830    -0.0017    0.73055    0.72999          1     8.7322     8.7681       9.95     0.0246  2.355e-01  7.794e-01  3.310e+02     7.2966     7.2909    -0.0057     5.8192     5.8146     11.891     12.152      0.246    1422.96    1422.94  0.000e+00
       1313     12.500     2.1851     2.1839    -0.0012    0.73050    0.72994          1     8.7252     8.7727       9.95     0.0260  2.002e-01  6.627e-01  3.310e+02     7.2960     7.2901    -0.0058     5.8187     5.8140     12.386     12.658      0.225    1422.97    1422.95  0.000e+00
       1362     13.000     2.1848     2.1841    -0.0006    0.73052    0.72992          1     8.7279     8.7708       9.95     0.0272  1.675e-01  5.544e-01  3.311e+02     7.2961     7.2899    -0.0063     5.8188     5.8138     12.882     13.164      0.247    1422.97    1422.96  0.000e+00
       1416     13.500     2.1848     2.1840    -0.0008    0.73054    0.72993          1     8.7309     8.7785       9.95     0.0405  1.443e-01  4.808e-01  3.333e+02     7.2962     7.2898    -0.0063     5.8188     5.8137     13.377     13.671      0.210    1422.98    1422.97  0.000e+00
       1470     14.000     2.1847     2.1839    -0.0008    0.73055    0.72994          1     8.7440     8.7781       9.95     0.0302  1.224e-01  4.111e-01  3.361e+02     7.2963     7.2900    -0.0063     5.8189     5.8139     13.872     14.177      0.227    1422.99    1422.98  0.000e+00
       1526     14.500     2.1847     2.1839    -0.0009    0.73054    0.72996          1     8.7383     8.7669       9.95     0.0292  1.022e-01  3.466e-01  3.392e+02     7.2961     7.2901    -0.0060     5.8188     5.8139     14.368     14.683      0.222    1422.99    1422.98  0.000e+00
       1576     15.000     2.1848     2.1840    -0.0008    0.73053    0.72993          1     8.7359     8.7622       9.95     0.0312  8.498e-02  2.899e-01  3.412e+02     7.2960     7.2896    -0.0063     5.8187     5.8136     14.863     15.190      0.244    1423.00    1422.99  0.000e+00
       1626     15.500     2.1846     2.1839    -0.0007    0.73054    0.72994          1     8.7360     8.7647       9.95     0.0303  6.997e-02  2.407e-01  3.442e+02     7.2961     7.2897    -0.0064     5.8187     5.8136     15.359     15.696      0.235    1423.01    1423.00  0.000e+00
       1678     16.000     2.1849     2.1839    -0.0011    0.73056    0.72994          1     8.7342     8.7707       9.95     0.0292  5.450e-02  1.977e-01  3.637e+02     7.2960     7.2897    -0.0064     5.8187     5.8136     15.854     16.202      0.237    1423.02    1423.01  0.000e+00
       1728     16.500     2.1848     2.1840    -0.0008    0.73056    0.72995          1     8.7271     8.7785       9.95     0.0293  3.774e-02  1.570e-01  4.194e+02     7.2960     7.2897    -0.0063     5.8187     5.8136     16.350     16.709      0.223    1423.03    1423.02  0.000e+00
       1784     17.000     2.1849     2.1841    -0.0007    0.73057    0.72996          1     8.7295     8.7727       9.95     0.0291  2.491e-02  1.228e-01  4.940e+02     7.2960     7.2897    -0.0064     5.8187     5.8136     16.845     17.215      0.227    1423.03    1423.02  0.000e+00
       1835     17.500     2.1846     2.1841    -0.0005    0.73055    0.72996          1     8.7341     8.7791       9.95     0.0310  1.731e-02  9.135e-02  5.286e+02     7.2958     7.2896    -0.0062     5.8185     5.8136     17.340     17.721      0.233    1423.04    1423.03  0.000e+00
       1886     18.000     2.1846     2.1840    -0.0006    0.73057    0.72996          1     8.7310     8.7678       9.95     0.0332  1.152e-02  6.060e-02  5.254e+02     7.2959     7.2896    -0.0064     5.8186     5.8135     17.836     18.228      0.244    1423.05    1423.04  0.000e+00
       1932     18.500     2.1847     2.1840    -0.0007    0.73058    0.72996          1     8.7362     8.7574       9.95     0.0327  6.712e-03  3.407e-02  5.060e+02     7.2960     7.2896    -0.0064     5.8187     5.8135     18.331     18.734      0.261    1423.06    1423.05  0.000e+00
       1980     19.000     2.1848     2.1840    -0.0008    0.73060    0.72998          1     8.7373     8.7620       9.95     0.0326  1.709e-03  8.338e-03  4.833e+02     7.2961     7.2896    -0.0065     5.8188     5.8136     18.827     19.240      0.247    1423.07    1423.05  0.000e+00
       2030     19.500     2.1856     2.1843    -0.0013    0.73073    0.73002          1     8.7392     8.7648       9.95     0.0329  6.639e-07  3.242e-06  4.600e+02     7.2973     7.2900    -0.0073     5.8197     5.8139     19.322     19.747      0.232    1423.08    1423.06  0.000e+00
       2081     20.000     2.1910     2.1867    -0.0044    0.73117    0.73022          1     8.7356     8.7642       9.95     0.0308  2.368e-13  1.041e-12  4.384e+02     7.3006     7.2915    -0.0092     5.8224     5.8151     19.818     20.253      0.244    1423.12    1423.08  0.000e+00
       2130     20.500     2.1921     2.1905    -0.0016    0.73123    0.73055          1     8.7377     8.7544       9.95     0.0321  2.378e-13  1.000e-12  4.206e+02     7.3009     7.2940    -0.0069     5.8227     5.8171     20.313     20.759      0.248    1423.13    1423.11  0.000e+00
       2178     21.000     2.1915     2.1909    -0.0007    0.73119    0.73059          1     8.7203     8.7557       9.95     0.0311  2.436e-13  1.000e-12  4.106e+02     7.3006     7.2943    -0.0063     5.8224     5.8174     20.808     21.266      0.244    1423.13    1423.12  0.000e+00
       2226     21.500     2.1924     2.1913    -0.0011    0.73125    0.73062          1     8.7262     8.7317       9.95     0.0296  2.475e-13  1.000e-12  4.041e+02     7.3010     7.2944    -0.0066     5.8227     5.8175     21.304     21.772      0.265    1423.15    1423.13  0.000e+00
       2272     22.000     2.1927     2.1916    -0.0010    0.73127    0.73065          1     8.7335     8.7382       9.95     0.0300  2.495e-13  1.000e-12  4.008e+02     7.3010     7.2946    -0.0064     5.8227     5.8176     21.799     22.278      0.242    1423.16    1423.14  0.000e+00
       2322     22.500     2.1932     2.1920    -0.0012    0.73130    0.73067          1     8.7317     8.7419       9.95     0.0293  2.472e-13  1.000e-12  4.046e+02     7.3012     7.2948    -0.0064     5.8229     5.8177     22.295     22.785      0.258    1423.17    1423.15  0.000e+00
       2369     23.000     2.1947     2.1925    -0.0022    0.73140    0.73070          1     8.7258     8.7534       9.95     0.0291  2.395e-13  1.000e-12  4.177e+02     7.3018     7.2949    -0.0069     5.8234     5.8178     22.790     23.291      0.235    1423.18    1423.16  0.000e+00
       2420     23.500     2.1990     2.1955    -0.0034    0.73162    0.73086          1     8.7261     8.7615       9.95     0.0298  2.288e-13  1.000e-12  4.372e+02     7.3031     7.2958    -0.0073     5.8244     5.8186     23.285     23.797      0.260    1423.21    1423.19  0.000e+00
       2464     24.000     2.1993     2.1979    -0.0015    0.73163    0.73096          1     8.7260     8.7594       9.95     0.0285  2.192e-13  1.000e-12  4.563e+02     7.3031     7.2963    -0.0068     5.8244     5.8189     23.781     24.303      0.254    1423.22    1423.21  0.000e+00
       2516     24.500     2.1985     2.1981    -0.0004    0.73160    0.73103          1     8.7304     8.7543       9.95     0.0299  2.134e-13  1.000e-12  4.687e+02     7.3029     7.2969    -0.0060     5.8242     5.8195     24.276     24.810      0.243    1423.23    1423.22  0.000e+00
       2560     25.000     2.2049     2.1994    -0.0054    0.73194    0.73108          1     8.7269     8.7547       9.95     0.0297  2.151e-13  1.000e-12  4.649e+02     7.3050     7.2971    -0.0079     5.8260     5.8196     24.772     25.316      0.271    1423.27    1423.23  0.000e+00
       2608     25.500     2.2056     2.2028    -0.0028    0.73197    0.73124          1     8.7291     8.7531       9.95     0.0280  2.195e-13  1.000e-12  4.556e+02     7.3051     7.2979    -0.0072     5.8260     5.8203     25.267     25.822      0.235    1423.28    1423.26  0.000e+00
       2659     26.000     2.2106     2.2046    -0.0059    0.73226    0.73137          1     8.7319     8.7464       9.95     0.0272  2.243e-13  1.000e-12  4.459e+02     7.3069     7.2988    -0.0081     5.8275     5.8210     25.762     26.329      0.251    1423.31    1423.27  0.000e+00
       2704     26.500     2.2141     2.2108    -0.0033    0.73245    0.73165          1     8.7316     8.7426       9.95     0.0301  2.249e-13  1.000e-12  4.445e+02     7.3081     7.3003    -0.0078     5.8285     5.8223     26.258     26.835      0.264    1423.34    1423.31  0.000e+00
       2753     27.000     2.2166     2.2130    -0.0036    0.73261    0.73181          1     8.7309     8.7441       9.95     0.0275  2.268e-13  1.000e-12  4.410e+02     7.3092     7.3014    -0.0078     5.8293     5.8231     26.753     27.341      0.236    1423.36    1423.33  0.000e+00
       2799     27.500     2.2160     2.2149    -0.0011    0.73256    0.73194          1     8.7310     8.7453       9.95     0.0276  2.300e-13  1.000e-12  4.349e+02     7.3087     7.3023    -0.0064     5.8290     5.8238     27.249     27.848      0.282    1423.36    1423.35  0.000e+00
       2843     28.000     2.2151     2.2137    -0.0014    0.73252    0.73186          1     8.7294     8.7485       9.95     0.0272  2.327e-13  1.000e-12  4.298e+02     7.3084     7.3017    -0.0067     5.8287     5.8234     27.744     28.354      0.259    1423.37    1423.35  0.000e+00
