ctdpy/exports/archive_20191120_135557/received_data/SBE09_1044_20180130_0026_34_02_0033.cnv
* Sea-Bird SBE 9 Data File:
* FileName = C:\ctd\temp\2018\ME18D033.hex
* Software Version Seasave V 7.26.6.26
* Temperature SN = 5351
* Conductivity SN = 3941
* Number of Bytes Per Scan = 41
* Number of Voltage Words = 4
* Number of Scans Averaged by the Deck Unit = 1
* NMEA Latitude = 59 02.50 N
* NMEA Longitude = 021 06.01 E
* NMEA UTC (Time) = Jan 30 2018  00:27:04
* NMEA baud rate = 4800
** Station:  BY28
** Operator:  SSip
** Ship: MERI
** Average sound velocity: 1442.41 m/s
** True-depth calculation Tue, 30 Jan 2018 08:21:14 +0000
** CTD Python Module SMHI /ver 3-12/ feb 2012 
** LIMS Job: 20183402-0033
** Cruise: SMHI-01-2018
** Latitude [GG MM.mm N] :
** Longitude [GG MM.mm E]:
# nquan = 26
# nvalues = 371                         
# units = specified
# name 0 = scan: Scan Count
# name 1 = prDM: Pressure, Digiquartz [db]
# name 2 = t090C: Temperature [ITS-90, deg C]
# name 3 = t190C: Temperature, 2 [ITS-90, deg C]
# name 4 = T2-T190C: Temperature Difference, 2 - 1 [ITS-90, deg C]
# name 5 = c0S/m: Conductivity [S/m]
# name 6 = c1S/m: Conductivity, 2 [S/m]
# name 7 = pumps: Pump Status
# name 8 = sbeox0ML/L: Oxygen, SBE 43 [ml/l]
# name 9 = sbeox1ML/L: Oxygen, SBE 43, 2 [ml/l]
# name 10 = altM: Altimeter [m]
# name 11 = flECO-AFL: Chl-a Fluorescence, WET Labs ECO-AFL/FL [mg/m^3]
# name 12 = flECO-AFL1: Phycocyanin Fluorescence, WET Labs ECO-AFL/FL, 2 [mg/m^3]
# name 13 = par: PAR/Irradiance, Biospherical/Lico [µE/(cm^2*s)]
# name 14 = turbWETntu0: Turbidity, WET Labs ECO [NTU]
# name 15 = sal00: Salinity, Practical [PSU]
# name 16 = sal11: Salinity, Practical, 2 [PSU]
# name 17 = secS-priS: Salinity, Practical, Difference, 2 - 1 [PSU]
# name 18 = sigma-t00: Density [sigma-t, Kg/m^3 ]
# name 19 = sigma-t11: Density, 2 [sigma-t, Kg/m^3 ]
# name 20 = depSM: Depth [salt water, m], lat = 59.0417
# name 21 = depFM: Depth [true depth, m], lat = 59.0417
# name 22 = dz/dtM: Descent Rate [m/s], WS = 2
# name 23 = svCM: Sound Velocity [Chen-Millero, m/s]
# name 24 = svCM1: Sound Velocity, 2 [Chen-Millero, m/s]
# name 25 = flag: flag
# span 0 =       6447,      14614       
# span 1 =      2.000,    187.000       
# span 2 =     4.4605,     6.3419       
# span 3 =     4.4611,     6.3423       
# span 4 =    -0.0215,     0.0057       
# span 5 =   0.771640,   1.260958       
# span 6 =   0.771653,   1.260952       
# span 7 =          1,          1       
# span 8 =    0.01204,    8.16266       
# span 9 =    0.03313,    8.18946       
# span 10 =       3.31,     129.83      
# span 11 =     0.2638,     0.4318      
# span 12 =     0.2650,     0.6638      
# span 13 = -5.664e-05, 6.9940e-02      
# span 14 =     0.1511,     1.0653      
# span 15 =     7.2110,    11.5407      
# span 16 =     7.2107,    11.5406      
# span 17 =    -0.0118,     0.0008      
# span 18 =     5.7199,     9.0432      
# span 19 =     5.7196,     9.0430      
# span 20 =      1.981,    185.167      
# span 21 =      2.025,    189.043      
# span 22 =      0.077,      0.776      
# span 23 =    1433.13,    1449.69      
# span 24 =    1433.14,    1449.69      
# span 25 = 0.0000e+00, 0.0000e+00      
# interval = decibars: 0.5              
# start_time = Jan 30 2018 00:27:05 [NMEA time, first data scan]
# bad_flag = -9.990e-29
*END*
[from data line 335]
      13768    169.500     6.3326     6.3328     0.0002    1.25830    1.25827          1     0.0181     0.0392      23.09     0.3487     0.3508  1.000e-12  0.5688000    11.5209    11.5205    -0.0004     9.0282     9.0278    167.846    171.378      0.538    1449.34    1449.34  0.000e+00
      13789    170.000     6.3330     6.3333     0.0003    1.25841    1.25839          1     0.0155     0.0406      22.62     0.3464     0.3352  1.000e-12  0.5909000    11.5217    11.5214    -0.0003     9.0288     9.0285    168.341    171.883      0.578    1449.35    1449.36  0.000e+00
      13810    170.500     6.3332     6.3334     0.0002    1.25852    1.25849          1     0.0171     0.0380      22.11     0.3395     0.3259  1.000e-12  0.6135000    11.5227    11.5223    -0.0004     9.0296     9.0292    168.836    172.388      0.576    1449.36    1449.36  0.000e+00
      13831    171.000     6.3335     6.3337     0.0002    1.25861    1.25858          1     0.0151     0.0376      21.56     0.3445     0.3453  1.000e-12  0.6460000    11.5234    11.5230    -0.0004     9.0301     9.0298    169.331    172.892      0.568    1449.38    1449.38  0.000e+00
      13852    171.500     6.3343     6.3345     0.0002    1.25881    1.25879          1     0.0190     0.0393      21.04     0.3701     0.2650  1.000e-12  0.6774000    11.5250    11.5246    -0.0003     9.0313     9.0310    169.826    173.397      0.555    1449.39    1449.39  0.000e+00
      13874    172.000     6.3346     6.3349     0.0003    1.25894    1.25892          1     0.0182     0.0410      20.50     0.3702     0.3422  1.000e-12  0.5974000    11.5260    11.5257    -0.0003     9.0321     9.0318    170.321    173.902      0.521    1449.40    1449.40  0.000e+00
      13898    172.500     6.3349     6.3352     0.0002    1.25903    1.25900          1     0.0146     0.0384      19.98     0.3589     0.3341  1.000e-12  0.5923000    11.5268    11.5263    -0.0005     9.0326     9.0323    170.815    174.406      0.497    1449.41    1449.41  0.000e+00
      13922    173.000     6.3352     6.3355     0.0003    1.25911    1.25908          1     0.0147     0.0399      19.45     0.3463     0.3277  1.000e-12  0.6110000    11.5273    11.5269    -0.0004     9.0330     9.0327    171.310    174.911      0.529    1449.42    1449.42  0.000e+00
      13943    173.500     6.3354     6.3357     0.0003    1.25914    1.25912          1     0.0156     0.0388      18.99     0.3659     0.3360  1.000e-12  0.6169000    11.5275    11.5271    -0.0003     9.0332     9.0329    171.805    175.416      0.597    1449.43    1449.43  0.000e+00
      13962    174.000     6.3355     6.3357     0.0003    1.25917    1.25914          1     0.0161     0.0373      18.41     0.3702     0.3341  1.000e-12  0.6109000    11.5276    11.5273    -0.0003     9.0332     9.0330    172.300    175.920      0.638    1449.44    1449.44  0.000e+00
      13981    174.500     6.3356     6.3358     0.0002    1.25919    1.25916          1     0.0164     0.0379      17.92     0.3670     0.3060  1.000e-12  0.6130000    11.5277    11.5274    -0.0003     9.0333     9.0331    172.795    176.425      0.613    1449.44    1449.45  0.000e+00
      14002    175.000     6.3357     6.3359     0.0002    1.25923    1.25920          1     0.0149     0.0387      17.42     0.3459     0.3231  1.000e-12  0.6709000    11.5279    11.5276    -0.0003     9.0335     9.0333    173.290    176.930      0.499    1449.45    1449.45  0.000e+00
      14032    175.500     6.3358     6.3361     0.0003    1.25929    1.25927          1     0.0147     0.0376      16.82     0.3400     0.3683  1.000e-12  0.5899000    11.5284    11.5282    -0.0002     9.0339     9.0337    173.785    177.435      0.388    1449.46    1449.46  0.000e+00
      14061    176.000     6.3362     6.3365     0.0003    1.25941    1.25939          1     0.0178     0.0391      16.37     0.3546     0.3280  1.000e-12  0.6163000    11.5294    11.5291    -0.0003     9.0346     9.0344    174.280    177.939      0.495    1449.47    1449.47  0.000e+00
      14082    176.500     6.3365     6.3367     0.0003    1.25947    1.25945          1     0.0141     0.0385      15.94     0.3457     0.3634  1.000e-12  0.6398000    11.5298    11.5295    -0.0003     9.0349     9.0347    174.775    178.444      0.644    1449.48    1449.48  0.000e+00
      14099    177.000     6.3365     6.3369     0.0004    1.25951    1.25948          1     0.0140     0.0385      15.48     0.3458     0.3682  1.000e-12  0.6094000    11.5301    11.5296    -0.0004     9.0351     9.0348    175.270    178.949      0.717    1449.49    1449.49  0.000e+00
      14115    177.500     6.3368     6.3371     0.0004    1.25962    1.25959          1     0.0143     0.0427      15.03     0.3458     0.3363  1.000e-12  0.6332000    11.5310    11.5306    -0.0004     9.0359     9.0355    175.764    179.453      0.722    1449.50    1449.50  0.000e+00
      14132    178.000     6.3374     6.3377     0.0003    1.25976    1.25973          1     0.0167     0.0396      14.53     0.3465     0.3353  1.000e-12  0.6571000    11.5321    11.5317    -0.0004     9.0367     9.0363    176.259    179.958      0.660    1449.51    1449.51  0.000e+00
      14152    178.500     6.3378     6.3380     0.0002    1.25983    1.25981          1     0.0163     0.0341      13.95     0.3576     0.3525  1.000e-12  0.6171000    11.5325    11.5323    -0.0003     9.0370     9.0368    176.754    180.463      0.520    1449.53    1449.53  0.000e+00
      14184    179.000     6.3378     6.3381     0.0003    1.25987    1.25984          1     0.0130     0.0347      13.26     0.3580     0.3625  1.000e-12  0.6865000    11.5328    11.5325    -0.0003     9.0372     9.0369    177.249    180.968      0.326    1449.53    1449.53  0.000e+00
      14220    179.500     6.3380     6.3383     0.0003    1.25994    1.25993          1     0.0153     0.0385      12.71     0.3513     0.3485  1.000e-12  0.7191000    11.5334    11.5331    -0.0003     9.0377     9.0374    177.744    181.472      0.482    1449.54    1449.54  0.000e+00
      14240    180.000     6.3382     6.3385     0.0002    1.26004    1.26003          1     0.0171     0.0356      12.33     0.3456     0.3375  1.000e-12  0.5913000    11.5342    11.5340    -0.0002     9.0383     9.0381    178.239    181.977      0.698    1449.55    1449.55  0.000e+00
      14255    180.500     6.3383     6.3386     0.0004    1.26010    1.26007          1     0.0155     0.0387      11.91     0.3458     0.3297  1.000e-12  0.6055000    11.5346    11.5342    -0.0004     9.0386     9.0383    178.734    182.482      0.776    1449.56    1449.56  0.000e+00
      14270    181.000     6.3384     6.3388     0.0004    1.26013    1.26011          1     0.0122     0.0376      11.41     0.3532     0.3215  1.000e-12  0.6082000    11.5349    11.5345    -0.0003     9.0388     9.0385    179.229    182.986      0.740    1449.57    1449.57  0.000e+00
      14288    181.500     6.3385     6.3388     0.0003    1.26016    1.26014          1     0.0120     0.0362      10.85     0.3525     0.3457  1.000e-12  0.6120000    11.5350    11.5347    -0.0003     9.0389     9.0386    179.724    183.491      0.605    1449.58    1449.58  0.000e+00
      14312    182.000     6.3385     6.3389     0.0004    1.26020    1.26016          1     0.0143     0.0359      10.22     0.3395     0.3433  1.000e-12  0.6196000    11.5353    11.5348    -0.0005     9.0391     9.0387    180.219    183.996      0.445    1449.59    1449.59  0.000e+00
      14341    182.500     6.3386     6.3389     0.0003    1.26021    1.26019          1     0.0160     0.0396       9.64     0.3450     0.3195  1.000e-12  0.6369000    11.5353    11.5349    -0.0003     9.0391     9.0388    180.713    184.501      0.429    1449.60    1449.60  0.000e+00
      14367    183.000     6.3389     6.3393     0.0003    1.26027    1.26026          1     0.0138     0.0341       9.14     0.3302     0.3263  1.000e-12  0.6592000    11.5356    11.5354    -0.0002     9.0394     9.0392    181.208    185.005      0.494    1449.61    1449.61  0.000e+00
      14390    183.500     6.3397     6.3398     0.0002    1.26040    1.26035          1     0.0141     0.0351       8.65     0.3484     0.3492  1.000e-12  0.6192000    11.5366    11.5361    -0.0006     9.0401     9.0396    181.703    185.510      0.540    1449.62    1449.62  0.000e+00
      14412    184.000     6.3400     6.3401     0.0002    1.26046    1.26041          1     0.0148     0.0377       8.16     0.3585     0.3497  1.000e-12  0.6221000    11.5370    11.5365    -0.0005     9.0403     9.0399    182.198    186.015      0.576    1449.63    1449.63  0.000e+00
      14432    184.500     6.3401     6.3404     0.0002    1.26049    1.26045          1     0.0139     0.0361       7.70     0.3699     0.3062  1.000e-12  0.6114000    11.5372    11.5367    -0.0005     9.0405     9.0401    182.693    186.519      0.590    1449.64    1449.64  0.000e+00
      14453    185.000     6.3402     6.3405     0.0003    1.26052    1.26050          1     0.0134     0.0370       7.16     0.3422     0.3591  1.000e-12  0.6201000    11.5374    11.5370    -0.0003     9.0406     9.0403    183.188    187.024      0.557    1449.64    1449.65  0.000e+00
      14476    185.500     6.3403     6.3406     0.0003    1.26056    1.26053          1     0.0147     0.0367       6.60     0.3488     0.3632  1.000e-12  0.6187000    11.5376    11.5372    -0.0004     9.0408     9.0405    183.683    187.529      0.467    1449.65    1449.65  0.000e+00
      14506    186.000     6.3407     6.3410     0.0003    1.26065    1.26063          1     0.0127     0.0343       6.00     0.3580     0.3286  1.000e-12  0.6167000    11.5383    11.5379    -0.0004     9.0413     9.0410    184.178    188.033      0.391    1449.67    1449.67  0.000e+00
      14534    186.500     6.3419     6.3423     0.0004    1.26092    1.26095          1     0.0148     0.0355       5.50     0.3465     0.3371  1.000e-12  0.7520000    11.5405    11.5406     0.0002     9.0429     9.0430    184.672    188.538      0.487    1449.68    1449.68  0.000e+00
      14614    187.000     6.3418     6.3423     0.0005    1.26096    1.26095          1     0.0128     0.0331       4.82     0.3697     0.3407  1.000e-12  0.5876000    11.5407    11.5405    -0.0002     9.0432     9.0429    185.167    189.043      0.077    1449.69    1449.69  0.000e+00
