ctdpy/exports/archive_20191120_135557/received_data/SBE09_0827_20180303_0551_26_01_0349.cnv
* Sea-Bird SBE 9 Data File:
* FileName = D:\CTD_SBE911\DAT\26DA.2018.3.49.hex
* Software Version Seasave V 7.21d
* Temperature SN = 034757
* Conductivity SN = 041844
* Number of Bytes Per Scan = 48
* Number of Voltage Words = 5
* Number of Scans Averaged by the Deck Unit = 1
* NMEA Latitude = 56 41.90 N
* NMEA Longitude = 017 01.22 E
* NMEA UTC (Time) = Mar 03 2018  05:51:40
* NMEA baud rate = 4800
** Ship: DANA
** Average sound velocity: 1426.20 m/s
** True-depth calculation Tue, 02 Apr 2019 12:09:42 +0000
** CTD Python Module SMHI /ver 3-12/ feb 2012 
** LIMS Job: 20182601-0349
** Operator:
** Cruise: 02/2018
# nquan = 26
# nvalues = 130                         
# units = specified
# name 0 = scan: Scan Count
# name 1 = prDM: Pressure, Digiquartz [db]
# name 2 = t090C: Temperature [ITS-90, deg C]
# name 3 = t190C: Temperature, 2 [ITS-90, deg C]
# name 4 = T2-T190C: Temperature Difference, 2 - 1 [ITS-90, deg C]
# name 5 = c0S/m: Conductivity [S/m]
# name 6 = c1S/m: Conductivity, 2 [S/m]
# name 7 = pumps: Pump Status
# name 8 = sbeox1ML/L: Oxygen, SBE 43, 2 [ml/l]
# name 9 = sbeox0ML/L: Oxygen, SBE 43 [ml/l]
# name 10 = altM: Altimeter [m]
# name 11 = chloroflTC0: Chlorophyll, Turner Cyclops [ug/l]
# name 12 = cpar: CPAR/Corrected Irradiance [%]
# name 13 = par: PAR/Irradiance, Biospherical/Lico [µE/(cm^2*s)]
# name 14 = spar: SPAR, Biospherical/Licor
# name 15 = sal00: Salinity, Practical [PSU]
# name 16 = sal11: Salinity, Practical, 2 [PSU]
# name 17 = secS-priS: Salinity, Practical, Difference, 2 - 1 [PSU]
# name 18 = sigma-t00: Density [sigma-t, kg/m^3 ]
# name 19 = sigma-t11: Density, 2 [sigma-t, kg/m^3 ]
# name 20 = depSM: Depth [salt water, m], lat = 56.6983
# name 21 = depFM: Depth [true depth, m], lat = 56.6983
# name 22 = dz/dtM: Descent Rate [m/s], WS = 2
# name 23 = svCM: Sound Velocity [Chen-Millero, m/s]
# name 24 = svCM1: Sound Velocity, 2 [Chen-Millero, m/s]
# name 25 = flag: flag
# span 0 =          0,       6817       
# span 1 =      1.000,     65.500       
# span 2 =     2.8014,     2.8219       
# span 3 =     2.7993,     2.8217       
# span 4 =    -0.0049,     0.0053       
# span 5 =   0.742416,   0.743526       
# span 6 =   0.741571,   0.742785       
# span 7 =          1,          1       
# span 8 =     8.6300,     8.6702       
# span 9 =     8.5236,     8.5557       
# span 10 =       0.83,       9.98      
# span 11 =     0.0116,     0.0149      
# span 12 = -1.441e-05, 7.4237e+00      
# span 13 = -1.756e-06, 9.0458e-01      
# span 14 = 1.2185e+01, 1.4228e+01      
# span 15 =     7.2817,     7.2828      
# span 16 =     7.2736,     7.2743      
# span 17 =    -0.0089,    -0.0075      
# span 18 =     5.8066,     5.8076      
# span 19 =     5.8002,     5.8007      
# span 20 =      0.991,     64.890      
# span 21 =      1.013,     66.329      
# span 22 =     -0.110,      0.594      
# span 23 =    1425.64,    1426.73      
# span 24 =    1425.63,    1426.71      
# span 25 = 0.0000e+00, 0.0000e+00      
# interval = decibars: 0.5              
# start_time = Mar 03 2018 05:51:40 [NMEA time, first data scan]
# bad_flag = -9.990e-29
*END*
[from data line 56]
       2825     29.000     2.8151     2.8153     0.0003    0.74302    0.74226          1     8.6533     8.5352       9.98     0.0122  7.197e-12  1.000e-12  1.393e+01     7.2821     7.2741    -0.0081     5.8070     5.8005     28.732     29.367      0.250    1426.15    1426.14  0.000e+00
       2890     29.500     2.8158     2.8156    -0.0001    0.74305    0.74227          1     8.6510     8.5265       9.98     0.0123  7.031e-12  1.000e-12  1.422e+01     7.2822     7.2740    -0.0081     5.8070     5.8005     29.228     29.873      0.432    1426.16    1426.14  0.000e+00
       2915     30.000     2.8159     2.8151    -0.0008    0.74306    0.74227          1     8.6536     8.5381       9.98     0.0122  7.076e-12  1.000e-12  1.414e+01     7.2822     7.2741    -0.0081     5.8070     5.8006     29.723     30.380      0.430    1426.16    1426.15  0.000e+00
       2962     30.500     2.8162     2.8153    -0.0009    0.74307    0.74228          1     8.6600     8.5457       9.98     0.0122  7.177e-12  1.000e-12  1.397e+01     7.2822     7.2741    -0.0081     5.8070     5.8005     30.218     30.886      0.245    1426.17    1426.16  0.000e+00
       3040     31.000     2.8154     2.8144    -0.0009    0.74305    0.74226          1     8.6555     8.5399       9.98     0.0124  7.028e-12  1.000e-12  1.423e+01     7.2821     7.2740    -0.0080     5.8069     5.8005     30.714     31.392      0.380    1426.18    1426.16  0.000e+00
       3064     31.500     2.8145     2.8133    -0.0012    0.74303    0.74224          1     8.6633     8.5431       9.98     0.0122  7.034e-12  1.000e-12  1.422e+01     7.2820     7.2740    -0.0081     5.8069     5.8004     31.209     31.899      0.440    1426.18    1426.17  0.000e+00
       3098     32.000     2.8145     2.8137    -0.0009    0.74304    0.74225          1     8.6585     8.5459       9.98     0.0122  7.034e-12  1.000e-12  1.422e+01     7.2820     7.2739    -0.0081     5.8069     5.8004     31.705     32.405      0.252    1426.19    1426.18  0.000e+00
       3167     32.500     2.8136     2.8129    -0.0007    0.74301    0.74224          1     8.6610     8.5294       9.98     0.0127  7.034e-12  1.000e-12  1.422e+01     7.2819     7.2739    -0.0080     5.8068     5.8004     32.200     32.911      0.169    1426.19    1426.18  0.000e+00
       3231     33.000     2.8145     2.8140    -0.0004    0.74304    0.74227          1     8.6589     8.5447       9.98     0.0126  7.034e-12  1.000e-12  1.422e+01     7.2820     7.2739    -0.0080     5.8068     5.8004     32.695     33.418      0.310    1426.21    1426.19  0.000e+00
       3260     33.500     2.8146     2.8139    -0.0006    0.74306    0.74228          1     8.6592     8.5546       9.98     0.0126  7.034e-12  1.000e-12  1.422e+01     7.2820     7.2740    -0.0080     5.8069     5.8005     33.190     33.924      0.443    1426.21    1426.20  0.000e+00
       3314     34.000     2.8164     2.8177     0.0014    0.74311    0.74237          1     8.6545     8.5375       9.98     0.0118  7.034e-12  1.000e-12  1.422e+01     7.2821     7.2740    -0.0081     5.8069     5.8005     33.686     34.430      0.288    1426.23    1426.23  0.000e+00
       3383     34.500     2.8163     2.8136    -0.0026    0.74310    0.74230          1     8.6465     8.5236       9.98     0.0121  7.034e-12  1.000e-12  1.422e+01     7.2819     7.2741    -0.0078     5.8068     5.8006     34.181     34.937      0.452    1426.24    1426.21  0.000e+00
       3407     35.000     2.8141     2.8147     0.0006    0.74306    0.74232          1     8.6497     8.5349       9.98     0.0122  7.034e-12  1.000e-12  1.422e+01     7.2819     7.2740    -0.0079     5.8068     5.8005     34.676     35.443      0.470    1426.23    1426.23  0.000e+00
       3438     35.500     2.8159     2.8144    -0.0015    0.74311    0.74231          1     8.6455     8.5374       9.98     0.0122  7.034e-12  1.000e-12  1.422e+01     7.2820     7.2740    -0.0080     5.8069     5.8005     35.172     35.949      0.282    1426.25    1426.23  0.000e+00
       3522     36.000     2.8181     2.8181    -0.0000    0.74317    0.74241          1     8.6541     8.5270       9.98     0.0125  7.034e-12  1.000e-12  1.422e+01     7.2821     7.2741    -0.0080     5.8069     5.8005     35.667     36.456      0.254    1426.27    1426.26  0.000e+00
       3564     36.500     2.8185     2.8182    -0.0002    0.74319    0.74242          1     8.6480     8.5404       9.98     0.0122  7.034e-12  1.000e-12  1.422e+01     7.2821     7.2740    -0.0081     5.8069     5.8005     36.163     36.962      0.325    1426.28    1426.27  0.000e+00
       3604     37.000     2.8186     2.8171    -0.0015    0.74319    0.74240          1     8.6432     8.5449       9.98     0.0121  7.034e-12  1.000e-12  1.422e+01     7.2820     7.2741    -0.0079     5.8069     5.8005     36.658     37.468      0.273    1426.29    1426.27  0.000e+00
       3650     37.500     2.8181     2.8176    -0.0004    0.74319    0.74242          1     8.6601     8.5419       9.98     0.0123  7.034e-12  1.000e-12  1.422e+01     7.2820     7.2741    -0.0080     5.8069     5.8005     37.153     37.975      0.246    1426.29    1426.28  0.000e+00
       3720     38.000     2.8168     2.8155    -0.0013    0.74316    0.74238          1     8.6525     8.5405       9.98     0.0125  7.034e-12  1.000e-12  1.422e+01     7.2820     7.2740    -0.0079     5.8068     5.8005     37.648     38.481      0.257    1426.29    1426.28  0.000e+00
       3761     38.500     2.8158     2.8153    -0.0004    0.74314    0.74238          1     8.6373     8.5419       9.98     0.0122  7.034e-12  1.000e-12  1.422e+01     7.2820     7.2740    -0.0079     5.8068     5.8005     38.144     38.987      0.480    1426.30    1426.29  0.000e+00
       3783     39.000     2.8158     2.8150    -0.0008    0.74315    0.74238          1     8.6411     8.5466       9.98     0.0121  7.034e-12  1.000e-12  1.422e+01     7.2819     7.2740    -0.0079     5.8068     5.8005     38.639     39.494      0.467    1426.31    1426.29  0.000e+00
       3855     39.500     2.8163     2.8160    -0.0003    0.74317    0.74241          1     8.6522     8.5327       9.98     0.0149  7.034e-12  1.000e-12  1.422e+01     7.2820     7.2741    -0.0079     5.8068     5.8005     39.134     40.000      0.286    1426.32    1426.30  0.000e+00
       3908     40.000     2.8167     2.8123    -0.0044    0.74318    0.74234          1     8.6391     8.5387       9.98     0.0122  7.034e-12  1.000e-12  1.422e+01     7.2819     7.2741    -0.0078     5.8068     5.8005     39.630     40.506      0.454    1426.33    1426.29  0.000e+00
       3938     40.500     2.8141     2.8133    -0.0009    0.74312    0.74235          1     8.6448     8.5409       9.98     0.0122  7.034e-12  1.000e-12  1.422e+01     7.2818     7.2739    -0.0079     5.8067     5.8004     40.125     41.013      0.341    1426.32    1426.31  0.000e+00
       3985     41.000     2.8140     2.8131    -0.0009    0.74312    0.74235          1     8.6430     8.5442       9.98     0.0122  7.034e-12  1.000e-12  1.422e+01     7.2818     7.2739    -0.0079     5.8067     5.8004     40.620     41.519      0.233    1426.33    1426.31  0.000e+00
       4033     41.500     2.8137     2.8124    -0.0013    0.74312    0.74234          1     8.6508     8.5433       9.98     0.0116  7.034e-12  1.000e-12  1.422e+01     7.2818     7.2738    -0.0079     5.8067     5.8004     41.116     42.025      0.229    1426.34    1426.32  0.000e+00
       4102     42.000     2.8133     2.8126    -0.0007    0.74311    0.74235          1     8.6634     8.5465       9.98     0.0126  7.034e-12  1.000e-12  1.422e+01     7.2817     7.2738    -0.0079     5.8067     5.8004     41.611     42.532      0.291    1426.34    1426.33  0.000e+00
       4132     42.500     2.8125     2.8127     0.0002    0.74310    0.74237          1     8.6522     8.5466       9.98     0.0125  7.034e-12  1.000e-12  1.422e+01     7.2817     7.2739    -0.0078     5.8067     5.8004     42.106     43.038      0.408    1426.34    1426.34  0.000e+00
       4178     43.000     2.8132     2.8127    -0.0005    0.74313    0.74237          1     8.6483     8.5317       9.98     0.0128  7.034e-12  1.000e-12  1.422e+01     7.2818     7.2739    -0.0078     5.8067     5.8004     42.602     43.544      0.243    1426.36    1426.34  0.000e+00
       4246     43.500     2.8135     2.8131    -0.0004    0.74314    0.74238          1     8.6462     8.5268       9.98     0.0122  7.034e-12  1.000e-12  1.422e+01     7.2818     7.2739    -0.0079     5.8067     5.8004     43.097     44.051      0.322    1426.37    1426.35  0.000e+00
       4275     44.000     2.8138     2.8134    -0.0004    0.74316    0.74239          1     8.6586     8.5386       9.98     0.0133  7.034e-12  1.000e-12  1.422e+01     7.2818     7.2739    -0.0079     5.8067     5.8004     43.592     44.557      0.411    1426.37    1426.36  0.000e+00
       4306     44.500     2.8141     2.8139    -0.0002    0.74317    0.74241          1     8.6483     8.5395       9.98     0.0124  7.034e-12  1.000e-12  1.422e+01     7.2818     7.2739    -0.0079     5.8067     5.8004     44.088     45.063      0.336    1426.38    1426.37  0.000e+00
       4378     45.000     2.8153     2.8170     0.0017    0.74321    0.74250          1     8.6457     8.5384       9.98     0.0122  7.034e-12  1.000e-12  1.422e+01     7.2819     7.2740    -0.0078     5.8067     5.8005     44.583     45.570      0.246    1426.40    1426.39  0.000e+00
       4431     45.500     2.8185     2.8184    -0.0001    0.74330    0.74254          1     8.6519     8.5324       9.98     0.0122  7.034e-12  1.000e-12  1.422e+01     7.2820     7.2741    -0.0079     5.8068     5.8005     45.078     46.076      0.440    1426.42    1426.41  0.000e+00
       4454     46.000     2.8179     2.8190     0.0011    0.74329    0.74256          1     8.6486     8.5320       9.98     0.0125  7.034e-12  1.000e-12  1.422e+01     7.2820     7.2740    -0.0079     5.8068     5.8005     45.574     46.582      0.479    1426.42    1426.42  0.000e+00
       4507     46.500     2.8194     2.8192    -0.0003    0.74333    0.74257          1     8.6457     8.5344       9.98     0.0122  7.034e-12  1.000e-12  1.422e+01     7.2820     7.2741    -0.0079     5.8069     5.8005     46.069     47.089      0.301    1426.44    1426.43  0.000e+00
       4578     47.000     2.8200     2.8199    -0.0001    0.74335    0.74260          1     8.6347     8.5309       9.98     0.0122  7.034e-12  1.000e-12  1.422e+01     7.2820     7.2741    -0.0080     5.8069     5.8005     46.564     47.595      0.504    1426.45    1426.44  0.000e+00
       4596     47.500     2.8203     2.8202    -0.0001    0.74337    0.74262          1     8.6318     8.5406       9.98     0.0122  7.034e-12  1.000e-12  1.422e+01     7.2820     7.2743    -0.0078     5.8069     5.8007     47.060     48.101      0.594    1426.46    1426.45  0.000e+00
       4628     48.000     2.8205     2.8199    -0.0006    0.74338    0.74262          1     8.6367     8.5469       9.98     0.0124  7.034e-12  1.000e-12  1.422e+01     7.2820     7.2742    -0.0078     5.8069     5.8006     47.555     48.608      0.383    1426.47    1426.46  0.000e+00
       4720     48.500     2.8200     2.8194    -0.0006    0.74336    0.74260          1     8.6409     8.5278       9.98     0.0122  7.034e-12  1.000e-12  1.422e+01     7.2819     7.2741    -0.0078     5.8068     5.8005     48.050     49.114      0.338    1426.47    1426.46  0.000e+00
       4749     49.000     2.8197     2.8193    -0.0004    0.74336    0.74260          1     8.6411     8.5334       9.98     0.0118  7.034e-12  1.000e-12  1.422e+01     7.2819     7.2741    -0.0078     5.8067     5.8005     48.545     49.620      0.373    1426.48    1426.47  0.000e+00
       4785     49.500     2.8200     2.8195    -0.0004    0.74337    0.74262          1     8.6414     8.5368       9.98     0.0122  7.034e-12  1.000e-12  1.422e+01     7.2819     7.2741    -0.0078     5.8067     5.8005     49.041     50.127      0.288    1426.49    1426.48  0.000e+00
       4836     50.000     2.8203     2.8190    -0.0013    0.74338    0.74261          1     8.6468     8.5482       9.98     0.0122  7.034e-12  1.000e-12  1.422e+01     7.2818     7.2740    -0.0078     5.8067     5.8004     49.536     50.633      0.187    1426.50    1426.48  0.000e+00
       4902     50.500     2.8197     2.8190    -0.0007    0.74337    0.74262          1     8.6412     8.5463       9.98     0.0119  7.034e-12  1.000e-12  1.422e+01     7.2818     7.2740    -0.0078     5.8067     5.8005     50.031     51.139      0.301    1426.50    1426.49  0.000e+00
       4931     51.000     2.8194     2.8191    -0.0003    0.74337    0.74262          1     8.6453     8.5399       9.98     0.0122  7.034e-12  1.000e-12  1.422e+01     7.2818     7.2740    -0.0078     5.8066     5.8004     50.527     51.646      0.430    1426.51    1426.50  0.000e+00
       4961     51.500     2.8198     2.8212     0.0013    0.74339    0.74268          1     8.6492     8.5368       9.98     0.0122  7.034e-12  1.000e-12  1.422e+01     7.2818     7.2741    -0.0078     5.8067     5.8005     51.022     52.152      0.297    1426.52    1426.52  0.000e+00
       5058     52.000     2.8218     2.8217    -0.0001    0.74345    0.74270          1     8.6489     8.5324       9.98     0.0123  7.034e-12  1.000e-12  1.422e+01     7.2819     7.2741    -0.0078     5.8068     5.8005     51.517     52.658      0.306    1426.54    1426.53  0.000e+00
       5087     52.500     2.8211     2.8209    -0.0001    0.74344    0.74270          1     8.6404     8.5384       9.98     0.0122  7.034e-12  1.000e-12  1.422e+01     7.2819     7.2742    -0.0077     5.8068     5.8006     52.013     53.164      0.482    1426.54    1426.53  0.000e+00
       5112     53.000     2.8210     2.8205    -0.0006    0.74344    0.74269          1     8.6375     8.5455       9.98     0.0122  7.034e-12  1.000e-12  1.422e+01     7.2819     7.2741    -0.0077     5.8067     5.8006     52.508     53.671      0.406    1426.55    1426.54  0.000e+00
       5180     53.500     2.8219     2.8203    -0.0016    0.74346    0.74269          1     8.6402     8.5330       9.98     0.0123  7.034e-12  1.000e-12  1.422e+01     7.2819     7.2742    -0.0077     5.8067     5.8006     53.003     54.177      0.257    1426.56    1426.55  0.000e+00
       5228     54.000     2.8205     2.8197    -0.0008    0.74343    0.74268          1     8.6416     8.5373       9.98     0.0122  7.034e-12  1.000e-12  1.422e+01     7.2818     7.2741    -0.0077     5.8067     5.8005     53.498     54.683      0.381    1426.56    1426.55  0.000e+00
       5263     54.500     2.8205     2.8197    -0.0007    0.74344    0.74269          1     8.6374     8.5462       9.98     0.0122  7.034e-12  1.000e-12  1.422e+01     7.2818     7.2741    -0.0077     5.8067     5.8005     53.994     55.190      0.248    1426.57    1426.56  0.000e+00
       5324     55.000     2.8204     2.8198    -0.0007    0.74345    0.74271          1     8.6428     8.5403       9.98     0.0120  7.034e-12  1.000e-12  1.422e+01     7.2819     7.2742    -0.0077     5.8067     5.8006     54.489     55.696      0.274    1426.58    1426.56  0.000e+00
       5363     55.500     2.8201     2.8198    -0.0002    0.74345    0.74271          1     8.6300     8.5321       9.98     0.0127  7.034e-12  1.000e-12  1.422e+01     7.2819     7.2742    -0.0077     5.8067     5.8006     54.984     56.202      0.262    1426.59    1426.57  0.000e+00
       5429     56.000     2.8209     2.8195    -0.0014    0.74347    0.74271          1     8.6384     8.5347       9.98     0.0126  7.034e-12  1.000e-12  1.422e+01     7.2818     7.2742    -0.0077     5.8067     5.8006     55.480     56.709      0.272    1426.60    1426.58  0.000e+00
