ctdpy/exports/archive_20191120_135557/received_data/SBE09_1044_20181112_0551_34_01_0134.cnv
* Sea-Bird SBE 9 Data File:
* FileName = C:\ctd\temp\ar18d134.hex
* Software Version Seasave V 7.26.7.107
* Temperature SN = 5351
* Conductivity SN = 3941
* Number of Bytes Per Scan = 41
* Number of Voltage Words = 4
* Number of Scans Averaged by the Deck Unit = 1
* NMEA Latitude = 58 16.05 N
* NMEA Longitude = 010 43.46 E
* NMEA UTC (Time) = Nov 12 2018  05:51:25
* NMEA baud rate = 4800
** Station:  A16
** Operator:  JKro
** Ship: ARANDA
** Average sound velocity: 1486.47 m/s
** True-depth calculation Mon, 12 Nov 2018 07:51:43 +0000
** CTD Python Module SMHI /ver 3-12/ feb 2012 
** LIMS Job: 20183401-0134
** Cruise: SMHI-6-2018
** Latitude [GG MM.mm N]:
** Longitude [GG MM.mm E]
# nquan = 26
# nvalues = 401                         
# units = specified
# name 0 = scan: Scan Count
# name 1 = prDM: Pressure, Digiquartz [db]
# name 2 = t090C: Temperature [ITS-90, deg C]
# name 3 = t190C: Temperature, 2 [ITS-90, deg C]
# name 4 = T2-T190C: Temperature Difference, 2 - 1 [ITS-90, deg C]
# name 5 = c0S/m: Conductivity [S/m]
# name 6 = c1S/m: Conductivity, 2 [S/m]
# name 7 = pumps: Pump Status
# name 8 = sbeox0ML/L: Oxygen, SBE 43 [ml/l]
# name 9 = sbeox1ML/L: Oxygen, SBE 43, 2 [ml/l]
# name 10 = altM: Altimeter [m]
# name 11 = flECO-AFL: Chl-a Fluorescence, WET Labs ECO-AFL/FL [mg/m^3]
# name 12 = flECO-AFL1: Phycocyanin Fluorescence, WET Labs ECO-AFL/FL, 2 [mg/m^3]
# name 13 = par: PAR/Irradiance, Biospherical/Lico [µE/(cm^2*s)]
# name 14 = turbWETntu0: Turbidity, WET Labs ECO [NTU]
# name 15 = sal00: Salinity, Practical [PSU]
# name 16 = sal11: Salinity, Practical, 2 [PSU]
# name 17 = secS-priS: Salinity, Practical, Difference, 2 - 1 [PSU]
# name 18 = sigma-t00: Density [sigma-t, Kg/m^3 ]
# name 19 = sigma-t11: Density, 2 [sigma-t, Kg/m^3 ]
# name 20 = depSM: Depth [salt water, m], lat = 58.2675
# name 21 = depFM: Depth [true depth, m], lat = 58.2675
# name 22 = dz/dtM: Descent Rate [m/s], WS = 2
# name 23 = svCM: Sound Velocity [Chen-Millero, m/s]
# name 24 = svCM1: Sound Velocity, 2 [Chen-Millero, m/s]
# name 25 = flag: flag
# span 0 =      12336,      23772       
# span 1 =      0.500,    200.500       
# span 2 =     7.0744,    10.1056       
# span 3 =     7.0755,    10.1070       
# span 4 =    -0.0232,     0.0125       
# span 5 =   3.553472,   3.790782       
# span 6 =   3.553532,   3.790866       
# span 7 =          1,          1       
# span 8 =    5.08398,    6.02199       
# span 9 =    4.89460,    5.73876       
# span 10 =       4.16,     103.74      
# span 11 =     0.0213,     0.6997      
# span 12 =     0.1203,     0.3221      
# span 13 = -1.574e-06, 3.7994e-01      
# span 14 =     0.1915,     1.1013      
# span 15 =    34.4268,    35.0997      
# span 16 =    34.2891,    35.0989      
# span 17 =    -0.2203,     0.0896      
# span 18 =    26.4873,    27.4870      
# span 19 =    26.3790,    27.4862      
# span 20 =      0.495,    198.541      
# span 21 =      0.496,    198.828      
# span 22 =     -0.011,      0.949      
# span 23 =    1482.30,    1490.26      
# span 24 =    1482.31,    1490.27      
# span 25 = 0.0000e+00, 0.0000e+00      
# interval = decibars: 0.5              
# start_time = Nov 12 2018 05:51:26 [NMEA time, first data scan]
# bad_flag = -9.990e-29
*END*
[from data line 56]
      13849     28.500    10.0721    10.0744     0.0023    3.78531    3.78539          1     5.8276     5.5789      89.11     0.3359     0.2317  1.000e-12  0.2109000    34.6753    34.6738    -0.0015    26.6861    26.6845     28.233     28.277      0.458    1490.16    1490.17  0.000e+00
      13873     29.000    10.0653    10.0668     0.0015    3.78511    3.78523          1     5.8103     5.5770      97.66     0.3235     0.2384  1.000e-12  0.2109000    34.6796    34.6793    -0.0003    26.6906    26.6901     28.729     28.773      0.599    1490.15    1490.16  0.000e+00
      13891     29.500    10.0608    10.0616     0.0008    3.78509    3.78519          1     5.8129     5.5839      97.45     0.3329     0.2605  1.000e-12  0.2098000    34.6834    34.6837     0.0003    26.6943    26.6944     29.224     29.269      0.655    1490.15    1490.15  0.000e+00
      13909     30.000    10.0587    10.0597     0.0010    3.78560    3.78566          1     5.8116     5.5844      97.44     0.3138     0.2853  1.000e-12  0.2130000    34.6904    34.6901    -0.0003    26.7002    26.6998     29.719     29.765      0.565    1490.16    1490.16  0.000e+00
      13937     30.500    10.0580    10.0597     0.0016    3.78604    3.78609          1     5.7931     5.5731      97.45     0.3092     0.2205  1.000e-12  0.2059000    34.6953    34.6942    -0.0011    26.7041    26.7030     30.214     30.261      0.381    1490.17    1490.18  0.000e+00
      13970     31.000    10.0555    10.0570     0.0016    3.78644    3.78653          1     5.7752     5.5594      97.46     0.3091     0.2345  1.000e-12  0.2040000    34.7016    34.7010    -0.0006    26.7095    26.7087     30.710     30.757      0.445    1490.18    1490.18  0.000e+00
      13992     31.500    10.0542    10.0556     0.0014    3.78679    3.78686          1     5.7559     5.5508      97.45     0.3091     0.2155  1.000e-12  0.2029000    34.7061    34.7056    -0.0006    26.7132    26.7125     31.205     31.253      0.574    1490.19    1490.19  0.000e+00
      14012     32.000    10.0515    10.0533     0.0018    3.78750    3.78752          1     5.7474     5.5430      97.46     0.2889     0.2471  1.000e-12  0.2145000    34.7158    34.7143    -0.0014    26.7212    26.7198     31.700     31.749      0.557    1490.20    1490.20  0.000e+00
      14036     32.500    10.0481    10.0496     0.0014    3.78782    3.78788          1     5.7474     5.5364      97.45     0.3018     0.2102  1.000e-12  0.2084000    34.7221    34.7213    -0.0008    26.7267    26.7259     32.196     32.245      0.472    1490.20    1490.20  0.000e+00
      14062     33.000    10.0480    10.0493     0.0013    3.78830    3.78831          1     5.7458     5.5312      73.94     0.2999     0.2909  1.000e-12  0.2035000    34.7269    34.7257    -0.0012    26.7305    26.7293     32.691     32.741      0.506    1490.21    1490.22  0.000e+00
      14084     33.500    10.0490    10.0504     0.0014    3.78892    3.78904          1     5.7444     5.5243      97.31     0.2681     0.2575  1.000e-12  0.2031000    34.7320    34.7319    -0.0001    26.7343    26.7340     33.186     33.237      0.590    1490.23    1490.24  0.000e+00
      14103     34.000    10.0507    10.0519     0.0012    3.78970    3.78966          1     5.7384     5.5162      97.46     0.2525     0.2272  1.000e-12  0.2003000    34.7382    34.7366    -0.0015    26.7388    26.7374     33.681     33.733      0.583    1490.25    1490.26  0.000e+00
      14125     34.500    10.0497    10.0512     0.0016    3.79020    3.79022          1     5.7301     5.5123      97.43     0.2557     0.2121  1.000e-12  0.1951000    34.7440    34.7427    -0.0013    26.7436    26.7423     34.177     34.229      0.512    1490.26    1490.27  0.000e+00
      14150     35.000    10.0423    10.0439     0.0016    3.79057    3.79065          1     5.7415     5.5090      97.45     0.2376     0.2100  1.000e-12  0.2026000    34.7546    34.7539    -0.0007    26.7531    26.7523     34.672     34.725      0.488    1490.26    1490.26  0.000e+00
      14174     35.500    10.0257    10.0283     0.0026    3.79077    3.79086          1     5.7406     5.5133      76.18     0.2449     0.1919  1.000e-12  0.1932000    34.7724    34.7708    -0.0016    26.7699    26.7682     35.167     35.221      0.516    1490.23    1490.24  0.000e+00
      14198     36.000    10.0003    10.0013     0.0011    3.79072    3.79080          1     5.7461     5.5253      92.06     0.2124     0.2548  1.000e-12  0.1974000    34.7962    34.7960    -0.0002    26.7928    26.7924     35.662     35.717      0.452    1490.18    1490.18  0.000e+00
      14229     36.500     9.9946     9.9962     0.0016    3.79078    3.79087          1     5.7398     5.5187      97.49     0.2075     0.2169  1.000e-12  0.1974000    34.8020    34.8013    -0.0007    26.7983    26.7975     36.158     36.213      0.361    1490.17    1490.18  0.000e+00
      14260     37.000     9.9920     9.9936     0.0016    3.79070    3.79080          1     5.7544     5.5095      94.41     0.1993     0.2284  1.000e-12  0.2038000    34.8035    34.8030    -0.0005    26.7999    26.7992     36.653     36.709      0.515    1490.17    1490.18  0.000e+00
      14279     37.500     9.9888     9.9909     0.0021    3.79058    3.79071          1     5.7406     5.5070      90.24     0.1818     0.2218  1.000e-12  0.2159000    34.8051    34.8044    -0.0007    26.8017    26.8008     37.148     37.205      0.697    1490.17    1490.18  0.000e+00
      14295     38.000     9.9802     9.9812     0.0010    3.79025    3.79033          1     5.7271     5.5038      97.37     0.2037     0.2218  1.000e-12  0.2104000    34.8098    34.8096    -0.0002    26.8068    26.8065     37.644     37.701      0.752    1490.15    1490.16  0.000e+00
      14311     38.500     9.9663     9.9685     0.0022    3.78957    3.78971          1     5.7262     5.4990      97.47     0.1979     0.2150  1.000e-12  0.2121000    34.8160    34.8153    -0.0007    26.8140    26.8131     38.139     38.197      0.670    1490.12    1490.13  0.000e+00
      14334     39.000     9.9626     9.9641     0.0015    3.78945    3.78952          1     5.7249     5.4948      97.48     0.1873     0.2076  1.000e-12  0.2140000    34.8181    34.8174    -0.0007    26.8163    26.8155     38.634     38.693      0.442    1490.12    1490.12  0.000e+00
      14368     39.500     9.9626     9.9642     0.0016    3.78952    3.78964          1     5.7184     5.4915      96.79     0.1829     0.2071  1.000e-12  0.2047000    34.8186    34.8183    -0.0003    26.8167    26.8162     39.129     39.189      0.392    1490.13    1490.13  0.000e+00
      14393     40.000     9.9622     9.9635     0.0014    3.78959    3.78968          1     5.7343     5.4846      86.24     0.1918     0.2220  1.000e-12  0.2087000    34.8196    34.8191    -0.0004    26.8175    26.8170     39.625     39.685      0.545    1490.13    1490.14  0.000e+00
      14413     40.500     9.9596     9.9606     0.0010    3.78949    3.78958          1     5.7291     5.4828      97.53     0.1858     0.2246  1.000e-12  0.2106000    34.8208    34.8207    -0.0001    26.8189    26.8187     40.120     40.181      0.560    1490.14    1490.14  0.000e+00
      14436     41.000     9.9453     9.9501     0.0048    3.78860    3.78897          1     5.7165     5.4806      97.48     0.1748     0.2072  1.000e-12  0.2078000    34.8251    34.8244    -0.0008    26.8248    26.8234     40.615     40.677      0.494    1490.10    1490.11  0.000e+00
      14462     41.500     9.9317     9.9341     0.0025    3.78782    3.78799          1     5.6818     5.4746      97.50     0.1658     0.2071  1.000e-12  0.2001000    34.8301    34.8295    -0.0006    26.8310    26.8300     41.110     41.173      0.474    1490.06    1490.07  0.000e+00
      14486     42.000     9.9225     9.9231     0.0005    3.78713    3.78717          1     5.6603     5.4611      96.43     0.1558     0.2071  1.000e-12  0.1915000    34.8317    34.8315    -0.0001    26.8337    26.8335     41.606     41.669      0.533    1490.04    1490.04  0.000e+00
      14507     42.500     9.9152     9.9152     0.0000    3.78678    3.78678          1     5.6696     5.4483      83.52     0.1480     0.2071  1.000e-12  0.1929000    34.8349    34.8349    -0.0000    26.8375    26.8375     42.101     42.165      0.581    1490.02    1490.03  0.000e+00
      14527     43.000     9.9143     9.9156     0.0013    3.78704    3.78712          1     5.6656     5.4406      97.37     0.1474     0.2267  1.000e-12  0.1993000    34.8383    34.8378    -0.0005    26.8403    26.8397     42.596     42.661      0.592    1490.03    1490.04  0.000e+00
      14548     43.500     9.9110     9.9124     0.0014    3.78706    3.78715          1     5.6633     5.4402      97.49     0.1286     0.2570  1.000e-12  0.2032000    34.8414    34.8410    -0.0004    26.8433    26.8428     43.091     43.157      0.572    1490.03    1490.04  0.000e+00
      14570     44.000     9.8980     9.8999     0.0020    3.78646    3.78659          1     5.6755     5.4417      97.49     0.1487     0.2655  1.000e-12  0.1962000    34.8476    34.8470    -0.0005    26.8503    26.8496     43.587     43.652      0.492    1490.00    1490.01  0.000e+00
      14601     44.500     9.8845     9.8883     0.0038    3.78555    3.78583          1     5.6620     5.4398      90.69     0.1453     0.2506  1.000e-12  0.2080000    34.8511    34.8503    -0.0008    26.8554    26.8541     44.082     44.148      0.331    1489.97    1489.98  0.000e+00
      14638     45.000     9.8562     9.8609     0.0047    3.78364    3.78398          1     5.6464     5.4330      94.08     0.1494     0.2242  1.000e-12  0.1993000    34.8586    34.8575    -0.0011    26.8660    26.8644     44.577     44.644      0.456    1489.88    1489.90  0.000e+00
      14658     45.500     9.8037     9.8046     0.0008    3.78030    3.78039          1     5.6228     5.4234      97.56     0.1489     0.2394  1.000e-12  0.2061000    34.8748    34.8750     0.0002    26.8876    26.8876     45.072     45.140      0.704    1489.72    1489.72  0.000e+00
      14673     46.000     9.7899     9.7917     0.0017    3.77939    3.77952          1     5.6287     5.4167      97.50     0.1488     0.2432  1.000e-12  0.2239000    34.8787    34.8783    -0.0004    26.8930    26.8924     45.568     45.636      0.793    1489.69    1489.69  0.000e+00
      14688     46.500     9.7654     9.7677     0.0022    3.77752    3.77765          1     5.6424     5.4122      97.50     0.1504     0.2081  1.000e-12  0.2332000    34.8829    34.8821    -0.0008    26.9004    26.8994     46.063     46.132      0.742    1489.61    1489.62  0.000e+00
      14706     47.000     9.7367     9.7388     0.0021    3.77546    3.77562          1     5.6525     5.4047      97.48     0.1682     0.1903  1.000e-12  0.2530000    34.8893    34.8890    -0.0003    26.9102    26.9096     46.558     46.628      0.527    1489.52    1489.53  0.000e+00
      14742     47.500     9.7216     9.7240     0.0025    3.77445    3.77460          1     5.6231     5.4023      87.21     0.1271     0.2126  1.000e-12  0.2603000    34.8933    34.8926    -0.0008    26.9160    26.9149     47.053     47.124      0.294    1489.48    1489.49  0.000e+00
      14777     48.000     9.7144     9.7156     0.0013    3.77385    3.77396          1     5.6164     5.4004      98.14     0.1231     0.2285  1.000e-12  0.2629000    34.8940    34.8938    -0.0001    26.9176    26.9173     47.549     47.620      0.515    1489.46    1489.47  0.000e+00
      14796     48.500     9.6910     9.6923     0.0013    3.77188    3.77201          1     5.6161     5.3914      97.48     0.1370     0.1772  1.000e-12  0.2694000    34.8962    34.8962     0.0001    26.9233    26.9231     48.044     48.116      0.668    1489.39    1489.39  0.000e+00
      14813     49.000     9.6706     9.6729     0.0022    3.77014    3.77034          1     5.6027     5.3832      97.36     0.1494     0.2378  1.000e-12  0.2731000    34.8977    34.8977    -0.0000    26.9279    26.9275     48.539     48.612      0.663    1489.33    1489.33  0.000e+00
      14833     49.500     9.6475     9.6500     0.0025    3.76806    3.76826          1     5.6009     5.3809      97.24     0.1162     0.2683  1.000e-12  0.2786000    34.8985    34.8981    -0.0004    26.9324    26.9317     49.034     49.108      0.495    1489.25    1489.26  0.000e+00
      14868     50.000     9.6360     9.6380     0.0020    3.76731    3.76742          1     5.6272     5.3770      97.34     0.1264     0.2589  1.000e-12  0.2840000    34.9017    34.9009    -0.0008    26.9369    26.9359     49.530     49.604      0.329    1489.22    1489.23  0.000e+00
      14897     50.500     9.6361     9.6374     0.0013    3.76749    3.76757          1     5.6345     5.3818      13.69     0.1329     0.2089  1.000e-12  0.2789000    34.9032    34.9028    -0.0004    26.9380    26.9375     50.025     50.100      0.610    1489.23    1489.24  0.000e+00
      14913     51.000     9.6353     9.6367     0.0014    3.76752    3.76761          1     5.6167     5.3802      97.11     0.1382     0.1936  1.000e-12  0.2865000    34.9041    34.9037    -0.0004    26.9388    26.9382     50.520     50.595      0.814    1489.24    1489.24  0.000e+00
      14927     51.500     9.6267     9.6311     0.0044    3.76701    3.76732          1     5.6080     5.3825      97.17     0.1382     0.1783  1.000e-12  0.3106000    34.9070    34.9059    -0.0012    26.9426    26.9409     51.015     51.091      0.874    1489.22    1489.24  0.000e+00
      14940     52.000     9.6129     9.6146     0.0017    3.76590    3.76601          1     5.6112     5.3943      91.42     0.1382     0.1992  1.000e-12  0.3158000    34.9087    34.9082    -0.0004    26.9461    26.9455     51.510     51.587      0.796    1489.18    1489.19  0.000e+00
      14958     52.500     9.5727     9.5727    -0.0000    3.76197    3.76184          1     5.6211     5.4087      97.16     0.1568     0.2116  1.000e-12  0.3885000    34.9070    34.9056    -0.0014    26.9515    26.9505     52.006     52.083      0.551    1489.04    1489.04  0.000e+00
      14995     53.000     9.5577     9.5613     0.0036    3.76055    3.76083          1     5.6271     5.4022      97.50     0.1396     0.1627  1.000e-12  0.4540000    34.9066    34.9061    -0.0005    26.9538    26.9527     52.501     52.579      0.276    1488.99    1489.01  0.000e+00
      15032     53.500     9.5333     9.5359     0.0025    3.75806    3.75827          1     5.6191     5.3878      97.50     0.1381     0.2667  1.000e-12  0.4743000    34.9043    34.9040    -0.0003    26.9560    26.9553     52.996     53.075      0.508    1488.91    1488.92  0.000e+00
      15051     54.000     9.5231     9.5238     0.0008    3.75716    3.75721          1     5.6229     5.3826      90.48     0.1446     0.2035  1.000e-12  0.5490000    34.9048    34.9046    -0.0002    26.9581    26.9578     53.491     53.571      0.689    1488.88    1488.88  0.000e+00
      15067     54.500     9.5161     9.5182     0.0021    3.75651    3.75668          1     5.6257     5.3848      95.37     0.1495     0.2090  1.000e-12  0.5946000    34.9046    34.9044    -0.0003    26.9591    26.9586     53.987     54.067      0.742    1488.86    1488.87  0.000e+00
      15083     55.000     9.5077     9.5104     0.0027    3.75587    3.75606          1     5.6201     5.3895      97.49     0.1290     0.2654  1.000e-12  0.6273000    34.9059    34.9053    -0.0006    26.9615    26.9606     54.482     54.563      0.694    1488.84    1488.85  0.000e+00
      15102     55.500     9.5085     9.5093     0.0009    3.75605    3.75609          1     5.6216     5.3926      97.50     0.1324     0.2332  1.000e-12  0.6217000    34.9068    34.9064    -0.0004    26.9621    26.9617     54.977     55.059      0.574    1488.86    1488.86  0.000e+00
