ctdpy/exports/archive_20191120_135557/received_data/SBE09_1044_20181018_0853_34_01_0109.cnv
* Sea-Bird SBE 9 Data File:
* FileName = C:\LUOTAUS\DATA_IN\hex_in\SMHI\ar18d109.hex
* Software Version Seasave V 7.23.2
* Temperature SN = 5351
* Conductivity SN = 3941
* Number of Bytes Per Scan = 30
* Number of Voltage Words = 4
* Number of Scans Averaged by the Deck Unit = 1
* NMEA baud rate = 4800
** Station:  Slaggo
** Operator:  OBac
** Ship: ARANDA
** Average sound velocity: 1495.69 m/s
** True-depth calculation Thu, 18 Oct 2018 09:37:24 +0000
** CTD Python Module SMHI /ver 3-12/ feb 2012 
** LIMS Job: 20183401-0109
** Cruise: SMHI-4-2018
** Latitude [GG MM.mm N]: 58 15.551 N
** Longitude [GG MM.mm E] 11 26.229 E
# nquan = 26
# nvalues = 127                         
# units = specified
# name 0 = scan: Scan Count
# name 1 = prDM: Pressure, Digiquartz [db]
# name 2 = t090C: Temperature [ITS-90, deg C]
# name 3 = t190C: Temperature, 2 [ITS-90, deg C]
# name 4 = T2-T190C: Temperature Difference, 2 - 1 [ITS-90, deg C]
# name 5 = c0S/m: Conductivity [S/m]
# name 6 = c1S/m: Conductivity, 2 [S/m]
# name 7 = pumps: Pump Status
# name 8 = sbeox0ML/L: Oxygen, SBE 43 [ml/l]
# name 9 = sbeox1ML/L: Oxygen, SBE 43, 2 [ml/l]
# name 10 = altM: Altimeter [m]
# name 11 = flECO-AFL: Chl-a Fluorescence, WET Labs ECO-AFL/FL [mg/m^3]
# name 12 = flECO-AFL1: Phycocyanin Fluorescence, WET Labs ECO-AFL/FL, 2 [mg/m^3]
# name 13 = par: PAR/Irradiance, Biospherical/Lico [µE/(cm^2*s)]
# name 14 = turbWETntu0: Turbidity, WET Labs ECO [NTU]
# name 15 = sal00: Salinity, Practical [PSU]
# name 16 = sal11: Salinity, Practical, 2 [PSU]
# name 17 = secS-priS: Salinity, Practical, Difference, 2 - 1 [PSU]
# name 18 = sigma-t00: Density [sigma-t, Kg/m^3 ]
# name 19 = sigma-t11: Density, 2 [sigma-t, Kg/m^3 ]
# name 20 = depSM: Depth [salt water, m], lat = 0
# name 21 = depFM: Depth [true depth, m], lat = 0
# name 22 = dz/dtM: Descent Rate [m/s], WS = 2
# name 23 = svCM: Sound Velocity [Chen-Millero, m/s]
# name 24 = svCM1: Sound Velocity, 2 [Chen-Millero, m/s]
# name 25 = flag: flag
# span 0 =      12449,      15123       
# span 1 =      1.500,     64.500       
# span 2 =     9.2902,    14.0164       
# span 3 =     9.2962,    14.0172       
# span 4 =    -0.0699,     0.0737       
# span 5 =   3.311592,   3.886674       
# span 6 =   3.309547,   3.886750       
# span 7 =          1,          1       
# span 8 =    3.48393,    6.09772       
# span 9 =    3.32477,    5.77279       
# span 10 =       3.40,      97.98      
# span 11 =     0.1623,     1.8137      
# span 12 =     0.1690,     0.4008      
# span 13 = 1.0000e-12, 1.2843e+02      
# span 14 =     0.3141,     2.6168      
# span 15 =    27.6204,    33.6673      
# span 16 =    27.6024,    33.6663      
# span 17 =    -0.2637,     0.0122      
# span 18 =    20.6818,    26.0282      
# span 19 =    20.6681,    26.0267      
# span 20 =      1.492,     64.136      
# span 21 =      1.497,     64.188      
# span 22 =      0.003,      0.625      
# span 23 =    1486.69,    1500.02      
# span 24 =    1486.71,    1500.02      
# span 25 = 0.0000e+00, 0.0000e+00      
# interval = decibars: 0.5              
# start_time = Oct 18 2018 08:53:25 [System UTC, header]
# bad_flag = -9.990e-29
*END*
      12449      1.500    13.0117    13.0106    -0.0011    3.31159    3.30955          1     6.0977     5.7728      41.01     1.8137     0.3166  1.284e+02  0.3524000    27.6204    27.6024    -0.0181    20.6818    20.6681      1.492      1.497      0.079    1491.53    1491.50  0.000e+00
      12499      2.000    13.0525    13.0539     0.0014    3.33160    3.33147          1     6.0574     5.7409      86.66     1.6677     0.4008  1.011e+02  0.3569000    27.7751    27.7728    -0.0022    20.7936    20.7916      1.989      1.996      0.287    1491.86    1491.86  0.000e+00
      12534      2.500    13.1139    13.1033    -0.0108    3.36177    3.35562          1     6.0138     5.7086      84.41     1.3988     0.3058  9.176e+01  0.3464000    28.0083    27.9594    -0.0489    20.9622    20.9264      2.486      2.495      0.385    1492.35    1492.26  0.000e+00
      12563      3.000    13.1265    13.0562    -0.0699    3.36793    3.33376          1     6.0121     5.7220      94.61     1.4261     0.2944  8.070e+01  0.3403000    28.0557    27.7920    -0.2637    20.9964    20.8060      2.983      2.993      0.438    1492.46    1491.91  0.000e+00
      12589      3.500    13.1281    13.1200    -0.0083    3.36796    3.36468          1     6.0210     5.7037      76.93     1.5367     0.3056  7.029e+01  0.3569000    28.0545    28.0303    -0.0242    20.9952    20.9780      3.481      3.492      0.472    1492.47    1492.41  0.000e+00
      12614      4.000    13.1352    13.1342    -0.0011    3.37164    3.37097          1     6.0171     5.7000      82.04     1.3924     0.3454  6.123e+01  0.3491000    28.0831    28.0776    -0.0054    21.0159    21.0119      3.978      3.991      0.500    1492.54    1492.53  0.000e+00
      12637      4.500    13.1252    13.1281     0.0029    3.36722    3.36831          1     6.0239     5.7073      62.42     1.3041     0.2950  5.318e+01  0.3347000    28.0496    28.0574     0.0079    20.9919    20.9974      4.475      4.490      0.524    1492.47    1492.49  0.000e+00
      12660      5.000    13.1240    13.1281     0.0041    3.36675    3.36825          1     6.0258     5.7061      72.21     1.2582     0.3095  4.736e+01  0.3361000    28.0459    28.0567     0.0108    20.9893    20.9969      4.972      4.989      0.542    1492.47    1492.50  0.000e+00
      12681      5.500    13.1254    13.1281     0.0027    3.36750    3.36823          1     6.0101     5.7048      73.39     1.2698     0.3097  4.181e+01  0.3424000    28.0516    28.0563     0.0048    20.9934    20.9966      5.470      5.487      0.549    1492.49    1492.51  0.000e+00
      12703      6.000    13.1284    13.1245    -0.0039    3.36860    3.36662          1     5.9870     5.7026      96.57     1.2351     0.3005  3.725e+01  0.3187000    28.0594    28.0440    -0.0154    20.9989    20.9877      5.967      5.986      0.561    1492.52    1492.49  0.000e+00
      12724      6.500    13.1383    13.1246    -0.0136    3.37266    3.36627          1     6.0015     5.7028      97.46     1.3049     0.3230  3.332e+01  0.3422000    28.0893    28.0405    -0.0488    21.0202    20.9850      6.464      6.485      0.568    1492.60    1492.49  0.000e+00
      12745      7.000    13.1357    13.1351    -0.0007    3.37167    3.37123          1     6.0054     5.6980      69.30     1.3134     0.3587  3.007e+01  0.3407000    28.0820    28.0783    -0.0037    21.0149    21.0122      6.961      6.984      0.571    1492.59    1492.58  0.000e+00
      12766      7.500    13.1557    13.1459    -0.0098    3.38103    3.37598          1     5.9935     5.6855      74.16     1.2744     0.2953  2.746e+01  0.3352000    28.1533    28.1140    -0.0393    21.0662    21.0378      7.459      7.483      0.564    1492.75    1492.67  0.000e+00
      12788      8.000    13.1551    13.1519    -0.0032    3.38044    3.37898          1     5.9901     5.6836      67.70     1.2273     0.2957  2.475e+01  0.3449000    28.1482    28.1371    -0.0111    21.0624    21.0544      7.956      7.981      0.557    1492.75    1492.72  0.000e+00
      12809      8.500    13.1508    13.1486    -0.0022    3.37886    3.37729          1     5.9818     5.6766      97.98     1.1833     0.3256  2.236e+01  0.3224000    28.1366    28.1237    -0.0129    21.0543    21.0447      8.453      8.480      0.566    1492.73    1492.70  0.000e+00
      12830      9.000    13.1696    13.1693    -0.0003    3.38734    3.38687          1     5.9810     5.6693      97.45     1.2614     0.3130  2.053e+01  0.3502000    28.2007    28.1966    -0.0040    21.1002    21.0972      8.950      8.979      0.584    1492.87    1492.87  0.000e+00
      12850      9.500    13.1711    13.1757     0.0045    3.38792    3.38961          1     5.9830     5.6688      97.43     1.1542     0.2738  1.886e+01  0.3577000    28.2048    28.2170     0.0122    21.1031    21.1117      9.448      9.478      0.593    1492.89    1492.92  0.000e+00
      12871     10.000    13.2039    13.2015    -0.0024    3.40237    3.40080          1     5.9656     5.6593      97.43     1.0542     0.2367  1.751e+01  0.3487000    28.3135    28.3007    -0.0127    21.1808    21.1714      9.945      9.976      0.582    1493.14    1493.12  0.000e+00
      12892     10.500    13.2369    13.2337    -0.0031    3.41578    3.41422          1     5.9365     5.6386      97.45     0.9651     0.2541  1.624e+01  0.3337000    28.4123    28.4004    -0.0119    21.2509    21.2423     10.442     10.475      0.572    1493.38    1493.35  0.000e+00
      12913     11.000    13.2615    13.2615     0.0000    3.42717    3.42678          1     5.9292     5.6293      95.17     0.8477     0.2858  1.516e+01  0.3281000    28.4988    28.4952    -0.0036    21.3129    21.3101     10.939     10.974      0.571    1493.57    1493.56  0.000e+00
      12934     11.500    13.2691    13.2690    -0.0001    3.43271    3.43200          1     5.9455     5.6198      55.46     0.8347     0.2975  1.422e+01  0.3235000    28.5439    28.5374    -0.0065    21.3463    21.3414     11.437     11.472      0.581    1493.65    1493.65  0.000e+00
      12954     12.000    13.2896    13.2896    -0.0000    3.44799    3.44757          1     5.9494     5.6068      89.37     0.7812     0.2920  1.326e+01  0.3181000    28.6691    28.6654    -0.0038    21.4391    21.4362     11.934     11.971      0.595    1493.88    1493.87  0.000e+00
      12974     12.500    13.2983    13.2991     0.0008    3.45496    3.45502          1     5.9221     5.5890      97.25     0.7966     0.2421  1.230e+01  0.3141000    28.7266    28.7266    -0.0000    21.4818    21.4817     12.431     12.469      0.597    1493.98    1493.99  0.000e+00
      12994     13.000    13.3063    13.3065     0.0002    3.46341    3.46282          1     5.8778     5.5596      96.14     0.8265     0.2169  1.142e+01  0.3223000    28.7983    28.7927    -0.0056    21.5357    21.5313     12.928     12.968      0.581    1494.11    1494.10  0.000e+00
      13015     13.500    13.3115    13.3123     0.0008    3.47007    3.47009          1     5.8343     5.5377      67.60     0.7965     0.2189  1.075e+01  0.3713000    28.8556    28.8552    -0.0004    21.5789    21.5785     13.425     13.467      0.566    1494.20    1494.20  0.000e+00
      13037     14.000    13.3139    13.3141     0.0002    3.47254    3.47215          1     5.8058     5.5206      96.98     0.7374     0.2369  1.020e+01  0.3714000    28.8764    28.8727    -0.0037    21.5945    21.5916     13.923     13.965      0.571    1494.24    1494.24  0.000e+00
      13057     14.500    13.3379    13.3376    -0.0003    3.48882    3.48839          1     5.8074     5.5071      83.78     0.6057     0.2594  9.743e+00  0.3733000    29.0081    29.0044    -0.0037    21.6916    21.6888     14.420     14.464      0.588    1494.48    1494.48  0.000e+00
      13078     15.000    13.3436    13.3442     0.0006    3.49256    3.49255          1     5.8156     5.4993      64.82     0.5208     0.2294  9.193e+00  0.3743000    29.0382    29.0375    -0.0006    21.7137    21.7131     14.917     14.962      0.598    1494.54    1494.55  0.000e+00
      13098     15.500    13.3470    13.3477     0.0006    3.49466    3.49461          1     5.8069     5.4884      97.57     0.4732     0.2203  8.584e+00  0.3796000    29.0547    29.0537    -0.0010    21.7258    21.7249     15.414     15.460      0.595    1494.59    1494.59  0.000e+00
      13118     16.000    13.3490    13.3500     0.0010    3.49593    3.49611          1     5.7949     5.4840      55.40     0.4650     0.2141  8.053e+00  0.3829000    29.0647    29.0656     0.0009    21.7332    21.7336     15.911     15.959      0.585    1494.61    1494.62  0.000e+00
      13139     16.500    13.3551    13.3563     0.0012    3.49959    3.50006          1     5.7836     5.4697      51.10     0.4655     0.2257  7.557e+00  0.3672000    29.0937    29.0970     0.0033    21.7543    21.7567     16.409     16.457      0.577    1494.67    1494.68  0.000e+00
      13160     17.000    13.3737    13.3732    -0.0005    3.51026    3.50967          1     5.7485     5.4432      50.57     0.4458     0.2649  7.171e+00  0.3817000    29.1776    29.1726    -0.0051    21.8156    21.8118     16.906     16.956      0.576    1494.84    1494.84  0.000e+00
      13180     17.500    13.3936    13.3938     0.0003    3.52064    3.52046          1     5.7213     5.4216      78.65     0.4157     0.1967  6.836e+00  0.3924000    29.2580    29.2561    -0.0019    21.8738    21.8723     17.403     17.454      0.585    1495.01    1495.01  0.000e+00
      13201     18.000    13.4091    13.4089    -0.0002    3.52650    3.52626          1     5.7066     5.4079      97.47     0.3982     0.2483  6.416e+00  0.4085000    29.2999    29.2978    -0.0021    21.9032    21.9016     17.900     17.952      0.610    1495.12    1495.12  0.000e+00
      13220     18.500    13.4237    13.4239     0.0002    3.53274    3.53253          1     5.6819     5.3900      72.92     0.4066     0.2668  5.895e+00  0.4199000    29.3460    29.3439    -0.0021    21.9359    21.9343     18.398     18.451      0.624    1495.23    1495.23  0.000e+00
      13239     19.000    13.4378    13.4379     0.0000    3.54050    3.54031          1     5.6214     5.3406      48.91     0.3948     0.2495  5.375e+00  0.4395000    29.4064    29.4046    -0.0018    21.9798    21.9784     18.895     18.949      0.593    1495.36    1495.36  0.000e+00
      13260     19.500    13.4693    13.4670    -0.0023    3.55579    3.55604          1     5.5909     5.3039      48.26     0.4115     0.2481  4.978e+00  0.4390000    29.5229    29.5270     0.0041    22.0636    22.0672     19.392     19.447      0.565    1495.61    1495.61  0.000e+00
      13282     20.000    13.4675    13.4677     0.0001    3.56530    3.56513          1     5.5579     5.2688      47.96     0.4124     0.2511  4.665e+00  0.4409000    29.6117    29.6100    -0.0017    22.1325    22.1312     19.889     19.946      0.559    1495.72    1495.72  0.000e+00
      13303     20.500    13.5283    13.5211    -0.0071    3.58761    3.58539          1     5.4530     5.1817      47.26     0.4028     0.2351  4.391e+00  0.4460000    29.7698    29.7549    -0.0149    22.2427    22.2326     20.386     20.444      0.580    1496.12    1496.07  0.000e+00
      13323     21.000    13.6499    13.6481    -0.0019    3.64018    3.63933          1     5.3503     5.0946      46.62     0.3946     0.2303  4.072e+00  0.4535000    30.1586    30.1522    -0.0064    22.5189    22.5143     20.884     20.942      0.610    1496.98    1496.97  0.000e+00
      13342     21.500    13.6778    13.6745    -0.0033    3.65453    3.65294          1     5.3002     5.0475      61.18     0.3946     0.2662  3.742e+00  0.5408000    30.2685    30.2565    -0.0120    22.5982    22.5896     21.381     21.440      0.625    1497.21    1497.19  0.000e+00
      13361     22.000    13.7135    13.7133    -0.0002    3.67175    3.67131          1     5.2832     5.0159      64.48     0.3861     0.2153  3.439e+00  0.5398000    30.3985    30.3946    -0.0039    22.6915    22.6885     21.878     21.938      0.614    1497.49    1497.49  0.000e+00
      13381     22.500    13.7502    13.7468    -0.0033    3.68826    3.68712          1     5.2650     4.9788      45.11     0.3775     0.2320  3.164e+00  0.5452000    30.5210    30.5132    -0.0078    22.7787    22.7734     22.375     22.436      0.584    1497.77    1497.75  0.000e+00
      13403     23.000    13.8072    13.8051    -0.0020    3.70524    3.70460          1     5.2103     4.9426      44.55     0.3729     0.2336  2.935e+00  0.5563000    30.6315    30.6273    -0.0042    22.8526    22.8498     22.872     22.934      0.558    1498.09    1498.08  0.000e+00
      13424     23.500    13.8480    13.8477    -0.0003    3.71708    3.71680          1     5.1647     4.9175      44.13     0.3802     0.2006  2.743e+00  0.5734000    30.7075    30.7052    -0.0023    22.9031    22.9014     23.370     23.432      0.560    1498.33    1498.32  0.000e+00
      13445     24.000    13.8560    13.8570     0.0010    3.72026    3.72037          1     5.1586     4.9066      43.74     0.3459     0.2109  2.534e+00  0.6249000    30.7302    30.7304     0.0002    22.9189    22.9189     23.867     23.930      0.589    1498.39    1498.39  0.000e+00
      13465     24.500    13.8572    13.8591     0.0019    3.72820    3.72758          1     5.1443     4.8885      43.24     0.3360     0.1759  2.291e+00  0.5886000    30.8020    30.7948    -0.0072    22.9741    22.9682     24.364     24.427      0.614    1498.48    1498.48  0.000e+00
      13485     25.000    13.8637    13.8623    -0.0013    3.75102    3.75054          1     5.1318     4.8754      42.73     0.3121     0.1898  2.073e+00  0.6023000    31.0063    31.0029    -0.0033    23.1305    23.1282     24.861     24.925      0.612    1498.75    1498.75  0.000e+00
      13504     25.500    13.8892    13.8899     0.0006    3.75909    3.75907          1     5.1319     4.8624      42.27     0.2854     0.2265  1.887e+00  0.6213000    31.0596    31.0589    -0.0007    23.1665    23.1658     25.358     25.423      0.588    1498.91    1498.91  0.000e+00
      13525     26.000    13.9065    13.9066     0.0000    3.76970    3.76932          1     5.1089     4.8458      41.78     0.2853     0.2655  1.733e+00  0.5825000    31.1429    31.1394    -0.0035    23.2273    23.2246     25.856     25.921      0.561    1499.07    1499.07  0.000e+00
      13547     26.500    13.9360    13.9355    -0.0005    3.78328    3.78306          1     5.0803     4.8314      41.23     0.2630     0.2251  1.598e+00  0.5581000    31.2436    31.2420    -0.0016    23.2990    23.2979     26.353     26.418      0.557    1499.29    1499.29  0.000e+00
      13568     27.000    13.9408    13.9418     0.0009    3.78794    3.78791          1     5.0629     4.8094      40.75     0.2442     0.2467  1.464e+00  0.5489000    31.2823    31.2813    -0.0010    23.3280    23.3270     26.850     26.916      0.581    1499.36    1499.36  0.000e+00
      13588     27.500    13.9685    13.9689     0.0004    3.79424    3.79421          1     5.0677     4.7922      40.43     0.2274     0.2196  1.343e+00  0.5449000    31.3175    31.3169    -0.0006    23.3495    23.3489     27.347     27.414      0.610    1499.50    1499.50  0.000e+00
      13608     28.000    13.9704    13.9715     0.0011    3.79601    3.79601          1     5.0671     4.7954      39.95     0.2224     0.1845  1.215e+00  0.5463000    31.3320    31.3312    -0.0008    23.3603    23.3594     27.844     27.911      0.619    1499.54    1499.54  0.000e+00
      13627     28.500    13.9794    13.9792    -0.0002    3.80471    3.80402          1     5.0385     4.7896      39.32     0.2375     0.2689  1.099e+00  0.5453000    31.4044    31.3983    -0.0062    23.4143    23.4096     28.342     28.409      0.602    1499.66    1499.65  0.000e+00
