ctdpy/exports/archive_20191120_135557/received_data/SBE09_0827_20180304_1133_26_01_0361.cnv
* Sea-Bird SBE 9 Data File:
* FileName = D:\CTD_SBE911\DAT\26DA.2018.3.61.hex
* Software Version Seasave V 7.21d
* Temperature SN = 034757
* Conductivity SN = 041844
* Number of Bytes Per Scan = 48
* Number of Voltage Words = 5
* Number of Scans Averaged by the Deck Unit = 1
* NMEA Latitude = 55 41.16 N
* NMEA Longitude = 014 23.32 E
* NMEA UTC (Time) = Mar 04 2018  11:33:31
* NMEA baud rate = 4800
** Ship: DANA
** Average sound velocity: 1422.51 m/s
** True-depth calculation Tue, 02 Apr 2019 12:10:46 +0000
** CTD Python Module SMHI /ver 3-12/ feb 2012 
** LIMS Job: 20182601-0361
** Operator:
** Cruise: 02/2018
# nquan = 26
# nvalues = 78                          
# units = specified
# name 0 = scan: Scan Count
# name 1 = prDM: Pressure, Digiquartz [db]
# name 2 = t090C: Temperature [ITS-90, deg C]
# name 3 = t190C: Temperature, 2 [ITS-90, deg C]
# name 4 = T2-T190C: Temperature Difference, 2 - 1 [ITS-90, deg C]
# name 5 = c0S/m: Conductivity [S/m]
# name 6 = c1S/m: Conductivity, 2 [S/m]
# name 7 = pumps: Pump Status
# name 8 = sbeox1ML/L: Oxygen, SBE 43, 2 [ml/l]
# name 9 = sbeox0ML/L: Oxygen, SBE 43 [ml/l]
# name 10 = altM: Altimeter [m]
# name 11 = chloroflTC0: Chlorophyll, Turner Cyclops [ug/l]
# name 12 = cpar: CPAR/Corrected Irradiance [%]
# name 13 = par: PAR/Irradiance, Biospherical/Lico [µE/(cm^2*s)]
# name 14 = spar: SPAR, Biospherical/Licor
# name 15 = sal00: Salinity, Practical [PSU]
# name 16 = sal11: Salinity, Practical, 2 [PSU]
# name 17 = secS-priS: Salinity, Practical, Difference, 2 - 1 [PSU]
# name 18 = sigma-t00: Density [sigma-t, kg/m^3 ]
# name 19 = sigma-t11: Density, 2 [sigma-t, kg/m^3 ]
# name 20 = depSM: Depth [salt water, m], lat = 55.686
# name 21 = depFM: Depth [true depth, m], lat = 55.686
# name 22 = dz/dtM: Descent Rate [m/s], WS = 2
# name 23 = svCM: Sound Velocity [Chen-Millero, m/s]
# name 24 = svCM1: Sound Velocity, 2 [Chen-Millero, m/s]
# name 25 = flag: flag
# span 0 =         80,       3891       
# span 1 =      1.500,     40.000       
# span 2 =     1.9067,     2.2553       
# span 3 =     1.9074,     2.2546       
# span 4 =    -0.0272,     0.0022       
# span 5 =   0.722112,   0.734715       
# span 6 =   0.721529,   0.734089       
# span 7 =          1,          1       
# span 8 =     8.7271,     8.8526       
# span 9 =     8.7366,     8.9001       
# span 10 =       1.48,      10.00      
# span 11 =     0.0227,     0.0477      
# span 12 = -8.447e-06, 6.8869e+00      
# span 13 = -5.609e-05, 5.4272e+01      
# span 14 = 5.9097e+02, 7.8801e+02      
# span 15 =     7.2713,     7.3210      
# span 16 =     7.2648,     7.3144      
# span 17 =    -0.0126,    -0.0061      
# span 18 =     5.7972,     5.8389      
# span 19 =     5.7920,     5.8336      
# span 20 =      1.486,     39.633      
# span 21 =      1.519,     40.506      
# span 22 =     -0.067,      0.435      
# span 23 =    1421.45,    1423.76      
# span 24 =    1421.44,    1423.75      
# span 25 = 0.0000e+00, 0.0000e+00      
# interval = decibars: 0.5              
# start_time = Mar 04 2018 11:33:31 [NMEA time, first data scan]
# bad_flag = -9.990e-29
*END*
         80      1.500     1.9067     1.9074     0.0007    0.72211    0.72153          1     8.8306     8.8874      10.00     0.0230  6.887e+00  5.427e+01  7.880e+02     7.2715     7.2650    -0.0065     5.7973     5.7922      1.486      1.519      0.248    1421.45    1421.44  0.000e+00
        227      2.000     1.9087     1.9085    -0.0002    0.72216    0.72156          1     8.8271     8.8964      10.00     0.0227  5.907e+00  4.617e+01  7.815e+02     7.2715     7.2651    -0.0065     5.7974     5.7922      1.982      2.025      0.294    1421.47    1421.46  0.000e+00
        302      2.500     1.9087     1.9075    -0.0012    0.72217    0.72154          1     8.8176     8.8903      10.00     0.0235  5.198e+00  4.044e+01  7.779e+02     7.2716     7.2651    -0.0065     5.7974     5.7922      2.477      2.532      0.375    1421.47    1421.46  0.000e+00
        327      3.000     1.9112     1.9135     0.0022    0.72224    0.72166          1     8.8301     8.8880      10.00     0.0243  4.265e+00  3.316e+01  7.775e+02     7.2716     7.2648    -0.0068     5.7975     5.7920      2.973      3.038      0.435    1421.49    1421.50  0.000e+00
        375      3.500     1.9128     1.9149     0.0021    0.72227    0.72171          1     8.8302     8.8906      10.00     0.0233  3.484e+00  2.700e+01  7.749e+02     7.2715     7.2650    -0.0066     5.7974     5.7922      3.468      3.544      0.258    1421.51    1421.51  0.000e+00
        428      4.000     1.9150     1.9169     0.0018    0.72233    0.72176          1     8.8303     8.8923      10.00     0.0244  3.116e+00  2.411e+01  7.737e+02     7.2715     7.2650    -0.0066     5.7974     5.7922      3.964      4.051      0.401    1421.53    1421.53  0.000e+00
        457      4.500     1.9158     1.9162     0.0004    0.72235    0.72175          1     8.8335     8.8907       9.99     0.0251  2.608e+00  2.020e+01  7.745e+02     7.2715     7.2650    -0.0066     5.7974     5.7922      4.459      4.557      0.357    1421.54    1421.53  0.000e+00
        515      5.000     1.9157     1.9153    -0.0004    0.72235    0.72175          1     8.8415     8.8886       9.99     0.0252  2.197e+00  1.699e+01  7.732e+02     7.2715     7.2651    -0.0064     5.7974     5.7923      4.955      5.063      0.242    1421.55    1421.54  0.000e+00
        562      5.500     1.9153     1.9142    -0.0011    0.72237    0.72174          1     8.8294     8.8802       9.99     0.0256  1.938e+00  1.496e+01  7.717e+02     7.2717     7.2651    -0.0066     5.7976     5.7923      5.450      5.570      0.380    1421.55    1421.54  0.000e+00
        598      6.000     1.9152     1.9140    -0.0012    0.72237    0.72173          1     8.8328     8.8956       9.98     0.0266  1.633e+00  1.258e+01  7.702e+02     7.2716     7.2650    -0.0066     5.7975     5.7922      5.946      6.076      0.249    1421.56    1421.54  0.000e+00
        661      6.500     1.9149     1.9148    -0.0001    0.72236    0.72176          1     8.8423     8.9001       9.98     0.0401  1.454e+00  1.114e+01  7.662e+02     7.2716     7.2652    -0.0065     5.7975     5.7923      6.441      6.582      0.287    1421.57    1421.56  0.000e+00
        695      7.000     1.9151     1.9150    -0.0001    0.72238    0.72178          1     8.8394     8.8986       9.97     0.0412  1.237e+00  9.458e+00  7.648e+02     7.2717     7.2652    -0.0065     5.7976     5.7924      6.936      7.089      0.341    1421.58    1421.57  0.000e+00
        739      7.500     1.9153     1.9148    -0.0004    0.72239    0.72178          1     8.8389     8.8951       9.97     0.0444  1.062e+00  8.098e+00  7.625e+02     7.2717     7.2652    -0.0065     5.7975     5.7924      7.432      7.595      0.232    1421.58    1421.57  0.000e+00
        791      8.000     1.9145     1.9128    -0.0017    0.72237    0.72174          1     8.8402     8.8887       9.97     0.0451  9.357e-01  7.115e+00  7.603e+02     7.2716     7.2652    -0.0064     5.7974     5.7923      7.927      8.101      0.268    1421.59    1421.57  0.000e+00
        832      8.500     1.9128     1.9124    -0.0005    0.72233    0.72172          1     8.8371     8.8912       9.96     0.0443  8.165e-01  6.183e+00  7.572e+02     7.2714     7.2650    -0.0064     5.7973     5.7921      8.423      8.608      0.291    1421.59    1421.58  0.000e+00
        878      9.000     1.9130     1.9126    -0.0004    0.72233    0.72173          1     8.8486     8.8921       9.96     0.0452  7.093e-01  5.353e+00  7.547e+02     7.2714     7.2650    -0.0064     5.7973     5.7922      8.918      9.114      0.241    1421.60    1421.59  0.000e+00
        925      9.500     1.9105     1.9125     0.0020    0.72228    0.72174          1     8.8526     8.8873       9.96     0.0469  6.196e-01  4.655e+00  7.512e+02     7.2713     7.2650    -0.0063     5.7972     5.7922      9.414      9.620      0.271    1421.59    1421.59  0.000e+00
        971     10.000     1.9114     1.9112    -0.0002    0.72232    0.72172          1     8.8515     8.8805       9.96     0.0469  5.453e-01  4.077e+00  7.476e+02     7.2715     7.2650    -0.0065     5.7973     5.7921      9.909     10.127      0.254    1421.60    1421.59  0.000e+00
       1016     10.500     1.9117     1.9095    -0.0021    0.72232    0.72169          1     8.8406     8.8788       9.96     0.0477  4.780e-01  3.557e+00  7.442e+02     7.2713     7.2650    -0.0063     5.7972     5.7922     10.404     10.633      0.287    1421.61    1421.60  0.000e+00
       1063     11.000     1.9090     1.9090    -0.0001    0.72228    0.72168          1     8.8416     8.8847       9.95     0.0467  4.107e-01  3.040e+00  7.401e+02     7.2714     7.2650    -0.0064     5.7972     5.7921     10.900     11.139      0.222    1421.61    1421.60  0.000e+00
       1115     11.500     1.9121     1.9091    -0.0031    0.72236    0.72169          1     8.8475     8.8843       9.95     0.0472  3.660e-01  2.694e+00  7.360e+02     7.2714     7.2649    -0.0065     5.7973     5.7921     11.395     11.646      0.285    1421.63    1421.61  0.000e+00
       1155     12.000     1.9137     1.9109    -0.0027    0.72240    0.72173          1     8.8502     8.8814       9.95     0.0461  3.130e-01  2.293e+00  7.325e+02     7.2715     7.2650    -0.0066     5.7974     5.7921     11.891     12.152      0.266    1421.65    1421.62  0.000e+00
       1206     12.500     1.9143     1.9119    -0.0024    0.72242    0.72177          1     8.8459     8.8901       9.95     0.0463  2.725e-01  1.984e+00  7.280e+02     7.2715     7.2650    -0.0065     5.7974     5.7922     12.386     12.658      0.239    1421.66    1421.64  0.000e+00
       1251     13.000     1.9139     1.9127    -0.0012    0.72241    0.72179          1     8.8470     8.8845       9.95     0.0442  2.376e-01  1.720e+00  7.241e+02     7.2715     7.2651    -0.0064     5.7974     5.7922     12.882     13.165      0.280    1421.66    1421.65  0.000e+00
       1296     13.500     1.9180     1.9195     0.0015    0.72262    0.72201          1     8.8498     8.8775       9.95     0.0428  2.053e-01  1.479e+00  7.201e+02     7.2726     7.2657    -0.0069     5.7983     5.7928     13.377     13.671      0.249    1421.69    1421.69  0.000e+00
       1345     14.000     1.9250     1.9172    -0.0078    0.72288    0.72200          1     8.8410     8.8768       9.95     0.0427  1.795e-01  1.285e+00  7.156e+02     7.2738     7.2660    -0.0078     5.7993     5.7930     13.872     14.177      0.245    1421.73    1421.69  0.000e+00
       1393     14.500     1.9340     1.9286    -0.0054    0.72316    0.72237          1     8.8366     8.8674       9.95     0.0423  1.559e-01  1.109e+00  7.112e+02     7.2747     7.2674    -0.0073     5.8001     5.7942     14.368     14.684      0.258    1421.79    1421.75  0.000e+00
       1440     15.000     1.9452     1.9356    -0.0096    0.72354    0.72257          1     8.8261     8.8666       9.95     0.0404  1.351e-01  9.558e-01  7.074e+02     7.2761     7.2679    -0.0082     5.8013     5.7947     14.863     15.190      0.249    1421.85    1421.79  0.000e+00
       1490     15.500     1.9474     1.9425    -0.0049    0.72359    0.72283          1     8.8155     8.8568       9.95     0.0406  1.161e-01  8.165e-01  7.031e+02     7.2760     7.2690    -0.0070     5.8013     5.7956     15.359     15.696      0.239    1421.87    1421.83  0.000e+00
       1537     16.000     1.9512     1.9476    -0.0036    0.72373    0.72299          1     8.8167     8.8502       9.95     0.0402  1.021e-01  7.138e-01  6.992e+02     7.2766     7.2694    -0.0072     5.8018     5.7960     15.854     16.203      0.275    1421.89    1421.87  0.000e+00
       1581     16.500     1.9763     1.9634    -0.0129    0.72454    0.72343          1     8.8114     8.8480       9.95     0.0396  8.598e-02  5.987e-01  6.962e+02     7.2794     7.2705    -0.0089     5.8042     5.7970     16.350     16.709      0.253    1422.02    1421.95  0.000e+00
       1633     17.000     2.0037     1.9880    -0.0158    0.72535    0.72419          1     8.7981     8.8305       9.95     0.0391  7.299e-02  5.051e-01  6.919e+02     7.2818     7.2730    -0.0088     5.8063     5.7991     16.845     17.215      0.228    1422.16    1422.08  0.000e+00
       1680     17.500     2.0019     1.9958    -0.0061    0.72529    0.72447          1     8.7943     8.8254       9.95     0.0401  6.285e-02  4.330e-01  6.889e+02     7.2815     7.2741    -0.0074     5.8061     5.8001     17.340     17.722      0.283    1422.16    1422.12  0.000e+00
       1723     18.000     2.0038     1.9993    -0.0046    0.72533    0.72457          1     8.8005     8.8280       9.95     0.0402  5.049e-02  3.465e-01  6.861e+02     7.2814     7.2743    -0.0071     5.8060     5.8003     17.836     18.228      0.251    1422.18    1422.15  0.000e+00
       1778     18.500     2.0049     2.0026    -0.0023    0.72535    0.72466          1     8.7934     8.8217       9.95     0.0396  4.218e-02  2.876e-01  6.819e+02     7.2813     7.2745    -0.0068     5.8059     5.8004     18.331     18.734      0.224    1422.19    1422.17  0.000e+00
       1822     19.000     2.0048     2.0035    -0.0014    0.72535    0.72470          1     8.7873     8.8268       9.95     0.0398  3.462e-02  2.353e-01  6.796e+02     7.2812     7.2745    -0.0067     5.8059     5.8005     18.827     19.241      0.339    1422.20    1422.18  0.000e+00
       1859     19.500     2.0048     2.0039    -0.0008    0.72536    0.72472          1     8.7902     8.8455       9.95     0.0396  2.554e-02  1.728e-01  6.768e+02     7.2813     7.2746    -0.0067     5.8059     5.8006     19.322     19.747      0.247    1422.21    1422.19  0.000e+00
       1921     20.000     2.0037     2.0040     0.0004    0.72536    0.72475          1     8.7968     8.8207       9.95     0.0397  2.040e-02  1.374e-01  6.734e+02     7.2815     7.2748    -0.0066     5.8060     5.8007     19.818     20.253      0.281    1422.21    1422.20  0.000e+00
       1956     20.500     2.0091     2.0071    -0.0020    0.72549    0.72481          1     8.7963     8.8183       9.95     0.0392  1.408e-02  9.453e-02  6.713e+02     7.2816     7.2747    -0.0068     5.8062     5.8007     20.313     20.760      0.312    1422.24    1422.22  0.000e+00
       2006     21.000     2.0077     2.0077    -0.0000    0.72546    0.72485          1     8.7863     8.8167       9.95     0.0383  8.599e-03  5.744e-02  6.678e+02     7.2815     7.2749    -0.0066     5.8061     5.8008     20.808     21.266      0.218    1422.24    1422.24  0.000e+00
       2054     21.500     2.0099     2.0056    -0.0043    0.72551    0.72481          1     8.7952     8.8370       9.95     0.0369  4.018e-03  2.674e-02  6.653e+02     7.2814     7.2749    -0.0065     5.8061     5.8008     21.304     21.772      0.291    1422.26    1422.23  0.000e+00
       2097     22.000     2.0088     2.0052    -0.0036    0.72549    0.72479          1     8.7941     8.8171       9.95     0.0359  3.857e-04  2.563e-03  6.621e+02     7.2815     7.2748    -0.0067     5.8061     5.8007     21.799     22.279      0.244    1422.26    1422.24  0.000e+00
       2148     22.500     2.0078     2.0089     0.0011    0.72547    0.72493          1     8.7856     8.8033       9.95     0.0356 -8.447e-06 -5.609e-05  6.589e+02     7.2814     7.2753    -0.0061     5.8061     5.8012     22.295     22.785      0.276    1422.27    1422.26  0.000e+00
       2188     23.000     2.0161     2.0143    -0.0019    0.72600    0.72527          1     8.7907     8.8105       9.95     0.0384  1.524e-13  1.000e-12  6.563e+02     7.2851     7.2776    -0.0075     5.8091     5.8030     22.790     23.291      0.281    1422.32    1422.30  0.000e+00
       2235     23.500     2.0257     2.0186    -0.0071    0.72645    0.72547          1     8.7945     8.8170       9.95     0.0332  1.531e-13  1.000e-12  6.530e+02     7.2877     7.2788    -0.0089     5.8112     5.8040     23.285     23.798      0.248    1422.38    1422.33  0.000e+00
       2281     24.000     2.0389     2.0272    -0.0116    0.72707    0.72589          1     8.7875     8.8058       9.95     0.0329  1.538e-13  1.000e-12  6.503e+02     7.2911     7.2812    -0.0100     5.8140     5.8060     23.781     24.304      0.268    1422.45    1422.38  0.000e+00
       2325     24.500     2.0586     2.0418    -0.0169    0.72788    0.72648          1     8.7789     8.8038       9.95     0.0320  1.545e-13  1.000e-12  6.472e+02     7.2953     7.2841    -0.0112     5.8175     5.8084     24.276     24.810      0.270    1422.56    1422.46  0.000e+00
       2375     25.000     2.0949     2.0676    -0.0272    0.72920    0.72743          1     8.7765     8.7960       9.95     0.0322  1.554e-13  1.000e-12  6.435e+02     7.3010     7.2883    -0.0126     5.8222     5.8120     24.772     25.317      0.227    1422.74    1422.60  0.000e+00
       2422     25.500     2.1108     2.0985    -0.0124    0.72977    0.72858          1     8.7623     8.7833       9.95     0.0334  1.559e-13  1.000e-12  6.413e+02     7.3034     7.2934    -0.0099     5.8242     5.8162     25.267     25.823      0.294    1422.83    1422.76  0.000e+00
       2463     26.000     2.1355     2.1145    -0.0209    0.73062    0.72917          1     8.7615     8.7732       9.95     0.0323  1.567e-13  1.000e-12  6.382e+02     7.3067     7.2960    -0.0107     5.8271     5.8184     25.762     26.329      0.267    1422.96    1422.85  0.000e+00
       2511     26.500     2.1696     2.1487    -0.0209    0.73167    0.73025          1     8.7599     8.7697       9.95     0.0318  1.575e-13  1.000e-12  6.351e+02     7.3100     7.2996    -0.0104     5.8298     5.8214     26.258     26.836      0.259    1423.13    1423.02  0.000e+00
       2555     27.000     2.1783     2.1701    -0.0082    0.73193    0.73093          1     8.7577     8.7705       9.95     0.0326  1.578e-13  1.000e-12  6.336e+02     7.3107     7.3019    -0.0088     5.8305     5.8233     26.753     27.342      0.282    1423.18    1423.13  0.000e+00
       2596     27.500     2.1923     2.1845    -0.0078    0.73242    0.73139          1     8.7536     8.7563       9.95     0.0318  1.584e-13  1.000e-12  6.313e+02     7.3127     7.3035    -0.0092     5.8321     5.8247     27.249     27.848      0.280    1423.26    1423.21  0.000e+00
       2646     28.000     2.2076     2.1960    -0.0116    0.73294    0.73182          1     8.7550     8.7724       9.95     0.0326  1.588e-13  1.000e-12  6.295e+02     7.3146     7.3053    -0.0093     5.8337     5.8262     27.744     28.354      0.227    1423.34    1423.27  0.000e+00
       2692     28.500     2.2155     2.2124    -0.0031    0.73322    0.73237          1     8.7522     8.7689       9.95     0.0335  1.593e-13  1.000e-12  6.280e+02     7.3157     7.3074    -0.0083     5.8346     5.8279     28.239     28.861      0.299    1423.38    1423.36  0.000e+00
