ctdpy/exports/archive_20191120_135557/received_data/SBE09_0827_20181124_0822_26_01_1232.cnv
* Sea-Bird SBE 9 Data File:
* FileName = D:\CTD_SBE911\DAT\26DA.2018.12.32.hex
* Software Version Seasave V 7.21d
* Temperature SN = 4548
* Conductivity SN = 3062
* Number of Bytes Per Scan = 48
* Number of Voltage Words = 5
* Number of Scans Averaged by the Deck Unit = 1
* NMEA Latitude = 57 51.06 N
* NMEA Longitude = 019 30.13 E
* NMEA UTC (Time) = Nov 24 2018  08:22:48
* NMEA baud rate = 4800
** Ship: DANA
** Average sound velocity: 1441.89 m/s
** True-depth calculation Tue, 02 Apr 2019 12:13:52 +0000
** CTD Python Module SMHI /ver 3-12/ feb 2012 
** LIMS Job: 20182601-1232
** Operator: Ronny
** Cruise: 12/2018
# nquan = 26
# nvalues = 136                         
# units = specified
# name 0 = scan: Scan Count
# name 1 = prDM: Pressure, Digiquartz [db]
# name 2 = t090C: Temperature [ITS-90, deg C]
# name 3 = t190C: Temperature, 2 [ITS-90, deg C]
# name 4 = T2-T190C: Temperature Difference, 2 - 1 [ITS-90, deg C]
# name 5 = c0S/m: Conductivity [S/m]
# name 6 = c1S/m: Conductivity, 2 [S/m]
# name 7 = pumps: Pump Status
# name 8 = sbeox1ML/L: Oxygen, SBE 43, 2 [ml/l]
# name 9 = sbeox0ML/L: Oxygen, SBE 43 [ml/l]
# name 10 = altM: Altimeter [m]
# name 11 = chloroflTC0: Chlorophyll, Turner Cyclops [ug/l]
# name 12 = cpar: CPAR/Corrected Irradiance [%]
# name 13 = par: PAR/Irradiance, Biospherical/Lico [µE/(cm^2*s)]
# name 14 = spar: SPAR, Biospherical/Licor
# name 15 = sal00: Salinity, Practical [PSU]
# name 16 = sal11: Salinity, Practical, 2 [PSU]
# name 17 = secS-priS: Salinity, Practical, Difference, 2 - 1 [PSU]
# name 18 = sigma-t00: Density [sigma-t, kg/m^3 ]
# name 19 = sigma-t11: Density, 2 [sigma-t, kg/m^3 ]
# name 20 = depSM: Depth [salt water, m], lat = 57.851
# name 21 = depFM: Depth [true depth, m], lat = 57.851
# name 22 = dz/dtM: Descent Rate [m/s], WS = 2
# name 23 = svCM: Sound Velocity [Chen-Millero, m/s]
# name 24 = svCM1: Sound Velocity, 2 [Chen-Millero, m/s]
# name 25 = flag: flag
# span 0 =        229,       6776       
# span 1 =      1.000,     68.500       
# span 2 =     3.4128,     8.1528       
# span 3 =     3.5248,     8.1346       
# span 4 =    -0.1336,     1.0142       
# span 5 =   0.772867,   0.954952       
# span 6 =   0.775543,   0.948933       
# span 7 =          1,          1       
# span 8 =     1.7670,     7.5513       
# span 9 =     1.4812,     7.7797       
# span 10 =       1.50,       9.99      
# span 11 =     0.0156,     0.0239      
# span 12 = -8.155e-04, 7.2440e+00      
# span 13 = -3.312e-04, 2.9423e+00      
# span 14 = 4.0615e+01, 4.1365e+01      
# span 15 =     7.0093,     8.9986      
# span 16 =     7.0095,     8.9491      
# span 17 =    -0.1508,     0.0007      
# span 18 =     5.3856,     7.1287      
# span 19 =     5.3873,     7.0912      
# span 20 =      0.991,     67.855      
# span 21 =      1.013,     69.371      
# span 22 =      0.132,      0.314      
# span 23 =    1429.41,    1449.28      
# span 24 =    1429.93,    1449.21      
# span 25 = 0.0000e+00, 0.0000e+00      
# interval = decibars: 0.5              
# start_time = Nov 24 2018 08:22:48 [NMEA time, first data scan]
# bad_flag = -9.990e-29
*END*
        229      1.000     7.6685     7.6700     0.0015    0.82059    0.82063          1     7.5377     7.7693       9.99     0.0230  7.244e+00  2.942e+00  4.062e+01     7.0096     7.0097     0.0000     5.3889     5.3888      0.991      1.013      0.132    1446.58    1446.59  0.000e+00
        380      1.500     7.6665     7.6671     0.0006    0.82055    0.82055          1     7.5284     7.7659       9.99     0.0221  6.190e+00  2.514e+00  4.062e+01     7.0096     7.0095    -0.0001     5.3890     5.3889      1.486      1.520      0.268    1446.58    1446.59  0.000e+00
        447      2.000     7.6714     7.6716     0.0002    0.82070    0.82070          1     7.5375     7.7675       9.98     0.0231  5.130e+00  2.084e+00  4.062e+01     7.0099     7.0099    -0.0000     5.3889     5.3888      1.981      2.026      0.228    1446.61    1446.61  0.000e+00
        496      2.500     7.6629     7.6631     0.0002    0.82049    0.82050          1     7.5311     7.7746       9.98     0.0223  4.395e+00  1.785e+00  4.062e+01     7.0096     7.0097     0.0001     5.3893     5.3894      2.477      2.533      0.262    1446.58    1446.59  0.000e+00
        546      3.000     7.6591     7.6614     0.0022    0.82040    0.82045          1     7.5367     7.7797       9.98     0.0221  3.732e+00  1.516e+00  4.062e+01     7.0095     7.0095     0.0000     5.3895     5.3893      2.972      3.039      0.229    1446.58    1446.59  0.000e+00
        600      3.500     7.6718     7.6639    -0.0079    0.82073    0.82053          1     7.5343     7.7752       9.98     0.0221  3.127e+00  1.270e+00  4.062e+01     7.0100     7.0097    -0.0003     5.3889     5.3893      3.468      3.546      0.230    1446.64    1446.60  0.000e+00
        648      4.000     7.6783     7.6685    -0.0099    0.82093    0.82065          1     7.5335     7.7781       9.98     0.0222  2.676e+00  1.087e+00  4.062e+01     7.0104     7.0099    -0.0005     5.3888     5.3891      3.963      4.052      0.250    1446.67    1446.63  0.000e+00
        700      4.500     7.6865     7.6813    -0.0053    0.82112    0.82098          1     7.5484     7.7730       9.98     0.0229  2.288e+00  9.293e-01  4.062e+01     7.0104     7.0102    -0.0002     5.3881     5.3884      4.458      4.559      0.221    1446.71    1446.69  0.000e+00
        754      5.000     7.6959     7.6894    -0.0065    0.82136    0.82118          1     7.5457     7.7791       9.98     0.0232  1.929e+00  7.833e-01  4.062e+01     7.0107     7.0104    -0.0003     5.3876     5.3879      4.954      5.065      0.234    1446.76    1446.74  0.000e+00
        800      5.500     7.7030     7.6955    -0.0073    0.82149    0.82133          1     7.5498     7.7748       9.98     0.0233  1.626e+00  6.605e-01  4.062e+01     7.0104     7.0105     0.0000     5.3869     5.3875      5.449      5.572      0.274    1446.80    1446.77  0.000e+00
        849      6.000     7.6736     7.6943     0.0207    0.82078    0.82130          1     7.5394     7.7676       9.98     0.0235  1.375e+00  5.587e-01  4.062e+01     7.0098     7.0104     0.0006     5.3886     5.3875      5.944      6.078      0.231    1446.68    1446.77  0.000e+00
        895      6.500     7.6600     7.6776     0.0176    0.82044    0.82089          1     7.5269     7.7797       9.97     0.0228  1.172e+00  4.762e-01  4.062e+01     7.0093     7.0099     0.0006     5.3892     5.3884      6.440      6.585      0.280    1446.64    1446.71  0.000e+00
        942      7.000     7.7003     7.6727    -0.0277    0.82144    0.82075          1     7.5403     7.7694       9.97     0.0225  9.716e-01  3.946e-01  4.062e+01     7.0103     7.0095    -0.0008     5.3870     5.3885      6.935      7.092      0.238    1446.81    1446.70  0.000e+00
        992      7.500     7.6790     7.6861     0.0070    0.82093    0.82108          1     7.5476     7.7756       9.97     0.0223  7.855e-01  3.191e-01  4.062e+01     7.0098     7.0099     0.0000     5.3883     5.3877      7.430      7.598      0.250    1446.73    1446.76  0.000e+00
       1042      8.000     7.7130     7.6841    -0.0288    0.82168    0.82105          1     7.5513     7.7736       9.97     0.0229  6.317e-01  2.566e-01  4.062e+01     7.0098     7.0099     0.0000     5.3856     5.3879      7.926      8.105      0.228    1446.88    1446.76  0.000e+00
       1092      8.500     7.6890     7.6920     0.0029    0.82112    0.82123          1     7.5463     7.7685       9.97     0.0236  4.962e-01  2.015e-01  4.062e+01     7.0095     7.0099     0.0004     5.3872     5.3873      8.421      8.611      0.256    1446.79    1446.80  0.000e+00
       1140      9.000     7.6691     7.6815     0.0125    0.82070    0.82100          1     7.5400     7.7721       9.97     0.0232  3.860e-01  1.568e-01  4.062e+01     7.0096     7.0099     0.0003     5.3888     5.3881      8.917      9.118      0.237    1446.71    1446.77  0.000e+00
       1189      9.500     7.6700     7.6746     0.0046    0.82079    0.82086          1     7.5411     7.7670       9.97     0.0232  2.817e-01  1.144e-01  4.062e+01     7.0102     7.0099    -0.0003     5.3892     5.3886      9.412      9.624      0.256    1446.73    1446.74  0.000e+00
       1239     10.000     7.6717     7.6737     0.0020    0.82086    0.82087          1     7.5391     7.7634       9.97     0.0233  1.910e-01  7.756e-02  4.062e+01     7.0104     7.0101    -0.0004     5.3893     5.3888      9.907     10.131      0.233    1446.74    1446.75  0.000e+00
       1287     10.500     7.6739     7.6762     0.0023    0.82094    0.82096          1     7.5474     7.7715       9.97     0.0239  1.093e-01  4.440e-02  4.062e+01     7.0106     7.0104    -0.0002     5.3892     5.3889     10.403     10.637      0.268    1446.76    1446.77  0.000e+00
       1335     11.000     7.6743     7.6745     0.0001    0.82096    0.82094          1     7.5312     7.7757       9.97     0.0235  3.481e-02  1.414e-02  4.062e+01     7.0107     7.0105    -0.0002     5.3893     5.3891     10.898     11.144      0.223    1446.77    1446.77  0.000e+00
       1389     11.500     7.6779     7.6749    -0.0030    0.82106    0.82096          1     7.5439     7.7769       9.97     0.0234 -8.155e-04 -3.312e-04  4.062e+01     7.0109     7.0105    -0.0003     5.3891     5.3891     11.393     11.650      0.245    1446.79    1446.78  0.000e+00
       1436     12.000     7.6758     7.6765     0.0007    0.82100    0.82102          1     7.5434     7.7761       9.97     0.0231  1.226e-07  4.978e-08  4.062e+01     7.0107     7.0107     0.0000     5.3891     5.3891     11.889     12.157      0.258    1446.79    1446.79  0.000e+00
       1482     12.500     7.6749     7.6759     0.0010    0.82098    0.82100          1     7.5495     7.7773       9.97     0.0232  2.462e-12  1.000e-12  4.062e+01     7.0106     7.0106     0.0000     5.3891     5.3891     12.384     12.663      0.263    1446.79    1446.80  0.000e+00
       1530     13.000     7.6747     7.6756     0.0009    0.82099    0.82101          1     7.5446     7.7710       9.97     0.0237  2.462e-12  1.000e-12  4.062e+01     7.0106     7.0106    -0.0000     5.3892     5.3891     12.879     13.170      0.235    1446.80    1446.81  0.000e+00
       1581     13.500     7.6733     7.6756     0.0022    0.82096    0.82101          1     7.5406     7.7703       9.97     0.0236  2.462e-12  1.000e-12  4.062e+01     7.0106     7.0106    -0.0000     5.3893     5.3891     13.375     13.677      0.247    1446.80    1446.81  0.000e+00
       1627     14.000     7.6742     7.6740    -0.0002    0.82099    0.82098          1     7.5413     7.7701       9.97     0.0237  2.462e-12  1.000e-12  4.062e+01     7.0106     7.0106    -0.0000     5.3892     5.3892     13.870     14.183      0.267    1446.82    1446.81  0.000e+00
       1675     14.500     7.6753     7.6738    -0.0015    0.82104    0.82098          1     7.5346     7.7688       9.97     0.0226  2.460e-12  1.000e-12  4.066e+01     7.0108     7.0106    -0.0003     5.3893     5.3892     14.365     14.690      0.240    1446.83    1446.82  0.000e+00
       1722     15.000     7.6816     7.6761    -0.0055    0.82125    0.82106          1     7.5349     7.7685       9.97     0.0228  2.462e-12  1.000e-12  4.062e+01     7.0115     7.0108    -0.0007     5.3893     5.3892     14.861     15.196      0.276    1446.86    1446.84  0.000e+00
       1766     15.500     7.6814     7.6777    -0.0038    0.82123    0.82112          1     7.5414     7.7620       9.97     0.0228  2.455e-12  1.000e-12  4.074e+01     7.0113     7.0109    -0.0003     5.3892     5.3892     15.356     15.703      0.254    1446.87    1446.85  0.000e+00
       1815     16.000     7.6819     7.6784    -0.0035    0.82127    0.82115          1     7.5393     7.7695       9.97     0.0225  2.457e-12  1.000e-12  4.070e+01     7.0114     7.0110    -0.0004     5.3892     5.3892     15.851     16.209      0.253    1446.88    1446.87  0.000e+00
       1860     16.500     7.6886     7.6826    -0.0059    0.82149    0.82128          1     7.5404     7.7644       9.97     0.0223  2.459e-12  1.000e-12  4.066e+01     7.0121     7.0113    -0.0008     5.3893     5.3892     16.347     16.716      0.260    1446.92    1446.89  0.000e+00
       1909     17.000     7.6796     7.6835     0.0039    0.82121    0.82132          1     7.5337     7.7682       9.97     0.0229  2.457e-12  1.000e-12  4.070e+01     7.0112     7.0115     0.0003     5.3893     5.3892     16.842     17.222      0.240    1446.89    1446.90  0.000e+00
       1957     17.500     7.6845     7.6803    -0.0041    0.82138    0.82123          1     7.5294     7.7730       9.97     0.0232  2.462e-12  1.000e-12  4.062e+01     7.0117     7.0112    -0.0005     5.3893     5.3892     17.337     17.729      0.271    1446.92    1446.90  0.000e+00
       2001     18.000     7.6988     7.6852    -0.0136    0.82183    0.82138          1     7.5294     7.7720       9.97     0.0238  2.460e-12  1.000e-12  4.066e+01     7.0130     7.0115    -0.0015     5.3892     5.3891     17.833     18.235      0.258    1446.98    1446.93  0.000e+00
       2049     18.500     7.7108     7.6950    -0.0158    0.82222    0.82170          1     7.5338     7.7702       9.97     0.0231  2.460e-12  1.000e-12  4.066e+01     7.0141     7.0125    -0.0016     5.3892     5.3891     18.328     18.742      0.258    1447.04    1446.98  0.000e+00
       2093     19.000     7.7025     7.7069     0.0044    0.82193    0.82208          1     7.5415     7.7711       9.97     0.0230  2.459e-12  1.000e-12  4.066e+01     7.0130     7.0135     0.0005     5.3890     5.3890     18.823     19.248      0.271    1447.01    1447.03  0.000e+00
       2142     19.500     7.6982     7.7043     0.0061    0.82179    0.82200          1     7.5390     7.7638       9.97     0.0220  2.462e-12  1.000e-12  4.062e+01     7.0125     7.0132     0.0007     5.3889     5.3890     19.319     19.755      0.236    1447.00    1447.03  0.000e+00
       2188     20.000     7.7029     7.7027    -0.0002    0.82195    0.82194          1     7.5333     7.7674       9.97     0.0229  2.462e-12  1.000e-12  4.062e+01     7.0130     7.0130    -0.0000     5.3889     5.3889     19.814     20.262      0.280    1447.03    1447.03  0.000e+00
       2234     20.500     7.7047     7.7042    -0.0006    0.82202    0.82199          1     7.5389     7.7673       9.97     0.0226  2.462e-12  1.000e-12  4.062e+01     7.0132     7.0131    -0.0001     5.3889     5.3889     20.309     20.768      0.235    1447.05    1447.05  0.000e+00
       2285     21.000     7.7243     7.7101    -0.0143    0.82268    0.82217          1     7.5156     7.7644       9.97     0.0227  2.456e-12  1.000e-12  4.071e+01     7.0153     7.0135    -0.0018     5.3891     5.3888     20.805     21.275      0.275    1447.14    1447.08  0.000e+00
       2324     21.500     7.7353     7.7213    -0.0140    0.82303    0.82256          1     7.5253     7.7601       9.97     0.0227  2.448e-12  1.000e-12  4.086e+01     7.0162     7.0147    -0.0015     5.3890     5.3889     21.300     21.781      0.292    1447.19    1447.14  0.000e+00
       2373     22.000     7.7399     7.7283    -0.0116    0.82317    0.82279          1     7.5281     7.7565       9.97     0.0224  2.462e-12  1.000e-12  4.062e+01     7.0166     7.0154    -0.0011     5.3889     5.3889     21.795     22.288      0.228    1447.22    1447.17  0.000e+00
       2420     22.500     7.7375     7.7370    -0.0006    0.82310    0.82308          1     7.5274     7.7511       9.97     0.0224  2.436e-12  1.000e-12  4.106e+01     7.0163     7.0162    -0.0001     5.3888     5.3888     22.291     22.794      0.287    1447.22    1447.22  0.000e+00
       2464     23.000     7.7371     7.7370    -0.0001    0.82308    0.82308          1     7.5313     7.7506       9.97     0.0226  2.454e-12  1.000e-12  4.075e+01     7.0162     7.0161    -0.0000     5.3888     5.3888     22.786     23.301      0.246    1447.23    1447.23  0.000e+00
       2515     23.500     7.7315     7.7361     0.0046    0.82289    0.82306          1     7.5319     7.7565       9.97     0.0224  2.447e-12  1.000e-12  4.087e+01     7.0155     7.0161     0.0006     5.3886     5.3888     23.281     23.807      0.249    1447.21    1447.23  0.000e+00
       2559     24.000     7.7366     7.7359    -0.0007    0.82309    0.82304          1     7.5268     7.7599       9.97     0.0228  2.427e-12  1.000e-12  4.122e+01     7.0162     7.0159    -0.0003     5.3888     5.3887     23.777     24.314      0.274    1447.24    1447.24  0.000e+00
       2605     24.500     7.7563     7.7423    -0.0140    0.82378    0.82326          1     7.5154     7.7497       9.97     0.0224  2.435e-12  1.000e-12  4.109e+01     7.0185     7.0166    -0.0019     5.3891     5.3887     24.272     24.820      0.251    1447.33    1447.27  0.000e+00
       2653     25.000     7.7480     7.7466    -0.0015    0.82349    0.82343          1     7.5084     7.7501       9.97     0.0222  2.439e-12  1.000e-12  4.102e+01     7.0175     7.0172    -0.0003     5.3890     5.3889     24.767     25.327      0.264    1447.30    1447.30  0.000e+00
       2697     25.500     7.7617     7.7510    -0.0107    0.82398    0.82357          1     7.5213     7.7467       9.97     0.0221  2.444e-12  1.000e-12  4.094e+01     7.0191     7.0176    -0.0016     5.3892     5.3888     25.262     25.833      0.269    1447.37    1447.32  0.000e+00
       2743     26.000     7.8282     7.7718    -0.0565    0.82673    0.82438          1     7.5191     7.7357       9.97     0.0220  2.427e-12  1.000e-12  4.122e+01     7.0309     7.0207    -0.0102     5.3933     5.3897     25.758     26.340      0.252    1447.67    1447.42  0.000e+00
       2792     26.500     7.9154     7.8108    -0.1046    0.83024    0.82597          1     7.4977     7.7344       9.97     0.0218  2.436e-12  1.000e-12  4.106e+01     7.0454     7.0274    -0.0180     5.3977     5.3919     26.253     26.847      0.246    1448.05    1447.60  0.000e+00
       2838     27.000     8.0093     7.8940    -0.1152    0.83425    0.82936          1     7.4902     7.7179       9.97     0.0222  2.422e-12  1.000e-12  4.132e+01     7.0630     7.0416    -0.0213     5.4040     5.3965     26.748     27.353      0.275    1448.46    1447.97  0.000e+00
       2884     27.500     8.0546     7.9681    -0.0867    0.83608    0.83240          1     7.4844     7.6993       9.97     0.0210  2.419e-12  1.000e-12  4.137e+01     7.0704     7.0543    -0.0161     5.4062     5.4006     27.244     27.860      0.248    1448.67    1448.29  0.000e+00
       2931     28.000     8.0582     7.9958    -0.0622    0.83622    0.83373          1     7.4751     7.6928       9.97     0.0212  2.438e-12  1.000e-12  4.103e+01     7.0710     7.0608    -0.0102     5.4063     5.4034     27.739     28.366      0.274    1448.69    1448.42  0.000e+00
