ctdpy/exports/archive_20191120_135557/received_data/SBE09_1044_20181110_0943_34_01_0125.cnv
* Sea-Bird SBE 9 Data File:
* FileName = C:\ctd\temp\ar18d125.hex
* Software Version Seasave V 7.26.7.107
* Temperature SN = 5351
* Conductivity SN = 3941
* Number of Bytes Per Scan = 41
* Number of Voltage Words = 4
* Number of Scans Averaged by the Deck Unit = 1
* NMEA Latitude = 55 33.33 N
* NMEA Longitude = 018 23.99 E
* NMEA UTC (Time) = Nov 10 2018  09:43:42
* NMEA baud rate = 4800
** Station:  BCS III-10
** Operator:  A-KTh
** Ship: ARANDA
** Average sound velocity: 1451.31 m/s
** True-depth calculation Sat, 10 Nov 2018 13:06:55 +0000
** CTD Python Module SMHI /ver 3-12/ feb 2012 
** LIMS Job: 20183401-0125
** Cruise: SMHI-6-2018
** Latitude [GG MM.mm N]:
** Longitude [GG MM.mm E]
# nquan = 26
# nvalues = 170                         
# units = specified
# name 0 = scan: Scan Count
# name 1 = prDM: Pressure, Digiquartz [db]
# name 2 = t090C: Temperature [ITS-90, deg C]
# name 3 = t190C: Temperature, 2 [ITS-90, deg C]
# name 4 = T2-T190C: Temperature Difference, 2 - 1 [ITS-90, deg C]
# name 5 = c0S/m: Conductivity [S/m]
# name 6 = c1S/m: Conductivity, 2 [S/m]
# name 7 = pumps: Pump Status
# name 8 = sbeox0ML/L: Oxygen, SBE 43 [ml/l]
# name 9 = sbeox1ML/L: Oxygen, SBE 43, 2 [ml/l]
# name 10 = altM: Altimeter [m]
# name 11 = flECO-AFL: Chl-a Fluorescence, WET Labs ECO-AFL/FL [mg/m^3]
# name 12 = flECO-AFL1: Phycocyanin Fluorescence, WET Labs ECO-AFL/FL, 2 [mg/m^3]
# name 13 = par: PAR/Irradiance, Biospherical/Lico [µE/(cm^2*s)]
# name 14 = turbWETntu0: Turbidity, WET Labs ECO [NTU]
# name 15 = sal00: Salinity, Practical [PSU]
# name 16 = sal11: Salinity, Practical, 2 [PSU]
# name 17 = secS-priS: Salinity, Practical, Difference, 2 - 1 [PSU]
# name 18 = sigma-t00: Density [sigma-t, Kg/m^3 ]
# name 19 = sigma-t11: Density, 2 [sigma-t, Kg/m^3 ]
# name 20 = depSM: Depth [salt water, m], lat = 55.5555
# name 21 = depFM: Depth [true depth, m], lat = 55.5555
# name 22 = dz/dtM: Descent Rate [m/s], WS = 2
# name 23 = svCM: Sound Velocity [Chen-Millero, m/s]
# name 24 = svCM1: Sound Velocity, 2 [Chen-Millero, m/s]
# name 25 = flag: flag
# span 0 =      42232,      46415       
# span 1 =      1.000,     85.500       
# span 2 =     3.8426,    10.8285       
# span 3 =     3.8440,    10.7964       
# span 4 =    -0.0320,     0.0227       
# span 5 =   0.780197,   1.468948       
# span 6 =   0.780209,   1.467775       
# span 7 =          1,          1       
# span 8 =    0.64298,    7.38500       
# span 9 =    0.77301,    7.65239       
# span 10 =       2.52,      98.17      
# span 11 =     0.2613,     1.3162      
# span 12 =     0.1453,     0.3951      
# span 13 = 1.0000e-12, 2.7995e+02      
# span 14 =     0.1486,     0.3561      
# span 15 =     7.2946,    12.9935      
# span 16 =     7.2951,    12.9865      
# span 17 =    -0.0199,     0.0023      
# span 18 =     5.3404,    10.0419      
# span 19 =     5.3438,    10.0376      
# span 20 =      0.991,     84.708      
# span 21 =      1.013,     86.563      
# span 22 =      0.056,      0.580      
# span 23 =    1431.52,    1459.55      
# span 24 =    1431.52,    1459.43      
# span 25 = 0.0000e+00, 0.0000e+00      
# interval = decibars: 0.5              
# start_time = Nov 10 2018 09:43:43 [NMEA time, first data scan]
# bad_flag = -9.990e-29
*END*
[from data line 56]
      43609     29.000    10.3396    10.3408     0.0012    0.91636    0.91635          1     7.1885     6.8671      60.44     1.1189     0.3951  2.122e-01  0.2372000     7.3208     7.3204    -0.0004     5.3810     5.3806     28.735     29.380      0.561    1458.07    1458.08  0.000e+00
      43630     29.500    10.3335    10.3348     0.0014    0.91616    0.91614          1     7.1914     6.8656      60.35     1.1416     0.3950  1.842e-01  0.2366000     7.3202     7.3198    -0.0004     5.3813     5.3807     29.231     29.887      0.568    1458.06    1458.06  0.000e+00
      43651     30.000    10.3398    10.3406     0.0008    0.91649    0.91646          1     7.1903     6.8677      59.75     1.1371     0.3787  1.566e-01  0.2396000     7.3217     7.3213    -0.0004     5.3818     5.3813     29.726     30.393      0.563    1458.09    1458.10  0.000e+00
      43673     30.500    10.3430    10.3444     0.0014    0.91667    0.91666          1     7.1972     6.8717      59.21     1.1255     0.3487  1.422e-01  0.2506000     7.3225     7.3222    -0.0003     5.3820     5.3816     30.221     30.900      0.561    1458.12    1458.12  0.000e+00
      43694     31.000    10.3424    10.3438     0.0014    0.91671    0.91671          1     7.1976     6.8685      58.71     1.1226     0.3275  1.258e-01  0.2591000     7.3230     7.3227    -0.0003     5.3825     5.3820     30.717     31.406      0.571    1458.12    1458.13  0.000e+00
      43715     31.500    10.3417    10.3431     0.0015    0.91678    0.91678          1     7.2019     6.8670      58.30     1.1321     0.3655  1.105e-01  0.2559000     7.3237     7.3234    -0.0003     5.3830     5.3826     31.212     31.913      0.580    1458.13    1458.13  0.000e+00
      43735     32.000    10.3300    10.3318     0.0018    0.91648    0.91649          1     7.2130     6.8731      57.85     1.3100     0.3676  9.208e-02  0.2348000     7.3233     7.3231    -0.0003     5.3841     5.3837     31.708     32.419      0.572    1458.09    1458.10  0.000e+00
      43757     32.500    10.3263    10.3278     0.0015    0.91660    0.91660          1     7.2050     6.8701      57.27     1.2590     0.3475  7.371e-02  0.2440000     7.3251     7.3248    -0.0003     5.3859     5.3855     32.203     32.926      0.553    1458.08    1458.09  0.000e+00
      43779     33.000    10.3210    10.3220     0.0009    0.91661    0.91659          1     7.1923     6.8625      56.89     1.2487     0.3523  6.333e-02  0.2604000     7.3262     7.3258    -0.0003     5.3873     5.3869     32.698     33.432      0.551    1458.07    1458.08  0.000e+00
      43800     33.500    10.2957    10.2902    -0.0055    0.91590    0.91571          1     7.1827     6.8653      36.61     1.2821     0.3831  4.957e-02  0.2762000     7.3251     7.3246    -0.0005     5.3893     5.3895     33.194     33.939      0.562    1457.98    1457.96  0.000e+00
      43821     34.000    10.2554    10.2564     0.0009    0.91486    0.91485          1     7.1749     6.8601      29.93     1.3162     0.3816  3.574e-02  0.2826000     7.3242     7.3239    -0.0003     5.3930     5.3927     33.689     34.446      0.559    1457.83    1457.84  0.000e+00
      43843     34.500    10.2560    10.2576     0.0017    0.91490    0.91490          1     7.1750     6.8620      11.60     1.2698     0.3829  2.326e-02  0.2563000     7.3244     7.3240    -0.0003     5.3931     5.3927     34.185     34.952      0.540    1457.84    1457.85  0.000e+00
      43866     35.000    10.2196    10.2201     0.0005    0.91392    0.91391          1     7.1596     6.8580      29.67     1.1442     0.3573  1.547e-02  0.2805000     7.3232     7.3230    -0.0002     5.3962     5.3959     34.680     35.459      0.544    1457.71    1457.71  0.000e+00
      43887     35.500    10.1788    10.1793     0.0005    0.91285    0.91282          1     7.1486     6.8524      17.09     1.1546     0.3522  3.873e-03  0.2407000     7.3221     7.3217    -0.0003     5.3998     5.3995     35.175     35.965      0.573    1457.56    1457.56  0.000e+00
      43908     36.000    10.0948    10.0959     0.0011    0.91051    0.91051          1     7.1613     6.8578      24.52     1.1907     0.3474  2.921e-03  0.2623000     7.3187     7.3185    -0.0002     5.4063     5.4060     35.671     36.472      0.574    1457.24    1457.24  0.000e+00
      43929     36.500    10.0353    10.0337    -0.0016    0.90892    0.90884          1     7.1675     6.8595      38.21     1.1333     0.3346  6.853e-05  0.2516000     7.3169     7.3165    -0.0004     5.4113     5.4112     36.166     36.978      0.550    1457.01    1457.00  0.000e+00
      43951     37.000    10.0123    10.0134     0.0011    0.90837    0.90836          1     7.1828     6.8631      52.30     1.0068     0.3243  6.400e-08  0.2271000     7.3166     7.3164    -0.0003     5.4136     5.4133     36.661     37.485      0.542    1456.93    1456.93  0.000e+00
      43973     37.500     9.9890     9.9891     0.0002    0.90776    0.90772          1     7.2028     6.8679      52.20     0.8946     0.3238  1.000e-12  0.2268000     7.3160     7.3157    -0.0004     5.4156     5.4153     37.157     37.991      0.563    1456.85    1456.85  0.000e+00
      43994     38.000     9.9720     9.9739     0.0019    0.90734    0.90735          1     7.2118     6.8738      51.92     0.7977     0.3227  1.000e-12  0.2484000     7.3158     7.3154    -0.0003     5.4172     5.4168     37.652     38.498      0.577    1456.79    1456.79  0.000e+00
      44015     38.500     9.9660     9.9679     0.0018    0.90722    0.90723          1     7.2102     6.8721      95.02     0.8941     0.3298  1.000e-12  0.2182000     7.3158     7.3156    -0.0003     5.4179     5.4175     38.148     39.004      0.567    1456.77    1456.78  0.000e+00
      44037     39.000     9.9575     9.9594     0.0019    0.90701    0.90702          1     7.2026     6.8698      33.93     0.8869     0.3350  1.000e-12  0.2101000     7.3157     7.3154    -0.0002     5.4187     5.4183     38.643     39.511      0.547    1456.75    1456.75  0.000e+00
      44059     39.500     9.9418     9.9444     0.0026    0.90658    0.90661          1     7.1947     6.8684      42.28     0.8617     0.3174  1.000e-12  0.2032000     7.3151     7.3148    -0.0002     5.4199     5.4195     39.138     40.017      0.542    1456.69    1456.70  0.000e+00
      44081     40.000     9.9279     9.9296     0.0018    0.90621    0.90621          1     7.1985     6.8697      49.45     0.8053     0.2653  1.000e-12  0.1922000     7.3146     7.3143    -0.0003     5.4210     5.4206     39.634     40.524      0.553    1456.65    1456.65  0.000e+00
      44102     40.500     9.9239     9.9256     0.0017    0.90615    0.90615          1     7.1960     6.8694      67.58     0.7647     0.3183  1.000e-12  0.1914000     7.3148     7.3145    -0.0004     5.4216     5.4212     40.129     41.030      0.564    1456.64    1456.65  0.000e+00
      44123     41.000     9.9229     9.9244     0.0014    0.90619    0.90618          1     7.1967     6.8641      21.00     0.8232     0.3236  1.000e-12  0.2181000     7.3153     7.3150    -0.0004     5.4221     5.4217     40.624     41.537      0.570    1456.64    1456.65  0.000e+00
      44144     41.500     9.9235     9.9248     0.0013    0.90630    0.90628          1     7.1921     6.8621      45.46     0.8467     0.3215  1.000e-12  0.2053000     7.3161     7.3157    -0.0004     5.4226     5.4222     41.120     42.043      0.570    1456.66    1456.66  0.000e+00
      44165     42.000     9.9194     9.9210     0.0016    0.90622    0.90622          1     7.1842     6.8605      47.44     0.8168     0.3210  1.000e-12  0.2016000     7.3162     7.3159    -0.0003     5.4232     5.4227     41.615     42.550      0.567    1456.65    1456.65  0.000e+00
      44187     42.500     9.9137     9.9156     0.0019    0.90608    0.90609          1     7.1934     6.8573      46.84     0.8603     0.3092  1.000e-12  0.2101000     7.3161     7.3158    -0.0003     5.4237     5.4232     42.111     43.056      0.565    1456.63    1456.64  0.000e+00
      44208     43.000     9.9034     9.9056     0.0022    0.90578    0.90580          1     7.1985     6.8655      46.34     0.8897     0.3784  1.000e-12  0.2070000     7.3155     7.3153    -0.0002     5.4243     5.4239     42.606     43.563      0.562    1456.60    1456.61  0.000e+00
      44229     43.500     9.8893     9.8915     0.0022    0.90538    0.90539          1     7.1998     6.8718      46.00     0.8638     0.3393  1.000e-12  0.1955000     7.3148     7.3145    -0.0003     5.4253     5.4248     43.101     44.070      0.555    1456.55    1456.56  0.000e+00
      44251     44.000     9.8804     9.8821     0.0018    0.90513    0.90513          1     7.1984     6.8751      71.46     0.7960     0.2841  1.000e-12  0.2068000     7.3144     7.3140    -0.0003     5.4259     5.4254     43.597     44.576      0.549    1456.53    1456.53  0.000e+00
      44273     44.500     9.8699     9.8718     0.0019    0.90483    0.90483          1     7.1994     6.8774      14.53     0.7609     0.2804  1.000e-12  0.2222000     7.3138     7.3135    -0.0003     5.4266     5.4261     44.092     45.083      0.547    1456.49    1456.50  0.000e+00
      44295     45.000     9.8582     9.8599     0.0017    0.90450    0.90449          1     7.1995     6.8816      22.70     0.7615     0.3415  1.000e-12  0.2011000     7.3132     7.3128    -0.0004     5.4273     5.4269     44.587     45.589      0.547    1456.45    1456.46  0.000e+00
      44317     45.500     9.8481     9.8499     0.0018    0.90420    0.90420          1     7.2006     6.8778      42.52     0.7699     0.2495  1.000e-12  0.2023000     7.3126     7.3123    -0.0003     5.4279     5.4275     45.083     46.096      0.537    1456.42    1456.43  0.000e+00
      44340     46.000     9.8332     9.8354     0.0022    0.90374    0.90376          1     7.2089     6.8755      43.32     0.8018     0.3333  1.000e-12  0.2047000     7.3116     7.3113    -0.0003     5.4287     5.4282     45.578     46.602      0.531    1456.37    1456.38  0.000e+00
      44362     46.500     9.8094     9.8116     0.0022    0.90298    0.90300          1     7.2124     6.8717      42.95     0.8218     0.3619  1.000e-12  0.1994000     7.3097     7.3095    -0.0003     5.4297     5.4293     46.073     47.109      0.553    1456.28    1456.29  0.000e+00
      44383     47.000     9.7899     9.7922     0.0023    0.90241    0.90243          1     7.2066     6.8736      42.52     0.8388     0.3410  1.000e-12  0.2032000     7.3086     7.3083    -0.0003     5.4309     5.4304     46.569     47.615      0.572    1456.21    1456.22  0.000e+00
      44404     47.500     9.7749     9.7769     0.0020    0.90195    0.90196          1     7.2009     6.8736      42.01     0.8951     0.3243  1.000e-12  0.2296000     7.3076     7.3073    -0.0003     5.4316     5.4312     47.064     48.122      0.569    1456.16    1456.17  0.000e+00
      44425     48.000     9.7614     9.7636     0.0022    0.90155    0.90158          1     7.1952     6.8696      41.40     0.8952     0.3230  1.000e-12  0.2177000     7.3068     7.3066    -0.0002     5.4325     5.4320     47.560     48.628      0.560    1456.11    1456.12  0.000e+00
      44447     48.500     9.7309     9.7327     0.0017    0.90064    0.90064          1     7.1982     6.8660      40.85     0.8952     0.3222  1.000e-12  0.2498000     7.3049     7.3046    -0.0003     5.4342     5.4337     48.055     49.135      0.563    1456.00    1456.01  0.000e+00
      44468     49.000     9.7108     9.7132     0.0024    0.90004    0.90007          1     7.1945     6.8625      40.36     0.8258     0.2979  1.000e-12  0.2312000     7.3037     7.3035    -0.0002     5.4353     5.4349     48.550     49.641      0.567    1455.93    1455.94  0.000e+00
      44489     49.500     9.6831     9.6843     0.0013    0.89929    0.89928          1     7.1824     6.8641      39.86     0.8138     0.2853  1.000e-12  0.2562000     7.3027     7.3023    -0.0003     5.4373     5.4370     49.046     50.148      0.555    1455.83    1455.83  0.000e+00
      44511     50.000     9.6637     9.6654     0.0017    0.89891    0.89890          1     7.1766     6.8633      39.35     0.8493     0.2995  1.000e-12  0.2877000     7.3033     7.3029    -0.0004     5.4398     5.4393     49.541     50.654      0.538    1455.76    1455.77  0.000e+00
      44534     50.500     9.6483     9.6501     0.0018    0.89876    0.89875          1     7.1735     6.8554      38.82     0.8606     0.3364  1.000e-12  0.2457000     7.3050     7.3046    -0.0005     5.4428     5.4422     50.036     51.161      0.531    1455.71    1455.71  0.000e+00
      44556     51.000     9.6420     9.6440     0.0020    0.89882    0.89881          1     7.1483     6.8425      38.31     0.8729     0.3565  1.000e-12  0.2234000     7.3067     7.3062    -0.0005     5.4447     5.4442     50.532     51.667      0.541    1455.69    1455.70  0.000e+00
      44578     51.500     9.6281     9.6300     0.0020    0.89866    0.89867          1     7.1523     6.8542      37.78     0.9913     0.2941  1.000e-12  0.2400000     7.3081     7.3077    -0.0003     5.4472     5.4468     51.027     52.174      0.562    1455.65    1455.66  0.000e+00
      44599     52.000     9.5822     9.5868     0.0046    0.89758    0.89767          1     7.1842     6.9100      37.32     0.9294     0.3311  1.000e-12  0.2266000     7.3079     7.3077    -0.0002     5.4518     5.4512     51.522     52.680      0.572    1455.48    1455.50  0.000e+00
      44620     52.500     9.4952     9.4979     0.0027    0.89600    0.89604          1     7.2026     6.9856      36.76     0.8659     0.3462  1.000e-12  0.2161000     7.3116     7.3115    -0.0001     5.4634     5.4631     52.018     53.187      0.560    1455.15    1455.16  0.000e+00
      44642     53.000     9.3182     9.3288     0.0106    0.89221    0.89248          1     7.1580     7.0200      36.33     0.8734     0.3377  1.000e-12  0.2256000     7.3142     7.3144     0.0003     5.4830     5.4822     52.513     53.693      0.546    1454.46    1454.50  0.000e+00
      44664     53.500     8.8152     8.8284     0.0132    0.88190    0.88225          1     7.0206     6.9779      35.74     0.8737     0.3197  1.000e-12  0.2440000     7.3256     7.3260     0.0004     5.5397     5.5389     53.008     54.200      0.557    1452.48    1452.53  0.000e+00
      44685     54.000     8.1731     8.1944     0.0209    0.86891    0.86958          1     6.9479     6.9585      35.25     0.7296     0.3084  1.000e-12  0.2496000     7.3415     7.3432     0.0017     5.6081     5.6077     53.504     54.706      0.578    1449.91    1449.99  0.000e+00
      44706     54.500     7.3644     7.3696     0.0055    0.85276    0.85313          1     6.9623     6.9637      34.71     0.8560     0.3237  1.000e-12  0.2252000     7.3631     7.3654     0.0023     5.6884     5.6898     53.999     55.213      0.573    1446.62    1446.64  0.000e+00
      44727     55.000     6.8372     6.8441     0.0069    0.84200    0.84222          1     6.9993     6.9632      34.23     0.8482     0.3243  1.000e-12  0.2237000     7.3749     7.3755     0.0007     5.7343     5.7344     54.494     55.719      0.552    1444.44    1444.47  0.000e+00
      44749     55.500     6.5405     6.5496     0.0091    0.83588    0.83620          1     7.0812     7.0190      33.75     0.6981     0.3071  1.000e-12  0.2169000     7.3807     7.3818     0.0011     5.7577     5.7580     54.990     56.225      0.546    1443.20    1443.24  0.000e+00
      44771     56.000     6.1399     6.1473     0.0073    0.82695    0.82721          1     7.1162     7.0748      32.94     0.6225     0.2944  1.000e-12  0.2055000     7.3822     7.3831     0.0009     5.7823     5.7826     55.485     56.732      0.550    1441.50    1441.54  0.000e+00
