ctdpy/exports/archive_20191120_135557/received_data/SBE09_1044_20181014_1609_34_01_0091.cnv
* Sea-Bird SBE 9 Data File:
* FileName = C:\ctd\temp\ar18d091.hex
* Software Version Seasave V 7.21e
* Temperature SN = 5351
* Conductivity SN = 3941
* Number of Bytes Per Scan = 41
* Number of Voltage Words = 4
* Number of Scans Averaged by the Deck Unit = 1
* NMEA Latitude = 59 29.02 N
* NMEA Longitude = 022 53.77 E
* NMEA UTC (Time) = Oct 14 2018  19:09:35
* NMEA baud rate = 4800
** Station:  LL12
** Operator:  Dbsj
** Ship: ARANDA
** Average sound velocity: 1463.85 m/s
** True-depth calculation Sun, 14 Oct 2018 19:22:48 +0000
** CTD Python Module SMHI /ver 3-12/ feb 2012 
** LIMS Job: 20183401-0091
** Cruise: SMHI-4-2018
** Latitude [GG MM.mm N]:
** Longitude [GG MM.mm E]
# nquan = 26
# nvalues = 153                         
# units = specified
# name 0 = scan: Scan Count
# name 1 = prDM: Pressure, Digiquartz [db]
# name 2 = t090C: Temperature [ITS-90, deg C]
# name 3 = t190C: Temperature, 2 [ITS-90, deg C]
# name 4 = T2-T190C: Temperature Difference, 2 - 1 [ITS-90, deg C]
# name 5 = c0S/m: Conductivity [S/m]
# name 6 = c1S/m: Conductivity, 2 [S/m]
# name 7 = pumps: Pump Status
# name 8 = sbeox0ML/L: Oxygen, SBE 43 [ml/l]
# name 9 = sbeox1ML/L: Oxygen, SBE 43, 2 [ml/l]
# name 10 = altM: Altimeter [m]
# name 11 = flECO-AFL: Chl-a Fluorescence, WET Labs ECO-AFL/FL [mg/m^3]
# name 12 = flECO-AFL1: Phycocyanin Fluorescence, WET Labs ECO-AFL/FL, 2 [mg/m^3]
# name 13 = par: PAR/Irradiance, Biospherical/Lico [µE/(cm^2*s)]
# name 14 = turbWETntu0: Turbidity, WET Labs ECO [NTU]
# name 15 = sal00: Salinity, Practical [PSU]
# name 16 = sal11: Salinity, Practical, 2 [PSU]
# name 17 = secS-priS: Salinity, Practical, Difference, 2 - 1 [PSU]
# name 18 = sigma-t00: Density [sigma-t, Kg/m^3 ]
# name 19 = sigma-t11: Density, 2 [sigma-t, Kg/m^3 ]
# name 20 = depSM: Depth [salt water, m], lat = 59.4837
# name 21 = depFM: Depth [true depth, m], lat = 59.4837
# name 22 = dz/dtM: Descent Rate [m/s], WS = 2
# name 23 = svCM: Sound Velocity [Chen-Millero, m/s]
# name 24 = svCM1: Sound Velocity, 2 [Chen-Millero, m/s]
# name 25 = flag: flag
# span 0 =       3379,       7167       
# span 1 =      1.500,     77.500       
# span 2 =     7.3683,    13.1826       
# span 3 =     7.3148,    13.1870       
# span 4 =    -0.0559,     0.2092       
# span 5 =   0.795133,   0.866949       
# span 6 =   0.795274,   0.866941       
# span 7 =          1,          1       
# span 8 =    4.99932,    6.43621       
# span 9 =    5.43517,    6.92026       
# span 10 =       2.77,      80.14      
# span 11 =     0.3725,     1.3992      
# span 12 =     0.2115,     0.4735      
# span 13 = -1.299e-04, 2.7139e-01      
# span 14 =     0.3217,     0.5278      
# span 15 =     6.2267,     6.8394      
# span 16 =     6.2264,     6.8454      
# span 17 =    -0.0129,     0.0061      
# span 18 =     4.1727,     5.2771      
# span 19 =     4.1718,     5.2858      
# span 20 =      1.486,     76.758      
# span 21 =      1.521,     78.589      
# span 22 =     -0.213,      0.856      
# span 23 =    1446.35,    1467.65      
# span 24 =    1446.13,    1467.66      
# span 25 = 0.0000e+00, 0.0000e+00      
# interval = decibars: 0.5              
# start_time = Oct 14 2018 19:09:35 [NMEA time, first data scan]
# bad_flag = -9.990e-29
*END*
[from data line 56]
       4822     29.500    13.1359    13.1371     0.0012    0.85903    0.85901          1     6.3660     6.8463      52.44     1.0122     0.3239  1.000e-12  0.4791000     6.3370     6.3367    -0.0003     4.2635     4.2631     29.221     29.921      0.636    1467.34    1467.35  0.000e+00
       4845     30.000    13.1356    13.1370     0.0013    0.85904    0.85902          1     6.3544     6.8461      51.85     1.0101     0.3510  1.000e-12  0.4839000     6.3370     6.3367    -0.0003     4.2636     4.2631     29.716     30.428      0.460    1467.35    1467.35  0.000e+00
       4876     30.500    13.1358    13.1370     0.0013    0.85907    0.85905          1     6.3640     6.8419      51.04     1.0191     0.3494  1.000e-12  0.4638000     6.3373     6.3369    -0.0003     4.2637     4.2633     30.211     30.935      0.398    1467.36    1467.36  0.000e+00
       4903     31.000    13.1367    13.1379     0.0012    0.85922    0.85922          1     6.3620     6.8388      50.71     1.0546     0.3381  1.000e-12  0.4580000     6.3382     6.3380    -0.0002     4.2643     4.2640     30.707     31.442      0.557    1467.37    1467.38  0.000e+00
       4921     31.500    13.1393    13.1401     0.0009    0.85942    0.85940          1     6.3641     6.8341      50.35     1.0336     0.3390  1.000e-12  0.4779000     6.3394     6.3390    -0.0004     4.2649     4.2644     31.202     31.949      0.651    1467.39    1467.39  0.000e+00
       4939     32.000    13.1389    13.1401     0.0012    0.85949    0.85948          1     6.3621     6.8374      49.89     1.0054     0.3173  1.000e-12  0.4805000     6.3399     6.3396    -0.0003     4.2653     4.2649     31.697     32.456      0.634    1467.40    1467.40  0.000e+00
       4960     32.500    13.1384    13.1396     0.0012    0.85962    0.85961          1     6.3503     6.8413      49.29     0.9633     0.3266  1.000e-12  0.4627000     6.3410     6.3407    -0.0003     4.2662     4.2658     32.192     32.963      0.511    1467.41    1467.41  0.000e+00
       4988     33.000    13.1385    13.1397     0.0013    0.85970    0.85968          1     6.3491     6.8395      48.66     0.9823     0.3392  1.000e-12  0.4568000     6.3415     6.3412    -0.0003     4.2666     4.2662     32.688     33.471      0.427    1467.41    1467.42  0.000e+00
       5014     33.500    13.1387    13.1398     0.0011    0.85977    0.85974          1     6.3493     6.8363      48.20     1.0060     0.3363  1.000e-12  0.4598000     6.3420     6.3416    -0.0005     4.2670     4.2665     33.183     33.978      0.539    1467.42    1467.43  0.000e+00
       5034     34.000    13.1389    13.1401     0.0011    0.85984    0.85983          1     6.3492     6.8412      47.74     0.9910     0.3489  1.000e-12  0.4710000     6.3426     6.3422    -0.0003     4.2673     4.2670     33.678     34.485      0.594    1467.43    1467.44  0.000e+00
       5055     34.500    13.1380    13.1393     0.0012    0.85992    0.85991          1     6.3468     6.8417      47.29     0.9720     0.3242  1.000e-12  0.5030000     6.3433     6.3430    -0.0003     4.2680     4.2676     34.173     34.992      0.537    1467.44    1467.44  0.000e+00
       5079     35.000    13.1373    13.1386     0.0012    0.85999    0.85997          1     6.3528     6.8399      46.75     0.9719     0.3501  1.000e-12  0.4898000     6.3439     6.3435    -0.0003     4.2686     4.2682     34.669     35.499      0.496    1467.45    1467.45  0.000e+00
       5102     35.500    13.1369    13.1380     0.0012    0.86004    0.86002          1     6.3577     6.8324      46.18     0.9644     0.3803  1.000e-12  0.4608000     6.3443     6.3440    -0.0004     4.2690     4.2686     35.164     36.006      0.583    1467.45    1467.46  0.000e+00
       5121     36.000    13.1362    13.1373     0.0011    0.86020    0.86018          1     6.3598     6.8377      45.74     0.9642     0.3641  1.000e-12  0.4553000     6.3457     6.3453    -0.0004     4.2701     4.2697     35.659     36.513      0.665    1467.46    1467.46  0.000e+00
       5138     36.500    13.1352    13.1364     0.0011    0.86028    0.86025          1     6.3548     6.8450      45.24     0.9711     0.3497  1.000e-12  0.4562000     6.3464     6.3460    -0.0004     4.2708     4.2704     36.154     37.020      0.644    1467.46    1467.47  0.000e+00
       5159     37.000    13.1350    13.1362     0.0012    0.86035    0.86033          1     6.3515     6.8353      44.74     0.9400     0.3226  1.000e-12  0.4640000     6.3469     6.3466    -0.0003     4.2713     4.2709     36.649     37.527      0.495    1467.47    1467.48  0.000e+00
       5191     37.500    13.1349    13.1362     0.0013    0.86047    0.86045          1     6.3429     6.8229      44.05     0.9600     0.3239  1.000e-12  0.4675000     6.3479     6.3475    -0.0004     4.2721     4.2716     37.145     38.034      0.354    1467.48    1467.49  0.000e+00
       5222     38.000    13.1364    13.1375     0.0011    0.86079    0.86076          1     6.3392     6.8158      43.55     0.9538     0.3181  1.000e-12  0.4931000     6.3501     6.3497    -0.0004     4.2735     4.2730     37.640     38.542      0.541    1467.50    1467.50  0.000e+00
       5240     38.500    13.1385    13.1396     0.0011    0.86118    0.86117          1     6.3214     6.8122      43.23     0.9376     0.3077  1.000e-12  0.4498000     6.3528     6.3526    -0.0002     4.2753     4.2750     38.135     39.049      0.718    1467.52    1467.52  0.000e+00
       5255     39.000    13.1389    13.1400     0.0011    0.86124    0.86123          1     6.3200     6.8072      42.74     0.9179     0.3333  1.000e-12  0.4516000     6.3532     6.3529    -0.0003     4.2756     4.2752     38.630     39.556      0.755    1467.53    1467.53  0.000e+00
       5271     39.500    13.1405    13.1414     0.0009    0.86146    0.86141          1     6.3232     6.8107      42.31     0.9061     0.3384  1.000e-12  0.4542000     6.3546     6.3541    -0.0005     4.2764     4.2759     39.125     40.063      0.655    1467.54    1467.55  0.000e+00
       5294     40.000    13.1411    13.1424     0.0012    0.86156    0.86156          1     6.3171     6.8141      41.62     0.9015     0.3337  1.000e-12  0.4591000     6.3553     6.3551    -0.0002     4.2768     4.2765     39.621     40.570      0.440    1467.55    1467.56  0.000e+00
       5329     40.500    13.1434    13.1448     0.0013    0.86193    0.86190          1     6.3124     6.7887      40.95     0.9202     0.3233  1.000e-12  0.4350000     6.3578     6.3573    -0.0005     4.2784     4.2779     40.116     41.077      0.365    1467.57    1467.58  0.000e+00
       5356     41.000    13.1503    13.1509     0.0005    0.86321    0.86303          1     6.3091     6.7278      21.90     0.9069     0.3214  1.000e-12  0.4513000     6.3667     6.3652    -0.0015     4.2843     4.2831     40.611     41.584      0.617    1467.62    1467.62  0.000e+00
       5372     41.500    13.1501    13.1519     0.0018    0.86607    0.86593          1     6.2701     6.7027       3.59     0.8807     0.3242  1.000e-12  0.4517000     6.3894     6.3880    -0.0014     4.3018     4.3005     41.106     42.091      0.776    1467.65    1467.66  0.000e+00
       5386     42.000    13.1280    13.1302     0.0022    0.86671    0.86667          1     6.2325     6.6885       3.19     0.7154     0.3362  1.000e-12  0.4089000     6.3981     6.3974    -0.0007     4.3117     4.3109     41.602     42.598      0.791    1467.59    1467.60  0.000e+00
       5402     42.500    13.1088    13.1117     0.0029    0.86695    0.86694          1     6.2187     6.6813       9.64     0.6701     0.3129  1.000e-12  0.4010000     6.4032     6.4026    -0.0006     4.3184     4.3176     42.097     43.105      0.638    1467.53    1467.54  0.000e+00
       5431     43.000    13.0864    13.0890     0.0027    0.86667    0.86667          1     6.2189     6.6872      36.67     0.6117     0.2669  1.000e-12  0.3798000     6.4047     6.4043    -0.0004     4.3227     4.3221     42.592     43.613      0.348    1467.46    1467.47  0.000e+00
       5467     43.500    13.0748    13.0770     0.0022    0.86657    0.86656          1     6.2174     6.7009      37.88     0.6386     0.2785  1.000e-12  0.3835000     6.4058     6.4054    -0.0004     4.3253     4.3246     43.087     44.120      0.513    1467.43    1467.44  0.000e+00
       5485     44.000    13.0637    13.0658     0.0021    0.86658    0.86657          1     6.2173     6.6948      37.51     0.6217     0.2753  1.000e-12  0.3747000     6.4077     6.4073    -0.0004     4.3283     4.3276     43.582     44.627      0.671    1467.40    1467.41  0.000e+00
       5502     44.500    13.0409    13.0441     0.0032    0.86637    0.86638          1     6.2148     6.6812      37.15     0.6051     0.2778  1.000e-12  0.3775000     6.4098     6.4093    -0.0005     4.3331     4.3323     44.077     45.134      0.671    1467.33    1467.34  0.000e+00
       5521     45.000    13.0167    13.0190     0.0023    0.86604    0.86604          1     6.2169     6.6753      36.55     0.5795     0.3068  1.000e-12  0.3946000     6.4112     6.4108    -0.0004     4.3377     4.3370     44.573     45.641      0.581    1467.25    1467.26  0.000e+00
       5544     45.500    13.0086    13.0103     0.0017    0.86598    0.86597          1     6.2191     6.6780      36.01     0.5796     0.2543  1.000e-12  0.3893000     6.4120     6.4117    -0.0003     4.3395     4.3390     45.068     46.148      0.479    1467.23    1467.24  0.000e+00
       5571     46.000    12.9985    13.0001     0.0017    0.86587    0.86586          1     6.2101     6.6882      35.40     0.5996     0.2904  1.000e-12  0.3562000     6.4128     6.4125    -0.0004     4.3415     4.3410     45.563     46.655      0.446    1467.20    1467.21  0.000e+00
       5597     46.500    12.9879    12.9893     0.0014    0.86572    0.86570          1     6.2142     6.6825      34.91     0.6168     0.3214  1.000e-12  0.3789000     6.4133     6.4130    -0.0003     4.3434     4.3429     46.058     47.162      0.515    1467.17    1467.18  0.000e+00
       5618     47.000    12.9789    12.9803     0.0014    0.86563    0.86562          1     6.2160     6.6717      34.50     0.6287     0.2884  1.000e-12  0.3958000     6.4141     6.4138    -0.0003     4.3453     4.3448     46.554     47.669      0.620    1467.15    1467.15  0.000e+00
       5636     47.500    12.9733    12.9745     0.0011    0.86572    0.86570          1     6.2153     6.6747      34.04     0.6121     0.2716  1.000e-12  0.3845000     6.4157     6.4154    -0.0003     4.3473     4.3469     47.049     48.176      0.664    1467.14    1467.14  0.000e+00
       5655     48.000    12.9701    12.9716     0.0015    0.86594    0.86592          1     6.2143     6.6828      33.53     0.6121     0.3217  1.000e-12  0.3784000     6.4179     6.4175    -0.0004     4.3494     4.3489     47.544     48.683      0.582    1467.14    1467.14  0.000e+00
       5680     48.500    12.9532    12.9560     0.0028    0.86581    0.86583          1     6.2103     6.6833      32.88     0.6354     0.3084  1.000e-12  0.3783000     6.4197     6.4194    -0.0004     4.3533     4.3526     48.039     49.190      0.422    1467.09    1467.10  0.000e+00
       5710     49.000    12.9382    12.9399     0.0017    0.86564    0.86563          1     6.2123     6.6825      32.36     0.6473     0.2639  1.000e-12  0.3857000     6.4208     6.4205    -0.0004     4.3562     4.3557     48.534     49.697      0.475    1467.04    1467.05  0.000e+00
       5731     49.500    12.9295    12.9309     0.0014    0.86559    0.86558          1     6.2247     6.7079      31.51     0.6387     0.2657  1.000e-12  0.3942000     6.4219     6.4215    -0.0003     4.3582     4.3578     49.029     50.204      0.609    1467.02    1467.03  0.000e+00
       5750     50.000    12.9201    12.9214     0.0014    0.86556    0.86554          1     6.2314     6.7122      31.10     0.6407     0.2458  1.000e-12  0.3909000     6.4231     6.4228    -0.0003     4.3606     4.3601     49.525     50.711      0.614    1467.00    1467.00  0.000e+00
       5771     50.500    12.9140    12.9157     0.0017    0.86566    0.86564          1     6.2329     6.6981      30.53     0.6503     0.2749  1.000e-12  0.4077000     6.4249     6.4245    -0.0004     4.3628     4.3622     50.020     51.219      0.528    1466.99    1466.99  0.000e+00
       5796     51.000    12.8992    12.9012     0.0021    0.86564    0.86564          1     6.2252     6.6834      30.09     0.6415     0.3160  1.000e-12  0.3989000     6.4272     6.4269    -0.0004     4.3666     4.3660     50.515     51.726      0.489    1466.94    1466.95  0.000e+00
       5819     51.500    12.8822    12.8835     0.0014    0.86551    0.86550          1     6.2225     6.6792      29.55     0.6309     0.2649  1.000e-12  0.3865000     6.4290     6.4287    -0.0003     4.3704     4.3700     51.010     52.233      0.556    1466.89    1466.89  0.000e+00
       5839     52.000    12.8697    12.8709     0.0012    0.86527    0.86526          1     6.2169     6.6820      29.24     0.6273     0.2650  1.000e-12  0.4334000     6.4292     6.4289    -0.0003     4.3723     4.3719     51.505     52.740      0.590    1466.85    1466.86  0.000e+00
       5860     52.500    12.8584    12.8596     0.0012    0.86515    0.86514          1     6.2154     6.6809      28.75     0.6186     0.3141  1.000e-12  0.4448000     6.4301     6.4298    -0.0003     4.3745     4.3742     52.001     53.247      0.543    1466.82    1466.82  0.000e+00
       5884     53.000    12.8496    12.8511     0.0015    0.86504    0.86504          1     6.2183     6.6784      28.20     0.6085     0.2987  1.000e-12  0.3965000     6.4306     6.4304    -0.0003     4.3762     4.3758     52.496     53.754      0.473    1466.80    1466.80  0.000e+00
       5910     53.500    12.8451    12.8465     0.0014    0.86504    0.86503          1     6.2200     6.6858      27.66     0.6218     0.2580  1.000e-12  0.3817000     6.4314     6.4310    -0.0003     4.3774     4.3769     52.991     54.261      0.495    1466.79    1466.79  0.000e+00
       5932     54.000    12.8419    12.8431     0.0012    0.86513    0.86511          1     6.2265     6.6886      27.22     0.6299     0.2842  1.000e-12  0.3916000     6.4326     6.4322    -0.0004     4.3788     4.3783     53.486     54.768      0.593    1466.79    1466.79  0.000e+00
       5951     54.500    12.8364    12.8376     0.0012    0.86522    0.86519          1     6.2421     6.7050      26.75     0.6395     0.3081  1.000e-12  0.4293000     6.4342     6.4338    -0.0004     4.3808     4.3803     53.981     55.275      0.623    1466.78    1466.78  0.000e+00
       5971     55.000    12.8241    12.8257     0.0016    0.86574    0.86572          1     6.2625     6.7397      26.22     0.6219     0.3080  1.000e-12  0.4175000     6.4403     6.4399    -0.0004     4.3872     4.3867     54.476     55.782      0.537    1466.75    1466.75  0.000e+00
       5998     55.500    12.8024    12.8065     0.0041    0.86591    0.86590          1     6.2836     6.7590      25.61     0.6250     0.3185  1.000e-12  0.4242000     6.4454     6.4446    -0.0008     4.3942     4.3930     54.972     56.289      0.423    1466.68    1466.70  0.000e+00
       6026     56.000    12.7399    12.7521     0.0122    0.86395    0.86452          1     6.2908     6.7366      25.09     0.6283     0.2913  1.000e-12  0.4111000     6.4401     6.4426     0.0025     4.3988     4.3991     55.467     56.796      0.507    1466.46    1466.50  0.000e+00
       6046     56.500    12.5895    12.5901     0.0007    0.85821    0.85811          1     6.2724     6.6787      24.68     0.6104     0.2767  1.000e-12  0.4223000     6.4195     6.4186    -0.0009     4.4036     4.4028     55.962     57.303      0.636    1465.89    1465.89  0.000e+00
