ctdpy/exports/archive_20191120_135557/received_data/SBE09_1044_20180318_1209_34_02_0064.cnv
* Sea-Bird SBE 9 Data File:
* FileName = C:\ctd\temp\2018\ME18D064.hex
* Software Version Seasave V 7.26.6.26
* Temperature SN = 5351
* Conductivity SN = 3941
* Number of Bytes Per Scan = 41
* Number of Voltage Words = 4
* Number of Scans Averaged by the Deck Unit = 1
* NMEA Latitude = 54 58.28 N
* NMEA Longitude = 014 05.92 E
* NMEA UTC (Time) = Mar 18 2018  12:09:12
* NMEA baud rate = 4800
** Station:  BY2
** Operator:  A-KTh
** Ship: MERI
** Average sound velocity: 1422.92 m/s
** True-depth calculation Sun, 18 Mar 2018 13:12:31 +0000
** CTD Python Module SMHI /ver 3-12/ feb 2012 
** LIMS Job: 20183402-0064
** Cruise: SMHI-02-2018
** Latitude [GG MM.mm N] :
** Longitude [GG MM.mm E]:
# nquan = 26
# nvalues = 85                          
# units = specified
# name 0 = scan: Scan Count
# name 1 = prDM: Pressure, Digiquartz [db]
# name 2 = t090C: Temperature [ITS-90, deg C]
# name 3 = t190C: Temperature, 2 [ITS-90, deg C]
# name 4 = T2-T190C: Temperature Difference, 2 - 1 [ITS-90, deg C]
# name 5 = c0S/m: Conductivity [S/m]
# name 6 = c1S/m: Conductivity, 2 [S/m]
# name 7 = pumps: Pump Status
# name 8 = sbeox0ML/L: Oxygen, SBE 43 [ml/l]
# name 9 = sbeox1ML/L: Oxygen, SBE 43, 2 [ml/l]
# name 10 = altM: Altimeter [m]
# name 11 = flECO-AFL: Chl-a Fluorescence, WET Labs ECO-AFL/FL [mg/m^3]
# name 12 = flECO-AFL1: Phycocyanin Fluorescence, WET Labs ECO-AFL/FL, 2 [mg/m^3]
# name 13 = par: PAR/Irradiance, Biospherical/Lico [µE/(cm^2*s)]
# name 14 = turbWETntu0: Turbidity, WET Labs ECO [NTU]
# name 15 = sal00: Salinity, Practical [PSU]
# name 16 = sal11: Salinity, Practical, 2 [PSU]
# name 17 = secS-priS: Salinity, Practical, Difference, 2 - 1 [PSU]
# name 18 = sigma-t00: Density [sigma-t, Kg/m^3 ]
# name 19 = sigma-t11: Density, 2 [sigma-t, Kg/m^3 ]
# name 20 = depSM: Depth [salt water, m], lat = 54.9713
# name 21 = depFM: Depth [true depth, m], lat = 54.9713
# name 22 = dz/dtM: Descent Rate [m/s], WS = 2
# name 23 = svCM: Sound Velocity [Chen-Millero, m/s]
# name 24 = svCM1: Sound Velocity, 2 [Chen-Millero, m/s]
# name 25 = flag: flag
# span 0 =       7256,       8992       
# span 1 =      1.000,     43.000       
# span 2 =     1.9372,     2.0561       
# span 3 =     1.9381,     2.0501       
# span 4 =    -0.0066,     0.0076       
# span 5 =   0.770451,   0.795068       
# span 6 =   0.770426,   0.794141       
# span 7 =          1,          1       
# span 8 =    8.88600,    8.97807       
# span 9 =    8.90708,    8.99385       
# span 10 =       2.51,      97.89      
# span 11 =     0.5608,     1.1588      
# span 12 =     0.3079,     0.4875      
# span 13 = 1.0000e-12, 5.3308e+03      
# span 14 =     0.3832,     1.3142      
# span 15 =     7.7699,     8.0183      
# span 16 =     7.7694,     8.0098      
# span 17 =    -0.0085,     0.0037      
# span 18 =     6.1974,     6.3965      
# span 19 =     6.1970,     6.3896      
# span 20 =      0.991,     42.608      
# span 21 =      1.012,     43.524      
# span 22 =     -0.110,      0.961      
# span 23 =    1422.57,    1423.78      
# span 24 =    1422.57,    1423.74      
# span 25 = 0.0000e+00, 0.0000e+00      
# interval = decibars: 0.5              
# start_time = Mar 18 2018 12:09:12 [NMEA time, first data scan]
# bad_flag = -9.990e-29
*END*
[from data line 56]
       8401     29.000     1.9845     1.9857     0.0013    0.78564    0.78569          1     8.9123     8.9321      17.63     0.9898     0.4019  2.622e-02  0.5327000     7.9365     7.9367     0.0002     6.3307     6.3308     28.737     29.354      0.668    1423.12    1423.12  0.000e+00
       8418     29.500     1.9836     1.9851     0.0015    0.78553    0.78559          1     8.9161     8.9299      17.15     0.9883     0.3946  1.400e-02  0.6254000     7.9354     7.9357     0.0004     6.3298     6.3301     29.232     29.860      0.739    1423.12    1423.13  0.000e+00
       8434     30.000     1.9847     1.9865     0.0018    0.78567    0.78579          1     8.9166     8.9291      16.66     0.9745     0.3896  4.841e-04  0.6437000     7.9366     7.9375     0.0008     6.3308     6.3315     29.727     30.366      0.747    1423.13    1423.15  0.000e+00
       8450     30.500     1.9859     1.9870     0.0011    0.78585    0.78586          1     8.9115     8.9270      16.10     0.9594     0.4009  1.521e-05  0.6594000     7.9381     7.9380    -0.0001     6.3320     6.3319     30.223     30.872      0.665    1423.15    1423.15  0.000e+00
       8471     31.000     1.9853     1.9876     0.0022    0.78589    0.78599          1     8.9066     8.9304      15.44     0.9470     0.4739  1.001e-12  0.5138000     7.9387     7.9392     0.0006     6.3325     6.3329     30.718     31.378      0.486    1423.16    1423.17  0.000e+00
       8502     31.500     1.9852     1.9867     0.0014    0.78592    0.78594          1     8.9117     8.9275      14.49     1.0227     0.3936  1.000e-12  0.6338000     7.9390     7.9388    -0.0002     6.3327     6.3325     31.214     31.884      0.395    1423.17    1423.17  0.000e+00
       8529     32.000     1.9874     1.9884     0.0010    0.78621    0.78616          1     8.9123     8.9246      13.26     1.0044     0.4082  1.000e-12  0.4858000     7.9414     7.9406    -0.0008     6.3347     6.3340     31.709     32.391      0.613    1423.19    1423.19  0.000e+00
       8545     32.500     1.9873     1.9884     0.0011    0.78619    0.78621          1     8.9098     8.9223      12.57     0.9908     0.4059  1.000e-12  0.5079000     7.9412     7.9412    -0.0001     6.3345     6.3345     32.205     32.897      0.835    1423.19    1423.20  0.000e+00
       8558     33.000     1.9861     1.9872     0.0011    0.78610    0.78611          1     8.9131     8.9232      12.18     0.9878     0.4055  1.000e-12  0.5083000     7.9405     7.9403    -0.0002     6.3339     6.3338     32.700     33.403      0.953    1423.19    1423.20  0.000e+00
       8570     33.500     1.9856     1.9864     0.0008    0.78610    0.78612          1     8.9156     8.9244      12.39     0.9593     0.3644  1.000e-12  0.5142000     7.9405     7.9405    -0.0000     6.3339     6.3339     33.195     33.909      0.961    1423.20    1423.20  0.000e+00
       8582     34.000     1.9856     1.9864     0.0008    0.78617    0.78614          1     8.9151     8.9294      12.56     0.9564     0.3656  1.000e-12  0.5149000     7.9411     7.9407    -0.0005     6.3344     6.3341     33.691     34.415      0.846    1423.21    1423.21  0.000e+00
       8600     34.500     1.9833     1.9854     0.0021    0.78593    0.78600          1     8.9154     8.9287      11.93     0.9347     0.3917  1.000e-12  0.5798000     7.9390     7.9392     0.0002     6.3327     6.3329     34.186     34.921      0.563    1423.20    1423.21  0.000e+00
       8637     35.000     1.9825     1.9840     0.0016    0.78586    0.78587          1     8.9146     8.9302      11.11     0.9825     0.4201  1.000e-12  0.5772000     7.9385     7.9382    -0.0003     6.3323     6.3321     34.682     35.427      0.288    1423.21    1423.21  0.000e+00
       8669     35.500     1.9830     1.9840     0.0009    0.78603    0.78600          1     8.9181     8.9336      10.67     0.9965     0.4532  1.000e-12  0.5579000     7.9401     7.9396    -0.0005     6.3336     6.3332     35.177     35.933      0.631    1423.22    1423.22  0.000e+00
       8684     36.000     1.9836     1.9845     0.0008    0.78606    0.78614          1     8.9168     8.9320      10.30     0.9881     0.4664  1.000e-12  0.5780000     7.9402     7.9408     0.0006     6.3337     6.3342     35.672     36.439      0.852    1423.23    1423.23  0.000e+00
       8697     36.500     1.9808     1.9823     0.0015    0.78631    0.78626          1     8.9156     8.9353       9.88     1.0045     0.4040  1.000e-12  0.5059000     7.9435     7.9426    -0.0009     6.3363     6.3356     36.168     36.945      0.948    1423.23    1423.24  0.000e+00
       8709     37.000     1.9749     1.9758     0.0009    0.78682    0.78682          1     8.9124     8.9376       9.41     1.0060     0.3947  1.000e-12  0.4923000     7.9505     7.9502    -0.0003     6.3418     6.3416     36.663     37.451      0.938    1423.22    1423.22  0.000e+00
       8722     37.500     1.9712     1.9722     0.0011    0.78703    0.78701          1     8.9102     8.9383       8.87     0.9909     0.3967  1.000e-12  0.5142000     7.9536     7.9532    -0.0004     6.3443     6.3440     37.159     37.957      0.838    1423.21    1423.22  0.000e+00
       8738     38.000     1.9720     1.9737     0.0017    0.78699    0.78693          1     8.9083     8.9390       8.23     0.9922     0.4050  1.000e-12  0.5076000     7.9529     7.9518    -0.0011     6.3438     6.3429     37.654     38.463      0.647    1423.22    1423.23  0.000e+00
       8763     38.500     1.9687     1.9701     0.0015    0.78708    0.78702          1     8.9096     8.9383       7.53     1.0183     0.4875  1.000e-12  0.5024000     7.9547     7.9537    -0.0010     6.3452     6.3444     38.149     38.969      0.407    1423.22    1423.22  0.000e+00
       8798     39.000     1.9616     1.9639     0.0023    0.78720    0.78715          1     8.9205     8.9394       6.91     1.0795     0.4339  1.000e-12  0.5220000     7.9576     7.9565    -0.0011     6.3475     6.3466     38.645     39.475      0.417    1423.19    1423.21  0.000e+00
       8820     39.500     1.9600     1.9622     0.0022    0.78722    0.78717          1     8.9162     8.9330       6.50     1.0967     0.4042  1.000e-12  0.4950000     7.9581     7.9571    -0.0010     6.3479     6.3471     39.140     39.981      0.649    1423.20    1423.21  0.000e+00
       8837     40.000     1.9605     1.9620     0.0015    0.78734    0.78727          1     8.9159     8.9357       6.09     1.0907     0.4351  1.000e-12  0.5036000     7.9592     7.9582    -0.0011     6.3488     6.3480     39.636     40.488      0.771    1423.21    1423.21  0.000e+00
       8851     40.500     1.9565     1.9568     0.0003    0.78772    0.78761          1     8.9085     8.9363       5.62     1.0345     0.4115  1.000e-12  0.4595000     7.9644     7.9631    -0.0013     6.3529     6.3519     40.131     40.994      0.794    1423.20    1423.20  0.000e+00
       8867     41.000     1.9594     1.9584    -0.0010    0.78806    0.78789          1     8.8936     8.9255       5.04     1.0465     0.3937  1.000e-12  0.4456000     7.9672     7.9656    -0.0016     6.3552     6.3539     40.627     41.500      0.742    1423.23    1423.22  0.000e+00
       8884     41.500     1.9762     1.9769     0.0008    0.78934    0.78934          1     8.8919     8.9219       4.39     1.1029     0.4329  1.000e-12  0.4190000     7.9768     7.9767    -0.0001     6.3629     6.3628     41.122     42.006      0.647    1423.33    1423.33  0.000e+00
       8905     42.000     1.9911     1.9917     0.0007    0.79053    0.79048          1     8.9412     8.9595       3.76     1.1351     0.4278  1.000e-12  0.3937000     7.9859     7.9852    -0.0007     6.3703     6.3698     41.617     42.512      0.550    1423.42    1423.42  0.000e+00
       8928     42.500     2.0254     2.0305     0.0052    0.79313    0.79359          1     8.9320     8.9195       3.21     1.1588     0.4514  1.000e-12  0.3842000     8.0053     8.0090     0.0037     6.3860     6.3890     42.113     43.018      0.509    1423.61    1423.64  0.000e+00
       8992     43.000     2.0561     2.0501    -0.0061    0.79507    0.79414          1     8.8860     8.9071       2.51     1.0946     0.4805  1.000e-12  0.3832000     8.0183     8.0098    -0.0085     6.3965     6.3896     42.608     43.524     -0.110    1423.78    1423.74  0.000e+00
