ctdpy/exports/archive_20191120_135557/received_data/SBE09_0827_20181010_2210_26_01_1064.cnv
* Sea-Bird SBE 9 Data File:
* FileName = D:\CTD_SBE911\DAT\26DA.2018.10.64.hex
* Software Version Seasave V 7.21d
* Temperature SN = 4548
* Conductivity SN = 3062
* Number of Bytes Per Scan = 48
* Number of Voltage Words = 5
* Number of Scans Averaged by the Deck Unit = 1
* NMEA Latitude = 57 29.78 N
* NMEA Longitude = 019 37.55 E
* NMEA UTC (Time) = Oct 10 2018  22:13:22
* NMEA baud rate = 4800
** Ship: DANA
** Average sound velocity: 1449.27 m/s
** True-depth calculation Thu, 28 Mar 2019 12:25:04 +0000
** CTD Python Module SMHI /ver 3-12/ feb 2012 
** LIMS Job: 20182601-1064
** Operator: Christian A-KTh
** Cruise: 10/2018
# nquan = 26
# nvalues = 89                          
# units = specified
# name 0 = scan: Scan Count
# name 1 = prDM: Pressure, Digiquartz [db]
# name 2 = t090C: Temperature [ITS-90, deg C]
# name 3 = t190C: Temperature, 2 [ITS-90, deg C]
# name 4 = T2-T190C: Temperature Difference, 2 - 1 [ITS-90, deg C]
# name 5 = c0S/m: Conductivity [S/m]
# name 6 = c1S/m: Conductivity, 2 [S/m]
# name 7 = pumps: Pump Status
# name 8 = sbeox1ML/L: Oxygen, SBE 43, 2 [ml/l]
# name 9 = sbeox0ML/L: Oxygen, SBE 43 [ml/l]
# name 10 = altM: Altimeter [m]
# name 11 = chloroflTC0: Chlorophyll, Turner Cyclops [ug/l]
# name 12 = cpar: CPAR/Corrected Irradiance [%]
# name 13 = par: PAR/Irradiance, Biospherical/Lico [µE/(cm^2*s)]
# name 14 = spar: SPAR, Biospherical/Licor
# name 15 = sal00: Salinity, Practical [PSU]
# name 16 = sal11: Salinity, Practical, 2 [PSU]
# name 17 = secS-priS: Salinity, Practical, Difference, 2 - 1 [PSU]
# name 18 = sigma-t00: Density [sigma-t, kg/m^3 ]
# name 19 = sigma-t11: Density, 2 [sigma-t, kg/m^3 ]
# name 20 = depSM: Depth [salt water, m], lat = 57.4963
# name 21 = depFM: Depth [true depth, m], lat = 57.4963
# name 22 = dz/dtM: Descent Rate [m/s], WS = 2
# name 23 = svCM: Sound Velocity [Chen-Millero, m/s]
# name 24 = svCM1: Sound Velocity, 2 [Chen-Millero, m/s]
# name 25 = flag: flag
# span 0 =        340,       4776       
# span 1 =      2.000,     46.000       
# span 2 =     3.7647,    10.6852       
# span 3 =     3.7713,    10.6854       
# span 4 =    -0.5421,     0.1111       
# span 5 =   0.782865,   0.878999       
# span 6 =   0.783158,   0.879007       
# span 7 =          1,          1       
# span 8 =     7.2428,     7.4631       
# span 9 =     6.7093,     7.0765       
# span 10 =       1.00,       9.97      
# span 11 =     0.0159,     0.0372      
# span 12 = -1.617e+01, 2.0034e+03      
# span 13 = 1.0000e-12, 1.0000e-12      
# span 14 = 1.9901e+00, 2.0311e+00      
# span 15 =     6.9367,     7.4782      
# span 16 =     6.9367,     7.4781      
# span 17 =    -0.0059,     0.0417      
# span 18 =     5.0439,     5.9501      
# span 19 =     5.0438,     5.9500      
# span 20 =      1.981,     45.571      
# span 21 =      2.027,     46.603      
# span 22 =     -0.248,      0.340      
# span 23 =    1430.99,    1458.63      
# span 24 =    1431.04,    1458.62      
# span 25 = 0.0000e+00, 0.0000e+00      
# interval = decibars: 0.5              
# start_time = Oct 10 2018 22:13:22 [NMEA time, first data scan]
# bad_flag = -9.990e-29
*END*
[from data line 56]
       3008     30.000     7.4919     7.3262    -0.1661    0.83563    0.83408          1     7.2478     6.8655       9.97     0.0221  4.924e-11  1.000e-12  2.031e+00     7.1808     7.2007     0.0199     5.5362     5.5640     29.721     30.401      0.251    1446.53    1445.87  0.000e+00
       3050     30.500     7.0761     7.0549    -0.0209    0.82898    0.83002          1     7.2698     6.8331       9.97     0.0210  4.924e-11  1.000e-12  2.031e+00     7.2052     7.2193     0.0142     5.5849     5.5976     30.216     30.908      0.293    1444.84    1444.77  0.000e+00
       3097     31.000     6.8533     6.5959    -0.2573    0.82621    0.82332          1     7.2475     6.8524       9.97     0.0195  4.924e-11  1.000e-12  2.031e+00     7.2259     7.2528     0.0270     5.6161     5.6536     30.712     31.414      0.226    1443.94    1442.88  0.000e+00
       3148     31.500     6.4254     6.3938    -0.0319    0.81917    0.81958          1     7.2432     6.8637       9.97     0.0196  4.924e-11  1.000e-12  2.031e+00     7.2496     7.2602     0.0106     5.6615     5.6717     31.207     31.921      0.284    1442.17    1442.04  0.000e+00
       3187     32.000     6.2041     6.2181     0.0143    0.81614    0.81724          1     7.2997     6.8907       9.97     0.0186  4.924e-11  1.000e-12  2.031e+00     7.2678     7.2753     0.0075     5.6886     5.6937     31.702     32.427      0.282    1441.25    1441.32  0.000e+00
       3237     32.500     5.9652     5.9505    -0.0148    0.81360    0.81397          1     7.2819     6.8981       9.97     0.0193  4.924e-11  1.000e-12  2.031e+00     7.2946     7.3013     0.0067     5.7227     5.7288     32.198     32.934      0.225    1440.27    1440.22  0.000e+00
       3286     33.000     5.7022     5.7192     0.0171    0.80943    0.81039          1     7.3159     6.9064       9.97     0.0181  4.924e-11  1.000e-12  2.031e+00     7.3110     7.3166     0.0056     5.7492     5.7528     32.693     33.440      0.261    1439.17    1439.25  0.000e+00
       3331     33.500     5.5417     5.5716     0.0300    0.80714    0.80811          1     7.3189     6.9160       9.97     0.0180  4.924e-11  1.000e-12  2.031e+00     7.3236     7.3265     0.0029     5.7668     5.7677     33.188     33.946      0.277    1438.50    1438.63  0.000e+00
       3371     34.000     5.3438     5.3712     0.0272    0.80419    0.80504          1     7.3108     6.9029       9.97     0.0176  4.924e-11  1.000e-12  2.031e+00     7.3379     7.3403     0.0023     5.7872     5.7878     33.684     34.453      0.308    1437.66    1437.78  0.000e+00
       3418     34.500     5.2045     5.2493     0.0443    0.80295    0.80393          1     7.3476     6.9409       9.97     0.0180  4.924e-11  1.000e-12  2.031e+00     7.3562     7.3560    -0.0002     5.8077     5.8056     34.179     34.959      0.213    1437.08    1437.28  0.000e+00
       3475     35.000     5.0343     5.0571     0.0229    0.80012    0.80097          1     7.3566     6.9634       9.97     0.0175  4.924e-11  1.000e-12  2.031e+00     7.3658     7.3692     0.0034     5.8223     5.8240     34.674     35.465      0.275    1436.36    1436.46  0.000e+00
       3512     35.500     4.8478     4.8780     0.0302    0.79694    0.79766          1     7.3436     6.9571       9.97     0.0172  4.924e-11  1.000e-12  2.031e+00     7.3755     7.3760     0.0004     5.8370     5.8363     35.169     35.972      0.308    1435.56    1435.69  0.000e+00
       3558     36.000     4.5670     4.6781     0.1111    0.79183    0.79447          1     7.4224     6.9896       9.97     0.0174  4.924e-11  1.000e-12  2.031e+00     7.3871     7.3887     0.0016     5.8561     5.8536     35.665     36.478      0.229    1434.34    1434.83  0.000e+00
       3610     36.500     4.4532     4.4786     0.0253    0.79004    0.79098          1     7.4626     7.0150       9.97     0.0171  4.924e-11  1.000e-12  2.031e+00     7.3945     7.3982     0.0037     5.8657     5.8679     36.160     36.984      0.257    1433.85    1433.97  0.000e+00
       3653     37.000     4.3731     4.4006     0.0276    0.78929    0.79000          1     7.4588     7.0446       9.97     0.0170  4.924e-11  1.000e-12  2.031e+00     7.4049     7.4058     0.0009     5.8764     5.8763     36.655     37.490      0.284    1433.51    1433.64  0.000e+00
       3697     37.500     4.2971     4.3507     0.0537    0.78856    0.78961          1     7.4543     7.0573       9.92     0.0167  4.924e-11  1.000e-12  2.031e+00     7.4146     7.4131    -0.0015     5.8864     5.8836     37.151     37.997      0.259    1433.19    1433.43  0.000e+00
       3745     38.000     4.2181     4.2945     0.0764    0.78710    0.78890          1     7.4486     7.0360       9.46     0.0166  4.924e-11  1.000e-12  2.031e+00     7.4176     7.4185     0.0009     5.8910     5.8895     37.646     38.503      0.245    1432.85    1433.20  0.000e+00
       3796     38.500     4.1635     4.2170     0.0537    0.78646    0.78740          1     7.4631     7.0765       8.92     0.0166  4.924e-11  1.000e-12  2.031e+00     7.4233     7.4208    -0.0026     5.8970     5.8935     38.141     39.009      0.244    1432.62    1432.86  0.000e+00
       3839     39.000     4.0621     4.1237     0.0615    0.78646    0.78726          1     7.3690     7.0285       8.45     0.0169  4.924e-11  1.000e-12  2.031e+00     7.4463     7.4404    -0.0059     5.9179     5.9117     38.637     39.516      0.300    1432.20    1432.47  0.000e+00
       3883     39.500     3.9138     3.9883     0.0738    0.78458    0.78578          1     7.3445     6.9836       7.93     0.0166  4.924e-11  1.000e-12  2.031e+00     7.4609     7.4561    -0.0048     5.9332     5.9276     39.132     40.022      0.229    1431.56    1431.89  0.000e+00
       3942     40.000     3.8534     3.9164     0.0629    0.78373    0.78496          1     7.3548     6.9559       7.39     0.0159  4.924e-11  1.000e-12  2.031e+00     7.4660     7.4641    -0.0019     5.9386     5.9357     39.627     40.528      0.259    1431.31    1431.59  0.000e+00
       3978     40.500     3.8367     3.8660     0.0294    0.78353    0.78419          1     7.3599     6.9619       6.89     0.0159  4.924e-11  1.000e-12  2.031e+00     7.4677     7.4677     0.0001     5.9403     5.9397     40.122     41.034      0.340    1431.24    1431.37  0.000e+00
       4020     41.000     3.8115     3.8651     0.0541    0.78332    0.78433          1     7.3509     6.9559       6.32     0.0159  4.924e-11  1.000e-12  2.031e+00     7.4712     7.4692    -0.0019     5.9436     5.9409     40.618     41.541      0.218    1431.14    1431.38  0.000e+00
       4085     41.500     3.7845     3.8241     0.0395    0.78295    0.78382          1     7.3534     6.9347       5.82     0.0159  4.924e-11  1.000e-12  2.031e+00     7.4735     7.4734    -0.0001     5.9461     5.9452     41.113     42.047      0.264    1431.03    1431.21  0.000e+00
       4122     42.000     3.7745     3.7989     0.0244    0.78287    0.78341          1     7.3543     6.9312       5.33     0.0159  4.924e-11  1.000e-12  2.031e+00     7.4749     7.4749     0.0000     5.9474     5.9469     41.608     42.553      0.311    1430.99    1431.10  0.000e+00
       4170     42.500     3.7734     3.7895     0.0161    0.78292    0.78329          1     7.3541     6.9170       4.79     0.0159  4.924e-11  1.000e-12  2.031e+00     7.4757     7.4757     0.0001     5.9481     5.9478     42.104     43.059      0.207    1430.99    1431.07  0.000e+00
       4228     43.000     3.7751     3.7907     0.0156    0.78303    0.78341          1     7.3527     6.9272       4.27     0.0167  4.924e-11  1.000e-12  2.031e+00     7.4763     7.4767     0.0004     5.9485     5.9485     42.599     43.566      0.261    1431.01    1431.08  0.000e+00
       4268     43.500     3.7775     3.7873     0.0098    0.78310    0.78338          1     7.3493     6.9240       3.77     0.0160  4.924e-11  1.000e-12  2.031e+00     7.4764     7.4771     0.0007     5.9486     5.9489     43.094     44.072      0.302    1431.03    1431.08  0.000e+00
       4310     44.000     3.7715     3.7857     0.0142    0.78303    0.78338          1     7.3462     6.9208       3.23     0.0159  4.924e-11  1.000e-12  2.031e+00     7.4770     7.4774     0.0004     5.9492     5.9491     43.589     44.578      0.265    1431.01    1431.08  0.000e+00
       4368     44.500     3.7700     3.7827     0.0127    0.78302    0.78334          1     7.3461     6.9182       2.69     0.0159  4.924e-11  1.000e-12  2.031e+00     7.4772     7.4775     0.0003     5.9493     5.9493     44.085     45.084      0.208    1431.02    1431.07  0.000e+00
       4417     45.000     3.7668     3.7784     0.0116    0.78298    0.78328          1     7.3406     6.9141       2.21     0.0159  4.924e-11  1.000e-12  2.031e+00     7.4775     7.4778     0.0003     5.9496     5.9497     44.580     45.591      0.332    1431.01    1431.06  0.000e+00
       4452     45.500     3.7647     3.7757     0.0110    0.78298    0.78323          1     7.3460     6.9113       1.67     0.0160  4.924e-11  1.000e-12  2.031e+00     7.4778     7.4779     0.0000     5.9500     5.9498     45.075     46.097      0.297    1431.01    1431.06  0.000e+00
       4776     46.000     3.7713     3.7713    -0.0001    0.78316    0.78316          1     7.3140     6.8940       1.00     0.0159  4.924e-11  1.000e-12  2.031e+00     7.4782     7.4781    -0.0001     5.9501     5.9500     45.571     46.603     -0.248    1431.05    1431.04  0.000e+00
