ctdpy/exports/archive_20191120_135557/received_data/SBE09_1044_20181018_0605_34_01_0107.cnv
* Sea-Bird SBE 9 Data File:
* FileName = C:\LUOTAUS\DATA_IN\hex_in\SMHI\ar18d107.hex
* Software Version Seasave V 7.23.2
* Temperature SN = 5351
* Conductivity SN = 3941
* Number of Bytes Per Scan = 30
* Number of Voltage Words = 4
* Number of Scans Averaged by the Deck Unit = 1
* NMEA baud rate = 4800
** Station:  A14
** Operator:  OBac
** Ship: ARANDA
** Average sound velocity: 1497.20 m/s
** True-depth calculation Thu, 18 Oct 2018 06:27:12 +0000
** CTD Python Module SMHI /ver 3-12/ feb 2012 
** LIMS Job: 20183401-0107
** Cruise: SMHI-4-2018
** Latitude [GG MM.mm N]: 58 18.925 N
** Longitude [GG MM.mm E] 10 56.547 E
# nquan = 26
# nvalues = 215                         
# units = specified
# name 0 = scan: Scan Count
# name 1 = prDM: Pressure, Digiquartz [db]
# name 2 = t090C: Temperature [ITS-90, deg C]
# name 3 = t190C: Temperature, 2 [ITS-90, deg C]
# name 4 = T2-T190C: Temperature Difference, 2 - 1 [ITS-90, deg C]
# name 5 = c0S/m: Conductivity [S/m]
# name 6 = c1S/m: Conductivity, 2 [S/m]
# name 7 = pumps: Pump Status
# name 8 = sbeox0ML/L: Oxygen, SBE 43 [ml/l]
# name 9 = sbeox1ML/L: Oxygen, SBE 43, 2 [ml/l]
# name 10 = altM: Altimeter [m]
# name 11 = flECO-AFL: Chl-a Fluorescence, WET Labs ECO-AFL/FL [mg/m^3]
# name 12 = flECO-AFL1: Phycocyanin Fluorescence, WET Labs ECO-AFL/FL, 2 [mg/m^3]
# name 13 = par: PAR/Irradiance, Biospherical/Lico [µE/(cm^2*s)]
# name 14 = turbWETntu0: Turbidity, WET Labs ECO [NTU]
# name 15 = sal00: Salinity, Practical [PSU]
# name 16 = sal11: Salinity, Practical, 2 [PSU]
# name 17 = secS-priS: Salinity, Practical, Difference, 2 - 1 [PSU]
# name 18 = sigma-t00: Density [sigma-t, Kg/m^3 ]
# name 19 = sigma-t11: Density, 2 [sigma-t, Kg/m^3 ]
# name 20 = depSM: Depth [salt water, m], lat = 0
# name 21 = depFM: Depth [true depth, m], lat = 0
# name 22 = dz/dtM: Descent Rate [m/s], WS = 2
# name 23 = svCM: Sound Velocity [Chen-Millero, m/s]
# name 24 = svCM1: Sound Velocity, 2 [Chen-Millero, m/s]
# name 25 = flag: flag
# span 0 =      11223,      16412       
# span 1 =      1.000,    108.000       
# span 2 =     9.0631,    13.0574       
# span 3 =     9.0612,    13.0582       
# span 4 =    -0.0333,     0.0097       
# span 5 =   3.724722,   4.018482       
# span 6 =   3.724483,   4.018546       
# span 7 =          1,          1       
# span 8 =    4.89476,    5.83463       
# span 9 =    4.63183,    5.52709       
# span 10 =       0.98,      99.37      
# span 11 =     0.0753,     1.5241      
# span 12 =     0.1359,     0.3610      
# span 13 = 1.0000e-12, 1.0947e+02      
# span 14 =     0.1877,     0.8395      
# span 15 =    32.7042,    34.9938      
# span 16 =    32.6958,    34.9936      
# span 17 =    -0.0209,     0.0172      
# span 18 =    24.6073,    27.1016      
# span 19 =    24.5996,    27.1014      
# span 20 =      0.995,    107.379      
# span 21 =      0.994,    107.250      
# span 22 =     -0.003,      0.887      
# span 23 =    1488.20,    1500.38      
# span 24 =    1488.19,    1500.38      
# span 25 = 0.0000e+00, 0.0000e+00      
# interval = decibars: 0.5              
# start_time = Oct 18 2018 06:05:58 [System UTC, header]
# bad_flag = -9.990e-29
*END*
[from data line 168]
      14842     85.000    11.9466    11.9131    -0.0333    3.95590    3.95448          1     5.2245     4.9872      25.80     0.1256     0.2175  1.000e-12  0.7170000    34.5834    34.6006     0.0172    26.2756    26.2953     84.516     84.437      0.382    1497.55    1497.45  0.000e+00
      14870     85.500    11.6062    11.6075     0.0011    3.93737    3.93738          1     5.2670     5.0235      24.93     0.1168     0.2032  1.000e-12  0.7545000    34.7191    34.7180    -0.0011    26.4452    26.4441     85.013     84.933      0.553    1496.55    1496.55  0.000e+00
      14889     86.000    11.4058    11.4119     0.0062    3.92471    3.92511          1     5.3154     5.0516      24.48     0.1145     0.1934  1.000e-12  0.7454000    34.7822    34.7803    -0.0019    26.5316    26.5290     85.510     85.429      0.708    1495.94    1495.96  0.000e+00
      14904     86.500    11.3684    11.3727     0.0043    3.92139    3.92183          1     5.3342     5.0604      24.07     0.1161     0.2244  1.000e-12  0.7114000    34.7842    34.7846     0.0003    26.5401    26.5396     86.007     85.925      0.752    1495.82    1495.84  0.000e+00
      14920     87.000    11.3521    11.3552     0.0031    3.92006    3.92035          1     5.3313     5.0561      23.61     0.1167     0.2252  1.000e-12  0.6806000    34.7863    34.7863    -0.0001    26.5448    26.5441     86.504     86.421      0.695    1495.78    1495.79  0.000e+00
      14940     87.500    11.3492    11.3527     0.0035    3.91982    3.92016          1     5.3130     5.0447      23.03     0.0928     0.1789  1.000e-12  0.6924000    34.7865    34.7865     0.0000    26.5454    26.5448     87.001     86.917      0.582    1495.77    1495.79  0.000e+00
      14962     88.000    11.3171    11.3264     0.0092    3.91714    3.91781          1     5.2975     5.0271      22.45     0.1106     0.1784  1.000e-12  0.6824000    34.7899    34.7878    -0.0021    26.5540    26.5507     87.498     87.413      0.519    1495.67    1495.70  0.000e+00
      14985     88.500    11.2818    11.2765    -0.0051    3.91421    3.91367          1     5.2933     5.0057      22.16     0.1083     0.2131  1.000e-12  0.6930000    34.7939    34.7936    -0.0003    26.5636    26.5643     87.995     87.909      0.529    1495.57    1495.55  0.000e+00
      15008     89.000    11.2432    11.2406    -0.0027    3.91075    3.91047          1     5.2603     4.9711      22.44     0.1122     0.2038  1.000e-12  0.7115000    34.7958    34.7955    -0.0003    26.5722    26.5724     88.492     88.405      0.523    1495.44    1495.43  0.000e+00
      15032     89.500    11.1771    11.1711    -0.0060    3.90464    3.90398          1     5.2066     4.9433      22.08     0.1143     0.1939  1.000e-12  0.7249000    34.7974    34.7964    -0.0010    26.5855    26.5859     88.989     88.902      0.503    1495.22    1495.20  0.000e+00
      15055     90.000    10.9971    10.9992     0.0021    3.89015    3.89026          1     5.1875     4.9337      21.59     0.1138     0.2144  1.000e-12  0.7385000    34.8233    34.8224    -0.0010    26.6385    26.6373     89.486     89.398      0.550    1494.63    1494.64  0.000e+00
      15075     90.500    10.8875    10.8924     0.0050    3.88069    3.88100          1     5.1486     4.8938      21.15     0.1053     0.2509  1.000e-12  0.7543000    34.8327    34.8310    -0.0017    26.6655    26.6634     89.983     89.894      0.634    1494.27    1494.28  0.000e+00
      15093     91.000    10.8190    10.8200     0.0009    3.87444    3.87454          1     5.0862     4.8477      20.69     0.1057     0.2495  1.000e-12  0.7590000    34.8349    34.8349     0.0000    26.6796    26.6794     90.480     90.390      0.670    1494.04    1494.04  0.000e+00
      15111     91.500    10.6973    10.7024     0.0051    3.86380    3.86430          1     5.0425     4.8126      20.13     0.0977     0.2677  1.000e-12  0.7915000    34.8437    34.8439     0.0001    26.7082    26.7074     90.977     90.886      0.652    1493.63    1493.65  0.000e+00
      15130     92.000    10.4979    10.4967    -0.0012    3.84754    3.84751          1     5.0283     4.7828      19.06     0.0991     0.2600  1.000e-12  0.7955000    34.8702    34.8710     0.0008    26.7642    26.7650     91.474     91.382      0.590    1492.96    1492.96  0.000e+00
      15152     92.500    10.4188    10.4209     0.0022    3.84117    3.84135          1     5.0240     4.7638      18.09     0.1080     0.1908  1.000e-12  0.7783000    34.8813    34.8811    -0.0002    26.7868    26.7862     91.971     91.878      0.526    1492.70    1492.71  0.000e+00
      15176     93.000    10.3506    10.3558     0.0052    3.83540    3.83583          1     4.9936     4.7428      17.53     0.1046     0.1785  1.000e-12  0.8076000    34.8882    34.8875    -0.0007    26.8040    26.8026     92.468     92.374      0.506    1492.48    1492.50  0.000e+00
      15199     93.500    10.2798    10.2843     0.0045    3.82911    3.82957          1     4.9616     4.7208      17.11     0.0946     0.2336  1.000e-12  0.8081000    34.8921    34.8924     0.0003    26.8194    26.8189     92.965     92.870      0.552    1492.24    1492.26  0.000e+00
      15220     94.000    10.1575    10.1586     0.0011    3.81831    3.81847          1     4.9362     4.7106      17.17     0.0978     0.2136  1.000e-12  0.7613000    34.8997    34.9002     0.0006    26.8466    26.8468     93.462     93.366      0.623    1491.82    1491.82  0.000e+00
      15238     94.500    10.0979    10.0999     0.0020    3.81321    3.81340          1     4.9373     4.7049      17.24     0.1051     0.2021  1.000e-12  0.7555000    34.9050    34.9049    -0.0001    26.8610    26.8605     93.959     93.862      0.656    1491.62    1491.63  0.000e+00
      15256     95.000    10.0479    10.0491     0.0013    3.80903    3.80911          1     4.9512     4.7005      16.74     0.1074     0.1925  1.000e-12  0.7384000    34.9102    34.9098    -0.0003    26.8736    26.8731     94.456     94.358      0.619    1491.46    1491.46  0.000e+00
      15277     95.500    10.0290    10.0303     0.0013    3.80740    3.80752          1     4.9624     4.7034      15.96     0.0851     0.2189  1.000e-12  0.6873000    34.9117    34.9116    -0.0001    26.8780    26.8777     94.953     94.853      0.526    1491.40    1491.40  0.000e+00
      15303     96.000    10.0154    10.0187     0.0034    3.80637    3.80665          1     4.9594     4.7021      15.32     0.1082     0.1964  1.000e-12  0.6949000    34.9140    34.9137    -0.0004    26.8822    26.8814     95.450     95.349      0.467    1491.36    1491.37  0.000e+00
      15328     96.500     9.9978     9.9988     0.0009    3.80498    3.80507          1     4.9464     4.7001      15.03     0.1259     0.1924  1.000e-12  0.7150000    34.9165    34.9165    -0.0000    26.8872    26.8870     95.947     95.845      0.522    1491.31    1491.31  0.000e+00
      15349     97.000     9.9530     9.9566     0.0036    3.80127    3.80158          1     4.9531     4.7034      14.74     0.1062     0.2021  1.000e-12  0.6916000    34.9216    34.9213    -0.0003    26.8988    26.8980     96.444     96.341      0.589    1491.16    1491.18  0.000e+00
      15369     97.500     9.9275     9.9282     0.0007    3.79924    3.79930          1     4.9640     4.7008      14.26     0.0948     0.1814  1.000e-12  0.6914000    34.9253    34.9252    -0.0001    26.9061    26.9058     96.941     96.837      0.606    1491.09    1491.09  0.000e+00
      15388     98.000     9.9195     9.9181    -0.0013    3.79859    3.79848          1     4.9705     4.7021      13.78     0.0839     0.1359  1.000e-12  0.6896000    34.9262    34.9264     0.0002    26.9081    26.9085     97.439     97.333      0.605    1491.06    1491.06  0.000e+00
      15408     98.500     9.9023     9.9015    -0.0008    3.79717    3.79710          1     4.9771     4.7116      13.35     0.0758     0.1785  1.000e-12  0.6890000    34.9281    34.9281     0.0000    26.9125    26.9126     97.936     97.829      0.616    1491.01    1491.01  0.000e+00
      15427     99.000     9.8924     9.8907    -0.0017    3.79640    3.79625          1     4.9854     4.7184      12.85     0.0753     0.1778  1.000e-12  0.7042000    34.9294    34.9295     0.0001    26.9152    26.9156     98.433     98.325      0.615    1490.99    1490.98  0.000e+00
      15447     99.500     9.8378     9.8387     0.0008    3.79181    3.79196          1     4.9760     4.7157      12.31     0.0906     0.1893  1.000e-12  0.7139000    34.9350    34.9357     0.0007    26.9288    26.9292     98.930     98.821      0.569    1490.81    1490.81  0.000e+00
      15470    100.000     9.7893     9.7893     0.0000    3.78759    3.78771          1     4.9603     4.7139      11.77     0.0879     0.2067  1.000e-12  0.6868000    34.9384    34.9397     0.0013    26.9397    26.9408     99.427     99.317      0.510    1490.64    1490.65  0.000e+00
      15494    100.500     9.7017     9.7014    -0.0004    3.77988    3.77993          1     4.9500     4.7124      11.24     0.0990     0.2026  1.000e-12  0.7049000    34.9440    34.9448     0.0008    26.9589    26.9595     99.924     99.813      0.514    1490.34    1490.34  0.000e+00
      15516    101.000     9.6394     9.6374    -0.0020    3.77434    3.77420          1     4.9520     4.7084      10.77     0.1117     0.1780  1.000e-12  0.7080000    34.9472    34.9477     0.0005    26.9718    26.9726    100.421    100.309      0.571    1490.13    1490.12  0.000e+00
      15536    101.500     9.5313     9.5287    -0.0026    3.76473    3.76463          1     4.9618     4.7157      10.39     0.1164     0.2185  1.000e-12  0.6969000    34.9529    34.9544     0.0014    26.9944    26.9959    100.918    100.804      0.628    1489.75    1489.74  0.000e+00
      15555    102.000     9.4425     9.4403    -0.0023    3.75702    3.75687          1     4.9486     4.7082       9.87     0.1172     0.2350  1.000e-12  0.7177000    34.9594    34.9601     0.0007    27.0142    27.0151    101.415    101.300      0.646    1489.45    1489.44  0.000e+00
      15574    102.500     9.4055     9.4152     0.0097    3.75377    3.75460          1     4.9354     4.6986       9.35     0.1089     0.2423  1.000e-12  0.7311000    34.9616    34.9607    -0.0008    27.0220    27.0197    101.912    101.796      0.601    1489.32    1489.36  0.000e+00
      15595    103.000     9.3340     9.3180    -0.0160    3.74731    3.74589          1     4.9337     4.6874       8.80     0.0981     0.1940  1.000e-12  0.7200000    34.9642    34.9651     0.0010    27.0358    27.0392    102.409    102.292      0.528    1489.07    1489.02  0.000e+00
      15619    103.500     9.2406     9.2412     0.0007    3.73922    3.73928          1     4.9384     4.6789       8.27     0.0852     0.2226  1.000e-12  0.7143000    34.9712    34.9711    -0.0001    27.0566    27.0564    102.906    102.788      0.522    1488.75    1488.75  0.000e+00
      15641    104.000     9.1853     9.1870     0.0017    3.73488    3.73496          1     4.9381     4.6711       7.79     0.0888     0.2343  1.000e-12  0.7220000    34.9798    34.9790    -0.0008    27.0724    27.0715    103.403    103.284      0.556    1488.56    1488.57  0.000e+00
      15662    104.500     9.1637     9.1680     0.0044    3.73325    3.73358          1     4.9356     4.6700       7.31     0.1157     0.2174  1.000e-12  0.7365000    34.9838    34.9830    -0.0008    27.0790    27.0777    103.900    103.780      0.569    1488.50    1488.51  0.000e+00
      15683    105.000     9.1505     9.1514     0.0010    3.73234    3.73241          1     4.9310     4.6764       6.82     0.1061     0.2126  1.000e-12  0.7422000    34.9871    34.9868    -0.0002    27.0837    27.0834    104.397    104.275      0.571    1488.46    1488.47  0.000e+00
      15704    105.500     9.1416     9.1440     0.0024    3.73185    3.73200          1     4.9378     4.6848       6.33     0.1092     0.2198  1.000e-12  0.7645000    34.9904    34.9897    -0.0007    27.0877    27.0868    104.894    104.771      0.570    1488.44    1488.45  0.000e+00
      15725    106.000     9.1338     9.1354     0.0016    3.73134    3.73141          1     4.9566     4.6932       5.82     0.0960     0.2070  1.000e-12  0.7326000    34.9924    34.9917    -0.0008    27.0906    27.0898    105.391    105.267      0.560    1488.43    1488.43  0.000e+00
      15747    106.500     9.1347     9.1365     0.0018    3.73152    3.73162          1     4.9501     4.6878       5.34     0.0940     0.1663  1.000e-12  0.7286000    34.9932    34.9926    -0.0006    27.0911    27.0903    105.888    105.763      0.575    1488.44    1488.44  0.000e+00
      15767    107.000     9.1232     9.1250     0.0018    3.73052    3.73066          1     4.9258     4.6707       4.86     0.0996     0.1928  1.000e-12  0.7496000    34.9938    34.9936    -0.0003    27.0934    27.0930    106.385    106.259      0.600    1488.40    1488.41  0.000e+00
      15787    107.500     9.0839     9.0831    -0.0009    3.72681    3.72667          1     4.9085     4.6491       4.37     0.1142     0.1838  1.000e-12  0.7865000    34.9934    34.9928    -0.0006    27.0995    27.0992    106.882    106.755      0.537    1488.27    1488.26  0.000e+00
      16412    108.000     9.0631     9.0612    -0.0019    3.72472    3.72448          1     4.8948     4.6318       3.56     0.0990     0.1835  1.000e-12  0.8395000    34.9918    34.9912    -0.0006    27.1016    27.1014    107.379    107.250     -0.003    1488.20    1488.19  0.000e+00
