ctdpy/exports/archive_20191120_135557/received_data/SBE09_0827_20181013_0331_26_01_1088.cnv
* Sea-Bird SBE 9 Data File:
* FileName = D:\CTD_SBE911\DAT\26DA.2018.10.88.hex
* Software Version Seasave V 7.21d
* Temperature SN = 4548
* Conductivity SN = 3062
* Number of Bytes Per Scan = 48
* Number of Voltage Words = 5
* Number of Scans Averaged by the Deck Unit = 1
* NMEA Latitude = 55 33.72 N
* NMEA Longitude = 015 43.08 E
* NMEA UTC (Time) = Oct 13 2018  03:34:35
* NMEA baud rate = 4800
** Ship: DANA
** Average sound velocity: 1457.49 m/s
** True-depth calculation Thu, 28 Mar 2019 12:28:41 +0000
** CTD Python Module SMHI /ver 3-12/ feb 2012 
** LIMS Job: 20182601-1088
** Operator: Christian
** Cruise: 10/2018
# nquan = 26
# nvalues = 139                         
# units = specified
# name 0 = scan: Scan Count
# name 1 = prDM: Pressure, Digiquartz [db]
# name 2 = t090C: Temperature [ITS-90, deg C]
# name 3 = t190C: Temperature, 2 [ITS-90, deg C]
# name 4 = T2-T190C: Temperature Difference, 2 - 1 [ITS-90, deg C]
# name 5 = c0S/m: Conductivity [S/m]
# name 6 = c1S/m: Conductivity, 2 [S/m]
# name 7 = pumps: Pump Status
# name 8 = sbeox1ML/L: Oxygen, SBE 43, 2 [ml/l]
# name 9 = sbeox0ML/L: Oxygen, SBE 43 [ml/l]
# name 10 = altM: Altimeter [m]
# name 11 = chloroflTC0: Chlorophyll, Turner Cyclops [ug/l]
# name 12 = cpar: CPAR/Corrected Irradiance [%]
# name 13 = par: PAR/Irradiance, Biospherical/Lico [µE/(cm^2*s)]
# name 14 = spar: SPAR, Biospherical/Licor
# name 15 = sal00: Salinity, Practical [PSU]
# name 16 = sal11: Salinity, Practical, 2 [PSU]
# name 17 = secS-priS: Salinity, Practical, Difference, 2 - 1 [PSU]
# name 18 = sigma-t00: Density [sigma-t, kg/m^3 ]
# name 19 = sigma-t11: Density, 2 [sigma-t, kg/m^3 ]
# name 20 = depSM: Depth [salt water, m], lat = 55.562
# name 21 = depFM: Depth [true depth, m], lat = 55.562
# name 22 = dz/dtM: Descent Rate [m/s], WS = 2
# name 23 = svCM: Sound Velocity [Chen-Millero, m/s]
# name 24 = svCM1: Sound Velocity, 2 [Chen-Millero, m/s]
# name 25 = flag: flag
# span 0 =        183,       9124       
# span 1 =      1.500,     70.500       
# span 2 =     5.3059,    13.3591       
# span 3 =     5.2296,    13.3599       
# span 4 =    -0.6133,     0.3565       
# span 5 =   0.840880,   1.738866       
# span 6 =   0.840221,   1.738703       
# span 7 =          1,          1       
# span 8 =     0.0309,     7.7195       
# span 9 =     0.0385,     7.1824       
# span 10 =       0.92,       9.98      
# span 11 =     0.0159,     0.0395      
# span 12 = 4.9241e-11, 4.9241e-11      
# span 13 = 1.0000e-12, 1.0000e-12      
# span 14 = 2.0308e+00, 2.0308e+00      
# span 15 =     7.4899,    15.9844      
# span 16 =     7.4998,    15.9820      
# span 17 =    -0.0165,     0.1252      
# span 18 =     5.2115,    12.4614      
# span 19 =     5.2113,    12.4594      
# span 20 =      1.486,     69.849      
# span 21 =      1.520,     71.258      
# span 22 =     -0.420,      0.408      
# span 23 =    1438.98,    1469.30      
# span 24 =    1438.55,    1469.30      
# span 25 = 0.0000e+00, 0.0000e+00      
# interval = decibars: 0.5              
# start_time = Oct 13 2018 03:34:36 [NMEA time, first data scan]
# bad_flag = -9.990e-29
*END*
[from data line 56]
       2839     29.500     6.8953     7.2117     0.3162    0.88062    0.89160          1     6.8002     6.3566       9.98     0.0184  4.924e-11  1.000e-12  2.031e+00     7.7293     7.7610     0.0317     6.0089     6.0108     29.231     29.885      0.350    1444.72    1446.07  0.000e+00
       2872     30.000     7.7607     7.9336     0.1735    0.91724    0.92479          1     6.5046     6.1816       9.98     0.0189  4.924e-11  1.000e-12  2.031e+00     7.8767     7.9074     0.0307     6.0610     6.0712     29.726     30.391      0.313    1448.50    1449.25  0.000e+00
       2918     30.500     7.9761     8.1541     0.1780    0.92995    0.93819          1     6.4473     6.0715       9.98     0.0195  4.924e-11  1.000e-12  2.031e+00     7.9453     7.9806     0.0353     6.0974     6.1102     30.221     30.897      0.241    1449.48    1450.25  0.000e+00
       2967     31.000     8.1568     8.1098    -0.0470    0.94407    0.94402          1     6.2265     5.8977       9.98     0.0195  4.924e-11  1.000e-12  2.031e+00     8.0337     8.0441     0.0103     6.1515     6.1634     30.717     31.403      0.261    1450.33    1450.15  0.000e+00
       3008     31.500     7.9087     8.0329     0.1244    0.94101    0.94697          1     6.3117     5.9356       9.98     0.0194  4.924e-11  1.000e-12  2.031e+00     8.0624     8.0885     0.0262     6.1946     6.2047     31.212     31.910      0.319    1449.36    1449.90  0.000e+00
       3048     32.000     8.2565     8.3892     0.1325    0.95777    0.96388          1     6.2915     5.8992       9.98     0.0185  4.924e-11  1.000e-12  2.031e+00     8.1362     8.1614     0.0252     6.2231     6.2312     31.708     32.416      0.245    1450.88    1451.45  0.000e+00
       3109     32.500     8.1817     8.0915    -0.0905    0.95807    0.95730          1     6.1884     5.8359       9.98     0.0194  4.924e-11  1.000e-12  2.031e+00     8.1562     8.1701     0.0139     6.2452     6.2637     32.203     32.922      0.249    1450.61    1450.26  0.000e+00
       3149     33.000     7.6476     7.4612    -0.1864    0.94488    0.94099          1     6.1474     5.7811       9.98     0.0191  4.924e-11  1.000e-12  2.031e+00     8.1588     8.1661     0.0074     6.2911     6.3112     32.698     33.428      0.316    1448.44    1447.67  0.000e+00
       3194     33.500     7.2047     7.0232    -0.1822    0.93323    0.92917          1     6.2001     5.8209       9.98     0.0183  4.924e-11  1.000e-12  2.031e+00     8.1537     8.1582     0.0045     6.3207     6.3372     33.194     33.934      0.237    1446.61    1445.85  0.000e+00
       3241     34.000     6.9340     6.6659    -0.2671    0.92545    0.92012          1     6.1605     5.8054       9.98     0.0183  4.924e-11  1.000e-12  2.031e+00     8.1441     8.1569     0.0129     6.3322     6.3603     33.689     34.440      0.298    1445.47    1444.36  0.000e+00
       3281     34.500     6.4092     6.1501    -0.2592    0.91226    0.90699          1     6.1109     5.7775       9.98     0.0181  4.924e-11  1.000e-12  2.031e+00     8.1428     8.1540     0.0112     6.3655     6.3898     34.184     34.946      0.269    1443.27    1442.18  0.000e+00
       3327     35.000     5.9717     5.8203    -0.1512    0.90466    0.90372          1     6.0528     5.7329       9.98     0.0178  4.924e-11  1.000e-12  2.031e+00     8.1743     8.2018     0.0274     6.4161     6.4461     34.680     35.452      0.277    1441.45    1440.83  0.000e+00
       3372     35.500     5.8262     5.7564    -0.0699    0.90784    0.90882          1     6.0303     5.6717       9.98     0.0173  4.924e-11  1.000e-12  2.031e+00     8.2405     8.2672     0.0267     6.4763     6.5011     35.175     35.958      0.235    1440.92    1440.65  0.000e+00
       3427     36.000     5.7794     5.6279    -0.1515    0.91115    0.91134          1     5.9167     5.5837       9.98     0.0171  4.924e-11  1.000e-12  2.031e+00     8.2843     8.3235     0.0392     6.5133     6.5521     35.671     36.464      0.264    1440.78    1440.17  0.000e+00
       3463     36.500     5.4565     5.2296    -0.2268    0.90951    0.90863          1     5.9156     5.5852       9.98     0.0171  4.924e-11  1.000e-12  2.031e+00     8.3479     8.3959     0.0480     6.5799     6.6286     36.166     36.970      0.318    1439.47    1438.55  0.000e+00
       3518     37.000     5.3363     5.2562    -0.0800    0.91166    0.91464          1     5.9778     5.6379       9.98     0.0167  4.924e-11  1.000e-12  2.031e+00     8.3990     8.4488     0.0497     6.6262     6.6692     36.661     37.476      0.244    1439.02    1438.74  0.000e+00
       3560     37.500     5.3059     5.3266     0.0204    0.91766    0.92157          1     5.9820     5.6365       9.98     0.0167  4.924e-11  1.000e-12  2.031e+00     8.4661     8.4997     0.0336     6.6807     6.7062     37.157     37.982      0.408    1438.98    1439.12  0.000e+00
       3590     38.000     5.3599     5.4049     0.0449    0.92409    0.92990          1     5.9504     5.6091       9.98     0.0167  4.924e-11  1.000e-12  2.031e+00     8.5162     8.5624     0.0462     6.7176     6.7520     37.652     38.488      0.313    1439.29    1439.54  0.000e+00
       3656     38.500     5.4317     5.4825     0.0507    0.93106    0.93974          1     5.8941     5.5151       9.98     0.0160  4.924e-11  1.000e-12  2.031e+00     8.5669     8.6399     0.0730     6.7542     6.8093     38.148     38.994      0.276    1439.67    1439.99  0.000e+00
       3691     39.000     5.5108     5.5531     0.0423    0.94388    0.95114          1     5.7756     5.4277       9.98     0.0161  4.924e-11  1.000e-12  2.031e+00     8.6735     8.7344     0.0610     6.8344     6.8804     38.643     39.500      0.362    1440.16    1440.42  0.000e+00
       3736     39.500     5.5632     5.5833     0.0201    0.95199    0.95660          1     5.6243     5.2884       9.98     0.0167  4.924e-11  1.000e-12  2.031e+00     8.7401     8.7805     0.0404     6.8844     6.9152     39.138     40.005      0.228    1440.48    1440.62  0.000e+00
       3793     40.000     5.5990     5.6254     0.0263    0.95793    0.96291          1     5.5333     5.2031       9.98     0.0159  4.924e-11  1.000e-12  2.031e+00     8.7894     8.8317     0.0423     6.9214     6.9534     39.634     40.511      0.311    1440.70    1440.87  0.000e+00
       3828     40.500     5.6766     5.7424     0.0657    0.97115    0.98129          1     5.3403     5.0491       9.98     0.0161  4.924e-11  1.000e-12  2.031e+00     8.8995     8.9822     0.0826     7.0042     7.0658     40.129     41.017      0.308    1441.19    1441.57  0.000e+00
       3875     41.000     5.7788     5.8540     0.0750    0.98674    0.99494          1     5.0950     4.7732       9.98     0.0161  4.924e-11  1.000e-12  2.031e+00     9.0261     9.0867     0.0606     7.0984     7.1419     40.624     41.523      0.233    1441.79    1442.19  0.000e+00
       3924     41.500     6.1391     6.2318     0.0929    1.01247    1.01798          1     4.8852     4.6564       9.98     0.0161  4.924e-11  1.000e-12  2.031e+00     9.1817     9.2104     0.0287     7.2000     7.2169     41.120     42.028      0.271    1443.54    1443.97  0.000e+00
       3965     42.000     6.3776     6.5064     0.1288    1.02916    1.03738          1     4.7870     4.5536       9.98     0.0162  4.924e-11  1.000e-12  2.031e+00     9.2798     9.3244     0.0447     7.2623     7.2890     41.615     42.534      0.293    1444.68    1445.28  0.000e+00
       4011     42.500     6.6299     6.7882     0.1580    1.04664    1.05593          1     4.8391     4.5649       9.98     0.0161  4.924e-11  1.000e-12  2.031e+00     9.3802     9.4264     0.0462     7.3245     7.3499     42.110     43.039      0.231    1445.88    1446.60  0.000e+00
       4064     43.000     6.8992     7.0440     0.1451    1.06610    1.07451          1     4.8450     4.5377       9.98     0.0160  4.924e-11  1.000e-12  2.031e+00     9.4937     9.5344     0.0407     7.3948     7.4162     42.606     43.545      0.258    1447.16    1447.81  0.000e+00
       4107     43.500     7.2108     7.2714     0.0605    1.09194    1.09806          1     4.7324     4.4723       9.98     0.0159  4.924e-11  1.000e-12  2.031e+00     9.6546     9.6961     0.0415     7.4979     7.5257     43.101     44.050      0.271    1448.66    1448.96  0.000e+00
       4154     44.000     6.9084     6.7197    -0.1889    1.09236    1.09051          1     4.4069     4.2037       9.98     0.0161  4.924e-11  1.000e-12  2.031e+00     9.7436     9.7793     0.0357     7.5900     7.6317     43.597     44.556      0.244    1447.52    1446.78  0.000e+00
       4201     44.500     6.6213     6.6594     0.0384    1.09320    1.09991          1     4.3102     4.0747       9.98     0.0160  4.924e-11  1.000e-12  2.031e+00     9.8334     9.8875     0.0541     7.6814     7.7211     44.092     45.061      0.277    1446.44    1446.67  0.000e+00
       4245     45.000     6.8965     6.9518     0.0556    1.11856    1.12439          1     4.2111     3.9960       9.98     0.0159  4.924e-11  1.000e-12  2.031e+00     9.9994    10.0395     0.0401     7.7921     7.8195     44.587     45.567      0.252    1447.81    1448.09  0.000e+00
       4296     45.500     7.1080     7.2439     0.1361    1.14038    1.15123          1     4.1730     3.9198       9.98     0.0159  4.924e-11  1.000e-12  2.031e+00    10.1476    10.2116     0.0640     7.8924     7.9319     45.083     46.072      0.235    1448.88    1449.52  0.000e+00
       4344     46.000     7.7598     7.8766     0.1167    1.19201    1.20129          1     4.1089     3.8792       9.98     0.0159  4.924e-11  1.000e-12  2.031e+00    10.4469    10.4999     0.0530     8.0737     8.1051     45.578     46.577      0.256    1451.94    1452.48  0.000e+00
       4393     46.500     7.8183     7.9566     0.1385    1.20829    1.22296          1     4.1190     3.8702       9.98     0.0159  4.924e-11  1.000e-12  2.031e+00    10.5834    10.6801     0.0966     8.1756     8.2389     46.073     47.082      0.235    1452.36    1453.04  0.000e+00
       4441     47.000     8.1222     8.2366     0.1142    1.25432    1.26972          1     3.8881     3.6984       9.98     0.0159  4.924e-11  1.000e-12  2.031e+00    10.9248    11.0342     0.1094     8.4152     8.4901     46.569     47.587      0.280    1454.02    1454.62  0.000e+00
       4485     47.500     8.2615     8.3177     0.0561    1.29238    1.30598          1     3.5547     3.4038       9.98     0.0159  4.924e-11  1.000e-12  2.031e+00    11.2395    11.3494     0.1099     8.6481     8.7286     47.064     48.092      0.253    1454.98    1455.34  0.000e+00
       4533     48.000     8.3838     8.5140     0.1303    1.32788    1.34578          1     3.2300     3.0965       9.98     0.0159  4.924e-11  1.000e-12  2.031e+00    11.5337    11.6590     0.1252     8.8661     8.9510     47.559     48.597      0.266    1455.84    1456.51  0.000e+00
       4575     48.500     8.8364     8.9979     0.1615    1.38875    1.40646          1     3.0740     2.9384       9.98     0.0159  4.924e-11  1.000e-12  2.031e+00    11.9535    12.0639     0.1104     9.1480     9.2170     48.055     49.102      0.271    1458.16    1458.93  0.000e+00
       4627     49.000     9.1586     9.2827     0.1242    1.42934    1.44518          1     2.9727     2.8348       9.98     0.0159  4.924e-11  1.000e-12  2.031e+00    12.2220    12.3263     0.1043     9.3230     9.3906     48.550     49.607      0.224    1459.77    1460.38  0.000e+00
       4674     49.500     9.3696     9.4948     0.1250    1.46823    1.47696          1     2.8042     2.6934       9.98     0.0159  4.924e-11  1.000e-12  2.031e+00    12.5088    12.5456     0.0368     9.5228     9.5372     49.046     50.111      0.286    1460.95    1461.48  0.000e+00
       4719     50.000     9.8738    10.1104     0.2367    1.50977    1.53055          1     2.8093     2.6450       9.98     0.0159  4.924e-11  1.000e-12  2.031e+00    12.7142    12.8202     0.1060     9.6244     9.6781     49.541     50.616      0.231    1463.16    1464.19  0.000e+00
       4773     50.500    10.1852    10.2521     0.0674    1.54224    1.54900          1     2.6768     2.5429       9.98     0.0159  4.924e-11  1.000e-12  2.031e+00    12.9002    12.9378     0.0377     9.7312     9.7522     50.036     51.120      0.269    1464.58    1464.89  0.000e+00
       4810     51.000    10.2266    10.2048    -0.0217    1.56266    1.56723          1     2.4146     2.3522       9.98     0.0159  4.924e-11  1.000e-12  2.031e+00    13.0708    13.1203     0.0495     9.8586     9.8997     50.532     51.624      0.317    1464.96    1464.93  0.000e+00
       4858     51.500    10.0419    10.0066    -0.0355    1.56672    1.56910          1     2.1670     2.0768       9.98     0.0159  4.924e-11  1.000e-12  2.031e+00    13.1744    13.2089     0.0345     9.9617     9.9928     51.027     52.129      0.212    1464.39    1464.29  0.000e+00
       4911     52.000    10.0400    10.0773     0.0372    1.58052    1.58384          1     2.0059     1.9505       9.98     0.0159  4.924e-11  1.000e-12  2.031e+00    13.3009    13.3176     0.0167    10.0602    10.0686     51.522     52.633      0.310    1464.54    1464.70  0.000e+00
       4949     52.500    10.1711    10.2280     0.0569    1.60119    1.60865          1     1.9809     1.8933       9.98     0.0159  4.924e-11  1.000e-12  2.031e+00    13.4413    13.4882     0.0469    10.1530    10.1823     52.018     53.137      0.261    1465.22    1465.49  0.000e+00
       5010     53.000    10.2445    10.2684     0.0240    1.61895    1.62375          1     1.9679     1.8473       9.98     0.0159  4.924e-11  1.000e-12  2.031e+00    13.5759    13.6107     0.0348    10.2483    10.2724     52.513     53.641      0.236    1465.67    1465.80  0.000e+00
       5051     53.500    10.2587    10.2666     0.0079    1.63387    1.63644          1     1.9206     1.8254       9.98     0.0159  4.924e-11  1.000e-12  2.031e+00    13.7065    13.7269     0.0205    10.3479    10.3628     53.008     54.145      0.321    1465.89    1465.94  0.000e+00
       5096     54.000    10.2064    10.1607    -0.0456    1.64646    1.65115          1     1.6308     1.5631       9.98     0.0159  4.924e-11  1.000e-12  2.031e+00    13.8411    13.9014     0.0603    10.4590    10.5115     53.504     54.649      0.220    1465.86    1465.76  0.000e+00
       5151     54.500    10.0042     9.9608    -0.0434    1.65592    1.65813          1     1.1486     1.1665       9.98     0.0159  4.924e-11  1.000e-12  2.031e+00    14.0050    14.0422     0.0372    10.6114    10.6457     53.999     55.153      0.296    1465.29    1465.17  0.000e+00
       5187     55.000     9.8940     9.8791    -0.0150    1.66179    1.66219          1     1.0511     1.0563       9.98     0.0159  4.924e-11  1.000e-12  2.031e+00    14.1017    14.1112     0.0094    10.7001    10.7093     54.494     55.657      0.286    1465.00    1464.95  0.000e+00
       5246     55.500     9.6655     9.6030    -0.0629    1.65250    1.65106          1     0.7127     0.7582       9.98     0.0159  4.924e-11  1.000e-12  2.031e+00    14.1048    14.1158     0.0111    10.7300    10.7461     54.990     56.161      0.220    1464.13    1463.91  0.000e+00
       5293     56.000     9.4204     9.3922    -0.0282    1.65038    1.65135          1     0.5545     0.5701       9.98     0.0160  4.924e-11  1.000e-12  2.031e+00    14.1812    14.2014     0.0202    10.8186    10.8376     55.485     56.665      0.297    1463.29    1463.20  0.000e+00
       5340     56.500     9.4122     9.3980    -0.0142    1.66300    1.66716          1     0.6218     0.5801       9.98     0.0159  4.924e-11  1.000e-12  2.031e+00    14.3022    14.3468     0.0446    10.9137    10.9500     55.980     57.169      0.218    1463.41    1463.41  0.000e+00
