ctdpy/exports/archive_20191120_135557/received_data/SBE09_1044_20181208_0648_34_01_0170.cnv
* Sea-Bird SBE 9 Data File:
* FileName = C:\ctd\temp\ar18d170.hex
* Software Version Seasave V 7.26.7.107
* Temperature SN = 5351
* Conductivity SN = 3941
* Number of Bytes Per Scan = 41
* Number of Voltage Words = 4
* Number of Scans Averaged by the Deck Unit = 1
* NMEA Latitude = 58 15.60 N
* NMEA Longitude = 011 26.15 E
* NMEA UTC (Time) = Dec 08 2018  06:48:09
* NMEA baud rate = 4800
** Station:  Slaggo
** Operator:  JKro
** Ship: ARANDA
** Average sound velocity: 1483.20 m/s
** True-depth calculation Sun, 09 Dec 2018 17:35:27 +0000
** CTD Python Module SMHI /ver 3-12/ feb 2012 
** LIMS Job: 20183401-0170
** Cruise: SMHI-7-2018
** Latitude [GG MM.mm N]:
** Longitude [GG MM.mm E]
# nquan = 26
# nvalues = 106                         
# units = specified
# name 0 = scan: Scan Count
# name 1 = prDM: Pressure, Digiquartz [db]
# name 2 = t090C: Temperature [ITS-90, deg C]
# name 3 = t190C: Temperature, 2 [ITS-90, deg C]
# name 4 = T2-T190C: Temperature Difference, 2 - 1 [ITS-90, deg C]
# name 5 = c0S/m: Conductivity [S/m]
# name 6 = c1S/m: Conductivity, 2 [S/m]
# name 7 = pumps: Pump Status
# name 8 = sbeox0ML/L: Oxygen, SBE 43 [ml/l]
# name 9 = sbeox1ML/L: Oxygen, SBE 43, 2 [ml/l]
# name 10 = altM: Altimeter [m]
# name 11 = flECO-AFL: Chl-a Fluorescence, WET Labs ECO-AFL/FL [mg/m^3]
# name 12 = flECO-AFL1: Phycocyanin Fluorescence, WET Labs ECO-AFL/FL, 2 [mg/m^3]
# name 13 = par: PAR/Irradiance, Biospherical/Lico [µE/(cm^2*s)]
# name 14 = turbWETntu0: Turbidity, WET Labs ECO [NTU]
# name 15 = sal00: Salinity, Practical [PSU]
# name 16 = sal11: Salinity, Practical, 2 [PSU]
# name 17 = secS-priS: Salinity, Practical, Difference, 2 - 1 [PSU]
# name 18 = sigma-t00: Density [sigma-t, Kg/m^3 ]
# name 19 = sigma-t11: Density, 2 [sigma-t, Kg/m^3 ]
# name 20 = depSM: Depth [salt water, m], lat = 58.26
# name 21 = depFM: Depth [true depth, m], lat = 58.26
# name 22 = dz/dtM: Descent Rate [m/s], WS = 2
# name 23 = svCM: Sound Velocity [Chen-Millero, m/s]
# name 24 = svCM1: Sound Velocity, 2 [Chen-Millero, m/s]
# name 25 = flag: flag
# span 0 =      36160,      38895       
# span 1 =      0.500,     53.000       
# span 2 =     6.3973,     9.9354       
# span 3 =     6.4163,     9.9348       
# span 4 =    -0.0373,     0.0186       
# span 5 =   2.664101,   3.735384       
# span 6 =   2.670728,   3.735464       
# span 7 =          1,          1       
# span 8 =    5.42314,    6.99361       
# span 9 =    5.39386,    6.99255       
# span 10 =      19.40,      97.85      
# span 11 =     0.1230,     1.5707      
# span 12 =     0.1253,     0.3928      
# span 13 = 1.0000e-12, 1.9350e+00      
# span 14 =     0.6048,     1.4039      
# span 15 =    26.1095,    34.4856      
# span 16 =    26.1663,    34.4856      
# span 17 =    -0.0521,     0.0568      
# span 18 =    20.4933,    26.5967      
# span 19 =    20.5360,    26.5965      
# span 20 =      0.495,     52.501      
# span 21 =      0.499,     52.666      
# span 22 =      0.088,      0.536      
# span 23 =    1465.15,    1489.08      
# span 24 =    1465.31,    1489.08      
# span 25 = 0.0000e+00, 0.0000e+00      
# interval = decibars: 0.5              
# start_time = Dec 08 2018 06:48:09 [NMEA time, first data scan]
# bad_flag = -9.990e-29
*END*
[from data line 56]
      37616     28.500     9.7954     9.7956     0.0002    3.70568    3.70573          1     5.5490     5.5341      97.85     0.1395     0.2314  1.000e-12  0.8957000    34.1244    34.1247     0.0003    26.3027    26.3029     28.233     28.355      0.485    1488.50    1488.50  0.000e+00
      37639     29.000     9.7952     9.7954     0.0003    3.70582    3.70589          1     5.5495     5.5324      97.45     0.1478     0.2025  1.000e-12  0.9493000    34.1258    34.1263     0.0005    26.3038    26.3041     28.729     28.852      0.536    1488.50    1488.51  0.000e+00
      37661     29.500     9.7949     9.7951     0.0002    3.70604    3.70611          1     5.5523     5.5382      97.45     0.1477     0.1918  1.000e-12  0.9083000    34.1281    34.1287     0.0006    26.3056    26.3061     29.224     29.348      0.534    1488.52    1488.52  0.000e+00
      37684     30.000     9.7915     9.7918     0.0003    3.70587    3.70595          1     5.5536     5.5398      97.46     0.1453     0.2354  1.000e-12  0.9005000    34.1294    34.1299     0.0004    26.3073    26.3075     29.719     29.844      0.495    1488.51    1488.51  0.000e+00
      37710     30.500     9.7890     9.7895     0.0005    3.70623    3.70630          1     5.5560     5.5407      97.46     0.1472     0.2542  1.000e-12  0.9255000    34.1353    34.1355     0.0002    26.3122    26.3123     30.214     30.340      0.455    1488.52    1488.52  0.000e+00
      37737     31.000     9.7896     9.7900     0.0004    3.71008    3.70999          1     5.5404     5.5254      54.64     0.1562     0.2270  1.000e-12  0.9517000    34.1739    34.1726    -0.0013    26.3423    26.3412     30.710     30.836      0.448    1488.58    1488.58  0.000e+00
      37763     31.500     9.7936     9.7941     0.0005    3.71296    3.71308          1     5.5267     5.5100      46.84     0.1567     0.2404  1.000e-12  0.9204000    34.1994    34.2002     0.0008    26.3615    26.3621     31.205     31.333      0.476    1488.63    1488.63  0.000e+00
      37787     32.000     9.7941     9.7944     0.0003    3.71338    3.71345          1     5.5179     5.5061      72.25     0.1408     0.2217  1.000e-12  0.8871000    34.2030    34.2035     0.0005    26.3643    26.3646     31.700     31.829      0.516    1488.65    1488.65  0.000e+00
      37810     32.500     9.7944     9.7947     0.0003    3.71358    3.71361          1     5.5172     5.5046      48.32     0.1556     0.2216  1.000e-12  0.8934000    34.2045    34.2046     0.0001    26.3654    26.3654     32.196     32.325      0.526    1488.66    1488.66  0.000e+00
      37833     33.000     9.7952     9.7955     0.0003    3.71394    3.71398          1     5.5196     5.5033      96.26     0.1495     0.2406  1.000e-12  0.9484000    34.2072    34.2074     0.0002    26.3674    26.3675     32.691     32.821      0.503    1488.67    1488.67  0.000e+00
      37858     33.500     9.7945     9.7950     0.0005    3.71439    3.71442          1     5.5191     5.5029      73.63     0.1470     0.2131  1.000e-12  0.9725000    34.2123    34.2121    -0.0002    26.3715    26.3712     33.186     33.317      0.471    1488.68    1488.69  0.000e+00
      37884     34.000     9.7892     9.7898     0.0006    3.71474    3.71482          1     5.5258     5.5022      44.05     0.1481     0.2359  1.000e-12  1.0535000    34.2208    34.2210     0.0002    26.3790    26.3791     33.681     33.814      0.456    1488.68    1488.68  0.000e+00
      37910     34.500     9.7795     9.7803     0.0008    3.71456    3.71467          1     5.5397     5.5162      61.79     0.1476     0.2133  1.000e-12  1.0008000    34.2279    34.2283     0.0004    26.3862    26.3863     34.177     34.310      0.461    1488.66    1488.67  0.000e+00
      37936     35.000     9.7660     9.7661     0.0002    3.71379    3.71386          1     5.5587     5.5319      59.80     0.1473     0.2380  1.000e-12  0.9648000    34.2326    34.2332     0.0006    26.3921    26.3925     34.672     34.806      0.487    1488.63    1488.63  0.000e+00
      37960     35.500     9.7618     9.7617    -0.0001    3.71356    3.71360          1     5.5630     5.5349      76.29     0.1433     0.2364  1.000e-12  0.9553000    34.2340    34.2345     0.0005    26.3939    26.3943     35.167     35.302      0.510    1488.62    1488.62  0.000e+00
      37983     36.000     9.7624     9.7625     0.0001    3.71378    3.71383          1     5.5584     5.5333      30.83     0.1383     0.2383  1.000e-12  0.9788000    34.2355    34.2359     0.0004    26.3950    26.3953     35.662     35.798      0.521    1488.64    1488.64  0.000e+00
      38006     36.500     9.7614     9.7610    -0.0005    3.71375    3.71375          1     5.5545     5.5339      36.19     0.1419     0.2198  1.000e-12  0.9881000    34.2358    34.2363     0.0005    26.3954    26.3958     36.158     36.294      0.508    1488.64    1488.64  0.000e+00
      38030     37.000     9.7577     9.7576    -0.0001    3.71340    3.71342          1     5.5587     5.5445      34.65     0.1452     0.1987  1.000e-12  0.9727000    34.2356    34.2359     0.0003    26.3959    26.3961     36.653     36.791      0.476    1488.63    1488.64  0.000e+00
      38056     37.500     9.7479     9.7486     0.0007    3.71407    3.71414          1     5.5673     5.5473      26.56     0.1383     0.2199  1.000e-12  0.9904000    34.2515    34.2516     0.0000    26.4099    26.4098     37.148     37.287      0.460    1488.63    1488.63  0.000e+00
      38082     38.000     9.7496     9.7500     0.0005    3.71530    3.71539          1     5.5634     5.5452      34.69     0.1416     0.2243  1.000e-12  1.0136000    34.2623    34.2629     0.0005    26.4181    26.4185     37.644     37.783      0.473    1488.65    1488.66  0.000e+00
      38107     38.500     9.7509     9.7514     0.0004    3.71588    3.71600          1     5.5572     5.5403      34.91     0.1392     0.1818  1.000e-12  1.0251000    34.2668    34.2675     0.0007    26.4214    26.4219     38.139     38.279      0.480    1488.67    1488.67  0.000e+00
      38132     39.000     9.7517     9.7519     0.0002    3.71620    3.71620          1     5.5488     5.5309      34.53     0.1309     0.1959  1.000e-12  1.0268000    34.2691    34.2689    -0.0002    26.4230    26.4229     38.634     38.775      0.484    1488.69    1488.69  0.000e+00
      38157     39.500     9.7522     9.7531     0.0010    3.71721    3.71727          1     5.5389     5.5204      33.61     0.1346     0.2622  1.000e-12  1.0685000    34.2789    34.2785    -0.0004    26.4306    26.4301     39.129     39.271      0.505    1488.71    1488.71  0.000e+00
      38180     40.000     9.7443     9.7459     0.0016    3.71788    3.71813          1     5.5328     5.5099      33.09     0.1240     0.2292  1.000e-12  1.1084000    34.2929    34.2940     0.0011    26.4429    26.4435     39.625     39.768      0.517    1488.71    1488.71  0.000e+00
      38203     40.500     9.7445     9.7449     0.0004    3.71952    3.71965          1     5.5203     5.5019      32.31     0.1230     0.2213  1.000e-12  1.0649000    34.3093    34.3104     0.0010    26.4557    26.4564     40.120     40.264      0.496    1488.74    1488.74  0.000e+00
      38228     41.000     9.7434     9.7439     0.0005    3.71990    3.71996          1     5.5141     5.5016      31.61     0.1643     0.2218  1.000e-12  1.1783000    34.3141    34.3143     0.0002    26.4596    26.4596     40.615     40.760      0.460    1488.75    1488.75  0.000e+00
      38255     41.500     9.7411     9.7424     0.0013    3.72031    3.72029          1     5.5135     5.4987      31.23     0.1755     0.2311  1.000e-12  1.1796000    34.3203    34.3188    -0.0015    26.4648    26.4634     41.110     41.256      0.461    1488.75    1488.76  0.000e+00
      38280     42.000     9.7413     9.7416     0.0004    3.72036    3.72047          1     5.5192     5.4966      30.81     0.1462     0.2432  1.000e-12  1.2186000    34.3204    34.3212     0.0008    26.4649    26.4654     41.606     41.752      0.499    1488.76    1488.76  0.000e+00
      38303     42.500     9.7407     9.7405    -0.0002    3.72043    3.72054          1     5.5230     5.5018      30.35     0.1386     0.2423  1.000e-12  1.1502000    34.3214    34.3227     0.0013    26.4657    26.4668     42.101     42.248      0.518    1488.77    1488.77  0.000e+00
      38327     43.000     9.7383     9.7392     0.0009    3.72056    3.72063          1     5.5243     5.5038      29.90     0.1458     0.2148  1.000e-12  1.1794000    34.3249    34.3248    -0.0001    26.4689    26.4686     42.596     42.744      0.500    1488.77    1488.78  0.000e+00
      38352     43.500     9.7320     9.7310    -0.0011    3.72085    3.72105          1     5.5294     5.5054      29.32     0.1481     0.2216  1.000e-12  1.1831000    34.3335    34.3367     0.0031    26.4767    26.4793     43.091     43.241      0.468    1488.77    1488.77  0.000e+00
      38378     44.000     9.7198     9.7185    -0.0014    3.72157    3.72195          1     5.5369     5.5145      28.73     0.1447     0.2044  1.000e-12  1.4039000    34.3524    34.3576     0.0052    26.4934    26.4978     43.587     43.737      0.465    1488.75    1488.76  0.000e+00
      38403     44.500     9.7180     9.7185     0.0005    3.72231    3.72244          1     5.5358     5.5238      28.42     0.1381     0.2016  1.000e-12  1.2275000    34.3615    34.3624     0.0009    26.5008    26.5015     44.082     44.233      0.488    1488.77    1488.77  0.000e+00
      38427     45.000     9.7180     9.7185     0.0005    3.72232    3.72247          1     5.5368     5.5237      27.94     0.1382     0.2530  1.000e-12  1.2458000    34.3614    34.3625     0.0011    26.5008    26.5016     44.577     44.729      0.494    1488.78    1488.78  0.000e+00
      38452     45.500     9.7014     9.7163     0.0148    3.72106    3.72234          1     5.5482     5.5262      27.30     0.1576     0.2205  1.000e-12  1.2174000    34.3640    34.3629    -0.0011    26.5056    26.5023     45.072     45.225      0.489    1488.73    1488.78  0.000e+00
      38476     46.000     9.6839     9.6970     0.0131    3.71960    3.72087          1     5.5652     5.5455      26.69     0.1494     0.1830  1.000e-12  1.2584000    34.3656    34.3661     0.0006    26.5098    26.5080     45.568     45.721      0.496    1488.67    1488.72  0.000e+00
      38500     46.500     9.6611     9.6634     0.0024    3.71755    3.71785          1     5.5833     5.5814      26.07     0.1583     0.2013  1.000e-12  1.3778000    34.3661    34.3669     0.0008    26.5140    26.5142     46.063     46.217      0.508    1488.60    1488.61  0.000e+00
      38523     47.000     9.6568     9.6576     0.0009    3.71772    3.71779          1     5.5968     5.5952      25.67     0.1504     0.2017  1.000e-12  1.2709000    34.3717    34.3716    -0.0000    26.5190    26.5188     46.558     46.713      0.498    1488.60    1488.60  0.000e+00
      38548     47.500     9.6572     9.6614     0.0042    3.71803    3.71864          1     5.6077     5.5964      25.13     0.1467     0.2300  1.000e-12  1.2595000    34.3743    34.3765     0.0022    26.5210    26.5220     47.053     47.210      0.471    1488.61    1488.63  0.000e+00
      38574     48.000     9.6701     9.6695    -0.0006    3.71990    3.71987          1     5.6147     5.5955      24.51     0.1555     0.2235  1.000e-12  1.2994000    34.3809    34.3813     0.0003    26.5241    26.5244     47.549     47.706      0.459    1488.68    1488.68  0.000e+00
      38600     48.500     9.7083     9.7115     0.0032    3.72821    3.72849          1     5.6099     5.5951      24.07     0.1577     0.2040  1.000e-12  1.2402000    34.4296    34.4295    -0.0002    26.5557    26.5551     48.044     48.202      0.477    1488.88    1488.89  0.000e+00
      38625     49.000     9.7158     9.7190     0.0032    3.73159    3.73119          1     5.6087     5.5953      23.63     0.1529     0.1992  1.000e-12  1.2088000    34.4570    34.4499    -0.0072    26.5759    26.5698     48.539     48.698      0.494    1488.95    1488.96  0.000e+00
      38649     49.500     9.7161     9.7164     0.0003    3.73185    3.73199          1     5.6061     5.5938      23.22     0.1401     0.2621  1.000e-12  1.2643000    34.4592    34.4603     0.0011    26.5776    26.5784     49.034     49.194      0.507    1488.96    1488.97  0.000e+00
      38672     50.000     9.7175     9.7180     0.0006    3.73254    3.73227          1     5.6040     5.5923      22.76     0.1503     0.2072  1.000e-12  1.2968000    34.4646    34.4614    -0.0032    26.5816    26.5789     49.530     49.690      0.494    1488.98    1488.98  0.000e+00
      38698     50.500     9.7165     9.7180     0.0015    3.73244    3.73249          1     5.6068     5.5823      22.20     0.1526     0.1253  1.000e-12  1.2867000    34.4644    34.4634    -0.0010    26.5816    26.5805     50.025     50.186      0.429    1488.99    1488.99  0.000e+00
      38729     51.000     9.7182     9.7192     0.0010    3.73248    3.73261          1     5.6060     5.5840      21.61     0.1479     0.1842  1.000e-12  1.2252000    34.4630    34.4633     0.0004    26.5801    26.5803     50.520     50.682      0.373    1489.00    1489.00  0.000e+00
      38762     51.500     9.7223     9.7233     0.0010    3.73410    3.73404          1     5.6024     5.5732      21.19     0.1270     0.2078  1.000e-12  1.2159000    34.4755    34.4739    -0.0016    26.5892    26.5878     51.015     51.178      0.356    1489.04    1489.04  0.000e+00
      38797     52.000     9.7250     9.7252     0.0001    3.73517    3.73507          1     5.5993     5.5739      20.69     0.1322     0.2527  1.000e-12  1.2523000    34.4837    34.4824    -0.0012    26.5952    26.5942     51.511     51.674      0.327    1489.07    1489.07  0.000e+00
      38838     52.500     9.7250     9.7258     0.0009    3.73538    3.73546          1     5.5979     5.5850      20.07     0.1573     0.2631  1.000e-12  1.2819000    34.4856    34.4856    -0.0000    26.5967    26.5965     52.006     52.170      0.256    1489.08    1489.08  0.000e+00
      38895     53.000     9.7229     9.7214    -0.0016    3.73516    3.73497          1     5.6002     5.5929      19.40     0.1960     0.2095  1.000e-12  1.2799000    34.4851    34.4845    -0.0005    26.5967    26.5965     52.501     52.666      0.109    1489.08    1489.07  0.000e+00
