ctdpy/exports/archive_20191120_135557/received_data/SBE09_0827_20181005_1940_26_01_1019.cnv
* Sea-Bird SBE 9 Data File:
* FileName = D:\CTD_SBE911\DAT\26DA.2018.10.19.hex
* Software Version Seasave V 7.21d
* Temperature SN = 4548
* Conductivity SN = 3062
* Number of Bytes Per Scan = 48
* Number of Voltage Words = 5
* Number of Scans Averaged by the Deck Unit = 1
* NMEA Latitude = 56 55.08 N
* NMEA Longitude = 017 35.35 E
* NMEA UTC (Time) = Oct 05 2018  19:43:22
* NMEA baud rate = 4800
** Ship: DANA
** Average sound velocity: 1444.66 m/s
** True-depth calculation Thu, 28 Mar 2019 12:18:09 +0000
** CTD Python Module SMHI /ver 3-12/ feb 2012 
** LIMS Job: 20182601-1019
** Operator: Christian A-KTh
** Cruise: 10/2018
# nquan = 26
# nvalues = 181                         
# units = specified
# name 0 = scan: Scan Count
# name 1 = prDM: Pressure, Digiquartz [db]
# name 2 = t090C: Temperature [ITS-90, deg C]
# name 3 = t190C: Temperature, 2 [ITS-90, deg C]
# name 4 = T2-T190C: Temperature Difference, 2 - 1 [ITS-90, deg C]
# name 5 = c0S/m: Conductivity [S/m]
# name 6 = c1S/m: Conductivity, 2 [S/m]
# name 7 = pumps: Pump Status
# name 8 = sbeox1ML/L: Oxygen, SBE 43, 2 [ml/l]
# name 9 = sbeox0ML/L: Oxygen, SBE 43 [ml/l]
# name 10 = altM: Altimeter [m]
# name 11 = chloroflTC0: Chlorophyll, Turner Cyclops [ug/l]
# name 12 = cpar: CPAR/Corrected Irradiance [%]
# name 13 = par: PAR/Irradiance, Biospherical/Lico [µE/(cm^2*s)]
# name 14 = spar: SPAR, Biospherical/Licor
# name 15 = sal00: Salinity, Practical [PSU]
# name 16 = sal11: Salinity, Practical, 2 [PSU]
# name 17 = secS-priS: Salinity, Practical, Difference, 2 - 1 [PSU]
# name 18 = sigma-t00: Density [sigma-t, kg/m^3 ]
# name 19 = sigma-t11: Density, 2 [sigma-t, kg/m^3 ]
# name 20 = depSM: Depth [salt water, m], lat = 56.918
# name 21 = depFM: Depth [true depth, m], lat = 56.918
# name 22 = dz/dtM: Descent Rate [m/s], WS = 2
# name 23 = svCM: Sound Velocity [Chen-Millero, m/s]
# name 24 = svCM1: Sound Velocity, 2 [Chen-Millero, m/s]
# name 25 = flag: flag
# span 0 =         41,      10429       
# span 1 =      0.500,     90.500       
# span 2 =     3.9323,    11.4835       
# span 3 =     3.9282,    11.4839       
# span 4 =    -0.3837,     0.0481       
# span 5 =   0.773928,   1.135960       
# span 6 =   0.774771,   1.135977       
# span 7 =          1,          1       
# span 8 =     0.0320,     7.3784       
# span 9 =     0.0388,     6.9882       
# span 10 =       1.57,       9.97      
# span 11 =     0.0159,     0.0338      
# span 12 = 4.9241e-11, 2.1137e+03      
# span 13 = 1.0000e-12, 7.7699e-03      
# span 14 = 1.9879e+00, 2.0308e+00      
# span 15 =     6.9322,    10.5161      
# span 16 =     6.9324,    10.5161      
# span 17 =    -0.0009,     0.0469      
# span 18 =     4.9471,     8.2765      
# span 19 =     4.9471,     8.2765      
# span 20 =      0.495,     89.650      
# span 21 =      0.507,     91.593      
# span 22 =     -0.051,      0.703      
# span 23 =    1431.41,    1461.66      
# span 24 =    1431.41,    1461.66      
# span 25 = 0.0000e+00, 0.0000e+00      
# interval = decibars: 0.5              
# start_time = Oct 05 2018 19:43:23 [NMEA time, first data scan]
# bad_flag = -9.990e-29
*END*
[from data line 168]
       8527     84.500     5.7140     5.7147     0.0007    1.13462    1.13465          1     0.0463     0.0531       8.07     0.0172  4.924e-11  1.000e-12  2.031e+00    10.5061    10.5062     0.0001     8.2691     8.2691     83.707     85.532      0.421    1444.08    1444.08  0.000e+00
       8561     85.000     5.7163     5.7178     0.0015    1.13505    1.13520          1     0.0469     0.0536       7.43     0.0173  4.924e-11  1.000e-12  2.031e+00    10.5096    10.5106     0.0010     8.2717     8.2724     84.203     86.037      0.263    1444.10    1444.11  0.000e+00
       8620     85.500     5.7185     5.7193     0.0009    1.13541    1.13549          1     0.0466     0.0537       6.90     0.0173  4.924e-11  1.000e-12  2.031e+00    10.5124    10.5129     0.0005     8.2738     8.2741     84.698     86.543      0.245    1444.12    1444.12  0.000e+00
       8668     86.000     5.7192     5.7199     0.0007    1.13556    1.13560          1     0.0468     0.0501       6.39     0.0177  4.924e-11  1.000e-12  2.031e+00    10.5136    10.5138     0.0002     8.2747     8.2748     85.193     87.048      0.212    1444.13    1444.14  0.000e+00
       8729     86.500     5.7198     5.7202     0.0005    1.13566    1.13567          1     0.0440     0.0537       5.82     0.0178  4.924e-11  1.000e-12  2.031e+00    10.5144    10.5143    -0.0001     8.2753     8.2752     85.688     87.553      0.308    1444.14    1444.15  0.000e+00
       8760     87.000     5.7200     5.7205     0.0005    1.13571    1.13572          1     0.0435     0.0501       5.31     0.0182  4.924e-11  1.000e-12  2.031e+00    10.5147    10.5146    -0.0001     8.2755     8.2754     86.183     88.058      0.368    1444.15    1444.16  0.000e+00
       8802     87.500     5.7206     5.7212     0.0007    1.13579    1.13582          1     0.0436     0.0512       4.73     0.0175  4.924e-11  1.000e-12  2.031e+00    10.5152    10.5153     0.0001     8.2759     8.2759     86.679     88.563      0.231    1444.17    1444.17  0.000e+00
       8856     88.000     5.7212     5.7217     0.0005    1.13587    1.13589          1     0.0427     0.0513       4.23     0.0176  4.924e-11  1.000e-12  2.031e+00    10.5158    10.5158     0.0000     8.2763     8.2763     87.174     89.068      0.290    1444.18    1444.18  0.000e+00
       8891     88.500     5.7214     5.7217     0.0003    1.13590    1.13590          1     0.0409     0.0512       3.78     0.0178  4.924e-11  1.000e-12  2.031e+00    10.5158    10.5158    -0.0001     8.2763     8.2763     87.669     89.573      0.319    1444.19    1444.19  0.000e+00
       8945     89.000     5.7216     5.7219     0.0003    1.13593    1.13593          1     0.0418     0.0489       3.22     0.0180  4.924e-11  1.000e-12  2.031e+00    10.5161    10.5160    -0.0001     8.2765     8.2764     88.164     90.078      0.224    1444.19    1444.20  0.000e+00
       8994     89.500     5.7218     5.7221     0.0003    1.13596    1.13596          1     0.0419     0.0494       2.76     0.0179  4.924e-11  1.000e-12  2.031e+00    10.5161    10.5161    -0.0000     8.2765     8.2765     88.659     90.583      0.298    1444.20    1444.20  0.000e+00
       9203     90.000     5.7218     5.7220     0.0002    1.13596    1.13596          1     0.0404     0.0484       2.18     0.0175  4.924e-11  1.000e-12  2.031e+00    10.5161    10.5160    -0.0001     8.2765     8.2764     89.155     91.088      0.199    1444.21    1444.21  0.000e+00
      10429     90.500     5.7218     5.7221     0.0002    1.13596    1.13598          1     0.0320     0.0388       1.57     0.0173  4.924e-11  1.000e-12  2.031e+00    10.5160    10.5161     0.0001     8.2764     8.2765     89.650     91.593     -0.051    1444.22    1444.22  0.000e+00
