ctdpy/exports/archive_20191120_135557/received_data/SBE09_1044_20181114_1218_34_01_0145.cnv
* Sea-Bird SBE 9 Data File:
* FileName = C:\ctd\temp\ar18d145.hex
* Software Version Seasave V 7.26.7.107
* Temperature SN = 5351
* Conductivity SN = 3941
* Number of Bytes Per Scan = 41
* Number of Voltage Words = 4
* Number of Scans Averaged by the Deck Unit = 1
* NMEA Latitude = 58 01.01 N
* NMEA Longitude = 017 59.10 E
* NMEA UTC (Time) = Nov 14 2018  12:18:11
* NMEA baud rate = 4800
** Station:  BY32
** Operator:  A-KTh
** Ship: ARANDA
** Average sound velocity: 1444.93 m/s
** True-depth calculation Wed, 14 Nov 2018 13:36:01 +0000
** CTD Python Module SMHI /ver 3-12/ feb 2012 
** LIMS Job: 20183401-0145
** Cruise: SMHI-6-2018
** Latitude [GG MM.mm N]:
** Longitude [GG MM.mm E]
# nquan = 26
# nvalues = 397                         
# units = specified
# name 0 = scan: Scan Count
# name 1 = prDM: Pressure, Digiquartz [db]
# name 2 = t090C: Temperature [ITS-90, deg C]
# name 3 = t190C: Temperature, 2 [ITS-90, deg C]
# name 4 = T2-T190C: Temperature Difference, 2 - 1 [ITS-90, deg C]
# name 5 = c0S/m: Conductivity [S/m]
# name 6 = c1S/m: Conductivity, 2 [S/m]
# name 7 = pumps: Pump Status
# name 8 = sbeox0ML/L: Oxygen, SBE 43 [ml/l]
# name 9 = sbeox1ML/L: Oxygen, SBE 43, 2 [ml/l]
# name 10 = altM: Altimeter [m]
# name 11 = flECO-AFL: Chl-a Fluorescence, WET Labs ECO-AFL/FL [mg/m^3]
# name 12 = flECO-AFL1: Phycocyanin Fluorescence, WET Labs ECO-AFL/FL, 2 [mg/m^3]
# name 13 = par: PAR/Irradiance, Biospherical/Lico [µE/(cm^2*s)]
# name 14 = turbWETntu0: Turbidity, WET Labs ECO [NTU]
# name 15 = sal00: Salinity, Practical [PSU]
# name 16 = sal11: Salinity, Practical, 2 [PSU]
# name 17 = secS-priS: Salinity, Practical, Difference, 2 - 1 [PSU]
# name 18 = sigma-t00: Density [sigma-t, Kg/m^3 ]
# name 19 = sigma-t11: Density, 2 [sigma-t, Kg/m^3 ]
# name 20 = depSM: Depth [salt water, m], lat = 58.0168
# name 21 = depFM: Depth [true depth, m], lat = 58.0168
# name 22 = dz/dtM: Descent Rate [m/s], WS = 2
# name 23 = svCM: Sound Velocity [Chen-Millero, m/s]
# name 24 = svCM1: Sound Velocity, 2 [Chen-Millero, m/s]
# name 25 = flag: flag
# span 0 =      18927,      29037       
# span 1 =      1.000,    199.000       
# span 2 =     4.1764,     8.1928       
# span 3 =     4.1770,     8.1940       
# span 4 =    -0.0046,     0.0071       
# span 5 =   0.767388,   1.195089       
# span 6 =   0.767387,   1.195079       
# span 7 =          1,          1       
# span 8 =    0.01881,    7.76450       
# span 9 =    0.05384,    7.39557       
# span 10 =       2.90,      98.71      
# span 11 =     0.2433,     1.4731      
# span 12 =     0.1194,     0.3960      
# span 13 = 1.0000e-12, 2.3591e+02      
# span 14 =     0.1821,     2.7004      
# span 15 =     6.5212,    10.9971      
# span 16 =     6.5209,    10.9965      
# span 17 =    -0.0062,     0.0011      
# span 18 =     5.0054,     8.6382      
# span 19 =     5.0050,     8.6376      
# span 20 =      0.991,    197.061      
# span 21 =      1.013,    201.204      
# span 22 =      0.016,      0.716      
# span 23 =    1433.63,    1448.67      
# span 24 =    1433.63,    1448.68      
# span 25 = 0.0000e+00, 0.0000e+00      
# interval = decibars: 0.5              
# start_time = Nov 14 2018 12:18:11 [NMEA time, first data scan]
# bad_flag = -9.990e-29
*END*
[from data line 223]
      23988    112.500     5.8621     5.8638     0.0016    1.16373    1.16379          1     0.0433     0.0958      92.53     0.3608     0.2475  1.000e-12  0.3838000    10.7453    10.7453     0.0000     8.4487     8.4486    111.427    113.851      0.545    1445.46    1445.47  0.000e+00
      24011    113.000     5.8689     5.8700     0.0011    1.16515    1.16510          1     0.0435     0.0934      92.01     0.3595     0.2267  1.000e-12  0.3405000    10.7572    10.7563    -0.0009     8.4577     8.4569    111.922    114.356      0.508    1445.51    1445.52  0.000e+00
      24035    113.500     5.8761     5.8770     0.0009    1.16666    1.16659          1     0.0436     0.0925      91.48     0.3518     0.2531  1.000e-12  0.3196000    10.7699    10.7689    -0.0010     8.4672     8.4663    112.417    114.861      0.503    1445.57    1445.57  0.000e+00
      24058    114.000     5.8803     5.8815     0.0012    1.16752    1.16751          1     0.0423     0.0946      91.00     0.3388     0.2395  1.000e-12  0.3106000    10.7771    10.7765    -0.0005     8.4726     8.4721    112.912    115.366      0.540    1445.60    1445.61  0.000e+00
      24079    114.500     5.8844     5.8857     0.0013    1.16833    1.16833          1     0.0422     0.0940      90.53     0.3441     0.2216  1.000e-12  0.3125000    10.7838    10.7833    -0.0004     8.4776     8.4772    113.407    115.871      0.575    1445.64    1445.64  0.000e+00
      24100    115.000     5.8905     5.8918     0.0013    1.16949    1.16948          1     0.0435     0.0941      95.93     0.3504     0.2232  1.000e-12  0.3186000    10.7932    10.7927    -0.0005     8.4847     8.4842    113.902    116.376      0.575    1445.68    1445.69  0.000e+00
      24121    115.500     5.8952     5.8966     0.0014    1.17043    1.17045          1     0.0415     0.0944      92.82     0.3519     0.2327  1.000e-12  0.3192000    10.8010    10.8008    -0.0002     8.4905     8.4903    114.398    116.881      0.542    1445.72    1445.72  0.000e+00
      24144    116.000     5.8988     5.9000     0.0012    1.17122    1.17121          1     0.0400     0.0921      97.24     0.3484     0.2450  1.000e-12  0.2977000    10.8077    10.8072    -0.0005     8.4956     8.4951    114.893    117.386      0.505    1445.75    1445.76  0.000e+00
      24169    116.500     5.9022     5.9033     0.0011    1.17197    1.17192          1     0.0393     0.0930      88.22     0.3631     0.2462  1.000e-12  0.2969000    10.8140    10.8131    -0.0009     8.5003     8.4996    115.388    117.891      0.506    1445.78    1445.78  0.000e+00
      24191    117.000     5.9102     5.9112     0.0011    1.17363    1.17357          1     0.0413     0.0888      87.90     0.3392     0.2703  1.000e-12  0.2856000    10.8279    10.8270    -0.0009     8.5108     8.5100    115.883    118.396      0.542    1445.84    1445.84  0.000e+00
      24213    117.500     5.9132     5.9144     0.0012    1.17430    1.17425          1     0.0416     0.0896      87.57     0.3695     0.2602  1.000e-12  0.2708000    10.8335    10.8326    -0.0008     8.5150     8.5143    116.378    118.901      0.560    1445.87    1445.87  0.000e+00
      24234    118.000     5.9157     5.9168     0.0012    1.17481    1.17478          1     0.0419     0.0921      87.07     0.3669     0.2493  1.000e-12  0.2533000    10.8378    10.8371    -0.0007     8.5182     8.5176    116.873    119.406      0.551    1445.89    1445.90  0.000e+00
      24257    118.500     5.9177     5.9191     0.0013    1.17525    1.17526          1     0.0374     0.0898      88.53     0.3546     0.2442  1.000e-12  0.2414000    10.8413    10.8410    -0.0003     8.5209     8.5206    117.368    119.911      0.539    1445.91    1445.92  0.000e+00
      24279    119.000     5.9182     5.9194     0.0013    1.17532    1.17532          1     0.0363     0.0886      91.46     0.3527     0.2465  1.000e-12  0.2331000    10.8418    10.8414    -0.0004     8.5212     8.5208    117.863    120.416      0.533    1445.93    1445.93  0.000e+00
      24302    119.500     5.9183     5.9195     0.0013    1.17535    1.17535          1     0.0410     0.0897      85.43     0.3600     0.1668  1.000e-12  0.2289000    10.8420    10.8416    -0.0004     8.5214     8.5210    118.358    120.921      0.527    1445.93    1445.94  0.000e+00
      24324    120.000     5.9186     5.9200     0.0013    1.17545    1.17543          1     0.0383     0.0899      84.85     0.3608     0.2722  1.000e-12  0.2309000    10.8427    10.8421    -0.0006     8.5219     8.5214    118.853    121.426      0.524    1445.94    1445.95  0.000e+00
      24347    120.500     5.9189     5.9202     0.0013    1.17549    1.17549          1     0.0377     0.0884      84.30     0.3617     0.2339  1.000e-12  0.2431000    10.8430    10.8425    -0.0005     8.5221     8.5217    119.348    121.931      0.529    1445.95    1445.96  0.000e+00
      24370    121.000     5.9197     5.9211     0.0014    1.17566    1.17565          1     0.0391     0.0894      83.78     0.3512     0.2279  1.000e-12  0.2419000    10.8443    10.8438    -0.0005     8.5231     8.5227    119.843    122.436      0.540    1445.97    1445.97  0.000e+00
      24392    121.500     5.9216     5.9228     0.0013    1.17605    1.17603          1     0.0396     0.0893      83.52     0.3592     0.2350  1.000e-12  0.2564000    10.8475    10.8470    -0.0005     8.5255     8.5250    120.338    122.941      0.548    1445.99    1445.99  0.000e+00
      24414    122.000     5.9237     5.9251     0.0013    1.17652    1.17651          1     0.0398     0.0875      98.38     0.3613     0.2165  1.000e-12  0.2574000    10.8514    10.8509    -0.0005     8.5285     8.5280    120.834    123.446      0.547    1446.01    1446.01  0.000e+00
      24436    122.500     5.9261     5.9269     0.0009    1.17707    1.17697          1     0.0377     0.0846      98.71     0.3546     0.2791  1.000e-12  0.2508000    10.8561    10.8548    -0.0013     8.5320     8.5309    121.329    123.951      0.554    1446.03    1446.04  0.000e+00
      24457    123.000     5.9278     5.9289     0.0011    1.17739    1.17737          1     0.0363     0.0853      92.68     0.3429     0.2665  1.000e-12  0.2540000    10.8587    10.8581    -0.0006     8.5339     8.5334    121.824    124.455      0.566    1446.05    1446.06  0.000e+00
      24478    123.500     5.9283     5.9295     0.0012    1.17750    1.17748          1     0.0389     0.0858      81.28     0.3430     0.2520  1.000e-12  0.2639000    10.8595    10.8589    -0.0006     8.5345     8.5340    122.319    124.960      0.549    1446.06    1446.07  0.000e+00
      24501    124.000     5.9298     5.9310     0.0013    1.17781    1.17779          1     0.0396     0.0861      87.83     0.3707     0.2385  1.000e-12  0.2493000    10.8620    10.8614    -0.0006     8.5364     8.5359    122.814    125.465      0.498    1446.08    1446.08  0.000e+00
      24526    124.500     5.9304     5.9317     0.0013    1.17793    1.17793          1     0.0366     0.0857      83.06     0.3412     0.2398  1.000e-12  0.2475000    10.8629    10.8625    -0.0005     8.5371     8.5367    123.309    125.970      0.477    1446.09    1446.10  0.000e+00
      24551    125.000     5.9311     5.9320     0.0009    1.17809    1.17799          1     0.0360     0.0863      79.53     0.3769     0.2466  1.000e-12  0.2485000    10.8642    10.8630    -0.0012     8.5380     8.5370    123.804    126.475      0.529    1446.11    1446.11  0.000e+00
      24572    125.500     5.9331     5.9342     0.0012    1.17847    1.17847          1     0.0387     0.0856      79.15     0.3514     0.2452  1.000e-12  0.2355000    10.8673    10.8668    -0.0005     8.5404     8.5399    124.299    126.980      0.599    1446.12    1446.13  0.000e+00
      24591    126.000     5.9330     5.9343     0.0013    1.17847    1.17847          1     0.0357     0.0830      78.69     0.3587     0.2330  1.000e-12  0.2563000    10.8672    10.8668    -0.0005     8.5403     8.5399    124.794    127.485      0.613    1446.13    1446.14  0.000e+00
      24611    126.500     5.9332     5.9345     0.0013    1.17852    1.17851          1     0.0342     0.0844      78.21     0.3525     0.2432  1.000e-12  0.2537000    10.8676    10.8671    -0.0005     8.5406     8.5401    125.289    127.990      0.561    1446.14    1446.15  0.000e+00
      24635    127.000     5.9333     5.9347     0.0013    1.17858    1.17857          1     0.0364     0.0837      77.59     0.3344     0.2009  1.000e-12  0.2384000    10.8680    10.8675    -0.0005     8.5409     8.5404    125.784    128.495      0.492    1446.15    1446.16  0.000e+00
      24660    127.500     5.9336     5.9350     0.0014    1.17866    1.17864          1     0.0356     0.0836      77.01     0.3335     0.2210  1.000e-12  0.2375000    10.8686    10.8680    -0.0006     8.5414     8.5408    126.279    129.000      0.482    1446.16    1446.17  0.000e+00
      24684    128.000     5.9339     5.9353     0.0013    1.17873    1.17872          1     0.0346     0.0827      76.51     0.3532     0.2232  1.000e-12  0.2357000    10.8692    10.8685    -0.0006     8.5418     8.5412    126.774    129.505      0.529    1446.17    1446.18  0.000e+00
      24705    128.500     5.9341     5.9354     0.0013    1.17875    1.17873          1     0.0341     0.0823      76.08     0.3598     0.2339  1.000e-12  0.2526000    10.8692    10.8686    -0.0006     8.5418     8.5413    127.269    130.010      0.577    1446.18    1446.18  0.000e+00
      24726    129.000     5.9344     5.9357     0.0012    1.17880    1.17879          1     0.0357     0.0839      75.61     0.3506     0.2866  1.000e-12  0.2365000    10.8695    10.8690    -0.0005     8.5420     8.5416    127.764    130.515      0.594    1446.19    1446.19  0.000e+00
      24746    129.500     5.9346     5.9359     0.0013    1.17887    1.17885          1     0.0346     0.0806      75.04     0.3869     0.2096  1.000e-12  0.2259000    10.8700    10.8694    -0.0006     8.5424     8.5419    128.259    131.020      0.571    1446.20    1446.20  0.000e+00
      24768    130.000     5.9368     5.9379     0.0011    1.17934    1.17929          1     0.0338     0.0804      74.53     0.3775     0.2586  1.000e-12  0.2315000    10.8739    10.8731    -0.0009     8.5454     8.5446    128.755    131.525      0.515    1446.22    1446.22  0.000e+00
      24793    130.500     5.9390     5.9403     0.0013    1.17982    1.17980          1     0.0365     0.0818      73.94     0.3683     0.2869  1.000e-12  0.2279000    10.8779    10.8773    -0.0006     8.5484     8.5478    129.250    132.030      0.472    1446.24    1446.25  0.000e+00
      24818    131.000     5.9412     5.9422     0.0010    1.18033    1.18027          1     0.0340     0.0821      73.41     0.3544     0.2624  1.000e-12  0.2191000    10.8822    10.8812    -0.0010     8.5516     8.5508    129.745    132.535      0.501    1446.26    1446.27  0.000e+00
      24841    131.500     5.9455     5.9461     0.0007    1.18122    1.18109          1     0.0332     0.0816      72.99     0.3585     0.2643  1.000e-12  0.2189000    10.8896    10.8881    -0.0016     8.5572     8.5559    130.240    133.040      0.567    1446.30    1446.30  0.000e+00
      24861    132.000     5.9477     5.9487     0.0010    1.18169    1.18162          1     0.0334     0.0816      72.52     0.3841     0.2573  1.000e-12  0.2229000    10.8935    10.8924    -0.0011     8.5601     8.5592    130.735    133.545      0.606    1446.32    1446.33  0.000e+00
      24880    132.500     5.9490     5.9498     0.0008    1.18205    1.18193          1     0.0345     0.0814      71.97     0.3715     0.1930  1.000e-12  0.2236000    10.8965    10.8951    -0.0014     8.5624     8.5612    131.230    134.050      0.594    1446.34    1446.34  0.000e+00
      24901    133.000     5.9499     5.9512     0.0013    1.18228    1.18228          1     0.0346     0.0804      71.42     0.3624     0.2677  1.000e-12  0.2181000    10.8985    10.8980    -0.0005     8.5639     8.5635    131.725    134.555      0.544    1446.35    1446.36  0.000e+00
      24925    133.500     5.9503     5.9517     0.0014    1.18240    1.18240          1     0.0340     0.0790      70.86     0.3522     0.2550  1.000e-12  0.2077000    10.8995    10.8990    -0.0004     8.5646     8.5642    132.220    135.060      0.496    1446.37    1446.37  0.000e+00
      24950    134.000     5.9507     5.9520     0.0013    1.18246    1.18245          1     0.0336     0.0789      70.39     0.3749     0.2375  1.000e-12  0.2224000    10.8998    10.8993    -0.0005     8.5649     8.5644    132.715    135.564      0.484    1446.38    1446.38  0.000e+00
      24974    134.500     5.9510     5.9521     0.0012    1.18250    1.18249          1     0.0337     0.0775      69.83     0.3766     0.2158  1.000e-12  0.2205000    10.9001    10.8996    -0.0005     8.5651     8.5646    133.210    136.069      0.519    1446.39    1446.39  0.000e+00
      24996    135.000     5.9512     5.9524     0.0012    1.18257    1.18255          1     0.0344     0.0781      69.05     0.3655     0.2134  1.000e-12  0.2096000    10.9005    10.8999    -0.0006     8.5654     8.5649    133.705    136.574      0.567    1446.40    1446.40  0.000e+00
      25016    135.500     5.9514     5.9527     0.0012    1.18262    1.18261          1     0.0338     0.0776      74.65     0.3623     0.2167  1.000e-12  0.2067000    10.9009    10.9004    -0.0005     8.5657     8.5652    134.200    137.079      0.592    1446.40    1446.41  0.000e+00
      25037    136.000     5.9516     5.9530     0.0013    1.18267    1.18267          1     0.0343     0.0791      82.53     0.3604     0.1923  1.000e-12  0.2169000    10.9013    10.9008    -0.0004     8.5660     8.5655    134.695    137.584      0.581    1446.41    1446.42  0.000e+00
      25058    136.500     5.9521     5.9535     0.0014    1.18276    1.18276          1     0.0350     0.0770      67.72     0.3500     0.2798  1.000e-12  0.2223000    10.9019    10.9015    -0.0004     8.5664     8.5660    135.190    138.089      0.535    1446.42    1446.43  0.000e+00
      25082    137.000     5.9522     5.9533     0.0012    1.18279    1.18276          1     0.0333     0.0765      67.41     0.3614     0.2794  1.000e-12  0.2129000    10.9021    10.9014    -0.0006     8.5666     8.5660    135.685    138.594      0.489    1446.43    1446.44  0.000e+00
      25107    137.500     5.9532     5.9545     0.0013    1.18300    1.18299          1     0.0338     0.0782      73.39     0.3837     0.2176  1.000e-12  0.2110000    10.9038    10.9033    -0.0005     8.5678     8.5674    136.180    139.099      0.492    1446.45    1446.45  0.000e+00
      25130    138.000     5.9537     5.9549     0.0012    1.18306    1.18305          1     0.0316     0.0779      78.17     0.3797     0.2151  1.000e-12  0.2060000    10.9041    10.9036    -0.0005     8.5681     8.5676    136.675    139.604      0.535    1446.46    1446.46  0.000e+00
      25152    138.500     5.9543     5.9556     0.0012    1.18331    1.18329          1     0.0342     0.0779      65.39     0.3601     0.2306  1.000e-12  0.2166000    10.9063    10.9058    -0.0006     8.5698     8.5693    137.170    140.109      0.583    1446.47    1446.48  0.000e+00
      25172    139.000     5.9560     5.9570     0.0010    1.18367    1.18361          1     0.0318     0.0773      65.26     0.3641     0.2321  1.000e-12  0.2187000    10.9092    10.9084    -0.0009     8.5720     8.5712    137.665    140.614      0.617    1446.49    1446.49  0.000e+00
      25191    139.500     5.9575     5.9586     0.0012    1.18422    1.18419          1     0.0351     0.0766      64.89     0.3841     0.2620  1.000e-12  0.2110000    10.9141    10.9135    -0.0007     8.5757     8.5751    138.160    141.119      0.598    1446.51    1446.52  0.000e+00
