ctdpy/exports/archive_20191120_135557/received_data/SBE09_0827_20180904_1641_26_01_0960.cnv
* Sea-Bird SBE 9 Data File:
* FileName = D:\CTD_SBE911\DAT\26DA.2018.9.10.hex
* Software Version Seasave V 7.21d
* Temperature SN = 034605
* Conductivity SN = 041844
* Number of Bytes Per Scan = 48
* Number of Voltage Words = 5
* Number of Scans Averaged by the Deck Unit = 1
* NMEA Latitude = 57 18.71 N
* NMEA Longitude = 020 04.61 E
* NMEA UTC (Time) = Sep 04 2018  16:44:08
* NMEA baud rate = 4800
** Ship: DANA
** Average sound velocity: 1450.26 m/s
** True-depth calculation Wed, 03 Apr 2019 09:28:19 +0000
** CTD Python Module SMHI /ver 3-12/ feb 2012 
** LIMS Job: 20182601-0960
**  BY15
** Operator: Christian JKro
** Cruise: 09/2018
# nquan = 26
# nvalues = 471                         
# units = specified
# name 0 = scan: Scan Count
# name 1 = prDM: Pressure, Digiquartz [db]
# name 2 = t090C: Temperature [ITS-90, deg C]
# name 3 = t190C: Temperature, 2 [ITS-90, deg C]
# name 4 = T2-T190C: Temperature Difference, 2 - 1 [ITS-90, deg C]
# name 5 = c0S/m: Conductivity [S/m]
# name 6 = c1S/m: Conductivity, 2 [S/m]
# name 7 = pumps: Pump Status
# name 8 = sbeox1ML/L: Oxygen, SBE 43, 2 [ml/l]
# name 9 = sbeox0ML/L: Oxygen, SBE 43 [ml/l]
# name 10 = altM: Altimeter [m]
# name 11 = chloroflTC0: Chlorophyll, Turner Cyclops [ug/l]
# name 12 = cpar: CPAR/Corrected Irradiance [%]
# name 13 = par: PAR/Irradiance, Biospherical/Lico [µE/(cm^2*s)]
# name 14 = spar: SPAR, Biospherical/Licor
# name 15 = sal00: Salinity, Practical [PSU]
# name 16 = sal11: Salinity, Practical, 2 [PSU]
# name 17 = secS-priS: Salinity, Practical, Difference, 2 - 1 [PSU]
# name 18 = sigma-t00: Density [sigma-t, kg/m^3 ]
# name 19 = sigma-t11: Density, 2 [sigma-t, kg/m^3 ]
# name 20 = depSM: Depth [salt water, m], lat = 57.3118
# name 21 = depFM: Depth [true depth, m], lat = 57.3118
# name 22 = dz/dtM: Descent Rate [m/s], WS = 2
# name 23 = svCM: Sound Velocity [Chen-Millero, m/s]
# name 24 = svCM1: Sound Velocity, 2 [Chen-Millero, m/s]
# name 25 = flag: flag
# span 0 =         43,      17599       
# span 1 =      1.500,    236.500       
# span 2 =     3.1559,    18.4231       
# span 3 =     3.1255,    18.4186       
# span 4 =    -1.3558,     0.1678       
# span 5 =   0.752543,   1.458228       
# span 6 =   0.751971,   1.457806       
# span 7 =          1,          1       
# span 8 =     0.0329,     7.7671       
# span 9 =     0.0187,     8.0878       
# span 10 =       1.89,       9.98      
# span 11 =     0.0427,     0.3058      
# span 12 = -6.197e-06, 6.3859e+00      
# span 13 = -5.538e-06, 6.1120e+00      
# span 14 = 6.0854e+01, 9.5784e+01      
# span 15 =     6.9034,    13.2790      
# span 16 =     6.9281,    13.2751      
# span 17 =    -0.0544,     0.1258      
# span 18 =     3.8298,    10.3655      
# span 19 =     3.8280,    10.3625      
# span 20 =      1.486,    234.188      
# span 21 =      1.522,    238.896      
# span 22 =      0.018,      0.532      
# span 23 =    1427.96,    1485.51      
# span 24 =    1427.75,    1485.52      
# span 25 = 0.0000e+00, 0.0000e+00      
# interval = decibars: 0.5              
# start_time = Sep 04 2018 16:44:08 [NMEA time, first data scan]
# bad_flag = -9.990e-29
*END*
[from data line 56]
       3058     29.500     5.0172     4.6461    -0.3706    0.77664    0.77280          1     7.1134     7.3251       9.97     0.0531  1.201e-12  1.000e-12  8.326e+01     7.1382     7.1801     0.0419     5.6428     5.6893     29.226     29.917      0.274    1435.91    1434.32  0.000e+00
       3101     30.000     4.8864     4.3084    -0.5774    0.77365    0.76591          1     7.1592     7.3804       9.97     0.0517  1.201e-12  1.000e-12  8.326e+01     7.1367     7.1846     0.0479     5.6464     5.7034     29.722     30.424      0.274    1435.34    1432.83  0.000e+00
       3146     30.500     4.6539     4.3132    -0.3417    0.77086    0.76780          1     7.2223     7.3774       9.97     0.0506  1.201e-12  1.000e-12  8.326e+01     7.1590     7.2025     0.0435     5.6722     5.7175     30.217     30.930      0.264    1434.34    1432.88  0.000e+00
       3192     31.000     4.4175     4.1344    -0.2826    0.76811    0.76610          1     7.2105     7.4057       9.97     0.0511  1.201e-12  1.000e-12  8.326e+01     7.1828     7.2245     0.0418     5.6986     5.7399     30.712     31.437      0.262    1433.33    1432.12  0.000e+00
       3238     31.500     4.2237     3.9673    -0.2571    0.76565    0.76377          1     7.2524     7.4494       9.97     0.0512  1.201e-12  1.000e-12  8.326e+01     7.2004     7.2378     0.0374     5.7183     5.7545     31.208     31.943      0.256    1432.49    1431.39  0.000e+00
       3285     32.000     3.8483     3.6459    -0.2023    0.75894    0.75735          1     7.2485     7.5011       9.97     0.0508  1.201e-12  1.000e-12  8.326e+01     7.2148     7.2435     0.0287     5.7389     5.7658     31.703     32.449      0.256    1430.83    1429.95  0.000e+00
       3332     32.500     3.6816     3.4863    -0.1952    0.75619    0.75440          1     7.2787     7.5647       9.97     0.0494  1.201e-12  1.000e-12  8.326e+01     7.2236     7.2487     0.0251     5.7494     5.7729     32.198     32.956      0.257    1430.10    1429.24  0.000e+00
       3377     33.000     3.5497     3.5036    -0.0462    0.75493    0.75564          1     7.3336     7.6525       9.97     0.0487  1.201e-12  1.000e-12  8.326e+01     7.2400     7.2576     0.0176     5.7648     5.7796     32.693     33.462      0.270    1429.53    1429.34  0.000e+00
       3423     33.500     3.5413     3.4578    -0.0833    0.75572    0.75563          1     7.3676     7.6728       9.97     0.0503  1.201e-12  1.000e-12  8.326e+01     7.2500     7.2677     0.0177     5.7729     5.7884     33.189     33.968      0.260    1429.51    1429.15  0.000e+00
       3468     34.000     3.4391     3.3567    -0.0824    0.75421    0.75387          1     7.3807     7.6810       9.97     0.0483  1.201e-12  1.000e-12  8.326e+01     7.2572     7.2721     0.0149     5.7803     5.7935     33.684     34.475      0.268    1429.06    1428.70  0.000e+00
       3513     34.500     3.3497     3.2767    -0.0730    0.75272    0.75242          1     7.3697     7.7037       9.97     0.0478  1.201e-12  1.000e-12  8.326e+01     7.2617     7.2751     0.0134     5.7853     5.7969     34.179     34.981      0.261    1428.67    1428.35  0.000e+00
       3560     35.000     3.3084     3.2798    -0.0286    0.75254    0.75273          1     7.3906     7.7154       9.97     0.0477  1.201e-12  1.000e-12  8.326e+01     7.2691     7.2775     0.0084     5.7917     5.7988     34.675     35.487      0.259    1428.49    1428.37  0.000e+00
       3606     35.500     3.3398     3.3544     0.0145    0.75403    0.75510          1     7.4041     7.7298       9.97     0.0474  1.201e-12  1.000e-12  8.326e+01     7.2774     7.2852     0.0078     5.7979     5.8039     35.170     35.994      0.253    1428.66    1428.73  0.000e+00
       3654     36.000     3.3826     3.3979     0.0152    0.75582    0.75686          1     7.4596     7.7691       9.97     0.0470  1.201e-12  1.000e-12  8.326e+01     7.2862     7.2935     0.0073     5.8043     5.8099     35.665     36.500      0.260    1428.87    1428.95  0.000e+00
       3698     36.500     3.4254     3.3909    -0.0346    0.75765    0.75763          1     7.4872     7.7901       9.97     0.0481  1.201e-12  1.000e-12  8.326e+01     7.2955     7.3030     0.0076     5.8110     5.8176     36.161     37.006      0.267    1429.09    1428.94  0.000e+00
       3745     37.000     3.3812     3.2067    -0.1745    0.75697    0.75389          1     7.4798     7.7813       9.97     0.0480  1.201e-12  1.000e-12  8.326e+01     7.2982     7.3058     0.0075     5.8139     5.8223     36.656     37.513      0.263    1428.90    1428.11  0.000e+00
       3787     37.500     3.2704     3.1442    -0.1262    0.75456    0.75239          1     7.4883     7.8056       9.97     0.0465  1.201e-12  1.000e-12  8.326e+01     7.2983     7.3043     0.0060     5.8155     5.8218     37.151     38.019      0.293    1428.40    1427.83  0.000e+00
       3832     38.000     3.1883     3.1255    -0.0628    0.75302    0.75197          1     7.5164     7.8644       9.97     0.0468  1.201e-12  1.000e-12  8.326e+01     7.3008     7.3041     0.0033     5.8185     5.8219     37.647     38.525      0.248    1428.03    1427.75  0.000e+00
       3877     38.500     3.1774     3.1514    -0.0259    0.75289    0.75275          1     7.5285     7.8657       9.97     0.0471  1.201e-12  1.000e-12  8.326e+01     7.3018     7.3062     0.0044     5.8195     5.8233     38.142     39.032      0.293    1427.99    1427.88  0.000e+00
       3922     39.000     3.1675     3.1922     0.0246    0.75312    0.75382          1     7.5307     7.8880       9.97     0.0474  1.201e-12  1.000e-12  8.326e+01     7.3064     7.3081     0.0017     5.8233     5.8243     38.637     39.538      0.247    1427.96    1428.07  0.000e+00
       3969     39.500     3.2062     3.2652     0.0589    0.75439    0.75584          1     7.5525     7.9037       9.97     0.0488  1.202e-12  1.000e-12  8.317e+01     7.3107     7.3125     0.0017     5.8262     5.8269     39.132     40.044      0.261    1428.15    1428.42  0.000e+00
       4018     40.000     3.2599     3.2898     0.0299    0.75606    0.75689          1     7.5596     7.9058       9.97     0.0483  1.213e-12  1.000e-12  8.248e+01     7.3159     7.3177     0.0019     5.8296     5.8307     39.628     40.551      0.238    1428.41    1428.55  0.000e+00
       4065     40.500     3.2884     3.3035     0.0151    0.75712    0.75760          1     7.5735     7.9158       9.97     0.0480  1.231e-12  1.000e-12  8.125e+01     7.3203     7.3220     0.0016     5.8329     5.8339     40.123     41.057      0.264    1428.56    1428.63  0.000e+00
       4112     41.000     3.3027     3.3219     0.0192    0.75781    0.75841          1     7.5889     7.9289       9.97     0.0465  1.231e-12  1.000e-12  8.123e+01     7.3243     7.3261     0.0019     5.8358     5.8370     40.618     41.563      0.258    1428.63    1428.72  0.000e+00
       4156     41.500     3.3236     3.3686     0.0450    0.75880    0.75984          1     7.6081     7.9486       9.97     0.0467  1.231e-12  1.000e-12  8.123e+01     7.3297     7.3302     0.0006     5.8398     5.8396     41.114     42.070      0.278    1428.74    1428.95  0.000e+00
       4200     42.000     3.3598     3.4063     0.0466    0.76009    0.76124          1     7.6286     7.9649       9.97     0.0473  1.231e-12  1.000e-12  8.123e+01     7.3348     7.3361     0.0013     5.8434     5.8437     41.609     42.576      0.278    1428.92    1429.14  0.000e+00
       4242     42.500     3.3950     3.4297     0.0347    0.76137    0.76214          1     7.6648     7.9842       9.97     0.0466  1.231e-12  1.000e-12  8.123e+01     7.3400     7.3400     0.0001     5.8470     5.8465     42.104     43.082      0.280    1429.10    1429.26  0.000e+00
       4287     43.000     3.4243     3.5029     0.0786    0.76236    0.76424          1     7.7015     8.0118       9.97     0.0470  1.231e-12  1.000e-12  8.123e+01     7.3436     7.3451     0.0016     5.8494     5.8493     42.600     43.588      0.256    1429.25    1429.61  0.000e+00
       4336     43.500     3.4706     3.5562     0.0857    0.76389    0.76608          1     7.7237     8.0567       9.97     0.0491  1.231e-12  1.000e-12  8.123e+01     7.3488     7.3519     0.0031     5.8528     5.8538     43.095     44.095      0.237    1429.47    1429.87  0.000e+00
       4386     44.000     3.5209     3.5874     0.0666    0.76568    0.76726          1     7.7258     8.0682       9.97     0.0466  1.231e-12  1.000e-12  8.123e+01     7.3558     7.3570     0.0012     5.8575     5.8573     43.590     44.601      0.249    1429.72    1430.02  0.000e+00
       4433     44.500     3.5682     3.6697     0.1014    0.76729    0.76955          1     7.7365     8.0752       9.97     0.0468  1.231e-12  1.000e-12  8.123e+01     7.3616     7.3618     0.0002     5.8613     5.8596     44.085     45.107      0.257    1429.95    1430.41  0.000e+00
       4478     45.000     3.6411     3.7501     0.1090    0.76960    0.77196          1     7.7482     8.0769       9.97     0.0452  1.231e-12  1.000e-12  8.123e+01     7.3687     7.3683    -0.0005     5.8657     5.8631     44.581     45.614      0.276    1430.30    1430.79  0.000e+00
       4522     45.500     3.7079     3.7893     0.0814    0.77184    0.77334          1     7.7427     8.0544       9.97     0.0468  1.231e-12  1.000e-12  8.123e+01     7.3765     7.3735    -0.0031     5.8706     5.8664     45.076     46.120      0.272    1430.62    1430.98  0.000e+00
       4566     46.000     3.7622     3.7894     0.0272    0.77351    0.77371          1     7.7411     8.0605       9.97     0.0464  1.231e-12  1.000e-12  8.123e+01     7.3813     7.3771    -0.0041     5.8732     5.8694     45.571     46.626      0.271    1430.88    1431.00  0.000e+00
       4611     46.500     3.7833     3.7871     0.0038    0.77434    0.77394          1     7.7514     8.0555       9.97     0.0458  1.231e-12  1.000e-12  8.123e+01     7.3849     7.3800    -0.0050     5.8757     5.8717     46.067     47.133      0.263    1430.99    1431.00  0.000e+00
       4658     47.000     3.7876     3.7723    -0.0153    0.77471    0.77402          1     7.7475     8.0581       9.97     0.0462  1.231e-12  1.000e-12  8.123e+01     7.3877     7.3840    -0.0037     5.8778     5.8752     46.562     47.639      0.242    1431.02    1430.94  0.000e+00
       4708     47.500     3.7769     3.7405    -0.0363    0.77466    0.77363          1     7.7644     8.0677       9.97     0.0457  1.231e-12  1.000e-12  8.123e+01     7.3895     7.3872    -0.0023     5.8795     5.8784     47.057     48.145      0.250    1430.98    1430.81  0.000e+00
       4755     48.000     3.7580     3.7368    -0.0212    0.77461    0.77399          1     7.7671     8.0837       9.97     0.0455  1.231e-12  1.000e-12  8.123e+01     7.3932     7.3916    -0.0016     5.8828     5.8820     47.552     48.651      0.245    1430.91    1430.81  0.000e+00
       4804     48.500     3.7405     3.7038    -0.0366    0.77461    0.77374          1     7.7660     8.0804       9.97     0.0456  1.231e-12  1.000e-12  8.123e+01     7.3971     7.3965    -0.0006     5.8863     5.8865     48.048     49.158      0.263    1430.84    1430.67  0.000e+00
       4848     49.000     3.7205     3.6946    -0.0260    0.77458    0.77393          1     7.7655     8.0874       9.97     0.0468  1.231e-12  1.000e-12  8.123e+01     7.4012     7.4005    -0.0008     5.8900     5.8899     48.543     49.664      0.266    1430.76    1430.64  0.000e+00
       4894     49.500     3.7054     3.6844    -0.0210    0.77460    0.77402          1     7.7569     8.0878       9.97     0.0455  1.231e-12  1.000e-12  8.123e+01     7.4048     7.4037    -0.0012     5.8931     5.8926     49.038     50.170      0.269    1430.71    1430.61  0.000e+00
       4938     50.000     3.6991     3.6944    -0.0047    0.77490    0.77460          1     7.7583     8.0766       9.97     0.0452  1.231e-12  1.000e-12  8.123e+01     7.4093     7.4073    -0.0020     5.8968     5.8953     49.533     50.677      0.257    1430.69    1430.67  0.000e+00
       4987     50.500     3.6945     3.6723    -0.0222    0.77515    0.77443          1     7.7464     8.0554       9.97     0.0462  1.231e-12  1.000e-12  8.123e+01     7.4128     7.4105    -0.0023     5.8997     5.8983     50.029     51.183      0.251    1430.68    1430.58  0.000e+00
       5034     51.000     3.6794     3.6571    -0.0223    0.77507    0.77432          1     7.7467     8.0503       9.97     0.0452  1.231e-12  1.000e-12  8.123e+01     7.4154     7.4128    -0.0026     5.9021     5.9004     50.524     51.689      0.242    1430.63    1430.52  0.000e+00
       5086     51.500     3.6626     3.6273    -0.0353    0.77493    0.77402          1     7.7127     8.0271       9.97     0.0458  1.231e-12  1.000e-12  8.123e+01     7.4177     7.4164    -0.0013     5.9042     5.9039     51.019     52.195      0.246    1430.56    1430.40  0.000e+00
       5133     52.000     3.6330     3.5887    -0.0443    0.77447    0.77328          1     7.7073     8.0168       9.97     0.0446  1.231e-12  1.000e-12  8.123e+01     7.4197     7.4176    -0.0021     5.9064     5.9055     51.515     52.702      0.249    1430.44    1430.23  0.000e+00
       5180     52.500     3.6010     3.5679    -0.0331    0.77397    0.77302          1     7.7154     8.0153       9.97     0.0442  1.231e-12  1.000e-12  8.123e+01     7.4218     7.4196    -0.0022     5.9087     5.9075     52.010     53.208      0.274    1430.30    1430.15  0.000e+00
       5223     53.000     3.5775     3.5486    -0.0289    0.77367    0.77275          1     7.7007     8.0095       9.97     0.0443  1.231e-12  1.000e-12  8.123e+01     7.4240     7.4211    -0.0029     5.9108     5.9090     52.505     53.714      0.265    1430.21    1430.07  0.000e+00
       5270     53.500     3.5568     3.5315    -0.0253    0.77336    0.77251          1     7.6790     8.0034       9.97     0.0449  1.231e-12  1.000e-12  8.123e+01     7.4255     7.4225    -0.0030     5.9124     5.9104     53.000     54.221      0.260    1430.12    1430.00  0.000e+00
       5316     54.000     3.5397     3.5068    -0.0329    0.77312    0.77214          1     7.6830     7.9964       9.97     0.0437  1.231e-12  1.000e-12  8.123e+01     7.4268     7.4242    -0.0026     5.9137     5.9122     53.496     54.727      0.246    1430.05    1429.90  0.000e+00
       5368     54.500     3.5111     3.4743    -0.0368    0.77265    0.77160          1     7.6860     8.0045       9.97     0.0437  1.231e-12  1.000e-12  8.123e+01     7.4285     7.4261    -0.0024     5.9156     5.9143     53.991     55.233      0.229    1429.93    1429.76  0.000e+00
       5419     55.000     3.4764     3.4375    -0.0389    0.77207    0.77102          1     7.6826     8.0042       9.97     0.0442  1.231e-12  1.000e-12  8.123e+01     7.4304     7.4284    -0.0020     5.9177     5.9167     54.486     55.739      0.243    1429.79    1429.61  0.000e+00
       5467     55.500     3.4389     3.4033    -0.0356    0.77150    0.77055          1     7.6875     7.9980       9.97     0.0440  1.231e-12  1.000e-12  8.123e+01     7.4330     7.4314    -0.0017     5.9204     5.9196     54.981     56.246      0.250    1429.63    1429.46  0.000e+00
       5515     56.000     3.4026     3.3613    -0.0413    0.77095    0.76991          1     7.6676     7.9879       9.97     0.0431  1.231e-12  1.000e-12  8.123e+01     7.4356     7.4343    -0.0013     5.9230     5.9226     55.477     56.752      0.258    1429.47    1429.28  0.000e+00
       5559     56.500     3.3713     3.3266    -0.0447    0.77049    0.76951          1     7.6481     7.9590       9.97     0.0442  1.231e-12  1.000e-12  8.123e+01     7.4379     7.4381     0.0002     5.9254     5.9262     55.972     57.258      0.278    1429.34    1429.13  0.000e+00
