ctdpy/exports/archive_20191120_135557/received_data/SBE09_1044_20181015_0414_34_01_0092.cnv
* Sea-Bird SBE 9 Data File:
* FileName = C:\ctd\temp\ar18d092.hex
* Software Version Seasave V 7.21e
* Temperature SN = 5351
* Conductivity SN = 3941
* Number of Bytes Per Scan = 41
* Number of Voltage Words = 4
* Number of Scans Averaged by the Deck Unit = 1
* NMEA Latitude = 57 59.90 N
* NMEA Longitude = 019 52.71 E
* NMEA UTC (Time) = Oct 15 2018  07:14:32
* NMEA baud rate = 4800
** Station:  BY20
** Operator:  Dbsj
** Ship: ARANDA
** Average sound velocity: 1448.34 m/s
** True-depth calculation Mon, 15 Oct 2018 09:36:58 +0000
** CTD Python Module SMHI /ver 3-12/ feb 2012 
** LIMS Job: 20183401-0092
** Cruise: SMHI-4-2018
** Latitude [GG MM.mm N]:
** Longitude [GG MM.mm E]
# nquan = 26
# nvalues = 381                         
# units = specified
# name 0 = scan: Scan Count
# name 1 = prDM: Pressure, Digiquartz [db]
# name 2 = t090C: Temperature [ITS-90, deg C]
# name 3 = t190C: Temperature, 2 [ITS-90, deg C]
# name 4 = T2-T190C: Temperature Difference, 2 - 1 [ITS-90, deg C]
# name 5 = c0S/m: Conductivity [S/m]
# name 6 = c1S/m: Conductivity, 2 [S/m]
# name 7 = pumps: Pump Status
# name 8 = sbeox0ML/L: Oxygen, SBE 43 [ml/l]
# name 9 = sbeox1ML/L: Oxygen, SBE 43, 2 [ml/l]
# name 10 = altM: Altimeter [m]
# name 11 = flECO-AFL: Chl-a Fluorescence, WET Labs ECO-AFL/FL [mg/m^3]
# name 12 = flECO-AFL1: Phycocyanin Fluorescence, WET Labs ECO-AFL/FL, 2 [mg/m^3]
# name 13 = par: PAR/Irradiance, Biospherical/Lico [µE/(cm^2*s)]
# name 14 = turbWETntu0: Turbidity, WET Labs ECO [NTU]
# name 15 = sal00: Salinity, Practical [PSU]
# name 16 = sal11: Salinity, Practical, 2 [PSU]
# name 17 = secS-priS: Salinity, Practical, Difference, 2 - 1 [PSU]
# name 18 = sigma-t00: Density [sigma-t, Kg/m^3 ]
# name 19 = sigma-t11: Density, 2 [sigma-t, Kg/m^3 ]
# name 20 = depSM: Depth [salt water, m], lat = 57.9983
# name 21 = depFM: Depth [true depth, m], lat = 57.9983
# name 22 = dz/dtM: Descent Rate [m/s], WS = 2
# name 23 = svCM: Sound Velocity [Chen-Millero, m/s]
# name 24 = svCM1: Sound Velocity, 2 [Chen-Millero, m/s]
# name 25 = flag: flag
# span 0 =      29052,      41442       
# span 1 =      1.500,    191.500       
# span 2 =     3.3409,    12.0257       
# span 3 =     3.3429,    12.0302       
# span 4 =    -0.0058,     0.0655       
# span 5 =   0.750107,   1.386235       
# span 6 =   0.750215,   1.386245       
# span 7 =          1,          1       
# span 8 =    0.04083,    7.40443       
# span 9 =    0.03917,    8.04324       
# span 10 =       3.73,      99.32      
# span 11 =     0.1964,     1.4240      
# span 12 =     0.1563,     0.4515      
# span 13 = 1.0000e-12, 1.2653e+02      
# span 14 =     0.1369,     1.7528      
# span 15 =     6.6301,    12.6400      
# span 16 =     6.6297,    12.6395      
# span 17 =    -0.0115,     0.0019      
# span 18 =     4.6418,     9.8775      
# span 19 =     4.6410,     9.8770      
# span 20 =      1.486,    189.637      
# span 21 =      1.521,    193.565      
# span 22 =     -0.035,      0.838      
# span 23 =    1429.28,    1463.49      
# span 24 =    1429.29,    1463.50      
# span 25 = 0.0000e+00, 0.0000e+00      
# interval = decibars: 0.5              
# start_time = Oct 15 2018 07:14:32 [NMEA time, first data scan]
# bad_flag = -9.990e-29
*END*
[from data line 335]
      36712    169.000     6.7208     6.7221     0.0013    1.38074    1.38072          1     0.0570     0.0582      26.63     0.3378     0.2386  1.000e-12  0.2110000    12.5959    12.5953    -0.0006     9.8441     9.8435    167.365    170.872      0.521    1452.31    1452.31  0.000e+00
      36735    169.500     6.7219     6.7232     0.0014    1.38112    1.38110          1     0.0580     0.0585      26.05     0.3388     0.2154  1.000e-12  0.2111000    12.5991    12.5985    -0.0007     9.8465     9.8459    167.860    171.376      0.516    1452.33    1452.33  0.000e+00
      36759    170.000     6.7228     6.7242     0.0013    1.38147    1.38145          1     0.0575     0.0588      25.54     0.3404     0.2317  1.000e-12  0.2105000    12.6022    12.6015    -0.0007     9.8488     9.8482    168.355    171.880      0.486    1452.34    1452.35  0.000e+00
      36785    170.500     6.7239     6.7252     0.0012    1.38186    1.38185          1     0.0544     0.0588      24.95     0.3401     0.2476  1.000e-12  0.2039000    12.6055    12.6049    -0.0006     9.8514     9.8508    168.850    172.385      0.465    1452.36    1452.36  0.000e+00
      36809    171.000     6.7248     6.7261     0.0013    1.38212    1.38212          1     0.0552     0.0584      24.42     0.3385     0.2326  1.000e-12  0.1985000    12.6077    12.6072    -0.0005     9.8530     9.8525    169.345    172.889      0.552    1452.37    1452.38  0.000e+00
      36829    171.500     6.7257     6.7270     0.0013    1.38242    1.38241          1     0.0584     0.0577      23.98     0.3493     0.2217  1.000e-12  0.2106000    12.6102    12.6097    -0.0006     9.8549     9.8544    169.840    173.393      0.670    1452.39    1452.39  0.000e+00
      36845    172.000     6.7264     6.7277     0.0012    1.38268    1.38267          1     0.0563     0.0583      23.52     0.3511     0.2337  1.000e-12  0.2138000    12.6124    12.6119    -0.0005     9.8566     9.8561    170.335    173.897      0.698    1452.40    1452.41  0.000e+00
      36863    172.500     6.7268     6.7280     0.0013    1.38288    1.38287          1     0.0542     0.0592      23.02     0.3531     0.2498  1.000e-12  0.2172000    12.6142    12.6136    -0.0006     9.8580     9.8574    170.830    174.402      0.593    1452.41    1452.42  0.000e+00
      36890    173.000     6.7268     6.7281     0.0013    1.38297    1.38296          1     0.0554     0.0591      22.37     0.3668     0.2456  1.000e-12  0.2225000    12.6150    12.6144    -0.0006     9.8585     9.8580    171.325    174.906      0.369    1452.42    1452.43  0.000e+00
      36928    173.500     6.7270     6.7283     0.0013    1.38303    1.38301          1     0.0550     0.0567      21.75     0.3916     0.2612  1.000e-12  0.2520000    12.6153    12.6147    -0.0006     9.8588     9.8582    171.820    175.410      0.402    1452.43    1452.44  0.000e+00
      36951    174.000     6.7278     6.7290     0.0012    1.38319    1.38318          1     0.0552     0.0602      21.33     0.3862     0.2769  1.000e-12  0.2434000    12.6166    12.6160    -0.0005     9.8597     9.8592    172.315    175.915      0.645    1452.44    1452.45  0.000e+00
      36967    174.500     6.7282     6.7295     0.0013    1.38332    1.38330          1     0.0550     0.0576      20.93     0.3745     0.2765  1.000e-12  0.2221000    12.6175    12.6169    -0.0006     9.8605     9.8599    172.810    176.419      0.762    1452.46    1452.46  0.000e+00
      36982    175.000     6.7286     6.7299     0.0012    1.38348    1.38346          1     0.0552     0.0580      20.49     0.3522     0.2758  1.000e-12  0.2280000    12.6189    12.6183    -0.0007     9.8615     9.8609    173.305    176.923      0.750    1452.47    1452.47  0.000e+00
      36999    175.500     6.7289     6.7302     0.0013    1.38364    1.38363          1     0.0559     0.0596      19.96     0.3572     0.2388  1.000e-12  0.2320000    12.6203    12.6197    -0.0006     9.8626     9.8620    173.800    177.428      0.601    1452.48    1452.48  0.000e+00
      37026    176.000     6.7288     6.7301     0.0013    1.38369    1.38367          1     0.0549     0.0578      19.30     0.3688     0.2646  1.000e-12  0.2601000    12.6207    12.6201    -0.0006     9.8629     9.8623    174.295    177.932      0.385    1452.49    1452.49  0.000e+00
      37060    176.500     6.7292     6.7304     0.0012    1.38375    1.38374          1     0.0551     0.0554      18.66     0.3649     0.2605  1.000e-12  0.2406000    12.6211    12.6205    -0.0006     9.8632     9.8626    174.790    178.436      0.398    1452.50    1452.50  0.000e+00
      37085    177.000     6.7302     6.7315     0.0013    1.38399    1.38398          1     0.0533     0.0593      18.23     0.3514     0.2315  1.000e-12  0.2218000    12.6230    12.6224    -0.0006     9.8646     9.8640    175.285    178.940      0.574    1452.51    1452.52  0.000e+00
      37104    177.500     6.7310     6.7322     0.0012    1.38419    1.38418          1     0.0551     0.0602      17.81     0.3437     0.2620  1.000e-12  0.2221000    12.6246    12.6240    -0.0006     9.8658     9.8653    175.780    179.445      0.686    1452.52    1452.53  0.000e+00
      37120    178.000     6.7319     6.7331     0.0013    1.38453    1.38451          1     0.0566     0.0580      17.36     0.3389     0.2572  1.000e-12  0.2240000    12.6275    12.6268    -0.0007     9.8680     9.8674    176.275    179.949      0.704    1452.54    1452.54  0.000e+00
      37138    178.500     6.7325     6.7338     0.0013    1.38476    1.38477          1     0.0558     0.0574      16.89     0.3612     0.2463  1.000e-12  0.2335000    12.6295    12.6290    -0.0004     9.8695     9.8691    176.769    180.453      0.631    1452.55    1452.56  0.000e+00
      37160    179.000     6.7330     6.7342     0.0012    1.38500    1.38499          1     0.0541     0.0569      16.30     0.3624     0.3149  1.000e-12  0.2295000    12.6315    12.6310    -0.0005     9.8711     9.8705    177.264    180.958      0.505    1452.57    1452.57  0.000e+00
      37187    179.500     6.7332     6.7345     0.0013    1.38513    1.38511          1     0.0531     0.0573      15.69     0.3435     0.3061  1.000e-12  0.2335000    12.6326    12.6319    -0.0007     9.8719     9.8713    177.759    181.462      0.426    1452.58    1452.58  0.000e+00
      37215    180.000     6.7336     6.7348     0.0012    1.38522    1.38521          1     0.0535     0.0594      15.16     0.3560     0.2317  1.000e-12  0.2301000    12.6332    12.6327    -0.0006     9.8724     9.8718    178.254    181.966      0.445    1452.59    1452.59  0.000e+00
      37240    180.500     6.7338     6.7351     0.0012    1.38530    1.38528          1     0.0542     0.0581      14.66     0.3827     0.2770  1.000e-12  0.2291000    12.6338    12.6332    -0.0006     9.8728     9.8723    178.749    182.470      0.493    1452.60    1452.60  0.000e+00
      37263    181.000     6.7342     6.7354     0.0011    1.38540    1.38538          1     0.0540     0.0592      14.28     0.3647     0.3201  1.000e-12  0.2285000    12.6346    12.6340    -0.0006     9.8734     9.8728    179.244    182.975      0.557    1452.61    1452.61  0.000e+00
      37284    181.500     6.7346     6.7357     0.0011    1.38555    1.38553          1     0.0515     0.0567      13.80     0.3604     0.2610  1.000e-12  0.2277000    12.6359    12.6353    -0.0006     9.8744     9.8738    179.739    183.479      0.623    1452.62    1452.62  0.000e+00
      37302    182.000     6.7348     6.7360     0.0012    1.38563    1.38562          1     0.0537     0.0537      13.35     0.3673     0.2355  1.000e-12  0.2333000    12.6365    12.6359    -0.0006     9.8749     9.8743    180.234    183.983      0.655    1452.63    1452.63  0.000e+00
      37320    182.500     6.7349     6.7362     0.0013    1.38573    1.38572          1     0.0541     0.0567      12.96     0.3726     0.2495  1.000e-12  0.2405000    12.6374    12.6368    -0.0006     9.8755     9.8749    180.729    184.488      0.608    1452.64    1452.64  0.000e+00
      37343    183.000     6.7349     6.7362     0.0013    1.38578    1.38576          1     0.0556     0.0544      12.64     0.3544     0.2749  1.000e-12  0.2477000    12.6377    12.6371    -0.0006     9.8758     9.8752    181.224    184.992      0.472    1452.65    1452.65  0.000e+00
      37373    183.500     6.7349     6.7362     0.0013    1.38580    1.38579          1     0.0557     0.0533      12.33     0.3850     0.2542  1.000e-12  0.2473000    12.6379    12.6373    -0.0006     9.8759     9.8753    181.719    185.496      0.414    1452.65    1452.66  0.000e+00
      37398    184.000     6.7351     6.7364     0.0013    1.38583    1.38582          1     0.0557     0.0564      11.98     0.3783     0.2923  1.000e-12  0.2428000    12.6380    12.6374    -0.0006     9.8760     9.8754    182.214    186.000      0.549    1452.66    1452.67  0.000e+00
      37418    184.500     6.7352     6.7364     0.0012    1.38586    1.38584          1     0.0530     0.0559      11.56     0.4118     0.2539  1.000e-12  0.2537000    12.6381    12.6374    -0.0006     9.8760     9.8754    182.709    186.505      0.616    1452.67    1452.68  0.000e+00
      37437    185.000     6.7352     6.7364     0.0012    1.38586    1.38585          1     0.0541     0.0531      11.05     0.4056     0.2385  1.000e-12  0.2325000    12.6380    12.6374    -0.0006     9.8760     9.8754    183.204    187.009      0.581    1452.68    1452.68  0.000e+00
      37460    185.500     6.7351     6.7364     0.0012    1.38587    1.38586          1     0.0514     0.0541      10.47     0.3873     0.2620  1.000e-12  0.2363000    12.6380    12.6374    -0.0006     9.8760     9.8754    183.698    187.513      0.496    1452.69    1452.69  0.000e+00
      37486    186.000     6.7351     6.7365     0.0013    1.38588    1.38588          1     0.0545     0.0551       9.92     0.3758     0.3133  1.000e-12  0.2445000    12.6380    12.6375    -0.0005     9.8760     9.8755    184.193    188.018      0.476    1452.69    1452.70  0.000e+00
      37510    186.500     6.7352     6.7365     0.0013    1.38590    1.38589          1     0.0521     0.0567       9.42     0.3819     0.3225  1.000e-12  0.2478000    12.6380    12.6375    -0.0006     9.8760     9.8755    184.688    188.522      0.470    1452.70    1452.71  0.000e+00
      37538    187.000     6.7351     6.7365     0.0013    1.38592    1.38591          1     0.0508     0.0536       8.87     0.3951     0.2911  1.000e-12  0.2378000    12.6382    12.6376    -0.0006     9.8761     9.8756    185.183    189.026      0.369    1452.71    1452.72  0.000e+00
      37586    187.500     6.7352     6.7365     0.0013    1.38594    1.38592          1     0.0514     0.0537       8.21     0.3960     0.2454  1.000e-12  0.2437000    12.6383    12.6376    -0.0006     9.8762     9.8756    185.678    189.530      0.217    1452.72    1452.72  0.000e+00
      37633    188.000     6.7354     6.7367     0.0013    1.38603    1.38602          1     0.0517     0.0533       7.75     0.3833     0.3131  1.000e-12  0.2479000    12.6389    12.6384    -0.0006     9.8767     9.8762    186.173    190.035      0.328    1452.73    1452.73  0.000e+00
      37671    188.500     6.7356     6.7369     0.0013    1.38613    1.38612          1     0.0513     0.0543       7.23     0.4076     0.2779  1.000e-12  0.2667000    12.6398    12.6392    -0.0006     9.8774     9.8768    186.668    190.539      0.267    1452.74    1452.74  0.000e+00
      37730    189.000     6.7356     6.7369     0.0013    1.38616    1.38614          1     0.0513     0.0533       6.62     0.3891     0.2767  1.000e-12  0.2695000    12.6400    12.6393    -0.0006     9.8775     9.8769    187.163    191.043      0.181    1452.75    1452.75  0.000e+00
      37788    189.500     6.7357     6.7369     0.0013    1.38617    1.38616          1     0.0506     0.0529       6.12     0.4016     0.2548  1.000e-12  0.2688000    12.6399    12.6394    -0.0006     9.8775     9.8769    187.658    191.548      0.257    1452.76    1452.76  0.000e+00
      37830    190.000     6.7357     6.7370     0.0012    1.38618    1.38617          1     0.0520     0.0535       5.64     0.4092     0.2981  1.000e-12  0.2840000    12.6400    12.6394    -0.0006     9.8775     9.8769    188.153    192.052      0.293    1452.76    1452.77  0.000e+00
      37875    190.500     6.7358     6.7370     0.0012    1.38620    1.38619          1     0.0527     0.0539       5.11     0.3938     0.2595  1.000e-12  0.2751000    12.6400    12.6394    -0.0006     9.8775     9.8770    188.648    192.556      0.222    1452.77    1452.78  0.000e+00
      38087    191.000     6.7356     6.7369     0.0013    1.38615    1.38612          1     0.0508     0.0523       4.54     0.3880     0.2658  1.000e-12  0.2463000    12.6394    12.6387    -0.0007     9.8771     9.8764    189.143    193.061      0.174    1452.78    1452.78  0.000e+00
      41442    191.500     6.7363     6.7378     0.0015    1.38624    1.38624          1     0.0408     0.0392       4.01     0.3785     0.2747  1.000e-12  0.2606000    12.6400    12.6395    -0.0005     9.8774     9.8770    189.637    193.565     -0.035    1452.79    1452.79  0.000e+00
