ctdpy/exports/archive_20191120_135557/received_data/SBE09_1044_20181109_0246_34_01_0119.cnv
* Sea-Bird SBE 9 Data File:
* FileName = C:\ctd\temp\ar18d119.hex
* Software Version Seasave V 7.26.7.107
* Temperature SN = 5351
* Conductivity SN = 3941
* Number of Bytes Per Scan = 41
* Number of Voltage Words = 4
* Number of Scans Averaged by the Deck Unit = 1
* NMEA Latitude = 58 52.91 N
* NMEA Longitude = 020 19.64 E
* NMEA UTC (Time) = Nov 09 2018  02:47:21
* NMEA baud rate = 4800
** Station:  BY29
** Operator:  A-KTh
** Ship: ARANDA
** Average sound velocity: 1447.22 m/s
** True-depth calculation Fri, 09 Nov 2018 04:12:04 +0000
** CTD Python Module SMHI /ver 3-12/ feb 2012 
** LIMS Job: 20183401-0119
** Cruise: SMHI-6-2018
** Latitude [GG MM.mm N]:
** Longitude [GG MM.mm E]
# nquan = 26
# nvalues = 346                         
# units = specified
# name 0 = scan: Scan Count
# name 1 = prDM: Pressure, Digiquartz [db]
# name 2 = t090C: Temperature [ITS-90, deg C]
# name 3 = t190C: Temperature, 2 [ITS-90, deg C]
# name 4 = T2-T190C: Temperature Difference, 2 - 1 [ITS-90, deg C]
# name 5 = c0S/m: Conductivity [S/m]
# name 6 = c1S/m: Conductivity, 2 [S/m]
# name 7 = pumps: Pump Status
# name 8 = sbeox0ML/L: Oxygen, SBE 43 [ml/l]
# name 9 = sbeox1ML/L: Oxygen, SBE 43, 2 [ml/l]
# name 10 = altM: Altimeter [m]
# name 11 = flECO-AFL: Chl-a Fluorescence, WET Labs ECO-AFL/FL [mg/m^3]
# name 12 = flECO-AFL1: Phycocyanin Fluorescence, WET Labs ECO-AFL/FL, 2 [mg/m^3]
# name 13 = par: PAR/Irradiance, Biospherical/Lico [µE/(cm^2*s)]
# name 14 = turbWETntu0: Turbidity, WET Labs ECO [NTU]
# name 15 = sal00: Salinity, Practical [PSU]
# name 16 = sal11: Salinity, Practical, 2 [PSU]
# name 17 = secS-priS: Salinity, Practical, Difference, 2 - 1 [PSU]
# name 18 = sigma-t00: Density [sigma-t, Kg/m^3 ]
# name 19 = sigma-t11: Density, 2 [sigma-t, Kg/m^3 ]
# name 20 = depSM: Depth [salt water, m], lat = 58.8818
# name 21 = depFM: Depth [true depth, m], lat = 58.8818
# name 22 = dz/dtM: Descent Rate [m/s], WS = 2
# name 23 = svCM: Sound Velocity [Chen-Millero, m/s]
# name 24 = svCM1: Sound Velocity, 2 [Chen-Millero, m/s]
# name 25 = flag: flag
# span 0 =      37465,      47601       
# span 1 =      0.500,    173.000       
# span 2 =     3.4945,     9.5840       
# span 3 =     3.4966,     9.5689       
# span 4 =    -0.0323,     0.0450       
# span 5 =   0.757985,   1.261254       
# span 6 =   0.757958,   1.261234       
# span 7 =          1,          1       
# span 8 =    0.01644,    7.75413       
# span 9 =    0.04558,    7.90680       
# span 10 =       2.09,      97.73      
# span 11 =     0.2279,     0.6649      
# span 12 =     0.1682,     0.3524      
# span 13 = 1.0000e-12, 9.9345e-01      
# span 14 =     0.1400,     1.6687      
# span 15 =     6.6605,    11.5514      
# span 16 =     6.6601,    11.5508      
# span 17 =    -0.0203,    -0.0001      
# span 18 =     4.9691,     9.0526      
# span 19 =     4.9703,     9.0520      
# span 20 =      0.495,    171.313      
# span 21 =      0.507,    174.957      
# span 22 =     -0.037,      0.617      
# span 23 =    1429.88,    1454.25      
# span 24 =    1429.89,    1454.26      
# span 25 = 0.0000e+00, 0.0000e+00      
# interval = decibars: 0.5              
# start_time = Nov 09 2018 02:47:21 [NMEA time, first data scan]
# bad_flag = -9.990e-29
*END*
      37465      0.500     9.5227     9.5146    -0.0082    0.82468    0.82439          1     7.2950     7.0034      97.41     0.6488     0.2945  9.935e-01  0.2231000     6.6879     6.6869    -0.0010     4.9748     4.9748      0.495      0.507      0.006    1453.66    1453.62  0.000e+00
      38091      1.000     9.5840     9.5689    -0.0153    0.82606    0.82570          1     7.3025     6.9887      97.37     0.6649     0.3034  8.725e-01  0.2421000     6.6885     6.6881    -0.0004     4.9691     4.9703      0.991      1.013      0.321    1453.91    1453.85  0.000e+00
      38142      1.500     9.5499     9.5512     0.0012    0.82530    0.82524          1     7.2959     6.9853      97.37     0.6473     0.2857  1.344e-01  0.2311000     6.6882     6.6874    -0.0007     4.9722     4.9715      1.486      1.520      0.252    1453.78    1453.79  0.000e+00
      38193      2.000     9.5638     9.5429    -0.0207    0.82556    0.82507          1     7.2960     6.9902      97.37     0.6301     0.2837  4.020e-03  0.2239000     6.6878     6.6874    -0.0004     4.9706     4.9723      1.981      2.027      0.364    1453.84    1453.76  0.000e+00
      38226      2.500     9.5033     9.5056     0.0023    0.82418    0.82419          1     7.3018     6.9846      97.36     0.6253     0.2924  8.160e-05  0.2339000     6.6870     6.6866    -0.0004     4.9760     4.9754      2.477      2.534      0.343    1453.61    1453.62  0.000e+00
      38266      3.000     9.5001     9.5017     0.0016    0.82413    0.82413          1     7.2937     6.9877      97.36     0.6353     0.2804  1.000e-12  0.2578000     6.6871     6.6868    -0.0002     4.9763     4.9760      2.972      3.040      0.304    1453.61    1453.61  0.000e+00
      38298      3.500     9.4993     9.5010     0.0017    0.82413    0.82413          1     7.2986     6.9834      97.37     0.6389     0.2653  1.000e-12  0.2404000     6.6872     6.6869    -0.0003     4.9765     4.9761      3.467      3.547      0.505    1453.61    1453.62  0.000e+00
      38319      4.000     9.4994     9.5008     0.0014    0.82415    0.82415          1     7.2961     6.9860      97.38     0.6297     0.2555  1.000e-12  0.2179000     6.6872     6.6870    -0.0003     4.9766     4.9762      3.963      4.054      0.547    1453.62    1453.63  0.000e+00
      38343      4.500     9.4998     9.5015     0.0018    0.82418    0.82418          1     7.3054     6.9790      97.37     0.6186     0.2367  1.000e-12  0.2287000     6.6874     6.6871    -0.0003     4.9767     4.9762      4.458      4.561      0.430    1453.63    1453.64  0.000e+00
      38376      5.000     9.4997     9.5014     0.0017    0.82420    0.82420          1     7.3020     6.9752      52.47     0.6287     0.2496  1.000e-12  0.2472000     6.6875     6.6872    -0.0003     4.9767     4.9763      4.953      5.067      0.378    1453.64    1453.64  0.000e+00
      38403      5.500     9.4998     9.5014     0.0016    0.82421    0.82420          1     7.3084     6.9792      94.75     0.6300     0.2979  1.000e-12  0.2359000     6.6876     6.6872    -0.0004     4.9768     4.9763      5.449      5.574      0.540    1453.65    1453.65  0.000e+00
      38423      6.000     9.4999     9.5014     0.0015    0.82422    0.82422          1     7.3064     6.9767      97.32     0.6412     0.3216  1.000e-12  0.2177000     6.6876     6.6873    -0.0003     4.9768     4.9764      5.944      6.081      0.610    1453.66    1453.66  0.000e+00
      38443      6.500     9.4998     9.5014     0.0015    0.82423    0.82422          1     7.3051     6.9836      97.39     0.6304     0.3215  1.000e-12  0.2280000     6.6876     6.6873    -0.0003     4.9768     4.9764      6.439      6.588      0.555    1453.66    1453.67  0.000e+00
      38467      7.000     9.4996     9.5011     0.0015    0.82424    0.82423          1     7.3149     6.9817      97.37     0.6391     0.3206  1.000e-12  0.2211000     6.6877     6.6874    -0.0003     4.9769     4.9765      6.935      7.094      0.451    1453.67    1453.68  0.000e+00
      38495      7.500     9.4998     9.5014     0.0016    0.82426    0.82425          1     7.3135     6.9778      97.36     0.6531     0.2741  1.000e-12  0.2214000     6.6878     6.6874    -0.0004     4.9769     4.9765      7.430      7.601      0.470    1453.68    1453.69  0.000e+00
      38518      8.000     9.4996     9.5010     0.0014    0.82425    0.82425          1     7.3054     6.9817      97.37     0.6440     0.2496  1.000e-12  0.2079000     6.6877     6.6874    -0.0003     4.9769     4.9765      7.925      8.108      0.550    1453.69    1453.69  0.000e+00
      38539      8.500     9.4996     9.5011     0.0015    0.82426    0.82426          1     7.3055     6.9820      97.37     0.6290     0.3086  1.000e-12  0.2165000     6.6877     6.6874    -0.0003     4.9769     4.9765      8.420      8.615      0.582    1453.69    1453.70  0.000e+00
      38559      9.000     9.4999     9.5013     0.0014    0.82428    0.82427          1     7.3008     6.9808      67.65     0.6119     0.2937  1.000e-12  0.2127000     6.6878     6.6875    -0.0004     4.9770     4.9765      8.916      9.121      0.566    1453.70    1453.71  0.000e+00
      38581      9.500     9.5055     9.5076     0.0021    0.82456    0.82459          1     7.3031     6.9815      63.78     0.6102     0.2542  1.000e-12  0.2031000     6.6891     6.6890    -0.0001     4.9774     4.9771      9.411      9.628      0.524    1453.74    1453.74  0.000e+00
      38606     10.000     9.5064     9.5082     0.0017    0.82461    0.82461          1     7.3056     6.9846      81.95     0.6360     0.2353  1.000e-12  0.2241000     6.6894     6.6891    -0.0003     4.9775     4.9771      9.906     10.135      0.478    1453.75    1453.75  0.000e+00
      38631     10.500     9.5061     9.5081     0.0020    0.82459    0.82461          1     7.3009     6.9820      97.59     0.6210     0.2763  1.000e-12  0.2606000     6.6892     6.6890    -0.0002     4.9775     4.9771     10.402     10.642      0.482    1453.75    1453.76  0.000e+00
      38655     11.000     9.5072     9.5091     0.0019    0.82465    0.82467          1     7.3045     6.9793      97.36     0.6272     0.3043  1.000e-12  0.2111000     6.6895     6.6893    -0.0002     4.9775     4.9771     10.897     11.148      0.534    1453.77    1453.77  0.000e+00
      38677     11.500     9.5071     9.5085     0.0014    0.82468    0.82467          1     7.2965     6.9816      86.44     0.6059     0.3016  1.000e-12  0.2106000     6.6897     6.6893    -0.0004     4.9777     4.9773     11.392     11.655      0.572    1453.77    1453.78  0.000e+00
      38697     12.000     9.5073     9.5087     0.0014    0.82470    0.82468          1     7.2881     6.9850      84.47     0.6157     0.2520  1.000e-12  0.2257000     6.6898     6.6894    -0.0004     4.9778     4.9773     11.888     12.162      0.569    1453.78    1453.79  0.000e+00
      38719     12.500     9.5079     9.5091     0.0012    0.82474    0.82472          1     7.2868     6.9793      97.32     0.6112     0.2769  1.000e-12  0.2302000     6.6899     6.6896    -0.0004     4.9778     4.9774     12.383     12.669      0.534    1453.80    1453.80  0.000e+00
      38742     13.000     9.5081     9.5094     0.0013    0.82475    0.82473          1     7.2981     6.9772      97.37     0.6053     0.2980  1.000e-12  0.2173000     6.6900     6.6896    -0.0004     4.9778     4.9774     12.878     13.175      0.503    1453.80    1453.81  0.000e+00
      38766     13.500     9.5088     9.5102     0.0015    0.82479    0.82477          1     7.3073     6.9768      97.35     0.6037     0.3040  1.000e-12  0.2168000     6.6902     6.6897    -0.0005     4.9779     4.9774     13.374     13.682      0.503    1453.81    1453.82  0.000e+00
      38790     14.000     9.5096     9.5111     0.0015    0.82485    0.82483          1     7.2980     6.9709      97.34     0.6006     0.2856  1.000e-12  0.2204000     6.6904     6.6900    -0.0004     4.9780     4.9775     13.869     14.189      0.512    1453.83    1453.83  0.000e+00
      38813     14.500     9.5099     9.5114     0.0015    0.82487    0.82486          1     7.2889     6.9710      97.34     0.5941     0.2625  1.000e-12  0.2166000     6.6906     6.6902    -0.0004     4.9781     4.9776     14.364     14.696      0.529    1453.84    1453.84  0.000e+00
      38835     15.000     9.5101     9.5115     0.0014    0.82488    0.82487          1     7.2834     6.9778      97.35     0.5850     0.3352  1.000e-12  0.2157000     6.6906     6.6901    -0.0004     4.9781     4.9776     14.859     15.202      0.550    1453.84    1453.85  0.000e+00
      38857     15.500     9.5101     9.5115     0.0014    0.82489    0.82488          1     7.2908     6.9854      97.35     0.5999     0.2902  1.000e-12  0.2100000     6.6906     6.6902    -0.0004     4.9781     4.9776     15.355     15.709      0.550    1453.85    1453.86  0.000e+00
      38879     16.000     9.5101     9.5116     0.0016    0.82491    0.82489          1     7.3011     6.9866      97.36     0.5817     0.2669  1.000e-12  0.2162000     6.6907     6.6902    -0.0004     4.9782     4.9777     15.850     16.216      0.525    1453.86    1453.87  0.000e+00
      38903     16.500     9.5098     9.5114     0.0016    0.82492    0.82491          1     7.3097     6.9789      97.35     0.5736     0.3032  1.000e-12  0.2179000     6.6908     6.6904    -0.0004     4.9782     4.9778     16.345     16.723      0.514    1453.87    1453.87  0.000e+00
      38926     17.000     9.5097     9.5113     0.0016    0.82493    0.82492          1     7.3032     6.9769      92.96     0.5969     0.3378  1.000e-12  0.2257000     6.6908     6.6904    -0.0004     4.9783     4.9779     16.841     17.229      0.534    1453.88    1453.88  0.000e+00
      38948     17.500     9.5092     9.5107     0.0014    0.82495    0.82493          1     7.3017     6.9782      96.10     0.5899     0.3231  1.000e-12  0.2329000     6.6910     6.6906    -0.0004     4.9785     4.9780     17.336     17.736      0.554    1453.88    1453.89  0.000e+00
      38969     18.000     9.5091     9.5106     0.0015    0.82496    0.82495          1     7.3058     6.9714      97.35     0.5834     0.2782  1.000e-12  0.2190000     6.6911     6.6907    -0.0004     4.9786     4.9781     17.831     18.243      0.549    1453.89    1453.89  0.000e+00
      38991     18.500     9.5091     9.5106     0.0015    0.82497    0.82495          1     7.2886     6.9686      97.37     0.5877     0.2757  1.000e-12  0.2013000     6.6911     6.6907    -0.0004     4.9786     4.9781     18.326     18.750      0.531    1453.90    1453.90  0.000e+00
      39015     19.000     9.5092     9.5107     0.0015    0.82498    0.82496          1     7.2885     6.9711      97.37     0.5951     0.3051  1.000e-12  0.2078000     6.6911     6.6907    -0.0004     4.9786     4.9781     18.822     19.256      0.504    1453.91    1453.91  0.000e+00
      39039     19.500     9.5092     9.5107     0.0015    0.82499    0.82497          1     7.3043     6.9674      97.36     0.5792     0.3070  1.000e-12  0.2018000     6.6912     6.6907    -0.0004     4.9786     4.9782     19.317     19.763      0.490    1453.91    1453.92  0.000e+00
      39063     20.000     9.5092     9.5107     0.0015    0.82500    0.82498          1     7.3103     6.9651      97.37     0.5697     0.2717  1.000e-12  0.2162000     6.6912     6.6908    -0.0004     4.9787     4.9782     19.812     20.270      0.529    1453.92    1453.93  0.000e+00
      39085     20.500     9.5094     9.5108     0.0014    0.82501    0.82499          1     7.3175     6.9703      97.37     0.5992     0.3024  1.000e-12  0.2177000     6.6912     6.6908    -0.0004     4.9786     4.9782     20.308     20.777      0.574    1453.93    1453.94  0.000e+00
      39105     21.000     9.5093     9.5109     0.0015    0.82502    0.82500          1     7.3184     6.9795      97.38     0.5735     0.3013  1.000e-12  0.2158000     6.6912     6.6908    -0.0004     4.9787     4.9782     20.803     21.283      0.560    1453.94    1453.94  0.000e+00
      39128     21.500     9.5093     9.5108     0.0015    0.82503    0.82500          1     7.3117     6.9834      51.65     0.5772     0.2775  1.000e-12  0.2209000     6.6912     6.6908    -0.0005     4.9787     4.9782     21.298     21.790      0.499    1453.95    1453.95  0.000e+00
      39153     22.000     9.5093     9.5109     0.0016    0.82503    0.82501          1     7.3007     6.9873      64.79     0.5920     0.2952  1.000e-12  0.2153000     6.6912     6.6908    -0.0004     4.9787     4.9782     21.793     22.297      0.494    1453.95    1453.96  0.000e+00
      39176     22.500     9.5094     9.5109     0.0015    0.82503    0.82502          1     7.3009     6.9855      93.99     0.5970     0.2664  1.000e-12  0.2127000     6.6912     6.6908    -0.0004     4.9786     4.9782     22.289     22.804      0.555    1453.96    1453.97  0.000e+00
      39197     23.000     9.5093     9.5109     0.0015    0.82505    0.82503          1     7.3067     6.9593      97.34     0.5918     0.2905  1.000e-12  0.2174000     6.6913     6.6908    -0.0004     4.9787     4.9782     22.784     23.310      0.564    1453.97    1453.98  0.000e+00
      39219     23.500     9.5093     9.5109     0.0016    0.82505    0.82503          1     7.3126     6.9801      97.39     0.5785     0.2548  1.000e-12  0.2215000     6.6912     6.6908    -0.0004     4.9787     4.9782     23.279     23.817      0.509    1453.98    1453.98  0.000e+00
      39244     24.000     9.5094     9.5110     0.0015    0.82506    0.82504          1     7.3053     6.9735      97.38     0.5777     0.2887  1.000e-12  0.2155000     6.6913     6.6909    -0.0004     4.9787     4.9782     23.775     24.324      0.486    1453.99    1453.99  0.000e+00
      39268     24.500     9.5094     9.5110     0.0016    0.82507    0.82505          1     7.2961     6.9811      97.39     0.6031     0.2790  1.000e-12  0.2153000     6.6913     6.6908    -0.0005     4.9787     4.9782     24.270     24.831      0.545    1453.99    1454.00  0.000e+00
      39288     25.000     9.5095     9.5110     0.0015    0.82507    0.82507          1     7.2933     6.9816      97.41     0.5809     0.2864  1.000e-12  0.2035000     6.6913     6.6909    -0.0003     4.9787     4.9783     24.765     25.337      0.596    1454.00    1454.01  0.000e+00
      39308     25.500     9.5095     9.5110     0.0015    0.82508    0.82507          1     7.2989     6.9631      75.33     0.5711     0.3209  1.000e-12  0.2138000     6.6913     6.6909    -0.0004     4.9787     4.9783     25.260     25.844      0.575    1454.01    1454.02  0.000e+00
      39331     26.000     9.5095     9.5110     0.0015    0.82509    0.82508          1     7.3028     6.9796      97.13     0.5742     0.3224  1.000e-12  0.2167000     6.6913     6.6909    -0.0004     4.9787     4.9783     25.756     26.351      0.494    1454.02    1454.02  0.000e+00
      39357     26.500     9.5094     9.5109     0.0016    0.82510    0.82508          1     7.3033     6.9807      51.73     0.5791     0.3065  1.000e-12  0.2162000     6.6914     6.6910    -0.0004     4.9788     4.9783     26.251     26.858      0.458    1454.03    1454.03  0.000e+00
      39382     27.000     9.5091     9.5106     0.0016    0.82509    0.82508          1     7.3091     6.9915      56.70     0.5905     0.3044  1.000e-12  0.2174000     6.6913     6.6909    -0.0005     4.9788     4.9783     26.746     27.364      0.526    1454.03    1454.04  0.000e+00
      39403     27.500     9.5092     9.5106     0.0014    0.82510    0.82509          1     7.3082     6.9790      89.21     0.5845     0.3212  1.000e-12  0.2123000     6.6913     6.6909    -0.0004     4.9788     4.9783     27.241     27.871      0.594    1454.04    1454.05  0.000e+00
