ctdpy/exports/archive_20191120_135557/received_data/SBE09_1044_20180531_0435_34_07_0049.cnv
* Sea-Bird SBE 9 Data File:
* FileName = C:\ctd\temp\2018\AU18D049.hex
* Software Version Seasave V 7.26.6.26
* Temperature SN = 5351
* Conductivity SN = 3941
* Number of Bytes Per Scan = 41
* Number of Voltage Words = 4
* Number of Scans Averaged by the Deck Unit = 1
* NMEA Latitude = 58 01.02 N
* NMEA Longitude = 017 59.08 E
* NMEA UTC (Time) = May 31 2018  04:35:04
* NMEA baud rate = 4800
** Station:  BY32
** Operator:  JKro
** Ship: AURA
** Average sound velocity: 1442.26 m/s
** True-depth calculation Thu, 31 May 2018 08:38:02 +0000
** CTD Python Module SMHI /ver 3-12/ feb 2012 
** LIMS Job: 20183407-0049
** Cruise: SMHI-02-2018
** Latitude [GG MM.mm N] :
** Longitude [GG MM.mm E]:
# nquan = 26
# nvalues = 396                         
# units = specified
# name 0 = scan: Scan Count
# name 1 = prDM: Pressure, Digiquartz [db]
# name 2 = t090C: Temperature [ITS-90, deg C]
# name 3 = t190C: Temperature, 2 [ITS-90, deg C]
# name 4 = T2-T190C: Temperature Difference, 2 - 1 [ITS-90, deg C]
# name 5 = c0S/m: Conductivity [S/m]
# name 6 = c1S/m: Conductivity, 2 [S/m]
# name 7 = pumps: Pump Status
# name 8 = sbeox0ML/L: Oxygen, SBE 43 [ml/l]
# name 9 = sbeox1ML/L: Oxygen, SBE 43, 2 [ml/l]
# name 10 = altM: Altimeter [m]
# name 11 = flECO-AFL: Chl-a Fluorescence, WET Labs ECO-AFL/FL [mg/m^3]
# name 12 = flECO-AFL1: Phycocyanin Fluorescence, WET Labs ECO-AFL/FL, 2 [mg/m^3]
# name 13 = par: PAR/Irradiance, Biospherical/Lico [µE/(cm^2*s)]
# name 14 = turbWETntu0: Turbidity, WET Labs ECO [NTU]
# name 15 = sal00: Salinity, Practical [PSU]
# name 16 = sal11: Salinity, Practical, 2 [PSU]
# name 17 = secS-priS: Salinity, Practical, Difference, 2 - 1 [PSU]
# name 18 = sigma-t00: Density [sigma-t, Kg/m^3 ]
# name 19 = sigma-t11: Density, 2 [sigma-t, Kg/m^3 ]
# name 20 = depSM: Depth [salt water, m], lat = 58.017
# name 21 = depFM: Depth [true depth, m], lat = 58.017
# name 22 = dz/dtM: Descent Rate [m/s], WS = 2
# name 23 = svCM: Sound Velocity [Chen-Millero, m/s]
# name 24 = svCM1: Sound Velocity, 2 [Chen-Millero, m/s]
# name 25 = flag: flag
# span 0 =      11417,      24943       
# span 1 =      1.000,    198.500       
# span 2 =     2.6558,    13.0652       
# span 3 =     2.6605,    13.0654       
# span 4 =    -0.0557,     0.0318       
# span 5 =   0.728807,   1.186217       
# span 6 =   0.728791,   1.186441       
# span 7 =          1,          1       
# span 8 =    0.01144,    9.43904       
# span 9 =   -0.14804,    9.68373       
# span 10 =       1.96,      99.07      
# span 11 =     0.2209,    10.5599      
# span 12 =     0.1537,     1.1432      
# span 13 = 1.0000e-12, 3.7159e+03      
# span 14 =     0.1224,     0.6198      
# span 15 =     6.7204,    10.9221      
# span 16 =     6.7199,    10.9232      
# span 17 =    -0.0153,     0.0023      
# span 18 =     4.5695,     8.5817      
# span 19 =     4.5693,     8.5824      
# span 20 =      0.991,    196.566      
# span 21 =      1.014,    200.714      
# span 22 =     -0.073,      0.539      
# span 23 =    1425.74,    1467.13      
# span 24 =    1425.75,    1467.14      
# span 25 = 0.0000e+00, 0.0000e+00      
# interval = decibars: 0.5              
# start_time = May 31 2018 04:35:04 [NMEA time, first data scan]
# bad_flag = -9.990e-29
*END*
[from data line 168]
      16140     85.000     5.5686     5.5698     0.0011    1.08759    1.08738          1     0.1337     0.0865      97.87     0.3706     0.2651  1.000e-12  0.4762000    10.0800    10.0776    -0.0024     7.9414     7.9394     84.195     86.080      0.427    1442.92    1442.92  0.000e+00
      16169     85.500     5.6016     5.6026     0.0009    1.09631    1.09619          1     0.1311     0.0855      98.01     0.3702     0.2411  1.000e-12  0.5125000    10.1572    10.1558    -0.0014     8.0004     7.9992     84.690     86.585      0.430    1443.17    1443.17  0.000e+00
      16196     86.000     5.6273     5.6286     0.0013    1.10310    1.10303          1     0.1262     0.0828      98.33     0.3905     0.2483  1.000e-12  0.5447000    10.2173    10.2162    -0.0011     8.0464     8.0454     85.185     87.090      0.445    1443.36    1443.37  0.000e+00
      16222     86.500     5.6424     5.6440     0.0017    1.10756    1.10761          1     0.1205     0.0785      98.52     0.3675     0.2369  1.000e-12  0.5709000    10.2572    10.2572    -0.0000     8.0770     8.0769     85.680     87.596      0.469    1443.49    1443.49  0.000e+00
      16247     87.000     5.6385     5.6400     0.0014    1.10875    1.10869          1     0.1181     0.0765      98.63     0.3678     0.2412  1.000e-12  0.5527000    10.2702    10.2692    -0.0010     8.0875     8.0865     86.175     88.101      0.475    1443.50    1443.50  0.000e+00
      16273     87.500     5.6514     5.6522     0.0008    1.11188    1.11177          1     0.1128     0.0744      98.65     0.3716     0.2467  1.000e-12  0.5002000    10.2975    10.2961    -0.0014     8.1083     8.1071     86.671     88.606      0.447    1443.59    1443.59  0.000e+00
      16301     88.000     5.6667     5.6676     0.0009    1.11465    1.11454          1     0.1102     0.0724      98.68     0.3507     0.2534  1.000e-12  0.4999000    10.3204    10.3190    -0.0014     8.1254     8.1243     87.166     89.111      0.417    1443.70    1443.70  0.000e+00
      16330     88.500     5.6710     5.6723     0.0013    1.11581    1.11577          1     0.1046     0.0701      47.31     0.3713     0.2740  1.000e-12  0.5270000    10.3306    10.3298    -0.0007     8.1332     8.1325     87.661     89.616      0.450    1443.74    1443.74  0.000e+00
      16355     89.000     5.6751     5.6762     0.0010    1.11692    1.11687          1     0.1006     0.0702      90.13     0.3824     0.2583  1.000e-12  0.5213000    10.3403    10.3395    -0.0008     8.1406     8.1399     88.156     90.121      0.487    1443.77    1443.78  0.000e+00
      16379     89.500     5.6790     5.6799     0.0009    1.11822    1.11816          1     0.1002     0.0670      98.51     0.3495     0.2265  1.000e-12  0.5151000    10.3521    10.3511    -0.0009     8.1497     8.1489     88.651     90.627      0.477    1443.81    1443.82  0.000e+00
      16406     90.000     5.6833     5.6844     0.0011    1.11947    1.11941          1     0.0960     0.0666      98.71     0.3701     0.2494  1.000e-12  0.5162000    10.3632    10.3622    -0.0009     8.1582     8.1574     89.146     91.132      0.428    1443.85    1443.86  0.000e+00
      16435     90.500     5.6880     5.6889     0.0009    1.12066    1.12057          1     0.0945     0.0634      98.71     0.3893     0.2571  1.000e-12  0.5349000    10.3735    10.3723    -0.0013     8.1661     8.1650     89.642     91.637      0.410    1443.89    1443.90  0.000e+00
      16463     91.000     5.6929     5.6939     0.0010    1.12229    1.12224          1     0.0909     0.0623      98.71     0.3577     0.2367  1.000e-12  0.5434000    10.3882    10.3874    -0.0008     8.1774     8.1767     90.137     92.142      0.466    1443.94    1443.94  0.000e+00
      16488     91.500     5.6985     5.6994     0.0009    1.12401    1.12397          1     0.0876     0.0637      98.69     0.3600     0.2162  1.000e-12  0.5542000    10.4036    10.4029    -0.0007     8.1892     8.1886     90.632     92.647      0.500    1443.99    1444.00  0.000e+00
      16512     92.000     5.7000     5.7010     0.0010    1.12456    1.12453          1     0.0878     0.0636      44.82     0.3691     0.2217  1.000e-12  0.5398000    10.4085    10.4080    -0.0006     8.1930     8.1925     91.127     93.152      0.482    1444.01    1444.02  0.000e+00
      16538     92.500     5.7009     5.7020     0.0011    1.12494    1.12490          1     0.0848     0.0597      97.52     0.3587     0.2264  1.000e-12  0.5447000    10.4119    10.4113    -0.0007     8.1956     8.1950     91.622     93.657      0.433    1444.03    1444.03  0.000e+00
      16567     93.000     5.7019     5.7030     0.0011    1.12526    1.12523          1     0.0825     0.0597      98.58     0.3736     0.2308  1.000e-12  0.5479000    10.4148    10.4142    -0.0007     8.1978     8.1972     92.117     94.163      0.408    1444.04    1444.05  0.000e+00
      16596     93.500     5.7031     5.7043     0.0012    1.12561    1.12558          1     0.0810     0.0593      98.47     0.3980     0.2020  1.000e-12  0.5551000    10.4178    10.4172    -0.0006     8.2001     8.1996     92.612     94.668      0.445    1444.06    1444.07  0.000e+00
      16621     94.000     5.7046     5.7056     0.0010    1.12597    1.12594          1     0.0767     0.0599      98.54     0.3967     0.2567  1.000e-12  0.5476000    10.4209    10.4203    -0.0006     8.2024     8.2019     93.108     95.173      0.506    1444.08    1444.09  0.000e+00
      16644     94.500     5.7061     5.7069     0.0009    1.12637    1.12633          1     0.0805     0.0587      98.68     0.4025     0.2795  1.000e-12  0.5384000    10.4243    10.4237    -0.0006     8.2051     8.2045     93.603     95.678      0.507    1444.10    1444.10  0.000e+00
      16669     95.000     5.7075     5.7084     0.0009    1.12695    1.12690          1     0.0795     0.0541      98.68     0.3633     0.2758  1.000e-12  0.5361000    10.4295    10.4288    -0.0008     8.2091     8.2084     94.098     96.183      0.436    1444.12    1444.12  0.000e+00
      16699     95.500     5.7084     5.7095     0.0011    1.12744    1.12740          1     0.0743     0.0561      98.68     0.3663     0.2768  1.000e-12  0.5296000    10.4341    10.4334    -0.0007     8.2126     8.2120     94.593     96.688      0.397    1444.14    1444.14  0.000e+00
      16728     96.000     5.7096     5.7106     0.0009    1.12792    1.12787          1     0.0740     0.0553      98.69     0.3660     0.2666  1.000e-12  0.5123000    10.4384    10.4377    -0.0008     8.2160     8.2153     95.088     97.193      0.469    1444.16    1444.16  0.000e+00
      16752     96.500     5.7121     5.7130     0.0010    1.12900    1.12894          1     0.0761     0.0558      98.70     0.3904     0.2863  1.000e-12  0.4971000    10.4484    10.4475    -0.0009     8.2237     8.2229     95.583     97.698      0.505    1444.19    1444.19  0.000e+00
      16776     97.000     5.7048     5.7060     0.0012    1.13001    1.12996          1     0.0698     0.0564      98.71     0.3776     0.2443  1.000e-12  0.4540000    10.4607    10.4598    -0.0009     8.2338     8.2330     96.078     98.203      0.464    1444.18    1444.18  0.000e+00
      16804     97.500     5.7072     5.7079     0.0007    1.13069    1.13064          1     0.0708     0.0539      98.71     0.3670     0.2295  1.000e-12  0.3829000    10.4666    10.4659    -0.0007     8.2383     8.2378     96.573     98.709      0.425    1444.20    1444.21  0.000e+00
      16831     98.000     5.7109     5.7117     0.0008    1.13132    1.13129          1     0.0702     0.0537      98.71     0.3747     0.2353  1.000e-12  0.3763000    10.4717    10.4711    -0.0006     8.2421     8.2416     97.069     99.214      0.461    1444.24    1444.24  0.000e+00
      16856     98.500     5.7158     5.7166     0.0008    1.13197    1.13193          1     0.0699     0.0534      98.71     0.3565     0.2029  1.000e-12  0.4042000    10.4765    10.4759    -0.0006     8.2457     8.2451     97.564     99.719      0.477    1444.27    1444.27  0.000e+00
      16882     99.000     5.7211     5.7218     0.0007    1.13308    1.13301          1     0.0659     0.0510      98.71     0.3623     0.2139  1.000e-12  0.4821000    10.4859    10.4850    -0.0010     8.2528     8.2520     98.059    100.224      0.436    1444.31    1444.32  0.000e+00
      16911     99.500     5.7252     5.7261     0.0009    1.13393    1.13389          1     0.0643     0.0494      98.62     0.3713     0.2311  1.000e-12  0.4820000    10.4931    10.4924    -0.0007     8.2582     8.2575     98.554    100.729      0.448    1444.35    1444.35  0.000e+00
      16936    100.000     5.7274     5.7283     0.0009    1.13453    1.13450          1     0.0671     0.0522      98.62     0.3529     0.2444  1.000e-12  0.4674000    10.4983    10.4977    -0.0006     8.2621     8.2616     99.049    101.234      0.501    1444.37    1444.38  0.000e+00
      16959    100.500     5.7291     5.7299     0.0008    1.13508    1.13504          1     0.0664     0.0516      98.69     0.3409     0.2187  1.000e-12  0.4568000    10.5031    10.5025    -0.0006     8.2658     8.2653     99.544    101.739      0.481    1444.39    1444.40  0.000e+00
      16987    101.000     5.7310     5.7320     0.0010    1.13561    1.13558          1     0.0631     0.0510      51.80     0.3516     0.2347  1.000e-12  0.4495000    10.5077    10.5072    -0.0006     8.2694     8.2689    100.039    102.244      0.406    1444.42    1444.42  0.000e+00
      17017    101.500     5.7339     5.7347     0.0008    1.13620    1.13615          1     0.0643     0.0513      98.64     0.3488     0.1873  1.000e-12  0.4438000    10.5127    10.5119    -0.0008     8.2731     8.2724    100.535    102.749      0.436    1444.44    1444.44  0.000e+00
      17042    102.000     5.7377     5.7385     0.0008    1.13694    1.13689          1     0.0613     0.0492      98.12     0.3586     0.2377  1.000e-12  0.4678000    10.5188    10.5180    -0.0007     8.2777     8.2770    101.030    103.254      0.527    1444.48    1444.48  0.000e+00
      17063    102.500     5.7399     5.7408     0.0008    1.13759    1.13756          1     0.0608     0.0480      97.51     0.3678     0.2595  1.000e-12  0.4637000    10.5246    10.5239    -0.0006     8.2821     8.2815    101.525    103.760      0.516    1444.50    1444.50  0.000e+00
      17090    103.000     5.7408     5.7418     0.0009    1.13807    1.13804          1     0.0625     0.0458      97.47     0.3615     0.2172  1.000e-12  0.4572000    10.5290    10.5284    -0.0006     8.2855     8.2850    102.020    104.265      0.408    1444.52    1444.52  0.000e+00
      17121    103.500     5.7414     5.7424     0.0010    1.13834    1.13832          1     0.0625     0.0463      97.47     0.3583     0.2369  1.000e-12  0.4564000    10.5314    10.5309    -0.0005     8.2874     8.2870    102.515    104.770      0.426    1444.53    1444.53  0.000e+00
      17146    104.000     5.7426     5.7434     0.0008    1.13855    1.13855          1     0.0599     0.0473      97.47     0.3580     0.2690  1.000e-12  0.4492000    10.5331    10.5328    -0.0003     8.2887     8.2884    103.010    105.275      0.528    1444.55    1444.55  0.000e+00
      17168    104.500     5.7442     5.7450     0.0008    1.13907    1.13904          1     0.0607     0.0468      40.83     0.3480     0.2489  1.000e-12  0.4439000    10.5376    10.5370    -0.0006     8.2921     8.2916    103.505    105.780      0.508    1444.57    1444.57  0.000e+00
      17194    105.000     5.7456     5.7465     0.0010    1.13945    1.13941          1     0.0563     0.0471      97.26     0.3471     0.1981  1.000e-12  0.4339000    10.5408    10.5402    -0.0006     8.2946     8.2941    104.000    106.285      0.429    1444.58    1444.59  0.000e+00
      17223    105.500     5.7491     5.7499     0.0008    1.14037    1.14030          1     0.0573     0.0469      97.35     0.3696     0.2275  1.000e-12  0.4259000    10.5490    10.5480    -0.0009     8.3008     8.3000    104.495    106.790      0.440    1444.62    1444.62  0.000e+00
      17248    106.000     5.7548     5.7554     0.0007    1.14163    1.14158          1     0.0566     0.0463      96.93     0.3712     0.2596  1.000e-12  0.4076000    10.5597    10.5589    -0.0008     8.3089     8.3082    104.991    107.295      0.489    1444.66    1444.66  0.000e+00
      17272    106.500     5.7592     5.7599     0.0007    1.14242    1.14238          1     0.0576     0.0472      96.43     0.3592     0.2518  1.000e-12  0.4127000    10.5661    10.5654    -0.0007     8.3137     8.3131    105.486    107.800      0.480    1444.70    1444.70  0.000e+00
      17298    107.000     5.7618     5.7626     0.0008    1.14292    1.14288          1     0.0579     0.0471      95.96     0.3700     0.2479  1.000e-12  0.4130000    10.5701    10.5695    -0.0006     8.3167     8.3162    105.981    108.305      0.452    1444.72    1444.73  0.000e+00
      17325    107.500     5.7684     5.7691     0.0007    1.14421    1.14415          1     0.0563     0.0458      97.50     0.3595     0.2358  1.000e-12  0.4194000    10.5809    10.5801    -0.0008     8.3248     8.3241    106.476    108.810      0.459    1444.77    1444.77  0.000e+00
      17351    108.000     5.7751     5.7759     0.0008    1.14545    1.14542          1     0.0558     0.0441      96.14     0.3711     0.1959  1.000e-12  0.4137000    10.5911    10.5905    -0.0006     8.3325     8.3320    106.971    109.315      0.478    1444.82    1444.82  0.000e+00
      17376    108.500     5.7815     5.7820     0.0005    1.14638    1.14634          1     0.0535     0.0446      97.29     0.3483     0.2546  1.000e-12  0.4252000    10.5983    10.5977    -0.0006     8.3377     8.3372    107.466    109.820      0.482    1444.87    1444.87  0.000e+00
      17401    109.000     5.7862     5.7869     0.0007    1.14730    1.14723          1     0.0516     0.0439      98.71     0.3585     0.2693  1.000e-12  0.4490000    10.6059    10.6050    -0.0009     8.3434     8.3427    107.961    110.325      0.449    1444.90    1444.91  0.000e+00
      17429    109.500     5.7891     5.7900     0.0008    1.14790    1.14785          1     0.0534     0.0415      97.87     0.3456     0.2463  1.000e-12  0.4497000    10.6109    10.6101    -0.0008     8.3472     8.3466    108.456    110.831      0.437    1444.93    1444.93  0.000e+00
      17455    110.000     5.7922     5.7933     0.0010    1.14844    1.14846          1     0.0516     0.0421      95.03     0.3339     0.2595  1.000e-12  0.4435000    10.6152    10.6151    -0.0002     8.3504     8.3503    108.951    111.336      0.483    1444.96    1444.96  0.000e+00
      17479    110.500     5.7946     5.7955     0.0008    1.14889    1.14887          1     0.0532     0.0435      94.18     0.3346     0.2702  1.000e-12  0.4556000    10.6189    10.6184    -0.0005     8.3532     8.3528    109.447    111.841      0.506    1444.98    1444.98  0.000e+00
      17503    111.000     5.7972     5.7979     0.0007    1.14938    1.14934          1     0.0539     0.0421      94.40     0.3461     0.2407  1.000e-12  0.4503000    10.6228    10.6222    -0.0006     8.3562     8.3556    109.942    112.346      0.475    1445.00    1445.01  0.000e+00
      17530    111.500     5.8005     5.8011     0.0005    1.15008    1.15000          1     0.0525     0.0416      94.40     0.3150     0.2359  1.000e-12  0.4613000    10.6287    10.6277    -0.0010     8.3606     8.3597    110.437    112.851      0.444    1445.03    1445.03  0.000e+00
