ctdpy/exports/archive_20191120_135557/received_data/SBE09_0827_20180120_1230_26_01_0129.cnv
* Sea-Bird SBE 9 Data File:
* FileName = D:\CTD_SBE911\DAT\26DA.2018.1.29.hex
* Software Version Seasave V 7.21d
* Temperature SN = 034757
* Conductivity SN = 041844
* Number of Bytes Per Scan = 48
* Number of Voltage Words = 5
* Number of Scans Averaged by the Deck Unit = 1
* NMEA Latitude = 57 39.28 N
* NMEA Longitude = 008 50.84 E
* NMEA UTC (Time) = Jan 20 2018  12:30:47
* NMEA baud rate = 4800
** Ship: DANA
** Average sound velocity: 1478.63 m/s
** True-depth calculation Thu, 28 Mar 2019 08:24:01 +0000
** CTD Python Module SMHI /ver 3-12/ feb 2012 
** LIMS Job: 20182601-0129
** Operator:
** Cruise: 01/2018
# nquan = 26
# nvalues = 174                         
# units = specified
# name 0 = scan: Scan Count
# name 1 = prDM: Pressure, Digiquartz [db]
# name 2 = t090C: Temperature [ITS-90, deg C]
# name 3 = t190C: Temperature, 2 [ITS-90, deg C]
# name 4 = T2-T190C: Temperature Difference, 2 - 1 [ITS-90, deg C]
# name 5 = c0S/m: Conductivity [S/m]
# name 6 = c1S/m: Conductivity, 2 [S/m]
# name 7 = pumps: Pump Status
# name 8 = sbeox1ML/L: Oxygen, SBE 43, 2 [ml/l]
# name 9 = sbeox0ML/L: Oxygen, SBE 43 [ml/l]
# name 10 = altM: Altimeter [m]
# name 11 = chloroflTC0: Chlorophyll, Turner Cyclops [ug/l]
# name 12 = cpar: CPAR/Corrected Irradiance [%]
# name 13 = par: PAR/Irradiance, Biospherical/Lico [µE/(cm^2*s)]
# name 14 = spar: SPAR, Biospherical/Licor
# name 15 = sal00: Salinity, Practical [PSU]
# name 16 = sal11: Salinity, Practical, 2 [PSU]
# name 17 = secS-priS: Salinity, Practical, Difference, 2 - 1 [PSU]
# name 18 = sigma-t00: Density [sigma-t, kg/m^3 ]
# name 19 = sigma-t11: Density, 2 [sigma-t, kg/m^3 ]
# name 20 = depSM: Depth [salt water, m], lat = 57.6547
# name 21 = depFM: Depth [true depth, m], lat = 57.6547
# name 22 = dz/dtM: Descent Rate [m/s], WS = 2
# name 23 = svCM: Sound Velocity [Chen-Millero, m/s]
# name 24 = svCM1: Sound Velocity, 2 [Chen-Millero, m/s]
# name 25 = flag: flag
# span 0 =        -46,       6144       
# span 1 =      1.500,     88.000       
# span 2 =     6.8721,     6.9649       
# span 3 =     6.8714,     6.9644       
# span 4 =    -0.0030,     0.0090       
# span 5 =   3.475082,   3.495569       
# span 6 =   3.475321,   3.495827       
# span 7 =          1,          1       
# span 8 =     5.9069,     6.1794       
# span 9 =     6.2110,     6.2638       
# span 10 =       1.18,       9.97      
# span 11 =     0.0293,     0.0427      
# span 12 = 1.0257e-12, 9.1105e+00      
# span 13 = 9.8916e-13, 8.3971e+00      
# span 14 = 8.5295e+01, 9.7498e+01      
# span 15 =    34.5369,    34.6301      
# span 16 =    34.5400,    34.6335      
# span 17 =    -0.0040,     0.0056      
# span 18 =    27.0706,    27.1323      
# span 19 =    27.0736,    27.1350      
# span 20 =      1.486,     87.168      
# span 21 =      1.488,     87.266      
# span 22 =     -0.012,      0.812      
# span 23 =    1477.64,    1479.50      
# span 24 =    1477.64,    1479.50      
# span 25 = 0.0000e+00, 0.0000e+00      
# interval = decibars: 0.5              
# start_time = Jan 20 2018 12:30:47 [NMEA time, first data scan]
# bad_flag = -9.990e-29
*END*
        -46      1.500     6.8841     6.8831    -0.0009    3.47600    3.47628          1     6.0723     6.2421       9.97     0.0306  9.111e+00  8.397e+00  9.213e+01    34.5377    34.5418     0.0041    27.0706    27.0739      1.486      1.488     -0.012    1477.65    1477.65  0.000e+00
        352      2.000     6.8784     6.8767    -0.0017    3.47546    3.47571          1     6.0160     6.2497       9.97     0.0305  8.002e+00  7.599e+00  9.499e+01    34.5372    34.5416     0.0044    27.0709    27.0746      1.981      1.983      0.264    1477.64    1477.64  0.000e+00
        467      2.500     6.8757     6.8749    -0.0008    3.47522    3.47555          1     5.9948     6.2486       9.97     0.0298  7.287e+00  6.956e+00  9.545e+01    34.5370    34.5414     0.0044    27.0712    27.0748      2.477      2.479      0.397    1477.64    1477.64  0.000e+00
        551      3.000     6.8760     6.8754    -0.0007    3.47529    3.47560          1     5.9069     6.2428       9.96     0.0313  6.145e+00  5.866e+00  9.545e+01    34.5371    34.5412     0.0041    27.0712    27.0745      2.972      2.975      0.462    1477.65    1477.65  0.000e+00
        589      3.500     6.8759     6.8740    -0.0018    3.47527    3.47558          1     6.0207     6.2414       9.96     0.0298  5.198e+00  4.962e+00  9.545e+01    34.5369    34.5421     0.0052    27.0711    27.0754      3.468      3.471      0.538    1477.65    1477.65  0.000e+00
        629      4.000     6.8746     6.8733    -0.0013    3.47521    3.47546          1     6.0529     6.2577       9.96     0.0298  4.658e+00  4.446e+00  9.545e+01    34.5371    34.5413     0.0042    27.0714    27.0749      3.963      3.967      0.371    1477.66    1477.66  0.000e+00
        730      4.500     6.8731     6.8721    -0.0010    3.47508    3.47542          1     6.0180     6.2546       9.96     0.0306  4.109e+00  3.922e+00  9.545e+01    34.5370    34.5418     0.0048    27.0715    27.0755      4.458      4.463      0.786    1477.66    1477.66  0.000e+00
        746      5.000     6.8748     6.8735    -0.0013    3.47527    3.47545          1     6.0289     6.2567       9.96     0.0305  3.481e+00  3.323e+00  9.545e+01    34.5372    34.5405     0.0033    27.0714    27.0742      4.954      4.958      0.695    1477.68    1477.68  0.000e+00
        825      5.500     6.8756     6.8726    -0.0030    3.47538    3.47545          1     6.0490     6.2483       9.96     0.0309  2.976e+00  2.841e+00  9.545e+01    34.5373    34.5411     0.0039    27.0714    27.0749      5.449      5.454      0.376    1477.69    1477.68  0.000e+00
        901      6.000     6.8734     6.8714    -0.0020    3.47519    3.47532          1     6.0544     6.2471       9.96     0.0298  2.599e+00  2.481e+00  9.545e+01    34.5372    34.5407     0.0035    27.0716    27.0746      5.945      5.950      0.452    1477.69    1477.68  0.000e+00
        933      6.500     6.8725     6.8715    -0.0010    3.47513    3.47541          1     6.0757     6.2579       9.96     0.0296  2.225e+00  2.124e+00  9.545e+01    34.5373    34.5413     0.0040    27.0718    27.0751      6.440      6.446      0.317    1477.69    1477.69  0.000e+00
       1021      7.000     6.8721     6.8722     0.0002    3.47512    3.47544          1     6.0869     6.2553       9.95     0.0306  1.958e+00  1.869e+00  9.545e+01    34.5372    34.5406     0.0034    27.0718    27.0745      6.935      6.942      0.305    1477.70    1477.70  0.000e+00
       1053      7.500     6.8733     6.8753     0.0020    3.47526    3.47568          1     6.0981     6.2478       9.95     0.0297  1.602e+00  1.530e+00  9.545e+01    34.5373    34.5400     0.0027    27.0717    27.0736      7.431      7.438      0.303    1477.71    1477.72  0.000e+00
       1113      8.000     6.8772     6.8786     0.0014    3.47564    3.47607          1     6.0789     6.2524       9.95     0.0305  1.368e+00  1.305e+00  9.545e+01    34.5374    34.5407     0.0033    27.0713    27.0737      7.926      7.934      0.185    1477.73    1477.74  0.000e+00
       1176      8.500     6.8797     6.8795    -0.0002    3.47590    3.47619          1     6.1109     6.2618       9.95     0.0298  1.199e+00  1.145e+00  9.545e+01    34.5374    34.5409     0.0034    27.0710    27.0737      8.421      8.429      0.229    1477.75    1477.75  0.000e+00
       1256      9.000     6.8819     6.8819    -0.0000    3.47614    3.47648          1     6.1048     6.2514       9.95     0.0320  1.010e+00  9.638e-01  9.545e+01    34.5377    34.5414     0.0038    27.0708    27.0738      8.917      8.925      0.323    1477.77    1477.77  0.000e+00
       1286      9.500     6.8810     6.8788    -0.0021    3.47606    3.47630          1     6.1154     6.2600       9.95     0.0310  8.504e-01  8.117e-01  9.545e+01    34.5375    34.5423     0.0048    27.0708    27.0749      9.412      9.421      0.438    1477.77    1477.77  0.000e+00
       1316     10.000     6.8793     6.8767    -0.0026    3.47593    3.47604          1     6.1204     6.2517       9.95     0.0322  6.810e-01  6.489e-01  9.528e+01    34.5374    34.5413     0.0038    27.0710    27.0744      9.907      9.917      0.286    1477.78    1477.77  0.000e+00
       1406     10.500     6.8780     6.8776    -0.0005    3.47585    3.47614          1     6.1096     6.2508       9.95     0.0341  6.158e-01  5.750e-01  9.339e+01    34.5376    34.5412     0.0036    27.0713    27.0742     10.403     10.413      0.276    1477.78    1477.78  0.000e+00
       1440     11.000     6.8805     6.8811     0.0007    3.47613    3.47648          1     6.1115     6.2523       9.95     0.0336  4.782e-01  4.467e-01  9.342e+01    34.5379    34.5411     0.0032    27.0712    27.0737     10.898     10.909      0.357    1477.80    1477.80  0.000e+00
       1477     11.500     6.8816     6.8815    -0.0002    3.47626    3.47654          1     6.1135     6.2557       9.95     0.0315  3.683e-01  3.440e-01  9.342e+01    34.5379    34.5412     0.0032    27.0711    27.0737     11.393     11.404      0.288    1477.81    1477.81  0.000e+00
       1525     12.000     6.8819     6.8822     0.0003    3.47630    3.47666          1     6.1083     6.2638       9.95     0.0341  3.299e-01  3.080e-01  9.337e+01    34.5380    34.5416     0.0037    27.0711    27.0739     11.889     11.900      0.235    1477.82    1477.83  0.000e+00
       1572     12.500     6.8828     6.8824    -0.0004    3.47643    3.47671          1     6.1169     6.2511       9.95     0.0337  2.688e-01  2.477e-01  9.214e+01    34.5382    34.5416     0.0034    27.0711    27.0739     12.384     12.396      0.317    1477.83    1477.83  0.000e+00
       1602     13.000     6.8830     6.8825    -0.0004    3.47650    3.47675          1     6.0729     6.2489       9.95     0.0325  1.974e-01  1.805e-01  9.146e+01    34.5385    34.5417     0.0032    27.0714    27.0739     12.879     12.892      0.483    1477.84    1477.84  0.000e+00
       1624     13.500     6.8841     6.8850     0.0009    3.47676    3.47706          1     6.0650     6.2486       9.96     0.0320  1.435e-01  1.311e-01  9.139e+01    34.5401    34.5425     0.0024    27.0724    27.0742     13.375     13.388      0.585    1477.85    1477.86  0.000e+00
       1644     14.000     6.8865     6.8873     0.0008    3.47717    3.47746          1     6.0815     6.2432       9.95     0.0325  9.262e-02  8.464e-02  9.139e+01    34.5419    34.5443     0.0025    27.0735    27.0753     13.870     13.884      0.601    1477.87    1477.88  0.000e+00
       1664     14.500     6.8879     6.8886     0.0007    3.47741    3.47774          1     6.1036     6.2386       9.96     0.0327  4.470e-02  4.085e-02  9.139e+01    34.5429    34.5458     0.0029    27.0741    27.0763     14.366     14.380      0.559    1477.89    1477.90  0.000e+00
       1687     15.000     6.8888     6.8885    -0.0003    3.47759    3.47789          1     6.1137     6.2338       9.96     0.0343  7.500e-03  6.854e-03  9.139e+01    34.5437    34.5473     0.0036    27.0746    27.0775     14.861     14.875      0.474    1477.90    1477.90  0.000e+00
       1717     15.500     6.8890     6.8891     0.0001    3.47766    3.47803          1     6.1233     6.2447       9.96     0.0375  1.305e-04  1.192e-04  9.139e+01    34.5440    34.5479     0.0040    27.0748    27.0779     15.356     15.371      0.354    1477.91    1477.92  0.000e+00
       1754     16.000     6.8893     6.8894     0.0002    3.47774    3.47812          1     6.1082     6.2540       9.96     0.0353  1.082e-12  9.892e-13  9.139e+01    34.5443    34.5484     0.0041    27.0751    27.0783     15.852     15.867      0.351    1477.92    1477.93  0.000e+00
       1784     16.500     6.8898     6.8894    -0.0004    3.47787    3.47817          1     6.0785     6.2575       9.95     0.0333  1.094e-12  1.000e-12  9.139e+01    34.5450    34.5487     0.0037    27.0756    27.0785     16.347     16.363      0.461    1477.93    1477.94  0.000e+00
       1808     17.000     6.8899     6.8894    -0.0005    3.47792    3.47821          1     6.0938     6.2528       9.96     0.0334  1.094e-12  1.000e-12  9.139e+01    34.5453    34.5489     0.0036    27.0757    27.0787     16.842     16.859      0.515    1477.94    1477.94  0.000e+00
       1831     17.500     6.8899     6.8889    -0.0011    3.47796    3.47822          1     6.1205     6.2491       9.95     0.0332  1.094e-12  1.000e-12  9.139e+01    34.5454    34.5492     0.0039    27.0758    27.0790     17.338     17.355      0.513    1477.95    1477.95  0.000e+00
       1855     18.000     6.8896     6.8884    -0.0012    3.47796    3.47819          1     6.0865     6.2484       9.95     0.0339  1.094e-12  1.000e-12  9.139e+01    34.5455    34.5492     0.0037    27.0759    27.0790     17.833     17.850      0.500    1477.96    1477.96  0.000e+00
       1879     18.500     6.8894     6.8886    -0.0008    3.47795    3.47822          1     6.0879     6.2449       9.95     0.0340  1.107e-12  1.000e-12  9.031e+01    34.5453    34.5491     0.0038    27.0758    27.0789     18.328     18.346      0.480    1477.96    1477.96  0.000e+00
       1905     19.000     6.8891     6.8876    -0.0016    3.47797    3.47824          1     6.1270     6.2501       9.95     0.0348  1.119e-12  1.000e-12  8.938e+01    34.5455    34.5500     0.0045    27.0760    27.0798     18.824     18.842      0.476    1477.97    1477.97  0.000e+00
       1929     19.500     6.8887     6.8874    -0.0014    3.47799    3.47829          1     6.1549     6.2526       9.95     0.0366  1.119e-12  1.000e-12  8.936e+01    34.5459    34.5506     0.0047    27.0764    27.0803     19.319     19.338      0.522    1477.98    1477.98  0.000e+00
       1951     20.000     6.8884     6.8873    -0.0011    3.47803    3.47831          1     6.1542     6.2528       9.95     0.0364  1.119e-12  1.000e-12  8.936e+01    34.5464    34.5507     0.0042    27.0768    27.0803     19.814     19.834      0.554    1477.99    1477.99  0.000e+00
       1973     20.500     6.8882     6.8875    -0.0008    3.47806    3.47838          1     6.1363     6.2432       9.96     0.0359  1.119e-12  1.000e-12  8.936e+01    34.5467    34.5510     0.0042    27.0771    27.0806     20.310     20.330      0.502    1477.99    1478.00  0.000e+00
       2000     21.000     6.8882     6.8875    -0.0007    3.47812    3.47842          1     6.1345     6.2406       9.95     0.0375  1.119e-12  1.000e-12  8.936e+01    34.5471    34.5511     0.0040    27.0774    27.0806     20.805     20.825      0.417    1478.00    1478.00  0.000e+00
       2029     21.500     6.8882     6.8878    -0.0004    3.47821    3.47850          1     6.1299     6.2481       9.96     0.0380  1.119e-12  1.000e-12  8.936e+01    34.5478    34.5515     0.0036    27.0780    27.0809     21.300     21.321      0.459    1478.01    1478.01  0.000e+00
       2052     22.000     6.8891     6.8889    -0.0003    3.47854    3.47880          1     6.1299     6.2466       9.95     0.0386  1.119e-12  1.000e-12  8.936e+01    34.5503    34.5535     0.0032    27.0798    27.0823     21.796     21.817      0.570    1478.03    1478.03  0.000e+00
       2072     22.500     6.8899     6.8899     0.0000    3.47871    3.47901          1     6.1473     6.2482       9.95     0.0382  1.119e-12  1.000e-12  8.936e+01    34.5512    34.5545     0.0033    27.0804    27.0830     22.291     22.313      0.562    1478.04    1478.04  0.000e+00
       2096     23.000     6.8900     6.8907     0.0006    3.47877    3.47919          1     6.1433     6.2505       9.95     0.0392  1.119e-12  1.000e-12  8.936e+01    34.5515    34.5554     0.0040    27.0806    27.0836     22.786     22.809      0.414    1478.05    1478.05  0.000e+00
       2134     23.500     6.8910     6.8928     0.0018    3.47895    3.47956          1     6.1223     6.2387       9.95     0.0379  1.119e-12  1.000e-12  8.936e+01    34.5522    34.5572     0.0050    27.0811    27.0847     23.282     23.305      0.301    1478.06    1478.07  0.000e+00
       2168     24.000     6.8939     6.8939    -0.0000    3.47952    3.47982          1     6.0758     6.2281       9.95     0.0410  1.119e-12  1.000e-12  8.936e+01    34.5553    34.5587     0.0034    27.0831    27.0857     23.777     23.801      0.497    1478.08    1478.09  0.000e+00
       2188     24.500     6.8955     6.8954    -0.0001    3.47978    3.47996          1     6.0883     6.2353       9.95     0.0393  1.119e-12  1.000e-12  8.936e+01    34.5563    34.5584     0.0021    27.0837    27.0853     24.272     24.296      0.656    1478.10    1478.10  0.000e+00
       2205     25.000     6.8969     6.8968    -0.0001    3.47996    3.48025          1     6.1135     6.2407       9.95     0.0391  1.119e-12  1.000e-12  8.936e+01    34.5566    34.5599     0.0033    27.0837    27.0863     24.768     24.792      0.697    1478.11    1478.12  0.000e+00
       2223     25.500     6.9002     6.8985    -0.0017    3.48054    3.48046          1     6.1338     6.2492       9.95     0.0387  1.119e-12  1.000e-12  8.936e+01    34.5595    34.5604     0.0008    27.0855    27.0864     25.263     25.288      0.621    1478.14    1478.13  0.000e+00
       2246     26.000     6.9045     6.9077     0.0032    3.48114    3.48165          1     6.1558     6.2589       9.95     0.0390  1.119e-12  1.000e-12  8.936e+01    34.5615    34.5639     0.0024    27.0865    27.0880     25.758     25.784      0.444    1478.17    1478.18  0.000e+00
       2279     26.500     6.9068     6.9145     0.0077    3.48155    3.48269          1     6.1318     6.2552       9.95     0.0394  1.119e-12  1.000e-12  8.936e+01    34.5635    34.5683     0.0048    27.0878    27.0905     26.253     26.280      0.364    1478.19    1478.22  0.000e+00
       2309     27.000     6.9139     6.9164     0.0025    3.48255    3.48306          1     6.1156     6.2535       9.95     0.0421  1.127e-12  1.000e-12  8.876e+01    34.5672    34.5702     0.0031    27.0897    27.0918     26.749     26.776      0.478    1478.23    1478.24  0.000e+00
       2331     27.500     6.9163     6.9181     0.0018    3.48288    3.48327          1     6.1326     6.2529       9.95     0.0422  1.137e-12  1.000e-12  8.794e+01    34.5682    34.5707     0.0025    27.0901    27.0919     27.244     27.271      0.568    1478.24    1478.25  0.000e+00
       2351     28.000     6.9181     6.9189     0.0008    3.48309    3.48340          1     6.1405     6.2492       9.95     0.0392  1.145e-12  1.000e-12  8.733e+01    34.5684    34.5710     0.0026    27.0901    27.0920     27.739     27.767      0.568    1478.26    1478.27  0.000e+00
       2374     28.500     6.9187     6.9186    -0.0000    3.48318    3.48344          1     6.1511     6.2423       9.95     0.0396  1.145e-12  1.000e-12  8.733e+01    34.5686    34.5714     0.0028    27.0901    27.0924     28.235     28.263      0.486    1478.27    1478.27  0.000e+00
