ctdpy/exports/archive_20191120_135557/received_data/SBE09_1044_20180203_1909_34_02_0054.cnv
* Sea-Bird SBE 9 Data File:
* FileName = C:\ctd\temp\2018\ME18D054.hex
* Software Version Seasave V 7.26.6.26
* Temperature SN = 5351
* Conductivity SN = 3941
* Number of Bytes Per Scan = 41
* Number of Voltage Words = 4
* Number of Scans Averaged by the Deck Unit = 1
* NMEA Latitude = 58 18.92 N
* NMEA Longitude = 010 56.51 E
* NMEA UTC (Time) = Feb 03 2018  19:09:35
* NMEA baud rate = 4800
** Station:  A14
** Operator:  SSip
** Ship: MERI
** Average sound velocity: 1474.13 m/s
** True-depth calculation Sat, 03 Feb 2018 21:29:02 +0000
** CTD Python Module SMHI /ver 3-12/ feb 2012 
** LIMS Job: 20183402-0054
** Cruise: SMHI-01-2018
** Latitude [GG MM.mm N] :
** Longitude [GG MM.mm E]:
# nquan = 26
# nvalues = 209                         
# units = specified
# name 0 = scan: Scan Count
# name 1 = prDM: Pressure, Digiquartz [db]
# name 2 = t090C: Temperature [ITS-90, deg C]
# name 3 = t190C: Temperature, 2 [ITS-90, deg C]
# name 4 = T2-T190C: Temperature Difference, 2 - 1 [ITS-90, deg C]
# name 5 = c0S/m: Conductivity [S/m]
# name 6 = c1S/m: Conductivity, 2 [S/m]
# name 7 = pumps: Pump Status
# name 8 = sbeox0ML/L: Oxygen, SBE 43 [ml/l]
# name 9 = sbeox1ML/L: Oxygen, SBE 43, 2 [ml/l]
# name 10 = altM: Altimeter [m]
# name 11 = flECO-AFL: Chl-a Fluorescence, WET Labs ECO-AFL/FL [mg/m^3]
# name 12 = flECO-AFL1: Phycocyanin Fluorescence, WET Labs ECO-AFL/FL, 2 [mg/m^3]
# name 13 = par: PAR/Irradiance, Biospherical/Lico [µE/(cm^2*s)]
# name 14 = turbWETntu0: Turbidity, WET Labs ECO [NTU]
# name 15 = sal00: Salinity, Practical [PSU]
# name 16 = sal11: Salinity, Practical, 2 [PSU]
# name 17 = secS-priS: Salinity, Practical, Difference, 2 - 1 [PSU]
# name 18 = sigma-t00: Density [sigma-t, Kg/m^3 ]
# name 19 = sigma-t11: Density, 2 [sigma-t, Kg/m^3 ]
# name 20 = depSM: Depth [salt water, m], lat = 58.3153
# name 21 = depFM: Depth [true depth, m], lat = 58.3153
# name 22 = dz/dtM: Descent Rate [m/s], WS = 2
# name 23 = svCM: Sound Velocity [Chen-Millero, m/s]
# name 24 = svCM1: Sound Velocity, 2 [Chen-Millero, m/s]
# name 25 = flag: flag
# span 0 =       8891,      14640       
# span 1 =      3.000,    107.000       
# span 2 =     3.6207,     6.8741       
# span 3 =     3.6215,     6.8727       
# span 4 =    -0.0706,     0.0245       
# span 5 =   2.693975,   3.489061       
# span 6 =   2.694099,   3.489096       
# span 7 =          1,          1       
# span 8 =    6.26096,    7.24660       
# span 9 =    6.28820,    7.24184       
# span 10 =       2.46,      98.88      
# span 11 =     0.2108,     0.8536      
# span 12 =     0.3044,     0.4721      
# span 13 = -6.641e-05, 5.5481e-02      
# span 14 =     0.5171,     1.9657      
# span 15 =    28.7271,    34.6651      
# span 16 =    28.7279,    34.6670      
# span 17 =    -0.0506,     0.0687      
# span 18 =    22.8322,    27.1842      
# span 19 =    22.8329,    27.1855      
# span 20 =      2.972,    105.978      
# span 21 =      2.987,    106.179      
# span 22 =     -0.334,      1.447      
# span 23 =    1456.99,    1479.39      
# span 24 =    1457.00,    1479.38      
# span 25 = 0.0000e+00, 0.0000e+00      
# interval = decibars: 0.5              
# start_time = Feb 03 2018 19:09:35 [NMEA time, first data scan]
# bad_flag = -9.990e-29
*END*
[from data line 168]
      13480     87.000     6.6899     6.6878    -0.0020    3.45791    3.45767          1     6.4189     6.4142      25.30     0.2741     0.3841  1.000e-12  1.9657000    34.4901    34.4895    -0.0006    27.0594    27.0593     86.173     86.346      0.626    1478.24    1478.23  0.000e+00
      13567     87.500     6.6636     6.6614    -0.0020    3.45419    3.45393          1     6.4105     6.4247      24.45     0.3110     0.3345  1.000e-12  1.4395000    34.4751    34.4744    -0.0007    27.0511    27.0509     86.668     86.842      0.540    1478.13    1478.12  0.000e+00
      13593     88.000     6.6574     6.6689     0.0117    3.45335    3.45512          1     6.4056     6.4312      24.12     0.3198     0.3176  1.000e-12  1.3479000    34.4718    34.4797     0.0079    27.0494    27.0541     87.164     87.338      0.835    1478.11    1478.16  0.000e+00
      13606     88.500     6.7051     6.7298     0.0245    3.46027    3.46339          1     6.4025     6.4269      23.74     0.3082     0.3184  1.000e-12  1.4105000    34.5001    34.5098     0.0097    27.0652    27.0696     87.659     87.834      0.888    1478.34    1478.45  0.000e+00
      13619     89.000     6.7358     6.7357     0.0000    3.46419    3.46432          1     6.4048     6.4283      23.29     0.3056     0.3421  1.000e-12  1.4156000    34.5125    34.5139     0.0015    27.0709    27.0720     88.154     88.329      0.833    1478.48    1478.48  0.000e+00
      13635     89.500     6.7380     6.7380    -0.0001    3.46520    3.46528          1     6.4031     6.4262      22.74     0.2497     0.3472  1.000e-12  1.3580000    34.5211    34.5221     0.0010    27.0774    27.0782     88.649     88.825      0.664    1478.51    1478.51  0.000e+00
      13660     90.000     6.7492     6.7461    -0.0031    3.46711    3.46669          1     6.4031     6.4148      22.06     0.2769     0.3422  1.000e-12  1.7169000    34.5308    34.5292    -0.0016    27.0835    27.0826     89.144     89.321      0.337    1478.57    1478.56  0.000e+00
      13730     90.500     6.7373     6.7376     0.0004    3.46493    3.46546          1     6.3988     6.4036      21.32     0.2850     0.3314  1.000e-12  1.2275000    34.5183    34.5239     0.0056    27.0753    27.0796     89.639     89.817      0.340    1478.52    1478.53  0.000e+00
      13754     91.000     6.7632     6.7649     0.0017    3.46898    3.46931          1     6.3728     6.4012      21.01     0.2716     0.4118  1.000e-12  1.2871000    34.5369    34.5389     0.0020    27.0864    27.0877     90.134     90.313      0.616    1478.65    1478.66  0.000e+00
      13771     91.500     6.7729     6.7713    -0.0016    3.47027    3.47020          1     6.3692     6.3960      20.61     0.2725     0.3933  1.000e-12  1.3058000    34.5412    34.5420     0.0008    27.0885    27.0893     90.630     90.809      0.723    1478.70    1478.70  0.000e+00
      13787     92.000     6.7940     6.7925    -0.0014    3.47286    3.47281          1     6.3709     6.3877      20.18     0.2488     0.3474  1.000e-12  1.6062000    34.5483    34.5491     0.0008    27.0912    27.0921     91.125     91.305      0.730    1478.80    1478.80  0.000e+00
      13803     92.500     6.8002     6.8000    -0.0002    3.47374    3.47384          1     6.3708     6.3797      19.68     0.2425     0.3609  1.000e-12  1.5571000    34.5514    34.5528     0.0014    27.0929    27.0940     91.620     91.800      0.635    1478.84    1478.84  0.000e+00
      13827     93.000     6.8007     6.8002    -0.0005    3.47390    3.47393          1     6.3681     6.3598      19.06     0.2414     0.3352  1.000e-12  1.3589000    34.5525    34.5534     0.0009    27.0937    27.0944     92.115     92.296      0.369    1478.85    1478.85  0.000e+00
      13901     93.500     6.7858     6.7846    -0.0011    3.47208    3.47199          1     6.3667     6.3822      18.33     0.2626     0.3427  1.000e-12  1.1267000    34.5472    34.5473     0.0001    27.0915    27.0917     92.610     92.792      0.397    1478.79    1478.79  0.000e+00
      13920     94.000     6.8170     6.8149    -0.0020    3.47590    3.47584          1     6.3578     6.3758      18.06     0.2727     0.3061  1.000e-12  1.1542000    34.5578    34.5592     0.0014    27.0955    27.0970     93.105     93.288      0.735    1478.94    1478.93  0.000e+00
      13934     94.500     6.8105     6.8097    -0.0008    3.47541    3.47548          1     6.3503     6.3698      17.71     0.2725     0.3558  1.000e-12  1.2281000    34.5587    34.5602     0.0015    27.0971    27.0984     93.600     93.784      0.851    1478.92    1478.92  0.000e+00
      13947     95.000     6.8131     6.8140     0.0010    3.47585    3.47611          1     6.3427     6.3627      17.28     0.2699     0.3658  1.000e-12  1.2671000    34.5606    34.5625     0.0019    27.0983    27.0996     94.096     94.280      0.822    1478.94    1478.95  0.000e+00
      13963     95.500     6.8004     6.8017     0.0013    3.47484    3.47509          1     6.3382     6.3515      16.74     0.2437     0.3654  1.000e-12  1.3625000    34.5620    34.5634     0.0014    27.1011    27.1021     94.591     94.775      0.601    1478.90    1478.91  0.000e+00
      14033     96.000     6.7974     6.7960    -0.0014    3.47423    3.47403          1     6.3504     6.3454      15.88     0.2458     0.3865  1.000e-12  1.2229000    34.5580    34.5572    -0.0008    27.0984    27.0979     95.086     95.271      0.339    1478.89    1478.89  0.000e+00
      14067     96.500     6.8005     6.7937    -0.0069    3.47470    3.47436          1     6.3727     6.3394      15.56     0.2789     0.4186  1.000e-12  1.3112000    34.5597    34.5629     0.0031    27.0993    27.1027     95.581     95.767      0.695    1478.92    1478.89  0.000e+00
      14081     97.000     6.7528     6.7508    -0.0020    3.47057    3.47051          1     6.3765     6.3393      15.19     0.2758     0.4164  1.000e-12  1.3622000    34.5620    34.5633     0.0013    27.1076    27.1089     96.076     96.263      0.792    1478.74    1478.74  0.000e+00
      14096     97.500     6.7522     6.7514    -0.0009    3.47105    3.47113          1     6.3668     6.3519      14.74     0.2488     0.3652  1.000e-12  1.4512000    34.5677    34.5694     0.0017    27.1122    27.1136     96.571     96.759      0.762    1478.75    1478.75  0.000e+00
      14113     98.000     6.7804     6.7803     0.0000    3.47466    3.47480          1     6.3458     6.3550      14.20     0.2405     0.3476  1.000e-12  1.5443000    34.5789    34.5806     0.0016    27.1172    27.1185     97.066     97.254      0.612    1478.89    1478.89  0.000e+00
      14141     98.500     6.8074     6.8000    -0.0074    3.47792    3.47695          1     6.3357     6.3390      13.53     0.2513     0.3440  1.000e-12  1.4896000    34.5875    34.5842    -0.0033    27.1203    27.1187     97.561     97.750      0.331    1479.01    1478.98  0.000e+00
      14194     99.000     6.8348     6.8089    -0.0258    3.48149    3.47823          1     6.3291     6.3288      12.87     0.2610     0.3893  1.000e-12  1.3966000    34.5991    34.5891    -0.0101    27.1257    27.1213     98.057     98.246      0.244    1479.14    1479.03  0.000e+00
      14229     99.500     6.8532     6.8512    -0.0021    3.48439    3.48423          1     6.3107     6.3293      12.48     0.2715     0.3982  1.000e-12  1.4172000    34.6123    34.6126     0.0003    27.1336    27.1341     98.552     98.742      0.478    1479.24    1479.23  0.000e+00
      14250    100.000     6.8558     6.8553    -0.0005    3.48530    3.48540          1     6.2958     6.3237      12.09     0.2602     0.3308  1.000e-12  1.6223000    34.6194    34.6210     0.0016    27.1388    27.1402     99.047     99.238      0.679    1479.26    1479.26  0.000e+00
      14265    100.500     6.8542     6.8536    -0.0007    3.48573    3.48574          1     6.2876     6.3164      11.69     0.2965     0.3240  1.000e-12  1.5542000    34.6255    34.6263     0.0008    27.1439    27.1446     99.542     99.734      0.831    1479.27    1479.27  0.000e+00
      14279    101.000     6.8686     6.8672    -0.0015    3.48808    3.48800          1     6.2869     6.3058      11.29     0.3195     0.3343  1.000e-12  1.5122000    34.6368    34.6374     0.0006    27.1508    27.1514    100.037    100.229      0.901    1479.35    1479.35  0.000e+00
      14291    101.500     6.8741     6.8727    -0.0014    3.48906    3.48910          1     6.2985     6.3035      10.84     0.2649     0.3277  1.000e-12  1.4813000    34.6418    34.6436     0.0018    27.1540    27.1556    100.532    100.725      0.851    1479.39    1479.38  0.000e+00
      14307    102.000     6.8642     6.8626    -0.0016    3.48839    3.48836          1     6.3062     6.3023      10.30     0.2359     0.3044  1.000e-12  1.4700000    34.6441    34.6454     0.0013    27.1572    27.1584    101.027    101.221      0.590    1479.36    1479.35  0.000e+00
      14391    102.500     6.8558     6.8555    -0.0004    3.48716    3.48690          1     6.2928     6.2882       9.56     0.2421     0.3531  1.000e-12  1.4841000    34.6388    34.6363    -0.0025    27.1541    27.1522    101.522    101.717      0.704    1479.33    1479.32  0.000e+00
      14416    103.000     6.8504     6.8527     0.0022    3.48656    3.48719          1     6.2711     6.2953       9.27     0.2345     0.3522  1.000e-12  1.5468000    34.6373    34.6420     0.0047    27.1537    27.1571    102.017    102.213      1.119    1479.31    1479.33  0.000e+00
      14425    103.500     6.8353     6.8378     0.0027    3.48558    3.48592          1     6.2622     6.3053       8.93     0.2108     0.3638  1.000e-12  1.6828000    34.6415    34.6428     0.0013    27.1590    27.1597    102.513    102.708      1.231    1479.27    1479.28  0.000e+00
      14434    104.000     6.8215     6.8256     0.0042    3.48454    3.48496          1     6.2610     6.3195       8.52     0.2114     0.3943  1.000e-12  1.6785000    34.6437    34.6442     0.0005    27.1627    27.1625    103.008    103.204      1.235    1479.22    1479.24  0.000e+00
      14444    104.500     6.7999     6.8023     0.0024    3.48410    3.48431          1     6.2667     6.3186       8.05     0.2345     0.3960  1.000e-12  1.6442000    34.6604    34.6603    -0.0002    27.1788    27.1783    103.503    103.700      1.124    1479.17    1479.18  0.000e+00
      14455    105.000     6.7905     6.7909     0.0003    3.48362    3.48379          1     6.2856     6.3297       7.51     0.2474     0.3730  1.000e-12  1.6298000    34.6643    34.6657     0.0015    27.1831    27.1842    103.998    104.196      0.853    1479.15    1479.15  0.000e+00
      14522    105.500     6.7941     6.7980     0.0040    3.48377    3.48403          1     6.3114     6.3176       5.96     0.2386     0.3469  1.000e-12  1.6243000    34.6621    34.6610    -0.0011    27.1809    27.1795    104.493    104.692      0.522    1479.17    1479.18  0.000e+00
      14584    106.000     6.7940     6.8014     0.0074    3.48383    3.48428          1     6.3089     6.3083       4.80     0.2359     0.3564  1.000e-12  1.5970000    34.6626    34.6601    -0.0025    27.1813    27.1783    104.988    105.187      0.693    1479.18    1479.20  0.000e+00
      14600    106.500     6.7876     6.7894     0.0019    3.48349    3.48383          1     6.2981     6.3046       4.39     0.2443     0.3782  1.000e-12  1.6714000    34.6651    34.6670     0.0019    27.1842    27.1855    105.483    105.683      0.613    1479.16    1479.17  0.000e+00
      14640    107.000     6.7919     6.7922     0.0003    3.48384    3.48396          1     6.3128     6.3267       3.45     0.2194     0.3792  1.000e-12  1.7019000    34.6643    34.6653     0.0010    27.1829    27.1837    105.978    106.179     -0.334    1479.18    1479.19  0.000e+00
