ctdpy/exports/archive_20191120_135557/received_data/SBE09_1044_20180531_1457_34_07_0051.cnv
* Sea-Bird SBE 9 Data File:
* FileName = C:\ctd\temp\2018\AU18D051.hex
* Software Version Seasave V 7.26.6.26
* Temperature SN = 5351
* Conductivity SN = 3941
* Number of Bytes Per Scan = 41
* Number of Voltage Words = 4
* Number of Scans Averaged by the Deck Unit = 1
* NMEA Latitude = 58 52.92 N
* NMEA Longitude = 020 19.69 E
* NMEA UTC (Time) = May 31 2018  14:57:02
* NMEA baud rate = 4800
** Station:  BY29
** Operator:  JKro
** Ship: AURA
** Average sound velocity: 1442.72 m/s
** True-depth calculation Thu, 31 May 2018 17:10:26 +0000
** CTD Python Module SMHI /ver 3-12/ feb 2012 
** LIMS Job: 20183407-0051
** Cruise: SMHI-02-2018
** Latitude [GG MM.mm N] :
** Longitude [GG MM.mm E]:
# nquan = 26
# nvalues = 341                         
# units = specified
# name 0 = scan: Scan Count
# name 1 = prDM: Pressure, Digiquartz [db]
# name 2 = t090C: Temperature [ITS-90, deg C]
# name 3 = t190C: Temperature, 2 [ITS-90, deg C]
# name 4 = T2-T190C: Temperature Difference, 2 - 1 [ITS-90, deg C]
# name 5 = c0S/m: Conductivity [S/m]
# name 6 = c1S/m: Conductivity, 2 [S/m]
# name 7 = pumps: Pump Status
# name 8 = sbeox0ML/L: Oxygen, SBE 43 [ml/l]
# name 9 = sbeox1ML/L: Oxygen, SBE 43, 2 [ml/l]
# name 10 = altM: Altimeter [m]
# name 11 = flECO-AFL: Chl-a Fluorescence, WET Labs ECO-AFL/FL [mg/m^3]
# name 12 = flECO-AFL1: Phycocyanin Fluorescence, WET Labs ECO-AFL/FL, 2 [mg/m^3]
# name 13 = par: PAR/Irradiance, Biospherical/Lico [µE/(cm^2*s)]
# name 14 = turbWETntu0: Turbidity, WET Labs ECO [NTU]
# name 15 = sal00: Salinity, Practical [PSU]
# name 16 = sal11: Salinity, Practical, 2 [PSU]
# name 17 = secS-priS: Salinity, Practical, Difference, 2 - 1 [PSU]
# name 18 = sigma-t00: Density [sigma-t, Kg/m^3 ]
# name 19 = sigma-t11: Density, 2 [sigma-t, Kg/m^3 ]
# name 20 = depSM: Depth [salt water, m], lat = 58.882
# name 21 = depFM: Depth [true depth, m], lat = 58.882
# name 22 = dz/dtM: Descent Rate [m/s], WS = 2
# name 23 = svCM: Sound Velocity [Chen-Millero, m/s]
# name 24 = svCM1: Sound Velocity, 2 [Chen-Millero, m/s]
# name 25 = flag: flag
# span 0 =      10349,      19992       
# span 1 =      0.500,    170.500       
# span 2 =     2.3580,    14.1782       
# span 3 =     2.3645,    14.1773       
# span 4 =    -0.0102,     0.1930       
# span 5 =   0.688033,   1.287009       
# span 6 =   0.688190,   1.287000       
# span 7 =          1,          1       
# span 8 =    0.02317,    9.82712       
# span 9 =    0.02083,   10.18106       
# span 10 =       2.97,     104.07      
# span 11 =     0.2516,     6.4323      
# span 12 =     0.1582,     0.6515      
# span 13 = -1.888e-06, 5.0629e+02      
# span 14 =     0.1181,     0.5280      
# span 15 =     6.5867,    11.7817      
# span 16 =     6.5787,    11.7812      
# span 17 =    -0.0092,     0.0027      
# span 18 =     4.4030,     9.2283      
# span 19 =     4.4029,     9.2279      
# span 20 =      0.495,    168.838      
# span 21 =      0.507,    172.363      
# span 22 =     -0.203,      0.623      
# span 23 =    1423.30,    1471.06      
# span 24 =    1423.33,    1471.05      
# span 25 = 0.0000e+00, 0.0000e+00      
# interval = decibars: 0.5              
# start_time = May 31 2018 14:57:02 [NMEA time, first data scan]
# bad_flag = -9.990e-29
*END*
      10349      0.500    14.1718    14.1754     0.0036    0.92991    0.92995          1     8.2660     8.2393      97.38     1.4290     0.3716  4.995e+02  0.4133000     6.7209     6.7206    -0.0003     4.4040     4.4033      0.495      0.507      0.229    1471.01    1471.02  0.000e+00
      10365      1.000    14.1782    14.1773    -0.0009    0.93004    0.92998          1     8.2751     8.2376      97.36     1.4316     0.4140  5.063e+02  0.4143000     6.7208     6.7205    -0.0003     4.4030     4.4029      0.991      1.014      0.623    1471.04    1471.04  0.000e+00
      10386      1.500    14.1750    14.1730    -0.0021    0.92998    0.92989          1     8.2753     8.2352      30.04     1.3679     0.4242  1.918e+02  0.4093000     6.7208     6.7205    -0.0003     4.4035     4.4036      1.486      1.521      0.456    1471.04    1471.03  0.000e+00
      10430      2.000    14.1760    14.1758    -0.0003    0.93000    0.92997          1     8.2719     8.2362     104.07     1.4665     0.3240  8.204e+01  0.4207000     6.7207     6.7206    -0.0002     4.4033     4.4032      1.981      2.028      0.393    1471.05    1471.05  0.000e+00
      10451      2.500    14.1754    14.1722    -0.0032    0.92998    0.92989          1     8.2908     8.2416      97.38     1.5041     0.3488  8.174e+01  0.4271000     6.7207     6.7205    -0.0002     4.4033     4.4037      2.477      2.535      0.548    1471.06    1471.04  0.000e+00
      10474      3.000    14.1632    14.1577    -0.0055    0.92971    0.92956          1     8.3130     8.2666      97.38     1.5689     0.3909  6.891e+01  0.4408000     6.7207     6.7204    -0.0002     4.4052     4.4059      2.972      3.042      0.466    1471.02    1471.00  0.000e+00
      10502      3.500    14.1547    14.1499    -0.0048    0.92953    0.92940          1     8.3233     8.2780      97.39     1.6922     0.3813  5.301e+01  0.5061000     6.7207     6.7205    -0.0002     4.4065     4.4071      3.467      3.549      0.463    1471.00    1470.98  0.000e+00
      10526      4.000    14.1589    14.1531    -0.0058    0.92963    0.92949          1     8.3010     8.2849      97.40     1.7842     0.3395  4.965e+01  0.5280000     6.7207     6.7206    -0.0001     4.4059     4.4067      3.963      4.056      0.501    1471.02    1471.00  0.000e+00
      10549      4.500    14.1504    14.1515     0.0010    0.92945    0.92946          1     8.3104     8.2656      97.45     1.8674     0.3862  4.051e+01  0.4337000     6.7207     6.7206    -0.0001     4.4072     4.4070      4.458      4.563      0.542    1471.00    1471.01  0.000e+00
      10571      5.000    14.1412    14.1454     0.0042    0.92926    0.92933          1     8.3292     8.2571      97.49     1.9618     0.4035  3.523e+01  0.4489000     6.7208     6.7206    -0.0002     4.4087     4.4079      4.953      5.070      0.553    1470.98    1470.99  0.000e+00
      10594      5.500    14.1370    14.1390     0.0020    0.92919    0.92921          1     8.3160     8.2745      97.57     2.0621     0.3620  3.140e+01  0.3922000     6.7209     6.7207    -0.0002     4.4095     4.4090      5.449      5.577      0.439    1470.97    1470.98  0.000e+00
      10626      6.000    14.1322    14.1350     0.0028    0.92910    0.92914          1     8.3109     8.2878      97.55     2.0992     0.4450  2.620e+01  0.3998000     6.7210     6.7208    -0.0002     4.4103     4.4097      5.944      6.084      0.408    1470.96    1470.97  0.000e+00
      10651      6.500    14.1284    14.1249    -0.0035    0.92903    0.92895          1     8.3465     8.2740      97.57     2.1078     0.4293  2.301e+01  0.4597000     6.7211     6.7210    -0.0001     4.4109     4.4114      6.439      6.591      0.522    1470.96    1470.94  0.000e+00
      10673      7.000    14.1291    14.1284    -0.0007    0.92906    0.92903          1     8.3495     8.2724      97.54     2.1725     0.4184  2.076e+01  0.4201000     6.7211     6.7210    -0.0001     4.4109     4.4109      6.935      7.098      0.546    1470.97    1470.97  0.000e+00
      10696      7.500    14.1198    14.1215     0.0016    0.92888    0.92890          1     8.3361     8.2880      97.51     2.2384     0.4393  1.794e+01  0.4196000     6.7213     6.7211    -0.0002     4.4124     4.4121      7.430      7.606      0.485    1470.94    1470.95  0.000e+00
      10723      8.000    14.1077    14.1067    -0.0010    0.92866    0.92862          1     8.3362     8.3060      97.56     2.2182     0.4198  1.554e+01  0.4118000     6.7216     6.7214    -0.0002     4.4146     4.4146      7.925      8.113      0.442    1470.91    1470.91  0.000e+00
      10750      8.500    14.0954    14.0989     0.0036    0.92843    0.92848          1     8.6422     8.5752      97.61     2.2233     0.4372  1.405e+01  0.3756000     6.7219     6.7217    -0.0002     4.4167     4.4160      8.420      8.620      0.463    1470.88    1470.89  0.000e+00
      10774      9.000    14.0756    14.0767     0.0012    0.92805    0.92805          1     9.0589     9.0489      97.53     2.2470     0.3911  1.291e+01  0.3842000     6.7223     6.7221    -0.0002     4.4201     4.4198      8.916      9.127      0.512    1470.81    1470.82  0.000e+00
      10797      9.500    13.9943    13.9983     0.0041    0.92640    0.92645          1     8.1823     8.5834      97.53     2.2784     0.4215  1.114e+01  0.3903000     6.7235     6.7232    -0.0003     4.4335     4.4327      9.411      9.634      0.544    1470.54    1470.55  0.000e+00
      10818     10.000    12.8261    12.9758     0.1502    0.90081    0.90295          1     8.2238     9.2186      97.53     2.4217     0.4335  9.628e+00  0.4323000     6.7246     6.7154    -0.0092     4.6024     4.5747      9.906     10.141      0.540    1466.34    1466.87  0.000e+00
      10841     10.500     9.3002     9.4939     0.1930    0.80868    0.81183          1     9.1535    10.1811      97.56     3.6685     0.5227  9.070e+00  0.4955000     6.5867     6.5787    -0.0080     4.9131     4.8871     10.402     10.647      0.506    1452.78    1453.53  0.000e+00
      10866     11.000     8.5338     8.5534     0.0195    0.79419    0.79432          1     9.5667    10.1790      97.61     3.7319     0.5288  8.299e+00  0.4425000     6.6019     6.5994    -0.0025     4.9993     4.9956     10.897     11.154      0.473    1449.77    1449.85  0.000e+00
      10892     11.500     8.2534     8.2673     0.0141    0.79113    0.79099          1     9.7205     9.9162      97.57     3.5910     0.5057  7.258e+00  0.3921000     6.6268     6.6230    -0.0038     5.0425     5.0384     11.392     11.661      0.479    1448.67    1448.72  0.000e+00
      10916     12.000     8.0514     8.0604     0.0090    0.78685    0.78692          1     9.8271     9.6863      97.56     3.7316     0.4924  6.455e+00  0.3763000     6.6264     6.6253    -0.0011     5.0587     5.0572     11.888     12.168      0.500    1447.86    1447.89  0.000e+00
      10940     12.500     8.0162     8.0227     0.0065    0.78957    0.78965          1     9.6833     9.3910      97.58     3.8611     0.5184  5.916e+00  0.3650000     6.6576     6.6571    -0.0005     5.0860     5.0851     12.383     12.674      0.515    1447.76    1447.78  0.000e+00
      10963     13.000     8.0422     8.0515     0.0093    0.79491    0.79492          1     9.4927     9.2607      97.58     4.1039     0.5547  5.420e+00  0.3732000     6.7009     6.6993    -0.0016     5.1179     5.1158     12.878     13.181      0.522    1447.93    1447.96  0.000e+00
      10986     13.500     7.8045     7.8147     0.0100    0.78979    0.78983          1     9.5579     9.4043      97.53     4.4764     0.5574  4.678e+00  0.3905000     6.6998     6.6982    -0.0016     5.1356     5.1336     13.373     13.688      0.511    1446.96    1447.00  0.000e+00
      11010     14.000     7.5317     7.5397     0.0081    0.78366    0.78370          1     9.6869     9.5683      97.57     4.8856     0.6205  4.098e+00  0.3962000     6.6961     6.6949    -0.0013     5.1532     5.1516     13.869     14.194      0.482    1445.83    1445.87  0.000e+00
      11036     14.500     7.2338     7.2285    -0.0050    0.77694    0.77650          1     9.2607     9.2621      97.48     5.2816     0.6331  3.765e+00  0.3989000     6.6915     6.6885    -0.0031     5.1706     5.1685     14.364     14.701      0.465    1444.60    1444.57  0.000e+00
      11061     15.000     6.3237     6.3456     0.0214    0.75327    0.75316          1     9.0720     9.1803      97.40     5.7754     0.6356  3.345e+00  0.4020000     6.6464     6.6411    -0.0053     5.1913     5.1859     14.859     15.208      0.494    1440.70    1440.79  0.000e+00
      11084     15.500     5.0436     5.0876     0.0441    0.72170    0.72213          1     9.1491     9.2401      97.39     6.2611     0.6492  2.921e+00  0.3988000     6.5939     6.5894    -0.0044     5.2101     5.2049     15.355     15.714      0.532    1435.10    1435.29  0.000e+00
      11107     16.000     4.8510     4.8536     0.0028    0.72037    0.72041          1     9.1737     9.1888      97.36     6.4323     0.6515  2.601e+00  0.3826000     6.6191     6.6190    -0.0001     5.2377     5.2376     15.850     16.221      0.531    1434.30    1434.31  0.000e+00
      11130     16.500     4.4735     4.4919     0.0183    0.71466    0.71473          1     9.2290     9.1455      97.38     6.0180     0.6425  2.301e+00  0.3393000     6.6382     6.6351    -0.0031     5.2649     5.2620     16.345     16.728      0.501    1432.65    1432.73  0.000e+00
      11155     17.000     4.1807     4.1915     0.0107    0.70962    0.70971          1     9.3127     9.1500      97.42     4.3022     0.5174  1.980e+00  0.2997000     6.6468     6.6455    -0.0013     5.2797     5.2785     16.841     17.234      0.467    1431.36    1431.41  0.000e+00
      11181     17.500     4.0013     4.0084     0.0071    0.70699    0.70713          1     9.4812     9.2549      97.53     1.4550     0.3596  1.739e+00  0.2277000     6.6567     6.6567    -0.0000     5.2919     5.2917     17.336     17.741      0.460    1430.58    1430.61  0.000e+00
      11206     18.000     3.9781     3.9852     0.0071    0.70850    0.70861          1     9.3427     9.1023      97.88     0.9990     0.2744  1.507e+00  0.2178000     6.6767     6.6763    -0.0004     5.3083     5.3078     17.831     18.247      0.494    1430.50    1430.54  0.000e+00
      11229     18.500     3.9138     3.9272     0.0134    0.70931    0.70937          1     9.0959     8.9110      98.50     0.8583     0.2285  1.336e+00  0.2173000     6.6979     6.6957    -0.0022     5.3265     5.3244     18.326     18.754      0.542    1430.25    1430.31  0.000e+00
      11251     19.000     3.3377     3.3590     0.0212    0.69829    0.69850          1     9.1507     8.9967      97.64     0.7379     0.2226  1.201e+00  0.2286000     6.7043     6.7019    -0.0023     5.3410     5.3388     18.822     19.260      0.531    1427.64    1427.74  0.000e+00
      11275     19.500     2.9847     2.9984     0.0139    0.69398    0.69421          1     9.0300     8.8522      97.41     0.6675     0.2610  1.079e+00  0.2101000     6.7333     6.7328    -0.0006     5.3677     5.3671     19.317     19.767      0.456    1426.07    1426.13  0.000e+00
      11304     20.000     2.8361     2.8378     0.0018    0.69508    0.69493          1     8.8265     8.6613      97.42     0.5575     0.2525  9.734e-01  0.1783000     6.7760     6.7740    -0.0020     5.4025     5.4009     19.812     20.274      0.431    1425.44    1425.45  0.000e+00
      11330     20.500     2.3686     2.3829     0.0140    0.68803    0.68819          1     8.8160     8.5999      97.41     0.5082     0.2242  8.996e-01  0.1742000     6.8013     6.8000    -0.0014     5.4234     5.4223     20.308     20.780      0.514    1423.30    1423.37  0.000e+00
      11351     21.000     2.3580     2.3645     0.0065    0.69047    0.69055          1     8.7941     8.5445      97.41     0.4487     0.2301  8.249e-01  0.1581000     6.8294     6.8288    -0.0006     5.4458     5.4453     20.803     21.287      0.558    1423.30    1423.33  0.000e+00
      11373     21.500     2.4119     2.4159     0.0041    0.69362    0.69369          1     8.7342     8.4909      97.42     0.4525     0.2421  7.455e-01  0.1681000     6.8511     6.8510    -0.0001     5.4633     5.4632     21.298     21.793      0.513    1423.59    1423.61  0.000e+00
      11399     22.000     2.4673     2.4728     0.0055    0.69704    0.69713          1     8.6517     8.4250      97.42     0.4621     0.2280  6.772e-01  0.1708000     6.8752     6.8751    -0.0002     5.4826     5.4825     21.793     22.300      0.437    1423.89    1423.91  0.000e+00
      11427     22.500     2.5047     2.5099     0.0052    0.69969    0.69980          1     8.6633     8.4494      97.41     0.4376     0.2078  6.393e-01  0.1576000     6.8951     6.8951     0.0000     5.4985     5.4985     22.289     22.806      0.461    1424.10    1424.12  0.000e+00
      11451     23.000     2.6357     2.6345    -0.0012    0.70433    0.70436          1     8.7563     8.5501      97.42     0.4136     0.2307  5.840e-01  0.1462000     6.9156     6.9162     0.0006     5.5148     5.5153     22.784     23.313      0.527    1424.74    1424.74  0.000e+00
      11473     23.500     2.9054     2.8992    -0.0061    0.71226    0.71221          1     8.8118     8.6320      97.42     0.4113     0.2217  5.330e-01  0.1524000     6.9403     6.9411     0.0008     5.5334     5.5340     23.279     23.819      0.523    1426.03    1426.00  0.000e+00
      11498     24.000     3.1325     3.1319    -0.0005    0.71950    0.71951          1     8.7670     8.6214      97.41     0.3993     0.2304  4.863e-01  0.1465000     6.9665     6.9667     0.0003     5.5525     5.5527     23.774     24.325      0.469    1427.12    1427.12  0.000e+00
      11524     24.500     3.1321     3.1331     0.0010    0.72088    0.72081          1     8.7597     8.6441      97.42     0.3886     0.2227  4.531e-01  0.1418000     6.9808     6.9799    -0.0009     5.5639     5.5632     24.270     24.832      0.458    1427.15    1427.15  0.000e+00
      11550     25.000     2.9815     2.9892     0.0078    0.71824    0.71826          1     8.7887     8.6849      97.41     0.3875     0.2403  4.185e-01  0.1464000     6.9860     6.9845    -0.0015     5.5694     5.5682     24.765     25.338      0.489    1426.47    1426.50  0.000e+00
      11574     25.500     2.9505     2.9531     0.0026    0.71856    0.71855          1     8.7313     8.6315      97.42     0.3763     0.2583  3.822e-01  0.1460000     6.9960     6.9954    -0.0006     5.5777     5.5771     25.260     25.845      0.496    1426.34    1426.36  0.000e+00
      11598     26.000     2.7586     2.7689     0.0103    0.71515    0.71517          1     8.6439     8.5270      97.43     0.3736     0.2435  3.458e-01  0.1433000     7.0021     7.0002    -0.0020     5.5836     5.5819     25.756     26.351      0.483    1425.47    1425.52  0.000e+00
      11623     26.500     2.5737     2.5790     0.0053    0.71198    0.71198          1     8.5295     8.3977      97.43     0.3655     0.2341  3.228e-01  0.1328000     7.0093     7.0082    -0.0011     5.5898     5.5890     26.251     26.858      0.469    1424.63    1424.65  0.000e+00
      11649     27.000     2.5222     2.5256     0.0034    0.71173    0.71176          1     8.6531     8.4894      97.43     0.3456     0.2488  3.011e-01  0.1424000     7.0180     7.0176    -0.0004     5.5969     5.5965     26.746     27.364      0.491    1424.41    1424.42  0.000e+00
      11672     27.500     2.7067     2.6971    -0.0096    0.71709    0.71714          1     8.6725     8.5095      97.45     0.3415     0.2503  2.807e-01  0.1479000     7.0337     7.0364     0.0027     5.6089     5.6111     27.241     27.871      0.512    1425.29    1425.25  0.000e+00
