ctdpy/exports/archive_20191120_135557/received_data/SBE09_1044_20181018_0655_34_01_0108.cnv
* Sea-Bird SBE 9 Data File:
* FileName = C:\LUOTAUS\DATA_IN\hex_in\SMHI\ar18d108.hex
* Software Version Seasave V 7.23.2
* Temperature SN = 5351
* Conductivity SN = 3941
* Number of Bytes Per Scan = 30
* Number of Voltage Words = 4
* Number of Scans Averaged by the Deck Unit = 1
* NMEA baud rate = 4800
** Station:  A13
** Operator:  OBac
** Ship: ARANDA
** Average sound velocity: 1497.55 m/s
** True-depth calculation Thu, 18 Oct 2018 07:29:28 +0000
** CTD Python Module SMHI /ver 3-12/ feb 2012 
** LIMS Job: 20183401-0108
** Cruise: SMHI-4-2018
** Latitude [GG MM.mm N]: 58 20.407 N
** Longitude [GG MM.mm E] 11 01.713 E
# nquan = 26
# nvalues = 167                         
# units = specified
# name 0 = scan: Scan Count
# name 1 = prDM: Pressure, Digiquartz [db]
# name 2 = t090C: Temperature [ITS-90, deg C]
# name 3 = t190C: Temperature, 2 [ITS-90, deg C]
# name 4 = T2-T190C: Temperature Difference, 2 - 1 [ITS-90, deg C]
# name 5 = c0S/m: Conductivity [S/m]
# name 6 = c1S/m: Conductivity, 2 [S/m]
# name 7 = pumps: Pump Status
# name 8 = sbeox0ML/L: Oxygen, SBE 43 [ml/l]
# name 9 = sbeox1ML/L: Oxygen, SBE 43, 2 [ml/l]
# name 10 = altM: Altimeter [m]
# name 11 = flECO-AFL: Chl-a Fluorescence, WET Labs ECO-AFL/FL [mg/m^3]
# name 12 = flECO-AFL1: Phycocyanin Fluorescence, WET Labs ECO-AFL/FL, 2 [mg/m^3]
# name 13 = par: PAR/Irradiance, Biospherical/Lico [µE/(cm^2*s)]
# name 14 = turbWETntu0: Turbidity, WET Labs ECO [NTU]
# name 15 = sal00: Salinity, Practical [PSU]
# name 16 = sal11: Salinity, Practical, 2 [PSU]
# name 17 = secS-priS: Salinity, Practical, Difference, 2 - 1 [PSU]
# name 18 = sigma-t00: Density [sigma-t, Kg/m^3 ]
# name 19 = sigma-t11: Density, 2 [sigma-t, Kg/m^3 ]
# name 20 = depSM: Depth [salt water, m], lat = 0
# name 21 = depFM: Depth [true depth, m], lat = 0
# name 22 = dz/dtM: Descent Rate [m/s], WS = 2
# name 23 = svCM: Sound Velocity [Chen-Millero, m/s]
# name 24 = svCM1: Sound Velocity, 2 [Chen-Millero, m/s]
# name 25 = flag: flag
# span 0 =      16050,      19818       
# span 1 =      1.500,     84.500       
# span 2 =    10.6039,    13.2418       
# span 3 =    10.6052,    13.2418       
# span 4 =    -0.0179,     0.0179       
# span 5 =   3.649592,   3.986340       
# span 6 =   3.646720,   3.986365       
# span 7 =          1,          1       
# span 8 =    4.87600,    5.96711       
# span 9 =    4.63144,    5.58471       
# span 10 =       0.27,      83.96      
# span 11 =     0.0940,     1.7511      
# span 12 =     0.1420,     0.3446      
# span 13 = -2.591e-05, 4.4131e+02      
# span 14 =     0.2179,     1.8693      
# span 15 =    30.6861,    34.8575      
# span 16 =    30.6613,    34.8572      
# span 17 =    -0.0808,     0.1560      
# span 18 =    23.0327,    26.7355      
# span 19 =    23.0140,    26.7351      
# span 20 =      1.492,     84.019      
# span 21 =      1.493,     83.937      
# span 22 =     -0.119,      0.872      
# span 23 =    1493.18,    1499.09      
# span 24 =    1493.17,    1499.10      
# span 25 = 0.0000e+00, 0.0000e+00      
# interval = decibars: 0.5              
# start_time = Oct 18 2018 06:55:04 [System UTC, header]
# bad_flag = -9.990e-29
*END*
[from data line 112]
      18553     57.500    12.6154    12.6218     0.0064    3.98409    3.98459          1     5.2544     4.9890      30.13     0.1383     0.2510  1.000e-12  1.2841000    34.2530    34.2520    -0.0010    25.8902    25.8882     57.176     57.143      0.540    1498.97    1498.99  0.000e+00
      18574     58.000    12.5690    12.5696     0.0006    3.98214    3.98205          1     5.2635     4.9851      29.70     0.1333     0.2102  1.000e-12  1.3310000    34.2763    34.2749    -0.0014    25.9173    25.9161     57.673     57.640      0.603    1498.85    1498.85  0.000e+00
      18593     58.500    12.5721    12.5726     0.0005    3.98364    3.98363          1     5.2518     4.9651      29.24     0.1142     0.1992  1.000e-12  1.0522000    34.2877    34.2872    -0.0005    25.9256    25.9251     58.170     58.136      0.653    1498.88    1498.88  0.000e+00
      18611     59.000    12.5743    12.5754     0.0012    3.98529    3.98540          1     5.2333     4.9467      28.83     0.1245     0.1942  1.000e-12  1.1477000    34.3014    34.3013    -0.0001    25.9358    25.9355     58.667     58.633      0.634    1498.91    1498.92  0.000e+00
      18631     59.500    12.5649    12.5659     0.0010    3.98532    3.98540          1     5.2100     4.9317      28.27     0.1205     0.2070  1.000e-12  1.2498000    34.3100    34.3099    -0.0001    25.9443    25.9440     59.165     59.129      0.561    1498.90    1498.90  0.000e+00
      18655     60.000    12.5606    12.5617     0.0010    3.98524    3.98532          1     5.1896     4.9147      27.65     0.1197     0.2452  1.000e-12  1.3626000    34.3129    34.3128    -0.0001    25.9474    25.9471     59.662     59.625      0.487    1498.90    1498.90  0.000e+00
      18680     60.500    12.5543    12.5555     0.0012    3.98504    3.98515          1     5.1882     4.9104      27.08     0.1262     0.2248  1.000e-12  1.4468000    34.3165    34.3165    -0.0000    25.9514    25.9511     60.159     60.122      0.505    1498.89    1498.89  0.000e+00
      18702     61.000    12.5475    12.5489     0.0014    3.98455    3.98467          1     5.1831     4.9170      26.63     0.1247     0.1888  1.000e-12  1.4932000    34.3179    34.3177    -0.0002    25.9538    25.9534     60.656     60.618      0.619    1498.88    1498.88  0.000e+00
      18720     61.500    12.5391    12.5405     0.0014    3.98407    3.98419          1     5.1821     4.9227      26.17     0.1158     0.1957  1.000e-12  1.5218000    34.3207    34.3205    -0.0002    25.9576    25.9572     61.153     61.115      0.663    1498.86    1498.86  0.000e+00
      18738     62.000    12.5143    12.5164     0.0021    3.98274    3.98292          1     5.1993     4.9394      25.79     0.1324     0.2347  1.000e-12  1.5766000    34.3303    34.3302    -0.0001    25.9699    25.9694     61.650     61.611      0.614    1498.79    1498.80  0.000e+00
      18760     62.500    12.4531    12.4554     0.0023    3.98040    3.98046          1     5.2190     4.9592      25.19     0.1443     0.1962  1.000e-12  1.4855000    34.3636    34.3621    -0.0015    26.0077    26.0060     62.147     62.107      0.509    1498.64    1498.64  0.000e+00
      18786     63.000    12.4165    12.4200     0.0034    3.97981    3.97998          1     5.2170     4.9502      24.62     0.1362     0.1930  1.000e-12  1.3346000    34.3912    34.3896    -0.0016    26.0362    26.0343     62.644     62.604      0.467    1498.55    1498.56  0.000e+00
      18810     63.500    12.3410    12.3469     0.0060    3.97520    3.97561          1     5.2189     4.9518      24.13     0.1317     0.1795  1.000e-12  1.2211000    34.4157    34.4143    -0.0014    26.0698    26.0676     63.141     63.100      0.569    1498.34    1498.35  0.000e+00
      18829     64.000    12.2101    12.2162     0.0060    3.96735    3.96772          1     5.2059     4.9417      23.76     0.1348     0.2324  1.000e-12  1.1452000    34.4600    34.4579    -0.0021    26.1294    26.1266     63.639     63.596      0.646    1497.95    1497.97  0.000e+00
      18847     64.500    12.1725    12.1746     0.0021    3.96515    3.96530          1     5.1752     4.9211      23.39     0.1146     0.2691  1.000e-12  1.0824000    34.4731    34.4727    -0.0005    26.1469    26.1461     64.136     64.093      0.635    1497.85    1497.86  0.000e+00
      18867     65.000    12.0940    12.1060     0.0119    3.96157    3.96216          1     5.1530     4.8949      22.89     0.1150     0.1940  1.000e-12  1.0923000    34.5106    34.5052    -0.0053    26.1910    26.1845     64.633     64.589      0.568    1497.63    1497.67  0.000e+00
      18889     65.500    11.9658    11.9686     0.0028    3.95458    3.95475          1     5.1276     4.8650      22.25     0.1224     0.1801  1.000e-12  1.1619000    34.5611    34.5601    -0.0010    26.2547    26.2534     65.130     65.085      0.534    1497.27    1497.27  0.000e+00
      18911     66.000    11.9483    11.9509     0.0025    3.95361    3.95377          1     5.1063     4.8500      21.72     0.1260     0.2419  1.000e-12  1.2101000    34.5676    34.5668    -0.0008    26.2631    26.2619     65.627     65.581      0.590    1497.22    1497.23  0.000e+00
      18930     66.500    11.9206    11.9225     0.0020    3.95216    3.95227          1     5.1123     4.8505      21.25     0.1260     0.2534  1.000e-12  1.2334000    34.5789    34.5782    -0.0007    26.2771    26.2762     66.124     66.078      0.625    1497.15    1497.15  0.000e+00
      18950     67.000    11.9158    11.9172     0.0014    3.95197    3.95207          1     5.1189     4.8564      20.77     0.1260     0.2395  1.000e-12  1.2943000    34.5814    34.5810    -0.0004    26.2799    26.2794     66.621     66.574      0.549    1497.14    1497.15  0.000e+00
      18978     67.500    11.9086    11.9131     0.0045    3.95160    3.95194          1     5.1179     4.8573      20.14     0.1289     0.2447  1.000e-12  1.2886000    34.5842    34.5834    -0.0008    26.2835    26.2820     67.118     67.070      0.365    1497.13    1497.14  0.000e+00
      19012     68.000    11.9007    11.9020     0.0014    3.95109    3.95119          1     5.1195     4.8557      19.62     0.1305     0.2180  1.000e-12  1.2684000    34.5864    34.5862    -0.0002    26.2867    26.2863     67.615     67.566      0.510    1497.12    1497.12  0.000e+00
      19030     68.500    11.8763    11.8776     0.0013    3.94935    3.94948          1     5.1135     4.8411      19.26     0.1137     0.2354  1.000e-12  1.2799000    34.5918    34.5919     0.0001    26.2955    26.2953     68.112     68.063      0.778    1497.04    1497.05  0.000e+00
      19044     69.000    11.8541    11.8559     0.0019    3.94780    3.94799          1     5.0906     4.8259      18.90     0.1056     0.2223  1.000e-12  1.2670000    34.5971    34.5973     0.0001    26.3039    26.3036     68.609     68.559      0.872    1496.98    1496.99  0.000e+00
      19057     69.500    11.8266    11.8282     0.0016    3.94577    3.94597          1     5.0657     4.8143      18.02     0.1026     0.2218  1.000e-12  1.2648000    34.6025    34.6030     0.0005    26.3132    26.3133     69.107     69.055      0.831    1496.90    1496.91  0.000e+00
      19073     70.000    11.7572    11.7602     0.0031    3.94064    3.94087          1     5.0418     4.8082      17.70     0.1245     0.2218  1.000e-12  1.2710000    34.6168    34.6162    -0.0006    26.3374    26.3364     69.604     69.551      0.640    1496.69    1496.70  0.000e+00
      19101     70.500    11.7005    11.7055     0.0050    3.93628    3.93678          1     5.0322     4.7974      17.15     0.1168     0.2514  1.000e-12  1.2486000    34.6267    34.6269     0.0003    26.3557    26.3550     70.101     70.047      0.367    1496.52    1496.53  0.000e+00
      19135     71.000    11.6734    11.6752     0.0019    3.93417    3.93432          1     5.0393     4.7813      16.66     0.1136     0.2292  1.000e-12  1.1658000    34.6310    34.6308    -0.0002    26.3642    26.3637     70.598     70.544      0.481    1496.44    1496.44  0.000e+00
      19155     71.500    11.6515    11.6567     0.0051    3.93257    3.93298          1     5.0480     4.7744      16.30     0.1034     0.2798  1.000e-12  1.2634000    34.6356    34.6348    -0.0009    26.3719    26.3703     71.095     71.040      0.680    1496.37    1496.39  0.000e+00
      19171     72.000    11.6386    11.6406     0.0021    3.93161    3.93181          1     5.0471     4.7738      15.95     0.1054     0.2301  1.000e-12  1.2414000    34.6380    34.6380     0.0000    26.3762    26.3758     71.592     71.536      0.744    1496.34    1496.35  0.000e+00
      19187     72.500    11.6100    11.6119     0.0018    3.92955    3.92973          1     5.0326     4.7699      15.45     0.1073     0.2050  1.000e-12  1.2399000    34.6442    34.6442     0.0001    26.3863    26.3860     72.089     72.032      0.699    1496.26    1496.26  0.000e+00
      19206     73.000    11.5621    11.5607    -0.0014    3.92610    3.92602          1     5.0145     4.7682      14.85     0.1066     0.1790  1.000e-12  1.2540000    34.6549    34.6553     0.0005    26.4035    26.4042     72.586     72.528      0.564    1496.11    1496.11  0.000e+00
      19231     73.500    11.5005    11.4876    -0.0129    3.92150    3.92068          1     4.9976     4.7548      14.24     0.1081     0.1920  1.000e-12  1.3556000    34.6670    34.6710     0.0040    26.4245    26.4300     73.083     73.024      0.437    1495.92    1495.88  0.000e+00
      19259     74.000    11.3801    11.3855     0.0054    3.91325    3.91366          1     4.9809     4.7391      13.73     0.1377     0.2485  1.000e-12  1.3723000    34.6983    34.6973    -0.0010    26.4711    26.4693     73.580     73.521      0.462    1495.55    1495.57  0.000e+00
      19283     74.500    11.2438    11.2446     0.0008    3.90380    3.90397          1     4.9416     4.7105      13.34     0.1257     0.2220  1.000e-12  1.3965000    34.7328    34.7337     0.0009    26.5231    26.5236     74.077     74.017      0.546    1495.13    1495.13  0.000e+00
      19304     75.000    11.1503    11.1511     0.0009    3.89721    3.89737          1     4.9101     4.6859      12.88     0.1045     0.2211  1.000e-12  1.5484000    34.7552    34.7561     0.0008    26.5576    26.5581     74.574     74.513      0.613    1494.84    1494.84  0.000e+00
      19322     75.500    10.9711    10.9755     0.0044    3.88427    3.88460          1     4.8977     4.6747      12.43     0.1050     0.2331  1.000e-12  1.5278000    34.7957    34.7949    -0.0008    26.6217    26.6202     75.072     75.009      0.660    1494.27    1494.28  0.000e+00
      19340     76.000    10.8836    10.8779    -0.0059    3.87778    3.87741          1     4.8975     4.6706      11.97     0.1081     0.2511  1.000e-12  1.5154000    34.8137    34.8154     0.0017    26.6514    26.6538     75.569     75.505      0.662    1493.99    1493.97  0.000e+00
      19359     76.500    10.8147    10.8087    -0.0061    3.87250    3.87212          1     4.9086     4.6680      11.48     0.1262     0.1994  1.000e-12  1.5266000    34.8260    34.8279     0.0019    26.6734    26.6759     76.066     76.001      0.602    1493.77    1493.75  0.000e+00
      19381     77.000    10.7960    10.8063     0.0104    3.87106    3.87184          1     4.9106     4.6623      10.96     0.0956     0.2204  1.000e-12  1.5054000    34.8291    34.8272    -0.0019    26.6792    26.6759     76.563     76.497      0.503    1493.72    1493.75  0.000e+00
      19407     77.500    10.7816    10.7946     0.0131    3.87001    3.87094          1     4.9025     4.6522      10.50     0.1040     0.2435  1.000e-12  1.4753000    34.8321    34.8291    -0.0030    26.6841    26.6794     77.060     76.993      0.465    1493.68    1493.72  0.000e+00
      19431     78.000    10.7720    10.7789     0.0068    3.86928    3.86980          1     4.9093     4.6532       9.97     0.1267     0.2664  1.000e-12  1.5046000    34.8338    34.8324    -0.0014    26.6871    26.6848     77.557     77.489      0.545    1493.66    1493.68  0.000e+00
      19451     78.500    10.7481    10.7523     0.0041    3.86746    3.86776          1     4.9026     4.6470       9.51     0.1181     0.2595  1.000e-12  1.5809000    34.8379    34.8370    -0.0009    26.6947    26.6932     78.054     77.985      0.624    1493.59    1493.60  0.000e+00
      19470     79.000    10.7358    10.7370     0.0013    3.86653    3.86666          1     4.8989     4.6421       9.05     0.1196     0.2083  1.000e-12  1.6121000    34.8402    34.8403     0.0001    26.6986    26.6985     78.551     78.481      0.647    1493.55    1493.56  0.000e+00
      19488     79.500    10.7217    10.7244     0.0026    3.86544    3.86572          1     4.8913     4.6421       8.61     0.1265     0.2192  1.000e-12  1.6167000    34.8424    34.8427     0.0003    26.7028    26.7026     79.048     78.977      0.627    1493.51    1493.52  0.000e+00
      19508     80.000    10.6832    10.6876     0.0044    3.86235    3.86270          1     4.8877     4.6410       8.14     0.1140     0.2290  1.000e-12  1.6173000    34.8478    34.8472    -0.0007    26.7139    26.7126     79.545     79.473      0.589    1493.39    1493.41  0.000e+00
      19529     80.500    10.6831    10.6863     0.0032    3.86245    3.86264          1     4.8883     4.6362       7.66     0.1066     0.2238  1.000e-12  1.6115000    34.8487    34.8475    -0.0012    26.7147    26.7131     80.042     79.969      0.544    1493.40    1493.41  0.000e+00
      19552     81.000    10.6730    10.6693    -0.0037    3.86154    3.86127          1     4.8879     4.6375       7.18     0.1048     0.2004  1.000e-12  1.6260000    34.8490    34.8498     0.0008    26.7166    26.7179     80.539     80.465      0.529    1493.38    1493.36  0.000e+00
      19575     81.500    10.6461    10.6479     0.0017    3.85936    3.85944          1     4.8937     4.6368       6.73     0.1099     0.2507  1.000e-12  1.6119000    34.8525    34.8516    -0.0009    26.7241    26.7231     81.036     80.961      0.556    1493.29    1493.30  0.000e+00
      19596     82.000    10.6166    10.6184     0.0018    3.85689    3.85704          1     4.8998     4.6346       6.28     0.1137     0.1824  1.000e-12  1.5857000    34.8555    34.8553    -0.0002    26.7318    26.7313     81.533     81.457      0.557    1493.20    1493.21  0.000e+00
      19618     82.500    10.6101    10.6067    -0.0033    3.85635    3.85604          1     4.9000     4.6314       5.80     0.1043     0.2102  1.000e-12  1.5894000    34.8561    34.8563     0.0002    26.7334    26.7341     82.030     81.953      0.494    1493.19    1493.17  0.000e+00
      19645     83.000    10.6039    10.6060     0.0021    3.85589    3.85602          1     4.8835     4.6320       5.29     0.1088     0.2117  1.000e-12  1.7005000    34.8571    34.8564    -0.0007    26.7352    26.7343     82.527     82.449      0.439    1493.18    1493.18  0.000e+00
      19671     83.500    10.6045    10.6052     0.0007    3.85597    3.85602          1     4.8760     4.6336       4.84     0.1134     0.2069  1.000e-12  1.8693000    34.8572    34.8569    -0.0002    26.7352    26.7349     83.024     82.945      0.552    1493.18    1493.19  0.000e+00
      19690     84.000    10.6041    10.6052     0.0011    3.85598    3.85606          1     4.8777     4.6339       4.40     0.1048     0.2206  1.000e-12  1.7085000    34.8575    34.8572    -0.0003    26.7355    26.7351     83.522     83.441      0.557    1493.19    1493.20  0.000e+00
      19818     84.500    10.6616    10.6432    -0.0179    3.86038    3.85922          1     4.9010     4.6416       3.56     0.1387     0.2053  1.000e-12  1.4695000    34.8465    34.8525     0.0059    26.7167    26.7246     84.019     83.937     -0.119    1493.39    1493.33  0.000e+00
