ctdpy/exports/archive_20191120_135557/received_data/SBE09_0827_20181006_0944_26_01_1025.cnv
* Sea-Bird SBE 9 Data File:
* FileName = D:\CTD_SBE911\DAT\26DA.2018.10.25.hex
* Software Version Seasave V 7.21d
* Temperature SN = 4548
* Conductivity SN = 3062
* Number of Bytes Per Scan = 48
* Number of Voltage Words = 5
* Number of Scans Averaged by the Deck Unit = 1
* NMEA Latitude = 57 40.77 N
* NMEA Longitude = 017 24.31 E
* NMEA UTC (Time) = Oct 06 2018  09:46:55
* NMEA baud rate = 4800
** Ship: DANA
** Average sound velocity: 1445.36 m/s
** True-depth calculation Thu, 28 Mar 2019 12:18:51 +0000
** CTD Python Module SMHI /ver 3-12/ feb 2012 
** LIMS Job: 20182601-1025
** Operator: Christian
** Cruise: 10/2018
# nquan = 26
# nvalues = 298                         
# units = specified
# name 0 = scan: Scan Count
# name 1 = prDM: Pressure, Digiquartz [db]
# name 2 = t090C: Temperature [ITS-90, deg C]
# name 3 = t190C: Temperature, 2 [ITS-90, deg C]
# name 4 = T2-T190C: Temperature Difference, 2 - 1 [ITS-90, deg C]
# name 5 = c0S/m: Conductivity [S/m]
# name 6 = c1S/m: Conductivity, 2 [S/m]
# name 7 = pumps: Pump Status
# name 8 = sbeox1ML/L: Oxygen, SBE 43, 2 [ml/l]
# name 9 = sbeox0ML/L: Oxygen, SBE 43 [ml/l]
# name 10 = altM: Altimeter [m]
# name 11 = chloroflTC0: Chlorophyll, Turner Cyclops [ug/l]
# name 12 = cpar: CPAR/Corrected Irradiance [%]
# name 13 = par: PAR/Irradiance, Biospherical/Lico [µE/(cm^2*s)]
# name 14 = spar: SPAR, Biospherical/Licor
# name 15 = sal00: Salinity, Practical [PSU]
# name 16 = sal11: Salinity, Practical, 2 [PSU]
# name 17 = secS-priS: Salinity, Practical, Difference, 2 - 1 [PSU]
# name 18 = sigma-t00: Density [sigma-t, kg/m^3 ]
# name 19 = sigma-t11: Density, 2 [sigma-t, kg/m^3 ]
# name 20 = depSM: Depth [salt water, m], lat = 57.6795
# name 21 = depFM: Depth [true depth, m], lat = 57.6795
# name 22 = dz/dtM: Descent Rate [m/s], WS = 2
# name 23 = svCM: Sound Velocity [Chen-Millero, m/s]
# name 24 = svCM1: Sound Velocity, 2 [Chen-Millero, m/s]
# name 25 = flag: flag
# span 0 =        208,      12779       
# span 1 =      1.500,    150.000       
# span 2 =     4.2670,    10.0119       
# span 3 =     4.2337,    10.0123       
# span 4 =    -0.4351,     0.2112       
# span 5 =   0.789499,   1.182172       
# span 6 =   0.787614,   1.182174       
# span 7 =          1,          1       
# span 8 =     0.0259,     7.5154       
# span 9 =     0.0232,     6.9961       
# span 10 =       0.55,      10.26      
# span 11 =     0.0162,     0.0339      
# span 12 = -2.610e-04, 8.3715e+00      
# span 13 = -1.086e-03, 3.3436e+01      
# span 14 = 3.9195e+02, 4.8943e+02      
# span 15 =     7.0282,    10.8933      
# span 16 =     7.0284,    10.8929      
# span 17 =    -0.0861,     0.1104      
# span 18 =     5.1893,     8.5596      
# span 19 =     5.1894,     8.5592      
# span 20 =      1.486,    148.559      
# span 21 =      1.520,    151.648      
# span 22 =      0.067,      0.685      
# span 23 =    1433.35,    1456.18      
# span 24 =    1433.17,    1456.17      
# span 25 = 0.0000e+00, 0.0000e+00      
# interval = decibars: 0.5              
# start_time = Oct 06 2018 09:46:55 [NMEA time, first data scan]
# bad_flag = -9.990e-29
*END*
[from data line 112]
       5282     57.500     5.2419     5.1875    -0.0544    1.04643    1.03637          1     0.1085     0.1760       9.97     0.0166  2.160e-13  1.000e-12  4.630e+02     9.7683     9.6828    -0.0855     7.7125     7.6477     56.961     58.219      0.299    1440.68    1440.33  0.000e+00
       5313     58.000     5.2725     5.2621    -0.0105    1.05122    1.04896          1     0.1071     0.1355       9.97     0.0169  2.159e-13  1.000e-12  4.631e+02     9.8075     9.7877    -0.0198     7.7420     7.7269     57.456     58.725      0.414    1440.87    1440.80  0.000e+00
       5350     58.500     5.2820     5.2694    -0.0126    1.05280    1.05072          1     0.1115     0.1103       9.97     0.0171  2.151e-13  1.000e-12  4.650e+02     9.8205     9.8032    -0.0173     7.7517     7.7387     57.951     59.230      0.263    1440.93    1440.86  0.000e+00
       5409     59.000     5.2973     5.2775    -0.0197    1.05543    1.05200          1     0.1126     0.1002       9.97     0.0171  2.150e-13  1.000e-12  4.651e+02     9.8424     9.8136    -0.0288     7.7683     7.7465     58.446     59.736      0.311    1441.04    1440.91  0.000e+00
       5439     59.500     5.3628     5.3521    -0.0107    1.06774    1.06512          1     0.1083     0.0956       9.97     0.0171  2.150e-13  1.000e-12  4.651e+02     9.9468     9.9235    -0.0233     7.8473     7.8295     58.942     60.241      0.345    1441.46    1441.38  0.000e+00
       5504     60.000     5.4255     5.3752    -0.0504    1.07879    1.06873          1     0.1007     0.0918       9.97     0.0171  2.143e-13  1.000e-12  4.666e+02    10.0390     9.9529    -0.0861     7.9168     7.8514     59.437     60.746      0.272    1441.86    1441.53  0.000e+00
       5544     60.500     5.4570     5.4439    -0.0131    1.08405    1.08161          1     0.1050     0.0879       9.97     0.0171  2.141e-13  1.000e-12  4.671e+02    10.0822    10.0617    -0.0206     7.9492     7.9337     59.932     61.251      0.426    1442.05    1441.97  0.000e+00
       5574     61.000     5.4750     5.4633    -0.0117    1.08716    1.08505          1     0.1026     0.0842       9.97     0.0171  2.141e-13  1.000e-12  4.671e+02    10.1080    10.0903    -0.0177     7.9686     7.9553     60.427     61.757      0.312    1442.17    1442.10  0.000e+00
       5633     61.500     5.4931     5.4569    -0.0362    1.09037    1.08431          1     0.0952     0.0831       9.97     0.0171  2.137e-13  1.000e-12  4.680e+02    10.1346    10.0847    -0.0499     7.9886     7.9512     60.923     62.262      0.270    1442.29    1442.07  0.000e+00
       5669     62.000     5.5056     5.4895    -0.0161    1.09257    1.08989          1     0.0947     0.0812       9.97     0.0172  2.132e-13  1.000e-12  4.691e+02    10.1528    10.1308    -0.0220     8.0023     7.9858     61.418     62.767      0.353    1442.38    1442.28  0.000e+00
       5710     62.500     5.5384     5.5099    -0.0285    1.09873    1.09334          1     0.0920     0.0784       9.97     0.0171  2.132e-13  1.000e-12  4.691e+02    10.2045    10.1592    -0.0454     8.0413     8.0071     61.913     63.272      0.247    1442.59    1442.41  0.000e+00
       5763     63.000     5.5573     5.5314    -0.0259    1.10167    1.09727          1     0.0914     0.0769       9.97     0.0171  2.132e-13  1.000e-12  4.691e+02    10.2282    10.1920    -0.0362     8.0589     8.0318     62.408     63.778      0.252    1442.71    1442.55  0.000e+00
       5812     63.500     5.5606     5.5509    -0.0097    1.10221    1.10061          1     0.0855     0.0781       9.97     0.0171  2.125e-13  1.000e-12  4.706e+02    10.2325    10.2194    -0.0131     8.0621     8.0523     62.904     64.283      0.219    1442.74    1442.68  0.000e+00
       5864     64.000     5.5682     5.5587    -0.0096    1.10353    1.10193          1     0.0876     0.0766       9.97     0.0171  2.122e-13  1.000e-12  4.712e+02    10.2433    10.2302    -0.0131     8.0702     8.0604     63.399     64.788      0.294    1442.79    1442.73  0.000e+00
       5898     64.500     5.5734     5.5644    -0.0090    1.10444    1.10291          1     0.0822     0.0755       9.97     0.0171  2.122e-13  1.000e-12  4.711e+02    10.2508    10.2382    -0.0126     8.0758     8.0664     63.894     65.293      0.368    1442.83    1442.78  0.000e+00
       5938     65.000     5.5749     5.5708    -0.0042    1.10472    1.10400          1     0.0826     0.0751       9.97     0.0171  2.118e-13  1.000e-12  4.721e+02    10.2531    10.2471    -0.0060     8.0775     8.0731     64.389     65.798      0.237    1442.85    1442.82  0.000e+00
       5995     65.500     5.5754     5.5705    -0.0050    1.10472    1.10413          1     0.0816     0.0714       9.97     0.0171  2.113e-13  1.000e-12  4.732e+02    10.2529    10.2484    -0.0045     8.0773     8.0741     64.884     66.303      0.256    1442.86    1442.83  0.000e+00
       6034     66.000     5.5758     5.5739    -0.0019    1.10479    1.10455          1     0.0769     0.0711       9.97     0.0171  2.112e-13  1.000e-12  4.735e+02    10.2533    10.2515    -0.0018     8.0777     8.0763     65.380     66.809      0.296    1442.87    1442.86  0.000e+00
       6087     66.500     5.5782     5.5752    -0.0030    1.10521    1.10473          1     0.0775     0.0712       9.97     0.0171  2.104e-13  1.000e-12  4.752e+02    10.2568    10.2528    -0.0039     8.0803     8.0773     65.875     67.314      0.203    1442.89    1442.87  0.000e+00
       6137     67.000     5.5882     5.5782    -0.0100    1.10705    1.10523          1     0.0792     0.0683       9.97     0.0171  2.104e-13  1.000e-12  4.752e+02    10.2720    10.2568    -0.0152     8.0917     8.0803     66.370     67.819      0.316    1442.96    1442.90  0.000e+00
       6173     67.500     5.6012     5.5876    -0.0136    1.10953    1.10687          1     0.0770     0.0707       9.97     0.0171  2.097e-13  1.000e-12  4.769e+02    10.2928    10.2703    -0.0224     8.1074     8.0904     66.865     68.324      0.302    1443.05    1442.97  0.000e+00
       6221     68.000     5.6105     5.6009    -0.0096    1.11133    1.10942          1     0.0703     0.0684       9.97     0.0170  2.095e-13  1.000e-12  4.772e+02    10.3079    10.2917    -0.0161     8.1187     8.1066     67.361     68.829      0.224    1443.12    1443.06  0.000e+00
       6270     68.500     5.6191     5.6080    -0.0111    1.11293    1.11077          1     0.0723     0.0654       9.97     0.0171  2.089e-13  1.000e-12  4.788e+02    10.3212    10.3030    -0.0182     8.1288     8.1150     67.856     69.335      0.321    1443.18    1443.11  0.000e+00
       6305     69.000     5.6246     5.6159    -0.0087    1.11394    1.11228          1     0.0732     0.0654       9.97     0.0171  2.086e-13  1.000e-12  4.793e+02    10.3295    10.3155    -0.0140     8.1350     8.1245     68.351     69.840      0.282    1443.22    1443.17  0.000e+00
       6372     69.500     5.6307     5.6214    -0.0093    1.11502    1.11330          1     0.0692     0.0648       9.97     0.0171  2.084e-13  1.000e-12  4.799e+02    10.3383    10.3240    -0.0144     8.1416     8.1308     68.846     70.345      0.266    1443.27    1443.21  0.000e+00
       6409     70.000     5.6325     5.6293    -0.0031    1.11533    1.11478          1     0.0667     0.0654       9.97     0.0171  2.078e-13  1.000e-12  4.813e+02    10.3408    10.3363    -0.0046     8.1435     8.1401     69.341     70.850      0.384    1443.29    1443.27  0.000e+00
       6451     70.500     5.6334     5.6313    -0.0021    1.11558    1.11513          1     0.0664     0.0652       9.97     0.0171  2.078e-13  1.000e-12  4.813e+02    10.3430    10.3391    -0.0039     8.1451     8.1422     69.837     71.355      0.238    1443.30    1443.29  0.000e+00
       6510     71.000     5.6398     5.6348    -0.0050    1.11685    1.11583          1     0.0682     0.0635       9.97     0.0171  2.072e-13  1.000e-12  4.826e+02    10.3537    10.3450    -0.0087     8.1532     8.1466     70.332     71.860      0.313    1443.35    1443.32  0.000e+00
       6545     71.500     5.6600     5.6426    -0.0174    1.12081    1.11722          1     0.0687     0.0656       9.97     0.0171  2.069e-13  1.000e-12  4.833e+02    10.3869    10.3565    -0.0305     8.1783     8.1552     70.827     72.365      0.289    1443.49    1443.38  0.000e+00
       6599     72.000     5.6746     5.6585    -0.0161    1.12348    1.12043          1     0.0682     0.0626       9.97     0.0171  2.069e-13  1.000e-12  4.833e+02    10.4090    10.3835    -0.0256     8.1949     8.1756     71.322     72.871      0.217    1443.59    1443.49  0.000e+00
       6644     72.500     5.6834     5.6705    -0.0129    1.12518    1.12257          1     0.0667     0.0646       9.97     0.0171  2.064e-13  1.000e-12  4.844e+02    10.4233    10.4012    -0.0221     8.2056     8.1889     71.817     73.376      0.277    1443.65    1443.57  0.000e+00
       6697     73.000     5.7169     5.6851    -0.0317    1.13182    1.12558          1     0.0612     0.0603       9.97     0.0171  2.060e-13  1.000e-12  4.854e+02    10.4792    10.4266    -0.0526     8.2477     8.2081     72.313     73.881      0.224    1443.87    1443.67  0.000e+00
       6741     73.500     5.7287     5.7086    -0.0201    1.13419    1.13013          1     0.0641     0.0605       9.97     0.0171  2.060e-13  1.000e-12  4.854e+02    10.4992    10.4648    -0.0344     8.2628     8.2368     72.808     74.386      0.319    1443.96    1443.83  0.000e+00
       6783     74.000     5.7341     5.7258    -0.0084    1.13517    1.13351          1     0.0622     0.0611       9.97     0.0171  2.060e-13  1.000e-12  4.854e+02    10.5072    10.4932    -0.0140     8.2687     8.2582     73.303     74.891      0.251    1444.00    1443.94  0.000e+00
       6832     74.500     5.7457     5.7289    -0.0167    1.13787    1.13430          1     0.0604     0.0619       9.97     0.0171  2.060e-13  1.000e-12  4.854e+02    10.5305    10.5000    -0.0305     8.2864     8.2634     73.798     75.396      0.283    1444.08    1443.97  0.000e+00
       6870     75.000     5.7636     5.7443    -0.0193    1.14206    1.13748          1     0.0622     0.0582       9.97     0.0171  2.054e-13  1.000e-12  4.868e+02    10.5667    10.5269    -0.0397     8.3139     8.2837     74.293     75.901      0.289    1444.21    1444.08  0.000e+00
       6928     75.500     5.7691     5.7544    -0.0146    1.14314    1.14008          1     0.0597     0.0597       9.97     0.0171  2.052e-13  1.000e-12  4.874e+02    10.5756    10.5496    -0.0260     8.3206     8.3010     74.789     76.406      0.231    1444.26    1444.16  0.000e+00
       6971     76.000     5.7713     5.7652    -0.0060    1.14361    1.14230          1     0.0577     0.0594       9.97     0.0171  2.052e-13  1.000e-12  4.874e+02    10.5796    10.5683    -0.0112     8.3236     8.3151     75.284     76.911      0.343    1444.28    1444.24  0.000e+00
       7017     76.500     5.7726     5.7689    -0.0037    1.14394    1.14311          1     0.0574     0.0579       9.97     0.0171  2.052e-13  1.000e-12  4.874e+02    10.5824    10.5752    -0.0071     8.3257     8.3203     75.779     77.416      0.235    1444.30    1444.27  0.000e+00
       7073     77.000     5.7734     5.7714    -0.0021    1.14412    1.14373          1     0.0566     0.0565       9.97     0.0171  2.052e-13  1.000e-12  4.874e+02    10.5838    10.5806    -0.0032     8.3268     8.3244     76.274     77.921      0.357    1444.31    1444.30  0.000e+00
       7102     77.500     5.7741     5.7729    -0.0012    1.14427    1.14399          1     0.0577     0.0566       9.97     0.0171  2.051e-13  1.000e-12  4.876e+02    10.5850    10.5826    -0.0024     8.3277     8.3259     76.769     78.427      0.325    1444.32    1444.32  0.000e+00
       7162     78.000     5.7769     5.7741    -0.0028    1.14497    1.14434          1     0.0567     0.0557       9.97     0.0171  2.044e-13  1.000e-12  4.893e+02    10.5910    10.5856    -0.0054     8.3323     8.3282     77.265     78.932      0.298    1444.35    1444.33  0.000e+00
       7196     78.500     5.7805     5.7776    -0.0029    1.14579    1.14506          1     0.0575     0.0578       9.97     0.0171  2.043e-13  1.000e-12  4.894e+02    10.5980    10.5917    -0.0064     8.3376     8.3328     77.760     79.437      0.381    1444.38    1444.36  0.000e+00
       7248     79.000     5.7828     5.7796    -0.0032    1.14623    1.14550          1     0.0566     0.0561       9.97     0.0171  2.043e-13  1.000e-12  4.894e+02    10.6016    10.5953    -0.0063     8.3403     8.3355     78.255     79.942      0.232    1444.40    1444.38  0.000e+00
       7304     79.500     5.7853     5.7828    -0.0025    1.14687    1.14617          1     0.0562     0.0564       9.97     0.0171  2.043e-13  1.000e-12  4.894e+02    10.6071    10.6009    -0.0061     8.3444     8.3398     78.750     80.447      0.331    1444.43    1444.41  0.000e+00
       7338     80.000     5.7877     5.7848    -0.0029    1.14744    1.14666          1     0.0515     0.0553       9.97     0.0171  2.043e-13  1.000e-12  4.894e+02    10.6120    10.6051    -0.0069     8.3481     8.3429     79.245     80.952      0.328    1444.46    1444.43  0.000e+00
       7382     80.500     5.7899     5.7875    -0.0025    1.14791    1.14730          1     0.0512     0.0565       9.97     0.0171  2.043e-13  1.000e-12  4.894e+02    10.6159    10.6106    -0.0053     8.3511     8.3471     79.741     81.457      0.229    1444.48    1444.46  0.000e+00
       7438     81.000     5.7930     5.7894    -0.0035    1.14855    1.14774          1     0.0529     0.0555       9.97     0.0171  2.043e-13  1.000e-12  4.894e+02    10.6213    10.6142    -0.0070     8.3552     8.3498     80.236     81.962      0.243    1444.50    1444.48  0.000e+00
       7478     81.500     5.7941     5.7919    -0.0021    1.14876    1.14826          1     0.0521     0.0549       9.97     0.0171  2.043e-13  1.000e-12  4.894e+02    10.6229    10.6186    -0.0043     8.3564     8.3531     80.731     82.467      0.335    1444.52    1444.51  0.000e+00
       7520     82.000     5.7973     5.7942    -0.0031    1.14968    1.14876          1     0.0521     0.0547       9.97     0.0171  2.043e-13  1.000e-12  4.894e+02    10.6310    10.6227    -0.0082     8.3625     8.3562     81.226     82.972      0.222    1444.55    1444.53  0.000e+00
       7588     82.500     5.8041     5.7985    -0.0056    1.15139    1.14993          1     0.0526     0.0536       9.97     0.0171  2.043e-13  1.000e-12  4.894e+02    10.6458    10.6330    -0.0129     8.3739     8.3641     81.721     83.477      0.324    1444.61    1444.57  0.000e+00
       7618     83.000     5.8129     5.8047    -0.0082    1.15300    1.15128          1     0.0526     0.0554       9.97     0.0171  2.043e-13  1.000e-12  4.894e+02    10.6590    10.6445    -0.0146     8.3837     8.3727     82.216     83.982      0.338    1444.67    1444.62  0.000e+00
       7670     83.500     5.8207     5.8103    -0.0104    1.15433    1.15227          1     0.0519     0.0539       9.97     0.0171  2.043e-13  1.000e-12  4.894e+02    10.6698    10.6525    -0.0172     8.3917     8.3787     82.712     84.487      0.240    1444.72    1444.66  0.000e+00
       7712     84.000     5.8252     5.8185    -0.0066    1.15528    1.15391          1     0.0479     0.0522       9.97     0.0171  2.044e-13  1.000e-12  4.893e+02    10.6777    10.6661    -0.0116     8.3977     8.3890     83.207     84.992      0.355    1444.76    1444.72  0.000e+00
       7753     84.500     5.8283     5.8243    -0.0039    1.15586    1.15503          1     0.0503     0.0549       9.97     0.0171  2.050e-13  1.000e-12  4.879e+02    10.6825    10.6754    -0.0071     8.4013     8.3959     83.702     85.497      0.233    1444.79    1444.76  0.000e+00
