ctdpy/exports/archive_20191120_135557/received_data/SBE09_1044_20180203_1039_34_02_0051.cnv
* Sea-Bird SBE 9 Data File:
* FileName = C:\ctd\temp\2018\ME18D051.hex
* Software Version Seasave V 7.26.6.26
* Temperature SN = 5351
* Conductivity SN = 3941
* Number of Bytes Per Scan = 41
* Number of Voltage Words = 4
* Number of Scans Averaged by the Deck Unit = 1
* NMEA Latitude = 57 51.99 N
* NMEA Longitude = 011 17.50 E
* NMEA UTC (Time) = Feb 03 2018  10:39:52
* NMEA baud rate = 4800
** Station:  P2
** Operator:  JKro
** Ship: MERI
** Average sound velocity: 1468.51 m/s
** True-depth calculation Sat, 03 Feb 2018 11:42:38 +0000
** CTD Python Module SMHI /ver 3-12/ feb 2012 
** LIMS Job: 20183402-0051
** Cruise: SMHI-01-2018
** Latitude [GG MM.mm N] :
** Longitude [GG MM.mm E]:
# nquan = 26
# nvalues = 181                         
# units = specified
# name 0 = scan: Scan Count
# name 1 = prDM: Pressure, Digiquartz [db]
# name 2 = t090C: Temperature [ITS-90, deg C]
# name 3 = t190C: Temperature, 2 [ITS-90, deg C]
# name 4 = T2-T190C: Temperature Difference, 2 - 1 [ITS-90, deg C]
# name 5 = c0S/m: Conductivity [S/m]
# name 6 = c1S/m: Conductivity, 2 [S/m]
# name 7 = pumps: Pump Status
# name 8 = sbeox0ML/L: Oxygen, SBE 43 [ml/l]
# name 9 = sbeox1ML/L: Oxygen, SBE 43, 2 [ml/l]
# name 10 = altM: Altimeter [m]
# name 11 = flECO-AFL: Chl-a Fluorescence, WET Labs ECO-AFL/FL [mg/m^3]
# name 12 = flECO-AFL1: Phycocyanin Fluorescence, WET Labs ECO-AFL/FL, 2 [mg/m^3]
# name 13 = par: PAR/Irradiance, Biospherical/Lico [µE/(cm^2*s)]
# name 14 = turbWETntu0: Turbidity, WET Labs ECO [NTU]
# name 15 = sal00: Salinity, Practical [PSU]
# name 16 = sal11: Salinity, Practical, 2 [PSU]
# name 17 = secS-priS: Salinity, Practical, Difference, 2 - 1 [PSU]
# name 18 = sigma-t00: Density [sigma-t, Kg/m^3 ]
# name 19 = sigma-t11: Density, 2 [sigma-t, Kg/m^3 ]
# name 20 = depSM: Depth [salt water, m], lat = 57.8665
# name 21 = depFM: Depth [true depth, m], lat = 57.8665
# name 22 = dz/dtM: Descent Rate [m/s], WS = 2
# name 23 = svCM: Sound Velocity [Chen-Millero, m/s]
# name 24 = svCM1: Sound Velocity, 2 [Chen-Millero, m/s]
# name 25 = flag: flag
# span 0 =      15370,      21458       
# span 1 =      1.000,     91.000       
# span 2 =     3.1817,     5.8812       
# span 3 =     3.1817,     5.8810       
# span 4 =    -0.0451,     0.0347       
# span 5 =   2.266293,   3.329077       
# span 6 =   2.266313,   3.329144       
# span 7 =          1,          1       
# span 8 =    6.62220,    7.57565       
# span 9 =    6.59226,    7.55363       
# span 10 =       1.33,      99.91      
# span 11 =     0.3944,     1.0119      
# span 12 =     0.2853,     0.4167      
# span 13 = -1.119e-05, 1.0036e+03      
# span 14 =     0.8689,     2.3295      
# span 15 =    24.0874,    33.8594      
# span 16 =    24.0875,    33.8603      
# span 17 =    -0.2127,     0.0796      
# span 18 =    19.1742,    26.6662      
# span 19 =    19.1743,    26.6669      
# span 20 =      0.991,     90.138      
# span 21 =      0.999,     90.396      
# span 22 =     -0.301,      0.669      
# span 23 =    1449.08,    1474.32      
# span 24 =    1449.09,    1474.33      
# span 25 = 0.0000e+00, 0.0000e+00      
# interval = decibars: 0.5              
# start_time = Feb 03 2018 10:39:53 [NMEA time, first data scan]
# bad_flag = -9.990e-29
*END*
      15370      1.000     3.1826     3.1819    -0.0007    2.26629    2.26643          1     7.5525     7.5536       1.33     0.8035     0.3965  1.004e+03  1.1991000    24.0874    24.0895     0.0021    19.1742    19.1759      0.991      0.999      0.066    1449.08    1449.09  0.000e+00
      15417      1.500     3.1817     3.1820     0.0003    2.26635    2.26652          1     7.5642     7.5459       1.63     0.7765     0.3196  2.348e+02  1.1999000    24.0885    24.0903     0.0018    19.1751    19.1765      1.486      1.499      0.288    1449.09    1449.09  0.000e+00
      15472      2.000     3.1824     3.1828     0.0004    2.26648    2.26654          1     7.5757     7.5319      16.40     0.8084     0.3625  1.464e+02  1.2391000    24.0894    24.0898     0.0004    19.1758    19.1761      1.981      1.999      0.333    1449.10    1449.10  0.000e+00
      15524      2.500     3.1820     3.1823     0.0003    2.26640    2.26650          1     7.5664     7.5421      41.50     0.9185     0.3627  1.055e+02  1.2676000    24.0884    24.0894     0.0010    19.1750    19.1759      2.477      2.498      0.251    1449.11    1449.11  0.000e+00
      15590      3.000     3.1817     3.1817     0.0000    2.26633    2.26631          1     7.5627     7.5427      58.06     0.9299     0.3760  9.154e+01  1.1988000    24.0877    24.0875    -0.0003    19.1745    19.1743      2.972      2.998      0.243    1449.11    1449.11  0.000e+00
      15648      3.500     3.1875     3.1919     0.0044    2.26700    2.26756          1     7.5571     7.5340      98.53     0.9700     0.3754  7.447e+01  1.1875000    24.0909    24.0941     0.0032    19.1767    19.1790      3.468      3.498      0.233    1449.15    1449.17  0.000e+00
      15693      4.000     3.1950     3.1961     0.0011    2.26788    2.26805          1     7.5449     7.5281      98.70     1.0119     0.3612  5.779e+01  1.2439000    24.0954    24.0965     0.0012    19.1797    19.1806      3.963      3.997      0.327    1449.20    1449.20  0.000e+00
      15728      4.500     3.1961     3.1969     0.0008    2.26805    2.26811          1     7.5395     7.5365      98.70     0.9956     0.3862  4.657e+01  1.3156000    24.0964    24.0965     0.0001    19.1805    19.1805      4.458      4.497      0.331    1449.21    1449.22  0.000e+00
      15765      5.000     3.1973     3.1978     0.0004    2.26822    2.26828          1     7.5553     7.5344      98.71     0.9782     0.3733  3.699e+01  1.3347000    24.0972    24.0976     0.0004    19.1810    19.1813      4.954      4.997      0.312    1449.22    1449.23  0.000e+00
      15805      5.500     3.1981     3.1994     0.0013    2.26832    2.26859          1     7.5443     7.5370      98.70     0.9673     0.3841  2.726e+01  1.2657000    24.0976    24.0997     0.0021    19.1813    19.1829      5.449      5.497      0.298    1449.24    1449.24  0.000e+00
      15845      6.000     3.1980     3.1995     0.0015    2.26828    2.26863          1     7.5430     7.5294      98.71     0.9874     0.3873  2.193e+01  1.3051000    24.0970    24.1000     0.0030    19.1808    19.1831      5.944      5.996      0.335    1449.24    1449.25  0.000e+00
      15875      6.500     3.2033     3.2044     0.0011    2.27046    2.27073          1     7.4501     7.3728      98.71     0.9694     0.3567  1.912e+01  1.3532000    24.1182    24.1204     0.0022    19.1974    19.1991      6.440      6.496      0.437    1449.30    1449.31  0.000e+00
      15904      7.000     3.2093     3.2095     0.0001    2.27456    2.27432          1     7.3437     7.3405      98.71     0.9746     0.3590  1.624e+01  1.3439000    24.1611    24.1582    -0.0029    19.2311    19.2288      6.935      6.996      0.353    1449.39    1449.39  0.000e+00
      15954      7.500     3.4929     3.4954     0.0028    2.45020    2.44947          1     7.1621     7.2205      98.71     0.9587     0.3792  1.275e+01  1.2653000    25.9802    25.9721    -0.0081    20.6573    20.6512      7.430      7.495      0.209    1452.97    1452.98  0.000e+00
      16002      8.000     4.1317     4.0872    -0.0451    2.82612    2.80445          1     7.0735     7.1023      98.71     1.0103     0.3682  9.727e+00  1.2721000    29.8126    29.5999    -0.2127    23.6505    23.4855      7.926      7.993      0.406    1460.64    1460.18  0.000e+00
      16025      8.500     4.2033     4.2011    -0.0022    2.85727    2.85687          1     7.0641     7.0425      98.71     0.9272     0.3483  8.819e+00  1.4054000    30.1074    30.1048    -0.0026    23.8775    23.8757      8.421      8.491      0.556    1461.33    1461.31  0.000e+00
      16046      9.000     4.2224     4.2209    -0.0015    2.86350    2.86343          1     7.0412     7.0046      98.71     0.8315     0.3480  7.842e+00  1.4678000    30.1620    30.1626     0.0006    23.9191    23.9197      8.916      8.988      0.462    1461.48    1461.48  0.000e+00
      16107      9.500     4.2240     4.2421     0.0180    2.86356    2.87004          1     7.0220     7.0005      98.71     0.8241     0.3596  6.632e+00  1.2903000    30.1610    30.2198     0.0588    23.9181    23.9631      9.412      9.485      0.289    1461.50    1461.65  0.000e+00
      16148     10.000     4.2632     4.2624    -0.0007    2.87576    2.87584          1     7.0326     7.0146      98.71     0.7993     0.3338  5.617e+00  1.2966000    30.2665    30.2681     0.0016    23.9981    23.9995      9.907      9.983      0.550    1461.80    1461.80  0.000e+00
      16167     10.500     4.3029     4.3018    -0.0011    2.88677    2.88665          1     7.0282     7.0011      98.71     0.7820     0.3137  4.923e+00  1.4901000    30.3574    30.3570    -0.0004    24.0665    24.0663     10.403     10.480      0.581    1462.10    1462.09  0.000e+00
      16191     11.000     4.3278     4.3282     0.0005    2.89295    2.89317          1     7.0137     6.9837      98.71     0.7491     0.3718  4.399e+00  1.5159000    30.4059    30.4081     0.0022    24.1026    24.1043     10.898     10.977      0.380    1462.27    1462.27  0.000e+00
      16261     11.500     4.3126     4.3115    -0.0011    2.88694    2.88851          1     6.9977     6.9973      98.71     0.7356     0.3550  3.837e+00  1.2095000    30.3499    30.3692     0.0193    24.0596    24.0750     11.393     11.475      0.314    1462.14    1462.16  0.000e+00
      16290     12.000     4.3454     4.3462     0.0008    2.89663    2.89690          1     6.9968     6.9959      98.71     0.7235     0.3240  3.284e+00  1.2844000    30.4318    30.4342     0.0024    24.1214    24.1233     11.889     11.972      0.511    1462.39    1462.40  0.000e+00
      16312     12.500     4.3604     4.3607     0.0004    2.89933    2.89958          1     6.9993     6.9865      98.71     0.7416     0.3496  2.897e+00  1.4259000    30.4490    30.4516     0.0026    24.1336    24.1357     12.384     12.469      0.503    1462.49    1462.49  0.000e+00
      16340     13.000     4.3809     4.3831     0.0021    2.90301    2.90348          1     6.9886     6.9498      98.71     0.7087     0.3670  2.607e+00  1.4409000    30.4725    30.4758     0.0034    24.1503    24.1527     12.879     12.966      0.308    1462.61    1462.62  0.000e+00
      16410     13.500     4.4433     4.4527     0.0094    2.91976    2.92284          1     6.9379     6.9412      98.71     0.6994     0.3394  2.130e+00  1.2624000    30.6082    30.6351     0.0269    24.2519    24.2723     13.375     13.464      0.293    1463.05    1463.13  0.000e+00
      16442     14.000     4.6302     4.6296    -0.0007    2.97889    2.97837          1     6.8953     6.9192      98.71     0.6559     0.3528  1.825e+00  1.4889000    31.1167    31.1113    -0.0054    24.6365    24.6322     13.870     13.961      0.482    1464.49    1464.48  0.000e+00
      16464     14.500     4.7140     4.7117    -0.0023    3.00709    3.00630          1     6.9118     6.9012      98.71     0.6231     0.3611  1.655e+00  1.6403000    31.3626    31.3558    -0.0069    24.8228    24.8176     14.365     14.458      0.508    1465.16    1465.14  0.000e+00
      16490     15.000     4.7591     4.7599     0.0008    3.02156    3.02182          1     6.9000     6.8553      98.71     0.6139     0.3535  1.512e+00  1.6561000    31.4863    31.4886     0.0022    24.9162    24.9179     14.861     14.955      0.414    1465.51    1465.52  0.000e+00
      16542     15.500     4.7626     4.7973     0.0347    3.02391    3.03369          1     6.8675     6.8368      98.70     0.5931     0.3399  1.282e+00  1.5198000    31.5098    31.5894     0.0796    24.9344    24.9939     15.356     15.452      0.245    1465.56    1465.81  0.000e+00
      16599     16.000     4.8201     4.8192    -0.0009    3.04455    3.04476          1     6.8787     6.8466      98.71     0.5211     0.3620  1.131e+00  1.3996000    31.6925    31.6958     0.0033    25.0731    25.0758     15.851     15.948      0.468    1466.04    1466.04  0.000e+00
      16619     16.500     4.8196     4.8188    -0.0007    3.04731    3.04725          1     6.8821     6.8415      98.71     0.5059     0.3804  1.024e+00  1.6167000    31.7245    31.7245     0.0001    25.0986    25.0987     16.347     16.445      0.610    1466.09    1466.08  0.000e+00
      16638     17.000     4.8398     4.8390    -0.0008    3.05271    3.05257          1     6.8725     6.8356      98.71     0.5240     0.2967  8.718e-01  1.7322000    31.7670    31.7662    -0.0009    25.1302    25.1296     16.842     16.942      0.544    1466.23    1466.23  0.000e+00
      16694     17.500     4.8439     4.8482     0.0042    3.05453    3.05567          1     6.8628     6.8346      98.70     0.5558     0.3214  7.318e-01  1.5884000    31.7838    31.7928     0.0090    25.1430    25.1496     17.337     17.439      0.314    1466.28    1466.31  0.000e+00
      16745     18.000     4.8609     4.8609    -0.0001    3.06155    3.06164          1     6.8566     6.8355      98.70     0.5378     0.3095  6.595e-01  1.5334000    31.8480    31.8491     0.0011    25.1920    25.1929     17.833     17.936      0.571    1466.44    1466.44  0.000e+00
      16763     18.500     4.8466     4.8470     0.0004    3.06249    3.06256          1     6.8576     6.8367      98.70     0.5140     0.3099  5.595e-01  1.6948000    31.8723    31.8728     0.0004    25.2129    25.2132     18.328     18.432      0.625    1466.42    1466.42  0.000e+00
      16785     19.000     4.8370     4.8371     0.0001    3.06354    3.06361          1     6.8624     6.8410      98.70     0.5068     0.3221  4.639e-01  1.8851000    31.8934    31.8941     0.0007    25.2306    25.2312     18.823     18.929      0.429    1466.42    1466.42  0.000e+00
      16862     19.500     4.8438     4.8439     0.0001    3.06772    3.06694          1     6.8560     6.8392      98.71     0.5206     0.3244  3.881e-01  1.5512000    31.9347    31.9257    -0.0091    25.2626    25.2555     19.319     19.426      0.316    1466.50    1466.49  0.000e+00
      16895     20.000     4.8546     4.8545    -0.0000    3.07478    3.07490          1     6.8540     6.8247      98.71     0.5241     0.3112  3.143e-01  1.8084000    32.0055    32.0068     0.0013    25.3175    25.3186     19.814     19.922      0.572    1466.65    1466.65  0.000e+00
      16914     20.500     4.8540     4.8539    -0.0001    3.07543    3.07547          1     6.8554     6.8272      98.71     0.5392     0.3765  2.523e-01  2.0090000    32.0132    32.0137     0.0005    25.3238    25.3242     20.309     20.419      0.592    1466.66    1466.66  0.000e+00
      16939     21.000     4.8515     4.8517     0.0002    3.07570    3.07578          1     6.8551     6.8337      98.71     0.5869     0.3568  2.026e-01  2.0171000    32.0184    32.0191     0.0007    25.3282    25.3287     20.805     20.916      0.389    1466.67    1466.67  0.000e+00
      16985     21.500     4.8489     4.8496     0.0007    3.07536    3.07584          1     6.8346     6.8191      98.70     0.5554     0.3276  1.655e-01  1.8484000    32.0168    32.0217     0.0049    25.3271    25.3309     21.300     21.413      0.248    1466.66    1466.67  0.000e+00
      17020     22.000     4.8485     4.8484    -0.0002    3.07624    3.07633          1     6.8350     6.8186      98.68     0.5278     0.3480  1.159e-01  1.8804000    32.0270    32.0281     0.0012    25.3352    25.3362     21.795     21.909      0.487    1466.68    1466.68  0.000e+00
      17041     22.500     4.8489     4.8487    -0.0003    3.07678    3.07678          1     6.8474     6.8187      98.69     0.5389     0.3262  8.330e-02  2.0569000    32.0326    32.0329     0.0002    25.3397    25.3399     22.291     22.406      0.561    1466.70    1466.70  0.000e+00
      17063     23.000     4.8522     4.8523    -0.0000    3.07768    3.07778          1     6.8441     6.8276      98.69     0.5657     0.3196  5.419e-02  2.1472000    32.0395    32.0407     0.0012    25.3447    25.3457     22.786     22.903      0.546    1466.73    1466.73  0.000e+00
      17085     23.500     4.8691     4.8691    -0.0000    3.08156    3.08169          1     6.8272     6.8243      98.68     0.5660     0.3389  3.300e-02  2.1281000    32.0677    32.0691     0.0015    25.3653    25.3664     23.281     23.399      0.498    1466.84    1466.84  0.000e+00
      17111     24.000     4.8965     4.8945    -0.0019    3.08863    3.08828          1     6.8225     6.8205      98.68     0.5899     0.3769  1.350e-02  2.2963000    32.1224    32.1202    -0.0021    25.4057    25.4042     23.777     23.896      0.434    1467.03    1467.02  0.000e+00
      17142     24.500     4.9434     4.9435     0.0002    3.09596    3.09620          1     6.8220     6.8085      92.89     0.5904     0.3441  1.090e-03  2.1950000    32.1611    32.1637     0.0026    25.4313    25.4333     24.272     24.393      0.374    1467.28    1467.29  0.000e+00
      17174     25.000     4.9656     4.9656     0.0000    3.09937    3.09949          1     6.8053     6.8130      90.41     0.5768     0.3621 -1.119e-05  2.0200000    32.1786    32.1798     0.0013    25.4427    25.4437     24.767     24.889      0.392    1467.40    1467.41  0.000e+00
      17202     25.500     4.9691     4.9691    -0.0000    3.09990    3.09999          1     6.8168     6.8138      98.76     0.5965     0.3724  1.000e-12  2.0426000    32.1809    32.1820     0.0011    25.4442    25.4451     25.262     25.386      0.472    1467.43    1467.43  0.000e+00
      17226     26.000     4.9696     4.9696    -0.0000    3.10001    3.10012          1     6.8335     6.8134      98.68     0.6145     0.3587  1.000e-12  2.1094000    32.1815    32.1828     0.0012    25.4446    25.4456     25.758     25.882      0.515    1467.44    1467.44  0.000e+00
      17249     26.500     4.9702     4.9702    -0.0000    3.10015    3.10025          1     6.8356     6.8128      98.68     0.6084     0.3406  1.000e-12  2.0864000    32.1822    32.1834     0.0012    25.4452    25.4461     26.253     26.379      0.491    1467.45    1467.45  0.000e+00
      17276     27.000     4.9692     4.9692     0.0000    3.10035    3.10044          1     6.8305     6.8141      98.68     0.5831     0.3452  1.000e-12  2.0458000    32.1853    32.1862     0.0010    25.4476    25.4484     26.748     26.876      0.411    1467.46    1467.46  0.000e+00
      17308     27.500     4.9654     4.9655     0.0000    3.10065    3.10075          1     6.8369     6.8058      98.68     0.6004     0.3576  1.000e-12  2.3295000    32.1921    32.1932     0.0010    25.4535    25.4543     27.244     27.372      0.375    1467.46    1467.46  0.000e+00
      17338     28.000     4.9682     4.9678    -0.0004    3.10157    3.10163          1     6.8265     6.8029      98.68     0.5691     0.3991  1.000e-12  2.1243000    32.1997    32.2008     0.0011    25.4592    25.4601     27.739     27.869      0.437    1467.49    1467.49  0.000e+00
