ctdpy/exports/archive_20191120_135557/received_data/SBE09_0827_20180304_0547_26_01_0355.cnv
* Sea-Bird SBE 9 Data File:
* FileName = D:\CTD_SBE911\DAT\26DA.2018.3.55.hex
* Software Version Seasave V 7.21d
* Temperature SN = 034757
* Conductivity SN = 041844
* Number of Bytes Per Scan = 48
* Number of Voltage Words = 5
* Number of Scans Averaged by the Deck Unit = 1
* NMEA Latitude = 55 41.27 N
* NMEA Longitude = 014 53.09 E
* NMEA UTC (Time) = Mar 04 2018  05:48:13
* NMEA baud rate = 4800
** Ship: DANA
** Average sound velocity: 1424.20 m/s
** True-depth calculation Tue, 02 Apr 2019 12:10:09 +0000
** CTD Python Module SMHI /ver 3-12/ feb 2012 
** LIMS Job: 20182601-0355
** Operator:
** Cruise: 02/2018
# nquan = 26
# nvalues = 109                         
# units = specified
# name 0 = scan: Scan Count
# name 1 = prDM: Pressure, Digiquartz [db]
# name 2 = t090C: Temperature [ITS-90, deg C]
# name 3 = t190C: Temperature, 2 [ITS-90, deg C]
# name 4 = T2-T190C: Temperature Difference, 2 - 1 [ITS-90, deg C]
# name 5 = c0S/m: Conductivity [S/m]
# name 6 = c1S/m: Conductivity, 2 [S/m]
# name 7 = pumps: Pump Status
# name 8 = sbeox1ML/L: Oxygen, SBE 43, 2 [ml/l]
# name 9 = sbeox0ML/L: Oxygen, SBE 43 [ml/l]
# name 10 = altM: Altimeter [m]
# name 11 = chloroflTC0: Chlorophyll, Turner Cyclops [ug/l]
# name 12 = cpar: CPAR/Corrected Irradiance [%]
# name 13 = par: PAR/Irradiance, Biospherical/Lico [µE/(cm^2*s)]
# name 14 = spar: SPAR, Biospherical/Licor
# name 15 = sal00: Salinity, Practical [PSU]
# name 16 = sal11: Salinity, Practical, 2 [PSU]
# name 17 = secS-priS: Salinity, Practical, Difference, 2 - 1 [PSU]
# name 18 = sigma-t00: Density [sigma-t, kg/m^3 ]
# name 19 = sigma-t11: Density, 2 [sigma-t, kg/m^3 ]
# name 20 = depSM: Depth [salt water, m], lat = 55.6878
# name 21 = depFM: Depth [true depth, m], lat = 55.6878
# name 22 = dz/dtM: Descent Rate [m/s], WS = 2
# name 23 = svCM: Sound Velocity [Chen-Millero, m/s]
# name 24 = svCM1: Sound Velocity, 2 [Chen-Millero, m/s]
# name 25 = flag: flag
# span 0 =        165,       5599       
# span 1 =      1.000,     55.000       
# span 2 =     2.2316,     2.4560       
# span 3 =     2.2350,     2.4571       
# span 4 =    -0.0350,     0.0122       
# span 5 =   0.734224,   0.745339       
# span 6 =   0.733499,   0.744624       
# span 7 =          1,          1       
# span 8 =     8.7415,     8.8000       
# span 9 =     8.6487,     8.7286       
# span 10 =       1.52,       9.97      
# span 11 =     0.0159,     0.0525      
# span 12 = -1.220e-03, 2.4903e+00      
# span 13 = -7.434e-05, 1.5172e-01      
# span 14 = 6.0925e+00, 6.0925e+00      
# span 15 =     7.3262,     7.3862      
# span 16 =     7.3178,     7.3783      
# span 17 =    -0.0220,    -0.0067      
# span 18 =     5.8430,     5.8913      
# span 19 =     5.8364,     5.8850      
# span 20 =      0.991,     54.494      
# span 21 =      1.013,     55.692      
# span 22 =     -0.040,      0.302      
# span 23 =    1423.05,    1425.00      
# span 24 =    1423.07,    1424.99      
# span 25 = 0.0000e+00, 0.0000e+00      
# interval = decibars: 0.5              
# start_time = Mar 04 2018 05:48:14 [NMEA time, first data scan]
# bad_flag = -9.990e-29
*END*
        165      1.000     2.2356     2.2428     0.0072    0.73428    0.73371          1     8.7697     8.6999       9.97     0.0189  2.490e+00  1.517e-01  6.093e+00     7.3263     7.3185    -0.0078     5.8431     5.8369      0.991      1.013      0.086    1423.07    1423.08  0.000e+00
        219      1.500     2.2325     2.2374     0.0049    0.73422    0.73356          1     8.7626     8.7071       9.97     0.0168  1.554e+00  9.468e-02  6.093e+00     7.3264     7.3181    -0.0083     5.8432     5.8366      1.486      1.519      0.235    1423.05    1423.07  0.000e+00
        266      2.000     2.2332     2.2350     0.0019    0.73425    0.73350          1     8.7580     8.7118       9.97     0.0159  6.918e-01  4.215e-02  6.093e+00     7.3264     7.3180    -0.0084     5.8432     5.8364      1.982      2.025      0.272    1423.07    1423.07  0.000e+00
        315      2.500     2.2413     2.2401    -0.0012    0.73445    0.73361          1     8.7662     8.7086       9.97     0.0163  7.247e-02  4.415e-03  6.093e+00     7.3266     7.3178    -0.0087     5.8434     5.8364      2.477      2.532      0.222    1423.11    1423.10  0.000e+00
        367      3.000     2.2405     2.2441     0.0035    0.73445    0.73372          1     8.7696     8.7048       9.97     0.0169 -1.220e-03 -7.434e-05  6.093e+00     7.3267     7.3180    -0.0086     5.8434     5.8365      2.973      3.038      0.263    1423.12    1423.12  0.000e+00
        409      3.500     2.2404     2.2426     0.0022    0.73445    0.73370          1     8.7670     8.7181       9.97     0.0173  1.641e-11  1.000e-12  6.093e+00     7.3266     7.3181    -0.0085     5.8434     5.8366      3.468      3.544      0.270    1423.12    1423.12  0.000e+00
        462      4.000     2.2383     2.2467     0.0085    0.73438    0.73379          1     8.7796     8.7133       9.97     0.0159  1.641e-11  1.000e-12  6.093e+00     7.3263     7.3181    -0.0082     5.8431     5.8366      3.964      4.050      0.224    1423.12    1423.15  0.000e+00
        507      4.500     2.2316     2.2374     0.0058    0.73424    0.73361          1     8.7866     8.7254       9.97     0.0162  1.641e-11  1.000e-12  6.093e+00     7.3263     7.3182    -0.0081     5.8431     5.8367      4.459      4.557      0.302    1423.10    1423.12  0.000e+00
        554      5.000     2.2427     2.2422    -0.0005    0.73450    0.73368          1     8.7966     8.7163       9.97     0.0165  1.641e-11  1.000e-12  6.093e+00     7.3265     7.3178    -0.0086     5.8433     5.8364      4.955      5.063      0.222    1423.16    1423.15  0.000e+00
        606      5.500     2.2425     2.2438     0.0013    0.73451    0.73374          1     8.7979     8.7027       9.97     0.0163  1.641e-11  1.000e-12  6.093e+00     7.3266     7.3181    -0.0085     5.8434     5.8365      5.450      5.569      0.253    1423.17    1423.16  0.000e+00
        652      6.000     2.2376     2.2442     0.0066    0.73438    0.73376          1     8.7941     8.7102       9.97     0.0172  1.641e-11  1.000e-12  6.093e+00     7.3262     7.3181    -0.0081     5.8430     5.8366      5.945      6.076      0.269    1423.15    1423.17  0.000e+00
        699      6.500     2.2394     2.2433     0.0039    0.73443    0.73374          1     8.7874     8.7241       9.97     0.0167  1.641e-11  1.000e-12  6.093e+00     7.3262     7.3180    -0.0082     5.8431     5.8365      6.441      6.582      0.228    1423.17    1423.17  0.000e+00
        756      7.000     2.2403     2.2442     0.0039    0.73446    0.73377          1     8.7861     8.7170       9.97     0.0173  1.641e-11  1.000e-12  6.093e+00     7.3263     7.3180    -0.0082     5.8431     5.8365      6.936      7.088      0.246    1423.18    1423.19  0.000e+00
        797      7.500     2.2422     2.2429     0.0008    0.73452    0.73374          1     8.7992     8.7132       9.97     0.0195  1.641e-11  1.000e-12  6.093e+00     7.3265     7.3180    -0.0085     5.8433     5.8365      7.432      7.595      0.290    1423.19    1423.19  0.000e+00
        849      8.000     2.2576     2.2496    -0.0080    0.73494    0.73388          1     8.7969     8.7129       9.97     0.0181  1.641e-11  1.000e-12  6.093e+00     7.3273     7.3179    -0.0094     5.8440     5.8364      7.927      8.101      0.203    1423.28    1423.23  0.000e+00
        902      8.500     2.2505     2.2543     0.0039    0.73475    0.73404          1     8.7867     8.7053       9.97     0.0177  1.641e-11  1.000e-12  6.093e+00     7.3269     7.3184    -0.0085     5.8436     5.8368      8.423      8.607      0.279    1423.25    1423.26  0.000e+00
        945      9.000     2.2439     2.2561     0.0122    0.73457    0.73410          1     8.7981     8.7192       9.97     0.0180  1.641e-11  1.000e-12  6.093e+00     7.3264     7.3185    -0.0079     5.8433     5.8369      8.918      9.114      0.246    1423.23    1423.28  0.000e+00
       1000      9.500     2.2538     2.2568     0.0031    0.73485    0.73411          1     8.7977     8.7286       9.97     0.0187  1.641e-11  1.000e-12  6.093e+00     7.3270     7.3184    -0.0086     5.8437     5.8369      9.414      9.620      0.220    1423.28    1423.28  0.000e+00
       1047     10.000     2.2687     2.2544    -0.0143    0.73528    0.73408          1     8.7864     8.7077       9.97     0.0176  1.641e-11  1.000e-12  6.093e+00     7.3282     7.3185    -0.0096     5.8447     5.8370      9.909     10.126      0.273    1423.36    1423.28  0.000e+00
       1096     10.500     2.2759     2.2592    -0.0167    0.73551    0.73419          1     8.7934     8.7179       9.97     0.0181  1.641e-11  1.000e-12  6.093e+00     7.3288     7.3186    -0.0102     5.8452     5.8370     10.404     10.633      0.222    1423.40    1423.31  0.000e+00
       1149     11.000     2.2888     2.2618    -0.0270    0.73601    0.73426          1     8.7969     8.7136       9.97     0.0175  1.641e-11  1.000e-12  6.093e+00     7.3312     7.3186    -0.0126     5.8471     5.8370     10.900     11.139      0.253    1423.47    1423.33  0.000e+00
       1194     11.500     2.3008     2.2705    -0.0304    0.73650    0.73453          1     8.7980     8.7080       9.97     0.0182  1.641e-11  1.000e-12  6.093e+00     7.3335     7.3194    -0.0140     5.8490     5.8377     11.395     11.645      0.249    1423.54    1423.38  0.000e+00
       1248     12.000     2.3034     2.2791    -0.0243    0.73660    0.73482          1     8.8000     8.7005       9.97     0.0203  1.641e-11  1.000e-12  6.093e+00     7.3339     7.3205    -0.0134     5.8494     5.8386     11.891     12.151      0.223    1423.56    1423.43  0.000e+00
       1297     12.500     2.3037     2.2924    -0.0113    0.73663    0.73529          1     8.7900     8.7087       9.97     0.0218  1.641e-11  1.000e-12  6.093e+00     7.3341     7.3224    -0.0117     5.8495     5.8401     12.386     12.658      0.260    1423.57    1423.50  0.000e+00
       1345     13.000     2.3065     2.2946    -0.0119    0.73681    0.73543          1     8.7903     8.7141       9.97     0.0218  1.641e-11  1.000e-12  6.093e+00     7.3353     7.3233    -0.0119     5.8505     5.8409     12.882     13.164      0.227    1423.59    1423.52  0.000e+00
       1399     13.500     2.3105     2.2991    -0.0113    0.73703    0.73560          1     8.7917     8.7078       9.97     0.0211  1.641e-11  1.000e-12  6.093e+00     7.3366     7.3239    -0.0127     5.8516     5.8414     13.377     13.670      0.235    1423.62    1423.55  0.000e+00
       1448     14.000     2.3126     2.3037    -0.0089    0.73714    0.73582          1     8.7903     8.7137       9.97     0.0226  1.641e-11  1.000e-12  6.093e+00     7.3373     7.3252    -0.0121     5.8521     5.8424     13.873     14.177      0.246    1423.64    1423.58  0.000e+00
       1499     14.500     2.3235     2.3072    -0.0163    0.73775    0.73595          1     8.7919     8.7083       9.97     0.0230  1.641e-11  1.000e-12  6.093e+00     7.3411     7.3257    -0.0155     5.8552     5.8428     14.368     14.683      0.230    1423.71    1423.61  0.000e+00
       1550     15.000     2.3345     2.3106    -0.0239    0.73833    0.73614          1     8.7981     8.6997       9.97     0.0197  1.641e-11  1.000e-12  6.093e+00     7.3448     7.3269    -0.0179     5.8582     5.8438     14.863     15.189      0.239    1423.77    1423.63  0.000e+00
       1601     15.500     2.3490     2.3159    -0.0331    0.73914    0.73643          1     8.7887     8.6921       9.97     0.0172  1.641e-11  1.000e-12  6.093e+00     7.3499     7.3286    -0.0213     5.8623     5.8452     15.359     15.696      0.232    1423.85    1423.67  0.000e+00
       1653     16.000     2.3564     2.3215    -0.0350    0.73954    0.73672          1     8.7834     8.7031       9.97     0.0177  1.641e-11  1.000e-12  6.093e+00     7.3524     7.3304    -0.0220     5.8643     5.8466     15.854     16.202      0.229    1423.90    1423.71  0.000e+00
       1705     16.500     2.3614     2.3313    -0.0301    0.73980    0.73716          1     8.7798     8.7037       9.97     0.0206  1.641e-11  1.000e-12  6.093e+00     7.3540     7.3327    -0.0212     5.8655     5.8485     16.350     16.708      0.241    1423.93    1423.76  0.000e+00
       1753     17.000     2.3665     2.3417    -0.0248    0.74011    0.73782          1     8.7802     8.6943       9.97     0.0397  1.641e-11  1.000e-12  6.093e+00     7.3560     7.3373    -0.0187     5.8671     5.8522     16.845     17.214      0.237    1423.97    1423.82  0.000e+00
       1807     17.500     2.3741     2.3468    -0.0272    0.74059    0.73808          1     8.7795     8.6992       9.97     0.0525  1.641e-11  1.000e-12  6.093e+00     7.3593     7.3389    -0.0204     5.8698     5.8534     17.340     17.721      0.229    1424.01    1423.86  0.000e+00
       1857     18.000     2.3781     2.3538    -0.0242    0.74083    0.73852          1     8.7728     8.6896       9.97     0.0516  1.641e-11  1.000e-12  6.093e+00     7.3609     7.3419    -0.0190     5.8711     5.8558     17.836     18.227      0.241    1424.04    1423.90  0.000e+00
       1907     18.500     2.3796     2.3589    -0.0208    0.74092    0.73876          1     8.7676     8.6884       9.97     0.0508  1.641e-11  1.000e-12  6.093e+00     7.3614     7.3432    -0.0182     5.8715     5.8569     18.331     18.733      0.238    1424.06    1423.94  0.000e+00
       1958     19.000     2.3803     2.3664    -0.0138    0.74097    0.73923          1     8.7809     8.6917       9.97     0.0464  1.641e-11  1.000e-12  6.093e+00     7.3617     7.3464    -0.0153     5.8717     5.8595     18.827     19.240      0.230    1424.07    1423.98  0.000e+00
       2009     19.500     2.3807     2.3712    -0.0095    0.74101    0.73956          1     8.7736     8.6875       9.97     0.0440  1.641e-11  1.000e-12  6.093e+00     7.3620     7.3487    -0.0134     5.8720     5.8613     19.322     19.746      0.244    1424.08    1424.02  0.000e+00
       2057     20.000     2.3808     2.3751    -0.0058    0.74103    0.73976          1     8.7685     8.6857       9.97     0.0436  1.641e-11  1.000e-12  6.093e+00     7.3621     7.3499    -0.0122     5.8720     5.8622     19.818     20.252      0.254    1424.09    1424.04  0.000e+00
       2105     20.500     2.3808     2.3774    -0.0034    0.74103    0.73993          1     8.7644     8.6900       9.97     0.0447  1.641e-11  1.000e-12  6.093e+00     7.3620     7.3511    -0.0109     5.8720     5.8632     20.313     20.759      0.252    1424.09    1424.06  0.000e+00
       2153     21.000     2.3814     2.3792    -0.0022    0.74113    0.74007          1     8.7655     8.6893       9.97     0.0423  1.641e-11  1.000e-12  6.093e+00     7.3629     7.3521    -0.0108     5.8727     5.8640     20.808     21.265      0.248    1424.11    1424.08  0.000e+00
       2198     21.500     2.3816     2.3825     0.0009    0.74115    0.74018          1     8.7738     8.6877       9.97     0.0426  1.641e-11  1.000e-12  6.093e+00     7.3629     7.3524    -0.0105     5.8727     5.8643     21.304     21.771      0.281    1424.12    1424.10  0.000e+00
       2244     22.000     2.3816     2.3819     0.0003    0.74113    0.74027          1     8.7706     8.6836       9.97     0.0436  1.641e-11  1.000e-12  6.093e+00     7.3627     7.3535    -0.0093     5.8725     5.8651     21.799     22.277      0.238    1424.12    1424.11  0.000e+00
       2295     22.500     2.3816     2.3854     0.0039    0.74118    0.74040          1     8.7652     8.6814       9.97     0.0443  1.641e-11  1.000e-12  6.093e+00     7.3632     7.3540    -0.0091     5.8729     5.8656     22.295     22.784      0.254    1424.13    1424.14  0.000e+00
       2339     23.000     2.3809     2.3836     0.0026    0.74123    0.74041          1     8.7742     8.6769       9.97     0.0429  1.641e-11  1.000e-12  6.093e+00     7.3638     7.3544    -0.0094     5.8734     5.8659     22.790     23.290      0.273    1424.14    1424.14  0.000e+00
       2387     23.500     2.3795     2.3839     0.0044    0.74130    0.74043          1     8.7781     8.6801       9.97     0.0434  1.641e-11  1.000e-12  6.093e+00     7.3648     7.3545    -0.0103     5.8742     5.8660     23.285     23.796      0.232    1424.14    1424.15  0.000e+00
       2437     24.000     2.3805     2.3825     0.0020    0.74140    0.74051          1     8.7724     8.6817       9.97     0.0432  1.641e-11  1.000e-12  6.093e+00     7.3655     7.3556    -0.0099     5.8748     5.8668     23.781     24.303      0.277    1424.15    1424.15  0.000e+00
       2477     24.500     2.3885     2.3825    -0.0059    0.74190    0.74058          1     8.7714     8.6686       9.97     0.0440  1.641e-11  1.000e-12  6.093e+00     7.3689     7.3563    -0.0126     5.8775     5.8674     24.276     24.809      0.283    1424.20    1424.16  0.000e+00
       2526     25.000     2.3885     2.3860    -0.0026    0.74192    0.74074          1     8.7700     8.6882       9.97     0.0429  1.641e-11  1.000e-12  6.093e+00     7.3691     7.3571    -0.0119     5.8776     5.8681     24.772     25.315      0.228    1424.21    1424.18  0.000e+00
       2576     25.500     2.3954     2.3879    -0.0075    0.74232    0.74093          1     8.7706     8.7040       9.97     0.0433  1.641e-11  1.000e-12  6.093e+00     7.3717     7.3586    -0.0131     5.8797     5.8692     25.267     25.821      0.268    1424.25    1424.20  0.000e+00
       2618     26.000     2.4000     2.3922    -0.0078    0.74254    0.74121          1     8.7683     8.6924       9.97     0.0430  1.641e-11  1.000e-12  6.093e+00     7.3729     7.3605    -0.0124     5.8807     5.8708     25.762     26.328      0.273    1424.29    1424.23  0.000e+00
       2669     26.500     2.4004     2.3936    -0.0068    0.74255    0.74132          1     8.7613     8.6834       9.97     0.0442  1.641e-11  1.000e-12  6.093e+00     7.3729     7.3613    -0.0116     5.8807     5.8714     26.258     26.834      0.222    1424.29    1424.25  0.000e+00
       2717     27.000     2.4008     2.3985    -0.0023    0.74259    0.74158          1     8.7618     8.6716       9.97     0.0424  1.641e-11  1.000e-12  6.093e+00     7.3731     7.3629    -0.0102     5.8809     5.8727     26.753     27.340      0.288    1424.31    1424.28  0.000e+00
       2758     27.500     2.3999     2.3998    -0.0001    0.74255    0.74170          1     8.7611     8.6841       9.97     0.0424  1.641e-11  1.000e-12  6.093e+00     7.3728     7.3638    -0.0090     5.8806     5.8734     27.249     27.847      0.264    1424.31    1424.30  0.000e+00
       2809     28.000     2.3995     2.4017     0.0022    0.74253    0.74178          1     8.7625     8.6782       9.97     0.0423  1.641e-11  1.000e-12  6.093e+00     7.3726     7.3642    -0.0084     5.8804     5.8737     27.744     28.353      0.237    1424.31    1424.31  0.000e+00
