ctdpy/exports/archive_20191120_135557/received_data/SBE09_1044_20180126_1936_34_02_0016.cnv
* Sea-Bird SBE 9 Data File:
* FileName = C:\ctd\temp\2018\ME18D016.hex
* Software Version Seasave V 7.26.6.26
* Temperature SN = 5351
* Conductivity SN = 3941
* Number of Bytes Per Scan = 41
* Number of Voltage Words = 4
* Number of Scans Averaged by the Deck Unit = 1
* NMEA Latitude = 55 22.99 N
* NMEA Longitude = 015 20.01 E
* NMEA UTC (Time) = Jan 26 2018  19:36:38
* NMEA baud rate = 4800
** Station:  BY4
** Operator:  SSip
** Ship: MERI
** Average sound velocity: 1445.50 m/s
** True-depth calculation Fri, 26 Jan 2018 20:47:40 +0000
** CTD Python Module SMHI /ver 3-12/ feb 2012 
** LIMS Job: 20183402-0016
** Cruise: SMHI-01-2018
** Latitude [GG MM.mm N] :
** Longitude [GG MM.mm E]:
# nquan = 26
# nvalues = 173                         
# units = specified
# name 0 = scan: Scan Count
# name 1 = prDM: Pressure, Digiquartz [db]
# name 2 = t090C: Temperature [ITS-90, deg C]
# name 3 = t190C: Temperature, 2 [ITS-90, deg C]
# name 4 = T2-T190C: Temperature Difference, 2 - 1 [ITS-90, deg C]
# name 5 = c0S/m: Conductivity [S/m]
# name 6 = c1S/m: Conductivity, 2 [S/m]
# name 7 = pumps: Pump Status
# name 8 = sbeox0ML/L: Oxygen, SBE 43 [ml/l]
# name 9 = sbeox1ML/L: Oxygen, SBE 43, 2 [ml/l]
# name 10 = altM: Altimeter [m]
# name 11 = flECO-AFL: Chl-a Fluorescence, WET Labs ECO-AFL/FL [mg/m^3]
# name 12 = flECO-AFL1: Phycocyanin Fluorescence, WET Labs ECO-AFL/FL, 2 [mg/m^3]
# name 13 = par: PAR/Irradiance, Biospherical/Lico [µE/(cm^2*s)]
# name 14 = turbWETntu0: Turbidity, WET Labs ECO [NTU]
# name 15 = sal00: Salinity, Practical [PSU]
# name 16 = sal11: Salinity, Practical, 2 [PSU]
# name 17 = secS-priS: Salinity, Practical, Difference, 2 - 1 [PSU]
# name 18 = sigma-t00: Density [sigma-t, Kg/m^3 ]
# name 19 = sigma-t11: Density, 2 [sigma-t, Kg/m^3 ]
# name 20 = depSM: Depth [salt water, m], lat = 55.3832
# name 21 = depFM: Depth [true depth, m], lat = 55.3832
# name 22 = dz/dtM: Descent Rate [m/s], WS = 2
# name 23 = svCM: Sound Velocity [Chen-Millero, m/s]
# name 24 = svCM1: Sound Velocity, 2 [Chen-Millero, m/s]
# name 25 = flag: flag
# span 0 =       7372,      15944       
# span 1 =      1.000,     87.000       
# span 2 =     4.6423,     9.6757       
# span 3 =     4.6431,     9.6735       
# span 4 =    -0.0092,     0.0087       
# span 5 =   0.798872,   1.840313       
# span 6 =   0.798839,   1.840063       
# span 7 =          1,          1       
# span 8 =   -0.01826,    8.06807       
# span 9 =    0.02566,    8.02871       
# span 10 =       3.24,      98.74      
# span 11 =     0.2119,     0.7424      
# span 12 =     0.2293,     0.4232      
# span 13 = -1.834e-04, 2.8281e-02      
# span 14 =     0.1246,     1.0422      
# span 15 =     7.4451,    17.1718      
# span 16 =     7.4447,    17.1684      
# span 17 =    -0.0091,     0.0176      
# span 18 =     5.8996,    13.4253      
# span 19 =     5.8992,    13.4225      
# span 20 =      0.991,     86.195      
# span 21 =      1.013,     87.892      
# span 22 =     -0.065,      0.608      
# span 23 =    1434.20,    1463.66      
# span 24 =    1434.20,    1463.65      
# span 25 = 0.0000e+00, 0.0000e+00      
# interval = decibars: 0.5              
# start_time = Jan 26 2018 19:36:39 [NMEA time, first data scan]
# bad_flag = -9.990e-29
*END*
       7372      1.000     4.6430     4.6435     0.0005    0.79888    0.79884          1     8.0640     8.0092      98.65     0.7239     0.3608  2.828e-02  0.1520000     7.4452     7.4447    -0.0005     5.8997     5.8993      0.991      1.013      0.342    1434.20    1434.20  0.000e+00
       7398      1.500     4.6424     4.6432     0.0008    0.79887    0.79884          1     8.0632     8.0207      98.65     0.7237     0.3447 -1.834e-04  0.1498000     7.4452     7.4447    -0.0005     5.8997     5.8993      1.486      1.519      0.510    1434.20    1434.20  0.000e+00
       7423      2.000     4.6424     4.6431     0.0007    0.79888    0.79885          1     8.0601     8.0230      98.65     0.7283     0.3417  1.365e-06  0.1426000     7.4452     7.4448    -0.0005     5.8997     5.8993      1.982      2.025      0.418    1434.21    1434.21  0.000e+00
       7456      2.500     4.6423     4.6433     0.0010    0.79888    0.79886          1     8.0677     8.0255      98.65     0.7277     0.3232  1.000e-12  0.1545000     7.4452     7.4447    -0.0005     5.8997     5.8993      2.477      2.531      0.340    1434.22    1434.22  0.000e+00
       7493      3.000     4.6447     4.6447     0.0000    0.79897    0.79891          1     8.0681     8.0158      98.65     0.7212     0.3269  1.000e-12  0.1508000     7.4455     7.4449    -0.0006     5.8998     5.8994      2.973      3.038      0.337    1434.24    1434.23  0.000e+00
       7526      3.500     4.6446     4.6450     0.0004    0.79896    0.79891          1     8.0626     8.0215      98.65     0.7424     0.3144  1.000e-12  0.1554000     7.4454     7.4448    -0.0006     5.8997     5.8992      3.468      3.544      0.372    1434.24    1434.24  0.000e+00
       7558      4.000     4.6442     4.6451     0.0009    0.79895    0.79892          1     8.0531     8.0283      98.66     0.7287     0.3177  1.000e-12  0.1551000     7.4452     7.4447    -0.0005     5.8997     5.8992      3.964      4.050      0.379    1434.25    1434.25  0.000e+00
       7590      4.500     4.6433     4.6466     0.0033    0.79892    0.79900          1     8.0478     8.0287      94.56     0.7243     0.3357  1.000e-12  0.1820000     7.4451     7.4452     0.0000     5.8996     5.8995      4.459      4.557      0.350    1434.25    1434.27  0.000e+00
       7629      5.000     4.6468     4.6494     0.0025    0.79908    0.79912          1     8.0656     8.0238      98.66     0.7182     0.3222  1.000e-12  0.1520000     7.4458     7.4457    -0.0002     5.9000     5.8998      4.955      5.063      0.298    1434.28    1434.29  0.000e+00
       7666      5.500     4.6493     4.6516     0.0022    0.79917    0.79921          1     8.0548     8.0124      91.98     0.7112     0.3570  1.000e-12  0.1542000     7.4462     7.4460    -0.0002     5.9002     5.9000      5.450      5.569      0.366    1434.30    1434.31  0.000e+00
       7696      6.000     4.6532     4.6534     0.0002    0.79937    0.79931          1     8.0468     8.0092      98.72     0.6997     0.3844  1.000e-12  0.1610000     7.4472     7.4465    -0.0006     5.9009     5.9004      5.946      6.075      0.420    1434.32    1434.32  0.000e+00
       7726      6.500     4.6563     4.6577     0.0013    0.79954    0.79953          1     8.0336     8.0183      98.65     0.6995     0.3622  1.000e-12  0.1564000     7.4481     7.4478    -0.0004     5.9015     5.9012      6.441      6.582      0.343    1434.35    1434.35  0.000e+00
       7772      7.000     4.6599     4.6612     0.0012    0.79975    0.79974          1     8.0441     8.0157      98.65     0.7036     0.3330  1.000e-12  0.1532000     7.4493     7.4490    -0.0003     5.9023     5.9020      6.937      7.088      0.237    1434.37    1434.38  0.000e+00
       7816      7.500     4.6644     4.6669     0.0025    0.80000    0.80008          1     8.0441     8.0029      98.65     0.7109     0.3457  1.000e-12  0.1548000     7.4508     7.4510     0.0002     5.9034     5.9034      7.432      7.594      0.350    1434.40    1434.41  0.000e+00
       7846      8.000     4.6674     4.6668    -0.0006    0.80017    0.80006          1     8.0485     8.0090      98.64     0.6985     0.3623  1.000e-12  0.1596000     7.4518     7.4508    -0.0010     5.9040     5.9033      7.927      8.101      0.432    1434.42    1434.42  0.000e+00
       7873      8.500     4.6672     4.6697     0.0025    0.80016    0.80024          1     8.0444     8.0087      98.64     0.6887     0.3972  1.000e-12  0.1393000     7.4516     7.4519     0.0002     5.9039     5.9040      8.423      8.607      0.441    1434.43    1434.44  0.000e+00
       7901      9.000     4.6702     4.6716     0.0015    0.80035    0.80036          1     8.0471     8.0069      98.63     0.6976     0.3843  1.000e-12  0.1553000     7.4528     7.4526    -0.0002     5.9047     5.9045      8.918      9.113      0.410    1434.45    1434.46  0.000e+00
       7931      9.500     4.6712     4.6720     0.0008    0.80042    0.80039          1     8.0467     8.0087      98.63     0.6916     0.3996  1.000e-12  0.1533000     7.4532     7.4527    -0.0005     5.9050     5.9046      9.414      9.619      0.413    1434.47    1434.47  0.000e+00
       7958     10.000     4.6714     4.6720     0.0006    0.80044    0.80041          1     8.0398     8.0079      98.63     0.6824     0.3559  1.000e-12  0.1488000     7.4533     7.4528    -0.0005     5.9051     5.9047      9.909     10.126      0.484    1434.47    1434.48  0.000e+00
       7981     10.500     4.6718     4.6724     0.0006    0.80046    0.80043          1     8.0343     8.0083      98.63     0.6586     0.3497  1.000e-12  0.1500000     7.4533     7.4529    -0.0004     5.9051     5.9047     10.405     10.632      0.559    1434.48    1434.49  0.000e+00
       8001     11.000     4.6717     4.6722     0.0006    0.80046    0.80042          1     8.0309     8.0004      98.63     0.6871     0.3243  1.000e-12  0.1610000     7.4533     7.4528    -0.0005     5.9051     5.9047     10.900     11.138      0.583    1434.49    1434.49  0.000e+00
       8022     11.500     4.6716     4.6722     0.0007    0.80047    0.80044          1     8.0375     8.0056      98.63     0.7218     0.3011  1.000e-12  0.1500000     7.4533     7.4528    -0.0005     5.9051     5.9047     11.396     11.644      0.546    1434.50    1434.50  0.000e+00
       8046     12.000     4.6716     4.6723     0.0008    0.80049    0.80045          1     8.0477     8.0107      98.63     0.6935     0.3026  1.000e-12  0.1539000     7.4534     7.4529    -0.0005     5.9052     5.9047     11.891     12.151      0.479    1434.51    1434.51  0.000e+00
       8072     12.500     4.6729     4.6735     0.0006    0.80055    0.80051          1     8.0379     7.9898      98.63     0.6976     0.3188  1.000e-12  0.1640000     7.4537     7.4532    -0.0005     5.9054     5.9049     12.387     12.657      0.444    1434.52    1434.52  0.000e+00
       8099     13.000     4.6726     4.6738     0.0011    0.80055    0.80053          1     8.0299     7.9900      98.63     0.7101     0.3240  1.000e-12  0.1455000     7.4537     7.4532    -0.0005     5.9054     5.9050     12.882     13.163      0.495    1434.53    1434.53  0.000e+00
       8121     13.500     4.6728     4.6737     0.0009    0.80058    0.80055          1     8.0419     7.9965      98.63     0.6916     0.3611  1.000e-12  0.1535000     7.4538     7.4533    -0.0005     5.9055     5.9051     13.377     13.670      0.570    1434.54    1434.54  0.000e+00
       8141     14.000     4.6725     4.6732     0.0007    0.80058    0.80055          1     8.0547     7.9854      98.63     0.6876     0.3606  1.000e-12  0.1483000     7.4539     7.4534    -0.0005     5.9056     5.9051     13.873     14.176      0.607    1434.54    1434.55  0.000e+00
       8161     14.500     4.6753     4.6762     0.0009    0.80068    0.80066          1     8.0495     7.9768      98.63     0.6876     0.3723  1.000e-12  0.1436000     7.4542     7.4539    -0.0004     5.9057     5.9054     14.368     14.682      0.589    1434.56    1434.57  0.000e+00
       8182     15.000     4.6770     4.6788     0.0017    0.80074    0.80075          1     8.0361     7.9940      98.64     0.6860     0.3788  1.000e-12  0.1498000     7.4544     7.4540    -0.0004     5.9058     5.9054     14.864     15.188      0.527    1434.58    1434.59  0.000e+00
       8207     15.500     4.6774     4.6784     0.0010    0.80077    0.80075          1     8.0350     8.0042      98.63     0.6753     0.3847  1.000e-12  0.1499000     7.4545     7.4540    -0.0005     5.9059     5.9054     15.359     15.695      0.470    1434.59    1434.59  0.000e+00
       8233     16.000     4.6773     4.6780     0.0007    0.80078    0.80074          1     8.0440     7.9992      98.64     0.6763     0.3765  1.000e-12  0.1529000     7.4545     7.4540    -0.0005     5.9059     5.9054     15.855     16.201      0.482    1434.60    1434.60  0.000e+00
       8256     16.500     4.6778     4.6783     0.0004    0.80081    0.80077          1     8.0461     8.0023      98.64     0.6875     0.3474  1.000e-12  0.1437000     7.4547     7.4541    -0.0006     5.9060     5.9055     16.350     16.707      0.546    1434.61    1434.61  0.000e+00
       8277     17.000     4.6756     4.6759     0.0003    0.80075    0.80071          1     8.0422     8.0054      83.88     0.6754     0.4232  1.000e-12  0.1546000     7.4545     7.4540    -0.0005     5.9059     5.9056     16.846     17.214      0.598    1434.60    1434.61  0.000e+00
       8297     17.500     4.6745     4.6751     0.0006    0.80073    0.80070          1     8.0450     8.0062      95.44     0.6754     0.4087  1.000e-12  0.1633000     7.4545     7.4541    -0.0005     5.9060     5.9056     17.341     17.720      0.608    1434.61    1434.61  0.000e+00
       8317     18.000     4.6753     4.6757     0.0004    0.80079    0.80075          1     8.0566     8.0090      98.58     0.6800     0.4045  1.000e-12  0.1652000     7.4548     7.4543    -0.0005     5.9062     5.9058     17.836     18.226      0.571    1434.62    1434.62  0.000e+00
       8339     18.500     4.6761     4.6771     0.0010    0.80083    0.80081          1     8.0600     8.0128      93.27     0.6745     0.4101  1.000e-12  0.1548000     7.4550     7.4546    -0.0005     5.9063     5.9059     18.332     18.732      0.499    1434.63    1434.63  0.000e+00
       8366     19.000     4.6809     4.6826     0.0016    0.80100    0.80099          1     8.0477     8.0113      85.68     0.6508     0.3879  1.000e-12  0.1427000     7.4555     7.4551    -0.0005     5.9065     5.9061     18.827     19.239      0.428    1434.66    1434.67  0.000e+00
       8394     19.500     4.6859     4.6855    -0.0004    0.80115    0.80109          1     8.0273     8.0019      73.14     0.6671     0.3628  1.000e-12  0.1569000     7.4558     7.4553    -0.0006     5.9066     5.9062     19.323     19.745      0.460    1434.69    1434.69  0.000e+00
       8418     20.000     4.6836     4.6842     0.0006    0.80109    0.80106          1     8.0345     7.9999      72.88     0.6829     0.3897  1.000e-12  0.1635000     7.4557     7.4553    -0.0005     5.9066     5.9062     19.818     20.251      0.515    1434.69    1434.69  0.000e+00
       8441     20.500     4.6778     4.6776    -0.0002    0.80096    0.80092          1     8.0446     8.0001      94.09     0.6715     0.4137  1.000e-12  0.1486000     7.4556     7.4552    -0.0004     5.9068     5.9064     20.314     20.757      0.536    1434.67    1434.67  0.000e+00
       8463     21.000     4.6761     4.6760    -0.0001    0.80094    0.80090          1     8.0382     7.9974      98.52     0.6629     0.3193  1.000e-12  0.1492000     7.4558     7.4554    -0.0004     5.9069     5.9066     20.809     21.264      0.478    1434.67    1434.67  0.000e+00
       8493     21.500     4.6759     4.6767     0.0008    0.80101    0.80098          1     8.0278     8.0048      98.61     0.6632     0.3180  1.000e-12  0.1520000     7.4564     7.4560    -0.0004     5.9074     5.9071     21.304     21.770      0.362    1434.68    1434.68  0.000e+00
       8528     22.000     4.6774     4.6781     0.0008    0.80111    0.80108          1     8.0374     7.9957      98.62     0.6544     0.3402  1.000e-12  0.1402000     7.4570     7.4565    -0.0005     5.9079     5.9074     21.800     22.276      0.395    1434.70    1434.70  0.000e+00
       8554     22.500     4.6796     4.6801     0.0004    0.80122    0.80118          1     8.0407     8.0063      94.38     0.6510     0.3252  1.000e-12  0.1451000     7.4576     7.4571    -0.0005     5.9082     5.9078     22.295     22.783      0.515    1434.71    1434.71  0.000e+00
       8575     23.000     4.6832     4.6836     0.0004    0.80139    0.80135          1     8.0399     8.0084      81.61     0.6431     0.3210  1.000e-12  0.1526000     7.4584     7.4579    -0.0005     5.9087     5.9083     22.791     23.289      0.581    1434.74    1434.74  0.000e+00
       8596     23.500     4.6832     4.6843     0.0011    0.80141    0.80139          1     8.0418     8.0139      98.30     0.6474     0.3345  1.000e-12  0.1567000     7.4585     7.4581    -0.0004     5.9088     5.9085     23.286     23.795      0.576    1434.75    1434.75  0.000e+00
       8617     24.000     4.6842     4.6854     0.0012    0.80145    0.80144          1     8.0471     8.0152      98.62     0.6674     0.3474  1.000e-12  0.1580000     7.4587     7.4583    -0.0004     5.9089     5.9086     23.782     24.301      0.521    1434.76    1434.76  0.000e+00
       8642     24.500     4.6852     4.6860     0.0007    0.80150    0.80148          1     8.0469     8.0214      98.62     0.6757     0.3198  1.000e-12  0.1407000     7.4589     7.4585    -0.0004     5.9090     5.9087     24.277     24.808      0.473    1434.77    1434.77  0.000e+00
       8668     25.000     4.6854     4.6861     0.0007    0.80153    0.80150          1     8.0442     8.0055      78.63     0.6387     0.3166  1.000e-12  0.1378000     7.4590     7.4585    -0.0005     5.9092     5.9087     24.772     25.314      0.494    1434.78    1434.78  0.000e+00
       8691     25.500     4.6854     4.6860     0.0006    0.80157    0.80153          1     8.0347     7.9973      98.74     0.6394     0.3422  1.000e-12  0.1448000     7.4593     7.4588    -0.0005     5.9094     5.9090     25.268     25.820      0.549    1434.79    1434.79  0.000e+00
       8711     26.000     4.6861     4.6868     0.0007    0.80166    0.80163          1     8.0340     8.0022      98.57     0.6631     0.3867  1.000e-12  0.1658000     7.4600     7.4596    -0.0005     5.9099     5.9095     25.763     26.327      0.584    1434.80    1434.80  0.000e+00
       8732     26.500     4.6877     4.6883     0.0006    0.80176    0.80173          1     8.0387     8.0100      98.51     0.6632     0.3828  1.000e-12  0.1445000     7.4606     7.4601    -0.0005     5.9103     5.9099     26.259     26.833      0.581    1434.82    1434.82  0.000e+00
       8753     27.000     4.6892     4.6901     0.0008    0.80183    0.80181          1     8.0437     8.0153      98.29     0.6562     0.3544  1.000e-12  0.1422000     7.4609     7.4605    -0.0004     5.9105     5.9102     26.754     27.339      0.547    1434.83    1434.83  0.000e+00
       8776     27.500     4.6908     4.6912     0.0005    0.80191    0.80187          1     8.0426     8.0053      96.12     0.6506     0.3718  1.000e-12  0.1516000     7.4613     7.4608    -0.0004     5.9107     5.9104     27.249     27.845      0.502    1434.85    1434.85  0.000e+00
       8801     28.000     4.6948     4.6946    -0.0002    0.80209    0.80203          1     8.0339     7.9941      98.63     0.6510     0.3190  1.000e-12  0.1551000     7.4621     7.4615    -0.0005     5.9112     5.9108     27.745     28.352      0.487    1434.87    1434.87  0.000e+00
