ctdpy/exports/archive_20191120_135557/received_data/SBE09_1044_20181019_1556_34_01_0112.cnv
* Sea-Bird SBE 9 Data File:
* FileName = C:\ctd\temp\ar18d112.hex
* Software Version Seasave V 7.26.7.107
* Temperature SN = 5351
* Conductivity SN = 3941
* Number of Bytes Per Scan = 41
* Number of Voltage Words = 4
* Number of Scans Averaged by the Deck Unit = 1
* NMEA Latitude = 55 37.05 N
* NMEA Longitude = 014 52.04 E
* NMEA UTC (Time) = Oct 19 2018  13:56:22
* NMEA baud rate = 4800
** Station:  Hanobukten
** Operator:  Obac
** Ship: ARANDA
** Average sound velocity: 1464.08 m/s
** True-depth calculation Fri, 19 Oct 2018 15:21:34 +0000
** CTD Python Module SMHI /ver 3-12/ feb 2012 
** LIMS Job: 20183401-0112
** Cruise: SMHI-4-2018
** Latitude [GG MM.mm N]:
** Longitude [GG MM.mm E]
# nquan = 26
# nvalues = 145                         
# units = specified
# name 0 = scan: Scan Count
# name 1 = prDM: Pressure, Digiquartz [db]
# name 2 = t090C: Temperature [ITS-90, deg C]
# name 3 = t190C: Temperature, 2 [ITS-90, deg C]
# name 4 = T2-T190C: Temperature Difference, 2 - 1 [ITS-90, deg C]
# name 5 = c0S/m: Conductivity [S/m]
# name 6 = c1S/m: Conductivity, 2 [S/m]
# name 7 = pumps: Pump Status
# name 8 = sbeox0ML/L: Oxygen, SBE 43 [ml/l]
# name 9 = sbeox1ML/L: Oxygen, SBE 43, 2 [ml/l]
# name 10 = altM: Altimeter [m]
# name 11 = flECO-AFL: Chl-a Fluorescence, WET Labs ECO-AFL/FL [mg/m^3]
# name 12 = flECO-AFL1: Phycocyanin Fluorescence, WET Labs ECO-AFL/FL, 2 [mg/m^3]
# name 13 = par: PAR/Irradiance, Biospherical/Lico [µE/(cm^2*s)]
# name 14 = turbWETntu0: Turbidity, WET Labs ECO [NTU]
# name 15 = sal00: Salinity, Practical [PSU]
# name 16 = sal11: Salinity, Practical, 2 [PSU]
# name 17 = secS-priS: Salinity, Practical, Difference, 2 - 1 [PSU]
# name 18 = sigma-t00: Density [sigma-t, Kg/m^3 ]
# name 19 = sigma-t11: Density, 2 [sigma-t, Kg/m^3 ]
# name 20 = depSM: Depth [salt water, m], lat = 55.6175
# name 21 = depFM: Depth [true depth, m], lat = 55.6175
# name 22 = dz/dtM: Descent Rate [m/s], WS = 2
# name 23 = svCM: Sound Velocity [Chen-Millero, m/s]
# name 24 = svCM1: Sound Velocity, 2 [Chen-Millero, m/s]
# name 25 = flag: flag
# span 0 =      16823,      20253       
# span 1 =      1.500,     73.500       
# span 2 =     7.7635,    12.9865       
# span 3 =     7.7645,    13.0760       
# span 4 =    -0.0425,     0.0888       
# span 5 =   0.955133,   1.917419       
# span 6 =   0.955079,   1.917479       
# span 7 =          1,          1       
# span 8 =    0.06589,    7.35992       
# span 9 =    0.11941,    6.94513       
# span 10 =       3.35,      98.54      
# span 11 =     0.2357,     2.2204      
# span 12 =     0.1642,     0.5484      
# span 13 = 1.0000e-12, 6.0743e+02      
# span 14 =     0.1728,     2.9778      
# span 15 =     7.7494,    16.5633      
# span 16 =     7.7423,    16.5629      
# span 17 =    -0.0295,     0.0126      
# span 18 =     5.3734,    12.6375      
# span 19 =     5.3549,    12.6369      
# span 20 =      1.486,     72.821      
# span 21 =      1.520,     74.260      
# span 22 =     -0.007,      0.632      
# span 23 =    1448.93,    1475.57      
# span 24 =    1448.93,    1475.63      
# span 25 = 0.0000e+00, 0.0000e+00      
# interval = decibars: 0.5              
# start_time = Oct 19 2018 13:56:22 [NMEA time, first data scan]
# bad_flag = -9.990e-29
*END*
[from data line 112]
      19239     57.500    11.9086    11.9080    -0.0005    1.82769    1.82748          1     1.0597     1.1355      20.11     0.2847     0.2217  1.000e-12  0.2592000    14.8068    14.8053    -0.0016    10.9738    10.9727     56.971     58.155      0.582    1473.40    1473.40  0.000e+00
      19259     58.000    11.6774    11.6926     0.0151    1.81669    1.81726          1     1.1057     1.1627      19.62     0.2791     0.1673  1.000e-12  0.2764000    14.8009    14.8000    -0.0010    11.0030    11.0000     57.466     58.658      0.596    1472.56    1472.61  0.000e+00
      19279     58.500    11.2950    11.3001     0.0051    1.79884    1.79901          1     1.0997     1.1418      19.11     0.2731     0.1813  1.000e-12  0.2885000    14.7940    14.7935    -0.0005    11.0523    11.0512     57.961     59.162      0.592    1471.16    1471.17  0.000e+00
      19299     59.000    11.0429    11.0426    -0.0003    1.78945    1.78941          1     0.9686     1.0258      18.61     0.2725     0.2158  1.000e-12  0.2787000    14.8105    14.8102    -0.0003    11.1002    11.1000     58.457     59.666      0.576    1470.25    1470.25  0.000e+00
      19321     59.500    10.8547    10.8569     0.0022    1.78870    1.78875          1     0.7687     0.8528      18.13     0.2736     0.1774  1.000e-12  0.3149000    14.8793    14.8789    -0.0004    11.1793    11.1786     58.952     60.169      0.556    1469.64    1469.65  0.000e+00
      19343     60.000    10.8477    10.8455    -0.0022    1.79563    1.79523          1     0.6089     0.7080      17.64     0.2647     0.1778  1.000e-12  0.3411000    14.9448    14.9421    -0.0027    11.2309    11.2291     59.447     60.673      0.548    1469.70    1469.69  0.000e+00
      19364     60.500    10.7841    10.7878     0.0038    1.79536    1.79555          1     0.5344     0.6327      17.06     0.2858     0.2549  1.000e-12  0.3625000    14.9681    14.9683     0.0002    11.2576    11.2573     59.943     61.177      0.554    1469.50    1469.51  0.000e+00
      19386     61.000    10.6221    10.6224     0.0004    1.79160    1.79178          1     0.4522     0.5574      16.49     0.2882     0.2705  1.000e-12  0.3567000    15.0000    15.0015     0.0015    11.3040    11.3052     60.438     61.680      0.563    1468.94    1468.94  0.000e+00
      19407     61.500     9.9980     9.9963    -0.0016    1.76380    1.76461          1     0.2868     0.4150      15.95     0.2765     0.2377  1.000e-12  0.3613000    15.0010    15.0092     0.0082    11.3854    11.3920     60.933     62.184      0.570    1466.59    1466.59  0.000e+00
      19428     62.000     9.5573     9.5532    -0.0041    1.74524    1.74515          1     0.1324     0.2777      15.42     0.2882     0.1829  1.000e-12  0.4206000    15.0112    15.0121     0.0009    11.4480    11.4492     61.429     62.687      0.580    1464.92    1464.91  0.000e+00
      19448     62.500     9.5063     9.5078     0.0015    1.74470    1.74472          1     0.0855     0.2208      14.90     0.2999     0.2333  1.000e-12  0.4369000    15.0273    15.0268    -0.0005    11.4667    11.4661     61.924     63.191      0.588    1464.75    1464.76  0.000e+00
      19469     63.000     9.3471     9.3537     0.0065    1.74036    1.74063          1     0.0964     0.2078      14.40     0.3129     0.2447  1.000e-12  0.4480000    15.0531    15.0528    -0.0003    11.5056    11.5046     62.419     63.694      0.594    1464.18    1464.20  0.000e+00
      19489     63.500     9.1361     9.1360    -0.0001    1.73715    1.73715          1     0.1094     0.1998      13.88     0.3143     0.2288  1.000e-12  0.4564000    15.1114    15.1114     0.0001    11.5757    11.5758     62.915     64.198      0.591    1463.44    1463.44  0.000e+00
      19509     64.000     9.1137     9.1082    -0.0053    1.74250    1.74158          1     0.1424     0.2198      13.41     0.3047     0.2076  1.000e-12  0.4636000    15.1714    15.1650    -0.0064    11.6250    11.6207     63.410     64.701      0.572    1463.43    1463.40  0.000e+00
      19531     64.500     9.4196     9.4317     0.0115    1.77612    1.77625          1     0.2002     0.2626      12.93     0.2958     0.2091  1.000e-12  0.4830000    15.3584    15.3545    -0.0039    11.7346    11.7301     63.905     65.205      0.551    1464.85    1464.90  0.000e+00
      19553     65.000     8.9423     8.9272    -0.0144    1.76502    1.76417          1     0.2317     0.2804      12.42     0.3406     0.2773  1.000e-12  0.6161000    15.4587    15.4571    -0.0016    11.8685    11.8690     64.400     65.708      0.549    1463.13    1463.07  0.000e+00
      19575     65.500     9.0984     9.1005     0.0019    1.78408    1.78406          1     0.2056     0.2578      11.94     0.3257     0.2443  1.000e-12  0.5712000    15.5721    15.5710    -0.0011    11.9389    11.9379     64.896     66.211      0.566    1463.89    1463.89  0.000e+00
      19595     66.000     9.0711     9.0727     0.0016    1.78761    1.78755          1     0.1420     0.2068      11.37     0.3256     0.2430  1.000e-12  0.5296000    15.6174    15.6162    -0.0012    11.9774    11.9763     65.391     66.714      0.582    1463.84    1463.85  0.000e+00
      19616     66.500     9.0206     9.0214     0.0008    1.79346    1.79330          1     0.0993     0.1696      10.85     0.3347     0.2441  1.000e-12  0.8913000    15.6952    15.6933    -0.0019    12.0438    12.0423     65.886     67.218      0.582    1463.75    1463.75  0.000e+00
      19637     67.000     8.9672     8.9688     0.0016    1.80010    1.79986          1     0.0838     0.1527      10.32     0.3593     0.2344  1.000e-12  1.5915000    15.7819    15.7789    -0.0031    12.1176    12.1151     66.382     67.721      0.573    1463.66    1463.66  0.000e+00
      19658     67.500     8.9838     8.9849     0.0011    1.81152    1.81114          1     0.0793     0.1470       9.82     0.3861     0.2075  1.000e-12  2.4308000    15.8835    15.8794    -0.0041    12.1948    12.1915     66.877     68.224      0.570    1463.85    1463.85  0.000e+00
      19679     68.000     8.9817     8.9830     0.0013    1.81870    1.81867          1     0.0852     0.1439       9.31     0.3973     0.2291  1.000e-12  2.3943000    15.9528    15.9520    -0.0008    12.2491    12.2483     67.372     68.727      0.573    1463.94    1463.94  0.000e+00
      19700     68.500     8.9853     8.9884     0.0031    1.82284    1.82300          1     0.0851     0.1420       8.79     0.4101     0.2603  1.000e-12  2.4886000    15.9907    15.9908     0.0001    12.2782    12.2779     67.868     69.230      0.570    1464.01    1464.02  0.000e+00
      19721     69.000     8.8786     8.8805     0.0018    1.81917    1.81925          1     0.0766     0.1375       8.26     0.4091     0.2463  1.000e-12  2.4790000    16.0033    16.0032    -0.0001    12.3003    12.3000     68.363     69.733      0.563    1463.61    1463.62  0.000e+00
      19742     69.500     8.8947     8.8948     0.0002    1.82451    1.82411          1     0.0721     0.1311       7.77     0.4150     0.1815  1.000e-12  2.6722000    16.0471    16.0432    -0.0039    12.3326    12.3296     68.858     70.236      0.565    1463.74    1463.73  0.000e+00
      19763     70.000     8.9311     8.9331     0.0020    1.83183    1.83165          1     0.0664     0.1232       7.26     0.4126     0.2359  1.000e-12  2.9624000    16.1007    16.0981    -0.0026    12.3702    12.3679     69.354     70.739      0.587    1463.95    1463.96  0.000e+00
      19783     70.500     9.0067     9.0036    -0.0031    1.84352    1.84263          1     0.0659     0.1194       6.78     0.3853     0.2364  1.000e-12  2.9778000    16.1781    16.1710    -0.0071    12.4217    12.4165     69.849     71.242      0.605    1464.35    1464.33  0.000e+00
      19803     71.000     9.3137     9.3076    -0.0059    1.87349    1.87240          1     0.1014     0.1485       6.29     0.4073     0.2408  1.000e-12  2.4196000    16.3240    16.3165    -0.0075    12.4988    12.4937     70.344     71.746      0.597    1465.72    1465.69  0.000e+00
      19824     71.500     9.6425     9.6473     0.0046    1.91091    1.91091          1     0.1838     0.2142       5.79     0.3946     0.2373  1.000e-12  2.5796000    16.5279    16.5257    -0.0022    12.6170    12.6147     70.839     72.248      0.561    1467.25    1467.26  0.000e+00
      19846     72.000     9.6946     9.6966     0.0020    1.91700    1.91702          1     0.2459     0.2631       5.25     0.3614     0.2086  1.000e-12  1.6438000    16.5613    16.5606    -0.0007    12.6365    12.6356     71.335     72.751      0.531    1467.49    1467.50  0.000e+00
      19869     72.500     9.6980     9.7003     0.0023    1.91737    1.91745          1     0.2572     0.2821       4.74     0.3312     0.2071  1.000e-12  0.5791000    16.5632    16.5629    -0.0003    12.6375    12.6369     71.830     73.254      0.545    1467.52    1467.53  0.000e+00
      19890     73.000     9.6985     9.7006     0.0021    1.91742    1.91748          1     0.2527     0.2837       4.28     0.3249     0.2985  1.000e-12  0.5082000    16.5633    16.5629    -0.0004    12.6375    12.6369     72.325     73.757      0.578    1467.53    1467.54  0.000e+00
      20253     73.500     9.6990     9.7008     0.0017    1.91701    1.91703          1     0.2332     0.2594       3.35     0.3270     0.2402  1.000e-12  0.5594000    16.5590    16.5584    -0.0006    12.6341    12.6334     72.821     74.260     -0.007    1467.53    1467.54  0.000e+00
