ctdpy/exports/archive_20191120_135557/received_data/SBE09_0827_20180301_1608_26_01_0342.cnv
* Sea-Bird SBE 9 Data File:
* FileName = D:\CTD_SBE911\DAT\26DA.2018.3.42.hex
* Software Version Seasave V 7.21d
* Temperature SN = 034757
* Conductivity SN = 041844
* Number of Bytes Per Scan = 48
* Number of Voltage Words = 5
* Number of Scans Averaged by the Deck Unit = 1
* NMEA Latitude = 57 19.48 N
* NMEA Longitude = 019 03.95 E
* NMEA UTC (Time) = Mar 01 2018  16:09:01
* NMEA baud rate = 4800
** Ship: DANA
** Average sound velocity: 1426.19 m/s
** True-depth calculation Tue, 02 Apr 2019 12:09:04 +0000
** CTD Python Module SMHI /ver 3-12/ feb 2012 
** LIMS Job: 20182601-0342
** Operator:
** Cruise: 02/2018
# nquan = 26
# nvalues = 125                         
# units = specified
# name 0 = scan: Scan Count
# name 1 = prDM: Pressure, Digiquartz [db]
# name 2 = t090C: Temperature [ITS-90, deg C]
# name 3 = t190C: Temperature, 2 [ITS-90, deg C]
# name 4 = T2-T190C: Temperature Difference, 2 - 1 [ITS-90, deg C]
# name 5 = c0S/m: Conductivity [S/m]
# name 6 = c1S/m: Conductivity, 2 [S/m]
# name 7 = pumps: Pump Status
# name 8 = sbeox1ML/L: Oxygen, SBE 43, 2 [ml/l]
# name 9 = sbeox0ML/L: Oxygen, SBE 43 [ml/l]
# name 10 = altM: Altimeter [m]
# name 11 = chloroflTC0: Chlorophyll, Turner Cyclops [ug/l]
# name 12 = cpar: CPAR/Corrected Irradiance [%]
# name 13 = par: PAR/Irradiance, Biospherical/Lico [µE/(cm^2*s)]
# name 14 = spar: SPAR, Biospherical/Licor
# name 15 = sal00: Salinity, Practical [PSU]
# name 16 = sal11: Salinity, Practical, 2 [PSU]
# name 17 = secS-priS: Salinity, Practical, Difference, 2 - 1 [PSU]
# name 18 = sigma-t00: Density [sigma-t, kg/m^3 ]
# name 19 = sigma-t11: Density, 2 [sigma-t, kg/m^3 ]
# name 20 = depSM: Depth [salt water, m], lat = 57.3247
# name 21 = depFM: Depth [true depth, m], lat = 57.3247
# name 22 = dz/dtM: Descent Rate [m/s], WS = 2
# name 23 = svCM: Sound Velocity [Chen-Millero, m/s]
# name 24 = svCM1: Sound Velocity, 2 [Chen-Millero, m/s]
# name 25 = flag: flag
# span 0 =         28,       6362       
# span 1 =      0.500,     62.500       
# span 2 =     2.7347,     2.8612       
# span 3 =     2.7342,     2.8648       
# span 4 =    -0.0272,     0.0155       
# span 5 =   0.750160,   0.753592       
# span 6 =   0.749475,   0.753033       
# span 7 =          1,          1       
# span 8 =     8.5925,     8.6465       
# span 9 =     8.5339,     8.5947       
# span 10 =       1.97,       9.96      
# span 11 =     0.0120,     0.0145      
# span 12 = 7.6126e-12, 2.1159e+01      
# span 13 = 1.0000e-12, 2.9197e+00      
# span 14 = 8.1119e+00, 1.4244e+01      
# span 15 =     7.3725,     7.3781      
# span 16 =     7.3656,     7.3714      
# span 17 =    -0.0117,    -0.0054      
# span 18 =     5.8796,     5.8834      
# span 19 =     5.8741,     5.8779      
# span 20 =      0.495,     61.915      
# span 21 =      0.506,     63.286      
# span 22 =     -0.043,      0.864      
# span 23 =    1425.63,    1427.01      
# span 24 =    1425.62,    1427.02      
# span 25 = 0.0000e+00, 0.0000e+00      
# interval = decibars: 0.5              
# start_time = Mar 01 2018 16:09:02 [NMEA time, first data scan]
# bad_flag = -9.990e-29
*END*
[from data line 56]
       2739     28.500     2.8037     2.8010    -0.0027    0.75167    0.75086          1     8.6250     8.5606       9.96     0.0123  9.848e-12  1.000e-12  1.015e+01     7.3759     7.3680    -0.0079     5.8819     5.8756     28.236     28.859      0.450    1426.21    1426.18  0.000e+00
       2820     29.000     2.8035     2.8034    -0.0001    0.75166    0.75094          1     8.6261     8.5538       9.96     0.0126  9.848e-12  1.000e-12  1.015e+01     7.3758     7.3682    -0.0075     5.8818     5.8758     28.731     29.365      0.265    1426.21    1426.20  0.000e+00
       2880     29.500     2.8022     2.8012    -0.0011    0.75163    0.75089          1     8.6322     8.5493       9.96     0.0137  9.848e-12  1.000e-12  1.015e+01     7.3757     7.3681    -0.0076     5.8817     5.8757     29.226     29.871      0.454    1426.21    1426.20  0.000e+00
       2903     30.000     2.8113     2.8050    -0.0063    0.75191    0.75097          1     8.6276     8.5462       9.96     0.0136  9.848e-12  1.000e-12  1.015e+01     7.3764     7.3680    -0.0084     5.8822     5.8756     29.722     30.377      0.493    1426.27    1426.23  0.000e+00
       2930     30.500     2.8102     2.8106     0.0003    0.75187    0.75115          1     8.6279     8.5572       9.96     0.0125  9.848e-12  1.000e-12  1.015e+01     7.3762     7.3685    -0.0076     5.8821     5.8760     30.217     30.884      0.361    1426.27    1426.26  0.000e+00
       3051     31.000     2.8083     2.8097     0.0014    0.75180    0.75114          1     8.6362     8.5477       9.96     0.0122  9.848e-12  1.000e-12  1.015e+01     7.3758     7.3686    -0.0072     5.8818     5.8760     30.712     31.390      0.456    1426.27    1426.26  0.000e+00
       3070     31.500     2.8082     2.8088     0.0006    0.75181    0.75112          1     8.6340     8.5581       9.96     0.0122  9.848e-12  1.000e-12  1.015e+01     7.3759     7.3685    -0.0074     5.8819     5.8760     31.208     31.896      0.607    1426.28    1426.27  0.000e+00
       3089     32.000     2.8076     2.8082     0.0006    0.75182    0.75112          1     8.6273     8.5609       9.96     0.0122  9.848e-12  1.000e-12  1.015e+01     7.3761     7.3686    -0.0075     5.8820     5.8760     31.703     32.403      0.562    1426.28    1426.27  0.000e+00
       3115     32.500     2.8105     2.8110     0.0004    0.75189    0.75118          1     8.6189     8.5544       9.96     0.0122  9.848e-12  1.000e-12  1.015e+01     7.3761     7.3685    -0.0076     5.8820     5.8759     32.198     32.909      0.353    1426.30    1426.29  0.000e+00
       3243     33.000     2.7987     2.8009     0.0022    0.75157    0.75094          1     8.6236     8.5499       9.96     0.0126  9.848e-12  1.000e-12  1.015e+01     7.3753     7.3682    -0.0071     5.8815     5.8758     32.693     33.415      0.299    1426.25    1426.25  0.000e+00
       3275     33.500     2.7990     2.7989    -0.0001    0.75158    0.75089          1     8.6298     8.5601       9.96     0.0124  9.848e-12  1.000e-12  1.015e+01     7.3753     7.3680    -0.0073     5.8815     5.8757     33.189     33.921      0.504    1426.26    1426.25  0.000e+00
       3296     34.000     2.8021     2.7994    -0.0027    0.75169    0.75089          1     8.6328     8.5644       9.96     0.0140  9.848e-12  1.000e-12  1.015e+01     7.3757     7.3679    -0.0077     5.8817     5.8756     33.684     34.428      0.554    1426.28    1426.26  0.000e+00
       3319     34.500     2.8102     2.8022    -0.0080    0.75192    0.75097          1     8.6299     8.5586       9.96     0.0131  9.848e-12  1.000e-12  1.015e+01     7.3762     7.3680    -0.0082     5.8821     5.8756     34.179     34.934      0.429    1426.33    1426.28  0.000e+00
       3405     35.000     2.8022     2.8067     0.0045    0.75169    0.75109          1     8.6256     8.5624       9.96     0.0121  9.848e-12  1.000e-12  1.015e+01     7.3755     7.3682    -0.0073     5.8816     5.8757     34.675     35.440      0.484    1426.30    1426.31  0.000e+00
       3456     35.500     2.8030     2.8027    -0.0003    0.75172    0.75102          1     8.6298     8.5588       9.96     0.0122  9.848e-12  1.000e-12  1.015e+01     7.3756     7.3683    -0.0073     5.8816     5.8759     35.170     35.947      0.816    1426.31    1426.30  0.000e+00
       3470     36.000     2.8025     2.8027     0.0002    0.75172    0.75104          1     8.6161     8.5622       9.96     0.0122  9.848e-12  1.000e-12  1.015e+01     7.3756     7.3684    -0.0073     5.8817     5.8759     35.665     36.453      0.650    1426.32    1426.31  0.000e+00
       3579     36.500     2.8033     2.8032    -0.0002    0.75175    0.75105          1     8.6217     8.5627       9.96     0.0122  9.848e-12  1.000e-12  1.015e+01     7.3757     7.3683    -0.0074     5.8818     5.8758     36.161     36.959      0.393    1426.33    1426.32  0.000e+00
       3679     37.000     2.8203     2.8179    -0.0023    0.75228    0.75146          1     8.6306     8.5465       9.96     0.0122  9.848e-12  1.000e-12  1.015e+01     7.3772     7.3692    -0.0081     5.8829     5.8764     36.656     37.466      0.244    1426.42    1426.40  0.000e+00
       3745     37.500     2.8301     2.8318     0.0017    0.75252    0.75183          1     8.6275     8.5445       9.96     0.0122  9.848e-12  1.000e-12  1.015e+01     7.3775     7.3699    -0.0076     5.8830     5.8769     37.151     37.972      0.247    1426.47    1426.47  0.000e+00
       3848     38.000     2.8351     2.8326    -0.0025    0.75263    0.75185          1     8.6195     8.5464       9.96     0.0123  9.848e-12  1.000e-12  1.015e+01     7.3774     7.3698    -0.0076     5.8829     5.8769     37.647     38.478      0.395    1426.50    1426.48  0.000e+00
       3869     38.500     2.8275     2.8339     0.0063    0.75242    0.75190          1     8.6128     8.5455       9.96     0.0123  9.848e-12  1.000e-12  1.015e+01     7.3769     7.3700    -0.0070     5.8826     5.8770     38.142     38.984      0.473    1426.48    1426.50  0.000e+00
       3934     39.000     2.8238     2.8238     0.0001    0.75233    0.75166          1     8.6274     8.5495       9.96     0.0125  9.849e-12  1.000e-12  1.015e+01     7.3767     7.3697    -0.0070     5.8824     5.8769     38.637     39.491      0.273    1426.47    1426.46  0.000e+00
       4023     39.500     2.7993     2.8149     0.0155    0.75162    0.75143          1     8.6398     8.5495       9.96     0.0123  9.920e-12  1.000e-12  1.009e+01     7.3748     7.3692    -0.0056     5.8811     5.8765     39.132     39.997      0.348    1426.36    1426.42  0.000e+00
       4052     40.000     2.7834     2.7910     0.0077    0.75117    0.75083          1     8.6286     8.5484       9.96     0.0128  9.936e-12  1.000e-12  1.008e+01     7.3737     7.3683    -0.0054     5.8803     5.8759     39.628     40.503      0.424    1426.29    1426.32  0.000e+00
       4080     40.500     2.7794     2.7820     0.0026    0.75112    0.75055          1     8.6286     8.5455       9.96     0.0122  1.026e-11  1.000e-12  9.812e+00     7.3740     7.3674    -0.0066     5.8805     5.8753     40.123     41.010      0.396    1426.28    1426.29  0.000e+00
       4148     41.000     2.7868     2.7845    -0.0022    0.75136    0.75061          1     8.6354     8.5588       9.96     0.0123  1.028e-11  1.000e-12  9.794e+00     7.3748     7.3673    -0.0074     5.8811     5.8752     40.618     41.516      0.252    1426.32    1426.30  0.000e+00
       4218     41.500     2.8027     2.7950    -0.0078    0.75183    0.75088          1     8.6357     8.5523       9.96     0.0132  1.090e-11  1.000e-12  9.289e+00     7.3759     7.3677    -0.0082     5.8820     5.8754     41.114     42.022      0.434    1426.41    1426.36  0.000e+00
       4244     42.000     2.7922     2.7971     0.0048    0.75148    0.75100          1     8.6222     8.5609       9.96     0.0122  1.129e-11  1.000e-12  8.963e+00     7.3746     7.3684    -0.0062     5.8809     5.8760     41.609     42.528      0.436    1426.36    1426.38  0.000e+00
       4275     42.500     2.7830     2.7785    -0.0046    0.75130    0.75051          1     8.6136     8.5797       9.96     0.0121  1.120e-11  1.000e-12  9.039e+00     7.3748     7.3675    -0.0073     5.8811     5.8754     42.104     43.035      0.359    1426.33    1426.30  0.000e+00
       4312     43.000     2.7968     2.7919    -0.0049    0.75168    0.75081          1     8.6200     8.5609       9.96     0.0122  1.156e-11  1.000e-12  8.743e+00     7.3755     7.3675    -0.0080     5.8817     5.8753     42.599     43.541      0.285    1426.40    1426.37  0.000e+00
       4415     43.500     2.7849     2.7874     0.0025    0.75135    0.75075          1     8.6382     8.5531       9.96     0.0122  1.197e-11  1.000e-12  8.403e+00     7.3747     7.3679    -0.0068     5.8811     5.8756     43.095     44.047      0.284    1426.35    1426.36  0.000e+00
       4459     44.000     2.7739     2.7839     0.0099    0.75104    0.75066          1     8.6329     8.5590       9.96     0.0122  1.232e-11  1.000e-12  8.112e+00     7.3739     7.3676    -0.0063     5.8805     5.8754     43.590     44.554      0.560    1426.31    1426.35  0.000e+00
       4477     44.500     2.7751     2.7760     0.0009    0.75110    0.75050          1     8.6319     8.5603       9.96     0.0126  1.231e-11  1.000e-12  8.123e+00     7.3742     7.3677    -0.0065     5.8807     5.8755     44.085     45.060      0.616    1426.32    1426.32  0.000e+00
       4497     45.000     2.7682     2.7732     0.0050    0.75091    0.75040          1     8.6378     8.5585       9.96     0.0124  1.231e-11  1.000e-12  8.123e+00     7.3738     7.3672    -0.0066     5.8804     5.8751     44.581     45.566      0.494    1426.30    1426.31  0.000e+00
       4561     45.500     2.7694     2.7708     0.0013    0.75099    0.75033          1     8.6372     8.5592       9.96     0.0125  1.224e-11  1.000e-12  8.181e+00     7.3742     7.3670    -0.0072     5.8807     5.8750     45.076     46.072      0.271    1426.31    1426.31  0.000e+00
       4609     46.000     2.7799     2.7718    -0.0081    0.75127    0.75035          1     8.6265     8.5606       9.96     0.0123  1.231e-11  1.000e-12  8.125e+00     7.3747     7.3669    -0.0078     5.8811     5.8749     45.571     46.579      0.389    1426.37    1426.32  0.000e+00
       4647     46.500     2.7742     2.7791     0.0048    0.75112    0.75057          1     8.6355     8.5638       9.96     0.0123  1.231e-11  1.000e-12  8.123e+00     7.3744     7.3674    -0.0069     5.8808     5.8753     46.067     47.085      0.267    1426.35    1426.36  0.000e+00
       4697     47.000     2.7765     2.7739    -0.0026    0.75120    0.75043          1     8.6367     8.5702       9.96     0.0123  1.231e-11  1.000e-12  8.123e+00     7.3747     7.3671    -0.0075     5.8811     5.8751     46.562     47.591      0.269    1426.37    1426.35  0.000e+00
       4738     47.500     2.7609     2.7754     0.0145    0.75076    0.75051          1     8.6174     8.5643       9.96     0.0123  1.231e-11  1.000e-12  8.123e+00     7.3735     7.3675    -0.0060     5.8803     5.8754     47.057     48.098      0.284    1426.30    1426.36  0.000e+00
       4778     48.000     2.7592     2.7630     0.0039    0.75072    0.75018          1     8.6232     8.5642       9.96     0.0123  1.231e-11  1.000e-12  8.123e+00     7.3734     7.3669    -0.0065     5.8802     5.8749     47.552     48.604      0.352    1426.30    1426.31  0.000e+00
       4809     48.500     2.7505     2.7541     0.0036    0.75056    0.74999          1     8.6278     8.5762       9.96     0.0128  1.231e-11  1.000e-12  8.123e+00     7.3737     7.3668    -0.0069     5.8804     5.8749     48.048     49.110      0.351    1426.27    1426.28  0.000e+00
       4863     49.000     2.7496     2.7513     0.0018    0.75050    0.74988          1     8.6324     8.5547       9.96     0.0125  1.231e-11  1.000e-12  8.123e+00     7.3731     7.3662    -0.0069     5.8800     5.8745     48.543     49.617      0.278    1426.27    1426.27  0.000e+00
       4898     49.500     2.7384     2.7405     0.0021    0.75020    0.74963          1     8.6306     8.5610       9.96     0.0122  1.231e-11  1.000e-12  8.123e+00     7.3725     7.3660    -0.0065     5.8796     5.8744     49.038     50.123      0.574    1426.23    1426.23  0.000e+00
       4915     50.000     2.7443     2.7390    -0.0051    0.75040    0.74960          1     8.6356     8.5694       9.96     0.0122  1.231e-11  1.000e-12  8.123e+00     7.3731     7.3659    -0.0072     5.8800     5.8743     49.533     50.629      0.661    1426.27    1426.23  0.000e+00
       4934     50.500     2.7400     2.7395    -0.0006    0.75026    0.74961          1     8.6368     8.5719       9.96     0.0122  1.231e-11  1.000e-12  8.123e+00     7.3727     7.3658    -0.0068     5.8797     5.8742     50.029     51.135      0.522    1426.25    1426.24  0.000e+00
       5012     51.000     2.7347     2.7342    -0.0006    0.75016    0.74948          1     8.6274     8.5762       9.96     0.0122  1.231e-11  1.000e-12  8.123e+00     7.3727     7.3656    -0.0071     5.8798     5.8741     50.524     51.642      0.271    1426.24    1426.22  0.000e+00
       5062     51.500     2.7387     2.7358    -0.0028    0.75026    0.74952          1     8.6279     8.5793       9.96     0.0124  1.231e-11  1.000e-12  8.123e+00     7.3728     7.3657    -0.0071     5.8798     5.8741     51.019     52.148      0.340    1426.26    1426.24  0.000e+00
       5098     52.000     2.7376     2.7345    -0.0032    0.75026    0.74950          1     8.6227     8.5705       9.96     0.0132  1.231e-11  1.000e-12  8.123e+00     7.3729     7.3657    -0.0073     5.8799     5.8741     51.515     52.654      0.351    1426.27    1426.24  0.000e+00
       5130     52.500     2.7440     2.7395    -0.0045    0.75047    0.74962          1     8.6181     8.5947       9.96     0.0122  1.231e-11  1.000e-12  8.123e+00     7.3736     7.3657    -0.0079     5.8804     5.8741     52.010     53.161      0.443    1426.30    1426.27  0.000e+00
       5153     53.000     2.7835     2.7565    -0.0270    0.75172    0.75001          1     8.6256     8.5786       9.96     0.0130  1.231e-11  1.000e-12  8.123e+00     7.3776     7.3659    -0.0117     5.8834     5.8742     52.505     53.667      0.559    1426.50    1426.36  0.000e+00
       5174     53.500     2.8193     2.7921    -0.0272    0.75253    0.75083          1     8.6252     8.5489       9.96     0.0129  1.231e-11  1.000e-12  8.123e+00     7.3778     7.3663    -0.0116     5.8834     5.8743     53.000     54.173      0.529    1426.67    1426.53  0.000e+00
       5237     54.000     2.8183     2.8170    -0.0014    0.75250    0.75167          1     8.6098     8.5369       9.96     0.0124  1.231e-11  1.000e-12  8.123e+00     7.3776     7.3693    -0.0084     5.8832     5.8765     53.496     54.679      0.439    1426.68    1426.66  0.000e+00
       5303     54.500     2.8232     2.8163    -0.0068    0.75258    0.75162          1     8.6026     8.5339       9.96     0.0122  1.231e-11  1.000e-12  8.123e+00     7.3774     7.3688    -0.0086     5.8830     5.8762     53.991     55.186      0.759    1426.71    1426.66  0.000e+00
       5317     55.000     2.8179     2.8176    -0.0002    0.75239    0.75173          1     8.6056     8.5341       9.88     0.0122  1.231e-11  1.000e-12  8.123e+00     7.3765     7.3696    -0.0070     5.8823     5.8768     54.486     55.692      0.700    1426.69    1426.68  0.000e+00
       5353     55.500     2.8095     2.8080    -0.0015    0.75221    0.75150          1     8.6148     8.5466       9.39     0.0125  1.231e-11  1.000e-12  8.123e+00     7.3765     7.3693    -0.0071     5.8823     5.8766     54.981     56.198      0.422    1426.66    1426.64  0.000e+00
