ctdpy/exports/archive_20191120_135557/received_data/SBE09_1044_20180320_0344_34_02_0076.cnv
* Sea-Bird SBE 9 Data File:
* FileName = C:\ctd\temp\2018\ME18D076.hex
* Software Version Seasave V 7.26.6.26
* Temperature SN = 5351
* Conductivity SN = 3941
* Number of Bytes Per Scan = 41
* Number of Voltage Words = 4
* Number of Scans Averaged by the Deck Unit = 1
* NMEA Latitude = 58 17.05 N
* NMEA Longitude = 010 30.25 E
* NMEA UTC (Time) = Mar 20 2018  03:44:58
* NMEA baud rate = 4800
** Station:  Å17
** Operator:  MHan
** Ship: MERI
** Average sound velocity: 1480.35 m/s
** True-depth calculation Tue, 20 Mar 2018 04:54:03 +0000
** CTD Python Module SMHI /ver 3-12/ feb 2012 
** LIMS Job: 20183402-0076
** Cruise: SMHI-02-2018
** Latitude [GG MM.mm N] :
** Longitude [GG MM.mm E]:
# nquan = 26
# nvalues = 707                         
# units = specified
# name 0 = scan: Scan Count
# name 1 = prDM: Pressure, Digiquartz [db]
# name 2 = t090C: Temperature [ITS-90, deg C]
# name 3 = t190C: Temperature, 2 [ITS-90, deg C]
# name 4 = T2-T190C: Temperature Difference, 2 - 1 [ITS-90, deg C]
# name 5 = c0S/m: Conductivity [S/m]
# name 6 = c1S/m: Conductivity, 2 [S/m]
# name 7 = pumps: Pump Status
# name 8 = sbeox0ML/L: Oxygen, SBE 43 [ml/l]
# name 9 = sbeox1ML/L: Oxygen, SBE 43, 2 [ml/l]
# name 10 = altM: Altimeter [m]
# name 11 = flECO-AFL: Chl-a Fluorescence, WET Labs ECO-AFL/FL [mg/m^3]
# name 12 = flECO-AFL1: Phycocyanin Fluorescence, WET Labs ECO-AFL/FL, 2 [mg/m^3]
# name 13 = par: PAR/Irradiance, Biospherical/Lico [µE/(cm^2*s)]
# name 14 = turbWETntu0: Turbidity, WET Labs ECO [NTU]
# name 15 = sal00: Salinity, Practical [PSU]
# name 16 = sal11: Salinity, Practical, 2 [PSU]
# name 17 = secS-priS: Salinity, Practical, Difference, 2 - 1 [PSU]
# name 18 = sigma-t00: Density [sigma-t, Kg/m^3 ]
# name 19 = sigma-t11: Density, 2 [sigma-t, Kg/m^3 ]
# name 20 = depSM: Depth [salt water, m], lat = 58.2842
# name 21 = depFM: Depth [true depth, m], lat = 58.2842
# name 22 = dz/dtM: Descent Rate [m/s], WS = 2
# name 23 = svCM: Sound Velocity [Chen-Millero, m/s]
# name 24 = svCM1: Sound Velocity, 2 [Chen-Millero, m/s]
# name 25 = flag: flag
# span 0 =      11740,      25956       
# span 1 =      0.500,    353.500       
# span 2 =     0.1024,     8.0467       
# span 3 =     0.1030,     8.0469       
# span 4 =    -0.0391,     0.0570       
# span 5 =   2.175388,   3.636799       
# span 6 =   2.174496,   3.636841       
# span 7 =          1,          1       
# span 8 =    5.48004,    9.04617       
# span 9 =    5.48342,    9.05992       
# span 10 =       1.57,      98.77      
# span 11 =    -0.0081,    10.0821      
# span 12 =     0.1285,     1.7596      
# span 13 = -2.729e-07, 3.4097e-01      
# span 14 =     0.1425,     2.9453      
# span 15 =    25.4009,    35.0992      
# span 16 =    25.3869,    35.0992      
# span 17 =    -0.0406,     0.0826      
# span 18 =    20.3617,    27.4867      
# span 19 =    20.3505,    27.4866      
# span 20 =      0.495,    349.916      
# span 21 =      0.499,    350.615      
# span 22 =     -0.400,      1.147      
# span 23 =    1436.83,    1485.14      
# span 24 =    1436.83,    1485.14      
# span 25 = 0.0000e+00, 0.0000e+00      
# interval = decibars: 0.5              
# start_time = Mar 20 2018 03:44:58 [NMEA time, first data scan]
# bad_flag = -9.990e-29
*END*
[from data line 56]
      13039     28.500     4.5360     4.5349    -0.0010    3.12815    3.12773          1     6.8102     6.8332      98.71     0.3133     0.2293  1.000e-12  0.3735000    32.9314    32.9276    -0.0039    26.0859    26.0829     28.233     28.390      0.767    1466.65    1466.65  0.000e+00
      13053     29.000     4.5454     4.5453    -0.0001    3.13242    3.13233          1     6.7913     6.8154      98.71     0.2978     0.2835  1.000e-12  0.3760000    32.9716    32.9706    -0.0011    26.1168    26.1159     28.729     28.886      0.870    1466.75    1466.75  0.000e+00
      13067     29.500     4.5462     4.5463     0.0001    3.13295    3.13286          1     6.7980     6.8112      98.71     0.3193     0.2988  1.000e-12  0.3707000    32.9767    32.9756    -0.0012    26.1208    26.1198     29.224     29.382      0.911    1466.77    1466.77  0.000e+00
      13079     30.000     4.5467     4.5468     0.0001    3.13370    3.13361          1     6.8163     6.8180      98.71     0.3161     0.2480  1.000e-12  0.3688000    32.9846    32.9835    -0.0011    26.1270    26.1261     29.719     29.879      0.892    1466.79    1466.79  0.000e+00
      13093     30.500     4.5668     4.5680     0.0011    3.13902    3.13893          1     6.8208     6.8117      98.71     0.3075     0.2286  1.000e-12  0.3647000    33.0264    33.0241    -0.0023    26.1580    26.1560     30.214     30.375      0.823    1466.94    1466.94  0.000e+00
      13109     31.000     4.6486     4.6471    -0.0015    3.15413    3.15392          1     6.7908     6.7797      98.71     0.3205     0.2216  1.000e-12  0.3608000    33.1201    33.1191    -0.0010    26.2236    26.2229     30.710     30.871      0.721    1467.40    1467.39  0.000e+00
      13127     31.500     4.7675     4.7655    -0.0020    3.17514    3.17520          1     6.7845     6.7732      98.71     0.3406     0.2382  1.000e-12  0.3572000    33.2448    33.2473     0.0026    26.3096    26.3118     31.205     31.367      0.599    1468.06    1468.05  0.000e+00
      13150     32.000     4.8407     4.8399    -0.0007    3.18795    3.18824          1     6.7856     6.7631      98.71     0.3191     0.2770  1.000e-12  0.3514000    33.3196    33.3236     0.0041    26.3608    26.3641     31.700     31.864      0.475    1468.46    1468.47  0.000e+00
      13178     32.500     5.0232     5.0275     0.0044    3.21847    3.21939          1     6.7425     6.7208      98.71     0.3042     0.2915  1.000e-12  0.3392000    33.4885    33.4947     0.0062    26.4743    26.4788     32.196     32.360      0.457    1469.43    1469.46  0.000e+00
      13202     33.000     5.1313     5.1290    -0.0023    3.23554    3.23529          1     6.7029     6.6907      98.71     0.2717     0.2414  1.000e-12  0.3514000    33.5762    33.5756    -0.0006    26.5315    26.5313     32.691     32.856      0.543    1469.99    1469.98  0.000e+00
      13222     33.500     5.1811     5.1796    -0.0014    3.24334    3.24313          1     6.6849     6.6860      98.71     0.2476     0.2434  1.000e-12  0.3325000    33.6154    33.6145    -0.0010    26.5569    26.5563     33.186     33.352      0.623    1470.25    1470.25  0.000e+00
      13241     34.000     5.2214     5.2195    -0.0019    3.25002    3.24980          1     6.6795     6.6884      98.71     0.2405     0.2448  1.000e-12  0.3394000    33.6513    33.6507    -0.0007    26.5807    26.5804     33.681     33.848      0.664    1470.47    1470.46  0.000e+00
      13259     34.500     5.2336     5.2342     0.0007    3.25201    3.25201          1     6.6787     6.6918      98.71     0.2359     0.2353  1.000e-12  0.3413000    33.6616    33.6610    -0.0007    26.5874    26.5868     34.177     34.344      0.701    1470.54    1470.54  0.000e+00
      13275     35.000     5.2280     5.2312     0.0032    3.25170    3.25198          1     6.6711     6.6880      98.71     0.2359     0.2276  1.000e-12  0.3343000    33.6634    33.6634    -0.0001    26.5895    26.5891     34.672     34.840      0.759    1470.53    1470.54  0.000e+00
      13290     35.500     5.2290     5.2274    -0.0016    3.25174    3.25154          1     6.6627     6.6768      98.71     0.2293     0.2224  1.000e-12  0.3425000    33.6625    33.6620    -0.0006    26.5887    26.5884     35.167     35.336      0.812    1470.54    1470.53  0.000e+00
      13304     36.000     5.2231     5.2228    -0.0003    3.25116    3.25106          1     6.6611     6.6762      98.71     0.2237     0.2214  1.000e-12  0.3510000    33.6616    33.6608    -0.0008    26.5886    26.5880     35.663     35.832      0.825    1470.52    1470.52  0.000e+00
      13319     36.500     5.2227     5.2227    -0.0000    3.25112    3.25108          1     6.6638     6.6751      98.71     0.2237     0.2071  1.000e-12  0.3459000    33.6612    33.6608    -0.0004    26.5884    26.5881     36.158     36.328      0.783    1470.53    1470.53  0.000e+00
      13335     37.000     5.2283     5.2271    -0.0012    3.25210    3.25188          1     6.6797     6.6846      98.71     0.2237     0.2130  1.000e-12  0.3427000    33.6667    33.6654    -0.0014    26.5921    26.5911     36.653     36.825      0.685    1470.57    1470.56  0.000e+00
      13355     37.500     5.2643     5.2639    -0.0004    3.25759    3.25743          1     6.6912     6.6890      98.71     0.2237     0.2343  1.000e-12  0.3339000    33.6931    33.6916    -0.0015    26.6088    26.6077     37.148     37.321      0.539    1470.75    1470.75  0.000e+00
      13382     38.000     5.3482     5.3472    -0.0011    3.26911    3.26880          1     6.6533     6.6480      98.71     0.2237     0.2535  1.000e-12  0.3397000    33.7403    33.7378    -0.0025    26.6363    26.6345     37.644     37.817      0.417    1471.16    1471.15  0.000e+00
      13412     38.500     5.4084     5.4084     0.0000    3.27870    3.27877          1     6.6086     6.6032      98.71     0.2202     0.2053  1.000e-12  0.3133000    33.7891    33.7899     0.0008    26.6679    26.6685     38.139     38.313      0.446    1471.48    1471.48  0.000e+00
      13435     39.000     5.4317     5.4310    -0.0008    3.28293    3.28278          1     6.6283     6.6151      98.71     0.2112     0.2126  1.000e-12  0.3092000    33.8135    33.8127    -0.0009    26.6845    26.6838     38.634     38.809      0.622    1471.61    1471.60  0.000e+00
      13452     39.500     5.5035     5.5035    -0.0000    3.29379    3.29374          1     6.6312     6.6107      98.71     0.2114     0.2602  1.000e-12  0.3218000    33.8649    33.8643    -0.0006    26.7165    26.7161     39.129     39.305      0.794    1471.97    1471.97  0.000e+00
      13466     40.000     5.5833     5.5722    -0.0109    3.30482    3.30342          1     6.6123     6.5905      98.71     0.2030     0.2694  1.000e-12  0.3278000    33.9098    33.9051    -0.0047    26.7425    26.7401     39.625     39.801      0.906    1472.36    1472.31  0.000e+00
      13478     40.500     5.7145     5.7094    -0.0050    3.32050    3.31996          1     6.6025     6.5888      98.71     0.1871     0.2868  1.000e-12  0.3382000    33.9554    33.9544    -0.0010    26.7626    26.7625     40.120     40.297      0.944    1472.95    1472.93  0.000e+00
      13491     41.000     5.7659     5.7667     0.0007    3.32599    3.32603          1     6.5920     6.5799      98.71     0.1842     0.2835  1.000e-12  0.3322000    33.9656    33.9653    -0.0003    26.7644    26.7640     40.615     40.793      0.904    1473.18    1473.18  0.000e+00
      13505     41.500     5.8043     5.8018    -0.0025    3.33041    3.33013          1     6.5509     6.5722      98.71     0.1749     0.2736  1.000e-12  0.3204000    33.9768    33.9762    -0.0006    26.7684    26.7683     41.110     41.289      0.776    1473.35    1473.34  0.000e+00
      13524     42.000     5.8813     5.8826     0.0012    3.33818    3.33866          1     6.5202     6.5018      98.71     0.1685     0.2446  1.000e-12  0.3124000    33.9869    33.9909     0.0040    26.7670    26.7699     41.606     41.785      0.541    1473.68    1473.69  0.000e+00
      13557     42.500     5.9342     5.8960    -0.0375    3.34295    3.33897          1     6.5231     6.5116      98.71     0.1641     0.2145  1.000e-12  0.2924000    33.9873    33.9807    -0.0066    26.7607    26.7602     42.101     42.281      0.328    1473.90    1473.74  0.000e+00
      13589     43.000     6.0691     6.0442    -0.0261    3.36199    3.35990          1     6.5016     6.4855      98.71     0.1659     0.2401  1.000e-12  0.2829000    34.0660    34.0674     0.0014    26.8059    26.8101     42.596     42.777      0.518    1474.54    1474.45  0.000e+00
      13608     43.500     6.1660     6.1646    -0.0014    3.37493    3.37466          1     6.4756     6.4571      98.71     0.1749     0.1761  1.000e-12  0.3031000    34.1136    34.1121    -0.0015    26.8311    26.8301     43.091     43.273      0.724    1475.00    1474.99  0.000e+00
      13623     44.000     6.2142     6.2132    -0.0010    3.38089    3.38074          1     6.4596     6.4395      98.71     0.1616     0.2001  1.000e-12  0.2932000    34.1318    34.1310    -0.0007    26.8393    26.8389     43.587     43.769      0.836    1475.22    1475.21  0.000e+00
      13637     44.500     6.2501     6.2497    -0.0004    3.38562    3.38553          1     6.4444     6.4279      98.71     0.1529     0.2412  1.000e-12  0.2899000    34.1484    34.1479    -0.0006    26.8478    26.8474     44.082     44.265      0.867    1475.39    1475.39  0.000e+00
      13651     45.000     6.3017     6.3012    -0.0005    3.39217    3.39205          1     6.4333     6.4270      98.71     0.1530     0.2378  1.000e-12  0.2994000    34.1697    34.1689    -0.0008    26.8579    26.8574     44.577     44.761      0.828    1475.63    1475.62  0.000e+00
      13666     45.500     6.3348     6.3355     0.0006    3.39614    3.39626          1     6.4117     6.4151      98.71     0.1490     0.2400  1.000e-12  0.3008000    34.1805    34.1812     0.0007    26.8622    26.8626     45.072     45.257      0.708    1475.78    1475.78  0.000e+00
      13686     46.000     6.3763     6.3788     0.0025    3.40094    3.40148          1     6.3947     6.4019      98.71     0.1450     0.2283  1.000e-12  0.2965000    34.1923    34.1957     0.0034    26.8661    26.8685     45.568     45.752      0.491    1475.97    1475.98  0.000e+00
      13719     46.500     6.4155     6.4180     0.0026    3.40458    3.40496          1     6.3834     6.3936      98.71     0.1583     0.2048  1.000e-12  0.2828000    34.1932    34.1950     0.0018    26.8617    26.8628     46.063     46.248      0.349    1476.13    1476.14  0.000e+00
      13749     47.000     6.4556     6.4523    -0.0033    3.41099    3.41073          1     6.3829     6.3782      98.71     0.1599     0.2587  1.000e-12  0.2754000    34.2242    34.2246     0.0004    26.8809    26.8816     46.558     46.744      0.569    1476.33    1476.32  0.000e+00
      13766     47.500     6.5242     6.5230    -0.0013    3.41981    3.41965          1     6.3872     6.3718      98.71     0.1552     0.2283  1.000e-12  0.2774000    34.2534    34.2528    -0.0007    26.8949    26.8945     47.053     47.240      0.765    1476.65    1476.64  0.000e+00
      13780     48.000     6.5801     6.5784    -0.0017    3.42685    3.42661          1     6.3786     6.3648      98.71     0.1522     0.2350  1.000e-12  0.2715000    34.2753    34.2744    -0.0009    26.9047    26.9042     47.549     47.736      0.851    1476.90    1476.90  0.000e+00
      13794     48.500     6.6539     6.6539     0.0001    3.43642    3.43634          1     6.3544     6.3443      98.71     0.1496     0.2410  1.000e-12  0.2750000    34.3072    34.3063    -0.0009    26.9201    26.9193     48.044     48.232      0.840    1477.24    1477.24  0.000e+00
      13809     49.000     6.7175     6.7167    -0.0008    3.44408    3.44402          1     6.3154     6.3062      98.71     0.1265     0.2161  1.000e-12  0.2851000    34.3282    34.3282     0.0000    26.9280    26.9282     48.539     48.728      0.738    1477.52    1477.52  0.000e+00
      13828     49.500     6.7801     6.7788    -0.0012    3.45196    3.45189          1     6.2889     6.2796      98.71     0.1324     0.1992  1.000e-12  0.2754000    34.3524    34.3528     0.0004    26.9387    26.9392     49.034     49.224      0.537    1477.81    1477.80  0.000e+00
      13857     50.000     6.8003     6.8038     0.0035    3.45404    3.45501          1     6.2938     6.2740      98.71     0.1214     0.2144  1.000e-12  0.2672000    34.3549    34.3621     0.0072    26.9379    26.9431     49.529     49.720      0.389    1477.90    1477.92  0.000e+00
      13886     50.500     6.8887     6.8922     0.0035    3.46574    3.46656          1     6.2849     6.2631      98.71     0.1244     0.2061  1.000e-12  0.2598000    34.3953    34.4008     0.0055    26.9577    26.9616     50.025     50.216      0.526    1478.30    1478.32  0.000e+00
      13905     51.000     6.9441     6.9438    -0.0003    3.47338    3.47328          1     6.2575     6.2537      98.71     0.1175     0.2055  1.000e-12  0.2547000    34.4237    34.4229    -0.0008    26.9725    26.9719     50.520     50.712      0.633    1478.56    1478.55  0.000e+00
      13924     51.500     6.9896     6.9852    -0.0043    3.47945    3.47884          1     6.2281     6.2296      98.71     0.1104     0.1917  1.000e-12  0.2534000    34.4448    34.4425    -0.0023    26.9828    26.9816     51.015     51.208      0.656    1478.77    1478.75  0.000e+00
      13942     52.000     7.0001     6.9999    -0.0002    3.48086    3.48085          1     6.2196     6.2117      98.71     0.1016     0.2624  1.000e-12  0.2538000    34.4495    34.4496     0.0001    26.9851    26.9852     51.510     51.703      0.666    1478.82    1478.82  0.000e+00
      13960     52.500     7.0014     7.0007    -0.0008    3.48103    3.48098          1     6.2311     6.2283      98.71     0.1016     0.2887  1.000e-12  0.2644000    34.4499    34.4500     0.0001    26.9852    26.9854     52.006     52.199      0.715    1478.84    1478.83  0.000e+00
      13976     53.000     7.0172     7.0111    -0.0061    3.48300    3.48225          1     6.2292     6.2335      98.71     0.1100     0.2059  1.000e-12  0.2635000    34.4554    34.4533    -0.0021    26.9874    26.9866     52.501     52.695      0.755    1478.91    1478.89  0.000e+00
      13991     53.500     7.0692     7.0615    -0.0077    3.48934    3.48842          1     6.2091     6.2067      98.71     0.1257     0.2134  1.000e-12  0.2662000    34.4728    34.4704    -0.0024    26.9939    26.9930     52.996     53.191      0.712    1479.14    1479.11  0.000e+00
      14010     54.000     7.1658     7.1632    -0.0026    3.50108    3.50091          1     6.1883     6.1744      98.71     0.0969     0.2226  1.000e-12  0.2692000    34.5047    34.5054     0.0007    27.0055    27.0064     53.491     53.687      0.556    1479.56    1479.55  0.000e+00
      14037     54.500     7.1826     7.1823    -0.0003    3.50347    3.50360          1     6.1534     6.1425      98.71     0.0989     0.2268  1.000e-12  0.2622000    34.5138    34.5155     0.0017    27.0103    27.0117     53.987     54.183      0.412    1479.65    1479.65  0.000e+00
      14065     55.000     7.2230     7.2209    -0.0021    3.50865    3.50871          1     6.1641     6.1544      98.71     0.1136     0.2326  1.000e-12  0.2656000    34.5298    34.5326     0.0027    27.0173    27.0197     54.482     54.679      0.537    1479.83    1479.83  0.000e+00
      14084     55.500     7.2349     7.2344    -0.0001    3.51086    3.51080          1     6.1548     6.1469      98.71     0.0954     0.2418  1.000e-12  0.2601000    34.5419    34.5417    -0.0002    27.0251    27.0250     54.977     55.175      0.676    1479.90    1479.90  0.000e+00
