ctdpy/exports/archive_20191120_135557/received_data/SBE09_1044_20180531_1457_34_07_0051.cnv
* Sea-Bird SBE 9 Data File:
* FileName = C:\ctd\temp\2018\AU18D051.hex
* Software Version Seasave V 7.26.6.26
* Temperature SN = 5351
* Conductivity SN = 3941
* Number of Bytes Per Scan = 41
* Number of Voltage Words = 4
* Number of Scans Averaged by the Deck Unit = 1
* NMEA Latitude = 58 52.92 N
* NMEA Longitude = 020 19.69 E
* NMEA UTC (Time) = May 31 2018  14:57:02
* NMEA baud rate = 4800
** Station:  BY29
** Operator:  JKro
** Ship: AURA
** Average sound velocity: 1442.72 m/s
** True-depth calculation Thu, 31 May 2018 17:10:26 +0000
** CTD Python Module SMHI /ver 3-12/ feb 2012 
** LIMS Job: 20183407-0051
** Cruise: SMHI-02-2018
** Latitude [GG MM.mm N] :
** Longitude [GG MM.mm E]:
# nquan = 26
# nvalues = 341                         
# units = specified
# name 0 = scan: Scan Count
# name 1 = prDM: Pressure, Digiquartz [db]
# name 2 = t090C: Temperature [ITS-90, deg C]
# name 3 = t190C: Temperature, 2 [ITS-90, deg C]
# name 4 = T2-T190C: Temperature Difference, 2 - 1 [ITS-90, deg C]
# name 5 = c0S/m: Conductivity [S/m]
# name 6 = c1S/m: Conductivity, 2 [S/m]
# name 7 = pumps: Pump Status
# name 8 = sbeox0ML/L: Oxygen, SBE 43 [ml/l]
# name 9 = sbeox1ML/L: Oxygen, SBE 43, 2 [ml/l]
# name 10 = altM: Altimeter [m]
# name 11 = flECO-AFL: Chl-a Fluorescence, WET Labs ECO-AFL/FL [mg/m^3]
# name 12 = flECO-AFL1: Phycocyanin Fluorescence, WET Labs ECO-AFL/FL, 2 [mg/m^3]
# name 13 = par: PAR/Irradiance, Biospherical/Lico [µE/(cm^2*s)]
# name 14 = turbWETntu0: Turbidity, WET Labs ECO [NTU]
# name 15 = sal00: Salinity, Practical [PSU]
# name 16 = sal11: Salinity, Practical, 2 [PSU]
# name 17 = secS-priS: Salinity, Practical, Difference, 2 - 1 [PSU]
# name 18 = sigma-t00: Density [sigma-t, Kg/m^3 ]
# name 19 = sigma-t11: Density, 2 [sigma-t, Kg/m^3 ]
# name 20 = depSM: Depth [salt water, m], lat = 58.882
# name 21 = depFM: Depth [true depth, m], lat = 58.882
# name 22 = dz/dtM: Descent Rate [m/s], WS = 2
# name 23 = svCM: Sound Velocity [Chen-Millero, m/s]
# name 24 = svCM1: Sound Velocity, 2 [Chen-Millero, m/s]
# name 25 = flag: flag
# span 0 =      10349,      19992       
# span 1 =      0.500,    170.500       
# span 2 =     2.3580,    14.1782       
# span 3 =     2.3645,    14.1773       
# span 4 =    -0.0102,     0.1930       
# span 5 =   0.688033,   1.287009       
# span 6 =   0.688190,   1.287000       
# span 7 =          1,          1       
# span 8 =    0.02317,    9.82712       
# span 9 =    0.02083,   10.18106       
# span 10 =       2.97,     104.07      
# span 11 =     0.2516,     6.4323      
# span 12 =     0.1582,     0.6515      
# span 13 = -1.888e-06, 5.0629e+02      
# span 14 =     0.1181,     0.5280      
# span 15 =     6.5867,    11.7817      
# span 16 =     6.5787,    11.7812      
# span 17 =    -0.0092,     0.0027      
# span 18 =     4.4030,     9.2283      
# span 19 =     4.4029,     9.2279      
# span 20 =      0.495,    168.838      
# span 21 =      0.507,    172.363      
# span 22 =     -0.203,      0.623      
# span 23 =    1423.30,    1471.06      
# span 24 =    1423.33,    1471.05      
# span 25 = 0.0000e+00, 0.0000e+00      
# interval = decibars: 0.5              
# start_time = May 31 2018 14:57:02 [NMEA time, first data scan]
# bad_flag = -9.990e-29
*END*
[from data line 168]
      14697     84.500     5.9691     5.9701     0.0010    1.17108    1.17103          1     0.0734     0.0563      92.33     0.4311     0.2236  1.000e-12  0.2478000    10.7896    10.7888    -0.0008     8.4769     8.4762     83.694     85.548      0.488    1445.52    1445.53  0.000e+00
      14720     85.000     5.9789     5.9801     0.0012    1.17346    1.17341          1     0.0770     0.0556      91.91     0.4545     0.2772  1.000e-12  0.2402000    10.8100    10.8092    -0.0009     8.4924     8.4917     84.189     86.053      0.503    1445.60    1445.60  0.000e+00
      14745     85.500     5.9936     5.9946     0.0009    1.17716    1.17711          1     0.0698     0.0521      91.34     0.4339     0.1582  1.000e-12  0.2426000    10.8421    10.8412    -0.0009     8.5167     8.5160     84.684     86.558      0.446    1445.71    1445.71  0.000e+00
      14775     86.000     6.0013     6.0020     0.0006    1.17870    1.17862          1     0.0700     0.0500      90.83     0.4250     0.2448  1.000e-12  0.3856000    10.8548    10.8539    -0.0009     8.5262     8.5255     85.179     87.063      0.401    1445.77    1445.77  0.000e+00
      14804     86.500     6.0094     6.0102     0.0009    1.18092    1.18086          1     0.0709     0.0495      90.37     0.3681     0.2474  1.000e-12  0.2688000    10.8742    10.8734    -0.0008     8.5410     8.5403     85.674     87.568      0.453    1445.83    1445.84  0.000e+00
      14828     87.000     6.0172     6.0181     0.0010    1.18295    1.18291          1     0.0706     0.0516      89.85     0.3644     0.2386  1.000e-12  0.3598000    10.8919    10.8911    -0.0008     8.5544     8.5537     86.169     88.073      0.511    1445.90    1445.90  0.000e+00
      14851     87.500     6.0239     6.0248     0.0009    1.18458    1.18453          1     0.0684     0.0528      89.36     0.4002     0.2906  1.000e-12  0.4330000    10.9058    10.9051    -0.0007     8.5649     8.5643     86.664     88.578      0.490    1445.95    1445.95  0.000e+00
      14878     88.000     6.0263     6.0273     0.0009    1.18551    1.18548          1     0.0674     0.0502      88.92     0.4100     0.2357  1.000e-12  0.4505000    10.9142    10.9136    -0.0006     8.5714     8.5709     87.160     89.083      0.411    1445.98    1445.99  0.000e+00
      14909     88.500     6.0260     6.0269     0.0009    1.18584    1.18581          1     0.0668     0.0517      88.31     0.4166     0.2324  1.000e-12  0.4036000    10.9175    10.9169    -0.0006     8.5740     8.5735     87.655     89.588      0.427    1445.99    1445.99  0.000e+00
      14934     89.000     6.0292     6.0301     0.0009    1.18658    1.18655          1     0.0662     0.0477      87.74     0.4190     0.2761  1.000e-12  0.3491000    10.9238    10.9232    -0.0005     8.5787     8.5783     88.150     90.093      0.503    1446.02    1446.02  0.000e+00
      14957     89.500     6.0347     6.0356     0.0010    1.18773    1.18770          1     0.0655     0.0481      87.21     0.4360     0.2499  1.000e-12  0.3322000    10.9333    10.9327    -0.0006     8.5859     8.5854     88.645     90.598      0.505    1446.06    1446.07  0.000e+00
      14982     90.000     6.0427     6.0436     0.0010    1.18953    1.18950          1     0.0645     0.0505      86.77     0.4016     0.2245  1.000e-12  0.3058000    10.9486    10.9480    -0.0006     8.5974     8.5969     89.140     91.103      0.448    1446.13    1446.13  0.000e+00
      15011     90.500     6.0509     6.0517     0.0008    1.19134    1.19130          1     0.0644     0.0460      86.25     0.3883     0.2575  1.000e-12  0.3019000    10.9638    10.9632    -0.0007     8.6089     8.6083     89.635     91.608      0.415    1446.19    1446.19  0.000e+00
      15039     91.000     6.0604     6.0611     0.0006    1.19347    1.19340          1     0.0622     0.0464      85.75     0.3614     0.3201  1.000e-12  0.3192000    10.9819    10.9810    -0.0009     8.6225     8.6217     90.130     92.113      0.460    1446.26    1446.26  0.000e+00
      15063     91.500     6.0750     6.0758     0.0008    1.19697    1.19689          1     0.0594     0.0471      85.26     0.3706     0.2846  1.000e-12  0.3674000    11.0118    11.0108    -0.0010     8.6451     8.6442     90.625     92.617      0.500    1446.37    1446.37  0.000e+00
      15088     92.000     6.0830     6.0840     0.0009    1.19888    1.19884          1     0.0624     0.0467      84.71     0.3544     0.1934  1.000e-12  0.3536000    11.0281    11.0275    -0.0007     8.6574     8.6568     91.121     93.122      0.468    1446.43    1446.43  0.000e+00
      15115     92.500     6.0894     6.0901     0.0007    1.20050    1.20045          1     0.0621     0.0469      84.11     0.4889     0.1842  1.000e-12  0.3422000    11.0421    11.0414    -0.0007     8.6680     8.6674     91.616     93.627      0.416    1446.48    1446.48  0.000e+00
      15144     93.000     6.0955     6.0963     0.0009    1.20164    1.20159          1     0.0622     0.0471      83.50     0.5027     0.2383  1.000e-12  0.3309000    11.0513    11.0506    -0.0007     8.6749     8.6742     92.111     94.132      0.445    1446.53    1446.53  0.000e+00
      15169     93.500     6.1027     6.1035     0.0008    1.20309    1.20304          1     0.0616     0.0470      83.07     0.3409     0.3064  1.000e-12  0.3213000    11.0633    11.0626    -0.0007     8.6838     8.6832     92.606     94.637      0.487    1446.58    1446.58  0.000e+00
      15194     94.000     6.1085     6.1092     0.0006    1.20470    1.20460          1     0.0615     0.0468      82.57     0.3378     0.2991  1.000e-12  0.3239000    11.0773    11.0762    -0.0012     8.6945     8.6935     93.101     95.142      0.463    1446.63    1446.63  0.000e+00
      15223     94.500     6.1111     6.1121     0.0011    1.20535    1.20535          1     0.0563     0.0471      81.99     0.3488     0.2199  1.000e-12  0.3048000    11.0828    11.0825    -0.0003     8.6986     8.6983     93.596     95.647      0.370    1446.66    1446.66  0.000e+00
      15258     95.000     6.1122     6.1132     0.0010    1.20552    1.20552          1     0.0598     0.0450      81.40     0.3269     0.1916  1.000e-12  0.3008000    11.0841    11.0837    -0.0004     8.6996     8.6992     94.091     96.152      0.368    1446.67    1446.68  0.000e+00
      15286     95.500     6.1139     6.1147     0.0008    1.20575    1.20571          1     0.0563     0.0441      80.92     0.3252     0.2127  1.000e-12  0.2933000    11.0858    11.0851    -0.0006     8.7007     8.7002     94.586     96.657      0.476    1446.69    1446.69  0.000e+00
      15310     96.000     6.1173     6.1182     0.0009    1.20640    1.20636          1     0.0565     0.0432      80.42     0.3506     0.2331  1.000e-12  0.3276000    11.0910    11.0903    -0.0007     8.7047     8.7040     95.081     97.161      0.460    1446.72    1446.72  0.000e+00
      15342     96.500     6.1200     6.1209     0.0009    1.20715    1.20712          1     0.0566     0.0444      79.82     0.3721     0.2164  1.000e-12  0.3383000    11.0975    11.0969    -0.0006     8.7096     8.7091     95.576     97.666      0.339    1446.75    1446.75  0.000e+00
      15379     97.000     6.1257     6.1262     0.0005    1.20866    1.20854          1     0.0545     0.0415      79.27     0.3175     0.2068  1.000e-12  0.3154000    11.1105    11.1092    -0.0013     8.7195     8.7184     96.072     98.171      0.360    1446.79    1446.79  0.000e+00
      15408     97.500     6.1322     6.1330     0.0008    1.20980    1.20975          1     0.0542     0.0425      78.88     0.3222     0.2115  1.000e-12  0.2889000    11.1197    11.1190    -0.0007     8.7262     8.7256     96.567     98.676      0.441    1446.84    1446.84  0.000e+00
      15435     98.000     6.1366     6.1375     0.0009    1.21061    1.21058          1     0.0546     0.0434      78.42     0.3346     0.2406  1.000e-12  0.3054000    11.1262    11.1255    -0.0007     8.7311     8.7305     97.062     99.181      0.422    1446.88    1446.88  0.000e+00
      15466     98.500     6.1395     6.1404     0.0009    1.21126    1.21123          1     0.0543     0.0417      77.89     0.3427     0.2575  1.000e-12  0.3052000    11.1316    11.1310    -0.0006     8.7351     8.7346     97.557     99.686      0.376    1446.90    1446.91  0.000e+00
      15498     99.000     6.1414     6.1423     0.0009    1.21175    1.21172          1     0.0527     0.0428      77.38     0.3124     0.1962  1.000e-12  0.3083000    11.1357    11.1351    -0.0006     8.7382     8.7377     98.052    100.191      0.373    1446.92    1446.93  0.000e+00
      15530     99.500     6.1429     6.1437     0.0007    1.21228    1.21223          1     0.0524     0.0424      76.76     0.3073     0.2337  1.000e-12  0.2975000    11.1404    11.1397    -0.0007     8.7418     8.7412     98.547    100.695      0.372    1446.94    1446.95  0.000e+00
      15562    100.000     6.1464     6.1472     0.0008    1.21298    1.21296          1     0.0522     0.0423      76.08     0.4959     0.1881  1.000e-12  0.3150000    11.1462    11.1456    -0.0005     8.7461     8.7457     99.042    101.200      0.403    1446.97    1446.98  0.000e+00
      15589    100.500     6.1491     6.1501     0.0010    1.21361    1.21360          1     0.0529     0.0425      75.02     0.3489     0.2346  1.000e-12  0.3140000    11.1515    11.1510    -0.0004     8.7501     8.7497     99.537    101.705      0.439    1447.00    1447.00  0.000e+00
      15618    101.000     6.1531     6.1539     0.0008    1.21446    1.21441          1     0.0527     0.0428      74.52     0.3178     0.2396  1.000e-12  0.3070000    11.1584    11.1577    -0.0007     8.7553     8.7547    100.032    102.210      0.381    1447.03    1447.04  0.000e+00
      15653    101.500     6.1573     6.1581     0.0009    1.21528    1.21525          1     0.0504     0.0424      83.39     0.3612     0.2227  1.000e-12  0.3220000    11.1651    11.1646    -0.0005     8.7603     8.7599    100.527    102.715      0.338    1447.07    1447.07  0.000e+00
      15686    102.000     6.1600     6.1608     0.0008    1.21576    1.21574          1     0.0505     0.0388      73.23     0.3420     0.2188  1.000e-12  0.3055000    11.1689    11.1685    -0.0005     8.7632     8.7627    101.023    103.220      0.396    1447.09    1447.10  0.000e+00
      15715    102.500     6.1642     6.1651     0.0009    1.21656    1.21654          1     0.0500     0.0415      73.25     0.3660     0.2455  1.000e-12  0.3043000    11.1754    11.1749    -0.0005     8.7680     8.7675    101.518    103.725      0.420    1447.13    1447.13  0.000e+00
      15744    103.000     6.1665     6.1675     0.0010    1.21709    1.21707          1     0.0492     0.0401      83.51     0.3265     0.2283  1.000e-12  0.2977000    11.1798    11.1793    -0.0005     8.7712     8.7708    102.013    104.229      0.387    1447.15    1447.15  0.000e+00
      15777    103.500     6.1687     6.1696     0.0009    1.21750    1.21748          1     0.0494     0.0395      72.47     0.3324     0.1949  1.000e-12  0.3015000    11.1831    11.1826    -0.0005     8.7737     8.7732    102.508    104.734      0.361    1447.17    1447.17  0.000e+00
      15810    104.000     6.1709     6.1717     0.0008    1.21782    1.21780          1     0.0476     0.0408      72.04     0.3286     0.1964  1.000e-12  0.2899000    11.1854    11.1849    -0.0004     8.7754     8.7750    103.003    105.239      0.388    1447.19    1447.19  0.000e+00
      15839    104.500     6.1735     6.1744     0.0009    1.21822    1.21820          1     0.0483     0.0397      71.57     0.3246     0.2071  1.000e-12  0.2859000    11.1885    11.1879    -0.0005     8.7776     8.7771    103.498    105.744      0.405    1447.21    1447.22  0.000e+00
      15870    105.000     6.1737     6.1746     0.0009    1.21868    1.21865          1     0.0477     0.0360      71.13     0.3326     0.2067  1.000e-12  0.2913000    11.1929    11.1923    -0.0006     8.7811     8.7806    103.993    106.249      0.368    1447.23    1447.23  0.000e+00
      15904    105.500     6.1743     6.1752     0.0009    1.21915    1.21913          1     0.0475     0.0411      70.43     0.3564     0.2071  1.000e-12  0.2930000    11.1972    11.1968    -0.0004     8.7844     8.7840    104.488    106.754      0.387    1447.24    1447.25  0.000e+00
      15932    106.000     6.1741     6.1750     0.0010    1.21938    1.21935          1     0.0485     0.0367      69.84     0.3348     0.2031  1.000e-12  0.2991000    11.1994    11.1989    -0.0005     8.7862     8.7857    104.983    107.258      0.446    1447.25    1447.26  0.000e+00
      15959    106.500     6.1744     6.1753     0.0010    1.21959    1.21961          1     0.0479     0.0375      69.21     0.3409     0.1983  1.000e-12  0.2989000    11.2014    11.2013    -0.0001     8.7877     8.7875    105.478    107.763      0.395    1447.27    1447.27  0.000e+00
      15994    107.000     6.1744     6.1754     0.0010    1.21970    1.21969          1     0.0471     0.0386      68.78     0.3451     0.2230  1.000e-12  0.2923000    11.2024    11.2020    -0.0004     8.7885     8.7881    105.973    108.268      0.329    1447.27    1447.28  0.000e+00
      16028    107.500     6.1752     6.1761     0.0009    1.22005    1.22002          1     0.0435     0.0387      68.36     0.3412     0.2744  1.000e-12  0.3210000    11.2055    11.2049    -0.0006     8.7909     8.7904    106.468    108.773      0.442    1447.29    1447.29  0.000e+00
      16051    108.000     6.1760     6.1770     0.0010    1.22025    1.22025          1     0.0470     0.0375      68.18     0.3225     0.2356  1.000e-12  0.3101000    11.2071    11.2068    -0.0003     8.7921     8.7918    106.963    109.278      0.512    1447.30    1447.31  0.000e+00
      16076    108.500     6.1772     6.1782     0.0010    1.22063    1.22063          1     0.0437     0.0374      67.62     0.4382     0.3027  1.000e-12  0.3164000    11.2105    11.2101    -0.0004     8.7947     8.7943    107.458    109.783      0.422    1447.32    1447.32  0.000e+00
      16112    109.000     6.1784     6.1794     0.0010    1.22106    1.22105          1     0.0449     0.0377      67.23     0.3114     0.2000  1.000e-12  0.2963000    11.2142    11.2138    -0.0004     8.7976     8.7972    107.954    110.287      0.316    1447.34    1447.34  0.000e+00
      16146    109.500     6.1792     6.1801     0.0009    1.22130    1.22129          1     0.0467     0.0381      66.65     0.2937     0.2277  1.000e-12  0.2941000    11.2162    11.2158    -0.0004     8.7991     8.7987    108.449    110.792      0.410    1447.35    1447.36  0.000e+00
      16173    110.000     6.1804     6.1812     0.0008    1.22164    1.22160          1     0.0421     0.0378      66.19     0.3199     0.2727  1.000e-12  0.2954000    11.2191    11.2185    -0.0006     8.8012     8.8007    108.944    111.297      0.474    1447.37    1447.37  0.000e+00
      16198    110.500     6.1839     6.1845     0.0006    1.22281    1.22274          1     0.0421     0.0377      65.52     0.3542     0.2620  1.000e-12  0.3085000    11.2295    11.2286    -0.0009     8.8092     8.8084    109.439    111.802      0.436    1447.41    1447.41  0.000e+00
      16229    111.000     6.1874     6.1882     0.0008    1.22395    1.22392          1     0.0442     0.0366      64.92     0.3153     0.1954  1.000e-12  0.3084000    11.2396    11.2390    -0.0006     8.8169     8.8163    109.934    112.307      0.377    1447.44    1447.44  0.000e+00
