ctdpy/exports/archive_20191120_135557/received_data/SBE09_0827_20180820_1323_26_01_0801.cnv
* Sea-Bird SBE 9 Data File:
* FileName = D:\CTD_SBE911\DAT\26DA.2018.8.1.hex
* Software Version Seasave V 7.21d
* Temperature SN = 034605
* Conductivity SN = 041844
* Number of Bytes Per Scan = 48
* Number of Voltage Words = 5
* Number of Scans Averaged by the Deck Unit = 1
* NMEA Latitude = 58 15.59 N
* NMEA Longitude = 011 25.85 E
* NMEA UTC (Time) = Aug 20 2018  13:26:11
* NMEA baud rate = 4800
** Ship: DANA
** Average sound velocity: 1499.40 m/s
** True-depth calculation Thu, 28 Mar 2019 09:17:03 +0000
** CTD Python Module SMHI /ver 3-12/ feb 2012 
** LIMS Job: 20182601-0801
** Operator: Eik
** Cruise: 04/2018
# nquan = 26
# nvalues = 109                         
# units = specified
# name 0 = scan: Scan Count
# name 1 = prDM: Pressure, Digiquartz [db]
# name 2 = t090C: Temperature [ITS-90, deg C]
# name 3 = t190C: Temperature, 2 [ITS-90, deg C]
# name 4 = T2-T190C: Temperature Difference, 2 - 1 [ITS-90, deg C]
# name 5 = c0S/m: Conductivity [S/m]
# name 6 = c1S/m: Conductivity, 2 [S/m]
# name 7 = pumps: Pump Status
# name 8 = sbeox1ML/L: Oxygen, SBE 43, 2 [ml/l]
# name 9 = sbeox0ML/L: Oxygen, SBE 43 [ml/l]
# name 10 = altM: Altimeter [m]
# name 11 = chloroflTC0: Chlorophyll, Turner Cyclops [ug/l]
# name 12 = cpar: CPAR/Corrected Irradiance [%]
# name 13 = par: PAR/Irradiance, Biospherical/Lico [µE/(cm^2*s)]
# name 14 = spar: SPAR, Biospherical/Licor
# name 15 = sal00: Salinity, Practical [PSU]
# name 16 = sal11: Salinity, Practical, 2 [PSU]
# name 17 = secS-priS: Salinity, Practical, Difference, 2 - 1 [PSU]
# name 18 = sigma-t00: Density [sigma-t, kg/m^3 ]
# name 19 = sigma-t11: Density, 2 [sigma-t, kg/m^3 ]
# name 20 = depSM: Depth [salt water, m], lat = 58.2598
# name 21 = depFM: Depth [true depth, m], lat = 58.2598
# name 22 = dz/dtM: Descent Rate [m/s], WS = 2
# name 23 = svCM: Sound Velocity [Chen-Millero, m/s]
# name 24 = svCM1: Sound Velocity, 2 [Chen-Millero, m/s]
# name 25 = flag: flag
# span 0 =        328,       5744       
# span 1 =      1.500,     55.500       
# span 2 =     7.0164,    18.6006       
# span 3 =     6.9820,    18.6023       
# span 4 =    -0.2797,     0.5115       
# span 5 =   3.456317,   4.155857       
# span 6 =   3.456287,   4.147514       
# span 7 =          1,          1       
# span 8 =     3.5947,     5.9131       
# span 9 =     3.6420,     5.5766       
# span 10 =       2.10,       9.98      
# span 11 =     0.0403,     0.2468      
# span 12 = -1.255e-06, 1.0594e+01      
# span 13 = -1.870e-05, 1.3888e+02      
# span 14 = 1.2993e+03, 1.5695e+03      
# span 15 =    28.1722,    34.1618      
# span 16 =    28.1779,    34.1956      
# span 17 =    -0.2885,     0.1705      
# span 18 =    19.9081,    26.7562      
# span 19 =    19.9120,    26.7875      
# span 20 =      1.486,     54.977      
# span 21 =      1.498,     55.233      
# span 22 =     -0.094,      0.301      
# span 23 =    1478.58,    1509.91      
# span 24 =    1478.49,    1509.91      
# span 25 = 0.0000e+00, 0.0000e+00      
# interval = decibars: 0.5              
# start_time = Aug 20 2018 13:26:11 [NMEA time, first data scan]
# bad_flag = -9.990e-29
*END*
        328      1.500    18.5985    18.6023     0.0038    3.82990    3.82933          1     5.8720     5.5766       9.97     0.1661  1.059e+01  1.389e+02  1.311e+03    28.1852    28.1779    -0.0073    19.9185    19.9120      1.486      1.498      0.208    1509.86    1509.86  0.000e+00
        386      2.000    18.5975    18.6009     0.0033    3.83017    3.82988          1     5.8701     5.5675       9.97     0.1791  8.748e+00  1.147e+02  1.311e+03    28.1878    28.1832    -0.0046    19.9208    19.9164      1.981      1.997      0.199    1509.87    1509.87  0.000e+00
        445      2.500    18.5900    18.5934     0.0034    3.83120    3.83062          1     5.8420     5.5647       9.97     0.1841  7.505e+00  9.765e+01  1.301e+03    28.2012    28.1942    -0.0071    19.9328    19.9266      2.477      2.497      0.229    1509.87    1509.87  0.000e+00
        491      3.000    18.5774    18.5870     0.0095    3.83243    3.83139          1     5.8180     5.5669       9.97     0.1907  6.487e+00  8.431e+01  1.300e+03    28.2197    28.2047    -0.0150    19.9499    19.9362      2.972      2.996      0.273    1509.86    1509.87  0.000e+00
        535      3.500    18.5821    18.5863     0.0042    3.83139    3.83164          1     5.8648     5.5602       9.97     0.1947  5.565e+00  7.236e+01  1.300e+03    28.2078    28.2070    -0.0008    19.9397    19.9381      3.467      3.495      0.282    1509.87    1509.88  0.000e+00
        575      4.000    18.5902    18.5915     0.0012    3.83060    3.83042          1     5.8877     5.5624       9.97     0.1989  4.851e+00  6.303e+01  1.299e+03    28.1957    28.1934    -0.0023    19.9285    19.9265      3.963      3.995      0.301    1509.89    1509.89  0.000e+00
        616      4.500    18.5957    18.5972     0.0015    3.82980    3.82984          1     5.8869     5.5663       9.97     0.1951  4.220e+00  5.501e+01  1.304e+03    28.1853    28.1846    -0.0007    19.9193    19.9184      4.458      4.494      0.295    1509.90    1509.90  0.000e+00
        657      5.000    18.6006    18.5987    -0.0020    3.82863    3.82919          1     5.8801     5.5751       9.97     0.2013  3.706e+00  4.884e+01  1.318e+03    28.1722    28.1781     0.0060    19.9081    19.9131      4.953      4.993      0.289    1509.91    1509.91  0.000e+00
        699      5.500    18.5978    18.5964    -0.0014    3.82894    3.82934          1     5.8855     5.5753       9.97     0.2026  3.340e+00  4.400e+01  1.318e+03    28.1765    28.1808     0.0043    19.9121    19.9157      5.449      5.493      0.263    1509.91    1509.91  0.000e+00
        749      6.000    18.5789    18.5810     0.0022    3.83083    3.83075          1     5.9131     5.5547       9.97     0.2120  3.113e+00  4.103e+01  1.318e+03    28.2047    28.2026    -0.0021    19.9382    19.9360      5.944      5.992      0.232    1509.90    1509.90  0.000e+00
        800      6.500    18.5826    18.5772    -0.0054    3.83042    3.83105          1     5.8846     5.5619       9.97     0.2078  2.800e+00  3.691e+01  1.318e+03    28.1987    28.2075     0.0089    19.9326    19.9407      6.440      6.491      0.243    1509.91    1509.90  0.000e+00
        848      7.000    18.5456    18.5277    -0.0179    3.83371    3.83543          1     5.8762     5.5344       9.97     0.2078  2.491e+00  3.289e+01  1.320e+03    28.2508    28.2771     0.0263    19.9813    20.0056      6.935      6.990      0.257    1509.87    1509.84  0.000e+00
        894      7.500    18.4612    18.5107     0.0496    3.84061    3.83664          1     5.8647     5.5118       9.97     0.2040  2.224e+00  2.943e+01  1.323e+03    28.3650    28.2984    -0.0665    20.0886    20.0260      7.430      7.490      0.271    1509.76    1509.83  0.000e+00
        936      8.000    18.4290    18.4218    -0.0072    3.84335    3.84384          1     5.7955     5.4713       9.97     0.2153  1.989e+00  2.634e+01  1.324e+03    28.4095    28.4185     0.0089    20.1303    20.1389      7.926      7.989      0.287    1509.72    1509.71  0.000e+00
        979      8.500    18.3427    18.3264    -0.0163    3.85072    3.85251          1     5.8016     5.4548       9.97     0.2319  1.777e+00  2.355e+01  1.325e+03    28.5296    28.5557     0.0261    20.2426    20.2664      8.421      8.488      0.275    1509.61    1509.59  0.000e+00
       1023      9.000    18.2679    18.2860     0.0181    3.85654    3.85582          1     5.7788     5.4516       9.97     0.2236  1.588e+00  2.100e+01  1.323e+03    28.6293    28.6109    -0.0184    20.3365    20.3181      8.916      8.987      0.261    1509.51    1509.54  0.000e+00
       1073      9.500    18.2655    18.2761     0.0106    3.85670    3.85692          1     5.7691     5.4544       9.97     0.2319  1.415e+00  1.871e+01  1.322e+03    28.6322    28.6266    -0.0056    20.3393    20.3325      9.412      9.486      0.228    1509.51    1509.54  0.000e+00
       1126     10.000    18.2311    18.2497     0.0187    3.86119    3.85892          1     5.7254     5.4393       9.97     0.2418  1.264e+00  1.673e+01  1.324e+03    28.6932    28.6614    -0.0318    20.3940    20.3653      9.907      9.986      0.232    1509.49    1509.51  0.000e+00
       1175     10.500    18.1619    18.1306    -0.0314    3.86960    3.87349          1     5.7192     5.4125       9.97     0.2301  1.129e+00  1.497e+01  1.326e+03    28.8110    28.8652     0.0542    20.5004    20.5492     10.402     10.485      0.255    1509.43    1509.39  0.000e+00
       1221     11.000    18.1117    18.1479     0.0362    3.87552    3.87073          1     5.7197     5.3895       9.97     0.2244  1.012e+00  1.346e+01  1.330e+03    28.8951    28.8299    -0.0652    20.5766    20.5182     10.898     10.984      0.269    1509.38    1509.41  0.000e+00
       1264     11.500    18.0848    18.0891     0.0044    3.87589    3.87575          1     5.7272     5.3958       9.97     0.2216  9.069e-01  1.210e+01  1.334e+03    28.9170    28.9128    -0.0042    20.5997    20.5954     11.393     11.483      0.278    1509.33    1509.34  0.000e+00
       1308     12.000    18.0955    18.0799    -0.0156    3.87494    3.87623          1     5.7012     5.3903       9.98     0.2344  8.102e-01  1.083e+01  1.336e+03    28.9014    28.9230     0.0216    20.5852    20.6054     11.888     11.982      0.272    1509.35    1509.33  0.000e+00
       1354     12.500    18.0544    18.0878     0.0334    3.87638    3.87502          1     5.6913     5.3580       9.98     0.2405  7.225e-01  9.636e+00  1.334e+03    28.9422    28.9073    -0.0349    20.6261    20.5915     12.384     12.481      0.249    1509.29    1509.35  0.000e+00
       1405     13.000    18.0028    18.0455     0.0427    3.87808    3.87682          1     5.7002     5.3589       9.98     0.2468  6.490e-01  8.629e+00  1.330e+03    28.9926    28.9520    -0.0406    20.6768    20.6357     12.879     12.980      0.226    1509.20    1509.28  0.000e+00
       1458     13.500    17.8198    17.9289     0.1092    3.90455    3.88305          1     5.6240     5.1574       9.98     0.2361  5.827e-01  7.747e+00  1.330e+03    29.3459    29.0865    -0.2594    20.9899    20.7660     13.374     13.478      0.230    1509.06    1509.09  0.000e+00
       1508     14.000    17.2846    17.3647     0.0799    4.00025    3.97325          1     5.5048     5.1048       9.98     0.2315  5.241e-01  6.981e+00  1.332e+03    30.5448    30.2562    -0.2885    22.0322    21.7927     13.869     13.977      0.253    1508.83    1508.74  0.000e+00
       1554     14.500    17.1851    17.1876     0.0025    4.04316    4.04094          1     5.4093     5.1059       9.98     0.2085  4.733e-01  6.325e+00  1.336e+03    30.9857    30.9648    -0.0209    22.3929    22.3763     14.365     14.475      0.267    1509.04    1509.02  0.000e+00
       1598     15.000    17.1707    17.1750     0.0043    4.06643    4.06200          1     5.4026     5.1292       9.98     0.1815  4.274e-01  5.737e+00  1.343e+03    31.1954    31.1542    -0.0412    22.5568    22.5243     14.860     14.973      0.283    1509.24    1509.21  0.000e+00
       1640     15.500    17.1248    17.1413     0.0165    4.08849    4.08399          1     5.3982     5.1123       9.98     0.1755  3.872e-01  5.235e+00  1.352e+03    31.4197    31.3683    -0.0514    22.7394    22.6961     15.355     15.471      0.280    1509.37    1509.36  0.000e+00
       1685     16.000    17.0460    17.0649     0.0189    4.08944    4.09115          1     5.3925     5.0862       9.98     0.1687  3.527e-01  4.796e+00  1.360e+03    31.4891    31.4889    -0.0001    22.8108    22.8063     15.851     15.969      0.258    1509.22    1509.27  0.000e+00
       1732     16.500    17.0194    17.0375     0.0181    4.08818    4.09059          1     5.3726     5.0864       9.98     0.1909  3.184e-01  4.311e+00  1.354e+03    31.4988    31.5053     0.0065    22.8245    22.8253     16.346     16.467      0.247    1509.16    1509.22  0.000e+00
       1781     17.000    17.0145    17.0250     0.0105    4.08820    4.09014          1     5.3556     5.0752       9.98     0.1853  2.879e-01  3.873e+00  1.345e+03    31.5027    31.5111     0.0085    22.8286    22.8326     16.841     16.965      0.243    1509.15    1509.19  0.000e+00
       1830     17.500    17.0004    17.0109     0.0104    4.08852    4.08994          1     5.3527     5.0890       9.98     0.1639  2.613e-01  3.507e+00  1.342e+03    31.5163    31.5203     0.0040    22.8422    22.8429     17.337     17.463      0.260    1509.13    1509.17  0.000e+00
       1874     18.000    16.9975    16.9996     0.0022    4.08913    4.09062          1     5.3248     5.0855       9.98     0.1434  2.374e-01  3.190e+00  1.343e+03    31.5237    31.5347     0.0111    22.8486    22.8566     17.832     17.961      0.273    1509.14    1509.16  0.000e+00
       1917     18.500    16.9929    17.0022     0.0093    4.08991    4.09119          1     5.3417     5.0786       9.98     0.1358  2.157e-01  2.905e+00  1.347e+03    31.5337    31.5375     0.0038    22.8574    22.8581     18.327     18.459      0.283    1509.15    1509.18  0.000e+00
       1960     19.000    16.9661    16.9964     0.0303    4.09275    4.09165          1     5.3619     5.0752       9.98     0.1371  1.953e-01  2.643e+00  1.354e+03    31.5790    31.5458    -0.0332    22.8983    22.8658     18.823     18.957      0.280    1509.13    1509.18  0.000e+00
       2004     19.500    16.9593    16.9805     0.0213    4.09348    4.09290          1     5.3535     5.0796       9.98     0.1383  1.769e-01  2.417e+00  1.366e+03    31.5904    31.5688    -0.0216    22.9086    22.8871     19.318     19.454      0.262    1509.13    1509.17  0.000e+00
       2052     20.000    16.9427    16.9675     0.0247    4.09546    4.09409          1     5.3481     5.0655       9.98     0.1465  1.608e-01  2.200e+00  1.368e+03    31.6203    31.5891    -0.0312    22.9353    22.9057     19.813     19.952      0.246    1509.12    1509.16  0.000e+00
       2101     20.500    16.8982    16.9433     0.0451    4.10252    4.09704          1     5.3430     5.0677       9.97     0.1402  1.453e-01  1.980e+00  1.363e+03    31.7161    31.6334    -0.0827    23.0190    22.9452     20.309     20.450      0.243    1509.10    1509.15  0.000e+00
       2150     21.000    16.8370    16.8816     0.0446    4.11003    4.10484          1     5.3339     5.0629       9.97     0.1399  1.309e-01  1.784e+00  1.363e+03    31.8291    31.7489    -0.0801    23.1198    23.0481     20.804     20.948      0.246    1509.05    1509.10  0.000e+00
       2197     21.500    16.8289    16.8426     0.0138    4.12020    4.11091          1     5.3381     5.0750       9.97     0.1359  1.183e-01  1.614e+00  1.364e+03    31.9231    31.8319    -0.0912    23.1938    23.1207     21.299     21.446      0.262    1509.14    1509.08  0.000e+00
       2242     22.000    16.8270    16.8317     0.0047    4.11995    4.11911          1     5.3304     5.0718       9.97     0.1228  1.069e-01  1.460e+00  1.366e+03    31.9223    31.9112    -0.0111    23.1936    23.1840     21.795     21.943      0.276    1509.15    1509.15  0.000e+00
       2285     22.500    16.8282    16.8300     0.0018    4.12041    4.12071          1     5.3348     5.0674       9.97     0.1221  9.620e-02  1.319e+00  1.371e+03    31.9251    31.9263     0.0011    23.1955    23.1960     22.290     22.441      0.288    1509.16    1509.17  0.000e+00
       2326     23.000    16.8349    16.8327    -0.0022    4.12135    4.12133          1     5.3323     5.0646       9.97     0.1151  8.632e-02  1.187e+00  1.375e+03    31.9277    31.9293     0.0016    23.1960    23.1977     22.785     22.939      0.282    1509.19    1509.19  0.000e+00
       2370     23.500    16.8365    16.8344    -0.0021    4.12184    4.12195          1     5.3226     5.0768       9.97     0.1145  7.753e-02  1.073e+00  1.385e+03    31.9305    31.9331     0.0026    23.1977    23.2002     23.280     23.436      0.270    1509.21    1509.21  0.000e+00
       2416     24.000    16.8415    16.8392    -0.0023    4.12276    4.12282          1     5.3413     5.0737       9.97     0.1123  6.952e-02  9.714e-01  1.397e+03    31.9343    31.9367     0.0024    23.1995    23.2019     23.776     23.934      0.254    1509.24    1509.23  0.000e+00
       2464     24.500    16.8405    16.8413     0.0008    4.12258    4.12330          1     5.3256     5.0783       9.97     0.1136  6.198e-02  8.602e-01  1.388e+03    31.9334    31.9390     0.0056    23.1990    23.2031     24.271     24.432      0.247    1509.24    1509.25  0.000e+00
       2512     25.000    16.8425    16.8423    -0.0002    4.12297    4.12354          1     5.3391     5.0687       9.97     0.1114  5.500e-02  7.607e-01  1.383e+03    31.9350    31.9400     0.0051    23.1998    23.2037     24.766     24.930      0.252    1509.26    1509.26  0.000e+00
       2558     25.500    16.8430    16.8426    -0.0005    4.12375    4.12365          1     5.3388     5.0678       9.97     0.1186  4.867e-02  6.731e-01  1.383e+03    31.9411    31.9406    -0.0004    23.2043    23.2041     25.262     25.427      0.271    1509.28    1509.27  0.000e+00
       2601     26.000    16.8502    16.8443    -0.0059    4.12580    4.12441          1     5.3298     5.0658       9.97     0.1152  4.290e-02  5.944e-01  1.386e+03    31.9530    31.9457    -0.0073    23.2118    23.2076     25.757     25.925      0.282    1509.32    1509.29  0.000e+00
       2643     26.500    16.8464    16.8478     0.0013    4.12532    4.12573          1     5.3393     5.0694       9.97     0.1211  3.769e-02  5.225e-01  1.386e+03    31.9516    31.9541     0.0025    23.2116    23.2132     26.252     26.423      0.287    1509.31    1509.32  0.000e+00
       2686     27.000    16.8572    16.8480    -0.0093    4.12793    4.12611          1     5.3224     5.0980       9.97     0.1191  3.271e-02  4.521e-01  1.382e+03    31.9655    31.9570    -0.0084    23.2197    23.2154     26.747     26.921      0.277    1509.37    1509.34  0.000e+00
       2730     27.500    16.9324    16.8673    -0.0651    4.14544    4.12961          1     5.3179     5.1398       9.97     0.1081  2.817e-02  3.893e-01  1.382e+03    32.0565    31.9717    -0.0848    23.2721    23.2222     27.243     27.418      0.263    1509.71    1509.42  0.000e+00
       2777     28.000    16.9354    16.9087    -0.0264    4.15586    4.13844          1     5.3446     5.0837       9.97     0.1216  2.415e-02  3.342e-01  1.384e+03    32.1439    32.0148    -0.1291    23.3384    23.2456     27.738     27.916      0.250    1509.83    1509.60  0.000e+00
       2825     28.500    16.5650    16.8349     0.2695    4.12934    4.14751          1     5.3669     5.0220       9.97     0.1117  2.050e-02  2.848e-01  1.390e+03    32.2109    32.1520    -0.0589    23.4752    23.3679     28.233     28.414      0.254    1508.79    1509.54  0.000e+00
