ctdpy/exports/archive_20191120_135557/received_data/SBE09_1044_20180924_0544_34_01_0046.cnv
* Sea-Bird SBE 9 Data File:
* FileName = C:\ctd\temp\2018\AR18D046.hex
* Software Version Seasave V 7.26.6.26
* Temperature SN = 5351
* Conductivity SN = 3941
* Number of Bytes Per Scan = 41
* Number of Voltage Words = 4
* Number of Scans Averaged by the Deck Unit = 1
* NMEA Latitude = 58 17.65 N
* NMEA Longitude = 010 50.70 E
* NMEA UTC (Time) = Sep 24 2018  05:44:52
* NMEA baud rate = 4800
** Station:  Å15
** Operator:  MHan
** Ship: ARANDA
** Average sound velocity: 1494.60 m/s
** True-depth calculation Mon, 24 Sep 2018 06:39:20 +0000
** CTD Python Module SMHI /ver 3-12/ feb 2012 
** LIMS Job: 20183401-0046
** Cruise: SMHI-02-2018
** Latitude [GG MM.mm N] :
** Longitude [GG MM.mm E]:
# nquan = 26
# nvalues = 263                         
# units = specified
# name 0 = scan: Scan Count
# name 1 = prDM: Pressure, Digiquartz [db]
# name 2 = t090C: Temperature [ITS-90, deg C]
# name 3 = t190C: Temperature, 2 [ITS-90, deg C]
# name 4 = T2-T190C: Temperature Difference, 2 - 1 [ITS-90, deg C]
# name 5 = c0S/m: Conductivity [S/m]
# name 6 = c1S/m: Conductivity, 2 [S/m]
# name 7 = pumps: Pump Status
# name 8 = sbeox0ML/L: Oxygen, SBE 43 [ml/l]
# name 9 = sbeox1ML/L: Oxygen, SBE 43, 2 [ml/l]
# name 10 = altM: Altimeter [m]
# name 11 = flECO-AFL: Chl-a Fluorescence, WET Labs ECO-AFL/FL [mg/m^3]
# name 12 = flECO-AFL1: Phycocyanin Fluorescence, WET Labs ECO-AFL/FL, 2 [mg/m^3]
# name 13 = par: PAR/Irradiance, Biospherical/Lico [µE/(cm^2*s)]
# name 14 = turbWETntu0: Turbidity, WET Labs ECO [NTU]
# name 15 = sal00: Salinity, Practical [PSU]
# name 16 = sal11: Salinity, Practical, 2 [PSU]
# name 17 = secS-priS: Salinity, Practical, Difference, 2 - 1 [PSU]
# name 18 = sigma-t00: Density [sigma-t, Kg/m^3 ]
# name 19 = sigma-t11: Density, 2 [sigma-t, Kg/m^3 ]
# name 20 = depSM: Depth [salt water, m], lat = 58.2942
# name 21 = depFM: Depth [true depth, m], lat = 58.2942
# name 22 = dz/dtM: Descent Rate [m/s], WS = 2
# name 23 = svCM: Sound Velocity [Chen-Millero, m/s]
# name 24 = svCM1: Sound Velocity, 2 [Chen-Millero, m/s]
# name 25 = flag: flag
# span 0 =      12750,      19991       
# span 1 =      2.000,    133.000       
# span 2 =     8.5821,    14.5178       
# span 3 =     8.5833,    14.5198       
# span 4 =    -0.0223,     0.0232       
# span 5 =   3.673652,   4.191681       
# span 6 =   3.673708,   4.191916       
# span 7 =          1,          1       
# span 8 =    4.97053,    6.12059       
# span 9 =    3.38254,    3.77409       
# span 10 =       1.84,      98.16      
# span 11 =     0.2161,     0.9946      
# span 12 =     0.1042,     0.3468      
# span 13 = -3.273e-05, 1.8595e+02      
# span 14 =     0.1447,     2.9008      
# span 15 =    32.8175,    34.9845      
# span 16 =    32.8191,    34.9853      
# span 17 =    -0.0477,     0.0136      
# span 18 =    24.5442,    27.1190      
# span 19 =    24.5456,    27.1184      
# span 20 =      1.981,    131.722      
# span 21 =      1.988,    132.017      
# span 22 =     -0.219,      1.161      
# span 23 =    1486.70,    1505.22      
# span 24 =    1486.72,    1505.23      
# span 25 = 0.0000e+00, 0.0000e+00      
# interval = decibars: 0.5              
# start_time = Sep 24 2018 05:44:52 [NMEA time, first data scan]
# bad_flag = -9.990e-29
*END*
[from data line 56]
      13988     30.000    13.4365    13.4374     0.0010    3.93219    3.93230          1     5.7991     3.6268      97.36     0.8612     0.3409  1.433e+00  0.2445000    33.0431    33.0433     0.0002    24.7902    24.7901     29.719     29.819      0.835    1499.82    1499.82  0.000e+00
      14003     30.500    13.4356    13.4367     0.0011    3.93219    3.93229          1     5.7943     3.6273      97.35     0.8705     0.3253  1.327e+00  0.2486000    33.0436    33.0436    -0.0000    24.7907    24.7905     30.214     30.316      0.748    1499.83    1499.83  0.000e+00
      14032     31.000    13.4343    13.4352     0.0010    3.93206    3.93214          1     5.7969     3.6317      97.35     0.8570     0.2832  1.248e+00  0.2440000    33.0433    33.0433    -0.0000    24.7908    24.7906     30.710     30.812      0.416    1499.83    1499.84  0.000e+00
      14094     31.500    13.4332    13.4345     0.0013    3.93194    3.93205          1     5.8088     3.6244      97.33     0.8822     0.2329  1.226e+00  0.2224000    33.0430    33.0428    -0.0002    24.7908    24.7904     31.205     31.309      0.580    1499.84    1499.84  0.000e+00
      14106     32.000    13.4334    13.4341     0.0007    3.93201    3.93208          1     5.7942     3.6277      97.36     0.8708     0.2338  1.128e+00  0.2233000    33.0433    33.0433     0.0001    24.7910    24.7909     31.700     31.806      0.890    1499.84    1499.85  0.000e+00
      14118     32.500    13.4337    13.4337     0.0000    3.93209    3.93213          1     5.7941     3.6291      97.36     0.8546     0.2221  1.040e+00  0.2305000    33.0435    33.0438     0.0003    24.7911    24.7913     32.196     32.303      0.991    1499.86    1499.86  0.000e+00
      14129     33.000    13.4326    13.4331     0.0006    3.93207    3.93220          1     5.8013     3.6346      97.36     0.8227     0.2233  9.649e-01  0.2426000    33.0441    33.0448     0.0007    24.7917    24.7922     32.691     32.800      0.954    1499.86    1499.86  0.000e+00
      14143     33.500    13.4319    13.4335     0.0017    3.93218    3.93248          1     5.8109     3.6331      97.34     0.8219     0.3066  8.852e-01  0.2449000    33.0456    33.0469     0.0013    24.7930    24.7937     33.186     33.297      0.764    1499.87    1499.87  0.000e+00
      14168     34.000    13.4333    13.4344     0.0011    3.93260    3.93271          1     5.8040     3.6224      97.34     0.8219     0.2953  8.367e-01  0.2456000    33.0480    33.0482     0.0001    24.7947    24.7945     33.681     33.794      0.374    1499.88    1499.89  0.000e+00
      14217     34.500    13.4342    13.4348     0.0006    3.93285    3.93285          1     5.7864     3.6235      97.35     0.8480     0.3005  8.190e-01  0.2191000    33.0494    33.0489    -0.0005    24.7955    24.7950     34.177     34.291      0.357    1499.90    1499.90  0.000e+00
      14238     35.000    13.4376    13.4388     0.0012    3.93366    3.93382          1     5.7926     3.6190      97.35     0.8464     0.3054  7.683e-01  0.2311000    33.0539    33.0543     0.0004    24.7983    24.7984     34.672     34.788      0.711    1499.92    1499.93  0.000e+00
      14253     35.500    13.4468    13.4442    -0.0026    3.93527    3.93482          1     5.8047     3.6186      97.35     0.8043     0.3174  7.066e-01  0.2298000    33.0607    33.0588    -0.0019    24.8017    24.8008     35.167     35.285      0.868    1499.97    1499.96  0.000e+00
      14265     36.000    13.4599    13.4585    -0.0015    3.93727    3.93706          1     5.8079     3.6174      97.35     0.7976     0.2951  6.573e-01  0.2325000    33.0679    33.0672    -0.0007    24.8047    24.8044     35.662     35.782      0.907    1500.03    1500.02  0.000e+00
      14278     36.500    13.4697    13.4692    -0.0006    3.93874    3.93862          1     5.8061     3.6168      97.36     0.8190     0.2695  6.108e-01  0.2589000    33.0730    33.0723    -0.0007    24.8067    24.8062     36.158     36.279      0.815    1500.08    1500.07  0.000e+00
      14296     37.000    13.4809    13.4789    -0.0020    3.94061    3.94018          1     5.7999     3.6111      97.34     0.8217     0.2705  5.656e-01  0.2506000    33.0806    33.0783    -0.0023    24.8103    24.8089     36.653     36.776      0.541    1500.13    1500.12  0.000e+00
      14343     37.500    13.4933    13.4920    -0.0013    3.94286    3.94255          1     5.7885     3.6027      97.35     0.8135     0.2938  5.337e-01  0.2246000    33.0907    33.0890    -0.0018    24.8155    24.8145     37.148     37.273      0.293    1500.19    1500.18  0.000e+00
      14380     38.000    13.5375    13.5356    -0.0019    3.95139    3.95089          1     5.7942     3.5922      97.09     0.7918     0.2755  5.116e-01  0.2267000    33.1320    33.1289    -0.0030    24.8385    24.8365     37.643     37.770      0.621    1500.39    1500.38  0.000e+00
      14395     38.500    13.5968    13.5872    -0.0094    3.96189    3.96030          1     5.7811     3.5861      97.35     0.7823     0.2744  4.780e-01  0.2304000    33.1784    33.1718    -0.0065    24.8623    24.8592     38.139     38.267      0.839    1500.65    1500.61  0.000e+00
      14408     39.000    13.6670    13.6678     0.0006    3.97341    3.97350          1     5.7620     3.5812      97.36     0.7483     0.2714  4.489e-01  0.2426000    33.2248    33.2249     0.0001    24.8840    24.8839     38.634     38.764      0.896    1500.94    1500.95  0.000e+00
      14421     39.500    13.6890    13.6847    -0.0042    3.97731    3.97649          1     5.7527     3.5785      97.36     0.7427     0.2737  4.187e-01  0.2399000    33.2419    33.2380    -0.0039    24.8927    24.8905     39.129     39.260      0.815    1501.05    1501.03  0.000e+00
      14439     40.000    13.7117    13.7103    -0.0015    3.98104    3.98071          1     5.7449     3.5722      97.34     0.7146     0.2889  3.836e-01  0.2301000    33.2566    33.2548    -0.0018    24.8994    24.8983     39.625     39.757      0.607    1501.15    1501.14  0.000e+00
      14464     40.500    13.7638    13.7484    -0.0154    3.99137    3.98882          1     5.7186     3.5529      96.77     0.6891     0.2652  3.631e-01  0.2177000    33.3074    33.2970    -0.0103    24.9280    24.9231     40.120     40.254      0.434    1501.39    1501.32  0.000e+00
      14492     41.000    13.8683    13.8546    -0.0136    4.01347    4.01112          1     5.7167     3.5293      95.35     0.6513     0.3005  3.425e-01  0.2071000    33.4218    33.4118    -0.0100    24.9949    24.9900     40.615     40.751      0.487    1501.87    1501.81  0.000e+00
      14514     41.500    13.9975    13.9768    -0.0208    4.04192    4.03719          1     5.7137     3.5263      97.33     0.6429     0.2746  3.184e-01  0.2110000    33.5729    33.5472    -0.0257    25.0849    25.0693     41.110     41.248      0.582    1502.48    1502.38  0.000e+00
      14533     42.000    14.2199    14.1976    -0.0223    4.09538    4.08810          1     5.6685     3.5279      97.34     0.5739     0.2496  2.974e-01  0.2103000    33.8727    33.8250    -0.0477    25.2699    25.2377     41.606     41.745      0.632    1503.56    1503.43  0.000e+00
      14552     42.500    14.4062    14.4011    -0.0051    4.14256    4.14003          1     5.6416     3.5283      97.35     0.5005     0.2549  2.731e-01  0.2023000    34.1437    34.1249    -0.0188    25.4397    25.4263     42.101     42.241      0.626    1504.48    1504.45  0.000e+00
      14572     43.000    14.4407    14.4414     0.0006    4.15506    4.15425          1     5.6377     3.5250      97.33     0.4221     0.2703  2.501e-01  0.1915000    34.2281    34.2201    -0.0080    25.4975    25.4912     42.596     42.738      0.543    1504.70    1504.70  0.000e+00
      14598     43.500    14.4730    14.4688    -0.0042    4.16593    4.16448          1     5.6702     3.5277      97.35     0.3751     0.2519  2.317e-01  0.1816000    34.2993    34.2898    -0.0096    25.5456    25.5391     43.091     43.235      0.412    1504.90    1504.87  0.000e+00
      14631     44.000    14.5178    14.5198     0.0020    4.17997    4.18008          1     5.6564     3.5391      97.35     0.3516     0.2416  2.232e-01  0.1655000    34.3886    34.3878    -0.0008    25.6049    25.6039     43.587     43.731      0.365    1505.15    1505.16  0.000e+00
      14661     44.500    14.4944    14.4992     0.0048    4.19013    4.19032          1     5.6592     3.5370      97.34     0.3364     0.1992  2.184e-01  0.1582000    34.5026    34.5001    -0.0026    25.6979    25.6949     44.082     44.228      0.467    1505.22    1505.23  0.000e+00
      14684     45.000    14.4665    14.4698     0.0032    4.18846    4.18884          1     5.6560     3.5369      97.35     0.3255     0.2295  2.134e-01  0.1636000    34.5119    34.5125     0.0006    25.7111    25.7108     44.577     44.724      0.636    1505.15    1505.16  0.000e+00
      14700     45.500    14.4395    14.4575     0.0178    4.18551    4.18762          1     5.6660     3.5421      97.36     0.3220     0.2656  1.977e-01  0.1693000    34.5086    34.5121     0.0035    25.7143    25.7131     45.072     45.221      0.795    1505.07    1505.13  0.000e+00
      14714     46.000    14.3883    14.3808    -0.0072    4.18088    4.18003          1     5.6786     3.5440      97.36     0.3461     0.2542  1.739e-01  0.1665000    34.5114    34.5103    -0.0011    25.7274    25.7281     45.567     45.717      0.914    1504.92    1504.89  0.000e+00
      14726     46.500    14.3414    14.3411    -0.0002    4.18390    4.18324          1     5.6851     3.5437      97.34     0.3438     0.2451  1.566e-01  0.1686000    34.5810    34.5751    -0.0059    25.7911    25.7866     46.063     46.214      0.965    1504.85    1504.85  0.000e+00
      14738     47.000    14.3781    14.3820     0.0038    4.19068    4.19114          1     5.6870     3.5466      97.36     0.2970     0.2397  1.404e-01  0.1731000    34.6105    34.6114     0.0008    25.8061    25.8059     46.558     46.710      0.931    1505.02    1505.03  0.000e+00
      14752     47.500    14.3758    14.3772     0.0014    4.19048    4.19060          1     5.6829     3.5489      97.35     0.3001     0.2331  1.296e-01  0.1752000    34.6106    34.6104    -0.0001    25.8066    25.8062     47.053     47.207      0.782    1505.02    1505.02  0.000e+00
      14773     48.000    14.3706    14.3726     0.0021    4.18971    4.18976          1     5.6654     3.5547      97.35     0.3196     0.2669  1.234e-01  0.1760000    34.6079    34.6065    -0.0014    25.8057    25.8042     47.548     47.703      0.441    1505.01    1505.01  0.000e+00
      14828     48.500    14.3719    14.3760     0.0042    4.19168    4.19192          1     5.6721     3.5575      97.36     0.3348     0.2255  1.228e-01  0.1536000    34.6248    34.6232    -0.0016    25.8184    25.8163     48.044     48.199      0.313    1505.04    1505.05  0.000e+00
      14858     49.000    14.3569    14.3587     0.0018    4.19068    4.19090          1     5.6917     3.5758      90.71     0.3113     0.2339  1.186e-01  0.1480000    34.6288    34.6291     0.0004    25.8247    25.8246     48.539     48.696      0.547    1505.00    1505.01  0.000e+00
      14877     49.500    14.3013    14.2991    -0.0021    4.18537    4.18520          1     5.6924     3.5830      88.50     0.2975     0.2726  1.092e-01  0.1571000    34.6293    34.6297     0.0004    25.8370    25.8377     49.034     49.192      0.674    1504.83    1504.83  0.000e+00
      14893     50.000    14.2617    14.2606    -0.0012    4.18404    4.18378          1     5.6767     3.5793      97.29     0.3211     0.2529  9.982e-02  0.1922000    34.6522    34.6509    -0.0013    25.8631    25.8623     49.529     49.689      0.758    1504.74    1504.74  0.000e+00
      14908     50.500    14.2319    14.2376     0.0056    4.18459    4.18467          1     5.6717     3.5770      97.35     0.3256     0.2220  9.213e-02  0.1825000    34.6840    34.6795    -0.0044    25.8939    25.8893     50.025     50.185      0.831    1504.69    1504.70  0.000e+00
      14922     51.000    14.0377    14.0410     0.0035    4.17232    4.17278          1     5.6914     3.5803      97.37     0.3336     0.2375  8.218e-02  0.1678000    34.7448    34.7462     0.0013    25.9820    25.9823     50.520     50.682      0.888    1504.14    1504.15  0.000e+00
      14935     51.500    13.9240    13.9320     0.0080    4.16199    4.16272          1     5.7237     3.5872      97.37     0.3229     0.2483  7.619e-02  0.1682000    34.7512    34.7507    -0.0005    26.0108    26.0087     51.015     51.178      0.908    1503.79    1503.81  0.000e+00
      14948     52.000    13.7992    13.8014     0.0022    4.15197    4.15219          1     5.7537     3.5909      97.36     0.3092     0.2404  6.802e-02  0.1665000    34.7704    34.7705     0.0001    26.0516    26.0512     51.510     51.674      0.859    1503.41    1503.42  0.000e+00
      14963     52.500    13.7766    13.7781     0.0015    4.15014    4.15031          1     5.7701     3.5932      97.35     0.2941     0.2350  6.113e-02  0.1683000    34.7736    34.7739     0.0002    26.0588    26.0587     52.006     52.171      0.697    1503.35    1503.36  0.000e+00
      14987     53.000    13.7575    13.7572    -0.0002    4.14841    4.14839          1     5.7904     3.5979      85.83     0.2966     0.2334  5.350e-02  0.1715000    34.7746    34.7746    -0.0000    26.0636    26.0636     52.501     52.667      0.352    1503.30    1503.30  0.000e+00
      15048     53.500    13.6702    13.6666    -0.0036    4.14052    4.14017          1     5.7666     3.5985      97.31     0.3102     0.2439  4.697e-02  0.1520000    34.7796    34.7797     0.0000    26.0855    26.0863     52.996     53.163      0.368    1503.03    1503.01  0.000e+00
      15068     54.000    13.5447    13.5463     0.0015    4.13032    4.13052          1     5.8090     3.5958      93.74     0.3091     0.2213  3.759e-02  0.1459000    34.7978    34.7983     0.0005    26.1255    26.1256     53.491     53.660      0.696    1502.64    1502.65  0.000e+00
      15083     54.500    13.5055    13.5055     0.0001    4.12772    4.12777          1     5.8453     3.6075      79.88     0.3091     0.2432  3.839e-02  0.1472000    34.8089    34.8094     0.0004    26.1422    26.1425     53.986     54.156      0.801    1502.54    1502.54  0.000e+00
      15097     55.000    13.4883    13.4901     0.0018    4.12651    4.12671          1     5.8706     3.6277      79.93     0.3091     0.2501  3.045e-02  0.1915000    34.8130    34.8132     0.0002    26.1488    26.1486     54.482     54.652      0.787    1502.50    1502.50  0.000e+00
      15113     55.500    13.4527    13.4555     0.0028    4.12389    4.12418          1     5.8814     3.6365      92.90     0.3091     0.2653  2.249e-02  0.1807000    34.8206    34.8208     0.0002    26.1620    26.1616     54.977     55.149      0.669    1502.39    1502.40  0.000e+00
      15135     56.000    13.3981    13.4069     0.0087    4.11918    4.12006          1     5.8849     3.6353      78.76     0.3129     0.2259  2.246e-02  0.1661000    34.8257    34.8260     0.0003    26.1772    26.1756     55.472     55.645      0.526    1502.23    1502.26  0.000e+00
      15158     56.500    13.2566    13.2645     0.0079    4.10743    4.10830          1     5.8863     3.6335      87.17     0.3214     0.2493  1.582e-02  0.1629000    34.8440    34.8450     0.0011    26.2202    26.2194     55.967     56.141      0.581    1501.79    1501.82  0.000e+00
      15177     57.000    13.1667    13.1662    -0.0004    4.10007    4.10014          1     5.9110     3.6334      82.66     0.3213     0.2704  9.736e-03  0.1690000    34.8564    34.8575     0.0011    26.2481    26.2490     56.463     56.637      0.696    1501.52    1501.52  0.000e+00
