ctdpy/exports/archive_20191120_135557/received_data/SBE09_1044_20181018_0655_34_01_0108.cnv
* Sea-Bird SBE 9 Data File:
* FileName = C:\LUOTAUS\DATA_IN\hex_in\SMHI\ar18d108.hex
* Software Version Seasave V 7.23.2
* Temperature SN = 5351
* Conductivity SN = 3941
* Number of Bytes Per Scan = 30
* Number of Voltage Words = 4
* Number of Scans Averaged by the Deck Unit = 1
* NMEA baud rate = 4800
** Station:  A13
** Operator:  OBac
** Ship: ARANDA
** Average sound velocity: 1497.55 m/s
** True-depth calculation Thu, 18 Oct 2018 07:29:28 +0000
** CTD Python Module SMHI /ver 3-12/ feb 2012 
** LIMS Job: 20183401-0108
** Cruise: SMHI-4-2018
** Latitude [GG MM.mm N]: 58 20.407 N
** Longitude [GG MM.mm E] 11 01.713 E
# nquan = 26
# nvalues = 167                         
# units = specified
# name 0 = scan: Scan Count
# name 1 = prDM: Pressure, Digiquartz [db]
# name 2 = t090C: Temperature [ITS-90, deg C]
# name 3 = t190C: Temperature, 2 [ITS-90, deg C]
# name 4 = T2-T190C: Temperature Difference, 2 - 1 [ITS-90, deg C]
# name 5 = c0S/m: Conductivity [S/m]
# name 6 = c1S/m: Conductivity, 2 [S/m]
# name 7 = pumps: Pump Status
# name 8 = sbeox0ML/L: Oxygen, SBE 43 [ml/l]
# name 9 = sbeox1ML/L: Oxygen, SBE 43, 2 [ml/l]
# name 10 = altM: Altimeter [m]
# name 11 = flECO-AFL: Chl-a Fluorescence, WET Labs ECO-AFL/FL [mg/m^3]
# name 12 = flECO-AFL1: Phycocyanin Fluorescence, WET Labs ECO-AFL/FL, 2 [mg/m^3]
# name 13 = par: PAR/Irradiance, Biospherical/Lico [µE/(cm^2*s)]
# name 14 = turbWETntu0: Turbidity, WET Labs ECO [NTU]
# name 15 = sal00: Salinity, Practical [PSU]
# name 16 = sal11: Salinity, Practical, 2 [PSU]
# name 17 = secS-priS: Salinity, Practical, Difference, 2 - 1 [PSU]
# name 18 = sigma-t00: Density [sigma-t, Kg/m^3 ]
# name 19 = sigma-t11: Density, 2 [sigma-t, Kg/m^3 ]
# name 20 = depSM: Depth [salt water, m], lat = 0
# name 21 = depFM: Depth [true depth, m], lat = 0
# name 22 = dz/dtM: Descent Rate [m/s], WS = 2
# name 23 = svCM: Sound Velocity [Chen-Millero, m/s]
# name 24 = svCM1: Sound Velocity, 2 [Chen-Millero, m/s]
# name 25 = flag: flag
# span 0 =      16050,      19818       
# span 1 =      1.500,     84.500       
# span 2 =    10.6039,    13.2418       
# span 3 =    10.6052,    13.2418       
# span 4 =    -0.0179,     0.0179       
# span 5 =   3.649592,   3.986340       
# span 6 =   3.646720,   3.986365       
# span 7 =          1,          1       
# span 8 =    4.87600,    5.96711       
# span 9 =    4.63144,    5.58471       
# span 10 =       0.27,      83.96      
# span 11 =     0.0940,     1.7511      
# span 12 =     0.1420,     0.3446      
# span 13 = -2.591e-05, 4.4131e+02      
# span 14 =     0.2179,     1.8693      
# span 15 =    30.6861,    34.8575      
# span 16 =    30.6613,    34.8572      
# span 17 =    -0.0808,     0.1560      
# span 18 =    23.0327,    26.7355      
# span 19 =    23.0140,    26.7351      
# span 20 =      1.492,     84.019      
# span 21 =      1.493,     83.937      
# span 22 =     -0.119,      0.872      
# span 23 =    1493.18,    1499.09      
# span 24 =    1493.17,    1499.10      
# span 25 = 0.0000e+00, 0.0000e+00      
# interval = decibars: 0.5              
# start_time = Oct 18 2018 06:55:04 [System UTC, header]
# bad_flag = -9.990e-29
*END*
[from data line 56]
      17348     29.500    12.8761    12.8855     0.0093    3.89984    3.90099          1     5.6753     5.3560      57.54     0.3429     0.1420  1.399e+00  0.2513000    33.2272    33.2299     0.0027    25.0441    25.0444     29.336     29.330      0.678    1498.16    1498.20  0.000e+00
      17367     30.000    12.8930    12.8935     0.0005    3.90194    3.90198          1     5.6592     5.3498      57.23     0.2975     0.1879  1.301e+00  0.2719000    33.2321    33.2320    -0.0001    25.0446    25.0445     29.833     29.827      0.552    1498.24    1498.24  0.000e+00
      17394     30.500    12.9011    12.9018     0.0007    3.90310    3.90315          1     5.6394     5.3382      56.70     0.2883     0.2265  1.256e+00  0.2877000    33.2358    33.2357    -0.0001    25.0459    25.0457     30.330     30.324      0.424    1498.27    1498.28  0.000e+00
      17422     31.000    12.9266    12.9273     0.0006    3.90674    3.90678          1     5.6022     5.3153      56.17     0.3198     0.2154  1.222e+00  0.3229000    33.2477    33.2475    -0.0002    25.0501    25.0498     30.827     30.821      0.493    1498.38    1498.39  0.000e+00
      17443     31.500    12.9076    12.9082     0.0006    3.90522    3.90530          1     5.6070     5.3180      55.82     0.2844     0.1963  1.167e+00  0.3462000    33.2498    33.2499     0.0002    25.0554    25.0554     31.325     31.318      0.619    1498.33    1498.33  0.000e+00
      17461     32.000    12.8858    12.8880     0.0021    3.90366    3.90388          1     5.6259     5.3326      55.34     0.2580     0.1965  1.097e+00  0.3411000    33.2539    33.2541     0.0003    25.0629    25.0626     31.822     31.814      0.666    1498.27    1498.28  0.000e+00
      17479     32.500    12.8621    12.8630     0.0009    3.90122    3.90127          1     5.6352     5.3456      54.83     0.2519     0.2396  1.015e+00  0.3286000    33.2514    33.2511    -0.0003    25.0656    25.0652     32.319     32.311      0.617    1498.20    1498.20  0.000e+00
      17501     33.000    12.8491    12.8500     0.0009    3.90089    3.90099          1     5.6373     5.3471      54.34     0.2623     0.2404  9.484e-01  0.3055000    33.2596    33.2597     0.0001    25.0745    25.0744     32.816     32.808      0.516    1498.17    1498.17  0.000e+00
      17526     33.500    12.8600    12.8610     0.0009    3.90304    3.90312          1     5.6356     5.3326      53.77     0.2648     0.2440  8.959e-01  0.2893000    33.2701    33.2700    -0.0001    25.0805    25.0803     33.313     33.305      0.462    1498.23    1498.23  0.000e+00
      17552     34.000    12.8727    12.8736     0.0008    3.90522    3.90530          1     5.5956     5.3025      53.20     0.2342     0.2062  8.507e-01  0.3066000    33.2795    33.2794    -0.0000    25.0853    25.0851     33.810     33.802      0.532    1498.29    1498.29  0.000e+00
      17572     34.500    12.8789    12.8797     0.0008    3.90679    3.90686          1     5.5814     5.2851      52.80     0.2235     0.2055  8.087e-01  0.3291000    33.2888    33.2886    -0.0001    25.0913    25.0910     34.308     34.298      0.643    1498.33    1498.33  0.000e+00
      17589     35.000    12.8692    12.8699     0.0008    3.90696    3.90701          1     5.5553     5.2508      52.36     0.2171     0.2216  7.600e-01  0.3552000    33.2987    33.2985    -0.0002    25.1009    25.1006     34.805     34.795      0.702    1498.32    1498.32  0.000e+00
      17606     35.500    12.8713    12.8679    -0.0034    3.90981    3.90948          1     5.4903     5.1905      51.94     0.2114     0.1938  7.116e-01  0.4020000    33.3237    33.3236    -0.0001    25.1198    25.1204     35.302     35.292      0.680    1498.36    1498.35  0.000e+00
      17625     36.000    12.8982    12.8989     0.0007    3.91399    3.91403          1     5.4278     5.1358      51.42     0.2126     0.2001  6.729e-01  0.5219000    33.3395    33.3392    -0.0003    25.1268    25.1264     35.799     35.789      0.592    1498.48    1498.48  0.000e+00
      17647     36.500    12.8984    12.8994     0.0010    3.91480    3.91483          1     5.3949     5.1148      50.84     0.1801     0.2070  6.394e-01  0.8050000    33.3468    33.3462    -0.0006    25.1323    25.1317     36.296     36.286      0.501    1498.50    1498.50  0.000e+00
      17673     37.000    12.8940    12.8952     0.0012    3.91489    3.91499          1     5.3913     5.1243      50.24     0.2119     0.1968  6.077e-01  0.8361000    33.3513    33.3512    -0.0001    25.1367    25.1364     36.793     36.782      0.459    1498.50    1498.50  0.000e+00
      17699     37.500    12.8892    12.8902     0.0010    3.91469    3.91478          1     5.4220     5.1423      49.73     0.2119     0.1875  5.815e-01  0.8378000    33.3534    33.3535     0.0001    25.1393    25.1391     37.291     37.279      0.516    1498.49    1498.49  0.000e+00
      17720     38.000    12.8782    12.8806     0.0024    3.91414    3.91430          1     5.4610     5.1698      49.36     0.2242     0.2054  5.386e-01  0.8380000    33.3577    33.3571    -0.0005    25.1448    25.1439     37.788     37.776      0.611    1498.47    1498.47  0.000e+00
      17738     38.500    12.8658    12.8674     0.0016    3.91356    3.91369          1     5.4886     5.1968      48.91     0.2372     0.1926  4.889e-01  0.8293000    33.3630    33.3627    -0.0003    25.1514    25.1508     38.285     38.273      0.648    1498.44    1498.44  0.000e+00
      17757     39.000    12.8604    12.8619     0.0015    3.91345    3.91358          1     5.5132     5.2305      48.48     0.2538     0.2094  4.473e-01  0.8210000    33.3665    33.3664    -0.0001    25.1551    25.1547     38.782     38.770      0.624    1498.43    1498.44  0.000e+00
      17777     39.500    12.8442    12.8461     0.0019    3.91250    3.91264          1     5.5740     5.2747      47.92     0.2722     0.2170  3.984e-01  0.8249000    33.3716    33.3712    -0.0003    25.1622    25.1616     39.279     39.266      0.546    1498.39    1498.40  0.000e+00
      17802     40.000    12.8141    12.8153     0.0012    3.91107    3.91118          1     5.6415     5.3135      47.38     0.3235     0.2028  3.622e-01  0.8294000    33.3843    33.3842    -0.0001    25.1780    25.1777     39.776     39.763      0.458    1498.32    1498.32  0.000e+00
      17829     40.500    12.8063    12.8058    -0.0005    3.91214    3.91178          1     5.6177     5.2940      46.85     0.3946     0.2072  3.279e-01  0.7449000    33.4012    33.3982    -0.0030    25.1926    25.1904     40.274     40.260      0.500    1498.32    1498.31  0.000e+00
      17850     41.000    12.8191    12.8209     0.0019    3.91590    3.91615          1     5.5281     5.2301      46.40     0.4069     0.2473  2.946e-01  0.7831000    33.4255    33.4261     0.0007    25.2089    25.2091     40.771     40.757      0.610    1498.40    1498.41  0.000e+00
      17868     41.500    12.8402    12.8412     0.0010    3.91896    3.91904          1     5.4292     5.1583      46.04     0.3656     0.2365  2.691e-01  0.8113000    33.4357    33.4356    -0.0001    25.2127    25.2124     41.268     41.253      0.668    1498.49    1498.49  0.000e+00
      17886     42.000    12.8505    12.8524     0.0018    3.92256    3.92267          1     5.3717     5.1086      45.54     0.3133     0.2200  2.476e-01  0.8471000    33.4606    33.4600    -0.0005    25.2299    25.2291     41.765     41.750      0.660    1498.56    1498.57  0.000e+00
      17905     42.500    12.8347    12.8360     0.0014    3.92312    3.92320          1     5.3659     5.0903      44.98     0.2174     0.2132  2.242e-01  0.9124000    33.4798    33.4794    -0.0004    25.2479    25.2473     42.262     42.247      0.592    1498.54    1498.54  0.000e+00
      17927     43.000    12.8259    12.8270     0.0010    3.92425    3.92428          1     5.3663     5.0826      44.44     0.2577     0.2330  1.969e-01  0.9718000    33.4981    33.4975    -0.0007    25.2638    25.2631     42.759     42.744      0.502    1498.54    1498.54  0.000e+00
      17953     43.500    12.8173    12.8184     0.0011    3.92956    3.92949          1     5.3258     5.0643      43.90     0.2819     0.1954  1.719e-01  1.0246000    33.5561    33.5545    -0.0016    25.3105    25.3090     43.256     43.240      0.448    1498.59    1498.59  0.000e+00
      17980     44.000    12.8160    12.8167     0.0006    3.93897    3.93870          1     5.3572     5.0793      43.40     0.2723     0.2227  1.467e-01  1.0775000    33.6466    33.6435    -0.0031    25.3808    25.3783     43.754     43.737      0.516    1498.70    1498.70  0.000e+00
      18000     44.500    12.8158    12.8167     0.0010    3.94054    3.94063          1     5.4156     5.1106      42.97     0.2016     0.2498  1.272e-01  0.9110000    33.6616    33.6616    -0.0000    25.3925    25.3923     44.251     44.234      0.610    1498.73    1498.73  0.000e+00
      18019     45.000    12.8129    12.8139     0.0009    3.94124    3.94131          1     5.4449     5.1348      42.52     0.1751     0.2144  1.101e-01  0.8228000    33.6705    33.6704    -0.0001    25.4000    25.3997     44.748     44.730      0.636    1498.73    1498.74  0.000e+00
      18038     45.500    12.8069    12.8077     0.0008    3.94252    3.94262          1     5.4491     5.1473      42.01     0.1638     0.2001  9.331e-02  0.7527000    33.6880    33.6882     0.0002    25.4147    25.4147     45.245     45.227      0.631    1498.74    1498.75  0.000e+00
      18057     46.000    12.8030    12.8039     0.0009    3.94379    3.94385          1     5.4494     5.1528      41.58     0.1736     0.2221  8.054e-02  0.6972000    33.7034    33.7030    -0.0003    25.4274    25.4269     45.742     45.724      0.615    1498.76    1498.76  0.000e+00
      18077     46.500    12.8047    12.8056     0.0009    3.94714    3.94717          1     5.4585     5.1573      41.11     0.1616     0.1973  6.367e-02  0.6830000    33.7336    33.7330    -0.0005    25.4504    25.4498     46.239     46.220      0.555    1498.81    1498.81  0.000e+00
      18101     47.000    12.8094    12.8104     0.0010    3.95042    3.95045          1     5.4556     5.1585      40.50     0.1598     0.2348  5.031e-02  0.6566000    33.7604    33.7598    -0.0006    25.4703    25.4697     46.736     46.717      0.485    1498.86    1498.86  0.000e+00
      18126     47.500    12.8069    12.8077     0.0008    3.95166    3.95172          1     5.4554     5.1657      39.97     0.1599     0.2386  4.112e-02  0.6369000    33.7742    33.7741    -0.0002    25.4815    25.4812     47.234     47.213      0.524    1498.88    1498.88  0.000e+00
      18147     48.000    12.8072    12.8079     0.0007    3.95354    3.95355          1     5.4666     5.1701      39.46     0.1535     0.2543  3.361e-02  0.6470000    33.7917    33.7912    -0.0006    25.4950    25.4944     47.731     47.710      0.605    1498.91    1498.91  0.000e+00
      18166     48.500    12.8126    12.8129     0.0003    3.95626    3.95617          1     5.4658     5.1785      38.75     0.1478     0.2712  2.077e-02  0.6455000    33.8126    33.8115    -0.0011    25.5101    25.5092     48.228     48.207      0.636    1498.96    1498.96  0.000e+00
      18185     49.000    12.8157    12.8171     0.0014    3.96001    3.96001          1     5.4501     5.1842      38.57     0.1384     0.2230  1.341e-02  0.5843000    33.8453    33.8441    -0.0012    25.5348    25.5336     48.725     48.703      0.602    1499.02    1499.02  0.000e+00
      18207     49.500    12.8074    12.8085     0.0011    3.96234    3.96230          1     5.4287     5.1714      38.10     0.1382     0.2311  3.965e-03  0.5273000    33.8748    33.8734    -0.0015    25.5594    25.5580     49.222     49.200      0.514    1499.03    1499.03  0.000e+00
      18233     50.000    12.7982    12.8000     0.0018    3.96374    3.96383          1     5.4216     5.1445      37.60     0.1185     0.2254  8.247e-04  0.5153000    33.8963    33.8954    -0.0009    25.5778    25.5768     49.719     49.696      0.448    1499.04    1499.04  0.000e+00
      18259     50.500    12.7831    12.7843     0.0012    3.96556    3.96552          1     5.4262     5.1291      37.13     0.1470     0.2315 -2.591e-05  0.5961000    33.9270    33.9255    -0.0014    25.6045    25.6032     50.216     50.193      0.536    1499.03    1499.03  0.000e+00
      18278     51.000    12.7554    12.7567     0.0014    3.97301    3.97292          1     5.4090     5.1218      36.72     0.1323     0.2216  1.000e-12  0.6800000    34.0229    34.0207    -0.0022    25.6843    25.6824     50.714     50.689      0.691    1499.06    1499.06  0.000e+00
      18294     51.500    12.7398    12.7411     0.0013    3.97524    3.97529          1     5.3978     5.1110      36.30     0.1219     0.2071  1.000e-12  0.6885000    34.0580    34.0574    -0.0006    25.7146    25.7139     51.211     51.186      0.747    1499.06    1499.06  0.000e+00
      18310     52.000    12.7197    12.7228     0.0031    3.97578    3.97588          1     5.3969     5.1009      35.81     0.0940     0.2772  1.000e-12  0.6144000    34.0812    34.0793    -0.0019    25.7366    25.7345     51.708     51.682      0.671    1499.02    1499.03  0.000e+00
      18331     52.500    12.6982    12.6996     0.0015    3.97694    3.97690          1     5.3899     5.0956      35.17     0.1042     0.2627  1.000e-12  0.6219000    34.1115    34.1098    -0.0017    25.7643    25.7627     52.205     52.179      0.499    1499.00    1499.00  0.000e+00
      18360     53.000    12.6947    12.6959     0.0013    3.97797    3.97802          1     5.3776     5.0903      34.58     0.1084     0.2261  1.000e-12  0.6649000    34.1243    34.1236    -0.0007    25.7749    25.7741     52.702     52.675      0.441    1499.01    1499.01  0.000e+00
      18384     53.500    12.6941    12.6948     0.0007    3.97856    3.97857          1     5.3663     5.0893      34.18     0.1351     0.2053  1.000e-12  0.6675000    34.1303    34.1297    -0.0006    25.7796    25.7790     53.199     53.172      0.578    1499.02    1499.02  0.000e+00
      18402     54.000    12.6927    12.6938     0.0011    3.98003    3.97991          1     5.3694     5.0940      33.70     0.1243     0.1993  1.000e-12  0.6701000    34.1453    34.1433    -0.0021    25.7916    25.7897     53.696     53.668      0.675    1499.04    1499.04  0.000e+00
      18420     54.500    12.6939    12.6950     0.0011    3.98282    3.98284          1     5.3662     5.0935      33.26     0.1171     0.2513  1.000e-12  0.6747000    34.1708    34.1699    -0.0008    25.8111    25.8102     54.193     54.165      0.670    1499.09    1499.09  0.000e+00
      18439     55.000    12.6845    12.6869     0.0024    3.98291    3.98299          1     5.3397     5.0706      32.72     0.1258     0.2402  1.000e-12  0.6787000    34.1800    34.1785    -0.0015    25.8201    25.8184     54.691     54.661      0.593    1499.07    1499.08  0.000e+00
      18461     55.500    12.6721    12.6739     0.0018    3.98345    3.98355          1     5.3147     5.0406      32.19     0.0950     0.2295  1.000e-12  0.7535000    34.1963    34.1956    -0.0007    25.8351    25.8342     55.188     55.158      0.517    1499.06    1499.06  0.000e+00
      18485     56.000    12.6669    12.6682     0.0012    3.98416    3.98420          1     5.3024     5.0239      31.64     0.1186     0.2389  1.000e-12  0.9444000    34.2074    34.2067    -0.0007    25.8448    25.8439     55.685     55.654      0.509    1499.06    1499.07  0.000e+00
      18508     56.500    12.6647    12.6656     0.0009    3.98501    3.98500          1     5.2918     5.0090      31.19     0.1186     0.2509  1.000e-12  1.0845000    34.2174    34.2165    -0.0009    25.8529    25.8520     56.182     56.151      0.528    1499.08    1499.08  0.000e+00
