ctdpy/exports/archive_20191120_135557/received_data/SBE09_1044_20180922_2115_34_01_0040.cnv
* Sea-Bird SBE 9 Data File:
* FileName = C:\ctd\temp\2018\AR18D040.hex
* Software Version Seasave V 7.26.6.26
* Temperature SN = 5351
* Conductivity SN = 3941
* Number of Bytes Per Scan = 41
* Number of Voltage Words = 4
* Number of Scans Averaged by the Deck Unit = 1
* NMEA Latitude = 54 58.28 N
* NMEA Longitude = 014 05.95 E
* NMEA UTC (Time) = Sep 22 2018  21:15:03
* NMEA baud rate = 4800
** Station:  BY2
** Operator:  MHan
** Ship: ARANDA
** Average sound velocity: 1477.42 m/s
** True-depth calculation Sat, 22 Sep 2018 21:59:39 +0000
** CTD Python Module SMHI /ver 3-12/ feb 2012 
** LIMS Job: 20183401-0040
** Cruise: SMHI-02-2018
** Latitude [GG MM.mm N] :
** Longitude [GG MM.mm E]:
# nquan = 26
# nvalues = 84                          
# units = specified
# name 0 = scan: Scan Count
# name 1 = prDM: Pressure, Digiquartz [db]
# name 2 = t090C: Temperature [ITS-90, deg C]
# name 3 = t190C: Temperature, 2 [ITS-90, deg C]
# name 4 = T2-T190C: Temperature Difference, 2 - 1 [ITS-90, deg C]
# name 5 = c0S/m: Conductivity [S/m]
# name 6 = c1S/m: Conductivity, 2 [S/m]
# name 7 = pumps: Pump Status
# name 8 = sbeox0ML/L: Oxygen, SBE 43 [ml/l]
# name 9 = sbeox1ML/L: Oxygen, SBE 43, 2 [ml/l]
# name 10 = altM: Altimeter [m]
# name 11 = flECO-AFL: Chl-a Fluorescence, WET Labs ECO-AFL/FL [mg/m^3]
# name 12 = flECO-AFL1: Phycocyanin Fluorescence, WET Labs ECO-AFL/FL, 2 [mg/m^3]
# name 13 = par: PAR/Irradiance, Biospherical/Lico [µE/(cm^2*s)]
# name 14 = turbWETntu0: Turbidity, WET Labs ECO [NTU]
# name 15 = sal00: Salinity, Practical [PSU]
# name 16 = sal11: Salinity, Practical, 2 [PSU]
# name 17 = secS-priS: Salinity, Practical, Difference, 2 - 1 [PSU]
# name 18 = sigma-t00: Density [sigma-t, Kg/m^3 ]
# name 19 = sigma-t11: Density, 2 [sigma-t, Kg/m^3 ]
# name 20 = depSM: Depth [salt water, m], lat = 54.9713
# name 21 = depFM: Depth [true depth, m], lat = 54.9713
# name 22 = dz/dtM: Descent Rate [m/s], WS = 2
# name 23 = svCM: Sound Velocity [Chen-Millero, m/s]
# name 24 = svCM1: Sound Velocity, 2 [Chen-Millero, m/s]
# name 25 = flag: flag
# span 0 =      25781,      27764       
# span 1 =      1.500,     43.000       
# span 2 =     8.5507,    16.6163       
# span 3 =     8.5792,    16.6167       
# span 4 =    -0.3134,     0.3258       
# span 5 =   0.971077,   2.134240       
# span 6 =   0.972545,   2.130297       
# span 7 =          1,          1       
# span 8 =    1.07045,    6.35466       
# span 9 =    3.32799,    5.18262       
# span 10 =       1.44,      42.58      
# span 11 =     0.2037,     2.4941      
# span 12 =     0.1485,     0.6491      
# span 13 = 1.0000e-12, 1.0000e-12      
# span 14 =     0.1240,     0.3707      
# span 15 =     8.0783,    15.8341      
# span 16 =     8.0671,    15.8005      
# span 17 =    -0.0420,     0.0792      
# span 18 =     5.1300,    11.0893      
# span 19 =     5.1300,    11.0629      
# span 20 =      1.486,     42.608      
# span 21 =      1.520,     43.525      
# span 22 =     -0.302,      1.275      
# span 23 =    1452.11,    1489.15      
# span 24 =    1452.23,    1489.15      
# span 25 = 0.0000e+00, 0.0000e+00      
# interval = decibars: 0.5              
# start_time = Sep 22 2018 21:15:03 [NMEA time, first data scan]
# bad_flag = -9.990e-29
*END*
[from data line 56]
      27201     29.500    10.3709    10.7033     0.3258    1.01236    1.01851          1     5.6273     5.1248      15.60     1.2327     0.3390  1.000e-12  0.2725000     8.1431     8.1224    -0.0207     6.0159     5.9613     29.232     29.890      1.116    1459.20    1460.45  0.000e+00
      27211     30.000     9.6202     9.7636     0.1433    0.99471    0.99881          1     5.6621     5.1678      15.11     1.2008     0.3390  1.000e-12  0.2708000     8.1568     8.1607     0.0039     6.1080     6.0962     29.728     30.397      1.110    1456.30    1456.87  0.000e+00
      27222     30.500     8.5507     8.5792     0.0299    0.97108    0.97254          1     5.6170     5.1336      14.59     1.1631     0.3378  1.000e-12  0.2693000     8.1899     8.1966     0.0068     6.2386     6.2412     30.223     30.903      0.986    1452.11    1452.23  0.000e+00
      27236     31.000     9.4250     9.3476    -0.0761    1.03905    1.03440          1     5.3927     5.0394      13.95     0.6929     0.3000  1.000e-12  0.2322000     8.5919     8.5693    -0.0226     6.4644     6.4550     30.718     31.409      0.690    1456.06    1455.73  0.000e+00
      27276     31.500    11.2456    11.2667     0.0182    1.16396    1.16779          1     4.7031     4.8826      13.07     0.3802     0.2495  1.000e-12  0.1985000     9.2372     9.2670     0.0298     6.7551     6.7770     31.214     31.915      0.288    1463.85    1463.97  0.000e+00
      27325     32.000    12.3925    12.4335     0.0405    1.26772    1.27141          1     4.1916     4.7107       7.03     0.2782     0.2225  1.000e-12  0.1883000     9.8323     9.8526     0.0203     7.0650     7.0749     31.709     32.420      0.499    1468.84    1469.02  0.000e+00
      27342     32.500    12.7263    12.7270     0.0008    1.30602    1.30664          1     4.0366     4.6825      10.22     0.2657     0.2330  1.000e-12  0.1727000    10.0638    10.0687     0.0050     7.1946     7.1983     32.205     32.926      0.711    1470.33    1470.34  0.000e+00
      27358     33.000    12.9990    12.9959    -0.0031    1.34235    1.34228          1     3.9168     4.6423      11.02     0.2604     0.2367  1.000e-12  0.1925000    10.2930    10.2934     0.0003     7.3308     7.3315     32.700     33.432      0.785    1471.59    1471.58  0.000e+00
      27373     33.500    13.1604    13.1621     0.0017    1.35850    1.35878          1     3.8618     4.5794      10.99     0.2571     0.2504  1.000e-12  0.2005000    10.3833    10.3851     0.0018     7.3759     7.3771     33.195     33.937      0.780    1472.28    1472.29  0.000e+00
      27388     34.000    13.3179    13.3242     0.0062    1.37413    1.37475          1     3.8186     4.5116      10.65     0.2588     0.2413  1.000e-12  0.2425000    10.4694    10.4729     0.0035     7.4180     7.4198     33.691     34.443      0.741    1472.95    1472.98  0.000e+00
      27405     34.500    13.4935    13.4931    -0.0004    1.39135    1.39149          1     3.7393     4.4561      10.19     0.2603     0.2230  1.000e-12  0.2359000    10.5631    10.5644     0.0013     7.4628     7.4639     34.186     34.948      0.722    1473.69    1473.69  0.000e+00
      27422     35.000    13.6883    13.6876    -0.0007    1.41236    1.41240          1     3.6694     4.4085       9.69     0.2603     0.2116  1.000e-12  0.2302000    10.6818    10.6824     0.0006     7.5233     7.5239     34.682     35.454      0.708    1474.53    1474.52  0.000e+00
      27439     35.500    13.8250    13.8238    -0.0013    1.42732    1.42718          1     3.6608     4.3529       9.18     0.2487     0.2183  1.000e-12  0.2465000    10.7662    10.7654    -0.0008     7.5664     7.5660     35.177     35.959      0.614    1475.11    1475.11  0.000e+00
      27470     36.000    14.0744    14.1381     0.0633    1.47419    1.48617          1     3.6159     4.2147       8.54     0.2547     0.2167  1.000e-12  0.2544000    11.0779    11.1571     0.0792     7.7651     7.8154     35.672     36.465      0.346    1476.35    1476.67  0.000e+00
      27530     36.500    14.5543    14.5389    -0.0159    1.56336    1.56068          1     3.4087     3.9053       7.93     0.2475     0.1870  1.000e-12  0.1909000    11.6621    11.6450    -0.0171     8.1330     8.1226     36.168     36.970      0.594    1478.70    1478.63  0.000e+00
      27541     37.000    15.3722    15.3412    -0.0306    1.69743    1.69099          1     3.2480     3.8924       7.70     0.2481     0.1950  1.000e-12  0.1804000    12.4897    12.4477    -0.0420     8.6229     8.5963     36.663     37.475      0.986    1482.44    1482.29  0.000e+00
      27552     37.500    16.0926    16.0901    -0.0021    1.81467    1.81307          1     3.1492     3.8748       7.34     0.2481     0.2330  1.000e-12  0.1822000    13.1901    13.1783    -0.0119     9.0246     9.0161     37.159     37.980      1.162    1485.64    1485.62  0.000e+00
      27561     38.000    16.3391    16.3391     0.0001    1.86679    1.86567          1     3.0255     3.8558       6.94     0.2276     0.2349  1.000e-12  0.1900000    13.5202    13.5114    -0.0088     9.2296     9.2229     37.654     38.484      1.208    1486.84    1486.83  0.000e+00
      27571     38.500    16.2334    16.2365     0.0030    1.88614    1.88566          1     2.8875     3.8306       6.47     0.2236     0.2334  1.000e-12  0.1933000    13.7089    13.7040    -0.0049     9.3940     9.3897     38.149     38.989      1.127    1486.72    1486.72  0.000e+00
      27582     39.000    16.3093    16.3075    -0.0017    1.94242    1.94153          1     2.7557     3.8229       5.91     0.2186     0.2222  1.000e-12  0.1791000    14.1281    14.1217    -0.0064     9.6992     9.6947     38.645     39.493      0.889    1487.45    1487.44  0.000e+00
      27622     39.500    16.5150    16.5025    -0.0126    1.99565    1.99194          1     2.7009     3.7772       5.04     0.2197     0.2152  1.000e-12  0.1468000    14.4765    14.4517    -0.0248     9.9249     9.9084     39.140     39.998      0.467    1488.53    1488.46  0.000e+00
      27692     40.000    16.6163    16.6167     0.0005    2.02903    2.02879          1     2.2588     3.6691       4.49     0.2178     0.2077  1.000e-12  0.1240000    14.7039    14.7018    -0.0020    10.0784    10.0767     39.636     40.502      0.809    1489.12    1489.12  0.000e+00
      27701     40.500    16.5177    16.5174    -0.0003    2.06197    2.06176          1     1.8217     3.6685       4.24     0.2037     0.2018  1.000e-12  0.1245000    15.0012    14.9996    -0.0016    10.3246    10.3235     40.131     41.006      1.122    1489.15    1489.15  0.000e+00
      27710     41.000    16.1867    16.1888     0.0020    2.08507    2.08413          1     1.4805     3.6628       3.88     0.2196     0.1491  1.000e-12  0.1301000    15.3103    15.3020    -0.0083    10.6256    10.6188     40.627     41.510      1.260    1488.44    1488.44  0.000e+00
      27719     41.500    16.0339    16.0351     0.0012    2.11033    2.11030          1     1.2264     3.6598       3.49     0.2353     0.1485  1.000e-12  0.1375000    15.5720    15.5713    -0.0007    10.8552    10.8544     41.122     42.014      1.275    1488.25    1488.26  0.000e+00
      27728     42.000    15.9540    15.9585     0.0045    2.11584    2.11568          1     1.0704     3.6579       3.03     0.2386     0.1647  1.000e-12  0.1398000    15.6476    15.6445    -0.0031    10.9284    10.9251     41.617     42.518      1.160    1488.09    1488.10  0.000e+00
      27739     42.500    15.8668    15.8680     0.0012    2.12401    2.12374          1     1.0777     3.6430       2.45     0.2638     0.2339  1.000e-12  0.2409000    15.7478    15.7451    -0.0027    11.0218    11.0195     42.113     43.021      0.805    1487.92    1487.93  0.000e+00
      27764     43.000    15.8585    15.8625     0.0026    2.13424    2.13030          1     1.3878     3.6343       1.44     0.2859     0.2365  1.000e-12  0.3196000    15.8341    15.8005    -0.0336    11.0893    11.0629     42.608     43.525     -0.302    1488.00    1487.98  0.000e+00
