ctdpy/exports/archive_20191120_135557/received_data/SBE09_0827_20180127_1300_26_01_0235.cnv
* Sea-Bird SBE 9 Data File:
* FileName = D:\CTD_SBE911\DAT\26DA.2018.1.135.hex
* Software Version Seasave V 7.21d
* Temperature SN = 034757
* Conductivity SN = 041844
* Number of Bytes Per Scan = 48
* Number of Voltage Words = 5
* Number of Scans Averaged by the Deck Unit = 1
* NMEA Latitude = 57 11.50 N
* NMEA Longitude = 011 39.74 E
* NMEA UTC (Time) = Jan 27 2018  13:00:30
* NMEA baud rate = 4800
** Ship: DANA
** Average sound velocity: 1471.00 m/s
** True-depth calculation Thu, 28 Mar 2019 08:32:32 +0000
** CTD Python Module SMHI /ver 3-12/ feb 2012 
** LIMS Job: 20182601-0235
** W Fladen
** Operator: Ronny Sørensen
** Cruise: 01/2018
# nquan = 26
# nvalues = 140                         
# units = specified
# name 0 = scan: Scan Count
# name 1 = prDM: Pressure, Digiquartz [db]
# name 2 = t090C: Temperature [ITS-90, deg C]
# name 3 = t190C: Temperature, 2 [ITS-90, deg C]
# name 4 = T2-T190C: Temperature Difference, 2 - 1 [ITS-90, deg C]
# name 5 = c0S/m: Conductivity [S/m]
# name 6 = c1S/m: Conductivity, 2 [S/m]
# name 7 = pumps: Pump Status
# name 8 = sbeox1ML/L: Oxygen, SBE 43, 2 [ml/l]
# name 9 = sbeox0ML/L: Oxygen, SBE 43 [ml/l]
# name 10 = altM: Altimeter [m]
# name 11 = chloroflTC0: Chlorophyll, Turner Cyclops [ug/l]
# name 12 = cpar: CPAR/Corrected Irradiance [%]
# name 13 = par: PAR/Irradiance, Biospherical/Lico [µE/(cm^2*s)]
# name 14 = spar: SPAR, Biospherical/Licor
# name 15 = sal00: Salinity, Practical [PSU]
# name 16 = sal11: Salinity, Practical, 2 [PSU]
# name 17 = secS-priS: Salinity, Practical, Difference, 2 - 1 [PSU]
# name 18 = sigma-t00: Density [sigma-t, kg/m^3 ]
# name 19 = sigma-t11: Density, 2 [sigma-t, kg/m^3 ]
# name 20 = depSM: Depth [salt water, m], lat = 57.1917
# name 21 = depFM: Depth [true depth, m], lat = 57.1917
# name 22 = dz/dtM: Descent Rate [m/s], WS = 2
# name 23 = svCM: Sound Velocity [Chen-Millero, m/s]
# name 24 = svCM1: Sound Velocity, 2 [Chen-Millero, m/s]
# name 25 = flag: flag
# span 0 =        464,       7211       
# span 1 =      2.500,     72.000       
# span 2 =     4.2870,     6.9019       
# span 3 =     4.2883,     7.0018       
# span 4 =    -0.2733,     0.2396       
# span 5 =   2.266386,   3.412513       
# span 6 =   2.264728,   3.424278       
# span 7 =          1,          1       
# span 8 =     5.8279,     7.1251       
# span 9 =     5.9313,     7.1956       
# span 10 =       2.51,      10.00      
# span 11 =     0.0208,     0.0417      
# span 12 = 7.2150e-14, 4.2932e+00      
# span 13 = 1.0000e-12, 5.5626e+01      
# span 14 = 7.4998e+02, 1.3884e+03      
# span 15 =    23.2858,    33.7854      
# span 16 =    23.2662,    33.8165      
# span 17 =    -0.0208,     0.2901      
# span 18 =    18.4607,    26.4753      
# span 19 =    18.4451,    26.4863      
# span 20 =      2.477,     71.325      
# span 21 =      2.500,     71.560      
# span 22 =      0.204,      0.399      
# span 23 =    1452.86,    1477.94      
# span 24 =    1452.84,    1478.36      
# span 25 = 0.0000e+00, 0.0000e+00      
# interval = decibars: 0.5              
# start_time = Jan 27 2018 13:00:30 [NMEA time, first data scan]
# bad_flag = -9.990e-29
*END*
[from data line 112]
       5882     58.500     6.5598     6.5859     0.0260    3.36579    3.36775          1     5.9745     6.0573       9.95     0.0340  7.507e-14  1.000e-12  1.332e+03    33.6127    33.6088    -0.0039    26.3848    26.3783     57.954     58.163      0.263    1476.16    1476.26  0.000e+00
       5928     59.000     6.5900     6.6097     0.0197    3.36988    3.37122          1     5.9679     6.0476       9.95     0.0350  7.517e-14  1.000e-12  1.330e+03    33.6280    33.6234    -0.0046    26.3929    26.3867     58.449     58.659      0.238    1476.31    1476.38  0.000e+00
       5980     59.500     6.6272     6.6419     0.0148    3.37495    3.37560          1     5.9689     6.0279       9.95     0.0366  7.520e-14  1.000e-12  1.330e+03    33.6474    33.6400    -0.0074    26.4033    26.3955     58.944     59.156      0.244    1476.49    1476.54  0.000e+00
       6028     60.000     6.6490     6.6557     0.0067    3.37777    3.37789          1     5.9434     6.0239       9.95     0.0373  7.549e-14  1.000e-12  1.325e+03    33.6568    33.6515    -0.0053    26.4078    26.4028     59.439     59.652      0.255    1476.59    1476.61  0.000e+00
       6074     60.500     6.6545     6.6589     0.0044    3.37853    3.37856          1     5.8986     6.0229       9.95     0.0387  7.625e-14  1.000e-12  1.312e+03    33.6595    33.6556    -0.0039    26.4092    26.4056     59.935     60.148      0.255    1476.62    1476.64  0.000e+00
       6122     61.000     6.6574     6.6597     0.0022    3.37890    3.37876          1     5.8739     6.0232       9.95     0.0375  7.747e-14  1.000e-12  1.291e+03    33.6605    33.6567    -0.0038    26.4096    26.4063     60.430     60.644      0.251    1476.65    1476.65  0.000e+00
       6170     61.500     6.6589     6.6602     0.0013    3.37909    3.37890          1     5.8663     6.0214       9.95     0.0390  7.947e-14  1.000e-12  1.258e+03    33.6609    33.6576    -0.0034    26.4098    26.4069     60.925     61.140      0.242    1476.66    1476.66  0.000e+00
       6221     62.000     6.6598     6.6613     0.0014    3.37922    3.37913          1     5.9096     6.0299       9.95     0.0376  8.202e-14  1.000e-12  1.219e+03    33.6612    33.6588    -0.0024    26.4098    26.4077     61.420     61.636      0.247    1476.67    1476.68  0.000e+00
       6268     62.500     6.6612     6.6631     0.0019    3.37941    3.37939          1     5.9213     6.0228       9.95     0.0372  8.464e-14  1.000e-12  1.182e+03    33.6617    33.6596    -0.0021    26.4101    26.4082     61.916     62.133      0.254    1476.69    1476.69  0.000e+00
       6315     63.000     6.6639     6.6650     0.0011    3.37978    3.37971          1     5.8915     6.0182       9.95     0.0378  8.691e-14  1.000e-12  1.151e+03    33.6629    33.6611    -0.0018    26.4107    26.4091     62.411     62.629      0.253    1476.71    1476.71  0.000e+00
       6362     63.500     6.6645     6.6649     0.0004    3.37987    3.37975          1     5.8886     6.0260       9.91     0.0375  8.853e-14  1.000e-12  1.130e+03    33.6630    33.6614    -0.0016    26.4106    26.4093     62.906     63.125      0.258    1476.72    1476.72  0.000e+00
       6411     64.000     6.6650     6.6654     0.0004    3.37993    3.37986          1     5.9149     6.0257       9.53     0.0366  8.924e-14  1.000e-12  1.121e+03    33.6630    33.6619    -0.0011    26.4106    26.4096     63.401     63.621      0.245    1476.73    1476.73  0.000e+00
       6458     64.500     6.6648     6.6650     0.0002    3.37994    3.37988          1     5.9115     6.0194       9.02     0.0376  8.911e-14  1.000e-12  1.122e+03    33.6631    33.6622    -0.0008    26.4107    26.4100     63.897     64.117      0.240    1476.74    1476.73  0.000e+00
       6522     65.000     6.6657     6.6651    -0.0006    3.38005    3.37992          1     5.9120     6.0293       8.50     0.0374  8.864e-14  1.000e-12  1.128e+03    33.6631    33.6623    -0.0008    26.4106    26.4100     64.392     64.613      0.208    1476.75    1476.75  0.000e+00
       6572     65.500     6.6659     6.6655    -0.0003    3.38009    3.38002          1     5.9367     6.0289       8.00     0.0370  8.911e-14  1.000e-12  1.122e+03    33.6631    33.6628    -0.0004    26.4106    26.4103     64.887     65.110      0.278    1476.76    1476.75  0.000e+00
       6616     66.000     6.6661     6.6653    -0.0007    3.38012    3.38003          1     5.9335     6.0174       7.48     0.0371  9.069e-14  1.000e-12  1.103e+03    33.6630    33.6628    -0.0002    26.4105    26.4104     65.382     65.606      0.243    1476.77    1476.76  0.000e+00
       6670     66.500     6.6655     6.6645    -0.0010    3.38006    3.37994          1     5.8927     6.0208       6.98     0.0374  9.382e-14  1.000e-12  1.066e+03    33.6627    33.6624    -0.0003    26.4103    26.4102     65.878     66.102      0.236    1476.77    1476.77  0.000e+00
       6714     67.000     6.6651     6.6649    -0.0002    3.38004    3.38000          1     5.9110     6.0244       6.68     0.0379  9.709e-14  1.000e-12  1.030e+03    33.6627    33.6624    -0.0003    26.4104    26.4102     66.373     66.598      0.282    1476.78    1476.78  0.000e+00
       6762     67.500     6.6654     6.6656     0.0002    3.38009    3.38011          1     5.9242     6.0274       6.16     0.0375  9.985e-14  1.000e-12  1.002e+03    33.6626    33.6627     0.0000    26.4103    26.4103     66.868     67.094      0.225    1476.79    1476.79  0.000e+00
       6813     68.000     6.6659     6.6681     0.0022    3.38018    3.38039          1     5.8962     6.0265       5.63     0.0379  1.020e-13  1.000e-12  9.805e+02    33.6629    33.6631     0.0002    26.4104    26.4103     67.363     67.590      0.267    1476.80    1476.81  0.000e+00
       6859     68.500     6.6679     6.6741     0.0062    3.38045    3.38114          1     5.9016     6.0257       5.24     0.0372  1.041e-13  1.000e-12  9.605e+02    33.6637    33.6652     0.0015    26.4108    26.4111     67.859     68.087      0.231    1476.81    1476.84  0.000e+00
       6913     69.000     6.6722     6.6760     0.0038    3.38106    3.38144          1     5.8949     6.0197       5.05     0.0363  1.078e-13  1.000e-12  9.280e+02    33.6659    33.6664     0.0006    26.4119    26.4118     68.354     68.583      0.254    1476.84    1476.86  0.000e+00
       6957     69.500     6.6765     6.6869     0.0104    3.38160    3.38270          1     5.8945     6.0164       4.85     0.0365  1.123e-13  1.000e-12  8.908e+02    33.6674    33.6694     0.0019    26.4126    26.4127     68.849     69.079      0.258    1476.87    1476.91  0.000e+00
       7008     70.000     6.6856     6.7048     0.0192    3.38287    3.38463          1     5.8713     6.0175       4.99     0.0378  1.196e-13  1.000e-12  8.366e+02    33.6723    33.6729     0.0006    26.4152    26.4132     69.344     69.575      0.236    1476.92    1476.99  0.000e+00
       7055     70.500     6.7086     6.7488     0.0401    3.38594    3.39045          1     5.8930     6.0013       4.43     0.0387  1.268e-13  1.000e-12  7.891e+02    33.6833    33.6936     0.0102    26.4208    26.4235     69.839     70.071      0.246    1477.03    1477.20  0.000e+00
       7109     71.000     6.7616     6.7746     0.0130    3.39342    3.39418          1     5.8658     5.9851       3.18     0.0393  1.319e-13  1.000e-12  7.584e+02    33.7135    33.7092    -0.0043    26.4376    26.4324     70.335     70.567      0.228    1477.28    1477.33  0.000e+00
       7161     71.500     6.8068     6.8723     0.0655    3.39950    3.40563          1     5.8542     5.9603       2.66     0.0403  1.333e-13  1.000e-12  7.500e+02    33.7359    33.7390     0.0031    26.4492    26.4428     70.830     71.063      0.234    1477.50    1477.76  0.000e+00
       7211     72.000     6.9019     7.0018     0.0996    3.41251    3.42428          1     5.8279     5.9313       2.51     0.0417  1.320e-13  1.000e-12  7.573e+02    33.7854    33.8165     0.0311    26.4753    26.4863     71.325     71.560      0.218    1477.94    1478.36  0.000e+00
