ctdpy/exports/archive_20191120_135557/received_data/SBE09_1044_20181015_1115_34_01_0093.cnv
* Sea-Bird SBE 9 Data File:
* FileName = C:\ctd\temp\ar18d093.hex
* Software Version Seasave V 7.21e
* Temperature SN = 5351
* Conductivity SN = 3941
* Number of Bytes Per Scan = 41
* Number of Voltage Words = 4
* Number of Scans Averaged by the Deck Unit = 1
* NMEA Latitude = 57 18.73 N
* NMEA Longitude = 020 04.58 E
* NMEA UTC (Time) = Oct 15 2018  14:15:52
* NMEA baud rate = 4800
** Station:  BY15
** Operator:  OBac
** Ship: ARANDA
** Average sound velocity: 1450.02 m/s
** True-depth calculation Mon, 15 Oct 2018 17:14:13 +0000
** CTD Python Module SMHI /ver 3-12/ feb 2012 
** LIMS Job: 20183401-0093
** Cruise: SMHI-4-2018
** Latitude [GG MM.mm N]:
** Longitude [GG MM.mm E]
# nquan = 26
# nvalues = 466                         
# units = specified
# name 0 = scan: Scan Count
# name 1 = prDM: Pressure, Digiquartz [db]
# name 2 = t090C: Temperature [ITS-90, deg C]
# name 3 = t190C: Temperature, 2 [ITS-90, deg C]
# name 4 = T2-T190C: Temperature Difference, 2 - 1 [ITS-90, deg C]
# name 5 = c0S/m: Conductivity [S/m]
# name 6 = c1S/m: Conductivity, 2 [S/m]
# name 7 = pumps: Pump Status
# name 8 = sbeox0ML/L: Oxygen, SBE 43 [ml/l]
# name 9 = sbeox1ML/L: Oxygen, SBE 43, 2 [ml/l]
# name 10 = altM: Altimeter [m]
# name 11 = flECO-AFL: Chl-a Fluorescence, WET Labs ECO-AFL/FL [mg/m^3]
# name 12 = flECO-AFL1: Phycocyanin Fluorescence, WET Labs ECO-AFL/FL, 2 [mg/m^3]
# name 13 = par: PAR/Irradiance, Biospherical/Lico [µE/(cm^2*s)]
# name 14 = turbWETntu0: Turbidity, WET Labs ECO [NTU]
# name 15 = sal00: Salinity, Practical [PSU]
# name 16 = sal11: Salinity, Practical, 2 [PSU]
# name 17 = secS-priS: Salinity, Practical, Difference, 2 - 1 [PSU]
# name 18 = sigma-t00: Density [sigma-t, Kg/m^3 ]
# name 19 = sigma-t11: Density, 2 [sigma-t, Kg/m^3 ]
# name 20 = depSM: Depth [salt water, m], lat = 57.3122
# name 21 = depFM: Depth [true depth, m], lat = 57.3122
# name 22 = dz/dtM: Descent Rate [m/s], WS = 2
# name 23 = svCM: Sound Velocity [Chen-Millero, m/s]
# name 24 = svCM1: Sound Velocity, 2 [Chen-Millero, m/s]
# name 25 = flag: flag
# span 0 =      10720,      22322       
# span 1 =      2.500,    235.000       
# span 2 =     3.5863,    11.3128       
# span 3 =     3.5880,    11.3144       
# span 4 =    -0.0284,     0.0830       
# span 5 =   0.770755,   1.455849       
# span 6 =   0.770888,   1.455847       
# span 7 =          1,          1       
# span 8 =    0.04178,    7.02840       
# span 9 =    0.04166,    7.48452       
# span 10 =       3.69,      98.71      
# span 11 =     0.2131,     1.3144      
# span 12 =     0.1483,     0.4408      
# span 13 = -3.241e-07, 1.5842e+02      
# span 14 =     0.1120,     1.1699      
# span 15 =     6.9819,    13.2575      
# span 16 =     6.9800,    13.2569      
# span 17 =    -0.0132,     0.0002      
# span 18 =     5.0079,    10.3490      
# span 19 =     5.0073,    10.3483      
# span 20 =      2.477,    232.703      
# span 21 =      2.534,    237.371      
# span 22 =     -0.043,      0.806      
# span 23 =    1430.41,    1461.31      
# span 24 =    1430.42,    1461.31      
# span 25 = 0.0000e+00, 0.0000e+00      
# interval = decibars: 0.5              
# start_time = Oct 15 2018 14:15:52 [NMEA time, first data scan]
# bad_flag = -9.990e-29
*END*
[from data line 391]
      19479    198.000     6.8789     6.8804     0.0014    1.44016    1.44015          1     0.0503     0.0481      41.40     0.3271     0.2439  1.000e-12  0.1563000    13.1181    13.1174    -0.0006    10.2413    10.2406    196.082    200.070      0.693    1454.09    1454.09  0.000e+00
      19494    198.500     6.8795     6.8810     0.0015    1.44043    1.44042          1     0.0496     0.0497      41.05     0.3262     0.2063  1.000e-12  0.1552000    13.1204    13.1198    -0.0007    10.2431    10.2424    196.577    200.574      0.767    1454.10    1454.10  0.000e+00
      19510    199.000     6.8804     6.8818     0.0014    1.44090    1.44088          1     0.0500     0.0492      40.60     0.3282     0.2172  1.000e-12  0.1558000    13.1245    13.1239    -0.0007    10.2462    10.2456    197.072    201.078      0.731    1454.12    1454.12  0.000e+00
      19528    199.500     6.8810     6.8824     0.0014    1.44127    1.44126          1     0.0513     0.0496      39.94     0.3363     0.2286  1.000e-12  0.1514000    13.1279    13.1273    -0.0007    10.2488    10.2482    197.567    201.582      0.578    1454.13    1454.14  0.000e+00
      19556    200.000     6.8812     6.8827     0.0014    1.44150    1.44149          1     0.0511     0.0483      39.24     0.3303     0.2244  1.000e-12  0.1664000    13.1300    13.1293    -0.0006    10.2504    10.2498    198.062    202.086      0.370    1454.14    1454.15  0.000e+00
      19591    200.500     6.8818     6.8832     0.0014    1.44184    1.44183          1     0.0481     0.0488      38.68     0.3470     0.2109  1.000e-12  0.1733000    13.1330    13.1324    -0.0007    10.2528    10.2521    198.557    202.590      0.414    1454.16    1454.16  0.000e+00
      19614    201.000     6.8828     6.8841     0.0013    1.44225    1.44223          1     0.0493     0.0525      38.26     0.3140     0.2399  1.000e-12  0.1725000    13.1366    13.1359    -0.0007    10.2555    10.2549    199.052    203.095      0.643    1454.17    1454.18  0.000e+00
      19631    201.500     6.8840     6.8854     0.0014    1.44280    1.44278          1     0.0501     0.0508      37.87     0.3342     0.2500  1.000e-12  0.1644000    13.1415    13.1407    -0.0008    10.2592    10.2585    199.547    203.599      0.763    1454.19    1454.20  0.000e+00
      19645    202.000     6.8851     6.8864     0.0014    1.44322    1.44320          1     0.0529     0.0472      37.37     0.3373     0.2087  1.000e-12  0.1644000    13.1451    13.1444    -0.0007    10.2620    10.2613    200.042    204.103      0.745    1454.21    1454.21  0.000e+00
      19663    202.500     6.8856     6.8870     0.0014    1.44362    1.44360          1     0.0521     0.0466      36.79     0.3387     0.2190  1.000e-12  0.1735000    13.1487    13.1481    -0.0006    10.2647    10.2641    200.537    204.607      0.577    1454.22    1454.23  0.000e+00
      19693    203.000     6.8859     6.8873     0.0014    1.44392    1.44390          1     0.0481     0.0471      36.13     0.3398     0.1994  1.000e-12  0.1576000    13.1515    13.1507    -0.0007    10.2669    10.2662    201.032    205.111      0.340    1454.24    1454.24  0.000e+00
      19729    203.500     6.8863     6.8877     0.0014    1.44433    1.44430          1     0.0501     0.0482      35.61     0.3257     0.1765  1.000e-12  0.1679000    13.1552    13.1544    -0.0008    10.2698    10.2691    201.526    205.615      0.475    1454.25    1454.26  0.000e+00
      19749    204.000     6.8865     6.8879     0.0013    1.44470    1.44469          1     0.0523     0.0466      35.24     0.3470     0.2025  1.000e-12  0.1709000    13.1588    13.1581    -0.0007    10.2726    10.2719    202.021    206.119      0.684    1454.26    1454.27  0.000e+00
      19764    204.500     6.8868     6.8882     0.0014    1.44481    1.44479          1     0.0497     0.0498      34.86     0.3647     0.2062  1.000e-12  0.1612000    13.1596    13.1589    -0.0007    10.2732    10.2725    202.516    206.623      0.757    1454.27    1454.28  0.000e+00
      19780    205.000     6.8873     6.8887     0.0014    1.44502    1.44501          1     0.0487     0.0485      34.39     0.3850     0.2070  1.000e-12  0.1618000    13.1614    13.1608    -0.0006    10.2746    10.2740    203.011    207.127      0.699    1454.29    1454.29  0.000e+00
      19800    205.500     6.8872     6.8886     0.0014    1.44529    1.44528          1     0.0488     0.0464      33.85     0.3728     0.2166  1.000e-12  0.1657000    13.1640    13.1633    -0.0007    10.2766    10.2760    203.506    207.631      0.511    1454.30    1454.30  0.000e+00
      19831    206.000     6.8874     6.8888     0.0014    1.44580    1.44578          1     0.0500     0.0483      33.29     0.3389     0.2292  1.000e-12  0.1744000    13.1689    13.1681    -0.0007    10.2804    10.2797    204.001    208.136      0.378    1454.31    1454.32  0.000e+00
      19859    206.500     6.8886     6.8900     0.0014    1.44624    1.44623          1     0.0508     0.0498      32.81     0.3423     0.1780  1.000e-12  0.1697000    13.1726    13.1720    -0.0006    10.2833    10.2827    204.496    208.640      0.506    1454.33    1454.33  0.000e+00
      19880    207.000     6.8890     6.8905     0.0014    1.44643    1.44643          1     0.0464     0.0467      32.41     0.3451     0.2403  1.000e-12  0.1675000    13.1743    13.1736    -0.0006    10.2845    10.2839    204.991    209.144      0.602    1454.34    1454.35  0.000e+00
      19899    207.500     6.8887     6.8901     0.0014    1.44665    1.44665          1     0.0446     0.0458      31.98     0.3490     0.2341  1.000e-12  0.1696000    13.1765    13.1759    -0.0006    10.2863    10.2857    205.486    209.648      0.624    1454.35    1454.36  0.000e+00
      19919    208.000     6.8886     6.8900     0.0014    1.44682    1.44681          1     0.0483     0.0483      31.52     0.3493     0.2220  1.000e-12  0.1807000    13.1781    13.1774    -0.0007    10.2876    10.2869    205.981    210.152      0.583    1454.36    1454.37  0.000e+00
      19941    208.500     6.8894     6.8909     0.0015    1.44703    1.44701          1     0.0525     0.0479      31.08     0.3518     0.2200  1.000e-12  0.1808000    13.1798    13.1790    -0.0008    10.2888    10.2881    206.475    210.656      0.507    1454.37    1454.38  0.000e+00
      19966    209.000     6.8911     6.8925     0.0014    1.44730    1.44729          1     0.0504     0.0474      30.48     0.3585     0.2071  1.000e-12  0.1775000    13.1816    13.1810    -0.0007    10.2901    10.2895    206.970    211.160      0.460    1454.39    1454.40  0.000e+00
      19992    209.500     6.8921     6.8935     0.0014    1.44749    1.44748          1     0.0465     0.0470      29.98     0.3375     0.2071  1.000e-12  0.1670000    13.1830    13.1824    -0.0006    10.2911    10.2905    207.465    211.664      0.522    1454.41    1454.41  0.000e+00
      20013    210.000     6.8928     6.8942     0.0014    1.44763    1.44762          1     0.0457     0.0466      29.55     0.3279     0.2071  1.000e-12  0.1705000    13.1840    13.1834    -0.0006    10.2919    10.2913    207.960    212.168      0.602    1454.42    1454.42  0.000e+00
      20032    210.500     6.8930     6.8945     0.0015    1.44779    1.44778          1     0.0497     0.0474      28.77     0.3239     0.2326  1.000e-12  0.1685000    13.1854    13.1847    -0.0007    10.2929    10.2923    208.455    212.672      0.602    1454.43    1454.43  0.000e+00
      20053    211.000     6.8927     6.8941     0.0014    1.44795    1.44793          1     0.0506     0.0478      28.42     0.3264     0.2328  1.000e-12  0.1631000    13.1870    13.1863    -0.0007    10.2942    10.2936    208.950    213.176      0.519    1454.44    1454.44  0.000e+00
      20079    211.500     6.8926     6.8940     0.0014    1.44806    1.44805          1     0.0471     0.0471      27.98     0.3281     0.2293  1.000e-12  0.1660000    13.1881    13.1874    -0.0007    10.2951    10.2944    209.445    213.680      0.461    1454.45    1454.45  0.000e+00
      20104    212.000     6.8930     6.8943     0.0014    1.44823    1.44822          1     0.0458     0.0477      27.46     0.3394     0.2488  1.000e-12  0.1641000    13.1895    13.1889    -0.0006    10.2961    10.2955    209.940    214.185      0.536    1454.46    1454.46  0.000e+00
      20124    212.500     6.8929     6.8943     0.0014    1.44843    1.44840          1     0.0483     0.0471      27.02     0.3387     0.2062  1.000e-12  0.1556000    13.1913    13.1906    -0.0008    10.2976    10.2969    210.435    214.689      0.614    1454.47    1454.47  0.000e+00
      20143    213.000     6.8929     6.8942     0.0014    1.44869    1.44868          1     0.0511     0.0474      26.59     0.3482     0.2318  1.000e-12  0.1779000    13.1938    13.1932    -0.0006    10.2995    10.2989    210.930    215.193      0.597    1454.48    1454.48  0.000e+00
      20165    213.500     6.8928     6.8942     0.0014    1.44884    1.44883          1     0.0481     0.0477      26.01     0.3748     0.2426  1.000e-12  0.1744000    13.1952    13.1946    -0.0006    10.3007    10.3000    211.424    215.697      0.495    1454.49    1454.49  0.000e+00
      20193    214.000     6.8926     6.8940     0.0014    1.44897    1.44896          1     0.0457     0.0479      25.41     0.3688     0.2300  1.000e-12  0.1865000    13.1965    13.1959    -0.0006    10.3017    10.3011    211.919    216.201      0.435    1454.50    1454.50  0.000e+00
      20219    214.500     6.8928     6.8942     0.0014    1.44910    1.44908          1     0.0466     0.0482      24.95     0.3412     0.2300  1.000e-12  0.1732000    13.1976    13.1969    -0.0006    10.3025    10.3019    212.414    216.705      0.530    1454.51    1454.51  0.000e+00
      20239    215.000     6.8930     6.8944     0.0014    1.44917    1.44916          1     0.0488     0.0469      24.54     0.3657     0.2403  1.000e-12  0.1758000    13.1981    13.1975    -0.0006    10.3029    10.3023    212.909    217.209      0.633    1454.52    1454.52  0.000e+00
      20257    215.500     6.8931     6.8945     0.0014    1.44924    1.44924          1     0.0483     0.0466      24.14     0.3794     0.2469  1.000e-12  0.1818000    13.1987    13.1981    -0.0005    10.3033    10.3028    213.404    217.713      0.662    1454.53    1454.53  0.000e+00
      20275    216.000     6.8934     6.8948     0.0013    1.44936    1.44935          1     0.0466     0.0467      23.62     0.3539     0.2705  1.000e-12  0.1868000    13.1997    13.1990    -0.0006    10.3041    10.3035    213.899    218.217      0.595    1454.54    1454.54  0.000e+00
      20298    216.500     6.8934     6.8949     0.0015    1.44959    1.44958          1     0.0469     0.0467      23.00     0.3714     0.2746  1.000e-12  0.1813000    13.2018    13.2011    -0.0007    10.3058    10.3051    214.394    218.721      0.480    1454.55    1454.55  0.000e+00
      20326    217.000     6.8935     6.8950     0.0015    1.44968    1.44967          1     0.0486     0.0480      22.43     0.3719     0.2329  1.000e-12  0.1807000    13.2025    13.2019    -0.0006    10.3063    10.3057    214.889    219.225      0.426    1454.56    1454.56  0.000e+00
      20353    217.500     6.8938     6.8951     0.0014    1.44975    1.44973          1     0.0478     0.0478      21.92     0.3529     0.2426  1.000e-12  0.1798000    13.2030    13.2024    -0.0006    10.3067    10.3061    215.383    219.729      0.489    1454.57    1454.57  0.000e+00
      20376    218.000     6.8940     6.8954     0.0014    1.44983    1.44982          1     0.0466     0.0475      21.52     0.3647     0.2947  1.000e-12  0.1795000    13.2036    13.2030    -0.0006    10.3072    10.3065    215.878    220.233      0.610    1454.58    1454.58  0.000e+00
      20393    218.500     6.8942     6.8956     0.0014    1.44998    1.44997          1     0.0469     0.0452      21.04     0.3600     0.2822  1.000e-12  0.1710000    13.2050    13.2043    -0.0007    10.3082    10.3076    216.373    220.737      0.689    1454.59    1454.59  0.000e+00
      20410    219.000     6.8942     6.8956     0.0014    1.45011    1.45010          1     0.0465     0.0461      20.58     0.3647     0.2344  1.000e-12  0.1689000    13.2061    13.2055    -0.0006    10.3091    10.3085    216.868    221.242      0.676    1454.60    1454.60  0.000e+00
      20429    219.500     6.8944     6.8958     0.0014    1.45021    1.45020          1     0.0481     0.0481      20.03     0.3739     0.2709  1.000e-12  0.1797000    13.2069    13.2063    -0.0006    10.3097    10.3091    217.363    221.746      0.556    1454.61    1454.61  0.000e+00
      20457    220.000     6.8946     6.8960     0.0014    1.45028    1.45027          1     0.0474     0.0479      19.38     0.3567     0.2517  1.000e-12  0.1751000    13.2074    13.2068    -0.0006    10.3101    10.3095    217.858    222.250      0.382    1454.62    1454.62  0.000e+00
      20490    220.500     6.8949     6.8963     0.0014    1.45034    1.45033          1     0.0471     0.0467      18.84     0.3739     0.2746  1.000e-12  0.1770000    13.2078    13.2072    -0.0006    10.3103    10.3098    218.353    222.754      0.421    1454.62    1454.63  0.000e+00
      20514    221.000     6.8953     6.8966     0.0013    1.45041    1.45040          1     0.0482     0.0466      18.43     0.3733     0.2655  1.000e-12  0.1792000    13.2083    13.2076    -0.0006    10.3107    10.3101    218.848    223.258      0.592    1454.63    1454.64  0.000e+00
      20532    221.500     6.8956     6.8970     0.0014    1.45058    1.45058          1     0.0484     0.0478      18.01     0.3650     0.1921  1.000e-12  0.1875000    13.2097    13.2091    -0.0005    10.3117    10.3112    219.342    223.762      0.688    1454.65    1454.65  0.000e+00
      20549    222.000     6.8959     6.8974     0.0014    1.45085    1.45085          1     0.0478     0.0471      17.55     0.3616     0.1976  1.000e-12  0.1800000    13.2121    13.2116    -0.0005    10.3136    10.3131    219.837    224.266      0.699    1454.66    1454.67  0.000e+00
      20567    222.500     6.8962     6.8975     0.0013    1.45108    1.45107          1     0.0471     0.0461      17.03     0.3574     0.2462  1.000e-12  0.1821000    13.2142    13.2136    -0.0006    10.3153    10.3147    220.332    224.770      0.634    1454.67    1454.68  0.000e+00
      20588    223.000     6.8962     6.8976     0.0014    1.45130    1.45128          1     0.0452     0.0477      16.45     0.3544     0.2846  1.000e-12  0.1856000    13.2162    13.2155    -0.0007    10.3168    10.3161    220.827    225.274      0.534    1454.68    1454.69  0.000e+00
      20612    223.500     6.8964     6.8978     0.0014    1.45151    1.45150          1     0.0476     0.0471      15.88     0.3584     0.2142  1.000e-12  0.1899000    13.2182    13.2175    -0.0007    10.3184    10.3177    221.322    225.778      0.456    1454.69    1454.70  0.000e+00
      20640    224.000     6.8966     6.8979     0.0014    1.45164    1.45163          1     0.0478     0.0472      15.34     0.3495     0.2156  1.000e-12  0.2011000    13.2193    13.2186    -0.0006    10.3192    10.3186    221.817    226.282      0.464    1454.70    1454.71  0.000e+00
      20664    224.500     6.8970     6.8984     0.0014    1.45188    1.45187          1     0.0468     0.0481      14.84     0.3564     0.2379  1.000e-12  0.2079000    13.2214    13.2207    -0.0007    10.3208    10.3202    222.311    226.786      0.552    1454.72    1454.72  0.000e+00
