ctdpy/exports/archive_20191120_135557/received_data/SBE09_0827_20180825_1228_26_01_0895.cnv
* Sea-Bird SBE 9 Data File:
* FileName = D:\CTD_SBE911\DAT\26DA.2018.8.95.hex
* Software Version Seasave V 7.21d
* Temperature SN = 034605
* Conductivity SN = 041844
* Number of Bytes Per Scan = 48
* Number of Voltage Words = 5
* Number of Scans Averaged by the Deck Unit = 1
* NMEA Latitude = 58 20.12 N
* NMEA Longitude = 011 01.40 E
* NMEA UTC (Time) = Aug 25 2018  12:31:13
* NMEA baud rate = 4800
** Ship: DANA
** Average sound velocity: 1499.67 m/s
** True-depth calculation Thu, 28 Mar 2019 09:27:40 +0000
** CTD Python Module SMHI /ver 3-12/ feb 2012 
** LIMS Job: 20182601-0895
**  A13
** Operator: Christian A-KTh
** Cruise: 08/2018
# nquan = 26
# nvalues = 182                         
# units = specified
# name 0 = scan: Scan Count
# name 1 = prDM: Pressure, Digiquartz [db]
# name 2 = t090C: Temperature [ITS-90, deg C]
# name 3 = t190C: Temperature, 2 [ITS-90, deg C]
# name 4 = T2-T190C: Temperature Difference, 2 - 1 [ITS-90, deg C]
# name 5 = c0S/m: Conductivity [S/m]
# name 6 = c1S/m: Conductivity, 2 [S/m]
# name 7 = pumps: Pump Status
# name 8 = sbeox1ML/L: Oxygen, SBE 43, 2 [ml/l]
# name 9 = sbeox0ML/L: Oxygen, SBE 43 [ml/l]
# name 10 = altM: Altimeter [m]
# name 11 = chloroflTC0: Chlorophyll, Turner Cyclops [ug/l]
# name 12 = cpar: CPAR/Corrected Irradiance [%]
# name 13 = par: PAR/Irradiance, Biospherical/Lico [µE/(cm^2*s)]
# name 14 = spar: SPAR, Biospherical/Licor
# name 15 = sal00: Salinity, Practical [PSU]
# name 16 = sal11: Salinity, Practical, 2 [PSU]
# name 17 = secS-priS: Salinity, Practical, Difference, 2 - 1 [PSU]
# name 18 = sigma-t00: Density [sigma-t, kg/m^3 ]
# name 19 = sigma-t11: Density, 2 [sigma-t, kg/m^3 ]
# name 20 = depSM: Depth [salt water, m], lat = 58.3353
# name 21 = depFM: Depth [true depth, m], lat = 58.3353
# name 22 = dz/dtM: Descent Rate [m/s], WS = 2
# name 23 = svCM: Sound Velocity [Chen-Millero, m/s]
# name 24 = svCM1: Sound Velocity, 2 [Chen-Millero, m/s]
# name 25 = flag: flag
# span 0 =         15,       9113       
# span 1 =      1.500,     92.000       
# span 2 =     8.6769,    17.4742       
# span 3 =     8.6893,    17.4726       
# span 4 =    -0.0888,     0.4984       
# span 5 =   3.673061,   4.271961       
# span 6 =   3.675104,   4.272340       
# span 7 =          1,          1       
# span 8 =     5.1845,     5.9546       
# span 9 =     4.9217,     5.9143       
# span 10 =       1.97,       9.98      
# span 11 =     0.0367,     0.2971      
# span 12 = 5.6290e-14, 1.1390e+01      
# span 13 = 1.0000e-12, 1.6299e+02      
# span 14 = 8.0476e+02, 1.7767e+03      
# span 15 =    31.5539,    34.8362      
# span 16 =    31.5554,    34.8516      
# span 17 =    -0.2642,     0.0515      
# span 18 =    22.8048,    27.0413      
# span 19 =    22.8065,    27.0487      
# span 20 =      1.486,     91.125      
# span 21 =      1.494,     91.400      
# span 22 =      0.049,      0.461      
# span 23 =    1486.32,    1511.88      
# span 24 =    1486.37,    1511.88      
# span 25 = 0.0000e+00, 0.0000e+00      
# interval = decibars: 0.5              
# start_time = Aug 25 2018 12:31:13 [NMEA time, first data scan]
# bad_flag = -9.990e-29
*END*
         15      1.500    17.2781    17.2784     0.0003    4.12023    4.11939          1     5.8318     5.5461       9.98     0.1311  1.139e+01  1.630e+02  1.431e+03    31.5768    31.5693    -0.0074    22.8238    22.8181      1.486      1.494      0.049    1509.78    1509.77  0.000e+00
         54      2.000    17.2790    17.2820     0.0030    4.11957    4.11812          1     5.8225     5.5587       9.98     0.1303  9.302e+00  1.348e+02  1.450e+03    31.5702    31.5554    -0.0148    22.8186    22.8065      1.981      1.992      0.363    1509.78    1509.77  0.000e+00
        528      2.500    17.2845    17.2857     0.0012    4.11819    4.11916          1     5.8106     5.5518       9.98     0.1178  7.950e+00  1.193e+02  1.500e+03    31.5539    31.5612     0.0074    22.8048    22.8102      2.477      2.490      0.378    1509.79    1509.80  0.000e+00
        566      3.000    17.2870    17.2846    -0.0024    4.11958    4.11919          1     5.8152     5.5589       9.98     0.1220  7.074e+00  1.066e+02  1.507e+03    31.5636    31.5622    -0.0014    22.8117    22.8111      2.972      2.987      0.264    1509.81    1509.80  0.000e+00
        616      3.500    17.2846    17.2813    -0.0033    4.11914    4.11937          1     5.8338     5.5557       9.98     0.1247  7.218e+00  1.093e+02  1.514e+03    31.5616    31.5661     0.0046    22.8107    22.8149      3.467      3.485      0.217    1509.81    1509.81  0.000e+00
        676      4.000    17.2829    17.2692    -0.0137    4.12007    4.11829          1     5.8320     5.5530       9.98     0.1279  6.232e+00  9.447e+01  1.516e+03    31.5707    31.5662    -0.0045    22.8181    22.8179      3.963      3.983      0.271    1509.82    1509.78  0.000e+00
        714      4.500    17.2805    17.2711    -0.0094    4.12127    4.12080          1     5.8478     5.5429       9.98     0.1270  6.099e+00  9.279e+01  1.521e+03    31.5827    31.5860     0.0033    22.8278    22.8326      4.458      4.481      0.263    1509.84    1509.82  0.000e+00
        774      5.000    17.2806    17.2865     0.0058    4.12233    4.12597          1     5.8399     5.5507       9.98     0.1335  5.079e+00  7.778e+01  1.532e+03    31.5915    31.6180     0.0265    22.8345    22.8534      4.953      4.979      0.268    1509.86    1509.91  0.000e+00
        812      5.500    17.2831    17.2786    -0.0045    4.12329    4.11956          1     5.8130     5.5613       9.98     0.1357  4.639e+00  7.130e+01  1.537e+03    31.5976    31.5692    -0.0283    22.8386    22.8180      5.449      5.477      0.298    1509.88    1509.84  0.000e+00
        863      6.000    17.2818    17.2882     0.0064    4.12220    4.12603          1     5.8223     5.5504       9.98     0.1377  4.399e+00  6.800e+01  1.546e+03    31.5890    31.6168     0.0278    22.8324    22.8521      5.944      5.975      0.216    1509.88    1509.93  0.000e+00
        908      6.500    17.2918    17.2945     0.0026    4.13430    4.13428          1     5.8271     5.5484       9.98     0.1393  3.573e+00  5.501e+01  1.540e+03    31.6845    31.6822    -0.0022    22.9031    22.9008      6.439      6.473      0.355    1510.02    1510.03  0.000e+00
        941      7.000    17.2934    17.2950     0.0016    4.14077    4.14443          1     5.8469     5.5524       9.98     0.1457  3.401e+00  5.275e+01  1.551e+03    31.7384    31.7684     0.0300    22.9441    22.9667      6.935      6.971      0.324    1510.10    1510.14  0.000e+00
        994      7.500    17.3018    17.3074     0.0057    4.15221    4.15822          1     5.8475     5.5593       9.98     0.1598  3.226e+00  4.788e+01  1.484e+03    31.8295    31.8764     0.0469    23.0118    23.0464      7.430      7.468      0.209    1510.24    1510.31  0.000e+00
       1046      8.000    17.3164    17.3147    -0.0017    4.16831    4.16826          1     5.8410     5.5564       9.98     0.1657  2.884e+00  3.916e+01  1.358e+03    31.9555    31.9564     0.0009    23.1049    23.1060      7.925      7.966      0.285    1510.43    1510.43  0.000e+00
       1091      8.500    17.3115    17.3129     0.0014    4.16137    4.16476          1     5.8600     5.5593       9.98     0.1764  2.559e+00  3.435e+01  1.342e+03    31.8998    31.9276     0.0278    23.0634    23.0844      8.421      8.464      0.239    1510.36    1510.40  0.000e+00
       1141      9.000    17.3440    17.3183    -0.0257    4.19065    4.16878          1     5.8457     5.5619       9.98     0.1850  2.785e+00  3.558e+01  1.276e+03    32.1243    31.9576    -0.1667    23.2277    23.1061      8.916      8.962      0.268    1510.72    1510.46  0.000e+00
       1187      9.500    17.3606    17.3423    -0.0182    4.20151    4.18674          1     5.8400     5.5422       9.98     0.1979  2.749e+00  3.434e+01  1.249e+03    32.2040    32.0921    -0.1119    23.2848    23.2034      9.411      9.459      0.238    1510.87    1510.69  0.000e+00
       1236     10.000    17.4197    17.3884    -0.0313    4.22344    4.20694          1     5.8419     5.5089       9.98     0.2340  2.796e+00  3.541e+01  1.266e+03    32.3442    32.2280    -0.1162    23.3783    23.2967      9.907      9.957      0.285    1511.22    1510.99  0.000e+00
       1276     10.500    17.4517    17.4324    -0.0192    4.23513    4.22610          1     5.8291     5.4904       9.98     0.2373  2.491e+00  3.196e+01  1.283e+03    32.4185    32.3567    -0.0618    23.4275    23.3847     10.402     10.455      0.272    1511.41    1511.28  0.000e+00
       1324     11.000    17.4543    17.4460    -0.0083    4.23911    4.23378          1     5.7964     5.4572       9.98     0.2672  2.202e+00  3.036e+01  1.380e+03    32.4502    32.4113    -0.0389    23.4512    23.4234     10.897     10.952      0.254    1511.46    1511.39  0.000e+00
       1372     11.500    17.4538    17.4500    -0.0038    4.24311    4.23828          1     5.7866     5.4179       9.98     0.2711  2.049e+00  2.892e+01  1.411e+03    32.4846    32.4464    -0.0382    23.4777    23.4493     11.393     11.450      0.217    1511.50    1511.45  0.000e+00
       1434     12.000    17.4569    17.4523    -0.0046    4.24629    4.24245          1     5.7646     5.3923       9.98     0.2971  1.752e+00  2.530e+01  1.445e+03    32.5092    32.4800    -0.0291    23.4957    23.4745     11.888     11.948      0.248    1511.55    1511.50  0.000e+00
       1470     12.500    17.4594    17.4568    -0.0025    4.24799    4.24603          1     5.7424     5.4006       9.98     0.2799  1.494e+00  2.271e+01  1.522e+03    32.5215    32.5069    -0.0147    23.5046    23.4940     12.383     12.445      0.375    1511.58    1511.55  0.000e+00
       1506     13.000    17.4613    17.4589    -0.0025    4.24879    4.24790          1     5.7089     5.3974       9.98     0.2728  1.200e+00  1.912e+01  1.594e+03    32.5266    32.5210    -0.0056    23.5081    23.5043     12.879     12.943      0.262    1511.60    1511.59  0.000e+00
       1567     13.500    17.4656    17.4609    -0.0047    4.25023    4.24911          1     5.6955     5.3668       9.98     0.2650  1.006e+00  1.611e+01  1.602e+03    32.5354    32.5295    -0.0059    23.5138    23.5104     13.374     13.440      0.259    1511.63    1511.61  0.000e+00
       1608     14.000    17.4666    17.4638    -0.0028    4.25095    4.24997          1     5.6919     5.3767       9.98     0.2538  9.257e-01  1.503e+01  1.623e+03    32.5406    32.5344    -0.0062    23.5175    23.5134     13.869     13.938      0.266    1511.65    1511.63  0.000e+00
       1657     14.500    17.4656    17.4653    -0.0003    4.25093    4.25092          1     5.6795     5.3745       9.98     0.2494  8.581e-01  1.384e+01  1.613e+03    32.5410    32.5412     0.0002    23.5180    23.5183     14.365     14.435      0.277    1511.65    1511.65  0.000e+00
       1693     15.000    17.4655    17.4651    -0.0004    4.25152    4.25129          1     5.6749     5.3742       9.98     0.2435  8.043e-01  1.270e+01  1.579e+03    32.5459    32.5443    -0.0016    23.5218    23.5207     14.860     14.933      0.343    1511.67    1511.66  0.000e+00
       1742     15.500    17.4648    17.4645    -0.0003    4.25207    4.25193          1     5.6605     5.3464       9.98     0.2353  7.093e-01  1.081e+01  1.522e+03    32.5510    32.5500    -0.0010    23.5259    23.5252     15.355     15.430      0.217    1511.68    1511.68  0.000e+00
       1798     16.000    17.4662    17.4643    -0.0019    4.25448    4.25251          1     5.6416     5.2569       9.98     0.2350  5.993e-01  8.693e+00  1.450e+03    32.5703    32.5550    -0.0153    23.5404    23.5291     15.851     15.928      0.308    1511.71    1511.69  0.000e+00
       1836     16.500    17.4742    17.4676    -0.0066    4.26082    4.25520          1     5.6366     5.2036       9.98     0.2341  5.643e-01  7.700e+00  1.364e+03    32.6179    32.5752    -0.0427    23.5749    23.5438     16.346     16.426      0.275    1511.80    1511.73  0.000e+00
       1886     17.000    17.4716    17.4726     0.0010    4.26582    4.26091          1     5.5861     5.1092       9.98     0.2337  5.814e-01  7.466e+00  1.284e+03    32.6626    32.6198    -0.0429    23.6098    23.5767     16.841     16.923      0.248    1511.85    1511.81  0.000e+00
       1929     17.500    17.4575    17.4672     0.0097    4.27027    4.26522          1     5.5105     5.0440       9.98     0.2343  5.367e-01  6.885e+00  1.283e+03    32.7119    32.6608    -0.0511    23.6508    23.6094     17.337     17.421      0.273    1511.87    1511.84  0.000e+00
       1976     18.000    17.4513    17.4582     0.0069    4.27093    4.26957          1     5.4207     5.0352       9.98     0.1922  4.742e-01  6.417e+00  1.354e+03    32.7224    32.7052    -0.0172    23.6604    23.6456     17.832     17.918      0.263    1511.88    1511.88  0.000e+00
       2016     18.500    17.4427    17.4523     0.0096    4.27127    4.27072          1     5.3871     5.0015       9.98     0.2032  4.283e-01  6.149e+00  1.436e+03    32.7320    32.7196    -0.0125    23.6698    23.6580     18.327     18.416      0.327    1511.87    1511.88  0.000e+00
       2059     19.000    17.4322    17.4404     0.0082    4.27127    4.27145          1     5.3377     4.9956       9.98     0.1730  3.989e-01  5.871e+00  1.472e+03    32.7403    32.7353    -0.0050    23.6786    23.6728     18.823     18.913      0.225    1511.86    1511.87  0.000e+00
       2118     19.500    17.4191    17.4260     0.0068    4.27121    4.27165          1     5.2851     4.9969       9.98     0.1526  3.663e-01  5.358e+00  1.462e+03    32.7502    32.7484    -0.0017    23.6893    23.6864     19.318     19.411      0.282    1511.84    1511.85  0.000e+00
       2152     20.000    17.4154    17.4218     0.0065    4.27146    4.27170          1     5.2881     4.9966       9.98     0.1674  3.313e-01  4.809e+00  1.452e+03    32.7552    32.7520    -0.0032    23.6941    23.6901     19.813     19.908      0.353    1511.84    1511.85  0.000e+00
       2193     20.500    17.4151    17.4163     0.0012    4.27158    4.27190          1     5.2904     5.0050       9.98     0.1441  3.119e-01  4.485e+00  1.438e+03    32.7563    32.7580     0.0017    23.6949    23.6960     20.308     20.406      0.226    1511.85    1511.85  0.000e+00
       2252     21.000    17.4145    17.4148     0.0003    4.27180    4.27213          1     5.2869     5.0023       9.98     0.1385  2.929e-01  4.154e+00  1.418e+03    32.7585    32.7610     0.0025    23.6968    23.6986     20.804     20.903      0.263    1511.86    1511.86  0.000e+00
       2290     21.500    17.4113    17.4143     0.0030    4.27196    4.27220          1     5.2744     4.9917       9.98     0.1492  2.588e-01  3.647e+00  1.409e+03    32.7622    32.7618    -0.0004    23.7004    23.6994     21.299     21.401      0.316    1511.86    1511.87  0.000e+00
       2332     22.000    17.3854    17.4058     0.0204    4.27177    4.27234          1     5.2791     5.0031       9.98     0.1380  2.449e-01  3.433e+00  1.402e+03    32.7814    32.7697    -0.0117    23.7213    23.7074     21.794     21.898      0.261    1511.81    1511.86  0.000e+00
       2384     22.500    17.3595    17.3713     0.0118    4.27096    4.27196          1     5.2856     4.9975       9.98     0.1275  2.277e-01  3.172e+00  1.393e+03    32.7952    32.7942    -0.0009    23.7379    23.7344     22.290     22.395      0.219    1511.76    1511.79  0.000e+00
       2435     23.000    17.3538    17.3601     0.0063    4.27057    4.27152          1     5.2879     5.0036       9.98     0.1217  2.058e-01  2.844e+00  1.382e+03    32.7963    32.7994     0.0030    23.7402    23.7410     22.785     22.893      0.268    1511.75    1511.77  0.000e+00
       2475     23.500    17.3452    17.3540     0.0088    4.27003    4.27119          1     5.2976     4.9835       9.98     0.1176  1.886e-01  2.589e+00  1.373e+03    32.7985    32.8013     0.0028    23.7439    23.7439     23.280     23.390      0.322    1511.74    1511.77  0.000e+00
       2514     24.000    17.3350    17.3430     0.0080    4.26938    4.27056          1     5.2945     5.0007       9.98     0.1197  1.751e-01  2.397e+00  1.370e+03    32.8009    32.8046     0.0037    23.7481    23.7491     23.776     23.888      0.264    1511.72    1511.74  0.000e+00
       2566     24.500    17.3215    17.3290     0.0075    4.26851    4.26966          1     5.2867     5.0110       9.98     0.1111  1.592e-01  2.174e+00  1.366e+03    32.8043    32.8080     0.0038    23.7539    23.7550     24.271     24.385      0.252    1511.69    1511.72  0.000e+00
       2607     25.000    17.2997    17.3165     0.0169    4.26703    4.26892          1     5.2895     4.9944       9.97     0.1153  1.447e-01  1.969e+00  1.360e+03    32.8091    32.8116     0.0025    23.7628    23.7607     24.766     24.883      0.289    1511.64    1511.69  0.000e+00
       2656     25.500    17.2211    17.2743     0.0532    4.26160    4.26647          1     5.2822     4.9682       9.97     0.1072  1.269e-01  1.719e+00  1.355e+03    32.8260    32.8247    -0.0013    23.7943    23.7807     25.261     25.380      0.243    1511.43    1511.59  0.000e+00
       2697     26.000    17.1418    17.1909     0.0490    4.25622    4.26131          1     5.2766     4.9580       9.97     0.1124  1.079e-01  1.459e+00  1.352e+03    32.8439    32.8479     0.0040    23.8268    23.8183     25.757     25.878      0.338    1511.22    1511.37  0.000e+00
       2746     26.500    17.1062    17.1277     0.0216    4.25357    4.25656          1     5.2611     4.9577       9.97     0.1079  7.942e-02  1.070e+00  1.346e+03    32.8499    32.8582     0.0083    23.8397    23.8410     26.252     26.375      0.235    1511.13    1511.20  0.000e+00
       2809     27.000    17.0572    17.0892     0.0319    4.25030    4.25359          1     5.2506     4.9616       9.97     0.1055  5.382e-02  7.193e-01  1.337e+03    32.8614    32.8637     0.0023    23.8601    23.8543     26.747     26.872      0.374    1511.00    1511.10  0.000e+00
       2836     27.500    16.9967    17.0411     0.0444    4.24679    4.25111          1     5.2476     4.9767       9.97     0.1124  4.637e-02  6.145e-01  1.325e+03    32.8802    32.8813     0.0011    23.8887    23.8791     27.243     27.370      0.381    1510.85    1510.98  0.000e+00
       2881     28.000    16.9876    16.9983     0.0106    4.24636    4.24825          1     5.2448     4.9764       9.97     0.1123  4.242e-02  5.406e-01  1.275e+03    32.8838    32.8915     0.0077    23.8935    23.8969     27.738     27.867      0.236    1510.83    1510.87  0.000e+00
       2924     28.500    16.9858    16.9904     0.0046    4.24637    4.24759          1     5.2434     4.9729       9.97     0.1179  4.163e-02  5.092e-01  1.223e+03    32.8851    32.8920     0.0068    23.8950    23.8991     28.233     28.365      0.393    1510.84    1510.86  0.000e+00
