ctdpy/exports/archive_20191120_135557/received_data/SBE09_0827_20180228_0904_26_01_0331.cnv
* Sea-Bird SBE 9 Data File:
* FileName = D:\CTD_SBE911\DAT\26DA.2018.3.31.hex
* Software Version Seasave V 7.21d
* Temperature SN = 034757
* Conductivity SN = 041844
* Number of Bytes Per Scan = 48
* Number of Voltage Words = 5
* Number of Scans Averaged by the Deck Unit = 1
* NMEA Latitude = 57 00.75 N
* NMEA Longitude = 017 55.58 E
* NMEA UTC (Time) = Feb 28 2018  09:05:00
* NMEA baud rate = 4800
** Ship: DANA
** Average sound velocity: 1427.33 m/s
** True-depth calculation Tue, 02 Apr 2019 12:08:03 +0000
** CTD Python Module SMHI /ver 3-12/ feb 2012 
** LIMS Job: 20182601-0331
** Operator:
** Cruise: 02/2018
# nquan = 26
# nvalues = 136                         
# units = specified
# name 0 = scan: Scan Count
# name 1 = prDM: Pressure, Digiquartz [db]
# name 2 = t090C: Temperature [ITS-90, deg C]
# name 3 = t190C: Temperature, 2 [ITS-90, deg C]
# name 4 = T2-T190C: Temperature Difference, 2 - 1 [ITS-90, deg C]
# name 5 = c0S/m: Conductivity [S/m]
# name 6 = c1S/m: Conductivity, 2 [S/m]
# name 7 = pumps: Pump Status
# name 8 = sbeox1ML/L: Oxygen, SBE 43, 2 [ml/l]
# name 9 = sbeox0ML/L: Oxygen, SBE 43 [ml/l]
# name 10 = altM: Altimeter [m]
# name 11 = chloroflTC0: Chlorophyll, Turner Cyclops [ug/l]
# name 12 = cpar: CPAR/Corrected Irradiance [%]
# name 13 = par: PAR/Irradiance, Biospherical/Lico [µE/(cm^2*s)]
# name 14 = spar: SPAR, Biospherical/Licor
# name 15 = sal00: Salinity, Practical [PSU]
# name 16 = sal11: Salinity, Practical, 2 [PSU]
# name 17 = secS-priS: Salinity, Practical, Difference, 2 - 1 [PSU]
# name 18 = sigma-t00: Density [sigma-t, kg/m^3 ]
# name 19 = sigma-t11: Density, 2 [sigma-t, kg/m^3 ]
# name 20 = depSM: Depth [salt water, m], lat = 57.0125
# name 21 = depFM: Depth [true depth, m], lat = 57.0125
# name 22 = dz/dtM: Descent Rate [m/s], WS = 2
# name 23 = svCM: Sound Velocity [Chen-Millero, m/s]
# name 24 = svCM1: Sound Velocity, 2 [Chen-Millero, m/s]
# name 25 = flag: flag
# span 0 =         17,       6986       
# span 1 =      2.000,     69.500       
# span 2 =     2.4321,     5.0768       
# span 3 =     2.4296,     5.0906       
# span 4 =    -0.0174,     0.6049       
# span 5 =   0.736130,   0.925741       
# span 6 =   0.735411,   0.925007       
# span 7 =          1,          1       
# span 8 =     2.8252,     8.7062       
# span 9 =     2.7866,     8.6326       
# span 10 =       0.44,      10.00      
# span 11 =     0.0110,     0.0137      
# span 12 = 5.2786e-13, 8.7821e+00      
# span 13 = 1.0000e-12, 2.0505e+01      
# span 14 = 1.5029e+02, 2.3348e+02      
# span 15 =     7.2999,     8.6092      
# span 16 =     7.2919,     8.6018      
# span 17 =    -0.0186,     0.0797      
# span 18 =     5.8223,     6.8057      
# span 19 =     5.8159,     6.7999      
# span 20 =      1.982,     68.850      
# span 21 =      2.025,     70.367      
# span 22 =     -0.344,      0.796      
# span 23 =    1424.00,    1438.52      
# span 24 =    1423.99,    1438.52      
# span 25 = 0.0000e+00, 0.0000e+00      
# interval = decibars: 0.5              
# start_time = Feb 28 2018 09:05:00 [NMEA time, first data scan]
# bad_flag = -9.990e-29
*END*
[from data line 56]
       2849     30.000     2.5011     2.4978    -0.0032    0.73803    0.73723          1     8.6855     8.5985       9.95     0.0122  5.339e-13  1.000e-12  1.873e+02     7.3010     7.2933    -0.0077     5.8232     5.8170     29.722     30.379      0.281    1424.73    1424.70  0.000e+00
       2918     30.500     2.5017     2.5008    -0.0009    0.73804    0.73731          1     8.6846     8.5918       9.95     0.0122  5.296e-13  1.000e-12  1.888e+02     7.3010     7.2934    -0.0076     5.8231     5.8171     30.218     30.886      0.256    1424.74    1424.72  0.000e+00
       2956     31.000     2.4989     2.5003     0.0013    0.73801    0.73732          1     8.6788     8.5914       9.95     0.0122  5.296e-13  1.000e-12  1.888e+02     7.3011     7.2935    -0.0076     5.8232     5.8172     30.713     31.392      0.348    1424.73    1424.73  0.000e+00
       2998     31.500     2.4995     2.4985    -0.0010    0.73807    0.73730          1     8.6854     8.5925       9.95     0.0122  5.296e-13  1.000e-12  1.888e+02     7.3016     7.2937    -0.0079     5.8236     5.8173     31.208     31.898      0.222    1424.74    1424.73  0.000e+00
       3058     32.000     2.4860     2.4958     0.0098    0.73771    0.73728          1     8.6807     8.6046       9.95     0.0122  5.308e-13  1.000e-12  1.884e+02     7.3008     7.2939    -0.0068     5.8230     5.8175     31.704     32.405      0.260    1424.69    1424.72  0.000e+00
       3101     32.500     2.4901     2.4892    -0.0009    0.73782    0.73712          1     8.6840     8.6006       9.95     0.0122  5.350e-13  1.000e-12  1.869e+02     7.3010     7.2937    -0.0073     5.8232     5.8173     32.199     32.911      0.241    1424.71    1424.70  0.000e+00
       3156     33.000     2.4873     2.4887     0.0014    0.73776    0.73710          1     8.6766     8.5882       9.95     0.0122  5.352e-13  1.000e-12  1.868e+02     7.3009     7.2936    -0.0073     5.8231     5.8173     32.694     33.417      0.265    1424.71    1424.71  0.000e+00
       3189     33.500     2.4872     2.4872    -0.0000    0.73777    0.73708          1     8.6713     8.5945       9.95     0.0121  5.352e-13  1.000e-12  1.868e+02     7.3009     7.2937    -0.0073     5.8231     5.8173     33.190     33.923      0.468    1424.72    1424.71  0.000e+00
       3212     34.000     2.4888     2.4875    -0.0013    0.73782    0.73709          1     8.6768     8.5964       9.95     0.0114  5.352e-13  1.000e-12  1.868e+02     7.3010     7.2936    -0.0074     5.8232     5.8173     33.685     34.430      0.494    1424.73    1424.72  0.000e+00
       3271     34.500     2.4907     2.4922     0.0014    0.73787    0.73720          1     8.6812     8.5931       9.95     0.0121  5.375e-13  1.000e-12  1.861e+02     7.3011     7.2936    -0.0075     5.8232     5.8172     34.180     34.936      0.299    1424.75    1424.74  0.000e+00
       3350     35.000     2.4937     2.4931    -0.0006    0.73795    0.73725          1     8.6821     8.5890       9.95     0.0122  5.459e-13  1.000e-12  1.832e+02     7.3012     7.2938    -0.0073     5.8233     5.8174     34.676     35.442      0.372    1424.77    1424.76  0.000e+00
       3383     35.500     2.4962     2.4912    -0.0050    0.73801    0.73720          1     8.6747     8.5814       9.95     0.0125  5.473e-13  1.000e-12  1.827e+02     7.3011     7.2937    -0.0075     5.8232     5.8173     35.171     35.949      0.381    1424.79    1424.76  0.000e+00
       3413     36.000     2.4967     2.4944    -0.0023    0.73802    0.73728          1     8.6718     8.5788       9.95     0.0122  5.529e-13  1.000e-12  1.809e+02     7.3011     7.2938    -0.0073     5.8232     5.8174     35.666     36.455      0.421    1424.80    1424.78  0.000e+00
       3441     36.500     2.4966     2.4923    -0.0043    0.73804    0.73725          1     8.6749     8.5870       9.95     0.0122  5.543e-13  1.000e-12  1.804e+02     7.3013     7.2939    -0.0074     5.8234     5.8174     36.162     36.961      0.401    1424.81    1424.78  0.000e+00
       3518     37.000     2.4966     2.4949    -0.0018    0.73803    0.73730          1     8.6773     8.5956       9.95     0.0121  5.630e-13  1.000e-12  1.776e+02     7.3011     7.2938    -0.0073     5.8232     5.8174     36.657     37.468      0.284    1424.82    1424.80  0.000e+00
       3591     37.500     2.4924     2.4975     0.0050    0.73792    0.73734          1     8.6577     8.5934       9.95     0.0122  5.661e-13  1.000e-12  1.766e+02     7.3008     7.2935    -0.0073     5.8230     5.8172     37.152     37.974      0.543    1424.80    1424.82  0.000e+00
       3608     38.000     2.4894     2.4900     0.0006    0.73786    0.73729          1     8.6470     8.5955       9.95     0.0122  5.660e-13  1.000e-12  1.767e+02     7.3008     7.2946    -0.0062     5.8230     5.8180     37.648     38.480      0.601    1424.80    1424.79  0.000e+00
       3630     38.500     2.4826     2.4839     0.0012    0.73767    0.73707          1     8.6582     8.6001       9.95     0.0122  5.660e-13  1.000e-12  1.767e+02     7.3003     7.2936    -0.0067     5.8226     5.8172     38.143     38.987      0.452    1424.77    1424.77  0.000e+00
       3696     39.000     2.4832     2.4861     0.0029    0.73770    0.73711          1     8.6738     8.5925       9.95     0.0118  5.706e-13  1.000e-12  1.753e+02     7.3004     7.2935    -0.0069     5.8226     5.8172     38.638     39.493      0.222    1424.78    1424.79  0.000e+00
       3770     39.500     2.4878     2.4861    -0.0017    0.73785    0.73711          1     8.6738     8.5825       9.95     0.0126  5.777e-13  1.000e-12  1.731e+02     7.3009     7.2934    -0.0075     5.8231     5.8171     39.133     39.999      0.244    1424.81    1424.80  0.000e+00
       3808     40.000     2.4891     2.4877    -0.0014    0.73790    0.73716          1     8.6662     8.5972       9.95     0.0129  5.841e-13  1.000e-12  1.712e+02     7.3010     7.2934    -0.0076     5.8232     5.8171     39.629     40.506      0.475    1424.83    1424.81  0.000e+00
       3832     40.500     2.4915     2.4898    -0.0017    0.73797    0.73723          1     8.6622     8.6015       9.95     0.0122  5.861e-13  1.000e-12  1.706e+02     7.3011     7.2936    -0.0075     5.8233     5.8173     40.124     41.012      0.441    1424.85    1424.83  0.000e+00
       3889     41.000     2.4913     2.4896    -0.0017    0.73796    0.73723          1     8.6751     8.5983       9.95     0.0118  5.903e-13  1.000e-12  1.694e+02     7.3010     7.2936    -0.0074     5.8232     5.8173     40.619     41.518      0.256    1424.85    1424.84  0.000e+00
       3941     41.500     2.4919     2.4907    -0.0012    0.73799    0.73727          1     8.6719     8.6005       9.95     0.0121  5.944e-13  1.000e-12  1.682e+02     7.3012     7.2937    -0.0074     5.8233     5.8173     41.115     42.025      0.408    1424.86    1424.85  0.000e+00
       3970     42.000     2.4925     2.4923    -0.0002    0.73802    0.73732          1     8.6750     8.5999       9.95     0.0119  6.003e-13  1.000e-12  1.666e+02     7.3012     7.2939    -0.0073     5.8233     5.8175     41.610     42.531      0.328    1424.87    1424.86  0.000e+00
       4042     42.500     2.4940     2.4930    -0.0009    0.73806    0.73735          1     8.6628     8.5873       9.95     0.0121  6.016e-13  1.000e-12  1.662e+02     7.3013     7.2939    -0.0074     5.8234     5.8175     42.105     43.037      0.296    1424.89    1424.88  0.000e+00
       4074     43.000     2.4924     2.4924     0.0001    0.73802    0.73735          1     8.6633     8.5858       9.95     0.0122  6.077e-13  1.000e-12  1.646e+02     7.3011     7.2940    -0.0072     5.8233     5.8175     42.601     43.544      0.471    1424.89    1424.88  0.000e+00
       4100     43.500     2.4927     2.4929     0.0002    0.73803    0.73736          1     8.6649     8.5896       9.95     0.0122  6.079e-13  1.000e-12  1.645e+02     7.3011     7.2939    -0.0072     5.8232     5.8175     43.096     44.050      0.402    1424.90    1424.89  0.000e+00
       4165     44.000     2.4921     2.4928     0.0007    0.73803    0.73736          1     8.6776     8.5871       9.95     0.0117  6.116e-13  1.000e-12  1.635e+02     7.3011     7.2939    -0.0072     5.8232     5.8175     43.591     44.556      0.228    1424.90    1424.90  0.000e+00
       4234     44.500     2.4917     2.4921     0.0004    0.73803    0.73737          1     8.6648     8.5852       9.95     0.0121  6.157e-13  1.000e-12  1.624e+02     7.3012     7.2940    -0.0072     5.8233     5.8176     44.087     45.063      0.381    1424.91    1424.90  0.000e+00
       4259     45.000     2.4849     2.4860     0.0011    0.73786    0.73725          1     8.6531     8.5946       9.95     0.0122  6.212e-13  1.000e-12  1.610e+02     7.3008     7.2941    -0.0068     5.8230     5.8176     44.582     45.569      0.414    1424.89    1424.88  0.000e+00
       4303     45.500     2.4854     2.4846    -0.0007    0.73787    0.73718          1     8.6663     8.6036       9.95     0.0117  6.236e-13  1.000e-12  1.604e+02     7.3008     7.2936    -0.0072     5.8230     5.8172     45.077     46.075      0.251    1424.90    1424.88  0.000e+00
       4352     46.000     2.4852     2.4862     0.0010    0.73787    0.73724          1     8.6650     8.5925       9.95     0.0110  6.315e-13  1.000e-12  1.584e+02     7.3008     7.2938    -0.0070     5.8230     5.8174     45.572     46.581      0.430    1424.90    1424.90  0.000e+00
       4376     46.500     2.4854     2.4833    -0.0021    0.73788    0.73715          1     8.6677     8.5962       9.95     0.0120  6.356e-13  1.000e-12  1.573e+02     7.3008     7.2935    -0.0072     5.8230     5.8172     46.068     47.088      0.407    1424.91    1424.89  0.000e+00
       4473     47.000     2.4839     2.4837    -0.0002    0.73784    0.73717          1     8.6737     8.6008       9.95     0.0122  6.467e-13  1.000e-12  1.546e+02     7.3006     7.2935    -0.0070     5.8228     5.8172     46.563     47.594      0.574    1424.91    1424.90  0.000e+00
       4505     47.500     2.4893     2.4868    -0.0026    0.73806    0.73721          1     8.6736     8.5995       9.95     0.0122  6.479e-13  1.000e-12  1.543e+02     7.3016     7.2932    -0.0084     5.8237     5.8169     47.058     48.100      0.796    1424.95    1424.92  0.000e+00
       4520     48.000     2.5003     2.4961    -0.0041    0.73841    0.73749          1     8.6730     8.5882       9.95     0.0122  6.479e-13  1.000e-12  1.543e+02     7.3027     7.2940    -0.0088     5.8245     5.8175     47.554     48.607      0.698    1425.01    1424.98  0.000e+00
       4554     48.500     2.4995     2.4999     0.0004    0.73837    0.73767          1     8.6733     8.5820       9.95     0.0122  6.495e-13  1.000e-12  1.540e+02     7.3024     7.2949    -0.0075     5.8243     5.8183     48.049     49.113      0.353    1425.01    1425.00  0.000e+00
       4653     49.000     2.4917     2.4979     0.0062    0.73812    0.73765          1     8.6518     8.5997       9.95     0.0121  6.567e-13  1.000e-12  1.523e+02     7.3015     7.2951    -0.0064     5.8236     5.8185     48.544     49.619      0.225    1424.98    1425.00  0.000e+00
       4695     49.500     2.4963     2.4974     0.0012    0.73828    0.73764          1     8.6569     8.5993       9.95     0.0122  6.640e-13  1.000e-12  1.506e+02     7.3021     7.2950    -0.0071     5.8240     5.8184     49.039     50.126      0.369    1425.01    1425.01  0.000e+00
       4724     50.000     2.4981     2.5070     0.0088    0.73837    0.73790          1     8.6650     8.5999       9.95     0.0119  6.654e-13  1.000e-12  1.503e+02     7.3025     7.2955    -0.0069     5.8243     5.8188     49.535     50.632      0.392    1425.03    1425.06  0.000e+00
       4766     50.500     2.5035     2.5161     0.0125    0.73854    0.73820          1     8.6581     8.5843       9.95     0.0122  6.640e-13  1.000e-12  1.506e+02     7.3030     7.2965    -0.0066     5.8248     5.8195     50.030     51.138      0.224    1425.06    1425.11  0.000e+00
       4822     51.000     2.5143     2.5197     0.0054    0.73888    0.73830          1     8.6522     8.5810       9.95     0.0122  6.565e-13  1.000e-12  1.523e+02     7.3041     7.2967    -0.0074     5.8256     5.8197     50.525     51.645      0.257    1425.12    1425.14  0.000e+00
       4888     51.500     2.5213     2.5219     0.0005    0.73905    0.73838          1     8.6503     8.5735       9.95     0.0122  6.518e-13  1.000e-12  1.534e+02     7.3042     7.2969    -0.0073     5.8257     5.8199     51.021     52.151      0.225    1425.16    1425.16  0.000e+00
       4938     52.000     2.5178     2.5165    -0.0013    0.73890    0.73818          1     8.6464     8.5682       9.95     0.0122  6.477e-13  1.000e-12  1.544e+02     7.3034     7.2961    -0.0073     5.8250     5.8192     51.516     52.657      0.419    1425.15    1425.14  0.000e+00
       4962     52.500     2.5158     2.5145    -0.0012    0.73885    0.73815          1     8.6545     8.5751       9.95     0.0122  6.479e-13  1.000e-12  1.543e+02     7.3033     7.2960    -0.0072     5.8249     5.8192     52.011     53.164      0.486    1425.15    1425.14  0.000e+00
       4993     53.000     2.5190     2.5329     0.0139    0.73897    0.73862          1     8.6674     8.5811       9.95     0.0122  6.418e-13  1.000e-12  1.558e+02     7.3037     7.2968    -0.0068     5.8252     5.8198     52.506     53.670      0.328    1425.17    1425.23  0.000e+00
       5091     53.500     2.5340     2.5376     0.0036    0.73947    0.73886          1     8.6181     8.5533       9.95     0.0122  6.172e-13  1.000e-12  1.620e+02     7.3055     7.2982    -0.0073     5.8267     5.8208     53.002     54.176      0.316    1425.25    1425.26  0.000e+00
       5121     54.000     2.5401     2.5648     0.0247    0.73971    0.73961          1     8.6265     8.5475       9.95     0.0122  6.045e-13  1.000e-12  1.654e+02     7.3066     7.2998    -0.0068     5.8275     5.8221     53.497     54.683      0.360    1425.29    1425.40  0.000e+00
       5158     54.500     2.5890     2.6802     0.0912    0.74175    0.74384          1     8.5849     8.5251       9.95     0.0122  5.910e-13  1.000e-12  1.692e+02     7.3169     7.3180     0.0012     5.8357     5.8363     53.992     55.189      0.309    1425.54    1425.97  0.000e+00
       5196     55.000     2.6687     2.7279     0.0591    0.74484    0.74595          1     8.3762     8.3895       9.95     0.0122  5.806e-13  1.000e-12  1.722e+02     7.3311     7.3293    -0.0018     5.8468     5.8451     54.488     55.695      0.288    1425.94    1426.21  0.000e+00
       5264     55.500     3.1752     3.7809     0.6049    0.77519    0.79664          1     8.0858     7.7401       9.95     0.0122  5.599e-13  1.000e-12  1.787e+02     7.5303     7.6099     0.0797     6.0000     6.0519     54.983     56.201      0.250    1428.53    1431.39  0.000e+00
       5311     56.000     4.2033     4.3656     0.1623    0.83306    0.83719          1     6.8585     6.0553       9.95     0.0122  5.459e-13  1.000e-12  1.832e+02     7.8844     7.8877     0.0033     6.2615     6.2595     55.478     56.708      0.282    1433.67    1434.40  0.000e+00
       5369     56.500     4.3505     4.4132     0.0631    0.84248    0.84345          1     5.6970     5.3267       9.95     0.0124  5.369e-13  1.000e-12  1.863e+02     7.9451     7.9399    -0.0053     6.3057     6.2995     55.973     57.214      0.235    1434.41    1434.68  0.000e+00
       5411     57.000     4.4170     4.5088     0.0919    0.84898    0.84953          1     5.4880     5.1822       9.95     0.0122  5.342e-13  1.000e-12  1.872e+02     7.9949     7.9782    -0.0167     6.3430     6.3267     56.469     57.720      0.398    1434.78    1435.17  0.000e+00
