ctdpy/exports/archive_20191120_135557/received_data/SBE09_0827_20180123_1409_26_01_0181.cnv
* Sea-Bird SBE 9 Data File:
* FileName = D:\CTD_SBE911\DAT\26DA.2018.1.81.hex
* Software Version Seasave V 7.21d
* Temperature SN = 034757
* Conductivity SN = 041844
* Number of Bytes Per Scan = 48
* Number of Voltage Words = 5
* Number of Scans Averaged by the Deck Unit = 1
* NMEA Latitude = 58 18.19 N
* NMEA Longitude = 010 57.45 E
* NMEA UTC (Time) = Jan 23 2018  14:09:06
* NMEA baud rate = 4800
** Ship: DANA
** Average sound velocity: 1478.48 m/s
** True-depth calculation Thu, 28 Mar 2019 08:27:49 +0000
** CTD Python Module SMHI /ver 3-12/ feb 2012 
** LIMS Job: 20182601-0181
** 7W Håll
** Operator: Ronny Sørensen
** Cruise: 01/2018
# nquan = 26
# nvalues = 214                         
# units = specified
# name 0 = scan: Scan Count
# name 1 = prDM: Pressure, Digiquartz [db]
# name 2 = t090C: Temperature [ITS-90, deg C]
# name 3 = t190C: Temperature, 2 [ITS-90, deg C]
# name 4 = T2-T190C: Temperature Difference, 2 - 1 [ITS-90, deg C]
# name 5 = c0S/m: Conductivity [S/m]
# name 6 = c1S/m: Conductivity, 2 [S/m]
# name 7 = pumps: Pump Status
# name 8 = sbeox1ML/L: Oxygen, SBE 43, 2 [ml/l]
# name 9 = sbeox0ML/L: Oxygen, SBE 43 [ml/l]
# name 10 = altM: Altimeter [m]
# name 11 = chloroflTC0: Chlorophyll, Turner Cyclops [ug/l]
# name 12 = cpar: CPAR/Corrected Irradiance [%]
# name 13 = par: PAR/Irradiance, Biospherical/Lico [µE/(cm^2*s)]
# name 14 = spar: SPAR, Biospherical/Licor
# name 15 = sal00: Salinity, Practical [PSU]
# name 16 = sal11: Salinity, Practical, 2 [PSU]
# name 17 = secS-priS: Salinity, Practical, Difference, 2 - 1 [PSU]
# name 18 = sigma-t00: Density [sigma-t, kg/m^3 ]
# name 19 = sigma-t11: Density, 2 [sigma-t, kg/m^3 ]
# name 20 = depSM: Depth [salt water, m], lat = 58.3032
# name 21 = depFM: Depth [true depth, m], lat = 58.3032
# name 22 = dz/dtM: Descent Rate [m/s], WS = 2
# name 23 = svCM: Sound Velocity [Chen-Millero, m/s]
# name 24 = svCM1: Sound Velocity, 2 [Chen-Millero, m/s]
# name 25 = flag: flag
# span 0 =        164,      12005       
# span 1 =      2.500,    109.000       
# span 2 =     6.1120,     8.4475       
# span 3 =     6.1117,     8.4536       
# span 4 =    -0.0186,     0.0436       
# span 5 =   3.328675,   3.653203       
# span 6 =   3.328332,   3.652578       
# span 7 =          1,          1       
# span 8 =     5.5366,     6.2479       
# span 9 =     2.9403,     9.2543       
# span 10 =       1.20,      10.00      
# span 11 =     0.0207,     0.7810      
# span 12 = 2.7319e-12, 9.5916e+04      
# span 13 = 1.0000e-12, 2.0909e+00      
# span 14 = 4.0914e-01, 3.6602e+01      
# span 15 =    33.6674,    34.8473      
# span 16 =    33.6650,    34.8525      
# span 17 =    -0.2285,     0.0247      
# span 18 =    26.4854,    27.1196      
# span 19 =    26.4837,    27.1221      
# span 20 =      2.477,    107.959      
# span 21 =      2.481,    108.124      
# span 22 =     -0.162,      0.908      
# span 23 =    1473.55,    1485.66      
# span 24 =    1473.55,    1485.64      
# span 25 = 0.0000e+00, 0.0000e+00      
# interval = decibars: 0.5              
# start_time = Jan 23 2018 14:09:06 [NMEA time, first data scan]
# bad_flag = -9.990e-29
*END*
        164      2.500     6.1138     6.1123    -0.0015    3.32868    3.32833          1     6.1644     9.2543       1.94     0.0207  6.703e+00  2.091e+00  3.117e+01    33.6674    33.6650    -0.0024    26.4854    26.4837      2.477      2.481      0.335    1473.55    1473.55  0.000e+00
        339      3.000     6.1126     6.1124    -0.0002    3.32877    3.32842          1     5.9443     2.9403       3.99     0.0226  6.325e+00  2.071e+00  3.274e+01    33.6694    33.6657    -0.0038    26.4871    26.4842      2.972      2.977      0.768    1473.56    1473.55  0.000e+00
        371      3.500     6.1139     6.1136    -0.0003    3.32888    3.32851          1     5.9065     4.9919       6.66     0.0233  5.766e+00  1.874e+00  3.249e+01    33.6691    33.6653    -0.0038    26.4867    26.4837      3.467      3.473      0.803    1473.57    1473.57  0.000e+00
        448      4.000     6.1135     6.1128    -0.0007    3.32880    3.32853          1     6.1338     5.9221       3.34     0.0254  4.788e+00  1.599e+00  3.343e+01    33.6684    33.6661    -0.0023    26.4862    26.4845      3.963      3.969      0.485    1473.58    1473.57  0.000e+00
        535      4.500     6.1126     6.1119    -0.0007    3.32883    3.32874          1     6.2192     3.1045       7.69     0.0221  4.007e+00  1.384e+00  3.454e+01    33.6694    33.6690    -0.0003    26.4871    26.4869      4.458      4.465      0.311    1473.58    1473.58  0.000e+00
        584      5.000     6.1124     6.1117    -0.0007    3.32899    3.32888          1     6.0767     5.5540       9.97     0.0221  3.410e+00  1.177e+00  3.452e+01    33.6712    33.6706    -0.0006    26.4885    26.4881      4.953      4.961      0.510    1473.59    1473.59  0.000e+00
        624      5.500     6.1120     6.1120    -0.0000    3.32907    3.32915          1     5.9378     5.6127       9.00     0.0211  3.022e+00  1.043e+00  3.452e+01    33.6721    33.6731     0.0010    26.4893    26.4901      5.449      5.457      0.472    1473.60    1473.60  0.000e+00
        704      6.000     6.1125     6.1124    -0.0001    3.32918    3.32913          1     5.8440     5.7380       7.15     0.0220  2.951e+00  1.019e+00  3.452e+01    33.6727    33.6722    -0.0004    26.4897    26.4894      5.944      5.954      0.892    1473.61    1473.61  0.000e+00
        717      6.500     6.1128     6.1124    -0.0004    3.32922    3.32918          1     5.8037     5.7635       9.89     0.0225  2.361e+00  8.153e-01  3.452e+01    33.6724    33.6725     0.0000    26.4895    26.4895      6.439      6.450      0.795    1473.62    1473.62  0.000e+00
        761      7.000     6.1132     6.1126    -0.0005    3.32934    3.32927          1     5.8846     5.8972       9.99     0.0233  1.957e+00  6.574e-01  3.372e+01    33.6732    33.6730    -0.0003    26.4901    26.4899      6.935      6.946      0.549    1473.63    1473.63  0.000e+00
        851      7.500     6.1142     6.1144     0.0002    3.32969    3.32948          1     5.8076     5.7253      10.00     0.0226  2.002e+00  6.511e-01  3.253e+01    33.6759    33.6733    -0.0026    26.4920    26.4900      7.430      7.442      0.908    1473.65    1473.65  0.000e+00
        869      8.000     6.1141     6.1149     0.0007    3.32971    3.32948          1     5.7829     5.7169      10.00     0.0219  1.543e+00  5.014e-01  3.249e+01    33.6760    33.6727    -0.0033    26.4921    26.4894      7.926      7.938      0.608    1473.66    1473.66  0.000e+00
        979      8.500     6.1151     6.1160     0.0009    3.33001    3.33007          1     6.1516     6.1762       9.96     0.0245  1.294e+00  4.205e-01  3.249e+01    33.6781    33.6779    -0.0002    26.4937    26.4934      8.421      8.434      0.566    1473.67    1473.67  0.000e+00
       1054      9.000     6.1168     6.1158    -0.0010    3.33037    3.33034          1     6.1963     6.2271       9.96     0.0280  1.035e+00  3.316e-01  3.202e+01    33.6802    33.6809     0.0007    26.4951    26.4958      8.916      8.930      0.385    1473.69    1473.69  0.000e+00
       1138      9.500     6.1156     6.1152    -0.0004    3.33017    3.32996          1     6.1764     6.2282       9.96     0.0290  9.041e-01  2.769e-01  3.064e+01    33.6790    33.6769    -0.0020    26.4943    26.4927      9.412      9.426      0.427    1473.69    1473.69  0.000e+00
       1165     10.000     6.1202     6.1189    -0.0013    3.33110    3.33092          1     6.2022     6.2254       9.96     0.0293  7.504e-01  2.294e-01  3.056e+01    33.6846    33.6838    -0.0008    26.4981    26.4976      9.907      9.923      0.469    1473.72    1473.72  0.000e+00
       1190     10.500     6.1209     6.1213     0.0003    3.33127    3.33124          1     6.1885     6.2212       9.96     0.0293  5.742e-01  1.749e-01  3.046e+01    33.6854    33.6848    -0.0006    26.4987    26.4981     10.402     10.419      0.487    1473.74    1473.74  0.000e+00
       1226     11.000     6.1267     6.1265    -0.0001    3.33250    3.33258          1     6.1707     6.2220       9.96     0.0302  4.052e-01  1.234e-01  3.046e+01    33.6933    33.6944     0.0011    26.5042    26.5050     10.898     10.915      0.335    1473.78    1473.78  0.000e+00
       1317     11.500     6.1261     6.1263     0.0001    3.33244    3.33240          1     6.2400     6.2298       9.96     0.0305  3.831e-01  1.167e-01  3.046e+01    33.6929    33.6923    -0.0006    26.5040    26.5034     11.393     11.411      0.540    1473.78    1473.78  0.000e+00
       1330     12.000     6.1270     6.1262    -0.0008    3.33258    3.33261          1     6.2234     6.2308       9.96     0.0305  2.729e-01  8.313e-02  3.046e+01    33.6934    33.6945     0.0011    26.5042    26.5052     11.888     11.907      0.645    1473.80    1473.79  0.000e+00
       1368     12.500     6.1319     6.1325     0.0007    3.33389    3.33412          1     6.1981     6.2294       9.96     0.0305  1.578e-01  4.881e-02  3.099e+01    33.7030    33.7049     0.0019    26.5112    26.5126     12.383     12.403      0.428    1473.84    1473.84  0.000e+00
       1451     13.000     6.1518     6.1574     0.0055    3.33860    3.33959          1     6.1838     6.2252       9.96     0.0305  1.061e-01  3.423e-02  3.229e+01    33.7358    33.7412     0.0054    26.5346    26.5382     12.879     12.899      0.508    1473.96    1473.99  0.000e+00
       1477     13.500     6.1484     6.1448    -0.0036    3.33775    3.33755          1     6.1881     6.2249       9.96     0.0306  3.216e-02  1.044e-02  3.248e+01    33.7293    33.7306     0.0014    26.5299    26.5314     13.374     13.395      0.370    1473.95    1473.94  0.000e+00
       1536     14.000     6.1473     6.1417    -0.0056    3.33747    3.33687          1     6.2265     6.2330       9.96     0.0303  2.169e-03  7.049e-04  3.249e+01    33.7270    33.7258    -0.0012    26.5282    26.5280     13.869     13.891      0.290    1473.95    1473.93  0.000e+00
       1572     14.500     6.1487     6.1458    -0.0030    3.33775    3.33697          1     6.1733     6.2247       9.96     0.0311  2.534e-05  8.235e-06  3.249e+01    33.7285    33.7227    -0.0057    26.5292    26.5250     14.365     14.388      0.313    1473.97    1473.95  0.000e+00
       1630     15.000     6.1480     6.1469    -0.0010    3.33767    3.33776          1     6.1881     6.2189       9.96     0.0307  3.078e-12  1.000e-12  3.249e+01    33.7280    33.7302     0.0022    26.5289    26.5308     14.860     14.884      0.243    1473.97    1473.97  0.000e+00
       1671     15.500     6.1469     6.1502     0.0033    3.33765    3.33757          1     6.2479     6.2220       9.96     0.0308  3.078e-12  1.000e-12  3.249e+01    33.7287    33.7244    -0.0043    26.5296    26.5258     15.355     15.380      0.453    1473.98    1473.98  0.000e+00
       1697     16.000     6.1508     6.1522     0.0015    3.33796    3.33831          1     6.2428     6.2312       9.96     0.0311  3.078e-12  1.000e-12  3.249e+01    33.7281    33.7305     0.0024    26.5286    26.5303     15.851     15.876      0.365    1474.00    1474.01  0.000e+00
       1779     16.500     6.1702     6.1782     0.0081    3.34229    3.34280          1     6.2025     6.2302       9.96     0.0310  2.998e-12  1.000e-12  3.338e+01    33.7571    33.7548    -0.0023    26.5490    26.5462     16.346     16.372      0.315    1474.12    1474.15  0.000e+00
       1811     17.000     6.1824     6.1838     0.0014    3.34478    3.34495          1     6.2076     6.2192       9.96     0.0309  2.959e-12  1.000e-12  3.382e+01    33.7725    33.7729     0.0005    26.5596    26.5598     16.841     16.868      0.472    1474.20    1474.20  0.000e+00
       1846     17.500     6.1817     6.1788    -0.0028    3.34469    3.34472          1     6.2146     6.2231       9.96     0.0308  2.973e-12  1.000e-12  3.367e+01    33.7720    33.7752     0.0032    26.5594    26.5622     17.337     17.364      0.330    1474.20    1474.19  0.000e+00
       1937     18.000     6.1623     6.1625     0.0003    3.34162    3.34212          1     6.2004     6.2299       9.96     0.0305  2.953e-12  1.000e-12  3.389e+01    33.7566    33.7620     0.0054    26.5497    26.5539     17.832     17.860      0.441    1474.11    1474.12  0.000e+00
       1953     18.500     6.1596     6.1598     0.0003    3.34127    3.34172          1     6.2180     6.2374       9.96     0.0305  2.998e-12  1.000e-12  3.338e+01    33.7552    33.7599     0.0048    26.5489    26.5526     18.327     18.356      0.584    1474.11    1474.11  0.000e+00
       1976     19.000     6.1598     6.1593    -0.0005    3.34140    3.34157          1     6.2174     6.2428       9.96     0.0305  3.038e-12  1.000e-12  3.294e+01    33.7561    33.7584     0.0024    26.5496    26.5515     18.823     18.852      0.400    1474.12    1474.12  0.000e+00
       2088     19.500     6.1573     6.1567    -0.0006    3.34090    3.34099          1     6.2044     6.2292       9.96     0.0306  3.079e-12  1.000e-12  3.248e+01    33.7528    33.7543     0.0015    26.5473    26.5485     19.318     19.349      0.522    1474.11    1474.11  0.000e+00
       2105     20.000     6.1591     6.1589    -0.0002    3.34107    3.34118          1     6.1888     6.2376       9.96     0.0312  3.078e-12  1.000e-12  3.249e+01    33.7526    33.7540     0.0013    26.5469    26.5480     19.813     19.845      0.507    1474.13    1474.13  0.000e+00
       2172     20.500     6.1807     6.1815     0.0008    3.34477    3.34457          1     6.1883     6.2318       9.96     0.0316  3.078e-12  1.000e-12  3.249e+01    33.7723    33.7693    -0.0031    26.5598    26.5572     20.308     20.341      0.310    1474.25    1474.25  0.000e+00
       2233     21.000     6.1975     6.1989     0.0014    3.34743    3.34740          1     6.1897     6.2228       9.96     0.0317  3.078e-12  1.000e-12  3.249e+01    33.7852    33.7835    -0.0017    26.5678    26.5662     20.804     20.837      0.463    1474.34    1474.34  0.000e+00
       2261     21.500     6.2014     6.2015     0.0000    3.34793    3.34791          1     6.1754     6.2141       9.96     0.0323  3.078e-12  1.000e-12  3.249e+01    33.7866    33.7864    -0.0002    26.5684    26.5682     21.299     21.333      0.323    1474.36    1474.36  0.000e+00
       2368     22.000     6.1977     6.1965    -0.0012    3.34785    3.34792          1     6.1989     6.2124       9.96     0.0319  3.078e-12  1.000e-12  3.249e+01    33.7892    33.7911     0.0019    26.5709    26.5726     21.794     21.829      0.303    1474.36    1474.36  0.000e+00
       2396     22.500     6.2028     6.2025    -0.0003    3.34843    3.34846          1     6.1773     6.2101       9.96     0.0326  3.078e-12  1.000e-12  3.249e+01    33.7904    33.7910     0.0006    26.5712    26.5717     22.290     22.325      0.406    1474.39    1474.39  0.000e+00
       2454     23.000     6.1969     6.1945    -0.0025    3.34785    3.34787          1     6.1521     6.2177       9.96     0.0321  3.078e-12  1.000e-12  3.249e+01    33.7895    33.7921     0.0026    26.5712    26.5736     22.785     22.821      0.266    1474.37    1474.37  0.000e+00
       2521     23.500     6.1962     6.1968     0.0005    3.34781    3.34796          1     6.1933     6.2187       9.96     0.0322  3.078e-12  1.000e-12  3.249e+01    33.7895    33.7906     0.0011    26.5713    26.5721     23.280     23.317      0.473    1474.38    1474.38  0.000e+00
       2543     24.000     6.1968     6.1959    -0.0010    3.34777    3.34790          1     6.2039     6.2170       9.96     0.0329  3.078e-12  1.000e-12  3.249e+01    33.7882    33.7905     0.0023    26.5702    26.5722     23.776     23.813      0.487    1474.39    1474.39  0.000e+00
       2606     24.500     6.1968     6.1960    -0.0009    3.34783    3.34794          1     6.1738     6.2145       9.96     0.0330  3.129e-12  1.000e-12  3.199e+01    33.7885    33.7906     0.0021    26.5705    26.5723     24.271     24.309      0.324    1474.39    1474.40  0.000e+00
       2685     25.000     6.1965     6.1957    -0.0008    3.34783    3.34797          1     6.1584     6.2194       9.96     0.0329  3.283e-12  1.000e-12  3.046e+01    33.7887    33.7911     0.0024    26.5706    26.5726     24.766     24.806      0.530    1474.40    1474.40  0.000e+00
       2705     25.500     6.1974     6.1969    -0.0004    3.34789    3.34802          1     6.1497     6.2209       9.96     0.0333  3.283e-12  1.000e-12  3.046e+01    33.7882    33.7900     0.0018    26.5702    26.5717     25.261     25.302      0.504    1474.41    1474.42  0.000e+00
       2770     26.000     6.1978     6.1970    -0.0008    3.34792    3.34805          1     6.1656     6.2168       9.96     0.0332  3.283e-12  1.000e-12  3.046e+01    33.7879    33.7901     0.0022    26.5698    26.5717     25.757     25.798      0.358    1474.42    1474.42  0.000e+00
       2836     26.500     6.1978     6.1969    -0.0010    3.34792    3.34803          1     6.2035     6.2150       9.96     0.0330  3.283e-12  1.000e-12  3.046e+01    33.7876    33.7897     0.0022    26.5696    26.5714     26.252     26.294      0.533    1474.43    1474.43  0.000e+00
       2860     27.000     6.1977     6.1968    -0.0010    3.34795    3.34807          1     6.2014     6.2188       9.96     0.0330  3.411e-12  1.000e-12  2.936e+01    33.7877    33.7901     0.0023    26.5697    26.5717     26.747     26.790      0.400    1474.44    1474.44  0.000e+00
       2963     27.500     6.1986     6.1980    -0.0006    3.34798    3.34816          1     6.2050     6.2233       9.95     0.0331  3.553e-12  1.000e-12  2.816e+01    33.7870    33.7895     0.0026    26.5690    26.5711     27.243     27.286      0.436    1474.45    1474.45  0.000e+00
       2986     28.000     6.1981     6.1974    -0.0007    3.34809    3.34824          1     6.2022     6.2251       9.96     0.0332  3.639e-12  1.000e-12  2.752e+01    33.7884    33.7909     0.0024    26.5702    26.5723     27.738     27.782      0.534    1474.46    1474.46  0.000e+00
       3037     28.500     6.1960     6.1954    -0.0006    3.34794    3.34812          1     6.1945     6.2211       9.96     0.0338  3.779e-12  1.000e-12  2.647e+01    33.7886    33.7913     0.0027    26.5706    26.5728     28.233     28.278      0.314    1474.46    1474.46  0.000e+00
       3116     29.000     6.1913     6.1907    -0.0006    3.34761    3.34779          1     6.2020     6.2257       9.95     0.0340  3.788e-12  1.000e-12  2.640e+01    33.7893    33.7920     0.0027    26.5718    26.5740     28.729     28.774      0.405    1474.45    1474.45  0.000e+00
       3141     29.500     6.1918     6.1915    -0.0003    3.34770    3.34784          1     6.1964     6.2218       9.95     0.0342  3.788e-12  1.000e-12  2.640e+01    33.7896    33.7915     0.0019    26.5720    26.5735     29.224     29.270      0.407    1474.46    1474.46  0.000e+00
