ctdpy/exports/archive_20191120_135557/received_data/SBE09_0827_20180304_1133_26_01_0361.cnv
* Sea-Bird SBE 9 Data File:
* FileName = D:\CTD_SBE911\DAT\26DA.2018.3.61.hex
* Software Version Seasave V 7.21d
* Temperature SN = 034757
* Conductivity SN = 041844
* Number of Bytes Per Scan = 48
* Number of Voltage Words = 5
* Number of Scans Averaged by the Deck Unit = 1
* NMEA Latitude = 55 41.16 N
* NMEA Longitude = 014 23.32 E
* NMEA UTC (Time) = Mar 04 2018  11:33:31
* NMEA baud rate = 4800
** Ship: DANA
** Average sound velocity: 1422.51 m/s
** True-depth calculation Tue, 02 Apr 2019 12:10:46 +0000
** CTD Python Module SMHI /ver 3-12/ feb 2012 
** LIMS Job: 20182601-0361
** Operator:
** Cruise: 02/2018
# nquan = 26
# nvalues = 78                          
# units = specified
# name 0 = scan: Scan Count
# name 1 = prDM: Pressure, Digiquartz [db]
# name 2 = t090C: Temperature [ITS-90, deg C]
# name 3 = t190C: Temperature, 2 [ITS-90, deg C]
# name 4 = T2-T190C: Temperature Difference, 2 - 1 [ITS-90, deg C]
# name 5 = c0S/m: Conductivity [S/m]
# name 6 = c1S/m: Conductivity, 2 [S/m]
# name 7 = pumps: Pump Status
# name 8 = sbeox1ML/L: Oxygen, SBE 43, 2 [ml/l]
# name 9 = sbeox0ML/L: Oxygen, SBE 43 [ml/l]
# name 10 = altM: Altimeter [m]
# name 11 = chloroflTC0: Chlorophyll, Turner Cyclops [ug/l]
# name 12 = cpar: CPAR/Corrected Irradiance [%]
# name 13 = par: PAR/Irradiance, Biospherical/Lico [µE/(cm^2*s)]
# name 14 = spar: SPAR, Biospherical/Licor
# name 15 = sal00: Salinity, Practical [PSU]
# name 16 = sal11: Salinity, Practical, 2 [PSU]
# name 17 = secS-priS: Salinity, Practical, Difference, 2 - 1 [PSU]
# name 18 = sigma-t00: Density [sigma-t, kg/m^3 ]
# name 19 = sigma-t11: Density, 2 [sigma-t, kg/m^3 ]
# name 20 = depSM: Depth [salt water, m], lat = 55.686
# name 21 = depFM: Depth [true depth, m], lat = 55.686
# name 22 = dz/dtM: Descent Rate [m/s], WS = 2
# name 23 = svCM: Sound Velocity [Chen-Millero, m/s]
# name 24 = svCM1: Sound Velocity, 2 [Chen-Millero, m/s]
# name 25 = flag: flag
# span 0 =         80,       3891       
# span 1 =      1.500,     40.000       
# span 2 =     1.9067,     2.2553       
# span 3 =     1.9074,     2.2546       
# span 4 =    -0.0272,     0.0022       
# span 5 =   0.722112,   0.734715       
# span 6 =   0.721529,   0.734089       
# span 7 =          1,          1       
# span 8 =     8.7271,     8.8526       
# span 9 =     8.7366,     8.9001       
# span 10 =       1.48,      10.00      
# span 11 =     0.0227,     0.0477      
# span 12 = -8.447e-06, 6.8869e+00      
# span 13 = -5.609e-05, 5.4272e+01      
# span 14 = 5.9097e+02, 7.8801e+02      
# span 15 =     7.2713,     7.3210      
# span 16 =     7.2648,     7.3144      
# span 17 =    -0.0126,    -0.0061      
# span 18 =     5.7972,     5.8389      
# span 19 =     5.7920,     5.8336      
# span 20 =      1.486,     39.633      
# span 21 =      1.519,     40.506      
# span 22 =     -0.067,      0.435      
# span 23 =    1421.45,    1423.76      
# span 24 =    1421.44,    1423.75      
# span 25 = 0.0000e+00, 0.0000e+00      
# interval = decibars: 0.5              
# start_time = Mar 04 2018 11:33:31 [NMEA time, first data scan]
# bad_flag = -9.990e-29
*END*
[from data line 56]
       2786     29.500     2.2276     2.2236    -0.0040    0.73367    0.73284          1     8.7560     8.7576       9.95     0.0329  1.607e-13  1.000e-12  6.225e+02     7.3177     7.3097    -0.0080     5.8362     5.8298     29.230     29.873      0.276    1423.46    1423.43  0.000e+00
       2825     30.000     2.2343     2.2320    -0.0023    0.73396    0.73316          1     8.7407     8.7515       9.95     0.0326  1.616e-13  1.000e-12  6.190e+02     7.3191     7.3111    -0.0080     5.8374     5.8309     29.726     30.380      0.294    1423.50    1423.48  0.000e+00
       2872     30.500     2.2478     2.2383    -0.0095    0.73443    0.73339          1     8.7370     8.7463       9.95     0.0309  1.621e-13  1.000e-12  6.168e+02     7.3209     7.3120    -0.0089     5.8389     5.8317     30.221     30.886      0.239    1423.57    1423.52  0.000e+00
       2919     31.000     2.2495     2.2465    -0.0030    0.73447    0.73371          1     8.7353     8.7511       9.95     0.0314  1.628e-13  1.000e-12  6.143e+02     7.3209     7.3135    -0.0074     5.8388     5.8329     30.716     31.392      0.275    1423.59    1423.57  0.000e+00
       2964     31.500     2.2499     2.2479    -0.0020    0.73447    0.73377          1     8.7370     8.7524       9.82     0.0326  1.635e-13  1.000e-12  6.115e+02     7.3208     7.3137    -0.0071     5.8387     5.8331     31.212     31.899      0.261    1423.60    1423.58  0.000e+00
       3012     32.000     2.2507     2.2486    -0.0021    0.73450    0.73380          1     8.7414     8.7588       9.31     0.0322  1.641e-13  1.000e-12  6.094e+02     7.3208     7.3138    -0.0070     5.8388     5.8331     31.707     32.405      0.232    1423.61    1423.59  0.000e+00
       3062     32.500     2.2506     2.2501    -0.0005    0.73449    0.73384          1     8.7489     8.7526       8.80     0.0315  1.645e-13  1.000e-12  6.079e+02     7.3206     7.3138    -0.0068     5.8386     5.8332     32.203     32.911      0.286    1423.62    1423.61  0.000e+00
       3100     33.000     2.2534     2.2524    -0.0010    0.73459    0.73392          1     8.7381     8.7452       8.27     0.0306  1.650e-13  1.000e-12  6.061e+02     7.3210     7.3141    -0.0069     5.8389     5.8334     32.698     33.418      0.291    1423.64    1423.63  0.000e+00
       3153     33.500     2.2537     2.2528    -0.0009    0.73460    0.73394          1     8.7388     8.7428       7.74     0.0312  1.655e-13  1.000e-12  6.041e+02     7.3210     7.3141    -0.0068     5.8389     5.8334     33.193     33.924      0.220    1423.65    1423.64  0.000e+00
       3198     34.000     2.2547     2.2539    -0.0008    0.73463    0.73398          1     8.7368     8.7549       7.23     0.0306  1.658e-13  1.000e-12  6.030e+02     7.3210     7.3142    -0.0067     5.8389     5.8335     33.689     34.430      0.329    1423.66    1423.65  0.000e+00
       3236     34.500     2.2543     2.2534    -0.0009    0.73462    0.73398          1     8.7410     8.7551       6.69     0.0302  1.664e-13  1.000e-12  6.010e+02     7.3209     7.3143    -0.0066     5.8388     5.8336     34.184     34.937      0.251    1423.67    1423.65  0.000e+00
       3299     35.000     2.2539     2.2535    -0.0004    0.73460    0.73398          1     8.7422     8.7366       6.17     0.0303  1.665e-13  1.000e-12  6.007e+02     7.3207     7.3141    -0.0066     5.8387     5.8335     34.679     35.443      0.262    1423.67    1423.66  0.000e+00
       3335     35.500     2.2539     2.2533    -0.0007    0.73460    0.73398          1     8.7297     8.7385       5.65     0.0304  1.669e-13  1.000e-12  5.990e+02     7.3207     7.3141    -0.0066     5.8387     5.8334     35.175     35.949      0.328    1423.68    1423.67  0.000e+00
       3383     36.000     2.2537     2.2530    -0.0007    0.73461    0.73397          1     8.7276     8.7568       5.11     0.0306  1.675e-13  1.000e-12  5.971e+02     7.3207     7.3141    -0.0066     5.8387     5.8334     35.670     36.455      0.217    1423.69    1423.68  0.000e+00
       3432     36.500     2.2534     2.2531    -0.0003    0.73459    0.73398          1     8.7271     8.7527       4.60     0.0300  1.681e-13  1.000e-12  5.951e+02     7.3206     7.3141    -0.0065     5.8386     5.8334     36.166     36.962      0.320    1423.69    1423.68  0.000e+00
       3469     37.000     2.2530     2.2525    -0.0005    0.73459    0.73398          1     8.7309     8.7479       4.07     0.0316  1.681e-13  1.000e-12  5.950e+02     7.3205     7.3141    -0.0064     5.8385     5.8334     36.661     37.468      0.284    1423.70    1423.69  0.000e+00
       3520     37.500     2.2535     2.2528    -0.0007    0.73461    0.73399          1     8.7412     8.7441       3.55     0.0297  1.684e-13  1.000e-12  5.937e+02     7.3206     7.3141    -0.0065     5.8386     5.8334     37.156     37.974      0.238    1423.71    1423.70  0.000e+00
       3563     38.000     2.2534     2.2526    -0.0008    0.73462    0.73399          1     8.7435     8.7412       3.04     0.0314  1.686e-13  1.000e-12  5.930e+02     7.3206     7.3141    -0.0065     5.8386     5.8334     37.652     38.481      0.278    1423.72    1423.71  0.000e+00
       3612     38.500     2.2543     2.2529    -0.0013    0.73466    0.73401          1     8.7343     8.7444       2.52     0.0313  1.686e-13  1.000e-12  5.930e+02     7.3208     7.3141    -0.0067     5.8388     5.8334     38.147     38.987      0.239    1423.73    1423.71  0.000e+00
       3656     39.000     2.2548     2.2538    -0.0010    0.73468    0.73405          1     8.7401     8.7555       2.00     0.0311  1.689e-13  1.000e-12  5.919e+02     7.3208     7.3143    -0.0065     5.8388     5.8336     38.643     39.493      0.287    1423.74    1423.73  0.000e+00
       3703     39.500     2.2547     2.2539    -0.0008    0.73469    0.73406          1     8.7430     8.7560       1.48     0.0303  1.692e-13  1.000e-12  5.910e+02     7.3208     7.3143    -0.0065     5.8388     5.8336     39.138     40.000      0.233    1423.75    1423.74  0.000e+00
       3891     40.000     2.2553     2.2546    -0.0007    0.73472    0.73409          1     8.7392     8.7393       1.71     0.0311  1.692e-13  1.000e-12  5.910e+02     7.3209     7.3144    -0.0065     5.8389     5.8336     39.633     40.506     -0.067    1423.76    1423.75  0.000e+00
