ctdpy/exports/archive_20191120_135557/received_data/SBE09_1044_20181205_2001_34_01_0155.cnv
* Sea-Bird SBE 9 Data File:
* FileName = C:\ctd\temp\ar18d155.hex
* Software Version Seasave V 7.26.7.107
* Temperature SN = 5351
* Conductivity SN = 3941
* Number of Bytes Per Scan = 41
* Number of Voltage Words = 4
* Number of Scans Averaged by the Deck Unit = 1
* NMEA Latitude = 56 38.03 N
* NMEA Longitude = 019 35.11 E
* NMEA UTC (Time) = Dec 05 2018  20:01:55
* NMEA baud rate = 4800
** Station:  BY10
** Operator:  JKro
** Ship: ARANDA
** Average sound velocity: 1445.98 m/s
** True-depth calculation Sun, 09 Dec 2018 14:42:07 +0000
** CTD Python Module SMHI /ver 3-12/ feb 2012 
** LIMS Job: 20183401-0155
** Cruise: SMHI-7-2018
** Latitude [GG MM.mm N]:
** Longitude [GG MM.mm E]
# nquan = 26
# nvalues = 272                         
# units = specified
# name 0 = scan: Scan Count
# name 1 = prDM: Pressure, Digiquartz [db]
# name 2 = t090C: Temperature [ITS-90, deg C]
# name 3 = t190C: Temperature, 2 [ITS-90, deg C]
# name 4 = T2-T190C: Temperature Difference, 2 - 1 [ITS-90, deg C]
# name 5 = c0S/m: Conductivity [S/m]
# name 6 = c1S/m: Conductivity, 2 [S/m]
# name 7 = pumps: Pump Status
# name 8 = sbeox0ML/L: Oxygen, SBE 43 [ml/l]
# name 9 = sbeox1ML/L: Oxygen, SBE 43, 2 [ml/l]
# name 10 = altM: Altimeter [m]
# name 11 = flECO-AFL: Chl-a Fluorescence, WET Labs ECO-AFL/FL [mg/m^3]
# name 12 = flECO-AFL1: Phycocyanin Fluorescence, WET Labs ECO-AFL/FL, 2 [mg/m^3]
# name 13 = par: PAR/Irradiance, Biospherical/Lico [µE/(cm^2*s)]
# name 14 = turbWETntu0: Turbidity, WET Labs ECO [NTU]
# name 15 = sal00: Salinity, Practical [PSU]
# name 16 = sal11: Salinity, Practical, 2 [PSU]
# name 17 = secS-priS: Salinity, Practical, Difference, 2 - 1 [PSU]
# name 18 = sigma-t00: Density [sigma-t, Kg/m^3 ]
# name 19 = sigma-t11: Density, 2 [sigma-t, Kg/m^3 ]
# name 20 = depSM: Depth [salt water, m], lat = 56.6338
# name 21 = depFM: Depth [true depth, m], lat = 56.6338
# name 22 = dz/dtM: Descent Rate [m/s], WS = 2
# name 23 = svCM: Sound Velocity [Chen-Millero, m/s]
# name 24 = svCM1: Sound Velocity, 2 [Chen-Millero, m/s]
# name 25 = flag: flag
# span 0 =      31993,      39575       
# span 1 =      1.500,    137.000       
# span 2 =     4.4255,     8.5033       
# span 3 =     4.4262,     8.5053       
# span 4 =    -0.0462,     0.1897       
# span 5 =   0.820676,   1.532410       
# span 6 =   0.820971,   1.532354       
# span 7 =          1,          1       
# span 8 =    0.03343,    7.92596       
# span 9 =    1.74643,    5.97167       
# span 10 =       1.66,     103.04      
# span 11 =     0.2592,     0.9050      
# span 12 =     0.1635,     0.3589      
# span 13 = -2.159e-04, 3.8873e-01      
# span 14 =     0.1349,     3.0724      
# span 15 =     7.2796,    13.4079      
# span 16 =     7.2793,    13.4066      
# span 17 =    -0.0735,     0.0612      
# span 18 =     5.6522,    10.3172      
# span 19 =     5.6516,    10.3160      
# span 20 =      1.486,    135.701      
# span 21 =      1.519,    138.540      
# span 22 =     -0.274,      1.245      
# span 23 =    1434.81,    1460.05      
# span 24 =    1434.82,    1460.06      
# span 25 = 0.0000e+00, 0.0000e+00      
# interval = decibars: 0.5              
# start_time = Dec 05 2018 20:01:55 [NMEA time, first data scan]
# bad_flag = -9.990e-29
*END*
[from data line 112]
      34923     57.500     6.9145     6.9144    -0.0001    0.83398    0.83392          1     7.8036     5.6916      90.89     0.8090     0.2926  1.000e-12  0.1799000     7.2828     7.2822    -0.0005     5.6569     5.6564     56.966     58.237      0.588    1444.69    1444.69  0.000e+00
      34938     58.000     6.9173     6.9159    -0.0013    0.83409    0.83399          1     7.8037     5.6938      97.52     0.7973     0.3206  1.000e-12  0.1800000     7.2831     7.2825    -0.0006     5.6570     5.6566     57.461     58.743      0.809    1444.71    1444.70  0.000e+00
      34951     58.500     6.9199     6.9187    -0.0011    0.83418    0.83410          1     7.8056     5.6938      97.41     0.7774     0.3184  1.000e-12  0.1928000     7.2833     7.2828    -0.0005     5.6570     5.6566     57.956     59.249      0.891    1444.73    1444.72  0.000e+00
      34964     59.000     6.9220     6.9208    -0.0012    0.83428    0.83418          1     7.8019     5.6973      97.22     0.7491     0.3213  1.000e-12  0.2050000     7.2838     7.2830    -0.0008     5.6572     5.6567     58.452     59.756      0.872    1444.74    1444.74  0.000e+00
      34979     59.500     6.9326     6.9311    -0.0016    0.83471    0.83459          1     7.7997     5.6973      87.06     0.7296     0.3225  1.000e-12  0.1973000     7.2855     7.2847    -0.0007     5.6578     5.6573     58.947     60.262      0.739    1444.80    1444.79  0.000e+00
      35000     60.000     6.9360     6.9365     0.0006    0.83486    0.83484          1     7.7935     5.6977      96.88     0.7292     0.3210  1.000e-12  0.1978000     7.2861     7.2858    -0.0003     5.6581     5.6578     59.442     60.769      0.421    1444.82    1444.82  0.000e+00
      35064     60.500     6.9299     6.9272    -0.0026    0.83463    0.83449          1     7.8018     5.6895      97.40     0.8060     0.3226  1.000e-12  0.1693000     7.2852     7.2844    -0.0008     5.6578     5.6573     59.937     61.275      0.343    1444.80    1444.79  0.000e+00
      35091     61.000     6.9386     6.9397     0.0012    0.83500    0.83500          1     7.7965     5.6965      84.37     0.8226     0.3190  1.000e-12  0.1818000     7.2868     7.2865    -0.0002     5.6584     5.6582     60.433     61.781      0.658    1444.85    1444.85  0.000e+00
      35106     61.500     6.9386     6.9393     0.0007    0.83501    0.83498          1     7.7877     5.6975      95.38     0.7754     0.3224  1.000e-12  0.1953000     7.2868     7.2864    -0.0004     5.6584     5.6581     60.928     62.288      0.814    1444.86    1444.86  0.000e+00
      35120     62.000     6.9336     6.9401     0.0065    0.83517    0.83507          1     7.7828     5.7043      97.36     0.7383     0.3242  1.000e-12  0.2038000     7.2893     7.2870    -0.0023     5.6608     5.6585     61.423     62.794      0.862    1444.85    1444.87  0.000e+00
      35133     62.500     6.9296     6.9353     0.0057    0.83527    0.83520          1     7.7793     5.7014      97.41     0.7538     0.3108  1.000e-12  0.1985000     7.2910     7.2892    -0.0019     5.6624     5.6605     61.919     63.301      0.809    1444.84    1444.86  0.000e+00
      35150     63.000     6.9287     6.9316     0.0028    0.83531    0.83530          1     7.7775     5.7011      80.35     0.7582     0.3052  1.000e-12  0.1990000     7.2915     7.2909    -0.0006     5.6628     5.6621     62.414     63.807      0.631    1444.84    1444.86  0.000e+00
      35182     63.500     6.9300     6.9322     0.0021    0.83529    0.83526          1     7.8085     5.7337      83.95     0.7584     0.3031  1.000e-12  0.1975000     7.2910     7.2903    -0.0007     5.6623     5.6616     62.909     64.313      0.299    1444.86    1444.87  0.000e+00
      35233     64.000     6.9254     6.9277     0.0023    0.83537    0.83536          1     7.9260     5.9027      97.59     0.7980     0.3027  1.000e-12  0.1894000     7.2927     7.2921    -0.0006     5.6640     5.6633     63.404     64.820      0.415    1444.85    1444.86  0.000e+00
      35253     64.500     6.8309     6.8430     0.0121    0.83528    0.83529          1     7.6584     5.9379      91.24     0.7271     0.2934  1.000e-12  0.1915000     7.3119     7.3094    -0.0025     5.6852     5.6825     63.900     65.326      0.629    1444.48    1444.53  0.000e+00
      35271     65.000     6.6387     6.6411     0.0025    0.83454    0.83456          1     7.3028     5.9424      81.54     0.6545     0.3085  1.000e-12  0.2041000     7.3459     7.3455    -0.0004     5.7242     5.7237     64.395     65.833      0.691    1443.72    1443.73  0.000e+00
      35288     65.500     5.9776     6.0103     0.0327    0.82851    0.82881          1     6.9724     5.9573      97.29     0.5640     0.2609  1.000e-12  0.1910000     7.4315     7.4272    -0.0043     5.8298     5.8247     64.890     66.339      0.670    1441.02    1441.15  0.000e+00
      35307     66.000     5.2825     5.3241     0.0414    0.82203    0.82203          1     6.6471     5.9022      94.79     0.4853     0.2242  1.000e-12  0.1842000     7.5228     7.5134    -0.0094     5.9356     5.9264     65.385     66.845      0.592    1438.13    1438.30  0.000e+00
      35330     66.500     4.8839     4.8971     0.0135    0.82099    0.82097          1     6.3760     5.9717      84.47     0.3804     0.2378  1.000e-12  0.1770000     7.6027     7.5994    -0.0033     6.0156     6.0125     65.881     67.351      0.432    1436.50    1436.55  0.000e+00
      35377     67.000     4.6885     4.8811     0.1897    0.82068    0.82200          1     6.0926     5.8875      97.63     0.4064     0.2510  1.000e-12  0.1699000     7.6443     7.6135    -0.0307     6.0558     6.0238     66.376     67.858      0.290    1435.70    1436.50  0.000e+00
      35413     67.500     4.5048     4.5071     0.0030    0.82239    0.82191          1     5.9144     5.8132      94.24     0.4145     0.2415  1.000e-12  0.1734000     7.7040     7.6986    -0.0054     6.1095     6.1052     66.871     68.364      0.695    1434.96    1434.97  0.000e+00
      35426     68.000     4.4826     4.4855     0.0028    0.82605    0.82587          1     5.7761     5.7776       1.66     0.3307     0.1913  1.000e-12  0.1737000     7.7460     7.7435    -0.0025     6.1435     6.1414     67.366     68.870      0.947    1434.93    1434.94  0.000e+00
      35437     68.500     4.4414     4.4449     0.0035    0.82980    0.82951          1     5.6573     5.7292      56.57     0.2954     0.1926  1.000e-12  0.1830000     7.7934     7.7897    -0.0037     6.1825     6.1794     67.862     69.376      1.030    1434.81    1434.82  0.000e+00
      35448     69.000     4.4365     4.4380     0.0015    0.83371    0.83347          1     5.5044     5.6942      96.46     0.2631     0.2258  1.000e-12  0.1910000     7.8340     7.8312    -0.0028     6.2148     6.2126     68.357     69.882      0.962    1434.85    1434.86  0.000e+00
      35462     69.500     4.4520     4.4529     0.0010    0.84010    0.83984          1     5.3688     5.6877      95.34     0.2685     0.2301  1.000e-12  0.1831000     7.8949     7.8920    -0.0029     6.2626     6.2603     68.852     70.388      0.692    1435.01    1435.01  0.000e+00
      35523     70.000     4.5650     4.6890     0.1238    0.83942    0.83630          1     5.3421     5.5833      91.97     0.2977     0.2153  1.000e-12  0.1547000     7.8610     7.8005    -0.0605     6.2319     6.1795     69.348     70.894      0.391    1435.47    1435.94  0.000e+00
      35553     70.500     4.4383     4.4809     0.0425    0.85291    0.84948          1     5.0625     5.5296      97.55     0.3265     0.2101  1.000e-12  0.1485000     8.0276     7.9827    -0.0448     6.3683     6.3313     69.843     71.401      0.788    1435.13    1435.26  0.000e+00
      35566     71.000     4.4622     4.4568    -0.0054    0.86453    0.86353          1     4.7235     5.5053      97.40     0.2889     0.2071  1.000e-12  0.1698000     8.1392     8.1305    -0.0087     6.4560     6.4492     70.338     71.907      0.887    1435.39    1435.35  0.000e+00
      35579     71.500     4.4728     4.4750     0.0022    0.87362    0.87327          1     4.4142     5.4798      97.40     0.2685     0.2667  1.000e-12  0.1784000     8.2286     8.2246    -0.0041     6.5265     6.5232     70.833     72.413      0.834    1435.56    1435.56  0.000e+00
      35595     72.000     4.4403     4.4427     0.0024    0.87716    0.87696          1     4.1385     5.4533      97.41     0.2766     0.2607  1.000e-12  0.1802000     8.2726     8.2700    -0.0026     6.5625     6.5603     71.329     72.919      0.634    1435.48    1435.48  0.000e+00
      35624     72.500     4.4263     4.4284     0.0021    0.87888    0.87866          1     3.9279     5.3973      97.40     0.2739     0.1965  1.000e-12  0.1716000     8.2935     8.2907    -0.0028     6.5795     6.5772     71.824     73.424      0.347    1435.45    1435.46  0.000e+00
      35663     73.000     4.4255     4.4262     0.0007    0.88020    0.87986          1     3.8545     5.2994      83.81     0.2721     0.2100  1.000e-12  0.1700000     8.3071     8.3034    -0.0037     6.5903     6.5874     72.319     73.930      0.359    1435.47    1435.47  0.000e+00
      35692     73.500     4.4352     4.4355     0.0004    0.88675    0.88624          1     3.7335     5.2176      97.68     0.2605     0.2342  1.000e-12  0.1698000     8.3711     8.3658    -0.0053     6.6407     6.6365     72.814     74.436      0.447    1435.61    1435.60  0.000e+00
      35717     74.000     4.4571     4.4582     0.0011    0.89844    0.89805          1     3.5043     5.1482      73.39     0.2592     0.1792  1.000e-12  0.1692000     8.4841     8.4799    -0.0043     6.7296     6.7262     73.310     74.942      0.525    1435.85    1435.85  0.000e+00
      35738     74.500     4.4727     4.4732     0.0005    0.90735    0.90695          1     3.2473     5.0868      80.03     0.2703     0.1775  1.000e-12  0.1743000     8.5706     8.5663    -0.0043     6.7976     6.7942     73.805     75.448      0.634    1436.04    1436.04  0.000e+00
      35755     75.000     4.5142     4.5126    -0.0016    0.92265    0.92191          1     2.9836     5.0414      97.50     0.2603     0.1833  1.000e-12  0.1793000     8.7152     8.7081    -0.0071     6.9107     6.9051     74.300     75.954      0.724    1436.42    1436.40  0.000e+00
      35771     75.500     4.5495     4.5497     0.0001    0.93253    0.93232          1     2.7443     5.0246      73.56     0.2771     0.1924  1.000e-12  0.1673000     8.8063     8.8041    -0.0022     6.9816     6.9799     74.795     76.460      0.754    1436.70    1436.70  0.000e+00
      35787     76.000     4.5737     4.5723    -0.0014    0.93763    0.93708          1     2.5391     4.9820      66.57     0.2853     0.2297  1.000e-12  0.1623000     8.8516     8.8464    -0.0053     7.0166     7.0125     75.290     76.965      0.693    1436.87    1436.86  0.000e+00
      35807     76.500     4.5995     4.5989    -0.0006    0.94246    0.94204          1     2.3427     4.9192      94.13     0.2856     0.2229  1.000e-12  0.1673000     8.8937     8.8895    -0.0042     7.0490     7.0457     75.786     77.471      0.471    1437.05    1437.04  0.000e+00
      35878     77.000     4.5824     4.5976     0.0153    0.93213    0.93855          1     2.4897     4.6743      74.66     0.2950     0.2103  1.000e-12  0.1584000     8.7931     8.8543     0.0612     6.9699     7.0178     76.281     77.977      0.355    1436.85    1437.00  0.000e+00
      35907     77.500     4.7048     4.6975    -0.0073    0.96030    0.95898          1     2.1255     4.5804      64.58     0.3094     0.1912  1.000e-12  0.1386000     9.0461     9.0348    -0.0113     7.1656     7.1569     76.776     78.482      0.793    1437.73    1437.68  0.000e+00
      35919     78.000     4.7695     4.7689    -0.0007    0.97175    0.97143          1     1.7651     4.5666      64.67     0.2990     0.2256  1.000e-12  0.1474000     9.1445     9.1413    -0.0031     7.2408     7.2384     77.271     78.988      1.017    1438.14    1438.13  0.000e+00
      35930     78.500     4.8010     4.8020     0.0010    0.97658    0.97645          1     1.4836     4.5493      64.21     0.2844     0.2356  1.000e-12  0.1669000     9.1846     9.1831    -0.0015     7.2713     7.2700     77.767     79.494      1.128    1438.34    1438.34  0.000e+00
      35940     79.000     4.8315     4.8322     0.0007    0.98111    0.98097          1     1.2407     4.5252      64.11     0.2822     0.2300  1.000e-12  0.1677000     9.2220     9.2204    -0.0017     7.2996     7.2982     78.262     79.999      1.136    1438.53    1438.53  0.000e+00
      35950     79.500     4.8798     4.8789    -0.0009    0.98884    0.98849          1     1.0107     4.4903      95.24     0.2937     0.2299  1.000e-12  0.1520000     9.2867     9.2834    -0.0033     7.3487     7.3461     78.757     80.505      1.031    1438.83    1438.83  0.000e+00
      35963     80.000     4.9395     4.9384    -0.0010    0.99798    0.99767          1     0.7956     4.4559      95.66     0.2961     0.2232  1.000e-12  0.1500000     9.3624     9.3596    -0.0028     7.4059     7.4038     79.252     81.010      0.746    1439.20    1439.19  0.000e+00
      36027     80.500     4.9447     4.9404    -0.0044    0.99792    0.99647          1     0.7756     4.2178      39.50     0.3102     0.2207  1.000e-12  0.1517000     9.3602     9.3468    -0.0134     7.4040     7.3935     79.748     81.516      0.526    1439.23    1439.19  0.000e+00
      36071     81.000     4.9791     4.9330    -0.0462    1.00469    0.99614          1     0.7798     4.0627      67.58     0.3063     0.2232  1.000e-12  0.1570000     9.4188     9.3453    -0.0735     7.4488     7.3927     80.243     82.021      0.927    1439.46    1439.16  0.000e+00
      36083     81.500     5.0529     5.0487    -0.0042    1.01710    1.01617          1     0.7050     4.0308      89.84     0.2971     0.1932  1.000e-12  0.1786000     9.5232     9.5150    -0.0082     7.5279     7.5216     80.738     82.527      1.004    1439.92    1439.90  0.000e+00
      36094     82.000     5.1213     5.1185    -0.0028    1.02841    1.02780          1     0.6473     3.9919      60.87     0.2999     0.1949  1.000e-12  0.1790000     9.6176     9.6122    -0.0053     7.5993     7.5952     81.233     83.032      0.958    1440.35    1440.33  0.000e+00
      36108     82.500     5.1816     5.1802    -0.0014    1.03738    1.03702          1     0.5934     3.9476      88.25     0.2978     0.2067  1.000e-12  0.1630000     9.6905     9.6873    -0.0032     7.6540     7.6516     81.729     83.538      0.784    1440.71    1440.70  0.000e+00
      36129     83.000     5.2136     5.2123    -0.0013    1.04219    1.04174          1     0.5548     3.8773      94.80     0.2894     0.2241  1.000e-12  0.1500000     9.7296     9.7254    -0.0042     7.6834     7.6801     82.224     84.043      0.442    1440.91    1440.90  0.000e+00
      36177     83.500     5.2367     5.2293    -0.0074    1.04668    1.04428          1     0.6116     3.7184      80.05     0.3174     0.2077  1.000e-12  0.1455000     9.7679     9.7460    -0.0220     7.7125     7.6955     82.719     84.549      0.238    1441.07    1441.01  0.000e+00
      36212     84.000     5.2967     5.2948    -0.0019    1.05671    1.05593          1     0.6343     3.6172      80.61     0.2912     0.2192  1.000e-12  0.1481000     9.8511     9.8439    -0.0072     7.7752     7.7696     83.214     85.054      0.491    1441.44    1441.42  0.000e+00
      36233     84.500     5.3529     5.3536     0.0007    1.06475    1.06462          1     0.5635     3.5612      76.73     0.2982     0.1802  1.000e-12  0.1349000     9.9153     9.9139    -0.0014     7.8230     7.8218     83.709     85.559      0.615    1441.77    1441.77  0.000e+00
