ctdpy/exports/archive_20191120_135557/received_data/SBE09_1044_20180320_0344_34_02_0076.cnv
* Sea-Bird SBE 9 Data File:
* FileName = C:\ctd\temp\2018\ME18D076.hex
* Software Version Seasave V 7.26.6.26
* Temperature SN = 5351
* Conductivity SN = 3941
* Number of Bytes Per Scan = 41
* Number of Voltage Words = 4
* Number of Scans Averaged by the Deck Unit = 1
* NMEA Latitude = 58 17.05 N
* NMEA Longitude = 010 30.25 E
* NMEA UTC (Time) = Mar 20 2018  03:44:58
* NMEA baud rate = 4800
** Station:  Å17
** Operator:  MHan
** Ship: MERI
** Average sound velocity: 1480.35 m/s
** True-depth calculation Tue, 20 Mar 2018 04:54:03 +0000
** CTD Python Module SMHI /ver 3-12/ feb 2012 
** LIMS Job: 20183402-0076
** Cruise: SMHI-02-2018
** Latitude [GG MM.mm N] :
** Longitude [GG MM.mm E]:
# nquan = 26
# nvalues = 707                         
# units = specified
# name 0 = scan: Scan Count
# name 1 = prDM: Pressure, Digiquartz [db]
# name 2 = t090C: Temperature [ITS-90, deg C]
# name 3 = t190C: Temperature, 2 [ITS-90, deg C]
# name 4 = T2-T190C: Temperature Difference, 2 - 1 [ITS-90, deg C]
# name 5 = c0S/m: Conductivity [S/m]
# name 6 = c1S/m: Conductivity, 2 [S/m]
# name 7 = pumps: Pump Status
# name 8 = sbeox0ML/L: Oxygen, SBE 43 [ml/l]
# name 9 = sbeox1ML/L: Oxygen, SBE 43, 2 [ml/l]
# name 10 = altM: Altimeter [m]
# name 11 = flECO-AFL: Chl-a Fluorescence, WET Labs ECO-AFL/FL [mg/m^3]
# name 12 = flECO-AFL1: Phycocyanin Fluorescence, WET Labs ECO-AFL/FL, 2 [mg/m^3]
# name 13 = par: PAR/Irradiance, Biospherical/Lico [µE/(cm^2*s)]
# name 14 = turbWETntu0: Turbidity, WET Labs ECO [NTU]
# name 15 = sal00: Salinity, Practical [PSU]
# name 16 = sal11: Salinity, Practical, 2 [PSU]
# name 17 = secS-priS: Salinity, Practical, Difference, 2 - 1 [PSU]
# name 18 = sigma-t00: Density [sigma-t, Kg/m^3 ]
# name 19 = sigma-t11: Density, 2 [sigma-t, Kg/m^3 ]
# name 20 = depSM: Depth [salt water, m], lat = 58.2842
# name 21 = depFM: Depth [true depth, m], lat = 58.2842
# name 22 = dz/dtM: Descent Rate [m/s], WS = 2
# name 23 = svCM: Sound Velocity [Chen-Millero, m/s]
# name 24 = svCM1: Sound Velocity, 2 [Chen-Millero, m/s]
# name 25 = flag: flag
# span 0 =      11740,      25956       
# span 1 =      0.500,    353.500       
# span 2 =     0.1024,     8.0467       
# span 3 =     0.1030,     8.0469       
# span 4 =    -0.0391,     0.0570       
# span 5 =   2.175388,   3.636799       
# span 6 =   2.174496,   3.636841       
# span 7 =          1,          1       
# span 8 =    5.48004,    9.04617       
# span 9 =    5.48342,    9.05992       
# span 10 =       1.57,      98.77      
# span 11 =    -0.0081,    10.0821      
# span 12 =     0.1285,     1.7596      
# span 13 = -2.729e-07, 3.4097e-01      
# span 14 =     0.1425,     2.9453      
# span 15 =    25.4009,    35.0992      
# span 16 =    25.3869,    35.0992      
# span 17 =    -0.0406,     0.0826      
# span 18 =    20.3617,    27.4867      
# span 19 =    20.3505,    27.4866      
# span 20 =      0.495,    349.916      
# span 21 =      0.499,    350.615      
# span 22 =     -0.400,      1.147      
# span 23 =    1436.83,    1485.14      
# span 24 =    1436.83,    1485.14      
# span 25 = 0.0000e+00, 0.0000e+00      
# interval = decibars: 0.5              
# start_time = Mar 20 2018 03:44:58 [NMEA time, first data scan]
# bad_flag = -9.990e-29
*END*
[from data line 391]
      19755    196.000     7.4910     7.4912     0.0003    3.58891    3.58895          1     5.6578     5.6680      98.71     0.0151     0.2218  1.000e-12  0.2583000    35.0665    35.0667     0.0003    27.4013    27.4015    194.087    194.479      0.719    1483.85    1483.85  0.000e+00
      19772    196.500     7.4906     7.4910     0.0004    3.58887    3.58893          1     5.6624     5.6686      98.71     0.0249     0.2211  1.000e-12  0.2525000    35.0662    35.0664     0.0002    27.4012    27.4013    194.582    194.975      0.643    1483.85    1483.85  0.000e+00
      19794    197.000     7.4895     7.4903     0.0008    3.58874    3.58884          1     5.6669     5.6707      98.71     0.0332     0.2377  1.000e-12  0.2528000    35.0657    35.0659     0.0002    27.4009    27.4010    195.077    195.471      0.434    1483.86    1483.86  0.000e+00
      19833    197.500     7.4896     7.4896     0.0001    3.58877    3.58877          1     5.6696     5.6807      98.71     0.0246     0.2265  1.000e-12  0.2573000    35.0657    35.0656    -0.0000    27.4009    27.4009    195.572    195.966      0.305    1483.86    1483.87  0.000e+00
      19864    198.000     7.4908     7.4911     0.0003    3.58894    3.58901          1     5.6667     5.6677      98.71     0.0272     0.2331  1.000e-12  0.2555000    35.0661    35.0665     0.0004    27.4011    27.4014    196.067    196.462      0.568    1483.88    1483.88  0.000e+00
      19882    198.500     7.4902     7.4913     0.0011    3.58889    3.58903          1     5.6607     5.6598      98.71     0.0038     0.2016  1.000e-12  0.2658000    35.0659    35.0662     0.0004    27.4010    27.4011    196.561    196.958      0.757    1483.88    1483.89  0.000e+00
      19896    199.000     7.4910     7.4910     0.0000    3.58902    3.58902          1     5.6570     5.6612      98.71     0.0142     0.1930  1.000e-12  0.2716000    35.0662    35.0662     0.0000    27.4011    27.4011    197.056    197.453      0.841    1483.90    1483.89  0.000e+00
      19910    199.500     7.4914     7.4917     0.0003    3.58909    3.58912          1     5.6554     5.6647      98.71     0.0161     0.2206  1.000e-12  0.2705000    35.0663    35.0664     0.0001    27.4011    27.4012    197.551    197.949      0.823    1483.91    1483.91  0.000e+00
      19925    200.000     7.4897     7.4908     0.0011    3.58888    3.58902          1     5.6590     5.6686      98.71     0.0161     0.2170  1.000e-12  0.2616000    35.0655    35.0659     0.0005    27.4007    27.4009    198.046    198.445      0.686    1483.91    1483.91  0.000e+00
      19948    200.500     7.4904     7.4904     0.0000    3.58901    3.58900          1     5.6621     5.6718      98.71     0.0242     0.2078  1.000e-12  0.2601000    35.0660    35.0658    -0.0002    27.4011    27.4009    198.541    198.940      0.420    1483.92    1483.92  0.000e+00
      19991    201.000     7.4908     7.4917     0.0009    3.58909    3.58918          1     5.6631     5.6709      98.71     0.0277     0.2022  1.000e-12  0.2625000    35.0662    35.0663     0.0001    27.4012    27.4011    199.036    199.436      0.264    1483.93    1483.93  0.000e+00
      20027    201.500     7.4910     7.4917     0.0007    3.58911    3.58920          1     5.6668     5.6645      98.71     0.0402     0.1660  1.000e-12  0.2595000    35.0660    35.0663     0.0003    27.4010    27.4011    199.531    199.932      0.506    1483.94    1483.94  0.000e+00
      20046    202.000     7.4917     7.4919     0.0002    3.58921    3.58925          1     5.6651     5.6655      98.71     0.0383     0.2085  1.000e-12  0.2582000    35.0661    35.0663     0.0002    27.4010    27.4011    200.026    200.428      0.709    1483.95    1483.95  0.000e+00
      20061    202.500     7.4919     7.4923     0.0003    3.58927    3.58931          1     5.6560     5.6644      98.71     0.0281     0.2071  1.000e-12  0.2607000    35.0663    35.0663     0.0000    27.4010    27.4010    200.520    200.923      0.813    1483.96    1483.96  0.000e+00
      20075    203.000     7.4924     7.4926     0.0003    3.58936    3.58939          1     5.6522     5.6587      98.71     0.0178     0.2071  1.000e-12  0.2581000    35.0666    35.0666     0.0000    27.4012    27.4012    201.015    201.419      0.817    1483.97    1483.97  0.000e+00
      20090    203.500     7.4928     7.4925    -0.0003    3.58944    3.58941          1     5.6585     5.6563      98.71     0.0162     0.2071  1.000e-12  0.2606000    35.0667    35.0667    -0.0000    27.4013    27.4013    201.510    201.915      0.712    1483.98    1483.98  0.000e+00
      20111    204.000     7.4910     7.4913     0.0003    3.58928    3.58933          1     5.6655     5.6639      98.71     0.0161     0.2227  1.000e-12  0.2652000    35.0665    35.0668     0.0003    27.4014    27.4016    202.005    202.410      0.470    1483.98    1483.98  0.000e+00
      20150    204.500     7.4910     7.4914     0.0004    3.58929    3.58933          1     5.6648     5.6700      98.71     0.0161     0.2180  1.000e-12  0.2521000    35.0664    35.0665     0.0000    27.4013    27.4013    202.500    202.906      0.288    1483.99    1483.99  0.000e+00
      20183    205.000     7.4913     7.4913     0.0000    3.58938    3.58943          1     5.6564     5.6656      98.71     0.0435     0.2666  1.000e-12  0.2531000    35.0669    35.0674     0.0006    27.4016    27.4021    202.995    203.402      0.503    1484.00    1484.00  0.000e+00
      20203    205.500     7.4911     7.4914     0.0003    3.58943    3.58947          1     5.6557     5.6715      98.71     0.0303     0.2211  1.000e-12  0.2737000    35.0674    35.0676     0.0002    27.4020    27.4021    203.490    203.897      0.665    1484.00    1484.01  0.000e+00
      20220    206.000     7.4925     7.4931     0.0005    3.58961    3.58969          1     5.6537     5.6707      98.71     0.0283     0.2022  1.000e-12  0.2733000    35.0676    35.0679     0.0003    27.4020    27.4022    203.984    204.393      0.741    1484.02    1484.02  0.000e+00
      20235    206.500     7.4936     7.4943     0.0007    3.58975    3.58981          1     5.6499     5.6648      98.70     0.0374     0.1941  1.000e-12  0.2650000    35.0678    35.0678     0.0000    27.4020    27.4019    204.479    204.889      0.727    1484.03    1484.03  0.000e+00
      20253    207.000     7.4936     7.4938     0.0001    3.58973    3.58977          1     5.6481     5.6653      98.70     0.0213     0.2296  1.000e-12  0.2563000    35.0673    35.0677     0.0003    27.4016    27.4019    204.974    205.384      0.628    1484.04    1484.04  0.000e+00
      20275    207.500     7.4834     7.4847     0.0013    3.58886    3.58898          1     5.6539     5.6736      98.70     0.0205     0.2323  1.000e-12  0.2567000    35.0680    35.0679    -0.0000    27.4036    27.4034    205.469    205.880      0.496    1484.01    1484.01  0.000e+00
      20302    208.000     7.4798     7.4816     0.0018    3.58862    3.58880          1     5.6610     5.6770      98.70     0.0317     0.2029  1.000e-12  0.2767000    35.0687    35.0689     0.0001    27.4047    27.4046    205.964    206.376      0.438    1484.00    1484.01  0.000e+00
      20328    208.500     7.4790     7.4796     0.0005    3.58855    3.58862          1     5.6634     5.6709      98.70     0.0373     0.2545  1.000e-12  0.2806000    35.0685    35.0687     0.0002    27.4047    27.4047    206.459    206.871      0.549    1484.01    1484.01  0.000e+00
      20347    209.000     7.4687     7.4740     0.0053    3.58763    3.58827          1     5.6691     5.6739      98.70     0.0338     0.2510  1.000e-12  0.2752000    35.0687    35.0702     0.0016    27.4063    27.4068    206.954    207.367      0.667    1483.98    1484.00  0.000e+00
      20364    209.500     7.4644     7.4728     0.0085    3.58730    3.58827          1     5.6694     5.6726      98.70     0.0274     0.2278  1.000e-12  0.2857000    35.0692    35.0713     0.0022    27.4073    27.4078    207.448    207.863      0.741    1483.97    1484.01  0.000e+00
      20380    210.000     7.4695     7.4718     0.0023    3.58796    3.58818          1     5.6629     5.6668      98.70     0.0198     0.1828  1.000e-12  0.2839000    35.0709    35.0710     0.0002    27.4079    27.4077    207.943    208.359      0.784    1484.00    1484.01  0.000e+00
      20395    210.500     7.4878     7.4896     0.0020    3.58988    3.59015          1     5.6594     5.6583      98.70     0.0161     0.1846  1.000e-12  0.2846000    35.0731    35.0742     0.0011    27.4070    27.4076    208.438    208.854      0.793    1484.08    1484.09  0.000e+00
      20410    211.000     7.4665     7.4865     0.0198    3.58760    3.58985          1     5.6605     5.6524      98.71     0.0161     0.2450  1.000e-12  0.2953000    35.0696    35.0739     0.0043    27.4074    27.4078    208.933    209.350      0.749    1484.00    1484.09  0.000e+00
      20427    211.500     7.4835     7.4849     0.0015    3.58950    3.58973          1     5.6584     5.6523      98.70     0.0219     0.2682  1.000e-12  0.2923000    35.0729    35.0739     0.0011    27.4075    27.4081    209.428    209.846      0.653    1484.08    1484.09  0.000e+00
      20447    212.000     7.4836     7.4833    -0.0003    3.58959    3.58955          1     5.6549     5.6557      98.70     0.0315     0.2738  1.000e-12  0.2859000    35.0735    35.0734    -0.0001    27.4079    27.4079    209.923    210.341      0.559    1484.09    1484.09  0.000e+00
      20470    212.500     7.4852     7.4853     0.0001    3.58980    3.58980          1     5.6505     5.6594      98.71     0.0430     0.2334  1.000e-12  0.2894000    35.0739    35.0738    -0.0000    27.4080    27.4080    210.418    210.837      0.550    1484.11    1484.11  0.000e+00
      20491    213.000     7.4850     7.4849    -0.0002    3.58979    3.58976          1     5.6466     5.6524      98.71     0.0152     0.2643  1.000e-12  0.2954000    35.0737    35.0736    -0.0001    27.4079    27.4078    210.912    211.333      0.633    1484.11    1484.11  0.000e+00
      20508    213.500     7.4809     7.4828     0.0019    3.58939    3.58960          1     5.6508     5.6459      98.70     0.0335     0.2135  1.000e-12  0.2967000    35.0734    35.0736     0.0003    27.4082    27.4082    211.407    211.828      0.715    1484.10    1484.11  0.000e+00
      20524    214.000     7.4766     7.4763    -0.0003    3.58899    3.58896          1     5.6572     5.6535      98.70     0.0344     0.1967  1.000e-12  0.2970000    35.0730    35.0731     0.0001    27.4086    27.4087    211.902    212.324      0.742    1484.10    1484.09  0.000e+00
      20540    214.500     7.4779     7.4775    -0.0004    3.58918    3.58913          1     5.6594     5.6607      98.70     0.0271     0.2304  1.000e-12  0.3008000    35.0736    35.0734    -0.0002    27.4088    27.4087    212.397    212.820      0.700    1484.11    1484.11  0.000e+00
      20559    215.000     7.4811     7.4821     0.0010    3.58960    3.58971          1     5.6539     5.6590      98.71     0.0093     0.2153  1.000e-12  0.3114000    35.0746    35.0748     0.0002    27.4092    27.4092    212.892    213.315      0.632    1484.13    1484.14  0.000e+00
      20579    215.500     7.4831     7.4830    -0.0001    3.58985    3.58987          1     5.6428     5.6518      98.71     0.0143     0.2027  1.000e-12  0.3155000    35.0751    35.0754     0.0003    27.4093    27.4095    213.387    213.811      0.624    1484.15    1484.15  0.000e+00
      20597    216.000     7.4817     7.4824     0.0007    3.58974    3.58981          1     5.6434     5.6488      98.69     0.0270     0.1924  1.000e-12  0.3135000    35.0750    35.0750     0.0001    27.4094    27.4093    213.881    214.307      0.673    1484.15    1484.15  0.000e+00
      20614    216.500     7.4835     7.4833    -0.0001    3.59000    3.58997          1     5.6463     5.6448      98.70     0.0160     0.2476  1.000e-12  0.3036000    35.0759    35.0757    -0.0001    27.4098    27.4097    214.376    214.802      0.715    1484.17    1484.17  0.000e+00
      20631    217.000     7.4914     7.4915     0.0001    3.59098    3.59099          1     5.6421     5.6424      98.71     0.0107     0.2559  1.000e-12  0.3117000    35.0782    35.0782     0.0001    27.4105    27.4105    214.871    215.298      0.718    1484.21    1484.21  0.000e+00
      20648    217.500     7.4945     7.4947     0.0001    3.59137    3.59140          1     5.6432     5.6434      98.70     0.0038     0.2213  1.000e-12  0.3205000    35.0791    35.0792     0.0002    27.4108    27.4109    215.366    215.794      0.677    1484.23    1484.23  0.000e+00
      20666    218.000     7.4968     7.4956    -0.0012    3.59168    3.59155          1     5.6440     5.6378      98.71     0.0257     0.2218  1.000e-12  0.3264000    35.0799    35.0797    -0.0002    27.4111    27.4111    215.861    216.289      0.605    1484.25    1484.24  0.000e+00
      20688    218.500     7.5055     7.5048    -0.0008    3.59274    3.59267          1     5.6360     5.6327      98.71     0.0336     0.2135  1.000e-12  0.3143000    35.0825    35.0824    -0.0001    27.4118    27.4119    216.356    216.785      0.521    1484.29    1484.29  0.000e+00
      20713    219.000     7.5101     7.5104     0.0003    3.59333    3.59337          1     5.6242     5.6331      98.70     0.0297     0.2139  1.000e-12  0.3229000    35.0840    35.0841     0.0001    27.4124    27.4124    216.850    217.281      0.475    1484.32    1484.32  0.000e+00
      20738    219.500     7.5100     7.5105     0.0004    3.59335    3.59340          1     5.6187     5.6370      98.70     0.0098     0.2264  1.000e-12  0.3299000    35.0841    35.0841     0.0000    27.4124    27.4124    217.345    217.776      0.550    1484.33    1484.33  0.000e+00
      20757    220.000     7.5098     7.5104     0.0007    3.59334    3.59342          1     5.6183     5.6332      98.70     0.0132     0.2311  1.000e-12  0.3301000    35.0839    35.0841     0.0002    27.4123    27.4124    217.840    218.272      0.698    1484.34    1484.34  0.000e+00
      20773    220.500     7.5087     7.5093     0.0006    3.59328    3.59334          1     5.6214     5.6347      98.71     0.0276     0.1936  1.000e-12  0.3275000    35.0841    35.0842     0.0001    27.4126    27.4126    218.335    218.768      0.816    1484.34    1484.34  0.000e+00
      20786    221.000     7.5049     7.5061     0.0012    3.59291    3.59302          1     5.6267     5.6374      98.71     0.0283     0.1972  1.000e-12  0.3461000    35.0837    35.0837     0.0000    27.4128    27.4127    218.830    219.264      0.881    1484.33    1484.34  0.000e+00
      20800    221.500     7.5002     7.5007     0.0004    3.59248    3.59253          1     5.6261     5.6428      98.70     0.0265     0.2409  1.000e-12  0.3571000    35.0834    35.0836     0.0001    27.4134    27.4134    219.325    219.759      0.878    1484.32    1484.32  0.000e+00
      20813    222.000     7.5009     7.5011     0.0003    3.59262    3.59266          1     5.6269     5.6459      98.71     0.0180     0.2391  1.000e-12  0.3492000    35.0841    35.0842     0.0001    27.4138    27.4138    219.819    220.255      0.792    1484.33    1484.34  0.000e+00
      20831    222.500     7.5015     7.5019     0.0003    3.59279    3.59283          1     5.6286     5.6451      98.71     0.0220     0.2328  1.000e-12  0.3441000    35.0850    35.0851     0.0001    27.4144    27.4144    220.314    220.751      0.592    1484.35    1484.35  0.000e+00
