ctdpy/exports/archive_20191120_135557/received_data/SBE09_0827_20180121_0910_26_01_0143.cnv
* Sea-Bird SBE 9 Data File:
* FileName = D:\CTD_SBE911\DAT\26DA.2018.1.43.hex
* Software Version Seasave V 7.21d
* Temperature SN = 034757
* Conductivity SN = 041844
* Number of Bytes Per Scan = 48
* Number of Voltage Words = 5
* Number of Scans Averaged by the Deck Unit = 1
* NMEA Latitude = 58 03.12 N
* NMEA Longitude = 009 54.38 E
* NMEA UTC (Time) = Jan 21 2018  09:10:34
* NMEA baud rate = 4800
** Ship: DANA
** Average sound velocity: 1479.57 m/s
** True-depth calculation Thu, 28 Mar 2019 08:24:58 +0000
** CTD Python Module SMHI /ver 3-12/ feb 2012 
** LIMS Job: 20182601-0143
** Operator:
** Cruise: 01/2018
# nquan = 26
# nvalues = 316                         
# units = specified
# name 0 = scan: Scan Count
# name 1 = prDM: Pressure, Digiquartz [db]
# name 2 = t090C: Temperature [ITS-90, deg C]
# name 3 = t190C: Temperature, 2 [ITS-90, deg C]
# name 4 = T2-T190C: Temperature Difference, 2 - 1 [ITS-90, deg C]
# name 5 = c0S/m: Conductivity [S/m]
# name 6 = c1S/m: Conductivity, 2 [S/m]
# name 7 = pumps: Pump Status
# name 8 = sbeox1ML/L: Oxygen, SBE 43, 2 [ml/l]
# name 9 = sbeox0ML/L: Oxygen, SBE 43 [ml/l]
# name 10 = altM: Altimeter [m]
# name 11 = chloroflTC0: Chlorophyll, Turner Cyclops [ug/l]
# name 12 = cpar: CPAR/Corrected Irradiance [%]
# name 13 = par: PAR/Irradiance, Biospherical/Lico [µE/(cm^2*s)]
# name 14 = spar: SPAR, Biospherical/Licor
# name 15 = sal00: Salinity, Practical [PSU]
# name 16 = sal11: Salinity, Practical, 2 [PSU]
# name 17 = secS-priS: Salinity, Practical, Difference, 2 - 1 [PSU]
# name 18 = sigma-t00: Density [sigma-t, kg/m^3 ]
# name 19 = sigma-t11: Density, 2 [sigma-t, kg/m^3 ]
# name 20 = depSM: Depth [salt water, m], lat = 58.052
# name 21 = depFM: Depth [true depth, m], lat = 58.052
# name 22 = dz/dtM: Descent Rate [m/s], WS = 2
# name 23 = svCM: Sound Velocity [Chen-Millero, m/s]
# name 24 = svCM1: Sound Velocity, 2 [Chen-Millero, m/s]
# name 25 = flag: flag
# span 0 =         97,      15523       
# span 1 =      2.000,    159.500       
# span 2 =     6.2650,     7.3731       
# span 3 =     6.2652,     7.3630       
# span 4 =    -0.1908,     0.0277       
# span 5 =   3.383041,   3.539005       
# span 6 =   3.383265,   3.538119       
# span 7 =          1,          1       
# span 8 =     5.9891,     6.2072       
# span 9 =     6.0613,     6.3380       
# span 10 =      -0.38,       9.97      
# span 11 =     0.0167,     0.0721      
# span 12 = -1.583e-04, 6.8889e+00      
# span 13 = -2.057e-04, 8.5340e+00      
# span 14 = 1.2388e+02, 1.7468e+02      
# span 15 =    34.1226,    34.6786      
# span 16 =    34.1256,    34.6809      
# span 17 =    -0.1571,     0.0113      
# span 18 =    26.8244,    27.1206      
# span 19 =    26.8263,    27.1230      
# span 20 =      1.981,    157.960      
# span 21 =      1.984,    158.176      
# span 22 =     -0.238,      0.518      
# span 23 =    1474.74,    1481.96      
# span 24 =    1474.74,    1481.96      
# span 25 = 0.0000e+00, 0.0000e+00      
# interval = decibars: 0.5              
# start_time = Jan 21 2018 09:10:34 [NMEA time, first data scan]
# bad_flag = -9.990e-29
*END*
[from data line 112]
       6050     58.000     6.9762     6.9976     0.0214    3.49041    3.49314          1     6.1671     6.2444       9.95     0.0337  6.839e-13  1.000e-12  1.462e+02    34.5756    34.5842     0.0085    27.0878    27.0915     57.454     57.523      0.293    1478.99    1479.08  0.000e+00
       6105     58.500     6.9680     6.9890     0.0210    3.48957    3.49228          1     6.1765     6.2440       9.95     0.0341  6.839e-13  1.000e-12  1.462e+02    34.5744    34.5831     0.0086    27.0880    27.0918     57.949     58.019      0.183    1478.96    1479.05  0.000e+00
       6165     59.000     6.9559     6.9760     0.0201    3.48836    3.49103          1     6.1607     6.2495       9.95     0.0339  6.839e-13  1.000e-12  1.462e+02    34.5729    34.5821     0.0092    27.0884    27.0929     58.445     58.514      0.311    1478.92    1479.01  0.000e+00
       6199     59.500     6.9560     6.9700     0.0140    3.48845    3.49038          1     6.1771     6.2591       9.95     0.0336  6.781e-13  1.000e-12  1.475e+02    34.5736    34.5808     0.0073    27.0889    27.0927     58.940     59.010      0.317    1478.93    1478.99  0.000e+00
       6248     60.000     6.9620     6.9639     0.0018    3.48915    3.48972          1     6.1868     6.2385       9.95     0.0342  6.747e-13  1.000e-12  1.482e+02    34.5749    34.5794     0.0045    27.0892    27.0925     59.435     59.506      0.216    1478.96    1478.97  0.000e+00
       6299     60.500     6.9668     6.9609    -0.0059    3.48969    3.48941          1     6.1935     6.2373       9.95     0.0342  6.745e-13  1.000e-12  1.482e+02    34.5758    34.5787     0.0029    27.0892    27.0923     59.930     60.002      0.252    1478.99    1478.97  0.000e+00
       6348     61.000     6.9750     6.9614    -0.0136    3.49066    3.48946          1     6.1806     6.2449       9.95     0.0346  6.745e-13  1.000e-12  1.482e+02    34.5780    34.5786     0.0005    27.0898    27.0921     60.426     60.498      0.248    1479.03    1478.98  0.000e+00
       6392     61.500     6.9963     6.9636    -0.0326    3.49297    3.48969          1     6.1825     6.2510       9.95     0.0345  6.745e-13  1.000e-12  1.482e+02    34.5819    34.5785    -0.0033    27.0899    27.0918     60.921     60.994      0.305    1479.13    1479.00  0.000e+00
       6431     62.000     6.9906     6.9681    -0.0225    3.49240    3.49012          1     6.1775     6.2302       9.95     0.0345  6.745e-13  1.000e-12  1.482e+02    34.5811    34.5786    -0.0025    27.0901    27.0912     61.416     61.490      0.258    1479.11    1479.02  0.000e+00
       6498     62.500     6.9811     6.9784    -0.0027    3.49162    3.49142          1     6.1735     6.2408       9.95     0.0342  6.724e-13  1.000e-12  1.487e+02    34.5817    34.5822     0.0005    27.0919    27.0927     61.911     61.985      0.240    1479.09    1479.08  0.000e+00
       6540     63.000     7.0028     6.9822    -0.0206    3.49413    3.49180          1     6.1767     6.2290       9.95     0.0342  6.655e-13  1.000e-12  1.503e+02    34.5873    34.5824    -0.0049    27.0933    27.0923     62.406     62.481      0.371    1479.19    1479.10  0.000e+00
       6574     63.500     7.0120     6.9863    -0.0257    3.49525    3.49234          1     6.1857     6.2319       9.95     0.0342  6.684e-13  1.000e-12  1.496e+02    34.5901    34.5840    -0.0061    27.0942    27.0929     62.902     62.977      0.261    1479.23    1479.13  0.000e+00
       6642     64.000     7.0230     7.0095    -0.0135    3.49645    3.49490          1     6.1585     6.2324       9.95     0.0350  6.655e-13  1.000e-12  1.503e+02    34.5919    34.5885    -0.0035    27.0941    27.0933     63.397     63.473      0.246    1479.29    1479.23  0.000e+00
       6681     64.500     7.0260     7.0134    -0.0126    3.49680    3.49554          1     6.1595     6.2307       9.95     0.0354  6.654e-13  1.000e-12  1.503e+02    34.5926    34.5914    -0.0012    27.0942    27.0951     63.892     63.969      0.338    1479.31    1479.26  0.000e+00
       6720     65.000     7.0262     7.0141    -0.0121    3.49681    3.49569          1     6.1527     6.2290       9.95     0.0355  6.654e-13  1.000e-12  1.503e+02    34.5923    34.5921    -0.0002    27.0940    27.0955     64.387     64.465      0.256    1479.31    1479.27  0.000e+00
       6774     65.500     7.0287     7.0206    -0.0082    3.49712    3.49640          1     6.1488     6.2162       9.95     0.0358  6.654e-13  1.000e-12  1.503e+02    34.5929    34.5931     0.0002    27.0941    27.0954     64.882     64.960      0.235    1479.33    1479.30  0.000e+00
       6824     66.000     7.0413     7.0234    -0.0179    3.49850    3.49679          1     6.1630     6.2173       9.95     0.0355  6.654e-13  1.000e-12  1.503e+02    34.5952    34.5944    -0.0008    27.0942    27.0960     65.378     65.456      0.216    1479.39    1479.32  0.000e+00
       6881     66.500     7.0556     7.0293    -0.0264    3.50013    3.49736          1     6.1295     6.2007       9.95     0.0354  6.565e-13  1.000e-12  1.523e+02    34.5984    34.5945    -0.0039    27.0947    27.0953     65.873     65.952      0.263    1479.46    1479.35  0.000e+00
       6920     67.000     7.0781     7.0344    -0.0437    3.50262    3.49799          1     6.1282     6.1989       9.95     0.0349  6.590e-13  1.000e-12  1.518e+02    34.6030    34.5960    -0.0070    27.0952    27.0958     66.368     66.448      0.296    1479.56    1479.38  0.000e+00
       6969     67.500     7.1067     7.0465    -0.0602    3.50579    3.49913          1     6.1291     6.1862       9.95     0.0352  6.564e-13  1.000e-12  1.523e+02    34.6088    34.5962    -0.0126    27.0958    27.0943     66.863     66.944      0.228    1479.69    1479.44  0.000e+00
       7012     68.000     7.1326     7.0818    -0.0508    3.50881    3.50251          1     6.1080     6.1725       9.95     0.0345  6.565e-13  1.000e-12  1.523e+02    34.6157    34.5976    -0.0182    27.0976    27.0904     67.358     67.440      0.333    1479.80    1479.59  0.000e+00
       7052     68.500     7.1633     7.1055    -0.0577    3.51206    3.50564          1     6.1256     6.1655       9.95     0.0347  6.565e-13  1.000e-12  1.523e+02    34.6204    34.6078    -0.0125    27.0969    27.0952     67.854     67.935      0.241    1479.94    1479.70  0.000e+00
       7113     69.000     7.2004     7.1230    -0.0773    3.51620    3.50735          1     6.1201     6.1412       9.95     0.0346  6.565e-13  1.000e-12  1.523e+02    34.6282    34.6088    -0.0193    27.0979    27.0935     68.349     68.431      0.232    1480.10    1479.78  0.000e+00
       7162     69.500     7.2093     7.1622    -0.0471    3.51717    3.51174          1     6.1042     6.1481       9.95     0.0343  6.565e-13  1.000e-12  1.523e+02    34.6296    34.6174    -0.0122    27.0978    27.0948     68.844     68.927      0.223    1480.14    1479.95  0.000e+00
       7222     70.000     7.2272     7.1814    -0.0458    3.51918    3.51389          1     6.1019     6.1291       9.95     0.0340  6.526e-13  1.000e-12  1.532e+02    34.6334    34.6215    -0.0119    27.0982    27.0953     69.339     69.423      0.278    1480.22    1480.03  0.000e+00
       7255     70.500     7.2268     7.2088    -0.0180    3.51908    3.51659          1     6.0748     6.1377       9.95     0.0344  6.484e-13  1.000e-12  1.542e+02    34.6325    34.6233    -0.0092    27.0976    27.0929     69.834     69.919      0.386    1480.23    1480.15  0.000e+00
       7289     71.000     7.2229     7.2095    -0.0134    3.51871    3.51745          1     6.0519     6.1454       9.95     0.0358  6.479e-13  1.000e-12  1.543e+02    34.6321    34.6318    -0.0003    27.0978    27.0995     70.330     70.415      0.262    1480.22    1480.17  0.000e+00
       7355     71.500     7.2255     7.2186    -0.0068    3.51901    3.51826          1     6.0674     6.1443       9.95     0.0353  6.479e-13  1.000e-12  1.543e+02    34.6326    34.6312    -0.0014    27.0978    27.0977     70.825     70.910      0.265    1480.24    1480.21  0.000e+00
       7394     72.000     7.2280     7.2234    -0.0045    3.51930    3.51884          1     6.0569     6.1438       9.95     0.0352  6.479e-13  1.000e-12  1.543e+02    34.6330    34.6325    -0.0005    27.0978    27.0980     71.320     71.406      0.273    1480.26    1480.24  0.000e+00
       7461     72.500     7.2379     7.2269    -0.0110    3.52043    3.51927          1     6.0740     6.1328       9.95     0.0352  6.479e-13  1.000e-12  1.543e+02    34.6351    34.6335    -0.0017    27.0981    27.0983     71.815     71.902      0.233    1480.31    1480.26  0.000e+00
       7505     73.000     7.2513     7.2361    -0.0153    3.52201    3.52014          1     6.0751     6.1209       9.95     0.0353  6.479e-13  1.000e-12  1.543e+02    34.6388    34.6336    -0.0052    27.0990    27.0971     72.310     72.398      0.347    1480.37    1480.31  0.000e+00
       7543     73.500     7.2554     7.2416    -0.0139    3.52245    3.52111          1     6.0712     6.1285       9.95     0.0377  6.479e-13  1.000e-12  1.543e+02    34.6393    34.6384    -0.0008    27.0989    27.1001     72.806     72.894      0.272    1480.40    1480.34  0.000e+00
       7591     74.000     7.2549     7.2446    -0.0103    3.52241    3.52135          1     6.0586     6.1337       9.95     0.0362  6.479e-13  1.000e-12  1.543e+02    34.6390    34.6378    -0.0013    27.0988    27.0992     73.301     73.390      0.264    1480.40    1480.36  0.000e+00
       7636     74.500     7.2502     7.2480    -0.0023    3.52193    3.52188          1     6.0538     6.1379       9.95     0.0356  6.479e-13  1.000e-12  1.543e+02    34.6382    34.6399     0.0017    27.0988    27.1004     73.796     73.885      0.230    1480.39    1480.39  0.000e+00
       7698     75.000     7.2455     7.2487     0.0033    3.52144    3.52199          1     6.0483     6.1483       9.95     0.0363  6.402e-13  1.000e-12  1.562e+02    34.6374    34.6401     0.0028    27.0988    27.1005     74.291     74.381      0.259    1480.38    1480.40  0.000e+00
       7735     75.500     7.2385     7.2440     0.0055    3.52071    3.52161          1     6.0647     6.1472       9.95     0.0355  6.395e-13  1.000e-12  1.564e+02    34.6361    34.6405     0.0044    27.0988    27.1014     74.786     74.877      0.346    1480.36    1480.39  0.000e+00
       7785     76.000     7.2284     7.2407     0.0123    3.51971    3.52134          1     6.0758     6.1429       9.95     0.0359  6.395e-13  1.000e-12  1.564e+02    34.6350    34.6406     0.0056    27.0994    27.1020     75.282     75.373      0.220    1480.33    1480.38  0.000e+00
       7846     76.500     7.2086     7.2288     0.0202    3.51758    3.52031          1     6.0598     6.1353       9.95     0.0354  6.395e-13  1.000e-12  1.564e+02    34.6314    34.6410     0.0096    27.0992    27.1039     75.777     75.869      0.330    1480.26    1480.35  0.000e+00
       7881     77.000     7.1859     7.2089     0.0230    3.51526    3.51830          1     6.0789     6.1526       9.95     0.0351  6.395e-13  1.000e-12  1.564e+02    34.6285    34.6387     0.0102    27.1001    27.1049     76.272     76.364      0.295    1480.17    1480.27  0.000e+00
       7934     77.500     7.1783     7.2039     0.0256    3.51450    3.51759          1     6.0856     6.1504       9.95     0.0360  6.395e-13  1.000e-12  1.564e+02    34.6275    34.6356     0.0081    27.1004    27.1033     76.767     76.860      0.245    1480.15    1480.26  0.000e+00
       7973     78.000     7.1768     7.1909     0.0141    3.51437    3.51644          1     6.0796     6.1561       9.95     0.0363  6.395e-13  1.000e-12  1.564e+02    34.6273    34.6359     0.0086    27.1005    27.1053     77.262     77.356      0.335    1480.15    1480.22  0.000e+00
       8034     78.500     7.1756     7.1813     0.0057    3.51431    3.51534          1     6.0812     6.1633       9.95     0.0364  6.355e-13  1.000e-12  1.574e+02    34.6276    34.6332     0.0056    27.1009    27.1045     77.757     77.852      0.232    1480.16    1480.19  0.000e+00
       8089     79.000     7.1831     7.1783    -0.0048    3.51514    3.51496          1     6.0898     6.1557       9.95     0.0365  6.362e-13  1.000e-12  1.572e+02    34.6290    34.6318     0.0028    27.1009    27.1039     78.253     78.348      0.364    1480.20    1480.18  0.000e+00
       8121     79.500     7.1905     7.1808    -0.0096    3.51603    3.51523          1     6.0937     6.1485       9.95     0.0364  6.330e-13  1.000e-12  1.580e+02    34.6311    34.6319     0.0008    27.1016    27.1036     78.748     78.844      0.307    1480.24    1480.20  0.000e+00
       8173     80.000     7.1978     7.1842    -0.0135    3.51685    3.51558          1     6.0857     6.1517       9.95     0.0368  6.313e-13  1.000e-12  1.584e+02    34.6325    34.6321    -0.0003    27.1016    27.1033     79.243     79.339      0.212    1480.27    1480.22  0.000e+00
       8224     80.500     7.2060     7.1875    -0.0185    3.51781    3.51599          1     6.0879     6.1557       9.95     0.0385  6.313e-13  1.000e-12  1.584e+02    34.6344    34.6331    -0.0014    27.1020    27.1035     79.738     79.835      0.266    1480.32    1480.24  0.000e+00
       8269     81.000     7.2124     7.1893    -0.0231    3.51856    3.51621          1     6.0953     6.1558       9.95     0.0374  6.313e-13  1.000e-12  1.584e+02    34.6360    34.6335    -0.0026    27.1024    27.1036     80.233     80.331      0.267    1480.35    1480.26  0.000e+00
       8313     81.500     7.2118     7.1967    -0.0151    3.51853    3.51698          1     6.0846     6.1466       9.95     0.0367  6.313e-13  1.000e-12  1.584e+02    34.6361    34.6343    -0.0019    27.1026    27.1032     80.728     80.827      0.267    1480.36    1480.30  0.000e+00
       8367     82.000     7.2054     7.2027    -0.0027    3.51787    3.51769          1     6.0765     6.1421       9.95     0.0372  6.295e-13  1.000e-12  1.589e+02    34.6350    34.6358     0.0007    27.1026    27.1035     81.224     81.323      0.199    1480.34    1480.33  0.000e+00
       8423     82.500     7.2022     7.2045     0.0023    3.51756    3.51806          1     6.0748     6.1461       9.95     0.0387  6.230e-13  1.000e-12  1.605e+02    34.6346    34.6378     0.0032    27.1027    27.1049     81.719     81.819      0.301    1480.33    1480.35  0.000e+00
       8458     83.000     7.1979     7.2025     0.0046    3.51714    3.51793          1     6.0699     6.1479       9.95     0.0366  6.233e-13  1.000e-12  1.604e+02    34.6340    34.6380     0.0040    27.1028    27.1054     82.214     82.314      0.321    1480.33    1480.35  0.000e+00
       8510     83.500     7.1887     7.2007     0.0119    3.51619    3.51778          1     6.0746     6.1465       9.95     0.0386  6.233e-13  1.000e-12  1.604e+02    34.6326    34.6381     0.0055    27.1030    27.1056     82.709     82.810      0.218    1480.30    1480.35  0.000e+00
       8559     84.000     7.1757     7.1942     0.0185    3.51475    3.51718          1     6.0743     6.1529       9.95     0.0385  6.233e-13  1.000e-12  1.604e+02    34.6296    34.6378     0.0081    27.1025    27.1063     83.204     83.306      0.296    1480.25    1480.33  0.000e+00
       8604     84.500     7.1582     7.1859     0.0277    3.51295    3.51640          1     6.0873     6.1599       9.95     0.0371  6.233e-13  1.000e-12  1.604e+02    34.6273    34.6373     0.0100    27.1031    27.1071     83.699     83.802      0.241    1480.19    1480.31  0.000e+00
       8652     85.000     7.1531     7.1730     0.0200    3.51246    3.51510          1     6.1016     6.1546       9.95     0.0380  6.233e-13  1.000e-12  1.604e+02    34.6268    34.6357     0.0089    27.1034    27.1076     84.195     84.298      0.295    1480.18    1480.26  0.000e+00
