ctdpy/exports/archive_20191120_135557/received_data/SBE09_1044_20181019_1556_34_01_0112.cnv
* Sea-Bird SBE 9 Data File:
* FileName = C:\ctd\temp\ar18d112.hex
* Software Version Seasave V 7.26.7.107
* Temperature SN = 5351
* Conductivity SN = 3941
* Number of Bytes Per Scan = 41
* Number of Voltage Words = 4
* Number of Scans Averaged by the Deck Unit = 1
* NMEA Latitude = 55 37.05 N
* NMEA Longitude = 014 52.04 E
* NMEA UTC (Time) = Oct 19 2018  13:56:22
* NMEA baud rate = 4800
** Station:  Hanobukten
** Operator:  Obac
** Ship: ARANDA
** Average sound velocity: 1464.08 m/s
** True-depth calculation Fri, 19 Oct 2018 15:21:34 +0000
** CTD Python Module SMHI /ver 3-12/ feb 2012 
** LIMS Job: 20183401-0112
** Cruise: SMHI-4-2018
** Latitude [GG MM.mm N]:
** Longitude [GG MM.mm E]
# nquan = 26
# nvalues = 145                         
# units = specified
# name 0 = scan: Scan Count
# name 1 = prDM: Pressure, Digiquartz [db]
# name 2 = t090C: Temperature [ITS-90, deg C]
# name 3 = t190C: Temperature, 2 [ITS-90, deg C]
# name 4 = T2-T190C: Temperature Difference, 2 - 1 [ITS-90, deg C]
# name 5 = c0S/m: Conductivity [S/m]
# name 6 = c1S/m: Conductivity, 2 [S/m]
# name 7 = pumps: Pump Status
# name 8 = sbeox0ML/L: Oxygen, SBE 43 [ml/l]
# name 9 = sbeox1ML/L: Oxygen, SBE 43, 2 [ml/l]
# name 10 = altM: Altimeter [m]
# name 11 = flECO-AFL: Chl-a Fluorescence, WET Labs ECO-AFL/FL [mg/m^3]
# name 12 = flECO-AFL1: Phycocyanin Fluorescence, WET Labs ECO-AFL/FL, 2 [mg/m^3]
# name 13 = par: PAR/Irradiance, Biospherical/Lico [µE/(cm^2*s)]
# name 14 = turbWETntu0: Turbidity, WET Labs ECO [NTU]
# name 15 = sal00: Salinity, Practical [PSU]
# name 16 = sal11: Salinity, Practical, 2 [PSU]
# name 17 = secS-priS: Salinity, Practical, Difference, 2 - 1 [PSU]
# name 18 = sigma-t00: Density [sigma-t, Kg/m^3 ]
# name 19 = sigma-t11: Density, 2 [sigma-t, Kg/m^3 ]
# name 20 = depSM: Depth [salt water, m], lat = 55.6175
# name 21 = depFM: Depth [true depth, m], lat = 55.6175
# name 22 = dz/dtM: Descent Rate [m/s], WS = 2
# name 23 = svCM: Sound Velocity [Chen-Millero, m/s]
# name 24 = svCM1: Sound Velocity, 2 [Chen-Millero, m/s]
# name 25 = flag: flag
# span 0 =      16823,      20253       
# span 1 =      1.500,     73.500       
# span 2 =     7.7635,    12.9865       
# span 3 =     7.7645,    13.0760       
# span 4 =    -0.0425,     0.0888       
# span 5 =   0.955133,   1.917419       
# span 6 =   0.955079,   1.917479       
# span 7 =          1,          1       
# span 8 =    0.06589,    7.35992       
# span 9 =    0.11941,    6.94513       
# span 10 =       3.35,      98.54      
# span 11 =     0.2357,     2.2204      
# span 12 =     0.1642,     0.5484      
# span 13 = 1.0000e-12, 6.0743e+02      
# span 14 =     0.1728,     2.9778      
# span 15 =     7.7494,    16.5633      
# span 16 =     7.7423,    16.5629      
# span 17 =    -0.0295,     0.0126      
# span 18 =     5.3734,    12.6375      
# span 19 =     5.3549,    12.6369      
# span 20 =      1.486,     72.821      
# span 21 =      1.520,     74.260      
# span 22 =     -0.007,      0.632      
# span 23 =    1448.93,    1475.57      
# span 24 =    1448.93,    1475.63      
# span 25 = 0.0000e+00, 0.0000e+00      
# interval = decibars: 0.5              
# start_time = Oct 19 2018 13:56:22 [NMEA time, first data scan]
# bad_flag = -9.990e-29
*END*
      16823      1.500    12.7556    12.7397    -0.0159    1.02827    1.02804          1     7.2795     6.8857      94.97     1.5436     0.4440  6.074e+02  0.3325000     7.7707     7.7721     0.0014     5.4229     5.4262      1.486      1.520      0.214    1467.22    1467.16  0.000e+00
      16858      2.000    12.7466    12.7192    -0.0274    1.02811    1.02769          1     7.2692     6.8815      40.56     1.5778     0.3705  5.274e+02  0.3157000     7.7712     7.7734     0.0022     5.4246     5.4301      1.982      2.026      0.346    1467.19    1467.09  0.000e+00
      16893      2.500    12.7561    12.7529    -0.0034    1.02832    1.02825          1     7.2634     6.8423      65.00     1.5303     0.4792  4.271e+02  0.3363000     7.7709     7.7709     0.0000     5.4230     5.4235      2.477      2.533      0.355    1467.23    1467.22  0.000e+00
      16924      3.000    12.7759    12.7655    -0.0102    1.02862    1.02843          1     7.3599     6.9451      77.26     1.6150     0.4425  3.319e+02  0.3372000     7.7692     7.7698     0.0006     5.4189     5.4208      2.973      3.039      0.436    1467.31    1467.27  0.000e+00
      16949      3.500    12.9834    12.9506    -0.0323    1.03183    1.03129          1     7.2985     6.9084      76.55     1.6565     0.4800  3.165e+02  0.3228000     7.7530     7.7552     0.0022     5.3766     5.3830      3.468      3.546      0.491    1468.05    1467.93  0.000e+00
      16973      4.000    12.9865    13.0760     0.0888    1.03147    1.03285          1     7.2573     6.8845      24.98     1.9143     0.4920  2.529e+02  0.3450000     7.7494     7.7423    -0.0070     5.3734     5.3549      3.964      4.052      0.499    1468.06    1468.38  0.000e+00
      16997      4.500    12.7000    12.7116     0.0117    1.02721    1.02737          1     7.2763     6.9041      50.78     2.0977     0.5144  2.000e+02  0.5489000     7.7732     7.7721    -0.0011     5.4326     5.4302      4.459      4.559      0.504    1467.06    1467.10  0.000e+00
      17020      5.000    12.5526    12.5567     0.0043    1.02522    1.02526          1     7.2780     6.9072      91.68     2.1190     0.4962  1.682e+02  0.4172000     7.7871     7.7865    -0.0005     5.4641     5.4631      4.955      5.065      0.523    1466.55    1466.57  0.000e+00
      17043      5.500    12.4607    12.4731     0.0124    1.02381    1.02405          1     7.2705     6.8956      98.54     2.1773     0.4983  1.429e+02  0.3547000     7.7943     7.7938    -0.0005     5.4825     5.4803      5.450      5.572      0.535    1466.23    1466.28  0.000e+00
      17065      6.000    12.3849    12.3909     0.0061    1.02193    1.02204          1     7.2632     6.8800      74.07     2.2204     0.5484  1.141e+02  0.3502000     7.7945     7.7942    -0.0003     5.4931     5.4920      5.946      6.078      0.537    1465.96    1465.99  0.000e+00
      17088      6.500    12.3463    12.3539     0.0076    1.02126    1.02140          1     7.2584     6.8738      73.53     2.1541     0.4915  9.638e+01  0.3458000     7.7969     7.7965    -0.0004     5.5002     5.4988      6.441      6.585      0.548    1465.83    1465.86  0.000e+00
      17109      7.000    12.3221    12.3243     0.0022    1.02088    1.02086          1     7.2679     6.8729      73.12     1.9880     0.4836  8.075e+01  0.3313000     7.7987     7.7981    -0.0007     5.5049     5.5041      6.936      7.091      0.563    1465.76    1465.76  0.000e+00
      17130      7.500    12.3227    12.3245     0.0017    1.02127    1.02126          1     7.2857     6.8660      72.58     1.8705     0.4755  6.687e+01  0.3417000     7.8017     7.8013    -0.0004     5.5072     5.5066      7.432      7.598      0.570    1465.77    1465.78  0.000e+00
      17151      8.000    12.3252    12.3266     0.0014    1.02161    1.02158          1     7.2846     6.8573      72.11     1.7599     0.4106  5.911e+01  0.3244000     7.8039     7.8035    -0.0005     5.5085     5.5080      7.927      8.104      0.564    1465.79    1465.79  0.000e+00
      17173      8.500    12.3263    12.3276     0.0014    1.02194    1.02190          1     7.2609     6.8572      71.55     1.7407     0.4256  4.903e+01  0.3220000     7.8064     7.8058    -0.0006     5.5103     5.5096      8.423      8.611      0.552    1465.80    1465.81  0.000e+00
      17195      9.000    12.3220    12.3242     0.0022    1.02199    1.02201          1     7.2542     6.8537      72.52     1.7377     0.4136  4.284e+01  0.3339000     7.8077     7.8073    -0.0004     5.5119     5.5113      8.918      9.117      0.559    1465.80    1465.80  0.000e+00
      17216      9.500    12.3190    12.3212     0.0022    1.02206    1.02205          1     7.2624     6.8528      80.66     1.7291     0.4026  3.833e+01  0.3361000     7.8088     7.8083    -0.0005     5.5131     5.5124      9.414      9.624      0.567    1465.80    1465.80  0.000e+00
      17237     10.000    12.3137    12.3158     0.0020    1.02212    1.02212          1     7.2501     6.8526      61.60     1.7045     0.4130  3.212e+01  0.3275000     7.8104     7.8099    -0.0005     5.5150     5.5144      9.909     10.130      0.565    1465.79    1465.79  0.000e+00
      17258     10.500    12.3088    12.3109     0.0021    1.02220    1.02218          1     7.2497     6.8594      39.80     1.6558     0.4419  2.805e+01  0.3166000     7.8119     7.8113    -0.0006     5.5169     5.5162     10.405     10.637      0.570    1465.78    1465.79  0.000e+00
      17279     11.000    12.2964    12.2998     0.0034    1.02212    1.02214          1     7.2466     6.8579      94.09     1.6750     0.4416  2.393e+01  0.3111000     7.8138     7.8133    -0.0005     5.5200     5.5192     10.900     11.143      0.568    1465.74    1465.76  0.000e+00
      17300     11.500    12.2783    12.2809     0.0026    1.02178    1.02179          1     7.1929     6.8203      91.70     1.6273     0.4549  2.098e+01  0.3243000     7.8147     7.8142    -0.0005     5.5232     5.5225     11.395     11.649      0.559    1465.69    1465.69  0.000e+00
      17322     12.000    12.2300    12.2380     0.0080    1.02059    1.02079          1     7.1605     6.8084      55.83     1.6348     0.3811  1.831e+01  0.3212000     7.8149     7.8148    -0.0001     5.5299     5.5288     11.891     12.156      0.554    1465.52    1465.55  0.000e+00
      17344     12.500    12.1048    12.1095     0.0047    1.01665    1.01674          1     7.1130     6.7829      12.31     1.6328     0.3465  1.600e+01  0.3141000     7.8082     7.8080    -0.0002     5.5417     5.5409     12.386     12.662      0.562    1465.06    1465.07  0.000e+00
      17365     13.000    12.0559    12.0586     0.0026    1.01504    1.01505          1     7.0105     6.6843      45.81     1.5788     0.3653  1.402e+01  0.3105000     7.8050     7.8045    -0.0005     5.5457     5.5450     12.882     13.169      0.569    1464.88    1464.89  0.000e+00
      17386     13.500    11.9443    11.9544     0.0101    1.01190    1.01219          1     6.9741     6.6313      74.19     1.5581     0.3870  1.216e+01  0.3086000     7.8020     7.8024     0.0003     5.5583     5.5572     13.377     13.675      0.575    1464.47    1464.51  0.000e+00
      17407     14.000    11.6910    11.6914     0.0006    1.00673    1.00629          1     6.9553     6.5977      49.67     1.5106     0.3039  1.066e+01  0.3041000     7.8117     7.8081    -0.0037     5.5989     5.5960     13.873     14.182      0.575    1463.55    1463.55  0.000e+00
      17428     14.500    11.8243    11.8164    -0.0082    1.01590    1.01531          1     6.9076     6.5357      58.97     1.4045     0.3011  9.307e+00  0.2864000     7.8604     7.8571    -0.0033     5.6192     5.6176     14.368     14.688      0.567    1464.11    1464.08  0.000e+00
      17449     15.000    11.9236    11.9224    -0.0011    1.02357    1.02307          1     6.8888     6.5124      61.95     1.4098     0.3492  8.210e+00  0.2828000     7.9033     7.8994    -0.0039     5.6393     5.6364     14.863     15.195      0.558    1464.54    1464.53  0.000e+00
      17471     15.500    11.8085    11.8134     0.0049    1.02174    1.02181          1     6.8802     6.5219      61.70     1.4365     0.3979  7.255e+00  0.2869000     7.9123     7.9118    -0.0005     5.6614     5.6604     15.359     15.701      0.554    1464.13    1464.15  0.000e+00
      17492     16.000    11.7580    11.7609     0.0029    1.02250    1.02237          1     6.8783     6.5405      63.63     1.4011     0.4095  6.421e+00  0.2904000     7.9293     7.9276    -0.0017     5.6812     5.6794     15.854     16.207      0.557    1463.97    1463.98  0.000e+00
      17514     16.500    11.7031    11.7102     0.0071    1.02299    1.02313          1     6.8803     6.5485      63.19     1.3833     0.4117  5.674e+00  0.2860000     7.9450     7.9446    -0.0004     5.7004     5.6992     16.350     16.714      0.566    1463.80    1463.82  0.000e+00
      17535     17.000    11.5488    11.5534     0.0047    1.01845    1.01859          1     6.8562     6.5301      62.74     1.3298     0.3488  5.009e+00  0.2784000     7.9397     7.9399     0.0003     5.7162     5.7157     16.845     17.220      0.576    1463.22    1463.24  0.000e+00
      17555     17.500    11.3647    11.3740     0.0093    1.01237    1.01276          1     6.8388     6.5220      62.24     1.2467     0.3626  4.422e+00  0.2747000     7.9277     7.9290     0.0013     5.7302     5.7300     17.341     17.727      0.577    1462.53    1462.56  0.000e+00
      17576     18.000    11.0604    11.0678     0.0074    1.00338    1.00365          1     6.8421     6.5285      61.76     1.1749     0.3728  3.909e+00  0.2606000     7.9166     7.9173     0.0007     5.7592     5.7589     17.836     18.233      0.564    1461.37    1461.40  0.000e+00
      17598     18.500    10.7869    10.7930     0.0061    0.99627    0.99642          1     6.7704     6.4762      61.20     1.1121     0.3452  3.490e+00  0.2426000     7.9147     7.9146    -0.0001     5.7906     5.7898     18.331     18.739      0.552    1460.34    1460.36  0.000e+00
      17620     19.000    10.5754    10.5812     0.0058    0.99098    0.99120          1     6.7303     6.4348      60.69     1.0622     0.2791  3.123e+00  0.2340000     7.9148     7.9154     0.0006     5.8154     5.8153     18.827     19.246      0.558    1459.54    1459.56  0.000e+00
      17641     19.500    10.2713    10.2769     0.0055    0.98276    0.98291          1     6.7727     6.4481      60.15     1.0255     0.3207  2.798e+00  0.2600000     7.9094     7.9095     0.0001     5.8460     5.8454     19.322     19.752      0.573    1458.37    1458.39  0.000e+00
      17662     20.000    10.2000    10.1959    -0.0040    0.98424    0.98369          1     6.6837     6.3427      59.65     0.9046     0.3435  2.508e+00  0.2200000     7.9378     7.9339    -0.0039     5.8760     5.8734     19.818     20.258      0.575    1458.14    1458.12  0.000e+00
      17683     20.500    10.3414    10.3286    -0.0127    0.99877    0.99798          1     6.6945     6.3152      59.18     0.8423     0.3176  2.247e+00  0.2169000     8.0328     8.0288    -0.0040     5.9339     5.9322     20.313     20.765      0.559    1458.81    1458.75  0.000e+00
      17705     21.000    10.2290    10.2303     0.0012    0.99810    0.99813          1     6.8689     6.4297      58.61     0.8156     0.2686  2.025e+00  0.2197000     8.0518     8.0518    -0.0000     5.9613     5.9611     20.809     21.271      0.548    1458.41    1458.41  0.000e+00
      17726     21.500    10.4963    10.4660    -0.0302    1.01550    1.01336          1     6.8639     6.4349      58.14     0.8019     0.2813  1.831e+00  0.2255000     8.1430     8.1311    -0.0118     6.0015     5.9958     21.304     21.777      0.568    1459.55    1459.42  0.000e+00
      17747     22.000    10.8818    10.8854     0.0034    1.03728    1.03732          1     6.7077     6.3374      57.65     0.7912     0.2669  1.653e+00  0.2325000     8.2446     8.2442    -0.0004     6.0352     6.0345     21.799     22.283      0.595    1461.16    1461.17  0.000e+00
      17767     22.500    10.7252    10.7446     0.0192    1.03064    1.03165          1     6.6492     6.2985      57.19     0.8349     0.3061  1.477e+00  0.2357000     8.2226     8.2269     0.0043     6.0366     6.0377     22.295     22.789      0.595    1460.54    1460.62  0.000e+00
      17787     23.000    10.2674    10.2715     0.0043    1.01534    1.01534          1     6.6714     6.2883      56.60     0.8447     0.3238  1.325e+00  0.2257000     8.1929     8.1920    -0.0009     6.0666     6.0654     22.790     23.296      0.566    1458.76    1458.77  0.000e+00
      17809     23.500    10.4621    10.4609    -0.0012    1.03026    1.02983          1     6.6653     6.2568      56.08     0.7826     0.3171  1.202e+00  0.2231000     8.2784     8.2750    -0.0034     6.1108     6.1083     23.286     23.802      0.547    1459.62    1459.61  0.000e+00
      17831     24.000    10.7512    10.7461    -0.0051    1.04974    1.04900          1     6.6645     6.2709      55.59     0.7254     0.3255  1.092e+00  0.2196000     8.3809     8.3756    -0.0052     6.1564     6.1529     23.781     24.308      0.555    1460.86    1460.83  0.000e+00
      17853     24.500    10.9217    10.9230     0.0013    1.06112    1.06102          1     6.8197     6.4334      58.53     0.7095     0.2692  9.937e-01  0.2188000     8.4397     8.4386    -0.0012     6.1816     6.1805     24.276     24.814      0.571    1461.58    1461.59  0.000e+00
      17873     25.000    10.9408    10.9422     0.0013    1.06336    1.06321          1     6.7672     6.4760      79.20     0.7254     0.2965  8.873e-01  0.2217000     8.4545     8.4530    -0.0015     6.1907     6.1894     24.772     25.320      0.582    1461.68    1461.68  0.000e+00
      17894     25.500    10.7627    10.7722     0.0096    1.05674    1.05730          1     6.3239     6.2100      53.47     0.7150     0.3079  7.994e-01  0.2284000     8.4384     8.4410     0.0026     6.1996     6.2005     25.267     25.826      0.590    1460.99    1461.03  0.000e+00
      17914     26.000    10.2418    10.2786     0.0368    1.03416    1.03655          1     6.2446     6.1945      53.02     0.7033     0.3215  7.175e-01  0.2187000     8.3614     8.3739     0.0126     6.1991     6.2049     25.763     26.333      0.590    1458.90    1459.06  0.000e+00
      17935     26.500     8.4189     8.4171    -0.0015    0.96636    0.96667          1     6.4141     6.2771      52.70     0.6680     0.3211  6.454e-01  0.2198000     8.1774     8.1806     0.0032     6.2402     6.2428     26.258     26.839      0.567    1451.49    1451.49  0.000e+00
      17956     27.000     8.1860     8.1888     0.0026    0.96118    0.96095          1     6.4942     6.2279      52.37     0.6267     0.2334  5.851e-01  0.2291000     8.1844     8.1816    -0.0028     6.2669     6.2645     26.753     27.345      0.536    1450.57    1450.58  0.000e+00
      17979     27.500     8.2057     8.2169     0.0116    0.96613    0.96643          1     6.3108     6.0042      51.29     0.5768     0.2564  5.268e-01  0.2351000     8.2252     8.2254     0.0001     6.2972     6.2963     27.249     27.851      0.535    1450.71    1450.76  0.000e+00
      18001     28.000     8.2448     8.2444    -0.0006    0.97013    0.97035          1     6.3092     5.9768      50.25     0.5146     0.2791  4.734e-01  0.2184000     8.2526     8.2547     0.0021     6.3150     6.3167     27.744     28.357      0.567    1450.91    1450.91  0.000e+00
      18022     28.500     7.7635     7.7645     0.0008    0.95513    0.95508          1     6.3425     5.9470      49.70     0.5045     0.2853  4.268e-01  0.2225000     8.2274     8.2266    -0.0007     6.3357     6.3351     28.240     28.863      0.601    1448.93    1448.93  0.000e+00
