ctdpy/exports/archive_20191120_135557/received_data/SBE09_1044_20180526_1650_34_07_0026.cnv
* Sea-Bird SBE 9 Data File:
* FileName = C:\ctd\temp\2018\AU18D026.hex
* Software Version Seasave V 7.26.6.26
* Temperature SN = 5351
* Conductivity SN = 3941
* Number of Bytes Per Scan = 41
* Number of Voltage Words = 4
* Number of Scans Averaged by the Deck Unit = 1
* NMEA Latitude = 57 52.01 N
* NMEA Longitude = 011 17.49 E
* NMEA UTC (Time) = May 26 2018  16:50:08
* NMEA baud rate = 4800
** Station:  P2
** Operator:  JKro
** Ship: AURA
** Average sound velocity: 1479.36 m/s
** True-depth calculation Sat, 26 May 2018 18:04:26 +0000
** CTD Python Module SMHI /ver 3-12/ feb 2012 
** LIMS Job: 20183407-0026
** Cruise: SMHI-02-2018
** Latitude [GG MM.mm N] :
** Longitude [GG MM.mm E]:
# nquan = 26
# nvalues = 179                         
# units = specified
# name 0 = scan: Scan Count
# name 1 = prDM: Pressure, Digiquartz [db]
# name 2 = t090C: Temperature [ITS-90, deg C]
# name 3 = t190C: Temperature, 2 [ITS-90, deg C]
# name 4 = T2-T190C: Temperature Difference, 2 - 1 [ITS-90, deg C]
# name 5 = c0S/m: Conductivity [S/m]
# name 6 = c1S/m: Conductivity, 2 [S/m]
# name 7 = pumps: Pump Status
# name 8 = sbeox0ML/L: Oxygen, SBE 43 [ml/l]
# name 9 = sbeox1ML/L: Oxygen, SBE 43, 2 [ml/l]
# name 10 = altM: Altimeter [m]
# name 11 = flECO-AFL: Chl-a Fluorescence, WET Labs ECO-AFL/FL [mg/m^3]
# name 12 = flECO-AFL1: Phycocyanin Fluorescence, WET Labs ECO-AFL/FL, 2 [mg/m^3]
# name 13 = par: PAR/Irradiance, Biospherical/Lico [µE/(cm^2*s)]
# name 14 = turbWETntu0: Turbidity, WET Labs ECO [NTU]
# name 15 = sal00: Salinity, Practical [PSU]
# name 16 = sal11: Salinity, Practical, 2 [PSU]
# name 17 = secS-priS: Salinity, Practical, Difference, 2 - 1 [PSU]
# name 18 = sigma-t00: Density [sigma-t, Kg/m^3 ]
# name 19 = sigma-t11: Density, 2 [sigma-t, Kg/m^3 ]
# name 20 = depSM: Depth [salt water, m], lat = 57.8668
# name 21 = depFM: Depth [true depth, m], lat = 57.8668
# name 22 = dz/dtM: Descent Rate [m/s], WS = 2
# name 23 = svCM: Sound Velocity [Chen-Millero, m/s]
# name 24 = svCM1: Sound Velocity, 2 [Chen-Millero, m/s]
# name 25 = flag: flag
# span 0 =       9718,      14643       
# span 1 =      1.000,     90.000       
# span 2 =     5.9852,    19.1449       
# span 3 =     5.9884,    19.1551       
# span 4 =    -0.3363,     0.3140       
# span 5 =   2.576279,   3.685760       
# span 6 =   2.578072,   3.685871       
# span 7 =          1,          1       
# span 8 =    5.39320,    7.14481       
# span 9 =    5.35147,    7.20475       
# span 10 =       3.96,     117.75      
# span 11 =     0.0934,     2.5723      
# span 12 =     0.1505,     0.4963      
# span 13 = 1.0000e-12, 2.9794e+03      
# span 14 =     0.2254,     1.8227      
# span 15 =    18.1631,    34.9064      
# span 16 =    18.1932,    34.9049      
# span 17 =    -0.7830,     0.1748      
# span 18 =    12.1731,    27.4323      
# span 19 =    12.2004,    27.4307      
# span 20 =      0.991,     89.148      
# span 21 =      1.006,     89.423      
# span 22 =     -0.161,      0.522      
# span 23 =    1474.91,    1500.26      
# span 24 =    1474.93,    1500.34      
# span 25 = 0.0000e+00, 0.0000e+00      
# interval = decibars: 0.5              
# start_time = May 26 2018 16:50:08 [NMEA time, first data scan]
# bad_flag = -9.990e-29
*END*
[from data line 168]
      14069     85.000     6.3387     6.3406     0.0018    3.46276    3.46281          1     5.4013     5.3637       9.33     0.1783     0.2011  1.000e-12  1.5894000    34.9020    34.9007    -0.0013    27.4313    27.4300     84.196     84.466      0.388    1477.35    1477.36  0.000e+00
      14100     85.500     6.3404     6.3426     0.0022    3.46296    3.46306          1     5.4066     5.3623       8.83     0.1830     0.2539  1.000e-12  1.5719000    34.9023    34.9012    -0.0011    27.4313    27.4301     84.691     84.962      0.396    1477.37    1477.37  0.000e+00
      14130     86.000     6.3413     6.3432     0.0019    3.46308    3.46314          1     5.4037     5.3515       8.33     0.1715     0.2604  1.000e-12  1.6186000    34.9025    34.9012    -0.0013    27.4313    27.4300     85.186     85.457      0.406    1477.38    1477.38  0.000e+00
      14160     86.500     6.3410     6.3437     0.0027    3.46306    3.46321          1     5.3979     5.3545       7.84     0.1673     0.2486  1.000e-12  1.6490000    34.9023    34.9012    -0.0011    27.4312    27.4300     85.681     85.953      0.378    1477.38    1477.40  0.000e+00
      14194     87.000     6.3423     6.3443     0.0019    3.46323    3.46330          1     5.3932     5.3632       7.31     0.1779     0.2713  1.000e-12  1.6579000    34.9026    34.9013    -0.0012    27.4313    27.4300     86.177     86.449      0.339    1477.40    1477.41  0.000e+00
      14230     87.500     6.3449     6.3467     0.0018    3.46354    3.46358          1     5.4010     5.3671       6.80     0.1646     0.2293  1.000e-12  1.7118000    34.9032    34.9018    -0.0014    27.4314    27.4301     86.672     86.944      0.338    1477.42    1477.42  0.000e+00
      14266     88.000     6.3446     6.3465     0.0019    3.46352    3.46359          1     5.4093     5.3656       6.29     0.1752     0.2159  1.000e-12  1.7389000    34.9030    34.9018    -0.0012    27.4313    27.4301     87.167     87.440      0.319    1477.43    1477.43  0.000e+00
      14306     88.500     6.3453     6.3473     0.0020    3.46362    3.46370          1     5.4023     5.3678       5.75     0.1815     0.2590  1.000e-12  1.7070000    34.9031    34.9020    -0.0011    27.4313    27.4301     87.662     87.936      0.274    1477.44    1477.44  0.000e+00
      14354     89.000     6.3470     6.3512     0.0042    3.46383    3.46416          1     5.4019     5.3746       5.22     0.1979     0.2268  1.000e-12  1.7289000    34.9036    34.9029    -0.0007    27.4314    27.4303     88.157     88.431      0.237    1477.45    1477.47  0.000e+00
      14408     89.500     6.3574     6.3604     0.0030    3.46506    3.46521          1     5.4171     5.3701       4.69     0.1939     0.2742  1.000e-12  1.8227000    34.9064    34.9049    -0.0014    27.4323    27.4307     88.652     88.927      0.206    1477.50    1477.51  0.000e+00
      14643     90.000     6.3504     6.3560     0.0055    3.46409    3.46465          1     5.4178     5.3809       3.96     0.1804     0.2703  1.000e-12  1.5983000    34.9023    34.9030     0.0007    27.4300    27.4298     89.148     89.423     -0.161    1477.48    1477.50  0.000e+00
