ctdpy/exports/archive_20191120_135557/received_data/SBE09_1044_20180129_0054_34_02_0028.cnv
* Sea-Bird SBE 9 Data File:
* FileName = C:\ctd\temp\2018\ME18D028.hex
* Software Version Seasave V 7.26.6.26
* Temperature SN = 5351
* Conductivity SN = 3941
* Number of Bytes Per Scan = 41
* Number of Voltage Words = 4
* Number of Scans Averaged by the Deck Unit = 1
* NMEA Latitude = 57 23.21 N
* NMEA Longitude = 019 26.04 E
* NMEA UTC (Time) = Jan 29 2018  00:55:21
* NMEA baud rate = 4800
** Station:  BY13
** Operator:  JKro
** Ship: MERI
** Average sound velocity: 1439.61 m/s
** True-depth calculation Mon, 29 Jan 2018 02:19:16 +0000
** CTD Python Module SMHI /ver 3-12/ feb 2012 
** LIMS Job: 20183402-0028
** Cruise: SMHI-01-2018
** Latitude [GG MM.mm N] :
** Longitude [GG MM.mm E]:
# nquan = 26
# nvalues = 226                         
# units = specified
# name 0 = scan: Scan Count
# name 1 = prDM: Pressure, Digiquartz [db]
# name 2 = t090C: Temperature [ITS-90, deg C]
# name 3 = t190C: Temperature, 2 [ITS-90, deg C]
# name 4 = T2-T190C: Temperature Difference, 2 - 1 [ITS-90, deg C]
# name 5 = c0S/m: Conductivity [S/m]
# name 6 = c1S/m: Conductivity, 2 [S/m]
# name 7 = pumps: Pump Status
# name 8 = sbeox0ML/L: Oxygen, SBE 43 [ml/l]
# name 9 = sbeox1ML/L: Oxygen, SBE 43, 2 [ml/l]
# name 10 = altM: Altimeter [m]
# name 11 = flECO-AFL: Chl-a Fluorescence, WET Labs ECO-AFL/FL [mg/m^3]
# name 12 = flECO-AFL1: Phycocyanin Fluorescence, WET Labs ECO-AFL/FL, 2 [mg/m^3]
# name 13 = par: PAR/Irradiance, Biospherical/Lico [µE/(cm^2*s)]
# name 14 = turbWETntu0: Turbidity, WET Labs ECO [NTU]
# name 15 = sal00: Salinity, Practical [PSU]
# name 16 = sal11: Salinity, Practical, 2 [PSU]
# name 17 = secS-priS: Salinity, Practical, Difference, 2 - 1 [PSU]
# name 18 = sigma-t00: Density [sigma-t, Kg/m^3 ]
# name 19 = sigma-t11: Density, 2 [sigma-t, Kg/m^3 ]
# name 20 = depSM: Depth [salt water, m], lat = 57.3868
# name 21 = depFM: Depth [true depth, m], lat = 57.3868
# name 22 = dz/dtM: Descent Rate [m/s], WS = 2
# name 23 = svCM: Sound Velocity [Chen-Millero, m/s]
# name 24 = svCM1: Sound Velocity, 2 [Chen-Millero, m/s]
# name 25 = flag: flag
# span 0 =      19074,      26828       
# span 1 =      1.500,    114.000       
# span 2 =     4.7115,     6.6018       
# span 3 =     4.7123,     6.6076       
# span 4 =    -0.0482,     0.0763       
# span 5 =   0.794249,   1.343948       
# span 6 =   0.794228,   1.345552       
# span 7 =          1,          1       
# span 8 =    0.14214,    8.05755       
# span 9 =    0.18158,    8.02158       
# span 10 =       6.29,      99.42      
# span 11 =     0.2479,     0.4342      
# span 12 =     0.2075,     0.3748      
# span 13 = 1.0000e-12, 9.9776e-02      
# span 14 =     0.0995,     0.3019      
# span 15 =     7.3829,    12.2864      
# span 16 =     7.3826,    12.3000      
# span 17 =    -0.1336,     0.1921      
# span 18 =     5.8474,     9.6102      
# span 19 =     5.8471,     9.6204      
# span 20 =      1.486,    112.918      
# span 21 =      1.519,    115.311      
# span 22 =      0.099,      1.253      
# span 23 =    1434.46,    1450.52      
# span 24 =    1434.46,    1450.57      
# span 25 = 0.0000e+00, 0.0000e+00      
# interval = decibars: 0.5              
# start_time = Jan 29 2018 00:55:22 [NMEA time, first data scan]
# bad_flag = -9.990e-29
*END*
      19074      1.500     4.7309     4.7185    -0.0124    0.79468    0.79433          1     8.0434     8.0109      98.68     0.4082     0.2960  9.978e-02  0.1133000     7.3835     7.3828    -0.0007     5.8477     5.8476      1.486      1.519      0.287    1434.51    1434.46  0.000e+00
      19093      2.000     4.7183     4.7181    -0.0003    0.79436    0.79431          1     8.0462     8.0102      98.69     0.3801     0.3156  7.219e-02  0.1441000     7.3831     7.3826    -0.0005     5.8478     5.8474      1.982      2.025      0.579    1434.47    1434.46  0.000e+00
      19116      2.500     4.7162     4.7179     0.0017    0.79432    0.79431          1     8.0489     8.0166      98.68     0.3684     0.3257  5.123e-02  0.1331000     7.3831     7.3826    -0.0005     5.8479     5.8474      2.477      2.532      0.372    1434.46    1434.47  0.000e+00
      19225      3.000     4.7175     4.7204     0.0029    0.79436    0.79438          1     8.0438     8.0161      98.69     0.3840     0.3137  3.941e-02  0.1293000     7.3831     7.3826    -0.0005     5.8479     5.8474      2.972      3.038      0.382    1434.48    1434.49  0.000e+00
      19252      3.500     4.7179     4.7198     0.0020    0.79437    0.79437          1     8.0421     8.0183      98.69     0.3986     0.3101  5.360e-02  0.1252000     7.3831     7.3826    -0.0004     5.8478     5.8474      3.468      3.544      0.693    1434.49    1434.49  0.000e+00
      19267      4.000     4.7158     4.7178     0.0020    0.79433    0.79433          1     8.0478     8.0177      98.69     0.3987     0.3016  5.617e-03  0.1275000     7.3830     7.3826    -0.0004     5.8478     5.8475      3.963      4.050      0.750    1434.49    1434.49  0.000e+00
      19284      4.500     4.7121     4.7130     0.0009    0.79425    0.79423          1     8.0516     8.0185      98.69     0.3993     0.3070  1.696e-02  0.1356000     7.3830     7.3826    -0.0004     5.8480     5.8476      4.458      4.557      0.526    1434.48    1434.48  0.000e+00
      19416      5.000     4.7165     4.7177     0.0012    0.79436    0.79436          1     8.0446     8.0216      98.70     0.3658     0.3249  1.040e-03  0.1485000     7.3831     7.3828    -0.0004     5.8479     5.8476      4.954      5.063      0.276    1434.51    1434.51  0.000e+00
      19445      5.500     4.7138     4.7161     0.0023    0.79430    0.79432          1     8.0493     8.0196      98.70     0.3886     0.3154  2.023e-05  0.1523000     7.3830     7.3826    -0.0004     5.8479     5.8476      5.449      5.569      0.431    1434.50    1434.51  0.000e+00
      19488      6.000     4.7173     4.7166    -0.0007    0.79440    0.79433          1     8.0441     8.0211      98.70     0.3847     0.3060  1.000e-12  0.1226000     7.3832     7.3826    -0.0006     5.8479     5.8475      5.945      6.076      0.273    1434.52    1434.52  0.000e+00
      19558      6.500     4.7278     4.7263    -0.0015    0.79464    0.79459          1     8.0364     8.0169      98.70     0.3941     0.3231  1.000e-12  0.1186000     7.3831     7.3830    -0.0002     5.8475     5.8474      6.440      6.582      0.405    1434.58    1434.57  0.000e+00
      19583      7.000     4.7381     4.7323    -0.0058    0.79491    0.79475          1     8.0443     8.0180      98.70     0.3889     0.3272  1.000e-12  0.1499000     7.3834     7.3831    -0.0003     5.8474     5.8474      6.935      7.088      0.373    1434.63    1434.61  0.000e+00
      19679      7.500     4.7348     4.7340    -0.0007    0.79483    0.79477          1     8.0238     7.9939      98.70     0.3741     0.3056  1.000e-12  0.1196000     7.3834     7.3829    -0.0005     5.8475     5.8471      7.431      7.595      0.569    1434.63    1434.62  0.000e+00
      19690      8.000     4.7153     4.7141    -0.0013    0.79437    0.79431          1     8.0331     8.0018      98.71     0.3730     0.2998  1.000e-12  0.1179000     7.3831     7.3827    -0.0004     5.8479     5.8476      7.926      8.101      0.904    1434.55    1434.54  0.000e+00
      19702      8.500     4.7126     4.7132     0.0006    0.79433    0.79431          1     8.0417     8.0062      98.70     0.3746     0.2986  1.000e-12  0.2596000     7.3832     7.3828    -0.0003     5.8481     5.8478      8.421      8.607      1.022    1434.54    1434.55  0.000e+00
      19713      9.000     4.7124     4.7132     0.0007    0.79432    0.79432          1     8.0449     8.0059      98.71     0.3757     0.2997  1.000e-12  0.3019000     7.3830     7.3828    -0.0002     5.8480     5.8478      8.917      9.114      0.995    1434.55    1434.55  0.000e+00
      19725      9.500     4.7124     4.7131     0.0007    0.79435    0.79431          1     8.0433     8.0058      98.71     0.3835     0.3066  1.000e-12  0.2036000     7.3833     7.3827    -0.0005     5.8482     5.8477      9.412      9.620      0.770    1434.56    1434.56  0.000e+00
      19795     10.000     4.7128     4.7134     0.0006    0.79435    0.79434          1     8.0393     7.9966      98.71     0.3792     0.3090  1.000e-12  0.1214000     7.3832     7.3829    -0.0003     5.8481     5.8479      9.908     10.126      0.653    1434.57    1434.57  0.000e+00
      19859     10.500     4.7128     4.7139     0.0011    0.79437    0.79435          1     8.0487     7.9855      98.71     0.3547     0.2693  1.000e-12  0.1248000     7.3832     7.3828    -0.0005     5.8481     5.8477     10.403     10.632      1.103    1434.57    1434.58  0.000e+00
      19870     11.000     4.7126     4.7134     0.0008    0.79435    0.79432          1     8.0576     7.9847      98.71     0.3531     0.2589  1.000e-12  0.1241000     7.3831     7.3826    -0.0005     5.8480     5.8476     10.898     11.139      1.140    1434.58    1434.59  0.000e+00
      19881     11.500     4.7125     4.7132     0.0007    0.79436    0.79433          1     8.0575     7.9844      98.71     0.3525     0.2694  1.000e-12  0.1346000     7.3831     7.3826    -0.0005     5.8480     5.8476     11.394     11.645      1.073    1434.59    1434.59  0.000e+00
      19892     12.000     4.7124     4.7131     0.0007    0.79435    0.79433          1     8.0527     7.9845      98.71     0.3559     0.3431  1.000e-12  0.1356000     7.3829     7.3826    -0.0003     5.8479     5.8476     11.889     12.151      0.883    1434.60    1434.60  0.000e+00
      19927     12.500     4.7123     4.7130     0.0007    0.79435    0.79436          1     8.0426     7.9853      98.71     0.3687     0.3332  1.000e-12  0.1316000     7.3829     7.3828    -0.0001     5.8479     5.8478     12.384     12.658      0.511    1434.60    1434.61  0.000e+00
      20031     13.000     4.7133     4.7133    -0.0001    0.79441    0.79442          1     8.0241     7.9783      98.71     0.3966     0.3196  1.000e-12  0.1289000     7.3832     7.3833     0.0001     5.8481     5.8482     12.880     13.164      0.823    1434.62    1434.62  0.000e+00
      20042     13.500     4.7121     4.7127     0.0006    0.79449    0.79448          1     8.0207     7.9714      98.71     0.4027     0.3170  1.000e-12  0.1295000     7.3843     7.3840    -0.0003     5.8490     5.8487     13.375     13.670      0.975    1434.62    1434.62  0.000e+00
      20054     14.000     4.7119     4.7125     0.0006    0.79451    0.79452          1     8.0187     7.9744      98.71     0.3936     0.3169  1.000e-12  0.1349000     7.3844     7.3843    -0.0001     5.8491     5.8490     13.870     14.177      1.032    1434.63    1434.63  0.000e+00
      20065     14.500     4.7119     4.7126     0.0007    0.79454    0.79451          1     8.0227     7.9764      98.71     0.3845     0.3083  1.000e-12  0.1432000     7.3846     7.3841    -0.0005     5.8492     5.8488     14.366     14.683      0.992    1434.64    1434.64  0.000e+00
      20078     15.000     4.7120     4.7127     0.0006    0.79447    0.79446          1     8.0289     7.9799      98.71     0.3817     0.2856  1.000e-12  0.1400000     7.3838     7.3836    -0.0002     5.8486     5.8484     14.861     15.189      0.812    1434.64    1434.65  0.000e+00
      20121     15.500     4.7120     4.7126     0.0006    0.79448    0.79450          1     8.0355     7.9839      98.71     0.3868     0.3157  1.000e-12  0.1297000     7.3839     7.3839     0.0000     5.8487     5.8487     15.357     15.696      0.428    1434.65    1434.65  0.000e+00
      20192     16.000     4.7122     4.7129     0.0007    0.79454    0.79453          1     8.0331     7.9796      98.71     0.4015     0.3656  1.000e-12  0.1315000     7.3843     7.3841    -0.0002     5.8490     5.8488     15.852     16.202      0.626    1434.66    1434.66  0.000e+00
      20206     16.500     4.7118     4.7125     0.0008    0.79459    0.79458          1     8.0291     7.9727      98.71     0.3893     0.3185  1.000e-12  0.1345000     7.3849     7.3846    -0.0003     5.8495     5.8492     16.347     16.708      0.800    1434.67    1434.67  0.000e+00
      20219     17.000     4.7118     4.7125     0.0007    0.79463    0.79460          1     8.0327     7.9696      98.71     0.3616     0.3044  1.000e-12  0.1303000     7.3853     7.3848    -0.0005     5.8498     5.8494     16.843     17.214      0.818    1434.68    1434.68  0.000e+00
      20235     17.500     4.7116     4.7123     0.0007    0.79467    0.79465          1     8.0419     7.9683      98.71     0.3679     0.2401  1.000e-12  0.1303000     7.3856     7.3853    -0.0003     5.8500     5.8498     17.338     17.721      0.678    1434.68    1434.69  0.000e+00
      20262     18.000     4.7115     4.7123     0.0008    0.79466    0.79457          1     8.0511     7.9688      98.71     0.3888     0.2944  1.000e-12  0.1336000     7.3854     7.3844    -0.0010     5.8499     5.8491     17.833     18.227      0.327    1434.69    1434.69  0.000e+00
      20319     18.500     4.7117     4.7123     0.0007    0.79460    0.79459          1     8.0210     7.9828      98.71     0.4149     0.2369  1.000e-12  0.1262000     7.3848     7.3845    -0.0002     5.8494     5.8492     18.329     18.733      0.378    1434.70    1434.70  0.000e+00
      20340     19.000     4.7116     4.7124     0.0008    0.79474    0.79472          1     8.0137     7.9795      53.05     0.3974     0.3152  1.000e-12  0.1376000     7.3861     7.3857    -0.0003     5.8504     5.8501     18.824     19.240      0.597    1434.71    1434.71  0.000e+00
      20358     19.500     4.7116     4.7124     0.0008    0.79474    0.79472          1     8.0143     7.9729      98.29     0.3993     0.3059  1.000e-12  0.1371000     7.3861     7.3857    -0.0004     5.8504     5.8501     19.319     19.746      0.648    1434.72    1434.72  0.000e+00
      20377     20.000     4.7116     4.7124     0.0009    0.79477    0.79473          1     8.0181     7.9707      98.71     0.4201     0.2989  1.000e-12  0.1253000     7.3862     7.3857    -0.0006     5.8505     5.8501     19.815     20.252      0.610    1434.72    1434.73  0.000e+00
      20399     20.500     4.7117     4.7124     0.0007    0.79477    0.79473          1     8.0265     7.9720      98.71     0.3784     0.2993  1.000e-12  0.1192000     7.3861     7.3856    -0.0005     5.8505     5.8500     20.310     20.759      0.450    1434.73    1434.74  0.000e+00
      20451     21.000     4.7121     4.7128     0.0007    0.79477    0.79474          1     8.0389     7.9601      98.71     0.3957     0.3195  1.000e-12  0.1272000     7.3860     7.3855    -0.0004     5.8503     5.8500     20.805     21.265      0.292    1434.74    1434.74  0.000e+00
      20490     21.500     4.7122     4.7130     0.0009    0.79477    0.79475          1     8.0304     7.9657      98.72     0.4025     0.3224  1.000e-12  0.1234000     7.3859     7.3855    -0.0004     5.8503     5.8499     21.301     21.771      0.633    1434.75    1434.75  0.000e+00
      20505     22.000     4.7125     4.7133     0.0008    0.79479    0.79477          1     8.0269     7.9738      98.71     0.4002     0.3177  1.000e-12  0.1244000     7.3861     7.3856    -0.0005     5.8504     5.8500     21.796     22.278      0.818    1434.76    1434.76  0.000e+00
      20519     22.500     4.7127     4.7134     0.0006    0.79481    0.79477          1     8.0227     7.9782      98.72     0.4068     0.2721  1.000e-12  0.1394000     7.3860     7.3855    -0.0005     5.8503     5.8499     22.291     22.784      0.839    1434.77    1434.77  0.000e+00
      20533     23.000     4.7129     4.7136     0.0007    0.79479    0.79479          1     8.0289     7.9830      98.71     0.4040     0.2861  1.000e-12  0.1428000     7.3858     7.3856    -0.0002     5.8502     5.8500     22.787     23.290      0.692    1434.78    1434.78  0.000e+00
      20585     23.500     4.7127     4.7133     0.0006    0.79479    0.79477          1     8.0360     7.9736      98.71     0.3955     0.3307  1.000e-12  0.1350000     7.3858     7.3854    -0.0004     5.8502     5.8498     23.282     23.796      0.380    1434.78    1434.79  0.000e+00
      20647     24.000     4.7125     4.7133     0.0008    0.79480    0.79478          1     8.0356     7.9691      98.72     0.4085     0.2790  1.000e-12  0.1268000     7.3858     7.3855    -0.0003     5.8502     5.8499     23.777     24.303      0.682    1434.79    1434.79  0.000e+00
      20661     24.500     4.7124     4.7131     0.0007    0.79482    0.79479          1     8.0433     7.9744      98.71     0.4078     0.2574  1.000e-12  0.1322000     7.3860     7.3856    -0.0004     5.8503     5.8500     24.273     24.809      0.906    1434.80    1434.80  0.000e+00
      20673     25.000     4.7127     4.7135     0.0008    0.79484    0.79481          1     8.0477     7.9753      98.71     0.4007     0.3032  1.000e-12  0.1578000     7.3860     7.3856    -0.0004     5.8504     5.8500     24.768     25.315      0.997    1434.81    1434.81  0.000e+00
      20684     25.500     4.7130     4.7137     0.0007    0.79484    0.79482          1     8.0481     7.9722      98.62     0.4002     0.3162  1.000e-12  0.1605000     7.3859     7.3856    -0.0003     5.8502     5.8500     25.263     25.822      0.976    1434.82    1434.82  0.000e+00
      20697     26.000     4.7131     4.7138     0.0007    0.79482    0.79478          1     8.0453     7.9727      98.29     0.3805     0.2984  1.000e-12  0.1470000     7.3856     7.3851    -0.0005     5.8500     5.8496     25.759     26.328      0.801    1434.83    1434.83  0.000e+00
      20743     26.500     4.7130     4.7137     0.0008    0.79480    0.79480          1     8.0365     7.9750      98.15     0.3870     0.2961  1.000e-12  0.1429000     7.3854     7.3853    -0.0002     5.8499     5.8497     26.254     26.834      0.502    1434.83    1434.84  0.000e+00
      20824     27.000     4.7132     4.7138     0.0006    0.79483    0.79482          1     8.0223     7.9596      98.35     0.3937     0.3075  1.000e-12  0.1372000     7.3855     7.3853    -0.0002     5.8500     5.8498     26.749     27.341      0.872    1434.84    1434.84  0.000e+00
      20836     27.500     4.7133     4.7140     0.0007    0.79490    0.79490          1     8.0239     7.9676      98.26     0.3865     0.2718  1.000e-12  0.1313000     7.3862     7.3861    -0.0002     5.8505     5.8503     27.245     27.847      0.993    1434.85    1434.85  0.000e+00
      20847     28.000     4.7135     4.7142     0.0007    0.79497    0.79494          1     8.0209     7.9760      97.35     0.3835     0.2726  1.000e-12  0.1383000     7.3868     7.3863    -0.0005     5.8509     5.8505     27.740     28.353      1.032    1434.86    1434.86  0.000e+00
      20858     28.500     4.7134     4.7141     0.0007    0.79500    0.79495          1     8.0233     7.9792      96.94     0.3874     0.3264  1.000e-12  0.1426000     7.3870     7.3864    -0.0006     5.8511     5.8506     28.235     28.860      0.976    1434.87    1434.87  0.000e+00
