ctdpy/exports/archive_20191120_135557/received_data/SBE09_1044_20181205_2001_34_01_0155.cnv
* Sea-Bird SBE 9 Data File:
* FileName = C:\ctd\temp\ar18d155.hex
* Software Version Seasave V 7.26.7.107
* Temperature SN = 5351
* Conductivity SN = 3941
* Number of Bytes Per Scan = 41
* Number of Voltage Words = 4
* Number of Scans Averaged by the Deck Unit = 1
* NMEA Latitude = 56 38.03 N
* NMEA Longitude = 019 35.11 E
* NMEA UTC (Time) = Dec 05 2018  20:01:55
* NMEA baud rate = 4800
** Station:  BY10
** Operator:  JKro
** Ship: ARANDA
** Average sound velocity: 1445.98 m/s
** True-depth calculation Sun, 09 Dec 2018 14:42:07 +0000
** CTD Python Module SMHI /ver 3-12/ feb 2012 
** LIMS Job: 20183401-0155
** Cruise: SMHI-7-2018
** Latitude [GG MM.mm N]:
** Longitude [GG MM.mm E]
# nquan = 26
# nvalues = 272                         
# units = specified
# name 0 = scan: Scan Count
# name 1 = prDM: Pressure, Digiquartz [db]
# name 2 = t090C: Temperature [ITS-90, deg C]
# name 3 = t190C: Temperature, 2 [ITS-90, deg C]
# name 4 = T2-T190C: Temperature Difference, 2 - 1 [ITS-90, deg C]
# name 5 = c0S/m: Conductivity [S/m]
# name 6 = c1S/m: Conductivity, 2 [S/m]
# name 7 = pumps: Pump Status
# name 8 = sbeox0ML/L: Oxygen, SBE 43 [ml/l]
# name 9 = sbeox1ML/L: Oxygen, SBE 43, 2 [ml/l]
# name 10 = altM: Altimeter [m]
# name 11 = flECO-AFL: Chl-a Fluorescence, WET Labs ECO-AFL/FL [mg/m^3]
# name 12 = flECO-AFL1: Phycocyanin Fluorescence, WET Labs ECO-AFL/FL, 2 [mg/m^3]
# name 13 = par: PAR/Irradiance, Biospherical/Lico [µE/(cm^2*s)]
# name 14 = turbWETntu0: Turbidity, WET Labs ECO [NTU]
# name 15 = sal00: Salinity, Practical [PSU]
# name 16 = sal11: Salinity, Practical, 2 [PSU]
# name 17 = secS-priS: Salinity, Practical, Difference, 2 - 1 [PSU]
# name 18 = sigma-t00: Density [sigma-t, Kg/m^3 ]
# name 19 = sigma-t11: Density, 2 [sigma-t, Kg/m^3 ]
# name 20 = depSM: Depth [salt water, m], lat = 56.6338
# name 21 = depFM: Depth [true depth, m], lat = 56.6338
# name 22 = dz/dtM: Descent Rate [m/s], WS = 2
# name 23 = svCM: Sound Velocity [Chen-Millero, m/s]
# name 24 = svCM1: Sound Velocity, 2 [Chen-Millero, m/s]
# name 25 = flag: flag
# span 0 =      31993,      39575       
# span 1 =      1.500,    137.000       
# span 2 =     4.4255,     8.5033       
# span 3 =     4.4262,     8.5053       
# span 4 =    -0.0462,     0.1897       
# span 5 =   0.820676,   1.532410       
# span 6 =   0.820971,   1.532354       
# span 7 =          1,          1       
# span 8 =    0.03343,    7.92596       
# span 9 =    1.74643,    5.97167       
# span 10 =       1.66,     103.04      
# span 11 =     0.2592,     0.9050      
# span 12 =     0.1635,     0.3589      
# span 13 = -2.159e-04, 3.8873e-01      
# span 14 =     0.1349,     3.0724      
# span 15 =     7.2796,    13.4079      
# span 16 =     7.2793,    13.4066      
# span 17 =    -0.0735,     0.0612      
# span 18 =     5.6522,    10.3172      
# span 19 =     5.6516,    10.3160      
# span 20 =      1.486,    135.701      
# span 21 =      1.519,    138.540      
# span 22 =     -0.274,      1.245      
# span 23 =    1434.81,    1460.05      
# span 24 =    1434.82,    1460.06      
# span 25 = 0.0000e+00, 0.0000e+00      
# interval = decibars: 0.5              
# start_time = Dec 05 2018 20:01:55 [NMEA time, first data scan]
# bad_flag = -9.990e-29
*END*
[from data line 168]
      36272     85.500     5.4115     5.4121     0.0006    1.07381    1.07366          1     0.4235     3.4582      60.69     0.3100     0.2190  1.000e-12  0.1513000     9.9888     9.9870    -0.0018     7.8779     7.8765     84.700     86.570      0.550    1442.14    1442.14  0.000e+00
      36296     86.000     5.4445     5.4448     0.0003    1.07843    1.07830          1     0.3361     3.3970      73.87     0.3033     0.2078  1.000e-12  0.1660000    10.0252    10.0238    -0.0014     7.9049     7.9038     85.195     87.075      0.498    1442.33    1442.33  0.000e+00
      36319     86.500     5.4882     5.4890     0.0008    1.08299    1.08282          1     0.2377     3.3428      55.08     0.3104     0.2220  1.000e-12  0.1827000    10.0578    10.0559    -0.0019     7.9282     7.9267     85.690     87.580      0.596    1442.57    1442.57  0.000e+00
      36337     87.000     5.5308     5.5297    -0.0011    1.08806    1.08783          1     0.1616     3.3047      55.11     0.3241     0.2004  1.000e-12  0.3281000    10.0958    10.0937    -0.0020     7.9559     7.9544     86.185     88.086      0.689    1442.81    1442.80  0.000e+00
      36354     87.500     5.5822     5.5802    -0.0020    1.09529    1.09503          1     0.1208     3.2666      54.92     0.3521     0.1952  1.000e-12  0.6403000    10.1526    10.1506    -0.0020     7.9979     7.9964     86.681     88.591      0.657    1443.11    1443.10  0.000e+00
      36376     88.000     5.6003     5.6015     0.0011    1.09817    1.09812          1     0.1032     3.2105      73.12     0.3699     0.2086  1.000e-12  1.0000000    10.1758    10.1750    -0.0009     8.0152     8.0144     87.176     89.096      0.407    1443.23    1443.23  0.000e+00
      36443     88.500     5.5991     5.5770    -0.0221    1.09880    1.09560          1     0.1309     3.0573      52.72     0.3362     0.2337  1.000e-12  0.6375000    10.1824    10.1571    -0.0253     8.0204     8.0017     87.671     89.601      0.356    1443.24    1443.11  0.000e+00
      36466     89.000     5.6123     5.6140     0.0017    1.10045    1.10049          1     0.1327     3.0126      66.11     0.3230     0.2409  1.000e-12  0.5692000    10.1948    10.1948    -0.0000     8.0295     8.0293     88.166     90.107      0.683    1443.32    1443.33  0.000e+00
      36481     89.500     5.6206     5.6213     0.0006    1.10157    1.10154          1     0.1224     2.9812      78.63     0.3329     0.2334  1.000e-12  0.5329000    10.2034    10.2030    -0.0004     8.0358     8.0354     88.662     90.612      0.837    1443.37    1443.38  0.000e+00
      36494     90.000     5.6399     5.6406     0.0006    1.10325    1.10323          1     0.1128     2.9548      51.34     0.3479     0.2124  1.000e-12  0.4794000    10.2142    10.2139    -0.0004     8.0432     8.0429     89.157     91.117      0.916    1443.48    1443.48  0.000e+00
      36507     90.500     5.6703     5.6702    -0.0000    1.10643    1.10629          1     0.1142     2.9320      51.62     0.3430     0.2072  1.000e-12  0.7030000    10.2368    10.2354    -0.0014     8.0593     8.0582     89.652     91.622      0.944    1443.65    1443.64  0.000e+00
      36519     91.000     5.6825     5.6836     0.0011    1.11015    1.11005          1     0.1328     2.9099      51.31     0.3366     0.1866  1.000e-12  0.9658000    10.2701    10.2687    -0.0014     8.0848     8.0837     90.147     92.127      0.915    1443.75    1443.75  0.000e+00
      36533     91.500     5.6585     5.6619     0.0033    1.11173    1.11174          1     0.1802     2.8866      50.60     0.3247     0.1780  1.000e-12  1.0696000    10.2931    10.2922    -0.0008     8.1043     8.1035     90.642     92.633      0.777    1443.68    1443.70  0.000e+00
      36565     92.000     5.6396     5.6409     0.0013    1.11209    1.11222          1     0.2366     2.8340      49.88     0.3153     0.2383  1.000e-12  1.0491000    10.3024    10.3033     0.0009     8.1128     8.1134     91.138     93.138      0.474    1443.62    1443.63  0.000e+00
      36644     92.500     5.6522     5.6487    -0.0034    1.11400    1.11146          1     0.2304     2.6940      49.30     0.3370     0.2305  1.000e-12  0.7993000    10.3176    10.2932    -0.0244     8.1241     8.1050     91.633     93.643      0.919    1443.70    1443.66  0.000e+00
      36654     93.000     5.7132     5.7077    -0.0055    1.12259    1.12178          1     0.2240     2.6812      49.08     0.3372     0.2069  1.000e-12  0.8070000    10.3846    10.3782    -0.0064     8.1734     8.1686     92.128     94.148      1.049    1444.06    1444.02  0.000e+00
      36664     93.500     5.7541     5.7544     0.0002    1.12757    1.12736          1     0.2211     2.6633      48.76     0.3153     0.2071  1.000e-12  0.5372000    10.4217    10.4195    -0.0022     8.2002     8.1984     92.623     94.653      1.034    1444.29    1444.28  0.000e+00
      36676     94.000     5.7875     5.7873    -0.0002    1.13344    1.13326          1     0.2381     2.6473      48.10     0.3118     0.2071  1.000e-12  0.4835000    10.4697    10.4680    -0.0017     8.2361     8.2347     93.118     95.158      0.885    1444.50    1444.50  0.000e+00
      36693     94.500     5.8045     5.8048     0.0003    1.13615    1.13607          1     0.2776     2.6261      47.53     0.3121     0.1993  1.000e-12  0.3041000    10.4915    10.4906    -0.0009     8.2522     8.2514     93.614     95.663      0.634    1444.61    1444.61  0.000e+00
      36717     95.000     5.8386     5.8352    -0.0034    1.14190    1.14133          1     0.2769     2.5992      46.75     0.3041     0.1771  1.000e-12  0.1710000    10.5381    10.5335    -0.0046     8.2869     8.2834     94.109     96.168      0.456    1444.82    1444.80  0.000e+00
      36747     95.500     5.8774     5.8778     0.0005    1.14788    1.14784          1     0.1924     2.5657      46.15     0.3112     0.2403  1.000e-12  0.1836000    10.5855    10.5849    -0.0006     8.3218     8.3214     94.604     96.674      0.321    1445.05    1445.05  0.000e+00
      36802     96.000     5.8764     5.8886     0.0121    1.14808    1.14955          1     0.1213     2.4929      45.33     0.3242     0.2304  1.000e-12  0.2906000    10.5877    10.5985     0.0109     8.3236     8.3314     95.099     97.179      0.388    1445.06    1445.12  0.000e+00
      36823     96.500     5.9074     5.9069    -0.0005    1.15273    1.15252          1     0.1029     2.4715      45.02     0.3212     0.2056  1.000e-12  0.2724000    10.6242    10.6223    -0.0019     8.3505     8.3490     95.594     97.684      0.747    1445.24    1445.24  0.000e+00
      36837     97.000     5.9331     5.9336     0.0004    1.15661    1.15651          1     0.1096     2.4590      44.66     0.3250     0.2071  1.000e-12  0.2382000    10.6547    10.6535    -0.0012     8.3729     8.3720     96.090     98.189      0.873    1445.40    1445.40  0.000e+00
      36850     97.500     5.9550     5.9557     0.0006    1.15978    1.15970          1     0.1268     2.4462      44.24     0.3223     0.2063  1.000e-12  0.1746000    10.6792    10.6782    -0.0009     8.3908     8.3901     96.585     98.694      0.837    1445.53    1445.54  0.000e+00
      36866     98.000     6.0047     6.0016    -0.0031    1.16614    1.16588          1     0.1508     2.4214      43.62     0.3159     0.1671  1.000e-12  0.1671000    10.7267    10.7251    -0.0016     8.4252     8.4241     97.080     99.199      0.598    1445.81    1445.80  0.000e+00
      36907     98.500     6.0022     6.0016    -0.0005    1.16690    1.16621          1     0.1562     2.3651      42.81     0.3052     0.2158  1.000e-12  0.1571000    10.7349    10.7283    -0.0066     8.4317     8.4266     97.575     99.704      0.307    1445.82    1445.81  0.000e+00
      36942     99.000     6.0785     6.0757    -0.0028    1.17629    1.17598          1     0.2083     2.3268      42.53     0.3080     0.2121  1.000e-12  0.1545000    10.8039    10.8017    -0.0021     8.4812     8.4797     98.070    100.209      0.599    1446.24    1446.22  0.000e+00
      36958     99.500     6.1593     6.1565    -0.0028    1.18335    1.18302          1     0.2841     2.3086      42.27     0.3164     0.2071  1.000e-12  0.1624000    10.8481    10.8457    -0.0024     8.5107     8.5090     98.565    100.714      0.709    1446.65    1446.63  0.000e+00
      36975    100.000     6.2434     6.2390    -0.0043    1.19302    1.19269          1     0.3571     2.2858      41.67     0.3058     0.2071  1.000e-12  0.1452000    10.9168    10.9149    -0.0019     8.5592     8.5580     99.061    101.219      0.610    1447.10    1447.07  0.000e+00
      37003    100.500     6.3811     6.3837     0.0026    1.20898    1.20893          1     0.4195     2.2424      40.95     0.2931     0.2590  1.000e-12  0.1503000    11.0301    11.0287    -0.0013     8.6388     8.6376     99.556    101.724      0.360    1447.83    1447.84  0.000e+00
      37038    101.000     6.5417     6.5388    -0.0028    1.22965    1.22907          1     0.4308     2.2168      40.40     0.2982     0.2129  1.000e-12  0.1687000    11.1814    11.1766    -0.0048     8.7464     8.7429    100.051    102.229      0.506    1448.70    1448.68  0.000e+00
      37056    101.500     6.6845     6.6799    -0.0046    1.24874    1.24789          1     0.4043     2.2125      39.99     0.2879     0.1775  1.000e-12  0.1673000    11.3218    11.3151    -0.0068     8.8463     8.8413    100.546    102.733      0.721    1449.48    1449.45  0.000e+00
      37071    102.000     6.8786     6.8706    -0.0081    1.28178    1.28060          1     0.3574     2.2014      39.48     0.2900     0.2148  1.000e-12  0.1644000    11.5806    11.5718    -0.0088     9.0347     9.0284    101.041    103.238      0.741    1450.62    1450.58  0.000e+00
      37089    102.500     7.0184     7.0180    -0.0004    1.30598    1.30571          1     0.2869     2.1899      39.02     0.2840     0.2051  1.000e-12  0.1644000    11.7695    11.7671    -0.0024     9.1719     9.1700    101.537    103.743      0.563    1451.45    1451.44  0.000e+00
      37127    103.000     7.0653     7.0859     0.0205    1.31376    1.31692          1     0.1902     2.1692      38.13     0.2852     0.2241  1.000e-12  0.1772000    11.8294    11.8531     0.0237     9.2151     9.2320    102.032    104.247      0.263    1451.72    1451.84  0.000e+00
      37167    103.500     7.1458     7.1482     0.0025    1.33062    1.33026          1     0.1024     2.1468      37.68     0.2935     0.2607  1.000e-12  0.1813000    11.9658    11.9615    -0.0043     9.3155     9.3120    102.527    104.752      0.451    1452.23    1452.24  0.000e+00
      37189    104.000     7.1890     7.1900     0.0011    1.33750    1.33739          1     0.0680     2.1468      37.32     0.3022     0.2360  1.000e-12  0.1971000    12.0178    12.0163    -0.0015     9.3527     9.3514    103.022    105.257      0.570    1452.48    1452.49  0.000e+00
      37209    104.500     7.2442     7.2454     0.0012    1.34591    1.34571          1     0.0662     2.1294      36.85     0.2885     0.1920  1.000e-12  0.1862000    12.0802    12.0779    -0.0024     9.3971     9.3951    103.517    105.761      0.615    1452.80    1452.80  0.000e+00
      37228    105.000     7.2691     7.2704     0.0014    1.35404    1.35396          1     0.0682     2.1144      36.39     0.3003     0.1925  1.000e-12  0.2016000    12.1504    12.1492    -0.0012     9.4499     9.4489    104.012    106.266      0.636    1452.99    1453.00  0.000e+00
      37247    105.500     7.0225     7.0244     0.0019    1.34703    1.34722          1     0.0606     2.1060      35.93     0.3114     0.2110  1.000e-12  1.0112000    12.1687    12.1698     0.0012     9.4847     9.4855    104.508    106.770      0.664    1452.01    1452.02  0.000e+00
      37264    106.000     6.9507     6.9507     0.0000    1.34432    1.34428          1     0.0544     2.0965      35.56     0.3266     0.2464  1.000e-12  1.8764000    12.1673    12.1669    -0.0004     9.4894     9.4891    105.003    107.275      0.686    1451.72    1451.72  0.000e+00
      37282    106.500     6.9718     6.9725     0.0007    1.34575    1.34569          1     0.0575     2.0785      34.72     0.3495     0.2467  1.000e-12  1.4189000    12.1738    12.1730    -0.0008     9.4928     9.4921    105.498    107.779      0.603    1451.82    1451.82  0.000e+00
      37323    107.000     7.0482     7.0478    -0.0005    1.35214    1.35184          1     0.0614     2.0503      33.69     0.3392     0.2062  1.000e-12  1.3687000    12.2093    12.2065    -0.0028     9.5144     9.5123    105.993    108.284      0.340    1452.19    1452.18  0.000e+00
      37375    107.500     7.0684     7.0624    -0.0060    1.35732    1.35574          1     0.0667     2.0217      33.29     0.3361     0.1945  1.000e-12  1.3613000    12.2526    12.2394    -0.0132     9.5468     9.5369    106.488    108.788      0.653    1452.34    1452.29  0.000e+00
      37388    108.000     7.0769     7.0797     0.0028    1.36116    1.36111          1     0.0680     2.0131      33.22     0.3495     0.2204  1.000e-12  1.4418000    12.2871    12.2857    -0.0015     9.5732     9.5718    106.983    109.292      0.879    1452.42    1452.43  0.000e+00
      37400    108.500     7.0381     7.0403     0.0023    1.36087    1.36085          1     0.0668     2.0076      32.87     0.3419     0.2218  1.000e-12  1.3485000    12.2980    12.2970    -0.0010     9.5849     9.5839    107.479    109.797      0.933    1452.28    1452.29  0.000e+00
      37413    109.000     6.9575     6.9670     0.0096    1.35941    1.35961          1     0.0640     2.0025      32.38     0.3345     0.2218  1.000e-12  1.2656000    12.3123    12.3108    -0.0015     9.6026     9.6007    107.974    110.301      0.850    1451.97    1452.01  0.000e+00
      37430    109.500     6.8566     6.8606     0.0038    1.35691    1.35695          1     0.0635     1.9949      31.75     0.3273     0.1992  1.000e-12  0.9899000    12.3237    12.3226    -0.0011     9.6197     9.6185    108.469    110.806      0.585    1451.58    1451.59  0.000e+00
      37471    110.000     6.8046     6.7814    -0.0231    1.35523    1.35441          1     0.0612     1.9616      30.89     0.3312     0.2068  1.000e-12  0.6558000    12.3256    12.3259     0.0002     9.6253     9.6273    108.964    111.310      0.297    1451.37    1451.28  0.000e+00
      37505    110.500     6.7711     6.7708    -0.0004    1.35500    1.35481          1     0.0613     1.9393      30.45     0.3280     0.2429  1.000e-12  0.6096000    12.3353    12.3335    -0.0018     9.6356     9.6342    109.459    111.815      0.586    1451.25    1451.25  0.000e+00
      37522    111.000     6.8219     6.8208    -0.0011    1.35875    1.35861          1     0.0569     1.9309      30.16     0.3237     0.2315  1.000e-12  0.6111000    12.3540    12.3529    -0.0011     9.6462     9.6454    109.954    112.319      0.720    1451.50    1451.49  0.000e+00
      37538    111.500     6.8645     6.8633    -0.0012    1.36342    1.36323          1     0.0566     1.9274      29.67     0.3364     0.2097  1.000e-12  0.4695000    12.3845    12.3830    -0.0015     9.6668     9.6657    110.450    112.823      0.690    1451.72    1451.71  0.000e+00
      37558    112.000     6.9034     6.9038     0.0003    1.36808    1.36797          1     0.0595     1.9228      29.09     0.3689     0.2149  1.000e-12  0.7421000    12.4163    12.4150    -0.0012     9.6886     9.6876    110.945    113.328      0.532    1451.93    1451.93  0.000e+00
