ctdpy/exports/archive_20191120_135557/received_data/SBE09_0827_20181010_1732_26_01_1062.cnv
* Sea-Bird SBE 9 Data File:
* FileName = D:\CTD_SBE911\DAT\26DA.2018.10.62.hex
* Software Version Seasave V 7.21d
* Temperature SN = 4548
* Conductivity SN = 3062
* Number of Bytes Per Scan = 48
* Number of Voltage Words = 5
* Number of Scans Averaged by the Deck Unit = 1
* NMEA Latitude = 57 34.91 N
* NMEA Longitude = 019 29.93 E
* NMEA UTC (Time) = Oct 10 2018  17:35:07
* NMEA baud rate = 4800
** Ship: DANA
** Average sound velocity: 1446.01 m/s
** True-depth calculation Thu, 28 Mar 2019 12:24:53 +0000
** CTD Python Module SMHI /ver 3-12/ feb 2012 
** LIMS Job: 20182601-1062
** Operator: Christian A-KTh
** Cruise: 10/2018
# nquan = 26
# nvalues = 194                         
# units = specified
# name 0 = scan: Scan Count
# name 1 = prDM: Pressure, Digiquartz [db]
# name 2 = t090C: Temperature [ITS-90, deg C]
# name 3 = t190C: Temperature, 2 [ITS-90, deg C]
# name 4 = T2-T190C: Temperature Difference, 2 - 1 [ITS-90, deg C]
# name 5 = c0S/m: Conductivity [S/m]
# name 6 = c1S/m: Conductivity, 2 [S/m]
# name 7 = pumps: Pump Status
# name 8 = sbeox1ML/L: Oxygen, SBE 43, 2 [ml/l]
# name 9 = sbeox0ML/L: Oxygen, SBE 43 [ml/l]
# name 10 = altM: Altimeter [m]
# name 11 = chloroflTC0: Chlorophyll, Turner Cyclops [ug/l]
# name 12 = cpar: CPAR/Corrected Irradiance [%]
# name 13 = par: PAR/Irradiance, Biospherical/Lico [µE/(cm^2*s)]
# name 14 = spar: SPAR, Biospherical/Licor
# name 15 = sal00: Salinity, Practical [PSU]
# name 16 = sal11: Salinity, Practical, 2 [PSU]
# name 17 = secS-priS: Salinity, Practical, Difference, 2 - 1 [PSU]
# name 18 = sigma-t00: Density [sigma-t, kg/m^3 ]
# name 19 = sigma-t11: Density, 2 [sigma-t, kg/m^3 ]
# name 20 = depSM: Depth [salt water, m], lat = 57.5818
# name 21 = depFM: Depth [true depth, m], lat = 57.5818
# name 22 = dz/dtM: Descent Rate [m/s], WS = 2
# name 23 = svCM: Sound Velocity [Chen-Millero, m/s]
# name 24 = svCM1: Sound Velocity, 2 [Chen-Millero, m/s]
# name 25 = flag: flag
# span 0 =         80,      11874       
# span 1 =      1.500,     98.000       
# span 2 =     3.5613,    12.0049       
# span 3 =     3.5705,    12.0021       
# span 4 =    -0.1753,     1.0061       
# span 5 =   0.764199,   1.217155       
# span 6 =   0.765068,   1.217178       
# span 7 =          1,          1       
# span 8 =     0.0414,     7.9224       
# span 9 =     0.0444,     7.4556       
# span 10 =       0.91,       9.97      
# span 11 =     0.0159,     0.0347      
# span 12 = 4.9241e-11, 4.9241e-11      
# span 13 = 1.0000e-12, 1.0000e-12      
# span 14 = 2.0308e+00, 2.0308e+00      
# span 15 =     6.7578,    11.1637      
# span 16 =     6.7579,    11.1635      
# span 17 =    -0.2728,     0.0040      
# span 18 =     4.7431,     8.7550      
# span 19 =     4.7436,     8.7548      
# span 20 =      1.486,     97.072      
# span 21 =      1.521,     99.189      
# span 22 =     -0.233,      0.529      
# span 23 =    1430.07,    1463.32      
# span 24 =    1430.12,    1463.32      
# span 25 = 0.0000e+00, 0.0000e+00      
# interval = decibars: 0.5              
# start_time = Oct 10 2018 17:35:08 [NMEA time, first data scan]
# bad_flag = -9.990e-29
*END*
[from data line 168]
       8483     85.500     6.0624     6.0559    -0.0064    1.18444    1.18282          1     0.0741     0.0703       9.97     0.0168  4.924e-11  1.000e-12  2.031e+00    10.8925    10.8784    -0.0141     8.5520     8.5413     84.693     86.567      0.258    1446.07    1446.02  0.000e+00
       8524     86.000     6.0738     6.0653    -0.0085    1.18680    1.18490          1     0.0772     0.0720       9.97     0.0168  4.924e-11  1.000e-12  2.031e+00    10.9122    10.8960    -0.0162     8.5667     8.5546     85.188     87.072      0.347    1446.15    1446.09  0.000e+00
       8566     86.500     6.0859     6.0792    -0.0067    1.18923    1.18778          1     0.0755     0.0668       9.97     0.0166  4.924e-11  1.000e-12  2.031e+00    10.9323    10.9201    -0.0123     8.5818     8.5726     85.683     87.577      0.223    1446.23    1446.19  0.000e+00
       8631     87.000     6.0964     6.0883    -0.0081    1.19137    1.18968          1     0.0766     0.0693       9.97     0.0167  4.924e-11  1.000e-12  2.031e+00    10.9501    10.9359    -0.0142     8.5951     8.5844     86.179     88.081      0.275    1446.31    1446.26  0.000e+00
       8670     87.500     6.1130     6.1022    -0.0108    1.19395    1.19210          1     0.0725     0.0688       9.97     0.0170  4.924e-11  1.000e-12  2.031e+00    10.9702    10.9554    -0.0149     8.6099     8.5989     86.674     88.586      0.289    1446.41    1446.35  0.000e+00
       8715     88.000     6.1310     6.1166    -0.0144    1.19783    1.19440          1     0.0693     0.0658       9.97     0.0169  4.924e-11  1.000e-12  2.031e+00    11.0029    10.9735    -0.0295     8.6344     8.6122     87.169     89.091      0.252    1446.54    1446.44  0.000e+00
       8767     88.500     6.1608     6.1394    -0.0215    1.20401    1.19936          1     0.0708     0.0647       9.97     0.0166  4.924e-11  1.000e-12  2.031e+00    11.0544    11.0153    -0.0391     8.6730     8.6436     87.664     89.596      0.215    1446.74    1446.60  0.000e+00
       8819     89.000     6.1722     6.1589    -0.0133    1.20612    1.20350          1     0.0704     0.0667       9.97     0.0165  4.924e-11  1.000e-12  2.031e+00    11.0716    11.0500    -0.0217     8.6858     8.6696     88.159     90.101      0.274    1446.81    1446.73  0.000e+00
       8860     89.500     6.1771     6.1704    -0.0066    1.20696    1.20572          1     0.0707     0.0648       9.87     0.0169  4.924e-11  1.000e-12  2.031e+00    11.0783    11.0681    -0.0102     8.6907     8.6831     88.654     90.606      0.293    1446.85    1446.81  0.000e+00
       8903     90.000     6.1780     6.1761    -0.0019    1.20712    1.20674          1     0.0664     0.0657       9.39     0.0168  4.924e-11  1.000e-12  2.031e+00    11.0795    11.0763    -0.0032     8.6916     8.6891     89.150     91.111      0.263    1446.86    1446.85  0.000e+00
       8950     90.500     6.1782     6.1773    -0.0009    1.20716    1.20697          1     0.0649     0.0644       8.86     0.0167  4.924e-11  1.000e-12  2.031e+00    11.0797    11.0781    -0.0016     8.6917     8.6905     89.645     91.616      0.252    1446.87    1446.87  0.000e+00
       9001     91.000     6.1793     6.1780    -0.0012    1.20736    1.20707          1     0.0665     0.0637       8.34     0.0170  4.924e-11  1.000e-12  2.031e+00    11.0812    11.0788    -0.0024     8.6928     8.6910     90.140     92.121      0.223    1446.89    1446.88  0.000e+00
       9050     91.500     6.1794     6.1787    -0.0007    1.20735    1.20719          1     0.0663     0.0647       7.84     0.0169  4.924e-11  1.000e-12  2.031e+00    11.0811    11.0797    -0.0014     8.6927     8.6917     90.635     92.625      0.293    1446.89    1446.89  0.000e+00
       9088     92.000     6.1794     6.1790    -0.0004    1.20735    1.20724          1     0.0668     0.0639       7.32     0.0167  4.924e-11  1.000e-12  2.031e+00    11.0810    11.0799    -0.0010     8.6926     8.6918     91.130     93.130      0.295    1446.90    1446.90  0.000e+00
       9140     92.500     6.1821     6.1804    -0.0017    1.20797    1.20750          1     0.0666     0.0622       6.79     0.0170  4.924e-11  1.000e-12  2.031e+00    11.0861    11.0820    -0.0041     8.6965     8.6934     91.625     93.635      0.203    1446.93    1446.92  0.000e+00
       9193     93.000     6.1836     6.1823    -0.0013    1.20836    1.20793          1     0.0664     0.0636       6.29     0.0164  4.924e-11  1.000e-12  2.031e+00    11.0894    11.0856    -0.0039     8.6990     8.6961     92.121     94.140      0.289    1446.95    1446.94  0.000e+00
       9230     93.500     6.1849     6.1838    -0.0011    1.20880    1.20838          1     0.0645     0.0631       5.77     0.0168  4.924e-11  1.000e-12  2.031e+00    11.0932    11.0895    -0.0038     8.7019     8.6990     92.616     94.645      0.323    1446.97    1446.96  0.000e+00
       9274     94.000     6.1895     6.1875    -0.0019    1.21047    1.20960          1     0.0613     0.0618       5.24     0.0169  4.924e-11  1.000e-12  2.031e+00    11.1082    11.1003    -0.0079     8.7134     8.7073     93.111     95.150      0.231    1447.01    1446.99  0.000e+00
       9330     94.500     6.1985     6.1923    -0.0062    1.21301    1.21111          1     0.0617     0.0619       4.74     0.0164  4.924e-11  1.000e-12  2.031e+00    11.1303    11.1136    -0.0168     8.7302     8.7174     93.606     95.655      0.243    1447.09    1447.04  0.000e+00
       9374     95.000     6.2098     6.2038    -0.0061    1.21534    1.21382          1     0.0601     0.0603       4.26     0.0168  4.924e-11  1.000e-12  2.031e+00    11.1497    11.1366    -0.0131     8.7447     8.7348     94.101     96.160      0.260    1447.17    1447.12  0.000e+00
       9423     95.500     6.2163     6.2120    -0.0043    1.21650    1.21556          1     0.0608     0.0606       3.72     0.0169  4.924e-11  1.000e-12  2.031e+00    11.1590    11.1511    -0.0079     8.7516     8.7456     94.596     96.664      0.258    1447.21    1447.19  0.000e+00
       9464     96.000     6.2174     6.2147    -0.0027    1.21667    1.21610          1     0.0606     0.0606       3.18     0.0170  4.924e-11  1.000e-12  2.031e+00    11.1602    11.1554    -0.0048     8.7524     8.7488     95.092     97.169      0.294    1447.23    1447.21  0.000e+00
       9513     96.500     6.2190     6.2176    -0.0014    1.21695    1.21662          1     0.0586     0.0592       2.61     0.0170  4.924e-11  1.000e-12  2.031e+00    11.1624    11.1596    -0.0028     8.7540     8.7519     95.587     97.674      0.228    1447.25    1447.24  0.000e+00
       9559     97.000     6.2196     6.2187    -0.0009    1.21704    1.21680          1     0.0575     0.0587       2.15     0.0170  4.924e-11  1.000e-12  2.031e+00    11.1630    11.1610    -0.0020     8.7544     8.7529     96.082     98.179      0.291    1447.26    1447.25  0.000e+00
       9614     97.500     6.2202     6.2198    -0.0004    1.21713    1.21697          1     0.0559     0.0558       1.59     0.0170  4.924e-11  1.000e-12  2.031e+00    11.1636    11.1622    -0.0015     8.7549     8.7538     96.577     98.684      0.218    1447.27    1447.27  0.000e+00
      11874     98.000     6.2203     6.2216     0.0012    1.21715    1.21718          1     0.0414     0.0444       0.91     0.0168  4.924e-11  1.000e-12  2.031e+00    11.1637    11.1635    -0.0002     8.7550     8.7548     97.072     99.189     -0.233    1447.27    1447.27  0.000e+00
