ctdpy/exports/archive_20191120_135557/received_data/SBE09_1044_20180130_0026_34_02_0033.cnv
* Sea-Bird SBE 9 Data File:
* FileName = C:\ctd\temp\2018\ME18D033.hex
* Software Version Seasave V 7.26.6.26
* Temperature SN = 5351
* Conductivity SN = 3941
* Number of Bytes Per Scan = 41
* Number of Voltage Words = 4
* Number of Scans Averaged by the Deck Unit = 1
* NMEA Latitude = 59 02.50 N
* NMEA Longitude = 021 06.01 E
* NMEA UTC (Time) = Jan 30 2018  00:27:04
* NMEA baud rate = 4800
** Station:  BY28
** Operator:  SSip
** Ship: MERI
** Average sound velocity: 1442.41 m/s
** True-depth calculation Tue, 30 Jan 2018 08:21:14 +0000
** CTD Python Module SMHI /ver 3-12/ feb 2012 
** LIMS Job: 20183402-0033
** Cruise: SMHI-01-2018
** Latitude [GG MM.mm N] :
** Longitude [GG MM.mm E]:
# nquan = 26
# nvalues = 371                         
# units = specified
# name 0 = scan: Scan Count
# name 1 = prDM: Pressure, Digiquartz [db]
# name 2 = t090C: Temperature [ITS-90, deg C]
# name 3 = t190C: Temperature, 2 [ITS-90, deg C]
# name 4 = T2-T190C: Temperature Difference, 2 - 1 [ITS-90, deg C]
# name 5 = c0S/m: Conductivity [S/m]
# name 6 = c1S/m: Conductivity, 2 [S/m]
# name 7 = pumps: Pump Status
# name 8 = sbeox0ML/L: Oxygen, SBE 43 [ml/l]
# name 9 = sbeox1ML/L: Oxygen, SBE 43, 2 [ml/l]
# name 10 = altM: Altimeter [m]
# name 11 = flECO-AFL: Chl-a Fluorescence, WET Labs ECO-AFL/FL [mg/m^3]
# name 12 = flECO-AFL1: Phycocyanin Fluorescence, WET Labs ECO-AFL/FL, 2 [mg/m^3]
# name 13 = par: PAR/Irradiance, Biospherical/Lico [µE/(cm^2*s)]
# name 14 = turbWETntu0: Turbidity, WET Labs ECO [NTU]
# name 15 = sal00: Salinity, Practical [PSU]
# name 16 = sal11: Salinity, Practical, 2 [PSU]
# name 17 = secS-priS: Salinity, Practical, Difference, 2 - 1 [PSU]
# name 18 = sigma-t00: Density [sigma-t, Kg/m^3 ]
# name 19 = sigma-t11: Density, 2 [sigma-t, Kg/m^3 ]
# name 20 = depSM: Depth [salt water, m], lat = 59.0417
# name 21 = depFM: Depth [true depth, m], lat = 59.0417
# name 22 = dz/dtM: Descent Rate [m/s], WS = 2
# name 23 = svCM: Sound Velocity [Chen-Millero, m/s]
# name 24 = svCM1: Sound Velocity, 2 [Chen-Millero, m/s]
# name 25 = flag: flag
# span 0 =       6447,      14614       
# span 1 =      2.000,    187.000       
# span 2 =     4.4605,     6.3419       
# span 3 =     4.4611,     6.3423       
# span 4 =    -0.0215,     0.0057       
# span 5 =   0.771640,   1.260958       
# span 6 =   0.771653,   1.260952       
# span 7 =          1,          1       
# span 8 =    0.01204,    8.16266       
# span 9 =    0.03313,    8.18946       
# span 10 =       3.31,     129.83      
# span 11 =     0.2638,     0.4318      
# span 12 =     0.2650,     0.6638      
# span 13 = -5.664e-05, 6.9940e-02      
# span 14 =     0.1511,     1.0653      
# span 15 =     7.2110,    11.5407      
# span 16 =     7.2107,    11.5406      
# span 17 =    -0.0118,     0.0008      
# span 18 =     5.7199,     9.0432      
# span 19 =     5.7196,     9.0430      
# span 20 =      1.981,    185.167      
# span 21 =      2.025,    189.043      
# span 22 =      0.077,      0.776      
# span 23 =    1433.13,    1449.69      
# span 24 =    1433.14,    1449.69      
# span 25 = 0.0000e+00, 0.0000e+00      
# interval = decibars: 0.5              
# start_time = Jan 30 2018 00:27:05 [NMEA time, first data scan]
# bad_flag = -9.990e-29
*END*
[from data line 56]
       7660     30.000     4.5137     4.5145     0.0008    0.77421    0.77420          1     8.1376     8.0919      45.42     0.4045     0.3428  1.000e-12  0.2139000     7.2231     7.2227    -0.0003     5.7278     5.7275     29.717     30.382      0.380    1433.79    1433.80  0.000e+00
       7690     30.500     4.5134     4.5117    -0.0016    0.77420    0.77409          1     8.1374     8.0859      99.25     0.4093     0.3315  1.000e-12  0.1998000     7.2229     7.2222    -0.0007     5.7277     5.7272     30.213     30.889      0.470    1433.80    1433.79  0.000e+00
       7713     31.000     4.5156     4.5146    -0.0010    0.77427    0.77419          1     8.1337     8.0856      97.87     0.4074     0.3640  1.000e-12  0.2069000     7.2231     7.2226    -0.0006     5.7278     5.7274     30.708     31.395      0.594    1433.82    1433.81  0.000e+00
       7731     31.500     4.5149     4.5155     0.0005    0.77426    0.77424          1     8.1316     8.0955      97.93     0.4081     0.3807  1.000e-12  0.2282000     7.2231     7.2227    -0.0003     5.7278     5.7275     31.203     31.901      0.665    1433.82    1433.83  0.000e+00
       7749     32.000     4.5161     4.5219     0.0057    0.77431    0.77451          1     8.1295     8.1021      97.86     0.3864     0.3642  1.000e-12  0.2343000     7.2233     7.2240     0.0007     5.7279     5.7283     31.698     32.408      0.686    1433.84    1433.86  0.000e+00
       7766     32.500     4.5296     4.5324     0.0029    0.77489    0.77495          1     8.1247     8.1200      97.73     0.3951     0.3459  1.000e-12  0.2148000     7.2261     7.2261     0.0000     5.7297     5.7296     32.193     32.914      0.663    1433.91    1433.92  0.000e+00
       7785     33.000     4.5374     4.5381     0.0007    0.77522    0.77519          1     8.1235     8.0842      97.74     0.3952     0.3341  1.000e-12  0.1990000     7.2276     7.2272    -0.0004     5.7306     5.7303     32.689     33.420      0.600    1433.95    1433.96  0.000e+00
       7807     33.500     4.5313     4.5364     0.0050    0.77497    0.77512          1     8.1262     8.0688      97.80     0.3857     0.3226  1.000e-12  0.2044000     7.2263     7.2268     0.0005     5.7298     5.7300     33.184     33.927      0.510    1433.93    1433.96  0.000e+00
       7833     34.000     4.5358     4.5401     0.0042    0.77516    0.77529          1     8.1246     8.0805      97.72     0.4064     0.3520  1.000e-12  0.2114000     7.2272     7.2275     0.0003     5.7304     5.7305     33.679     34.433      0.415    1433.96    1433.98  0.000e+00
       7863     34.500     4.5388     4.5406     0.0019    0.77525    0.77529          1     8.1128     8.0764      97.68     0.4154     0.3517  1.000e-12  0.2200000     7.2274     7.2273    -0.0001     5.7305     5.7303     34.174     34.940      0.439    1433.98    1433.99  0.000e+00
       7888     35.000     4.5454     4.5454    -0.0001    0.77550    0.77546          1     8.1115     8.0631      97.82     0.3959     0.3082  1.000e-12  0.2290000     7.2284     7.2280    -0.0005     5.7310     5.7307     34.670     35.446      0.581    1434.02    1434.02  0.000e+00
       7906     35.500     4.5583     4.5595     0.0013    0.77614    0.77609          1     8.1138     8.0583      97.85     0.3846     0.3398  1.000e-12  0.2333000     7.2319     7.2311    -0.0008     5.7334     5.7327     35.165     35.952      0.672    1434.09    1434.10  0.000e+00
       7923     36.000     4.5673     4.5679     0.0005    0.77652    0.77649          1     8.1087     8.0669      97.86     0.3844     0.3571  1.000e-12  0.2240000     7.2337     7.2332    -0.0004     5.7345     5.7341     35.660     36.459      0.675    1434.14    1434.14  0.000e+00
       7942     36.500     4.5701     4.5712     0.0012    0.77664    0.77666          1     8.1078     8.0773      39.98     0.3806     0.3326  1.000e-12  0.2365000     7.2342     7.2342    -0.0000     5.7348     5.7347     36.155     36.965      0.613    1434.16    1434.17  0.000e+00
       7963     37.000     4.5710     4.5710    -0.0000    0.77671    0.77664          1     8.1093     8.0532      97.38     0.3719     0.3195  1.000e-12  0.2498000     7.2346     7.2339    -0.0007     5.7351     5.7346     36.651     37.471      0.537    1434.18    1434.17  0.000e+00
       7986     37.500     4.5716     4.5718     0.0003    0.77672    0.77670          1     8.1097     8.0697      66.83     0.3656     0.3383  1.000e-12  0.2167000     7.2346     7.2343    -0.0003     5.7351     5.7348     37.146     37.978      0.497    1434.19    1434.19  0.000e+00
       8011     38.000     4.5731     4.5729    -0.0001    0.77685    0.77678          1     8.1176     8.0698      10.89     0.3683     0.3323  1.000e-12  0.2139000     7.2354     7.2348    -0.0006     5.7357     5.7352     37.641     38.484      0.479    1434.20    1434.20  0.000e+00
       8036     38.500     4.5738     4.5744     0.0006    0.77690    0.77691          1     8.1125     8.0719      72.81     0.3702     0.2994  1.000e-12  0.2062000     7.2358     7.2357    -0.0000     5.7359     5.7359     38.136     38.990      0.484    1434.21    1434.21  0.000e+00
       8061     39.000     4.5743     4.5748     0.0004    0.77709    0.77705          1     8.1114     8.0661      94.30     0.3610     0.3023  1.000e-12  0.2265000     7.2374     7.2370    -0.0004     5.7372     5.7369     38.632     39.497      0.515    1434.22    1434.23  0.000e+00
       8083     39.500     4.5715     4.5726     0.0011    0.77726    0.77722          1     8.1145     8.0721       8.99     0.3714     0.3223  1.000e-12  0.2038000     7.2397     7.2391    -0.0006     5.7391     5.7386     39.127     40.003      0.549    1434.22    1434.23  0.000e+00
       8104     40.000     4.5700     4.5704     0.0004    0.77728    0.77726          1     8.1171     8.0800      59.06     0.3763     0.3330  1.000e-12  0.2352000     7.2401     7.2399    -0.0003     5.7395     5.7393     39.622     40.510      0.563    1434.23    1434.23  0.000e+00
       8126     40.500     4.5692     4.5694     0.0002    0.77728    0.77726          1     8.1156     8.0659      97.29     0.3754     0.3469  1.000e-12  0.2278000     7.2403     7.2400    -0.0003     5.7397     5.7394     40.117     41.016      0.561    1434.23    1434.23  0.000e+00
       8147     41.000     4.5662     4.5668     0.0005    0.77739    0.77739          1     8.1118     8.0467      97.69     0.3659     0.3249  1.000e-12  0.2194000     7.2420     7.2418    -0.0002     5.7411     5.7410     40.613     41.522      0.553    1434.23    1434.23  0.000e+00
       8169     41.500     4.5650     4.5653     0.0003    0.77754    0.77751          1     8.1128     8.0489      65.95     0.3656     0.3442  1.000e-12  0.2225000     7.2436     7.2433    -0.0003     5.7425     5.7422     41.108     42.029      0.562    1434.23    1434.23  0.000e+00
       8190     42.000     4.5656     4.5666     0.0009    0.77771    0.77771          1     8.1109     8.0617      33.87     0.3714     0.3211  1.000e-12  0.2341000     7.2451     7.2450    -0.0001     5.7437     5.7435     41.603     42.535      0.567    1434.24    1434.25  0.000e+00
       8212     42.500     4.5691     4.5695     0.0005    0.77803    0.77800          1     8.0952     8.0575      96.74     0.3545     0.2759  1.000e-12  0.2406000     7.2476     7.2471    -0.0004     5.7455     5.7451     42.098     43.041      0.514    1434.27    1434.27  0.000e+00
       8238     43.000     4.5695     4.5705     0.0010    0.77807    0.77807          1     8.0972     8.0711      97.63     0.3646     0.3290  1.000e-12  0.2229000     7.2478     7.2476    -0.0002     5.7456     5.7454     42.593     43.548      0.441    1434.28    1434.28  0.000e+00
       8265     43.500     4.5716     4.5715    -0.0002    0.77822    0.77816          1     8.1059     8.0777      97.55     0.3735     0.3510  1.000e-12  0.2276000     7.2488     7.2482    -0.0006     5.7463     5.7458     43.089     44.054      0.490    1434.30    1434.30  0.000e+00
       8287     44.000     4.5725     4.5720    -0.0005    0.77829    0.77819          1     8.1057     8.0704      80.27     0.3747     0.3017  1.000e-12  0.2288000     7.2492     7.2483    -0.0009     5.7466     5.7460     43.584     44.560      0.633    1434.31    1434.31  0.000e+00
       8304     44.500     4.5712     4.5723     0.0011    0.77821    0.77822          1     8.1055     8.0653       5.11     0.3505     0.3019  1.000e-12  0.2286000     7.2487     7.2485    -0.0002     5.7463     5.7461     44.079     45.067      0.696    1434.31    1434.32  0.000e+00
       8321     45.000     4.5739     4.5742     0.0003    0.77839    0.77835          1     8.0996     8.0595      36.73     0.3459     0.3316  1.000e-12  0.2289000     7.2498     7.2493    -0.0005     5.7471     5.7466     44.574     45.573      0.644    1434.33    1434.34  0.000e+00
       8342     45.500     4.5744     4.5747     0.0003    0.77843    0.77840          1     8.0997     8.0589      95.26     0.3613     0.3705  1.000e-12  0.2291000     7.2500     7.2496    -0.0004     5.7472     5.7469     45.070     46.080      0.490    1434.35    1434.35  0.000e+00
       8372     46.000     4.5754     4.5750    -0.0004    0.77850    0.77842          1     8.0986     8.0579      97.50     0.3599     0.3426  1.000e-12  0.2108000     7.2504     7.2497    -0.0007     5.7475     5.7469     45.565     46.586      0.400    1434.36    1434.36  0.000e+00
       8399     46.500     4.5791     4.5792     0.0001    0.77870    0.77865          1     8.1062     8.0588      97.48     0.3574     0.4757  1.000e-12  0.2179000     7.2515     7.2510    -0.0005     5.7483     5.7479     46.060     47.092      0.515    1434.38    1434.38  0.000e+00
       8420     47.000     4.5797     4.5803     0.0005    0.77873    0.77871          1     8.1043     8.0644      97.47     0.3529     0.6638  1.000e-12  0.2237000     7.2517     7.2513    -0.0004     5.7483     5.7481     46.555     47.599      0.608    1434.39    1434.40  0.000e+00
       8439     47.500     4.5799     4.5807     0.0008    0.77874    0.77873          1     8.0985     8.0616      97.50     0.3630     0.3057  1.000e-12  0.2415000     7.2517     7.2514    -0.0002     5.7483     5.7481     47.050     48.105      0.623    1434.40    1434.41  0.000e+00
       8459     48.000     4.5805     4.5805    -0.0000    0.77880    0.77873          1     8.0912     8.0489      97.49     0.3644     0.3109  1.000e-12  0.2552000     7.2520     7.2514    -0.0007     5.7486     5.7481     47.546     48.611      0.577    1434.41    1434.41  0.000e+00
       8481     48.500     4.5801     4.5818     0.0017    0.77878    0.77883          1     8.0912     8.0478      97.59     0.3696     0.3569  1.000e-12  0.2728000     7.2518     7.2519     0.0001     5.7485     5.7485     48.041     49.118      0.513    1434.42    1434.43  0.000e+00
       8506     49.000     4.5854     4.5858     0.0004    0.77909    0.77905          1     8.0988     8.0438      91.19     0.3655     0.3440  1.000e-12  0.2584000     7.2537     7.2532    -0.0005     5.7498     5.7494     48.536     49.624      0.469    1434.45    1434.46  0.000e+00
       8531     49.500     4.6164     4.6198     0.0034    0.78075    0.78084          1     8.0776     8.0387      87.71     0.3569     0.2917  1.000e-12  0.2362000     7.2634     7.2636     0.0002     5.7565     5.7565     49.031     50.130      0.479    1434.61    1434.63  0.000e+00
       8556     50.000     4.6247     4.6253     0.0006    0.78159    0.78156          1     8.0646     8.0280      97.90     0.3645     0.3194  1.000e-12  0.2345000     7.2700     7.2695    -0.0005     5.7614     5.7610     49.526     50.637      0.529    1434.67    1434.67  0.000e+00
       8577     50.500     4.6254     4.6260     0.0005    0.78224    0.78212          1     8.0560     8.0231      97.73     0.3660     0.3440  1.000e-12  0.2370000     7.2762     7.2749    -0.0013     5.7663     5.7653     50.022     51.143      0.600    1434.68    1434.68  0.000e+00
       8596     51.000     4.6233     4.6239     0.0006    0.78267    0.78261          1     8.0523     8.0190      97.78     0.3543     0.3027  1.000e-12  0.2471000     7.2810     7.2802    -0.0007     5.7701     5.7695     50.517     51.649      0.621    1434.69    1434.69  0.000e+00
       8616     51.500     4.6214     4.6217     0.0003    0.78294    0.78291          1     8.0472     8.0149      97.98     0.3525     0.3487  1.000e-12  0.2464000     7.2840     7.2836    -0.0003     5.7726     5.7723     51.012     52.156      0.546    1434.69    1434.69  0.000e+00
       8641     52.000     4.6177     4.6186     0.0008    0.78341    0.78334          1     8.0358     8.0049      98.18     0.3414     0.3427  1.000e-12  0.2457000     7.2894     7.2885    -0.0009     5.7771     5.7763     51.507     52.662      0.429    1434.69    1434.69  0.000e+00
       8671     52.500     4.6152     4.6159     0.0006    0.78379    0.78373          1     8.0339     7.9937      98.25     0.3491     0.3223  1.000e-12  0.2869000     7.2937     7.2930    -0.0007     5.7805     5.7799     52.002     53.168      0.464    1434.69    1434.69  0.000e+00
       8693     53.000     4.6125     4.6126     0.0001    0.78425    0.78430          1     8.0412     7.9982      98.38     0.3269     0.3096  1.000e-12  0.2384000     7.2989     7.2993     0.0004     5.7847     5.7850     52.498     53.675      0.597    1434.69    1434.70  0.000e+00
       8712     53.500     4.6102     4.6107     0.0006    0.78463    0.78457          1     8.0465     7.9996      98.42     0.3363     0.3321  1.000e-12  0.2370000     7.3031     7.3024    -0.0007     5.7881     5.7876     52.993     54.181      0.642    1434.70    1434.70  0.000e+00
       8731     54.000     4.6089     4.6095     0.0005    0.78474    0.78470          1     8.0432     7.9995      98.46     0.3479     0.4070  1.000e-12  0.2541000     7.3044     7.3039    -0.0005     5.7892     5.7888     53.488     54.687      0.576    1434.70    1434.70  0.000e+00
       8755     54.500     4.6084     4.6093     0.0009    0.78473    0.78469          1     8.0421     8.0024      98.49     0.3529     0.3031  1.000e-12  0.2890000     7.3043     7.3037    -0.0006     5.7891     5.7887     53.983     55.194      0.468    1434.71    1434.71  0.000e+00
       8781     55.000     4.6081     4.6085     0.0004    0.78493    0.78489          1     8.0403     8.0013      98.52     0.3408     0.3171  1.000e-12  0.2795000     7.3063     7.3058    -0.0005     5.7908     5.7903     54.478     55.700      0.487    1434.72    1434.72  0.000e+00
       8804     55.500     4.6072     4.6077     0.0005    0.78553    0.78551          1     8.0312     7.9992      98.52     0.3304     0.2876  1.000e-12  0.2609000     7.3125     7.3122    -0.0003     5.7957     5.7954     54.974     56.206      0.532    1434.73    1434.73  0.000e+00
       8827     56.000     4.6030     4.6034     0.0004    0.78614    0.78608          1     8.0207     7.9857      98.54     0.3131     0.3010  1.000e-12  0.2666000     7.3195     7.3188    -0.0006     5.8013     5.8008     55.469     56.713      0.520    1434.73    1434.73  0.000e+00
       8850     56.500     4.6016     4.6024     0.0008    0.78628    0.78626          1     8.0204     7.9971      98.55     0.3525     0.2953  1.000e-12  0.2850000     7.3211     7.3207    -0.0004     5.8027     5.8023     55.964     57.219      0.515    1434.73    1434.73  0.000e+00
       8873     57.000     4.6063     4.6058    -0.0005    0.78653    0.78644          1     8.0186     7.9893      98.56     0.3285     0.3112  1.000e-12  0.2764000     7.3224     7.3217    -0.0008     5.8036     5.8030     56.459     57.725      0.547    1434.76    1434.76  0.000e+00
