ctdpy/exports/archive_20191120_135557/received_data/SBE09_0827_20181121_0852_26_01_1210.cnv
* Sea-Bird SBE 9 Data File:
* FileName = D:\CTD_SBE911\DAT\26DA.2018.12.10.hex
* Software Version Seasave V 7.21d
* Temperature SN = 4548
* Conductivity SN = 3062
* Number of Bytes Per Scan = 48
* Number of Voltage Words = 5
* Number of Scans Averaged by the Deck Unit = 1
* NMEA Latitude = 55 38.95 N
* NMEA Longitude = 014 33.01 E
* NMEA UTC (Time) = Nov 21 2018  08:53:34
* NMEA baud rate = 4800
** Ship: DANA
** Average sound velocity: 1450.02 m/s
** True-depth calculation Tue, 02 Apr 2019 12:12:11 +0000
** CTD Python Module SMHI /ver 3-12/ feb 2012 
** LIMS Job: 20182601-1210
** Operator: Ronny
** Cruise: 12/2018
# nquan = 26
# nvalues = 98                          
# units = specified
# name 0 = scan: Scan Count
# name 1 = prDM: Pressure, Digiquartz [db]
# name 2 = t090C: Temperature [ITS-90, deg C]
# name 3 = t190C: Temperature, 2 [ITS-90, deg C]
# name 4 = T2-T190C: Temperature Difference, 2 - 1 [ITS-90, deg C]
# name 5 = c0S/m: Conductivity [S/m]
# name 6 = c1S/m: Conductivity, 2 [S/m]
# name 7 = pumps: Pump Status
# name 8 = sbeox1ML/L: Oxygen, SBE 43, 2 [ml/l]
# name 9 = sbeox0ML/L: Oxygen, SBE 43 [ml/l]
# name 10 = altM: Altimeter [m]
# name 11 = chloroflTC0: Chlorophyll, Turner Cyclops [ug/l]
# name 12 = cpar: CPAR/Corrected Irradiance [%]
# name 13 = par: PAR/Irradiance, Biospherical/Lico [µE/(cm^2*s)]
# name 14 = spar: SPAR, Biospherical/Licor
# name 15 = sal00: Salinity, Practical [PSU]
# name 16 = sal11: Salinity, Practical, 2 [PSU]
# name 17 = secS-priS: Salinity, Practical, Difference, 2 - 1 [PSU]
# name 18 = sigma-t00: Density [sigma-t, kg/m^3 ]
# name 19 = sigma-t11: Density, 2 [sigma-t, kg/m^3 ]
# name 20 = depSM: Depth [salt water, m], lat = 55.6492
# name 21 = depFM: Depth [true depth, m], lat = 55.6492
# name 22 = dz/dtM: Descent Rate [m/s], WS = 2
# name 23 = svCM: Sound Velocity [Chen-Millero, m/s]
# name 24 = svCM1: Sound Velocity, 2 [Chen-Millero, m/s]
# name 25 = flag: flag
# span 0 =         15,       4960       
# span 1 =      2.000,     50.500       
# span 2 =     8.1857,     8.2471       
# span 3 =     8.1866,     8.2554       
# span 4 =    -0.0050,     0.0116       
# span 5 =   0.903179,   0.906380       
# span 6 =   0.903192,   0.906720       
# span 7 =          1,          1       
# span 8 =     7.3278,     7.3821       
# span 9 =     7.5636,     7.5996       
# span 10 =       1.98,       9.99      
# span 11 =     0.0269,     0.0310      
# span 12 = 1.4241e-12, 6.0217e+00      
# span 13 = 1.0000e-12, 4.0356e+00      
# span 14 = 6.7018e+01, 7.0237e+01      
# span 15 =     7.6571,     7.6672      
# span 16 =     7.6570,     7.6683      
# span 17 =    -0.0010,     0.0018      
# span 18 =     5.8544,     5.8572      
# span 19 =     5.8543,     5.8573      
# span 20 =      1.982,     50.036      
# span 21 =      2.025,     51.137      
# span 22 =     -0.047,      1.003      
# span 23 =    1449.52,    1450.54      
# span 24 =    1449.52,    1450.59      
# span 25 = 0.0000e+00, 0.0000e+00      
# interval = decibars: 0.5              
# start_time = Nov 21 2018 08:53:35 [NMEA time, first data scan]
# bad_flag = -9.990e-29
*END*
         15      2.000     8.1857     8.1866     0.0009    0.90318    0.90319          1     7.3821     7.5941       9.99     0.0283  6.022e+00  4.036e+00  6.702e+01     7.6571     7.6570    -0.0001     5.8545     5.8544      1.982      2.025     -0.047    1449.52    1449.52  0.000e+00
         35      2.500     8.1869     8.1876     0.0008    0.90322    0.90323          1     7.3776     7.5883       9.99     0.0279  5.082e+00  3.406e+00  6.702e+01     7.6572     7.6571    -0.0000     5.8544     5.8544      2.477      2.532      0.413    1449.53    1449.54  0.000e+00
        143      3.000     8.1879     8.1882     0.0003    0.90327    0.90326          1     7.3692     7.5996       9.99     0.0289  4.016e+00  2.692e+00  6.702e+01     7.6573     7.6571    -0.0002     5.8545     5.8543      2.973      3.038      0.322    1449.55    1449.55  0.000e+00
        430      3.500     8.1885     8.1887     0.0002    0.90329    0.90328          1     7.3416     7.5904       9.98     0.0280  3.334e+00  2.235e+00  6.702e+01     7.6573     7.6571    -0.0001     5.8544     5.8543      3.468      3.544      1.003    1449.55    1449.56  0.000e+00
        442      4.000     8.1876     8.1880     0.0004    0.90325    0.90326          1     7.3399     7.5938       9.98     0.0276  2.725e+00  1.827e+00  6.702e+01     7.6571     7.6571    -0.0001     5.8544     5.8543      3.964      4.050      0.975    1449.56    1449.56  0.000e+00
        456      4.500     8.1880     8.1884     0.0005    0.90328    0.90328          1     7.3401     7.5956       9.98     0.0283  2.193e+00  1.470e+00  6.702e+01     7.6572     7.6571    -0.0001     5.8544     5.8543      4.459      4.557      0.659    1449.57    1449.57  0.000e+00
        561      5.000     8.1933     8.1931    -0.0002    0.90359    0.90355          1     7.3644     7.5968       9.98     0.0290  1.923e+00  1.289e+00  6.702e+01     7.6588     7.6585    -0.0003     5.8552     5.8550      4.955      5.063      0.422    1449.60    1449.60  0.000e+00
        600      5.500     8.1949     8.1952     0.0004    0.90371    0.90369          1     7.3701     7.5897       9.98     0.0295  1.622e+00  1.087e+00  6.702e+01     7.6595     7.6592    -0.0003     5.8556     5.8554      5.450      5.569      0.352    1449.62    1449.62  0.000e+00
        647      6.000     8.1961     8.1962     0.0002    0.90377    0.90374          1     7.3774     7.5863       9.98     0.0304  1.429e+00  9.579e-01  6.702e+01     7.6597     7.6594    -0.0003     5.8557     5.8554      5.945      6.076      0.219    1449.63    1449.63  0.000e+00
        710      6.500     8.1982     8.2032     0.0050    0.90386    0.90408          1     7.3687     7.5845       9.97     0.0299  1.273e+00  8.532e-01  6.702e+01     7.6600     7.6610     0.0009     5.8558     5.8561      6.441      6.582      0.223    1449.65    1449.67  0.000e+00
        754      7.000     8.2023     8.2039     0.0017    0.90413    0.90416          1     7.3552     7.5950       9.97     0.0292  1.101e+00  7.376e-01  6.702e+01     7.6615     7.6615    -0.0000     5.8566     5.8564      6.936      7.088      0.354    1449.67    1449.68  0.000e+00
        793      7.500     8.2051     8.2063     0.0012    0.90421    0.90423          1     7.3606     7.5919       9.97     0.0293  9.136e-01  6.123e-01  6.702e+01     7.6616     7.6615    -0.0002     5.8564     5.8562      7.432      7.595      0.262    1449.69    1449.70  0.000e+00
        867      8.000     8.2060     8.2067     0.0007    0.90420    0.90420          1     7.3511     7.5894       9.97     0.0299  7.891e-01  5.289e-01  6.702e+01     7.6612     7.6611    -0.0001     5.8560     5.8559      7.927      8.101      0.278    1449.70    1449.71  0.000e+00
        907      8.500     8.2061     8.2066     0.0006    0.90420    0.90421          1     7.3642     7.5885       9.97     0.0294  6.582e-01  4.411e-01  6.702e+01     7.6611     7.6612     0.0000     5.8559     5.8559      8.423      8.607      0.261    1449.71    1449.71  0.000e+00
        957      9.000     8.2061     8.2066     0.0005    0.90421    0.90421          1     7.3696     7.5900       9.97     0.0281  5.385e-01  3.609e-01  6.702e+01     7.6611     7.6611    -0.0001     5.8560     5.8559      8.918      9.113      0.235    1449.72    1449.72  0.000e+00
       1011      9.500     8.2062     8.2064     0.0002    0.90418    0.90418          1     7.3730     7.5871       9.97     0.0282  4.455e-01  2.986e-01  6.702e+01     7.6608     7.6608    -0.0001     5.8557     5.8556      9.414      9.620      0.228    1449.73    1449.73  0.000e+00
       1057     10.000     8.2054     8.2058     0.0004    0.90416    0.90414          1     7.3740     7.5915       9.97     0.0291  3.403e-01  2.281e-01  6.702e+01     7.6608     7.6606    -0.0002     5.8557     5.8555      9.909     10.126      0.254    1449.73    1449.73  0.000e+00
       1113     10.500     8.2052     8.2057     0.0004    0.90415    0.90416          1     7.3664     7.5805       9.97     0.0293  2.736e-01  1.834e-01  6.702e+01     7.6607     7.6607    -0.0000     5.8557     5.8556     10.405     10.632      0.227    1449.74    1449.74  0.000e+00
       1157     11.000     8.2052     8.2062     0.0010    0.90415    0.90416          1     7.3560     7.5864       9.97     0.0293  2.043e-01  1.369e-01  6.702e+01     7.6606     7.6605    -0.0001     5.8556     5.8555     10.900     11.139      0.271    1449.75    1449.75  0.000e+00
       1206     11.500     8.2067     8.2075     0.0008    0.90419    0.90421          1     7.3521     7.5818       9.96     0.0281  1.315e-01  8.812e-02  6.702e+01     7.6606     7.6606    -0.0001     5.8555     5.8554     11.395     11.645      0.248    1449.76    1449.76  0.000e+00
       1254     12.000     8.2071     8.2076     0.0004    0.90421    0.90420          1     7.3564     7.5820       9.96     0.0282  9.073e-02  6.080e-02  6.702e+01     7.6606     7.6605    -0.0002     5.8555     5.8553     11.891     12.151      0.227    1449.77    1449.77  0.000e+00
       1319     12.500     8.2059     8.2052    -0.0007    0.90415    0.90413          1     7.3676     7.5841       9.96     0.0287  2.775e-02  1.860e-02  6.702e+01     7.6603     7.6602    -0.0001     5.8553     5.8553     12.386     12.658      0.319    1449.78    1449.77  0.000e+00
       1349     13.000     8.2023     8.2025     0.0002    0.90402    0.90402          1     7.3748     7.5869       9.96     0.0281  6.426e-04  4.306e-04  6.702e+01     7.6598     7.6598    -0.0000     5.8552     5.8552     12.882     13.164      0.314    1449.77    1449.77  0.000e+00
       1424     13.500     8.2014     8.2021     0.0006    0.90400    0.90401          1     7.3578     7.5931       9.96     0.0284  1.779e-05  1.193e-05  6.702e+01     7.6597     7.6597    -0.0000     5.8552     5.8551     13.377     13.670      0.298    1449.77    1449.77  0.000e+00
       1461     14.000     8.2015     8.2014    -0.0002    0.90401    0.90399          1     7.3728     7.5846       9.96     0.0289  1.492e-12  1.000e-12  6.702e+01     7.6598     7.6596    -0.0002     5.8553     5.8551     13.873     14.177      0.286    1449.78    1449.78  0.000e+00
       1526     14.500     8.2007     8.2019     0.0012    0.90397    0.90400          1     7.3597     7.5851       9.96     0.0274  1.492e-12  1.000e-12  6.702e+01     7.6595     7.6596     0.0000     5.8551     5.8551     14.368     14.683      0.281    1449.78    1449.79  0.000e+00
       1562     15.000     8.2052     8.2063     0.0011    0.90415    0.90418          1     7.3701     7.5906       9.96     0.0281  1.492e-12  1.000e-12  6.702e+01     7.6601     7.6601     0.0000     5.8552     5.8552     14.863     15.189      0.401    1449.81    1449.82  0.000e+00
       1605     15.500     8.2062     8.2063     0.0001    0.90421    0.90420          1     7.3699     7.5891       9.96     0.0288  1.492e-12  1.000e-12  6.702e+01     7.6604     7.6603    -0.0001     5.8553     5.8553     15.359     15.695      0.245    1449.82    1449.82  0.000e+00
       1677     16.000     8.2069     8.2075     0.0005    0.90424    0.90425          1     7.3566     7.5850       9.96     0.0274  1.492e-12  1.000e-12  6.702e+01     7.6605     7.6604    -0.0001     5.8554     5.8553     15.854     16.202      0.283    1449.83    1449.84  0.000e+00
       1709     16.500     8.2067     8.2074     0.0007    0.90423    0.90424          1     7.3695     7.5866       9.96     0.0281  1.492e-12  1.000e-12  6.702e+01     7.6604     7.6603    -0.0001     5.8553     5.8552     16.350     16.708      0.370    1449.84    1449.84  0.000e+00
       1747     17.000     8.2068     8.2070     0.0003    0.90424    0.90423          1     7.3685     7.5914       9.96     0.0281  1.492e-12  1.000e-12  6.702e+01     7.6603     7.6602    -0.0001     5.8553     5.8552     16.845     17.214      0.241    1449.85    1449.85  0.000e+00
       1814     17.500     8.2067     8.2050    -0.0018    0.90426    0.90415          1     7.3703     7.5852       9.96     0.0279  1.489e-12  1.000e-12  6.716e+01     7.6604     7.6599    -0.0006     5.8553     5.8551     17.341     17.721      0.243    1449.86    1449.85  0.000e+00
       1853     18.000     8.2052     8.2050    -0.0002    0.90418    0.90416          1     7.3738     7.5837       9.96     0.0281  1.486e-12  1.000e-12  6.732e+01     7.6600     7.6599    -0.0001     5.8551     5.8551     17.836     18.227      0.401    1449.86    1449.86  0.000e+00
       1881     18.500     8.2068     8.2072     0.0004    0.90422    0.90422          1     7.3753     7.5769       9.96     0.0277  1.484e-12  1.000e-12  6.741e+01     7.6600     7.6599    -0.0001     5.8550     5.8549     18.331     18.733      0.382    1449.87    1449.88  0.000e+00
       1925     19.000     8.2070     8.2068    -0.0001    0.90425    0.90423          1     7.3648     7.5794       9.96     0.0277  1.485e-12  1.000e-12  6.736e+01     7.6601     7.6600    -0.0001     5.8551     5.8550     18.827     19.240      0.206    1449.88    1449.88  0.000e+00
       2007     19.500     8.2075     8.2084     0.0009    0.90429    0.90430          1     7.3618     7.5871       9.96     0.0287  1.468e-12  1.000e-12  6.814e+01     7.6603     7.6602    -0.0001     5.8552     5.8551     19.322     19.746      0.223    1449.89    1449.90  0.000e+00
       2059     20.000     8.2089     8.2088    -0.0001    0.90433    0.90432          1     7.3588     7.5780       9.96     0.0282  1.474e-12  1.000e-12  6.785e+01     7.6603     7.6603    -0.0000     5.8551     5.8550     19.818     20.252      0.420    1449.91    1449.91  0.000e+00
       2083     20.500     8.2071     8.2069    -0.0002    0.90427    0.90426          1     7.3553     7.5758       9.96     0.0293  1.478e-12  1.000e-12  6.766e+01     7.6602     7.6601    -0.0001     5.8551     5.8550     20.313     20.758      0.497    1449.91    1449.90  0.000e+00
       2109     21.000     8.2078     8.2090     0.0011    0.90433    0.90436          1     7.3551     7.5786       9.96     0.0283  1.458e-12  1.000e-12  6.859e+01     7.6604     7.6605     0.0001     5.8552     5.8552     20.808     21.265      0.386    1449.92    1449.92  0.000e+00
       2167     21.500     8.2097     8.2134     0.0037    0.90441    0.90454          1     7.3697     7.5865       9.96     0.0281  1.450e-12  1.000e-12  6.896e+01     7.6608     7.6611     0.0004     5.8553     5.8553     21.304     21.771      0.210    1449.93    1449.95  0.000e+00
       2228     22.000     8.2131     8.2145     0.0013    0.90454    0.90453          1     7.3737     7.5826       9.96     0.0276  1.452e-12  1.000e-12  6.887e+01     7.6611     7.6607    -0.0004     5.8553     5.8549     21.799     22.277      0.262    1449.96    1449.96  0.000e+00
       2268     22.500     8.2127     8.2121    -0.0006    0.90447    0.90442          1     7.3744     7.5700       9.96     0.0277  1.448e-12  1.000e-12  6.905e+01     7.6605     7.6602    -0.0003     5.8548     5.8547     22.295     22.784      0.344    1449.96    1449.96  0.000e+00
       2303     23.000     8.2084     8.2075    -0.0010    0.90430    0.90426          1     7.3609     7.5852       9.96     0.0280  1.450e-12  1.000e-12  6.899e+01     7.6598     7.6596    -0.0002     5.8547     5.8546     22.790     23.290      0.282    1449.95    1449.95  0.000e+00
       2392     23.500     8.2071     8.2067    -0.0004    0.90427    0.90424          1     7.3716     7.5854       9.96     0.0279  1.451e-12  1.000e-12  6.891e+01     7.6597     7.6595    -0.0002     5.8548     5.8546     23.285     23.796      0.274    1449.95    1449.95  0.000e+00
       2428     24.000     8.2078     8.2092     0.0013    0.90433    0.90436          1     7.3694     7.5905       9.96     0.0277  1.449e-12  1.000e-12  6.900e+01     7.6600     7.6601     0.0000     5.8549     5.8549     23.781     24.303      0.435    1449.97    1449.97  0.000e+00
       2455     24.500     8.2093     8.2092    -0.0001    0.90438    0.90437          1     7.3532     7.5910       9.96     0.0287  1.457e-12  1.000e-12  6.863e+01     7.6602     7.6601    -0.0001     5.8549     5.8549     24.276     24.809      0.421    1449.98    1449.98  0.000e+00
       2489     25.000     8.2072     8.2074     0.0002    0.90430    0.90429          1     7.3475     7.5730       9.96     0.0281  1.455e-12  1.000e-12  6.873e+01     7.6598     7.6597    -0.0001     5.8548     5.8547     24.772     25.315      0.294    1449.98    1449.98  0.000e+00
       2543     25.500     8.2077     8.2103     0.0026    0.90433    0.90443          1     7.3681     7.5802       9.96     0.0283  1.450e-12  1.000e-12  6.897e+01     7.6600     7.6603     0.0003     5.8549     5.8549     25.267     25.822      0.187    1449.99    1450.00  0.000e+00
       2605     26.000     8.2097     8.2107     0.0011    0.90443    0.90446          1     7.3659     7.5845       9.96     0.0277  1.460e-12  1.000e-12  6.849e+01     7.6603     7.6604     0.0000     5.8550     5.8550     25.763     26.328      0.259    1450.01    1450.01  0.000e+00
       2641     26.500     8.2096     8.2104     0.0008    0.90444    0.90446          1     7.3623     7.5802       9.96     0.0278  1.460e-12  1.000e-12  6.850e+01     7.6604     7.6604    -0.0000     5.8551     5.8550     26.258     26.834      0.420    1450.01    1450.02  0.000e+00
       2666     27.000     8.2093     8.2097     0.0004    0.90444    0.90445          1     7.3666     7.5818       9.96     0.0291  1.475e-12  1.000e-12  6.779e+01     7.6604     7.6604    -0.0000     5.8551     5.8550     26.753     27.340      0.468    1450.02    1450.02  0.000e+00
       2695     27.500     8.2096     8.2103     0.0007    0.90446    0.90447          1     7.3666     7.5777       9.96     0.0287  1.448e-12  1.000e-12  6.904e+01     7.6605     7.6604    -0.0001     5.8551     5.8550     27.249     27.847      0.317    1450.03    1450.03  0.000e+00
       2781     28.000     8.2102     8.2104     0.0002    0.90449    0.90448          1     7.3698     7.5819       9.96     0.0280  1.456e-12  1.000e-12  6.868e+01     7.6606     7.6604    -0.0002     5.8551     5.8550     27.744     28.353      0.363    1450.04    1450.04  0.000e+00
       2802     28.500     8.2110     8.2105    -0.0004    0.90454    0.90449          1     7.3593     7.5844       9.96     0.0276  1.466e-12  1.000e-12  6.823e+01     7.6607     7.6604    -0.0003     5.8552     5.8550     28.240     28.859      0.593    1450.05    1450.05  0.000e+00
       2821     29.000     8.2107     8.2103    -0.0004    0.90452    0.90449          1     7.3658     7.5882       9.96     0.0269  1.479e-12  1.000e-12  6.763e+01     7.6606     7.6604    -0.0002     5.8551     5.8550     28.735     29.366      0.560    1450.06    1450.06  0.000e+00
