ctdpy/exports/archive_20191120_135557/received_data/SBE09_0827_20181124_2007_26_01_1240.cnv
* Sea-Bird SBE 9 Data File:
* FileName = D:\CTD_SBE911\DAT\26DA.2018.12.40.hex
* Software Version Seasave V 7.21d
* Temperature SN = 4548
* Conductivity SN = 3062
* Number of Bytes Per Scan = 48
* Number of Voltage Words = 5
* Number of Scans Averaged by the Deck Unit = 1
* NMEA Latitude = 57 29.41 N
* NMEA Longitude = 017 44.42 E
* NMEA UTC (Time) = Nov 24 2018  20:07:43
* NMEA baud rate = 4800
** Ship: DANA
** Average sound velocity: 1442.08 m/s
** True-depth calculation Tue, 02 Apr 2019 12:14:31 +0000
** CTD Python Module SMHI /ver 3-12/ feb 2012 
** LIMS Job: 20182601-1240
** Operator: Ronny
** Cruise: 12/2018
# nquan = 26
# nvalues = 197                         
# units = specified
# name 0 = scan: Scan Count
# name 1 = prDM: Pressure, Digiquartz [db]
# name 2 = t090C: Temperature [ITS-90, deg C]
# name 3 = t190C: Temperature, 2 [ITS-90, deg C]
# name 4 = T2-T190C: Temperature Difference, 2 - 1 [ITS-90, deg C]
# name 5 = c0S/m: Conductivity [S/m]
# name 6 = c1S/m: Conductivity, 2 [S/m]
# name 7 = pumps: Pump Status
# name 8 = sbeox1ML/L: Oxygen, SBE 43, 2 [ml/l]
# name 9 = sbeox0ML/L: Oxygen, SBE 43 [ml/l]
# name 10 = altM: Altimeter [m]
# name 11 = chloroflTC0: Chlorophyll, Turner Cyclops [ug/l]
# name 12 = cpar: CPAR/Corrected Irradiance [%]
# name 13 = par: PAR/Irradiance, Biospherical/Lico [µE/(cm^2*s)]
# name 14 = spar: SPAR, Biospherical/Licor
# name 15 = sal00: Salinity, Practical [PSU]
# name 16 = sal11: Salinity, Practical, 2 [PSU]
# name 17 = secS-priS: Salinity, Practical, Difference, 2 - 1 [PSU]
# name 18 = sigma-t00: Density [sigma-t, kg/m^3 ]
# name 19 = sigma-t11: Density, 2 [sigma-t, kg/m^3 ]
# name 20 = depSM: Depth [salt water, m], lat = 57.4902
# name 21 = depFM: Depth [true depth, m], lat = 57.4902
# name 22 = dz/dtM: Descent Rate [m/s], WS = 2
# name 23 = svCM: Sound Velocity [Chen-Millero, m/s]
# name 24 = svCM1: Sound Velocity, 2 [Chen-Millero, m/s]
# name 25 = flag: flag
# span 0 =         52,       9042       
# span 1 =      1.000,     99.000       
# span 2 =     4.1284,     7.3425       
# span 3 =     4.1208,     7.3435       
# span 4 =    -0.1782,     0.0471       
# span 5 =   0.784645,   1.149588       
# span 6 =   0.784646,   1.150064       
# span 7 =          1,          1       
# span 8 =     0.0989,     7.6874       
# span 9 =     0.0511,     7.9255       
# span 10 =       1.60,       9.96      
# span 11 =     0.0158,     0.0288      
# span 12 = 4.9241e-11, 4.9241e-11      
# span 13 = 1.0000e-12, 1.0000e-12      
# span 14 = 2.0308e+00, 2.0308e+00      
# span 15 =     6.8270,    10.6315      
# span 16 =     6.8269,    10.6357      
# span 17 =    -0.0009,     0.0515      
# span 18 =     5.2984,     8.3640      
# span 19 =     5.2983,     8.3671      
# span 20 =      0.991,     98.064      
# span 21 =      1.013,    100.210      
# span 22 =      0.049,      0.303      
# span 23 =    1433.38,    1445.75      
# span 24 =    1433.31,    1445.76      
# span 25 = 0.0000e+00, 0.0000e+00      
# interval = decibars: 0.5              
# start_time = Nov 24 2018 20:07:44 [NMEA time, first data scan]
# bad_flag = -9.990e-29
*END*
[from data line 112]
       5216     57.000     4.8515     4.7731    -0.0785    0.80848    0.80871          1     6.1876     6.3160       9.96     0.0161  4.924e-11  1.000e-12  2.031e+00     7.4867     7.5066     0.0199     5.9250     5.9437     56.466     57.744      0.271    1436.06    1435.74  0.000e+00
       5260     57.500     4.6710     4.5849    -0.0859    0.80814    0.80781          1     6.1031     6.2318       9.96     0.0159  4.924e-11  1.000e-12  2.031e+00     7.5241     7.5404     0.0162     5.9612     5.9771     56.962     58.250      0.270    1435.31    1434.95  0.000e+00
       5307     58.000     4.5395     4.4769    -0.0625    0.80738    0.80716          1     6.0833     6.2148       9.96     0.0159  4.924e-11  1.000e-12  2.031e+00     7.5463     7.5585     0.0121     5.9833     5.9950     57.457     58.756      0.258    1434.77    1434.50  0.000e+00
       5350     58.500     4.4694     4.4245    -0.0450    0.80823    0.80952          1     6.0179     6.1632       9.96     0.0159  4.924e-11  1.000e-12  2.031e+00     7.5709     7.5942     0.0233     6.0051     6.0250     57.952     59.263      0.287    1434.50    1434.32  0.000e+00
       5395     59.000     4.3708     4.3112    -0.0595    0.81087    0.81138          1     5.8535     5.9970       9.96     0.0159  4.924e-11  1.000e-12  2.031e+00     7.6202     7.6391     0.0190     6.0473     6.0641     58.447     59.769      0.254    1434.13    1433.89  0.000e+00
       5440     59.500     4.2664     4.2342    -0.0322    0.81240    0.81321          1     5.7408     5.8730       9.96     0.0159  4.924e-11  1.000e-12  2.031e+00     7.6598     7.6755     0.0158     6.0818     6.0953     58.943     60.275      0.286    1433.72    1433.60  0.000e+00
       5482     60.000     4.2549     4.2583     0.0034    0.81468    0.81605          1     5.6481     5.7970       9.96     0.0159  4.924e-11  1.000e-12  2.031e+00     7.6855     7.6987     0.0131     6.1026     6.1129     59.438     60.781      0.266    1433.71    1433.74  0.000e+00
       5529     60.500     4.2884     4.2877    -0.0007    0.81838    0.81915          1     5.5655     5.7022       9.96     0.0159  4.924e-11  1.000e-12  2.031e+00     7.7151     7.7231     0.0080     6.1251     6.1315     59.933     61.287      0.260    1433.90    1433.91  0.000e+00
       5573     61.000     4.2998     4.2911    -0.0088    0.82105    0.82251          1     5.4721     5.5979       9.96     0.0159  4.924e-11  1.000e-12  2.031e+00     7.7394     7.7562     0.0168     6.1440     6.1576     60.428     61.794      0.276    1433.99    1433.98  0.000e+00
       5618     61.500     4.2158     4.1645    -0.0513    0.82359    0.82371          1     5.3310     5.4421       9.96     0.0159  4.924e-11  1.000e-12  2.031e+00     7.7850     7.7983     0.0133     6.1827     6.1947     60.924     62.300      0.256    1433.68    1433.47  0.000e+00
       5665     62.000     4.1393     4.1208    -0.0185    0.82417    0.82498          1     5.2553     5.3777       9.96     0.0159  4.924e-11  1.000e-12  2.031e+00     7.8090     7.8216     0.0126     6.2039     6.2145     61.419     62.806      0.269    1433.38    1433.31  0.000e+00
       5709     62.500     4.1284     4.1258    -0.0026    0.82722    0.82817          1     5.1602     5.3008       9.96     0.0159  4.924e-11  1.000e-12  2.031e+00     7.8426     7.8529     0.0103     6.2309     6.2391     61.914     63.312      0.259    1433.38    1433.38  0.000e+00
       5756     63.000     4.1805     4.1969     0.0163    0.83135    0.83315          1     5.0560     5.1928       9.96     0.0159  4.924e-11  1.000e-12  2.031e+00     7.8721     7.8864     0.0143     6.2529     6.2638     62.409     63.818      0.263    1433.66    1433.75  0.000e+00
       5801     63.500     4.2120     4.2159     0.0039    0.83630    0.83806          1     4.9286     5.0507       9.96     0.0159  4.924e-11  1.000e-12  2.031e+00     7.9148     7.9317     0.0169     6.2859     6.2992     62.905     64.324      0.261    1433.87    1433.91  0.000e+00
       5849     64.000     4.2221     4.2230     0.0010    0.84070    0.84192          1     4.7967     4.9177       9.96     0.0159  4.924e-11  1.000e-12  2.031e+00     7.9571     7.9693     0.0122     6.3191     6.3288     63.400     64.830      0.253    1433.97    1433.99  0.000e+00
       5894     64.500     4.2362     4.2426     0.0065    0.84428    0.84594          1     4.6917     4.8045       9.96     0.0159  4.924e-11  1.000e-12  2.031e+00     7.9900     8.0054     0.0153     6.3448     6.3568     63.895     65.336      0.275    1434.09    1434.13  0.000e+00
       5940     65.000     4.2594     4.2697     0.0102    0.84886    0.85086          1     4.5702     4.6813       9.96     0.0159  4.924e-11  1.000e-12  2.031e+00     8.0309     8.0487     0.0178     6.3766     6.3904     64.390     65.842      0.238    1434.25    1434.32  0.000e+00
       5990     65.500     4.2799     4.2840     0.0041    0.85415    0.85601          1     4.4285     4.5411       9.96     0.0159  4.924e-11  1.000e-12  2.031e+00     8.0796     8.0975     0.0179     6.4146     6.4287     64.885     66.348      0.265    1434.41    1434.45  0.000e+00
       6034     66.000     4.2930     4.2975     0.0046    0.85982    0.86202          1     4.2770     4.3649       9.96     0.0159  4.924e-11  1.000e-12  2.031e+00     8.1340     8.1552     0.0212     6.4573     6.4740     65.381     66.855      0.259    1434.55    1434.60  0.000e+00
       6081     66.500     4.3075     4.3110     0.0035    0.86657    0.86815          1     4.0777     4.1587       9.96     0.0159  4.924e-11  1.000e-12  2.031e+00     8.1990     8.2142     0.0152     6.5085     6.5204     65.876     67.360      0.266    1434.70    1434.74  0.000e+00
       6125     67.000     4.3186     4.3223     0.0038    0.87047    0.87164          1     3.9465     4.0186       9.96     0.0159  4.924e-11  1.000e-12  2.031e+00     8.2358     8.2468     0.0110     6.5373     6.5459     66.371     67.866      0.266    1434.81    1434.84  0.000e+00
       6171     67.500     4.3339     4.3397     0.0058    0.87424    0.87540          1     3.8206     3.8914       9.96     0.0159  4.924e-11  1.000e-12  2.031e+00     8.2703     8.2806     0.0104     6.5641     6.5722     66.866     68.372      0.262    1434.93    1434.97  0.000e+00
       6216     68.000     4.3490     4.3540     0.0051    0.87745    0.87869          1     3.7390     3.8124       9.96     0.0159  4.924e-11  1.000e-12  2.031e+00     8.2991     8.3104     0.0114     6.5865     6.5954     67.362     68.878      0.269    1435.04    1435.08  0.000e+00
       6263     68.500     4.3638     4.3688     0.0049    0.88120    0.88219          1     3.6366     3.7005       9.96     0.0158  4.924e-11  1.000e-12  2.031e+00     8.3335     8.3422     0.0088     6.6133     6.6201     67.857     69.384      0.262    1435.16    1435.19  0.000e+00
       6304     69.000     4.3755     4.3834     0.0080    0.88359    0.88507          1     3.5312     3.6041       9.96     0.0159  4.924e-11  1.000e-12  2.031e+00     8.3547     8.3678     0.0130     6.6298     6.6398     68.352     69.890      0.294    1435.25    1435.30  0.000e+00
       6350     69.500     4.3934     4.3999     0.0066    0.88731    0.88857          1     3.4304     3.5057       9.96     0.0159  4.924e-11  1.000e-12  2.031e+00     8.3879     8.3991     0.0112     6.6555     6.6642     68.847     70.396      0.245    1435.38    1435.42  0.000e+00
       6395     70.000     4.4072     4.4138     0.0065    0.89014    0.89119          1     3.3281     3.3863       9.96     0.0159  4.924e-11  1.000e-12  2.031e+00     8.4131     8.4221     0.0090     6.6750     6.6820     69.343     70.902      0.303    1435.48    1435.52  0.000e+00
       6438     70.500     4.4216     4.4271     0.0055    0.89330    0.89440          1     3.2243     3.2797       9.96     0.0159  4.924e-11  1.000e-12  2.031e+00     8.4415     8.4513     0.0098     6.6970     6.7046     69.838     71.408      0.252    1435.59    1435.62  0.000e+00
       6484     71.000     4.4330     4.4388     0.0058    0.89703    0.89939          1     3.1424     3.1970       9.96     0.0159  4.924e-11  1.000e-12  2.031e+00     8.4765     8.4990     0.0225     6.7244     6.7420     70.333     71.914      0.285    1435.69    1435.75  0.000e+00
       6527     71.500     4.4442     4.4512     0.0070    0.90343    0.90591          1     3.0059     3.0704       9.96     0.0159  4.924e-11  1.000e-12  2.031e+00     8.5385     8.5620     0.0235     6.7732     6.7915     70.828     72.420      0.256    1435.83    1435.89  0.000e+00
       6576     72.000     4.4692     4.4773     0.0081    0.90923    0.91067          1     2.8510     2.9002       9.96     0.0159  4.924e-11  1.000e-12  2.031e+00     8.5910     8.6035     0.0125     6.8139     6.8235     71.323     72.925      0.261    1436.01    1436.07  0.000e+00
       6621     72.500     4.4877     4.4949     0.0071    0.91453    0.91613          1     2.7312     2.7651       9.96     0.0159  4.924e-11  1.000e-12  2.031e+00     8.6400     8.6544     0.0144     6.8521     6.8633     71.819     73.431      0.263    1436.17    1436.22  0.000e+00
       6665     73.000     4.5177     4.5329     0.0152    0.92049    0.92258          1     2.6093     2.6346       9.96     0.0159  4.924e-11  1.000e-12  2.031e+00     8.6927     8.7099     0.0172     6.8928     6.9059     72.314     73.937      0.273    1436.37    1436.46  0.000e+00
       6711     73.500     4.5547     4.5665     0.0118    0.92706    0.92905          1     2.4357     2.4618       9.96     0.0159  4.924e-11  1.000e-12  2.031e+00     8.7495     8.7667     0.0171     6.9365     6.9496     72.809     74.443      0.251    1436.62    1436.69  0.000e+00
       6758     74.000     4.6005     4.6128     0.0123    0.93531    0.93705          1     2.2768     2.2808       9.96     0.0159  4.924e-11  1.000e-12  2.031e+00     8.8211     8.8355     0.0143     6.9915     7.0024     73.304     74.949      0.275    1436.92    1436.99  0.000e+00
       6800     74.500     4.6427     4.6681     0.0253    0.94327    0.94714          1     2.0707     2.0759       9.96     0.0159  4.924e-11  1.000e-12  2.031e+00     8.8905     8.9230     0.0325     7.0448     7.0695     73.799     75.454      0.280    1437.20    1437.36  0.000e+00
       6846     75.000     4.7293     4.7766     0.0471    0.95929    0.96565          1     1.6514     1.6463       9.96     0.0159  4.924e-11  1.000e-12  2.031e+00     9.0295     9.0811     0.0515     7.1515     7.1903     74.295     75.960      0.248    1437.77    1438.05  0.000e+00
       6893     75.500     4.8582     4.8926     0.0345    0.98167    0.98691          1     1.1746     1.1526       9.96     0.0159  4.924e-11  1.000e-12  2.031e+00     9.2207     9.2643     0.0436     7.2974     7.3304     74.790     76.466      0.270    1438.59    1438.80  0.000e+00
       6937     76.000     4.9293     4.9530     0.0237    0.99445    0.99786          1     0.9076     0.8634       9.96     0.0159  4.924e-11  1.000e-12  2.031e+00     9.3303     9.3580     0.0278     7.3810     7.4019     75.285     76.971      0.264    1439.05    1439.19  0.000e+00
       6985     76.500     4.9816     5.0100     0.0284    1.00429    1.00851          1     0.7518     0.7193       9.96     0.0159  4.924e-11  1.000e-12  2.031e+00     9.4149     9.4494     0.0346     7.4456     7.4716     75.780     77.477      0.261    1439.39    1439.56  0.000e+00
       7028     77.000     5.0370     5.0715     0.0345    1.01498    1.02022          1     0.6140     0.5867       9.96     0.0159  4.924e-11  1.000e-12  2.031e+00     9.5071     9.5501     0.0430     7.5159     7.5484     76.275     77.982      0.267    1439.76    1439.97  0.000e+00
       7076     77.500     5.1197     5.1537     0.0344    1.03019    1.03493          1     0.3884     0.3600       9.96     0.0159  4.924e-11  1.000e-12  2.031e+00     9.6367     9.6747     0.0380     7.6145     7.6429     76.771     78.488      0.253    1440.30    1440.49  0.000e+00
       7121     78.000     5.2084     5.2339     0.0255    1.04513    1.04841          1     0.1734     0.1283       9.96     0.0160  4.924e-11  1.000e-12  2.031e+00     9.7615     9.7871     0.0257     7.7088     7.7278     77.266     78.993      0.262    1440.85    1440.99  0.000e+00
       7169     78.500     5.2557     5.2759     0.0203    1.05362    1.05631          1     0.1340     0.0926       9.96     0.0163  4.924e-11  1.000e-12  2.031e+00     9.8331     9.8542     0.0212     7.7630     7.7787     77.761     79.498      0.252    1441.15    1441.27  0.000e+00
       7215     79.000     5.2996     5.3160     0.0164    1.06163    1.06357          1     0.1428     0.1066       9.96     0.0169  4.924e-11  1.000e-12  2.031e+00     9.9007     9.9154     0.0147     7.8142     7.8249     78.256     80.004      0.270    1441.44    1441.53  0.000e+00
       7260     79.500     5.3270     5.3379     0.0109    1.06644    1.06754          1     0.1483     0.1178       9.96     0.0168  4.924e-11  1.000e-12  2.031e+00     9.9409     9.9487     0.0078     7.8445     7.8501     78.751     80.509      0.252    1441.61    1441.67  0.000e+00
       7308     80.000     5.3460     5.3652     0.0192    1.06994    1.07251          1     0.1443     0.1177       9.96     0.0170  4.924e-11  1.000e-12  2.031e+00     9.9703     9.9904     0.0201     7.8668     7.8816     79.247     81.014      0.264    1441.74    1441.85  0.000e+00
       7351     80.500     5.3736     5.3844     0.0109    1.07496    1.07605          1     0.1401     0.1192       9.96     0.0171  4.924e-11  1.000e-12  2.031e+00    10.0125    10.0202     0.0077     7.8986     7.9041     79.742     81.520      0.267    1441.92    1441.98  0.000e+00
       7403     81.000     5.3829     5.3914     0.0085    1.07648    1.07724          1     0.1357     0.1133       9.96     0.0170  4.924e-11  1.000e-12  2.031e+00    10.0249    10.0300     0.0051     7.9079     7.9115     80.237     82.025      0.243    1441.99    1442.03  0.000e+00
       7447     81.500     5.3916     5.3975     0.0059    1.07790    1.07837          1     0.1316     0.1080       9.96     0.0170  4.924e-11  1.000e-12  2.031e+00    10.0365    10.0394     0.0029     7.9166     7.9186     80.732     82.530      0.272    1442.05    1442.08  0.000e+00
       7494     82.000     5.4039     5.4106     0.0067    1.08017    1.08092          1     0.1279     0.1049       9.96     0.0170  4.924e-11  1.000e-12  2.031e+00    10.0556    10.0611     0.0055     7.9310     7.9350     81.227     83.035      0.248    1442.13    1442.17  0.000e+00
       7542     82.500     5.4154     5.4204     0.0050    1.08234    1.08272          1     0.1254     0.1007       9.96     0.0171  4.924e-11  1.000e-12  2.031e+00    10.0738    10.0761     0.0023     7.9448     7.9463     81.723     83.541      0.254    1442.21    1442.24  0.000e+00
       7589     83.000     5.4240     5.4279     0.0039    1.08378    1.08404          1     0.1268     0.0942       9.96     0.0171  4.924e-11  1.000e-12  2.031e+00    10.0856    10.0870     0.0014     7.9536     7.9545     82.218     84.046      0.256    1442.27    1442.29  0.000e+00
       7636     83.500     5.4304     5.4350     0.0046    1.08495    1.08530          1     0.1214     0.0916       9.96     0.0171  4.924e-11  1.000e-12  2.031e+00    10.0953    10.0974     0.0021     7.9610     7.9624     82.713     84.551      0.248    1442.32    1442.34  0.000e+00
       7685     84.000     5.4416     5.4512     0.0097    1.08688    1.08794          1     0.1228     0.0876       9.96     0.0171  4.924e-11  1.000e-12  2.031e+00    10.1113    10.1190     0.0078     7.9730     7.9786     83.208     85.056      0.259    1442.40    1442.45  0.000e+00
