ctdpy/exports/archive_20191120_135557/received_data/SBE09_1044_20181204_1152_34_01_0149.cnv
* Sea-Bird SBE 9 Data File:
* FileName = C:\ctd\temp\ar18d149.hex
* Software Version Seasave V 7.26.7.107
* Temperature SN = 5351
* Conductivity SN = 3941
* Number of Bytes Per Scan = 41
* Number of Voltage Words = 4
* Number of Scans Averaged by the Deck Unit = 1
* NMEA Latitude = 59 50.81 N
* NMEA Longitude = 024 50.26 E
* NMEA UTC (Time) = Dec 04 2018  11:52:21
* NMEA baud rate = 4800
** Station:  BY23
** Operator:  JKro
** Ship: ARANDA
** Average sound velocity: 1443.91 m/s
** True-depth calculation Sun, 09 Dec 2018 13:40:51 +0000
** CTD Python Module SMHI /ver 3-12/ feb 2012 
** LIMS Job: 20183401-0149
** Cruise: SMHI-7-2018
** Latitude [GG MM.mm N]:
** Longitude [GG MM.mm E]
# nquan = 26
# nvalues = 189                         
# units = specified
# name 0 = scan: Scan Count
# name 1 = prDM: Pressure, Digiquartz [db]
# name 2 = t090C: Temperature [ITS-90, deg C]
# name 3 = t190C: Temperature, 2 [ITS-90, deg C]
# name 4 = T2-T190C: Temperature Difference, 2 - 1 [ITS-90, deg C]
# name 5 = c0S/m: Conductivity [S/m]
# name 6 = c1S/m: Conductivity, 2 [S/m]
# name 7 = pumps: Pump Status
# name 8 = sbeox0ML/L: Oxygen, SBE 43 [ml/l]
# name 9 = sbeox1ML/L: Oxygen, SBE 43, 2 [ml/l]
# name 10 = altM: Altimeter [m]
# name 11 = flECO-AFL: Chl-a Fluorescence, WET Labs ECO-AFL/FL [mg/m^3]
# name 12 = flECO-AFL1: Phycocyanin Fluorescence, WET Labs ECO-AFL/FL, 2 [mg/m^3]
# name 13 = par: PAR/Irradiance, Biospherical/Lico [µE/(cm^2*s)]
# name 14 = turbWETntu0: Turbidity, WET Labs ECO [NTU]
# name 15 = sal00: Salinity, Practical [PSU]
# name 16 = sal11: Salinity, Practical, 2 [PSU]
# name 17 = secS-priS: Salinity, Practical, Difference, 2 - 1 [PSU]
# name 18 = sigma-t00: Density [sigma-t, Kg/m^3 ]
# name 19 = sigma-t11: Density, 2 [sigma-t, Kg/m^3 ]
# name 20 = depSM: Depth [salt water, m], lat = 59.8468
# name 21 = depFM: Depth [true depth, m], lat = 59.8468
# name 22 = dz/dtM: Descent Rate [m/s], WS = 2
# name 23 = svCM: Sound Velocity [Chen-Millero, m/s]
# name 24 = svCM1: Sound Velocity, 2 [Chen-Millero, m/s]
# name 25 = flag: flag
# span 0 =      20197,      25050       
# span 1 =      1.000,     95.000       
# span 2 =     6.0360,     7.8679       
# span 3 =     6.0392,     7.8703       
# span 4 =    -0.0044,     0.0078       
# span 5 =   0.689016,   1.076141       
# span 6 =   0.689002,   1.075938       
# span 7 =          1,          1       
# span 8 =    0.05617,    7.84199       
# span 9 =    1.84952,    6.24636       
# span 10 =       3.43,      95.69      
# span 11 =     0.3937,     0.6607      
# span 12 =     0.1768,     0.3345      
# span 13 = 1.0000e-12, 8.4009e+01      
# span 14 =     0.2822,     6.4310      
# span 15 =     5.9685,     9.8271      
# span 16 =     5.9680,     9.8241      
# span 17 =    -0.0051,     0.0010      
# span 18 =     4.6340,     7.7147      
# span 19 =     4.6336,     7.7122      
# span 20 =      0.991,     94.084      
# span 21 =      1.014,     96.222      
# span 22 =     -0.190,      0.913      
# span 23 =    1441.40,    1448.44      
# span 24 =    1441.41,    1448.45      
# span 25 = 0.0000e+00, 0.0000e+00      
# interval = decibars: 0.5              
# start_time = Dec 04 2018 11:52:22 [NMEA time, first data scan]
# bad_flag = -9.990e-29
*END*
[from data line 112]
      22867     57.000     7.7720     7.7798     0.0078    0.79772    0.79780          1     5.4663     4.9693      42.77     0.4594     0.2114  1.000e-12  0.7322000     6.7735     6.7728    -0.0007     5.1959     5.1947     56.455     57.783      0.503    1447.61    1447.64  0.000e+00
      22886     57.500     7.8502     7.8519     0.0017    0.80839    0.80821          1     5.1973     4.9466      42.64     0.4806     0.2230  1.000e-12  0.7902000     6.8556     6.8536    -0.0020     5.2542     5.2525     56.951     58.290      0.709    1448.04    1448.05  0.000e+00
      22901     58.000     7.8679     7.8703     0.0024    0.81850    0.81843          1     4.9762     4.9369      42.43     0.4634     0.2677  1.000e-12  0.8182000     6.9442     6.9431    -0.0011     5.3222     5.3212     57.446     58.796      0.767    1448.23    1448.24  0.000e+00
      22917     58.500     7.8554     7.8563     0.0009    0.82497    0.82489          1     4.7809     4.9252      42.03     0.4542     0.2640  1.000e-12  0.8237000     7.0056     7.0048    -0.0008     5.3714     5.3706     57.941     59.303      0.712    1448.26    1448.27  0.000e+00
      22936     59.000     7.8546     7.8563     0.0017    0.83182    0.83176          1     4.6054     4.9073      41.55     0.4330     0.2091  1.000e-12  0.7500000     7.0683     7.0674    -0.0009     5.4206     5.4197     58.436     59.810      0.552    1448.35    1448.35  0.000e+00
      22965     59.500     7.8594     7.8610     0.0016    0.83557    0.83564          1     4.4905     4.8788      40.84     0.4186     0.2287  1.000e-12  0.6593000     7.1016     7.1019     0.0003     5.4462     5.4464     58.931     60.316      0.363    1448.42    1448.42  0.000e+00
      22998     60.000     7.8589     7.8603     0.0014    0.83625    0.83620          1     4.4655     4.8388      40.25     0.4298     0.2309  1.000e-12  0.5743000     7.1078     7.1070    -0.0008     5.4512     5.4504     59.426     60.823      0.456    1448.43    1448.43  0.000e+00
      23020     60.500     7.8572     7.8586     0.0014    0.83720    0.83714          1     4.3987     4.8073      39.83     0.4184     0.2443  1.000e-12  0.5640000     7.1168     7.1159    -0.0008     5.4583     5.4575     59.922     61.329      0.618    1448.44    1448.45  0.000e+00
      23038     61.000     7.7883     7.7894     0.0010    0.84667    0.84634          1     4.2823     4.7887      39.46     0.4303     0.2221  1.000e-12  0.5947000     7.2175     7.2144    -0.0032     5.5426     5.5401     60.417     61.836      0.662    1448.29    1448.29  0.000e+00
      23056     61.500     7.7335     7.7344     0.0009    0.85044    0.85033          1     4.1539     4.7633      38.59     0.4300     0.2218  1.000e-12  0.5860000     7.2634     7.2622    -0.0012     5.5828     5.5818     60.912     62.342      0.591    1448.13    1448.14  0.000e+00
      23080     62.000     7.7384     7.7398     0.0014    0.85417    0.85415          1     4.0188     4.7227      38.10     0.4289     0.2496  1.000e-12  0.5561000     7.2966     7.2961    -0.0005     5.6085     5.6080     61.407     62.848      0.468    1448.20    1448.21  0.000e+00
      23107     62.500     7.7222     7.7219    -0.0003    0.85767    0.85765          1     3.8638     4.6825      37.66     0.4378     0.2398  1.000e-12  0.5309000     7.3321     7.3320    -0.0001     5.6376     5.6375     61.902     63.355      0.489    1448.19    1448.19  0.000e+00
      23129     63.000     7.6669     7.6679     0.0010    0.86738    0.86720          1     3.6644     4.6535      37.25     0.4176     0.2120  1.000e-12  0.5586000     7.4331     7.4312    -0.0019     5.7210     5.7194     62.397     63.861      0.586    1448.09    1448.09  0.000e+00
      23148     63.500     7.6485     7.6498     0.0014    0.87479    0.87465          1     3.4762     4.6271      36.80     0.3948     0.2227  1.000e-12  0.5776000     7.5054     7.5037    -0.0016     5.7790     5.7777     62.892     64.368      0.587    1448.12    1448.12  0.000e+00
      23170     64.000     7.6014     7.6034     0.0020    0.87933    0.87925          1     3.3324     4.5961      36.25     0.3966     0.2474  1.000e-12  0.5413000     7.5574     7.5562    -0.0012     5.8234     5.8224     63.388     64.874      0.512    1447.99    1448.00  0.000e+00
      23196     64.500     7.5528     7.5547     0.0019    0.88248    0.88242          1     3.2101     4.5593      35.70     0.4092     0.2351  1.000e-12  0.5114000     7.5970     7.5961    -0.0009     5.8582     5.8573     63.883     65.380      0.445    1447.85    1447.86  0.000e+00
      23223     65.000     7.4850     7.4851     0.0001    0.89049    0.89042          1     2.9998     4.5154      35.13     0.4176     0.2775  1.000e-12  0.4973000     7.6862     7.6855    -0.0007     5.9332     5.9327     64.378     65.887      0.522    1447.69    1447.69  0.000e+00
      23243     65.500     7.4078     7.4084     0.0005    0.90227    0.90227          1     2.7752     4.4836      34.73     0.4073     0.2506  1.000e-12  0.5234000     7.8129     7.8127    -0.0001     6.0384     6.0382     64.873     66.393      0.644    1447.54    1447.54  0.000e+00
      23260     66.000     7.3503     7.3510     0.0008    0.90735    0.90729          1     2.6157     4.4598      34.29     0.4081     0.2436  1.000e-12  0.5254000     7.8732     7.8725    -0.0007     6.0900     6.0893     65.368     66.899      0.654    1447.38    1447.38  0.000e+00
      23280     66.500     7.2956     7.2974     0.0018    0.91310    0.91305          1     2.4762     4.4301      33.77     0.4038     0.2402  1.000e-12  0.5240000     7.9393     7.9385    -0.0008     6.1459     6.1451     65.863     67.405      0.525    1447.24    1447.25  0.000e+00
      23309     67.000     7.2619     7.2655     0.0036    0.91788    0.91767          1     2.3190     4.3760      33.09     0.4025     0.2545  1.000e-12  0.5088000     7.9919     7.9890    -0.0028     6.1896     6.1871     66.358     67.911      0.389    1447.18    1447.19  0.000e+00
      23338     67.500     7.1945     7.1985     0.0039    0.92596    0.92570          1     2.1435     4.3143      32.54     0.4111     0.2232  1.000e-12  0.5699000     8.0832     8.0799    -0.0034     6.2662     6.2632     66.853     68.417      0.556    1447.02    1447.03  0.000e+00
      23356     68.000     7.1596     7.1602     0.0006    0.93109    0.93103          1     2.0102     4.2807      31.85     0.4111     0.2072  1.000e-12  0.6054000     8.1395     8.1389    -0.0006     6.3129     6.3124     67.349     68.924      0.686    1446.95    1446.95  0.000e+00
      23373     68.500     7.1122     7.1137     0.0015    0.93666    0.93661          1     1.9039     4.2520      31.01     0.4062     0.1954  1.000e-12  0.6193000     8.2032     8.2023    -0.0009     6.3663     6.3655     67.844     69.430      0.657    1446.84    1446.85  0.000e+00
      23394     69.000     7.0849     7.0861     0.0011    0.93925    0.93933          1     1.8271     4.2166      30.52     0.3938     0.1843  1.000e-12  0.6188000     8.2340     8.2345     0.0005     6.3924     6.3927     68.339     69.936      0.476    1446.77    1446.78  0.000e+00
      23425     69.500     7.0655     7.0674     0.0019    0.94213    0.94207          1     1.7592     4.1516      29.91     0.4046     0.1978  1.000e-12  0.6081000     8.2659     8.2648    -0.0010     6.4188     6.4179     68.834     70.442      0.416    1446.74    1446.75  0.000e+00
      23449     70.000     7.0262     7.0287     0.0025    0.94754    0.94736          1     1.6221     4.1062      29.06     0.3937     0.1890  1.000e-12  0.5873000     8.3264     8.3240    -0.0023     6.4691     6.4671     69.329     70.948      0.620    1446.66    1446.67  0.000e+00
      23466     70.500     6.9089     6.9110     0.0022    0.96182    0.96157          1     1.4463     4.0734      28.73     0.4055     0.1768  1.000e-12  0.6188000     8.4904     8.4875    -0.0029     6.6062     6.6037     69.824     71.454      0.685    1446.38    1446.39  0.000e+00
      23484     71.000     6.8584     6.8600     0.0017    0.96804    0.96795          1     1.2562     4.0403      27.94     0.4014     0.1778  1.000e-12  0.6320000     8.5620     8.5607    -0.0013     6.6659     6.6648     70.319     71.960      0.588    1446.27    1446.27  0.000e+00
      23511     71.500     6.7837     6.7867     0.0029    0.97864    0.97843          1     1.0133     3.9872      27.47     0.4009     0.2294  1.000e-12  0.6666000     8.6818     8.6791    -0.0027     6.7652     6.7629     70.814     72.465      0.384    1446.11    1446.12  0.000e+00
      23545     72.000     6.6819     6.6850     0.0031    0.99528    0.99487          1     0.7016     3.9173      27.08     0.4167     0.2344  1.000e-12  0.7073000     8.8672     8.8625    -0.0047     6.9178     6.9139     71.310     72.971      0.445    1445.93    1445.93  0.000e+00
      23567     72.500     6.6205     6.6221     0.0016    1.00425    1.00414          1     0.5189     3.8694      26.84     0.4283     0.1911  1.000e-12  0.6890000     8.9693     8.9678    -0.0015     7.0022     7.0010     71.805     73.477      0.629    1445.80    1445.81  0.000e+00
      23584     73.000     6.5783     6.5802     0.0019    1.01032    1.01014          1     0.4029     3.8334      26.57     0.4276     0.2202  1.000e-12  0.6560000     9.0388     9.0365    -0.0023     7.0597     7.0578     72.300     73.983      0.692    1445.72    1445.73  0.000e+00
      23601     73.500     6.5303     6.5306     0.0003    1.01707    1.01706          1     0.3025     3.7959      25.95     0.4192     0.2255  1.000e-12  0.6017000     9.1167     9.1164    -0.0002     7.1241     7.1239     72.795     74.488      0.651    1445.62    1445.62  0.000e+00
      23621     74.000     6.5152     6.5172     0.0019    1.01999    1.01992          1     0.2224     3.7457      25.52     0.3984     0.2430  1.000e-12  0.6313000     9.1488     9.1477    -0.0011     7.1504     7.1493     73.290     74.994      0.531    1445.61    1445.62  0.000e+00
      23648     74.500     6.5051     6.5067     0.0016    1.02256    1.02258          1     0.1641     3.6880      24.92     0.4352     0.2656  1.000e-12  0.6767000     9.1763     9.1761    -0.0003     7.1727     7.1724     73.785     75.500      0.418    1445.61    1445.62  0.000e+00
      23677     75.000     6.4765     6.4775     0.0010    1.02516    1.02514          1     0.1428     3.6170      24.34     0.4437     0.2599  1.000e-12  0.6120000     9.2091     9.2087    -0.0004     7.2003     7.1999     74.280     76.005      0.480    1445.54    1445.54  0.000e+00
      23699     75.500     6.4519     6.4546     0.0027    1.02841    1.02820          1     0.1304     3.5644      24.08     0.4316     0.2865  1.000e-12  0.6477000     9.2472     9.2444    -0.0028     7.2319     7.2295     74.775     76.511      0.599    1445.49    1445.50  0.000e+00
      23718     76.000     6.4003     6.4022     0.0020    1.03421    1.03402          1     0.1242     3.5257      23.54     0.4632     0.2310  1.000e-12  0.8754000     9.3174     9.3150    -0.0024     7.2905     7.2885     75.271     77.017      0.628    1445.37    1445.37  0.000e+00
      23737     76.500     6.3636     6.3653     0.0017    1.03807    1.03806          1     0.1220     3.4769      23.16     0.4799     0.2627  1.000e-12  1.3649000     9.3649     9.3644    -0.0006     7.3303     7.3297     75.766     77.522      0.556    1445.28    1445.29  0.000e+00
      23762     77.000     6.3578     6.3594     0.0016    1.03864    1.03866          1     0.1238     3.4198      22.54     0.4895     0.2493  1.000e-12  2.0566000     9.3719     9.3718    -0.0002     7.3362     7.3359     76.261     78.028      0.443    1445.27    1445.28  0.000e+00
      23790     77.500     6.3147     6.3142    -0.0004    1.04350    1.04358          1     0.1238     3.3587      21.99     0.4955     0.2436  1.000e-12  2.3468000     9.4311     9.4321     0.0010     7.3855     7.3863     76.756     78.533      0.489    1445.17    1445.17  0.000e+00
      23812     78.000     6.2906     6.2922     0.0016    1.04616    1.04612          1     0.1245     3.3078      21.62     0.4831     0.2764  1.000e-12  2.6617000     9.4637     9.4628    -0.0009     7.4127     7.4119     77.251     79.039      0.604    1445.12    1445.12  0.000e+00
      23831     78.500     6.2554     6.2563     0.0009    1.04984    1.04983          1     0.1229     3.2722      21.13     0.4921     0.3009  1.000e-12  2.9680000     9.5093     9.5090    -0.0004     7.4508     7.4505     77.746     79.544      0.594    1445.03    1445.04  0.000e+00
      23853     79.000     6.1951     6.1969     0.0018    1.05666    1.05651          1     0.1217     3.2278      20.59     0.4932     0.2636  1.000e-12  3.3612000     9.5929     9.5909    -0.0020     7.5204     7.5187     78.241     80.050      0.468    1444.89    1444.90  0.000e+00
      23882     79.500     6.1475     6.1489     0.0015    1.06140    1.06140          1     0.1192     3.1649      19.94     0.4932     0.2522  1.000e-12  3.8883000     9.6527     9.6523    -0.0004     7.5704     7.5701     78.736     80.555      0.480    1444.77    1444.78  0.000e+00
      23903     80.000     6.1358     6.1378     0.0020    1.06306    1.06304          1     0.1108     3.1236      19.50     0.5176     0.2786  1.000e-12  4.1002000     9.6723     9.6714    -0.0008     7.5866     7.5858     79.231     81.061      0.693    1444.75    1444.76  0.000e+00
      23918     80.500     6.1099     6.1115     0.0016    1.06605    1.06599          1     0.1075     3.0915      19.11     0.5118     0.3050  1.000e-12  4.3036000     9.7089     9.7078    -0.0011     7.6171     7.6161     79.726     81.566      0.768    1444.70    1444.70  0.000e+00
      23933     81.000     6.0954     6.0973     0.0019    1.06777    1.06775          1     0.1083     3.0583      18.59     0.5054     0.3211  1.000e-12  4.5737000     9.7299     9.7291    -0.0008     7.6345     7.6338     80.221     82.071      0.673    1444.67    1444.68  0.000e+00
      23960     81.500     6.0940     6.0958     0.0018    1.06823    1.06826          1     0.1064     3.0111      17.87     0.5046     0.2705  1.000e-12  4.9208000     9.7347     9.7345    -0.0003     7.6384     7.6381     80.717     82.577      0.364    1444.68    1444.69  0.000e+00
      24002     82.000     6.0908     6.0921     0.0013    1.06872    1.06878          1     0.0998     2.9286      17.23     0.5045     0.2726  1.000e-12  5.0170000     9.7404     9.7406     0.0002     7.6430     7.6431     81.212     83.082      0.476    1444.68    1444.69  0.000e+00
      24018     82.500     6.0845     6.0861     0.0016    1.06964    1.06963          1     0.0961     2.8979      16.94     0.5045     0.2819  1.000e-12  5.0776000     9.7511     9.7505    -0.0006     7.6519     7.6513     81.707     83.588      0.766    1444.68    1444.68  0.000e+00
      24032     83.000     6.0754     6.0772     0.0018    1.07081    1.07081          1     0.0972     2.8787      16.53     0.5045     0.2887  1.000e-12  5.1488000     9.7652     9.7646    -0.0006     7.6635     7.6630     82.202     84.093      0.824    1444.66    1444.67  0.000e+00
      24047     83.500     6.0694     6.0716     0.0021    1.07166    1.07162          1     0.0972     2.8564      16.06     0.5103     0.3000  1.000e-12  5.2262000     9.7752     9.7742    -0.0010     7.6718     7.6709     82.697     84.598      0.719    1444.66    1444.67  0.000e+00
      24069     84.000     6.0672     6.0687     0.0015    1.07198    1.07199          1     0.0935     2.8199      15.36     0.5214     0.2942  1.000e-12  5.3427000     9.7789     9.7786    -0.0004     7.6748     7.6745     83.192     85.104      0.437    1444.66    1444.67  0.000e+00
