ctdpy/exports/archive_20191120_135557/received_data/SBE09_0827_20180825_0756_26_01_0892.cnv
* Sea-Bird SBE 9 Data File:
* FileName = D:\CTD_SBE911\DAT\26DA.2018.8.92.hex
* Software Version Seasave V 7.21d
* Temperature SN = 034605
* Conductivity SN = 041844
* Number of Bytes Per Scan = 48
* Number of Voltage Words = 5
* Number of Scans Averaged by the Deck Unit = 1
* NMEA Latitude = 57 46.36 N
* NMEA Longitude = 011 17.56 E
* NMEA UTC (Time) = Aug 25 2018  07:58:51
* NMEA baud rate = 4800
** Ship: DANA
** Average sound velocity: 1507.06 m/s
** True-depth calculation Thu, 28 Mar 2019 09:27:15 +0000
** CTD Python Module SMHI /ver 3-12/ feb 2012 
** LIMS Job: 20182601-0892
**  7 W STORA PØLSAN
** Operator: Christian
** Cruise: 08/2018
# nquan = 26
# nvalues = 133                         
# units = specified
# name 0 = scan: Scan Count
# name 1 = prDM: Pressure, Digiquartz [db]
# name 2 = t090C: Temperature [ITS-90, deg C]
# name 3 = t190C: Temperature, 2 [ITS-90, deg C]
# name 4 = T2-T190C: Temperature Difference, 2 - 1 [ITS-90, deg C]
# name 5 = c0S/m: Conductivity [S/m]
# name 6 = c1S/m: Conductivity, 2 [S/m]
# name 7 = pumps: Pump Status
# name 8 = sbeox1ML/L: Oxygen, SBE 43, 2 [ml/l]
# name 9 = sbeox0ML/L: Oxygen, SBE 43 [ml/l]
# name 10 = altM: Altimeter [m]
# name 11 = chloroflTC0: Chlorophyll, Turner Cyclops [ug/l]
# name 12 = cpar: CPAR/Corrected Irradiance [%]
# name 13 = par: PAR/Irradiance, Biospherical/Lico [µE/(cm^2*s)]
# name 14 = spar: SPAR, Biospherical/Licor
# name 15 = sal00: Salinity, Practical [PSU]
# name 16 = sal11: Salinity, Practical, 2 [PSU]
# name 17 = secS-priS: Salinity, Practical, Difference, 2 - 1 [PSU]
# name 18 = sigma-t00: Density [sigma-t, kg/m^3 ]
# name 19 = sigma-t11: Density, 2 [sigma-t, kg/m^3 ]
# name 20 = depSM: Depth [salt water, m], lat = 57.7727
# name 21 = depFM: Depth [true depth, m], lat = 57.7727
# name 22 = dz/dtM: Descent Rate [m/s], WS = 2
# name 23 = svCM: Sound Velocity [Chen-Millero, m/s]
# name 24 = svCM1: Sound Velocity, 2 [Chen-Millero, m/s]
# name 25 = flag: flag
# span 0 =         46,       6561       
# span 1 =      0.500,     66.500       
# span 2 =     8.9524,    18.0146       
# span 3 =     8.9456,    18.0209       
# span 4 =    -0.3282,     0.0381       
# span 5 =   3.594658,   4.241185       
# span 6 =   3.595790,   4.241767       
# span 7 =          1,          1       
# span 8 =     4.0878,     5.6753       
# span 9 =     4.0654,     5.4318       
# span 10 =       3.89,       9.98      
# span 11 = 1.3331e-09,     0.2284      
# span 12 = -6.455e-07, 3.9199e+01      
# span 13 = -1.245e-05, 7.6229e+02      
# span 14 = 1.9313e+03, 1.9568e+03      
# span 15 =    30.8827,    33.7581      
# span 16 =    30.8834,    33.7764      
# span 17 =    -0.0357,     0.1924      
# span 18 =    22.1777,    26.1532      
# span 19 =    22.1782,    26.1686      
# span 20 =      0.495,     65.874      
# span 21 =      0.498,     66.165      
# span 22 =      0.058,      0.855      
# span 23 =    1485.59,    1512.54      
# span 24 =    1485.59,    1512.53      
# span 25 = 0.0000e+00, 0.0000e+00      
# interval = decibars: 0.5              
# start_time = Aug 25 2018 07:58:52 [NMEA time, first data scan]
# bad_flag = -9.990e-29
*END*
         46      0.500    17.7674    17.7662    -0.0011    4.08289    4.08360          1     5.6251     5.3909       9.98     0.0000  3.920e+01  7.623e+02  1.945e+03    30.8839    30.8907     0.0069    22.1780    22.1836      0.495      0.498      0.351    1510.43    1510.44  0.000e+00
         96      1.000    17.7563    17.7500    -0.0063    4.09200    4.08905          1     5.6281     5.3848       9.98     0.0000  2.050e+01  3.990e+02  1.946e+03    30.9689    30.9488    -0.0201    22.2457    22.2318      0.991      0.996      0.391    1510.51    1510.47  0.000e+00
        362      1.500    17.7650    17.7651     0.0001    4.08368    4.08379          1     5.6313     5.4310       9.98     0.0006  1.025e+01  1.995e+02  1.946e+03    30.8919    30.8928     0.0008    22.1848    22.1854      1.486      1.495      0.266    1510.45    1510.45  0.000e+00
        481      2.000    17.7647    17.7653     0.0006    4.08258    4.08272          1     5.6544     5.4318       9.98     0.0113  8.630e+00  1.679e+02  1.946e+03    30.8827    30.8834     0.0008    22.1777    22.1782      1.981      1.993      0.676    1510.45    1510.45  0.000e+00
        493      2.500    17.7633    17.7638     0.0006    4.08284    4.08268          1     5.6655     5.4287       9.98     0.0556  7.442e+00  1.446e+02  1.944e+03    30.8858    30.8841    -0.0017    22.1805    22.1790      2.477      2.491      0.855    1510.46    1510.46  0.000e+00
        506      3.000    17.7629    17.7647     0.0017    4.08276    4.08309          1     5.6615     5.4288       9.98     0.1002  6.704e+00  1.303e+02  1.944e+03    30.8852    30.8867     0.0015    22.1801    22.1809      2.972      2.989      0.800    1510.47    1510.47  0.000e+00
        525      3.500    17.7635    17.7641     0.0006    4.08273    4.08281          1     5.6621     5.4284       9.98     0.1164  6.245e+00  1.214e+02  1.944e+03    30.8844    30.8846     0.0002    22.1794    22.1794      3.468      3.487      0.545    1510.47    1510.48  0.000e+00
        556      4.000    17.7632    17.7607    -0.0025    4.08278    4.08345          1     5.6524     5.4290       9.98     0.1157  4.952e+00  9.631e+01  1.945e+03    30.8849    30.8924     0.0075    22.1798    22.1861      3.963      3.986      0.361    1510.48    1510.48  0.000e+00
        586      4.500    17.7515    17.7420    -0.0095    4.08600    4.08743          1     5.6670     5.4080       9.98     0.1294  5.526e+00  1.075e+02  1.946e+03    30.9207    30.9400     0.0192    22.2100    22.2270      4.458      4.484      0.449    1510.50    1510.49  0.000e+00
        611      5.000    17.7462    17.7467     0.0004    4.08701    4.08737          1     5.6753     5.4140       9.98     0.1521  4.713e+00  9.168e+01  1.946e+03    30.9331    30.9358     0.0027    22.2207    22.2227      4.954      4.982      0.470    1510.50    1510.51  0.000e+00
        638      5.500    17.7432    17.7304    -0.0127    4.08854    4.09021          1     5.6476     5.4210       9.98     0.1491  4.666e+00  9.068e+01  1.944e+03    30.9481    30.9719     0.0238    22.2330    22.2542      5.449      5.480      0.416    1510.52    1510.51  0.000e+00
        677      6.000    17.7164    17.7140    -0.0025    4.09889    4.09992          1     5.6644     5.4096       9.98     0.1618  3.316e+00  6.447e+01  1.944e+03    31.0557    31.0662     0.0105    22.3216    22.3302      5.944      5.978      0.256    1510.57    1510.57  0.000e+00
        735      6.500    17.7194    17.7212     0.0018    4.09727    4.09581          1     5.6434     5.3812       9.98     0.1642  3.591e+00  7.001e+01  1.949e+03    31.0395    31.0259    -0.0136    22.3085    22.2977      6.440      6.477      0.506    1510.57    1510.56  0.000e+00
        752      7.000    17.7095    17.7034    -0.0060    4.10615    4.10219          1     5.6529     5.3869       9.98     0.1678  3.073e+00  5.990e+01  1.950e+03    31.1220    31.0931    -0.0289    22.3739    22.3533      6.935      6.975      0.672    1510.64    1510.59  0.000e+00
        769      7.500    17.7046    17.7058     0.0012    4.13472    4.13061          1     5.6488     5.3823       9.98     0.1754  2.720e+00  5.295e+01  1.947e+03    31.3671    31.3314    -0.0357    22.5626    22.5350      7.430      7.473      0.642    1510.91    1510.88  0.000e+00
        790      8.000    17.7161    17.7205     0.0044    4.15042    4.15184          1     5.6151     5.3751       9.98     0.1892  2.681e+00  5.210e+01  1.943e+03    31.4909    31.4995     0.0086    22.6546    22.6601      7.926      7.971      0.498    1511.10    1511.12  0.000e+00
        822      8.500    17.7292    17.7290    -0.0002    4.15744    4.15771          1     5.6290     5.3782       9.98     0.1987  2.268e+00  4.403e+01  1.942e+03    31.5400    31.5425     0.0025    22.6890    22.6910      8.421      8.469      0.327    1511.20    1511.20  0.000e+00
        858      9.000    17.7339    17.7344     0.0005    4.15940    4.15961          1     5.6581     5.3756       9.98     0.1996  1.974e+00  3.839e+01  1.945e+03    31.5528    31.5542     0.0014    22.6977    22.6986      8.917      8.967      0.349    1511.24    1511.24  0.000e+00
        893      9.500    17.7374    17.7383     0.0009    4.16050    4.16095          1     5.6446     5.3752       9.98     0.2031  1.911e+00  3.712e+01  1.943e+03    31.5592    31.5623     0.0031    22.7017    22.7039      9.412      9.465      0.358    1511.26    1511.27  0.000e+00
        926     10.000    17.7399    17.7400     0.0002    4.16233    4.16294          1     5.5790     5.3676       9.98     0.2036  1.682e+00  3.263e+01  1.940e+03    31.5726    31.5777     0.0051    22.7114    22.7152      9.907      9.963      0.345    1511.29    1511.30  0.000e+00
        966     10.500    17.7388    17.7396     0.0008    4.16355    4.16402          1     5.5946     5.3793       9.98     0.2034  1.501e+00  2.918e+01  1.944e+03    31.5837    31.5870     0.0033    22.7201    22.7225     10.403     10.461      0.262    1511.31    1511.32  0.000e+00
       1017     11.000    17.7447    17.7453     0.0007    4.16461    4.16509          1     5.6388     5.3832       9.98     0.2032  1.347e+00  2.618e+01  1.944e+03    31.5878    31.5914     0.0036    22.7219    22.7245     10.898     10.959      0.270    1511.34    1511.35  0.000e+00
       1051     11.500    17.7475    17.7482     0.0007    4.16514    4.16536          1     5.6249     5.3837       9.98     0.2042  1.281e+00  2.487e+01  1.942e+03    31.5899    31.5913     0.0013    22.7229    22.7237     11.393     11.457      0.357    1511.36    1511.36  0.000e+00
       1098     12.000    17.7539    17.7547     0.0008    4.16606    4.16651          1     5.6366     5.3613       9.98     0.2070  1.116e+00  2.168e+01  1.943e+03    31.5927    31.5959     0.0032    22.7234    22.7257     11.889     11.955      0.242    1511.39    1511.40  0.000e+00
       1142     12.500    17.7675    17.7730     0.0055    4.16868    4.16820          1     5.6392     5.3614       9.98     0.2065  1.025e+00  1.991e+01  1.942e+03    31.6041    31.5958    -0.0083    22.7289    22.7212     12.384     12.453      0.370    1511.45    1511.46  0.000e+00
       1171     13.000    17.8372    17.8584     0.0212    4.18149    4.18223          1     5.6508     5.3296       9.98     0.2103  8.929e-01  1.734e+01  1.942e+03    31.6580    31.6479    -0.0102    22.7535    22.7406     12.879     12.950      0.394    1511.73    1511.78  0.000e+00
       1215     13.500    17.9249    17.9630     0.0381    4.20233    4.20617          1     5.5876     5.2616       9.98     0.2219  8.491e-01  1.648e+01  1.941e+03    31.7657    31.7685     0.0028    22.8148    22.8078     13.375     13.448      0.237    1512.12    1512.23  0.000e+00
       1263     14.000    18.0146    18.0209     0.0063    4.22535    4.22408          1     5.5554     5.2454       9.98     0.2284  7.505e-01  1.456e+01  1.939e+03    31.8898    31.8742    -0.0156    22.8881    22.8746     13.870     13.946      0.328    1512.53    1512.53  0.000e+00
       1298     14.500    17.9902    17.9768    -0.0134    4.23048    4.23126          1     5.5051     5.2370       9.98     0.2135  6.953e-01  1.351e+01  1.942e+03    31.9519    31.9689     0.0170    22.9415    22.9577     14.365     14.444      0.300    1512.54    1512.52  0.000e+00
       1357     15.000    17.9538    17.9493    -0.0044    4.23187    4.23212          1     5.4791     5.1995       9.98     0.2027  6.274e-01  1.219e+01  1.942e+03    31.9920    31.9976     0.0055    22.9809    22.9862     14.861     14.942      0.226    1512.49    1512.48  0.000e+00
       1402     15.500    17.9363    17.9318    -0.0046    4.23525    4.23546          1     5.4463     5.2378       9.98     0.1938  5.589e-01  1.085e+01  1.942e+03    32.0339    32.0393     0.0054    23.0172    23.0224     15.356     15.440      0.361    1512.49    1512.48  0.000e+00
       1436     16.000    17.9142    17.9043    -0.0099    4.23661    4.23741          1     5.5211     5.2527       9.98     0.1821  5.247e-01  1.020e+01  1.944e+03    32.0627    32.0772     0.0145    23.0445    23.0580     15.851     15.938      0.285    1512.47    1512.45  0.000e+00
       1505     16.500    17.8961    17.8934    -0.0027    4.23902    4.23938          1     5.5012     5.2084       9.98     0.1706  4.931e-01  9.570e+00  1.941e+03    32.0971    32.1022     0.0051    23.0752    23.0798     16.347     16.435      0.339    1512.46    1512.46  0.000e+00
       1530     17.000    17.8815    17.8713    -0.0102    4.23886    4.23922          1     5.4894     5.2062       9.98     0.1741  4.463e-01  8.655e+00  1.939e+03    32.1069    32.1180     0.0111    23.0863    23.0972     16.842     16.933      0.511    1512.44    1512.42  0.000e+00
       1556     17.500    17.8676    17.8542    -0.0134    4.23945    4.24066          1     5.4784     5.1894       9.98     0.1638  4.084e-01  7.931e+00  1.942e+03    32.1228    32.1435     0.0207    23.1017    23.1208     17.337     17.431      0.379    1512.42    1512.41  0.000e+00
       1608     18.000    17.7926    17.7693    -0.0232    4.23562    4.23635          1     5.4976     5.3172       9.98     0.1538  3.705e-01  7.200e+00  1.943e+03    32.1493    32.1738     0.0245    23.1400    23.1644     17.833     17.929      0.274    1512.24    1512.20  0.000e+00
       1643     18.500    17.6998    17.6778    -0.0220    4.22701    4.22740          1     5.5592     5.3902       9.98     0.1472  3.513e-01  6.827e+00  1.944e+03    32.1493    32.1700     0.0206    23.1623    23.1834     18.328     18.426      0.420    1511.97    1511.93  0.000e+00
       1673     19.000    17.6649    17.6488    -0.0161    4.22380    4.22398          1     5.6219     5.3323       9.98     0.1286  3.203e-01  6.225e+00  1.944e+03    32.1494    32.1637     0.0142    23.1708    23.1855     18.823     18.924      0.366    1511.88    1511.84  0.000e+00
       1713     19.500    17.6528    17.6482    -0.0047    4.22362    4.22426          1     5.6029     5.3096       9.98     0.1178  2.915e-01  5.665e+00  1.944e+03    32.1572    32.1664     0.0092    23.1796    23.1877     19.319     19.422      0.269    1511.86    1511.86  0.000e+00
       1756     20.000    17.6427    17.6388    -0.0039    4.22407    4.22485          1     5.5796     5.3114       9.98     0.1160  2.695e-01  5.234e+00  1.942e+03    32.1690    32.1786     0.0096    23.1910    23.1993     19.814     19.920      0.273    1511.85    1511.85  0.000e+00
       1808     20.500    17.6311    17.6281    -0.0030    4.22475    4.22551          1     5.5581     5.3089       9.98     0.1138  2.531e-01  4.913e+00  1.942e+03    32.1837    32.1926     0.0088    23.2051    23.2125     20.309     20.417      0.215    1511.84    1511.84  0.000e+00
       1856     21.000    17.6190    17.6166    -0.0024    4.22515    4.22587          1     5.5852     5.3132       9.98     0.1121  2.313e-01  4.488e+00  1.940e+03    32.1965    32.2045     0.0081    23.2177    23.2244     20.805     20.915      0.296    1511.83    1511.83  0.000e+00
       1897     21.500    17.6085    17.6054    -0.0031    4.22573    4.22644          1     5.5996     5.3125       9.98     0.1080  2.172e-01  4.213e+00  1.940e+03    32.2096    32.2181     0.0085    23.2302    23.2375     21.300     21.413      0.270    1511.82    1511.82  0.000e+00
       1947     22.000    17.5923    17.5862    -0.0061    4.22624    4.22705          1     5.5796     5.2802       9.98     0.1018  2.014e-01  3.915e+00  1.943e+03    32.2266    32.2383     0.0118    23.2471    23.2576     21.795     21.910      0.255    1511.80    1511.79  0.000e+00
       1985     22.500    17.5684    17.5636    -0.0049    4.22554    4.22622          1     5.5692     5.2749       9.98     0.0971  1.875e-01  3.645e+00  1.944e+03    32.2394    32.2490     0.0097    23.2626    23.2712     22.291     22.408      0.344    1511.75    1511.75  0.000e+00
       2028     23.000    17.5499    17.5387    -0.0112    4.22439    4.22476          1     5.5559     5.2589       9.98     0.0936  1.726e-01  3.350e+00  1.941e+03    32.2441    32.2561     0.0120    23.2706    23.2825     22.786     22.906      0.240    1511.71    1511.69  0.000e+00
       2074     23.500    17.5045    17.4972    -0.0073    4.21987    4.22052          1     5.5177     5.2119       9.98     0.0880  1.620e-01  3.145e+00  1.942e+03    32.2414    32.2528     0.0114    23.2793    23.2898     23.281     23.404      0.306    1511.58    1511.57  0.000e+00
       2118     24.000    17.4838    17.4786    -0.0052    4.21783    4.21846          1     5.4871     5.2162       9.98     0.0856  1.494e-01  2.901e+00  1.942e+03    32.2403    32.2498     0.0095    23.2835    23.2920     23.777     23.901      0.226    1511.52    1511.52  0.000e+00
       2172     24.500    17.4798    17.4794    -0.0005    4.21687    4.21901          1     5.4949     5.2353       9.98     0.0869  1.415e-01  2.744e+00  1.939e+03    32.2352    32.2537     0.0186    23.2804    23.2948     24.272     24.399      0.298    1511.51    1511.53  0.000e+00
       2205     25.000    17.4977    17.5086     0.0109    4.22144    4.22274          1     5.5269     5.2787       9.98     0.0860  1.284e-01  2.491e+00  1.939e+03    32.2597    32.2621     0.0024    23.2950    23.2943     24.767     24.897      0.343    1511.60    1511.64  0.000e+00
       2250     25.500    17.5302    17.5339     0.0037    4.22651    4.22758          1     5.5742     5.2984       9.98     0.0829  1.198e-01  2.323e+00  1.940e+03    32.2770    32.2832     0.0062    23.3005    23.3044     25.263     25.394      0.233    1511.73    1511.75  0.000e+00
       2301     26.000    17.5259    17.5237    -0.0022    4.22689    4.22740          1     5.5563     5.2732       9.97     0.0802  1.108e-01  2.152e+00  1.942e+03    32.2835    32.2896     0.0061    23.3065    23.3117     25.758     25.892      0.258    1511.73    1511.73  0.000e+00
       2343     26.500    17.5163    17.5128    -0.0034    4.22645    4.22694          1     5.5465     5.2709       9.97     0.0792  1.050e-01  2.040e+00  1.944e+03    32.2871    32.2941     0.0070    23.3116    23.3178     26.253     26.390      0.303    1511.71    1511.71  0.000e+00
       2386     27.000    17.4934    17.4871    -0.0062    4.22549    4.22595          1     5.5525     5.2190       9.97     0.0779  9.596e-02  1.862e+00  1.940e+03    32.2971    32.3059     0.0089    23.3246    23.3329     26.749     26.887      0.230    1511.66    1511.66  0.000e+00
       2444     27.500    17.4742    17.4725    -0.0017    4.22429    4.22494          1     5.5075     5.1822       9.97     0.0749  8.943e-02  1.732e+00  1.937e+03    32.3019    32.3088     0.0069    23.3329    23.3386     27.244     27.385      0.250    1511.62    1511.62  0.000e+00
