ctdpy/exports/archive_20191120_135557/received_data/SBE09_0827_20180227_1204_26_01_0327.cnv
* Sea-Bird SBE 9 Data File:
* FileName = D:\CTD_SBE911\DAT\26DA.2018.3.27.hex
* Software Version Seasave V 7.21d
* Temperature SN = 034757
* Conductivity SN = 041844
* Number of Bytes Per Scan = 48
* Number of Voltage Words = 5
* Number of Scans Averaged by the Deck Unit = 1
* NMEA Latitude = 56 07.30 N
* NMEA Longitude = 019 55.13 E
* NMEA UTC (Time) = Feb 27 2018  12:04:23
* NMEA baud rate = 4800
** Ship: DANA
** Average sound velocity: 1429.93 m/s
** True-depth calculation Tue, 02 Apr 2019 12:07:44 +0000
** CTD Python Module SMHI /ver 3-12/ feb 2012 
** LIMS Job: 20182601-0327
** Operator:
** Cruise: 02/2018
# nquan = 26
# nvalues = 122                         
# units = specified
# name 0 = scan: Scan Count
# name 1 = prDM: Pressure, Digiquartz [db]
# name 2 = t090C: Temperature [ITS-90, deg C]
# name 3 = t190C: Temperature, 2 [ITS-90, deg C]
# name 4 = T2-T190C: Temperature Difference, 2 - 1 [ITS-90, deg C]
# name 5 = c0S/m: Conductivity [S/m]
# name 6 = c1S/m: Conductivity, 2 [S/m]
# name 7 = pumps: Pump Status
# name 8 = sbeox1ML/L: Oxygen, SBE 43, 2 [ml/l]
# name 9 = sbeox0ML/L: Oxygen, SBE 43 [ml/l]
# name 10 = altM: Altimeter [m]
# name 11 = chloroflTC0: Chlorophyll, Turner Cyclops [ug/l]
# name 12 = cpar: CPAR/Corrected Irradiance [%]
# name 13 = par: PAR/Irradiance, Biospherical/Lico [µE/(cm^2*s)]
# name 14 = spar: SPAR, Biospherical/Licor
# name 15 = sal00: Salinity, Practical [PSU]
# name 16 = sal11: Salinity, Practical, 2 [PSU]
# name 17 = secS-priS: Salinity, Practical, Difference, 2 - 1 [PSU]
# name 18 = sigma-t00: Density [sigma-t, kg/m^3 ]
# name 19 = sigma-t11: Density, 2 [sigma-t, kg/m^3 ]
# name 20 = depSM: Depth [salt water, m], lat = 56.1217
# name 21 = depFM: Depth [true depth, m], lat = 56.1217
# name 22 = dz/dtM: Descent Rate [m/s], WS = 2
# name 23 = svCM: Sound Velocity [Chen-Millero, m/s]
# name 24 = svCM1: Sound Velocity, 2 [Chen-Millero, m/s]
# name 25 = flag: flag
# span 0 =         33,       6827       
# span 1 =      1.500,     62.000       
# span 2 =     3.2524,     5.7188       
# span 3 =     3.2518,     5.7204       
# span 4 =    -0.0031,     0.5392       
# span 5 =   0.765768,   1.099015       
# span 6 =   0.765171,   1.098346       
# span 7 =          1,          1       
# span 8 =     1.4787,     8.4445       
# span 9 =     1.4999,     8.4186       
# span 10 =       0.69,      10.00      
# span 11 =     0.0112,     0.0160      
# span 12 = -1.428e-11, 8.6184e+00      
# span 13 = -5.800e-11, 3.7806e+01      
# span 14 = 3.4305e+02, 4.3866e+02      
# span 15 =     7.4231,    10.1531      
# span 16 =     7.4168,    10.1462      
# span 17 =    -0.0341,     0.2130      
# span 18 =     5.9151,     7.9905      
# span 19 =     5.9101,     7.9851      
# span 20 =      1.486,     61.426      
# span 21 =      1.519,     62.764      
# span 22 =     -0.321,      1.319      
# span 23 =    1427.95,    1443.29      
# span 24 =    1427.93,    1443.28      
# span 25 = 0.0000e+00, 0.0000e+00      
# interval = decibars: 0.5              
# start_time = Feb 27 2018 12:04:24 [NMEA time, first data scan]
# bad_flag = -9.990e-29
*END*
[from data line 56]
       2789     29.500     3.2592     3.2589    -0.0003    0.76623    0.76563          1     8.4216     8.4056       9.95     0.0122  2.500e-13  1.000e-12  4.001e+02     7.4233     7.4171    -0.0062     5.9153     5.9103     29.229     29.870      0.702    1428.38    1428.37  0.000e+00
       2805     30.000     3.2597     3.2596    -0.0000    0.76625    0.76566          1     8.4201     8.4045       9.95     0.0122  2.500e-13  1.000e-12  4.001e+02     7.4233     7.4172    -0.0061     5.9153     5.9104     29.725     30.376      0.752    1428.39    1428.39  0.000e+00
       2821     30.500     3.2599     3.2597    -0.0002    0.76627    0.76567          1     8.4161     8.4038       9.95     0.0116  2.500e-13  1.000e-12  4.001e+02     7.4233     7.4172    -0.0061     5.9153     5.9104     30.220     30.883      0.655    1428.40    1428.39  0.000e+00
       2853     31.000     3.2602     3.2599    -0.0002    0.76628    0.76569          1     8.4184     8.4104       9.95     0.0121  2.501e-13  1.000e-12  3.998e+02     7.4233     7.4172    -0.0061     5.9153     5.9104     30.715     31.389      0.407    1428.41    1428.40  0.000e+00
       2994     31.500     3.2603     3.2598    -0.0005    0.76630    0.76569          1     8.4178     8.4059       9.95     0.0122  2.528e-13  1.000e-12  3.956e+02     7.4234     7.4172    -0.0062     5.9153     5.9104     31.211     31.895      0.804    1428.42    1428.41  0.000e+00
       3006     32.000     3.2602     3.2602     0.0000    0.76630    0.76570          1     8.4122     8.4085       9.95     0.0122  2.538e-13  1.000e-12  3.941e+02     7.4234     7.4171    -0.0062     5.9153     5.9104     31.706     32.402      0.848    1428.43    1428.42  0.000e+00
       3020     32.500     3.2603     3.2591    -0.0012    0.76630    0.76569          1     8.4129     8.4072       9.95     0.0121  2.538e-13  1.000e-12  3.940e+02     7.4233     7.4172    -0.0061     5.9153     5.9104     32.201     32.908      0.746    1428.43    1428.42  0.000e+00
       3062     33.000     3.2606     3.2597    -0.0010    0.76632    0.76571          1     8.4212     8.4035       9.95     0.0121  2.553e-13  1.000e-12  3.917e+02     7.4233     7.4172    -0.0061     5.9153     5.9104     32.697     33.414      0.407    1428.44    1428.43  0.000e+00
       3197     33.500     3.2617     3.2609    -0.0008    0.76636    0.76575          1     8.4044     8.3985       9.95     0.0120  2.614e-13  1.000e-12  3.826e+02     7.4234     7.4173    -0.0062     5.9154     5.9105     33.192     33.920      0.327    1428.46    1428.44  0.000e+00
       3218     34.000     3.2606     3.2599    -0.0007    0.76634    0.76573          1     8.4071     8.3994       9.95     0.0122  2.620e-13  1.000e-12  3.818e+02     7.4234     7.4173    -0.0061     5.9153     5.9105     33.687     34.427      0.607    1428.46    1428.45  0.000e+00
       3234     34.500     3.2603     3.2591    -0.0012    0.76633    0.76572          1     8.4112     8.4005       9.95     0.0121  2.619e-13  1.000e-12  3.818e+02     7.4234     7.4173    -0.0061     5.9153     5.9105     34.183     34.933      0.758    1428.47    1428.45  0.000e+00
       3249     35.000     3.2599     3.2583    -0.0016    0.76633    0.76570          1     8.4205     8.4018       9.95     0.0116  2.631e-13  1.000e-12  3.802e+02     7.4233     7.4171    -0.0063     5.9153     5.9104     34.678     35.439      0.739    1428.47    1428.46  0.000e+00
       3278     35.500     3.2596     3.2585    -0.0011    0.76632    0.76571          1     8.4219     8.4033       9.95     0.0121  2.639e-13  1.000e-12  3.789e+02     7.4233     7.4171    -0.0061     5.9153     5.9104     35.174     35.945      0.513    1428.48    1428.47  0.000e+00
       3398     36.000     3.2592     3.2576    -0.0016    0.76632    0.76573          1     8.3766     8.3869       9.95     0.0122  2.676e-13  1.000e-12  3.737e+02     7.4232     7.4175    -0.0057     5.9152     5.9107     35.669     36.452      1.319    1428.48    1428.47  0.000e+00
       3407     36.500     3.2588     3.2591     0.0003    0.76632    0.76572          1     8.3876     8.3949       9.95     0.0122  2.676e-13  1.000e-12  3.737e+02     7.4233     7.4169    -0.0063     5.9153     5.9102     36.164     36.958      1.228    1428.49    1428.48  0.000e+00
       3417     37.000     3.2610     3.2646     0.0036    0.76640    0.76584          1     8.4049     8.3973       9.95     0.0122  2.676e-13  1.000e-12  3.737e+02     7.4235     7.4169    -0.0066     5.9155     5.9101     36.660     37.464      0.972    1428.51    1428.52  0.000e+00
       3479     37.500     3.2632     3.2652     0.0021    0.76647    0.76593          1     8.4182     8.4028       9.95     0.0122  2.681e-13  1.000e-12  3.730e+02     7.4237     7.4176    -0.0061     5.9156     5.9107     37.155     37.971      0.550    1428.53    1428.53  0.000e+00
       3582     38.000     3.2651     3.2666     0.0016    0.76654    0.76599          1     8.4168     8.4034       9.95     0.0122  2.691e-13  1.000e-12  3.717e+02     7.4239     7.4178    -0.0061     5.9157     5.9108     37.650     38.477      0.671    1428.54    1428.54  0.000e+00
       3602     38.500     3.2654     3.2650    -0.0003    0.76655    0.76597          1     8.4228     8.4049       9.95     0.0122  2.699e-13  1.000e-12  3.706e+02     7.4239     7.4179    -0.0059     5.9157     5.9109     38.146     38.983      0.567    1428.55    1428.54  0.000e+00
       3670     39.000     3.2650     3.2637    -0.0014    0.76655    0.76590          1     8.4245     8.3987       9.95     0.0122  2.713e-13  1.000e-12  3.686e+02     7.4239     7.4174    -0.0064     5.9157     5.9106     38.641     39.489      0.458    1428.56    1428.54  0.000e+00
       3742     39.500     3.2655     3.2650    -0.0005    0.76657    0.76597          1     8.4276     8.3899       9.95     0.0122  2.720e-13  1.000e-12  3.676e+02     7.4239     7.4178    -0.0061     5.9157     5.9108     39.136     39.996      0.690    1428.57    1428.56  0.000e+00
       3763     40.000     3.2655     3.2635    -0.0019    0.76658    0.76595          1     8.4304     8.3973       9.95     0.0122  2.720e-13  1.000e-12  3.676e+02     7.4239     7.4178    -0.0061     5.9157     5.9109     39.632     40.502      0.485    1428.58    1428.56  0.000e+00
       3830     40.500     3.2644     3.2644    -0.0000    0.76658    0.76600          1     8.4386     8.3979       9.95     0.0122  2.734e-13  1.000e-12  3.658e+02     7.4241     7.4181    -0.0060     5.9159     5.9111     40.127     41.008      0.342    1428.58    1428.57  0.000e+00
       3859     41.000     3.2661     3.2664     0.0003    0.76674    0.76617          1     8.4358     8.3979       9.95     0.0122  2.736e-13  1.000e-12  3.656e+02     7.4254     7.4194    -0.0060     5.9168     5.9121     40.622     41.514      0.549    1428.60    1428.59  0.000e+00
       3902     41.500     3.2666     3.2670     0.0004    0.76680    0.76624          1     8.4233     8.3955       9.95     0.0121  2.741e-13  1.000e-12  3.648e+02     7.4258     7.4198    -0.0059     5.9172     5.9124     41.118     42.021      0.517    1428.61    1428.60  0.000e+00
       4000     42.000     3.2673     3.2669    -0.0004    0.76685    0.76627          1     8.3857     8.3856       9.95     0.0122  2.765e-13  1.000e-12  3.616e+02     7.4260     7.4201    -0.0059     5.9174     5.9127     41.613     42.527      1.216    1428.62    1428.61  0.000e+00
       4013     42.500     3.2673     3.2676     0.0003    0.76688    0.76630          1     8.3926     8.3868       9.95     0.0122  2.766e-13  1.000e-12  3.615e+02     7.4263     7.4202    -0.0061     5.9176     5.9127     42.108     43.033      1.159    1428.63    1428.62  0.000e+00
       4024     43.000     3.2675     3.2672    -0.0003    0.76691    0.76632          1     8.4043     8.3879       9.95     0.0122  2.766e-13  1.000e-12  3.615e+02     7.4265     7.4204    -0.0060     5.9177     5.9129     42.604     43.540      0.891    1428.64    1428.63  0.000e+00
       4099     43.500     3.2674     3.2661    -0.0013    0.76690    0.76624          1     8.4118     8.3855       9.95     0.0122  2.781e-13  1.000e-12  3.595e+02     7.4264     7.4198    -0.0065     5.9176     5.9124     43.099     44.046      0.567    1428.64    1428.63  0.000e+00
       4180     44.000     3.2664     3.2652    -0.0012    0.76684    0.76618          1     8.4105     8.3883       9.95     0.0120  2.798e-13  1.000e-12  3.574e+02     7.4259     7.4193    -0.0066     5.9173     5.9120     43.595     44.552      0.690    1428.65    1428.63  0.000e+00
       4199     44.500     3.2660     3.2652    -0.0008    0.76682    0.76618          1     8.4177     8.3925       9.95     0.0117  2.798e-13  1.000e-12  3.574e+02     7.4257     7.4193    -0.0064     5.9171     5.9120     44.090     45.058      0.478    1428.65    1428.64  0.000e+00
       4323     45.000     3.2662     3.2656    -0.0006    0.76678    0.76619          1     8.4234     8.3911       9.95     0.0122  2.839e-13  1.000e-12  3.523e+02     7.4252     7.4192    -0.0060     5.9167     5.9119     44.585     45.565      0.499    1428.66    1428.65  0.000e+00
       4365     45.500     3.2660     3.2657    -0.0004    0.76680    0.76622          1     8.4168     8.3881       9.95     0.0122  2.846e-13  1.000e-12  3.514e+02     7.4254     7.4194    -0.0060     5.9169     5.9121     45.080     46.071      0.560    1428.67    1428.66  0.000e+00
       4391     46.000     3.2657     3.2651    -0.0006    0.76681    0.76620          1     8.4238     8.3927       9.95     0.0121  2.846e-13  1.000e-12  3.514e+02     7.4254     7.4193    -0.0061     5.9169     5.9120     45.576     46.577      0.357    1428.67    1428.66  0.000e+00
       4446     46.500     3.2653     3.2647    -0.0006    0.76681    0.76620          1     8.4330     8.3910       9.95     0.0122  2.846e-13  1.000e-12  3.513e+02     7.4255     7.4193    -0.0062     5.9169     5.9120     46.071     47.083      0.259    1428.68    1428.67  0.000e+00
       4486     47.000     3.2652     3.2648    -0.0004    0.76681    0.76621          1     8.4445     8.3933       9.95     0.0122  2.859e-13  1.000e-12  3.498e+02     7.4255     7.4194    -0.0061     5.9170     5.9121     46.567     47.590      0.297    1428.69    1428.68  0.000e+00
       4580     47.500     3.2647     3.2642    -0.0005    0.76682    0.76623          1     8.4281     8.3941       9.95     0.0122  2.863e-13  1.000e-12  3.492e+02     7.4256     7.4195    -0.0060     5.9170     5.9122     47.062     48.096      0.247    1428.69    1428.68  0.000e+00
       4646     48.000     3.2637     3.2624    -0.0012    0.76681    0.76617          1     8.4273     8.3841       9.95     0.0122  2.863e-13  1.000e-12  3.493e+02     7.4256     7.4193    -0.0063     5.9171     5.9121     47.557     48.602      0.584    1428.70    1428.68  0.000e+00
       4661     48.500     3.2631     3.2633     0.0001    0.76680    0.76620          1     8.4273     8.3815       9.95     0.0122  2.863e-13  1.000e-12  3.493e+02     7.4256     7.4193    -0.0063     5.9171     5.9121     48.053     49.109      0.763    1428.70    1428.69  0.000e+00
       4675     49.000     3.2635     3.2658     0.0022    0.76683    0.76641          1     8.4253     8.3857       9.95     0.0122  2.863e-13  1.000e-12  3.493e+02     7.4258     7.4208    -0.0049     5.9172     5.9133     48.548     49.615      0.788    1428.71    1428.72  0.000e+00
       4691     49.500     3.2643     3.2643     0.0000    0.76692    0.76637          1     8.4243     8.3882       9.95     0.0122  2.863e-13  1.000e-12  3.493e+02     7.4265     7.4208    -0.0058     5.9178     5.9132     49.043     50.121      0.634    1428.73    1428.72  0.000e+00
       4765     50.000     3.2661     3.2653    -0.0008    0.76699    0.76638          1     8.4192     8.3801       9.95     0.0118  2.870e-13  1.000e-12  3.484e+02     7.4267     7.4205    -0.0061     5.9179     5.9130     49.538     50.627      0.571    1428.74    1428.73  0.000e+00
       4846     50.500     3.2676     3.2666    -0.0010    0.76703    0.76645          1     8.4158     8.3821       9.95     0.0112  2.874e-13  1.000e-12  3.479e+02     7.4267     7.4208    -0.0059     5.9179     5.9132     50.034     51.134      0.950    1428.75    1428.74  0.000e+00
       4860     51.000     3.2675     3.2673    -0.0002    0.76706    0.76648          1     8.4157     8.3866       9.95     0.0119  2.873e-13  1.000e-12  3.481e+02     7.4270     7.4210    -0.0060     5.9181     5.9134     50.529     51.640      0.678    1428.76    1428.75  0.000e+00
       4958     51.500     3.2694     3.2718     0.0024    0.76715    0.76667          1     8.4167     8.3892       9.95     0.0122  2.881e-13  1.000e-12  3.471e+02     7.4274     7.4218    -0.0056     5.9184     5.9140     51.024     52.146      0.624    1428.78    1428.78  0.000e+00
       5009     52.000     3.2706     3.2707     0.0002    0.76721    0.76662          1     8.4123     8.3890       9.95     0.0122  2.880e-13  1.000e-12  3.473e+02     7.4277     7.4215    -0.0062     5.9186     5.9137     51.520     52.652      0.756    1428.79    1428.79  0.000e+00
       5054     52.500     3.2711     3.2712     0.0000    0.76723    0.76667          1     8.4072     8.3887       9.95     0.0119  2.884e-13  1.000e-12  3.468e+02     7.4277     7.4219    -0.0059     5.9187     5.9140     52.015     53.159      0.464    1428.80    1428.80  0.000e+00
       5149     53.000     3.2722     3.2724     0.0002    0.76729    0.76667          1     8.4126     8.3895       9.95     0.0120  2.896e-13  1.000e-12  3.452e+02     7.4280     7.4215    -0.0065     5.9189     5.9137     52.510     53.665      0.556    1428.82    1428.81  0.000e+00
       5202     53.500     3.2864     3.2923     0.0060    0.76859    0.76817          1     8.2930     8.3022       9.77     0.0122  2.896e-13  1.000e-12  3.452e+02     7.4382     7.4324    -0.0057     5.9268     5.9221     53.006     54.171      0.388    1428.90    1428.92  0.000e+00
       5269     54.000     3.3113     3.3218     0.0108    0.77072    0.77045          1     8.1761     8.1141       9.30     0.0122  2.896e-13  1.000e-12  3.452e+02     7.4545     7.4492    -0.0053     5.9395     5.9351     53.501     54.678      0.652    1429.05    1429.09  0.000e+00
       5286     54.500     3.5212     4.0616     0.5392    0.81002    0.83958          1     8.0291     7.2614       8.77     0.0122  2.896e-13  1.000e-12  3.452e+02     7.8112     7.9818     0.1706     6.2194     6.3413     53.996     55.184      0.676    1430.47    1433.12  0.000e+00
       5306     55.000     4.2164     4.5902     0.3743    0.91130    0.94181          1     6.9801     5.4175       8.21     0.0127  2.896e-13  1.000e-12  3.452e+02     8.6785     8.8916     0.2130     6.8907     7.0471     54.492     55.690      0.453    1434.73    1436.66  0.000e+00
       5449     55.500     4.8073     4.8327     0.0254    0.98888    0.98690          1     3.0512     2.7261       7.62     0.0145  2.914e-13  1.000e-12  3.431e+02     9.3116     9.2841    -0.0275     7.3717     7.3487     54.987     56.195      0.381    1438.17    1438.24  0.000e+00
       5470     56.000     4.9410     4.9903     0.0491    1.01011    1.00813          1     3.0319     2.4715       7.13     0.0146  2.914e-13  1.000e-12  3.432e+02     9.4886     9.4545    -0.0341     7.5056     7.4764     55.482     56.701      0.508    1438.99    1439.16  0.000e+00
       5493     56.500     5.0159     5.0325     0.0168    1.02590    1.02673          1     2.7144     2.1877       6.60     0.0147  2.914e-13  1.000e-12  3.432e+02     9.6268     9.6305     0.0037     7.6116     7.6137     55.978     57.206      0.519    1439.50    1439.57  0.000e+00
