ctdpy/exports/archive_20191120_135557/received_data/SBE09_1044_20180527_0632_34_07_0032.cnv
* Sea-Bird SBE 9 Data File:
* FileName = C:\ctd\temp\2018\AU18D032.hex
* Software Version Seasave V 7.26.6.26
* Temperature SN = 5351
* Conductivity SN = 3941
* Number of Bytes Per Scan = 41
* Number of Voltage Words = 4
* Number of Scans Averaged by the Deck Unit = 1
* NMEA Latitude = 58 17.06 N
* NMEA Longitude = 010 30.28 E
* NMEA UTC (Time) = May 27 2018  06:32:43
* NMEA baud rate = 4800
** Station:  Å17
** Operator:  JKro
** Ship: AURA
** Average sound velocity: 1478.52 m/s
** True-depth calculation Sun, 27 May 2018 10:25:28 +0000
** CTD Python Module SMHI /ver 3-12/ feb 2012 
** LIMS Job: 20183407-0032
** Cruise: SMHI-02-2018
** Latitude [GG MM.mm N] :
** Longitude [GG MM.mm E]:
# nquan = 26
# nvalues = 699                         
# units = specified
# name 0 = scan: Scan Count
# name 1 = prDM: Pressure, Digiquartz [db]
# name 2 = t090C: Temperature [ITS-90, deg C]
# name 3 = t190C: Temperature, 2 [ITS-90, deg C]
# name 4 = T2-T190C: Temperature Difference, 2 - 1 [ITS-90, deg C]
# name 5 = c0S/m: Conductivity [S/m]
# name 6 = c1S/m: Conductivity, 2 [S/m]
# name 7 = pumps: Pump Status
# name 8 = sbeox0ML/L: Oxygen, SBE 43 [ml/l]
# name 9 = sbeox1ML/L: Oxygen, SBE 43, 2 [ml/l]
# name 10 = altM: Altimeter [m]
# name 11 = flECO-AFL: Chl-a Fluorescence, WET Labs ECO-AFL/FL [mg/m^3]
# name 12 = flECO-AFL1: Phycocyanin Fluorescence, WET Labs ECO-AFL/FL, 2 [mg/m^3]
# name 13 = par: PAR/Irradiance, Biospherical/Lico [µE/(cm^2*s)]
# name 14 = turbWETntu0: Turbidity, WET Labs ECO [NTU]
# name 15 = sal00: Salinity, Practical [PSU]
# name 16 = sal11: Salinity, Practical, 2 [PSU]
# name 17 = secS-priS: Salinity, Practical, Difference, 2 - 1 [PSU]
# name 18 = sigma-t00: Density [sigma-t, Kg/m^3 ]
# name 19 = sigma-t11: Density, 2 [sigma-t, Kg/m^3 ]
# name 20 = depSM: Depth [salt water, m], lat = 58.2843
# name 21 = depFM: Depth [true depth, m], lat = 58.2843
# name 22 = dz/dtM: Descent Rate [m/s], WS = 2
# name 23 = svCM: Sound Velocity [Chen-Millero, m/s]
# name 24 = svCM1: Sound Velocity, 2 [Chen-Millero, m/s]
# name 25 = flag: flag
# span 0 =      16318,      35060       
# span 1 =      1.000,    350.000       
# span 2 =     5.7123,    18.8329       
# span 3 =     5.7135,    18.8321       
# span 4 =    -0.0848,     0.9023       
# span 5 =   3.427441,   3.592765       
# span 6 =   3.427505,   3.597750       
# span 7 =          1,          1       
# span 8 =    5.98021,    8.32960       
# span 9 =    5.94338,    8.21008       
# span 10 =       3.85,      99.12      
# span 11 =     0.0284,     3.8110      
# span 12 =     0.1515,     0.4955      
# span 13 = 1.0000e-12, 7.0029e+02      
# span 14 =     0.1488,     0.9217      
# span 15 =    26.0045,    35.1034      
# span 16 =    26.0501,    35.1023      
# span 17 =    -0.6362,     0.1300      
# span 18 =    18.2012,    27.6707      
# span 19 =    18.2364,    27.6696      
# span 20 =      0.991,    346.455      
# span 21 =      1.000,    346.982      
# span 22 =      0.040,      0.613      
# span 23 =    1476.78,    1508.12      
# span 24 =    1476.78,    1508.18      
# span 25 = 0.0000e+00, 0.0000e+00      
# interval = decibars: 0.5              
# start_time = May 27 2018 06:32:43 [NMEA time, first data scan]
# bad_flag = -9.990e-29
*END*
[from data line 335]
      24908    168.500     5.9917     5.9931     0.0014    3.44774    3.44779          1     6.3737     6.2945      98.68     0.0577     0.1702  1.000e-12  0.2822000    35.0476    35.0467    -0.0009    27.5914    27.5905    166.866    167.091      0.532    1477.54    1477.54  0.000e+00
      24931    169.000     5.9907     5.9917     0.0010    3.44772    3.44772          1     6.3788     6.3093      98.68     0.0601     0.2104  1.000e-12  0.2844000    35.0481    35.0470    -0.0011    27.5920    27.5910    167.361    167.587      0.521    1477.54    1477.54  0.000e+00
      24955    169.500     5.9877     5.9893     0.0016    3.44744    3.44749          1     6.3746     6.3032      98.68     0.0965     0.2594  1.000e-12  0.2842000    35.0478    35.0468    -0.0011    27.5922    27.5911    167.856    168.083      0.466    1477.53    1477.54  0.000e+00
      24982    170.000     5.9868     5.9882     0.0014    3.44747    3.44749          1     6.3735     6.2955      98.68     0.0963     0.2408  1.000e-12  0.2863000    35.0489    35.0476    -0.0012    27.5931    27.5919    168.351    168.578      0.430    1477.54    1477.55  0.000e+00
      25010    170.500     5.9871     5.9887     0.0016    3.44759    3.44764          1     6.3583     6.3073      98.67     0.0789     0.1794  1.000e-12  0.2967000    35.0495    35.0485    -0.0010    27.5935    27.5926    168.846    169.074      0.452    1477.55    1477.56  0.000e+00
      25035    171.000     5.9874     5.9889     0.0015    3.44766    3.44771          1     6.3572     6.3069      98.68     0.0751     0.2358  1.000e-12  0.3057000    35.0498    35.0488    -0.0010    27.5937    27.5927    169.341    169.569      0.490    1477.56    1477.57  0.000e+00
      25059    171.500     5.9884     5.9899     0.0014    3.44782    3.44786          1     6.3565     6.3135      98.68     0.0755     0.2454  1.000e-12  0.3096000    35.0503    35.0492    -0.0011    27.5940    27.5930    169.836    170.065      0.514    1477.58    1477.58  0.000e+00
      25082    172.000     5.9932     5.9951     0.0019    3.44840    3.44847          1     6.3625     6.3117      98.68     0.0788     0.2188  1.000e-12  0.3059000    35.0516    35.0504    -0.0012    27.5944    27.5932    170.331    170.561      0.513    1477.60    1477.61  0.000e+00
      25106    172.500     5.9952     5.9971     0.0019    3.44866    3.44874          1     6.3728     6.3129      98.68     0.0902     0.1943  1.000e-12  0.3114000    35.0522    35.0512    -0.0010    27.5946    27.5936    170.826    171.056      0.477    1477.62    1477.63  0.000e+00
      25133    173.000     5.9957     5.9971     0.0014    3.44879    3.44882          1     6.3771     6.3156      98.68     0.0848     0.1957  1.000e-12  0.3193000    35.0529    35.0518    -0.0011    27.5951    27.5941    171.321    171.552      0.439    1477.63    1477.64  0.000e+00
      25160    173.500     5.9897     5.9922     0.0025    3.44838    3.44852          1     6.3834     6.3276      98.68     0.0784     0.2150  1.000e-12  0.3201000    35.0543    35.0533    -0.0010    27.5970    27.5959    171.816    172.047      0.454    1477.62    1477.63  0.000e+00
      25186    174.000     5.9766     5.9793     0.0028    3.44720    3.44742          1     6.3782     6.3295      98.67     0.0695     0.2185  1.000e-12  0.2894000    35.0542    35.0538    -0.0004    27.5986    27.5980    172.311    172.543      0.499    1477.57    1477.58  0.000e+00
      25209    174.500     5.9643     5.9662     0.0019    3.44592    3.44613          1     6.3775     6.3259      98.65     0.0955     0.2420  1.000e-12  0.2616000    35.0522    35.0527     0.0004    27.5986    27.5987    172.806    173.039      0.520    1477.53    1477.54  0.000e+00
      25232    175.000     5.9205     5.9245     0.0040    3.44146    3.44178          1     6.3920     6.3250      98.27     0.0695     0.2762  1.000e-12  0.2738000    35.0469    35.0464    -0.0005    27.6000    27.5991    173.301    173.534      0.502    1477.36    1477.37  0.000e+00
      25257    175.500     5.9105     5.9081    -0.0024    3.44053    3.44015          1     6.3899     6.3233      97.41     0.0543     0.2738  1.000e-12  0.2499000    35.0463    35.0447    -0.0017    27.6008    27.5998    173.796    174.030      0.469    1477.33    1477.31  0.000e+00
      25283    176.000     5.9006     5.9020     0.0014    3.43946    3.43950          1     6.3827     6.3399      97.37     0.0601     0.2694  1.000e-12  0.2337000    35.0444    35.0434    -0.0010    27.6005    27.5996    174.291    174.525      0.440    1477.29    1477.30  0.000e+00
      25311    176.500     5.8817     5.8822     0.0005    3.43753    3.43746          1     6.3810     6.3298      97.37     0.0549     0.2742  1.000e-12  0.2591000    35.0418    35.0405    -0.0013    27.6009    27.5998    174.786    175.021      0.439    1477.22    1477.22  0.000e+00
      25338    177.000     5.8537     5.8565     0.0027    3.43454    3.43486          1     6.3767     6.3279      97.34     0.0661     0.2426  1.000e-12  0.2571000    35.0366    35.0373     0.0008    27.6003    27.6006    175.280    175.517      0.482    1477.11    1477.12  0.000e+00
      25361    177.500     5.8214     5.8226     0.0012    3.43141    3.43145          1     6.3852     6.3295      97.35     0.0670     0.2689  1.000e-12  0.2394000    35.0344    35.0336    -0.0008    27.6027    27.6019    175.775    176.012      0.530    1476.99    1476.99  0.000e+00
      25383    178.000     5.8104     5.8130     0.0026    3.43029    3.43048          1     6.3957     6.3292      97.35     0.0405     0.2079  1.000e-12  0.2351000    35.0328    35.0322    -0.0006    27.6028    27.6020    176.270    176.508      0.542    1476.95    1476.96  0.000e+00
      25406    178.500     5.8034     5.8050     0.0016    3.42963    3.42970          1     6.4025     6.3328      97.36     0.0523     0.2200  1.000e-12  0.2475000    35.0323    35.0314    -0.0009    27.6033    27.6024    176.765    177.003      0.502    1476.93    1476.93  0.000e+00
      25432    179.000     5.7974     5.7989     0.0015    3.42905    3.42911          1     6.4003     6.3354      97.35     0.0636     0.2218  1.000e-12  0.2467000    35.0317    35.0308    -0.0009    27.6036    27.6027    177.260    177.499      0.438    1476.92    1476.92  0.000e+00
      25460    179.500     5.7950     5.7964     0.0015    3.42890    3.42896          1     6.3944     6.3344      97.35     0.0628     0.2456  1.000e-12  0.2448000    35.0322    35.0314    -0.0009    27.6043    27.6035    177.755    177.995      0.426    1476.91    1476.92  0.000e+00
      25487    180.000     5.7968     5.7979     0.0011    3.42923    3.42924          1     6.3997     6.3385      97.36     0.0504     0.2339  1.000e-12  0.2587000    35.0338    35.0328    -0.0010    27.6053    27.6044    178.250    178.490      0.459    1476.93    1476.93  0.000e+00
      25513    180.500     5.8067     5.8078     0.0011    3.43042    3.43042          1     6.4005     6.3415      97.37     0.0425     0.2753  1.000e-12  0.2427000    35.0368    35.0356    -0.0012    27.6064    27.6054    178.745    178.986      0.494    1476.98    1476.99  0.000e+00
      25536    181.000     5.8083     5.8100     0.0017    3.43066    3.43072          1     6.3938     6.3261      97.36     0.0533     0.2281  1.000e-12  0.2536000    35.0376    35.0366    -0.0010    27.6069    27.6059    179.240    179.481      0.524    1477.00    1477.00  0.000e+00
      25558    181.500     5.8064     5.8080     0.0016    3.43054    3.43060          1     6.3987     6.3160      97.37     0.0643     0.2218  1.000e-12  0.2542000    35.0379    35.0369    -0.0010    27.6074    27.6064    179.735    179.977      0.531    1477.00    1477.01  0.000e+00
      25582    182.000     5.8048     5.8063     0.0015    3.43042    3.43047          1     6.3989     6.3231      97.38     0.0533     0.1957  1.000e-12  0.2594000    35.0380    35.0370    -0.0010    27.6076    27.6067    180.230    180.472      0.489    1477.00    1477.01  0.000e+00
      25608    182.500     5.8032     5.8047     0.0015    3.43031    3.43035          1     6.3914     6.3295      97.38     0.0312     0.1951  1.000e-12  0.2458000    35.0381    35.0371    -0.0010    27.6079    27.6069    180.725    180.968      0.429    1477.00    1477.01  0.000e+00
      25637    183.000     5.8019     5.8035     0.0016    3.43022    3.43027          1     6.4043     6.3279      97.39     0.0500     0.2073  1.000e-12  0.2657000    35.0382    35.0371    -0.0010    27.6081    27.6071    181.220    181.464      0.433    1477.01    1477.01  0.000e+00
      25663    183.500     5.8013     5.8029     0.0017    3.43019    3.43025          1     6.4035     6.3367      97.39     0.0292     0.2171  1.000e-12  0.2634000    35.0382    35.0372    -0.0010    27.6083    27.6073    181.715    181.959      0.487    1477.01    1477.02  0.000e+00
      25687    184.000     5.8004     5.8012     0.0008    3.43013    3.43014          1     6.3995     6.3391      97.40     0.0405     0.1864  1.000e-12  0.2424000    35.0382    35.0375    -0.0007    27.6084    27.6077    182.209    182.455      0.525    1477.02    1477.02  0.000e+00
      25709    184.500     5.7979     5.7995     0.0015    3.42999    3.43005          1     6.3976     6.3321      97.41     0.0511     0.1942  1.000e-12  0.2573000    35.0389    35.0380    -0.0009    27.6092    27.6083    182.704    182.950      0.529    1477.02    1477.02  0.000e+00
      25732    185.000     5.7973     5.7991     0.0017    3.42998    3.43006          1     6.3928     6.3189      97.42     0.0522     0.2314  1.000e-12  0.2692000    35.0392    35.0383    -0.0009    27.6095    27.6086    183.199    183.446      0.493    1477.02    1477.03  0.000e+00
      25758    185.500     5.8000     5.8007     0.0007    3.43036    3.43027          1     6.3804     6.3162      97.41     0.0514     0.2441  1.000e-12  0.2673000    35.0405    35.0388    -0.0018    27.6103    27.6088    183.694    183.942      0.430    1477.04    1477.04  0.000e+00
      25788    186.000     5.8086     5.8080    -0.0005    3.43149    3.43129          1     6.3828     6.3252      97.42     0.0527     0.2321  1.000e-12  0.2438000    35.0442    35.0425    -0.0017    27.6121    27.6108    184.189    184.437      0.419    1477.09    1477.09  0.000e+00
      25815    186.500     5.8164     5.8186     0.0022    3.43244    3.43257          1     6.3841     6.3193      97.40     0.0642     0.1842  1.000e-12  0.2473000    35.0466    35.0458    -0.0008    27.6129    27.6121    184.684    184.933      0.482    1477.13    1477.14  0.000e+00
      25838    187.000     5.8284     5.8294     0.0010    3.43381    3.43379          1     6.3928     6.3112      97.42     0.0615     0.1872  1.000e-12  0.2535000    35.0494    35.0481    -0.0013    27.6137    27.6125    185.179    185.428      0.539    1477.19    1477.19  0.000e+00
      25860    187.500     5.8429     5.8444     0.0015    3.43542    3.43545          1     6.3921     6.3047      97.41     0.0538     0.2170  1.000e-12  0.2523000    35.0523    35.0512    -0.0012    27.6142    27.6131    185.674    185.924      0.544    1477.26    1477.27  0.000e+00
      25882    188.000     5.8639     5.8650     0.0011    3.43789    3.43783          1     6.3726     6.2941      97.39     0.0436     0.2724  1.000e-12  0.2611000    35.0584    35.0565    -0.0019    27.6163    27.6147    186.169    186.419      0.503    1477.36    1477.36  0.000e+00
      25908    188.500     5.8698     5.8702     0.0004    3.43867    3.43859          1     6.3509     6.2821      97.40     0.0693     0.1658  1.000e-12  0.2638000    35.0607    35.0595    -0.0012    27.6174    27.6164    186.664    186.915      0.444    1477.40    1477.40  0.000e+00
      25936    189.000     5.8576     5.8607     0.0031    3.43749    3.43771          1     6.3499     6.2802      97.40     0.0674     0.1902  1.000e-12  0.2701000    35.0598    35.0591    -0.0006    27.6182    27.6173    187.158    187.411      0.421    1477.35    1477.37  0.000e+00
      25964    189.500     5.8544     5.8536    -0.0008    3.43728    3.43706          1     6.3458     6.2891      97.60     0.0778     0.1781  1.000e-12  0.2657000    35.0605    35.0588    -0.0017    27.6192    27.6179    187.653    187.906      0.459    1477.35    1477.35  0.000e+00
      25989    190.000     5.8543     5.8551     0.0008    3.43730    3.43728          1     6.3412     6.3001      98.56     0.0623     0.1839  1.000e-12  0.2587000    35.0606    35.0595    -0.0010    27.6192    27.6183    188.148    188.402      0.511    1477.36    1477.36  0.000e+00
      26011    190.500     5.8581     5.8589     0.0008    3.43778    3.43776          1     6.3432     6.2937      98.67     0.0451     0.2320  1.000e-12  0.2641000    35.0619    35.0607    -0.0012    27.6198    27.6187    188.643    188.897      0.526    1477.38    1477.39  0.000e+00
      26035    191.000     5.8577     5.8587     0.0010    3.43780    3.43781          1     6.3511     6.2809      98.68     0.0476     0.1821  1.000e-12  0.3024000    35.0622    35.0613    -0.0009    27.6201    27.6192    189.138    189.393      0.497    1477.39    1477.39  0.000e+00
      26060    191.500     5.8570     5.8588     0.0018    3.43777    3.43784          1     6.3512     6.2867      98.68     0.0595     0.2365  1.000e-12  0.3013000    35.0623    35.0613    -0.0010    27.6202    27.6192    189.633    189.889      0.452    1477.40    1477.40  0.000e+00
      26087    192.000     5.8567     5.8584     0.0017    3.43776    3.43782          1     6.3421     6.2829      98.68     0.0623     0.2109  1.000e-12  0.2733000    35.0623    35.0613    -0.0011    27.6203    27.6192    190.128    190.384      0.442    1477.40    1477.41  0.000e+00
      26114    192.500     5.8569     5.8581     0.0012    3.43781    3.43781          1     6.3482     6.2843      98.68     0.0624     0.2618  1.000e-12  0.2615000    35.0623    35.0612    -0.0012    27.6203    27.6192    190.623    190.880      0.483    1477.41    1477.42  0.000e+00
      26137    193.000     5.8598     5.8611     0.0013    3.43818    3.43820          1     6.3576     6.2803      98.68     0.0553     0.2280  1.000e-12  0.2555000    35.0633    35.0622    -0.0011    27.6207    27.6197    191.118    191.375      0.511    1477.43    1477.44  0.000e+00
      26161    193.500     5.8620     5.8635     0.0015    3.43848    3.43851          1     6.3550     6.2603      98.68     0.0592     0.1884  1.000e-12  0.2542000    35.0641    35.0630    -0.0011    27.6211    27.6200    191.613    191.871      0.499    1477.45    1477.46  0.000e+00
      26185    194.000     5.8614     5.8637     0.0023    3.43843    3.43857          1     6.3462     6.2663      98.68     0.0629     0.2150  1.000e-12  0.2597000    35.0639    35.0632    -0.0007    27.6210    27.6201    192.107    192.366      0.486    1477.46    1477.47  0.000e+00
      26210    194.500     5.8611     5.8626     0.0015    3.43841    3.43846          1     6.3452     6.2861      98.68     0.0630     0.1723  1.000e-12  0.2684000    35.0638    35.0628    -0.0010    27.6210    27.6200    192.602    192.862      0.473    1477.46    1477.47  0.000e+00
      26236    195.000     5.8609     5.8623     0.0015    3.43843    3.43846          1     6.3423     6.2830      98.68     0.0807     0.1515  1.000e-12  0.2841000    35.0640    35.0628    -0.0011    27.6211    27.6200    193.097    193.358      0.455    1477.47    1477.48  0.000e+00
      26263    195.500     5.8614     5.8631     0.0017    3.43852    3.43860          1     6.3460     6.2863      98.66     0.0739     0.1998  1.000e-12  0.2675000    35.0642    35.0633    -0.0009    27.6212    27.6203    193.592    193.853      0.446    1477.48    1477.49  0.000e+00
