ctdpy/exports/archive_20191120_135557/received_data/SBE09_1044_20180128_1802_34_02_0026.cnv
* Sea-Bird SBE 9 Data File:
* FileName = C:\ctd\temp\2018\ME18D026.hex
* Software Version Seasave V 7.26.6.26
* Temperature SN = 5351
* Conductivity SN = 3941
* Number of Bytes Per Scan = 41
* Number of Voltage Words = 4
* Number of Scans Averaged by the Deck Unit = 1
* NMEA Latitude = 57 18.74 N
* NMEA Longitude = 020 04.60 E
* NMEA UTC (Time) = Jan 28 2018  18:03:25
* NMEA baud rate = 4800
** Station:  BY15
** Operator:  SSip
** Ship: MERI
** Average sound velocity: 1446.49 m/s
** True-depth calculation Sun, 28 Jan 2018 19:18:37 +0000
** CTD Python Module SMHI /ver 3-12/ feb 2012 
** LIMS Job: 20183402-0026
** Cruise: SMHI-01-2018
** Latitude [GG MM.mm N] :
** Longitude [GG MM.mm E]:
# nquan = 26
# nvalues = 465                         
# units = specified
# name 0 = scan: Scan Count
# name 1 = prDM: Pressure, Digiquartz [db]
# name 2 = t090C: Temperature [ITS-90, deg C]
# name 3 = t190C: Temperature, 2 [ITS-90, deg C]
# name 4 = T2-T190C: Temperature Difference, 2 - 1 [ITS-90, deg C]
# name 5 = c0S/m: Conductivity [S/m]
# name 6 = c1S/m: Conductivity, 2 [S/m]
# name 7 = pumps: Pump Status
# name 8 = sbeox0ML/L: Oxygen, SBE 43 [ml/l]
# name 9 = sbeox1ML/L: Oxygen, SBE 43, 2 [ml/l]
# name 10 = altM: Altimeter [m]
# name 11 = flECO-AFL: Chl-a Fluorescence, WET Labs ECO-AFL/FL [mg/m^3]
# name 12 = flECO-AFL1: Phycocyanin Fluorescence, WET Labs ECO-AFL/FL, 2 [mg/m^3]
# name 13 = par: PAR/Irradiance, Biospherical/Lico [µE/(cm^2*s)]
# name 14 = turbWETntu0: Turbidity, WET Labs ECO [NTU]
# name 15 = sal00: Salinity, Practical [PSU]
# name 16 = sal11: Salinity, Practical, 2 [PSU]
# name 17 = secS-priS: Salinity, Practical, Difference, 2 - 1 [PSU]
# name 18 = sigma-t00: Density [sigma-t, Kg/m^3 ]
# name 19 = sigma-t11: Density, 2 [sigma-t, Kg/m^3 ]
# name 20 = depSM: Depth [salt water, m], lat = 57.3123
# name 21 = depFM: Depth [true depth, m], lat = 57.3123
# name 22 = dz/dtM: Descent Rate [m/s], WS = 2
# name 23 = svCM: Sound Velocity [Chen-Millero, m/s]
# name 24 = svCM1: Sound Velocity, 2 [Chen-Millero, m/s]
# name 25 = flag: flag
# span 0 =       8571,      18857       
# span 1 =      3.000,    235.000       
# span 2 =     4.7329,     6.9138       
# span 3 =     4.7335,     6.9144       
# span 4 =    -0.0249,     0.0269       
# span 5 =   0.792576,   1.460225       
# span 6 =   0.792560,   1.460202       
# span 7 =          1,          1       
# span 8 =    0.00586,    8.06290       
# span 9 =    0.02434,    8.02762       
# span 10 =       3.86,      99.62      
# span 11 =     0.2472,     0.3881      
# span 12 =     0.2390,     0.3916      
# span 13 = -1.000e-05, 1.4396e-02      
# span 14 =     0.1002,     0.6997      
# span 15 =     7.3599,    13.2953      
# span 16 =     7.3595,    13.2948      
# span 17 =    -0.0611,     0.0498      
# span 18 =     5.8285,    10.3774      
# span 19 =     5.8281,    10.3770      
# span 20 =      2.972,    232.703      
# span 21 =      3.038,    237.340      
# span 22 =     -0.033,      1.522      
# span 23 =    1434.57,    1455.05      
# span 24 =    1434.57,    1455.05      
# span 25 = 0.0000e+00, 0.0000e+00      
# interval = decibars: 0.5              
# start_time = Jan 28 2018 18:03:26 [NMEA time, first data scan]
# bad_flag = -9.990e-29
*END*
[from data line 223]
      13355    114.500     6.3591     6.3595     0.0004    1.27469    1.27463          1     0.5892     0.6071      98.66     0.2725     0.3035  1.000e-12  0.1261000    11.6848    11.6840    -0.0008     9.1552     9.1546    113.414    115.829      0.811    1448.78    1448.78  0.000e+00
      13370    115.000     6.3640     6.3644     0.0004    1.27592    1.27587          1     0.6001     0.6148      98.67     0.2725     0.2628  1.000e-12  0.1305000    11.6951    11.6945    -0.0006     9.1630     9.1625    113.909    116.334      0.703    1448.82    1448.82  0.000e+00
      13391    115.500     6.3685     6.3688     0.0003    1.27740    1.27734          1     0.6001     0.6214      98.67     0.2725     0.2576  1.000e-12  0.1306000    11.7082    11.7075    -0.0007     9.1729     9.1723    114.404    116.839      0.469    1448.87    1448.87  0.000e+00
      13425    116.000     6.3738     6.3741     0.0003    1.27949    1.27940          1     0.5908     0.6154      98.67     0.2628     0.3040  1.000e-12  0.1302000    11.7270    11.7260    -0.0010     9.1874     9.1866    114.899    117.343      0.376    1448.92    1448.92  0.000e+00
      13451    116.500     6.3797     6.3799     0.0002    1.28109    1.28096          1     0.5843     0.6074      68.71     0.2727     0.2634  1.000e-12  0.1182000    11.7407    11.7394    -0.0013     9.1977     9.1966    115.394    117.848      0.599    1448.97    1448.97  0.000e+00
      13468    117.000     6.3893     6.3897     0.0004    1.28412    1.28405          1     0.5878     0.6099      92.18     0.2725     0.2536  1.000e-12  0.1294000    11.7674    11.7665    -0.0009     9.2180     9.2173    115.890    118.352      0.785    1449.05    1449.05  0.000e+00
      13482    117.500     6.3963     6.3969     0.0005    1.28597    1.28592          1     0.5994     0.6180      98.48     0.2716     0.3469  1.000e-12  0.1314000    11.7832    11.7826    -0.0006     9.2299     9.2294    116.385    118.857      0.891    1449.11    1449.11  0.000e+00
      13494    118.000     6.4063     6.4067     0.0004    1.28917    1.28908          1     0.6140     0.6323      98.65     0.2606     0.3446  1.000e-12  0.1366000    11.8115    11.8104    -0.0011     9.2514     9.2505    116.880    119.362      0.889    1449.19    1449.19  0.000e+00
      13508    118.500     6.4287     6.4287     0.0000    1.29592    1.29582          1     0.6319     0.6529      98.66     0.2625     0.3075  1.000e-12  0.1351000    11.8704    11.8695    -0.0009     9.2961     9.2954    117.375    119.866      0.742    1449.37    1449.37  0.000e+00
      13533    119.000     6.4385     6.4401     0.0015    1.29896    1.29916          1     0.6627     0.6785      98.67     0.2679     0.3412  1.000e-12  0.1377000    11.8971    11.8986     0.0014     9.3164     9.3174    117.870    120.371      0.382    1449.45    1449.46  0.000e+00
      13578    119.500     6.4457     6.4466     0.0009    1.30121    1.30107          1     0.6513     0.6686      98.67     0.2799     0.2793  1.000e-12  0.1321000    11.9168    11.9152    -0.0016     9.3314     9.3300    118.365    120.875      0.379    1449.52    1449.52  0.000e+00
      13599    120.000     6.4570     6.4568    -0.0002    1.30416    1.30401          1     0.6188     0.6449      98.67     0.2724     0.2630  1.000e-12  0.1121000    11.9421    11.9406    -0.0015     9.3504     9.3492    118.860    121.380      0.688    1449.60    1449.60  0.000e+00
      13615    120.500     6.4646     6.4647     0.0002    1.30678    1.30667          1     0.5955     0.6250      98.65     0.2777     0.2693  1.000e-12  0.1235000    11.9652    11.9641    -0.0011     9.3681     9.3672    119.355    121.885      0.825    1449.67    1449.67  0.000e+00
      13628    121.000     6.4692     6.4696     0.0004    1.30880    1.30871          1     0.5681     0.6004      98.66     0.2848     0.2762  1.000e-12  0.1364000    11.9835    11.9825    -0.0009     9.3821     9.3813    119.850    122.389      0.871    1449.72    1449.72  0.000e+00
      13642    121.500     6.4753     6.4756     0.0003    1.31117    1.31108          1     0.5493     0.5873      98.66     0.2643     0.2859  1.000e-12  0.1370000    12.0048    12.0038    -0.0011     9.3984     9.3975    120.346    122.894      0.843    1449.78    1449.78  0.000e+00
      13657    122.000     6.4875     6.4876     0.0001    1.31451    1.31443          1     0.5613     0.5981      98.67     0.2480     0.2950  1.000e-12  0.1350000    12.0335    12.0326    -0.0009     9.4201     9.4193    120.841    123.398      0.745    1449.88    1449.88  0.000e+00
      13675    122.500     6.4934     6.4937     0.0003    1.31606    1.31599          1     0.5985     0.6277      98.67     0.2481     0.2993  1.000e-12  0.1303000    12.0467    12.0459    -0.0008     9.4300     9.4293    121.336    123.903      0.548    1449.93    1449.93  0.000e+00
      13711    123.000     6.4963     6.4894    -0.0069    1.31694    1.31499          1     0.6158     0.6403      98.67     0.2634     0.2686  1.000e-12  0.1300000    12.0543    12.0373    -0.0169     9.4357     9.4229    121.831    124.407      0.273    1449.96    1449.91  0.000e+00
      13754    123.500     6.5027     6.5019    -0.0008    1.31870    1.31850          1     0.5818     0.6090      98.66     0.2622     0.3042  1.000e-12  0.1249000    12.0694    12.0677    -0.0016     9.4471     9.4459    122.326    124.912      0.529    1450.01    1450.00  0.000e+00
      13770    124.000     6.5121     6.5121     0.0000    1.32154    1.32141          1     0.5599     0.5918      98.65     0.2602     0.2855  1.000e-12  0.1249000    12.0942    12.0928    -0.0013     9.4659     9.4649    122.821    125.416      0.834    1450.09    1450.09  0.000e+00
      13783    124.500     6.5256     6.5258     0.0003    1.32556    1.32548          1     0.5456     0.5805      98.65     0.2613     0.2890  1.000e-12  0.1248000    12.1290    12.1282    -0.0009     9.4923     9.4916    123.316    125.921      0.979    1450.20    1450.20  0.000e+00
      13794    125.000     6.5348     6.5352     0.0004    1.32841    1.32833          1     0.5312     0.5679      98.66     0.2680     0.3181  1.000e-12  0.1243000    12.1539    12.1530    -0.0009     9.5111     9.5104    123.811    126.425      1.005    1450.27    1450.28  0.000e+00
      13806    125.500     6.5444     6.5446     0.0002    1.33145    1.33138          1     0.5108     0.5538      98.67     0.2724     0.3171  1.000e-12  0.1263000    12.1805    12.1798    -0.0007     9.5313     9.5307    124.306    126.930      0.907    1450.35    1450.36  0.000e+00
      13821    126.000     6.5535     6.5538     0.0003    1.33363    1.33355          1     0.4950     0.5391      98.67     0.2725     0.3031  1.000e-12  0.1133000    12.1988    12.1979    -0.0009     9.5450     9.5443    124.801    127.434      0.611    1450.42    1450.42  0.000e+00
      13887    126.500     6.5338     6.5098    -0.0240    1.32815    1.32113          1     0.5524     0.5631      98.66     0.2611     0.3109  1.000e-12  0.1218000    12.1514    12.0903    -0.0611     9.5093     9.4630    125.297    127.938      0.424    1450.29    1450.11  0.000e+00
      13907    127.000     6.5600     6.5441    -0.0156    1.33602    1.33128          1     0.5601     0.5795      98.65     0.2602     0.3019  1.000e-12  0.1172000    12.2200    12.1786    -0.0413     9.5611     9.5299    125.792    128.443      0.929    1450.49    1450.37  0.000e+00
      13917    127.500     6.5791     6.5792     0.0001    1.34088    1.34079          1     0.5679     0.5851      98.64     0.2603     0.2882  1.000e-12  0.1175000    12.2611    12.2602    -0.0009     9.5921     9.5913    126.287    128.947      1.119    1450.63    1450.63  0.000e+00
      13927    128.000     6.5875     6.5879     0.0004    1.34339    1.34334          1     0.5616     0.5860      98.64     0.2603     0.2709  1.000e-12  0.1085000    12.2829    12.2823    -0.0006     9.6085     9.6080    126.782    129.452      1.190    1450.70    1450.70  0.000e+00
      13936    128.500     6.5934     6.5939     0.0005    1.34535    1.34532          1     0.5383     0.5669      98.64     0.2603     0.2746  1.000e-12  0.1067000    12.3000    12.2996    -0.0004     9.6216     9.6211    127.277    129.956      1.152    1450.76    1450.76  0.000e+00
      13947    129.000     6.6022     6.6025     0.0003    1.34761    1.34756          1     0.4878     0.5238      98.65     0.2671     0.2708  1.000e-12  0.1138000    12.3192    12.3186    -0.0007     9.6360     9.6354    127.772    130.461      0.985    1450.83    1450.83  0.000e+00
      13966    129.500     6.6275     6.6268    -0.0006    1.35276    1.35246          1     0.4279     0.4718      98.66     0.2696     0.2754  1.000e-12  0.1175000    12.3610    12.3583    -0.0027     9.6668     9.6647    128.267    130.965      0.589    1450.99    1450.99  0.000e+00
      14056    130.000     6.6070     6.5817    -0.0249    1.34799    1.34146          1     0.5181     0.5191      98.67     0.2778     0.2758  1.000e-12  0.1145000    12.3211    12.2655    -0.0556     9.6370     9.5953    128.762    131.469      0.748    1450.86    1450.69  0.000e+00
      14064    130.500     6.6103     6.6135     0.0031    1.34951    1.35017          1     0.4592     0.4792      98.66     0.2723     0.2874  1.000e-12  0.1047000    12.3349    12.3401     0.0053     9.6476     9.6515    129.257    131.974      1.030    1450.90    1450.93  0.000e+00
      14075    131.000     6.6470     6.6470     0.0000    1.35917    1.35906          1     0.4176     0.4518      98.66     0.2663     0.2649  1.000e-12  0.1111000    12.4171    12.4160    -0.0011     9.7094     9.7085    129.752    132.478      1.146    1451.17    1451.17  0.000e+00
      14085    131.500     6.6519     6.6524     0.0005    1.36014    1.36011          1     0.3882     0.4315      98.68     0.2615     0.2436  1.000e-12  0.1120000    12.4248    12.4243    -0.0005     9.7151     9.7147    130.247    132.983      1.155    1451.21    1451.21  0.000e+00
      14095    132.000     6.6578     6.6584     0.0006    1.36144    1.36142          1     0.3711     0.4181      98.68     0.2603     0.2426  1.000e-12  0.1111000    12.4355    12.4350    -0.0004     9.7230     9.7226    130.742    133.487      1.072    1451.25    1451.25  0.000e+00
      14107    132.500     6.6626     6.6630     0.0004    1.36289    1.36286          1     0.3642     0.4142      98.68     0.2603     0.3104  1.000e-12  0.1072000    12.4479    12.4475    -0.0005     9.7324     9.7320    131.238    133.991      0.904    1451.30    1451.30  0.000e+00
      14123    133.000     6.6685     6.6689     0.0004    1.36413    1.36410          1     0.3501     0.4026      98.68     0.2654     0.3158  1.000e-12  0.1061000    12.4579    12.4575    -0.0004     9.7398     9.7394    131.733    134.496      0.665    1451.34    1451.34  0.000e+00
      14147    133.500     6.6707     6.6711     0.0004    1.36467    1.36465          1     0.3183     0.3685      98.68     0.2680     0.3026  1.000e-12  0.1064000    12.4624    12.4620    -0.0004     9.7432     9.7428    132.228    135.000      0.435    1451.36    1451.37  0.000e+00
      14183    134.000     6.6726     6.6730     0.0004    1.36515    1.36514          1     0.2946     0.3406      98.67     0.2710     0.3204  1.000e-12  0.1037000    12.4664    12.4661    -0.0003     9.7461     9.7459    132.723    135.504      0.274    1451.38    1451.39  0.000e+00
      14236    134.500     6.6756     6.6759     0.0003    1.36594    1.36593          1     0.3372     0.3644      98.67     0.2863     0.2805  1.000e-12  0.1039000    12.4730    12.4728    -0.0003     9.7511     9.7509    133.218    136.009      0.312    1451.41    1451.41  0.000e+00
      14261    135.000     6.6826     6.6829     0.0002    1.36741    1.36738          1     0.3492     0.3752      98.67     0.2736     0.2632  1.000e-12  0.1235000    12.4849    12.4845    -0.0004     9.7599     9.7595    133.713    136.513      0.705    1451.46    1451.47  0.000e+00
      14275    135.500     6.6919     6.6925     0.0005    1.36967    1.36962          1     0.3380     0.3662      98.66     0.2672     0.2905  1.000e-12  0.1230000    12.5038    12.5031    -0.0007     9.7740     9.7734    134.208    137.017      0.963    1451.54    1451.54  0.000e+00
      14286    136.000     6.7022     6.7027     0.0006    1.37227    1.37223          1     0.3268     0.3578      98.65     0.2472     0.3316  1.000e-12  0.1239000    12.5257    12.5250    -0.0006     9.7904     9.7898    134.703    137.522      1.131    1451.61    1451.62  0.000e+00
      14296    136.500     6.7096     6.7100     0.0004    1.37415    1.37410          1     0.3177     0.3531      98.66     0.2481     0.3665  1.000e-12  0.1229000    12.5414    12.5408    -0.0006     9.8022     9.8016    135.198    138.026      1.213    1451.67    1451.67  0.000e+00
      14305    137.000     6.7162     6.7167     0.0005    1.37551    1.37548          1     0.3164     0.3510      98.66     0.2879     0.3641  1.000e-12  0.1204000    12.5524    12.5519    -0.0005     9.8103     9.8099    135.693    138.530      1.220    1451.72    1451.72  0.000e+00
      14315    137.500     6.7225     6.7228     0.0003    1.37680    1.37676          1     0.3108     0.3430      98.68     0.3088     0.2852  1.000e-12  0.1166000    12.5627    12.5622    -0.0005     9.8179     9.8174    136.188    139.035      1.143    1451.77    1451.77  0.000e+00
      14326    138.000     6.7260     6.7263     0.0003    1.37759    1.37754          1     0.3009     0.3346      98.68     0.2995     0.2706  1.000e-12  0.1136000    12.5691    12.5685    -0.0006     9.8226     9.8221    136.683    139.539      0.963    1451.80    1451.80  0.000e+00
      14342    138.500     6.7284     6.7286     0.0002    1.37861    1.37851          1     0.2889     0.3221      98.68     0.2756     0.2927  1.000e-12  0.1099000    12.5783    12.5771    -0.0012     9.8296     9.8287    137.178    140.043      0.567    1451.83    1451.83  0.000e+00
      14444    139.000     6.7255     6.7277     0.0023    1.37800    1.37836          1     0.2566     0.3158      98.68     0.2847     0.2942  1.000e-12  0.1154000    12.5731    12.5759     0.0028     9.8258     9.8278    137.673    140.548      0.744    1451.82    1451.83  0.000e+00
      14456    139.500     6.7263     6.7276     0.0013    1.37822    1.37845          1     0.2310     0.2859      98.66     0.2746     0.2910  1.000e-12  0.1091000    12.5749    12.5768     0.0018     9.8272     9.8285    138.169    141.052      1.055    1451.83    1451.84  0.000e+00
      14466    140.000     6.7343     6.7349     0.0005    1.38059    1.38057          1     0.2070     0.2581      98.66     0.2597     0.2806  1.000e-12  0.1062000    12.5953    12.5950    -0.0003     9.8425     9.8423    138.664    141.556      1.226    1451.90    1451.90  0.000e+00
      14475    140.500     6.7391     6.7394     0.0003    1.38213    1.38205          1     0.1904     0.2407      98.66     0.2603     0.2702  1.000e-12  0.1072000    12.6087    12.6078    -0.0009     9.8527     9.8520    139.159    142.061      1.319    1451.94    1451.94  0.000e+00
      14484    141.000     6.7415     6.7420     0.0005    1.38272    1.38267          1     0.1789     0.2280      98.66     0.2779     0.2683  1.000e-12  0.1411000    12.6136    12.6129    -0.0007     9.8563     9.8557    139.654    142.565      1.332    1451.97    1451.97  0.000e+00
      14493    141.500     6.7433     6.7438     0.0006    1.38323    1.38319          1     0.1750     0.2209      98.67     0.2844     0.2878  1.000e-12  0.1546000    12.6179    12.6173    -0.0006     9.8595     9.8590    140.149    143.069      1.258    1451.99    1451.99  0.000e+00
