ctdpy/exports/archive_20191120_135557/received_data/SBE09_0827_20180228_0602_26_01_0329.cnv
* Sea-Bird SBE 9 Data File:
* FileName = D:\CTD_SBE911\DAT\26DA.2018.3.29.hex
* Software Version Seasave V 7.21d
* Temperature SN = 034757
* Conductivity SN = 041844
* Number of Bytes Per Scan = 48
* Number of Voltage Words = 5
* Number of Scans Averaged by the Deck Unit = 1
* NMEA Latitude = 57 02.96 N
* NMEA Longitude = 017 50.48 E
* NMEA UTC (Time) = Feb 28 2018  06:03:08
* NMEA baud rate = 4800
** Ship: DANA
** Average sound velocity: 1429.65 m/s
** True-depth calculation Tue, 02 Apr 2019 12:07:54 +0000
** CTD Python Module SMHI /ver 3-12/ feb 2012 
** LIMS Job: 20182601-0329
** Operator:
** Cruise: 02/2018
# nquan = 26
# nvalues = 171                         
# units = specified
# name 0 = scan: Scan Count
# name 1 = prDM: Pressure, Digiquartz [db]
# name 2 = t090C: Temperature [ITS-90, deg C]
# name 3 = t190C: Temperature, 2 [ITS-90, deg C]
# name 4 = T2-T190C: Temperature Difference, 2 - 1 [ITS-90, deg C]
# name 5 = c0S/m: Conductivity [S/m]
# name 6 = c1S/m: Conductivity, 2 [S/m]
# name 7 = pumps: Pump Status
# name 8 = sbeox1ML/L: Oxygen, SBE 43, 2 [ml/l]
# name 9 = sbeox0ML/L: Oxygen, SBE 43 [ml/l]
# name 10 = altM: Altimeter [m]
# name 11 = chloroflTC0: Chlorophyll, Turner Cyclops [ug/l]
# name 12 = cpar: CPAR/Corrected Irradiance [%]
# name 13 = par: PAR/Irradiance, Biospherical/Lico [µE/(cm^2*s)]
# name 14 = spar: SPAR, Biospherical/Licor
# name 15 = sal00: Salinity, Practical [PSU]
# name 16 = sal11: Salinity, Practical, 2 [PSU]
# name 17 = secS-priS: Salinity, Practical, Difference, 2 - 1 [PSU]
# name 18 = sigma-t00: Density [sigma-t, kg/m^3 ]
# name 19 = sigma-t11: Density, 2 [sigma-t, kg/m^3 ]
# name 20 = depSM: Depth [salt water, m], lat = 57.0493
# name 21 = depFM: Depth [true depth, m], lat = 57.0493
# name 22 = dz/dtM: Descent Rate [m/s], WS = 2
# name 23 = svCM: Sound Velocity [Chen-Millero, m/s]
# name 24 = svCM1: Sound Velocity, 2 [Chen-Millero, m/s]
# name 25 = flag: flag
# span 0 =        -23,       9416       
# span 1 =      1.500,     86.500       
# span 2 =     2.7347,     5.2216       
# span 3 =     2.7339,     5.2308       
# span 4 =    -0.1222,     0.5808       
# span 5 =   0.742412,   0.967458       
# span 6 =   0.741595,   0.966767       
# span 7 =          1,          1       
# span 8 =     1.4449,     8.6324       
# span 9 =     1.4119,     8.5200       
# span 10 =       0.49,       9.98      
# span 11 =     0.0108,     0.0147      
# span 12 = -3.544e-03, 9.3360e+00      
# span 13 = -6.478e-04, 1.5251e+00      
# span 14 = 1.4229e+01, 2.0308e+01      
# span 15 =     7.2964,     8.9790      
# span 16 =     7.2888,     8.9722      
# span 17 =    -0.0287,     0.0747      
# span 18 =     5.8187,     7.0903      
# span 19 =     5.8127,     7.0849      
# span 20 =      1.486,     85.687      
# span 21 =      1.519,     87.569      
# span 22 =     -0.283,      0.948      
# span 23 =    1425.38,    1440.01      
# span 24 =    1425.35,    1440.00      
# span 25 = 0.0000e+00, 0.0000e+00      
# interval = decibars: 0.5              
# start_time = Feb 28 2018 06:03:09 [NMEA time, first data scan]
# bad_flag = -9.990e-29
*END*
[from data line 56]
       2892     29.500     2.7668     2.7677     0.0009    0.74340    0.74267          1     8.5955     8.5044       9.97     0.0120  7.029e-12  1.000e-12  1.423e+01     7.2970     7.2892    -0.0079     5.8191     5.8129     29.227     29.873      0.245    1425.95    1425.94  0.000e+00
       2979     30.000     2.7678     2.7675    -0.0003    0.74343    0.74268          1     8.6223     8.4868       9.98     0.0116  6.730e-12  1.000e-12  1.492e+01     7.2971     7.2892    -0.0078     5.8192     5.8129     29.722     30.379      0.352    1425.96    1425.95  0.000e+00
       3002     30.500     2.7677     2.7677     0.0000    0.74344    0.74269          1     8.6081     8.4850       9.97     0.0120  6.950e-12  1.000e-12  1.441e+01     7.2971     7.2892    -0.0079     5.8192     5.8129     30.218     30.886      0.470    1425.97    1425.96  0.000e+00
       3030     31.000     2.7685     2.7677    -0.0008    0.74346    0.74270          1     8.6103     8.5002       9.97     0.0117  6.982e-12  1.000e-12  1.434e+01     7.2971     7.2892    -0.0079     5.8192     5.8129     30.713     31.392      0.333    1425.98    1425.97  0.000e+00
       3105     31.500     2.7691     2.7662    -0.0029    0.74347    0.74268          1     8.6184     8.5116       9.97     0.0116  6.668e-12  1.000e-12  1.506e+01     7.2971     7.2894    -0.0077     5.8192     5.8130     31.208     31.898      0.298    1425.99    1425.97  0.000e+00
       3140     32.000     2.7636     2.7608    -0.0028    0.74334    0.74256          1     8.6252     8.5017       9.98     0.0122  6.778e-12  1.000e-12  1.481e+01     7.2968     7.2893    -0.0075     5.8190     5.8130     31.703     32.405      0.472    1425.97    1425.95  0.000e+00
       3165     32.500     2.7620     2.7605    -0.0015    0.74331    0.74254          1     8.6133     8.4899       9.97     0.0122  6.763e-12  1.000e-12  1.484e+01     7.2968     7.2890    -0.0078     5.8190     5.8128     32.199     32.911      0.397    1425.97    1425.95  0.000e+00
       3230     33.000     2.7602     2.7590    -0.0012    0.74328    0.74252          1     8.6120     8.4951       9.97     0.0116  6.368e-12  1.000e-12  1.576e+01     7.2968     7.2891    -0.0077     5.8190     5.8129     32.694     33.417      0.252    1425.97    1425.96  0.000e+00
       3282     33.500     2.7585     2.7574    -0.0011    0.74324    0.74249          1     8.6207     8.4937       9.97     0.0122  6.264e-12  1.000e-12  1.599e+01     7.2967     7.2890    -0.0076     5.8189     5.8128     33.189     33.924      0.508    1425.97    1425.96  0.000e+00
       3300     34.000     2.7576     2.7558    -0.0018    0.74323    0.74246          1     8.6178     8.4997       9.97     0.0122  6.154e-12  1.000e-12  1.625e+01     7.2967     7.2890    -0.0077     5.8189     5.8128     33.685     34.430      0.610    1425.98    1425.96  0.000e+00
       3321     34.500     2.7577     2.7578     0.0001    0.74323    0.74250          1     8.6146     8.5113       9.97     0.0122  6.155e-12  1.000e-12  1.625e+01     7.2967     7.2890    -0.0078     5.8189     5.8127     34.180     34.936      0.464    1425.98    1425.97  0.000e+00
       3422     35.000     2.7585     2.7557    -0.0028    0.74326    0.74251          1     8.6132     8.4982       9.97     0.0114  6.155e-12  1.000e-12  1.625e+01     7.2967     7.2894    -0.0073     5.8189     5.8131     34.676     35.443      0.484    1426.00    1425.97  0.000e+00
       3454     35.500     2.7550     2.7499    -0.0051    0.74317    0.74236          1     8.6131     8.5014       9.97     0.0120  6.155e-12  1.000e-12  1.625e+01     7.2966     7.2891    -0.0074     5.8188     5.8129     35.171     35.949      0.644    1425.99    1425.96  0.000e+00
       3474     36.000     2.7522     2.7506    -0.0016    0.74312    0.74238          1     8.6146     8.5079       9.97     0.0121  6.155e-12  1.000e-12  1.625e+01     7.2966     7.2891    -0.0075     5.8188     5.8129     35.666     36.455      0.468    1425.98    1425.97  0.000e+00
       3539     36.500     2.7514     2.7496    -0.0018    0.74311    0.74235          1     8.6210     8.5019       9.97     0.0113  6.155e-12  1.000e-12  1.625e+01     7.2966     7.2890    -0.0076     5.8189     5.8128     36.161     36.962      0.294    1425.99    1425.97  0.000e+00
       3576     37.000     2.7483     2.7479    -0.0005    0.74305    0.74232          1     8.6225     8.5021       9.97     0.0114  6.155e-12  1.000e-12  1.625e+01     7.2965     7.2890    -0.0076     5.8188     5.8128     36.657     37.468      0.396    1425.98    1425.97  0.000e+00
       3633     37.500     2.7489     2.7484    -0.0006    0.74307    0.74233          1     8.6162     8.5096       9.97     0.0116  6.155e-12  1.000e-12  1.625e+01     7.2966     7.2889    -0.0077     5.8189     5.8127     37.152     37.974      0.257    1425.99    1425.98  0.000e+00
       3687     38.000     2.7490     2.7492     0.0002    0.74308    0.74236          1     8.6138     8.5010       9.97     0.0114  6.155e-12  1.000e-12  1.625e+01     7.2966     7.2889    -0.0077     5.8189     5.8128     37.647     38.480      0.466    1426.00    1425.99  0.000e+00
       3709     38.500     2.7487     2.7486    -0.0001    0.74308    0.74235          1     8.6175     8.4992       9.97     0.0121  6.155e-12  1.000e-12  1.625e+01     7.2966     7.2889    -0.0077     5.8189     5.8128     38.143     38.987      0.540    1426.01    1425.99  0.000e+00
       3732     39.000     2.7489     2.7489     0.0001    0.74309    0.74236          1     8.6213     8.5066       9.97     0.0115  6.155e-12  1.000e-12  1.625e+01     7.2966     7.2889    -0.0076     5.8189     5.8128     38.638     39.493      0.424    1426.02    1426.00  0.000e+00
       3829     39.500     2.7494     2.7494    -0.0000    0.74311    0.74238          1     8.6221     8.5183       9.97     0.0120  6.155e-12  1.000e-12  1.625e+01     7.2966     7.2889    -0.0077     5.8189     5.8128     39.133     39.999      0.447    1426.02    1426.01  0.000e+00
       3866     40.000     2.7492     2.7494     0.0002    0.74311    0.74239          1     8.6259     8.5181       9.97     0.0120  6.155e-12  1.000e-12  1.625e+01     7.2966     7.2889    -0.0077     5.8189     5.8127     39.629     40.506      0.678    1426.03    1426.02  0.000e+00
       3883     40.500     2.7495     2.7488    -0.0006    0.74312    0.74239          1     8.6220     8.5197       9.97     0.0121  6.155e-12  1.000e-12  1.625e+01     7.2966     7.2890    -0.0076     5.8189     5.8128     40.124     41.012      0.604    1426.04    1426.03  0.000e+00
       3936     41.000     2.7485     2.7478    -0.0006    0.74310    0.74237          1     8.6251     8.5110       9.97     0.0125  6.155e-12  1.000e-12  1.625e+01     7.2966     7.2889    -0.0077     5.8189     5.8127     40.619     41.518      0.305    1426.04    1426.03  0.000e+00
       4001     41.500     2.7515     2.7495    -0.0020    0.74319    0.74240          1     8.6231     8.4906       9.97     0.0122  6.155e-12  1.000e-12  1.625e+01     7.2967     7.2888    -0.0079     5.8189     5.8127     41.115     42.025      0.429    1426.06    1426.05  0.000e+00
       4027     42.000     2.7515     2.7532     0.0017    0.74319    0.74250          1     8.6225     8.5027       9.97     0.0115  6.155e-12  1.000e-12  1.625e+01     7.2967     7.2889    -0.0077     5.8189     5.8127     41.610     42.531      0.351    1426.07    1426.07  0.000e+00
       4094     42.500     2.7546     2.7563     0.0017    0.74327    0.74257          1     8.6324     8.5103       9.97     0.0119  6.155e-12  1.000e-12  1.625e+01     7.2967     7.2889    -0.0078     5.8189     5.8127     42.105     43.037      0.281    1426.10    1426.09  0.000e+00
       4132     43.000     2.7576     2.7584     0.0008    0.74334    0.74264          1     8.6278     8.5086       9.97     0.0122  6.155e-12  1.000e-12  1.625e+01     7.2967     7.2891    -0.0076     5.8189     5.8128     42.600     43.544      0.388    1426.12    1426.11  0.000e+00
       4164     43.500     2.7595     2.7605     0.0009    0.74343    0.74272          1     8.6298     8.5032       9.97     0.0122  6.155e-12  1.000e-12  1.625e+01     7.2971     7.2894    -0.0077     5.8192     5.8130     43.096     44.050      0.361    1426.14    1426.13  0.000e+00
       4202     44.000     2.7614     2.7618     0.0004    0.74349    0.74277          1     8.6117     8.5004       9.97     0.0118  6.005e-12  1.000e-12  1.669e+01     7.2973     7.2896    -0.0077     5.8194     5.8132     43.591     44.556      0.240    1426.15    1426.14  0.000e+00
       4272     44.500     2.7632     2.7646     0.0014    0.74356    0.74286          1     8.6162     8.4961       9.97     0.0120  5.691e-12  1.000e-12  1.762e+01     7.2975     7.2899    -0.0077     5.8195     5.8134     44.086     45.063      0.294    1426.17    1426.16  0.000e+00
       4303     45.000     2.7652     2.7645    -0.0007    0.74363    0.74288          1     8.6133     8.4895       9.97     0.0110  5.525e-12  1.000e-12  1.812e+01     7.2977     7.2899    -0.0077     5.8197     5.8135     44.582     45.569      0.472    1426.19    1426.17  0.000e+00
       4328     45.500     2.7644     2.7622    -0.0022    0.74360    0.74281          1     8.6098     8.4932       9.97     0.0113  5.495e-12  1.000e-12  1.821e+01     7.2975     7.2897    -0.0078     5.8195     5.8133     45.077     46.075      0.394    1426.19    1426.17  0.000e+00
       4405     46.000     2.7621     2.7614    -0.0007    0.74352    0.74278          1     8.6186     8.5015       9.97     0.0114  5.474e-12  1.000e-12  1.827e+01     7.2972     7.2895    -0.0077     5.8193     5.8131     45.572     46.582      0.229    1426.19    1426.17  0.000e+00
       4464     46.500     2.7618     2.7618     0.0001    0.74352    0.74280          1     8.6264     8.5121       9.97     0.0117  5.471e-12  1.000e-12  1.828e+01     7.2971     7.2895    -0.0076     5.8192     5.8131     46.068     47.088      0.378    1426.19    1426.18  0.000e+00
       4489     47.000     2.7619     2.7618    -0.0001    0.74352    0.74280          1     8.6199     8.5103       9.97     0.0114  5.471e-12  1.000e-12  1.828e+01     7.2970     7.2895    -0.0076     5.8192     5.8131     46.563     47.594      0.559    1426.20    1426.19  0.000e+00
       4508     47.500     2.7615     2.7604    -0.0011    0.74352    0.74277          1     8.6192     8.5118       9.97     0.0110  5.471e-12  1.000e-12  1.828e+01     7.2971     7.2894    -0.0077     5.8192     5.8130     47.058     48.101      0.570    1426.21    1426.19  0.000e+00
       4557     48.000     2.7611     2.7614     0.0003    0.74350    0.74279          1     8.6234     8.5129       9.97     0.0114  5.471e-12  1.000e-12  1.828e+01     7.2969     7.2893    -0.0076     5.8190     5.8130     47.553     48.607      0.355    1426.21    1426.20  0.000e+00
       4650     48.500     2.7575     2.7567    -0.0008    0.74340    0.74269          1     8.6187     8.5129       9.97     0.0119  5.471e-12  1.000e-12  1.828e+01     7.2966     7.2893    -0.0073     5.8188     5.8130     48.049     49.113      0.434    1426.20    1426.19  0.000e+00
       4673     49.000     2.7552     2.7531    -0.0021    0.74335    0.74259          1     8.6118     8.5088       9.97     0.0114  5.471e-12  1.000e-12  1.828e+01     7.2965     7.2890    -0.0075     5.8187     5.8128     48.544     49.620      0.471    1426.20    1426.18  0.000e+00
       4702     49.500     2.7545     2.7540    -0.0006    0.74334    0.74262          1     8.6119     8.5122       9.97     0.0121  5.471e-12  1.000e-12  1.828e+01     7.2965     7.2890    -0.0075     5.8187     5.8128     49.039     50.126      0.350    1426.20    1426.19  0.000e+00
       4764     50.000     2.7572     2.7587     0.0015    0.74342    0.74274          1     8.6178     8.5089       9.97     0.0117  5.471e-12  1.000e-12  1.828e+01     7.2967     7.2891    -0.0076     5.8189     5.8128     49.535     50.632      0.212    1426.23    1426.22  0.000e+00
       4819     50.500     2.7561     2.7558    -0.0004    0.74340    0.74269          1     8.6179     8.4994       9.97     0.0117  5.471e-12  1.000e-12  1.828e+01     7.2966     7.2892    -0.0074     5.8188     5.8129     50.030     51.139      0.307    1426.23    1426.22  0.000e+00
       4854     51.000     2.7561     2.7547    -0.0015    0.74340    0.74267          1     8.6256     8.5023       9.97     0.0112  5.471e-12  1.000e-12  1.828e+01     7.2966     7.2892    -0.0074     5.8188     5.8129     50.525     51.645      0.360    1426.24    1426.22  0.000e+00
       4888     51.500     2.7548     2.7555     0.0006    0.74338    0.74267          1     8.6198     8.5152       9.97     0.0116  5.471e-12  1.000e-12  1.828e+01     7.2965     7.2890    -0.0076     5.8188     5.8128     51.020     52.151      0.310    1426.24    1426.23  0.000e+00
       4941     52.000     2.7556     2.7553    -0.0003    0.74340    0.74269          1     8.6166     8.4980       9.97     0.0119  5.471e-12  1.000e-12  1.828e+01     7.2966     7.2891    -0.0074     5.8188     5.8129     51.516     52.658      0.192    1426.25    1426.24  0.000e+00
       5001     52.500     2.7543     2.7542    -0.0001    0.74337    0.74265          1     8.6081     8.4940       9.97     0.0122  5.471e-12  1.000e-12  1.828e+01     7.2964     7.2888    -0.0076     5.8187     5.8127     52.011     53.164      0.257    1426.25    1426.24  0.000e+00
       5038     53.000     2.7564     2.7569     0.0005    0.74345    0.74274          1     8.6036     8.5016       9.97     0.0121  5.471e-12  1.000e-12  1.828e+01     7.2967     7.2892    -0.0075     5.8189     5.8129     52.506     53.670      0.420    1426.27    1426.26  0.000e+00
       5063     53.500     2.7562     2.7526    -0.0035    0.74345    0.74264          1     8.6038     8.5021       9.97     0.0122  5.471e-12  1.000e-12  1.828e+01     7.2967     7.2890    -0.0076     5.8189     5.8128     53.002     54.176      0.477    1426.28    1426.25  0.000e+00
       5090     54.000     2.7552     2.7607     0.0055    0.74343    0.74283          1     8.6079     8.5095       9.97     0.0122  5.471e-12  1.000e-12  1.828e+01     7.2966     7.2891    -0.0075     5.8189     5.8128     53.497     54.683      0.335    1426.28    1426.29  0.000e+00
       5197     54.500     2.7598     2.7617     0.0018    0.74357    0.74287          1     8.6108     8.4947       9.97     0.0116  5.471e-12  1.000e-12  1.828e+01     7.2970     7.2893    -0.0077     5.8191     5.8130     53.992     55.189      0.361    1426.31    1426.31  0.000e+00
       5215     55.000     2.7627     2.7621    -0.0006    0.74364    0.74292          1     8.6172     8.5018       9.97     0.0111  5.471e-12  1.000e-12  1.828e+01     7.2970     7.2895    -0.0074     5.8191     5.8132     54.487     55.695      0.559    1426.33    1426.32  0.000e+00
       5237     55.500     2.7622     2.7620    -0.0002    0.74363    0.74291          1     8.6229     8.4993       9.97     0.0112  5.471e-12  1.000e-12  1.828e+01     7.2970     7.2894    -0.0076     5.8191     5.8131     54.983     56.202      0.486    1426.34    1426.33  0.000e+00
       5279     56.000     2.7620     2.7614    -0.0006    0.74363    0.74291          1     8.6140     8.5093       9.97     0.0119  5.471e-12  1.000e-12  1.828e+01     7.2970     7.2895    -0.0075     5.8191     5.8131     55.478     56.708      0.240    1426.34    1426.33  0.000e+00
       5351     56.500     2.7610     2.7614     0.0004    0.74361    0.74292          1     8.6028     8.5089       9.97     0.0114  5.471e-12  1.000e-12  1.828e+01     7.2968     7.2895    -0.0074     5.8190     5.8131     55.973     57.214      0.195    1426.35    1426.34  0.000e+00
