ctdpy/exports/archive_20191120_135557/received_data/SBE09_1044_20181015_1115_34_01_0093.cnv
* Sea-Bird SBE 9 Data File:
* FileName = C:\ctd\temp\ar18d093.hex
* Software Version Seasave V 7.21e
* Temperature SN = 5351
* Conductivity SN = 3941
* Number of Bytes Per Scan = 41
* Number of Voltage Words = 4
* Number of Scans Averaged by the Deck Unit = 1
* NMEA Latitude = 57 18.73 N
* NMEA Longitude = 020 04.58 E
* NMEA UTC (Time) = Oct 15 2018  14:15:52
* NMEA baud rate = 4800
** Station:  BY15
** Operator:  OBac
** Ship: ARANDA
** Average sound velocity: 1450.02 m/s
** True-depth calculation Mon, 15 Oct 2018 17:14:13 +0000
** CTD Python Module SMHI /ver 3-12/ feb 2012 
** LIMS Job: 20183401-0093
** Cruise: SMHI-4-2018
** Latitude [GG MM.mm N]:
** Longitude [GG MM.mm E]
# nquan = 26
# nvalues = 466                         
# units = specified
# name 0 = scan: Scan Count
# name 1 = prDM: Pressure, Digiquartz [db]
# name 2 = t090C: Temperature [ITS-90, deg C]
# name 3 = t190C: Temperature, 2 [ITS-90, deg C]
# name 4 = T2-T190C: Temperature Difference, 2 - 1 [ITS-90, deg C]
# name 5 = c0S/m: Conductivity [S/m]
# name 6 = c1S/m: Conductivity, 2 [S/m]
# name 7 = pumps: Pump Status
# name 8 = sbeox0ML/L: Oxygen, SBE 43 [ml/l]
# name 9 = sbeox1ML/L: Oxygen, SBE 43, 2 [ml/l]
# name 10 = altM: Altimeter [m]
# name 11 = flECO-AFL: Chl-a Fluorescence, WET Labs ECO-AFL/FL [mg/m^3]
# name 12 = flECO-AFL1: Phycocyanin Fluorescence, WET Labs ECO-AFL/FL, 2 [mg/m^3]
# name 13 = par: PAR/Irradiance, Biospherical/Lico [µE/(cm^2*s)]
# name 14 = turbWETntu0: Turbidity, WET Labs ECO [NTU]
# name 15 = sal00: Salinity, Practical [PSU]
# name 16 = sal11: Salinity, Practical, 2 [PSU]
# name 17 = secS-priS: Salinity, Practical, Difference, 2 - 1 [PSU]
# name 18 = sigma-t00: Density [sigma-t, Kg/m^3 ]
# name 19 = sigma-t11: Density, 2 [sigma-t, Kg/m^3 ]
# name 20 = depSM: Depth [salt water, m], lat = 57.3122
# name 21 = depFM: Depth [true depth, m], lat = 57.3122
# name 22 = dz/dtM: Descent Rate [m/s], WS = 2
# name 23 = svCM: Sound Velocity [Chen-Millero, m/s]
# name 24 = svCM1: Sound Velocity, 2 [Chen-Millero, m/s]
# name 25 = flag: flag
# span 0 =      10720,      22322       
# span 1 =      2.500,    235.000       
# span 2 =     3.5863,    11.3128       
# span 3 =     3.5880,    11.3144       
# span 4 =    -0.0284,     0.0830       
# span 5 =   0.770755,   1.455849       
# span 6 =   0.770888,   1.455847       
# span 7 =          1,          1       
# span 8 =    0.04178,    7.02840       
# span 9 =    0.04166,    7.48452       
# span 10 =       3.69,      98.71      
# span 11 =     0.2131,     1.3144      
# span 12 =     0.1483,     0.4408      
# span 13 = -3.241e-07, 1.5842e+02      
# span 14 =     0.1120,     1.1699      
# span 15 =     6.9819,    13.2575      
# span 16 =     6.9800,    13.2569      
# span 17 =    -0.0132,     0.0002      
# span 18 =     5.0079,    10.3490      
# span 19 =     5.0073,    10.3483      
# span 20 =      2.477,    232.703      
# span 21 =      2.534,    237.371      
# span 22 =     -0.043,      0.806      
# span 23 =    1430.41,    1461.31      
# span 24 =    1430.42,    1461.31      
# span 25 = 0.0000e+00, 0.0000e+00      
# interval = decibars: 0.5              
# start_time = Oct 15 2018 14:15:52 [NMEA time, first data scan]
# bad_flag = -9.990e-29
*END*
[from data line 279]
      17025    142.000     6.7360     6.7371     0.0011    1.38486    1.38480          1     0.0610     0.0646      95.39     0.3303     0.2148  1.000e-12  0.1822000    12.6366    12.6356    -0.0010     9.8748     9.8739    140.644    143.603      0.527    1451.99    1451.99  0.000e+00
      17049    142.500     6.7371     6.7384     0.0013    1.38528    1.38523          1     0.0646     0.0628      67.39     0.3228     0.2341  1.000e-12  0.1765000    12.6402    12.6392    -0.0010     9.8776     9.8767    141.139    144.108      0.500    1452.01    1452.01  0.000e+00
      17073    143.000     6.7405     6.7412     0.0007    1.38641    1.38617          1     0.0675     0.0607      97.60     0.3163     0.2418  1.000e-12  0.1651000    12.6500    12.6473    -0.0026     9.8850     9.8828    141.634    144.612      0.550    1452.04    1452.04  0.000e+00
      17093    143.500     6.7481     6.7491     0.0010    1.38910    1.38901          1     0.0639     0.0600      97.19     0.3145     0.2470  1.000e-12  0.1672000    12.6737    12.6724    -0.0012     9.9030     9.9019    142.129    145.116      0.639    1452.11    1452.11  0.000e+00
      17110    144.000     6.7521     6.7531     0.0010    1.39051    1.39043          1     0.0620     0.0605      96.70     0.3065     0.2317  1.000e-12  0.1734000    12.6860    12.6848    -0.0012     9.9123     9.9114    142.624    145.621      0.654    1452.15    1452.15  0.000e+00
      17130    144.500     6.7572     6.7584     0.0012    1.39217    1.39213          1     0.0623     0.0592      96.75     0.3037     0.2535  1.000e-12  0.1623000    12.7005    12.6996    -0.0009     9.9233     9.9225    143.119    146.125      0.548    1452.20    1452.20  0.000e+00
      17157    145.000     6.7597     6.7610     0.0013    1.39291    1.39286          1     0.0625     0.0589      96.06     0.2954     0.2184  1.000e-12  0.1558000    12.7068    12.7058    -0.0009     9.9281     9.9272    143.614    146.629      0.402    1452.22    1452.23  0.000e+00
      17187    145.500     6.7636     6.7648     0.0013    1.39440    1.39432          1     0.0632     0.0576      95.08     0.3002     0.2371  1.000e-12  0.1620000    12.7199    12.7187    -0.0013     9.9381     9.9370    144.109    147.133      0.462    1452.27    1452.27  0.000e+00
      17209    146.000     6.7672     6.7684     0.0012    1.39611    1.39607          1     0.0635     0.0604      94.51     0.3217     0.2175  1.000e-12  0.1631000    12.7354    12.7346    -0.0009     9.9500     9.9492    144.604    147.638      0.605    1452.31    1452.31  0.000e+00
      17228    146.500     6.7732     6.7742     0.0010    1.39794    1.39786          1     0.0635     0.0593      94.04     0.3161     0.2228  1.000e-12  0.1555000    12.7512    12.7501    -0.0011     9.9618     9.9609    145.099    148.142      0.691    1452.36    1452.36  0.000e+00
      17244    147.000     6.7781     6.7792     0.0012    1.39976    1.39971          1     0.0633     0.0569      93.64     0.3054     0.2653  1.000e-12  0.1441000    12.7673    12.7664    -0.0010     9.9741     9.9733    145.594    148.646      0.704    1452.41    1452.41  0.000e+00
      17262    147.500     6.7811     6.7823     0.0012    1.40094    1.40090          1     0.0622     0.0602      93.14     0.3235     0.2431  1.000e-12  0.1595000    12.7777    12.7768    -0.0009     9.9821     9.9812    146.089    149.150      0.640    1452.44    1452.45  0.000e+00
      17283    148.000     6.7828     6.7844     0.0015    1.40165    1.40166          1     0.0620     0.0606      92.52     0.3175     0.2553  1.000e-12  0.1612000    12.7840    12.7835    -0.0005     9.9868     9.9863    146.584    149.655      0.494    1452.47    1452.47  0.000e+00
      17314    148.500     6.7836     6.7852     0.0015    1.40188    1.40191          1     0.0630     0.0566      93.65     0.3667     0.2084  1.000e-12  0.1626000    12.7859    12.7856    -0.0003     9.9883     9.9879    147.079    150.159      0.368    1452.48    1452.49  0.000e+00
      17343    149.000     6.7904     6.7915     0.0010    1.40406    1.40398          1     0.0627     0.0592      92.29     0.3103     0.2091  1.000e-12  0.1480000    12.8048    12.8036    -0.0011    10.0025    10.0016    147.575    150.663      0.548    1452.54    1452.54  0.000e+00
      17361    149.500     6.7963     6.7974     0.0011    1.40611    1.40604          1     0.0628     0.0589      90.95     0.3351     0.2090  1.000e-12  0.2234000    12.8228    12.8216    -0.0012    10.0162    10.0152    148.069    151.167      0.728    1452.59    1452.60  0.000e+00
      17376    150.000     6.8007     6.8020     0.0013    1.40748    1.40744          1     0.0588     0.0589      90.60     0.3352     0.1923  1.000e-12  0.2279000    12.8345    12.8337    -0.0008    10.0251    10.0243    148.565    151.672      0.762    1452.63    1452.64  0.000e+00
      17392    150.500     6.8034     6.8047     0.0014    1.40842    1.40839          1     0.0561     0.0589      90.05     0.3161     0.2314  1.000e-12  0.1460000    12.8427    12.8419    -0.0008    10.0313    10.0305    149.060    152.176      0.643    1452.66    1452.67  0.000e+00
      17417    151.000     6.8049     6.8063     0.0014    1.40917    1.40911          1     0.0605     0.0575      89.34     0.3134     0.2310  1.000e-12  0.1569000    12.8495    12.8483    -0.0012    10.0365    10.0354    149.555    152.680      0.416    1452.69    1452.69  0.000e+00
      17450    151.500     6.8072     6.8085     0.0014    1.40999    1.40994          1     0.0652     0.0583      88.46     0.2917     0.3055  1.000e-12  0.1434000    12.8566    12.8556    -0.0009    10.0419    10.0410    150.050    153.184      0.443    1452.71    1452.72  0.000e+00
      17472    152.000     6.8095     6.8109     0.0014    1.41087    1.41083          1     0.0617     0.0589      72.88     0.3112     0.2339  1.000e-12  0.1417000    12.8644    12.8635    -0.0009    10.0478    10.0470    150.545    153.688      0.609    1452.74    1452.74  0.000e+00
      17490    152.500     6.8122     6.8136     0.0013    1.41189    1.41185          1     0.0583     0.0591      74.71     0.3049     0.2270  1.000e-12  0.1429000    12.8733    12.8725    -0.0008    10.0546    10.0538    151.040    154.193      0.672    1452.77    1452.78  0.000e+00
      17507    153.000     6.8140     6.8153     0.0014    1.41255    1.41252          1     0.0581     0.0585      87.32     0.3071     0.2656  1.000e-12  0.1401000    12.8791    12.8783    -0.0008    10.0590    10.0582    151.535    154.697      0.647    1452.79    1452.80  0.000e+00
      17527    153.500     6.8149     6.8163     0.0014    1.41294    1.41292          1     0.0592     0.0581      86.81     0.3124     0.2367  1.000e-12  0.1369000    12.8825    12.8817    -0.0008    10.0615    10.0609    152.030    155.201      0.569    1452.81    1452.81  0.000e+00
      17550    154.000     6.8162     6.8176     0.0014    1.41347    1.41344          1     0.0612     0.0579      86.25     0.3160     0.2460  1.000e-12  0.1429000    12.8872    12.8864    -0.0008    10.0651    10.0644    152.525    155.705      0.519    1452.83    1452.83  0.000e+00
      17573    154.500     6.8178     6.8193     0.0014    1.41423    1.41421          1     0.0611     0.0578      85.98     0.3370     0.2312  1.000e-12  0.1421000    12.8939    12.8932    -0.0007    10.0703    10.0696    153.020    156.209      0.518    1452.85    1452.86  0.000e+00
      17597    155.000     6.8200     6.8214     0.0014    1.41505    1.41503          1     0.0583     0.0583      85.51     0.3376     0.2217  1.000e-12  0.1550000    12.9011    12.9004    -0.0007    10.0758    10.0751    153.515    156.714      0.498    1452.88    1452.88  0.000e+00
      17622    155.500     6.8223     6.8237     0.0014    1.41584    1.41582          1     0.0587     0.0586      84.83     0.3051     0.2269  1.000e-12  0.1492000    12.9079    12.9073    -0.0007    10.0810    10.0803    154.010    157.218      0.481    1452.90    1452.91  0.000e+00
      17646    156.000     6.8238     6.8253     0.0015    1.41640    1.41640          1     0.0587     0.0583      84.24     0.3120     0.2244  1.000e-12  0.1491000    12.9129    12.9123    -0.0006    10.0847    10.0841    154.505    157.722      0.551    1452.92    1452.93  0.000e+00
      17666    156.500     6.8249     6.8263     0.0014    1.41687    1.41687          1     0.0612     0.0583      83.74     0.3070     0.2069  1.000e-12  0.1546000    12.9170    12.9164    -0.0006    10.0878    10.0873    155.000    158.226      0.642    1452.94    1452.95  0.000e+00
      17683    157.000     6.8253     6.8268     0.0015    1.41723    1.41722          1     0.0601     0.0583      83.39     0.3125     0.1934  1.000e-12  0.1518000    12.9202    12.9196    -0.0007    10.0903    10.0897    155.495    158.730      0.662    1452.96    1452.96  0.000e+00
      17702    157.500     6.8255     6.8269     0.0014    1.41743    1.41742          1     0.0594     0.0575      61.63     0.3282     0.1996  1.000e-12  0.1448000    12.9220    12.9215    -0.0006    10.0917    10.0912    155.990    159.234      0.603    1452.97    1452.97  0.000e+00
      17724    158.000     6.8261     6.8275     0.0014    1.41763    1.41762          1     0.0591     0.0578      71.21     0.3045     0.2069  1.000e-12  0.1481000    12.9237    12.9231    -0.0006    10.0930    10.0925    156.485    159.739      0.496    1452.98    1452.99  0.000e+00
      17751    158.500     6.8269     6.8283     0.0015    1.41802    1.41800          1     0.0572     0.0590      81.70     0.3131     0.2066  1.000e-12  0.1560000    12.9272    12.9264    -0.0007    10.0957    10.0950    156.980    160.243      0.448    1453.00    1453.00  0.000e+00
      17777    159.000     6.8283     6.8297     0.0015    1.41859    1.41856          1     0.0586     0.0578      81.20     0.3161     0.2292  1.000e-12  0.1553000    12.9322    12.9313    -0.0009    10.0995    10.0987    157.475    160.747      0.516    1453.02    1453.02  0.000e+00
      17798    159.500     6.8299     6.8312     0.0014    1.41914    1.41911          1     0.0609     0.0575      80.78     0.3164     0.2763  1.000e-12  0.1560000    12.9369    12.9361    -0.0008    10.1031    10.1023    157.970    161.251      0.600    1453.04    1453.04  0.000e+00
      17817    160.000     6.8300     6.8315     0.0015    1.41924    1.41923          1     0.0592     0.0580      80.33     0.3105     0.2486  1.000e-12  0.1626000    12.9377    12.9371    -0.0007    10.1037    10.1031    158.465    161.755      0.633    1453.05    1453.05  0.000e+00
      17836    160.500     6.8304     6.8319     0.0015    1.41945    1.41942          1     0.0582     0.0584      79.87     0.3047     0.2109  1.000e-12  0.1677000    12.9395    12.9388    -0.0008    10.1051    10.1044    158.960    162.260      0.606    1453.06    1453.06  0.000e+00
      17857    161.000     6.8318     6.8332     0.0014    1.41976    1.41975          1     0.0585     0.0574      79.25     0.3040     0.2168  1.000e-12  0.1636000    12.9420    12.9413    -0.0007    10.1069    10.1063    159.455    162.764      0.520    1453.08    1453.08  0.000e+00
      17882    161.500     6.8327     6.8341     0.0014    1.42004    1.42002          1     0.0557     0.0579      78.56     0.3184     0.2414  1.000e-12  0.1491000    12.9443    12.9436    -0.0007    10.1086    10.1080    159.950    163.268      0.460    1453.09    1453.09  0.000e+00
      17908    162.000     6.8327     6.8342     0.0015    1.42025    1.42023          1     0.0602     0.0564      78.16     0.3263     0.2107  1.000e-12  0.1511000    12.9463    12.9455    -0.0007    10.1102    10.1095    160.445    163.772      0.492    1453.10    1453.10  0.000e+00
      17931    162.500     6.8334     6.8348     0.0014    1.42049    1.42048          1     0.0600     0.0578      77.74     0.3166     0.1928  1.000e-12  0.1557000    12.9483    12.9477    -0.0006    10.1118    10.1111    160.940    164.276      0.564    1453.11    1453.12  0.000e+00
      17951    163.000     6.8330     6.8345     0.0014    1.42073    1.42072          1     0.0546     0.0567      77.20     0.3533     0.2456  1.000e-12  0.1624000    12.9507    12.9500    -0.0007    10.1137    10.1130    161.435    164.780      0.611    1453.12    1453.13  0.000e+00
      17971    163.500     6.8349     6.8363     0.0014    1.42109    1.42106          1     0.0543     0.0558      76.71     0.3372     0.2323  1.000e-12  0.1607000    12.9534    12.9527    -0.0008    10.1156    10.1149    161.930    165.285      0.612    1453.14    1453.15  0.000e+00
      17991    164.000     6.8361     6.8376     0.0015    1.42138    1.42137          1     0.0559     0.0588      76.21     0.3187     0.2171  1.000e-12  0.1603000    12.9558    12.9551    -0.0007    10.1174    10.1167    162.425    165.789      0.567    1453.16    1453.16  0.000e+00
      18013    164.500     6.8368     6.8383     0.0015    1.42170    1.42169          1     0.0587     0.0553      75.71     0.3122     0.2136  1.000e-12  0.1547000    12.9586    12.9579    -0.0007    10.1196    10.1189    162.920    166.293      0.485    1453.17    1453.18  0.000e+00
      18041    165.000     6.8376     6.8390     0.0014    1.42207    1.42205          1     0.0592     0.0585      75.17     0.3272     0.2274  1.000e-12  0.1491000    12.9618    12.9611    -0.0008    10.1220    10.1213    163.415    166.797      0.422    1453.19    1453.19  0.000e+00
      18069    165.500     6.8383     6.8397     0.0015    1.42250    1.42248          1     0.0549     0.0593      74.66     0.3182     0.2330  1.000e-12  0.1483000    12.9657    12.9650    -0.0007    10.1250    10.1243    163.910    167.301      0.501    1453.20    1453.21  0.000e+00
      18090    166.000     6.8393     6.8407     0.0014    1.42281    1.42279          1     0.0550     0.0548      74.96     0.3083     0.2340  1.000e-12  0.1634000    12.9682    12.9675    -0.0007    10.1269    10.1262    164.405    167.805      0.625    1453.22    1453.22  0.000e+00
      18108    166.500     6.8402     6.8417     0.0014    1.42313    1.42310          1     0.0542     0.0530      74.85     0.3274     0.2471  1.000e-12  0.2295000    12.9710    12.9702    -0.0008    10.1289    10.1282    164.900    168.310      0.676    1453.23    1453.24  0.000e+00
      18125    167.000     6.8405     6.8420     0.0015    1.42336    1.42335          1     0.0568     0.0559      74.24     0.3261     0.1925  1.000e-12  0.1662000    12.9730    12.9724    -0.0007    10.1306    10.1299    165.395    168.814      0.628    1453.25    1453.25  0.000e+00
      18147    167.500     6.8408     6.8422     0.0014    1.42353    1.42352          1     0.0583     0.0556      73.64     0.3292     0.2153  1.000e-12  0.1515000    12.9745    12.9739    -0.0006    10.1317    10.1311    165.890    169.318      0.487    1453.26    1453.26  0.000e+00
      18177    168.000     6.8417     6.8431     0.0014    1.42372    1.42371          1     0.0558     0.0556      72.98     0.3181     0.2298  1.000e-12  0.1551000    12.9760    12.9753    -0.0007    10.1328    10.1321    166.385    169.822      0.389    1453.27    1453.28  0.000e+00
      18205    168.500     6.8423     6.8438     0.0015    1.42400    1.42398          1     0.0539     0.0559      72.42     0.3336     0.2288  1.000e-12  0.1552000    12.9784    12.9776    -0.0007    10.1346    10.1339    166.880    170.326      0.534    1453.28    1453.29  0.000e+00
      18224    169.000     6.8429     6.8443     0.0014    1.42431    1.42430          1     0.0551     0.0531      71.99     0.3328     0.2600  1.000e-12  0.1514000    12.9811    12.9805    -0.0007    10.1367    10.1361    167.375    170.830      0.682    1453.30    1453.30  0.000e+00
