ctdpy/exports/archive_20191120_135557/received_data/SBE09_1044_20180126_1936_34_02_0016.cnv
* Sea-Bird SBE 9 Data File:
* FileName = C:\ctd\temp\2018\ME18D016.hex
* Software Version Seasave V 7.26.6.26
* Temperature SN = 5351
* Conductivity SN = 3941
* Number of Bytes Per Scan = 41
* Number of Voltage Words = 4
* Number of Scans Averaged by the Deck Unit = 1
* NMEA Latitude = 55 22.99 N
* NMEA Longitude = 015 20.01 E
* NMEA UTC (Time) = Jan 26 2018  19:36:38
* NMEA baud rate = 4800
** Station:  BY4
** Operator:  SSip
** Ship: MERI
** Average sound velocity: 1445.50 m/s
** True-depth calculation Fri, 26 Jan 2018 20:47:40 +0000
** CTD Python Module SMHI /ver 3-12/ feb 2012 
** LIMS Job: 20183402-0016
** Cruise: SMHI-01-2018
** Latitude [GG MM.mm N] :
** Longitude [GG MM.mm E]:
# nquan = 26
# nvalues = 173                         
# units = specified
# name 0 = scan: Scan Count
# name 1 = prDM: Pressure, Digiquartz [db]
# name 2 = t090C: Temperature [ITS-90, deg C]
# name 3 = t190C: Temperature, 2 [ITS-90, deg C]
# name 4 = T2-T190C: Temperature Difference, 2 - 1 [ITS-90, deg C]
# name 5 = c0S/m: Conductivity [S/m]
# name 6 = c1S/m: Conductivity, 2 [S/m]
# name 7 = pumps: Pump Status
# name 8 = sbeox0ML/L: Oxygen, SBE 43 [ml/l]
# name 9 = sbeox1ML/L: Oxygen, SBE 43, 2 [ml/l]
# name 10 = altM: Altimeter [m]
# name 11 = flECO-AFL: Chl-a Fluorescence, WET Labs ECO-AFL/FL [mg/m^3]
# name 12 = flECO-AFL1: Phycocyanin Fluorescence, WET Labs ECO-AFL/FL, 2 [mg/m^3]
# name 13 = par: PAR/Irradiance, Biospherical/Lico [µE/(cm^2*s)]
# name 14 = turbWETntu0: Turbidity, WET Labs ECO [NTU]
# name 15 = sal00: Salinity, Practical [PSU]
# name 16 = sal11: Salinity, Practical, 2 [PSU]
# name 17 = secS-priS: Salinity, Practical, Difference, 2 - 1 [PSU]
# name 18 = sigma-t00: Density [sigma-t, Kg/m^3 ]
# name 19 = sigma-t11: Density, 2 [sigma-t, Kg/m^3 ]
# name 20 = depSM: Depth [salt water, m], lat = 55.3832
# name 21 = depFM: Depth [true depth, m], lat = 55.3832
# name 22 = dz/dtM: Descent Rate [m/s], WS = 2
# name 23 = svCM: Sound Velocity [Chen-Millero, m/s]
# name 24 = svCM1: Sound Velocity, 2 [Chen-Millero, m/s]
# name 25 = flag: flag
# span 0 =       7372,      15944       
# span 1 =      1.000,     87.000       
# span 2 =     4.6423,     9.6757       
# span 3 =     4.6431,     9.6735       
# span 4 =    -0.0092,     0.0087       
# span 5 =   0.798872,   1.840313       
# span 6 =   0.798839,   1.840063       
# span 7 =          1,          1       
# span 8 =   -0.01826,    8.06807       
# span 9 =    0.02566,    8.02871       
# span 10 =       3.24,      98.74      
# span 11 =     0.2119,     0.7424      
# span 12 =     0.2293,     0.4232      
# span 13 = -1.834e-04, 2.8281e-02      
# span 14 =     0.1246,     1.0422      
# span 15 =     7.4451,    17.1718      
# span 16 =     7.4447,    17.1684      
# span 17 =    -0.0091,     0.0176      
# span 18 =     5.8996,    13.4253      
# span 19 =     5.8992,    13.4225      
# span 20 =      0.991,     86.195      
# span 21 =      1.013,     87.892      
# span 22 =     -0.065,      0.608      
# span 23 =    1434.20,    1463.66      
# span 24 =    1434.20,    1463.65      
# span 25 = 0.0000e+00, 0.0000e+00      
# interval = decibars: 0.5              
# start_time = Jan 26 2018 19:36:39 [NMEA time, first data scan]
# bad_flag = -9.990e-29
*END*
[from data line 112]
      10102     57.000     9.3747     9.3712    -0.0035    1.44783    1.44788          1     3.2072     3.1730      34.08     0.2331     0.2597  1.000e-12  0.1276000    12.3176    12.3193     0.0017     9.3737     9.3754     56.477     57.688      0.533    1460.86    1460.84  0.000e+00
      10124     57.500     9.4329     9.4302    -0.0026    1.46143    1.46156          1     3.2392     3.2138      33.63     0.2450     0.2979  1.000e-12  0.1302000    12.4230    12.4251     0.0021     9.4491     9.4510     56.972     58.193      0.546    1461.22    1461.21  0.000e+00
      10146     58.000     9.4941     9.4912    -0.0029    1.47604    1.47611          1     3.2543     3.2302      33.24     0.2358     0.3160  1.000e-12  0.1303000    12.5362    12.5379     0.0016     9.5303     9.5319     57.467     58.697      0.558    1461.60    1461.59  0.000e+00
      10167     58.500     9.5306     9.5276    -0.0030    1.48839    1.48837          1     3.2296     3.2230      32.69     0.2359     0.3169  1.000e-12  0.1248000    12.6371    12.6380     0.0008     9.6046     9.6056     57.963     59.202      0.552    1461.88    1461.87  0.000e+00
      10189     59.000     9.5522     9.5502    -0.0019    1.49811    1.49820          1     3.1966     3.2046      32.28     0.2461     0.3111  1.000e-12  0.1246000    12.7190    12.7205     0.0015     9.6658     9.6672     58.458     59.706      0.524    1462.07    1462.06  0.000e+00
      10213     59.500     9.5210     9.5182    -0.0028    1.50408    1.50412          1     3.0942     3.1153      31.62     0.2476     0.2699  1.000e-12  0.1385000    12.7849    12.7863     0.0014     9.7207     9.7221     58.953     60.211      0.495    1462.04    1462.03  0.000e+00
      10238     60.000     9.5046     9.5049     0.0003    1.51184    1.51214          1     3.0701     3.1047      31.02     0.2476     0.2603  1.000e-12  0.1380000    12.8623    12.8649     0.0026     9.7827     9.7847     59.448     60.715      0.503    1462.07    1462.08  0.000e+00
      10261     60.500     9.4069     9.4082     0.0013    1.51483    1.51477          1     3.0209     3.0653      30.48     0.2475     0.2958  1.000e-12  0.1316000    12.9248    12.9238    -0.0010     9.8425     9.8416     59.944     61.219      0.542    1461.78    1461.78  0.000e+00
      10282     61.000     9.5694     9.5606    -0.0087    1.53027    1.53013          1     2.9123     2.9636      30.03     0.2533     0.2902  1.000e-12  0.1413000    13.0088    13.0107     0.0019     9.8892     9.8917     60.439     61.723      0.573    1462.52    1462.49  0.000e+00
      10303     61.500     9.4837     9.4925     0.0087    1.53165    1.53171          1     2.8389     2.8963      29.55     0.2556     0.2865  1.000e-12  0.1490000    13.0526    13.0499    -0.0026     9.9331     9.9301     60.935     62.228      0.571    1462.25    1462.28  0.000e+00
      10324     62.000     9.5098     9.5061    -0.0038    1.54338    1.54337          1     2.8664     2.9089      29.02     0.2444     0.2787  1.000e-12  0.1387000    13.1514    13.1527     0.0013    10.0071    10.0085     61.430     62.732      0.536    1462.48    1462.46  0.000e+00
      10348     62.500     9.5503     9.5486    -0.0017    1.55799    1.55801          1     2.8645     2.8932      28.45     0.2119     0.2639  1.000e-12  0.1429000    13.2717    13.2724     0.0007    10.0959    10.0967     61.925     63.236      0.502    1462.79    1462.78  0.000e+00
      10372     63.000     9.5424     9.5416    -0.0008    1.56792    1.56795          1     2.7908     2.8381      27.93     0.2361     0.2293  1.000e-12  0.1613000    13.3663    13.3670     0.0006    10.1704    10.1710     62.420     63.740      0.505    1462.88    1462.88  0.000e+00
      10395     63.500     9.5894     9.5867    -0.0027    1.58011    1.58011          1     2.8336     2.8767      27.43     0.2359     0.3177  1.000e-12  0.1606000    13.4616    13.4626     0.0010    10.2390    10.2401     62.916     64.244      0.535    1463.19    1463.18  0.000e+00
      10417     64.000     9.6757     9.6735    -0.0022    1.59550    1.59535          1     2.9345     2.9474      26.96     0.2454     0.2501  1.000e-12  0.1570000    13.5714    13.5709    -0.0005    10.3142    10.3141     63.411     64.749      0.557    1463.66    1463.65  0.000e+00
      10438     64.500     9.6197     9.6225     0.0027    1.60089    1.60079          1     2.8680     2.8875      26.44     0.2324     0.2711  1.000e-12  0.1464000    13.6423    13.6403    -0.0020    10.3760    10.3741     63.906     65.253      0.556    1463.54    1463.55  0.000e+00
      10460     65.000     9.5417     9.5437     0.0020    1.60444    1.60442          1     2.7428     2.7779      25.95     0.2290     0.2843  1.000e-12  0.1456000    13.7047    13.7037    -0.0010    10.4337    10.4327     64.402     65.757      0.531    1463.32    1463.33  0.000e+00
      10483     65.500     9.4740     9.4746     0.0007    1.61176    1.61186          1     2.7431     2.7753      25.49     0.2404     0.2689  1.000e-12  0.1483000    13.7985    13.7991     0.0006    10.5146    10.5150     64.897     66.261      0.508    1463.18    1463.19  0.000e+00
      10507     66.000     9.4775     9.4776     0.0000    1.62755    1.62739          1     2.7641     2.7825      24.92     0.2481     0.2478  1.000e-12  0.1461000    13.9439    13.9424    -0.0015    10.6273    10.6261     65.392     66.765      0.515    1463.38    1463.38  0.000e+00
      10530     66.500     9.3182     9.3230     0.0048    1.63217    1.63217          1     2.6448     2.6690      24.38     0.2498     0.2706  1.000e-12  0.1430000    14.0489    14.0471    -0.0019    10.7275    10.7255     65.888     67.268      0.539    1462.90    1462.92  0.000e+00
      10552     67.000     9.1889     9.1921     0.0032    1.63668    1.63662          1     2.5010     2.5461      23.92     0.2604     0.2621  1.000e-12  0.1799000    14.1419    14.1402    -0.0017    10.8147    10.8130     66.383     67.772      0.551    1462.52    1462.53  0.000e+00
      10573     67.500     9.0778     9.0796     0.0018    1.64280    1.64268          1     2.4123     2.4781      23.40     0.2359     0.3091  1.000e-12  0.1848000    14.2434    14.2416    -0.0018    10.9064    10.9048     66.878     68.276      0.548    1462.22    1462.22  0.000e+00
      10596     68.000     9.0725     9.0736     0.0011    1.65615    1.65606          1     2.3896     2.4542      22.93     0.2459     0.3042  1.000e-12  0.2011000    14.3713    14.3701    -0.0013    11.0066    11.0055     67.374     68.780      0.537    1462.36    1462.36  0.000e+00
      10618     68.500     9.0211     9.0227     0.0017    1.66751    1.66737          1     2.3462     2.4093      22.46     0.2481     0.3092  1.000e-12  0.2045000    14.4993    14.4973    -0.0020    11.1121    11.1104     67.869     69.284      0.524    1462.32    1462.33  0.000e+00
      10641     69.000     8.9530     8.9566     0.0036    1.67900    1.67884          1     2.1944     2.2641      21.95     0.2417     0.3153  1.000e-12  0.1679000    14.6357    14.6327    -0.0031    11.2261    11.2233     68.364     69.787      0.519    1462.23    1462.24  0.000e+00
      10664     69.500     8.7936     8.7990     0.0054    1.68345    1.68341          1     2.0352     2.1119      21.47     0.2304     0.3156  1.000e-12  0.1476000    14.7436    14.7410    -0.0026    11.3280    11.3253     68.860     70.291      0.525    1461.75    1461.76  0.000e+00
      10687     70.000     8.6012     8.6015     0.0004    1.68379    1.68383          1     1.9101     1.9996      20.99     0.2285     0.2933  1.000e-12  0.1579000    14.8269    14.8271     0.0002    11.4139    11.4141     69.355     70.794      0.538    1461.10    1461.10  0.000e+00
      10709     70.500     8.5047     8.5037    -0.0009    1.69064    1.69062          1     1.8311     1.9304      20.49     0.2417     0.2432  1.000e-12  0.1677000    14.9329    14.9332     0.0002    11.5071    11.5074     69.850     71.298      0.542    1460.86    1460.85  0.000e+00
      10731     71.000     8.3627     8.3648     0.0021    1.69930    1.69917          1     1.6587     1.7676      19.94     0.2585     0.2929  1.000e-12  0.1867000    15.0765    15.0743    -0.0022    11.6343    11.6324     70.346     71.801      0.534    1460.48    1460.48  0.000e+00
      10754     71.500     8.1678     8.1693     0.0015    1.70515    1.70511          1     1.4053     1.5384      19.33     0.2253     0.3099  1.000e-12  0.1437000    15.2167    15.2156    -0.0010    11.7643    11.7633     70.841     72.305      0.529    1459.88    1459.89  0.000e+00
      10777     72.000     8.0159     8.0165     0.0007    1.71396    1.71388          1     1.3359     1.4701      18.84     0.2505     0.3132  1.000e-12  0.1486000    15.3683    15.3672    -0.0011    11.8985    11.8975     71.336     72.808      0.531    1459.47    1459.47  0.000e+00
      10799     72.500     7.8950     7.8952     0.0002    1.71860    1.71859          1     1.3293     1.4445      17.57     0.2534     0.3045  1.000e-12  0.1481000    15.4666    15.4664    -0.0002    11.9877    11.9875     71.831     73.311      0.530    1459.12    1459.12  0.000e+00
      10822     73.000     7.7395     7.7411     0.0017    1.72069    1.72064          1     1.2650     1.3687      15.40     0.2548     0.2896  1.000e-12  0.1442000    15.5559    15.5547    -0.0012    12.0731    12.0720     72.327     73.814      0.535    1458.61    1458.62  0.000e+00
      10844     73.500     7.6379     7.6394     0.0015    1.72541    1.72536          1     1.1498     1.2519      14.10     0.2646     0.3007  1.000e-12  0.1450000    15.6477    15.6465    -0.0011    12.1549    12.1539     72.822     74.318      0.534    1458.33    1458.33  0.000e+00
      10867     74.000     7.5209     7.5243     0.0034    1.72893    1.72887          1     0.9994     1.1129      14.14     0.2603     0.2885  1.000e-12  0.1458000    15.7350    15.7330    -0.0020    12.2348    12.2328     73.317     74.821      0.523    1457.97    1457.98  0.000e+00
      10890     74.500     7.3074     7.3112     0.0037    1.73473    1.73462          1     0.8377     0.9718      12.67     0.2513     0.2735  1.000e-12  0.1469000    15.8896    15.8868    -0.0028    12.3763    12.3738     73.813     75.324      0.511    1457.30    1457.32  0.000e+00
      10914     75.000     7.2482     7.2492     0.0010    1.74336    1.74320          1     0.7311     0.8656      13.26     0.2633     0.2835  1.000e-12  0.1525000    16.0028    16.0007    -0.0021    12.4706    12.4689     74.308     75.827      0.518    1457.21    1457.21  0.000e+00
      10936     75.500     7.2002     7.2033     0.0031    1.74570    1.74564          1     0.6838     0.8052      13.49     0.2703     0.2669  1.000e-12  0.1443000    16.0482    16.0463    -0.0020    12.5108    12.5089     74.803     76.330      0.531    1457.08    1457.09  0.000e+00
      10959     76.000     7.1534     7.1565     0.0030    1.75028    1.75021          1     0.6597     0.7713      13.29     0.2603     0.2998  1.000e-12  0.1475000    16.1158    16.1136    -0.0022    12.5681    12.5661     75.299     76.833      0.522    1456.98    1456.99  0.000e+00
      10983     76.500     7.0844     7.0861     0.0018    1.75269    1.75262          1     0.6625     0.7576      12.88     0.2603     0.3099  1.000e-12  0.1371000    16.1719    16.1705    -0.0015    12.6186    12.6172     75.794     77.336      0.500    1456.78    1456.78  0.000e+00
      11007     77.000     7.0354     7.0373     0.0020    1.75574    1.75563          1     0.6204     0.7054      12.54     0.2598     0.2859  1.000e-12  0.1366000    16.2255    16.2235    -0.0020    12.6651    12.6633     76.289     77.839      0.495    1456.65    1456.66  0.000e+00
      11031     77.500     6.9806     6.9841     0.0035    1.76157    1.76142          1     0.5322     0.6203      12.85     0.2492     0.2789  1.000e-12  0.1588000    16.3098    16.3067    -0.0031    12.7362    12.7335     76.784     78.342      0.510    1456.54    1456.55  0.000e+00
      11054     78.000     6.9204     6.9231     0.0028    1.76768    1.76757          1     0.4439     0.5414      12.17     0.2576     0.2687  1.000e-12  0.1614000    16.3999    16.3975    -0.0024    12.8124    12.8103     77.280     78.844      0.522    1456.42    1456.42  0.000e+00
      11077     78.500     6.8780     6.8800     0.0020    1.77236    1.77227          1     0.3744     0.4722      11.77     0.2603     0.3172  1.000e-12  0.1516000    16.4673    16.4654    -0.0019    12.8692    12.8675     77.775     79.347      0.516    1456.33    1456.34  0.000e+00
      11101     79.000     6.8511     6.8525     0.0014    1.77643    1.77629          1     0.3178     0.4147      11.63     0.2898     0.3026  1.000e-12  0.1487000    16.5212    16.5191    -0.0021    12.9139    12.9121     78.270     79.850      0.504    1456.30    1456.30  0.000e+00
      11125     79.500     6.8346     6.8358     0.0011    1.78099    1.78084          1     0.2592     0.3529      11.23     0.2959     0.3060  1.000e-12  0.1349000    16.5752    16.5731    -0.0021    12.9577    12.9560     78.766     80.353      0.494    1456.31    1456.31  0.000e+00
      11149     80.000     6.8186     6.8196     0.0009    1.78609    1.78596          1     0.1933     0.2940      10.72     0.2910     0.3003  1.000e-12  0.1347000    16.6344    16.6327    -0.0017    13.0057    13.0042     79.261     80.855      0.488    1456.32    1456.32  0.000e+00
      11174     80.500     6.8058     6.8061     0.0003    1.79126    1.79109          1     0.1197     0.2184      10.21     0.3087     0.3159  1.000e-12  0.1537000    16.6930    16.6910    -0.0020    13.0528    13.0512     79.756     81.358      0.498    1456.35    1456.35  0.000e+00
      11197     81.000     6.9060     6.9006    -0.0054    1.80286    1.80254          1     0.0263     0.1291       9.73     0.3075     0.3056  1.000e-12  0.1881000    16.7617    16.7611    -0.0006    13.0975    13.0976     80.251     81.861      0.522    1456.86    1456.83  0.000e+00
      11220     81.500     6.9314     6.9324     0.0010    1.80686    1.80678          1    -0.0183     0.0828       9.19     0.2901     0.3079  1.000e-12  0.2452000    16.7896    16.7884    -0.0013    13.1171    13.1161     80.747     82.364      0.535    1457.00    1457.01  0.000e+00
      11242     82.000     6.9201     6.9209     0.0008    1.81123    1.81100          1    -0.0125     0.0746       8.62     0.3065     0.3050  1.000e-12  0.3145000    16.8392    16.8365    -0.0027    13.1571    13.1549     81.242     82.866      0.529    1457.03    1457.03  0.000e+00
      11265     82.500     6.8895     6.8908     0.0013    1.82050    1.82036          1     0.0078     0.0817       8.07     0.2849     0.2787  1.000e-12  0.3209000    16.9481    16.9460    -0.0021    13.2453    13.2436     81.737     83.369      0.510    1457.04    1457.05  0.000e+00
      11289     83.000     6.8827     6.8830     0.0003    1.82479    1.82472          1     0.0248     0.0909       7.63     0.2847     0.2652  1.000e-12  0.3201000    16.9948    16.9939    -0.0009    13.2826    13.2819     82.233     83.871      0.489    1457.08    1457.08  0.000e+00
      11314     83.500     6.8821     6.8825     0.0004    1.82553    1.82550          1     0.0321     0.0967       7.07     0.3088     0.2920  1.000e-12  0.3685000    17.0024    17.0020    -0.0005    13.2887    13.2883     82.728     84.374      0.484    1457.10    1457.10  0.000e+00
      11339     84.000     6.8814     6.8818     0.0005    1.82574    1.82572          1     0.0409     0.0868       6.52     0.2978     0.3473  1.000e-12  0.3683000    17.0048    17.0043    -0.0004    13.2905    13.2902     83.223     84.877      0.502    1457.11    1457.11  0.000e+00
