ctdpy/exports/archive_20191120_135557/received_data/SBE09_1044_20181113_2142_34_01_0143.cnv
* Sea-Bird SBE 9 Data File:
* FileName = C:\ctd\temp\ar18d143.hex
* Software Version Seasave V 7.26.7.107
* Temperature SN = 5351
* Conductivity SN = 3941
* Number of Bytes Per Scan = 41
* Number of Voltage Words = 4
* Number of Scans Averaged by the Deck Unit = 1
* NMEA Latitude = 56 22.25 N
* NMEA Longitude = 016 12.12 E
* NMEA UTC (Time) = Nov 13 2018  21:42:01
* NMEA baud rate = 4800
** Station:  RefM1V1
** Operator:  A-KTh
** Ship: ARANDA
** Average sound velocity: 1448.03 m/s
** True-depth calculation Tue, 13 Nov 2018 22:51:45 +0000
** CTD Python Module SMHI /ver 3-12/ feb 2012 
** LIMS Job: 20183401-0143
** Cruise: SMHI-6-2018
** Latitude [GG MM.mm N]:
** Longitude [GG MM.mm E]
# nquan = 26
# nvalues = 38                          
# units = specified
# name 0 = scan: Scan Count
# name 1 = prDM: Pressure, Digiquartz [db]
# name 2 = t090C: Temperature [ITS-90, deg C]
# name 3 = t190C: Temperature, 2 [ITS-90, deg C]
# name 4 = T2-T190C: Temperature Difference, 2 - 1 [ITS-90, deg C]
# name 5 = c0S/m: Conductivity [S/m]
# name 6 = c1S/m: Conductivity, 2 [S/m]
# name 7 = pumps: Pump Status
# name 8 = sbeox0ML/L: Oxygen, SBE 43 [ml/l]
# name 9 = sbeox1ML/L: Oxygen, SBE 43, 2 [ml/l]
# name 10 = altM: Altimeter [m]
# name 11 = flECO-AFL: Chl-a Fluorescence, WET Labs ECO-AFL/FL [mg/m^3]
# name 12 = flECO-AFL1: Phycocyanin Fluorescence, WET Labs ECO-AFL/FL, 2 [mg/m^3]
# name 13 = par: PAR/Irradiance, Biospherical/Lico [µE/(cm^2*s)]
# name 14 = turbWETntu0: Turbidity, WET Labs ECO [NTU]
# name 15 = sal00: Salinity, Practical [PSU]
# name 16 = sal11: Salinity, Practical, 2 [PSU]
# name 17 = secS-priS: Salinity, Practical, Difference, 2 - 1 [PSU]
# name 18 = sigma-t00: Density [sigma-t, Kg/m^3 ]
# name 19 = sigma-t11: Density, 2 [sigma-t, Kg/m^3 ]
# name 20 = depSM: Depth [salt water, m], lat = 56.3708
# name 21 = depFM: Depth [true depth, m], lat = 56.3708
# name 22 = dz/dtM: Descent Rate [m/s], WS = 2
# name 23 = svCM: Sound Velocity [Chen-Millero, m/s]
# name 24 = svCM1: Sound Velocity, 2 [Chen-Millero, m/s]
# name 25 = flag: flag
# span 0 =      28673,      29840       
# span 1 =      1.000,     19.500       
# span 2 =     7.6842,     7.9565       
# span 3 =     7.6892,     7.9595       
# span 4 =    -0.0052,     0.0060       
# span 5 =   0.861031,   0.869858       
# span 6 =   0.861003,   0.869612       
# span 7 =          1,          1       
# span 8 =    7.49229,    7.75016       
# span 9 =    7.13894,    7.37207       
# span 10 =       0.79,      19.96      
# span 11 =     0.8153,     1.6753      
# span 12 =     0.2931,     0.4973      
# span 13 = 1.0000e-12, 1.0820e+00      
# span 14 =     0.3254,     0.9689      
# span 15 =     7.3217,     7.4575      
# span 16 =     7.3211,     7.4540      
# span 17 =    -0.0035,     0.0046      
# span 18 =     5.6113,     5.7388      
# span 19 =     5.6108,     5.7356      
# span 20 =      0.991,     19.321      
# span 21 =      1.013,     19.750      
# span 22 =     -0.224,      0.576      
# span 23 =    1447.49,    1448.21      
# span 24 =    1447.50,    1448.22      
# span 25 = 0.0000e+00, 0.0000e+00      
# interval = decibars: 0.5              
# start_time = Nov 13 2018 21:42:02 [NMEA time, first data scan]
# bad_flag = -9.990e-29
*END*
      28673      1.000     7.9531     7.9548     0.0016    0.86120    0.86121          1     7.6965     7.3230      19.96     1.6221     0.4053  1.082e+00  0.3254000     7.3234     7.3232    -0.0003     5.6125     5.6122      0.991      1.013      0.160    1448.14    1448.15  0.000e+00
      28721      1.500     7.9565     7.9595     0.0030    0.86132    0.86137          1     7.7012     7.3254      19.50     1.6673     0.4301  2.598e-01  0.3282000     7.3237     7.3235    -0.0001     5.6124     5.6121      1.486      1.519      0.299    1448.16    1448.18  0.000e+00
      28759      2.000     7.9542     7.9569     0.0027    0.86120    0.86125          1     7.6871     7.3223      19.09     1.6400     0.4168  1.091e-01  0.3299000     7.3231     7.3229    -0.0002     5.6121     5.6118      1.982      2.026      0.316    1448.16    1448.17  0.000e+00
      28795      2.500     7.9528     7.9547     0.0019    0.86117    0.86119          1     7.6948     7.3261      18.66     1.6114     0.4362  2.843e-02  0.3482000     7.3230     7.3228    -0.0002     5.6122     5.6119      2.477      2.532      0.406    1448.16    1448.17  0.000e+00
      28821      3.000     7.9512     7.9520     0.0008    0.86109    0.86106          1     7.7048     7.3274      18.05     1.6107     0.4023  2.210e-02  0.3343000     7.3225     7.3221    -0.0005     5.6120     5.6115      2.973      3.039      0.467    1448.16    1448.17  0.000e+00
      28847      3.500     7.9513     7.9525     0.0013    0.86116    0.86112          1     7.7042     7.3296      17.41     1.6373     0.4088  1.266e-02  0.3372000     7.3230     7.3225    -0.0006     5.6124     5.6118      3.468      3.545      0.439    1448.17    1448.18  0.000e+00
      28875      4.000     7.9509     7.9522     0.0014    0.86106    0.86106          1     7.6875     7.3189      16.98     1.6612     0.3982  5.765e-03  0.3474000     7.3222     7.3219    -0.0003     5.6117     5.6114      3.963      4.051      0.453    1448.18    1448.18  0.000e+00
      28900      4.500     7.9518     7.9531     0.0013    0.86103    0.86100          1     7.6914     7.3232      16.36     1.6753     0.4372  8.005e-05  0.3361000     7.3217     7.3211    -0.0005     5.6113     5.6108      4.459      4.558      0.514    1448.19    1448.19  0.000e+00
      28922      5.000     7.9519     7.9529     0.0010    0.86108    0.86114          1     7.6996     7.3291      15.77     1.6668     0.3964  2.302e-11  0.3261000     7.3220     7.3224     0.0004     5.6115     5.6118      4.954      5.064      0.530    1448.20    1448.20  0.000e+00
      28945      5.500     7.9519     7.9532     0.0013    0.86119    0.86109          1     7.6975     7.3284      15.46     1.6508     0.4182  1.000e-12  0.3356000     7.3230     7.3218    -0.0011     5.6123     5.6113      5.450      5.571      0.497    1448.21    1448.21  0.000e+00
      28970      6.000     7.9506     7.9527     0.0021    0.86133    0.86124          1     7.6980     7.3222      15.06     1.6344     0.4246  1.000e-12  0.3374000     7.3245     7.3232    -0.0013     5.6136     5.6124      5.945      6.077      0.473    1448.21    1448.22  0.000e+00
      28996      6.500     7.9468     7.9472     0.0004    0.86153    0.86160          1     7.6957     7.3245      14.51     1.6331     0.4250  1.000e-12  0.3462000     7.3271     7.3276     0.0005     5.6159     5.6163      6.441      6.584      0.509    1448.21    1448.21  0.000e+00
      29018      7.000     7.9449     7.9453     0.0004    0.86169    0.86171          1     7.6941     7.3246      14.05     1.6205     0.4140  1.000e-12  0.3476000     7.3289     7.3290     0.0001     5.6174     5.6175      6.936      7.090      0.556    1448.21    1448.21  0.000e+00
      29039      7.500     7.9425     7.9430     0.0005    0.86182    0.86183          1     7.6925     7.3187      13.61     1.5989     0.3793  1.000e-12  0.3368000     7.3305     7.3305    -0.0000     5.6189     5.6189      7.431      7.596      0.560    1448.21    1448.21  0.000e+00
      29061      8.000     7.9399     7.9401     0.0002    0.86189    0.86191          1     7.6950     7.3181      13.13     1.6169     0.4973  1.000e-12  0.3588000     7.3316     7.3317     0.0001     5.6200     5.6201      7.927      8.103      0.538    1448.21    1448.21  0.000e+00
      29083      8.500     7.9379     7.9386     0.0007    0.86195    0.86195          1     7.6915     7.3226      12.55     1.6139     0.4130  1.000e-12  0.3793000     7.3325     7.3324    -0.0001     5.6209     5.6207      8.422      8.609      0.525    1448.21    1448.22  0.000e+00
      29106      9.000     7.9358     7.9364     0.0006    0.86203    0.86204          1     7.6933     7.3222      11.50     1.6097     0.3862  1.000e-12  0.3619000     7.3336     7.3336     0.0000     5.6219     5.6219      8.918      9.116      0.527    1448.21    1448.21  0.000e+00
      29129      9.500     7.9306     7.9313     0.0006    0.86224    0.86226          1     7.6975     7.3253      11.14     1.6045     0.4003  1.000e-12  0.6964000     7.3366     7.3366    -0.0000     5.6247     5.6246      9.413      9.622      0.533    1448.20    1448.21  0.000e+00
      29151     10.000     7.9233     7.9245     0.0011    0.86264    0.86264          1     7.6973     7.3372      10.52     1.5720     0.4099  1.000e-12  0.9689000     7.3417     7.3415    -0.0002     5.6292     5.6290      9.908     10.128      0.535    1448.19    1448.19  0.000e+00
      29174     10.500     7.9177     7.9125    -0.0052    0.86300    0.86338          1     7.6979     7.3374      10.23     1.5262     0.3964  1.000e-12  0.3617000     7.3462     7.3507     0.0046     5.6332     5.6372     10.404     10.635      0.537    1448.18    1448.16  0.000e+00
      29196     11.000     7.9147     7.9156     0.0009    0.86319    0.86321          1     7.7085     7.3450       9.95     1.6079     0.3733  1.000e-12  0.3527000     7.3485     7.3484    -0.0001     5.6352     5.6351     10.899     11.141      0.552    1448.18    1448.18  0.000e+00
      29217     11.500     7.8883     7.8838    -0.0044    0.86490    0.86518          1     7.7346     7.3625       9.51     1.5521     0.4404  1.000e-12  0.3493000     7.3696     7.3731     0.0035     5.6538     5.6570     11.395     11.648      0.561    1448.10    1448.09  0.000e+00
      29239     12.000     7.8554     7.8582     0.0028    0.86648    0.86647          1     7.7502     7.3721       9.01     1.6496     0.4001  1.000e-12  0.3664000     7.3910     7.3903    -0.0006     5.6732     5.6725     11.890     12.154      0.548    1448.00    1448.01  0.000e+00
      29261     12.500     7.8397     7.8406     0.0010    0.86646    0.86645          1     7.7397     7.3643       8.48     1.5400     0.4078  1.000e-12  0.3633000     7.3940     7.3937    -0.0003     5.6769     5.6766     12.386     12.661      0.528    1447.95    1447.95  0.000e+00
      29284     13.000     7.8250     7.8285     0.0035    0.86644    0.86643          1     7.7211     7.3525       7.96     1.3378     0.4026  1.000e-12  0.3666000     7.3969     7.3960    -0.0008     5.6803     5.6793     12.881     13.167      0.533    1447.90    1447.91  0.000e+00
      29306     13.500     7.8171     7.8207     0.0036    0.86655    0.86650          1     7.7130     7.3406       7.42     1.1959     0.3863  1.000e-12  0.3699000     7.3995     7.3983    -0.0012     5.6830     5.6817     13.376     13.673      0.564    1447.88    1447.89  0.000e+00
      29327     14.000     7.8188     7.8217     0.0029    0.86650    0.86647          1     7.7105     7.3333       6.95     1.1243     0.3590  1.000e-12  0.3662000     7.3986     7.3978    -0.0008     5.6821     5.6812     13.872     14.180      0.576    1447.89    1447.90  0.000e+00
      29348     14.500     7.8194     7.8204     0.0010    0.86647    0.86648          1     7.7028     7.3317       6.34     1.0696     0.3208  1.000e-12  0.3655000     7.3982     7.3981    -0.0001     5.6817     5.6815     14.367     14.686      0.536    1447.90    1447.91  0.000e+00
      29372     15.000     7.8197     7.8204     0.0007    0.86648    0.86650          1     7.7046     7.3249       5.80     1.0463     0.3209  1.000e-12  0.3601000     7.3982     7.3982    -0.0000     5.6817     5.6816     14.862     15.192      0.480    1447.91    1447.92  0.000e+00
      29397     15.500     7.8170     7.8178     0.0008    0.86666    0.86667          1     7.7112     7.3285       5.38     1.0579     0.3336  1.000e-12  0.3590000     7.4003     7.4002    -0.0001     5.6836     5.6834     15.358     15.699      0.499    1447.91    1447.91  0.000e+00
      29420     16.000     7.8111     7.8124     0.0013    0.86681    0.86680          1     7.7013     7.3360       4.92     1.0792     0.3127  1.000e-12  0.3594000     7.4028     7.4025    -0.0003     5.6860     5.6857     15.853     16.205      0.540    1447.90    1447.90  0.000e+00
      29442     16.500     7.8059     7.8074     0.0015    0.86688    0.86687          1     7.7058     7.3332       4.42     1.0385     0.3266  1.000e-12  0.3498000     7.4046     7.4041    -0.0004     5.6878     5.6874     16.349     16.712      0.525    1447.89    1447.89  0.000e+00
      29466     17.000     7.8029     7.8043     0.0014    0.86710    0.86710          1     7.7130     7.3373       3.89     1.0029     0.3191  1.000e-12  0.3470000     7.4072     7.4068    -0.0003     5.6901     5.6897     16.844     17.218      0.471    1447.89    1447.89  0.000e+00
      29493     17.500     7.7925     7.7947     0.0022    0.86725    0.86725          1     7.6819     7.3250       3.30     1.0189     0.3126  1.000e-12  0.3559000     7.4107     7.4102    -0.0005     5.6936     5.6931     17.339     17.724      0.466    1447.86    1447.86  0.000e+00
      29517     18.000     7.7589     7.7601     0.0012    0.86765    0.86764          1     7.6233     7.2824       2.81     0.9721     0.3208  1.000e-12  0.3546000     7.4214     7.4210    -0.0004     5.7047     5.7043     17.835     18.231      0.507    1447.74    1447.74  0.000e+00
      29540     18.500     7.7095     7.7108     0.0013    0.86848    0.86846          1     7.5647     7.2303       2.30     0.8882     0.3087  1.000e-12  0.3572000     7.4395     7.4391    -0.0005     5.7227     5.7223     18.330     18.737      0.511    1447.57    1447.57  0.000e+00
      29565     19.000     7.6851     7.6892     0.0042    0.86922    0.86910          1     7.5160     7.1793       1.76     0.8153     0.2931  1.000e-12  0.3730000     7.4515     7.4495    -0.0020     5.7340     5.7321     18.826     19.244      0.427    1447.49    1447.50  0.000e+00
      29840     19.500     7.6842     7.6900     0.0060    0.86986    0.86961          1     7.4923     7.1389       0.79     0.8606     0.3492  1.000e-12  0.4609000     7.4575     7.4540    -0.0035     5.7388     5.7356     19.321     19.750     -0.224    1447.50    1447.52  0.000e+00
