ctdpy/exports/archive_20191120_135557/received_data/SBE09_0827_20181007_1947_26_01_1039.cnv
* Sea-Bird SBE 9 Data File:
* FileName = D:\CTD_SBE911\DAT\26DA.2018.10.39.hex
* Software Version Seasave V 7.21d
* Temperature SN = 4548
* Conductivity SN = 3062
* Number of Bytes Per Scan = 48
* Number of Voltage Words = 5
* Number of Scans Averaged by the Deck Unit = 1
* NMEA Latitude = 58 39.34 N
* NMEA Longitude = 018 29.87 E
* NMEA UTC (Time) = Oct 07 2018  19:49:46
* NMEA baud rate = 4800
** Ship: DANA
** Average sound velocity: 1447.69 m/s
** True-depth calculation Thu, 28 Mar 2019 12:21:04 +0000
** CTD Python Module SMHI /ver 3-12/ feb 2012 
** LIMS Job: 20182601-1039
**  20E Oja
** Operator: Christian A-KTh
** Cruise: 10/2018
# nquan = 26
# nvalues = 507                         
# units = specified
# name 0 = scan: Scan Count
# name 1 = prDM: Pressure, Digiquartz [db]
# name 2 = t090C: Temperature [ITS-90, deg C]
# name 3 = t190C: Temperature, 2 [ITS-90, deg C]
# name 4 = T2-T190C: Temperature Difference, 2 - 1 [ITS-90, deg C]
# name 5 = c0S/m: Conductivity [S/m]
# name 6 = c1S/m: Conductivity, 2 [S/m]
# name 7 = pumps: Pump Status
# name 8 = sbeox1ML/L: Oxygen, SBE 43, 2 [ml/l]
# name 9 = sbeox0ML/L: Oxygen, SBE 43 [ml/l]
# name 10 = altM: Altimeter [m]
# name 11 = chloroflTC0: Chlorophyll, Turner Cyclops [ug/l]
# name 12 = cpar: CPAR/Corrected Irradiance [%]
# name 13 = par: PAR/Irradiance, Biospherical/Lico [µE/(cm^2*s)]
# name 14 = spar: SPAR, Biospherical/Licor
# name 15 = sal00: Salinity, Practical [PSU]
# name 16 = sal11: Salinity, Practical, 2 [PSU]
# name 17 = secS-priS: Salinity, Practical, Difference, 2 - 1 [PSU]
# name 18 = sigma-t00: Density [sigma-t, kg/m^3 ]
# name 19 = sigma-t11: Density, 2 [sigma-t, kg/m^3 ]
# name 20 = depSM: Depth [salt water, m], lat = 58.6557
# name 21 = depFM: Depth [true depth, m], lat = 58.6557
# name 22 = dz/dtM: Descent Rate [m/s], WS = 2
# name 23 = svCM: Sound Velocity [Chen-Millero, m/s]
# name 24 = svCM1: Sound Velocity, 2 [Chen-Millero, m/s]
# name 25 = flag: flag
# span 0 =         -7,      20561       
# span 1 =      1.000,    254.000       
# span 2 =     3.7804,    10.9077       
# span 3 =     3.7864,    10.9079       
# span 4 =    -0.7224,     0.2527       
# span 5 =   0.774426,   1.238681       
# span 6 =   0.776439,   1.238619       
# span 7 =          1,          1       
# span 8 =     0.0204,     7.4034       
# span 9 =     0.0230,     6.8972       
# span 10 =       0.94,      11.45      
# span 11 =     0.0159,     0.0362      
# span 12 = 4.9241e-11, 2.2278e+03      
# span 13 = 1.0000e-12, 1.0000e-12      
# span 14 = 1.9856e+00, 2.0308e+00      
# span 15 =     6.7130,    11.3511      
# span 16 =     6.7130,    11.3504      
# span 17 =    -0.1411,     0.0615      
# span 18 =     4.8443,     8.9029      
# span 19 =     4.8444,     8.9025      
# span 20 =      0.991,    251.478      
# span 21 =      1.014,    256.705      
# span 22 =      0.045,      0.572      
# span 23 =    1431.29,    1459.33      
# span 24 =    1431.34,    1459.34      
# span 25 = 0.0000e+00, 0.0000e+00      
# interval = decibars: 0.5              
# start_time = Oct 07 2018 19:49:47 [NMEA time, first data scan]
# bad_flag = -9.990e-29
*END*
[from data line 112]
       5753     57.000     3.8782     3.9132     0.0350    0.78315    0.78324          1     6.8880     6.5362       9.96     0.0159  4.924e-11  1.000e-12  2.031e+00     7.4520     7.4449    -0.0070     5.9269     5.9205     56.461     57.758      0.295    1431.67    1431.82  0.000e+00
       5801     57.500     3.8615     3.8783     0.0167    0.78348    0.78339          1     6.8602     6.5090       9.96     0.0159  4.924e-11  1.000e-12  2.031e+00     7.4591     7.4544    -0.0047     5.9330     5.9289     56.956     58.264      0.216    1431.61    1431.68  0.000e+00
       5855     58.000     3.8291     3.8616     0.0325    0.78343    0.78380          1     6.8400     6.4727       9.96     0.0159  4.924e-11  1.000e-12  2.031e+00     7.4660     7.4623    -0.0037     5.9392     5.9355     57.451     58.771      0.270    1431.48    1431.62  0.000e+00
       5895     58.500     3.7804     3.8188     0.0384    0.78374    0.78340          1     6.8080     6.4416       8.75     0.0160  4.924e-11  1.000e-12  2.031e+00     7.4803     7.4680    -0.0123     5.9516     5.9410     57.947     59.277      0.294    1431.29    1431.44  0.000e+00
       5942     59.000     3.7839     3.7864     0.0024    0.78692    0.78524          1     6.6846     6.3647       9.96     0.0160  4.924e-11  1.000e-12  2.031e+00     7.5119     7.4941    -0.0178     5.9767     5.9625     58.442     59.783      0.231    1431.35    1431.34  0.000e+00
       5991     59.500     3.9162     3.8327    -0.0834    0.79326    0.78884          1     6.5382     6.2751       9.96     0.0159  4.924e-11  1.000e-12  2.031e+00     7.5462     7.5203    -0.0259     6.0009     5.9823     58.937     60.289      0.260    1432.00    1431.59  0.000e+00
       6039     60.000     4.0394     3.9732    -0.0662    0.79985    0.79568          1     6.3593     6.1831       9.96     0.0159  4.924e-11  1.000e-12  2.031e+00     7.5849     7.5577    -0.0272     6.0287     6.0087     59.432     60.796      0.243    1432.61    1432.28  0.000e+00
       6087     60.500     4.0243     4.0330     0.0088    0.80228    0.80049          1     6.2149     6.0426       9.96     0.0160  4.924e-11  1.000e-12  2.031e+00     7.6132     7.5929    -0.0203     6.0515     6.0352     59.927     61.302      0.261    1432.59    1432.60  0.000e+00
       6132     61.000     3.8863     3.9604     0.0741    0.80337    0.80218          1     6.1001     5.9076       9.96     0.0160  4.924e-11  1.000e-12  2.031e+00     7.6564     7.6270    -0.0295     6.0892     6.0640     60.423     61.808      0.255    1432.03    1432.33  0.000e+00
       6185     61.500     3.8836     3.8890     0.0054    0.80846    0.80569          1     5.9104     5.7671       9.96     0.0161  4.924e-11  1.000e-12  2.031e+00     7.7092     7.6795    -0.0297     6.1313     6.1076     60.918     62.314      0.219    1432.10    1432.08  0.000e+00
       6233     62.000     3.9124     3.9033    -0.0091    0.81651    0.81124          1     5.6396     5.6019       9.96     0.0159  4.924e-11  1.000e-12  2.031e+00     7.7848     7.7330    -0.0518     6.1906     6.1497     61.413     62.820      0.302    1432.33    1432.22  0.000e+00
       6271     62.500     3.8972     3.9047     0.0074    0.82244    0.81766          1     5.3775     5.4187       9.96     0.0159  4.924e-11  1.000e-12  2.031e+00     7.8491     7.7983    -0.0508     6.2422     6.2016     61.908     63.326      0.276    1432.35    1432.32  0.000e+00
       6327     63.000     3.8935     3.8941     0.0006    0.83037    0.82695          1     5.0688     5.0794       9.96     0.0159  4.924e-11  1.000e-12  2.031e+00     7.9314     7.8961    -0.0353     6.3076     6.2795     62.403     63.833      0.209    1432.45    1432.41  0.000e+00
       6376     63.500     3.9052     3.9014    -0.0037    0.83376    0.83201          1     4.9343     4.8453       9.96     0.0159  4.924e-11  1.000e-12  2.031e+00     7.9633     7.9462    -0.0171     6.3326     6.3192     62.898     64.339      0.286    1432.55    1432.51  0.000e+00
       6421     64.000     3.9089     3.9065    -0.0024    0.83614    0.83425          1     4.8765     4.7256       9.96     0.0159  4.924e-11  1.000e-12  2.031e+00     7.9867     7.9678    -0.0188     6.3512     6.3363     63.394     64.845      0.232    1432.61    1432.57  0.000e+00
       6475     64.500     3.9387     3.9228    -0.0159    0.84298    0.83904          1     4.6889     4.6155       9.96     0.0159  4.924e-11  1.000e-12  2.031e+00     8.0495     8.0129    -0.0366     6.4003     6.3717     63.889     65.351      0.251    1432.83    1432.71  0.000e+00
       6519     65.000     3.9649     3.9491    -0.0157    0.84669    0.84407          1     4.5660     4.4628       9.96     0.0159  4.924e-11  1.000e-12  2.031e+00     8.0811     8.0581    -0.0230     6.4248     6.4069     64.384     65.857      0.259    1433.00    1432.89  0.000e+00
       6572     65.500     4.0209     3.9937    -0.0272    0.85178    0.84908          1     4.4363     4.2951       9.96     0.0159  4.924e-11  1.000e-12  2.031e+00     8.1193     8.0985    -0.0208     6.4536     6.4378     64.879     66.363      0.223    1433.30    1433.15  0.000e+00
       6618     66.000     4.1403     4.0758    -0.0646    0.86600    0.85711          1     4.2036     4.1831       9.96     0.0159  4.924e-11  1.000e-12  2.031e+00     8.2349     8.1602    -0.0748     6.5421     6.4845     65.374     66.869      0.277    1434.00    1433.61  0.000e+00
       6669     66.500     4.2401     4.1985    -0.0416    0.88168    0.87474          1     3.7790     3.8973       8.99     0.0159  4.924e-11  1.000e-12  2.031e+00     8.3700     8.3096    -0.0603     6.6462     6.5996     65.870     67.375      0.209    1434.62    1434.36  0.000e+00
       6723     67.000     4.3293     4.2875    -0.0418    0.89537    0.88829          1     3.5682     3.5764       9.99     0.0159  4.924e-11  1.000e-12  2.031e+00     8.4869     8.4253    -0.0616     6.7361     6.6886     66.365     67.881      0.270    1435.18    1434.91  0.000e+00
       6763     67.500     4.3558     4.3373    -0.0185    0.89964    0.89677          1     3.4209     3.4247       9.96     0.0160  4.924e-11  1.000e-12  2.031e+00     8.5235     8.4989    -0.0245     6.7643     6.7454     66.860     68.386      0.284    1435.35    1435.24  0.000e+00
       6810     68.000     4.3771     4.3629    -0.0142    0.90317    0.90058          1     3.3257     3.2788       9.96     0.0159  4.924e-11  1.000e-12  2.031e+00     8.5539     8.5312    -0.0227     6.7876     6.7701     67.355     68.892      0.247    1435.49    1435.40  0.000e+00
       6855     68.500     4.4019     4.3891    -0.0128    0.90743    0.90532          1     3.2030     3.1572       9.96     0.0160  4.924e-11  1.000e-12  2.031e+00     8.5907     8.5725    -0.0182     6.8160     6.8020     67.850     69.398      0.293    1435.66    1435.58  0.000e+00
       6896     69.000     4.4271     4.4024    -0.0247    0.91198    0.90753          1     3.0780     3.0577       8.82     0.0159  4.924e-11  1.000e-12  2.031e+00     8.6304     8.5915    -0.0389     6.8466     6.8166     68.345     69.904      0.279    1435.83    1435.67  0.000e+00
       6944     69.500     4.5230     4.4628    -0.0602    0.92884    0.91775          1     2.6359     2.8953       9.97     0.0159  4.924e-11  1.000e-12  2.031e+00     8.7767     8.6797    -0.0969     6.9591     6.8845     68.841     70.410      0.230    1436.45    1436.06  0.000e+00
       6994     70.000     4.5997     4.5486    -0.0510    0.94169    0.93302          1     2.2066     2.5362       9.96     0.0160  4.924e-11  1.000e-12  2.031e+00     8.8869     8.8123    -0.0746     7.0436     6.9864     69.336     70.915      0.265    1436.94    1436.62  0.000e+00
       7039     70.500     4.7182     4.6216    -0.0964    0.96050    0.94422          1     1.8716     2.2237       9.96     0.0160  4.924e-11  1.000e-12  2.031e+00     9.0456     8.9065    -0.1391     7.1646     7.0583     69.831     71.421      0.248    1437.67    1437.07  0.000e+00
       7089     71.000     4.8424     4.7411    -0.1014    0.97912    0.96314          1     1.4938     1.9201       8.89     0.0160  4.924e-11  1.000e-12  2.031e+00     9.2000     9.0660    -0.1341     7.2817     7.1798     70.326     71.927      0.257    1438.42    1437.81  0.000e+00
       7131     71.500     4.9319     4.8422    -0.0897    0.99550    0.97909          1     1.1749     1.6236       9.96     0.0161  4.924e-11  1.000e-12  2.031e+00     9.3408     9.1997    -0.1411     7.3892     7.2815     70.821     72.432      0.293    1439.00    1438.43  0.000e+00
       7176     72.000     5.0042     4.9303    -0.0739    1.00838    0.99495          1     0.9200     1.3204       9.96     0.0164  4.924e-11  1.000e-12  2.031e+00     9.4506     9.3356    -0.1150     7.4728     7.3852     71.316     72.938      0.245    1439.47    1439.00  0.000e+00
       7227     72.500     5.0304     4.9954    -0.0349    1.01227    1.00645          1     0.8509     1.0354       9.96     0.0161  4.924e-11  1.000e-12  2.031e+00     9.4823     9.4334    -0.0488     7.4966     7.4596     71.812     73.443      0.235    1439.63    1439.42  0.000e+00
       7276     73.000     5.0457     5.0210    -0.0247    1.01448    1.01071          1     0.8398     0.9039       9.96     0.0162  4.924e-11  1.000e-12  2.031e+00     9.5002     9.4691    -0.0311     7.5101     7.4867     72.307     73.949      0.242    1439.73    1439.58  0.000e+00
       7328     73.500     5.0704     5.0424    -0.0281    1.01797    1.01405          1     0.7751     0.8268       9.96     0.0166  4.924e-11  1.000e-12  2.031e+00     9.5283     9.4966    -0.0316     7.5312     7.5075     72.802     74.454      0.244    1439.88    1439.72  0.000e+00
       7372     74.000     5.1268     5.0881    -0.0388    1.02659    1.02027          1     0.6091     0.7488       9.96     0.0161  4.924e-11  1.000e-12  2.031e+00     9.5989     9.5463    -0.0526     7.5843     7.5446     73.297     74.960      0.283    1440.22    1439.99  0.000e+00
       7417     74.500     5.2370     5.1701    -0.0667    1.04514    1.03365          1     0.3365     0.5790       9.96     0.0161  4.924e-11  1.000e-12  2.031e+00     9.7538     9.6575    -0.0964     7.7014     7.6285     73.792     75.465      0.249    1440.91    1440.49  0.000e+00
       7466     75.000     5.3183     5.2576    -0.0607    1.05888    1.04921          1     0.1485     0.3591       9.96     0.0163  1.382e-04  1.000e-12  2.031e+00     9.8682     9.7887    -0.0795     7.7876     7.7278     74.287     75.970      0.269    1441.41    1441.05  0.000e+00
       7508     75.500     5.3357     5.3016    -0.0342    1.06171    1.05655          1     0.1322     0.2321       9.96     0.0166  2.228e+03  1.000e-12  1.986e+00     9.8914     9.8496    -0.0418     7.8050     7.7738     74.783     76.476      0.272    1441.53    1441.33  0.000e+00
       7558     76.000     5.3498     5.3278    -0.0220    1.06388    1.06085          1     0.1489     0.1623       9.96     0.0167  5.604e+01  1.000e-12  2.030e+00     9.9089     9.8850    -0.0239     7.8181     7.8003     75.278     76.981      0.212    1441.62    1441.49  0.000e+00
       7613     76.500     5.3800     5.3512    -0.0288    1.06870    1.06439          1     0.1545     0.1382       9.96     0.0169  4.924e-11  1.000e-12  2.031e+00     9.9484     9.9136    -0.0347     7.8477     7.8217     75.773     77.486      0.253    1441.81    1441.64  0.000e+00
       7657     77.000     5.4374     5.4137    -0.0238    1.07818    1.07397          1     0.1531     0.1295       9.96     0.0170  4.924e-11  1.000e-12  2.031e+00    10.0264     9.9911    -0.0352     7.9062     7.8796     76.268     77.992      0.280    1442.16    1442.01  0.000e+00
       7701     77.500     5.4714     5.4600    -0.0113    1.08439    1.08202          1     0.1483     0.1218       9.96     0.0170  4.924e-11  1.000e-12  2.031e+00    10.0784    10.0580    -0.0203     7.9454     7.9300     76.763     78.497      0.258    1442.38    1442.31  0.000e+00
       7748     78.000     5.4956     5.4929    -0.0027    1.08951    1.08855          1     0.1441     0.1186       9.96     0.0171  4.924e-11  1.000e-12  2.031e+00    10.1224    10.1136    -0.0088     7.9789     7.9721     77.258     79.002      0.261    1442.55    1442.53  0.000e+00
       7794     78.500     5.5338     5.5310    -0.0028    1.09755    1.09600          1     0.1393     0.1117       9.96     0.0171  4.924e-11  1.000e-12  2.031e+00    10.1913    10.1767    -0.0146     8.0311     8.0197     77.754     79.507      0.260    1442.81    1442.78  0.000e+00
       7841     79.000     5.5939     5.5712    -0.0227    1.10881    1.10513          1     0.1350     0.1080       9.96     0.0171  4.924e-11  1.000e-12  2.031e+00    10.2858    10.2559    -0.0300     8.1023     8.0800     78.249     80.013      0.243    1443.20    1443.06  0.000e+00
       7892     79.500     5.6273     5.6162    -0.0112    1.11351    1.11156          1     0.1287     0.1014       9.96     0.0171  4.924e-11  1.000e-12  2.031e+00    10.3225    10.3065    -0.0160     8.1293     8.1173     78.744     80.518      0.226    1443.39    1443.33  0.000e+00
       7945     80.000     5.6545     5.6494    -0.0050    1.11840    1.11752          1     0.1230     0.1001       9.96     0.0171  4.924e-11  1.000e-12  2.031e+00    10.3631    10.3558    -0.0073     8.1598     8.1543     79.239     81.023      0.252    1443.57    1443.54  0.000e+00
       7989     80.500     5.6721     5.6714    -0.0007    1.12174    1.12135          1     0.1229     0.0946       9.96     0.0171  4.924e-11  1.000e-12  2.031e+00    10.3909    10.3873    -0.0037     8.1807     8.1779     79.734     81.528      0.275    1443.69    1443.68  0.000e+00
       8036     81.000     5.6939     5.6915    -0.0024    1.12554    1.12478          1     0.1158     0.0943       9.96     0.0171  4.924e-11  1.000e-12  2.031e+00    10.4222    10.4153    -0.0069     8.2041     8.1988     80.229     82.033      0.239    1443.83    1443.81  0.000e+00
       8084     81.500     5.7064     5.7064     0.0000    1.12768    1.12746          1     0.1155     0.0916       9.96     0.0171  4.924e-11  1.000e-12  2.031e+00    10.4396    10.4374    -0.0022     8.2171     8.2154     80.724     82.538      0.280    1443.91    1443.91  0.000e+00
       8128     82.000     5.7144     5.7103    -0.0041    1.12912    1.12853          1     0.1121     0.0905       9.96     0.0168  4.924e-11  1.000e-12  2.031e+00    10.4514    10.4467    -0.0046     8.2259     8.2225     81.220     83.043      0.241    1443.97    1443.95  0.000e+00
       8184     82.500     5.7264     5.7214    -0.0050    1.13133    1.13035          1     0.1065     0.0864       9.96     0.0169  4.924e-11  1.000e-12  2.031e+00    10.4697    10.4615    -0.0082     8.2396     8.2334     81.715     83.549      0.223    1444.05    1444.02  0.000e+00
       8228     83.000     5.7419     5.7390    -0.0029    1.13471    1.13404          1     0.1066     0.0849       9.96     0.0170  4.924e-11  1.000e-12  2.031e+00    10.4986    10.4928    -0.0058     8.2615     8.2571     82.210     84.054      0.284    1444.16    1444.14  0.000e+00
       8278     83.500     5.7551     5.7501    -0.0050    1.13724    1.13634          1     0.1045     0.0854       9.96     0.0171  4.924e-11  1.000e-12  2.031e+00    10.5197    10.5123    -0.0074     8.2773     8.2718     82.705     84.559      0.220    1444.25    1444.22  0.000e+00
       8330     84.000     5.7636     5.7626    -0.0010    1.13894    1.13860          1     0.0994     0.0810       9.96     0.0170  4.924e-11  1.000e-12  2.031e+00    10.5339    10.5308    -0.0031     8.2881     8.2857     83.200     85.064      0.258    1444.32    1444.31  0.000e+00
