ctdpy/exports/archive_20191120_135557/received_data/SBE09_0827_20180304_0547_26_01_0355.cnv
* Sea-Bird SBE 9 Data File:
* FileName = D:\CTD_SBE911\DAT\26DA.2018.3.55.hex
* Software Version Seasave V 7.21d
* Temperature SN = 034757
* Conductivity SN = 041844
* Number of Bytes Per Scan = 48
* Number of Voltage Words = 5
* Number of Scans Averaged by the Deck Unit = 1
* NMEA Latitude = 55 41.27 N
* NMEA Longitude = 014 53.09 E
* NMEA UTC (Time) = Mar 04 2018  05:48:13
* NMEA baud rate = 4800
** Ship: DANA
** Average sound velocity: 1424.20 m/s
** True-depth calculation Tue, 02 Apr 2019 12:10:09 +0000
** CTD Python Module SMHI /ver 3-12/ feb 2012 
** LIMS Job: 20182601-0355
** Operator:
** Cruise: 02/2018
# nquan = 26
# nvalues = 109                         
# units = specified
# name 0 = scan: Scan Count
# name 1 = prDM: Pressure, Digiquartz [db]
# name 2 = t090C: Temperature [ITS-90, deg C]
# name 3 = t190C: Temperature, 2 [ITS-90, deg C]
# name 4 = T2-T190C: Temperature Difference, 2 - 1 [ITS-90, deg C]
# name 5 = c0S/m: Conductivity [S/m]
# name 6 = c1S/m: Conductivity, 2 [S/m]
# name 7 = pumps: Pump Status
# name 8 = sbeox1ML/L: Oxygen, SBE 43, 2 [ml/l]
# name 9 = sbeox0ML/L: Oxygen, SBE 43 [ml/l]
# name 10 = altM: Altimeter [m]
# name 11 = chloroflTC0: Chlorophyll, Turner Cyclops [ug/l]
# name 12 = cpar: CPAR/Corrected Irradiance [%]
# name 13 = par: PAR/Irradiance, Biospherical/Lico [µE/(cm^2*s)]
# name 14 = spar: SPAR, Biospherical/Licor
# name 15 = sal00: Salinity, Practical [PSU]
# name 16 = sal11: Salinity, Practical, 2 [PSU]
# name 17 = secS-priS: Salinity, Practical, Difference, 2 - 1 [PSU]
# name 18 = sigma-t00: Density [sigma-t, kg/m^3 ]
# name 19 = sigma-t11: Density, 2 [sigma-t, kg/m^3 ]
# name 20 = depSM: Depth [salt water, m], lat = 55.6878
# name 21 = depFM: Depth [true depth, m], lat = 55.6878
# name 22 = dz/dtM: Descent Rate [m/s], WS = 2
# name 23 = svCM: Sound Velocity [Chen-Millero, m/s]
# name 24 = svCM1: Sound Velocity, 2 [Chen-Millero, m/s]
# name 25 = flag: flag
# span 0 =        165,       5599       
# span 1 =      1.000,     55.000       
# span 2 =     2.2316,     2.4560       
# span 3 =     2.2350,     2.4571       
# span 4 =    -0.0350,     0.0122       
# span 5 =   0.734224,   0.745339       
# span 6 =   0.733499,   0.744624       
# span 7 =          1,          1       
# span 8 =     8.7415,     8.8000       
# span 9 =     8.6487,     8.7286       
# span 10 =       1.52,       9.97      
# span 11 =     0.0159,     0.0525      
# span 12 = -1.220e-03, 2.4903e+00      
# span 13 = -7.434e-05, 1.5172e-01      
# span 14 = 6.0925e+00, 6.0925e+00      
# span 15 =     7.3262,     7.3862      
# span 16 =     7.3178,     7.3783      
# span 17 =    -0.0220,    -0.0067      
# span 18 =     5.8430,     5.8913      
# span 19 =     5.8364,     5.8850      
# span 20 =      0.991,     54.494      
# span 21 =      1.013,     55.692      
# span 22 =     -0.040,      0.302      
# span 23 =    1423.05,    1425.00      
# span 24 =    1423.07,    1424.99      
# span 25 = 0.0000e+00, 0.0000e+00      
# interval = decibars: 0.5              
# start_time = Mar 04 2018 05:48:14 [NMEA time, first data scan]
# bad_flag = -9.990e-29
*END*
[from data line 56]
       2903     29.000     2.4092     2.4031    -0.0061    0.74305    0.74190          1     8.7798     8.6778       9.97     0.0391  1.641e-11  1.000e-12  6.093e+00     7.3758     7.3649    -0.0108     5.8830     5.8743     28.735     29.366      0.224    1424.38    1424.34  0.000e+00
       2954     29.500     2.4102     2.4064    -0.0037    0.74310    0.74208          1     8.7663     8.6781       9.97     0.0395  1.641e-11  1.000e-12  6.093e+00     7.3760     7.3660    -0.0100     5.8831     5.8752     29.230     29.872      0.265    1424.39    1424.36  0.000e+00
       2998     30.000     2.4100     2.4083    -0.0017    0.74309    0.74220          1     8.7639     8.6809       9.97     0.0399  1.641e-11  1.000e-12  6.093e+00     7.3759     7.3667    -0.0092     5.8831     5.8758     29.726     30.378      0.256    1424.40    1424.38  0.000e+00
       3047     30.500     2.4127     2.4093    -0.0034    0.74316    0.74225          1     8.7583     8.6839       9.97     0.0371  1.641e-11  1.000e-12  6.093e+00     7.3760     7.3670    -0.0090     5.8831     5.8760     30.221     30.884      0.252    1424.42    1424.39  0.000e+00
       3091     31.000     2.4153     2.4123    -0.0030    0.74327    0.74237          1     8.7524     8.6771       9.97     0.0382  1.641e-11  1.000e-12  6.093e+00     7.3764     7.3675    -0.0089     5.8835     5.8764     30.716     31.391      0.279    1424.44    1424.41  0.000e+00
       3137     31.500     2.4185     2.4137    -0.0048    0.74339    0.74244          1     8.7653     8.6675       9.97     0.0366  1.641e-11  1.000e-12  6.093e+00     7.3769     7.3679    -0.0090     5.8839     5.8767     31.212     31.897      0.243    1424.46    1424.43  0.000e+00
       3188     32.000     2.4194     2.4162    -0.0032    0.74343    0.74253          1     8.7713     8.6690       9.97     0.0366  1.641e-11  1.000e-12  6.093e+00     7.3770     7.3681    -0.0089     5.8840     5.8769     31.707     32.403      0.246    1424.48    1424.45  0.000e+00
       3235     32.500     2.4184     2.4165    -0.0018    0.74340    0.74257          1     8.7737     8.6646       9.97     0.0382  1.641e-11  1.000e-12  6.093e+00     7.3769     7.3685    -0.0085     5.8839     5.8771     32.203     32.910      0.249    1424.48    1424.46  0.000e+00
       3285     33.000     2.4182     2.4179    -0.0003    0.74342    0.74261          1     8.7646     8.6747       9.97     0.0363  1.641e-11  1.000e-12  6.093e+00     7.3770     7.3685    -0.0085     5.8840     5.8772     32.698     33.416      0.239    1424.49    1424.47  0.000e+00
       3333     33.500     2.4163     2.4178     0.0016    0.74333    0.74263          1     8.7493     8.6918       9.97     0.0368  1.641e-11  1.000e-12  6.093e+00     7.3765     7.3687    -0.0079     5.8836     5.8773     33.193     33.922      0.267    1424.48    1424.48  0.000e+00
       3375     34.000     2.4214     2.4197    -0.0017    0.74354    0.74269          1     8.7615     8.6958       9.97     0.0357  1.641e-11  1.000e-12  6.093e+00     7.3775     7.3688    -0.0087     5.8844     5.8774     33.689     34.428      0.292    1424.52    1424.50  0.000e+00
       3419     34.500     2.4265     2.4218    -0.0047    0.74377    0.74278          1     8.7674     8.6799       9.97     0.0363  1.641e-11  1.000e-12  6.093e+00     7.3787     7.3692    -0.0095     5.8853     5.8777     34.184     34.935      0.249    1424.55    1424.52  0.000e+00
       3469     35.000     2.4310     2.4262    -0.0048    0.74399    0.74297          1     8.7553     8.6769       9.97     0.0353  1.641e-11  1.000e-12  6.093e+00     7.3798     7.3701    -0.0097     5.8862     5.8785     34.679     35.441      0.255    1424.58    1424.54  0.000e+00
       3513     35.500     2.4315     2.4302    -0.0014    0.74402    0.74317          1     8.7462     8.6648       9.97     0.0345  1.641e-11  1.000e-12  6.093e+00     7.3800     7.3712    -0.0088     5.8864     5.8794     35.175     35.947      0.257    1424.59    1424.57  0.000e+00
       3566     36.000     2.4311     2.4315     0.0004    0.74401    0.74323          1     8.7546     8.6703       9.97     0.0349  1.641e-11  1.000e-12  6.093e+00     7.3799     7.3715    -0.0085     5.8863     5.8796     35.670     36.454      0.223    1424.60    1424.59  0.000e+00
       3613     36.500     2.4332     2.4337     0.0005    0.74408    0.74333          1     8.7598     8.6845       9.97     0.0351  1.641e-11  1.000e-12  6.093e+00     7.3801     7.3720    -0.0081     5.8864     5.8800     36.166     36.960      0.288    1424.61    1424.61  0.000e+00
       3656     37.000     2.4344     2.4338    -0.0006    0.74412    0.74335          1     8.7600     8.6780       9.97     0.0350  1.641e-11  1.000e-12  6.093e+00     7.3802     7.3721    -0.0081     5.8865     5.8800     36.661     37.466      0.262    1424.63    1424.61  0.000e+00
       3702     37.500     2.4342     2.4350     0.0008    0.74411    0.74338          1     8.7575     8.6661       9.97     0.0356  1.641e-11  1.000e-12  6.093e+00     7.3801     7.3721    -0.0080     5.8865     5.8801     37.156     37.972      0.273    1424.63    1424.63  0.000e+00
       3744     38.000     2.4352     2.4352     0.0001    0.74417    0.74340          1     8.7581     8.6700       9.97     0.0364  1.641e-11  1.000e-12  6.093e+00     7.3804     7.3722    -0.0082     5.8866     5.8801     37.652     38.479      0.288    1424.65    1424.64  0.000e+00
       3790     38.500     2.4389     2.4361    -0.0029    0.74433    0.74343          1     8.7615     8.6711       9.97     0.0349  1.641e-11  1.000e-12  6.093e+00     7.3811     7.3722    -0.0089     5.8873     5.8801     38.147     38.985      0.230    1424.67    1424.65  0.000e+00
       3842     39.000     2.4369     2.4388     0.0019    0.74424    0.74355          1     8.7591     8.6799       9.97     0.0336  1.641e-11  1.000e-12  6.093e+00     7.3806     7.3728    -0.0078     5.8868     5.8806     38.643     39.491      0.252    1424.67    1424.67  0.000e+00
       3888     39.500     2.4391     2.4392     0.0001    0.74434    0.74359          1     8.7610     8.6783       9.97     0.0327  1.641e-11  1.000e-12  6.093e+00     7.3811     7.3731    -0.0080     5.8872     5.8808     39.138     39.998      0.253    1424.69    1424.68  0.000e+00
       3938     40.000     2.4431     2.4407    -0.0025    0.74453    0.74364          1     8.7679     8.6572       9.97     0.0314  1.641e-11  1.000e-12  6.093e+00     7.3821     7.3732    -0.0089     5.8881     5.8809     39.633     40.504      0.240    1424.72    1424.70  0.000e+00
       3983     40.500     2.4434     2.4427    -0.0008    0.74456    0.74374          1     8.7529     8.6487       9.97     0.0313  1.641e-11  1.000e-12  6.093e+00     7.3823     7.3737    -0.0085     5.8882     5.8814     40.129     41.010      0.297    1424.73    1424.71  0.000e+00
       4024     41.000     2.4437     2.4434    -0.0003    0.74458    0.74379          1     8.7532     8.6615       9.97     0.0291  1.641e-11  1.000e-12  6.093e+00     7.3824     7.3740    -0.0084     5.8883     5.8815     40.624     41.516      0.275    1424.74    1424.72  0.000e+00
       4072     41.500     2.4438     2.4452     0.0014    0.74460    0.74384          1     8.7662     8.6673       9.97     0.0282  1.641e-11  1.000e-12  6.093e+00     7.3824     7.3741    -0.0084     5.8883     5.8816     41.119     42.023      0.245    1424.75    1424.74  0.000e+00
       4117     42.000     2.4435     2.4453     0.0018    0.74459    0.74387          1     8.7652     8.6603       9.97     0.0269  1.641e-11  1.000e-12  6.093e+00     7.3823     7.3743    -0.0080     5.8882     5.8818     41.615     42.529      0.277    1424.75    1424.75  0.000e+00
       4162     42.500     2.4439     2.4458     0.0019    0.74462    0.74389          1     8.7576     8.6713       9.97     0.0270  1.641e-11  1.000e-12  6.093e+00     7.3825     7.3743    -0.0081     5.8884     5.8818     42.110     43.035      0.241    1424.76    1424.76  0.000e+00
       4216     43.000     2.4436     2.4456     0.0020    0.74459    0.74391          1     8.7598     8.6767       9.97     0.0255  1.641e-11  1.000e-12  6.093e+00     7.3822     7.3745    -0.0077     5.8881     5.8820     42.605     43.542      0.240    1424.77    1424.77  0.000e+00
       4259     43.500     2.4440     2.4447     0.0008    0.74463    0.74389          1     8.7550     8.6725       9.97     0.0265  1.641e-11  1.000e-12  6.093e+00     7.3825     7.3745    -0.0081     5.8884     5.8819     43.101     44.048      0.298    1424.78    1424.77  0.000e+00
       4302     44.000     2.4455     2.4449    -0.0006    0.74475    0.74392          1     8.7548     8.6630       9.97     0.0282  1.641e-11  1.000e-12  6.093e+00     7.3833     7.3747    -0.0086     5.8890     5.8821     43.596     44.554      0.260    1424.79    1424.78  0.000e+00
       4347     44.500     2.4464     2.4458    -0.0006    0.74484    0.74399          1     8.7451     8.6642       9.97     0.0256  1.641e-11  1.000e-12  6.093e+00     7.3840     7.3751    -0.0089     5.8896     5.8825     44.092     45.060      0.287    1424.81    1424.79  0.000e+00
       4387     45.000     2.4467     2.4478     0.0011    0.74486    0.74411          1     8.7538     8.6688       9.97     0.0241  1.641e-11  1.000e-12  6.093e+00     7.3840     7.3759    -0.0081     5.8896     5.8830     44.587     45.567      0.287    1424.82    1424.81  0.000e+00
       4435     45.500     2.4453     2.4471     0.0018    0.74476    0.74409          1     8.7613     8.6756       9.97     0.0242  1.641e-11  1.000e-12  6.093e+00     7.3833     7.3757    -0.0076     5.8890     5.8829     45.082     46.073      0.230    1424.82    1424.81  0.000e+00
       4484     46.000     2.4451     2.4463     0.0012    0.74476    0.74406          1     8.7479     8.6731       9.97     0.0235  1.641e-11  1.000e-12  6.093e+00     7.3833     7.3755    -0.0078     5.8890     5.8828     45.578     46.579      0.273    1424.82    1424.82  0.000e+00
       4529     46.500     2.4454     2.4466     0.0012    0.74480    0.74409          1     8.7492     8.6633       9.83     0.0241  1.641e-11  1.000e-12  6.093e+00     7.3835     7.3757    -0.0078     5.8892     5.8829     46.073     47.086      0.250    1424.83    1424.83  0.000e+00
       4579     47.000     2.4460     2.4462     0.0003    0.74484    0.74409          1     8.7490     8.6676       9.35     0.0231  1.641e-11  1.000e-12  6.093e+00     7.3837     7.3757    -0.0080     5.8893     5.8829     46.568     47.592      0.253    1424.84    1424.83  0.000e+00
       4621     47.500     2.4462     2.4471     0.0009    0.74488    0.74416          1     8.7544     8.6754       8.82     0.0250  1.641e-11  1.000e-12  6.093e+00     7.3840     7.3761    -0.0079     5.8896     5.8832     47.064     48.098      0.302    1424.85    1424.85  0.000e+00
       4663     48.000     2.4460     2.4474     0.0014    0.74488    0.74420          1     8.7557     8.6690       8.29     0.0231  1.641e-11  1.000e-12  6.093e+00     7.3840     7.3765    -0.0075     5.8895     5.8835     47.559     48.604      0.266    1424.86    1424.86  0.000e+00
       4711     48.500     2.4458     2.4478     0.0020    0.74484    0.74421          1     8.7461     8.6642       7.77     0.0227  1.641e-11  1.000e-12  6.093e+00     7.3836     7.3764    -0.0073     5.8893     5.8835     48.054     49.111      0.243    1424.86    1424.87  0.000e+00
       4760     49.000     2.4478     2.4486     0.0007    0.74496    0.74424          1     8.7498     8.6713       7.24     0.0221  1.641e-11  1.000e-12  6.093e+00     7.3844     7.3765    -0.0079     5.8899     5.8835     48.550     49.617      0.259    1424.89    1424.88  0.000e+00
       4805     49.500     2.4515     2.4505    -0.0010    0.74511    0.74431          1     8.7530     8.6700       6.72     0.0268  1.641e-11  1.000e-12  6.093e+00     7.3850     7.3767    -0.0083     5.8904     5.8838     49.045     50.123      0.253    1424.91    1424.89  0.000e+00
       4857     50.000     2.4522     2.4521    -0.0001    0.74516    0.74439          1     8.7523     8.6596       6.20     0.0224  1.641e-11  1.000e-12  6.093e+00     7.3852     7.3771    -0.0081     5.8905     5.8841     49.540     50.630      0.229    1424.92    1424.91  0.000e+00
       4902     50.500     2.4542     2.4547     0.0005    0.74526    0.74450          1     8.7502     8.6573       5.68     0.0244  1.641e-11  1.000e-12  6.093e+00     7.3858     7.3776    -0.0082     5.8910     5.8845     50.036     51.136      0.301    1424.94    1424.93  0.000e+00
       4945     51.000     2.4560     2.4571     0.0011    0.74534    0.74462          1     8.7482     8.6675       5.14     0.0233  1.641e-11  1.000e-12  6.093e+00     7.3862     7.3783    -0.0079     5.8913     5.8850     50.531     51.642      0.250    1424.96    1424.95  0.000e+00
       4996     51.500     2.4531     2.4565     0.0033    0.74516    0.74461          1     8.7480     8.6674       4.62     0.0223  1.641e-11  1.000e-12  6.093e+00     7.3849     7.3782    -0.0067     5.8903     5.8849     51.026     52.148      0.253    1424.95    1424.96  0.000e+00
       5039     52.000     2.4503     2.4538     0.0035    0.74505    0.74447          1     8.7445     8.6696       4.10     0.0244  1.641e-11  1.000e-12  6.093e+00     7.3843     7.3773    -0.0070     5.8898     5.8842     51.522     52.655      0.272    1424.94    1424.95  0.000e+00
       5089     52.500     2.4493     2.4532     0.0040    0.74505    0.74445          1     8.7538     8.6647       3.57     0.0226  1.641e-11  1.000e-12  6.093e+00     7.3844     7.3772    -0.0072     5.8899     5.8841     52.017     53.161      0.222    1424.95    1424.96  0.000e+00
       5140     53.000     2.4520     2.4526     0.0006    0.74514    0.74441          1     8.7584     8.6615       3.07     0.0216  1.641e-11  1.000e-12  6.093e+00     7.3847     7.3768    -0.0078     5.8901     5.8838     52.512     53.667      0.257    1424.97    1424.96  0.000e+00
       5186     53.500     2.4525     2.4539     0.0015    0.74516    0.74448          1     8.7491     8.6643       2.55     0.0312  1.641e-11  1.000e-12  6.093e+00     7.3847     7.3771    -0.0076     5.8901     5.8841     53.008     54.174      0.260    1424.98    1424.97  0.000e+00
       5231     54.000     2.4503     2.4524     0.0021    0.74508    0.74443          1     8.7415     8.6679       2.04     0.0283  1.641e-11  1.000e-12  6.093e+00     7.3843     7.3769    -0.0074     5.8898     5.8838     53.503     54.680      0.268    1424.97    1424.97  0.000e+00
       5279     54.500     2.4494     2.4511     0.0016    0.74507    0.74439          1     8.7468     8.6663       1.52     0.0291  1.641e-11  1.000e-12  6.093e+00     7.3843     7.3768    -0.0076     5.8898     5.8838     53.998     55.186      0.244    1424.98    1424.98  0.000e+00
       5599     55.000     2.4517     2.4518     0.0000    0.74513    0.74440          1     8.7434     8.6540       1.76     0.0261  1.641e-11  1.000e-12  6.093e+00     7.3843     7.3766    -0.0077     5.8898     5.8837     54.494     55.692     -0.040    1425.00    1424.99  0.000e+00
