ctdpy/exports/archive_20191120_135557/received_data/SBE09_0827_20180825_1228_26_01_0895.cnv
* Sea-Bird SBE 9 Data File:
* FileName = D:\CTD_SBE911\DAT\26DA.2018.8.95.hex
* Software Version Seasave V 7.21d
* Temperature SN = 034605
* Conductivity SN = 041844
* Number of Bytes Per Scan = 48
* Number of Voltage Words = 5
* Number of Scans Averaged by the Deck Unit = 1
* NMEA Latitude = 58 20.12 N
* NMEA Longitude = 011 01.40 E
* NMEA UTC (Time) = Aug 25 2018  12:31:13
* NMEA baud rate = 4800
** Ship: DANA
** Average sound velocity: 1499.67 m/s
** True-depth calculation Thu, 28 Mar 2019 09:27:40 +0000
** CTD Python Module SMHI /ver 3-12/ feb 2012 
** LIMS Job: 20182601-0895
**  A13
** Operator: Christian A-KTh
** Cruise: 08/2018
# nquan = 26
# nvalues = 182                         
# units = specified
# name 0 = scan: Scan Count
# name 1 = prDM: Pressure, Digiquartz [db]
# name 2 = t090C: Temperature [ITS-90, deg C]
# name 3 = t190C: Temperature, 2 [ITS-90, deg C]
# name 4 = T2-T190C: Temperature Difference, 2 - 1 [ITS-90, deg C]
# name 5 = c0S/m: Conductivity [S/m]
# name 6 = c1S/m: Conductivity, 2 [S/m]
# name 7 = pumps: Pump Status
# name 8 = sbeox1ML/L: Oxygen, SBE 43, 2 [ml/l]
# name 9 = sbeox0ML/L: Oxygen, SBE 43 [ml/l]
# name 10 = altM: Altimeter [m]
# name 11 = chloroflTC0: Chlorophyll, Turner Cyclops [ug/l]
# name 12 = cpar: CPAR/Corrected Irradiance [%]
# name 13 = par: PAR/Irradiance, Biospherical/Lico [µE/(cm^2*s)]
# name 14 = spar: SPAR, Biospherical/Licor
# name 15 = sal00: Salinity, Practical [PSU]
# name 16 = sal11: Salinity, Practical, 2 [PSU]
# name 17 = secS-priS: Salinity, Practical, Difference, 2 - 1 [PSU]
# name 18 = sigma-t00: Density [sigma-t, kg/m^3 ]
# name 19 = sigma-t11: Density, 2 [sigma-t, kg/m^3 ]
# name 20 = depSM: Depth [salt water, m], lat = 58.3353
# name 21 = depFM: Depth [true depth, m], lat = 58.3353
# name 22 = dz/dtM: Descent Rate [m/s], WS = 2
# name 23 = svCM: Sound Velocity [Chen-Millero, m/s]
# name 24 = svCM1: Sound Velocity, 2 [Chen-Millero, m/s]
# name 25 = flag: flag
# span 0 =         15,       9113       
# span 1 =      1.500,     92.000       
# span 2 =     8.6769,    17.4742       
# span 3 =     8.6893,    17.4726       
# span 4 =    -0.0888,     0.4984       
# span 5 =   3.673061,   4.271961       
# span 6 =   3.675104,   4.272340       
# span 7 =          1,          1       
# span 8 =     5.1845,     5.9546       
# span 9 =     4.9217,     5.9143       
# span 10 =       1.97,       9.98      
# span 11 =     0.0367,     0.2971      
# span 12 = 5.6290e-14, 1.1390e+01      
# span 13 = 1.0000e-12, 1.6299e+02      
# span 14 = 8.0476e+02, 1.7767e+03      
# span 15 =    31.5539,    34.8362      
# span 16 =    31.5554,    34.8516      
# span 17 =    -0.2642,     0.0515      
# span 18 =    22.8048,    27.0413      
# span 19 =    22.8065,    27.0487      
# span 20 =      1.486,     91.125      
# span 21 =      1.494,     91.400      
# span 22 =      0.049,      0.461      
# span 23 =    1486.32,    1511.88      
# span 24 =    1486.37,    1511.88      
# span 25 = 0.0000e+00, 0.0000e+00      
# interval = decibars: 0.5              
# start_time = Aug 25 2018 12:31:13 [NMEA time, first data scan]
# bad_flag = -9.990e-29
*END*
[from data line 112]
       5585     57.500    11.1839    11.1898     0.0059    3.83894    3.84006          1     5.3308     5.2306       9.97     0.0525  8.362e-14  1.000e-12  1.196e+03    34.1528    34.1584     0.0056    26.0825    26.0858     56.958     57.170      0.345    1493.94    1493.97  0.000e+00
       5621     58.000    11.1853    11.1901     0.0048    3.83917    3.84008          1     5.3280     5.2408       9.97     0.0538  8.373e-14  1.000e-12  1.194e+03    34.1535    34.1581     0.0046    26.0829    26.0855     57.453     57.666      0.275    1493.95    1493.98  0.000e+00
       5678     58.500    11.1867    11.1888     0.0021    3.83939    3.84001          1     5.3170     5.2530       9.97     0.0541  8.406e-14  1.000e-12  1.190e+03    34.1542    34.1584     0.0042    26.0831    26.0860     57.948     58.163      0.207    1493.97    1493.98  0.000e+00
       5735     59.000    11.2022    11.1901    -0.0120    3.84119    3.84012          1     5.3051     5.2588       9.97     0.0556  8.429e-14  1.000e-12  1.186e+03    34.1574    34.1580     0.0006    26.0828    26.0855     58.443     58.659      0.225    1494.04    1493.99  0.000e+00
       5778     59.500    11.1975    11.1973    -0.0003    3.84070    3.84083          1     5.3196     5.2522       9.97     0.0552  8.478e-14  1.000e-12  1.180e+03    34.1567    34.1583     0.0016    26.0831    26.0844     58.938     59.155      0.359    1494.03    1494.03  0.000e+00
       5812     60.000    11.1961    11.1997     0.0034    3.84066    3.84126          1     5.3218     5.2598       9.97     0.0542  8.516e-14  1.000e-12  1.174e+03    34.1574    34.1600     0.0026    26.0839    26.0853     59.434     59.652      0.273    1494.03    1494.05  0.000e+00
       5881     60.500    11.1981    11.1978    -0.0003    3.84081    3.84112          1     5.3374     5.2510       9.97     0.0553  8.605e-14  1.000e-12  1.162e+03    34.1568    34.1602     0.0033    26.0831    26.0858     59.929     60.148      0.236    1494.05    1494.05  0.000e+00
       5925     61.000    11.1958    11.1978     0.0021    3.84050    3.84108          1     5.3236     5.2438       9.97     0.0526  8.630e-14  1.000e-12  1.159e+03    34.1556    34.1595     0.0039    26.0826    26.0852     60.424     60.644      0.320    1494.04    1494.05  0.000e+00
       5963     61.500    11.1854    11.1988     0.0133    3.83930    3.84122          1     5.3199     5.2474       9.97     0.0534  8.639e-14  1.000e-12  1.158e+03    34.1531    34.1598     0.0066    26.0825    26.0853     60.919     61.141      0.301    1494.01    1494.07  0.000e+00
       6002     62.000    11.2078    11.1974    -0.0104    3.84204    3.84109          1     5.3251     5.2599       9.97     0.0547  8.660e-14  1.000e-12  1.155e+03    34.1594    34.1596     0.0002    26.0833    26.0854     61.415     61.637      0.281    1494.11    1494.07  0.000e+00
       6087     62.500    11.2353    11.2233    -0.0121    3.84603    3.84413          1     5.3488     5.2832       9.97     0.0567  8.655e-14  1.000e-12  1.155e+03    34.1732    34.1655    -0.0077    26.0890    26.0853     61.910     62.133      0.290    1494.23    1494.18  0.000e+00
       6122     63.000    11.2432    11.2337    -0.0094    3.84651    3.84595          1     5.3500     5.2870       9.97     0.0557  8.638e-14  1.000e-12  1.158e+03    34.1703    34.1735     0.0032    26.0854    26.0896     62.405     62.630      0.454    1494.26    1494.23  0.000e+00
       6151     63.500    11.2449    11.2362    -0.0087    3.84729    3.84602          1     5.3447     5.2916       9.97     0.0576  8.647e-14  1.000e-12  1.156e+03    34.1762    34.1717    -0.0045    26.0897    26.0878     62.900     63.126      0.311    1494.28    1494.25  0.000e+00
       6218     64.000    11.2585    11.2464    -0.0121    3.85037    3.84759          1     5.3426     5.3163       9.97     0.0537  8.655e-14  1.000e-12  1.155e+03    34.1940    34.1776    -0.0163    26.1010    26.0905     63.395     63.622      0.242    1494.36    1494.30  0.000e+00
       6260     64.500    11.2626    11.2552    -0.0075    3.85153    3.84942          1     5.3541     5.3236       9.97     0.0551  8.639e-14  1.000e-12  1.158e+03    34.2014    34.1873    -0.0140    26.1060    26.0965     63.891     64.119      0.312    1494.39    1494.35  0.000e+00
       6308     65.000    11.2643    11.2596    -0.0047    3.85254    3.85041          1     5.3807     5.3316       9.97     0.0517  8.639e-14  1.000e-12  1.158e+03    34.2096    34.1928    -0.0168    26.1121    26.0999     64.386     64.615      0.213    1494.41    1494.38  0.000e+00
       6362     65.500    11.2614    11.2636     0.0023    3.85292    3.85182          1     5.3911     5.3306       9.97     0.0513  8.629e-14  1.000e-12  1.159e+03    34.2159    34.2028    -0.0130    26.1175    26.1070     64.881     65.111      0.295    1494.42    1494.41  0.000e+00
       6407     66.000    11.1994    11.2567     0.0574    3.85611    3.85301          1     5.4060     5.4355       9.97     0.0534  8.604e-14  1.000e-12  1.162e+03    34.3050    34.2209    -0.0841    26.1982    26.1223     65.376     65.607      0.234    1494.32    1494.42  0.000e+00
       6483     66.500    11.0032    11.1500     0.1471    3.85562    3.85636          1     5.4617     5.5510       9.97     0.0535  8.534e-14  1.000e-12  1.172e+03    34.4835    34.3533    -0.1302    26.3727    26.2448     65.871     66.104      0.343    1493.86    1494.21  0.000e+00
       6509     67.000    10.7028    11.1071     0.4037    3.84542    3.85712          1     5.5242     5.6860       9.97     0.0494  8.488e-14  1.000e-12  1.178e+03    34.6648    34.4007    -0.2642    26.5677    26.2894     66.366     66.600      0.387    1493.03    1494.13  0.000e+00
       6574     67.500    10.6553    10.8492     0.1942    3.84346    3.85157          1     5.6326     5.7133       9.97     0.0452  8.357e-14  1.000e-12  1.197e+03    34.6900    34.5878    -0.1022    26.5958    26.4816     66.862     67.096      0.253    1492.90    1493.46  0.000e+00
       6621     68.000    10.6489    10.6989     0.0501    3.84312    3.84741          1     5.7003     5.7023       9.97     0.0441  8.244e-14  1.000e-12  1.213e+03    34.6924    34.6880    -0.0044    26.5988    26.5865     67.357     67.592      0.371    1492.89    1493.06  0.000e+00
       6660     68.500    10.6498    10.6844     0.0345    3.84326    3.84694          1     5.7382     5.6921       9.97     0.0452  8.154e-14  1.000e-12  1.226e+03    34.6927    34.6969     0.0042    26.5989    26.5960     67.852     68.088      0.243    1492.90    1493.03  0.000e+00
       6735     69.000    10.6476    10.6567     0.0091    3.84320    3.84507          1     5.7546     5.6808       9.97     0.0482  7.968e-14  1.000e-12  1.255e+03    34.6940    34.7041     0.0102    26.6003    26.6066     68.347     68.584      0.220    1492.90    1492.95  0.000e+00
       6789     69.500    10.6492    10.6526     0.0034    3.84342    3.84467          1     5.7396     5.6946       9.97     0.0473  7.854e-14  1.000e-12  1.273e+03    34.6945    34.7038     0.0093    26.6004    26.6071     68.842     69.080      0.235    1492.92    1492.94  0.000e+00
       6833     70.000    10.6486    10.6525     0.0039    3.84342    3.84455          1     5.7350     5.6887       9.97     0.0477  7.756e-14  1.000e-12  1.289e+03    34.6948    34.7025     0.0077    26.6008    26.6061     69.338     69.576      0.273    1492.92    1492.95  0.000e+00
       6880     70.500    10.6467    10.6526     0.0059    3.84332    3.84452          1     5.7497     5.6861       9.97     0.0468  7.669e-14  1.000e-12  1.304e+03    34.6953    34.7018     0.0065    26.6015    26.6055     69.833     70.072      0.264    1492.92    1492.95  0.000e+00
       6927     71.000    10.6469    10.6509     0.0040    3.84337    3.84437          1     5.7532     5.6956       9.97     0.0448  7.606e-14  1.000e-12  1.315e+03    34.6955    34.7018     0.0063    26.6016    26.6058     70.328     70.568      0.232    1492.93    1492.95  0.000e+00
       6998     71.500    10.6471    10.6495     0.0024    3.84345    3.84422          1     5.7577     5.6738       9.97     0.0478  7.512e-14  1.000e-12  1.331e+03    34.6959    34.7014     0.0055    26.6019    26.6057     70.823     71.065      0.321    1492.94    1492.96  0.000e+00
       7028     72.000    10.6462    10.6502     0.0040    3.84333    3.84429          1     5.7568     5.6849       9.97     0.0441  7.461e-14  1.000e-12  1.340e+03    34.6953    34.7011     0.0058    26.6016    26.6054     71.318     71.561      0.319    1492.95    1492.97  0.000e+00
       7099     72.500    10.6502    10.6496    -0.0006    3.84390    3.84413          1     5.7547     5.7005       9.97     0.0464  7.407e-14  1.000e-12  1.350e+03    34.6970    34.6999     0.0028    26.6022    26.6045     71.814     72.057      0.278    1492.97    1492.97  0.000e+00
       7140     73.000    10.6692    10.6536    -0.0155    3.84644    3.84454          1     5.7571     5.7294       9.97     0.0474  7.368e-14  1.000e-12  1.357e+03    34.7043    34.6999    -0.0043    26.6045    26.6039     72.309     72.553      0.323    1493.06    1492.99  0.000e+00
       7210     73.500    10.6830    10.6722    -0.0108    3.84829    3.84689          1     5.7608     5.7409       9.97     0.0474  7.285e-14  1.000e-12  1.373e+03    34.7095    34.7057    -0.0038    26.6062    26.6051     72.804     73.049      0.263    1493.12    1493.08  0.000e+00
       7250     74.000    10.7214    10.6872    -0.0342    3.85314    3.84871          1     5.7775     5.8079       9.97     0.0509  7.242e-14  1.000e-12  1.381e+03    34.7216    34.7095    -0.0120    26.6087    26.6054     73.299     73.545      0.461    1493.28    1493.14  0.000e+00
       7275     74.500    10.7833    10.6944    -0.0888    3.86043    3.84961          1     5.7940     5.8576       9.97     0.0546  7.226e-14  1.000e-12  1.384e+03    34.7358    34.7115    -0.0242    26.6088    26.6057     73.794     74.041      0.417    1493.52    1493.18  0.000e+00
       7364     75.000    10.7953    10.7606    -0.0346    3.86193    3.85758          1     5.8741     5.8456       9.97     0.0479  7.153e-14  1.000e-12  1.398e+03    34.7392    34.7285    -0.0107    26.6093    26.6071     74.289     74.537      0.252    1493.57    1493.44  0.000e+00
       7416     75.500    10.7951    10.7861    -0.0089    3.86222    3.86081          1     5.8935     5.8423       9.97     0.0490  7.105e-14  1.000e-12  1.407e+03    34.7420    34.7363    -0.0057    26.6115    26.6087     74.785     75.033      0.357    1493.59    1493.55  0.000e+00
       7452     76.000    10.7504    10.7905     0.0400    3.85910    3.86148          1     5.9086     5.8723       9.97     0.0482  7.088e-14  1.000e-12  1.411e+03    34.7529    34.7387    -0.0142    26.6279    26.6097     75.280     75.529      0.269    1493.45    1493.57  0.000e+00
       7507     76.500    10.7326    10.7744     0.0418    3.86027    3.86121          1     5.9211     5.9143       9.97     0.0464  7.079e-14  1.000e-12  1.413e+03    34.7814    34.7511    -0.0302    26.6533    26.6223     75.775     76.025      0.235    1493.43    1493.54  0.000e+00
       7554     77.000    10.6210    10.7460     0.1250    3.85021    3.86059          1     5.9459     5.8118       9.97     0.0484  7.043e-14  1.000e-12  1.420e+03    34.7863    34.7716    -0.0147    26.6770    26.6433     76.270     76.521      0.241    1493.05    1493.47  0.000e+00
       7604     77.500    10.3651    10.6710     0.3059    3.82414    3.85639          1     5.9546     5.6895       9.97     0.0468  7.007e-14  1.000e-12  1.427e+03    34.7671    34.8007     0.0336    26.7071    26.6793     76.765     77.017      0.290    1492.13    1493.25  0.000e+00
       7640     78.000    10.2931    10.5301     0.2371    3.81683    3.84351          1     5.9187     5.6763       9.97     0.0446  6.989e-14  1.000e-12  1.431e+03    34.7616    34.8051     0.0434    26.7153    26.7077     77.260     77.513      0.301    1491.87    1492.77  0.000e+00
       7711     78.500    10.2593    10.3756     0.1161    3.81321    3.82722          1     5.8138     5.6746       9.97     0.0457  6.912e-14  1.000e-12  1.447e+03    34.7570    34.7878     0.0308    26.7175    26.7213     77.756     78.009      0.232    1491.76    1492.21  0.000e+00
       7760     79.000    10.2257    10.2896     0.0639    3.80939    3.81835          1     5.7790     5.6501       9.97     0.0465  6.843e-14  1.000e-12  1.461e+03    34.7501    34.7799     0.0298    26.7180    26.7302     78.251     78.505      0.305    1491.64    1491.90  0.000e+00
       7804     79.500    10.1753    10.2594     0.0841    3.80368    3.81482          1     5.7462     5.6068       9.97     0.0442  6.770e-14  1.000e-12  1.477e+03    34.7402    34.7728     0.0326    26.7190    26.7299     78.746     79.001      0.247    1491.45    1491.79  0.000e+00
       7851     80.000    10.1016    10.2091     0.1076    3.79591    3.80955          1     5.7317     5.5595       9.97     0.0444  6.711e-14  1.000e-12  1.490e+03    34.7315    34.7672     0.0356    26.7249    26.7342     79.241     79.497      0.275    1491.18    1491.61  0.000e+00
       7897     80.500    10.0603    10.1550     0.0947    3.79161    3.80375          1     5.6917     5.5605       9.97     0.0434  6.632e-14  1.000e-12  1.508e+03    34.7271    34.7599     0.0328    26.7285    26.7379     79.736     79.993      0.238    1491.04    1491.42  0.000e+00
       7948     81.000    10.0060    10.1025     0.0966    3.78607    3.79779          1     5.6399     5.5118       9.97     0.0424  6.532e-14  1.000e-12  1.531e+03    34.7224    34.7493     0.0269    26.7341    26.7386     80.231     80.489      0.249    1490.85    1491.23  0.000e+00
       7995     81.500     9.8274    10.0529     0.2256    3.76784    3.79301          1     5.6307     5.3882       9.97     0.0423  6.480e-14  1.000e-12  1.543e+03    34.7072    34.7479     0.0406    26.7526    26.7460     80.727     80.985      0.247    1490.19    1491.06  0.000e+00
       8049     82.000     9.7032     9.9237     0.2206    3.75529    3.78100          1     5.5777     5.3553       9.97     0.0413  6.435e-14  1.000e-12  1.554e+03    34.6978    34.7492     0.0515    26.7662    26.7691     81.222     81.481      0.212    1489.74    1490.60  0.000e+00
       8101     82.500     9.6272     9.7744     0.1472    3.74916    3.76615          1     5.5019     5.3742       9.97     0.0396  6.394e-14  1.000e-12  1.564e+03    34.7078    34.7406     0.0328    26.7867    26.7876     81.717     81.977      0.246    1489.49    1490.06  0.000e+00
       8150     83.000     9.5739     9.6868     0.1129    3.74482    3.75730          1     5.4426     5.3669       9.97     0.0402  6.343e-14  1.000e-12  1.577e+03    34.7143    34.7339     0.0196    26.8007    26.7972     82.212     82.473      0.270    1489.31    1489.74  0.000e+00
       8189     83.500     9.4597     9.6147     0.1551    3.73542    3.75099          1     5.4350     5.3430       9.97     0.0401  6.310e-14  1.000e-12  1.585e+03    34.7274    34.7382     0.0108    26.8298    26.8126     82.707     82.969      0.315    1488.92    1489.50  0.000e+00
       8239     84.000     9.3490     9.5403     0.1913    3.72698    3.74468          1     5.4037     5.3584       9.91     0.0401  6.296e-14  1.000e-12  1.588e+03    34.7471    34.7449    -0.0022    26.8635    26.8301     83.202     83.465      0.203    1488.55    1489.24  0.000e+00
       8300     84.500     9.3285     9.4074     0.0789    3.72571    3.73432          1     5.3739     5.3674       9.49     0.0399  6.275e-14  1.000e-12  1.594e+03    34.7537    34.7664     0.0127    26.8720    26.8690     83.697     83.961      0.251    1488.49    1488.79  0.000e+00
