ctdpy/exports/archive_20191120_135557/received_data/SBE09_0827_20180120_1230_26_01_0129.cnv
* Sea-Bird SBE 9 Data File:
* FileName = D:\CTD_SBE911\DAT\26DA.2018.1.29.hex
* Software Version Seasave V 7.21d
* Temperature SN = 034757
* Conductivity SN = 041844
* Number of Bytes Per Scan = 48
* Number of Voltage Words = 5
* Number of Scans Averaged by the Deck Unit = 1
* NMEA Latitude = 57 39.28 N
* NMEA Longitude = 008 50.84 E
* NMEA UTC (Time) = Jan 20 2018  12:30:47
* NMEA baud rate = 4800
** Ship: DANA
** Average sound velocity: 1478.63 m/s
** True-depth calculation Thu, 28 Mar 2019 08:24:01 +0000
** CTD Python Module SMHI /ver 3-12/ feb 2012 
** LIMS Job: 20182601-0129
** Operator:
** Cruise: 01/2018
# nquan = 26
# nvalues = 174                         
# units = specified
# name 0 = scan: Scan Count
# name 1 = prDM: Pressure, Digiquartz [db]
# name 2 = t090C: Temperature [ITS-90, deg C]
# name 3 = t190C: Temperature, 2 [ITS-90, deg C]
# name 4 = T2-T190C: Temperature Difference, 2 - 1 [ITS-90, deg C]
# name 5 = c0S/m: Conductivity [S/m]
# name 6 = c1S/m: Conductivity, 2 [S/m]
# name 7 = pumps: Pump Status
# name 8 = sbeox1ML/L: Oxygen, SBE 43, 2 [ml/l]
# name 9 = sbeox0ML/L: Oxygen, SBE 43 [ml/l]
# name 10 = altM: Altimeter [m]
# name 11 = chloroflTC0: Chlorophyll, Turner Cyclops [ug/l]
# name 12 = cpar: CPAR/Corrected Irradiance [%]
# name 13 = par: PAR/Irradiance, Biospherical/Lico [µE/(cm^2*s)]
# name 14 = spar: SPAR, Biospherical/Licor
# name 15 = sal00: Salinity, Practical [PSU]
# name 16 = sal11: Salinity, Practical, 2 [PSU]
# name 17 = secS-priS: Salinity, Practical, Difference, 2 - 1 [PSU]
# name 18 = sigma-t00: Density [sigma-t, kg/m^3 ]
# name 19 = sigma-t11: Density, 2 [sigma-t, kg/m^3 ]
# name 20 = depSM: Depth [salt water, m], lat = 57.6547
# name 21 = depFM: Depth [true depth, m], lat = 57.6547
# name 22 = dz/dtM: Descent Rate [m/s], WS = 2
# name 23 = svCM: Sound Velocity [Chen-Millero, m/s]
# name 24 = svCM1: Sound Velocity, 2 [Chen-Millero, m/s]
# name 25 = flag: flag
# span 0 =        -46,       6144       
# span 1 =      1.500,     88.000       
# span 2 =     6.8721,     6.9649       
# span 3 =     6.8714,     6.9644       
# span 4 =    -0.0030,     0.0090       
# span 5 =   3.475082,   3.495569       
# span 6 =   3.475321,   3.495827       
# span 7 =          1,          1       
# span 8 =     5.9069,     6.1794       
# span 9 =     6.2110,     6.2638       
# span 10 =       1.18,       9.97      
# span 11 =     0.0293,     0.0427      
# span 12 = 1.0257e-12, 9.1105e+00      
# span 13 = 9.8916e-13, 8.3971e+00      
# span 14 = 8.5295e+01, 9.7498e+01      
# span 15 =    34.5369,    34.6301      
# span 16 =    34.5400,    34.6335      
# span 17 =    -0.0040,     0.0056      
# span 18 =    27.0706,    27.1323      
# span 19 =    27.0736,    27.1350      
# span 20 =      1.486,     87.168      
# span 21 =      1.488,     87.266      
# span 22 =     -0.012,      0.812      
# span 23 =    1477.64,    1479.50      
# span 24 =    1477.64,    1479.50      
# span 25 = 0.0000e+00, 0.0000e+00      
# interval = decibars: 0.5              
# start_time = Jan 20 2018 12:30:47 [NMEA time, first data scan]
# bad_flag = -9.990e-29
*END*
[from data line 56]
       2435     29.500     6.9197     6.9204     0.0007    3.48334    3.48353          1     6.1255     6.2393       9.95     0.0427  1.145e-12  1.000e-12  8.733e+01    34.5688    34.5702     0.0014    27.0902    27.0912     29.225     29.255      0.401    1478.29    1478.30  0.000e+00
       2462     30.000     6.9251     6.9294     0.0043    3.48412    3.48455          1     6.1336     6.2379       9.95     0.0413  1.145e-12  1.000e-12  8.733e+01    34.5716    34.5722     0.0005    27.0917    27.0915     29.721     29.751      0.474    1478.32    1478.34  0.000e+00
       2486     30.500     6.9290     6.9334     0.0045    3.48456    3.48513          1     6.1547     6.2404       9.95     0.0412  1.145e-12  1.000e-12  8.733e+01    34.5724    34.5743     0.0019    27.0918    27.0926     30.216     30.246      0.512    1478.35    1478.37  0.000e+00
       2509     31.000     6.9321     6.9413     0.0090    3.48507    3.48615          1     6.1653     6.2422       9.95     0.0404  1.145e-12  1.000e-12  8.733e+01    34.5745    34.5773     0.0028    27.0930    27.0939     30.711     30.742      0.498    1478.37    1478.41  0.000e+00
       2534     31.500     6.9384     6.9367    -0.0016    3.48583    3.48579          1     6.1495     6.2451       9.95     0.0370  1.145e-12  1.000e-12  8.733e+01    34.5765    34.5777     0.0012    27.0937    27.0948     31.207     31.238      0.489    1478.41    1478.40  0.000e+00
       2558     32.000     6.9395     6.9387    -0.0009    3.48589    3.48608          1     6.1227     6.2457       9.95     0.0386  1.145e-12  1.000e-12  8.733e+01    34.5756    34.5786     0.0029    27.0928    27.0952     31.702     31.734      0.516    1478.42    1478.42  0.000e+00
       2581     32.500     6.9418     6.9407    -0.0010    3.48630    3.48617          1     6.1254     6.2373       9.95     0.0377  1.145e-12  1.000e-12  8.733e+01    34.5777    34.5774    -0.0003    27.0941    27.0940     32.197     32.230      0.518    1478.44    1478.43  0.000e+00
       2604     33.000     6.9470     6.9488     0.0017    3.48701    3.48714          1     6.1438     6.2319       9.95     0.0388  1.145e-12  1.000e-12  8.733e+01    34.5800    34.5797    -0.0003    27.0952    27.0947     32.693     32.726      0.509    1478.47    1478.47  0.000e+00
       2628     33.500     6.9505     6.9517     0.0012    3.48741    3.48769          1     6.1325     6.2365       9.95     0.0381  1.145e-12  1.000e-12  8.733e+01    34.5806    34.5826     0.0019    27.0953    27.0966     33.188     33.221      0.508    1478.49    1478.50  0.000e+00
       2651     34.000     6.9516     6.9511    -0.0005    3.48754    3.48771          1     6.1348     6.2514       9.95     0.0380  1.145e-12  1.000e-12  8.733e+01    34.5807    34.5831     0.0024    27.0952    27.0971     33.683     33.717      0.530    1478.50    1478.50  0.000e+00
       2674     34.500     6.9520     6.9515    -0.0004    3.48760    3.48778          1     6.1510     6.2544       9.95     0.0372  1.145e-12  1.000e-12  8.733e+01    34.5808    34.5832     0.0024    27.0952    27.0971     34.178     34.213      0.469    1478.51    1478.52  0.000e+00
       2707     35.000     6.9521     6.9512    -0.0009    3.48765    3.48783          1     6.1605     6.2437       9.95     0.0392  1.145e-12  1.000e-12  8.733e+01    34.5809    34.5838     0.0029    27.0953    27.0977     34.674     34.709      0.317    1478.52    1478.52  0.000e+00
       2744     35.500     6.9518     6.9509    -0.0009    3.48753    3.48780          1     6.1370     6.2373       9.95     0.0412  1.145e-12  1.000e-12  8.733e+01    34.5797    34.5836     0.0039    27.0944    27.0975     35.169     35.205      0.459    1478.53    1478.53  0.000e+00
       2765     36.000     6.9522     6.9512    -0.0010    3.48760    3.48780          1     6.1466     6.2393       9.95     0.0369  1.147e-12  1.000e-12  8.722e+01    34.5798    34.5831     0.0032    27.0944    27.0971     35.664     35.701      0.633    1478.54    1478.54  0.000e+00
       2782     36.500     6.9526     6.9520    -0.0006    3.48767    3.48786          1     6.1532     6.2417       9.95     0.0370  1.153e-12  1.000e-12  8.673e+01    34.5799    34.5826     0.0027    27.0944    27.0966     36.160     36.196      0.649    1478.55    1478.55  0.000e+00
       2802     37.000     6.9516     6.9507    -0.0009    3.48762    3.48780          1     6.1509     6.2401       9.95     0.0399  1.159e-12  1.000e-12  8.631e+01    34.5800    34.5829     0.0029    27.0946    27.0970     36.655     36.692      0.517    1478.55    1478.55  0.000e+00
       2836     37.500     6.9521     6.9512    -0.0009    3.48773    3.48788          1     6.1303     6.2386       9.95     0.0366  1.160e-12  1.000e-12  8.618e+01    34.5805    34.5832     0.0027    27.0949    27.0972     37.150     37.188      0.304    1478.56    1478.56  0.000e+00
       2874     38.000     6.9522     6.9514    -0.0009    3.48773    3.48791          1     6.1032     6.2261       9.95     0.0354  1.162e-12  1.000e-12  8.606e+01    34.5801    34.5830     0.0029    27.0946    27.0970     37.645     37.684      0.508    1478.57    1478.57  0.000e+00
       2892     38.500     6.9529     6.9520    -0.0009    3.48781    3.48798          1     6.1091     6.2224       9.95     0.0358  1.163e-12  1.000e-12  8.600e+01    34.5802    34.5829     0.0027    27.0946    27.0968     38.141     38.180      0.741    1478.58    1478.58  0.000e+00
       2906     39.000     6.9546     6.9536    -0.0011    3.48806    3.48815          1     6.1282     6.2245       9.95     0.0355  1.158e-12  1.000e-12  8.635e+01    34.5809    34.5829     0.0020    27.0949    27.0966     38.636     38.676      0.808    1478.60    1478.60  0.000e+00
       2921     39.500     6.9550     6.9542    -0.0009    3.48809    3.48825          1     6.1388     6.2294       9.95     0.0364  1.164e-12  1.000e-12  8.588e+01    34.5806    34.5831     0.0026    27.0946    27.0968     39.131     39.171      0.737    1478.61    1478.61  0.000e+00
       2941     40.000     6.9545     6.9541    -0.0004    3.48806    3.48832          1     6.1411     6.2320       9.95     0.0357  1.167e-12  1.000e-12  8.571e+01    34.5805    34.5837     0.0032    27.0946    27.0972     39.627     39.667      0.461    1478.61    1478.62  0.000e+00
       2994     40.500     6.9543     6.9535    -0.0008    3.48808    3.48826          1     6.1332     6.2484       9.95     0.0359  1.169e-12  1.000e-12  8.555e+01    34.5807    34.5835     0.0028    27.0948    27.0971     40.122     40.163      0.338    1478.62    1478.62  0.000e+00
       3023     41.000     6.9541     6.9534    -0.0008    3.48811    3.48830          1     6.1233     6.2484       9.95     0.0341  1.171e-12  1.000e-12  8.540e+01    34.5810    34.5838     0.0029    27.0950    27.0974     40.617     40.659      0.622    1478.63    1478.63  0.000e+00
       3039     41.500     6.9547     6.9539    -0.0008    3.48820    3.48839          1     6.1379     6.2419       9.95     0.0342  1.171e-12  1.000e-12  8.543e+01    34.5811    34.5840     0.0030    27.0950    27.0975     41.112     41.155      0.747    1478.64    1478.64  0.000e+00
       3054     42.000     6.9549     6.9534    -0.0014    3.48829    3.48832          1     6.1537     6.2358       9.95     0.0353  1.171e-12  1.000e-12  8.542e+01    34.5817    34.5835     0.0017    27.0955    27.0971     41.608     41.651      0.723    1478.65    1478.64  0.000e+00
       3073     42.500     6.9555     6.9541    -0.0015    3.48846    3.48845          1     6.1493     6.2320       9.95     0.0345  1.172e-12  1.000e-12  8.530e+01    34.5826    34.5840     0.0014    27.0961    27.0974     42.103     42.146      0.551    1478.66    1478.66  0.000e+00
       3108     43.000     6.9562     6.9544    -0.0018    3.48860    3.48859          1     6.1455     6.2388       9.95     0.0344  1.172e-12  1.000e-12  8.530e+01    34.5833    34.5850     0.0017    27.0965    27.0981     42.598     42.642      0.279    1478.67    1478.67  0.000e+00
       3150     43.500     6.9577     6.9572    -0.0005    3.48867    3.48895          1     6.1699     6.2370       9.95     0.0341  1.172e-12  1.000e-12  8.530e+01    34.5822    34.5858     0.0036    27.0955    27.0984     43.094     43.138      0.453    1478.68    1478.69  0.000e+00
       3170     44.000     6.9574     6.9566    -0.0008    3.48876    3.48897          1     6.1573     6.2319       9.95     0.0350  1.172e-12  1.000e-12  8.530e+01    34.5834    34.5864     0.0031    27.0965    27.0990     43.589     43.634      0.645    1478.69    1478.70  0.000e+00
       3187     44.500     6.9574     6.9566    -0.0008    3.48880    3.48898          1     6.1536     6.2327       9.95     0.0337  1.172e-12  1.000e-12  8.530e+01    34.5835    34.5864     0.0029    27.0966    27.0989     44.084     44.130      0.699    1478.70    1478.70  0.000e+00
       3204     45.000     6.9577     6.9571    -0.0007    3.48887    3.48908          1     6.1579     6.2329       9.95     0.0346  1.166e-12  1.000e-12  8.574e+01    34.5837    34.5867     0.0030    27.0967    27.0991     44.579     44.626      0.656    1478.71    1478.71  0.000e+00
       3224     45.500     6.9583     6.9576    -0.0007    3.48901    3.48920          1     6.1571     6.2284       9.95     0.0330  1.168e-12  1.000e-12  8.565e+01    34.5844    34.5873     0.0029    27.0971    27.0995     45.075     45.121      0.538    1478.72    1478.72  0.000e+00
       3251     46.000     6.9585     6.9575    -0.0010    3.48908    3.48924          1     6.1464     6.2354       9.95     0.0327  1.167e-12  1.000e-12  8.572e+01    34.5848    34.5875     0.0027    27.0974    27.0997     45.570     45.617      0.407    1478.73    1478.73  0.000e+00
       3282     46.500     6.9590     6.9578    -0.0012    3.48921    3.48929          1     6.1508     6.2405       9.95     0.0340  1.161e-12  1.000e-12  8.612e+01    34.5854    34.5876     0.0022    27.0979    27.0998     46.065     46.113      0.409    1478.74    1478.74  0.000e+00
       3309     47.000     6.9592     6.9582    -0.0010    3.48925    3.48944          1     6.1561     6.2389       9.95     0.0339  1.164e-12  1.000e-12  8.594e+01    34.5854    34.5885     0.0031    27.0978    27.1004     46.560     46.609      0.483    1478.75    1478.75  0.000e+00
       3334     47.500     6.9594     6.9584    -0.0009    3.48931    3.48949          1     6.1664     6.2352       9.95     0.0420  1.169e-12  1.000e-12  8.553e+01    34.5856    34.5885     0.0029    27.0980    27.1004     47.056     47.105      0.434    1478.76    1478.76  0.000e+00
       3367     48.000     6.9597     6.9588    -0.0008    3.48938    3.48957          1     6.1794     6.2361       9.95     0.0348  1.161e-12  1.000e-12  8.616e+01    34.5859    34.5889     0.0030    27.0981    27.1006     47.551     47.601      0.349    1478.77    1478.77  0.000e+00
       3398     48.500     6.9604     6.9591    -0.0012    3.48953    3.48965          1     6.1637     6.2360       9.95     0.0358  1.152e-12  1.000e-12  8.681e+01    34.5866    34.5892     0.0025    27.0986    27.1008     48.046     48.096      0.520    1478.78    1478.78  0.000e+00
       3417     49.000     6.9604     6.9597    -0.0006    3.48957    3.48979          1     6.1562     6.2399       9.95     0.0336  1.152e-12  1.000e-12  8.677e+01    34.5867    34.5898     0.0031    27.0987    27.1012     48.542     48.592      0.696    1478.79    1478.79  0.000e+00
       3432     49.500     6.9611     6.9602    -0.0009    3.48980    3.49001          1     6.1567     6.2443       9.95     0.0341  1.149e-12  1.000e-12  8.703e+01    34.5884    34.5916     0.0032    27.0999    27.1026     49.037     49.088      0.736    1478.80    1478.80  0.000e+00
       3449     50.000     6.9611     6.9603    -0.0008    3.49003    3.49010          1     6.1574     6.2469       9.95     0.0328  1.147e-12  1.000e-12  8.721e+01    34.5906    34.5921     0.0015    27.1017    27.1030     49.532     49.584      0.643    1478.82    1478.81  0.000e+00
       3474     50.500     6.9608     6.9603    -0.0005    3.49012    3.49023          1     6.1603     6.2466       9.95     0.0333  1.146e-12  1.000e-12  8.726e+01    34.5916    34.5933     0.0017    27.1025    27.1039     50.027     50.080      0.389    1478.82    1478.82  0.000e+00
       3517     51.000     6.9609     6.9603    -0.0006    3.49017    3.49035          1     6.1775     6.2335       9.95     0.0348  1.146e-12  1.000e-12  8.723e+01    34.5918    34.5944     0.0027    27.1026    27.1048     50.523     50.576      0.288    1478.83    1478.83  0.000e+00
       3548     51.500     6.9610     6.9603    -0.0007    3.49028    3.49046          1     6.1783     6.2202       9.95     0.0390  1.145e-12  1.000e-12  8.733e+01    34.5927    34.5954     0.0028    27.1033    27.1056     51.018     51.071      0.506    1478.84    1478.84  0.000e+00
       3569     52.000     6.9608     6.9600    -0.0009    3.49017    3.49046          1     6.1622     6.2213       9.95     0.0350  1.145e-12  1.000e-12  8.733e+01    34.5914    34.5955     0.0040    27.1023    27.1056     51.513     51.567      0.584    1478.85    1478.85  0.000e+00
       3589     52.500     6.9604     6.9596    -0.0007    3.48989    3.49023          1     6.1365     6.2291       9.95     0.0403  1.145e-12  1.000e-12  8.733e+01    34.5884    34.5930     0.0046    27.1001    27.1038     52.008     52.063      0.595    1478.85    1478.85  0.000e+00
       3609     53.000     6.9614     6.9600    -0.0013    3.49033    3.49024          1     6.1440     6.2362       9.95     0.0364  1.145e-12  1.000e-12  8.733e+01    34.5921    34.5925     0.0004    27.1028    27.1033     52.504     52.559      0.596    1478.87    1478.86  0.000e+00
       3630     53.500     6.9622     6.9609    -0.0013    3.49070    3.49069          1     6.1650     6.2454       9.95     0.0318  1.145e-12  1.000e-12  8.733e+01    34.5952    34.5963     0.0012    27.1051    27.1062     52.999     53.055      0.542    1478.88    1478.88  0.000e+00
       3656     54.000     6.9608     6.9611     0.0003    3.49117    3.49084          1     6.1759     6.2462       9.95     0.0324  1.145e-12  1.000e-12  8.733e+01    34.6015    34.5975    -0.0040    27.1102    27.1071     53.494     53.551      0.392    1478.89    1478.89  0.000e+00
       3692     54.500     6.9593     6.9598     0.0005    3.49165    3.49141          1     6.1699     6.2369       9.95     0.0328  1.145e-12  1.000e-12  8.733e+01    34.6079    34.6048    -0.0032    27.1156    27.1130     53.989     54.046      0.363    1478.90    1478.90  0.000e+00
       3719     55.000     6.9596     6.9592    -0.0004    3.49165    3.49173          1     6.1493     6.2402       9.95     0.0319  1.145e-12  1.000e-12  8.733e+01    34.6074    34.6087     0.0013    27.1151    27.1162     54.485     54.542      0.495    1478.91    1478.91  0.000e+00
       3743     55.500     6.9596     6.9590    -0.0006    3.49166    3.49181          1     6.1439     6.2421       9.95     0.0334  1.145e-12  1.000e-12  8.733e+01    34.6074    34.6096     0.0023    27.1151    27.1169     54.980     55.038      0.456    1478.92    1478.92  0.000e+00
       3774     56.000     6.9594     6.9589    -0.0005    3.49181    3.49196          1     6.1590     6.2361       9.95     0.0330  1.145e-12  1.000e-12  8.733e+01    34.6089    34.6111     0.0022    27.1163    27.1181     55.475     55.534      0.376    1478.93    1478.93  0.000e+00
       3803     56.500     6.9595     6.9588    -0.0007    3.49189    3.49206          1     6.1539     6.2343       9.95     0.0366  1.145e-12  1.000e-12  8.733e+01    34.6094    34.6120     0.0027    27.1167    27.1189     55.970     56.030      0.551    1478.94    1478.94  0.000e+00
