ctdpy/exports/archive_20191120_135557/received_data/SBE09_1044_20181018_0853_34_01_0109.cnv
* Sea-Bird SBE 9 Data File:
* FileName = C:\LUOTAUS\DATA_IN\hex_in\SMHI\ar18d109.hex
* Software Version Seasave V 7.23.2
* Temperature SN = 5351
* Conductivity SN = 3941
* Number of Bytes Per Scan = 30
* Number of Voltage Words = 4
* Number of Scans Averaged by the Deck Unit = 1
* NMEA baud rate = 4800
** Station:  Slaggo
** Operator:  OBac
** Ship: ARANDA
** Average sound velocity: 1495.69 m/s
** True-depth calculation Thu, 18 Oct 2018 09:37:24 +0000
** CTD Python Module SMHI /ver 3-12/ feb 2012 
** LIMS Job: 20183401-0109
** Cruise: SMHI-4-2018
** Latitude [GG MM.mm N]: 58 15.551 N
** Longitude [GG MM.mm E] 11 26.229 E
# nquan = 26
# nvalues = 127                         
# units = specified
# name 0 = scan: Scan Count
# name 1 = prDM: Pressure, Digiquartz [db]
# name 2 = t090C: Temperature [ITS-90, deg C]
# name 3 = t190C: Temperature, 2 [ITS-90, deg C]
# name 4 = T2-T190C: Temperature Difference, 2 - 1 [ITS-90, deg C]
# name 5 = c0S/m: Conductivity [S/m]
# name 6 = c1S/m: Conductivity, 2 [S/m]
# name 7 = pumps: Pump Status
# name 8 = sbeox0ML/L: Oxygen, SBE 43 [ml/l]
# name 9 = sbeox1ML/L: Oxygen, SBE 43, 2 [ml/l]
# name 10 = altM: Altimeter [m]
# name 11 = flECO-AFL: Chl-a Fluorescence, WET Labs ECO-AFL/FL [mg/m^3]
# name 12 = flECO-AFL1: Phycocyanin Fluorescence, WET Labs ECO-AFL/FL, 2 [mg/m^3]
# name 13 = par: PAR/Irradiance, Biospherical/Lico [µE/(cm^2*s)]
# name 14 = turbWETntu0: Turbidity, WET Labs ECO [NTU]
# name 15 = sal00: Salinity, Practical [PSU]
# name 16 = sal11: Salinity, Practical, 2 [PSU]
# name 17 = secS-priS: Salinity, Practical, Difference, 2 - 1 [PSU]
# name 18 = sigma-t00: Density [sigma-t, Kg/m^3 ]
# name 19 = sigma-t11: Density, 2 [sigma-t, Kg/m^3 ]
# name 20 = depSM: Depth [salt water, m], lat = 0
# name 21 = depFM: Depth [true depth, m], lat = 0
# name 22 = dz/dtM: Descent Rate [m/s], WS = 2
# name 23 = svCM: Sound Velocity [Chen-Millero, m/s]
# name 24 = svCM1: Sound Velocity, 2 [Chen-Millero, m/s]
# name 25 = flag: flag
# span 0 =      12449,      15123       
# span 1 =      1.500,     64.500       
# span 2 =     9.2902,    14.0164       
# span 3 =     9.2962,    14.0172       
# span 4 =    -0.0699,     0.0737       
# span 5 =   3.311592,   3.886674       
# span 6 =   3.309547,   3.886750       
# span 7 =          1,          1       
# span 8 =    3.48393,    6.09772       
# span 9 =    3.32477,    5.77279       
# span 10 =       3.40,      97.98      
# span 11 =     0.1623,     1.8137      
# span 12 =     0.1690,     0.4008      
# span 13 = 1.0000e-12, 1.2843e+02      
# span 14 =     0.3141,     2.6168      
# span 15 =    27.6204,    33.6673      
# span 16 =    27.6024,    33.6663      
# span 17 =    -0.2637,     0.0122      
# span 18 =    20.6818,    26.0282      
# span 19 =    20.6681,    26.0267      
# span 20 =      1.492,     64.136      
# span 21 =      1.497,     64.188      
# span 22 =      0.003,      0.625      
# span 23 =    1486.69,    1500.02      
# span 24 =    1486.71,    1500.02      
# span 25 = 0.0000e+00, 0.0000e+00      
# interval = decibars: 0.5              
# start_time = Oct 18 2018 08:53:25 [System UTC, header]
# bad_flag = -9.990e-29
*END*
[from data line 112]
      14813     57.500    10.9680    10.9698     0.0018    3.73782    3.73796          1     4.0358     3.8651      10.61     0.1832     0.2123  1.000e-12  1.6663000    33.3473    33.3471    -0.0002    25.4944    25.4939     57.176     57.238      0.583    1492.21    1492.22  0.000e+00
      14834     58.000    10.9662    10.9670     0.0009    3.73767    3.73775          1     3.9763     3.8148      10.11     0.1994     0.2220  1.000e-12  1.7690000    33.3473    33.3474     0.0001    25.4947    25.4946     57.673     57.734      0.586    1492.22    1492.22  0.000e+00
      14854     58.500    10.8011    10.8121     0.0110    3.72541    3.72591          1     3.8584     3.7290       9.62     0.1962     0.2628  1.000e-12  1.8553000    33.3753    33.3703    -0.0050    25.5456    25.5398     58.170     58.231      0.579    1491.68    1491.71  0.000e+00
      14875     59.000    10.3415    10.3572     0.0155    3.69258    3.69270          1     3.7295     3.6257       9.13     0.1623     0.2060  1.000e-12  2.0182000    33.4671    33.4539    -0.0132    25.6969    25.6840     58.667     58.727      0.575    1490.16    1490.20  0.000e+00
      14896     59.500     9.9439     9.9532     0.0096    3.66363    3.66413          1     3.6225     3.5238       8.60     0.1941     0.2351  1.000e-12  2.0877000    33.5412    33.5377    -0.0035    25.8223    25.8180     59.165     59.224      0.579    1488.83    1488.86  0.000e+00
      14917     60.000     9.8300     9.8364     0.0063    3.65528    3.65584          1     3.5711     3.4588       8.13     0.1998     0.2952  1.000e-12  2.2888000    33.5617    33.5615    -0.0002    25.8574    25.8561     59.662     59.720      0.593    1488.45    1488.48  0.000e+00
      14937     60.500     9.6740     9.6810     0.0070    3.64382    3.64417          1     3.5547     3.4236       7.66     0.1949     0.2076  1.000e-12  2.4941000    33.5897    33.5868    -0.0030    25.9051    25.9016     60.159     60.217      0.606    1487.93    1487.95  0.000e+00
      14956     61.000     9.5795     9.5815     0.0019    3.63648    3.63657          1     3.5505     3.4047       7.18     0.1877     0.2295  1.000e-12  2.6168000    33.6026    33.6016    -0.0009    25.9307    25.9296     60.656     60.713      0.608    1487.61    1487.62  0.000e+00
      14976     61.500     9.5173     9.5196     0.0023    3.63190    3.63197          1     3.5507     3.3942       6.66     0.1995     0.2141  1.000e-12  1.9655000    33.6134    33.6120    -0.0014    25.9493    25.9479     61.153     61.210      0.598    1487.40    1487.41  0.000e+00
      14996     62.000     9.4934     9.4952     0.0018    3.63023    3.63034          1     3.5423     3.3845       6.17     0.1913     0.1936  1.000e-12  1.8835000    33.6184    33.6179    -0.0005    25.9571    25.9565     61.650     61.706      0.583    1487.33    1487.34  0.000e+00
      15017     62.500     9.4902     9.4911     0.0009    3.63011    3.63017          1     3.5322     3.3733       5.66     0.1869     0.1929  1.000e-12  1.8786000    33.6200    33.6198    -0.0002    25.9589    25.9586     62.147     62.202      0.573    1487.33    1487.33  0.000e+00
      15038     63.000     9.4519     9.4511    -0.0008    3.62765    3.62754          1     3.5167     3.3502       5.17     0.1958     0.1784  1.000e-12  1.9081000    33.6304    33.6299    -0.0005    25.9732    25.9730     62.644     62.699      0.577    1487.21    1487.21  0.000e+00
      15059     63.500     9.4090     9.4189     0.0097    3.62480    3.62548          1     3.4844     3.3248       4.67     0.2107     0.1986  1.000e-12  1.9531000    33.6411    33.6388    -0.0023    25.9886    25.9852     63.141     63.195      0.556    1487.08    1487.11  0.000e+00
      15084     64.000     9.3552     9.3619     0.0067    3.62110    3.62159          1     3.4839     3.3319       4.10     0.1992     0.2066  1.000e-12  2.0445000    33.6531    33.6519    -0.0012    26.0067    26.0047     63.639     63.692      0.366    1486.90    1486.93  0.000e+00
      15123     64.500     9.2902     9.2962     0.0061    3.61658    3.61702          1     3.5059     3.3301       3.40     0.1764     0.2131  1.000e-12  2.1105000    33.6673    33.6663    -0.0009    26.0282    26.0267     64.136     64.188      0.003    1486.69    1486.71  0.000e+00
