ctdpy/exports/archive_20191120_135557/received_data/SBE09_1044_20180124_1844_34_02_0002.cnv
* Sea-Bird SBE 9 Data File:
* FileName = C:\ctd\temp\2018\ME18D002.hex
* Software Version Seasave V 7.26.6.26
* Temperature SN = 5351
* Conductivity SN = 3941
* Number of Bytes Per Scan = 41
* Number of Voltage Words = 4
* Number of Scans Averaged by the Deck Unit = 1
* NMEA Latitude = 57 32.27 N
* NMEA Longitude = 011 19.78 E
* NMEA UTC (Time) = Jan 24 2018  18:44:41
* NMEA baud rate = 4800
** Station:  GF6
** Operator:  SSip
** Ship: MERI
** Average sound velocity: 1461.70 m/s
** True-depth calculation Sat, 27 Jan 2018 03:58:48 +0000
** CTD Python Module SMHI /ver 3-12/ feb 2012 
** LIMS Job: 20183402-0002
** Cruise: SMHI-01-2018
** Latitude [GG MM.mm N] :
** Longitude [GG MM.mm E]:
# nquan = 26
# nvalues = 85                          
# units = specified
# name 0 = scan: Scan Count
# name 1 = prDM: Pressure, Digiquartz [db]
# name 2 = t090C: Temperature [ITS-90, deg C]
# name 3 = t190C: Temperature, 2 [ITS-90, deg C]
# name 4 = T2-T190C: Temperature Difference, 2 - 1 [ITS-90, deg C]
# name 5 = c0S/m: Conductivity [S/m]
# name 6 = c1S/m: Conductivity, 2 [S/m]
# name 7 = pumps: Pump Status
# name 8 = sbeox0ML/L: Oxygen, SBE 43 [ml/l]
# name 9 = sbeox1ML/L: Oxygen, SBE 43, 2 [ml/l]
# name 10 = altM: Altimeter [m]
# name 11 = flECO-AFL: Chl-a Fluorescence, WET Labs ECO-AFL/FL [mg/m^3]
# name 12 = flECO-AFL1: Phycocyanin Fluorescence, WET Labs ECO-AFL/FL, 2 [mg/m^3]
# name 13 = par: PAR/Irradiance, Biospherical/Lico [µE/(cm^2*s)]
# name 14 = turbWETntu0: Turbidity, WET Labs ECO [NTU]
# name 15 = sal00: Salinity, Practical [PSU]
# name 16 = sal11: Salinity, Practical, 2 [PSU]
# name 17 = secS-priS: Salinity, Practical, Difference, 2 - 1 [PSU]
# name 18 = sigma-t00: Density [sigma-t, Kg/m^3 ]
# name 19 = sigma-t11: Density, 2 [sigma-t, Kg/m^3 ]
# name 20 = depSM: Depth [salt water, m], lat = 57.5378
# name 21 = depFM: Depth [true depth, m], lat = 57.5378
# name 22 = dz/dtM: Descent Rate [m/s], WS = 2
# name 23 = svCM: Sound Velocity [Chen-Millero, m/s]
# name 24 = svCM1: Sound Velocity, 2 [Chen-Millero, m/s]
# name 25 = flag: flag
# span 0 =       6599,       8274       
# span 1 =      0.500,     42.500       
# span 2 =     3.6292,     5.5987       
# span 3 =     3.6296,     5.5955       
# span 4 =    -0.0094,     0.0568       
# span 5 =   2.168187,   3.219236       
# span 6 =   2.164509,   3.218615       
# span 7 =          1,          1       
# span 8 =    6.47721,    7.64382       
# span 9 =    6.45425,    7.60924       
# span 10 =       1.88,      45.49      
# span 11 =     0.3395,     0.9391      
# span 12 =     0.2462,     0.3886      
# span 13 = -4.585e-05, 4.1327e-01      
# span 14 =     0.4900,     2.3217      
# span 15 =    22.6321,    32.9213      
# span 16 =    22.5874,    32.9174      
# span 17 =    -0.0540,     0.1092      
# span 18 =    17.9885,    25.9587      
# span 19 =    17.9526,    25.9561      
# span 20 =      0.495,     42.103      
# span 21 =      0.500,     42.326      
# span 22 =      0.052,      1.439      
# span 23 =    1449.19,    1471.21      
# span 24 =    1449.16,    1471.19      
# span 25 = 0.0000e+00, 0.0000e+00      
# interval = decibars: 0.5              
# start_time = Jan 24 2018 18:44:42 [NMEA time, first data scan]
# bad_flag = -9.990e-29
*END*
       6599      0.500     3.6342     3.6359     0.0017    2.16916    2.16929          1     7.6206     7.5891      45.16     0.7675     0.3475  4.133e-01  0.5043000    22.6432    22.6434     0.0002    17.9971    17.9972      0.495      0.500      0.668    1449.19    1449.20  0.000e+00
       6609      1.000     3.6335     3.6345     0.0010    2.16918    2.16917          1     7.6280     7.5946      42.90     0.7500     0.3132  2.973e-01  0.4900000    22.6437    22.6428    -0.0009    17.9976    17.9968      0.991      1.001      0.837    1449.19    1449.20  0.000e+00
       6626      1.500     3.6343     3.6349     0.0005    2.16939    2.16929          1     7.6438     7.5997       1.88     0.7696     0.3180  2.710e-01  0.5039000    22.6453    22.6438    -0.0016    17.9988    17.9975      1.486      1.501      0.901    1449.21    1449.21  0.000e+00
       6638      2.000     3.6347     3.6358     0.0012    2.16951    2.16957          1     7.6414     7.5993       3.43     0.7974     0.3248  3.209e-01  0.5212000    22.6462    22.6461    -0.0001    17.9995    17.9993      1.982      2.001      0.894    1449.22    1449.22  0.000e+00
       6660      2.500     3.6348     3.6371     0.0023    2.16910    2.16451          1     7.6358     7.6020      22.15     0.7701     0.3523  1.509e-01  0.7552000    22.6413    22.5874    -0.0540    17.9956    17.9526      2.477      2.501      0.557    1449.22    1449.16  0.000e+00
       6694      3.000     3.6350     3.6365     0.0015    2.16951    2.16949          1     7.6304     7.6045      45.49     0.7217     0.3874  9.788e-02  1.4073000    22.6456    22.6444    -0.0012    17.9990    17.9979      2.972      3.002      0.619    1449.23    1449.24  0.000e+00
       6709      3.500     3.6327     3.6333     0.0007    2.16925    2.16913          1     7.6268     7.5991      43.95     0.7879     0.3663  1.271e-02  1.7279000    22.6441    22.6422    -0.0018    17.9979    17.9964      3.468      3.502      0.900    1449.23    1449.23  0.000e+00
       6721      4.000     3.6337     3.6340     0.0004    2.16951    2.16934          1     7.6282     7.5986      43.56     0.7976     0.3589  5.850e-02  1.7761000    22.6461    22.6441    -0.0021    17.9995    17.9978      3.963      4.002      1.119    1449.25    1449.25  0.000e+00
       6731      4.500     3.6340     3.6330    -0.0010    2.16954    2.16946          1     7.6326     7.5992      43.11     0.7881     0.3569  6.876e-02  0.9018000    22.6461    22.6459    -0.0002    17.9994    17.9993      4.458      4.502      1.324    1449.26    1449.25  0.000e+00
       6739      5.000     3.6306     3.6306    -0.0001    2.16950    2.16951          1     7.6385     7.5938      42.79     0.7854     0.3537  4.861e-02  0.5472000    22.6478    22.6479     0.0001    18.0010    18.0011      4.954      5.003      1.439    1449.25    1449.25  0.000e+00
       6747      5.500     3.6308     3.6309     0.0001    2.16949    2.16947          1     7.6360     7.5906      42.54     0.7853     0.3536  3.246e-02  0.5382000    22.6475    22.6471    -0.0004    18.0007    18.0004      5.449      5.503      1.358    1449.26    1449.26  0.000e+00
       6754      6.000     3.6300     3.6308     0.0008    2.16958    2.16953          1     7.6350     7.5910      42.22     0.7886     0.3548  1.524e-02  0.5383000    22.6488    22.6476    -0.0012    18.0018    18.0008      5.945      6.003      1.133    1449.27    1449.27  0.000e+00
       6786      6.500     3.6306     3.6314     0.0008    2.16942    2.16931          1     7.6339     7.6018      40.90     0.7859     0.3291  1.520e-03  0.5310000    22.6463    22.6445    -0.0018    17.9998    17.9983      6.440      6.503      0.463    1449.27    1449.27  0.000e+00
       6819      7.000     3.6306     3.6318     0.0012    2.16819    2.16940          1     7.6354     7.6092      40.45     0.7981     0.3182 -4.585e-05  0.8316000    22.6321    22.6451     0.0130    17.9885    17.9988      6.935      7.004      0.622    1449.26    1449.28  0.000e+00
       6835      7.500     3.6304     3.6307     0.0003    2.16957    2.16830          1     7.6337     7.6051      40.37     0.8313     0.3124  1.000e-12  0.6181000    22.6479    22.6331    -0.0148    18.0011    17.9893      7.431      7.504      0.798    1449.29    1449.27  0.000e+00
       6849      8.000     3.6292     3.6296     0.0005    2.17043    2.17050          1     7.6288     7.5991      40.03     0.8466     0.3138  1.000e-12  0.5397000    22.6583    22.6587     0.0004    18.0094    18.0097      7.926      8.004      0.884    1449.31    1449.31  0.000e+00
       6861      8.500     3.6297     3.6306     0.0008    2.17125    2.17102          1     7.6243     7.5905      39.49     0.8545     0.3109  1.000e-12  0.5405000    22.6670    22.6639    -0.0031    18.0163    18.0138      8.421      8.504      0.900    1449.33    1449.33  0.000e+00
       6875      9.000     3.6303     3.6310     0.0008    2.17156    2.17125          1     7.6265     7.5832      38.85     0.8537     0.3116  1.000e-12  0.5404000    22.6701    22.6660    -0.0041    18.0187    18.0154      8.917      9.005      0.823    1449.34    1449.34  0.000e+00
       6891      9.500     3.6300     3.6309     0.0009    2.17162    2.17171          1     7.6268     7.5685      38.12     0.7746     0.3694  1.000e-12  0.5632000    22.6707    22.6712     0.0005    18.0192    18.0195      9.412      9.505      0.677    1449.35    1449.36  0.000e+00
       6912     10.000     3.6309     3.6317     0.0008    2.17231    2.17227          1     7.5714     7.5222      37.42     0.8042     0.3784  1.000e-12  0.5380000    22.6778    22.6768    -0.0010    18.0248    18.0240      9.907     10.005      0.536    1449.37    1449.37  0.000e+00
       6937     10.500     3.6316     3.6332     0.0016    2.17248    2.17294          1     7.5345     7.4872      36.98     0.8272     0.3555  1.000e-12  0.5393000    22.6790    22.6831     0.0041    18.0257    18.0289     10.403     10.506      0.467    1449.38    1449.40  0.000e+00
       6961     11.000     3.6478     3.6514     0.0035    2.17898    2.18020          1     7.5599     7.5310      36.52     0.8427     0.3437  1.000e-12  0.5440000    22.7417    22.7531     0.0114    18.0744    18.0833     10.898     11.006      0.651    1449.54    1449.57  0.000e+00
       6977     11.500     3.7238     3.7319     0.0080    2.21159    2.21452          1     7.5362     7.5374      36.12     0.8526     0.3314  1.000e-12  0.5438000    23.0599    23.0876     0.0277    18.3220    18.3434     11.393     11.506      0.848    1450.29    1450.36  0.000e+00
       6989     12.000     3.8249     3.8243    -0.0008    2.25184    2.25058          1     7.4931     7.5080      35.67     0.8191     0.3320  1.000e-12  0.5991000    23.4466    23.4328    -0.0138    18.6220    18.6110     11.889     12.006      0.941    1451.23    1451.21  0.000e+00
       7002     12.500     3.9358     3.9428     0.0071    2.29094    2.29347          1     7.4535     7.4639      35.20     0.8188     0.3484  1.000e-12  0.6050000    23.8117    23.8352     0.0235    18.9037    18.9219     12.384     12.506      0.936    1452.18    1452.25  0.000e+00
       7015     13.000     3.9875     3.9900     0.0027    2.31000    2.31067          1     7.4244     7.4230      34.63     0.9325     0.3491  1.000e-12  0.6920000    23.9905    23.9963     0.0058    19.0418    19.0462     12.880     13.006      0.843    1452.65    1452.66  0.000e+00
       7031     13.500     3.9989     3.9996     0.0006    2.32244    2.32209          1     7.3809     7.3726      34.04     0.9391     0.3593  1.000e-12  0.7244000    24.1234    24.1190    -0.0044    19.1463    19.1428     13.375     13.505      0.660    1452.87    1452.87  0.000e+00
       7056     14.000     4.0052     4.0058     0.0005    2.32998    2.32907          1     7.2717     7.2576      33.37     0.8632     0.3587  1.000e-12  0.7739000    24.2043    24.1936    -0.0108    19.2101    19.2015     13.870     14.005      0.419    1453.01    1453.00  0.000e+00
       7087     14.500     4.0078     4.0078    -0.0000    2.33753    2.33673          1     6.9675     6.9561      32.85     0.8088     0.3116  1.000e-12  0.7979000    24.2881    24.2791    -0.0090    19.2764    19.2692     14.366     14.505      0.514    1453.14    1453.13  0.000e+00
       7105     15.000     4.0485     4.0481    -0.0004    2.36834    2.36621          1     7.1220     7.1315      32.48     0.8324     0.3295  1.000e-12  0.8106000    24.6084    24.5844    -0.0239    19.5273    19.5084     14.861     15.004      0.763    1453.73    1453.70  0.000e+00
       7119     15.500     4.0524     4.0530     0.0002    2.38635    2.38621          1     7.1068     7.1861      32.09     0.7492     0.3170  1.000e-12  0.8828000    24.8103    24.8084    -0.0020    19.6872    19.6856     15.356     15.504      0.903    1454.01    1454.01  0.000e+00
       7131     16.000     4.2882     4.2778    -0.0094    2.46767    2.46388          1     6.9666     7.0994      31.65     0.7467     0.2695  1.000e-12  0.8883000    25.5536    25.5184    -0.0352    20.2575    20.2303     15.852     16.003      0.966    1455.98    1455.89  0.000e+00
       7143     16.500     4.9310     4.9886     0.0568    2.65456    2.66845          1     6.8033     6.9396      31.19     0.6431     0.2726  1.000e-12  0.9181000    27.1527    27.2619     0.1092    21.4664    21.5472     16.347     16.502      0.956    1460.72    1461.10  0.000e+00
       7156     17.000     5.2893     5.2903     0.0013    2.81563    2.81646          1     6.7013     6.7875      30.66     0.6388     0.3177  1.000e-12  0.9153000    28.6661    28.6747     0.0086    22.6284    22.6351     16.842     17.000      0.874    1464.14    1464.15  0.000e+00
       7171     17.500     5.1960     5.1978     0.0017    2.88102    2.87872          1     6.6448     6.6779      30.09     0.4075     0.3174  1.000e-12  0.8209000    29.4831    29.4556    -0.0275    23.2843    23.2623     17.338     17.498      0.724    1464.80    1464.77  0.000e+00
       7191     18.000     5.2005     5.2009     0.0005    2.94847    2.95212          1     6.6171     6.6089      29.43     0.3867     0.3147  1.000e-12  0.8854000    30.2413    30.2822     0.0409    23.8836    23.9159     17.833     17.996      0.537    1465.79    1465.84  0.000e+00
       7218     18.500     5.2029     5.2030     0.0001    2.99015    2.99115          1     6.6214     6.6002      28.75     0.3902     0.3154  1.000e-12  0.9425000    30.7112    30.7224     0.0112    24.2551    24.2640     18.328     18.493      0.449    1466.40    1466.42  0.000e+00
       7243     19.000     5.1709     5.1722     0.0012    3.02994    3.02900          1     6.6216     6.6041      28.25     0.4064     0.3167  1.000e-12  0.9751000    31.1927    31.1808    -0.0119    24.6396    24.6301     18.824     18.990      0.515    1466.89    1466.88  0.000e+00
       7264     19.500     5.1385     5.1365    -0.0018    3.07543    3.07503          1     6.6405     6.6224      27.82     0.4068     0.3161  1.000e-12  1.0534000    31.7414    31.7387    -0.0027    25.0776    25.0757     19.319     19.487      0.579    1467.47    1467.45  0.000e+00
       7284     20.000     5.0373     5.0387     0.0013    3.07941    3.07939          1     6.6620     6.6359      27.40     0.4003     0.3159  1.000e-12  1.1316000    31.8831    31.8814    -0.0017    25.2009    25.1994     19.815     19.984      0.612    1467.24    1467.24  0.000e+00
       7304     20.500     5.0075     5.0074    -0.0000    3.07873    3.07865          1     6.6786     6.6482      26.97     0.4094     0.3155  1.000e-12  1.1621000    31.9036    31.9027    -0.0009    25.2203    25.2196     20.310     20.480      0.630    1467.15    1467.15  0.000e+00
       7322     21.000     4.9795     4.9798     0.0003    3.08157    3.08155          1     6.7114     6.6793      26.44     0.3889     0.3160  1.000e-12  1.1762000    31.9628    31.9623    -0.0005    25.2702    25.2698     20.805     20.977      0.612    1467.12    1467.12  0.000e+00
       7343     21.500     4.9746     4.9751     0.0005    3.08934    3.08940          1     6.7294     6.6968      25.83     0.4053     0.3175  1.000e-12  1.2158000    32.0563    32.0566     0.0003    25.3449    25.3451     21.301     21.474      0.538    1467.23    1467.23  0.000e+00
       7367     22.000     4.9960     4.9961     0.0001    3.09859    3.09862          1     6.7129     6.6794      25.28     0.4315     0.3402  1.000e-12  1.2441000    32.1416    32.1419     0.0003    25.4101    25.4103     21.796     21.970      0.455    1467.43    1467.43  0.000e+00
       7397     22.500     4.9771     4.9774     0.0003    3.10243    3.10244          1     6.7186     6.6801      24.70     0.4206     0.3174  1.000e-12  1.2482000    32.2038    32.2036    -0.0002    25.4615    25.4613     22.291     22.467      0.414    1467.44    1467.44  0.000e+00
       7423     23.000     4.9565     4.9573     0.0009    3.10514    3.10508          1     6.7280     6.6927      24.18     0.4239     0.3164  1.000e-12  1.2492000    32.2546    32.2531    -0.0015    25.5040    25.5027     22.786     22.964      0.532    1467.43    1467.43  0.000e+00
       7444     23.500     4.9352     4.9335    -0.0017    3.10752    3.10722          1     6.7188     6.7000      23.49     0.4103     0.3058  1.000e-12  1.2896000    32.3024    32.3005    -0.0018    25.5441    25.5429     23.282     23.460      0.634    1467.41    1467.40  0.000e+00
       7461     24.000     4.9531     4.9513    -0.0017    3.10993    3.10966          1     6.7144     6.7061      23.05     0.3865     0.2960  1.000e-12  1.3327000    32.3125    32.3110    -0.0014    25.5502    25.5493     23.777     23.957      0.719    1467.51    1467.50  0.000e+00
       7477     24.500     4.9574     4.9601     0.0026    3.11050    3.11070          1     6.7177     6.7088      22.67     0.4010     0.2822  1.000e-12  1.3455000    32.3146    32.3143    -0.0003    25.5514    25.5508     24.272     24.454      0.756    1467.54    1467.55  0.000e+00
       7493     25.000     4.9672     4.9678     0.0006    3.11163    3.11156          1     6.7260     6.7088      22.27     0.3982     0.3085  1.000e-12  1.3310000    32.3177    32.3164    -0.0013    25.5528    25.5517     24.768     24.950      0.726    1467.59    1467.59  0.000e+00
       7510     25.500     4.9700     4.9705     0.0005    3.11202    3.11197          1     6.7281     6.7001      21.83     0.3978     0.3131  1.000e-12  1.3092000    32.3193    32.3183    -0.0010    25.5538    25.5529     25.263     25.447      0.625    1467.61    1467.61  0.000e+00
       7534     26.000     4.9675     4.9683     0.0008    3.11217    3.11208          1     6.7191     6.6751      21.11     0.4151     0.3203  1.000e-12  1.3141000    32.3232    32.3214    -0.0018    25.5571    25.5556     25.758     25.943      0.427    1467.61    1467.61  0.000e+00
       7570     26.500     4.9588     4.9620     0.0031    3.11276    3.11187          1     6.7158     6.6773      20.62     0.4009     0.3448  1.000e-12  1.2856000    32.3381    32.3249    -0.0132    25.5699    25.5591     26.254     26.440      0.338    1467.60    1467.60  0.000e+00
       7599     27.000     4.9933     4.9879    -0.0052    3.12173    3.12091          1     6.7018     6.6881      20.26     0.4077     0.3188  1.000e-12  1.3402000    32.4075    32.4034    -0.0041    25.6211    25.6184     26.749     26.936      0.567    1467.84    1467.82  0.000e+00
       7617     27.500     5.0238     5.0253     0.0014    3.12581    3.12588          1     6.7044     6.6941      19.92     0.4068     0.3103  1.000e-12  1.3817000    32.4244    32.4238    -0.0006    25.6311    25.6304     27.244     27.433      0.777    1468.00    1468.00  0.000e+00
