ctdpy/exports/archive_20191120_135557/received_data/SBE09_0827_20180828_0925_26_01_0923.cnv
* Sea-Bird SBE 9 Data File:
* FileName = D:\CTD_SBE911\DAT\26DA.2018.8.123.hex
* Software Version Seasave V 7.21d
* Temperature SN = 034605
* Conductivity SN = 041844
* Number of Bytes Per Scan = 48
* Number of Voltage Words = 5
* Number of Scans Averaged by the Deck Unit = 1
* NMEA Latitude = 56 54.13 N
* NMEA Longitude = 011 43.12 E
* NMEA UTC (Time) = Aug 28 2018  09:28:05
* NMEA baud rate = 4800
** Ship: DANA
** Average sound velocity: 1502.97 m/s
** True-depth calculation Thu, 28 Mar 2019 09:54:17 +0000
** CTD Python Module SMHI /ver 3-12/ feb 2012 
** LIMS Job: 20182601-0923
**  SANDEN
** Operator: Christian
** Cruise: 08/2018
# nquan = 26
# nvalues = 108                         
# units = specified
# name 0 = scan: Scan Count
# name 1 = prDM: Pressure, Digiquartz [db]
# name 2 = t090C: Temperature [ITS-90, deg C]
# name 3 = t190C: Temperature, 2 [ITS-90, deg C]
# name 4 = T2-T190C: Temperature Difference, 2 - 1 [ITS-90, deg C]
# name 5 = c0S/m: Conductivity [S/m]
# name 6 = c1S/m: Conductivity, 2 [S/m]
# name 7 = pumps: Pump Status
# name 8 = sbeox1ML/L: Oxygen, SBE 43, 2 [ml/l]
# name 9 = sbeox0ML/L: Oxygen, SBE 43 [ml/l]
# name 10 = altM: Altimeter [m]
# name 11 = chloroflTC0: Chlorophyll, Turner Cyclops [ug/l]
# name 12 = cpar: CPAR/Corrected Irradiance [%]
# name 13 = par: PAR/Irradiance, Biospherical/Lico [µE/(cm^2*s)]
# name 14 = spar: SPAR, Biospherical/Licor
# name 15 = sal00: Salinity, Practical [PSU]
# name 16 = sal11: Salinity, Practical, 2 [PSU]
# name 17 = secS-priS: Salinity, Practical, Difference, 2 - 1 [PSU]
# name 18 = sigma-t00: Density [sigma-t, kg/m^3 ]
# name 19 = sigma-t11: Density, 2 [sigma-t, kg/m^3 ]
# name 20 = depSM: Depth [salt water, m], lat = 56.9022
# name 21 = depFM: Depth [true depth, m], lat = 56.9022
# name 22 = dz/dtM: Descent Rate [m/s], WS = 2
# name 23 = svCM: Sound Velocity [Chen-Millero, m/s]
# name 24 = svCM1: Sound Velocity, 2 [Chen-Millero, m/s]
# name 25 = flag: flag
# span 0 =          1,       5368       
# span 1 =      2.000,     55.500       
# span 2 =     9.6798,    17.8006       
# span 3 =     9.7252,    17.8349       
# span 4 =    -0.1865,     0.6507       
# span 5 =   3.102878,   4.130102       
# span 6 =   3.103176,   4.132051       
# span 7 =          1,          1       
# span 8 =     4.0351,     6.0212       
# span 9 =     3.9905,     5.7021       
# span 10 =      -0.79,       9.98      
# span 11 =    -0.0121,     0.5836      
# span 12 = -8.130e-07, 8.3506e+00      
# span 13 = -1.215e-05, 1.1186e+02      
# span 14 = 1.3332e+03, 1.6949e+03      
# span 15 =    22.7900,    33.1688      
# span 16 =    22.7920,    33.1939      
# span 17 =    -0.0417,     2.6737      
# span 18 =    16.0020,    25.5753      
# span 19 =    16.0035,    25.5876      
# span 20 =      1.982,     54.984      
# span 21 =      2.005,     55.316      
# span 22 =     -0.158,      0.366      
# span 23 =    1487.35,    1510.46      
# span 24 =    1487.55,    1510.46      
# span 25 = 0.0000e+00, 0.0000e+00      
# interval = decibars: 0.5              
# start_time = Aug 28 2018 09:28:05 [NMEA time, first data scan]
# bad_flag = -9.990e-29
*END*
[from data line 56]
       2866     30.000    16.6332    16.6187    -0.0144    4.10430    4.10446          1     5.0336     4.7877       9.97     0.0440  3.746e-02  5.565e-01  1.485e+03    31.9381    31.9510     0.0129    23.2503    23.2636     29.723     29.962      0.306    1508.71    1508.68  0.000e+00
       2903     30.500    16.6094    16.5991    -0.0103    4.10280    4.10325          1     5.0397     4.7736       9.97     0.0434  3.408e-02  5.051e-01  1.482e+03    31.9438    31.9559     0.0122    23.2602    23.2718     30.218     30.459      0.267    1508.65    1508.63  0.000e+00
       2965     31.000    16.5944    16.5903    -0.0042    4.10186    4.10251          1     5.0355     4.7882       9.97     0.0441  3.103e-02  4.575e-01  1.474e+03    31.9475    31.9564     0.0089    23.2664    23.2742     30.713     30.957      0.254    1508.62    1508.62  0.000e+00
       3003     31.500    16.5800    16.5755    -0.0045    4.10074    4.10138          1     5.0207     4.7915       9.97     0.0438  2.795e-02  4.108e-01  1.470e+03    31.9491    31.9581     0.0091    23.2709    23.2789     31.209     31.455      0.349    1508.58    1508.58  0.000e+00
       3042     32.000    16.5725    16.5596    -0.0128    4.10048    4.10097          1     5.0315     4.7739       9.97     0.0438  2.491e-02  3.653e-01  1.467e+03    31.9526    31.9672     0.0145    23.2754    23.2895     31.704     31.952      0.233    1508.57    1508.55  0.000e+00
       3110     32.500    16.3494    16.2866    -0.0627    4.08717    4.08596          1     5.0037     4.7307       9.97     0.0422  2.241e-02  3.281e-01  1.464e+03    32.0149    32.0549     0.0399    23.3740    23.4189     32.199     32.450      0.242    1507.97    1507.82  0.000e+00
       3151     33.000    16.2391    16.2247    -0.0147    4.07979    4.08066          1     4.9799     4.7275       9.97     0.0428  1.971e-02  2.887e-01  1.464e+03    32.0389    32.0581     0.0193    23.4174    23.4354     32.695     32.948      0.319    1507.66    1507.64  0.000e+00
       3193     33.500    16.2328    16.2231    -0.0097    4.07926    4.07998          1     4.9854     4.7403       9.97     0.0439  1.715e-02  2.513e-01  1.466e+03    32.0391    32.0532     0.0140    23.4190    23.4320     33.190     33.445      0.244    1507.65    1507.64  0.000e+00
       3249     34.000    16.2169    16.2109    -0.0059    4.07824    4.07918          1     4.9758     4.7278       9.97     0.0433  1.517e-02  2.230e-01  1.470e+03    32.0428    32.0558     0.0130    23.4254    23.4367     33.685     33.943      0.219    1507.61    1507.61  0.000e+00
       3296     34.500    16.1656    16.1497    -0.0160    4.07531    4.07615          1     4.9841     4.7168       9.97     0.0442  1.300e-02  1.917e-01  1.475e+03    32.0582    32.0784     0.0202    23.4487    23.4679     34.181     34.440      0.304    1507.48    1507.46  0.000e+00
       3334     35.000    16.0848    16.0375    -0.0471    4.07016    4.06980          1     4.9678     4.7023       9.97     0.0428  1.084e-02  1.601e-01  1.476e+03    32.0780    32.1131     0.0351    23.4821    23.5197     34.676     34.938      0.299    1507.26    1507.16  0.000e+00
       3385     35.500    15.9174    15.8640    -0.0534    4.05951    4.05911          1     4.9350     4.6904       9.97     0.0422  9.030e-03  1.334e-01  1.477e+03    32.1194    32.1592     0.0398    23.5514    23.5939     35.171     35.436      0.202    1506.80    1506.68  0.000e+00
       3442     36.000    15.7786    15.7512    -0.0277    4.05051    4.05109          1     4.9230     4.6799       9.97     0.0400  7.259e-03  1.073e-01  1.478e+03    32.1524    32.1797     0.0274    23.6076    23.6347     35.667     35.933      0.303    1506.41    1506.36  0.000e+00
       3478     36.500    15.6983    15.6662    -0.0321    4.04580    4.04642          1     4.9224     4.6939       9.97     0.0437  5.577e-03  8.252e-02  1.480e+03    32.1758    32.2074     0.0316    23.6434    23.6748     36.162     36.431      0.294    1506.20    1506.13  0.000e+00
       3533     37.000    15.6413    15.5998    -0.0413    4.04188    4.04242          1     4.9515     4.6424       9.97     0.0426  4.066e-03  6.034e-02  1.484e+03    32.1873    32.2259     0.0387    23.6648    23.7037     36.657     36.928      0.216    1506.04    1505.95  0.000e+00
       3580     37.500    14.8765    14.7047    -0.1718    3.98434    3.98842          1     4.8373     4.5108       9.97     0.0434  2.744e-03  4.082e-02  1.488e+03    32.3003    32.4800     0.1797    23.9174    24.0925     37.153     37.426      0.310    1503.75    1503.41  0.000e+00
       3618     38.000    14.4038    14.3233    -0.0806    3.95271    3.95361          1     4.7622     4.5463       9.97     0.0417  1.343e-03  2.003e-02  1.492e+03    32.4060    32.4817     0.0757    24.0994    24.1746     37.648     37.923      0.296    1502.37    1502.20  0.000e+00
       3659     38.500    14.3194    14.2938    -0.0256    3.94661    3.94958          1     4.7430     4.5619       9.97     0.0401  2.012e-04  3.007e-03  1.495e+03    32.4207    32.4694     0.0487    24.1284    24.1713     38.143     38.420      0.294    1502.12    1502.10  0.000e+00
       3706     39.000    14.2234    14.1774    -0.0461    3.93975    3.94156          1     4.7350     4.5520       9.97     0.0412 -8.130e-07 -1.215e-05  1.500e+03    32.4382    32.4935     0.0552    24.1619    24.2141     38.638     38.917      0.212    1501.84    1501.76  0.000e+00
       3763     39.500    14.1569    14.1171    -0.0398    3.93533    3.93613          1     4.7252     4.5442       9.97     0.0407  6.640e-14  1.000e-12  1.506e+03    32.4533    32.4941     0.0408    24.1874    24.2271     39.134     39.415      0.288    1501.65    1501.57  0.000e+00
       3799     40.000    14.1027    14.0795    -0.0232    3.93162    3.93364          1     4.7269     4.5345       9.97     0.0399  6.640e-14  1.000e-12  1.506e+03    32.4645    32.5028     0.0383    24.2072    24.2416     39.629     39.912      0.319    1501.49    1501.46  0.000e+00
       3845     40.500    13.9918    13.9523    -0.0396    3.92395    3.92563          1     4.6975     4.5006       9.97     0.0416  6.662e-14  1.000e-12  1.501e+03    32.4872    32.5362     0.0490    24.2476    24.2935     40.124     40.409      0.202    1501.17    1501.10  0.000e+00
       3906     41.000    13.7697    13.7486    -0.0211    3.90687    3.90863          1     4.6703     4.5069       9.97     0.0429  6.691e-14  1.000e-12  1.495e+03    32.5170    32.5512     0.0342    24.3161    24.3468     40.620     40.906      0.282    1500.48    1500.45  0.000e+00
       3940     41.500    13.7421    13.7065    -0.0357    3.90656    3.90778          1     4.6859     4.5008       9.97     0.0450  6.690e-14  1.000e-12  1.495e+03    32.5373    32.5790     0.0417    24.3374    24.3768     41.115     41.403      0.355    1500.42    1500.36  0.000e+00
       3982     42.000    13.6956    13.6355    -0.0600    3.90324    3.90223          1     4.6639     4.4967       9.97     0.0416  6.690e-14  1.000e-12  1.495e+03    32.5459    32.5876     0.0417    24.3534    24.3978     41.610     41.901      0.229    1500.29    1500.14  0.000e+00
       4041     42.500    13.5852    13.5356    -0.0496    3.89440    3.89427          1     4.6545     4.4883       9.97     0.0417  6.693e-14  1.000e-12  1.494e+03    32.5573    32.5984     0.0411    24.3846    24.4264     42.106     42.398      0.245    1499.95    1499.83  0.000e+00
       4081     43.000    13.4400    13.3467    -0.0934    3.88341    3.88114          1     4.6367     4.4756       9.97     0.0417  6.701e-14  1.000e-12  1.492e+03    32.5784    32.6369     0.0585    24.4301    24.4940     42.601     42.895      0.322    1499.50    1499.26  0.000e+00
       4123     43.500    13.2897    13.1177    -0.1721    3.87143    3.86400          1     4.6118     4.4401       9.97     0.0401  6.708e-14  1.000e-12  1.491e+03    32.5945    32.6724     0.0779    24.4726    24.5670     43.096     43.392      0.244    1499.03    1498.55  0.000e+00
       4176     44.000    13.0110    12.9131    -0.0976    3.85107    3.84853          1     4.5752     4.4187       9.97     0.0391  6.696e-14  1.000e-12  1.494e+03    32.6421    32.7025     0.0604    24.5646    24.6306     43.592     43.889      0.233    1498.16    1497.91  0.000e+00
       4223     44.500    12.8592    12.7952    -0.0642    3.84101    3.84039          1     4.5483     4.4012       9.97     0.0392  6.680e-14  1.000e-12  1.497e+03    32.6777    32.7272     0.0496    24.6219    24.6727     44.087     44.386      0.287    1497.70    1497.55  0.000e+00
       4264     45.000    12.7944    12.7200    -0.0744    3.83620    3.83457          1     4.5240     4.3982       9.97     0.0393  6.653e-14  1.000e-12  1.503e+03    32.6879    32.7369     0.0490    24.6424    24.6948     44.582     44.883      0.276    1497.51    1497.31  0.000e+00
       4310     45.500    12.7321    12.6630    -0.0691    3.83184    3.82958          1     4.5235     4.3953       9.97     0.0395  6.577e-14  1.000e-12  1.520e+03    32.7003    32.7387     0.0384    24.6641    24.7073     45.078     45.380      0.254    1497.32    1497.13  0.000e+00
       4358     46.000    12.6762    12.6240    -0.0522    3.82740    3.82608          1     4.5304     4.3888       9.95     0.0409  6.507e-14  1.000e-12  1.537e+03    32.7063    32.7391     0.0328    24.6796    24.7151     45.573     45.877      0.258    1497.15    1497.01  0.000e+00
       4402     46.500    12.6337    12.5568    -0.0769    3.82383    3.82046          1     4.5046     4.3911       9.60     0.0414  6.451e-14  1.000e-12  1.550e+03    32.7091    32.7437     0.0346    24.6899    24.7316     46.068     46.374      0.277    1497.01    1496.80  0.000e+00
       4446     47.000    12.5839    12.5003    -0.0836    3.81962    3.81560          1     4.4791     4.3903       9.10     0.0416  6.385e-14  1.000e-12  1.566e+03    32.7120    32.7463     0.0343    24.7018    24.7444     46.563     46.871      0.265    1496.86    1496.61  0.000e+00
       4497     47.500    12.5489    12.4577    -0.0912    3.81678    3.81183          1     4.5017     4.3882       8.57     0.0400  6.278e-14  1.000e-12  1.593e+03    32.7151    32.7472     0.0321    24.7109    24.7533     47.059     47.368      0.209    1496.75    1496.48  0.000e+00
       4551     48.000    12.5060    12.4177    -0.0883    3.81349    3.80975          1     4.4897     4.3611       8.09     0.0415  6.109e-14  1.000e-12  1.637e+03    32.7207    32.7619     0.0412    24.7235    24.7723     47.554     47.865      0.278    1496.62    1496.37  0.000e+00
       4589     48.500    12.3703    12.3484    -0.0217    3.80316    3.80518          1     4.4753     4.3392       7.60     0.0440  6.016e-14  1.000e-12  1.662e+03    32.7400    32.7785     0.0385    24.7644    24.7984     48.049     48.362      0.301    1496.19    1496.16  0.000e+00
       4644     49.000    12.1905    12.2219     0.0316    3.79013    3.79670          1     4.4899     4.2948       7.11     0.0446  5.900e-14  1.000e-12  1.695e+03    32.7717    32.8074     0.0357    24.8231    24.8449     48.545     48.859      0.203    1495.62    1495.77  0.000e+00
       4698     49.500    11.5634    11.6574     0.0938    3.74335    3.76249          1     4.4041     4.1457       6.62     0.0447  5.904e-14  1.000e-12  1.694e+03    32.8706    32.9741     0.1035    25.0161    25.0792     49.040     49.356      0.326    1493.59    1494.04  0.000e+00
       4732     50.000    11.2597    11.2984     0.0387    3.72305    3.73068          1     4.3065     4.1732       6.14     0.0448  6.053e-14  1.000e-12  1.652e+03    32.9416    32.9821     0.0404    25.1266    25.1510     49.535     49.853      0.319    1492.63    1492.81  0.000e+00
       4786     50.500    11.2874    11.2924     0.0047    3.72536    3.73020          1     4.2881     4.2049       5.92     0.0448  6.296e-14  1.000e-12  1.589e+03    32.9395    32.9826     0.0432    25.1199    25.1526     50.031     50.350      0.208    1492.73    1492.80  0.000e+00
       4840     51.000    11.2535    11.2660     0.0126    3.72224    3.72731          1     4.2843     4.1828       6.05     0.0449  6.450e-14  1.000e-12  1.550e+03    32.9387    32.9775     0.0388    25.1254    25.1533     50.526     50.846      0.298    1492.62    1492.71  0.000e+00
       4879     51.500    10.9946    11.1197     0.1251    3.70046    3.71566          1     4.2871     4.1966       5.31     0.0451  6.503e-14  1.000e-12  1.538e+03    32.9552    32.9934     0.0382    25.1845    25.1920     51.021     51.343      0.287    1491.74    1492.22  0.000e+00
       4927     52.000    10.8227    11.1089     0.2863    3.68646    3.71363          1     4.2800     4.1698       4.27     0.0454  6.544e-14  1.000e-12  1.528e+03    32.9705    32.9828     0.0123    25.2266    25.1856     51.516     51.840      0.226    1491.15    1492.18  0.000e+00
       4983     52.500    10.4571    10.9922     0.5349    3.65685    3.70482          1     4.2767     4.1584       3.78     0.0460  6.569e-14  1.000e-12  1.522e+03    33.0046    33.0001    -0.0045    25.3167    25.2199     52.012     52.337      0.219    1489.91    1491.80  0.000e+00
       5030     53.000    10.0688    10.6924     0.6236    3.62902    3.68443          1     4.2566     4.0219       3.30     0.0470  6.574e-14  1.000e-12  1.521e+03    33.0773    33.0676    -0.0097    25.4391    25.3250     52.507     52.833      0.302    1488.61    1490.83  0.000e+00
       5071     53.500     9.7499    10.4006     0.6507    3.60734    3.66200          1     4.2341     3.9923       2.81     0.0475  6.568e-14  1.000e-12  1.522e+03    33.1490    33.1074    -0.0417    25.5483    25.4064     53.002     53.330      0.244    1487.55    1489.84  0.000e+00
       5128     54.000     9.7247    10.1109     0.3862    3.60552    3.64022          1     4.1525     3.9965       3.36     0.0468  6.555e-14  1.000e-12  1.526e+03    33.1534    33.1519    -0.0015    25.5559    25.4904     53.498     53.826      0.220    1487.47    1488.87  0.000e+00
       5179     54.500     9.7118     9.8976     0.1858    3.60481    3.62415          1     4.1095     4.0017       2.87     0.0465  6.536e-14  1.000e-12  1.530e+03    33.1577    33.1840     0.0263    25.5614    25.5512     53.993     54.323      0.252    1487.44    1488.15  0.000e+00
       5222     55.000     9.6874     9.8206     0.1332    3.60332    3.61730          1     4.0712     3.9955       2.62     0.0475  6.502e-14  1.000e-12  1.538e+03    33.1648    33.1849     0.0201    25.5710    25.5647     54.488     54.820      0.262    1487.37    1487.88  0.000e+00
       5368     55.500     9.6798     9.7252     0.0450    3.60305    3.60959          1     4.0351     3.9905      -0.79     0.0470  6.463e-14  1.000e-12  1.547e+03    33.1688    33.1939     0.0251    25.5753    25.5876     54.984     55.316     -0.158    1487.35    1487.55  0.000e+00
