ctdpy/exports/archive_20191120_135557/received_data/SBE09_0827_20181006_0944_26_01_1025.cnv
* Sea-Bird SBE 9 Data File:
* FileName = D:\CTD_SBE911\DAT\26DA.2018.10.25.hex
* Software Version Seasave V 7.21d
* Temperature SN = 4548
* Conductivity SN = 3062
* Number of Bytes Per Scan = 48
* Number of Voltage Words = 5
* Number of Scans Averaged by the Deck Unit = 1
* NMEA Latitude = 57 40.77 N
* NMEA Longitude = 017 24.31 E
* NMEA UTC (Time) = Oct 06 2018  09:46:55
* NMEA baud rate = 4800
** Ship: DANA
** Average sound velocity: 1445.36 m/s
** True-depth calculation Thu, 28 Mar 2019 12:18:51 +0000
** CTD Python Module SMHI /ver 3-12/ feb 2012 
** LIMS Job: 20182601-1025
** Operator: Christian
** Cruise: 10/2018
# nquan = 26
# nvalues = 298                         
# units = specified
# name 0 = scan: Scan Count
# name 1 = prDM: Pressure, Digiquartz [db]
# name 2 = t090C: Temperature [ITS-90, deg C]
# name 3 = t190C: Temperature, 2 [ITS-90, deg C]
# name 4 = T2-T190C: Temperature Difference, 2 - 1 [ITS-90, deg C]
# name 5 = c0S/m: Conductivity [S/m]
# name 6 = c1S/m: Conductivity, 2 [S/m]
# name 7 = pumps: Pump Status
# name 8 = sbeox1ML/L: Oxygen, SBE 43, 2 [ml/l]
# name 9 = sbeox0ML/L: Oxygen, SBE 43 [ml/l]
# name 10 = altM: Altimeter [m]
# name 11 = chloroflTC0: Chlorophyll, Turner Cyclops [ug/l]
# name 12 = cpar: CPAR/Corrected Irradiance [%]
# name 13 = par: PAR/Irradiance, Biospherical/Lico [µE/(cm^2*s)]
# name 14 = spar: SPAR, Biospherical/Licor
# name 15 = sal00: Salinity, Practical [PSU]
# name 16 = sal11: Salinity, Practical, 2 [PSU]
# name 17 = secS-priS: Salinity, Practical, Difference, 2 - 1 [PSU]
# name 18 = sigma-t00: Density [sigma-t, kg/m^3 ]
# name 19 = sigma-t11: Density, 2 [sigma-t, kg/m^3 ]
# name 20 = depSM: Depth [salt water, m], lat = 57.6795
# name 21 = depFM: Depth [true depth, m], lat = 57.6795
# name 22 = dz/dtM: Descent Rate [m/s], WS = 2
# name 23 = svCM: Sound Velocity [Chen-Millero, m/s]
# name 24 = svCM1: Sound Velocity, 2 [Chen-Millero, m/s]
# name 25 = flag: flag
# span 0 =        208,      12779       
# span 1 =      1.500,    150.000       
# span 2 =     4.2670,    10.0119       
# span 3 =     4.2337,    10.0123       
# span 4 =    -0.4351,     0.2112       
# span 5 =   0.789499,   1.182172       
# span 6 =   0.787614,   1.182174       
# span 7 =          1,          1       
# span 8 =     0.0259,     7.5154       
# span 9 =     0.0232,     6.9961       
# span 10 =       0.55,      10.26      
# span 11 =     0.0162,     0.0339      
# span 12 = -2.610e-04, 8.3715e+00      
# span 13 = -1.086e-03, 3.3436e+01      
# span 14 = 3.9195e+02, 4.8943e+02      
# span 15 =     7.0282,    10.8933      
# span 16 =     7.0284,    10.8929      
# span 17 =    -0.0861,     0.1104      
# span 18 =     5.1893,     8.5596      
# span 19 =     5.1894,     8.5592      
# span 20 =      1.486,    148.559      
# span 21 =      1.520,    151.648      
# span 22 =      0.067,      0.685      
# span 23 =    1433.35,    1456.18      
# span 24 =    1433.17,    1456.17      
# span 25 = 0.0000e+00, 0.0000e+00      
# interval = decibars: 0.5              
# start_time = Oct 06 2018 09:46:55 [NMEA time, first data scan]
# bad_flag = -9.990e-29
*END*
        208      1.500    10.0051    10.0076     0.0025    0.87448    0.87454          1     7.3457     6.8670      10.26     0.0308  8.371e+00  3.344e+01  3.994e+02     7.0285     7.0286     0.0001     5.1903     5.1901      1.486      1.520      0.232    1455.98    1455.99  0.000e+00
        315      2.000    10.0080    10.0084     0.0004    0.87453    0.87456          1     7.3484     6.8560       8.04     0.0307  7.026e+00  2.797e+01  3.981e+02     7.0284     7.0286     0.0001     5.1899     5.1900      1.982      2.027      0.446    1456.00    1456.00  0.000e+00
        361      2.500    10.0097    10.0091    -0.0006    0.87456    0.87457          1     7.3580     6.8602      10.19     0.0323  5.414e+00  2.155e+01  3.980e+02     7.0282     7.0285     0.0002     5.1896     5.1898      2.477      2.533      0.197    1456.01    1456.01  0.000e+00
        441      3.000    10.0103    10.0105     0.0002    0.87457    0.87460          1     7.3588     6.8708       9.99     0.0311  4.793e+00  1.908e+01  3.980e+02     7.0282     7.0284     0.0002     5.1895     5.1896      2.972      3.040      0.318    1456.02    1456.03  0.000e+00
        469      3.500    10.0085    10.0102     0.0017    0.87454    0.87460          1     7.3624     6.8740      10.00     0.0315  4.046e+00  1.611e+01  3.980e+02     7.0282     7.0284     0.0002     5.1896     5.1896      3.468      3.546      0.334    1456.03    1456.03  0.000e+00
        518      4.000    10.0080    10.0093     0.0013    0.87453    0.87459          1     7.3542     6.8667      10.00     0.0317  3.463e+00  1.378e+01  3.980e+02     7.0282     7.0284     0.0002     5.1897     5.1897      3.963      4.053      0.238    1456.03    1456.04  0.000e+00
        559      4.500    10.0085    10.0092     0.0007    0.87456    0.87459          1     7.3572     6.8617      10.00     0.0323  2.993e+00  1.191e+01  3.980e+02     7.0283     7.0284     0.0002     5.1897     5.1897      4.458      4.560      0.360    1456.04    1456.04  0.000e+00
        594      5.000    10.0107    10.0102    -0.0006    0.87461    0.87462          1     7.3535     6.8628      10.00     0.0323  2.648e+00  1.054e+01  3.980e+02     7.0282     7.0284     0.0002     5.1894     5.1896      4.954      5.066      0.293    1456.06    1456.06  0.000e+00
        639      5.500    10.0098    10.0100     0.0002    0.87459    0.87462          1     7.3514     6.8644      10.00     0.0322  2.322e+00  9.245e+00  3.980e+02     7.0282     7.0284     0.0002     5.1895     5.1897      5.449      5.573      0.265    1456.06    1456.06  0.000e+00
        704      6.000    10.0098    10.0098     0.0001    0.87460    0.87462          1     7.3543     6.8686       9.99     0.0307  2.099e+00  8.357e+00  3.980e+02     7.0282     7.0284     0.0002     5.1895     5.1896      5.944      6.080      0.259    1456.07    1456.07  0.000e+00
        742      6.500    10.0103    10.0108     0.0005    0.87462    0.87465          1     7.3527     6.8657       9.99     0.0305  1.877e+00  7.471e+00  3.980e+02     7.0283     7.0284     0.0002     5.1895     5.1896      6.440      6.586      0.439    1456.08    1456.08  0.000e+00
        793      7.000    10.0105    10.0119     0.0014    0.87464    0.87468          1     7.3503     6.8628       9.99     0.0307  1.632e+00  6.495e+00  3.980e+02     7.0283     7.0284     0.0001     5.1895     5.1895      6.935      7.093      0.278    1456.09    1456.10  0.000e+00
        847      7.500    10.0116    10.0116     0.0000    0.87466    0.87468          1     7.3578     6.8632       9.99     0.0312  1.466e+00  5.837e+00  3.980e+02     7.0282     7.0284     0.0002     5.1894     5.1895      7.431      7.600      0.455    1456.10    1456.10  0.000e+00
        872      8.000    10.0116    10.0121     0.0005    0.87467    0.87470          1     7.3510     6.8544       9.99     0.0313  1.250e+00  4.977e+00  3.982e+02     7.0283     7.0284     0.0001     5.1894     5.1894      7.926      8.106      0.409    1456.11    1456.11  0.000e+00
        932      8.500    10.0116    10.0120     0.0003    0.87467    0.87470          1     7.3560     6.8609       9.99     0.0310  1.091e+00  4.361e+00  3.996e+02     7.0282     7.0284     0.0001     5.1893     5.1894      8.421      8.613      0.273    1456.12    1456.12  0.000e+00
        975      9.000    10.0119    10.0123     0.0004    0.87468    0.87471          1     7.3530     6.8648       9.99     0.0305  9.685e-01  3.875e+00  4.001e+02     7.0282     7.0284     0.0002     5.1893     5.1894      8.917      9.120      0.411    1456.13    1456.13  0.000e+00
       1013      9.500    10.0115    10.0118     0.0003    0.87468    0.87471          1     7.3470     6.8623       9.99     0.0298  8.241e-01  3.297e+00  4.001e+02     7.0283     7.0284     0.0002     5.1894     5.1895      9.412      9.626      0.288    1456.13    1456.13  0.000e+00
       1090     10.000    10.0115    10.0111    -0.0004    0.87469    0.87471          1     7.3471     6.8650       9.99     0.0305  7.388e-01  2.956e+00  4.001e+02     7.0282     7.0285     0.0003     5.1894     5.1896      9.907     10.133      0.348    1456.14    1456.14  0.000e+00
       1113     10.500    10.0093    10.0085    -0.0008    0.87465    0.87467          1     7.3600     6.8695       9.99     0.0313  6.427e-01  2.571e+00  4.001e+02     7.0283     7.0286     0.0003     5.1896     5.1899     10.403     10.639      0.436    1456.14    1456.14  0.000e+00
       1147     11.000    10.0079    10.0071    -0.0008    0.87465    0.87466          1     7.3606     6.8681       8.86     0.0320  5.484e-01  2.195e+00  4.003e+02     7.0285     7.0288     0.0003     5.1899     5.1902     10.898     11.146      0.287    1456.14    1456.14  0.000e+00
       1201     11.500    10.0058    10.0061     0.0002    0.87463    0.87466          1     7.3496     6.8660       9.99     0.0333  4.884e-01  1.964e+00  4.021e+02     7.0287     7.0288     0.0002     5.1903     5.1904     11.393     11.653      0.255    1456.14    1456.14  0.000e+00
       1238     12.000    10.0041    10.0046     0.0005    0.87463    0.87466          1     7.3432     6.8579       9.98     0.0339  4.320e-01  1.737e+00  4.021e+02     7.0289     7.0291     0.0002     5.1907     5.1908     11.889     12.159      0.386    1456.15    1456.15  0.000e+00
       1270     12.500    10.0049    10.0066     0.0017    0.87465    0.87470          1     7.3531     6.8650       9.98     0.0330  3.711e-01  1.492e+00  4.021e+02     7.0289     7.0290     0.0001     5.1906     5.1905     12.384     12.666      0.277    1456.16    1456.16  0.000e+00
       1349     13.000     9.9828     9.9757    -0.0071    0.87440    0.87436          1     7.3416     6.8681       9.98     0.0304  3.316e-01  1.338e+00  4.035e+02     7.0310     7.0320     0.0010     5.1945     5.1961     12.879     13.173      0.309    1456.08    1456.05  0.000e+00
       1381     13.500     9.9766     9.9744    -0.0021    0.87433    0.87433          1     7.3398     6.8618       8.71     0.0303  2.896e-01  1.170e+00  4.041e+02     7.0315     7.0320     0.0004     5.1956     5.1962     13.375     13.679      0.318    1456.07    1456.06  0.000e+00
       1426     14.000     9.9750     9.9726    -0.0024    0.87437    0.87436          1     7.3355     6.8590       9.99     0.0309  2.479e-01  1.002e+00  4.041e+02     7.0321     7.0325     0.0004     5.1962     5.1968     13.870     14.186      0.276    1456.07    1456.06  0.000e+00
       1463     14.500     9.9739     9.9737    -0.0002    0.87436    0.87440          1     7.3321     6.8565       9.98     0.0310  2.182e-01  8.816e-01  4.041e+02     7.0322     7.0326     0.0004     5.1965     5.1968     14.366     14.693      0.333    1456.07    1456.07  0.000e+00
       1500     15.000     9.9733     9.9727    -0.0006    0.87439    0.87444          1     7.3386     6.8551       9.98     0.0310  1.923e-01  7.802e-01  4.056e+02     7.0325     7.0331     0.0006     5.1967     5.1973     14.861     15.199      0.326    1456.08    1456.08  0.000e+00
       1537     15.500     9.9730     9.9720    -0.0011    0.87443    0.87450          1     7.3395     6.8544       9.98     0.0313  1.643e-01  6.675e-01  4.061e+02     7.0329     7.0336     0.0008     5.1971     5.1978     15.356     15.706      0.291    1456.09    1456.08  0.000e+00
       1591     16.000     9.9732     9.9745     0.0013    0.87449    0.87456          1     7.3365     6.8550       9.98     0.0317  1.396e-01  5.671e-01  4.062e+02     7.0333     7.0337     0.0004     5.1974     5.1975     15.852     16.212      0.207    1456.10    1456.10  0.000e+00
       1641     16.500     9.9742     9.9747     0.0005    0.87452    0.87457          1     7.3292     6.8565       9.97     0.0304  1.229e-01  5.008e-01  4.075e+02     7.0333     7.0337     0.0003     5.1973     5.1975     16.347     16.719      0.274    1456.11    1456.11  0.000e+00
       1691     17.000     9.9743     9.9757     0.0014    0.87454    0.87459          1     7.3431     6.8560       9.97     0.0296  1.034e-01  4.222e-01  4.082e+02     7.0334     7.0336     0.0002     5.1973     5.1973     16.842     17.226      0.228    1456.12    1456.12  0.000e+00
       1735     17.500     9.9751     9.9767     0.0016    0.87457    0.87462          1     7.3410     6.8497       9.97     0.0293  8.944e-02  3.654e-01  4.086e+02     7.0334     7.0336     0.0001     5.1973     5.1972     17.338     17.732      0.369    1456.13    1456.13  0.000e+00
       1764     18.000     9.9760     9.9778     0.0018    0.87459    0.87465          1     7.3402     6.8525       9.97     0.0293  7.316e-02  3.001e-01  4.102e+02     7.0334     7.0335     0.0002     5.1971     5.1971     17.833     18.239      0.388    1456.14    1456.14  0.000e+00
       1801     18.500     9.9768     9.9777     0.0009    0.87462    0.87465          1     7.3337     6.8520       9.97     0.0298  6.012e-02  2.466e-01  4.102e+02     7.0334     7.0336     0.0001     5.1971     5.1971     18.328     18.746      0.273    1456.15    1456.15  0.000e+00
       1849     19.000     9.9773     9.9795     0.0022    0.87463    0.87468          1     7.3259     6.8569       9.97     0.0296  4.971e-02  2.043e-01  4.111e+02     7.0334     7.0334     0.0000     5.1970     5.1968     18.824     19.252      0.309    1456.16    1456.17  0.000e+00
       1883     19.500     9.9789     9.9779    -0.0009    0.87466    0.87467          1     7.3295     6.8571       9.97     0.0285  3.791e-02  1.563e-01  4.122e+02     7.0333     7.0336     0.0002     5.1968     5.1971     19.319     19.759      0.290    1456.18    1456.17  0.000e+00
       1965     20.000     9.9786     9.9722    -0.0064    0.87466    0.87457          1     7.3447     6.8599       9.97     0.0286  3.145e-02  1.303e-01  4.143e+02     7.0333     7.0337     0.0004     5.1968     5.1978     19.814     20.266      0.335    1456.18    1456.16  0.000e+00
       1993     20.500     9.9727     9.9627    -0.0100    0.87455    0.87440          1     7.3509     6.8565       9.97     0.0278  2.257e-02  9.351e-02  4.143e+02     7.0334     7.0340     0.0006     5.1975     5.1991     20.310     20.772      0.440    1456.16    1456.13  0.000e+00
       2030     21.000     9.9637     9.9447    -0.0192    0.87439    0.87409          1     7.3505     6.8534       9.97     0.0286  1.220e-02  5.060e-02  4.147e+02     7.0338     7.0348     0.0010     5.1987     5.2016     20.805     21.279      0.249    1456.14    1456.07  0.000e+00
       2082     21.500     9.9345     9.9049    -0.0296    0.87384    0.87341          1     7.3494     6.8707       9.97     0.0283  8.682e-03  3.615e-02  4.164e+02     7.0346     7.0366     0.0020     5.2024     5.2072     21.300     21.785      0.371    1456.03    1455.92  0.000e+00
       2108     22.000     9.9082     9.8946    -0.0137    0.87342    0.87324          1     7.3495     6.8688       9.97     0.0270  2.475e-03  1.030e-02  4.164e+02     7.0360     7.0371     0.0011     5.2063     5.2086     21.796     22.292      0.436    1455.94    1455.89  0.000e+00
       2140     22.500     9.8848     9.8296    -0.0550    0.87299    0.87218          1     7.3476     6.8708       9.97     0.0277 -2.610e-04 -1.086e-03  4.185e+02     7.0368     7.0404     0.0036     5.2094     5.2180     22.291     22.799      0.280    1455.86    1455.65  0.000e+00
       2208     23.000     9.8171     9.8033    -0.0139    0.87186    0.87174          1     7.3817     6.8759       9.97     0.0271  9.610e-11  4.001e-10  4.200e+02     7.0400     7.0417     0.0017     5.2190     5.2217     22.786     23.305      0.271    1455.61    1455.55  0.000e+00
       2245     23.500     9.7821     9.7314    -0.0506    0.87126    0.87054          1     7.3844     6.8606       9.09     0.0269  2.379e-13  1.000e-12  4.204e+02     7.0417     7.0452     0.0036     5.2239     5.2319     23.282     23.812      0.343    1455.48    1455.28  0.000e+00
       2294     24.000     9.7022     9.5846    -0.1177    0.86986    0.86798          1     7.4034     6.8963       9.49     0.0270  2.374e-13  1.000e-12  4.213e+02     7.0449     7.0515     0.0066     5.2347     5.2518     23.777     24.319      0.205    1455.18    1454.72  0.000e+00
       2347     24.500     9.5602     9.4639    -0.0962    0.86722    0.86584          1     7.4185     6.9193       9.99     0.0269  2.367e-13  1.000e-12  4.225e+02     7.0496     7.0564     0.0068     5.2528     5.2677     24.272     24.825      0.392    1454.63    1454.26  0.000e+00
       2374     25.000     9.4487     9.3224    -0.1263    0.86530    0.86338          1     7.4656     6.9402       9.97     0.0269  2.366e-13  1.000e-12  4.226e+02     7.0546     7.0625     0.0079     5.2679     5.2865     24.768     25.332      0.397    1454.21    1453.72  0.000e+00
       2417     25.500     9.3039     9.1208    -0.1832    0.86273    0.85985          1     7.5154     6.9961       9.21     0.0273  2.356e-13  1.000e-12  4.245e+02     7.0604     7.0711     0.0107     5.2866     5.3126     25.263     25.838      0.237    1453.65    1452.94  0.000e+00
       2463     26.000     8.8896     8.5590    -0.3309    0.85635    0.85228          1     7.3444     6.8387       9.98     0.0264  2.356e-13  1.000e-12  4.244e+02     7.0859     7.1156     0.0297     5.3457     5.3985     25.758     26.345      0.305    1452.04    1450.74  0.000e+00
       2515     26.500     8.3593     7.9242    -0.4351    0.84850    0.84246          1     7.1145     6.6866       9.97     0.0243  2.349e-13  1.000e-12  4.258e+02     7.1216     7.1551     0.0335     5.4206     5.4827     26.253     26.851      0.240    1449.95    1448.22  0.000e+00
       2562     27.000     7.5689     7.1356    -0.4328    0.83637    0.83114          1     6.9162     6.5499       9.97     0.0222  2.345e-13  1.000e-12  4.265e+02     7.1721     7.2134     0.0414     5.5236     5.5873     26.749     27.358      0.349    1446.79    1445.04  0.000e+00
       2595     27.500     7.1508     6.8937    -0.2571    0.83044    0.82793          1     6.9482     6.5313       9.97     0.0207  2.344e-13  1.000e-12  4.265e+02     7.2037     7.2339     0.0303     5.5785     5.6198     27.244     27.864      0.315    1445.10    1444.06  0.000e+00
       2647     28.000     6.8740     6.5833    -0.2914    0.82708    0.82232          1     6.9409     6.5016       9.97     0.0200  2.334e-13  1.000e-12  4.284e+02     7.2301     7.2464     0.0163     5.6180     5.6491     27.739     28.371      0.231    1443.98    1442.77  0.000e+00
       2691     28.500     6.4534     6.1214    -0.3319    0.81817    0.81217          1     6.9293     6.5225       9.97     0.0195  2.334e-13  1.000e-12  4.285e+02     7.2345     7.2478     0.0133     5.6479     5.6775     28.235     28.877      0.401    1442.22    1440.82  0.000e+00
