ctdpy/exports/archive_20191120_135557/received_data/SBE09_0827_20180830_0959_26_01_0944.cnv
* Sea-Bird SBE 9 Data File:
* FileName = D:\CTD_SBE911\DAT\26DA.2018.8.144.hex
* Software Version Seasave V 7.21d
* Temperature SN = 034605
* Conductivity SN = 041844
* Number of Bytes Per Scan = 48
* Number of Voltage Words = 5
* Number of Scans Averaged by the Deck Unit = 1
* NMEA Latitude = 57 33.29 N
* NMEA Longitude = 011 11.73 E
* NMEA UTC (Time) = Aug 30 2018  10:02:11
* NMEA baud rate = 4800
** Ship: DANA
** Average sound velocity: 1509.72 m/s
** True-depth calculation Wed, 24 Apr 2019 11:52:32 +0000
** CTD Python Module SMHI /ver 3-12/ feb 2012 
** LIMS Job: 20182601-0944
**  7 NNW LÆSØ TRINDEL
** Operator: Christian
** Cruise: 08/2018
# nquan = 26
# nvalues = 87                          
# units = specified
# name 0 = scan: Scan Count
# name 1 = prDM: Pressure, Digiquartz [db]
# name 2 = t090C: Temperature [ITS-90, deg C]
# name 3 = t190C: Temperature, 2 [ITS-90, deg C]
# name 4 = T2-T190C: Temperature Difference, 2 - 1 [ITS-90, deg C]
# name 5 = c0S/m: Conductivity [S/m]
# name 6 = c1S/m: Conductivity, 2 [S/m]
# name 7 = pumps: Pump Status
# name 8 = sbeox1ML/L: Oxygen, SBE 43, 2 [ml/l]
# name 9 = sbeox0ML/L: Oxygen, SBE 43 [ml/l]
# name 10 = altM: Altimeter [m]
# name 11 = chloroflTC0: Chlorophyll, Turner Cyclops [ug/l]
# name 12 = cpar: CPAR/Corrected Irradiance [%]
# name 13 = par: PAR/Irradiance, Biospherical/Lico [µE/(cm^2*s)]
# name 14 = spar: SPAR, Biospherical/Licor
# name 15 = sal00: Salinity, Practical [PSU]
# name 16 = sal11: Salinity, Practical, 2 [PSU]
# name 17 = secS-priS: Salinity, Practical, Difference, 2 - 1 [PSU]
# name 18 = sigma-t00: Density [sigma-t, kg/m^3 ]
# name 19 = sigma-t11: Density, 2 [sigma-t, kg/m^3 ]
# name 20 = depSM: Depth [salt water, m], lat = 57.5548
# name 21 = depFM: Depth [true depth, m], lat = 57.5548
# name 22 = dz/dtM: Descent Rate [m/s], WS = 2
# name 23 = svCM: Sound Velocity [Chen-Millero, m/s]
# name 24 = svCM1: Sound Velocity, 2 [Chen-Millero, m/s]
# name 25 = flag: flag
# span 0 =       1025,       5483       
# span 1 =      1.500,     44.500       
# span 2 =    15.7022,    17.6412       
# span 3 =    15.6964,    17.6418       
# span 4 =    -0.1564,     0.0102       
# span 5 =   4.083942,   4.218475       
# span 6 =   4.084446,   4.218947       
# span 7 =          1,          1       
# span 8 =     4.8714,     5.6701       
# span 9 =     4.7405,     5.5134       
# span 10 =       0.56,       9.98      
# span 11 =     0.0440,     0.1948      
# span 12 = -1.736e-05, 8.7382e+00      
# span 13 = -9.484e-05, 4.6672e+01      
# span 14 = 5.3113e+02, 5.5175e+02      
# span 15 =    30.9945,    32.7735      
# span 16 =    30.9972,    32.7945      
# span 17 =    -0.0263,     0.0562      
# span 18 =    22.2945,    24.1020      
# span 19 =    22.2961,    24.1097      
# span 20 =      1.486,     44.085      
# span 21 =      1.494,     44.292      
# span 22 =     -0.096,      0.276      
# span 23 =    1506.99,    1511.34      
# span 24 =    1506.98,    1511.34      
# span 25 = 0.0000e+00, 0.0000e+00      
# interval = decibars: 0.5              
# start_time = Aug 30 2018 10:02:12 [NMEA time, first data scan]
# bad_flag = -9.990e-29
*END*
       1025      1.500    17.6329    17.6350     0.0020    4.08394    4.08445          1     5.6372     5.5051       5.97     0.1737  8.738e+00  4.667e+01  5.341e+02    30.9945    30.9972     0.0027    22.2945    22.2961      1.486      1.494      0.195    1510.18    1510.19  0.000e+00
       1084      2.000    17.6344    17.6310    -0.0034    4.09028    4.09218          1     5.5866     5.5117       7.09     0.1716  7.843e+00  4.189e+01  5.341e+02    31.0468    31.0655     0.0187    22.3342    22.3493      1.982      1.993      0.231    1510.25    1510.26  0.000e+00
       1135      2.500    17.6301    17.6255    -0.0046    4.09247    4.08895          1     5.6118     5.5134       6.32     0.1774  7.006e+00  3.742e+01  5.341e+02    31.0685    31.0422    -0.0263    22.3519    22.3328      2.477      2.491      0.228    1510.27    1510.23  0.000e+00
       1190      3.000    17.6270    17.6248    -0.0022    4.08894    4.08751          1     5.5874     5.5105       6.53     0.1804  6.320e+00  3.376e+01  5.341e+02    31.0408    31.0303    -0.0104    22.3314    22.3239      2.972      2.989      0.209    1510.24    1510.22  0.000e+00
       1244      3.500    17.6246    17.6225    -0.0021    4.08868    4.09012          1     5.5588     5.5050       5.71     0.1823  5.733e+00  3.062e+01  5.341e+02    31.0402    31.0540     0.0138    22.3315    22.3425      3.468      3.487      0.242    1510.24    1510.25  0.000e+00
       1294      4.000    17.6244    17.6236    -0.0007    4.08976    4.09348          1     5.5914     5.5059       8.46     0.1804  5.235e+00  2.796e+01  5.341e+02    31.0494    31.0815     0.0321    22.3386    22.3633      3.963      3.985      0.242    1510.26    1510.29  0.000e+00
       1340      4.500    17.6249    17.6246    -0.0004    4.09373    4.09470          1     5.6466     5.4926       9.59     0.1764  4.701e+00  2.511e+01  5.342e+02    31.0824    31.0909     0.0085    22.3637    22.3703      4.458      4.483      0.270    1510.30    1510.31  0.000e+00
       1390      5.000    17.6309    17.6354     0.0046    4.09821    4.10051          1     5.6215     5.4923       9.98     0.1762  4.230e+00  2.260e+01  5.342e+02    31.1157    31.1316     0.0160    22.3877    22.3989      4.954      4.981      0.223    1510.37    1510.40  0.000e+00
       1440      5.500    17.6412    17.6418     0.0006    4.10567    4.10745          1     5.6597     5.4989       9.98     0.1767  3.854e+00  2.061e+01  5.349e+02    31.1707    31.1853     0.0146    22.4274    22.4384      5.449      5.480      0.250    1510.47    1510.49  0.000e+00
       1494      6.000    17.6343    17.6316    -0.0028    4.10812    4.10890          1     5.6701     5.4948       9.98     0.1762  3.453e+00  1.849e+01  5.355e+02    31.1965    31.2052     0.0087    22.4488    22.4561      5.945      5.978      0.202    1510.49    1510.49  0.000e+00
       1552      6.500    17.6180    17.6074    -0.0106    4.10969    4.11058          1     5.6456     5.4699       9.98     0.1763  3.133e+00  1.679e+01  5.360e+02    31.2221    31.2378     0.0157    22.4722    22.4867      6.440      6.476      0.236    1510.48    1510.46  0.000e+00
       1601      7.000    17.5985    17.5868    -0.0116    4.11116    4.11215          1     5.6487     5.4503       9.98     0.1822  2.854e+00  1.530e+01  5.361e+02    31.2494    31.2668     0.0173    22.4978    22.5138      6.935      6.974      0.227    1510.45    1510.44  0.000e+00
       1657      7.500    17.5858    17.5821    -0.0037    4.11427    4.11557          1     5.6061     5.4543       9.98     0.1809  2.562e+00  1.373e+01  5.361e+02    31.2854    31.2993     0.0139    22.5283    22.5398      7.431      7.472      0.230    1510.47    1510.47  0.000e+00
       1705      8.000    17.5665    17.5618    -0.0047    4.11586    4.11637          1     5.6257     5.4550       9.98     0.1819  2.328e+00  1.248e+01  5.361e+02    31.3135    31.3215     0.0080    22.5544    22.5616      7.926      7.970      0.248    1510.45    1510.44  0.000e+00
       1757      8.500    17.5582    17.5558    -0.0024    4.11696    4.11746          1     5.5974     5.4532       9.98     0.1825  2.099e+00  1.125e+01  5.361e+02    31.3291    31.3352     0.0061    22.5683    22.5735      8.421      8.468      0.224    1510.45    1510.45  0.000e+00
       1810      9.000    17.5475    17.5427    -0.0048    4.11847    4.11895          1     5.6023     5.4402       9.98     0.1795  1.910e+00  1.024e+01  5.361e+02    31.3500    31.3578     0.0077    22.5868    22.5939      8.917      8.966      0.224    1510.45    1510.45  0.000e+00
       1866      9.500    17.5338    17.5303    -0.0035    4.12057    4.12117          1     5.6077     5.4241       9.98     0.1782  1.735e+00  9.301e+00  5.361e+02    31.3783    31.3861     0.0078    22.6117    22.6185      9.412      9.464      0.214    1510.45    1510.45  0.000e+00
       1921     10.000    17.5285    17.5260    -0.0025    4.12358    4.12427          1     5.5609     5.4112       9.98     0.1815  1.584e+00  8.491e+00  5.361e+02    31.4078    31.4155     0.0077    22.6355    22.6420      9.907      9.962      0.226    1510.48    1510.48  0.000e+00
       1972     10.500    17.5276    17.5264    -0.0012    4.12810    4.12909          1     5.6110     5.3844       9.98     0.1876  1.442e+00  7.729e+00  5.361e+02    31.4467    31.4560     0.0093    22.6655    22.6729     10.403     10.460      0.232    1510.53    1510.53  0.000e+00
       2024     11.000    17.5280    17.5268    -0.0012    4.13926    4.14046          1     5.5604     5.3267       9.98     0.1907  1.313e+00  7.040e+00  5.361e+02    31.5410    31.5521     0.0111    22.7376    22.7464     10.898     10.958      0.239    1510.64    1510.65  0.000e+00
       2073     11.500    17.5312    17.5306    -0.0005    4.14918    4.14973          1     5.4793     5.2958       9.98     0.1948  1.198e+00  6.421e+00  5.361e+02    31.6227    31.6278     0.0051    22.7993    22.8034     11.394     11.456      0.238    1510.75    1510.76  0.000e+00
       2128     12.000    17.5286    17.5268    -0.0018    4.15246    4.15319          1     5.4490     5.2883       9.98     0.1940  1.094e+00  5.866e+00  5.361e+02    31.6525    31.6600     0.0075    22.8228    22.8290     11.889     11.954      0.211    1510.79    1510.79  0.000e+00
       2183     12.500    17.5226    17.5203    -0.0023    4.15600    4.15646          1     5.4763     5.2687       9.98     0.1919  1.002e+00  5.371e+00  5.361e+02    31.6870    31.6927     0.0057    22.8506    22.8555     12.384     12.452      0.223    1510.82    1510.82  0.000e+00
       2240     13.000    17.5073    17.5016    -0.0057    4.16030    4.16153          1     5.4359     5.2312       9.98     0.1906  9.173e-01  4.918e+00  5.361e+02    31.7354    31.7503     0.0149    22.8913    22.9041     12.880     12.950      0.206    1510.84    1510.84  0.000e+00
       2293     13.500    17.4785    17.4660    -0.0125    4.16676    4.16807          1     5.3505     5.1923       9.98     0.1891  8.437e-01  4.523e+00  5.361e+02    31.8128    31.8338     0.0210    22.9574    22.9764     13.375     13.447      0.251    1510.84    1510.83  0.000e+00
       2341     14.000    17.4481    17.4362    -0.0119    4.17297    4.17523          1     5.3874     5.1773       9.98     0.1927  7.688e-01  4.122e+00  5.361e+02    31.8894    31.9180     0.0286    23.0232    23.0479     13.870     13.945      0.242    1510.85    1510.85  0.000e+00
       2391     14.500    17.4291    17.4164    -0.0127    4.17739    4.17958          1     5.3450     5.1513       9.98     0.1881  7.046e-01  3.779e+00  5.362e+02    31.9419    31.9705     0.0287    23.0679    23.0928     14.366     14.443      0.247    1510.86    1510.86  0.000e+00
       2438     15.000    17.4197    17.4167    -0.0030    4.18301    4.18421          1     5.3273     5.1423       9.98     0.1743  6.453e-01  3.463e+00  5.367e+02    31.9971    32.0097     0.0126    23.1124    23.1228     14.861     14.941      0.254    1510.90    1510.91  0.000e+00
       2489     15.500    17.4155    17.4121    -0.0033    4.18708    4.18864          1     5.3111     5.1323       9.98     0.1552  5.897e-01  3.169e+00  5.375e+02    32.0350    32.0510     0.0160    23.1424    23.1554     15.356     15.439      0.222    1510.94    1510.95  0.000e+00
       2543     16.000    17.4197    17.4193    -0.0005    4.19249    4.19380          1     5.3094     5.1261       9.98     0.1408  5.417e-01  2.915e+00  5.381e+02    32.0776    32.0892     0.0116    23.1740    23.1830     15.852     15.936      0.232    1511.01    1511.02  0.000e+00
       2595     16.500    17.4144    17.4095    -0.0049    4.19623    4.19749          1     5.2795     5.1095       9.98     0.1269  4.984e-01  2.682e+00  5.382e+02    32.1136    32.1283     0.0147    23.2028    23.2153     16.347     16.434      0.225    1511.05    1511.05  0.000e+00
       2646     17.000    17.3998    17.3914    -0.0084    4.20009    4.20187          1     5.2737     5.0927       9.98     0.1183  4.611e-01  2.481e+00  5.382e+02    32.1580    32.1798     0.0218    23.2403    23.2590     16.842     16.932      0.247    1511.06    1511.06  0.000e+00
       2695     17.500    17.3870    17.3779    -0.0091    4.20234    4.20351          1     5.2824     5.0875       9.98     0.1101  4.247e-01  2.286e+00  5.382e+02    32.1872    32.2045     0.0172    23.2657    23.2811     17.338     17.429      0.241    1511.06    1511.06  0.000e+00
       2743     18.000    17.3789    17.3749    -0.0040    4.20416    4.20496          1     5.2607     5.0793       9.98     0.1064  3.941e-01  2.121e+00  5.382e+02    32.2091    32.2191     0.0100    23.2844    23.2930     17.833     17.927      0.263    1511.07    1511.07  0.000e+00
       2788     18.500    17.3734    17.3725    -0.0009    4.20604    4.20690          1     5.2375     5.0720       9.98     0.1028  3.652e-01  1.965e+00  5.382e+02    32.2293    32.2374     0.0080    23.3012    23.3076     18.328     18.425      0.261    1511.09    1511.10  0.000e+00
       2835     19.000    17.3948    17.4051     0.0102    4.21291    4.21468          1     5.2474     5.0773       9.98     0.0896  3.386e-01  1.822e+00  5.382e+02    32.2709    32.2779     0.0070    23.3279    23.3309     18.824     18.922      0.250    1511.21    1511.25  0.000e+00
       2885     19.500    17.4206    17.4232     0.0026    4.21750    4.21829          1     5.2523     5.0822       9.97     0.0845  3.140e-01  1.690e+00  5.382e+02    32.2894    32.2941     0.0047    23.3360    23.3390     19.319     19.420      0.237    1511.31    1511.33  0.000e+00
       2937     20.000    17.4238    17.4234    -0.0004    4.21847    4.21895          1     5.2746     5.0892       9.97     0.0822  2.911e-01  1.567e+00  5.382e+02    32.2950    32.2994     0.0044    23.3395    23.3430     19.814     19.918      0.228    1511.34    1511.34  0.000e+00
       2988     20.500    17.4193    17.4169    -0.0024    4.21837    4.21869          1     5.2852     5.0869       9.97     0.0860  2.698e-01  1.454e+00  5.388e+02    32.2975    32.3022     0.0047    23.3425    23.3467     20.310     20.415      0.239    1511.34    1511.33  0.000e+00
       3037     21.000    17.3990    17.3926    -0.0064    4.21713    4.21739          1     5.2602     5.0679       9.97     0.0802  2.504e-01  1.352e+00  5.400e+02    32.3028    32.3102     0.0074    23.3514    23.3586     20.805     20.913      0.257    1511.29    1511.28  0.000e+00
       3084     21.500    17.3653    17.3526    -0.0128    4.21517    4.21524          1     5.2596     5.0566       9.97     0.0766  2.322e-01  1.254e+00  5.402e+02    32.3128    32.3236     0.0108    23.3670    23.3783     21.300     21.411      0.252    1511.21    1511.18  0.000e+00
       3130     22.000    17.3044    17.2889    -0.0154    4.21170    4.21203          1     5.2224     5.0365       9.97     0.0780  2.158e-01  1.166e+00  5.402e+02    32.3316    32.3468     0.0151    23.3959    23.4111     21.796     21.908      0.260    1511.06    1511.03  0.000e+00
       3177     22.500    17.2279    17.1880    -0.0401    4.20805    4.20794          1     5.2067     4.9951       9.97     0.0694  2.010e-01  1.086e+00  5.402e+02    32.3613    32.3923     0.0310    23.4366    23.4698     22.291     22.406      0.250    1510.87    1510.78  0.000e+00
       3226     23.000    17.0829    17.0312    -0.0516    4.20214    4.20199          1     5.1830     4.9838       9.97     0.0629  1.866e-01  1.008e+00  5.402e+02    32.4266    32.4669     0.0403    23.5207    23.5637     22.786     22.904      0.244    1510.52    1510.41  0.000e+00
       3277     23.500    17.0277    17.0144    -0.0133    4.20032    4.20099          1     5.1566     4.9937       9.97     0.0572  1.715e-01  9.265e-01  5.402e+02    32.4552    32.4717     0.0165    23.5555    23.5713     23.282     23.401      0.230    1510.39    1510.37  0.000e+00
       3328     24.000    17.0164    17.0105    -0.0059    4.20036    4.20123          1     5.1736     5.0135       9.97     0.0546  1.608e-01  8.687e-01  5.402e+02    32.4645    32.4767     0.0122    23.5653    23.5761     23.777     23.899      0.248    1510.37    1510.37  0.000e+00
       3375     24.500    17.0216    17.0186    -0.0029    4.20186    4.20316          1     5.1813     5.0187       9.97     0.0547  1.496e-01  8.080e-01  5.402e+02    32.4730    32.4866     0.0136    23.5706    23.5818     24.272     24.396      0.253    1510.41    1510.42  0.000e+00
       3423     25.000    17.0269    17.0231    -0.0038    4.20382    4.20477          1     5.1896     5.0370       9.97     0.0559  1.391e-01  7.516e-01  5.402e+02    32.4854    32.4967     0.0113    23.5789    23.5885     24.768     24.894      0.251    1510.45    1510.45  0.000e+00
       3469     25.500    17.0288    17.0267    -0.0021    4.20531    4.20614          1     5.1923     5.0534       9.97     0.0552  1.295e-01  6.994e-01  5.402e+02    32.4966    32.5055     0.0089    23.5870    23.5943     25.263     25.391      0.273    1510.47    1510.48  0.000e+00
       3513     26.000    17.0262    17.0218    -0.0044    4.20646    4.20718          1     5.2317     5.0489       9.97     0.0549  1.196e-01  6.458e-01  5.402e+02    32.5084    32.5183     0.0098    23.5967    23.6053     25.758     25.889      0.259    1510.49    1510.49  0.000e+00
       3562     26.500    16.9869    16.9733    -0.0136    4.20492    4.20533          1     5.2281     5.0244       9.97     0.0539  1.105e-01  5.972e-01  5.402e+02    32.5268    32.5413     0.0145    23.6199    23.6343     26.254     26.386      0.238    1510.40    1510.37  0.000e+00
       3612     27.000    16.9667    16.9571    -0.0096    4.20420    4.20459          1     5.1972     5.0255       9.97     0.0524  1.020e-01  5.524e-01  5.414e+02    32.5366    32.5478     0.0111    23.6322    23.6430     26.749     26.884      0.243    1510.36    1510.34  0.000e+00
       3662     27.500    16.9359    16.9192    -0.0167    4.20356    4.20401          1     5.2020     4.9758       9.97     0.0502  9.390e-02  5.092e-01  5.422e+02    32.5559    32.5733     0.0174    23.6542    23.6714     27.244     27.381      0.247    1510.29    1510.26  0.000e+00
       3709     28.000    16.8716    16.8438    -0.0278    4.20117    4.20126          1     5.1634     4.9573       9.97     0.0486  8.647e-02  4.689e-01  5.422e+02    32.5870    32.6104     0.0233    23.6930    23.7174     27.740     27.879      0.260    1510.14    1510.09  0.000e+00
       3754     28.500    16.8128    16.7915    -0.0212    4.19813    4.19815          1     5.1586     4.9572       9.97     0.0460  7.948e-02  4.310e-01  5.422e+02    32.6082    32.6257     0.0175    23.7229    23.7413     28.235     28.376      0.273    1510.00    1509.95  0.000e+00
