ctdpy/exports/archive_20191120_135557/received_data/SBE09_0827_20181120_1146_26_01_1205.cnv
* Sea-Bird SBE 9 Data File:
* FileName = D:\CTD_SBE911\DAT\26DA.2018.12.5.hex
* Software Version Seasave V 7.21d
* Temperature SN = 4548
* Conductivity SN = 3062
* Number of Bytes Per Scan = 48
* Number of Voltage Words = 5
* Number of Scans Averaged by the Deck Unit = 1
* NMEA Latitude = 55 40.73 N
* NMEA Longitude = 014 23.36 E
* NMEA UTC (Time) = Nov 20 2018  11:46:43
* NMEA baud rate = 4800
** Ship: DANA
** Average sound velocity: 1447.76 m/s
** True-depth calculation Tue, 02 Apr 2019 12:11:53 +0000
** CTD Python Module SMHI /ver 3-12/ feb 2012 
** LIMS Job: 20182601-1205
** Operator: Ronny
** Cruise: 12/2018
# nquan = 26
# nvalues = 80                          
# units = specified
# name 0 = scan: Scan Count
# name 1 = prDM: Pressure, Digiquartz [db]
# name 2 = t090C: Temperature [ITS-90, deg C]
# name 3 = t190C: Temperature, 2 [ITS-90, deg C]
# name 4 = T2-T190C: Temperature Difference, 2 - 1 [ITS-90, deg C]
# name 5 = c0S/m: Conductivity [S/m]
# name 6 = c1S/m: Conductivity, 2 [S/m]
# name 7 = pumps: Pump Status
# name 8 = sbeox1ML/L: Oxygen, SBE 43, 2 [ml/l]
# name 9 = sbeox0ML/L: Oxygen, SBE 43 [ml/l]
# name 10 = altM: Altimeter [m]
# name 11 = chloroflTC0: Chlorophyll, Turner Cyclops [ug/l]
# name 12 = cpar: CPAR/Corrected Irradiance [%]
# name 13 = par: PAR/Irradiance, Biospherical/Lico [µE/(cm^2*s)]
# name 14 = spar: SPAR, Biospherical/Licor
# name 15 = sal00: Salinity, Practical [PSU]
# name 16 = sal11: Salinity, Practical, 2 [PSU]
# name 17 = secS-priS: Salinity, Practical, Difference, 2 - 1 [PSU]
# name 18 = sigma-t00: Density [sigma-t, kg/m^3 ]
# name 19 = sigma-t11: Density, 2 [sigma-t, kg/m^3 ]
# name 20 = depSM: Depth [salt water, m], lat = 55.6788
# name 21 = depFM: Depth [true depth, m], lat = 55.6788
# name 22 = dz/dtM: Descent Rate [m/s], WS = 2
# name 23 = svCM: Sound Velocity [Chen-Millero, m/s]
# name 24 = svCM1: Sound Velocity, 2 [Chen-Millero, m/s]
# name 25 = flag: flag
# span 0 =         33,       4039       
# span 1 =      1.500,     41.000       
# span 2 =     7.7211,     7.7365       
# span 3 =     7.7218,     7.7307       
# span 4 =    -0.0130,     0.0040       
# span 5 =   0.876479,   0.877345       
# span 6 =   0.876495,   0.877361       
# span 7 =          1,          1       
# span 8 =     7.4925,     7.5255       
# span 9 =     7.7149,     7.7499       
# span 10 =       1.06,       9.99      
# span 11 =     0.0264,     0.0308      
# span 12 = -1.058e-05, 8.0652e-01      
# span 13 = -1.628e-04, 1.2801e+01      
# span 14 = 8.0319e+02, 1.5878e+03      
# span 15 =     7.5116,     7.5152      
# span 16 =     7.5114,     7.5152      
# span 17 =    -0.0008,     0.0006      
# span 18 =     5.7776,     5.7808      
# span 19 =     5.7774,     5.7808      
# span 20 =      1.486,     40.624      
# span 21 =      1.519,     41.520      
# span 22 =     -0.056,      1.002      
# span 23 =    1447.47,    1448.08      
# span 24 =    1447.47,    1448.08      
# span 25 = 0.0000e+00, 0.0000e+00      
# interval = decibars: 0.5              
# start_time = Nov 20 2018 11:46:44 [NMEA time, first data scan]
# bad_flag = -9.990e-29
*END*
[from data line 56]
       2801     29.500     7.7230     7.7234     0.0004    0.87698    0.87696          1     7.4982     7.7232       9.96     0.0271  6.595e-14  1.000e-12  1.516e+03     7.5136     7.5134    -0.0002     5.7797     5.7795     29.230     29.874      0.230    1447.89    1447.89  0.000e+00
       2874     30.000     7.7234     7.7238     0.0004    0.87702    0.87701          1     7.5109     7.7292       9.96     0.0280  6.578e-14  1.000e-12  1.520e+03     7.5139     7.5136    -0.0002     5.7799     5.7797     29.726     30.381      0.235    1447.90    1447.90  0.000e+00
       2917     30.500     7.7237     7.7240     0.0003    0.87708    0.87706          1     7.5084     7.7281       9.96     0.0270  6.542e-14  1.000e-12  1.528e+03     7.5143     7.5140    -0.0002     5.7802     5.7800     30.221     30.887      0.338    1447.91    1447.91  0.000e+00
       2953     31.000     7.7240     7.7244     0.0004    0.87712    0.87711          1     7.5079     7.7323       9.96     0.0273  6.545e-14  1.000e-12  1.528e+03     7.5145     7.5143    -0.0001     5.7804     5.7802     30.716     31.393      0.307    1447.92    1447.92  0.000e+00
       3001     31.500     7.7239     7.7246     0.0006    0.87711    0.87714          1     7.5009     7.7315       9.96     0.0281  6.577e-14  1.000e-12  1.521e+03     7.5144     7.5145     0.0001     5.7803     5.7803     31.212     31.900      0.206    1447.93    1447.93  0.000e+00
       3060     32.000     7.7239     7.7244     0.0005    0.87710    0.87711          1     7.5150     7.7290       9.96     0.0278  6.595e-14  1.000e-12  1.516e+03     7.5142     7.5142    -0.0001     5.7802     5.7801     31.707     32.406      0.260    1447.93    1447.94  0.000e+00
       3097     32.500     7.7240     7.7244     0.0004    0.87712    0.87711          1     7.5093     7.7283       9.95     0.0276  6.591e-14  1.000e-12  1.517e+03     7.5144     7.5142    -0.0002     5.7803     5.7801     32.203     32.912      0.416    1447.94    1447.94  0.000e+00
       3122     33.000     7.7240     7.7245     0.0005    0.87712    0.87711          1     7.5109     7.7281       9.61     0.0269  6.576e-14  1.000e-12  1.521e+03     7.5143     7.5141    -0.0002     5.7802     5.7800     32.698     33.419      0.479    1447.95    1447.95  0.000e+00
       3170     33.500     7.7239     7.7245     0.0007    0.87711    0.87712          1     7.5179     7.7350       9.04     0.0270  6.566e-14  1.000e-12  1.523e+03     7.5142     7.5141    -0.0000     5.7801     5.7800     33.193     33.925      0.343    1447.96    1447.96  0.000e+00
       3266     34.000     7.7240     7.7244     0.0004    0.87714    0.87711          1     7.4987     7.7337       8.70     0.0269  6.515e-14  1.000e-12  1.535e+03     7.5143     7.5139    -0.0004     5.7802     5.7799     33.689     34.431      0.616    1447.97    1447.97  0.000e+00
       3283     34.500     7.7242     7.7246     0.0004    0.87715    0.87714          1     7.5028     7.7358       8.15     0.0266  6.521e-14  1.000e-12  1.534e+03     7.5144     7.5142    -0.0002     5.7802     5.7800     34.184     34.938      0.604    1447.97    1447.98  0.000e+00
       3307     35.000     7.7242     7.7248     0.0005    0.87717    0.87716          1     7.5013     7.7323       7.49     0.0269  6.554e-14  1.000e-12  1.526e+03     7.5145     7.5142    -0.0003     5.7803     5.7801     34.680     35.444      0.379    1447.98    1447.99  0.000e+00
       3370     35.500     7.7241     7.7247     0.0005    0.87716    0.87716          1     7.5117     7.7274       6.93     0.0280  6.637e-14  1.000e-12  1.507e+03     7.5143     7.5142    -0.0001     5.7802     5.7801     35.175     35.950      0.258    1447.99    1447.99  0.000e+00
       3406     36.000     7.7242     7.7248     0.0005    0.87717    0.87718          1     7.5166     7.7349       6.46     0.0272  6.616e-14  1.000e-12  1.512e+03     7.5143     7.5143    -0.0001     5.7802     5.7801     35.670     36.457      0.357    1448.00    1448.00  0.000e+00
       3468     36.500     7.7240     7.7247     0.0007    0.87715    0.87716          1     7.5149     7.7310       5.83     0.0278  6.576e-14  1.000e-12  1.521e+03     7.5141     7.5141    -0.0000     5.7800     5.7800     36.166     36.963      0.214    1448.01    1448.01  0.000e+00
       3529     37.000     7.7240     7.7245     0.0005    0.87715    0.87715          1     7.5012     7.7271       5.36     0.0281  6.545e-14  1.000e-12  1.528e+03     7.5141     7.5139    -0.0001     5.7800     5.7799     36.661     37.469      0.313    1448.01    1448.02  0.000e+00
       3573     37.500     7.7242     7.7247     0.0005    0.87717    0.87716          1     7.4998     7.7328       4.77     0.0280  6.540e-14  1.000e-12  1.529e+03     7.5142     7.5140    -0.0002     5.7801     5.7799     37.156     37.976      0.240    1448.02    1448.02  0.000e+00
       3621     38.000     7.7240     7.7247     0.0007    0.87714    0.87717          1     7.5070     7.7282       4.23     0.0278  6.556e-14  1.000e-12  1.525e+03     7.5139     7.5140     0.0001     5.7799     5.7799     37.652     38.482      0.333    1448.03    1448.03  0.000e+00
       3651     38.500     7.7240     7.7245     0.0005    0.87715    0.87714          1     7.5038     7.7295       3.76     0.0270  6.575e-14  1.000e-12  1.521e+03     7.5139     7.5137    -0.0002     5.7799     5.7797     38.147     38.988      0.433    1448.04    1448.04  0.000e+00
       3679     39.000     7.7239     7.7245     0.0005    0.87715    0.87715          1     7.4971     7.7263       3.23     0.0270  6.587e-14  1.000e-12  1.518e+03     7.5139     7.5137    -0.0001     5.7799     5.7797     38.642     39.495      0.386    1448.05    1448.05  0.000e+00
       3719     39.500     7.7241     7.7247     0.0005    0.87718    0.87717          1     7.5133     7.7294       2.63     0.0278  6.599e-14  1.000e-12  1.515e+03     7.5140     7.5138    -0.0002     5.7800     5.7798     39.138     40.001      0.214    1448.05    1448.06  0.000e+00
       3821     40.000     7.7253     7.7259     0.0006    0.87735    0.87736          1     7.5055     7.7309       2.08     0.0281  6.532e-14  1.000e-12  1.531e+03     7.5152     7.5152     0.0000     5.7808     5.7808     39.633     40.507      0.176    1448.07    1448.07  0.000e+00
       3896     40.500     7.7250     7.7256     0.0006    0.87731    0.87731          1     7.5086     7.7275       1.57     0.0281  6.540e-14  1.000e-12  1.529e+03     7.5149     7.5148    -0.0001     5.7806     5.7804     40.129     41.014      0.197    1448.07    1448.08  0.000e+00
       4039     41.000     7.7247     7.7253     0.0007    0.87726    0.87728          1     7.5081     7.7336       1.06     0.0285  6.569e-14  1.000e-12  1.522e+03     7.5145     7.5145     0.0000     5.7803     5.7802     40.624     41.520     -0.029    1448.08    1448.08  0.000e+00
