ctdpy/exports/archive_20191120_135557/received_data/SBE09_1044_20181109_0246_34_01_0119.cnv
* Sea-Bird SBE 9 Data File:
* FileName = C:\ctd\temp\ar18d119.hex
* Software Version Seasave V 7.26.7.107
* Temperature SN = 5351
* Conductivity SN = 3941
* Number of Bytes Per Scan = 41
* Number of Voltage Words = 4
* Number of Scans Averaged by the Deck Unit = 1
* NMEA Latitude = 58 52.91 N
* NMEA Longitude = 020 19.64 E
* NMEA UTC (Time) = Nov 09 2018  02:47:21
* NMEA baud rate = 4800
** Station:  BY29
** Operator:  A-KTh
** Ship: ARANDA
** Average sound velocity: 1447.22 m/s
** True-depth calculation Fri, 09 Nov 2018 04:12:04 +0000
** CTD Python Module SMHI /ver 3-12/ feb 2012 
** LIMS Job: 20183401-0119
** Cruise: SMHI-6-2018
** Latitude [GG MM.mm N]:
** Longitude [GG MM.mm E]
# nquan = 26
# nvalues = 346                         
# units = specified
# name 0 = scan: Scan Count
# name 1 = prDM: Pressure, Digiquartz [db]
# name 2 = t090C: Temperature [ITS-90, deg C]
# name 3 = t190C: Temperature, 2 [ITS-90, deg C]
# name 4 = T2-T190C: Temperature Difference, 2 - 1 [ITS-90, deg C]
# name 5 = c0S/m: Conductivity [S/m]
# name 6 = c1S/m: Conductivity, 2 [S/m]
# name 7 = pumps: Pump Status
# name 8 = sbeox0ML/L: Oxygen, SBE 43 [ml/l]
# name 9 = sbeox1ML/L: Oxygen, SBE 43, 2 [ml/l]
# name 10 = altM: Altimeter [m]
# name 11 = flECO-AFL: Chl-a Fluorescence, WET Labs ECO-AFL/FL [mg/m^3]
# name 12 = flECO-AFL1: Phycocyanin Fluorescence, WET Labs ECO-AFL/FL, 2 [mg/m^3]
# name 13 = par: PAR/Irradiance, Biospherical/Lico [µE/(cm^2*s)]
# name 14 = turbWETntu0: Turbidity, WET Labs ECO [NTU]
# name 15 = sal00: Salinity, Practical [PSU]
# name 16 = sal11: Salinity, Practical, 2 [PSU]
# name 17 = secS-priS: Salinity, Practical, Difference, 2 - 1 [PSU]
# name 18 = sigma-t00: Density [sigma-t, Kg/m^3 ]
# name 19 = sigma-t11: Density, 2 [sigma-t, Kg/m^3 ]
# name 20 = depSM: Depth [salt water, m], lat = 58.8818
# name 21 = depFM: Depth [true depth, m], lat = 58.8818
# name 22 = dz/dtM: Descent Rate [m/s], WS = 2
# name 23 = svCM: Sound Velocity [Chen-Millero, m/s]
# name 24 = svCM1: Sound Velocity, 2 [Chen-Millero, m/s]
# name 25 = flag: flag
# span 0 =      37465,      47601       
# span 1 =      0.500,    173.000       
# span 2 =     3.4945,     9.5840       
# span 3 =     3.4966,     9.5689       
# span 4 =    -0.0323,     0.0450       
# span 5 =   0.757985,   1.261254       
# span 6 =   0.757958,   1.261234       
# span 7 =          1,          1       
# span 8 =    0.01644,    7.75413       
# span 9 =    0.04558,    7.90680       
# span 10 =       2.09,      97.73      
# span 11 =     0.2279,     0.6649      
# span 12 =     0.1682,     0.3524      
# span 13 = 1.0000e-12, 9.9345e-01      
# span 14 =     0.1400,     1.6687      
# span 15 =     6.6605,    11.5514      
# span 16 =     6.6601,    11.5508      
# span 17 =    -0.0203,    -0.0001      
# span 18 =     4.9691,     9.0526      
# span 19 =     4.9703,     9.0520      
# span 20 =      0.495,    171.313      
# span 21 =      0.507,    174.957      
# span 22 =     -0.037,      0.617      
# span 23 =    1429.88,    1454.25      
# span 24 =    1429.89,    1454.26      
# span 25 = 0.0000e+00, 0.0000e+00      
# interval = decibars: 0.5              
# start_time = Nov 09 2018 02:47:21 [NMEA time, first data scan]
# bad_flag = -9.990e-29
*END*
[from data line 223]
      43221    112.000     6.0871     6.0883     0.0012    1.20326    1.20322          1     0.0278     0.0538      64.94     0.3380     0.2255  1.000e-12  0.2735000    11.0667    11.0659    -0.0008     8.6875     8.6868    110.924    113.376      0.511    1446.81    1446.82  0.000e+00
      43244    112.500     6.0886     6.0900     0.0013    1.20368    1.20365          1     0.0257     0.0539      64.59     0.3389     0.2216  1.000e-12  0.2790000    11.0703    11.0695    -0.0007     8.6902     8.6896    111.419    113.881      0.511    1446.83    1446.84  0.000e+00
      43268    113.000     6.0901     6.0913     0.0013    1.20393    1.20391          1     0.0274     0.0528      63.96     0.3381     0.2138  1.000e-12  0.2593000    11.0722    11.0716    -0.0006     8.6916     8.6910    111.914    114.385      0.519    1446.85    1446.85  0.000e+00
      43290    113.500     6.0915     6.0928     0.0013    1.20427    1.20425          1     0.0242     0.0525      63.37     0.3369     0.1839  1.000e-12  0.2594000    11.0750    11.0744    -0.0006     8.6938     8.6932    112.409    114.890      0.542    1446.87    1446.87  0.000e+00
      43312    114.000     6.0932     6.0945     0.0013    1.20464    1.20462          1     0.0273     0.0512      62.81     0.3658     0.1689  1.000e-12  0.2649000    11.0781    11.0774    -0.0007     8.6961     8.6955    112.904    115.395      0.574    1446.89    1446.89  0.000e+00
      43332    114.500     6.0944     6.0958     0.0013    1.20489    1.20487          1     0.0277     0.0504      62.26     0.3611     0.2649  1.000e-12  0.2638000    11.0801    11.0794    -0.0007     8.6976     8.6970    113.399    115.900      0.566    1446.90    1446.91  0.000e+00
      43355    115.000     6.0961     6.0974     0.0014    1.20524    1.20522          1     0.0255     0.0532      61.77     0.3431     0.2271  1.000e-12  0.2606000    11.0829    11.0822    -0.0006     8.6996     8.6991    113.894    116.405      0.502    1446.92    1446.93  0.000e+00
      43381    115.500     6.0975     6.0989     0.0014    1.20552    1.20551          1     0.0247     0.0533      61.23     0.3444     0.2308  1.000e-12  0.2655000    11.0852    11.0845    -0.0006     8.7014     8.7008    114.389    116.910      0.461    1446.94    1446.94  0.000e+00
      43406    116.000     6.1016     6.1028     0.0011    1.20636    1.20630          1     0.0244     0.0511      60.64     0.3496     0.2236  1.000e-12  0.2752000    11.0920    11.0910    -0.0010     8.7065     8.7056    114.884    117.415      0.532    1446.97    1446.98  0.000e+00
      43426    116.500     6.1058     6.1071     0.0013    1.20714    1.20711          1     0.0270     0.0513      60.19     0.3516     0.2218  1.000e-12  0.2789000    11.0983    11.0976    -0.0007     8.7112     8.7105    115.379    117.920      0.604    1447.01    1447.01  0.000e+00
      43445    117.000     6.1069     6.1082     0.0013    1.20744    1.20743          1     0.0239     0.0514      59.86     0.3604     0.2174  1.000e-12  0.2805000    11.1009    11.1003    -0.0006     8.7131     8.7126    115.875    118.424      0.603    1447.02    1447.03  0.000e+00
      43466    117.500     6.1069     6.1082     0.0013    1.20753    1.20752          1     0.0262     0.0523      59.41     0.3519     0.2086  1.000e-12  0.2584000    11.1017    11.1012    -0.0006     8.7138     8.7132    116.370    118.929      0.534    1447.03    1447.03  0.000e+00
      43491    118.000     6.1084     6.1097     0.0012    1.20809    1.20806          1     0.0270     0.0525      58.68     0.3514     0.2226  1.000e-12  0.2448000    11.1067    11.1059    -0.0007     8.7176     8.7169    116.865    119.434      0.463    1447.05    1447.06  0.000e+00
      43517    118.500     6.1105     6.1118     0.0013    1.20886    1.20882          1     0.0261     0.0513      58.07     0.3596     0.2290  1.000e-12  0.2315000    11.1135    11.1127    -0.0008     8.7228     8.7221    117.360    119.939      0.496    1447.08    1447.08  0.000e+00
      43540    119.000     6.1137     6.1149     0.0012    1.20970    1.20967          1     0.0238     0.0508      57.59     0.3450     0.1768  1.000e-12  0.2427000    11.1207    11.1200    -0.0007     8.7283     8.7276    117.855    120.444      0.570    1447.11    1447.11  0.000e+00
      43560    119.500     6.1184     6.1194     0.0010    1.21068    1.21061          1     0.0248     0.0530      57.13     0.3346     0.2543  1.000e-12  0.2480000    11.1289    11.1279    -0.0010     8.7344     8.7335    118.350    120.949      0.593    1447.14    1447.15  0.000e+00
      43580    120.000     6.1211     6.1223     0.0012    1.21156    1.21153          1     0.0248     0.0524      56.65     0.3380     0.2707  1.000e-12  0.2562000    11.1366    11.1359    -0.0007     8.7403     8.7397    118.845    121.454      0.554    1447.17    1447.18  0.000e+00
      43603    120.500     6.1238     6.1251     0.0012    1.21206    1.21203          1     0.0254     0.0513      56.08     0.3422     0.2372  1.000e-12  0.2603000    11.1406    11.1399    -0.0007     8.7433     8.7426    119.340    121.958      0.498    1447.20    1447.20  0.000e+00
      43628    121.000     6.1260     6.1273     0.0013    1.21250    1.21246          1     0.0231     0.0522      55.52     0.3598     0.2044  1.000e-12  0.2372000    11.1441    11.1434    -0.0007     8.7459     8.7452    119.835    122.463      0.490    1447.22    1447.23  0.000e+00
      43652    121.500     6.1284     6.1294     0.0011    1.21304    1.21300          1     0.0246     0.0513      55.03     0.3505     0.2346  1.000e-12  0.2416000    11.1486    11.1479    -0.0007     8.7493     8.7486    120.330    122.968      0.530    1447.24    1447.25  0.000e+00
      43674    122.000     6.1329     6.1339     0.0010    1.21439    1.21430          1     0.0253     0.0513      54.54     0.3528     0.2465  1.000e-12  0.2354000    11.1605    11.1593    -0.0012     8.7583     8.7573    120.825    123.473      0.560    1447.29    1447.29  0.000e+00
      43695    122.500     6.1388     6.1398     0.0010    1.21587    1.21581          1     0.0233     0.0522      54.06     0.3399     0.2923  1.000e-12  0.2256000    11.1732    11.1723    -0.0009     8.7679     8.7671    121.320    123.978      0.557    1447.34    1447.34  0.000e+00
      43717    123.000     6.1424     6.1436     0.0012    1.21670    1.21667          1     0.0263     0.0524      53.51     0.3388     0.2440  1.000e-12  0.2273000    11.1802    11.1795    -0.0007     8.7732     8.7725    121.815    124.483      0.532    1447.37    1447.37  0.000e+00
      43740    123.500     6.1445     6.1457     0.0012    1.21721    1.21718          1     0.0250     0.0512      53.01     0.3528     0.2329  1.000e-12  0.2299000    11.1845    11.1837    -0.0007     8.7764     8.7757    122.310    124.988      0.519    1447.39    1447.39  0.000e+00
      43763    124.000     6.1480     6.1491     0.0011    1.21801    1.21797          1     0.0250     0.0526      52.57     0.3473     0.2313  1.000e-12  0.2378000    11.1911    11.1904    -0.0008     8.7814     8.7808    122.805    125.492      0.529    1447.42    1447.43  0.000e+00
      43786    124.500     6.1571     6.1577     0.0007    1.21939    1.21931          1     0.0240     0.0517      52.00     0.3368     0.2353  1.000e-12  0.2442000    11.2018    11.2008    -0.0010     8.7892     8.7884    123.300    125.997      0.533    1447.48    1447.48  0.000e+00
      43808    125.000     6.1610     6.1622     0.0012    1.22000    1.21998          1     0.0237     0.0503      51.42     0.3599     0.2463  1.000e-12  0.2417000    11.2065    11.2059    -0.0006     8.7926     8.7921    123.795    126.502      0.526    1447.51    1447.52  0.000e+00
      43831    125.500     6.1630     6.1643     0.0012    1.22039    1.22035          1     0.0234     0.0518      50.85     0.3388     0.2455  1.000e-12  0.2694000    11.2096    11.2088    -0.0008     8.7949     8.7942    124.290    127.007      0.533    1447.53    1447.54  0.000e+00
      43853    126.000     6.1669     6.1680     0.0011    1.22120    1.22116          1     0.0245     0.0508      50.36     0.3396     0.2216  1.000e-12  0.2316000    11.2163    11.2155    -0.0008     8.7999     8.7992    124.785    127.512      0.547    1447.56    1447.57  0.000e+00
      43875    126.500     6.1702     6.1713     0.0011    1.22170    1.22166          1     0.0253     0.0525      49.80     0.3370     0.2314  1.000e-12  0.2450000    11.2200    11.2193    -0.0008     8.8027     8.8020    125.280    128.017      0.550    1447.59    1447.60  0.000e+00
      43897    127.000     6.1725     6.1738     0.0013    1.22209    1.22207          1     0.0236     0.0524      49.30     0.3319     0.2316  1.000e-12  0.2317000    11.2230    11.2225    -0.0006     8.8049     8.8044    125.775    128.521      0.533    1447.61    1447.62  0.000e+00
      43920    127.500     6.1739     6.1751     0.0012    1.22239    1.22235          1     0.0250     0.0510      48.78     0.3426     0.2296  1.000e-12  0.2124000    11.2254    11.2247    -0.0008     8.8067     8.8060    126.270    129.026      0.508    1447.63    1447.63  0.000e+00
      43944    128.000     6.1774     6.1785     0.0011    1.22327    1.22321          1     0.0228     0.0512      48.27     0.3563     0.2230  1.000e-12  0.2005000    11.2329    11.2320    -0.0009     8.8123     8.8115    126.765    129.531      0.507    1447.66    1447.67  0.000e+00
      43967    128.500     6.1813     6.1824     0.0011    1.22464    1.22459          1     0.0235     0.0523      47.78     0.3514     0.2073  1.000e-12  0.2101000    11.2452    11.2444    -0.0008     8.8217     8.8210    127.260    130.036      0.545    1447.70    1447.71  0.000e+00
      43988    129.000     6.1864     6.1871     0.0007    1.22595    1.22585          1     0.0242     0.0513      47.32     0.3349     0.2080  1.000e-12  0.2246000    11.2564    11.2552    -0.0012     8.8302     8.8292    127.755    130.541      0.577    1447.75    1447.75  0.000e+00
      44009    129.500     6.1942     6.1950     0.0009    1.22768    1.22759          1     0.0238     0.0513      46.81     0.3132     0.2731  1.000e-12  0.2295000    11.2709    11.2698    -0.0011     8.8411     8.8401    128.250    131.045      0.560    1447.81    1447.81  0.000e+00
      44032    130.000     6.1988     6.2000     0.0012    1.22873    1.22869          1     0.0236     0.0512      46.27     0.3260     0.2322  1.000e-12  0.2230000    11.2797    11.2789    -0.0008     8.8477     8.8470    128.745    131.550      0.496    1447.84    1447.85  0.000e+00
      44057    130.500     6.2019     6.2031     0.0012    1.22931    1.22928          1     0.0238     0.0522      45.74     0.3707     0.2544  1.000e-12  0.2166000    11.2844    11.2836    -0.0008     8.8512     8.8505    129.240    132.055      0.471    1447.87    1447.87  0.000e+00
      44082    131.000     6.2058     6.2068     0.0010    1.23008    1.23003          1     0.0238     0.0519      45.18     0.3258     0.2251  1.000e-12  0.2227000    11.2906    11.2898    -0.0008     8.8558     8.8551    129.735    132.560      0.531    1447.90    1447.91  0.000e+00
      44103    131.500     6.2066     6.2079     0.0012    1.23045    1.23042          1     0.0232     0.0513      44.71     0.3268     0.2247  1.000e-12  0.2226000    11.2939    11.2932    -0.0007     8.8583     8.8577    130.230    133.065      0.598    1447.92    1447.92  0.000e+00
      44122    132.000     6.2075     6.2086     0.0011    1.23065    1.23062          1     0.0240     0.0508      44.25     0.3396     0.2435  1.000e-12  0.2202000    11.2955    11.2949    -0.0006     8.8595     8.8590    130.726    133.569      0.606    1447.93    1447.93  0.000e+00
      44143    132.500     6.2105     6.2116     0.0011    1.23131    1.23127          1     0.0241     0.0513      43.69     0.3521     0.2326  1.000e-12  0.2176000    11.3009    11.3002    -0.0007     8.8636     8.8629    131.220    134.074      0.548    1447.96    1447.96  0.000e+00
      44167    133.000     6.2126     6.2139     0.0013    1.23185    1.23182          1     0.0238     0.0524      43.15     0.3491     0.2707  1.000e-12  0.2196000    11.3055    11.3048    -0.0007     8.8670     8.8664    131.715    134.579      0.473    1447.98    1447.99  0.000e+00
      44193    133.500     6.2137     6.2150     0.0014    1.23210    1.23207          1     0.0237     0.0520      42.59     0.3334     0.2657  1.000e-12  0.2165000    11.3076    11.3068    -0.0008     8.8686     8.8679    132.211    135.084      0.473    1448.00    1448.00  0.000e+00
      44217    134.000     6.2162     6.2174     0.0012    1.23257    1.23254          1     0.0235     0.0524      42.10     0.3284     0.2657  1.000e-12  0.2075000    11.3113    11.3106    -0.0007     8.8714     8.8708    132.706    135.589      0.544    1448.02    1448.02  0.000e+00
      44238    134.500     6.2202     6.2213     0.0011    1.23350    1.23344          1     0.0237     0.0499      41.68     0.3385     0.2339  1.000e-12  0.2230000    11.3191    11.3182    -0.0009     8.8773     8.8765    133.200    136.093      0.597    1448.06    1448.06  0.000e+00
      44257    135.000     6.2232     6.2245     0.0013    1.23416    1.23417          1     0.0238     0.0510      41.19     0.3409     0.2301  1.000e-12  0.2118000    11.3246    11.3242    -0.0004     8.8814     8.8810    133.696    136.598      0.595    1448.08    1448.09  0.000e+00
      44278    135.500     6.2246     6.2260     0.0014    1.23450    1.23450          1     0.0243     0.0508      40.65     0.3358     0.2415  1.000e-12  0.2181000    11.3274    11.3269    -0.0005     8.8835     8.8830    134.190    137.103      0.539    1448.10    1448.11  0.000e+00
      44302    136.000     6.2253     6.2265     0.0013    1.23489    1.23482          1     0.0235     0.0512      40.14     0.3392     0.2084  1.000e-12  0.2153000    11.3310    11.3299    -0.0011     8.8862     8.8853    134.686    137.608      0.481    1448.12    1448.12  0.000e+00
      44328    136.500     6.2287     6.2300     0.0012    1.23637    1.23632          1     0.0225     0.0524      39.63     0.3242     0.2224  1.000e-12  0.2247000    11.3444    11.3435    -0.0009     8.8966     8.8958    135.181    138.113      0.499    1448.16    1448.16  0.000e+00
      44350    137.000     6.2308     6.2320     0.0012    1.23686    1.23683          1     0.0244     0.0519      39.17     0.3308     0.2309  1.000e-12  0.2403000    11.3485    11.3478    -0.0007     8.8997     8.8991    135.676    138.617      0.554    1448.18    1448.18  0.000e+00
      44371    137.500     6.2363     6.2374     0.0011    1.23818    1.23814          1     0.0245     0.0497      38.85     0.3478     0.2399  1.000e-12  0.2466000    11.3597    11.3589    -0.0008     8.9081     8.9074    136.171    139.122      0.571    1448.22    1448.23  0.000e+00
      44393    138.000     6.2445     6.2454     0.0010    1.24004    1.23999          1     0.0200     0.0516      38.50     0.3284     0.2613  1.000e-12  0.2382000    11.3753    11.3745    -0.0008     8.9198     8.9191    136.666    139.627      0.547    1448.28    1448.29  0.000e+00
      44416    138.500     6.2469     6.2481     0.0012    1.24045    1.24044          1     0.0241     0.0527      38.02     0.3504     0.2413  1.000e-12  0.2700000    11.3785    11.3780    -0.0005     8.9221     8.9216    137.161    140.132      0.504    1448.31    1448.31  0.000e+00
      44440    139.000     6.2489     6.2499     0.0010    1.24087    1.24080          1     0.0240     0.0505      37.51     0.3629     0.2130  1.000e-12  0.2178000    11.3818    11.3808    -0.0010     8.9246     8.9237    137.656    140.636      0.498    1448.33    1448.33  0.000e+00
