ctdpy/exports/archive_20191120_135557/received_data/SBE09_1044_20180318_1209_34_02_0064.cnv
* Sea-Bird SBE 9 Data File:
* FileName = C:\ctd\temp\2018\ME18D064.hex
* Software Version Seasave V 7.26.6.26
* Temperature SN = 5351
* Conductivity SN = 3941
* Number of Bytes Per Scan = 41
* Number of Voltage Words = 4
* Number of Scans Averaged by the Deck Unit = 1
* NMEA Latitude = 54 58.28 N
* NMEA Longitude = 014 05.92 E
* NMEA UTC (Time) = Mar 18 2018  12:09:12
* NMEA baud rate = 4800
** Station:  BY2
** Operator:  A-KTh
** Ship: MERI
** Average sound velocity: 1422.92 m/s
** True-depth calculation Sun, 18 Mar 2018 13:12:31 +0000
** CTD Python Module SMHI /ver 3-12/ feb 2012 
** LIMS Job: 20183402-0064
** Cruise: SMHI-02-2018
** Latitude [GG MM.mm N] :
** Longitude [GG MM.mm E]:
# nquan = 26
# nvalues = 85                          
# units = specified
# name 0 = scan: Scan Count
# name 1 = prDM: Pressure, Digiquartz [db]
# name 2 = t090C: Temperature [ITS-90, deg C]
# name 3 = t190C: Temperature, 2 [ITS-90, deg C]
# name 4 = T2-T190C: Temperature Difference, 2 - 1 [ITS-90, deg C]
# name 5 = c0S/m: Conductivity [S/m]
# name 6 = c1S/m: Conductivity, 2 [S/m]
# name 7 = pumps: Pump Status
# name 8 = sbeox0ML/L: Oxygen, SBE 43 [ml/l]
# name 9 = sbeox1ML/L: Oxygen, SBE 43, 2 [ml/l]
# name 10 = altM: Altimeter [m]
# name 11 = flECO-AFL: Chl-a Fluorescence, WET Labs ECO-AFL/FL [mg/m^3]
# name 12 = flECO-AFL1: Phycocyanin Fluorescence, WET Labs ECO-AFL/FL, 2 [mg/m^3]
# name 13 = par: PAR/Irradiance, Biospherical/Lico [µE/(cm^2*s)]
# name 14 = turbWETntu0: Turbidity, WET Labs ECO [NTU]
# name 15 = sal00: Salinity, Practical [PSU]
# name 16 = sal11: Salinity, Practical, 2 [PSU]
# name 17 = secS-priS: Salinity, Practical, Difference, 2 - 1 [PSU]
# name 18 = sigma-t00: Density [sigma-t, Kg/m^3 ]
# name 19 = sigma-t11: Density, 2 [sigma-t, Kg/m^3 ]
# name 20 = depSM: Depth [salt water, m], lat = 54.9713
# name 21 = depFM: Depth [true depth, m], lat = 54.9713
# name 22 = dz/dtM: Descent Rate [m/s], WS = 2
# name 23 = svCM: Sound Velocity [Chen-Millero, m/s]
# name 24 = svCM1: Sound Velocity, 2 [Chen-Millero, m/s]
# name 25 = flag: flag
# span 0 =       7256,       8992       
# span 1 =      1.000,     43.000       
# span 2 =     1.9372,     2.0561       
# span 3 =     1.9381,     2.0501       
# span 4 =    -0.0066,     0.0076       
# span 5 =   0.770451,   0.795068       
# span 6 =   0.770426,   0.794141       
# span 7 =          1,          1       
# span 8 =    8.88600,    8.97807       
# span 9 =    8.90708,    8.99385       
# span 10 =       2.51,      97.89      
# span 11 =     0.5608,     1.1588      
# span 12 =     0.3079,     0.4875      
# span 13 = 1.0000e-12, 5.3308e+03      
# span 14 =     0.3832,     1.3142      
# span 15 =     7.7699,     8.0183      
# span 16 =     7.7694,     8.0098      
# span 17 =    -0.0085,     0.0037      
# span 18 =     6.1974,     6.3965      
# span 19 =     6.1970,     6.3896      
# span 20 =      0.991,     42.608      
# span 21 =      1.012,     43.524      
# span 22 =     -0.110,      0.961      
# span 23 =    1422.57,    1423.78      
# span 24 =    1422.57,    1423.74      
# span 25 = 0.0000e+00, 0.0000e+00      
# interval = decibars: 0.5              
# start_time = Mar 18 2018 12:09:12 [NMEA time, first data scan]
# bad_flag = -9.990e-29
*END*
       7256      1.000     2.0088     2.0081    -0.0007    0.77060    0.77053          1     8.9721     8.9852      33.71     0.5975     0.3658  5.331e+03  1.1366000     7.7717     7.7710    -0.0007     6.1988     6.1983      0.991      1.012      0.223    1422.58    1422.58  0.000e+00
       7278      1.500     2.0054     2.0054     0.0000    0.77053    0.77047          1     8.9759     8.9874      96.40     0.5608     0.3553  2.965e+03  1.1390000     7.7716     7.7710    -0.0006     6.1987     6.1982      1.486      1.518      0.511    1422.57    1422.57  0.000e+00
       7303      2.000     2.0072     2.0079     0.0006    0.77059    0.77055          1     8.9781     8.9878      59.12     0.6308     0.3673  1.250e+03  1.1550000     7.7717     7.7712    -0.0006     6.1989     6.1984      1.982      2.025      0.415    1422.59    1422.59  0.000e+00
       7367      2.500     2.0085     2.0074    -0.0010    0.77063    0.77054          1     8.9682     8.9820      44.38     0.6192     0.3079  1.162e+03  1.0845000     7.7718     7.7711    -0.0007     6.1989     6.1984      2.477      2.531      0.422    1422.60    1422.60  0.000e+00
       7392      3.000     2.0033     2.0046     0.0013    0.77049    0.77048          1     8.9658     8.9843      97.89     0.6871     0.4064  8.405e+02  1.1227000     7.7715     7.7711    -0.0004     6.1987     6.1983      2.973      3.037      0.700    1422.58    1422.59  0.000e+00
       7408      3.500     2.0031     2.0040     0.0009    0.77048    0.77046          1     8.9712     8.9841      79.67     0.7161     0.4122  7.531e+02  1.1624000     7.7714     7.7709    -0.0005     6.1986     6.1982      3.468      3.543      0.703    1422.59    1422.60  0.000e+00
       7426      4.000     2.0028     2.0035     0.0007    0.77046    0.77043          1     8.9757     8.9855      44.91     0.5816     0.3789  5.078e+02  1.1804000     7.7712     7.7706    -0.0006     6.1984     6.1979      3.964      4.049      0.601    1422.60    1422.60  0.000e+00
       7449      4.500     2.0032     2.0041     0.0009    0.77048    0.77046          1     8.9716     8.9878      67.50     0.6498     0.3631  4.581e+02  1.2160000     7.7712     7.7708    -0.0004     6.1984     6.1981      4.459      4.555      0.495    1422.61    1422.61  0.000e+00
       7476      5.000     2.0011     2.0021     0.0011    0.77048    0.77046          1     8.9684     8.9865      46.96     0.7522     0.3354  3.540e+02  1.2017000     7.7716     7.7712    -0.0005     6.1987     6.1984      4.955      5.061      0.415    1422.61    1422.61  0.000e+00
       7509      5.500     2.0011     2.0019     0.0007    0.77051    0.77048          1     8.9693     8.9882      42.33     0.8443     0.3369  2.790e+02  1.2396000     7.7719     7.7713    -0.0005     6.1989     6.1985      5.450      5.567      0.349    1422.61    1422.62  0.000e+00
       7540      6.000     2.0013     2.0020     0.0007    0.77054    0.77051          1     8.9684     8.9881      41.95     0.8874     0.3525  2.400e+02  1.1771000     7.7721     7.7716    -0.0004     6.1991     6.1988      5.946      6.074      0.527    1422.62    1422.63  0.000e+00
       7559      6.500     2.0014     2.0021     0.0006    0.77053    0.77050          1     8.9719     8.9891      41.59     0.8961     0.3425  1.910e+02  1.1747000     7.7719     7.7714    -0.0005     6.1990     6.1986      6.441      6.580      0.690    1422.63    1422.63  0.000e+00
       7575      7.000     2.0018     2.0032     0.0015    0.77055    0.77053          1     8.9744     8.9890      41.26     0.9491     0.4031  1.387e+02  1.1552000     7.7719     7.7713    -0.0006     6.1990     6.1985      6.937      7.086      0.695    1422.64    1422.65  0.000e+00
       7594      7.500     2.0024     2.0034     0.0011    0.77055    0.77053          1     8.9777     8.9862      40.64     0.9794     0.3833  1.134e+02  1.1849000     7.7718     7.7713    -0.0005     6.1988     6.1985      7.432      7.592      0.579    1422.65    1422.66  0.000e+00
       7618      8.000     2.0038     2.0048     0.0010    0.77056    0.77053          1     8.9759     8.9776      39.85     0.9991     0.3674  9.474e+01  1.2046000     7.7714     7.7708    -0.0005     6.1985     6.1981      7.928      8.098      0.431    1422.66    1422.67  0.000e+00
       7649      8.500     2.0070     2.0077     0.0007    0.77050    0.77048          1     8.9758     8.9801      39.13     0.9781     0.4110  9.312e+01  1.2516000     7.7699     7.7694    -0.0004     6.1974     6.1970      8.423      8.604      0.455    1422.69    1422.69  0.000e+00
       7671      9.000     2.0070     2.0081     0.0011    0.77052    0.77050          1     8.9722     8.9850      38.82     0.9754     0.4041  7.488e+01  1.2488000     7.7700     7.7695    -0.0005     6.1975     6.1971      8.919      9.110      0.619    1422.69    1422.70  0.000e+00
       7688      9.500     2.0072     2.0082     0.0010    0.77053    0.77050          1     8.9706     8.9857      38.50     0.9875     0.3749  5.380e+01  1.1907000     7.7700     7.7695    -0.0005     6.1974     6.1971      9.414      9.616      0.685    1422.70    1422.71  0.000e+00
       7706     10.000     2.0076     2.0090     0.0013    0.77054    0.77053          1     8.9651     8.9878      38.12     0.9689     0.3787  4.011e+01  1.1577000     7.7700     7.7694    -0.0005     6.1974     6.1970      9.910     10.123      0.667    1422.71    1422.72  0.000e+00
       7725     10.500     2.0060     2.0068     0.0008    0.77053    0.77051          1     8.9563     8.9860      37.47     0.9851     0.4015  3.111e+01  1.2276000     7.7701     7.7698    -0.0004     6.1976     6.1973     10.405     10.629      0.590    1422.71    1422.72  0.000e+00
       7747     11.000     2.0038     2.0058     0.0020    0.77051    0.77050          1     8.9554     8.9856      36.64     0.9823     0.4217  2.863e+01  1.2962000     7.7704     7.7698    -0.0005     6.1977     6.1973     10.901     11.135      0.550    1422.71    1422.72  0.000e+00
       7768     11.500     1.9934     1.9968     0.0033    0.77045    0.77045          1     8.9593     8.9871      36.02     0.9794     0.4120  2.793e+01  1.2747000     7.7722     7.7714    -0.0008     6.1992     6.1985     11.396     11.641      0.594    1422.67    1422.69  0.000e+00
       7787     12.000     1.9893     1.9971     0.0076    0.77051    0.77045          1     8.9651     8.9884      35.64     1.0176     0.4122  2.338e+01  1.0991000     7.7738     7.7712    -0.0026     6.2004     6.1984     11.892     12.147      0.661    1422.66    1422.69  0.000e+00
       7804     12.500     1.9933     1.9892    -0.0040    0.77056    0.77060          1     8.9623     8.9830      35.28     0.9650     0.4122  1.811e+01  1.2115000     7.7733     7.7747     0.0014     6.2000     6.2011     12.387     12.653      0.718    1422.69    1422.67  0.000e+00
       7821     13.000     1.9873     1.9872    -0.0000    0.77062    0.77061          1     8.9635     8.9827      34.78     0.9754     0.4122  1.463e+01  1.2522000     7.7754     7.7753    -0.0001     6.2016     6.2016     12.882     13.159      0.737    1422.67    1422.67  0.000e+00
       7837     13.500     1.9848     1.9880     0.0033    0.77063    0.77061          1     8.9666     8.9866      34.25     1.0169     0.4122  1.286e+01  1.3142000     7.7760     7.7750    -0.0010     6.2022     6.2014     13.378     13.666      0.697    1422.67    1422.68  0.000e+00
       7855     14.000     1.9821     1.9857     0.0036    0.77069    0.77064          1     8.9654     8.9887      33.64     0.9950     0.4057  1.135e+01  1.2423000     7.7773     7.7758    -0.0015     6.2032     6.2020     13.873     14.172      0.596    1422.66    1422.68  0.000e+00
       7878     14.500     2.0000     2.0025     0.0024    0.77057    0.77054          1     8.9692     8.9939      32.94     0.9861     0.3769  9.901e+00  1.2208000     7.7714     7.7705    -0.0009     6.1986     6.1979     14.369     14.678      0.526    1422.75    1422.76  0.000e+00
       7900     15.000     1.9973     2.0050     0.0076    0.77062    0.77055          1     8.9592     8.9817      32.38     0.9885     0.3248  8.095e+00  1.2057000     7.7725     7.7699    -0.0026     6.1994     6.1974     14.864     15.184      0.641    1422.75    1422.78  0.000e+00
       7917     15.500     2.0008     2.0051     0.0043    0.77060    0.77054          1     8.9412     8.9708      31.94     0.9872     0.3890  6.575e+00  1.1849000     7.7715     7.7697    -0.0018     6.1986     6.1972     15.360     15.690      0.791    1422.77    1422.79  0.000e+00
       7930     16.000     2.0031     2.0052     0.0022    0.77059    0.77055          1     8.9390     8.9671      31.62     0.9608     0.3963  5.430e+00  1.2210000     7.7707     7.7697    -0.0010     6.1980     6.1972     15.855     16.196      0.866    1422.79    1422.80  0.000e+00
       7944     16.500     1.9548     1.9593     0.0043    0.77302    0.77323          1     8.9397     8.9618      31.11     0.9573     0.4358  4.478e+00  1.2278000     7.8090     7.8101     0.0011     6.2284     6.2293     16.351     16.702      0.867    1422.62    1422.64  0.000e+00
       7958     17.000     1.9396     1.9402     0.0006    0.77971    0.77974          1     8.9405     8.9608      30.57     1.0015     0.4354  3.741e+00  1.2292000     7.8852     7.8854     0.0002     6.2894     6.2895     16.846     17.208      0.799    1422.65    1422.65  0.000e+00
       7974     17.500     1.9372     1.9393     0.0020    0.78018    0.78020          1     8.9371     8.9590      29.97     1.0431     0.4270  3.217e+00  1.1459000     7.8909     7.8906    -0.0003     6.2939     6.2937     17.342     17.715      0.691    1422.66    1422.66  0.000e+00
       7993     18.000     1.9447     1.9381    -0.0066    0.78114    0.78052          1     8.9321     8.9550      29.36     1.1161     0.4621  2.867e+00  0.9870000     7.8993     7.8942    -0.0051     6.3007     6.2966     17.837     18.221      0.635    1422.71    1422.67  0.000e+00
       8012     18.500     1.9490     1.9504     0.0014    0.78156    0.78177          1     8.9280     8.9513      28.83     1.1054     0.4393  2.547e+00  0.8984000     7.9028     7.9047     0.0019     6.3035     6.3050     18.332     18.727      0.646    1422.74    1422.75  0.000e+00
       8030     19.000     1.9540     1.9554     0.0015    0.78209    0.78212          1     8.9316     8.9504      28.31     1.0893     0.3978  2.167e+00  0.7883000     7.9071     7.9072     0.0001     6.3070     6.3071     18.828     19.233      0.660    1422.78    1422.79  0.000e+00
       8048     19.500     1.9553     1.9555     0.0003    0.78205    0.78196          1     8.9279     8.9456      27.76     1.0752     0.4116  1.774e+00  0.7384000     7.9063     7.9052    -0.0011     6.3064     6.3055     19.323     19.739      0.701    1422.79    1422.79  0.000e+00
       8065     20.000     1.9555     1.9571     0.0016    0.78226    0.78258          1     8.9242     8.9368      27.28     1.0544     0.4374  1.434e+00  0.8392000     7.9085     7.9115     0.0030     6.3082     6.3105     19.819     20.245      0.744    1422.80    1422.82  0.000e+00
       8080     20.500     1.9584     1.9600     0.0016    0.78300    0.78306          1     8.9218     8.9360      26.90     1.0692     0.4726  1.181e+00  0.7842000     7.9156     7.9159     0.0003     6.3139     6.3141     20.314     20.751      0.758    1422.84    1422.84  0.000e+00
       8096     21.000     1.9554     1.9560     0.0006    0.78283    0.78284          1     8.9225     8.9414      26.37     1.0798     0.4509  9.996e-01  0.7478000     7.9146     7.9145    -0.0000     6.3130     6.3130     20.810     21.257      0.757    1422.83    1422.83  0.000e+00
       8112     21.500     1.9545     1.9556     0.0011    0.78270    0.78272          1     8.9298     8.9401      25.90     1.0552     0.4472  8.610e-01  0.7631000     7.9133     7.9132    -0.0001     6.3119     6.3119     21.305     21.763      0.732    1422.83    1422.83  0.000e+00
       8129     22.000     1.9622     1.9623     0.0001    0.78329    0.78323          1     8.9338     8.9404      25.22     1.0486     0.4721  7.674e-01  0.8416000     7.9176     7.9170    -0.0006     6.3155     6.3150     21.801     22.269      0.667    1422.88    1422.88  0.000e+00
       8149     22.500     1.9675     1.9676     0.0001    0.78381    0.78372          1     8.9329     8.9445      24.58     1.0510     0.4325  6.743e-01  0.9159000     7.9219     7.9209    -0.0010     6.3189     6.3181     22.296     22.775      0.576    1422.92    1422.92  0.000e+00
       8171     23.000     1.9676     1.9669    -0.0007    0.78382    0.78365          1     8.9339     8.9426      23.97     1.0900     0.4314  5.851e-01  0.8178000     7.9220     7.9202    -0.0017     6.3190     6.3176     22.791     23.281      0.549    1422.93    1422.92  0.000e+00
       8192     23.500     1.9668     1.9679     0.0010    0.78373    0.78375          1     8.9300     8.9355      23.47     1.0540     0.4385  4.829e-01  0.8073000     7.9211     7.9209    -0.0002     6.3183     6.3182     23.287     23.787      0.627    1422.93    1422.94  0.000e+00
       8210     24.000     1.9654     1.9664     0.0010    0.78357    0.78358          1     8.9205     8.9383      22.98     1.0305     0.4180  3.914e-01  0.7797000     7.9196     7.9195    -0.0001     6.3170     6.3170     23.782     24.293      0.695    1422.93    1422.93  0.000e+00
       8226     24.500     1.9643     1.9658     0.0015    0.78343    0.78351          1     8.9103     8.9432      22.44     1.0112     0.3946  3.224e-01  0.7592000     7.9182     7.9188     0.0006     6.3160     6.3164     24.278     24.800      0.730    1422.93    1422.94  0.000e+00
       8243     25.000     1.9655     1.9664     0.0009    0.78360    0.78360          1     8.9137     8.9434      21.87     0.9575     0.3902  2.803e-01  0.7098000     7.9198     7.9195    -0.0003     6.3172     6.3170     24.773     25.306      0.729    1422.94    1422.95  0.000e+00
       8259     25.500     1.9662     1.9679     0.0018    0.78367    0.78375          1     8.9208     8.9415      21.32     0.9644     0.3857  2.459e-01  0.7528000     7.9202     7.9207     0.0005     6.3176     6.3179     25.269     25.812      0.678    1422.95    1422.97  0.000e+00
       8278     26.000     1.9664     1.9680     0.0016    0.78371    0.78377          1     8.9207     8.9395      20.75     0.9830     0.4286  2.066e-01  0.7692000     7.9206     7.9208     0.0003     6.3179     6.3181     25.764     26.318      0.605    1422.97    1422.97  0.000e+00
       8299     26.500     1.9678     1.9700     0.0022    0.78385    0.78398          1     8.9233     8.9408      20.26     1.0311     0.4595  1.589e-01  0.7292000     7.9216     7.9225     0.0009     6.3187     6.3194     26.259     26.824      0.579    1422.98    1422.99  0.000e+00
       8320     27.000     1.9710     1.9731     0.0022    0.78418    0.78426          1     8.9252     8.9410      19.80     1.0184     0.4705  1.185e-01  0.7952000     7.9243     7.9247     0.0004     6.3209     6.3212     26.755     27.330      0.592    1423.01    1423.02  0.000e+00
       8340     27.500     1.9833     1.9847     0.0013    0.78552    0.78558          1     8.9200     8.9335      19.20     1.0092     0.4183  8.583e-02  0.6269000     7.9357     7.9360     0.0003     6.3301     6.3303     27.250     27.836      0.584    1423.09    1423.10  0.000e+00
       8361     28.000     1.9852     1.9862     0.0011    0.78579    0.78578          1     8.9120     8.9282      18.63     0.9740     0.4040  5.830e-02  0.5982000     7.9381     7.9377    -0.0004     6.3320     6.3317     27.746     28.342      0.571    1423.11    1423.11  0.000e+00
