ctdpy/exports/archive_20191120_135557/received_data/SBE09_1044_20180124_2119_34_02_0003.cnv
* Sea-Bird SBE 9 Data File:
* FileName = C:\ctd\temp\2018\ME18D003.hex
* Software Version Seasave V 7.26.6.26
* Temperature SN = 5351
* Conductivity SN = 3941
* Number of Bytes Per Scan = 41
* Number of Voltage Words = 4
* Number of Scans Averaged by the Deck Unit = 1
* NMEA Latitude = 57 27.92 N
* NMEA Longitude = 010 54.06 E
* NMEA UTC (Time) = Jan 24 2018  21:20:06
* NMEA baud rate = 4800
** Station:  GF8
** Operator:  SSip
** Ship: MERI
** Average sound velocity: 1464.65 m/s
** True-depth calculation Sat, 27 Jan 2018 04:02:15 +0000
** CTD Python Module SMHI /ver 3-12/ feb 2012 
** LIMS Job: 20183402-0003
** Cruise: SMHI-01-2018
** Latitude [GG MM.mm N] :
** Longitude [GG MM.mm E]:
# nquan = 26
# nvalues = 74                          
# units = specified
# name 0 = scan: Scan Count
# name 1 = prDM: Pressure, Digiquartz [db]
# name 2 = t090C: Temperature [ITS-90, deg C]
# name 3 = t190C: Temperature, 2 [ITS-90, deg C]
# name 4 = T2-T190C: Temperature Difference, 2 - 1 [ITS-90, deg C]
# name 5 = c0S/m: Conductivity [S/m]
# name 6 = c1S/m: Conductivity, 2 [S/m]
# name 7 = pumps: Pump Status
# name 8 = sbeox0ML/L: Oxygen, SBE 43 [ml/l]
# name 9 = sbeox1ML/L: Oxygen, SBE 43, 2 [ml/l]
# name 10 = altM: Altimeter [m]
# name 11 = flECO-AFL: Chl-a Fluorescence, WET Labs ECO-AFL/FL [mg/m^3]
# name 12 = flECO-AFL1: Phycocyanin Fluorescence, WET Labs ECO-AFL/FL, 2 [mg/m^3]
# name 13 = par: PAR/Irradiance, Biospherical/Lico [µE/(cm^2*s)]
# name 14 = turbWETntu0: Turbidity, WET Labs ECO [NTU]
# name 15 = sal00: Salinity, Practical [PSU]
# name 16 = sal11: Salinity, Practical, 2 [PSU]
# name 17 = secS-priS: Salinity, Practical, Difference, 2 - 1 [PSU]
# name 18 = sigma-t00: Density [sigma-t, Kg/m^3 ]
# name 19 = sigma-t11: Density, 2 [sigma-t, Kg/m^3 ]
# name 20 = depSM: Depth [salt water, m], lat = 57.4653
# name 21 = depFM: Depth [true depth, m], lat = 57.4653
# name 22 = dz/dtM: Descent Rate [m/s], WS = 2
# name 23 = svCM: Sound Velocity [Chen-Millero, m/s]
# name 24 = svCM1: Sound Velocity, 2 [Chen-Millero, m/s]
# name 25 = flag: flag
# span 0 =       6765,       8323       
# span 1 =      1.000,     37.500       
# span 2 =     4.2954,     6.6222       
# span 3 =     4.2965,     6.6413       
# span 4 =    -0.0478,     0.0327       
# span 5 =   2.330186,   3.363635       
# span 6 =   2.330201,   3.366315       
# span 7 =          1,          1       
# span 8 =    6.10769,    7.38034       
# span 9 =    6.08097,    7.37805       
# span 10 =       2.61,      39.03      
# span 11 =     0.2472,     0.8815      
# span 12 =     0.2612,     0.3766      
# span 13 = -2.592e-02, 3.2782e-01      
# span 14 =     0.6610,     2.2031      
# span 15 =    23.9861,    33.5380      
# span 16 =    23.9855,    33.5488      
# span 17 =    -0.0211,     0.1291      
# span 18 =    19.0033,    26.3177      
# span 19 =    19.0055,    26.3237      
# span 20 =      0.991,     37.151      
# span 21 =      1.000,     37.326      
# span 22 =     -0.070,      0.888      
# span 23 =    1453.84,    1475.96      
# span 24 =    1453.84,    1476.06      
# span 25 = 0.0000e+00, 0.0000e+00      
# interval = decibars: 0.5              
# start_time = Jan 24 2018 21:20:06 [NMEA time, first data scan]
# bad_flag = -9.990e-29
*END*
[from data line 56]
       7894     29.000     5.6977     5.6993     0.0016    3.23649    3.23666          1     6.4429     6.4169      12.71     0.3352     0.3088  1.000e-12  1.9480000    33.0263    33.0268     0.0005    26.0300    26.0301     28.731     28.889      0.362    1471.52    1471.52  0.000e+00
       7926     29.500     5.7050     5.7058     0.0007    3.23770    3.23771          1     6.4431     6.4123      12.23     0.3313     0.3348  1.000e-12  1.8539000    33.0326    33.0320    -0.0006    26.0341    26.0335     29.226     29.385      0.496    1471.56    1471.56  0.000e+00
       7946     30.000     5.7113     5.7095    -0.0018    3.23853    3.23832          1     6.4318     6.4105      11.83     0.3453     0.3382  1.000e-12  1.9130000    33.0356    33.0349    -0.0007    26.0357    26.0353     29.721     29.882      0.652    1471.60    1471.59  0.000e+00
       7963     30.500     5.7112     5.7111    -0.0001    3.23865    3.23860          1     6.4297     6.4038      11.40     0.3479     0.3305  1.000e-12  1.9604000    33.0368    33.0363    -0.0005    26.0366    26.0362     30.216     30.378      0.707    1471.61    1471.61  0.000e+00
       7980     31.000     5.7209     5.7223     0.0013    3.23969    3.23982          1     6.4337     6.4059      10.91     0.3261     0.3652  1.000e-12  2.0196000    33.0388    33.0389     0.0001    26.0370    26.0370     30.712     30.875      0.686    1471.66    1471.66  0.000e+00
       7998     31.500     5.7493     5.7578     0.0084    3.24362    3.24489          1     6.4210     6.4095      10.39     0.3514     0.3200  1.000e-12  2.0306000    33.0551    33.0611     0.0060    26.0465    26.0503     31.207     31.371      0.612    1471.80    1471.84  0.000e+00
       8020     32.000     5.8377     5.8487     0.0111    3.25623    3.25766          1     6.3763     6.3810       9.84     0.3368     0.2775  1.000e-12  2.0955000    33.1103    33.1158     0.0054    26.0795    26.0824     31.702     31.867      0.485    1472.23    1472.28  0.000e+00
       8049     32.500     5.9212     5.9304     0.0091    3.26766    3.26830          1     6.3472     6.3498       9.25     0.3197     0.2738  1.000e-12  2.0705000    33.1570    33.1552    -0.0017    26.1061    26.1036     32.198     32.363      0.411    1472.63    1472.67  0.000e+00
       8076     33.000     5.9543     5.9556     0.0013    3.27243    3.27253          1     6.3396     6.3388       8.78     0.3157     0.2925  1.000e-12  1.9493000    33.1778    33.1778    -0.0001    26.1185    26.1183     32.693     32.860      0.533    1472.80    1472.81  0.000e+00
       8096     33.500     6.0022     6.0039     0.0017    3.27899    3.27942          1     6.3112     6.3040       8.35     0.3003     0.2978  1.000e-12  2.0045000    33.2044    33.2075     0.0032    26.1336    26.1359     33.188     33.356      0.618    1473.03    1473.04  0.000e+00
       8115     34.000     6.0252     6.0242    -0.0010    3.28239    3.28227          1     6.2880     6.2717       7.86     0.2868     0.2831  1.000e-12  2.0594000    33.2198    33.2194    -0.0004    26.1429    26.1427     33.684     33.852      0.608    1473.15    1473.15  0.000e+00
       8136     34.500     6.0310     6.0313     0.0003    3.28334    3.28338          1     6.3111     6.2924       7.33     0.2952     0.2725  1.000e-12  1.9722000    33.2244    33.2246     0.0001    26.1459    26.1460     34.179     34.349      0.543    1473.19    1473.19  0.000e+00
       8159     35.000     6.0956     6.1073     0.0116    3.29203    3.29393          1     6.2905     6.3065       6.77     0.3074     0.3032  1.000e-12  2.0539000    33.2583    33.2680     0.0097    26.1645    26.1708     34.674     34.845      0.504    1473.50    1473.56  0.000e+00
       8183     35.500     6.3492     6.3573     0.0082    3.32618    3.32754          1     6.2023     6.2374       6.26     0.2611     0.3159  1.000e-12  2.0723000    33.3906    33.3978     0.0073    26.2368    26.2416     35.170     35.341      0.508    1474.68    1474.72  0.000e+00
       8206     36.000     6.4941     6.4878    -0.0063    3.34499    3.34427          1     6.1512     6.1676       5.76     0.2603     0.2950  1.000e-12  1.9816000    33.4575    33.4557    -0.0017    26.2709    26.2704     35.665     35.837      0.523    1475.34    1475.31  0.000e+00
       8229     36.500     6.5501     6.5558     0.0055    3.35266    3.35375          1     6.1407     6.1347       5.26     0.2603     0.2982  1.000e-12  1.9637000    33.4875    33.4939     0.0065    26.2873    26.2917     36.160     36.334      0.500    1475.61    1475.64  0.000e+00
       8255     37.000     6.6222     6.6206    -0.0015    3.36363    3.36340          1     6.1077     6.0902       4.74     0.2512     0.3323  1.000e-12  2.0910000    33.5380    33.5370    -0.0010    26.3177    26.3171     36.655     36.830      0.427    1475.96    1475.95  0.000e+00
       8323     37.500     6.6087     6.6413     0.0327    3.36201    3.36632          1     6.1147     6.0810       3.98     0.2472     0.2890  1.000e-12  2.2031000    33.5331    33.5488     0.0157    26.3156    26.3237     37.151     37.326     -0.070    1475.91    1476.06  0.000e+00
