ctdpy/exports/archive_20191120_135557/received_data/SBE09_0827_20181120_0931_26_01_1203.cnv
* Sea-Bird SBE 9 Data File:
* FileName = D:\CTD_SBE911\DAT\26DA.2018.12.3.hex
* Software Version Seasave V 7.21d
* Temperature SN = 4548
* Conductivity SN = 3062
* Number of Bytes Per Scan = 48
* Number of Voltage Words = 5
* Number of Scans Averaged by the Deck Unit = 1
* NMEA Latitude = 55 40.01 N
* NMEA Longitude = 014 26.70 E
* NMEA UTC (Time) = Nov 20 2018  09:31:54
* NMEA baud rate = 4800
** Ship: DANA
** Average sound velocity: 1448.58 m/s
** True-depth calculation Tue, 02 Apr 2019 12:11:42 +0000
** CTD Python Module SMHI /ver 3-12/ feb 2012 
** LIMS Job: 20182601-1203
** Operator: Ronny
** Cruise: 12/2018
# nquan = 26
# nvalues = 87                          
# units = specified
# name 0 = scan: Scan Count
# name 1 = prDM: Pressure, Digiquartz [db]
# name 2 = t090C: Temperature [ITS-90, deg C]
# name 3 = t190C: Temperature, 2 [ITS-90, deg C]
# name 4 = T2-T190C: Temperature Difference, 2 - 1 [ITS-90, deg C]
# name 5 = c0S/m: Conductivity [S/m]
# name 6 = c1S/m: Conductivity, 2 [S/m]
# name 7 = pumps: Pump Status
# name 8 = sbeox1ML/L: Oxygen, SBE 43, 2 [ml/l]
# name 9 = sbeox0ML/L: Oxygen, SBE 43 [ml/l]
# name 10 = altM: Altimeter [m]
# name 11 = chloroflTC0: Chlorophyll, Turner Cyclops [ug/l]
# name 12 = cpar: CPAR/Corrected Irradiance [%]
# name 13 = par: PAR/Irradiance, Biospherical/Lico [µE/(cm^2*s)]
# name 14 = spar: SPAR, Biospherical/Licor
# name 15 = sal00: Salinity, Practical [PSU]
# name 16 = sal11: Salinity, Practical, 2 [PSU]
# name 17 = secS-priS: Salinity, Practical, Difference, 2 - 1 [PSU]
# name 18 = sigma-t00: Density [sigma-t, kg/m^3 ]
# name 19 = sigma-t11: Density, 2 [sigma-t, kg/m^3 ]
# name 20 = depSM: Depth [salt water, m], lat = 55.6668
# name 21 = depFM: Depth [true depth, m], lat = 55.6668
# name 22 = dz/dtM: Descent Rate [m/s], WS = 2
# name 23 = svCM: Sound Velocity [Chen-Millero, m/s]
# name 24 = svCM1: Sound Velocity, 2 [Chen-Millero, m/s]
# name 25 = flag: flag
# span 0 =        155,       4635       
# span 1 =      1.500,     44.500       
# span 2 =     7.8763,     7.8910       
# span 3 =     7.8770,     7.8920       
# span 4 =    -0.0012,     0.0023       
# span 5 =   0.891599,   0.892622       
# span 6 =   0.891564,   0.892622       
# span 7 =          1,          1       
# span 8 =     7.3920,     7.4279       
# span 9 =     7.5750,     7.6494       
# span 10 =       1.75,       9.99      
# span 11 =     0.0257,     0.0293      
# span 12 = 3.9635e-13, 7.1633e+00      
# span 13 = 1.0000e-12, 1.3702e+01      
# span 14 = 1.9138e+02, 2.5229e+02      
# span 15 =     7.6150,     7.6209      
# span 16 =     7.6156,     7.6207      
# span 17 =    -0.0004,     0.0032      
# span 18 =     5.8462,     5.8505      
# span 19 =     5.8475,     5.8503      
# span 20 =      1.486,     44.092      
# span 21 =      1.519,     45.061      
# span 22 =     -0.195,      0.741      
# span 23 =    1448.24,    1448.94      
# span 24 =    1448.24,    1448.95      
# span 25 = 0.0000e+00, 0.0000e+00      
# interval = decibars: 0.5              
# start_time = Nov 20 2018 09:31:54 [NMEA time, first data scan]
# bad_flag = -9.990e-29
*END*
        155      1.500     7.8870     7.8870     0.0001    0.89179    0.89177          1     7.4137     7.6415       9.99     0.0282  7.163e+00  1.370e+01  1.914e+02     7.6179     7.6177    -0.0002     5.8484     5.8483      1.486      1.519      0.233    1448.24    1448.24  0.000e+00
        339      2.000     7.8877     7.8886     0.0008    0.89188    0.89186          1     7.4013     7.6361       9.99     0.0281  5.466e+00  1.061e+01  1.941e+02     7.6185     7.6181    -0.0004     5.8489     5.8485      1.982      2.025      0.551    1448.26    1448.26  0.000e+00
        412      2.500     7.8883     7.8883    -0.0000    0.89194    0.89192          1     7.4162     7.6486       9.99     0.0280  4.400e+00  8.573e+00  1.949e+02     7.6188     7.6186    -0.0002     5.8491     5.8489      2.477      2.532      0.550    1448.27    1448.27  0.000e+00
        483      3.000     7.8886     7.8909     0.0023    0.89194    0.89203          1     7.4130     7.6486       9.99     0.0278  4.380e+00  8.604e+00  1.965e+02     7.6187     7.6190     0.0003     5.8490     5.8490      2.973      3.038      0.346    1448.28    1448.29  0.000e+00
        519      3.500     7.8902     7.8920     0.0018    0.89201    0.89216          1     7.4068     7.6494       9.99     0.0279  3.675e+00  7.199e+00  1.959e+02     7.6190     7.6200     0.0010     5.8490     5.8497      3.468      3.544      0.273    1448.29    1448.30  0.000e+00
        578      4.000     7.8901     7.8916     0.0015    0.89207    0.89216          1     7.4251     7.6463       9.99     0.0293  3.113e+00  6.133e+00  1.970e+02     7.6195     7.6200     0.0005     5.8495     5.8497      3.964      4.050      0.322    1448.30    1448.31  0.000e+00
        647      4.500     7.8906     7.8915     0.0009    0.89224    0.89222          1     7.4184     7.6392       9.99     0.0283  2.678e+00  5.276e+00  1.970e+02     7.6208     7.6205    -0.0004     5.8505     5.8501      4.459      4.557      0.299    1448.31    1448.31  0.000e+00
        705      5.000     7.8909     7.8913     0.0004    0.89226    0.89224          1     7.4157     7.6413       9.99     0.0270  2.458e+00  4.847e+00  1.972e+02     7.6209     7.6207    -0.0002     5.8505     5.8503      4.955      5.063      0.553    1448.32    1448.32  0.000e+00
        726      5.500     7.8896     7.8902     0.0006    0.89222    0.89222          1     7.4144     7.6391       9.99     0.0269  2.006e+00  3.990e+00  1.990e+02     7.6208     7.6206    -0.0002     5.8505     5.8503      5.450      5.569      0.504    1448.32    1448.33  0.000e+00
        762      6.000     7.8888     7.8891     0.0003    0.89218    0.89217          1     7.4096     7.6368       9.99     0.0280  1.622e+00  3.232e+00  1.992e+02     7.6205     7.6203    -0.0002     5.8504     5.8502      5.945      6.076      0.257    1448.33    1448.33  0.000e+00
        836      6.500     7.8891     7.8896     0.0004    0.89218    0.89218          1     7.4168     7.6355       9.99     0.0273  1.498e+00  3.011e+00  2.010e+02     7.6203     7.6203    -0.0001     5.8502     5.8501      6.441      6.582      0.206    1448.34    1448.34  0.000e+00
        889      7.000     7.8892     7.8899     0.0007    0.89218    0.89220          1     7.4103     7.6240       9.99     0.0279  1.258e+00  2.529e+00  2.011e+02     7.6203     7.6204     0.0000     5.8502     5.8501      6.936      7.088      0.214    1448.34    1448.35  0.000e+00
        992      7.500     7.8887     7.8895     0.0008    0.89213    0.89215          1     7.4172     7.6339       9.98     0.0276  1.196e+00  2.406e+00  2.011e+02     7.6199     7.6199     0.0000     5.8499     5.8499      7.432      7.595      0.327    1448.35    1448.35  0.000e+00
       1018      8.000     7.8902     7.8902    -0.0001    0.89222    0.89220          1     7.4034     7.6247       9.98     0.0268  1.031e+00  2.074e+00  2.012e+02     7.6203     7.6201    -0.0002     5.8501     5.8500      7.927      8.101      0.444    1448.37    1448.36  0.000e+00
       1049      8.500     7.8889     7.8898     0.0008    0.89216    0.89218          1     7.3921     7.6337       9.98     0.0270  8.637e-01  1.753e+00  2.030e+02     7.6200     7.6200    -0.0000     5.8500     5.8499      8.423      8.607      0.329    1448.37    1448.37  0.000e+00
       1104      9.000     7.8873     7.8880     0.0007    0.89210    0.89211          1     7.4063     7.6326       9.98     0.0274  7.957e-01  1.616e+00  2.031e+02     7.6197     7.6197    -0.0000     5.8499     5.8498      8.918      9.114      0.191    1448.37    1448.37  0.000e+00
       1169      9.500     7.8856     7.8866     0.0010    0.89203    0.89205          1     7.4121     7.6377       9.98     0.0279  6.985e-01  1.419e+00  2.031e+02     7.6194     7.6194    -0.0000     5.8497     5.8496      9.414      9.620      0.213    1448.37    1448.37  0.000e+00
       1215     10.000     7.8853     7.8860     0.0007    0.89201    0.89203          1     7.4093     7.6386       9.98     0.0271  6.316e-01  1.290e+00  2.042e+02     7.6192     7.6192     0.0001     5.8496     5.8496      9.909     10.126      0.346    1448.37    1448.38  0.000e+00
       1246     10.500     7.8858     7.8862     0.0004    0.89206    0.89205          1     7.4142     7.6304       9.98     0.0273  5.234e-01  1.073e+00  2.051e+02     7.6195     7.6193    -0.0002     5.8498     5.8496     10.404     10.632      0.340    1448.39    1448.39  0.000e+00
       1335     11.000     7.8853     7.8859     0.0006    0.89204    0.89205          1     7.3949     7.6344       9.98     0.0272  4.904e-01  1.008e+00  2.056e+02     7.6194     7.6193    -0.0000     5.8497     5.8496     10.900     11.139      0.388    1448.39    1448.39  0.000e+00
       1365     11.500     7.8856     7.8859     0.0003    0.89206    0.89206          1     7.3971     7.6319       9.98     0.0272  4.211e-01  8.724e-01  2.072e+02     7.6194     7.6193    -0.0001     5.8498     5.8497     11.395     11.645      0.625    1448.40    1448.40  0.000e+00
       1383     12.000     7.8858     7.8860     0.0002    0.89209    0.89206          1     7.4145     7.6341       9.97     0.0269  3.402e-01  7.046e-01  2.072e+02     7.6196     7.6193    -0.0003     5.8499     5.8496     11.891     12.151      0.544    1448.41    1448.41  0.000e+00
       1475     12.500     7.8857     7.8860     0.0003    0.89209    0.89208          1     7.4212     7.6302       9.97     0.0273  2.916e-01  6.040e-01  2.072e+02     7.6196     7.6194    -0.0002     5.8499     5.8497     12.386     12.658      0.408    1448.42    1448.42  0.000e+00
       1540     13.000     7.8855     7.8858     0.0004    0.89210    0.89209          1     7.4246     7.6325       9.97     0.0270  2.550e-01  5.297e-01  2.078e+02     7.6196     7.6195    -0.0002     5.8499     5.8498     12.882     13.164      0.489    1448.42    1448.43  0.000e+00
       1566     13.500     7.8858     7.8859     0.0001    0.89210    0.89210          1     7.4239     7.6407       9.97     0.0273  2.000e-01  4.182e-01  2.092e+02     7.6195     7.6195    -0.0000     5.8498     5.8498     13.377     13.670      0.405    1448.43    1448.43  0.000e+00
       1625     14.000     7.8849     7.8853     0.0004    0.89208    0.89207          1     7.4152     7.6373       9.97     0.0272  1.693e-01  3.557e-01  2.100e+02     7.6195     7.6193    -0.0002     5.8499     5.8497     13.873     14.177      0.226    1448.44    1448.44  0.000e+00
       1694     14.500     7.8839     7.8847     0.0007    0.89203    0.89205          1     7.4079     7.6373       9.97     0.0272  1.618e-01  3.417e-01  2.112e+02     7.6192     7.6191    -0.0000     5.8497     5.8496     14.368     14.683      0.392    1448.44    1448.44  0.000e+00
       1720     15.000     7.8840     7.8845     0.0005    0.89205    0.89204          1     7.4157     7.6345       9.97     0.0269  1.204e-01  2.544e-01  2.112e+02     7.6192     7.6191    -0.0001     5.8497     5.8496     14.863     15.189      0.421    1448.45    1448.45  0.000e+00
       1776     15.500     7.8826     7.8831     0.0004    0.89196    0.89195          1     7.4164     7.6376       9.97     0.0273  8.946e-02  1.892e-01  2.115e+02     7.6186     7.6185    -0.0001     5.8494     5.8492     15.359     15.696      0.251    1448.45    1448.45  0.000e+00
       1854     16.000     7.8801     7.8808     0.0006    0.89174    0.89177          1     7.4182     7.6304       9.97     0.0269  7.805e-02  1.656e-01  2.122e+02     7.6171     7.6173     0.0002     5.8484     5.8485     15.854     16.202      0.406    1448.45    1448.45  0.000e+00
       1877     16.500     7.8800     7.8806     0.0006    0.89171    0.89175          1     7.4153     7.6288       9.97     0.0273  5.578e-02  1.189e-01  2.132e+02     7.6169     7.6170     0.0002     5.8482     5.8483     16.350     16.708      0.462    1448.45    1448.46  0.000e+00
       1905     17.000     7.8799     7.8804     0.0005    0.89172    0.89172          1     7.4279     7.6304       9.97     0.0269  3.371e-02  7.188e-02  2.132e+02     7.6169     7.6168    -0.0001     5.8482     5.8481     16.845     17.214      0.406    1448.46    1448.46  0.000e+00
       1940     17.500     7.8796     7.8802     0.0006    0.89171    0.89172          1     7.4108     7.6356       9.96     0.0268  1.474e-02  3.156e-02  2.144e+02     7.6168     7.6168    -0.0000     5.8482     5.8481     17.341     17.721      0.275    1448.47    1448.47  0.000e+00
       2026     18.000     7.8803     7.8808     0.0006    0.89172    0.89173          1     7.4142     7.6342       9.96     0.0269  1.057e-02  2.275e-02  2.152e+02     7.6166     7.6166    -0.0000     5.8480     5.8479     17.836     18.227      0.264    1448.48    1448.48  0.000e+00
       2070     18.500     7.8798     7.8805     0.0008    0.89169    0.89171          1     7.4150     7.6316       9.96     0.0266  6.939e-04  1.494e-03  2.153e+02     7.6164     7.6164     0.0000     5.8479     5.8478     18.331     18.733      0.347    1448.49    1448.49  0.000e+00
       2106     19.000     7.8786     7.8795     0.0009    0.89163    0.89165          1     7.4160     7.6348       9.96     0.0265  2.122e-05  4.567e-05  2.157e+02     7.6161     7.6161     0.0000     5.8477     5.8476     18.827     19.240      0.293    1448.49    1448.49  0.000e+00
       2153     19.500     7.8789     7.8789     0.0001    0.89165    0.89163          1     7.4131     7.6359       9.96     0.0268  4.602e-13  1.000e-12  2.173e+02     7.6162     7.6159    -0.0003     5.8478     5.8475     19.322     19.746      0.240    1448.50    1448.50  0.000e+00
       2205     20.000     7.8776     7.8795     0.0019    0.89160    0.89168          1     7.4097     7.6358       9.96     0.0268  4.602e-13  1.000e-12  2.173e+02     7.6159     7.6162     0.0003     5.8476     5.8477     19.818     20.252      0.256    1448.50    1448.51  0.000e+00
       2242     20.500     7.8772     7.8770    -0.0001    0.89160    0.89156          1     7.4233     7.6394       9.96     0.0269  4.589e-13  1.000e-12  2.179e+02     7.6159     7.6156    -0.0003     5.8477     5.8475     20.313     20.759      0.390    1448.51    1448.50  0.000e+00
       2271     21.000     7.8774     7.8776     0.0002    0.89161    0.89160          1     7.4037     7.6363       9.96     0.0269  4.560e-13  1.000e-12  2.193e+02     7.6159     7.6158    -0.0002     5.8477     5.8475     20.808     21.265      0.373    1448.51    1448.52  0.000e+00
       2321     21.500     7.8770     7.8777     0.0007    0.89161    0.89161          1     7.4129     7.6375       9.96     0.0269  4.559e-13  1.000e-12  2.193e+02     7.6159     7.6158    -0.0001     5.8477     5.8476     21.304     21.771      0.210    1448.52    1448.52  0.000e+00
       2385     22.000     7.8778     7.8778     0.0000    0.89163    0.89161          1     7.3985     7.6352       9.96     0.0268  4.559e-13  1.000e-12  2.193e+02     7.6159     7.6157    -0.0002     5.8476     5.8475     21.799     22.278      0.242    1448.53    1448.53  0.000e+00
       2432     22.500     7.8781     7.8789     0.0007    0.89165    0.89166          1     7.3992     7.6336       9.96     0.0268  4.553e-13  1.000e-12  2.196e+02     7.6160     7.6159    -0.0001     5.8476     5.8475     22.295     22.784      0.304    1448.54    1448.54  0.000e+00
       2463     23.000     7.8763     7.8782     0.0019    0.89160    0.89164          1     7.4184     7.6334       9.96     0.0269  4.517e-13  1.000e-12  2.214e+02     7.6158     7.6158    -0.0000     5.8477     5.8475     22.790     23.290      0.457    1448.54    1448.55  0.000e+00
       2488     23.500     7.8779     7.8778    -0.0001    0.89166    0.89164          1     7.4185     7.6371       9.96     0.0268  4.518e-13  1.000e-12  2.214e+02     7.6160     7.6158    -0.0002     5.8477     5.8475     23.285     23.796      0.426    1448.56    1448.56  0.000e+00
       2531     24.000     7.8782     7.8786     0.0003    0.89167    0.89167          1     7.4045     7.6367       9.96     0.0267  4.504e-13  1.000e-12  2.220e+02     7.6159     7.6158    -0.0001     5.8476     5.8475     23.781     24.303      0.227    1448.57    1448.57  0.000e+00
       2593     24.500     7.8773     7.8779     0.0006    0.89165    0.89165          1     7.4094     7.6330       9.96     0.0263  4.485e-13  1.000e-12  2.230e+02     7.6159     7.6157    -0.0001     5.8477     5.8475     24.276     24.809      0.264    1448.57    1448.57  0.000e+00
       2634     25.000     7.8773     7.8779     0.0006    0.89166    0.89166          1     7.4126     7.6394       9.96     0.0268  4.477e-13  1.000e-12  2.233e+02     7.6159     7.6157    -0.0002     5.8477     5.8475     24.772     25.315      0.274    1448.58    1448.58  0.000e+00
       2683     25.500     7.8787     7.8790     0.0003    0.89171    0.89170          1     7.4190     7.6368       9.96     0.0268  4.476e-13  1.000e-12  2.234e+02     7.6160     7.6158    -0.0002     5.8477     5.8475     25.267     25.822      0.213    1448.59    1448.59  0.000e+00
       2745     26.000     7.8793     7.8797     0.0004    0.89175    0.89174          1     7.4103     7.6380       9.96     0.0262  4.476e-13  1.000e-12  2.234e+02     7.6162     7.6160    -0.0001     5.8477     5.8476     25.763     26.328      0.293    1448.60    1448.60  0.000e+00
       2774     26.500     7.8798     7.8797     0.0000    0.89178    0.89175          1     7.4051     7.6374       9.96     0.0267  4.455e-13  1.000e-12  2.245e+02     7.6163     7.6160    -0.0003     5.8478     5.8476     26.258     26.834      0.507    1448.61    1448.61  0.000e+00
       2796     27.000     7.8801     7.8803     0.0003    0.89180    0.89178          1     7.4102     7.6379       9.96     0.0264  4.436e-13  1.000e-12  2.254e+02     7.6163     7.6161    -0.0002     5.8478     5.8476     26.753     27.341      0.515    1448.62    1448.62  0.000e+00
       2824     27.500     7.8805     7.8806     0.0002    0.89184    0.89182          1     7.4155     7.6359       9.96     0.0268  4.436e-13  1.000e-12  2.254e+02     7.6165     7.6163    -0.0002     5.8479     5.8477     27.249     27.847      0.322    1448.63    1448.63  0.000e+00
       2908     28.000     7.8798     7.8804     0.0007    0.89180    0.89180          1     7.3978     7.6371       9.96     0.0257  4.420e-13  1.000e-12  2.262e+02     7.6163     7.6162    -0.0001     5.8478     5.8476     27.744     28.353      0.287    1448.64    1448.64  0.000e+00
       2940     28.500     7.8799     7.8803     0.0004    0.89181    0.89180          1     7.4221     7.6305       9.96     0.0267  4.407e-13  1.000e-12  2.269e+02     7.6163     7.6161    -0.0001     5.8477     5.8476     28.239     28.860      0.354    1448.65    1448.65  0.000e+00
