ctdpy/exports/archive_20191120_135557/received_data/SBE09_1044_20180127_2338_34_02_0022.cnv
* Sea-Bird SBE 9 Data File:
* FileName = C:\ctd\temp\2018\ME18D022.hex
* Software Version Seasave V 7.26.6.26
* Temperature SN = 5351
* Conductivity SN = 3941
* Number of Bytes Per Scan = 41
* Number of Voltage Words = 4
* Number of Scans Averaged by the Deck Unit = 1
* NMEA Latitude = 55 33.33 N
* NMEA Longitude = 018 24.04 E
* NMEA UTC (Time) = Jan 27 2018  23:39:03
* NMEA baud rate = 4800
** Station:  BCS III-10
** Operator:  SSip
** Ship: MERI
** Average sound velocity: 1437.36 m/s
** True-depth calculation Sun, 28 Jan 2018 00:24:51 +0000
** CTD Python Module SMHI /ver 3-12/ feb 2012 
** LIMS Job: 20183402-0022
** Cruise: SMHI-01-2018
** Latitude [GG MM.mm N] :
** Longitude [GG MM.mm E]:
# nquan = 26
# nvalues = 169                         
# units = specified
# name 0 = scan: Scan Count
# name 1 = prDM: Pressure, Digiquartz [db]
# name 2 = t090C: Temperature [ITS-90, deg C]
# name 3 = t190C: Temperature, 2 [ITS-90, deg C]
# name 4 = T2-T190C: Temperature Difference, 2 - 1 [ITS-90, deg C]
# name 5 = c0S/m: Conductivity [S/m]
# name 6 = c1S/m: Conductivity, 2 [S/m]
# name 7 = pumps: Pump Status
# name 8 = sbeox0ML/L: Oxygen, SBE 43 [ml/l]
# name 9 = sbeox1ML/L: Oxygen, SBE 43, 2 [ml/l]
# name 10 = altM: Altimeter [m]
# name 11 = flECO-AFL: Chl-a Fluorescence, WET Labs ECO-AFL/FL [mg/m^3]
# name 12 = flECO-AFL1: Phycocyanin Fluorescence, WET Labs ECO-AFL/FL, 2 [mg/m^3]
# name 13 = par: PAR/Irradiance, Biospherical/Lico [µE/(cm^2*s)]
# name 14 = turbWETntu0: Turbidity, WET Labs ECO [NTU]
# name 15 = sal00: Salinity, Practical [PSU]
# name 16 = sal11: Salinity, Practical, 2 [PSU]
# name 17 = secS-priS: Salinity, Practical, Difference, 2 - 1 [PSU]
# name 18 = sigma-t00: Density [sigma-t, Kg/m^3 ]
# name 19 = sigma-t11: Density, 2 [sigma-t, Kg/m^3 ]
# name 20 = depSM: Depth [salt water, m], lat = 55.5555
# name 21 = depFM: Depth [true depth, m], lat = 55.5555
# name 22 = dz/dtM: Descent Rate [m/s], WS = 2
# name 23 = svCM: Sound Velocity [Chen-Millero, m/s]
# name 24 = svCM1: Sound Velocity, 2 [Chen-Millero, m/s]
# name 25 = flag: flag
# span 0 =       6518,      14228       
# span 1 =      2.000,     86.000       
# span 2 =     4.6201,     6.0018       
# span 3 =     4.6212,     6.0023       
# span 4 =    -0.0338,     0.0062       
# span 5 =   0.790339,   1.174522       
# span 6 =   0.790331,   1.174492       
# span 7 =          1,          1       
# span 8 =    0.07033,    8.11161       
# span 9 =    0.12977,    8.10397       
# span 10 =       1.56,      98.77      
# span 11 =     0.2725,     0.5785      
# span 12 =     0.2265,     0.4019      
# span 13 = -8.969e-04, 5.9756e-02      
# span 14 =     0.1054,     0.2888      
# span 15 =     7.3641,    10.8133      
# span 16 =     7.3637,    10.8128      
# span 17 =    -0.0273,     0.0119      
# span 18 =     5.8347,     8.4935      
# span 19 =     5.8348,     8.4930      
# span 20 =      1.982,     85.203      
# span 21 =      2.025,     87.029      
# span 22 =     -0.053,      0.925      
# span 23 =    1434.05,    1445.71      
# span 24 =    1434.06,    1445.71      
# span 25 = 0.0000e+00, 0.0000e+00      
# interval = decibars: 0.5              
# start_time = Jan 27 2018 23:39:03 [NMEA time, first data scan]
# bad_flag = -9.990e-29
*END*
       6518      2.000     4.6725     4.6385    -0.0338    0.79158    0.79071          1     8.1088     8.1040      98.65     0.5014     0.3315  5.976e-02  0.1224000     7.3655     7.3643    -0.0012     5.8355     5.8357      1.982      2.025      0.289    1434.24    1434.09  0.000e+00
       6536      2.500     4.7065     4.6773    -0.0291    0.79239    0.79165          1     8.0985     8.0865      98.64     0.5167     0.2961  5.783e-02  0.1362000     7.3660     7.3650    -0.0009     5.8347     5.8350      2.477      2.532      0.430    1434.40    1434.27  0.000e+00
       6580      3.000     4.6823     4.6673    -0.0149    0.79177    0.79138          1     8.0968     8.0558      98.64     0.5232     0.3242  7.059e-03  0.1343000     7.3650     7.3645    -0.0005     5.8347     5.8348      2.973      3.038      0.466    1434.30    1434.23  0.000e+00
       6598      3.500     4.6691     4.6631    -0.0060    0.79145    0.79134          1     8.0978     8.0457      98.64     0.5206     0.3440  5.018e-03  0.1293000     7.3647     7.3650     0.0002     5.8350     5.8354      3.468      3.544      0.549    1434.25    1434.22  0.000e+00
       6624      4.000     4.6259     4.6313     0.0053    0.79043    0.79053          1     8.1048     8.0454      98.64     0.5185     0.3278  2.100e-02  0.1240000     7.3641     7.3639    -0.0002     5.8359     5.8356      3.964      4.051      0.488    1434.06    1434.09  0.000e+00
       6646      4.500     4.6215     4.6223     0.0008    0.79034    0.79033          1     8.1098     8.0454      98.64     0.4912     0.3060 -8.969e-04  0.1244000     7.3641     7.3638    -0.0003     5.8361     5.8359      4.459      4.557      0.709    1434.05    1434.06  0.000e+00
       6660      5.000     4.6219     4.6230     0.0011    0.79037    0.79038          1     8.1082     8.0537      98.64     0.5156     0.3465  2.261e-08  0.1295000     7.3642     7.3641    -0.0001     5.8362     5.8360      4.955      5.063      0.850    1434.06    1434.07  0.000e+00
       6673      5.500     4.6225     4.6246     0.0021    0.79039    0.79043          1     8.0978     8.0607      98.64     0.5175     0.3404  1.000e-12  0.1327000     7.3643     7.3642    -0.0001     5.8362     5.8361      5.450      5.569      0.793    1434.07    1434.08  0.000e+00
       6691      6.000     4.6225     4.6239     0.0014    0.79040    0.79041          1     8.0901     8.0678      98.64     0.5291     0.3461  1.000e-12  0.1416000     7.3643     7.3641    -0.0002     5.8362     5.8360      5.946      6.076      0.559    1434.08    1434.09  0.000e+00
       6719      6.500     4.6225     4.6229     0.0004    0.79042    0.79038          1     8.0996     8.0612      98.64     0.5271     0.3887  1.000e-12  0.1356000     7.3644     7.3640    -0.0004     5.8363     5.8360      6.441      6.582      0.437    1434.09    1434.09  0.000e+00
       6744      7.000     4.6215     4.6222     0.0007    0.79039    0.79036          1     8.1052     8.0625      98.65     0.5048     0.3630  1.000e-12  0.1300000     7.3642     7.3639    -0.0003     5.8362     5.8359      6.936      7.088      0.551    1434.09    1434.09  0.000e+00
       6764      7.500     4.6219     4.6228     0.0008    0.79041    0.79040          1     8.1107     8.0622      98.64     0.5277     0.3203  1.000e-12  0.1306000     7.3643     7.3640    -0.0003     5.8363     5.8360      7.432      7.595      0.633    1434.10    1434.11  0.000e+00
       6782      8.000     4.6210     4.6222     0.0012    0.79039    0.79039          1     8.1102     8.0581      98.65     0.5161     0.3190  1.000e-12  0.1348000     7.3643     7.3639    -0.0003     5.8363     5.8359      7.927      8.101      0.650    1434.11    1434.11  0.000e+00
       6801      8.500     4.6215     4.6222     0.0007    0.79042    0.79040          1     8.0960     8.0535      98.66     0.5066     0.3177  1.000e-12  0.1430000     7.3644     7.3640    -0.0004     5.8363     5.8360      8.423      8.607      0.584    1434.12    1434.12  0.000e+00
       6827      9.000     4.6228     4.6239     0.0010    0.79048    0.79047          1     8.0827     8.0621      98.65     0.5161     0.3175  1.000e-12  0.1348000     7.3647     7.3642    -0.0004     5.8365     5.8361      8.918      9.114      0.372    1434.13    1434.13  0.000e+00
       6864      9.500     4.6232     4.6238     0.0006    0.79051    0.79048          1     8.0924     8.0504      98.65     0.5247     0.3165  1.000e-12  0.1362000     7.3648     7.3643    -0.0005     5.8366     5.8362      9.414      9.620      0.437    1434.14    1434.14  0.000e+00
       6885     10.000     4.6214     4.6219     0.0005    0.79046    0.79041          1     8.1011     8.0570      98.65     0.5220     0.3191  1.000e-12  0.1418000     7.3646     7.3640    -0.0005     5.8365     5.8360      9.909     10.126      0.682    1434.14    1434.14  0.000e+00
       6900     10.500     4.6226     4.6231     0.0005    0.79050    0.79046          1     8.1012     8.0654      98.66     0.5167     0.3180  1.000e-12  0.1410000     7.3647     7.3642    -0.0005     5.8365     5.8361     10.405     10.633      0.749    1434.15    1434.15  0.000e+00
       6917     11.000     4.6240     4.6246     0.0006    0.79056    0.79052          1     8.0986     8.0644      98.66     0.5064     0.3149  1.000e-12  0.1386000     7.3649     7.3644    -0.0005     5.8367     5.8362     10.900     11.139      0.641    1434.17    1434.17  0.000e+00
       6945     11.500     4.6236     4.6243     0.0006    0.79056    0.79052          1     8.0998     8.0590      98.66     0.5139     0.3251  1.000e-12  0.1314000     7.3649     7.3644    -0.0005     5.8367     5.8363     11.395     11.645      0.339    1434.17    1434.18  0.000e+00
       6988     12.000     4.6240     4.6246     0.0005    0.79058    0.79054          1     8.0953     8.0532      98.66     0.5169     0.3243  1.000e-12  0.1235000     7.3650     7.3644    -0.0005     5.8367     5.8363     11.891     12.152      0.486    1434.18    1434.18  0.000e+00
       7005     12.500     4.6226     4.6228     0.0001    0.79053    0.79048          1     8.0989     8.0537      98.66     0.5167     0.3433  1.000e-12  0.1207000     7.3647     7.3641    -0.0006     5.8366     5.8361     12.386     12.658      0.813    1434.18    1434.18  0.000e+00
       7018     13.000     4.6202     4.6212     0.0010    0.79044    0.79043          1     8.0996     8.0526      98.65     0.5167     0.3525  1.000e-12  0.1503000     7.3643     7.3639    -0.0004     5.8363     5.8360     12.882     13.164      0.925    1434.18    1434.18  0.000e+00
       7030     13.500     4.6201     4.6214     0.0014    0.79045    0.79044          1     8.1052     8.0530      98.66     0.5167     0.3606  1.000e-12  0.1484000     7.3643     7.3639    -0.0004     5.8364     5.8360     13.377     13.670      0.883    1434.19    1434.19  0.000e+00
       7045     14.000     4.6232     4.6239     0.0007    0.79058    0.79055          1     8.1116     8.0539      98.66     0.4933     0.3977  1.000e-12  0.1357000     7.3649     7.3644    -0.0005     5.8367     5.8363     13.873     14.177      0.671    1434.21    1434.21  0.000e+00
       7077     14.500     4.6264     4.6281     0.0018    0.79072    0.79073          1     8.1092     8.0613      98.66     0.5256     0.3617  1.000e-12  0.1309000     7.3655     7.3652    -0.0003     5.8371     5.8368     14.368     14.683      0.314    1434.23    1434.24  0.000e+00
       7115     15.000     4.6301     4.6308     0.0008    0.79088    0.79085          1     8.1015     8.0562      98.66     0.5605     0.2967  1.000e-12  0.1307000     7.3662     7.3657    -0.0005     5.8375     5.8371     14.864     15.189      0.570    1434.26    1434.26  0.000e+00
       7130     15.500     4.6291     4.6287    -0.0003    0.79083    0.79076          1     8.1028     8.0563      98.66     0.5785     0.3493  1.000e-12  0.1306000     7.3659     7.3652    -0.0007     5.8373     5.8368     15.359     15.696      0.820    1434.26    1434.26  0.000e+00
       7143     16.000     4.6283     4.6295     0.0011    0.79081    0.79081          1     8.1048     8.0562      98.66     0.5462     0.3523  1.000e-12  0.1392000     7.3658     7.3655    -0.0003     5.8372     5.8369     15.854     16.202      0.892    1434.27    1434.27  0.000e+00
       7156     16.500     4.6255     4.6283     0.0028    0.79070    0.79075          1     8.1033     8.0473      98.66     0.5412     0.3913  1.000e-12  0.1423000     7.3652     7.3651    -0.0001     5.8368     5.8367     16.350     16.708      0.824    1434.26    1434.27  0.000e+00
       7173     17.000     4.6225     4.6236     0.0012    0.79057    0.79055          1     8.1046     8.0564      98.66     0.4844     0.3713  1.000e-12  0.1265000     7.3645     7.3641    -0.0004     5.8364     5.8361     16.845     17.215      0.593    1434.25    1434.26  0.000e+00
       7207     17.500     4.6219     4.6225     0.0007    0.79056    0.79053          1     8.1020     8.0557      98.64     0.5284     0.3750  1.000e-12  0.1278000     7.3645     7.3640    -0.0005     5.8364     5.8360     17.341     17.721      0.306    1434.26    1434.26  0.000e+00
       7240     18.000     4.6209     4.6216     0.0007    0.79051    0.79048          1     8.0930     8.0574      98.62     0.5213     0.3422  1.000e-12  0.1177000     7.3641     7.3637    -0.0005     5.8362     5.8358     17.836     18.227      0.610    1434.26    1434.27  0.000e+00
       7255     18.500     4.6210     4.6218     0.0007    0.79052    0.79049          1     8.0934     8.0704      98.61     0.4933     0.3338  1.000e-12  0.1247000     7.3642     7.3637    -0.0005     5.8362     5.8358     18.332     18.734      0.807    1434.27    1434.27  0.000e+00
       7269     19.000     4.6214     4.6220     0.0006    0.79055    0.79051          1     8.0972     8.0653      98.61     0.5101     0.3308  1.000e-12  0.1284000     7.3643     7.3638    -0.0005     5.8363     5.8358     18.827     19.240      0.848    1434.28    1434.28  0.000e+00
       7283     19.500     4.6216     4.6223     0.0008    0.79056    0.79053          1     8.1013     8.0651      98.60     0.5173     0.3317  1.000e-12  0.1297000     7.3643     7.3638    -0.0005     5.8363     5.8358     19.322     19.746      0.749    1434.29    1434.29  0.000e+00
       7303     20.000     4.6219     4.6229     0.0010    0.79059    0.79056          1     8.1050     8.0545      97.87     0.5398     0.3269  1.000e-12  0.1348000     7.3645     7.3640    -0.0005     5.8364     5.8360     19.818     20.253      0.521    1434.30    1434.30  0.000e+00
       7335     20.500     4.6229     4.6236     0.0007    0.79064    0.79061          1     8.0913     8.0642      97.66     0.5603     0.3267  1.000e-12  0.1318000     7.3647     7.3642    -0.0005     5.8366     5.8361     20.313     20.759      0.359    1434.31    1434.31  0.000e+00
       7364     21.000     4.6264     4.6256    -0.0007    0.79080    0.79071          1     8.0806     8.0541      98.70     0.5686     0.3199  1.000e-12  0.1377000     7.3655     7.3647    -0.0008     5.8370     5.8364     20.809     21.265      0.570    1434.34    1434.33  0.000e+00
       7381     21.500     4.6259     4.6266     0.0006    0.79078    0.79076          1     8.0844     8.0577      98.66     0.5410     0.3037  1.000e-12  0.1359000     7.3653     7.3649    -0.0004     5.8369     5.8366     21.304     21.771      0.765    1434.34    1434.35  0.000e+00
       7395     22.000     4.6255     4.6264     0.0009    0.79077    0.79075          1     8.0932     8.0585      98.66     0.5335     0.2714  1.000e-12  0.1392000     7.3652     7.3648    -0.0005     5.8369     5.8365     21.800     22.278      0.843    1434.35    1434.35  0.000e+00
       7409     22.500     4.6257     4.6264     0.0007    0.79079    0.79075          1     8.0980     8.0600      96.12     0.5289     0.2917  1.000e-12  0.1430000     7.3653     7.3647    -0.0006     5.8369     5.8365     22.295     22.784      0.795    1434.36    1434.36  0.000e+00
       7426     23.000     4.6252     4.6259     0.0008    0.79077    0.79074          1     8.0987     8.0627      95.20     0.5084     0.3156  1.000e-12  0.1475000     7.3652     7.3647    -0.0005     5.8368     5.8365     22.790     23.290      0.612    1434.36    1434.37  0.000e+00
       7454     23.500     4.6245     4.6252     0.0007    0.79075    0.79072          1     8.0914     8.0629      98.57     0.5326     0.3288  1.000e-12  0.1514000     7.3651     7.3646    -0.0005     5.8368     5.8364     23.286     23.797      0.374    1434.37    1434.37  0.000e+00
       7487     24.000     4.6244     4.6249     0.0006    0.79075    0.79071          1     8.0890     8.0612      98.66     0.5405     0.3594  1.000e-12  0.1283000     7.3650     7.3645    -0.0005     5.8367     5.8363     23.781     24.303      0.494    1434.37    1434.37  0.000e+00
       7506     24.500     4.6238     4.6254     0.0015    0.79073    0.79073          1     8.0902     8.0614      98.66     0.5286     0.3496  1.000e-12  0.1235000     7.3649     7.3645    -0.0004     5.8366     5.8363     24.277     24.809      0.714    1434.38    1434.39  0.000e+00
       7521     25.000     4.6239     4.6254     0.0015    0.79074    0.79074          1     8.0885     8.0613      98.66     0.5354     0.3084  1.000e-12  0.1353000     7.3649     7.3646    -0.0003     5.8366     5.8364     24.772     25.316      0.807    1434.39    1434.39  0.000e+00
       7535     25.500     4.6244     4.6254     0.0010    0.79077    0.79075          1     8.0862     8.0627      98.67     0.5410     0.3126  1.000e-12  0.1478000     7.3650     7.3646    -0.0005     5.8367     5.8363     25.267     25.822      0.785    1434.40    1434.40  0.000e+00
       7552     26.000     4.6271     4.6272     0.0001    0.79089    0.79083          1     8.0862     8.0633      98.66     0.5317     0.3908  1.000e-12  0.1422000     7.3655     7.3650    -0.0006     5.8371     5.8366     25.763     26.328      0.637    1434.42    1434.42  0.000e+00
       7577     26.500     4.6275     4.6273    -0.0002    0.79092    0.79085          1     8.0880     8.0549      98.66     0.5212     0.3331  1.000e-12  0.1520000     7.3657     7.3651    -0.0006     5.8371     5.8367     26.258     26.835      0.413    1434.43    1434.43  0.000e+00
       7609     27.000     4.6280     4.6294     0.0015    0.79095    0.79095          1     8.0895     8.0405      98.66     0.5716     0.4019  1.000e-12  0.1541000     7.3658     7.3655    -0.0003     5.8372     5.8369     26.754     27.341      0.442    1434.44    1434.44  0.000e+00
       7631     27.500     4.6298     4.6307     0.0009    0.79102    0.79099          1     8.0826     8.0507      98.66     0.5550     0.3014  1.000e-12  0.1370000     7.3661     7.3655    -0.0005     5.8374     5.8369     27.249     27.847      0.627    1434.45    1434.46  0.000e+00
       7649     28.000     4.6319     4.6330     0.0010    0.79112    0.79110          1     8.0902     8.0573      98.66     0.5472     0.3427  1.000e-12  0.1366000     7.3665     7.3660    -0.0005     5.8377     5.8372     27.744     28.354      0.722    1434.47    1434.48  0.000e+00
       7664     28.500     4.6331     4.6332     0.0001    0.79116    0.79110          1     8.0981     8.0533      98.66     0.5411     0.3586  1.000e-12  0.1365000     7.3666     7.3660    -0.0006     5.8377     5.8372     28.240     28.860      0.719    1434.49    1434.49  0.000e+00
       7682     29.000     4.6320     4.6319    -0.0001    0.79113    0.79106          1     8.1045     8.0595      98.65     0.5190     0.3311  1.000e-12  0.1362000     7.3664     7.3658    -0.0007     5.8376     5.8371     28.735     29.366      0.603    1434.49    1434.49  0.000e+00
