ctdpy/exports/archive_20191120_135557/received_data/SBE09_0827_20180225_1011_26_01_0305.cnv
* Sea-Bird SBE 9 Data File:
* FileName = D:\CTD_SBE911\DAT\26DA.2018.3.5.hex
* Software Version Seasave V 7.21d
* Temperature SN = 034757
* Conductivity SN = 041844
* Number of Bytes Per Scan = 48
* Number of Voltage Words = 5
* Number of Scans Averaged by the Deck Unit = 1
* NMEA Latitude = 55 41.74 N
* NMEA Longitude = 014 24.67 E
* NMEA UTC (Time) = Feb 25 2018  10:11:31
* NMEA baud rate = 4800
** Ship: DANA
** Average sound velocity: 1427.92 m/s
** True-depth calculation Tue, 02 Apr 2019 08:31:43 +0000
** CTD Python Module SMHI /ver 3-12/ feb 2012 
** LIMS Job: 20182601-0305
** Operator:
** Cruise: 02/2018
# nquan = 26
# nvalues = 80                          
# units = specified
# name 0 = scan: Scan Count
# name 1 = prDM: Pressure, Digiquartz [db]
# name 2 = t090C: Temperature [ITS-90, deg C]
# name 3 = t190C: Temperature, 2 [ITS-90, deg C]
# name 4 = T2-T190C: Temperature Difference, 2 - 1 [ITS-90, deg C]
# name 5 = c0S/m: Conductivity [S/m]
# name 6 = c1S/m: Conductivity, 2 [S/m]
# name 7 = pumps: Pump Status
# name 8 = sbeox1ML/L: Oxygen, SBE 43, 2 [ml/l]
# name 9 = sbeox0ML/L: Oxygen, SBE 43 [ml/l]
# name 10 = altM: Altimeter [m]
# name 11 = chloroflTC0: Chlorophyll, Turner Cyclops [ug/l]
# name 12 = cpar: CPAR/Corrected Irradiance [%]
# name 13 = par: PAR/Irradiance, Biospherical/Lico [µE/(cm^2*s)]
# name 14 = spar: SPAR, Biospherical/Licor
# name 15 = sal00: Salinity, Practical [PSU]
# name 16 = sal11: Salinity, Practical, 2 [PSU]
# name 17 = secS-priS: Salinity, Practical, Difference, 2 - 1 [PSU]
# name 18 = sigma-t00: Density [sigma-t, kg/m^3 ]
# name 19 = sigma-t11: Density, 2 [sigma-t, kg/m^3 ]
# name 20 = depSM: Depth [salt water, m], lat = 55.6957
# name 21 = depFM: Depth [true depth, m], lat = 55.6957
# name 22 = dz/dtM: Descent Rate [m/s], WS = 2
# name 23 = svCM: Sound Velocity [Chen-Millero, m/s]
# name 24 = svCM1: Sound Velocity, 2 [Chen-Millero, m/s]
# name 25 = flag: flag
# span 0 =          3,       4500       
# span 1 =      1.000,     40.500       
# span 2 =     3.1563,     3.2030       
# span 3 =     3.1559,     3.2027       
# span 4 =    -0.0074,     0.0048       
# span 5 =   0.768415,   0.770905       
# span 6 =   0.767832,   0.770342       
# span 7 =          1,          1       
# span 8 =     8.1610,     8.2571       
# span 9 =     7.9917,     8.3617       
# span 10 =       1.74,       9.96      
# span 11 =     0.0144,     0.0168      
# span 12 = -8.755e-06, 8.7131e+00      
# span 13 = -1.578e-04, 6.5903e+01      
# span 14 = 7.0960e+02, 1.8892e+03      
# span 15 =     7.4717,     7.4840      
# span 16 =     7.4657,     7.4780      
# span 17 =    -0.0071,    -0.0055      
# span 18 =     5.9552,     5.9644      
# span 19 =     5.9504,     5.9597      
# span 20 =      0.991,     40.129      
# span 21 =      1.013,     41.006      
# span 22 =     -0.022,      0.460      
# span 23 =    1427.60,    1428.36      
# span 24 =    1427.59,    1428.36      
# span 25 = 0.0000e+00, 0.0000e+00      
# interval = decibars: 0.5              
# start_time = Feb 25 2018 10:11:32 [NMEA time, first data scan]
# bad_flag = -9.990e-29
*END*
[from data line 56]
       2975     29.000     3.1852     3.1866     0.0014    0.76970    0.76916          1     8.2171     8.3184       9.95     0.0155  5.415e-14  1.000e-12  1.847e+03     7.4765     7.4705    -0.0060     5.9587     5.9539     28.735     29.363      0.218    1428.10    1428.10  0.000e+00
       3045     29.500     3.1893     3.1902     0.0008    0.76989    0.76929          1     8.2210     8.3030       9.95     0.0144  5.394e-14  1.000e-12  1.854e+03     7.4775     7.4711    -0.0065     5.9594     5.9542     29.230     29.869      0.317    1428.13    1428.13  0.000e+00
       3082     30.000     3.1942     3.1949     0.0007    0.77008    0.76952          1     8.2272     8.3161       9.95     0.0147  5.404e-14  1.000e-12  1.850e+03     7.4783     7.4723    -0.0060     5.9600     5.9552     29.726     30.375      0.264    1428.16    1428.16  0.000e+00
       3137     30.500     3.1943     3.1943    -0.0000    0.77011    0.76953          1     8.2246     8.3165       9.95     0.0162  5.418e-14  1.000e-12  1.846e+03     7.4784     7.4724    -0.0060     5.9601     5.9553     30.221     30.881      0.287    1428.17    1428.16  0.000e+00
       3169     31.000     3.1936     3.1930    -0.0007    0.77011    0.76952          1     8.2412     8.3193       9.95     0.0151  5.427e-14  1.000e-12  1.843e+03     7.4786     7.4726    -0.0060     5.9602     5.9554     30.716     31.388      0.374    1428.18    1428.17  0.000e+00
       3223     31.500     3.1927     3.1920    -0.0007    0.77012    0.76953          1     8.2394     8.3232       9.95     0.0153  5.426e-14  1.000e-12  1.843e+03     7.4788     7.4729    -0.0059     5.9604     5.9557     31.212     31.894      0.218    1428.18    1428.17  0.000e+00
       3292     32.000     3.1926     3.1923    -0.0003    0.77014    0.76956          1     8.2056     8.3285       9.86     0.0149  5.417e-14  1.000e-12  1.846e+03     7.4790     7.4730    -0.0060     5.9606     5.9558     31.707     32.400      0.306    1428.19    1428.18  0.000e+00
       3329     32.500     3.1916     3.1906    -0.0010    0.77014    0.76956          1     8.1669     8.3328       9.36     0.0146  5.409e-14  1.000e-12  1.849e+03     7.4792     7.4733    -0.0059     5.9607     5.9561     32.203     32.906      0.259    1428.19    1428.18  0.000e+00
       3401     33.000     3.1903     3.1892    -0.0011    0.77015    0.76958          1     8.2072     8.3247       8.86     0.0156  5.414e-14  1.000e-12  1.847e+03     7.4794     7.4738    -0.0057     5.9609     5.9564     32.698     33.413      0.262    1428.19    1428.18  0.000e+00
       3438     33.500     3.1904     3.1903    -0.0002    0.77025    0.76966          1     8.2207     8.3256       8.38     0.0150  5.422e-14  1.000e-12  1.844e+03     7.4804     7.4743    -0.0061     5.9617     5.9569     33.193     33.919      0.396    1428.20    1428.20  0.000e+00
       3470     34.000     3.1914     3.1917     0.0003    0.77034    0.76980          1     8.2240     8.3255       7.82     0.0152  5.429e-14  1.000e-12  1.842e+03     7.4811     7.4754    -0.0056     5.9622     5.9577     33.689     34.425      0.293    1428.22    1428.21  0.000e+00
       3556     34.500     3.1922     3.1923     0.0001    0.77044    0.76988          1     8.2339     8.3244       7.28     0.0150  5.418e-14  1.000e-12  1.846e+03     7.4818     7.4760    -0.0059     5.9628     5.9581     34.184     34.931      0.221    1428.23    1428.22  0.000e+00
       3608     35.000     3.1943     3.1944     0.0001    0.77064    0.77009          1     8.2372     8.3262       6.78     0.0147  5.417e-14  1.000e-12  1.846e+03     7.4834     7.4776    -0.0058     5.9641     5.9594     34.679     35.438      0.271    1428.25    1428.24  0.000e+00
       3656     35.500     3.1938     3.1928    -0.0010    0.77066    0.77007          1     8.2286     8.3355       6.21     0.0168  5.421e-14  1.000e-12  1.844e+03     7.4837     7.4777    -0.0059     5.9642     5.9595     35.175     35.944      0.211    1428.26    1428.24  0.000e+00
       3718     36.000     3.1946     3.1993     0.0048    0.77070    0.77023          1     8.2192     8.3176       5.70     0.0158  5.419e-14  1.000e-12  1.845e+03     7.4838     7.4778    -0.0060     5.9644     5.9595     35.670     36.450      0.260    1428.27    1428.28  0.000e+00
       3752     36.500     3.2030     3.2027    -0.0003    0.77090    0.77031          1     8.2284     8.3230       5.21     0.0152  5.440e-14  1.000e-12  1.838e+03     7.4839     7.4778    -0.0061     5.9643     5.9595     36.166     36.956      0.389    1428.31    1428.30  0.000e+00
       3785     37.000     3.2001     3.1977    -0.0024    0.77084    0.77022          1     8.2240     8.3171       4.66     0.0159  5.447e-14  1.000e-12  1.836e+03     7.4838     7.4780    -0.0058     5.9643     5.9597     36.661     37.463      0.290    1428.31    1428.29  0.000e+00
       3869     37.500     3.1978     3.1992     0.0014    0.77081    0.77025          1     8.1826     8.3227       4.14     0.0148  5.422e-14  1.000e-12  1.844e+03     7.4840     7.4778    -0.0061     5.9644     5.9595     37.156     37.969      0.250    1428.31    1428.30  0.000e+00
       3911     38.000     3.2010     3.2001    -0.0009    0.77088    0.77028          1     8.2183     8.3210       3.63     0.0148  5.417e-14  1.000e-12  1.846e+03     7.4839     7.4779    -0.0061     5.9644     5.9596     37.652     38.475      0.302    1428.33    1428.32  0.000e+00
       3972     38.500     3.2001     3.1994    -0.0007    0.77086    0.77027          1     8.2075     8.3340       3.09     0.0149  5.406e-14  1.000e-12  1.850e+03     7.4838     7.4779    -0.0060     5.9643     5.9596     38.147     38.981      0.212    1428.33    1428.32  0.000e+00
       4023     39.000     3.1971     3.1958    -0.0014    0.77078    0.77018          1     8.2127     8.3310       2.57     0.0155  5.403e-14  1.000e-12  1.851e+03     7.4837     7.4777    -0.0059     5.9642     5.9595     38.643     39.488      0.336    1428.32    1428.31  0.000e+00
       4118     39.500     3.1973     3.1966    -0.0007    0.77080    0.77021          1     8.2169     8.3235       2.06     0.0152  5.404e-14  1.000e-12  1.851e+03     7.4837     7.4778    -0.0060     5.9643     5.9595     39.138     39.994      0.286    1428.34    1428.32  0.000e+00
       4357     40.000     3.1978     3.1965    -0.0014    0.77082    0.77022          1     8.1963     8.3178       1.97     0.0155  5.334e-14  1.000e-12  1.875e+03     7.4837     7.4778    -0.0059     5.9642     5.9596     39.633     40.500      0.265    1428.35    1428.33  0.000e+00
       4500     40.500     3.2001     3.2020     0.0019    0.77089    0.77034          1     8.2334     8.3169       1.74     0.0155  5.293e-14  1.000e-12  1.889e+03     7.4838     7.4777    -0.0061     5.9643     5.9594     40.129     41.006     -0.022    1428.36    1428.36  0.000e+00
