ctdpy/exports/archive_20191120_135557/received_data/SBE09_1044_20181114_1218_34_01_0145.cnv
* Sea-Bird SBE 9 Data File:
* FileName = C:\ctd\temp\ar18d145.hex
* Software Version Seasave V 7.26.7.107
* Temperature SN = 5351
* Conductivity SN = 3941
* Number of Bytes Per Scan = 41
* Number of Voltage Words = 4
* Number of Scans Averaged by the Deck Unit = 1
* NMEA Latitude = 58 01.01 N
* NMEA Longitude = 017 59.10 E
* NMEA UTC (Time) = Nov 14 2018  12:18:11
* NMEA baud rate = 4800
** Station:  BY32
** Operator:  A-KTh
** Ship: ARANDA
** Average sound velocity: 1444.93 m/s
** True-depth calculation Wed, 14 Nov 2018 13:36:01 +0000
** CTD Python Module SMHI /ver 3-12/ feb 2012 
** LIMS Job: 20183401-0145
** Cruise: SMHI-6-2018
** Latitude [GG MM.mm N]:
** Longitude [GG MM.mm E]
# nquan = 26
# nvalues = 397                         
# units = specified
# name 0 = scan: Scan Count
# name 1 = prDM: Pressure, Digiquartz [db]
# name 2 = t090C: Temperature [ITS-90, deg C]
# name 3 = t190C: Temperature, 2 [ITS-90, deg C]
# name 4 = T2-T190C: Temperature Difference, 2 - 1 [ITS-90, deg C]
# name 5 = c0S/m: Conductivity [S/m]
# name 6 = c1S/m: Conductivity, 2 [S/m]
# name 7 = pumps: Pump Status
# name 8 = sbeox0ML/L: Oxygen, SBE 43 [ml/l]
# name 9 = sbeox1ML/L: Oxygen, SBE 43, 2 [ml/l]
# name 10 = altM: Altimeter [m]
# name 11 = flECO-AFL: Chl-a Fluorescence, WET Labs ECO-AFL/FL [mg/m^3]
# name 12 = flECO-AFL1: Phycocyanin Fluorescence, WET Labs ECO-AFL/FL, 2 [mg/m^3]
# name 13 = par: PAR/Irradiance, Biospherical/Lico [µE/(cm^2*s)]
# name 14 = turbWETntu0: Turbidity, WET Labs ECO [NTU]
# name 15 = sal00: Salinity, Practical [PSU]
# name 16 = sal11: Salinity, Practical, 2 [PSU]
# name 17 = secS-priS: Salinity, Practical, Difference, 2 - 1 [PSU]
# name 18 = sigma-t00: Density [sigma-t, Kg/m^3 ]
# name 19 = sigma-t11: Density, 2 [sigma-t, Kg/m^3 ]
# name 20 = depSM: Depth [salt water, m], lat = 58.0168
# name 21 = depFM: Depth [true depth, m], lat = 58.0168
# name 22 = dz/dtM: Descent Rate [m/s], WS = 2
# name 23 = svCM: Sound Velocity [Chen-Millero, m/s]
# name 24 = svCM1: Sound Velocity, 2 [Chen-Millero, m/s]
# name 25 = flag: flag
# span 0 =      18927,      29037       
# span 1 =      1.000,    199.000       
# span 2 =     4.1764,     8.1928       
# span 3 =     4.1770,     8.1940       
# span 4 =    -0.0046,     0.0071       
# span 5 =   0.767388,   1.195089       
# span 6 =   0.767387,   1.195079       
# span 7 =          1,          1       
# span 8 =    0.01881,    7.76450       
# span 9 =    0.05384,    7.39557       
# span 10 =       2.90,      98.71      
# span 11 =     0.2433,     1.4731      
# span 12 =     0.1194,     0.3960      
# span 13 = 1.0000e-12, 2.3591e+02      
# span 14 =     0.1821,     2.7004      
# span 15 =     6.5212,    10.9971      
# span 16 =     6.5209,    10.9965      
# span 17 =    -0.0062,     0.0011      
# span 18 =     5.0054,     8.6382      
# span 19 =     5.0050,     8.6376      
# span 20 =      0.991,    197.061      
# span 21 =      1.013,    201.204      
# span 22 =      0.016,      0.716      
# span 23 =    1433.63,    1448.67      
# span 24 =    1433.63,    1448.68      
# span 25 = 0.0000e+00, 0.0000e+00      
# interval = decibars: 0.5              
# start_time = Nov 14 2018 12:18:11 [NMEA time, first data scan]
# bad_flag = -9.990e-29
*END*
      18927      1.000     7.6787     7.6802     0.0014    0.76785    0.76782          1     7.7584     7.3907      98.68     1.4689     0.3560  2.359e+02  0.3214000     6.5249     6.5244    -0.0006     5.0080     5.0075      0.991      1.013      0.162    1446.02    1446.03  0.000e+00
      18986      1.500     7.6769     7.6785     0.0016    0.76759    0.76760          1     7.7610     7.3918      98.68     1.4565     0.3794  1.362e+02  0.3375000     6.5228     6.5226    -0.0002     5.0065     5.0063      1.486      1.520      0.333    1446.02    1446.03  0.000e+00
      19021      2.000     7.6759     7.6772     0.0014    0.76748    0.76745          1     7.7595     7.3932      98.68     1.4694     0.3655  6.809e+01  0.3542000     6.5220     6.5215    -0.0005     5.0059     5.0054      1.981      2.027      0.351    1446.02    1446.03  0.000e+00
      19053      2.500     7.6752     7.6768     0.0016    0.76739    0.76739          1     7.7645     7.3956      98.68     1.4463     0.3791  6.025e+01  0.3552000     6.5212     6.5209    -0.0003     5.0054     5.0050      2.477      2.534      0.369    1446.03    1446.03  0.000e+00
      19086      3.000     7.6753     7.6768     0.0015    0.76740    0.76739          1     7.7611     7.3819      98.68     1.4712     0.3673  5.087e+01  0.3498000     6.5213     6.5209    -0.0004     5.0054     5.0050      2.972      3.040      0.422    1446.04    1446.04  0.000e+00
      19109      3.500     7.6757     7.6768     0.0012    0.76745    0.76740          1     7.7599     7.3820      36.97     1.4644     0.3525  4.257e+01  0.3984000     6.5216     6.5209    -0.0007     5.0057     5.0050      3.468      3.547      0.557    1446.05    1446.05  0.000e+00
      19130      4.000     7.6760     7.6773     0.0013    0.76752    0.76747          1     7.7570     7.3760      88.76     1.4731     0.3960  3.600e+01  0.3875000     6.5221     6.5215    -0.0006     5.0060     5.0054      3.963      4.054      0.531    1446.05    1446.06  0.000e+00
      19155      4.500     7.6904     7.6862    -0.0042    0.76931    0.76860          1     7.7542     7.3770      96.27     1.4512     0.3818  2.939e+01  0.3643000     6.5357     6.5300    -0.0057     5.0156     5.0115      4.458      4.561      0.457    1446.14    1446.12  0.000e+00
      19182      5.000     7.7034     7.7014    -0.0021    0.77095    0.77036          1     7.7378     7.3672      98.71     1.4322     0.3231  2.570e+01  0.3592000     6.5481     6.5431    -0.0050     5.0244     5.0206      4.954      5.067      0.463    1446.22    1446.20  0.000e+00
      19207      5.500     7.7170     7.7135    -0.0035    0.77246    0.77188          1     7.7280     7.3579      98.68     1.3051     0.3308  2.210e+01  0.3416000     6.5593     6.5546    -0.0046     5.0321     5.0288      5.449      5.574      0.499    1446.30    1446.28  0.000e+00
      19230      6.000     7.7154     7.7149    -0.0006    0.77222    0.77202          1     7.7237     7.3526      98.68     1.1938     0.3684  1.886e+01  0.3392000     6.5574     6.5556    -0.0018     5.0308     5.0294      5.944      6.081      0.551    1446.29    1446.29  0.000e+00
      19251      6.500     7.7141     7.7136    -0.0005    0.77208    0.77186          1     7.7323     7.3603      98.68     1.1947     0.3419  1.608e+01  0.3432000     6.5563     6.5544    -0.0019     5.0300     5.0286      6.440      6.587      0.581    1446.30    1446.29  0.000e+00
      19272      7.000     7.7108     7.7125     0.0017    0.77173    0.77175          1     7.7297     7.3582      98.68     1.1677     0.3296  1.407e+01  0.3130000     6.5536     6.5535    -0.0001     5.0282     5.0279      6.935      7.094      0.550    1446.29    1446.29  0.000e+00
      19295      7.500     7.7143     7.7178     0.0035    0.77210    0.77229          1     7.7221     7.3527      98.68     1.1667     0.3408  1.211e+01  0.3600000     6.5564     6.5574     0.0011     5.0300     5.0306      7.430      7.601      0.491    1446.31    1446.33  0.000e+00
      19320      8.000     7.7180     7.7162    -0.0018    0.77257    0.77216          1     7.7203     7.3461      98.68     1.1573     0.3710  1.063e+01  0.3486000     6.5599     6.5564    -0.0034     5.0325     5.0300      7.926      8.108      0.489    1446.34    1446.33  0.000e+00
      19344      8.500     7.7327     7.7306    -0.0021    0.77415    0.77382          1     7.6915     7.3156      98.68     1.1560     0.3743  9.188e+00  0.3705000     6.5714     6.5688    -0.0027     5.0405     5.0385      8.421      8.614      0.554    1446.42    1446.41  0.000e+00
      19364      9.000     7.7429     7.7426    -0.0004    0.77526    0.77510          1     7.6862     7.3085      82.51     1.0992     0.3409  8.041e+00  0.3309000     6.5796     6.5782    -0.0014     5.0461     5.0450      8.916      9.121      0.588    1446.48    1446.48  0.000e+00
      19385      9.500     7.7458     7.7442    -0.0016    0.77555    0.77524          1     7.6899     7.3044      96.10     1.0702     0.2730  7.086e+00  0.3203000     6.5816     6.5791    -0.0024     5.0474     5.0456      9.412      9.628      0.556    1446.50    1446.49  0.000e+00
      19408     10.000     7.8186     7.8207     0.0021    0.78200    0.78204          1     7.6285     7.2579      98.65     0.9963     0.3254  6.298e+00  0.3123000     6.6265     6.6266     0.0000     5.0771     5.0770      9.907     10.134      0.497    1446.87    1446.88  0.000e+00
      19433     10.500     7.9339     7.9332    -0.0008    0.78910    0.78905          1     7.5832     7.2232      98.68     0.8499     0.2984  5.587e+00  0.2810000     6.6691     6.6688    -0.0003     5.1015     5.1013     10.402     10.641      0.502    1447.40    1447.40  0.000e+00
      19455     11.000     7.9746     7.9739    -0.0005    0.79114    0.79106          1     7.5734     7.2197      98.68     0.7212     0.2726  4.879e+00  0.2467000     6.6799     6.6792    -0.0007     5.1068     5.1063     10.898     11.148      0.560    1447.59    1447.59  0.000e+00
      19476     11.500     8.0585     8.0561    -0.0024    0.79549    0.79528          1     7.5516     7.2052      66.06     0.6633     0.2945  4.297e+00  0.2415000     6.7032     6.7017    -0.0014     5.1183     5.1174     11.393     11.655      0.588    1447.97    1447.96  0.000e+00
      19496     12.000     8.1136     8.1149     0.0013    0.79820    0.79821          1     7.5472     7.2002      60.16     0.6430     0.3318  3.826e+00  0.2476000     6.7171     6.7170    -0.0001     5.1248     5.1246     11.888     12.161      0.560    1448.22    1448.23  0.000e+00
      19519     12.500     8.1348     8.1370     0.0022    0.79918    0.79922          1     7.5544     7.1944      97.94     0.6304     0.3084  3.462e+00  0.2544000     6.7219     6.7218    -0.0001     5.1268     5.1266     12.384     12.668      0.494    1448.32    1448.33  0.000e+00
      19545     13.000     8.1697     8.1716     0.0019    0.80080    0.80078          1     7.5485     7.1859      98.68     0.6280     0.2931  3.101e+00  0.2361000     6.7298     6.7293    -0.0005     5.1302     5.1296     12.879     13.175      0.470    1448.48    1448.49  0.000e+00
      19569     13.500     8.1790     8.1797     0.0007    0.80109    0.80104          1     7.5492     7.1784      98.68     0.6066     0.2794  2.776e+00  0.2295000     6.7306     6.7299    -0.0006     5.1300     5.1295     13.374     13.681      0.554    1448.53    1448.53  0.000e+00
      19589     14.000     8.1825     8.1834     0.0009    0.80120    0.80117          1     7.5539     7.1810      98.68     0.5875     0.3057  2.462e+00  0.2298000     6.7308     6.7304    -0.0004     5.1299     5.1295     13.870     14.188      0.625    1448.55    1448.56  0.000e+00
      19608     14.500     8.1842     8.1854     0.0012    0.80125    0.80124          1     7.5466     7.1825      98.68     0.5786     0.2885  2.214e+00  0.2299000     6.7309     6.7306    -0.0003     5.1299     5.1295     14.365     14.695      0.607    1448.57    1448.57  0.000e+00
      19629     15.000     8.1847     8.1860     0.0013    0.80127    0.80125          1     7.5408     7.1789      98.68     0.5667     0.2661  2.014e+00  0.2273000     6.7309     6.7305    -0.0004     5.1298     5.1294     14.860     15.201      0.508    1448.58    1448.58  0.000e+00
      19656     15.500     8.1846     8.1859     0.0013    0.80125    0.80123          1     7.5466     7.1792      98.68     0.5576     0.2620  1.832e+00  0.2073000     6.7307     6.7303    -0.0004     5.1297     5.1293     15.356     15.708      0.453    1448.58    1448.59  0.000e+00
      19681     16.000     8.1866     8.1879     0.0014    0.80139    0.80137          1     7.5428     7.1777      98.68     0.5784     0.2604  1.645e+00  0.2227000     6.7316     6.7312    -0.0005     5.1302     5.1297     15.851     16.215      0.543    1448.60    1448.61  0.000e+00
      19701     16.500     8.1928     8.1940     0.0012    0.80195    0.80194          1     7.5341     7.1758      98.68     0.5476     0.2954  1.464e+00  0.2117000     6.7354     6.7350    -0.0004     5.1327     5.1323     16.346     16.721      0.624    1448.64    1448.64  0.000e+00
      19719     17.000     8.1922     8.1935     0.0012    0.80200    0.80199          1     7.5258     7.1729      98.68     0.5460     0.2856  1.314e+00  0.2062000     6.7359     6.7356    -0.0003     5.1331     5.1327     16.842     17.228      0.611    1448.65    1448.65  0.000e+00
      19741     17.500     8.1911     8.1918     0.0007    0.80199    0.80196          1     7.5250     7.1748      98.68     0.5364     0.2823  1.197e+00  0.2141000     6.7359     6.7356    -0.0004     5.1332     5.1329     17.337     17.735      0.507    1448.65    1448.65  0.000e+00
      19768     18.000     8.1858     8.1871     0.0012    0.80184    0.80183          1     7.5329     7.1700      98.68     0.5147     0.2910  1.102e+00  0.2198000     6.7356     6.7352    -0.0004     5.1334     5.1330     17.832     18.241      0.436    1448.64    1448.64  0.000e+00
      19794     18.500     8.1863     8.1874     0.0011    0.80189    0.80187          1     7.5374     7.1708      98.68     0.5297     0.3053  1.008e+00  0.2256000     6.7359     6.7355    -0.0004     5.1336     5.1332     18.328     18.748      0.535    1448.65    1448.65  0.000e+00
      19814     19.000     8.1860     8.1872     0.0012    0.80185    0.80185          1     7.5381     7.1744      98.68     0.5386     0.2867  8.971e-01  0.2274000     6.7355     6.7352    -0.0003     5.1333     5.1330     18.823     19.255      0.636    1448.65    1448.66  0.000e+00
      19832     19.500     8.1864     8.1879     0.0015    0.80187    0.80187          1     7.5345     7.1732      98.68     0.5124     0.2266  8.011e-01  0.2174000     6.7356     6.7353    -0.0003     5.1333     5.1330     19.318     19.761      0.645    1448.66    1448.67  0.000e+00
      19851     20.000     8.1868     8.1874     0.0006    0.80202    0.80212          1     7.5291     7.1648      98.68     0.5205     0.2772  7.152e-01  0.2162000     6.7368     6.7375     0.0008     5.1342     5.1348     19.814     20.268      0.562    1448.67    1448.68  0.000e+00
      19876     20.500     8.1749     8.1799     0.0049    0.80201    0.80207          1     7.5166     7.1505      98.68     0.4886     0.2840  6.530e-01  0.2176000     6.7389     6.7385    -0.0004     5.1369     5.1362     20.309     20.775      0.449    1448.63    1448.66  0.000e+00
      19904     21.000     8.1596     8.1611     0.0015    0.80176    0.80174          1     7.5047     7.1517      98.68     0.4828     0.2856  5.990e-01  0.2061000     6.7395     6.7391    -0.0004     5.1386     5.1381     20.804     21.281      0.470    1448.58    1448.59  0.000e+00
      19927     21.500     8.1450     8.1460     0.0010    0.80173    0.80171          1     7.4507     7.1167      98.68     0.4763     0.3115  5.418e-01  0.1899000     6.7420     6.7417    -0.0003     5.1418     5.1414     21.300     21.788      0.572    1448.53    1448.53  0.000e+00
      19947     22.000     8.1196     8.1210     0.0014    0.80193    0.80192          1     7.4079     7.0875      98.68     0.4593     0.2737  4.883e-01  0.1957000     6.7487     6.7482    -0.0004     5.1490     5.1486     21.795     22.295      0.612    1448.45    1448.45  0.000e+00
      19966     22.500     8.0653     8.0703     0.0049    0.80114    0.80118          1     7.3978     7.0735      98.68     0.4508     0.2144  4.421e-01  0.2027000     6.7519     6.7512    -0.0007     5.1559     5.1550     22.290     22.801      0.577    1448.24    1448.25  0.000e+00
      19989     23.000     8.0551     8.0594     0.0044    0.80339    0.80351          1     7.4407     7.1020      98.68     0.4612     0.2856  3.981e-01  0.1990000     6.7741     6.7744     0.0003     5.1741     5.1740     22.786     23.308      0.516    1448.23    1448.25  0.000e+00
      20013     23.500     8.1059     8.1065     0.0006    0.80601    0.80598          1     7.5319     7.1699      98.68     0.5194     0.2633  3.605e-01  0.1956000     6.7880     6.7877    -0.0003     5.1809     5.1806     23.281     23.815      0.503    1448.46    1448.46  0.000e+00
      20036     24.000     8.0890     8.0871    -0.0018    0.80560    0.80547          1     7.5885     7.2050      98.68     0.5996     0.2434  3.158e-01  0.2176000     6.7875     6.7867    -0.0008     5.1819     5.1814     23.776     24.321      0.546    1448.40    1448.39  0.000e+00
      20057     24.500     8.0750     8.0770     0.0019    0.80518    0.80518          1     7.5979     7.2206      98.68     0.5831     0.2871  2.847e-01  0.2446000     6.7863     6.7860    -0.0004     5.1821     5.1817     24.272     24.828      0.568    1448.35    1448.36  0.000e+00
      20078     25.000     8.0545     8.0582     0.0037    0.80459    0.80463          1     7.6054     7.2306      98.68     0.6063     0.2837  2.599e-01  0.2340000     6.7850     6.7846    -0.0003     5.1827     5.1821     24.767     25.334      0.525    1448.27    1448.29  0.000e+00
      20103     25.500     8.0230     8.0255     0.0024    0.80374    0.80375          1     7.6033     7.2278      98.68     0.6162     0.2993  2.344e-01  0.2505000     6.7833     6.7828    -0.0004     5.1839     5.1834     25.262     25.841      0.474    1448.15    1448.16  0.000e+00
      20128     26.000     8.0067     8.0085     0.0018    0.80344    0.80344          1     7.5977     7.2234      98.68     0.6405     0.3399  2.095e-01  0.2630000     6.7837     6.7832    -0.0004     5.1855     5.1850     25.757     26.348      0.533    1448.09    1448.10  0.000e+00
      20149     26.500     7.9673     7.9691     0.0018    0.80339    0.80338          1     7.6044     7.2255      98.68     0.6419     0.3174  1.834e-01  0.2599000     6.7907     6.7903    -0.0005     5.1942     5.1937     26.253     26.854      0.608    1447.95    1447.95  0.000e+00
      20168     27.000     7.9613     7.9624     0.0010    0.80450    0.80443          1     7.5928     7.2191      98.68     0.6268     0.2749  1.529e-01  0.2580000     6.8019     6.8011    -0.0009     5.2034     5.2027     26.748     27.361      0.612    1447.94    1447.94  0.000e+00
      20188     27.500     7.9812     7.9814     0.0002    0.80701    0.80697          1     7.5385     7.1797      98.68     0.6163     0.2961  1.310e-01  0.2479000     6.8208     6.8204    -0.0003     5.2166     5.2163     27.243     27.868      0.553    1448.06    1448.06  0.000e+00
      20212     28.000     8.0288     8.0298     0.0010    0.81073    0.81067          1     7.4538     7.1315      98.68     0.5834     0.2689  1.168e-01  0.2193000     6.8452     6.8445    -0.0007     5.2319     5.2313     27.739     28.374      0.477    1448.29    1448.29  0.000e+00
