ctdpy/exports/archive_20191120_135557/received_data/SBE09_0827_20180301_1210_26_01_0339.cnv
* Sea-Bird SBE 9 Data File:
* FileName = D:\CTD_SBE911\DAT\26DA.2018.3.39.hex
* Software Version Seasave V 7.21d
* Temperature SN = 034757
* Conductivity SN = 041844
* Number of Bytes Per Scan = 48
* Number of Voltage Words = 5
* Number of Scans Averaged by the Deck Unit = 1
* NMEA Latitude = 57 20.98 N
* NMEA Longitude = 019 10.28 E
* NMEA UTC (Time) = Mar 01 2018  12:11:06
* NMEA baud rate = 4800
** Ship: DANA
** Average sound velocity: 1429.75 m/s
** True-depth calculation Tue, 02 Apr 2019 12:08:54 +0000
** CTD Python Module SMHI /ver 3-12/ feb 2012 
** LIMS Job: 20182601-0339
** Operator:
** Cruise: 02/2018
# nquan = 26
# nvalues = 167                         
# units = specified
# name 0 = scan: Scan Count
# name 1 = prDM: Pressure, Digiquartz [db]
# name 2 = t090C: Temperature [ITS-90, deg C]
# name 3 = t190C: Temperature, 2 [ITS-90, deg C]
# name 4 = T2-T190C: Temperature Difference, 2 - 1 [ITS-90, deg C]
# name 5 = c0S/m: Conductivity [S/m]
# name 6 = c1S/m: Conductivity, 2 [S/m]
# name 7 = pumps: Pump Status
# name 8 = sbeox1ML/L: Oxygen, SBE 43, 2 [ml/l]
# name 9 = sbeox0ML/L: Oxygen, SBE 43 [ml/l]
# name 10 = altM: Altimeter [m]
# name 11 = chloroflTC0: Chlorophyll, Turner Cyclops [ug/l]
# name 12 = cpar: CPAR/Corrected Irradiance [%]
# name 13 = par: PAR/Irradiance, Biospherical/Lico [µE/(cm^2*s)]
# name 14 = spar: SPAR, Biospherical/Licor
# name 15 = sal00: Salinity, Practical [PSU]
# name 16 = sal11: Salinity, Practical, 2 [PSU]
# name 17 = secS-priS: Salinity, Practical, Difference, 2 - 1 [PSU]
# name 18 = sigma-t00: Density [sigma-t, kg/m^3 ]
# name 19 = sigma-t11: Density, 2 [sigma-t, kg/m^3 ]
# name 20 = depSM: Depth [salt water, m], lat = 57.3497
# name 21 = depFM: Depth [true depth, m], lat = 57.3497
# name 22 = dz/dtM: Descent Rate [m/s], WS = 2
# name 23 = svCM: Sound Velocity [Chen-Millero, m/s]
# name 24 = svCM1: Sound Velocity, 2 [Chen-Millero, m/s]
# name 25 = flag: flag
# span 0 =         -2,      10274       
# span 1 =      1.500,     84.500       
# span 2 =     2.9596,     5.7763       
# span 3 =     2.9586,     5.7795       
# span 4 =    -0.0017,     0.3568       
# span 5 =   0.756070,   1.107877       
# span 6 =   0.755300,   1.107860       
# span 7 =          1,          1       
# span 8 =     0.1340,     8.5795       
# span 9 =     0.1565,     8.4923       
# span 10 =       1.10,      10.00      
# span 11 =     0.0110,     0.0164      
# span 12 = -9.414e-07, 6.0876e+00      
# span 13 = -8.221e-06, 4.0639e+01      
# span 14 = 4.5395e+02, 9.8476e+02      
# span 15 =     7.3894,    10.2201      
# span 16 =     7.3814,    10.2190      
# span 17 =    -0.0331,     0.0355      
# span 18 =     5.8914,     8.0399      
# span 19 =     5.8850,     8.0389      
# span 20 =      1.486,     83.704      
# span 21 =      1.519,     85.538      
# span 22 =     -0.124,      0.862      
# span 23 =    1426.56,    1443.98      
# span 24 =    1426.55,    1444.00      
# span 25 = 0.0000e+00, 0.0000e+00      
# interval = decibars: 0.5              
# start_time = Mar 01 2018 12:11:06 [NMEA time, first data scan]
# bad_flag = -9.990e-29
*END*
         -2      1.500     2.9695     2.9707     0.0012    0.75627    0.75555          1     8.5539     8.4715      10.00     0.0110  6.088e+00  4.064e+01  6.676e+02     7.3898     7.3820    -0.0078     5.8918     5.8855      1.486      1.519     -0.124    1426.57    1426.56  0.000e+00
         23      2.000     2.9688     2.9687    -0.0002    0.75626    0.75548          1     8.5468     8.4778      10.00     0.0121  5.938e+00  3.972e+01  6.689e+02     7.3898     7.3816    -0.0082     5.8918     5.8852      1.982      2.025      0.168    1426.57    1426.56  0.000e+00
        146      2.500     2.9683     2.9685     0.0001    0.75626    0.75548          1     8.5157     8.4727      10.00     0.0122  4.978e+00  3.275e+01  6.572e+02     7.3898     7.3815    -0.0082     5.8918     5.8852      2.477      2.531      0.535    1426.58    1426.57  0.000e+00
        298      3.000     2.9679     2.9683     0.0005    0.75624    0.75546          1     8.5065     8.4543      10.00     0.0124  4.441e+00  2.877e+01  6.482e+02     7.3897     7.3814    -0.0083     5.8916     5.8850      2.972      3.038      0.862    1426.58    1426.57  0.000e+00
        347      3.500     2.9675     2.9672    -0.0003    0.75624    0.75545          1     8.5160     8.4610      10.00     0.0122  4.001e+00  2.590e+01  6.474e+02     7.3897     7.3814    -0.0083     5.8917     5.8851      3.468      3.544      0.566    1426.59    1426.58  0.000e+00
        452      4.000     2.9596     2.9586    -0.0010    0.75607    0.75530          1     8.5702     8.4815      10.00     0.0122  3.871e+00  2.498e+01  6.453e+02     7.3896     7.3818    -0.0078     5.8917     5.8855      3.963      4.050      0.491    1426.56    1426.55  0.000e+00
        478      4.500     2.9629     2.9618    -0.0011    0.75617    0.75535          1     8.5749     8.4891       9.99     0.0120  3.183e+00  2.062e+01  6.477e+02     7.3898     7.3815    -0.0083     5.8919     5.8852      4.458      4.557      0.506    1426.58    1426.57  0.000e+00
        500      5.000     2.9664     2.9661    -0.0003    0.75626    0.75548          1     8.5666     8.4820       9.99     0.0114  2.849e+00  1.846e+01  6.478e+02     7.3899     7.3818    -0.0081     5.8919     5.8855      4.954      5.063      0.517    1426.61    1426.60  0.000e+00
        531      5.500     2.9666     2.9666     0.0001    0.75627    0.75548          1     8.5597     8.4763       9.99     0.0114  2.524e+00  1.635e+01  6.476e+02     7.3899     7.3816    -0.0082     5.8918     5.8853      5.449      5.569      0.325    1426.62    1426.61  0.000e+00
        633      6.000     2.9670     2.9667    -0.0003    0.75630    0.75552          1     8.5705     8.4742       9.99     0.0122  2.318e+00  1.497e+01  6.457e+02     7.3900     7.3819    -0.0081     5.8920     5.8855      5.945      6.075      0.296    1426.63    1426.61  0.000e+00
        661      6.500     2.9666     2.9662    -0.0003    0.75629    0.75551          1     8.5777     8.4869       9.99     0.0122  2.058e+00  1.329e+01  6.458e+02     7.3900     7.3819    -0.0081     5.8920     5.8855      6.440      6.582      0.355    1426.63    1426.62  0.000e+00
        718      7.000     2.9655     2.9651    -0.0005    0.75629    0.75552          1     8.5713     8.4750       9.99     0.0122  1.787e+00  1.154e+01  6.458e+02     7.3901     7.3821    -0.0080     5.8921     5.8857      6.935      7.088      0.236    1426.64    1426.62  0.000e+00
        767      7.500     2.9651     2.9648    -0.0003    0.75629    0.75552          1     8.5667     8.4778       9.99     0.0122  1.588e+00  1.024e+01  6.449e+02     7.3902     7.3821    -0.0081     5.8921     5.8857      7.431      7.594      0.348    1426.64    1426.63  0.000e+00
        809      8.000     2.9645     2.9641    -0.0004    0.75628    0.75550          1     8.5646     8.4790       9.98     0.0120  1.470e+00  9.461e+00  6.436e+02     7.3901     7.3820    -0.0081     5.8921     5.8856      7.926      8.101      0.257    1426.65    1426.63  0.000e+00
        854      8.500     2.9649     2.9658     0.0009    0.75631    0.75556          1     8.5647     8.4773       9.98     0.0120  1.349e+00  8.706e+00  6.456e+02     7.3903     7.3822    -0.0081     5.8922     5.8857      8.422      8.607      0.364    1426.66    1426.65  0.000e+00
        885      9.000     2.9652     2.9646    -0.0006    0.75633    0.75554          1     8.5671     8.4774       9.98     0.0119  1.180e+00  7.620e+00  6.458e+02     7.3903     7.3823    -0.0081     5.8922     5.8858      8.917      9.113      0.322    1426.67    1426.65  0.000e+00
        998      9.500     2.9671     2.9672     0.0001    0.75640    0.75564          1     8.5594     8.4830       9.98     0.0122  1.084e+00  7.003e+00  6.458e+02     7.3906     7.3825    -0.0081     5.8924     5.8860      9.412      9.619      0.344    1426.68    1426.67  0.000e+00
       1026     10.000     2.9679     2.9680     0.0001    0.75644    0.75567          1     8.5639     8.4847       9.98     0.0122  9.916e-01  6.405e+00  6.459e+02     7.3907     7.3826    -0.0081     5.8925     5.8861      9.908     10.126      0.547    1426.70    1426.68  0.000e+00
       1048     10.500     2.9677     2.9673    -0.0004    0.75643    0.75564          1     8.5678     8.4842       9.97     0.0120  8.635e-01  5.593e+00  6.478e+02     7.3907     7.3825    -0.0082     5.8925     5.8859     10.403     10.632      0.494    1426.70    1426.69  0.000e+00
       1079     11.000     2.9676     2.9672    -0.0005    0.75643    0.75566          1     8.5690     8.4923       9.97     0.0122  7.620e-01  4.936e+00  6.478e+02     7.3906     7.3826    -0.0080     5.8925     5.8861     10.898     11.138      0.277    1426.71    1426.70  0.000e+00
       1149     11.500     2.9678     2.9678    -0.0000    0.75644    0.75567          1     8.5661     8.4875       9.97     0.0122  6.975e-01  4.536e+00  6.504e+02     7.3906     7.3825    -0.0080     5.8924     5.8860     11.394     11.645      0.246    1426.72    1426.71  0.000e+00
       1192     12.000     2.9682     2.9677    -0.0004    0.75646    0.75569          1     8.5653     8.4831       9.97     0.0122  6.170e-01  4.027e+00  6.526e+02     7.3906     7.3826    -0.0080     5.8924     5.8860     11.889     12.151      0.292    1426.73    1426.71  0.000e+00
       1259     12.500     2.9679     2.9668    -0.0011    0.75646    0.75567          1     8.5723     8.4774       9.97     0.0122  5.568e-01  3.677e+00  6.605e+02     7.3906     7.3825    -0.0080     5.8924     5.8860     12.385     12.657      0.234    1426.73    1426.72  0.000e+00
       1309     13.000     2.9690     2.9690    -0.0000    0.75650    0.75572          1     8.5766     8.4774       9.97     0.0119  5.025e-01  3.359e+00  6.687e+02     7.3906     7.3825    -0.0082     5.8924     5.8859     12.880     13.163      0.341    1426.75    1426.74  0.000e+00
       1348     13.500     2.9682     2.9690     0.0008    0.75647    0.75574          1     8.5690     8.4873       9.97     0.0125  4.365e-01  2.968e+00  6.802e+02     7.3905     7.3826    -0.0079     5.8924     5.8860     13.375     13.670      0.250    1426.75    1426.74  0.000e+00
       1404     14.000     2.9704     2.9699    -0.0005    0.75654    0.75576          1     8.5695     8.4873       9.96     0.0119  3.793e-01  2.707e+00  7.138e+02     7.3906     7.3826    -0.0080     5.8924     5.8860     13.871     14.176      0.319    1426.77    1426.76  0.000e+00
       1434     14.500     2.9700     2.9701     0.0002    0.75653    0.75577          1     8.5631     8.4781       9.96     0.0122  3.262e-01  2.513e+00  7.721e+02     7.3906     7.3826    -0.0080     5.8924     5.8860     14.366     14.682      0.369    1426.77    1426.76  0.000e+00
       1480     15.000     2.9714     2.9715     0.0001    0.75656    0.75579          1     8.5612     8.4764       9.96     0.0123  2.591e-01  2.275e+00  8.783e+02     7.3905     7.3824    -0.0081     5.8923     5.8859     14.861     15.189      0.190    1426.79    1426.78  0.000e+00
       1564     15.500     2.9715     2.9705    -0.0010    0.75657    0.75578          1     8.5504     8.4749       9.96     0.0122  2.041e-01  1.973e+00  9.649e+02     7.3905     7.3825    -0.0080     5.8923     5.8859     15.357     15.695      0.266    1426.80    1426.78  0.000e+00
       1598     16.000     2.9706     2.9706    -0.0000    0.75655    0.75580          1     8.5540     8.4810       9.96     0.0122  1.914e-01  1.885e+00  9.848e+02     7.3905     7.3826    -0.0079     5.8923     5.8860     15.852     16.201      0.381    1426.80    1426.79  0.000e+00
       1629     16.500     2.9712     2.9716     0.0004    0.75657    0.75581          1     8.5610     8.4813       9.96     0.0122  1.750e-01  1.718e+00  9.818e+02     7.3904     7.3824    -0.0080     5.8923     5.8859     16.347     16.707      0.343    1426.81    1426.80  0.000e+00
       1673     17.000     2.9734     2.9737     0.0003    0.75661    0.75585          1     8.5618     8.4841       9.96     0.0122  1.519e-01  1.484e+00  9.769e+02     7.3903     7.3822    -0.0081     5.8922     5.8857     16.843     17.214      0.224    1426.83    1426.82  0.000e+00
       1738     17.500     2.9739     2.9736    -0.0003    0.75662    0.75586          1     8.5576     8.4808       9.96     0.0121  1.412e-01  1.362e+00  9.650e+02     7.3902     7.3823    -0.0079     5.8921     5.8858     17.338     17.720      0.212    1426.84    1426.83  0.000e+00
       1786     18.000     2.9737     2.9728    -0.0009    0.75662    0.75584          1     8.5591     8.4741       9.96     0.0120  1.333e-01  1.274e+00  9.553e+02     7.3902     7.3822    -0.0080     5.8921     5.8857     17.833     18.226      0.337    1426.85    1426.83  0.000e+00
       1820     18.500     2.9723     2.9717    -0.0005    0.75660    0.75584          1     8.5571     8.4790       9.96     0.0122  1.188e-01  1.120e+00  9.422e+02     7.3902     7.3824    -0.0078     5.8921     5.8858     18.329     18.733      0.293    1426.85    1426.83  0.000e+00
       1906     19.000     2.9742     2.9741    -0.0002    0.75665    0.75589          1     8.5682     8.4815       9.96     0.0122  1.235e-01  1.002e+00  8.115e+02     7.3902     7.3823    -0.0079     5.8921     5.8858     18.824     19.239      0.305    1426.86    1426.85  0.000e+00
       1934     19.500     2.9706     2.9689    -0.0017    0.75657    0.75580          1     8.5581     8.4777       9.96     0.0122  1.194e-01  9.305e-01  7.791e+02     7.3901     7.3825    -0.0077     5.8920     5.8859     19.319     19.745      0.422    1426.85    1426.84  0.000e+00
       1965     20.000     2.9686     2.9681    -0.0004    0.75654    0.75577          1     8.5535     8.4863       9.96     0.0122  1.067e-01  8.331e-01  7.808e+02     7.3902     7.3823    -0.0079     5.8921     5.8858     19.815     20.251      0.352    1426.85    1426.84  0.000e+00
       2003     20.500     2.9687     2.9686    -0.0002    0.75654    0.75579          1     8.5698     8.4871       9.96     0.0125  9.234e-02  7.230e-01  7.829e+02     7.3901     7.3823    -0.0079     5.8920     5.8858     20.310     20.758      0.305    1426.86    1426.85  0.000e+00
       2045     21.000     2.9695     2.9693    -0.0002    0.75653    0.75579          1     8.5749     8.4896       9.95     0.0122  8.335e-02  6.295e-01  7.553e+02     7.3898     7.3820    -0.0078     5.8918     5.8856     20.805     21.264      0.240    1426.87    1426.86  0.000e+00
       2145     21.500     2.9689     2.9687    -0.0002    0.75655    0.75578          1     8.5644     8.4789       9.95     0.0122  7.806e-02  6.096e-01  7.809e+02     7.3900     7.3820    -0.0080     5.8919     5.8856     21.301     21.770      0.307    1426.88    1426.87  0.000e+00
       2173     22.000     2.9691     2.9690    -0.0001    0.75653    0.75577          1     8.5573     8.4725       9.95     0.0121  6.534e-02  5.169e-01  7.912e+02     7.3898     7.3818    -0.0080     5.8918     5.8854     21.796     22.277      0.470    1426.89    1426.88  0.000e+00
       2201     22.500     2.9700     2.9697    -0.0003    0.75655    0.75580          1     8.5563     8.4795       9.95     0.0122  5.599e-02  4.326e-01  7.721e+02     7.3897     7.3819    -0.0078     5.8917     5.8854     22.292     22.783      0.334    1426.90    1426.89  0.000e+00
       2272     23.000     2.9693     2.9686    -0.0007    0.75655    0.75578          1     8.5612     8.4823       9.95     0.0122  5.786e-02  4.055e-01  7.015e+02     7.3897     7.3819    -0.0079     5.8917     5.8855     22.787     23.289      0.261    1426.90    1426.89  0.000e+00
       2314     23.500     2.9687     2.9682    -0.0005    0.75655    0.75581          1     8.5721     8.4804       9.95     0.0122  5.310e-02  3.558e-01  6.699e+02     7.3899     7.3822    -0.0076     5.8918     5.8858     23.282     23.795      0.399    1426.91    1426.90  0.000e+00
       2342     24.000     2.9689     2.9686    -0.0003    0.75655    0.75579          1     8.5795     8.4781       9.95     0.0122  4.334e-02  2.885e-01  6.657e+02     7.3898     7.3818    -0.0080     5.8917     5.8854     23.777     24.302      0.431    1426.92    1426.91  0.000e+00
       2374     24.500     2.9689     2.9686    -0.0003    0.75657    0.75582          1     8.5722     8.4852       9.95     0.0122  3.614e-02  2.395e-01  6.627e+02     7.3898     7.3821    -0.0077     5.8918     5.8856     24.273     24.808      0.289    1426.93    1426.91  0.000e+00
       2458     25.000     2.9692     2.9684    -0.0008    0.75659    0.75583          1     8.5637     8.4907       9.95     0.0122  3.357e-02  2.211e-01  6.585e+02     7.3900     7.3821    -0.0078     5.8919     5.8856     24.768     25.314      0.273    1426.94    1426.92  0.000e+00
       2496     25.500     2.9680     2.9682     0.0002    0.75657    0.75584          1     8.5703     8.4830       9.95     0.0122  2.840e-02  1.875e-01  6.604e+02     7.3899     7.3822    -0.0077     5.8919     5.8857     25.264     25.821      0.442    1426.94    1426.93  0.000e+00
       2521     26.000     2.9702     2.9728     0.0027    0.75665    0.75595          1     8.5666     8.4773       9.95     0.0122  2.332e-02  1.548e-01  6.639e+02     7.3902     7.3822    -0.0080     5.8921     5.8857     25.759     26.327      0.484    1426.95    1426.96  0.000e+00
       2546     26.500     2.9730     2.9727    -0.0003    0.75675    0.75599          1     8.5554     8.4779       9.95     0.0122  1.942e-02  1.305e-01  6.727e+02     7.3905     7.3826    -0.0079     5.8923     5.8860     26.254     26.833      0.432    1426.98    1426.97  0.000e+00
       2583     27.000     2.9730     2.9735     0.0005    0.75675    0.75603          1     8.5562     8.4737       9.95     0.0122  1.506e-02  1.081e-01  7.192e+02     7.3904     7.3828    -0.0077     5.8923     5.8861     26.749     27.339      0.244    1426.98    1426.98  0.000e+00
       2666     27.500     2.9732     2.9735     0.0003    0.75676    0.75602          1     8.5706     8.4855       9.95     0.0115  1.224e-02  1.103e-01  8.990e+02     7.3904     7.3826    -0.0078     5.8922     5.8860     27.245     27.846      0.291    1426.99    1426.98  0.000e+00
       2698     28.000     2.9738     2.9735    -0.0003    0.75677    0.75601          1     8.5678     8.4844       9.95     0.0130  1.002e-02  8.938e-02  8.925e+02     7.3903     7.3824    -0.0079     5.8922     5.8859     27.740     28.352      0.353    1427.00    1426.99  0.000e+00
       2733     28.500     2.9740     2.9736    -0.0003    0.75678    0.75602          1     8.5699     8.4771       9.95     0.0126  7.406e-03  6.618e-02  8.936e+02     7.3904     7.3824    -0.0079     5.8922     5.8859     28.235     28.858      0.321    1427.01    1427.00  0.000e+00
