ctdpy/exports/archive_20191120_135557/received_data/SBE09_1044_20181014_0842_34_01_0090.cnv
* Sea-Bird SBE 9 Data File:
* FileName = C:\ctd\temp\ar18d090.hex
* Software Version Seasave V 7.21e
* Temperature SN = 5351
* Conductivity SN = 3941
* Number of Bytes Per Scan = 30
* Number of Voltage Words = 4
* Number of Scans Averaged by the Deck Unit = 1
* NMEA baud rate = 4800
** Station:  LL7
** Operator:  obac
** Ship: ARANDA
** Average sound velocity: 1451.87 m/s
** True-depth calculation Sun, 14 Oct 2018 12:27:58 +0000
** CTD Python Module SMHI /ver 3-12/ feb 2012 
** LIMS Job: 20183401-0090
** Cruise: SMHI-4-2018
** Latitude [GG MM.mm N]: 59 50.801 N
** Longitude [GG MM.mm E] 24 50.287 E
# nquan = 26
# nvalues = 191                         
# units = specified
# name 0 = scan: Scan Count
# name 1 = prDM: Pressure, Digiquartz [db]
# name 2 = t090C: Temperature [ITS-90, deg C]
# name 3 = t190C: Temperature, 2 [ITS-90, deg C]
# name 4 = T2-T190C: Temperature Difference, 2 - 1 [ITS-90, deg C]
# name 5 = c0S/m: Conductivity [S/m]
# name 6 = c1S/m: Conductivity, 2 [S/m]
# name 7 = pumps: Pump Status
# name 8 = sbeox0ML/L: Oxygen, SBE 43 [ml/l]
# name 9 = sbeox1ML/L: Oxygen, SBE 43, 2 [ml/l]
# name 10 = altM: Altimeter [m]
# name 11 = flECO-AFL: Chl-a Fluorescence, WET Labs ECO-AFL/FL [mg/m^3]
# name 12 = flECO-AFL1: Phycocyanin Fluorescence, WET Labs ECO-AFL/FL, 2 [mg/m^3]
# name 13 = par: PAR/Irradiance, Biospherical/Lico [µE/(cm^2*s)]
# name 14 = turbWETntu0: Turbidity, WET Labs ECO [NTU]
# name 15 = sal00: Salinity, Practical [PSU]
# name 16 = sal11: Salinity, Practical, 2 [PSU]
# name 17 = secS-priS: Salinity, Practical, Difference, 2 - 1 [PSU]
# name 18 = sigma-t00: Density [sigma-t, Kg/m^3 ]
# name 19 = sigma-t11: Density, 2 [sigma-t, Kg/m^3 ]
# name 20 = depSM: Depth [salt water, m], lat = 0
# name 21 = depFM: Depth [true depth, m], lat = 0
# name 22 = dz/dtM: Descent Rate [m/s], WS = 2
# name 23 = svCM: Sound Velocity [Chen-Millero, m/s]
# name 24 = svCM1: Sound Velocity, 2 [Chen-Millero, m/s]
# name 25 = flag: flag
# span 0 =      11246,      15781       
# span 1 =      1.500,     96.500       
# span 2 =     5.3242,    12.4069       
# span 3 =     5.3264,    12.4074       
# span 4 =    -0.0266,     0.0190       
# span 5 =   0.768452,   0.810880       
# span 6 =   0.768467,   0.810835       
# span 7 =          1,          1       
# span 8 =    2.19504,    7.00403       
# span 9 =    2.84762,    3.85100       
# span 10 =       2.68,      99.94      
# span 11 =     0.4808,     1.8242      
# span 12 =     0.1877,     0.5985      
# span 13 = 1.0000e-12, 4.0950e+03      
# span 14 =     0.4112,     2.5841      
# span 15 =     6.0712,     7.3740      
# span 16 =     6.0708,     7.3734      
# span 17 =    -0.0049,     0.0019      
# span 18 =     4.1611,     5.8166      
# span 19 =     4.1607,     5.8161      
# span 20 =      1.492,     95.948      
# span 21 =      1.521,     97.819      
# span 22 =     -0.002,      1.018      
# span 23 =    1438.54,    1463.96      
# span 24 =    1438.55,    1463.96      
# span 25 = 0.0000e+00, 0.0000e+00      
# interval = decibars: 0.5              
# start_time = Oct 14 2018 08:42:47 [System UTC, header]
# bad_flag = -9.990e-29
*END*
[from data line 56]
      12508     29.500    10.5563    10.5587     0.0023    0.78461    0.78460          1     6.8330     3.7981      72.51     1.0000     0.3534  1.000e-12  0.4525000     6.1589     6.1585    -0.0005     4.4542     4.4536     29.336     29.918      0.525    1457.51    1457.52  0.000e+00
      12532     30.000    10.5521    10.5543     0.0022    0.78457    0.78456          1     6.8259     3.7929      72.02     1.0017     0.3098  1.000e-12  0.4992000     6.1593     6.1589    -0.0004     4.4550     4.4544     29.833     30.425      0.494    1457.50    1457.51  0.000e+00
      12556     30.500    10.5373    10.5404     0.0031    0.78429    0.78429          1     6.8220     3.7819      71.31     1.0352     0.3230  1.000e-12  0.4825000     6.1593     6.1588    -0.0005     4.4567     4.4559     30.330     30.932      0.560    1457.45    1457.46  0.000e+00
      12575     31.000    10.5243    10.5266     0.0023    0.78402    0.78401          1     6.8141     3.7764      70.75     1.0086     0.3140  1.000e-12  0.4963000     6.1592     6.1588    -0.0005     4.4580     4.4574     30.827     31.439      0.671    1457.41    1457.42  0.000e+00
      12592     31.500    10.5211    10.5233     0.0022    0.78399    0.78398          1     6.8178     3.7763      70.24     0.9843     0.3097  1.000e-12  0.4917000     6.1594     6.1590    -0.0004     4.4585     4.4580     31.325     31.946      0.707    1457.41    1457.41  0.000e+00
      12609     32.000    10.5135    10.5157     0.0023    0.78385    0.78385          1     6.8282     3.7811      69.76     0.9416     0.3227  1.000e-12  0.4626000     6.1595     6.1591    -0.0004     4.4594     4.4589     31.822     32.453      0.631    1457.38    1457.39  0.000e+00
      12631     32.500    10.5086    10.5109     0.0023    0.78378    0.78377          1     6.8247     3.7859      69.09     0.9620     0.3447  1.000e-12  0.4537000     6.1597     6.1592    -0.0005     4.4601     4.4595     32.319     32.960      0.481    1457.37    1457.38  0.000e+00
      12659     33.000    10.4992    10.5031     0.0038    0.78366    0.78366          1     6.7981     3.7948      68.48     0.9911     0.3416  1.000e-12  0.4516000     6.1602     6.1596    -0.0006     4.4616     4.4606     32.816     33.467      0.452    1457.35    1457.36  0.000e+00
      12683     33.500    10.3968    10.3915    -0.0052    0.78117    0.78081          1     6.7819     3.7947      67.98     0.9603     0.3268  1.000e-12  0.4622000     6.1564     6.1542    -0.0022     4.4698     4.4687     33.313     33.974      0.584    1456.95    1456.93  0.000e+00
      12702     34.000    10.2924    10.2939     0.0014    0.77821    0.77819          1     6.7876     3.7912      67.58     0.9097     0.3243  1.000e-12  0.4421000     6.1488     6.1484    -0.0005     4.4753     4.4748     33.810     34.481      0.673    1456.55    1456.55  0.000e+00
      12719     34.500    10.2530    10.2556     0.0027    0.77718    0.77718          1     6.7953     3.7934      67.15     0.8776     0.3234  1.000e-12  0.4401000     6.1467     6.1462    -0.0005     4.4779     4.4772     34.308     34.988      0.671    1456.40    1456.41  0.000e+00
      12738     35.000    10.2063    10.2117     0.0054    0.77596    0.77605          1     6.7908     3.7969      66.67     0.8590     0.3105  1.000e-12  0.4687000     6.1441     6.1440    -0.0001     4.4809     4.4802     34.805     35.495      0.592    1456.22    1456.24  0.000e+00
      12760     35.500    10.2097    10.1999    -0.0098    0.77693    0.77659          1     6.7819     3.8018      66.24     0.8353     0.3196  1.000e-12  0.4772000     6.1518     6.1505    -0.0013     4.4865     4.4866     35.302     36.002      0.496    1456.25    1456.22  0.000e+00
      12785     36.000    10.1886    10.1878    -0.0008    0.77662    0.77650          1     6.7904     3.7998      65.80     0.8693     0.3045  1.000e-12  0.4697000     6.1526     6.1518    -0.0009     4.4894     4.4888     35.799     36.509      0.517    1456.18    1456.18  0.000e+00
      12807     36.500    10.1656    10.1625    -0.0032    0.77600    0.77579          1     6.7657     3.7906      65.35     0.8307     0.2732  1.000e-12  0.4593000     6.1512     6.1500    -0.0013     4.4908     4.4901     36.296     37.016      0.604    1456.10    1456.08  0.000e+00
      12825     37.000    10.1731    10.1461    -0.0266    0.77629    0.77532          1     6.7581     3.7932      64.96     0.8104     0.2554  1.000e-12  0.4600000     6.1523     6.1486    -0.0037     4.4908     4.4908     36.793     37.523      0.632    1456.14    1456.03  0.000e+00
      12845     37.500    10.0673    10.0723     0.0047    0.77286    0.77289          1     6.7832     3.7970      64.38     0.7999     0.3373  1.000e-12  0.4586000     6.1409     6.1403    -0.0006     4.4931     4.4922     37.291     38.030      0.585    1455.72    1455.74  0.000e+00
      12867     38.000    10.0221    10.0260     0.0039    0.77156    0.77160          1     6.8036     3.7921      63.79     0.8136     0.3378  1.000e-12  0.4479000     6.1374     6.1371    -0.0004     4.4952     4.4945     37.788     38.537      0.504    1455.55    1455.56  0.000e+00
      12892     38.500    10.0270    10.0328     0.0058    0.77196    0.77216          1     6.7901     3.7842      63.04     0.8484     0.2850  1.000e-12  0.4624000     6.1399     6.1407     0.0008     4.4966     4.4966     38.285     39.044      0.521    1455.58    1455.60  0.000e+00
      12913     39.000    10.0457    10.0476     0.0019    0.77319    0.77317          1     6.7731     3.7802      62.64     0.8714     0.2936  1.000e-12  0.4389000     6.1473     6.1468    -0.0005     4.5004     4.4998     38.782     39.551      0.638    1455.67    1455.67  0.000e+00
      12930     39.500    10.0388    10.0387    -0.0000    0.77319    0.77315          1     6.7708     3.7814      62.15     0.8400     0.3246  1.000e-12  0.4618000     6.1484     6.1481    -0.0004     4.5020     4.5017     39.279     40.058      0.679    1455.65    1455.65  0.000e+00
      12948     40.000    10.0188    10.0218     0.0029    0.77293    0.77293          1     6.7524     3.7788      61.82     0.8165     0.3100  1.000e-12  0.4816000     6.1495     6.1490    -0.0005     4.5049     4.5042     39.776     40.565      0.598    1455.58    1455.59  0.000e+00
      12972     40.500    10.0042    10.0048     0.0007    0.77273    0.77270          1     6.7288     3.7759      61.17     0.8111     0.2865  1.000e-12  0.5015000     6.1502     6.1498    -0.0004     4.5070     4.5066     40.274     41.072      0.467    1455.53    1455.53  0.000e+00
      12999     41.000     9.9619     9.9644     0.0025    0.77209    0.77208          1     6.7161     3.7763      60.51     0.8505     0.3041  1.000e-12  0.4992000     6.1519     6.1513    -0.0006     4.5127     4.5120     40.771     41.579      0.495    1455.38    1455.39  0.000e+00
      13021     41.500     9.9582     9.9584     0.0002    0.77307    0.77301          1     6.6973     3.7731      59.94     0.8589     0.3194  1.000e-12  0.4689000     6.1608     6.1603    -0.0005     4.5200     4.5196     41.268     42.086      0.623    1455.38    1455.38  0.000e+00
      13038     42.000     9.9639     9.9665     0.0026    0.77356    0.77355          1     6.6982     3.7758      59.56     0.8351     0.3243  1.000e-12  0.5077000     6.1640     6.1635    -0.0005     4.5219     4.5212     41.765     42.593      0.673    1455.42    1455.42  0.000e+00
      13056     42.500     9.9409     9.9442     0.0033    0.77306    0.77308          1     6.6988     3.7777      59.05     0.8009     0.3243  1.000e-12  0.4868000     6.1636     6.1632    -0.0004     4.5240     4.5233     42.262     43.100      0.623    1455.33    1455.34  0.000e+00
      13078     43.000     9.9119     9.9149     0.0030    0.77242    0.77241          1     6.6690     3.7803      58.47     0.7798     0.3231  1.000e-12  0.4794000     6.1630     6.1624    -0.0006     4.5265     4.5257     42.759     43.607      0.520    1455.23    1455.24  0.000e+00
      13102     43.500     9.8731     9.8761     0.0031    0.77158    0.77156          1     6.6009     3.7844      57.88     0.7953     0.2889  1.000e-12  0.4901000     6.1623     6.1616    -0.0007     4.5300     4.5291     43.256     44.114      0.506    1455.08    1455.09  0.000e+00
      13125     44.000     9.7884     9.7914     0.0030    0.77023    0.77024          1     6.5392     3.7779      57.29     0.8073     0.2773  1.000e-12  0.4833000     6.1651     6.1647    -0.0004     4.5408     4.5402     43.754     44.621      0.576    1454.76    1454.77  0.000e+00
      13144     44.500     9.7667     9.7703     0.0036    0.77083    0.77083          1     6.5084     3.7749      56.86     0.7869     0.2914  1.000e-12  0.5000000     6.1739     6.1733    -0.0006     4.5498     4.5490     44.251     45.128      0.622    1454.70    1454.71  0.000e+00
      13163     45.000     9.7564     9.7570     0.0007    0.77081    0.77075          1     6.4947     3.7741      56.29     0.7678     0.3237  1.000e-12  0.4944000     6.1755     6.1748    -0.0006     4.5521     4.5515     44.748     45.635      0.616    1454.66    1454.67  0.000e+00
      13183     45.500     9.7479     9.7483     0.0004    0.77064    0.77056          1     6.4702     3.7767      55.77     0.7573     0.3087  1.000e-12  0.4790000     6.1754     6.1746    -0.0007     4.5529     4.5523     45.245     46.142      0.576    1454.64    1454.64  0.000e+00
      13205     46.000     9.7236     9.7258     0.0022    0.77011    0.77010          1     6.4442     3.7866      55.17     0.7553     0.2776  1.000e-12  0.4623000     6.1749     6.1745    -0.0004     4.5550     4.5544     45.742     46.649      0.520    1454.55    1454.56  0.000e+00
      13229     46.500     9.6756     9.6767     0.0011    0.76985    0.76988          1     6.3964     3.7872      54.65     0.7624     0.3022  1.000e-12  0.4591000     6.1808     6.1809     0.0001     4.5644     4.5643     46.239     47.156      0.518    1454.38    1454.38  0.000e+00
      13251     47.000     9.6528     9.6536     0.0008    0.77030    0.77032          1     6.3271     3.7854      54.15     0.7635     0.2918  1.000e-12  0.4633000     6.1886     6.1886    -0.0000     4.5727     4.5726     46.736     47.663      0.602    1454.31    1454.31  0.000e+00
      13270     47.500     9.5647     9.5660     0.0012    0.77022    0.77020          1     6.2486     3.7863      53.68     0.7526     0.2508  1.000e-12  0.4328000     6.2030     6.2026    -0.0004     4.5927     4.5923     47.234     48.170      0.665    1453.98    1453.99  0.000e+00
      13287     48.000     9.4845     9.4827    -0.0017    0.77041    0.77037          1     6.1824     3.7905      53.20     0.7165     0.3210  1.000e-12  0.4669000     6.2184     6.2183    -0.0001     4.6126     4.6127     47.731     48.677      0.651    1453.69    1453.69  0.000e+00
      13307     48.500     9.4474     9.4506     0.0032    0.77013    0.77013          1     6.1419     3.7902      52.72     0.6874     0.3242  1.000e-12  0.4818000     6.2223     6.2218    -0.0005     4.6192     4.6185     48.228     49.184      0.564    1453.56    1453.57  0.000e+00
      13331     49.000     9.4366     9.4385     0.0019    0.77021    0.77021          1     6.1167     3.7826      52.13     0.6706     0.3238  1.000e-12  0.4743000     6.2248     6.2245    -0.0003     4.6222     4.6218     48.725     49.691      0.475    1453.53    1453.53  0.000e+00
      13357     49.500     9.4288     9.4306     0.0018    0.77029    0.77029          1     6.1041     3.7769      51.50     0.6867     0.3243  1.000e-12  0.4817000     6.2268     6.2265    -0.0003     4.6246     4.6242     49.222     50.197      0.511    1453.51    1453.51  0.000e+00
      13378     50.000     9.4181     9.4211     0.0030    0.77033    0.77033          1     6.0812     3.7725      51.05     0.6953     0.3066  1.000e-12  0.4830000     6.2290     6.2284    -0.0005     4.6273     4.6266     49.719     50.704      0.623    1453.48    1453.49  0.000e+00
      13396     50.500     9.4006     9.4034     0.0029    0.77017    0.77017          1     6.0576     3.7723      50.55     0.6941     0.2512  1.000e-12  0.4935000     6.2306     6.2301    -0.0005     4.6302     4.6296     50.216     51.211      0.678    1453.42    1453.43  0.000e+00
      13413     51.000     9.3865     9.3916     0.0051    0.76995    0.77000          1     6.0481     3.7701      50.14     0.6717     0.3024  1.000e-12  0.5230000     6.2311     6.2306    -0.0005     4.6320     4.6311     50.714     51.718      0.634    1453.37    1453.39  0.000e+00
      13434     51.500     9.3822     9.3845     0.0023    0.76992    0.76993          1     6.0506     3.7731      49.51     0.6582     0.3302  1.000e-12  0.5597000     6.2315     6.2312    -0.0003     4.6327     4.6323     51.211     52.225      0.518    1453.36    1453.37  0.000e+00
      13460     52.000     9.3775     9.3808     0.0033    0.76991    0.76992          1     6.0326     3.7705      48.93     0.6687     0.3184  1.000e-12  0.5662000     6.2322     6.2316    -0.0005     4.6337     4.6330     51.708     52.732      0.480    1453.35    1453.36  0.000e+00
      13483     52.500     9.3590     9.3610     0.0020    0.76979    0.76978          1     5.9810     3.7739      48.48     0.6618     0.2934  1.000e-12  0.5479000     6.2343     6.2339    -0.0004     4.6371     4.6366     52.205     53.239      0.600    1453.29    1453.30  0.000e+00
      13501     53.000     9.2911     9.2944     0.0034    0.76935    0.76935          1     5.9439     3.7777      48.01     0.6625     0.2942  1.000e-12  0.5639000     6.2422     6.2416    -0.0006     4.6498     4.6490     52.702     53.746      0.700    1453.03    1453.05  0.000e+00
      13517     53.500     9.2050     9.2092     0.0042    0.76845    0.76847          1     5.9020     3.7773      47.58     0.6450     0.2840  1.000e-12  0.6058000     6.2493     6.2487    -0.0006     4.6635     4.6626     53.199     54.253      0.693    1452.71    1452.73  0.000e+00
      13536     54.000     9.1642     9.1678     0.0036    0.76863    0.76863          1     5.8084     3.7796      47.03     0.6301     0.2785  1.000e-12  0.6251000     6.2579     6.2573    -0.0006     4.6741     4.6732     53.696     54.760      0.562    1452.57    1452.58  0.000e+00
      13563     54.500     9.0922     9.0938     0.0017    0.76985    0.76987          1     5.6249     3.7850      46.37     0.6144     0.2615  1.000e-12  0.5687000     6.2812     6.2811    -0.0001     4.6989     4.6987     54.193     55.267      0.415    1452.32    1452.32  0.000e+00
      13592     55.000     9.0219     9.0248     0.0029    0.77132    0.77130          1     5.5423     3.7869      45.78     0.6197     0.2347  1.000e-12  0.4784000     6.3064     6.3057    -0.0007     4.7251     4.7243     54.691     55.773      0.503    1452.07    1452.08  0.000e+00
      13612     55.500     8.9648     8.9651     0.0003    0.77100    0.77092          1     5.4626     3.7770      44.51     0.6198     0.2441  1.000e-12  0.4636000     6.3136     6.3128    -0.0008     4.7360     4.7353     55.188     56.280      0.673    1451.86    1451.86  0.000e+00
      13628     56.000     8.9010     8.9043     0.0032    0.76948    0.76950          1     5.3514     3.7710      44.57     0.5898     0.3237  1.000e-12  0.4942000     6.3115     6.3110    -0.0005     4.7401     4.7395     55.685     56.787      0.776    1451.61    1451.63  0.000e+00
      13643     56.500     8.8519     8.8548     0.0029    0.76905    0.76906          1     5.3024     3.7663      43.75     0.5644     0.3022  1.000e-12  0.4763000     6.3163     6.3159    -0.0004     4.7483     4.7477     56.182     57.294      0.778    1451.43    1451.44  0.000e+00
