ctdpy/exports/archive_20191120_135557/received_data/SBE09_1044_20180924_0544_34_01_0046.cnv
* Sea-Bird SBE 9 Data File:
* FileName = C:\ctd\temp\2018\AR18D046.hex
* Software Version Seasave V 7.26.6.26
* Temperature SN = 5351
* Conductivity SN = 3941
* Number of Bytes Per Scan = 41
* Number of Voltage Words = 4
* Number of Scans Averaged by the Deck Unit = 1
* NMEA Latitude = 58 17.65 N
* NMEA Longitude = 010 50.70 E
* NMEA UTC (Time) = Sep 24 2018  05:44:52
* NMEA baud rate = 4800
** Station:  Å15
** Operator:  MHan
** Ship: ARANDA
** Average sound velocity: 1494.60 m/s
** True-depth calculation Mon, 24 Sep 2018 06:39:20 +0000
** CTD Python Module SMHI /ver 3-12/ feb 2012 
** LIMS Job: 20183401-0046
** Cruise: SMHI-02-2018
** Latitude [GG MM.mm N] :
** Longitude [GG MM.mm E]:
# nquan = 26
# nvalues = 263                         
# units = specified
# name 0 = scan: Scan Count
# name 1 = prDM: Pressure, Digiquartz [db]
# name 2 = t090C: Temperature [ITS-90, deg C]
# name 3 = t190C: Temperature, 2 [ITS-90, deg C]
# name 4 = T2-T190C: Temperature Difference, 2 - 1 [ITS-90, deg C]
# name 5 = c0S/m: Conductivity [S/m]
# name 6 = c1S/m: Conductivity, 2 [S/m]
# name 7 = pumps: Pump Status
# name 8 = sbeox0ML/L: Oxygen, SBE 43 [ml/l]
# name 9 = sbeox1ML/L: Oxygen, SBE 43, 2 [ml/l]
# name 10 = altM: Altimeter [m]
# name 11 = flECO-AFL: Chl-a Fluorescence, WET Labs ECO-AFL/FL [mg/m^3]
# name 12 = flECO-AFL1: Phycocyanin Fluorescence, WET Labs ECO-AFL/FL, 2 [mg/m^3]
# name 13 = par: PAR/Irradiance, Biospherical/Lico [µE/(cm^2*s)]
# name 14 = turbWETntu0: Turbidity, WET Labs ECO [NTU]
# name 15 = sal00: Salinity, Practical [PSU]
# name 16 = sal11: Salinity, Practical, 2 [PSU]
# name 17 = secS-priS: Salinity, Practical, Difference, 2 - 1 [PSU]
# name 18 = sigma-t00: Density [sigma-t, Kg/m^3 ]
# name 19 = sigma-t11: Density, 2 [sigma-t, Kg/m^3 ]
# name 20 = depSM: Depth [salt water, m], lat = 58.2942
# name 21 = depFM: Depth [true depth, m], lat = 58.2942
# name 22 = dz/dtM: Descent Rate [m/s], WS = 2
# name 23 = svCM: Sound Velocity [Chen-Millero, m/s]
# name 24 = svCM1: Sound Velocity, 2 [Chen-Millero, m/s]
# name 25 = flag: flag
# span 0 =      12750,      19991       
# span 1 =      2.000,    133.000       
# span 2 =     8.5821,    14.5178       
# span 3 =     8.5833,    14.5198       
# span 4 =    -0.0223,     0.0232       
# span 5 =   3.673652,   4.191681       
# span 6 =   3.673708,   4.191916       
# span 7 =          1,          1       
# span 8 =    4.97053,    6.12059       
# span 9 =    3.38254,    3.77409       
# span 10 =       1.84,      98.16      
# span 11 =     0.2161,     0.9946      
# span 12 =     0.1042,     0.3468      
# span 13 = -3.273e-05, 1.8595e+02      
# span 14 =     0.1447,     2.9008      
# span 15 =    32.8175,    34.9845      
# span 16 =    32.8191,    34.9853      
# span 17 =    -0.0477,     0.0136      
# span 18 =    24.5442,    27.1190      
# span 19 =    24.5456,    27.1184      
# span 20 =      1.981,    131.722      
# span 21 =      1.988,    132.017      
# span 22 =     -0.219,      1.161      
# span 23 =    1486.70,    1505.22      
# span 24 =    1486.72,    1505.23      
# span 25 = 0.0000e+00, 0.0000e+00      
# interval = decibars: 0.5              
# start_time = Sep 24 2018 05:44:52 [NMEA time, first data scan]
# bad_flag = -9.990e-29
*END*
[from data line 168]
      16444     86.000     9.3594     9.3613     0.0020    3.73802    3.73819          1     5.0474     3.5382      49.32     0.3177     0.2473  1.000e-12  0.9639000    34.8508    34.8507    -0.0001    26.9429    26.9425     85.183     85.407      0.615    1488.75    1488.75  0.000e+00
      16488     86.500     9.3216     9.3164    -0.0053    3.73422    3.73372          1     5.0317     3.5307      48.51     0.3069     0.2560  1.000e-12  1.0589000    34.8479    34.8478    -0.0001    26.9468    26.9476     85.678     85.902      0.310    1488.61    1488.59  0.000e+00
      16532     87.000     9.2829     9.2854     0.0025    3.73052    3.73071          1     5.0131     3.5190      48.05     0.3098     0.2332  1.000e-12  1.1109000    34.8469    34.8465    -0.0004    26.9524    26.9517     86.174     86.398      0.630    1488.48    1488.49  0.000e+00
      16546     87.500     9.2524     9.2554     0.0028    3.72812    3.72837          1     5.0144     3.5167      47.70     0.2910     0.2012  1.000e-12  1.3207000    34.8515    34.8511    -0.0004    26.9610    26.9602     86.669     86.894      0.818    1488.38    1488.39  0.000e+00
      16560     88.000     9.1872     9.1873     0.0002    3.72188    3.72192          1     5.0133     3.5168      47.32     0.2855     0.1923  1.000e-12  1.3777000    34.8499    34.8502     0.0003    26.9704    26.9706     87.164     87.390      0.842    1488.15    1488.15  0.000e+00
      16574     88.500     9.1696     9.1718     0.0021    3.72043    3.72063          1     5.0189     3.5160      46.90     0.2855     0.1925  1.000e-12  1.5616000    34.8516    34.8516     0.0000    26.9746    26.9742     87.659     87.886      0.742    1488.10    1488.10  0.000e+00
      16593     89.000     9.1866     9.1849    -0.0017    3.72303    3.72263          1     5.0465     3.5116      46.28     0.2852     0.2436  1.000e-12  1.5919000    34.8620    34.8595    -0.0025    26.9800    26.9783     88.154     88.382      0.573    1488.18    1488.17  0.000e+00
      16617     89.500     9.2010     9.2059     0.0049    3.72566    3.72602          1     5.0801     3.5099      45.65     0.2906     0.2756  1.000e-12  1.5076000    34.8752    34.8741    -0.0010    26.9879    26.9863     88.649     88.878      0.525    1488.25    1488.27  0.000e+00
      16639     90.000     9.1847     9.1862     0.0015    3.72452    3.72462          1     5.0925     3.4982      45.13     0.2932     0.2079  1.000e-12  1.3725000    34.8790    34.8785    -0.0004    26.9935    26.9929     89.144     89.374      0.578    1488.21    1488.21  0.000e+00
      16659     90.500     9.1644     9.1650     0.0006    3.72305    3.72310          1     5.1044     3.4906      44.67     0.2745     0.2356  1.000e-12  1.3369000    34.8833    34.8832    -0.0001    27.0002    27.0000     89.640     89.870      0.528    1488.15    1488.15  0.000e+00
      16688     91.000     9.1605     9.1604    -0.0001    3.72285    3.72281          1     5.1044     3.4897      44.08     0.2921     0.1817  1.000e-12  1.3340000    34.8847    34.8844    -0.0003    27.0020    27.0017     90.135     90.365      0.351    1488.14    1488.14  0.000e+00
      16726     91.500     9.1556     9.1558     0.0002    3.72248    3.72245          1     5.0941     3.4849      43.55     0.2859     0.1908  1.000e-12  1.2560000    34.8854    34.8849    -0.0005    27.0033    27.0029     90.630     90.861      0.383    1488.14    1488.14  0.000e+00
      16751     92.000     9.1468     9.1527     0.0059    3.72160    3.72213          1     5.0911     3.4840      43.13     0.2865     0.2349  1.000e-12  1.2646000    34.8846    34.8843    -0.0003    27.0041    27.0029     91.125     91.357      0.607    1488.11    1488.13  0.000e+00
      16768     92.500     9.1344     9.1276    -0.0068    3.72044    3.71959          1     5.0816     3.4796      42.80     0.2847     0.2503  1.000e-12  1.3120000    34.8844    34.8822    -0.0022    27.0060    27.0053     91.620     91.853      0.763    1488.07    1488.04  0.000e+00
      16783     93.000     9.1275     9.1227    -0.0049    3.71966    3.71912          1     5.0725     3.4750      42.38     0.2847     0.2487  1.000e-12  1.4814000    34.8827    34.8818    -0.0009    27.0058    27.0058     92.115     92.349      0.859    1488.05    1488.03  0.000e+00
      16796     93.500     9.1152     9.1135    -0.0015    3.71845    3.71816          1     5.0667     3.4743      41.91     0.2847     0.2491  1.000e-12  1.5150000    34.8819    34.8806    -0.0014    27.0071    27.0063     92.610     92.845      0.893    1488.01    1488.01  0.000e+00
      16809     94.000     9.1094     9.1086    -0.0007    3.71784    3.71771          1     5.0633     3.4721      41.44     0.2746     0.2366  1.000e-12  1.5687000    34.8810    34.8805    -0.0005    27.0073    27.0071     93.105     93.341      0.844    1488.00    1488.00  0.000e+00
      16824     94.500     9.0897     9.0932     0.0034    3.71578    3.71606          1     5.0576     3.4713      40.93     0.2815     0.2251  1.000e-12  1.6174000    34.8786    34.8781    -0.0005    27.0086    27.0077     93.601     93.837      0.664    1487.93    1487.95  0.000e+00
      16862     95.000     9.0827     9.0856     0.0029    3.71513    3.71528          1     5.0483     3.4713      40.11     0.2870     0.1840  1.000e-12  1.5226000    34.8784    34.8771    -0.0013    27.0096    27.0082     94.096     94.333      0.327    1487.92    1487.92  0.000e+00
      16912     95.500     9.0918     9.0905    -0.0013    3.71599    3.71587          1     5.0325     3.4691      39.59     0.2988     0.2323  1.000e-12  1.3654000    34.8782    34.8783     0.0001    27.0080    27.0083     94.591     94.828      0.580    1487.96    1487.95  0.000e+00
      16926     96.000     9.0301     9.0380     0.0080    3.70980    3.71050          1     5.0303     3.4660      39.27     0.2787     0.2665  1.000e-12  1.4922000    34.8736    34.8732    -0.0003    27.0143    27.0128     95.086     95.324      0.883    1487.73    1487.76  0.000e+00
      16938     96.500     9.0233     9.0252     0.0019    3.70922    3.70939          1     5.0254     3.4654      38.96     0.2620     0.2519  1.000e-12  1.5787000    34.8740    34.8739    -0.0000    27.0157    27.0154     95.581     95.820      1.047    1487.72    1487.72  0.000e+00
      16949     97.000     9.0188     9.0214     0.0026    3.70881    3.70902          1     5.0215     3.4686      38.52     0.2678     0.2496  1.000e-12  1.6505000    34.8739    34.8736    -0.0003    27.0164    27.0157     96.076     96.316      1.112    1487.71    1487.72  0.000e+00
      16959     97.500     9.0172     9.0195     0.0023    3.70863    3.70882          1     5.0170     3.4698      38.06     0.2895     0.2484  1.000e-12  1.8257000    34.8734    34.8731    -0.0003    27.0163    27.0156     96.571     96.812      1.070    1487.71    1487.72  0.000e+00
      16971     98.000     9.0105     9.0112     0.0007    3.70795    3.70795          1     5.0116     3.4666      37.60     0.2857     0.2500  1.000e-12  1.8241000    34.8725    34.8719    -0.0007    27.0167    27.0160     97.066     97.308      0.893    1487.69    1487.69  0.000e+00
      16989     98.500     9.0013     9.0038     0.0025    3.70709    3.70724          1     5.0109     3.4639      36.90     0.2633     0.2247  1.000e-12  1.8367000    34.8723    34.8715    -0.0008    27.0179    27.0169     97.562     97.804      0.484    1487.67    1487.67  0.000e+00
      17057     99.000     9.0041     9.0057     0.0016    3.70746    3.70754          1     5.0084     3.4572      36.02     0.2934     0.2092  1.000e-12  1.6105000    34.8732    34.8725    -0.0007    27.0182    27.0174     98.057     98.299      0.410    1487.69    1487.69  0.000e+00
      17073     99.500     9.0031     9.0056     0.0024    3.70744    3.70761          1     5.0128     3.4564      35.81     0.2625     0.2617  1.000e-12  1.6686000    34.8737    34.8731    -0.0006    27.0188    27.0179     98.552     98.795      0.840    1487.69    1487.70  0.000e+00
      17085    100.000     8.9995     9.0014     0.0019    3.70717    3.70727          1     5.0221     3.4560      35.43     0.2747     0.2657  1.000e-12  1.9239000    34.8742    34.8735    -0.0007    27.0197    27.0189     99.047     99.291      1.040    1487.69    1487.69  0.000e+00
      17095    100.500     8.9951     8.9973     0.0021    3.70684    3.70701          1     5.0237     3.4546      35.07     0.2749     0.2419  1.000e-12  1.9265000    34.8749    34.8745    -0.0004    27.0210    27.0203     99.542     99.787      1.126    1487.68    1487.69  0.000e+00
      17105    101.000     8.9965     8.9987     0.0023    3.70706    3.70727          1     5.0265     3.4524      34.70     0.2692     0.2352  1.000e-12  1.9469000    34.8756    34.8755    -0.0001    27.0213    27.0209    100.037    100.283      1.106    1487.69    1487.70  0.000e+00
      17116    101.500     8.9982     8.9999     0.0018    3.70734    3.70745          1     5.0284     3.4537      34.17     0.2636     0.2597  1.000e-12  1.9578000    34.8766    34.8760    -0.0005    27.0218    27.0211    100.532    100.779      0.960    1487.71    1487.72  0.000e+00
      17131    102.000     8.9952     8.9961     0.0008    3.70715    3.70715          1     5.0286     3.4589      33.53     0.2775     0.3062  1.000e-12  1.9566000    34.8772    34.8765    -0.0008    27.0228    27.0221    101.027    101.275      0.643    1487.71    1487.71  0.000e+00
      17171    102.500     8.9840     8.9848     0.0008    3.70608    3.70608          1     5.0277     3.4599      32.70     0.2801     0.2672  1.000e-12  1.7951000    34.8768    34.8760    -0.0008    27.0243    27.0235    101.522    101.771      0.285    1487.67    1487.68  0.000e+00
      17209    103.000     8.9733     8.9739     0.0006    3.70522    3.70525          1     5.0245     3.4592      32.26     0.2605     0.2656  1.000e-12  1.7283000    34.8780    34.8778    -0.0002    27.0269    27.0267    102.018    102.266      0.599    1487.64    1487.65  0.000e+00
      17224    103.500     8.9677     8.9711     0.0036    3.70467    3.70495          1     5.0104     3.4536      31.90     0.2527     0.2485  1.000e-12  1.7749000    34.8775    34.8771    -0.0004    27.0274    27.0266    102.513    102.762      0.822    1487.63    1487.64  0.000e+00
      17237    104.000     8.9292     8.9383     0.0089    3.70072    3.70155          1     4.9920     3.4526      31.50     0.2652     0.2317  1.000e-12  1.9254000    34.8736    34.8734    -0.0002    27.0305    27.0289    103.008    103.258      0.859    1487.49    1487.53  0.000e+00
      17252    104.500     8.8840     8.8895     0.0056    3.69643    3.69690          1     4.9821     3.4516      31.00     0.2625     0.2447  1.000e-12  1.9844000    34.8728    34.8723    -0.0004    27.0371    27.0359    103.503    103.754      0.720    1487.33    1487.35  0.000e+00
      17305    105.000     8.8450     8.8508     0.0058    3.69329    3.69370          1     4.9889     3.4612      30.27     0.2558     0.2479  1.000e-12  2.0890000    34.8779    34.8764    -0.0015    27.0473    27.0453    103.998    104.250      0.404    1487.21    1487.22  0.000e+00
      17406    105.500     8.8082     8.8134     0.0052    3.69034    3.69072          1     4.9960     3.4644      29.76     0.2371     0.2589  1.000e-12  2.0546000    34.8828    34.8817    -0.0011    27.0570    27.0553    104.493    104.746      0.358    1487.08    1487.10  0.000e+00
      17771    106.000     8.7907     8.8023     0.0116    3.68901    3.68985          1     4.9931     3.4583      29.39     0.2432     0.2422  1.000e-12  2.2666000    34.8858    34.8832    -0.0026    27.0622    27.0583    104.988    105.242      0.530    1487.03    1487.07  0.000e+00
      17891    106.500     8.7878     8.7894     0.0016    3.68876    3.68885          1     4.9968     3.4460      28.84     0.2462     0.2297  1.000e-12  2.1745000    34.8857    34.8851    -0.0006    27.0625    27.0618    105.483    105.737      0.487    1487.03    1487.03  0.000e+00
      17962    107.000     8.7852     8.7874     0.0023    3.68857    3.68871          1     4.9986     3.4380      28.44     0.2627     0.2052  1.000e-12  2.1310000    34.8861    34.8853    -0.0008    27.0633    27.0623    105.978    106.233      0.880    1487.03    1487.03  0.000e+00
      17972    107.500     8.7857     8.7877     0.0019    3.68866    3.68876          1     4.9895     3.4350      28.05     0.2360     0.1921  1.000e-12  2.2163000    34.8862    34.8854    -0.0009    27.0633    27.0623    106.473    106.729      0.955    1487.04    1487.04  0.000e+00
      17984    108.000     8.7844     8.7870     0.0025    3.68857    3.68870          1     4.9875     3.4310      27.62     0.2161     0.2229  1.000e-12  2.2909000    34.8863    34.8851    -0.0012    27.0636    27.0622    106.969    107.225      0.925    1487.04    1487.05  0.000e+00
      17998    108.500     8.7822     8.7785    -0.0037    3.68839    3.68801          1     4.9913     3.4302      27.10     0.2457     0.2344  1.000e-12  2.3781000    34.8864    34.8860    -0.0004    27.0640    27.0643    107.464    107.721      0.801    1487.04    1487.02  0.000e+00
      18015    109.000     8.7716     8.7694    -0.0022    3.68756    3.68731          1     4.9966     3.4329      26.51     0.2580     0.2101  1.000e-12  2.4389000    34.8878    34.8874    -0.0004    27.0667    27.0668    107.959    108.217      0.607    1487.01    1487.00  0.000e+00
      18040    109.500     8.7668     8.7689     0.0021    3.68717    3.68728          1     4.9960     3.4296      25.88     0.2420     0.2275  1.000e-12  2.4140000    34.8883    34.8874    -0.0009    27.0679    27.0668    108.454    108.713      0.468    1487.00    1487.01  0.000e+00
      18065    110.000     8.7661     8.7684     0.0023    3.68714    3.68727          1     4.9980     3.4272      25.36     0.2519     0.2563  1.000e-12  2.3540000    34.8883    34.8875    -0.0009    27.0680    27.0670    108.949    109.208      0.528    1487.01    1487.01  0.000e+00
      18086    110.500     8.7652     8.7658     0.0006    3.68709    3.68708          1     4.9942     3.4313      24.92     0.2500     0.2154  1.000e-12  2.2551000    34.8884    34.8877    -0.0007    27.0682    27.0676    109.444    109.704      0.599    1487.01    1487.02  0.000e+00
      18106    111.000     8.7626     8.7661     0.0035    3.68689    3.68712          1     4.9886     3.4380      24.42     0.2407     0.1851  1.000e-12  2.4393000    34.8887    34.8877    -0.0010    27.0689    27.0675    109.939    110.200      0.526    1487.01    1487.02  0.000e+00
      18140    111.500     8.7610     8.7653     0.0043    3.68680    3.68712          1     4.9889     3.4309      23.77     0.2441     0.2093  1.000e-12  2.1996000    34.8891    34.8882    -0.0009    27.0694    27.0681    110.434    110.696      0.294    1487.01    1487.03  0.000e+00
      18179    112.000     8.7553     8.7586     0.0033    3.68630    3.68651          1     4.9906     3.4211      23.31     0.2535     0.2355  1.000e-12  2.1345000    34.8891    34.8882    -0.0009    27.0704    27.0691    110.929    111.192      0.547    1487.00    1487.01  0.000e+00
      18195    112.500     8.7558     8.7587     0.0029    3.68637    3.68656          1     4.9915     3.4253      22.99     0.2595     0.1325  1.000e-12  2.3502000    34.8892    34.8884    -0.0008    27.0704    27.0693    111.424    111.688      0.821    1487.01    1487.02  0.000e+00
