ctdpy/exports/archive_20191120_135557/received_data/SBE09_1044_20180416_0831_34_07_0007.cnv
* Sea-Bird SBE 9 Data File:
* FileName = C:\ctd\temp\2018\AU18D007.hex
* Software Version Seasave V 7.26.6.26
* Temperature SN = 5351
* Conductivity SN = 3941
* Number of Bytes Per Scan = 41
* Number of Voltage Words = 4
* Number of Scans Averaged by the Deck Unit = 1
* NMEA Latitude = 58 17.05 N
* NMEA Longitude = 010 30.27 E
* NMEA UTC (Time) = Apr 16 2018  08:31:49
* NMEA baud rate = 4800
** Station:  A17
** Operator:  A-KTh
** Ship: AURA
** Average sound velocity: 1479.02 m/s
** True-depth calculation Mon, 16 Apr 2018 12:12:11 +0000
** CTD Python Module SMHI /ver 3-12/ feb 2012 
** LIMS Job: 20183407-0007
** Cruise: SMHI-01-2018
** Latitude [GG MM.mm N] :
** Longitude [GG MM.mm E]:
# nquan = 26
# nvalues = 701                         
# units = specified
# name 0 = scan: Scan Count
# name 1 = prDM: Pressure, Digiquartz [db]
# name 2 = t090C: Temperature [ITS-90, deg C]
# name 3 = t190C: Temperature, 2 [ITS-90, deg C]
# name 4 = T2-T190C: Temperature Difference, 2 - 1 [ITS-90, deg C]
# name 5 = c0S/m: Conductivity [S/m]
# name 6 = c1S/m: Conductivity, 2 [S/m]
# name 7 = pumps: Pump Status
# name 8 = sbeox0ML/L: Oxygen, SBE 43 [ml/l]
# name 9 = sbeox1ML/L: Oxygen, SBE 43, 2 [ml/l]
# name 10 = altM: Altimeter [m]
# name 11 = flECO-AFL: Chl-a Fluorescence, WET Labs ECO-AFL/FL [mg/m^3]
# name 12 = flECO-AFL1: Phycocyanin Fluorescence, WET Labs ECO-AFL/FL, 2 [mg/m^3]
# name 13 = par: PAR/Irradiance, Biospherical/Lico [µE/(cm^2*s)]
# name 14 = turbWETntu0: Turbidity, WET Labs ECO [NTU]
# name 15 = sal00: Salinity, Practical [PSU]
# name 16 = sal11: Salinity, Practical, 2 [PSU]
# name 17 = secS-priS: Salinity, Practical, Difference, 2 - 1 [PSU]
# name 18 = sigma-t00: Density [sigma-t, Kg/m^3 ]
# name 19 = sigma-t11: Density, 2 [sigma-t, Kg/m^3 ]
# name 20 = depSM: Depth [salt water, m], lat = 58.2842
# name 21 = depFM: Depth [true depth, m], lat = 58.2842
# name 22 = dz/dtM: Descent Rate [m/s], WS = 2
# name 23 = svCM: Sound Velocity [Chen-Millero, m/s]
# name 24 = svCM1: Sound Velocity, 2 [Chen-Millero, m/s]
# name 25 = flag: flag
# span 0 =       2565,      18913       
# span 1 =      0.500,    350.500       
# span 2 =     2.4618,     7.6218       
# span 3 =     2.4623,     7.6224       
# span 4 =    -0.0380,     0.0231       
# span 5 =   2.274062,   3.591221       
# span 6 =   2.274535,   3.591416       
# span 7 =          1,          1       
# span 8 =    5.74687,    8.52919       
# span 9 =    5.65685,    8.40861       
# span 10 =       3.76,      99.60      
# span 11 =     0.0039,     6.1993      
# span 12 =     0.1182,     1.2366      
# span 13 = -2.928e-06, 5.0559e+02      
# span 14 =     0.1298,     2.1133      
# span 15 =    23.7287,    35.0451      
# span 16 =    23.7370,    35.0450      
# span 17 =    -0.0622,     0.0150      
# span 18 =    18.8478,    27.5062      
# span 19 =    18.8548,    27.5061      
# span 20 =      0.495,    346.950      
# span 21 =      0.500,    347.595      
# span 22 =      0.103,      0.592      
# span 23 =    1449.33,    1482.94      
# span 24 =    1449.30,    1482.95      
# span 25 = 0.0000e+00, 0.0000e+00      
# interval = decibars: 0.5              
# start_time = Apr 16 2018 08:31:49 [NMEA time, first data scan]
# bad_flag = -9.990e-29
*END*
[from data line 335]
      10336    168.000     7.2619     7.2631     0.0012    3.56351    3.56363          1     5.8514     5.7675      94.38     0.0270     0.2138  1.000e-12  0.2770000    35.0349    35.0350     0.0000    27.4095    27.4093    166.372    166.684      0.519    1482.47    1482.47  0.000e+00
      10360    168.500     7.2622     7.2629     0.0006    3.56357    3.56363          1     5.8443     5.7558      94.67     0.0283     0.1841  1.000e-12  0.2664000    35.0350    35.0350     0.0000    27.4094    27.4093    166.866    167.180      0.520    1482.48    1482.48  0.000e+00
      10382    169.000     7.2590     7.2599     0.0009    3.56329    3.56340          1     5.8350     5.7557      95.99     0.0366     0.2070  1.000e-12  0.2710000    35.0350    35.0352     0.0003    27.4099    27.4100    167.361    167.675      0.532    1482.47    1482.48  0.000e+00
      10405    169.500     7.2514     7.2527     0.0013    3.56265    3.56278          1     5.8287     5.7574      96.03     0.0545     0.2071  1.000e-12  0.2874000    35.0354    35.0355     0.0001    27.4113    27.4112    167.856    168.171      0.548    1482.45    1482.46  0.000e+00
      10426    170.000     7.2471     7.2480     0.0008    3.56229    3.56238          1     5.8338     5.7626      96.14     0.0439     0.1698  1.000e-12  0.2862000    35.0355    35.0357     0.0001    27.4120    27.4120    168.351    168.667      0.559    1482.45    1482.45  0.000e+00
      10448    170.500     7.2452     7.2457     0.0005    3.56214    3.56219          1     5.8382     5.7667      96.14     0.0276     0.1718  1.000e-12  0.2770000    35.0355    35.0357     0.0001    27.4123    27.4123    168.846    169.162      0.549    1482.45    1482.45  0.000e+00
      10470    171.000     7.2449     7.2444    -0.0004    3.56213    3.56208          1     5.8426     5.7620      96.27     0.0299     0.1970  1.000e-12  0.2751000    35.0356    35.0355    -0.0000    27.4124    27.4124    169.341    169.658      0.530    1482.45    1482.45  0.000e+00
      10493    171.500     7.2427     7.2426    -0.0001    3.56195    3.56196          1     5.8478     5.7552      96.36     0.0399     0.2236  1.000e-12  0.2862000    35.0355    35.0357     0.0003    27.4126    27.4128    169.836    170.154      0.524    1482.45    1482.45  0.000e+00
      10516    172.000     7.2395     7.2400     0.0005    3.56168    3.56172          1     5.8460     5.7601      96.42     0.0484     0.2256  1.000e-12  0.2888000    35.0356    35.0356     0.0000    27.4131    27.4131    170.331    170.649      0.530    1482.45    1482.45  0.000e+00
      10538    172.500     7.2338     7.2351     0.0013    3.56114    3.56128          1     5.8545     5.7824      96.44     0.0483     0.2076  1.000e-12  0.2789000    35.0353    35.0354     0.0001    27.4137    27.4136    170.826    171.145      0.544    1482.44    1482.44  0.000e+00
      10560    173.000     7.2269     7.2278     0.0009    3.56048    3.56058          1     5.8627     5.7983      96.52     0.0492     0.2275  1.000e-12  0.2781000    35.0347    35.0349     0.0002    27.4143    27.4143    171.321    171.641      0.560    1482.42    1482.42  0.000e+00
      10581    173.500     7.2250     7.2256     0.0005    3.56033    3.56037          1     5.8652     5.8018      96.53     0.0428     0.1682  1.000e-12  0.2900000    35.0347    35.0346    -0.0001    27.4145    27.4144    171.816    172.136      0.565    1482.42    1482.42  0.000e+00
      10602    174.000     7.2113     7.2112    -0.0000    3.55905    3.55904          1     5.8710     5.8008      96.54     0.0483     0.1710  1.000e-12  0.2937000    35.0345    35.0344    -0.0001    27.4163    27.4162    172.311    172.632      0.545    1482.37    1482.37  0.000e+00
      10625    174.500     7.2039     7.2021    -0.0017    3.55838    3.55821          1     5.8815     5.8091      96.53     0.0527     0.2110  1.000e-12  0.3003000    35.0343    35.0342    -0.0001    27.4172    27.4174    172.806    173.128      0.512    1482.35    1482.34  0.000e+00
      10649    175.000     7.1929     7.1947     0.0017    3.55740    3.55755          1     5.8789     5.8110      96.64     0.0325     0.2243  1.000e-12  0.3164000    35.0344    35.0343    -0.0001    27.4188    27.4185    173.301    173.623      0.502    1482.32    1482.32  0.000e+00
      10673    175.500     7.1871     7.1879     0.0009    3.55684    3.55690          1     5.8914     5.8241      96.69     0.0209     0.1781  1.000e-12  0.3062000    35.0340    35.0337    -0.0002    27.4193    27.4190    173.796    174.119      0.527    1482.30    1482.31  0.000e+00
      10695    176.000     7.1673     7.1629    -0.0044    3.55489    3.55446          1     5.9211     5.8538      96.70     0.0473     0.1775  1.000e-12  0.3203000    35.0323    35.0321    -0.0002    27.4208    27.4213    174.291    174.615      0.558    1482.23    1482.22  0.000e+00
      10716    176.500     7.1452     7.1453     0.0001    3.55274    3.55275          1     5.9459     5.8704      96.73     0.0376     0.2591  1.000e-12  0.3214000    35.0309    35.0309     0.0000    27.4228    27.4228    174.786    175.110      0.568    1482.15    1482.15  0.000e+00
      10737    177.000     7.1405     7.1416     0.0011    3.55235    3.55245          1     5.9544     5.8715      96.79     0.0295     0.2038  1.000e-12  0.3130000    35.0312    35.0312     0.0000    27.4237    27.4236    175.280    175.606      0.555    1482.15    1482.15  0.000e+00
      10759    177.500     7.1397     7.1398     0.0002    3.55232    3.55232          1     5.9541     5.8673      96.78     0.0393     0.2077  1.000e-12  0.3117000    35.0315    35.0313    -0.0002    27.4240    27.4239    175.775    176.102      0.532    1482.15    1482.15  0.000e+00
      10782    178.000     7.1392     7.1397     0.0005    3.55228    3.55234          1     5.9455     5.8659      96.83     0.0271     0.2439  1.000e-12  0.3117000    35.0314    35.0315     0.0001    27.4240    27.4240    176.270    176.597      0.521    1482.16    1482.16  0.000e+00
      10805    178.500     7.1388     7.1403     0.0015    3.55226    3.55245          1     5.9433     5.8663      96.81     0.0143     0.2570  1.000e-12  0.3111000    35.0312    35.0317     0.0005    27.4240    27.4242    176.765    177.093      0.534    1482.16    1482.17  0.000e+00
      10827    179.000     7.1377     7.1383     0.0007    3.55219    3.55227          1     5.9508     5.8618      96.80     0.0373     0.2312  1.000e-12  0.3175000    35.0313    35.0316     0.0003    27.4242    27.4243    177.260    177.589      0.556    1482.17    1482.17  0.000e+00
      10849    179.500     7.1408     7.1410     0.0001    3.55257    3.55259          1     5.9527     5.8577      96.86     0.0277     0.2218  1.000e-12  0.3273000    35.0320    35.0322     0.0001    27.4243    27.4244    177.755    178.084      0.558    1482.19    1482.19  0.000e+00
      10870    180.000     7.1453     7.1462     0.0009    3.55313    3.55322          1     5.9421     5.8444      96.59     0.0609     0.1847  1.000e-12  0.3049000    35.0334    35.0334     0.0000    27.4248    27.4247    178.250    178.580      0.534    1482.22    1482.22  0.000e+00
      10894    180.500     7.1471     7.1476     0.0006    3.55336    3.55342          1     5.9302     5.8401      95.69     0.0659     0.2133  1.000e-12  0.3074000    35.0339    35.0340     0.0001    27.4249    27.4249    178.745    179.076      0.512    1482.23    1482.23  0.000e+00
      10917    181.000     7.1461     7.1462     0.0001    3.55330    3.55329          1     5.9257     5.8535      95.74     0.0447     0.2501  1.000e-12  0.3088000    35.0339    35.0338    -0.0002    27.4251    27.4250    179.240    179.571      0.524    1482.24    1482.24  0.000e+00
      10939    181.500     7.1445     7.1453     0.0008    3.55313    3.55322          1     5.9268     5.8603      95.78     0.0312     0.2304  1.000e-12  0.3200000    35.0335    35.0337     0.0002    27.4249    27.4250    179.735    180.067      0.545    1482.24    1482.24  0.000e+00
      10961    182.000     7.1456     7.1466     0.0010    3.55327    3.55338          1     5.9318     5.8630      95.92     0.0283     0.1726  1.000e-12  0.3154000    35.0337    35.0339     0.0002    27.4249    27.4250    180.230    180.563      0.548    1482.25    1482.26  0.000e+00
      10983    182.500     7.1443     7.1451     0.0007    3.55318    3.55323          1     5.9350     5.8656      97.00     0.0335     0.1487  1.000e-12  0.3258000    35.0337    35.0335    -0.0002    27.4251    27.4249    180.725    181.058      0.554    1482.26    1482.26  0.000e+00
      11005    183.000     7.1403     7.1415     0.0012    3.55274    3.55286          1     5.9385     5.8668      96.57     0.0449     0.1769  1.000e-12  0.3699000    35.0327    35.0327     0.0000    27.4249    27.4248    181.220    181.554      0.559    1482.25    1482.25  0.000e+00
      11026    183.500     7.1230     7.1237     0.0008    3.55100    3.55110          1     5.9423     5.8660      95.96     0.0400     0.2210  1.000e-12  0.3160000    35.0310    35.0313     0.0003    27.4260    27.4262    181.715    182.050      0.549    1482.18    1482.19  0.000e+00
      11048    184.000     7.1192     7.1203     0.0010    3.55063    3.55074          1     5.9462     5.8673      95.98     0.0465     0.2277  1.000e-12  0.3267000    35.0304    35.0306     0.0002    27.4261    27.4261    182.209    182.546      0.537    1482.18    1482.18  0.000e+00
      11071    184.500     7.1119     7.1093    -0.0027    3.54989    3.54965          1     5.9455     5.8724      96.64     0.0390     0.2313  1.000e-12  0.3274000    35.0295    35.0295    -0.0000    27.4264    27.4268    182.704    183.041      0.531    1482.16    1482.15  0.000e+00
      11093    185.000     7.1104     7.1100    -0.0004    3.54986    3.54978          1     5.9457     5.8709      97.34     0.0576     0.2377  1.000e-12  0.3234000    35.0304    35.0300    -0.0004    27.4274    27.4271    183.199    183.537      0.536    1482.16    1482.16  0.000e+00
      11116    185.500     7.1228     7.1195    -0.0032    3.55127    3.55093          1     5.9328     5.8576      97.36     0.0488     0.2190  1.000e-12  0.3193000    35.0331    35.0327    -0.0004    27.4277    27.4279    183.694    184.033      0.549    1482.22    1482.21  0.000e+00
      11137    186.000     7.1310     7.1286    -0.0025    3.55222    3.55199          1     5.9267     5.8513      97.41     0.0323     0.1776  1.000e-12  0.3229000    35.0349    35.0348    -0.0001    27.4280    27.4283    184.189    184.528      0.560    1482.26    1482.25  0.000e+00
      11158    186.500     7.1221     7.1241     0.0020    3.55132    3.55150          1     5.9288     5.8340      97.44     0.0333     0.2137  1.000e-12  0.3291000    35.0339    35.0338    -0.0001    27.4284    27.4281    184.684    185.024      0.564    1482.23    1482.24  0.000e+00
      11180    187.000     7.1379     7.1449     0.0071    3.55308    3.55384          1     5.9226     5.8120      97.54     0.0605     0.2031  1.000e-12  0.3351000    35.0369    35.0381     0.0012    27.4286    27.4286    185.179    185.520      0.558    1482.31    1482.33  0.000e+00
      11202    187.500     7.1480     7.1501     0.0021    3.55427    3.55449          1     5.8989     5.7976      97.55     0.0494     0.2038  1.000e-12  0.3407000    35.0394    35.0397     0.0003    27.4292    27.4291    185.674    186.015      0.547    1482.36    1482.37  0.000e+00
      11224    188.000     7.1610     7.1625     0.0015    3.55576    3.55592          1     5.8790     5.7892      97.58     0.0399     0.2332  1.000e-12  0.3452000    35.0423    35.0426     0.0003    27.4296    27.4296    186.169    186.511      0.546    1482.42    1482.43  0.000e+00
      11246    188.500     7.1608     7.1619     0.0011    3.55580    3.55591          1     5.8762     5.7942      97.56     0.0449     0.2754  1.000e-12  0.3405000    35.0428    35.0429     0.0001    27.4300    27.4299    186.664    187.007      0.546    1482.43    1482.43  0.000e+00
      11268    189.000     7.1593     7.1600     0.0007    3.55566    3.55575          1     5.8789     5.8023      97.57     0.0449     0.2755  1.000e-12  0.3379000    35.0425    35.0428     0.0003    27.4300    27.4301    187.158    187.502      0.541    1482.43    1482.43  0.000e+00
      11290    189.500     7.1540     7.1546     0.0006    3.55519    3.55522          1     5.8833     5.8042      97.57     0.0495     0.1452  1.000e-12  0.3358000    35.0424    35.0422    -0.0002    27.4307    27.4304    187.653    187.998      0.536    1482.42    1482.42  0.000e+00
      11312    190.000     7.1484     7.1509     0.0025    3.55462    3.55487          1     5.8832     5.7982      97.56     0.0653     0.1794  1.000e-12  0.3463000    35.0416    35.0418     0.0002    27.4308    27.4306    188.148    188.494      0.541    1482.40    1482.41  0.000e+00
      11334    190.500     7.1495     7.1498     0.0003    3.55476    3.55480          1     5.8793     5.7983      97.55     0.0572     0.2278  1.000e-12  0.3515000    35.0418    35.0419     0.0001    27.4308    27.4308    188.643    188.989      0.552    1482.42    1482.42  0.000e+00
      11356    191.000     7.1477     7.1493     0.0016    3.55462    3.55478          1     5.8820     5.8039      97.03     0.0281     0.2377  1.000e-12  0.3259000    35.0419    35.0421     0.0002    27.4311    27.4310    189.138    189.485      0.560    1482.42    1482.42  0.000e+00
      11377    191.500     7.1460     7.1479     0.0019    3.55448    3.55470          1     5.8836     5.8032      96.65     0.0347     0.2081  1.000e-12  0.3312000    35.0418    35.0423     0.0004    27.4313    27.4314    189.633    189.981      0.569    1482.42    1482.43  0.000e+00
      11398    192.000     7.1471     7.1474     0.0004    3.55465    3.55468          1     5.8794     5.8042      96.66     0.0318     0.2321  1.000e-12  0.3408000    35.0423    35.0422    -0.0001    27.4315    27.4314    190.128    190.476      0.570    1482.43    1482.43  0.000e+00
      11419    192.500     7.1471     7.1474     0.0003    3.55468    3.55470          1     5.8743     5.8050      96.70     0.0311     0.2244  1.000e-12  0.3354000    35.0423    35.0423    -0.0000    27.4315    27.4315    190.623    190.972      0.556    1482.44    1482.44  0.000e+00
      11441    193.000     7.1473     7.1479     0.0006    3.55474    3.55480          1     5.8712     5.8021      96.71     0.0393     0.2297  1.000e-12  0.3226000    35.0425    35.0426     0.0001    27.4317    27.4317    191.118    191.468      0.535    1482.45    1482.45  0.000e+00
      11464    193.500     7.1510     7.1522     0.0012    3.55530    3.55541          1     5.8737     5.8027      96.75     0.0431     0.2084  1.000e-12  0.3271000    35.0448    35.0448    -0.0000    27.4329    27.4328    191.613    191.963      0.531    1482.47    1482.48  0.000e+00
      11486    194.000     7.1431     7.1446     0.0015    3.55462    3.55475          1     5.8765     5.8019      97.51     0.0163     0.1859  1.000e-12  0.3572000    35.0451    35.0450    -0.0001    27.4343    27.4340    192.107    192.459      0.545    1482.45    1482.46  0.000e+00
      11508    194.500     7.1164     7.1173     0.0009    3.55198    3.55207          1     5.8903     5.8140      98.09     0.0387     0.2080  1.000e-12  0.3825000    35.0430    35.0430     0.0000    27.4364    27.4363    192.602    192.955      0.563    1482.35    1482.36  0.000e+00
      11529    195.000     7.0936     7.0948     0.0012    3.54975    3.54984          1     5.9023     5.8312      98.17     0.0370     0.2320  1.000e-12  0.3585000    35.0413    35.0410    -0.0003    27.4383    27.4379    193.097    193.450      0.568    1482.27    1482.28  0.000e+00
