ctdpy/exports/archive_20191120_135557/received_data/SBE09_1044_20180130_0026_34_02_0033.cnv
* Sea-Bird SBE 9 Data File:
* FileName = C:\ctd\temp\2018\ME18D033.hex
* Software Version Seasave V 7.26.6.26
* Temperature SN = 5351
* Conductivity SN = 3941
* Number of Bytes Per Scan = 41
* Number of Voltage Words = 4
* Number of Scans Averaged by the Deck Unit = 1
* NMEA Latitude = 59 02.50 N
* NMEA Longitude = 021 06.01 E
* NMEA UTC (Time) = Jan 30 2018  00:27:04
* NMEA baud rate = 4800
** Station:  BY28
** Operator:  SSip
** Ship: MERI
** Average sound velocity: 1442.41 m/s
** True-depth calculation Tue, 30 Jan 2018 08:21:14 +0000
** CTD Python Module SMHI /ver 3-12/ feb 2012 
** LIMS Job: 20183402-0033
** Cruise: SMHI-01-2018
** Latitude [GG MM.mm N] :
** Longitude [GG MM.mm E]:
# nquan = 26
# nvalues = 371                         
# units = specified
# name 0 = scan: Scan Count
# name 1 = prDM: Pressure, Digiquartz [db]
# name 2 = t090C: Temperature [ITS-90, deg C]
# name 3 = t190C: Temperature, 2 [ITS-90, deg C]
# name 4 = T2-T190C: Temperature Difference, 2 - 1 [ITS-90, deg C]
# name 5 = c0S/m: Conductivity [S/m]
# name 6 = c1S/m: Conductivity, 2 [S/m]
# name 7 = pumps: Pump Status
# name 8 = sbeox0ML/L: Oxygen, SBE 43 [ml/l]
# name 9 = sbeox1ML/L: Oxygen, SBE 43, 2 [ml/l]
# name 10 = altM: Altimeter [m]
# name 11 = flECO-AFL: Chl-a Fluorescence, WET Labs ECO-AFL/FL [mg/m^3]
# name 12 = flECO-AFL1: Phycocyanin Fluorescence, WET Labs ECO-AFL/FL, 2 [mg/m^3]
# name 13 = par: PAR/Irradiance, Biospherical/Lico [µE/(cm^2*s)]
# name 14 = turbWETntu0: Turbidity, WET Labs ECO [NTU]
# name 15 = sal00: Salinity, Practical [PSU]
# name 16 = sal11: Salinity, Practical, 2 [PSU]
# name 17 = secS-priS: Salinity, Practical, Difference, 2 - 1 [PSU]
# name 18 = sigma-t00: Density [sigma-t, Kg/m^3 ]
# name 19 = sigma-t11: Density, 2 [sigma-t, Kg/m^3 ]
# name 20 = depSM: Depth [salt water, m], lat = 59.0417
# name 21 = depFM: Depth [true depth, m], lat = 59.0417
# name 22 = dz/dtM: Descent Rate [m/s], WS = 2
# name 23 = svCM: Sound Velocity [Chen-Millero, m/s]
# name 24 = svCM1: Sound Velocity, 2 [Chen-Millero, m/s]
# name 25 = flag: flag
# span 0 =       6447,      14614       
# span 1 =      2.000,    187.000       
# span 2 =     4.4605,     6.3419       
# span 3 =     4.4611,     6.3423       
# span 4 =    -0.0215,     0.0057       
# span 5 =   0.771640,   1.260958       
# span 6 =   0.771653,   1.260952       
# span 7 =          1,          1       
# span 8 =    0.01204,    8.16266       
# span 9 =    0.03313,    8.18946       
# span 10 =       3.31,     129.83      
# span 11 =     0.2638,     0.4318      
# span 12 =     0.2650,     0.6638      
# span 13 = -5.664e-05, 6.9940e-02      
# span 14 =     0.1511,     1.0653      
# span 15 =     7.2110,    11.5407      
# span 16 =     7.2107,    11.5406      
# span 17 =    -0.0118,     0.0008      
# span 18 =     5.7199,     9.0432      
# span 19 =     5.7196,     9.0430      
# span 20 =      1.981,    185.167      
# span 21 =      2.025,    189.043      
# span 22 =      0.077,      0.776      
# span 23 =    1433.13,    1449.69      
# span 24 =    1433.14,    1449.69      
# span 25 = 0.0000e+00, 0.0000e+00      
# interval = decibars: 0.5              
# start_time = Jan 30 2018 00:27:05 [NMEA time, first data scan]
# bad_flag = -9.990e-29
*END*
[from data line 223]
      11327    113.500     6.2909     6.2911     0.0002    1.24649    1.24647          1     0.0399     0.0744      80.74     0.3562     0.3249  1.000e-12  0.7301000    11.4283    11.4281    -0.0002     8.9583     8.9581    112.408    114.848      0.574    1448.15    1448.16  0.000e+00
      11347    114.000     6.2917     6.2919     0.0002    1.24673    1.24670          1     0.0405     0.0756      80.20     0.3466     0.3326  1.000e-12  0.7150000    11.4303    11.4300    -0.0004     8.9598     8.9595    112.903    115.353      0.625    1448.17    1448.17  0.000e+00
      11365    114.500     6.2923     6.2925     0.0002    1.24684    1.24681          1     0.0379     0.0753      79.71     0.3364     0.3187  1.000e-12  0.7053000    11.4312    11.4308    -0.0003     8.9604     8.9602    113.398    115.858      0.616    1448.18    1448.18  0.000e+00
      11386    115.000     6.2929     6.2930     0.0002    1.24698    1.24696          1     0.0377     0.0720      79.20     0.3403     0.3376  1.000e-12  0.7125000    11.4323    11.4319    -0.0003     8.9613     8.9610    113.893    116.363      0.525    1448.19    1448.19  0.000e+00
      11412    115.500     6.2932     6.2933     0.0002    1.24709    1.24706          1     0.0397     0.0705      78.65     0.3326     0.3317  1.000e-12  0.7169000    11.4331    11.4328    -0.0003     8.9619     8.9616    114.388    116.867      0.461    1448.20    1448.20  0.000e+00
      11437    116.000     6.2942     6.2942    -0.0000    1.24730    1.24726          1     0.0374     0.0739      78.18     0.3211     0.3436  1.000e-12  0.7148000    11.4348    11.4343    -0.0005     8.9632     8.9628    114.883    117.372      0.542    1448.22    1448.22  0.000e+00
      11457    116.500     6.2963     6.2964     0.0001    1.24784    1.24780          1     0.0349     0.0698      77.68     0.3239     0.3531  1.000e-12  0.7177000    11.4393    11.4389    -0.0004     8.9666     8.9662    115.378    117.877      0.631    1448.24    1448.24  0.000e+00
      11475    117.000     6.2977     6.2978     0.0002    1.24807    1.24805          1     0.0345     0.0686      77.33     0.3333     0.3339  1.000e-12  0.7198000    11.4410    11.4408    -0.0003     8.9678     8.9676    115.873    118.382      0.670    1448.26    1448.26  0.000e+00
      11493    117.500     6.2989     6.2991     0.0002    1.24824    1.24822          1     0.0377     0.0700      76.88     0.3527     0.3574  1.000e-12  0.7409000    11.4423    11.4420    -0.0003     8.9687     8.9685    116.368    118.886      0.678    1448.27    1448.27  0.000e+00
      11510    118.000     6.2997     6.2999     0.0003    1.24836    1.24834          1     0.0384     0.0703      76.37     0.3539     0.3443  1.000e-12  0.7430000    11.4431    11.4428    -0.0002     8.9693     8.9691    116.863    119.391      0.644    1448.28    1448.28  0.000e+00
      11531    118.500     6.3009     6.3010     0.0001    1.24868    1.24865          1     0.0360     0.0674      75.99     0.3460     0.3059  1.000e-12  0.7374000    11.4458    11.4454    -0.0003     8.9713     8.9711    117.358    119.896      0.536    1448.30    1448.30  0.000e+00
      11557    119.000     6.3016     6.3019     0.0003    1.24904    1.24902          1     0.0361     0.0679      75.61     0.3458     0.3087  1.000e-12  0.7290000    11.4490    11.4487    -0.0003     8.9738     8.9736    117.853    120.401      0.425    1448.31    1448.32  0.000e+00
      11585    119.500     6.3023     6.3024     0.0002    1.24935    1.24932          1     0.0340     0.0644      75.14     0.3502     0.2915  1.000e-12  0.7164000    11.4518    11.4514    -0.0004     8.9760     8.9756    118.348    120.905      0.484    1448.33    1448.33  0.000e+00
      11607    120.000     6.3026     6.3028     0.0002    1.24949    1.24946          1     0.0318     0.0668      74.52     0.3575     0.3669  1.000e-12  0.7047000    11.4529    11.4526    -0.0004     8.9768     8.9765    118.843    121.410      0.598    1448.34    1448.34  0.000e+00
      11626    120.500     6.3026     6.3028     0.0003    1.24957    1.24955          1     0.0337     0.0672      73.96     0.3329     0.3372  1.000e-12  0.6826000    11.4536    11.4534    -0.0002     8.9774     8.9772    119.338    121.915      0.659    1448.35    1448.35  0.000e+00
      11644    121.000     6.3025     6.3028     0.0003    1.24964    1.24962          1     0.0347     0.0663      73.42     0.3335     0.3262  1.000e-12  0.7111000    11.4543    11.4540    -0.0003     8.9779     8.9777    119.833    122.420      0.665    1448.36    1448.36  0.000e+00
      11662    121.500     6.3025     6.3027     0.0003    1.24972    1.24970          1     0.0321     0.0639      72.89     0.3368     0.3210  1.000e-12  0.7144000    11.4550    11.4547    -0.0003     8.9785     8.9782    120.328    122.924      0.633    1448.36    1448.37  0.000e+00
      11682    122.000     6.3026     6.3029     0.0002    1.24982    1.24980          1     0.0316     0.0643      72.31     0.3452     0.3186  1.000e-12  0.6818000    11.4558    11.4555    -0.0003     8.9791     8.9789    120.823    123.429      0.578    1448.37    1448.38  0.000e+00
      11704    122.500     6.3028     6.3030     0.0002    1.24987    1.24984          1     0.0339     0.0645      71.81     0.3224     0.3311  1.000e-12  0.6664000    11.4562    11.4558    -0.0004     8.9793     8.9791    121.318    123.934      0.490    1448.38    1448.38  0.000e+00
      11732    123.000     6.3028     6.3030     0.0002    1.24988    1.24986          1     0.0340     0.0656      71.19     0.3589     0.3466  1.000e-12  0.6717000    11.4562    11.4559    -0.0004     8.9794     8.9791    121.813    124.439      0.425    1448.39    1448.39  0.000e+00
      11759    123.500     6.3029     6.3030     0.0001    1.24992    1.24989          1     0.0330     0.0641      70.73     0.3702     0.3217  1.000e-12  0.6644000    11.4564    11.4561    -0.0003     8.9795     8.9793    122.308    124.943      0.544    1448.40    1448.40  0.000e+00
      11778    124.000     6.3031     6.3033     0.0003    1.24999    1.24997          1     0.0333     0.0624      70.19     0.3214     0.3186  1.000e-12  0.6788000    11.4570    11.4567    -0.0003     8.9800     8.9798    122.803    125.448      0.679    1448.41    1448.41  0.000e+00
      11794    124.500     6.3033     6.3037     0.0004    1.25008    1.25004          1     0.0319     0.0627      69.69     0.3408     0.3211  1.000e-12  0.6611000    11.4577    11.4572    -0.0004     8.9805     8.9802    123.298    125.953      0.711    1448.42    1448.42  0.000e+00
      11811    125.000     6.3046     6.3049     0.0003    1.25023    1.25020          1     0.0333     0.0624      69.11     0.3572     0.3771  1.000e-12  0.6526000    11.4587    11.4583    -0.0004     8.9812     8.9809    123.794    126.457      0.649    1448.43    1448.44  0.000e+00
      11832    125.500     6.3058     6.3060     0.0002    1.25040    1.25038          1     0.0328     0.0619      68.52     0.3460     0.3607  1.000e-12  0.7073000    11.4598    11.4596    -0.0003     8.9821     8.9818    124.289    126.962      0.527    1448.45    1448.45  0.000e+00
      11858    126.000     6.3065     6.3068     0.0003    1.25057    1.25055          1     0.0298     0.0568      67.94     0.3462     0.3191  1.000e-12  0.6791000    11.4612    11.4609    -0.0003     8.9831     8.9828    124.784    127.467      0.457    1448.46    1448.46  0.000e+00
      11884    126.500     6.3075     6.3078     0.0002    1.25076    1.25074          1     0.0307     0.0639      67.49     0.3588     0.3136  1.000e-12  0.6646000    11.4627    11.4623    -0.0003     8.9842     8.9839    125.279    127.972      0.514    1448.48    1448.48  0.000e+00
      11905    127.000     6.3071     6.3075     0.0004    1.25080    1.25077          1     0.0287     0.0601      67.10     0.3698     0.3384  1.000e-12  0.6889000    11.4631    11.4626    -0.0004     8.9845     8.9841    125.774    128.476      0.602    1448.48    1448.48  0.000e+00
      11924    127.500     6.3081     6.3080    -0.0000    1.25094    1.25087          1     0.0305     0.0566      66.70     0.3627     0.3668  1.000e-12  0.6739000    11.4641    11.4634    -0.0007     8.9852     8.9847    126.269    128.981      0.636    1448.50    1448.49  0.000e+00
      11943    128.000     6.3085     6.3087     0.0003    1.25100    1.25099          1     0.0306     0.0589      66.17     0.3580     0.3365  1.000e-12  0.6679000    11.4645    11.4642    -0.0002     8.9855     8.9853    126.764    129.486      0.602    1448.51    1448.51  0.000e+00
      11964    128.500     6.3080     6.3085     0.0004    1.25095    1.25095          1     0.0281     0.0602      65.54     0.3554     0.3350  1.003e-12  0.6732000    11.4640    11.4639    -0.0001     8.9852     8.9850    127.259    129.991      0.541    1448.51    1448.51  0.000e+00
      11987    129.000     6.3079     6.3085     0.0005    1.25095    1.25096          1     0.0277     0.0600      64.97     0.3334     0.3326  7.098e-06  0.6775000    11.4639    11.4638    -0.0001     8.9851     8.9850    127.754    130.495      0.525    1448.52    1448.52  0.000e+00
      12009    129.500     6.3090     6.3092     0.0002    1.25109    1.25106          1     0.0312     0.0573      64.48     0.3459     0.3475 -5.352e-08  0.6585000    11.4648    11.4645    -0.0004     8.9857     8.9854    128.249    131.000      0.570    1448.53    1448.53  0.000e+00
      12029    130.000     6.3091     6.3096     0.0005    1.25110    1.25110          1     0.0276     0.0543      63.98     0.3458     0.3629  1.001e-12  0.6791000    11.4648    11.4647    -0.0001     8.9858     8.9856    128.744    131.505      0.581    1448.54    1448.54  0.000e+00
      12051    130.500     6.3089     6.3090     0.0001    1.25109    1.25103          1     0.0296     0.0598      63.52     0.3525     0.3652  1.000e-12  0.6741000    11.4647    11.4641    -0.0006     8.9857     8.9852    129.239    132.010      0.546    1448.55    1448.55  0.000e+00
      12073    131.000     6.3092     6.3094     0.0002    1.25114    1.25110          1     0.0271     0.0598      63.03     0.3473     0.3236  1.000e-12  0.6690000    11.4650    11.4646    -0.0005     8.9859     8.9855    129.734    132.514      0.517    1448.56    1448.56  0.000e+00
      12097    131.500     6.3102     6.3105     0.0003    1.25130    1.25128          1     0.0285     0.0592      62.52     0.3425     0.3194  1.000e-12  0.6796000    11.4661    11.4659    -0.0003     8.9867     8.9865    130.229    133.019      0.512    1448.57    1448.57  0.000e+00
      12120    132.000     6.3107     6.3109     0.0003    1.25138    1.25135          1     0.0266     0.0538      62.06     0.3549     0.3506  1.000e-12  0.6848000    11.4667    11.4664    -0.0003     8.9871     8.9868    130.724    133.524      0.536    1448.58    1448.58  0.000e+00
      12142    132.500     6.3112     6.3115     0.0003    1.25151    1.25148          1     0.0264     0.0573      61.43     0.3476     0.3807  1.000e-12  0.6726000    11.4677    11.4673    -0.0004     8.9879     8.9875    131.219    134.028      0.548    1448.59    1448.60  0.000e+00
      12164    133.000     6.3116     6.3119     0.0003    1.25158    1.25156          1     0.0272     0.0566      60.88     0.3706     0.3963  1.000e-12  0.6845000    11.4682    11.4679    -0.0003     8.9882     8.9879    131.714    134.533      0.557    1448.60    1448.61  0.000e+00
      12185    133.500     6.3117     6.3120     0.0003    1.25163    1.25161          1     0.0250     0.0525      60.37     0.3702     0.3929  1.000e-12  0.6747000    11.4685    11.4682    -0.0003     8.9885     8.9882    132.209    135.038      0.590    1448.61    1448.61  0.000e+00
      12205    134.000     6.3119     6.3122     0.0003    1.25167    1.25166          1     0.0281     0.0552      59.82     0.3628     0.3649  1.000e-12  0.6781000    11.4688    11.4686    -0.0002     8.9887     8.9885    132.704    135.543      0.605    1448.62    1448.62  0.000e+00
      12225    134.500     6.3120     6.3122     0.0002    1.25169    1.25167          1     0.0243     0.0557      59.37     0.3632     0.3524  1.000e-12  0.6854000    11.4689    11.4686    -0.0003     8.9887     8.9885    133.199    136.047      0.556    1448.63    1448.63  0.000e+00
      12249    135.000     6.3119     6.3123     0.0003    1.25172    1.25169          1     0.0242     0.0570      58.72     0.3580     0.3665  1.000e-12  0.6877000    11.4690    11.4687    -0.0004     8.9889     8.9886    133.694    136.552      0.462    1448.64    1448.64  0.000e+00
      12277    135.500     6.3119     6.3122     0.0002    1.25172    1.25170          1     0.0273     0.0501      58.20     0.3478     0.3508  1.000e-12  0.6887000    11.4690    11.4687    -0.0003     8.9888     8.9886    134.189    137.057      0.457    1448.65    1448.65  0.000e+00
      12300    136.000     6.3118     6.3122     0.0003    1.25173    1.25170          1     0.0253     0.0560      57.77     0.3671     0.3449  1.000e-12  0.6851000    11.4690    11.4686    -0.0004     8.9888     8.9885    134.684    137.562      0.575    1448.65    1448.66  0.000e+00
      12319    136.500     6.3119     6.3122     0.0002    1.25173    1.25171          1     0.0264     0.0547      57.44     0.3579     0.3457  1.000e-12  0.7019000    11.4689    11.4686    -0.0003     8.9888     8.9885    135.179    138.066      0.681    1448.66    1448.66  0.000e+00
      12336    137.000     6.3119     6.3122     0.0003    1.25175    1.25171          1     0.0253     0.0551      57.00     0.3580     0.3351  1.000e-12  0.6963000    11.4690    11.4685    -0.0004     8.9888     8.9884    135.674    138.571      0.701    1448.67    1448.67  0.000e+00
      12353    137.500     6.3119     6.3122     0.0003    1.25175    1.25172          1     0.0242     0.0526      56.45     0.3480     0.3253  1.000e-12  0.6882000    11.4689    11.4686    -0.0003     8.9888     8.9885    136.169    139.076      0.607    1448.68    1448.68  0.000e+00
      12378    138.000     6.3118     6.3122     0.0003    1.25177    1.25172          1     0.0259     0.0527      55.83     0.3541     0.3268  1.000e-12  0.6797000    11.4690    11.4685    -0.0006     8.9889     8.9884    136.664    139.581      0.434    1448.69    1448.69  0.000e+00
      12408    138.500     6.3119     6.3121     0.0002    1.25176    1.25173          1     0.0255     0.0543      55.19     0.3693     0.3246  1.000e-12  0.6878000    11.4689    11.4684    -0.0004     8.9887     8.9884    137.159    140.085      0.440    1448.69    1448.70  0.000e+00
      12432    139.000     6.3119     6.3122     0.0003    1.25177    1.25175          1     0.0254     0.0517      54.73     0.3578     0.3213  1.000e-12  0.6831000    11.4689    11.4686    -0.0003     8.9887     8.9885    137.654    140.590      0.575    1448.70    1448.70  0.000e+00
      12451    139.500     6.3120     6.3123     0.0003    1.25180    1.25178          1     0.0259     0.0509      54.30     0.3586     0.3200  1.000e-12  0.6801000    11.4690    11.4687    -0.0003     8.9888     8.9886    138.149    141.095      0.638    1448.71    1448.71  0.000e+00
      12470    140.000     6.3121     6.3124     0.0003    1.25183    1.25180          1     0.0253     0.0517      53.78     0.3580     0.3220  1.000e-12  0.6891000    11.4692    11.4688    -0.0004     8.9889     8.9886    138.644    141.599      0.631    1448.72    1448.72  0.000e+00
      12489    140.500     6.3122     6.3125     0.0003    1.25187    1.25187          1     0.0231     0.0515      53.17     0.3484     0.3228  1.000e-12  0.6847000    11.4695    11.4693    -0.0001     8.9892     8.9891    139.139    142.104      0.594    1448.73    1448.73  0.000e+00
