ctdpy/exports/archive_20191120_135557/received_data/SBE09_1044_20180526_1650_34_07_0026.cnv
* Sea-Bird SBE 9 Data File:
* FileName = C:\ctd\temp\2018\AU18D026.hex
* Software Version Seasave V 7.26.6.26
* Temperature SN = 5351
* Conductivity SN = 3941
* Number of Bytes Per Scan = 41
* Number of Voltage Words = 4
* Number of Scans Averaged by the Deck Unit = 1
* NMEA Latitude = 57 52.01 N
* NMEA Longitude = 011 17.49 E
* NMEA UTC (Time) = May 26 2018  16:50:08
* NMEA baud rate = 4800
** Station:  P2
** Operator:  JKro
** Ship: AURA
** Average sound velocity: 1479.36 m/s
** True-depth calculation Sat, 26 May 2018 18:04:26 +0000
** CTD Python Module SMHI /ver 3-12/ feb 2012 
** LIMS Job: 20183407-0026
** Cruise: SMHI-02-2018
** Latitude [GG MM.mm N] :
** Longitude [GG MM.mm E]:
# nquan = 26
# nvalues = 179                         
# units = specified
# name 0 = scan: Scan Count
# name 1 = prDM: Pressure, Digiquartz [db]
# name 2 = t090C: Temperature [ITS-90, deg C]
# name 3 = t190C: Temperature, 2 [ITS-90, deg C]
# name 4 = T2-T190C: Temperature Difference, 2 - 1 [ITS-90, deg C]
# name 5 = c0S/m: Conductivity [S/m]
# name 6 = c1S/m: Conductivity, 2 [S/m]
# name 7 = pumps: Pump Status
# name 8 = sbeox0ML/L: Oxygen, SBE 43 [ml/l]
# name 9 = sbeox1ML/L: Oxygen, SBE 43, 2 [ml/l]
# name 10 = altM: Altimeter [m]
# name 11 = flECO-AFL: Chl-a Fluorescence, WET Labs ECO-AFL/FL [mg/m^3]
# name 12 = flECO-AFL1: Phycocyanin Fluorescence, WET Labs ECO-AFL/FL, 2 [mg/m^3]
# name 13 = par: PAR/Irradiance, Biospherical/Lico [µE/(cm^2*s)]
# name 14 = turbWETntu0: Turbidity, WET Labs ECO [NTU]
# name 15 = sal00: Salinity, Practical [PSU]
# name 16 = sal11: Salinity, Practical, 2 [PSU]
# name 17 = secS-priS: Salinity, Practical, Difference, 2 - 1 [PSU]
# name 18 = sigma-t00: Density [sigma-t, Kg/m^3 ]
# name 19 = sigma-t11: Density, 2 [sigma-t, Kg/m^3 ]
# name 20 = depSM: Depth [salt water, m], lat = 57.8668
# name 21 = depFM: Depth [true depth, m], lat = 57.8668
# name 22 = dz/dtM: Descent Rate [m/s], WS = 2
# name 23 = svCM: Sound Velocity [Chen-Millero, m/s]
# name 24 = svCM1: Sound Velocity, 2 [Chen-Millero, m/s]
# name 25 = flag: flag
# span 0 =       9718,      14643       
# span 1 =      1.000,     90.000       
# span 2 =     5.9852,    19.1449       
# span 3 =     5.9884,    19.1551       
# span 4 =    -0.3363,     0.3140       
# span 5 =   2.576279,   3.685760       
# span 6 =   2.578072,   3.685871       
# span 7 =          1,          1       
# span 8 =    5.39320,    7.14481       
# span 9 =    5.35147,    7.20475       
# span 10 =       3.96,     117.75      
# span 11 =     0.0934,     2.5723      
# span 12 =     0.1505,     0.4963      
# span 13 = 1.0000e-12, 2.9794e+03      
# span 14 =     0.2254,     1.8227      
# span 15 =    18.1631,    34.9064      
# span 16 =    18.1932,    34.9049      
# span 17 =    -0.7830,     0.1748      
# span 18 =    12.1731,    27.4323      
# span 19 =    12.2004,    27.4307      
# span 20 =      0.991,     89.148      
# span 21 =      1.006,     89.423      
# span 22 =     -0.161,      0.522      
# span 23 =    1474.91,    1500.26      
# span 24 =    1474.93,    1500.34      
# span 25 = 0.0000e+00, 0.0000e+00      
# interval = decibars: 0.5              
# start_time = May 26 2018 16:50:08 [NMEA time, first data scan]
# bad_flag = -9.990e-29
*END*
       9718      1.000    18.9822    19.0657     0.0835    2.59870    2.61532          1     6.1124     6.0987     117.75     0.5705     0.2597  2.979e+03  0.2497000    18.2034    18.2945     0.0912    12.2365    12.2866      0.991      1.006      0.126    1499.79    1500.14  0.000e+00
       9782      1.500    19.0706    19.0434    -0.0274    2.60173    2.60999          1     6.1117     6.1059      19.14     0.5746     0.2581  1.569e+03  0.2306000    18.1881    18.2633     0.0752    12.2047    12.2680      1.486      1.509      0.323    1500.04    1500.05  0.000e+00
       9826      2.000    19.0688    19.0744     0.0055    2.60147    2.60875          1     6.1158     6.0917     103.48     0.5799     0.2252  3.635e+02  0.2436000    18.1868    18.2402     0.0534    12.2041    12.2433      1.981      2.012      0.418    1500.04    1500.12  0.000e+00
       9851      2.500    19.1449    19.1465     0.0017    2.60391    2.61025          1     6.1192     6.1051      98.57     0.5864     0.2136  4.693e+02  0.2385000    18.1724    18.2202     0.0479    12.1758    12.2117      2.477      2.516      0.396    1500.26    1500.32  0.000e+00
       9885      3.000    19.1422    19.1551     0.0128    2.60322    2.60915          1     6.2226     6.1948      98.63     0.6091     0.2432  3.541e+02  0.2462000    18.1681    18.2079     0.0399    12.1731    12.2004      2.972      3.019      0.349    1500.26    1500.34  0.000e+00
       9921      3.500    19.0478    19.0894     0.0408    2.59723    2.60351          1     6.0870     6.1555      98.63     0.6267     0.2643  3.225e+02  0.2440000    18.1631    18.1932     0.0301    12.1909    12.2042      3.468      3.522      0.326    1499.98    1500.14  0.000e+00
       9953      4.000    17.9299    17.7905    -0.1382    2.57628    2.57904          1     6.3483     6.5023      98.63     0.6804     0.1996  2.893e+02  0.2279000    18.4965    18.5807     0.0842    12.6926    12.7874      3.963      4.025      0.393    1496.96    1496.63  0.000e+00
       9987      4.500    17.2426    17.2402    -0.0025    2.62557    2.63221          1     6.7033     6.7922      98.63     0.8797     0.2503  2.775e+02  0.2300000    19.2035    19.2580     0.0544    13.3802    13.4222      4.458      4.528      0.340    1495.65    1495.70  0.000e+00
      10020      5.000    16.8165    16.8163    -0.0002    2.69576    2.69898          1     6.6056     6.7514      98.63     1.1489     0.2672  2.574e+02  0.2533000    19.9775    20.0037     0.0263    14.0602    14.0803      4.954      5.030      0.414    1495.20    1495.22  0.000e+00
      10047      5.500    15.5976    15.5067    -0.0905    2.68398    2.68164          1     6.6003     6.9709      98.63     1.3989     0.3227  2.306e+02  0.2605000    20.4954    20.5231     0.0276    14.7049    14.7437      5.449      5.532      0.478    1491.89    1491.62  0.000e+00
      10071      6.000    13.6477    13.3127    -0.3363    2.59613    2.57807          1     6.7531     7.1413      98.64     1.4767     0.3073  2.162e+02  0.2679000    20.7718    20.7943     0.0225    15.2853    15.3624      5.944      6.034      0.481    1485.72    1484.60  0.000e+00
      10097      6.500    13.0459    12.8950    -0.1518    2.60636    2.59283          1     6.7882     7.1319      98.63     1.4741     0.3113  1.668e+02  0.2662000    21.1967    21.1566    -0.0401    15.7192    15.7149      6.440      6.535      0.453    1484.16    1483.59  0.000e+00
      10124      7.000    11.8104    11.8685     0.0569    2.64508    2.65329          1     7.0508     7.2047      98.64     1.5514     0.3215  1.558e+02  0.2572000    22.2563    22.2992     0.0429    16.7459    16.7692      6.935      7.036      0.467    1481.08    1481.34  0.000e+00
      10148      7.500    11.7776    11.7600    -0.0129    2.63029    2.64351          1     7.1448     7.1257      98.63     1.6764     0.3132  1.219e+02  0.2903000    22.1403    22.2720     0.1316    16.6614    16.7661      7.430      7.537      0.503    1480.84    1480.93  0.000e+00
      10172      8.000    12.1906    12.1564    -0.0353    2.63118    2.64810          1     7.0877     7.0063      98.63     1.6561     0.3827  1.161e+02  0.2768000    21.9040    22.0788     0.1748    16.4110    16.5517      7.926      8.038      0.497    1482.03    1482.12  0.000e+00
      10197      8.500    12.0929    12.0289    -0.0630    2.65437    2.65539          1     7.0882     7.0212      98.63     1.6777     0.3112  9.484e+01  0.2844000    22.1737    22.2211     0.0474    16.6356    16.6828      8.421      8.539      0.471    1482.01    1481.84  0.000e+00
      10223      9.000    11.9735    12.0444     0.0701    2.67344    2.66484          1     7.0635     7.0198      98.63     1.6446     0.3797  8.094e+01  0.2734000    22.4198    22.2987    -0.1212    16.8456    16.7402      8.916      9.040      0.459    1481.89    1482.00  0.000e+00
      10249      9.500    11.8245    11.8172    -0.0074    2.67542    2.67263          1     7.1061     7.0430      98.63     1.6546     0.3535  7.530e+01  0.2712000    22.5278    22.5063    -0.0215    16.9536    16.9382      9.412      9.541      0.464    1481.50    1481.45  0.000e+00
      10274     10.000    11.6351    11.6181    -0.0171    2.67323    2.67524          1     7.0603     7.0211      98.63     1.6921     0.3112  5.953e+01  0.2896000    22.6219    22.6510     0.0291    17.0572    17.0825      9.907     10.042      0.485    1480.94    1480.92  0.000e+00
      10298     10.500    11.4605    11.4821     0.0216    2.68658    2.68600          1     7.0684     7.0063      98.63     1.7198     0.3097  5.152e+01  0.2843000    22.8538    22.8346    -0.0192    17.2649    17.2466     10.403     10.542      0.506    1480.60    1480.66  0.000e+00
      10322     11.000    11.0332    11.1123     0.0798    2.70989    2.70669          1     6.9143     6.9958      98.63     1.7761     0.3664  4.534e+01  0.2929000    23.3394    23.2606    -0.0787    17.7089    17.6352     10.898     11.043      0.494    1479.65    1479.84  0.000e+00
      10347     11.500    10.6567    10.6940     0.0365    2.76153    2.75612          1     6.8079     6.8806      98.63     1.9108     0.3299  3.931e+01  0.3103000    24.0844    24.0061    -0.0783    18.3456    18.2790     11.393     11.543      0.480    1479.18    1479.22  0.000e+00
      10372     12.000    10.1169    10.4312     0.3140    2.82900    2.77034          1     6.7916     6.8010      98.63     2.0486     0.3500  3.524e+01  0.3048000    25.0972    24.3142    -0.7830    19.2152    18.5587     11.889     12.043      0.485    1478.44    1478.65  0.000e+00
      10396     12.500     9.5634     9.5977     0.0349    3.13828    3.11212          1     6.9773     6.9638      98.63     2.2089     0.3421  3.104e+01  0.3047000    28.5716    28.2828    -0.2888    22.0055    21.7751     12.384     12.542      0.506    1480.62    1480.40  0.000e+00
      10419     13.000     9.6852     9.6746    -0.0107    3.28778    3.28355          1     7.0170     6.8964      98.63     2.3363     0.3750  2.779e+01  0.3363000    29.9760    29.9422    -0.0338    23.0819    23.0572     12.879     13.040      0.514    1482.78    1482.70  0.000e+00
      10443     13.500    10.1391    10.1300    -0.0090    3.38527    3.38319          1     6.8805     6.6950      98.63     2.2952     0.4324  2.499e+01  0.3544000    30.5756    30.5624    -0.0132    23.4767    23.4679     13.375     13.538      0.501    1485.18    1485.13  0.000e+00
      10467     14.000    10.3455    10.3430    -0.0025    3.43495    3.43418          1     6.7511     6.5829      98.63     2.1733     0.4159  2.188e+01  0.3486000    30.8977    30.8922    -0.0056    23.6939    23.6900     13.870     14.035      0.485    1486.32    1486.31  0.000e+00
      10492     14.500    10.3861    10.3868     0.0006    3.46906    3.46552          1     6.6784     6.5385      98.63     2.1862     0.3716  1.952e+01  0.3549000    31.2034    31.1674    -0.0359    23.9252    23.8971     14.365     14.533      0.487    1486.85    1486.80  0.000e+00
      10517     15.000    10.3824    10.3844     0.0019    3.48649    3.48574          1     6.6382     6.5264      98.63     2.2631     0.4208  1.664e+01  0.3679000    31.3804    31.3712    -0.0091    24.0637    24.0563     14.861     15.030      0.502    1487.06    1487.05  0.000e+00
      10540     15.500    10.3794    10.3821     0.0027    3.49288    3.49259          1     6.5966     6.5005      83.00     2.3749     0.4503  1.459e+01  0.3800000    31.4466    31.4415    -0.0051    24.1158    24.1114     15.356     15.527      0.505    1487.13    1487.14  0.000e+00
      10564     16.000    10.3682    10.3716     0.0033    3.50093    3.50037          1     6.5231     6.4316      97.83     2.4713     0.4644  1.280e+01  0.3869000    31.5365    31.5281    -0.0084    24.1877    24.1806     15.851     16.025      0.486    1487.21    1487.21  0.000e+00
      10590     16.500    10.3607    10.3630     0.0023    3.51337    3.51343          1     6.4551     6.3369      98.63     2.4825     0.4372  1.135e+01  0.3868000    31.6674    31.6660    -0.0013    24.2909    24.2895     16.347     16.522      0.480    1487.35    1487.36  0.000e+00
      10614     17.000    10.4345    10.4320    -0.0025    3.54377    3.54343          1     6.3977     6.2501      98.63     2.4930     0.4963  1.007e+01  0.3729000    31.9068    31.9056    -0.0012    24.4650    24.4645     16.842     17.019      0.500    1487.91    1487.90  0.000e+00
      10638     17.500    10.6907    10.6881    -0.0027    3.60344    3.60323          1     6.2732     6.1182      98.63     2.5723     0.4601  8.780e+00  0.3718000    32.2763    32.2766     0.0002    24.7091    24.7097     17.337     17.516      0.513    1489.28    1489.27  0.000e+00
      10661     18.000    10.9516    10.9454    -0.0062    3.65444    3.65396          1     6.1516     6.0359      98.63     2.3542     0.4335  7.731e+00  0.3420000    32.5518    32.5525     0.0007    24.8781    24.8797     17.833     18.013      0.499    1490.55    1490.52  0.000e+00
      10686     18.500    11.0187    11.0194     0.0008    3.67106    3.67098          1     6.1388     6.0695      83.69     1.8304     0.3961  6.901e+00  0.2959000    32.6566    32.6552    -0.0014    24.9478    24.9466     18.328     18.510      0.479    1490.92    1490.92  0.000e+00
      10711     19.000    11.0682    11.0694     0.0011    3.68334    3.68336          1     6.1792     6.1246      95.20     1.5432     0.3337  6.155e+00  0.3107000    32.7338    32.7329    -0.0009    24.9991    24.9982     18.823     19.007      0.483    1491.19    1491.20  0.000e+00
      10735     19.500    11.0326    11.0362     0.0035    3.68576    3.68587          1     6.1459     6.1281      95.76     1.3344     0.3093  5.511e+00  0.2723000    32.7893    32.7872    -0.0021    25.0486    25.0464     19.319     19.504      0.500    1491.14    1491.15  0.000e+00
      10759     20.000    10.7149    10.7245     0.0098    3.66303    3.66322          1     6.1831     6.2559      86.21     1.1910     0.2736  4.930e+00  0.2619000    32.8478    32.8411    -0.0068    25.1499    25.1429     19.814     20.000      0.501    1490.10    1490.12  0.000e+00
      10783     20.500    10.0624    10.0685     0.0061    3.61601    3.61605          1     6.3633     6.4953      98.54     0.9670     0.2482  4.471e+00  0.2618000    32.9654    32.9603    -0.0051    25.3529    25.3479     20.309     20.497      0.491    1487.91    1487.93  0.000e+00
      10808     21.000     9.5338     9.5332    -0.0009    3.57465    3.57498          1     6.5243     6.6385      94.69     0.6611     0.2499  4.070e+00  0.2440000    33.0276    33.0316     0.0039    25.4888    25.4919     20.805     20.994      0.492    1486.08    1486.08  0.000e+00
      10832     21.500     9.1284     9.1288     0.0005    3.54199    3.54261          1     6.6583     6.7258      80.55     0.5140     0.2250  3.727e+00  0.2269000    33.0651    33.0711     0.0060    25.5829    25.5876     21.300     21.490      0.502    1484.65    1484.66  0.000e+00
      10856     22.000     8.7934     8.8002     0.0069    3.51375    3.51461          1     6.6080     6.6100      98.79     0.4654     0.2341  3.409e+00  0.2327000    33.0825    33.0852     0.0027    25.6489    25.6500     21.795     21.987      0.506    1483.44    1483.47  0.000e+00
      10880     22.500     8.6076     8.6125     0.0048    3.49795    3.49842          1     6.4856     6.4780      84.49     0.4159     0.2218  3.115e+00  0.2360000    33.0903    33.0907     0.0003    25.6836    25.6831     22.290     22.483      0.502    1482.76    1482.78  0.000e+00
      10904     23.000     8.2343     8.2373     0.0031    3.46295    3.46326          1     6.4624     6.4689      84.62     0.3808     0.2218  2.858e+00  0.2493000    33.0713    33.0717     0.0004    25.7248    25.7247     22.786     22.980      0.496    1481.35    1481.36  0.000e+00
      10928     23.500     7.8870     7.8918     0.0048    3.43029    3.43064          1     6.4695     6.4878      88.75     0.3819     0.2351  2.632e+00  0.2542000    33.0510    33.0503    -0.0007    25.7597    25.7585     23.281     23.476      0.491    1480.02    1480.03  0.000e+00
      10952     24.000     7.5735     7.5785     0.0048    3.40157    3.40172          1     6.4851     6.4878      70.26     0.3678     0.1751  2.433e+00  0.2468000    33.0399    33.0368    -0.0031    25.7958    25.7926     23.776     23.973      0.498    1478.81    1478.83  0.000e+00
      10976     24.500     7.3494     7.3540     0.0048    3.38242    3.38285          1     6.5225     6.4994      69.73     0.3458     0.2225  2.243e+00  0.2577000    33.0462    33.0465     0.0003    25.8321    25.8317     24.272     24.469      0.516    1477.97    1477.99  0.000e+00
      10999     25.000     7.2668     7.2711     0.0043    3.37931    3.37963          1     6.5686     6.5104      69.28     0.3458     0.2363  2.063e+00  0.2764000    33.0912    33.0905    -0.0007    25.8789    25.8778     24.767     24.966      0.521    1477.71    1477.73  0.000e+00
      11022     25.500     7.3125     7.3155     0.0031    3.39007    3.39028          1     6.6068     6.5243      76.03     0.3393     0.2459  1.897e+00  0.3113000    33.1640    33.1634    -0.0006    25.9299    25.9290     25.262     25.462      0.501    1477.99    1478.00  0.000e+00
      11047     26.000     7.3738     7.3775     0.0037    3.40060    3.40082          1     6.6181     6.5145      77.28     0.2872     0.2777  1.749e+00  0.3082000    33.2192    33.2181    -0.0011    25.9648    25.9635     25.758     25.959      0.479    1478.30    1478.31  0.000e+00
      11072     26.500     7.3733     7.3758     0.0025    3.40445    3.40463          1     6.5257     6.4242      67.67     0.3057     0.2644  1.622e+00  0.2896000    33.2613    33.2608    -0.0005    25.9980    25.9972     26.253     26.455      0.491    1478.36    1478.37  0.000e+00
      11096     27.000     7.2679     7.2732     0.0052    3.39735    3.39770          1     6.5074     6.4252      70.01     0.2608     0.2172  1.501e+00  0.2594000    33.2852    33.2839    -0.0013    26.0314    26.0297     26.748     26.951      0.516    1477.99    1478.01  0.000e+00
      11119     27.500     7.1409     7.1467     0.0059    3.38735    3.38782          1     6.5770     6.4956      98.25     0.2603     0.1958  1.387e+00  0.2365000    33.2985    33.2981    -0.0004    26.0594    26.0583     27.244     27.448      0.519    1477.53    1477.55  0.000e+00
      11142     28.000     7.3271     7.3357     0.0086    3.41087    3.41115          1     6.6483     6.5584      98.63     0.2043     0.1598  1.274e+00  0.2254000    33.3747    33.3694    -0.0053    26.0936    26.0882     27.739     27.944      0.503    1478.35    1478.37  0.000e+00
