ctdpy/exports/archive_20191120_135557/received_data/SBE09_1044_20180203_1039_34_02_0051.cnv
* Sea-Bird SBE 9 Data File:
* FileName = C:\ctd\temp\2018\ME18D051.hex
* Software Version Seasave V 7.26.6.26
* Temperature SN = 5351
* Conductivity SN = 3941
* Number of Bytes Per Scan = 41
* Number of Voltage Words = 4
* Number of Scans Averaged by the Deck Unit = 1
* NMEA Latitude = 57 51.99 N
* NMEA Longitude = 011 17.50 E
* NMEA UTC (Time) = Feb 03 2018  10:39:52
* NMEA baud rate = 4800
** Station:  P2
** Operator:  JKro
** Ship: MERI
** Average sound velocity: 1468.51 m/s
** True-depth calculation Sat, 03 Feb 2018 11:42:38 +0000
** CTD Python Module SMHI /ver 3-12/ feb 2012 
** LIMS Job: 20183402-0051
** Cruise: SMHI-01-2018
** Latitude [GG MM.mm N] :
** Longitude [GG MM.mm E]:
# nquan = 26
# nvalues = 181                         
# units = specified
# name 0 = scan: Scan Count
# name 1 = prDM: Pressure, Digiquartz [db]
# name 2 = t090C: Temperature [ITS-90, deg C]
# name 3 = t190C: Temperature, 2 [ITS-90, deg C]
# name 4 = T2-T190C: Temperature Difference, 2 - 1 [ITS-90, deg C]
# name 5 = c0S/m: Conductivity [S/m]
# name 6 = c1S/m: Conductivity, 2 [S/m]
# name 7 = pumps: Pump Status
# name 8 = sbeox0ML/L: Oxygen, SBE 43 [ml/l]
# name 9 = sbeox1ML/L: Oxygen, SBE 43, 2 [ml/l]
# name 10 = altM: Altimeter [m]
# name 11 = flECO-AFL: Chl-a Fluorescence, WET Labs ECO-AFL/FL [mg/m^3]
# name 12 = flECO-AFL1: Phycocyanin Fluorescence, WET Labs ECO-AFL/FL, 2 [mg/m^3]
# name 13 = par: PAR/Irradiance, Biospherical/Lico [µE/(cm^2*s)]
# name 14 = turbWETntu0: Turbidity, WET Labs ECO [NTU]
# name 15 = sal00: Salinity, Practical [PSU]
# name 16 = sal11: Salinity, Practical, 2 [PSU]
# name 17 = secS-priS: Salinity, Practical, Difference, 2 - 1 [PSU]
# name 18 = sigma-t00: Density [sigma-t, Kg/m^3 ]
# name 19 = sigma-t11: Density, 2 [sigma-t, Kg/m^3 ]
# name 20 = depSM: Depth [salt water, m], lat = 57.8665
# name 21 = depFM: Depth [true depth, m], lat = 57.8665
# name 22 = dz/dtM: Descent Rate [m/s], WS = 2
# name 23 = svCM: Sound Velocity [Chen-Millero, m/s]
# name 24 = svCM1: Sound Velocity, 2 [Chen-Millero, m/s]
# name 25 = flag: flag
# span 0 =      15370,      21458       
# span 1 =      1.000,     91.000       
# span 2 =     3.1817,     5.8812       
# span 3 =     3.1817,     5.8810       
# span 4 =    -0.0451,     0.0347       
# span 5 =   2.266293,   3.329077       
# span 6 =   2.266313,   3.329144       
# span 7 =          1,          1       
# span 8 =    6.62220,    7.57565       
# span 9 =    6.59226,    7.55363       
# span 10 =       1.33,      99.91      
# span 11 =     0.3944,     1.0119      
# span 12 =     0.2853,     0.4167      
# span 13 = -1.119e-05, 1.0036e+03      
# span 14 =     0.8689,     2.3295      
# span 15 =    24.0874,    33.8594      
# span 16 =    24.0875,    33.8603      
# span 17 =    -0.2127,     0.0796      
# span 18 =    19.1742,    26.6662      
# span 19 =    19.1743,    26.6669      
# span 20 =      0.991,     90.138      
# span 21 =      0.999,     90.396      
# span 22 =     -0.301,      0.669      
# span 23 =    1449.08,    1474.32      
# span 24 =    1449.09,    1474.33      
# span 25 = 0.0000e+00, 0.0000e+00      
# interval = decibars: 0.5              
# start_time = Feb 03 2018 10:39:53 [NMEA time, first data scan]
# bad_flag = -9.990e-29
*END*
[from data line 168]
      20770     85.000     5.8148     5.8158     0.0010    3.31869    3.31900          1     6.6497     6.6347       9.23     0.4671     0.3199  1.000e-12  1.4391000    33.8116    33.8141     0.0025    26.6366    26.6385     84.196     84.444      0.435    1473.90    1473.90  0.000e+00
      20806     85.500     5.8218     5.8236     0.0017    3.31991    3.32027          1     6.6407     6.6316       8.63     0.4682     0.3372  1.000e-12  1.3866000    33.8180    33.8204     0.0024    26.6408    26.6425     84.691     84.940      0.307    1473.94    1473.95  0.000e+00
      20840     86.000     5.8242     5.8246     0.0004    3.32028    3.32047          1     6.6394     6.6258       8.18     0.4384     0.3216  1.000e-12  1.4282000    33.8196    33.8214     0.0018    26.6418    26.6431     85.186     85.436      0.466    1473.96    1473.97  0.000e+00
      20863     86.500     5.8297     5.8276    -0.0021    3.32106    3.32103          1     6.6318     6.6237       7.76     0.4924     0.3036  1.000e-12  1.8648000    33.8228    33.8244     0.0017    26.6436    26.6451     85.681     85.932      0.530    1473.99    1473.99  0.000e+00
      20886     87.000     5.8373     5.8373     0.0000    3.32232    3.32245          1     6.6438     6.6291       7.25     0.4804     0.3341  1.000e-12  1.4607000    33.8291    33.8305     0.0014    26.6476    26.6488     86.177     86.428      0.448    1474.04    1474.04  0.000e+00
      20920     87.500     5.8503     5.8543     0.0040    3.32429    3.32502          1     6.6306     6.6243       6.66     0.4753     0.3900  1.000e-12  1.6323000    33.8381    33.8423     0.0042    26.6531    26.6560     86.672     86.924      0.314    1474.11    1474.13  0.000e+00
      20959     88.000     5.8558     5.8515    -0.0043    3.32515    3.32465          1     6.6328     6.6091       6.14     0.4490     0.3626  1.000e-12  1.5033000    33.8420    33.8406    -0.0014    26.6555    26.6550     87.167     87.420      0.376    1474.15    1474.13  0.000e+00
      20985     88.500     5.8634     5.8632    -0.0002    3.32628    3.32640          1     6.6296     6.5972       5.73     0.5177     0.3224  1.000e-12  1.6865000    33.8469    33.8484     0.0015    26.6585    26.6597     87.662     87.916      0.476    1474.19    1474.20  0.000e+00
      21011     89.000     5.8670     5.8665    -0.0006    3.32686    3.32689          1     6.6322     6.6057       5.22     0.5070     0.3116  1.000e-12  1.6144000    33.8495    33.8505     0.0009    26.6601    26.6609     88.157     88.412      0.397    1474.22    1474.22  0.000e+00
      21056     89.500     5.8753     5.8723    -0.0031    3.32816    3.32776          1     6.6300     6.6033       4.60     0.4484     0.3180  1.000e-12  1.5756000    33.8556    33.8542    -0.0014    26.6639    26.6632     88.652     88.908      0.235    1474.27    1474.25  0.000e+00
      21105     90.000     5.8776     5.8761    -0.0015    3.32844    3.32835          1     6.6222     6.5923       4.12     0.4497     0.3670  1.000e-12  1.5638000    33.8563    33.8568     0.0004    26.6642    26.6647     89.148     89.404      0.395    1474.29    1474.28  0.000e+00
      21140     90.500     5.8787     5.8781    -0.0005    3.32863    3.32866          1     6.6282     6.5928       3.71     0.4682     0.3498  1.000e-12  1.6213000    33.8571    33.8580     0.0009    26.6646    26.6654     89.643     89.900      0.359    1474.30    1474.30  0.000e+00
      21458     91.000     5.8812     5.8810    -0.0002    3.32908    3.32914          1     6.6298     6.6294       2.87     0.4344     0.3633  1.000e-12  1.4696000    33.8594    33.8603     0.0009    26.6662    26.6669     90.138     90.396     -0.301    1474.32    1474.33  0.000e+00
