ctdpy/exports/archive_20191120_135557/received_data/SBE09_0827_20180824_1533_26_01_0888.cnv
* Sea-Bird SBE 9 Data File:
* FileName = D:\CTD_SBE911\DAT\26DA.2018.8.88.hex
* Software Version Seasave V 7.21d
* Temperature SN = 034605
* Conductivity SN = 041844
* Number of Bytes Per Scan = 48
* Number of Voltage Words = 5
* Number of Scans Averaged by the Deck Unit = 1
* NMEA Latitude = 57 38.67 N
* NMEA Longitude = 011 00.34 E
* NMEA UTC (Time) = Aug 24 2018  15:36:01
* NMEA baud rate = 4800
** Ship: DANA
** Average sound velocity: 1511.33 m/s
** True-depth calculation Thu, 28 Mar 2019 09:26:54 +0000
** CTD Python Module SMHI /ver 3-12/ feb 2012 
** LIMS Job: 20182601-0888
**  HERTAS FLAK
** Operator: Christian
** Cruise: 08/2018
# nquan = 26
# nvalues = 60                          
# units = specified
# name 0 = scan: Scan Count
# name 1 = prDM: Pressure, Digiquartz [db]
# name 2 = t090C: Temperature [ITS-90, deg C]
# name 3 = t190C: Temperature, 2 [ITS-90, deg C]
# name 4 = T2-T190C: Temperature Difference, 2 - 1 [ITS-90, deg C]
# name 5 = c0S/m: Conductivity [S/m]
# name 6 = c1S/m: Conductivity, 2 [S/m]
# name 7 = pumps: Pump Status
# name 8 = sbeox1ML/L: Oxygen, SBE 43, 2 [ml/l]
# name 9 = sbeox0ML/L: Oxygen, SBE 43 [ml/l]
# name 10 = altM: Altimeter [m]
# name 11 = chloroflTC0: Chlorophyll, Turner Cyclops [ug/l]
# name 12 = cpar: CPAR/Corrected Irradiance [%]
# name 13 = par: PAR/Irradiance, Biospherical/Lico [µE/(cm^2*s)]
# name 14 = spar: SPAR, Biospherical/Licor
# name 15 = sal00: Salinity, Practical [PSU]
# name 16 = sal11: Salinity, Practical, 2 [PSU]
# name 17 = secS-priS: Salinity, Practical, Difference, 2 - 1 [PSU]
# name 18 = sigma-t00: Density [sigma-t, kg/m^3 ]
# name 19 = sigma-t11: Density, 2 [sigma-t, kg/m^3 ]
# name 20 = depSM: Depth [salt water, m], lat = 57.6445
# name 21 = depFM: Depth [true depth, m], lat = 57.6445
# name 22 = dz/dtM: Descent Rate [m/s], WS = 2
# name 23 = svCM: Sound Velocity [Chen-Millero, m/s]
# name 24 = svCM1: Sound Velocity, 2 [Chen-Millero, m/s]
# name 25 = flag: flag
# span 0 =       -118,       3042       
# span 1 =      1.000,     30.500       
# span 2 =    17.3230,    18.0282       
# span 3 =    17.3233,    18.0231       
# span 4 =    -0.0282,     0.0624       
# span 5 =   4.086981,   4.217312       
# span 6 =   4.087498,   4.218041       
# span 7 =          1,          1       
# span 8 =     4.5171,     5.6967       
# span 9 =     4.2943,     5.4066       
# span 10 =       1.68,      10.13      
# span 11 =     0.0527,     0.2486      
# span 12 = -9.220e-06, 8.9790e+00      
# span 13 = -1.615e-04, 1.6010e+02      
# span 14 = 1.7490e+03, 1.7832e+03      
# span 15 =    30.8303,    32.3339      
# span 16 =    30.8341,    32.3395      
# span 17 =    -0.1382,     0.0261      
# span 18 =    22.1099,    23.3927      
# span 19 =    22.1128,    23.3965      
# span 20 =      0.990,     30.216      
# span 21 =      0.996,     30.373      
# span 22 =     -0.105,      0.349      
# span 23 =    1510.79,    1512.16      
# span 24 =    1510.79,    1512.17      
# span 25 = 0.0000e+00, 0.0000e+00      
# interval = decibars: 0.5              
# start_time = Aug 24 2018 15:36:01 [NMEA time, first data scan]
# bad_flag = -9.990e-29
*END*
       -118      1.000    17.9091    17.9173     0.0082    4.09974    4.10358          1     5.5703     5.3387      10.13     0.1938  8.979e+00  1.601e+02  1.783e+03    30.9182    30.9442     0.0261    22.1705    22.1884      0.990      0.996     -0.105    1510.90    1510.96  0.000e+00
        242      1.500    17.9116    17.9129     0.0013    4.10066    4.10182          1     5.5794     5.3372       9.69     0.2126  8.137e+00  1.446e+02  1.777e+03    30.9238    30.9327     0.0088    22.1742    22.1806      1.486      1.495      0.205    1510.92    1510.94  0.000e+00
        406      2.000    17.9071    17.9061    -0.0009    4.09861    4.09936          1     5.6060     5.3577       8.94     0.2232  7.202e+00  1.280e+02  1.778e+03    30.9099    30.9169     0.0070    22.1646    22.1702      1.982      1.993      0.343    1510.91    1510.91  0.000e+00
        433      2.500    17.9016    17.9032     0.0017    4.09582    4.09709          1     5.6356     5.3738       9.98     0.2005  5.555e+00  9.883e+01  1.779e+03    30.8904    30.8998     0.0094    22.1511    22.1579      2.477      2.491      0.301    1510.88    1510.89  0.000e+00
        492      3.000    17.8982    17.8996     0.0013    4.09351    4.09481          1     5.6276     5.3642       9.98     0.2057  5.096e+00  9.054e+01  1.777e+03    30.8734    30.8833     0.0100    22.1388    22.1461      2.972      2.989      0.289    1510.85    1510.87  0.000e+00
        526      3.500    17.9009    17.9004    -0.0005    4.09275    4.09323          1     5.6340     5.3600       9.98     0.1940  4.581e+00  8.131e+01  1.775e+03    30.8648    30.8692     0.0044    22.1316    22.1351      3.468      3.488      0.308    1510.86    1510.86  0.000e+00
        582      4.000    17.8926    17.8858    -0.0068    4.09019    4.08936          1     5.6506     5.4011       9.98     0.1969  4.019e+00  7.129e+01  1.774e+03    30.8493    30.8476    -0.0018    22.1218    22.1221      3.963      3.986      0.250    1510.83    1510.80  0.000e+00
        621      4.500    17.8860    17.8853    -0.0007    4.08816    4.08856          1     5.6678     5.3978       9.98     0.1978  3.668e+00  6.496e+01  1.771e+03    30.8371    30.8410     0.0038    22.1140    22.1172      4.458      4.484      0.314    1510.80    1510.80  0.000e+00
        669      5.000    17.8819    17.8812    -0.0007    4.08718    4.08752          1     5.6883     5.3951       9.98     0.2081  3.216e+00  5.697e+01  1.771e+03    30.8318    30.8352     0.0034    22.1109    22.1137      4.954      4.982      0.221    1510.79    1510.79  0.000e+00
        716      5.500    17.8814    17.8815     0.0001    4.08698    4.08754          1     5.6925     5.4059       9.98     0.2179  2.882e+00  5.099e+01  1.769e+03    30.8303    30.8349     0.0046    22.1099    22.1134      5.449      5.481      0.312    1510.80    1510.80  0.000e+00
        756      6.000    17.8817    17.8817     0.0001    4.08706    4.08759          1     5.6748     5.3906       9.98     0.2120  2.555e+00  4.522e+01  1.770e+03    30.8306    30.8350     0.0044    22.1101    22.1135      5.944      5.979      0.270    1510.81    1510.81  0.000e+00
        804      6.500    17.8823    17.8817    -0.0006    4.08717    4.08750          1     5.6674     5.4066       9.98     0.2183  2.142e+00  3.798e+01  1.773e+03    30.8309    30.8341     0.0032    22.1102    22.1128      6.440      6.477      0.256    1510.82    1510.82  0.000e+00
        848      7.000    17.8831    17.8822    -0.0009    4.08742    4.08768          1     5.6967     5.4031       9.98     0.2251  2.025e+00  3.589e+01  1.773e+03    30.8323    30.8351     0.0029    22.1110    22.1134      6.935      6.975      0.266    1510.83    1510.83  0.000e+00
        896      7.500    17.8824    17.8819    -0.0006    4.08735    4.08764          1     5.6630     5.3905       9.98     0.2217  1.701e+00  3.012e+01  1.771e+03    30.8320    30.8348     0.0029    22.1109    22.1133      7.431      7.474      0.245    1510.84    1510.84  0.000e+00
        945      8.000    17.8919    17.8841    -0.0078    4.08978    4.08813          1     5.6608     5.3985       9.98     0.2262  1.577e+00  2.794e+01  1.771e+03    30.8451    30.8371    -0.0080    22.1187    22.1144      7.926      7.972      0.244    1510.89    1510.85  0.000e+00
        994      8.500    17.8903    17.8927     0.0024    4.08924    4.09031          1     5.6711     5.3968       9.98     0.2340  1.358e+00  2.402e+01  1.770e+03    30.8416    30.8488     0.0071    22.1165    22.1213      8.421      8.470      0.252    1510.88    1510.90  0.000e+00
       1040      9.000    17.8947    17.8914    -0.0032    4.09057    4.09000          1     5.6601     5.3837       9.98     0.2382  1.191e+00  2.111e+01  1.772e+03    30.8492    30.8469    -0.0023    22.1212    22.1202      8.917      8.968      0.269    1510.92    1510.90  0.000e+00
       1084      9.500    17.9374    17.9169    -0.0206    4.10305    4.09586          1     5.6360     5.3058       9.98     0.2344  1.088e+00  1.925e+01  1.769e+03    30.9217    30.8768    -0.0449    22.1664    22.1370      9.412      9.467      0.267    1511.13    1511.02  0.000e+00
       1130     10.000    17.9935    17.9653    -0.0282    4.13299    4.11400          1     5.6091     5.1580       9.98     0.2354  9.497e-01  1.681e+01  1.770e+03    31.1305    30.9924    -0.1382    22.3126    22.2137      9.907      9.965      0.259    1511.54    1511.30  0.000e+00
       1176     10.500    18.0101    18.0028    -0.0073    4.14306    4.13820          1     5.5007     5.1239       9.98     0.2392  8.629e-01  1.527e+01  1.770e+03    31.2023    31.1670    -0.0353    22.3635    22.3382     10.403     10.463      0.257    1511.68    1511.62  0.000e+00
       1223     11.000    18.0170    18.0127    -0.0044    4.14903    4.14497          1     5.4287     5.0651       9.98     0.2486  7.600e-01  1.345e+01  1.770e+03    31.2469    31.2161    -0.0308    22.3959    22.3734     10.898     10.961      0.263    1511.76    1511.71  0.000e+00
       1269     11.500    18.0282    18.0222    -0.0060    4.16841    4.15746          1     5.3743     4.9557       9.98     0.2411  6.832e-01  1.209e+01  1.769e+03    31.4010    31.3136    -0.0875    22.5111    22.4456     11.393     11.459      0.242    1511.98    1511.86  0.000e+00
       1322     12.000    18.0131    18.0231     0.0100    4.17431    4.17272          1     5.2652     4.9052       9.98     0.2420  6.171e-01  1.091e+01  1.767e+03    31.4621    31.4410    -0.0211    22.5614    22.5428     11.889     11.957      0.241    1512.01    1512.02  0.000e+00
       1365     12.500    18.0062    18.0019    -0.0042    4.18248    4.17637          1     5.2041     4.6747       9.98     0.2381  5.589e-01  9.877e+00  1.767e+03    31.5359    31.4878    -0.0481    22.6195    22.5838     12.384     12.455      0.291    1512.08    1512.02  0.000e+00
       1413     13.000    18.0155    18.0137    -0.0018    4.18819    4.18657          1     5.0311     4.6038       9.98     0.2120  4.940e-01  8.723e+00  1.766e+03    31.5766    31.5643    -0.0122    22.6484    22.6394     12.880     12.953      0.238    1512.16    1512.15  0.000e+00
       1457     13.500    17.9946    18.0090     0.0143    4.18961    4.18884          1     4.9327     4.6331       9.98     0.2014  4.541e-01  8.027e+00  1.768e+03    31.6045    31.5870    -0.0175    22.6747    22.6579     13.375     13.451      0.320    1512.14    1512.17  0.000e+00
       1497     14.000    17.9620    17.9737     0.0117    4.19196    4.19058          1     4.9083     4.5711       9.98     0.1840  4.002e-01  7.065e+00  1.766e+03    31.6494    31.6287    -0.0207    22.7170    22.6983     13.870     13.949      0.253    1512.11    1512.12  0.000e+00
       1548     14.500    17.9476    17.9516     0.0040    4.19397    4.19394          1     4.8558     4.5761       9.98     0.1605  3.670e-01  6.485e+00  1.767e+03    31.6773    31.6739    -0.0034    22.7417    22.7382     14.366     14.447      0.262    1512.10    1512.11  0.000e+00
       1593     15.000    17.9402    17.9427     0.0025    4.19620    4.19539          1     4.8395     4.6353       9.98     0.1559  3.180e-01  5.610e+00  1.764e+03    31.7016    31.6929    -0.0088    22.7621    22.7548     14.861     14.945      0.250    1512.12    1512.11  0.000e+00
       1642     15.500    17.9326    17.9368     0.0042    4.19830    4.19776          1     4.8786     4.6357       9.98     0.1540  2.852e-01  5.034e+00  1.765e+03    31.7250    31.7172    -0.0078    22.7818    22.7749     15.356     15.443      0.251    1512.13    1512.13  0.000e+00
       1689     16.000    17.9033    17.9167     0.0134    4.19827    4.19899          1     4.8760     4.6420       9.98     0.1574  2.493e-01  4.399e+00  1.765e+03    31.7474    31.7431    -0.0043    22.8060    22.7995     15.852     15.941      0.250    1512.08    1512.11  0.000e+00
       1738     16.500    17.8312    17.8696     0.0383    4.19883    4.19904          1     4.8932     4.6704       9.98     0.1598  2.210e-01  3.901e+00  1.765e+03    31.8081    31.7800    -0.0281    22.8697    22.8390     16.347     16.439      0.249    1511.94    1512.02  0.000e+00
       1784     17.000    17.7130    17.7754     0.0624    4.19980    4.20042          1     4.9152     4.4402       9.98     0.1510  1.947e-01  3.433e+00  1.763e+03    31.9086    31.8649    -0.0437    22.9749    22.9266     16.842     16.937      0.279    1511.71    1511.85  0.000e+00
       1827     17.500    17.6056    17.6526     0.0470    4.20374    4.20254          1     4.8093     4.5602       9.98     0.1193  1.739e-01  3.068e+00  1.764e+03    32.0262    31.9791    -0.0472    23.0906    23.0433     17.338     17.434      0.248    1511.53    1511.62  0.000e+00
       1878     18.000    17.5570    17.5822     0.0252    4.20937    4.20844          1     4.7932     4.6248       9.98     0.0979  1.537e-01  2.707e+00  1.761e+03    32.1123    32.0845    -0.0278    23.1680    23.1407     17.833     17.932      0.268    1511.49    1511.54  0.000e+00
       1919     18.500    17.4932    17.5236     0.0303    4.21403    4.21246          1     4.8448     4.6977       9.98     0.0920  1.358e-01  2.393e+00  1.761e+03    32.2024    32.1650    -0.0375    23.2522    23.2163     18.328     18.430      0.259    1511.42    1511.46  0.000e+00
       1971     19.000    17.4510    17.4665     0.0155    4.21551    4.21648          1     4.8889     4.6229       9.98     0.0835  1.191e-01  2.095e+00  1.760e+03    32.2484    32.2443    -0.0041    23.2975    23.2906     18.824     18.928      0.259    1511.35    1511.39  0.000e+00
       2010     19.500    17.4368    17.4472     0.0104    4.21537    4.21665          1     4.8864     4.5863       9.98     0.0749  1.063e-01  1.867e+00  1.757e+03    32.2583    32.2610     0.0027    23.3084    23.3080     19.319     19.425      0.303    1511.33    1511.36  0.000e+00
       2056     20.000    17.4277    17.4325     0.0049    4.21587    4.21672          1     4.8498     4.6079       9.97     0.0660  9.329e-02  1.642e+00  1.760e+03    32.2697    32.2731     0.0034    23.3193    23.3207     19.814     19.923      0.254    1511.32    1511.34  0.000e+00
       2096     20.500    17.4202    17.4262     0.0060    4.21641    4.21718          1     4.8408     4.6371       9.97     0.0662  8.360e-02  1.469e+00  1.757e+03    32.2801    32.2818     0.0018    23.3290    23.3289     20.310     20.421      0.324    1511.32    1511.34  0.000e+00
       2136     21.000    17.4129    17.4177     0.0048    4.21664    4.21750          1     4.8514     4.6336       9.97     0.0665  7.314e-02  1.287e+00  1.760e+03    32.2877    32.2911     0.0034    23.3365    23.3380     20.805     20.918      0.270    1511.32    1511.33  0.000e+00
       2181     21.500    17.4060    17.4103     0.0043    4.21682    4.21765          1     4.8456     4.6480       9.90     0.0633  6.455e-02  1.134e+00  1.758e+03    32.2945    32.2982     0.0037    23.3434    23.3452     21.300     21.416      0.297    1511.31    1511.33  0.000e+00
       2222     22.000    17.3976    17.4032     0.0056    4.21684    4.21771          1     4.8743     4.6276       9.44     0.0635  5.644e-02  9.918e-01  1.758e+03    32.3011    32.3042     0.0030    23.3505    23.3514     21.796     21.914      0.258    1511.30    1511.32  0.000e+00
       2271     22.500    17.3811    17.3909     0.0098    4.21697    4.21773          1     4.8586     4.5465       8.97     0.0587  4.934e-02  8.672e-01  1.758e+03    32.3153    32.3139    -0.0014    23.3652    23.3618     22.291     22.411      0.265    1511.28    1511.30  0.000e+00
       2311     23.000    17.3734    17.3788     0.0054    4.21697    4.21784          1     4.8357     4.5501       8.45     0.0588  4.258e-02  7.481e-01  1.757e+03    32.3213    32.3244     0.0031    23.3716    23.3727     22.786     22.909      0.307    1511.27    1511.29  0.000e+00
       2354     23.500    17.3721    17.3735     0.0015    4.21706    4.21781          1     4.7911     4.5504       7.96     0.0596  3.658e-02  6.425e-01  1.756e+03    32.3229    32.3282     0.0053    23.3732    23.3769     23.282     23.406      0.258    1511.27    1511.28  0.000e+00
       2402     24.000    17.3712    17.3718     0.0007    4.21731    4.21788          1     4.8048     4.5363       7.52     0.0574  3.144e-02  5.520e-01  1.756e+03    32.3256    32.3299     0.0043    23.3755    23.3786     23.777     23.904      0.284    1511.28    1511.29  0.000e+00
       2438     24.500    17.3630    17.3691     0.0060    4.21714    4.21804          1     4.7986     4.4708       7.01     0.0580  2.678e-02  4.703e-01  1.756e+03    32.3304    32.3333     0.0029    23.3811    23.3819     24.272     24.402      0.299    1511.27    1511.29  0.000e+00
       2492     25.000    17.3474    17.3551     0.0077    4.21596    4.21732          1     4.7202     4.3669       6.47     0.0527  2.271e-02  3.980e-01  1.752e+03    32.3327    32.3382     0.0055    23.3865    23.3889     24.768     24.899      0.257    1511.24    1511.27  0.000e+00
       2530     25.500    17.3376    17.3454     0.0077    4.21503    4.21658          1     4.6617     4.3297       5.97     0.0537  1.907e-02  3.344e-01  1.754e+03    32.3323    32.3394     0.0071    23.3885    23.3921     25.263     25.397      0.320    1511.21    1511.25  0.000e+00
       2581     26.000    17.3312    17.3342     0.0030    4.21447    4.21550          1     4.5901     4.3224       5.50     0.0546  1.557e-02  2.723e-01  1.749e+03    32.3325    32.3389     0.0064    23.3902    23.3944     25.758     25.895      0.236    1511.20    1511.22  0.000e+00
       2620     26.500    17.3288    17.3315     0.0027    4.21444    4.21529          1     4.5698     4.3131       5.03     0.0568  1.260e-02  2.205e-01  1.750e+03    32.3339    32.3391     0.0051    23.3918    23.3951     26.254     26.392      0.349    1511.21    1511.22  0.000e+00
       2661     27.000    17.3262    17.3279     0.0017    4.21422    4.21502          1     4.5540     4.3108       4.55     0.0541  9.164e-03  1.606e-01  1.753e+03    32.3339    32.3395     0.0056    23.3925    23.3963     26.749     26.890      0.255    1511.21    1511.22  0.000e+00
       2707     27.500    17.3258    17.3260     0.0003    4.21419    4.21483          1     4.5389     4.3184       4.10     0.0552  6.217e-03  1.088e-01  1.751e+03    32.3339    32.3392     0.0053    23.3926    23.3965     27.244     27.388      0.303    1511.21    1511.22  0.000e+00
       2747     28.000    17.3256    17.3257     0.0001    4.21420    4.21479          1     4.5261     4.3108       3.59     0.0569  3.406e-03  5.967e-02  1.752e+03    32.3339    32.3389     0.0050    23.3926    23.3964     27.739     27.885      0.273    1511.22    1511.23  0.000e+00
