ctdpy/exports/archive_20191120_135557/received_data/SBE09_0827_20180302_1254_26_01_0347.cnv
* Sea-Bird SBE 9 Data File:
* FileName = D:\CTD_SBE911\DAT\26DA.2018.3.47.hex
* Software Version Seasave V 7.21d
* Temperature SN = 034757
* Conductivity SN = 041844
* Number of Bytes Per Scan = 48
* Number of Voltage Words = 5
* Number of Scans Averaged by the Deck Unit = 1
* NMEA Latitude = 57 28.84 N
* NMEA Longitude = 019 15.77 E
* NMEA UTC (Time) = Mar 02 2018  12:54:44
* NMEA baud rate = 4800
** Ship: DANA
** Average sound velocity: 1426.85 m/s
** True-depth calculation Tue, 02 Apr 2019 12:09:32 +0000
** CTD Python Module SMHI /ver 3-12/ feb 2012 
** LIMS Job: 20182601-0347
** Operator:
** Cruise: 02/2018
# nquan = 26
# nvalues = 134                         
# units = specified
# name 0 = scan: Scan Count
# name 1 = prDM: Pressure, Digiquartz [db]
# name 2 = t090C: Temperature [ITS-90, deg C]
# name 3 = t190C: Temperature, 2 [ITS-90, deg C]
# name 4 = T2-T190C: Temperature Difference, 2 - 1 [ITS-90, deg C]
# name 5 = c0S/m: Conductivity [S/m]
# name 6 = c1S/m: Conductivity, 2 [S/m]
# name 7 = pumps: Pump Status
# name 8 = sbeox1ML/L: Oxygen, SBE 43, 2 [ml/l]
# name 9 = sbeox0ML/L: Oxygen, SBE 43 [ml/l]
# name 10 = altM: Altimeter [m]
# name 11 = chloroflTC0: Chlorophyll, Turner Cyclops [ug/l]
# name 12 = cpar: CPAR/Corrected Irradiance [%]
# name 13 = par: PAR/Irradiance, Biospherical/Lico [µE/(cm^2*s)]
# name 14 = spar: SPAR, Biospherical/Licor
# name 15 = sal00: Salinity, Practical [PSU]
# name 16 = sal11: Salinity, Practical, 2 [PSU]
# name 17 = secS-priS: Salinity, Practical, Difference, 2 - 1 [PSU]
# name 18 = sigma-t00: Density [sigma-t, kg/m^3 ]
# name 19 = sigma-t11: Density, 2 [sigma-t, kg/m^3 ]
# name 20 = depSM: Depth [salt water, m], lat = 57.4807
# name 21 = depFM: Depth [true depth, m], lat = 57.4807
# name 22 = dz/dtM: Descent Rate [m/s], WS = 2
# name 23 = svCM: Sound Velocity [Chen-Millero, m/s]
# name 24 = svCM1: Sound Velocity, 2 [Chen-Millero, m/s]
# name 25 = flag: flag
# span 0 =         54,       6848       
# span 1 =      0.500,     67.000       
# span 2 =     2.8646,     4.6885       
# span 3 =     2.8651,     4.4047       
# span 4 =    -0.7474,     0.0013       
# span 5 =   0.756256,   0.924456       
# span 6 =   0.755540,   0.878463       
# span 7 =          1,          1       
# span 8 =     4.2332,     8.5704       
# span 9 =     2.9229,     8.5155       
# span 10 =       0.27,      10.00      
# span 11 =     0.0111,     0.0157      
# span 12 = -1.194e-04, 2.4141e+01      
# span 13 = -1.624e-04, 3.2860e+01      
# span 14 = 1.3404e+02, 1.4420e+02      
# span 15 =     7.4134,     8.6915      
# span 16 =     7.4057,     8.3760      
# span 17 =    -0.5797,    -0.0067      
# span 18 =     5.9114,     6.8858      
# span 19 =     5.9053,     6.6601      
# span 20 =      0.495,     66.371      
# span 21 =      0.506,     67.840      
# span 22 =     -0.274,      0.998      
# span 23 =    1426.10,    1436.99      
# span 24 =    1426.09,    1435.25      
# span 25 = 0.0000e+00, 0.0000e+00      
# interval = decibars: 0.5              
# start_time = Mar 02 2018 12:54:45 [NMEA time, first data scan]
# bad_flag = -9.990e-29
*END*
[from data line 112]
       5551     56.500     2.8761     2.8768     0.0007    0.75721    0.75657          1     8.5252     8.4881       9.95     0.0122  7.034e-13  1.000e-12  1.422e+02     7.4136     7.4067    -0.0069     5.9115     5.9060     55.971     57.209      0.703    1427.03    1427.03  0.000e+00
       5570     57.000     2.8766     2.8767     0.0000    0.75723    0.75656          1     8.5455     8.4938       9.95     0.0121  7.038e-13  1.000e-12  1.421e+02     7.4135     7.4065    -0.0070     5.9115     5.9059     56.466     57.715      0.500    1427.04    1427.03  0.000e+00
       5671     57.500     2.8780     2.8774    -0.0006    0.75729    0.75660          1     8.5470     8.5027       9.93     0.0120  7.034e-13  1.000e-12  1.422e+02     7.4138     7.4067    -0.0071     5.9116     5.9060     56.962     58.222      0.300    1427.05    1427.04  0.000e+00
       5713     58.000     2.8781     2.8779    -0.0002    0.75730    0.75662          1     8.5399     8.4928       9.55     0.0119  7.034e-13  1.000e-12  1.422e+02     7.4138     7.4067    -0.0072     5.9117     5.9060     57.457     58.728      0.367    1427.06    1427.05  0.000e+00
       5747     58.500     2.8798     2.8779    -0.0019    0.75736    0.75663          1     8.5429     8.4996       9.04     0.0122  7.034e-13  1.000e-12  1.422e+02     7.4140     7.4068    -0.0072     5.9118     5.9061     57.952     59.234      0.346    1427.08    1427.06  0.000e+00
       5785     59.000     2.8793     2.8783    -0.0009    0.75735    0.75664          1     8.5519     8.5020       8.51     0.0157  7.034e-13  1.000e-12  1.422e+02     7.4139     7.4067    -0.0072     5.9118     5.9060     58.447     59.741      0.232    1427.08    1427.07  0.000e+00
       5872     59.500     2.8795     2.8790    -0.0005    0.75737    0.75668          1     8.5439     8.5031       8.03     0.0120  7.034e-13  1.000e-12  1.422e+02     7.4140     7.4069    -0.0071     5.9118     5.9061     58.943     60.247      0.309    1427.10    1427.08  0.000e+00
       5900     60.000     2.8809     2.8794    -0.0016    0.75743    0.75670          1     8.5458     8.4925       7.52     0.0122  7.034e-13  1.000e-12  1.422e+02     7.4142     7.4069    -0.0073     5.9120     5.9062     59.438     60.753      0.506    1427.11    1427.09  0.000e+00
       5923     60.500     2.8817     2.8795    -0.0022    0.75749    0.75670          1     8.5479     8.4841       6.99     0.0122  7.034e-13  1.000e-12  1.422e+02     7.4146     7.4069    -0.0077     5.9123     5.9061     59.933     61.259      0.469    1427.12    1427.10  0.000e+00
       5983     61.000     2.8824     2.8813    -0.0012    0.75751    0.75679          1     8.5503     8.4907       6.45     0.0122  7.034e-13  1.000e-12  1.422e+02     7.4146     7.4073    -0.0073     5.9123     5.9065     60.428     61.766      0.258    1427.13    1427.12  0.000e+00
       6065     61.500     2.8821     2.8820    -0.0002    0.75752    0.75682          1     8.5532     8.4991       5.96     0.0122  7.034e-13  1.000e-12  1.422e+02     7.4146     7.4074    -0.0072     5.9123     5.9065     60.924     62.272      0.425    1427.14    1427.13  0.000e+00
       6085     62.000     2.8813     2.8817     0.0003    0.75746    0.75684          1     8.5497     8.4992       5.44     0.0122  7.034e-13  1.000e-12  1.422e+02     7.4142     7.4076    -0.0067     5.9120     5.9066     61.419     62.778      0.562    1427.14    1427.14  0.000e+00
       6106     62.500     2.8808     2.8816     0.0007    0.75745    0.75682          1     8.5500     8.4982       4.91     0.0122  7.034e-13  1.000e-12  1.422e+02     7.4141     7.4073    -0.0068     5.9119     5.9064     61.914     63.284      0.513    1427.15    1427.14  0.000e+00
       6175     63.000     2.8832     2.8820    -0.0011    0.75761    0.75686          1     8.5305     8.4931       4.40     0.0122  7.034e-13  1.000e-12  1.422e+02     7.4152     7.4076    -0.0076     5.9127     5.9067     62.409     63.791      0.461    1427.17    1427.15  0.000e+00
       6242     63.500     2.8862     2.8844    -0.0017    0.75793    0.75704          1     8.5175     8.4843       3.93     0.0122  7.034e-13  1.000e-12  1.422e+02     7.4178     7.4088    -0.0089     5.9148     5.9076     62.905     64.297      0.831    1427.19    1427.17  0.000e+00
       6254     64.000     2.8876     2.8882     0.0006    0.75801    0.75733          1     8.5204     8.4838       3.39     0.0120  7.034e-13  1.000e-12  1.422e+02     7.4183     7.4110    -0.0073     5.9152     5.9093     63.400     64.803      0.810    1427.21    1427.20  0.000e+00
       6276     64.500     2.8886     2.8883    -0.0003    0.75812    0.75741          1     8.5189     8.4838       2.83     0.0121  7.029e-13  1.000e-12  1.423e+02     7.4191     7.4117    -0.0074     5.9158     5.9099     63.895     65.310      0.519    1427.22    1427.21  0.000e+00
       6395     65.000     2.8894     2.8891    -0.0002    0.75822    0.75747          1     8.5088     8.4627       2.36     0.0122  6.985e-13  1.000e-12  1.432e+02     7.4199     7.4121    -0.0078     5.9164     5.9102     64.390     65.816      0.741    1427.24    1427.22  0.000e+00
       6415     65.500     2.9321     2.8918    -0.0405    0.76278    0.75762          1     8.5106     8.4578       1.83     0.0122  6.954e-13  1.000e-12  1.438e+02     7.4577     7.4130    -0.0448     5.9463     5.9109     64.885     66.322      0.598    1427.49    1427.24  0.000e+00
       6672     66.000     3.8249     3.2467    -0.5776    0.84683    0.77698          1     8.4203     6.2012       1.34     0.0122  6.935e-13  1.000e-12  1.442e+02     8.1103     7.5306    -0.5797     6.4479     5.9990     65.381     66.828      0.319    1432.39    1429.02  0.000e+00
       6780     66.500     4.6885     4.4047    -0.2838    0.91497    0.87846          1     7.4697     4.0869       0.82     0.0122  6.935e-13  1.000e-12  1.442e+02     8.5915     8.2936    -0.2979     6.8053     6.5789     65.876     67.334      0.341    1436.89    1435.25  0.000e+00
       6848     67.000     4.6785     3.9311    -0.7474    0.92446    0.87472          1     4.2332     2.9229       0.27     0.0122  6.935e-13  1.000e-12  1.442e+02     8.6915     8.3760    -0.3154     6.8858     6.6601     66.371     67.840     -0.274    1436.99    1433.25  0.000e+00
