ctdpy/exports/archive_20191120_135557/received_data/SBE09_0827_20180826_1155_26_01_0903.cnv
* Sea-Bird SBE 9 Data File:
* FileName = D:\CTD_SBE911\DAT\26DA.2018.8.103.hex
* Software Version Seasave V 7.21d
* Temperature SN = 034605
* Conductivity SN = 041844
* Number of Bytes Per Scan = 48
* Number of Voltage Words = 5
* Number of Scans Averaged by the Deck Unit = 1
* NMEA Latitude = 57 24.65 N
* NMEA Longitude = 011 19.53 E
* NMEA UTC (Time) = Aug 26 2018  11:57:58
* NMEA baud rate = 4800
** Ship: DANA
** Average sound velocity: 1511.20 m/s
** True-depth calculation Thu, 28 Mar 2019 09:52:29 +0000
** CTD Python Module SMHI /ver 3-12/ feb 2012 
** LIMS Job: 20182601-0903
**  4 N BØCHERS BANK
** Operator: Christian
** Cruise: 08/2018
# nquan = 26
# nvalues = 70                          
# units = specified
# name 0 = scan: Scan Count
# name 1 = prDM: Pressure, Digiquartz [db]
# name 2 = t090C: Temperature [ITS-90, deg C]
# name 3 = t190C: Temperature, 2 [ITS-90, deg C]
# name 4 = T2-T190C: Temperature Difference, 2 - 1 [ITS-90, deg C]
# name 5 = c0S/m: Conductivity [S/m]
# name 6 = c1S/m: Conductivity, 2 [S/m]
# name 7 = pumps: Pump Status
# name 8 = sbeox1ML/L: Oxygen, SBE 43, 2 [ml/l]
# name 9 = sbeox0ML/L: Oxygen, SBE 43 [ml/l]
# name 10 = altM: Altimeter [m]
# name 11 = chloroflTC0: Chlorophyll, Turner Cyclops [ug/l]
# name 12 = cpar: CPAR/Corrected Irradiance [%]
# name 13 = par: PAR/Irradiance, Biospherical/Lico [µE/(cm^2*s)]
# name 14 = spar: SPAR, Biospherical/Licor
# name 15 = sal00: Salinity, Practical [PSU]
# name 16 = sal11: Salinity, Practical, 2 [PSU]
# name 17 = secS-priS: Salinity, Practical, Difference, 2 - 1 [PSU]
# name 18 = sigma-t00: Density [sigma-t, kg/m^3 ]
# name 19 = sigma-t11: Density, 2 [sigma-t, kg/m^3 ]
# name 20 = depSM: Depth [salt water, m], lat = 57.4108
# name 21 = depFM: Depth [true depth, m], lat = 57.4108
# name 22 = dz/dtM: Descent Rate [m/s], WS = 2
# name 23 = svCM: Sound Velocity [Chen-Millero, m/s]
# name 24 = svCM1: Sound Velocity, 2 [Chen-Millero, m/s]
# name 25 = flag: flag
# span 0 =        141,       3614       
# span 1 =      1.500,     36.000       
# span 2 =    17.3116,    18.0943       
# span 3 =    17.3169,    18.0819       
# span 4 =    -0.1661,     0.0353       
# span 5 =   3.992217,   4.219621       
# span 6 =   3.992018,   4.220152       
# span 7 =          1,          1       
# span 8 =     5.2704,     5.7950       
# span 9 =     5.0003,     5.5066       
# span 10 =       0.95,       9.98      
# span 11 =     0.0690,     0.1871      
# span 12 = 3.1284e-02, 1.4338e+01      
# span 13 = 7.1318e-01, 2.2355e+02      
# span 14 = 1.5074e+03, 2.4057e+03      
# span 15 =    30.0672,    32.3238      
# span 16 =    30.0628,    32.3267      
# span 17 =    -0.1197,     0.1742      
# span 18 =    21.5337,    23.3882      
# span 19 =    21.5294,    23.3890      
# span 20 =      1.486,     35.665      
# span 21 =      1.496,     35.858      
# span 22 =     -0.288,      0.372      
# span 23 =    1509.82,    1512.12      
# span 24 =    1509.80,    1512.14      
# span 25 = 0.0000e+00, 0.0000e+00      
# interval = decibars: 0.5              
# start_time = Aug 26 2018 11:57:59 [NMEA time, first data scan]
# bad_flag = -9.990e-29
*END*
[from data line 56]
       2751     29.500    17.4642    17.4629    -0.0013    4.21852    4.21898          1     5.3897     5.1140       7.29     0.0952  9.298e-02  2.138e+00  2.299e+03    32.2598    32.2648     0.0050    23.3030    23.3072     29.226     29.388      0.253    1511.58    1511.58  0.000e+00
       2801     30.000    17.4643    17.4626    -0.0016    4.21865    4.21911          1     5.3798     5.1124       6.82     0.0933  8.644e-02  1.985e+00  2.297e+03    32.2607    32.2659     0.0052    23.3037    23.3081     29.721     29.886      0.271    1511.59    1511.59  0.000e+00
       2842     30.500    17.4646    17.4637    -0.0009    4.21923    4.22015          1     5.3959     5.1201       6.34     0.0939  8.000e-02  1.836e+00  2.294e+03    32.2652    32.2738     0.0086    23.3071    23.3139     30.217     30.384      0.262    1511.60    1511.61  0.000e+00
       2897     31.000    17.4515    17.4323    -0.0192    4.21962    4.21980          1     5.3886     5.1012       5.86     0.0915  7.407e-02  1.697e+00  2.292e+03    32.2789    32.2956     0.0168    23.3206    23.3380     30.712     30.881      0.219    1511.59    1511.55  0.000e+00
       2943     31.500    17.4248    17.4192    -0.0056    4.21824    4.21848          1     5.3934     5.0939       5.38     0.0857  6.880e-02  1.575e+00  2.290e+03    32.2881    32.2946     0.0065    23.3340    23.3403     31.207     31.379      0.287    1511.52    1511.52  0.000e+00
       2985     32.000    17.4213    17.4145    -0.0067    4.21798    4.21802          1     5.3912     5.0933       4.89     0.0855  6.364e-02  1.456e+00  2.289e+03    32.2885    32.2943     0.0058    23.3352    23.3412     31.703     31.877      0.293    1511.52    1511.51  0.000e+00
       3026     32.500    17.4155    17.4098    -0.0057    4.21744    4.21756          1     5.3818     5.0965       4.40     0.0841  5.870e-02  1.345e+00  2.291e+03    32.2883    32.2939     0.0055    23.3364    23.3420     32.198     32.374      0.277    1511.51    1511.50  0.000e+00
       3070     33.000    17.4072    17.3927    -0.0145    4.21682    4.21672          1     5.3648     5.0812       3.93     0.0823  5.431e-02  1.244e+00  2.291e+03    32.2895    32.3002     0.0107    23.3393    23.3509     32.693     32.872      0.298    1511.50    1511.47  0.000e+00
       3106     33.500    17.3803    17.3538    -0.0265    4.21525    4.21477          1     5.3427     5.0288       3.45     0.0814  5.064e-02  1.160e+00  2.291e+03    32.2973    32.3143     0.0170    23.3516    23.3709     33.188     33.370      0.344    1511.44    1511.37  0.000e+00
       3146     34.000    17.3566    17.3483    -0.0084    4.21397    4.21423          1     5.3206     5.0108       2.95     0.0777  4.648e-02  1.065e+00  2.290e+03    32.3051    32.3140     0.0089    23.3632    23.3720     33.684     33.867      0.252    1511.38    1511.37  0.000e+00
       3199     34.500    17.3466    17.3401    -0.0064    4.21353    4.21387          1     5.3000     5.0122       2.48     0.0712  4.328e-02  9.903e-01  2.288e+03    32.3091    32.3171     0.0080    23.3686    23.3763     34.179     34.365      0.246    1511.36    1511.36  0.000e+00
       3242     35.000    17.3336    17.3251    -0.0085    4.21298    4.21331          1     5.3003     5.0138       2.01     0.0707  3.987e-02  9.112e-01  2.286e+03    32.3146    32.3242     0.0097    23.3759    23.3853     34.674     34.863      0.291    1511.34    1511.33  0.000e+00
       3284     35.500    17.3239    17.3175    -0.0064    4.21258    4.21292          1     5.3095     5.0138       1.52     0.0706  3.634e-02  8.303e-01  2.285e+03    32.3188    32.3267     0.0080    23.3814    23.3890     35.170     35.360      0.254    1511.32    1511.31  0.000e+00
       3614     36.000    17.3116    17.3169     0.0053    4.21205    4.21273          1     5.2704     5.0003       0.95     0.0690  3.128e-02  7.132e-01  2.280e+03    32.3238    32.3254     0.0016    23.3882    23.3881     35.665     35.858     -0.288    1511.30    1511.32  0.000e+00
