ctdpy/exports/archive_20191120_135557/received_data/SBE09_1044_20180416_0831_34_07_0007.cnv
* Sea-Bird SBE 9 Data File:
* FileName = C:\ctd\temp\2018\AU18D007.hex
* Software Version Seasave V 7.26.6.26
* Temperature SN = 5351
* Conductivity SN = 3941
* Number of Bytes Per Scan = 41
* Number of Voltage Words = 4
* Number of Scans Averaged by the Deck Unit = 1
* NMEA Latitude = 58 17.05 N
* NMEA Longitude = 010 30.27 E
* NMEA UTC (Time) = Apr 16 2018  08:31:49
* NMEA baud rate = 4800
** Station:  A17
** Operator:  A-KTh
** Ship: AURA
** Average sound velocity: 1479.02 m/s
** True-depth calculation Mon, 16 Apr 2018 12:12:11 +0000
** CTD Python Module SMHI /ver 3-12/ feb 2012 
** LIMS Job: 20183407-0007
** Cruise: SMHI-01-2018
** Latitude [GG MM.mm N] :
** Longitude [GG MM.mm E]:
# nquan = 26
# nvalues = 701                         
# units = specified
# name 0 = scan: Scan Count
# name 1 = prDM: Pressure, Digiquartz [db]
# name 2 = t090C: Temperature [ITS-90, deg C]
# name 3 = t190C: Temperature, 2 [ITS-90, deg C]
# name 4 = T2-T190C: Temperature Difference, 2 - 1 [ITS-90, deg C]
# name 5 = c0S/m: Conductivity [S/m]
# name 6 = c1S/m: Conductivity, 2 [S/m]
# name 7 = pumps: Pump Status
# name 8 = sbeox0ML/L: Oxygen, SBE 43 [ml/l]
# name 9 = sbeox1ML/L: Oxygen, SBE 43, 2 [ml/l]
# name 10 = altM: Altimeter [m]
# name 11 = flECO-AFL: Chl-a Fluorescence, WET Labs ECO-AFL/FL [mg/m^3]
# name 12 = flECO-AFL1: Phycocyanin Fluorescence, WET Labs ECO-AFL/FL, 2 [mg/m^3]
# name 13 = par: PAR/Irradiance, Biospherical/Lico [µE/(cm^2*s)]
# name 14 = turbWETntu0: Turbidity, WET Labs ECO [NTU]
# name 15 = sal00: Salinity, Practical [PSU]
# name 16 = sal11: Salinity, Practical, 2 [PSU]
# name 17 = secS-priS: Salinity, Practical, Difference, 2 - 1 [PSU]
# name 18 = sigma-t00: Density [sigma-t, Kg/m^3 ]
# name 19 = sigma-t11: Density, 2 [sigma-t, Kg/m^3 ]
# name 20 = depSM: Depth [salt water, m], lat = 58.2842
# name 21 = depFM: Depth [true depth, m], lat = 58.2842
# name 22 = dz/dtM: Descent Rate [m/s], WS = 2
# name 23 = svCM: Sound Velocity [Chen-Millero, m/s]
# name 24 = svCM1: Sound Velocity, 2 [Chen-Millero, m/s]
# name 25 = flag: flag
# span 0 =       2565,      18913       
# span 1 =      0.500,    350.500       
# span 2 =     2.4618,     7.6218       
# span 3 =     2.4623,     7.6224       
# span 4 =    -0.0380,     0.0231       
# span 5 =   2.274062,   3.591221       
# span 6 =   2.274535,   3.591416       
# span 7 =          1,          1       
# span 8 =    5.74687,    8.52919       
# span 9 =    5.65685,    8.40861       
# span 10 =       3.76,      99.60      
# span 11 =     0.0039,     6.1993      
# span 12 =     0.1182,     1.2366      
# span 13 = -2.928e-06, 5.0559e+02      
# span 14 =     0.1298,     2.1133      
# span 15 =    23.7287,    35.0451      
# span 16 =    23.7370,    35.0450      
# span 17 =    -0.0622,     0.0150      
# span 18 =    18.8478,    27.5062      
# span 19 =    18.8548,    27.5061      
# span 20 =      0.495,    346.950      
# span 21 =      0.500,    347.595      
# span 22 =      0.103,      0.592      
# span 23 =    1449.33,    1482.94      
# span 24 =    1449.30,    1482.95      
# span 25 = 0.0000e+00, 0.0000e+00      
# interval = decibars: 0.5              
# start_time = Apr 16 2018 08:31:49 [NMEA time, first data scan]
# bad_flag = -9.990e-29
*END*
       2565      0.500     3.7585     3.7540    -0.0045    2.27769    2.27780          1     8.0757     7.9784      98.71     0.2729     0.1553  5.056e+02  0.2060000    23.7944    23.7989     0.0045    18.9027    18.9066      0.495      0.500      0.129    1451.20    1451.19  0.000e+00
       2616      1.000     3.7655     3.7666     0.0011    2.27697    2.27682          1     8.0956     7.9931      98.71     0.3049     0.2358  4.999e+02  0.2323000    23.7808    23.7784    -0.0025    18.8915    18.8894      0.991      1.000      0.249    1451.23    1451.23  0.000e+00
       2661      1.500     3.7943     3.7916    -0.0028    2.27463    2.27481          1     8.0877     7.9839      98.71     0.3276     0.1971  2.193e+02  0.2380000    23.7329    23.7370     0.0041    18.8514    18.8548      1.486      1.499      0.280    1451.30    1451.29  0.000e+00
       2703      2.000     3.7978     3.7859    -0.0119    2.27450    2.27505          1     8.0841     7.9948      98.71     0.3327     0.2201  1.541e+02  0.2425000    23.7287    23.7437     0.0150    18.8478    18.8605      1.981      1.999      0.289    1451.31    1451.28  0.000e+00
       2744      2.500     3.7781     3.7799     0.0019    2.27495    2.27563          1     8.0808     8.0019      98.71     0.3463     0.2007  1.343e+02  0.2371000    23.7480    23.7545     0.0065    18.8645    18.8695      2.477      2.499      0.291    1451.26    1451.28  0.000e+00
       2785      3.000     3.7532     3.7514    -0.0018    2.27406    2.27454          1     8.1017     8.0107      98.71     0.3536     0.2056  1.180e+02  0.2304000    23.7558    23.7625     0.0067    18.8724    18.8779      2.972      2.999      0.296    1451.17    1451.17  0.000e+00
       2826      3.500     3.7372     3.7369    -0.0003    2.29132    2.29230          1     8.0847     7.9979      98.71     0.3213     0.2802  1.041e+02  0.2342000    23.9648    23.9762     0.0114    19.0395    19.0486      3.467      3.499      0.303    1451.38    1451.39  0.000e+00
       2862      4.000     3.5688     3.5611    -0.0077    2.29597    2.29585          1     8.0747     8.0286      98.71     0.2830     0.2632  9.321e+01  0.2225000    24.1423    24.1467     0.0044    19.1922    19.1962      3.963      3.999      0.341    1450.89    1450.86  0.000e+00
       2900      4.500     3.3513     3.3480    -0.0033    2.28851    2.28826          1     8.1130     8.0790      98.71     0.2483     0.2219  8.302e+01  0.2151000    24.2180    24.2175    -0.0005    19.2671    19.2669      4.458      4.498      0.304    1450.04    1450.03  0.000e+00
       2937      5.000     3.2134     3.2231     0.0098    2.29180    2.29071          1     8.1500     8.1110      98.71     0.2481     0.2223  7.436e+01  0.2133000    24.3595    24.3395    -0.0200    19.3887    19.3722      4.953      4.998      0.353    1449.63    1449.65  0.000e+00
       2969      5.500     3.0865     3.1062     0.0197    2.30634    2.30230          1     8.2312     8.1639      98.71     0.2481     0.1856  6.654e+01  0.2159000    24.6250    24.5628    -0.0622    19.6082    19.5574      5.449      5.497      0.402    1449.43    1449.43  0.000e+00
       2997      6.000     3.0933     3.0921    -0.0012    2.30535    2.30575          1     8.2624     8.1655      98.71     0.2454     0.1958  6.008e+01  0.2038000    24.6081    24.6136     0.0055    19.5943    19.5988      5.944      5.997      0.447    1449.44    1449.45  0.000e+00
       3023      6.500     3.1088     3.1113     0.0025    2.30376    2.30363          1     8.2484     8.1441      98.71     0.2257     0.1275  5.392e+01  0.2027000    24.5775    24.5740    -0.0035    19.5689    19.5660      6.440      6.496      0.458    1449.48    1449.49  0.000e+00
       3050      7.000     3.0989     3.1057     0.0068    2.30568    2.30465          1     8.2502     8.1468      98.71     0.2359     0.1625  4.853e+01  0.1958000    24.6072    24.5901    -0.0171    19.5932    19.5791      6.935      6.996      0.441    1449.48    1449.49  0.000e+00
       3078      7.500     3.0843     3.0829    -0.0013    2.30771    2.30809          1     8.2610     8.1468      98.71     0.2425     0.2012  4.356e+01  0.2051000    24.6419    24.6474     0.0055    19.6218    19.6262      7.430      7.495      0.429    1449.47    1449.47  0.000e+00
       3106      8.000     3.0823     3.0837     0.0014    2.30841    2.30830          1     8.2646     8.1431      98.71     0.2604     0.1552  3.928e+01  0.2013000    24.6515    24.6491    -0.0023    19.6295    19.6275      7.925      7.995      0.438    1449.48    1449.49  0.000e+00
       3132      8.500     3.0714     3.0730     0.0017    2.31048    2.31016          1     8.2548     8.1485      98.71     0.2454     0.2022  3.554e+01  0.2314000    24.6838    24.6789    -0.0049    19.6559    19.6519      8.421      8.494      0.466    1449.49    1449.49  0.000e+00
       3157      9.000     3.0428     3.0511     0.0082    2.31476    2.31372          1     8.1589     8.0914      98.71     0.2240     0.1668  3.241e+01  0.2508000    24.7556    24.7370    -0.0186    19.7149    19.6996      8.916      8.994      0.497    1449.46    1449.47  0.000e+00
       3181      9.500     2.9464     2.9551     0.0088    2.32920    2.32811          1     8.0972     8.0893      98.71     0.2274     0.1274  2.972e+01  0.2325000    24.9995    24.9799    -0.0196    19.9152    19.8991      9.411      9.493      0.506    1449.36    1449.37  0.000e+00
       3205     10.000     2.6686     2.6753     0.0068    2.38763    2.38452          1     8.1508     8.1906      98.71     0.2412     0.1744  2.740e+01  0.1988000    25.9121    25.8698    -0.0423    20.6600    20.6258      9.907      9.992      0.487    1449.33    1449.30  0.000e+00
       3230     10.500     2.4618     2.4623     0.0005    2.46653    2.46548          1     8.3860     8.3778      98.71     0.2574     0.2323  2.525e+01  0.1989000    27.0248    27.0118    -0.0130    21.5606    21.5502     10.402     10.491      0.473    1449.87    1449.86  0.000e+00
       3255     11.000     2.5146     2.5034    -0.0113    2.50033    2.49746          1     8.5292     8.4086      98.71     0.2529     0.2313  2.343e+01  0.1994000    27.3857    27.3609    -0.0248    21.8452    21.8262     10.898     10.989      0.488    1450.58    1450.50  0.000e+00
       3279     11.500     2.8705     2.8461    -0.0244    2.58428    2.58078          1     8.4540     8.2663      98.71     0.2716     0.2288  2.183e+01  0.1818000    28.0834    28.0628    -0.0206    22.3776    22.3629     11.393     11.488      0.508    1453.06    1452.92  0.000e+00
       3303     12.000     3.0297     3.0219    -0.0077    2.63906    2.63648          1     8.3095     8.1275      98.71     0.2606     0.2242  2.030e+01  0.1857000    28.5967    28.5727    -0.0240    22.7751    22.7566     11.888     11.986      0.521    1454.42    1454.36  0.000e+00
       3325     12.500     3.1171     3.1131    -0.0040    2.67131    2.67015          1     8.1775     8.0207      98.71     0.3090     0.2069  1.882e+01  0.1858000    28.9026    28.8923    -0.0102    23.0122    23.0044     12.384     12.483      0.532    1455.21    1455.17  0.000e+00
       3348     13.000     3.1500     3.1523     0.0022    2.68740    2.68704          1     8.1499     8.0059      98.71     0.3605     0.2131  1.755e+01  0.2515000    29.0643    29.0580    -0.0063    23.1385    23.1333     12.879     12.981      0.533    1455.57    1455.57  0.000e+00
       3370     13.500     3.1719     3.1678    -0.0042    2.71511    2.71291          1     8.1806     8.0472      98.71     0.3596     0.2664  1.643e+01  0.2274000    29.3741    29.3515    -0.0225    23.3836    23.3660     13.374     13.479      0.528    1456.07    1456.02  0.000e+00
       3393     14.000     3.3147     3.3103    -0.0043    2.76110    2.75860          1     8.2082     8.0711      98.71     0.7020     0.2937  1.535e+01  0.2944000    29.7903    29.7646    -0.0257    23.7036    23.6835     13.869     13.976      0.526    1457.23    1457.18  0.000e+00
       3416     14.500     3.4777     3.4684    -0.0094    2.81321    2.81050          1     8.1069     7.9496      98.71     1.4187     0.3905  1.435e+01  0.3432000    30.2575    30.2341    -0.0234    24.0619    24.0441     14.365     14.474      0.530    1458.54    1458.47  0.000e+00
       3438     15.000     3.7320     3.7178    -0.0141    2.87648    2.87336          1     7.9870     7.7897      98.71     2.7152     0.5999  1.341e+01  0.3832000    30.7672    30.7436    -0.0236    24.4451    24.4276     14.860     14.971      0.541    1460.29    1460.20  0.000e+00
       3460     15.500     3.9424     3.9244    -0.0180    2.92962    2.92516          1     7.7860     7.5590      98.71     4.5215     0.8856  1.248e+01  0.4546000    31.1931    31.1578    -0.0353    24.7643    24.7380     15.355     15.468      0.548    1461.73    1461.61  0.000e+00
       3482     16.000     4.2717     4.2493    -0.0223    3.01068    3.00519          1     7.5181     7.2727      98.71     6.1993     1.0467  1.150e+01  0.4820000    31.8260    31.7836    -0.0424    25.2353    25.2038     15.851     15.965      0.536    1463.94    1463.79  0.000e+00
       3505     16.500     4.5478     4.5306    -0.0173    3.07744    3.07331          1     7.1591     6.9245      98.71     5.3113     0.9629  1.040e+01  0.4327000    32.3355    32.3044    -0.0311    25.6116    25.5888     16.346     16.462      0.523    1465.75    1465.63  0.000e+00
       3528     17.000     4.8192     4.8031    -0.0160    3.13655    3.13319          1     6.8713     6.6669      98.71     5.2914     1.2366  9.201e+00  0.4835000    32.7537    32.7308    -0.0230    25.9145    25.8980     16.841     16.958      0.526    1467.41    1467.31  0.000e+00
       3551     17.500     4.9358     4.9359     0.0001    3.16448    3.16448          1     6.7640     6.5893      98.71     3.2243     0.6088  8.142e+00  0.3643000    32.9609    32.9608    -0.0001    26.0659    26.0659     17.337     17.454      0.536    1468.16    1468.16  0.000e+00
       3573     18.000     5.1170     5.1068    -0.0102    3.20018    3.19885          1     6.6558     6.5052      98.71     2.2933     0.4110  7.253e+00  0.3345000    33.1913    33.1862    -0.0051    26.2281    26.2253     17.832     17.951      0.540    1469.20    1469.15  0.000e+00
       3595     18.500     5.3586     5.3567    -0.0020    3.24596    3.24516          1     6.5509     6.4230      98.71     2.2399     0.4305  6.536e+00  0.3127000    33.4750    33.4678    -0.0072    26.4251    26.4196     18.327     18.447      0.536    1470.55    1470.53  0.000e+00
       3618     19.000     5.3999     5.3988    -0.0013    3.25527    3.25486          1     6.5296     6.4168      98.71     2.2300     0.4696  5.971e+00  0.3468000    33.5399    33.5363    -0.0036    26.4716    26.4689     18.823     18.943      0.532    1470.81    1470.80  0.000e+00
       3640     19.500     5.4831     5.4749    -0.0081    3.26852    3.26741          1     6.5279     6.4153      98.71     1.9889     0.5057  5.495e+00  0.3931000    33.6075    33.6030    -0.0045    26.5153    26.5127     19.318     19.439      0.538    1471.23    1471.20  0.000e+00
       3662     20.000     5.6395     5.6277    -0.0119    3.29161    3.29024          1     6.5030     6.3748      98.71     1.9694     0.5322  5.073e+00  0.3310000    33.7133    33.7096    -0.0037    26.5802    26.5787     19.813     19.935      0.544    1472.01    1471.95  0.000e+00
       3684     20.500     5.7281     5.7181    -0.0100    3.30418    3.30301          1     6.4599     6.3248      98.71     1.7178     0.3949  4.691e+00  0.3274000    33.7668    33.7637    -0.0031    26.6118    26.6106     20.309     20.431      0.547    1472.44    1472.39  0.000e+00
       3706     21.000     5.7813     5.7783    -0.0031    3.31272    3.31225          1     6.4411     6.3236      98.43     1.0249     0.2923  4.338e+00  0.3106000    33.8100    33.8077    -0.0023    26.6395    26.6380     20.804     20.927      0.543    1472.71    1472.70  0.000e+00
       3728     21.500     5.7958     5.7944    -0.0014    3.31588    3.31566          1     6.4341     6.3409      97.79     0.6728     0.3009  4.026e+00  0.2780000    33.8310    33.8299    -0.0011    26.6543    26.6536     21.299     21.424      0.528    1472.81    1472.80  0.000e+00
       3752     22.000     5.8030     5.8054     0.0024    3.31926    3.31930          1     6.4518     6.3689      96.34     0.6832     0.3157  3.755e+00  0.2934000    33.8618    33.8598    -0.0021    26.6778    26.6758     21.794     21.920      0.514    1472.88    1472.89  0.000e+00
       3775     22.500     5.7532     5.7580     0.0048    3.31698    3.31724          1     6.4910     6.4109      96.27     0.6484     0.2844  3.518e+00  0.2844000    33.8857    33.8838    -0.0019    26.7028    26.7007     22.290     22.416      0.522    1472.72    1472.74  0.000e+00
       3797     23.000     5.7491     5.7507     0.0016    3.31746    3.31751          1     6.5333     6.4435      96.66     0.6066     0.2525  3.311e+00  0.2706000    33.8951    33.8941    -0.0010    26.7106    26.7097     22.785     22.912      0.547    1472.73    1472.73  0.000e+00
       3819     23.500     5.7517     5.7499    -0.0018    3.31995    3.31970          1     6.5530     6.4436      97.36     0.5981     0.2629  3.114e+00  0.2654000    33.9205    33.9194    -0.0011    26.7304    26.7298     23.280     23.408      0.562    1472.77    1472.77  0.000e+00
       3840     24.000     5.8156     5.8141    -0.0015    3.32967    3.32937          1     6.5445     6.4247      97.34     0.5464     0.2474  2.933e+00  0.2606000    33.9659    33.9641    -0.0018    26.7585    26.7572     23.776     23.904      0.548    1473.10    1473.09  0.000e+00
       3863     24.500     5.8523     5.8520    -0.0003    3.33526    3.33517          1     6.5362     6.4272      97.41     0.4722     0.2477  2.760e+00  0.2605000    33.9920    33.9913    -0.0007    26.7746    26.7740     24.271     24.400      0.524    1473.28    1473.28  0.000e+00
       3886     25.000     5.8947     5.8924    -0.0023    3.34120    3.34098          1     6.5335     6.4261      97.61     0.4481     0.2473  2.613e+00  0.2794000    34.0163    34.0160    -0.0002    26.7885    26.7886     24.766     24.896      0.520    1473.49    1473.48  0.000e+00
       3909     25.500     5.9644     5.9613    -0.0030    3.35107    3.35084          1     6.5155     6.4140      97.62     0.4101     0.2410  2.467e+00  0.3104000    34.0571    34.0576     0.0005    26.8121    26.8128     25.262     25.392      0.537    1473.83    1473.82  0.000e+00
       3931     26.000     6.0267     6.0254    -0.0013    3.36098    3.36088          1     6.5004     6.3984      97.63     0.3707     0.2558  2.336e+00  0.2753000    34.1058    34.1060     0.0002    26.8427    26.8430     25.757     25.888      0.545    1474.15    1474.14  0.000e+00
       3953     26.500     6.0422     6.0423     0.0001    3.36357    3.36357          1     6.4889     6.3863      97.74     0.3157     0.2634  2.214e+00  0.2501000    34.1191    34.1191    -0.0001    26.8512    26.8512     26.252     26.384      0.539    1474.23    1474.23  0.000e+00
       3975     27.000     6.0517     6.0519     0.0002    3.36491    3.36492          1     6.4859     6.3768      97.83     0.3163     0.2226  2.099e+00  0.2505000    34.1244    34.1243    -0.0001    26.8542    26.8541     26.747     26.879      0.532    1474.29    1474.29  0.000e+00
       3998     27.500     6.0573     6.0578     0.0006    3.36600    3.36606          1     6.4869     6.3719      97.88     0.3293     0.2370  1.997e+00  0.2588000    34.1308    34.1309     0.0001    26.8586    26.8586     27.243     27.375      0.530    1474.32    1474.33  0.000e+00
