ctdpy/exports/archive_20191120_135557/received_data/SBE09_0827_20180124_1023_26_01_0185.cnv
* Sea-Bird SBE 9 Data File:
* FileName = D:\CTD_SBE911\DAT\26DA.2018.1.85.hex
* Software Version Seasave V 7.21d
* Temperature SN = 034757
* Conductivity SN = 041844
* Number of Bytes Per Scan = 48
* Number of Voltage Words = 5
* Number of Scans Averaged by the Deck Unit = 1
* NMEA Latitude = 57 27.43 N
* NMEA Longitude = 010 49.81 E
* NMEA UTC (Time) = Jan 24 2018  10:23:17
* NMEA baud rate = 4800
** Ship: DANA
** Average sound velocity: 1468.55 m/s
** True-depth calculation Thu, 28 Mar 2019 08:28:15 +0000
** CTD Python Module SMHI /ver 3-12/ feb 2012 
** LIMS Job: 20182601-0185
** Læsø renna
** Operator: Ronny Sørensen
** Cruise: 01/2018
# nquan = 26
# nvalues = 69                          
# units = specified
# name 0 = scan: Scan Count
# name 1 = prDM: Pressure, Digiquartz [db]
# name 2 = t090C: Temperature [ITS-90, deg C]
# name 3 = t190C: Temperature, 2 [ITS-90, deg C]
# name 4 = T2-T190C: Temperature Difference, 2 - 1 [ITS-90, deg C]
# name 5 = c0S/m: Conductivity [S/m]
# name 6 = c1S/m: Conductivity, 2 [S/m]
# name 7 = pumps: Pump Status
# name 8 = sbeox1ML/L: Oxygen, SBE 43, 2 [ml/l]
# name 9 = sbeox0ML/L: Oxygen, SBE 43 [ml/l]
# name 10 = altM: Altimeter [m]
# name 11 = chloroflTC0: Chlorophyll, Turner Cyclops [ug/l]
# name 12 = cpar: CPAR/Corrected Irradiance [%]
# name 13 = par: PAR/Irradiance, Biospherical/Lico [µE/(cm^2*s)]
# name 14 = spar: SPAR, Biospherical/Licor
# name 15 = sal00: Salinity, Practical [PSU]
# name 16 = sal11: Salinity, Practical, 2 [PSU]
# name 17 = secS-priS: Salinity, Practical, Difference, 2 - 1 [PSU]
# name 18 = sigma-t00: Density [sigma-t, kg/m^3 ]
# name 19 = sigma-t11: Density, 2 [sigma-t, kg/m^3 ]
# name 20 = depSM: Depth [salt water, m], lat = 57.4572
# name 21 = depFM: Depth [true depth, m], lat = 57.4572
# name 22 = dz/dtM: Descent Rate [m/s], WS = 2
# name 23 = svCM: Sound Velocity [Chen-Millero, m/s]
# name 24 = svCM1: Sound Velocity, 2 [Chen-Millero, m/s]
# name 25 = flag: flag
# span 0 =         35,       3635       
# span 1 =      1.500,     35.500       
# span 2 =     4.3881,     6.8487       
# span 3 =     4.3878,     6.8442       
# span 4 =    -0.4861,     0.2532       
# span 5 =   2.300929,   3.404344       
# span 6 =   2.300371,   3.403028       
# span 7 =          1,          1       
# span 8 =     5.7170,     7.0004       
# span 9 =     4.0675,     9.2527       
# span 10 =       1.80,       9.96      
# span 11 =     0.0200,     0.0492      
# span 12 = -9.208e-05, 8.5754e+00      
# span 13 = -1.141e-04, 1.2213e+01      
# span 14 = 1.0763e+02, 1.4247e+02      
# span 15 =    23.6025,    33.7658      
# span 16 =    23.5963,    33.7557      
# span 17 =    -2.3400,     0.0061      
# span 18 =    18.7038,    26.4670      
# span 19 =    18.6987,    26.4597      
# span 20 =      1.486,     35.170      
# span 21 =      1.500,     35.320      
# span 22 =      0.097,      0.510      
# span 23 =    1453.68,    1477.11      
# span 24 =    1453.67,    1477.08      
# span 25 = 0.0000e+00, 0.0000e+00      
# interval = decibars: 0.5              
# start_time = Jan 24 2018 10:23:17 [NMEA time, first data scan]
# bad_flag = -9.990e-29
*END*
[from data line 56]
       3041     29.500     6.6413     6.5733    -0.0680    3.37086    3.35847          1     5.9119     5.9573       8.45     0.0326  9.291e-13  1.000e-12  1.076e+02    33.6029    33.5326    -0.0704    26.3664    26.3198     29.226     29.367      0.248    1475.99    1475.64  0.000e+00
       3091     30.000     6.7220     6.6011    -0.1208    3.38410    3.36239          1     5.9138     5.9071       7.94     0.0323  9.190e-13  1.000e-12  1.088e+02    33.6698    33.5485    -0.1213    26.4084    26.3287     29.721     29.863      0.208    1476.40    1475.78  0.000e+00
       3151     30.500     6.7868     6.6800    -0.1068    3.39442    3.37401          1     5.9260     5.8639       7.44     0.0346  9.119e-13  1.000e-12  1.097e+02    33.7198    33.5993    -0.1205    26.4391    26.3584     30.217     30.359      0.240    1476.73    1476.16  0.000e+00
       3194     31.000     6.8192     6.7200    -0.0992    3.39920    3.38170          1     5.8882     5.8403       6.99     0.0365  9.119e-13  1.000e-12  1.097e+02    33.7404    33.6447    -0.0956    26.4510    26.3889     30.712     30.855      0.311    1476.89    1476.38  0.000e+00
       3236     31.500     6.8214     6.7496    -0.0718    3.39968    3.38646          1     5.8302     5.8507       6.52     0.0378  9.103e-13  1.000e-12  1.099e+02    33.7431    33.6680    -0.0751    26.4529    26.4033     31.207     31.351      0.237    1476.91    1476.53  0.000e+00
       3294     32.000     6.8282     6.8012    -0.0270    3.40112    3.39456          1     5.8005     5.8317       6.15     0.0412  8.958e-13  1.000e-12  1.116e+02    33.7521    33.7064    -0.0457    26.4591    26.4266     31.702     31.847      0.259    1476.95    1476.79  0.000e+00
       3334     32.500     6.8320     6.8106    -0.0214    3.40185    3.39716          1     5.7883     5.8431       5.50     0.0447  8.953e-13  1.000e-12  1.117e+02    33.7562    33.7255    -0.0307    26.4617    26.4404     32.198     32.343      0.276    1476.98    1476.86  0.000e+00
       3405     33.000     6.8370     6.8272    -0.0098    3.40260    3.40000          1     5.7955     5.8496       4.99     0.0476  8.953e-13  1.000e-12  1.117e+02    33.7592    33.7402    -0.0190    26.4635    26.4498     32.693     32.840      0.247    1477.01    1476.95  0.000e+00
       3448     33.500     6.8406     6.8320    -0.0086    3.40307    3.40097          1     5.7580     5.8407       4.47     0.0487  8.953e-13  1.000e-12  1.117e+02    33.7607    33.7460    -0.0147    26.4641    26.4537     33.188     33.336      0.349    1477.04    1476.98  0.000e+00
       3488     34.000     6.8465     6.8316    -0.0149    3.40395    3.40111          1     5.7170     5.8386       4.32     0.0492  8.906e-13  1.000e-12  1.123e+02    33.7643    33.7477    -0.0166    26.4662    26.4551     33.684     33.832      0.244    1477.07    1476.99  0.000e+00
       3547     34.500     6.8485     6.8400    -0.0084    3.40427    3.40216          1     5.7640     5.8408       3.44     0.0465  8.797e-13  1.000e-12  1.137e+02    33.7656    33.7507    -0.0149    26.4670    26.4564     34.179     34.328      0.228    1477.09    1477.04  0.000e+00
       3592     35.000     6.8475     6.8434    -0.0042    3.40418    3.40281          1     5.7720     5.8354       3.36     0.0483  8.793e-13  1.000e-12  1.137e+02    33.7653    33.7543    -0.0110    26.4668    26.4587     34.674     34.824      0.293    1477.09    1477.06  0.000e+00
       3635     35.500     6.8487     6.8442    -0.0045    3.40434    3.40303          1     5.7739     5.8297       2.48     0.0484  8.793e-13  1.000e-12  1.137e+02    33.7658    33.7557    -0.0101    26.4670    26.4597     35.170     35.320      0.240    1477.11    1477.08  0.000e+00
