ctdpy/exports/archive_20191120_135557/received_data/SBE09_1044_20180130_2331_34_02_0036.cnv
* Sea-Bird SBE 9 Data File:
* FileName = C:\ctd\temp\2018\ME18D036.hex
* Software Version Seasave V 7.26.6.26
* Temperature SN = 5351
* Conductivity SN = 3941
* Number of Bytes Per Scan = 41
* Number of Voltage Words = 4
* Number of Scans Averaged by the Deck Unit = 1
* NMEA Latitude = 59 39.70 N
* NMEA Longitude = 019 53.13 E
* NMEA UTC (Time) = Jan 30 2018  23:31:06
* NMEA baud rate = 4800
** Station:  Tröskeln Ålands Hav
** Operator:  JKro
** Ship: MERI
** Average sound velocity: 1429.32 m/s
** True-depth calculation Wed, 31 Jan 2018 00:26:07 +0000
** CTD Python Module SMHI /ver 3-12/ feb 2012 
** LIMS Job: 20183402-0036
** Cruise: SMHI-01-2018
** Latitude [GG MM.mm N] :
** Longitude [GG MM.mm E]:
# nquan = 26
# nvalues = 114                         
# units = specified
# name 0 = scan: Scan Count
# name 1 = prDM: Pressure, Digiquartz [db]
# name 2 = t090C: Temperature [ITS-90, deg C]
# name 3 = t190C: Temperature, 2 [ITS-90, deg C]
# name 4 = T2-T190C: Temperature Difference, 2 - 1 [ITS-90, deg C]
# name 5 = c0S/m: Conductivity [S/m]
# name 6 = c1S/m: Conductivity, 2 [S/m]
# name 7 = pumps: Pump Status
# name 8 = sbeox0ML/L: Oxygen, SBE 43 [ml/l]
# name 9 = sbeox1ML/L: Oxygen, SBE 43, 2 [ml/l]
# name 10 = altM: Altimeter [m]
# name 11 = flECO-AFL: Chl-a Fluorescence, WET Labs ECO-AFL/FL [mg/m^3]
# name 12 = flECO-AFL1: Phycocyanin Fluorescence, WET Labs ECO-AFL/FL, 2 [mg/m^3]
# name 13 = par: PAR/Irradiance, Biospherical/Lico [µE/(cm^2*s)]
# name 14 = turbWETntu0: Turbidity, WET Labs ECO [NTU]
# name 15 = sal00: Salinity, Practical [PSU]
# name 16 = sal11: Salinity, Practical, 2 [PSU]
# name 17 = secS-priS: Salinity, Practical, Difference, 2 - 1 [PSU]
# name 18 = sigma-t00: Density [sigma-t, Kg/m^3 ]
# name 19 = sigma-t11: Density, 2 [sigma-t, Kg/m^3 ]
# name 20 = depSM: Depth [salt water, m], lat = 59.6617
# name 21 = depFM: Depth [true depth, m], lat = 59.6617
# name 22 = dz/dtM: Descent Rate [m/s], WS = 2
# name 23 = svCM: Sound Velocity [Chen-Millero, m/s]
# name 24 = svCM1: Sound Velocity, 2 [Chen-Millero, m/s]
# name 25 = flag: flag
# span 0 =      13898,      18489       
# span 1 =      1.000,     57.500       
# span 2 =     3.2843,     4.5221       
# span 3 =     3.2844,     4.5221       
# span 4 =    -0.1055,     0.0271       
# span 5 =   0.632704,   0.726977       
# span 6 =   0.632715,   0.726927       
# span 7 =          1,          1       
# span 8 =    7.72560,    8.45096       
# span 9 =    7.68485,    8.41026       
# span 10 =       1.70,      61.08      
# span 11 =     0.3613,     0.5887      
# span 12 =     0.2898,     0.3949      
# span 13 = -2.690e-07, 5.7153e-01      
# span 14 =     0.3682,     1.3595      
# span 15 =     6.0427,     6.7461      
# span 16 =     6.0427,     6.7455      
# span 17 =    -0.0059,     0.0130      
# span 18 =     4.8142,     5.3491      
# span 19 =     4.8141,     5.3488      
# span 20 =      0.991,     56.951      
# span 21 =      1.014,     58.273      
# span 22 =     -0.041,      0.433      
# span 23 =    1426.34,    1433.66      
# span 24 =    1426.29,    1433.65      
# span 25 = 0.0000e+00, 0.0000e+00      
# interval = decibars: 0.5              
# start_time = Jan 30 2018 23:31:06 [NMEA time, first data scan]
# bad_flag = -9.990e-29
*END*
      13898      1.000     3.3121     3.3005    -0.0115    0.63329    0.63305          1     8.4270     8.3988      61.08     0.5750     0.3723  5.715e-01  0.3712000     6.0446     6.0442    -0.0004     4.8154     4.8152      0.991      1.014      0.162    1426.39    1426.34  0.000e+00
      13963      1.500     3.3214     3.2915    -0.0298    0.63346    0.63286          1     8.4175     8.4103      60.72     0.5659     0.3544  1.901e-01  0.3916000     6.0445     6.0439    -0.0006     4.8152     4.8151      1.486      1.520      0.256    1426.44    1426.30  0.000e+00
      14009      2.000     3.3937     3.2881    -0.1055    0.63484    0.63280          1     8.4498     8.4017      60.21     0.5848     0.3257  8.162e-02  0.4140000     6.0450     6.0440    -0.0011     4.8149     4.8151      1.981      2.027      0.335    1426.78    1426.29  0.000e+00
      14037      2.500     3.3586     3.3236    -0.0351    0.63423    0.63351          1     8.4419     8.3906      59.77     0.5653     0.3473  4.200e-02  0.4011000     6.0453     6.0445    -0.0008     4.8155     4.8152      2.476      2.534      0.433    1426.63    1426.47  0.000e+00
      14074      3.000     3.2970     3.2947    -0.0024    0.63294    0.63288          1     8.4408     8.4038      59.26     0.5713     0.3363  2.777e-02  0.4054000     6.0435     6.0434    -0.0001     4.8147     4.8146      2.972      3.041      0.271    1426.35    1426.34  0.000e+00
      14129      3.500     3.2922     3.2881    -0.0042    0.63283    0.63275          1     8.4305     8.3925      58.65     0.5671     0.3280  2.030e-02  0.3682000     6.0433     6.0432    -0.0000     4.8145     4.8146      3.467      3.548      0.277    1426.34    1426.32  0.000e+00
      14171      4.000     3.3007     3.3016     0.0008    0.63302    0.63307          1     8.4345     8.4003      58.10     0.5779     0.3751  8.949e-03  0.4093000     6.0436     6.0440     0.0004     4.8147     4.8150      3.962      4.055      0.318    1426.38    1426.39  0.000e+00
      14208      4.500     3.3083     3.2941    -0.0140    0.63320    0.63289          1     8.4490     8.3878      57.62     0.5661     0.3949  3.760e-03  0.4028000     6.0440     6.0434    -0.0006     4.8149     4.8146      4.458      4.561      0.285    1426.43    1426.36  0.000e+00
      14254      5.000     3.2993     3.3077     0.0083    0.63302    0.63317          1     8.4510     8.3939      57.12     0.5739     0.3832  2.164e-03  0.3876000     6.0437     6.0437     0.0000     4.8149     4.8148      4.953      5.068      0.289    1426.39    1426.43  0.000e+00
      14291      5.500     3.2853     3.2897     0.0045    0.63274    0.63281          1     8.4399     8.4004      56.63     0.5778     0.3258  8.259e-04  0.4043000     6.0434     6.0434    -0.0001     4.8147     4.8146      5.448      5.575      0.344    1426.34    1426.36  0.000e+00
      14323      6.000     3.2903     3.2865    -0.0038    0.63287    0.63276          1     8.4416     8.4071      56.11     0.5844     0.3311 -2.690e-07  0.4123000     6.0437     6.0434    -0.0003     4.8149     4.8147      5.944      6.082      0.383    1426.37    1426.35  0.000e+00
      14360      6.500     3.2887     3.2871    -0.0016    0.63283    0.63280          1     8.4387     8.4083      55.34     0.5834     0.3143  1.131e-12  0.4234000     6.0436     6.0436    -0.0001     4.8149     4.8148      6.439      6.589      0.268    1426.37    1426.36  0.000e+00
      14408      7.000     3.2858     3.2865     0.0007    0.63270    0.63273          1     8.4418     8.4040      54.86     0.5887     0.3134  1.000e-12  0.4104000     6.0428     6.0429     0.0001     4.8142     4.8143      6.934      7.096      0.301    1426.36    1426.36  0.000e+00
      14442      7.500     3.2874     3.2873    -0.0001    0.63273    0.63272          1     8.4430     8.4005      54.51     0.5471     0.3386  1.000e-12  0.4130000     6.0427     6.0427    -0.0001     4.8142     4.8141      7.429      7.602      0.373    1426.38    1426.38  0.000e+00
      14474      8.000     3.2862     3.2865     0.0003    0.63274    0.63273          1     8.4374     8.3907      54.03     0.5768     0.3777  1.000e-12  0.4210000     6.0430     6.0428    -0.0002     4.8144     4.8142      7.925      8.109      0.361    1426.38    1426.38  0.000e+00
      14511      8.500     3.2861     3.2863     0.0001    0.63273    0.63272          1     8.4382     8.4002      53.42     0.5668     0.3635  1.000e-12  0.4135000     6.0429     6.0427    -0.0002     4.8143     4.8141      8.420      8.616      0.278    1426.39    1426.39  0.000e+00
      14559      9.000     3.2852     3.2861     0.0010    0.63275    0.63272          1     8.4375     8.3992      52.84     0.5703     0.3214  1.000e-12  0.3944000     6.0432     6.0427    -0.0005     4.8145     4.8141      8.915      9.123      0.275    1426.39    1426.39  0.000e+00
      14595      9.500     3.2843     3.2844     0.0001    0.63277    0.63275          1     8.4364     8.4005      52.39     0.5701     0.3750  1.000e-12  0.4043000     6.0435     6.0433    -0.0002     4.8148     4.8146      9.410      9.630      0.398    1426.39    1426.39  0.000e+00
      14623     10.000     3.2850     3.2846    -0.0004    0.63278    0.63276          1     8.4357     8.3981      51.91     0.5764     0.3605  1.000e-12  0.4062000     6.0434     6.0433    -0.0001     4.8148     4.8147      9.906     10.137      0.386    1426.41    1426.40  0.000e+00
      14665     10.500     3.2870     3.2879     0.0009    0.63284    0.63280          1     8.4316     8.3962      51.31     0.5712     0.3439  1.000e-12  0.4111000     6.0436     6.0430    -0.0006     4.8148     4.8144     10.401     10.643      0.238    1426.42    1426.42  0.000e+00
      14713     11.000     3.2850     3.2879     0.0029    0.63289    0.63285          1     8.4362     8.3985      50.82     0.5615     0.3082  1.000e-12  0.3908000     6.0444     6.0435    -0.0009     4.8155     4.8148     10.896     11.150      0.347    1426.42    1426.43  0.000e+00
      14741     11.500     3.2869     3.2895     0.0026    0.63285    0.63292          1     8.4328     8.3989      50.31     0.5426     0.3441  1.000e-12  0.4196000     6.0436     6.0438     0.0002     4.8149     4.8150     11.392     11.657      0.432    1426.44    1426.45  0.000e+00
      14772     12.000     3.2984     3.3011     0.0028    0.63355    0.63363          1     8.4215     8.3848      49.81     0.5627     0.3787  1.000e-12  0.4330000     6.0485     6.0489     0.0004     4.8187     4.8189     11.887     12.164      0.312    1426.50    1426.52  0.000e+00
      14825     12.500     3.3246     3.3261     0.0014    0.63477    0.63482          1     8.4280     8.3817      49.17     0.5619     0.3564  1.000e-12  0.4057000     6.0560     6.0562     0.0002     4.8244     4.8246     12.382     12.671      0.234    1426.64    1426.65  0.000e+00
      14862     13.000     3.3543     3.3607     0.0062    0.63614    0.63642          1     8.4142     8.3562      48.73     0.5376     0.3159  1.000e-12  0.4231000     6.0644     6.0661     0.0017     4.8308     4.8321     12.877     13.178      0.417    1426.80    1426.83  0.000e+00
      14890     13.500     3.3505     3.3714     0.0208    0.63599    0.63686          1     8.3768     8.3353      48.25     0.5379     0.3206  1.000e-12  0.4379000     6.0635     6.0685     0.0050     4.8301     4.8339     13.373     13.684      0.394    1426.79    1426.89  0.000e+00
      14929     14.000     3.3191     3.3461     0.0271    0.63458    0.63564          1     8.3863     8.3693      47.56     0.5033     0.3272  1.000e-12  0.4223000     6.0549     6.0607     0.0058     4.8236     4.8279     13.868     14.191      0.259    1426.64    1426.77  0.000e+00
      14977     14.500     3.3578     3.3784     0.0206    0.63624    0.63718          1     8.3723     8.3531      46.72     0.5077     0.3248  1.000e-12  0.4188000     6.0646     6.0703     0.0058     4.8309     4.8353     14.363     14.698      0.299    1426.84    1426.94  0.000e+00
      15010     15.000     3.3803     3.3811     0.0008    0.63731    0.63728          1     8.3742     8.3366      46.57     0.5158     0.2992  1.000e-12  0.4324000     6.0712     6.0708    -0.0004     4.8360     4.8356     14.858     15.205      0.383    1426.96    1426.96  0.000e+00
      15043     15.500     3.3817     3.3826     0.0010    0.63735    0.63735          1     8.3847     8.3314      45.98     0.5154     0.3435  1.000e-12  0.4406000     6.0713     6.0711    -0.0002     4.8361     4.8359     15.354     15.712      0.321    1426.97    1426.97  0.000e+00
      15086     16.000     3.3852     3.3870     0.0018    0.63755    0.63757          1     8.3826     8.3282      45.41     0.5111     0.3209  1.000e-12  0.4291000     6.0726     6.0725    -0.0001     4.8370     4.8369     15.849     16.218      0.279    1427.00    1427.00  0.000e+00
      15125     16.500     3.3935     3.3942     0.0006    0.63795    0.63791          1     8.3636     8.3242      44.71     0.5124     0.3018  1.000e-12  0.4388000     6.0751     6.0746    -0.0005     4.8389     4.8385     16.344     16.725      0.345    1427.05    1427.05  0.000e+00
      15158     17.000     3.4043     3.4033    -0.0010    0.63855    0.63842          1     8.3618     8.3314      44.42     0.4930     0.3091  1.000e-12  0.4238000     6.0791     6.0780    -0.0011     4.8420     4.8411     16.839     17.232      0.338    1427.11    1427.10  0.000e+00
      15199     17.500     3.4070     3.4072     0.0001    0.63869    0.63863          1     8.3694     8.3247      43.90     0.4994     0.3074  1.000e-12  0.4275000     6.0800     6.0793    -0.0006     4.8426     4.8421     17.335     17.739      0.273    1427.13    1427.13  0.000e+00
      15241     18.000     3.4039     3.4069     0.0030    0.63850    0.63862          1     8.3587     8.3249      43.38     0.4924     0.3182  1.000e-12  0.4364000     6.0786     6.0793     0.0008     4.8415     4.8421     17.830     18.246      0.321    1427.12    1427.14  0.000e+00
      15276     18.500     3.4146     3.4155     0.0008    0.63912    0.63911          1     8.3511     8.3156      42.93     0.5113     0.3180  1.000e-12  0.4434000     6.0828     6.0826    -0.0002     4.8448     4.8446     18.325     18.753      0.356    1427.18    1427.19  0.000e+00
      15311     19.000     3.4205     3.4216     0.0011    0.63946    0.63946          1     8.3563     8.3133      42.43     0.4959     0.3196  1.000e-12  0.4477000     6.0851     6.0849    -0.0002     4.8466     4.8464     18.820     19.259      0.308    1427.22    1427.23  0.000e+00
      15355     19.500     3.4272     3.4274     0.0003    0.63984    0.63979          1     8.3668     8.3047      41.81     0.4899     0.3185  1.000e-12  0.4484000     6.0877     6.0871    -0.0005     4.8485     4.8481     19.316     19.766      0.260    1427.26    1427.26  0.000e+00
      15397     20.000     3.4235     3.4254     0.0020    0.63961    0.63965          1     8.3575     8.3050      41.30     0.4924     0.3786  1.000e-12  0.4442000     6.0860     6.0861     0.0001     4.8473     4.8473     19.811     20.273      0.327    1427.25    1427.26  0.000e+00
      15431     20.500     3.4308     3.4295    -0.0013    0.64011    0.63998          1     8.3564     8.3042      40.85     0.5106     0.3713  1.000e-12  0.4497000     6.0897     6.0886    -0.0010     4.8501     4.8493     20.306     20.780      0.361    1427.30    1427.29  0.000e+00
      15466     21.000     3.4312     3.4347     0.0035    0.64010    0.64028          1     8.3497     8.3113      40.29     0.4710     0.3587  1.000e-12  0.4608000     6.0894     6.0906     0.0012     4.8499     4.8508     20.801     21.287      0.315    1427.31    1427.33  0.000e+00
      15512     21.500     3.4346     3.4354     0.0007    0.64029    0.64026          1     8.3450     8.3173      39.72     0.4861     0.3533  1.000e-12  0.4403000     6.0906     6.0902    -0.0004     4.8508     4.8505     21.297     21.793      0.239    1427.33    1427.34  0.000e+00
      15557     22.000     3.4357     3.4359     0.0002    0.64033    0.64031          1     8.3450     8.3151      39.25     0.4918     0.2905  1.000e-12  0.4699000     6.0909     6.0906    -0.0002     4.8510     4.8508     21.792     22.300      0.337    1427.35    1427.35  0.000e+00
      15588     22.500     3.4361     3.4369     0.0008    0.64035    0.64036          1     8.3456     8.3116      38.79     0.4706     0.3268  1.000e-12  0.4574000     6.0909     6.0909    -0.0000     4.8510     4.8510     22.287     22.807      0.384    1427.36    1427.36  0.000e+00
      15623     23.000     3.4358     3.4367     0.0009    0.64032    0.64033          1     8.3571     8.3035      38.21     0.4859     0.3161  1.000e-12  0.4548000     6.0906     6.0905    -0.0001     4.8508     4.8507     22.782     23.314      0.289    1427.36    1427.37  0.000e+00
      15671     23.500     3.4397     3.4379    -0.0018    0.64067    0.64045          1     8.3596     8.3200      37.60     0.4806     0.3371  1.000e-12  0.4502000     6.0934     6.0914    -0.0019     4.8530     4.8514     23.278     23.821      0.268    1427.39    1427.38  0.000e+00
      15709     24.000     3.4388     3.4402     0.0014    0.64063    0.64067          1     8.3479     8.3161      37.17     0.4912     0.3348  1.000e-12  0.4816000     6.0931     6.0932     0.0001     4.8527     4.8528     23.773     24.327      0.326    1427.39    1427.40  0.000e+00
      15749     24.500     3.4374     3.4380     0.0006    0.64048    0.64046          1     8.3523     8.3060      36.18     0.4943     0.3236  1.000e-12  0.4678000     6.0917     6.0914    -0.0003     4.8517     4.8514     24.268     24.834      0.285    1427.39    1427.39  0.000e+00
      15791     25.000     3.4380     3.4392     0.0012    0.64054    0.64058          1     8.3390     8.3058      35.85     0.4643     0.3281  1.000e-12  0.4521000     6.0922     6.0924     0.0002     4.8520     4.8522     24.763     25.341      0.312    1427.41    1427.41  0.000e+00
      15826     25.500     3.4450     3.4436    -0.0013    0.64110    0.64096          1     8.3398     8.3082      35.51     0.4809     0.2987  1.000e-12  0.4540000     6.0965     6.0953    -0.0012     4.8554     4.8545     25.259     25.848      0.346    1427.45    1427.44  0.000e+00
      15864     26.000     3.4472     3.4504     0.0032    0.64127    0.64146          1     8.3326     8.2862      35.03     0.4754     0.3312  1.000e-12  0.4536000     6.0978     6.0991     0.0013     4.8564     4.8574     25.754     26.355      0.277    1427.47    1427.49  0.000e+00
      15913     26.500     3.4515     3.4524     0.0008    0.64164    0.64164          1     8.3429     8.2941      34.44     0.4665     0.3397  1.000e-12  0.4479000     6.1007     6.1005    -0.0002     4.8586     4.8585     26.249     26.861      0.255    1427.50    1427.50  0.000e+00
      15952     27.000     3.4590     3.4635     0.0045    0.64218    0.64247          1     8.3525     8.3255      33.99     0.4607     0.3921  1.000e-12  0.4670000     6.1047     6.1068     0.0021     4.8618     4.8634     26.744     27.368      0.363    1427.55    1427.57  0.000e+00
      15983     27.500     3.4686     3.4693     0.0006    0.64290    0.64288          1     8.3440     8.2899      33.07     0.4825     0.3596  1.000e-12  0.4781000     6.1101     6.1098    -0.0003     4.8660     4.8657     27.240     27.875      0.372    1427.61    1427.61  0.000e+00
      16022     28.000     3.4690     3.4696     0.0006    0.64292    0.64289          1     8.3366     8.2828      32.71     0.4719     0.3137  1.000e-12  0.4661000     6.1103     6.1098    -0.0004     4.8661     4.8657     27.735     28.382      0.255    1427.62    1427.62  0.000e+00
