ctdpy/exports/archive_20191120_135557/received_data/SBE09_1044_20180924_0947_34_01_0049.cnv
* Sea-Bird SBE 9 Data File:
* FileName = C:\ctd\temp\2018\AR18D049.hex
* Software Version Seasave V 7.26.6.26
* Temperature SN = 5351
* Conductivity SN = 3941
* Number of Bytes Per Scan = 41
* Number of Voltage Words = 4
* Number of Scans Averaged by the Deck Unit = 1
* NMEA Latitude = 58 15.59 N
* NMEA Longitude = 011 26.07 E
* NMEA UTC (Time) = Sep 24 2018  09:47:32
* NMEA baud rate = 4800
** Station:  Slägg
** Operator:  MHan
** Ship: ARANDA
** Average sound velocity: 1499.92 m/s
** True-depth calculation Mon, 24 Sep 2018 10:48:33 +0000
** CTD Python Module SMHI /ver 3-12/ feb 2012 
** LIMS Job: 20183401-0049
** Cruise: SMHI-02-2018
** Latitude [GG MM.mm N] :
** Longitude [GG MM.mm E]:
# nquan = 26
# nvalues = 127                         
# units = specified
# name 0 = scan: Scan Count
# name 1 = prDM: Pressure, Digiquartz [db]
# name 2 = t090C: Temperature [ITS-90, deg C]
# name 3 = t190C: Temperature, 2 [ITS-90, deg C]
# name 4 = T2-T190C: Temperature Difference, 2 - 1 [ITS-90, deg C]
# name 5 = c0S/m: Conductivity [S/m]
# name 6 = c1S/m: Conductivity, 2 [S/m]
# name 7 = pumps: Pump Status
# name 8 = sbeox0ML/L: Oxygen, SBE 43 [ml/l]
# name 9 = sbeox1ML/L: Oxygen, SBE 43, 2 [ml/l]
# name 10 = altM: Altimeter [m]
# name 11 = flECO-AFL: Chl-a Fluorescence, WET Labs ECO-AFL/FL [mg/m^3]
# name 12 = flECO-AFL1: Phycocyanin Fluorescence, WET Labs ECO-AFL/FL, 2 [mg/m^3]
# name 13 = par: PAR/Irradiance, Biospherical/Lico [µE/(cm^2*s)]
# name 14 = turbWETntu0: Turbidity, WET Labs ECO [NTU]
# name 15 = sal00: Salinity, Practical [PSU]
# name 16 = sal11: Salinity, Practical, 2 [PSU]
# name 17 = secS-priS: Salinity, Practical, Difference, 2 - 1 [PSU]
# name 18 = sigma-t00: Density [sigma-t, Kg/m^3 ]
# name 19 = sigma-t11: Density, 2 [sigma-t, Kg/m^3 ]
# name 20 = depSM: Depth [salt water, m], lat = 58.2598
# name 21 = depFM: Depth [true depth, m], lat = 58.2598
# name 22 = dz/dtM: Descent Rate [m/s], WS = 2
# name 23 = svCM: Sound Velocity [Chen-Millero, m/s]
# name 24 = svCM1: Sound Velocity, 2 [Chen-Millero, m/s]
# name 25 = flag: flag
# span 0 =      35322,      38234       
# span 1 =      1.000,     64.000       
# span 2 =     8.1056,    16.0033       
# span 3 =     8.1109,    16.0016       
# span 4 =    -0.0286,     0.0476       
# span 5 =   3.134863,   4.077890       
# span 6 =   3.135456,   4.077307       
# span 7 =          1,          1       
# span 8 =    3.80632,    6.07962       
# span 9 =    3.13180,    4.66279       
# span 10 =       3.33,      64.04      
# span 11 =     0.2725,     3.3250      
# span 12 =     0.1920,     0.6172      
# span 13 = 1.0000e-12, 9.2390e+02      
# span 14 =     0.4296,     4.6866      
# span 15 =    24.3762,    33.6339      
# span 16 =    24.3817,    33.6326      
# span 17 =    -0.0903,     0.0509      
# span 18 =    17.6974,    26.1847      
# span 19 =    17.7017,    26.1836      
# span 20 =      0.991,     63.396      
# span 21 =      1.001,     63.694      
# span 22 =     -0.176,      0.627      
# span 23 =    1482.21,    1506.24      
# span 24 =    1482.23,    1506.23      
# span 25 = 0.0000e+00, 0.0000e+00      
# interval = decibars: 0.5              
# start_time = Sep 24 2018 09:47:32 [NMEA time, first data scan]
# bad_flag = -9.990e-29
*END*
      35322      1.000    15.5035    15.5029    -0.0006    3.13486    3.13546          1     6.0587     3.1789      64.04     2.9436     0.6035  9.239e+02  0.8243000    24.3762    24.3817     0.0055    17.6974    17.7017      0.991      1.001      0.256    1495.99    1495.99  0.000e+00
      35362      1.500    15.5052    15.5073     0.0021    3.13834    3.13864          1     6.0796     3.1856      63.71     2.9863     0.5201  3.105e+02  0.8640000    24.4049    24.4062     0.0013    17.7191    17.7196      1.486      1.501      0.333    1496.03    1496.04  0.000e+00
      35395      2.000    15.5052    15.5055     0.0002    3.13972    3.14017          1     6.0711     3.1910      63.31     3.0170     0.6172  1.539e+02  0.8634000    24.4166    24.4203     0.0037    17.7280    17.7308      1.981      2.002      0.377    1496.06    1496.06  0.000e+00
      35425      2.500    15.5035    15.5042     0.0007    3.14224    3.14275          1     6.0677     3.1867      53.55     3.0128     0.5575  1.241e+02  0.8513000    24.4392    24.4431     0.0039    17.7456    17.7485      2.477      2.502      0.422    1496.09    1496.09  0.000e+00
      35453      3.000    15.5036    15.5072     0.0035    3.14514    3.14557          1     6.0184     3.1644      10.97     2.9985     0.5749  9.692e+01  0.8787000    24.4638    24.4653     0.0015    17.7645    17.7649      2.972      3.002      0.448    1496.12    1496.14  0.000e+00
      35479      3.500    15.5130    15.5115    -0.0014    3.14729    3.14644          1     5.9270     3.1532      55.48     3.0867     0.5154  7.164e+01  0.9012000    24.4764    24.4700    -0.0064    17.7722    17.7676      3.467      3.503      0.470    1496.17    1496.16  0.000e+00
      35504      4.000    15.6169    15.6360     0.0190    3.18575    3.19145          1     5.7229     3.1545      61.34     3.1596     0.5565  5.566e+01  0.8690000    24.7414    24.7784     0.0370    17.9539    17.9783      3.963      4.003      0.505    1496.82    1496.93  0.000e+00
      35527      4.500    15.8077    15.8178     0.0102    3.28524    3.29194          1     5.4952     3.1622      60.79     3.3250     0.5826  4.255e+01  0.7943000    25.4736    25.5246     0.0509    18.4754    18.5123      4.458      4.503      0.529    1498.28    1498.37  0.000e+00
      35549      5.000    15.9491    15.9509     0.0018    3.35376    3.35485          1     5.3680     3.1665      60.45     2.5653     0.5137  3.176e+01  0.6144000    25.9690    25.9772     0.0082    18.8252    18.8311      4.953      5.003      0.540    1499.31    1499.33  0.000e+00
      35571      5.500    16.0033    16.0016    -0.0018    3.37498    3.37558          1     5.3368     3.1679      59.93     1.8735     0.4294  2.471e+01  0.5226000    26.1152    26.1216     0.0063    18.9257    18.9310      5.449      5.503      0.538    1499.66    1499.66  0.000e+00
      35594      6.000    15.9381    15.9344    -0.0037    3.39208    3.39302          1     5.3556     3.1722      59.11     1.4961     0.3830  1.875e+01  0.4858000    26.3048    26.3153     0.0105    19.0849    19.0937      5.944      6.003      0.526    1499.68    1499.68  0.000e+00
      35617      6.500    15.8673    15.8666    -0.0007    3.40497    3.40543          1     5.3748     3.1724      54.60     1.3419     0.2985  1.491e+01  0.4525000    26.4623    26.4668     0.0045    19.2207    19.2242      6.440      6.503      0.516    1499.64    1499.65  0.000e+00
      35640      7.000    15.7938    15.7871    -0.0067    3.43153    3.43357          1     5.3586     3.1594      15.81     1.2836     0.2599  1.245e+01  0.4296000    26.7403    26.7625     0.0222    19.4494    19.4678      6.935      7.002      0.526    1499.74    1499.74  0.000e+00
      35662      7.500    15.6889    15.6860    -0.0029    3.45417    3.45400          1     5.3605     3.1482      15.98     1.2875     0.3014  1.044e+01  0.4342000    27.0070    27.0075     0.0005    19.6762    19.6772      7.430      7.502      0.551    1499.72    1499.71  0.000e+00
      35684      8.000    15.5564    15.5582     0.0017    3.48487    3.48350          1     5.4183     3.1458      54.80     1.3963     0.3054  8.935e+00  0.4586000    27.3650    27.3518    -0.0132    19.9789    19.9684      7.926      8.001      0.575    1499.72    1499.71  0.000e+00
      35704      8.500    15.4086    15.4132     0.0046    3.55820    3.55424          1     5.4588     3.1480      56.99     1.3935     0.3258  7.740e+00  0.4975000    28.1087    28.0707    -0.0380    20.5810    20.5509      8.421      8.500      0.592    1500.11    1500.09  0.000e+00
      35724      9.000    15.3885    15.3847    -0.0037    3.64949    3.65342          1     5.4797     3.1508      27.76     1.3644     0.3525  6.790e+00  0.6013000    28.9244    28.9618     0.0374    21.2118    21.2414      8.916      8.999      0.595    1501.00    1501.03  0.000e+00
      35745      9.500    15.3804    15.3786    -0.0018    3.66488    3.66769          1     5.4619     3.1481      55.38     1.3308     0.3536  6.072e+00  0.7237000    29.0656    29.0917     0.0261    21.3220    21.3424      9.412      9.498      0.575    1501.15    1501.17  0.000e+00
      35766     10.000    15.3704    15.3720     0.0016    3.67393    3.67542          1     5.4447     3.1406      55.57     1.2927     0.3157  5.503e+00  0.8201000    29.1525    29.1645     0.0120    21.3909    21.3998      9.907      9.996      0.547    1501.23    1501.25  0.000e+00
      35789     10.500    15.3681    15.3708     0.0027    3.68002    3.68014          1     5.4196     3.1318      55.07     1.2704     0.3084  4.988e+00  0.8324000    29.2078    29.2069    -0.0009    21.4339    21.4326     10.402     10.495      0.537    1501.29    1501.30  0.000e+00
      35811     11.000    15.3734    15.3699    -0.0034    3.70637    3.69584          1     5.3917     3.1365      54.67     1.3061     0.3312  4.512e+00  0.8690000    29.4361    29.3457    -0.0903    21.6081    21.5395     10.898     10.993      0.551    1501.58    1501.46  0.000e+00
      35832     11.500    15.4255    15.4293     0.0038    3.76388    3.76580          1     5.3647     3.1455      54.25     1.2568     0.3418  4.032e+00  0.9397000    29.9043    29.9183     0.0140    21.9568    21.9667     11.393     11.492      0.573    1502.30    1502.32  0.000e+00
      35853     12.000    15.4958    15.4996     0.0037    3.82537    3.82955          1     5.3143     3.1563      53.69     1.2523     0.3096  3.611e+00  1.1706000    30.3936    30.4276     0.0340    22.3177    22.3430     11.888     11.990      0.590    1503.09    1503.14  0.000e+00
      35873     12.500    15.5753    15.5681    -0.0072    3.89587    3.88971          1     5.2811     3.1753      53.35     1.1745     0.3097  3.268e+00  1.3490000    30.9549    30.9060    -0.0488    22.7318    22.6959     12.384     12.488      0.594    1504.00    1503.92  0.000e+00
      35893     13.000    15.5956    15.5904    -0.0052    3.91496    3.91072          1     5.2865     3.2053      53.04     0.9508     0.2902  2.964e+00  1.3600000    31.1076    31.0742    -0.0334    22.8448    22.8203     12.879     12.986      0.583    1504.25    1504.19  0.000e+00
      35914     13.500    15.6116    15.6104    -0.0012    3.93261    3.93025          1     5.2832     3.2396      52.42     0.9018     0.2871  2.691e+00  1.2777000    31.2510    31.2311    -0.0199    22.9515    22.9365     13.374     13.484      0.554    1504.47    1504.45  0.000e+00
      35936     14.000    15.6379    15.6380    -0.0000    3.96476    3.96402          1     5.2735     3.2820      52.04     0.9156     0.2870  2.438e+00  1.3322000    31.5145    31.5079    -0.0066    23.1483    23.1433     13.870     13.982      0.533    1504.87    1504.86  0.000e+00
      35959     14.500    15.6438    15.6445     0.0007    3.97123    3.97128          1     5.2866     3.3515      51.47     0.8482     0.2689  2.194e+00  1.4326000    31.5669    31.5668    -0.0001    23.1874    23.1871     14.365     14.479      0.540    1504.96    1504.96  0.000e+00
      35981     15.000    15.6463    15.6473     0.0010    3.97464    3.97501          1     5.2832     3.4082      50.99     0.8699     0.2821  1.962e+00  1.4666000    31.5949    31.5975     0.0025    23.2083    23.2101     14.860     14.977      0.560    1505.00    1505.01  0.000e+00
      36002     15.500    15.6532    15.6555     0.0023    3.98067    3.98194          1     5.2611     3.4674      50.52     0.8656     0.3108  1.751e+00  1.4761000    31.6426    31.6520     0.0094    23.2435    23.2502     15.355     15.475      0.572    1505.09    1505.11  0.000e+00
      36023     16.000    15.6580    15.6586     0.0006    3.98384    3.98367          1     5.2593     3.5415      50.05     0.7954     0.2949  1.550e+00  1.4984000    31.6667    31.6648    -0.0020    23.2610    23.2593     15.851     15.973      0.569    1505.14    1505.14  0.000e+00
      36044     16.500    15.6631    15.6629    -0.0002    3.98830    3.98831          1     5.2646     3.6269      49.62     0.7748     0.2837  1.376e+00  1.5350000    31.7020    31.7022     0.0002    23.2869    23.2871     16.346     16.470      0.564    1505.21    1505.21  0.000e+00
      36065     17.000    15.6686    15.6694     0.0009    3.99440    3.99381          1     5.2654     3.7284      49.00     0.7429     0.2727  1.215e+00  1.5565000    31.7514    31.7454    -0.0060    23.3237    23.3190     16.841     16.968      0.561    1505.29    1505.29  0.000e+00
      36087     17.500    15.6669    15.6672     0.0003    3.99515    3.99519          1     5.2524     3.8286      48.45     0.6751     0.2277  1.070e+00  1.3927000    31.7592    31.7593     0.0001    23.3301    23.3301     17.337     17.466      0.569    1505.30    1505.30  0.000e+00
      36108     18.000    15.6632    15.6630    -0.0002    3.99644    3.99698          1     5.2447     3.9096      47.97     0.6885     0.2961  9.352e-01  1.4807000    31.7735    31.7784     0.0050    23.3419    23.3457     17.832     17.963      0.571    1505.32    1505.32  0.000e+00
      36129     18.500    15.6572    15.6578     0.0005    4.00426    4.00402          1     5.2590     3.9814      47.54     0.7061     0.3031  8.178e-01  1.5565000    31.8473    31.8448    -0.0026    23.4000    23.3979     18.327     18.461      0.564    1505.39    1505.39  0.000e+00
      36150     19.000    15.6833    15.6798    -0.0033    4.02527    4.02295          1     5.2610     4.0898      47.19     0.6945     0.2962  7.180e-01  1.4844000    32.0124    31.9946    -0.0178    23.5211    23.5082     18.823     18.958      0.565    1505.67    1505.64  0.000e+00
      36171     19.500    15.6944    15.6942    -0.0002    4.03341    4.03295          1     5.2535     4.2042      46.58     0.7028     0.2991  6.328e-01  1.4672000    32.0754    32.0715    -0.0039    23.5671    23.5641     19.318     19.456      0.583    1505.79    1505.78  0.000e+00
      36191     20.000    15.7023    15.7023     0.0000    4.03831    4.03819          1     5.2554     4.2818      45.77     0.6709     0.3199  5.563e-01  1.4137000    32.1122    32.1111    -0.0011    23.5937    23.5928     19.813     19.954      0.605    1505.86    1505.86  0.000e+00
      36211     20.500    15.7040    15.7046     0.0006    4.03929    4.03939          1     5.2749     4.3685      45.55     0.6645     0.3066  4.828e-01  1.4509000    32.1193    32.1197     0.0004    23.5987    23.5989     20.309     20.451      0.618    1505.89    1505.89  0.000e+00
      36230     21.000    15.7068    15.7068     0.0000    4.04086    4.04063          1     5.2859     4.4544      45.08     0.6587     0.2741  4.152e-01  1.4834000    32.1308    32.1287    -0.0021    23.6069    23.6053     20.804     20.949      0.610    1505.92    1505.91  0.000e+00
      36250     21.500    15.7119    15.7128     0.0009    4.04483    4.04522          1     5.2937     4.4816      44.57     0.6309     0.2571  3.512e-01  1.4891000    32.1617    32.1644     0.0027    23.6296    23.6314     21.299     21.446      0.581    1505.97    1505.98  0.000e+00
      36272     22.000    15.7143    15.7150     0.0007    4.04861    4.04852          1     5.2964     4.5132      44.14     0.6522     0.2938  3.032e-01  1.3544000    32.1930    32.1916    -0.0014    23.6531    23.6519     21.794     21.944      0.552    1506.03    1506.03  0.000e+00
      36294     22.500    15.7057    15.7073     0.0016    4.05204    4.05169          1     5.2864     4.5685      43.70     0.6158     0.3071  2.711e-01  1.3899000    32.2302    32.2259    -0.0043    23.6836    23.6800     22.290     22.441      0.545    1506.05    1506.05  0.000e+00
      36316     23.000    15.6893    15.6912     0.0019    4.05833    4.05791          1     5.2750     4.5972      43.17     0.6410     0.2824  2.329e-01  1.4285000    32.2994    32.2941    -0.0053    23.7404    23.7360     22.785     22.939      0.560    1506.09    1506.09  0.000e+00
      36337     23.500    15.6740    15.6747     0.0007    4.06097    4.06113          1     5.2627     4.5741      42.83     0.6211     0.2502  1.967e-01  1.5212000    32.3350    32.3360     0.0009    23.7712    23.7718     23.280     23.436      0.580    1506.09    1506.09  0.000e+00
      36357     24.000    15.6727    15.6744     0.0017    4.06352    4.06393          1     5.2627     4.6049      42.29     0.5906     0.2302  1.638e-01  1.6034000    32.3587    32.3609     0.0022    23.7897    23.7910     23.776     23.933      0.594    1506.12    1506.13  0.000e+00
      36377     24.500    15.6737    15.6745     0.0009    4.06411    4.06411          1     5.2604     4.6628      42.03     0.6208     0.2247  1.348e-01  1.6016000    32.3629    32.3621    -0.0008    23.7928    23.7920     24.271     24.431      0.596    1506.14    1506.14  0.000e+00
      36397     25.000    15.6757    15.6767     0.0010    4.06468    4.06483          1     5.2710     4.6365      41.48     0.6452     0.2651  1.099e-01  1.5560000    32.3662    32.3666     0.0004    23.7948    23.7949     24.766     24.928      0.584    1506.15    1506.16  0.000e+00
      36418     25.500    15.6767    15.6797     0.0030    4.06557    4.06593          1     5.2620     4.5834      40.98     0.6107     0.2770  9.050e-02  1.5173000    32.3730    32.3737     0.0007    23.7998    23.7997     25.262     25.426      0.568    1506.18    1506.18  0.000e+00
      36440     26.000    15.6537    15.6575     0.0038    4.06798    4.06871          1     5.2180     4.5967      40.46     0.6027     0.2617  6.910e-02  1.5029000    32.4131    32.4165     0.0034    23.8358    23.8376     25.757     25.923      0.560    1506.16    1506.17  0.000e+00
      36461     26.500    15.5966    15.5968     0.0002    4.07239    4.07243          1     5.2064     4.5715      39.97     0.6004     0.2595  4.882e-02  1.5384000    32.4991    32.4993     0.0002    23.9145    23.9146     26.252     26.421      0.566    1506.09    1506.09  0.000e+00
      36482     27.000    15.5843    15.5867     0.0025    4.07174    4.07202          1     5.2189     4.5078      39.54     0.5900     0.2761  3.717e-02  1.6223000    32.5033    32.5038     0.0005    23.9204    23.9203     26.747     26.918      0.578    1506.06    1506.07  0.000e+00
      36502     27.500    15.5764    15.5791     0.0026    4.07109    4.07140          1     5.2223     4.5117      38.93     0.6452     0.2657  2.551e-02  1.7368000    32.5038    32.5044     0.0006    23.9226    23.9224     27.243     27.415      0.593    1506.04    1506.05  0.000e+00
      36522     28.000    15.5755    15.5790     0.0035    4.07122    4.07156          1     5.2237     4.5195      38.49     0.6218     0.3102  1.218e-02  1.8047000    32.5055    32.5057     0.0002    23.9241    23.9235     27.738     27.913      0.602    1506.05    1506.06  0.000e+00
