ctdpy/exports/archive_20191120_135557/received_data/SBE09_1044_20180320_0155_34_02_0075.cnv
* Sea-Bird SBE 9 Data File:
* FileName = C:\ctd\temp\2018\ME18D075.hex
* Software Version Seasave V 7.26.6.26
* Temperature SN = 5351
* Conductivity SN = 3941
* Number of Bytes Per Scan = 41
* Number of Voltage Words = 4
* Number of Scans Averaged by the Deck Unit = 1
* NMEA Latitude = 58 16.01 N
* NMEA Longitude = 010 43.46 E
* NMEA UTC (Time) = Mar 20 2018  01:55:46
* NMEA baud rate = 4800
** Station:  A16
** Operator:  MHan
** Ship: MERI
** Average sound velocity: 1478.15 m/s
** True-depth calculation Tue, 20 Mar 2018 02:40:22 +0000
** CTD Python Module SMHI /ver 3-12/ feb 2012 
** LIMS Job: 20183402-0075
** Cruise: SMHI-02-2018
** Latitude [GG MM.mm N] :
** Longitude [GG MM.mm E]:
# nquan = 26
# nvalues = 405                         
# units = specified
# name 0 = scan: Scan Count
# name 1 = prDM: Pressure, Digiquartz [db]
# name 2 = t090C: Temperature [ITS-90, deg C]
# name 3 = t190C: Temperature, 2 [ITS-90, deg C]
# name 4 = T2-T190C: Temperature Difference, 2 - 1 [ITS-90, deg C]
# name 5 = c0S/m: Conductivity [S/m]
# name 6 = c1S/m: Conductivity, 2 [S/m]
# name 7 = pumps: Pump Status
# name 8 = sbeox0ML/L: Oxygen, SBE 43 [ml/l]
# name 9 = sbeox1ML/L: Oxygen, SBE 43, 2 [ml/l]
# name 10 = altM: Altimeter [m]
# name 11 = flECO-AFL: Chl-a Fluorescence, WET Labs ECO-AFL/FL [mg/m^3]
# name 12 = flECO-AFL1: Phycocyanin Fluorescence, WET Labs ECO-AFL/FL, 2 [mg/m^3]
# name 13 = par: PAR/Irradiance, Biospherical/Lico [µE/(cm^2*s)]
# name 14 = turbWETntu0: Turbidity, WET Labs ECO [NTU]
# name 15 = sal00: Salinity, Practical [PSU]
# name 16 = sal11: Salinity, Practical, 2 [PSU]
# name 17 = secS-priS: Salinity, Practical, Difference, 2 - 1 [PSU]
# name 18 = sigma-t00: Density [sigma-t, Kg/m^3 ]
# name 19 = sigma-t11: Density, 2 [sigma-t, Kg/m^3 ]
# name 20 = depSM: Depth [salt water, m], lat = 58.2668
# name 21 = depFM: Depth [true depth, m], lat = 58.2668
# name 22 = dz/dtM: Descent Rate [m/s], WS = 2
# name 23 = svCM: Sound Velocity [Chen-Millero, m/s]
# name 24 = svCM1: Sound Velocity, 2 [Chen-Millero, m/s]
# name 25 = flag: flag
# span 0 =      13211,      23558       
# span 1 =      1.000,    203.000       
# span 2 =     0.0805,     7.7926       
# span 3 =     0.0808,     7.7830       
# span 4 =    -0.0826,     0.0231       
# span 5 =   2.173898,   3.593962       
# span 6 =   2.173896,   3.592887       
# span 7 =          1,          1       
# span 8 =    5.61562,    9.09525       
# span 9 =    5.63851,    9.12133       
# span 10 =       1.80,      99.01      
# span 11 =     0.0064,    11.5994      
# span 12 =     0.1184,     1.8068      
# span 13 = -2.419e-04, 7.3484e-01      
# span 14 =     0.1731,     1.5000      
# span 15 =    25.4026,    35.0430      
# span 16 =    25.4021,    35.0427      
# span 17 =    -0.1209,     0.0041      
# span 18 =    20.3638,    27.4472      
# span 19 =    20.3634,    27.4472      
# span 20 =      0.991,    201.016      
# span 21 =      0.998,    201.357      
# span 22 =      0.014,      1.161      
# span 23 =    1436.72,    1482.56      
# span 24 =    1436.72,    1482.53      
# span 25 = 0.0000e+00, 0.0000e+00      
# interval = decibars: 0.5              
# start_time = Mar 20 2018 01:55:47 [NMEA time, first data scan]
# bad_flag = -9.990e-29
*END*
[from data line 279]
      19574    140.500     7.2922     7.2929     0.0008    3.56563    3.56573          1     5.6257     5.6391      79.68     0.0331     0.1774  1.000e-12  0.4012000    35.0411    35.0414     0.0004    27.4100    27.4101    139.148    139.399      0.597    1482.14    1482.14  0.000e+00
      19593    141.000     7.2822     7.2827     0.0005    3.56475    3.56482          1     5.6195     5.6385      98.59     0.0277     0.2399  1.000e-12  0.4421000    35.0414    35.0416     0.0002    27.4116    27.4117    139.643    139.894      0.619    1482.11    1482.11  0.000e+00
      19613    141.500     7.2626     7.2629     0.0003    3.56305    3.56311          1     5.6156     5.6403      98.71     0.0486     0.2359  1.000e-12  0.4801000    35.0424    35.0426     0.0002    27.4152    27.4154    140.138    140.390      0.555    1482.05    1482.05  0.000e+00
      19637    142.000     7.2434     7.2429    -0.0005    3.56135    3.56128          1     5.6193     5.6484      98.71     0.0560     0.1861  1.000e-12  0.5199000    35.0430    35.0427    -0.0003    27.4184    27.4183    140.633    140.886      0.493    1481.98    1481.98  0.000e+00
      19661    142.500     7.2337     7.2342     0.0006    3.56031    3.56038          1     5.6376     5.6560      98.71     0.0504     0.2047  1.000e-12  0.5128000    35.0411    35.0414     0.0003    27.4184    27.4185    141.128    141.381      0.541    1481.95    1481.95  0.000e+00
      19681    143.000     7.2316     7.2320     0.0004    3.56011    3.56018          1     5.6364     5.6523      98.71     0.0462     0.1923  1.000e-12  0.5202000    35.0409    35.0411     0.0003    27.4185    27.4186    141.623    141.877      0.619    1481.95    1481.95  0.000e+00
      19700    143.500     7.2259     7.2264     0.0004    3.55959    3.55966          1     5.6257     5.6569      98.71     0.0459     0.2137  1.000e-12  0.5500000    35.0408    35.0410     0.0002    27.4192    27.4193    142.118    142.373      0.648    1481.94    1481.94  0.000e+00
      19718    144.000     7.2006     7.1929    -0.0076    3.55727    3.55654          1     5.6304     5.6647      98.71     0.0365     0.2159  1.000e-12  0.5146000    35.0407    35.0405    -0.0003    27.4227    27.4236    142.613    142.869      0.631    1481.85    1481.82  0.000e+00
      19738    144.500     7.1499     7.1547     0.0048    3.55245    3.55287          1     5.6467     5.6741      98.71     0.0356     0.2080  1.000e-12  0.5381000    35.0389    35.0387    -0.0002    27.4285    27.4276    143.108    143.364      0.606    1481.66    1481.68  0.000e+00
      19758    145.000     7.1359     7.1403     0.0044    3.55103    3.55147          1     5.6594     5.6894      98.71     0.0370     0.2444  1.000e-12  0.5486000    35.0373    35.0377     0.0004    27.4291    27.4289    143.603    143.860      0.594    1481.61    1481.63  0.000e+00
      19778    145.500     7.1257     7.1238    -0.0019    3.55001    3.54988          1     5.6712     5.7004      98.71     0.0380     0.1803  1.000e-12  0.5430000    35.0363    35.0367     0.0004    27.4298    27.4304    144.098    144.356      0.602    1481.58    1481.57  0.000e+00
      19798    146.000     7.1193     7.1192    -0.0001    3.54941    3.54943          1     5.6790     5.7027      98.71     0.0589     0.1885  1.000e-12  0.5280000    35.0359    35.0363     0.0004    27.4304    27.4307    144.593    144.851      0.608    1481.56    1481.56  0.000e+00
      19818    146.500     7.1179     7.1186     0.0007    3.54930    3.54940          1     5.6800     5.6939      98.71     0.0402     0.2291  1.000e-12  0.5977000    35.0359    35.0363     0.0004    27.4306    27.4308    145.088    145.347      0.577    1481.56    1481.57  0.000e+00
      19840    147.000     7.1139     7.1133    -0.0006    3.54897    3.54892          1     5.6780     5.6906      98.71     0.0426     0.2310  1.000e-12  0.5632000    35.0360    35.0361     0.0001    27.4313    27.4314    145.583    145.843      0.538    1481.56    1481.55  0.000e+00
      19862    147.500     7.1094     7.1098     0.0004    3.54853    3.54859          1     5.6819     5.6922      98.71     0.0399     0.1646  1.000e-12  0.5578000    35.0356    35.0357     0.0001    27.4316    27.4316    146.078    146.338      0.566    1481.55    1481.55  0.000e+00
      19882    148.000     7.1092     7.1095     0.0003    3.54853    3.54859          1     5.6853     5.6922      95.62     0.0399     0.2121  1.000e-12  0.5751000    35.0355    35.0359     0.0004    27.4315    27.4317    146.573    146.834      0.619    1481.55    1481.56  0.000e+00
      19901    148.500     7.1093     7.1097     0.0004    3.54857    3.54862          1     5.6835     5.6918      56.18     0.0463     0.2232  1.000e-12  0.5680000    35.0355    35.0358     0.0002    27.4315    27.4316    147.068    147.330      0.634    1481.56    1481.56  0.000e+00
      19920    149.000     7.1082     7.1085     0.0003    3.54849    3.54854          1     5.6803     5.6890      55.94     0.0437     0.2068  1.000e-12  0.5352000    35.0357    35.0359     0.0002    27.4318    27.4319    147.563    147.825      0.617    1481.57    1481.57  0.000e+00
      19940    149.500     7.1074     7.1051    -0.0023    3.54845    3.54826          1     5.6806     5.6935      58.48     0.0399     0.1789  1.000e-12  0.5362000    35.0357    35.0360     0.0004    27.4319    27.4325    148.058    148.321      0.603    1481.57    1481.56  0.000e+00
      19960    150.000     7.0992     7.0997     0.0005    3.54769    3.54776          1     5.6783     5.6967      80.97     0.0418     0.1771  1.000e-12  0.5456000    35.0355    35.0357     0.0002    27.4329    27.4330    148.553    148.817      0.615    1481.55    1481.55  0.000e+00
      19979    150.500     7.0991     7.0994     0.0002    3.54768    3.54774          1     5.6731     5.6945      54.19     0.0572     0.1778  1.000e-12  0.5637000    35.0352    35.0355     0.0004    27.4327    27.4329    149.048    149.312      0.606    1481.56    1481.56  0.000e+00
      20000    151.000     7.0934     7.0963     0.0029    3.54722    3.54744          1     5.6786     5.7002      81.50     0.0449     0.1805  1.000e-12  0.5500000    35.0356    35.0352    -0.0004    27.4338    27.4331    149.543    149.808      0.548    1481.54    1481.55  0.000e+00
      20023    151.500     7.0874     7.0891     0.0017    3.54665    3.54676          1     5.6858     5.7032      98.61     0.0443     0.2052  1.000e-12  0.5508000    35.0353    35.0347    -0.0006    27.4344    27.4337    150.038    150.304      0.488    1481.53    1481.53  0.000e+00
      20048    152.000     7.0915     7.0911    -0.0003    3.54701    3.54704          1     5.6837     5.7004      98.71     0.0383     0.1775  1.000e-12  0.5520000    35.0348    35.0355     0.0007    27.4335    27.4340    150.533    150.799      0.511    1481.55    1481.55  0.000e+00
      20070    152.500     7.0774     7.0792     0.0016    3.54572    3.54588          1     5.6813     5.7034      98.71     0.0425     0.2179  1.000e-12  0.5764000    35.0346    35.0346     0.0001    27.4353    27.4351    151.028    151.295      0.601    1481.50    1481.51  0.000e+00
      20089    153.000     7.0741     7.0743     0.0003    3.54537    3.54542          1     5.6830     5.7072      98.71     0.0480     0.2536  1.000e-12  0.5831000    35.0340    35.0342     0.0003    27.4353    27.4354    151.523    151.791      0.687    1481.50    1481.50  0.000e+00
      20105    153.500     7.0731     7.0741     0.0009    3.54531    3.54542          1     5.6849     5.7083      98.71     0.0586     0.2695  1.000e-12  0.5772000    35.0340    35.0342     0.0002    27.4354    27.4355    152.018    152.286      0.725    1481.50    1481.51  0.000e+00
      20122    154.000     7.0733     7.0736     0.0003    3.54535    3.54539          1     5.6847     5.7075      83.83     0.0430     0.2306  1.000e-12  0.6180000    35.0341    35.0343     0.0002    27.4354    27.4356    152.513    152.782      0.692    1481.51    1481.51  0.000e+00
      20140    154.500     7.0710     7.0742     0.0032    3.54515    3.54549          1     5.6848     5.7066      74.83     0.0389     0.2385  1.000e-12  0.6102000    35.0339    35.0344     0.0005    27.4356    27.4355    153.008    153.278      0.582    1481.51    1481.52  0.000e+00
      20164    155.000     7.0690     7.0700     0.0010    3.54498    3.54511          1     5.6888     5.7109      69.95     0.0440     0.2197  1.000e-12  0.5803000    35.0338    35.0343     0.0005    27.4358    27.4361    153.503    153.773      0.451    1481.51    1481.52  0.000e+00
      20193    155.500     7.0678     7.0686     0.0008    3.54489    3.54499          1     5.6904     5.7106      81.05     0.0473     0.1910  1.000e-12  0.5775000    35.0339    35.0341     0.0002    27.4360    27.4361    153.998    154.269      0.427    1481.51    1481.52  0.000e+00
      20219    156.000     7.0661     7.0671     0.0010    3.54475    3.54487          1     5.6925     5.7119      86.72     0.0356     0.1751  1.000e-12  0.5931000    35.0338    35.0341     0.0003    27.4362    27.4363    154.493    154.765      0.530    1481.52    1481.52  0.000e+00
      20240    156.500     7.0649     7.0659     0.0011    3.54464    3.54478          1     5.6935     5.7107      98.85     0.0351     0.1826  1.000e-12  0.6016000    35.0336    35.0341     0.0005    27.4362    27.4365    154.988    155.260      0.644    1481.52    1481.53  0.000e+00
      20257    157.000     7.0632     7.0664     0.0032    3.54452    3.54485          1     5.6975     5.7057      98.71     0.0254     0.2408  1.000e-12  0.5993000    35.0337    35.0340     0.0003    27.4365    27.4363    155.483    155.756      0.717    1481.52    1481.54  0.000e+00
      20273    157.500     7.0628     7.0634     0.0007    3.54451    3.54458          1     5.6988     5.7072      59.54     0.0402     0.2278  1.000e-12  0.6841000    35.0336    35.0338     0.0001    27.4366    27.4366    155.977    156.252      0.727    1481.53    1481.53  0.000e+00
      20290    158.000     7.0610     7.0612     0.0003    3.54435    3.54439          1     5.6970     5.7096      47.84     0.0490     0.2141  1.000e-12  0.7005000    35.0336    35.0338     0.0002    27.4368    27.4369    156.472    156.747      0.666    1481.53    1481.53  0.000e+00
      20310    158.500     7.0556     7.0563     0.0007    3.54388    3.54394          1     5.6956     5.7083      96.64     0.0547     0.1790  1.000e-12  0.6324000    35.0336    35.0335    -0.0001    27.4375    27.4374    156.967    157.243      0.540    1481.52    1481.52  0.000e+00
      20337    159.000     7.0495     7.0494    -0.0001    3.54331    3.54330          1     5.7001     5.7178      78.34     0.0461     0.1969  1.000e-12  0.6128000    35.0333    35.0333    -0.0000    27.4382    27.4382    157.462    157.739      0.404    1481.50    1481.50  0.000e+00
      20367    159.500     7.0491     7.0497     0.0007    3.54326    3.54337          1     5.7010     5.7185      44.07     0.0476     0.2280  1.000e-12  0.5984000    35.0330    35.0334     0.0005    27.4380    27.4382    157.957    158.234      0.454    1481.51    1481.51  0.000e+00
      20390    160.000     7.0480     7.0489     0.0009    3.54315    3.54328          1     5.6939     5.7134      44.87     0.0453     0.2316  1.000e-12  0.6089000    35.0326    35.0331     0.0005    27.4378    27.4381    158.452    158.730      0.612    1481.51    1481.52  0.000e+00
      20408    160.500     7.0451     7.0459     0.0008    3.54292    3.54303          1     5.6997     5.7116      44.49     0.0351     0.2085  1.000e-12  0.5813000    35.0328    35.0331     0.0003    27.4383    27.4385    158.947    159.226      0.702    1481.51    1481.51  0.000e+00
      20424    161.000     7.0449     7.0467     0.0017    3.54294    3.54311          1     5.7001     5.7114      44.14     0.0493     0.1870  1.000e-12  0.5958000    35.0329    35.0329     0.0000    27.4385    27.4383    159.442    159.721      0.707    1481.52    1481.52  0.000e+00
      20442    161.500     7.0428     7.0436     0.0007    3.54275    3.54282          1     5.7011     5.7094      43.75     0.0527     0.1474  1.000e-12  0.6063000    35.0326    35.0327     0.0001    27.4386    27.4385    159.937    160.217      0.656    1481.51    1481.52  0.000e+00
      20461    162.000     7.0374     7.0385     0.0011    3.54225    3.54236          1     5.7026     5.7073      74.43     0.0281     0.2826  1.000e-12  0.6233000    35.0324    35.0326     0.0002    27.4391    27.4391    160.432    160.713      0.573    1481.50    1481.51  0.000e+00
      20484    162.500     7.0312     7.0309    -0.0003    3.54167    3.54164          1     5.7018     5.7129      43.13     0.0387     0.2231  1.000e-12  0.6186000    35.0322    35.0321    -0.0001    27.4399    27.4398    160.927    161.208      0.482    1481.49    1481.49  0.000e+00
      20512    163.000     7.0227     7.0228     0.0001    3.54088    3.54089          1     5.7035     5.7202      41.77     0.0562     0.2134  1.000e-12  0.6058000    35.0318    35.0319     0.0001    27.4407    27.4408    161.422    161.704      0.402    1481.46    1481.46  0.000e+00
      20542    163.500     7.0204     7.0190    -0.0015    3.54067    3.54055          1     5.7128     5.7211      41.44     0.0473     0.1820  1.000e-12  0.5957000    35.0315    35.0317     0.0001    27.4408    27.4412    161.917    162.200      0.454    1481.46    1481.45  0.000e+00
      20565    164.000     7.0173     7.0176     0.0003    3.54038    3.54043          1     5.7091     5.7189      78.11     0.0459     0.2147  1.000e-12  0.6065000    35.0313    35.0315     0.0003    27.4411    27.4413    162.412    162.695      0.620    1481.46    1481.46  0.000e+00
      20582    164.500     7.0159     7.0162     0.0004    3.54028    3.54033          1     5.6985     5.7206      39.46     0.0445     0.2210  1.000e-12  0.5869000    35.0314    35.0315     0.0001    27.4414    27.4414    162.907    163.191      0.747    1481.46    1481.46  0.000e+00
      20597    165.000     7.0122     7.0132     0.0011    3.53994    3.54004          1     5.6989     5.7259      39.91     0.0404     0.2218  1.000e-12  0.5936000    35.0311    35.0311     0.0000    27.4416    27.4415    163.402    163.687      0.790    1481.45    1481.46  0.000e+00
      20612    165.500     6.9866     6.9882     0.0015    3.53740    3.53757          1     5.7088     5.7380      39.44     0.0162     0.2254  1.000e-12  0.6195000    35.0289    35.0292     0.0003    27.4435    27.4435    163.897    164.182      0.738    1481.36    1481.37  0.000e+00
      20630    166.000     6.9636     6.9690     0.0053    3.53517    3.53567          1     5.7228     5.7460      39.02     0.0375     0.2212  1.000e-12  0.8105000    35.0275    35.0275     0.0000    27.4456    27.4448    164.392    164.678      0.580    1481.28    1481.30  0.000e+00
      20657    166.500     6.9558     6.9644     0.0087    3.53416    3.53520          1     5.7305     5.7573      38.39     0.0595     0.1971  1.000e-12  0.7383000    35.0241    35.0268     0.0027    27.4440    27.4449    164.887    165.174      0.400    1481.25    1481.29  0.000e+00
      20688    167.000     6.9443     6.9452     0.0009    3.53325    3.53330          1     5.7389     5.7565      37.78     0.0595     0.2063  1.000e-12  0.6921000    35.0255    35.0251    -0.0003    27.4467    27.4463    165.382    165.669      0.455    1481.22    1481.22  0.000e+00
      20711    167.500     6.9450     6.9446    -0.0004    3.53329    3.53328          1     5.7470     5.7579      37.33     0.0649     0.1932  1.000e-12  0.7440000    35.0250    35.0252     0.0002    27.4462    27.4464    165.877    166.165      0.559    1481.23    1481.22  0.000e+00
