ctdpy/exports/archive_20191120_135557/received_data/SBE09_0827_20180305_1321_26_01_0370.cnv
* Sea-Bird SBE 9 Data File:
* FileName = D:\CTD_SBE911\DAT\26DA.2018.3.70.hex
* Software Version Seasave V 7.21d
* Temperature SN = 034757
* Conductivity SN = 041844
* Number of Bytes Per Scan = 48
* Number of Voltage Words = 5
* Number of Scans Averaged by the Deck Unit = 1
* NMEA Latitude = 55 13.14 N
* NMEA Longitude = 013 15.84 E
* NMEA UTC (Time) = Mar 05 2018  13:21:47
* NMEA baud rate = 4800
** Ship: DANA
** Average sound velocity: 1423.17 m/s
** True-depth calculation Tue, 02 Apr 2019 12:11:25 +0000
** CTD Python Module SMHI /ver 3-12/ feb 2012 
** LIMS Job: 20182601-0370
** Operator:
** Cruise: 02/2018
# nquan = 26
# nvalues = 75                          
# units = specified
# name 0 = scan: Scan Count
# name 1 = prDM: Pressure, Digiquartz [db]
# name 2 = t090C: Temperature [ITS-90, deg C]
# name 3 = t190C: Temperature, 2 [ITS-90, deg C]
# name 4 = T2-T190C: Temperature Difference, 2 - 1 [ITS-90, deg C]
# name 5 = c0S/m: Conductivity [S/m]
# name 6 = c1S/m: Conductivity, 2 [S/m]
# name 7 = pumps: Pump Status
# name 8 = sbeox1ML/L: Oxygen, SBE 43, 2 [ml/l]
# name 9 = sbeox0ML/L: Oxygen, SBE 43 [ml/l]
# name 10 = altM: Altimeter [m]
# name 11 = chloroflTC0: Chlorophyll, Turner Cyclops [ug/l]
# name 12 = cpar: CPAR/Corrected Irradiance [%]
# name 13 = par: PAR/Irradiance, Biospherical/Lico [µE/(cm^2*s)]
# name 14 = spar: SPAR, Biospherical/Licor
# name 15 = sal00: Salinity, Practical [PSU]
# name 16 = sal11: Salinity, Practical, 2 [PSU]
# name 17 = secS-priS: Salinity, Practical, Difference, 2 - 1 [PSU]
# name 18 = sigma-t00: Density [sigma-t, kg/m^3 ]
# name 19 = sigma-t11: Density, 2 [sigma-t, kg/m^3 ]
# name 20 = depSM: Depth [salt water, m], lat = 55.219
# name 21 = depFM: Depth [true depth, m], lat = 55.219
# name 22 = dz/dtM: Descent Rate [m/s], WS = 2
# name 23 = svCM: Sound Velocity [Chen-Millero, m/s]
# name 24 = svCM1: Sound Velocity, 2 [Chen-Millero, m/s]
# name 25 = flag: flag
# span 0 =         -8,       3659       
# span 1 =      1.000,     38.000       
# span 2 =     2.0471,     2.4478       
# span 3 =     2.0468,     2.4467       
# span 4 =    -0.0201,    -0.0000       
# span 5 =   0.745945,   0.771193       
# span 6 =   0.745330,   0.770485       
# span 7 =          1,          1       
# span 8 =     8.7205,     8.8171       
# span 9 =     8.7009,     8.8484       
# span 10 =      -0.28,       9.98      
# span 11 =     0.0158,     0.0215      
# span 12 = 3.4434e-13, 9.2537e+00      
# span 13 = 1.0000e-12, 2.2371e+01      
# span 14 = 2.4167e+02, 2.9041e+02      
# span 15 =     7.4948,     7.6654      
# span 16 =     7.4883,     7.6582      
# span 17 =    -0.0203,    -0.0064      
# span 18 =     5.9773,     6.1146      
# span 19 =     5.9720,     6.1088      
# span 20 =      0.991,     37.653      
# span 21 =      1.012,     38.473      
# span 22 =     -0.426,      0.517      
# span 23 =    1422.42,    1425.08      
# span 24 =    1422.40,    1425.06      
# span 25 = 0.0000e+00, 0.0000e+00      
# interval = decibars: 0.5              
# start_time = Mar 05 2018 13:21:47 [NMEA time, first data scan]
# bad_flag = -9.990e-29
*END*
[from data line 56]
       2741     29.000     2.2233     2.2077    -0.0156    0.75707    0.75529          1     8.7740     8.7918       9.95     0.0186  3.661e-13  1.000e-12  2.732e+02     7.5695     7.5541    -0.0155     6.0378     6.0254     28.736     29.362      0.403    1423.76    1423.67  0.000e+00
       2804     29.500     2.2476     2.2375    -0.0103    0.75847    0.75697          1     8.7677     8.7900       9.86     0.0183  3.635e-13  1.000e-12  2.751e+02     7.5786     7.5650    -0.0136     6.0451     6.0342     29.231     29.868      0.226    1423.90    1423.83  0.000e+00
       2866     30.000     2.2845     2.2700    -0.0146    0.76091    0.75882          1     8.7734     8.7907       9.45     0.0179  3.620e-13  1.000e-12  2.762e+02     7.5959     7.5770    -0.0189     6.0590     6.0438     29.727     30.374      0.402    1424.10    1424.01  0.000e+00
       2890     30.500     2.3305     2.3103    -0.0201    0.76361    0.76127          1     8.7658     8.7733       8.91     0.0181  3.621e-13  1.000e-12  2.762e+02     7.6138     7.5935    -0.0203     6.0733     6.0571     30.222     30.881      0.475    1424.34    1424.22  0.000e+00
       2918     31.000     2.3355     2.3276    -0.0079    0.76386    0.76253          1     8.7597     8.7669       8.38     0.0183  3.621e-13  1.000e-12  2.762e+02     7.6152     7.6028    -0.0124     6.0744     6.0645     30.718     31.387      0.326    1424.38    1424.32  0.000e+00
       3013     31.500     2.3425     2.3380    -0.0046    0.76440    0.76334          1     8.7618     8.7545       7.85     0.0179  3.597e-13  1.000e-12  2.780e+02     7.6191     7.6089    -0.0102     6.0776     6.0694     31.213     31.893      0.236    1424.43    1424.39  0.000e+00
       3068     32.000     2.3492     2.3455    -0.0037    0.76499    0.76395          1     8.7643     8.7600       7.32     0.0171  3.567e-13  1.000e-12  2.804e+02     7.6238     7.6135    -0.0103     6.0814     6.0731     31.708     32.399      0.364    1424.47    1424.44  0.000e+00
       3097     32.500     2.3529     2.3499    -0.0030    0.76534    0.76438          1     8.7621     8.7580       6.82     0.0165  3.568e-13  1.000e-12  2.803e+02     7.6266     7.6170    -0.0096     6.0836     6.0759     32.204     32.905      0.381    1424.50    1424.47  0.000e+00
       3160     33.000     2.3596     2.3558    -0.0037    0.76585    0.76489          1     8.7580     8.7570       6.29     0.0166  3.554e-13  1.000e-12  2.814e+02     7.6303     7.6210    -0.0094     6.0866     6.0791     32.699     33.411      0.257    1424.54    1424.51  0.000e+00
       3217     33.500     2.3648     2.3614    -0.0034    0.76620    0.76528          1     8.7603     8.7461       5.80     0.0169  3.542e-13  1.000e-12  2.823e+02     7.6328     7.6238    -0.0090     6.0886     6.0813     33.195     33.918      0.473    1424.58    1424.55  0.000e+00
       3239     34.000     2.3741     2.3668    -0.0073    0.76686    0.76561          1     8.7597     8.7535       5.26     0.0170  3.542e-13  1.000e-12  2.823e+02     7.6375     7.6259    -0.0115     6.0923     6.0830     33.690     34.424      0.468    1424.64    1424.59  0.000e+00
       3302     34.500     2.3864     2.3796    -0.0068    0.76774    0.76654          1     8.7535     8.7406       4.73     0.0171  3.525e-13  1.000e-12  2.837e+02     7.6439     7.6327    -0.0112     6.0974     6.0885     34.185     34.930      0.279    1424.71    1424.66  0.000e+00
       3357     35.000     2.3989     2.3937    -0.0052    0.76869    0.76753          1     8.7483     8.7341       4.21     0.0185  3.505e-13  1.000e-12  2.853e+02     7.6510     7.6398    -0.0112     6.1031     6.0941     34.681     35.436      0.374    1424.78    1424.75  0.000e+00
       3400     35.500     2.4175     2.4057    -0.0118    0.76986    0.76836          1     8.7388     8.7396       3.67     0.0184  3.493e-13  1.000e-12  2.863e+02     7.6590     7.6458    -0.0132     6.1095     6.0989     35.176     35.942      0.237    1424.89    1424.82  0.000e+00
       3450     36.000     2.4296     2.4220    -0.0076    0.77051    0.76933          1     8.7447     8.7382       3.16     0.0177  3.492e-13  1.000e-12  2.864e+02     7.6628     7.6521    -0.0108     6.1125     6.1039     35.672     36.449      0.299    1424.96    1424.91  0.000e+00
       3497     36.500     2.4313     2.4294    -0.0019    0.77056    0.76981          1     8.7377     8.7310       2.61     0.0183  3.471e-13  1.000e-12  2.881e+02     7.6629     7.6553    -0.0076     6.1126     6.1065     36.167     36.955      0.216    1424.98    1424.96  0.000e+00
       3549     37.000     2.4361     2.4319    -0.0041    0.77078    0.76992          1     8.7205     8.7222       2.11     0.0177  3.457e-13  1.000e-12  2.893e+02     7.6640     7.6559    -0.0082     6.1135     6.1070     36.662     37.461      0.322    1425.01    1424.98  0.000e+00
       3582     37.500     2.4409     2.4367    -0.0042    0.77097    0.77013          1     8.7285     8.7183       2.67     0.0174  3.444e-13  1.000e-12  2.903e+02     7.6648     7.6569    -0.0079     6.1141     6.1078     37.158     37.967      0.313    1425.04    1425.01  0.000e+00
       3659     38.000     2.4478     2.4467    -0.0012    0.77119    0.77048          1     8.7309     8.7009      -0.28     0.0159  3.443e-13  1.000e-12  2.904e+02     7.6654     7.6582    -0.0073     6.1146     6.1088     37.653     38.473     -0.426    1425.08    1425.06  0.000e+00
