ctdpy/exports/archive_20191120_135557/received_data/SBE09_0827_20180302_1254_26_01_0347.cnv
* Sea-Bird SBE 9 Data File:
* FileName = D:\CTD_SBE911\DAT\26DA.2018.3.47.hex
* Software Version Seasave V 7.21d
* Temperature SN = 034757
* Conductivity SN = 041844
* Number of Bytes Per Scan = 48
* Number of Voltage Words = 5
* Number of Scans Averaged by the Deck Unit = 1
* NMEA Latitude = 57 28.84 N
* NMEA Longitude = 019 15.77 E
* NMEA UTC (Time) = Mar 02 2018  12:54:44
* NMEA baud rate = 4800
** Ship: DANA
** Average sound velocity: 1426.85 m/s
** True-depth calculation Tue, 02 Apr 2019 12:09:32 +0000
** CTD Python Module SMHI /ver 3-12/ feb 2012 
** LIMS Job: 20182601-0347
** Operator:
** Cruise: 02/2018
# nquan = 26
# nvalues = 134                         
# units = specified
# name 0 = scan: Scan Count
# name 1 = prDM: Pressure, Digiquartz [db]
# name 2 = t090C: Temperature [ITS-90, deg C]
# name 3 = t190C: Temperature, 2 [ITS-90, deg C]
# name 4 = T2-T190C: Temperature Difference, 2 - 1 [ITS-90, deg C]
# name 5 = c0S/m: Conductivity [S/m]
# name 6 = c1S/m: Conductivity, 2 [S/m]
# name 7 = pumps: Pump Status
# name 8 = sbeox1ML/L: Oxygen, SBE 43, 2 [ml/l]
# name 9 = sbeox0ML/L: Oxygen, SBE 43 [ml/l]
# name 10 = altM: Altimeter [m]
# name 11 = chloroflTC0: Chlorophyll, Turner Cyclops [ug/l]
# name 12 = cpar: CPAR/Corrected Irradiance [%]
# name 13 = par: PAR/Irradiance, Biospherical/Lico [µE/(cm^2*s)]
# name 14 = spar: SPAR, Biospherical/Licor
# name 15 = sal00: Salinity, Practical [PSU]
# name 16 = sal11: Salinity, Practical, 2 [PSU]
# name 17 = secS-priS: Salinity, Practical, Difference, 2 - 1 [PSU]
# name 18 = sigma-t00: Density [sigma-t, kg/m^3 ]
# name 19 = sigma-t11: Density, 2 [sigma-t, kg/m^3 ]
# name 20 = depSM: Depth [salt water, m], lat = 57.4807
# name 21 = depFM: Depth [true depth, m], lat = 57.4807
# name 22 = dz/dtM: Descent Rate [m/s], WS = 2
# name 23 = svCM: Sound Velocity [Chen-Millero, m/s]
# name 24 = svCM1: Sound Velocity, 2 [Chen-Millero, m/s]
# name 25 = flag: flag
# span 0 =         54,       6848       
# span 1 =      0.500,     67.000       
# span 2 =     2.8646,     4.6885       
# span 3 =     2.8651,     4.4047       
# span 4 =    -0.7474,     0.0013       
# span 5 =   0.756256,   0.924456       
# span 6 =   0.755540,   0.878463       
# span 7 =          1,          1       
# span 8 =     4.2332,     8.5704       
# span 9 =     2.9229,     8.5155       
# span 10 =       0.27,      10.00      
# span 11 =     0.0111,     0.0157      
# span 12 = -1.194e-04, 2.4141e+01      
# span 13 = -1.624e-04, 3.2860e+01      
# span 14 = 1.3404e+02, 1.4420e+02      
# span 15 =     7.4134,     8.6915      
# span 16 =     7.4057,     8.3760      
# span 17 =    -0.5797,    -0.0067      
# span 18 =     5.9114,     6.8858      
# span 19 =     5.9053,     6.6601      
# span 20 =      0.495,     66.371      
# span 21 =      0.506,     67.840      
# span 22 =     -0.274,      0.998      
# span 23 =    1426.10,    1436.99      
# span 24 =    1426.09,    1435.25      
# span 25 = 0.0000e+00, 0.0000e+00      
# interval = decibars: 0.5              
# start_time = Mar 02 2018 12:54:45 [NMEA time, first data scan]
# bad_flag = -9.990e-29
*END*
         54      0.500     2.8654     2.8655     0.0001    0.75626    0.75554          1     8.5405     8.5155      10.00     0.0119  2.414e+01  3.286e+01  1.362e+02     7.4139     7.4062    -0.0076     5.9118     5.9057      0.495      0.506      0.462    1426.10    1426.09  0.000e+00
         66      1.000     2.8659     2.8666     0.0006    0.75627    0.75555          1     8.5406     8.5086       9.99     0.0116  1.160e+01  1.572e+01  1.355e+02     7.4138     7.4061    -0.0077     5.9118     5.9056      0.991      1.013      0.837    1426.11    1426.11  0.000e+00
         77      1.500     2.8646     2.8651     0.0005    0.75626    0.75557          1     8.5450     8.5047       9.98     0.0120  7.972e+00  1.083e+01  1.359e+02     7.4138     7.4065    -0.0073     5.9118     5.9060      1.486      1.519      0.769    1426.11    1426.11  0.000e+00
        163      2.000     2.8694     2.8688    -0.0007    0.75637    0.75558          1     8.5329     8.5022       9.98     0.0119  7.198e+00  9.738e+00  1.353e+02     7.4139     7.4057    -0.0082     5.9118     5.9053      1.982      2.025      0.694    1426.15    1426.13  0.000e+00
        216      2.500     2.8719     2.8711    -0.0008    0.75643    0.75568          1     8.5370     8.5070       9.97     0.0122  5.898e+00  7.992e+00  1.355e+02     7.4139     7.4062    -0.0077     5.9118     5.9056      2.477      2.531      0.579    1426.16    1426.15  0.000e+00
        306      3.000     2.8690     2.8693     0.0004    0.75636    0.75565          1     8.5389     8.5007       9.97     0.0121  5.609e+00  7.534e+00  1.343e+02     7.4137     7.4061    -0.0075     5.9116     5.9056      2.972      3.038      0.776    1426.16    1426.15  0.000e+00
        340      3.500     2.8686     2.8698     0.0012    0.75636    0.75565          1     8.5438     8.5051       9.97     0.0122  4.958e+00  6.645e+00  1.340e+02     7.4138     7.4060    -0.0078     5.9117     5.9055      3.468      3.544      0.888    1426.16    1426.16  0.000e+00
        381      4.000     2.8681     2.8680    -0.0001    0.75635    0.75565          1     8.5503     8.5113       9.97     0.0122  4.206e+00  5.637e+00  1.340e+02     7.4138     7.4063    -0.0074     5.9117     5.9058      3.963      4.050      0.571    1426.17    1426.16  0.000e+00
        462      4.500     2.8684     2.8673    -0.0012    0.75637    0.75561          1     8.5475     8.4950       9.97     0.0122  3.916e+00  5.249e+00  1.340e+02     7.4138     7.4060    -0.0078     5.9117     5.9056      4.458      4.556      0.953    1426.18    1426.16  0.000e+00
        474      5.000     2.8693     2.8687    -0.0005    0.75639    0.75566          1     8.5453     8.4998       9.96     0.0122  3.492e+00  4.680e+00  1.340e+02     7.4137     7.4061    -0.0076     5.9117     5.9056      4.954      5.063      0.867    1426.19    1426.18  0.000e+00
        497      5.500     2.8677     2.8675    -0.0002    0.75636    0.75564          1     8.5515     8.5057       9.96     0.0122  2.996e+00  4.016e+00  1.340e+02     7.4137     7.4062    -0.0075     5.9116     5.9057      5.449      5.569      0.532    1426.19    1426.18  0.000e+00
        592      6.000     2.8670     2.8669    -0.0001    0.75635    0.75564          1     8.5460     8.5014       9.96     0.0122  2.650e+00  3.551e+00  1.340e+02     7.4137     7.4062    -0.0075     5.9116     5.9057      5.945      6.075      0.430    1426.20    1426.19  0.000e+00
        628      6.500     2.8671     2.8670     0.0000    0.75635    0.75564          1     8.5509     8.4978       9.96     0.0122  2.357e+00  3.159e+00  1.340e+02     7.4136     7.4061    -0.0075     5.9116     5.9056      6.440      6.582      0.270    1426.20    1426.19  0.000e+00
        681      7.000     2.8669     2.8670     0.0002    0.75636    0.75566          1     8.5527     8.4917       9.96     0.0123  2.087e+00  2.797e+00  1.340e+02     7.4136     7.4062    -0.0074     5.9116     5.9057      6.935      7.088      0.315    1426.21    1426.20  0.000e+00
        718      7.500     2.8681     2.8676    -0.0005    0.75639    0.75567          1     8.5641     8.5089       9.96     0.0121  1.883e+00  2.524e+00  1.340e+02     7.4137     7.4061    -0.0075     5.9116     5.9056      7.431      7.594      0.245    1426.22    1426.21  0.000e+00
        796      8.000     2.8674     2.8678     0.0003    0.75638    0.75569          1     8.5512     8.5083       9.95     0.0121  1.711e+00  2.293e+00  1.340e+02     7.4137     7.4063    -0.0074     5.9116     5.9057      7.926      8.100      0.304    1426.23    1426.22  0.000e+00
        826      8.500     2.8686     2.8680    -0.0005    0.75643    0.75569          1     8.5453     8.5072       9.95     0.0122  1.544e+00  2.069e+00  1.340e+02     7.4138     7.4061    -0.0076     5.9117     5.9056      8.421      8.607      0.552    1426.24    1426.23  0.000e+00
        846      9.000     2.8695     2.8693    -0.0001    0.75645    0.75573          1     8.5527     8.5112       9.95     0.0122  1.376e+00  1.844e+00  1.340e+02     7.4138     7.4062    -0.0076     5.9117     5.9056      8.917      9.113      0.528    1426.25    1426.24  0.000e+00
        912      9.500     2.8722     2.8709    -0.0013    0.75653    0.75578          1     8.5517     8.5007       9.95     0.0122  1.237e+00  1.657e+00  1.340e+02     7.4138     7.4062    -0.0076     5.9117     5.9057      9.412      9.619      0.384    1426.27    1426.26  0.000e+00
        984     10.000     2.8731     2.8732     0.0002    0.75655    0.75585          1     8.5411     8.4897       9.95     0.0122  1.135e+00  1.521e+00  1.340e+02     7.4138     7.4064    -0.0074     5.9117     5.9058      9.907     10.126      0.594    1426.29    1426.28  0.000e+00
       1005     10.500     2.8730     2.8715    -0.0015    0.75656    0.75582          1     8.5485     8.4950       9.95     0.0122  9.994e-01  1.340e+00  1.340e+02     7.4138     7.4064    -0.0074     5.9117     5.9058     10.403     10.632      0.485    1426.29    1426.28  0.000e+00
       1074     11.000     2.8745     2.8710    -0.0035    0.75659    0.75579          1     8.5520     8.4946       9.95     0.0121  8.785e-01  1.177e+00  1.340e+02     7.4137     7.4061    -0.0076     5.9116     5.9056     10.898     11.138      0.274    1426.31    1426.28  0.000e+00
       1125     11.500     2.8745     2.8721    -0.0023    0.75661    0.75584          1     8.5447     8.4857       9.95     0.0121  7.936e-01  1.064e+00  1.340e+02     7.4139     7.4063    -0.0076     5.9117     5.9057     11.394     11.644      0.437    1426.32    1426.30  0.000e+00
       1152     12.000     2.8747     2.8742    -0.0004    0.75661    0.75589          1     8.5537     8.4981       9.95     0.0116  7.138e-01  9.568e-01  1.340e+02     7.4137     7.4063    -0.0074     5.9116     5.9057     11.889     12.151      0.376    1426.33    1426.31  0.000e+00
       1221     12.500     2.8743     2.8743     0.0000    0.75660    0.75590          1     8.5539     8.4932       9.95     0.0117  6.275e-01  8.411e-01  1.340e+02     7.4137     7.4063    -0.0074     5.9116     5.9057     12.384     12.657      0.234    1426.33    1426.32  0.000e+00
       1279     13.000     2.8739     2.8746     0.0007    0.75660    0.75592          1     8.5509     8.4851       9.95     0.0117  5.651e-01  7.574e-01  1.340e+02     7.4137     7.4063    -0.0074     5.9116     5.9057     12.880     13.163      0.303    1426.34    1426.33  0.000e+00
       1315     13.500     2.8747     2.8747    -0.0000    0.75662    0.75591          1     8.5593     8.4911       9.95     0.0118  5.125e-01  6.869e-01  1.340e+02     7.4137     7.4062    -0.0074     5.9116     5.9057     13.375     13.669      0.325    1426.35    1426.34  0.000e+00
       1355     14.000     2.8751     2.8750    -0.0001    0.75664    0.75594          1     8.5654     8.5049       9.95     0.0122  4.440e-01  5.952e-01  1.340e+02     7.4137     7.4063    -0.0074     5.9116     5.9057     13.870     14.176      0.288    1426.36    1426.35  0.000e+00
       1405     14.500     2.8750     2.8752     0.0002    0.75665    0.75594          1     8.5667     8.5053       9.95     0.0121  3.851e-01  5.165e-01  1.341e+02     7.4137     7.4063    -0.0075     5.9116     5.9057     14.366     14.682      0.209    1426.37    1426.36  0.000e+00
       1471     15.000     2.8729     2.8730     0.0001    0.75660    0.75590          1     8.5647     8.5058       9.95     0.0122  3.659e-01  4.907e-01  1.341e+02     7.4137     7.4063    -0.0073     5.9116     5.9057     14.861     15.188      0.378    1426.36    1426.35  0.000e+00
       1495     15.500     2.8737     2.8726    -0.0010    0.75663    0.75591          1     8.5565     8.5075       9.95     0.0122  3.125e-01  4.192e-01  1.341e+02     7.4137     7.4064    -0.0073     5.9116     5.9058     15.356     15.695      0.415    1426.37    1426.36  0.000e+00
       1587     16.000     2.8739     2.8738    -0.0001    0.75664    0.75593          1     8.5422     8.5002       9.95     0.0113  2.836e-01  3.806e-01  1.342e+02     7.4137     7.4062    -0.0075     5.9116     5.9057     15.852     16.201      0.446    1426.38    1426.37  0.000e+00
       1620     16.500     2.8738     2.8735    -0.0003    0.75665    0.75593          1     8.5396     8.5091       9.95     0.0121  2.510e-01  3.372e-01  1.344e+02     7.4137     7.4063    -0.0074     5.9116     5.9057     16.347     16.707      0.629    1426.39    1426.38  0.000e+00
       1640     17.000     2.8731     2.8734     0.0003    0.75663    0.75594          1     8.5502     8.5026       9.95     0.0122  2.052e-01  2.773e-01  1.352e+02     7.4137     7.4064    -0.0073     5.9116     5.9058     16.843     17.213      0.475    1426.40    1426.39  0.000e+00
       1714     17.500     2.8728     2.8729     0.0001    0.75662    0.75594          1     8.5634     8.5045       9.95     0.0121  1.769e-01  2.405e-01  1.360e+02     7.4136     7.4064    -0.0072     5.9115     5.9058     17.338     17.720      0.273    1426.40    1426.39  0.000e+00
       1764     18.000     2.8722     2.8719    -0.0003    0.75662    0.75591          1     8.5614     8.5079       9.95     0.0122  1.595e-01  2.170e-01  1.361e+02     7.4136     7.4062    -0.0074     5.9116     5.9056     17.833     18.226      0.444    1426.41    1426.40  0.000e+00
       1791     18.500     2.8723     2.8727     0.0003    0.75663    0.75594          1     8.5624     8.4978       9.95     0.0122  1.257e-01  1.711e-01  1.361e+02     7.4136     7.4062    -0.0074     5.9115     5.9057     18.329     18.732      0.366    1426.42    1426.41  0.000e+00
       1882     19.000     2.8722     2.8724     0.0002    0.75663    0.75594          1     8.5585     8.5036       9.95     0.0117  9.824e-02  1.337e-01  1.361e+02     7.4136     7.4063    -0.0073     5.9116     5.9057     18.824     19.238      0.272    1426.42    1426.41  0.000e+00
       1932     19.500     2.8722     2.8726     0.0004    0.75664    0.75595          1     8.5490     8.4964       9.95     0.0122  8.589e-02  1.169e-01  1.361e+02     7.4136     7.4062    -0.0074     5.9116     5.9057     19.319     19.745      0.443    1426.43    1426.42  0.000e+00
       1956     20.000     2.8721     2.8722     0.0001    0.75665    0.75595          1     8.5470     8.5008       9.95     0.0122  6.781e-02  9.227e-02  1.361e+02     7.4136     7.4063    -0.0073     5.9116     5.9057     19.815     20.251      0.512    1426.44    1426.43  0.000e+00
       1980     20.500     2.8716     2.8726     0.0010    0.75663    0.75597          1     8.5560     8.4993       9.95     0.0120  4.233e-02  5.759e-02  1.361e+02     7.4136     7.4063    -0.0072     5.9115     5.9057     20.310     20.757      0.420    1426.44    1426.44  0.000e+00
       2067     21.000     2.8714     2.8718     0.0004    0.75663    0.75594          1     8.5580     8.4933       9.95     0.0122  2.567e-02  3.492e-02  1.361e+02     7.4135     7.4062    -0.0073     5.9115     5.9056     20.805     21.264      0.251    1426.45    1426.44  0.000e+00
       2115     21.500     2.8714     2.8712    -0.0001    0.75664    0.75594          1     8.5568     8.5040       9.95     0.0122  1.732e-02  2.356e-02  1.361e+02     7.4135     7.4062    -0.0074     5.9115     5.9056     21.301     21.770      0.434    1426.46    1426.45  0.000e+00
       2142     22.000     2.8712     2.8718     0.0006    0.75665    0.75597          1     8.5607     8.5101       9.95     0.0118  2.411e-03  3.280e-03  1.361e+02     7.4136     7.4063    -0.0072     5.9115     5.9057     21.796     22.276      0.404    1426.47    1426.46  0.000e+00
       2196     22.500     2.8715     2.8718     0.0004    0.75666    0.75596          1     8.5704     8.5049       9.95     0.0122 -1.194e-04 -1.624e-04  1.361e+02     7.4136     7.4062    -0.0074     5.9115     5.9056     22.291     22.782      0.221    1426.47    1426.47  0.000e+00
       2271     23.000     2.8720     2.8724     0.0004    0.75669    0.75599          1     8.5569     8.5071       9.95     0.0121  7.349e-13  1.000e-12  1.361e+02     7.4137     7.4062    -0.0075     5.9116     5.9057     22.787     23.289      0.362    1426.49    1426.48  0.000e+00
       2295     23.500     2.8722     2.8722    -0.0000    0.75670    0.75601          1     8.5468     8.4946       9.95     0.0114  7.349e-13  1.000e-12  1.361e+02     7.4137     7.4064    -0.0073     5.9116     5.9058     23.282     23.795      0.513    1426.49    1426.48  0.000e+00
       2318     24.000     2.8716     2.8720     0.0004    0.75669    0.75601          1     8.5546     8.4942       9.95     0.0111  7.349e-13  1.000e-12  1.361e+02     7.4136     7.4064    -0.0072     5.9116     5.9058     23.777     24.301      0.460    1426.50    1426.49  0.000e+00
       2396     24.500     2.8716     2.8723     0.0007    0.75669    0.75602          1     8.5549     8.5108       9.95     0.0120  7.349e-13  1.000e-12  1.361e+02     7.4135     7.4064    -0.0071     5.9115     5.9058     24.273     24.808      0.260    1426.51    1426.50  0.000e+00
       2460     25.000     2.8715     2.8717     0.0002    0.75669    0.75600          1     8.5499     8.5075       9.95     0.0121  7.349e-13  1.000e-12  1.361e+02     7.4136     7.4062    -0.0074     5.9115     5.9056     24.768     25.314      0.443    1426.51    1426.51  0.000e+00
       2484     25.500     2.8717     2.8719     0.0002    0.75671    0.75602          1     8.5541     8.5014       9.95     0.0119  7.349e-13  1.000e-12  1.361e+02     7.4136     7.4063    -0.0073     5.9115     5.9057     25.263     25.820      0.468    1426.52    1426.51  0.000e+00
       2519     26.000     2.8736     2.8725    -0.0011    0.75676    0.75604          1     8.5585     8.4986       9.95     0.0120  7.340e-13  1.000e-12  1.362e+02     7.4137     7.4063    -0.0074     5.9116     5.9057     25.759     26.326      0.289    1426.54    1426.53  0.000e+00
       2612     26.500     2.8724     2.8729     0.0005    0.75674    0.75605          1     8.5339     8.4962       9.95     0.0122  7.236e-13  1.000e-12  1.382e+02     7.4136     7.4063    -0.0073     5.9116     5.9057     26.254     26.833      0.374    1426.54    1426.53  0.000e+00
       2633     27.000     2.8744     2.8745     0.0001    0.75680    0.75610          1     8.5387     8.5009       9.95     0.0122  7.241e-13  1.000e-12  1.381e+02     7.4137     7.4064    -0.0074     5.9116     5.9057     26.749     27.339      0.552    1426.56    1426.55  0.000e+00
       2654     27.500     2.8753     2.8758     0.0005    0.75682    0.75615          1     8.5444     8.5070       9.95     0.0122  7.241e-13  1.000e-12  1.381e+02     7.4137     7.4065    -0.0072     5.9116     5.9058     27.245     27.845      0.511    1426.57    1426.56  0.000e+00
