ctdpy/exports/archive_20191120_135557/received_data/SBE09_0827_20180227_1117_26_01_0326.cnv
* Sea-Bird SBE 9 Data File:
* FileName = D:\CTD_SBE911\DAT\26DA.2018.3.26.hex
* Software Version Seasave V 7.21d
* Temperature SN = 034757
* Conductivity SN = 041844
* Number of Bytes Per Scan = 48
* Number of Voltage Words = 5
* Number of Scans Averaged by the Deck Unit = 1
* NMEA Latitude = 56 08.31 N
* NMEA Longitude = 019 50.99 E
* NMEA UTC (Time) = Feb 27 2018  11:18:17
* NMEA baud rate = 4800
** Ship: DANA
** Average sound velocity: 1428.33 m/s
** True-depth calculation Tue, 02 Apr 2019 12:07:35 +0000
** CTD Python Module SMHI /ver 3-12/ feb 2012 
** LIMS Job: 20182601-0326
** Operator:
** Cruise: 02/2018
# nquan = 26
# nvalues = 108                         
# units = specified
# name 0 = scan: Scan Count
# name 1 = prDM: Pressure, Digiquartz [db]
# name 2 = t090C: Temperature [ITS-90, deg C]
# name 3 = t190C: Temperature, 2 [ITS-90, deg C]
# name 4 = T2-T190C: Temperature Difference, 2 - 1 [ITS-90, deg C]
# name 5 = c0S/m: Conductivity [S/m]
# name 6 = c1S/m: Conductivity, 2 [S/m]
# name 7 = pumps: Pump Status
# name 8 = sbeox1ML/L: Oxygen, SBE 43, 2 [ml/l]
# name 9 = sbeox0ML/L: Oxygen, SBE 43 [ml/l]
# name 10 = altM: Altimeter [m]
# name 11 = chloroflTC0: Chlorophyll, Turner Cyclops [ug/l]
# name 12 = cpar: CPAR/Corrected Irradiance [%]
# name 13 = par: PAR/Irradiance, Biospherical/Lico [µE/(cm^2*s)]
# name 14 = spar: SPAR, Biospherical/Licor
# name 15 = sal00: Salinity, Practical [PSU]
# name 16 = sal11: Salinity, Practical, 2 [PSU]
# name 17 = secS-priS: Salinity, Practical, Difference, 2 - 1 [PSU]
# name 18 = sigma-t00: Density [sigma-t, kg/m^3 ]
# name 19 = sigma-t11: Density, 2 [sigma-t, kg/m^3 ]
# name 20 = depSM: Depth [salt water, m], lat = 56.1385
# name 21 = depFM: Depth [true depth, m], lat = 56.1385
# name 22 = dz/dtM: Descent Rate [m/s], WS = 2
# name 23 = svCM: Sound Velocity [Chen-Millero, m/s]
# name 24 = svCM1: Sound Velocity, 2 [Chen-Millero, m/s]
# name 25 = flag: flag
# span 0 =         17,       5309       
# span 1 =      2.000,     55.500       
# span 2 =     3.2033,     4.3969       
# span 3 =     3.2031,     4.5258       
# span 4 =    -0.0063,     0.1531       
# span 5 =   0.765247,   0.891782       
# span 6 =   0.764476,   0.900392       
# span 7 =          1,          1       
# span 8 =     5.9950,     8.4678       
# span 9 =     5.1584,     8.4086       
# span 10 =       2.29,      10.00      
# span 11 =     0.0110,     0.0176      
# span 12 = -5.245e-09, 6.7698e+00      
# span 13 = -2.258e-08, 3.1071e+01      
# span 14 = 3.2896e+02, 4.5897e+02      
# span 15 =     7.4283,     8.4351      
# span 16 =     7.4208,     8.4898      
# span 17 =    -0.0446,     0.0547      
# span 18 =     5.9198,     6.6930      
# span 19 =     5.9139,     6.7320      
# span 20 =      1.982,     54.987      
# span 21 =      2.025,     56.195      
# span 22 =     -0.220,      1.356      
# span 23 =    1427.71,    1435.23      
# span 24 =    1427.70,    1435.88      
# span 25 = 0.0000e+00, 0.0000e+00      
# interval = decibars: 0.5              
# start_time = Feb 27 2018 11:18:17 [NMEA time, first data scan]
# bad_flag = -9.990e-29
*END*
         17      2.000     3.2057     3.2055    -0.0003    0.76525    0.76448          1     8.4065     8.3796      10.00     0.0122  6.770e+00  3.107e+01  4.590e+02     7.4291     7.4211    -0.0080     5.9206     5.9143      1.982      2.025     -0.142    1427.71    1427.70  0.000e+00
         32      2.500     3.2065     3.2051    -0.0014    0.76528    0.76449          1     8.4034     8.3780      10.00     0.0122  6.258e+00  2.872e+01  4.590e+02     7.4292     7.4213    -0.0079     5.9206     5.9144      2.477      2.531      0.849    1427.72    1427.71  0.000e+00
         42      3.000     3.2068     3.2051    -0.0015    0.76528    0.76449          1     8.4092     8.3836      10.00     0.0122  5.324e+00  2.444e+01  4.590e+02     7.4291     7.4212    -0.0079     5.9206     5.9143      2.973      3.038      0.883    1427.73    1427.72  0.000e+00
         69      3.500     3.2061     3.2052    -0.0009    0.76528    0.76450          1     8.4311     8.3873      10.00     0.0124  4.574e+00  2.091e+01  4.572e+02     7.4291     7.4213    -0.0079     5.9206     5.9144      3.468      3.544      0.564    1427.74    1427.72  0.000e+00
        193      4.000     3.2067     3.2060    -0.0007    0.76530    0.76451          1     8.4403     8.4012       9.99     0.0121  3.896e+00  1.756e+01  4.508e+02     7.4292     7.4211    -0.0080     5.9206     5.9143      3.964      4.050      0.860    1427.75    1427.74  0.000e+00
        206      4.500     3.2096     3.2087    -0.0009    0.76537    0.76457          1     8.4273     8.3974       9.99     0.0146  3.172e+00  1.430e+01  4.507e+02     7.4291     7.4210    -0.0081     5.9206     5.9141      4.459      4.556      0.636    1427.77    1427.75  0.000e+00
        325      5.000     3.2086     3.2085    -0.0001    0.76535    0.76457          1     8.4261     8.3884       9.99     0.0176  2.877e+00  1.288e+01  4.476e+02     7.4291     7.4210    -0.0080     5.9205     5.9142      4.954      5.063      0.907    1427.77    1427.76  0.000e+00
        362      5.500     3.2084     3.2082    -0.0002    0.76535    0.76458          1     8.4227     8.3839       9.99     0.0123  2.574e+00  1.150e+01  4.468e+02     7.4291     7.4211    -0.0080     5.9206     5.9142      5.450      5.569      1.014    1427.78    1427.77  0.000e+00
        375      6.000     3.2085     3.2083    -0.0002    0.76536    0.76460          1     8.4283     8.3880       9.98     0.0122  2.194e+00  9.766e+00  4.450e+02     7.4291     7.4212    -0.0079     5.9206     5.9143      5.945      6.075      0.790    1427.79    1427.78  0.000e+00
        434      6.500     3.2083     3.2075    -0.0008    0.76536    0.76459          1     8.4439     8.3949       9.98     0.0123  1.767e+00  7.831e+00  4.431e+02     7.4291     7.4212    -0.0079     5.9206     5.9143      6.441      6.582      0.479    1427.79    1427.78  0.000e+00
        507      7.000     3.2082     3.2071    -0.0011    0.76536    0.76459          1     8.4547     8.3953       9.98     0.0122  1.560e+00  6.875e+00  4.407e+02     7.4291     7.4212    -0.0078     5.9205     5.9143      6.936      7.088      0.598    1427.80    1427.79  0.000e+00
        560      7.500     3.2077     3.2061    -0.0016    0.76536    0.76458          1     8.4525     8.4023       9.97     0.0115  1.342e+00  5.897e+00  4.393e+02     7.4290     7.4213    -0.0078     5.9205     5.9144      7.432      7.594      0.419    1427.81    1427.79  0.000e+00
        622      8.000     3.2078     3.2047    -0.0032    0.76536    0.76455          1     8.4326     8.4053       9.97     0.0122  1.183e+00  5.167e+00  4.367e+02     7.4290     7.4213    -0.0077     5.9205     5.9144      7.927      8.100      0.647    1427.82    1427.79  0.000e+00
        650      8.500     3.2066     3.2043    -0.0023    0.76534    0.76455          1     8.4466     8.3984       9.97     0.0122  9.779e-01  4.266e+00  4.363e+02     7.4290     7.4213    -0.0077     5.9205     5.9144      8.422      8.607      0.477    1427.82    1427.80  0.000e+00
        743      9.000     3.2048     3.2040    -0.0009    0.76531    0.76454          1     8.4010     8.3946       9.97     0.0122  1.009e+00  4.363e+00  4.324e+02     7.4290     7.4212    -0.0077     5.9205     5.9143      8.918      9.113      1.152    1427.82    1427.80  0.000e+00
        748      9.500     3.2042     3.2044     0.0002    0.76530    0.76455          1     8.3982     8.3981       9.97     0.0122  9.176e-01  3.969e+00  4.326e+02     7.4290     7.4211    -0.0078     5.9206     5.9143      9.413      9.619      1.306    1427.82    1427.81  0.000e+00
        756     10.000     3.2035     3.2036     0.0002    0.76529    0.76456          1     8.4007     8.3972       9.97     0.0122  8.254e-01  3.570e+00  4.325e+02     7.4290     7.4213    -0.0077     5.9206     5.9144      9.909     10.125      1.309    1427.83    1427.82  0.000e+00
        765     10.500     3.2033     3.2031    -0.0002    0.76529    0.76457          1     8.4100     8.3959       9.97     0.0122  7.282e-01  3.141e+00  4.312e+02     7.4290     7.4215    -0.0075     5.9205     5.9146     10.404     10.632      1.152    1427.83    1427.82  0.000e+00
        778     11.000     3.2041     3.2040    -0.0001    0.76532    0.76457          1     8.4248     8.3965       9.96     0.0122  6.183e-01  2.662e+00  4.306e+02     7.4290     7.4212    -0.0078     5.9205     5.9144     10.899     11.138      0.705    1427.85    1427.84  0.000e+00
        933     11.500     3.2061     3.2057    -0.0003    0.76538    0.76463          1     8.4217     8.3840       9.96     0.0122  5.795e-01  2.495e+00  4.305e+02     7.4291     7.4213    -0.0077     5.9206     5.9144     11.395     11.644      0.981    1427.86    1427.85  0.000e+00
        950     12.000     3.2060     3.2047    -0.0013    0.76538    0.76462          1     8.4310     8.3794       9.96     0.0122  4.953e-01  2.132e+00  4.305e+02     7.4290     7.4214    -0.0076     5.9206     5.9145     11.890     12.151      0.881    1427.87    1427.86  0.000e+00
        965     12.500     3.2056     3.2044    -0.0012    0.76538    0.76460          1     8.4415     8.3840       9.96     0.0121  4.191e-01  1.803e+00  4.303e+02     7.4290     7.4212    -0.0077     5.9205     5.9144     12.386     12.657      0.646    1427.88    1427.86  0.000e+00
       1045     13.000     3.2055     3.2051    -0.0003    0.76537    0.76462          1     8.4507     8.3989       9.96     0.0122  3.688e-01  1.583e+00  4.294e+02     7.4290     7.4211    -0.0078     5.9205     5.9143     12.881     13.163      0.425    1427.88    1427.87  0.000e+00
       1131     13.500     3.2058     3.2057    -0.0001    0.76539    0.76464          1     8.4369     8.3995       9.96     0.0122  3.580e-01  1.541e+00  4.305e+02     7.4290     7.4212    -0.0077     5.9205     5.9143     13.377     13.669      0.643    1427.89    1427.88  0.000e+00
       1150     14.000     3.2063     3.2066     0.0004    0.76541    0.76467          1     8.4346     8.3922       9.96     0.0122  3.089e-01  1.330e+00  4.305e+02     7.4290     7.4212    -0.0078     5.9205     5.9143     13.872     14.176      0.525    1427.90    1427.89  0.000e+00
       1240     14.500     3.2102     3.2131     0.0030    0.76550    0.76480          1     8.4452     8.4005       9.96     0.0121  2.641e-01  1.137e+00  4.307e+02     7.4290     7.4210    -0.0080     5.9205     5.9141     14.367     14.682      0.480    1427.93    1427.93  0.000e+00
       1294     15.000     3.2127     3.2130     0.0003    0.76556    0.76482          1     8.4386     8.4006       9.96     0.0116  2.525e-01  1.092e+00  4.326e+02     7.4290     7.4212    -0.0078     5.9204     5.9142     14.863     15.188      0.826    1427.95    1427.94  0.000e+00
       1307     15.500     3.2131     3.2128    -0.0003    0.76558    0.76482          1     8.4350     8.3990       9.96     0.0119  2.265e-01  9.798e-01  4.326e+02     7.4290     7.4212    -0.0078     5.9204     5.9142     15.358     15.694      0.888    1427.96    1427.95  0.000e+00
       1320     16.000     3.2128     3.2119    -0.0009    0.76558    0.76482          1     8.4336     8.4013       9.96     0.0121  1.993e-01  8.620e-01  4.326e+02     7.4290     7.4213    -0.0077     5.9204     5.9143     15.854     16.201      0.804    1427.96    1427.95  0.000e+00
       1360     16.500     3.2131     3.2123    -0.0008    0.76559    0.76483          1     8.4419     8.4027       9.96     0.0121  1.688e-01  7.303e-01  4.326e+02     7.4289     7.4212    -0.0077     5.9204     5.9142     16.349     16.707      0.466    1427.97    1427.96  0.000e+00
       1516     17.000     3.2158     3.2157    -0.0000    0.76565    0.76490          1     8.4669     8.3997       9.96     0.0118  1.468e-01  6.418e-01  4.371e+02     7.4289     7.4212    -0.0077     5.9203     5.9142     16.844     17.213      0.292    1427.99    1427.98  0.000e+00
       1533     17.500     3.2153     3.2137    -0.0016    0.76564    0.76488          1     8.4431     8.4029       9.96     0.0120  1.387e-01  6.056e-01  4.366e+02     7.4288     7.4213    -0.0075     5.9203     5.9143     17.340     17.719      0.609    1428.00    1427.98  0.000e+00
       1550     18.000     3.2139     3.2128    -0.0011    0.76562    0.76485          1     8.4377     8.4004       9.96     0.0122  1.201e-01  5.243e-01  4.366e+02     7.4289     7.4212    -0.0077     5.9203     5.9142     17.835     18.226      0.726    1428.00    1427.99  0.000e+00
       1566     18.500     3.2138     3.2129    -0.0009    0.76562    0.76486          1     8.4400     8.4067       9.95     0.0116  9.880e-02  4.314e-01  4.366e+02     7.4288     7.4212    -0.0077     5.9203     5.9142     18.331     18.732      0.663    1428.01    1427.99  0.000e+00
       1604     19.000     3.2144     3.2145     0.0001    0.76563    0.76490          1     8.4425     8.4062       9.95     0.0119  8.007e-02  3.499e-01  4.369e+02     7.4288     7.4212    -0.0076     5.9202     5.9142     18.826     19.238      0.456    1428.02    1428.01  0.000e+00
       1726     19.500     3.2149     3.2146    -0.0003    0.76565    0.76491          1     8.4274     8.3861       9.95     0.0121  8.872e-02  3.892e-01  4.387e+02     7.4288     7.4212    -0.0076     5.9202     5.9142     19.321     19.745      1.042    1428.03    1428.02  0.000e+00
       1735     20.000     3.2147     3.2140    -0.0007    0.76565    0.76492          1     8.4279     8.3901       9.95     0.0119  7.239e-02  3.175e-01  4.387e+02     7.4288     7.4213    -0.0075     5.9202     5.9143     19.817     20.251      0.900    1428.04    1428.02  0.000e+00
       1762     20.500     3.2144     3.2132    -0.0012    0.76565    0.76491          1     8.4360     8.3939       9.95     0.0121  5.717e-02  2.508e-01  4.387e+02     7.4287     7.4213    -0.0075     5.9202     5.9143     20.312     20.757      0.572    1428.04    1428.03  0.000e+00
       1883     21.000     3.2133     3.2127    -0.0006    0.76563    0.76490          1     8.4355     8.3833       9.95     0.0121  5.986e-02  2.626e-01  4.387e+02     7.4287     7.4212    -0.0075     5.9202     5.9143     20.808     21.263      1.030    1428.05    1428.03  0.000e+00
       1892     21.500     3.2127     3.2115    -0.0012    0.76562    0.76489          1     8.4367     8.3888       9.95     0.0122  5.266e-02  2.309e-01  4.385e+02     7.4287     7.4213    -0.0074     5.9202     5.9144     21.303     21.770      0.981    1428.05    1428.04  0.000e+00
       1905     22.000     3.2123     3.2114    -0.0009    0.76562    0.76488          1     8.4421     8.3952       9.95     0.0121  4.461e-02  1.950e-01  4.371e+02     7.4287     7.4212    -0.0075     5.9202     5.9142     21.798     22.276      0.797    1428.06    1428.04  0.000e+00
       1952     22.500     3.2121     3.2112    -0.0009    0.76562    0.76488          1     8.4484     8.3933       9.95     0.0122  3.476e-02  1.516e-01  4.363e+02     7.4287     7.4212    -0.0075     5.9202     5.9142     22.294     22.782      0.494    1428.06    1428.05  0.000e+00
       2099     23.000     3.2102     3.2097    -0.0005    0.76559    0.76486          1     8.4298     8.3838       9.95     0.0122  3.484e-02  1.514e-01  4.346e+02     7.4287     7.4212    -0.0075     5.9203     5.9143     22.789     23.288      1.050    1428.06    1428.05  0.000e+00
       2106     23.500     3.2109     3.2116     0.0007    0.76561    0.76487          1     8.4191     8.3820       9.95     0.0121  2.698e-02  1.171e-01  4.340e+02     7.4288     7.4209    -0.0079     5.9203     5.9140     23.285     23.795      1.154    1428.07    1428.07  0.000e+00
       2115     24.000     3.2133     3.2120    -0.0013    0.76568    0.76492          1     8.4146     8.3883       9.95     0.0111  1.866e-02  8.081e-02  4.331e+02     7.4288     7.4212    -0.0076     5.9203     5.9142     23.780     24.301      1.178    1428.09    1428.08  0.000e+00
       2125     24.500     3.2148     3.2100    -0.0047    0.76570    0.76490          1     8.4153     8.3978       9.95     0.0112  1.009e-02  4.366e-02  4.326e+02     7.4287     7.4214    -0.0073     5.9202     5.9144     24.275     24.807      1.106    1428.11    1428.08  0.000e+00
       2137     25.000     3.2116     3.2088    -0.0028    0.76565    0.76488          1     8.4279     8.4041       9.95     0.0112  1.953e-03  8.446e-03  4.326e+02     7.4287     7.4214    -0.0074     5.9202     5.9144     24.771     25.314      0.892    1428.10    1428.08  0.000e+00
       2178     25.500     3.2111     3.2098    -0.0013    0.76564    0.76489          1     8.4293     8.4050       9.95     0.0122  9.098e-04  3.914e-03  4.317e+02     7.4287     7.4212    -0.0075     5.9202     5.9143     25.266     25.820      0.604    1428.11    1428.09  0.000e+00
       2297     26.000     3.2103     3.2098    -0.0005    0.76562    0.76490          1     8.4052     8.3975       9.95     0.0119  1.681e-03  7.237e-03  4.306e+02     7.4287     7.4212    -0.0075     5.9202     5.9143     25.761     26.326      1.356    1428.11    1428.10  0.000e+00
       2310     26.500     3.2106     3.2130     0.0024    0.76565    0.76493          1     8.4135     8.3977       9.95     0.0120  6.399e-05  2.755e-04  4.305e+02     7.4288     7.4208    -0.0080     5.9203     5.9139     26.257     26.832      1.097    1428.12    1428.12  0.000e+00
       2362     27.000     3.2144     3.2166     0.0022    0.76574    0.76505          1     8.4364     8.3999       9.95     0.0121 -5.245e-09 -2.258e-08  4.281e+02     7.4287     7.4211    -0.0077     5.9202     5.9141     26.752     27.339      0.648    1428.15    1428.14  0.000e+00
       2455     27.500     3.2185     3.2191     0.0006    0.76583    0.76510          1     8.4674     8.4086       9.95     0.0120  2.347e-13  1.001e-12  4.265e+02     7.4287     7.4210    -0.0078     5.9201     5.9139     27.248     27.845      0.672    1428.17    1428.16  0.000e+00
       2526     28.000     3.2173     3.2164    -0.0009    0.76581    0.76509          1     8.4678     8.4046       9.95     0.0119  2.356e-13  1.000e-12  4.244e+02     7.4287     7.4214    -0.0073     5.9202     5.9143     27.743     28.351      0.400    1428.17    1428.16  0.000e+00
       2585     28.500     3.2159     3.2182     0.0023    0.76579    0.76510          1     8.4661     8.3978       9.96     0.0122  2.367e-13  1.000e-12  4.224e+02     7.4287     7.4210    -0.0077     5.9202     5.9140     28.238     28.857      0.495    1428.18    1428.18  0.000e+00
       2613     29.000     3.2189     3.2187    -0.0003    0.76585    0.76512          1     8.4609     8.3987       9.96     0.0120  2.371e-13  1.000e-12  4.217e+02     7.4286     7.4211    -0.0075     5.9201     5.9141     28.734     29.364      0.356    1428.20    1428.19  0.000e+00
