ctdpy/exports/archive_20191120_135557/received_data/SBE09_1044_20180922_0716_34_01_0038.cnv
* Sea-Bird SBE 9 Data File:
* FileName = C:\ctd\temp\2018\AR18D038.hex
* Software Version Seasave V 7.26.6.26
* Temperature SN = 5351
* Conductivity SN = 3941
* Number of Bytes Per Scan = 41
* Number of Voltage Words = 4
* Number of Scans Averaged by the Deck Unit = 1
* NMEA Latitude = 56 22.25 N
* NMEA Longitude = 016 12.11 E
* NMEA UTC (Time) = Sep 22 2018  07:16:33
* NMEA baud rate = 4800
** Station:  Ref M1V1
** Operator:  MHan
** Ship: ARANDA
** Average sound velocity: 1454.76 m/s
** True-depth calculation Sat, 22 Sep 2018 08:30:02 +0000
** CTD Python Module SMHI /ver 3-12/ feb 2012 
** LIMS Job: 20183401-0038
** Cruise: SMHI-02-2018
** Latitude [GG MM.mm N] :
** Longitude [GG MM.mm E]:
# nquan = 26
# nvalues = 36                          
# units = specified
# name 0 = scan: Scan Count
# name 1 = prDM: Pressure, Digiquartz [db]
# name 2 = t090C: Temperature [ITS-90, deg C]
# name 3 = t190C: Temperature, 2 [ITS-90, deg C]
# name 4 = T2-T190C: Temperature Difference, 2 - 1 [ITS-90, deg C]
# name 5 = c0S/m: Conductivity [S/m]
# name 6 = c1S/m: Conductivity, 2 [S/m]
# name 7 = pumps: Pump Status
# name 8 = sbeox0ML/L: Oxygen, SBE 43 [ml/l]
# name 9 = sbeox1ML/L: Oxygen, SBE 43, 2 [ml/l]
# name 10 = altM: Altimeter [m]
# name 11 = flECO-AFL: Chl-a Fluorescence, WET Labs ECO-AFL/FL [mg/m^3]
# name 12 = flECO-AFL1: Phycocyanin Fluorescence, WET Labs ECO-AFL/FL, 2 [mg/m^3]
# name 13 = par: PAR/Irradiance, Biospherical/Lico [µE/(cm^2*s)]
# name 14 = turbWETntu0: Turbidity, WET Labs ECO [NTU]
# name 15 = sal00: Salinity, Practical [PSU]
# name 16 = sal11: Salinity, Practical, 2 [PSU]
# name 17 = secS-priS: Salinity, Practical, Difference, 2 - 1 [PSU]
# name 18 = sigma-t00: Density [sigma-t, Kg/m^3 ]
# name 19 = sigma-t11: Density, 2 [sigma-t, Kg/m^3 ]
# name 20 = depSM: Depth [salt water, m], lat = 56.3708
# name 21 = depFM: Depth [true depth, m], lat = 56.3708
# name 22 = dz/dtM: Descent Rate [m/s], WS = 2
# name 23 = svCM: Sound Velocity [Chen-Millero, m/s]
# name 24 = svCM1: Sound Velocity, 2 [Chen-Millero, m/s]
# name 25 = flag: flag
# span 0 =      34997,      38309       
# span 1 =      0.500,     18.000       
# span 2 =     5.4926,    11.7795       
# span 3 =     5.4968,    11.7855       
# span 4 =    -0.1468,     0.3854       
# span 5 =   0.822124,   0.949111       
# span 6 =   0.822225,   0.949186       
# span 7 =          1,          1       
# span 8 =    6.03189,    7.05715       
# span 9 =    3.51882,    5.14050       
# span 10 =       2.06,      20.10      
# span 11 =     0.6022,     0.9442      
# span 12 =     0.2315,     0.3799      
# span 13 = 2.8567e+00, 7.6820e+02      
# span 14 =     0.3441,     1.5536      
# span 15 =     7.3149,     7.5563      
# span 16 =     7.3144,     7.5595      
# span 17 =    -0.0111,     0.0032      
# span 18 =     5.2032,     5.9499      
# span 19 =     5.2020,     5.9521      
# span 20 =      0.495,     17.835      
# span 21 =      0.507,     18.234      
# span 22 =     -0.219,      0.694      
# span 23 =    1438.27,    1463.12      
# span 24 =    1438.29,    1463.14      
# span 25 = 0.0000e+00, 0.0000e+00      
# interval = decibars: 0.5              
# start_time = Sep 22 2018 07:16:33 [NMEA time, first data scan]
# bad_flag = -9.990e-29
*END*
      34997      0.500    11.7655    11.7722     0.0068    0.94877    0.94887          1     6.5710     3.5188      20.10     0.7791     0.2784  7.682e+02  0.3441000     7.3152     7.3147    -0.0005     5.2052     5.2039      0.495      0.507      0.280    1463.02    1463.04  0.000e+00
      35930      1.000    11.7689    11.7694     0.0005    0.94885    0.94882          1     6.5575     3.5244      19.85     0.8042     0.2948  6.543e+02  0.3453000     7.3152     7.3148    -0.0004     5.2047     5.2044      0.991      1.013      0.264    1463.04    1463.04  0.000e+00
      36225      1.500    11.7633    11.7676     0.0043    0.94873    0.94879          1     6.5484     3.5239      19.40     0.8308     0.2819  2.561e+02  0.3526000     7.3152     7.3148    -0.0004     5.2055     5.2046      1.486      1.520      0.326    1463.02    1463.04  0.000e+00
      36251      2.000    11.7665    11.7684     0.0019    0.94881    0.94880          1     6.5495     3.5258      18.94     0.8454     0.3121  2.272e+02  0.3497000     7.3152     7.3148    -0.0004     5.2051     5.2045      1.982      2.027      0.340    1463.04    1463.05  0.000e+00
      36286      2.500    11.7679    11.7695     0.0016    0.94885    0.94883          1     6.5582     3.5264      18.44     0.8480     0.2987  1.959e+02  0.3473000     7.3151     7.3147    -0.0004     5.2049     5.2043      2.477      2.533      0.464    1463.06    1463.06  0.000e+00
      36308      3.000    11.7699    11.7726     0.0027    0.94889    0.94890          1     6.5616     3.5287      18.19     0.8832     0.3364  1.686e+02  0.3593000     7.3151     7.3146    -0.0004     5.2045     5.2039      2.973      3.040      0.548    1463.07    1463.08  0.000e+00
      36330      3.500    11.7748    11.7855     0.0106    0.94901    0.94919          1     6.5673     3.5356      17.73     0.8613     0.3799  1.334e+02  0.3596000     7.3150     7.3144    -0.0006     5.2039     5.2020      3.468      3.546      0.532    1463.10    1463.14  0.000e+00
      36353      4.000    11.7795    11.7831     0.0036    0.94911    0.94914          1     6.5738     3.5347      17.28     0.8681     0.3154  1.163e+02  0.3747000     7.3149     7.3145    -0.0004     5.2032     5.2024      3.963      4.053      0.538    1463.12    1463.13  0.000e+00
      36374      4.500    11.7718    11.7811     0.0092    0.94896    0.94910          1     6.5511     3.5332      16.78     0.8780     0.2954  9.882e+01  0.3822000     7.3152     7.3144    -0.0007     5.2044     5.2026      4.459      4.560      0.562    1463.10    1463.14  0.000e+00
      36396      5.000    11.7268    11.7057    -0.0213    0.94806    0.94761          1     6.5447     3.5415      16.07     0.8881     0.3202  8.455e+01  0.3788000     7.3164     7.3169     0.0005     5.2111     5.2142      4.954      5.066      0.531    1462.95    1462.87  0.000e+00
      36421      5.500    11.6758    11.6787     0.0029    0.94709    0.94710          1     6.5573     3.5477      15.43     0.8950     0.3222  7.426e+01  0.3663000     7.3182     7.3178    -0.0005     5.2191     5.2183      5.450      5.573      0.426    1462.77    1462.77  0.000e+00
      36452      6.000    11.7162    11.7151    -0.0005    0.94792    0.94784          1     6.5643     3.5666      14.93     0.9063     0.2923  6.324e+01  0.3665000     7.3172     7.3167    -0.0005     5.2131     5.2129      5.945      6.080      0.426    1462.92    1462.92  0.000e+00
      36476      6.500    11.6747    11.6785     0.0034    0.94709    0.94712          1     6.5217     3.5704      13.94     0.9080     0.2943  5.533e+01  0.3687000     7.3184     7.3179    -0.0004     5.2193     5.2185      6.441      6.586      0.561    1462.78    1462.79  0.000e+00
      36496      7.000    11.5676    11.6062     0.0383    0.94500    0.94567          1     6.5243     3.5942      13.78     0.9019     0.2991  4.629e+01  0.3705000     7.3220     7.3199    -0.0021     5.2357     5.2292      6.936      7.093      0.664    1462.39    1462.53  0.000e+00
      36513      7.500    11.4442    11.4239    -0.0197    0.94236    0.94191          1     6.4972     3.6116      13.64     0.9066     0.3238  3.887e+01  0.3839000     7.3241     7.3244     0.0003     5.2529     5.2557      7.431      7.599      0.694    1461.94    1461.86  0.000e+00
      36530      8.000    11.2875    11.3053     0.0172    0.93919    0.93947          1     6.4729     3.6165      13.29     0.9213     0.3052  3.371e+01  0.3941000     7.3284     7.3272    -0.0012     5.2757     5.2726      7.927      8.106      0.642    1461.36    1461.43  0.000e+00
      36551      8.500    11.2283    11.2590     0.0306    0.93787    0.93850          1     6.4738     3.6350      12.44     0.9182     0.2953  2.978e+01  0.3831000     7.3289     7.3282    -0.0007     5.2833     5.2791      8.422      8.613      0.522    1461.15    1461.26  0.000e+00
      36578      9.000    10.9380    10.9221    -0.0155    0.93165    0.93123          1     6.4652     3.6424      11.24     0.9338     0.2955  2.691e+01  0.3855000     7.3340     7.3335    -0.0004     5.3223     5.3238      8.918      9.119      0.419    1460.06    1460.00  0.000e+00
      36607      9.500    10.7237    10.7600     0.0355    0.92724    0.92788          1     6.4555     3.6432      10.85     0.9442     0.2950  2.441e+01  0.3883000     7.3392     7.3373    -0.0018     5.3515     5.3459      9.413      9.626      0.433    1459.26    1459.39  0.000e+00
      36633     10.000    10.5884    10.5790    -0.0088    0.92451    0.92434          1     6.4575     3.6237       9.93     0.9425     0.2950  2.190e+01  0.3850000     7.3429     7.3433     0.0004     5.3701     5.3715      9.908     10.132      0.497    1458.75    1458.72  0.000e+00
      36656     10.500    10.5012    10.6208     0.1191    0.92288    0.92541          1     6.6079     3.6664       9.99     0.9334     0.3011  1.913e+01  0.3841000     7.3463     7.3440    -0.0023     5.3827     5.3672     10.404     10.639      0.547    1458.43    1458.89  0.000e+00
      36677     11.000    10.6738    10.6507    -0.0234    0.92685    0.92621          1     7.0572     3.8587       9.55     0.9091     0.3134  1.666e+01  0.3795000     7.3457     7.3448    -0.0009     5.3624     5.3644     10.899     11.145      0.597    1459.10    1459.01  0.000e+00
      36696     11.500    10.8750    10.7276    -0.1468    0.93111    0.92798          1     6.9037     4.0045       9.34     0.8843     0.3404  1.459e+01  0.3723000     7.3416     7.3444     0.0028     5.3357     5.3552     11.395     11.652      0.647    1459.87    1459.31  0.000e+00
      36714     12.000    10.9678    10.9380    -0.0299    0.93329    0.93255          1     6.3337     4.0579       8.71     0.8950     0.3407  1.294e+01  0.3791000     7.3416     7.3413    -0.0004     5.3247     5.3280     11.890     12.159      0.679    1460.23    1460.12  0.000e+00
      36731     12.500    10.0711    10.0658    -0.0076    0.91431    0.91352          1     6.0319     4.1429       8.20     0.9172     0.3342  1.158e+01  0.3796000     7.3587     7.3529    -0.0058     5.4346     5.4321     12.386     12.665      0.658    1456.77    1456.76  0.000e+00
      36751     13.000     7.6432     8.0257     0.3854    0.86238    0.86998          1     6.1840     4.2873       7.78     0.9213     0.2999  1.044e+01  0.3840000     7.3979     7.3867    -0.0111     5.6929     5.6537     12.881     13.172      0.562    1447.14    1448.69  0.000e+00
      36776     13.500     5.8979     6.0261     0.1278    0.82676    0.82900          1     6.5430     4.3454       7.08     0.8281     0.2817  9.445e+00  0.4294000     7.4386     7.4321    -0.0065     5.8387     5.8262     13.376     13.678      0.402    1439.85    1440.39  0.000e+00
      36811     14.000     5.5636     5.5704     0.0068    0.82212    0.82222          1     6.6883     4.2755       6.37     0.6885     0.2644  8.585e+00  0.6511000     7.4674     7.4669    -0.0005     5.8795     5.8787     13.872     14.184      0.366    1438.46    1438.49  0.000e+00
      36839     14.500     5.5390     5.5415     0.0025    0.82298    0.82295          1     6.6333     4.2232       6.00     0.6151     0.2816  7.689e+00  0.9454000     7.4812     7.4803    -0.0009     5.8915     5.8907     14.367     14.690      0.527    1438.38    1438.39  0.000e+00
      36859     15.000     5.5255     5.5288     0.0033    0.82362    0.82359          1     6.5930     4.2181       5.67     0.6079     0.3005  6.806e+00  1.0146000     7.4904     7.4893    -0.0011     5.8994     5.8984     14.863     15.197      0.635    1438.34    1438.36  0.000e+00
      36877     15.500     5.5209     5.5237     0.0028    0.82422    0.82420          1     6.5674     4.2456       5.25     0.6101     0.2315  6.068e+00  1.0544000     7.4972     7.4964    -0.0008     5.9050     5.9042     15.358     15.703      0.671    1438.34    1438.35  0.000e+00
      36895     16.000     5.5165     5.5190     0.0025    0.82479    0.82475          1     6.5174     4.2720       4.75     0.6022     0.2742  5.425e+00  1.1384000     7.5037     7.5027    -0.0010     5.9103     5.9095     15.853     16.209      0.643    1438.34    1438.35  0.000e+00
      36915     16.500     5.5096     5.5134     0.0038    0.82534    0.82532          1     6.4761     4.3012       4.13     0.6205     0.2975  4.759e+00  1.3181000     7.5106     7.5096    -0.0010     5.9161     5.9151     16.349     16.716      0.560    1438.32    1438.34  0.000e+00
      36939     17.000     5.4926     5.4985     0.0059    0.82577    0.82579          1     6.5283     4.3664       2.57     0.6164     0.2875  4.160e+00  1.4548000     7.5185     7.5174    -0.0011     5.9231     5.9220     16.844     17.222      0.420    1438.27    1438.29  0.000e+00
      37726     17.500     5.5231     5.4968    -0.0265    0.83013    0.82961          1     6.4349     5.1405       2.72     0.6355     0.2971  3.514e+00  1.5536000     7.5542     7.5551     0.0008     5.9499     5.9519     17.339     17.728      0.195    1438.45    1438.34  0.000e+00
      38309     18.000     5.6945     5.5644    -0.1301    0.83429    0.83163          1     6.4274     5.0992       2.06     0.6223     0.3140  2.857e+00  1.4668000     7.5563     7.5595     0.0032     5.9432     5.9521     17.835     18.234     -0.219    1439.21    1438.65  0.000e+00
