ctdpy/tests/etc/exprapp_feb_2020/SBE09_1387_20200207_0241_77_10_0119.cnv
* Sea-Bird SBE 9 Data File:
* FileName = L:\2020\sv20d0119.hex
* Software Version Seasave V 7.26.7.121
* Temperature SN = 6378
* Conductivity SN = 4824
* Number of Bytes Per Scan = 41
* Number of Voltage Words = 4
* Number of Scans Averaged by the Deck Unit = 1
* NMEA Latitude = 57 52.02 N
* NMEA Longitude = 011 17.49 E
* NMEA UTC (Time) = Feb 07 2020  02:41:36
* NMEA baud rate = 4800
** Station:  P2
** Operator:  SSip
** Ship: SVEA
** Average sound velocity: 1476.87 m/s
** True-depth calculation Fri, 07 Feb 2020 03:56:13 +0000
** CTD Python Module SMHI /ver 3-12/ feb 2012 
** LIMS Job: 20207710-0119
** Cruise: SMHI-03-2020
** Latitude [GG MM.mm N] :
** Longitude [GGG MM.mm E]:
# nquan = 30
# nvalues = 182                         
# units = specified
# name 0 = scan: Scan Count
# name 1 = prDM: Pressure, Digiquartz [db]
# name 2 = t090C: Temperature [ITS-90, deg C]
# name 3 = t190C: Temperature, 2 [ITS-90, deg C]
# name 4 = c0S/m: Conductivity [S/m]
# name 5 = c1S/m: Conductivity, 2 [S/m]
# name 6 = pumps: Pump Status
# name 7 = sbeox0V: Oxygen raw, SBE 43 [V]
# name 8 = sbeox1V: Oxygen raw, SBE 43, 2 [V]
# name 9 = altM: Altimeter [m]
# name 10 = dz/dtM: Descent Rate [m/s]
# name 11 = flECO-AFL: Chl-a Fluorescence, WET Labs ECO-AFL/FL [mg/m^3]
# name 12 = flECO-AFL1: Phycocyanin Fluorescence, WET Labs ECO-AFL/FL, 2 [mg/m^3]
# name 13 = par: PAR/Irradiance, Biospherical/Lico [µE/(cm^2*s)]
# name 14 = turbWETntu0: Turbidity, WET Labs ECO [NTU]
# name 15 = sal00: Salinity, Practical [PSU]
# name 16 = sal11: Salinity, Practical, 2 [PSU]
# name 17 = secS-priS: Salinity, Practical, Difference, 2 - 1 [PSU]
# name 18 = T2-T190C: Temperature Difference, 2 - 1 [ITS-90, deg C]
# name 19 = sigma-t00: Density [sigma-t, kg/m^3 ]
# name 20 = sigma-t11: Density, 2 [sigma-t, kg/m^3 ]
# name 21 = depSM: Depth [salt water, m], lat = 57.867
# name 22 = depFM: Depth [true depth, m], lat = 57.867
# name 23 = svCM: Sound Velocity [Chen-Millero, m/s]
# name 24 = svCM1: Sound Velocity, 2 [Chen-Millero, m/s]
# name 25 = sbeox0ML/L: Oxygen, SBE 43 [ml/l], WS = 2
# name 26 = sbeox1ML/L: Oxygen, SBE 43, 2 [ml/l], WS = 2
# name 27 = sbeox0PS: Oxygen, SBE 43 [% saturation], WS = 2
# name 28 = sbeox1PS: Oxygen, SBE 43, 2 [% saturation], WS = 2
# name 29 = flag: flag
# span 0 =      46160,      52627       
# span 1 =      2.500,     94.000       
# span 2 =     5.7027,     7.3688       
# span 3 =     5.7170,     7.3678       
# span 4 =   2.970127,   3.524372       
# span 5 =   2.976960,   3.524144       
# span 6 =          1,          1       
# span 7 =     3.4784,     3.6339       
# span 8 =     3.2377,     3.3823       
# span 9 =       0.85,      98.00       
# span 10 =      0.081,      0.564      
# span 11 =     0.4174,     1.9043      
# span 12 =     0.1661,     0.6012      
# span 13 = 9.9817e-13, 1.0062e+00      
# span 14 =     0.4356,     2.9912      
# span 15 =    30.0409,    34.5797      
# span 16 =    30.1044,    34.5782      
# span 17 =    -0.0499,     0.2444      
# span 18 =    -0.0253,     0.0547      
# span 19 =    23.6702,    27.0458      
# span 20 =    23.7188,    27.0460      
# span 21 =      2.477,     93.109      
# span 22 =      2.487,     93.285      
# span 23 =    1467.33,    1480.85      
# span 24 =    1467.47,    1480.85      
# span 25 =     6.1868,     6.9060      
# span 26 =     6.2616,     6.9967      
# span 27 =     91.356,     96.046      
# span 28 =     92.536,     97.382      
# span 29 = 0.0000e+00, 0.0000e+00      
# interval = decibars: 0.5              
# start_time = Feb 07 2020 02:41:37 [NMEA time, first data scan]
# bad_flag = -9.990e-29
*END*
      46160      2.500     5.7027     5.7170    2.97013    2.97696          1     3.6339     3.3823      97.47      0.081     1.9043     0.5756  1.006e+00  0.4356000    30.0409    30.1044     0.0635     0.0143    23.6702    23.7188      2.477      2.487    1467.33    1467.47     6.9060     6.9967    96.0460    97.3820  0.000e+00
      46449      3.000     5.7523     5.7457    2.99642    2.99466          1     3.6281     3.3763      97.49      0.173     1.8684     0.5712  8.979e-01  0.4785000    30.2898    30.2762    -0.0137    -0.0066    23.8612    23.8512      2.972      2.985    1467.85    1467.81     6.8757     6.9619    95.8960    97.0740  0.000e+00
      46772      3.500     5.7660     5.7670    3.00279    3.00179          1     3.6276     3.3737      81.20      0.154     1.8082     0.6012  7.571e-01  0.4576000    30.3485    30.3364    -0.0121     0.0011    23.9060    23.8964      3.468      3.482    1467.99    1467.98     6.8667     6.9591    95.8390    97.1230  0.000e+00
      46828      4.000     5.7723     5.7644    3.00252    2.99796          1     3.6247     3.3735      91.85      0.229     1.7519     0.5571  5.232e-01  0.4508000    30.3396    30.2958    -0.0438    -0.0080    23.8983    23.8646      3.963      3.980    1468.01    1467.92     6.8495     6.9572    95.6070    97.0650  0.000e+00
      46853      4.500     5.8192     5.8068    3.02394    3.01847          1     3.6241     3.3731      84.06      0.422     1.8688     0.5694  4.445e-01  0.4988000    30.5361    30.4862    -0.0499    -0.0124    24.0481    24.0101      4.458      4.477    1468.46    1468.34     6.8562     6.9523    95.9320    97.2170  0.000e+00
      46886      5.000     5.8360     5.8414    3.03321    3.03361          1     3.6247     3.3700      96.83      0.399     1.7770     0.5910  3.594e-01  0.4944000    30.6240    30.6236    -0.0004     0.0054    24.1155    24.1146      4.954      4.974    1468.64    1468.66     6.8231     6.8829    95.5630    96.4130  0.000e+00
      46927      5.500     5.8894     5.9441    3.05905    3.08549          1     3.6105     3.3575      97.34      0.264     1.6221     0.4965  2.864e-01  0.5272000    30.8634    31.1079     0.2444     0.0547    24.2984    24.4849      5.449      5.472    1469.17    1469.70     6.7348     6.7923    94.5950    95.6810  0.000e+00
      46955      6.000     6.0262     6.0388    3.12985    3.13333          1     3.5998     3.3498      97.38      0.386     1.7030     0.4558  2.123e-01  0.4846000    31.5264    31.5534     0.0270     0.0126    24.8057    24.8255      5.944      5.969    1470.56    1470.65     6.6622     6.7428    94.2910    95.4770  0.000e+00
      46982      6.500     6.0747     6.0722    3.14571    3.14590          1     3.5892     3.3426      97.58      0.445     1.5797     0.4616  1.692e-01  0.5123000    31.6578    31.6621     0.0044    -0.0024    24.9035    24.9073      6.440      6.466    1470.93    1470.93     6.6371     6.7291    94.1260    95.4280  0.000e+00
      47012      7.000     6.0917     6.1088    3.15248    3.16203          1     3.5835     3.3376      97.59      0.413     1.1917     0.4105  1.359e-01  0.4975000    31.7169    31.8073     0.0904     0.0171    24.9481    25.0174      6.935      6.962    1471.08    1471.26     6.6306     6.7073    94.1080    95.2920  0.000e+00
      47039      7.500     6.0760     6.0609    3.18358    3.18535          1     3.5777     3.3318      97.59      0.428     1.0242     0.3358  9.232e-02  0.5673000    32.0783    32.1122     0.0340    -0.0151    25.2353    25.2640      7.430      7.459    1471.48    1471.46     6.6018     6.6847    93.8900    95.0560  0.000e+00
      47065      8.000     6.0674     6.0750    3.20822    3.20894          1     3.5728     3.3272      97.60      0.451     0.9903     0.4231  6.702e-02  0.6970000    32.3612    32.3619     0.0008     0.0076    25.4597    25.4594      7.926      7.956    1471.81    1471.84     6.5882     6.6758    93.8530    95.1180  0.000e+00
      47095      8.500     6.1146     6.1084    3.23129    3.22987          1     3.5702     3.3243      97.60      0.427     0.8808     0.3607  4.890e-02  0.7194000    32.5734    32.5636    -0.0099    -0.0062    25.6215    25.6144      8.421      8.452    1472.28    1472.24     6.5728     6.6579    93.8690    95.0640  0.000e+00
      47124      9.000     6.1172     6.1170    3.24074    3.24006          1     3.5669     3.3205      96.12      0.401     0.8431     0.3237  2.114e-02  0.7248000    32.6763    32.6689    -0.0074    -0.0002    25.7023    25.6965      8.917      8.949    1472.42    1472.41     6.5573     6.6369    93.7170    94.8490  0.000e+00
      47150      9.500     6.1430     6.1444    3.24897    3.24968          1     3.5643     3.3169      68.33      0.438     0.8679     0.3155  3.457e-03  0.8034000    32.7431    32.7497     0.0065     0.0014    25.7519    25.7569      9.412      9.446    1472.62    1472.63     6.5488     6.6260    93.6940    94.8050  0.000e+00
      47176     10.000     6.1778     6.1770    3.25912    3.25889          1     3.5632     3.3152      97.42      0.469     0.8213     0.2989  8.633e-04  0.8217000    32.8225    32.8207    -0.0018    -0.0008    25.8102    25.8089      9.907      9.942    1472.87    1472.86     6.5442     6.6297    93.7530    94.9750  0.000e+00
      47203     10.500     6.1811     6.1803    3.26061    3.26038          1     3.5628     3.3150      97.60      0.453     0.7779     0.2916  7.574e-07  0.8222000    32.8358    32.8339    -0.0018    -0.0008    25.8203    25.8189     10.403     10.438    1472.90    1472.90     6.5428     6.6345    93.7480    95.0590  0.000e+00
      47231     11.000     6.1835     6.1833    3.26152    3.26152          1     3.5621     3.3147      97.60      0.433     0.8067     0.3285  1.000e-12  0.9245000    32.8433    32.8435     0.0002    -0.0002    25.8259    25.8261     10.898     10.935    1472.93    1472.93     6.5350     6.6247    93.6470    94.9310  0.000e+00
      47257     11.500     6.2047     6.2045    3.26797    3.26821          1     3.5592     3.3127      97.60      0.444     0.7897     0.3244  1.000e-12  0.8945000    32.8945    32.8973     0.0028    -0.0002    25.8637    25.8659     11.393     11.431    1473.09    1473.09     6.5150     6.6044    93.4380    94.7220  0.000e+00
      47283     12.000     6.2232     6.2226    3.27529    3.27524          1     3.5557     3.3104      97.38      0.469     0.8006     0.2948  1.000e-12  1.1198000    32.9580    32.9580     0.0000    -0.0006    25.9115    25.9116     11.889     11.928    1473.25    1473.25     6.5040     6.5934    93.3600    94.6420  0.000e+00
      47310     12.500     6.2399     6.2402    3.28193    3.28194          1     3.5533     3.3080      97.46      0.453     0.7483     0.2748  1.000e-12  0.9863000    33.0156    33.0154    -0.0002     0.0003    25.9548    25.9547     12.384     12.424    1473.40    1473.40     6.4963     6.5830    93.3210    94.5680  0.000e+00
      47339     13.000     6.2592     6.2593    3.28877    3.28885          1     3.5505     3.3054      97.60      0.412     0.7278     0.2956  1.000e-12  1.0466000    33.0729    33.0737     0.0008     0.0001    25.9976    25.9983     12.879     12.921    1473.55    1473.55     6.4833     6.5690    93.2120    94.4450  0.000e+00
      47366     13.500     6.2666     6.2659    3.29114    3.29097          1     3.5479     3.3028      97.60      0.432     0.6879     0.3191  1.000e-12  1.0547000    33.0918    33.0907    -0.0011    -0.0007    26.0116    26.0108     13.375     13.417    1473.61    1473.61     6.4770     6.5648    93.1490    94.4100  0.000e+00
      47390     14.000     6.2698     6.2698    3.29216    3.29211          1     3.5457     3.3017      97.60      0.479     0.6987     0.3286  1.000e-12  1.0517000    33.0999    33.0994    -0.0005    -0.0001    26.0176    26.0172     13.870     13.913    1473.65    1473.64     6.4744     6.5736    93.1230    94.5490  0.000e+00
      47415     14.500     6.2717     6.2714    3.29273    3.29261          1     3.5448     3.3015      97.60      0.492     0.7072     0.3220  1.000e-12  1.0695000    33.1041    33.1030    -0.0011    -0.0002    26.0207    26.0199     14.365     14.410    1473.67    1473.66     6.4775     6.5711    93.1750    94.5210  0.000e+00
      47441     15.000     6.2731     6.2731    3.29311    3.29303          1     3.5444     3.3005      97.60      0.466     0.6863     0.3060  1.000e-12  1.0825000    33.1068    33.1059    -0.0008    -0.0001    26.0226    26.0220     14.861     14.906    1473.68    1473.68     6.4763     6.5712    93.1620    94.5270  0.000e+00
      47469     15.500     6.2748     6.2747    3.29351    3.29340          1     3.5436     3.3006      97.60      0.437     0.6872     0.3235  1.000e-12  1.0775000    33.1094    33.1081    -0.0012    -0.0001    26.0244    26.0235     15.356     15.402    1473.70    1473.70     6.4755     6.5738    93.1560    94.5690  0.000e+00
      47498     16.000     6.2760     6.2758    3.29383    3.29371          1     3.5434     3.2999      97.60      0.426     0.6972     0.3196  1.000e-12  1.1102000    33.1114    33.1103    -0.0011    -0.0002    26.0259    26.0251     15.851     15.899    1473.72    1473.72     6.4779     6.5655    93.1940    94.4530  0.000e+00
      47525     16.500     6.2762     6.2761    3.29405    3.29394          1     3.5436     3.2989      97.60      0.432     0.6876     0.2989  1.000e-12  1.0798000    33.1135    33.1124    -0.0011    -0.0001    26.0275    26.0267     16.347     16.395    1473.73    1473.73     6.4773     6.5612    93.1870    94.3930  0.000e+00
      47551     17.000     6.2770     6.2768    3.29433    3.29422          1     3.5432     3.2973      97.60      0.448     0.6857     0.2917  1.000e-12  1.0781000    33.1156    33.1145    -0.0011    -0.0001    26.0291    26.0283     16.842     16.891    1473.74    1473.74     6.4745     6.5574    93.1500    94.3420  0.000e+00
      47578     17.500     6.2786     6.2786    3.29470    3.29460          1     3.5427     3.2969      97.61      0.453     0.6740     0.3309  1.000e-12  1.0623000    33.1179    33.1168    -0.0012     0.0000    26.0307    26.0298     17.337     17.388    1473.76    1473.76     6.4754     6.5712    93.1680    94.5460  0.000e+00
      47604     18.000     6.2796     6.2794    3.29490    3.29478          1     3.5424     3.2981      97.60      0.460     0.6863     0.3284  1.000e-12  1.1071000    33.1189    33.1177    -0.0012    -0.0002    26.0314    26.0304     17.833     17.884    1473.77    1473.77     6.4745     6.5734    93.1580    94.5800  0.000e+00
      47629     18.500     6.2802     6.2801    3.29502    3.29491          1     3.5423     3.2980      97.61      0.475     0.6754     0.3010  1.000e-12  1.1430000    33.1194    33.1183    -0.0012    -0.0001    26.0317    26.0308     18.328     18.380    1473.79    1473.78     6.4754     6.5690    93.1720    94.5180  0.000e+00
      47656     19.000     6.2808     6.2807    3.29515    3.29502          1     3.5421     3.2981      88.07      0.456     0.6771     0.2929  1.000e-12  1.0913000    33.1200    33.1188    -0.0013    -0.0001    26.0321    26.0311     18.823     18.877    1473.80    1473.79     6.4723     6.5688    93.1290    94.5170  0.000e+00
      47685     19.500     6.2812     6.2810    3.29522    3.29508          1     3.5409     3.2978      92.69      0.416     0.6916     0.3117  1.000e-12  1.1097000    33.1201    33.1188    -0.0013    -0.0002    26.0321    26.0311     19.319     19.373    1473.81    1473.80     6.4709     6.5717    93.1110    94.5600  0.000e+00
      47713     20.000     6.2819     6.2817    3.29535    3.29523          1     3.5409     3.2988      53.35      0.418     0.6868     0.3058  1.000e-12  1.1032000    33.1207    33.1195    -0.0012    -0.0001    26.0325    26.0316     19.814     19.869    1473.82    1473.82     6.4737     6.5792    93.1520    94.6690  0.000e+00
      47738     20.500     6.2825     6.2824    3.29546    3.29534          1     3.5411     3.2992      97.65      0.460     0.6795     0.2963  1.000e-12  1.0998000    33.1211    33.1198    -0.0013    -0.0001    26.0328    26.0318     20.309     20.366    1473.83    1473.83     6.4743     6.5747    93.1620    94.6060  0.000e+00
      47762     21.000     6.2830     6.2829    3.29555    3.29543          1     3.5408     3.2992      97.61      0.497     0.6867     0.2893  1.000e-12  1.1092000    33.1213    33.1202    -0.0011    -0.0001    26.0328    26.0319     20.805     20.862    1473.84    1473.84     6.4711     6.5719    93.1180    94.5670  0.000e+00
      47789     21.500     6.2839     6.2839    3.29569    3.29560          1     3.5400     3.2986      97.61      0.472     0.7065     0.3131  1.000e-12  1.1791000    33.1219    33.1208    -0.0011     0.0000    26.0331    26.0323     21.300     21.358    1473.85    1473.85     6.4690     6.5637    93.0900    94.4520  0.000e+00
      47818     22.000     6.2857     6.2860    3.29600    3.29596          1     3.5393     3.2968      80.75      0.417     0.6913     0.2622  1.000e-12  1.1727000    33.1233    33.1225    -0.0008     0.0003    26.0341    26.0334     21.795     21.855    1473.87    1473.87     6.4685     6.5560    93.0870    94.3470  0.000e+00
      47847     22.500     6.2896     6.2897    3.29669    3.29659          1     3.5391     3.2956      98.00      0.413     0.6649     0.2653  1.000e-12  1.3778000    33.1268    33.1257    -0.0012     0.0001    26.0364    26.0354     22.291     22.351    1473.90    1473.90     6.4704     6.5594    93.1250    94.4060  0.000e+00
      47872     23.000     6.2917     6.2918    3.29702    3.29695          1     3.5392     3.2949      97.61      0.448     0.6839     0.3072  1.000e-12  1.1573000    33.1282    33.1274    -0.0008     0.0001    26.0372    26.0365     22.786     22.848    1473.91    1473.91     6.4685     6.5535    93.1030    94.3270  0.000e+00
      47896     23.500     6.2949     6.2950    3.29756    3.29746          1     3.5386     3.2937      97.62      0.487     0.6648     0.3181  1.000e-12  1.1526000    33.1309    33.1297    -0.0011     0.0000    26.0389    26.0380     23.281     23.344    1473.94    1473.94     6.4663     6.5512    93.0800    94.3020  0.000e+00
      47922     24.000     6.2997     6.2999    3.29833    3.29827          1     3.5384     3.2930      81.07      0.487     0.6934     0.2585  1.000e-12  1.0960000    33.1346    33.1337    -0.0009     0.0002    26.0412    26.0405     23.776     23.840    1473.97    1473.97     6.4672     6.5556    93.1070    94.3790  0.000e+00
      47952     24.500     6.3074     6.3085    3.29975    3.29979          1     3.5383     3.2932      69.20      0.421     0.6779     0.2553  1.000e-12  1.0615000    33.1426    33.1421    -0.0005     0.0011    26.0465    26.0460     24.272     24.337    1474.02    1474.02     6.4646     6.5568    93.0910    94.4200  0.000e+00
      47982     25.000     6.3168     6.3178    3.30145    3.30154          1     3.5371     3.2927      68.78      0.392     0.6723     0.2693  1.000e-12  1.1214000    33.1522    33.1522     0.0000     0.0010    26.0529    26.0528     24.767     24.833    1474.08    1474.08     6.4509     6.5415    92.9190    94.2270  0.000e+00
      48008     25.500     6.3321     6.3340    3.30434    3.30459          1     3.5339     3.2903      54.91      0.437     0.6297     0.2842  1.000e-12  1.0579000    33.1692    33.1701     0.0009     0.0019    26.0644    26.0649     25.262     25.329    1474.17    1474.18     6.4356     6.5236    92.7420    94.0150  0.000e+00
      48032     26.000     6.3676     6.3714    3.31092    3.31155          1     3.5310     3.2879      72.92      0.486     0.6160     0.2316  1.000e-12  1.0747000    33.2077    33.2109     0.0032     0.0039    26.0902    26.0923     25.758     25.826    1474.36    1474.38     6.4238     6.5115    92.6720    93.9490  0.000e+00
