ctdpy/tests/etc/exprapp_feb_2020/SBE09_1387_20200209_0419_77_10_0131.cnv
* Sea-Bird SBE 9 Data File:
* FileName = L:\2020\sv20d0131.hex
* Software Version Seasave V 7.26.7.121
* Temperature SN = 6378
* Conductivity SN = 4824
* Number of Bytes Per Scan = 41
* Number of Voltage Words = 4
* Number of Scans Averaged by the Deck Unit = 1
* NMEA Latitude = 55 13.06 N
* NMEA Longitude = 017 04.06 E
* NMEA UTC (Time) = Feb 09 2020  04:19:08
* NMEA baud rate = 4800
** Station:  BY7 Stolpe ränna
** Operator:  SSip
** Ship: SVEA
** Average sound velocity: 1447.23 m/s
** True-depth calculation Sun, 09 Feb 2020 05:23:49 +0000
** CTD Python Module SMHI /ver 3-12/ feb 2012 
** LIMS Job: 20207710-0131
** Cruise: SMHI-03-2020
** Latitude [GG MM.mm N] :
** Longitude [GGG MM.mm E]:
# nquan = 30
# nvalues = 173                         
# units = specified
# name 0 = scan: Scan Count
# name 1 = prDM: Pressure, Digiquartz [db]
# name 2 = t090C: Temperature [ITS-90, deg C]
# name 3 = t190C: Temperature, 2 [ITS-90, deg C]
# name 4 = c0S/m: Conductivity [S/m]
# name 5 = c1S/m: Conductivity, 2 [S/m]
# name 6 = pumps: Pump Status
# name 7 = sbeox0V: Oxygen raw, SBE 43 [V]
# name 8 = sbeox1V: Oxygen raw, SBE 43, 2 [V]
# name 9 = altM: Altimeter [m]
# name 10 = dz/dtM: Descent Rate [m/s]
# name 11 = flECO-AFL: Chl-a Fluorescence, WET Labs ECO-AFL/FL [mg/m^3]
# name 12 = flECO-AFL1: Phycocyanin Fluorescence, WET Labs ECO-AFL/FL, 2 [mg/m^3]
# name 13 = par: PAR/Irradiance, Biospherical/Lico [µE/(cm^2*s)]
# name 14 = turbWETntu0: Turbidity, WET Labs ECO [NTU]
# name 15 = sal00: Salinity, Practical [PSU]
# name 16 = sal11: Salinity, Practical, 2 [PSU]
# name 17 = secS-priS: Salinity, Practical, Difference, 2 - 1 [PSU]
# name 18 = T2-T190C: Temperature Difference, 2 - 1 [ITS-90, deg C]
# name 19 = sigma-t00: Density [sigma-t, kg/m^3 ]
# name 20 = sigma-t11: Density, 2 [sigma-t, kg/m^3 ]
# name 21 = depSM: Depth [salt water, m], lat = 55.2177
# name 22 = depFM: Depth [true depth, m], lat = 55.2177
# name 23 = svCM: Sound Velocity [Chen-Millero, m/s]
# name 24 = svCM1: Sound Velocity, 2 [Chen-Millero, m/s]
# name 25 = sbeox0ML/L: Oxygen, SBE 43 [ml/l], WS = 2
# name 26 = sbeox1ML/L: Oxygen, SBE 43, 2 [ml/l], WS = 2
# name 27 = sbeox0PS: Oxygen, SBE 43 [% saturation], WS = 2
# name 28 = sbeox1PS: Oxygen, SBE 43, 2 [% saturation], WS = 2
# name 29 = flag: flag
# span 0 =      21105,      27250       
# span 1 =      1.500,     88.000       
# span 2 =     5.4332,     9.6448       
# span 3 =     5.4331,     9.6453       
# span 4 =   0.821819,   1.747685       
# span 5 =   0.821919,   1.747852       
# span 6 =          1,          1       
# span 7 =     1.3503,     3.5720       
# span 8 =     1.2957,     3.3320       
# span 9 =       0.85,      88.94       
# span 10 =     -0.163,      0.584      
# span 11 =     0.3322,     0.5487      
# span 12 =     0.1483,     0.3212      
# span 13 = 1.0000e-12, 1.5499e+00      
# span 14 =     0.1152,     0.5915      
# span 15 =     7.4934,    14.9921      
# span 16 =     7.4943,    14.9935      
# span 17 =    -0.0271,     0.0721      
# span 18 =    -0.0468,     0.0330      
# span 19 =     5.9061,    11.4226      
# span 20 =     5.9068,    11.4236      
# span 21 =      1.486,     87.187      
# span 22 =      1.519,     88.949      
# span 23 =    1437.74,    1466.17      
# span 24 =    1437.74,    1465.96      
# span 25 =     1.4762,     7.9187      
# span 26 =     1.5077,     8.0599      
# span 27 =     20.044,     94.197      
# span 28 =     20.473,     95.877      
# span 29 = 0.0000e+00, 0.0000e+00      
# interval = decibars: 0.5              
# start_time = Feb 09 2020 04:19:08 [NMEA time, first data scan]
# bad_flag = -9.990e-29
*END*
[from data line 97]
      24502     50.000     5.6780     5.6787    0.85279    0.85323          1     3.4207     3.2038      39.60      0.405     0.4122     0.2410  1.000e-12  0.1687000     7.7362     7.7402     0.0041     0.0007     6.0860     6.0893     49.542     50.627    1439.87    1439.88     7.2118     7.2585    86.4400    87.0040  0.000e+00
      24523     50.500     5.7250     5.7268    0.86082    0.86152          1     3.3823     3.1699      39.35      0.512     0.4032     0.2378  1.000e-12  0.1578000     7.8035     7.8100     0.0065     0.0018     6.1368     6.1419     50.038     51.133    1440.17    1440.18     7.0652     7.0794    84.8210    84.9990  0.000e+00
      24543     51.000     5.7809     5.7810    0.87136    0.87176          1     3.3405     3.1324      38.79      0.584     0.4137     0.2643  1.000e-12  0.1684000     7.8933     7.8971     0.0039     0.0001     6.2047     6.2078     50.533     51.639    1440.53    1440.54     6.8664     6.8299    82.5980    82.1610  0.000e+00
      24567     51.500     5.8124     5.8205    0.88040    0.88246          1     3.2701     3.0660      38.25      0.555     0.4207     0.2813  1.000e-12  0.1607000     7.9738     7.9920     0.0182     0.0082     6.2667     6.2806     51.028     52.145    1440.77    1440.83     6.4305     6.2651    77.4560    75.4880  0.000e+00
      24597     52.000     5.9006     5.9184    0.89806    0.90067          1     3.1023     2.9221      37.58      0.421     0.4223     0.2782  1.000e-12  0.1921000     8.1247     8.1458     0.0211     0.0179     6.3809     6.3966     51.524     52.651    1441.35    1441.46     5.5430     5.3195    66.9760    64.3130  0.000e+00
      24627     52.500     6.0486     6.0750    0.92939    0.93748          1     2.8969     2.7505      37.02      0.391     0.4077     0.2360  1.000e-12  0.1735000     8.3934     8.4656     0.0721     0.0263     6.5845     6.6398     52.019     53.157    1442.34    1442.54     5.0190     4.8066    60.9810    58.4660  0.000e+00
      24653     53.000     6.2392     6.2219    0.97427    0.97103          1     2.7610     2.6266      36.54      0.447     0.3998     0.2062  1.000e-12  0.1865000     8.7814     8.7543    -0.0271    -0.0173     6.8788     6.8585     52.515     53.663    1443.64    1443.54     4.8985     4.7539    59.9520    58.1470  0.000e+00
      24681     53.500     6.2857     6.2826    0.98214    0.98178          1     2.6617     2.5303      35.74      0.439     0.3877     0.2294  1.000e-12  0.1799000     8.8457     8.8430    -0.0027    -0.0032     6.9266     6.9246     53.010     54.169    1443.93    1443.91     4.7944     4.7089    58.7700    57.7170  0.000e+00
      24710     54.000     6.2958     6.2954    0.98389    0.98413          1     2.5772     2.4487      34.56      0.406     0.3792     0.1978  1.000e-12  0.1791000     8.8600     8.8624     0.0025    -0.0004     6.9372     6.9391     53.505     54.675    1444.00    1444.00     4.5883     4.5132    56.2640    55.3430  0.000e+00
      24735     54.500     6.3209     6.3206    0.98858    0.98899          1     2.4999     2.3749      33.63      0.452     0.3843     0.1887  1.000e-12  0.1788000     8.8989     8.9030     0.0041    -0.0003     6.9662     6.9695     54.001     55.180    1444.16    1444.17     4.3295     4.2282    53.1360    51.8940  0.000e+00
      24759     55.000     6.3438     6.3442    0.99448    0.99499          1     2.4203     2.3000      34.03      0.496     0.3834     0.2237  1.000e-12  0.1793000     8.9500     8.9549     0.0048     0.0004     7.0051     7.0088     54.496     55.686    1444.33    1444.34     4.1675     4.0821    51.1950    50.1470  0.000e+00
      24787     55.500     6.4683     6.4943    1.02088    1.02601          1     2.3524     2.2333      33.65      0.455     0.3862     0.2339  1.000e-12  0.1861000     9.1727     9.2154     0.0426     0.0261     7.1722     7.2041     54.991     56.192    1445.14    1445.31     4.0277     3.9612    49.7000    48.9240  0.000e+00
      24816     56.000     6.6024     6.6137    1.04538    1.04646          1     2.2671     2.1549      32.17      0.410     0.3884     0.2375  1.000e-12  0.1834000     9.3736     9.3810     0.0074     0.0113     7.3212     7.3263     55.487     56.697    1445.97    1446.03     3.5406     3.4058    43.8920    42.2340  0.000e+00
      24841     56.500     6.8428     6.8582    1.08837    1.09324          1     2.1376     2.0422      29.79      0.450     0.3795     0.2364  1.000e-12  0.2192000     9.7213     9.7639     0.0426     0.0155     7.5775     7.6098     55.982     57.203    1447.42    1447.54     2.9788     2.7652    37.2250    34.5780  0.000e+00
      24863     57.000     7.1759     7.1962    1.15560    1.16061          1     2.0144     1.9320      32.14      0.514     0.3789     0.2003  1.000e-12  0.2015000    10.2717    10.3138     0.0421     0.0203     7.9845     8.0160     56.477     57.708    1449.50    1449.64     2.6834     2.4805    33.9320    31.3900  0.000e+00
      24884     57.500     7.5335     7.5665    1.21703    1.22349          1     1.9156     1.8409      31.73      0.557     0.3738     0.1908  1.000e-12  0.1941000    10.7510    10.8025     0.0515     0.0330     8.3310     8.3685     56.973     58.213    1451.58    1451.78     2.5591     2.4131    32.7440    30.9130  0.000e+00
      24907     58.000     7.8897     7.8946    1.27120    1.27339          1     1.8404     1.7680      30.34      0.547     0.3501     0.2003  1.000e-12  0.1938000    11.1558    11.1750     0.0192     0.0049     8.6170     8.6316     57.468     58.718    1453.54    1453.58     2.5324     2.4574    32.7670    31.8060  0.000e+00
      24937     58.500     8.0534     8.0750    1.30711    1.31032          1     1.7969     1.7181      20.31      0.448     0.3513     0.2615  1.000e-12  0.1982000    11.4437    11.4671     0.0234     0.0216     8.8273     8.8435     57.963     59.223    1454.57    1454.68     2.6897     2.6871    35.0060    34.9960  0.000e+00
      24968     59.000     8.1259     8.1254    1.32214    1.32264          1     1.8251     1.7271       7.09      0.375     0.3450     0.2196  1.000e-12  0.2056000    11.5622    11.5672     0.0049    -0.0005     8.9131     8.9170     58.459     59.728    1455.01    1455.02     2.9610     3.0506    38.6310    39.8010  0.000e+00
      24994     59.500     8.2780     8.3047    1.34415    1.34686          1     1.8579     1.7523      27.67      0.423     0.3584     0.2254  1.000e-12  0.2057000    11.7197    11.7365     0.0168     0.0267     9.0216     9.0321     58.954     60.233    1455.83    1455.95     2.9647     3.0720    38.8570    40.2950  0.000e+00
      25017     60.000     8.6507     8.6626    1.38113    1.38291          1     1.8683     1.7630      28.95      0.502     0.3611     0.2007  1.000e-12  0.2007000    11.9430    11.9556     0.0126     0.0119     9.1590     9.1677     59.449     60.737    1457.60    1457.66     2.8833     2.9752    38.1800    39.4110  0.000e+00
      25042     60.500     8.6846     8.6823    1.39544    1.39627          1     1.8692     1.7650      28.05      0.510     0.3492     0.1981  1.000e-12  0.2055000    12.0655    12.0741     0.0086    -0.0023     9.2512     9.2581     59.945     61.242    1457.89    1457.89     2.8429     2.9175    37.7060    38.6950  0.000e+00
      25072     61.000     8.7011     8.7003    1.40858    1.40878          1     1.8574     1.7576      27.37      0.415     0.3493     0.1713  1.000e-12  0.2077000    12.1830    12.1851     0.0021    -0.0008     9.3411     9.3428     60.440     61.747    1458.11    1458.11     2.7082     2.7512    35.9600    36.5310  0.000e+00
      25101     61.500     8.7114     8.7137    1.41576    1.41701          1     1.8167     1.7240      26.54      0.397     0.3586     0.1796  1.000e-12  0.2148000    12.2466    12.2575     0.0109     0.0023     9.3896     9.3979     60.935     62.251    1458.23    1458.26     2.5292     2.5314    33.6040    33.6370  0.000e+00
      25124     62.000     8.8429     8.8552    1.45039    1.45322          1     1.7802     1.6922      27.07      0.471     0.3547     0.2241  1.000e-12  0.2186000    12.5250    12.5471     0.0221     0.0124     9.5930     9.6089     61.431     62.756    1459.10    1459.18     2.4259     2.4317    32.3890    32.4800  0.000e+00
      25148     62.500     9.1172     9.1217    1.49810    1.49901          1     1.7393     1.6589      26.83      0.519     0.3488     0.2002  1.000e-12  0.2144000    12.8732    12.8801     0.0068     0.0045     9.8348     9.8396     61.926     63.260    1460.62    1460.64     2.2459     2.2488    30.2460    30.2890  0.000e+00
      25175     63.000     9.1655     9.1659    1.50632    1.50671          1     1.6751     1.6029      26.32      0.473     0.3539     0.2141  1.000e-12  0.2104000    12.9323    12.9359     0.0036     0.0004     9.8755     9.8782     62.421     63.764    1460.89    1460.89     2.0997     2.0629    28.3200    27.8250  0.000e+00
      25203     63.500     9.0091     8.9954    1.52729    1.52828          1     1.6374     1.5621      25.89      0.420     0.3535     0.2362  1.000e-12  0.2293000    13.1855    13.1998     0.0143    -0.0136    10.0899    10.1025     62.917     64.269    1460.59    1460.55     2.1596     2.1637    29.0700    29.1180  0.000e+00
      25229     64.000     9.0503     9.0610    1.57466    1.57826          1     1.6284     1.5502      25.50      0.447     0.3482     0.2493  1.000e-12  0.2398000    13.6138    13.6435     0.0297     0.0107    10.4189    10.4408     63.412     64.773    1461.28    1461.36     2.1748     2.2143    29.3830    29.9310  0.000e+00
      25252     64.500     9.3194     9.3213    1.60742    1.60806          1     1.6209     1.5425      25.07      0.503     0.3463     0.2371  1.000e-12  0.2324000    13.8176    13.8229     0.0052     0.0019    10.5474    10.5512     63.907     65.277    1462.59    1462.60     2.1348     2.1817    29.0620    29.7030  0.000e+00
      25275     65.000     9.3856     9.3903    1.61403    1.61471          1     1.6127     1.5342      24.45      0.523     0.3553     0.2277  1.000e-12  0.2246000    13.8536    13.8582     0.0046     0.0047    10.5677    10.5707     64.403     65.781    1462.90    1462.92     2.1184     2.1675    28.8890    29.5620  0.000e+00
      25300     65.500     9.4727     9.4711    1.63021    1.63074          1     1.6071     1.5287      23.94      0.496     0.3466     0.2272  1.000e-12  0.2248000    13.9706    13.9762     0.0056    -0.0016    10.6486    10.6532     64.898     66.284    1463.39    1463.39     2.1095     2.1666    28.8470    29.6280  0.000e+00
      25330     66.000     9.5159     9.5191    1.63766    1.63790          1     1.6011     1.5232      23.46      0.429     0.3535     0.2290  1.000e-12  0.2145000    14.0230    14.0241     0.0010     0.0032    10.6843    10.6848     65.393     66.788    1463.63    1463.64     2.0861     2.1443    28.5650    29.3650  0.000e+00
      25361     66.500     9.5512     9.5508    1.64043    1.64053          1     1.5916     1.5152      22.95      0.370     0.3550     0.2033  1.000e-12  0.2253000    14.0350    14.0360     0.0010    -0.0004    10.6895    10.6903     65.889     67.292    1463.78    1463.79     2.0547     2.1123    28.1600    28.9500  0.000e+00
      25386     67.000     9.4984     9.4883    1.63779    1.63727          1     1.5845     1.5091      22.13      0.437     0.3429     0.2105  1.000e-12  0.2312000    14.0309    14.0300    -0.0009    -0.0101    10.6925    10.6930     66.384     67.796    1463.58    1463.55     2.0464     2.1066    28.0120    28.8290  0.000e+00
      25407     67.500     9.4419     9.4413    1.63494    1.63498          1     1.5798     1.5050      21.81      0.532     0.3497     0.1982  1.000e-12  0.2473000    14.0263    14.0269     0.0006    -0.0007    10.6955    10.6961     66.879     68.300    1463.37    1463.37     2.0463     2.1084    27.9730    28.8230  0.000e+00
      25431     68.000     9.4201     9.4195    1.63446    1.63451          1     1.5766     1.5015      21.39      0.546     0.3473     0.2000  1.000e-12  0.2689000    14.0302    14.0309     0.0007    -0.0006    10.7011    10.7018     67.375     68.804    1463.29    1463.29     2.0470     2.1073    27.9690    28.7930  0.000e+00
      25463     68.500     9.4162     9.4158    1.63450    1.63455          1     1.5727     1.4974      20.89      0.410     0.3413     0.2500  1.000e-12  0.2534000    14.0320    14.0326     0.0007    -0.0004    10.7030    10.7035     67.870     69.308    1463.29    1463.29     2.0294     2.0935    27.7270    28.6030  0.000e+00
      25494     69.000     9.4141     9.4133    1.63457    1.63467          1     1.5627     1.4906      20.24      0.355     0.3322     0.2417  1.000e-12  0.2295000    14.0334    14.0345     0.0012    -0.0008    10.7043    10.7053     68.365     69.812    1463.29    1463.29     1.9657     2.0291    26.8560    27.7220  0.000e+00
      25517     69.500     9.4074     9.4082    1.63487    1.63497          1     1.5461     1.4781      19.01      0.453     0.3436     0.2223  1.000e-12  0.2615000    14.0387    14.0392     0.0005     0.0009    10.7093    10.7095     68.861     70.316    1463.28    1463.28     1.8920     1.9465    25.8460    26.5910  0.000e+00
      25538     70.000     9.3577     9.3575    1.63311    1.63314          1     1.5266     1.4627      19.23      0.549     0.3565     0.2026  1.000e-12  0.2608000    14.0416    14.0419     0.0003    -0.0002    10.7172    10.7175     69.356     70.819    1463.10    1463.10     1.8303     1.8779    24.9750    25.6240  0.000e+00
      25561     70.500     9.2644     9.2615    1.62930    1.62926          1     1.5025     1.4424      19.12      0.560     0.3570     0.2168  1.000e-12  0.2605000    14.0423    14.0430     0.0007    -0.0029    10.7286    10.7294     69.851     71.323    1462.75    1462.74     1.7715     1.8099    24.1210    24.6420  0.000e+00
      25591     71.000     9.1459     9.1527    1.62554    1.62579          1     1.4730     1.4150      13.38      0.438     0.3595     0.2234  1.000e-12  0.2584000    14.0534    14.0530    -0.0004     0.0068    10.7507    10.7496     70.347     71.827    1462.31    1462.33     1.7121     1.7394    23.2500    23.6240  0.000e+00
      25623     71.500     9.0443     9.0460    1.62798    1.62817          1     1.4416     1.3853      18.00      0.360     0.3701     0.1997  1.000e-12  0.2670000    14.1163    14.1174     0.0011     0.0017    10.8111    10.8118     70.842     72.331    1462.00    1462.00     1.6476     1.6702    22.3310    22.6370  0.000e+00
      25650     72.000     9.0441     9.0435    1.63898    1.63937          1     1.4219     1.3649      17.44      0.417     0.3599     0.1923  1.000e-12  0.2851000    14.2199    14.2238     0.0039    -0.0006    10.8919    10.8950     71.337     72.835    1462.13    1462.13     1.6274     1.6612    22.0710    22.5300  0.000e+00
      25673     72.500     9.0678     9.0695    1.64804    1.64843          1     1.4082     1.3525      16.97      0.493     0.3547     0.1999  1.000e-12  0.2969000    14.2958    14.2987     0.0030     0.0017    10.9483    10.9504     71.832     73.339    1462.32    1462.33     1.5797     1.6271    21.4460    22.0910  0.000e+00
      25696     73.000     9.0754     9.0759    1.65062    1.65064          1     1.3870     1.3352      16.20      0.524     0.3656     0.2222  1.000e-12  0.2541000    14.3169    14.3170     0.0000     0.0004    10.9639    10.9639     72.328     73.842    1462.39    1462.39     1.5065     1.5483    20.4580    21.0270  0.000e+00
      25724     73.500     9.0535     9.0549    1.65593    1.65584          1     1.3630     1.3133      15.69      0.469     0.3584     0.2057  1.000e-12  0.2485000    14.3758    14.3743    -0.0014     0.0014    11.0123    11.0110     72.823     74.346    1462.38    1462.38     1.4762     1.5077    20.0440    20.4730  0.000e+00
