ctdpy/tests/etc/exprapp_feb_2020/SBE09_1387_20200208_2058_77_10_0129.cnv
* Sea-Bird SBE 9 Data File:
* FileName = L:\2020\sv20d0129.hex
* Software Version Seasave V 7.26.7.121
* Temperature SN = 6378
* Conductivity SN = 4824
* Number of Bytes Per Scan = 41
* Number of Voltage Words = 4
* Number of Scans Averaged by the Deck Unit = 1
* NMEA Latitude = 55 15.02 N
* NMEA Longitude = 015 59.09 E
* NMEA UTC (Time) = Feb 08 2020  20:58:01
* NMEA baud rate = 4800
** Station:  BY5
** Operator:  DBSj
** Ship: SVEA
** Average sound velocity: 1448.91 m/s
** True-depth calculation Sat, 08 Feb 2020 23:19:09 +0000
** CTD Python Module SMHI /ver 3-12/ feb 2012 
** LIMS Job: 20207710-0129
** Cruise: SMHI-03-2020
** Latitude [GG MM.mm N] :
** Longitude [GGG MM.mm E]:
# nquan = 30
# nvalues = 173                         
# units = specified
# name 0 = scan: Scan Count
# name 1 = prDM: Pressure, Digiquartz [db]
# name 2 = t090C: Temperature [ITS-90, deg C]
# name 3 = t190C: Temperature, 2 [ITS-90, deg C]
# name 4 = c0S/m: Conductivity [S/m]
# name 5 = c1S/m: Conductivity, 2 [S/m]
# name 6 = pumps: Pump Status
# name 7 = sbeox0V: Oxygen raw, SBE 43 [V]
# name 8 = sbeox1V: Oxygen raw, SBE 43, 2 [V]
# name 9 = altM: Altimeter [m]
# name 10 = dz/dtM: Descent Rate [m/s]
# name 11 = flECO-AFL: Chl-a Fluorescence, WET Labs ECO-AFL/FL [mg/m^3]
# name 12 = flECO-AFL1: Phycocyanin Fluorescence, WET Labs ECO-AFL/FL, 2 [mg/m^3]
# name 13 = par: PAR/Irradiance, Biospherical/Lico [µE/(cm^2*s)]
# name 14 = turbWETntu0: Turbidity, WET Labs ECO [NTU]
# name 15 = sal00: Salinity, Practical [PSU]
# name 16 = sal11: Salinity, Practical, 2 [PSU]
# name 17 = secS-priS: Salinity, Practical, Difference, 2 - 1 [PSU]
# name 18 = T2-T190C: Temperature Difference, 2 - 1 [ITS-90, deg C]
# name 19 = sigma-t00: Density [sigma-t, kg/m^3 ]
# name 20 = sigma-t11: Density, 2 [sigma-t, kg/m^3 ]
# name 21 = depSM: Depth [salt water, m], lat = 55.2503
# name 22 = depFM: Depth [true depth, m], lat = 55.2503
# name 23 = svCM: Sound Velocity [Chen-Millero, m/s]
# name 24 = svCM1: Sound Velocity, 2 [Chen-Millero, m/s]
# name 25 = sbeox0ML/L: Oxygen, SBE 43 [ml/l], WS = 2
# name 26 = sbeox1ML/L: Oxygen, SBE 43, 2 [ml/l], WS = 2
# name 27 = sbeox0PS: Oxygen, SBE 43 [% saturation], WS = 2
# name 28 = sbeox1PS: Oxygen, SBE 43, 2 [% saturation], WS = 2
# name 29 = flag: flag
# span 0 =      43948,      56125       
# span 1 =      1.000,     87.500       
# span 2 =     5.4109,    10.3449       
# span 3 =     5.4154,    10.3444       
# span 4 =   0.854863,   1.910637       
# span 5 =   0.854946,   1.910419       
# span 6 =          1,          1       
# span 7 =     1.0107,     3.5797       
# span 8 =     0.9893,     3.3386       
# span 9 =       0.09,      97.54       
# span 10 =     -0.227,      0.643      
# span 11 =     0.3068,     0.6232      
# span 12 =     0.1169,     0.3196      
# span 13 = -1.566e-06, 5.2249e+00      
# span 14 =     0.1340,     0.5458      
# span 15 =     7.7602,    17.0750      
# span 16 =     7.7610,    17.0709      
# span 17 =    -0.0113,     0.0337      
# span 18 =    -0.0420,     0.0284      
# span 19 =     6.1047,    13.1832      
# span 20 =     6.1053,    13.1799      
# span 21 =      0.991,     86.691      
# span 22 =      1.012,     88.389      
# span 23 =    1439.19,    1467.64      
# span 24 =    1439.19,    1467.64      
# span 25 =     0.6030,     7.8715      
# span 26 =     0.5461,     8.0059      
# span 27 =      7.377,     94.383      
# span 28 =      6.681,     96.015      
# span 29 = 0.0000e+00, 0.0000e+00      
# interval = decibars: 0.5              
# start_time = Feb 08 2020 20:58:02 [NMEA time, first data scan]
# bad_flag = -9.990e-29
*END*
[from data line 49]
      45604     25.500     5.7113     5.7110    0.85714    0.85721          1     3.5712     3.3302      97.09      0.426     0.5988     0.2384  1.000e-12  0.1424000     7.7742     7.7749     0.0007    -0.0003     6.1144     6.1150     25.268     25.815    1439.67    1439.67     7.8620     7.9945    94.3360    95.9260  0.000e+00
      45629     26.000     5.7111     5.7113    0.85714    0.85725          1     3.5706     3.3305      97.19      0.489     0.5938     0.2665  1.000e-12  0.1543000     7.7741     7.7752     0.0011     0.0001     6.1143     6.1152     25.763     26.321    1439.68    1439.69     7.8600     7.9969    94.3110    95.9550  0.000e+00
      45658     26.500     5.7120     5.7116    0.85724    0.85728          1     3.5707     3.3302      71.40      0.449     0.6137     0.2840  1.000e-12  0.1537000     7.7749     7.7753     0.0005    -0.0005     6.1149     6.1153     26.259     26.827    1439.69    1439.69     7.8647     7.9914    94.3710    95.8910  0.000e+00
      45690     27.000     5.7137     5.7128    0.85741    0.85741          1     3.5709     3.3298      94.18      0.370     0.6075     0.2907  1.000e-12  0.1473000     7.7761     7.7763     0.0002    -0.0009     6.1157     6.1159     26.754     27.334    1439.71    1439.71     7.8612     7.9913    94.3340    95.8930  0.000e+00
      45717     27.500     5.7139     5.7136    0.85743    0.85749          1     3.5705     3.3297      76.25      0.411     0.6041     0.2638  1.000e-12  0.1517000     7.7761     7.7768     0.0007    -0.0003     6.1158     6.1164     27.250     27.840    1439.72    1439.72     7.8619     7.9941    94.3430    95.9280  0.000e+00
      45743     28.000     5.7131     5.7133    0.85736    0.85747          1     3.5702     3.3298      96.49      0.460     0.6013     0.2456  1.000e-12  0.1467000     7.7755     7.7766     0.0010     0.0002     6.1154     6.1162     27.745     28.346    1439.72    1439.72     7.8616     7.9900    94.3370    95.8780  0.000e+00
      45772     28.500     5.7132     5.7144    0.85737    0.85759          1     3.5702     3.3285      97.09      0.439     0.6097     0.2619  1.000e-12  0.1650000     7.7756     7.7775     0.0019     0.0012     6.1154     6.1168     28.241     28.852    1439.73    1439.74     7.8632     7.9807    94.3560    95.7700  0.000e+00
      45802     29.000     5.7153     5.7153    0.85762    0.85772          1     3.5700     3.3276      60.03      0.391     0.6071     0.2361  1.000e-12  0.1453000     7.7775     7.7784     0.0009     0.0001     6.1168     6.1175     28.736     29.358    1439.75    1439.75     7.8609     7.9894    94.3340    95.8780  0.000e+00
      45830     29.500     5.7154     5.7156    0.85763    0.85774          1     3.5695     3.3286      74.86      0.417     0.6049     0.2537  1.000e-12  0.1497000     7.7775     7.7785     0.0011     0.0002     6.1168     6.1176     29.231     29.864    1439.76    1439.76     7.8603     7.9969    94.3270    95.9690  0.000e+00
      45857     30.000     5.7161     5.7156    0.85771    0.85775          1     3.5695     3.3286      83.80      0.450     0.6113     0.2420  1.000e-12  0.1551000     7.7780     7.7785     0.0005    -0.0005     6.1171     6.1176     29.727     30.371    1439.77    1439.77     7.8612     7.9905    94.3400    95.8920  0.000e+00
      45886     30.500     5.7171     5.7171    0.85782    0.85790          1     3.5690     3.3280      97.32      0.424     0.6061     0.2599  1.000e-12  0.1450000     7.7789     7.7796     0.0008     0.0000     6.1178     6.1184     30.222     30.877    1439.78    1439.79     7.8569     7.9860    94.2910    95.8420  0.000e+00
      45914     31.000     5.7181     5.7183    0.85794    0.85806          1     3.5679     3.3277      90.32      0.417     0.6017     0.2397  1.000e-12  0.1481000     7.7796     7.7808     0.0012     0.0002     6.1183     6.1192     30.718     31.383    1439.80    1439.80     7.8485     7.9826    94.1940    95.8040  0.000e+00
      45940     31.500     5.7235     5.7221    0.85859    0.85849          1     3.5655     3.3262      80.93      0.450     0.6013     0.2909  1.000e-12  0.1473000     7.7847     7.7840    -0.0007    -0.0014     6.1221     6.1216     31.213     31.889    1439.84    1439.83     7.8346     7.9670    94.0430    95.6280  0.000e+00
      45969     32.000     5.7328     5.7322    0.85989    0.85983          1     3.5623     3.3240      97.42      0.433     0.6008     0.3196  1.000e-12  0.1553000     7.7951     7.7948    -0.0004    -0.0006     6.1298     6.1295     31.708     32.395    1439.90    1439.89     7.8205     7.9525    93.9020    95.4850  0.000e+00
      45997     32.500     5.7414     5.7407    0.86124    0.86119          1     3.5579     3.3206      97.13      0.410     0.5606     0.2356  1.000e-12  0.1398000     7.8063     7.8060    -0.0003    -0.0007     6.1381     6.1380     32.204     32.901    1439.96    1439.95     7.7994     7.9246    93.6760    95.1780  0.000e+00
      46023     33.000     5.7431     5.7433    0.86147    0.86160          1     3.5534     3.3158      84.12      0.454     0.5584     0.2387  1.000e-12  0.1468000     7.8081     7.8093     0.0012     0.0002     6.1395     6.1405     32.699     33.408    1439.97    1439.98     7.7838     7.8937    93.4930    94.8150  0.000e+00
      46049     33.500     5.7490     5.7489    0.86328    0.86326          1     3.5477     3.3097      82.92      0.466     0.5335     0.2647  1.000e-12  0.1604000     7.8243     7.8241    -0.0002    -0.0002     6.1520     6.1518     33.195     33.914    1440.03    1440.03     7.7611     7.8714    93.2440    94.5690  0.000e+00
      46081     34.000     5.7537     5.7534    0.86572    0.86546          1     3.5404     3.3032      72.65      0.394     0.5131     0.2630  1.000e-12  0.1619000     7.8469     7.8445    -0.0024    -0.0004     6.1696     6.1677     33.690     34.420    1440.08    1440.08     7.7448     7.8654    93.0740    94.5210  0.000e+00
      46111     34.500     5.7561     5.7562    0.86901    0.86896          1     3.5359     3.2994      59.12      0.389     0.5079     0.2592  1.000e-12  0.1516000     7.8783     7.8779    -0.0004     0.0000     6.1942     6.1939     34.185     34.926    1440.14    1440.14     7.7416     7.8702    93.0600    94.6060  0.000e+00
      46136     35.000     5.7544     5.7543    0.86960    0.86969          1     3.5332     3.2975      63.37      0.444     0.5209     0.2348  1.000e-12  0.1560000     7.8844     7.8853     0.0008    -0.0000     6.1992     6.1998     34.681     35.432    1440.15    1440.15     7.7371     7.8711    93.0060    94.6160  0.000e+00
      46162     35.500     5.7548     5.7546    0.86979    0.86986          1     3.5306     3.2956      65.67      0.469     0.5153     0.2369  1.000e-12  0.1407000     7.8861     7.8869     0.0008    -0.0002     6.2004     6.2011     35.176     35.938    1440.16    1440.16     7.7322     7.8606    92.9480    94.4920  0.000e+00
      46191     36.000     5.7545     5.7545    0.87023    0.87026          1     3.5282     3.2929      60.47      0.433     0.5089     0.2286  1.000e-12  0.1487000     7.8904     7.8907     0.0004    -0.0001     6.2039     6.2042     35.672     36.444    1440.17    1440.17     7.7284     7.8555    92.9050    94.4330  0.000e+00
      46221     36.500     5.7535     5.7534    0.87100    0.87100          1     3.5260     3.2911      32.49      0.398     0.5124     0.2437  1.000e-12  0.1527000     7.8981     7.8981    -0.0000    -0.0002     6.2100     6.2100     36.167     36.951    1440.19    1440.19     7.7225     7.8580    92.8360    94.4660  0.000e+00
      46248     37.000     5.7576     5.7568    0.87165    0.87172          1     3.5236     3.2895      33.07      0.425     0.5113     0.2435  1.000e-12  0.1579000     7.9035     7.9042     0.0007    -0.0007     6.2140     6.2147     36.662     37.457    1440.22    1440.22     7.7063     7.8384    92.6550    94.2420  0.000e+00
      46273     37.500     5.7686     5.7674    0.87245    0.87248          1     3.5188     3.2856      97.25      0.472     0.5009     0.2370  1.000e-12  0.1567000     7.9085     7.9091     0.0006    -0.0011     6.2174     6.2180     37.158     37.963    1440.28    1440.28     7.6802     7.8088    92.3690    93.9130  0.000e+00
      46300     38.000     5.7912     5.7883    0.87402    0.87397          1     3.5138     3.2815      75.53      0.462     0.4973     0.2369  1.000e-12  0.1520000     7.9185     7.9187     0.0001    -0.0029     6.2241     6.2244     37.653     38.469    1440.40    1440.39     7.6712     7.7984    92.3190    93.8430  0.000e+00
      46329     38.500     5.8030     5.8020    0.87522    0.87527          1     3.5109     3.2780      85.24      0.420     0.4893     0.2375  1.000e-12  0.1518000     7.9273     7.9281     0.0008    -0.0010     6.2305     6.2311     38.149     38.975    1440.47    1440.47     7.6697     7.7954    92.3340    93.8450  0.000e+00
      46356     39.000     5.7622     5.7654    0.87512    0.87521          1     3.5087     3.2755      97.20      0.437     0.4821     0.2104  1.000e-12  0.1549000     7.9359     7.9360     0.0001     0.0031     6.2394     6.2393     38.644     39.481    1440.31    1440.33     7.6743     7.7953    92.3000    93.7630  0.000e+00
      46382     39.500     5.7528     5.7529    0.87557    0.87564          1     3.5070     3.2726      81.60      0.451     0.4804     0.2156  1.000e-12  0.1540000     7.9425     7.9430     0.0006     0.0001     6.2450     6.2455     39.139     39.987    1440.29    1440.29     7.6698     7.7868    92.2280    93.6360  0.000e+00
      46410     40.000     5.7558     5.7554    0.87663    0.87668          1     3.5040     3.2694      59.66      0.439     0.4634     0.2076  1.000e-12  0.1473000     7.9520     7.9526     0.0006    -0.0005     6.2524     6.2529     39.635     40.493    1440.32    1440.32     7.6580     7.7750    92.1000    93.5060  0.000e+00
      46436     40.500     5.7609     5.7602    0.87791    0.87795          1     3.5018     3.2667      66.06      0.448     0.4708     0.2515  1.000e-12  0.1550000     7.9632     7.9638     0.0006    -0.0007     6.2610     6.2615     40.130     41.000    1440.37    1440.36     7.6593     7.7785    92.1340    93.5660  0.000e+00
      46463     41.000     5.7727     5.7721    0.88013    0.88021          1     3.5007     3.2654      90.65      0.457     0.4737     0.2581  1.000e-12  0.1579000     7.9820     7.9829     0.0009    -0.0006     6.2753     6.2760     40.625     41.506    1440.45    1440.45     7.6419     7.7614    91.9630    93.4000  0.000e+00
      46493     41.500     5.7769     5.7776    0.88099    0.88118          1     3.4919     3.2587      68.98      0.412     0.4604     0.2395  1.000e-12  0.1600000     7.9894     7.9910     0.0016     0.0007     6.2808     6.2821     41.121     42.012    1440.48    1440.49     7.5381     7.6419    90.7270    91.9790  0.000e+00
      46521     42.000     5.8194     5.8192    0.88452    0.88474          1     3.4627     3.2359      74.41      0.410     0.4600     0.2526  1.000e-12  0.1730000     8.0136     8.0158     0.0022    -0.0003     6.2977     6.2994     41.616     42.518    1440.70    1440.71     7.3110     7.3738    88.1010    88.8580  0.000e+00
      46545     42.500     5.9002     5.8966    0.89319    0.89333          1     3.4144     3.1970      73.37      0.469     0.4505     0.2336  1.000e-12  0.1608000     8.0787     8.0810     0.0023    -0.0036     6.3447     6.3467     42.112     43.024    1441.14    1441.13     7.0799     7.1123    85.5250    85.9100  0.000e+00
      46572     43.000     6.0421     6.0364    0.90871    0.90894          1     3.3575     3.1485      48.44      0.469     0.4432     0.2617  1.000e-12  0.1727000     8.1954     8.1991     0.0036    -0.0058     6.4288     6.4320     42.607     43.530    1441.91    1441.89     6.9000     6.9258    83.7110    84.0150  0.000e+00
      46602     43.500     6.1541     6.1514    0.92454    0.92456          1     3.2968     3.0958      58.62      0.413     0.4206     0.2321  1.000e-12  0.1638000     8.3218     8.3226     0.0008    -0.0027     6.5219     6.5227     43.102     44.036    1442.55    1442.54     6.6509     6.6702    80.9820    81.2120  0.000e+00
      46630     44.000     6.2038     6.1984    0.93190    0.93175          1     3.2131     3.0261      44.95      0.418     0.4080     0.2314  1.000e-12  0.1603000     8.3808     8.3806    -0.0002    -0.0054     6.5655     6.5656     43.598     44.542    1442.85    1442.82     6.2357     6.2125    76.0500    75.7560  0.000e+00
      46656     44.500     6.2848     6.2778    0.94610    0.94610          1     3.0950     2.9295      44.53      0.447     0.4080     0.2167  1.000e-12  0.1541000     8.4979     8.4997     0.0017    -0.0070     6.6528     6.6546     44.093     45.048    1443.34    1443.32     5.5491     5.4908    67.8590    67.1360  0.000e+00
      46684     45.000     6.4147     6.4077    0.97105    0.97095          1     2.8693     2.7597      57.05      0.446     0.3952     0.2031  1.000e-12  0.1646000     8.7063     8.7072     0.0009    -0.0070     6.8087     6.8099     44.589     45.554    1444.17    1444.14     4.3222     4.2065    53.0960    51.6650  0.000e+00
      46712     45.500     6.4087     6.4079    0.98620    0.98646          1     2.5310     2.4851      53.95      0.418     0.3861     0.2036  1.000e-12  0.1755000     8.8544     8.8571     0.0027    -0.0008     6.9256     6.9279     45.084     46.059    1444.33    1444.33     3.2111     2.8394    39.4860    34.9150  0.000e+00
      46739     46.000     5.9310     5.9593    0.98245    0.98266          1     2.2482     2.2234      43.09      0.435     0.3758     0.2345  1.000e-12  0.2172000     8.9426     8.9373    -0.0053     0.0284     7.0235     7.0177     45.579     46.565    1442.42    1442.53     2.7649     2.3424    33.6250    28.5060  0.000e+00
      46765     46.500     5.6045     5.6099    0.97727    0.97709          1     2.0299     2.0164      42.59      0.465     0.3385     0.1947  1.000e-12  0.2614000     8.9783     8.9750    -0.0032     0.0054     7.0701     7.0673     46.075     47.071    1441.07    1441.09     2.3193     1.9871    27.9740    23.9710  0.000e+00
      46792     47.000     5.6905     5.6896    0.99025    0.99004          1     1.7984     1.8055      96.62      0.452     0.3504     0.1919  1.000e-12  0.2879000     9.0836     9.0818    -0.0018    -0.0009     7.1486     7.1473     46.570     47.577    1441.58    1441.58     1.7132     1.4014    20.7270    16.9530  0.000e+00
      46822     47.500     5.5172     5.5332    0.99241    0.99246          1     1.5764     1.5927      64.79      0.410     0.3556     0.2258  1.000e-12  0.2945000     9.1519     9.1480    -0.0038     0.0160     7.2117     7.2079     47.065     48.082    1440.93    1440.99     1.3995     1.0956    16.8650    13.2080  0.000e+00
      46849     48.000     5.4109     5.4154    0.99708    0.99718          1     1.4419     1.4510      13.87      0.421     0.3632     0.2182  1.000e-12  0.2884000     9.2273     9.2271    -0.0002     0.0045     7.2768     7.2764     47.561     48.588    1440.57    1440.59     1.3846     1.1825    16.6490    14.2210  0.000e+00
      46873     48.500     5.4812     5.4813    1.00522    1.00550          1     1.3674     1.3681      33.43      0.472     0.3681     0.2108  1.000e-12  0.2992000     9.2890     9.2917     0.0027     0.0001     7.3218     7.3240     48.056     49.093    1440.96    1440.97     1.3705     1.2783    16.5150    15.4040  0.000e+00
