ctdpy/tests/etc/exprapp_feb_2020/SBE09_1387_20200206_1025_77_10_0113.cnv
* Sea-Bird SBE 9 Data File:
* FileName = L:\2020\sv20d0113.hex
* Software Version Seasave V 7.26.7.121
* Temperature SN = 6378
* Conductivity SN = 4824
* Number of Bytes Per Scan = 41
* Number of Voltage Words = 4
* Number of Scans Averaged by the Deck Unit = 1
* NMEA Latitude = 58 15.58 N
* NMEA Longitude = 011 26.09 E
* NMEA UTC (Time) = Feb 06 2020  10:25:11
* NMEA baud rate = 4800
** Station:  Slägg
** Operator:  SSip
** Ship: SVEA
** Average sound velocity: 1475.88 m/s
** True-depth calculation Thu, 06 Feb 2020 13:13:44 +0000
** CTD Python Module SMHI /ver 3-12/ feb 2012 
** LIMS Job: 20207710-0113
** Cruise: SMHI-03-2020
** Latitude [GG MM.mm N] :
** Longitude [GGG MM.mm E]:
# nquan = 30
# nvalues = 150                         
# units = specified
# name 0 = scan: Scan Count
# name 1 = prDM: Pressure, Digiquartz [db]
# name 2 = t090C: Temperature [ITS-90, deg C]
# name 3 = t190C: Temperature, 2 [ITS-90, deg C]
# name 4 = c0S/m: Conductivity [S/m]
# name 5 = c1S/m: Conductivity, 2 [S/m]
# name 6 = pumps: Pump Status
# name 7 = sbeox0V: Oxygen raw, SBE 43 [V]
# name 8 = sbeox1V: Oxygen raw, SBE 43, 2 [V]
# name 9 = altM: Altimeter [m]
# name 10 = dz/dtM: Descent Rate [m/s]
# name 11 = flECO-AFL: Chl-a Fluorescence, WET Labs ECO-AFL/FL [mg/m^3]
# name 12 = flECO-AFL1: Phycocyanin Fluorescence, WET Labs ECO-AFL/FL, 2 [mg/m^3]
# name 13 = par: PAR/Irradiance, Biospherical/Lico [µE/(cm^2*s)]
# name 14 = turbWETntu0: Turbidity, WET Labs ECO [NTU]
# name 15 = sal00: Salinity, Practical [PSU]
# name 16 = sal11: Salinity, Practical, 2 [PSU]
# name 17 = secS-priS: Salinity, Practical, Difference, 2 - 1 [PSU]
# name 18 = T2-T190C: Temperature Difference, 2 - 1 [ITS-90, deg C]
# name 19 = sigma-t00: Density [sigma-t, kg/m^3 ]
# name 20 = sigma-t11: Density, 2 [sigma-t, kg/m^3 ]
# name 21 = depSM: Depth [salt water, m], lat = 58.2597
# name 22 = depFM: Depth [true depth, m], lat = 58.2597
# name 23 = svCM: Sound Velocity [Chen-Millero, m/s]
# name 24 = svCM1: Sound Velocity, 2 [Chen-Millero, m/s]
# name 25 = sbeox0ML/L: Oxygen, SBE 43 [ml/l], WS = 2
# name 26 = sbeox1ML/L: Oxygen, SBE 43, 2 [ml/l], WS = 2
# name 27 = sbeox0PS: Oxygen, SBE 43 [% saturation], WS = 2
# name 28 = sbeox1PS: Oxygen, SBE 43, 2 [% saturation], WS = 2
# name 29 = flag: flag
# span 0 =      24059,      28523       
# span 1 =      2.000,     76.500       
# span 2 =     5.5397,     7.8916       
# span 3 =     5.5361,     7.8918       
# span 4 =   2.914742,   3.531287       
# span 5 =   2.914425,   3.531162       
# span 6 =          1,          1       
# span 7 =     2.5409,     3.6242       
# span 8 =     2.3826,     3.3762       
# span 9 =       1.60,      98.07       
# span 10 =     -0.164,      0.548      
# span 11 =     0.2860,     1.1287      
# span 12 =     0.1636,     0.3578      
# span 13 = 1.0000e-12, 7.4296e+01      
# span 14 =     0.5490,     2.6557      
# span 15 =    29.5662,    34.1042      
# span 16 =    29.5659,    34.1028      
# span 17 =    -0.0325,     0.0896      
# span 18 =    -0.0423,     0.0499      
# span 19 =    23.3133,    26.5863      
# span 20 =    23.3134,    26.5852      
# span 21 =      1.981,     75.775      
# span 22 =      1.991,     75.978      
# span 23 =    1466.06,    1482.20      
# span 24 =    1466.04,    1482.20      
# span 25 =     4.0076,     6.9398      
# span 26 =     4.0827,     7.0518      
# span 27 =     60.223,     95.905      
# span 28 =     61.233,     97.395      
# span 29 = 0.0000e+00, 0.0000e+00      
# interval = decibars: 0.5              
# start_time = Feb 06 2020 10:25:12 [NMEA time, first data scan]
# bad_flag = -9.990e-29
*END*
      24059      2.000     5.5397     5.5361    2.91474    2.91443          1     3.6230     3.3726      93.78      0.044     1.1151     0.3182  7.430e+01  0.5490000    29.5662    29.5659    -0.0004    -0.0036    23.3133    23.3134      1.981      1.991    1466.06    1466.04     6.9398     7.0518    95.8400    97.3780  0.000e+00
      24101      2.500     5.5463     5.5495    2.91704    2.91839          1     3.6234     3.3740      86.97      0.266     1.1000     0.3347  6.056e+01  0.6271000    29.5859    29.5983     0.0124     0.0032    23.3281    23.3376      2.477      2.488    1466.12    1466.15     6.9393     7.0457    95.8610    97.3450  0.000e+00
      24142      3.000     5.5745     5.5700    2.93700    2.93373          1     3.6235     3.3747      83.62      0.289     1.1287     0.3248  5.088e+01  0.6277000    29.7842    29.7517    -0.0325    -0.0045    23.4817    23.4565      2.972      2.986    1466.49    1466.43     6.9224     7.0353    95.8180    97.3490  0.000e+00
      24175      3.500     5.5815     5.5811    2.94047    2.94036          1     3.6229     3.3755      75.16      0.346     1.0994     0.2787  4.253e+01  0.6658000    29.8167    29.8157    -0.0010    -0.0004    23.5066    23.5058      3.467      3.484    1466.57    1466.57     6.9210     7.0318    95.8350    97.3670  0.000e+00
      24204      4.000     5.5814     5.5815    2.94056    2.94061          1     3.6236     3.3755      85.23      0.409     1.0534     0.2753  3.552e+01  0.6204000    29.8175    29.8180     0.0004     0.0001    23.5073    23.5076      3.963      3.981    1466.58    1466.58     6.9260     7.0300    95.9050    97.3450  0.000e+00
      24231      4.500     5.5811     5.5818    2.94056    2.94085          1     3.6241     3.3757      93.37      0.438     1.0327     0.2710  2.987e+01  0.6220000    29.8175    29.8201     0.0026     0.0007    23.5072    23.5092      4.458      4.479    1466.59    1466.59     6.9252     7.0335    95.8930    97.3950  0.000e+00
      24259      5.000     5.5851     5.5855    2.94238    2.94283          1     3.6242     3.3762      91.11      0.434     1.0178     0.3404  2.530e+01  0.6243000    29.8341    29.8387     0.0046     0.0004    23.5200    23.5235      4.953      4.976    1466.63    1466.64     6.9218     7.0293    95.8650    97.3590  0.000e+00
      24286      5.500     5.5870     5.5877    2.94339    2.94402          1     3.6234     3.3752      37.25      0.433     1.0130     0.3578  2.166e+01  0.6288000    29.8435    29.8499     0.0064     0.0008    23.5272    23.5321      5.449      5.474    1466.66    1466.67     6.9139     7.0129    95.7670    97.1430  0.000e+00
      24311      6.000     5.5899     5.5894    2.94580    2.94553          1     3.6212     3.3734      97.28      0.460     1.0104     0.3004  1.857e+01  0.6252000    29.8677    29.8650    -0.0026    -0.0005    23.5459    23.5439      5.944      5.971    1466.71    1466.70     6.9040     7.0131    95.6510    97.1590  0.000e+00
      24336      6.500     5.5921     5.5930    2.94839    2.94856          1     3.6199     3.3732      83.10      0.484     1.0111     0.2940  1.586e+01  0.6329000    29.8945    29.8956     0.0011     0.0009    23.5669    23.5677      6.440      6.469    1466.76    1466.76     6.9071     7.0173    95.7160    97.2470  0.000e+00
      24360      7.000     5.5918     5.5916    2.94869    2.94867          1     3.6196     3.3727      90.23      0.488     1.0345     0.3286  1.364e+01  0.6708000    29.8979    29.8978    -0.0001    -0.0001    23.5696    23.5695      6.935      6.966    1466.77    1466.77     6.9078     7.0117    95.7280    97.1670  0.000e+00
      24385      7.500     5.5931     5.5931    2.94904    2.94909          1     3.6191     3.3715      84.21      0.482     1.0471     0.3397  1.187e+01  0.6589000    29.9004    29.9009     0.0006     0.0000    23.5714    23.5719      7.430      7.464    1466.79    1466.79     6.9060     7.0070    95.7080    97.1070  0.000e+00
      24411      8.000     5.5955     5.5960    2.95016    2.95045          1     3.6185     3.3708      86.96      0.474     1.0621     0.3374  1.040e+01  0.6412000    29.9106    29.9133     0.0027     0.0006    23.5792    23.5813      7.926      7.962    1466.82    1466.82     6.9062     7.0059    95.7220    97.1070  0.000e+00
      24436      8.500     5.6021     5.6021    2.95493    2.95510          1     3.6188     3.3700      69.95      0.474     1.0728     0.3296  9.090e+00  0.6321000    29.9579    29.9598     0.0018     0.0000    23.6159    23.6173      8.421      8.459    1466.91    1466.91     6.9086     7.0055    95.8000    97.1460  0.000e+00
      24460      9.000     5.6060     5.6062    2.95792    2.95812          1     3.6197     3.3699      69.53      0.491     1.1013     0.3237  7.899e+00  0.6399000    29.9876    29.9896     0.0021     0.0002    23.6389    23.6405      8.916      8.957    1466.97    1466.98     6.9004     6.9964    95.7150    97.0480  0.000e+00
      24484      9.500     5.6157     5.6158    2.96177    2.96184          1     3.6166     3.3674      79.99      0.505     1.0611     0.3341  6.838e+00  0.6502000    30.0218    30.0225     0.0007     0.0000    23.6648    23.6654      9.412      9.454    1467.07    1467.07     6.8729     6.9633    95.3760    96.6310  0.000e+00
      24508     10.000     5.6459     5.6444    2.97079    2.97032          1     3.6121     3.3630      90.54      0.499     0.9549     0.3419  5.955e+00  0.6729000    30.0955    30.0916    -0.0040    -0.0014    23.7197    23.7168      9.907      9.952    1467.29    1467.28     6.8529     6.9386    95.2140    96.3980  0.000e+00
      24533     10.500     5.7251     5.7237    2.99133    2.99091          1     3.6080     3.3591      67.76      0.484     0.8324     0.3066  5.244e+00  0.6753000    30.2540    30.2506    -0.0034    -0.0015    23.8360    23.8335     10.402     10.449    1467.82    1467.81     6.8343     6.9317    95.2340    96.5860  0.000e+00
      24558     11.000     5.7532     5.7530    2.99819    2.99807          1     3.6083     3.3598      82.42      0.472     0.7779     0.3049  4.642e+00  0.6853000    30.3052    30.3040    -0.0012    -0.0002    23.8733    23.8724     10.898     10.946    1468.01    1468.00     6.8394     6.9455    95.4010    96.8800  0.000e+00
      24583     11.500     5.7568     5.7568    2.99903    2.99901          1     3.6073     3.3592      98.07      0.483     0.7849     0.3387  4.103e+00  0.6950000    30.3110    30.3109    -0.0001    -0.0001    23.8775    23.8774     11.393     11.444    1468.03    1468.03     6.8232     6.9091    95.1870    96.3860  0.000e+00
      24607     12.000     5.7698     5.7697    3.00204    3.00215          1     3.6028     3.3530      74.32      0.500     0.7720     0.3132  3.608e+00  0.6953000    30.3328    30.3341     0.0013    -0.0001    23.8932    23.8942     11.888     11.941    1468.12    1468.12     6.7757     6.8263    94.5670    95.2740  0.000e+00
      24631     12.500     5.8709     5.8919    3.02303    3.02756          1     3.5900     3.3394      65.88      0.498     0.7481     0.3343  3.170e+00  0.7132000    30.4754    30.5070     0.0315     0.0210    23.9942    24.0167     12.383     12.439    1468.72    1468.84     6.6894     6.7278    93.6750    94.2790  0.000e+00
      24656     13.000     5.9822     6.0321    3.04751    3.05965          1     3.5723     3.3243      65.46      0.483     0.6838     0.2502  2.779e+00  0.6859000    30.6469    30.7366     0.0896     0.0499    24.1166    24.1815     12.879     12.936    1469.39    1469.70     6.6066     6.6499    92.8630    93.6380  0.000e+00
      24681     13.500     6.1606     6.1668    3.08708    3.08863          1     3.5545     3.3096      72.14      0.479     0.6255     0.2640  2.430e+00  0.6633000    30.9240    30.9356     0.0115     0.0062    24.3142    24.3226     13.374     13.433    1470.46    1470.50     6.5363     6.5970    92.4320    93.3110  0.000e+00
      24705     14.000     6.2622     6.2566    3.10990    3.10896          1     3.5413     3.2981      75.43      0.490     0.5824     0.2531  2.143e+00  0.7158000    31.0835    31.0783    -0.0052    -0.0056    24.4278    24.4243     13.870     13.930    1471.08    1471.05     6.5030     6.5738    92.2780    93.2670  0.000e+00
      24729     14.500     6.3224     6.3275    3.12347    3.12484          1     3.5330     3.2907      64.12      0.503     0.5298     0.2625  1.905e+00  0.7261000    31.1783    31.1887     0.0104     0.0051    24.4952    24.5028     14.365     14.427    1471.44    1471.48     6.4953     6.5726    92.3570    93.4740  0.000e+00
      24752     15.000     6.3615     6.3632    3.13349    3.13406          1     3.5270     3.2850      63.71      0.508     0.5028     0.2298  1.704e+00  0.6911000    31.2527    31.2575     0.0048     0.0017    24.5491    24.5526     14.860     14.924    1471.70    1471.71     6.4511     6.5187    91.8570    92.8270  0.000e+00
      24776     15.500     6.4090     6.4077    3.14452    3.14434          1     3.5132     3.2725      63.33      0.507     0.4957     0.2357  1.509e+00  0.6903000    31.3306    31.3298    -0.0008    -0.0013    24.6046    24.6041     15.355     15.421    1471.99    1471.99     6.4022     6.4613    91.3090    92.1490  0.000e+00
      24801     16.000     6.4887     6.4947    3.16530    3.16658          1     3.5046     3.2634      62.77      0.496     0.4666     0.2788  1.325e+00  0.7040000    31.4857    31.4942     0.0086     0.0060    24.7169    24.7229     15.851     15.918    1472.52    1472.55     6.3709     6.4329    91.1240    92.0290  0.000e+00
      24826     16.500     6.6484     6.6510    3.20107    3.20146          1     3.4911     3.2521      80.99      0.485     0.4219     0.2647  1.160e+00  0.7290000    31.7313    31.7331     0.0018     0.0026    24.8903    24.8914     16.346     16.415    1473.46    1473.47     6.2796     6.3391    90.3000    91.1620  0.000e+00
      24851     17.000     6.6759     6.6802    3.20764    3.20895          1     3.4729     3.2356      61.57      0.477     0.4102     0.2419  1.026e+00  0.6991000    31.7776    31.7879     0.0103     0.0044    24.9233    24.9308     16.841     16.912    1473.64    1473.67     6.1956     6.2307    89.1760    89.6960  0.000e+00
      24876     17.500     6.8927     6.8968    3.26694    3.26849          1     3.4452     3.2108      61.27      0.479     0.3877     0.2639  9.067e-01  0.7256000    32.2244    32.2375     0.0131     0.0041    25.2471    25.2568     17.337     17.409    1475.05    1475.09     6.0611     6.0811    87.9360    88.2440  0.000e+00
      24900     18.000     7.0406     7.0493    3.29944    3.30147          1     3.4205     3.1871      60.77      0.494     0.3354     0.2449  8.161e-01  0.7333000    32.4399    32.4538     0.0138     0.0088    25.3971    25.4068     17.832     17.906    1475.91    1475.96     5.9795     6.0033    87.1740    87.5460  0.000e+00
      24923     18.500     7.2810     7.2866    3.33764    3.33823          1     3.3946     3.1650      71.48      0.508     0.3292     0.1860  7.251e-01  0.7356000    32.6283    32.6295     0.0013     0.0055    25.5128    25.5130     18.327     18.402    1477.08    1477.11     5.8914     5.9333    86.4710    87.0980  0.000e+00
      24947     19.000     7.3442     7.3469    3.35009    3.35047          1     3.3760     3.1485      68.79      0.505     0.2860     0.2346  6.472e-01  0.6890000    32.7034    32.7050     0.0015     0.0028    25.5633    25.5641     18.823     18.899    1477.43    1477.44     5.8879     5.9520    86.5880    87.5370  0.000e+00
      24973     19.500     7.4341     7.4264    3.36341    3.36252          1     3.3693     3.1423      59.08      0.481     0.2892     0.2202  5.872e-01  0.6558000    32.7623    32.7600    -0.0023    -0.0077    25.5971    25.5963     19.318     19.396    1477.86    1477.82     5.9130     6.0052    87.1690    88.5120  0.000e+00
      24999     20.000     7.3615     7.3552    3.35794    3.35707          1     3.3736     3.1459      58.63      0.456     0.2936     0.1927  5.235e-01  0.7021000    32.7716    32.7681    -0.0035    -0.0064    25.6145    25.6126     19.813     19.892    1477.60    1477.57     5.9666     6.0735    87.8200    89.3770  0.000e+00
      25024     20.500     7.2676     7.2598    3.34924    3.34826          1     3.3812     3.1521      58.13      0.466     0.2974     0.1636  4.758e-01  0.7267000    32.7660    32.7628    -0.0032    -0.0078    25.6230    25.6216     20.309     20.389    1477.24    1477.20     5.9984     6.1067    88.0940    89.6670  0.000e+00
      25048     21.000     7.1906     7.1897    3.34298    3.34275          1     3.3859     3.1566      57.64      0.492     0.3166     0.2094  4.380e-01  0.7350000    32.7707    32.7691    -0.0016    -0.0009    25.6372    25.6361     20.804     20.885    1476.95    1476.95     6.0122     6.1170    88.1440    89.6780  0.000e+00
      25071     21.500     7.1655     7.1651    3.34130    3.34117          1     3.3895     3.1599      57.13      0.517     0.3160     0.2570  3.897e-01  0.7954000    32.7762    32.7751    -0.0011    -0.0004    25.6449    25.6442     21.299     21.382    1476.87    1476.87     6.0215     6.1210    88.2320    89.6900  0.000e+00
      25094     22.000     7.1579     7.1577    3.34080    3.34069          1     3.3929     3.1620      56.58      0.521     0.3385     0.2367  3.475e-01  0.7959000    32.7777    32.7766    -0.0011    -0.0001    25.6472    25.6463     21.795     21.878    1476.85    1476.85     6.0258     6.1184    88.2810    89.6360  0.000e+00
      25119     22.500     7.1467     7.1461    3.34000    3.33986          1     3.3948     3.1638      55.97      0.504     0.3127     0.2415  3.109e-01  0.7926000    32.7793    32.7784    -0.0009    -0.0006    25.6500    25.6493     22.290     22.375    1476.82    1476.82     6.0317     6.1369    88.3460    89.8860  0.000e+00
      25144     23.000     7.1331     7.1330    3.33958    3.33942          1     3.3992     3.1689      55.52      0.481     0.3298     0.2259  2.827e-01  0.7510000    32.7875    32.7858    -0.0017    -0.0001    25.6583    25.6569     22.785     22.871    1476.78    1476.78     6.0602     6.1724    88.7410    90.3820  0.000e+00
      25169     23.500     7.1134     7.1114    3.33888    3.33865          1     3.4064     3.1753      55.05      0.473     0.3242     0.2258  2.534e-01  0.7686000    32.7984    32.7977    -0.0007    -0.0019    25.6695    25.6692     23.280     23.368    1476.73    1476.72     6.0787     6.1836    88.9780    90.5080  0.000e+00
      25193     24.000     7.0658     7.0600    3.33718    3.33678          1     3.4112     3.1786      54.61      0.487     0.3452     0.2437  2.248e-01  0.7908000    32.8249    32.8261     0.0012    -0.0058    25.6968    25.6985     23.776     23.864    1476.59    1476.56     6.0861     6.1809    89.0050    90.3780  0.000e+00
      25217     24.500     7.0374     7.0381    3.33691    3.33703          1     3.4139     3.1804      54.16      0.502     0.3558     0.2414  1.961e-01  0.8320000    32.8488    32.8494     0.0006     0.0007    25.7194    25.7198     24.271     24.361    1476.51    1476.52     6.0832     6.1699    88.9180    90.1870  0.000e+00
      25241     25.000     7.0508     7.0526    3.33864    3.33871          1     3.4134     3.1790      53.71      0.502     0.3554     0.2413  1.649e-01  0.8364000    32.8546    32.8537    -0.0009     0.0018    25.7222    25.7212     24.766     24.857    1476.58    1476.59     6.0685     6.1468    88.7340    89.8820  0.000e+00
      25266     25.500     7.0547     7.0534    3.33936    3.33912          1     3.4117     3.1773      53.20      0.493     0.3311     0.2802  1.428e-01  0.8241000    32.8586    32.8571    -0.0015    -0.0013    25.7248    25.7238     25.262     25.354    1476.61    1476.60     6.0677     6.1539    88.7320    89.9890  0.000e+00
