ctdpy/tests/etc/exprapp_feb_2020/SBE09_1387_20200208_2058_77_10_0129.cnv
* Sea-Bird SBE 9 Data File:
* FileName = L:\2020\sv20d0129.hex
* Software Version Seasave V 7.26.7.121
* Temperature SN = 6378
* Conductivity SN = 4824
* Number of Bytes Per Scan = 41
* Number of Voltage Words = 4
* Number of Scans Averaged by the Deck Unit = 1
* NMEA Latitude = 55 15.02 N
* NMEA Longitude = 015 59.09 E
* NMEA UTC (Time) = Feb 08 2020  20:58:01
* NMEA baud rate = 4800
** Station:  BY5
** Operator:  DBSj
** Ship: SVEA
** Average sound velocity: 1448.91 m/s
** True-depth calculation Sat, 08 Feb 2020 23:19:09 +0000
** CTD Python Module SMHI /ver 3-12/ feb 2012 
** LIMS Job: 20207710-0129
** Cruise: SMHI-03-2020
** Latitude [GG MM.mm N] :
** Longitude [GGG MM.mm E]:
# nquan = 30
# nvalues = 173                         
# units = specified
# name 0 = scan: Scan Count
# name 1 = prDM: Pressure, Digiquartz [db]
# name 2 = t090C: Temperature [ITS-90, deg C]
# name 3 = t190C: Temperature, 2 [ITS-90, deg C]
# name 4 = c0S/m: Conductivity [S/m]
# name 5 = c1S/m: Conductivity, 2 [S/m]
# name 6 = pumps: Pump Status
# name 7 = sbeox0V: Oxygen raw, SBE 43 [V]
# name 8 = sbeox1V: Oxygen raw, SBE 43, 2 [V]
# name 9 = altM: Altimeter [m]
# name 10 = dz/dtM: Descent Rate [m/s]
# name 11 = flECO-AFL: Chl-a Fluorescence, WET Labs ECO-AFL/FL [mg/m^3]
# name 12 = flECO-AFL1: Phycocyanin Fluorescence, WET Labs ECO-AFL/FL, 2 [mg/m^3]
# name 13 = par: PAR/Irradiance, Biospherical/Lico [µE/(cm^2*s)]
# name 14 = turbWETntu0: Turbidity, WET Labs ECO [NTU]
# name 15 = sal00: Salinity, Practical [PSU]
# name 16 = sal11: Salinity, Practical, 2 [PSU]
# name 17 = secS-priS: Salinity, Practical, Difference, 2 - 1 [PSU]
# name 18 = T2-T190C: Temperature Difference, 2 - 1 [ITS-90, deg C]
# name 19 = sigma-t00: Density [sigma-t, kg/m^3 ]
# name 20 = sigma-t11: Density, 2 [sigma-t, kg/m^3 ]
# name 21 = depSM: Depth [salt water, m], lat = 55.2503
# name 22 = depFM: Depth [true depth, m], lat = 55.2503
# name 23 = svCM: Sound Velocity [Chen-Millero, m/s]
# name 24 = svCM1: Sound Velocity, 2 [Chen-Millero, m/s]
# name 25 = sbeox0ML/L: Oxygen, SBE 43 [ml/l], WS = 2
# name 26 = sbeox1ML/L: Oxygen, SBE 43, 2 [ml/l], WS = 2
# name 27 = sbeox0PS: Oxygen, SBE 43 [% saturation], WS = 2
# name 28 = sbeox1PS: Oxygen, SBE 43, 2 [% saturation], WS = 2
# name 29 = flag: flag
# span 0 =      43948,      56125       
# span 1 =      1.000,     87.500       
# span 2 =     5.4109,    10.3449       
# span 3 =     5.4154,    10.3444       
# span 4 =   0.854863,   1.910637       
# span 5 =   0.854946,   1.910419       
# span 6 =          1,          1       
# span 7 =     1.0107,     3.5797       
# span 8 =     0.9893,     3.3386       
# span 9 =       0.09,      97.54       
# span 10 =     -0.227,      0.643      
# span 11 =     0.3068,     0.6232      
# span 12 =     0.1169,     0.3196      
# span 13 = -1.566e-06, 5.2249e+00      
# span 14 =     0.1340,     0.5458      
# span 15 =     7.7602,    17.0750      
# span 16 =     7.7610,    17.0709      
# span 17 =    -0.0113,     0.0337      
# span 18 =    -0.0420,     0.0284      
# span 19 =     6.1047,    13.1832      
# span 20 =     6.1053,    13.1799      
# span 21 =      0.991,     86.691      
# span 22 =      1.012,     88.389      
# span 23 =    1439.19,    1467.64      
# span 24 =    1439.19,    1467.64      
# span 25 =     0.6030,     7.8715      
# span 26 =     0.5461,     8.0059      
# span 27 =      7.377,     94.383      
# span 28 =      6.681,     96.015      
# span 29 = 0.0000e+00, 0.0000e+00      
# interval = decibars: 0.5              
# start_time = Feb 08 2020 20:58:02 [NMEA time, first data scan]
# bad_flag = -9.990e-29
*END*
[from data line 97]
      46930     49.500     5.5125     5.5142    1.01127    1.01115          1     1.2283     1.2286      39.22      0.407     0.3909     0.2324  1.000e-12  0.3470000     9.3405     9.3388    -0.0017     0.0016     7.3608     7.3594     49.047     50.104    1441.18    1441.18     1.0116     0.9713    12.2040    11.7180  0.000e+00
      46960     50.000     5.4747     5.4771    1.01300    1.01298          1     1.1616     1.1601      38.80      0.379     0.3881     0.1646  1.000e-12  0.3259000     9.3681     9.3673    -0.0008     0.0023     7.3846     7.3839     49.542     50.610    1441.06    1441.07     0.8997     0.8706    10.8450    10.4960  0.000e+00
      46985     50.500     5.4638     5.4627    1.01547    1.01543          1     1.1152     1.1140      38.39      0.449     0.3763     0.1868  1.000e-12  0.3449000     9.3957     9.3956    -0.0001    -0.0011     7.4070     7.4069     50.038     51.116    1441.05    1441.05     0.8129     0.8070     9.7980     9.7270  0.000e+00
      47009     51.000     5.4962     5.4953    1.01955    1.01948          1     1.0792     1.0768      37.82      0.504     0.3872     0.2121  1.000e-12  0.3729000     9.4273     9.4268    -0.0004    -0.0009     7.4302     7.4299     50.533     51.621    1441.24    1441.24     0.7811     0.7826     9.4250     9.4430  0.000e+00
      47036     51.500     5.5025     5.5009    1.02246    1.02239          1     1.0529     1.0454      37.17      0.468     0.3925     0.2167  1.000e-12  0.3430000     9.4544     9.4541    -0.0003    -0.0016     7.4513     7.4512     51.028     52.127    1441.31    1441.30     0.8428     0.8491    10.1730    10.2490  0.000e+00
      47068     52.000     5.5551     5.5497    1.02689    1.02682          1     1.0733     1.0446      36.60      0.380     0.3927     0.1552  1.000e-12  0.3708000     9.4837     9.4845     0.0008    -0.0054     7.4716     7.4725     51.524     52.632    1441.58    1441.56     1.2650     1.3368    15.2930    16.1590  0.000e+00
      47097     52.500     5.7290     5.7185    1.03775    1.03747          1     1.1539     1.1024      36.25      0.399     0.3880     0.2191  1.000e-12  0.3930000     9.5423     9.5425     0.0002    -0.0105     7.5083     7.5090     52.019     53.138    1442.41    1442.37     1.5691     1.7712    19.0580    21.5070  0.000e+00
      47121     53.000     5.9857     5.9679    1.05249    1.05204          1     1.2035     1.1504      35.74      0.463     0.3865     0.2302  1.000e-12  0.4076000     9.6152     9.6159     0.0007    -0.0179     7.5508     7.5524     52.514     53.643    1443.61    1443.54     1.4220     1.6312    17.3880    19.9380  0.000e+00
      47146     53.500     6.0651     6.0632    1.05922    1.05921          1     1.1906     1.1547      35.15      0.489     0.3927     0.1771  1.000e-12  0.4177000     9.6588     9.6593     0.0005    -0.0019     7.5804     7.5809     53.010     54.148    1444.01    1444.01     1.0288     1.1550    12.6100    14.1550  0.000e+00
      47174     54.000     6.0165     6.0218    1.06043    1.06055          1     1.1243     1.1075      60.54      0.459     0.3933     0.2351  1.000e-12  0.4475000     9.6846     9.6842    -0.0003     0.0052     7.6036     7.6030     53.505     54.654    1443.85    1443.87     0.7156     0.7062     8.7620     8.6490  0.000e+00
      47204     54.500     5.9704     5.9678    1.06270    1.06254          1     1.0536     1.0434      34.40      0.408     0.3902     0.2513  1.000e-12  0.4894000     9.7200     9.7192    -0.0008    -0.0026     7.6343     7.6339     54.000     55.159    1443.71    1443.69     0.6030     0.5461     7.3770     6.6810  0.000e+00
      47233     55.000     6.3177     6.2811    1.08801    1.08670          1     1.0107     0.9973      33.63      0.398     0.3879     0.2298  1.000e-12  0.4798000     9.8685     9.8663    -0.0022    -0.0366     7.7293     7.7300     54.496     55.665    1445.37    1445.22     0.6782     0.6436     8.3790     7.9450  0.000e+00
      47259     55.500     6.5063     6.4981    1.10297    1.10264          1     1.0168     0.9893      33.07      0.439     0.3900     0.2135  1.000e-12  0.3771000     9.9599     9.9591    -0.0008    -0.0081     7.7888     7.7887     54.991     56.170    1446.29    1446.26     0.9220     0.9427    11.4480    11.7030  0.000e+00
      47284     56.000     6.5992     6.5729    1.11169    1.11031          1     1.0596     1.0149      32.61      0.473     0.3915     0.2133  1.000e-12  0.3712000    10.0175    10.0118    -0.0057    -0.0263     7.8275     7.8249     55.486     56.675    1446.76    1446.64     1.2657     1.3456    15.7610    16.7440  0.000e+00
      47312     56.500     6.9559     6.9266    1.14807    1.14678          1     1.1704     1.0947      32.17      0.453     0.3834     0.2146  1.000e-12  0.3858000    10.2647    10.2610    -0.0037    -0.0294     7.9958     7.9952     55.982     57.181    1448.57    1448.44     1.8940     2.0788    23.8330    26.1410  0.000e+00
      47345     57.000     7.3964     7.3544    1.18591    1.18413          1     1.3896     1.2688      31.48      0.378     0.3782     0.1780  1.000e-12  0.3590000    10.4960    10.4916    -0.0043    -0.0420     8.1426     8.1427     56.477     57.686    1450.69    1450.51     2.7820     3.1061    35.4340    39.5190  0.000e+00
      47375     57.500     7.9105     7.8746    1.23436    1.23292          1     1.6341     1.4820      31.10      0.383     0.3561     0.1541  1.000e-12  0.3337000    10.8001    10.7974    -0.0026    -0.0359     8.3368     8.3379     56.972     58.191    1453.18    1453.03     3.2214     3.6161    41.6070    46.6640  0.000e+00
      47401     58.000     8.6856     8.6820    1.31977    1.32062          1     1.7800     1.6266      30.55      0.439     0.3623     0.1475  1.000e-12  0.2721000    11.3552    11.3641     0.0089    -0.0036     8.6956     8.7028     57.468     58.696    1456.97    1456.97     3.1383     3.4333    41.4240    45.3120  0.000e+00
      47429     58.500     9.5708     9.5577    1.43103    1.43051          1     1.8562     1.7135      30.00      0.447     0.3364     0.2371  1.000e-12  0.1898000    12.0957    12.0954    -0.0003    -0.0131     9.1786     9.1799     57.963     59.201    1461.37    1461.32     2.9612     3.1414    40.0970    42.5240  0.000e+00
      47463     59.000     9.8443     9.8458    1.46831    1.46760          1     1.8856     1.7555      29.60      0.376     0.3253     0.1665  1.000e-12  0.1575000    12.3443    12.3374    -0.0069     0.0015     9.3405     9.3350     58.458     59.705    1462.74    1462.74     2.8448     2.9342    38.8280    40.0480  0.000e+00
      47503     59.500    10.0545    10.0557    1.50124    1.50263          1     1.8859     1.7666      28.89      0.298     0.3201     0.1811  1.000e-12  0.1518000    12.5719    12.5841     0.0123     0.0012     9.4923     9.5016     58.954     60.210    1463.83    1463.85     2.7791     2.8387    38.1720    38.9940  0.000e+00
      47544     60.000    10.1636    10.1504    1.52047    1.52075          1     1.8862     1.7712      28.29      0.296     0.3219     0.1966  1.000e-12  0.1518000    12.7085    12.7156     0.0072    -0.0133     9.5851     9.5923     59.449     60.714    1464.42    1464.38     2.7905     2.8493    38.4580    39.2570  0.000e+00
      47584     60.500    10.2642    10.2615    1.55056    1.55306          1     1.8838     1.7710      27.74      0.296     0.3213     0.2094  1.000e-12  0.1457000    12.9458    12.9694     0.0236    -0.0027     9.7569     9.7756     59.945     61.219    1465.10    1465.12     2.6855     2.7143    37.1500    37.5520  0.000e+00
      47621     61.000    10.3094    10.3091    1.58009    1.58379          1     1.8169     1.7203      27.23      0.321     0.3216     0.1974  1.000e-12  0.1638000    13.1973    13.2309     0.0337    -0.0003     9.9464     9.9725     60.440     61.723    1465.59    1465.63     2.3072     2.2774    32.0010    31.5930  0.000e+00
      47661     61.500    10.3101    10.3033    1.61848    1.61934          1     1.7271     1.6407      26.69      0.299     0.3210     0.1739  1.000e-12  0.1730000    13.5456    13.5559     0.0104    -0.0069    10.2166    10.2255     60.935     62.227    1466.02    1466.00     2.3550     2.3728    32.7390    32.9850  0.000e+00
      47701     62.000    10.3332    10.3295    1.65198    1.65246          1     1.8002     1.6910      26.18      0.299     0.3218     0.1673  1.000e-12  0.1656000    13.8416    13.8474     0.0058    -0.0038    10.4433    10.4483     61.431     62.731    1466.47    1466.46     2.8375     2.9759    39.5410    41.4690  0.000e+00
      47740     62.500    10.3449    10.3420    1.67430    1.67452          1     1.8806     1.7629      25.70      0.315     0.3133     0.1800  1.000e-12  0.1505000    14.0404    14.0435     0.0031    -0.0029    10.5961    10.5989     61.926     63.235    1466.76    1466.76     2.7927     2.8975    38.9760    40.4380  0.000e+00
      47782     63.000    10.3338    10.3327    1.68699    1.68770          1     1.8403     1.7392      25.17      0.279     0.3236     0.1540  1.000e-12  0.1744000    14.1603    14.1673     0.0070    -0.0012    10.6906    10.6961     62.421     63.739    1466.87    1466.88     2.4312     2.4303    33.9480    33.9370  0.000e+00
      47819     63.500    10.3447    10.3444    1.71082    1.71183          1     1.7615     1.6731      24.71      0.321     0.3213     0.1674  1.000e-12  0.1667000    14.3736    14.3829     0.0093    -0.0003    10.8546    10.8619     62.917     64.243    1467.18    1467.19     2.2179     2.1986    31.0190    30.7510  0.000e+00
      47861     64.000    10.3328    10.3297    1.73169    1.73277          1     1.6431     1.5744      23.91      0.286     0.3191     0.2505  1.000e-12  0.1606000    14.5691    14.5803     0.0111    -0.0031    11.0079    11.0169     63.412     64.747    1467.38    1467.38     1.7151     1.6373    24.0110    22.9210  0.000e+00
      47900     64.500    10.3091    10.3068    1.75385    1.75464          1     1.4269     1.3906      23.70      0.294     0.3269     0.1876  1.000e-12  0.1668000    14.7815    14.7897     0.0082    -0.0023    11.1757    11.1824     63.907     65.250    1467.55    1467.56     1.0641     0.9091    14.9090    12.7380  0.000e+00
      47934     65.000    10.2753    10.2713    1.77113    1.77233          1     1.2843     1.2582      23.20      0.364     0.3292     0.2150  1.000e-12  0.1508000    14.9538    14.9666     0.0128    -0.0040    11.3138    11.3242     64.403     65.754    1467.64    1467.64     1.1256     1.0705    15.7770    15.0050  0.000e+00
      47982     65.500    10.2153    10.2071    1.78630    1.78674          1     1.3896     1.3175      22.63      0.237     0.3518     0.1918  1.000e-12  0.1553000    15.1181    15.1255     0.0075    -0.0082    11.4490    11.4558     64.898     66.257    1467.62    1467.60     2.0184     2.2042    28.2810    30.8800  0.000e+00
      48019     66.000    10.0866    10.0835    1.80302    1.80360          1     1.5112     1.4242      22.21      0.307     0.3518     0.2046  1.000e-12  0.1489000    15.3262    15.3329     0.0067    -0.0030    11.6270    11.6326     65.393     66.761    1467.39    1467.39     2.0642     2.2089    28.8770    30.9000  0.000e+00
      48050     66.500    10.0449    10.0435    1.81003    1.81022          1     1.5530     1.4645      21.70      0.388     0.3454     0.2145  1.000e-12  0.1443000    15.4086    15.4110     0.0023    -0.0014    11.6964    11.6984     65.888     67.264    1467.34    1467.34     2.0642     2.1723    28.8640    30.3750  0.000e+00
      48099     67.000    10.0053    10.0080    1.81306    1.81196          1     1.5852     1.4986      21.17      0.234     0.3390     0.1775  1.000e-12  0.1545000    15.4534    15.4421    -0.0113     0.0026    11.7362    11.7271     66.384     67.768    1467.26    1467.25     2.0606     2.1342    28.7970    29.8250  0.000e+00
      48141     67.500     9.9430     9.9382    1.81721    1.81751          1     1.5758     1.4948      20.79      0.283     0.3320     0.1221  1.000e-12  0.1547000    15.5185    15.5233     0.0048    -0.0048    11.7946    11.7990     66.879     68.271    1467.10    1467.09     1.9516     1.9969    27.2450    27.8760  0.000e+00
      48175     68.000     9.8617     9.8556    1.82108    1.82147          1     1.5582     1.4814      20.30      0.350     0.3416     0.1637  1.000e-12  0.1522000    15.5892    15.5955     0.0063    -0.0061    11.8598    11.8655     67.374     68.774    1466.89    1466.87     1.9165     1.9580    26.7180    27.2940  0.000e+00
      48220     68.500     9.7961     9.7956    1.82425    1.82455          1     1.5508     1.4735      19.73      0.272     0.3456     0.2098  1.000e-12  0.1653000    15.6470    15.6500     0.0030    -0.0005    11.9130    11.9154     67.870     69.278    1466.72    1466.72     2.0171     2.0915    28.0900    29.1260  0.000e+00
      48261     69.000     9.7742     9.7719    1.82788    1.82823          1     1.5796     1.5001      19.25      0.282     0.3392     0.1891  1.000e-12  0.1511000    15.6903    15.6946     0.0043    -0.0024    11.9494    11.9530     68.365     69.781    1466.69    1466.69     1.9541     2.0310    27.2070    28.2760  0.000e+00
      48293     69.500     9.6978     9.6905    1.83147    1.83150          1     1.4926     1.4362      18.77      0.365     0.3329     0.2271  1.000e-12  0.1469000    15.7571    15.7606     0.0035    -0.0072    12.0108    12.0144     68.860     70.284    1466.49    1466.47     1.3879     1.3242    19.2990    18.4110  0.000e+00
      48332     70.000     9.6096     9.6083    1.83255    1.83285          1     1.3292     1.2936      18.25      0.321     0.3362     0.2514  1.000e-12  0.1639000    15.8056    15.8090     0.0034    -0.0013    12.0594    12.0622     69.356     70.787    1466.22    1466.22     1.1141     1.0285    15.4640    14.2760  0.000e+00
      48374     70.500     9.6212     9.6216    1.83824    1.83858          1     1.3044     1.2536      17.70      0.278     0.3545     0.2342  1.000e-12  0.1707000    15.8539    15.8569     0.0031     0.0004    12.0955    12.0979     69.851     71.291    1466.33    1466.33     1.5671     1.6496    21.7650    22.9110  0.000e+00
      48408     71.000     9.5631     9.5558    1.83817    1.83788          1     1.3933     1.3208      17.26      0.341     0.3609     0.2272  1.000e-12  0.1738000    15.8787    15.8791     0.0004    -0.0072    12.1219    12.1232     70.346     71.794    1466.14    1466.12     1.9584     2.1223    27.1650    29.4330  0.000e+00
      48449     71.500     9.3551     9.3486    1.82885    1.82867          1     1.5562     1.4592      16.68      0.305     0.3519     0.2216  1.000e-12  0.1873000    15.8825    15.8836     0.0012    -0.0065    12.1502    12.1519     70.842     72.297    1465.36    1465.33     2.2846     2.4750    31.5440    34.1680  0.000e+00
      48497     72.000     9.2518     9.2528    1.82529    1.82567          1     1.5176     1.4492      16.19      0.241     0.3359     0.2134  1.000e-12  0.1979000    15.8944    15.8976     0.0032     0.0010    12.1719    12.1742     71.337     72.800    1464.98    1464.99     1.4752     1.4196    20.3200    19.5540  0.000e+00
      48533     72.500     9.3103     9.3103    1.83361    1.83400          1     1.4013     1.3491      15.74      0.324     0.3506     0.1967  1.000e-12  0.2881000    15.9471    15.9508     0.0037     0.0000    12.2059    12.2088     71.832     73.303    1465.28    1465.28     1.3866     1.3433    19.1330    18.5350  0.000e+00
      48574     73.000     9.2596     9.2604    1.83422    1.83460          1     1.3406     1.2907      15.21      0.306     0.3444     0.2114  1.000e-12  0.2336000    15.9754    15.9786     0.0032     0.0008    12.2340    12.2364     72.328     73.806    1465.12    1465.13     1.3484     1.3442    18.5870    18.5300  0.000e+00
