ctdpy/tests/etc/exprapp_feb_2020/SBE09_1387_20200206_2050_77_10_0118.cnv
* Sea-Bird SBE 9 Data File:
* FileName = L:\2020\sv20d0118.hex
* Software Version Seasave V 7.26.7.121
* Temperature SN = 6378
* Conductivity SN = 4824
* Number of Bytes Per Scan = 41
* Number of Voltage Words = 4
* Number of Scans Averaged by the Deck Unit = 1
* NMEA Latitude = 58 17.11 N
* NMEA Longitude = 010 30.39 E
* NMEA UTC (Time) = Feb 06 2020  20:50:26
* NMEA baud rate = 4800
** Station:  Å17
** Operator:  DBSj
** Ship: SVEA
** Average sound velocity: 1483.40 m/s
** True-depth calculation Fri, 07 Feb 2020 00:57:18 +0000
** CTD Python Module SMHI /ver 3-12/ feb 2012 
** LIMS Job: 20207710-0118
** Cruise: SMHI-03-2020
** Latitude [GG MM.mm N] :
** Longitude [GGG MM.mm E]:
# nquan = 30
# nvalues = 690                         
# units = specified
# name 0 = scan: Scan Count
# name 1 = prDM: Pressure, Digiquartz [db]
# name 2 = t090C: Temperature [ITS-90, deg C]
# name 3 = t190C: Temperature, 2 [ITS-90, deg C]
# name 4 = c0S/m: Conductivity [S/m]
# name 5 = c1S/m: Conductivity, 2 [S/m]
# name 6 = pumps: Pump Status
# name 7 = sbeox0V: Oxygen raw, SBE 43 [V]
# name 8 = sbeox1V: Oxygen raw, SBE 43, 2 [V]
# name 9 = altM: Altimeter [m]
# name 10 = dz/dtM: Descent Rate [m/s]
# name 11 = flECO-AFL: Chl-a Fluorescence, WET Labs ECO-AFL/FL [mg/m^3]
# name 12 = flECO-AFL1: Phycocyanin Fluorescence, WET Labs ECO-AFL/FL, 2 [mg/m^3]
# name 13 = par: PAR/Irradiance, Biospherical/Lico [µE/(cm^2*s)]
# name 14 = turbWETntu0: Turbidity, WET Labs ECO [NTU]
# name 15 = sal00: Salinity, Practical [PSU]
# name 16 = sal11: Salinity, Practical, 2 [PSU]
# name 17 = secS-priS: Salinity, Practical, Difference, 2 - 1 [PSU]
# name 18 = T2-T190C: Temperature Difference, 2 - 1 [ITS-90, deg C]
# name 19 = sigma-t00: Density [sigma-t, kg/m^3 ]
# name 20 = sigma-t11: Density, 2 [sigma-t, kg/m^3 ]
# name 21 = depSM: Depth [salt water, m], lat = 58.2852
# name 22 = depFM: Depth [true depth, m], lat = 58.2852
# name 23 = svCM: Sound Velocity [Chen-Millero, m/s]
# name 24 = svCM1: Sound Velocity, 2 [Chen-Millero, m/s]
# name 25 = sbeox0ML/L: Oxygen, SBE 43 [ml/l], WS = 2
# name 26 = sbeox1ML/L: Oxygen, SBE 43, 2 [ml/l], WS = 2
# name 27 = sbeox0PS: Oxygen, SBE 43 [% saturation], WS = 2
# name 28 = sbeox1PS: Oxygen, SBE 43, 2 [% saturation], WS = 2
# name 29 = flag: flag
# span 0 =      27062,      50545       
# span 1 =      0.500,    345.000       
# span 2 =     6.1664,     8.0103       
# span 3 =     6.1639,     8.0098       
# span 4 =   3.220287,   3.636296       
# span 5 =   3.220021,   3.636129       
# span 6 =          1,          1       
# span 7 =     3.0386,     3.5620       
# span 8 =     2.8346,     3.3167       
# span 9 =       5.66,     100.70       
# span 10 =     -0.429,      1.249      
# span 11 =     0.1633,     0.8935      
# span 12 =     0.1279,     0.3266      
# span 13 = 1.0000e-12, 3.6528e+00      
# span 14 =     0.1510,     1.0981      
# span 15 =    32.4041,    35.1378      
# span 16 =    32.4030,    35.1365      
# span 17 =    -0.0479,     0.0415      
# span 18 =    -0.0237,     0.0395      
# span 19 =    25.4800,    27.4907      
# span 20 =    25.4791,    27.4899      
# span 21 =      0.495,    341.510      
# span 22 =      0.497,    342.086      
# span 23 =    1472.14,    1485.58      
# span 24 =    1472.13,    1485.58      
# span 25 =     5.3291,     6.5605      
# span 26 =     5.4054,     6.6642      
# span 27 =     79.254,     93.738      
# span 28 =     80.384,     95.217      
# span 29 = 0.0000e+00, 0.0000e+00      
# interval = decibars: 0.5              
# start_time = Feb 06 2020 20:50:26 [NMEA time, first data scan]
# bad_flag = -9.990e-29
*END*
[from data line 387]
      37299    194.000     7.7376     7.7370    3.61822    3.61802          1     3.4468     3.2080      95.55      0.497     0.2026     0.1916  1.000e-12  0.6829000    35.1366    35.1351    -0.0015    -0.0006    27.4203    27.4193    192.107    192.396    1484.84    1484.84     6.0805     6.1635    91.6720    92.9210  0.000e+00
      37314    194.500     7.7342     7.7328    3.61787    3.61759          1     3.4460     3.2073      72.30      0.638     0.2113     0.2499  1.000e-12  0.7104000    35.1359    35.1344    -0.0015    -0.0015    27.4204    27.4194    192.602    192.892    1484.84    1484.83     6.0800     6.1668    91.6560    92.9610  0.000e+00
      37329    195.000     7.7328     7.7325    3.61774    3.61758          1     3.4453     3.2078      96.92      0.759     0.2019     0.2571  1.000e-12  0.7298000    35.1357    35.1343    -0.0014    -0.0003    27.4204    27.4193    193.097    193.388    1484.84    1484.84     6.0810     6.1695    91.6690    93.0010  0.000e+00
      37345    195.500     7.7329     7.7326    3.61776    3.61761          1     3.4451     3.2073      97.69      0.807     0.2040     0.1949  1.000e-12  0.7359000    35.1357    35.1343    -0.0013    -0.0003    27.4203    27.4193    193.592    193.883    1484.85    1484.84     6.0832     6.1688    91.7010    92.9920  0.000e+00
      37400    196.000     7.7347     7.7341    3.61797    3.61777          1     3.4443     3.2077      97.71      0.322     0.2291     0.1975  1.000e-12  0.6269000    35.1359    35.1343    -0.0016    -0.0006    27.4203    27.4191    194.087    194.379    1484.86    1484.86     6.0820     6.1699    91.6880    93.0110  0.000e+00
      37449    196.500     7.7347     7.7345    3.61798    3.61784          1     3.4436     3.2069      97.71      0.245     0.2275     0.1897  1.000e-12  0.6046000    35.1357    35.1344    -0.0013    -0.0002    27.4201    27.4192    194.582    194.875    1484.87    1484.87     6.0819     6.1636    91.6860    92.9160  0.000e+00
      37462    197.000     7.7344     7.7341    3.61800    3.61784          1     3.4438     3.2069      97.71      0.518     0.2182     0.1942  1.000e-12  0.6690000    35.1359    35.1346    -0.0013    -0.0003    27.4203    27.4193    195.077    195.370    1484.88    1484.87     6.0824     6.1683    91.6940    92.9880  0.000e+00
      37474    197.500     7.7348     7.7348    3.61806    3.61794          1     3.4436     3.2069      97.71      0.736     0.2178     0.2356  1.000e-12  0.6716000    35.1359    35.1347    -0.0013     0.0000    27.4203    27.4193    195.572    195.866    1484.89    1484.88     6.0821     6.1663    91.6910    92.9590  0.000e+00
      37485    198.000     7.7349     7.7348    3.61808    3.61796          1     3.4438     3.2068      97.71      0.911     0.2203     0.2364  1.000e-12  0.6769000    35.1359    35.1347    -0.0012    -0.0001    27.4202    27.4193    196.066    196.362    1484.89    1484.89     6.0833     6.1631    91.7080    92.9090  0.000e+00
      37498    198.500     7.7336     7.7333    3.61798    3.61782          1     3.4438     3.2058      97.71      1.017     0.2150     0.2615  1.000e-12  0.6707000    35.1358    35.1344    -0.0014    -0.0003    27.4204    27.4193    196.561    196.857    1484.90    1484.90     6.0836     6.1623    91.7090    92.8950  0.000e+00
      37532    199.000     7.7337     7.7339    3.61800    3.61790          1     3.4436     3.2060      97.71      0.716     0.2130     0.2237  1.000e-12  0.6370000    35.1358    35.1344    -0.0013     0.0002    27.4203    27.4192    197.056    197.353    1484.91    1484.91     6.0824     6.1709    91.6920    93.0260  0.000e+00
      37607    199.500     7.7348     7.7351    3.61815    3.61804          1     3.4426     3.2065      97.70      0.175     0.2177     0.2176  1.000e-12  0.5992000    35.1359    35.1344    -0.0015     0.0003    27.4203    27.4191    197.551    197.849    1484.92    1484.92     6.0767     6.1674    91.6090    92.9750  0.000e+00
      37620    200.000     7.7347     7.7341    3.61814    3.61797          1     3.4422     3.2063      97.71      0.495     0.2161     0.2241  1.000e-12  0.6226000    35.1357    35.1345    -0.0013    -0.0006    27.4202    27.4192    198.046    198.344    1484.93    1484.92     6.0792     6.1656    91.6460    92.9450  0.000e+00
      37632    200.500     7.7338     7.7330    3.61806    3.61789          1     3.4422     3.2057      97.71      0.721     0.2104     0.2351  1.000e-12  0.6870000    35.1356    35.1345    -0.0011    -0.0007    27.4202    27.4194    198.541    198.840    1484.93    1484.93     6.0804     6.1624    91.6610    92.8960  0.000e+00
      37644    201.000     7.7332     7.7329    3.61804    3.61789          1     3.4422     3.2057      97.70      0.891     0.2104     0.2334  1.000e-12  0.6865000    35.1358    35.1344    -0.0014    -0.0002    27.4204    27.4193    199.036    199.336    1484.94    1484.93     6.0813     6.1626    91.6730    92.8980  0.000e+00
      37657    201.500     7.7330     7.7327    3.61805    3.61790          1     3.4418     3.2046      76.46      0.977     0.2113     0.1933  1.000e-12  0.6933000    35.1357    35.1344    -0.0012    -0.0004    27.4203    27.4194    199.531    199.831    1484.95    1484.94     6.0796     6.1600    91.6470    92.8580  0.000e+00
      37677    202.000     7.7330     7.7329    3.61806    3.61792          1     3.4415     3.2042      67.70      0.846     0.2103     0.1893  1.000e-12  0.6932000    35.1357    35.1343    -0.0014    -0.0001    27.4203    27.4193    200.026    200.327    1484.95    1484.95     6.0799     6.1648    91.6520    92.9310  0.000e+00
      37755    202.500     7.7341     7.7340    3.61819    3.61804          1     3.4411     3.2041     100.11      0.048     0.2164     0.2017  1.000e-12  0.5516000    35.1357    35.1341    -0.0015    -0.0002    27.4202    27.4190    200.520    200.823    1484.97    1484.96     6.0808     6.1684    91.6690    92.9880  0.000e+00
      37774    203.000     7.7336     7.7338    3.61816    3.61807          1     3.4410     3.2045      97.71      0.392     0.2138     0.1671  1.000e-12  0.6405000    35.1356    35.1343    -0.0013     0.0003    27.4202    27.4192    201.015    201.318    1484.97    1484.97     6.0806     6.1704    91.6650    93.0180  0.000e+00
      37791    203.500     7.7333     7.7331    3.61816    3.61802          1     3.4412     3.2045      97.70      0.578     0.2122     0.2069  1.000e-12  0.6973000    35.1357    35.1343    -0.0014    -0.0001    27.4203    27.4192    201.510    201.814    1484.98    1484.98     6.0830     6.1670    91.7000    92.9650  0.000e+00
      37807    204.000     7.7332     7.7329    3.61819    3.61802          1     3.4414     3.2042      97.69      0.691     0.2283     0.2044  1.000e-12  0.6764000    35.1359    35.1343    -0.0016    -0.0003    27.4205    27.4193    202.005    202.310    1484.99    1484.98     6.0837     6.1651    91.7100    92.9360  0.000e+00
      37823    204.500     7.7333     7.7331    3.61822    3.61807          1     3.4415     3.2039      97.71      0.744     0.2346     0.2069  1.000e-12  0.6632000    35.1358    35.1344    -0.0014    -0.0003    27.4204    27.4193    202.500    202.806    1484.99    1484.99     6.0825     6.1672    91.6930    92.9670  0.000e+00
      37841    205.000     7.7362     7.7343    3.61855    3.61821          1     3.4411     3.2041      97.70      0.736     0.2344     0.1516  1.000e-12  0.6588000    35.1363    35.1345    -0.0018    -0.0019    27.4203    27.4192    202.995    203.301    1485.02    1485.01     6.0817     6.1724    91.6860    93.0500  0.000e+00
      37866    205.500     7.7338     7.7332    3.61833    3.61812          1     3.4413     3.2045      97.70      0.599     0.2196     0.1681  1.000e-12  0.7161000    35.1359    35.1343    -0.0016    -0.0006    27.4204    27.4192    203.490    203.797    1485.01    1485.01     6.0822     6.1717    91.6900    93.0360  0.000e+00
      37930    206.000     7.7340     7.7337    3.61834    3.61818          1     3.4416     3.2036      97.70      0.188     0.2241     0.2219  1.000e-12  0.5895000    35.1357    35.1342    -0.0016    -0.0002    27.4202    27.4191    203.984    204.293    1485.02    1485.02     6.0945     6.1799    91.8740    93.1610  0.000e+00
      37966    206.500     7.7335     7.7335    3.61832    3.61820          1     3.4451     3.2059      97.71      0.286     0.2184     0.2019  1.000e-12  0.5834000    35.1357    35.1344    -0.0013    -0.0000    27.4203    27.4192    204.479    204.788    1485.03    1485.03     6.1091     6.1980    92.0940    93.4330  0.000e+00
      37981    207.000     7.7367     7.7375    3.61874    3.61870          1     3.4470     3.2078      97.70      0.507     0.2159     0.1765  1.000e-12  0.6794000    35.1368    35.1356    -0.0012     0.0009    27.4207    27.4196    204.974    205.284    1485.05    1485.05     6.1086     6.1978    92.0940    93.4400  0.000e+00
      37993    207.500     7.7402     7.7409    3.61912    3.61912          1     3.4480     3.2086      97.71      0.707     0.2207     0.1965  1.000e-12  0.6830000    35.1371    35.1364    -0.0006     0.0006    27.4204    27.4198    205.469    205.780    1485.07    1485.07     6.1073     6.1927    92.0810    93.3700  0.000e+00
      38004    208.000     7.7421     7.7418    3.61936    3.61923          1     3.4486     3.2093      97.70      0.882     0.2189     0.2069  1.000e-12  0.6985000    35.1376    35.1365    -0.0011    -0.0003    27.4205    27.4197    205.964    206.275    1485.09    1485.09     6.1052     6.1896    92.0540    93.3260  0.000e+00
      38015    208.500     7.7419     7.7417    3.61939    3.61924          1     3.4490     3.2094      97.70      1.016     0.2189     0.2106  1.000e-12  0.6990000    35.1378    35.1364    -0.0014    -0.0001    27.4207    27.4196    206.459    206.771    1485.10    1485.09     6.1033     6.1841    92.0250    93.2430  0.000e+00
      38030    209.000     7.7419     7.7416    3.61940    3.61925          1     3.4488     3.2091      97.71      1.021     0.2388     0.2180  1.000e-12  0.7155000    35.1377    35.1364    -0.0013    -0.0002    27.4206    27.4196    206.954    207.267    1485.11    1485.10     6.0989     6.1828    91.9590    93.2220  0.000e+00
      38128    209.500     7.7404     7.7403    3.61922    3.61911          1     3.4475     3.2088      97.66      0.220     0.2308     0.2523  1.000e-12  0.5827000    35.1371    35.1359    -0.0012    -0.0001    27.4204    27.4194    207.448    207.762    1485.11    1485.11     6.1057     6.1811    92.0570    93.1940  0.000e+00
      38144    210.000     7.7408     7.7404    3.61931    3.61915          1     3.4485     3.2091      97.62      0.533     0.2268     0.2448  1.000e-12  0.5924000    35.1373    35.1360    -0.0013    -0.0004    27.4205    27.4195    207.943    208.258    1485.12    1485.11     6.1085     6.1852    92.1010    93.2560  0.000e+00
      38154    210.500     7.7417     7.7415    3.61943    3.61931          1     3.4491     3.2089      97.69      0.787     0.2113     0.1476  1.000e-12  0.6441000    35.1375    35.1363    -0.0011    -0.0002    27.4205    27.4196    208.438    208.754    1485.13    1485.13     6.1062     6.1889    92.0690    93.3150  0.000e+00
      38164    211.000     7.7416     7.7415    3.61947    3.61934          1     3.4490     3.2094      97.69      0.982     0.2101     0.1474  1.000e-12  0.6430000    35.1378    35.1365    -0.0013    -0.0002    27.4207    27.4197    208.933    209.249    1485.14    1485.13     6.1040     6.1941    92.0360    93.3920  0.000e+00
      38174    211.500     7.7417     7.7413    3.61948    3.61934          1     3.4488     3.2100      97.68      1.118     0.2231     0.1711  1.000e-12  0.7101000    35.1376    35.1364    -0.0012    -0.0003    27.4206    27.4197    209.428    209.745    1485.15    1485.14     6.1026     6.1963    92.0130    93.4250  0.000e+00
      38186    212.000     7.7413     7.7411    3.61947    3.61933          1     3.4487     3.2106      97.69      1.153     0.2289     0.1888  1.000e-12  0.7283000    35.1376    35.1363    -0.0013    -0.0002    27.4206    27.4197    209.923    210.241    1485.15    1485.15     6.1028     6.1956    92.0170    93.4150  0.000e+00
      38239    212.500     7.7410     7.7411    3.61945    3.61933          1     3.4482     3.2112      97.69      0.647     0.2342     0.2066  1.000e-12  0.6522000    35.1374    35.1360    -0.0014     0.0000    27.4205    27.4194    210.418    210.736    1485.16    1485.16     6.1037     6.1943    92.0290    93.3940  0.000e+00
      38305    213.000     7.7408     7.7409    3.61943    3.61933          1     3.4481     3.2118      97.69      0.387     0.2303     0.1928  1.000e-12  0.5699000    35.1371    35.1360    -0.0011     0.0001    27.4203    27.4194    210.912    211.232    1485.16    1485.16     6.1079     6.1944    92.0920    93.3960  0.000e+00
      38317    213.500     7.7412     7.7407    3.61951    3.61934          1     3.4485     3.2118      97.68      0.665     0.2281     0.2069  1.000e-12  0.5851000    35.1374    35.1360    -0.0013    -0.0005    27.4205    27.4195    211.407    211.728    1485.18    1485.17     6.1082     6.1937    92.0970    93.3850  0.000e+00
      38327    214.000     7.7412     7.7410    3.61956    3.61943          1     3.4491     3.2118      97.69      0.880     0.2187     0.2104  1.000e-12  0.6598000    35.1377    35.1365    -0.0012    -0.0002    27.4207    27.4198    211.902    212.223    1485.18    1485.18     6.1073     6.1936    92.0840    93.3830  0.000e+00
      38337    214.500     7.7411     7.7409    3.61957    3.61944          1     3.4486     3.2118      97.68      1.042     0.2212     0.2351  1.000e-12  0.6574000    35.1376    35.1364    -0.0012    -0.0002    27.4207    27.4197    212.397    212.719    1485.19    1485.19     6.1055     6.1929    92.0570    93.3730  0.000e+00
      38348    215.000     7.7411     7.7409    3.61960    3.61944          1     3.4488     3.2117      97.69      1.135     0.2206     0.2364  1.000e-12  0.7120000    35.1377    35.1362    -0.0015    -0.0002    27.4207    27.4196    212.892    213.215    1485.20    1485.20     6.1054     6.1924    92.0540    93.3660  0.000e+00
      38375    215.500     7.7410     7.7410    3.61960    3.61947          1     3.4482     3.2113      97.69      0.891     0.2208     0.2534  1.000e-12  0.7044000    35.1376    35.1361    -0.0015     0.0000    27.4207    27.4195    213.387    213.710    1485.21    1485.21     6.1034     6.1923    92.0240    93.3640  0.000e+00
      38459    216.000     7.7412     7.7410    3.61962    3.61948          1     3.4462     3.2105      97.69      0.160     0.2303     0.2359  1.000e-12  0.5662000    35.1374    35.1360    -0.0014    -0.0002    27.4204    27.4194    213.881    214.206    1485.22    1485.21     6.1013     6.1871    91.9940    93.2860  0.000e+00
      38474    216.500     7.7413     7.7411    3.61966    3.61951          1     3.4464     3.2096      97.69      0.498     0.2292     0.2394  1.000e-12  0.6023000    35.1375    35.1361    -0.0014    -0.0002    27.4205    27.4195    214.376    214.702    1485.23    1485.22     6.1014     6.1815    91.9950    93.2010  0.000e+00
      38489    217.000     7.7412     7.7410    3.61969    3.61953          1     3.4461     3.2092      97.68      0.693     0.2263     0.2275  1.000e-12  0.6294000    35.1375    35.1361    -0.0014    -0.0003    27.4206    27.4195    214.871    215.197    1485.23    1485.23     6.1015     6.1807    91.9960    93.1900  0.000e+00
      38505    217.500     7.7410     7.7408    3.61970    3.61954          1     3.4462     3.2081      97.69      0.778     0.2207     0.2169  1.000e-12  0.7167000    35.1376    35.1362    -0.0014    -0.0003    27.4207    27.4196    215.366    215.693    1485.24    1485.24     6.1034     6.1798    92.0250    93.1760  0.000e+00
