ctdpy/tests/etc/exprapp_feb_2020/SBE09_1387_20200207_0801_77_10_0120.cnv
* Sea-Bird SBE 9 Data File:
* FileName = L:\2020\sv20d0120.hex
* Software Version Seasave V 7.26.7.121
* Temperature SN = 6378
* Conductivity SN = 4824
* Number of Bytes Per Scan = 41
* Number of Voltage Words = 4
* Number of Scans Averaged by the Deck Unit = 1
* NMEA Latitude = 57 11.57 N
* NMEA Longitude = 011 39.44 E
* NMEA UTC (Time) = Feb 07 2020  08:01:28
* NMEA baud rate = 4800
** Station:  Fladen
** Operator:  DBSj
** Ship: SVEA
** Average sound velocity: 1474.83 m/s
** True-depth calculation Fri, 07 Feb 2020 09:43:39 +0000
** CTD Python Module SMHI /ver 3-12/ feb 2012 
** LIMS Job: 20207710-0120
** Cruise: SMHI-03-2020
** Latitude [GG MM.mm N] :
** Longitude [GGG MM.mm E]:
# nquan = 30
# nvalues = 165                         
# units = specified
# name 0 = scan: Scan Count
# name 1 = prDM: Pressure, Digiquartz [db]
# name 2 = t090C: Temperature [ITS-90, deg C]
# name 3 = t190C: Temperature, 2 [ITS-90, deg C]
# name 4 = c0S/m: Conductivity [S/m]
# name 5 = c1S/m: Conductivity, 2 [S/m]
# name 6 = pumps: Pump Status
# name 7 = sbeox0V: Oxygen raw, SBE 43 [V]
# name 8 = sbeox1V: Oxygen raw, SBE 43, 2 [V]
# name 9 = altM: Altimeter [m]
# name 10 = dz/dtM: Descent Rate [m/s]
# name 11 = flECO-AFL: Chl-a Fluorescence, WET Labs ECO-AFL/FL [mg/m^3]
# name 12 = flECO-AFL1: Phycocyanin Fluorescence, WET Labs ECO-AFL/FL, 2 [mg/m^3]
# name 13 = par: PAR/Irradiance, Biospherical/Lico [µE/(cm^2*s)]
# name 14 = turbWETntu0: Turbidity, WET Labs ECO [NTU]
# name 15 = sal00: Salinity, Practical [PSU]
# name 16 = sal11: Salinity, Practical, 2 [PSU]
# name 17 = secS-priS: Salinity, Practical, Difference, 2 - 1 [PSU]
# name 18 = T2-T190C: Temperature Difference, 2 - 1 [ITS-90, deg C]
# name 19 = sigma-t00: Density [sigma-t, kg/m^3 ]
# name 20 = sigma-t11: Density, 2 [sigma-t, kg/m^3 ]
# name 21 = depSM: Depth [salt water, m], lat = 57.1928
# name 22 = depFM: Depth [true depth, m], lat = 57.1928
# name 23 = svCM: Sound Velocity [Chen-Millero, m/s]
# name 24 = svCM1: Sound Velocity, 2 [Chen-Millero, m/s]
# name 25 = sbeox0ML/L: Oxygen, SBE 43 [ml/l], WS = 2
# name 26 = sbeox1ML/L: Oxygen, SBE 43, 2 [ml/l], WS = 2
# name 27 = sbeox0PS: Oxygen, SBE 43 [% saturation], WS = 2
# name 28 = sbeox1PS: Oxygen, SBE 43, 2 [% saturation], WS = 2
# name 29 = flag: flag
# span 0 =      40317,      47115       
# span 1 =      2.000,     84.500       
# span 2 =     5.0268,     7.2156       
# span 3 =     5.0268,     7.2137       
# span 4 =   2.366960,   3.425430       
# span 5 =   2.366985,   3.424972       
# span 6 =          1,          1       
# span 7 =     3.3746,     3.6404       
# span 8 =     3.1431,     3.3830       
# span 9 =       0.95,      98.03       
# span 10 =     -0.058,      0.523      
# span 11 =     0.2868,     1.5997      
# span 12 =     0.1672,     0.4520      
# span 13 = -6.515e-07, 4.4359e+01      
# span 14 =     0.3899,     1.8107      
# span 15 =    23.8793,    33.6195      
# span 16 =    23.8798,    33.6164      
# span 17 =    -0.0518,     0.2476      
# span 18 =    -0.0264,     0.0246      
# span 19 =    18.8698,    26.3032      
# span 20 =    18.8701,    26.3009      
# span 21 =      1.982,     83.705      
# span 22 =      1.999,     83.975      
# span 23 =    1456.77,    1481.50      
# span 24 =    1456.77,    1481.49      
# span 25 =     5.9757,     7.3860      
# span 26 =     6.0630,     7.4874      
# span 27 =     88.117,     97.001      
# span 28 =     89.404,     98.335      
# span 29 = 0.0000e+00, 0.0000e+00      
# interval = decibars: 0.5              
# start_time = Feb 07 2020 08:01:29 [NMEA time, first data scan]
# bad_flag = -9.990e-29
*END*
[from data line 146]
      43900     75.000     7.1595     7.1601    3.41179    3.41198          1     3.3995     3.1638      10.54      0.485     0.3057     0.2282  1.000e-12  1.5904000    33.5243    33.5258     0.0015     0.0007    26.2346    26.2356     74.297     74.547    1478.66    1478.66     6.0323     6.1188    88.8150    90.0900  0.000e+00
      43925     75.500     7.1605     7.1606    3.41217    3.41211          1     3.3980     3.1632      10.02      0.484     0.3108     0.1970  1.000e-12  1.6046000    33.5272    33.5265    -0.0008     0.0000    26.2367    26.2361     74.792     75.043    1478.68    1478.67     6.0294     6.1115    88.7750    89.9840  0.000e+00
      43955     76.000     7.1627     7.1634    3.41270    3.41276          1     3.3964     3.1625       9.50      0.422     0.2962     0.2226  1.000e-12  1.4760000    33.5307    33.5306    -0.0001     0.0008    26.2392    26.2389     75.287     75.539    1478.70    1478.70     6.0259     6.1137    88.7300    90.0250  0.000e+00
      43988     76.500     7.1685     7.1683    3.41375    3.41361          1     3.3947     3.1616       8.99      0.378     0.3047     0.2289  1.000e-12  1.5217000    33.5362    33.5349    -0.0014    -0.0002    26.2427    26.2417     75.782     76.036    1478.73    1478.73     6.0207     6.1030    88.6680    89.8790  0.000e+00
      44028     77.000     7.1747     7.1764    3.41484    3.41499          1     3.3919     3.1584       8.45      0.302     0.3094     0.2360  1.000e-12  1.5064000    33.5418    33.5418     0.0000     0.0016    26.2462    26.2460     76.277     76.532    1478.77    1478.78     6.0132     6.0883    88.5740    89.6840  0.000e+00
      44073     77.500     7.1825     7.1828    3.41619    3.41609          1     3.3897     3.1556       7.92      0.270     0.3047     0.2501  1.000e-12  1.5223000    33.5487    33.5473    -0.0014     0.0002    26.2506    26.2495     76.773     77.028    1478.82    1478.82     6.0086     6.0882    88.5260    89.6980  0.000e+00
      44119     78.000     7.1887     7.1891    3.41726    3.41722          1     3.3871     3.1541       7.41      0.260     0.3002     0.2355  1.000e-12  1.6521000    33.5542    33.5533    -0.0009     0.0004    26.2541    26.2533     77.268     77.524    1478.86    1478.86     6.0013     6.0903    88.4350    89.7460  0.000e+00
      44161     78.500     7.1955     7.1951    3.41842    3.41824          1     3.3851     3.1538       6.94      0.287     0.2986     0.2138  1.000e-12  1.5629000    33.5599    33.5584    -0.0015    -0.0005    26.2576    26.2565     77.763     78.021    1478.90    1478.90     5.9969     6.0839    88.3860    89.6680  0.000e+00
      44206     79.000     7.2012     7.2015    3.41932    3.41912          1     3.3823     3.1510       6.44      0.266     0.2915     0.2321  1.000e-12  1.5804000    33.5640    33.5616    -0.0024     0.0003    26.2600    26.2581     78.258     78.517    1478.93    1478.93     5.9872     6.0734    88.2570    89.5270  0.000e+00
      44251     79.500     7.2068     7.2069    3.42021    3.42013          1     3.3794     3.1497       6.02      0.263     0.2972     0.2518  1.000e-12  1.6051000    33.5680    33.5670    -0.0010     0.0002    26.2624    26.2616     78.753     79.013    1478.97    1478.97     5.9820     6.0723    88.1950    89.5250  0.000e+00
      44295     80.000     7.2082     7.2084    3.42049    3.42043          1     3.3774     3.1477       5.63      0.274     0.3107     0.1943  1.000e-12  1.8107000    33.5694    33.5687    -0.0007     0.0001    26.2634    26.2627     79.249     79.509    1478.99    1478.98     5.9810     6.0661    88.1830    89.4370  0.000e+00
      44339     80.500     7.2106     7.2103    3.42095    3.42080          1     3.3771     3.1469       5.07      0.276     0.2978     0.2327  1.000e-12  1.6014000    33.5718    33.5705    -0.0013    -0.0003    26.2649    26.2639     79.744     80.006    1479.01    1479.00     5.9831     6.0744    88.2210    89.5650  0.000e+00
      44401     81.000     7.2104     7.2104    3.42092    3.42080          1     3.3774     3.1478      20.46      0.184     0.2939     0.2561  1.000e-12  1.6363000    33.5715    33.5701    -0.0014     0.0000    26.2647    26.2636     80.239     80.502    1479.01    1479.01     5.9845     6.0739    88.2410    89.5580  0.000e+00
      44467     81.500     7.2121     7.2118    3.42127    3.42110          1     3.3770     3.1463       4.10      0.180     0.3164     0.2475  1.000e-12  1.6146000    33.5734    33.5718    -0.0015    -0.0004    26.2659    26.2648     80.734     80.998    1479.03    1479.03     5.9813     6.0670    88.1980    89.4600  0.000e+00
      44536     82.000     7.2129     7.2130    3.42141    3.42133          1     3.3754     3.1449      23.60      0.174     0.3106     0.2218  1.000e-12  1.5266000    33.5739    33.5730    -0.0010     0.0001    26.2662    26.2654     81.229     81.494    1479.04    1479.04     5.9780     6.0644    88.1510    89.4250  0.000e+00
      44608     82.500     7.2131     7.2130    3.42146    3.42135          1     3.3751     3.1438       4.58      0.169     0.3123     0.2468  1.000e-12  1.5446000    33.5741    33.5729    -0.0012    -0.0001    26.2663    26.2654     81.725     81.990    1479.05    1479.05     5.9795     6.0687    88.1730    89.4890  0.000e+00
      44675     83.000     7.2124     7.2123    3.42149    3.42136          1     3.3756     3.1438       2.62      0.181     0.3132     0.2020  1.000e-12  1.4985000    33.5748    33.5735    -0.0013    -0.0001    26.2670    26.2660     82.220     82.487    1479.06    1479.06     5.9815     6.0630    88.2030    89.4040  0.000e+00
      44739     83.500     7.2125     7.2125    3.42153    3.42144          1     3.3746     3.1431       2.12      0.192     0.3084     0.2976  1.000e-12  1.6671000    33.5749    33.5739    -0.0010     0.0000    26.2671    26.2663     82.715     82.983    1479.07    1479.07     5.9757     6.0663    88.1170    89.4520  0.000e+00
      47115     84.500     7.2156     7.2137    3.42543    3.42497          1     3.3827     3.1533       0.95     -0.058     0.3404     0.2065  1.002e-12  1.3311000    33.6195    33.6164    -0.0032    -0.0019    26.3032    26.3009     83.705     83.975    1481.50    1481.49     5.9983     6.0922    88.4260    89.8040  0.000e+00
