ctdpy/tests/etc/exprapp_feb_2020/SBE09_1387_20200210_2351_77_10_0139.cnv
* Sea-Bird SBE 9 Data File:
* FileName = L:\2020\sv20d0139.hex
* Software Version Seasave V 7.26.7.121
* Temperature SN = 6378
* Conductivity SN = 4824
* Number of Bytes Per Scan = 41
* Number of Voltage Words = 4
* Number of Scans Averaged by the Deck Unit = 1
* NMEA Latitude = 58 26.52 N
* NMEA Longitude = 020 20.15 E
* NMEA UTC (Time) = Feb 10 2020  23:51:42
* NMEA baud rate = 4800
** Station:  BY21
** Operator:  SSip
** Ship: SVEA
** Average sound velocity: 1440.70 m/s
** True-depth calculation Tue, 11 Feb 2020 01:00:47 +0000
** CTD Python Module SMHI /ver 3-12/ feb 2012 
** LIMS Job: 20207710-0139
** Cruise: SMHI-03-2020
** Latitude [GG MM.mm N] :
** Longitude [GGG MM.mm E]:
# nquan = 30
# nvalues = 224                         
# units = specified
# name 0 = scan: Scan Count
# name 1 = prDM: Pressure, Digiquartz [db]
# name 2 = t090C: Temperature [ITS-90, deg C]
# name 3 = t190C: Temperature, 2 [ITS-90, deg C]
# name 4 = c0S/m: Conductivity [S/m]
# name 5 = c1S/m: Conductivity, 2 [S/m]
# name 6 = pumps: Pump Status
# name 7 = sbeox0V: Oxygen raw, SBE 43 [V]
# name 8 = sbeox1V: Oxygen raw, SBE 43, 2 [V]
# name 9 = altM: Altimeter [m]
# name 10 = dz/dtM: Descent Rate [m/s]
# name 11 = flECO-AFL: Chl-a Fluorescence, WET Labs ECO-AFL/FL [mg/m^3]
# name 12 = flECO-AFL1: Phycocyanin Fluorescence, WET Labs ECO-AFL/FL, 2 [mg/m^3]
# name 13 = par: PAR/Irradiance, Biospherical/Lico [µE/(cm^2*s)]
# name 14 = turbWETntu0: Turbidity, WET Labs ECO [NTU]
# name 15 = sal00: Salinity, Practical [PSU]
# name 16 = sal11: Salinity, Practical, 2 [PSU]
# name 17 = secS-priS: Salinity, Practical, Difference, 2 - 1 [PSU]
# name 18 = T2-T190C: Temperature Difference, 2 - 1 [ITS-90, deg C]
# name 19 = sigma-t00: Density [sigma-t, kg/m^3 ]
# name 20 = sigma-t11: Density, 2 [sigma-t, kg/m^3 ]
# name 21 = depSM: Depth [salt water, m], lat = 58.442
# name 22 = depFM: Depth [true depth, m], lat = 58.442
# name 23 = svCM: Sound Velocity [Chen-Millero, m/s]
# name 24 = svCM1: Sound Velocity, 2 [Chen-Millero, m/s]
# name 25 = sbeox0ML/L: Oxygen, SBE 43 [ml/l], WS = 2
# name 26 = sbeox1ML/L: Oxygen, SBE 43, 2 [ml/l], WS = 2
# name 27 = sbeox0PS: Oxygen, SBE 43 [% saturation], WS = 2
# name 28 = sbeox1PS: Oxygen, SBE 43, 2 [% saturation], WS = 2
# name 29 = flag: flag
# span 0 =      48868,      55164       
# span 1 =      5.000,    116.500       
# span 2 =     5.1591,     6.5478       
# span 3 =     5.1588,     6.5475       
# span 4 =   0.803937,   1.243099       
# span 5 =   0.804103,   1.243201       
# span 6 =          1,          1       
# span 7 =     0.7498,     3.5252       
# span 8 =     0.7383,     3.2905       
# span 9 =       0.32,      98.16       
# span 10 =      0.051,      1.532      
# span 11 =     0.3302,     0.4417      
# span 12 =     0.1417,     0.2805      
# span 13 = -2.242e-04, 3.0706e-01      
# span 14 =     0.1152,     2.4014      
# span 15 =     7.3789,    11.3089      
# span 16 =     7.3806,    11.3100      
# span 17 =    -0.2953,     0.1697      
# span 18 =    -0.0928,     0.0490      
# span 19 =     5.8274,     8.8462      
# span 20 =     5.8288,     8.8471      
# span 21 =      4.953,    115.384      
# span 22 =      5.063,    117.867      
# span 23 =    1436.46,    1449.13      
# span 24 =    1436.47,    1449.13      
# span 25 =     0.0655,     7.8598      
# span 26 =    -0.5386,     8.0032      
# span 27 =      0.822,     92.772      
# span 28 =     -6.605,     94.464      
# span 29 = 0.0000e+00, 0.0000e+00      
# interval = decibars: 0.5              
# start_time = Feb 10 2020 23:51:43 [NMEA time, first data scan]
# bad_flag = -9.990e-29
*END*
      48868      5.000     5.1625     5.1627    0.80405    0.80412          1     3.5251     3.2901       6.15      0.051     0.3857     0.1653  3.071e-01  0.1530000     7.3801     7.3808     0.0007     0.0002     5.8284     5.8289      4.953      5.063    1436.46    1436.47     7.8552     8.0000    92.7190    94.4280  0.000e+00
      48973      5.500     5.1621     5.1620    0.80404    0.80410          1     3.5252     3.2905       5.91      0.256     0.3956     0.2395  2.604e-01  0.1453000     7.3801     7.3807     0.0007    -0.0000     5.8283     5.8289      5.449      5.569    1436.47    1436.47     7.8542     7.9951    92.7060    94.3690  0.000e+00
      49079      6.000     5.1626     5.1623    0.80394    0.80410          1     3.5251     3.2901       5.55      0.313     0.3900     0.2001  1.868e-01  0.1445000     7.3789     7.3806     0.0017    -0.0002     5.8274     5.8288      5.944      6.076    1436.48    1436.48     7.8538     7.9921    92.7020    94.3340  0.000e+00
      49153      6.500     5.1623     5.1621    0.80406    0.80413          1     3.5242     3.2892       2.83      0.328     0.3813     0.2606  1.221e-01  0.1396000     7.3801     7.3809     0.0008    -0.0003     5.8284     5.8290      6.439      6.582    1436.49    1436.49     7.8516     7.9901    92.6760    94.3110  0.000e+00
      49171      7.000     5.1617     5.1615    0.80405    0.80412          1     3.5245     3.2893       1.48      0.585     0.4021     0.2110  1.075e-01  0.1396000     7.3801     7.3809     0.0008    -0.0003     5.8284     5.8290      6.935      7.088    1436.49    1436.49     7.8578     7.9905    92.7470    94.3140  0.000e+00
      49190      7.500     5.1618     5.1614    0.80405    0.80412          1     3.5248     3.2888       1.10      0.653     0.4061     0.2132  6.343e-02  0.1429000     7.3800     7.3808     0.0008    -0.0004     5.8283     5.8290      7.430      7.595    1436.50    1436.50     7.8590     7.9901    92.7610    94.3080  0.000e+00
      49219      8.000     5.1603     5.1607    0.80400    0.80411          1     3.5249     3.2892       0.85      0.507     0.4065     0.2375  5.541e-02  0.1489000     7.3798     7.3808     0.0010     0.0003     5.8282     5.8290      7.925      8.101    1436.50    1436.50     7.8576     7.9971    92.7420    94.3890  0.000e+00
      49264      8.500     5.1605     5.1601    0.80404    0.80411          1     3.5247     3.2895      28.51      0.241     0.3987     0.2215  5.623e-02  0.1456000     7.3800     7.3808     0.0008    -0.0004     5.8284     5.8290      8.421      8.607    1436.51    1436.51     7.8559     7.9966    92.7220    94.3820  0.000e+00
      49298      9.000     5.1609     5.1610    0.80406    0.80412          1     3.5240     3.2895       0.32      0.333     0.3945     0.1909  1.879e-02  0.1311000     7.3801     7.3806     0.0006     0.0000     5.8284     5.8288      8.916      9.114    1436.52    1436.52     7.8522     7.9960    92.6790    94.3770  0.000e+00
      49328      9.500     5.1614     5.1611    0.80408    0.80415          1     3.5232     3.2896       0.68      0.415     0.3797     0.2673  3.435e-04  0.1339000     7.3801     7.3808     0.0007    -0.0002     5.8284     5.8290      9.411      9.620    1436.53    1436.53     7.8504     7.9961    92.6590    94.3780  0.000e+00
      49401     10.000     5.1614     5.1622    0.80407    0.80418          1     3.5230     3.2894       0.76      0.106     0.3940     0.1992 -2.242e-04  0.1673000     7.3800     7.3808     0.0009     0.0008     5.8283     5.8290      9.907     10.126    1436.54    1436.54     7.8575     7.9938    92.7420    94.3540  0.000e+00
      49417     10.500     5.1622     5.1608    0.80411    0.80415          1     3.5237     3.2890       0.71      0.378     0.3731     0.1983  1.000e-12  0.1509000     7.3801     7.3809     0.0008    -0.0013     5.8284     5.8290     10.402     10.633    1436.55    1436.54     7.8598     7.9919    92.7720    94.3280  0.000e+00
      49432     11.000     5.1623     5.1618    0.80412    0.80418          1     3.5239     3.2889       0.66      0.623     0.3734     0.1744  1.000e-12  0.1462000     7.3801     7.3809     0.0007    -0.0005     5.8284     5.8290     10.897     11.139    1436.56    1436.56     7.8595     7.9975    92.7690    94.3970  0.000e+00
      49448     11.500     5.1611     5.1622    0.80410    0.80419          1     3.5240     3.2894      65.25      0.768     0.3928     0.1846  1.000e-12  0.1457000     7.3801     7.3808     0.0007     0.0011     5.8284     5.8289     11.393     11.645    1436.56    1436.57     7.8586     7.9996    92.7550    94.4230  0.000e+00
      49482     12.000     5.1611     5.1620    0.80410    0.80420          1     3.5239     3.2882      83.56      0.488     0.3957     0.2225  1.000e-12  0.1435000     7.3801     7.3808     0.0007     0.0009     5.8284     5.8290     11.888     12.152    1436.57    1436.57     7.8570     7.9843    92.7370    94.2410  0.000e+00
      49525     12.500     5.1617     5.1616    0.80411    0.80419          1     3.5226     3.2870      98.16      0.195     0.4073     0.2371  1.000e-12  0.1392000     7.3800     7.3808     0.0008    -0.0001     5.8283     5.8289     12.383     12.658    1436.58    1436.58     7.8495     7.9928    92.6500    94.3400  0.000e+00
      49541     13.000     5.1615     5.1615    0.80411    0.80420          1     3.5225     3.2872      96.92      0.426     0.4051     0.2318  1.000e-12  0.1396000     7.3799     7.3808     0.0009     0.0000     5.8283     5.8289     12.879     13.164    1436.59    1436.59     7.8525     7.9928    92.6840    94.3410  0.000e+00
      49554     13.500     5.1621     5.1620    0.80414    0.80422          1     3.5219     3.2871      96.95      0.658     0.4064     0.2192  1.000e-12  0.1406000     7.3801     7.3808     0.0007    -0.0001     5.8284     5.8289     13.374     13.671    1436.60    1436.60     7.8497     7.9976    92.6530    94.3990  0.000e+00
      49567     14.000     5.1620     5.1617    0.80415    0.80421          1     3.5217     3.2875      96.96      0.832     0.3823     0.2169  1.000e-12  0.1396000     7.3801     7.3808     0.0007    -0.0003     5.8284     5.8289     13.869     14.177    1436.60    1436.60     7.8505     8.0032    92.6620    94.4640  0.000e+00
      49583     14.500     5.1634     5.1625    0.80419    0.80424          1     3.5212     3.2881      96.97      0.882     0.3908     0.2613  1.000e-12  0.1396000     7.3801     7.3808     0.0007    -0.0009     5.8283     5.8289     14.365     14.683    1436.62    1436.62     7.8500     8.0026    92.6590    94.4590  0.000e+00
      49649     15.000     5.1626     5.1623    0.80418    0.80424          1     3.5206     3.2875      97.01      0.423     0.3931     0.2492  1.000e-12  0.1396000     7.3801     7.3808     0.0007    -0.0003     5.8284     5.8289     14.860     15.190    1436.62    1436.62     7.8502     7.9936    92.6600    94.3520  0.000e+00
      49698     15.500     5.1616     5.1615    0.80416    0.80422          1     3.5206     3.2866      77.74      0.474     0.3823     0.2578  1.000e-12  0.1405000     7.3801     7.3807     0.0007    -0.0001     5.8284     5.8289     15.355     15.696    1436.63    1436.63     7.8516     7.9908    92.6730    94.3170  0.000e+00
      49711     16.000     5.1620     5.1614    0.80417    0.80423          1     3.5204     3.2868      88.13      0.737     0.3806     0.2368  1.000e-12  0.1433000     7.3800     7.3808     0.0007    -0.0006     5.8283     5.8289     15.851     16.202    1436.64    1436.63     7.8524     7.9923    92.6840    94.3340  0.000e+00
      49723     16.500     5.1620     5.1624    0.80417    0.80426          1     3.5204     3.2861      46.74      0.888     0.3816     0.2337  1.000e-12  0.1457000     7.3800     7.3808     0.0008     0.0003     5.8283     5.8289     16.346     16.708    1436.64    1436.65     7.8523     7.9944    92.6830    94.3620  0.000e+00
      49737     17.000     5.1616     5.1615    0.80418    0.80425          1     3.5204     3.2868      54.42      0.943     0.3951     0.2357  1.000e-12  0.1497000     7.3801     7.3808     0.0007    -0.0001     5.8284     5.8289     16.841     17.215    1436.65    1436.65     7.8533     8.0010    92.6940    94.4370  0.000e+00
      49756     17.500     5.1614     5.1610    0.80418    0.80424          1     3.5202     3.2871      93.81      0.827     0.4086     0.2363  1.000e-12  0.1490000     7.3800     7.3808     0.0007    -0.0004     5.8284     5.8290     17.336     17.721    1436.66    1436.66     7.8532     7.9996    92.6930    94.4200  0.000e+00
      49809     18.000     5.1615     5.1613    0.80418    0.80426          1     3.5193     3.2859      92.66      0.280     0.3890     0.2565  1.000e-12  0.1408000     7.3800     7.3808     0.0008    -0.0001     5.8283     5.8290     17.832     18.227    1436.67    1436.67     7.8495     7.9846    92.6490    94.2440  0.000e+00
      49861     18.500     5.1613     5.1615    0.80418    0.80426          1     3.5189     3.2842      97.46      0.230     0.3802     0.2233  1.000e-12  0.1364000     7.3800     7.3807     0.0007     0.0002     5.8283     5.8289     18.327     18.734    1436.67    1436.67     7.8498     7.9851    92.6510    94.2490  0.000e+00
      49887     19.000     5.1607     5.1605    0.80417    0.80424          1     3.5180     3.2841      97.05      0.358     0.3887     0.2263  1.000e-12  0.1337000     7.3800     7.3807     0.0007    -0.0002     5.8283     5.8289     18.822     19.240    1436.68    1436.68     7.8479     7.9849    92.6280    94.2450  0.000e+00
      49905     19.500     5.1591     5.1588    0.80414    0.80421          1     3.5185     3.2835      97.05      0.542     0.3999     0.2375  1.000e-12  0.1406000     7.3799     7.3807     0.0008    -0.0003     5.8283     5.8290     19.318     19.746    1436.68    1436.68     7.8532     7.9835    92.6870    94.2240  0.000e+00
      49921     20.000     5.1594     5.1589    0.80415    0.80422          1     3.5185     3.2834      97.05      0.667     0.4171     0.2236  1.000e-12  0.1577000     7.3799     7.3806     0.0007    -0.0005     5.8283     5.8289     19.813     20.253    1436.69    1436.69     7.8510     7.9866    92.6620    94.2610  0.000e+00
      49937     20.500     5.1594     5.1591    0.80417    0.80423          1     3.5183     3.2832      97.08      0.723     0.4174     0.2255  1.000e-12  0.1441000     7.3799     7.3807     0.0007    -0.0003     5.8284     5.8290     20.308     20.759    1436.70    1436.69     7.8489     7.9871    92.6370    94.2680  0.000e+00
      49952     21.000     5.1594     5.1590    0.80417    0.80424          1     3.5178     3.2832      91.81      0.763     0.4163     0.2548  1.000e-12  0.1405000     7.3799     7.3807     0.0008    -0.0003     5.8284     5.8290     20.804     21.265    1436.70    1436.70     7.8487     7.9833    92.6350    94.2230  0.000e+00
      49967     21.500     5.1595     5.1591    0.80418    0.80424          1     3.5178     3.2827      89.35      0.791     0.4065     0.2484  1.000e-12  0.1456000     7.3799     7.3807     0.0008    -0.0004     5.8284     5.8290     21.299     21.772    1436.71    1436.71     7.8500     7.9798    92.6500    94.1820  0.000e+00
      49986     22.000     5.1593     5.1591    0.80418    0.80425          1     3.5175     3.2822      96.50      0.747     0.4116     0.2390  1.000e-12  0.1457000     7.3800     7.3807     0.0007    -0.0002     5.8284     5.8290     21.794     22.278    1436.72    1436.72     7.8497     7.9843    92.6450    94.2340  0.000e+00
      50084     22.500     5.1596     5.1592    0.80419    0.80427          1     3.5163     3.2819      97.06      0.212     0.3859     0.2364  1.000e-12  0.1343000     7.3799     7.3807     0.0008    -0.0003     5.8284     5.8290     22.290     22.784    1436.73    1436.73     7.8497     7.9930    92.6460    94.3380  0.000e+00
      50104     23.000     5.1596     5.1592    0.80420    0.80427          1     3.5165     3.2823      91.64      0.505     0.3884     0.2308  1.000e-12  0.1357000     7.3800     7.3807     0.0008    -0.0004     5.8284     5.8290     22.785     23.291    1436.74    1436.73     7.8494     7.9912    92.6430    94.3160  0.000e+00
      50117     23.500     5.1596     5.1592    0.80421    0.80428          1     3.5161     3.2822       6.94      0.717     0.4058     0.2254  1.000e-12  0.1396000     7.3800     7.3807     0.0008    -0.0004     5.8284     5.8290     23.280     23.797    1436.74    1436.74     7.8476     7.9885    92.6220    94.2840  0.000e+00
      50130     24.000     5.1597     5.1593    0.80422    0.80429          1     3.5165     3.2822      74.08      0.860     0.4051     0.2084  1.000e-12  0.1525000     7.3799     7.3808     0.0009    -0.0004     5.8284     5.8291     23.775     24.303    1436.75    1436.75     7.8467     7.9885    92.6120    94.2850  0.000e+00
      50147     24.500     5.1601     5.1599    0.80423    0.80431          1     3.5154     3.2822      96.43      0.872     0.4076     0.2156  1.000e-12  0.1697000     7.3799     7.3807     0.0008    -0.0002     5.8283     5.8290     24.271     24.810    1436.76    1436.76     7.8431     7.9864    92.5700    94.2620  0.000e+00
      50179     25.000     5.1606     5.1602    0.80424    0.80432          1     3.5150     3.2817      97.06      0.527     0.4165     0.2269  1.000e-12  0.1626000     7.3799     7.3807     0.0008    -0.0004     5.8283     5.8289     24.766     25.316    1436.77    1436.77     7.8453     7.9854    92.5970    94.2500  0.000e+00
      50232     25.500     5.1607     5.1605    0.80426    0.80432          1     3.5151     3.2814      95.08      0.166     0.3790     0.2274  1.000e-12  0.1236000     7.3799     7.3807     0.0007    -0.0003     5.8283     5.8289     25.261     25.822    1436.78    1436.78     7.8471     7.9821    92.6190    94.2120  0.000e+00
      50253     26.000     5.1606     5.1604    0.80427    0.80434          1     3.5149     3.2806      80.44      0.398     0.3785     0.2065  1.000e-12  0.1408000     7.3800     7.3807     0.0007    -0.0002     5.8284     5.8289     25.756     26.329    1436.79    1436.79     7.8463     7.9750    92.6080    94.1290  0.000e+00
      50271     26.500     5.1607     5.1603    0.80427    0.80433          1     3.5145     3.2798      97.01      0.580     0.3916     0.1907  1.000e-12  0.1518000     7.3799     7.3806     0.0007    -0.0004     5.8283     5.8289     26.252     26.835    1436.80    1436.80     7.8449     7.9788    92.5920    94.1720  0.000e+00
      50288     27.000     5.1607     5.1605    0.80427    0.80435          1     3.5144     3.2799      96.99      0.687     0.3927     0.2299  1.000e-12  0.1461000     7.3799     7.3807     0.0008    -0.0002     5.8283     5.8289     26.747     27.341    1436.80    1436.80     7.8441     7.9897    92.5830    94.3010  0.000e+00
      50313     27.500     5.1612     5.1609    0.80430    0.80436          1     3.5138     3.2807      96.45      0.596     0.4019     0.2264  1.000e-12  0.1455000     7.3800     7.3807     0.0007    -0.0003     5.8283     5.8289     27.242     27.847    1436.81    1436.81     7.8450     7.9930    92.5950    94.3420  0.000e+00
      50376     28.000     5.1613     5.1610    0.80431    0.80437          1     3.5138     3.2798      47.92      0.166     0.3871     0.2099  1.000e-12  0.1284000     7.3800     7.3807     0.0007    -0.0003     5.8283     5.8289     27.738     28.354    1436.82    1436.82     7.8460     7.9804    92.6070    94.1930  0.000e+00
      50403     28.500     5.1613     5.1610    0.80431    0.80438          1     3.5137     3.2797      97.82      0.334     0.3971     0.2163  1.000e-12  0.1375000     7.3799     7.3807     0.0007    -0.0003     5.8283     5.8289     28.233     28.860    1436.83    1436.83     7.8473     7.9858    92.6220    94.2560  0.000e+00
