ctdpy/tests/etc/exprapp_feb_2020/SBE09_1387_20200213_0709_77_10_0145.cnv
* Sea-Bird SBE 9 Data File:
* FileName = L:\2020\sv20d0145.hex
* Software Version Seasave V 7.26.7.121
* Temperature SN = 6378
* Conductivity SN = 4824
* Number of Bytes Per Scan = 41
* Number of Voltage Words = 4
* Number of Scans Averaged by the Deck Unit = 1
* NMEA Latitude = 57 06.97 N
* NMEA Longitude = 017 40.03 E
* NMEA UTC (Time) = Feb 13 2020  07:09:48
* NMEA baud rate = 4800
** Station:  BY38
** Operator:  DBSj
** Ship: SVEA
** Average sound velocity: 1439.04 m/s
** True-depth calculation Thu, 13 Feb 2020 08:50:10 +0000
** CTD Python Module SMHI /ver 3-12/ feb 2012 
** LIMS Job: 20207710-0145
** Cruise: SMHI-02-2020
** Latitude [GG MM.mm N] :
** Longitude [GGG MM.mm E]:
# nquan = 30
# nvalues = 210                         
# units = specified
# name 0 = scan: Scan Count
# name 1 = prDM: Pressure, Digiquartz [db]
# name 2 = t090C: Temperature [ITS-90, deg C]
# name 3 = t190C: Temperature, 2 [ITS-90, deg C]
# name 4 = c0S/m: Conductivity [S/m]
# name 5 = c1S/m: Conductivity, 2 [S/m]
# name 6 = pumps: Pump Status
# name 7 = sbeox0V: Oxygen raw, SBE 43 [V]
# name 8 = sbeox1V: Oxygen raw, SBE 43, 2 [V]
# name 9 = altM: Altimeter [m]
# name 10 = dz/dtM: Descent Rate [m/s]
# name 11 = flECO-AFL: Chl-a Fluorescence, WET Labs ECO-AFL/FL [mg/m^3]
# name 12 = flECO-AFL1: Phycocyanin Fluorescence, WET Labs ECO-AFL/FL, 2 [mg/m^3]
# name 13 = par: PAR/Irradiance, Biospherical/Lico [µE/(cm^2*s)]
# name 14 = turbWETntu0: Turbidity, WET Labs ECO [NTU]
# name 15 = sal00: Salinity, Practical [PSU]
# name 16 = sal11: Salinity, Practical, 2 [PSU]
# name 17 = secS-priS: Salinity, Practical, Difference, 2 - 1 [PSU]
# name 18 = T2-T190C: Temperature Difference, 2 - 1 [ITS-90, deg C]
# name 19 = sigma-t00: Density [sigma-t, kg/m^3 ]
# name 20 = sigma-t11: Density, 2 [sigma-t, kg/m^3 ]
# name 21 = depSM: Depth [salt water, m], lat = 57.1162
# name 22 = depFM: Depth [true depth, m], lat = 57.1162
# name 23 = svCM: Sound Velocity [Chen-Millero, m/s]
# name 24 = svCM1: Sound Velocity, 2 [Chen-Millero, m/s]
# name 25 = sbeox0ML/L: Oxygen, SBE 43 [ml/l], WS = 2
# name 26 = sbeox1ML/L: Oxygen, SBE 43, 2 [ml/l], WS = 2
# name 27 = sbeox0PS: Oxygen, SBE 43 [% saturation], WS = 2
# name 28 = sbeox1PS: Oxygen, SBE 43, 2 [% saturation], WS = 2
# name 29 = flag: flag
# span 0 =      50354,      58179       
# span 1 =      2.000,    106.500       
# span 2 =     4.5720,     5.8123       
# span 3 =     4.5720,     5.8119       
# span 4 =   0.772546,   1.144791       
# span 5 =   0.772617,   1.144900       
# span 6 =          1,          1       
# span 7 =     0.7445,     3.4792       
# span 8 =     0.7304,     3.2492       
# span 9 =       1.13,      98.28       
# span 10 =     -0.202,      1.233      
# span 11 =     0.3349,     0.4688      
# span 12 =     0.1287,     0.3256      
# span 13 = 1.0000e-12, 5.1623e+01      
# span 14 =     0.1082,     1.9405      
# span 15 =     7.1972,    10.5735      
# span 16 =     7.1980,    10.5747      
# span 17 =    -0.0475,     0.2631      
# span 18 =    -0.0191,     0.0958      
# span 19 =     5.7054,     8.3163      
# span 20 =     5.7060,     8.3173      
# span 21 =      1.982,    105.494      
# span 22 =      2.026,    107.728      
# span 23 =    1433.58,    1444.93      
# span 24 =    1433.58,    1444.93      
# span 25 =     0.0528,     7.8644      
# span 26 =     0.0892,     8.0152      
# span 27 =      0.647,     91.345      
# span 28 =      1.093,     93.102      
# span 29 = 0.0000e+00, 0.0000e+00      
# interval = decibars: 0.5              
# start_time = Feb 13 2020 07:09:49 [NMEA time, first data scan]
# bad_flag = -9.990e-29
*END*
      50354      2.000     4.5724     4.5720    0.77255    0.77262          1     3.4792     3.2492      96.68     -0.202     0.3924     0.1324  5.162e+01  0.1151000     7.1972     7.1980     0.0008    -0.0004     5.7054     5.7060      1.982      2.026    1433.58    1433.58     7.8616     8.0053    91.2980    92.9670  0.000e+00
      50375      2.500     4.5726     4.5725    0.77257    0.77265          1     3.4789     3.2490      97.36      0.282     0.3827     0.1988  4.560e+01  0.1151000     7.1973     7.1981     0.0008    -0.0001     5.7055     5.7061      2.477      2.532    1433.59    1433.59     7.8603     8.0071    91.2840    92.9900  0.000e+00
      50514      3.000     4.5731     4.5731    0.77264    0.77273          1     3.4789     3.2485      97.39      0.584     0.3709     0.1848  4.053e+01  0.1216000     7.1978     7.1987     0.0009    -0.0000     5.7059     5.7066      2.972      3.038    1433.60    1433.60     7.8611     8.0049    91.2950    92.9650  0.000e+00
      50616      3.500     4.5720     4.5720    0.77262    0.77270          1     3.4787     3.2479      81.12      0.656     0.3796     0.1573  3.657e+01  0.1238000     7.1978     7.1986     0.0008     0.0000     5.7059     5.7065      3.468      3.545    1433.61    1433.61     7.8635     8.0033    91.3200    92.9440  0.000e+00
      50708      4.000     4.5728     4.5728    0.77264    0.77270          1     3.4782     3.2478      98.28      0.261     0.3808     0.1944  3.093e+01  0.1082000     7.1978     7.1984     0.0006    -0.0000     5.7059     5.7064      3.963      4.051    1433.62    1433.62     7.8598     8.0036    91.2800    92.9500  0.000e+00
      50720      4.500     4.5731     4.5727    0.77270    0.77273          1     3.4779     3.2478      74.18      0.558     0.3811     0.1925  2.692e+01  0.1244000     7.1983     7.1986     0.0004    -0.0004     5.7062     5.7065      4.459      4.557    1433.63    1433.62     7.8590     8.0057    91.2710    92.9730  0.000e+00
      50735      5.000     4.5757     4.5757    0.77281    0.77290          1     3.4778     3.2480      74.56      0.741     0.3768     0.1973  2.357e+01  0.1273000     7.1988     7.1996     0.0009    -0.0000     5.7065     5.7072      4.954      5.064    1433.64    1433.65     7.8599     8.0078    91.2880    93.0060  0.000e+00
      50751      5.500     4.5767     4.5764    0.77287    0.77294          1     3.4779     3.2482      96.56      0.799     0.3690     0.1911  2.080e+01  0.1274000     7.1990     7.1998     0.0007    -0.0003     5.7067     5.7073      5.449      5.570    1433.66    1433.66     7.8609     8.0062    91.3020    92.9900  0.000e+00
      50783      6.000     4.5760     4.5755    0.77283    0.77288          1     3.4776     3.2480      97.39      0.520     0.3799     0.1647  1.839e+01  0.1182000     7.1987     7.1993     0.0006    -0.0004     5.7065     5.7070      5.945      6.077    1433.66    1433.66     7.8597     8.0052    91.2860    92.9760  0.000e+00
      50835      6.500     4.5761     4.5755    0.77283    0.77288          1     3.4774     3.2480      97.40      0.189     0.3796     0.1911  1.757e+01  0.1188000     7.1987     7.1993     0.0006    -0.0006     5.7065     5.7070      6.440      6.583    1433.67    1433.67     7.8614     8.0047    91.3060    92.9690  0.000e+00
      50861      7.000     4.5778     4.5779    0.77291    0.77299          1     3.4778     3.2478      55.82      0.384     0.3791     0.1713  1.585e+01  0.1253000     7.1990     7.1998     0.0008     0.0001     5.7067     5.7073      6.936      7.089    1433.69    1433.69     7.8644     8.0028    91.3450    92.9540  0.000e+00
      50884      7.500     4.5757     4.5759    0.77282    0.77290          1     3.4780     3.2474      70.91      0.500     0.3825     0.1854  1.309e+01  0.1256000     7.1985     7.1993     0.0008     0.0003     5.7063     5.7069      7.431      7.596    1433.68    1433.69     7.8620     7.9993    91.3120    92.9080  0.000e+00
      50913      8.000     4.5744     4.5744    0.77277    0.77285          1     3.4774     3.2468      83.02      0.464     0.3859     0.2029  1.215e+01  0.1304000     7.1983     7.1990     0.0007    -0.0000     5.7062     5.7068      7.926      8.102    1433.69    1433.69     7.8597     8.0014    91.2820    92.9280  0.000e+00
      50957      8.500     4.5747     4.5746    0.77279    0.77286          1     3.4766     3.2469      92.60      0.270     0.3783     0.1805  1.149e+01  0.1251000     7.1983     7.1990     0.0007    -0.0001     5.7062     5.7068      8.422      8.608    1433.70    1433.70     7.8582     8.0063    91.2660    92.9860  0.000e+00
      50993      9.000     4.5758     4.5752    0.77284    0.77289          1     3.4763     3.2466      95.77      0.306     0.3721     0.1861  9.923e+00  0.1169000     7.1985     7.1991     0.0007    -0.0006     5.7063     5.7068      8.917      9.115    1433.71    1433.71     7.8601     8.0016    91.2900    92.9320  0.000e+00
      51018      9.500     4.5757     4.5753    0.77284    0.77290          1     3.4765     3.2465      97.41      0.426     0.3730     0.1906  8.820e+00  0.1199000     7.1984     7.1992     0.0008    -0.0003     5.7063     5.7069      9.412      9.621    1433.72    1433.72     7.8619     8.0051    91.3100    92.9740  0.000e+00
      51039     10.000     4.5753     4.5748    0.77282    0.77289          1     3.4764     3.2466      96.09      0.521     0.3792     0.2005  8.020e+00  0.1175000     7.1983     7.1991     0.0008    -0.0005     5.7062     5.7068      9.908     10.128    1433.72    1433.72     7.8618     8.0071    91.3090    92.9960  0.000e+00
      51060     10.500     4.5756     4.5754    0.77285    0.77292          1     3.4765     3.2468      27.81      0.569     0.3751     0.1782  7.170e+00  0.1199000     7.1984     7.1992     0.0008    -0.0001     5.7063     5.7069     10.403     10.634    1433.73    1433.73     7.8630     8.0086    91.3230    93.0140  0.000e+00
      51084     11.000     4.5765     4.5763    0.77289    0.77296          1     3.4765     3.2469      93.06      0.545     0.3746     0.1427  6.499e+00  0.1241000     7.1986     7.1994     0.0007    -0.0002     5.7064     5.7070     10.899     11.140    1433.74    1433.74     7.8608     8.0058    91.3000    92.9840  0.000e+00
      51134     11.500     4.5764     4.5765    0.77289    0.77297          1     3.4753     3.2463      97.36      0.257     0.3801     0.1898  6.009e+00  0.1215000     7.1985     7.1993     0.0008     0.0001     5.7063     5.7069     11.394     11.647    1433.75    1433.75     7.8567     8.0054    91.2520    92.9800  0.000e+00
      51174     12.000     4.5766     4.5762    0.77292    0.77298          1     3.4749     3.2465      97.41      0.259     0.3921     0.2329  5.546e+00  0.1212000     7.1987     7.1994     0.0007    -0.0003     5.7065     5.7071     11.889     12.153    1433.76    1433.76     7.8601     8.0099    91.2920    93.0320  0.000e+00
      51191     12.500     4.5770     4.5764    0.77295    0.77300          1     3.4750     3.2466      97.40      0.489     0.3831     0.1853  4.848e+00  0.1212000     7.1988     7.1995     0.0007    -0.0007     5.7066     5.7071     12.385     12.659    1433.77    1433.77     7.8606     8.0101    91.2990    93.0340  0.000e+00
      51207     13.000     4.5781     4.5777    0.77301    0.77306          1     3.4752     3.2467      97.41      0.660     0.3783     0.1757  4.284e+00  0.1237000     7.1991     7.1998     0.0006    -0.0004     5.7068     5.7073     12.880     13.166    1433.78    1433.78     7.8602     8.0074    91.2970    93.0060  0.000e+00
      51229     13.500     4.5788     4.5787    0.77302    0.77309          1     3.4750     3.2463      97.24      0.670     0.3691     0.1904  3.889e+00  0.1272000     7.1991     7.1998     0.0008    -0.0001     5.7067     5.7073     13.375     13.672    1433.79    1433.79     7.8594     8.0006    91.2890    92.9290  0.000e+00
      51282     14.000     4.5806     4.5791    0.77311    0.77312          1     3.4748     3.2457      97.20      0.211     0.3782     0.1729  3.684e+00  0.1227000     7.1995     7.2000     0.0005    -0.0015     5.7069     5.7074     13.871     14.179    1433.81    1433.80     7.8605     8.0090    91.3070    93.0290  0.000e+00
      51313     14.500     4.5804     4.5797    0.77311    0.77316          1     3.4750     3.2464      96.45      0.321     0.3800     0.1743  3.342e+00  0.1256000     7.1994     7.2001     0.0007    -0.0007     5.7069     5.7075     14.366     14.685    1433.82    1433.82     7.8624     8.0152    91.3280    93.1020  0.000e+00
      51335     15.000     4.5755     4.5746    0.77290    0.77293          1     3.4751     3.2466      95.38      0.519     0.3852     0.1947  3.032e+00  0.1276000     7.1984     7.1989     0.0006    -0.0009     5.7062     5.7067     14.862     15.191    1433.80    1433.80     7.8598     8.0112    91.2860    93.0430  0.000e+00
      51375     15.500     4.5741     4.5747    0.77284    0.77294          1     3.4739     3.2459      86.00      0.348     0.3886     0.2159  2.756e+00  0.1193000     7.1980     7.1989     0.0009     0.0005     5.7060     5.7067     15.357     15.698    1433.80    1433.81     7.8566     8.0029    91.2450    92.9460  0.000e+00
      51415     16.000     4.5747     4.5747    0.77287    0.77294          1     3.4736     3.2451      96.78      0.240     0.3883     0.2175  2.588e+00  0.1193000     7.1981     7.1989     0.0008    -0.0001     5.7061     5.7067     15.852     16.204    1433.81    1433.81     7.8610     8.0021    91.2980    92.9370  0.000e+00
      51432     16.500     4.5732     4.5731    0.77282    0.77289          1     3.4737     3.2445      95.24      0.470     0.3908     0.2172  2.385e+00  0.1253000     7.1979     7.1987     0.0008    -0.0002     5.7059     5.7065     16.348     16.711    1433.81    1433.82     7.8605     8.0016    91.2890    92.9270  0.000e+00
      51447     17.000     4.5735     4.5732    0.77283    0.77291          1     3.4735     3.2444      94.67      0.671     0.3916     0.2218  2.132e+00  0.1339000     7.1979     7.1987     0.0008    -0.0003     5.7059     5.7066     16.843     17.217    1433.82    1433.82     7.8590     8.0028    91.2710    92.9410  0.000e+00
      51465     17.500     4.5735     4.5734    0.77284    0.77292          1     3.4733     3.2443      96.41      0.754     0.3897     0.2058  1.906e+00  0.1289000     7.1979     7.1987     0.0008    -0.0001     5.7060     5.7066     17.338     17.723    1433.83    1433.83     7.8603     8.0059    91.2870    92.9780  0.000e+00
      51513     18.000     4.5745     4.5744    0.77289    0.77296          1     3.4734     3.2440      95.70      0.305     0.3866     0.1847  1.790e+00  0.1234000     7.1981     7.1989     0.0007    -0.0002     5.7061     5.7067     17.834     18.230    1433.85    1433.85     7.8595     8.0032    91.2790    92.9490  0.000e+00
      51551     18.500     4.5745     4.5743    0.77290    0.77297          1     3.4729     3.2435      92.01      0.266     0.3809     0.1642  1.675e+00  0.1284000     7.1981     7.1989     0.0008    -0.0001     5.7061     5.7067     18.329     18.736    1433.85    1433.85     7.8598     8.0052    91.2830    92.9720  0.000e+00
      51571     19.000     4.5732     4.5729    0.77285    0.77292          1     3.4730     3.2438      91.76      0.519     0.3812     0.2085  1.521e+00  0.1334000     7.1979     7.1987     0.0007    -0.0003     5.7059     5.7065     18.824     19.242    1433.85    1433.86     7.8608     8.0104    91.2920    93.0290  0.000e+00
      51601     19.500     4.5733     4.5737    0.77286    0.77296          1     3.4726     3.2440      93.65      0.475     0.3753     0.2106  1.407e+00  0.1224000     7.1979     7.1988     0.0008     0.0004     5.7060     5.7066     19.320     19.749    1433.86    1433.87     7.8588     8.0087    91.2680    93.0110  0.000e+00
      51647     20.000     4.5734     4.5732    0.77287    0.77294          1     3.4719     3.2442      95.31      0.192     0.3667     0.1757  1.311e+00  0.1214000     7.1979     7.1986     0.0007    -0.0001     5.7059     5.7065     19.815     20.255    1433.87    1433.87     7.8578     8.0060    91.2580    92.9790  0.000e+00
      51665     20.500     4.5730     4.5731    0.77287    0.77294          1     3.4719     3.2436      90.02      0.422     0.3889     0.1723  1.242e+00  0.1216000     7.1979     7.1986     0.0007     0.0001     5.7059     5.7065     20.311     20.762    1433.88    1433.88     7.8601     8.0025    91.2830    92.9380  0.000e+00
      51681     21.000     4.5736     4.5730    0.77289    0.77296          1     3.4720     3.2435      89.73      0.631     0.3809     0.1700  1.162e+00  0.1212000     7.1980     7.1987     0.0007    -0.0006     5.7060     5.7066     20.806     21.268    1433.89    1433.88     7.8586     8.0063    91.2680    92.9820  0.000e+00
      51705     21.500     4.5738     4.5734    0.77292    0.77298          1     3.4715     3.2436      90.58      0.632     0.3721     0.1856  1.025e+00  0.1239000     7.1981     7.1988     0.0007    -0.0003     5.7061     5.7066     21.301     21.774    1433.90    1433.90     7.8574     8.0114    91.2540    93.0420  0.000e+00
      51764     22.000     4.5735     4.5737    0.77290    0.77299          1     3.4713     3.2432      96.40      0.157     0.3806     0.2003  1.001e+00  0.1192000     7.1980     7.1987     0.0008     0.0002     5.7060     5.7066     21.797     22.281    1433.90    1433.90     7.8592     8.0017    91.2740    92.9300  0.000e+00
      51790     22.500     4.5753     4.5744    0.77299    0.77303          1     3.4708     3.2428      87.74      0.366     0.3811     0.2394  9.472e-01  0.1215000     7.1984     7.1990     0.0006    -0.0009     5.7062     5.7067     22.292     22.787    1433.92    1433.92     7.8557     8.0031    91.2370    92.9480  0.000e+00
      51811     23.000     4.5764     4.5758    0.77304    0.77310          1     3.4706     3.2424      87.60      0.520     0.3708     0.2320  8.245e-01  0.1173000     7.1986     7.1993     0.0007    -0.0006     5.7064     5.7070     22.787     23.293    1433.93    1433.93     7.8561     7.9991    91.2450    92.9050  0.000e+00
      51837     23.500     4.5763     4.5757    0.77304    0.77310          1     3.4706     3.2416      87.10      0.519     0.3829     0.2234  7.358e-01  0.1239000     7.1986     7.1992     0.0007    -0.0006     5.7064     5.7069     23.283     23.800    1433.94    1433.94     7.8593     7.9943    91.2820    92.8490  0.000e+00
      51869     24.000     4.5769     4.5760    0.77308    0.77312          1     3.4706     3.2405      92.51      0.389     0.3881     0.2072  7.232e-01  0.1261000     7.1987     7.1993     0.0006    -0.0009     5.7064     5.7069     23.778     24.306    1433.95    1433.95     7.8575     7.9954    91.2620    92.8630  0.000e+00
      51901     24.500     4.5797     4.5775    0.77321    0.77319          1     3.4705     3.2406      54.30      0.368     0.3763     0.1895  7.279e-01  0.1211000     7.1993     7.1997     0.0004    -0.0022     5.7069     5.7072     24.273     24.813    1433.97    1433.96     7.8591     8.0015    91.2880    92.9370  0.000e+00
      51925     25.000     4.5767     4.5770    0.77308    0.77317          1     3.4705     3.2403      85.84      0.442     0.3746     0.1797  6.604e-01  0.1226000     7.1986     7.1995     0.0008     0.0002     5.7064     5.7070     24.769     25.319    1433.96    1433.97     7.8586     7.9991    91.2750    92.9080  0.000e+00
      51951     25.500     4.5743     4.5740    0.77298    0.77305          1     3.4702     3.2404      89.80      0.491     0.3865     0.2034  5.619e-01  0.1248000     7.1981     7.1988     0.0008    -0.0003     5.7060     5.7067     25.264     25.825    1433.96    1433.96     7.8582     8.0044    91.2640    92.9620  0.000e+00
