ctdpy/tests/etc/exprapp_feb_2020/SBE09_1387_20200206_1541_77_10_0115.cnv
* Sea-Bird SBE 9 Data File:
* FileName = L:\2020\sv20d0115.hex
* Software Version Seasave V 7.26.7.121
* Temperature SN = 6378
* Conductivity SN = 4824
* Number of Bytes Per Scan = 41
* Number of Voltage Words = 4
* Number of Scans Averaged by the Deck Unit = 1
* NMEA Latitude = 58 19.11 N
* NMEA Longitude = 010 56.81 E
* NMEA UTC (Time) = Feb 06 2020  15:41:12
* NMEA baud rate = 4800
** Station:  Å14
** Operator:  SSip
** Ship: SVEA
** Average sound velocity: 1479.22 m/s
** True-depth calculation Thu, 06 Feb 2020 18:25:16 +0000
** CTD Python Module SMHI /ver 3-12/ feb 2012 
** LIMS Job: 20207710-0115
** Cruise: SMHI-03-2020
** Latitude [GG MM.mm N] :
** Longitude [GGG MM.mm E]:
# nquan = 30
# nvalues = 217                         
# units = specified
# name 0 = scan: Scan Count
# name 1 = prDM: Pressure, Digiquartz [db]
# name 2 = t090C: Temperature [ITS-90, deg C]
# name 3 = t190C: Temperature, 2 [ITS-90, deg C]
# name 4 = c0S/m: Conductivity [S/m]
# name 5 = c1S/m: Conductivity, 2 [S/m]
# name 6 = pumps: Pump Status
# name 7 = sbeox0V: Oxygen raw, SBE 43 [V]
# name 8 = sbeox1V: Oxygen raw, SBE 43, 2 [V]
# name 9 = altM: Altimeter [m]
# name 10 = dz/dtM: Descent Rate [m/s]
# name 11 = flECO-AFL: Chl-a Fluorescence, WET Labs ECO-AFL/FL [mg/m^3]
# name 12 = flECO-AFL1: Phycocyanin Fluorescence, WET Labs ECO-AFL/FL, 2 [mg/m^3]
# name 13 = par: PAR/Irradiance, Biospherical/Lico [µE/(cm^2*s)]
# name 14 = turbWETntu0: Turbidity, WET Labs ECO [NTU]
# name 15 = sal00: Salinity, Practical [PSU]
# name 16 = sal11: Salinity, Practical, 2 [PSU]
# name 17 = secS-priS: Salinity, Practical, Difference, 2 - 1 [PSU]
# name 18 = T2-T190C: Temperature Difference, 2 - 1 [ITS-90, deg C]
# name 19 = sigma-t00: Density [sigma-t, kg/m^3 ]
# name 20 = sigma-t11: Density, 2 [sigma-t, kg/m^3 ]
# name 21 = depSM: Depth [salt water, m], lat = 58.3185
# name 22 = depFM: Depth [true depth, m], lat = 58.3185
# name 23 = svCM: Sound Velocity [Chen-Millero, m/s]
# name 24 = svCM1: Sound Velocity, 2 [Chen-Millero, m/s]
# name 25 = sbeox0ML/L: Oxygen, SBE 43 [ml/l], WS = 2
# name 26 = sbeox1ML/L: Oxygen, SBE 43, 2 [ml/l], WS = 2
# name 27 = sbeox0PS: Oxygen, SBE 43 [% saturation], WS = 2
# name 28 = sbeox1PS: Oxygen, SBE 43, 2 [% saturation], WS = 2
# name 29 = flag: flag
# span 0 =      17454,      23843       
# span 1 =      2.000,    110.000       
# span 2 =     6.3540,     7.4837       
# span 3 =     6.3545,     7.4832       
# span 4 =   3.293089,   3.533574       
# span 5 =   3.293143,   3.533406       
# span 6 =          1,          1       
# span 7 =     3.4931,     3.5908       
# span 8 =     3.2505,     3.3413       
# span 9 =       0.70,     102.60       
# span 10 =     -0.085,      0.632      
# span 11 =     0.3330,     0.8042      
# span 12 =     0.1733,     0.3260      
# span 13 = -4.317e-06, 5.6877e+00      
# span 14 =     0.4163,     5.8217      
# span 15 =    33.0338,    34.5913      
# span 16 =    33.0337,    34.5899      
# span 17 =    -0.0085,     0.0216      
# span 18 =    -0.0063,     0.0111      
# span 19 =    25.9547,    27.0396      
# span 20 =    25.9546,    27.0385      
# span 21 =      1.981,    108.949      
# span 22 =      1.986,    109.116      
# span 23 =    1473.72,    1481.52      
# span 24 =    1473.71,    1481.51      
# span 25 =     6.1945,     6.5644      
# span 26 =     6.2721,     6.6601      
# span 27 =     92.351,     94.605      
# span 28 =     93.512,     95.944      
# span 29 = 0.0000e+00, 0.0000e+00      
# interval = decibars: 0.5              
# start_time = Feb 06 2020 15:41:12 [NMEA time, first data scan]
# bad_flag = -9.990e-29
*END*
[from data line 49]
      18957     26.500     6.6921     6.6921    3.38741    3.38727          1     3.5642     3.3165      83.95      0.598     0.6105     0.2558  1.000e-12  0.7708000    33.7375    33.7360    -0.0015    -0.0001    26.4657    26.4645     26.252     26.301    1476.31    1476.31     6.4365     6.5327    93.8840    95.2870  0.000e+00
      18978     27.000     6.6912     6.6911    3.38755    3.38742          1     3.5637     3.3175      83.43      0.610     0.6112     0.2848  1.000e-12  0.7612000    33.7397    33.7383    -0.0013    -0.0001    26.4676    26.4665     26.747     26.797    1476.32    1476.32     6.4351     6.5350    93.8630    95.3190  0.000e+00
      19004     27.500     6.6905     6.6904    3.38769    3.38755          1     3.5633     3.3180      82.80      0.514     0.6038     0.3062  1.000e-12  0.7805000    33.7418    33.7403    -0.0015    -0.0001    26.4693    26.4682     27.243     27.293    1476.33    1476.33     6.4344     6.5368    93.8520    95.3460  0.000e+00
      19040     28.000     6.6893     6.6891    3.38781    3.38769          1     3.5632     3.3182      82.27      0.357     0.5845     0.2725  1.000e-12  0.6795000    33.7439    33.7428    -0.0011    -0.0002    26.4712    26.4703     27.738     27.789    1476.33    1476.33     6.4404     6.5283    93.9390    95.2200  0.000e+00
      19074     28.500     6.6873     6.6870    3.38803    3.38792          1     3.5645     3.3174      81.78      0.333     0.5853     0.2630  1.000e-12  0.6871000    33.7481    33.7472    -0.0009    -0.0003    26.4747    26.4740     28.233     28.285    1476.34    1476.34     6.4441     6.5329    93.9920    95.2850  0.000e+00
      19099     29.000     6.6851     6.6852    3.38811    3.38799          1     3.5650     3.3185      81.44      0.423     0.5833     0.2604  1.000e-12  0.7272000    33.7509    33.7494    -0.0015     0.0001    26.4772    26.4760     28.729     28.781    1476.34    1476.34     6.4431     6.5370    93.9740    95.3420  0.000e+00
      19120     29.500     6.6816     6.6814    3.38806    3.38793          1     3.5648     3.3178      80.92      0.521     0.5946     0.2579  1.000e-12  0.7801000    33.7536    33.7523    -0.0013    -0.0001    26.4798    26.4788     29.224     29.277    1476.34    1476.34     6.4352     6.5226    93.8520    95.1260  0.000e+00
      19140     30.000     6.6822     6.6820    3.38837    3.38822          1     3.5624     3.3164      80.44      0.582     0.5983     0.2939  1.000e-12  0.8278000    33.7561    33.7547    -0.0014    -0.0003    26.4817    26.4807     29.719     29.774    1476.36    1476.35     6.4202     6.5098    93.6370    94.9420  0.000e+00
      19163     30.500     6.6929     6.6973    3.39099    3.39162          1     3.5584     3.3136      79.93      0.563     0.5716     0.2906  1.000e-12  0.8390000    33.7743    33.7770     0.0026     0.0044    26.4947    26.4961     30.214     30.270    1476.43    1476.45     6.4085     6.4999    93.5000    94.8450  0.000e+00
      19195     31.000     6.7280     6.7290    3.39871    3.39886          1     3.5548     3.3111      79.29      0.423     0.5248     0.2377  1.000e-12  0.7493000    33.8248    33.8254     0.0005     0.0011    26.5298    26.5301     30.710     30.766    1476.64    1476.64     6.3995     6.4927    93.4750    94.8390  0.000e+00
      19229     31.500     6.7560     6.7603    3.40422    3.40477          1     3.5515     3.3082      78.61      0.337     0.5136     0.2336  1.000e-12  0.7202000    33.8577    33.8595     0.0018     0.0043    26.5520    26.5528     31.205     31.262    1476.80    1476.82     6.3857     6.4702    93.3540    94.6010  0.000e+00
      19258     32.000     6.8064     6.8080    3.41273    3.41303          1     3.5485     3.3044      78.16      0.394     0.5014     0.2375  1.000e-12  0.7381000    33.9016    33.9033     0.0017     0.0016    26.5798    26.5809     31.700     31.758    1477.05    1477.06     6.3689     6.4475    93.2430    94.4000  0.000e+00
      19281     32.500     6.8599     6.8640    3.42173    3.42249          1     3.5461     3.3012      77.84      0.471     0.5032     0.2377  1.000e-12  0.7153000    33.9477    33.9520     0.0043     0.0041    26.6089    26.6117     32.195     32.254    1477.33    1477.35     6.3595     6.4378    93.2490    94.4090  0.000e+00
      19303     33.000     6.9048     6.9049    3.42939    3.42959          1     3.5460     3.3003      77.45      0.529     0.5070     0.2213  1.000e-12  0.7585000    33.9874    33.9895     0.0021     0.0001    26.6341    26.6357     32.691     32.750    1477.56    1477.57     6.3588     6.4381    93.3590    94.5250  0.000e+00
      19325     33.500     6.9212     6.9207    3.43212    3.43214          1     3.5466     3.2993      76.92      0.559     0.4869     0.2291  1.000e-12  0.7690000    34.0009    34.0017     0.0008    -0.0006    26.6425    26.6432     33.186     33.246    1477.65    1477.65     6.3563     6.4360    93.3660    94.5370  0.000e+00
      19349     34.000     6.9209     6.9218    3.43217    3.43218          1     3.5465     3.2992      76.33      0.525     0.4844     0.2518  1.000e-12  0.7312000    34.0015    34.0007    -0.0008     0.0009    26.6430    26.6423     33.681     33.742    1477.66    1477.66     6.3543     6.4404    93.3370    94.6030  0.000e+00
      19379     34.500     6.9694     6.9632    3.43972    3.43838          1     3.5448     3.2988      75.79      0.436     0.4671     0.2654  1.000e-12  0.6930000    34.0363    34.0278    -0.0085    -0.0063    26.6638    26.6579     34.177     34.238    1477.90    1477.86     6.3340     6.4265    93.1640    94.5060  0.000e+00
      19415     35.000     7.0382     7.0338    3.45057    3.44964          1     3.5421     3.2973      75.28      0.330     0.4407     0.2292  1.000e-12  0.6973000    34.0871    34.0813    -0.0057    -0.0045    26.6944    26.6905     34.672     34.734    1478.24    1478.21     6.3176     6.4044    93.1010    94.3670  0.000e+00
      19445     35.500     7.0794     7.0829    3.45763    3.45811          1     3.5405     3.2951      74.84      0.366     0.4357     0.1802  1.000e-12  0.6659000    34.1235    34.1253     0.0018     0.0035    26.7174    26.7183     35.167     35.230    1478.45    1478.47     6.3068     6.3867    93.0520    94.2390  0.000e+00
      19466     36.000     7.1068     7.1081    3.46236    3.46250          1     3.5393     3.2942      74.43      0.487     0.4318     0.2355  1.000e-12  0.6829000    34.1481    34.1482     0.0001     0.0014    26.7329    26.7328     35.662     35.726    1478.60    1478.60     6.3012     6.3890    93.0420    94.3410  0.000e+00
      19485     36.500     7.1345     7.1354    3.46696    3.46716          1     3.5390     3.2938      73.97      0.586     0.4310     0.2225  1.000e-12  0.7643000    34.1707    34.1721     0.0014     0.0009    26.7469    26.7478     36.158     36.222    1478.74    1478.74     6.2978     6.3843    93.0650    94.3460  0.000e+00
      19507     37.000     7.1454     7.1464    3.46885    3.46890          1     3.5388     3.2935      73.51      0.598     0.4503     0.2383  1.000e-12  0.8803000    34.1804    34.1799    -0.0005     0.0011    26.7530    26.7525     36.653     36.718    1478.80    1478.80     6.2974     6.3817    93.0870    94.3360  0.000e+00
      19534     37.500     7.1527     7.1537    3.47012    3.47000          1     3.5386     3.2928      72.85      0.487     0.4353     0.2720  1.000e-12  0.7314000    34.1868    34.1844    -0.0023     0.0010    26.7570    26.7550     37.148     37.214    1478.85    1478.85     6.2931     6.3762    93.0440    94.2730  0.000e+00
      19563     38.000     7.1781     7.1838    3.47434    3.47503          1     3.5372     3.2919      72.36      0.412     0.4191     0.2487  1.000e-12  0.6833000    34.2075    34.2094     0.0019     0.0057    26.7698    26.7705     37.643     37.710    1478.98    1479.00     6.2847     6.3726    92.9870    94.3010  0.000e+00
      19592     38.500     7.2068     7.2123    3.47916    3.48000          1     3.5369     3.2919      71.86      0.415     0.4060     0.2380  1.000e-12  0.6865000    34.2315    34.2353     0.0037     0.0055    26.7847    26.7869     38.139     38.206    1479.13    1479.15     6.2834     6.3680    93.0420    94.3100  0.000e+00
      19618     39.000     7.2295     7.2343    3.48294    3.48377          1     3.5370     3.2912      71.38      0.443     0.4068     0.2222  1.000e-12  0.7250000    34.2502    34.2545     0.0043     0.0048    26.7962    26.7989     38.634     38.702    1479.25    1479.27     6.2780     6.3518    93.0210    94.1280  0.000e+00
      19641     39.500     7.2677     7.2719    3.48970    3.49046          1     3.5365     3.2891      70.94      0.491     0.4068     0.2315  1.000e-12  0.7034000    34.2858    34.2900     0.0042     0.0042    26.8188    26.8216     39.129     39.198    1479.45    1479.47     6.2658     6.3370    92.9440    94.0110  0.000e+00
      19665     40.000     7.3028     7.3073    3.49618    3.49708          1     3.5351     3.2876      70.46      0.508     0.4007     0.2551  1.000e-12  0.6982000    34.3215    34.3268     0.0053     0.0045    26.8420    26.8455     39.624     39.694    1479.63    1479.66     6.2554     6.3338    92.8860    94.0620  0.000e+00
      19691     40.500     7.3257     7.3287    3.50092    3.50129          1     3.5342     3.2875      69.88      0.483     0.3850     0.2744  1.000e-12  0.7210000    34.3503    34.3513     0.0010     0.0031    26.8614    26.8618     40.120     40.190    1479.77    1479.78     6.2554     6.3418    92.9530    94.2430  0.000e+00
      19716     41.000     7.3374     7.3380    3.50323    3.50332          1     3.5350     3.2882      69.41      0.472     0.3809     0.2602  1.000e-12  0.6980000    34.3635    34.3639     0.0004     0.0006    26.8702    26.8704     40.615     40.686    1479.84    1479.84     6.2551     6.3408    92.9800    94.2560  0.000e+00
      19739     41.500     7.3429     7.3435    3.50419    3.50426          1     3.5343     3.2885      68.97      0.503     0.3803     0.2184  1.000e-12  0.6869000    34.3684    34.3685     0.0001     0.0006    26.8732    26.8733     41.110     41.182    1479.87    1479.87     6.2476     6.3385    92.8840    94.2360  0.000e+00
      19767     42.000     7.3518     7.3549    3.50620    3.50648          1     3.5329     3.2883      68.44      0.468     0.3802     0.2223  1.000e-12  0.6929000    34.3811    34.3811    -0.0000     0.0031    26.8820    26.8816     41.605     41.678    1479.93    1479.94     6.2432     6.3333    92.8450    94.1910  0.000e+00
      19800     42.500     7.3881     7.3896    3.51299    3.51316          1     3.5324     3.2882      67.84      0.368     0.3707     0.2335  1.000e-12  0.6579000    34.4188    34.4192     0.0004     0.0015    26.9065    26.9066     42.101     42.174    1480.12    1480.13     6.2402     6.3291    92.8990    94.2260  0.000e+00
      19827     43.000     7.4003     7.4009    3.51528    3.51526          1     3.5325     3.2884      67.43      0.396     0.3684     0.2518  1.000e-12  0.6606000    34.4314    34.4306    -0.0008     0.0006    26.9147    26.9140     42.596     42.670    1480.19    1480.20     6.2370     6.3263    92.8860    94.2160  0.000e+00
      19848     43.500     7.4101     7.4108    3.51720    3.51717          1     3.5320     3.2882      66.99      0.501     0.3552     0.2165  1.000e-12  0.7087000    34.4423    34.4413    -0.0010     0.0006    26.9218    26.9210     43.091     43.166    1480.26    1480.25     6.2341     6.3197    92.8700    94.1460  0.000e+00
      19866     44.000     7.4227     7.4219    3.51945    3.51928          1     3.5320     3.2874      66.59      0.602     0.3641     0.2025  1.000e-12  0.7283000    34.4540    34.4529    -0.0011    -0.0008    26.9293    26.9285     43.587     43.662    1480.32    1480.32     6.2329     6.3146    92.8860    94.1000  0.000e+00
      19887     44.500     7.4343     7.4344    3.52143    3.52139          1     3.5318     3.2870      66.03      0.632     0.3611     0.2658  1.000e-12  0.7338000    34.4637    34.4633    -0.0005     0.0000    26.9353    26.9349     44.082     44.158    1480.39    1480.39     6.2291     6.3110    92.8600    94.0800  0.000e+00
      19915     45.000     7.4352     7.4340    3.52174    3.52149          1     3.5314     3.2860      65.51      0.505     0.3635     0.2335  1.000e-12  0.7083000    34.4660    34.4644    -0.0016    -0.0012    26.9369    26.9358     44.577     44.653    1480.40    1480.40     6.2293     6.3130    92.8650    94.1100  0.000e+00
      19953     45.500     7.4454     7.4474    3.52350    3.52372          1     3.5306     3.2857      64.89      0.307     0.3602     0.2427  1.000e-12  0.6654000    34.4747    34.4751     0.0004     0.0020    26.9423    26.9423     45.072     45.149    1480.46    1480.47     6.2232     6.3115    92.8010    94.1220  0.000e+00
      19980     46.000     7.4546     7.4548    3.52499    3.52491          1     3.5296     3.2856      64.50      0.376     0.3470     0.2567  1.000e-12  0.6771000    34.4816    34.4806    -0.0010     0.0002    26.9464    26.9456     45.567     45.645    1480.51    1480.51     6.2198     6.3102    92.7740    94.1220  0.000e+00
      19999     46.500     7.4603     7.4598    3.52596    3.52576          1     3.5289     3.2853      64.07      0.517     0.3697     0.2831  1.000e-12  0.7134000    34.4862    34.4845    -0.0016    -0.0006    26.9492    26.9480     46.063     46.141    1480.55    1480.55     6.2215     6.3099    92.8140    94.1310  0.000e+00
      20018     47.000     7.4639     7.4632    3.52660    3.52637          1     3.5295     3.2855      63.57      0.623     0.3689     0.2814  1.000e-12  0.7943000    34.4893    34.4875    -0.0018    -0.0006    26.9512    26.9498     46.558     46.637    1480.58    1480.57     6.2276     6.3092    92.9160    94.1300  0.000e+00
      20039     47.500     7.4659     7.4654    3.52695    3.52675          1     3.5308     3.2849      63.03      0.618     0.3625     0.2236  1.000e-12  0.8035000    34.4909    34.4892    -0.0018    -0.0004    26.9522    26.9508     47.053     47.133    1480.59    1480.59     6.2274     6.3052    92.9160    94.0760  0.000e+00
      20074     48.000     7.4662     7.4661    3.52712    3.52700          1     3.5297     3.2845      62.41      0.387     0.3539     0.2819  1.000e-12  0.7469000    34.4923    34.4910    -0.0013    -0.0001    26.9532    26.9522     47.548     47.629    1480.60    1480.60     6.2170     6.3071    92.7640    94.1070  0.000e+00
      20108     48.500     7.4791     7.4800    3.52966    3.52967          1     3.5278     3.2843      61.88      0.322     0.3352     0.2232  1.000e-12  0.7003000    34.5067    34.5060    -0.0008     0.0009    26.9627    26.9619     48.044     48.125    1480.68    1480.68     6.2099     6.3023    92.6930    94.0740  0.000e+00
      20130     49.000     7.4837     7.4832    3.53159    3.53143          1     3.5264     3.2836      61.62      0.458     0.3465     0.2394  1.000e-12  0.7390000    34.5230    34.5216    -0.0013    -0.0004    26.9748    26.9738     48.539     48.621    1480.72    1480.72     6.2082     6.3037    92.6880    94.1110  0.000e+00
      20150     49.500     7.4735     7.4715    3.53129    3.53094          1     3.5260     3.2844      61.10      0.569     0.3580     0.2562  1.000e-12  0.7946000    34.5294    34.5277    -0.0018    -0.0020    26.9814    26.9802     49.034     49.117    1480.70    1480.69     6.2131     6.3069    92.7430    94.1370  0.000e+00
