ctdpy/tests/etc/exprapp_feb_2020/SBE09_1387_20200210_1551_77_10_0137.cnv
* Sea-Bird SBE 9 Data File:
* FileName = L:\2020\sv20d0137.hex
* Software Version Seasave V 7.26.7.121
* Temperature SN = 6378
* Conductivity SN = 4824
* Number of Bytes Per Scan = 41
* Number of Voltage Words = 4
* Number of Scans Averaged by the Deck Unit = 1
* NMEA Latitude = 57 32.85 N
* NMEA Longitude = 020 09.82 E
* NMEA UTC (Time) = Feb 10 2020  15:51:57
* NMEA baud rate = 4800
** Station:  BY19
** Operator:  DBSj
** Ship: SVEA
** Average sound velocity: 1444.68 m/s
** True-depth calculation Mon, 10 Feb 2020 17:38:12 +0000
** CTD Python Module SMHI /ver 3-12/ feb 2012 
** LIMS Job: 20207710-0137
** Cruise: SMHI-03-2020
** Latitude [GG MM.mm N] :
** Longitude [GGG MM.mm E]:
# nquan = 30
# nvalues = 302                         
# units = specified
# name 0 = scan: Scan Count
# name 1 = prDM: Pressure, Digiquartz [db]
# name 2 = t090C: Temperature [ITS-90, deg C]
# name 3 = t190C: Temperature, 2 [ITS-90, deg C]
# name 4 = c0S/m: Conductivity [S/m]
# name 5 = c1S/m: Conductivity, 2 [S/m]
# name 6 = pumps: Pump Status
# name 7 = sbeox0V: Oxygen raw, SBE 43 [V]
# name 8 = sbeox1V: Oxygen raw, SBE 43, 2 [V]
# name 9 = altM: Altimeter [m]
# name 10 = dz/dtM: Descent Rate [m/s]
# name 11 = flECO-AFL: Chl-a Fluorescence, WET Labs ECO-AFL/FL [mg/m^3]
# name 12 = flECO-AFL1: Phycocyanin Fluorescence, WET Labs ECO-AFL/FL, 2 [mg/m^3]
# name 13 = par: PAR/Irradiance, Biospherical/Lico [µE/(cm^2*s)]
# name 14 = turbWETntu0: Turbidity, WET Labs ECO [NTU]
# name 15 = sal00: Salinity, Practical [PSU]
# name 16 = sal11: Salinity, Practical, 2 [PSU]
# name 17 = secS-priS: Salinity, Practical, Difference, 2 - 1 [PSU]
# name 18 = T2-T190C: Temperature Difference, 2 - 1 [ITS-90, deg C]
# name 19 = sigma-t00: Density [sigma-t, kg/m^3 ]
# name 20 = sigma-t11: Density, 2 [sigma-t, kg/m^3 ]
# name 21 = depSM: Depth [salt water, m], lat = 57.5475
# name 22 = depFM: Depth [true depth, m], lat = 57.5475
# name 23 = svCM: Sound Velocity [Chen-Millero, m/s]
# name 24 = svCM1: Sound Velocity, 2 [Chen-Millero, m/s]
# name 25 = sbeox0ML/L: Oxygen, SBE 43 [ml/l], WS = 2
# name 26 = sbeox1ML/L: Oxygen, SBE 43, 2 [ml/l], WS = 2
# name 27 = sbeox0PS: Oxygen, SBE 43 [% saturation], WS = 2
# name 28 = sbeox1PS: Oxygen, SBE 43, 2 [% saturation], WS = 2
# name 29 = flag: flag
# span 0 =      25095,      34311       
# span 1 =      3.500,    154.000       
# span 2 =     4.9966,     7.8558       
# span 3 =     4.9963,     7.8508       
# span 4 =   0.799574,   1.402469       
# span 5 =   0.799640,   1.402619       
# span 6 =          1,          1       
# span 7 =     0.7453,     3.5274       
# span 8 =     0.7308,     3.2913       
# span 9 =       1.14,     113.09       
# span 10 =     -0.457,      1.682      
# span 11 =     0.3427,     0.4296      
# span 12 =     0.1296,     0.3013      
# span 13 = -3.370e-04, 6.9097e-01      
# span 14 =     0.1098,     0.7186      
# span 15 =     7.3728,    12.6094      
# span 16 =     7.3735,    12.6112      
# span 17 =    -0.2618,     0.0784      
# span 18 =    -0.0720,     0.1619      
# span 19 =     5.8292,     9.8090      
# span 20 =     5.8298,     9.8105      
# span 21 =      3.468,    152.522      
# span 22 =      3.544,    155.675      
# span 23 =    1435.71,    1455.39      
# span 24 =    1435.71,    1455.36      
# span 25 =     0.0518,     7.9023      
# span 26 =     0.0753,     8.0428      
# span 27 =      0.668,     92.880      
# span 28 =      0.972,     94.535      
# span 29 = 0.0000e+00, 0.0000e+00      
# interval = decibars: 0.5              
# start_time = Feb 10 2020 15:51:57 [NMEA time, first data scan]
# bad_flag = -9.990e-29
*END*
[from data line 146]
      29256     76.500     5.7423     5.7431    1.09536    1.09556          1     0.8653     0.8867      97.13      0.657     0.3965     0.2207  1.000e-12  0.1641000    10.1070    10.1087     0.0017     0.0008     7.9528     7.9541     75.780     77.450    1443.57    1443.57     0.1848     0.1739     2.2540     2.1210  0.000e+00
      29269     77.000     5.7845     5.7862    1.10217    1.10258          1     0.8490     0.8682      97.13      0.827     0.3983     0.2173  1.000e-12  0.1820000    10.1620    10.1656     0.0036     0.0017     7.9937     7.9965     76.275     77.956    1443.82    1443.84     0.1603     0.1622     1.9580     1.9810  0.000e+00
      29282     77.500     5.8280     5.8277    1.10964    1.10980          1     0.8342     0.8513      97.11      0.913     0.4067     0.2228  1.000e-12  0.2184000    10.2233    10.2248     0.0016    -0.0003     8.0394     8.0407     76.770     78.461    1444.10    1444.10     0.1485     0.1669     1.8170     2.0420  0.000e+00
      29299     78.000     5.8471     5.8461    1.11352    1.11355          1     0.8199     0.8353      80.62      0.866     0.4068     0.2329  1.000e-12  0.2307000    10.2560    10.2565     0.0006    -0.0010     8.0640     8.0645     77.266     78.966    1444.23    1444.22     0.1618     0.2115     1.9800     2.5880  0.000e+00
      29326     78.500     5.8533     5.8518    1.11557    1.11534          1     0.8156     0.8255      83.93      0.594     0.4008     0.1634  1.000e-12  0.2526000    10.2744    10.2725    -0.0019    -0.0014     8.0782     8.0767     77.761     79.471    1444.28    1444.28     0.2926     0.3427     3.5820     4.1960  0.000e+00
      29416     79.000     5.7883     5.7823    1.09652    1.09455          1     0.8501     0.8511      80.98      0.131     0.3953     0.2199  1.000e-12  0.3003000    10.1044    10.0866    -0.0177    -0.0059     7.9480     7.9344     78.256     79.976    1443.80    1443.75     0.2310     0.3291     2.8210     4.0180  0.000e+00
      29445     79.500     5.7724     5.7504    1.09200    1.08158          1     0.8305     0.8349      80.49      0.320     0.4010     0.1897  1.000e-12  0.3231000    10.0640     9.9670    -0.0970    -0.0220     7.9172     7.8420     78.751     80.482    1443.69    1443.47     0.1336     0.1645     1.6300     2.0040  0.000e+00
      29461     80.000     5.8312     5.8353    1.10939    1.11031          1     0.8150     0.8199      80.12      0.557     0.4068     0.1743  1.000e-12  0.3347000    10.2192    10.2271     0.0079     0.0041     8.0360     8.0420     79.246     80.987    1444.15    1444.17     0.1112     0.1322     1.3610     1.6170  0.000e+00
      29475     80.500     5.9033     5.9031    1.12617    1.12641          1     0.8036     0.8078      79.70      0.731     0.4074     0.2028  1.000e-12  0.3127000    10.3641    10.3665     0.0024    -0.0002     8.1458     8.1477     79.742     81.492    1444.64    1444.65     0.1053     0.1280     1.2920     1.5690  0.000e+00
      29490     81.000     5.9637     5.9618    1.13228    1.13231          1     0.7943     0.7981      86.11      0.820     0.4045     0.2051  1.000e-12  0.2976000    10.4062    10.4071     0.0009    -0.0019     8.1753     8.1761     80.237     81.997    1444.96    1444.96     0.1034     0.1323     1.2710     1.6260  0.000e+00
      29504     81.500     5.9766     5.9762    1.13461    1.13475          1     0.7872     0.7896      97.22      0.840     0.3953     0.2167  1.000e-12  0.2299000    10.4253    10.4268     0.0015    -0.0004     8.1895     8.1907     80.732     82.502    1445.05    1445.05     0.1056     0.1404     1.2980     1.7260  0.000e+00
      29521     82.000     5.9903     5.9896    1.13687    1.13695          1     0.7815     0.7829      96.60      0.809     0.3864     0.2270  1.000e-12  0.2129000    10.4434    10.4444     0.0010    -0.0007     8.2029     8.2038     81.227     83.007    1445.14    1445.14     0.1111     0.1595     1.3660     1.9610  0.000e+00
      29543     82.500     6.0044     6.0031    1.13873    1.13878          1     0.7779     0.7777      80.71      0.666     0.3823     0.2335  1.000e-12  0.2018000    10.4574    10.4583     0.0009    -0.0013     8.2130     8.2139     81.722     83.513    1445.22    1445.22     0.1381     0.1999     1.6990     2.4600  0.000e+00
      29651     83.000     5.9612     5.9220    1.13038    1.12334          1     0.7820     0.7855      76.45      0.226     0.3818     0.1956  1.000e-12  0.2005000    10.3877    10.3298    -0.0579    -0.0392     8.1608     8.1176     82.217     84.018    1444.96    1444.72     0.1232     0.1751     1.5140     2.1490  0.000e+00
      29684     83.500     5.9289     5.8918    1.12462    1.11700          1     0.7789     0.7826      76.49      0.479     0.3824     0.1703  1.000e-12  0.2008000    10.3403    10.2760    -0.0643    -0.0371     8.1255     8.0771     82.713     84.523    1444.77    1444.53     0.0975     0.1293     1.1960     1.5840  0.000e+00
      29694     84.000     6.0338     6.0123    1.14518    1.14161          1     0.7754     0.7783      76.18      0.743     0.3901     0.1700  1.000e-12  0.3268000    10.5120    10.4832    -0.0288    -0.0216     8.2542     8.2329     83.208     85.028    1445.44    1445.32     0.0932     0.1276     1.1480     1.5710  0.000e+00
      29702     84.500     6.1464     6.1454    1.15991    1.15999          1     0.7739     0.7752      75.86      0.981     0.3981     0.1747  1.000e-12  0.4165000    10.6228    10.6239     0.0010    -0.0010     8.3343     8.3351     83.703     85.533    1446.07    1446.06     0.0962     0.1300     1.1890     1.6070  0.000e+00
      29709     85.000     6.2090     6.2097    1.16567    1.16582          1     0.7715     0.7725      75.85      1.187     0.3954     0.2186  1.000e-12  0.4143000    10.6601    10.6614     0.0012     0.0007     8.3595     8.3604     84.198     86.038    1446.39    1446.39     0.0978     0.1365     1.2110     1.6900  0.000e+00
      29717     85.500     6.2206     6.2210    1.16858    1.16881          1     0.7705     0.7706      75.49      1.353     0.3935     0.2199  1.000e-12  0.3782000    10.6851    10.6872     0.0020     0.0005     8.3784     8.3800     84.693     86.543    1446.48    1446.48     0.1042     0.1436     1.2910     1.7790  0.000e+00
      29724     86.000     6.2412     6.2416    1.17136    1.17153          1     0.7698     0.7684      74.99      1.481     0.3975     0.2198  1.000e-12  0.3166000    10.7060    10.7076     0.0016     0.0004     8.3934     8.3947     85.188     87.048    1446.60    1446.60     0.1115     0.1494     1.3820     1.8520  0.000e+00
      29732     86.500     6.2152     6.2147    1.17201    1.17213          1     0.7695     0.7672      74.62      1.561     0.3970     0.2101  1.000e-12  0.3166000    10.7205    10.7219     0.0013    -0.0005     8.4066     8.4077     85.684     87.553    1446.51    1446.51     0.1209     0.1600     1.4980     1.9820  0.000e+00
      29745     87.000     6.1969     6.1962    1.17287    1.17295          1     0.7707     0.7659      74.20      1.484     0.3957     0.2067  1.000e-12  0.5644000    10.7347    10.7357     0.0010    -0.0007     8.4190     8.4198     86.179     88.058    1446.46    1446.46     0.1301     0.1716     1.6110     2.1250  0.000e+00
      29860     87.500     6.0970     6.1253    1.15181    1.15755          1     0.7668     0.7608      76.39      0.741     0.3967     0.2152  1.000e-12  0.6586000    10.5574    10.6054     0.0480     0.0283     8.2859     8.3219     86.674     88.563    1445.82    1446.01     0.0946     0.1415     1.1670     1.7480  0.000e+00
      29893     88.000     6.1337     6.1176    1.15917    1.15590          1     0.7647     0.7576      79.00      0.838     0.4017     0.2052  1.000e-12  0.6128000    10.6188    10.5915    -0.0273    -0.0161     8.3319     8.3114     87.169     89.068    1446.07    1445.96     0.0863     0.1304     1.0660     1.6100  0.000e+00
      29903     88.500     6.2176     6.2108    1.17536    1.17389          1     0.7628     0.7562      97.77      0.967     0.4070     0.2049  1.000e-12  0.5995000    10.7526    10.7401    -0.0124    -0.0067     8.4317     8.4223     87.664     89.573    1446.60    1446.55     0.0863     0.1318     1.0690     1.6330  0.000e+00
      29914     89.000     6.2660     6.2645    1.18172    1.18177          1     0.7621     0.7550      97.10      1.042     0.4038     0.1869  1.000e-12  0.6187000    10.8000    10.8009     0.0009    -0.0014     8.4658     8.4666     88.160     90.078    1446.87    1446.87     0.0905     0.1383     1.1230     1.7170  0.000e+00
      29926     89.500     6.2967     6.2961    1.18622    1.18629          1     0.7615     0.7537      76.35      1.075     0.3971     0.1742  1.000e-12  0.6547000    10.8345    10.8354     0.0009    -0.0005     8.4908     8.4916     88.655     90.583    1447.05    1447.05     0.0968     0.1490     1.2030     1.8510  0.000e+00
      29940     90.000     6.3142     6.3134    1.18906    1.18914          1     0.7619     0.7542      70.00      1.040     0.3955     0.2022  1.000e-12  0.6434000    10.8569    10.8580     0.0010    -0.0008     8.5073     8.5081     89.150     91.088    1447.16    1447.16     0.1050     0.1663     1.3050     2.0670  0.000e+00
      30008     90.500     6.2817     6.2730    1.18269    1.18185          1     0.7616     0.7531      69.26      0.728     0.3896     0.2252  1.000e-12  0.6172000    10.8042    10.7986    -0.0056    -0.0087     8.4680     8.4641     89.645     91.593    1446.96    1446.92     0.0981     0.1512     1.2180     1.8780  0.000e+00
      30076     91.000     6.2607     6.2302    1.18015    1.17509          1     0.7588     0.7500      69.11      0.795     0.3827     0.1784  1.000e-12  0.6050000    10.7857    10.7454    -0.0403    -0.0305     8.4549     8.4252     90.140     92.098    1446.86    1446.68     0.0775     0.1228     0.9620     1.5220  0.000e+00
      30087     91.500     6.3143     6.3066    1.18809    1.18764          1     0.7574     0.7493      69.80      1.014     0.3851     0.1720  1.000e-12  0.6100000    10.8471    10.8450    -0.0021    -0.0077     8.4995     8.4984     90.635     92.603    1447.17    1447.14     0.0761     0.1229     0.9460     1.5270  0.000e+00
      30096     92.000     6.3973     6.3997    1.19862    1.19899          1     0.7574     0.7487      96.64      1.195     0.3976     0.1938  1.000e-12  0.6201000    10.9243    10.9272     0.0029     0.0024     8.5546     8.5567     91.131     93.108    1447.63    1447.64     0.0792     0.1249     0.9870     1.5570  0.000e+00
      30104     92.500     6.4288     6.4281    1.20325    1.20327          1     0.7571     0.7480      84.75      1.325     0.3973     0.2370  1.000e-12  0.6207000    10.9597    10.9601     0.0005    -0.0007     8.5802     8.5806     91.626     93.613    1447.81    1447.81     0.0812     0.1261     1.0130     1.5730  0.000e+00
      30113     93.000     6.4919     6.4912    1.21043    1.21049          1     0.7569     0.7474      66.96      1.390     0.3986     0.2378  1.000e-12  0.5754000    11.0100    11.0109     0.0009    -0.0007     8.6153     8.6160     92.121     94.118    1448.15    1448.15     0.0831     0.1308     1.0380     1.6350  0.000e+00
      30124     93.500     6.5326     6.5320    1.21450    1.21457          1     0.7566     0.7474      66.31      1.352     0.4064     0.2838  1.000e-12  0.5064000    11.0368    11.0377     0.0009    -0.0006     8.6334     8.6342     92.616     94.623    1448.36    1448.36     0.0838     0.1378     1.0490     1.7240  0.000e+00
      30147     94.000     6.5512     6.5411    1.21614    1.21509          1     0.7571     0.7478      65.71      1.059     0.3915     0.2920  1.000e-12  0.3887000    11.0468    11.0398    -0.0070    -0.0101     8.6400     8.6352     93.111     95.128    1448.46    1448.41     0.0904     0.1449     1.1310     1.8140  0.000e+00
      30298     94.500     6.4307     6.4467    1.20122    1.20252          1     0.7633     0.7492      64.98      0.553     0.3823     0.2059  1.000e-12  0.3096000    10.9388    10.9465     0.0076     0.0160     8.5636     8.5685     93.606     95.633    1447.83    1447.90     0.1752     0.2267     2.1860     2.8290  0.000e+00
      30305     95.000     6.4866     6.4758    1.20949    1.20804          1     0.7692     0.7529      64.77      0.800     0.3837     0.2154  1.000e-12  0.3105000    11.0021    10.9913    -0.0108    -0.0108     8.6094     8.6017     94.101     96.138    1448.15    1448.09     0.1991     0.2584     2.4880     3.2270  0.000e+00
      30313     95.500     6.5730     6.5645    1.21959    1.21872          1     0.7742     0.7570      64.67      1.016     0.3884     0.2404  1.000e-12  0.3734000    11.0733    11.0676    -0.0057    -0.0086     8.6593     8.6553     94.597     96.643    1448.61    1448.56     0.2079     0.2756     2.6040     3.4520  0.000e+00
      30321     96.000     6.6667     6.6717    1.23016    1.23080          1     0.7786     0.7609      64.44      1.208     0.3937     0.2405  1.000e-12  0.4308000    11.1466    11.1512     0.0046     0.0050     8.7100     8.7133     95.092     97.148    1449.10    1449.13     0.2060     0.2804     2.5880     3.5230  0.000e+00
      30328     96.500     6.7231     6.7241    1.23658    1.23677          1     0.7818     0.7644      63.91      1.366     0.3989     0.2382  1.000e-12  0.4334000    11.1911    11.1926     0.0015     0.0009     8.7407     8.7418     95.587     97.652    1449.40    1449.40     0.1952     0.2754     2.4560     3.4650  0.000e+00
      30335     97.000     6.7914     6.7927    1.24295    1.24316          1     0.7833     0.7667      63.36      1.488     0.3934     0.2117  1.000e-12  0.4045000    11.2310    11.2325     0.0016     0.0014     8.7669     8.7681     96.082     98.157    1449.74    1449.75     0.1798     0.2577     2.2670     3.2500  0.000e+00
      30342     97.500     6.8291     6.8292    1.24863    1.24885          1     0.7838     0.7684      63.12      1.578     0.3957     0.2070  1.000e-12  0.1393000    11.2741    11.2762     0.0021     0.0001     8.7979     8.7995     96.577     98.662    1449.96    1449.96     0.1634     0.2367     2.0620     2.9880  0.000e+00
      30350     98.000     6.8416     6.8416    1.25179    1.25199          1     0.7835     0.7691      62.50      1.642     0.3959     0.2071  1.000e-12  0.1357000    11.3007    11.3027     0.0020     0.0000     8.8179     8.8194     97.072     99.167    1450.05    1450.06     0.1466     0.2115     1.8520     2.6710  0.000e+00
      30362     98.500     6.8351     6.8358    1.25345    1.25347          1     0.7818     0.7681      61.62      1.574     0.3839     0.2280  1.000e-12  0.1344000    11.3189    11.3189    -0.0000     0.0007     8.8327     8.8326     97.568     99.672    1450.06    1450.06     0.1271     0.1789     1.6050     2.2590  0.000e+00
      30513     99.000     6.7838     6.7725    1.24819    1.25031          1     0.7759     0.7608      60.32      0.611     0.3696     0.1967  1.000e-12  0.1280000    11.2843    11.3088     0.0245    -0.0113     8.8094     8.8295     98.063    100.177    1449.81    1449.79     0.1119     0.1518     1.4110     1.9130  0.000e+00
      30528     99.500     6.7359     6.7593    1.24136    1.24873          1     0.7737     0.7590      60.05      0.780     0.3702     0.1735  1.000e-12  0.1279000    11.2331    11.2975     0.0645     0.0233     8.7728     8.8216     98.558    100.681    1449.55    1449.73     0.1175     0.1557     1.4800     1.9620  0.000e+00
