ctdpy/tests/etc/exprapp_feb_2020/SBE09_1387_20200211_1836_77_10_0142.cnv
* Sea-Bird SBE 9 Data File:
* FileName = L:\2020\sv20d0142.hex
* Software Version Seasave V 7.26.7.121
* Temperature SN = 6378
* Conductivity SN = 4824
* Number of Bytes Per Scan = 41
* Number of Voltage Words = 4
* Number of Scans Averaged by the Deck Unit = 1
* NMEA Latitude = 58 52.95 N
* NMEA Longitude = 020 19.74 E
* NMEA UTC (Time) = Feb 11 2020  18:36:45
* NMEA baud rate = 4800
** Station:  BY29
** Operator:  SSip
** Ship: SVEA
** Average sound velocity: 1442.75 m/s
** True-depth calculation Tue, 11 Feb 2020 19:49:48 +0000
** CTD Python Module SMHI /ver 3-12/ feb 2012 
** LIMS Job: 20207710-0142
** Cruise: SMHI-02-2020
** Latitude [GG MM.mm N] :
** Longitude [GGG MM.mm E]:
# nquan = 30
# nvalues = 328                         
# units = specified
# name 0 = scan: Scan Count
# name 1 = prDM: Pressure, Digiquartz [db]
# name 2 = t090C: Temperature [ITS-90, deg C]
# name 3 = t190C: Temperature, 2 [ITS-90, deg C]
# name 4 = c0S/m: Conductivity [S/m]
# name 5 = c1S/m: Conductivity, 2 [S/m]
# name 6 = pumps: Pump Status
# name 7 = sbeox0V: Oxygen raw, SBE 43 [V]
# name 8 = sbeox1V: Oxygen raw, SBE 43, 2 [V]
# name 9 = altM: Altimeter [m]
# name 10 = dz/dtM: Descent Rate [m/s]
# name 11 = flECO-AFL: Chl-a Fluorescence, WET Labs ECO-AFL/FL [mg/m^3]
# name 12 = flECO-AFL1: Phycocyanin Fluorescence, WET Labs ECO-AFL/FL, 2 [mg/m^3]
# name 13 = par: PAR/Irradiance, Biospherical/Lico [µE/(cm^2*s)]
# name 14 = turbWETntu0: Turbidity, WET Labs ECO [NTU]
# name 15 = sal00: Salinity, Practical [PSU]
# name 16 = sal11: Salinity, Practical, 2 [PSU]
# name 17 = secS-priS: Salinity, Practical, Difference, 2 - 1 [PSU]
# name 18 = T2-T190C: Temperature Difference, 2 - 1 [ITS-90, deg C]
# name 19 = sigma-t00: Density [sigma-t, kg/m^3 ]
# name 20 = sigma-t11: Density, 2 [sigma-t, kg/m^3 ]
# name 21 = depSM: Depth [salt water, m], lat = 58.8825
# name 22 = depFM: Depth [true depth, m], lat = 58.8825
# name 23 = svCM: Sound Velocity [Chen-Millero, m/s]
# name 24 = svCM1: Sound Velocity, 2 [Chen-Millero, m/s]
# name 25 = sbeox0ML/L: Oxygen, SBE 43 [ml/l], WS = 2
# name 26 = sbeox1ML/L: Oxygen, SBE 43, 2 [ml/l], WS = 2
# name 27 = sbeox0PS: Oxygen, SBE 43 [% saturation], WS = 2
# name 28 = sbeox1PS: Oxygen, SBE 43, 2 [% saturation], WS = 2
# name 29 = flag: flag
# span 0 =      21059,      31482       
# span 1 =      1.500,    165.000       
# span 2 =     5.0887,     6.6467       
# span 3 =     5.0886,     6.6463       
# span 4 =   0.785098,   1.268044       
# span 5 =   0.785150,   1.268095       
# span 6 =          1,          1       
# span 7 =     0.7425,     3.5311       
# span 8 =     0.7276,     3.2956       
# span 9 =       2.23,      98.56       
# span 10 =     -0.349,      1.009      
# span 11 =     0.3268,     0.4612      
# span 12 =     0.1385,     0.3006      
# span 13 = 1.0000e-12, 1.6983e+00      
# span 14 =     0.1507,     3.2702      
# span 15 =     7.2080,    11.5122      
# span 16 =     7.2087,    11.5129      
# span 17 =    -0.2568,     0.0153      
# span 18 =    -0.0891,     0.0051      
# span 19 =     5.6952,     8.9986      
# span 20 =     5.6958,     8.9993      
# span 21 =      1.486,    163.394      
# span 22 =      1.519,    166.861      
# span 23 =    1435.88,    1450.58      
# span 24 =    1435.88,    1450.58      
# span 25 =     0.0461,     7.8944      
# span 26 =     0.0082,     8.0396      
# span 27 =      0.581,     92.942      
# span 28 =      0.101,     94.628      
# span 29 = 0.0000e+00, 0.0000e+00      
# interval = decibars: 0.5              
# start_time = Feb 11 2020 18:36:45 [NMEA time, first data scan]
# bad_flag = -9.990e-29
*END*
[from data line 49]
      22551     26.000     5.0922     5.0921    0.78545    0.78552          1     3.5213     3.2857      96.81      0.634     0.3825     0.2140  1.000e-12  0.1916000     7.2094     7.2101     0.0007    -0.0001     5.6962     5.6968     25.756     26.332    1436.27    1436.27     7.8931     8.0328    92.8940    94.5380  0.000e+00
      22570     26.500     5.0926     5.0928    0.78546    0.78555          1     3.5213     3.2862      96.83      0.668     0.3817     0.2039  1.000e-12  0.1944000     7.2094     7.2103     0.0009     0.0002     5.6962     5.6968     26.251     26.838    1436.28    1436.28     7.8886     8.0356    92.8430    94.5730  0.000e+00
      22610     27.000     5.0927     5.0925    0.78546    0.78553          1     3.5202     3.2865      96.84      0.402     0.3843     0.2367  1.000e-12  0.1820000     7.2093     7.2100     0.0007    -0.0001     5.6961     5.6966     26.746     27.345    1436.29    1436.29     7.8840     8.0273    92.7880    94.4750  0.000e+00
      22664     27.500     5.0921     5.0911    0.78544    0.78547          1     3.5196     3.2847      96.87      0.178     0.3801     0.2240  1.000e-12  0.1544000     7.2091     7.2097     0.0005    -0.0009     5.6960     5.6965     27.241     27.851    1436.29    1436.29     7.8885     8.0148    92.8390    94.3240  0.000e+00
      22682     28.000     5.0918     5.0920    0.78545    0.78555          1     3.5201     3.2846      96.94      0.435     0.3809     0.2218  1.000e-12  0.1765000     7.2092     7.2102     0.0009     0.0002     5.6961     5.6968     27.737     28.358    1436.30    1436.30     7.8924     8.0185    92.8850    94.3700  0.000e+00
      22697     28.500     5.0934     5.0934    0.78554    0.78563          1     3.5204     3.2836      97.01      0.632     0.3883     0.2557  1.000e-12  0.1802000     7.2098     7.2106     0.0009     0.0000     5.6964     5.6971     28.232     28.864    1436.31    1436.32     7.8932     8.0186    92.8990    94.3750  0.000e+00
      22711     29.000     5.0934     5.0923    0.78555    0.78558          1     3.5205     3.2842      97.02      0.771     0.3929     0.2569  1.000e-12  0.1832000     7.2098     7.2103     0.0005    -0.0011     5.6964     5.6969     28.727     29.370    1436.32    1436.32     7.8920     8.0283    92.8850    94.4870  0.000e+00
      22727     29.500     5.0907     5.0899    0.78541    0.78543          1     3.5206     3.2845      97.03      0.815     0.3916     0.2655  1.000e-12  0.1882000     7.2089     7.2093     0.0005    -0.0008     5.6958     5.6962     29.222     29.877    1436.32    1436.32     7.8914     8.0330    92.8700    94.5350  0.000e+00
      22752     30.000     5.0899     5.0895    0.78536    0.78541          1     3.5205     3.2849      97.02      0.634     0.3825     0.2521  1.000e-12  0.1874000     7.2085     7.2091     0.0006    -0.0004     5.6956     5.6961     29.718     30.383    1436.32    1436.32     7.8912     8.0314    92.8660    94.5150  0.000e+00
      22814     30.500     5.0920     5.0912    0.78548    0.78552          1     3.5195     3.2846      97.02      0.170     0.3815     0.2390  1.000e-12  0.1892000     7.2092     7.2097     0.0006    -0.0008     5.6960     5.6965     30.213     30.889    1436.34    1436.34     7.8861     8.0246    92.8120    94.4390  0.000e+00
      22844     31.000     5.0951     5.0946    0.78567    0.78573          1     3.5192     3.2839      88.95      0.325     0.3806     0.2035  1.000e-12  0.1823000     7.2103     7.2110     0.0007    -0.0005     5.6968     5.6974     30.708     31.396    1436.37    1436.36     7.8859     8.0181    92.8170    94.3720  0.000e+00
      22861     31.500     5.0988     5.0987    0.78587    0.78596          1     3.5188     3.2835      37.13      0.525     0.3824     0.1911  1.000e-12  0.1990000     7.2114     7.2124     0.0009    -0.0001     5.6975     5.6983     31.203     31.902    1436.39    1436.39     7.8841     8.0250    92.8060    94.4640  0.000e+00
      22877     32.000     5.0920     5.0927    0.78550    0.78562          1     3.5186     3.2841      95.80      0.675     0.3804     0.2289  1.000e-12  0.1946000     7.2092     7.2103     0.0010     0.0006     5.6961     5.6968     31.699     32.409    1436.36    1436.37     7.8880     8.0338    92.8330    94.5520  0.000e+00
      22894     32.500     5.0905     5.0903    0.78541    0.78549          1     3.5188     3.2844      97.19      0.746     0.3744     0.2447  1.000e-12  0.1802000     7.2086     7.2094     0.0008    -0.0002     5.6956     5.6963     32.194     32.915    1436.37    1436.37     7.8901     8.0341    92.8540    94.5490  0.000e+00
      22914     33.000     5.0920     5.0904    0.78551    0.78550          1     3.5186     3.2846      97.17      0.687     0.3780     0.2603  1.000e-12  0.1775000     7.2092     7.2094     0.0003    -0.0016     5.6960     5.6963     32.689     33.421    1436.38    1436.37     7.8889     8.0322    92.8440    94.5270  0.000e+00
      22949     33.500     5.0929     5.0912    0.78557    0.78555          1     3.5183     3.2846      97.10      0.415     0.3918     0.2175  1.000e-12  0.1848000     7.2095     7.2097     0.0002    -0.0017     5.6962     5.6964     33.184     33.928    1436.39    1436.38     7.8877     8.0279    92.8320    94.4790  0.000e+00
      22996     34.000     5.0948     5.0999    0.78569    0.78606          1     3.5180     3.2836      97.03      0.226     0.3991     0.2190  1.000e-12  0.1886000     7.2102     7.2128     0.0026     0.0051     5.6967     5.6986     33.680     34.434    1436.41    1436.43     7.8852     8.0250    92.8080    94.4670  0.000e+00
      23022     34.500     5.1004     5.0992    0.78599    0.78600          1     3.5172     3.2842      96.84      0.367     0.3850     0.2543  1.000e-12  0.1697000     7.2119     7.2123     0.0004    -0.0012     5.6978     5.6982     34.175     34.941    1436.44    1436.44     7.8836     8.0347    92.8030    94.5790  0.000e+00
      23040     35.000     5.0967     5.0978    0.78578    0.78591          1     3.5174     3.2845      97.20      0.530     0.3831     0.2320  1.000e-12  0.1824000     7.2106     7.2116     0.0010     0.0011     5.6970     5.6977     34.670     35.447    1436.43    1436.44     7.8877     8.0344    92.8430    94.5720  0.000e+00
      23056     35.500     5.0981     5.0976    0.78584    0.78590          1     3.5174     3.2847      97.20      0.663     0.3933     0.1902  1.000e-12  0.2067000     7.2108     7.2115     0.0007    -0.0004     5.6971     5.6976     35.165     35.953    1436.45    1436.45     7.8864     8.0325    92.8300    94.5490  0.000e+00
      23072     36.000     5.0973     5.0968    0.78580    0.78585          1     3.5172     3.2846      97.19      0.739     0.3832     0.1812  1.000e-12  0.1963000     7.2105     7.2111     0.0006    -0.0005     5.6968     5.6973     35.661     36.460    1436.45    1436.45     7.8856     8.0313    92.8190    94.5330  0.000e+00
      23093     36.500     5.0978     5.0974    0.78584    0.78590          1     3.5171     3.2846      97.19      0.689     0.3871     0.2157  1.000e-12  0.1876000     7.2107     7.2113     0.0007    -0.0004     5.6970     5.6975     36.156     36.966    1436.46    1436.46     7.8852     8.0303    92.8150    94.5230  0.000e+00
      23128     37.000     5.0972     5.0969    0.78580    0.78585          1     3.5163     3.2839      75.72      0.406     0.3897     0.2218  1.000e-12  0.1832000     7.2103     7.2110     0.0006    -0.0003     5.6967     5.6973     36.651     37.472    1436.47    1436.47     7.8821     8.0257    92.7770    94.4670  0.000e+00
      23168     37.500     5.0974     5.0968    0.78581    0.78585          1     3.5157     3.2833      98.12      0.278     0.3810     0.2395  1.000e-12  0.1830000     7.2104     7.2109     0.0006    -0.0006     5.6968     5.6972     37.146     37.979    1436.48    1436.47     7.8870     8.0267    92.8350    94.4790  0.000e+00
      23196     38.000     5.0982     5.0979    0.78587    0.78595          1     3.5165     3.2831      97.19      0.380     0.3895     0.2025  1.000e-12  0.1983000     7.2107     7.2116     0.0008    -0.0003     5.6970     5.6977     37.642     38.485    1436.49    1436.49     7.8890     8.0231    92.8610    94.4390  0.000e+00
      23217     38.500     5.0980     5.0977    0.78586    0.78594          1     3.5165     3.2822      88.56      0.495     0.3857     0.2131  1.000e-12  0.1897000     7.2107     7.2115     0.0008    -0.0003     5.6969     5.6976     38.137     38.992    1436.50    1436.49     7.8881     8.0191    92.8490    94.3910  0.000e+00
      23239     39.000     5.0983     5.0979    0.78589    0.78595          1     3.5166     3.2818      49.04      0.569     0.3819     0.2427  1.000e-12  0.1822000     7.2108     7.2115     0.0007    -0.0004     5.6971     5.6976     38.632     39.498    1436.51    1436.50     7.8887     8.0242    92.8570    94.4520  0.000e+00
      23268     39.500     5.0991     5.0990    0.78595    0.78602          1     3.5164     3.2820      95.54      0.478     0.3869     0.2013  1.000e-12  0.1785000     7.2111     7.2119     0.0008    -0.0001     5.6973     5.6979     39.127     40.004    1436.52    1436.52     7.8859     8.0271    92.8270    94.4900  0.000e+00
      23303     40.000     5.0992     5.0990    0.78596    0.78603          1     3.5156     3.2818      97.02      0.319     0.4028     0.2059  1.000e-12  0.2032000     7.2112     7.2118     0.0007    -0.0002     5.6973     5.6979     39.623     40.511    1436.52    1436.53     7.8816     8.0221    92.7760    94.4310  0.000e+00
      23326     40.500     5.1000     5.0993    0.78601    0.78606          1     3.5147     3.2810      97.19      0.416     0.3909     0.2169  1.000e-12  0.1883000     7.2115     7.2121     0.0006    -0.0007     5.6975     5.6980     40.118     41.017    1436.54    1436.53     7.8818     8.0189    92.7810    94.3940  0.000e+00
      23342     41.000     5.0982     5.0976    0.78588    0.78593          1     3.5149     3.2809      97.18      0.578     0.3833     0.1994  1.000e-12  0.1925000     7.2105     7.2111     0.0006    -0.0006     5.6968     5.6973     40.613     41.524    1436.53    1436.53     7.8856     8.0237    92.8210    94.4460  0.000e+00
      23358     41.500     5.0968     5.0967    0.78578    0.78587          1     3.5147     3.2808      97.19      0.708     0.3812     0.1885  1.000e-12  0.1945000     7.2097     7.2106     0.0009    -0.0002     5.6962     5.6970     41.108     42.030    1436.54    1436.54     7.8837     8.0225    92.7950    94.4290  0.000e+00
      23380     42.000     5.0966     5.0965    0.78578    0.78586          1     3.5144     3.2803      91.11      0.677     0.3837     0.1959  1.000e-12  0.2004000     7.2097     7.2105     0.0008    -0.0000     5.6962     5.6969     41.604     42.536    1436.54    1436.54     7.8846     8.0207    92.8050    94.4070  0.000e+00
      23433     42.500     5.0965     5.0971    0.78579    0.78590          1     3.5139     3.2804      83.75      0.178     0.4017     0.2649  1.000e-12  0.1882000     7.2097     7.2108     0.0010     0.0006     5.6963     5.6971     42.099     43.043    1436.55    1436.55     7.8835     8.0266    92.7920    94.4780  0.000e+00
      23458     43.000     5.0967     5.0966    0.78579    0.78587          1     3.5139     3.2803      59.05      0.345     0.3925     0.2352  1.000e-12  0.1680000     7.2096     7.2105     0.0009    -0.0001     5.6962     5.6969     42.594     43.549    1436.56    1436.56     7.8863     8.0256    92.8250    94.4640  0.000e+00
      23475     43.500     5.0978     5.0976    0.78586    0.78594          1     3.5140     3.2802      97.20      0.555     0.3917     0.2206  1.000e-12  0.1884000     7.2101     7.2109     0.0008    -0.0001     5.6965     5.6971     43.089     44.055    1436.57    1436.57     7.8863     8.0211    92.8270    94.4150  0.000e+00
      23491     44.000     5.0973     5.0975    0.78585    0.78594          1     3.5140     3.2797      97.18      0.688     0.3923     0.2166  1.000e-12  0.1884000     7.2099     7.2109     0.0009     0.0002     5.6964     5.6971     43.584     44.562    1436.58    1436.58     7.8865     8.0217    92.8280    94.4210  0.000e+00
      23510     44.500     5.0976     5.0977    0.78587    0.78597          1     3.5140     3.2799      97.19      0.711     0.3875     0.2038  1.000e-12  0.1863000     7.2101     7.2110     0.0009     0.0001     5.6965     5.6972     44.080     45.068    1436.59    1436.59     7.8868     8.0302    92.8320    94.5220  0.000e+00
      23537     45.000     5.0973     5.0973    0.78586    0.78594          1     3.5138     3.2801      97.19      0.539     0.3811     0.2409  1.000e-12  0.1827000     7.2100     7.2107     0.0008     0.0000     5.6964     5.6970     44.575     45.575    1436.59    1436.60     7.8858     8.0254    92.8200    94.4640  0.000e+00
      23591     45.500     5.0963     5.0969    0.78580    0.78592          1     3.5132     3.2793      72.33      0.200     0.3773     0.2232  1.000e-12  0.1600000     7.2095     7.2106     0.0010     0.0006     5.6961     5.6969     45.070     46.081    1436.60    1436.60     7.8838     8.0197    92.7940    94.3960  0.000e+00
      23621     46.000     5.0963     5.0966    0.78582    0.78592          1     3.5131     3.2789      67.93      0.322     0.3814     0.1777  1.000e-12  0.1684000     7.2097     7.2105     0.0009     0.0003     5.6962     5.6969     45.565     46.587    1436.61    1436.61     7.8882     8.0262    92.8460    94.4720  0.000e+00
      23640     46.500     5.0984     5.0980    0.78596    0.78601          1     3.5136     3.2789      69.15      0.512     0.3805     0.2611  1.000e-12  0.1866000     7.2105     7.2111     0.0006    -0.0004     5.6968     5.6973     46.061     47.094    1436.62    1436.62     7.8877     8.0263    92.8460    94.4760  0.000e+00
      23659     47.000     5.0991     5.0988    0.78601    0.78607          1     3.5131     3.2791      96.74      0.626     0.3855     0.2297  1.000e-12  0.1941000     7.2108     7.2115     0.0006    -0.0002     5.6970     5.6975     46.556     47.600    1436.63    1436.64     7.8863     8.0321    92.8310    94.5470  0.000e+00
      23680     47.500     5.0976     5.0981    0.78591    0.78603          1     3.5133     3.2797      97.19      0.615     0.3929     0.2038  1.000e-12  0.1926000     7.2101     7.2111     0.0011     0.0005     5.6965     5.6973     47.051     48.107    1436.63    1436.64     7.8875     8.0294    92.8410    94.5130  0.000e+00
      23710     48.000     5.1010     5.0988    0.78615    0.78608          1     3.5130     3.2790      97.20      0.450     0.3991     0.1897  1.000e-12  0.1853000     7.2117     7.2114    -0.0003    -0.0021     5.6976     5.6975     47.546     48.613    1436.66    1436.65     7.8843     8.0146    92.8120    94.3410  0.000e+00
      23739     48.500     5.0986     5.0986    0.78599    0.78606          1     3.5125     3.2774      97.19      0.378     0.3912     0.2274  1.000e-12  0.1825000     7.2105     7.2113     0.0008    -0.0001     5.6968     5.6974     48.041     49.119    1436.66    1436.66     7.8852     8.0135    92.8170    94.3270  0.000e+00
      23759     49.000     5.1009     5.0981    0.78615    0.78604          1     3.5126     3.2773      87.28      0.501     0.3808     0.2218  1.000e-12  0.1769000     7.2115     7.2111    -0.0005    -0.0027     5.6975     5.6973     48.537     49.626    1436.68    1436.66     7.8849     8.0222    92.8190    94.4290  0.000e+00
