ctdpy/tests/etc/exprapp_feb_2020/SBE09_1387_20200208_2058_77_10_0129.cnv
* Sea-Bird SBE 9 Data File:
* FileName = L:\2020\sv20d0129.hex
* Software Version Seasave V 7.26.7.121
* Temperature SN = 6378
* Conductivity SN = 4824
* Number of Bytes Per Scan = 41
* Number of Voltage Words = 4
* Number of Scans Averaged by the Deck Unit = 1
* NMEA Latitude = 55 15.02 N
* NMEA Longitude = 015 59.09 E
* NMEA UTC (Time) = Feb 08 2020  20:58:01
* NMEA baud rate = 4800
** Station:  BY5
** Operator:  DBSj
** Ship: SVEA
** Average sound velocity: 1448.91 m/s
** True-depth calculation Sat, 08 Feb 2020 23:19:09 +0000
** CTD Python Module SMHI /ver 3-12/ feb 2012 
** LIMS Job: 20207710-0129
** Cruise: SMHI-03-2020
** Latitude [GG MM.mm N] :
** Longitude [GGG MM.mm E]:
# nquan = 30
# nvalues = 173                         
# units = specified
# name 0 = scan: Scan Count
# name 1 = prDM: Pressure, Digiquartz [db]
# name 2 = t090C: Temperature [ITS-90, deg C]
# name 3 = t190C: Temperature, 2 [ITS-90, deg C]
# name 4 = c0S/m: Conductivity [S/m]
# name 5 = c1S/m: Conductivity, 2 [S/m]
# name 6 = pumps: Pump Status
# name 7 = sbeox0V: Oxygen raw, SBE 43 [V]
# name 8 = sbeox1V: Oxygen raw, SBE 43, 2 [V]
# name 9 = altM: Altimeter [m]
# name 10 = dz/dtM: Descent Rate [m/s]
# name 11 = flECO-AFL: Chl-a Fluorescence, WET Labs ECO-AFL/FL [mg/m^3]
# name 12 = flECO-AFL1: Phycocyanin Fluorescence, WET Labs ECO-AFL/FL, 2 [mg/m^3]
# name 13 = par: PAR/Irradiance, Biospherical/Lico [µE/(cm^2*s)]
# name 14 = turbWETntu0: Turbidity, WET Labs ECO [NTU]
# name 15 = sal00: Salinity, Practical [PSU]
# name 16 = sal11: Salinity, Practical, 2 [PSU]
# name 17 = secS-priS: Salinity, Practical, Difference, 2 - 1 [PSU]
# name 18 = T2-T190C: Temperature Difference, 2 - 1 [ITS-90, deg C]
# name 19 = sigma-t00: Density [sigma-t, kg/m^3 ]
# name 20 = sigma-t11: Density, 2 [sigma-t, kg/m^3 ]
# name 21 = depSM: Depth [salt water, m], lat = 55.2503
# name 22 = depFM: Depth [true depth, m], lat = 55.2503
# name 23 = svCM: Sound Velocity [Chen-Millero, m/s]
# name 24 = svCM1: Sound Velocity, 2 [Chen-Millero, m/s]
# name 25 = sbeox0ML/L: Oxygen, SBE 43 [ml/l], WS = 2
# name 26 = sbeox1ML/L: Oxygen, SBE 43, 2 [ml/l], WS = 2
# name 27 = sbeox0PS: Oxygen, SBE 43 [% saturation], WS = 2
# name 28 = sbeox1PS: Oxygen, SBE 43, 2 [% saturation], WS = 2
# name 29 = flag: flag
# span 0 =      43948,      56125       
# span 1 =      1.000,     87.500       
# span 2 =     5.4109,    10.3449       
# span 3 =     5.4154,    10.3444       
# span 4 =   0.854863,   1.910637       
# span 5 =   0.854946,   1.910419       
# span 6 =          1,          1       
# span 7 =     1.0107,     3.5797       
# span 8 =     0.9893,     3.3386       
# span 9 =       0.09,      97.54       
# span 10 =     -0.227,      0.643      
# span 11 =     0.3068,     0.6232      
# span 12 =     0.1169,     0.3196      
# span 13 = -1.566e-06, 5.2249e+00      
# span 14 =     0.1340,     0.5458      
# span 15 =     7.7602,    17.0750      
# span 16 =     7.7610,    17.0709      
# span 17 =    -0.0113,     0.0337      
# span 18 =    -0.0420,     0.0284      
# span 19 =     6.1047,    13.1832      
# span 20 =     6.1053,    13.1799      
# span 21 =      0.991,     86.691      
# span 22 =      1.012,     88.389      
# span 23 =    1439.19,    1467.64      
# span 24 =    1439.19,    1467.64      
# span 25 =     0.6030,     7.8715      
# span 26 =     0.5461,     8.0059      
# span 27 =      7.377,     94.383      
# span 28 =      6.681,     96.015      
# span 29 = 0.0000e+00, 0.0000e+00      
# interval = decibars: 0.5              
# start_time = Feb 08 2020 20:58:02 [NMEA time, first data scan]
# bad_flag = -9.990e-29
*END*
[from data line 146]
      48653     74.000     9.2971     9.2946    1.84555    1.84564          1     1.3943     1.3239      14.27      0.341     0.3517     0.1961  1.000e-12  0.2624000    16.0658    16.0678     0.0020    -0.0025    12.2999    12.3017     73.318     74.812    1465.40    1465.39     1.9341     2.1007    26.6980    28.9980  0.000e+00
      48688     74.500     9.1628     9.1577    1.84137    1.84124          1     1.5089     1.4196      13.71      0.354     0.3630     0.2215  1.000e-12  0.2468000    16.0863    16.0873     0.0010    -0.0051    12.3318    12.3332     73.814     75.316    1464.91    1464.89     2.1615     2.3215    29.7500    31.9490  0.000e+00
      48727     75.000     9.0368     9.0344    1.83762    1.83774          1     1.5245     1.4432      13.17      0.312     0.3582     0.1643  1.000e-12  0.1776000    16.1071    16.1093     0.0022    -0.0025    12.3629    12.3649     74.309     75.819    1464.45    1464.45     1.8979     1.9577    26.0490    26.8700  0.000e+00
      48768     75.500     9.0700     9.0712    1.84385    1.84428          1     1.5867     1.4922      12.64      0.290     0.3474     0.2379  1.000e-12  0.1604000    16.1515    16.1550     0.0035     0.0013    12.3936    12.3961     74.804     76.322    1464.64    1464.65     2.4477     2.6095    33.6330    35.8580  0.000e+00
      48808     76.000     8.9293     8.9186    1.84061    1.84032          1     1.7078     1.5987      12.14      0.299     0.3458     0.2488  1.000e-12  0.2091000    16.1841    16.1862     0.0021    -0.0106    12.4354    12.4382     75.299     76.825    1464.14    1464.11     2.5762     2.7292    35.2900    37.3790  0.000e+00
      48848     76.500     8.7833     8.7816    1.84330    1.84397          1     1.7403     1.6367      11.65      0.298     0.3443     0.2102  1.000e-12  0.2205000    16.2763    16.2836     0.0073    -0.0018    12.5241    12.5299     75.795     77.328    1463.70    1463.70     2.5039     2.5967    34.2040    35.4710  0.000e+00
      48891     77.000     8.7457     8.7438    1.84922    1.84947          1     1.7447     1.6466      10.97      0.282     0.3413     0.1857  1.000e-12  0.2170000    16.3504    16.3537     0.0032    -0.0018    12.5862    12.5889     76.290     77.831    1463.65    1463.64     2.4712     2.5417    33.7440    34.7060  0.000e+00
      48936     77.500     8.7335     8.7326    1.85008    1.85020          1     1.7440     1.6483      10.37      0.267     0.3382     0.2268  1.000e-12  0.2435000    16.3642    16.3658     0.0015    -0.0009    12.5983    12.5996     76.785     78.334    1463.62    1463.62     2.4653     2.5251    33.6560    34.4730  0.000e+00
      48979     78.000     8.6934     8.6919    1.85229    1.85261          1     1.7237     1.6319      10.11      0.281     0.3243     0.1863  1.000e-12  0.2585000    16.4039    16.4077     0.0038    -0.0015    12.6338    12.6369     77.281     78.836    1463.52    1463.52     2.3276     2.3504    31.7560    32.0660  0.000e+00
      49025     78.500     8.6753     8.6748    1.85652    1.85694          1     1.7056     1.6156       9.59      0.261     0.3229     0.1893  1.000e-12  0.2861000    16.4530    16.4572     0.0042    -0.0005    12.6741    12.6775     77.776     79.339    1463.52    1463.53     2.3835     2.4425    32.5150    33.3200  0.000e+00
      49074     79.000     8.6582     8.6563    1.85931    1.85962          1     1.7028     1.6134       9.07      0.238     0.3318     0.1929  1.000e-12  0.3350000    16.4877    16.4915     0.0038    -0.0019    12.7031    12.7064     78.271     79.842    1463.51    1463.50     2.3617     2.4313    32.2120    33.1610  0.000e+00
      49117     79.500     8.6479     8.6459    1.86258    1.86288          1     1.7025     1.6153       8.58      0.284     0.3346     0.2049  1.000e-12  0.3797000    16.5240    16.5278     0.0038    -0.0020    12.7326    12.7358     78.766     80.345    1463.52    1463.51     2.3615     2.4237    32.2090    33.0570  0.000e+00
      49178     80.000     8.6378     8.6388    1.86618    1.86720          1     1.6854     1.5994       8.02      0.184     0.3460     0.2253  1.000e-12  0.4384000    16.5634    16.5728     0.0094     0.0010    12.7645    12.7717     79.262     80.848    1463.53    1463.55     2.3818     2.4777    32.4870    33.7970  0.000e+00
      49223     80.500     8.6114     8.6042    1.87099    1.87119          1     1.7231     1.6322       7.57      0.270     0.3258     0.1992  1.000e-12  0.4629000    16.6222    16.6275     0.0053    -0.0072    12.8134    12.8183     79.757     81.351    1463.51    1463.49     2.5470     2.6668    34.7320    36.3600  0.000e+00
      49283     81.000     8.5646     8.5602    1.87222    1.87266          1     1.7903     1.6892       7.00      0.187     0.3255     0.2072  1.000e-12  0.4706000    16.6559    16.6622     0.0063    -0.0044    12.8449    12.8504     80.252     81.854    1463.38    1463.37     2.7204     2.8392    37.0630    38.6810  0.000e+00
      49327     81.500     8.5524     8.5525    1.87600    1.87651          1     1.8361     1.7320       6.56      0.274     0.3261     0.2197  1.000e-12  0.5319000    16.6981    16.7030     0.0049     0.0001    12.8793    12.8831     80.748     82.356    1463.39    1463.39     2.8352     2.9758    38.6280    40.5440  0.000e+00
      49368     82.000     8.5471     8.5428    1.88058    1.88105          1     1.8895     1.7810       6.04      0.297     0.3245     0.2094  1.000e-12  0.5458000    16.7449    16.7516     0.0066    -0.0043    12.9164    12.9221     81.243     82.859    1463.43    1463.42     3.0091     3.1560    41.0040    43.0030  0.000e+00
      49423     82.500     8.4774     8.4642    1.88101    1.88073          1     1.9681     1.8496       5.61      0.204     0.3321     0.1811  1.000e-12  0.5406000    16.7820    16.7855     0.0035    -0.0133    12.9531    12.9574     81.738     83.362    1463.21    1463.16     3.1495     3.2624    42.8580    44.3830  0.000e+00
      49461     83.000     8.4159     8.4169    1.88040    1.88086          1     1.9888     1.8693       7.36      0.304     0.3254     0.2169  1.000e-12  0.5222000    16.8052    16.8091     0.0040     0.0010    12.9781    12.9811     82.233     83.865    1463.01    1463.02     3.1247     3.2095    42.4670    43.6210  0.000e+00
      49514     83.500     8.4461     8.4524    1.88480    1.88579          1     1.9976     1.8798      60.26      0.236     0.3189     0.2261  1.000e-12  0.4475000    16.8335    16.8401     0.0067     0.0063    12.9968    13.0013     82.729     84.368    1463.17    1463.20     3.1222     3.1973    42.4700    43.5000  0.000e+00
      49572     84.000     8.4681     8.4692    1.88938    1.89013          1     2.0054     1.8873      61.27      0.209     0.3185     0.2244  1.000e-12  0.4471000    16.8674    16.8742     0.0068     0.0011    13.0208    13.0260     83.224     84.870    1463.30    1463.32     3.1283     3.1948    42.5840    43.4930  0.000e+00
      49617     84.500     8.4736     8.4732    1.89583    1.89645          1     2.0002     1.8827      71.42      0.275     0.3068     0.1985  1.000e-12  0.4777000    16.9275    16.9337     0.0062    -0.0004    13.0671    13.0720     83.719     85.373    1463.41    1463.41     3.0691     3.1111    41.7990    42.3720  0.000e+00
      49680     85.000     8.4702     8.4699    1.90318    1.90502          1     1.9624     1.8505      15.11      0.182     0.3354     0.2146  1.000e-12  0.4469000    17.0005    17.0186     0.0181    -0.0003    13.1245    13.1386     84.215     85.876    1463.49    1463.51     2.9401     2.9756    40.0580    40.5470  0.000e+00
      49731     85.500     8.4708     8.4706    1.90871    1.90884          1     1.9386     1.8293      48.69      0.242     0.3368     0.2533  1.000e-12  0.4384000    17.0540    17.0553     0.0014    -0.0002    13.1661    13.1672     84.710     86.378    1463.57    1463.57     2.9209     2.9676    39.8120    40.4480  0.000e+00
      50830     86.500     8.4767     8.4754    1.91016    1.91042          1     1.9177     1.8078       1.52      0.096     0.3435     0.2049  1.001e-12  0.4139000    17.0661    17.0694     0.0032    -0.0013    13.1753    13.1780     85.700     87.384    1464.29    1464.29     2.9026     2.9692    39.5640    40.4720  0.000e+00
      50976     87.000     8.4718     8.4706    1.90944    1.90967          1     1.9152     1.8047       0.94      0.100     0.3332     0.2570  1.000e-12  0.4310000    17.0602    17.0630     0.0028    -0.0012    13.1709    13.1732     86.196     87.886    1463.60    1463.60     2.8991     2.9544    39.5170    40.2700  0.000e+00
      56125     87.500     8.4650     8.4659    1.91064    1.91026          1     1.9010     1.7927       0.09     -0.188     0.3855     0.1169  1.000e-12  0.4583000    17.0750    17.0709    -0.0041     0.0009    13.1832    13.1799     86.691     88.389    1463.60    1463.60     2.8797     2.9682    39.2500    40.4560  0.000e+00
