ctdpy/tests/etc/exprapp_feb_2020/SBE09_1387_20200206_1541_77_10_0115.cnv
* Sea-Bird SBE 9 Data File:
* FileName = L:\2020\sv20d0115.hex
* Software Version Seasave V 7.26.7.121
* Temperature SN = 6378
* Conductivity SN = 4824
* Number of Bytes Per Scan = 41
* Number of Voltage Words = 4
* Number of Scans Averaged by the Deck Unit = 1
* NMEA Latitude = 58 19.11 N
* NMEA Longitude = 010 56.81 E
* NMEA UTC (Time) = Feb 06 2020  15:41:12
* NMEA baud rate = 4800
** Station:  Å14
** Operator:  SSip
** Ship: SVEA
** Average sound velocity: 1479.22 m/s
** True-depth calculation Thu, 06 Feb 2020 18:25:16 +0000
** CTD Python Module SMHI /ver 3-12/ feb 2012 
** LIMS Job: 20207710-0115
** Cruise: SMHI-03-2020
** Latitude [GG MM.mm N] :
** Longitude [GGG MM.mm E]:
# nquan = 30
# nvalues = 217                         
# units = specified
# name 0 = scan: Scan Count
# name 1 = prDM: Pressure, Digiquartz [db]
# name 2 = t090C: Temperature [ITS-90, deg C]
# name 3 = t190C: Temperature, 2 [ITS-90, deg C]
# name 4 = c0S/m: Conductivity [S/m]
# name 5 = c1S/m: Conductivity, 2 [S/m]
# name 6 = pumps: Pump Status
# name 7 = sbeox0V: Oxygen raw, SBE 43 [V]
# name 8 = sbeox1V: Oxygen raw, SBE 43, 2 [V]
# name 9 = altM: Altimeter [m]
# name 10 = dz/dtM: Descent Rate [m/s]
# name 11 = flECO-AFL: Chl-a Fluorescence, WET Labs ECO-AFL/FL [mg/m^3]
# name 12 = flECO-AFL1: Phycocyanin Fluorescence, WET Labs ECO-AFL/FL, 2 [mg/m^3]
# name 13 = par: PAR/Irradiance, Biospherical/Lico [µE/(cm^2*s)]
# name 14 = turbWETntu0: Turbidity, WET Labs ECO [NTU]
# name 15 = sal00: Salinity, Practical [PSU]
# name 16 = sal11: Salinity, Practical, 2 [PSU]
# name 17 = secS-priS: Salinity, Practical, Difference, 2 - 1 [PSU]
# name 18 = T2-T190C: Temperature Difference, 2 - 1 [ITS-90, deg C]
# name 19 = sigma-t00: Density [sigma-t, kg/m^3 ]
# name 20 = sigma-t11: Density, 2 [sigma-t, kg/m^3 ]
# name 21 = depSM: Depth [salt water, m], lat = 58.3185
# name 22 = depFM: Depth [true depth, m], lat = 58.3185
# name 23 = svCM: Sound Velocity [Chen-Millero, m/s]
# name 24 = svCM1: Sound Velocity, 2 [Chen-Millero, m/s]
# name 25 = sbeox0ML/L: Oxygen, SBE 43 [ml/l], WS = 2
# name 26 = sbeox1ML/L: Oxygen, SBE 43, 2 [ml/l], WS = 2
# name 27 = sbeox0PS: Oxygen, SBE 43 [% saturation], WS = 2
# name 28 = sbeox1PS: Oxygen, SBE 43, 2 [% saturation], WS = 2
# name 29 = flag: flag
# span 0 =      17454,      23843       
# span 1 =      2.000,    110.000       
# span 2 =     6.3540,     7.4837       
# span 3 =     6.3545,     7.4832       
# span 4 =   3.293089,   3.533574       
# span 5 =   3.293143,   3.533406       
# span 6 =          1,          1       
# span 7 =     3.4931,     3.5908       
# span 8 =     3.2505,     3.3413       
# span 9 =       0.70,     102.60       
# span 10 =     -0.085,      0.632      
# span 11 =     0.3330,     0.8042      
# span 12 =     0.1733,     0.3260      
# span 13 = -4.317e-06, 5.6877e+00      
# span 14 =     0.4163,     5.8217      
# span 15 =    33.0338,    34.5913      
# span 16 =    33.0337,    34.5899      
# span 17 =    -0.0085,     0.0216      
# span 18 =    -0.0063,     0.0111      
# span 19 =    25.9547,    27.0396      
# span 20 =    25.9546,    27.0385      
# span 21 =      1.981,    108.949      
# span 22 =      1.986,    109.116      
# span 23 =    1473.72,    1481.52      
# span 24 =    1473.71,    1481.51      
# span 25 =     6.1945,     6.5644      
# span 26 =     6.2721,     6.6601      
# span 27 =     92.351,     94.605      
# span 28 =     93.512,     95.944      
# span 29 = 0.0000e+00, 0.0000e+00      
# interval = decibars: 0.5              
# start_time = Feb 06 2020 15:41:12 [NMEA time, first data scan]
# bad_flag = -9.990e-29
*END*
      17454      2.000     6.3676     6.3674    3.29653    3.29638          1     3.5884     3.3413     102.60     -0.065     0.7677     0.2612  5.688e+00  0.4163000    33.0593    33.0579    -0.0014    -0.0003    25.9732    25.9721      1.981      1.986    1473.78    1473.78     6.5561     6.6488    94.4880    95.8230  0.000e+00
      17604      2.500     6.3558     6.3551    3.29358    3.29329          1     3.5908     3.3412      10.28      0.163     0.7750     0.2883  4.819e+00  0.4255000    33.0377    33.0352    -0.0025    -0.0008    25.9576    25.9558      2.477      2.482    1473.72    1473.71     6.5644     6.6601    94.5680    95.9440  0.000e+00
      17676      3.000     6.3540     6.3546    3.29309    3.29317          1     3.5899     3.3412      80.25      0.164     0.7578     0.2556  4.180e+00  0.4293000    33.0338    33.0341     0.0004     0.0006    25.9547    25.9549      2.972      2.978    1473.72    1473.72     6.5599     6.6542    94.4970    95.8570  0.000e+00
      17721      3.500     6.3540     6.3545    3.29313    3.29314          1     3.5887     3.3407      97.61      0.320     0.7723     0.2365  3.968e+00  0.4455000    33.0340    33.0337    -0.0003     0.0005    25.9549    25.9546      3.467      3.475    1473.73    1473.72     6.5580     6.6547    94.4690    95.8630  0.000e+00
      17759      4.000     6.3617     6.3608    3.29499    3.29463          1     3.5875     3.3401      98.04      0.331     0.8040     0.2820  3.422e+00  0.4601000    33.0469    33.0438    -0.0031    -0.0010    25.9641    25.9618      3.963      3.971    1473.78    1473.77     6.5542     6.6449    94.4400    95.7430  0.000e+00
      17802      4.500     6.3747     6.3737    3.29834    3.29810          1     3.5882     3.3386      98.04      0.251     0.8002     0.2558  2.902e+00  0.4466000    33.0714    33.0696    -0.0018    -0.0010    25.9818    25.9805      4.458      4.467    1473.87    1473.86     6.5626     6.6471    94.6050    95.8200  0.000e+00
      17828      5.000     6.3674     6.3719    3.29662    3.29777          1     3.5895     3.3389      98.04      0.395     0.8019     0.2488  2.634e+00  0.4683000    33.0591    33.0676     0.0085     0.0045    25.9730    25.9791      4.953      4.964    1473.83    1473.86     6.5594     6.6381    94.5350    95.6850  0.000e+00
      17850      5.500     6.3706     6.3711    3.29750    3.29758          1     3.5883     3.3371      98.04      0.514     0.8042     0.2679  2.313e+00  0.4776000    33.0655    33.0660     0.0004     0.0005    25.9777    25.9780      5.449      5.460    1473.86    1473.86     6.5512     6.6314    94.4280    95.5850  0.000e+00
      17874      6.000     6.3948     6.3992    3.30430    3.30528          1     3.5869     3.3365      98.04      0.525     0.8005     0.2779  2.133e+00  0.4891000    33.1173    33.1240     0.0067     0.0043    26.0154    26.0201      5.944      5.957    1474.03    1474.06     6.5390     6.6309    94.3370    95.6770  0.000e+00
      17911      6.500     6.4132     6.4243    3.30956    3.31248          1     3.5828     3.3348      82.44      0.348     0.7608     0.2569  1.906e+00  0.5046000    33.1577    33.1792     0.0216     0.0111    26.0449    26.0605      6.439      6.453    1474.16    1474.23     6.5210     6.6112    94.1420    95.4840  0.000e+00
      17942      7.000     6.4325     6.4350    3.31532    3.31607          1     3.5796     3.3327      98.17      0.336     0.7576     0.2844  1.664e+00  0.4849000    33.2026    33.2085     0.0059     0.0025    26.0779    26.0822      6.935      6.949    1474.30    1474.32     6.5123     6.6055    94.0880    95.4430  0.000e+00
      17963      7.500     6.4617     6.4600    3.32456    3.32399          1     3.5781     3.3318      98.04      0.488     0.7099     0.2431  1.563e+00  0.5540000    33.2764    33.2719    -0.0046    -0.0018    26.1323    26.1290      7.430      7.446    1474.52    1474.51     6.5044     6.6022    94.0840    95.4920  0.000e+00
      17984      8.000     6.4694     6.4690    3.32683    3.32668          1     3.5771     3.3314      98.04      0.581     0.7266     0.2180  1.333e+00  0.5751000    33.2940    33.2926    -0.0014    -0.0003    26.1452    26.1442      7.925      7.942    1474.58    1474.58     6.5028     6.5980    94.0870    95.4630  0.000e+00
      18012      8.500     6.4692     6.4686    3.32685    3.32659          1     3.5768     3.3302      98.04      0.494     0.7202     0.2482  1.178e+00  0.5575000    33.2940    33.2918    -0.0022    -0.0006    26.1452    26.1436      8.421      8.438    1474.59    1474.58     6.5083     6.5939    94.1670    95.4030  0.000e+00
      18050      9.000     6.4704     6.4728    3.32736    3.32790          1     3.5763     3.3287      58.56      0.300     0.7124     0.3004  1.046e+00  0.5004000    33.2983    33.3020     0.0037     0.0023    26.1485    26.1511      8.916      8.934    1474.60    1474.62     6.5007     6.5920    94.0620    95.3910  0.000e+00
      18075      9.500     6.4775     6.4776    3.32941    3.32938          1     3.5753     3.3280      99.18      0.396     0.7119     0.2883  9.935e-01  0.5053000    33.3140    33.3135    -0.0005     0.0001    26.1599    26.1595      9.412      9.431    1474.66    1474.66     6.4949     6.5827    94.0040    95.2740  0.000e+00
      18097     10.000     6.4860     6.4859    3.33274    3.33275          1     3.5730     3.3258      98.05      0.517     0.6954     0.2881  8.756e-01  0.5724000    33.3423    33.3425     0.0001    -0.0000    26.1812    26.1813      9.907      9.927    1474.74    1474.74     6.4832     6.5672    93.8700    95.0870  0.000e+00
      18124     10.500     6.4970     6.4982    3.33732    3.33751          1     3.5703     3.3231      98.05      0.489     0.6675     0.3080  7.720e-01  0.6460000    33.3822    33.3831     0.0009     0.0011    26.2112    26.2118     10.402     10.423    1474.84    1474.84     6.4732     6.5558    93.7740    94.9730  0.000e+00
      18153     11.000     6.5181     6.5206    3.34423    3.34508          1     3.5675     3.3199      80.97      0.413     0.6196     0.2448  6.741e-01  0.6528000    33.4379    33.4449     0.0070     0.0024    26.2524    26.2576     10.897     10.919    1475.00    1475.02     6.4664     6.5451    93.7560    94.9070  0.000e+00
      18177     11.500     6.5355     6.5357    3.34929    3.34942          1     3.5666     3.3187      52.17      0.459     0.6135     0.2599  6.031e-01  0.6651000    33.4768    33.4779     0.0011     0.0003    26.2808    26.2816     11.393     11.416    1475.13    1475.13     6.4645     6.5494    93.7900    95.0240  0.000e+00
      18199     12.000     6.5499     6.5503    3.35282    3.35292          1     3.5660     3.3179      97.66      0.521     0.6063     0.2602  5.499e-01  0.6855000    33.5015    33.5022     0.0007     0.0005    26.2984    26.2989     11.888     11.912    1475.22    1475.23     6.4600     6.5526    93.7710    95.1160  0.000e+00
      18223     12.500     6.5590     6.5602    3.35477    3.35499          1     3.5655     3.3187      97.77      0.527     0.6037     0.2606  5.050e-01  0.6931000    33.5140    33.5152     0.0012     0.0012    26.3070    26.3078     12.383     12.408    1475.28    1475.29     6.4625     6.5546    93.8350    95.1760  0.000e+00
      18252     13.000     6.5673     6.5677    3.35682    3.35670          1     3.5666     3.3188      97.30      0.455     0.6055     0.2722  4.414e-01  0.6688000    33.5283    33.5265    -0.0018     0.0004    26.3172    26.3158     12.879     12.904    1475.34    1475.34     6.4643     6.5551    93.8880    95.2080  0.000e+00
      18283     13.500     6.5905     6.5931    3.36184    3.36224          1     3.5669     3.3199      96.86      0.376     0.6149     0.2656  3.760e-01  0.6219000    33.5609    33.5627     0.0018     0.0027    26.3400    26.3410     13.374     13.401    1475.48    1475.49     6.4588     6.5517    93.8790    95.2370  0.000e+00
      18307     14.000     6.6108     6.6115    3.36619    3.36622          1     3.5671     3.3199      96.32      0.436     0.6239     0.2452  3.410e-01  0.6059000    33.5888    33.5886    -0.0002     0.0006    26.3593    26.3590     13.869     13.897    1475.60    1475.61     6.4541     6.5464    93.8730    95.2160  0.000e+00
      18329     14.500     6.6271     6.6279    3.37009    3.37026          1     3.5671     3.3205      95.86      0.528     0.6126     0.2655  3.031e-01  0.6677000    33.6158    33.6169     0.0012     0.0008    26.3784    26.3792     14.365     14.393    1475.71    1475.71     6.4502     6.5503    93.8670    95.3260  0.000e+00
      18352     15.000     6.6375     6.6377    3.37286    3.37279          1     3.5673     3.3215      95.29      0.542     0.6085     0.2942  2.703e-01  0.6681000    33.6360    33.6350    -0.0009     0.0001    26.3929    26.3922     14.860     14.889    1475.78    1475.78     6.4524     6.5512    93.9350    95.3720  0.000e+00
      18383     15.500     6.6464     6.6446    3.37527    3.37470          1     3.5681     3.3224      94.60      0.429     0.6281     0.2858  2.374e-01  0.6676000    33.6537    33.6491    -0.0046    -0.0019    26.4057    26.4024     15.355     15.385    1475.85    1475.84     6.4489     6.5467    93.9140    95.3320  0.000e+00
      18416     16.000     6.6569     6.6572    3.37749    3.37749          1     3.5675     3.3227      94.09      0.355     0.6121     0.2798  2.131e-01  0.6203000    33.6677    33.6673    -0.0004     0.0004    26.4154    26.4150     15.851     15.881    1475.92    1475.92     6.4432     6.5420    93.8630    95.3020  0.000e+00
      18441     16.500     6.6698     6.6708    3.38022    3.38043          1     3.5675     3.3224      93.70      0.429     0.6180     0.2918  1.797e-01  0.6357000    33.6849    33.6863     0.0014     0.0011    26.4272    26.4282     16.346     16.378    1476.00    1476.00     6.4438     6.5376    93.9090    95.2800  0.000e+00
      18465     17.000     6.6805     6.6805    3.38275    3.38265          1     3.5677     3.3225      93.35      0.494     0.6012     0.2743  1.460e-01  0.6377000    33.7021    33.7011    -0.0011    -0.0000    26.4394    26.4385     16.841     16.874    1476.07    1476.07     6.4433     6.5369    93.9360    95.3000  0.000e+00
      18488     17.500     6.6815     6.6809    3.38293    3.38274          1     3.5680     3.3224      92.99      0.520     0.6011     0.2736  1.282e-01  0.6845000    33.7029    33.7014    -0.0016    -0.0006    26.4399    26.4387     17.337     17.370    1476.08    1476.08     6.4435     6.5411    93.9410    95.3630  0.000e+00
      18513     18.000     6.6812     6.6811    3.38289    3.38274          1     3.5682     3.3235      92.29      0.499     0.6078     0.2952  1.163e-01  0.6953000    33.7025    33.7010    -0.0015    -0.0001    26.4396    26.4384     17.832     17.866    1476.09    1476.09     6.4438     6.5455    93.9440    95.4260  0.000e+00
      18541     18.500     6.6821     6.6818    3.38311    3.38292          1     3.5683     3.3236      91.77      0.453     0.6030     0.3102  9.961e-02  0.6578000    33.7037    33.7020    -0.0017    -0.0003    26.4404    26.4391     18.327     18.362    1476.10    1476.10     6.4438     6.5402    93.9480    95.3510  0.000e+00
      18570     19.000     6.6832     6.6831    3.38331    3.38327          1     3.5679     3.3232      91.20      0.405     0.6107     0.2899  8.590e-02  0.6463000    33.7047    33.7043    -0.0005    -0.0000    26.4411    26.4407     18.823     18.858    1476.11    1476.11     6.4415     6.5363    93.9170    95.2990  0.000e+00
      18596     19.500     6.6851     6.6848    3.38371    3.38358          1     3.5678     3.3229      90.75      0.432     0.6062     0.2482  6.485e-02  0.6493000    33.7070    33.7058    -0.0013    -0.0002    26.4426    26.4417     19.318     19.355    1476.13    1476.13     6.4422     6.5380    93.9340    95.3280  0.000e+00
      18618     20.000     6.6854     6.6851    3.38376    3.38361          1     3.5677     3.3228      90.30      0.495     0.6030     0.2867  5.099e-02  0.6639000    33.7070    33.7056    -0.0014    -0.0003    26.4426    26.4415     19.813     19.851    1476.14    1476.14     6.4408     6.5429    93.9130    95.4010  0.000e+00
      18638     20.500     6.6864     6.6868    3.38396    3.38392          1     3.5670     3.3235      89.97      0.568     0.6081     0.3052  3.931e-02  0.6783000    33.7080    33.7072    -0.0008     0.0003    26.4432    26.4425     20.308     20.347    1476.16    1476.16     6.4405     6.5452    93.9120    95.4380  0.000e+00
      18660     21.000     6.6870     6.6871    3.38409    3.38401          1     3.5675     3.3236      89.36      0.587     0.6075     0.2595  2.472e-02  0.7066000    33.7086    33.7076    -0.0009     0.0001    26.4436    26.4429     20.804     20.843    1476.17    1476.17     6.4433     6.5417    93.9540    95.3890  0.000e+00
      18693     21.500     6.6866     6.6864    3.38409    3.38397          1     3.5673     3.3234      88.74      0.424     0.6053     0.2788  1.058e-02  0.6496000    33.7087    33.7076    -0.0011    -0.0002    26.4438    26.4429     21.299     21.339    1476.17    1476.17     6.4434     6.5397    93.9550    95.3590  0.000e+00
      18734     22.000     6.6895     6.6908    3.38478    3.38497          1     3.5670     3.3231      88.24      0.272     0.5870     0.2688  4.342e-03  0.6013000    33.7132    33.7140     0.0008     0.0013    26.4469    26.4474     21.794     21.835    1476.20    1476.21     6.4409     6.5416    93.9280    95.4000  0.000e+00
      18761     22.500     6.6925     6.6925    3.38552    3.38545          1     3.5671     3.3233      87.81      0.382     0.6018     0.3260  3.812e-04  0.6243000    33.7182    33.7175    -0.0008     0.0000    26.4505    26.4499     22.290     22.331    1476.23    1476.23     6.4411     6.5426    93.9410    95.4210  0.000e+00
      18782     23.000     6.6928     6.6929    3.38555    3.38552          1     3.5667     3.3236      87.48      0.499     0.6020     0.2971 -4.317e-06  0.6587000    33.7180    33.7176    -0.0005     0.0001    26.4503    26.4499     22.785     22.828    1476.23    1476.23     6.4426     6.5407    93.9630    95.3930  0.000e+00
      18801     23.500     6.6934     6.6932    3.38582    3.38567          1     3.5676     3.3230      86.97      0.586     0.6009     0.2723  1.000e-12  0.7146000    33.7201    33.7187    -0.0014    -0.0002    26.4518    26.4507     23.280     23.324    1476.25    1476.24     6.4481     6.5292    94.0450    95.2270  0.000e+00
      18821     24.000     6.6938     6.6935    3.38593    3.38578          1     3.5681     3.3214      86.34      0.622     0.6109     0.2487  1.000e-12  0.7282000    33.7207    33.7194    -0.0013    -0.0003    26.4523    26.4513     23.776     23.820    1476.26    1476.25     6.4463     6.5221    94.0200    95.1250  0.000e+00
      18848     24.500     6.6936     6.6934    3.38601    3.38590          1     3.5674     3.3201      85.72      0.517     0.6217     0.2457  1.000e-12  0.7059000    33.7216    33.7205    -0.0012    -0.0001    26.4530    26.4521     24.271     24.316    1476.27    1476.26     6.4407     6.5280    93.9380    95.2110  0.000e+00
      18888     25.000     6.6944     6.6947    3.38676    3.38684          1     3.5662     3.3182      85.13      0.295     0.5891     0.2654  1.000e-12  0.6417000    33.7288    33.7293     0.0005     0.0003    26.4586    26.4589     24.766     24.812    1476.29    1476.29     6.4368     6.5168    93.8890    95.0570  0.000e+00
      18917     25.500     6.6940     6.6939    3.38733    3.38722          1     3.5650     3.3166      84.83      0.355     0.5930     0.2593  1.000e-12  0.6577000    33.7353    33.7341    -0.0012    -0.0001    26.4637    26.4628     25.262     25.308    1476.30    1476.30     6.4345     6.5193    93.8580    95.0930  0.000e+00
