ctdpy/tests/etc/exprapp_feb_2020/SBE09_1387_20200203_0935_77_10_0101.cnv
* Sea-Bird SBE 9 Data File:
* FileName = L:\2020\sv20d0101.hex
* Software Version Seasave V 7.26.7.121
* Temperature SN = 6378
* Conductivity SN = 4824
* Number of Bytes Per Scan = 41
* Number of Voltage Words = 4
* Number of Scans Averaged by the Deck Unit = 1
* NMEA Latitude = 57 39.46 N
* NMEA Longitude = 008 50.45 E
* NMEA UTC (Time) = Feb 03 2020  09:35:53
* NMEA baud rate = 4800
** Station:  31N Hanstholm
** Operator:  A-KTh
** Ship: SVEA
** Average sound velocity: 1479.54 m/s
** True-depth calculation Mon, 03 Feb 2020 10:25:09 +0000
** CTD Python Module SMHI /ver 3-12/ feb 2012 
** LIMS Job: 20207710-0101
** Cruise: SMHI-02-2020
** Latitude [GG MM.mm N] :
** Longitude [GGG MM.mm E]:
# nquan = 30
# nvalues = 178                         
# units = specified
# name 0 = scan: Scan Count
# name 1 = prDM: Pressure, Digiquartz [db]
# name 2 = t090C: Temperature [ITS-90, deg C]
# name 3 = t190C: Temperature, 2 [ITS-90, deg C]
# name 4 = c0S/m: Conductivity [S/m]
# name 5 = c1S/m: Conductivity, 2 [S/m]
# name 6 = pumps: Pump Status
# name 7 = sbeox0V: Oxygen raw, SBE 43 [V]
# name 8 = sbeox1V: Oxygen raw, SBE 43, 2 [V]
# name 9 = altM: Altimeter [m]
# name 10 = dz/dtM: Descent Rate [m/s]
# name 11 = flECO-AFL: Chl-a Fluorescence, WET Labs ECO-AFL/FL [mg/m^3]
# name 12 = flECO-AFL1: Phycocyanin Fluorescence, WET Labs ECO-AFL/FL, 2 [mg/m^3]
# name 13 = par: PAR/Irradiance, Biospherical/Lico [µE/(cm^2*s)]
# name 14 = turbWETntu0: Turbidity, WET Labs ECO [NTU]
# name 15 = sal00: Salinity, Practical [PSU]
# name 16 = sal11: Salinity, Practical, 2 [PSU]
# name 17 = secS-priS: Salinity, Practical, Difference, 2 - 1 [PSU]
# name 18 = T2-T190C: Temperature Difference, 2 - 1 [ITS-90, deg C]
# name 19 = sigma-t00: Density [sigma-t, kg/m^3 ]
# name 20 = sigma-t11: Density, 2 [sigma-t, kg/m^3 ]
# name 21 = depSM: Depth [salt water, m], lat = 57.6577
# name 22 = depFM: Depth [true depth, m], lat = 57.6577
# name 23 = svCM: Sound Velocity [Chen-Millero, m/s]
# name 24 = svCM1: Sound Velocity, 2 [Chen-Millero, m/s]
# name 25 = sbeox0ML/L: Oxygen, SBE 43 [ml/l], WS = 2
# name 26 = sbeox1ML/L: Oxygen, SBE 43, 2 [ml/l], WS = 2
# name 27 = sbeox0PS: Oxygen, SBE 43 [% saturation], WS = 2
# name 28 = sbeox1PS: Oxygen, SBE 43, 2 [% saturation], WS = 2
# name 29 = flag: flag
# span 0 =      23198,      30081       
# span 1 =      0.500,     90.000       
# span 2 =     6.5132,     7.2447       
# span 3 =     6.5130,     7.2447       
# span 4 =   3.340883,   3.531797       
# span 5 =   3.340753,   3.531635       
# span 6 =          1,          1       
# span 7 =     3.5175,     3.5701       
# span 8 =     3.2726,     3.3163       
# span 9 =       1.49,      89.33       
# span 10 =     -0.354,      0.595      
# span 11 =     0.4138,     0.7144      
# span 12 =     0.1630,     0.3285      
# span 13 = -3.811e-08, 4.0573e+02      
# span 14 =     0.2208,     2.0486      
# span 15 =    33.4098,    34.7515      
# span 16 =    33.4086,    34.7498      
# span 17 =    -0.0054,     0.2081      
# span 18 =    -0.0060,     0.1034      
# span 19 =    26.2307,    27.1906      
# span 20 =    26.2299,    27.1893      
# span 21 =      0.495,     89.149      
# span 22 =      0.496,     89.254      
# span 23 =    1474.79,    1483.88      
# span 24 =    1474.78,    1483.88      
# span 25 =     6.2513,     6.4888      
# span 26 =     6.3416,     6.5820      
# span 27 =     92.881,     94.227      
# span 28 =     94.218,     95.507      
# span 29 = 0.0000e+00, 0.0000e+00      
# interval = decibars: 0.5              
# start_time = Feb 03 2020 09:35:54 [NMEA time, first data scan]
# bad_flag = -9.990e-29
*END*
      23198      0.500     6.5191     6.5130    3.34196    3.34130          1     3.5542     3.3102      89.32     -0.354     0.6455     0.1867  4.057e+02  0.2208000    33.4169    33.4154    -0.0015    -0.0060    26.2358    26.2354      0.495      0.496    1474.81    1474.78     6.4361     6.5321    93.3060    94.6830  0.000e+00
      23499      1.000     6.5223     6.5297    3.34176    3.34253          1     3.5521     3.3074      89.33      0.068     0.7144     0.2417  1.774e+02  0.2563000    33.4114    33.4127     0.0013     0.0074    26.2309    26.2310      0.991      0.992    1474.82    1474.85     6.4312     6.5216    93.2380    94.5650  0.000e+00
      23644      1.500     6.5137     6.5134    3.34088    3.34075          1     3.5507     3.3073      88.88      0.181     0.6856     0.2831  7.183e+01  0.2648000    33.4098    33.4086    -0.0012    -0.0003    26.2308    26.2299      1.486      1.489    1474.79    1474.79     6.4295     6.5239    93.1940    94.5610  0.000e+00
      23683      2.000     6.5145     6.5140    3.34100    3.34088          1     3.5507     3.3067      88.56      0.285     0.7096     0.2584  6.405e+01  0.2672000    33.4101    33.4092    -0.0009    -0.0005    26.2309    26.2303      1.982      1.985    1474.80    1474.80     6.4316     6.5228    93.2270    94.5470  0.000e+00
      23721      2.500     6.5146     6.5158    3.34108    3.34114          1     3.5512     3.3058      87.50      0.320     0.7025     0.2326  5.850e+01  0.2683000    33.4106    33.4101    -0.0004     0.0012    26.2313    26.2308      2.477      2.481    1474.81    1474.82     6.4299     6.5169    93.2030    94.4660  0.000e+00
      23756      3.000     6.5132     6.5172    3.34092    3.34132          1     3.5503     3.3048      87.44      0.328     0.7017     0.2269  5.369e+01  0.2639000    33.4099    33.4104     0.0005     0.0040    26.2309    26.2308      2.972      2.978    1474.82    1474.83     6.4311     6.5140    93.2160    94.4270  0.000e+00
      23791      3.500     6.5177     6.5205    3.34138    3.34165          1     3.5512     3.3040      87.00      0.353     0.6941     0.2245  4.801e+01  0.2593000    33.4104    33.4107     0.0003     0.0028    26.2307    26.2306      3.468      3.474    1474.84    1474.85     6.4334     6.5184    93.2600    94.4980  0.000e+00
      23827      4.000     6.5193     6.5186    3.34161    3.34148          1     3.5514     3.3044      86.47      0.331     0.6861     0.2525  4.446e+01  0.2617000    33.4112    33.4104    -0.0007    -0.0008    26.2311    26.2307      3.963      3.970    1474.86    1474.85     6.4359     6.5224    93.3000    94.5510  0.000e+00
      23861      4.500     6.5331     6.5357    3.34324    3.34357          1     3.5537     3.3046      86.12      0.337     0.6858     0.1961  3.976e+01  0.2649000    33.4155    33.4165     0.0011     0.0026    26.2327    26.2332      4.458      4.466    1474.93    1474.94     6.4483     6.5330    93.5120    94.7470  0.000e+00
      23886      5.000     6.5501     6.5546    3.34568    3.34635          1     3.5567     3.3090      85.73      0.423     0.6785     0.2399  3.581e+01  0.2678000    33.4256    33.4286     0.0030     0.0045    26.2385    26.2403      4.954      4.963    1475.01    1475.03     6.4635     6.5820    93.7760    95.5070  0.000e+00
      23909      5.500     6.5812     6.5793    3.35078    3.35036          1     3.5637     3.3162      85.34      0.511     0.6943     0.2781  3.383e+01  0.2733000    33.4514    33.4486    -0.0028    -0.0019    26.2548    26.2529      5.449      5.459    1475.17    1475.16     6.4888     6.5743    94.2270    95.4620  0.000e+00
      23933      6.000     6.6266     6.6239    3.35827    3.35755          1     3.5701     3.3163      42.48      0.517     0.7118     0.2442  3.039e+01  0.2725000    33.4896    33.4843    -0.0054    -0.0027    26.2790    26.2751      5.944      5.955    1475.41    1475.39     6.4649     6.5148    94.0020    94.7190  0.000e+00
      23962      6.500     6.7399     6.8163    3.38117    3.39789          1     3.5673     3.3126      84.19      0.442     0.6704     0.2620  2.796e+01  0.2649000    33.6314    33.7401     0.1086     0.0764    26.3757    26.4510      6.440      6.451    1476.04    1476.47     6.4055     6.4572    93.4700    94.4560  0.000e+00
      23989      7.000     7.0034     7.1069    3.44568    3.47396          1     3.5619     3.3102      83.51      0.420     0.5985     0.2278  2.604e+01  0.2764000    34.0814    34.2895     0.2081     0.1034    26.6946    26.8443      6.935      6.947    1477.64    1478.30     6.3300     6.3949    93.2050    94.5140  0.000e+00
      24012      7.500     7.1366     7.1398    3.48460    3.48620          1     3.5580     3.3101      83.25      0.482     0.5380     0.1945  2.434e+01  0.2999000    34.3763    34.3906     0.0143     0.0032    26.9085    26.9193      7.431      7.443    1478.53    1478.56     6.2967     6.3970    93.1790    94.6780  0.000e+00
      24034      8.000     7.1575     7.1570    3.49345    3.49369          1     3.5568     3.3107      82.75      0.537     0.5034     0.1715  2.223e+01  0.3309000    34.4522    34.4554     0.0031    -0.0005    26.9654    26.9679      7.926      7.939    1478.71    1478.71     6.2985     6.3923    93.2970    94.6860  0.000e+00
      24057      8.500     7.1607     7.1607    3.49504    3.49488          1     3.5565     3.3103      82.29      0.542     0.4913     0.1711  2.084e+01  0.3582000    34.4661    34.4644    -0.0017     0.0000    26.9759    26.9745      8.421      8.435    1478.75    1478.75     6.2962     6.3798    93.2780    94.5150  0.000e+00
      24081      9.000     7.1629     7.1637    3.49602    3.49613          1     3.5550     3.3086      81.71      0.505     0.4857     0.1778  1.925e+01  0.3509000    34.4745    34.4749     0.0004     0.0008    26.9821    26.9824      8.917      8.931    1478.78    1478.78     6.2862     6.3692    93.1380    94.3710  0.000e+00
      24108      9.500     7.1872     7.1911    3.50554    3.50720          1     3.5524     3.3061      81.26      0.465     0.4629     0.1630  1.800e+01  0.3679000    34.5542    34.5686     0.0144     0.0039    27.0415    27.0522      9.412      9.427    1478.98    1479.01     6.2740     6.3540    93.0590    94.2630  0.000e+00
      24134     10.000     7.2146     7.2164    3.51367    3.51417          1     3.5505     3.3045      80.78      0.457     0.4485     0.1700  1.704e+01  0.4497000    34.6156    34.6193     0.0036     0.0018    27.0860    27.0886      9.907      9.923    1479.17    1479.18     6.2685     6.3528    93.0720    94.3310  0.000e+00
      24158     10.500     7.2257     7.2260    3.51599    3.51589          1     3.5501     3.3040      80.29      0.476     0.4434     0.1919  1.630e+01  0.5016000    34.6296    34.6282    -0.0013     0.0004    27.0954    27.0943     10.403     10.419    1479.24    1479.24     6.2675     6.3563    93.0890    94.4090  0.000e+00
      24181     11.000     7.2272     7.2270    3.51621    3.51610          1     3.5495     3.3039      79.78      0.507     0.4450     0.1951  1.509e+01  0.5360000    34.6303    34.6293    -0.0011    -0.0001    27.0958    27.0950     10.898     10.914    1479.25    1479.25     6.2660     6.3581    93.0710    94.4390  0.000e+00
      24205     11.500     7.2301     7.2299    3.51715    3.51694          1     3.5487     3.3039      79.20      0.520     0.4623     0.2016  1.406e+01  0.5829000    34.6374    34.6353    -0.0022    -0.0001    27.1010    27.0993     11.393     11.410    1479.28    1479.28     6.2636     6.3523    93.0460    94.3620  0.000e+00
      24230     12.000     7.2307     7.2310    3.51747    3.51741          1     3.5481     3.3028      78.62      0.492     0.4492     0.2109  1.316e+01  0.6454000    34.6400    34.6391    -0.0009     0.0003    27.1029    27.1022     11.889     11.906    1479.29    1479.30     6.2646     6.3512    93.0650    94.3500  0.000e+00
      24256     12.500     7.2324     7.2322    3.51809    3.51788          1     3.5483     3.3027      78.19      0.458     0.4429     0.2714  1.216e+01  0.6717000    34.6448    34.6428    -0.0021    -0.0002    27.1065    27.1049     12.384     12.402    1479.31    1479.31     6.2671     6.3514    93.1080    94.3580  0.000e+00
      24282     13.000     7.2336     7.2336    3.51839    3.51825          1     3.5483     3.3019      77.71      0.456     0.4531     0.2112  1.130e+01  0.6338000    34.6467    34.6452    -0.0015    -0.0001    27.1078    27.1066     12.879     12.898    1479.33    1479.33     6.2669     6.3481    93.1090    94.3130  0.000e+00
      24306     13.500     7.2336     7.2336    3.51847    3.51832          1     3.5487     3.3016      77.32      0.485     0.4555     0.1933  1.059e+01  0.5857000    34.6474    34.6458    -0.0017     0.0000    27.1084    27.1070     13.375     13.394    1479.34    1479.34     6.2705     6.3505    93.1620    94.3500  0.000e+00
      24329     14.000     7.2339     7.2337    3.51845    3.51831          1     3.5492     3.3012      76.83      0.518     0.4415     0.2188  9.798e+00  0.6715000    34.6466    34.6452    -0.0014    -0.0002    27.1077    27.1066     13.870     13.889    1479.35    1479.35     6.2712     6.3513    93.1730    94.3620  0.000e+00
      24352     14.500     7.2338     7.2337    3.51850    3.51835          1     3.5495     3.3016      76.30      0.527     0.4354     0.2474  9.084e+00  0.7894000    34.6469    34.6454    -0.0015    -0.0002    27.1079    27.1068     14.365     14.385    1479.36    1479.35     6.2698     6.3555    93.1520    94.4240  0.000e+00
      24375     15.000     7.2337     7.2337    3.51851    3.51839          1     3.5489     3.3017      75.75      0.519     0.4210     0.2499  8.435e+00  0.6772000    34.6470    34.6456    -0.0014     0.0000    27.1080    27.1069     14.861     14.881    1479.36    1479.36     6.2640     6.3574    93.0660    94.4530  0.000e+00
      24400     15.500     7.2341     7.2339    3.51851    3.51837          1     3.5474     3.3024      75.30      0.498     0.4258     0.2308  7.804e+00  0.6367000    34.6463    34.6450    -0.0013    -0.0001    27.1074    27.1064     15.356     15.377    1479.37    1479.37     6.2583     6.3585    92.9810    94.4680  0.000e+00
      24426     16.000     7.2337     7.2339    3.51862    3.51843          1     3.5453     3.3021      74.76      0.473     0.4170     0.2026  7.223e+00  0.6479000    34.6477    34.6454    -0.0022     0.0002    27.1085    27.1067     15.852     15.873    1479.38    1479.38     6.2556     6.3515    92.9410    94.3650  0.000e+00
      24452     16.500     7.2333     7.2334    3.51872    3.51854          1     3.5446     3.3016      74.34      0.454     0.4308     0.2519  6.699e+00  0.7239000    34.6490    34.6468    -0.0022     0.0002    27.1096    27.1079     16.347     16.368    1479.39    1479.39     6.2588     6.3583    92.9890    94.4650  0.000e+00
      24477     17.000     7.2332     7.2332    3.51874    3.51862          1     3.5442     3.3027      73.86      0.469     0.4480     0.2437  6.215e+00  0.7399000    34.6490    34.6476    -0.0014     0.0000    27.1096    27.1085     16.842     16.864    1479.40    1479.40     6.2616     6.3616    93.0300    94.5150  0.000e+00
      24500     17.500     7.2334     7.2333    3.51878    3.51864          1     3.5448     3.3024      73.40      0.506     0.4272     0.2221  5.803e+00  0.5952000    34.6490    34.6475    -0.0015    -0.0001    27.1096    27.1084     17.338     17.360    1479.41    1479.40     6.2657     6.3529    93.0920    94.3860  0.000e+00
      24523     18.000     7.2335     7.2334    3.51880    3.51866          1     3.5459     3.3018      72.90      0.522     0.4306     0.2332  5.421e+00  0.5881000    34.6488    34.6474    -0.0014    -0.0001    27.1095    27.1084     17.833     17.856    1479.41    1479.41     6.2676     6.3579    93.1210    94.4610  0.000e+00
      24549     18.500     7.2336     7.2335    3.51884    3.51871          1     3.5457     3.3027      72.31      0.490     0.4251     0.2334  5.018e+00  0.6803000    34.6490    34.6476    -0.0014    -0.0000    27.1096    27.1085     18.328     18.352    1479.42    1479.42     6.2644     6.3620    93.0720    94.5210  0.000e+00
      24575     19.000     7.2336     7.2335    3.51886    3.51874          1     3.5459     3.3022      71.77      0.452     0.4138     0.2230  4.622e+00  0.6893000    34.6490    34.6477    -0.0012    -0.0001    27.1096    27.1086     18.824     18.848    1479.43    1479.43     6.2662     6.3544    93.0990    94.4090  0.000e+00
      24601     19.500     7.2336     7.2334    3.51890    3.51876          1     3.5457     3.3020      71.38      0.457     0.4313     0.2437  4.291e+00  0.6046000    34.6491    34.6477    -0.0014    -0.0002    27.1097    27.1086     19.319     19.343    1479.44    1479.44     6.2654     6.3562    93.0880    94.4350  0.000e+00
      24623     20.000     7.2336     7.2334    3.51896    3.51881          1     3.5457     3.3015      70.90      0.506     0.4347     0.2227  3.993e+00  0.6335000    34.6496    34.6481    -0.0015    -0.0002    27.1101    27.1089     19.814     19.839    1479.45    1479.45     6.2664     6.3536    93.1040    94.3970  0.000e+00
      24644     20.500     7.2335     7.2331    3.51900    3.51887          1     3.5460     3.3010      70.46      0.554     0.4544     0.2253  3.721e+00  0.7990000    34.6498    34.6487    -0.0012    -0.0003    27.1103    27.1094     20.310     20.335    1479.46    1479.45     6.2693     6.3512    93.1460    94.3620  0.000e+00
      24667     21.000     7.2333     7.2322    3.51903    3.51892          1     3.5464     3.3004      69.92      0.553     0.4648     0.2257  3.467e+00  0.7317000    34.6500    34.6500    -0.0000    -0.0011    27.1104    27.1106     20.805     20.831    1479.46    1479.46     6.2675     6.3515    93.1190    94.3640  0.000e+00
      24695     21.500     7.2327     7.2327    3.51909    3.51894          1     3.5457     3.3000      69.31      0.463     0.4602     0.1986  3.212e+00  0.8221000    34.6511    34.6494    -0.0017     0.0000    27.1114    27.1100     21.300     21.327    1479.47    1479.47     6.2657     6.3525    93.0920    94.3800  0.000e+00
      24724     22.000     7.2316     7.2314    3.51916    3.51904          1     3.5453     3.2994      68.59      0.406     0.4414     0.2624  2.974e+00  0.6733000    34.6526    34.6515    -0.0011    -0.0002    27.1127    27.1119     21.796     21.823    1479.48    1479.48     6.2665     6.3507    93.1020    94.3520  0.000e+00
      24748     22.500     7.2314     7.2314    3.51922    3.51906          1     3.5453     3.2992      68.00      0.457     0.4434     0.2152  2.736e+00  0.6379000    34.6533    34.6516    -0.0017    -0.0001    27.1133    27.1119     22.291     22.318    1479.49    1479.48     6.2660     6.3561    93.0950    94.4320  0.000e+00
      24769     23.000     7.2307     7.2308    3.51931    3.51914          1     3.5451     3.2999      67.81      0.525     0.4526     0.2605  2.531e+00  0.7264000    34.6547    34.6528    -0.0019     0.0001    27.1145    27.1130     22.786     22.814    1479.49    1479.49     6.2673     6.3625    93.1140    94.5260  0.000e+00
      24791     23.500     7.2294     7.2291    3.51942    3.51928          1     3.5453     3.3004      67.48      0.562     0.4538     0.2359  2.361e+00  0.7585000    34.6570    34.6557    -0.0013    -0.0003    27.1165    27.1155     23.282     23.310    1479.50    1479.50     6.2679     6.3588    93.1210    94.4700  0.000e+00
      24815     24.000     7.2292     7.2289    3.51948    3.51935          1     3.5446     3.2999      66.95      0.536     0.4421     0.2064  2.217e+00  0.7262000    34.6576    34.6565    -0.0011    -0.0003    27.1170    27.1161     23.777     23.806    1479.51    1479.50     6.2632     6.3507    93.0520    94.3490  0.000e+00
