ctdpy/tests/etc/exprapp_feb_2020/SBE09_1387_20200213_0709_77_10_0145.cnv
* Sea-Bird SBE 9 Data File:
* FileName = L:\2020\sv20d0145.hex
* Software Version Seasave V 7.26.7.121
* Temperature SN = 6378
* Conductivity SN = 4824
* Number of Bytes Per Scan = 41
* Number of Voltage Words = 4
* Number of Scans Averaged by the Deck Unit = 1
* NMEA Latitude = 57 06.97 N
* NMEA Longitude = 017 40.03 E
* NMEA UTC (Time) = Feb 13 2020  07:09:48
* NMEA baud rate = 4800
** Station:  BY38
** Operator:  DBSj
** Ship: SVEA
** Average sound velocity: 1439.04 m/s
** True-depth calculation Thu, 13 Feb 2020 08:50:10 +0000
** CTD Python Module SMHI /ver 3-12/ feb 2012 
** LIMS Job: 20207710-0145
** Cruise: SMHI-02-2020
** Latitude [GG MM.mm N] :
** Longitude [GGG MM.mm E]:
# nquan = 30
# nvalues = 210                         
# units = specified
# name 0 = scan: Scan Count
# name 1 = prDM: Pressure, Digiquartz [db]
# name 2 = t090C: Temperature [ITS-90, deg C]
# name 3 = t190C: Temperature, 2 [ITS-90, deg C]
# name 4 = c0S/m: Conductivity [S/m]
# name 5 = c1S/m: Conductivity, 2 [S/m]
# name 6 = pumps: Pump Status
# name 7 = sbeox0V: Oxygen raw, SBE 43 [V]
# name 8 = sbeox1V: Oxygen raw, SBE 43, 2 [V]
# name 9 = altM: Altimeter [m]
# name 10 = dz/dtM: Descent Rate [m/s]
# name 11 = flECO-AFL: Chl-a Fluorescence, WET Labs ECO-AFL/FL [mg/m^3]
# name 12 = flECO-AFL1: Phycocyanin Fluorescence, WET Labs ECO-AFL/FL, 2 [mg/m^3]
# name 13 = par: PAR/Irradiance, Biospherical/Lico [µE/(cm^2*s)]
# name 14 = turbWETntu0: Turbidity, WET Labs ECO [NTU]
# name 15 = sal00: Salinity, Practical [PSU]
# name 16 = sal11: Salinity, Practical, 2 [PSU]
# name 17 = secS-priS: Salinity, Practical, Difference, 2 - 1 [PSU]
# name 18 = T2-T190C: Temperature Difference, 2 - 1 [ITS-90, deg C]
# name 19 = sigma-t00: Density [sigma-t, kg/m^3 ]
# name 20 = sigma-t11: Density, 2 [sigma-t, kg/m^3 ]
# name 21 = depSM: Depth [salt water, m], lat = 57.1162
# name 22 = depFM: Depth [true depth, m], lat = 57.1162
# name 23 = svCM: Sound Velocity [Chen-Millero, m/s]
# name 24 = svCM1: Sound Velocity, 2 [Chen-Millero, m/s]
# name 25 = sbeox0ML/L: Oxygen, SBE 43 [ml/l], WS = 2
# name 26 = sbeox1ML/L: Oxygen, SBE 43, 2 [ml/l], WS = 2
# name 27 = sbeox0PS: Oxygen, SBE 43 [% saturation], WS = 2
# name 28 = sbeox1PS: Oxygen, SBE 43, 2 [% saturation], WS = 2
# name 29 = flag: flag
# span 0 =      50354,      58179       
# span 1 =      2.000,    106.500       
# span 2 =     4.5720,     5.8123       
# span 3 =     4.5720,     5.8119       
# span 4 =   0.772546,   1.144791       
# span 5 =   0.772617,   1.144900       
# span 6 =          1,          1       
# span 7 =     0.7445,     3.4792       
# span 8 =     0.7304,     3.2492       
# span 9 =       1.13,      98.28       
# span 10 =     -0.202,      1.233      
# span 11 =     0.3349,     0.4688      
# span 12 =     0.1287,     0.3256      
# span 13 = 1.0000e-12, 5.1623e+01      
# span 14 =     0.1082,     1.9405      
# span 15 =     7.1972,    10.5735      
# span 16 =     7.1980,    10.5747      
# span 17 =    -0.0475,     0.2631      
# span 18 =    -0.0191,     0.0958      
# span 19 =     5.7054,     8.3163      
# span 20 =     5.7060,     8.3173      
# span 21 =      1.982,    105.494      
# span 22 =      2.026,    107.728      
# span 23 =    1433.58,    1444.93      
# span 24 =    1433.58,    1444.93      
# span 25 =     0.0528,     7.8644      
# span 26 =     0.0892,     8.0152      
# span 27 =      0.647,     91.345      
# span 28 =      1.093,     93.102      
# span 29 = 0.0000e+00, 0.0000e+00      
# interval = decibars: 0.5              
# start_time = Feb 13 2020 07:09:49 [NMEA time, first data scan]
# bad_flag = -9.990e-29
*END*
[from data line 97]
      53402     50.500     5.1886     5.1941    0.92425    0.92635          1     2.3185     2.2261      59.23      0.643     0.3394     0.2319  1.000e-12  0.1154000     8.5597     8.5792     0.0196     0.0055     6.7600     6.7752     50.030     51.143    1438.80    1438.85     3.7022     3.4480    44.0730    41.0590  0.000e+00
      53454     51.000     5.1795     5.2185    0.92275    0.93423          1     2.0498     1.9662      58.46      0.319     0.3445     0.2260  1.000e-12  0.1280000     8.5468     8.6515     0.1046     0.0390     6.7502     6.8312     50.525     51.649    1438.75    1439.05     2.7470     2.4666    32.7080    29.4000  0.000e+00
      53502     51.500     5.1614     5.2572    0.92124    0.95007          1     1.7522     1.6838      58.03      0.230     0.3349     0.1977  1.000e-12  0.1275000     8.5362     8.7993     0.2631     0.0958     6.7426     6.9462     51.020     52.155    1438.67    1439.42     1.8881     1.5335    22.4580    18.3170  0.000e+00
      53515     52.000     5.2952     5.2972    0.96740    0.96861          1     1.6878     1.6203      57.67      0.546     0.3349     0.1287  1.000e-12  0.1322000     8.9621     8.9736     0.0115     0.0020     7.0730     7.0820     51.515     52.661    1439.80    1439.82     2.0629     1.7210    24.6890    20.6000  0.000e+00
      53529     52.500     5.3229     5.3260    0.97875    0.97964          1     1.6518     1.5745      57.26      0.776     0.3383     0.1381  1.000e-12  0.1455000     9.0677     9.0758     0.0081     0.0031     7.1551     7.1614     52.011     53.166    1440.06    1440.08     2.2033     1.9060    26.4070    22.8470  0.000e+00
      53556     53.000     5.3325     5.3306    0.98031    0.98044          1     1.5999     1.5162      56.61      0.646     0.3503     0.1626  1.000e-12  0.1540000     9.0806     9.0824     0.0018    -0.0019     7.1648     7.1664     52.506     53.672    1440.13    1440.12     2.1113     1.9333    25.3150    23.1790  0.000e+00
      53612     53.500     5.2868     5.2999    0.96606    0.96990          1     1.4568     1.3943      55.81      0.105     0.3636     0.2070  1.000e-12  0.1477000     8.9507     8.9855     0.0348     0.0131     7.0644     7.0913     53.001     54.177    1439.77    1439.87     1.4824     1.4071    17.7350    16.8450  0.000e+00
      53629     54.000     5.3025     5.3260    0.97222    0.98088          1     1.3953     1.3468      55.53      0.418     0.3558     0.2195  1.000e-12  0.1642000     9.0078     9.0879     0.0801     0.0235     7.1087     7.1709     53.497     54.683    1439.92    1440.12     1.4254     1.3634    17.0680    16.3440  0.000e+00
      53646     54.500     5.3660     5.3667    0.99438    0.99492          1     1.3569     1.3131      55.14      0.629     0.3645     0.2073  1.000e-12  0.1771000     9.2117     9.2170     0.0053     0.0007     7.2667     7.2708     53.992     55.189    1440.46    1440.47     1.4660     1.4128    17.6060    16.9670  0.000e+00
      53666     55.000     5.3697     5.3694    0.99606    0.99621          1     1.3322     1.2858      54.51      0.673     0.3699     0.2066  1.000e-12  0.1729000     9.2274     9.2290     0.0016    -0.0003     7.2789     7.2802     54.487     55.694    1440.51    1440.51     1.5134     1.4735    18.1790    17.7000  0.000e+00
      53709     55.500     5.3554     5.3624    0.99157    0.99348          1     1.2828     1.2402      53.80      0.321     0.3787     0.1986  1.000e-12  0.1616000     9.1864     9.2036     0.0172     0.0070     7.2472     7.2605     54.982     56.200    1440.40    1440.45     1.3321     1.3424    15.9920    16.1200  0.000e+00
      53751     56.000     5.3722     5.3731    0.99734    0.99826          1     1.2169     1.1865      53.36      0.256     0.3662     0.2308  1.000e-12  0.1629000     9.2393     9.2482     0.0089     0.0009     7.2882     7.2952     55.478     56.706    1440.55    1440.56     1.1037     1.1179    13.2600    13.4310  0.000e+00
      53773     56.500     5.3887     5.3886    1.00404    1.00423          1     1.1788     1.1545      52.94      0.437     0.3630     0.1695  1.000e-12  0.1749000     9.3016     9.3035     0.0020    -0.0001     7.3365     7.3381     55.973     57.211    1440.71    1440.71     1.0042     0.9764    12.0740    11.7400  0.000e+00
      53791     57.000     5.3933     5.3931    1.00537    1.00549          1     1.1519     1.1258      52.43      0.583     0.3775     0.1589  1.000e-12  0.1787000     9.3135     9.3148     0.0013    -0.0002     7.3457     7.3467     56.468     57.717    1440.75    1440.75     1.0119     0.9002    12.1690    10.8260  0.000e+00
      53810     57.500     5.4002     5.4004    1.01157    1.01218          1     1.1390     1.0989      51.98      0.653     0.3835     0.1655  1.000e-12  0.1819000     9.3734     9.3795     0.0060     0.0002     7.3927     7.3975     56.963     58.222    1440.86    1440.87     1.0540     0.9045    12.6830    10.8840  0.000e+00
      53844     58.000     5.3998     5.4163    1.01270    1.01812          1     1.1146     1.0653      51.21      0.450     0.3712     0.2071  1.000e-12  0.1987000     9.3847     9.4343     0.0495     0.0166     7.4016     7.4399     57.459     58.728    1440.88    1441.02     0.9087     0.8385    10.9360    10.0980  0.000e+00
      53904     58.500     5.4114     5.4113    1.02092    1.02360          1     1.0126     0.9886      50.65      0.165     0.3998     0.2137  1.000e-12  0.2224000     9.4636     9.4904     0.0268    -0.0000     7.4633     7.4844     57.954     59.233    1441.04    1441.07     0.4884     0.4887     5.8830     5.8860  0.000e+00
      53927     59.000     5.4068     5.4056    1.02691    1.02724          1     0.9681     0.9536      50.27      0.384     0.3683     0.1769  1.000e-12  0.2317000     9.5247     9.5283     0.0036    -0.0012     7.5117     7.5147     58.449     59.739    1441.11    1441.10     0.4024     0.3959     4.8480     4.7690  0.000e+00
      53945     59.500     5.4029     5.4027    1.03134    1.03180          1     0.9380     0.9281      49.68      0.552     0.3787     0.1690  1.000e-12  0.2308000     9.5701     9.5747     0.0046    -0.0002     7.5478     7.5514     58.944     60.244    1441.16    1441.16     0.3628     0.3603     4.3720     4.3420  0.000e+00
      53964     60.000     5.4051     5.4052    1.03468    1.03504          1     0.9138     0.9065      49.17      0.643     0.3876     0.1891  1.000e-12  0.2311000     9.6027     9.6063     0.0036     0.0000     7.5734     7.5763     59.440     60.750    1441.21    1441.22     0.3440     0.3546     4.1460     4.2740  0.000e+00
      53986     60.500     5.4101     5.4106    1.03756    1.03797          1     0.8927     0.8870      48.57      0.613     0.3936     0.2028  1.000e-12  0.2422000     9.6300     9.6340     0.0040     0.0005     7.5948     7.5979     59.935     61.255    1441.28    1441.29     0.3360     0.3661     4.0510     4.4140  0.000e+00
      54016     61.000     5.4120     5.4116    1.03869    1.03873          1     0.8732     0.8684      47.91      0.451     0.3876     0.2293  1.000e-12  0.2679000     9.6407     9.6412     0.0005    -0.0004     7.6031     7.6035     60.430     61.761    1441.31    1441.31     0.3195     0.3577     3.8520     4.3130  0.000e+00
      54063     61.500     5.4136     5.4160    1.03952    1.03992          1     0.8425     0.8377      47.13      0.247     0.3817     0.1643  1.000e-12  0.2980000     9.6485     9.6518     0.0033     0.0024     7.6092     7.6116     60.926     62.266    1441.33    1441.35     0.2050     0.2264     2.4720     2.7300  0.000e+00
      54100     62.000     5.4306     5.4328    1.04613    1.04730          1     0.8125     0.8103      42.69      0.283     0.3941     0.2072  1.000e-12  0.3217000     9.7097     9.7208     0.0111     0.0022     7.6566     7.6652     61.421     62.771    1441.49    1441.52     0.1292     0.1596     1.5590     1.9260  0.000e+00
      54119     62.500     5.4471     5.4482    1.05118    1.05152          1     0.8001     0.7987      46.34      0.469     0.3832     0.2024  1.000e-12  0.3227000     9.7553     9.7584     0.0031     0.0011     7.6917     7.6941     61.916     63.277    1441.63    1441.64     0.1217     0.1639     1.4690     1.9800  0.000e+00
      54136     63.000     5.4674     5.4682    1.05497    1.05539          1     0.7923     0.7916      45.87      0.633     0.3817     0.1818  1.000e-12  0.3411000     9.7873     9.7913     0.0040     0.0009     7.7159     7.7190     62.411     63.782    1441.76    1441.77     0.1322     0.1927     1.5970     2.3300  0.000e+00
      54157     63.500     5.4854     5.4853    1.06138    1.06164          1     0.7883     0.7875      45.29      0.659     0.3896     0.2053  1.000e-12  0.6095000     9.8461     9.8488     0.0026    -0.0001     7.7614     7.7634     62.906     64.288    1441.93    1441.93     0.1524     0.2242     1.8440     2.7120  0.000e+00
      54211     64.000     5.4646     5.4572    1.05535    1.05363          1     0.7801     0.7799      44.47      0.232     0.4062     0.2578  1.000e-12  1.2485000     9.7918     9.7767    -0.0151    -0.0074     7.7196     7.7081     63.402     64.793    1441.77    1441.72     0.1218     0.1848     1.4720     2.2330  0.000e+00
      54247     64.500     5.4991     5.4800    1.06507    1.05976          1     0.7728     0.7715      43.97      0.284     0.4167     0.2394  1.000e-12  1.3747000     9.8788     9.8313    -0.0475    -0.0191     7.7864     7.7500     63.897     65.298    1442.04    1441.90     0.1030     0.1495     1.2460     1.8090  0.000e+00
      54266     65.000     5.5241     5.5252    1.07170    1.07226          1     0.7696     0.7671      43.56      0.499     0.4185     0.2249  1.000e-12  1.5187000     9.9378     9.9429     0.0052     0.0011     7.8316     7.8356     64.392     65.804    1442.23    1442.24     0.1001     0.1497     1.2130     1.8140  0.000e+00
      54283     65.500     5.5498     5.5517    1.07889    1.07969          1     0.7674     0.7641      43.02      0.635     0.4222     0.2178  1.000e-12  1.6072000    10.0019    10.0094     0.0075     0.0020     7.8808     7.8866     64.888     66.309    1442.43    1442.45     0.0988     0.1535     1.1980     1.8620  0.000e+00
      54304     66.000     5.5777     5.5791    1.08642    1.08697          1     0.7654     0.7616      42.43      0.651     0.4280     0.2064  1.000e-12  1.6954000    10.0689    10.0739     0.0051     0.0014     7.9321     7.9360     65.383     66.814    1442.64    1442.66     0.0983     0.1549     1.1930     1.8800  0.000e+00
      54337     66.500     5.5900     5.5898    1.08972    1.08954          1     0.7632     0.7585      41.78      0.429     0.4250     0.2157  1.000e-12  1.8358000    10.0981    10.0964    -0.0017    -0.0003     7.9544     7.9531     65.878     67.319    1442.74    1442.74     0.0969     0.1563     1.1770     1.8980  0.000e+00
      54386     67.000     5.5982     5.5927    1.09162    1.08964          1     0.7614     0.7555      41.35      0.227     0.4249     0.1966  1.000e-12  1.9205000    10.1146    10.0964    -0.0181    -0.0055     7.9670     7.9530     66.373     67.825    1442.81    1442.76     0.0950     0.1514     1.1550     1.8390  0.000e+00
      54419     67.500     5.6122     5.6115    1.09471    1.09476          1     0.7604     0.7538      41.04      0.327     0.4270     0.2296  1.000e-12  1.9392000    10.1412    10.1419     0.0007    -0.0007     7.9872     7.9878     66.868     68.330    1442.91    1442.91     0.0927     0.1521     1.1270     1.8490  0.000e+00
      54442     68.000     5.6156     5.6152    1.09556    1.09566          1     0.7598     0.7530      40.14      0.455     0.4211     0.2379  1.000e-12  1.9405000    10.1486    10.1496     0.0011    -0.0004     7.9928     7.9937     67.364     68.835    1442.94    1442.94     0.0907     0.1497     1.1020     1.8200  0.000e+00
      54462     68.500     5.6166     5.6163    1.09617    1.09629          1     0.7591     0.7525      40.01      0.548     0.4244     0.2349  1.000e-12  1.9200000    10.1542    10.1556     0.0013    -0.0003     7.9972     7.9983     67.859     69.340    1442.96    1442.96     0.0899     0.1480     1.0930     1.8000  0.000e+00
      54479     69.000     5.6192     5.6191    1.09685    1.09702          1     0.7588     0.7516      39.71      0.620     0.4306     0.3041  1.000e-12  1.9013000    10.1602    10.1619     0.0017    -0.0001     8.0018     8.0031     68.354     69.846    1442.99    1442.99     0.0911     0.1467     1.1090     1.7840  0.000e+00
      54497     69.500     5.6262     5.6263    1.09851    1.09874          1     0.7587     0.7514      39.28      0.675     0.4312     0.2919  1.000e-12  1.8853000    10.1746    10.1768     0.0022     0.0001     8.0128     8.0145     68.849     70.351    1443.04    1443.05     0.0956     0.1529     1.1630     1.8600  0.000e+00
      54539     70.000     5.6247     5.6245    1.09803    1.09811          1     0.7600     0.7516      38.71      0.508     0.4307     0.2252  1.000e-12  1.7815000    10.1701    10.1711     0.0009    -0.0002     8.0093     8.0100     69.345     70.856    1443.04    1443.04     0.1039     0.1582     1.2630     1.9250  0.000e+00
      54619     70.500     5.6172     5.6164    1.09620    1.09622          1     0.7599     0.7513      38.28      0.319     0.4312     0.1586  1.000e-12  1.7441000    10.1540    10.1544     0.0004    -0.0008     7.9970     7.9974     69.840     71.361    1442.99    1442.99     0.0845     0.1410     1.0270     1.7150  0.000e+00
      54628     71.000     5.6296     5.6310    1.09975    1.10024          1     0.7588     0.7508      37.98      0.627     0.4312     0.2057  1.000e-12  1.7444000    10.1857    10.1902     0.0045     0.0014     8.0213     8.0248     70.335     71.866    1443.09    1443.11     0.0833     0.1412     1.0140     1.7180  0.000e+00
      54638     71.500     5.6516     5.6518    1.10518    1.10535          1     0.7586     0.7504      37.61      0.880     0.4312     0.2631  1.000e-12  1.6792000    10.2332    10.2349     0.0017     0.0002     8.0575     8.0588     70.830     72.372    1443.26    1443.26     0.0851     0.1383     1.0360     1.6850  0.000e+00
      54647     72.000     5.6546     5.6544    1.10614    1.10626          1     0.7575     0.7499      37.19      1.090     0.4312     0.2657  1.000e-12  1.6675000    10.2418    10.2431     0.0013    -0.0002     8.0641     8.0651     71.325     72.877    1443.29    1443.29     0.0859     0.1414     1.0460     1.7220  0.000e+00
      54657     72.500     5.6611     5.6609    1.10803    1.10813          1     0.7584     0.7493      36.68      1.233     0.4312     0.2139  1.000e-12  1.6193000    10.2586    10.2597     0.0011    -0.0002     8.0770     8.0779     71.821     73.382    1443.35    1443.35     0.0923     0.1457     1.1240     1.7760  0.000e+00
      54688     73.000     5.6580     5.6569    1.10711    1.10701          1     0.7582     0.7499      35.75      1.011     0.4312     0.2026  1.000e-12  1.5078000    10.2503    10.2497    -0.0006    -0.0011     8.0706     8.0702     72.316     73.887    1443.33    1443.33     0.0940     0.1500     1.1450     1.8280  0.000e+00
      54779     73.500     5.6344     5.6434    1.10064    1.10349          1     0.7571     0.7484      34.54      0.397     0.4312     0.2631  1.000e-12  1.5179000    10.1927    10.2185     0.0258     0.0090     8.0266     8.0464     72.811     74.392    1443.16    1443.24     0.0791     0.1290     0.9630     1.5700  0.000e+00
      54791     74.000     5.6605     5.6582    1.10783    1.10739          1     0.7568     0.7476      34.59      0.683     0.4312     0.2248  1.000e-12  1.4891000    10.2566    10.2529    -0.0037    -0.0023     8.0754     8.0727     73.307     74.898    1443.37    1443.35     0.0809     0.1283     0.9860     1.5630  0.000e+00
