ctdpy/tests/etc/exprapp_feb_2020/SBE09_1387_20200210_0631_77_10_0134.cnv
* Sea-Bird SBE 9 Data File:
* FileName = L:\2020\sv20d0134.hex
* Software Version Seasave V 7.26.7.121
* Temperature SN = 6378
* Conductivity SN = 4824
* Number of Bytes Per Scan = 41
* Number of Voltage Words = 4
* Number of Scans Averaged by the Deck Unit = 1
* NMEA Latitude = 56 38.59 N
* NMEA Longitude = 019 35.59 E
* NMEA UTC (Time) = Feb 10 2020  06:31:11
* NMEA baud rate = 4800
** Station:  BY10
** Operator:  DBSj
** Ship: SVEA
** Average sound velocity: 1445.29 m/s
** True-depth calculation Mon, 10 Feb 2020 07:26:40 +0000
** CTD Python Module SMHI /ver 3-12/ feb 2012 
** LIMS Job: 20207710-0134
** Cruise: SMHI-03-2020
** Latitude [GG MM.mm N] :
** Longitude [GGG MM.mm E]:
# nquan = 30
# nvalues = 272                         
# units = specified
# name 0 = scan: Scan Count
# name 1 = prDM: Pressure, Digiquartz [db]
# name 2 = t090C: Temperature [ITS-90, deg C]
# name 3 = t190C: Temperature, 2 [ITS-90, deg C]
# name 4 = c0S/m: Conductivity [S/m]
# name 5 = c1S/m: Conductivity, 2 [S/m]
# name 6 = pumps: Pump Status
# name 7 = sbeox0V: Oxygen raw, SBE 43 [V]
# name 8 = sbeox1V: Oxygen raw, SBE 43, 2 [V]
# name 9 = altM: Altimeter [m]
# name 10 = dz/dtM: Descent Rate [m/s]
# name 11 = flECO-AFL: Chl-a Fluorescence, WET Labs ECO-AFL/FL [mg/m^3]
# name 12 = flECO-AFL1: Phycocyanin Fluorescence, WET Labs ECO-AFL/FL, 2 [mg/m^3]
# name 13 = par: PAR/Irradiance, Biospherical/Lico [µE/(cm^2*s)]
# name 14 = turbWETntu0: Turbidity, WET Labs ECO [NTU]
# name 15 = sal00: Salinity, Practical [PSU]
# name 16 = sal11: Salinity, Practical, 2 [PSU]
# name 17 = secS-priS: Salinity, Practical, Difference, 2 - 1 [PSU]
# name 18 = T2-T190C: Temperature Difference, 2 - 1 [ITS-90, deg C]
# name 19 = sigma-t00: Density [sigma-t, kg/m^3 ]
# name 20 = sigma-t11: Density, 2 [sigma-t, kg/m^3 ]
# name 21 = depSM: Depth [salt water, m], lat = 56.6432
# name 22 = depFM: Depth [true depth, m], lat = 56.6432
# name 23 = svCM: Sound Velocity [Chen-Millero, m/s]
# name 24 = svCM1: Sound Velocity, 2 [Chen-Millero, m/s]
# name 25 = sbeox0ML/L: Oxygen, SBE 43 [ml/l], WS = 2
# name 26 = sbeox1ML/L: Oxygen, SBE 43, 2 [ml/l], WS = 2
# name 27 = sbeox0PS: Oxygen, SBE 43 [% saturation], WS = 2
# name 28 = sbeox1PS: Oxygen, SBE 43, 2 [% saturation], WS = 2
# name 29 = flag: flag
# span 0 =      16057,      28540       
# span 1 =      2.000,    137.500       
# span 2 =     4.8344,     8.3591       
# span 3 =     4.8340,     8.3686       
# span 4 =   0.791889,   1.432755       
# span 5 =   0.791968,   1.432702       
# span 6 =          1,          1       
# span 7 =     0.7407,     3.5376       
# span 8 =     0.7224,     3.2927       
# span 9 =       3.21,      96.88       
# span 10 =     -0.510,      1.669      
# span 11 =     0.3374,     0.4344      
# span 12 =     0.1470,     0.2833      
# span 13 = 1.0000e-12, 3.1449e+00      
# span 14 =     0.1019,     1.2438      
# span 15 =     7.3314,    12.7933      
# span 16 =     7.3322,    12.7909      
# span 17 =    -0.0532,     0.1625      
# span 18 =    -0.1144,     0.2252      
# span 19 =     5.8027,     9.9590      
# span 20 =     5.8033,     9.9569      
# span 21 =      1.982,    136.196      
# span 22 =      2.025,    138.980      
# span 23 =    1434.92,    1458.05      
# span 24 =    1434.92,    1458.07      
# span 25 =     0.0404,     7.9772      
# span 26 =     0.0635,     8.0831      
# span 27 =      0.520,     93.348      
# span 28 =      0.816,     94.588      
# span 29 = 0.0000e+00, 0.0000e+00      
# interval = decibars: 0.5              
# start_time = Feb 10 2020 06:31:11 [NMEA time, first data scan]
# bad_flag = -9.990e-29
*END*
[from data line 194]
      22420     99.000     8.1819     8.1818    1.37272    1.37277          1     0.9801     0.9467      42.12      1.119     0.3631     0.1933  1.000e-12  0.1640000    12.0154    12.0160     0.0005    -0.0001     9.2620     9.2624     98.070    100.140    1456.44    1456.44     0.6494     0.6868     8.5090     8.9990  0.000e+00
      22506     99.500     8.1585     8.1611    1.37032    1.37081          1     0.9790     0.9459      41.05      0.536     0.3672     0.2090  1.000e-12  0.1597000    12.0005    12.0043     0.0038     0.0026     9.2526     9.2553     98.565    100.645    1456.34    1456.35     0.6415     0.6782     8.3990     8.8820  0.000e+00
      22634    100.000     8.1426     8.1514    1.36910    1.37058          1     0.9698     0.9379      40.34      0.129     0.3576     0.2637  1.000e-12  0.1769000    11.9943    12.0053     0.0110     0.0088     9.2492     9.2570     99.061    101.150    1456.27    1456.32     0.5844     0.6116     7.6490     8.0080  0.000e+00
      22643    100.500     8.1301     8.1447    1.36830    1.37189          1     0.9660     0.9344      40.09      0.471     0.3499     0.2213  1.000e-12  0.1681000    11.9909    12.0199     0.0290     0.0146     9.2478     9.2690     99.556    101.654    1456.23    1456.32     0.5817     0.6042     7.6120     7.9100  0.000e+00
      22654    101.000     8.1272     8.1177    1.37241    1.37447          1     0.9633     0.9320      39.75      0.735     0.3460     0.2217  1.000e-12  0.1642000    12.0308    12.0535     0.0228    -0.0094     9.2792     9.2979    100.051    102.159    1456.27    1456.26     0.5837     0.6080     7.6390     7.9570  0.000e+00
      22664    101.500     8.1058     8.0996    1.37370    1.37525          1     0.9624     0.9302      39.33      0.951     0.3527     0.2287  1.000e-12  0.1680000    12.0503    12.0671     0.0168    -0.0062     9.2964     9.3102    100.546    102.663    1456.22    1456.21     0.5915     0.6196     7.7370     8.1050  0.000e+00
      22675    102.000     8.0735     8.0709    1.37516    1.37522          1     0.9614     0.9297      38.80      1.108     0.3686     0.2349  1.000e-12  0.1765000    12.0751    12.0766     0.0014    -0.0026     9.3190     9.3203    101.041    103.168    1456.13    1456.12     0.5994     0.6378     7.8370     8.3380  0.000e+00
      22707    102.500     8.0652     8.0645    1.37516    1.37525          1     0.9618     0.9298      38.12      1.010     0.3597     0.2216  1.000e-12  0.1706000    12.0779    12.0789     0.0010    -0.0006     9.3219     9.3228    101.537    103.673    1456.10    1456.10     0.6084     0.6515     7.9540     8.5160  0.000e+00
      22846    103.000     8.0825     8.0769    1.37339    1.37374          1     0.9576     0.9251      37.58      0.567     0.3702     0.2071  1.000e-12  0.1647000    12.0550    12.0602     0.0052    -0.0055     9.3024     9.3070    102.032    104.177    1456.15    1456.14     0.5911     0.6271     7.7290     8.1980  0.000e+00
      22862    103.500     8.0664     8.0634    1.37322    1.37300          1     0.9577     0.9248      37.12      0.667     0.3702     0.2351  1.000e-12  0.1623000    12.0588    12.0577    -0.0011    -0.0030     9.3069     9.3063    102.527    104.682    1456.10    1456.09     0.5927     0.6256     7.7460     8.1760  0.000e+00
      22877    104.000     8.0805     8.0811    1.37394    1.37284          1     0.9576     0.9246      36.61      0.745     0.3702     0.1867  1.000e-12  0.1581000    12.0608    12.0501    -0.0106     0.0006     9.3071     9.2987    103.022    105.186    1456.17    1456.16     0.5933     0.6256     7.7570     8.1780  0.000e+00
      22928    104.500     8.0487     8.0434    1.37583    1.37613          1     0.9513     0.9176      35.96      0.548     0.3698     0.2011  1.000e-12  0.1630000    12.0896    12.0942     0.0047    -0.0053     9.3326     9.3367    103.517    105.691    1456.08    1456.07     0.5403     0.5578     7.0600     7.2880  0.000e+00
      23021    105.000     8.0539     7.9395    1.37491    1.37405          1     0.9179     0.8880      35.23      0.316     0.3697     0.2239  1.000e-12  0.1686000    12.0789    12.1101     0.0312    -0.1144     9.3238     9.3589    104.012    106.195    1456.10    1455.68     0.3640     0.3512     4.7570     4.5780  0.000e+00
      23044    105.500     7.7181     7.6401    1.36546    1.36307          1     0.8950     0.8693      34.82      0.456     0.3784     0.2396  1.000e-12  0.1704000    12.1043    12.1083     0.0040    -0.0780     9.3745     9.3848    104.508    106.700    1454.78    1454.47     0.3263     0.3246     4.2310     4.2010  0.000e+00
      23068    106.000     7.6452     7.6438    1.36660    1.36690          1     0.8767     0.8544      34.26      0.504     0.3742     0.1655  1.000e-12  0.1744000    12.1404    12.1438     0.0034    -0.0015     9.4095     9.4123    105.003    107.205    1454.54    1454.53     0.2970     0.2998     3.8450     3.8820  0.000e+00
      23100    106.500     7.5959     7.5944    1.36585    1.36603          1     0.8602     0.8341      33.70      0.408     0.3735     0.2090  1.000e-12  0.1826000    12.1503    12.1526     0.0023    -0.0015     9.4215     9.4235    105.498    107.709    1454.36    1454.35     0.3327     0.2635     4.3030     3.4070  0.000e+00
      23180    107.000     7.5025     7.4631    1.36207    1.36167          1     0.8579     0.8132      33.15      0.208     0.3824     0.1909  1.000e-12  0.1725000    12.1463    12.1562     0.0099    -0.0394     9.4266     9.4378    105.993    108.214    1453.98    1453.83     0.3600     0.3125     4.6440     4.0290  0.000e+00
      23253    107.500     7.4674     7.4648    1.36252    1.36292          1     0.8291     0.7962      32.93      0.401     0.3824     0.1470  1.000e-12  0.1766000    12.1628    12.1676     0.0047    -0.0026     9.4427     9.4466    106.488    108.718    1453.86    1453.86     0.1744     0.1908     2.2490     2.4600  0.000e+00
      23265    108.000     7.4346     7.4252    1.36192    1.36186          1     0.8213     0.7922      32.52      0.667     0.3713     0.1909  1.000e-12  0.1919000    12.1684    12.1710     0.0027    -0.0094     9.4499     9.4528    106.983    109.223    1453.74    1453.71     0.1844     0.2027     2.3750     2.6110  0.000e+00
      23278    108.500     7.4494     7.4604    1.36375    1.36471          1     0.8165     0.7899      32.01      0.860     0.3702     0.2194  1.000e-12  0.1946000    12.1808    12.1862     0.0054     0.0111     9.4583     9.4616    107.478    109.727    1453.83    1453.88     0.2038     0.2209     2.6270     2.8480  0.000e+00
      23294    109.000     7.5186     7.5195    1.36797    1.36829          1     0.8157     0.7885      31.45      0.905     0.3805     0.1818  1.000e-12  0.2154000    12.1973    12.2001     0.0028     0.0009     9.4652     9.4673    107.974    110.232    1454.14    1454.15     0.2391     0.2450     3.0880     3.1630  0.000e+00
      23321    109.500     7.5256     7.5166    1.36845    1.36770          1     0.8203     0.7898      30.87      0.631     0.3730     0.1512  1.000e-12  0.2336000    12.1994    12.1953    -0.0040    -0.0090     9.4662     9.4638    108.469    110.736    1454.17    1454.13     0.2886     0.2915     3.7270     3.7640  0.000e+00
      23450    110.000     7.5784     7.6514    1.37027    1.37694          1     0.8400     0.8109      30.00      0.217     0.3814     0.2302  1.000e-12  0.2087000    12.1983    12.2371     0.0388     0.0730     9.4607     9.4845    108.964    111.241    1454.40    1454.74     0.3623     0.4141     4.6860     5.3670  0.000e+00
      23493    110.500     7.7650     7.7685    1.38420    1.38470          1     0.8524     0.8241      29.64      0.283     0.3837     0.2355  1.000e-12  0.2179000    12.2669    12.2705     0.0036     0.0035     9.4976     9.5001    109.459    111.745    1455.25    1455.27     0.3523     0.4042     4.5780     5.2530  0.000e+00
      23511    111.000     8.0477     8.0616    1.40162    1.40278          1     0.8537     0.8263      29.31      0.489     0.3770     0.2346  1.000e-12  0.2224000    12.3343    12.3406     0.0063     0.0139     9.5240     9.5276    109.954    112.250    1456.49    1456.55     0.3424     0.3727     4.4810     4.8790  0.000e+00
      23528    111.500     8.1533     8.1565    1.40984    1.41050          1     0.8562     0.8273      28.84      0.661     0.3716     0.2011  1.000e-12  0.2321000    12.3755    12.3807     0.0051     0.0032     9.5461     9.5498    110.450    112.754    1456.97    1456.99     0.3504     0.3679     4.5990     4.8290  0.000e+00
      23552    112.000     8.1295     8.1143    1.41011    1.40848          1     0.8591     0.8287      28.19      0.620     0.3724     0.1760  1.000e-12  0.2722000    12.3863    12.3762    -0.0101    -0.0152     9.5568     9.5503    110.945    113.258    1456.90    1456.82     0.3528     0.3700     4.6280     4.8520  0.000e+00
      23623    112.500     8.0572     7.9723    1.40465    1.39794          1     0.8708     0.8379      27.43      0.167     0.3638     0.1958  1.000e-12  0.2728000    12.3596    12.3254    -0.0342    -0.0850     9.5429     9.5242    111.440    113.763    1456.58    1456.20     0.3543     0.3870     4.6390     5.0550  0.000e+00
      23653    113.000     8.1555     8.1392    1.41336    1.41247          1     0.8609     0.8335      27.09      0.330     0.3753     0.1930  1.000e-12  0.2769000    12.4079    12.4052    -0.0027    -0.0163     9.5711     9.5705    111.935    114.267    1457.04    1456.98     0.3051     0.3278     4.0060     4.3020  0.000e+00
      23672    113.500     8.2272     8.2077    1.42004    1.41917          1     0.8580     0.8305      26.67      0.518     0.3837     0.2359  1.000e-12  0.3108000    12.4460    12.4447    -0.0013    -0.0195     9.5940     9.5948    112.430    114.772    1457.39    1457.31     0.3305     0.3437     4.3470     4.5190  0.000e+00
      23702    114.000     8.0690     8.0640    1.41267    1.41258          1     0.8597     0.8308      26.20      0.585     0.3618     0.1953  1.000e-12  0.3258000    12.4317    12.4326     0.0009    -0.0050     9.5981     9.5993    112.925    115.276    1456.74    1456.72     0.3533     0.3798     4.6290     4.9760  0.000e+00
      23811    114.500     8.0552     8.0634    1.41180    1.41271          1     0.8697     0.8417      25.89      0.563     0.3581     0.1909  1.000e-12  0.3341000    12.4282    12.4339     0.0057     0.0082     9.5967     9.6003    113.420    115.781    1456.69    1456.73     0.4004     0.4475     5.2450     5.8630  0.000e+00
      23820    115.000     8.1888     8.2133    1.42014    1.42180          1     0.8723     0.8437      25.50      0.861     0.3594     0.1907  1.000e-12  0.3357000    12.4603    12.4674     0.0071     0.0245     9.6089     9.6120    113.916    116.285    1457.28    1457.38     0.3985     0.4421     5.2370     5.8140  0.000e+00
      23828    115.500     8.3589     8.3686    1.43144    1.43219          1     0.8736     0.8456      25.20      1.111     0.3568     0.1925  1.000e-12  0.3350000    12.5073    12.5110     0.0037     0.0097     9.6288     9.6308    114.411    116.789    1458.02    1458.07     0.3928     0.4353     5.1840     5.7470  0.000e+00
      23835    116.000     8.3591     8.3549    1.43276    1.43270          1     0.8745     0.8465      24.67      1.307     0.3623     0.1905  1.000e-12  0.3130000    12.5196    12.5206     0.0010    -0.0042     9.6384     9.6396    114.906    117.294    1458.05    1458.03     0.3882     0.4277     5.1250     5.6450  0.000e+00
      23842    116.500     8.2942     8.2915    1.43070    1.43073          1     0.8747     0.8466      24.27      1.457     0.3596     0.1924  1.000e-12  0.3107000    12.5230    12.5243     0.0012    -0.0027     9.6476     9.6488    115.401    117.798    1457.80    1457.79     0.3833     0.4188     5.0520     5.5190  0.000e+00
      23852    117.000     8.2793     8.2788    1.43081    1.43093          1     0.8746     0.8470      23.64      1.548     0.3613     0.1925  1.000e-12  0.3126000    12.5293    12.5306     0.0013    -0.0005     9.6539     9.6550    115.896    118.303    1457.75    1457.75     0.3784     0.4117     4.9860     5.4240  0.000e+00
      23929    117.500     8.2451     8.2618    1.42691    1.42952          1     0.8625     0.8379      22.81      1.040     0.3657     0.1480  1.000e-12  0.3206000    12.5043    12.5232     0.0189     0.0168     9.6377     9.6508    116.391    118.807    1457.59    1457.68     0.3313     0.3620     4.3610     4.7680  0.000e+00
      24004    118.000     8.2025     8.1795    1.42711    1.42658          1     0.8487     0.8275      22.27      0.789     0.3593     0.1887  1.000e-12  0.3318000    12.5212    12.5243     0.0031    -0.0229     9.6551     9.6598    116.886    119.311    1457.45    1457.36     0.2853     0.3205     3.7520     4.2130  0.000e+00
      24029    118.500     8.1840     8.1756    1.42553    1.42515          1     0.8435     0.8236      21.58      0.677     0.3592     0.1910  1.000e-12  0.3465000    12.5126    12.5120    -0.0006    -0.0084     9.6502     9.6505    117.382    119.816    1457.37    1457.34     0.2706     0.3043     3.5570     3.9990  0.000e+00
      24060    119.000     8.1667     8.1705    1.42455    1.42412          1     0.8332     0.8157      21.01      0.378     0.3592     0.1915  1.000e-12  0.3844000    12.5094    12.5039    -0.0054     0.0037     9.6493     9.6448    117.877    120.320    1457.31    1457.32     0.2036     0.2285     2.6750     3.0020  0.000e+00
      24083    119.500     8.1381     8.1457    1.42282    1.42329          1     0.8170     0.8019      20.53      0.435     0.3681     0.1777  1.000e-12  0.4108000    12.5029    12.5047     0.0017     0.0076     9.6471     9.6477    118.372    120.825    1457.19    1457.23     0.1588     0.1398     2.0850     1.8360  0.000e+00
      24103    120.000     8.1126     8.1209    1.42199    1.42216          1     0.8071     0.7878      20.10      0.561     0.3758     0.1859  1.000e-12  0.4092000    12.5040    12.5026    -0.0014     0.0083     9.6504     9.6485    118.867    121.329    1457.10    1457.13     0.1497     0.1044     1.9640     1.3710  0.000e+00
      24166    120.500     7.8802     7.9020    1.41800    1.41919          1     0.7858     0.7626      19.48      0.490     0.3778     0.2208  1.000e-12  0.4145000    12.5486    12.5522     0.0036     0.0218     9.7073     9.7081    119.362    121.833    1456.23    1456.32     0.1333     0.0855     1.7410     1.1160  0.000e+00
      24258    121.000     7.8338     7.8285    1.41745    1.41746          1     0.7605     0.7389      19.22      0.576     0.3813     0.2515  1.000e-12  0.5214000    12.5598    12.5619     0.0020    -0.0053     9.7204     9.7225    119.857    122.338    1456.06    1456.04     0.0639     0.0864     0.8340     1.1270  0.000e+00
      24267    121.500     7.7805     7.7727    1.41561    1.41547          1     0.7589     0.7382      18.78      0.824     0.3828     0.2212  1.000e-12  0.5535000    12.5612    12.5626     0.0014    -0.0078     9.7264     9.7283    120.352    122.842    1455.85    1455.83     0.0612     0.0839     0.7980     1.0930  0.000e+00
      24277    122.000     7.7052     7.6995    1.41251    1.41249          1     0.7569     0.7374      18.41      1.020     0.3882     0.2218  1.000e-12  0.6296000    12.5583    12.5601     0.0019    -0.0057     9.7310     9.7330    120.847    123.347    1455.55    1455.53     0.0575     0.0841     0.7470     1.0930  0.000e+00
