ctdpy/tests/etc/exprapp_feb_2020/SBE09_1387_20200201_0529_77_10_0086.cnv
* Sea-Bird SBE 9 Data File:
* FileName = L:\2020\sv20d0086.hex
* Software Version Seasave V 7.26.7.121
* Temperature SN = 6378
* Conductivity SN = 4824
* Number of Bytes Per Scan = 41
* Number of Voltage Words = 4
* Number of Scans Averaged by the Deck Unit = 1
* NMEA Latitude = 57 26.43 N
* NMEA Longitude = 010 49.68 E
* NMEA UTC (Time) = Feb 01 2020  05:29:24
* NMEA baud rate = 4800
** Station:  Laso ranna
** Operator:  A-KTh
** Ship: SVEA
** Average sound velocity: 1474.01 m/s
** True-depth calculation Sat, 01 Feb 2020 09:52:35 +0000
** CTD Python Module SMHI /ver 3-12/ feb 2012 
** LIMS Job: 20207710-0086
** Cruise: SMHI-02-2020
** Latitude [GG MM.mm N] :
** Longitude [GGG MM.mm E]:
# nquan = 30
# nvalues = 80                          
# units = specified
# name 0 = scan: Scan Count
# name 1 = prDM: Pressure, Digiquartz [db]
# name 2 = t090C: Temperature [ITS-90, deg C]
# name 3 = t190C: Temperature, 2 [ITS-90, deg C]
# name 4 = c0S/m: Conductivity [S/m]
# name 5 = c1S/m: Conductivity, 2 [S/m]
# name 6 = pumps: Pump Status
# name 7 = sbeox0V: Oxygen raw, SBE 43 [V]
# name 8 = sbeox1V: Oxygen raw, SBE 43, 2 [V]
# name 9 = altM: Altimeter [m]
# name 10 = dz/dtM: Descent Rate [m/s]
# name 11 = flECO-AFL: Chl-a Fluorescence, WET Labs ECO-AFL/FL [mg/m^3]
# name 12 = flECO-AFL1: Phycocyanin Fluorescence, WET Labs ECO-AFL/FL, 2 [mg/m^3]
# name 13 = par: PAR/Irradiance, Biospherical/Lico [µE/(cm^2*s)]
# name 14 = turbWETntu0: Turbidity, WET Labs ECO [NTU]
# name 15 = sal00: Salinity, Practical [PSU]
# name 16 = sal11: Salinity, Practical, 2 [PSU]
# name 17 = secS-priS: Salinity, Practical, Difference, 2 - 1 [PSU]
# name 18 = T2-T190C: Temperature Difference, 2 - 1 [ITS-90, deg C]
# name 19 = sigma-t00: Density [sigma-t, kg/m^3 ]
# name 20 = sigma-t11: Density, 2 [sigma-t, kg/m^3 ]
# name 21 = depSM: Depth [salt water, m], lat = 57.4405
# name 22 = depFM: Depth [true depth, m], lat = 57.4405
# name 23 = svCM: Sound Velocity [Chen-Millero, m/s]
# name 24 = svCM1: Sound Velocity, 2 [Chen-Millero, m/s]
# name 25 = sbeox0ML/L: Oxygen, SBE 43 [ml/l], WS = 2
# name 26 = sbeox1ML/L: Oxygen, SBE 43, 2 [ml/l], WS = 2
# name 27 = sbeox0PS: Oxygen, SBE 43 [% saturation], WS = 2
# name 28 = sbeox1PS: Oxygen, SBE 43, 2 [% saturation], WS = 2
# name 29 = flag: flag
# span 0 =      23195,      31881       
# span 1 =      1.000,     40.500       
# span 2 =     5.8368,     6.9810       
# span 3 =     5.8367,     6.9803       
# span 4 =   2.959402,   3.400338       
# span 5 =   2.959383,   3.400161       
# span 6 =          1,          1       
# span 7 =     3.5043,     3.5990       
# span 8 =     3.2669,     3.3518       
# span 9 =       0.95,      61.36       
# span 10 =     -0.191,      0.563      
# span 11 =     0.3789,     2.4821      
# span 12 =     0.1953,     0.7159      
# span 13 = 1.0000e-12, 2.0844e+00      
# span 14 =     0.4255,     2.3896      
# span 15 =    29.8019,    33.5901      
# span 16 =    29.8021,    33.5890      
# span 17 =    -0.0249,     0.0288      
# span 18 =    -0.0060,     0.0106      
# span 19 =    23.4664,    26.3109      
# span 20 =    23.4666,    26.3100      
# span 21 =      0.991,     40.123      
# span 22 =      0.995,     40.228      
# span 23 =    1467.56,    1477.48      
# span 24 =    1467.56,    1477.48      
# span 25 =     6.2738,     6.8185      
# span 26 =     6.3660,     6.9226      
# span 27 =     92.026,     94.985      
# span 28 =     93.368,     96.432      
# span 29 = 0.0000e+00, 0.0000e+00      
# interval = decibars: 0.5              
# start_time = Feb 01 2020 05:29:24 [NMEA time, first data scan]
# bad_flag = -9.990e-29
*END*
[from data line 49]
      24645     25.500     6.9525     6.9525    3.39312    3.39302          1     3.5254     3.2859      14.45      0.409     0.4095     0.2615  1.000e-12  1.4744000    33.5456    33.5445    -0.0011     0.0000    26.2795    26.2787     25.263     25.342    1477.07    1477.07     6.2924     6.3883    92.2170    93.6220  0.000e+00
      24671     26.000     6.9632     6.9635    3.39576    3.39585          1     3.5209     3.2822      14.34      0.431     0.3921     0.2212  1.000e-12  1.4893000    33.5639    33.5646     0.0007     0.0003    26.2925    26.2930     25.759     25.838    1477.14    1477.15     6.2850     6.3829    92.1430    93.5790  0.000e+00
      24694     26.500     6.9717     6.9714    3.39792    3.39781          1     3.5175     3.2803      14.41      0.487     0.4028     0.2634  1.000e-12  1.6329000    33.5790    33.5780    -0.0010    -0.0003    26.3033    26.3026     26.254     26.334    1477.20    1477.20     6.2796     6.3782    92.0910    93.5360  0.000e+00
      24717     27.000     6.9727     6.9726    3.39821    3.39812          1     3.5151     3.2779      14.37      0.523     0.4048     0.2816  1.000e-12  1.7308000    33.5810    33.5801    -0.0009    -0.0001    26.3047    26.3040     26.749     26.830    1477.22    1477.22     6.2781     6.3705    92.0730    93.4260  0.000e+00
      24741     27.500     6.9742     6.9749    3.39858    3.39871          1     3.5136     3.2752      13.62      0.522     0.3951     0.1953  1.000e-12  1.7937000    33.5833    33.5840     0.0007     0.0007    26.3064    26.3068     27.245     27.327    1477.24    1477.24     6.2802     6.3660    92.1080    93.3680  0.000e+00
      24764     28.000     6.9762     6.9763    3.39911    3.39904          1     3.5130     3.2736      13.40      0.513     0.4004     0.2840  1.000e-12  1.7977000    33.5869    33.5861    -0.0008     0.0000    26.3089    26.3082     27.740     27.823    1477.26    1477.26     6.2820     6.3749    92.1400    93.5020  0.000e+00
      24786     28.500     6.9767     6.9764    3.39920    3.39909          1     3.5127     3.2736      13.05      0.530     0.4143     0.2778  1.000e-12  1.8649000    33.5872    33.5862    -0.0010    -0.0003    26.3091    26.3083     28.235     28.319    1477.27    1477.26     6.2826     6.3818    92.1500    93.6040  0.000e+00
      24808     29.000     6.9771     6.9769    3.39934    3.39920          1     3.5126     3.2736      12.51      0.545     0.4041     0.2636  1.000e-12  1.9624000    33.5880    33.5867    -0.0013    -0.0003    26.3096    26.3087     28.731     28.815    1477.28    1477.28     6.2808     6.3809    92.1260    93.5930  0.000e+00
      24834     29.500     6.9771     6.9769    3.39934    3.39920          1     3.5116     3.2734      11.92      0.501     0.3960     0.2473  1.000e-12  2.0122000    33.5878    33.5865    -0.0013    -0.0003    26.3095    26.3085     29.226     29.311    1477.29    1477.28     6.2790     6.3803    92.1000    93.5840  0.000e+00
      24863     30.000     6.9767     6.9766    3.39925    3.39914          1     3.5113     3.2734      11.51      0.423     0.3946     0.2492  1.000e-12  2.0325000    33.5869    33.5858    -0.0011    -0.0001    26.3089    26.3080     29.721     29.808    1477.29    1477.29     6.2815     6.3837    92.1350    93.6320  0.000e+00
      24890     30.500     6.9774     6.9773    3.39940    3.39930          1     3.5116     3.2735      11.06      0.420     0.3997     0.2455  1.000e-12  2.0370000    33.5877    33.5866    -0.0011    -0.0001    26.3094    26.3085     30.217     30.304    1477.30    1477.30     6.2820     6.3789    92.1440    93.5640  0.000e+00
      24915     31.000     6.9779     6.9776    3.39952    3.39939          1     3.5110     3.2726      10.59      0.468     0.4026     0.2504  1.000e-12  2.0448000    33.5883    33.5871    -0.0011    -0.0002    26.3097    26.3089     30.712     30.800    1477.31    1477.31     6.2763     6.3754    92.0620    93.5140  0.000e+00
      24937     31.500     6.9782     6.9779    3.39961    3.39947          1     3.5097     3.2724       9.80      0.519     0.3950     0.2486  1.000e-12  2.0726000    33.5887    33.5874    -0.0013    -0.0003    26.3100    26.3091     31.207     31.296    1477.32    1477.32     6.2738     6.3799    92.0260    93.5810  0.000e+00
      24959     32.000     6.9790     6.9786    3.39975    3.39958          1     3.5091     3.2723       9.22      0.543     0.3891     0.2331  1.000e-12  2.0717000    33.5893    33.5878    -0.0015    -0.0004    26.3104    26.3093     31.702     31.792    1477.34    1477.33     6.2786     6.3806    92.0980    93.5920  0.000e+00
      24983     32.500     6.9793     6.9792    3.39981    3.39969          1     3.5100     3.2724       8.98      0.517     0.3896     0.2218  1.000e-12  2.0337000    33.5894    33.5882    -0.0012    -0.0001    26.3105    26.3095     32.198     32.289    1477.34    1477.34     6.2855     6.3820    92.2000    93.6150  0.000e+00
      25011     33.000     6.9794     6.9791    3.39986    3.39970          1     3.5111     3.2725       8.47      0.457     0.4025     0.2395  1.000e-12  2.1429000    33.5895    33.5882    -0.0013    -0.0003    26.3105    26.3095     32.693     32.785    1477.35    1477.35     6.2839     6.3804    92.1770    93.5910  0.000e+00
      25043     33.500     6.9791     6.9791    3.39986    3.39972          1     3.5104     3.2717       7.84      0.384     0.4054     0.2714  1.000e-12  2.3896000    33.5896    33.5881    -0.0014    -0.0000    26.3106    26.3095     33.188     33.281    1477.36    1477.36     6.2778     6.3746    92.0860    93.5060  0.000e+00
      25075     34.000     6.9792     6.9790    3.39987    3.39974          1     3.5093     3.2713       7.40      0.379     0.4100     0.2041  1.000e-12  2.1105000    33.5894    33.5881    -0.0013    -0.0001    26.3105    26.3095     33.684     33.777    1477.37    1477.37     6.2781     6.3762    92.0920    93.5290  0.000e+00
      25110     34.500     6.9793     6.9791    3.39991    3.39975          1     3.5093     3.2706       6.97      0.352     0.4040     0.2456  1.000e-12  2.0999000    33.5894    33.5880    -0.0014    -0.0003    26.3105    26.3094     34.179     34.274    1477.38    1477.38     6.2801     6.3764    92.1220    93.5320  0.000e+00
      25151     35.000     6.9795     6.9792    3.39996    3.39980          1     3.5092     3.2699       6.44      0.298     0.4115     0.2274  1.000e-12  2.1539000    33.5896    33.5882    -0.0014    -0.0003    26.3106    26.3095     34.674     34.770    1477.39    1477.38     6.2795     6.3750    92.1120    93.5120  0.000e+00
      25195     35.500     6.9796     6.9793    3.39999    3.39984          1     3.5088     3.2705       5.03      0.269     0.4135     0.2554  1.000e-12  2.0562000    33.5897    33.5882    -0.0014    -0.0002    26.3106    26.3095     35.170     35.266    1477.39    1477.39     6.2786     6.3829    92.0990    93.6280  0.000e+00
      25232     36.000     6.9796     6.9793    3.40001    3.39987          1     3.5081     3.2708       5.27      0.318     0.4039     0.2477  1.000e-12  2.1024000    33.5896    33.5883    -0.0013    -0.0003    26.3106    26.3096     35.665     35.762    1477.40    1477.40     6.2755     6.3803    92.0540    93.5900  0.000e+00
      25274     36.500     6.9796     6.9794    3.40006    3.39990          1     3.5074     3.2703      38.24      0.291     0.3915     0.2496  1.000e-12  2.1705000    33.5898    33.5883    -0.0016    -0.0002    26.3108    26.3096     36.160     36.258    1477.41    1477.41     6.2788     6.3720    92.1030    93.4680  0.000e+00
      25347     37.000     6.9789     6.9789    3.40001    3.39988          1     3.5073     3.2687      10.31      0.173     0.4060     0.2271  1.000e-12  2.0826000    33.5898    33.5883    -0.0015     0.0000    26.3108    26.3096     36.656     36.755    1477.42    1477.42     6.2756     6.3744    92.0540    93.5030  0.000e+00
      25413     37.500     6.9799     6.9795    3.40013    3.39998          1     3.5066     3.2683      36.40      0.181     0.4222     0.2382  1.000e-12  2.1726000    33.5898    33.5886    -0.0012    -0.0004    26.3107    26.3098     37.151     37.251    1477.43    1477.43     6.2767     6.3786    92.0720    93.5660  0.000e+00
      25476     38.000     6.9799     6.9796    3.40016    3.40001          1     3.5071     3.2698      20.63      0.192     0.4084     0.2708  1.000e-12  2.3065000    33.5899    33.5886    -0.0013    -0.0004    26.3108    26.3098     37.646     37.747    1477.44    1477.43     6.2777     6.3775    92.0880    93.5500  0.000e+00
      25552     38.500     6.9796     6.9796    3.40017    3.40003          1     3.5064     3.2690       7.07      0.157     0.3982     0.2298  1.000e-12  2.1106000    33.5900    33.5886    -0.0014    -0.0000    26.3109    26.3098     38.141     38.243    1477.45    1477.44     6.2770     6.3765    92.0760    93.5340  0.000e+00
      25621     39.000     6.9799     6.9796    3.40022    3.40007          1     3.5067     3.2680       2.32      0.186     0.4300     0.2105  1.000e-12  2.2667000    33.5900    33.5888    -0.0012    -0.0004    26.3109    26.3100     38.637     38.739    1477.45    1477.45     6.2810     6.3731    92.1370    93.4850  0.000e+00
      25694     39.500     6.9802     6.9799    3.40027    3.40013          1     3.5079     3.2696       1.41      0.168     0.4299     0.2385  1.000e-12  2.2013000    33.5900    33.5890    -0.0011    -0.0004    26.3108    26.3100     39.132     39.236    1477.46    1477.46     6.2800     6.3785    92.1220    93.5650  0.000e+00
      25753     40.000     6.9803     6.9800    3.40029    3.40016          1     3.5069     3.2691       0.95      0.211     0.4149     0.2358  1.000e-12  2.1978000    33.5901    33.5888    -0.0012    -0.0002    26.3108    26.3099     39.627     39.732    1477.47    1477.47     6.2775     6.3790    92.0850    93.5720  0.000e+00
      31881     40.500     6.9810     6.9803    3.40034    3.40011          1     3.5043     3.2669      17.52     -0.191     0.4268     0.2781  1.000e-12  1.6973000    33.5896    33.5878    -0.0018    -0.0007    26.3104    26.3091     40.123     40.228    1477.48    1477.48     6.2765     6.3732    92.0720    93.4870  0.000e+00
