ctdpy/tests/etc/exprapp_feb_2020/SBE09_1387_20200211_0511_77_10_0140.cnv
* Sea-Bird SBE 9 Data File:
* FileName = L:\2020\sv20d0140.hex
* Software Version Seasave V 7.26.7.121
* Temperature SN = 6378
* Conductivity SN = 4824
* Number of Bytes Per Scan = 41
* Number of Voltage Words = 4
* Number of Scans Averaged by the Deck Unit = 1
* NMEA Latitude = 59 02.08 N
* NMEA Longitude = 021 06.12 E
* NMEA UTC (Time) = Feb 11 2020  05:11:02
* NMEA baud rate = 4800
** Station:  BY28
** Operator:  SSip
** Ship: SVEA
** Average sound velocity: 1443.90 m/s
** True-depth calculation Tue, 11 Feb 2020 06:26:08 +0000
** CTD Python Module SMHI /ver 3-12/ feb 2012 
** LIMS Job: 20207710-0140
** Cruise: SMHI-03-2020
** Latitude [GG MM.mm N] :
** Longitude [GGG MM.mm E]:
# nquan = 30
# nvalues = 399                         
# units = specified
# name 0 = scan: Scan Count
# name 1 = prDM: Pressure, Digiquartz [db]
# name 2 = t090C: Temperature [ITS-90, deg C]
# name 3 = t190C: Temperature, 2 [ITS-90, deg C]
# name 4 = c0S/m: Conductivity [S/m]
# name 5 = c1S/m: Conductivity, 2 [S/m]
# name 6 = pumps: Pump Status
# name 7 = sbeox0V: Oxygen raw, SBE 43 [V]
# name 8 = sbeox1V: Oxygen raw, SBE 43, 2 [V]
# name 9 = altM: Altimeter [m]
# name 10 = dz/dtM: Descent Rate [m/s]
# name 11 = flECO-AFL: Chl-a Fluorescence, WET Labs ECO-AFL/FL [mg/m^3]
# name 12 = flECO-AFL1: Phycocyanin Fluorescence, WET Labs ECO-AFL/FL, 2 [mg/m^3]
# name 13 = par: PAR/Irradiance, Biospherical/Lico [µE/(cm^2*s)]
# name 14 = turbWETntu0: Turbidity, WET Labs ECO [NTU]
# name 15 = sal00: Salinity, Practical [PSU]
# name 16 = sal11: Salinity, Practical, 2 [PSU]
# name 17 = secS-priS: Salinity, Practical, Difference, 2 - 1 [PSU]
# name 18 = T2-T190C: Temperature Difference, 2 - 1 [ITS-90, deg C]
# name 19 = sigma-t00: Density [sigma-t, kg/m^3 ]
# name 20 = sigma-t11: Density, 2 [sigma-t, kg/m^3 ]
# name 21 = depSM: Depth [salt water, m], lat = 59.0347
# name 22 = depFM: Depth [true depth, m], lat = 59.0347
# name 23 = svCM: Sound Velocity [Chen-Millero, m/s]
# name 24 = svCM1: Sound Velocity, 2 [Chen-Millero, m/s]
# name 25 = sbeox0ML/L: Oxygen, SBE 43 [ml/l], WS = 2
# name 26 = sbeox1ML/L: Oxygen, SBE 43, 2 [ml/l], WS = 2
# name 27 = sbeox0PS: Oxygen, SBE 43 [% saturation], WS = 2
# name 28 = sbeox1PS: Oxygen, SBE 43, 2 [% saturation], WS = 2
# name 29 = flag: flag
# span 0 =      31827,      42462       
# span 1 =      4.000,    203.000       
# span 2 =     4.9268,     6.5305       
# span 3 =     4.9261,     6.5303       
# span 4 =   0.760146,   1.242667       
# span 5 =   0.760372,   1.242747       
# span 6 =          1,          1       
# span 7 =     0.7420,     3.5086       
# span 8 =     0.7267,     3.2744       
# span 9 =       3.78,     111.88       
# span 10 =     -0.381,      1.714      
# span 11 =     0.3207,     0.4805      
# span 12 =     0.1327,     0.3093      
# span 13 = -1.761e-05, 4.8217e-01      
# span 14 =     0.1448,     7.8849      
# span 15 =     6.9976,    11.2944      
# span 16 =     6.9999,    11.2954      
# span 17 =    -0.1158,     0.2926      
# span 18 =    -0.0194,     0.0346      
# span 19 =     5.5349,     8.8361      
# span 20 =     5.5367,     8.8369      
# span 21 =      3.962,    201.003      
# span 22 =      4.052,    205.243      
# span 23 =    1434.93,    1450.43      
# span 24 =    1434.93,    1450.43      
# span 25 =     0.0456,     7.8827      
# span 26 =     0.0753,     8.0264      
# span 27 =      0.572,     92.254      
# span 28 =      0.928,     93.938      
# span 29 = 0.0000e+00, 0.0000e+00      
# interval = decibars: 0.5              
# start_time = Feb 11 2020 05:11:02 [NMEA time, first data scan]
# bad_flag = -9.990e-29
*END*
[from data line 97]
      34666     52.500     4.9516     4.9487    0.76227    0.76221          1     3.4866     3.2564      96.97      0.214     0.3593     0.1987  1.000e-12  0.1578000     7.0074     7.0075     0.0000    -0.0029     5.5418     5.5419     52.003     53.179    1435.81    1435.80     7.8612     7.9989    92.0650    93.6710  0.000e+00
      34691     53.000     4.9520     4.9499    0.76231    0.76229          1     3.4872     3.2552      96.95      0.501     0.3567     0.2410  1.000e-12  0.1642000     7.0077     7.0079     0.0002    -0.0021     5.5420     5.5422     52.498     53.685    1435.82    1435.81     7.8627     7.9897    92.0840    93.5660  0.000e+00
      34699     53.500     4.9557     4.9550    0.76250    0.76256          1     3.4866     3.2553      96.94      0.781     0.3562     0.2418  1.000e-12  0.1702000     7.0087     7.0094     0.0007    -0.0007     5.5426     5.5432     52.993     54.192    1435.85    1435.85     7.8607     7.9905    92.0690    93.5890  0.000e+00
      34708     54.000     4.9561     4.9557    0.76253    0.76260          1     3.4873     3.2542      47.44      1.013     0.3538     0.2377  1.000e-12  0.1708000     7.0088     7.0097     0.0008    -0.0004     5.5427     5.5434     53.488     54.698    1435.86    1435.86     7.8615     7.9915    92.0800    93.6020  0.000e+00
      34715     54.500     4.9564     4.9561    0.76256    0.76263          1     3.4866     3.2545      25.48      1.203     0.3564     0.2219  1.000e-12  0.2014000     7.0090     7.0098     0.0008    -0.0003     5.5429     5.5435     53.983     55.205    1435.87    1435.87     7.8588     7.9970    92.0500    93.6670  0.000e+00
      34724     55.000     4.9565     4.9563    0.76257    0.76265          1     3.4867     3.2546      68.79      1.351     0.3534     0.2201  1.000e-12  0.2067000     7.0091     7.0099     0.0008    -0.0003     5.5429     5.5435     54.478     55.711    1435.88    1435.88     7.8582     8.0018    92.0430    93.7240  0.000e+00
      34732     55.500     4.9567     4.9561    0.76260    0.76265          1     3.4863     3.2547      96.62      1.437     0.3555     0.2174  1.000e-12  0.2035000     7.0092     7.0099     0.0007    -0.0006     5.5430     5.5435     54.974     56.217    1435.89    1435.88     7.8586     8.0053    92.0470    93.7650  0.000e+00
      34743     56.000     4.9564     4.9560    0.76258    0.76265          1     3.4862     3.2547      96.92      1.413     0.3573     0.2076  1.000e-12  0.1663000     7.0091     7.0098     0.0008    -0.0004     5.5429     5.5435     55.469     56.724    1435.89    1435.89     7.8602     8.0051    92.0660    93.7630  0.000e+00
      34798     56.500     4.9559     4.9557    0.76256    0.76263          1     3.4859     3.2545      96.96      0.938     0.3529     0.2092  1.000e-12  0.1597000     7.0089     7.0097     0.0008    -0.0002     5.5427     5.5434     55.964     57.230    1435.90    1435.90     7.8637     8.0016    92.1060    93.7200  0.000e+00
      34878     57.000     4.9554     4.9561    0.76252    0.76264          1     3.4860     3.2530      96.95      0.760     0.3566     0.2218  1.000e-12  0.1518000     7.0085     7.0096     0.0010     0.0006     5.5425     5.5433     56.459     57.737    1435.90    1435.91     7.8643     7.9996    92.1120    93.6980  0.000e+00
      34887     57.500     4.9565     4.9558    0.76260    0.76264          1     3.4858     3.2529      96.93      0.991     0.3540     0.2219  1.000e-12  0.1586000     7.0090     7.0096     0.0005    -0.0007     5.5428     5.5433     56.954     58.243    1435.92    1435.91     7.8614     8.0011    92.0800    93.7140  0.000e+00
      34896     58.000     4.9568     4.9566    0.76262    0.76270          1     3.4860     3.2534      96.93      1.161     0.3549     0.2342  1.000e-12  0.1638000     7.0091     7.0099     0.0008    -0.0002     5.5429     5.5435     57.450     58.750    1435.93    1435.93     7.8600     8.0044    92.0640    93.7550  0.000e+00
      34905     58.500     4.9570     4.9567    0.76263    0.76270          1     3.4853     3.2536      96.92      1.279     0.3565     0.2363  1.000e-12  0.1640000     7.0091     7.0099     0.0007    -0.0003     5.5429     5.5435     57.945     59.256    1435.93    1435.94     7.8576     8.0056    92.0360    93.7700  0.000e+00
      34914     59.000     4.9571     4.9569    0.76264    0.76273          1     3.4853     3.2534      96.94      1.336     0.3548     0.2364  1.000e-12  0.1693000     7.0092     7.0100     0.0009    -0.0001     5.5429     5.5436     58.440     59.763    1435.94    1435.94     7.8569     8.0001    92.0280    93.7060  0.000e+00
      34926     59.500     4.9576     4.9574    0.76268    0.76275          1     3.4849     3.2535      96.94      1.300     0.3552     0.2397  1.000e-12  0.1696000     7.0093     7.0101     0.0008    -0.0002     5.5431     5.5437     58.935     60.269    1435.95    1435.95     7.8559     7.9967    92.0180    93.6670  0.000e+00
      34957     60.000     4.9574     4.9573    0.76267    0.76275          1     3.4841     3.2528      96.91      0.945     0.3553     0.2136  1.000e-12  0.1741000     7.0092     7.0100     0.0008    -0.0000     5.5430     5.5436     59.430     60.776    1435.96    1435.96     7.8555     7.9909    92.0130    93.5990  0.000e+00
      35064     60.500     4.9585     4.9582    0.76272    0.76280          1     3.4833     3.2529      96.24      0.468     0.3531     0.1887  1.000e-12  0.1659000     7.0095     7.0103     0.0008    -0.0004     5.5431     5.5438     59.925     61.282    1435.97    1435.97     7.8507     8.0000    91.9600    93.7080  0.000e+00
      35069     61.000     4.9590     4.9586    0.76275    0.76282          1     3.4825     3.2529      95.84      0.765     0.3576     0.1914  1.000e-12  0.1702000     7.0096     7.0103     0.0007    -0.0005     5.5432     5.5438     60.421     61.789    1435.98    1435.98     7.8455     7.9926    91.9000    93.6230  0.000e+00
      35078     61.500     4.9594     4.9590    0.76279    0.76285          1     3.4821     3.2522      85.59      0.982     0.3541     0.2127  1.000e-12  0.1701000     7.0098     7.0105     0.0007    -0.0004     5.5434     5.5439     60.916     62.295    1436.00    1435.99     7.8432     7.9885    91.8740    93.5760  0.000e+00
      35086     62.000     4.9600     4.9598    0.76283    0.76291          1     3.4811     3.2516      38.89      1.160     0.3736     0.2207  1.000e-12  0.1744000     7.0101     7.0108     0.0008    -0.0002     5.5435     5.5441     61.411     62.801    1436.01    1436.01     7.8409     7.9881    91.8480    93.5730  0.000e+00
      35094     62.500     4.9628     4.9619    0.76299    0.76305          1     3.4808     3.2516      45.80      1.308     0.3807     0.2171  1.000e-12  0.1754000     7.0110     7.0117     0.0007    -0.0009     5.5442     5.5448     61.906     63.308    1436.03    1436.02     7.8427     7.9905    91.8760    93.6070  0.000e+00
      35104     63.000     4.9627     4.9622    0.76301    0.76306          1     3.4801     3.2516      94.67      1.397     0.3788     0.2191  1.000e-12  0.1756000     7.0111     7.0118     0.0006    -0.0004     5.5442     5.5448     62.401     63.814    1436.03    1436.03     7.8444     7.9958    91.8970    93.6700  0.000e+00
      35129     63.500     4.9721     4.9704    0.76358    0.76357          1     3.4792     3.2503      96.00      1.217     0.3749     0.2193  1.000e-12  0.1689000     7.0146     7.0149     0.0003    -0.0017     5.5467     5.5470     62.896     64.321    1436.09    1436.08     7.8380     7.9830    91.8450    93.5420  0.000e+00
      35246     64.000     4.9874     4.9873    0.76461    0.76475          1     3.4680     3.2383      96.81      0.694     0.3622     0.2067  1.000e-12  0.1575000     7.0216     7.0229     0.0013    -0.0000     5.5516     5.5527     63.392     64.827    1436.17    1436.17     7.7338     7.8485    90.6630    92.0100  0.000e+00
      35251     64.500     5.0333     5.0297    0.76743    0.76732          1     3.4647     3.2358      91.57      0.963     0.3642     0.2071  1.000e-12  0.1579000     7.0396     7.0393    -0.0003    -0.0036     5.5641     5.5640     63.887     65.334    1436.41    1436.39     7.7152     7.8388    90.5630    92.0040  0.000e+00
      35258     65.000     5.0434     5.0424    0.76806    0.76809          1     3.4602     3.2330      40.13      1.170     0.3609     0.2198  1.000e-12  0.1647000     7.0436     7.0441     0.0005    -0.0010     5.5669     5.5673     64.382     65.840    1436.46    1436.46     7.7074     7.8349    90.4970    91.9910  0.000e+00
      35266     65.500     5.0499     5.0499    0.76849    0.76858          1     3.4575     3.2308      39.93      1.339     0.3549     0.2355  1.000e-12  0.1698000     7.0464     7.0473     0.0009    -0.0000     5.5688     5.5696     64.877     66.347    1436.50    1436.50     7.7105     7.8338    90.5490    91.9990  0.000e+00
      35273     66.000     5.0640     5.0642    0.76943    0.76955          1     3.4552     3.2289      90.10      1.473     0.3562     0.2364  1.000e-12  0.1699000     7.0526     7.0538     0.0011     0.0002     5.5732     5.5741     65.372     66.853    1436.58    1436.58     7.7154     7.8345    90.6440    92.0440  0.000e+00
      35279     66.500     5.0737     5.0734    0.77012    0.77020          1     3.4537     3.2272      96.76      1.575     0.3557     0.2363  1.000e-12  0.1687000     7.0573     7.0581     0.0009    -0.0003     5.5765     5.5772     65.868     67.360    1436.64    1436.64     7.7253     7.8377    90.7840    92.1050  0.000e+00
      35286     67.000     5.0891     5.0881    0.77113    0.77116          1     3.4533     3.2258      96.81      1.653     0.3436     0.2344  1.000e-12  0.1699000     7.0639     7.0645     0.0005    -0.0010     5.5812     5.5816     66.363     67.866    1436.72    1436.72     7.7334     7.8382    90.9200    92.1500  0.000e+00
      35294     67.500     5.1117     5.1119    0.77272    0.77283          1     3.4530     3.2247      96.82      1.714     0.3435     0.2363  1.000e-12  0.1701000     7.0748     7.0758     0.0010     0.0001     5.5888     5.5897     66.858     68.372    1436.84    1436.84     7.7360     7.8405    91.0090    92.2380  0.000e+00
      35363     68.000     5.1270     5.1198    0.77369    0.77326          1     3.4441     3.2155      96.89      1.232     0.3469     0.2186  1.000e-12  0.1712000     7.0809     7.0782    -0.0026    -0.0072     5.5931     5.5913     67.353     68.879    1436.93    1436.89     7.6596     7.7595    90.1480    91.3060  0.000e+00
      35457     68.500     5.1409     5.1414    0.77460    0.77473          1     3.4208     3.1964      96.88      0.713     0.3493     0.1918  1.000e-12  0.1722000     7.0868     7.0880     0.0012     0.0004     5.5972     5.5981     67.848     69.385    1437.00    1437.00     7.4773     7.5566    88.0370    88.9730  0.000e+00
      35466     69.000     5.1431     5.1442    0.77475    0.77492          1     3.4082     3.1861      96.90      0.853     0.3409     0.2116  1.000e-12  0.1762000     7.0878     7.0892     0.0014     0.0011     5.5979     5.5990     68.343     69.892    1437.02    1437.03     7.4219     7.5016    87.3910    88.3320  0.000e+00
      35475     69.500     5.1673     5.1719    0.77658    0.77704          1     3.3967     3.1769      96.93      0.983     0.3411     0.2720  1.000e-12  0.1762000     7.1006     7.1041     0.0035     0.0046     5.6071     5.6096     68.839     70.398    1437.15    1437.18     7.3823     7.4664    86.9850    87.9890  0.000e+00
      35484     70.000     5.2238     5.2259    0.78089    0.78115          1     3.3850     3.1681      96.92      1.107     0.3394     0.2700  1.000e-12  0.1805000     7.1308     7.1329     0.0021     0.0021     5.6286     5.6302     69.334     70.905    1437.44    1437.46     7.3468     7.4382    86.7090    87.7930  0.000e+00
      35494     70.500     5.2568     5.2583    0.78335    0.78357          1     3.3755     3.1601      96.92      1.208     0.3427     0.2660  1.000e-12  0.1822000     7.1478     7.1496     0.0019     0.0015     5.6406     5.6421     69.829     71.411    1437.62    1437.63     7.3297     7.4204    86.5880    87.6640  0.000e+00
      35505     71.000     5.2915     5.2927    0.78626    0.78651          1     3.3649     3.1509      96.93      1.246     0.3415     0.2657  1.000e-12  0.1823000     7.1688     7.1710     0.0022     0.0012     5.6558     5.6575     70.324     71.917    1437.80    1437.81     7.3170     7.4060    86.5260    87.5830  0.000e+00
      35557     71.500     5.3394     5.3411    0.78999    0.79031          1     3.3379     3.1245      96.93      0.656     0.3417     0.1988  1.000e-12  0.1783000     7.1950     7.1978     0.0028     0.0017     5.6744     5.6766     70.819     72.424    1438.05    1438.07     7.2739     7.3699    86.1350    87.2770  0.000e+00
      35621     72.000     5.3902     5.3899    0.79352    0.79365          1     3.3084     3.0954      96.93      0.292     0.3387     0.1649  1.000e-12  0.1695000     7.2186     7.2198     0.0013    -0.0003     5.6908     5.6918     71.314     72.930    1438.31    1438.31     7.1517     7.2437    84.8110    85.9020  0.000e+00
      35636     72.500     5.4123     5.4131    0.79526    0.79547          1     3.2940     3.0835      55.82      0.542     0.3414     0.2425  1.000e-12  0.1812000     7.2307     7.2326     0.0019     0.0008     5.6994     5.7009     71.809     73.437    1438.43    1438.44     6.9860     7.0471    82.8980    83.6260  0.000e+00
      35650     73.000     5.4303     5.4304    0.79686    0.79705          1     3.2667     3.0621      24.68      0.713     0.3372     0.2501  1.000e-12  0.1813000     7.2424     7.2442     0.0018     0.0001     5.7078     5.7093     72.305     73.943    1438.53    1438.54     6.7689     6.7901    80.3650    80.6180  0.000e+00
      35663     73.500     5.4906     5.4924    0.80079    0.80114          1     3.2306     3.0327      97.39      0.837     0.3324     0.2585  1.000e-12  0.1762000     7.2677     7.2706     0.0029     0.0019     5.7251     5.7274     72.800     74.449    1438.84    1438.85     6.5530     6.5315    77.9330    77.6820  0.000e+00
      35676     74.000     5.5633     5.5674    0.80530    0.80599          1     3.1867     2.9959      96.91      0.910     0.3251     0.2343  1.000e-12  0.1797000     7.2958     7.3016     0.0058     0.0041     5.7439     5.7483     73.295     74.956    1439.20    1439.22     6.3616     6.3036    75.8090    75.1270  0.000e+00
      35690     74.500     5.6780     5.6826    0.81497    0.81600          1     3.1352     2.9512      96.93      0.915     0.3273     0.1938  1.000e-12  0.1940000     7.3648     7.3738     0.0090     0.0046     5.7929     5.7997     73.790     75.462    1439.79    1439.82     6.1826     6.1031    73.9220    72.9840  0.000e+00
      35708     75.000     5.8210     5.8231    0.82984    0.83076          1     3.0719     2.8948      96.93      0.807     0.3274     0.2032  1.000e-12  0.2026000     7.4775     7.4860     0.0085     0.0021     5.8746     5.8812     74.285     75.968    1440.56    1440.58     6.0066     5.9309    72.1290    71.2270  0.000e+00
      35733     75.500     5.8486     5.8539    0.83742    0.83834          1     2.9951     2.8263      96.94      0.589     0.3207     0.1947  1.000e-12  0.2141000     7.5448     7.5525     0.0077     0.0054     5.9263     5.9321     74.780     76.475    1440.77    1440.80     5.8509     5.8209    70.3390    69.9910  0.000e+00
      35766     76.000     5.9094     5.9086    0.84431    0.84441          1     2.9062     2.7468      96.94      0.385     0.3356     0.1938  1.000e-12  0.2071000     7.5978     7.5989     0.0011    -0.0007     5.9649     5.9659     75.275     76.981    1441.11    1441.10     5.6529     5.6132    68.0860    67.6070  0.000e+00
