ctdpy/tests/etc/exprapp_feb_2020/SBE09_1387_20200208_1737_77_10_0128.cnv
* Sea-Bird SBE 9 Data File:
* FileName = L:\2020\sv20d0128.hex
* Software Version Seasave V 7.26.7.121
* Temperature SN = 6378
* Conductivity SN = 4824
* Number of Bytes Per Scan = 41
* Number of Voltage Words = 4
* Number of Scans Averaged by the Deck Unit = 1
* NMEA Latitude = 55 23.00 N
* NMEA Longitude = 015 20.03 E
* NMEA UTC (Time) = Feb 08 2020  17:37:43
* NMEA baud rate = 4800
** Station:  BY4
** Operator:  DBSj
** Ship: SVEA
** Average sound velocity: 1449.66 m/s
** True-depth calculation Sat, 08 Feb 2020 18:54:52 +0000
** CTD Python Module SMHI /ver 3-12/ feb 2012 
** LIMS Job: 20207710-0128
** Cruise: SMHI-03-2020
** Latitude [GG MM.mm N] :
** Longitude [GGG MM.mm E]:
# nquan = 30
# nvalues = 176                         
# units = specified
# name 0 = scan: Scan Count
# name 1 = prDM: Pressure, Digiquartz [db]
# name 2 = t090C: Temperature [ITS-90, deg C]
# name 3 = t190C: Temperature, 2 [ITS-90, deg C]
# name 4 = c0S/m: Conductivity [S/m]
# name 5 = c1S/m: Conductivity, 2 [S/m]
# name 6 = pumps: Pump Status
# name 7 = sbeox0V: Oxygen raw, SBE 43 [V]
# name 8 = sbeox1V: Oxygen raw, SBE 43, 2 [V]
# name 9 = altM: Altimeter [m]
# name 10 = dz/dtM: Descent Rate [m/s]
# name 11 = flECO-AFL: Chl-a Fluorescence, WET Labs ECO-AFL/FL [mg/m^3]
# name 12 = flECO-AFL1: Phycocyanin Fluorescence, WET Labs ECO-AFL/FL, 2 [mg/m^3]
# name 13 = par: PAR/Irradiance, Biospherical/Lico [µE/(cm^2*s)]
# name 14 = turbWETntu0: Turbidity, WET Labs ECO [NTU]
# name 15 = sal00: Salinity, Practical [PSU]
# name 16 = sal11: Salinity, Practical, 2 [PSU]
# name 17 = secS-priS: Salinity, Practical, Difference, 2 - 1 [PSU]
# name 18 = T2-T190C: Temperature Difference, 2 - 1 [ITS-90, deg C]
# name 19 = sigma-t00: Density [sigma-t, kg/m^3 ]
# name 20 = sigma-t11: Density, 2 [sigma-t, kg/m^3 ]
# name 21 = depSM: Depth [salt water, m], lat = 55.3833
# name 22 = depFM: Depth [true depth, m], lat = 55.3833
# name 23 = svCM: Sound Velocity [Chen-Millero, m/s]
# name 24 = svCM1: Sound Velocity, 2 [Chen-Millero, m/s]
# name 25 = sbeox0ML/L: Oxygen, SBE 43 [ml/l], WS = 2
# name 26 = sbeox1ML/L: Oxygen, SBE 43, 2 [ml/l], WS = 2
# name 27 = sbeox0PS: Oxygen, SBE 43 [% saturation], WS = 2
# name 28 = sbeox1PS: Oxygen, SBE 43, 2 [% saturation], WS = 2
# name 29 = flag: flag
# span 0 =      26330,      33977       
# span 1 =      1.500,     89.000       
# span 2 =     5.5813,     9.5530       
# span 3 =     5.5811,     9.5414       
# span 4 =   0.854158,   1.907902       
# span 5 =   0.854243,   1.907941       
# span 6 =          1,          1       
# span 7 =     2.1585,     3.5864       
# span 8 =     2.0448,     3.3446       
# span 9 =      -1.38,      93.21       
# span 10 =      0.066,      0.510      
# span 11 =     0.2937,     0.6761      
# span 12 =     0.1395,     0.3314      
# span 13 = -5.712e-05, 2.1366e+00      
# span 14 =     0.1293,     0.7310      
# span 15 =     7.7698,    17.3584      
# span 16 =     7.7707,    17.3590      
# span 17 =    -0.0154,     0.0418      
# span 18 =    -0.1034,     0.0658      
# span 19 =     6.1157,    13.4738      
# span 20 =     6.1163,    13.4743      
# span 21 =      1.486,     88.176      
# span 22 =      1.519,     89.818      
# span 23 =    1438.90,    1461.69      
# span 24 =    1438.90,    1461.65      
# span 25 =     3.3128,     7.9062      
# span 26 =     3.2129,     8.0446      
# span 27 =     44.380,     94.611      
# span 28 =     43.047,     96.241      
# span 29 = 0.0000e+00, 0.0000e+00      
# interval = decibars: 0.5              
# start_time = Feb 08 2020 17:37:43 [NMEA time, first data scan]
# bad_flag = -9.990e-29
*END*
[from data line 97]
      29163     50.000     7.3510     7.3593    1.59147    1.59189          1     2.8733     2.6788      61.84      0.423     0.3163     0.2273  1.000e-12  0.4055000    14.4559    14.4566     0.0007     0.0082    11.2491    11.2489     49.542     50.576    1455.31    1455.34     5.6379     5.8341    73.5840    76.1610  0.000e+00
      29191     50.500     7.3408     7.3448    1.59541    1.59590          1     2.9078     2.7132      39.57      0.420     0.3084     0.2378  1.000e-12  0.2671000    14.4989    14.5021     0.0031     0.0040    11.2838    11.2859     50.037     51.080    1455.33    1455.35     5.6720     5.8472    74.0330    76.3280  0.000e+00
      29219     51.000     7.3128     7.3034    1.59791    1.59746          1     2.9305     2.7371      39.64      0.430     0.2982     0.2493  1.000e-12  0.2384000    14.5352    14.5348    -0.0005    -0.0094    11.3148    11.3153     50.532     51.584    1455.27    1455.23     5.6855     5.8439    74.1760    76.2260  0.000e+00
      29246     51.500     7.2309     7.2334    1.59464    1.59476          1     2.9442     2.7514      39.22      0.442     0.3002     0.2360  1.000e-12  0.2437000    14.5371    14.5372     0.0001     0.0025    11.3237    11.3235     51.028     52.087    1454.94    1454.95     5.6991     5.8313    74.2100    75.9360  0.000e+00
      29273     52.000     7.2168     7.2185    1.59421    1.59435          1     2.9523     2.7593      38.70      0.444     0.3069     0.2621  1.000e-12  0.2393000    14.5386    14.5393     0.0007     0.0016    11.3261    11.3265     51.523     52.591    1454.90    1454.90     5.6977     5.8125    74.1670    75.6650  0.000e+00
      29302     52.500     7.2082     7.2093    1.59443    1.59468          1     2.9550     2.7631      38.11      0.419     0.2958     0.2502  1.000e-12  0.2425000    14.5443    14.5463     0.0020     0.0011    11.3314    11.3329     52.018     53.094    1454.87    1454.88     5.6830     5.8008    73.9630    75.5000  0.000e+00
      29332     53.000     7.2159     7.2188    1.59645    1.59682          1     2.9556     2.7656      37.63      0.401     0.3029     0.2219  1.000e-12  0.2376000    14.5610    14.5634     0.0024     0.0028    11.3438    11.3454     52.514     53.598    1454.94    1454.95     5.6948     5.8136    74.1390    75.6910  0.000e+00
      29362     53.500     7.2206     7.2142    1.59814    1.59798          1     2.9629     2.7717      37.17      0.403     0.2962     0.1901  1.000e-12  0.2414000    14.5756    14.5767     0.0011    -0.0063    11.3548    11.3562     53.009     54.101    1454.98    1454.96     5.7093     5.8263    74.3430    75.8550  0.000e+00
      29390     54.000     7.2101     7.2111    1.59817    1.59829          1     2.9528     2.7656      36.73      0.416     0.3016     0.1556  1.000e-12  0.2523000    14.5802    14.5810     0.0008     0.0010    11.3593    11.3599     53.504     54.605    1454.95    1454.96     5.5237     5.5923    71.9100    72.8060  0.000e+00
      29418     54.500     7.2402     7.2421    1.60081    1.60126          1     2.8983     2.7213      36.13      0.437     0.3007     0.2401  1.000e-12  0.2566000    14.5936    14.5972     0.0036     0.0020    11.3671    11.3697     54.000     55.109    1455.10    1455.11     5.1878     5.1724    67.5900    67.3940  0.000e+00
      29449     55.000     7.5984     7.5967    1.62601    1.62640          1     2.8148     2.6477      35.53      0.396     0.3075     0.1460  1.000e-12  0.2561000    14.6910    14.6954     0.0045    -0.0016    11.4100    11.4136     54.495     55.612    1456.68    1456.68     5.0935     5.0982    66.9780    67.0410  0.000e+00
      29480     55.500     7.8923     7.8974    1.64963    1.65059          1     2.8210     2.6433      35.01      0.373     0.2944     0.1673  1.000e-12  0.2507000    14.7980    14.8052     0.0072     0.0051    11.4651    11.4702     54.990     56.116    1458.01    1458.04     5.3603     5.4543    71.0260    72.2840  0.000e+00
      29506     56.000     7.6669     7.6625    1.64457    1.64429          1     2.8426     2.6535      34.44      0.435     0.3073     0.1822  1.000e-12  0.2679000    14.8438    14.8430    -0.0008    -0.0044    11.5229    11.5227     55.486     56.619    1457.16    1457.15     5.2630     5.2674    69.3900    69.4420  0.000e+00
      29531     56.500     7.4413     7.4528    1.63644    1.63711          1     2.7978     2.6136      33.84      0.480     0.3066     0.1961  1.000e-12  0.3446000    14.8600    14.8617     0.0017     0.0116    11.5572    11.5575     55.981     57.122    1456.28    1456.33     4.9367     4.8923    64.7430    64.1800  0.000e+00
      29560     57.000     7.6450     7.7109    1.65190    1.65903          1     2.7252     2.5543      33.30      0.441     0.3057     0.1877  1.000e-12  0.3322000    14.9246    14.9664     0.0418     0.0658    11.5883    11.6146     56.477     57.626    1457.19    1457.51     4.7490     4.7285    62.6080    62.4530  0.000e+00
      29591     57.500     7.9223     7.9212    1.67872    1.67911          1     2.6720     2.5090      32.67      0.390     0.2985     0.1813  1.000e-12  0.2447000    15.0685    15.0727     0.0043    -0.0011    11.6736    11.6770     56.972     58.129    1458.49    1458.50     4.7006     4.7298    62.4390    62.8270  0.000e+00
      29620     58.000     7.9558     7.9526    1.68350    1.68331          1     2.6458     2.4841      32.06      0.397     0.2937     0.2298  1.000e-12  0.2210000    15.1006    15.1001    -0.0005    -0.0033    11.6953    11.6953     57.467     58.633    1458.68    1458.66     4.6841     4.7264    62.2820    62.8400  0.000e+00
      29646     58.500     7.9620     7.9563    1.68399    1.68359          1     2.6249     2.4648      31.47      0.444     0.2949     0.2110  1.000e-12  0.2194000    15.1025    15.1011    -0.0014    -0.0057    11.6962    11.6957     57.963     59.136    1458.71    1458.69     4.6408     4.6957    61.7160    62.4380  0.000e+00
      29672     59.000     8.0294     8.0269    1.68864    1.68893          1     2.6097     2.4505      31.07      0.471     0.3050     0.2132  1.000e-12  0.2142000    15.1187    15.1226     0.0039    -0.0025    11.7020    11.7053     58.458     59.639    1459.01    1459.01     4.6261     4.6931    61.6250    62.5160  0.000e+00
      29705     59.500     8.1595     8.1465    1.70099    1.70029          1     2.5969     2.4392      30.78      0.393     0.2955     0.1887  1.000e-12  0.2046000    15.1826    15.1814    -0.0012    -0.0130    11.7385    11.7389     58.953     60.143    1459.62    1459.56     4.5955     4.6833    61.4310    62.5840  0.000e+00
      29738     60.000     8.1632     8.1622    1.70943    1.70964          1     2.5892     2.4333      30.35      0.347     0.3017     0.2238  1.000e-12  0.1942000    15.2628    15.2653     0.0025    -0.0010    11.8008    11.8029     59.449     60.646    1459.74    1459.74     4.6066     4.7129    61.6170    63.0380  0.000e+00
      29764     60.500     8.1333     8.1336    1.71257    1.71238          1     2.5910     2.4352      29.91      0.419     0.3092     0.1909  1.000e-12  0.2049000    15.3062    15.3042    -0.0020     0.0003    11.8378    11.8363     59.944     61.150    1459.68    1459.68     4.6439     4.7630    62.0890    63.6810  0.000e+00
      29790     61.000     8.0027     8.0044    1.70857    1.70851          1     2.5999     2.4429      29.47      0.472     0.3091     0.2172  1.000e-12  0.2237000    15.3240    15.3228    -0.0013     0.0017    11.8652    11.8641     60.439     61.653    1459.19    1459.19     4.7290     4.8557    63.0400    64.7310  0.000e+00
      29819     61.500     7.8865     7.8844    1.70464    1.70466          1     2.6212     2.4585      28.96      0.434     0.3174     0.2286  1.000e-12  0.2402000    15.3364    15.3374     0.0010    -0.0020    11.8867    11.8877     60.935     62.156    1458.75    1458.74     4.8058     4.9213    63.8930    65.4260  0.000e+00
      29851     62.000     7.8070     7.8051    1.70434    1.70458          1     2.6372     2.4707      28.46      0.375     0.3094     0.2178  1.000e-12  0.2539000    15.3681    15.3713     0.0032    -0.0019    11.9195    11.9222     61.430     62.659    1458.47    1458.47     4.8235     4.9267    64.0220    65.3900  0.000e+00
      29880     62.500     7.8503     7.8509    1.70861    1.70879          1     2.6477     2.4786      27.94      0.395     0.3054     0.2165  1.000e-12  0.2455000    15.3909    15.3923     0.0014     0.0006    11.9329    11.9340     61.925     63.163    1458.68    1458.69     4.8439     4.9461    64.3680    65.7270  0.000e+00
      29906     63.000     7.8886     7.8893    1.71169    1.71190          1     2.6584     2.4878      27.41      0.450     0.2959     0.2510  1.000e-12  0.2480000    15.4040    15.4058     0.0018     0.0007    11.9393    11.9407     62.420     63.666    1458.86    1458.87     4.8427     4.9439    64.4160    65.7640  0.000e+00
      29930     63.500     7.9121     7.9110    1.71342    1.71349          1     2.6530     2.4854      26.94      0.489     0.2987     0.2217  1.000e-12  0.2438000    15.4106    15.4117     0.0011    -0.0011    11.9421    11.9431     62.916     64.169    1458.97    1458.97     4.7071     4.7976    62.6500    63.8530  0.000e+00
      29960     64.000     7.9617     7.9665    1.71769    1.71851          1     2.6326     2.4746      26.45      0.434     0.3083     0.2165  1.000e-12  0.2381000    15.4304    15.4362     0.0059     0.0047    11.9525    11.9566     63.411     64.672    1459.20    1459.23     4.8449     4.9945    64.5690    66.5740  0.000e+00
      29995     64.500     7.9927     7.9665    1.73203    1.73175          1     2.7254     2.5446      25.85      0.344     0.3071     0.2018  1.000e-12  0.2452000    15.5567    15.5655     0.0089    -0.0262    12.0481    12.0577     63.906     65.176    1459.49    1459.40     5.4166     5.6462    72.2970    75.3190  0.000e+00
      30022     65.000     7.4042     7.4261    1.71005    1.71012          1     2.8223     2.6262      25.39      0.398     0.2963     0.1831  1.000e-12  0.3185000    15.6024    15.5933    -0.0092     0.0219    12.1418    12.1326     64.402     65.679    1457.18    1457.26     5.6660     5.8944    74.5990    77.6440  0.000e+00
      30045     65.500     6.9799     6.9941    1.68747    1.68795          1     2.8793     2.6755      24.93      0.488     0.3075     0.1473  1.000e-12  0.4263000    15.5682    15.5666    -0.0016     0.0142    12.1547    12.1521     64.897     66.182    1455.42    1455.48     5.7595     5.9283    75.0510    77.2760  0.000e+00
      30071     66.000     6.9375     6.9398    1.68542    1.68557          1     2.9188     2.7111      24.37      0.490     0.3085     0.1828  1.000e-12  0.4784000    15.5667    15.5671     0.0005     0.0023    12.1572    12.1574     65.392     66.685    1455.26    1455.27     5.7507     5.8986    74.8590    76.7900  0.000e+00
      30108     66.500     6.9012     6.9261    1.68518    1.68702          1     2.9431     2.7402      23.77      0.347     0.3122     0.2390  1.000e-12  0.4972000    15.5805    15.5878     0.0072     0.0249    12.1713    12.1748     65.888     67.188    1455.13    1455.24     5.7131     5.8511    74.3120    76.1560  0.000e+00
      30140     67.000     6.9039     6.9084    1.69120    1.69148          1     2.9492     2.7517      23.19      0.346     0.3077     0.2412  1.000e-12  0.4709000    15.6397    15.6405     0.0007     0.0045    12.2176    12.2177     66.383     67.691    1455.22    1455.24     5.6917     5.8115    74.0670    75.6340  0.000e+00
      30164     67.500     6.9125     6.9138    1.69271    1.69285          1     2.9499     2.7549      22.17      0.452     0.3112     0.2511  1.000e-12  0.5025000    15.6508    15.6517     0.0009     0.0012    12.2255    12.2260     66.878     68.195    1455.28    1455.29     5.6805     5.7897    73.9420    75.3660  0.000e+00
      30187     68.000     6.9158     6.9174    1.69308    1.69328          1     2.9495     2.7562      21.21      0.510     0.3163     0.2580  1.000e-12  0.4896000    15.6529    15.6542     0.0013     0.0016    12.2269    12.2277     67.374     68.698    1455.31    1455.31     5.6754     5.7862    73.8820    75.3280  0.000e+00
      30217     68.500     6.9188     6.9191    1.69347    1.69358          1     2.9485     2.7576      20.65      0.438     0.2978     0.2452  1.000e-12  0.4549000    15.6554    15.6563     0.0009     0.0003    12.2285    12.2292     67.869     69.201    1455.33    1455.33     5.6725     5.7848    73.8520    75.3140  0.000e+00
      30249     69.000     6.9196     6.9203    1.69368    1.69381          1     2.9478     2.7580      20.24      0.372     0.2947     0.2374  1.000e-12  0.4871000    15.6570    15.6580     0.0010     0.0007    12.2297    12.2304     68.364     69.704    1455.34    1455.35     5.6707     5.7754    73.8300    75.1950  0.000e+00
      30276     69.500     6.9215     6.9218    1.69394    1.69405          1     2.9463     2.7566      19.83      0.418     0.3060     0.2935  1.000e-12  0.4707000    15.6587    15.6596     0.0009     0.0003    12.2309    12.2315     68.860     70.207    1455.36    1455.36     5.6588     5.7558    73.6800    74.9440  0.000e+00
      30301     70.000     6.9243     6.9247    1.69423    1.69438          1     2.9436     2.7540      19.41      0.471     0.3090     0.1699  1.000e-12  0.4769000    15.6602    15.6615     0.0013     0.0004    12.2318    12.2328     69.355     70.710    1455.38    1455.39     5.6496     5.7478    73.5660    74.8460  0.000e+00
      30328     70.500     6.9332     6.9329    1.69502    1.69508          1     2.9411     2.7521      18.79      0.459     0.3209     0.2094  1.000e-12  0.4693000    15.6639    15.6647     0.0008    -0.0003    12.2339    12.2346     69.850     71.213    1455.43    1455.43     5.6389     5.7397    73.4430    74.7560  0.000e+00
      30359     71.000     6.9384     6.9393    1.69547    1.69563          1     2.9327     2.7460      18.33      0.397     0.3217     0.2282  1.000e-12  0.4791000    15.6660    15.6671     0.0012     0.0009    12.2351    12.2359     70.346     71.716    1455.46    1455.47     5.5762     5.6693    72.6370    73.8520  0.000e+00
      30389     71.500     6.9523     6.9521    1.69654    1.69670          1     2.9167     2.7330      17.82      0.389     0.3239     0.2133  1.000e-12  0.4792000    15.6703    15.6720     0.0018    -0.0003    12.2372    12.2386     70.841     72.219    1455.53    1455.54     5.5133     5.5923    71.8430    72.8730  0.000e+00
      30417     72.000     7.0045     7.0020    1.70253    1.70260          1     2.8991     2.7179      17.21      0.427     0.3068     0.2384  1.000e-12  0.4758000    15.7065    15.7083     0.0018    -0.0025    12.2609    12.2626     71.336     72.723    1455.80    1455.79     5.4533     5.5262    71.1680    72.1160  0.000e+00
      30445     72.500     7.0227     7.0242    1.70565    1.70603          1     2.8819     2.7021      16.74      0.440     0.3146     0.2294  1.000e-12  0.4781000    15.7294    15.7325     0.0031     0.0015    12.2772    12.2795     71.832     73.226    1455.91    1455.92     5.4169     5.4923    70.7340    71.7230  0.000e+00
      30476     73.000     7.0538     7.0534    1.70916    1.70933          1     2.8702     2.6915      16.53      0.397     0.3156     0.2032  1.000e-12  0.4923000    15.7503    15.7522     0.0018    -0.0003    12.2908    12.2923     72.327     73.729    1456.07    1456.07     5.4660     5.5799    71.4390    72.9270  0.000e+00
      30505     73.500     7.0510     7.0511    1.70956    1.70963          1     2.8886     2.7055      16.01      0.392     0.3113     0.1395  1.000e-12  0.4922000    15.7555    15.7561     0.0006     0.0001    12.2951    12.2956     72.822     74.232    1456.08    1456.08     5.6489     5.8033    73.8270    75.8450  0.000e+00
