ctdpy/tests/etc/exprapp_feb_2020/SBE09_1387_20200202_1316_77_10_0096.cnv
* Sea-Bird SBE 9 Data File:
* FileName = L:\2020\sv20d0096.hex
* Software Version Seasave V 7.26.7.121
* Temperature SN = 6378
* Conductivity SN = 4824
* Number of Bytes Per Scan = 41
* Number of Voltage Words = 4
* Number of Scans Averaged by the Deck Unit = 1
* NMEA Latitude = 58 30.15 N
* NMEA Longitude = 010 50.85 E
* NMEA UTC (Time) = Feb 02 2020  13:16:16
* NMEA baud rate = 4800
** Station:  5W Vaderoarna
** Operator:  A-KTh
** Ship: SVEA
** Average sound velocity: 1478.74 m/s
** True-depth calculation Sun, 02 Feb 2020 13:43:01 +0000
** CTD Python Module SMHI /ver 3-12/ feb 2012 
** LIMS Job: 20207710-0096
** Cruise: SMHI-02-2020
** Latitude [GG MM.mm N] :
** Longitude [GGG MM.mm E]:
# nquan = 30
# nvalues = 185                         
# units = specified
# name 0 = scan: Scan Count
# name 1 = prDM: Pressure, Digiquartz [db]
# name 2 = t090C: Temperature [ITS-90, deg C]
# name 3 = t190C: Temperature, 2 [ITS-90, deg C]
# name 4 = c0S/m: Conductivity [S/m]
# name 5 = c1S/m: Conductivity, 2 [S/m]
# name 6 = pumps: Pump Status
# name 7 = sbeox0V: Oxygen raw, SBE 43 [V]
# name 8 = sbeox1V: Oxygen raw, SBE 43, 2 [V]
# name 9 = altM: Altimeter [m]
# name 10 = dz/dtM: Descent Rate [m/s]
# name 11 = flECO-AFL: Chl-a Fluorescence, WET Labs ECO-AFL/FL [mg/m^3]
# name 12 = flECO-AFL1: Phycocyanin Fluorescence, WET Labs ECO-AFL/FL, 2 [mg/m^3]
# name 13 = par: PAR/Irradiance, Biospherical/Lico [µE/(cm^2*s)]
# name 14 = turbWETntu0: Turbidity, WET Labs ECO [NTU]
# name 15 = sal00: Salinity, Practical [PSU]
# name 16 = sal11: Salinity, Practical, 2 [PSU]
# name 17 = secS-priS: Salinity, Practical, Difference, 2 - 1 [PSU]
# name 18 = T2-T190C: Temperature Difference, 2 - 1 [ITS-90, deg C]
# name 19 = sigma-t00: Density [sigma-t, kg/m^3 ]
# name 20 = sigma-t11: Density, 2 [sigma-t, kg/m^3 ]
# name 21 = depSM: Depth [salt water, m], lat = 58.5025
# name 22 = depFM: Depth [true depth, m], lat = 58.5025
# name 23 = svCM: Sound Velocity [Chen-Millero, m/s]
# name 24 = svCM1: Sound Velocity, 2 [Chen-Millero, m/s]
# name 25 = sbeox0ML/L: Oxygen, SBE 43 [ml/l], WS = 2
# name 26 = sbeox1ML/L: Oxygen, SBE 43, 2 [ml/l], WS = 2
# name 27 = sbeox0PS: Oxygen, SBE 43 [% saturation], WS = 2
# name 28 = sbeox1PS: Oxygen, SBE 43, 2 [% saturation], WS = 2
# name 29 = flag: flag
# span 0 =      14550,      19977       
# span 1 =      3.000,     95.000       
# span 2 =     5.9685,     7.2830       
# span 3 =     5.9674,     7.2829       
# span 4 =   3.001229,   3.527020       
# span 5 =   3.001345,   3.526889       
# span 6 =          1,          1       
# span 7 =     3.5256,     3.5739       
# span 8 =     3.2847,     3.3301       
# span 9 =       3.14,     108.28       
# span 10 =     -0.279,      1.497      
# span 11 =     0.3684,     1.0903      
# span 12 =     0.1882,     0.3988      
# span 13 = -8.584e-05, 4.1331e+01      
# span 14 =     0.3562,     2.4603      
# span 15 =    30.1475,    34.6509      
# span 16 =    30.1486,    34.6497      
# span 17 =    -0.2864,     0.1286      
# span 18 =    -0.0553,     0.0239      
# span 19 =    23.7238,    27.1041      
# span 20 =    23.7246,    27.1032      
# span 21 =      2.972,     94.094      
# span 22 =      2.985,     94.246      
# span 23 =    1468.56,    1480.87      
# span 24 =    1468.55,    1480.87      
# span 25 =     6.2518,     6.7309      
# span 26 =     6.3416,     6.8368      
# span 27 =     92.371,     94.280      
# span 28 =     93.587,     95.755      
# span 29 = 0.0000e+00, 0.0000e+00      
# interval = decibars: 0.5              
# start_time = Feb 02 2020 13:16:16 [NMEA time, first data scan]
# bad_flag = -9.990e-29
*END*
[from data line 146]
      18482     76.000     7.2734     7.2719    3.52488    3.52459          1     3.5324     3.2894      22.06      0.683     0.4212     0.3103  1.000e-12  1.8855000    34.6465    34.6449    -0.0017    -0.0015    27.1020    27.1010     75.279     75.405    1480.52    1480.51     6.2752     6.3695    93.3170    94.7140  0.000e+00
      18498     76.500     7.2738     7.2737    3.52495    3.52484          1     3.5325     3.2896      21.58      0.739     0.4039     0.3267  1.000e-12  2.1555000    34.6466    34.6455    -0.0011    -0.0000    27.1020    27.1011     75.774     75.900    1480.53    1480.53     6.2753     6.3701    93.3190    94.7270  0.000e+00
      18520     77.000     7.2737     7.2729    3.52495    3.52474          1     3.5319     3.2898      20.78      0.668     0.4088     0.2978  1.000e-12  1.8791000    34.6465    34.6450    -0.0016    -0.0007    27.1020    27.1009     76.269     76.396    1480.53    1480.53     6.2713     6.3700    93.2590    94.7240  0.000e+00
      18563     77.500     7.2730     7.2741    3.52492    3.52490          1     3.5313     3.2895      19.94      0.269     0.3953     0.2099  1.000e-12  1.7308000    34.6466    34.6453    -0.0013     0.0011    27.1021    27.1009     76.764     76.892    1480.54    1480.54     6.2767     6.3680    93.3370    94.6970  0.000e+00
      18590     78.000     7.2742     7.2738    3.52508    3.52492          1     3.5322     3.2897      19.92      0.326     0.3978     0.2313  1.000e-12  1.6890000    34.6470    34.6456    -0.0014    -0.0004    27.1023    27.1012     77.259     77.388    1480.55    1480.55     6.2777     6.3767    93.3550    94.8260  0.000e+00
      18605     78.500     7.2755     7.2750    3.52528    3.52511          1     3.5322     3.2907      19.56      0.539     0.4053     0.2564  1.000e-12  1.6527000    34.6476    34.6461    -0.0015    -0.0004    27.1025    27.1014     77.755     77.884    1480.57    1480.56     6.2778     6.3803    93.3600    94.8830  0.000e+00
      18618     79.000     7.2761     7.2758    3.52538    3.52522          1     3.5323     3.2912      19.17      0.731     0.4137     0.3126  1.000e-12  1.8474000    34.6478    34.6462    -0.0015    -0.0003    27.1026    27.1015     78.250     78.380    1480.58    1480.58     6.2792     6.3758    93.3820    94.8170  0.000e+00
      18632     79.500     7.2764     7.2762    3.52543    3.52528          1     3.5325     3.2909      18.90      0.866     0.4120     0.2984  1.000e-12  1.9927000    34.6478    34.6464    -0.0014    -0.0002    27.1026    27.1015     78.745     78.875    1480.59    1480.59     6.2798     6.3719    93.3920    94.7600  0.000e+00
      18678     80.000     7.2764     7.2765    3.52545    3.52533          1     3.5325     3.2902      18.01      0.475     0.4101     0.2310  1.000e-12  2.1736000    34.6477    34.6463    -0.0014     0.0001    27.1025    27.1014     79.240     79.371    1480.60    1480.59     6.2795     6.3688    93.3870    94.7140  0.000e+00
      18735     80.500     7.2761     7.2761    3.52542    3.52531          1     3.5323     3.2886      17.50      0.217     0.4049     0.1890  1.000e-12  1.9170000    34.6475    34.6463    -0.0011     0.0000    27.1024    27.1015     79.735     79.867    1480.60    1480.60     6.2780     6.3652    93.3640    94.6600  0.000e+00
      18746     81.000     7.2759     7.2757    3.52544    3.52529          1     3.5316     3.2887      17.16      0.528     0.3871     0.3036  1.000e-12  2.0541000    34.6476    34.6462    -0.0014    -0.0002    27.1025    27.1014     80.230     80.363    1480.61    1480.61     6.2769     6.3703    93.3470    94.7350  0.000e+00
      18757     81.500     7.2765     7.2763    3.52553    3.52541          1     3.5318     3.2892      16.77      0.775     0.3930     0.3011  1.000e-12  2.0377000    34.6477    34.6466    -0.0011    -0.0002    27.1025    27.1017     80.725     80.859    1480.62    1480.62     6.2779     6.3720    93.3630    94.7630  0.000e+00
      18767     82.000     7.2768     7.2766    3.52558    3.52544          1     3.5321     3.2889      16.35      0.968     0.4141     0.2897  1.000e-12  2.0019000    34.6478    34.6464    -0.0014    -0.0002    27.1026    27.1015     81.221     81.355    1480.63    1480.63     6.2808     6.3709    93.4080    94.7460  0.000e+00
      18777     82.500     7.2765     7.2764    3.52556    3.52542          1     3.5319     3.2887      15.88      1.106     0.4105     0.2835  1.000e-12  2.0005000    34.6476    34.6462    -0.0014    -0.0001    27.1025    27.1014     81.716     81.850    1480.64    1480.63     6.2804     6.3701    93.4000    94.7340  0.000e+00
      18788     83.000     7.2766     7.2765    3.52560    3.52546          1     3.5325     3.2891      15.37      1.166     0.4051     0.2769  1.000e-12  2.0908000    34.6477    34.6463    -0.0014    -0.0001    27.1025    27.1014     82.211     82.346    1480.65    1480.64     6.2804     6.3731    93.4010    94.7790  0.000e+00
      18803     83.500     7.2765     7.2763    3.52560    3.52545          1     3.5320     3.2891      14.80      1.077     0.4061     0.2617  1.000e-12  2.0665000    34.6475    34.6460    -0.0015    -0.0002    27.1024    27.1012     82.706     82.842    1480.65    1480.65     6.2770     6.3744    93.3500    94.7970  0.000e+00
      18859     84.000     7.2765     7.2764    3.52562    3.52547          1     3.5309     3.2887      13.97      0.389     0.3949     0.2423  1.000e-12  1.7674000    34.6475    34.6460    -0.0016    -0.0001    27.1024    27.1012     83.201     83.338    1480.66    1480.66     6.2769     6.3748    93.3480    94.8040  0.000e+00
      18913     84.500     7.2764     7.2762    3.52564    3.52548          1     3.5304     3.2894      13.43      0.234     0.3932     0.2688  1.000e-12  1.7949000    34.6475    34.6461    -0.0014    -0.0002    27.1024    27.1013     83.696     83.834    1480.67    1480.67     6.2784     6.3832    93.3720    94.9280  0.000e+00
      18931     85.000     7.2765     7.2761    3.52569    3.52552          1     3.5308     3.2903      13.07      0.477     0.4045     0.2356  1.000e-12  1.9188000    34.6478    34.6463    -0.0015    -0.0005    27.1026    27.1015     84.191     84.330    1480.68    1480.67     6.2812     6.3802    93.4120    94.8830  0.000e+00
      18946     85.500     7.2762     7.2759    3.52567    3.52551          1     3.5314     3.2901      12.67      0.638     0.4052     0.2364  1.000e-12  1.9771000    34.6477    34.6462    -0.0014    -0.0003    27.1025    27.1014     84.687     84.825    1480.68    1480.68     6.2832     6.3755    93.4420    94.8130  0.000e+00
      18961     86.000     7.2765     7.2759    3.52570    3.52553          1     3.5316     3.2900      12.21      0.744     0.4112     0.2398  1.000e-12  1.8414000    34.6475    34.6462    -0.0013    -0.0006    27.1024    27.1014     85.182     85.321    1480.69    1480.69     6.2815     6.3759    93.4170    94.8190  0.000e+00
      18977     86.500     7.2783     7.2776    3.52598    3.52577          1     3.5313     3.2901      11.73      0.784     0.4129     0.2385  1.000e-12  1.8264000    34.6484    34.6469    -0.0015    -0.0007    27.1028    27.1017     85.677     85.817    1480.71    1480.71     6.2785     6.3760    93.3760    94.8240  0.000e+00
      18994     87.000     7.2795     7.2788    3.52618    3.52596          1     3.5310     3.2898      11.23      0.760     0.4166     0.2392  1.000e-12  2.0915000    34.6492    34.6474    -0.0018    -0.0007    27.1033    27.1019     86.172     86.313    1480.72    1480.72     6.2764     6.3735    93.3480    94.7910  0.000e+00
      19012     87.500     7.2801     7.2800    3.52629    3.52615          1     3.5302     3.2896      10.70      0.713     0.4224     0.2636  1.000e-12  2.3095000    34.6495    34.6480    -0.0014    -0.0001    27.1034    27.1023     86.667     86.809    1480.74    1480.73     6.2759     6.3744    93.3430    94.8060  0.000e+00
      19033     88.000     7.2798     7.2796    3.52626    3.52611          1     3.5301     3.2895      10.14      0.630     0.4256     0.2784  1.000e-12  2.3366000    34.6492    34.6477    -0.0015    -0.0002    27.1032    27.1021     87.162     87.305    1480.74    1480.74     6.2792     6.3749    93.3910    94.8140  0.000e+00
      19060     88.500     7.2800     7.2796    3.52630    3.52612          1     3.5305     3.2892       9.56      0.495     0.3986     0.2357  1.000e-12  2.3028000    34.6492    34.6477    -0.0015    -0.0004    27.1032    27.1021     87.657     87.800    1480.75    1480.75     6.2803     6.3716    93.4070    94.7640  0.000e+00
      19106     89.000     7.2798     7.2796    3.52631    3.52615          1     3.5298     3.2891       8.97      0.325     0.3988     0.2281  1.000e-12  2.2428000    34.6493    34.6477    -0.0016    -0.0002    27.1033    27.1021     88.153     88.296    1480.76    1480.76     6.2794     6.3784    93.3930    94.8650  0.000e+00
      19189     89.500     7.2802     7.2797    3.52638    3.52621          1     3.5289     3.2898       8.49      0.189     0.3966     0.2418  1.000e-12  1.8382000    34.6494    34.6480    -0.0014    -0.0005    27.1033    27.1023     88.648     88.792    1480.77    1480.76     6.2800     6.3741    93.4040    94.8030  0.000e+00
      19204     90.000     7.2803     7.2800    3.52642    3.52627          1     3.5295     3.2895       8.14      0.486     0.3949     0.2606  1.000e-12  1.9069000    34.6495    34.6481    -0.0014    -0.0003    27.1034    27.1023     89.143     89.288    1480.78    1480.77     6.2817     6.3764    93.4300    94.8370  0.000e+00
      19218     90.500     7.2809     7.2806    3.52653    3.52638          1     3.5297     3.2895       7.74      0.682     0.4030     0.2207  1.000e-12  2.0908000    34.6498    34.6484    -0.0014    -0.0003    27.1035    27.1025     89.638     89.784    1480.79    1480.79     6.2821     6.3776    93.4370    94.8560  0.000e+00
      19233     91.000     7.2801     7.2799    3.52644    3.52629          1     3.5302     3.2894       7.28      0.796     0.4027     0.2347  1.000e-12  2.1008000    34.6494    34.6479    -0.0014    -0.0002    27.1033    27.1022     90.133     90.280    1480.79    1480.79     6.2822     6.3768    93.4370    94.8420  0.000e+00
      19269     91.500     7.2798     7.2797    3.52641    3.52627          1     3.5298     3.2889       6.64      0.682     0.4105     0.2497  1.000e-12  2.1051000    34.6491    34.6477    -0.0014    -0.0001    27.1031    27.1020     90.628     90.775    1480.80    1480.80     6.2811     6.3720    93.4190    94.7700  0.000e+00
      19421     92.000     7.2806     7.2805    3.52654    3.52640          1     3.5296     3.2881       6.10      0.420     0.4062     0.2198  1.000e-12  1.8911000    34.6495    34.6481    -0.0014    -0.0001    27.1033    27.1023     91.123     91.271    1480.81    1480.81     6.2780     6.3757    93.3750    94.8260  0.000e+00
      19442     92.500     7.2801     7.2799    3.52648    3.52633          1     3.5294     3.2882       5.62      0.521     0.4246     0.2470  1.000e-12  2.3336000    34.6491    34.6477    -0.0014    -0.0003    27.1031    27.1020     91.618     91.767    1480.82    1480.81     6.2807     6.3783    93.4140    94.8640  0.000e+00
      19472     93.000     7.2801     7.2800    3.52650    3.52636          1     3.5298     3.2886       5.06      0.449     0.4063     0.2627  1.000e-12  2.3694000    34.6491    34.6476    -0.0015    -0.0001    27.1031    27.1019     92.114     92.263    1480.82    1480.82     6.2842     6.3786    93.4660    94.8680  0.000e+00
      19574     93.500     7.2809     7.2807    3.52664    3.52649          1     3.5290     3.2879       4.48      0.262     0.4054     0.2193  1.000e-12  2.1044000    34.6496    34.6481    -0.0015    -0.0002    27.1034    27.1022     92.609     92.759    1480.83    1480.83     6.2790     6.3751    93.3900    94.8180  0.000e+00
      19703     94.000     7.2813     7.2812    3.52671    3.52658          1     3.5268     3.2873       4.01      0.298     0.3991     0.2509  1.000e-12  2.0376000    34.6496    34.6483    -0.0013    -0.0001    27.1033    27.1023     93.104     93.255    1480.85    1480.84     6.2728     6.3755    93.3000    94.8260  0.000e+00
      19961     94.500     7.2829     7.2826    3.52700    3.52686          1     3.5276     3.2871       3.99      0.987     0.4244     0.2662  1.000e-12  2.3371000    34.6509    34.6497    -0.0012    -0.0003    27.1041    27.1032     93.599     93.750    1480.86    1480.86     6.2807     6.3745    93.4210    94.8160  0.000e+00
      19977     95.000     7.2830     7.2829    3.52702    3.52689          1     3.5279     3.2871       3.14      0.852     0.4249     0.2574  1.000e-12  2.4603000    34.6508    34.6495    -0.0013    -0.0001    27.1040    27.1030     94.094     94.246    1480.87    1480.87     6.2786     6.3723    93.3900    94.7830  0.000e+00
