ctdpy/tests/etc/exprapp_feb_2020/SBE09_1387_20200210_1312_77_10_0136.cnv
* Sea-Bird SBE 9 Data File:
* FileName = L:\2020\sv20d0136.hex
* Software Version Seasave V 7.26.7.121
* Temperature SN = 6378
* Conductivity SN = 4824
* Number of Bytes Per Scan = 41
* Number of Voltage Words = 4
* Number of Scans Averaged by the Deck Unit = 1
* NMEA Latitude = 57 18.74 N
* NMEA Longitude = 020 04.92 E
* NMEA UTC (Time) = Feb 10 2020  13:12:37
* NMEA baud rate = 4800
** Station:  BY15
** Operator:  SSip
** Ship: SVEA
** Average sound velocity: 1448.79 m/s
** True-depth calculation Mon, 10 Feb 2020 14:38:41 +0000
** CTD Python Module SMHI /ver 3-12/ feb 2012 
** LIMS Job: 20207710-0136
** Cruise: SMHI-03-2020
** Latitude [GG MM.mm N] :
** Longitude [GGG MM.mm E]:
# nquan = 30
# nvalues = 457                         
# units = specified
# name 0 = scan: Scan Count
# name 1 = prDM: Pressure, Digiquartz [db]
# name 2 = t090C: Temperature [ITS-90, deg C]
# name 3 = t190C: Temperature, 2 [ITS-90, deg C]
# name 4 = c0S/m: Conductivity [S/m]
# name 5 = c1S/m: Conductivity, 2 [S/m]
# name 6 = pumps: Pump Status
# name 7 = sbeox0V: Oxygen raw, SBE 43 [V]
# name 8 = sbeox1V: Oxygen raw, SBE 43, 2 [V]
# name 9 = altM: Altimeter [m]
# name 10 = dz/dtM: Descent Rate [m/s]
# name 11 = flECO-AFL: Chl-a Fluorescence, WET Labs ECO-AFL/FL [mg/m^3]
# name 12 = flECO-AFL1: Phycocyanin Fluorescence, WET Labs ECO-AFL/FL, 2 [mg/m^3]
# name 13 = par: PAR/Irradiance, Biospherical/Lico [µE/(cm^2*s)]
# name 14 = turbWETntu0: Turbidity, WET Labs ECO [NTU]
# name 15 = sal00: Salinity, Practical [PSU]
# name 16 = sal11: Salinity, Practical, 2 [PSU]
# name 17 = secS-priS: Salinity, Practical, Difference, 2 - 1 [PSU]
# name 18 = T2-T190C: Temperature Difference, 2 - 1 [ITS-90, deg C]
# name 19 = sigma-t00: Density [sigma-t, kg/m^3 ]
# name 20 = sigma-t11: Density, 2 [sigma-t, kg/m^3 ]
# name 21 = depSM: Depth [salt water, m], lat = 57.3123
# name 22 = depFM: Depth [true depth, m], lat = 57.3123
# name 23 = svCM: Sound Velocity [Chen-Millero, m/s]
# name 24 = svCM1: Sound Velocity, 2 [Chen-Millero, m/s]
# name 25 = sbeox0ML/L: Oxygen, SBE 43 [ml/l], WS = 2
# name 26 = sbeox1ML/L: Oxygen, SBE 43, 2 [ml/l], WS = 2
# name 27 = sbeox0PS: Oxygen, SBE 43 [% saturation], WS = 2
# name 28 = sbeox1PS: Oxygen, SBE 43, 2 [% saturation], WS = 2
# name 29 = flag: flag
# span 0 =       9638,      22182       
# span 1 =      5.000,    233.000       
# span 2 =     4.8448,     7.5371       
# span 3 =     4.8445,     7.5372       
# span 4 =   0.792367,   1.462878       
# span 5 =   0.792422,   1.462984       
# span 6 =          1,          1       
# span 7 =     0.7395,     3.5327       
# span 8 =     0.7228,     3.2923       
# span 9 =       2.76,      99.59       
# span 10 =     -0.116,      1.689      
# span 11 =     0.3364,     0.4761      
# span 12 =     0.1309,     0.3055      
# span 13 = -3.718e-04, 4.3996e+01      
# span 14 =     0.1052,     1.0501      
# span 15 =     7.3343,    13.1903      
# span 16 =     7.3350,    13.1915      
# span 17 =    -0.5315,     0.0481      
# span 18 =    -0.2704,     0.0816      
# span 19 =     5.8046,    10.2659      
# span 20 =     5.8052,    10.2669      
# span 21 =      4.954,    230.724      
# span 22 =      5.063,    235.304      
# span 23 =    1435.01,    1456.30      
# span 24 =    1435.01,    1456.30      
# span 25 =     0.0376,     7.9527      
# span 26 =     0.0188,     8.0819      
# span 27 =      0.485,     93.089      
# span 28 =      0.232,     94.600      
# span 29 = 0.0000e+00, 0.0000e+00      
# interval = decibars: 0.5              
# start_time = Feb 10 2020 13:12:38 [NMEA time, first data scan]
# bad_flag = -9.990e-29
*END*
[from data line 49]
      10993     29.500     4.8455     4.8450    0.79269    0.79275          1     3.5209     3.2797      88.46      0.833     0.3843     0.1978  4.953e-01  0.1151000     7.3346     7.3353     0.0007    -0.0005     5.8048     5.8054     29.226     29.873    1435.40    1435.40     7.9405     8.0590    92.9450    94.3320  0.000e+00
      11004     30.000     4.8457     4.8447    0.79271    0.79275          1     3.5212     3.2797      54.61      0.955     0.3838     0.2081  4.577e-01  0.1162000     7.3347     7.3353     0.0006    -0.0010     5.8049     5.8054     29.722     30.380    1435.41    1435.41     7.9399     8.0662    92.9390    94.4150  0.000e+00
      11015     30.500     4.8459     4.8454    0.79274    0.79280          1     3.5206     3.2800      87.40      1.039     0.3824     0.2075  4.156e-01  0.1156000     7.3348     7.3356     0.0007    -0.0006     5.8050     5.8056     30.217     30.886    1435.42    1435.42     7.9382     8.0717    92.9200    94.4810  0.000e+00
      11027     31.000     4.8457     4.8452    0.79274    0.79279          1     3.5205     3.2806      40.37      1.074     0.3944     0.2071  3.793e-01  0.1115000     7.3348     7.3354     0.0006    -0.0006     5.8050     5.8055     30.712     31.392    1435.42    1435.42     7.9388     8.0737    92.9260    94.5050  0.000e+00
      11041     31.500     4.8462     4.8460    0.79278    0.79286          1     3.5204     3.2809      59.58      1.033     0.3975     0.2097  3.534e-01  0.1133000     7.3351     7.3359     0.0008    -0.0002     5.8052     5.8058     31.208     31.899    1435.44    1435.44     7.9404     8.0696    92.9470    94.4590  0.000e+00
      11113     32.000     4.8462     4.8462    0.79278    0.79287          1     3.5200     3.2802      79.90      0.633     0.3842     0.2320  3.369e-01  0.1180000     7.3350     7.3359     0.0009    -0.0000     5.8051     5.8058     31.703     32.405    1435.44    1435.44     7.9391     8.0633    92.9320    94.3860  0.000e+00
      11176     32.500     4.8467     4.8463    0.79282    0.79290          1     3.5190     3.2793      30.99      0.684     0.3921     0.2240  2.961e-01  0.1157000     7.3352     7.3361     0.0009    -0.0004     5.8052     5.8060     32.198     32.911    1435.45    1435.45     7.9373     8.0621    92.9110    94.3720  0.000e+00
      11188     33.000     4.8476     4.8473    0.79291    0.79300          1     3.5190     3.2796      95.23      0.865     0.3952     0.1938  2.670e-01  0.1151000     7.3359     7.3368     0.0009    -0.0003     5.8058     5.8065     32.693     33.418    1435.47    1435.47     7.9361     8.0655    92.9000    94.4150  0.000e+00
      11202     33.500     4.8475     4.8473    0.79292    0.79300          1     3.5189     3.2797      95.44      0.922     0.3835     0.2097  2.453e-01  0.1219000     7.3359     7.3367     0.0009    -0.0001     5.8057     5.8064     33.189     33.924    1435.47    1435.47     7.9334     8.0660    92.8680    94.4200  0.000e+00
      11218     34.000     4.8466     4.8464    0.79285    0.79291          1     3.5178     3.2797      95.44      0.866     0.3936     0.2355  2.255e-01  0.1196000     7.3353     7.3360     0.0007    -0.0002     5.8053     5.8059     33.684     34.430    1435.48    1435.48     7.9312     8.0654    92.8390    94.4100  0.000e+00
      11244     34.500     4.8467     4.8464    0.79287    0.79292          1     3.5175     3.2797      95.48      0.618     0.4034     0.1845  2.184e-01  0.1135000     7.3355     7.3360     0.0006    -0.0003     5.8055     5.8059     34.179     34.937    1435.49    1435.49     7.9317     8.0654    92.8460    94.4110  0.000e+00
      11307     35.000     4.8474     4.8466    0.79292    0.79295          1     3.5172     3.2797      94.77      0.145     0.3907     0.2253  2.001e-01  0.1191000     7.3358     7.3362     0.0004    -0.0008     5.8057     5.8060     34.675     35.443    1435.50    1435.49     7.9365     8.0633    92.9040    94.3860  0.000e+00
      11335     35.500     4.8471     4.8467    0.79290    0.79298          1     3.5170     3.2789      38.38      0.350     0.3833     0.1956  1.710e-01  0.1165000     7.3355     7.3364     0.0008    -0.0003     5.8055     5.8062     35.170     35.949    1435.50    1435.50     7.9342     8.0563    92.8760    94.3050  0.000e+00
      11355     36.000     4.8472     4.8467    0.79291    0.79297          1     3.5172     3.2786      97.68      0.498     0.3955     0.1738  1.460e-01  0.1228000     7.3355     7.3363     0.0008    -0.0005     5.8055     5.8061     35.665     36.456    1435.51    1435.51     7.9367     8.0645    92.9070    94.4010  0.000e+00
      11370     36.500     4.8476     4.8475    0.79295    0.79305          1     3.5170     3.2788      95.15      0.630     0.3966     0.2245  1.301e-01  0.1262000     7.3358     7.3368     0.0010    -0.0000     5.8057     5.8065     36.161     36.962    1435.52    1435.52     7.9381     8.0648    92.9230    94.4070  0.000e+00
      11383     37.000     4.8484     4.8478    0.79303    0.79309          1     3.5174     3.2788      92.12      0.760     0.3972     0.2214  1.162e-01  0.1284000     7.3363     7.3370     0.0007    -0.0006     5.8061     5.8067     36.656     37.468    1435.54    1435.53     7.9403     8.0619    92.9520    94.3740  0.000e+00
      11396     37.500     4.8478     4.8468    0.79299    0.79300          1     3.5176     3.2784      86.51      0.865     0.3947     0.2006  9.997e-02  0.1244000     7.3360     7.3364     0.0004    -0.0010     5.8058     5.8062     37.151     37.975    1435.54    1435.53     7.9396     8.0615    92.9420    94.3660  0.000e+00
      11413     38.000     4.8465     4.8460    0.79288    0.79293          1     3.5174     3.2784      94.21      0.859     0.4018     0.2140  8.840e-02  0.1202000     7.3351     7.3357     0.0006    -0.0005     5.8052     5.8057     37.647     38.481    1435.54    1435.54     7.9375     8.0575    92.9130    94.3180  0.000e+00
      11497     38.500     4.8462     4.8458    0.79287    0.79292          1     3.5153     3.2774      94.77      0.209     0.4089     0.2238  7.960e-02  0.1140000     7.3350     7.3356     0.0006    -0.0004     5.8051     5.8056     38.142     38.987    1435.55    1435.54     7.9348     8.0581    92.8810    94.3240  0.000e+00
      11543     39.000     4.8463     4.8460    0.79287    0.79294          1     3.5152     3.2772      91.95      0.310     0.4067     0.2616  6.487e-02  0.1101000     7.3350     7.3357     0.0008    -0.0004     5.8051     5.8057     38.637     39.494    1435.55    1435.56     7.9386     8.0615    92.9250    94.3640  0.000e+00
      11556     39.500     4.8460     4.8452    0.79284    0.79288          1     3.5155     3.2772      86.88      0.541     0.4068     0.2810  5.303e-02  0.1102000     7.3346     7.3353     0.0006    -0.0007     5.8048     5.8054     39.132     40.000    1435.56    1435.56     7.9404     8.0633    92.9450    94.3830  0.000e+00
      11569     40.000     4.8459     4.8455    0.79284    0.79291          1     3.5163     3.2772      95.38      0.729     0.3916     0.2388  4.157e-02  0.1190000     7.3346     7.3354     0.0008    -0.0005     5.8048     5.8054     39.628     40.506    1435.57    1435.57     7.9417     8.0637    92.9610    94.3880  0.000e+00
      11580     40.500     4.8464     4.8456    0.79290    0.79292          1     3.5163     3.2772      95.98      0.890     0.3836     0.1749  3.139e-02  0.1212000     7.3350     7.3354     0.0005    -0.0009     5.8051     5.8055     40.123     41.013    1435.58    1435.58     7.9410     8.0639    92.9530    94.3900  0.000e+00
      11591     41.000     4.8457     4.8455    0.79283    0.79293          1     3.5164     3.2772      96.10      1.003     0.3891     0.1714  2.751e-02  0.1199000     7.3344     7.3354     0.0010    -0.0002     5.8047     5.8055     40.618     41.519    1435.58    1435.58     7.9391     8.0634    92.9290    94.3850  0.000e+00
      11604     41.500     4.8455     4.8452    0.79282    0.79292          1     3.5162     3.2771      96.22      1.039     0.3984     0.1714  1.772e-02  0.1169000     7.3343     7.3353     0.0010    -0.0003     5.8046     5.8054     41.114     42.025    1435.59    1435.59     7.9352     8.0637    92.8840    94.3880  0.000e+00
      11619     42.000     4.8456     4.8457    0.79285    0.79295          1     3.5156     3.2770      96.29      0.962     0.3874     0.1977  5.887e-03  0.1129000     7.3345     7.3355     0.0010     0.0001     5.8047     5.8055     41.609     42.532    1435.60    1435.60     7.9317     8.0653    92.8430    94.4080  0.000e+00
      11680     42.500     4.8461     4.8457    0.79289    0.79295          1     3.5141     3.2766      95.40      0.581     0.3825     0.2488 -3.718e-04  0.1128000     7.3348     7.3355     0.0007    -0.0004     5.8049     5.8055     42.104     43.038    1435.61    1435.61     7.9307     8.0623    92.8320    94.3720  0.000e+00
      11759     43.000     4.8459     4.8453    0.79287    0.79293          1     3.5129     3.2749      93.56      0.549     0.3824     0.2369 -1.920e-06  0.1157000     7.3345     7.3353     0.0007    -0.0006     5.8048     5.8054     42.600     43.544    1435.62    1435.61     7.9261     8.0504    92.7780    94.2320  0.000e+00
      11768     43.500     4.8458     4.8454    0.79287    0.79293          1     3.5123     3.2748      93.82      0.794     0.3824     0.2364 -2.788e-12  0.1165000     7.3345     7.3352     0.0007    -0.0004     5.8047     5.8053     43.095     44.051    1435.62    1435.62     7.9252     8.0483    92.7680    94.2080  0.000e+00
      11777     44.000     4.8490     4.8483    0.79322    0.79325          1     3.5118     3.2744      96.44      0.997     0.3824     0.2204  1.000e-12  0.1176000     7.3372     7.3376     0.0004    -0.0007     5.8067     5.8071     43.590     44.557    1435.65    1435.65     7.9240     8.0469    92.7620    94.2000  0.000e+00
      11786     44.500     4.8508     4.8505    0.79336    0.79344          1     3.5119     3.2737      95.85      1.171     0.3825     0.1900  1.000e-12  0.1161000     7.3381     7.3390     0.0009    -0.0003     5.8074     5.8081     44.085     45.063    1435.67    1435.67     7.9263     8.0469    92.7940    94.2060  0.000e+00
      11794     45.000     4.8512     4.8504    0.79341    0.79344          1     3.5117     3.2736      95.60      1.299     0.3945     0.1900  1.000e-12  0.1210000     7.3385     7.3390     0.0005    -0.0007     5.8077     5.8081     44.581     45.570    1435.68    1435.67     7.9281     8.0509    92.8170    94.2530  0.000e+00
      11805     45.500     4.8498     4.8493    0.79328    0.79334          1     3.5118     3.2736      95.55      1.348     0.3956     0.2038  1.000e-12  0.1228000     7.3375     7.3382     0.0007    -0.0005     5.8069     5.8075     45.076     46.076    1435.68    1435.67     7.9306     8.0601    92.8420    94.3570  0.000e+00
      11860     46.000     4.8490     4.8491    0.79322    0.79333          1     3.5113     3.2735      70.33      0.861     0.3953     0.1957  1.000e-12  0.1116000     7.3370     7.3380     0.0010     0.0001     5.8066     5.8074     45.571     46.582    1435.68    1435.68     7.9265     8.0561    92.7920    94.3100  0.000e+00
      11934     46.500     4.8517     4.8505    0.79350    0.79349          1     3.5102     3.2723      60.72      0.564     0.3929     0.1816  1.000e-12  0.1110000     7.3390     7.3392     0.0002    -0.0012     5.8081     5.8083     46.067     47.089    1435.70    1435.70     7.9187     8.0396    92.7070    94.1210  0.000e+00
      11947     47.000     4.8533     4.8528    0.79366    0.79373          1     3.5092     3.2715      95.39      0.745     0.3827     0.2368  1.000e-12  0.1168000     7.3402     7.3410     0.0008    -0.0005     5.8090     5.8096     46.562     47.595    1435.72    1435.72     7.9184     8.0367    92.7090    94.0940  0.000e+00
      11962     47.500     4.8534     4.8528    0.79368    0.79373          1     3.5093     3.2708      96.28      0.827     0.3861     0.2293  1.000e-12  0.1156000     7.3403     7.3410     0.0007    -0.0006     5.8090     5.8096     47.057     48.101    1435.73    1435.73     7.9207     8.0345    92.7360    94.0670  0.000e+00
      11982     48.000     4.8533     4.8528    0.79368    0.79373          1     3.5086     3.2696      96.29      0.749     0.3968     0.2145  1.000e-12  0.1167000     7.3403     7.3409     0.0006    -0.0004     5.8091     5.8095     47.552     48.608    1435.73    1435.73     7.9179     8.0313    92.7030    94.0310  0.000e+00
      12012     48.500     4.8516     4.8530    0.79348    0.79374          1     3.5081     3.2682      68.91      0.460     0.3978     0.2352  1.000e-12  0.1130000     7.3386     7.3409     0.0023     0.0014     5.8078     5.8095     48.048     49.114    1435.73    1435.74     7.9208     8.0328    92.7320    94.0480  0.000e+00
      12037     49.000     4.8525     4.8520    0.79361    0.79365          1     3.5080     3.2676      59.91      0.404     0.3966     0.2590  1.000e-12  0.1120000     7.3396     7.3402     0.0006    -0.0006     5.8085     5.8090     48.543     49.620    1435.74    1435.74     7.9213     8.0398    92.7400    94.1270  0.000e+00
      12055     49.500     4.8537     4.8534    0.79372    0.79381          1     3.5078     3.2678      96.57      0.541     0.3983     0.2056  1.000e-12  0.1166000     7.3404     7.3413     0.0009    -0.0003     5.8091     5.8099     49.038     50.127    1435.76    1435.76     7.9184     8.0417    92.7100    94.1540  0.000e+00
      12071     50.000     4.8539     4.8535    0.79375    0.79381          1     3.5072     3.2676      96.20      0.676     0.4164     0.2299  1.000e-12  0.1108000     7.3406     7.3413     0.0007    -0.0004     5.8093     5.8098     49.534     50.633    1435.77    1435.77     7.9166     8.0407    92.6900    94.1420  0.000e+00
      12091     50.500     4.8536     4.8532    0.79373    0.79378          1     3.5070     3.2676      96.22      0.695     0.4038     0.2464  1.000e-12  0.1179000     7.3404     7.3410     0.0006    -0.0004     5.8091     5.8096     50.029     51.139    1435.78    1435.77     7.9184     8.0424    92.7090    94.1610  0.000e+00
      12156     51.000     4.8533     4.8530    0.79370    0.79376          1     3.5065     3.2684      96.22      0.239     0.4037     0.2239  1.000e-12  0.1172000     7.3401     7.3408     0.0007    -0.0003     5.8089     5.8095     50.524     51.646    1435.78    1435.78     7.9172     8.0452    92.6950    94.1930  0.000e+00
      12202     51.500     4.8542     4.8534    0.79380    0.79382          1     3.5064     3.2685      96.21      0.274     0.3952     0.2427  1.000e-12  0.1099000     7.3409     7.3412     0.0003    -0.0008     5.8095     5.8097     51.019     52.152    1435.80    1435.79     7.9228     8.0468    92.7630    94.2130  0.000e+00
      12223     52.000     4.8557     4.8543    0.79397    0.79391          1     3.5069     3.2686      63.21      0.456     0.3821     0.2463  1.000e-12  0.1230000     7.3421     7.3418    -0.0003    -0.0014     5.8104     5.8102     51.515     52.658    1435.81    1435.80     7.9238     8.0480    92.7790    94.2300  0.000e+00
      12240     52.500     4.8516     4.8516    0.79352    0.79361          1     3.5071     3.2687      81.00      0.592     0.3914     0.2205  1.000e-12  0.1134000     7.3385     7.3394     0.0009    -0.0001     5.8077     5.8084     52.010     53.165    1435.79    1435.80     7.9203     8.0484    92.7260    94.2260  0.000e+00
