ctdpy/tests/etc/exprapp_feb_2020/SBE09_1387_20200206_1343_77_10_0114.cnv
* Sea-Bird SBE 9 Data File:
* FileName = L:\2020\sv20d0114.hex
* Software Version Seasave V 7.26.7.121
* Temperature SN = 6378
* Conductivity SN = 4824
* Number of Bytes Per Scan = 41
* Number of Voltage Words = 4
* Number of Scans Averaged by the Deck Unit = 1
* NMEA Latitude = 58 20.37 N
* NMEA Longitude = 011 01.32 E
* NMEA UTC (Time) = Feb 06 2020  13:43:04
* NMEA baud rate = 4800
** Station:  Å13
** Operator:  SSip
** Ship: SVEA
** Average sound velocity: 1477.40 m/s
** True-depth calculation Thu, 06 Feb 2020 15:07:18 +0000
** CTD Python Module SMHI /ver 3-12/ feb 2012 
** LIMS Job: 20207710-0114
** Cruise: SMHI-03-2020
** Latitude [GG MM.mm N] :
** Longitude [GGG MM.mm E]:
# nquan = 30
# nvalues = 188                         
# units = specified
# name 0 = scan: Scan Count
# name 1 = prDM: Pressure, Digiquartz [db]
# name 2 = t090C: Temperature [ITS-90, deg C]
# name 3 = t190C: Temperature, 2 [ITS-90, deg C]
# name 4 = c0S/m: Conductivity [S/m]
# name 5 = c1S/m: Conductivity, 2 [S/m]
# name 6 = pumps: Pump Status
# name 7 = sbeox0V: Oxygen raw, SBE 43 [V]
# name 8 = sbeox1V: Oxygen raw, SBE 43, 2 [V]
# name 9 = altM: Altimeter [m]
# name 10 = dz/dtM: Descent Rate [m/s]
# name 11 = flECO-AFL: Chl-a Fluorescence, WET Labs ECO-AFL/FL [mg/m^3]
# name 12 = flECO-AFL1: Phycocyanin Fluorescence, WET Labs ECO-AFL/FL, 2 [mg/m^3]
# name 13 = par: PAR/Irradiance, Biospherical/Lico [µE/(cm^2*s)]
# name 14 = turbWETntu0: Turbidity, WET Labs ECO [NTU]
# name 15 = sal00: Salinity, Practical [PSU]
# name 16 = sal11: Salinity, Practical, 2 [PSU]
# name 17 = secS-priS: Salinity, Practical, Difference, 2 - 1 [PSU]
# name 18 = T2-T190C: Temperature Difference, 2 - 1 [ITS-90, deg C]
# name 19 = sigma-t00: Density [sigma-t, kg/m^3 ]
# name 20 = sigma-t11: Density, 2 [sigma-t, kg/m^3 ]
# name 21 = depSM: Depth [salt water, m], lat = 58.3395
# name 22 = depFM: Depth [true depth, m], lat = 58.3395
# name 23 = svCM: Sound Velocity [Chen-Millero, m/s]
# name 24 = svCM1: Sound Velocity, 2 [Chen-Millero, m/s]
# name 25 = sbeox0ML/L: Oxygen, SBE 43 [ml/l], WS = 2
# name 26 = sbeox1ML/L: Oxygen, SBE 43, 2 [ml/l], WS = 2
# name 27 = sbeox0PS: Oxygen, SBE 43 [% saturation], WS = 2
# name 28 = sbeox1PS: Oxygen, SBE 43, 2 [% saturation], WS = 2
# name 29 = flag: flag
# span 0 =      71494,      76955       
# span 1 =      1.500,     95.000       
# span 2 =     6.0517,     7.1534       
# span 3 =     6.0496,     7.1532       
# span 4 =   3.154523,   3.482341       
# span 5 =   3.153441,   3.482196       
# span 6 =          1,          1       
# span 7 =     3.4870,     3.6152       
# span 8 =     3.2451,     3.3616       
# span 9 =       1.38,     103.84       
# span 10 =     -0.184,      0.766      
# span 11 =     0.4264,     1.0592      
# span 12 =     0.1743,     0.3415      
# span 13 = -6.934e-06, 6.9774e+01      
# span 14 =     0.7333,     4.5166      
# span 15 =    31.7797,    34.2921      
# span 16 =    31.7695,    34.2907      
# span 17 =    -0.0718,     0.4068      
# span 18 =    -0.0151,     0.0858      
# span 19 =    25.0025,    26.8399      
# span 20 =    24.9948,    26.8388      
# span 21 =      1.486,     94.095      
# span 22 =      1.491,     94.262      
# span 23 =    1470.92,    1479.92      
# span 24 =    1470.90,    1479.92      
# span 25 =     6.2196,     6.7231      
# span 26 =     6.2996,     6.8298      
# span 27 =     91.965,     95.402      
# span 28 =     93.196,     96.994      
# span 29 = 0.0000e+00, 0.0000e+00      
# interval = decibars: 0.5              
# start_time = Feb 06 2020 13:43:04 [NMEA time, first data scan]
# bad_flag = -9.990e-29
*END*
      71494      1.500     6.0560     6.0693    3.15643    3.16573          1     3.6152     3.3616     103.84     -0.184     1.0371     0.2605  6.977e+01  0.7443000    31.7971    31.8882     0.0912     0.0133    25.0158    25.0861      1.486      1.491    1470.95    1471.12     6.7231     6.8298    95.3910    96.9940  0.000e+00
      71554      2.000     6.0517     6.0496    3.15452    3.15344          1     3.6107     3.3605      30.63      0.173     1.0507     0.3152  6.511e+01  0.7333000    31.7797    31.7695    -0.0101    -0.0021    25.0025    24.9948      1.981      1.987    1470.92    1470.90     6.7141     6.8104    95.2420    96.5990  0.000e+00
      71606      2.500     6.0589     6.0589    3.15881    3.15850          1     3.6121     3.3602      99.09      0.205     1.0250     0.2809  5.285e+01  0.7386000    31.8204    31.8169    -0.0035    -0.0000    25.0338    25.0311      2.477      2.484    1471.01    1471.00     6.7224     6.8099    95.4020    96.6430  0.000e+00
      71638      3.000     6.0517     6.0523    3.15501    3.15532          1     3.6120     3.3594      57.97      0.358     1.0371     0.2912  5.098e+01  0.7544000    31.7846    31.7874     0.0028     0.0007    25.0064    25.0086      2.972      2.981    1470.94    1470.95     6.7184     6.8013    95.3070    96.4860  0.000e+00
      71690      3.500     6.0772     6.0810    3.16749    3.16987          1     3.6076     3.3565      51.09      0.139     1.0299     0.3373  4.291e+01  0.7650000    31.8995    31.9224     0.0229     0.0038    25.0940    25.1116      3.467      3.478    1471.19    1471.24     6.6870     6.7881    94.9910    96.4500  0.000e+00
      71704      4.000     6.0663     6.0754    3.16141    3.16647          1     3.6079     3.3568      91.61      0.419     1.0592     0.3243  3.533e+01  0.8370000    31.8417    31.8895     0.0479     0.0091    25.0497    25.0864      3.963      3.975    1471.09    1471.18     6.7062     6.7933    95.2030    96.4900  0.000e+00
      71719      4.500     6.0946     6.0880    3.17543    3.17272          1     3.6078     3.3564      91.51      0.686     1.0252     0.2731  3.017e+01  0.8214000    31.9710    31.9471    -0.0239    -0.0066    25.1484    25.1303      4.458      4.471    1471.37    1471.32     6.6881     6.7746    95.0900    96.2890  0.000e+00
      71742      5.000     6.1185     6.1033    3.18484    3.17711          1     3.6044     3.3538      91.17      0.672     1.0224     0.2958  2.603e+01  0.8149000    32.0532    31.9814    -0.0718    -0.0151    25.2103    25.1555      4.954      4.968    1471.58    1471.43     6.6650     6.7652    94.8670    96.2130  0.000e+00
      71779      5.500     6.1383     6.1598    3.19477    3.20464          1     3.6012     3.3525      96.78      0.316     0.9240     0.2913  2.213e+01  0.8479000    32.1448    32.2344     0.0897     0.0215    25.2801    25.3483      5.449      5.465    1471.78    1471.98     6.6666     6.7392    94.9900    96.1300  0.000e+00
      71806      6.000     6.1531     6.1581    3.20036    3.20286          1     3.6016     3.3474      92.95      0.385     0.9390     0.3254  2.002e+01  0.8554000    32.1928    32.2160     0.0232     0.0049    25.3163    25.3340      5.944      5.962    1471.91    1471.96     6.6508     6.6813    94.8290    95.2890  0.000e+00
      71831      6.500     6.1612     6.2162    3.20471    3.23245          1     3.5948     3.3379      91.43      0.483     0.9187     0.3255  1.724e+01  0.8912000    32.2334    32.4899     0.2565     0.0550    25.3473    25.5429      6.439      6.458    1472.00    1472.54     6.5966     6.6211    94.0990    94.7300  0.000e+00
      71864      7.000     6.2402     6.3260    3.24596    3.28993          1     3.5789     3.3268      92.35      0.393     0.8843     0.2689  1.552e+01  0.9064000    32.6170    33.0237     0.4068     0.0858    25.6402    25.9504      6.935      6.955    1472.80    1473.66     6.5231     6.5733    93.4600    94.6220  0.000e+00
      71897      7.500     6.3511     6.3642    3.30301    3.30948          1     3.5661     3.3199      94.59      0.341     0.6766     0.2454  1.374e+01  0.9954000    33.1448    33.2041     0.0593     0.0131    26.0427    26.0878      7.430      7.451    1473.92    1474.04     6.4718     6.5611    93.2900    94.6440  0.000e+00
      71921      8.000     6.3668     6.3670    3.30966    3.31035          1     3.5604     3.3160      92.68      0.444     0.6494     0.2790  1.207e+01  1.0783000    33.2032    33.2107     0.0075     0.0002    26.0868    26.0927      7.925      7.948    1474.06    1474.07     6.4674     6.5531    93.2970    94.5380  0.000e+00
      71945      8.500     6.3688     6.3719    3.31008    3.31136          1     3.5567     3.3121      87.54      0.504     0.6463     0.3012  1.070e+01  1.1106000    33.2056    33.2170     0.0114     0.0030    26.0884    26.0970      8.421      8.444    1474.08    1474.11     6.4657     6.5501    93.2780    94.5090  0.000e+00
      71972      9.000     6.3743     6.3795    3.31214    3.31372          1     3.5537     3.3092      92.06      0.464     0.6452     0.2935  9.448e+00  1.0844000    33.2231    33.2354     0.0124     0.0052    26.1015    26.1106      8.916      8.940    1474.13    1474.17     6.4636     6.5459    93.2700    94.4770  0.000e+00
      71999      9.500     6.3863     6.3872    3.31554    3.31586          1     3.5518     3.3065      93.20      0.439     0.6075     0.2655  8.533e+00  1.0694000    33.2489    33.2515     0.0027     0.0009    26.1203    26.1223      9.411      9.437    1474.22    1474.23     6.4592     6.5432    93.2490    94.4660  0.000e+00
      72024     10.000     6.3902     6.3905    3.31674    3.31679          1     3.5506     3.3054      88.51      0.465     0.6093     0.2369  7.643e+00  1.0599000    33.2581    33.2585     0.0003     0.0002    26.1271    26.1273      9.907      9.933    1474.26    1474.26     6.4608     6.5520    93.2860    94.6040  0.000e+00
      72047     10.500     6.3928     6.3922    3.31764    3.31750          1     3.5505     3.3053      97.81      0.501     0.6317     0.2599  6.798e+00  1.1544000    33.2653    33.2644    -0.0010    -0.0006    26.1325    26.1318     10.402     10.429    1474.28    1474.28     6.4646     6.5559    93.3510    94.6680  0.000e+00
      72070     11.000     6.3933     6.3932    3.31789    3.31780          1     3.5513     3.3053      93.44      0.529     0.6218     0.2384  6.040e+00  1.1442000    33.2674    33.2666    -0.0008    -0.0001    26.1340    26.1334     10.897     10.926    1474.30    1474.29     6.4675     6.5564    93.3950    94.6780  0.000e+00
      72097     11.500     6.3975     6.3978    3.31868    3.31863          1     3.5507     3.3054      90.61      0.481     0.6129     0.2526  5.270e+00  1.1338000    33.2719    33.2710    -0.0009     0.0004    26.1370    26.1363     11.393     11.422    1474.32    1474.32     6.4564     6.5527    93.2460    94.6370  0.000e+00
      72129     12.000     6.4062     6.4098    3.32046    3.32113          1     3.5485     3.3039      93.68      0.382     0.6173     0.2414  4.614e+00  1.0968000    33.2829    33.2868     0.0039     0.0037    26.1447    26.1472     11.888     11.918    1474.38    1474.40     6.4483     6.5334    93.1560    94.3950  0.000e+00
      72153     12.500     6.4549     6.4584    3.33163    3.33212          1     3.5468     3.3019      89.44      0.428     0.5835     0.2156  4.080e+00  1.1011000    33.3593    33.3612     0.0020     0.0035    26.1986    26.1997     12.383     12.414    1474.68    1474.69     6.4353     6.5250    93.1190    94.4270  0.000e+00
      72172     13.000     6.4743     6.4743    3.33636    3.33627          1     3.5461     3.3017      83.11      0.547     0.5704     0.2635  3.613e+00  1.1552000    33.3924    33.3914    -0.0010     0.0000    26.2222    26.2215     12.879     12.911    1474.80    1474.80     6.4340     6.5305    93.1630    94.5600  0.000e+00
      72192     13.500     6.5223     6.5222    3.34856    3.34933          1     3.5461     3.3022      82.72      0.617     0.5617     0.2350  3.232e+00  1.1921000    33.4806    33.4893     0.0087    -0.0001    26.2855    26.2924     13.374     13.407    1475.11    1475.12     6.4295     6.5290    93.2550    94.7050  0.000e+00
      72216     14.000     6.5311     6.5374    3.35207    3.35370          1     3.5484     3.3042      82.09      0.563     0.5594     0.2540  2.937e+00  1.0934000    33.5106    33.5225     0.0120     0.0063    26.3080    26.3166     13.869     13.903    1475.19    1475.23     6.4424     6.5377    93.4810    94.8850  0.000e+00
      72249     14.500     6.5451     6.5463    3.35651    3.35703          1     3.5524     3.3067      65.50      0.385     0.5619     0.2881  2.655e+00  0.9261000    33.5459    33.5505     0.0046     0.0012    26.3340    26.3375     14.365     14.399    1475.30    1475.31     6.4431     6.5352    93.5430    94.8850  0.000e+00
      72280     15.000     6.5625     6.5649    3.36216    3.36271          1     3.5537     3.3080      91.55      0.351     0.5677     0.2807  2.322e+00  0.8640000    33.5912    33.5950     0.0038     0.0024    26.3675    26.3702     14.860     14.896    1475.43    1475.45     6.4331     6.5300    93.4630    94.8790  0.000e+00
      72302     15.500     6.5828     6.5835    3.36728    3.36734          1     3.5536     3.3086      80.41      0.467     0.5614     0.2951  2.028e+00  0.8164000    33.6278    33.6278     0.0000     0.0007    26.3937    26.3936     15.355     15.392    1475.57    1475.57     6.4271     6.5227    93.4430    94.8350  0.000e+00
      72320     16.000     6.5876     6.5873    3.36843    3.36827          1     3.5536     3.3085      80.29      0.587     0.5613     0.2942  1.800e+00  0.8995000    33.6355    33.6340    -0.0015    -0.0003    26.3991    26.3980     15.851     15.888    1475.60    1475.60     6.4252     6.5144    93.4300    94.7260  0.000e+00
      72338     16.500     6.5889     6.5885    3.36870    3.36854          1     3.5532     3.3078      79.93      0.652     0.5516     0.2824  1.631e+00  0.8874000    33.6369    33.6357    -0.0013    -0.0005    26.4001    26.3991     16.346     16.384    1475.62    1475.62     6.4235     6.5150    93.4090    94.7380  0.000e+00
      72361     17.000     6.5896     6.5907    3.36887    3.36887          1     3.5528     3.3077      79.20      0.608     0.5388     0.2633  1.501e+00  0.9291000    33.6379    33.6369    -0.0010     0.0011    26.4008    26.3998     16.841     16.880    1475.63    1475.63     6.4256     6.5140    93.4420    94.7290  0.000e+00
      72391     17.500     6.5952     6.5951    3.36974    3.36965          1     3.5527     3.3063      93.62      0.444     0.5463     0.2813  1.394e+00  0.8807000    33.6419    33.6409    -0.0010    -0.0001    26.4032    26.4024     17.337     17.376    1475.67    1475.67     6.4195     6.4987    93.3670    94.5190  0.000e+00
      72419     18.000     6.5987     6.5986    3.37023    3.37012          1     3.5511     3.3039      80.48      0.395     0.5246     0.2644  1.257e+00  0.8544000    33.6435    33.6424    -0.0011    -0.0001    26.4040    26.4031     17.832     17.873    1475.69    1475.69     6.4159     6.4994    93.3240    94.5380  0.000e+00
      72443     18.500     6.6000     6.5998    3.37040    3.37027          1     3.5505     3.3040      77.56      0.467     0.5231     0.2837  1.120e+00  0.8770000    33.6439    33.6427    -0.0012    -0.0002    26.4042    26.4032     18.327     18.369    1475.70    1475.70     6.4157     6.5109    93.3250    94.7070  0.000e+00
      72466     19.000     6.6005     6.6000    3.37050    3.37035          1     3.5496     3.3044      77.26      0.521     0.5222     0.3106  9.868e-01  0.9362000    33.6443    33.6431    -0.0012    -0.0004    26.4044    26.4035     18.823     18.865    1475.71    1475.71     6.4146     6.5149    93.3100    94.7660  0.000e+00
      72491     19.500     6.6003     6.5999    3.37052    3.37037          1     3.5494     3.3052      76.70      0.505     0.5132     0.2776  8.704e-01  0.9340000    33.6445    33.6432    -0.0013    -0.0004    26.4045    26.4036     19.318     19.361    1475.72    1475.72     6.4155     6.5117    93.3220    94.7190  0.000e+00
      72516     20.000     6.6013     6.6009    3.37068    3.37052          1     3.5489     3.3043      76.22      0.478     0.5312     0.3068  7.983e-01  0.9516000    33.6450    33.6436    -0.0013    -0.0004    26.4048    26.4038     19.813     19.857    1475.73    1475.73     6.4196     6.5089    93.3840    94.6810  0.000e+00
      72540     20.500     6.6022     6.6019    3.37083    3.37067          1     3.5505     3.3049      75.61      0.485     0.5256     0.3033  7.339e-01  0.9307000    33.6455    33.6441    -0.0014    -0.0004    26.4051    26.4040     20.308     20.353    1475.75    1475.74     6.4265     6.5102    93.4880    94.7030  0.000e+00
      72564     21.000     6.6030     6.6028    3.37093    3.37081          1     3.5508     3.3042      75.10      0.494     0.5233     0.2489  6.690e-01  0.9868000    33.6456    33.6445    -0.0012    -0.0003    26.4051    26.4042     20.804     20.850    1475.76    1475.76     6.4149     6.5013    93.3200    94.5760  0.000e+00
      72590     21.500     6.6106     6.6136    3.37208    3.37249          1     3.5477     3.3021      74.66      0.485     0.5119     0.3058  6.063e-01  1.1780000    33.6506    33.6523     0.0017     0.0030    26.4080    26.4089     21.299     21.346    1475.80    1475.82     6.3945     6.4746    93.0430    94.2150  0.000e+00
      72615     22.000     6.6458     6.6492    3.37769    3.37832          1     3.5427     3.2972      74.15      0.469     0.5407     0.3367  5.347e-01  1.0039000    33.6778    33.6815     0.0037     0.0033    26.4248    26.4273     21.794     21.842    1475.98    1476.00     6.3666     6.4423    92.7290    93.8410  0.000e+00
      72641     22.500     6.6849     6.6928    3.38443    3.38578          1     3.5354     3.2914      73.68      0.460     0.4933     0.3248  4.731e-01  0.9902000    33.7136    33.7208     0.0072     0.0079    26.4479    26.4525     22.290     22.338    1476.19    1476.23     6.3348     6.4137    92.3710    93.5430  0.000e+00
      72665     23.000     6.7330     6.7372    3.39348    3.39443          1     3.5278     3.2857      73.22      0.485     0.4548     0.2856  4.141e-01  1.1625000    33.7660    33.7723     0.0063     0.0042    26.4828    26.4872     22.785     22.834    1476.45    1476.48     6.3111     6.3902    92.1600    93.3270  0.000e+00
      72686     23.500     6.7840     6.7855    3.40486    3.40563          1     3.5227     3.2809      72.72      0.540     0.4566     0.2805  3.653e-01  1.3438000    33.8412    33.8481     0.0069     0.0015    26.5352    26.5404     23.280     23.330    1476.75    1476.77     6.2979     6.3753    92.1190    93.2600  0.000e+00
      72707     24.000     6.8302     6.8316    3.41524    3.41581          1     3.5190     3.2771      72.15      0.567     0.4561     0.2607  3.286e-01  1.6046000    33.9097    33.9147     0.0049     0.0014    26.5830    26.5867     23.776     23.826    1477.03    1477.04     6.2873     6.3631    92.1040    93.2220  0.000e+00
      72732     24.500     6.8380     6.8433    3.41755    3.41830          1     3.5160     3.2733      71.59      0.526     0.4492     0.2479  3.034e-01  1.7196000    33.9273    33.9303     0.0030     0.0053    26.5958    26.5974     24.271     24.323    1477.09    1477.11     6.2826     6.3603    92.0630    93.2150  0.000e+00
      72760     25.000     6.8461     6.8482    3.41920    3.41951          1     3.5135     3.2711      71.09      0.443     0.4334     0.2587  2.714e-01  1.7396000    33.9372    33.9385     0.0013     0.0021    26.6025    26.6032     24.766     24.819    1477.14    1477.15     6.2819     6.3674    92.0760    93.3350  0.000e+00
