ctdpy/tests/etc/exprapp_feb_2020/SBE09_1387_20200213_2125_77_10_0148.cnv
* Sea-Bird SBE 9 Data File:
* FileName = L:\2020\sv20d0148.hex
* Software Version Seasave V 7.26.7.121
* Temperature SN = 6378
* Conductivity SN = 4824
* Number of Bytes Per Scan = 41
* Number of Voltage Words = 4
* Number of Scans Averaged by the Deck Unit = 1
* NMEA Latitude = 55 37.04 N
* NMEA Longitude = 014 52.02 E
* NMEA UTC (Time) = Feb 13 2020  21:25:32
* NMEA baud rate = 4800
** Station:  Hanöbukten
** Operator:  SSip
** Ship: SVEA
** Average sound velocity: 1450.33 m/s
** True-depth calculation Thu, 13 Feb 2020 22:26:31 +0000
** CTD Python Module SMHI /ver 3-12/ feb 2012 
** LIMS Job: 20207710-0148
** Cruise: SMHI-02-2020
** Latitude [GG MM.mm N] :
** Longitude [GGG MM.mm E]:
# nquan = 30
# nvalues = 152                         
# units = specified
# name 0 = scan: Scan Count
# name 1 = prDM: Pressure, Digiquartz [db]
# name 2 = t090C: Temperature [ITS-90, deg C]
# name 3 = t190C: Temperature, 2 [ITS-90, deg C]
# name 4 = c0S/m: Conductivity [S/m]
# name 5 = c1S/m: Conductivity, 2 [S/m]
# name 6 = pumps: Pump Status
# name 7 = sbeox0V: Oxygen raw, SBE 43 [V]
# name 8 = sbeox1V: Oxygen raw, SBE 43, 2 [V]
# name 9 = altM: Altimeter [m]
# name 10 = dz/dtM: Descent Rate [m/s]
# name 11 = flECO-AFL: Chl-a Fluorescence, WET Labs ECO-AFL/FL [mg/m^3]
# name 12 = flECO-AFL1: Phycocyanin Fluorescence, WET Labs ECO-AFL/FL, 2 [mg/m^3]
# name 13 = par: PAR/Irradiance, Biospherical/Lico [µE/(cm^2*s)]
# name 14 = turbWETntu0: Turbidity, WET Labs ECO [NTU]
# name 15 = sal00: Salinity, Practical [PSU]
# name 16 = sal11: Salinity, Practical, 2 [PSU]
# name 17 = secS-priS: Salinity, Practical, Difference, 2 - 1 [PSU]
# name 18 = T2-T190C: Temperature Difference, 2 - 1 [ITS-90, deg C]
# name 19 = sigma-t00: Density [sigma-t, kg/m^3 ]
# name 20 = sigma-t11: Density, 2 [sigma-t, kg/m^3 ]
# name 21 = depSM: Depth [salt water, m], lat = 55.6173
# name 22 = depFM: Depth [true depth, m], lat = 55.6173
# name 23 = svCM: Sound Velocity [Chen-Millero, m/s]
# name 24 = svCM1: Sound Velocity, 2 [Chen-Millero, m/s]
# name 25 = sbeox0ML/L: Oxygen, SBE 43 [ml/l], WS = 2
# name 26 = sbeox1ML/L: Oxygen, SBE 43, 2 [ml/l], WS = 2
# name 27 = sbeox0PS: Oxygen, SBE 43 [% saturation], WS = 2
# name 28 = sbeox1PS: Oxygen, SBE 43, 2 [% saturation], WS = 2
# name 29 = flag: flag
# span 0 =      21613,      29562       
# span 1 =      1.500,     77.000       
# span 2 =     5.6015,     9.8779       
# span 3 =     5.6013,     9.8766       
# span 4 =   0.867697,   1.923912       
# span 5 =   0.867780,   1.920073       
# span 6 =          1,          1       
# span 7 =     1.6142,     3.5162       
# span 8 =     1.5262,     3.2821       
# span 9 =       1.07,      97.10       
# span 10 =     -0.235,      0.679      
# span 11 =     0.2863,     0.6416      
# span 12 =     0.1609,     0.3261      
# span 13 = -1.971e-05, 1.4277e+00      
# span 14 =     0.1262,     0.8694      
# span 15 =     7.9054,    17.3051      
# span 16 =     7.9063,    17.2618      
# span 17 =    -0.1922,     0.0916      
# span 18 =    -0.1396,     0.1311      
# span 19 =     6.2233,    13.3877      
# span 20 =     6.2240,    13.3524      
# span 21 =      1.486,     76.288      
# span 22 =      1.518,     77.774      
# span 23 =    1439.00,    1464.14      
# span 24 =    1439.00,    1464.14      
# span 25 =     2.1474,     7.7065      
# span 26 =     2.1440,     7.8469      
# span 27 =     29.162,     92.304      
# span 28 =     29.334,     93.982      
# span 29 = 0.0000e+00, 0.0000e+00      
# interval = decibars: 0.5              
# start_time = Feb 13 2020 21:25:32 [NMEA time, first data scan]
# bad_flag = -9.990e-29
*END*
[from data line 49]
      23156     26.000     5.6160     5.6150    0.86845    0.86849          1     3.5048     3.2725      52.62      0.465     0.5892     0.2956  1.000e-12  0.1405000     7.9068     7.9075     0.0007    -0.0010     6.2239     6.2245     25.763     26.318    1439.44    1439.44     7.6920     7.8335    92.1570    93.8500  0.000e+00
      23181     26.500     5.6157     5.6155    0.86844    0.86852          1     3.5045     3.2724      52.10      0.501     0.5953     0.2683  1.000e-12  0.1536000     7.9067     7.9076     0.0009    -0.0002     6.2238     6.2245     26.258     26.824    1439.44    1439.44     7.6940     7.8327    92.1810    93.8420  0.000e+00
      23213     27.000     5.6159     5.6149    0.86845    0.86850          1     3.5049     3.2726      51.50      0.397     0.6009     0.2509  1.000e-12  0.1646000     7.9067     7.9074     0.0007    -0.0009     6.2238     6.2244     26.753     27.330    1439.45    1439.45     7.6971     7.8386    92.2170    93.9120  0.000e+00
      23244     27.500     5.6145     5.6144    0.86839    0.86848          1     3.5051     3.2732      51.03      0.358     0.6065     0.2304  1.000e-12  0.1642000     7.9064     7.9073     0.0009    -0.0002     6.2236     6.2244     27.249     27.837    1439.45    1439.45     7.6986     7.8345    92.2330    93.8610  0.000e+00
      23266     28.000     5.6158     5.6151    0.86847    0.86853          1     3.5056     3.2724      50.65      0.465     0.6004     0.2798  1.000e-12  0.1513000     7.9068     7.9075     0.0008    -0.0007     6.2238     6.2245     27.744     28.343    1439.47    1439.47     7.6979     7.8296    92.2270    93.8050  0.000e+00
      23287     28.500     5.6146     5.6158    0.86841    0.86856          1     3.5051     3.2724      50.24      0.557     0.6083     0.2625  1.000e-12  0.1510000     7.9065     7.9076     0.0011     0.0012     6.2237     6.2245     28.240     28.849    1439.47    1439.48     7.6941     7.8346    92.1790    93.8660  0.000e+00
      23313     29.000     5.6188     5.6178    0.86860    0.86864          1     3.5045     3.2722      49.69      0.519     0.6072     0.2845  1.000e-12  0.1460000     7.9072     7.9079     0.0007    -0.0010     6.2240     6.2246     28.735     29.355    1439.50    1439.50     7.6923     7.8283    92.1680    93.7960  0.000e+00
      23349     29.500     5.6188     5.6193    0.86862    0.86872          1     3.5036     3.2708      48.92      0.349     0.5996     0.2956  1.000e-12  0.1492000     7.9073     7.9082     0.0009     0.0005     6.2241     6.2248     29.230     29.861    1439.51    1439.51     7.6880     7.8209    92.1160    93.7100  0.000e+00
      23381     30.000     5.6207     5.6203    0.86871    0.86879          1     3.5024     3.2699      48.46      0.342     0.5856     0.2662  1.000e-12  0.1519000     7.9077     7.9087     0.0009    -0.0005     6.2244     6.2251     29.726     30.367    1439.52    1439.52     7.6880     7.8262    92.1200    93.7760  0.000e+00
      23404     30.500     5.6200     5.6202    0.86872    0.86880          1     3.5025     3.2701      77.67      0.465     0.5968     0.2740  1.000e-12  0.1572000     7.9079     7.9086     0.0008     0.0001     6.2245     6.2251     30.221     30.873    1439.53    1439.53     7.6930     7.8364    92.1790    93.8980  0.000e+00
      23426     31.000     5.6202     5.6207    0.86872    0.86882          1     3.5030     3.2710      48.19      0.543     0.6006     0.2576  1.000e-12  0.1493000     7.9079     7.9087     0.0008     0.0006     6.2245     6.2251     30.717     31.379    1439.54    1439.54     7.6945     7.8330    92.1970    93.8590  0.000e+00
      23453     31.500     5.6201     5.6199    0.86873    0.86880          1     3.5026     3.2702      48.81      0.484     0.5997     0.2287  1.000e-12  0.1460000     7.9078     7.9086     0.0008    -0.0001     6.2245     6.2251     31.212     31.885    1439.54    1439.54     7.6887     7.8241    92.1270    93.7510  0.000e+00
      23486     32.000     5.6206     5.6208    0.86874    0.86883          1     3.5017     3.2699      64.33      0.375     0.5740     0.2766  1.000e-12  0.1516000     7.9078     7.9086     0.0008     0.0002     6.2244     6.2251     31.707     32.392    1439.55    1439.56     7.6843     7.8267    92.0770    93.7840  0.000e+00
      23517     32.500     5.6213     5.6210    0.86877    0.86884          1     3.5003     3.2689      72.00      0.372     0.5883     0.2661  1.000e-12  0.1538000     7.9078     7.9086     0.0008    -0.0003     6.2244     6.2250     32.203     32.898    1439.57    1439.57     7.6842     7.8202    92.0770    93.7060  0.000e+00
      23543     33.000     5.6212     5.6208    0.86877    0.86884          1     3.5007     3.2686      72.09      0.433     0.6025     0.2408  1.000e-12  0.1528000     7.9078     7.9086     0.0008    -0.0004     6.2244     6.2250     32.698     33.404    1439.57    1439.57     7.6918     7.8268    92.1680    93.7850  0.000e+00
      23568     33.500     5.6205     5.6204    0.86876    0.86884          1     3.5013     3.2690      44.92      0.475     0.6042     0.2393  1.000e-12  0.1484000     7.9078     7.9086     0.0008    -0.0001     6.2244     6.2250     33.194     33.910    1439.58    1439.58     7.6941     7.8370    92.1930    93.9050  0.000e+00
      23593     34.000     5.6196     5.6197    0.86874    0.86884          1     3.5017     3.2698      44.56      0.487     0.5934     0.2590  1.000e-12  0.1491000     7.9078     7.9087     0.0009     0.0002     6.2244     6.2252     33.689     34.416    1439.58    1439.58     7.6945     7.8311    92.1960    93.8330  0.000e+00
      23618     34.500     5.6204     5.6200    0.86877    0.86885          1     3.5019     3.2689      43.99      0.481     0.5911     0.2766  1.000e-12  0.1513000     7.9078     7.9086     0.0008    -0.0003     6.2245     6.2251     34.184     34.922    1439.59    1439.59     7.6920     7.8228    92.1680    93.7350  0.000e+00
      23645     35.000     5.6199     5.6196    0.86879    0.86887          1     3.5013     3.2686      43.30      0.455     0.5998     0.2819  1.000e-12  0.1643000     7.9080     7.9089     0.0009    -0.0003     6.2246     6.2253     34.680     35.428    1439.60    1439.60     7.6899     7.8277    92.1410    93.7930  0.000e+00
      23675     35.500     5.6199     5.6198    0.86880    0.86888          1     3.5013     3.2685      42.73      0.411     0.5896     0.2458  1.000e-12  0.1574000     7.9080     7.9089     0.0008    -0.0001     6.2247     6.2253     35.175     35.934    1439.61    1439.61     7.6946     7.8259    92.1980    93.7710  0.000e+00
      23703     36.000     5.6197     5.6193    0.86881    0.86889          1     3.5013     3.2677      42.22      0.411     0.5949     0.2777  1.000e-12  0.1466000     7.9081     7.9090     0.0010    -0.0004     6.2247     6.2255     35.670     36.441    1439.61    1439.61     7.6894     7.8198    92.1360    93.6980  0.000e+00
      23728     36.500     5.6193     5.6189    0.86903    0.86913          1     3.5000     3.2670      41.76      0.465     0.6002     0.3110  1.000e-12  0.1457000     7.9103     7.9114     0.0011    -0.0004     6.2265     6.2274     36.166     36.947    1439.62    1439.62     7.6796     7.8111    92.0180    93.5940  0.000e+00
      23752     37.000     5.6204     5.6202    0.86944    0.86957          1     3.4979     3.2651      41.51      0.496     0.5872     0.2893  1.000e-12  0.1556000     7.9140     7.9154     0.0014    -0.0003     6.2293     6.2304     36.661     37.453    1439.64    1439.64     7.6689     7.8022    91.8950    93.4930  0.000e+00
      23780     37.500     5.6186     5.6173    0.86996    0.87013          1     3.4948     3.2631      40.92      0.458     0.5489     0.2696  1.000e-12  0.1572000     7.9194     7.9214     0.0020    -0.0012     6.2337     6.2354     37.157     37.959    1439.65    1439.64     7.6571     7.7895    91.7530    93.3380  0.000e+00
      23810     38.000     5.6193     5.6201    0.87140    0.87168          1     3.4899     3.2591      40.32      0.394     0.4957     0.2406  1.000e-12  0.1490000     7.9333     7.9359     0.0026     0.0008     6.2446     6.2466     37.652     38.465    1439.68    1439.68     7.6288     7.7564    91.4230    92.9560  0.000e+00
      23837     38.500     5.6283     5.6293    0.87325    0.87356          1     3.4830     3.2535      55.32      0.420     0.4888     0.2402  1.000e-12  0.1407000     7.9493     7.9520     0.0028     0.0010     6.2567     6.2589     38.147     38.971    1439.74    1439.75     7.6015     7.7254    91.1270    92.6160  0.000e+00
      23863     39.000     5.6473     5.6488    0.87596    0.87619          1     3.4763     3.2478      52.04      0.470     0.4986     0.2814  1.000e-12  0.1438000     7.9712     7.9731     0.0018     0.0015     6.2732     6.2745     38.643     39.477    1439.86    1439.87     7.5654     7.6843    90.7510    92.1810  0.000e+00
      23890     39.500     5.6721     5.6746    0.87887    0.87909          1     3.4627     3.2364      38.49      0.454     0.4898     0.2821  1.000e-12  0.1418000     7.9938     7.9953     0.0016     0.0024     6.2897     6.2908     39.138     39.983    1440.01    1440.02     7.4756     7.5830    89.7420    91.0380  0.000e+00
      23917     40.000     5.7090     5.7138    0.88346    0.88421          1     3.4444     3.2212      38.13      0.437     0.4781     0.2873  1.000e-12  0.1425000     8.0298     8.0360     0.0062     0.0048     6.3163     6.3209     39.633     40.489    1440.22    1440.25     7.3692     7.4481    88.5680    89.5300  0.000e+00
      23943     40.500     5.8112     5.8147    0.89599    0.89676          1     3.3978     3.1819      37.71      0.456     0.4731     0.3212  1.000e-12  0.1459000     8.1277     8.1343     0.0067     0.0035     6.3881     6.3931     40.129     40.995    1440.79    1440.81     6.7948     6.7346    81.9210    81.2060  0.000e+00
      23969     41.000     5.9223     5.9359    0.90820    0.90992          1     3.2506     3.0605      37.17      0.462     0.4630     0.2317  1.000e-12  0.1483000     8.2198     8.2333     0.0135     0.0135     6.4547     6.4646     40.624     41.501    1441.39    1441.47     5.9257     5.7354    71.6880    69.4140  0.000e+00
      23994     41.500     6.3335     6.3905    0.97420    0.98518          1     3.0642     2.9145      36.63      0.467     0.4331     0.1894  1.000e-12  0.1563000     8.7567     8.8484     0.0916     0.0569     6.8531     6.9216     41.120     42.007    1443.83    1444.18     5.1558     5.0598    63.2210    62.1680  0.000e+00
      24019     42.000     6.9315     6.9298    1.09267    1.09254          1     2.8437     2.7395      36.15      0.489     0.4006     0.1609  1.000e-12  0.1532000     9.7397     9.7391    -0.0006    -0.0017     7.5855     7.5851     41.615     42.513    1447.58    1447.57     4.3414     4.1126    54.3720    51.5020  0.000e+00
      24051     42.500     7.5794     7.4397    1.19966    1.17516          1     2.5565     2.4750      35.55      0.402     0.3471     0.1810  1.000e-12  0.1540000    10.5730    10.3808    -0.1922    -0.1396     8.1873     8.0481     42.110     43.018    1451.30    1450.49     3.7139     3.3908    47.5040    43.1740  0.000e+00
      24084     43.000     8.3618     8.3765    1.29884    1.30098          1     2.3258     2.2502      35.06      0.341     0.3098     0.1843  1.000e-12  0.1441000    11.2692    11.2851     0.0159     0.0148     8.6619     8.6731     42.606     43.523    1455.34    1455.42     3.1795     2.9180    41.6360    38.2320  0.000e+00
      24105     43.500     8.6469     8.6343    1.34330    1.34241          1     2.1770     2.1112      34.70      0.457     0.3123     0.1776  1.000e-12  0.1396000    11.5931    11.5888    -0.0043    -0.0126     8.8864     8.8843     43.101     44.028    1456.89    1456.83     3.0166     2.8478    39.8530    37.6120  0.000e+00
      24123     44.000     8.9324     8.9387    1.38925    1.39047          1     2.1176     2.0442      34.18      0.590     0.3150     0.1917  1.000e-12  0.1449000    11.9270    11.9362     0.0092     0.0063     9.1173     9.1239     43.596     44.533    1458.44    1458.47     3.1951     3.0538    42.5870    40.7120  0.000e+00
      24145     44.500     9.2150     9.2272    1.42586    1.42740          1     2.0916     1.9916      33.67      0.618     0.3239     0.2278  1.000e-12  0.1498000    12.1712    12.1813     0.0101     0.0122     9.2773     9.2838     44.092     45.037    1459.85    1459.91     3.1209     2.9731    41.9340    39.9620  0.000e+00
      24188     45.000     8.8993     9.0305    1.38159    1.39482          1     1.9832     1.8799      33.03      0.292     0.3112     0.1901  1.000e-12  0.1429000    11.8654    11.9447     0.0794     0.1311     9.0723     9.1204     44.587     45.542    1458.24    1458.86     3.0042     2.9481    40.0050    39.4060  0.000e+00
      24222     45.500     9.6014     9.5774    1.49086    1.48772          1     2.0339     1.9012      32.63      0.287     0.3162     0.1904  1.000e-12  0.1410000    12.6377    12.6170    -0.0207    -0.0240     9.5970     9.5836     45.082     46.047    1461.94    1461.82     3.5750     3.7239    48.6120    50.6030  0.000e+00
      24239     46.000     9.8779     9.8766    1.54620    1.54763          1     2.0981     1.9571      32.27      0.506     0.3151     0.2046  1.000e-12  0.1396000    13.0470    13.0606     0.0136    -0.0012     9.8826     9.8933     45.578     46.551    1463.51    1463.52     3.5793     3.7031    49.1140    50.8140  0.000e+00
      24255     46.500     9.7672     9.7618    1.56410    1.56431          1     2.1262     1.9767      31.82      0.672     0.3151     0.2345  1.000e-12  0.1396000    13.2516    13.2555     0.0039    -0.0054    10.0548    10.0584     46.073     47.055    1463.34    1463.33     3.5419     3.4841    48.5410    47.7450  0.000e+00
      24278     47.000     9.6408     9.6349    1.56615    1.56394          1     2.1626     1.9774      31.29      0.648     0.3186     0.2344  1.000e-12  0.1450000    13.3168    13.2985    -0.0182    -0.0059    10.1204    10.1069     46.569     47.559    1462.94    1462.90     3.7286     3.5806    50.9720    48.9360  0.000e+00
      24329     47.500     9.5792     9.6085    1.55422    1.53894          1     2.3427     2.1363      30.45      0.184     0.3119     0.2246  1.000e-12  0.1333000    13.2292    13.0775    -0.1517     0.0293    10.0595     9.9381     47.064     48.064    1462.61    1462.54     4.3268     4.5944    59.0340    62.6670  0.000e+00
      24352     48.000     9.3995     9.3976    1.57282    1.57309          1     2.4233     2.2273      30.08      0.362     0.3014     0.2388  1.000e-12  0.1335000    13.4681    13.4714     0.0033    -0.0019    10.2661    10.2689     47.559     48.568    1462.21    1462.21     4.4306     4.6767    60.2920    63.6390  0.000e+00
      24370     48.500     9.2999     9.2982    1.58183    1.58219          1     2.4629     2.2723      29.70      0.572     0.3088     0.2364  1.000e-12  0.1384000    13.5895    13.5934     0.0040    -0.0016    10.3720    10.3753     48.055     49.072    1461.98    1461.98     4.4249     4.6071    60.1220    62.5980  0.000e+00
      24388     49.000     9.1791     9.1767    1.58772    1.58769          1     2.4870     2.3020      29.28      0.669     0.2990     0.2329  1.000e-12  0.1365000    13.6904    13.6910     0.0006    -0.0024    10.4643    10.4650     48.550     49.576    1461.64    1461.63     4.3982     4.5426    59.6310    61.5870  0.000e+00
