ctdpy/tests/etc/exprapp_feb_2020/SBE09_1387_20200205_1439_77_10_0112.cnv
* Sea-Bird SBE 9 Data File:
* FileName = L:\2020\sv20d0112.hex
* Software Version Seasave V 7.26.7.121
* Temperature SN = 6378
* Conductivity SN = 4824
* Number of Bytes Per Scan = 41
* Number of Voltage Words = 4
* Number of Scans Averaged by the Deck Unit = 1
* NMEA Latitude = 58 03.12 N
* NMEA Longitude = 009 44.90 E
* NMEA UTC (Time) = Feb 05 2020  14:39:12
* NMEA baud rate = 4800
** Station:  30N Hirtshals
** Operator:  A-KTh
** Ship: SVEA
** Average sound velocity: 1482.43 m/s
** True-depth calculation Wed, 05 Feb 2020 18:13:38 +0000
** CTD Python Module SMHI /ver 3-12/ feb 2012 
** LIMS Job: 20207710-0112
** Cruise: SMHI-02-2020
** Latitude [GG MM.mm N] :
** Longitude [GGG MM.mm E]:
# nquan = 30
# nvalues = 521                         
# units = specified
# name 0 = scan: Scan Count
# name 1 = prDM: Pressure, Digiquartz [db]
# name 2 = t090C: Temperature [ITS-90, deg C]
# name 3 = t190C: Temperature, 2 [ITS-90, deg C]
# name 4 = c0S/m: Conductivity [S/m]
# name 5 = c1S/m: Conductivity, 2 [S/m]
# name 6 = pumps: Pump Status
# name 7 = sbeox0V: Oxygen raw, SBE 43 [V]
# name 8 = sbeox1V: Oxygen raw, SBE 43, 2 [V]
# name 9 = altM: Altimeter [m]
# name 10 = dz/dtM: Descent Rate [m/s]
# name 11 = flECO-AFL: Chl-a Fluorescence, WET Labs ECO-AFL/FL [mg/m^3]
# name 12 = flECO-AFL1: Phycocyanin Fluorescence, WET Labs ECO-AFL/FL, 2 [mg/m^3]
# name 13 = par: PAR/Irradiance, Biospherical/Lico [µE/(cm^2*s)]
# name 14 = turbWETntu0: Turbidity, WET Labs ECO [NTU]
# name 15 = sal00: Salinity, Practical [PSU]
# name 16 = sal11: Salinity, Practical, 2 [PSU]
# name 17 = secS-priS: Salinity, Practical, Difference, 2 - 1 [PSU]
# name 18 = T2-T190C: Temperature Difference, 2 - 1 [ITS-90, deg C]
# name 19 = sigma-t00: Density [sigma-t, kg/m^3 ]
# name 20 = sigma-t11: Density, 2 [sigma-t, kg/m^3 ]
# name 21 = depSM: Depth [salt water, m], lat = 58.052
# name 22 = depFM: Depth [true depth, m], lat = 58.052
# name 23 = svCM: Sound Velocity [Chen-Millero, m/s]
# name 24 = svCM1: Sound Velocity, 2 [Chen-Millero, m/s]
# name 25 = sbeox0ML/L: Oxygen, SBE 43 [ml/l], WS = 2
# name 26 = sbeox1ML/L: Oxygen, SBE 43, 2 [ml/l], WS = 2
# name 27 = sbeox0PS: Oxygen, SBE 43 [% saturation], WS = 2
# name 28 = sbeox1PS: Oxygen, SBE 43, 2 [% saturation], WS = 2
# name 29 = flag: flag
# span 0 =      15355,      28590       
# span 1 =      3.500,    263.500       
# span 2 =     6.3139,     7.7640       
# span 3 =     6.3138,     7.7628       
# span 4 =   3.244053,   3.614283       
# span 5 =   3.243913,   3.614014       
# span 6 =          1,          1       
# span 7 =     3.4518,     3.5795       
# span 8 =     3.2137,     3.3230       
# span 9 =       1.61,      99.63       
# span 10 =     -0.102,      1.228      
# span 11 =     0.2614,     0.8316      
# span 12 =     0.1480,     0.3566      
# span 13 = 1.0000e-12, 5.0551e+00      
# span 14 =     0.1949,     2.7989      
# span 15 =    32.5238,    35.1078      
# span 16 =    32.5244,    35.1061      
# span 17 =    -0.0486,     0.1033      
# span 18 =    -0.0323,     0.0169      
# span 19 =    25.5573,    27.4043      
# span 20 =    25.5579,    27.4034      
# span 21 =      3.468,    260.891      
# span 22 =      3.476,    261.272      
# span 23 =    1472.93,    1485.54      
# span 24 =    1472.93,    1485.54      
# span 25 =     6.1587,     6.5691      
# span 26 =     6.2262,     6.6621      
# span 27 =     92.737,     94.935      
# span 28 =     93.800,     95.752      
# span 29 = 0.0000e+00, 0.0000e+00      
# interval = decibars: 0.5              
# start_time = Feb 05 2020 14:39:13 [NMEA time, first data scan]
# bad_flag = -9.990e-29
*END*
[from data line 49]
      16961     28.000     7.2929     7.2939    3.53425    3.53406          1     3.5550     3.3026      98.09      0.362     0.4184     0.2163  2.354e-02  0.2966000    34.7532    34.7502    -0.0030     0.0010    27.1832    27.1807     27.739     27.796    1479.94    1479.94     6.2860     6.3574    93.5850    94.6470  0.000e+00
      16974     28.500     7.2877     7.2875    3.53417    3.53403          1     3.5556     3.3029      98.09      0.618     0.4262     0.2793  1.321e-02  0.3351000    34.7573    34.7559    -0.0014    -0.0001    27.1872    27.1861     28.234     28.291    1479.93    1479.93     6.2865     6.3498    93.5830    94.5240  0.000e+00
      16985     29.000     7.2771     7.2773    3.53329    3.53318          1     3.5563     3.3016      98.09      0.827     0.4202     0.2829  1.006e-02  0.3404000    34.7581    34.7567    -0.0014     0.0002    27.1893    27.1882     28.729     28.787    1479.90    1479.90     6.2876     6.3425    93.5780    94.3940  0.000e+00
      16996     29.500     7.2542     7.2539    3.53147    3.53133          1     3.5561     3.3009      98.09      0.979     0.3960     0.2756  8.639e-03  0.3650000    34.7610    34.7597    -0.0013    -0.0004    27.1949    27.1939     29.224     29.283    1479.82    1479.82     6.2881     6.3459    93.5380    94.3950  0.000e+00
      17011     30.000     7.2485     7.2486    3.53107    3.53096          1     3.5557     3.3006      98.09      0.997     0.3939     0.2611  4.972e-03  0.4282000    34.7621    34.7607    -0.0014     0.0002    27.1966    27.1955     29.720     29.779    1479.81    1479.81     6.2852     6.3525    93.4830    94.4830  0.000e+00
      17069     30.500     7.2471     7.2448    3.53085    3.53052          1     3.5542     3.3017      98.09      0.268     0.4002     0.2214  5.553e-03  0.5582000    34.7608    34.7595    -0.0013    -0.0023    27.1957    27.1950     30.215     30.274    1479.81    1479.80     6.2861     6.3628    93.4920    94.6280  0.000e+00
      17107     31.000     7.2174     7.2154    3.52860    3.52830          1     3.5537     3.3022      97.35      0.301     0.3727     0.2366  2.047e-03  0.6245000    34.7658    34.7646    -0.0012    -0.0021    27.2038    27.2032     30.710     30.770    1479.71    1479.70     6.2885     6.3609    93.4680    94.5390  0.000e+00
      17124     31.500     7.2104     7.2102    3.52822    3.52805          1     3.5532     3.3014      46.41      0.534     0.3924     0.2589  3.784e-04  0.7592000    34.7685    34.7668    -0.0017    -0.0002    27.2070    27.2056     31.206     31.266    1479.70    1479.69     6.2887     6.3541    93.4580    94.4280  0.000e+00
      17139     32.000     7.2137     7.2133    3.52885    3.52865          1     3.5531     3.3003      95.24      0.687     0.3921     0.2859  9.092e-07  0.9091000    34.7718    34.7700    -0.0018    -0.0004    27.2091    27.2078     31.701     31.762    1479.72    1479.72     6.2896     6.3553    93.4800    94.4550  0.000e+00
      17155     32.500     7.2183     7.2181    3.52976    3.52958          1     3.5531     3.3001      98.04      0.763     0.3855     0.2517  2.038e-11  0.9822000    34.7768    34.7751    -0.0017    -0.0002    27.2124    27.2111     32.196     32.258    1479.75    1479.75     6.2898     6.3617    93.4960    94.5640  0.000e+00
      17173     33.000     7.2212     7.2208    3.53032    3.53014          1     3.5531     3.3005      52.72      0.745     0.3679     0.2449  1.000e-12  0.9080000    34.7798    34.7784    -0.0015    -0.0004    27.2144    27.2133     32.691     32.753    1479.78    1479.77     6.2895     6.3626    93.4990    94.5840  0.000e+00
      17194     33.500     7.2229     7.2229    3.53058    3.53042          1     3.5531     3.3000      71.15      0.642     0.3790     0.2549  1.000e-12  1.0043000    34.7808    34.7790    -0.0018    -0.0000    27.2149    27.2135     33.187     33.249    1479.79    1479.79     6.2896     6.3557    93.5050    94.4860  0.000e+00
      17230     34.000     7.2242     7.2253    3.53078    3.53081          1     3.5529     3.2987      96.56      0.396     0.3813     0.2319  1.000e-12  0.8831000    34.7815    34.7806    -0.0009     0.0011    27.2152    27.2144     33.682     33.745    1479.81    1479.81     6.2884     6.3515    93.4910    94.4310  0.000e+00
      17278     34.500     7.2279     7.2282    3.53140    3.53127          1     3.5522     3.2975      98.09      0.211     0.3672     0.1887  1.000e-12  0.8848000    34.7842    34.7825    -0.0017     0.0003    27.2169    27.2155     34.177     34.241    1479.83    1479.83     6.2857     6.3516    93.4610    94.4390  0.000e+00
      17300     35.000     7.2293     7.2289    3.53168    3.53152          1     3.5521     3.2974      98.09      0.384     0.3686     0.2384  1.000e-12  0.8903000    34.7856    34.7842    -0.0013    -0.0004    27.2177    27.2167     34.673     34.737    1479.85    1479.85     6.2876     6.3575    93.4920    94.5300  0.000e+00
      17315     35.500     7.2286     7.2283    3.53165    3.53147          1     3.5520     3.2978      98.09      0.573     0.3687     0.2652  1.000e-12  0.9786000    34.7857    34.7841    -0.0016    -0.0003    27.2179    27.2167     35.168     35.232    1479.86    1479.85     6.2888     6.3598    93.5080    94.5620  0.000e+00
      17327     36.000     7.2286     7.2285    3.53177    3.53167          1     3.5522     3.2980      98.09      0.747     0.3683     0.2664  1.000e-12  1.0048000    34.7868    34.7858    -0.0010    -0.0001    27.2188    27.2180     35.663     35.728    1479.86    1479.86     6.2895     6.3563    93.5190    94.5120  0.000e+00
      17340     36.500     7.2303     7.2301    3.53221    3.53206          1     3.5525     3.2979      98.09      0.881     0.4105     0.2801  1.000e-12  1.0365000    34.7897    34.7883    -0.0014    -0.0002    27.2209    27.2198     36.158     36.224    1479.88    1479.88     6.2889     6.3534    93.5150    94.4730  0.000e+00
      17356     37.000     7.2318     7.2316    3.53247    3.53232          1     3.5521     3.2972      98.09      0.911     0.4146     0.2693  1.000e-12  1.0079000    34.7907    34.7893    -0.0015    -0.0002    27.2215    27.2203     36.654     36.720    1479.90    1479.89     6.2881     6.3554    93.5070    94.5070  0.000e+00
      17403     37.500     7.2304     7.2313    3.53229    3.53231          1     3.5514     3.2980      98.09      0.341     0.3951     0.2360  1.000e-12  0.9162000    34.7900    34.7893    -0.0007     0.0009    27.2210    27.2203     37.149     37.215    1479.90    1479.90     6.2851     6.3569    93.4600    94.5290  0.000e+00
      17442     38.000     7.2390     7.2395    3.53398    3.53395          1     3.5504     3.2973      98.09      0.232     0.3808     0.2355  1.000e-12  0.9683000    34.7995    34.7986    -0.0009     0.0005    27.2274    27.2266     37.644     37.711    1479.95    1479.95     6.2823     6.3526    93.4420    94.4890  0.000e+00
      17456     38.500     7.2443     7.2444    3.53499    3.53490          1     3.5501     3.2976      98.09      0.525     0.3824     0.2364  1.000e-12  0.9812000    34.8051    34.8039    -0.0011     0.0001    27.2310    27.2301     38.140     38.207    1479.99    1479.99     6.2807     6.3580    93.4340    94.5830  0.000e+00
      17469     39.000     7.2477     7.2474    3.53578    3.53557          1     3.5501     3.2979      98.10      0.746     0.3824     0.2599  1.000e-12  0.9864000    34.8100    34.8081    -0.0020    -0.0003    27.2344    27.2329     38.635     38.703    1480.02    1480.01     6.2800     6.3593    93.4330    94.6110  0.000e+00
      17483     39.500     7.2488     7.2484    3.53603    3.53583          1     3.5497     3.2981      98.09      0.867     0.3976     0.2629  1.000e-12  1.0103000    34.8113    34.8096    -0.0017    -0.0004    27.2353    27.2340     39.130     39.198    1480.03    1480.03     6.2799     6.3564    93.4350    94.5710  0.000e+00
      17515     40.000     7.2478     7.2466    3.53587    3.53551          1     3.5494     3.2978      98.09      0.566     0.4011     0.2477  1.000e-12  0.9913000    34.8104    34.8076    -0.0028    -0.0012    27.2347    27.2326     39.625     39.694    1480.03    1480.02     6.2811     6.3518    93.4500    94.4970  0.000e+00
      17559     40.500     7.2500     7.2515    3.53640    3.53650          1     3.5493     3.2958      98.10      0.189     0.3882     0.2157  1.000e-12  0.9534000    34.8137    34.8132    -0.0005     0.0015    27.2369    27.2363     40.121     40.190    1480.05    1480.06     6.2815     6.3397    93.4620    94.3320  0.000e+00
      17576     41.000     7.2553     7.2552    3.53725    3.53712          1     3.5494     3.2952      98.09      0.438     0.3815     0.2202  1.000e-12  0.9448000    34.8174    34.8161    -0.0012    -0.0002    27.2391    27.2381     40.616     40.686    1480.09    1480.08     6.2846     6.3470    93.5220    94.4500  0.000e+00
      17591     41.500     7.2590     7.2590    3.53801    3.53788          1     3.5501     3.2954      98.09      0.651     0.3931     0.2380  1.000e-12  0.9689000    34.8217    34.8204    -0.0014    -0.0001    27.2420    27.2409     41.111     41.182    1480.11    1480.11     6.2862     6.3507    93.5570    94.5160  0.000e+00
      17607     42.000     7.2618     7.2616    3.53855    3.53839          1     3.5505     3.2956      98.09      0.774     0.4072     0.3261  1.000e-12  0.9571000    34.8245    34.8231    -0.0015    -0.0002    27.2438    27.2427     41.606     41.677    1480.14    1480.13     6.2836     6.3523    93.5250    94.5470  0.000e+00
      17628     42.500     7.2618     7.2619    3.53857    3.53847          1     3.5502     3.2957      98.09      0.698     0.4151     0.2605  1.000e-12  0.9940000    34.8246    34.8233    -0.0012     0.0001    27.2438    27.2429     42.102     42.173    1480.14    1480.14     6.2802     6.3481    93.4750    94.4850  0.000e+00
      17662     43.000     7.2630     7.2650    3.53887    3.53900          1     3.5496     3.2954      98.09      0.380     0.3992     0.2857  1.000e-12  0.9829000    34.8264    34.8259    -0.0005     0.0020    27.2451    27.2444     42.597     42.669    1480.16    1480.17     6.2810     6.3511    93.4910    94.5380  0.000e+00
      17692     43.500     7.2673     7.2673    3.53962    3.53950          1     3.5495     3.2964      98.09      0.366     0.3850     0.2623  1.000e-12  0.8786000    34.8300    34.8287    -0.0014     0.0001    27.2474    27.2463     43.092     43.165    1480.19    1480.19     6.2792     6.3590    93.4760    94.6630  0.000e+00
      17715     44.000     7.2687     7.2683    3.53989    3.53971          1     3.5492     3.2970      98.09      0.476     0.3819     0.2359  1.000e-12  0.8714000    34.8314    34.8297    -0.0017    -0.0003    27.2482    27.2470     43.587     43.660    1480.21    1480.20     6.2792     6.3542    93.4800    94.5940  0.000e+00
      17738     44.500     7.2694     7.2693    3.54005    3.53990          1     3.5490     3.2969      93.93      0.518     0.3803     0.2615  1.000e-12  0.9988000    34.8321    34.8306    -0.0015    -0.0001    27.2487    27.2475     44.083     44.156    1480.22    1480.21     6.2796     6.3479    93.4870    94.5020  0.000e+00
      17759     45.000     7.2711     7.2716    3.54036    3.54034          1     3.5491     3.2958      97.25      0.537     0.3953     0.2824  1.000e-12  1.0140000    34.8336    34.8328    -0.0008     0.0005    27.2496    27.2489     44.578     44.652    1480.23    1480.23     6.2791     6.3419    93.4850    94.4190  0.000e+00
      17778     45.500     7.2761     7.2762    3.54128    3.54117          1     3.5487     3.2952      98.10      0.589     0.4030     0.2781  1.000e-12  0.9427000    34.8383    34.8370    -0.0013     0.0001    27.2527    27.2516     45.073     45.148    1480.27    1480.26     6.2770     6.3400    93.4670    94.4030  0.000e+00
      17798     46.000     7.2794     7.2789    3.54187    3.54169          1     3.5484     3.2943      67.39      0.624     0.3931     0.2661  1.000e-12  0.8198000    34.8412    34.8397    -0.0016    -0.0004    27.2545    27.2533     45.568     45.643    1480.29    1480.29     6.2764     6.3436    93.4650    94.4650  0.000e+00
      17820     46.500     7.2814     7.2809    3.54223    3.54206          1     3.5480     3.2949      96.14      0.579     0.4043     0.2636  1.000e-12  0.9418000    34.8429    34.8415    -0.0014    -0.0004    27.2554    27.2544     46.064     46.139    1480.31    1480.31     6.2764     6.3521    93.4720    94.5970  0.000e+00
      17848     47.000     7.2826     7.2823    3.54254    3.54238          1     3.5484     3.2953      66.20      0.475     0.3901     0.2574  1.000e-12  1.3615000    34.8448    34.8433    -0.0015    -0.0003    27.2568    27.2557     46.559     46.635    1480.32    1480.32     6.2803     6.3504    93.5330    94.5760  0.000e+00
      17878     47.500     7.2839     7.2840    3.54294    3.54288          1     3.5488     3.2953      89.87      0.397     0.3819     0.2440  1.000e-12  0.8497000    34.8476    34.8468    -0.0008     0.0001    27.2588    27.2582     47.054     47.131    1480.34    1480.34     6.2790     6.3465    93.5190    94.5240  0.000e+00
      17906     48.000     7.2847     7.2850    3.54323    3.54316          1     3.5485     3.2950      98.14      0.417     0.3933     0.2559  1.000e-12  0.7353000    34.8497    34.8486    -0.0011     0.0002    27.2603    27.2595     47.549     47.626    1480.36    1480.36     6.2772     6.3448    93.4950    94.5010  0.000e+00
      17932     48.500     7.2931     7.2941    3.54479    3.54480          1     3.5482     3.2944      98.09      0.448     0.3926     0.2605  1.000e-12  0.7370000    34.8580    34.8572    -0.0008     0.0009    27.2657    27.2649     48.045     48.122    1480.41    1480.41     6.2755     6.3387    93.4930    94.4360  0.000e+00
      17953     49.000     7.2989     7.2987    3.54586    3.54573          1     3.5480     3.2935      98.09      0.499     0.3842     0.2971  1.000e-12  0.6575000    34.8637    34.8625    -0.0013    -0.0002    27.2694    27.2684     48.540     48.618    1480.44    1480.44     6.2745     6.3348    93.4930    94.3900  0.000e+00
      17969     49.500     7.3000     7.2998    3.54607    3.54593          1     3.5481     3.2929      98.09      0.601     0.3948     0.2081  1.000e-12  0.6763000    34.8646    34.8633    -0.0012    -0.0002    27.2699    27.2690     49.035     49.114    1480.46    1480.45     6.2738     6.3386    93.4850    94.4490  0.000e+00
      17984     50.000     7.3034     7.3034    3.54663    3.54650          1     3.5474     3.2931      98.09      0.721     0.3929     0.2071  1.000e-12  0.6755000    34.8671    34.8657    -0.0013    -0.0000    27.2714    27.2703     49.530     49.609    1480.48    1480.48     6.2716     6.3423    93.4610    94.5150  0.000e+00
      17998     50.500     7.3070     7.3071    3.54733    3.54725          1     3.5471     3.2932      98.09      0.808     0.3934     0.2071  1.000e-12  0.6701000    34.8708    34.8698    -0.0011     0.0001    27.2738    27.2730     50.026     50.105    1480.51    1480.51     6.2716     6.3420    93.4720    94.5210  0.000e+00
      18019     51.000     7.3082     7.3074    3.54776    3.54749          1     3.5471     3.2932      98.09      0.749     0.4039     0.2257  1.000e-12  0.5815000    34.8741    34.8720    -0.0021    -0.0008    27.2762    27.2747     50.521     50.601    1480.52    1480.52     6.2730     6.3412    93.4970    94.5100  0.000e+00
