ctdpy/tests/etc/exprapp_feb_2020/SBE09_1387_20200201_1717_77_10_0090.cnv
* Sea-Bird SBE 9 Data File:
* FileName = L:\2020\sv20d0090.hex
* Software Version Seasave V 7.26.7.121
* Temperature SN = 6378
* Conductivity SN = 4824
* Number of Bytes Per Scan = 41
* Number of Voltage Words = 4
* Number of Scans Averaged by the Deck Unit = 1
* NMEA Latitude = 57 40.44 N
* NMEA Longitude = 011 22.68 E
* NMEA UTC (Time) = Feb 01 2020  17:17:49
* NMEA baud rate = 4800
** Station:  7W Vinga
** Operator:  A-KTh
** Ship: SVEA
** Average sound velocity: 1475.60 m/s
** True-depth calculation Sat, 01 Feb 2020 18:10:39 +0000
** CTD Python Module SMHI /ver 3-12/ feb 2012 
** LIMS Job: 20207710-0090
** Cruise: SMHI-02-2020
** Latitude [GG MM.mm N] :
** Longitude [GGG MM.mm E]:
# nquan = 30
# nvalues = 144                         
# units = specified
# name 0 = scan: Scan Count
# name 1 = prDM: Pressure, Digiquartz [db]
# name 2 = t090C: Temperature [ITS-90, deg C]
# name 3 = t190C: Temperature, 2 [ITS-90, deg C]
# name 4 = c0S/m: Conductivity [S/m]
# name 5 = c1S/m: Conductivity, 2 [S/m]
# name 6 = pumps: Pump Status
# name 7 = sbeox0V: Oxygen raw, SBE 43 [V]
# name 8 = sbeox1V: Oxygen raw, SBE 43, 2 [V]
# name 9 = altM: Altimeter [m]
# name 10 = dz/dtM: Descent Rate [m/s]
# name 11 = flECO-AFL: Chl-a Fluorescence, WET Labs ECO-AFL/FL [mg/m^3]
# name 12 = flECO-AFL1: Phycocyanin Fluorescence, WET Labs ECO-AFL/FL, 2 [mg/m^3]
# name 13 = par: PAR/Irradiance, Biospherical/Lico [µE/(cm^2*s)]
# name 14 = turbWETntu0: Turbidity, WET Labs ECO [NTU]
# name 15 = sal00: Salinity, Practical [PSU]
# name 16 = sal11: Salinity, Practical, 2 [PSU]
# name 17 = secS-priS: Salinity, Practical, Difference, 2 - 1 [PSU]
# name 18 = T2-T190C: Temperature Difference, 2 - 1 [ITS-90, deg C]
# name 19 = sigma-t00: Density [sigma-t, kg/m^3 ]
# name 20 = sigma-t11: Density, 2 [sigma-t, kg/m^3 ]
# name 21 = depSM: Depth [salt water, m], lat = 57.674
# name 22 = depFM: Depth [true depth, m], lat = 57.674
# name 23 = svCM: Sound Velocity [Chen-Millero, m/s]
# name 24 = svCM1: Sound Velocity, 2 [Chen-Millero, m/s]
# name 25 = sbeox0ML/L: Oxygen, SBE 43 [ml/l], WS = 2
# name 26 = sbeox1ML/L: Oxygen, SBE 43, 2 [ml/l], WS = 2
# name 27 = sbeox0PS: Oxygen, SBE 43 [% saturation], WS = 2
# name 28 = sbeox1PS: Oxygen, SBE 43, 2 [% saturation], WS = 2
# name 29 = flag: flag
# span 0 =      11321,      15746       
# span 1 =      1.500,     73.000       
# span 2 =     6.1335,     7.0586       
# span 3 =     6.1334,     7.0582       
# span 4 =   3.077267,   3.445760       
# span 5 =   3.077842,   3.445316       
# span 6 =          1,          1       
# span 7 =     3.5126,     3.5898       
# span 8 =     3.2721,     3.3394       
# span 9 =       1.59,      98.38       
# span 10 =     -0.262,      0.769      
# span 11 =     0.4146,     1.7583      
# span 12 =     0.1898,     0.5292      
# span 13 = -2.797e-11, 1.7633e+00      
# span 14 =     0.4079,     1.7225      
# span 15 =    30.8272,    34.0647      
# span 16 =    30.8344,    34.0633      
# span 17 =    -0.0226,     0.0360      
# span 18 =    -0.0139,     0.0106      
# span 19 =    24.2387,    26.6843      
# span 20 =    24.2445,    26.6832      
# span 21 =      1.486,     72.313      
# span 22 =      1.492,     72.477      
# span 23 =    1470.12,    1478.61      
# span 24 =    1470.13,    1478.61      
# span 25 =     6.2950,     6.6944      
# span 26 =     6.3910,     6.7856      
# span 27 =     92.595,     94.684      
# span 28 =     93.355,     95.910      
# span 29 = 0.0000e+00, 0.0000e+00      
# interval = decibars: 0.5              
# start_time = Feb 01 2020 17:17:49 [NMEA time, first data scan]
# bad_flag = -9.990e-29
*END*
[from data line 97]
      13922     50.000     6.8832     6.8839    3.38422    3.38433          1     3.5598     3.3124      24.70      0.414     0.4511     0.2165  1.000e-12  0.7327000    33.5034    33.5040     0.0005     0.0007    26.2557    26.2560     49.532     49.656    1477.15    1477.15     6.4191     6.4994    93.8980    95.0750  0.000e+00
      13950     50.500     6.8904     6.8907    3.38628    3.38630          1     3.5581     3.3107      24.18      0.409     0.4532     0.2942  1.000e-12  0.8199000    33.5188    33.5187    -0.0001     0.0003    26.2669    26.2667     50.027     50.152    1477.21    1477.21     6.4110     6.4950    93.8050    95.0350  0.000e+00
      13972     51.000     6.8944     6.8944    3.38747    3.38740          1     3.5557     3.3087      23.77      0.477     0.4536     0.2166  1.000e-12  0.8781000    33.5277    33.5270    -0.0007    -0.0000    26.2734    26.2728     50.523     50.648    1477.24    1477.24     6.4038     6.4874    93.7140    94.9370  0.000e+00
      13990     51.500     6.8987     6.8986    3.38898    3.38894          1     3.5542     3.3076      23.34      0.572     0.4457     0.2143  1.000e-12  0.9290000    33.5400    33.5396    -0.0004    -0.0000    26.2824    26.2821     51.018     51.144    1477.28    1477.28     6.3992     6.4883    93.6640    94.9670  0.000e+00
      14009     52.000     6.9103     6.9112    3.39262    3.39298          1     3.5523     3.3067      22.95      0.649     0.4283     0.2299  1.000e-12  0.9931000    33.5684    33.5714     0.0030     0.0010    26.3032    26.3055     51.513     51.641    1477.37    1477.38     6.3926     6.4875    93.6090    95.0020  0.000e+00
      14033     52.500     6.9307     6.9323    3.39865    3.39907          1     3.5504     3.3061      22.28      0.586     0.4340     0.2652  1.000e-12  1.1099000    33.6144    33.6174     0.0031     0.0015    26.3367    26.3389     52.008     52.137    1477.52    1477.52     6.3877     6.4817    93.6100    94.9930  0.000e+00
      14061     53.000     6.9511     6.9523    3.40447    3.40462          1     3.5494     3.3050      21.67      0.426     0.4539     0.1955  1.000e-12  1.1778000    33.6580    33.6585     0.0004     0.0012    26.3683    26.3685     52.504     52.633    1477.66    1477.66     6.3859     6.4682    93.6540    94.8650  0.000e+00
      14084     53.500     6.9591     6.9595    3.40638    3.40644          1     3.5493     3.3030      21.22      0.456     0.4502     0.2391  1.000e-12  1.1971000    33.6710    33.6713     0.0002     0.0004    26.3775    26.3776     52.999     53.129    1477.71    1477.71     6.3858     6.4594    93.6790    94.7590  0.000e+00
      14104     54.000     6.9652     6.9653    3.40812    3.40810          1     3.5494     3.3019      20.78      0.558     0.4294     0.1912  1.000e-12  1.2724000    33.6838    33.6835    -0.0004     0.0001    26.3868    26.3864     53.494     53.625    1477.76    1477.76     6.3842     6.4612    93.6750    94.8050  0.000e+00
      14127     54.500     6.9699     6.9700    3.40954    3.40947          1     3.5489     3.3010      20.02      0.572     0.4498     0.2119  1.000e-12  1.2369000    33.6946    33.6937    -0.0009     0.0001    26.3946    26.3938     53.989     54.122    1477.80    1477.80     6.3783     6.4578    93.6060    94.7720  0.000e+00
      14160     55.000     6.9738     6.9735    3.41048    3.41027          1     3.5471     3.2994      19.44      0.392     0.4501     0.3027  1.000e-12  1.3041000    33.7008    33.6989    -0.0019    -0.0004    26.3989    26.3974     54.485     54.618    1477.83    1477.83     6.3729     6.4543    93.5380    94.7310  0.000e+00
      14190     55.500     6.9786     6.9789    3.41171    3.41176          1     3.5459     3.2981      19.15      0.367     0.4327     0.2348  1.000e-12  1.2642000    33.7094    33.7096     0.0003     0.0003    26.4050    26.4052     54.980     55.114    1477.87    1477.87     6.3686     6.4540    93.4910    94.7460  0.000e+00
      14209     56.000     6.9837     6.9838    3.41325    3.41322          1     3.5446     3.2980      18.76      0.489     0.4292     0.2379  1.000e-12  1.3125000    33.7211    33.7206    -0.0005     0.0001    26.4136    26.4132     55.475     55.610    1477.91    1477.91     6.3617     6.4570    93.4080    94.8070  0.000e+00
      14226     56.500     6.9920     6.9920    3.41554    3.41555          1     3.5430     3.2980      18.47      0.626     0.4516     0.2390  1.000e-12  1.3276000    33.7378    33.7379     0.0001    -0.0000    26.4256    26.4257     55.970     56.106    1477.97    1477.97     6.3596     6.4521    93.4060    94.7640  0.000e+00
      14244     57.000     6.9979     6.9978    3.41750    3.41745          1     3.5427     3.2973      17.84      0.700     0.4449     0.2438  1.000e-12  1.3277000    33.7533    33.7528    -0.0005    -0.0001    26.4370    26.4366     56.466     56.602    1478.02    1478.02     6.3621     6.4498    93.4640    94.7530  0.000e+00
      14272     57.500     7.0027     7.0037    3.41908    3.41927          1     3.5426     3.2971      17.01      0.533     0.4564     0.2658  1.000e-12  1.3173000    33.7656    33.7667     0.0011     0.0010    26.4460    26.4468     56.961     57.099    1478.07    1478.07     6.3625     6.4482    93.4880    94.7510  0.000e+00
      14305     58.000     7.0100     7.0103    3.42149    3.42155          1     3.5418     3.2960      16.68      0.340     0.4397     0.2357  1.000e-12  1.3672000    33.7847    33.7850     0.0004     0.0003    26.4600    26.4603     57.456     57.595    1478.13    1478.13     6.3480     6.4272    93.3020    94.4680  0.000e+00
      14325     58.500     7.0203     7.0206    3.42442    3.42449          1     3.5384     3.2926      16.23      0.452     0.4515     0.2350  1.000e-12  1.2569000    33.8064    33.8069     0.0005     0.0003    26.4757    26.4761     57.951     58.091    1478.20    1478.20     6.3289     6.4072    93.0560    94.2090  0.000e+00
      14344     59.000     7.0280     7.0284    3.42669    3.42677          1     3.5351     3.2902      15.87      0.598     0.4350     0.2399  1.000e-12  1.2976000    33.8235    33.8240     0.0005     0.0004    26.4882    26.4885     58.446     58.587    1478.26    1478.26     6.3188     6.4037    92.9350    94.1850  0.000e+00
      14368     59.500     7.0423     7.0422    3.43036    3.43028          1     3.5306     3.2873      15.31      0.585     0.4342     0.2383  1.000e-12  1.3525000    33.8495    33.8486    -0.0009    -0.0000    26.5067    26.5060     58.942     59.083    1478.36    1478.36     6.3125     6.3989    92.8890    94.1600  0.000e+00
      14403     60.000     7.0507     7.0515    3.43197    3.43195          1     3.5298     3.2857      14.69      0.339     0.4178     0.2378  1.000e-12  1.4580000    33.8585    33.8576    -0.0009     0.0007    26.5126    26.5118     59.437     59.579    1478.41    1478.41     6.3385     6.4277    93.2960    94.6090  0.000e+00
      14428     60.500     7.0576     7.0575    3.43363    3.43369          1     3.5347     3.2893      14.29      0.392     0.4146     0.2364  1.000e-12  1.6019000    33.8698    33.8705     0.0007    -0.0001    26.5206    26.5212     59.932     60.075    1478.46    1478.46     6.3567     6.4514    93.5850    94.9780  0.000e+00
      14447     61.000     7.0586     7.0582    3.43663    3.43658          1     3.5379     3.2920      13.88      0.546     0.4270     0.2611  1.000e-12  1.7225000    33.9013    33.9013    -0.0001    -0.0005    26.5453    26.5453     60.427     60.571    1478.51    1478.51     6.3552     6.4543    93.5840    95.0420  0.000e+00
      14464     61.500     7.0506     7.0502    3.43662    3.43647          1     3.5393     3.2942      13.38      0.651     0.4435     0.2308  1.000e-12  1.4327000    33.9089    33.9077    -0.0012    -0.0004    26.5523    26.5514     60.923     61.068    1478.50    1478.49     6.3533     6.4531    93.5440    95.0110  0.000e+00
      14485     62.000     7.0455     7.0453    3.43630    3.43619          1     3.5405     3.2956      12.85      0.647     0.4607     0.2470  1.000e-12  1.1071000    33.9102    33.9090    -0.0011    -0.0002    26.5540    26.5532     61.418     61.564    1478.49    1478.48     6.3555     6.4513    93.5660    94.9750  0.000e+00
      14510     62.500     7.0439     7.0434    3.43828    3.43841          1     3.5414     3.2970      12.26      0.530     0.4621     0.2651  1.000e-12  1.0195000    33.9331    33.9352     0.0021    -0.0006    26.5723    26.5740     61.913     62.060    1478.52    1478.52     6.3498     6.4465    93.4930    94.9170  0.000e+00
      14536     63.000     7.0318     7.0306    3.44035    3.44028          1     3.5398     3.2968      11.59      0.457     0.4629     0.2411  1.000e-12  0.9720000    33.9675    33.9680     0.0005    -0.0013    26.6011    26.6016     62.408     62.556    1478.52    1478.52     6.3391     6.4409    93.3310    94.8260  0.000e+00
      14562     63.500     7.0306     7.0312    3.44184    3.44201          1     3.5379     3.2964      11.08      0.466     0.4730     0.2431  1.000e-12  0.9534000    33.9849    33.9861     0.0012     0.0006    26.6149    26.6158     62.904     63.052    1478.55    1478.55     6.3322     6.4286    93.2370    94.6590  0.000e+00
      14589     64.000     7.0340     7.0338    3.44433    3.44434          1     3.5345     3.2935      10.54      0.451     0.4821     0.2487  1.000e-12  0.9629000    34.0085    34.0088     0.0003    -0.0002    26.6331    26.6333     63.399     63.548    1478.60    1478.60     6.3206     6.4129    93.0880    94.4460  0.000e+00
      14614     64.500     7.0260     7.0251    3.44479    3.44471          1     3.5319     3.2915      10.06      0.451     0.4777     0.2395  1.000e-12  1.0260000    34.0213    34.0212    -0.0001    -0.0008    26.6443    26.6443     63.894     64.044    1478.59    1478.59     6.3208     6.4150    93.0820    94.4670  0.000e+00
      14636     65.000     7.0224     7.0194    3.44576    3.44532          1     3.5306     3.2899       9.66      0.511     0.4841     0.2394  1.000e-12  1.0326000    34.0352    34.0333    -0.0019    -0.0030    26.6557    26.6546     64.389     64.540    1478.60    1478.59     6.3212     6.4135    93.0880    94.4390  0.000e+00
      14656     65.500     6.9763     6.9740    3.44292    3.44268          1     3.5296     3.2888       8.94      0.572     0.5031     0.2668  1.000e-12  1.0175000    34.0494    34.0490    -0.0004    -0.0023    26.6731    26.6732     64.884     65.036    1478.45    1478.44     6.3283     6.4198    93.1030    94.4440  0.000e+00
      14680     66.000     6.9672     6.9668    3.44291    3.44276          1     3.5289     3.2877       8.50      0.546     0.5218     0.2673  1.000e-12  1.1977000    34.0580    34.0568    -0.0011    -0.0004    26.6812    26.6803     65.380     65.532    1478.43    1478.43     6.3304     6.4202    93.1200    94.4390  0.000e+00
      14707     66.500     6.9654     6.9650    3.44278    3.44263          1     3.5288     3.2863       8.01      0.467     0.5275     0.2130  1.000e-12  1.5673000    34.0581    34.0569    -0.0013    -0.0003    26.6816    26.6806     65.875     66.028    1478.43    1478.43     6.3325     6.4117    93.1460    94.3100  0.000e+00
      14731     67.000     6.9607     6.9603    3.44236    3.44221          1     3.5285     3.2842       7.52      0.465     0.5411     0.3118  1.000e-12  1.1098000    34.0580    34.0567    -0.0013    -0.0004    26.6821    26.6811     66.370     66.524    1478.42    1478.42     6.3291     6.4094    93.0860    94.2660  0.000e+00
      14755     67.500     6.9593     6.9593    3.44225    3.44214          1     3.5272     3.2834       7.03      0.504     0.5432     0.3034  1.000e-12  1.1546000    34.0580    34.0567    -0.0013     0.0000    26.6822    26.6812     66.865     67.020    1478.43    1478.43     6.3257     6.4173    93.0330    94.3800  0.000e+00
      14794     68.000     6.9592     6.9591    3.44227    3.44215          1     3.5263     3.2829       6.47      0.346     0.5310     0.2766  1.000e-12  1.1453000    34.0580    34.0567    -0.0013    -0.0001    26.6823    26.6813     67.361     67.516    1478.44    1478.43     6.3257     6.4172    93.0340    94.3780  0.000e+00
      14839     68.500     6.9584     6.9584    3.44224    3.44213          1     3.5229     3.2823       6.05      0.254     0.5400     0.2437  1.000e-12  1.1253000    34.0582    34.0570    -0.0012    -0.0000    26.6825    26.6816     67.856     68.012    1478.44    1478.44     6.3092     6.4148    92.7890    94.3410  0.000e+00
      14872     69.000     6.9625     6.9624    3.44278    3.44263          1     3.5206     3.2817       5.66      0.351     0.5261     0.3036  1.000e-12  1.2065000    34.0597    34.0583    -0.0014    -0.0002    26.6832    26.6821     68.351     68.508    1478.47    1478.47     6.3169     6.4157    92.9120    94.3630  0.000e+00
      14928     69.500     6.9698     6.9701    3.44346    3.44343          1     3.5211     3.2794       5.03      0.229     0.5366     0.2677  1.000e-12  1.1562000    34.0598    34.0592    -0.0006     0.0003    26.6822    26.6817     68.846     69.004    1478.50    1478.50     6.3166     6.4019    92.9240    94.1780  0.000e+00
      14986     70.000     6.9756     6.9765    3.44429    3.44430          1     3.5195     3.2763       4.56      0.226     0.5278     0.2669  1.000e-12  1.1947000    34.0629    34.0621    -0.0008     0.0009    26.6839    26.6832     69.341     69.500    1478.54    1478.54     6.3095     6.3940    92.8330    94.0780  0.000e+00
      15016     70.500     6.9766     6.9767    3.44446    3.44435          1     3.5190     3.2752       4.27      0.380     0.5518     0.2561  1.000e-12  1.2656000    34.0636    34.0622    -0.0013     0.0002    26.6843    26.6832     69.837     69.996    1478.55    1478.55     6.3102     6.3955    92.8450    94.1010  0.000e+00
      15087     71.000     6.9755     6.9751    3.44427    3.44416          1     3.5175     3.2762       3.74      0.202     0.5495     0.2274  1.000e-12  1.1561000    34.0622    34.0615    -0.0007    -0.0005    26.6834    26.6829     70.332     70.492    1478.55    1478.55     6.3050     6.4037    92.7670    94.2160  0.000e+00
      15159     71.500     6.9789     6.9754    3.44471    3.44422          1     3.5150     3.2762       3.21      0.238     0.5437     0.3132  1.000e-12  1.1255000    34.0636    34.0616    -0.0019    -0.0035    26.6840    26.6829     70.827     70.988    1478.58    1478.56     6.2999     6.3930    92.6990    94.0600  0.000e+00
      15207     72.000     6.9822     6.9812    3.44512    3.44488          1     3.5146     3.2743       2.67      0.321     0.5388     0.2749  1.000e-12  1.2357000    34.0645    34.0629    -0.0016    -0.0010    26.6843    26.6831     71.322     71.484    1478.60    1478.59     6.3012     6.3936    92.7260    94.0830  0.000e+00
      15328     72.500     6.9844     6.9839    3.44536    3.44518          1     3.5126     3.2721       2.11      0.115     0.5612     0.1908  1.000e-12  1.1232000    34.0647    34.0633    -0.0014    -0.0005    26.6841    26.6831     71.817     71.981    1478.61    1478.61     6.2950     6.3918    92.6390    94.0620  0.000e+00
      15746     73.000     6.9836     6.9845    3.44435    3.44450          1     3.5143     3.2725       1.59     -0.019     0.5618     0.2534  1.000e-12  1.2386000    34.0541    34.0550     0.0008     0.0009    26.6759    26.6764     72.313     72.477    1478.61    1478.61     6.3058     6.3910    92.7910    94.0460  0.000e+00
