ctdpy/tests/etc/exprapp_feb_2020/SBE09_1387_20200210_1551_77_10_0137.cnv
* Sea-Bird SBE 9 Data File:
* FileName = L:\2020\sv20d0137.hex
* Software Version Seasave V 7.26.7.121
* Temperature SN = 6378
* Conductivity SN = 4824
* Number of Bytes Per Scan = 41
* Number of Voltage Words = 4
* Number of Scans Averaged by the Deck Unit = 1
* NMEA Latitude = 57 32.85 N
* NMEA Longitude = 020 09.82 E
* NMEA UTC (Time) = Feb 10 2020  15:51:57
* NMEA baud rate = 4800
** Station:  BY19
** Operator:  DBSj
** Ship: SVEA
** Average sound velocity: 1444.68 m/s
** True-depth calculation Mon, 10 Feb 2020 17:38:12 +0000
** CTD Python Module SMHI /ver 3-12/ feb 2012 
** LIMS Job: 20207710-0137
** Cruise: SMHI-03-2020
** Latitude [GG MM.mm N] :
** Longitude [GGG MM.mm E]:
# nquan = 30
# nvalues = 302                         
# units = specified
# name 0 = scan: Scan Count
# name 1 = prDM: Pressure, Digiquartz [db]
# name 2 = t090C: Temperature [ITS-90, deg C]
# name 3 = t190C: Temperature, 2 [ITS-90, deg C]
# name 4 = c0S/m: Conductivity [S/m]
# name 5 = c1S/m: Conductivity, 2 [S/m]
# name 6 = pumps: Pump Status
# name 7 = sbeox0V: Oxygen raw, SBE 43 [V]
# name 8 = sbeox1V: Oxygen raw, SBE 43, 2 [V]
# name 9 = altM: Altimeter [m]
# name 10 = dz/dtM: Descent Rate [m/s]
# name 11 = flECO-AFL: Chl-a Fluorescence, WET Labs ECO-AFL/FL [mg/m^3]
# name 12 = flECO-AFL1: Phycocyanin Fluorescence, WET Labs ECO-AFL/FL, 2 [mg/m^3]
# name 13 = par: PAR/Irradiance, Biospherical/Lico [µE/(cm^2*s)]
# name 14 = turbWETntu0: Turbidity, WET Labs ECO [NTU]
# name 15 = sal00: Salinity, Practical [PSU]
# name 16 = sal11: Salinity, Practical, 2 [PSU]
# name 17 = secS-priS: Salinity, Practical, Difference, 2 - 1 [PSU]
# name 18 = T2-T190C: Temperature Difference, 2 - 1 [ITS-90, deg C]
# name 19 = sigma-t00: Density [sigma-t, kg/m^3 ]
# name 20 = sigma-t11: Density, 2 [sigma-t, kg/m^3 ]
# name 21 = depSM: Depth [salt water, m], lat = 57.5475
# name 22 = depFM: Depth [true depth, m], lat = 57.5475
# name 23 = svCM: Sound Velocity [Chen-Millero, m/s]
# name 24 = svCM1: Sound Velocity, 2 [Chen-Millero, m/s]
# name 25 = sbeox0ML/L: Oxygen, SBE 43 [ml/l], WS = 2
# name 26 = sbeox1ML/L: Oxygen, SBE 43, 2 [ml/l], WS = 2
# name 27 = sbeox0PS: Oxygen, SBE 43 [% saturation], WS = 2
# name 28 = sbeox1PS: Oxygen, SBE 43, 2 [% saturation], WS = 2
# name 29 = flag: flag
# span 0 =      25095,      34311       
# span 1 =      3.500,    154.000       
# span 2 =     4.9966,     7.8558       
# span 3 =     4.9963,     7.8508       
# span 4 =   0.799574,   1.402469       
# span 5 =   0.799640,   1.402619       
# span 6 =          1,          1       
# span 7 =     0.7453,     3.5274       
# span 8 =     0.7308,     3.2913       
# span 9 =       1.14,     113.09       
# span 10 =     -0.457,      1.682      
# span 11 =     0.3427,     0.4296      
# span 12 =     0.1296,     0.3013      
# span 13 = -3.370e-04, 6.9097e-01      
# span 14 =     0.1098,     0.7186      
# span 15 =     7.3728,    12.6094      
# span 16 =     7.3735,    12.6112      
# span 17 =    -0.2618,     0.0784      
# span 18 =    -0.0720,     0.1619      
# span 19 =     5.8292,     9.8090      
# span 20 =     5.8298,     9.8105      
# span 21 =      3.468,    152.522      
# span 22 =      3.544,    155.675      
# span 23 =    1435.71,    1455.39      
# span 24 =    1435.71,    1455.36      
# span 25 =     0.0518,     7.9023      
# span 26 =     0.0753,     8.0428      
# span 27 =      0.668,     92.880      
# span 28 =      0.972,     94.535      
# span 29 = 0.0000e+00, 0.0000e+00      
# interval = decibars: 0.5              
# start_time = Feb 10 2020 15:51:57 [NMEA time, first data scan]
# bad_flag = -9.990e-29
*END*
[from data line 194]
      30551    100.500     6.7605     6.7481    1.25493    1.25207          1     0.7750     0.7598      59.34      1.013     0.3814     0.2610  1.000e-12  0.1396000    11.3576    11.3338    -0.0239    -0.0124     8.8687     8.8509     99.548    101.691    1449.83    1449.74     0.1425     0.1950     1.7970     2.4570  0.000e+00
      30562    101.000     6.7905     6.7862    1.26067    1.25992          1     0.7758     0.7612      59.02      1.059     0.3814     0.2579  1.000e-12  0.1396000    11.4038    11.3979    -0.0059    -0.0043     8.9027     8.8984    100.043    102.196    1450.02    1449.99     0.1411     0.2020     1.7810     2.5500  0.000e+00
      30575    101.500     6.8274     6.8273    1.26462    1.26479          1     0.7760     0.7623      58.32      1.043     0.3824     0.2073  1.000e-12  0.1404000    11.4302    11.4318     0.0017    -0.0001     8.9206     8.9219    100.538    102.701    1450.21    1450.21     0.1322     0.1971     1.6710     2.4900  0.000e+00
      30593    102.000     6.9159     6.9086    1.27121    1.27071          1     0.7748     0.7632      57.42      0.883     0.3721     0.2112  1.000e-12  0.1354000    11.4650    11.4625    -0.0025    -0.0074     8.9411     8.9397    101.034    103.205    1450.63    1450.60     0.1236     0.1883     1.5650     2.3840  0.000e+00
      30703    102.500     6.7515     6.8177    1.24728    1.25633          1     0.7863     0.7756      56.51      0.199     0.3804     0.2046  1.000e-12  0.1247000    11.2853    11.3520     0.0666     0.0662     8.8126     8.8599    101.529    103.710    1449.73    1450.09     0.2287     0.2990     2.8800     3.7750  0.000e+00
      30738    103.000     6.8506     6.9646    1.25995    1.27186          1     0.8018     0.7867      56.35      0.401     0.3748     0.2593  1.000e-12  0.1353000    11.3765    11.4549     0.0784     0.1139     8.8767     8.9293    102.024    104.215    1450.27    1450.84     0.2907     0.3570     3.6740     4.5260  0.000e+00
      30751    103.500     6.8988     6.9379    1.26513    1.26921          1     0.8099     0.7930      55.96      0.611     0.3708     0.2036  1.000e-12  0.1399000    11.4111    11.4379     0.0268     0.0391     8.9001     8.9181    102.519    104.720    1450.52    1450.71     0.3009     0.3677     3.8080     4.6580  0.000e+00
      30762    104.000     6.9893     7.0085    1.28165    1.28481          1     0.8155     0.7978      55.57      0.782     0.3691     0.1468  1.000e-12  0.1314000    11.5420    11.5663     0.0243     0.0192     8.9957     9.0133    103.014    105.225    1451.07    1451.18     0.3058     0.3682     3.8820     4.6770  0.000e+00
      30772    104.500     7.0968     7.1020    1.29269    1.29307          1     0.8204     0.8009      55.15      0.932     0.3729     0.1470  1.000e-12  0.1273000    11.6133    11.6153     0.0019     0.0053     9.0431     9.0442    103.509    105.729    1451.61    1451.63     0.3091     0.3664     3.9360     4.6660  0.000e+00
      30781    105.000     7.1435     7.1449    1.29694    1.29720          1     0.8242     0.8038      54.82      1.066     0.3702     0.1717  1.000e-12  0.1274000    11.6388    11.6409     0.0021     0.0013     9.0593     9.0608    104.005    106.234    1451.84    1451.85     0.3099     0.3631     3.9510     4.6300  0.000e+00
      30791    105.500     7.1476     7.1472    1.29840    1.29852          1     0.8272     0.8065      54.38      1.180     0.3702     0.1730  1.000e-12  0.1274000    11.6515    11.6528     0.0013    -0.0005     9.0689     9.0700    104.499    106.739    1451.88    1451.88     0.3066     0.3591     3.9100     4.5800  0.000e+00
      30800    106.000     7.1445     7.1443    1.29960    1.29977          1     0.8297     0.8083      53.84      1.261     0.3702     0.1762  1.000e-12  0.1274000    11.6641    11.6659     0.0018    -0.0001     9.0791     9.0804    104.995    107.243    1451.89    1451.89     0.3012     0.3478     3.8410     4.4360  0.000e+00
      30811    106.500     7.1617     7.1623    1.30215    1.30235          1     0.8310     0.8096      53.21      1.278     0.3626     0.1723  1.000e-12  0.1312000    11.6830    11.6847     0.0017     0.0006     9.0924     9.0938    105.490    107.748    1451.99    1452.00     0.2900     0.3311     3.7000     4.2240  0.000e+00
      30833    107.000     7.1845     7.1755    1.30421    1.30369          1     0.8320     0.8101      52.49      1.103     0.3610     0.1992  1.000e-12  0.1325000    11.6952    11.6932    -0.0020    -0.0090     9.1002     9.0993    105.985    108.253    1452.11    1452.07     0.2800     0.3155     3.5750     4.0270  0.000e+00
      30982    107.500     7.0888     7.0976    1.29127    1.29292          1     0.8524     0.8242      52.21      0.985     0.3650     0.2406  1.000e-12  0.1492000    11.6016    11.6147     0.0131     0.0088     9.0346     9.0441    106.480    108.757    1451.61    1451.66     0.4495     0.5010     5.7220     6.3800  0.000e+00
      30988    108.000     7.0828     7.0971    1.29010    1.29210          1     0.8585     0.8290      51.82      1.207     0.3576     0.1680  1.000e-12  0.1391000    11.5922    11.6068     0.0146     0.0143     9.0276     9.0379    106.975    109.262    1451.58    1451.66     0.4486     0.5043     5.7090     6.4220  0.000e+00
      30995    108.500     7.0883     7.1096    1.29004    1.29296          1     0.8631     0.8327      51.44      1.379     0.3580     0.1430  1.000e-12  0.1396000    11.5896    11.6109     0.0213     0.0213     9.0252     9.0402    107.470    109.767    1451.61    1451.72     0.4373     0.4924     5.5660     6.2720  0.000e+00
      31002    109.000     7.1067     7.1007    1.29292    1.29254          1     0.8663     0.8362      50.95      1.513     0.3580     0.1480  1.000e-12  0.1402000    11.6113    11.6097    -0.0016    -0.0061     9.0407     9.0399    107.965    110.272    1451.72    1451.69     0.4209     0.4718     5.3610     6.0080  0.000e+00
      31009    109.500     7.3707     7.3592    1.31969    1.31885          1     0.8675     0.8379      50.53      1.617     0.3740     0.1528  1.000e-12  0.1398000    11.7817    11.7774    -0.0043    -0.0115     9.1524     9.1500    108.461    110.776    1453.02    1452.97     0.3973     0.4379     5.0980     5.6170  0.000e+00
      31017    110.000     7.4630     7.4672    1.32651    1.32690          1     0.8683     0.8390      49.95      1.682     0.3825     0.2565  1.000e-12  0.1396000    11.8161    11.8184     0.0024     0.0042     9.1715     9.1730    108.956    111.281    1453.45    1453.47     0.3767     0.4017     4.8460     5.1670  0.000e+00
      31030    110.500     7.5339     7.5087    1.33212    1.33004          1     0.8670     0.8367      49.29      1.556     0.3824     0.2535  1.000e-12  0.1352000    11.8460    11.8345    -0.0115    -0.0252     9.1887     9.1819    109.451    111.786    1453.79    1453.67     0.3478     0.3529     4.4820     4.5450  0.000e+00
      31144    111.000     7.2034     7.2453    1.30176    1.30564          1     0.8511     0.8309      48.09      0.457     0.3711     0.2102  1.000e-12  0.1337000    11.6641    11.6877     0.0236     0.0419     9.0742     9.0893    109.946    112.290    1452.21    1452.42     0.3457     0.3882     4.4140     4.9630  0.000e+00
      31192    111.500     7.2048     7.2269    1.30172    1.30402          1     0.8596     0.8370      47.52      0.347     0.3769     0.2318  1.000e-12  0.1246000    11.6634    11.6782     0.0149     0.0221     9.0736     9.0833    110.441    112.795    1452.23    1452.34     0.4210     0.4722     5.3770     6.0340  0.000e+00
      31221    112.000     7.3236     7.2876    1.31334    1.31032          1     0.8825     0.8522      47.09      0.321     0.3693     0.1820  1.000e-12  0.1212000    11.7358    11.7186    -0.0172    -0.0359     9.1205     9.1099    110.936    113.300    1452.81    1452.64     0.5625     0.6214     7.2070     7.9550  0.000e+00
      31235    112.500     7.3949     7.4405    1.31989    1.32404          1     0.9016     0.8668      46.74      0.510     0.3767     0.2343  1.000e-12  0.1323000    11.7748    11.7995     0.0247     0.0456     9.1450     9.1604    111.431    113.804    1453.16    1453.38     0.6100     0.6847     7.8320     8.8010  0.000e+00
      31247    113.000     7.3471     7.3708    1.31513    1.31732          1     0.9142     0.8779      46.49      0.712     0.3824     0.2177  1.000e-12  0.1346000    11.7449    11.7580     0.0131     0.0238     9.1256     9.1339    111.926    114.309    1452.94    1453.05     0.6154     0.6981     7.8900     8.9560  0.000e+00
      31258    113.500     7.5106     7.4386    1.33209    1.32452          1     0.9227     0.8864      46.01      0.895     0.3650     0.1877  1.000e-12  0.1335000    11.8529    11.8044    -0.0485    -0.0720     9.1961     9.1643    112.422    114.813    1453.75    1453.40     0.5978     0.6781     7.7000     8.7160  0.000e+00
      31269    114.000     7.7934     7.7929    1.35269    1.35264          1     0.9281     0.8922      45.49      1.038     0.3579     0.1884  1.000e-12  0.1350000    11.9544    11.9541    -0.0003    -0.0006     9.2505     9.2504    112.917    115.318    1455.04    1455.03     0.5710     0.6337     7.4090     8.2230  0.000e+00
      31283    114.500     7.8502     7.8484    1.35654    1.35655          1     0.9304     0.8953      44.90      1.062     0.3586     0.2169  1.000e-12  0.1676000    11.9717    11.9724     0.0007    -0.0018     9.2589     9.2596    113.412    115.823    1455.30    1455.29     0.5472     0.5878     7.1110     7.6390  0.000e+00
      31308    115.000     7.8514     7.8326    1.35694    1.35556          1     0.9316     0.8961      44.07      0.734     0.3585     0.2093  1.000e-12  0.1646000    11.9750    11.9683    -0.0068    -0.0188     9.2614     9.2578    113.907    116.327    1455.31    1455.23     0.5302     0.5473     6.8900     7.1090  0.000e+00
      31386    115.500     7.5810     7.5407    1.33473    1.32988          1     0.9369     0.9003      43.30      0.097     0.3709     0.2204  1.000e-12  0.1209000    11.8542    11.8212    -0.0329    -0.0403     9.1910     9.1688    114.402    116.832    1454.07    1453.87     0.5762     0.6270     7.4350     8.0820  0.000e+00
      31411    116.000     7.7919     7.7453    1.35248    1.34894          1     0.9388     0.9051      42.99      0.363     0.3691     0.1919  1.000e-12  0.1277000    11.9524    11.9344    -0.0180    -0.0466     9.2491     9.2392    114.897    117.337    1455.06    1454.85     0.5465     0.5904     7.0910     7.6520  0.000e+00
      31430    116.500     7.8558     7.8508    1.35967    1.35940          1     0.9378     0.9051      42.57      0.512     0.3628     0.2079  1.000e-12  0.1308000    11.9993    11.9985    -0.0008    -0.0050     9.2800     9.2798    115.392    117.841    1455.39    1455.36     0.5478     0.5798     7.1220     7.5360  0.000e+00
      31450    117.000     7.7735     7.7611    1.35617    1.35570          1     0.9391     0.9055      42.15      0.608     0.3614     0.2371  1.000e-12  0.1345000    11.9940    11.9937    -0.0003    -0.0124     9.2833     9.2842    115.887    118.346    1455.05    1455.00     0.5535     0.5874     7.1810     7.6180  0.000e+00
      31489    117.500     7.7388     7.7096    1.35365    1.35219          1     0.9346     0.9039      41.46      0.385     0.3651     0.2326  1.000e-12  0.1298000    11.9816    11.9776    -0.0040    -0.0291     9.2767     9.2762    116.382    118.850    1454.91    1454.78     0.5200     0.5611     6.7400     7.2670  0.000e+00
      31531    118.000     7.6851     7.6838    1.35193    1.35025          1     0.9279     0.8997      40.89      0.224     0.3640     0.2352  1.000e-12  0.1316000    11.9834    11.9678    -0.0156    -0.0013     9.2830     9.2709    116.878    119.355    1454.70    1454.67     0.5227     0.5620     6.7660     7.2740  0.000e+00
      31546    118.500     7.6544     7.6526    1.35239    1.35255          1     0.9291     0.9002      40.54      0.454     0.3696     0.2364  1.000e-12  0.1336000    11.9983    12.0004     0.0022    -0.0018     9.2973     9.2992    117.373    119.859    1454.60    1454.59     0.5324     0.5716     6.8870     7.3950  0.000e+00
      31559    119.000     7.6734     7.6780    1.35475    1.35526          1     0.9294     0.9005      40.20      0.674     0.3586     0.2248  1.000e-12  0.1397000    12.0143    12.0176     0.0033     0.0046     9.3082     9.3104    117.868    120.364    1454.70    1454.73     0.5309     0.5724     6.8730     7.4100  0.000e+00
      31570    119.500     7.7178     7.7181    1.35822    1.35842          1     0.9299     0.9008      39.72      0.860     0.3580     0.1847  1.000e-12  0.1396000    12.0323    12.0341     0.0018     0.0003     9.3183     9.3197    118.363    120.869    1454.91    1454.92     0.5284     0.5681     6.8480     7.3630  0.000e+00
      31584    120.000     7.7182     7.7180    1.35898    1.35913          1     0.9295     0.9004      39.22      0.968     0.3791     0.1842  1.000e-12  0.1448000    12.0393    12.0409     0.0016    -0.0002     9.3237     9.3250    118.858    121.373    1454.93    1454.93     0.5252     0.5637     6.8060     7.3060  0.000e+00
      31646    120.500     7.7096     7.7107    1.35760    1.35805          1     0.9224     0.8959      38.41      0.559     0.3734     0.1981  1.000e-12  0.1442000    12.0289    12.0329     0.0040     0.0010     9.3164     9.3194    119.353    121.878    1454.89    1454.90     0.4783     0.5127     6.1980     6.6440  0.000e+00
      31709    121.000     7.7036     7.7027    1.35813    1.35756          1     0.9083     0.8858      37.99      0.463     0.3701     0.2032  1.000e-12  0.1349000    12.0360    12.0308    -0.0051    -0.0009     9.3225     9.3185    119.848    122.382    1454.88    1454.88     0.4199     0.4429     5.4400     5.7370  0.000e+00
      31721    121.500     7.6612     7.6610    1.35804    1.35805          1     0.9042     0.8814      37.61      0.711     0.3674     0.2145  1.000e-12  0.1348000    12.0496    12.0498     0.0002    -0.0002     9.3370     9.3371    120.343    122.887    1454.74    1454.74     0.4245     0.4466     5.4950     5.7810  0.000e+00
      31734    122.000     7.5933     7.5891    1.35636    1.35627          1     0.9016     0.8782      37.14      0.863     0.3582     0.2209  1.000e-12  0.1453000    12.0569    12.0574     0.0005    -0.0041     9.3486     9.3494    120.838    123.391    1454.48    1454.46     0.4295     0.4539     5.5510     5.8660  0.000e+00
      31749    122.500     7.4890     7.4892    1.35258    1.35268          1     0.8990     0.8752      36.63      0.904     0.3657     0.2485  1.000e-12  0.1457000    12.0565    12.0573     0.0008     0.0002     9.3575     9.3581    121.333    123.896    1454.06    1454.06     0.4289     0.4585     5.5290     5.9100  0.000e+00
      31770    123.000     7.5418     7.5416    1.35725    1.35743          1     0.8956     0.8721      36.01      0.741     0.3768     0.2276  1.000e-12  0.1445000    12.0831    12.0849     0.0018    -0.0002     9.3737     9.3752    121.828    124.401    1454.32    1454.32     0.4261     0.4606     5.5000     5.9470  0.000e+00
      31798    123.500     7.5706     7.5714    1.36021    1.36044          1     0.8942     0.8698      35.39      0.480     0.3636     0.2116  1.000e-12  0.1375000    12.1016    12.1035     0.0019     0.0008     9.3856     9.3871    122.324    124.905    1454.46    1454.47     0.4390     0.4795     5.6720     6.1960  0.000e+00
