ctdpy/tests/etc/exprapp_feb_2020/SBE09_1387_20200207_1141_77_10_0121.cnv
* Sea-Bird SBE 9 Data File:
* FileName = L:\2020\sv20d0121.hex
* Software Version Seasave V 7.26.7.121
* Temperature SN = 6378
* Conductivity SN = 4824
* Number of Bytes Per Scan = 41
* Number of Voltage Words = 4
* Number of Scans Averaged by the Deck Unit = 1
* NMEA Latitude = 56 56.44 N
* NMEA Longitude = 012 12.69 E
* NMEA UTC (Time) = Feb 07 2020  11:41:39
* NMEA baud rate = 4800
** Station:  N14
** Operator:  DBSj
** Ship: SVEA
** Average sound velocity: 1464.38 m/s
** True-depth calculation Fri, 07 Feb 2020 17:31:21 +0000
** CTD Python Module SMHI /ver 3-12/ feb 2012 
** LIMS Job: 20207710-0121
** Cruise: SMHI-03-2020
** Latitude [GG MM.mm N] :
** Longitude [GGG MM.mm E]:
# nquan = 30
# nvalues = 55                          
# units = specified
# name 0 = scan: Scan Count
# name 1 = prDM: Pressure, Digiquartz [db]
# name 2 = t090C: Temperature [ITS-90, deg C]
# name 3 = t190C: Temperature, 2 [ITS-90, deg C]
# name 4 = c0S/m: Conductivity [S/m]
# name 5 = c1S/m: Conductivity, 2 [S/m]
# name 6 = pumps: Pump Status
# name 7 = sbeox0V: Oxygen raw, SBE 43 [V]
# name 8 = sbeox1V: Oxygen raw, SBE 43, 2 [V]
# name 9 = altM: Altimeter [m]
# name 10 = dz/dtM: Descent Rate [m/s]
# name 11 = flECO-AFL: Chl-a Fluorescence, WET Labs ECO-AFL/FL [mg/m^3]
# name 12 = flECO-AFL1: Phycocyanin Fluorescence, WET Labs ECO-AFL/FL, 2 [mg/m^3]
# name 13 = par: PAR/Irradiance, Biospherical/Lico [µE/(cm^2*s)]
# name 14 = turbWETntu0: Turbidity, WET Labs ECO [NTU]
# name 15 = sal00: Salinity, Practical [PSU]
# name 16 = sal11: Salinity, Practical, 2 [PSU]
# name 17 = secS-priS: Salinity, Practical, Difference, 2 - 1 [PSU]
# name 18 = T2-T190C: Temperature Difference, 2 - 1 [ITS-90, deg C]
# name 19 = sigma-t00: Density [sigma-t, kg/m^3 ]
# name 20 = sigma-t11: Density, 2 [sigma-t, kg/m^3 ]
# name 21 = depSM: Depth [salt water, m], lat = 56.9407
# name 22 = depFM: Depth [true depth, m], lat = 56.9407
# name 23 = svCM: Sound Velocity [Chen-Millero, m/s]
# name 24 = svCM1: Sound Velocity, 2 [Chen-Millero, m/s]
# name 25 = sbeox0ML/L: Oxygen, SBE 43 [ml/l], WS = 2
# name 26 = sbeox1ML/L: Oxygen, SBE 43, 2 [ml/l], WS = 2
# name 27 = sbeox0PS: Oxygen, SBE 43 [% saturation], WS = 2
# name 28 = sbeox1PS: Oxygen, SBE 43, 2 [% saturation], WS = 2
# name 29 = flag: flag
# span 0 =      51924,      58242       
# span 1 =      1.000,     29.500       
# span 2 =     5.1273,     6.2952       
# span 3 =     5.1423,     6.2968       
# span 4 =   2.269798,   2.903382       
# span 5 =   2.284002,   2.903957       
# span 6 =          1,          1       
# span 7 =     3.4297,     3.6231       
# span 8 =     3.1955,     3.3792       
# span 9 =       1.28,      29.16       
# span 10 =     -0.422,      0.502      
# span 11 =     0.6693,     1.2021      
# span 12 =     0.2468,     0.3990      
# span 13 = 6.7855e-13, 2.1554e+02      
# span 14 =     0.2791,     2.1983      
# span 15 =    22.7413,    28.7935      
# span 16 =    22.8869,    28.7985      
# span 17 =    -0.1359,     0.1456      
# span 18 =    -0.0254,     0.0149      
# span 19 =    17.9621,    22.6233      
# span 20 =    18.0758,    22.6270      
# span 21 =      0.991,     29.227      
# span 22 =      1.001,     29.423      
# span 23 =    1455.70,    1478.52      
# span 24 =    1455.95,    1478.53      
# span 25 =     6.4137,     7.3554      
# span 26 =     6.5054,     7.4616      
# span 27 =     89.523,     96.102      
# span 28 =     90.768,     97.619      
# span 29 = 0.0000e+00, 0.0000e+00      
# interval = decibars: 0.5              
# start_time = Feb 07 2020 11:41:39 [NMEA time, first data scan]
# bad_flag = -9.990e-29
*END*
      51924      1.000     5.1273     5.1423    2.26980    2.28400          1     3.6231     3.3792      29.16     -0.422     1.1961     0.3420  2.155e+02  0.6348000    22.7413    22.8869     0.1456     0.0149    17.9621    18.0758      0.991      1.001    1455.70    1455.95     7.3554     7.4616    96.1020    97.6190  0.000e+00
      52443      1.500     5.1877     5.1840    2.32257    2.31879          1     3.6179     3.3694      29.04      0.033     1.1617     0.3251  6.492e+01  0.6459000    23.2785    23.2396    -0.0389    -0.0037    18.3811    18.3507      1.486      1.501    1456.64    1456.58     7.2859     7.3962    95.6740    97.0890  0.000e+00
      52595      2.000     5.2051     5.2082    2.33940    2.34228          1     3.6135     3.3641      28.75      0.293     1.1378     0.3242  5.138e+01  0.7411000    23.4510    23.4804     0.0294     0.0031    18.5158    18.5388      1.982      2.001    1456.94    1456.99     7.2609     7.3612    95.4960    96.8420  0.000e+00
      52614      2.500     5.2345     5.2233    2.36270    2.35617          1     3.6140     3.3654      28.40      0.395     1.1165     0.3237  4.276e+01  0.8072000    23.6859    23.6221    -0.0637    -0.0113    18.6987    18.6494      2.477      2.501    1457.37    1457.24     7.2660     7.3940    95.7820    97.4010  0.000e+00
      52646      3.000     5.2223     5.2168    2.34929    2.34375          1     3.6155     3.3681      27.93      0.423     1.0572     0.3328  3.698e+01  0.7710000    23.5471    23.4901    -0.0570    -0.0055    18.5902    18.5457      2.972      3.001    1457.15    1457.06     7.2491     7.3696    95.4420    96.9790  0.000e+00
      52672      3.500     5.2064     5.1904    2.34015    2.32974          1     3.6097     3.3638      27.43      0.391     1.0477     0.3389  3.047e+01  0.7519000    23.4576    23.3545    -0.1031    -0.0160    18.5210    18.4409      3.468      3.501    1456.98    1456.78     7.2364     7.3412    95.1820    96.4560  0.000e+00
      52696      4.000     5.2787     5.2534    2.38604    2.37202          1     3.6070     3.3599      26.90      0.502     1.0997     0.3115  2.509e+01  0.6992000    23.9100    23.7740    -0.1359    -0.0254    18.8716    18.7666      3.963      4.001    1457.86    1457.59     7.2055     7.3099    95.2280    96.4610  0.000e+00
      52727      4.500     5.2720     5.2814    2.42035    2.42109          1     3.6061     3.3573      26.45      0.413     1.0331     0.2733  2.175e+01  0.7525000    24.2921    24.2935     0.0013     0.0093    19.1741    19.1743      4.459      4.500    1458.33    1458.37     7.2106     7.3041    95.5230    96.7850  0.000e+00
      52752      5.000     5.2656     5.2653    2.42205    2.42211          1     3.6110     3.3602      25.96      0.436     1.0219     0.2607  1.823e+01  0.8792000    24.3153    24.3162     0.0009    -0.0003    19.1930    19.1938      4.954      5.000    1458.34    1458.34     7.2293     7.3279    95.7710    97.0770  0.000e+00
      52780      5.500     5.3046     5.3042    2.42681    2.42689          1     3.6097     3.3579      25.38      0.449     0.9914     0.2651  1.597e+01  0.8936000    24.3391    24.3403     0.0011    -0.0004    19.2083    19.2092      5.449      5.500    1458.54    1458.54     7.1621     7.2355    94.9860    95.9590  0.000e+00
      52809      6.000     5.3972     5.3976    2.45299    2.45486          1     3.5977     3.3464      24.89      0.419     0.9920     0.3086  1.373e+01  0.8856000    24.5588    24.5791     0.0203     0.0004    19.3731    19.3890      5.945      5.999    1459.21    1459.23     7.0804     7.1385    94.2500    95.0370  0.000e+00
      52837      6.500     5.6300     5.6277    2.64743    2.65339          1     3.5857     3.3356      24.55      0.429     0.9704     0.2693  1.171e+01  0.8071000    26.5206    26.5881     0.0675    -0.0023    20.8987    20.9522      6.440      6.499    1462.65    1462.73     6.9286     6.9952    93.9670    94.9070  0.000e+00
      52865      7.000     5.7378     5.7353    2.69614    2.69690          1     3.5774     3.3281      23.94      0.427     1.1645     0.3990  9.855e+00  0.5223000    26.9714    26.9818     0.0104    -0.0026    21.2433    21.2518      6.936      6.997    1463.67    1463.67     6.8814     6.9608    93.8500    94.9330  0.000e+00
      52892      7.500     5.7650     5.7634    2.70361    2.70358          1     3.5708     3.3231      23.42      0.437     1.2021     0.3211  8.196e+00  0.3823000    27.0317    27.0325     0.0008    -0.0015    21.2881    21.2889      7.431      7.496    1463.86    1463.86     6.8654     6.9534    93.7300    94.9280  0.000e+00
      52918      8.000     5.7796     5.7796    2.71007    2.71053          1     3.5664     3.3195      22.86      0.451     1.1178     0.3123  6.865e+00  0.2966000    27.0908    27.0959     0.0051    -0.0000    21.3332    21.3372      7.926      7.995    1464.01    1464.01     6.8602     6.9528    93.7280    94.9960  0.000e+00
      52946      8.500     5.7911     5.7910    2.71888    2.71891          1     3.5636     3.3174      22.31      0.434     0.9904     0.3332  5.788e+00  0.3123000    27.1783    27.1788     0.0004    -0.0001    21.4010    21.4014      8.422      8.493    1464.17    1464.17     6.8550     6.9501    93.7370    95.0380  0.000e+00
      52973      9.000     5.7919     5.7917    2.72073    2.72067          1     3.5620     3.3165      21.71      0.439     0.8995     0.3103  5.009e+00  0.2858000    27.1978    27.1973    -0.0005    -0.0001    21.4163    21.4159      8.917      8.992    1464.21    1464.21     6.8550     6.9580    93.7510    95.1580  0.000e+00
      53000      9.500     5.7947     5.7944    2.72297    2.72293          1     3.5609     3.3164      21.12      0.449     0.9130     0.2989  4.372e+00  0.3136000    27.2200    27.2198    -0.0002    -0.0003    21.4335    21.4334      9.413      9.490    1464.26    1464.26     6.8529     6.9583    93.7430    95.1840  0.000e+00
      53027     10.000     5.7980     5.7977    2.72480    2.72474          1     3.5607     3.3160      20.41      0.439     0.9321     0.2822  3.949e+00  0.3126000    27.2372    27.2368    -0.0004    -0.0003    21.4468    21.4465      9.908      9.989    1464.30    1464.30     6.8557     6.9501    93.7990    95.0900  0.000e+00
      53053     10.500     5.8027     5.8023    2.72696    2.72689          1     3.5606     3.3151      20.18      0.459     0.9845     0.3033  3.507e+00  0.3103000    27.2570    27.2566    -0.0004    -0.0004    21.4618    21.4616     10.403     10.488    1464.35    1464.35     6.8533     6.9507    93.7880    95.1200  0.000e+00
      53080     11.000     5.8075     5.8072    2.72971    2.72963          1     3.5606     3.3151      19.76      0.450     0.9693     0.2765  3.078e+00  0.3301000    27.2832    27.2825    -0.0007    -0.0003    21.4820    21.4815     10.899     10.986    1464.41    1464.41     6.8543     6.9520    93.8300    95.1660  0.000e+00
      53108     11.500     5.8131     5.8125    2.73298    2.73285          1     3.5613     3.3150      19.31      0.437     0.9771     0.3606  2.769e+00  0.3328000    27.3144    27.3134    -0.0011    -0.0006    21.5061    21.5053     11.394     11.485    1464.48    1464.48     6.8529     6.9470    93.8430    95.1290  0.000e+00
      53134     12.000     5.8216     5.8211    2.73693    2.73681          1     3.5607     3.3143      18.78      0.451     0.9066     0.3288  2.445e+00  0.3066000    27.3507    27.3499    -0.0008    -0.0006    21.5338    21.5332     11.890     11.983    1464.57    1464.57     6.8411     6.9383    93.7230    95.0530  0.000e+00
      53162     12.500     5.8284     5.8279    2.74064    2.74053          1     3.5587     3.3136      18.27      0.433     0.9366     0.2951  2.206e+00  0.2846000    27.3859    27.3851    -0.0008    -0.0005    21.5608    21.5602     12.385     12.482    1464.65    1464.65     6.8338     6.9347    93.6590    95.0410  0.000e+00
      53190     13.000     5.8383     5.8373    2.74508    2.74484          1     3.5579     3.3129      17.79      0.428     0.9268     0.3021  1.975e+00  0.3418000    27.4265    27.4246    -0.0018    -0.0010    21.5917    21.5904     12.880     12.980    1464.75    1464.75     6.8329     6.9335    93.6950    95.0710  0.000e+00
      53218     13.500     5.8456     5.8449    2.74739    2.74723          1     3.5573     3.3128      17.25      0.438     0.8423     0.3097  1.767e+00  0.2878000    27.4457    27.4446    -0.0012    -0.0008    21.6062    21.6053     13.376     13.479    1464.81    1464.81     6.8287     6.9329    93.6650    95.0920  0.000e+00
      53245     14.000     5.8517     5.8502    2.74874    2.74849          1     3.5568     3.3127      16.74      0.436     0.9422     0.2756  1.588e+00  0.3133000    27.4554    27.4538    -0.0015    -0.0015    21.6131    21.6121     13.871     13.977    1464.86    1464.85     6.8317     6.9293    93.7260    95.0600  0.000e+00
      53271     14.500     5.8569     5.8561    2.75013    2.74994          1     3.5575     3.3118      16.28      0.451     0.9124     0.2857  1.421e+00  0.3343000    27.4663    27.4649    -0.0014    -0.0008    21.6212    21.6201     14.366     14.476    1464.90    1464.90     6.8299     6.9151    93.7200    94.8860  0.000e+00
      53298     15.000     5.8592     5.8584    2.75092    2.75075          1     3.5564     3.3095      15.78      0.452     0.9540     0.3189  1.273e+00  0.2791000    27.4728    27.4717    -0.0012    -0.0008    21.6261    21.6252     14.862     14.974    1464.93    1464.92     6.8203     6.9018    93.5970    94.7130  0.000e+00
      53325     15.500     5.8698     5.8679    2.75393    2.75354          1     3.5544     3.3067      15.26      0.442     0.9712     0.3465  1.154e+00  0.3091000    27.4971    27.4945    -0.0026    -0.0020    21.6441    21.6422     15.357     15.473    1465.01    1465.00     6.8076     6.8938    93.4610    94.6390  0.000e+00
      53351     16.000     5.8929     5.8897    2.76068    2.75988          1     3.5515     3.3052      14.78      0.452     0.9554     0.3312  1.036e+00  0.2922000    27.5523    27.5462    -0.0061    -0.0032    21.6852    21.6807     15.853     15.971    1465.18    1465.16     6.7972     6.8921    93.4050    94.6980  0.000e+00
      53378     16.500     5.9081     5.9058    2.76618    2.76548          1     3.5504     3.3041      14.26      0.455     0.9357     0.3380  9.324e-01  0.2877000    27.6002    27.5944    -0.0058    -0.0023    21.7213    21.7169     16.348     16.470    1465.31    1465.29     6.7938     6.8872    93.4210    94.6960  0.000e+00
      53405     17.000     5.9167     5.9155    2.77041    2.76996          1     3.5480     3.3025      13.79      0.451     1.0116     0.3721  8.376e-01  0.2989000    27.6394    27.6355    -0.0039    -0.0012    21.7513    21.7483     16.843     16.968    1465.40    1465.39     6.7735     6.8651    93.1860    94.4390  0.000e+00
      53432     17.500     5.9331     5.9278    2.77589    2.77476          1     3.5435     3.2987      13.13      0.437     0.9944     0.3725  7.555e-01  0.3352000    27.6861    27.6779    -0.0082    -0.0052    21.7863    21.7804     17.339     17.467    1465.54    1465.50     6.7497     6.8370    92.9230    94.1080  0.000e+00
      53460     18.000     5.9759     5.9713    2.78651    2.78537          1     3.5360     3.2929      12.33      0.435     0.9713     0.2723  6.839e-01  0.3994000    27.7673    27.7586    -0.0088    -0.0046    21.8457    21.8393     17.834     17.965    1465.82    1465.79     6.7021     6.7901    92.4110    93.6080  0.000e+00
      53487     18.500     5.9970     5.9920    2.79458    2.79301          1     3.5256     3.2849      12.19      0.440     0.9380     0.3477  6.203e-01  0.4547000    27.8384    27.8253    -0.0131    -0.0050    21.8994    21.8896     18.329     18.463    1466.00    1465.97     6.6704     6.7578    92.0630    93.2500  0.000e+00
      53515     19.000     6.0317     6.0283    2.80144    2.80080          1     3.5167     3.2773      11.75      0.436     0.8218     0.3289  5.717e-01  0.6622000    27.8849    27.8807    -0.0042    -0.0034    21.9323    21.9294     18.825     18.962    1466.21    1466.19     6.6493     6.7368    91.8760    93.0750  0.000e+00
      53542     19.500     6.0380     6.0365    2.80323    2.80293          1     3.5101     3.2713      11.27      0.439     0.8478     0.3362  5.186e-01  0.8537000    27.8992    27.8971    -0.0021    -0.0015    21.9429    21.9414     19.320     19.460    1466.26    1466.25     6.6426     6.7275    91.8060    92.9750  0.000e+00
      53570     20.000     6.0486     6.0468    2.80560    2.80520          1     3.5047     3.2655      10.78      0.438     0.8676     0.2968  4.689e-01  0.9668000    27.9163    27.9133    -0.0030    -0.0018    21.9552    21.9530     19.815     19.958    1466.33    1466.32     6.6224     6.7066    91.5600    92.7180  0.000e+00
      53597     20.500     6.0628     6.0591    2.81006    2.80915          1     3.4952     3.2576      10.27      0.435     0.7978     0.3241  4.240e-01  1.0634000    27.9532    27.9463    -0.0069    -0.0037    21.9827    21.9777     20.311     20.457    1466.45    1466.42     6.5701     6.6499    90.8890    91.9810  0.000e+00
      53624     21.000     6.0880     6.0833    2.81868    2.81729          1     3.4817     3.2457       9.65      0.443     0.7668     0.3222  3.723e-01  1.2381000    28.0267    28.0153    -0.0114    -0.0048    22.0378    22.0294     20.806     20.955    1466.65    1466.62     6.5304     6.5988    90.4380    91.3680  0.000e+00
      53650     21.500     6.1362     6.1265    2.83892    2.83491          1     3.4715     3.2351       9.27      0.451     0.7422     0.3053  3.260e-01  1.3887000    28.2083    28.1724    -0.0359    -0.0097    22.1755    22.1483     21.302     21.453    1467.08    1467.00     6.5086     6.5853    90.3480    91.3700  0.000e+00
      53678     22.000     6.1442     6.1434    2.84295    2.84265          1     3.4651     3.2291       8.78      0.448     0.7327     0.2637  2.875e-01  1.6859000    28.2455    28.2429    -0.0026    -0.0008    22.2040    22.2020     21.797     21.951    1467.17    1467.16     6.5100     6.5988    90.4070    91.6370  0.000e+00
      53707     22.500     6.1453     6.1451    2.84362    2.84359          1     3.4615     3.2264       8.28      0.413     0.7121     0.2468  2.463e-01  1.7917000    28.2517    28.2516    -0.0000    -0.0003    22.2087    22.2087     22.292     22.450    1467.19    1467.19     6.5028     6.6017    90.3130    91.6860  0.000e+00
      53738     23.000     6.1584     6.1524    2.84918    2.84687          1     3.4550     3.2215       7.80      0.395     0.7036     0.2685  2.078e-01  1.8209000    28.3016    28.2812    -0.0204    -0.0059    22.2466    22.2312     22.788     22.948    1467.31    1467.26     6.4695     6.5612    89.9080    91.1570  0.000e+00
      53769     23.500     6.2008     6.1852    2.86530    2.85983          1     3.4465     3.2136       7.27      0.388     0.6693     0.3181  1.608e-01  2.1983000    28.4424    28.3955    -0.0469    -0.0156    22.3528    22.3176     23.283     23.446    1467.67    1467.54     6.4382     6.5260    89.6460    90.8080  0.000e+00
      53802     24.000     6.2453     6.2385    2.88125    2.87902          1     3.4397     3.2068       6.76      0.371     0.7006     0.3242  1.281e-01  2.1066000    28.5795    28.5607    -0.0187    -0.0068    22.4557    22.4417     23.778     23.944    1468.03    1467.97     6.4203     6.5079    89.5720    90.7680  0.000e+00
      53840     24.500     6.2565     6.2563    2.88515    2.88520          1     3.4351     3.2019       6.23      0.323     0.7255     0.3118  9.985e-02  2.1951000    28.6125    28.6131     0.0006    -0.0002    22.4804    22.4809     24.274     24.442    1468.12    1468.12     6.4137     6.5055    89.5230    90.8040  0.000e+00
