ctdpy/tests/etc/exprapp_feb_2020/SBE09_1387_20200205_0531_77_10_0110.cnv
* Sea-Bird SBE 9 Data File:
* FileName = L:\2020\sv20d0110.hex
* Software Version Seasave V 7.26.7.121
* Temperature SN = 6378
* Conductivity SN = 4824
* Number of Bytes Per Scan = 41
* Number of Voltage Words = 4
* Number of Scans Averaged by the Deck Unit = 1
* NMEA Latitude = 57 54.17 N
* NMEA Longitude = 009 56.01 E
* NMEA UTC (Time) = Feb 05 2020  05:31:37
* NMEA baud rate = 4800
** Station:  17N Hirtshals
** Operator:  A-KTh
** Ship: SVEA
** Average sound velocity: 1479.51 m/s
** True-depth calculation Wed, 05 Feb 2020 10:27:55 +0000
** CTD Python Module SMHI /ver 3-12/ feb 2012 
** LIMS Job: 20207710-0110
** Cruise: SMHI-02-2020
** Latitude [GG MM.mm N] :
** Longitude [GGG MM.mm E]:
# nquan = 30
# nvalues = 120                         
# units = specified
# name 0 = scan: Scan Count
# name 1 = prDM: Pressure, Digiquartz [db]
# name 2 = t090C: Temperature [ITS-90, deg C]
# name 3 = t190C: Temperature, 2 [ITS-90, deg C]
# name 4 = c0S/m: Conductivity [S/m]
# name 5 = c1S/m: Conductivity, 2 [S/m]
# name 6 = pumps: Pump Status
# name 7 = sbeox0V: Oxygen raw, SBE 43 [V]
# name 8 = sbeox1V: Oxygen raw, SBE 43, 2 [V]
# name 9 = altM: Altimeter [m]
# name 10 = dz/dtM: Descent Rate [m/s]
# name 11 = flECO-AFL: Chl-a Fluorescence, WET Labs ECO-AFL/FL [mg/m^3]
# name 12 = flECO-AFL1: Phycocyanin Fluorescence, WET Labs ECO-AFL/FL, 2 [mg/m^3]
# name 13 = par: PAR/Irradiance, Biospherical/Lico [µE/(cm^2*s)]
# name 14 = turbWETntu0: Turbidity, WET Labs ECO [NTU]
# name 15 = sal00: Salinity, Practical [PSU]
# name 16 = sal11: Salinity, Practical, 2 [PSU]
# name 17 = secS-priS: Salinity, Practical, Difference, 2 - 1 [PSU]
# name 18 = T2-T190C: Temperature Difference, 2 - 1 [ITS-90, deg C]
# name 19 = sigma-t00: Density [sigma-t, kg/m^3 ]
# name 20 = sigma-t11: Density, 2 [sigma-t, kg/m^3 ]
# name 21 = depSM: Depth [salt water, m], lat = 57.9028
# name 22 = depFM: Depth [true depth, m], lat = 57.9028
# name 23 = svCM: Sound Velocity [Chen-Millero, m/s]
# name 24 = svCM1: Sound Velocity, 2 [Chen-Millero, m/s]
# name 25 = sbeox0ML/L: Oxygen, SBE 43 [ml/l], WS = 2
# name 26 = sbeox1ML/L: Oxygen, SBE 43, 2 [ml/l], WS = 2
# name 27 = sbeox0PS: Oxygen, SBE 43 [% saturation], WS = 2
# name 28 = sbeox1PS: Oxygen, SBE 43, 2 [% saturation], WS = 2
# name 29 = flag: flag
# span 0 =      25488,      30067       
# span 1 =      2.500,     62.000       
# span 2 =     6.6161,     7.4905       
# span 3 =     6.6159,     7.4903       
# span 4 =   3.394629,   3.534744       
# span 5 =   3.394469,   3.534598       
# span 6 =          1,          1       
# span 7 =     3.5111,     3.5560       
# span 8 =     3.2679,     3.3112       
# span 9 =       0.49,      59.34       
# span 10 =     -0.194,      0.789      
# span 11 =     0.3946,     0.7092      
# span 12 =     0.2028,     0.3807      
# span 13 = 1.0000e-12, 1.4415e+00      
# span 14 =     0.3524,     1.9858      
# span 15 =    33.9025,    34.5513      
# span 16 =    33.9016,    34.5500      
# span 17 =    -0.0153,     0.0053      
# span 18 =    -0.0286,     0.0220      
# span 19 =    26.6058,    26.9972      
# span 20 =    26.6050,    26.9961      
# span 21 =      2.477,     61.417      
# span 22 =      2.480,     61.497      
# span 23 =    1475.86,    1480.98      
# span 24 =    1475.85,    1480.98      
# span 25 =     6.1857,     6.4106      
# span 26 =     6.2676,     6.5075      
# span 27 =     92.366,     93.479      
# span 28 =     93.589,     94.914      
# span 29 = 0.0000e+00, 0.0000e+00      
# interval = decibars: 0.5              
# start_time = Feb 05 2020 05:31:38 [NMEA time, first data scan]
# bad_flag = -9.990e-29
*END*
      25488      2.500     6.6273     6.6257    3.39579    3.39552          1     3.5532     3.3101      59.34     -0.194     0.6715     0.3279  1.442e+00  0.3676000    33.9063    33.9048    -0.0014    -0.0016    26.6074    26.6065      2.477      2.480    1475.88    1475.87     6.3950     6.5075    93.2440    94.8790  0.000e+00
      25874      3.000     6.6232     6.6222    3.39536    3.39514          1     3.5545     3.3109      58.83      0.092     0.6789     0.2590  1.243e+00  0.3524000    33.9053    33.9039    -0.0014    -0.0011    26.6072    26.6062      2.972      2.976    1475.87    1475.86     6.4007     6.4978    93.3170    94.7300  0.000e+00
      25915      3.500     6.6178     6.6221    3.39478    3.39510          1     3.5543     3.3112      58.52      0.320     0.6899     0.3022  1.092e+00  0.3750000    33.9040    33.9034    -0.0006     0.0042    26.6069    26.6058      3.468      3.472    1475.86    1475.87     6.4015     6.5034    93.3160    94.8100  0.000e+00
      25990      4.000     6.6168     6.6159    3.39467    3.39447          1     3.5545     3.3102      57.98      0.188     0.6713     0.2807  8.128e-01  0.3621000    33.9035    33.9022    -0.0013    -0.0009    26.6066    26.6057      3.963      3.969    1475.86    1475.85     6.3994     6.4873    93.2840    94.5610  0.000e+00
      26043      4.500     6.6163     6.6170    3.39463    3.39459          1     3.5540     3.3079      57.63      0.277     0.6649     0.2700  6.185e-01  0.3787000    33.9033    33.9021    -0.0012     0.0007    26.6065    26.6055      4.458      4.465    1475.87    1475.87     6.4003     6.4842    93.2940    94.5190  0.000e+00
      26064      5.000     6.6186     6.6218    3.39500    3.39531          1     3.5541     3.3077      57.41      0.472     0.6758     0.2802  5.145e-01  0.4124000    33.9049    33.9052     0.0004     0.0032    26.6074    26.6073      4.954      4.961    1475.88    1475.90     6.4038     6.4909    93.3520    94.6290  0.000e+00
      26091      5.500     6.6237     6.6288    3.39560    3.39618          1     3.5544     3.3078      56.50      0.497     0.7026     0.2848  4.608e-01  0.4256000    33.9062    33.9077     0.0015     0.0051    26.6078    26.6083      5.449      5.457    1475.91    1475.94     6.4031     6.4903    93.3530    94.6370  0.000e+00
      26149      6.000     6.6165     6.6231    3.39475    3.39545          1     3.5543     3.3086      55.74      0.194     0.6606     0.3117  3.329e-01  0.3711000    33.9038    33.9049     0.0011     0.0067    26.6069    26.6069      5.944      5.953    1475.89    1475.92     6.4042     6.4988    93.3520    94.7460  0.000e+00
      26182      6.500     6.6177     6.6175    3.39478    3.39467          1     3.5545     3.3090      55.41      0.308     0.6402     0.2905  2.686e-01  0.3652000    33.9026    33.9016    -0.0010    -0.0002    26.6058    26.6050      6.440      6.449    1475.90    1475.90     6.4059     6.4946    93.3790    94.6720  0.000e+00
      26202      7.000     6.6161     6.6181    3.39465    3.39481          1     3.5545     3.3086      55.15      0.494     0.6822     0.2873  2.108e-01  0.4078000    33.9025    33.9022    -0.0003     0.0021    26.6059    26.6054      6.935      6.945    1475.90    1475.91     6.4089     6.4961    93.4200    94.6940  0.000e+00
      26221      7.500     6.6306     6.6280    3.39653    3.39613          1     3.5557     3.3091      54.85      0.613     0.6950     0.2888  1.833e-01  0.4327000    33.9088    33.9068    -0.0020    -0.0026    26.6089    26.6077      7.430      7.441    1475.98    1475.96     6.4106     6.4947    93.4790    94.6990  0.000e+00
      26241      8.000     6.6377     6.6345    3.39756    3.39702          1     3.5560     3.3083      54.46      0.619     0.7092     0.2526  1.486e-01  0.4492000    33.9128    33.9100    -0.0028    -0.0031    26.6112    26.6093      7.926      7.937    1476.02    1476.00     6.4030     6.4861    93.3850    94.5900  0.000e+00
      26266      8.500     6.6524     6.6499    3.39955    3.39921          1     3.5548     3.3077      53.86      0.538     0.7071     0.3193  1.226e-01  0.4466000    33.9201    33.9188    -0.0013    -0.0025    26.6150    26.6143      8.421      8.433    1476.09    1476.08     6.3942     6.4865    93.2930    94.6340  0.000e+00
      26294      9.000     6.6940     6.6882    3.40551    3.40451          1     3.5527     3.3075      53.18      0.445     0.6882     0.3302  9.076e-02  0.4347000    33.9446    33.9392    -0.0054    -0.0058    26.6287    26.6253      8.916      8.929    1476.29    1476.26     6.3808     6.4769    93.2030    94.5910  0.000e+00
      26328      9.500     6.7305     6.7019    3.41040    3.40645          1     3.5513     3.3064      52.47      0.374     0.6689     0.2780  6.293e-02  0.4161000    33.9622    33.9469    -0.0153    -0.0286    26.6378    26.6295      9.412      9.425    1476.47    1476.33     6.3756     6.4708    93.2160    94.5360  0.000e+00
      26366     10.000     6.7421     6.7450    3.41209    3.41233          1     3.5507     3.3058      51.90      0.303     0.6411     0.3131  2.864e-02  0.4209000    33.9692    33.9689    -0.0003     0.0029    26.6417    26.6410      9.907      9.921    1476.53    1476.54     6.3756     6.4667    93.2450    94.5840  0.000e+00
      26392     10.500     6.7520     6.7460    3.41343    3.41256          1     3.5506     3.3056      51.52      0.389     0.6275     0.2510  1.429e-02  0.4305000    33.9739    33.9702    -0.0037    -0.0060    26.6441    26.6419     10.403     10.417    1476.58    1476.55     6.3714     6.4653    93.2090    94.5660  0.000e+00
      26410     11.000     6.7512     6.7510    3.41330    3.41320          1     3.5499     3.3055      51.21      0.541     0.6463     0.2611  4.161e-03  0.4449000    33.9730    33.9720    -0.0010    -0.0002    26.6435    26.6427     10.898     10.913    1476.59    1476.58     6.3704     6.4690    93.1920    94.6330  0.000e+00
      26426     11.500     6.7610     6.7569    3.41475    3.41409          1     3.5497     3.3059      50.81      0.660     0.6718     0.2976  3.645e-04  0.4817000    33.9790    33.9758    -0.0032    -0.0041    26.6469    26.6449     11.393     11.410    1476.64    1476.62     6.3688     6.4730    93.1930    94.7060  0.000e+00
      26443     12.000     6.7733     6.7710    3.41656    3.41605          1     3.5492     3.3065      50.44      0.715     0.6705     0.2729  1.121e-05  0.4626000    33.9866    33.9833    -0.0033    -0.0023    26.6512    26.6489     11.889     11.906    1476.70    1476.69     6.3644     6.4685    93.1600    94.6770  0.000e+00
      26462     12.500     6.7718     6.7698    3.41637    3.41593          1     3.5485     3.3064      50.01      0.687     0.6876     0.2885  1.815e-08  0.4729000    33.9857    33.9828    -0.0029    -0.0020    26.6508    26.6487     12.384     12.402    1476.71    1476.69     6.3662     6.4659    93.1820    94.6350  0.000e+00
      26492     13.000     6.7743     6.7724    3.41673    3.41630          1     3.5502     3.3076      49.34      0.498     0.6888     0.3157  1.000e-12  0.4644000    33.9869    33.9840    -0.0029    -0.0019    26.6514    26.6494     12.879     12.898    1476.73    1476.71     6.3846     6.4845    93.4580    94.9140  0.000e+00
      26534     13.500     6.7696     6.7680    3.41605    3.41567          1     3.5548     3.3102      48.58      0.258     0.6475     0.3154  1.000e-12  0.4197000    33.9839    33.9813    -0.0026    -0.0016    26.6496    26.6478     13.375     13.394    1476.71    1476.70     6.3833     6.4739    93.4270    94.7470  0.000e+00
      26559     14.000     6.7859     6.7810    3.41847    3.41774          1     3.5535     3.3086      48.15      0.380     0.6518     0.2635  1.000e-12  0.4380000    33.9942    33.9910    -0.0031    -0.0049    26.6555    26.6537     13.870     13.890    1476.80    1476.77     6.3742     6.4587    93.3350    94.5580  0.000e+00
      26578     14.500     6.8772     6.8716    3.43189    3.43093          1     3.5531     3.3076      47.78      0.543     0.6461     0.2668  1.000e-12  0.4635000    34.0514    34.0463    -0.0051    -0.0056    26.6883    26.6850     14.365     14.386    1477.23    1477.20     6.3596     6.4415    93.3520    94.5380  0.000e+00
      26597     15.000     6.9448     6.9316    3.44171    3.43972          1     3.5534     3.3066      47.36      0.630     0.6335     0.2684  1.000e-12  0.4837000    34.0923    34.0834    -0.0089    -0.0132    26.7113    26.7061     14.861     14.882    1477.55    1477.49     6.3475     6.4320    93.3430    94.5530  0.000e+00
      26620     15.500     6.9660     6.9608    3.44506    3.44400          1     3.5527     3.3061      46.84      0.577     0.6435     0.2537  1.000e-12  0.5133000    34.1078    34.1013    -0.0065    -0.0052    26.7206    26.7162     15.356     15.378    1477.66    1477.64     6.3386     6.4244    93.2680    94.5150  0.000e+00
      26646     16.000     7.0268     7.0216    3.45453    3.45344          1     3.5515     3.3048      46.33      0.475     0.6072     0.2636  1.000e-12  0.5251000    34.1514    34.1445    -0.0069    -0.0051    26.7466    26.7419     15.851     15.874    1477.96    1477.93     6.3222     6.4036    93.1840    94.3670  0.000e+00
      26668     16.500     7.0715     7.0699    3.46143    3.46104          1     3.5499     3.3028      45.90      0.486     0.6010     0.2766  1.000e-12  0.5877000    34.1824    34.1798    -0.0026    -0.0017    26.7648    26.7631     16.347     16.370    1478.18    1478.17     6.3020     6.3878    93.0000    94.2610  0.000e+00
      26688     17.000     7.1194     7.1200    3.46918    3.46921          1     3.5462     3.3015      45.57      0.571     0.5852     0.2638  1.000e-12  0.5822000    34.2196    34.2194    -0.0003     0.0006    26.7875    26.7872     16.842     16.866    1478.42    1478.42     6.2856     6.3848    92.8810    94.3480  0.000e+00
      26707     17.500     7.1677     7.1665    3.47703    3.47680          1     3.5451     3.3015      45.05      0.624     0.5740     0.2810  1.000e-12  0.5896000    34.2575    34.2561    -0.0014    -0.0012    26.8106    26.8097     17.337     17.362    1478.66    1478.66     6.2934     6.3891    93.1240    94.5350  0.000e+00
      26735     18.000     7.2088     7.2085    3.48376    3.48367          1     3.5483     3.3036      44.02      0.518     0.5687     0.2468  1.000e-12  0.6303000    34.2900    34.2893    -0.0007    -0.0003    26.8304    26.8299     17.833     17.858    1478.87    1478.87     6.2963     6.3885    93.2740    94.6380  0.000e+00
      26783     18.500     7.2214     7.2435    3.48653    3.48901          1     3.5467     3.3008      43.55      0.214     0.4868     0.2172  1.000e-12  0.5476000    34.3074    34.3127     0.0053     0.0220    26.8424    26.8435     18.328     18.354    1478.95    1479.04     6.2698     6.3361    92.9180    93.9520  0.000e+00
      26814     19.000     7.3720     7.3734    3.51148    3.51158          1     3.5425     3.2955      43.31      0.324     0.4477     0.2811  1.000e-12  0.5831000    34.4299    34.4296    -0.0003     0.0014    26.9176    26.9171     18.823     18.850    1479.69    1479.69     6.2312     6.3027    92.7380    93.8060  0.000e+00
      26831     19.500     7.4253     7.4255    3.52015    3.52003          1     3.5407     3.2934      43.06      0.513     0.4456     0.2814  1.000e-12  0.6203000    34.4711    34.4696    -0.0015     0.0002    26.9424    26.9411     19.319     19.346    1479.95    1479.95     6.2226     6.3012    92.7470    93.9190  0.000e+00
      26846     20.000     7.4468     7.4447    3.52327    3.52291          1     3.5396     3.2931      42.66      0.673     0.4635     0.2843  1.000e-12  0.6541000    34.4835    34.4816    -0.0018    -0.0021    26.9490    26.9479     19.814     19.841    1480.06    1480.05     6.2209     6.3081    92.7760    94.0700  0.000e+00
      26861     20.500     7.4544     7.4554    3.52432    3.52439          1     3.5395     3.2932      42.19      0.775     0.4496     0.2312  1.000e-12  0.6789000    34.4871    34.4867    -0.0004     0.0011    26.9508    26.9503     20.309     20.337    1480.10    1480.11     6.2209     6.3111    92.7940    94.1410  0.000e+00
      26877     21.000     7.4616     7.4626    3.52536    3.52543          1     3.5387     3.2934      41.65      0.789     0.4382     0.2488  1.000e-12  0.6979000    34.4910    34.4907    -0.0003     0.0010    26.9528    26.9525     20.805     20.833    1480.14    1480.15     6.2170     6.3100    92.7530    94.1420  0.000e+00
      26897     21.500     7.4642     7.4652    3.52575    3.52577          1     3.5377     3.2933      41.04      0.713     0.4395     0.3292  1.000e-12  0.7086000    34.4923    34.4916    -0.0008     0.0010    26.9535    26.9528     21.300     21.329    1480.16    1480.16     6.2147     6.3068    92.7260    94.1010  0.000e+00
      26921     22.000     7.4658     7.4670    3.52603    3.52607          1     3.5369     3.2931      40.34      0.566     0.4525     0.2842  1.000e-12  0.7448000    34.4936    34.4928    -0.0008     0.0012    26.9543    26.9535     21.795     21.825    1480.18    1480.18     6.2176     6.3076    92.7730    94.1180  0.000e+00
      26959     22.500     7.4668     7.4692    3.52617    3.52636          1     3.5371     3.2931      39.63      0.350     0.4572     0.2510  1.000e-12  0.6784000    34.4938    34.4935    -0.0004     0.0024    26.9543    26.9537     22.290     22.321    1480.19    1480.20     6.2197     6.3082    92.8060    94.1320  0.000e+00
      27007     23.000     7.4687     7.4669    3.52641    3.52610          1     3.5378     3.2932      39.20      0.222     0.4179     0.2499  1.000e-12  0.6532000    34.4943    34.4927    -0.0016    -0.0018    26.9544    26.9534     22.786     22.817    1480.21    1480.20     6.2254     6.3129    92.8950    94.1960  0.000e+00
      27030     23.500     7.4703     7.4710    3.52660    3.52657          1     3.5390     3.2941      38.97      0.386     0.4086     0.2962  1.000e-12  0.6537000    34.4946    34.4935    -0.0010     0.0007    26.9544    26.9535     23.281     23.313    1480.22    1480.22     6.2272     6.3175    92.9260    94.2730  0.000e+00
      27046     24.000     7.4716     7.4723    3.52679    3.52679          1     3.5395     3.2946      38.66      0.567     0.4174     0.2418  1.000e-12  0.6916000    34.4951    34.4943    -0.0008     0.0007    26.9546    26.9539     23.776     23.809    1480.23    1480.24     6.2245     6.3152    92.8890    94.2430  0.000e+00
      27061     24.500     7.4734     7.4732    3.52705    3.52693          1     3.5391     3.2946      38.24      0.712     0.4308     0.2445  1.000e-12  0.7514000    34.4958    34.4947    -0.0012    -0.0002    26.9549    26.9540     24.272     24.305    1480.25    1480.25     6.2215     6.3106    92.8480    94.1760  0.000e+00
      27077     25.000     7.4759     7.4752    3.52742    3.52721          1     3.5387     3.2940      37.80      0.779     0.4427     0.2620  1.000e-12  0.8293000    34.4971    34.4956    -0.0016    -0.0007    26.9556    26.9545     24.767     24.801    1480.27    1480.27     6.2201     6.3045    92.8330    94.0900  0.000e+00
      27096     25.500     7.4755     7.4746    3.52739    3.52714          1     3.5381     3.2934      37.22      0.731     0.4527     0.2613  1.000e-12  1.2219000    34.4970    34.4951    -0.0019    -0.0009    26.9555    26.9542     25.262     25.296    1480.28    1480.27     6.2176     6.3062    92.7940    94.1140  0.000e+00
      27121     26.000     7.4759     7.4759    3.52749    3.52736          1     3.5372     3.2931      36.52      0.558     0.4629     0.2660  1.000e-12  0.7915000    34.4974    34.4961    -0.0014    -0.0001    26.9558    26.9547     25.758     25.792    1480.29    1480.29     6.2193     6.3069    92.8210    94.1280  0.000e+00
