ctdpy/tests/etc/exprapp_feb_2020/SBE09_1387_20200208_1016_77_10_0126.cnv
* Sea-Bird SBE 9 Data File:
* FileName = L:\2020\sv20d0126.hex
* Software Version Seasave V 7.26.7.121
* Temperature SN = 6378
* Conductivity SN = 4824
* Number of Bytes Per Scan = 41
* Number of Voltage Words = 4
* Number of Scans Averaged by the Deck Unit = 1
* NMEA Latitude = 54 58.21 N
* NMEA Longitude = 014 05.95 E
* NMEA UTC (Time) = Feb 08 2020  10:16:02
* NMEA baud rate = 4800
** Station:  BY2
** Operator:  SSip
** Ship: SVEA
** Average sound velocity: 1443.03 m/s
** True-depth calculation Sat, 08 Feb 2020 14:52:34 +0000
** CTD Python Module SMHI /ver 3-12/ feb 2012 
** LIMS Job: 20207710-0126
** Cruise: SMHI-03-2020
** Latitude [GG MM.mm N] :
** Longitude [GGG MM.mm E]:
# nquan = 30
# nvalues = 85                          
# units = specified
# name 0 = scan: Scan Count
# name 1 = prDM: Pressure, Digiquartz [db]
# name 2 = t090C: Temperature [ITS-90, deg C]
# name 3 = t190C: Temperature, 2 [ITS-90, deg C]
# name 4 = c0S/m: Conductivity [S/m]
# name 5 = c1S/m: Conductivity, 2 [S/m]
# name 6 = pumps: Pump Status
# name 7 = sbeox0V: Oxygen raw, SBE 43 [V]
# name 8 = sbeox1V: Oxygen raw, SBE 43, 2 [V]
# name 9 = altM: Altimeter [m]
# name 10 = dz/dtM: Descent Rate [m/s]
# name 11 = flECO-AFL: Chl-a Fluorescence, WET Labs ECO-AFL/FL [mg/m^3]
# name 12 = flECO-AFL1: Phycocyanin Fluorescence, WET Labs ECO-AFL/FL, 2 [mg/m^3]
# name 13 = par: PAR/Irradiance, Biospherical/Lico [µE/(cm^2*s)]
# name 14 = turbWETntu0: Turbidity, WET Labs ECO [NTU]
# name 15 = sal00: Salinity, Practical [PSU]
# name 16 = sal11: Salinity, Practical, 2 [PSU]
# name 17 = secS-priS: Salinity, Practical, Difference, 2 - 1 [PSU]
# name 18 = T2-T190C: Temperature Difference, 2 - 1 [ITS-90, deg C]
# name 19 = sigma-t00: Density [sigma-t, kg/m^3 ]
# name 20 = sigma-t11: Density, 2 [sigma-t, kg/m^3 ]
# name 21 = depSM: Depth [salt water, m], lat = 54.9702
# name 22 = depFM: Depth [true depth, m], lat = 54.9702
# name 23 = svCM: Sound Velocity [Chen-Millero, m/s]
# name 24 = svCM1: Sound Velocity, 2 [Chen-Millero, m/s]
# name 25 = sbeox0ML/L: Oxygen, SBE 43 [ml/l], WS = 2
# name 26 = sbeox1ML/L: Oxygen, SBE 43, 2 [ml/l], WS = 2
# name 27 = sbeox0PS: Oxygen, SBE 43 [% saturation], WS = 2
# name 28 = sbeox1PS: Oxygen, SBE 43, 2 [% saturation], WS = 2
# name 29 = flag: flag
# span 0 =      39608,      42961       
# span 1 =      1.500,     43.500       
# span 2 =     5.5871,     6.0335       
# span 3 =     5.5872,     6.0305       
# span 4 =   0.886982,   1.772780       
# span 5 =   0.886889,   1.761581       
# span 6 =          1,          1       
# span 7 =     3.2687,     3.6034       
# span 8 =     3.0541,     3.3586       
# span 9 =       2.98,     104.59       
# span 10 =     -0.725,      0.529      
# span 11 =     0.3076,     0.8616      
# span 12 =     0.1715,     0.3378      
# span 13 = 2.1227e-02, 1.1957e+02      
# span 14 =     0.1426,     0.3627      
# span 15 =     8.0904,    16.9378      
# span 16 =     8.0896,    16.8152      
# span 17 =    -0.1463,     0.0474      
# span 18 =    -0.0138,     0.0088      
# span 19 =     6.3688,    13.3188      
# span 20 =     6.3682,    13.2213      
# span 21 =      1.486,     43.103      
# span 22 =      1.518,     43.949      
# span 23 =    1439.32,    1452.49      
# span 24 =    1439.32,    1452.38      
# span 25 =     6.5793,     7.9333      
# span 26 =     6.6963,     8.0578      
# span 27 =     84.331,     95.193      
# span 28 =     85.110,     96.670      
# span 29 = 0.0000e+00, 0.0000e+00      
# interval = decibars: 0.5              
# start_time = Feb 08 2020 10:16:02 [NMEA time, first data scan]
# bad_flag = -9.990e-29
*END*
      39608      1.500     5.6279     5.6245    0.88733    0.88735          1     3.6032     3.3586      41.95     -0.725     0.8014     0.2950  1.175e+02  0.1687000     8.0924     8.0936     0.0010    -0.0034     6.3698     6.3708      1.486      1.518    1439.33    1439.32     7.9244     8.0569    95.0860    96.6700  0.000e+00
      39943      2.000     5.6232     5.6227    0.88724    0.88731          1     3.6034     3.3572      46.62      0.033     0.8526     0.2863  1.196e+02  0.1716000     8.0926     8.0935     0.0009    -0.0005     6.3702     6.3709      1.982      2.024    1439.33    1439.32     7.9318     8.0512    95.1640    96.5960  0.000e+00
      40116      2.500     5.6207     5.6214    0.88723    0.88723          1     3.6029     3.3564      43.84      0.186     0.8557     0.2814  1.036e+02  0.1740000     8.0931     8.0929    -0.0002     0.0007     6.3707     6.3705      2.477      2.530    1439.32    1439.32     7.9298     8.0496    95.1350    96.5740  0.000e+00
      40153      3.000     5.6207     5.6209    0.88735    0.88743          1     3.6026     3.3555      46.09      0.268     0.8374     0.2897  8.697e+01  0.1702000     8.0942     8.0950     0.0007     0.0003     6.3716     6.3722      2.973      3.036    1439.33    1439.33     7.9317     8.0461    95.1580    96.5310  0.000e+00
      40183      3.500     5.6195     5.6221    0.88739    0.88747          1     3.6024     3.3555      47.81      0.437     0.8197     0.2991  8.036e+01  0.1795000     8.0948     8.0950     0.0001     0.0027     6.3721     6.3721      3.468      3.542    1439.33    1439.35     7.9284     8.0538    95.1160    96.6270  0.000e+00
      40217      4.000     5.6270     5.6256    0.88738    0.88743          1     3.6021     3.3561      42.13      0.309     0.8204     0.3216  5.541e+01  0.2014000     8.0928     8.0936     0.0008    -0.0013     6.3702     6.3709      3.964      4.048    1439.37    1439.37     7.9279     8.0535    95.1270    96.6320  0.000e+00
      40237      4.500     5.6273     5.6261    0.88728    0.88732          1     3.6019     3.3560      42.04      0.465     0.8527     0.2814  5.824e+01  0.2001000     8.0917     8.0924     0.0007    -0.0012     6.3692     6.3698      4.459      4.554    1439.38    1439.38     7.9281     8.0496    95.1290    96.5850  0.000e+00
      40266      5.000     5.6282     5.6270    0.88734    0.88727          1     3.6020     3.3557      41.43      0.486     0.8388     0.2732  5.085e+01  0.1861000     8.0920     8.0917    -0.0003    -0.0013     6.3694     6.3692      4.955      5.060    1439.39    1439.39     7.9292     8.0509    95.1450    96.6020  0.000e+00
      40299      5.500     5.6259     5.6270    0.88733    0.88738          1     3.6017     3.3555      40.93      0.335     0.8561     0.2877  4.114e+01  0.1710000     8.0924     8.0926     0.0002     0.0011     6.3699     6.3700      5.450      5.566    1439.39    1439.40     7.9264     8.0498    95.1060    96.5890  0.000e+00
      40322      6.000     5.6216     5.6213    0.88735    0.88742          1     3.6014     3.3554      40.59      0.453     0.8560     0.2777  3.935e+01  0.1793000     8.0935     8.0943     0.0008    -0.0003     6.3710     6.3716      5.946      6.073    1439.38    1439.38     7.9286     8.0536    95.1230    96.6220  0.000e+00
      40345      6.500     5.6231     5.6214    0.88735    0.88740          1     3.6015     3.3555      40.19      0.525     0.8511     0.3288  3.377e+01  0.1881000     8.0931     8.0940     0.0008    -0.0017     6.3706     6.3714      6.441      6.579    1439.39    1439.39     7.9325     8.0536    95.1730    96.6220  0.000e+00
      40372      7.000     5.6275     5.6240    0.88738    0.88744          1     3.6021     3.3551      39.65      0.465     0.8411     0.2644  2.947e+01  0.1904000     8.0923     8.0937     0.0014    -0.0035     6.3698     6.3710      6.937      7.085    1439.42    1439.41     7.9333     8.0444    95.1930    96.5180  0.000e+00
      40401      7.500     5.6272     5.6282    0.88751    0.88755          1     3.6019     3.3542      39.06      0.423     0.8364     0.2737  2.673e+01  0.1882000     8.0935     8.0937     0.0001     0.0010     6.3707     6.3708      7.432      7.591    1439.43    1439.43     7.9282     8.0460    95.1320    96.5480  0.000e+00
      40429      8.000     5.6356     5.6351    0.88769    0.88775          1     3.6010     3.3539      38.61      0.425     0.8351     0.2980  2.319e+01  0.1856000     8.0932     8.0940     0.0008    -0.0005     6.3701     6.3707      7.928      8.097    1439.47    1439.47     7.9221     8.0465    95.0790    96.5710  0.000e+00
      40454      8.500     5.6390     5.6346    0.88776    0.88772          1     3.6001     3.3541      37.98      0.455     0.8401     0.2651  2.126e+01  0.1884000     8.0931     8.0937     0.0006    -0.0044     6.3698     6.3705      8.423      8.603    1439.50    1439.48     7.9196     8.0508    95.0560    96.6210  0.000e+00
      40478      9.000     5.6262     5.6206    0.88743    0.88734          1     3.5996     3.3541      37.47      0.491     0.8358     0.3240  1.898e+01  0.1842000     8.0928     8.0933     0.0005    -0.0056     6.3702     6.3709      8.919      9.109    1439.45    1439.43     7.9275     8.0501    95.1200    96.5780  0.000e+00
      40504      9.500     5.6170     5.6184    0.88714    0.88730          1     3.6001     3.3538      36.90      0.485     0.8385     0.2702  1.680e+01  0.1819000     8.0922     8.0933     0.0012     0.0014     6.3701     6.3710      9.414      9.615    1439.41    1439.42     7.9325     8.0578    95.1580    96.6650  0.000e+00
      40530     10.000     5.6176     5.6188    0.88721    0.88728          1     3.6000     3.3547      36.35      0.462     0.8358     0.2831  1.524e+01  0.1778000     8.0926     8.0930     0.0005     0.0012     6.3704     6.3707      9.910     10.121    1439.43    1439.43     7.9309     8.0551    95.1400    96.6340  0.000e+00
      40554     10.500     5.6170     5.6165    0.88698    0.88689          1     3.6003     3.3537      35.84      0.477     0.8560     0.2827  1.348e+01  0.1841000     8.0904     8.0896    -0.0008    -0.0005     6.3688     6.3682     10.405     10.627    1439.43    1439.42     7.9318     8.0429    95.1490    96.4800  0.000e+00
      40577     11.000     5.6235     5.6221    0.88768    0.88757          1     3.5996     3.3530      57.09      0.504     0.8616     0.2700  1.227e+01  0.1848000     8.0957     8.0949    -0.0008    -0.0014     6.3726     6.3720     10.901     11.133    1439.47    1439.46     7.9239     8.0479    95.0730    96.5560  0.000e+00
      40603     11.500     5.6227     5.6188    0.88799    0.88845          1     3.5985     3.3530      43.50      0.490     0.8548     0.2654  1.129e+01  0.1858000     8.0988     8.1042     0.0054    -0.0039     6.3751     6.3796     11.396     11.639    1439.48    1439.47     7.9185     8.0506    95.0080    96.5860  0.000e+00
      40631     12.000     5.6252     5.6200    0.88785    0.88838          1     3.5966     3.3525      34.49      0.440     0.8478     0.2872  1.009e+01  0.1839000     8.0968     8.1032     0.0064    -0.0052     6.3734     6.3787     11.892     12.145    1439.50    1439.48     7.9109     8.0388    94.9210    96.4470  0.000e+00
      40656     12.500     5.6247     5.6214    0.88795    0.88838          1     3.5949     3.3510      34.07      0.452     0.8459     0.2888  9.296e+00  0.1865000     8.0978     8.1029     0.0050    -0.0034     6.3742     6.3784     12.387     12.651    1439.50    1439.50     7.9064     8.0332    94.8670    96.3830  0.000e+00
      40678     13.000     5.6231     5.6201    0.88818    0.88860          1     3.5929     3.3501      33.55      0.511     0.8442     0.2790  8.531e+00  0.1842000     8.1004     8.1052     0.0048    -0.0030     6.3763     6.3803     12.882     13.157    1439.51    1439.50     7.9019     8.0338    94.8110    96.3890  0.000e+00
      40702     13.500     5.6116     5.6114    0.88946    0.88950          1     3.5916     3.3492      33.03      0.521     0.8044     0.2904  7.728e+00  0.1821000     8.1156     8.1160     0.0004    -0.0002     6.3889     6.3893     13.378     13.663    1439.48    1439.48     7.9047     8.0335    94.8260    96.3710  0.000e+00
      40730     14.000     5.6104     5.6103    0.88963    0.88971          1     3.5908     3.3481      32.36      0.456     0.7746     0.2359  7.011e+00  0.1865000     8.1175     8.1183     0.0008    -0.0000     6.3905     6.3911     13.873     14.169    1439.49    1439.49     7.9044     8.0307    94.8210    96.3370  0.000e+00
      40757     14.500     5.6104     5.6102    0.88972    0.88973          1     3.5896     3.3469      31.92      0.432     0.7601     0.2855  6.500e+00  0.1884000     8.1183     8.1185     0.0001    -0.0002     6.3912     6.3912     14.369     14.675    1439.50    1439.50     7.9002     8.0244    94.7710    96.2610  0.000e+00
      40782     15.000     5.6113     5.6113    0.88998    0.89005          1     3.5882     3.3458      31.36      0.472     0.7561     0.2816  5.951e+00  0.1826000     8.1206     8.1213     0.0007    -0.0000     6.3929     6.3934     14.864     15.181    1439.51    1439.51     7.8942     8.0277    94.7040    96.3050  0.000e+00
      40807     15.500     5.6138     5.6137    0.89079    0.89089          1     3.5869     3.3455      30.81      0.479     0.7361     0.2915  5.464e+00  0.1772000     8.1279     8.1289     0.0010    -0.0002     6.3985     6.3993     15.360     15.687    1439.54    1439.54     7.8925     8.0278    94.6930    96.3160  0.000e+00
      40834     16.000     5.6142     5.6143    0.89092    0.89104          1     3.5855     3.3447      30.35      0.455     0.7413     0.2950  5.056e+00  0.1814000     8.1289     8.1301     0.0012     0.0001     6.3993     6.4002     15.855     16.193    1439.55    1439.56     7.8894     8.0229    94.6570    96.2600  0.000e+00
      40858     16.500     5.6159     5.6162    0.89113    0.89123          1     3.5849     3.3440      29.71      0.472     0.7548     0.3173  4.670e+00  0.1820000     8.1305     8.1315     0.0010     0.0002     6.4005     6.4012     16.351     16.699    1439.57    1439.57     7.8904     8.0199    94.6740    96.2290  0.000e+00
      40883     17.000     5.6164     5.6162    0.89117    0.89125          1     3.5842     3.3432      29.15      0.495     0.7352     0.2769  4.282e+00  0.1821000     8.1308     8.1316     0.0008    -0.0002     6.4006     6.4013     16.846     17.205    1439.58    1439.58     7.8902     8.0212    94.6740    96.2450  0.000e+00
      40909     17.500     5.6187     5.6182    0.89137    0.89142          1     3.5841     3.3425      28.59      0.475     0.7308     0.2928  3.902e+00  0.1764000     8.1321     8.1327     0.0006    -0.0005     6.4016     6.4021     17.342     17.711    1439.60    1439.60     7.8917     8.0161    94.6970    96.1900  0.000e+00
      40934     18.000     5.6205     5.6201    0.89152    0.89158          1     3.5839     3.3419      28.08      0.458     0.7454     0.2535  3.613e+00  0.1877000     8.1331     8.1338     0.0007    -0.0003     6.4023     6.4028     17.837     18.217    1439.62    1439.62     7.8923     8.0157    94.7090    96.1900  0.000e+00
      40958     18.500     5.6208     5.6205    0.89159    0.89171          1     3.5841     3.3407      27.60      0.487     0.7208     0.2644  3.415e+00  0.1821000     8.1336     8.1349     0.0013    -0.0002     6.4027     6.4037     18.332     18.724    1439.63    1439.63     7.8918     8.0062    94.7040    96.0780  0.000e+00
      40982     19.000     5.6215     5.6215    0.89168    0.89175          1     3.5837     3.3396      27.12      0.511     0.7077     0.2929  3.154e+00  0.1765000     8.1343     8.1350     0.0007     0.0000     6.4032     6.4037     18.828     19.230    1439.64    1439.64     7.8881     8.0084    94.6630    96.1070  0.000e+00
      41008     19.500     5.6212     5.6213    0.89172    0.89178          1     3.5826     3.3395      26.60      0.479     0.7193     0.2853  2.893e+00  0.1762000     8.1347     8.1352     0.0005     0.0001     6.4035     6.4039     19.323     19.736    1439.65    1439.65     7.8831     8.0189    94.6020    96.2320  0.000e+00
      41036     20.000     5.6210     5.6210    0.89173    0.89182          1     3.5816     3.3401      26.08      0.435     0.7082     0.2662  2.674e+00  0.1757000     8.1348     8.1356     0.0009    -0.0000     6.4036     6.4043     19.819     20.242    1439.65    1439.65     7.8824     8.0273    94.5930    96.3320  0.000e+00
      41061     20.500     5.6204     5.6206    0.89172    0.89181          1     3.5809     3.3408      25.55      0.455     0.7192     0.2599  2.487e+00  0.1762000     8.1347     8.1356     0.0008     0.0002     6.4036     6.4042     20.314     20.748    1439.66    1439.66     7.8863     8.0229    94.6390    96.2790  0.000e+00
      41085     21.000     5.6204     5.6211    0.89174    0.89186          1     3.5816     3.3405      25.05      0.495     0.7311     0.2867  2.320e+00  0.1763000     8.1348     8.1359     0.0011     0.0007     6.4036     6.4044     20.810     21.254    1439.67    1439.67     7.8931     8.0148    94.7200    96.1830  0.000e+00
      41110     21.500     5.6216     5.6217    0.89182    0.89192          1     3.5822     3.3393      24.53      0.492     0.7098     0.3091  2.139e+00  0.1804000     8.1353     8.1362     0.0009     0.0001     6.4040     6.4047     21.305     21.760    1439.68    1439.68     7.8918     8.0040    94.7080    96.0560  0.000e+00
      41137     22.000     5.6216     5.6221    0.89184    0.89197          1     3.5815     3.3376      23.99      0.454     0.7196     0.3378  1.978e+00  0.1659000     8.1354     8.1366     0.0012     0.0005     6.4040     6.4049     21.801     22.266    1439.69    1439.69     7.8712     7.9854    94.4600    95.8330  0.000e+00
      41163     22.500     5.6255     5.6250    0.89206    0.89213          1     3.5759     3.3331      23.46      0.452     0.7152     0.3308  1.866e+00  0.1761000     8.1365     8.1373     0.0008    -0.0004     6.4047     6.4054     22.296     22.772    1439.71    1439.71     7.8308     7.9412    93.9860    95.3100  0.000e+00
      41188     23.000     5.6434     5.6445    0.89785    0.89852          1     3.5683     3.3266      22.94      0.472     0.6913     0.2605  1.771e+00  0.1742000     8.1889     8.1953     0.0064     0.0011     6.4452     6.4501     22.791     23.278    1439.86    1439.88     7.8025     7.9091    93.7210    95.0080  0.000e+00
      41213     23.500     5.6686     5.6706    0.90751    0.90856          1     3.5616     3.3207      22.48      0.476     0.6599     0.2895  1.630e+00  0.1735000     8.2776     8.2874     0.0098     0.0019     6.5138     6.5215     23.287     23.784    1440.09    1440.12     7.7838     7.8926    93.6100    94.9290  0.000e+00
      41238     24.000     5.6762     5.6766    0.91069    0.91104          1     3.5570     3.3166      21.88      0.481     0.6178     0.2975  1.482e+00  0.1841000     8.3068     8.3102     0.0033     0.0004     6.5365     6.5392     23.782     24.290    1440.17    1440.18     7.7774     7.8932    93.5680    94.9660  0.000e+00
      41261     24.500     5.6779     5.6795    0.91148    0.91231          1     3.5536     3.3138      21.43      0.507     0.6008     0.2506  1.377e+00  0.1647000     8.3141     8.3219     0.0078     0.0016     6.5422     6.5482     24.278     24.796    1440.20    1440.21     7.7807     7.8997    93.6180    95.0570  0.000e+00
      41285     25.000     5.6806     5.6821    0.91266    0.91341          1     3.5531     3.3123      20.93      0.507     0.6011     0.2165  1.286e+00  0.1689000     8.3249     8.3319     0.0070     0.0015     6.5506     6.5560     24.773     25.302    1440.23    1440.25     7.7860     7.8989    93.6940    95.0610  0.000e+00
