ctdpy/tests/etc/exprapp_feb_2020/SBE09_1387_20200213_0109_77_10_0144.cnv
* Sea-Bird SBE 9 Data File:
* FileName = L:\2020\sv20d0144.hex
* Software Version Seasave V 7.26.7.121
* Temperature SN = 6378
* Conductivity SN = 4824
* Number of Bytes Per Scan = 41
* Number of Voltage Words = 4
* Number of Scans Averaged by the Deck Unit = 1
* NMEA Latitude = 58 01.04 N
* NMEA Longitude = 017 59.14 E
* NMEA UTC (Time) = Feb 13 2020  01:09:39
* NMEA baud rate = 4800
** Station:  BY32
** Operator:  SSip
** Ship: SVEA
** Average sound velocity: 1442.51 m/s
** True-depth calculation Thu, 13 Feb 2020 02:07:55 +0000
** CTD Python Module SMHI /ver 3-12/ feb 2012 
** LIMS Job: 20207710-0144
** Cruise: SMHI-02-2020
** Latitude [GG MM.mm N] :
** Longitude [GGG MM.mm E]:
# nquan = 30
# nvalues = 397                         
# units = specified
# name 0 = scan: Scan Count
# name 1 = prDM: Pressure, Digiquartz [db]
# name 2 = t090C: Temperature [ITS-90, deg C]
# name 3 = t190C: Temperature, 2 [ITS-90, deg C]
# name 4 = c0S/m: Conductivity [S/m]
# name 5 = c1S/m: Conductivity, 2 [S/m]
# name 6 = pumps: Pump Status
# name 7 = sbeox0V: Oxygen raw, SBE 43 [V]
# name 8 = sbeox1V: Oxygen raw, SBE 43, 2 [V]
# name 9 = altM: Altimeter [m]
# name 10 = dz/dtM: Descent Rate [m/s]
# name 11 = flECO-AFL: Chl-a Fluorescence, WET Labs ECO-AFL/FL [mg/m^3]
# name 12 = flECO-AFL1: Phycocyanin Fluorescence, WET Labs ECO-AFL/FL, 2 [mg/m^3]
# name 13 = par: PAR/Irradiance, Biospherical/Lico [µE/(cm^2*s)]
# name 14 = turbWETntu0: Turbidity, WET Labs ECO [NTU]
# name 15 = sal00: Salinity, Practical [PSU]
# name 16 = sal11: Salinity, Practical, 2 [PSU]
# name 17 = secS-priS: Salinity, Practical, Difference, 2 - 1 [PSU]
# name 18 = T2-T190C: Temperature Difference, 2 - 1 [ITS-90, deg C]
# name 19 = sigma-t00: Density [sigma-t, kg/m^3 ]
# name 20 = sigma-t11: Density, 2 [sigma-t, kg/m^3 ]
# name 21 = depSM: Depth [salt water, m], lat = 58.0173
# name 22 = depFM: Depth [true depth, m], lat = 58.0173
# name 23 = svCM: Sound Velocity [Chen-Millero, m/s]
# name 24 = svCM1: Sound Velocity, 2 [Chen-Millero, m/s]
# name 25 = sbeox0ML/L: Oxygen, SBE 43 [ml/l], WS = 2
# name 26 = sbeox1ML/L: Oxygen, SBE 43, 2 [ml/l], WS = 2
# name 27 = sbeox0PS: Oxygen, SBE 43 [% saturation], WS = 2
# name 28 = sbeox1PS: Oxygen, SBE 43, 2 [% saturation], WS = 2
# name 29 = flag: flag
# span 0 =      14480,      27914       
# span 1 =      2.000,    200.000       
# span 2 =     4.7125,     5.8967       
# span 3 =     4.7124,     5.8963       
# span 4 =   0.780727,   1.160384       
# span 5 =   0.780792,   1.160492       
# span 6 =          1,          1       
# span 7 =     0.7392,     3.4820       
# span 8 =     0.7229,     3.2499       
# span 9 =       2.40,      98.68       
# span 10 =     -0.711,      1.015      
# span 11 =     0.3222,     0.4619      
# span 12 =     0.1268,     0.2831      
# span 13 = 1.0000e-12, 1.0977e+00      
# span 14 =     0.1034,     1.4770      
# span 15 =     7.2477,    10.6857      
# span 16 =     7.2484,    10.6868      
# span 17 =    -0.1385,     0.0237      
# span 18 =    -0.0692,     0.0069      
# span 19 =     5.7405,     8.3996      
# span 20 =     5.7410,     8.4005      
# span 21 =      1.981,    198.050      
# span 22 =      2.025,    202.172      
# span 23 =    1434.28,    1446.93      
# span 24 =    1434.28,    1446.93      
# span 25 =     0.0395,     7.8371      
# span 26 =     0.0677,     7.9759      
# span 27 =      0.486,     91.377      
# span 28 =      0.832,     93.002      
# span 29 = 0.0000e+00, 0.0000e+00      
# interval = decibars: 0.5              
# start_time = Feb 13 2020 01:09:40 [NMEA time, first data scan]
# bad_flag = -9.990e-29
*END*
      14480      2.000     4.7147     4.7157    0.78073    0.78083          1     3.4820     3.2488       3.17     -0.711     0.3845     0.2222  1.077e+00  0.1136000     7.2479     7.2486     0.0008     0.0010     5.7408     5.7413      1.981      2.025    1434.28    1434.28     7.8371     7.9620    91.3770    92.8370  0.000e+00
      14515      2.500     4.7142     4.7140    0.78073    0.78079          1     3.4804     3.2484      96.34      0.102     0.3720     0.2255  9.820e-01  0.1194000     7.2479     7.2486     0.0007    -0.0002     5.7408     5.7414      2.477      2.532    1434.28    1434.28     7.8253     7.9646    91.2380    92.8620  0.000e+00
      14591      3.000     4.7160     4.7149    0.78077    0.78082          1     3.4793     3.2485      84.57      0.221     0.3755     0.2509  1.098e+00  0.1124000     7.2479     7.2486     0.0007    -0.0011     5.7408     5.7413      2.972      3.038    1434.30    1434.30     7.8285     7.9743    91.2800    92.9780  0.000e+00
      14906      3.500     4.7178     4.7172    0.78082    0.78088          1     3.4808     3.2499      96.50      0.525     0.3752     0.1719  7.712e-01  0.1151000     7.2479     7.2486     0.0007    -0.0006     5.7407     5.7413      3.468      3.545    1434.31    1434.31     7.8329     7.9759    91.3350    93.0020  0.000e+00
      15113      4.000     4.7183     4.7178    0.78084    0.78090          1     3.4800     3.2494      96.42      0.311     0.3745     0.2442  6.121e-01  0.1125000     7.2479     7.2486     0.0007    -0.0005     5.7407     5.7412      3.963      4.051    1434.33    1434.32     7.8283     7.9671    91.2820    92.9010  0.000e+00
      15156      4.500     4.7175     4.7178    0.78083    0.78090          1     3.4795     3.2480      96.41      0.361     0.3719     0.1988  4.356e-01  0.1123000     7.2479     7.2485     0.0007     0.0004     5.7407     5.7412      4.458      4.557    1434.33    1434.33     7.8302     7.9593    91.3030    92.8100  0.000e+00
      15201      5.000     4.7161     4.7170    0.78080    0.78089          1     3.4797     3.2472      73.38      0.227     0.3740     0.2153  3.656e-01  0.1126000     7.2478     7.2486     0.0007     0.0009     5.7407     5.7413      4.954      5.064    1434.33    1434.33     7.8349     7.9731    91.3550    92.9690  0.000e+00
      15221      5.500     4.7176     4.7168    0.78084    0.78089          1     3.4800     3.2477      95.60      0.426     0.3809     0.2096  3.424e-01  0.1111000     7.2478     7.2485     0.0007    -0.0008     5.7407     5.7412      5.449      5.570    1434.34    1434.34     7.8332     7.9713    91.3380    92.9470  0.000e+00
      15247      6.000     4.7176     4.7168    0.78085    0.78090          1     3.4798     3.2477      96.35      0.515     0.3799     0.1749  2.590e-01  0.1174000     7.2479     7.2486     0.0007    -0.0008     5.7407     5.7413      5.944      6.076    1434.35    1434.35     7.8320     7.9696    91.3250    92.9280  0.000e+00
      15294      6.500     4.7165     4.7174    0.78082    0.78092          1     3.4796     3.2478      80.66      0.225     0.3809     0.1806  1.642e-01  0.1141000     7.2478     7.2485     0.0007     0.0009     5.7407     5.7412      6.440      6.583    1434.36    1434.36     7.8311     7.9717    91.3110    92.9530  0.000e+00
      15326      7.000     4.7165     4.7225    0.78083    0.78104          1     3.4788     3.2477      80.77      0.329     0.3808     0.2377  1.313e-01  0.1089000     7.2478     7.2486     0.0008     0.0061     5.7407     5.7411      6.935      7.089    1434.36    1434.39     7.8272     7.9691    91.2660    92.9350  0.000e+00
      15347      7.500     4.7167     4.7168    0.78083    0.78091          1     3.4783     3.2477      96.53      0.488     0.3800     0.1717  9.089e-02  0.1115000     7.2477     7.2485     0.0007     0.0001     5.7406     5.7412      7.430      7.595    1434.37    1434.37     7.8283     7.9722    91.2790    92.9570  0.000e+00
      15366      8.000     4.7196     4.7213    0.78091    0.78102          1     3.4783     3.2478      96.45      0.592     0.3811     0.1672  7.990e-02  0.1154000     7.2478     7.2485     0.0007     0.0017     5.7405     5.7410      7.926      8.102    1434.39    1434.40     7.8307     7.9719    91.3140    92.9650  0.000e+00
      15388      8.500     4.7206     4.7201    0.78093    0.78099          1     3.4784     3.2478      96.45      0.597     0.3888     0.2527  4.563e-02  0.1151000     7.2477     7.2484     0.0007    -0.0005     5.7405     5.7410      8.421      8.608    1434.41    1434.40     7.8309     7.9700    91.3190    92.9390  0.000e+00
      15421      9.000     4.7187     4.7190    0.78089    0.78097          1     3.4780     3.2470      96.45      0.419     0.3857     0.2309  3.236e-02  0.1155000     7.2477     7.2484     0.0007     0.0003     5.7405     5.7410      8.916      9.115    1434.41    1434.41     7.8283     7.9623    91.2840    92.8470  0.000e+00
      15460      9.500     4.7167     4.7172    0.78087    0.78094          1     3.4777     3.2457      72.74      0.287     0.3714     0.2027  3.324e-03  0.1097000     7.2478     7.2484     0.0006     0.0005     5.7407     5.7411      9.412      9.621    1434.40    1434.41     7.8296     7.9596    91.2940    92.8120  0.000e+00
      15488     10.000     4.7158     4.7155    0.78085    0.78092          1     3.4774     3.2454      89.38      0.387     0.3688     0.2128  3.465e-05  0.1102000     7.2478     7.2485     0.0007    -0.0003     5.7407     5.7413      9.907     10.127    1434.41    1434.41     7.8307     7.9670    91.3050    92.8930  0.000e+00
      15515     10.500     4.7147     4.7149    0.78084    0.78091          1     3.4777     3.2453      96.39      0.448     0.3814     0.2043  1.808e-12  0.1153000     7.2478     7.2485     0.0007     0.0002     5.7407     5.7413     10.402     10.634    1434.41    1434.41     7.8325     7.9658    91.3240    92.8790  0.000e+00
      15543     11.000     4.7136     4.7133    0.78081    0.78087          1     3.4775     3.2453      96.43      0.435     0.3763     0.2147  1.000e-12  0.1153000     7.2477     7.2484     0.0007    -0.0004     5.7407     5.7412     10.898     11.140    1434.41    1434.41     7.8303     7.9706    91.2960    92.9310  0.000e+00
      15567     11.500     4.7129     4.7124    0.78080    0.78086          1     3.4770     3.2455      93.24      0.468     0.3740     0.2337  1.000e-12  0.1168000     7.2477     7.2484     0.0007    -0.0005     5.7407     5.7413     11.393     11.646    1434.42    1434.42     7.8287     7.9724    91.2740    92.9500  0.000e+00
      15589     12.000     4.7127     4.7129    0.78080    0.78088          1     3.4768     3.2459      56.63      0.521     0.3912     0.2295  1.000e-12  0.1199000     7.2477     7.2484     0.0007     0.0001     5.7407     5.7413     11.888     12.153    1434.43    1434.43     7.8291     7.9717    91.2790    92.9430  0.000e+00
      15620     12.500     4.7125     4.7124    0.78081    0.78087          1     3.4764     3.2455      95.48      0.437     0.3813     0.2296  1.000e-12  0.1186000     7.2477     7.2484     0.0007    -0.0002     5.7407     5.7413     12.384     12.659    1434.43    1434.43     7.8299     7.9711    91.2870    92.9340  0.000e+00
      15657     13.000     4.7140     4.7138    0.78086    0.78092          1     3.4758     3.2456      96.46      0.313     0.3769     0.1985  1.000e-12  0.1117000     7.2479     7.2486     0.0007    -0.0003     5.7408     5.7414     12.879     13.165    1434.45    1434.45     7.8270     7.9668    91.2570    92.8870  0.000e+00
      15683     13.500     4.7154     4.7152    0.78090    0.78098          1     3.4759     3.2448      96.46      0.398     0.3682     0.2398  1.000e-12  0.1211000     7.2479     7.2488     0.0008    -0.0002     5.7408     5.7415     13.374     13.672    1434.46    1434.46     7.8279     7.9572    91.2720    92.7790  0.000e+00
      15704     14.000     4.7172     4.7170    0.78097    0.78104          1     3.4751     3.2438      96.46      0.513     0.3683     0.2232  1.000e-12  0.1110000     7.2482     7.2489     0.0007    -0.0002     5.7409     5.7415     13.870     14.178    1434.48    1434.48     7.8236     7.9567    91.2250    92.7780  0.000e+00
      15728     14.500     4.7169     4.7171    0.78097    0.78105          1     3.4746     3.2434      77.51      0.548     0.3847     0.2332  1.000e-12  0.1136000     7.2482     7.2489     0.0007     0.0001     5.7409     5.7415     14.365     14.684    1434.48    1434.49     7.8240     7.9648    91.2300    92.8730  0.000e+00
      15758     15.000     4.7173     4.7175    0.78099    0.78107          1     3.4743     3.2436      71.18      0.435     0.3806     0.2355  1.000e-12  0.1134000     7.2482     7.2490     0.0008     0.0002     5.7410     5.7416     14.860     15.191    1434.49    1434.50     7.8260     7.9666    91.2540    92.8950  0.000e+00
      15788     15.500     4.7146     4.7146    0.78091    0.78098          1     3.4746     3.2432      96.89      0.379     0.3738     0.2377  1.000e-12  0.1357000     7.2479     7.2486     0.0007    -0.0000     5.7408     5.7414     15.356     15.697    1434.49    1434.49     7.8309     7.9616    91.3050    92.8290  0.000e+00
      15813     16.000     4.7146     4.7139    0.78091    0.78097          1     3.4749     3.2430      96.43      0.453     0.3870     0.2195  1.000e-12  0.1173000     7.2479     7.2486     0.0008    -0.0007     5.7408     5.7414     15.851     16.204    1434.50    1434.50     7.8301     7.9690    91.2950    92.9140  0.000e+00
      15846     16.500     4.7173     4.7151    0.78101    0.78101          1     3.4746     3.2435      72.17      0.405     0.3817     0.2454  1.000e-12  0.1239000     7.2482     7.2487     0.0005    -0.0022     5.7409     5.7414     16.346     16.710    1434.52    1434.51     7.8271     7.9690    91.2670    92.9170  0.000e+00
      15890     17.000     4.7168     4.7175    0.78100    0.78110          1     3.4741     3.2433      98.68      0.228     0.3812     0.2487  1.000e-12  0.1114000     7.2481     7.2490     0.0009     0.0006     5.7409     5.7416     16.842     17.216    1434.52    1434.53     7.8282     7.9626    91.2790    92.8470  0.000e+00
      15912     17.500     4.7181     4.7186    0.78104    0.78115          1     3.4744     3.2427      96.41      0.390     0.3909     0.2128  1.000e-12  0.1220000     7.2482     7.2492     0.0009     0.0005     5.7410     5.7417     17.337     17.723    1434.54    1434.54     7.8307     7.9613    91.3110    92.8350  0.000e+00
      15928     18.000     4.7184     4.7173    0.78107    0.78110          1     3.4748     3.2426      96.38      0.581     0.3912     0.2066  1.000e-12  0.1212000     7.2484     7.2489     0.0006    -0.0011     5.7410     5.7416     17.832     18.229    1434.55    1434.54     7.8310     7.9689    91.3150    92.9210  0.000e+00
      15942     18.500     4.7171     4.7151    0.78103    0.78105          1     3.4742     3.2430      96.41      0.739     0.3822     0.2051  1.000e-12  0.1191000     7.2482     7.2488     0.0006    -0.0020     5.7409     5.7415     18.328     18.735    1434.55    1434.54     7.8309     7.9738    91.3100    92.9720  0.000e+00
      15959     19.000     4.7155     4.7152    0.78099    0.78104          1     3.4748     3.2432      96.40      0.790     0.3708     0.2064  1.000e-12  0.1155000     7.2480     7.2487     0.0007    -0.0004     5.7409     5.7414     18.823     19.242    1434.55    1434.55     7.8346     7.9726    91.3500    92.9580  0.000e+00
      16006     19.500     4.7162     4.7168    0.78101    0.78110          1     3.4745     3.2431      92.01      0.373     0.3848     0.2080  1.000e-12  0.1160000     7.2480     7.2488     0.0008     0.0005     5.7408     5.7415     19.318     19.748    1434.56    1434.56     7.8304     7.9704    91.3030    92.9370  0.000e+00
      16056     20.000     4.7165     4.7167    0.78102    0.78111          1     3.4737     3.2435      96.55      0.213     0.3682     0.1772  1.000e-12  0.1090000     7.2480     7.2489     0.0008     0.0001     5.7409     5.7415     19.814     20.254    1434.57    1434.57     7.8279     7.9731    91.2740    92.9680  0.000e+00
      16073     20.500     4.7169     4.7162    0.78104    0.78110          1     3.4736     3.2435      96.41      0.467     0.3667     0.2196  1.000e-12  0.1143000     7.2481     7.2488     0.0007    -0.0007     5.7409     5.7415     20.309     20.761    1434.58    1434.58     7.8261     7.9709    91.2540    92.9410  0.000e+00
      16089     21.000     4.7165     4.7160    0.78104    0.78110          1     3.4730     3.2435      96.45      0.652     0.3691     0.2111  1.000e-12  0.1155000     7.2481     7.2488     0.0007    -0.0006     5.7409     5.7415     20.804     21.267    1434.59    1434.58     7.8248     7.9719    91.2380    92.9520  0.000e+00
      16106     21.500     4.7161     4.7159    0.78103    0.78111          1     3.4726     3.2433      96.45      0.733     0.3675     0.2050  1.000e-12  0.1154000     7.2480     7.2488     0.0008    -0.0002     5.7408     5.7415     21.300     21.774    1434.59    1434.59     7.8256     7.9725    91.2460    92.9590  0.000e+00
      16135     22.000     4.7178     4.7175    0.78109    0.78116          1     3.4724     3.2433      68.42      0.540     0.3729     0.2434  1.000e-12  0.1118000     7.2482     7.2489     0.0007    -0.0002     5.7409     5.7415     21.795     22.280    1434.61    1434.61     7.8288     7.9714    91.2880    92.9500  0.000e+00
      16176     22.500     4.7188     4.7189    0.78113    0.78121          1     3.4728     3.2431      98.33      0.254     0.3810     0.2302  1.000e-12  0.1163000     7.2483     7.2491     0.0008     0.0001     5.7409     5.7416     22.290     22.786    1434.62    1434.62     7.8287     7.9689    91.2890    92.9240  0.000e+00
      16202     23.000     4.7178     4.7180    0.78110    0.78118          1     3.4724     3.2427      96.46      0.395     0.3893     0.2149  1.000e-12  0.1217000     7.2481     7.2489     0.0008     0.0003     5.7409     5.7415     22.786     23.293    1434.62    1434.62     7.8267     7.9694    91.2630    92.9280  0.000e+00
      16226     23.500     4.7169     4.7166    0.78107    0.78114          1     3.4722     3.2426      87.14      0.497     0.3819     0.2105  1.000e-12  0.1214000     7.2480     7.2487     0.0007    -0.0002     5.7408     5.7414     23.281     23.799    1434.63    1434.63     7.8282     7.9677    91.2790    92.9050  0.000e+00
      16257     24.000     4.7170     4.7169    0.78108    0.78116          1     3.4720     3.2418      95.89      0.419     0.3774     0.1709  1.000e-12  0.1239000     7.2480     7.2488     0.0007    -0.0000     5.7408     5.7414     23.776     24.305    1434.63    1434.64     7.8273     7.9645    91.2690    92.8680  0.000e+00
      16293     24.500     4.7168     4.7166    0.78108    0.78115          1     3.4713     3.2409      96.50      0.327     0.3804     0.2000  1.000e-12  0.1337000     7.2480     7.2487     0.0007    -0.0002     5.7408     5.7414     24.271     24.812    1434.64    1434.64     7.8246     7.9606    91.2370    92.8220  0.000e+00
      16321     25.000     4.7165     4.7164    0.78107    0.78115          1     3.4713     3.2405      96.50      0.385     0.4024     0.2164  1.000e-12  0.1166000     7.2479     7.2487     0.0008    -0.0002     5.7408     5.7414     24.767     25.318    1434.65    1434.65     7.8292     7.9653    91.2890    92.8760  0.000e+00
      16343     25.500     4.7170     4.7165    0.78110    0.78117          1     3.4712     3.2404      96.50      0.489     0.3958     0.2053  1.000e-12  0.1116000     7.2480     7.2487     0.0008    -0.0004     5.7408     5.7414     25.262     25.824    1434.66    1434.66     7.8284     7.9633    91.2810    92.8530  0.000e+00
