ctdpy/tests/etc/exprapp_feb_2020/SBE09_1387_20200206_2050_77_10_0118.cnv
* Sea-Bird SBE 9 Data File:
* FileName = L:\2020\sv20d0118.hex
* Software Version Seasave V 7.26.7.121
* Temperature SN = 6378
* Conductivity SN = 4824
* Number of Bytes Per Scan = 41
* Number of Voltage Words = 4
* Number of Scans Averaged by the Deck Unit = 1
* NMEA Latitude = 58 17.11 N
* NMEA Longitude = 010 30.39 E
* NMEA UTC (Time) = Feb 06 2020  20:50:26
* NMEA baud rate = 4800
** Station:  Å17
** Operator:  DBSj
** Ship: SVEA
** Average sound velocity: 1483.40 m/s
** True-depth calculation Fri, 07 Feb 2020 00:57:18 +0000
** CTD Python Module SMHI /ver 3-12/ feb 2012 
** LIMS Job: 20207710-0118
** Cruise: SMHI-03-2020
** Latitude [GG MM.mm N] :
** Longitude [GGG MM.mm E]:
# nquan = 30
# nvalues = 690                         
# units = specified
# name 0 = scan: Scan Count
# name 1 = prDM: Pressure, Digiquartz [db]
# name 2 = t090C: Temperature [ITS-90, deg C]
# name 3 = t190C: Temperature, 2 [ITS-90, deg C]
# name 4 = c0S/m: Conductivity [S/m]
# name 5 = c1S/m: Conductivity, 2 [S/m]
# name 6 = pumps: Pump Status
# name 7 = sbeox0V: Oxygen raw, SBE 43 [V]
# name 8 = sbeox1V: Oxygen raw, SBE 43, 2 [V]
# name 9 = altM: Altimeter [m]
# name 10 = dz/dtM: Descent Rate [m/s]
# name 11 = flECO-AFL: Chl-a Fluorescence, WET Labs ECO-AFL/FL [mg/m^3]
# name 12 = flECO-AFL1: Phycocyanin Fluorescence, WET Labs ECO-AFL/FL, 2 [mg/m^3]
# name 13 = par: PAR/Irradiance, Biospherical/Lico [µE/(cm^2*s)]
# name 14 = turbWETntu0: Turbidity, WET Labs ECO [NTU]
# name 15 = sal00: Salinity, Practical [PSU]
# name 16 = sal11: Salinity, Practical, 2 [PSU]
# name 17 = secS-priS: Salinity, Practical, Difference, 2 - 1 [PSU]
# name 18 = T2-T190C: Temperature Difference, 2 - 1 [ITS-90, deg C]
# name 19 = sigma-t00: Density [sigma-t, kg/m^3 ]
# name 20 = sigma-t11: Density, 2 [sigma-t, kg/m^3 ]
# name 21 = depSM: Depth [salt water, m], lat = 58.2852
# name 22 = depFM: Depth [true depth, m], lat = 58.2852
# name 23 = svCM: Sound Velocity [Chen-Millero, m/s]
# name 24 = svCM1: Sound Velocity, 2 [Chen-Millero, m/s]
# name 25 = sbeox0ML/L: Oxygen, SBE 43 [ml/l], WS = 2
# name 26 = sbeox1ML/L: Oxygen, SBE 43, 2 [ml/l], WS = 2
# name 27 = sbeox0PS: Oxygen, SBE 43 [% saturation], WS = 2
# name 28 = sbeox1PS: Oxygen, SBE 43, 2 [% saturation], WS = 2
# name 29 = flag: flag
# span 0 =      27062,      50545       
# span 1 =      0.500,    345.000       
# span 2 =     6.1664,     8.0103       
# span 3 =     6.1639,     8.0098       
# span 4 =   3.220287,   3.636296       
# span 5 =   3.220021,   3.636129       
# span 6 =          1,          1       
# span 7 =     3.0386,     3.5620       
# span 8 =     2.8346,     3.3167       
# span 9 =       5.66,     100.70       
# span 10 =     -0.429,      1.249      
# span 11 =     0.1633,     0.8935      
# span 12 =     0.1279,     0.3266      
# span 13 = 1.0000e-12, 3.6528e+00      
# span 14 =     0.1510,     1.0981      
# span 15 =    32.4041,    35.1378      
# span 16 =    32.4030,    35.1365      
# span 17 =    -0.0479,     0.0415      
# span 18 =    -0.0237,     0.0395      
# span 19 =    25.4800,    27.4907      
# span 20 =    25.4791,    27.4899      
# span 21 =      0.495,    341.510      
# span 22 =      0.497,    342.086      
# span 23 =    1472.14,    1485.58      
# span 24 =    1472.13,    1485.58      
# span 25 =     5.3291,     6.5605      
# span 26 =     5.4054,     6.6642      
# span 27 =     79.254,     93.738      
# span 28 =     80.384,     95.217      
# span 29 = 0.0000e+00, 0.0000e+00      
# interval = decibars: 0.5              
# start_time = Feb 06 2020 20:50:26 [NMEA time, first data scan]
# bad_flag = -9.990e-29
*END*
      27062      0.500     6.1672     6.1664    3.22029    3.22013          1     3.5618     3.3167      97.77     -0.429     0.8935     0.2128  3.653e+00  0.2100000    32.4042    32.4032    -0.0010    -0.0008    25.4814    25.4807      0.495      0.497    1472.14    1472.13     6.5551     6.6390    93.6270    94.8220  0.000e+00
      27096      1.000     6.1680     6.1684    3.22039    3.22032          1     3.5618     3.3154      97.80      0.133     0.8004     0.2844  3.403e+00  0.2174000    32.4044    32.4032    -0.0011     0.0004    25.4814    25.4805      0.991      0.993    1472.16    1472.15     6.5561     6.6481    93.6420    94.9560  0.000e+00
      27222      1.500     6.1695     6.1690    3.22054    3.22040          1     3.5619     3.3153      97.81      0.272     0.7621     0.2413  2.281e+00  0.2334000    32.4043    32.4033    -0.0011    -0.0005    25.4812    25.4804      1.486      1.490    1472.17    1472.16     6.5531     6.6484    93.6030    94.9630  0.000e+00
      27274      2.000     6.1694     6.1696    3.22053    3.22045          1     3.5609     3.3148      97.81      0.401     0.7634     0.2986  1.312e+00  0.2392000    32.4041    32.4030    -0.0011     0.0002    25.4810    25.4801      1.981      1.986    1472.17    1472.17     6.5507     6.6492    93.5680    94.9750  0.000e+00
      27309      2.500     6.1691     6.1690    3.22053    3.22042          1     3.5604     3.3148      97.81      0.361     0.7655     0.2992  1.006e+00  0.2397000    32.4041    32.4030    -0.0012    -0.0000    25.4811    25.4802      2.477      2.483    1472.18    1472.18     6.5536     6.6465    93.6090    94.9340  0.000e+00
      27339      3.000     6.1679     6.1639    3.22045    3.22002          1     3.5607     3.3149      97.83      0.364     0.7810     0.2379  1.180e+00  0.2322000    32.4042    32.4032    -0.0009    -0.0040    25.4813    25.4810      2.972      2.980    1472.19    1472.17     6.5578     6.6527    93.6660    95.0130  0.000e+00
      27368      3.500     6.1679     6.1650    3.22049    3.22013          1     3.5615     3.3151      97.82      0.429     0.7837     0.2500  9.291e-01  0.2525000    32.4042    32.4031    -0.0011    -0.0030    25.4813    25.4808      3.467      3.476    1472.19    1472.18     6.5594     6.6530    93.6890    95.0180  0.000e+00
      27410      4.000     6.1664     6.1651    3.22037    3.22019          1     3.5619     3.3155      97.83      0.263     0.7768     0.2551  6.557e-01  0.2535000    32.4042    32.4034    -0.0008    -0.0012    25.4815    25.4810      3.963      3.973    1472.19    1472.19     6.5597     6.6505    93.6900    94.9830  0.000e+00
      27435      4.500     6.1731     6.1744    3.22102    3.22102          1     3.5620     3.3151      97.83      0.374     0.7533     0.3244  5.572e-01  0.2424000    32.4048    32.4036    -0.0013     0.0013    25.4812    25.4800      4.458      4.470    1472.23    1472.23     6.5571     6.6521    93.6680    95.0280  0.000e+00
      27453      5.000     6.1751     6.1754    3.22123    3.22119          1     3.5617     3.3156      97.83      0.555     0.7521     0.2890  5.682e-01  0.2485000    32.4050    32.4042    -0.0008     0.0002    25.4810    25.4804      4.954      4.966    1472.25    1472.25     6.5565     6.6576    93.6640    95.1080  0.000e+00
      27472      5.500     6.1847     6.1844    3.22209    3.22196          1     3.5617     3.3162      97.83      0.642     0.7627     0.2862  5.029e-01  0.2554000    32.4052    32.4041    -0.0011    -0.0003    25.4800    25.4792      5.449      5.463    1472.29    1472.29     6.5575     6.6558    93.6990    95.1020  0.000e+00
      27508      6.000     6.1810     6.1821    3.22181    3.22179          1     3.5620     3.3163      97.83      0.414     0.7629     0.2984  4.232e-01  0.2406000    32.4054    32.4041    -0.0012     0.0010    25.4806    25.4795      5.944      5.959    1472.29    1472.29     6.5582     6.6532    93.7020    95.0600  0.000e+00
      27549      6.500     6.1836     6.1829    3.22204    3.22190          1     3.5618     3.3161      97.83      0.239     0.7432     0.3092  2.574e-01  0.2255000    32.4052    32.4042    -0.0010    -0.0007    25.4801    25.4795      6.440      6.456    1472.31    1472.30     6.5560     6.6466    93.6750    94.9680  0.000e+00
      27568      7.000     6.1849     6.1847    3.22220    3.22209          1     3.5612     3.3151      97.84      0.432     0.7356     0.2649  2.840e-01  0.2312000    32.4054    32.4044    -0.0010    -0.0001    25.4801    25.4793      6.935      6.953    1472.32    1472.32     6.5509     6.6429    93.6060    94.9190  0.000e+00
      27585      7.500     6.1851     6.1851    3.22223    3.22214          1     3.5604     3.3147      97.83      0.616     0.7471     0.3033  2.139e-01  0.2424000    32.4054    32.4044    -0.0010     0.0000    25.4801    25.4793      7.430      7.449    1472.33    1472.33     6.5530     6.6484    93.6360    94.9980  0.000e+00
      27605      8.000     6.1856     6.1854    3.22229    3.22218          1     3.5607     3.3150      97.83      0.675     0.7616     0.3015  1.875e-01  0.2511000    32.4054    32.4043    -0.0011    -0.0002    25.4800    25.4792      7.925      7.946    1472.34    1472.34     6.5586     6.6490    93.7180    95.0080  0.000e+00
      27638      8.500     6.1848     6.1843    3.22224    3.22209          1     3.5613     3.3141      97.83      0.432     0.7535     0.2765  1.409e-01  0.2411000    32.4053    32.4041    -0.0013    -0.0004    25.4801    25.4791      8.421      8.442    1472.34    1472.34     6.5584     6.6457    93.7130    94.9580  0.000e+00
      27673      9.000     6.1818     6.1813    3.22200    3.22184          1     3.5610     3.3144      97.82      0.307     0.7431     0.3227  1.062e-01  0.2328000    32.4052    32.4039    -0.0012    -0.0005    25.4803    25.4794      8.916      8.939    1472.34    1472.34     6.5566     6.6613    93.6810    95.1740  0.000e+00
      27696      9.500     6.1830     6.1818    3.22212    3.22191          1     3.5606     3.3159      97.82      0.452     0.7346     0.2363  8.772e-02  0.2381000    32.4051    32.4039    -0.0012    -0.0012    25.4801    25.4793      9.412      9.436    1472.35    1472.35     6.5541     6.6642    93.6480    95.2170  0.000e+00
      27719     10.000     6.1846     6.1841    3.22229    3.22213          1     3.5598     3.3163      97.82      0.527     0.7366     0.3124  6.254e-02  0.2443000    32.4053    32.4040    -0.0013    -0.0005    25.4801    25.4791      9.907      9.932    1472.37    1472.36     6.5531     6.6571    93.6360    95.1200  0.000e+00
      27748     10.500     6.1844     6.1838    3.22229    3.22213          1     3.5595     3.3160      97.84      0.447     0.7477     0.3081  3.969e-02  0.2497000    32.4053    32.4040    -0.0013    -0.0005    25.4801    25.4791     10.402     10.429    1472.37    1472.37     6.5559     6.6508    93.6750    95.0300  0.000e+00
      27779     11.000     6.1839     6.1838    3.22227    3.22215          1     3.5598     3.3150      97.83      0.372     0.7534     0.2771  2.493e-02  0.2424000    32.4053    32.4040    -0.0013    -0.0001    25.4801    25.4792     10.898     10.926    1472.38    1472.38     6.5580     6.6504    93.7050    95.0240  0.000e+00
      27801     11.500     6.1837     6.1836    3.22226    3.22215          1     3.5600     3.3150      97.83      0.461     0.7575     0.2580  4.418e-03  0.2402000    32.4051    32.4040    -0.0011    -0.0001    25.4800    25.4792     11.393     11.422    1472.39    1472.39     6.5585     6.6521    93.7110    95.0470  0.000e+00
      27820     12.000     6.1828     6.1827    3.22221    3.22209          1     3.5601     3.3145      97.83      0.578     0.7572     0.2902  7.564e-04  0.2436000    32.4051    32.4040    -0.0011    -0.0001    25.4802    25.4793     11.888     11.919    1472.39    1472.39     6.5605     6.6499    93.7380    95.0150  0.000e+00
      27841     12.500     6.1844     6.1840    3.22238    3.22224          1     3.5604     3.3145      97.84      0.605     0.7512     0.3135  1.831e-05  0.2438000    32.4053    32.4041    -0.0012    -0.0004    25.4801    25.4792     12.383     12.415    1472.41    1472.40     6.5589     6.6520    93.7180    95.0470  0.000e+00
      27873     13.000     6.1835     6.1838    3.22232    3.22223          1     3.5596     3.3140      97.84      0.428     0.7606     0.2959  1.008e-12  0.2459000    32.4052    32.4040    -0.0013     0.0003    25.4802    25.4791     12.879     12.912    1472.41    1472.41     6.5555     6.6507    93.6690    95.0280  0.000e+00
      27907     13.500     6.1833     6.1830    3.22233    3.22219          1     3.5593     3.3139      97.84      0.328     0.7471     0.2692  1.000e-12  0.2406000    32.4054    32.4040    -0.0013    -0.0003    25.4803    25.4793     13.374     13.409    1472.42    1472.42     6.5571     6.6531    93.6910    95.0600  0.000e+00
      27931     14.000     6.1820     6.1814    3.22223    3.22208          1     3.5591     3.3138      97.84      0.441     0.7385     0.3266  1.000e-12  0.2465000    32.4052    32.4041    -0.0011    -0.0005    25.4803    25.4795     13.869     13.905    1472.42    1472.42     6.5562     6.6516    93.6750    95.0360  0.000e+00
      27952     14.500     6.1821     6.1823    3.22226    3.22219          1     3.5587     3.3135      97.84      0.549     0.7480     0.3256  1.000e-12  0.2495000    32.4051    32.4042    -0.0010     0.0002    25.4803    25.4795     14.365     14.402    1472.43    1472.43     6.5553     6.6487    93.6620    94.9970  0.000e+00
      27984     15.000     6.1828     6.1827    3.22235    3.22223          1     3.5585     3.3128      97.84      0.439     0.7562     0.3192  1.000e-12  0.2466000    32.4052    32.4040    -0.0012    -0.0001    25.4802    25.4793     14.860     14.898    1472.44    1472.44     6.5564     6.6469    93.6800    94.9710  0.000e+00
      28027     15.500     6.1822     6.1829    3.22232    3.22228          1     3.5577     3.3114      97.83      0.234     0.7467     0.2946  1.000e-12  0.2332000    32.4053    32.4041    -0.0012     0.0007    25.4804    25.4793     15.355     15.395    1472.45    1472.45     6.5534     6.6429    93.6350    94.9150  0.000e+00
      28047     16.000     6.1808     6.1805    3.22222    3.22208          1     3.5573     3.3113      97.83      0.406     0.7464     0.2795  1.000e-12  0.2426000    32.4053    32.4040    -0.0012    -0.0004    25.4805    25.4796     15.851     15.892    1472.45    1472.45     6.5528     6.6449    93.6240    94.9370  0.000e+00
      28062     16.500     6.1814     6.1821    3.22230    3.22227          1     3.5570     3.3104      97.83      0.603     0.7487     0.3111  1.000e-12  0.2559000    32.4053    32.4043    -0.0010     0.0007    25.4805    25.4796     16.346     16.388    1472.46    1472.46     6.5533     6.6444    93.6330    94.9350  0.000e+00
      28076     17.000     6.1816     6.1815    3.22234    3.22223          1     3.5568     3.3111      97.83      0.757     0.7464     0.3034  1.000e-12  0.2560000    32.4053    32.4042    -0.0011    -0.0001    25.4804    25.4796     16.841     16.885    1472.47    1472.47     6.5540     6.6501    93.6420    95.0150  0.000e+00
      28094     17.500     6.1829     6.1843    3.22252    3.22258          1     3.5565     3.3109      97.83      0.781     0.7465     0.3030  1.000e-12  0.2522000    32.4058    32.4052    -0.0005     0.0013    25.4807    25.4801     17.337     17.382    1472.48    1472.49     6.5516     6.6492    93.6110    95.0090  0.000e+00
      28145     18.000     6.1852     6.1859    3.22279    3.22275          1     3.5555     3.3105      97.83      0.298     0.7638     0.3256  1.000e-12  0.2244000    32.4063    32.4053    -0.0011     0.0007    25.4808    25.4799     17.832     17.878    1472.50    1472.51     6.5519     6.6477    93.6210    94.9920  0.000e+00
      28185     18.500     6.1898     6.1897    3.22332    3.22324          1     3.5559     3.3109      97.82      0.266     0.7721     0.3060  1.000e-12  0.2190000    32.4077    32.4069    -0.0008    -0.0001    25.4813    25.4807     18.327     18.375    1472.53    1472.53     6.5539     6.6491    93.6610    95.0210  0.000e+00
      28205     19.000     6.1930     6.1936    3.22375    3.22374          1     3.5555     3.3101      97.83      0.495     0.7410     0.2698  1.000e-12  0.2492000    32.4091    32.4085    -0.0007     0.0005    25.4821    25.4815     18.823     18.871    1472.55    1472.55     6.5462     6.6321    93.5590    94.7870  0.000e+00
      28224     19.500     6.2032     6.2024    3.22498    3.22482          1     3.5540     3.3084      97.83      0.611     0.7468     0.2379  1.000e-12  0.2559000    32.4129    32.4119    -0.0010    -0.0009    25.4838    25.4831     19.318     19.368    1472.61    1472.60     6.5363     6.6213    93.4420    94.6550  0.000e+00
      28246     20.000     6.2231     6.2251    3.22768    3.22785          1     3.5518     3.3061      97.83      0.585     0.7574     0.2838  1.000e-12  0.2589000    32.4237    32.4237     0.0000     0.0020    25.4899    25.4896     19.813     19.865    1472.71    1472.72     6.5230     6.6074    93.3020    94.5130  0.000e+00
      28269     20.500     6.2423     6.2418    3.23073    3.23058          1     3.5485     3.3035      97.83      0.524     0.7527     0.3128  1.000e-12  0.2585000    32.4392    32.4380    -0.0012    -0.0005    25.4997    25.4988     20.309     20.361    1472.81    1472.81     6.5111     6.6004    93.1830    94.4600  0.000e+00
      28287     21.000     6.2476     6.2477    3.23183    3.23179          1     3.5463     3.3019      97.82      0.565     0.7357     0.3016  1.000e-12  0.2498000    32.4460    32.4454    -0.0006     0.0001    25.5044    25.5039     20.804     20.858    1472.85    1472.85     6.5119     6.6058    93.2090    94.5530  0.000e+00
      28305     21.500     6.2617     6.2625    3.23430    3.23441          1     3.5455     3.3017      97.83      0.650     0.7249     0.2937  1.000e-12  0.2493000    32.4598    32.4602     0.0004     0.0008    25.5135    25.5137     21.299     21.354    1472.93    1472.93     6.5125     6.6117    93.2580    94.6800  0.000e+00
      28358     22.000     6.2651     6.2696    3.23492    3.23539          1     3.5451     3.3004      97.82      0.319     0.7236     0.2818  1.000e-12  0.2338000    32.4632    32.4642     0.0010     0.0044    25.5157    25.5160     21.794     21.851    1472.96    1472.97     6.5100     6.5979    93.2320    94.5010  0.000e+00
      28411     22.500     6.2698     6.2799    3.23580    3.23747          1     3.5422     3.2972      97.83      0.220     0.7078     0.3245  1.000e-12  0.2318000    32.4683    32.4772     0.0089     0.0100    25.5192    25.5250     22.290     22.348    1472.99    1473.04     6.4810     6.5731    92.8290    94.1770  0.000e+00
      28423     23.000     6.2989     6.2994    3.24085    3.24086          1     3.5383     3.2950      97.82      0.518     0.6893     0.2668  1.000e-12  0.2421000    32.4963    32.4961    -0.0003     0.0004    25.5377    25.5374     22.785     22.844    1473.15    1473.15     6.4677     6.5684    92.7190    94.1630  0.000e+00
      28435     23.500     6.3087     6.3100    3.24263    3.24278          1     3.5361     3.2942      97.83      0.755     0.6743     0.2687  1.000e-12  0.2495000    32.5065    32.5070     0.0005     0.0013    25.5445    25.5447     23.280     23.341    1473.21    1473.21     6.4701     6.5756    92.7810    94.2970  0.000e+00
      28447     24.000     6.3324     6.3342    3.24692    3.24714          1     3.5350     3.2942      97.82      0.928     0.6724     0.2604  1.000e-12  0.2552000    32.5313    32.5320     0.0007     0.0018    25.5610    25.5614     23.776     23.837    1473.34    1473.35     6.4740     6.5830    92.9030    94.4720  0.000e+00
