ctdpy/tests/etc/exprapp_feb_2020/SBE09_1387_20200208_1351_77_10_0127.cnv
* Sea-Bird SBE 9 Data File:
* FileName = L:\2020\sv20d0127.hex
* Software Version Seasave V 7.26.7.121
* Temperature SN = 6378
* Conductivity SN = 4824
* Number of Bytes Per Scan = 41
* Number of Voltage Words = 4
* Number of Scans Averaged by the Deck Unit = 1
* NMEA Latitude = 55 18.77 N
* NMEA Longitude = 014 29.85 E
* NMEA UTC (Time) = Feb 08 2020  13:51:34
* NMEA baud rate = 4800
** Station:  BY3
** Operator:  SSip
** Ship: SVEA
** Average sound velocity: 1448.36 m/s
** True-depth calculation Sat, 08 Feb 2020 15:23:41 +0000
** CTD Python Module SMHI /ver 3-12/ feb 2012 
** LIMS Job: 20207710-0127
** Cruise: SMHI-03-2020
** Latitude [GG MM.mm N] :
** Longitude [GGG MM.mm E]:
# nquan = 30
# nvalues = 87                          
# units = specified
# name 0 = scan: Scan Count
# name 1 = prDM: Pressure, Digiquartz [db]
# name 2 = t090C: Temperature [ITS-90, deg C]
# name 3 = t190C: Temperature, 2 [ITS-90, deg C]
# name 4 = c0S/m: Conductivity [S/m]
# name 5 = c1S/m: Conductivity, 2 [S/m]
# name 6 = pumps: Pump Status
# name 7 = sbeox0V: Oxygen raw, SBE 43 [V]
# name 8 = sbeox1V: Oxygen raw, SBE 43, 2 [V]
# name 9 = altM: Altimeter [m]
# name 10 = dz/dtM: Descent Rate [m/s]
# name 11 = flECO-AFL: Chl-a Fluorescence, WET Labs ECO-AFL/FL [mg/m^3]
# name 12 = flECO-AFL1: Phycocyanin Fluorescence, WET Labs ECO-AFL/FL, 2 [mg/m^3]
# name 13 = par: PAR/Irradiance, Biospherical/Lico [µE/(cm^2*s)]
# name 14 = turbWETntu0: Turbidity, WET Labs ECO [NTU]
# name 15 = sal00: Salinity, Practical [PSU]
# name 16 = sal11: Salinity, Practical, 2 [PSU]
# name 17 = secS-priS: Salinity, Practical, Difference, 2 - 1 [PSU]
# name 18 = T2-T190C: Temperature Difference, 2 - 1 [ITS-90, deg C]
# name 19 = sigma-t00: Density [sigma-t, kg/m^3 ]
# name 20 = sigma-t11: Density, 2 [sigma-t, kg/m^3 ]
# name 21 = depSM: Depth [salt water, m], lat = 55.3128
# name 22 = depFM: Depth [true depth, m], lat = 55.3128
# name 23 = svCM: Sound Velocity [Chen-Millero, m/s]
# name 24 = svCM1: Sound Velocity, 2 [Chen-Millero, m/s]
# name 25 = sbeox0ML/L: Oxygen, SBE 43 [ml/l], WS = 2
# name 26 = sbeox1ML/L: Oxygen, SBE 43, 2 [ml/l], WS = 2
# name 27 = sbeox0PS: Oxygen, SBE 43 [% saturation], WS = 2
# name 28 = sbeox1PS: Oxygen, SBE 43, 2 [% saturation], WS = 2
# name 29 = flag: flag
# span 0 =      49697,      52423       
# span 1 =      2.000,     45.000       
# span 2 =     5.7228,     9.3289       
# span 3 =     5.7228,     9.3222       
# span 4 =   0.887904,   1.625968       
# span 5 =   0.887964,   1.631133       
# span 6 =          1,          1       
# span 7 =     2.3240,     3.5671       
# span 8 =     2.2003,     3.3259       
# span 9 =       1.20,       2.94       
# span 10 =     -0.074,      0.626      
# span 11 =     0.2973,     0.7484      
# span 12 =    -0.3243,    62.1897      
# span 13 = 1.0000e-12, 1.8703e+02      
# span 14 =     0.1449,    23.4675      
# span 15 =     8.0748,    14.9394      
# span 16 =     8.0754,    14.9725      
# span 17 =    -0.0249,     0.1194      
# span 18 =    -0.0493,     0.0832      
# span 19 =     6.3510,    11.6448      
# span 20 =     6.3515,    11.6662      
# span 21 =      1.982,     44.588      
# span 22 =      2.024,     45.471      
# span 23 =    1439.73,    1460.94      
# span 24 =    1439.74,    1460.91      
# span 25 =     3.7111,     7.8085      
# span 26 =     3.5790,     7.9447      
# span 27 =     49.959,     93.909      
# span 28 =     47.548,     95.548      
# span 29 = 0.0000e+00, 0.0000e+00      
# interval = decibars: 0.5              
# start_time = Feb 08 2020 13:51:34 [NMEA time, first data scan]
# bad_flag = -9.990e-29
*END*
[from data line 49]
      51107     26.500     7.4804     7.4764    1.24873    1.24844          1     2.8496     2.6740       1.32      0.362     0.3593    10.8709  5.998e-01  0.1905000    11.0774    11.0759    -0.0015    -0.0041     8.5914     8.5905     26.259     26.806    1451.27    1451.25     5.3633     5.4285    68.6850    69.5130  0.000e+00
      51132     27.000     7.5679     7.5366    1.25934    1.25568          1     2.8277     2.6530       1.38      0.424     0.3398    10.5851  5.585e-01  0.1940000    11.1510    11.1261    -0.0249    -0.0314     8.6416     8.6247     26.754     27.311    1451.73    1451.57     5.3105     5.3649    68.1850    68.8210  0.000e+00
      51154     27.500     7.6050     7.6061    1.26416    1.26462          1     2.8142     2.6388       1.44      0.517     0.3284    10.2755  5.064e-01  0.2046000    11.1851    11.1892     0.0041     0.0010     8.6651     8.6682     27.250     27.816    1451.93    1451.94     5.2936     5.3519    68.0440    68.7960  0.000e+00
      51180     28.000     7.6387     7.6482    1.26847    1.26964          1     2.8018     2.6262       1.36      0.510     0.3452     9.9365  4.652e-01  0.1973000    11.2155    11.2237     0.0082     0.0095     8.6860     8.6916     27.745     28.321    1452.11    1452.16     5.2715     5.3382    67.8270    68.7050  0.000e+00
      51214     28.500     7.6571     7.6635    1.27127    1.27179          1     2.7878     2.6129       1.39      0.368     0.3325     9.6192  4.276e-01  0.1900000    11.2363    11.2392     0.0029     0.0065     8.7007     8.7024     28.240     28.826    1452.22    1452.25     5.2489     5.3291    67.5750    68.6210  0.000e+00
      51243     29.000     7.6742     7.6715    1.27630    1.27620          1     2.7833     2.6078       1.36      0.367     0.3273     9.3159  3.921e-01  0.2011000    11.2788    11.2787    -0.0001    -0.0026     8.7324     8.7326     28.736     29.331    1452.35    1452.34     5.2819     5.3795    68.0480    69.3000  0.000e+00
      51264     29.500     7.7013     7.6978    1.28256    1.28241          1     2.7873     2.6104       1.33      0.488     0.3488     9.0268  3.531e-01  0.2164000    11.3298    11.3295    -0.0003    -0.0035     8.7700     8.7700     29.231     29.836    1452.53    1452.52     5.3150     5.4290    68.5420    70.0050  0.000e+00
      51282     30.000     7.6461     7.6452    1.28885    1.28853          1     2.7938     2.6163       1.29      0.602     0.3406     8.7173  3.145e-01  0.2370000    11.4079    11.4051    -0.0028    -0.0009     8.8359     8.8339     29.727     30.341    1452.41    1452.40     5.3516     5.4792    68.9580    70.5980  0.000e+00
      51303     30.500     7.6098     7.6085    1.29047    1.29046          1     2.8028     2.6244       1.27      0.626     0.3392     8.3926  2.874e-01  0.2230000    11.4352    11.4355     0.0003    -0.0013     8.8605     8.8608     30.222     30.845    1452.30    1452.30     5.3754     5.5048    69.2160    70.8810  0.000e+00
      51331     31.000     7.5626     7.5552    1.29199    1.29252          1     2.8122     2.6336       1.32      0.485     0.3424     8.0553  2.602e-01  0.2134000    11.4652    11.4727     0.0075    -0.0075     8.8881     8.8946     30.717     31.350    1452.16    1452.14     5.4196     5.5543    69.7200    71.4440  0.000e+00
      51363     31.500     7.5258     7.5263    1.30299    1.30368          1     2.8336     2.6519       1.36      0.372     0.3525     7.7378  2.384e-01  0.2069000    11.5830    11.5895     0.0065     0.0005     8.9835     8.9886     31.213     31.855    1452.16    1452.17     5.5382     5.6839    71.2370    73.1160  0.000e+00
      51386     32.000     7.4763     7.4737    1.31685    1.31689          1     2.8592     2.6724       1.37      0.446     0.3510     7.4675  2.165e-01  0.2082000    11.7331    11.7343     0.0012    -0.0026     9.1053     9.1065     31.708     32.360    1452.15    1452.14     5.6032     5.7643    72.0580    74.1260  0.000e+00
      51406     32.500     7.3819     7.3838    1.33037    1.33014          1     2.8746     2.6900       1.36      0.549     0.3301     7.1699  1.877e-01  0.2245000    11.8958    11.8929    -0.0029     0.0019     9.2409     9.2384     32.204     32.864    1451.98    1451.98     5.6545     5.8519    72.6300    75.1680  0.000e+00
      51431     33.000     7.2864     7.2868    1.33762    1.33768          1     2.9080     2.7204       1.37      0.539     0.3407     6.8231  1.657e-01  0.2198000    11.9988    11.9993     0.0005     0.0004     9.3297     9.3300     32.699     33.369    1451.72    1451.72     5.8500     6.0455    75.0190    77.5270  0.000e+00
      51470     33.500     7.2020     7.1527    1.33792    1.34248          1     2.9464     2.7573       1.31      0.324     0.3460     6.4689  1.455e-01  0.2101000    12.0312    12.0926     0.0614    -0.0493     9.3621     9.4143     33.194     33.873    1451.42    1451.30     5.4454     5.5467    69.7120    70.9530  0.000e+00
      51500     34.000     7.1313     7.1308    1.35110    1.35098          1     2.7730     2.6322       1.33      0.343     0.3281     6.1868  1.293e-01  0.2004000    12.1840    12.1830    -0.0010    -0.0005     9.4878     9.4871     33.690     34.378    1451.33    1451.33     4.2874     4.1100    54.8390    52.5690  0.000e+00
      51521     34.500     7.7621     7.7270    1.38770    1.38667          1     2.6074     2.4877       1.26      0.486     0.3268     5.9156  1.127e-01  0.2236000    12.3151    12.3176     0.0024    -0.0350     9.5344     9.5396     34.185     34.882    1454.07    1453.93     3.9156     3.6618    50.8850    47.5480  0.000e+00
      51542     35.000     8.8109     8.7812    1.45030    1.44949          1     2.4842     2.3701       1.20      0.571     0.3271     5.5904  9.946e-02  0.2477000    12.5403    12.5432     0.0029    -0.0297     9.6078     9.6132     34.681     35.387    1458.56    1458.44     3.7633     3.5790    50.2120    47.7230  0.000e+00
      51570     35.500     9.1685     9.1580    1.47262    1.47304          1     2.3796     2.2649       1.29      0.500     0.3198     5.2445  8.496e-02  0.2516000    12.6229    12.6305     0.0077    -0.0105     9.6341     9.6413     35.176     35.891    1460.08    1460.05     3.7111     3.6174    49.9590    48.6890  0.000e+00
      51602     36.000     9.2591     9.2502    1.48318    1.48295          1     2.3240     2.2003       1.29      0.366     0.3177     4.9203  7.358e-02  0.2527000    12.6889    12.6900     0.0010    -0.0089     9.6756     9.6774     35.671     36.396    1460.52    1460.49     3.8619     3.8810    52.1200    52.3680  0.000e+00
      51626     36.500     9.3289     9.3222    1.49811    1.49786          1     2.3356     2.2010       1.35      0.431     0.2973     4.6681  6.452e-02  0.2509000    12.8025    12.8026     0.0001    -0.0066     9.7562     9.7570     36.167     36.900    1460.94    1460.91     4.0182     4.1154    54.3570    55.6630  0.000e+00
      51647     37.000     9.1233     9.1162    1.49645    1.49620          1     2.3586     2.2178       1.30      0.532     0.3044     4.3623  4.946e-02  0.2620000    12.8606    12.8608     0.0002    -0.0071     9.8242     9.8252     36.662     37.404    1460.21    1460.19     4.1312     4.2649    55.6400    57.4310  0.000e+00
      51668     37.500     8.8875     8.8932    1.49165    1.49175          1     2.3848     2.2393       1.27      0.578     0.3160     4.0344  3.839e-02  0.2839000    12.9007    12.8996    -0.0011     0.0056     9.8811     9.8796     37.158     37.909    1459.34    1459.37     4.2257     4.3621    56.6170    58.4510  0.000e+00
      51692     38.000     8.7457     8.7447    1.48929    1.48935          1     2.4127     2.2624       1.30      0.539     0.3221     3.7136  2.541e-02  0.3101000    12.9300    12.9309     0.0010    -0.0010     9.9190     9.9199     37.653     38.413    1458.83    1458.83     4.2857     4.4184    57.2420    59.0130  0.000e+00
      51721     38.500     8.6105     8.6050    1.48861    1.48861          1     2.4360     2.2838       1.37      0.446     0.3144     3.3933  1.475e-02  0.3417000    12.9728    12.9748     0.0020    -0.0055     9.9666     9.9687     38.148     38.917    1458.35    1458.34     4.3160     4.4400    57.4800    59.1240  0.000e+00
      51748     39.000     8.5247     8.5239    1.48776    1.48772          1     2.4506     2.2975       1.35      0.416     0.3184     3.0908  1.124e-02  0.3670000    12.9960    12.9960    -0.0001    -0.0007     9.9936     9.9936     38.644     39.421    1458.05    1458.05     4.3331     4.4402    57.6000    59.0230  0.000e+00
      51772     39.500     8.5027     8.4980    1.48757    1.48743          1     2.4590     2.3050       1.33      0.470     0.3219     2.7888  1.716e-03  0.3895000    13.0023    13.0026     0.0003    -0.0046    10.0007    10.0015     39.139     39.926    1457.98    1457.96     4.3395     4.4392    57.6580    58.9750  0.000e+00
      51796     40.000     8.4829     8.4832    1.48694    1.48700          1     2.4637     2.3102       1.34      0.515     0.3212     2.4776  2.830e-05  0.4089000    13.0034    13.0039     0.0005     0.0002    10.0036    10.0040     39.635     40.430    1457.91    1457.91     4.3471     4.4524    57.7320    59.1310  0.000e+00
      51824     40.500     8.4628     8.4660    1.48628    1.48642          1     2.4713     2.3187       1.35      0.461     0.3210     2.1266  1.000e-12  0.4099000    13.0045    13.0046     0.0001     0.0033    10.0065    10.0063     40.130     40.934    1457.84    1457.85     4.3787     4.4900    58.1250    59.6070  0.000e+00
      51856     41.000     8.4307     8.4244    1.48662    1.48719          1     2.4836     2.3293       1.35      0.370     0.3118     1.7881  1.000e-12  0.4038000    13.0194    13.0272     0.0078    -0.0063    10.0214    10.0282     40.625     41.438    1457.74    1457.72     4.4375     4.5432    58.8660    60.2630  0.000e+00
      51883     41.500     8.3740     8.3731    1.48992    1.49012          1     2.4998     2.3423       1.33      0.407     0.3203     1.5154  1.000e-12  0.4394000    13.0716    13.0738     0.0023    -0.0009    10.0679    10.0698     41.121     41.943    1457.58    1457.58     4.4907     4.6002    59.5130    60.9640  0.000e+00
      51906     42.000     8.3323     8.3377    1.49432    1.49409          1     2.5112     2.3524       1.30      0.496     0.3215     1.2251  1.000e-12  0.4412000    13.1290    13.1247    -0.0043     0.0054    10.1170    10.1131     41.616     42.447    1457.50    1457.51     4.5036     4.6104    59.6480    61.0680  0.000e+00
      51930     42.500     8.2654     8.2701    1.50026    1.49991          1     2.5188     2.3599       1.34      0.525     0.3324     0.8996  1.000e-12  0.4877000    13.2105    13.2054    -0.0051     0.0047    10.1873    10.1829     42.111     42.951    1457.34    1457.35     4.4921     4.5957    59.4330    60.8090  0.000e+00
      51957     43.000     8.2501     8.2486    1.50168    1.50189          1     2.5132     2.3599       1.37      0.454     0.3283     0.5785  1.000e-12  0.5253000    13.2296    13.2323     0.0026    -0.0015    10.2038    10.2060     42.607     43.455    1457.31    1457.31     4.5411     4.6947    60.0680    62.0980  0.000e+00
      51982     43.500     8.2482     8.2497    1.50230    1.50206          1     2.5698     2.4064       1.32      0.439     0.3112     0.2857  1.000e-12  0.5168000    13.2362    13.2334    -0.0028     0.0014    10.2091    10.2068     43.102     43.959    1457.32    1457.32     5.1788     5.3790    68.5020    71.1520  0.000e+00
      52003     44.000     8.2210     8.2101    1.50536    1.50654          1     2.6936     2.4891       1.28      0.531     0.3335     0.0096  1.000e-12  0.5335000    13.2756    13.2910     0.0154    -0.0110    10.2426    10.2558     43.598     44.463    1457.26    1457.24     5.5210     5.4831    73.0000    72.4880  0.000e+00
      52025     44.500     7.7990     7.8229    1.55817    1.55911          1     2.7703     2.5129       1.51      0.575     0.3330    -0.3243  1.000e-12  0.5276000    13.9654    13.9630    -0.0024     0.0239    10.8224    10.8183     44.093     44.967    1456.42    1456.51     5.4201     5.0194    71.2730    66.0460  0.000e+00
      52423     45.000     7.1389     7.1911    1.62597    1.63113          1     2.5656     2.3547       2.94      0.025     0.3788    62.1897  1.000e-12 23.4675000    14.9394    14.9725     0.0331     0.0523    11.6448    11.6662     44.588     45.471    1454.93    1455.18     4.5376     4.5954    58.9200    59.8750  0.000e+00
