ctdpy/tests/etc/exprapp_feb_2020/SBE09_1387_20200211_1836_77_10_0142.cnv
* Sea-Bird SBE 9 Data File:
* FileName = L:\2020\sv20d0142.hex
* Software Version Seasave V 7.26.7.121
* Temperature SN = 6378
* Conductivity SN = 4824
* Number of Bytes Per Scan = 41
* Number of Voltage Words = 4
* Number of Scans Averaged by the Deck Unit = 1
* NMEA Latitude = 58 52.95 N
* NMEA Longitude = 020 19.74 E
* NMEA UTC (Time) = Feb 11 2020  18:36:45
* NMEA baud rate = 4800
** Station:  BY29
** Operator:  SSip
** Ship: SVEA
** Average sound velocity: 1442.75 m/s
** True-depth calculation Tue, 11 Feb 2020 19:49:48 +0000
** CTD Python Module SMHI /ver 3-12/ feb 2012 
** LIMS Job: 20207710-0142
** Cruise: SMHI-02-2020
** Latitude [GG MM.mm N] :
** Longitude [GGG MM.mm E]:
# nquan = 30
# nvalues = 328                         
# units = specified
# name 0 = scan: Scan Count
# name 1 = prDM: Pressure, Digiquartz [db]
# name 2 = t090C: Temperature [ITS-90, deg C]
# name 3 = t190C: Temperature, 2 [ITS-90, deg C]
# name 4 = c0S/m: Conductivity [S/m]
# name 5 = c1S/m: Conductivity, 2 [S/m]
# name 6 = pumps: Pump Status
# name 7 = sbeox0V: Oxygen raw, SBE 43 [V]
# name 8 = sbeox1V: Oxygen raw, SBE 43, 2 [V]
# name 9 = altM: Altimeter [m]
# name 10 = dz/dtM: Descent Rate [m/s]
# name 11 = flECO-AFL: Chl-a Fluorescence, WET Labs ECO-AFL/FL [mg/m^3]
# name 12 = flECO-AFL1: Phycocyanin Fluorescence, WET Labs ECO-AFL/FL, 2 [mg/m^3]
# name 13 = par: PAR/Irradiance, Biospherical/Lico [µE/(cm^2*s)]
# name 14 = turbWETntu0: Turbidity, WET Labs ECO [NTU]
# name 15 = sal00: Salinity, Practical [PSU]
# name 16 = sal11: Salinity, Practical, 2 [PSU]
# name 17 = secS-priS: Salinity, Practical, Difference, 2 - 1 [PSU]
# name 18 = T2-T190C: Temperature Difference, 2 - 1 [ITS-90, deg C]
# name 19 = sigma-t00: Density [sigma-t, kg/m^3 ]
# name 20 = sigma-t11: Density, 2 [sigma-t, kg/m^3 ]
# name 21 = depSM: Depth [salt water, m], lat = 58.8825
# name 22 = depFM: Depth [true depth, m], lat = 58.8825
# name 23 = svCM: Sound Velocity [Chen-Millero, m/s]
# name 24 = svCM1: Sound Velocity, 2 [Chen-Millero, m/s]
# name 25 = sbeox0ML/L: Oxygen, SBE 43 [ml/l], WS = 2
# name 26 = sbeox1ML/L: Oxygen, SBE 43, 2 [ml/l], WS = 2
# name 27 = sbeox0PS: Oxygen, SBE 43 [% saturation], WS = 2
# name 28 = sbeox1PS: Oxygen, SBE 43, 2 [% saturation], WS = 2
# name 29 = flag: flag
# span 0 =      21059,      31482       
# span 1 =      1.500,    165.000       
# span 2 =     5.0887,     6.6467       
# span 3 =     5.0886,     6.6463       
# span 4 =   0.785098,   1.268044       
# span 5 =   0.785150,   1.268095       
# span 6 =          1,          1       
# span 7 =     0.7425,     3.5311       
# span 8 =     0.7276,     3.2956       
# span 9 =       2.23,      98.56       
# span 10 =     -0.349,      1.009      
# span 11 =     0.3268,     0.4612      
# span 12 =     0.1385,     0.3006      
# span 13 = 1.0000e-12, 1.6983e+00      
# span 14 =     0.1507,     3.2702      
# span 15 =     7.2080,    11.5122      
# span 16 =     7.2087,    11.5129      
# span 17 =    -0.2568,     0.0153      
# span 18 =    -0.0891,     0.0051      
# span 19 =     5.6952,     8.9986      
# span 20 =     5.6958,     8.9993      
# span 21 =      1.486,    163.394      
# span 22 =      1.519,    166.861      
# span 23 =    1435.88,    1450.58      
# span 24 =    1435.88,    1450.58      
# span 25 =     0.0461,     7.8944      
# span 26 =     0.0082,     8.0396      
# span 27 =      0.581,     92.942      
# span 28 =      0.101,     94.628      
# span 29 = 0.0000e+00, 0.0000e+00      
# interval = decibars: 0.5              
# start_time = Feb 11 2020 18:36:45 [NMEA time, first data scan]
# bad_flag = -9.990e-29
*END*
[from data line 146]
      25092     74.500     5.2844     5.2886    0.79749    0.79786          1     3.4911     3.2607      96.20      0.386     0.3632     0.2094  1.000e-12  0.2251000     7.2800     7.2827     0.0027     0.0042     5.7440     5.7460     73.791     75.451    1437.97    1437.99     7.5894     7.6939    89.7970    91.0450  0.000e+00
      25114     75.000     5.3932     5.3927    0.80361    0.80392          1     3.4452     3.2282      97.17      0.463     0.3442     0.2060  1.000e-12  0.2250000     7.3162     7.3193     0.0030    -0.0005     5.7678     5.7703     74.286     75.957    1438.50    1438.50     7.2377     7.2795    85.8910    86.3890  0.000e+00
      25130     75.500     5.4616     5.4661    0.80855    0.80912          1     3.3954     3.1874      97.16      0.590     0.3556     0.1447  1.000e-12  0.2091000     7.3494     7.3541     0.0046     0.0045     5.7910     5.7945     74.781     76.464    1438.85    1438.87     7.0495     7.0565    83.8220    83.9170  0.000e+00
      25146     76.000     5.5904     5.5830    0.82066    0.82027          1     3.3516     3.1508      76.59      0.711     0.3507     0.1600  1.000e-12  0.2160000     7.4392     7.4370    -0.0022    -0.0074     5.8559     5.8545     75.276     76.970    1439.53    1439.49     6.9774     7.0401    83.2840    84.0160  0.000e+00
      25164     76.500     5.6692     5.6666    0.83252    0.83236          1     3.3184     3.1261      42.40      0.743     0.3334     0.1784  1.000e-12  0.2385000     7.5371     7.5362    -0.0009    -0.0026     5.9294     5.9287     75.772     77.476    1440.00    1439.99     7.0001     7.1985    83.7730    86.1420  0.000e+00
      25204     77.000     5.6690     5.6415    0.83451    0.83203          1     3.2582     3.0930      93.14      0.403     0.3322     0.1924  1.000e-12  0.1658000     7.5565     7.5384    -0.0181    -0.0276     5.9446     5.9317     76.267     77.983    1440.03    1439.89     6.7926     7.0292    81.3030    84.0710  0.000e+00
      25254     77.500     5.7127     5.6236    0.84270    0.83138          1     3.1491     2.9979      94.66      0.204     0.3268     0.2334  1.000e-12  0.1507000     7.6263     7.5360    -0.0903    -0.0891     5.9976     5.9306     76.762     78.489    1440.32    1439.82     6.4030     6.3810    76.7560    76.2750  0.000e+00
      25274     78.000     5.7460     5.7455    0.85072    0.85095          1     3.1093     2.9493      90.17      0.438     0.3274     0.2586  1.000e-12  0.1610000     7.6967     7.6991     0.0024    -0.0005     6.0515     6.0534     77.257     78.995    1440.56    1440.56     6.3666     6.3419    76.4200    76.1240  0.000e+00
      25292     78.500     5.7689     5.7677    0.85513    0.85519          1     3.0828     2.9164      51.88      0.598     0.3317     0.2166  1.000e-12  0.1702000     7.7343     7.7352     0.0008    -0.0012     6.0800     6.0807     77.752     79.501    1440.71    1440.71     6.3453     6.3491    76.2270    76.2710  0.000e+00
      25311     79.000     5.7784     5.7784    0.85655    0.85674          1     3.0603     2.8892      82.25      0.653     0.3391     0.2561  1.000e-12  0.1701000     7.7459     7.7478     0.0018     0.0000     6.0886     6.0901     78.247     80.007    1440.78    1440.78     6.3243     6.3573    75.9990    76.3960  0.000e+00
      25333     79.500     5.7849     5.7844    0.85755    0.85763          1     3.0399     2.8643      86.41      0.590     0.3483     0.2113  1.000e-12  0.1699000     7.7540     7.7549     0.0009    -0.0005     6.0947     6.0954     78.742     80.514    1440.82    1440.82     6.3053     6.3585    75.7870    76.4250  0.000e+00
      25359     80.000     5.7927     5.7925    0.85884    0.85892          1     3.0219     2.8430      89.50      0.491     0.3394     0.1785  1.000e-12  0.1755000     7.7647     7.7656     0.0008    -0.0002     6.1027     6.1034     79.238     81.020    1440.88    1440.88     6.2782     6.3529    75.4810    76.3800  0.000e+00
      25387     80.500     5.8003     5.8003    0.86025    0.86041          1     3.0037     2.8233      88.91      0.442     0.3397     0.2061  1.000e-12  0.1800000     7.7766     7.7781     0.0016     0.0000     6.1117     6.1129     79.733     81.526    1440.93    1440.94     6.1840     6.2565    74.3690    75.2410  0.000e+00
      25415     81.000     5.8068     5.8074    0.86166    0.86190          1     2.9676     2.7917      88.47      0.429     0.3377     0.2077  1.000e-12  0.2274000     7.7888     7.7910     0.0022     0.0006     6.1210     6.1227     80.228     82.032    1440.99    1440.99     5.9578     5.9972    71.6650    72.1420  0.000e+00
      25440     81.500     5.8212     5.8223    0.86450    0.86494          1     2.9160     2.7470      87.93      0.455     0.3330     0.2059  1.000e-12  0.1667000     7.8130     7.8170     0.0040     0.0011     6.1394     6.1424     80.723     82.538    1441.09    1441.10     5.7349     5.7433    69.0210    69.1250  0.000e+00
      25465     82.000     5.8541     5.8549    0.87445    0.87525          1     2.8525     2.6932      89.67      0.481     0.3281     0.2283  1.000e-12  0.1801000     7.9020     7.9096     0.0076     0.0008     6.2078     6.2137     81.218     83.044    1441.35    1441.36     5.3876     5.3815    64.9310    64.8620  0.000e+00
      25497     82.500     5.8763     5.8775    0.88413    0.88471          1     2.6992     2.5709      93.94      0.402     0.3308     0.2536  1.000e-12  0.1731000     7.9908     7.9963     0.0054     0.0012     6.2767     6.2809     81.713     83.551    1441.56    1441.58     4.4968     4.3479    54.2560    52.4640  0.000e+00
      25526     83.000     5.9057     5.9071    0.90059    0.90220          1     2.4986     2.3994      86.17      0.389     0.3313     0.2173  1.000e-12  0.1781000     8.1439     8.1592     0.0153     0.0014     6.3958     6.4078     82.208     84.057    1441.89    1441.92     3.9168     3.6845    47.3420    44.5390  0.000e+00
      25550     83.500     5.9831     5.9835    0.94494    0.94552          1     2.3579     2.2706      85.95      0.466     0.3467     0.1477  1.000e-12  0.1828000     8.5569     8.5624     0.0056     0.0005     6.7171     6.7214     82.703     84.563    1442.75    1442.76     3.7031     3.5083    44.9680    42.6050  0.000e+00
      25574     84.000     6.0005     6.0012    0.95393    0.95451          1     2.2473     2.1655      16.93      0.506     0.3424     0.2101  1.000e-12  0.1787000     8.6400     8.6455     0.0055     0.0007     6.7816     6.7859     83.199     85.068    1442.94    1442.95     3.5412     3.3968    43.0440    41.2920  0.000e+00
      25598     84.500     6.0118     6.0117    0.95951    0.95986          1     2.1494     2.0731      64.58      0.491     0.3544     0.2510  1.000e-12  0.1762000     8.6915     8.6950     0.0035    -0.0001     6.8215     6.8243     83.694     85.574    1443.06    1443.07     3.2532     3.1491    39.5680    38.3030  0.000e+00
      25621     85.000     6.0247     6.0243    0.96789    0.96826          1     2.0377     1.9769      84.32      0.500     0.3551     0.2390  1.000e-12  0.1791000     8.7699     8.7737     0.0037    -0.0004     6.8826     6.8855     84.189     86.080    1443.22    1443.23     2.8026     2.6850    34.1160    32.6850  0.000e+00
      25642     85.500     6.0309     6.0304    0.97187    0.97205          1     1.9230     1.8770      83.89      0.552     0.3488     0.2307  1.000e-12  0.1828000     8.8071     8.8090     0.0019    -0.0005     6.9115     6.9130     84.684     86.586    1443.31    1443.31     2.5181     2.4671    30.6650    30.0440  0.000e+00
      25666     86.000     6.0692     6.0688    1.00189    1.00279          1     1.8117     1.7895      83.32      0.540     0.3580     0.2059  1.000e-12  0.1968000     9.0903     9.0993     0.0089    -0.0004     7.1323     7.1394     85.179     87.092    1443.83    1443.84     2.3405     2.4145    28.5820    29.4870  0.000e+00
      25706     86.500     6.0869     6.0713    1.01873    1.00858          1     1.6322     1.6328      82.84      0.321     0.3795     0.1579  1.000e-12  0.2233000     9.2502     9.1551    -0.0952    -0.0156     7.2573     7.1832     85.674     87.597    1444.12    1443.93     1.6731     1.5503    20.4630    18.9430  0.000e+00
      25741     87.000     6.1122     6.1122    1.03320    1.03419          1     1.4289     1.4408      82.45      0.310     0.3688     0.2136  1.000e-12  0.2398000     9.3849     9.3947     0.0097    -0.0001     7.3618     7.3694     86.169     88.103    1444.41    1444.42     1.1042     0.8745    13.5250    10.7130  0.000e+00
      25762     87.500     6.1478     6.1480    1.06053    1.06128          1     1.3237     1.3359      82.00      0.459     0.3739     0.2373  1.000e-12  0.2367000     9.6428     9.6501     0.0073     0.0002     7.5627     7.5684     86.664     88.608    1444.89    1444.90     0.9889     0.8036    12.1440     9.8690  0.000e+00
      25778     88.000     6.1610     6.1613    1.07065    1.07143          1     1.2601     1.2703      81.58      0.598     0.3770     0.1829  1.000e-12  0.3303000     9.7383     9.7458     0.0076     0.0003     7.6370     7.6429     87.160     89.114    1445.07    1445.08     0.9963     0.8699    12.2470    10.6940  0.000e+00
      25793     88.500     6.1705     6.1702    1.08034    1.08055          1     1.2229     1.2281      81.35      0.711     0.3831     0.1789  1.000e-12  0.3667000     9.8305     9.8327     0.0022    -0.0002     7.7090     7.7108     87.655     89.619    1445.24    1445.24     1.0700     1.0007    13.1640    12.3120  0.000e+00
      25809     89.000     6.1699     6.1695    1.08176    1.08186          1     1.2032     1.2000      88.52      0.772     0.3947     0.2169  1.000e-12  0.4116000     9.8446     9.8457     0.0011    -0.0003     7.7201     7.7210     88.150     90.124    1445.26    1445.26     1.1578     1.2175    14.2450    14.9800  0.000e+00
      25854     89.500     6.1640     6.1426    1.07758    1.06386          1     1.1566     1.1804      82.60      0.417     0.3996     0.2188  1.000e-12  0.3011000     9.8051     9.6766    -0.1285    -0.0214     7.6894     7.5896     88.645     90.630    1445.19    1444.94     0.9222     1.1389    11.3450    14.0000  0.000e+00
      25911     90.000     6.1546     6.1443    1.07093    1.06307          1     1.0346     1.0940      79.10      0.186     0.4166     0.2201  1.000e-12  0.2920000     9.7425     9.6683    -0.0741    -0.0104     7.6407     7.5830     89.140     91.135    1445.08    1444.95     0.2529     0.1437     3.1080     1.7650  0.000e+00
      25924     90.500     6.1755     6.1657    1.09242    1.08424          1     0.9790     1.0330      78.85      0.500     0.3944     0.2127  1.000e-12  0.2974000     9.9474     9.8700    -0.0775    -0.0097     7.8007     7.7404     89.635     91.641    1445.44    1445.30     0.1680     0.0232     2.0680     0.2860  0.000e+00
      25937     91.000     6.1939     6.1945    1.11645    1.11746          1     0.9381     0.9866      78.42      0.738     0.3927     0.2070  1.000e-12  0.2995000    10.1782    10.1880     0.0098     0.0006     7.9812     7.9889     90.130     92.146    1445.82    1445.83     0.1366     0.0082     1.6860     0.1010  0.000e+00
      25950     91.500     6.2184     6.2192    1.13412    1.13467          1     0.9035     0.9466      78.00      0.893     0.4163     0.2055  1.000e-12  0.3743000    10.3448    10.3499     0.0051     0.0008     8.1107     8.1147     90.625     92.651    1446.14    1446.14     0.1265     0.0608     1.5640     0.7510  0.000e+00
      25965     92.000     6.2301     6.2301    1.14192    1.14242          1     0.8710     0.9121      89.03      0.905     0.4214     0.2306  1.000e-12  0.6243000    10.4180    10.4229     0.0049    -0.0000     8.1676     8.1714     91.121     93.156    1446.28    1446.29     0.1281     0.1815     1.5850     2.2450  0.000e+00
      25991     92.500     6.2351     6.2331    1.14571    1.14493          1     0.8366     0.8846      78.57      0.626     0.4355     0.2685  1.000e-12  1.4542000    10.4537    10.4466    -0.0071    -0.0020     8.1953     8.1899     91.616     93.661    1446.36    1446.34     0.1507     0.4020     1.8650     4.9730  0.000e+00
      26037     93.000     6.2355     6.2078    1.14574    1.12511          1     0.8147     0.8908      76.08      0.276     0.4482     0.1837  1.000e-12  2.6068000    10.4538    10.2590    -0.1948    -0.0278     8.1954     8.0439     92.111     94.166    1446.37    1446.01     0.1987     0.5619     2.4580     6.9400  0.000e+00
      26088     93.500     6.2272     6.1904    1.13963    1.11242          1     0.7976     0.8576      73.50      0.213     0.4612     0.2109  1.000e-12  3.2702000    10.3961    10.1392    -0.2568    -0.0367     8.1505     7.9507     92.606     94.672    1446.27    1445.79     0.1320     0.1361     1.6320     1.6780  0.000e+00
      26111     94.000     6.2459     6.2455    1.15630    1.15690          1     0.7882     0.8284      73.64      0.378     0.4414     0.2480  1.000e-12  3.1851000    10.5545    10.5605     0.0060    -0.0004     8.2740     8.2787     93.101     95.177    1446.55    1446.56     0.1213     0.1228     1.5030     1.5210  0.000e+00
      26125     94.500     6.2519     6.2520    1.16149    1.16185          1     0.7839     0.8146      72.79      0.566     0.4434     0.2685  1.000e-12  2.6279000    10.6037    10.6073     0.0036     0.0001     8.3123     8.3151     93.596     95.682    1446.65    1446.65     0.1223     0.1308     1.5160     1.6210  0.000e+00
      26137     95.000     6.2558     6.2554    1.16339    1.16358          1     0.7812     0.8057      54.46      0.744     0.4414     0.2528  1.000e-12  2.5855000    10.6212    10.6231     0.0020    -0.0004     8.3257     8.3273     94.091     96.187    1446.70    1446.70     0.1255     0.1473     1.5550     1.8260  0.000e+00
      26149     95.500     6.2551     6.2546    1.16667    1.16697          1     0.7798     0.7989      68.89      0.899     0.4433     0.2353  1.000e-12  2.2417000    10.6536    10.6568     0.0032    -0.0006     8.3513     8.3539     94.586     96.692    1446.74    1446.75     0.1358     0.1758     1.6830     2.1800  0.000e+00
      26160     96.000     6.2555     6.2555    1.17457    1.17492          1     0.7790     0.7945      73.06      1.009     0.4425     0.2225  1.000e-12  2.1912000    10.7315    10.7349     0.0034     0.0000     8.4126     8.4152     95.081     97.197    1446.85    1446.85     0.1651     0.2308     2.0470     2.8620  0.000e+00
      26186     96.500     6.2586     6.2593    1.17456    1.17541          1     0.7869     0.7957      72.79      0.858     0.4322     0.1621  1.000e-12  1.7144000    10.7303    10.7384     0.0081     0.0008     8.4114     8.4177     95.576     97.702    1446.87    1446.88     0.2315     0.3007     2.8720     3.7300  0.000e+00
      26273     97.000     6.2427     6.2402    1.15884    1.15631          1     0.7978     0.7932      72.01      0.174     0.4305     0.2365  1.000e-12  1.6026000    10.5800    10.5558    -0.0242    -0.0025     8.2942     8.2753     96.072     98.207    1446.62    1446.58     0.1056     0.1504     1.3080     1.8620  0.000e+00
      26286     97.500     6.2509     6.2498    1.16511    1.16393          1     0.7885     0.7852      71.69      0.514     0.4339     0.2333  1.000e-12  1.6281000    10.6392    10.6280    -0.0112    -0.0011     8.3402     8.3315     96.567     98.712    1446.74    1446.72     0.1003     0.1448     1.2430     1.7950  0.000e+00
