ctdpy/tests/etc/exprapp_feb_2020/SBE09_1387_20200209_0101_77_10_0130.cnv
* Sea-Bird SBE 9 Data File:
* FileName = L:\2020\sv20d0130.hex
* Software Version Seasave V 7.26.7.121
* Temperature SN = 6378
* Conductivity SN = 4824
* Number of Bytes Per Scan = 41
* Number of Voltage Words = 4
* Number of Scans Averaged by the Deck Unit = 1
* NMEA Latitude = 55 16.58 N
* NMEA Longitude = 016 30.91 E
* NMEA UTC (Time) = Feb 09 2020  01:01:07
* NMEA baud rate = 4800
** Station:  Stolpe tröskel
** Operator:  SSip
** Ship: SVEA
** Average sound velocity: 1442.28 m/s
** True-depth calculation Sun, 09 Feb 2020 02:05:15 +0000
** CTD Python Module SMHI /ver 3-12/ feb 2012 
** LIMS Job: 20207710-0130
** Cruise: SMHI-03-2020
** Latitude [GG MM.mm N] :
** Longitude [GGG MM.mm E]:
# nquan = 30
# nvalues = 115                         
# units = specified
# name 0 = scan: Scan Count
# name 1 = prDM: Pressure, Digiquartz [db]
# name 2 = t090C: Temperature [ITS-90, deg C]
# name 3 = t190C: Temperature, 2 [ITS-90, deg C]
# name 4 = c0S/m: Conductivity [S/m]
# name 5 = c1S/m: Conductivity, 2 [S/m]
# name 6 = pumps: Pump Status
# name 7 = sbeox0V: Oxygen raw, SBE 43 [V]
# name 8 = sbeox1V: Oxygen raw, SBE 43, 2 [V]
# name 9 = altM: Altimeter [m]
# name 10 = dz/dtM: Descent Rate [m/s]
# name 11 = flECO-AFL: Chl-a Fluorescence, WET Labs ECO-AFL/FL [mg/m^3]
# name 12 = flECO-AFL1: Phycocyanin Fluorescence, WET Labs ECO-AFL/FL, 2 [mg/m^3]
# name 13 = par: PAR/Irradiance, Biospherical/Lico [µE/(cm^2*s)]
# name 14 = turbWETntu0: Turbidity, WET Labs ECO [NTU]
# name 15 = sal00: Salinity, Practical [PSU]
# name 16 = sal11: Salinity, Practical, 2 [PSU]
# name 17 = secS-priS: Salinity, Practical, Difference, 2 - 1 [PSU]
# name 18 = T2-T190C: Temperature Difference, 2 - 1 [ITS-90, deg C]
# name 19 = sigma-t00: Density [sigma-t, kg/m^3 ]
# name 20 = sigma-t11: Density, 2 [sigma-t, kg/m^3 ]
# name 21 = depSM: Depth [salt water, m], lat = 55.2763
# name 22 = depFM: Depth [true depth, m], lat = 55.2763
# name 23 = svCM: Sound Velocity [Chen-Millero, m/s]
# name 24 = svCM1: Sound Velocity, 2 [Chen-Millero, m/s]
# name 25 = sbeox0ML/L: Oxygen, SBE 43 [ml/l], WS = 2
# name 26 = sbeox1ML/L: Oxygen, SBE 43, 2 [ml/l], WS = 2
# name 27 = sbeox0PS: Oxygen, SBE 43 [% saturation], WS = 2
# name 28 = sbeox1PS: Oxygen, SBE 43, 2 [% saturation], WS = 2
# name 29 = flag: flag
# span 0 =      32878,      38901       
# span 1 =      2.500,     59.500       
# span 2 =     5.5209,     9.1688       
# span 3 =     5.5207,     9.1646       
# span 4 =   0.850393,   1.617273       
# span 5 =   0.850469,   1.617160       
# span 6 =          1,          1       
# span 7 =     1.3228,     3.5857       
# span 8 =     1.2629,     3.3438       
# span 9 =       1.32,      59.22       
# span 10 =     -0.457,      0.590      
# span 11 =     0.3486,     0.6541      
# span 12 =     0.1922,     0.3440      
# span 13 = -1.838e-06, 9.1845e-01      
# span 14 =     0.1417,     0.2989      
# span 15 =     7.7552,    13.9700      
# span 16 =     7.7560,    13.9717      
# span 17 =    -0.0403,     0.3115      
# span 18 =    -0.0384,     0.1680      
# span 19 =     6.1087,    10.6846      
# span 20 =     6.1094,    10.6854      
# span 21 =      2.477,     58.954      
# span 22 =      2.531,     60.201      
# span 23 =    1438.47,    1462.08      
# span 24 =    1438.47,    1462.07      
# span 25 =     1.4525,     7.9205      
# span 26 =     1.5068,     8.0605      
# span 27 =     19.720,     94.574      
# span 28 =     20.457,     96.251      
# span 29 = 0.0000e+00, 0.0000e+00      
# interval = decibars: 0.5              
# start_time = Feb 09 2020 01:01:07 [NMEA time, first data scan]
# bad_flag = -9.990e-29
*END*
      32878      2.500     5.5209     5.5207    0.85039    0.85047          1     3.5857     3.3429      59.01     -0.457     0.6541     0.2578  9.184e-01  0.1417000     7.7552     7.7560     0.0008    -0.0002     6.1088     6.1095      2.477      2.531    1438.47    1438.47     7.9205     8.0563    94.5740    96.1950  0.000e+00
      32903      3.000     5.5229     5.5228    0.85045    0.85053          1     3.5848     3.3438      59.22      0.155     0.6368     0.2986  7.722e-01  0.1561000     7.7553     7.7560     0.0008    -0.0000     6.1087     6.1094      2.973      3.037    1438.48    1438.48     7.9184     8.0605    94.5530    96.2510  0.000e+00
      33293      3.500     5.5223     5.5221    0.85051    0.85060          1     3.5843     3.3414      58.52      0.309     0.6382     0.2914  7.743e-01  0.1649000     7.7559     7.7568     0.0009    -0.0002     6.1093     6.1100      3.468      3.543    1438.48    1438.48     7.9189     8.0439    94.5590    96.0510  0.000e+00
      33415      4.000     5.5210     5.5208    0.85043    0.85051          1     3.5840     3.3398      58.32      0.403     0.6443     0.2836  5.019e-01  0.1555000     7.7553     7.7562     0.0008    -0.0002     6.1089     6.1095      3.964      4.049    1438.49    1438.49     7.9176     8.0565    94.5400    96.1970  0.000e+00
      33444      4.500     5.5223     5.5218    0.85052    0.85057          1     3.5838     3.3406      57.96      0.530     0.6466     0.3118  4.475e-01  0.1521000     7.7559     7.7564     0.0006    -0.0005     6.1093     6.1097      4.459      4.556    1438.50    1438.50     7.9172     8.0524    94.5380    96.1520  0.000e+00
      33490      5.000     5.5228     5.5226    0.85052    0.85059          1     3.5834     3.3407      57.22      0.255     0.6370     0.2905  3.613e-01  0.1457000     7.7557     7.7565     0.0008    -0.0002     6.1091     6.1097      4.955      5.062    1438.51    1438.51     7.9189     8.0456    94.5600    96.0720  0.000e+00
      33531      5.500     5.5219     5.5220    0.85049    0.85058          1     3.5837     3.3402      56.67      0.279     0.6439     0.2948  2.715e-01  0.1562000     7.7555     7.7564     0.0008     0.0001     6.1090     6.1097      5.450      5.568    1438.51    1438.51     7.9181     8.0408    94.5480    96.0130  0.000e+00
      33558      6.000     5.5218     5.5217    0.85051    0.85058          1     3.5831     3.3396      56.37      0.392     0.6254     0.2920  2.344e-01  0.1515000     7.7556     7.7565     0.0008    -0.0002     6.1091     6.1097      5.946      6.074    1438.52    1438.52     7.9159     8.0443    94.5210    96.0550  0.000e+00
      33582      6.500     5.5238     5.5236    0.85066    0.85074          1     3.5827     3.3397      55.97      0.488     0.6383     0.3091  1.838e-01  0.1556000     7.7567     7.7575     0.0008    -0.0003     6.1098     6.1105      6.441      6.580    1438.54    1438.54     7.9158     8.0474    94.5250    96.0970  0.000e+00
      33607      7.000     5.5256     5.5245    0.85078    0.85080          1     3.5820     3.3401      55.40      0.491     0.6514     0.3246  1.552e-01  0.1715000     7.7573     7.7578     0.0005    -0.0011     6.1102     6.1107      6.937      7.086    1438.56    1438.55     7.9108     8.0499    94.4710    96.1290  0.000e+00
      33638      7.500     5.5257     5.5245    0.85079    0.85079          1     3.5812     3.3394      54.74      0.408     0.6483     0.3192  9.692e-02  0.1638000     7.7573     7.7576     0.0003    -0.0012     6.1102     6.1105      7.432      7.593    1438.56    1438.56     7.9104     8.0353    94.4660    95.9540  0.000e+00
      33669      8.000     5.5250     5.5244    0.85075    0.85079          1     3.5805     3.3383      54.25      0.371     0.6253     0.2999  6.080e-02  0.1603000     7.7570     7.7575     0.0005    -0.0007     6.1100     6.1105      7.928      8.099    1438.57    1438.57     7.9110     8.0385    94.4710    95.9920  0.000e+00
      33691      8.500     5.5276     5.5262    0.85092    0.85093          1     3.5806     3.3382      53.90      0.468     0.6401     0.3053  5.771e-02  0.1634000     7.7580     7.7585     0.0004    -0.0014     6.1107     6.1111      8.423      8.605    1438.59    1438.58     7.9160     8.0427    94.5370    96.0470  0.000e+00
      33710      9.000     5.5283     5.5277    0.85098    0.85104          1     3.5811     3.3383      53.55      0.570     0.6473     0.3220  1.581e-02  0.1640000     7.7584     7.7591     0.0007    -0.0006     6.1110     6.1115      8.918      9.111    1438.60    1438.60     7.9145     8.0442    94.5220    96.0700  0.000e+00
      33732      9.500     5.5240     5.5240    0.85070    0.85080          1     3.5806     3.3384      52.97      0.590     0.6518     0.3361  5.306e-03  0.1640000     7.7566     7.7576     0.0010     0.0001     6.1097     6.1105      9.414      9.617    1438.59    1438.59     7.9124     8.0430    94.4850    96.0460  0.000e+00
      33762     10.000     5.5242     5.5250    0.85073    0.85086          1     3.5801     3.3376      52.20      0.450     0.6478     0.3095  9.672e-05  0.1579000     7.7567     7.7578     0.0011     0.0008     6.1098     6.1107      9.909     10.124    1438.60    1438.60     7.9121     8.0350    94.4820    95.9520  0.000e+00
      33793     10.500     5.5262     5.5256    0.85085    0.85090          1     3.5798     3.3370      51.64      0.370     0.6263     0.2996 -1.838e-06  0.1559000     7.7574     7.7580     0.0006    -0.0006     6.1103     6.1108     10.405     10.630    1438.61    1438.61     7.9128     8.0408    94.4960    96.0230  0.000e+00
      33818     11.000     5.5266     5.5269    0.85089    0.85101          1     3.5798     3.3371      51.28      0.445     0.6115     0.3141  1.093e-11  0.1579000     7.7576     7.7587     0.0011     0.0004     6.1104     6.1113     10.900     11.136    1438.62    1438.63     7.9140     8.0455    94.5110    96.0830  0.000e+00
      33842     11.500     5.5266     5.5246    0.85091    0.85086          1     3.5799     3.3378      50.89      0.494     0.6293     0.3262  1.000e-12  0.1619000     7.7577     7.7577    -0.0000    -0.0020     6.1105     6.1106     11.396     11.642    1438.63    1438.62     7.9144     8.0515    94.5160    96.1480  0.000e+00
      33868     12.000     5.5244     5.5254    0.85074    0.85090          1     3.5797     3.3382      50.41      0.482     0.6440     0.3274  1.000e-12  0.1506000     7.7566     7.7578     0.0013     0.0010     6.1097     6.1107     11.891     12.148    1438.63    1438.63     7.9133     8.0522    94.4970    96.1580  0.000e+00
      33898     12.500     5.5242     5.5234    0.85073    0.85077          1     3.5793     3.3389      49.80      0.406     0.6473     0.3112  1.000e-12  0.1621000     7.7564     7.7570     0.0006    -0.0007     6.1096     6.1101     12.387     12.654    1438.64    1438.63     7.9108     8.0478    94.4660    96.1010  0.000e+00
      33924     13.000     5.5239     5.5232    0.85072    0.85077          1     3.5787     3.3382      48.72      0.433     0.6221     0.3219  1.000e-12  0.1575000     7.7563     7.7570     0.0006    -0.0008     6.1095     6.1101     12.882     13.161    1438.64    1438.64     7.9110     8.0436    94.4680    96.0500  0.000e+00
      33947     13.500     5.5253     5.5252    0.85082    0.85091          1     3.5783     3.3379      48.62      0.502     0.6354     0.3124  1.000e-12  0.1636000     7.7569     7.7578     0.0009    -0.0001     6.1099     6.1106     13.378     13.667    1438.66    1438.66     7.9085     8.0426    94.4420    96.0440  0.000e+00
      33971     14.000     5.5257     5.5259    0.85085    0.85096          1     3.5777     3.3374      48.26      0.510     0.6364     0.3085  1.000e-12  0.1474000     7.7570     7.7580     0.0010     0.0002     6.1100     6.1108     13.873     14.173    1438.67    1438.67     7.9100     8.0420    94.4600    96.0380  0.000e+00
      33996     14.500     5.5257     5.5253    0.85086    0.85091          1     3.5778     3.3370      47.72      0.488     0.6331     0.3201  1.000e-12  0.1623000     7.7570     7.7577     0.0007    -0.0004     6.1100     6.1106     14.368     14.679    1438.68    1438.67     7.9115     8.0389    94.4780    95.9990  0.000e+00
      34020     15.000     5.5258     5.5261    0.85086    0.85098          1     3.5777     3.3363      47.32      0.483     0.6324     0.2966  1.000e-12  0.1526000     7.7570     7.7580     0.0010     0.0003     6.1100     6.1108     14.864     15.185    1438.68    1438.69     7.9124     8.0415    94.4890    96.0330  0.000e+00
      34044     15.500     5.5283     5.5279    0.85104    0.85111          1     3.5778     3.3366      46.87      0.500     0.6226     0.2916  1.000e-12  0.1467000     7.7581     7.7589     0.0008    -0.0003     6.1108     6.1114     15.359     15.691    1438.70    1438.70     7.9129     8.0495    94.5030    96.1330  0.000e+00
      34068     16.000     5.5292     5.5285    0.85112    0.85115          1     3.5778     3.3370      46.29      0.510     0.6318     0.2683  1.000e-12  0.1554000     7.7586     7.7591     0.0005    -0.0006     6.1111     6.1115     15.855     16.198    1438.72    1438.71     7.9120     8.0522    94.4940    96.1670  0.000e+00
      34093     16.500     5.5244     5.5243    0.85077    0.85085          1     3.5777     3.3379      45.73      0.498     0.6340     0.3140  1.000e-12  0.1527000     7.7563     7.7570     0.0007    -0.0002     6.1095     6.1101     16.350     16.704    1438.70    1438.70     7.9136     8.0578    94.5000    96.2230  0.000e+00
      34120     17.000     5.5239     5.5242    0.85073    0.85084          1     3.5775     3.3379      45.28      0.450     0.6349     0.3260  1.000e-12  0.1518000     7.7559     7.7569     0.0010     0.0004     6.1092     6.1100     16.846     17.210    1438.71    1438.71     7.9100     8.0437    94.4560    96.0540  0.000e+00
      34148     17.500     5.5273     5.5285    0.85098    0.85115          1     3.5762     3.3365      44.79      0.423     0.6323     0.3135  1.000e-12  0.1578000     7.7575     7.7589     0.0014     0.0012     6.1103     6.1113     17.341     17.716    1438.73    1438.74     7.9011     8.0285    94.3580    95.8840  0.000e+00
      34171     18.000     5.5468     5.5462    0.85243    0.85250          1     3.5747     3.3347      44.26      0.479     0.6112     0.3148  1.000e-12  0.1581000     7.7672     7.7679     0.0007    -0.0005     6.1170     6.1176     17.837     18.222    1438.84    1438.83     7.8961     8.0240    94.3500    95.8780  0.000e+00
      34196     18.500     5.5556     5.5566    0.85309    0.85322          1     3.5744     3.3341      43.75      0.509     0.6016     0.3274  1.000e-12  0.1467000     7.7715     7.7725     0.0010     0.0010     6.1200     6.1207     18.332     18.729    1438.89    1438.89     7.8933     8.0209    94.3410    95.8690  0.000e+00
      34225     19.000     5.5607     5.5618    0.85347    0.85360          1     3.5720     3.3315      43.23      0.437     0.5650     0.3029  1.000e-12  0.1545000     7.7740     7.7749     0.0009     0.0010     6.1217     6.1224     18.827     19.235    1438.92    1438.93     7.8747     7.9923    94.1330    95.5410  0.000e+00
      34256     19.500     5.5811     5.5846    0.85487    0.85516          1     3.5682     3.3271      42.60      0.371     0.5581     0.3086  1.000e-12  0.1569000     7.7829     7.7849     0.0020     0.0035     6.1278     6.1292     19.323     19.741    1439.03    1439.04     7.8613     7.9786    94.0260    95.4390  0.000e+00
      34281     20.000     5.6181     5.6188    0.85740    0.85753          1     3.5661     3.3256      42.16      0.440     0.5355     0.2653  1.000e-12  0.1517000     7.7990     7.8001     0.0011     0.0007     6.1387     6.1395     19.818     20.247    1439.22    1439.22     7.8506     7.9827    93.9950    95.5790  0.000e+00
      34302     20.500     5.6275     5.6262    0.85799    0.85802          1     3.5644     3.3249      41.76      0.530     0.5384     0.3103  1.000e-12  0.1625000     7.8026     7.8031     0.0006    -0.0013     6.1410     6.1415     20.314     20.753    1439.27    1439.26     7.8473     7.9770    93.9790    95.5310  0.000e+00
      34325     21.000     5.6296     5.6297    0.85812    0.85819          1     3.5636     3.3235      41.23      0.552     0.5461     0.1983  1.000e-12  0.1580000     7.8032     7.8039     0.0007     0.0000     6.1414     6.1419     20.809     21.259    1439.29    1439.29     7.8468     7.9741    93.9790    95.5050  0.000e+00
      34353     21.500     5.6353     5.6342    0.85845    0.85845          1     3.5621     3.3227      40.62      0.460     0.5371     0.2576  1.000e-12  0.1597000     7.8051     7.8054     0.0003    -0.0012     6.1426     6.1429     21.305     21.765    1439.32    1439.32     7.8412     7.9766    93.9270    95.5460  0.000e+00
      34382     22.000     5.6413     5.6407    0.85883    0.85890          1     3.5604     3.3221      40.15      0.407     0.5268     0.2955  1.000e-12  0.1561000     7.8073     7.8082     0.0008    -0.0005     6.1441     6.1448     21.800     22.272    1439.36    1439.36     7.8323     7.9678    93.8360    95.4580  0.000e+00
      34405     22.500     5.6446     5.6444    0.85912    0.85922          1     3.5586     3.3205      39.69      0.471     0.5083     0.2672  1.000e-12  0.1482000     7.8094     7.8104     0.0010    -0.0002     6.1455     6.1463     22.295     22.778    1439.38    1439.39     7.8271     7.9508    93.7830    95.2650  0.000e+00
      34426     23.000     5.6485     5.6483    0.85955    0.85964          1     3.5572     3.3182      39.18      0.545     0.5023     0.2664  1.000e-12  0.1537000     7.8125     7.8135     0.0010    -0.0003     6.1478     6.1486     22.791     23.284    1439.41    1439.41     7.8237     7.9463    93.7530    95.2230  0.000e+00
      34449     23.500     5.6530     5.6518    0.86018    0.86013          1     3.5557     3.3171      38.64      0.546     0.5156     0.2763  1.000e-12  0.1622000     7.8176     7.8174    -0.0002    -0.0012     6.1516     6.1515     23.286     23.790    1439.45    1439.44     7.8203     7.9528    93.7260    95.3110  0.000e+00
      34481     24.000     5.6561     5.6547    0.86064    0.86055          1     3.5542     3.3159      38.05      0.419     0.5137     0.2642  1.000e-12  0.1548000     7.8214     7.8208    -0.0005    -0.0014     6.1544     6.1540     23.782     24.296    1439.47    1439.47     7.8180     7.9443    93.7080    95.2180  0.000e+00
      34511     24.500     5.6569     5.6563    0.86072    0.86076          1     3.5528     3.3134      37.47      0.366     0.5024     0.2362  1.000e-12  0.1558000     7.8218     7.8224     0.0006    -0.0006     6.1547     6.1552     24.277     24.802    1439.48    1439.48     7.8102     7.9308    93.6160    95.0610  0.000e+00
      34534     25.000     5.6610     5.6609    0.86135    0.86148          1     3.5506     3.3117      36.98      0.464     0.4946     0.2804  1.000e-12  0.1620000     7.8270     7.8283     0.0014    -0.0001     6.1586     6.1597     24.773     25.309    1439.52    1439.52     7.7962     7.9213    93.4620    94.9620  0.000e+00
      34556     25.500     5.6689     5.6694    0.86266    0.86288          1     3.5477     3.3095      36.57      0.542     0.4945     0.2941  1.000e-12  0.1608000     7.8379     7.8400     0.0020     0.0005     6.1668     6.1684     25.268     25.815    1439.57    1439.58     7.7859     7.9125    93.3640    94.8830  0.000e+00
      34581     26.000     5.6799     5.6808    0.86454    0.86483          1     3.5449     3.3070      36.01      0.516     0.5021     0.2703  1.000e-12  0.1611000     7.8536     7.8563     0.0026     0.0010     6.1787     6.1807     25.763     26.321    1439.65    1439.65     7.7781     7.9028    93.3060    94.8050  0.000e+00
