ctdpy/tests/etc/exprapp_feb_2020/SBE09_1387_20200202_0529_77_10_0094.cnv
* Sea-Bird SBE 9 Data File:
* FileName = L:\2020\sv20d0094.hex
* Software Version Seasave V 7.26.7.121
* Temperature SN = 6378
* Conductivity SN = 4824
* Number of Bytes Per Scan = 41
* Number of Voltage Words = 4
* Number of Scans Averaged by the Deck Unit = 1
* NMEA Latitude = 58 40.54 N
* NMEA Longitude = 010 48.72 E
* NMEA UTC (Time) = Feb 02 2020  05:29:18
* NMEA baud rate = 4800
** Station:  Persgrund
** Operator:  A-KTh
** Ship: SVEA
** Average sound velocity: 1476.89 m/s
** True-depth calculation Sun, 02 Feb 2020 09:15:41 +0000
** CTD Python Module SMHI /ver 3-12/ feb 2012 
** LIMS Job: 20207710-0094
** Cruise: SMHI-02-2020
** Latitude [GG MM.mm N] :
** Longitude [GGG MM.mm E]:
# nquan = 30
# nvalues = 191                         
# units = specified
# name 0 = scan: Scan Count
# name 1 = prDM: Pressure, Digiquartz [db]
# name 2 = t090C: Temperature [ITS-90, deg C]
# name 3 = t190C: Temperature, 2 [ITS-90, deg C]
# name 4 = c0S/m: Conductivity [S/m]
# name 5 = c1S/m: Conductivity, 2 [S/m]
# name 6 = pumps: Pump Status
# name 7 = sbeox0V: Oxygen raw, SBE 43 [V]
# name 8 = sbeox1V: Oxygen raw, SBE 43, 2 [V]
# name 9 = altM: Altimeter [m]
# name 10 = dz/dtM: Descent Rate [m/s]
# name 11 = flECO-AFL: Chl-a Fluorescence, WET Labs ECO-AFL/FL [mg/m^3]
# name 12 = flECO-AFL1: Phycocyanin Fluorescence, WET Labs ECO-AFL/FL, 2 [mg/m^3]
# name 13 = par: PAR/Irradiance, Biospherical/Lico [µE/(cm^2*s)]
# name 14 = turbWETntu0: Turbidity, WET Labs ECO [NTU]
# name 15 = sal00: Salinity, Practical [PSU]
# name 16 = sal11: Salinity, Practical, 2 [PSU]
# name 17 = secS-priS: Salinity, Practical, Difference, 2 - 1 [PSU]
# name 18 = T2-T190C: Temperature Difference, 2 - 1 [ITS-90, deg C]
# name 19 = sigma-t00: Density [sigma-t, kg/m^3 ]
# name 20 = sigma-t11: Density, 2 [sigma-t, kg/m^3 ]
# name 21 = depSM: Depth [salt water, m], lat = 58.6757
# name 22 = depFM: Depth [true depth, m], lat = 58.6757
# name 23 = svCM: Sound Velocity [Chen-Millero, m/s]
# name 24 = svCM1: Sound Velocity, 2 [Chen-Millero, m/s]
# name 25 = sbeox0ML/L: Oxygen, SBE 43 [ml/l], WS = 2
# name 26 = sbeox1ML/L: Oxygen, SBE 43, 2 [ml/l], WS = 2
# name 27 = sbeox0PS: Oxygen, SBE 43 [% saturation], WS = 2
# name 28 = sbeox1PS: Oxygen, SBE 43, 2 [% saturation], WS = 2
# name 29 = flag: flag
# span 0 =      30546,      36031       
# span 1 =      0.500,     95.500       
# span 2 =     5.7851,     7.2710       
# span 3 =     5.7852,     7.2708       
# span 4 =   2.875216,   3.505540       
# span 5 =   2.875196,   3.505443       
# span 6 =          1,          1       
# span 7 =     3.5203,     3.5603       
# span 8 =     3.2776,     3.3141       
# span 9 =       0.40,     103.10       
# span 10 =     -0.517,      1.654      
# span 11 =     0.3924,     1.0567      
# span 12 =     0.1895,     0.4203      
# span 13 = 1.0000e-12, 1.6795e+00      
# span 14 =     0.3838,     2.1972      
# span 15 =    28.9113,    34.4287      
# span 16 =    28.9111,    34.4279      
# span 17 =    -0.0181,     0.1295      
# span 18 =    -0.0115,     0.0419      
# span 19 =    22.7692,    26.9309      
# span 20 =    22.7690,    26.9303      
# span 21 =      0.495,     94.588      
# span 22 =      0.498,     94.800      
# span 23 =    1466.25,    1480.54      
# span 24 =    1466.26,    1480.53      
# span 25 =     6.2693,     6.7949      
# span 26 =     6.3544,     6.8952      
# span 27 =     92.788,     94.054      
# span 28 =     94.063,     95.465      
# span 29 = 0.0000e+00, 0.0000e+00      
# interval = decibars: 0.5              
# start_time = Feb 02 2020 05:29:18 [NMEA time, first data scan]
# bad_flag = -9.990e-29
*END*
[from data line 97]
      33259     49.000     7.1691     7.1681    3.47620    3.47596          1     3.5420     3.2993      49.94      0.564     0.4262     0.3207  1.000e-12  1.2266000    34.2314    34.2298    -0.0016    -0.0010    26.7899    26.7887     48.537     48.679    1479.15    1479.15     6.3081     6.4054    93.3270    94.7640  0.000e+00
      33315     49.500     7.1694     7.1700    3.47669    3.47676          1     3.5423     3.2980      43.44      0.215     0.4201     0.2318  1.000e-12  1.0765000    34.2363    34.2364     0.0001     0.0006    26.7937    26.7937     49.033     49.175    1479.17    1479.17     6.3100     6.3958    93.3600    94.6310  0.000e+00
      33358     50.000     7.1787     7.1788    3.47921    3.47913          1     3.5423     3.2968      53.01      0.224     0.4050     0.2395  1.000e-12  1.0486000    34.2543    34.2533    -0.0010     0.0001    26.8066    26.8058     49.528     49.671    1479.23    1479.23     6.3023     6.3886    93.2760    94.5530  0.000e+00
      33368     50.500     7.1797     7.1792    3.47948    3.47926          1     3.5410     3.2962      16.18      0.507     0.4062     0.2507  1.000e-12  1.1019000    34.2561    34.2541    -0.0020    -0.0005    26.8078    26.8063     50.023     50.167    1479.25    1479.24     6.2965     6.3857    93.1940    94.5120  0.000e+00
      33378     51.000     7.1872     7.1857    3.48169    3.48129          1     3.5405     3.2956      47.03      0.755     0.4222     0.3264  1.000e-12  1.3954000    34.2726    34.2696    -0.0030    -0.0015    26.8197    26.8176     50.518     50.663    1479.31    1479.30     6.2947     6.3849    93.1930    94.5240  0.000e+00
      33386     51.500     7.1934     7.1938    3.48347    3.48353          1     3.5398     3.2955      47.71      0.980     0.4249     0.3281  1.000e-12  1.4005000    34.2856    34.2858     0.0001     0.0004    26.8292    26.8292     51.013     51.159    1479.36    1479.36     6.2944     6.3879    93.2100    94.5960  0.000e+00
      33394     52.000     7.1952     7.1957    3.48408    3.48413          1     3.5395     3.2953      89.31      1.168     0.4311     0.3231  1.000e-12  1.4170000    34.2902    34.2903     0.0000     0.0006    26.8325    26.8325     51.509     51.655    1479.38    1479.38     6.2952     6.3940    93.2280    94.6930  0.000e+00
      33402     52.500     7.2021     7.2017    3.48623    3.48605          1     3.5395     3.2956      86.50      1.321     0.4503     0.2229  1.000e-12  1.4710000    34.3067    34.3050    -0.0016    -0.0004    26.8445    26.8433     52.004     52.151    1479.43    1479.43     6.2963     6.3978    93.2690    94.7710  0.000e+00
      33410     53.000     7.2095     7.2094    3.48857    3.48845          1     3.5394     3.2964      37.76      1.434     0.4512     0.2218  1.000e-12  1.4703000    34.3247    34.3234    -0.0013    -0.0000    26.8577    26.8567     52.499     52.647    1479.49    1479.49     6.2964     6.4023    93.2980    94.8670  0.000e+00
      33421     53.500     7.2152     7.2144    3.49033    3.48997          1     3.5396     3.2971      43.18      1.450     0.4512     0.2400  1.000e-12  1.5174000    34.3379    34.3349    -0.0030    -0.0008    26.8673    26.8650     52.994     53.143    1479.54    1479.53     6.2972     6.4049    93.3300    94.9230  0.000e+00
      33509     54.000     7.2007     7.2030    3.48589    3.48663          1     3.5404     3.2973      44.80      0.707     0.4241     0.2699  1.000e-12  1.4945000    34.3036    34.3094     0.0058     0.0023    26.8423    26.8465     53.490     53.638    1479.45    1479.46     6.2998     6.3894    93.3170    94.6530  0.000e+00
      33543     54.500     7.2044     7.2061    3.48704    3.48738          1     3.5403     3.2964      44.32      0.809     0.4192     0.2620  1.000e-12  1.5311000    34.3122    34.3142     0.0020     0.0017    26.8485    26.8499     53.985     54.134    1479.48    1479.49     6.2973     6.3865    93.2930    94.6180  0.000e+00
      33554     55.000     7.2154     7.2089    3.49065    3.48840          1     3.5399     3.2959      44.24      1.015     0.4260     0.2526  1.000e-12  1.6362000    34.3405    34.3224    -0.0181    -0.0065    26.8693    26.8560     54.480     54.630    1479.57    1479.52     6.2954     6.3902    93.3050    94.6860  0.000e+00
      33565     55.500     7.2277     7.2265    3.49432    3.49387          1     3.5398     3.2967      43.76      1.139     0.4265     0.2404  1.000e-12  1.6325000    34.3682    34.3645    -0.0037    -0.0012    26.8893    26.8866     54.975     55.126    1479.66    1479.65     6.2933     6.3938    93.3170    94.8030  0.000e+00
      33584     56.000     7.2297     7.2290    3.49487    3.49452          1     3.5399     3.2973      70.47      0.991     0.4382     0.2389  1.000e-12  1.5845000    34.3720    34.3689    -0.0031    -0.0008    26.8921    26.8897     55.470     55.622    1479.68    1479.67     6.2924     6.3961    93.3100    94.8450  0.000e+00
      33640     56.500     7.2170     7.2155    3.49120    3.49085          1     3.5373     3.2968      40.92      0.113     0.4314     0.2133  1.000e-12  1.3480000    34.3442    34.3418    -0.0024    -0.0015    26.8720    26.8703     55.966     56.118    1479.60    1479.59     6.2900     6.3877    93.2310    94.6740  0.000e+00
      33659     57.000     7.2339     7.2336    3.49606    3.49593          1     3.5378     3.2968      42.05      0.362     0.4493     0.2584  1.000e-12  1.3974000    34.3802    34.3792    -0.0011    -0.0004    26.8979    26.8972     56.461     56.614    1479.72    1479.72     6.2897     6.3873    93.2840    94.7300  0.000e+00
      33672     57.500     7.2346     7.2344    3.49628    3.49613          1     3.5376     3.2968      41.69      0.606     0.4402     0.3159  1.000e-12  1.5528000    34.3817    34.3803    -0.0014    -0.0002    26.8990    26.8979     56.956     57.110    1479.73    1479.73     6.2867     6.3881    93.2430    94.7460  0.000e+00
      33684     58.000     7.2346     7.2345    3.49632    3.49620          1     3.5374     3.2968      41.37      0.812     0.4376     0.2974  1.000e-12  1.6405000    34.3820    34.3807    -0.0012    -0.0001    26.8992    26.8983     57.451     57.606    1479.74    1479.74     6.2862     6.3902    93.2350    94.7770  0.000e+00
      33696     58.500     7.2350     7.2344    3.49643    3.49620          1     3.5368     3.2969      41.15      0.945     0.4399     0.2589  1.000e-12  1.5989000    34.3826    34.3806    -0.0020    -0.0006    26.8997    26.8981     57.946     58.102    1479.75    1479.75     6.2838     6.3945    93.2010    94.8400  0.000e+00
      33712     59.000     7.2342     7.2337    3.49632    3.49611          1     3.5362     3.2978      72.50      0.928     0.4412     0.2720  1.000e-12  1.5822000    34.3818    34.3800    -0.0018    -0.0005    26.8991    26.8978     58.442     58.598    1479.75    1479.75     6.2836     6.3969    93.1960    94.8740  0.000e+00
      33755     59.500     7.2335     7.2327    3.49617    3.49581          1     3.5361     3.2972      38.55      0.365     0.4345     0.2703  1.000e-12  1.4716000    34.3807    34.3776    -0.0031    -0.0008    26.8984    26.8960     58.937     59.094    1479.76    1479.75     6.2882     6.3847    93.2620    94.6890  0.000e+00
      33791     60.000     7.2353     7.2336    3.49649    3.49604          1     3.5365     3.2957      38.85      0.262     0.4202     0.2479  1.000e-12  1.3367000    34.3821    34.3789    -0.0032    -0.0017    26.8993    26.8970     59.432     59.590    1479.78    1479.77     6.2881     6.3806    93.2640    94.6310  0.000e+00
      33807     60.500     7.2366     7.2364    3.49680    3.49664          1     3.5360     3.2954      38.56      0.510     0.4229     0.2366  1.000e-12  1.5509000    34.3839    34.3825    -0.0015    -0.0002    26.9005    26.8994     59.927     60.086    1479.79    1479.79     6.2862     6.3859    93.2410    94.7180  0.000e+00
      33822     61.000     7.2375     7.2373    3.49701    3.49684          1     3.5360     3.2956      45.86      0.695     0.4361     0.2370  1.000e-12  1.5888000    34.3851    34.3835    -0.0015    -0.0003    26.9013    26.9001     60.422     60.582    1479.81    1479.80     6.2872     6.3918    93.2580    94.8080  0.000e+00
      33848     61.500     7.2372     7.2369    3.49696    3.49678          1     3.5358     3.2962      56.69      0.636     0.4383     0.2477  1.000e-12  1.5522000    34.3846    34.3830    -0.0017    -0.0003    26.9010    26.8997     60.918     61.077    1479.81    1479.81     6.2862     6.3934    93.2430    94.8310  0.000e+00
      33918     62.000     7.2363     7.2357    3.49679    3.49656          1     3.5347     3.2955      34.45      0.033     0.4338     0.2366  1.000e-12  1.2886000    34.3835    34.3815    -0.0019    -0.0006    26.9002    26.8987     61.413     61.573    1479.82    1479.81     6.2849     6.3832    93.2210    94.6770  0.000e+00
      33931     62.500     7.2369     7.2368    3.49687    3.49678          1     3.5347     3.2956      36.64      0.395     0.4242     0.2408  1.000e-12  1.4565000    34.3834    34.3826    -0.0009    -0.0001    26.9001    26.8994     61.908     62.069    1479.83    1479.82     6.2853     6.3844    93.2270    94.6970  0.000e+00
      33943     63.000     7.2370     7.2368    3.49686    3.49673          1     3.5345     3.2950      36.38      0.650     0.4203     0.2448  1.000e-12  1.4655000    34.3830    34.3818    -0.0012    -0.0002    26.8997    26.8988     62.403     62.565    1479.83    1479.83     6.2853     6.3821    93.2270    94.6620  0.000e+00
      33953     63.500     7.2368     7.2367    3.49685    3.49674          1     3.5342     3.2949      36.00      0.857     0.4140     0.3137  1.000e-12  1.4817000    34.3828    34.3818    -0.0011    -0.0001    26.8996    26.8988     62.898     63.061    1479.84    1479.84     6.2856     6.3858    93.2310    94.7170  0.000e+00
      33963     64.000     7.2375     7.2372    3.49706    3.49692          1     3.5345     3.2946      35.43      1.015     0.4133     0.3141  1.000e-12  1.4922000    34.3842    34.3829    -0.0013    -0.0002    26.9006    26.8996     63.394     63.557    1479.85    1479.85     6.2873     6.3887    93.2590    94.7610  0.000e+00
      33974     64.500     7.2370     7.2374    3.49697    3.49694          1     3.5346     3.2954      35.05      1.116     0.4149     0.2737  1.000e-12  1.5874000    34.3834    34.3827    -0.0007     0.0004    26.9000    26.8994     63.889     64.053    1479.86    1479.86     6.2877     6.3903    93.2630    94.7850  0.000e+00
      33985     65.000     7.2373     7.2368    3.49702    3.49683          1     3.5345     3.2951      34.45      1.153     0.4144     0.2376  1.000e-12  1.5905000    34.3835    34.3820    -0.0015    -0.0005    26.9000    26.8989     64.384     64.549    1479.87    1479.86     6.2870     6.3867    93.2530    94.7300  0.000e+00
      34001     65.500     7.2368     7.2365    3.49697    3.49679          1     3.5343     3.2945      33.75      1.039     0.4555     0.2382  1.000e-12  1.5856000    34.3831    34.3815    -0.0016    -0.0004    26.8998    26.8986     64.879     65.045    1479.88    1479.87     6.2877     6.3844    93.2630    94.6950  0.000e+00
      34102     66.000     7.2365     7.2361    3.49691    3.49673          1     3.5343     3.2922      32.95      0.229     0.4268     0.2440  1.000e-12  1.3411000    34.3826    34.3810    -0.0016    -0.0004    26.8995    26.8983     65.374     65.541    1479.88    1479.88     6.2855     6.3812    93.2290    94.6470  0.000e+00
      34133     66.500     7.2370     7.2367    3.49701    3.49686          1     3.5340     3.2925      32.59      0.425     0.4149     0.2078  1.000e-12  1.3912000    34.3829    34.3815    -0.0013    -0.0002    26.8996    26.8986     65.869     66.037    1479.89    1479.89     6.2866     6.3910    93.2460    94.7940  0.000e+00
      34149     67.000     7.2373     7.2370    3.49709    3.49697          1     3.5337     3.2931      32.25      0.601     0.4256     0.1897  1.000e-12  1.6387000    34.3832    34.3823    -0.0009    -0.0004    26.8998    26.8992     66.365     66.533    1479.90    1479.90     6.2845     6.3897    93.2160    94.7750  0.000e+00
      34163     67.500     7.2406     7.2402    3.49800    3.49775          1     3.5334     3.2932      31.82      0.735     0.4253     0.2917  1.000e-12  1.6665000    34.3896    34.3873    -0.0023    -0.0005    26.9044    26.9027     66.860     67.029    1479.93    1479.93     6.2825     6.3831    93.1990    94.6880  0.000e+00
      34177     68.000     7.2407     7.2412    3.49795    3.49805          1     3.5326     3.2926      31.43      0.825     0.4382     0.2907  1.000e-12  1.7471000    34.3888    34.3893     0.0006     0.0005    26.9037    26.9041     67.355     67.525    1479.94    1479.94     6.2816     6.3779    93.1840    94.6140  0.000e+00
      34191     68.500     7.2438     7.2432    3.49888    3.49865          1     3.5325     3.2921      30.83      0.856     0.4437     0.1895  1.000e-12  1.7357000    34.3956    34.3937    -0.0019    -0.0006    26.9087    26.9072     67.850     68.020    1479.97    1479.96     6.2824     6.3784    93.2060    94.6290  0.000e+00
      34207     69.000     7.2433     7.2433    3.49875    3.49872          1     3.5321     3.2920      30.28      0.830     0.4501     0.2001  1.000e-12  1.7272000    34.3945    34.3941    -0.0004     0.0001    26.9079    26.9075     68.345     68.516    1479.97    1479.97     6.2811     6.3827    93.1850    94.6930  0.000e+00
      34223     69.500     7.2429     7.2422    3.49870    3.49844          1     3.5315     3.2921      29.73      0.779     0.4394     0.2204  1.000e-12  1.7381000    34.3940    34.3918    -0.0022    -0.0007    26.9076    26.9059     68.841     69.012    1479.98    1479.97     6.2815     6.3839    93.1910    94.7060  0.000e+00
      34239     70.000     7.2434     7.2423    3.49883    3.49848          1     3.5315     3.2919      29.32      0.752     0.4413     0.2761  1.000e-12  1.7007000    34.3947    34.3920    -0.0027    -0.0012    26.9080    26.9060     69.336     69.508    1479.99    1479.98     6.2862     6.3834    93.2610    94.7000  0.000e+00
      34254     70.500     7.2435     7.2433    3.49886    3.49876          1     3.5322     3.2919      28.73      0.760     0.4513     0.2946  1.000e-12  1.6341000    34.3947    34.3937    -0.0010    -0.0002    26.9080    26.9073     69.831     70.004    1480.00    1480.00     6.2889     6.3841    93.3020    94.7140  0.000e+00
      34271     71.000     7.2445     7.2444    3.49912    3.49901          1     3.5325     3.2919      28.18      0.765     0.4424     0.2624  1.000e-12  1.8423000    34.3963    34.3953    -0.0011    -0.0001    26.9092    26.9083     70.326     70.500    1480.01    1480.01     6.2873     6.3845    93.2810    94.7230  0.000e+00
      34331     71.500     7.2437     7.2437    3.49894    3.49887          1     3.5318     3.2918      27.73      0.496     0.4390     0.2522  1.000e-12  1.6766000    34.3949    34.3941    -0.0008     0.0000    26.9081    26.9075     70.821     70.996    1480.02    1480.01     6.2848     6.3818    93.2420    94.6800  0.000e+00
      34400     72.000     7.2436     7.2437    3.49892    3.49886          1     3.5310     3.2907      27.20      0.489     0.4253     0.2632  1.000e-12  1.6781000    34.3945    34.3937    -0.0009     0.0002    26.9079    26.9072     71.316     71.492    1480.02    1480.02     6.2834     6.3717    93.2200    94.5300  0.000e+00
      34415     72.500     7.2439     7.2435    3.49902    3.49882          1     3.5307     3.2901      26.80      0.712     0.4328     0.2557  1.000e-12  1.6882000    34.3951    34.3933    -0.0017    -0.0004    26.9082    26.9069     71.812     71.988    1480.03    1480.03     6.2820     6.3725    93.2010    94.5420  0.000e+00
