ctdpy/tests/etc/exprapp_feb_2020/SBE09_1387_20200210_0631_77_10_0134.cnv
* Sea-Bird SBE 9 Data File:
* FileName = L:\2020\sv20d0134.hex
* Software Version Seasave V 7.26.7.121
* Temperature SN = 6378
* Conductivity SN = 4824
* Number of Bytes Per Scan = 41
* Number of Voltage Words = 4
* Number of Scans Averaged by the Deck Unit = 1
* NMEA Latitude = 56 38.59 N
* NMEA Longitude = 019 35.59 E
* NMEA UTC (Time) = Feb 10 2020  06:31:11
* NMEA baud rate = 4800
** Station:  BY10
** Operator:  DBSj
** Ship: SVEA
** Average sound velocity: 1445.29 m/s
** True-depth calculation Mon, 10 Feb 2020 07:26:40 +0000
** CTD Python Module SMHI /ver 3-12/ feb 2012 
** LIMS Job: 20207710-0134
** Cruise: SMHI-03-2020
** Latitude [GG MM.mm N] :
** Longitude [GGG MM.mm E]:
# nquan = 30
# nvalues = 272                         
# units = specified
# name 0 = scan: Scan Count
# name 1 = prDM: Pressure, Digiquartz [db]
# name 2 = t090C: Temperature [ITS-90, deg C]
# name 3 = t190C: Temperature, 2 [ITS-90, deg C]
# name 4 = c0S/m: Conductivity [S/m]
# name 5 = c1S/m: Conductivity, 2 [S/m]
# name 6 = pumps: Pump Status
# name 7 = sbeox0V: Oxygen raw, SBE 43 [V]
# name 8 = sbeox1V: Oxygen raw, SBE 43, 2 [V]
# name 9 = altM: Altimeter [m]
# name 10 = dz/dtM: Descent Rate [m/s]
# name 11 = flECO-AFL: Chl-a Fluorescence, WET Labs ECO-AFL/FL [mg/m^3]
# name 12 = flECO-AFL1: Phycocyanin Fluorescence, WET Labs ECO-AFL/FL, 2 [mg/m^3]
# name 13 = par: PAR/Irradiance, Biospherical/Lico [µE/(cm^2*s)]
# name 14 = turbWETntu0: Turbidity, WET Labs ECO [NTU]
# name 15 = sal00: Salinity, Practical [PSU]
# name 16 = sal11: Salinity, Practical, 2 [PSU]
# name 17 = secS-priS: Salinity, Practical, Difference, 2 - 1 [PSU]
# name 18 = T2-T190C: Temperature Difference, 2 - 1 [ITS-90, deg C]
# name 19 = sigma-t00: Density [sigma-t, kg/m^3 ]
# name 20 = sigma-t11: Density, 2 [sigma-t, kg/m^3 ]
# name 21 = depSM: Depth [salt water, m], lat = 56.6432
# name 22 = depFM: Depth [true depth, m], lat = 56.6432
# name 23 = svCM: Sound Velocity [Chen-Millero, m/s]
# name 24 = svCM1: Sound Velocity, 2 [Chen-Millero, m/s]
# name 25 = sbeox0ML/L: Oxygen, SBE 43 [ml/l], WS = 2
# name 26 = sbeox1ML/L: Oxygen, SBE 43, 2 [ml/l], WS = 2
# name 27 = sbeox0PS: Oxygen, SBE 43 [% saturation], WS = 2
# name 28 = sbeox1PS: Oxygen, SBE 43, 2 [% saturation], WS = 2
# name 29 = flag: flag
# span 0 =      16057,      28540       
# span 1 =      2.000,    137.500       
# span 2 =     4.8344,     8.3591       
# span 3 =     4.8340,     8.3686       
# span 4 =   0.791889,   1.432755       
# span 5 =   0.791968,   1.432702       
# span 6 =          1,          1       
# span 7 =     0.7407,     3.5376       
# span 8 =     0.7224,     3.2927       
# span 9 =       3.21,      96.88       
# span 10 =     -0.510,      1.669      
# span 11 =     0.3374,     0.4344      
# span 12 =     0.1470,     0.2833      
# span 13 = 1.0000e-12, 3.1449e+00      
# span 14 =     0.1019,     1.2438      
# span 15 =     7.3314,    12.7933      
# span 16 =     7.3322,    12.7909      
# span 17 =    -0.0532,     0.1625      
# span 18 =    -0.1144,     0.2252      
# span 19 =     5.8027,     9.9590      
# span 20 =     5.8033,     9.9569      
# span 21 =      1.982,    136.196      
# span 22 =      2.025,    138.980      
# span 23 =    1434.92,    1458.05      
# span 24 =    1434.92,    1458.07      
# span 25 =     0.0404,     7.9772      
# span 26 =     0.0635,     8.0831      
# span 27 =      0.520,     93.348      
# span 28 =      0.816,     94.588      
# span 29 = 0.0000e+00, 0.0000e+00      
# interval = decibars: 0.5              
# start_time = Feb 10 2020 06:31:11 [NMEA time, first data scan]
# bad_flag = -9.990e-29
*END*
[from data line 49]
      17627     26.500     4.8349     4.8346    0.79215    0.79222          1     3.5319     3.2837      95.67      0.676     0.4233     0.2628  1.000e-12  0.1151000     7.3320     7.3327     0.0008    -0.0003     5.8031     5.8037     26.256     26.836    1435.30    1435.30     7.9708     8.0779    93.2740    94.5270  0.000e+00
      17643     27.000     4.8350     4.8347    0.79216    0.79223          1     3.5318     3.2845      95.59      0.727     0.4173     0.2236  1.000e-12  0.1151000     7.3320     7.3327     0.0008    -0.0003     5.8031     5.8038     26.751     27.342    1435.31    1435.31     7.9716     8.0812    93.2830    94.5650  0.000e+00
      17658     27.500     4.8350     4.8347    0.79217    0.79224          1     3.5320     3.2844      95.55      0.765     0.4136     0.1905  1.000e-12  0.1212000     7.3320     7.3328     0.0008    -0.0003     5.8031     5.8038     27.246     27.848    1435.32    1435.32     7.9720     8.0771    93.2880    94.5180  0.000e+00
      17674     28.000     4.8349     4.8346    0.79217    0.79224          1     3.5316     3.2845      95.55      0.791     0.4128     0.2484  1.000e-12  0.1277000     7.3319     7.3327     0.0008    -0.0003     5.8031     5.8037     27.742     28.355    1435.33    1435.33     7.9696     8.0770    93.2600    94.5170  0.000e+00
      17718     28.500     4.8349     4.8345    0.79218    0.79224          1     3.5312     3.2844      95.42      0.592     0.4226     0.2544  1.000e-12  0.1458000     7.3319     7.3327     0.0007    -0.0003     5.8031     5.8037     28.237     28.861    1435.33    1435.33     7.9697     8.0712    93.2610    94.4480  0.000e+00
      17822     29.000     4.8354     4.8349    0.79219    0.79226          1     3.5312     3.2837      92.32      0.347     0.4162     0.2602  1.000e-12  0.1019000     7.3319     7.3327     0.0008    -0.0004     5.8031     5.8037     28.733     29.367    1435.34    1435.34     7.9704     8.0681    93.2700    94.4120  0.000e+00
      17832     29.500     4.8352     4.8348    0.79219    0.79227          1     3.5306     3.2833      96.05      0.628     0.4104     0.2342  1.000e-12  0.1158000     7.3319     7.3327     0.0008    -0.0003     5.8031     5.8037     29.228     29.873    1435.35    1435.35     7.9682     8.0719    93.2440    94.4570  0.000e+00
      17844     30.000     4.8349     4.8345    0.79219    0.79225          1     3.5305     3.2836      96.02      0.822     0.4051     0.2362  1.000e-12  0.1273000     7.3319     7.3326     0.0007    -0.0004     5.8031     5.8037     29.723     30.380    1435.36    1435.36     7.9683     8.0761    93.2440    94.5060  0.000e+00
      17857     30.500     4.8347     4.8344    0.79219    0.79226          1     3.5305     3.2835      96.02      0.939     0.4127     0.1976  1.000e-12  0.1241000     7.3319     7.3326     0.0008    -0.0003     5.8030     5.8037     30.219     30.886    1435.37    1435.36     7.9700     8.0773    93.2640    94.5190  0.000e+00
      17872     31.000     4.8348     4.8344    0.79219    0.79227          1     3.5304     3.2835      95.99      0.943     0.4167     0.1960  1.000e-12  0.1213000     7.3318     7.3327     0.0009    -0.0004     5.8030     5.8037     30.714     31.392    1435.37    1435.37     7.9730     8.0765    93.3000    94.5100  0.000e+00
      17892     31.500     4.8346     4.8344    0.79220    0.79228          1     3.5306     3.2835      86.81      0.770     0.4062     0.2198  1.000e-12  0.1212000     7.3319     7.3327     0.0008    -0.0003     5.8030     5.8037     31.209     31.899    1435.38    1435.38     7.9733     8.0753    93.3030    94.4960  0.000e+00
      17922     32.000     4.8344     4.8342    0.79220    0.79226          1     3.5305     3.2833      95.68      0.470     0.3922     0.2357  1.000e-12  0.1194000     7.3318     7.3325     0.0007    -0.0002     5.8030     5.8036     31.705     32.405    1435.39    1435.39     7.9724     8.0765    93.2920    94.5100  0.000e+00
      18022     32.500     4.8347     4.8342    0.79221    0.79227          1     3.5296     3.2825      96.01      0.215     0.4050     0.2232  1.000e-12  0.1102000     7.3318     7.3325     0.0007    -0.0006     5.8030     5.8036     32.200     32.911    1435.40    1435.39     7.9700     8.0757    93.2640    94.5000  0.000e+00
      18070     33.000     4.8349     4.8342    0.79222    0.79227          1     3.5292     3.2821      96.03      0.462     0.4161     0.2629  1.000e-12  0.1095000     7.3318     7.3325     0.0007    -0.0007     5.8030     5.8035     32.695     33.418    1435.41    1435.40     7.9705     8.0745    93.2690    94.4850  0.000e+00
      18082     33.500     4.8346     4.8341    0.79221    0.79227          1     3.5290     3.2821      95.97      0.706     0.4131     0.2586  1.000e-12  0.1079000     7.3316     7.3324     0.0008    -0.0005     5.8029     5.8035     33.191     33.924    1435.41    1435.41     7.9718     8.0750    93.2840    94.4910  0.000e+00
      18093     34.000     4.8346     4.8342    0.79221    0.79228          1     3.5296     3.2821      96.05      0.893     0.4175     0.1638  1.000e-12  0.1090000     7.3317     7.3324     0.0008    -0.0004     5.8029     5.8035     33.686     34.430    1435.42    1435.42     7.9734     8.0755    93.3040    94.4970  0.000e+00
      18103     34.500     4.8348     4.8344    0.79223    0.79230          1     3.5293     3.2821      83.04      1.022     0.4118     0.1631  1.000e-12  0.1138000     7.3317     7.3325     0.0008    -0.0004     5.8029     5.8036     34.181     34.937    1435.43    1435.43     7.9726     8.0760    93.2950    94.5030  0.000e+00
      18114     35.000     4.8352     4.8347    0.79225    0.79232          1     3.5293     3.2821      41.43      1.096     0.4035     0.2147  1.000e-12  0.1211000     7.3318     7.3326     0.0008    -0.0005     5.8030     5.8036     34.677     35.443    1435.44    1435.44     7.9720     8.0764    93.2880    94.5090  0.000e+00
      18125     35.500     4.8351     4.8346    0.79226    0.79233          1     3.5295     3.2821      81.57      1.125     0.4029     0.2598  1.000e-12  0.1212000     7.3319     7.3326     0.0008    -0.0005     5.8030     5.8037     35.172     35.949    1435.45    1435.45     7.9728     8.0769    93.2970    94.5160  0.000e+00
      18139     36.000     4.8347     4.8344    0.79228    0.79234          1     3.5292     3.2821      95.29      1.071     0.4045     0.2494  1.000e-12  0.1212000     7.3321     7.3327     0.0007    -0.0003     5.8032     5.8037     35.667     36.456    1435.45    1435.45     7.9720     8.0775    93.2870    94.5220  0.000e+00
      18251     36.500     4.8345     4.8343    0.79228    0.79236          1     3.5278     3.2819      56.69      0.587     0.4101     0.2515  1.000e-12  0.1158000     7.3320     7.3329     0.0009    -0.0001     5.8032     5.8039     36.163     36.962    1435.46    1435.46     7.9684     8.0727    93.2450    94.4660  0.000e+00
      18324     37.000     4.8346     4.8343    0.79229    0.79236          1     3.5272     3.2810      59.05      0.566     0.4103     0.2498  1.000e-12  0.1142000     7.3320     7.3328     0.0008    -0.0003     5.8032     5.8038     36.658     37.468    1435.47    1435.47     7.9684     8.0682    93.2450    94.4120  0.000e+00
      18337     37.500     4.8349     4.8347    0.79230    0.79238          1     3.5272     3.2809      96.54      0.695     0.4161     0.2341  1.000e-12  0.1089000     7.3320     7.3328     0.0008    -0.0002     5.8031     5.8038     37.153     37.975    1435.48    1435.48     7.9704     8.0720    93.2680    94.4580  0.000e+00
      18350     38.000     4.8351     4.8347    0.79230    0.79238          1     3.5272     3.2808      95.98      0.803     0.4111     0.2364  1.000e-12  0.1104000     7.3319     7.3327     0.0008    -0.0004     5.8031     5.8037     37.649     38.481    1435.49    1435.48     7.9721     8.0732    93.2900    94.4720  0.000e+00
      18363     38.500     4.8350     4.8346    0.79231    0.79240          1     3.5273     3.2807      96.00      0.875     0.4133     0.2343  1.000e-12  0.1151000     7.3320     7.3330     0.0010    -0.0004     5.8031     5.8039     38.144     38.987    1435.49    1435.49     7.9725     8.0732    93.2940    94.4720  0.000e+00
      18377     39.000     4.8347     4.8345    0.79233    0.79242          1     3.5278     3.2804      95.99      0.893     0.4151     0.2581  1.000e-12  0.1216000     7.3322     7.3330     0.0009    -0.0002     5.8033     5.8040     38.639     39.494    1435.50    1435.50     7.9742     8.0765    93.3130    94.5110  0.000e+00
      18392     39.500     4.8348     4.8345    0.79234    0.79242          1     3.5278     3.2809      95.99      0.864     0.4129     0.2682  1.000e-12  0.1273000     7.3322     7.3330     0.0008    -0.0003     5.8033     5.8040     39.135     40.000    1435.51    1435.51     7.9742     8.0805    93.3130    94.5570  0.000e+00
      18410     40.000     4.8345     4.8342    0.79233    0.79239          1     3.5279     3.2809      96.00      0.784     0.4065     0.2628  1.000e-12  0.1165000     7.3321     7.3327     0.0007    -0.0003     5.8032     5.8037     39.630     40.506    1435.51    1435.51     7.9772     8.0786    93.3480    94.5340  0.000e+00
      18484     40.500     4.8344     4.8344    0.79232    0.79238          1     3.5279     3.2805      95.87      0.293     0.4086     0.2634  1.000e-12  0.1113000     7.3319     7.3326     0.0006    -0.0001     5.8031     5.8036     40.125     41.013    1435.52    1435.52     7.9743     8.0716    93.3140    94.4520  0.000e+00
      18546     41.000     4.8346     4.8344    0.79231    0.79238          1     3.5275     3.2796      95.94      0.259     0.4068     0.2201  1.000e-12  0.1087000     7.3317     7.3324     0.0007    -0.0002     5.8029     5.8035     40.621     41.519    1435.53    1435.53     7.9742     8.0701    93.3130    94.4340  0.000e+00
      18569     41.500     4.8346     4.8344    0.79231    0.79239          1     3.5276     3.2792      95.98      0.434     0.4108     0.2404  1.000e-12  0.1177000     7.3317     7.3324     0.0008    -0.0002     5.8029     5.8035     41.116     42.025    1435.54    1435.54     7.9756     8.0704    93.3290    94.4380  0.000e+00
      18589     42.000     4.8347     4.8344    0.79233    0.79239          1     3.5278     3.2790      95.97      0.548     0.4061     0.2361  1.000e-12  0.1455000     7.3318     7.3325     0.0007    -0.0003     5.8030     5.8035     41.611     42.532    1435.55    1435.55     7.9757     8.0715    93.3310    94.4510  0.000e+00
      18609     42.500     4.8347     4.8342    0.79236    0.79241          1     3.5276     3.2788      95.98      0.597     0.4049     0.2338  1.000e-12  0.1157000     7.3320     7.3326     0.0007    -0.0005     5.8031     5.8037     42.107     43.038    1435.55    1435.55     7.9744     8.0746    93.3150    94.4880  0.000e+00
      18631     43.000     4.8344     4.8340    0.79234    0.79240          1     3.5275     3.2791      95.98      0.582     0.3924     0.2051  1.000e-12  0.1254000     7.3318     7.3325     0.0006    -0.0004     5.8030     5.8036     42.602     43.544    1435.56    1435.56     7.9740     8.0776    93.3100    94.5210  0.000e+00
      18658     43.500     4.8344     4.8343    0.79233    0.79241          1     3.5270     3.2790      96.00      0.504     0.4015     0.1868  1.000e-12  0.1175000     7.3316     7.3324     0.0008    -0.0001     5.8029     5.8035     43.097     44.051    1435.57    1435.57     7.9728     8.0719    93.2950    94.4550  0.000e+00
      18733     44.000     4.8347     4.8345    0.79237    0.79246          1     3.5250     3.2772      94.21      0.079     0.4123     0.2405  1.000e-12  0.1133000     7.3319     7.3328     0.0009    -0.0002     5.8031     5.8038     43.593     44.557    1435.58    1435.58     7.9677     8.0642    93.2360    94.3670  0.000e+00
      18751     44.500     4.8353     4.8347    0.79245    0.79249          1     3.5251     3.2772      92.18      0.365     0.4083     0.2191  1.000e-12  0.1084000     7.3325     7.3330     0.0005    -0.0005     5.8035     5.8040     44.088     45.063    1435.59    1435.59     7.9697     8.0735    93.2620    94.4760  0.000e+00
      18765     45.000     4.8347     4.8345    0.79237    0.79246          1     3.5250     3.2774      95.60      0.613     0.4043     0.2286  1.000e-12  0.1092000     7.3318     7.3327     0.0009    -0.0002     5.8030     5.8037     44.583     45.570    1435.59    1435.59     7.9697     8.0779    93.2610    94.5270  0.000e+00
      18780     45.500     4.8345     4.8343    0.79236    0.79243          1     3.5248     3.2779      95.55      0.783     0.4023     0.2390  1.000e-12  0.1261000     7.3316     7.3324     0.0008    -0.0003     5.8029     5.8035     45.079     46.076    1435.60    1435.60     7.9715     8.0821    93.2810    94.5750  0.000e+00
      18803     46.000     4.8345     4.8344    0.79237    0.79244          1     3.5251     3.2784      95.55      0.679     0.4097     0.2833  1.000e-12  0.1187000     7.3316     7.3324     0.0008    -0.0002     5.8029     5.8035     45.574     46.582    1435.61    1435.61     7.9738     8.0800    93.3070    94.5500  0.000e+00
      18844     46.500     4.8346     4.8345    0.79236    0.79244          1     3.5256     3.2785      95.55      0.285     0.4175     0.2289  1.000e-12  0.1239000     7.3315     7.3323     0.0008    -0.0001     5.8028     5.8034     46.069     47.089    1435.62    1435.62     7.9757     8.0767    93.3310    94.5130  0.000e+00
      18876     47.000     4.8347     4.8344    0.79236    0.79244          1     3.5254     3.2784      95.57      0.336     0.4102     0.2352  1.000e-12  0.1234000     7.3314     7.3323     0.0008    -0.0003     5.8027     5.8034     46.564     47.595    1435.62    1435.62     7.9707     8.0778    93.2720    94.5250  0.000e+00
      18899     47.500     4.8347     4.8344    0.79238    0.79245          1     3.5251     3.2786      95.47      0.473     0.4097     0.2407  1.000e-12  0.1250000     7.3315     7.3323     0.0008    -0.0003     5.8028     5.8034     47.060     48.101    1435.63    1435.63     7.9723     8.0795    93.2900    94.5450  0.000e+00
      18949     48.000     4.8348     4.8346    0.79239    0.79246          1     3.5246     3.2781      95.03      0.287     0.4116     0.2550  1.000e-12  0.1127000     7.3315     7.3323     0.0007    -0.0002     5.8028     5.8034     47.555     48.608    1435.64    1435.64     7.9712     8.0694    93.2770    94.4260  0.000e+00
      19004     48.500     4.8350     4.8347    0.79241    0.79249          1     3.5237     3.2763      88.83      0.213     0.4138     0.2641  1.000e-12  0.1072000     7.3316     7.3325     0.0008    -0.0003     5.8029     5.8035     48.050     49.114    1435.65    1435.65     7.9691     8.0538    93.2540    94.2440  0.000e+00
      19017     49.000     4.8350     4.8346    0.79241    0.79248          1     3.5236     3.2751      89.98      0.485     0.4103     0.2670  1.000e-12  0.1125000     7.3316     7.3324     0.0008    -0.0003     5.8028     5.8035     48.546     49.620    1435.66    1435.66     7.9713     8.0565    93.2800    94.2760  0.000e+00
      19031     49.500     4.8347     4.8344    0.79240    0.79248          1     3.5239     3.2748      89.37      0.705     0.4069     0.2482  1.000e-12  0.1205000     7.3315     7.3323     0.0008    -0.0003     5.8027     5.8034     49.041     50.127    1435.66    1435.66     7.9734     8.0661    93.3030    94.3880  0.000e+00
