ctdpy/tests/etc/exprapp_feb_2020/SBE09_1387_20200209_1726_77_10_0133.cnv
* Sea-Bird SBE 9 Data File:
* FileName = L:\2020\sv20d0133.hex
* Software Version Seasave V 7.26.7.121
* Temperature SN = 6378
* Conductivity SN = 4824
* Number of Bytes Per Scan = 41
* Number of Voltage Words = 4
* Number of Scans Averaged by the Deck Unit = 1
* NMEA Latitude = 55 21.29 N
* NMEA Longitude = 019 02.48 E
* NMEA UTC (Time) = Feb 09 2020  17:26:52
* NMEA baud rate = 4800
** Station:  PL-P63
** Operator:  SSip
** Ship: SVEA
** Average sound velocity: 1440.59 m/s
** True-depth calculation Sun, 09 Feb 2020 18:51:15 +0000
** CTD Python Module SMHI /ver 3-12/ feb 2012 
** LIMS Job: 20207710-0133
** Cruise: SMHI-03-2020
** Latitude [GG MM.mm N] :
** Longitude [GGG MM.mm E]:
# nquan = 30
# nvalues = 152                         
# units = specified
# name 0 = scan: Scan Count
# name 1 = prDM: Pressure, Digiquartz [db]
# name 2 = t090C: Temperature [ITS-90, deg C]
# name 3 = t190C: Temperature, 2 [ITS-90, deg C]
# name 4 = c0S/m: Conductivity [S/m]
# name 5 = c1S/m: Conductivity, 2 [S/m]
# name 6 = pumps: Pump Status
# name 7 = sbeox0V: Oxygen raw, SBE 43 [V]
# name 8 = sbeox1V: Oxygen raw, SBE 43, 2 [V]
# name 9 = altM: Altimeter [m]
# name 10 = dz/dtM: Descent Rate [m/s]
# name 11 = flECO-AFL: Chl-a Fluorescence, WET Labs ECO-AFL/FL [mg/m^3]
# name 12 = flECO-AFL1: Phycocyanin Fluorescence, WET Labs ECO-AFL/FL, 2 [mg/m^3]
# name 13 = par: PAR/Irradiance, Biospherical/Lico [µE/(cm^2*s)]
# name 14 = turbWETntu0: Turbidity, WET Labs ECO [NTU]
# name 15 = sal00: Salinity, Practical [PSU]
# name 16 = sal11: Salinity, Practical, 2 [PSU]
# name 17 = secS-priS: Salinity, Practical, Difference, 2 - 1 [PSU]
# name 18 = T2-T190C: Temperature Difference, 2 - 1 [ITS-90, deg C]
# name 19 = sigma-t00: Density [sigma-t, kg/m^3 ]
# name 20 = sigma-t11: Density, 2 [sigma-t, kg/m^3 ]
# name 21 = depSM: Depth [salt water, m], lat = 55.3548
# name 22 = depFM: Depth [true depth, m], lat = 55.3548
# name 23 = svCM: Sound Velocity [Chen-Millero, m/s]
# name 24 = svCM1: Sound Velocity, 2 [Chen-Millero, m/s]
# name 25 = sbeox0ML/L: Oxygen, SBE 43 [ml/l], WS = 2
# name 26 = sbeox1ML/L: Oxygen, SBE 43, 2 [ml/l], WS = 2
# name 27 = sbeox0PS: Oxygen, SBE 43 [% saturation], WS = 2
# name 28 = sbeox1PS: Oxygen, SBE 43, 2 [% saturation], WS = 2
# name 29 = flag: flag
# span 0 =        426,      40645       
# span 1 =      4.000,     79.500       
# span 2 =     5.5430,     7.8758       
# span 3 =     5.5276,     7.8579       
# span 4 =   0.823408,   1.335485       
# span 5 =   0.786958,   1.332505       
# span 6 =          0,          1       
# span 7 =     0.9448,     3.5783       
# span 8 =     0.9163,     3.3360       
# span 9 =      -0.40,      81.24       
# span 10 =      0.098,      1.054      
# span 11 =     0.3372,     0.4590      
# span 12 =     0.1630,     0.3024      
# span 13 = -1.921e-10, 6.0083e-01      
# span 14 =     0.1098,     0.3854      
# span 15 =     7.4842,    11.7685      
# span 16 =     7.0072,    11.7461      
# span 17 =    -0.5382,     0.0960      
# span 18 =    -0.2276,     0.5837      
# span 19 =     5.8933,     9.0976      
# span 20 =     5.4874,     9.0817      
# span 21 =      3.964,     78.766      
# span 22 =      4.050,     80.473      
# span 23 =    1438.33,    1454.59      
# span 24 =    1438.20,    1454.48      
# span 25 =     0.5810,     7.9165      
# span 26 =     0.6142,     8.0477      
# span 27 =      7.542,     94.430      
# span 28 =      7.963,     96.001      
# span 29 = 0.0000e+00, 0.0000e+00      
# interval = decibars: 0.5              
# start_time = Feb 09 2020 17:26:52 [NMEA time, first data scan]
# bad_flag = -9.990e-29
*END*
[from data line 97]
      34632     52.500     5.5511     5.5503    0.82425    0.82430          1     3.5464     3.3086      29.03      0.469     0.4388     0.2332  1.000e-12  0.1374000     7.4860     7.4866     0.0006    -0.0009     5.8947     5.8953     52.019     53.160    1439.04    1439.04     7.8701     8.0072    93.8750    95.5090  0.000e+00
      34678     53.000     5.5583     5.5532    0.82468    0.82447          1     3.5465     3.3086      27.82      0.337     0.4392     0.2472  1.000e-12  0.1193000     7.4885     7.4876    -0.0008    -0.0051     5.8963     5.8959     52.514     53.666    1439.09    1439.06     7.8735     8.0086    93.9350    95.5330  0.000e+00
      34748     53.500     5.5585     5.5559    0.82469    0.82461          1     3.5459     3.3085      26.82      0.179     0.4360     0.2393  1.000e-12  0.1560000     7.4885     7.4883    -0.0002    -0.0026     5.8963     5.8963     53.009     54.172    1439.10    1439.08     7.8682     8.0036    93.8720    95.4810  0.000e+00
      34771     54.000     5.5594     5.5588    0.82473    0.82479          1     3.5443     3.3069      26.65      0.400     0.4381     0.2075  1.000e-12  0.1292000     7.4886     7.4894     0.0008    -0.0006     5.8964     5.8970     53.505     54.678    1439.11    1439.10     7.8453     7.9687    93.6010    95.0710  0.000e+00
      34792     54.500     5.5569     5.5573    0.82460    0.82473          1     3.5412     3.3038      26.67      0.530     0.4291     0.2120  1.000e-12  0.1274000     7.4878     7.4890     0.0012     0.0005     5.8959     5.8968     54.000     55.185    1439.10    1439.11     7.8476     7.9658    93.6210    95.0330  0.000e+00
      34816     55.000     5.5873     5.5864    0.82624    0.82631          1     3.5417     3.3033      26.13      0.543     0.4352     0.2180  1.000e-12  0.1231000     7.4970     7.4979     0.0009    -0.0009     5.9017     5.9024     54.495     55.691    1439.25    1439.25     7.8562     7.9890    93.8020    95.3860  0.000e+00
      34877     55.500     5.5843     5.5744    0.82611    0.82567          1     3.5380     3.3010      25.47      0.191     0.4276     0.2297  1.000e-12  0.1163000     7.4963     7.4942    -0.0021    -0.0099     5.9013     5.9001     54.991     56.197    1439.25    1439.20     7.8308     7.9600    93.4900    95.0080  0.000e+00
      34912     56.000     5.6137     5.6030    0.82775    0.82727          1     3.5349     3.2979      24.92      0.300     0.4109     0.2038  1.000e-12  0.1154000     7.5057     7.5034    -0.0022    -0.0107     5.9073     5.9060     55.486     56.704    1439.40    1439.35     7.8173     7.9395    93.4040    94.8380  0.000e+00
      34931     56.500     5.6147     5.6078    0.82778    0.82756          1     3.5338     3.2962      24.46      0.497     0.4199     0.2571  1.000e-12  0.1163000     7.5057     7.5051    -0.0007    -0.0069     5.9073     5.9071     55.981     57.210    1439.41    1439.38     7.8153     7.9355    93.3830    94.8020  0.000e+00
      34947     57.000     5.6085     5.6171    0.82749    0.82803          1     3.5325     3.2948      24.29      0.646     0.4282     0.2409  1.000e-12  0.1212000     7.5042     7.5076     0.0033     0.0087     5.9064     5.9086     56.477     57.716    1439.39    1439.43     7.8135     7.9301    93.3450    94.7620  0.000e+00
      34963     57.500     5.6190     5.6210    0.82802    0.82823          1     3.5314     3.2934      23.90      0.739     0.4269     0.2176  1.000e-12  0.1251000     7.5070     7.5086     0.0016     0.0021     5.9080     5.9092     56.972     58.222    1439.45    1439.46     7.8099     7.9289    93.3290    94.7570  0.000e+00
      34981     58.000     5.6179     5.6185    0.82797    0.82812          1     3.5304     3.2923      23.44      0.731     0.4221     0.2336  1.000e-12  0.1273000     7.5067     7.5080     0.0013     0.0006     5.9078     5.9088     57.467     58.729    1439.45    1439.45     7.8101     7.9364    93.3290    94.8400  0.000e+00
      35035     58.500     5.6287     5.6285    0.82857    0.82865          1     3.5293     3.2915      22.76      0.479     0.4171     0.2222  1.000e-12  0.1269000     7.5101     7.5109     0.0008    -0.0002     5.9100     5.9106     57.963     59.235    1439.51    1439.51     7.8088     7.9450    93.3400    94.9680  0.000e+00
      35119     59.000     5.6191     5.6257    0.82806    0.82852          1     3.5277     3.2899      21.43      0.469     0.4273     0.2601  1.000e-12  0.1148000     7.5071     7.5101     0.0030     0.0065     5.9081     5.9102     58.458     59.741    1439.47    1439.50     7.8029     7.9301    93.2450    94.7830  0.000e+00
      35129     59.500     5.6276     5.6273    0.82854    0.82862          1     3.5275     3.2897      21.50      0.744     0.4269     0.2515  1.000e-12  0.1170000     7.5099     7.5108     0.0009    -0.0004     5.9099     5.9106     58.953     60.247    1439.52    1439.52     7.8018     7.9325    93.2540    94.8160  0.000e+00
      35140     60.000     5.6308     5.6275    0.82873    0.82865          1     3.5271     3.2895      21.29      0.946     0.4073     0.2379  1.000e-12  0.1330000     7.5110     7.5109    -0.0000    -0.0033     5.9106     5.9107     59.449     60.754    1439.54    1439.53     7.8016     7.9350    93.2600    94.8460  0.000e+00
      35152     60.500     5.6290     5.6289    0.82865    0.82874          1     3.5265     3.2895      20.87      1.054     0.4067     0.2406  1.000e-12  0.1330000     7.5105     7.5114     0.0009    -0.0001     5.9103     5.9110     59.944     61.260    1439.54    1439.54     7.8024     7.9375    93.2640    94.8800  0.000e+00
      35200     61.000     5.6334     5.6369    0.82891    0.82921          1     3.5250     3.2886      20.18      0.715     0.4288     0.2733  1.000e-12  0.1232000     7.5120     7.5141     0.0021     0.0035     5.9113     5.9128     60.439     61.766    1439.57    1439.59     7.7887     7.9242    93.1120    94.7420  0.000e+00
      35281     61.500     5.6381     5.6488    0.82915    0.82988          1     3.5187     3.2846      19.78      0.443     0.4242     0.2818  1.000e-12  0.1158000     7.5133     7.5179     0.0046     0.0108     5.9121     5.9152     60.935     62.273    1439.60    1439.65     7.7417     7.8752    92.5620    94.1870  0.000e+00
      35291     62.000     5.6452     5.6511    0.82958    0.82997          1     3.5156     3.2826      19.46      0.728     0.4048     0.2804  1.000e-12  0.1213000     7.5158     7.5183     0.0025     0.0059     5.9137     5.9154     61.430     62.779    1439.64    1439.67     7.7475     7.8812    92.6500    94.2640  0.000e+00
      35304     62.500     5.6602     5.6597    0.83049    0.83048          1     3.5147     3.2818      19.15      0.900     0.4041     0.2828  1.000e-12  0.1225000     7.5212     7.5213     0.0001    -0.0005     5.9172     5.9173     61.925     63.285    1439.72    1439.72     7.7577     7.8929    92.8100    94.4260  0.000e+00
      35323     63.000     5.6939     5.6870    0.83282    0.83243          1     3.5145     3.2814      18.36      0.844     0.4050     0.2939  1.000e-12  0.1256000     7.5363     7.5340    -0.0023    -0.0069     5.9275     5.9260     62.421     63.791    1439.89    1439.86     7.7618     7.9050    92.9470    94.6440  0.000e+00
      35418     63.500     5.6504     5.6684    0.82995    0.83110          1     3.5159     3.2793      17.41      0.226     0.4074     0.2089  1.000e-12  0.1217000     7.5180     7.5251     0.0071     0.0180     5.9152     5.9200     62.916     64.298    1439.69    1439.78     7.7322     7.8538    92.4800    93.9810  0.000e+00
      35467     64.000     5.6706     5.6767    0.83136    0.83178          1     3.5049     3.2702      17.00      0.278     0.3808     0.1630  1.000e-12  0.1152000     7.5272     7.5299     0.0027     0.0060     5.9214     5.9233     63.411     64.804    1439.80    1439.83     7.6725     7.7775    91.8190    93.0900  0.000e+00
      35486     64.500     5.7324     5.7170    0.83596    0.83501          1     3.4959     3.2627      16.63      0.464     0.3788     0.2392  1.000e-12  0.1246000     7.5580     7.5523    -0.0057    -0.0155     5.9427     5.9389     63.907     65.310    1440.11    1440.04     7.6281     7.7464    91.4470    92.8250  0.000e+00
      35502     65.000     5.7468     5.7507    0.83709    0.83753          1     3.4878     3.2571      16.28      0.617     0.3833     0.2601  1.000e-12  0.1270000     7.5657     7.5691     0.0033     0.0040     5.9481     5.9505     64.402     65.816    1440.19    1440.21     7.6133     7.7442    91.3080    92.8880  0.000e+00
      35518     65.500     5.7517     5.7537    0.83763    0.83781          1     3.4826     3.2539      15.27      0.720     0.3898     0.2602  1.000e-12  0.1274000     7.5698     7.5711     0.0013     0.0020     5.9510     5.9520     64.897     66.323    1440.23    1440.24     7.6267     7.7678    91.4820    93.1790  0.000e+00
      35537     66.000     5.7672     5.7646    0.83942    0.83919          1     3.4808     3.2529      14.74      0.726     0.4024     0.2334  1.000e-12  0.1274000     7.5836     7.5820    -0.0016    -0.0026     5.9612     5.9600     65.393     66.829    1440.32    1440.30     7.6426     7.7905    91.7170    93.4830  0.000e+00
      35596     66.500     5.7509     5.7452    0.83795    0.83745          1     3.4811     3.2494      14.33      0.292     0.3922     0.2265  1.000e-12  0.1254000     7.5729     7.5694    -0.0036    -0.0058     5.9535     5.9510     65.888     67.335    1440.24    1440.21     7.5522     7.6489    90.5890    91.7320  0.000e+00
      35650     67.000     5.7383     5.7469    0.83688    0.83774          1     3.4270     3.2058      13.94      0.254     0.3913     0.2132  1.000e-12  0.1321000     7.5653     7.5718     0.0064     0.0085     5.9482     5.9528     66.383     67.842    1440.19    1440.23     6.9729     6.9595    83.6080    83.4690  0.000e+00
      35670     67.500     5.8251     5.8559    0.84445    0.84774          1     3.3314     3.1313      13.61      0.457     0.3872     0.2575  1.000e-12  0.1931000     7.6192     7.6442     0.0250     0.0309     5.9862     6.0043     66.879     68.348    1440.64    1440.80     6.6516     6.5787    79.9580    79.1550  0.000e+00
      35688     68.000     5.9610     5.9676    0.86601    0.86801          1     3.2763     3.0780      13.11      0.590     0.3666     0.2384  1.000e-12  0.1410000     7.7971     7.8150     0.0179     0.0066     6.1193     6.1331     67.374     68.854    1441.45    1441.50     6.7847     6.7326    81.9320    81.3280  0.000e+00
      35708     68.500     6.0881     6.0888    0.89794    0.89873          1     3.2696     3.0626      12.54      0.633     0.3752     0.2338  1.000e-12  0.1396000     8.0765     8.0840     0.0075     0.0007     6.3325     6.3383     67.869     69.360    1442.36    1442.37     6.9586     7.0576    84.4540    85.6620  0.000e+00
      35773     69.000     5.9984     5.9736    0.88194    0.87667          1     3.1468     2.9907      11.66      0.256     0.3821     0.2213  1.000e-12  0.1417000     7.9423     7.8972    -0.0451    -0.0248     6.2316     6.1975     68.364     69.866    1441.81    1441.65     5.6329     5.5944    68.2050    67.6770  0.000e+00
      35828     69.500     6.0301     5.9736    0.88574    0.87561          1     2.7240     2.6660      11.33      0.253     0.3812     0.1856  1.000e-12  0.1383000     7.9718     7.8870    -0.0848    -0.0565     6.2532     6.1895     68.860     70.372    1441.99    1441.64     3.0772     2.4496    37.2640    29.6030  0.000e+00
      35845     70.000     6.4554     6.4389    0.97977    0.97828          1     2.4335     2.4096      10.98      0.509     0.3754     0.2511  1.000e-12  0.1456000     8.7764     8.7661    -0.0103    -0.0165     6.8613     6.8542     69.355     70.878    1444.82    1444.74     2.7035     1.9814    33.2650    24.3680  0.000e+00
      35862     70.500     6.5990     6.5966    1.03721    1.03814          1     2.2570     2.2195      10.59      0.664     0.3644     0.2376  1.000e-12  0.1398000     9.2931     9.3028     0.0097    -0.0025     7.2582     7.2660     69.850     71.384    1446.09    1446.09     3.2237     2.5919    39.9470    32.1210  0.000e+00
      35884     71.000     6.9657     6.9648    1.13229    1.13322          1     2.2370     2.1451      10.03      0.637     0.3440     0.2040  1.000e-12  0.1571000    10.1068    10.1161     0.0093    -0.0009     7.8711     7.8785     70.346     71.889    1448.65    1448.65     4.0191     3.9150    50.5300    49.2340  0.000e+00
      35954     71.500     6.7472     6.5848    1.07672    1.03255          1     2.0721     2.1156       9.21      0.211     0.3541     0.1894  1.000e-12  0.1489000     9.6323     9.2493    -0.3829    -0.1624     7.5139     7.2238     70.841     72.395    1447.15    1445.98     2.6352     2.8045    32.9020    34.8370  0.000e+00
      36000     72.000     6.8070     6.5794    1.08760    1.02692          1     1.7392     1.8396       8.80      0.270     0.3489     0.2000  1.000e-12  0.1494000     9.7200     9.1986    -0.5214    -0.2276     7.5785     7.1852     71.336     72.900    1447.51    1445.91     1.3253     0.8411    16.5370    10.4000  0.000e+00
      36020     72.500     7.1377     7.1203    1.17756    1.17583          1     1.5554     1.6316       8.42      0.462     0.3372     0.1941  1.000e-12  0.1590000    10.4919    10.4805    -0.0114    -0.0174     8.1603     8.1527     71.832     73.405    1449.86    1449.78     1.2225     0.7570    15.4690     9.5760  0.000e+00
      36038     73.000     7.3815     7.3813    1.23398    1.23527          1     1.4581     1.5048       7.96      0.597     0.3584     0.2062  1.000e-12  0.1639000    10.9589    10.9714     0.0125    -0.0001     8.5068     8.5166     72.327     73.911    1451.46    1451.48     1.4324     1.1130    18.2890    14.2130  0.000e+00
      36057     73.500     7.4543     7.4529    1.25363    1.25404          1     1.4298     1.4425       7.44      0.655     0.3420     0.2185  1.000e-12  0.1590000    11.1244    11.1288     0.0044    -0.0014     8.6304     8.6340     72.822     74.415    1451.97    1451.97     1.9236     1.8945    24.6290    24.2570  0.000e+00
      36137     74.000     7.3733     7.3739    1.23507    1.23429          1     1.4444     1.4294       6.90      0.527     0.3517     0.2188  1.000e-12  0.1513000    10.9714    10.9637    -0.0077     0.0006     8.5171     8.5110     73.318     74.920    1451.46    1451.45     2.0250     2.1613    25.8780    27.6340  0.000e+00
      36198     74.500     7.4344     7.3704    1.25354    1.23728          1     1.4018     1.3818       6.56      0.691     0.3597     0.2226  1.000e-12  0.1527000    11.1296    10.9937    -0.1359    -0.0640     8.6361     8.5350     73.813     75.425    1451.91    1451.48     1.7858     1.6860    22.8550    21.5280  0.000e+00
      36214     75.000     7.5383     7.5270    1.27416    1.27233          1     1.4380     1.3898       6.03      0.854     0.3639     0.1631  1.000e-12  0.1622000    11.2940    11.2800    -0.0140    -0.0113     8.7561     8.7461     74.308     75.930    1452.55    1452.49     2.2094     2.2501    28.3780    28.8930  0.000e+00
      36337     75.500     7.3005     7.3265    1.21525    1.22237          1     1.4077     1.3515       5.51      0.730     0.3807     0.2035  1.000e-12  0.1734000    10.8038    10.8642     0.0603     0.0260     8.3919     8.4370     74.803     76.435    1450.97    1451.16     1.7008     1.6590    21.6510    21.1410  0.000e+00
      36516     76.000     7.4679     7.5097    1.25424    1.26563          1     1.2919     1.2415       4.79      0.554     0.3682     0.2013  1.000e-12  0.1960000    11.1250    11.2210     0.0960     0.0419     8.6296     8.7013     75.299     76.940    1452.07    1452.36     1.4799     1.5186    18.9410    19.4720  0.000e+00
