ctdpy/tests/etc/exprapp_feb_2020/SBE09_1387_20200202_1316_77_10_0096.cnv
* Sea-Bird SBE 9 Data File:
* FileName = L:\2020\sv20d0096.hex
* Software Version Seasave V 7.26.7.121
* Temperature SN = 6378
* Conductivity SN = 4824
* Number of Bytes Per Scan = 41
* Number of Voltage Words = 4
* Number of Scans Averaged by the Deck Unit = 1
* NMEA Latitude = 58 30.15 N
* NMEA Longitude = 010 50.85 E
* NMEA UTC (Time) = Feb 02 2020  13:16:16
* NMEA baud rate = 4800
** Station:  5W Vaderoarna
** Operator:  A-KTh
** Ship: SVEA
** Average sound velocity: 1478.74 m/s
** True-depth calculation Sun, 02 Feb 2020 13:43:01 +0000
** CTD Python Module SMHI /ver 3-12/ feb 2012 
** LIMS Job: 20207710-0096
** Cruise: SMHI-02-2020
** Latitude [GG MM.mm N] :
** Longitude [GGG MM.mm E]:
# nquan = 30
# nvalues = 185                         
# units = specified
# name 0 = scan: Scan Count
# name 1 = prDM: Pressure, Digiquartz [db]
# name 2 = t090C: Temperature [ITS-90, deg C]
# name 3 = t190C: Temperature, 2 [ITS-90, deg C]
# name 4 = c0S/m: Conductivity [S/m]
# name 5 = c1S/m: Conductivity, 2 [S/m]
# name 6 = pumps: Pump Status
# name 7 = sbeox0V: Oxygen raw, SBE 43 [V]
# name 8 = sbeox1V: Oxygen raw, SBE 43, 2 [V]
# name 9 = altM: Altimeter [m]
# name 10 = dz/dtM: Descent Rate [m/s]
# name 11 = flECO-AFL: Chl-a Fluorescence, WET Labs ECO-AFL/FL [mg/m^3]
# name 12 = flECO-AFL1: Phycocyanin Fluorescence, WET Labs ECO-AFL/FL, 2 [mg/m^3]
# name 13 = par: PAR/Irradiance, Biospherical/Lico [µE/(cm^2*s)]
# name 14 = turbWETntu0: Turbidity, WET Labs ECO [NTU]
# name 15 = sal00: Salinity, Practical [PSU]
# name 16 = sal11: Salinity, Practical, 2 [PSU]
# name 17 = secS-priS: Salinity, Practical, Difference, 2 - 1 [PSU]
# name 18 = T2-T190C: Temperature Difference, 2 - 1 [ITS-90, deg C]
# name 19 = sigma-t00: Density [sigma-t, kg/m^3 ]
# name 20 = sigma-t11: Density, 2 [sigma-t, kg/m^3 ]
# name 21 = depSM: Depth [salt water, m], lat = 58.5025
# name 22 = depFM: Depth [true depth, m], lat = 58.5025
# name 23 = svCM: Sound Velocity [Chen-Millero, m/s]
# name 24 = svCM1: Sound Velocity, 2 [Chen-Millero, m/s]
# name 25 = sbeox0ML/L: Oxygen, SBE 43 [ml/l], WS = 2
# name 26 = sbeox1ML/L: Oxygen, SBE 43, 2 [ml/l], WS = 2
# name 27 = sbeox0PS: Oxygen, SBE 43 [% saturation], WS = 2
# name 28 = sbeox1PS: Oxygen, SBE 43, 2 [% saturation], WS = 2
# name 29 = flag: flag
# span 0 =      14550,      19977       
# span 1 =      3.000,     95.000       
# span 2 =     5.9685,     7.2830       
# span 3 =     5.9674,     7.2829       
# span 4 =   3.001229,   3.527020       
# span 5 =   3.001345,   3.526889       
# span 6 =          1,          1       
# span 7 =     3.5256,     3.5739       
# span 8 =     3.2847,     3.3301       
# span 9 =       3.14,     108.28       
# span 10 =     -0.279,      1.497      
# span 11 =     0.3684,     1.0903      
# span 12 =     0.1882,     0.3988      
# span 13 = -8.584e-05, 4.1331e+01      
# span 14 =     0.3562,     2.4603      
# span 15 =    30.1475,    34.6509      
# span 16 =    30.1486,    34.6497      
# span 17 =    -0.2864,     0.1286      
# span 18 =    -0.0553,     0.0239      
# span 19 =    23.7238,    27.1041      
# span 20 =    23.7246,    27.1032      
# span 21 =      2.972,     94.094      
# span 22 =      2.985,     94.246      
# span 23 =    1468.56,    1480.87      
# span 24 =    1468.55,    1480.87      
# span 25 =     6.2518,     6.7309      
# span 26 =     6.3416,     6.8368      
# span 27 =     92.371,     94.280      
# span 28 =     93.587,     95.755      
# span 29 = 0.0000e+00, 0.0000e+00      
# interval = decibars: 0.5              
# start_time = Feb 02 2020 13:16:16 [NMEA time, first data scan]
# bad_flag = -9.990e-29
*END*
[from data line 97]
      17290     51.500     7.1512     7.1524    3.50782    3.50788          1     3.5274     3.2875      46.18      0.555     0.4211     0.2554  1.000e-12  0.9479000    34.5944    34.5938    -0.0006     0.0012    27.0782    27.0776     51.014     51.109    1479.58    1479.58     6.2673     6.3602    92.9070    94.2870  0.000e+00
      17326     52.000     7.1564     7.1580    3.50866    3.50867          1     3.5275     3.2871      45.48      0.331     0.4123     0.2665  1.000e-12  0.9059000    34.5982    34.5967    -0.0014     0.0016    27.0804    27.0791     51.509     51.605    1479.61    1479.62     6.2653     6.3614    92.8910    94.3180  0.000e+00
      17389     52.500     7.1659     7.1687    3.51012    3.51035          1     3.5276     3.2874      45.03      0.165     0.4061     0.3001  1.000e-12  0.9038000    34.6044    34.6042    -0.0002     0.0028    27.0840    27.0834     52.005     52.100    1479.67    1479.68     6.2653     6.3624    92.9140    94.3610  0.000e+00
      17415     53.000     7.1762     7.1763    3.51154    3.51145          1     3.5280     3.2870      44.79      0.348     0.4163     0.2061  1.000e-12  1.0244000    34.6094    34.6082    -0.0012     0.0002    27.0865    27.0856     52.500     52.596    1479.72    1479.72     6.2645     6.3569    92.9280    94.2980  0.000e+00
      17432     53.500     7.1806     7.1808    3.51217    3.51206          1     3.5278     3.2869      44.43      0.533     0.4265     0.2418  1.000e-12  1.0563000    34.6116    34.6102    -0.0014     0.0002    27.0877    27.0865     52.995     53.092    1479.75    1479.75     6.2608     6.3584    92.8840    94.3320  0.000e+00
      17446     54.000     7.1876     7.1864    3.51311    3.51285          1     3.5273     3.2869      43.97      0.695     0.4169     0.2674  1.000e-12  1.1531000    34.6147    34.6130    -0.0017    -0.0012    27.0891    27.0879     53.490     53.588    1479.79    1479.78     6.2570     6.3588    92.8440    94.3520  0.000e+00
      17458     54.500     7.1916     7.1925    3.51365    3.51362          1     3.5272     3.2870      43.65      0.828     0.4155     0.2749  1.000e-12  1.2098000    34.6162    34.6150    -0.0012     0.0009    27.0897    27.0886     53.986     54.084    1479.81    1479.81     6.2565     6.3584    92.8460    94.3600  0.000e+00
      17471     55.000     7.1955     7.1941    3.51413    3.51384          1     3.5263     3.2870      43.26      0.917     0.4193     0.2815  1.000e-12  1.2629000    34.6174    34.6156    -0.0017    -0.0014    27.0901    27.0889     54.481     54.580    1479.84    1479.83     6.2559     6.3584    92.8470    94.3630  0.000e+00
      17486     55.500     7.1987     7.1970    3.51457    3.51423          1     3.5263     3.2870      42.62      0.925     0.4230     0.2679  1.000e-12  1.3046000    34.6188    34.6167    -0.0021    -0.0017    27.0908    27.0894     54.976     55.076    1479.86    1479.85     6.2584     6.3581    92.8900    94.3660  0.000e+00
      17511     56.000     7.1990     7.1997    3.51460    3.51449          1     3.5269     3.2870      41.84      0.666     0.4174     0.2654  1.000e-12  1.4869000    34.6186    34.6166    -0.0019     0.0006    27.0905    27.0889     55.471     55.571    1479.87    1479.87     6.2625     6.3592    92.9520    94.3880  0.000e+00
      17554     56.500     7.2038     7.2069    3.51522    3.51544          1     3.5274     3.2876      40.90      0.249     0.4085     0.3152  1.000e-12  1.1765000    34.6203    34.6196    -0.0007     0.0031    27.0912    27.0902     55.966     56.067    1479.90    1479.91     6.2591     6.3620    92.9130    94.4480  0.000e+00
      17585     57.000     7.2094     7.2097    3.51592    3.51583          1     3.5267     3.2882      40.40      0.349     0.4031     0.2663  1.000e-12  1.2433000    34.6221    34.6208    -0.0013     0.0003    27.0918    27.0907     56.462     56.563    1479.93    1479.93     6.2569     6.3599    92.8940    94.4220  0.000e+00
      17609     57.500     7.2107     7.2103    3.51611    3.51594          1     3.5266     3.2876      40.21      0.466     0.4122     0.2497  1.000e-12  1.2824000    34.6225    34.6211    -0.0014    -0.0004    27.0920    27.0909     56.957     57.059    1479.94    1479.94     6.2594     6.3559    92.9340    94.3650  0.000e+00
      17635     58.000     7.2119     7.2117    3.51629    3.51612          1     3.5268     3.2874      39.45      0.482     0.4141     0.2711  1.000e-12  1.3617000    34.6231    34.6215    -0.0017    -0.0001    27.0923    27.0910     57.452     57.555    1479.96    1479.95     6.2575     6.3570    92.9080    94.3840  0.000e+00
      17664     58.500     7.2148     7.2146    3.51666    3.51653          1     3.5262     3.2871      38.95      0.412     0.4165     0.2407  1.000e-12  1.2291000    34.6241    34.6228    -0.0013    -0.0002    27.0926    27.0916     57.947     58.051    1479.98    1479.97     6.2586     6.3539    92.9310    94.3450  0.000e+00
      17687     59.000     7.2223     7.2224    3.51771    3.51761          1     3.5270     3.2864      38.84      0.447     0.4266     0.2868  1.000e-12  1.2434000    34.6278    34.6266    -0.0012     0.0001    27.0945    27.0936     58.442     58.546    1480.02    1480.02     6.2597     6.3424    92.9660    94.1940  0.000e+00
      17702     59.500     7.2299     7.2288    3.51873    3.51844          1     3.5266     3.2849      38.54      0.576     0.4262     0.2963  1.000e-12  1.3625000    34.6310    34.6290    -0.0020    -0.0012    27.0959    27.0945     58.938     59.042    1480.06    1480.05     6.2558     6.3416    92.9260    94.1970  0.000e+00
      17714     60.000     7.2290     7.2286    3.51859    3.51843          1     3.5270     3.2847      38.11      0.731     0.4226     0.2978  1.000e-12  1.4249000    34.6301    34.6288    -0.0014    -0.0004    27.0954    27.0944     59.433     59.538    1480.06    1480.06     6.2558     6.3483    92.9240    94.2960  0.000e+00
      17725     60.500     7.2302     7.2301    3.51883    3.51869          1     3.5263     3.2852      37.62      0.886     0.4160     0.3151  1.000e-12  1.6641000    34.6313    34.6299    -0.0014    -0.0001    27.0962    27.0950     59.928     60.034    1480.08    1480.07     6.2533     6.3528    92.8890    94.3670  0.000e+00
      17737     61.000     7.2324     7.2320    3.51915    3.51896          1     3.5256     3.2848      37.07      1.003     0.4155     0.3136  1.000e-12  1.6561000    34.6323    34.6307    -0.0016    -0.0004    27.0966    27.0954     60.423     60.530    1480.10    1480.09     6.2521     6.3540    92.8770    94.3900  0.000e+00
      17781     61.500     7.2326     7.2329    3.51917    3.51906          1     3.5257     3.2856      36.26      0.596     0.4205     0.2480  1.000e-12  1.5473000    34.6321    34.6307    -0.0015     0.0003    27.0965    27.0953     60.918     61.026    1480.10    1480.10     6.2556     6.3569    92.9290    94.4340  0.000e+00
      17844     62.000     7.2341     7.2337    3.51941    3.51923          1     3.5258     3.2861      35.71      0.262     0.4073     0.2607  1.000e-12  1.4287000    34.6331    34.6314    -0.0016    -0.0004    27.0970    27.0958     61.414     61.521    1480.12    1480.12     6.2581     6.3556    92.9700    94.4160  0.000e+00
      17859     62.500     7.2348     7.2343    3.51953    3.51934          1     3.5263     3.2862      35.39      0.545     0.4066     0.2666  1.000e-12  1.4815000    34.6333    34.6318    -0.0015    -0.0005    27.0971    27.0960     61.909     62.017    1480.13    1480.13     6.2612     6.3542    93.0180    94.3980  0.000e+00
      17875     63.000     7.2351     7.2345    3.51957    3.51937          1     3.5270     3.2860      35.05      0.695     0.4125     0.2556  1.000e-12  1.6668000    34.6333    34.6318    -0.0015    -0.0007    27.0970    27.0959     62.404     62.513    1480.14    1480.14     6.2628     6.3536    93.0430    94.3890  0.000e+00
      17890     63.500     7.2356     7.2355    3.51965    3.51954          1     3.5271     3.2858      34.58      0.776     0.4125     0.2392  1.000e-12  1.6984000    34.6335    34.6323    -0.0011    -0.0001    27.0971    27.0962     62.899     63.009    1480.15    1480.15     6.2623     6.3560    93.0360    94.4280  0.000e+00
      17906     64.000     7.2390     7.2396    3.52011    3.52006          1     3.5275     3.2861      34.05      0.780     0.4114     0.2556  1.000e-12  1.7308000    34.6347    34.6335    -0.0011     0.0006    27.0976    27.0966     63.394     63.505    1480.17    1480.17     6.2610     6.3609    93.0250    94.5100  0.000e+00
      17926     64.500     7.2402     7.2403    3.52028    3.52015          1     3.5273     3.2869      33.54      0.696     0.4351     0.2814  1.000e-12  1.6365000    34.6352    34.6336    -0.0015     0.0001    27.0978    27.0966     63.890     64.001    1480.19    1480.18     6.2603     6.3620    93.0170    94.5280  0.000e+00
      17950     65.000     7.2413     7.2412    3.52043    3.52027          1     3.5272     3.2870      32.85      0.565     0.4153     0.2868  1.000e-12  1.6376000    34.6354    34.6339    -0.0015    -0.0002    27.0978    27.0966     64.385     64.496    1480.20    1480.20     6.2594     6.3582    93.0060    94.4730  0.000e+00
      17981     65.500     7.2413     7.2407    3.52047    3.52026          1     3.5270     3.2868      32.23      0.428     0.3997     0.2288  1.000e-12  1.6278000    34.6356    34.6339    -0.0017    -0.0006    27.0980    27.0967     64.880     64.992    1480.21    1480.20     6.2593     6.3547    93.0050    94.4200  0.000e+00
      18015     66.000     7.2416     7.2414    3.52053    3.52037          1     3.5263     3.2859      31.73      0.333     0.4010     0.2483  1.000e-12  1.5417000    34.6357    34.6342    -0.0016    -0.0002    27.0980    27.0968     65.375     65.488    1480.22    1480.21     6.2580     6.3522    92.9870    94.3850  0.000e+00
      18037     66.500     7.2440     7.2444    3.52085    3.52079          1     3.5266     3.2857      31.32      0.429     0.4061     0.2326  1.000e-12  1.6341000    34.6366    34.6355    -0.0011     0.0004    27.0984    27.0975     65.870     65.984    1480.24    1480.24     6.2633     6.3526    93.0710    94.3980  0.000e+00
      18054     67.000     7.2440     7.2442    3.52087    3.52078          1     3.5272     3.2852      30.93      0.583     0.4036     0.2307  1.000e-12  1.6331000    34.6366    34.6353    -0.0013     0.0003    27.0984    27.0973     66.366     66.480    1480.24    1480.24     6.2647     6.3530    93.0910    94.4040  0.000e+00
      18071     67.500     7.2451     7.2449    3.52102    3.52088          1     3.5275     3.2853      30.52      0.692     0.4017     0.2666  1.000e-12  1.6659000    34.6369    34.6355    -0.0015    -0.0001    27.0985    27.0974     66.861     66.976    1480.26    1480.25     6.2632     6.3568    93.0720    94.4620  0.000e+00
      18094     68.000     7.2475     7.2474    3.52135    3.52119          1     3.5275     3.2858      29.90      0.622     0.4098     0.2813  1.000e-12  1.8425000    34.6379    34.6362    -0.0017    -0.0001    27.0989    27.0976     67.356     67.471    1480.27    1480.27     6.2647     6.3625    93.1000    94.5520  0.000e+00
      18130     68.500     7.2504     7.2533    3.52173    3.52195          1     3.5286     3.2875      29.26      0.354     0.4069     0.2247  1.000e-12  1.7663000    34.6388    34.6383    -0.0005     0.0029    27.0992    27.0984     67.851     67.967    1480.29    1480.31     6.2670     6.3686    93.1400    94.6570  0.000e+00
      18160     69.000     7.2540     7.2544    3.52220    3.52212          1     3.5288     3.2882      28.81      0.349     0.4110     0.2016  1.000e-12  1.4910000    34.6401    34.6388    -0.0012     0.0003    27.0997    27.0987     68.346     68.463    1480.32    1480.32     6.2675     6.3672    93.1560    94.6380  0.000e+00
      18179     69.500     7.2528     7.2527    3.52207    3.52195          1     3.5296     3.2891      28.41      0.503     0.4120     0.1882  1.000e-12  1.6529000    34.6396    34.6384    -0.0012    -0.0001    27.0995    27.0985     68.842     68.959    1480.32    1480.32     6.2703     6.3719    93.1950    94.7050  0.000e+00
      18197     70.000     7.2549     7.2547    3.52234    3.52220          1     3.5298     3.2896      27.94      0.622     0.4029     0.2546  1.000e-12  1.5925000    34.6402    34.6389    -0.0013    -0.0002    27.0996    27.0986     69.337     69.455    1480.34    1480.34     6.2691     6.3705    93.1830    94.6880  0.000e+00
      18218     70.500     7.2579     7.2565    3.52270    3.52244          1     3.5299     3.2898      27.40      0.636     0.4096     0.2468  1.000e-12  1.6831000    34.6409    34.6396    -0.0013    -0.0015    27.0998    27.0990     69.832     69.951    1480.36    1480.35     6.2670     6.3673    93.1580    94.6460  0.000e+00
      18245     71.000     7.2588     7.2597    3.52286    3.52280          1     3.5292     3.2897      26.80      0.497     0.4085     0.2346  1.000e-12  1.6486000    34.6415    34.6401    -0.0014     0.0008    27.1001    27.0989     70.327     70.446    1480.37    1480.38     6.2642     6.3644    93.1180    94.6100  0.000e+00
      18270     71.500     7.2602     7.2576    3.52305    3.52259          1     3.5290     3.2893      25.86      0.432     0.4025     0.2350  1.000e-12  1.7047000    34.6420    34.6396    -0.0024    -0.0026    27.1003    27.0988     70.822     70.942    1480.39    1480.37     6.2670     6.3648    93.1640    94.6110  0.000e+00
      18288     72.000     7.2551     7.2549    3.52246    3.52232          1     3.5291     3.2895      25.82      0.536     0.4053     0.2368  1.000e-12  1.7883000    34.6404    34.6390    -0.0014    -0.0002    27.0998    27.0987     71.317     71.438    1480.37    1480.37     6.2683     6.3636    93.1710    94.5870  0.000e+00
      18304     72.500     7.2596     7.2585    3.52305    3.52279          1     3.5291     3.2887      25.56      0.667     0.4058     0.2595  1.000e-12  1.8532000    34.6420    34.6403    -0.0016    -0.0012    27.1004    27.0993     71.813     71.934    1480.40    1480.39     6.2686     6.3594    93.1860    94.5320  0.000e+00
      18321     73.000     7.2605     7.2603    3.52317    3.52301          1     3.5295     3.2884      25.02      0.734     0.4133     0.2595  1.000e-12  1.7706000    34.6422    34.6406    -0.0016    -0.0002    27.1004    27.0992     72.308     72.430    1480.41    1480.41     6.2708     6.3637    93.2200    94.6000  0.000e+00
      18351     73.500     7.2603     7.2602    3.52315    3.52301          1     3.5295     3.2884      24.35      0.530     0.4111     0.2047  1.000e-12  1.7845000    34.6420    34.6405    -0.0015    -0.0001    27.1003    27.0991     72.803     72.926    1480.42    1480.42     6.2690     6.3642    93.1930    94.6080  0.000e+00
      18402     74.000     7.2612     7.2614    3.52330    3.52319          1     3.5302     3.2885      23.73      0.181     0.3920     0.2392  1.000e-12  1.4426000    34.6424    34.6410    -0.0014     0.0002    27.1005    27.0994     73.298     73.421    1480.43    1480.43     6.2752     6.3684    93.2880    94.6730  0.000e+00
      18428     74.500     7.2621     7.2615    3.52342    3.52323          1     3.5313     3.2886      23.37      0.375     0.4035     0.2393  1.000e-12  1.7240000    34.6426    34.6411    -0.0015    -0.0006    27.1005    27.0994     73.793     73.917    1480.44    1480.44     6.2788     6.3674    93.3430    94.6580  0.000e+00
      18448     75.000     7.2623     7.2649    3.52347    3.52368          1     3.5324     3.2892      22.95      0.520     0.4125     0.2392  1.000e-12  1.6405000    34.6427    34.6424    -0.0003     0.0026    27.1006    27.1000     74.288     74.413    1480.45    1480.46     6.2802     6.3714    93.3660    94.7260  0.000e+00
