ctdpy/tests/etc/exprapp_feb_2020/SBE09_1387_20200207_0801_77_10_0120.cnv
* Sea-Bird SBE 9 Data File:
* FileName = L:\2020\sv20d0120.hex
* Software Version Seasave V 7.26.7.121
* Temperature SN = 6378
* Conductivity SN = 4824
* Number of Bytes Per Scan = 41
* Number of Voltage Words = 4
* Number of Scans Averaged by the Deck Unit = 1
* NMEA Latitude = 57 11.57 N
* NMEA Longitude = 011 39.44 E
* NMEA UTC (Time) = Feb 07 2020  08:01:28
* NMEA baud rate = 4800
** Station:  Fladen
** Operator:  DBSj
** Ship: SVEA
** Average sound velocity: 1474.83 m/s
** True-depth calculation Fri, 07 Feb 2020 09:43:39 +0000
** CTD Python Module SMHI /ver 3-12/ feb 2012 
** LIMS Job: 20207710-0120
** Cruise: SMHI-03-2020
** Latitude [GG MM.mm N] :
** Longitude [GGG MM.mm E]:
# nquan = 30
# nvalues = 165                         
# units = specified
# name 0 = scan: Scan Count
# name 1 = prDM: Pressure, Digiquartz [db]
# name 2 = t090C: Temperature [ITS-90, deg C]
# name 3 = t190C: Temperature, 2 [ITS-90, deg C]
# name 4 = c0S/m: Conductivity [S/m]
# name 5 = c1S/m: Conductivity, 2 [S/m]
# name 6 = pumps: Pump Status
# name 7 = sbeox0V: Oxygen raw, SBE 43 [V]
# name 8 = sbeox1V: Oxygen raw, SBE 43, 2 [V]
# name 9 = altM: Altimeter [m]
# name 10 = dz/dtM: Descent Rate [m/s]
# name 11 = flECO-AFL: Chl-a Fluorescence, WET Labs ECO-AFL/FL [mg/m^3]
# name 12 = flECO-AFL1: Phycocyanin Fluorescence, WET Labs ECO-AFL/FL, 2 [mg/m^3]
# name 13 = par: PAR/Irradiance, Biospherical/Lico [µE/(cm^2*s)]
# name 14 = turbWETntu0: Turbidity, WET Labs ECO [NTU]
# name 15 = sal00: Salinity, Practical [PSU]
# name 16 = sal11: Salinity, Practical, 2 [PSU]
# name 17 = secS-priS: Salinity, Practical, Difference, 2 - 1 [PSU]
# name 18 = T2-T190C: Temperature Difference, 2 - 1 [ITS-90, deg C]
# name 19 = sigma-t00: Density [sigma-t, kg/m^3 ]
# name 20 = sigma-t11: Density, 2 [sigma-t, kg/m^3 ]
# name 21 = depSM: Depth [salt water, m], lat = 57.1928
# name 22 = depFM: Depth [true depth, m], lat = 57.1928
# name 23 = svCM: Sound Velocity [Chen-Millero, m/s]
# name 24 = svCM1: Sound Velocity, 2 [Chen-Millero, m/s]
# name 25 = sbeox0ML/L: Oxygen, SBE 43 [ml/l], WS = 2
# name 26 = sbeox1ML/L: Oxygen, SBE 43, 2 [ml/l], WS = 2
# name 27 = sbeox0PS: Oxygen, SBE 43 [% saturation], WS = 2
# name 28 = sbeox1PS: Oxygen, SBE 43, 2 [% saturation], WS = 2
# name 29 = flag: flag
# span 0 =      40317,      47115       
# span 1 =      2.000,     84.500       
# span 2 =     5.0268,     7.2156       
# span 3 =     5.0268,     7.2137       
# span 4 =   2.366960,   3.425430       
# span 5 =   2.366985,   3.424972       
# span 6 =          1,          1       
# span 7 =     3.3746,     3.6404       
# span 8 =     3.1431,     3.3830       
# span 9 =       0.95,      98.03       
# span 10 =     -0.058,      0.523      
# span 11 =     0.2868,     1.5997      
# span 12 =     0.1672,     0.4520      
# span 13 = -6.515e-07, 4.4359e+01      
# span 14 =     0.3899,     1.8107      
# span 15 =    23.8793,    33.6195      
# span 16 =    23.8798,    33.6164      
# span 17 =    -0.0518,     0.2476      
# span 18 =    -0.0264,     0.0246      
# span 19 =    18.8698,    26.3032      
# span 20 =    18.8701,    26.3009      
# span 21 =      1.982,     83.705      
# span 22 =      1.999,     83.975      
# span 23 =    1456.77,    1481.50      
# span 24 =    1456.77,    1481.49      
# span 25 =     5.9757,     7.3860      
# span 26 =     6.0630,     7.4874      
# span 27 =     88.117,     97.001      
# span 28 =     89.404,     98.335      
# span 29 = 0.0000e+00, 0.0000e+00      
# interval = decibars: 0.5              
# start_time = Feb 07 2020 08:01:29 [NMEA time, first data scan]
# bad_flag = -9.990e-29
*END*
[from data line 49]
      41566     26.500     6.9482     6.9486    3.22590    3.22610          1     3.4248     3.1900      63.74      0.504     0.4468     0.2186  8.085e-02  0.5154000    31.7208    31.7227     0.0019     0.0003    24.8433    24.8448     26.254     26.392    1474.79    1474.79     6.1598     6.2576    89.1880    90.6070  0.000e+00
      41589     27.000     6.9567     6.9574    3.23005    3.23043          1     3.4247     3.1904      97.42      0.512     0.4516     0.2262  6.608e-02  0.5197000    31.7580    31.7615     0.0035     0.0007    24.8715    24.8742     26.750     26.889    1474.88    1474.88     6.1586     6.2487    89.2100    90.5190  0.000e+00
      41613     27.500     6.9618     6.9609    3.23291    3.23292          1     3.4241     3.1895      82.45      0.510     0.4228     0.2151  4.847e-02  0.5309000    31.7842    31.7851     0.0009    -0.0009    24.8915    24.8923     27.245     27.386    1474.94    1474.93     6.1565     6.2412    89.2060    90.4320  0.000e+00
      41638     28.000     6.9633     6.9623    3.23409    3.23406          1     3.4240     3.1890      79.89      0.491     0.4060     0.2138  3.961e-02  0.5391000    31.7954    31.7961     0.0007    -0.0010    24.9001    24.9007     27.741     27.883    1474.96    1474.96     6.1567     6.2441    89.2180    90.4830  0.000e+00
      41664     28.500     6.9669     6.9652    3.23657    3.23603          1     3.4237     3.1887      56.53      0.473     0.4116     0.1765  2.602e-02  0.5362000    31.8189    31.8145    -0.0044    -0.0017    24.9181    24.9149     28.236     28.380    1475.02    1475.00     6.1551     6.2434    89.2170    90.4900  0.000e+00
      41688     29.000     6.9698     6.9681    3.23837    3.23783          1     3.4240     3.1888      73.06      0.479     0.4205     0.2536  1.796e-02  0.5303000    31.8356    31.8313    -0.0043    -0.0017    24.9309    24.9277     28.731     28.877    1475.06    1475.04     6.1568     6.2468    89.2560    90.5560  0.000e+00
      41713     29.500     6.9723     6.9717    3.23980    3.23966          1     3.4237     3.1888      75.44      0.486     0.4065     0.2089  8.279e-03  0.5387000    31.8486    31.8476    -0.0010    -0.0006    24.9408    24.9401     29.227     29.374    1475.09    1475.09     6.1501     6.2377    89.1720    90.4410  0.000e+00
      41738     30.000     6.9763     6.9776    3.24161    3.24229          1     3.4226     3.1876      97.59      0.489     0.4138     0.1925  3.891e-04  0.5695000    31.8644    31.8706     0.0062     0.0013    24.9527    24.9574     29.722     29.870    1475.13    1475.15     6.1452     6.2267    89.1200    90.3070  0.000e+00
      41762     30.500     6.9888     6.9902    3.24701    3.24763          1     3.4210     3.1859      97.56      0.489     0.4024     0.2142 -6.515e-07  0.6332000    31.9113    31.9168     0.0055     0.0013    24.9880    24.9921     30.217     30.367    1475.25    1475.26     6.1361     6.2226    89.0400    90.3010  0.000e+00
      41786     31.000     7.0089     7.0098    3.25556    3.25648          1     3.4199     3.1854      97.57      0.494     0.3749     0.2537  1.000e-12  0.5497000    31.9856    31.9947     0.0092     0.0010    25.0438    25.0508     30.713     30.864    1475.43    1475.44     6.1334     6.2188    89.0860    90.3340  0.000e+00
      41811     31.500     7.0290     7.0322    3.26614    3.26809          1     3.4199     3.1845      97.57      0.492     0.3840     0.2767  1.000e-12  0.5506000    32.0819    32.1000     0.0181     0.0033    25.1169    25.1307     31.208     31.361    1475.64    1475.67     6.1290     6.2092    89.1190    90.3030  0.000e+00
      41836     32.000     7.0430     7.0474    3.27502    3.27827          1     3.4197     3.1836      97.57      0.477     0.3641     0.2541  1.000e-12  0.5200000    32.1652    32.1964     0.0312     0.0044    25.1806    25.2046     31.703     31.858    1475.80    1475.86     6.1216     6.1921    89.0900    90.1430  0.000e+00
      41862     32.500     7.0586     7.0657    3.28680    3.28986          1     3.4191     3.1814      64.80      0.468     0.3741     0.2376  1.000e-12  0.5277000    32.2786    32.3053     0.0267     0.0071    25.2678    25.2878     32.198     32.354    1476.01    1476.07     6.1091     6.1774    89.0060    90.0310  0.000e+00
      41887     33.000     7.0735     7.0743    3.29324    3.29353          1     3.4165     3.1790      52.39      0.476     0.3517     0.2506  1.000e-12  0.5673000    32.3345    32.3369     0.0024     0.0008    25.3098    25.3115     32.694     32.851    1476.15    1476.16     6.0880     6.1618    88.7610    89.8400  0.000e+00
      41912     33.500     7.0978     7.1047    3.30139    3.30392          1     3.4121     3.1757      52.09      0.484     0.3454     0.2712  1.000e-12  0.5943000    32.4001    32.4211     0.0211     0.0069    25.3581    25.3738     33.189     33.348    1476.34    1476.39     6.0687     6.1456    88.5670    89.7160  0.000e+00
      41937     34.000     7.1380     7.1444    3.31648    3.31725          1     3.4076     3.1727      51.47      0.484     0.3427     0.2706  1.000e-12  0.6123000    32.5262    32.5286     0.0024     0.0064    25.4520    25.4530     33.684     33.844    1476.66    1476.68     6.0450     6.1267    88.3770    89.5860  0.000e+00
      41962     34.500     7.1746     7.1770    3.32421    3.32473          1     3.4025     3.1692      51.08      0.483     0.3335     0.2325  1.000e-12  0.6316000    32.5755    32.5789     0.0034     0.0024    25.4858    25.4881     34.180     34.341    1476.87    1476.88     6.0304     6.1113    88.2650    89.4560  0.000e+00
      41986     35.000     7.1974     7.1956    3.33206    3.33186          1     3.3994     3.1666      50.53      0.480     0.3264     0.2077  1.000e-12  0.6317000    32.6390    32.6385    -0.0005    -0.0018    25.5327    25.5325     34.675     34.838    1477.04    1477.04     6.0264     6.1120    88.2900    89.5410  0.000e+00
      42010     35.500     7.2053     7.2045    3.33711    3.33728          1     3.3976     3.1657      50.02      0.495     0.3144     0.2378  1.000e-12  0.6241000    32.6862    32.6888     0.0025    -0.0007    25.5688    25.5708     35.170     35.334    1477.14    1477.14     6.0251     6.1151    88.3140    89.6330  0.000e+00
      42033     36.000     7.2090     7.2062    3.34098    3.34106          1     3.3972     3.1653      49.48      0.515     0.3273     0.2382  1.000e-12  0.6495000    32.7245    32.7280     0.0035    -0.0028    25.5984    25.6015     35.666     35.831    1477.21    1477.20     6.0262     6.1139    88.3590    89.6420  0.000e+00
      42058     36.500     7.2061     7.2045    3.34320    3.34284          1     3.3974     3.1649      49.04      0.502     0.3093     0.2335  1.000e-12  0.6847000    32.7511    32.7487    -0.0025    -0.0016    25.6197    25.6180     36.161     36.327    1477.24    1477.23     6.0316     6.1171    88.4490    89.6970  0.000e+00
      42083     37.000     7.2047     7.2040    3.34364    3.34341          1     3.3982     3.1653      48.47      0.484     0.3115     0.1771  1.000e-12  0.6840000    32.7570    32.7552    -0.0018    -0.0007    25.6245    25.6232     36.656     36.824    1477.25    1477.25     6.0333     6.1220    88.4740    89.7720  0.000e+00
      42107     37.500     7.1996     7.1982    3.34446    3.34432          1     3.3990     3.1659      61.62      0.486     0.3202     0.1887  1.000e-12  0.6863000    32.7704    32.7703    -0.0001    -0.0014    25.6358    25.6359     37.152     37.320    1477.26    1477.25     6.0353     6.1244    88.5020    89.8050  0.000e+00
      42130     38.000     7.1950     7.1942    3.34501    3.34483          1     3.3991     3.1665      90.63      0.504     0.3193     0.2172  1.000e-12  0.7314000    32.7806    32.7794    -0.0012    -0.0008    25.6444    25.6435     37.647     37.817    1477.26    1477.26     6.0352     6.1320    88.4960    89.9130  0.000e+00
      42155     38.500     7.1902     7.1888    3.34521    3.34500          1     3.4002     3.1686      47.22      0.504     0.3097     0.2339  1.000e-12  0.6881000    32.7871    32.7862    -0.0010    -0.0014    25.6502    25.6496     38.142     38.314    1477.26    1477.25     6.0486     6.1511    88.6870    90.1860  0.000e+00
      42179     39.000     7.1825     7.1818    3.34505    3.34490          1     3.4040     3.1719      46.29      0.489     0.3206     0.2244  1.000e-12  0.7009000    32.7924    32.7914    -0.0010    -0.0007    25.6554    25.6547     38.638     38.810    1477.24    1477.24     6.0635     6.1621    88.8930    90.3360  0.000e+00
      42203     39.500     7.1642     7.1601    3.34386    3.34355          1     3.4068     3.1744      45.89      0.500     0.3206     0.2117  1.000e-12  0.7281000    32.7966    32.7971     0.0005    -0.0041    25.6612    25.6622     39.133     39.307    1477.19    1477.17     6.0704     6.1641    88.9590    90.3240  0.000e+00
      42226     40.000     7.1424     7.1394    3.34241    3.34212          1     3.4098     3.1762      45.45      0.516     0.3214     0.2122  1.000e-12  0.7125000    32.8013    32.8011    -0.0003    -0.0031    25.6679    25.6681     39.628     39.803    1477.11    1477.10     6.0836     6.1819    89.1110    90.5450  0.000e+00
      42249     40.500     7.1333     7.1347    3.34190    3.34183          1     3.4135     3.1805      44.87      0.523     0.3208     0.2387  1.000e-12  0.7386000    32.8042    32.8021    -0.0021     0.0014    25.6713    25.6695     40.123     40.300    1477.09    1477.09     6.0943     6.2017    89.2500    90.8240  0.000e+00
      42272     41.000     7.1192     7.1180    3.34143    3.34128          1     3.4169     3.1844      44.55      0.516     0.3122     0.2592  1.000e-12  0.7273000    32.8122    32.8118    -0.0004    -0.0013    25.6796    25.6794     40.619     40.796    1477.06    1477.05     6.1074     6.2163    89.4170    91.0090  0.000e+00
      42297     41.500     7.0931     7.0850    3.34061    3.34024          1     3.4226     3.1898      44.08      0.491     0.3189     0.2346  1.000e-12  0.7537000    32.8279    32.8316     0.0037    -0.0081    25.6955    25.6995     41.114     41.293    1476.98    1476.95     6.1336     6.2425    89.7570    91.3360  0.000e+00
      42321     42.000     7.0752     7.0707    3.34024    3.34000          1     3.4294     3.1951      53.90      0.492     0.3213     0.2377  1.000e-12  0.7219000    32.8408    32.8423     0.0015    -0.0044    25.7080    25.7098     41.609     41.789    1476.94    1476.92     6.1507     6.2505    89.9780    91.4290  0.000e+00
      42344     42.500     7.0265     7.0241    3.33817    3.33790          1     3.4339     3.1987      96.66      0.514     0.3293     0.2580  1.000e-12  0.7560000    32.8643    32.8636    -0.0007    -0.0024    25.7331    25.7329     42.105     42.286    1476.79    1476.78     6.1590     6.2579    90.0130    91.4520  0.000e+00
      42367     43.000     7.0059     7.0025    3.33687    3.33656          1     3.4383     3.2022      39.19      0.519     0.3252     0.2357  1.000e-12  0.8917000    32.8695    32.8695    -0.0001    -0.0034    25.7400    25.7404     42.600     42.782    1476.72    1476.71     6.1800     6.2802    90.2800    91.7350  0.000e+00
      42391     43.500     6.9927     6.9933    3.33604    3.33598          1     3.4455     3.2081      65.17      0.506     0.3286     0.2226  1.000e-12  0.8326000    32.8728    32.8716    -0.0012     0.0006    25.7443    25.7433     43.095     43.279    1476.68    1476.68     6.2100     6.3125    90.6920    92.1900  0.000e+00
      42416     44.000     6.9559     6.9507    3.33353    3.33318          1     3.4539     3.2151      74.13      0.498     0.3330     0.2342  1.000e-12  0.7955000    32.8803    32.8814     0.0011    -0.0052    25.7552    25.7567     43.591     43.775    1476.56    1476.54     6.2322     6.3355    90.9430    92.4400  0.000e+00
      42440     44.500     6.9014     6.8970    3.33003    3.32972          1     3.4605     3.2209      40.70      0.493     0.3404     0.2239  1.000e-12  0.7974000    32.8939    32.8947     0.0008    -0.0044    25.7731    25.7744     44.086     44.272    1476.37    1476.35     6.2423     6.3434    90.9850    92.4490  0.000e+00
      42464     45.000     6.8794     6.8798    3.32887    3.32881          1     3.4636     3.2244      40.40      0.496     0.3458     0.1913  1.000e-12  0.7157000    32.9020    32.9009    -0.0010     0.0004    25.7824    25.7816     44.581     44.768    1476.30    1476.30     6.2383     6.3321    90.8850    92.2530  0.000e+00
      42487     45.500     6.8829     6.8844    3.32964    3.32973          1     3.4644     3.2248      82.20      0.508     0.3443     0.1834  1.000e-12  0.6767000    32.9068    32.9064    -0.0005     0.0015    25.7858    25.7852     45.076     45.265    1476.33    1476.33     6.2348     6.3177    90.8450    92.0560  0.000e+00
      42511     46.000     6.8970     6.8980    3.33171    3.33181          1     3.4652     3.2247      61.75      0.507     0.3448     0.2087  1.000e-12  0.7133000    32.9157    32.9159     0.0002     0.0010    25.7909    25.7909     45.572     45.761    1476.40    1476.41     6.2255     6.2975    90.7440    91.7950  0.000e+00
      42535     46.500     6.9198     6.9208    3.33496    3.33503          1     3.4604     3.2194      39.20      0.503     0.3367     0.2336  1.000e-12  0.7373000    32.9293    32.9292    -0.0001     0.0010    25.7986    25.7984     46.067     46.258    1476.52    1476.52     6.1484     6.2055    89.6750    90.5090  0.000e+00
      42559     47.000     6.9394     6.9438    3.33770    3.33813          1     3.4395     3.2037      38.38      0.505     0.3215     0.2351  1.000e-12  0.7346000    32.9403    32.9408     0.0005     0.0044    25.8046    25.8045     46.562     46.754    1476.61    1476.63     6.0751     6.1434    88.6530    89.6590  0.000e+00
      42582     47.500     7.0241     7.0348    3.34786    3.34925          1     3.4275     3.1959      38.00      0.511     0.3261     0.2377  1.000e-12  0.7825000    32.9701    32.9750     0.0049     0.0107    25.8167    25.8191     47.058     47.250    1476.99    1477.04     6.1153     6.2256    89.4310    91.0690  0.000e+00
      42606     48.000     7.1628     7.1442    3.37001    3.36909          1     3.4357     3.2042      37.51      0.513     0.3279     0.2370  1.000e-12  0.9197000    33.0787    33.0864     0.0077    -0.0185    25.8833    25.8919     47.553     47.747    1477.67    1477.61     6.1799     6.3109    90.7290    92.6160  0.000e+00
      42630     48.500     7.0147     6.9883    3.36522    3.36239          1     3.4517     3.2168      36.95      0.503     0.3155     0.2342  1.000e-12  0.9735000    33.1684    33.1628    -0.0056    -0.0264    25.9741    25.9732     48.048     48.243    1477.22    1477.11     6.2451     6.3629    91.4280    93.0930  0.000e+00
      42654     49.000     6.8514     6.8471    3.34998    3.34933          1     3.4647     3.2260      36.51      0.494     0.3329     0.2604  1.000e-12  0.8860000    33.1587    33.1556    -0.0031    -0.0042    25.9884    25.9865     48.543     48.740    1476.58    1476.56     6.2782     6.3803    91.5630    93.0400  0.000e+00
      42677     49.500     6.8294     6.8307    3.34845    3.34852          1     3.4721     3.2316      36.00      0.506     0.3313     0.1762  1.000e-12  0.8915000    33.1629    33.1624    -0.0005     0.0013    25.9946    25.9941     49.039     49.236    1476.51    1476.51     6.2779     6.3719    91.5140    92.8870  0.000e+00
