ctdpy/tests/etc/exprapp_feb_2020/SBE09_1387_20200205_1120_77_10_0111.cnv
* Sea-Bird SBE 9 Data File:
* FileName = L:\2020\sv20d0111.hex
* Software Version Seasave V 7.26.7.121
* Temperature SN = 6378
* Conductivity SN = 4824
* Number of Bytes Per Scan = 41
* Number of Voltage Words = 4
* Number of Scans Averaged by the Deck Unit = 1
* NMEA Latitude = 57 58.14 N
* NMEA Longitude = 009 49.36 E
* NMEA UTC (Time) = Feb 05 2020  11:20:41
* NMEA baud rate = 4800
** Station:  24N Hirtshals
** Operator:  A-KTh
** Ship: SVEA
** Average sound velocity: 1479.89 m/s
** True-depth calculation Wed, 05 Feb 2020 18:13:09 +0000
** CTD Python Module SMHI /ver 3-12/ feb 2012 
** LIMS Job: 20207710-0111
** Cruise: SMHI-02-2020
** Latitude [GG MM.mm N] :
** Longitude [GGG MM.mm E]:
# nquan = 30
# nvalues = 207                         
# units = specified
# name 0 = scan: Scan Count
# name 1 = prDM: Pressure, Digiquartz [db]
# name 2 = t090C: Temperature [ITS-90, deg C]
# name 3 = t190C: Temperature, 2 [ITS-90, deg C]
# name 4 = c0S/m: Conductivity [S/m]
# name 5 = c1S/m: Conductivity, 2 [S/m]
# name 6 = pumps: Pump Status
# name 7 = sbeox0V: Oxygen raw, SBE 43 [V]
# name 8 = sbeox1V: Oxygen raw, SBE 43, 2 [V]
# name 9 = altM: Altimeter [m]
# name 10 = dz/dtM: Descent Rate [m/s]
# name 11 = flECO-AFL: Chl-a Fluorescence, WET Labs ECO-AFL/FL [mg/m^3]
# name 12 = flECO-AFL1: Phycocyanin Fluorescence, WET Labs ECO-AFL/FL, 2 [mg/m^3]
# name 13 = par: PAR/Irradiance, Biospherical/Lico [µE/(cm^2*s)]
# name 14 = turbWETntu0: Turbidity, WET Labs ECO [NTU]
# name 15 = sal00: Salinity, Practical [PSU]
# name 16 = sal11: Salinity, Practical, 2 [PSU]
# name 17 = secS-priS: Salinity, Practical, Difference, 2 - 1 [PSU]
# name 18 = T2-T190C: Temperature Difference, 2 - 1 [ITS-90, deg C]
# name 19 = sigma-t00: Density [sigma-t, kg/m^3 ]
# name 20 = sigma-t11: Density, 2 [sigma-t, kg/m^3 ]
# name 21 = depSM: Depth [salt water, m], lat = 57.969
# name 22 = depFM: Depth [true depth, m], lat = 57.969
# name 23 = svCM: Sound Velocity [Chen-Millero, m/s]
# name 24 = svCM1: Sound Velocity, 2 [Chen-Millero, m/s]
# name 25 = sbeox0ML/L: Oxygen, SBE 43 [ml/l], WS = 2
# name 26 = sbeox1ML/L: Oxygen, SBE 43, 2 [ml/l], WS = 2
# name 27 = sbeox0PS: Oxygen, SBE 43 [% saturation], WS = 2
# name 28 = sbeox1PS: Oxygen, SBE 43, 2 [% saturation], WS = 2
# name 29 = flag: flag
# span 0 =      15685,      21755       
# span 1 =      2.500,    105.500       
# span 2 =     6.8576,     7.3531       
# span 3 =     6.8600,     7.3532       
# span 4 =   3.439530,   3.524034       
# span 5 =   3.439910,   3.523905       
# span 6 =          1,          1       
# span 7 =     3.5104,     3.5676       
# span 8 =     3.2664,     3.3220       
# span 9 =       1.79,      98.24       
# span 10 =     -0.285,      0.750      
# span 11 =     0.4299,     0.5872      
# span 12 =     0.1822,     0.3408      
# span 13 = -1.976e-07, 1.2592e+02      
# span 14 =     0.7173,     8.4298      
# span 15 =    34.1609,    34.6731      
# span 16 =    34.1626,    34.6722      
# span 17 =    -0.0147,     0.0346      
# span 18 =    -0.0183,     0.0453      
# span 19 =    26.7772,    27.1298      
# span 20 =    26.7782,    27.1291      
# span 21 =      2.477,    104.496      
# span 22 =      2.480,    104.628      
# span 23 =    1477.10,    1480.86      
# span 24 =    1477.12,    1480.86      
# span 25 =     6.2324,     6.3782      
# span 26 =     6.3178,     6.4769      
# span 27 =     92.763,     93.839      
# span 28 =     94.031,     95.436      
# span 29 = 0.0000e+00, 0.0000e+00      
# interval = decibars: 0.5              
# start_time = Feb 05 2020 11:20:42 [NMEA time, first data scan]
# bad_flag = -9.990e-29
*END*
[from data line 97]
      18241     51.000     7.3353     7.3375    3.52142    3.52135          1     3.5282     3.2850      56.23      0.675     0.4879     0.2833  1.000e-12  5.0804000    34.5591    34.5561    -0.0030     0.0022    27.0244    27.0217     50.521     50.583    1480.24    1480.24     6.2434     6.3302    92.9210    94.2160  0.000e+00
      18256     51.500     7.3323     7.3348    3.52134    3.52129          1     3.5288     3.2858      55.73      0.747     0.5107     0.2843  1.000e-12  5.6479000    34.5610    34.5579    -0.0030     0.0025    27.0263    27.0236     51.017     51.079    1480.23    1480.24     6.2461     6.3371    92.9560    94.3140  0.000e+00
      18274     52.000     7.3261     7.3259    3.52118    3.52106          1     3.5295     3.2860      55.25      0.750     0.4877     0.3007  1.000e-12  3.7265000    34.5653    34.5641    -0.0012    -0.0002    27.0306    27.0297     51.512     51.574    1480.22    1480.22     6.2472     6.3410    92.9610    94.3560  0.000e+00
      18299     52.500     7.3259     7.3264    3.52121    3.52109          1     3.5296     3.2868      54.52      0.599     0.5036     0.2949  1.000e-12  4.4447000    34.5655    34.5638    -0.0017     0.0005    27.0308    27.0294     52.007     52.070    1480.23    1480.23     6.2475     6.3392    92.9660    94.3300  0.000e+00
      18338     53.000     7.3241     7.3230    3.52118    3.52103          1     3.5303     3.2862      53.71      0.302     0.4702     0.2666  1.000e-12  4.7501000    34.5667    34.5661    -0.0006    -0.0011    27.0320    27.0317     52.502     52.566    1480.24    1480.23     6.2479     6.3296    92.9690    94.1810  0.000e+00
      18366     53.500     7.3216     7.3208    3.52112    3.52099          1     3.5302     3.2855      53.51      0.357     0.4725     0.2627  1.000e-12  4.4059000    34.5684    34.5677    -0.0007    -0.0007    27.0337    27.0332     52.997     53.062    1480.23    1480.23     6.2469     6.3383    92.9500    94.3070  0.000e+00
      18387     54.000     7.3197     7.3198    3.52110    3.52097          1     3.5299     3.2864      53.18      0.503     0.4794     0.3242  1.000e-12  3.9579000    34.5698    34.5683    -0.0015     0.0000    27.0350    27.0339     53.493     53.558    1480.24    1480.24     6.2489     6.3454    92.9760    94.4110  0.000e+00
      18407     54.500     7.3135     7.3136    3.52099    3.52088          1     3.5303     3.2869      52.68      0.592     0.4958     0.3077  1.000e-12  3.8445000    34.5745    34.5731    -0.0013     0.0001    27.0396    27.0386     53.988     54.054    1480.23    1480.23     6.2516     6.3386    93.0070    94.3000  0.000e+00
      18428     55.000     7.3149     7.3155    3.52104    3.52093          1     3.5305     3.2860      52.13      0.592     0.4794     0.2738  1.000e-12  4.1487000    34.5734    34.5716    -0.0019     0.0006    27.0386    27.0371     54.483     54.550    1480.24    1480.24     6.2504     6.3333    92.9910    94.2240  0.000e+00
      18452     55.500     7.3135     7.3142    3.52104    3.52092          1     3.5300     3.2858      51.59      0.528     0.4992     0.3060  1.000e-12  4.3327000    34.5746    34.5726    -0.0020     0.0006    27.0397    27.0380     54.978     55.045    1480.25    1480.24     6.2473     6.3375    92.9430    94.2840  0.000e+00
      18478     56.000     7.3097     7.3100    3.52099    3.52086          1     3.5294     3.2858      51.11      0.481     0.4657     0.2696  1.000e-12  4.1375000    34.5775    34.5759    -0.0016     0.0003    27.0426    27.0412     55.474     55.541    1480.24    1480.24     6.2474     6.3410    92.9380    94.3300  0.000e+00
      18503     56.500     7.3060     7.3058    3.52092    3.52081          1     3.5288     3.2862      50.57      0.474     0.4731     0.2928  1.000e-12  2.9478000    34.5803    34.5792    -0.0010    -0.0002    27.0452    27.0444     55.969     56.037    1480.24    1480.24     6.2478     6.3421    92.9380    94.3400  0.000e+00
      18528     57.000     7.3060     7.3053    3.52095    3.52081          1     3.5287     3.2860      50.09      0.477     0.4657     0.2459  1.000e-12  3.6638000    34.5804    34.5795    -0.0009    -0.0006    27.0453    27.0447     56.464     56.533    1480.25    1480.24     6.2478     6.3373    92.9370    94.2670  0.000e+00
      18554     57.500     7.3037     7.3040    3.52094    3.52082          1     3.5278     3.2852      49.57      0.464     0.4772     0.3121  1.000e-12  3.3282000    34.5822    34.5807    -0.0015     0.0003    27.0471    27.0458     56.959     57.029    1480.25    1480.25     6.2452     6.3349    92.8950    94.2290  0.000e+00
      18579     58.000     7.2991     7.3009    3.52089    3.52078          1     3.5278     3.2849      49.06      0.466     0.4763     0.2830  1.000e-12  2.9137000    34.5861    34.5831    -0.0030     0.0017    27.0508    27.0482     57.455     57.525    1480.25    1480.25     6.2510     6.3376    92.9750    94.2640  0.000e+00
      18600     58.500     7.2978     7.2979    3.52089    3.52075          1     3.5284     3.2847      48.62      0.512     0.4881     0.2641  1.000e-12  3.5071000    34.5871    34.5855    -0.0016     0.0002    27.0518    27.0505     57.950     58.021    1480.25    1480.25     6.2534     6.3408    93.0080    94.3070  0.000e+00
      18618     59.000     7.2945     7.2930    3.52086    3.52070          1     3.5286     3.2849      48.27      0.601     0.4896     0.2617  1.000e-12  3.5330000    34.5899    34.5896    -0.0003    -0.0015    27.0544    27.0544     58.445     58.516    1480.25    1480.24     6.2538     6.3438    93.0080    94.3440  0.000e+00
      18634     59.500     7.2886     7.2889    3.52066    3.52064          1     3.5287     3.2851      47.76      0.682     0.4834     0.2629  1.000e-12  3.5100000    34.5934    34.5928    -0.0005     0.0003    27.0580    27.0575     58.940     59.012    1480.24    1480.24     6.2543     6.3459    93.0060    94.3680  0.000e+00
      18653     60.000     7.2905     7.2904    3.52080    3.52069          1     3.5288     3.2854      47.22      0.696     0.4771     0.2975  1.000e-12  3.5291000    34.5927    34.5916    -0.0011    -0.0001    27.0573    27.0564     59.435     59.508    1480.25    1480.25     6.2516     6.3440    92.9690    94.3410  0.000e+00
      18683     60.500     7.2906     7.2898    3.52087    3.52075          1     3.5278     3.2851      46.55      0.499     0.4821     0.3001  1.000e-12  3.4137000    34.5931    34.5926    -0.0005    -0.0008    27.0575    27.0572     59.931     60.004    1480.26    1480.26     6.2501     6.3451    92.9480    94.3570  0.000e+00
      18725     61.000     7.2790     7.2747    3.52078    3.52061          1     3.5275     3.2853      46.01      0.257     0.4450     0.2837  1.000e-12  2.4759000    34.6035    34.6060     0.0025    -0.0043    27.0673    27.0699     60.426     60.500    1480.24    1480.22     6.2533     6.3436    92.9760    94.3110  0.000e+00
      18752     61.500     7.2649     7.2645    3.52067    3.52053          1     3.5275     3.2852      45.63      0.377     0.4520     0.2796  1.000e-12  2.8743000    34.6162    34.6151    -0.0011    -0.0004    27.0793    27.0785     60.921     60.996    1480.21    1480.20     6.2555     6.3517    92.9870    94.4150  0.000e+00
      18774     62.000     7.2671     7.2653    3.52068    3.52055          1     3.5275     3.2855      45.18      0.499     0.4622     0.2759  1.000e-12  2.8752000    34.6138    34.6142     0.0004    -0.0018    27.0772    27.0777     61.416     61.492    1480.22    1480.21     6.2571     6.3493    93.0130    94.3810  0.000e+00
      18795     62.500     7.2628     7.2632    3.52072    3.52059          1     3.5281     3.2857      44.71      0.559     0.4642     0.2934  1.000e-12  3.2241000    34.6183    34.6165    -0.0017     0.0004    27.0813    27.0799     61.912     61.987    1480.22    1480.22     6.2607     6.3484    93.0610    94.3630  0.000e+00
      18815     63.000     7.2594     7.2608    3.52078    3.52063          1     3.5285     3.2851      44.21      0.591     0.4543     0.3304  1.000e-12  2.6295000    34.6221    34.6191    -0.0030     0.0014    27.0848    27.0822     62.407     62.483    1480.22    1480.22     6.2589     6.3445    93.0300    94.3030  0.000e+00
      18835     63.500     7.2579     7.2587    3.52081    3.52068          1     3.5279     3.2846      43.78      0.609     0.4566     0.2906  1.000e-12  2.6015000    34.6237    34.6216    -0.0022     0.0008    27.0863    27.0844     62.902     62.979    1480.22    1480.22     6.2585     6.3450    93.0220    94.3070  0.000e+00
      18857     64.000     7.2562     7.2562    3.52085    3.52073          1     3.5285     3.2841      43.19      0.574     0.4677     0.2524  1.000e-12  2.9640000    34.6257    34.6243    -0.0014     0.0000    27.0881    27.0870     63.397     63.475    1480.23    1480.23     6.2624     6.3402    93.0770    94.2330  0.000e+00
      18887     64.500     7.2569     7.2565    3.52090    3.52079          1     3.5283     3.2830      42.57      0.451     0.4671     0.2714  1.000e-12  3.0427000    34.6252    34.6244    -0.0009    -0.0004    27.0876    27.0870     63.892     63.971    1480.24    1480.24     6.2574     6.3444    93.0030    94.2950  0.000e+00
      18917     65.000     7.2494     7.2480    3.52100    3.52090          1     3.5273     3.2833      42.02      0.385     0.4568     0.2987  1.000e-12  2.7478000    34.6336    34.6339     0.0003    -0.0014    27.0953    27.0956     64.388     64.467    1480.23    1480.22     6.2578     6.3503    92.9990    94.3700  0.000e+00
      18942     65.500     7.2454     7.2455    3.52111    3.52099          1     3.5274     3.2838      41.63      0.443     0.4496     0.3314  1.000e-12  3.3692000    34.6386    34.6371    -0.0014     0.0002    27.0997    27.0986     64.883     64.962    1480.23    1480.23     6.2612     6.3557    93.0430    94.4470  0.000e+00
      18964     66.000     7.2422     7.2422    3.52123    3.52111          1     3.5274     3.2844      41.19      0.512     0.4588     0.3079  1.000e-12  3.1642000    34.6429    34.6415    -0.0014     0.0000    27.1035    27.1025     65.378     65.458    1480.23    1480.23     6.2617     6.3535    93.0460    94.4100  0.000e+00
      18983     66.500     7.2378     7.2382    3.52137    3.52124          1     3.5275     3.2844      40.75      0.567     0.4575     0.2729  1.000e-12  3.3883000    34.6485    34.6467    -0.0018     0.0003    27.1086    27.1072     65.873     65.954    1480.23    1480.23     6.2626     6.3517    93.0550    94.3770  0.000e+00
      19002     67.000     7.2377     7.2372    3.52141    3.52128          1     3.5276     3.2840      40.29      0.621     0.4588     0.2403  1.000e-12  4.0096000    34.6487    34.6478    -0.0009    -0.0005    27.1088    27.1082     66.368     66.450    1480.23    1480.23     6.2615     6.3472    93.0390    94.3100  0.000e+00
      19022     67.500     7.2350     7.2348    3.52152    3.52140          1     3.5269     3.2834      39.79      0.631     0.5094     0.2365  1.000e-12  3.8896000    34.6525    34.6513    -0.0011    -0.0002    27.1121    27.1112     66.864     66.946    1480.24    1480.23     6.2567     6.3496    92.9640    94.3420  0.000e+00
      19051     68.000     7.2357     7.2356    3.52153    3.52146          1     3.5257     3.2835      38.90      0.495     0.4631     0.2698  1.000e-12  4.3339000    34.6517    34.6509    -0.0008    -0.0001    27.1114    27.1108     67.359     67.442    1480.25    1480.25     6.2567     6.3511    92.9640    94.3670  0.000e+00
      19089     68.500     7.2337     7.2329    3.52170    3.52161          1     3.5249     3.2829      38.44      0.299     0.4490     0.2782  1.000e-12  3.3167000    34.6553    34.6550    -0.0003    -0.0007    27.1145    27.1145     67.854     67.937    1480.25    1480.25     6.2569     6.3456    92.9660    94.2820  0.000e+00
      19116     69.000     7.2318     7.2319    3.52180    3.52165          1     3.5247     3.2823      38.16      0.377     0.4630     0.3138  1.000e-12  3.1955000    34.6580    34.6562    -0.0018     0.0001    27.1170    27.1155     68.349     68.433    1480.26    1480.26     6.2558     6.3485    92.9470    94.3230  0.000e+00
      19136     69.500     7.2310     7.2306    3.52190    3.52180          1     3.5239     3.2821      37.78      0.517     0.4623     0.3080  1.000e-12  3.6577000    34.6596    34.6589    -0.0007    -0.0003    27.1183    27.1178     68.845     68.929    1480.26    1480.26     6.2553     6.3494    92.9380    94.3360  0.000e+00
      19154     70.000     7.2291     7.2291    3.52208    3.52193          1     3.5240     3.2821      37.31      0.620     0.4687     0.2832  1.000e-12  4.3108000    34.6633    34.6617    -0.0015    -0.0000    27.1215    27.1202     69.340     69.425    1480.27    1480.27     6.2580     6.3508    92.9770    94.3540  0.000e+00
      19174     70.500     7.2290     7.2273    3.52210    3.52208          1     3.5239     3.2821      36.80      0.638     0.4836     0.2656  1.000e-12  5.2584000    34.6633    34.6648     0.0015    -0.0017    27.1215    27.1229     69.835     69.921    1480.28    1480.27     6.2568     6.3514    92.9580    94.3620  0.000e+00
      19198     71.000     7.2271     7.2269    3.52227    3.52217          1     3.5234     3.2821      36.28      0.550     0.4877     0.2795  1.000e-12  5.5156000    34.6668    34.6659    -0.0009    -0.0002    27.1246    27.1239     70.330     70.416    1480.28    1480.28     6.2554     6.3529    92.9360    94.3840  0.000e+00
      19225     71.500     7.2271     7.2271    3.52233    3.52220          1     3.5229     3.2822      35.75      0.462     0.5002     0.3069  1.000e-12  6.3099000    34.6672    34.6659    -0.0013    -0.0001    27.1248    27.1238     70.825     70.912    1480.29    1480.29     6.2547     6.3519    92.9250    94.3690  0.000e+00
      19254     72.000     7.2276     7.2275    3.52234    3.52221          1     3.5224     3.2818      35.20      0.417     0.4904     0.3159  1.000e-12  6.0260000    34.6667    34.6653    -0.0014    -0.0000    27.1244    27.1233     71.321     71.408    1480.30    1480.30     6.2552     6.3456    92.9350    94.2760  0.000e+00
      19280     72.500     7.2269     7.2269    3.52239    3.52227          1     3.5222     3.2807      34.28      0.431     0.4850     0.3404  1.000e-12  5.7078000    34.6676    34.6663    -0.0013     0.0000    27.1252    27.1242     71.816     71.904    1480.31    1480.31     6.2568     6.3451    92.9580    94.2680  0.000e+00
      19303     73.000     7.2272     7.2273    3.52242    3.52228          1     3.5228     3.2808      34.13      0.503     0.5024     0.2555  1.000e-12  6.2881000    34.6674    34.6657    -0.0017     0.0001    27.1250    27.1236     72.311     72.400    1480.32    1480.31     6.2622     6.3511    93.0380    94.3580  0.000e+00
      19323     73.500     7.2270     7.2273    3.52245    3.52232          1     3.5236     3.2807      33.76      0.557     0.5132     0.2749  1.000e-12  7.9994000    34.6677    34.6660    -0.0017     0.0003    27.1252    27.1239     72.806     72.896    1480.32    1480.32     6.2618     6.3482    93.0310    94.3150  0.000e+00
      19344     74.000     7.2273     7.2273    3.52247    3.52235          1     3.5233     3.2804      33.31      0.582     0.5483     0.3266  1.000e-12  6.2637000    34.6674    34.6661    -0.0013    -0.0000    27.1250    27.1239     73.301     73.391    1480.33    1480.33     6.2563     6.3435    92.9500    94.2450  0.000e+00
      19365     74.500     7.2274     7.2271    3.52249    3.52237          1     3.5226     3.2792      32.82      0.576     0.5162     0.3160  1.000e-12  5.9677000    34.6673    34.6662    -0.0011    -0.0002    27.1249    27.1241     73.796     73.887    1480.34    1480.34     6.2575     6.3359    92.9680    94.1330  0.000e+00
