ctdpy/tests/etc/exprapp_feb_2020/SBE09_1387_20200204_0534_77_10_0106.cnv
* Sea-Bird SBE 9 Data File:
* FileName = L:\2020\sv20d0106.hex
* Software Version Seasave V 7.26.7.121
* Temperature SN = 6378
* Conductivity SN = 4824
* Number of Bytes Per Scan = 41
* Number of Voltage Words = 4
* Number of Scans Averaged by the Deck Unit = 1
* NMEA Latitude = 58 17.36 N
* NMEA Longitude = 010 51.36 E
* NMEA UTC (Time) = Feb 04 2020  05:34:22
* NMEA baud rate = 4800
** Station:  12W Hallo
** Operator:  A-KTh
** Ship: SVEA
** Average sound velocity: 1480.15 m/s
** True-depth calculation Tue, 04 Feb 2020 10:02:25 +0000
** CTD Python Module SMHI /ver 3-12/ feb 2012 
** LIMS Job: 20207710-0106
** Cruise: SMHI-02-2020
** Latitude [GG MM.mm N] :
** Longitude [GGG MM.mm E]:
# nquan = 30
# nvalues = 272                         
# units = specified
# name 0 = scan: Scan Count
# name 1 = prDM: Pressure, Digiquartz [db]
# name 2 = t090C: Temperature [ITS-90, deg C]
# name 3 = t190C: Temperature, 2 [ITS-90, deg C]
# name 4 = c0S/m: Conductivity [S/m]
# name 5 = c1S/m: Conductivity, 2 [S/m]
# name 6 = pumps: Pump Status
# name 7 = sbeox0V: Oxygen raw, SBE 43 [V]
# name 8 = sbeox1V: Oxygen raw, SBE 43, 2 [V]
# name 9 = altM: Altimeter [m]
# name 10 = dz/dtM: Descent Rate [m/s]
# name 11 = flECO-AFL: Chl-a Fluorescence, WET Labs ECO-AFL/FL [mg/m^3]
# name 12 = flECO-AFL1: Phycocyanin Fluorescence, WET Labs ECO-AFL/FL, 2 [mg/m^3]
# name 13 = par: PAR/Irradiance, Biospherical/Lico [µE/(cm^2*s)]
# name 14 = turbWETntu0: Turbidity, WET Labs ECO [NTU]
# name 15 = sal00: Salinity, Practical [PSU]
# name 16 = sal11: Salinity, Practical, 2 [PSU]
# name 17 = secS-priS: Salinity, Practical, Difference, 2 - 1 [PSU]
# name 18 = T2-T190C: Temperature Difference, 2 - 1 [ITS-90, deg C]
# name 19 = sigma-t00: Density [sigma-t, kg/m^3 ]
# name 20 = sigma-t11: Density, 2 [sigma-t, kg/m^3 ]
# name 21 = depSM: Depth [salt water, m], lat = 58.2893
# name 22 = depFM: Depth [true depth, m], lat = 58.2893
# name 23 = svCM: Sound Velocity [Chen-Millero, m/s]
# name 24 = svCM1: Sound Velocity, 2 [Chen-Millero, m/s]
# name 25 = sbeox0ML/L: Oxygen, SBE 43 [ml/l], WS = 2
# name 26 = sbeox1ML/L: Oxygen, SBE 43, 2 [ml/l], WS = 2
# name 27 = sbeox0PS: Oxygen, SBE 43 [% saturation], WS = 2
# name 28 = sbeox1PS: Oxygen, SBE 43, 2 [% saturation], WS = 2
# name 29 = flag: flag
# span 0 =      36798,      44430       
# span 1 =      1.500,    137.000       
# span 2 =     6.1261,     7.8147       
# span 3 =     6.1263,     7.8142       
# span 4 =   3.183646,   3.617009       
# span 5 =   3.183595,   3.616972       
# span 6 =          1,          1       
# span 7 =     3.4873,     3.5808       
# span 8 =     3.2500,     3.3234       
# span 9 =       1.29,      99.33       
# span 10 =     -0.380,      0.767      
# span 11 =     0.2371,     0.8797      
# span 12 =     0.1097,     0.3766      
# span 13 = 1.0000e-12, 1.9482e+00      
# span 14 =     0.2592,    10.5411      
# span 15 =    32.0342,    35.1064      
# span 16 =    32.0333,    35.1051      
# span 17 =    -0.0679,     0.1132      
# span 18 =    -0.0335,     0.0381      
# span 19 =    25.1943,    27.3940      
# span 20 =    25.1936,    27.3929      
# span 21 =      1.486,    135.682      
# span 22 =      1.490,    135.877      
# span 23 =    1471.53,    1483.96      
# span 24 =    1471.53,    1483.96      
# span 25 =     6.1079,     6.6365      
# span 26 =     6.2065,     6.7367      
# span 27 =     92.209,     94.911      
# span 28 =     93.689,     96.263      
# span 29 = 0.0000e+00, 0.0000e+00      
# interval = decibars: 0.5              
# start_time = Feb 04 2020 05:34:22 [NMEA time, first data scan]
# bad_flag = -9.990e-29
*END*
[from data line 49]
      38097     26.000     7.3092     7.3084    3.52776    3.52755          1     3.5408     3.2978      77.98      0.621     0.4047     0.2494  1.000e-12  1.8197000    34.6669    34.6654    -0.0015    -0.0008    27.1130    27.1119     25.757     25.815    1479.86    1479.85     6.2462     6.3446    92.9740    94.4350  0.000e+00
      38132     26.500     7.3058     7.3067    3.52747    3.52746          1     3.5401     3.2974      91.63      0.397     0.4043     0.2840  1.000e-12  1.5066000    34.6669    34.6658    -0.0010     0.0009    27.1134    27.1125     26.252     26.311    1479.85    1479.86     6.2444     6.3360    92.9390    94.3040  0.000e+00
      38173     27.000     7.3074     7.3071    3.52778    3.52765          1     3.5392     3.2968      95.29      0.258     0.4092     0.2529  1.000e-12  1.5141000    34.6685    34.6673    -0.0012    -0.0002    27.1145    27.1136     26.747     26.807    1479.87    1479.87     6.2434     6.3385    92.9290    94.3430  0.000e+00
      38196     27.500     7.3072     7.3069    3.52790    3.52773          1     3.5391     3.2965      98.09      0.415     0.4268     0.2386  1.000e-12  1.4900000    34.6697    34.6681    -0.0016    -0.0002    27.1155    27.1142     27.243     27.302    1479.88    1479.88     6.2472     6.3341    92.9860    94.2770  0.000e+00
      38213     28.000     7.3054     7.3042    3.52773    3.52750          1     3.5398     3.2959      98.02      0.573     0.3920     0.2383  1.000e-12  1.6661000    34.6694    34.6680    -0.0013    -0.0012    27.1155    27.1146     27.738     27.798    1479.88    1479.87     6.2476     6.3337    92.9870    94.2660  0.000e+00
      38230     28.500     7.3045     7.3032    3.52773    3.52745          1     3.5392     3.2957      97.96      0.679     0.4095     0.2435  1.000e-12  1.8599000    34.6700    34.6683    -0.0017    -0.0013    27.1161    27.1149     28.233     28.294    1479.89    1479.88     6.2443     6.3364    92.9370    94.3040  0.000e+00
      38248     29.000     7.3041     7.3035    3.52771    3.52749          1     3.5389     3.2955      26.61      0.706     0.4252     0.2615  1.000e-12  2.0153000    34.6701    34.6682    -0.0019    -0.0005    27.1162    27.1148     28.729     28.790    1479.89    1479.89     6.2438     6.3351    92.9280    94.2840  0.000e+00
      38272     29.500     7.3039     7.3031    3.52767    3.52744          1     3.5383     3.2949      95.57      0.592     0.4261     0.3089  1.000e-12  1.9186000    34.6694    34.6677    -0.0018    -0.0008    27.1157    27.1144     29.224     29.286    1479.90    1479.89     6.2432     6.3318    92.9190    94.2360  0.000e+00
      38302     30.000     7.3035     7.3033    3.52760    3.52747          1     3.5381     3.2945      45.01      0.417     0.4258     0.2405  1.000e-12  1.8195000    34.6688    34.6677    -0.0012    -0.0002    27.1153    27.1144     29.719     29.782    1479.90    1479.90     6.2461     6.3405    92.9610    94.3650  0.000e+00
      38328     30.500     7.3039     7.3037    3.52766    3.52756          1     3.5385     3.2955      99.33      0.422     0.4243     0.2664  1.000e-12  1.8732000    34.6689    34.6679    -0.0010    -0.0002    27.1153    27.1146     30.214     30.277    1479.92    1479.91     6.2475     6.3441    92.9830    94.4200  0.000e+00
      38351     31.000     7.3030     7.3033    3.52782    3.52766          1     3.5381     3.2957      98.02      0.502     0.4185     0.2209  1.000e-12  1.9441000    34.6713    34.6693    -0.0020     0.0003    27.1173    27.1157     30.710     30.773    1479.92    1479.92     6.2430     6.3414    92.9150    94.3800  0.000e+00
      38380     31.500     7.3027     7.3032    3.52778    3.52767          1     3.5373     3.2957      98.02      0.455     0.4079     0.2608  1.000e-12  1.8524000    34.6709    34.6693    -0.0016     0.0004    27.1171    27.1157     31.205     31.269    1479.93    1479.93     6.2438     6.3397    92.9260    94.3530  0.000e+00
      38415     32.000     7.3030     7.3028    3.52775    3.52759          1     3.5371     3.2950      98.02      0.334     0.4067     0.2825  1.000e-12  1.7122000    34.6700    34.6686    -0.0015    -0.0002    27.1163    27.1152     31.700     31.765    1479.94    1479.93     6.2433     6.3300    92.9190    94.2080  0.000e+00
      38440     32.500     7.3028     7.3028    3.52778    3.52763          1     3.5365     3.2935      98.02      0.404     0.4051     0.2960  1.000e-12  1.7519000    34.6703    34.6686    -0.0017     0.0000    27.1166    27.1152     32.196     32.261    1479.95    1479.94     6.2405     6.3281    92.8760    94.1790  0.000e+00
      38459     33.000     7.3029     7.3029    3.52783    3.52766          1     3.5361     3.2930      98.02      0.540     0.4103     0.2956  1.000e-12  1.8753000    34.6705    34.6686    -0.0019     0.0000    27.1167    27.1152     32.691     32.756    1479.95    1479.95     6.2401     6.3290    92.8710    94.1940  0.000e+00
      38476     33.500     7.3036     7.3035    3.52786    3.52769          1     3.5352     3.2922      98.02      0.645     0.4232     0.2407  1.000e-12  1.9717000    34.6699    34.6680    -0.0018    -0.0001    27.1161    27.1147     33.186     33.252    1479.96    1479.96     6.2398     6.3241    92.8680    94.1220  0.000e+00
      38494     34.000     7.3032     7.3029    3.52791    3.52774          1     3.5352     3.2912      98.03      0.690     0.4368     0.2377  1.000e-12  2.0690000    34.6706    34.6691    -0.0015    -0.0003    27.1167    27.1156     33.681     33.748    1479.97    1479.97     6.2435     6.3226    92.9230    94.0990  0.000e+00
      38514     34.500     7.3034     7.3032    3.52794    3.52780          1     3.5359     3.2904      57.94      0.648     0.4141     0.2482  1.000e-12  1.9685000    34.6704    34.6691    -0.0013    -0.0002    27.1166    27.1156     34.177     34.244    1479.98    1479.98     6.2464     6.3265    92.9660    94.1570  0.000e+00
      38540     35.000     7.3025     7.3020    3.52804    3.52788          1     3.5361     3.2906      60.34      0.524     0.4058     0.2702  1.000e-12  2.0279000    34.6722    34.6709    -0.0013    -0.0006    27.1181    27.1172     34.672     34.740    1479.99    1479.98     6.2448     6.3371    92.9410    94.3140  0.000e+00
      38569     35.500     7.2990     7.2988    3.52825    3.52809          1     3.5358     3.2922      66.38      0.424     0.4154     0.2582  1.000e-12  1.9038000    34.6777    34.6762    -0.0015    -0.0002    27.1230    27.1218     35.167     35.236    1479.99    1479.99     6.2453     6.3458    92.9440    94.4390  0.000e+00
      38596     36.000     7.2987     7.2982    3.52831    3.52818          1     3.5361     3.2929      55.13      0.431     0.4133     0.2754  1.000e-12  1.8916000    34.6784    34.6775    -0.0010    -0.0004    27.1235    27.1228     35.662     35.731    1480.00    1479.99     6.2461     6.3382    92.9560    94.3260  0.000e+00
      38621     36.500     7.2980     7.2979    3.52839    3.52823          1     3.5357     3.2925      97.82      0.461     0.4191     0.2545  1.000e-12  1.8954000    34.6798    34.6782    -0.0016    -0.0001    27.1247    27.1235     36.158     36.227    1480.00    1480.00     6.2447     6.3325    92.9340    94.2400  0.000e+00
      38647     37.000     7.2979     7.2979    3.52841    3.52825          1     3.5355     3.2916      94.69      0.471     0.4204     0.2832  1.000e-12  1.8959000    34.6798    34.6781    -0.0018    -0.0000    27.1248    27.1234     36.653     36.723    1480.01    1480.01     6.2451     6.3276    92.9400    94.1670  0.000e+00
      38673     37.500     7.2977     7.2976    3.52847    3.52833          1     3.5355     3.2905      97.97      0.464     0.4147     0.2756  1.000e-12  1.9029000    34.6805    34.6790    -0.0015    -0.0002    27.1253    27.1242     37.148     37.219    1480.02    1480.02     6.2457     6.3256    92.9500    94.1380  0.000e+00
      38697     38.000     7.2981     7.2979    3.52847    3.52832          1     3.5352     3.2896      28.21      0.477     0.4148     0.2652  1.000e-12  1.8300000    34.6798    34.6784    -0.0014    -0.0002    27.1247    27.1236     37.644     37.715    1480.03    1480.03     6.2429     6.3276    92.9080    94.1680  0.000e+00
      38718     38.500     7.2977     7.2976    3.52853    3.52837          1     3.5344     3.2895      61.34      0.522     0.4172     0.2815  1.000e-12  1.9280000    34.6806    34.6790    -0.0017    -0.0000    27.1254    27.1241     38.139     38.211    1480.04    1480.03     6.2438     6.3317    92.9220    94.2290  0.000e+00
      38738     39.000     7.2982     7.2979    3.52852    3.52837          1     3.5347     3.2895      29.52      0.582     0.4274     0.2426  1.000e-12  2.0719000    34.6798    34.6784    -0.0014    -0.0003    27.1247    27.1236     38.634     38.706    1480.05    1480.04     6.2447     6.3362    92.9360    94.2950  0.000e+00
      38759     39.500     7.2982     7.2981    3.52856    3.52839          1     3.5342     3.2904      68.98      0.595     0.4151     0.2550  1.000e-12  2.0269000    34.6799    34.6782    -0.0017    -0.0002    27.1248    27.1235     39.129     39.202    1480.05    1480.05     6.2418     6.3406    92.8930    94.3620  0.000e+00
      38783     40.000     7.2982     7.2980    3.52860    3.52844          1     3.5335     3.2907      42.50      0.533     0.4149     0.2392  1.000e-12  2.0004000    34.6801    34.6787    -0.0014    -0.0002    27.1250    27.1238     39.625     39.698    1480.06    1480.06     6.2420     6.3370    92.8960    94.3070  0.000e+00
      38809     40.500     7.2976     7.2975    3.52867    3.52852          1     3.5337     3.2907      43.31      0.477     0.4141     0.2285  1.000e-12  2.3173000    34.6813    34.6797    -0.0015    -0.0001    27.1259    27.1247     40.120     40.194    1480.07    1480.07     6.2443     6.3401    92.9290    94.3540  0.000e+00
      38833     41.000     7.2973     7.2972    3.52873    3.52859          1     3.5332     3.2917      44.89      0.482     0.4231     0.2506  1.000e-12  1.9537000    34.6820    34.6806    -0.0014    -0.0002    27.1265    27.1255     40.615     40.690    1480.08    1480.08     6.2437     6.3421    92.9210    94.3830  0.000e+00
      38855     41.500     7.2972     7.2969    3.52878    3.52864          1     3.5335     3.2916      77.61      0.519     0.4178     0.2702  1.000e-12  1.9291000    34.6823    34.6811    -0.0012    -0.0003    27.1268    27.1259     41.110     41.185    1480.09    1480.08     6.2450     6.3401    92.9390    94.3540  0.000e+00
      38880     42.000     7.2974     7.2973    3.52877    3.52860          1     3.5334     3.2913      57.71      0.515     0.4083     0.2890  1.000e-12  1.8733000    34.6818    34.6800    -0.0018    -0.0000    27.1264    27.1250     41.606     41.681    1480.10    1480.09     6.2452     6.3336    92.9430    94.2570  0.000e+00
      38909     42.500     7.2975     7.2977    3.52877    3.52860          1     3.5331     3.2908      87.19      0.439     0.4031     0.2967  1.000e-12  1.7561000    34.6814    34.6794    -0.0020     0.0002    27.1261    27.1245     42.101     42.177    1480.10    1480.10     6.2420     6.3387    92.8940    94.3330  0.000e+00
      38936     43.000     7.2981     7.2977    3.52876    3.52866          1     3.5325     3.2912      81.77      0.419     0.4132     0.2678  1.000e-12  2.4441000    34.6806    34.6798    -0.0008    -0.0004    27.1253    27.1248     42.596     42.673    1480.11    1480.11     6.2431     6.3415    92.9120    94.3750  0.000e+00
      38959     43.500     7.2972     7.2962    3.52890    3.52883          1     3.5326     3.2912      91.64      0.478     0.4265     0.2734  1.000e-12  1.8232000    34.6827    34.6830     0.0003    -0.0010    27.1272    27.1275     43.091     43.169    1480.12    1480.12     6.2465     6.3364    92.9630    94.2980  0.000e+00
      38980     44.000     7.2970     7.2964    3.52895    3.52884          1     3.5332     3.2905      92.34      0.544     0.4265     0.2388  1.000e-12  2.0395000    34.6832    34.6826    -0.0006    -0.0006    27.1275    27.1272     43.587     43.665    1480.13    1480.12     6.2498     6.3328    93.0120    94.2440  0.000e+00
      39001     44.500     7.2953     7.2948    3.52914    3.52905          1     3.5338     3.2898      92.04      0.572     0.4190     0.2206  1.000e-12  2.0660000    34.6867    34.6863    -0.0004    -0.0006    27.1305    27.1303     44.082     44.160    1480.13    1480.13     6.2521     6.3330    93.0440    94.2470  0.000e+00
      39022     45.000     7.2948     7.2947    3.52923    3.52909          1     3.5347     3.2897      91.85      0.573     0.4151     0.2196  1.000e-12  2.0380000    34.6879    34.6865    -0.0014    -0.0001    27.1316    27.1305     44.577     44.656    1480.14    1480.14     6.2515     6.3421    93.0340    94.3820  0.000e+00
      39045     45.500     7.2951     7.2950    3.52924    3.52909          1     3.5340     3.2907      91.57      0.557     0.4118     0.2292  1.000e-12  1.9702000    34.6876    34.6859    -0.0017    -0.0000    27.1313    27.1300     45.072     45.152    1480.15    1480.15     6.2468     6.3484    92.9660    94.4760  0.000e+00
      39069     46.000     7.2952     7.2950    3.52924    3.52910          1     3.5337     3.2918      91.26      0.511     0.4044     0.2679  1.000e-12  1.8477000    34.6873    34.6858    -0.0015    -0.0001    27.1310    27.1299     45.568     45.648    1480.16    1480.16     6.2492     6.3524    93.0010    94.5350  0.000e+00
      39096     46.500     7.2950     7.2948    3.52929    3.52915          1     3.5341     3.2927      98.01      0.454     0.4045     0.2798  1.000e-12  1.8636000    34.6878    34.6864    -0.0014    -0.0002    27.1314    27.1304     46.063     46.144    1480.17    1480.16     6.2519     6.3450    93.0410    94.4250  0.000e+00
      39121     47.000     7.2944     7.2943    3.52939    3.52924          1     3.5343     3.2918      93.42      0.460     0.4082     0.2695  1.000e-12  1.8034000    34.6892    34.6876    -0.0016    -0.0001    27.1326    27.1314     46.558     46.639    1480.18    1480.17     6.2489     6.3411    92.9960    94.3670  0.000e+00
      39144     47.500     7.2950     7.2954    3.52938    3.52921          1     3.5331     3.2919      85.77      0.505     0.4125     0.2826  1.000e-12  1.8022000    34.6882    34.6859    -0.0023     0.0004    27.1318    27.1299     47.053     47.135    1480.18    1480.18     6.2433     6.3451    92.9120    94.4280  0.000e+00
      39169     48.000     7.2955     7.2952    3.52938    3.52924          1     3.5324     3.2918      45.90      0.509     0.4120     0.2724  1.000e-12  1.8515000    34.6874    34.6861    -0.0013    -0.0002    27.1311    27.1301     47.549     47.631    1480.19    1480.19     6.2468     6.3460    92.9660    94.4410  0.000e+00
      39195     48.500     7.2951     7.2948    3.52944    3.52930          1     3.5323     3.2920      89.03      0.463     0.4209     0.2502  1.000e-12  1.8266000    34.6882    34.6870    -0.0012    -0.0003    27.1318    27.1309     48.044     48.127    1480.20    1480.20     6.2473     6.3424    92.9730    94.3870  0.000e+00
      39220     49.000     7.2950     7.2948    3.52949    3.52934          1     3.5323     3.2910      77.06      0.462     0.4181     0.2740  1.000e-12  1.7116000    34.6886    34.6871    -0.0015    -0.0001    27.1321    27.1310     48.539     48.623    1480.21    1480.21     6.2485     6.3379    92.9900    94.3200  0.000e+00
