ctdpy/tests/etc/exprapp_feb_2020/SBE09_1387_20200211_1836_77_10_0142.cnv
* Sea-Bird SBE 9 Data File:
* FileName = L:\2020\sv20d0142.hex
* Software Version Seasave V 7.26.7.121
* Temperature SN = 6378
* Conductivity SN = 4824
* Number of Bytes Per Scan = 41
* Number of Voltage Words = 4
* Number of Scans Averaged by the Deck Unit = 1
* NMEA Latitude = 58 52.95 N
* NMEA Longitude = 020 19.74 E
* NMEA UTC (Time) = Feb 11 2020  18:36:45
* NMEA baud rate = 4800
** Station:  BY29
** Operator:  SSip
** Ship: SVEA
** Average sound velocity: 1442.75 m/s
** True-depth calculation Tue, 11 Feb 2020 19:49:48 +0000
** CTD Python Module SMHI /ver 3-12/ feb 2012 
** LIMS Job: 20207710-0142
** Cruise: SMHI-02-2020
** Latitude [GG MM.mm N] :
** Longitude [GGG MM.mm E]:
# nquan = 30
# nvalues = 328                         
# units = specified
# name 0 = scan: Scan Count
# name 1 = prDM: Pressure, Digiquartz [db]
# name 2 = t090C: Temperature [ITS-90, deg C]
# name 3 = t190C: Temperature, 2 [ITS-90, deg C]
# name 4 = c0S/m: Conductivity [S/m]
# name 5 = c1S/m: Conductivity, 2 [S/m]
# name 6 = pumps: Pump Status
# name 7 = sbeox0V: Oxygen raw, SBE 43 [V]
# name 8 = sbeox1V: Oxygen raw, SBE 43, 2 [V]
# name 9 = altM: Altimeter [m]
# name 10 = dz/dtM: Descent Rate [m/s]
# name 11 = flECO-AFL: Chl-a Fluorescence, WET Labs ECO-AFL/FL [mg/m^3]
# name 12 = flECO-AFL1: Phycocyanin Fluorescence, WET Labs ECO-AFL/FL, 2 [mg/m^3]
# name 13 = par: PAR/Irradiance, Biospherical/Lico [µE/(cm^2*s)]
# name 14 = turbWETntu0: Turbidity, WET Labs ECO [NTU]
# name 15 = sal00: Salinity, Practical [PSU]
# name 16 = sal11: Salinity, Practical, 2 [PSU]
# name 17 = secS-priS: Salinity, Practical, Difference, 2 - 1 [PSU]
# name 18 = T2-T190C: Temperature Difference, 2 - 1 [ITS-90, deg C]
# name 19 = sigma-t00: Density [sigma-t, kg/m^3 ]
# name 20 = sigma-t11: Density, 2 [sigma-t, kg/m^3 ]
# name 21 = depSM: Depth [salt water, m], lat = 58.8825
# name 22 = depFM: Depth [true depth, m], lat = 58.8825
# name 23 = svCM: Sound Velocity [Chen-Millero, m/s]
# name 24 = svCM1: Sound Velocity, 2 [Chen-Millero, m/s]
# name 25 = sbeox0ML/L: Oxygen, SBE 43 [ml/l], WS = 2
# name 26 = sbeox1ML/L: Oxygen, SBE 43, 2 [ml/l], WS = 2
# name 27 = sbeox0PS: Oxygen, SBE 43 [% saturation], WS = 2
# name 28 = sbeox1PS: Oxygen, SBE 43, 2 [% saturation], WS = 2
# name 29 = flag: flag
# span 0 =      21059,      31482       
# span 1 =      1.500,    165.000       
# span 2 =     5.0887,     6.6467       
# span 3 =     5.0886,     6.6463       
# span 4 =   0.785098,   1.268044       
# span 5 =   0.785150,   1.268095       
# span 6 =          1,          1       
# span 7 =     0.7425,     3.5311       
# span 8 =     0.7276,     3.2956       
# span 9 =       2.23,      98.56       
# span 10 =     -0.349,      1.009      
# span 11 =     0.3268,     0.4612      
# span 12 =     0.1385,     0.3006      
# span 13 = 1.0000e-12, 1.6983e+00      
# span 14 =     0.1507,     3.2702      
# span 15 =     7.2080,    11.5122      
# span 16 =     7.2087,    11.5129      
# span 17 =    -0.2568,     0.0153      
# span 18 =    -0.0891,     0.0051      
# span 19 =     5.6952,     8.9986      
# span 20 =     5.6958,     8.9993      
# span 21 =      1.486,    163.394      
# span 22 =      1.519,    166.861      
# span 23 =    1435.88,    1450.58      
# span 24 =    1435.88,    1450.58      
# span 25 =     0.0461,     7.8944      
# span 26 =     0.0082,     8.0396      
# span 27 =      0.581,     92.942      
# span 28 =      0.101,     94.628      
# span 29 = 0.0000e+00, 0.0000e+00      
# interval = decibars: 0.5              
# start_time = Feb 11 2020 18:36:45 [NMEA time, first data scan]
# bad_flag = -9.990e-29
*END*
      21059      1.500     5.0909     5.0906    0.78510    0.78515          1     3.5307     3.2956      95.18     -0.349     0.4156     0.1559  1.698e+00  0.1844000     7.2094     7.2099     0.0006    -0.0003     5.6962     5.6967      1.486      1.519    1435.88    1435.88     7.8938     8.0288    92.9000    94.4880  0.000e+00
      21085      2.000     5.0910     5.0907    0.78511    0.78518          1     3.5311     3.2956      95.19      0.175     0.3839     0.1514  1.391e+00  0.1787000     7.2094     7.2101     0.0007    -0.0003     5.6962     5.6968      1.981      2.026    1435.88    1435.89     7.8944     8.0355    92.9060    94.5670  0.000e+00
      21236      2.500     5.0913     5.0909    0.78512    0.78519          1     3.5292     3.2951      95.20      0.325     0.3910     0.1978  1.211e+00  0.1686000     7.2094     7.2102     0.0007    -0.0003     5.6962     5.6968      2.477      2.532    1435.89    1435.89     7.8864     8.0219    92.8140    94.4080  0.000e+00
      21286      3.000     5.0912     5.0908    0.78513    0.78519          1     3.5289     3.2940      95.19      0.318     0.3905     0.2187  1.037e+00  0.1755000     7.2094     7.2101     0.0007    -0.0004     5.6962     5.6968      2.972      3.038    1435.90    1435.90     7.8881     8.0253    92.8330    94.4480  0.000e+00
      21365      3.500     5.0908     5.0906    0.78513    0.78519          1     3.5295     3.2935      69.71      0.118     0.3796     0.2232  6.988e-01  0.1803000     7.2094     7.2101     0.0006    -0.0003     5.6963     5.6968      3.467      3.545    1435.91    1435.91     7.8892     8.0241    92.8450    94.4330  0.000e+00
      21383      4.000     5.0908     5.0903    0.78513    0.78519          1     3.5291     3.2931      81.26      0.444     0.3722     0.2304  5.525e-01  0.1827000     7.2094     7.2100     0.0007    -0.0005     5.6962     5.6968      3.963      4.051    1435.92    1435.92     7.8885     8.0257    92.8360    94.4510  0.000e+00
      21401      4.500     5.0905     5.0900    0.78511    0.78519          1     3.5291     3.2934      84.18      0.619     0.3715     0.2396  4.567e-01  0.1800000     7.2092     7.2101     0.0009    -0.0004     5.6961     5.6968      4.458      4.557    1435.92    1435.92     7.8903     8.0338    92.8570    94.5450  0.000e+00
      21423      5.000     5.0903     5.0899    0.78511    0.78519          1     3.5291     3.2940      94.88      0.628     0.3758     0.2382  3.855e-01  0.1779000     7.2092     7.2100     0.0008    -0.0003     5.6961     5.6967      4.953      5.064    1435.93    1435.93     7.8917     8.0370    92.8730    94.5830  0.000e+00
      21453      5.500     5.0903     5.0901    0.78513    0.78520          1     3.5294     3.2943      95.25      0.436     0.3797     0.1986  3.536e-01  0.1766000     7.2093     7.2100     0.0007    -0.0002     5.6962     5.6968      5.449      5.570    1435.94    1435.94     7.8934     8.0306    92.8940    94.5080  0.000e+00
      21484      6.000     5.0902     5.0900    0.78514    0.78520          1     3.5295     3.2936      95.26      0.387     0.3843     0.2373  2.899e-01  0.1825000     7.2093     7.2100     0.0007    -0.0002     5.6962     5.6968      5.944      6.077    1435.95    1435.95     7.8932     8.0239    92.8910    94.4290  0.000e+00
      21519      6.500     5.0903     5.0902    0.78515    0.78522          1     3.5296     3.2932      95.28      0.357     0.3867     0.1915  2.167e-01  0.1662000     7.2093     7.2100     0.0007    -0.0002     5.6962     5.6968      6.439      6.583    1435.95    1435.95     7.8938     8.0284    92.8990    94.4830  0.000e+00
      21549      7.000     5.0906     5.0904    0.78516    0.78523          1     3.5295     3.2929      95.30      0.354     0.3971     0.1431  1.640e-01  0.1675000     7.2093     7.2101     0.0008    -0.0002     5.6962     5.6968      6.935      7.089    1435.96    1435.96     7.8929     8.0228    92.8880    94.4160  0.000e+00
      21569      7.500     5.0911     5.0910    0.78515    0.78522          1     3.5293     3.2922      71.38      0.493     0.3811     0.2392  1.301e-01  0.1762000     7.2091     7.2098     0.0007    -0.0002     5.6960     5.6966      7.430      7.596    1435.97    1435.97     7.8925     8.0221    92.8840    94.4100  0.000e+00
      21590      8.000     5.0916     5.0913    0.78516    0.78522          1     3.5292     3.2922      51.14      0.590     0.3795     0.2208  1.072e-01  0.1765000     7.2089     7.2097     0.0007    -0.0003     5.6959     5.6964      7.925      8.102    1435.98    1435.98     7.8937     8.0265    92.9000    94.4630  0.000e+00
      21626      8.500     5.0918     5.0915    0.78518    0.78524          1     3.5292     3.2926      92.95      0.397     0.3868     0.2322  7.009e-02  0.1929000     7.2091     7.2097     0.0006    -0.0003     5.6959     5.6965      8.420      8.609    1435.99    1435.99     7.8932     8.0361    92.8950    94.5760  0.000e+00
      21670      9.000     5.0919     5.0916    0.78518    0.78524          1     3.5287     3.2938      94.98      0.232     0.3696     0.2108  4.407e-02  0.1751000     7.2090     7.2097     0.0007    -0.0002     5.6959     5.6964      8.916      9.115    1436.00    1436.00     7.8925     8.0396    92.8860    94.6170  0.000e+00
      21691      9.500     5.0920     5.0917    0.78519    0.78525          1     3.5285     3.2942      95.30      0.414     0.3809     0.2116  1.942e-02  0.2127000     7.2090     7.2097     0.0007    -0.0003     5.6959     5.6964      9.411      9.621    1436.01    1436.01     7.8916     8.0377    92.8760    94.5950  0.000e+00
      21709     10.000     5.0918     5.0914    0.78518    0.78525          1     3.5284     3.2942      95.33      0.582     0.3822     0.2301  3.075e-04  0.1905000     7.2089     7.2096     0.0007    -0.0004     5.6958     5.6964      9.906     10.128    1436.01    1436.01     7.8927     8.0374    92.8880    94.5910  0.000e+00
      21728     10.500     5.0918     5.0916    0.78519    0.78527          1     3.5283     3.2942      95.33      0.656     0.3803     0.1750  5.572e-07  0.1744000     7.2089     7.2097     0.0008    -0.0002     5.6958     5.6965     10.402     10.634    1436.02    1436.02     7.8913     8.0365    92.8720    94.5810  0.000e+00
      21758     11.000     5.0918     5.0916    0.78521    0.78527          1     3.5275     3.2940      95.33      0.482     0.3803     0.2344  1.000e-12  0.1764000     7.2090     7.2097     0.0007    -0.0002     5.6959     5.6965     10.897     11.140    1436.03    1436.03     7.8883     8.0317    92.8370    94.5250  0.000e+00
      21795     11.500     5.0922     5.0919    0.78521    0.78528          1     3.5269     3.2933      85.11      0.323     0.3677     0.2013  1.000e-12  0.1780000     7.2089     7.2097     0.0007    -0.0002     5.6958     5.6964     11.392     11.647    1436.04    1436.04     7.8895     8.0308    92.8510    94.5140  0.000e+00
      21827     12.000     5.0922     5.0921    0.78521    0.78529          1     3.5263     3.2926      95.48      0.355     0.3754     0.2189  1.000e-12  0.1851000     7.2089     7.2096     0.0007    -0.0001     5.6958     5.6964     11.888     12.153    1436.05    1436.05     7.8860     8.0250    92.8110    94.4470  0.000e+00
      21854     12.500     5.0924     5.0921    0.78522    0.78529          1     3.5256     3.2920      95.33      0.414     0.3810     0.1962  1.000e-12  0.1804000     7.2088     7.2096     0.0008    -0.0003     5.6957     5.6964     12.383     12.660    1436.06    1436.06     7.8842     8.0281    92.7900    94.4830  0.000e+00
      21875     13.000     5.0924     5.0921    0.78523    0.78530          1     3.5254     3.2915      95.38      0.501     0.3803     0.1858  1.000e-12  0.1758000     7.2088     7.2096     0.0008    -0.0003     5.6957     5.6964     12.878     13.166    1436.06    1436.07     7.8877     8.0239    92.8310    94.4340  0.000e+00
      21892     13.500     5.0925     5.0921    0.78524    0.78531          1     3.5253     3.2912      95.49      0.604     0.3793     0.1898  1.000e-12  0.1765000     7.2088     7.2096     0.0008    -0.0004     5.6957     5.6964     13.374     13.672    1436.07    1436.07     7.8888     8.0299    92.8440    94.5030  0.000e+00
      21909     14.000     5.0925     5.0921    0.78524    0.78531          1     3.5254     3.2915      95.48      0.688     0.3932     0.2113  1.000e-12  0.1880000     7.2088     7.2096     0.0008    -0.0004     5.6957     5.6964     13.869     14.179    1436.08    1436.08     7.8888     8.0343    92.8440    94.5560  0.000e+00
      21928     14.500     5.0925     5.0923    0.78525    0.78532          1     3.5253     3.2915      95.45      0.699     0.3827     0.2412  1.000e-12  0.1841000     7.2088     7.2096     0.0007    -0.0002     5.6957     5.6963     14.364     14.685    1436.09    1436.09     7.8887     8.0340    92.8430    94.5530  0.000e+00
      21966     15.000     5.0923     5.0921    0.78526    0.78532          1     3.5252     3.2915      95.46      0.399     0.3828     0.2428  1.000e-12  0.1875000     7.2089     7.2096     0.0007    -0.0002     5.6958     5.6963     14.859     15.192    1436.10    1436.10     7.8898     8.0305    92.8560    94.5110  0.000e+00
      22011     15.500     5.0922     5.0919    0.78527    0.78534          1     3.5252     3.2908      46.48      0.232     0.3909     0.1935  1.000e-12  0.1780000     7.2090     7.2097     0.0008    -0.0003     5.6958     5.6965     15.355     15.698    1436.10    1436.10     7.8876     8.0249    92.8300    94.4450  0.000e+00
      22036     16.000     5.0914     5.0915    0.78525    0.78534          1     3.5244     3.2900      46.70      0.419     0.3821     0.2280  1.000e-12  0.1702000     7.2089     7.2097     0.0008     0.0001     5.6958     5.6965     15.850     16.204    1436.11    1436.11     7.8848     8.0217    92.7950    94.4070  0.000e+00
      22059     16.500     5.0922     5.0919    0.78529    0.78536          1     3.5241     3.2896      94.95      0.509     0.3917     0.2616  1.000e-12  0.1701000     7.2090     7.2098     0.0008    -0.0002     5.6959     5.6965     16.345     16.711    1436.12    1436.12     7.8877     8.0261    92.8310    94.4590  0.000e+00
      22080     17.000     5.0919     5.0912    0.78528    0.78533          1     3.5243     3.2895      95.26      0.532     0.3898     0.2438  1.000e-12  0.1698000     7.2090     7.2096     0.0007    -0.0006     5.6959     5.6964     16.841     17.217    1436.13    1436.12     7.8885     8.0331    92.8390    94.5390  0.000e+00
      22099     17.500     5.0910     5.0905    0.78524    0.78530          1     3.5240     3.2902      95.39      0.578     0.3853     0.1885  1.000e-12  0.1830000     7.2087     7.2094     0.0007    -0.0005     5.6957     5.6963     17.336     17.723    1436.13    1436.13     7.8858     8.0352    92.8050    94.5620  0.000e+00
      22120     18.000     5.0900     5.0896    0.78520    0.78526          1     3.5235     3.2902      95.47      0.615     0.3772     0.2130  1.000e-12  0.1841000     7.2085     7.2091     0.0007    -0.0004     5.6955     5.6961     17.831     18.230    1436.13    1436.13     7.8869     8.0333    92.8160    94.5380  0.000e+00
      22168     18.500     5.0887     5.0886    0.78513    0.78520          1     3.5238     3.2896      95.27      0.280     0.3771     0.2133  1.000e-12  0.1825000     7.2080     7.2087     0.0007    -0.0001     5.6952     5.6958     18.326     18.736    1436.14    1436.14     7.8918     8.0295    92.8700    94.4900  0.000e+00
      22205     19.000     5.0895     5.0894    0.78518    0.78525          1     3.5243     3.2893      95.70      0.272     0.3808     0.2193  1.000e-12  0.1787000     7.2082     7.2090     0.0008    -0.0001     5.6953     5.6959     18.822     19.243    1436.15    1436.15     7.8916     8.0282    92.8700    94.4780  0.000e+00
      22223     19.500     5.0916     5.0909    0.78528    0.78534          1     3.5239     3.2892      96.29      0.496     0.3810     0.1864  1.000e-12  0.1758000     7.2087     7.2094     0.0008    -0.0006     5.6957     5.6963     19.317     19.749    1436.16    1436.16     7.8862     8.0310    92.8120    94.5140  0.000e+00
      22240     20.000     5.0914     5.0909    0.78528    0.78534          1     3.5231     3.2893      96.51      0.652     0.3801     0.1925  1.000e-12  0.1765000     7.2086     7.2094     0.0007    -0.0005     5.6956     5.6962     19.812     20.255    1436.17    1436.17     7.8851     8.0344    92.7980    94.5540  0.000e+00
      22257     20.500     5.0913     5.0911    0.78528    0.78535          1     3.5231     3.2895      96.57      0.716     0.3698     0.2050  1.000e-12  0.1880000     7.2086     7.2094     0.0007    -0.0002     5.6956     5.6962     20.308     20.762    1436.18    1436.18     7.8876     8.0311    92.8280    94.5150  0.000e+00
      22282     21.000     5.0903     5.0904    0.78525    0.78533          1     3.5228     3.2889      96.57      0.587     0.3775     0.2220  1.000e-12  0.1788000     7.2085     7.2093     0.0007     0.0002     5.6956     5.6962     20.803     21.268    1436.18    1436.18     7.8890     8.0278    92.8410    94.4750  0.000e+00
      22320     21.500     5.0909     5.0904    0.78529    0.78534          1     3.5228     3.2891      96.58      0.320     0.3763     0.2265  1.000e-12  0.1750000     7.2087     7.2093     0.0006    -0.0005     5.6957     5.6962     21.298     21.775    1436.19    1436.19     7.8874     8.0361    92.8230    94.5740  0.000e+00
      22349     22.000     5.0903     5.0900    0.78527    0.78534          1     3.5218     3.2892      96.61      0.366     0.3851     0.2563  1.000e-12  0.1673000     7.2086     7.2093     0.0007    -0.0003     5.6956     5.6962     21.793     22.281    1436.20    1436.20     7.8844     8.0287    92.7870    94.4840  0.000e+00
      22374     22.500     5.0898     5.0898    0.78526    0.78533          1     3.5220     3.2886      96.67      0.458     0.3878     0.2086  1.000e-12  0.1701000     7.2085     7.2092     0.0007     0.0000     5.6956     5.6962     22.289     22.787    1436.20    1436.20     7.8901     8.0292    92.8530    94.4900  0.000e+00
      22399     23.000     5.0894     5.0894    0.78524    0.78532          1     3.5218     3.2883      96.70      0.484     0.3899     0.2022  1.000e-12  0.1732000     7.2083     7.2091     0.0008     0.0000     5.6955     5.6961     22.784     23.294    1436.21    1436.21     7.8856     8.0280    92.7990    94.4750  0.000e+00
      22424     23.500     5.0894     5.0894    0.78525    0.78532          1     3.5211     3.2879      96.72      0.493     0.3846     0.2156  1.000e-12  0.1761000     7.2083     7.2091     0.0007    -0.0001     5.6955     5.6960     23.279     23.800    1436.22    1436.22     7.8839     8.0239    92.7790    94.4270  0.000e+00
      22454     24.000     5.0894     5.0892    0.78526    0.78532          1     3.5211     3.2867      90.05      0.423     0.3889     0.2170  1.000e-12  0.4910000     7.2084     7.2091     0.0007    -0.0002     5.6955     5.6960     23.774     24.306    1436.23    1436.23     7.8888     8.0164    92.8360    94.3380  0.000e+00
      22489     24.500     5.0898     5.0895    0.78529    0.78534          1     3.5208     3.2853      68.96      0.334     0.3856     0.2608  1.000e-12  0.1636000     7.2086     7.2091     0.0006    -0.0004     5.6956     5.6961     24.270     24.813    1436.24    1436.23     7.8835     8.0148    92.7750    94.3190  0.000e+00
      22514     25.000     5.0907     5.0905    0.78534    0.78542          1     3.5201     3.2848      97.10      0.413     0.3731     0.2371  1.000e-12  0.1722000     7.2088     7.2096     0.0008    -0.0002     5.6958     5.6964     24.765     25.319    1436.25    1436.25     7.8856     8.0263    92.8020    94.4580  0.000e+00
