ctdpy/tests/etc/exprapp_feb_2020/SBE09_1387_20200202_1047_77_10_0095.cnv
* Sea-Bird SBE 9 Data File:
* FileName = L:\2020\sv20d0095.hex
* Software Version Seasave V 7.26.7.121
* Temperature SN = 6378
* Conductivity SN = 4824
* Number of Bytes Per Scan = 41
* Number of Voltage Words = 4
* Number of Scans Averaged by the Deck Unit = 1
* NMEA Latitude = 58 33.38 N
* NMEA Longitude = 010 53.14 E
* NMEA UTC (Time) = Feb 02 2020  10:47:32
* NMEA baud rate = 4800
** Station:  Kilebojen
** Operator:  A-KTh
** Ship: SVEA
** Average sound velocity: 1476.59 m/s
** True-depth calculation Sun, 02 Feb 2020 12:04:41 +0000
** CTD Python Module SMHI /ver 3-12/ feb 2012 
** LIMS Job: 20207710-0095
** Cruise: SMHI-02-2020
** Latitude [GG MM.mm N] :
** Longitude [GGG MM.mm E]:
# nquan = 30
# nvalues = 149                         
# units = specified
# name 0 = scan: Scan Count
# name 1 = prDM: Pressure, Digiquartz [db]
# name 2 = t090C: Temperature [ITS-90, deg C]
# name 3 = t190C: Temperature, 2 [ITS-90, deg C]
# name 4 = c0S/m: Conductivity [S/m]
# name 5 = c1S/m: Conductivity, 2 [S/m]
# name 6 = pumps: Pump Status
# name 7 = sbeox0V: Oxygen raw, SBE 43 [V]
# name 8 = sbeox1V: Oxygen raw, SBE 43, 2 [V]
# name 9 = altM: Altimeter [m]
# name 10 = dz/dtM: Descent Rate [m/s]
# name 11 = flECO-AFL: Chl-a Fluorescence, WET Labs ECO-AFL/FL [mg/m^3]
# name 12 = flECO-AFL1: Phycocyanin Fluorescence, WET Labs ECO-AFL/FL, 2 [mg/m^3]
# name 13 = par: PAR/Irradiance, Biospherical/Lico [µE/(cm^2*s)]
# name 14 = turbWETntu0: Turbidity, WET Labs ECO [NTU]
# name 15 = sal00: Salinity, Practical [PSU]
# name 16 = sal11: Salinity, Practical, 2 [PSU]
# name 17 = secS-priS: Salinity, Practical, Difference, 2 - 1 [PSU]
# name 18 = T2-T190C: Temperature Difference, 2 - 1 [ITS-90, deg C]
# name 19 = sigma-t00: Density [sigma-t, kg/m^3 ]
# name 20 = sigma-t11: Density, 2 [sigma-t, kg/m^3 ]
# name 21 = depSM: Depth [salt water, m], lat = 58.5563
# name 22 = depFM: Depth [true depth, m], lat = 58.5563
# name 23 = svCM: Sound Velocity [Chen-Millero, m/s]
# name 24 = svCM1: Sound Velocity, 2 [Chen-Millero, m/s]
# name 25 = sbeox0ML/L: Oxygen, SBE 43 [ml/l], WS = 2
# name 26 = sbeox1ML/L: Oxygen, SBE 43, 2 [ml/l], WS = 2
# name 27 = sbeox0PS: Oxygen, SBE 43 [% saturation], WS = 2
# name 28 = sbeox1PS: Oxygen, SBE 43, 2 [% saturation], WS = 2
# name 29 = flag: flag
# span 0 =      23750,      28471       
# span 1 =      2.500,     76.500       
# span 2 =     5.6961,     7.0116       
# span 3 =     5.6960,     7.0116       
# span 4 =   2.810469,   3.454452       
# span 5 =   2.810454,   3.454361       
# span 6 =          1,          1       
# span 7 =     3.5176,     3.5644       
# span 8 =     3.2799,     3.3185       
# span 9 =       1.37,      99.81       
# span 10 =     -0.632,      1.089      
# span 11 =     0.4440,     1.2632      
# span 12 =     0.2129,     0.3467      
# span 13 = 8.8984e-13, 4.7957e+01      
# span 14 =     0.4393,     1.7506      
# span 15 =    28.2688,    34.1359      
# span 16 =    28.2685,    34.1348      
# span 17 =    -0.0202,     0.1072      
# span 18 =    -0.0060,     0.0181      
# span 19 =    22.2714,    26.7365      
# span 20 =    22.2707,    26.7356      
# span 21 =      2.477,     75.774      
# span 22 =      2.491,     75.939      
# span 23 =    1465.07,    1478.88      
# span 24 =    1465.07,    1478.87      
# span 25 =     6.3041,     6.8528      
# span 26 =     6.4023,     6.9692      
# span 27 =     92.875,     94.180      
# span 28 =     94.205,     95.783      
# span 29 = 0.0000e+00, 0.0000e+00      
# interval = decibars: 0.5              
# start_time = Feb 02 2020 10:47:32 [NMEA time, first data scan]
# bad_flag = -9.990e-29
*END*
[from data line 49]
      25383     27.000     6.9700     6.9698    3.43815    3.43798          1     3.5393     3.3002      51.59      0.735     0.4865     0.2908  3.145e-01  1.1113000    34.0221    34.0206    -0.0016    -0.0003    26.6526    26.6514     26.747     26.833    1477.76    1477.76     6.3254     6.4336    93.0300    94.6200  0.000e+00
      25404     27.500     6.9711     6.9708    3.43844    3.43830          1     3.5396     3.3008      51.25      0.632     0.4810     0.2661  2.947e-01  1.1454000    34.0240    34.0228    -0.0013    -0.0002    26.6539    26.6530     27.242     27.329    1477.78    1477.77     6.3249     6.4336    93.0260    94.6230  0.000e+00
      25430     28.000     6.9713     6.9714    3.43862    3.43851          1     3.5387     3.3006      50.72      0.506     0.4703     0.2302  2.689e-01  1.0912000    34.0255    34.0242    -0.0013     0.0001    26.6551    26.6540     27.737     27.825    1477.79    1477.78     6.3233     6.4278    93.0050    94.5400  0.000e+00
      25464     28.500     6.9713     6.9708    3.43880    3.43861          1     3.5395     3.3001      50.24      0.386     0.4719     0.2631  2.227e-01  1.0375000    34.0274    34.0257    -0.0017    -0.0005    26.6565    26.6553     28.233     28.321    1477.80    1477.79     6.3291     6.4241    93.0900    94.4860  0.000e+00
      25528     29.000     6.9741     6.9744    3.43964    3.43946          1     3.5397     3.2987      50.02      0.154     0.4742     0.2671  1.666e-01  0.9496000    34.0335    34.0313    -0.0022     0.0002    26.6610    26.6592     28.728     28.817    1477.82    1477.82     6.3234     6.4203    93.0170    94.4410  0.000e+00
      25550     29.500     6.9766     6.9762    3.44023    3.44006          1     3.5387     3.2981      49.60      0.382     0.4771     0.2437  1.510e-01  0.9867000    34.0373    34.0358    -0.0015    -0.0003    26.6636    26.6625     29.223     29.313    1477.84    1477.84     6.3225     6.4227    93.0110    94.4830  0.000e+00
      25565     30.000     6.9773     6.9771    3.44045    3.44030          1     3.5387     3.2982      49.21      0.575     0.4832     0.2364  1.385e-01  1.1229000    34.0388    34.0372    -0.0016    -0.0002    26.6647    26.6635     29.718     29.809    1477.86    1477.86     6.3247     6.4281    93.0450    94.5650  0.000e+00
      25579     30.500     6.9783     6.9781    3.44071    3.44057          1     3.5388     3.2986      48.80      0.725     0.4805     0.3018  1.295e-01  1.1673000    34.0405    34.0391    -0.0014    -0.0002    26.6658    26.6648     30.214     30.305    1477.87    1477.87     6.3237     6.4309    93.0330    94.6100  0.000e+00
      25593     31.000     6.9786     6.9785    3.44082    3.44067          1     3.5387     3.2990      48.34      0.827     0.4642     0.3083  1.148e-01  1.2942000    34.0410    34.0396    -0.0014    -0.0002    26.6662    26.6652     30.709     30.801    1477.88    1477.88     6.3214     6.4307    93.0010    94.6080  0.000e+00
      25606     31.500     6.9794     6.9791    3.44103    3.44087          1     3.5381     3.2992      47.84      0.889     0.4757     0.2129  9.825e-02  1.2653000    34.0423    34.0408    -0.0015    -0.0003    26.6672    26.6661     31.204     31.297    1477.90    1477.89     6.3192     6.4271    92.9710    94.5570  0.000e+00
      25620     32.000     6.9798     6.9795    3.44116    3.44101          1     3.5373     3.2990      47.30      0.901     0.4989     0.2196  8.382e-02  1.1991000    34.0431    34.0417    -0.0014    -0.0002    26.6677    26.6667     31.700     31.793    1477.91    1477.90     6.3195     6.4212    92.9770    94.4720  0.000e+00
      25641     32.500     6.9797     6.9792    3.44118    3.44097          1     3.5373     3.2980      46.59      0.758     0.5183     0.2969  5.963e-02  1.1638000    34.0432    34.0414    -0.0018    -0.0006    26.6678    26.6664     32.195     32.289    1477.91    1477.91     6.3227     6.4216    93.0240    94.4770  0.000e+00
      25728     33.000     6.9795     6.9794    3.44126    3.44115          1     3.5367     3.2985      45.76      0.001     0.4440     0.2603  4.212e-02  0.9152000    34.0440    34.0429    -0.0010    -0.0002    26.6684    26.6676     32.690     32.785    1477.92    1477.92     6.3227     6.4226    93.0240    94.4920  0.000e+00
      25741     33.500     6.9823     6.9821    3.44198    3.44182          1     3.5373     3.2981      45.57      0.395     0.4750     0.2368  2.517e-02  1.0842000    34.0489    34.0473    -0.0016    -0.0002    26.6720    26.6708     33.185     33.281    1477.95    1477.94     6.3263     6.4236    93.0860    94.5160  0.000e+00
      25756     34.000     6.9836     6.9832    3.44237    3.44218          1     3.5376     3.2979      45.27      0.635     0.4767     0.2447  1.213e-02  1.1169000    34.0516    34.0500    -0.0016    -0.0005    26.6739    26.6727     33.681     33.777    1477.97    1477.96     6.3276     6.4251    93.1090    94.5430  0.000e+00
      25770     34.500     6.9848     6.9845    3.44271    3.44253          1     3.5385     3.2980      44.77      0.785     0.4854     0.2633  3.669e-03  1.1735000    34.0539    34.0523    -0.0016    -0.0003    26.6756    26.6743     34.176     34.273    1477.98    1477.98     6.3282     6.4249    93.1220    94.5440  0.000e+00
      25786     35.000     6.9862     6.9859    3.44310    3.44292          1     3.5382     3.2977      44.28      0.818     0.4853     0.2793  5.815e-05  1.2233000    34.0566    34.0550    -0.0016    -0.0003    26.6775    26.6763     34.671     34.769    1478.00    1478.00     6.3243     6.4212    93.0700    94.4940  0.000e+00
      25807     35.500     6.9873     6.9871    3.44336    3.44323          1     3.5381     3.2973      43.75      0.697     0.4995     0.2901  4.704e-08  1.2396000    34.0582    34.0569    -0.0013    -0.0002    26.6786    26.6776     35.166     35.266    1478.01    1478.01     6.3259     6.4236    93.0970    94.5330  0.000e+00
      25830     36.000     6.9878     6.9877    3.44353    3.44339          1     3.5385     3.2978      42.98      0.552     0.4946     0.3005  8.898e-13  1.2323000    34.0593    34.0578    -0.0015    -0.0001    26.6794    26.6782     35.662     35.762    1478.02    1478.02     6.3272     6.4305    93.1170    94.6360  0.000e+00
      25851     36.500     6.9885     6.9879    3.44373    3.44348          1     3.5384     3.2980      42.37      0.539     0.4755     0.3024  1.000e-12  1.2494000    34.0605    34.0584    -0.0021    -0.0005    26.6803    26.6787     36.157     36.258    1478.04    1478.03     6.3243     6.4279    93.0770    94.5990  0.000e+00
      25872     37.000     6.9895     6.9891    3.44403    3.44383          1     3.5377     3.2983      41.82      0.571     0.4832     0.3467  1.000e-12  1.3273000    34.0625    34.0607    -0.0018    -0.0004    26.6817    26.6803     36.652     36.754    1478.05    1478.05     6.3230     6.4299    93.0610    94.6330  0.000e+00
      25900     37.500     6.9896     6.9893    3.44413    3.44392          1     3.5374     3.2982      41.25      0.501     0.4647     0.3148  1.000e-12  1.2433000    34.0634    34.0614    -0.0020    -0.0003    26.6824    26.6808     37.147     37.250    1478.06    1478.06     6.3205     6.4267    93.0240    94.5860  0.000e+00
      25950     38.000     6.9897     6.9900    3.44425    3.44415          1     3.5356     3.2972      40.76      0.222     0.4755     0.2727  1.000e-12  1.0807000    34.0643    34.0629    -0.0014     0.0003    26.6831    26.6819     37.643     37.746    1478.07    1478.07     6.3190     6.4175    93.0040    94.4530  0.000e+00
      25989     38.500     6.9905     6.9904    3.44443    3.44428          1     3.5353     3.2954      40.44      0.273     0.4688     0.2578  1.000e-12  1.0610000    34.0652    34.0638    -0.0014    -0.0002    26.6837    26.6825     38.138     38.242    1478.08    1478.08     6.3201     6.4170    93.0230    94.4470  0.000e+00
      26007     39.000     6.9913     6.9915    3.44466    3.44464          1     3.5353     3.2953      40.21      0.466     0.4812     0.2406  1.000e-12  1.1883000    34.0667    34.0663    -0.0004     0.0002    26.6848    26.6844     38.633     38.738    1478.10    1478.10     6.3217     6.4211    93.0490    94.5110  0.000e+00
      26020     39.500     6.9932     6.9926    3.44521    3.44500          1     3.5357     3.2954      39.88      0.642     0.4874     0.2690  1.000e-12  1.2552000    34.0706    34.0689    -0.0017    -0.0006    26.6876    26.6863     39.128     39.234    1478.11    1478.11     6.3236     6.4251    93.0830    94.5740  0.000e+00
      26032     40.000     6.9944     6.9938    3.44559    3.44531          1     3.5360     3.2956      39.38      0.806     0.4954     0.2814  1.000e-12  1.3865000    34.0735    34.0709    -0.0025    -0.0006    26.6897    26.6877     39.624     39.730    1478.13    1478.13     6.3250     6.4295    93.1070    94.6440  0.000e+00
      26042     40.500     6.9951     6.9944    3.44590    3.44561          1     3.5360     3.2964      38.84      0.949     0.4999     0.2823  1.000e-12  1.4582000    34.0758    34.0733    -0.0025    -0.0007    26.6914    26.6895     40.119     40.226    1478.15    1478.14     6.3237     6.4323    93.0910    94.6880  0.000e+00
      26053     41.000     6.9956     6.9953    3.44601    3.44585          1     3.5362     3.2968      38.41      1.053     0.5106     0.2711  1.000e-12  1.4332000    34.0764    34.0749    -0.0015    -0.0003    26.6918    26.6907     40.614     40.722    1478.16    1478.15     6.3234     6.4307    93.0880    94.6660  0.000e+00
      26066     41.500     6.9956     6.9954    3.44604    3.44589          1     3.5360     3.2968      37.91      1.089     0.5325     0.2751  1.000e-12  1.3913000    34.0765    34.0749    -0.0016    -0.0002    26.6919    26.6907     41.109     41.218    1478.17    1478.16     6.3221     6.4267    93.0690    94.6080  0.000e+00
      26091     42.000     6.9954     6.9951    3.44608    3.44590          1     3.5357     3.2965      37.11      0.852     0.5325     0.3103  1.000e-12  1.3029000    34.0768    34.0750    -0.0017    -0.0003    26.6921    26.6908     41.605     41.714    1478.17    1478.17     6.3208     6.4250    93.0490    94.5830  0.000e+00
      26178     42.500     6.9952     6.9950    3.44605    3.44591          1     3.5351     3.2942      36.22      0.121     0.4966     0.2496  1.000e-12  1.0920000    34.0764    34.0751    -0.0013    -0.0002    26.6919    26.6909     42.100     42.210    1478.18    1478.18     6.3244     6.4144    93.1020    94.4250  0.000e+00
      26190     43.000     6.9953     6.9952    3.44618    3.44604          1     3.5356     3.2940      36.02      0.496     0.5017     0.2353  1.000e-12  1.2405000    34.0775    34.0761    -0.0015    -0.0001    26.6927    26.6916     42.595     42.706    1478.19    1478.19     6.3234     6.4197    93.0890    94.5050  0.000e+00
      26205     43.500     6.9952     6.9951    3.44622    3.44608          1     3.5351     3.2943      35.70      0.712     0.5066     0.3035  1.000e-12  1.2899000    34.0778    34.0764    -0.0014    -0.0002    26.6929    26.6919     43.090     43.202    1478.20    1478.20     6.3190     6.4247    93.0230    94.5790  0.000e+00
      26222     44.000     6.9953     6.9951    3.44626    3.44611          1     3.5342     3.2947      35.20      0.773     0.5066     0.3229  1.000e-12  1.3033000    34.0779    34.0765    -0.0014    -0.0002    26.6930    26.6919     43.586     43.698    1478.21    1478.20     6.3149     6.4275    92.9630    94.6190  0.000e+00
      26250     44.500     6.9952     6.9951    3.44627    3.44611          1     3.5326     3.2948      34.45      0.549     0.4985     0.2778  1.000e-12  1.2070000    34.0778    34.0762    -0.0016    -0.0001    26.6929    26.6917     44.081     44.194    1478.21    1478.21     6.3127     6.4174    92.9300    94.4720  0.000e+00
      26280     45.000     6.9949     6.9948    3.44628    3.44613          1     3.5318     3.2932      33.91      0.355     0.4931     0.2378  1.000e-12  1.3149000    34.0779    34.0765    -0.0014    -0.0002    26.6931    26.6920     44.576     44.690    1478.22    1478.22     6.3156     6.4133    92.9730    94.4110  0.000e+00
      26298     45.500     6.9947     6.9944    3.44629    3.44613          1     3.5317     3.2931      33.49      0.487     0.4863     0.2377  1.000e-12  1.4261000    34.0780    34.0766    -0.0014    -0.0003    26.6932    26.6921     45.071     45.186    1478.23    1478.23     6.3164     6.4200    92.9840    94.5080  0.000e+00
      26314     46.000     6.9948     6.9944    3.44632    3.44615          1     3.5317     3.2932      33.04      0.649     0.4873     0.3134  1.000e-12  1.4140000    34.0780    34.0766    -0.0015    -0.0004    26.6932    26.6921     45.567     45.682    1478.24    1478.23     6.3165     6.4204    92.9860    94.5140  0.000e+00
      26330     46.500     6.9944     6.9942    3.44625    3.44613          1     3.5316     3.2930      32.61      0.748     0.5017     0.3036  1.000e-12  1.3303000    34.0775    34.0762    -0.0013    -0.0001    26.6928    26.6919     46.062     46.178    1478.24    1478.24     6.3178     6.4207    93.0040    94.5170  0.000e+00
      26348     47.000     6.9944     6.9941    3.44625    3.44611          1     3.5317     3.2931      32.05      0.735     0.5065     0.2883  1.000e-12  1.3084000    34.0772    34.0759    -0.0013    -0.0002    26.6926    26.6916     46.557     46.674    1478.25    1478.25     6.3214     6.4247    93.0570    94.5750  0.000e+00
      26371     47.500     6.9946     6.9944    3.44632    3.44619          1     3.5327     3.2937      31.42      0.609     0.4944     0.2848  1.000e-12  1.3523000    34.0775    34.0762    -0.0012    -0.0002    26.6928    26.6918     47.052     47.170    1478.26    1478.26     6.3249     6.4230    93.1090    94.5520  0.000e+00
      26401     48.000     6.9946     6.9944    3.44636    3.44618          1     3.5334     3.2931      30.95      0.441     0.4820     0.2583  1.000e-12  1.1787000    34.0777    34.0759    -0.0018    -0.0002    26.6930    26.6916     47.547     47.666    1478.27    1478.27     6.3229     6.4209    93.0790    94.5210  0.000e+00
      26437     48.500     6.9944     6.9944    3.44634    3.44619          1     3.5329     3.2934      30.40      0.328     0.4816     0.2706  1.000e-12  1.0849000    34.0773    34.0758    -0.0015    -0.0000    26.6927    26.6915     48.043     48.162    1478.28    1478.27     6.3210     6.4275    93.0510    94.6180  0.000e+00
      26468     49.000     6.9948     6.9945    3.44645    3.44628          1     3.5326     3.2938      29.92      0.366     0.4882     0.3080  1.000e-12  1.1544000    34.0780    34.0764    -0.0016    -0.0003    26.6932    26.6920     48.538     48.658    1478.29    1478.28     6.3185     6.4213    93.0160    94.5270  0.000e+00
      26492     49.500     6.9952     6.9950    3.44666    3.44653          1     3.5316     3.2933      29.51      0.452     0.4845     0.2535  1.000e-12  1.2559000    34.0797    34.0784    -0.0013    -0.0001    26.6945    26.6935     49.033     49.154    1478.30    1478.30     6.3168     6.4223    92.9920    94.5440  0.000e+00
      26512     50.000     6.9950     6.9950    3.44658    3.44657          1     3.5313     3.2931      29.05      0.537     0.4856     0.2357  1.000e-12  1.3275000    34.0788    34.0786    -0.0002     0.0001    26.6938    26.6936     49.528     49.650    1478.30    1478.31     6.3176     6.4225    93.0030    94.5470  0.000e+00
