ctdpy/tests/etc/exprapp_feb_2020/SBE09_1387_20200210_1012_77_10_0135.cnv
* Sea-Bird SBE 9 Data File:
* FileName = L:\2020\sv20d0135.hex
* Software Version Seasave V 7.26.7.121
* Temperature SN = 6378
* Conductivity SN = 4824
* Number of Bytes Per Scan = 41
* Number of Voltage Words = 4
* Number of Scans Averaged by the Deck Unit = 1
* NMEA Latitude = 57 04.50 N
* NMEA Longitude = 019 50.70 E
* NMEA UTC (Time) = Feb 10 2020  10:12:32
* NMEA baud rate = 4800
** Station:  BY11
** Operator:  SSip
** Ship: SVEA
** Average sound velocity: 1447.92 m/s
** True-depth calculation Mon, 10 Feb 2020 12:25:02 +0000
** CTD Python Module SMHI /ver 3-12/ feb 2012 
** LIMS Job: 20207710-0135
** Cruise: SMHI-03-2020
** Latitude [GG MM.mm N] :
** Longitude [GGG MM.mm E]:
# nquan = 30
# nvalues = 392                         
# units = specified
# name 0 = scan: Scan Count
# name 1 = prDM: Pressure, Digiquartz [db]
# name 2 = t090C: Temperature [ITS-90, deg C]
# name 3 = t190C: Temperature, 2 [ITS-90, deg C]
# name 4 = c0S/m: Conductivity [S/m]
# name 5 = c1S/m: Conductivity, 2 [S/m]
# name 6 = pumps: Pump Status
# name 7 = sbeox0V: Oxygen raw, SBE 43 [V]
# name 8 = sbeox1V: Oxygen raw, SBE 43, 2 [V]
# name 9 = altM: Altimeter [m]
# name 10 = dz/dtM: Descent Rate [m/s]
# name 11 = flECO-AFL: Chl-a Fluorescence, WET Labs ECO-AFL/FL [mg/m^3]
# name 12 = flECO-AFL1: Phycocyanin Fluorescence, WET Labs ECO-AFL/FL, 2 [mg/m^3]
# name 13 = par: PAR/Irradiance, Biospherical/Lico [µE/(cm^2*s)]
# name 14 = turbWETntu0: Turbidity, WET Labs ECO [NTU]
# name 15 = sal00: Salinity, Practical [PSU]
# name 16 = sal11: Salinity, Practical, 2 [PSU]
# name 17 = secS-priS: Salinity, Practical, Difference, 2 - 1 [PSU]
# name 18 = T2-T190C: Temperature Difference, 2 - 1 [ITS-90, deg C]
# name 19 = sigma-t00: Density [sigma-t, kg/m^3 ]
# name 20 = sigma-t11: Density, 2 [sigma-t, kg/m^3 ]
# name 21 = depSM: Depth [salt water, m], lat = 57.075
# name 22 = depFM: Depth [true depth, m], lat = 57.075
# name 23 = svCM: Sound Velocity [Chen-Millero, m/s]
# name 24 = svCM1: Sound Velocity, 2 [Chen-Millero, m/s]
# name 25 = sbeox0ML/L: Oxygen, SBE 43 [ml/l], WS = 2
# name 26 = sbeox1ML/L: Oxygen, SBE 43, 2 [ml/l], WS = 2
# name 27 = sbeox0PS: Oxygen, SBE 43 [% saturation], WS = 2
# name 28 = sbeox1PS: Oxygen, SBE 43, 2 [% saturation], WS = 2
# name 29 = flag: flag
# span 0 =      21823,      33235       
# span 1 =      3.500,    199.000       
# span 2 =     4.9804,     7.4822       
# span 3 =     4.9801,     7.4820       
# span 4 =   0.799978,   1.453728       
# span 5 =   0.800013,   1.453918       
# span 6 =          1,          1       
# span 7 =     0.7401,     3.5318       
# span 8 =     0.7244,     3.2934       
# span 9 =      -0.17,     100.07       
# span 10 =     -0.144,      1.872      
# span 11 =     0.3305,     0.4648      
# span 12 =     0.1428,     0.3284      
# span 13 = -2.349e-05, 7.8673e+01      
# span 14 =     0.1037,     0.9821      
# span 15 =     7.3798,    13.1236      
# span 16 =     7.3805,    13.1255      
# span 17 =    -0.1413,     0.0927      
# span 18 =    -0.0516,     0.0498      
# span 19 =     5.8355,    10.2172      
# span 20 =     5.8360,    10.2187      
# span 21 =      3.468,    197.076      
# span 22 =      3.544,    200.992      
# span 23 =    1435.65,    1455.49      
# span 24 =    1435.65,    1455.50      
# span 25 =     0.0386,     7.9146      
# span 26 =     0.0680,     8.0518      
# span 27 =      0.498,     92.991      
# span 28 =      0.877,     94.604      
# span 29 = 0.0000e+00, 0.0000e+00      
# interval = decibars: 0.5              
# start_time = Feb 10 2020 10:12:32 [NMEA time, first data scan]
# bad_flag = -9.990e-29
*END*
[from data line 194]
      27099    100.500     7.2087     7.2083    1.34402    1.34412          1     0.8401     0.8225      96.42      0.972     0.3477     0.1909  1.000e-12  0.1462000    12.0749    12.0761     0.0012    -0.0004     9.3959     9.3968     99.552    101.652    1452.58    1452.58     0.2876     0.3393     3.6830     4.3450  0.000e+00
      27136    101.000     7.2063     7.2087    1.34438    1.34391          1     0.8378     0.8212      96.42      0.537     0.3672     0.2147  1.000e-12  0.1543000    12.0792    12.0738    -0.0054     0.0024     9.3994     9.3950    100.047    102.156    1452.58    1452.59     0.2862     0.3344     3.6650     4.2820  0.000e+00
      27203    101.500     7.2054     7.2133    1.34524    1.34345          1     0.8315     0.8143      96.42      0.173     0.3707     0.2045  1.000e-12  0.1495000    12.0878    12.0677    -0.0201     0.0079     9.4063     9.3898    100.542    102.661    1452.60    1452.60     0.2545     0.2817     3.2590     3.6080  0.000e+00
      27230    102.000     7.2066     7.1886    1.34272    1.34673          1     0.8241     0.8078      96.43      0.394     0.3707     0.2102  1.000e-12  0.1638000    12.0627    12.1081     0.0454    -0.0181     9.3865     9.4236    101.038    103.165    1452.58    1452.56     0.2185     0.2472     2.7970     3.1650  0.000e+00
      27259    102.500     7.1789     7.1769    1.34637    1.34645          1     0.8177     0.8010      96.44      0.426     0.3753     0.2272  1.000e-12  0.1668000    12.1079    12.1094     0.0015    -0.0020     9.4242     9.4255    101.533    103.670    1452.53    1452.52     0.2366     0.2655     3.0290     3.3980  0.000e+00
      27283    103.000     7.1749     7.1758    1.34753    1.34770          1     0.8202     0.8017      96.43      0.444     0.3797     0.2295  1.000e-12  0.1766000    12.1204    12.1218     0.0014     0.0009     9.4343     9.4354    102.028    104.174    1452.54    1452.54     0.2631     0.3092     3.3680     3.9580  0.000e+00
      27299    103.500     7.2616     7.2642    1.35390    1.35424          1     0.8216     0.8034      96.43      0.553     0.3723     0.2200  1.000e-12  0.1946000    12.1520    12.1544     0.0024     0.0026     9.4518     9.4535    102.523    104.679    1452.94    1452.95     0.2580     0.3075     3.3100     3.9450  0.000e+00
      27312    104.000     7.2943     7.2937    1.35738    1.35749          1     0.8218     0.8038      96.44      0.695     0.3649     0.1594  1.000e-12  0.1840000    12.1743    12.1756     0.0013    -0.0006     9.4665     9.4676    103.018    105.183    1453.11    1453.11     0.2539     0.2990     3.2600     3.8390  0.000e+00
      27324    104.500     7.3093     7.3090    1.35984    1.35997          1     0.8221     0.8035      96.43      0.835     0.3585     0.1596  1.000e-12  0.1763000    12.1929    12.1942     0.0013    -0.0003     9.4798     9.4809    103.513    105.688    1453.20    1453.20     0.2547     0.2951     3.2720     3.7910  0.000e+00
      27335    105.000     7.3214     7.3206    1.36099    1.36109          1     0.8220     0.8037      96.43      0.960     0.3591     0.1733  1.000e-12  0.1663000    12.1996    12.2009     0.0012    -0.0008     9.4841     9.4851    104.009    106.192    1453.27    1453.27     0.2544     0.2963     3.2700     3.8080  0.000e+00
      27347    105.500     7.3087     7.3079    1.36083    1.36091          1     0.8226     0.8038      96.42      1.040     0.3580     0.1751  1.000e-12  0.1520000    12.2024    12.2034     0.0010    -0.0008     9.4874     9.4882    104.504    106.697    1453.23    1453.23     0.2553     0.2975     3.2810     3.8220  0.000e+00
      27384    106.000     7.2899     7.2890    1.35998    1.35991          1     0.8221     0.8037      96.40      0.938     0.3673     0.1856  1.000e-12  0.1613000    12.2007    12.2004    -0.0004    -0.0010     9.4876     9.4874    104.999    107.201    1453.16    1453.15     0.2518     0.2966     3.2330     3.8090  0.000e+00
      27487    106.500     7.2842     7.2905    1.35795    1.35928          1     0.8195     0.8027      96.44      0.922     0.3744     0.1786  1.000e-12  0.1778000    12.1829    12.1936     0.0107     0.0063     9.4742     9.4820    105.494    107.706    1453.12    1453.16     0.2430     0.2837     3.1190     3.6430  0.000e+00
      27492    107.000     7.2877     7.2884    1.36135    1.36151          1     0.8198     0.8027      96.39      1.176     0.3737     0.2060  1.000e-12  0.1842000    12.2145    12.2159     0.0014     0.0006     9.4986     9.4997    105.989    108.210    1453.18    1453.19     0.2439     0.2867     3.1320     3.6820  0.000e+00
      27499    107.500     7.2947     7.2944    1.36308    1.36321          1     0.8196     0.8025      96.45      1.361     0.3720     0.2034  1.000e-12  0.1849000    12.2288    12.2302     0.0013    -0.0002     9.5093     9.5103    106.484    108.715    1453.24    1453.24     0.2451     0.2866     3.1490     3.6810  0.000e+00
      27506    108.000     7.2941     7.2939    1.36385    1.36397          1     0.8196     0.8019      96.38      1.506     0.3713     0.2036  1.000e-12  0.1831000    12.2364    12.2377     0.0013    -0.0002     9.5152     9.5162    106.979    109.219    1453.25    1453.25     0.2455     0.2845     3.1530     3.6550  0.000e+00
      27513    108.500     7.2949     7.2947    1.36448    1.36460          1     0.8194     0.8025      96.27      1.622     0.3625     0.1931  1.000e-12  0.1614000    12.2422    12.2434     0.0012    -0.0002     9.5197     9.5207    107.475    109.723    1453.27    1453.27     0.2454     0.2885     3.1530     3.7070  0.000e+00
      27523    109.000     7.2960     7.2953    1.36500    1.36485          1     0.8196     0.8019      95.91      1.647     0.3597     0.1774  1.000e-12  0.1587000    12.2467    12.2456    -0.0012    -0.0007     9.5231     9.5223    107.970    110.228    1453.29    1453.28     0.2463     0.2901     3.1640     3.7270  0.000e+00
      27621    109.500     7.2845     7.2814    1.35958    1.35925          1     0.8189     0.8005      95.54      0.259     0.3724     0.2268  1.000e-12  0.1530000    12.1980    12.1959    -0.0021    -0.0030     9.4860     9.4846    108.465    110.732    1453.19    1453.17     0.2370     0.2676     3.0440     3.4350  0.000e+00
      27642    110.000     7.2922     7.2871    1.36318    1.36143          1     0.8172     0.7982      94.70      0.502     0.3719     0.2070  1.000e-12  0.1592000    12.2302    12.2150    -0.0152    -0.0051     9.5105     9.4991    108.960    111.237    1453.27    1453.23     0.2247     0.2577     2.8870     3.3090  0.000e+00
      27666    110.500     7.2872     7.2998    1.36173    1.36665          1     0.8138     0.7959      93.96      0.531     0.3619     0.1895  1.000e-12  0.1440000    12.2178    12.2611     0.0433     0.0127     9.5012     9.5341    109.455    111.741    1453.24    1453.35     0.2108     0.2479     2.7070     3.1860  0.000e+00
      27691    111.000     7.2973     7.2985    1.36584    1.36610          1     0.8099     0.7929      93.47      0.478     0.3780     0.1911  1.000e-12  0.1409000    12.2540    12.2562     0.0021     0.0012     9.5288     9.5304    109.950    112.246    1453.34    1453.34     0.1986     0.2341     2.5510     3.0080  0.000e+00
      27713    111.500     7.3041     7.3036    1.36810    1.36809          1     0.8063     0.7898      93.25      0.507     0.3649     0.1867  1.000e-12  0.1406000    12.2736    12.2736     0.0000    -0.0005     9.5435     9.5436    110.445    112.750    1453.39    1453.39     0.1922     0.2267     2.4700     2.9140  0.000e+00
      27740    112.000     7.3056     7.3054    1.36890    1.36900          1     0.8030     0.7867      92.55      0.496     0.3696     0.1889  1.000e-12  0.1412000    12.2807    12.2818     0.0011    -0.0002     9.5489     9.5498    110.941    113.255    1453.42    1453.42     0.1864     0.2218     2.3960     2.8500  0.000e+00
      27783    112.500     7.3077     7.3075    1.36952    1.36962          1     0.7977     0.7820      92.17      0.257     0.3676     0.2025  1.000e-12  0.1457000    12.2859    12.2869     0.0010    -0.0002     9.5529     9.5537    111.436    113.759    1453.44    1453.44     0.1698     0.2049     2.1820     2.6340  0.000e+00
      27808    113.000     7.3091     7.3088    1.36998    1.37010          1     0.7939     0.7786      91.56      0.367     0.3708     0.2304  1.000e-12  0.1348000    12.2897    12.2910     0.0013    -0.0003     9.5557     9.5568    111.931    114.264    1453.46    1453.46     0.1564     0.1896     2.0100     2.4370  0.000e+00
      27827    113.500     7.3087     7.3083    1.37032    1.37043          1     0.7904     0.7756      91.25      0.549     0.3801     0.2189  1.000e-12  0.1357000    12.2931    12.2943     0.0012    -0.0005     9.5584     9.5594    112.426    114.768    1453.47    1453.47     0.1457     0.1796     1.8730     2.3090  0.000e+00
      27848    114.000     7.3066     7.3062    1.37059    1.37072          1     0.7866     0.7724      78.04      0.612     0.3701     0.2021  1.000e-12  0.1479000    12.2964    12.2978     0.0014    -0.0003     9.5612     9.5623    112.921    115.273    1453.47    1453.47     0.1371     0.1716     1.7630     2.2060  0.000e+00
      27874    114.500     7.3074     7.3072    1.37135    1.37148          1     0.7823     0.7685      71.12      0.494     0.3609     0.2319  1.000e-12  0.1896000    12.3034    12.3047     0.0013    -0.0002     9.5666     9.5676    113.416    115.777    1453.49    1453.49     0.1239     0.1572     1.5930     2.0210  0.000e+00
      27895    115.000     7.3076     7.3072    1.37173    1.37184          1     0.7779     0.7646      90.02      0.484     0.3708     0.2211  1.000e-12  0.1505000    12.3069    12.3081     0.0012    -0.0004     9.5693     9.5703    113.911    116.281    1453.51    1453.51     0.1126     0.1405     1.4480     1.8070  0.000e+00
      27911    115.500     7.3065     7.3060    1.37193    1.37202          1     0.7753     0.7615      88.96      0.597     0.3718     0.1926  1.000e-12  0.1526000    12.3092    12.3102     0.0010    -0.0005     9.5712     9.5720    114.407    116.786    1453.51    1453.51     0.1129     0.1389     1.4510     1.7860  0.000e+00
      27925    116.000     7.3032     7.3025    1.37238    1.37252          1     0.7737     0.7596      89.01      0.729     0.3718     0.1857  1.000e-12  0.1613000    12.3146    12.3161     0.0015    -0.0007     9.5757     9.5770    114.902    117.290    1453.51    1453.51     0.1170     0.1478     1.5040     1.9000  0.000e+00
      27948    116.500     7.2985     7.2977    1.37297    1.37315          1     0.7731     0.7585      88.46      0.759     0.3713     0.1903  1.000e-12  0.2110000    12.3219    12.3239     0.0020    -0.0008     9.5818     9.5835    115.397    117.795    1453.51    1453.51     0.1276     0.1604     1.6410     2.0620  0.000e+00
      28067    117.000     7.3008     7.2996    1.37251    1.37277          1     0.7628     0.7490      87.43      0.470     0.3701     0.2158  1.000e-12  0.1485000    12.3165    12.3195     0.0030    -0.0011     9.5774     9.5799    115.892    118.299    1453.52    1453.52     0.0542     0.0806     0.6970     1.0370  0.000e+00
      28072    117.500     7.2960     7.2956    1.37322    1.37323          1     0.7606     0.7473      87.21      0.775     0.3702     0.1742  1.000e-12  0.1541000    12.3250    12.3253     0.0003    -0.0004     9.5845     9.5847    116.387    118.804    1453.52    1453.52     0.0570     0.0834     0.7330     1.0720  0.000e+00
      28080    118.000     7.2829     7.2811    1.37435    1.37452          1     0.7583     0.7455      86.81      1.004     0.3716     0.1742  1.000e-12  0.1656000    12.3406    12.3429     0.0023    -0.0018     9.5978     9.5998    116.882    119.308    1453.50    1453.49     0.0561     0.0831     0.7210     1.0670  0.000e+00
      28089    118.500     7.2732     7.2723    1.37499    1.37512          1     0.7563     0.7436      86.33      1.180     0.3702     0.1602  1.000e-12  0.1777000    12.3501    12.3517     0.0016    -0.0009     9.6061     9.6075    117.377    119.812    1453.47    1453.47     0.0559     0.0853     0.7180     1.0960  0.000e+00
      28098    119.000     7.2681     7.2674    1.37548    1.37562          1     0.7551     0.7421      85.82      1.296     0.3711     0.1469  1.000e-12  0.1768000    12.3567    12.3582     0.0015    -0.0006     9.6117     9.6129    117.872    120.317    1453.47    1453.47     0.0580     0.0873     0.7450     1.1210  0.000e+00
      28109    119.500     7.2621     7.2617    1.37651    1.37670          1     0.7537     0.7413      85.27      1.321     0.3734     0.1471  1.000e-12  0.3040000    12.3687    12.3707     0.0020    -0.0004     9.6216     9.6232    118.368    120.821    1453.47    1453.47     0.0596     0.0923     0.7660     1.1860  0.000e+00
      28124    120.000     7.3218     7.3239    1.38235    1.38276          1     0.7524     0.7396      84.61      1.158     0.3752     0.2010  1.000e-12  0.3144000    12.4041    12.4073     0.0032     0.0021     9.6443     9.6466    118.863    121.326    1453.77    1453.78     0.0613     0.1022     0.7890     1.3160  0.000e+00
      28204    120.500     7.3210     7.3225    1.37991    1.38108          1     0.7519     0.7391      83.88      0.421     0.3822     0.2297  1.000e-12  0.2496000    12.3805    12.3914     0.0108     0.0015     9.6259     9.6342    119.358    121.830    1453.74    1453.76     0.0624     0.1071     0.8030     1.3790  0.000e+00
      28268    121.000     7.3169     7.3245    1.38056    1.38226          1     0.7512     0.7373      83.55      0.418     0.3744     0.2296  1.000e-12  0.2193000    12.3882    12.4020     0.0138     0.0076     9.6322     9.6424    119.853    122.335    1453.74    1453.79     0.0556     0.0882     0.7150     1.1350  0.000e+00
      28281    121.500     7.3099     7.3204    1.37920    1.38210          1     0.7499     0.7363      83.48      0.657     0.3899     0.2196  1.000e-12  0.2548000    12.3774    12.4018     0.0244     0.0106     9.6244     9.6426    120.348    122.839    1453.71    1453.78     0.0546     0.0884     0.7020     1.1380  0.000e+00
      28293    122.000     7.3175     7.3167    1.38553    1.38587          1     0.7490     0.7355      54.68      0.833     0.3982     0.2230  1.000e-12  0.2675000    12.4362    12.4398     0.0036    -0.0008     9.6698     9.6727    120.843    123.343    1453.82    1453.82     0.0535     0.0882     0.6880     1.1350  0.000e+00
      28305    122.500     7.3142     7.3142    1.38666    1.38682          1     0.7487     0.7353      58.14      0.947     0.3808     0.2361  1.000e-12  0.3567000    12.4483    12.4498     0.0016     0.0000     9.6795     9.6808    121.338    123.848    1453.83    1453.83     0.0550     0.0899     0.7080     1.1570  0.000e+00
      28319    123.000     7.3303     7.3306    1.38796    1.38816          1     0.7478     0.7343      81.59      0.971     0.3711     0.2186  1.000e-12  0.4023000    12.4550    12.4568     0.0017     0.0003     9.6835     9.6848    121.833    124.352    1453.91    1453.92     0.0548     0.0900     0.7050     1.1580  0.000e+00
      28339    123.500     7.3663     7.3679    1.39075    1.39108          1     0.7476     0.7342      81.08      0.799     0.3825     0.1639  1.000e-12  0.4051000    12.4691    12.4717     0.0026     0.0016     9.6914     9.6933    122.328    124.857    1454.09    1454.10     0.0576     0.0951     0.7430     1.2260  0.000e+00
