ctdpy/tests/etc/exprapp_feb_2020/SBE09_1387_20200205_1439_77_10_0112.cnv
* Sea-Bird SBE 9 Data File:
* FileName = L:\2020\sv20d0112.hex
* Software Version Seasave V 7.26.7.121
* Temperature SN = 6378
* Conductivity SN = 4824
* Number of Bytes Per Scan = 41
* Number of Voltage Words = 4
* Number of Scans Averaged by the Deck Unit = 1
* NMEA Latitude = 58 03.12 N
* NMEA Longitude = 009 44.90 E
* NMEA UTC (Time) = Feb 05 2020  14:39:12
* NMEA baud rate = 4800
** Station:  30N Hirtshals
** Operator:  A-KTh
** Ship: SVEA
** Average sound velocity: 1482.43 m/s
** True-depth calculation Wed, 05 Feb 2020 18:13:38 +0000
** CTD Python Module SMHI /ver 3-12/ feb 2012 
** LIMS Job: 20207710-0112
** Cruise: SMHI-02-2020
** Latitude [GG MM.mm N] :
** Longitude [GGG MM.mm E]:
# nquan = 30
# nvalues = 521                         
# units = specified
# name 0 = scan: Scan Count
# name 1 = prDM: Pressure, Digiquartz [db]
# name 2 = t090C: Temperature [ITS-90, deg C]
# name 3 = t190C: Temperature, 2 [ITS-90, deg C]
# name 4 = c0S/m: Conductivity [S/m]
# name 5 = c1S/m: Conductivity, 2 [S/m]
# name 6 = pumps: Pump Status
# name 7 = sbeox0V: Oxygen raw, SBE 43 [V]
# name 8 = sbeox1V: Oxygen raw, SBE 43, 2 [V]
# name 9 = altM: Altimeter [m]
# name 10 = dz/dtM: Descent Rate [m/s]
# name 11 = flECO-AFL: Chl-a Fluorescence, WET Labs ECO-AFL/FL [mg/m^3]
# name 12 = flECO-AFL1: Phycocyanin Fluorescence, WET Labs ECO-AFL/FL, 2 [mg/m^3]
# name 13 = par: PAR/Irradiance, Biospherical/Lico [µE/(cm^2*s)]
# name 14 = turbWETntu0: Turbidity, WET Labs ECO [NTU]
# name 15 = sal00: Salinity, Practical [PSU]
# name 16 = sal11: Salinity, Practical, 2 [PSU]
# name 17 = secS-priS: Salinity, Practical, Difference, 2 - 1 [PSU]
# name 18 = T2-T190C: Temperature Difference, 2 - 1 [ITS-90, deg C]
# name 19 = sigma-t00: Density [sigma-t, kg/m^3 ]
# name 20 = sigma-t11: Density, 2 [sigma-t, kg/m^3 ]
# name 21 = depSM: Depth [salt water, m], lat = 58.052
# name 22 = depFM: Depth [true depth, m], lat = 58.052
# name 23 = svCM: Sound Velocity [Chen-Millero, m/s]
# name 24 = svCM1: Sound Velocity, 2 [Chen-Millero, m/s]
# name 25 = sbeox0ML/L: Oxygen, SBE 43 [ml/l], WS = 2
# name 26 = sbeox1ML/L: Oxygen, SBE 43, 2 [ml/l], WS = 2
# name 27 = sbeox0PS: Oxygen, SBE 43 [% saturation], WS = 2
# name 28 = sbeox1PS: Oxygen, SBE 43, 2 [% saturation], WS = 2
# name 29 = flag: flag
# span 0 =      15355,      28590       
# span 1 =      3.500,    263.500       
# span 2 =     6.3139,     7.7640       
# span 3 =     6.3138,     7.7628       
# span 4 =   3.244053,   3.614283       
# span 5 =   3.243913,   3.614014       
# span 6 =          1,          1       
# span 7 =     3.4518,     3.5795       
# span 8 =     3.2137,     3.3230       
# span 9 =       1.61,      99.63       
# span 10 =     -0.102,      1.228      
# span 11 =     0.2614,     0.8316      
# span 12 =     0.1480,     0.3566      
# span 13 = 1.0000e-12, 5.0551e+00      
# span 14 =     0.1949,     2.7989      
# span 15 =    32.5238,    35.1078      
# span 16 =    32.5244,    35.1061      
# span 17 =    -0.0486,     0.1033      
# span 18 =    -0.0323,     0.0169      
# span 19 =    25.5573,    27.4043      
# span 20 =    25.5579,    27.4034      
# span 21 =      3.468,    260.891      
# span 22 =      3.476,    261.272      
# span 23 =    1472.93,    1485.54      
# span 24 =    1472.93,    1485.54      
# span 25 =     6.1587,     6.5691      
# span 26 =     6.2262,     6.6621      
# span 27 =     92.737,     94.935      
# span 28 =     93.800,     95.752      
# span 29 = 0.0000e+00, 0.0000e+00      
# interval = decibars: 0.5              
# start_time = Feb 05 2020 14:39:13 [NMEA time, first data scan]
# bad_flag = -9.990e-29
*END*
[from data line 194]
      20405    100.500     7.5904     7.5937    3.59197    3.59224          1     3.5226     3.2705      55.73      0.381     0.3357     0.2394  1.000e-12  0.4048000    35.0467    35.0462    -0.0005     0.0034    27.3713    27.3704     99.544     99.678    1482.63    1482.65     6.2000     6.2652    93.1090    94.0940  0.000e+00
      20431    101.000     7.6107     7.6127    3.59455    3.59465          1     3.5212     3.2701      98.68      0.390     0.3295     0.2218  1.000e-12  0.4503000    35.0539    35.0530    -0.0009     0.0020    27.3740    27.3730    100.039    100.174    1482.73    1482.73     6.2000     6.2733    93.1550    94.2600  0.000e+00
      20452    101.500     7.6237     7.6275    3.59619    3.59651          1     3.5215     3.2709      98.05      0.521     0.3103     0.1782  1.000e-12  0.3734000    35.0583    35.0579    -0.0004     0.0038    27.3756    27.3747    100.534    100.669    1482.79    1482.80     6.2023     6.2742    93.2200    94.3090  0.000e+00
      20483    102.000     7.6181     7.6280    3.59558    3.59642          1     3.5215     3.2704      98.05      0.459     0.3179     0.2234  1.000e-12  0.3459000    35.0570    35.0562    -0.0008     0.0099    27.3754    27.3733    101.029    101.165    1482.77    1482.81     6.1992     6.2637    93.1620    94.1510  0.000e+00
      20520    102.500     7.6421     7.6456    3.59851    3.59876          1     3.5204     3.2694      98.05      0.265     0.3178     0.1826  1.000e-12  0.4264000    35.0645    35.0637    -0.0009     0.0035    27.3778    27.3766    101.525    101.661    1482.88    1482.90     6.1915     6.2544    93.1000    94.0520  0.000e+00
      20538    103.000     7.6686     7.6675    3.60182    3.60159          1     3.5196     3.2678      98.05      0.434     0.3046     0.2380  1.000e-12  0.5040000    35.0735    35.0720    -0.0015    -0.0010    27.3809    27.3799    102.020    102.156    1483.00    1483.00     6.1821     6.2415    93.0190    93.9100  0.000e+00
      20551    103.500     7.6726     7.6730    3.60236    3.60227          1     3.5184     3.2669      98.04      0.635     0.2907     0.2376  1.000e-12  0.5288000    35.0750    35.0735    -0.0015     0.0004    27.3816    27.3803    102.515    102.652    1483.03    1483.03     6.1777     6.2409    92.9630    93.9150  0.000e+00
      20563    104.000     7.6770     7.6764    3.60293    3.60274          1     3.5177     3.2661      98.03      0.811     0.2949     0.2399  1.000e-12  0.4377000    35.0765    35.0750    -0.0015    -0.0006    27.3820    27.3809    103.010    103.148    1483.06    1483.05     6.1770     6.2407    92.9620    93.9190  0.000e+00
      20576    104.500     7.6839     7.6843    3.60385    3.60378          1     3.5166     3.2653      98.03      0.935     0.3030     0.2233  1.000e-12  0.3737000    35.0792    35.0781    -0.0012     0.0004    27.3832    27.3822    103.505    103.643    1483.10    1483.09     6.1764     6.2420    92.9690    93.9580  0.000e+00
      20591    105.000     7.6928     7.6928    3.60494    3.60483          1     3.5163     3.2651      98.04      0.940     0.3085     0.1933  1.000e-12  0.3417000    35.0817    35.0806    -0.0012    -0.0000    27.3839    27.3829    104.000    104.139    1483.14    1483.14     6.1769     6.2484    92.9980    94.0740  0.000e+00
      20647    105.500     7.6868     7.6737    3.60420    3.60243          1     3.5162     3.2662      98.04      0.338     0.3099     0.2256  1.000e-12  0.3695000    35.0796    35.0736    -0.0060    -0.0131    27.3830    27.3802    104.495    104.635    1483.12    1483.06     6.1821     6.2528    93.0630    94.0940  0.000e+00
      20694    106.000     7.6868     7.6847    3.60423    3.60385          1     3.5171     3.2657      98.04      0.261     0.2932     0.2360  1.000e-12  0.3818000    35.0798    35.0777    -0.0021    -0.0021    27.3832    27.3818    104.990    105.130    1483.13    1483.12     6.1876     6.2436    93.1450    93.9820  0.000e+00
      20711    106.500     7.6897     7.6856    3.60473    3.60405          1     3.5179     3.2649      98.04      0.494     0.2821     0.2619  1.000e-12  0.4066000    35.0819    35.0786    -0.0032    -0.0041    27.3844    27.3825    105.485    105.626    1483.15    1483.13     6.1873     6.2464    93.1480    94.0270  0.000e+00
      20725    107.000     7.6990     7.6984    3.60599    3.60579          1     3.5178     3.2650      98.04      0.669     0.2809     0.2674  1.000e-12  0.4395000    35.0859    35.0844    -0.0015    -0.0006    27.3862    27.3851    105.980    106.122    1483.20    1483.20     6.1842     6.2483    93.1230    94.0870  0.000e+00
      20738    107.500     7.6991     7.7015    3.60604    3.60620          1     3.5180     3.2651      98.04      0.805     0.2851     0.2475  1.000e-12  0.3687000    35.0862    35.0855    -0.0006     0.0023    27.3864    27.3856    106.476    106.618    1483.21    1483.22     6.1846     6.2526    93.1290    94.1580  0.000e+00
      20751    108.000     7.7066     7.7068    3.60698    3.60687          1     3.5179     3.2656      98.04      0.902     0.2893     0.2403  1.000e-12  0.3299000    35.0885    35.0871    -0.0015     0.0002    27.3872    27.3860    106.971    107.113    1483.25    1483.25     6.1832     6.2552    93.1250    94.2090  0.000e+00
      20765    108.500     7.7114     7.7110    3.60769    3.60749          1     3.5178     3.2662      98.04      0.925     0.2784     0.2037  1.000e-12  0.4164000    35.0911    35.0894    -0.0017    -0.0005    27.3885    27.3872    107.466    107.609    1483.28    1483.28     6.1811     6.2586    93.1060    94.2700  0.000e+00
      20802    109.000     7.7118     7.7074    3.60773    3.60701          1     3.5172     3.2665      98.04      0.539     0.2855     0.2032  1.000e-12  0.3488000    35.0908    35.0875    -0.0033    -0.0044    27.3882    27.3863    107.961    108.105    1483.29    1483.27     6.1784     6.2507    93.0660    94.1430  0.000e+00
      20860    109.500     7.7087     7.7028    3.60732    3.60648          1     3.5158     3.2640      98.04      0.143     0.2958     0.2385  1.000e-12  0.2848000    35.0894    35.0862    -0.0033    -0.0058    27.3876    27.3859    108.456    108.600    1483.28    1483.26     6.1733     6.2286    92.9820    93.8000  0.000e+00
      20874    110.000     7.7176     7.7145    3.60860    3.60807          1     3.5152     3.2624      98.03      0.451     0.2752     0.2635  1.000e-12  0.2679000    35.0941    35.0914    -0.0027    -0.0030    27.3899    27.3882    108.951    109.096    1483.33    1483.32     6.1715     6.2271    92.9760    93.8060  0.000e+00
      20888    110.500     7.7500     7.7502    3.61256    3.61243          1     3.5142     3.2615      98.04      0.680     0.2756     0.2645  1.000e-12  0.2770000    35.1040    35.1024    -0.0016     0.0002    27.3929    27.3917    109.446    109.592    1483.47    1483.47     6.1656     6.2262    92.9610    93.8740  0.000e+00
      20901    111.000     7.7565     7.7568    3.61335    3.61327          1     3.5140     3.2615      98.04      0.840     0.2787     0.2624  1.000e-12  0.2824000    35.1057    35.1045    -0.0012     0.0003    27.3933    27.3923    109.941    110.087    1483.51    1483.51     6.1651     6.2305    92.9680    93.9540  0.000e+00
      20915    111.500     7.7609     7.7605    3.61389    3.61372          1     3.5134     3.2614      98.04      0.901     0.2771     0.2541  1.000e-12  0.5835000    35.1068    35.1055    -0.0014    -0.0004    27.3935    27.3925    110.436    110.583    1483.54    1483.53     6.1640     6.2341    92.9610    94.0170  0.000e+00
      20937    112.000     7.7640     7.7628    3.61428    3.61401          1     3.5128     3.2618      98.04      0.743     0.2777     0.2299  1.000e-12  0.5329000    35.1078    35.1061    -0.0017    -0.0012    27.3938    27.3926    110.932    111.079    1483.56    1483.55     6.1587     6.2321    92.8890    93.9920  0.000e+00
      20984    112.500     7.7549     7.7547    3.61326    3.61314          1     3.5111     3.2625      98.04      0.239     0.2614     0.2261  1.000e-12  0.3941000    35.1056    35.1046    -0.0010    -0.0002    27.3934    27.3927    111.427    111.574    1483.53    1483.53     6.1698     6.2497    93.0360    94.2390  0.000e+00
      21016    113.000     7.7617     7.7596    3.61412    3.61369          1     3.5140     3.2651      66.56      0.315     0.2739     0.2245  1.000e-12  0.3126000    35.1078    35.1053    -0.0025    -0.0021    27.3942    27.3925    111.922    112.070    1483.56    1483.55     6.1824     6.2505    93.2410    94.2620  0.000e+00
      21034    113.500     7.7017     7.7085    3.60786    3.60835          1     3.5164     3.2653      97.78      0.512     0.2726     0.2416  1.000e-12  0.3261000    35.1003    35.0987    -0.0016     0.0069    27.3971    27.3948    112.417    112.566    1483.33    1483.36     6.1939     6.2518    93.2840    94.1690  0.000e+00
      21051    114.000     7.6943     7.6958    3.60716    3.60722          1     3.5170     3.2651      98.04      0.647     0.2657     0.2388  1.000e-12  0.3484000    35.0999    35.0991    -0.0008     0.0015    27.3980    27.3971    112.912    113.062    1483.32    1483.32     6.1904     6.2487    93.2150    94.0950  0.000e+00
      21067    114.500     7.6907     7.7043    3.60676    3.60805          1     3.5172     3.2644      53.82      0.714     0.2869     0.2469  1.000e-12  0.3774000    35.0989    35.0992     0.0003     0.0136    27.3977    27.3959    113.407    113.557    1483.31    1483.36     6.1855     6.2443    93.1340    94.0480  0.000e+00
      21088    115.000     7.7028     7.7117    3.60788    3.60889          1     3.5157     3.2639      76.31      0.678     0.2809     0.2626  1.000e-12  0.5333000    35.0987    35.1006     0.0019     0.0089    27.3957    27.3959    113.902    114.053    1483.36    1483.40     6.1755     6.2463    93.0070    94.0940  0.000e+00
      21137    115.500     7.7158     7.7201    3.60945    3.60975          1     3.5141     3.2656      86.65      0.268     0.2821     0.2186  1.000e-12  0.3719000    35.1022    35.1012    -0.0010     0.0042    27.3966    27.3952    114.397    114.549    1483.42    1483.44     6.1771     6.2544    93.0620    94.2350  0.000e+00
      21172    116.000     7.7039     7.7051    3.60830    3.60822          1     3.5136     3.2654      98.38      0.275     0.2654     0.1826  1.000e-12  0.4603000    35.1015    35.0996    -0.0020     0.0012    27.3978    27.3961    114.892    115.044    1483.39    1483.39     6.1812     6.2473    93.0970    94.0940  0.000e+00
      21188    116.500     7.6869     7.6894    3.60651    3.60661          1     3.5142     3.2650      97.31      0.501     0.2786     0.2387  1.000e-12  0.2876000    35.0991    35.0977    -0.0014     0.0026    27.3984    27.3969    115.387    115.540    1483.33    1483.34     6.1899     6.2559    93.1920    94.1890  0.000e+00
      21202    117.000     7.6942     7.6951    3.60732    3.60735          1     3.5154     3.2652      98.05      0.691     0.2813     0.2456  1.000e-12  0.2744000    35.1003    35.0996    -0.0007     0.0009    27.3983    27.3976    115.882    116.036    1483.36    1483.37     6.1912     6.2612    93.2270    94.2840  0.000e+00
      21216    117.500     7.7077     7.7066    3.60875    3.60860          1     3.5155     3.2657      98.04      0.827     0.2893     0.2637  1.000e-12  0.3648000    35.1019    35.1014    -0.0005    -0.0011    27.3975    27.3972    116.378    116.531    1483.43    1483.42     6.1856     6.2628    93.1720    94.3320  0.000e+00
      21230    118.000     7.6879     7.6914    3.60666    3.60696          1     3.5153     3.2663      91.49      0.877     0.2892     0.2637  1.000e-12  0.3533000    35.0990    35.0987    -0.0003     0.0035    27.3982    27.3974    116.873    117.027    1483.35    1483.37     6.1852     6.2648    93.1230    94.3290  0.000e+00
      21253    118.500     7.6835     7.6806    3.60607    3.60579          1     3.5147     3.2664      83.44      0.720     0.2922     0.2557  1.000e-12  0.3383000    35.0968    35.0967    -0.0001    -0.0029    27.3971    27.3974    117.368    117.523    1483.34    1483.33     6.1875     6.2600    93.1460    94.2330  0.000e+00
      21323    119.000     7.6932     7.6957    3.60730    3.60742          1     3.5132     3.2638      94.33      0.103     0.2853     0.2218  1.000e-12  0.3430000    35.1001    35.0989    -0.0012     0.0025    27.3982    27.3969    117.863    118.018    1483.39    1483.40     6.1808     6.2529    93.0680    94.1590  0.000e+00
      21343    119.500     7.6940     7.6959    3.60744    3.60745          1     3.5131     3.2641      98.17      0.364     0.2657     0.2628  1.000e-12  0.2526000    35.1005    35.0987    -0.0018     0.0019    27.3985    27.3968    118.358    118.514    1483.41    1483.41     6.1846     6.2591    93.1270    94.2520  0.000e+00
      21358    120.000     7.7026     7.7013    3.60826    3.60814          1     3.5135     3.2646      98.01      0.595     0.2715     0.2721  1.000e-12  0.3044000    35.1005    35.1006     0.0001    -0.0013    27.3972    27.3974    118.853    119.010    1483.45    1483.44     6.1833     6.2572    93.1260    94.2370  0.000e+00
      21371    120.500     7.7092     7.7011    3.60896    3.60812          1     3.5133     3.2642      98.01      0.771     0.2790     0.2823  1.000e-12  0.3409000    35.1012    35.1003    -0.0009    -0.0081    27.3968    27.3972    119.348    119.505    1483.48    1483.45     6.1806     6.2533    93.0990    94.1770  0.000e+00
      21385    121.000     7.6995     7.7012    3.60804    3.60811          1     3.5130     3.2641      98.01      0.866     0.2943     0.2696  1.000e-12  0.6062000    35.1007    35.0997    -0.0010     0.0017    27.3978    27.3968    119.843    120.001    1483.45    1483.46     6.1806     6.2534    93.0780    94.1780  0.000e+00
      21408    121.500     7.6951     7.6907    3.60763    3.60705          1     3.5120     3.2639      96.63      0.735     0.3006     0.2340  1.000e-12  0.5605000    35.1004    35.0986    -0.0018    -0.0044    27.3982    27.3975    120.338    120.497    1483.44    1483.42     6.1764     6.2566    93.0060    94.2030  0.000e+00
      21489    122.000     7.6892     7.6907    3.60697    3.60703          1     3.5116     3.2628      83.49     -0.004     0.2932     0.2404  1.000e-12  0.4423000    35.0991    35.0982    -0.0008     0.0015    27.3980    27.3972    120.833    120.993    1483.43    1483.43     6.1850     6.2453    93.1220    94.0330  0.000e+00
      21501    122.500     7.6798     7.6806    3.60603    3.60593          1     3.5116     3.2621      98.37      0.381     0.2769     0.2056  1.000e-12  0.4735000    35.0980    35.0962    -0.0018     0.0007    27.3986    27.3971    121.328    121.488    1483.40    1483.40     6.1848     6.2532    93.0990    94.1290  0.000e+00
      21513    123.000     7.6770     7.6757    3.60570    3.60549          1     3.5118     3.2623      95.54      0.642     0.2867     0.2072  1.000e-12  0.6627000    35.0971    35.0962    -0.0008    -0.0014    27.3982    27.3978    121.823    121.984    1483.39    1483.39     6.1858     6.2584    93.1080    94.1970  0.000e+00
      21524    123.500     7.6901     7.6895    3.60716    3.60701          1     3.5118     3.2626      35.74      0.853     0.2875     0.2186  1.000e-12  0.6597000    35.0994    35.0984    -0.0010    -0.0006    27.3982    27.3975    122.318    122.480    1483.45    1483.45     6.1840     6.2600    93.1090    94.2520  0.000e+00
