ctdpy/tests/etc/exprapp_feb_2020/SBE09_1387_20200206_1847_77_10_0117.cnv
* Sea-Bird SBE 9 Data File:
* FileName = L:\2020\sv20d0117.hex
* Software Version Seasave V 7.26.7.121
* Temperature SN = 6378
* Conductivity SN = 4824
* Number of Bytes Per Scan = 41
* Number of Voltage Words = 4
* Number of Scans Averaged by the Deck Unit = 1
* NMEA Latitude = 58 15.86 N
* NMEA Longitude = 010 43.33 E
* NMEA UTC (Time) = Feb 06 2020  18:47:54
* NMEA baud rate = 4800
** Station:  Å16
** Operator:  DBSj
** Ship: SVEA
** Average sound velocity: 1481.52 m/s
** True-depth calculation Thu, 06 Feb 2020 19:25:34 +0000
** CTD Python Module SMHI /ver 3-12/ feb 2012 
** LIMS Job: 20207710-0117
** Cruise: SMHI-03-2020
** Latitude [GG MM.mm N] :
** Longitude [GGG MM.mm E]:
# nquan = 30
# nvalues = 401                         
# units = specified
# name 0 = scan: Scan Count
# name 1 = prDM: Pressure, Digiquartz [db]
# name 2 = t090C: Temperature [ITS-90, deg C]
# name 3 = t190C: Temperature, 2 [ITS-90, deg C]
# name 4 = c0S/m: Conductivity [S/m]
# name 5 = c1S/m: Conductivity, 2 [S/m]
# name 6 = pumps: Pump Status
# name 7 = sbeox0V: Oxygen raw, SBE 43 [V]
# name 8 = sbeox1V: Oxygen raw, SBE 43, 2 [V]
# name 9 = altM: Altimeter [m]
# name 10 = dz/dtM: Descent Rate [m/s]
# name 11 = flECO-AFL: Chl-a Fluorescence, WET Labs ECO-AFL/FL [mg/m^3]
# name 12 = flECO-AFL1: Phycocyanin Fluorescence, WET Labs ECO-AFL/FL, 2 [mg/m^3]
# name 13 = par: PAR/Irradiance, Biospherical/Lico [µE/(cm^2*s)]
# name 14 = turbWETntu0: Turbidity, WET Labs ECO [NTU]
# name 15 = sal00: Salinity, Practical [PSU]
# name 16 = sal11: Salinity, Practical, 2 [PSU]
# name 17 = secS-priS: Salinity, Practical, Difference, 2 - 1 [PSU]
# name 18 = T2-T190C: Temperature Difference, 2 - 1 [ITS-90, deg C]
# name 19 = sigma-t00: Density [sigma-t, kg/m^3 ]
# name 20 = sigma-t11: Density, 2 [sigma-t, kg/m^3 ]
# name 21 = depSM: Depth [salt water, m], lat = 58.2643
# name 22 = depFM: Depth [true depth, m], lat = 58.2643
# name 23 = svCM: Sound Velocity [Chen-Millero, m/s]
# name 24 = svCM1: Sound Velocity, 2 [Chen-Millero, m/s]
# name 25 = sbeox0ML/L: Oxygen, SBE 43 [ml/l], WS = 2
# name 26 = sbeox1ML/L: Oxygen, SBE 43, 2 [ml/l], WS = 2
# name 27 = sbeox0PS: Oxygen, SBE 43 [% saturation], WS = 2
# name 28 = sbeox1PS: Oxygen, SBE 43, 2 [% saturation], WS = 2
# name 29 = flag: flag
# span 0 =      17302,      29897       
# span 1 =      1.500,    201.500       
# span 2 =     6.1088,     8.0050       
# span 3 =     6.1081,     8.0041       
# span 4 =   3.205180,   3.636316       
# span 5 =   3.204984,   3.636163       
# span 6 =          1,          1       
# span 7 =     3.3931,     3.5864       
# span 8 =     3.1590,     3.3358       
# span 9 =     -26.50,      98.94       
# span 10 =     -0.199,      0.716      
# span 11 =     0.1825,     0.8541      
# span 12 =     0.1334,     0.3319      
# span 13 = -4.958e-08, 1.6368e+00      
# span 14 =     0.1593,     4.7319      
# span 15 =    32.2862,    35.0983      
# span 16 =    32.2850,    35.0965      
# span 17 =    -0.0125,     0.0640      
# span 18 =    -0.0097,     0.0265      
# span 19 =    25.3942,    27.3795      
# span 20 =    25.3936,    27.3785      
# span 21 =      1.486,    199.530      
# span 22 =      1.490,    199.820      
# span 23 =    1471.83,    1484.76      
# span 24 =    1471.84,    1484.76      
# span 25 =     5.8743,     6.6315      
# span 26 =     5.9417,     6.7221      
# span 27 =     88.850,     94.756      
# span 28 =     89.865,     96.056      
# span 29 = 0.0000e+00, 0.0000e+00      
# interval = decibars: 0.5              
# start_time = Feb 06 2020 18:47:54 [NMEA time, first data scan]
# bad_flag = -9.990e-29
*END*
[from data line 194]
      22711     98.500     7.3803     7.3817    3.55924    3.55930          1     3.5168     3.2726      97.97      0.451     0.3332     0.2073  1.000e-12  0.4823000    34.9031    34.9023    -0.0008     0.0014    27.2887    27.2879     97.562     97.704    1481.62    1481.62     6.2299     6.3144    93.0250    94.2900  0.000e+00
      22753     99.000     7.3851     7.3877    3.56010    3.56035          1     3.5156     3.2710      97.97      0.245     0.3350     0.2162  1.000e-12  0.3988000    34.9074    34.9075     0.0001     0.0026    27.2915    27.2912     98.057     98.200    1481.65    1481.66     6.2253     6.2967    92.9700    94.0410  0.000e+00
      22776     99.500     7.3905     7.3901    3.56120    3.56102          1     3.5153     3.2688      97.97      0.399     0.3268     0.2771  1.000e-12  0.4577000    34.9137    34.9121    -0.0016    -0.0004    27.2956    27.2944     98.552     98.695    1481.69    1481.68     6.2242     6.2962    92.9670    94.0410  0.000e+00
      22793    100.000     7.3918     7.3917    3.56146    3.56132          1     3.5148     3.2687      97.97      0.568     0.3359     0.2611  1.000e-12  0.4842000    34.9150    34.9136    -0.0015    -0.0001    27.2965    27.2953     99.047     99.191    1481.70    1481.70     6.2232     6.3041    92.9550    94.1640  0.000e+00
      22811    100.500     7.3926     7.3924    3.56162    3.56146          1     3.5145     3.2685      97.97      0.674     0.3458     0.2388  1.000e-12  0.4760000    34.9158    34.9142    -0.0015    -0.0002    27.2970    27.2958     99.542     99.687    1481.71    1481.71     6.2261     6.3040    93.0020    94.1640  0.000e+00
      22830    101.000     7.3925     7.3923    3.56166    3.56153          1     3.5151     3.2685      52.13      0.678     0.3460     0.2397  1.000e-12  0.5045000    34.9161    34.9148    -0.0013    -0.0002    27.2972    27.2962    100.037    100.183    1481.72    1481.72     6.2297     6.3058    93.0560    94.1900  0.000e+00
      22856    101.500     7.3928     7.3924    3.56177    3.56157          1     3.5150     3.2677      88.80      0.541     0.3464     0.2190  1.000e-12  0.5242000    34.9167    34.9149    -0.0018    -0.0003    27.2977    27.2963    100.532    100.678    1481.73    1481.73     6.2221     6.2906    92.9430    93.9640  0.000e+00
      22892    102.000     7.4009     7.4119    3.56290    3.56384          1     3.5118     3.2641      98.05      0.345     0.3296     0.1842  1.000e-12  0.4615000    34.9205    34.9197    -0.0009     0.0110    27.2995    27.2972    101.028    101.174    1481.78    1481.82     6.2030     6.2728    92.6770    93.7430  0.000e+00
      22927    102.500     7.4433     7.4496    3.56765    3.56821          1     3.5044     3.2595      97.98      0.328     0.3084     0.2060  1.000e-12  0.4144000    34.9294    34.9292    -0.0002     0.0062    27.3004    27.2993    101.523    101.670    1481.96    1481.98     6.1643     6.2385    92.1930    93.3150  0.000e+00
      22954    103.000     7.4633     7.4635    3.57001    3.56996          1     3.4968     3.2536      97.97      0.413     0.3059     0.2145  1.000e-12  0.5542000    34.9346    34.9339    -0.0007     0.0002    27.3016    27.3010    102.018    102.166    1482.05    1482.05     6.1454     6.2184    91.9550    93.0470  0.000e+00
      22976    103.500     7.5147     7.5151    3.57582    3.57576          1     3.4908     3.2489      97.97      0.496     0.3097     0.2202  1.000e-12  0.5201000    34.9459    34.9448    -0.0011     0.0004    27.3031    27.3021    102.513    102.661    1482.27    1482.27     6.1238     6.2026    91.7450    92.9270  0.000e+00
      22997    104.000     7.5284     7.5289    3.57743    3.57733          1     3.4855     3.2454      97.97      0.551     0.3097     0.2187  1.000e-12  0.4468000    34.9494    34.9478    -0.0016     0.0004    27.3038    27.3025    103.008    103.157    1482.33    1482.33     6.1171     6.1956    91.6760    92.8520  0.000e+00
      23018    104.500     7.5540     7.5556    3.58030    3.58043          1     3.4814     3.2413      97.97      0.575     0.3099     0.2174  1.000e-12  0.4207000    34.9545    34.9543    -0.0002     0.0016    27.3041    27.3037    103.503    103.653    1482.44    1482.45     6.0980     6.1683    91.4450    92.5030  0.000e+00
      23041    105.000     7.5797     7.5770    3.58313    3.58276          1     3.4737     3.2345      93.19      0.553     0.3094     0.2192  1.000e-12  0.4008000    34.9591    34.9578    -0.0013    -0.0028    27.3040    27.3034    103.998    104.148    1482.56    1482.54     6.0682     6.1368    91.0550    92.0780  0.000e+00
      23069    105.500     7.6124     7.6153    3.58650    3.58669          1     3.4635     3.2257      94.97      0.463     0.2923     0.2764  1.000e-12  0.3798000    34.9626    34.9617    -0.0009     0.0029    27.3019    27.3008    104.493    104.644    1482.69    1482.70     6.0400     6.1076    90.7010    91.7220  0.000e+00
      23100    106.000     7.6654     7.6672    3.59282    3.59274          1     3.4535     3.2159      97.98      0.391     0.2593     0.2334  1.000e-12  0.3428000    34.9775    34.9749    -0.0026     0.0017    27.3059    27.3036    104.988    105.140    1482.92    1482.93     6.0195     6.0861    90.5090    91.5140  0.000e+00
      23129    106.500     7.6870     7.6878    3.59544    3.59536          1     3.4469     3.2103      97.97      0.402     0.2680     0.1990  1.000e-12  0.3214000    34.9840    34.9824    -0.0016     0.0008    27.3079    27.3065    105.484    105.636    1483.02    1483.02     6.0116     6.0917    90.4400    91.6450  0.000e+00
      23154    107.000     7.7006     7.7011    3.59708    3.59707          1     3.4438     3.2075      97.97      0.453     0.2818     0.1634  1.000e-12  0.4543000    34.9880    34.9872    -0.0007     0.0005    27.3090    27.3083    105.979    106.131    1483.08    1483.08     6.0147     6.0952    90.5160    91.7280  0.000e+00
      23176    107.500     7.7078     7.7064    3.59801    3.59775          1     3.4424     3.2059      97.98      0.508     0.2699     0.2204  1.000e-12  0.3841000    34.9905    34.9891    -0.0014    -0.0013    27.3099    27.3090    106.474    106.627    1483.12    1483.12     6.0082     6.0883    90.4350    91.6370  0.000e+00
      23195    108.000     7.7085     7.7081    3.59817    3.59800          1     3.4399     3.2035      97.98      0.570     0.2622     0.2375  1.000e-12  0.4023000    34.9913    34.9897    -0.0015    -0.0004    27.3104    27.3092    106.969    107.123    1483.13    1483.13     6.0040     6.0761    90.3730    91.4570  0.000e+00
      23216    108.500     7.7140     7.7137    3.59880    3.59866          1     3.4389     3.2006      97.97      0.605     0.2655     0.2519  1.000e-12  0.4602000    34.9923    34.9910    -0.0013    -0.0003    27.3104    27.3094    107.464    107.619    1483.17    1483.16     6.0061     6.0642    90.4170    91.2890  0.000e+00
      23240    109.000     7.7371     7.7388    3.60124    3.60143          1     3.4375     3.1968      97.97      0.553     0.2762     0.2363  1.000e-12  0.3300000    34.9952    34.9956     0.0005     0.0016    27.3093    27.3094    107.959    108.114    1483.27    1483.27     5.9952     6.0522    90.3010    91.1630  0.000e+00
      23277    109.500     7.7363     7.7601    3.60143    3.60383          1     3.4326     3.1918      97.98      0.355     0.2454     0.2286  1.000e-12  0.3388000    34.9978    34.9998     0.0020     0.0238    27.3115    27.3095    108.454    108.610    1483.27    1483.37     5.9777     6.0436    90.0370    91.0800  0.000e+00
      23313    110.000     7.7774     7.7807    3.60610    3.60635          1     3.4270     3.1879      84.08      0.299     0.2569     0.2132  1.000e-12  0.2793000    35.0069    35.0062    -0.0007     0.0033    27.3125    27.3115    108.949    109.106    1483.45    1483.46     5.9613     6.0351    89.8790    90.9970  0.000e+00
      23337    110.500     7.7920     7.7917    3.60783    3.60765          1     3.4239     3.1864      81.28      0.428     0.2404     0.2151  1.000e-12  0.3349000    35.0106    35.0089    -0.0017    -0.0002    27.3133    27.3120    109.444    109.602    1483.52    1483.51     5.9528     6.0405    89.7830    91.1040  0.000e+00
      23359    111.000     7.7986     7.7997    3.60859    3.60857          1     3.4212     3.1854      97.90      0.531     0.2515     0.2391  1.000e-12  0.4752000    35.0120    35.0106    -0.0014     0.0011    27.3134    27.3121    109.939    110.097    1483.55    1483.56     5.9433     6.0304    89.6540    90.9690  0.000e+00
      23380    111.500     7.8063     7.8041    3.60945    3.60908          1     3.4171     3.1833      97.97      0.561     0.2399     0.2377  1.000e-12  0.3850000    35.0132    35.0114    -0.0018    -0.0022    27.3132    27.3121    110.434    110.593    1483.59    1483.58     5.9334     6.0216    89.5210    90.8460  0.000e+00
      23402    112.000     7.8249     7.8152    3.61152    3.61031          1     3.4146     3.1815      97.98      0.561     0.2474     0.2229  1.000e-12  0.3146000    35.0166    35.0134    -0.0033    -0.0097    27.3131    27.3120    110.930    111.089    1483.68    1483.63     5.9362     6.0224    89.6020    90.8820  0.000e+00
      23423    112.500     7.8332     7.8341    3.61238    3.61240          1     3.4146     3.1808      97.97      0.562     0.2514     0.2428  1.000e-12  0.3179000    35.0174    35.0167    -0.0008     0.0009    27.3125    27.3118    111.425    111.584    1483.71    1483.72     5.9469     6.0286    89.7810    91.0160  0.000e+00
      23448    113.000     7.8251     7.8266    3.61162    3.61177          1     3.4163     3.1811      53.14      0.527     0.2575     0.2370  1.000e-12  0.3173000    35.0171    35.0171     0.0000     0.0015    27.3135    27.3133    111.920    112.080    1483.69    1483.70     5.9482     6.0244    89.7840    90.9370  0.000e+00
      23484    113.500     7.8104     7.8132    3.61003    3.61021          1     3.4117     3.1765      97.89      0.362     0.2384     0.1963  1.000e-12  0.3204000    35.0144    35.0134    -0.0009     0.0028    27.3135    27.3124    112.415    112.576    1483.64    1483.65     5.9133     5.9866    89.2260    90.3380  0.000e+00
      23517    114.000     7.8634     7.8776    3.61594    3.61737          1     3.4022     3.1690      98.02      0.323     0.2480     0.1919  1.000e-12  0.2737000    35.0248    35.0259     0.0011     0.0142    27.3138    27.3125    112.910    113.072    1483.86    1483.92     5.8822     5.9493    88.8690    89.9130  0.000e+00
      23539    114.500     7.9102     7.9084    3.62138    3.62109          1     3.3974     3.1637      97.97      0.454     0.2366     0.2206  1.000e-12  0.2919000    35.0362    35.0349    -0.0012    -0.0019    27.3158    27.3151    113.405    113.567    1484.06    1484.05     5.8743     5.9417    88.8500    89.8650  0.000e+00
      23558    115.000     7.9268     7.9288    3.62337    3.62346          1     3.3949     3.1610      97.97      0.579     0.2193     0.2187  1.000e-12  0.2446000    35.0406    35.0397    -0.0010     0.0020    27.3168    27.3157    113.900    114.063    1484.14    1484.15     5.8753     5.9498    88.9010    90.0320  0.000e+00
      23577    115.500     7.9377     7.9364    3.62463    3.62435          1     3.3937     3.1600      97.97      0.632     0.2168     0.2022  1.000e-12  0.2702000    35.0430    35.0414    -0.0016    -0.0013    27.3171    27.3160    114.395    114.559    1484.19    1484.19     5.8772     5.9564    88.9520    90.1470  0.000e+00
      23603    116.000     7.9368     7.9294    3.62454    3.62359          1     3.3931     3.1590      55.07      0.540     0.2109     0.2038  1.000e-12  0.3027000    35.0428    35.0400    -0.0028    -0.0074    27.3170    27.3159    114.890    115.055    1484.20    1484.17     5.8795     5.9601    88.9860    90.1890  0.000e+00
      23638    116.500     7.9391     7.9369    3.62502    3.62464          1     3.3939     3.1604      98.78      0.358     0.2160     0.1868  1.000e-12  0.3183000    35.0454    35.0435    -0.0018    -0.0022    27.3187    27.3176    115.385    115.550    1484.22    1484.21     5.8946     5.9897    89.2210    90.6540  0.000e+00
      23668    117.000     7.9454     7.9414    3.62608    3.62551          1     3.3990     3.1654      97.97      0.371     0.2124     0.1856  1.000e-12  0.2923000    35.0502    35.0481    -0.0021    -0.0040    27.3216    27.3205    115.880    116.046    1484.25    1484.24     5.9136     6.0096    89.5230    90.9670  0.000e+00
      23691    117.500     7.9267     7.9255    3.62437    3.62413          1     3.4027     3.1691      97.96      0.463     0.2147     0.1649  1.000e-12  0.2439000    35.0504    35.0490    -0.0013    -0.0012    27.3245    27.3236    116.375    116.542    1484.19    1484.19     5.9167     6.0185    89.5320    91.0700  0.000e+00
      23713    118.000     7.9254     7.9262    3.62442    3.62439          1     3.4043     3.1722      97.97      0.530     0.2198     0.1670  1.000e-12  0.2433000    35.0519    35.0508    -0.0011     0.0008    27.3259    27.3249    116.871    117.037    1484.20    1484.20     5.9155     6.0144    89.5130    91.0100  0.000e+00
      23740    118.500     7.9282     7.9272    3.62478    3.62454          1     3.4059     3.1732      97.97      0.494     0.2277     0.1943  1.000e-12  0.2383000    35.0528    35.0512    -0.0016    -0.0010    27.3261    27.3251    117.366    117.533    1484.22    1484.21     5.9181     6.0039    89.5590    90.8540  0.000e+00
      23769    119.000     7.9293     7.9298    3.62493    3.62487          1     3.4067     3.1735      97.97      0.409     0.2289     0.2061  1.000e-12  0.2308000    35.0531    35.0519    -0.0012     0.0005    27.3262    27.3252    117.861    118.029    1484.23    1484.23     5.9157     5.9992    89.5240    90.7890  0.000e+00
      23794    119.500     7.9439     7.9441    3.62668    3.62657          1     3.4072     3.1726      97.97      0.448     0.2105     0.2171  1.000e-12  0.2378000    35.0570    35.0556    -0.0014     0.0002    27.3271    27.3259    118.356    118.525    1484.30    1484.30     5.9155     5.9905    89.5530    90.6880  0.000e+00
      23816    120.000     7.9529     7.9512    3.62777    3.62748          1     3.4072     3.1720      85.94      0.518     0.1995     0.2214  1.000e-12  0.2460000    35.0594    35.0580    -0.0014    -0.0017    27.3276    27.3268    118.851    119.020    1484.34    1484.34     5.9097     5.9856    89.4850    90.6290  0.000e+00
      23841    120.500     7.9657     7.9642    3.62943    3.62911          1     3.4062     3.1701      97.86      0.510     0.2080     0.2301  1.000e-12  0.2261000    35.0643    35.0623    -0.0020    -0.0014    27.3296    27.3282    119.346    119.516    1484.41    1484.40     5.9035     5.9775    89.4190    90.5360  0.000e+00
      23869    121.000     7.9834     7.9858    3.63160    3.63171          1     3.4051     3.1692      97.97      0.443     0.2089     0.2359  1.000e-12  0.2000000    35.0696    35.0683    -0.0013     0.0024    27.3311    27.3297    119.841    120.012    1484.49    1484.50     5.9021     5.9839    89.4360    90.6800  0.000e+00
      23894    121.500     7.9941     7.9938    3.63305    3.63286          1     3.4051     3.1699      97.97      0.453     0.2082     0.1648  1.000e-12  0.2076000    35.0741    35.0725    -0.0016    -0.0004    27.3330    27.3318    120.336    120.507    1484.54    1484.54     5.9041     5.9869    89.4910    90.7450  0.000e+00
