ctdpy/tests/etc/exprapp_feb_2020/SBE09_1387_20200207_0241_77_10_0119.cnv
* Sea-Bird SBE 9 Data File:
* FileName = L:\2020\sv20d0119.hex
* Software Version Seasave V 7.26.7.121
* Temperature SN = 6378
* Conductivity SN = 4824
* Number of Bytes Per Scan = 41
* Number of Voltage Words = 4
* Number of Scans Averaged by the Deck Unit = 1
* NMEA Latitude = 57 52.02 N
* NMEA Longitude = 011 17.49 E
* NMEA UTC (Time) = Feb 07 2020  02:41:36
* NMEA baud rate = 4800
** Station:  P2
** Operator:  SSip
** Ship: SVEA
** Average sound velocity: 1476.87 m/s
** True-depth calculation Fri, 07 Feb 2020 03:56:13 +0000
** CTD Python Module SMHI /ver 3-12/ feb 2012 
** LIMS Job: 20207710-0119
** Cruise: SMHI-03-2020
** Latitude [GG MM.mm N] :
** Longitude [GGG MM.mm E]:
# nquan = 30
# nvalues = 182                         
# units = specified
# name 0 = scan: Scan Count
# name 1 = prDM: Pressure, Digiquartz [db]
# name 2 = t090C: Temperature [ITS-90, deg C]
# name 3 = t190C: Temperature, 2 [ITS-90, deg C]
# name 4 = c0S/m: Conductivity [S/m]
# name 5 = c1S/m: Conductivity, 2 [S/m]
# name 6 = pumps: Pump Status
# name 7 = sbeox0V: Oxygen raw, SBE 43 [V]
# name 8 = sbeox1V: Oxygen raw, SBE 43, 2 [V]
# name 9 = altM: Altimeter [m]
# name 10 = dz/dtM: Descent Rate [m/s]
# name 11 = flECO-AFL: Chl-a Fluorescence, WET Labs ECO-AFL/FL [mg/m^3]
# name 12 = flECO-AFL1: Phycocyanin Fluorescence, WET Labs ECO-AFL/FL, 2 [mg/m^3]
# name 13 = par: PAR/Irradiance, Biospherical/Lico [µE/(cm^2*s)]
# name 14 = turbWETntu0: Turbidity, WET Labs ECO [NTU]
# name 15 = sal00: Salinity, Practical [PSU]
# name 16 = sal11: Salinity, Practical, 2 [PSU]
# name 17 = secS-priS: Salinity, Practical, Difference, 2 - 1 [PSU]
# name 18 = T2-T190C: Temperature Difference, 2 - 1 [ITS-90, deg C]
# name 19 = sigma-t00: Density [sigma-t, kg/m^3 ]
# name 20 = sigma-t11: Density, 2 [sigma-t, kg/m^3 ]
# name 21 = depSM: Depth [salt water, m], lat = 57.867
# name 22 = depFM: Depth [true depth, m], lat = 57.867
# name 23 = svCM: Sound Velocity [Chen-Millero, m/s]
# name 24 = svCM1: Sound Velocity, 2 [Chen-Millero, m/s]
# name 25 = sbeox0ML/L: Oxygen, SBE 43 [ml/l], WS = 2
# name 26 = sbeox1ML/L: Oxygen, SBE 43, 2 [ml/l], WS = 2
# name 27 = sbeox0PS: Oxygen, SBE 43 [% saturation], WS = 2
# name 28 = sbeox1PS: Oxygen, SBE 43, 2 [% saturation], WS = 2
# name 29 = flag: flag
# span 0 =      46160,      52627       
# span 1 =      2.500,     94.000       
# span 2 =     5.7027,     7.3688       
# span 3 =     5.7170,     7.3678       
# span 4 =   2.970127,   3.524372       
# span 5 =   2.976960,   3.524144       
# span 6 =          1,          1       
# span 7 =     3.4784,     3.6339       
# span 8 =     3.2377,     3.3823       
# span 9 =       0.85,      98.00       
# span 10 =      0.081,      0.564      
# span 11 =     0.4174,     1.9043      
# span 12 =     0.1661,     0.6012      
# span 13 = 9.9817e-13, 1.0062e+00      
# span 14 =     0.4356,     2.9912      
# span 15 =    30.0409,    34.5797      
# span 16 =    30.1044,    34.5782      
# span 17 =    -0.0499,     0.2444      
# span 18 =    -0.0253,     0.0547      
# span 19 =    23.6702,    27.0458      
# span 20 =    23.7188,    27.0460      
# span 21 =      2.477,     93.109      
# span 22 =      2.487,     93.285      
# span 23 =    1467.33,    1480.85      
# span 24 =    1467.47,    1480.85      
# span 25 =     6.1868,     6.9060      
# span 26 =     6.2616,     6.9967      
# span 27 =     91.356,     96.046      
# span 28 =     92.536,     97.382      
# span 29 = 0.0000e+00, 0.0000e+00      
# interval = decibars: 0.5              
# start_time = Feb 07 2020 02:41:37 [NMEA time, first data scan]
# bad_flag = -9.990e-29
*END*
[from data line 97]
      49347     51.000     6.9451     6.9434    3.43297    3.43257          1     3.4847     3.2427      43.07      0.488     0.4586     0.2648  1.000e-12  1.4565000    33.9780    33.9753    -0.0027    -0.0017    26.6212    26.6193     50.522     50.634    1478.00    1477.99     6.2236     6.2991    91.4530    92.5590  0.000e+00
      49374     51.500     6.9470     6.9439    3.43338    3.43268          1     3.4841     3.2418      42.58      0.459     0.4628     0.2359  1.000e-12  1.4329000    33.9805    33.9758    -0.0047    -0.0031    26.6229    26.6196     51.017     51.131    1478.02    1478.00     6.2236     6.3095    91.4590    92.7120  0.000e+00
      49401     52.000     6.9459     6.9469    3.43322    3.43333          1     3.4836     3.2421      67.19      0.434     0.4534     0.2570  1.000e-12  1.5489000    33.9795    33.9798     0.0003     0.0009    26.6223    26.6224     51.512     51.627    1478.02    1478.03     6.2236     6.3095    91.4560    92.7210  0.000e+00
      49429     52.500     6.9522     6.9516    3.43415    3.43400          1     3.4831     3.2413      41.58      0.435     0.4484     0.3099  1.000e-12  1.5681000    33.9832    33.9822    -0.0010    -0.0006    26.6243    26.6236     52.007     52.123    1478.06    1478.06     6.2219     6.3013    91.4460    92.6130  0.000e+00
      49457     53.000     6.9536     6.9529    3.43446    3.43418          1     3.4827     3.2407      41.05      0.434     0.4586     0.2550  1.000e-12  1.4861000    33.9850    33.9826    -0.0024    -0.0007    26.6256    26.6238     52.503     52.619    1478.08    1478.07     6.2204     6.3062    91.4290    92.6860  0.000e+00
      49483     53.500     6.9537     6.9535    3.43444    3.43442          1     3.4821     3.2409      40.65      0.447     0.4480     0.2871  1.000e-12  1.4151000    33.9845    33.9844    -0.0000    -0.0002    26.6251    26.6251     52.998     53.115    1478.09    1478.08     6.2193     6.3123    91.4130    92.7790  0.000e+00
      49509     54.000     6.9535     6.9538    3.43467    3.43494          1     3.4814     3.2416      40.30      0.457     0.4523     0.2557  1.000e-12  1.5361000    33.9870    33.9896     0.0026     0.0004    26.6272    26.6292     53.493     53.611    1478.10    1478.10     6.2168     6.3080    91.3770    92.7200  0.000e+00
      49535     54.500     6.9550     6.9549    3.43576    3.43560          1     3.4806     3.2408      39.77      0.456     0.4551     0.2407  1.000e-12  1.5266000    33.9973    33.9956    -0.0017    -0.0001    26.6350    26.6337     53.988     54.107    1478.12    1478.12     6.2162     6.3074    91.3780    92.7160  0.000e+00
      49560     55.000     6.9572     6.9577    3.43647    3.43650          1     3.4804     3.2415      39.32      0.473     0.4658     0.2210  1.000e-12  1.4658000    34.0026    34.0024    -0.0002     0.0006    26.6389    26.6387     54.484     54.603    1478.14    1478.15     6.2161     6.3088    91.3840    92.7470  0.000e+00
      49584     55.500     6.9588     6.9589    3.43711    3.43696          1     3.4798     3.2407      38.70      0.493     0.4659     0.1661  1.000e-12  1.5103000    34.0078    34.0061    -0.0018     0.0001    26.6428    26.6414     54.979     55.099    1478.17    1478.16     6.2140     6.3041    91.3600    92.6830  0.000e+00
      49609     56.000     6.9576     6.9573    3.43708    3.43695          1     3.4794     3.2407      38.27      0.495     0.4566     0.1919  1.000e-12  1.4988000    34.0083    34.0072    -0.0011    -0.0004    26.6434    26.6425     55.474     55.595    1478.17    1478.17     6.2150     6.3041    91.3730    92.6810  0.000e+00
      49635     56.500     6.9561     6.9558    3.43713    3.43702          1     3.4792     3.2397      37.78      0.472     0.4551     0.2246  1.000e-12  1.5778000    34.0102    34.0092    -0.0009    -0.0003    26.6450    26.6443     55.969     56.091    1478.17    1478.17     6.2141     6.3009    91.3560    92.6320  0.000e+00
      49662     57.000     6.9609     6.9620    3.43870    3.43882          1     3.4787     3.2396      37.22      0.447     0.4548     0.2682  1.000e-12  1.6726000    34.0225    34.0227     0.0002     0.0012    26.6541    26.6541     56.465     56.587    1478.22    1478.22     6.2152     6.3040    91.3910    92.6990  0.000e+00
      49690     57.500     6.9708     6.9710    3.44066    3.44062          1     3.4792     3.2396      36.73      0.438     0.4570     0.2878  1.000e-12  1.6674000    34.0340    34.0334    -0.0006     0.0002    26.6618    26.6613     56.960     57.083    1478.28    1478.28     6.2143     6.3043    91.4050    92.7290  0.000e+00
      49716     58.000     6.9766     6.9773    3.44214    3.44222          1     3.4791     3.2397      36.22      0.445     0.4750     0.2380  1.000e-12  1.5464000    34.0443    34.0444     0.0001     0.0007    26.6691    26.6691     57.455     57.579    1478.32    1478.32     6.2131     6.3011    91.4050    92.7020  0.000e+00
      49741     58.500     6.9873     6.9878    3.44456    3.44458          1     3.4791     3.2394      35.66      0.467     0.4627     0.2374  1.000e-12  1.5644000    34.0600    34.0597    -0.0003     0.0004    26.6800    26.6797     57.950     58.075    1478.39    1478.39     6.2103     6.2904    91.3960    92.5760  0.000e+00
      49766     59.000     6.9997     7.0009    3.44712    3.44726          1     3.4789     3.2377      35.13      0.483     0.4551     0.2419  1.000e-12  1.6168000    34.0755    34.0759     0.0003     0.0012    26.6906    26.6907     58.446     58.571    1478.47    1478.47     6.2071     6.2853    91.3840    92.5390  0.000e+00
      49791     59.500     7.0122     7.0125    3.44956    3.44950          1     3.4789     3.2377      34.62      0.483     0.4598     0.2626  1.000e-12  1.9374000    34.0898    34.0888    -0.0010     0.0003    26.7001    26.6993     58.941     59.067    1478.54    1478.54     6.2066     6.2937    91.4110    92.6940  0.000e+00
      49819     60.000     7.0192     7.0192    3.45083    3.45069          1     3.4790     3.2382      34.15      0.450     0.4723     0.2574  1.000e-12  1.6538000    34.0965    34.0950    -0.0015     0.0000    26.7044    26.7032     59.436     59.563    1478.59    1478.58     6.2073     6.2937    91.4410    92.7130  0.000e+00
      49849     60.500     7.0226     7.0226    3.45153    3.45144          1     3.4799     3.2386      33.64      0.403     0.4728     0.2836  1.000e-12  1.6513000    34.1006    34.0996    -0.0010     0.0000    26.7072    26.7063     59.931     60.059    1478.61    1478.61     6.2091     6.2964    91.4760    92.7620  0.000e+00
      49876     61.000     7.0300     7.0302    3.45292    3.45285          1     3.4800     3.2393      33.15      0.417     0.4708     0.1930  1.000e-12  1.7002000    34.1083    34.1073    -0.0010     0.0003    26.7122    26.7114     60.426     60.555    1478.66    1478.66     6.2049     6.2928    91.4350    92.7310  0.000e+00
      49900     61.500     7.0388     7.0396    3.45447    3.45450          1     3.4797     3.2388      32.66      0.478     0.4667     0.2450  1.000e-12  1.8136000    34.1162    34.1159    -0.0004     0.0008    26.7172    26.7168     60.922     61.051    1478.71    1478.71     6.2031     6.2883    91.4320    92.6890  0.000e+00
      49924     62.000     7.0515     7.0517    3.45655    3.45649          1     3.4793     3.2387      32.16      0.507     0.4657     0.2712  1.000e-12  1.7751000    34.1263    34.1254    -0.0009     0.0002    26.7234    26.7227     61.417     61.547    1478.78    1478.78     6.1977     6.2840    91.3850    92.6570  0.000e+00
      49951     62.500     7.0599     7.0601    3.45806    3.45799          1     3.4784     3.2384      31.73      0.472     0.4652     0.2163  1.000e-12  1.6122000    34.1342    34.1333    -0.0009     0.0002    26.7285    26.7278     61.912     62.043    1478.83    1478.83     6.1963     6.2851    91.3870    92.6970  0.000e+00
      49977     63.000     7.0689     7.0694    3.45998    3.45998          1     3.4784     3.2382      31.34      0.446     0.4646     0.2627  1.000e-12  1.5958000    34.1462    34.1457    -0.0005     0.0005    26.7367    26.7362     62.407     62.539    1478.89    1478.89     6.1961     6.2866    91.4100    92.7450  0.000e+00
      50002     63.500     7.0762     7.0762    3.46180    3.46173          1     3.4785     3.2393      30.73      0.474     0.4559     0.2400  1.000e-12  1.6703000    34.1586    34.1579    -0.0007    -0.0000    26.7455    26.7449     62.902     63.035    1478.94    1478.94     6.1979     6.2925    91.4590    92.8540  0.000e+00
      50026     64.000     7.0703     7.0698    3.46217    3.46200          1     3.4793     3.2399      30.20      0.499     0.4601     0.2217  1.000e-12  1.7706000    34.1682    34.1670    -0.0012    -0.0006    26.7538    26.7530     63.398     63.531    1478.94    1478.94     6.2032     6.2951    91.5300    92.8840  0.000e+00
      50052     64.500     7.0562     7.0553    3.46178    3.46160          1     3.4806     3.2412      29.68      0.471     0.4568     0.2695  1.000e-12  1.7354000    34.1778    34.1766    -0.0011    -0.0008    26.7633    26.7625     63.893     64.027    1478.90    1478.90     6.2094     6.3013    91.5980    92.9510  0.000e+00
      50081     65.000     7.0475     7.0472    3.46157    3.46145          1     3.4821     3.2419      29.16      0.424     0.4602     0.2830  1.000e-12  1.6974000    34.1839    34.1828    -0.0011    -0.0003    26.7693    26.7685     64.388     64.523    1478.89    1478.88     6.2145     6.2978    91.6580    92.8860  0.000e+00
      50109     65.500     7.0476     7.0477    3.46260    3.46251          1     3.4835     3.2419      28.71      0.426     0.4773     0.2670  1.000e-12  2.0739000    34.1948    34.1937    -0.0011     0.0001    26.7779    26.7771     64.883     65.019    1478.91    1478.91     6.2172     6.2962    91.7050    92.8700  0.000e+00
      50135     66.000     7.0573     7.0578    3.46438    3.46436          1     3.4849     3.2419      28.18      0.456     0.4662     0.2497  1.000e-12  1.8839000    34.2044    34.2038    -0.0006     0.0005    26.7842    26.7836     65.379     65.515    1478.97    1478.97     6.2207     6.3000    91.7830    92.9540  0.000e+00
      50162     66.500     7.0676     7.0692    3.46660    3.46671          1     3.4872     3.2439      27.69      0.450     0.4527     0.2047  1.000e-12  1.8774000    34.2184    34.2179    -0.0005     0.0017    26.7937    26.7931     65.874     66.011    1479.03    1479.04     6.2278     6.3170    91.9180    93.2380  0.000e+00
      50190     67.000     7.0945     7.0945    3.47209    3.47194          1     3.4898     3.2468      27.19      0.429     0.4611     0.2473  1.000e-12  2.1891000    34.2515    34.2499    -0.0016     0.0000    26.8161    26.8148     66.369     66.507    1479.19    1479.18     6.2247     6.3170    91.9490    93.3110  0.000e+00
      50215     67.500     7.1144     7.1225    3.47801    3.48035          1     3.4910     3.2485      26.69      0.456     0.4821     0.2561  1.000e-12  1.9366000    34.2965    34.3141     0.0176     0.0081    26.8487    26.8615     66.864     67.003    1479.33    1479.38     6.2202     6.3093    91.9520    93.2970  0.000e+00
      50239     68.000     7.1268     7.1262    3.48142    3.48115          1     3.4920     3.2500      26.21      0.491     0.4669     0.2335  1.000e-12  1.9857000    34.3213    34.3188    -0.0025    -0.0006    26.8666    26.8647     67.359     67.499    1479.41    1479.41     6.2208     6.3153    92.0010    93.3960  0.000e+00
      50264     68.500     7.1253     7.1265    3.48122    3.48132          1     3.4937     3.2521      25.72      0.489     0.4762     0.2408  1.000e-12  1.8784000    34.3202    34.3201    -0.0001     0.0012    26.8659    26.8657     67.855     67.995    1479.41    1479.42     6.2275     6.3191    92.0970    93.4550  0.000e+00
      50291     69.000     7.1279     7.1288    3.48179    3.48187          1     3.4957     3.2529      25.21      0.459     0.4688     0.3346  1.000e-12  1.9751000    34.3236    34.3237     0.0000     0.0009    26.8682    26.8681     68.350     68.491    1479.44    1479.44     6.2343     6.3121    92.2060    93.3580  0.000e+00
      50318     69.500     7.1453     7.1490    3.48553    3.48613          1     3.4984     3.2537      24.71      0.440     0.4532     0.2992  1.000e-12  1.8608000    34.3471    34.3500     0.0029     0.0036    26.8843    26.8861     68.845     68.987    1479.54    1479.56     6.2359     6.3088    92.2800    93.3680  0.000e+00
      50344     70.000     7.1719     7.1753    3.48989    3.49030          1     3.4998     3.2535      24.22      0.452     0.4532     0.2877  1.000e-12  1.8050000    34.3681    34.3693     0.0012     0.0034    26.8971    26.8976     69.340     69.483    1479.68    1479.69     6.2295     6.3039    92.2530    93.3630  0.000e+00
      50370     70.500     7.1966     7.1992    3.49343    3.49371          1     3.5006     3.2545      23.79      0.467     0.4480     0.2392  1.000e-12  1.6198000    34.3819    34.3824     0.0005     0.0026    26.9045    26.9046     69.836     69.979    1479.80    1479.81     6.2251     6.3085    92.2480    93.4900  0.000e+00
      50396     71.000     7.2185     7.2210    3.49652    3.49677          1     3.5010     3.2560      23.28      0.464     0.4468     0.2298  1.000e-12  1.4894000    34.3938    34.3940     0.0003     0.0025    26.9108    26.9106     70.331     70.475    1479.91    1479.92     6.2221     6.3115    92.2570    93.5890  0.000e+00
      50420     71.500     7.2323     7.2333    3.49837    3.49845          1     3.5015     3.2573      22.80      0.481     0.4552     0.1797  1.000e-12  1.4340000    34.4000    34.3999    -0.0001     0.0010    26.9137    26.9135     70.826     70.971    1479.98    1479.98     6.2221     6.3125    92.2910    93.6330  0.000e+00
      50444     72.000     7.2513     7.2523    3.50115    3.50115          1     3.5024     3.2587      22.28      0.497     0.4370     0.2379  1.000e-12  1.3832000    34.4112    34.4102    -0.0010     0.0010    26.9199    26.9190     71.321     71.467    1480.07    1480.08     6.2235     6.3082    92.3580    93.6160  0.000e+00
      50471     72.500     7.2687     7.2688    3.50396    3.50389          1     3.5037     3.2590      21.74      0.465     0.4313     0.2240  1.000e-12  1.3684000    34.4243    34.4235    -0.0009     0.0001    26.9278    26.9271     71.816     71.963    1480.16    1480.16     6.2228     6.3019    92.3930    93.5670  0.000e+00
      50499     73.000     7.2832     7.2838    3.50641    3.50642          1     3.5043     3.2597      21.25      0.436     0.4425     0.2450  1.000e-12  1.3747000    34.4364    34.4359    -0.0004     0.0005    26.9352    26.9348     72.312     72.459    1480.24    1480.24     6.2180     6.3080    92.3580    93.6970  0.000e+00
      50525     73.500     7.2935     7.2934    3.50813    3.50802          1     3.5042     3.2611      20.51      0.449     0.4339     0.2826  1.000e-12  1.5113000    34.4447    34.4435    -0.0012    -0.0001    26.9403    26.9394     72.807     72.954    1480.30    1480.30     6.2137     6.3057    92.3220    93.6880  0.000e+00
      50553     74.000     7.3019     7.3028    3.50964    3.50965          1     3.5033     3.2607      20.22      0.440     0.4304     0.2658  1.000e-12  1.4100000    34.4525    34.4517    -0.0008     0.0009    26.9453    26.9445     73.302     73.450    1480.35    1480.35     6.2065     6.2936    92.2370    93.5340  0.000e+00
      50584     74.500     7.3124     7.3126    3.51147    3.51141          1     3.5018     3.2604      19.72      0.391     0.4320     0.2403  1.000e-12  1.3611000    34.4618    34.4609    -0.0009     0.0003    26.9511    26.9504     73.797     73.946    1480.41    1480.41     6.2054     6.2969    92.2480    93.6090  0.000e+00
