ctdpy/tests/etc/exprapp_feb_2020/SBE09_1387_20200207_2201_77_10_0123.cnv
* Sea-Bird SBE 9 Data File:
* FileName = L:\2020\sv20d0123.hex
* Software Version Seasave V 7.26.7.121
* Temperature SN = 6378
* Conductivity SN = 4824
* Number of Bytes Per Scan = 41
* Number of Voltage Words = 4
* Number of Scans Averaged by the Deck Unit = 1
* NMEA Latitude = 55 52.00 N
* NMEA Longitude = 012 44.90 E
* NMEA UTC (Time) = Feb 07 2020  22:01:21
* NMEA baud rate = 4800
** Station:  W Landskrona
** Operator:  SSip
** Ship: SVEA
** Average sound velocity: 1461.49 m/s
** True-depth calculation Fri, 07 Feb 2020 23:06:47 +0000
** CTD Python Module SMHI /ver 3-12/ feb 2012 
** LIMS Job: 20207710-0123
** Cruise: SMHI-03-2020
** Latitude [GG MM.mm N] :
** Longitude [GGG MM.mm E]:
# nquan = 30
# nvalues = 94                          
# units = specified
# name 0 = scan: Scan Count
# name 1 = prDM: Pressure, Digiquartz [db]
# name 2 = t090C: Temperature [ITS-90, deg C]
# name 3 = t190C: Temperature, 2 [ITS-90, deg C]
# name 4 = c0S/m: Conductivity [S/m]
# name 5 = c1S/m: Conductivity, 2 [S/m]
# name 6 = pumps: Pump Status
# name 7 = sbeox0V: Oxygen raw, SBE 43 [V]
# name 8 = sbeox1V: Oxygen raw, SBE 43, 2 [V]
# name 9 = altM: Altimeter [m]
# name 10 = dz/dtM: Descent Rate [m/s]
# name 11 = flECO-AFL: Chl-a Fluorescence, WET Labs ECO-AFL/FL [mg/m^3]
# name 12 = flECO-AFL1: Phycocyanin Fluorescence, WET Labs ECO-AFL/FL, 2 [mg/m^3]
# name 13 = par: PAR/Irradiance, Biospherical/Lico [µE/(cm^2*s)]
# name 14 = turbWETntu0: Turbidity, WET Labs ECO [NTU]
# name 15 = sal00: Salinity, Practical [PSU]
# name 16 = sal11: Salinity, Practical, 2 [PSU]
# name 17 = secS-priS: Salinity, Practical, Difference, 2 - 1 [PSU]
# name 18 = T2-T190C: Temperature Difference, 2 - 1 [ITS-90, deg C]
# name 19 = sigma-t00: Density [sigma-t, kg/m^3 ]
# name 20 = sigma-t11: Density, 2 [sigma-t, kg/m^3 ]
# name 21 = depSM: Depth [salt water, m], lat = 55.8667
# name 22 = depFM: Depth [true depth, m], lat = 55.8667
# name 23 = svCM: Sound Velocity [Chen-Millero, m/s]
# name 24 = svCM1: Sound Velocity, 2 [Chen-Millero, m/s]
# name 25 = sbeox0ML/L: Oxygen, SBE 43 [ml/l], WS = 2
# name 26 = sbeox1ML/L: Oxygen, SBE 43, 2 [ml/l], WS = 2
# name 27 = sbeox0PS: Oxygen, SBE 43 [% saturation], WS = 2
# name 28 = sbeox1PS: Oxygen, SBE 43, 2 [% saturation], WS = 2
# name 29 = flag: flag
# span 0 =      25997,      29354       
# span 1 =      2.000,     48.500       
# span 2 =     5.0490,     7.1142       
# span 3 =     5.0498,     7.1139       
# span 4 =   1.267906,   2.977574       
# span 5 =   1.268094,   2.977533       
# span 6 =          1,          1       
# span 7 =     3.0483,     3.5854       
# span 8 =     2.8488,     3.3380       
# span 9 =       1.68,      48.34       
# span 10 =     -0.252,      0.502      
# span 11 =     0.4648,     0.8677      
# span 12 =     0.1884,     0.3259      
# span 13 = -6.339e-07, 1.6086e+00      
# span 14 =     0.2630,     4.5769      
# span 15 =    12.0981,    28.8831      
# span 16 =    12.1001,    28.8829      
# span 17 =    -0.0683,     0.1999      
# span 18 =    -0.0010,     0.0064      
# span 19 =     9.5626,    22.5902      
# span 20 =     9.5642,    22.5901      
# span 21 =      1.982,     48.054      
# span 22 =      2.018,     48.534      
# span 23 =    1441.94,    1472.26      
# span 24 =    1441.94,    1472.26      
# span 25 =     5.3992,     7.7683      
# span 26 =     5.4879,     7.8978      
# span 27 =     77.026,     95.021      
# span 28 =     78.235,     96.511      
# span 29 = 0.0000e+00, 0.0000e+00      
# interval = decibars: 0.5              
# start_time = Feb 07 2020 22:01:22 [NMEA time, first data scan]
# bad_flag = -9.990e-29
*END*
      25997      2.000     5.0551     5.0550    1.26791    1.26809          1     3.5752     3.3334      48.34      0.105     0.6678     0.2231  1.609e+00  0.2630000    12.0981    12.1001     0.0020    -0.0002     9.5626     9.5642      1.982      2.018    1441.94    1441.94     7.7683     7.8978    94.3660    95.9400  0.000e+00
      26048      2.500     5.0580     5.0588    1.27414    1.27563          1     3.5747     3.3331      48.06      0.240     0.6629     0.2355  1.323e+00  0.2917000    12.1613    12.1764     0.0151     0.0008     9.6124     9.6243      2.477      2.522    1442.04    1442.06     7.7598     7.8864    94.3100    95.8600  0.000e+00
      26077      3.000     5.0588     5.0584    1.27506    1.27461          1     3.5742     3.3324      47.70      0.362     0.6616     0.2288  1.114e+00  0.2979000    12.1705    12.1659    -0.0045    -0.0004     9.6196     9.6161      2.973      3.027    1442.06    1442.05     7.7630     7.8852    94.3560    95.8380  0.000e+00
      26112      3.500     5.0580     5.0577    1.27370    1.27345          1     3.5749     3.3320      47.15      0.360     0.6686     0.2728  8.663e-01  0.2929000    12.1566    12.1541    -0.0024    -0.0004     9.6087     9.6068      3.468      3.531    1442.05    1442.04     7.7667     7.8846    94.3910    95.8210  0.000e+00
      26142      4.000     5.0572     5.0565    1.27230    1.27147          1     3.5750     3.3314      46.62      0.380     0.6557     0.2898  7.812e-01  0.3020000    12.1423    12.1340    -0.0084    -0.0006     9.5975     9.5909      3.964      4.035    1442.03    1442.02     7.7655     7.8856    94.3650    95.8180  0.000e+00
      26173      4.500     5.0564     5.0568    1.27114    1.27212          1     3.5743     3.3311      46.12      0.399     0.6532     0.3211  5.949e-01  0.3160000    12.1305    12.1405     0.0099     0.0004     9.5882     9.5960      4.459      4.540    1442.02    1442.04     7.7611     7.8878    94.3020    95.8490  0.000e+00
      26203      5.000     5.0565     5.0562    1.27167    1.27080          1     3.5732     3.3310      45.65      0.393     0.6591     0.2691  5.018e-01  0.2974000    12.1358    12.1270    -0.0088    -0.0003     9.5924     9.5854      4.955      5.044    1442.04    1442.03     7.7605     7.8893    94.2990    95.8570  0.000e+00
      26233      5.500     5.0595     5.0593    1.27821    1.27752          1     3.5732     3.3310      45.12      0.407     0.6567     0.2701  3.781e-01  0.2920000    12.2022    12.1952    -0.0070    -0.0003     9.6446     9.6391      5.450      5.549    1442.15    1442.13     7.7586     7.8866    94.3240    95.8760  0.000e+00
      26261      6.000     5.0598     5.0599    1.27807    1.27788          1     3.5728     3.3307      44.60      0.413     0.6582     0.2916  3.000e-01  0.2982000    12.2005    12.1985    -0.0020     0.0001     9.6433     9.6417      5.945      6.053    1442.15    1442.15     7.7592     7.8769    94.3310    95.7620  0.000e+00
      26288      6.500     5.0605     5.0603    1.27835    1.27807          1     3.5730     3.3294      44.19      0.437     0.6574     0.2699  2.395e-01  0.2992000    12.2031    12.2002    -0.0028    -0.0002     9.6452     9.6430      6.441      6.558    1442.17    1442.16     7.7592     7.8709    94.3350    95.6900  0.000e+00
      26315      7.000     5.0606     5.0604    1.27859    1.27854          1     3.5725     3.3286      43.71      0.446     0.6508     0.2538  1.756e-01  0.2999000    12.2053    12.2049    -0.0004    -0.0002     9.6470     9.6467      6.936      7.062    1442.18    1442.18     7.7575     7.8826    94.3160    95.8360  0.000e+00
      26340      7.500     5.0610     5.0610    1.28157    1.28001          1     3.5727     3.3299      43.26      0.465     0.6693     0.2956  1.358e-01  0.2967000    12.2358    12.2198    -0.0161    -0.0000     9.6711     9.6584      7.432      7.566    1442.23    1442.21     7.7598     7.8972    94.3640    96.0250  0.000e+00
      26367      8.000     5.0618     5.0609    1.29074    1.31003          1     3.5729     3.3310      42.77      0.455     0.6622     0.2412  1.016e-01  0.3224000    12.3303    12.5302     0.1999    -0.0009     9.7457     9.9036      7.927      8.071    1442.36    1442.61     7.7545     7.8766    94.3610    95.9720  0.000e+00
      26393      8.500     5.0614     5.0612    1.30701    1.31592          1     3.5728     3.3313      42.12      0.449     0.6847     0.2449  6.406e-02  0.3246000    12.4986    12.5909     0.0923    -0.0003     9.8786     9.9516      8.423      8.575    1442.58    1442.69     7.7458     7.8668    94.3600    95.8920  0.000e+00
      26419      9.000     5.0615     5.0614    1.32006    1.31969          1     3.5727     3.3306      41.58      0.468     0.7049     0.3235  4.637e-02  0.3365000    12.6336    12.6297    -0.0039    -0.0001     9.9853     9.9822      8.918      9.079    1442.76    1442.75     7.7372     7.8605    94.3400    95.8400  0.000e+00
      26444      9.500     5.0618     5.0616    1.32393    1.32211          1     3.5723     3.3305      41.13      0.476     0.6963     0.3167  2.050e-02  0.3466000    12.6734    12.6547    -0.0188    -0.0002    10.0167    10.0019      9.413      9.584    1442.81    1442.79     7.7339     7.8628    94.3260    95.8850  0.000e+00
      26469     10.000     5.0619     5.0614    1.31961    1.31931          1     3.5722     3.3302      40.58      0.477     0.6961     0.2805  6.680e-03  0.3415000    12.6285    12.6257    -0.0029    -0.0005     9.9812     9.9790      9.909     10.088    1442.77    1442.76     7.7429     7.8609    94.4070    95.8430  0.000e+00
      26494     10.500     5.0614     5.0612    1.31321    1.31034          1     3.5735     3.3300      40.16      0.481     0.7433     0.2816  4.770e-05  0.3708000    12.5623    12.5327    -0.0296    -0.0002     9.9290     9.9056     10.404     10.592    1442.69    1442.65     7.7560     7.8776    94.5250    95.9870  0.000e+00
      26520     11.000     5.0628     5.0622    1.33952    1.34045          1     3.5752     3.3313      39.67      0.470     0.8086     0.2844 -6.339e-07  0.4236000    12.8344    12.8444     0.0100    -0.0006    10.1438    10.1517     10.900     11.096    1443.05    1443.06     7.7474     7.8690    94.5940    96.0830  0.000e+00
      26545     11.500     5.0594     5.0593    1.38168    1.38150          1     3.5767     3.3321      39.12      0.470     0.8380     0.3242  1.000e-12  0.4571000    13.2736    13.2718    -0.0018    -0.0001    10.4909    10.4895     11.395     11.600    1443.60    1443.60     7.7270     7.8451    94.6140    96.0590  0.000e+00
      26570     12.000     5.0578     5.0578    1.39087    1.39069          1     3.5775     3.3327      38.60      0.484     0.8538     0.3243  1.000e-12  0.4779000    13.3697    13.3679    -0.0019     0.0000    10.5669    10.5654     11.891     12.104    1443.72    1443.72     7.7243     7.8465    94.6380    96.1340  0.000e+00
      26595     12.500     5.0566     5.0563    1.39249    1.39298          1     3.5793     3.3340      38.02      0.478     0.8553     0.3108  1.000e-12  0.4785000    13.3870    13.3922     0.0052    -0.0003    10.5806    10.5847     12.386     12.608    1443.75    1443.75     7.7383     7.8559    94.8170    96.2610  0.000e+00
      26620     13.000     5.0527     5.0528    1.39743    1.39761          1     3.5823     3.3357      37.55      0.472     0.8677     0.2818  1.000e-12  0.5083000    13.4399    13.4418     0.0019     0.0001    10.6226    10.6241     12.881     13.112    1443.80    1443.81     7.7466     7.8627    94.9430    96.3680  0.000e+00
      26645     13.500     5.0490     5.0498    1.42069    1.41417          1     3.5854     3.3379      36.99      0.478     0.8650     0.2804  1.000e-12  0.5184000    13.6839    13.6156    -0.0683     0.0008    10.8156    10.7615     13.377     13.616    1444.11    1444.02     7.7410     7.8659    95.0210    96.5110  0.000e+00
      26671     14.000     5.0572     5.0570    1.47752    1.47561          1     3.5840     3.3380      36.45      0.476     0.8409     0.3203  1.000e-12  0.5381000    14.2748    14.2548    -0.0199    -0.0002    11.2817    11.2659     13.872     14.120    1444.90    1444.87     7.6126     7.7117    93.8320    95.0400  0.000e+00
      26696     14.500     5.1025     5.1024    1.51662    1.51640          1     3.5601     3.3193      35.93      0.475     0.8309     0.3004  1.000e-12  0.5658000    14.6648    14.6626    -0.0022    -0.0001    11.5868    11.5851     14.368     14.623    1445.59    1445.59     7.4308     7.4960    91.9340    92.7380  0.000e+00
      26721     15.000     5.2390     5.2417    1.64338    1.64342          1     3.5292     3.2940      35.45      0.478     0.8316     0.3202  1.000e-12  0.5647000    15.9348    15.9339    -0.0009     0.0027    12.5802    12.5793     14.863     15.126    1447.79    1447.80     7.2131     7.2535    90.2980    90.8090  0.000e+00
      26746     15.500     5.5021     5.5055    1.84185    1.84342          1     3.4877     3.2577      34.97      0.475     0.8295     0.2939  1.000e-12  0.5430000    17.8979    17.9127     0.0148     0.0034    14.1098    14.1212     15.359     15.629    1451.40    1451.43     6.9203     6.9209    88.3500    88.3730  0.000e+00
      26772     16.000     5.6458     5.6472    1.96101    1.96186          1     3.4424     3.2165      34.56      0.470     0.8312     0.2805  1.000e-12  0.5751000    19.0813    19.0895     0.0082     0.0014    15.0308    15.0370     15.854     16.131    1453.50    1453.51     6.7193     6.7169    86.7580    86.7340  0.000e+00
      26796     16.500     5.9311     5.9346    2.22705    2.22742          1     3.3992     3.1777      34.07      0.485     0.7761     0.2635  1.000e-12  0.6095000    21.7419    21.7435     0.0016     0.0035    17.1020    17.1030     16.349     16.632    1458.04    1458.05     6.4447     6.4461    85.2860    85.3120  0.000e+00
      26821     17.000     6.1776     6.1778    2.47416    2.47229          1     3.3538     3.1370      33.54      0.488     0.6746     0.2718  1.000e-12  0.7863000    24.2214    24.2012    -0.0202     0.0003    19.0304    19.0145     16.845     17.132    1462.17    1462.14     6.1876     6.1939    83.7360    83.8100  0.000e+00
      26846     17.500     6.2980     6.2978    2.54270    2.54101          1     3.3102     3.0977      33.04      0.479     0.6111     0.2814  1.000e-12  0.9890000    24.8707    24.8527    -0.0180    -0.0001    19.5291    19.5149     17.340     17.632    1463.48    1463.46     6.0763     6.0911    82.8220    83.0130  0.000e+00
      26871     18.000     6.3580     6.3583    2.56248    2.56160          1     3.2783     3.0666      32.50      0.478     0.5972     0.2880  1.000e-12  1.0304000    25.0389    25.0294    -0.0096     0.0003    19.6550    19.6475     17.836     18.131    1463.94    1463.93     6.0425     6.0694    82.5710    82.9330  0.000e+00
      26896     18.500     6.3983     6.3987    2.58191    2.58158          1     3.2566     3.0445      32.03      0.481     0.5687     0.2886  1.000e-12  1.0007000    25.2176    25.2138    -0.0039     0.0004    19.7914    19.7883     18.331     18.631    1464.34    1464.33     6.0153     6.0591    82.3740    82.9730  0.000e+00
      26921     19.000     6.4086     6.4107    2.58831    2.58920          1     3.2407     3.0279      31.54      0.483     0.5555     0.2874  1.000e-12  0.9722000    25.2786    25.2865     0.0079     0.0022    19.8382    19.8442     18.826     19.130    1464.46    1464.48     6.0060     6.0596    82.3000    83.0440  0.000e+00
      26946     19.500     6.4426     6.4424    2.60960    2.60936          1     3.2317     3.0175      30.99      0.484     0.5702     0.2839  1.000e-12  1.0354000    25.4815    25.4791    -0.0024    -0.0002    19.9941    19.9923     19.322     19.630    1464.86    1464.86     5.9967     6.0639    82.3500    83.2710  0.000e+00
      26970     20.000     6.4625     6.4623    2.62224    2.62216          1     3.2241     3.0097      30.50      0.485     0.5620     0.2628  1.000e-12  1.0702000    25.6021    25.6014    -0.0007    -0.0003    20.0868    20.0863     19.817     20.129    1465.10    1465.10     5.9576     6.0264    81.9160    82.8610  0.000e+00
      26995     20.500     6.4703     6.4700    2.62793    2.62764          1     3.2112     2.9979      30.11      0.483     0.5467     0.2693  1.000e-12  1.0610000    25.6571    25.6542    -0.0029    -0.0003    20.1293    20.1270     20.313     20.628    1465.21    1465.20     5.8919     5.9559    81.0570    81.9350  0.000e+00
      27020     21.000     6.5288     6.5320    2.66081    2.66318          1     3.1913     2.9819      29.60      0.483     0.5416     0.2921  1.000e-12  1.1813000    25.9655    25.9885     0.0230     0.0032    20.3655    20.3832     20.808     21.127    1465.84    1465.88     5.7985     5.8561    80.0440    80.8590  0.000e+00
      27044     21.500     6.6047     6.6045    2.70378    2.70330          1     3.1702     2.9633      29.11      0.492     0.5406     0.2762  1.000e-12  1.3484000    26.3685    26.3635    -0.0050    -0.0002    20.6739    20.6700     21.303     21.626    1466.66    1466.65     5.7396     5.7939    79.5850    80.3350  0.000e+00
      27069     22.000     6.6686     6.6690    2.72742    2.72784          1     3.1573     2.9501      28.66      0.490     0.5337     0.2365  1.000e-12  1.6493000    26.5725    26.5767     0.0042     0.0004    20.8271    20.8304     21.799     22.125    1467.17    1467.18     5.7468     5.8105    79.9120    80.8020  0.000e+00
      27094     22.500     6.6883     6.6883    2.73827    2.73848          1     3.1544     2.9452      28.04      0.478     0.5135     0.2325  1.000e-12  1.7858000    26.6734    26.6755     0.0022     0.0000    20.9042    20.9059     22.294     22.624    1467.39    1467.39     5.7487     5.8261    80.0290    81.1080  0.000e+00
      27119     23.000     6.6851     6.6845    2.74500    2.74461          1     3.1474     2.9393      27.53      0.479     0.5118     0.2372  1.000e-12  1.8294000    26.7477    26.7440    -0.0037    -0.0006    20.9630    20.9602     22.790     23.123    1467.48    1467.47     5.6947     5.7723    79.3100    80.3880  0.000e+00
      27144     23.500     6.7106     6.7120    2.76676    2.76769          1     3.1329     2.9276      27.08      0.480     0.5089     0.3259  1.000e-12  1.8884000    26.9610    26.9699     0.0089     0.0014    21.1278    21.1347     23.285     23.622    1467.85    1467.87     5.6351     5.7033    78.6380    79.5960  0.000e+00
      27169     24.000     6.7588     6.7602    2.78697    2.78729          1     3.1207     2.9162      26.47      0.478     0.5040     0.2641  1.000e-12  1.9922000    27.1397    27.1421     0.0024     0.0013    21.2627    21.2644     23.780     24.120    1468.27    1468.28     5.6142     5.6807    78.5270    79.4610  0.000e+00
      27195     24.500     6.7796     6.7804    2.79126    2.79152          1     3.1133     2.9082      25.71      0.478     0.4882     0.2365  1.000e-12  1.9682000    27.1690    27.1711     0.0021     0.0009    21.2834    21.2849     24.276     24.619    1468.40    1468.41     5.6137     5.6880    78.5730    79.6160  0.000e+00
      27220     25.000     6.7838     6.7839    2.79420    2.79437          1     3.1093     2.9045      25.47      0.477     0.4797     0.2882  1.000e-12  2.0521000    27.1971    27.1988     0.0018     0.0001    21.3049    21.3063     24.771     25.118    1468.46    1468.46     5.6196     5.7094    78.6790    79.9370  0.000e+00
      27245     25.500     6.7966     6.7978    2.80745    2.80856          1     3.1088     2.9036      25.08      0.476     0.4971     0.2838  1.000e-12  2.2345000    27.3287    27.3397     0.0110     0.0012    21.4069    21.4154     25.267     25.616    1468.69    1468.70     5.6252     5.7180    78.8480    80.1580  0.000e+00
