ctdpy/tests/etc/exprapp_feb_2020/SBE09_1387_20200206_1847_77_10_0117.cnv
* Sea-Bird SBE 9 Data File:
* FileName = L:\2020\sv20d0117.hex
* Software Version Seasave V 7.26.7.121
* Temperature SN = 6378
* Conductivity SN = 4824
* Number of Bytes Per Scan = 41
* Number of Voltage Words = 4
* Number of Scans Averaged by the Deck Unit = 1
* NMEA Latitude = 58 15.86 N
* NMEA Longitude = 010 43.33 E
* NMEA UTC (Time) = Feb 06 2020  18:47:54
* NMEA baud rate = 4800
** Station:  Å16
** Operator:  DBSj
** Ship: SVEA
** Average sound velocity: 1481.52 m/s
** True-depth calculation Thu, 06 Feb 2020 19:25:34 +0000
** CTD Python Module SMHI /ver 3-12/ feb 2012 
** LIMS Job: 20207710-0117
** Cruise: SMHI-03-2020
** Latitude [GG MM.mm N] :
** Longitude [GGG MM.mm E]:
# nquan = 30
# nvalues = 401                         
# units = specified
# name 0 = scan: Scan Count
# name 1 = prDM: Pressure, Digiquartz [db]
# name 2 = t090C: Temperature [ITS-90, deg C]
# name 3 = t190C: Temperature, 2 [ITS-90, deg C]
# name 4 = c0S/m: Conductivity [S/m]
# name 5 = c1S/m: Conductivity, 2 [S/m]
# name 6 = pumps: Pump Status
# name 7 = sbeox0V: Oxygen raw, SBE 43 [V]
# name 8 = sbeox1V: Oxygen raw, SBE 43, 2 [V]
# name 9 = altM: Altimeter [m]
# name 10 = dz/dtM: Descent Rate [m/s]
# name 11 = flECO-AFL: Chl-a Fluorescence, WET Labs ECO-AFL/FL [mg/m^3]
# name 12 = flECO-AFL1: Phycocyanin Fluorescence, WET Labs ECO-AFL/FL, 2 [mg/m^3]
# name 13 = par: PAR/Irradiance, Biospherical/Lico [µE/(cm^2*s)]
# name 14 = turbWETntu0: Turbidity, WET Labs ECO [NTU]
# name 15 = sal00: Salinity, Practical [PSU]
# name 16 = sal11: Salinity, Practical, 2 [PSU]
# name 17 = secS-priS: Salinity, Practical, Difference, 2 - 1 [PSU]
# name 18 = T2-T190C: Temperature Difference, 2 - 1 [ITS-90, deg C]
# name 19 = sigma-t00: Density [sigma-t, kg/m^3 ]
# name 20 = sigma-t11: Density, 2 [sigma-t, kg/m^3 ]
# name 21 = depSM: Depth [salt water, m], lat = 58.2643
# name 22 = depFM: Depth [true depth, m], lat = 58.2643
# name 23 = svCM: Sound Velocity [Chen-Millero, m/s]
# name 24 = svCM1: Sound Velocity, 2 [Chen-Millero, m/s]
# name 25 = sbeox0ML/L: Oxygen, SBE 43 [ml/l], WS = 2
# name 26 = sbeox1ML/L: Oxygen, SBE 43, 2 [ml/l], WS = 2
# name 27 = sbeox0PS: Oxygen, SBE 43 [% saturation], WS = 2
# name 28 = sbeox1PS: Oxygen, SBE 43, 2 [% saturation], WS = 2
# name 29 = flag: flag
# span 0 =      17302,      29897       
# span 1 =      1.500,    201.500       
# span 2 =     6.1088,     8.0050       
# span 3 =     6.1081,     8.0041       
# span 4 =   3.205180,   3.636316       
# span 5 =   3.204984,   3.636163       
# span 6 =          1,          1       
# span 7 =     3.3931,     3.5864       
# span 8 =     3.1590,     3.3358       
# span 9 =     -26.50,      98.94       
# span 10 =     -0.199,      0.716      
# span 11 =     0.1825,     0.8541      
# span 12 =     0.1334,     0.3319      
# span 13 = -4.958e-08, 1.6368e+00      
# span 14 =     0.1593,     4.7319      
# span 15 =    32.2862,    35.0983      
# span 16 =    32.2850,    35.0965      
# span 17 =    -0.0125,     0.0640      
# span 18 =    -0.0097,     0.0265      
# span 19 =    25.3942,    27.3795      
# span 20 =    25.3936,    27.3785      
# span 21 =      1.486,    199.530      
# span 22 =      1.490,    199.820      
# span 23 =    1471.83,    1484.76      
# span 24 =    1471.84,    1484.76      
# span 25 =     5.8743,     6.6315      
# span 26 =     5.9417,     6.7221      
# span 27 =     88.850,     94.756      
# span 28 =     89.865,     96.056      
# span 29 = 0.0000e+00, 0.0000e+00      
# interval = decibars: 0.5              
# start_time = Feb 06 2020 18:47:54 [NMEA time, first data scan]
# bad_flag = -9.990e-29
*END*
      17302      1.500     6.1226     6.1236    3.20619    3.20617          1     3.5837     3.3348      97.93     -0.147     0.7694     0.2922  1.637e+00  0.2439000    32.2891    32.2878    -0.0012     0.0010    25.3960    25.3949      1.486      1.490    1471.83    1471.84     6.6197     6.7112    94.3790    95.6850  0.000e+00
      17400      2.000     6.1241     6.1259    3.20634    3.20638          1     3.5829     3.3343      97.92      0.352     0.7793     0.2956  1.520e+00  0.2605000    32.2890    32.2878    -0.0012     0.0018    25.3958    25.3946      1.981      1.987    1471.85    1471.85     6.6154     6.7063    94.3200    95.6200  0.000e+00
      17670      2.500     6.1250     6.1246    3.20644    3.20629          1     3.5824     3.3328      97.93      0.374     0.7937     0.2754  1.255e+00  0.2665000    32.2890    32.2878    -0.0012    -0.0004    25.3957    25.3947      2.477      2.483    1471.86    1471.86     6.6162     6.7040    94.3330    95.5840  0.000e+00
      17739      3.000     6.1255     6.1249    3.20648    3.20634          1     3.5825     3.3334      97.93      0.154     0.7469     0.2983  8.198e-01  0.2556000    32.2888    32.2878    -0.0010    -0.0006    25.3954    25.3948      2.972      2.980    1471.87    1471.87     6.6183     6.7069    94.3650    95.6250  0.000e+00
      17759      3.500     6.1319     6.1295    3.20705    3.20675          1     3.5828     3.3326      97.93      0.473     0.7674     0.2894  7.722e-01  0.2664000    32.2889    32.2877    -0.0011    -0.0023    25.3947    25.3941      3.467      3.477    1471.90    1471.89     6.6178     6.7044    94.3720    95.6000  0.000e+00
      17785      4.000     6.1246     6.1243    3.20633    3.20620          1     3.5822     3.3332      97.94      0.524     0.8000     0.2811  6.939e-01  0.2792000    32.2875    32.2863    -0.0012    -0.0002    25.3945    25.3936      3.963      3.973    1471.88    1471.88     6.6161     6.7147    94.3300    95.7350  0.000e+00
      17820      4.500     6.1160     6.1201    3.20551    3.20581          1     3.5823     3.3338      97.94      0.336     0.8453     0.2626  5.927e-01  0.2722000    32.2863    32.2857    -0.0006     0.0041    25.3947    25.3937      4.458      4.470    1471.86    1471.87     6.6211     6.7112    94.3820    95.6750  0.000e+00
      17848      5.000     6.1188     6.1168    3.20582    3.20554          1     3.5824     3.3334      97.93      0.396     0.8087     0.3239  4.521e-01  0.2963000    32.2869    32.2857    -0.0012    -0.0020    25.3947    25.3941      4.954      4.967    1471.88    1471.87     6.6215     6.7086    94.3950    95.6300  0.000e+00
      17874      5.500     6.1139     6.1130    3.20540    3.20518          1     3.5825     3.3326      97.94      0.462     0.7850     0.3006  3.195e-01  0.2806000    32.2866    32.2850    -0.0016    -0.0009    25.3951    25.3940      5.449      5.463    1471.86    1471.86     6.6210     6.7047    94.3760    95.5660  0.000e+00
      17900      6.000     6.1139     6.1133    3.20543    3.20531          1     3.5819     3.3322      97.94      0.457     0.8080     0.2705  2.878e-01  0.2791000    32.2867    32.2859    -0.0008    -0.0006    25.3952    25.3947      5.944      5.960    1471.87    1471.87     6.6165     6.7099    94.3130    95.6410  0.000e+00
      17925      6.500     6.1162     6.1158    3.20562    3.20550          1     3.5812     3.3318      53.80      0.468     0.8234     0.2687  2.589e-01  0.2675000    32.2864    32.2855    -0.0010    -0.0004    25.3947    25.3940      6.440      6.457    1471.89    1471.88     6.6167     6.6989    94.3200    95.4900  0.000e+00
      17949      7.000     6.1207     6.1186    3.20604    3.20576          1     3.5805     3.3300      95.44      0.484     0.8541     0.2682  2.119e-01  0.2678000    32.2864    32.2854    -0.0011    -0.0021    25.3942    25.3936      6.935      6.953    1471.91    1471.91     6.6139     6.6942    94.2910    95.4290  0.000e+00
      17976      7.500     6.1173     6.1148    3.20583    3.20545          1     3.5800     3.3296      97.92      0.476     0.8094     0.3135  1.812e-01  0.2701000    32.2871    32.2854    -0.0018    -0.0025    25.3951    25.3940      7.430      7.450    1471.91    1471.90     6.6154     6.7048    94.3040    95.5710  0.000e+00
      18007      8.000     6.1180     6.1158    3.20584    3.20560          1     3.5794     3.3297      97.94      0.402     0.7610     0.3031  1.413e-01  0.2604000    32.2864    32.2858    -0.0006    -0.0022    25.3944    25.3942      7.926      7.946    1471.92    1471.91     6.6137     6.7089    94.2810    95.6330  0.000e+00
      18035      8.500     6.1189     6.1149    3.20602    3.20563          1     3.5790     3.3304      97.94      0.400     0.7464     0.3054  9.193e-02  0.2741000    32.2873    32.2867    -0.0006    -0.0040    25.3951    25.3951      8.421      8.443    1471.93    1471.92     6.6140     6.7115    94.2890    95.6680  0.000e+00
      18058      9.000     6.1136     6.1124    3.20564    3.20537          1     3.5789     3.3308      97.94      0.480     0.7620     0.3109  7.516e-02  0.2744000    32.2879    32.2860    -0.0019    -0.0012    25.3961    25.3948      8.916      8.940    1471.92    1471.91     6.6163     6.7149    94.3100    95.7100  0.000e+00
      18082      9.500     6.1127     6.1104    3.20558    3.20517          1     3.5789     3.3313      97.94      0.518     0.7939     0.3056  4.545e-02  0.2737000    32.2877    32.2854    -0.0024    -0.0023    25.3962    25.3945      9.412      9.436    1471.93    1471.91     6.6167     6.7144    94.3130    95.6980  0.000e+00
      18110     10.000     6.1107     6.1110    3.20539    3.20533          1     3.5788     3.3316      97.94      0.460     0.8158     0.3319  3.229e-02  0.2801000    32.2874    32.2863    -0.0010     0.0003    25.3961    25.3953      9.907      9.933    1471.92    1471.93     6.6173     6.7144    94.3160    95.7010  0.000e+00
      18140     10.500     6.1088     6.1081    3.20518    3.20498          1     3.5785     3.3315      94.03      0.396     0.7945     0.3244  1.319e-02  0.2846000    32.2866    32.2850    -0.0016    -0.0007    25.3957    25.3946     10.402     10.430    1471.92    1471.92     6.6170     6.7082    94.3090    95.6060  0.000e+00
      18166     11.000     6.1090     6.1087    3.20519    3.20510          1     3.5788     3.3303      97.74      0.427     0.7719     0.2844  3.687e-03  0.2760000    32.2862    32.2855    -0.0007    -0.0003    25.3954    25.3949     10.898     10.926    1471.93    1471.93     6.6195     6.7041    94.3440    95.5480  0.000e+00
      18189     11.500     6.1275     6.1275    3.20778    3.20787          1     3.5787     3.3300      97.94      0.496     0.7717     0.2880  2.473e-03  0.2878000    32.2973    32.2982     0.0009     0.0000    25.4019    25.4026     11.393     11.423    1472.03    1472.03     6.6149     6.7077    94.3260    95.6490  0.000e+00
      18214     12.000     6.1365     6.1366    3.20933    3.20928          1     3.5786     3.3301      97.94      0.506     0.7817     0.2918  3.420e-05  0.2874000    32.3057    32.3050    -0.0006     0.0001    25.4074    25.4069     11.888     11.920    1472.08    1472.08     6.6113     6.7009    94.2990    95.5780  0.000e+00
      18245     12.500     6.1436     6.1447    3.21093    3.21100          1     3.5774     3.3290      97.94      0.415     0.7803     0.3096 -4.958e-08  0.2811000    32.3166    32.3163    -0.0003     0.0011    25.4151    25.4148     12.384     12.416    1472.13    1472.14     6.6072     6.6970    94.2640    95.5480  0.000e+00
      18274     13.000     6.1490     6.1492    3.21232    3.21237          1     3.5779     3.3293      97.94      0.392     0.7593     0.2688  1.000e-12  0.2827000    32.3268    32.3270     0.0003     0.0002    25.4225    25.4227     12.879     12.913    1472.18    1472.18     6.6149     6.7075    94.3920    95.7130  0.000e+00
      18300     13.500     6.1519     6.1516    3.21322    3.21311          1     3.5792     3.3300      97.95      0.442     0.7609     0.3017  1.000e-12  0.2943000    32.3337    32.3327    -0.0010    -0.0002    25.4277    25.4269     13.374     13.410    1472.20    1472.20     6.6181     6.7069    94.4480    95.7140  0.000e+00
      18322     14.000     6.1555     6.1558    3.21459    3.21472          1     3.5801     3.3303      97.95      0.505     0.7731     0.3026  1.000e-12  0.3038000    32.3454    32.3465     0.0011     0.0003    25.4364    25.4372     13.870     13.906    1472.24    1472.24     6.6185     6.7066    94.4690    95.7280  0.000e+00
      18346     14.500     6.1624     6.1619    3.21674    3.21659          1     3.5809     3.3309      97.94      0.524     0.7973     0.2877  1.000e-12  0.2983000    32.3624    32.3612    -0.0012    -0.0005    25.4490    25.4481     14.365     14.403    1472.30    1472.30     6.6181     6.7084    94.4900    95.7770  0.000e+00
      18370     15.000     6.1660     6.1670    3.21831    3.21879          1     3.5815     3.3314      97.95      0.500     0.7977     0.2905  1.000e-12  0.2996000    32.3763    32.3806     0.0043     0.0010    25.4595    25.4628     14.860     14.900    1472.34    1472.35     6.6168     6.7060    94.4880    95.7660  0.000e+00
      18396     15.500     6.1679     6.1679    3.22004    3.22013          1     3.5821     3.3319      97.95      0.484     0.8058     0.2752  1.000e-12  0.3304000    32.3935    32.3944     0.0009     0.0000    25.4728    25.4736     15.355     15.396    1472.38    1472.38     6.6218     6.7116    94.5740    95.8580  0.000e+00
      18424     16.000     6.1725     6.1741    3.22114    3.22131          1     3.5841     3.3334      97.95      0.439     0.7867     0.2610  1.000e-12  0.3018000    32.4011    32.4015     0.0004     0.0016    25.4783    25.4784     15.851     15.893    1472.41    1472.42     6.6281     6.7191    94.6790    95.9820  0.000e+00
      18454     16.500     6.1827     6.1847    3.22303    3.22329          1     3.5864     3.3358      97.95      0.406     0.7587     0.2918  1.000e-12  0.3081000    32.4122    32.4131     0.0009     0.0020    25.4858    25.4863     16.346     16.389    1472.47    1472.48     6.6315     6.7221    94.7560    96.0560  0.000e+00
      18481     17.000     6.2334     6.2402    3.23310    3.23450          1     3.5858     3.3339      97.94      0.424     0.7531     0.2837  1.000e-12  0.3073000    32.4756    32.4847     0.0090     0.0068    25.5295    25.5358     16.841     16.886    1472.76    1472.80     6.5789     6.6342    94.1570    94.9680  0.000e+00
      18507     17.500     6.3434     6.3491    3.25852    3.25986          1     3.5744     3.3227      97.95      0.451     0.7218     0.2848  1.000e-12  0.3134000    32.6527    32.6621     0.0094     0.0058    25.6554    25.6621     17.337     17.383    1473.43    1473.47     6.5014     6.5491    93.3950    94.0990  0.000e+00
      18530     18.000     6.5462     6.5727    3.31222    3.32032          1     3.5642     3.3135      97.95      0.497     0.6683     0.3111  1.000e-12  0.2994000    33.0520    33.1160     0.0640     0.0265    25.9443    25.9913     17.832     17.879    1474.74    1474.92     6.4383     6.4927    93.1710    94.0560  0.000e+00
      18554     18.500     6.7788     6.7880    3.38018    3.38286          1     3.5568     3.3076      97.95      0.519     0.6094     0.2826  1.000e-12  0.2880000    33.5763    33.5970     0.0206     0.0091    26.3271    26.3422     18.327     18.375    1476.32    1476.38     6.3758     6.4467    93.0860    94.1540  0.000e+00
      18581     19.000     6.8105     6.8118    3.38936    3.38975          1     3.5507     3.3030      97.95      0.462     0.5677     0.2046  1.000e-12  0.3045000    33.6463    33.6494     0.0031     0.0013    26.3780    26.3803     18.823     18.872    1476.54    1476.55     6.3651     6.4417    93.0410    94.1650  0.000e+00
      18612     19.500     6.8266     6.8296    3.39529    3.39616          1     3.5469     3.2992      97.95      0.397     0.5438     0.2446  1.000e-12  0.3195000    33.6956    33.7022     0.0066     0.0029    26.4147    26.4196     19.318     19.368    1476.67    1476.69     6.3640     6.4394    93.0890    94.2020  0.000e+00
      18639     20.000     6.8442     6.8445    3.40146    3.40162          1     3.5458     3.2980      97.95      0.418     0.5567     0.2536  1.000e-12  0.3228000    33.7460    33.7475     0.0015     0.0003    26.4521    26.4532     19.813     19.864    1476.81    1476.81     6.3611     6.4476    93.1150    94.3830  0.000e+00
      18660     20.500     6.8449     6.8447    3.40211    3.40197          1     3.5448     3.2983      97.95      0.499     0.5437     0.2631  1.000e-12  0.3325000    33.7522    33.7510    -0.0013    -0.0002    26.4569    26.4559     20.309     20.360    1476.83    1476.83     6.3608     6.4557    93.1170    94.5050  0.000e+00
      18682     21.000     6.8513     6.8527    3.40433    3.40474          1     3.5447     3.2989      70.37      0.557     0.5441     0.2977  1.000e-12  0.3309000    33.7702    33.7733     0.0031     0.0014    26.4702    26.4724     20.804     20.856    1476.89    1476.89     6.3619     6.4540    93.1580    94.5100  0.000e+00
      18709     21.500     6.8659     6.8697    3.40861    3.40955          1     3.5448     3.2992      78.90      0.499     0.5412     0.2681  1.000e-12  0.3253000    33.8026    33.8093     0.0066     0.0038    26.4938    26.4985     21.299     21.352    1476.99    1477.01     6.3610     6.4494    93.1960    94.5030  0.000e+00
      18743     22.000     6.8876     6.8866    3.41463    3.41433          1     3.5460     3.2995      98.40      0.356     0.5238     0.2181  1.000e-12  0.3327000    33.8473    33.8451    -0.0022    -0.0011    26.5260    26.5244     21.795     21.848    1477.14    1477.13     6.3621     6.4480    93.2860    94.5410  0.000e+00
      18772     22.500     6.8959     6.8962    3.41699    3.41695          1     3.5476     3.3009      97.95      0.377     0.5108     0.2550  1.000e-12  0.3303000    33.8648    33.8641    -0.0007     0.0003    26.5387    26.5381     22.290     22.344    1477.20    1477.20     6.3638     6.4547    93.3390    94.6720  0.000e+00
      18794     23.000     6.9171     6.9104    3.42290    3.42116          1     3.5480     3.3013      97.95      0.481     0.5127     0.2501  1.000e-12  0.3360000    33.9088    33.8962    -0.0125    -0.0068    26.5704    26.5615     22.785     22.841    1477.35    1477.30     6.3521     6.4358    93.2390    94.4450  0.000e+00
      18815     23.500     6.9375     6.9374    3.42882    3.42874          1     3.5469     3.2997      97.95      0.562     0.5237     0.2194  1.000e-12  0.3590000    33.9535    33.9527    -0.0007    -0.0001    26.6029    26.6023     23.280     23.337    1477.49    1477.49     6.3416     6.4216    93.1570    94.3320  0.000e+00
      18837     24.000     6.9783     6.9774    3.44034    3.44033          1     3.5460     3.2992      97.96      0.566     0.5134     0.2154  1.000e-12  0.3756000    34.0395    34.0403     0.0008    -0.0009    26.6650    26.6658     23.776     23.833    1477.76    1477.76     6.3365     6.4256    93.2220    94.5310  0.000e+00
      18868     24.500     7.0315     7.0301    3.45558    3.45490          1     3.5475     3.3004      97.96      0.444     0.5001     0.2685  1.000e-12  0.3593000    34.1539    34.1479    -0.0060    -0.0014    26.7479    26.7434     24.271     24.329    1478.12    1478.11     6.3302     6.4133    93.3130    94.5320  0.000e+00
      18902     25.000     7.0470     7.0472    3.45998    3.46020          1     3.5478     3.2993      92.48      0.339     0.4827     0.2230  1.000e-12  0.3502000    34.1867    34.1889     0.0022     0.0002    26.7716    26.7733     24.766     24.825    1478.23    1478.23     6.3210     6.3918    93.2310    94.2760  0.000e+00
