ctdpy/tests/etc/exprapp_feb_2020/SBE09_1387_20200213_1511_77_10_0146.cnv
* Sea-Bird SBE 9 Data File:
* FileName = L:\2020\sv20d0146.hex
* Software Version Seasave V 7.26.7.121
* Temperature SN = 6378
* Conductivity SN = 4824
* Number of Bytes Per Scan = 41
* Number of Voltage Words = 4
* Number of Scans Averaged by the Deck Unit = 1
* NMEA Latitude = 56 06.99 N
* NMEA Longitude = 016 32.18 E
* NMEA UTC (Time) = Feb 13 2020  15:11:03
* NMEA baud rate = 4800
** Station:  BY39
** Operator:  DBSj
** Ship: SVEA
** Average sound velocity: 1437.12 m/s
** True-depth calculation Thu, 13 Feb 2020 15:54:25 +0000
** CTD Python Module SMHI /ver 3-12/ feb 2012 
** LIMS Job: 20207710-0146
** Cruise: SMHI-02-2020
** Latitude [GG MM.mm N] :
** Longitude [GGG MM.mm E]:
# nquan = 30
# nvalues = 94                          
# units = specified
# name 0 = scan: Scan Count
# name 1 = prDM: Pressure, Digiquartz [db]
# name 2 = t090C: Temperature [ITS-90, deg C]
# name 3 = t190C: Temperature, 2 [ITS-90, deg C]
# name 4 = c0S/m: Conductivity [S/m]
# name 5 = c1S/m: Conductivity, 2 [S/m]
# name 6 = pumps: Pump Status
# name 7 = sbeox0V: Oxygen raw, SBE 43 [V]
# name 8 = sbeox1V: Oxygen raw, SBE 43, 2 [V]
# name 9 = altM: Altimeter [m]
# name 10 = dz/dtM: Descent Rate [m/s]
# name 11 = flECO-AFL: Chl-a Fluorescence, WET Labs ECO-AFL/FL [mg/m^3]
# name 12 = flECO-AFL1: Phycocyanin Fluorescence, WET Labs ECO-AFL/FL, 2 [mg/m^3]
# name 13 = par: PAR/Irradiance, Biospherical/Lico [µE/(cm^2*s)]
# name 14 = turbWETntu0: Turbidity, WET Labs ECO [NTU]
# name 15 = sal00: Salinity, Practical [PSU]
# name 16 = sal11: Salinity, Practical, 2 [PSU]
# name 17 = secS-priS: Salinity, Practical, Difference, 2 - 1 [PSU]
# name 18 = T2-T190C: Temperature Difference, 2 - 1 [ITS-90, deg C]
# name 19 = sigma-t00: Density [sigma-t, kg/m^3 ]
# name 20 = sigma-t11: Density, 2 [sigma-t, kg/m^3 ]
# name 21 = depSM: Depth [salt water, m], lat = 56.1165
# name 22 = depFM: Depth [true depth, m], lat = 56.1165
# name 23 = svCM: Sound Velocity [Chen-Millero, m/s]
# name 24 = svCM1: Sound Velocity, 2 [Chen-Millero, m/s]
# name 25 = sbeox0ML/L: Oxygen, SBE 43 [ml/l], WS = 2
# name 26 = sbeox1ML/L: Oxygen, SBE 43, 2 [ml/l], WS = 2
# name 27 = sbeox0PS: Oxygen, SBE 43 [% saturation], WS = 2
# name 28 = sbeox1PS: Oxygen, SBE 43, 2 [% saturation], WS = 2
# name 29 = flag: flag
# span 0 =      19135,      24220       
# span 1 =      2.500,     49.000       
# span 2 =     4.5806,     5.2826       
# span 3 =     4.5802,     5.2828       
# span 4 =   0.786509,   0.998829       
# span 5 =   0.786575,   0.999048       
# span 6 =          1,          1       
# span 7 =     1.0620,     3.4372       
# span 8 =     1.0233,     3.2105       
# span 9 =      94.23,      97.39       
# span 10 =     -0.516,      0.769      
# span 11 =     0.3302,     0.4511      
# span 12 =     0.1432,     0.2978      
# span 13 = 1.0000e-12, 8.8591e+00      
# span 14 =     0.1338,     0.5819      
# span 15 =     7.3346,     9.2801      
# span 16 =     7.3353,     9.2822      
# span 17 =    -0.0077,     0.2434      
# span 18 =    -0.0051,     0.0660      
# span 19 =     5.8140,     7.3249      
# span 20 =     5.8146,     7.3265      
# span 21 =      2.477,     48.548      
# span 22 =      2.532,     49.584      
# span 23 =    1433.81,    1440.10      
# span 24 =    1433.81,    1440.10      
# span 25 =     0.9371,     7.7379      
# span 26 =     0.9884,     7.8843      
# span 27 =     11.236,     89.966      
# span 28 =     11.851,     91.666      
# span 29 = 0.0000e+00, 0.0000e+00      
# interval = decibars: 0.5              
# start_time = Feb 13 2020 15:11:03 [NMEA time, first data scan]
# bad_flag = -9.990e-29
*END*
      19135      2.500     4.5819     4.5812    0.78651    0.78658          1     3.4362     3.2105      94.30     -0.516     0.4480     0.2088  8.859e+00  0.1338000     7.3349     7.3356     0.0008    -0.0006     5.8143     5.8149      2.477      2.532    1433.81    1433.81     7.7268     7.8750    89.8380    91.5600  0.000e+00
      19232      3.000     4.5816     4.5811    0.78651    0.78658          1     3.4360     3.2095      94.32      0.131     0.4459     0.1997  8.099e+00  0.1437000     7.3348     7.3356     0.0007    -0.0005     5.8142     5.8149      2.973      3.038    1433.81    1433.81     7.7295     7.8685    89.8680    91.4840  0.000e+00
      19436      3.500     4.5812     4.5811    0.78651    0.78658          1     3.4364     3.2078      94.29      0.206     0.4352     0.1971  7.044e+00  0.1417000     7.3348     7.3356     0.0008    -0.0002     5.8142     5.8149      3.468      3.544    1433.82    1433.82     7.7350     7.8671    89.9320    91.4680  0.000e+00
      19453      4.000     4.5814     4.5811    0.78652    0.78659          1     3.4371     3.2079      94.29      0.426     0.4370     0.2344  6.126e+00  0.1502000     7.3348     7.3356     0.0007    -0.0003     5.8142     5.8148      3.964      4.051    1433.83    1433.83     7.7379     7.8725    89.9660    91.5310  0.000e+00
      19477      4.500     4.5813     4.5810    0.78652    0.78659          1     3.4372     3.2085      94.29      0.500     0.4355     0.2314  5.272e+00  0.1506000     7.3348     7.3355     0.0007    -0.0003     5.8142     5.8148      4.459      4.557    1433.84    1433.84     7.7352     7.8795    89.9340    91.6120  0.000e+00
      19504      5.000     4.5813     4.5810    0.78653    0.78660          1     3.4369     3.2089      94.29      0.471     0.4405     0.2006  4.704e+00  0.1427000     7.3348     7.3356     0.0008    -0.0002     5.8142     5.8149      4.954      5.063    1433.84    1433.84     7.7331     7.8753    89.9100    91.5630  0.000e+00
      19536      5.500     4.5813     4.5811    0.78654    0.78661          1     3.4368     3.2094      94.28      0.392     0.4390     0.1955  4.149e+00  0.1539000     7.3348     7.3356     0.0007    -0.0002     5.8142     5.8149      5.450      5.570    1433.85    1433.85     7.7364     7.8791    89.9480    91.6080  0.000e+00
      19570      6.000     4.5814     4.5812    0.78655    0.78662          1     3.4367     3.2096      94.30      0.358     0.4365     0.2038  3.784e+00  0.1465000     7.3349     7.3356     0.0008    -0.0002     5.8143     5.8149      5.945      6.076    1433.86    1433.86     7.7344     7.8793    89.9250    91.6090  0.000e+00
      19602      6.500     4.5813     4.5810    0.78654    0.78660          1     3.4364     3.2100      94.31      0.362     0.4458     0.2267  3.215e+00  0.1478000     7.3348     7.3355     0.0007    -0.0003     5.8142     5.8147      6.441      6.582    1433.87    1433.87     7.7328     7.8823    89.9070    91.6440  0.000e+00
      19627      7.000     4.5813     4.5811    0.78657    0.78663          1     3.4362     3.2102      94.31      0.429     0.4499     0.2277  2.915e+00  0.1518000     7.3349     7.3357     0.0007    -0.0002     5.8143     5.8149      6.936      7.089    1433.88    1433.88     7.7377     7.8783    89.9630    91.5980  0.000e+00
      19651      7.500     4.5813     4.5809    0.78656    0.78662          1     3.4367     3.2100      94.33      0.497     0.4348     0.2428  2.575e+00  0.1518000     7.3348     7.3355     0.0007    -0.0004     5.8143     5.8148      7.432      7.595    1433.88    1433.88     7.7368     7.8737    89.9530    91.5440  0.000e+00
      19677      8.000     4.5810     4.5807    0.78655    0.78662          1     3.4363     3.2092      94.30      0.487     0.4423     0.1719  2.341e+00  0.1485000     7.3347     7.3354     0.0007    -0.0002     5.8142     5.8147      7.927      8.101    1433.89    1433.89     7.7352     7.8714    89.9340    91.5170  0.000e+00
      19716      8.500     4.5809     4.5807    0.78655    0.78662          1     3.4361     3.2089      94.33      0.338     0.4511     0.2048  2.096e+00  0.1396000     7.3347     7.3354     0.0007    -0.0002     5.8141     5.8147      8.422      8.608    1433.90    1433.90     7.7363     7.8749    89.9470    91.5580  0.000e+00
      19761      9.000     4.5809     4.5805    0.78655    0.78662          1     3.4360     3.2085      94.34      0.241     0.4421     0.1830  1.875e+00  0.1373000     7.3346     7.3354     0.0007    -0.0003     5.8141     5.8147      8.918      9.114    1433.90    1433.90     7.7341     7.8720    89.9200    91.5230  0.000e+00
      19786      9.500     4.5810     4.5806    0.78656    0.78663          1     3.4353     3.2077      94.35      0.387     0.4382     0.2058  1.629e+00  0.1443000     7.3346     7.3354     0.0008    -0.0004     5.8141     5.8147      9.413      9.620    1433.91    1433.91     7.7312     7.8655    89.8860    91.4480  0.000e+00
      19806     10.000     4.5807     4.5802    0.78656    0.78662          1     3.4349     3.2072      94.36      0.535     0.4351     0.1808  1.452e+00  0.1413000     7.3346     7.3353     0.0007    -0.0006     5.8141     5.8147      9.909     10.126    1433.92    1433.92     7.7335     7.8712    89.9140    91.5130  0.000e+00
      19826     10.500     4.5806     4.5803    0.78656    0.78663          1     3.4350     3.2074      94.33      0.614     0.4369     0.1964  1.283e+00  0.1447000     7.3346     7.3354     0.0008    -0.0003     5.8141     5.8147     10.404     10.633    1433.93    1433.93     7.7346     7.8787    89.9260    91.6010  0.000e+00
      19854     11.000     4.5806     4.5803    0.78657    0.78663          1     3.4349     3.2077      94.32      0.500     0.4359     0.2167  1.182e+00  0.1479000     7.3346     7.3353     0.0007    -0.0002     5.8141     5.8147     10.900     11.139    1433.94    1433.94     7.7358     7.8791    89.9400    91.6060  0.000e+00
      19895     11.500     4.5807     4.5804    0.78658    0.78664          1     3.4348     3.2085      94.34      0.290     0.4357     0.2496  1.087e+00  0.1417000     7.3346     7.3353     0.0007    -0.0003     5.8141     5.8146     11.395     11.645    1433.94    1433.94     7.7358     7.8843    89.9390    91.6660  0.000e+00
      19929     12.000     4.5808     4.5805    0.78658    0.78666          1     3.4345     3.2085      94.32      0.332     0.4338     0.2872  9.656e-01  0.1462000     7.3346     7.3354     0.0008    -0.0003     5.8141     5.8147     11.890     12.152    1433.95    1433.95     7.7230     7.8612    89.7910    91.3970  0.000e+00
      19956     12.500     4.5810     4.5807    0.78659    0.78666          1     3.4301     3.2049      94.36      0.416     0.4434     0.2042  8.549e-01  0.1497000     7.3346     7.3353     0.0008    -0.0003     5.8140     5.8147     12.386     12.658    1433.96    1433.96     7.6876     7.8238    89.3800    90.9630  0.000e+00
      19981     13.000     4.5870     4.5923    0.78786    0.78908          1     3.4244     3.2008      94.33      0.461     0.4303     0.1555  7.651e-01  0.1456000     7.3458     7.3569     0.0111     0.0053     5.8228     5.8314     12.881     13.164    1434.01    1434.05     7.6852     7.8255    89.3720    91.0230  0.000e+00
      20006     13.500     4.6010     4.6010    0.79063    0.79062          1     3.4238     3.2002      94.38      0.486     0.4388     0.1865  6.796e-01  0.1704000     7.3704     7.3703    -0.0001    -0.0000     5.8418     5.8417     13.377     13.671    1434.11    1434.11     7.7015     7.8475    89.6090    91.3070  0.000e+00
      20032     14.000     4.5970     4.5945    0.78968    0.78927          1     3.4240     3.2002      94.37      0.483     0.4406     0.2276  6.250e-01  0.1610000     7.3617     7.3582    -0.0036    -0.0026     5.8350     5.8323     13.872     14.177    1434.09    1434.07     7.7028     7.8536    89.6100    91.3560  0.000e+00
      20066     14.500     4.5865     4.5863    0.78772    0.78785          1     3.4253     3.2020      94.35      0.380     0.4392     0.2268  5.723e-01  0.1440000     7.3443     7.3457     0.0014    -0.0002     5.8216     5.8227     14.367     14.683    1434.03    1434.03     7.7215     7.8721    89.7920    91.5440  0.000e+00
      20103     15.000     4.5881     4.5829    0.78799    0.78711          1     3.4226     3.1968      94.35      0.312     0.4342     0.1962  5.203e-01  0.1450000     7.3467     7.3390    -0.0077    -0.0051     5.8234     5.8175     14.863     15.190    1434.05    1434.01     7.6260     7.7075    88.6870    89.6180  0.000e+00
      20134     15.500     4.5826     4.5991    0.78699    0.79105          1     3.3995     3.1735      94.36      0.363     0.4336     0.1961  4.573e-01  0.1491000     7.3378     7.3748     0.0370     0.0165     5.8166     5.8453     15.358     15.696    1434.02    1434.14     7.4942     7.5136    87.1370    87.4210  0.000e+00
      20160     16.000     4.6603     4.6754    0.80271    0.80527          1     3.3759     3.1496      94.44      0.439     0.4276     0.1845  3.972e-01  0.2006000     7.4777     7.4999     0.0222     0.0151     5.9248     5.9419     15.854     16.202    1434.55    1434.65     7.4248     7.4654    86.5820    87.1020  0.000e+00
      20183     16.500     4.6670     4.6962    0.80329    0.80990          1     3.3643     3.1378      94.48      0.502     0.4326     0.1993  3.532e-01  0.1909000     7.4819     7.5415     0.0596     0.0291     5.9279     5.9741     16.349     16.709    1434.59    1434.80     7.4650     7.5058    87.0690    87.6450  0.000e+00
      20209     17.000     4.6908     4.7030    0.80826    0.81050          1     3.3577     3.1256      94.45      0.494     0.4259     0.1814  3.238e-01  0.2290000     7.5262     7.5458     0.0196     0.0122     5.9622     5.9773     16.844     17.215    1434.76    1434.84     7.4020     7.4249    86.4120    86.7180  0.000e+00
      20247     17.500     4.6697     4.7061    0.80414    0.81197          1     3.3276     3.1017      94.50      0.327     0.4088     0.1856  2.850e-01  0.3103000     7.4897     7.5598     0.0701     0.0364     5.9340     5.9882     17.340     17.721    1434.63    1434.88     7.2908     7.3715    85.0470    86.1090  0.000e+00
      20281     18.000     4.7493     4.7526    0.82001    0.82055          1     3.3088     3.0886      94.57      0.322     0.4023     0.2114  2.470e-01  0.3501000     7.6302     7.6348     0.0046     0.0034     6.0425     6.0460     17.835     18.227    1435.17    1435.19     7.2475     7.3545    84.7940    86.0550  0.000e+00
      20302     18.500     4.7249     4.7269    0.81495    0.81537          1     3.2966     3.0800      94.46      0.467     0.4076     0.1843  2.112e-01  0.3961000     7.5851     7.5889     0.0038     0.0019     6.0077     6.0106     18.331     18.734    1435.01    1435.03     7.2136     7.3275    84.3190    85.6570  0.000e+00
      20324     19.000     4.7346     4.7430    0.81696    0.81878          1     3.2849     3.0715      94.33      0.565     0.4044     0.2040  1.809e-01  0.3676000     7.6030     7.6192     0.0162     0.0084     6.0214     6.0340     18.826     19.240    1435.09    1435.14     7.1867     7.2980    84.0350    85.3640  0.000e+00
      20355     19.500     4.7652     4.7720    0.82292    0.82396          1     3.2707     3.0595      94.39      0.449     0.4061     0.2176  1.592e-01  0.3682000     7.6554     7.6642     0.0089     0.0068     6.0619     6.0686     19.321     19.746    1435.30    1435.34     7.1527     7.2616    83.7320    85.0270  0.000e+00
      20400     20.000     4.7891     4.7968    0.82762    0.82934          1     3.2526     3.0441      94.49      0.235     0.4044     0.1733  1.344e-01  0.4280000     7.6968     7.7123     0.0154     0.0077     6.0938     6.1057     19.817     20.252    1435.46    1435.52     7.0920     7.2042    83.0960    84.4360  0.000e+00
      20428     20.500     4.8060     4.8069    0.83083    0.83114          1     3.2372     3.0306      94.43      0.361     0.3975     0.2170  1.094e-01  0.4752000     7.7249     7.7278     0.0029     0.0010     6.1154     6.1177     20.312     20.758    1435.58    1435.59     6.9832     7.0619    81.8710    82.7980  0.000e+00
      20448     21.000     4.8109     4.8110    0.83241    0.83282          1     3.2170     3.0126      94.41      0.517     0.4001     0.2332  8.932e-02  0.5339000     7.7394     7.7436     0.0041     0.0001     6.1267     6.1300     20.808     21.265    1435.63    1435.64     6.8876     6.9298    80.7690    81.2660  0.000e+00
      20468     21.500     4.8225     4.8270    0.83582    0.83689          1     3.1952     2.9904      94.46      0.603     0.3990     0.2312  6.453e-02  0.5695000     7.7708     7.7805     0.0097     0.0045     6.1511     6.1586     21.303     21.771    1435.73    1435.76     6.8168     6.8297    79.9780    80.1440  0.000e+00
      20496     22.000     4.8442     4.8489    0.84002    0.84073          1     3.1635     2.9594      94.42      0.494     0.3973     0.2246  5.430e-02  0.5819000     7.8076     7.8136     0.0060     0.0047     6.1795     6.1840     21.798     22.277    1435.88    1435.91     6.7148     6.7438    78.8450    79.1980  0.000e+00
      20547     22.500     4.8568     4.8605    0.84254    0.84339          1     3.0894     2.8975      94.43      0.217     0.3842     0.2158  3.992e-02  0.5001000     7.8297     7.8374     0.0077     0.0037     6.1965     6.2024     22.294     22.783    1435.97    1436.00     6.2433     6.2479    73.3420    73.4080  0.000e+00
      20584     23.000     4.8716     4.8731    0.84593    0.84647          1     2.9171     2.7623      94.41      0.290     0.3714     0.1987  1.801e-02  0.4991000     7.8600     7.8651     0.0051     0.0015     6.2199     6.2239     22.789     23.289    1436.08    1436.10     5.0861     4.9090    59.7830    57.7050  0.000e+00
      20604     23.500     4.8904     4.8929    0.85165    0.85290          1     2.7593     2.6354      94.41      0.459     0.3824     0.2427  4.707e-03  0.5297000     7.9126     7.9246     0.0120     0.0025     6.2608     6.2702     23.285     23.795    1436.24    1436.27     4.7080     4.3962    55.3840    51.7240  0.000e+00
      20622     24.000     4.9466     4.9515    0.87107    0.87361          1     2.6640     2.5339      94.38      0.604     0.3709     0.2811  5.031e-05  0.4492000     8.0931     8.1173     0.0243     0.0049     6.4014     6.4204     23.780     24.301    1436.73    1436.78     4.8616     4.1931    57.3430    49.4710  0.000e+00
      20642     24.500     4.9864     4.9866    0.88679    0.88689          1     2.6241     2.4325      94.38      0.660     0.3585     0.2617  1.552e-06  0.3491000     8.2404     8.2414     0.0010     0.0001     6.5163     6.5171     24.275     24.807    1437.10    1437.10     4.8608     3.9138    57.4460    46.2560  0.000e+00
      20682     25.000     4.9972     5.0179    0.89097    0.89762          1     2.3658     2.1524      94.39      0.372     0.3537     0.2326  1.000e-12  0.2633000     8.2795     8.3408     0.0613     0.0208     6.5468     6.5944     24.771     25.313    1437.20    1437.37     3.2666     2.3804    38.6230    28.1640  0.000e+00
      20729     25.500     5.0932     5.1592    0.92991    0.95594          1     1.8888     1.7595      94.40      0.225     0.3508     0.1823  1.000e-12  0.2382000     8.6445     8.8879     0.2434     0.0660     6.8314     7.0208     25.266     25.819    1438.09    1438.69     1.8031     1.4201    21.4280    16.9350  0.000e+00
      20753     26.000     5.1852     5.1877    0.96534    0.96585          1     1.7088     1.6235      94.37      0.414     0.3302     0.1622  1.000e-12  0.2278000     8.9749     8.9794     0.0044     0.0025     7.0884     7.0918     25.762     26.325    1438.92    1438.94     1.7840     1.5635    21.2950    18.6640  0.000e+00
