ctdpy/tests/etc/exprapp_feb_2020/SBE09_1387_20200202_1047_77_10_0095.cnv
* Sea-Bird SBE 9 Data File:
* FileName = L:\2020\sv20d0095.hex
* Software Version Seasave V 7.26.7.121
* Temperature SN = 6378
* Conductivity SN = 4824
* Number of Bytes Per Scan = 41
* Number of Voltage Words = 4
* Number of Scans Averaged by the Deck Unit = 1
* NMEA Latitude = 58 33.38 N
* NMEA Longitude = 010 53.14 E
* NMEA UTC (Time) = Feb 02 2020  10:47:32
* NMEA baud rate = 4800
** Station:  Kilebojen
** Operator:  A-KTh
** Ship: SVEA
** Average sound velocity: 1476.59 m/s
** True-depth calculation Sun, 02 Feb 2020 12:04:41 +0000
** CTD Python Module SMHI /ver 3-12/ feb 2012 
** LIMS Job: 20207710-0095
** Cruise: SMHI-02-2020
** Latitude [GG MM.mm N] :
** Longitude [GGG MM.mm E]:
# nquan = 30
# nvalues = 149                         
# units = specified
# name 0 = scan: Scan Count
# name 1 = prDM: Pressure, Digiquartz [db]
# name 2 = t090C: Temperature [ITS-90, deg C]
# name 3 = t190C: Temperature, 2 [ITS-90, deg C]
# name 4 = c0S/m: Conductivity [S/m]
# name 5 = c1S/m: Conductivity, 2 [S/m]
# name 6 = pumps: Pump Status
# name 7 = sbeox0V: Oxygen raw, SBE 43 [V]
# name 8 = sbeox1V: Oxygen raw, SBE 43, 2 [V]
# name 9 = altM: Altimeter [m]
# name 10 = dz/dtM: Descent Rate [m/s]
# name 11 = flECO-AFL: Chl-a Fluorescence, WET Labs ECO-AFL/FL [mg/m^3]
# name 12 = flECO-AFL1: Phycocyanin Fluorescence, WET Labs ECO-AFL/FL, 2 [mg/m^3]
# name 13 = par: PAR/Irradiance, Biospherical/Lico [µE/(cm^2*s)]
# name 14 = turbWETntu0: Turbidity, WET Labs ECO [NTU]
# name 15 = sal00: Salinity, Practical [PSU]
# name 16 = sal11: Salinity, Practical, 2 [PSU]
# name 17 = secS-priS: Salinity, Practical, Difference, 2 - 1 [PSU]
# name 18 = T2-T190C: Temperature Difference, 2 - 1 [ITS-90, deg C]
# name 19 = sigma-t00: Density [sigma-t, kg/m^3 ]
# name 20 = sigma-t11: Density, 2 [sigma-t, kg/m^3 ]
# name 21 = depSM: Depth [salt water, m], lat = 58.5563
# name 22 = depFM: Depth [true depth, m], lat = 58.5563
# name 23 = svCM: Sound Velocity [Chen-Millero, m/s]
# name 24 = svCM1: Sound Velocity, 2 [Chen-Millero, m/s]
# name 25 = sbeox0ML/L: Oxygen, SBE 43 [ml/l], WS = 2
# name 26 = sbeox1ML/L: Oxygen, SBE 43, 2 [ml/l], WS = 2
# name 27 = sbeox0PS: Oxygen, SBE 43 [% saturation], WS = 2
# name 28 = sbeox1PS: Oxygen, SBE 43, 2 [% saturation], WS = 2
# name 29 = flag: flag
# span 0 =      23750,      28471       
# span 1 =      2.500,     76.500       
# span 2 =     5.6961,     7.0116       
# span 3 =     5.6960,     7.0116       
# span 4 =   2.810469,   3.454452       
# span 5 =   2.810454,   3.454361       
# span 6 =          1,          1       
# span 7 =     3.5176,     3.5644       
# span 8 =     3.2799,     3.3185       
# span 9 =       1.37,      99.81       
# span 10 =     -0.632,      1.089      
# span 11 =     0.4440,     1.2632      
# span 12 =     0.2129,     0.3467      
# span 13 = 8.8984e-13, 4.7957e+01      
# span 14 =     0.4393,     1.7506      
# span 15 =    28.2688,    34.1359      
# span 16 =    28.2685,    34.1348      
# span 17 =    -0.0202,     0.1072      
# span 18 =    -0.0060,     0.0181      
# span 19 =    22.2714,    26.7365      
# span 20 =    22.2707,    26.7356      
# span 21 =      2.477,     75.774      
# span 22 =      2.491,     75.939      
# span 23 =    1465.07,    1478.88      
# span 24 =    1465.07,    1478.87      
# span 25 =     6.3041,     6.8528      
# span 26 =     6.4023,     6.9692      
# span 27 =     92.875,     94.180      
# span 28 =     94.205,     95.783      
# span 29 = 0.0000e+00, 0.0000e+00      
# interval = decibars: 0.5              
# start_time = Feb 02 2020 10:47:32 [NMEA time, first data scan]
# bad_flag = -9.990e-29
*END*
[from data line 97]
      26550     51.000     6.9976     6.9973    3.44773    3.44758          1     3.5303     3.2931      28.05      0.629     0.5060     0.3274  1.000e-12  1.2353000    34.0883    34.0869    -0.0014    -0.0002    26.7009    26.6999     50.519     50.642    1478.34    1478.34     6.3140     6.4232    92.9610    94.5680  0.000e+00
      26568     51.500     6.9983     6.9978    3.44797    3.44775          1     3.5300     3.2930      27.36      0.659     0.4977     0.2983  1.000e-12  1.3222000    34.0900    34.0881    -0.0019    -0.0005    26.7021    26.7007     51.014     51.138    1478.36    1478.35     6.3172     6.4196    93.0120    94.5160  0.000e+00
      26586     52.000     6.9981     6.9977    3.44794    3.44778          1     3.5305     3.2924      27.06      0.671     0.4984     0.2651  1.000e-12  1.2487000    34.0896    34.0883    -0.0013    -0.0004    26.7019    26.7009     51.509     51.634    1478.36    1478.36     6.3215     6.4178    93.0740    94.4900  0.000e+00
      26610     52.500     6.9978     6.9976    3.44787    3.44772          1     3.5310     3.2920      26.47      0.591     0.5064     0.2691  1.000e-12  1.3531000    34.0888    34.0874    -0.0014    -0.0002    26.7013    26.7002     52.004     52.130    1478.37    1478.37     6.3210     6.4215    93.0660    94.5440  0.000e+00
      26661     53.000     6.9976     6.9976    3.44785    3.44771          1     3.5308     3.2921      25.88      0.241     0.4732     0.2934  1.000e-12  1.1531000    34.0887    34.0871    -0.0016     0.0000    26.7012    26.7000     52.500     52.627    1478.38    1478.38     6.3206     6.4215    93.0590    94.5430  0.000e+00
      26698     53.500     6.9977     6.9972    3.44787    3.44764          1     3.5310     3.2919      25.51      0.272     0.4704     0.2973  1.000e-12  1.2156000    34.0885    34.0865    -0.0020    -0.0005    26.7010    26.6996     52.995     53.123    1478.38    1478.38     6.3214     6.4189    93.0710    94.5040  0.000e+00
      26714     54.000     6.9987     6.9987    3.44819    3.44808          1     3.5309     3.2913      25.23      0.491     0.4963     0.2644  1.000e-12  1.2345000    34.0908    34.0896    -0.0012    -0.0001    26.7027    26.7018     53.490     53.619    1478.40    1478.40     6.3196     6.4162    93.0480    94.4690  0.000e+00
      26728     54.500     6.9991     6.9985    3.44829    3.44805          1     3.5308     3.2910      24.80      0.679     0.4979     0.2646  1.000e-12  1.2670000    34.0912    34.0892    -0.0020    -0.0006    26.7029    26.7015     53.985     54.115    1478.41    1478.41     6.3178     6.4182    93.0220    94.4980  0.000e+00
      26741     55.000     6.9988     6.9985    3.44821    3.44806          1     3.5305     3.2910      24.33      0.824     0.4977     0.2645  1.000e-12  1.2796000    34.0904    34.0890    -0.0015    -0.0002    26.7024    26.7013     54.481     54.611    1478.42    1478.41     6.3155     6.4192    92.9870    94.5120  0.000e+00
      26755     55.500     6.9991     6.9988    3.44828    3.44815          1     3.5292     3.2907      23.82      0.899     0.5084     0.3030  1.000e-12  1.2572000    34.0907    34.0895    -0.0012    -0.0003    26.7026    26.7017     54.976     55.107    1478.42    1478.42     6.3124     6.4168    92.9420    94.4780  0.000e+00
      26773     56.000     7.0006     7.0007    3.44875    3.44872          1     3.5288     3.2901      23.22      0.821     0.5161     0.3121  1.000e-12  1.3050000    34.0941    34.0936    -0.0005     0.0001    26.7051    26.7047     55.471     55.603    1478.44    1478.44     6.3146     6.4125    92.9800    94.4220  0.000e+00
      26800     56.500     7.0017     7.0013    3.44910    3.44890          1     3.5286     3.2895      22.53      0.542     0.5158     0.2812  1.000e-12  1.3301000    34.0966    34.0948    -0.0018    -0.0004    26.7069    26.7055     55.966     56.099    1478.46    1478.46     6.3159     6.4171    93.0030    94.4910  0.000e+00
      26827     57.000     7.0017     7.0015    3.44915    3.44899          1     3.5282     3.2895      22.04      0.426     0.5088     0.2618  1.000e-12  1.4609000    34.0969    34.0953    -0.0016    -0.0002    26.7071    26.7059     56.461     56.595    1478.47    1478.47     6.3131     6.4189    92.9630    94.5190  0.000e+00
      26860     57.500     7.0013     7.0012    3.44908    3.44896          1     3.5270     3.2892      21.45      0.396     0.4925     0.2647  1.000e-12  1.3511000    34.0963    34.0950    -0.0013    -0.0001    26.7067    26.7057     56.957     57.091    1478.48    1478.47     6.3119     6.4150    92.9430    94.4610  0.000e+00
      26907     58.000     7.0014     7.0013    3.44915    3.44900          1     3.5267     3.2887      20.90      0.214     0.4691     0.2950  1.000e-12  1.2552000    34.0966    34.0951    -0.0015    -0.0001    26.7070    26.7058     57.452     57.587    1478.48    1478.48     6.3130     6.4214    92.9610    94.5550  0.000e+00
      26930     58.500     7.0020     7.0016    3.44934    3.44916          1     3.5263     3.2894      20.57      0.372     0.4681     0.2394  1.000e-12  1.2535000    34.0980    34.0964    -0.0016    -0.0004    26.7080    26.7068     57.947     58.083    1478.50    1478.49     6.3107     6.4158    92.9280    94.4740  0.000e+00
      26947     59.000     7.0023     7.0020    3.44946    3.44927          1     3.5259     3.2883      20.17      0.566     0.4889     0.3002  1.000e-12  1.2699000    34.0987    34.0970    -0.0017    -0.0004    26.7084    26.7071     58.442     58.579    1478.51    1478.50     6.3122     6.4120    92.9520    94.4190  0.000e+00
      26962     59.500     7.0026     7.0023    3.44960    3.44941          1     3.5261     3.2882      19.75      0.708     0.5202     0.3106  1.000e-12  1.3214000    34.0997    34.0979    -0.0019    -0.0003    26.7092    26.7078     58.937     59.075    1478.52    1478.51     6.3142     6.4217    92.9820    94.5640  0.000e+00
      26979     60.000     7.0027     7.0026    3.44964    3.44951          1     3.5261     3.2893      19.25      0.758     0.5133     0.3115  1.000e-12  1.3913000    34.0997    34.0985    -0.0013    -0.0002    26.7092    26.7082     59.433     59.571    1478.53    1478.52     6.3141     6.4272    92.9800    94.6450  0.000e+00
      27001     60.500     7.0029     7.0026    3.44967    3.44953          1     3.5262     3.2895      18.66      0.657     0.5019     0.2637  1.000e-12  1.3968000    34.0997    34.0985    -0.0012    -0.0003    26.7092    26.7082     59.928     60.067    1478.53    1478.53     6.3145     6.4223    92.9860    94.5730  0.000e+00
      27026     61.000     7.0032     7.0030    3.44983    3.44970          1     3.5263     3.2894      18.17      0.493     0.4837     0.2641  1.000e-12  1.3476000    34.1009    34.0997    -0.0012    -0.0002    26.7100    26.7091     60.423     60.563    1478.55    1478.54     6.3160     6.4166    93.0110    94.4900  0.000e+00
      27050     61.500     7.0032     7.0031    3.44987    3.44977          1     3.5265     3.2882      17.65      0.481     0.4733     0.3279  1.000e-12  1.2880000    34.1011    34.1000    -0.0011    -0.0001    26.7102    26.7094     60.918     61.059    1478.55    1478.55     6.3165     6.4087    93.0180    94.3750  0.000e+00
      27071     62.000     7.0035     7.0032    3.45000    3.44986          1     3.5264     3.2873      17.15      0.537     0.4774     0.2942  1.000e-12  1.3661000    34.1020    34.1007    -0.0014    -0.0002    26.7109    26.7099     61.413     61.555    1478.56    1478.56     6.3149     6.4107    92.9950    94.4050  0.000e+00
      27093     62.500     7.0040     7.0039    3.45026    3.45019          1     3.5263     3.2870      16.60      0.565     0.4865     0.2756  1.000e-12  1.4708000    34.1041    34.1034    -0.0006    -0.0001    26.7124    26.7120     61.909     62.051    1478.58    1478.58     6.3156     6.4152    93.0090    94.4750  0.000e+00
      27117     63.000     7.0044     7.0045    3.45051    3.45052          1     3.5261     3.2870      16.08      0.530     0.4849     0.2700  1.000e-12  1.3683000    34.1062    34.1062     0.0000     0.0001    26.7140    26.7141     62.404     62.547    1478.59    1478.59     6.3145     6.4168    92.9950    94.5010  0.000e+00
      27141     63.500     7.0048     7.0045    3.45074    3.45055          1     3.5258     3.2870      15.58      0.492     0.4855     0.2957  1.000e-12  1.4159000    34.1081    34.1062    -0.0018    -0.0003    26.7155    26.7141     62.899     63.043    1478.60    1478.60     6.3140     6.4168    92.9890    94.5010  0.000e+00
      27168     64.000     7.0049     7.0047    3.45079    3.45066          1     3.5254     3.2869      15.08      0.474     0.4814     0.3300  1.000e-12  1.4722000    34.1084    34.1071    -0.0013    -0.0002    26.7157    26.7147     63.394     63.539    1478.61    1478.61     6.3131     6.4135    92.9760    94.4530  0.000e+00
      27205     64.500     7.0050     7.0048    3.45094    3.45076          1     3.5250     3.2858      14.55      0.336     0.4798     0.3088  1.000e-12  1.2251000    34.1096    34.1077    -0.0019    -0.0002    26.7167    26.7152     63.889     64.035    1478.62    1478.62     6.3125     6.4094    92.9680    94.3940  0.000e+00
      27235     65.000     7.0053     7.0050    3.45106    3.45085          1     3.5245     3.2849      14.13      0.348     0.4852     0.2395  1.000e-12  1.2756000    34.1103    34.1084    -0.0020    -0.0003    26.7172    26.7157     64.385     64.531    1478.63    1478.63     6.3136     6.4087    92.9860    94.3840  0.000e+00
      27255     65.500     7.0057     7.0055    3.45135    3.45122          1     3.5249     3.2847      13.72      0.490     0.5077     0.2696  1.000e-12  1.4604000    34.1129    34.1116    -0.0013    -0.0002    26.7191    26.7182     64.880     65.027    1478.64    1478.64     6.3170     6.4113    93.0380    94.4250  0.000e+00
      27272     66.000     7.0060     7.0056    3.45145    3.45126          1     3.5252     3.2849      13.27      0.617     0.5086     0.2929  1.000e-12  1.4134000    34.1135    34.1118    -0.0018    -0.0003    26.7196    26.7183     65.375     65.523    1478.65    1478.65     6.3142     6.4140    92.9980    94.4660  0.000e+00
      27289     66.500     7.0059     7.0057    3.45148    3.45129          1     3.5246     3.2847      12.79      0.695     0.5100     0.3347  1.000e-12  1.3662000    34.1136    34.1117    -0.0019    -0.0003    26.7197    26.7182     65.870     66.019    1478.66    1478.66     6.3123     6.4127    92.9700    94.4470  0.000e+00
      27305     67.000     7.0061     7.0058    3.45150    3.45141          1     3.5245     3.2847      12.30      0.726     0.5131     0.2773  1.000e-12  1.4014000    34.1134    34.1126    -0.0008    -0.0002    26.7195    26.7189     66.365     66.515    1478.67    1478.67     6.3154     6.4126    93.0150    94.4460  0.000e+00
      27323     67.500     7.0064     7.0062    3.45167    3.45155          1     3.5247     3.2846      11.78      0.721     0.5166     0.2546  1.000e-12  1.6531000    34.1147    34.1136    -0.0011    -0.0002    26.7205    26.7197     66.860     67.011    1478.68    1478.68     6.3141     6.4132    92.9980    94.4560  0.000e+00
      27346     68.000     7.0077     7.0073    3.45241    3.45216          1     3.5239     3.2846      11.17      0.610     0.5165     0.2464  1.000e-12  1.7237000    34.1213    34.1189    -0.0023    -0.0004    26.7255    26.7237     67.356     67.507    1478.70    1478.70     6.3096     6.4133    92.9380    94.4640  0.000e+00
      27387     68.500     7.0077     7.0078    3.45249    3.45236          1     3.5226     3.2839      10.52      0.306     0.4909     0.2372  1.000e-12  1.4187000    34.1219    34.1205    -0.0014     0.0001    26.7260    26.7249     67.851     68.003    1478.71    1478.71     6.3092     6.4061    92.9330    94.3590  0.000e+00
      27424     69.000     7.0080     7.0074    3.45258    3.45225          1     3.5225     3.2824      10.11      0.293     0.4789     0.2484  1.000e-12  1.2923000    34.1224    34.1194    -0.0030    -0.0005    26.7264    26.7240     68.346     68.499    1478.72    1478.72     6.3131     6.4023    92.9920    94.3030  0.000e+00
      27446     69.500     7.0090     7.0087    3.45308    3.45298          1     3.5232     3.2822       9.71      0.444     0.5061     0.2694  1.000e-12  1.3917000    34.1267    34.1258    -0.0008    -0.0002    26.7296    26.7289     68.841     68.995    1478.74    1478.74     6.3143     6.4078    93.0130    94.3900  0.000e+00
      27464     70.000     7.0091     7.0089    3.45317    3.45308          1     3.5229     3.2821       9.29      0.583     0.5204     0.2688  1.000e-12  1.4487000    34.1273    34.1264    -0.0009    -0.0001    26.7301    26.7294     69.336     69.491    1478.75    1478.75     6.3122     6.4084    92.9840    94.3990  0.000e+00
      27480     70.500     7.0094     7.0092    3.45336    3.45321          1     3.5230     3.2821       8.83      0.685     0.5096     0.2579  1.000e-12  1.4762000    34.1287    34.1273    -0.0014    -0.0002    26.7311    26.7301     69.832     69.987    1478.76    1478.76     6.3136     6.4086    93.0050    94.4030  0.000e+00
      27497     71.000     7.0089     7.0094    3.45308    3.45328          1     3.5231     3.2820       8.35      0.728     0.5249     0.2214  1.000e-12  1.6495000    34.1260    34.1277     0.0017     0.0005    26.7291    26.7303     70.327     70.483    1478.76    1478.77     6.3123     6.4092    92.9840    94.4130  0.000e+00
      27519     71.500     7.0083     7.0090    3.45274    3.45312          1     3.5225     3.2821       7.78      0.649     0.5189     0.2566  1.000e-12  1.6856000    34.1226    34.1261     0.0035     0.0007    26.7265    26.7291     70.822     70.979    1478.76    1478.77     6.3110     6.4104    92.9610    94.4290  0.000e+00
      27550     72.000     7.0081     7.0080    3.45268    3.45253          1     3.5217     3.2822       7.13      0.435     0.5103     0.3146  1.000e-12  1.5815000    34.1219    34.1204    -0.0015    -0.0001    26.7259    26.7248     71.317     71.475    1478.77    1478.77     6.3089     6.4111    92.9290    94.4340  0.000e+00
      27586     72.500     7.0078     7.0074    3.45254    3.45221          1     3.5215     3.2821       6.61      0.322     0.5019     0.3005  1.000e-12  1.5166000    34.1204    34.1172    -0.0031    -0.0005    26.7248    26.7223     71.812     71.971    1478.78    1478.77     6.3124     6.4110    92.9790    94.4290  0.000e+00
      27613     73.000     7.0093     7.0087    3.45331    3.45300          1     3.5214     3.2822       6.17      0.393     0.5074     0.3184  1.000e-12  1.7506000    34.1271    34.1244    -0.0027    -0.0006    26.7298    26.7278     72.307     72.467    1478.80    1478.79     6.3105     6.4118    92.9590    94.4470  0.000e+00
      27640     73.500     7.0096     7.0089    3.45350    3.45298          1     3.5208     3.2823       5.71      0.471     0.5031     0.2767  1.000e-12  1.5599000    34.1287    34.1237    -0.0050    -0.0008    26.7310    26.7272     72.803     72.963    1478.81    1478.80     6.3075     6.4153    92.9160    94.5000  0.000e+00
      27683     74.000     7.0095     7.0093    3.45349    3.45321          1     3.5200     3.2827       5.13      0.285     0.4976     0.2983  1.000e-12  1.4558000    34.1284    34.1255    -0.0029    -0.0002    26.7309    26.7286     73.298     73.459    1478.82    1478.81     6.3076     6.4109    92.9170    94.4370  0.000e+00
      27722     74.500     7.0109     7.0111    3.45406    3.45410          1     3.5198     3.2820       4.70      0.287     0.4948     0.2977  1.000e-12  1.4626000    34.1331    34.1333     0.0003     0.0002    26.7344    26.7345     73.793     73.955    1478.84    1478.84     6.3084     6.4080    92.9340    94.4020  0.000e+00
