ctdpy/tests/etc/exprapp_feb_2020/SBE09_1387_20200208_1351_77_10_0127.cnv
* Sea-Bird SBE 9 Data File:
* FileName = L:\2020\sv20d0127.hex
* Software Version Seasave V 7.26.7.121
* Temperature SN = 6378
* Conductivity SN = 4824
* Number of Bytes Per Scan = 41
* Number of Voltage Words = 4
* Number of Scans Averaged by the Deck Unit = 1
* NMEA Latitude = 55 18.77 N
* NMEA Longitude = 014 29.85 E
* NMEA UTC (Time) = Feb 08 2020  13:51:34
* NMEA baud rate = 4800
** Station:  BY3
** Operator:  SSip
** Ship: SVEA
** Average sound velocity: 1448.36 m/s
** True-depth calculation Sat, 08 Feb 2020 15:23:41 +0000
** CTD Python Module SMHI /ver 3-12/ feb 2012 
** LIMS Job: 20207710-0127
** Cruise: SMHI-03-2020
** Latitude [GG MM.mm N] :
** Longitude [GGG MM.mm E]:
# nquan = 30
# nvalues = 87                          
# units = specified
# name 0 = scan: Scan Count
# name 1 = prDM: Pressure, Digiquartz [db]
# name 2 = t090C: Temperature [ITS-90, deg C]
# name 3 = t190C: Temperature, 2 [ITS-90, deg C]
# name 4 = c0S/m: Conductivity [S/m]
# name 5 = c1S/m: Conductivity, 2 [S/m]
# name 6 = pumps: Pump Status
# name 7 = sbeox0V: Oxygen raw, SBE 43 [V]
# name 8 = sbeox1V: Oxygen raw, SBE 43, 2 [V]
# name 9 = altM: Altimeter [m]
# name 10 = dz/dtM: Descent Rate [m/s]
# name 11 = flECO-AFL: Chl-a Fluorescence, WET Labs ECO-AFL/FL [mg/m^3]
# name 12 = flECO-AFL1: Phycocyanin Fluorescence, WET Labs ECO-AFL/FL, 2 [mg/m^3]
# name 13 = par: PAR/Irradiance, Biospherical/Lico [µE/(cm^2*s)]
# name 14 = turbWETntu0: Turbidity, WET Labs ECO [NTU]
# name 15 = sal00: Salinity, Practical [PSU]
# name 16 = sal11: Salinity, Practical, 2 [PSU]
# name 17 = secS-priS: Salinity, Practical, Difference, 2 - 1 [PSU]
# name 18 = T2-T190C: Temperature Difference, 2 - 1 [ITS-90, deg C]
# name 19 = sigma-t00: Density [sigma-t, kg/m^3 ]
# name 20 = sigma-t11: Density, 2 [sigma-t, kg/m^3 ]
# name 21 = depSM: Depth [salt water, m], lat = 55.3128
# name 22 = depFM: Depth [true depth, m], lat = 55.3128
# name 23 = svCM: Sound Velocity [Chen-Millero, m/s]
# name 24 = svCM1: Sound Velocity, 2 [Chen-Millero, m/s]
# name 25 = sbeox0ML/L: Oxygen, SBE 43 [ml/l], WS = 2
# name 26 = sbeox1ML/L: Oxygen, SBE 43, 2 [ml/l], WS = 2
# name 27 = sbeox0PS: Oxygen, SBE 43 [% saturation], WS = 2
# name 28 = sbeox1PS: Oxygen, SBE 43, 2 [% saturation], WS = 2
# name 29 = flag: flag
# span 0 =      49697,      52423       
# span 1 =      2.000,     45.000       
# span 2 =     5.7228,     9.3289       
# span 3 =     5.7228,     9.3222       
# span 4 =   0.887904,   1.625968       
# span 5 =   0.887964,   1.631133       
# span 6 =          1,          1       
# span 7 =     2.3240,     3.5671       
# span 8 =     2.2003,     3.3259       
# span 9 =       1.20,       2.94       
# span 10 =     -0.074,      0.626      
# span 11 =     0.2973,     0.7484      
# span 12 =    -0.3243,    62.1897      
# span 13 = 1.0000e-12, 1.8703e+02      
# span 14 =     0.1449,    23.4675      
# span 15 =     8.0748,    14.9394      
# span 16 =     8.0754,    14.9725      
# span 17 =    -0.0249,     0.1194      
# span 18 =    -0.0493,     0.0832      
# span 19 =     6.3510,    11.6448      
# span 20 =     6.3515,    11.6662      
# span 21 =      1.982,     44.588      
# span 22 =      2.024,     45.471      
# span 23 =    1439.73,    1460.94      
# span 24 =    1439.74,    1460.91      
# span 25 =     3.7111,     7.8085      
# span 26 =     3.5790,     7.9447      
# span 27 =     49.959,     93.909      
# span 28 =     47.548,     95.548      
# span 29 = 0.0000e+00, 0.0000e+00      
# interval = decibars: 0.5              
# start_time = Feb 08 2020 13:51:34 [NMEA time, first data scan]
# bad_flag = -9.990e-29
*END*
      49697      2.000     5.7228     5.7228    0.88794    0.88804          1     3.5671     3.3259       1.39     -0.074     0.7029    26.4161  1.870e+02  0.1449000     8.0757     8.0765     0.0009     0.0001     6.3517     6.3524      1.982      2.024    1439.73    1439.74     7.8061     7.9447    93.8800    95.5480  0.000e+00
      49756      2.500     5.7231     5.7230    0.88802    0.88807          1     3.5653     3.3258       1.48      0.198     0.6923    25.9426  1.431e+02  0.1643000     8.0762     8.0768     0.0006    -0.0001     6.3521     6.3526      2.477      2.530    1439.74    1439.74     7.8030     7.9355    93.8440    95.4370  0.000e+00
      49796      3.000     5.7258     5.7257    0.88836    0.88845          1     3.5653     3.3250       1.49      0.302     0.7123    25.6568  1.303e+02  0.1592000     8.0789     8.0797     0.0008    -0.0000     6.3541     6.3548      2.973      3.036    1439.76    1439.77     7.8051     7.9310    93.8770    95.3920  0.000e+00
      49842      3.500     5.7250     5.7245    0.88822    0.88826          1     3.5652     3.3240       1.44      0.259     0.7414    25.3540  1.093e+02  0.1593000     8.0776     8.0781     0.0005    -0.0005     6.3532     6.3536      3.468      3.542    1439.77    1439.77     7.8066     7.9276    93.8920    95.3470  0.000e+00
      49882      4.000     5.7241     5.7238    0.88805    0.88809          1     3.5653     3.3235       1.49      0.287     0.7408    25.0142  1.006e+02  0.1616000     8.0761     8.0766     0.0005    -0.0003     6.3520     6.3524      3.964      4.048    1439.77    1439.77     7.8062     7.9325    93.8850    95.4030  0.000e+00
      49914      4.500     5.7233     5.7232    0.88790    0.88796          1     3.5653     3.3233       1.47      0.369     0.7484    24.6965  7.012e+01  0.1585000     8.0748     8.0754     0.0006    -0.0001     6.3510     6.3515      4.459      4.554    1439.77    1439.77     7.8085     7.9282    93.9090    95.3490  0.000e+00
      49951      5.000     5.7234     5.7235    0.88794    0.88801          1     3.5650     3.3226       1.51      0.340     0.7234    24.3997  6.713e+01  0.1620000     8.0750     8.0757     0.0007     0.0001     6.3512     6.3517      4.955      5.061    1439.78    1439.78     7.8043     7.9288    93.8590    95.3570  0.000e+00
      49985      5.500     5.7235     5.7235    0.88797    0.88800          1     3.5642     3.3225       1.42      0.316     0.7302    24.0967  6.321e+01  0.1509000     8.0753     8.0756     0.0003     0.0000     6.3514     6.3516      5.450      5.567    1439.79    1439.79     7.8041     7.9316    93.8570    95.3900  0.000e+00
      50008      6.000     5.7237     5.7236    0.88803    0.88809          1     3.5644     3.3225       1.51      0.453     0.7286    23.8049  4.593e+01  0.1537000     8.0757     8.0763     0.0006    -0.0001     6.3517     6.3522      5.946      6.073    1439.80    1439.80     7.8077     7.9312    93.9010    95.3860  0.000e+00
      50033      6.500     5.7240     5.7240    0.88809    0.88814          1     3.5645     3.3221       1.49      0.506     0.7159    23.5004  4.073e+01  0.1652000     8.0761     8.0766     0.0005    -0.0000     6.3520     6.3524      6.441      6.579    1439.81    1439.81     7.8080     7.9234    93.9060    95.2950  0.000e+00
      50066      7.000     5.7247     5.7241    0.88820    0.88816          1     3.5643     3.3212       1.48      0.392     0.7167    23.1311  3.367e+01  0.1692000     8.0770     8.0768    -0.0002    -0.0006     6.3527     6.3525      6.937      7.085    1439.82    1439.82     7.8033     7.9248    93.8520    95.3110  0.000e+00
      50096      7.500     5.7251     5.7245    0.88829    0.88828          1     3.5632     3.3204       1.45      0.364     0.6834    22.8589  2.585e+01  0.1537000     8.0777     8.0778     0.0000    -0.0007     6.3532     6.3533      7.432      7.591    1439.83    1439.83     7.8009     7.9192    93.8240    95.2450  0.000e+00
      50120      8.000     5.7271     5.7265    0.88863    0.88865          1     3.5628     3.3201       1.48      0.455     0.6871    22.5583  2.448e+01  0.1642000     8.0805     8.0808     0.0003    -0.0006     6.3553     6.3555      7.928      8.097    1439.85    1439.85     7.8003     7.9247    93.8230    95.3180  0.000e+00
      50142      8.500     5.7273     5.7269    0.88870    0.88870          1     3.5624     3.3200       1.52      0.527     0.6989    22.2419  2.332e+01  0.1652000     8.0811     8.0811     0.0001    -0.0004     6.3558     6.3558      8.423      8.603    1439.86    1439.86     7.8015     7.9219    93.8380    95.2860  0.000e+00
      50168      9.000     5.7273     5.7272    0.88873    0.88878          1     3.5624     3.3193       1.51      0.502     0.7013    21.8908  2.001e+01  0.1737000     8.0813     8.0818     0.0005    -0.0001     6.3559     6.3563      8.918      9.109    1439.87    1439.87     7.8026     7.9187    93.8510    95.2480  0.000e+00
      50201      9.500     5.7284     5.7287    0.88897    0.88909          1     3.5618     3.3186       1.50      0.376     0.7006    21.5341  1.798e+01  0.1663000     8.0833     8.0844     0.0011     0.0003     6.3574     6.3583      9.414      9.615    1439.89    1439.89     7.7921     7.9111    93.7290    95.1620  0.000e+00
      50229     10.000     5.7303     5.7305    0.88944    0.88959          1     3.5592     3.3168       1.54      0.394     0.6911    21.3160  1.547e+01  0.1675000     8.0874     8.0888     0.0015     0.0002     6.3605     6.3617      9.909     10.121    1439.91    1439.91     7.7765     7.8982    93.5480    95.0140  0.000e+00
      50250     10.500     5.7372     5.7403    0.89112    0.89202          1     3.5562     3.3152       1.51      0.502     0.6946    21.0650  1.287e+01  0.1667000     8.1021     8.1102     0.0081     0.0032     6.3718     6.3780     10.405     10.627    1439.96    1439.99     7.7673     7.8895    93.4630    94.9460  0.000e+00
      50272     11.000     5.7521     5.7538    0.89453    0.89518          1     3.5541     3.3135       1.52      0.553     0.6830    20.7631  1.182e+01  0.1703000     8.1318     8.1378     0.0059     0.0017     6.3945     6.3991     10.900     11.133    1440.07    1440.09     7.7618     7.8776    93.4500    94.8520  0.000e+00
      50301     11.500     5.7557     5.7574    0.89561    0.89610          1     3.5507     3.3089       1.45      0.470     0.6625    20.3281  1.050e+01  0.1703000     8.1414     8.1458     0.0044     0.0017     6.4019     6.4053     11.396     11.639    1440.11    1440.12     7.7273     7.8171    93.0500    94.1370  0.000e+00
      50338     12.000     5.7741     5.7965    0.89991    0.90482          1     3.5357     3.2951       1.48      0.322     0.6380    19.9992  9.278e+00  0.1610000     8.1790     8.2215     0.0425     0.0224     6.4305     6.4629     11.891     12.145    1440.24    1440.39     7.6466     7.7306    92.1420    93.2330  0.000e+00
      50368     12.500     5.8422     5.8579    0.91413    0.91728          1     3.5223     3.2840       1.45      0.367     0.6250    19.7634  8.628e+00  0.1540000     8.3012     8.3282     0.0269     0.0157     6.5233     6.5437     12.387     12.651    1440.70    1440.80     7.6034     7.6976    91.8520    93.0440  0.000e+00
      50392     13.000     5.8659     5.8662    0.91857    0.91873          1     3.5145     3.2772       1.44      0.466     0.6368    19.3861  7.488e+00  0.1703000     8.3387     8.3402     0.0015     0.0003     6.5516     6.5528     12.882     13.157    1440.86    1440.86     7.5929     7.6981    91.8020    93.0760  0.000e+00
      50415     13.500     5.8803     5.8797    0.92033    0.92029          1     3.5095     3.2727       1.41      0.516     0.6108    19.0244  6.547e+00  0.1703000     8.3524     8.3521    -0.0002    -0.0006     6.5616     6.5614     13.377     13.663    1440.94    1440.94     7.5945     7.7004    91.8630    93.1420  0.000e+00
      50441     14.000     5.8802     5.8831    0.92048    0.92100          1     3.5069     3.2691       1.45      0.486     0.6107    18.7568  5.929e+00  0.1873000     8.3538     8.3581     0.0043     0.0030     6.5627     6.5659     13.873     14.169    1440.95    1440.97     7.5844     7.6823    91.7410    92.9360  0.000e+00
      50471     14.500     5.8827     5.8929    0.92107    0.92295          1     3.4989     3.2612       1.50      0.416     0.6086    18.4220  5.629e+00  0.1745000     8.3588     8.3746     0.0158     0.0102     6.5666     6.5785     14.368     14.675    1440.98    1441.04     7.5455     7.6365    91.2790    92.4130  0.000e+00
      50501     15.000     5.9118     5.9258    0.92600    0.92819          1     3.4911     3.2543       1.43      0.391     0.5950    18.1421  5.214e+00  0.1702000     8.3997     8.4176     0.0180     0.0140     6.5971     6.6105     14.864     15.181    1441.16    1441.24     7.4951     7.5967    90.7610    92.0330  0.000e+00
      50526     15.500     5.9578     5.9618    0.93360    0.93446          1     3.4733     3.2421       1.49      0.446     0.5797    17.8397  4.522e+00  0.1704000     8.4624     8.4698     0.0074     0.0040     6.6440     6.6497     15.359     15.687    1441.44    1441.47     7.3413     7.4359    89.0360    90.1970  0.000e+00
      50548     16.000     5.9782     5.9771    0.93837    0.93849          1     3.4448     3.2204       1.43      0.512     0.5693    17.5314  3.834e+00  0.1704000     8.5038     8.5053     0.0015    -0.0011     6.6755     6.6767     15.855     16.193    1441.59    1441.59     7.2377     7.2995    87.8490    88.5970  0.000e+00
      50569     16.500     6.0916     6.0902    0.95237    0.95228          1     3.4220     3.1979       1.41      0.555     0.5551    17.2169  3.510e+00  0.1737000     8.6115     8.6110    -0.0005    -0.0014     6.7538     6.7535     16.350     16.699    1442.22    1442.21     7.1858     7.2171    87.5270    87.9050  0.000e+00
      50594     17.000     6.2217     6.2172    0.97177    0.97114          1     3.4007     3.1748       1.45      0.527     0.5187    16.8738  3.444e+00  0.1854000     8.7669     8.7620    -0.0049    -0.0045     6.8684     6.8648     16.846     17.204    1442.98    1442.95     7.1045     7.1407    86.9050    87.3350  0.000e+00
      50624     17.500     6.2253     6.2605    0.97375    0.97913          1     3.3728     3.1487       1.45      0.420     0.4946    16.5278  3.162e+00  0.1738000     8.7852     8.8284     0.0432     0.0352     6.8827     6.9145     17.341     17.710    1443.02    1443.23     7.0172     7.0603    85.8550    86.4820  0.000e+00
      50651     18.000     6.3043     6.3164    0.98852    0.99116          1     3.3461     3.1256       1.44      0.422     0.4886    16.2713  2.779e+00  0.1745000     8.9080     8.9305     0.0225     0.0120     6.9744     6.9914     17.837     18.216    1443.52    1443.60     6.9198     6.9825    84.8980    85.7060  0.000e+00
      50675     18.500     6.3736     6.3779    1.00275    1.00384          1     3.3224     3.1057       1.41      0.482     0.4813    15.9280  2.542e+00  0.1765000     9.0278     9.0373     0.0094     0.0042     7.0644     7.0716     18.332     18.722    1443.97    1444.00     6.8539     6.9106    84.3000    85.0120  0.000e+00
      50700     19.000     6.4400     6.4407    1.01797    1.01793          1     3.3008     3.0827       1.37      0.488     0.4736    15.6060  2.345e+00  0.1823000     9.1578     9.1572    -0.0006     0.0007     7.1624     7.1618     18.827     19.227    1444.43    1444.43     6.7768     6.7710    83.5600    83.4890  0.000e+00
      50728     19.500     6.4894     6.5091    1.02917    1.03319          1     3.2717     3.0477       1.36      0.442     0.4582    15.2649  2.151e+00  0.1821000     9.2530     9.2866     0.0337     0.0197     7.2340     7.2591     19.323     19.733    1444.76    1444.89     6.6481     6.5968    82.1240    81.5480  0.000e+00
      50759     20.000     6.5711     6.6544    1.04615    1.06086          1     3.2319     3.0097       1.35      0.405     0.4393    14.9672  2.004e+00  0.1763000     9.3951     9.5145     0.1194     0.0832     7.3403     7.4285     19.818     20.239    1445.29    1445.79     6.5112     6.5019    80.6690    80.7830  0.000e+00
      50790     20.500     6.7043     6.7566    1.06860    1.07641          1     3.1963     2.9816       1.31      0.376     0.4147    14.6658  1.833e+00  0.1723000     9.5755     9.6363     0.0608     0.0523     7.4729     7.5170     20.314     20.744    1446.09    1446.38     6.4274     6.4798    79.9860    80.7750  0.000e+00
      50818     21.000     6.7718     6.7787    1.07840    1.07952          1     3.1702     2.9618       1.36      0.408     0.4322    14.3634  1.630e+00  0.1833000     9.6512     9.6600     0.0088     0.0069     7.5277     7.5341     20.809     21.250    1446.47    1446.51     6.3368     6.4007    79.0290    79.8440  0.000e+00
      50843     21.500     6.7971     6.7990    1.08182    1.08193          1     3.1417     2.9382       1.36      0.460     0.4094    14.0293  1.475e+00  0.1813000     9.6770     9.6775     0.0005     0.0019     7.5462     7.5464     21.304     21.755    1446.62    1446.63     6.2360     6.2840    77.8320    78.4360  0.000e+00
      50869     22.000     6.8728     6.8760    1.10027    1.10054          1     3.1109     2.9116       1.42      0.478     0.4000    13.7117  1.366e+00  0.1797000     9.8334     9.8352     0.0017     0.0033     7.6635     7.6647     21.800     22.261    1447.14    1447.15     6.1217     6.1589    76.6260    77.0980  0.000e+00
      50895     22.500     6.9653     6.9761    1.12692    1.12941          1     3.0756     2.8801       1.43      0.463     0.3970    13.4296  1.247e+00  0.1886000    10.0637    10.0846     0.0209     0.0108     7.8375     7.8531     22.295     22.766    1447.82    1447.89     5.9944     6.0219    75.3160    75.6920  0.000e+00
      50919     23.000     7.0412     7.0431    1.14595    1.14630          1     3.0424     2.8506       1.43      0.478     0.3812    13.1259  1.131e+00  0.1884000    10.2247    10.2276     0.0029     0.0018     7.9581     7.9602     22.791     23.271    1448.34    1448.35     5.8906     5.9223    74.2260    74.6310  0.000e+00
      50944     23.500     7.1481     7.1569    1.16716    1.16839          1     3.0081     2.8193       1.30      0.488     0.3723    12.7791  1.018e+00  0.1908000    10.3970    10.4062     0.0092     0.0088     8.0850     8.0916     23.286     23.776    1449.01    1449.06     5.7700     5.7817    72.9780    73.1460  0.000e+00
      50970     24.000     7.2004     7.2042    1.18077    1.18163          1     2.9697     2.7830       1.35      0.474     0.3654    12.4431  9.267e-01  0.1950000    10.5120    10.5191     0.0071     0.0038     8.1711     8.1763     23.782     24.282    1449.37    1449.40     5.6524     5.6567    71.6340    71.6990  0.000e+00
      50995     24.500     7.2994     7.3246    1.20764    1.21430          1     2.9347     2.7501       1.32      0.471     0.3706    12.1516  8.659e-01  0.1925000    10.7400    10.7962     0.0562     0.0252     8.3420     8.3840     24.277     24.787    1450.07    1450.25     5.5757     5.5918    70.9380    71.2130  0.000e+00
      51019     25.000     7.3987     7.4159    1.23372    1.23831          1     2.9109     2.7272       1.32      0.493     0.3545    11.8506  7.954e-01  0.1884000    10.9595    10.9981     0.0386     0.0173     8.5058     8.5346     24.772     25.292    1450.76    1450.88     5.5459     5.5800    70.8300    71.3140  0.000e+00
      51044     25.500     7.4343     7.4382    1.24305    1.24399          1     2.8954     2.7099       1.35      0.490     0.3379    11.5099  7.199e-01  0.1910000    11.0377    11.0455     0.0078     0.0039     8.5642     8.5699     25.268     25.797    1451.01    1451.04     5.5273     5.5776    70.6880    71.3430  0.000e+00
