ctdpy/tests/etc/exprapp_feb_2020/SBE09_1387_20200206_1704_77_10_0116.cnv
* Sea-Bird SBE 9 Data File:
* FileName = L:\2020\sv20d0116.hex
* Software Version Seasave V 7.26.7.121
* Temperature SN = 6378
* Conductivity SN = 4824
* Number of Bytes Per Scan = 41
* Number of Voltage Words = 4
* Number of Scans Averaged by the Deck Unit = 1
* NMEA Latitude = 58 17.70 N
* NMEA Longitude = 010 50.65 E
* NMEA UTC (Time) = Feb 06 2020  17:04:21
* NMEA baud rate = 4800
** Station:  Å15
** Operator:  DBSj
** Ship: SVEA
** Average sound velocity: 1480.09 m/s
** True-depth calculation Thu, 06 Feb 2020 18:20:22 +0000
** CTD Python Module SMHI /ver 3-12/ feb 2012 
** LIMS Job: 20207710-0116
** Cruise: SMHI-03-2020
** Latitude [GG MM.mm N] :
** Longitude [GGG MM.mm E]:
# nquan = 30
# nvalues = 267                         
# units = specified
# name 0 = scan: Scan Count
# name 1 = prDM: Pressure, Digiquartz [db]
# name 2 = t090C: Temperature [ITS-90, deg C]
# name 3 = t190C: Temperature, 2 [ITS-90, deg C]
# name 4 = c0S/m: Conductivity [S/m]
# name 5 = c1S/m: Conductivity, 2 [S/m]
# name 6 = pumps: Pump Status
# name 7 = sbeox0V: Oxygen raw, SBE 43 [V]
# name 8 = sbeox1V: Oxygen raw, SBE 43, 2 [V]
# name 9 = altM: Altimeter [m]
# name 10 = dz/dtM: Descent Rate [m/s]
# name 11 = flECO-AFL: Chl-a Fluorescence, WET Labs ECO-AFL/FL [mg/m^3]
# name 12 = flECO-AFL1: Phycocyanin Fluorescence, WET Labs ECO-AFL/FL, 2 [mg/m^3]
# name 13 = par: PAR/Irradiance, Biospherical/Lico [µE/(cm^2*s)]
# name 14 = turbWETntu0: Turbidity, WET Labs ECO [NTU]
# name 15 = sal00: Salinity, Practical [PSU]
# name 16 = sal11: Salinity, Practical, 2 [PSU]
# name 17 = secS-priS: Salinity, Practical, Difference, 2 - 1 [PSU]
# name 18 = T2-T190C: Temperature Difference, 2 - 1 [ITS-90, deg C]
# name 19 = sigma-t00: Density [sigma-t, kg/m^3 ]
# name 20 = sigma-t11: Density, 2 [sigma-t, kg/m^3 ]
# name 21 = depSM: Depth [salt water, m], lat = 58.295
# name 22 = depFM: Depth [true depth, m], lat = 58.295
# name 23 = svCM: Sound Velocity [Chen-Millero, m/s]
# name 24 = svCM1: Sound Velocity, 2 [Chen-Millero, m/s]
# name 25 = sbeox0ML/L: Oxygen, SBE 43 [ml/l], WS = 2
# name 26 = sbeox1ML/L: Oxygen, SBE 43, 2 [ml/l], WS = 2
# name 27 = sbeox0PS: Oxygen, SBE 43 [% saturation], WS = 2
# name 28 = sbeox1PS: Oxygen, SBE 43, 2 [% saturation], WS = 2
# name 29 = flag: flag
# span 0 =      39037,      46078       
# span 1 =      1.500,    134.500       
# span 2 =     6.2265,     7.5706       
# span 3 =     6.2258,     7.5637       
# span 4 =   3.245719,   3.575040       
# span 5 =   3.245539,   3.574877       
# span 6 =          1,          1       
# span 7 =     3.4970,     3.5934       
# span 8 =     3.2567,     3.3438       
# span 9 =       2.18,     100.08       
# span 10 =     -0.110,      0.778      
# span 11 =     0.3013,     0.9121      
# span 12 =     0.1599,     0.3503      
# span 13 = -2.268e-06, 1.6227e+00      
# span 14 =     0.2498,     1.9434      
# span 15 =    32.6270,    34.9658      
# span 16 =    32.6259,    34.9643      
# span 17 =    -0.0300,     0.0483      
# span 18 =    -0.0185,     0.0198      
# span 19 =    25.6498,    27.3250      
# span 20 =    25.6490,    27.3239      
# span 21 =      1.486,    133.207      
# span 22 =      1.490,    133.391      
# span 23 =    1472.74,    1482.64      
# span 24 =    1472.72,    1482.63      
# span 25 =     6.1186,     6.6067      
# span 26 =     6.1931,     6.7075      
# span 27 =     91.350,     94.634      
# span 28 =     92.225,     96.092      
# span 29 = 0.0000e+00, 0.0000e+00      
# interval = decibars: 0.5              
# start_time = Feb 06 2020 17:04:22 [NMEA time, first data scan]
# bad_flag = -9.990e-29
*END*
[from data line 242]
      44994    122.500     7.4617     7.4614    3.57326    3.57311          1     3.5031     3.2641      14.45      0.449     0.3254     0.2208  1.000e-12  1.2936000    34.9621    34.9607    -0.0014    -0.0004    27.3234    27.3224    121.326    121.493    1482.40    1482.39     6.2020     6.3013    92.8150    94.3010  0.000e+00
      45011    123.000     7.4618     7.4616    3.57331    3.57314          1     3.5027     3.2640      14.03      0.617     0.3472     0.1884  1.000e-12  1.3713000    34.9622    34.9606    -0.0015    -0.0002    27.3235    27.3223    121.821    121.989    1482.41    1482.40     6.2025     6.3000    92.8240    94.2800  0.000e+00
      45027    123.500     7.4620     7.4618    3.57336    3.57321          1     3.5025     3.2640      13.58      0.720     0.3401     0.1623  1.000e-12  1.4021000    34.9623    34.9609    -0.0015    -0.0001    27.3236    27.3225    122.316    122.485    1482.41    1482.41     6.2061     6.2964    92.8770    94.2280  0.000e+00
      45046    124.000     7.4631     7.4632    3.57350    3.57341          1     3.5033     3.2632      13.05      0.717     0.3337     0.1945  1.000e-12  1.4444000    34.9626    34.9614    -0.0012     0.0001    27.3236    27.3227    122.811    122.980    1482.43    1482.43     6.2078     6.2885    92.9060    94.1130  0.000e+00
      45072    124.500     7.4637     7.4641    3.57362    3.57355          1     3.5031     3.2616      12.50      0.552     0.3303     0.2276  1.000e-12  1.5285000    34.9629    34.9617    -0.0012     0.0004    27.3238    27.3228    123.306    123.476    1482.44    1482.44     6.2061     6.2841    92.8810    94.0490  0.000e+00
      45112    125.000     7.4640     7.4642    3.57369    3.57357          1     3.5032     3.2603      11.82      0.300     0.3137     0.2155  1.000e-12  1.4257000    34.9631    34.9616    -0.0015     0.0002    27.3239    27.3227    123.801    123.972    1482.45    1482.44     6.2066     6.2909    92.8900    94.1510  0.000e+00
      45147    125.500     7.4646     7.4646    3.57378    3.57365          1     3.5030     3.2603      11.38      0.311     0.3113     0.1904  1.000e-12  1.6002000    34.9633    34.9619    -0.0014     0.0000    27.3240    27.3228    124.296    124.468    1482.46    1482.46     6.2051     6.2931    92.8690    94.1840  0.000e+00
      45168    126.000     7.4650     7.4648    3.57387    3.57371          1     3.5027     3.2603      10.98      0.454     0.3137     0.1957  1.000e-12  1.8258000    34.9636    34.9621    -0.0015    -0.0002    27.3242    27.3230    124.791    124.963    1482.47    1482.47     6.2034     6.2927    92.8440    94.1790  0.000e+00
      45185    126.500     7.4648     7.4647    3.57387    3.57374          1     3.5021     3.2603      10.60      0.591     0.3337     0.2401  1.000e-12  1.8743000    34.9635    34.9622    -0.0013    -0.0001    27.3241    27.3231    125.286    125.459    1482.48    1482.47     6.2021     6.2937    92.8250    94.1950  0.000e+00
      45200    127.000     7.4653     7.4652    3.57395    3.57381          1     3.5018     3.2604      10.14      0.708     0.3292     0.2477  1.000e-12  1.8631000    34.9637    34.9623    -0.0014    -0.0001    27.3242    27.3231    125.781    125.955    1482.49    1482.48     6.2024     6.2970    92.8310    94.2440  0.000e+00
      45216    127.500     7.4651     7.4649    3.57393    3.57378          1     3.5015     3.2608       9.63      0.778     0.3233     0.2600  1.000e-12  1.8487000    34.9635    34.9620    -0.0015    -0.0002    27.3241    27.3229    126.276    126.451    1482.49    1482.49     6.2018     6.2987    92.8200    94.2690  0.000e+00
      45236    128.000     7.4647     7.4645    3.57389    3.57374          1     3.5010     3.2610       9.07      0.709     0.3129     0.2396  1.000e-12  1.4781000    34.9632    34.9618    -0.0015    -0.0002    27.3239    27.3228    126.771    126.946    1482.50    1482.50     6.2030     6.2987    92.8380    94.2680  0.000e+00
      45286    128.500     7.4647     7.4649    3.57393    3.57381          1     3.5007     3.2600       8.34      0.269     0.3261     0.2150  1.000e-12  1.4424000    34.9633    34.9618    -0.0015     0.0002    27.3240    27.3228    127.266    127.442    1482.51    1482.51     6.2041     6.2890    92.8530    94.1240  0.000e+00
      45326    129.000     7.4647     7.4649    3.57395    3.57383          1     3.5010     3.2590       7.92      0.271     0.3285     0.2228  1.000e-12  1.4351000    34.9632    34.9618    -0.0014     0.0002    27.3239    27.3228    127.762    127.938    1482.52    1482.52     6.2065     6.2905    92.8890    94.1470  0.000e+00
      45346    129.500     7.4667     7.4669    3.57423    3.57414          1     3.5012     3.2588       7.53      0.482     0.3354     0.2411  1.000e-12  1.5531000    34.9641    34.9629    -0.0011     0.0002    27.3243    27.3233    128.257    128.433    1482.53    1482.53     6.2061     6.2903    92.8890    94.1490  0.000e+00
      45365    130.000     7.4686     7.4685    3.57449    3.57436          1     3.5013     3.2588       7.06      0.598     0.3324     0.2118  1.000e-12  1.7732000    34.9648    34.9634    -0.0013    -0.0001    27.3246    27.3235    128.752    128.929    1482.55    1482.55     6.2049     6.2906    92.8750    94.1570  0.000e+00
      45392    130.500     7.4689     7.4689    3.57456    3.57439          1     3.5009     3.2585       6.50      0.531     0.3280     0.2452  1.000e-12  1.8469000    34.9649    34.9632    -0.0017    -0.0000    27.3246    27.3233    129.247    129.425    1482.56    1482.56     6.2032     6.2894    92.8510    94.1400  0.000e+00
      45433    131.000     7.4687     7.4689    3.57457    3.57444          1     3.5000     3.2587       5.91      0.293     0.3350     0.1847  1.000e-12  1.8461000    34.9650    34.9634    -0.0016     0.0003    27.3247    27.3235    129.742    129.921    1482.57    1482.57     6.2018     6.2952    92.8290    94.2260  0.000e+00
      45477    131.500     7.4696     7.4694    3.57469    3.57452          1     3.5000     3.2586       5.40      0.276     0.3275     0.2084  1.000e-12  1.5591000    34.9652    34.9636    -0.0017    -0.0002    27.3248    27.3235    130.237    130.416    1482.58    1482.58     6.2023     6.2923    92.8380    94.1840  0.000e+00
      45524    132.000     7.4689     7.4682    3.57464    3.57441          1     3.4981     3.2592       4.91      0.250     0.3286     0.2151  1.000e-12  1.4605000    34.9651    34.9632    -0.0019    -0.0007    27.3248    27.3234    130.732    130.912    1482.58    1482.58     6.1960     6.2963    92.7430    94.2410  0.000e+00
      45555    132.500     7.4681     7.4676    3.57453    3.57435          1     3.4983     3.2591       4.49      0.350     0.3191     0.2080  1.000e-12  1.6113000    34.9645    34.9630    -0.0015    -0.0005    27.3244    27.3233    131.227    131.408    1482.59    1482.58     6.2020     6.2944    92.8300    94.2120  0.000e+00
      45582    133.000     7.4678     7.4672    3.57451    3.57430          1     3.4982     3.2591       4.03      0.436     0.3214     0.2656  1.000e-12  1.7025000    34.9642    34.9627    -0.0016    -0.0007    27.3243    27.3231    131.722    131.904    1482.60    1482.59     6.2011     6.2954    92.8160    94.2260  0.000e+00
      45622    133.500     7.4684     7.4677    3.57462    3.57439          1     3.4981     3.2591       3.96      0.364     0.3253     0.2427  1.000e-12  1.5793000    34.9646    34.9628    -0.0019    -0.0007    27.3245    27.3231    132.217    132.399    1482.61    1482.60     6.2014     6.2952    92.8220    94.2230  0.000e+00
      45752    134.000     7.4682     7.4683    3.57462    3.57449          1     3.4992     3.2581       3.01      0.145     0.3284     0.2097  1.000e-12  1.6718000    34.9646    34.9631    -0.0015     0.0001    27.3245    27.3233    132.712    132.895    1482.61    1482.61     6.2054     6.2907    92.8810    94.1580  0.000e+00
      46078    134.500     7.4713     7.4710    3.57504    3.57488          1     3.4970     3.2567       2.18      0.096     0.3551     0.2021  1.000e-12  1.9434000    34.9658    34.9643    -0.0015    -0.0003    27.3250    27.3239    133.207    133.391    1482.64    1482.63     6.1936     6.2907    92.7120    94.1640  0.000e+00
