ctdpy/tests/etc/exprapp_feb_2020/SBE09_1387_20200202_1316_77_10_0096.cnv
* Sea-Bird SBE 9 Data File:
* FileName = L:\2020\sv20d0096.hex
* Software Version Seasave V 7.26.7.121
* Temperature SN = 6378
* Conductivity SN = 4824
* Number of Bytes Per Scan = 41
* Number of Voltage Words = 4
* Number of Scans Averaged by the Deck Unit = 1
* NMEA Latitude = 58 30.15 N
* NMEA Longitude = 010 50.85 E
* NMEA UTC (Time) = Feb 02 2020  13:16:16
* NMEA baud rate = 4800
** Station:  5W Vaderoarna
** Operator:  A-KTh
** Ship: SVEA
** Average sound velocity: 1478.74 m/s
** True-depth calculation Sun, 02 Feb 2020 13:43:01 +0000
** CTD Python Module SMHI /ver 3-12/ feb 2012 
** LIMS Job: 20207710-0096
** Cruise: SMHI-02-2020
** Latitude [GG MM.mm N] :
** Longitude [GGG MM.mm E]:
# nquan = 30
# nvalues = 185                         
# units = specified
# name 0 = scan: Scan Count
# name 1 = prDM: Pressure, Digiquartz [db]
# name 2 = t090C: Temperature [ITS-90, deg C]
# name 3 = t190C: Temperature, 2 [ITS-90, deg C]
# name 4 = c0S/m: Conductivity [S/m]
# name 5 = c1S/m: Conductivity, 2 [S/m]
# name 6 = pumps: Pump Status
# name 7 = sbeox0V: Oxygen raw, SBE 43 [V]
# name 8 = sbeox1V: Oxygen raw, SBE 43, 2 [V]
# name 9 = altM: Altimeter [m]
# name 10 = dz/dtM: Descent Rate [m/s]
# name 11 = flECO-AFL: Chl-a Fluorescence, WET Labs ECO-AFL/FL [mg/m^3]
# name 12 = flECO-AFL1: Phycocyanin Fluorescence, WET Labs ECO-AFL/FL, 2 [mg/m^3]
# name 13 = par: PAR/Irradiance, Biospherical/Lico [µE/(cm^2*s)]
# name 14 = turbWETntu0: Turbidity, WET Labs ECO [NTU]
# name 15 = sal00: Salinity, Practical [PSU]
# name 16 = sal11: Salinity, Practical, 2 [PSU]
# name 17 = secS-priS: Salinity, Practical, Difference, 2 - 1 [PSU]
# name 18 = T2-T190C: Temperature Difference, 2 - 1 [ITS-90, deg C]
# name 19 = sigma-t00: Density [sigma-t, kg/m^3 ]
# name 20 = sigma-t11: Density, 2 [sigma-t, kg/m^3 ]
# name 21 = depSM: Depth [salt water, m], lat = 58.5025
# name 22 = depFM: Depth [true depth, m], lat = 58.5025
# name 23 = svCM: Sound Velocity [Chen-Millero, m/s]
# name 24 = svCM1: Sound Velocity, 2 [Chen-Millero, m/s]
# name 25 = sbeox0ML/L: Oxygen, SBE 43 [ml/l], WS = 2
# name 26 = sbeox1ML/L: Oxygen, SBE 43, 2 [ml/l], WS = 2
# name 27 = sbeox0PS: Oxygen, SBE 43 [% saturation], WS = 2
# name 28 = sbeox1PS: Oxygen, SBE 43, 2 [% saturation], WS = 2
# name 29 = flag: flag
# span 0 =      14550,      19977       
# span 1 =      3.000,     95.000       
# span 2 =     5.9685,     7.2830       
# span 3 =     5.9674,     7.2829       
# span 4 =   3.001229,   3.527020       
# span 5 =   3.001345,   3.526889       
# span 6 =          1,          1       
# span 7 =     3.5256,     3.5739       
# span 8 =     3.2847,     3.3301       
# span 9 =       3.14,     108.28       
# span 10 =     -0.279,      1.497      
# span 11 =     0.3684,     1.0903      
# span 12 =     0.1882,     0.3988      
# span 13 = -8.584e-05, 4.1331e+01      
# span 14 =     0.3562,     2.4603      
# span 15 =    30.1475,    34.6509      
# span 16 =    30.1486,    34.6497      
# span 17 =    -0.2864,     0.1286      
# span 18 =    -0.0553,     0.0239      
# span 19 =    23.7238,    27.1041      
# span 20 =    23.7246,    27.1032      
# span 21 =      2.972,     94.094      
# span 22 =      2.985,     94.246      
# span 23 =    1468.56,    1480.87      
# span 24 =    1468.55,    1480.87      
# span 25 =     6.2518,     6.7309      
# span 26 =     6.3416,     6.8368      
# span 27 =     92.371,     94.280      
# span 28 =     93.587,     95.755      
# span 29 = 0.0000e+00, 0.0000e+00      
# interval = decibars: 0.5              
# start_time = Feb 02 2020 13:16:16 [NMEA time, first data scan]
# bad_flag = -9.990e-29
*END*
      14550      3.000     5.9709     5.9688    3.00256    3.00138          1     3.5703     3.3273     108.28     -0.279     0.9977     0.3988  4.133e+01  0.4352000    30.1627    30.1515    -0.0112    -0.0021    23.7359    23.7273      2.972      2.985    1468.58    1468.55     6.7168     6.8185    94.0860    95.4980  0.000e+00
      14663      3.500     5.9712     5.9714    3.00123    3.00135          1     3.5715     3.3273      72.99      0.073     1.0504     0.2917  3.184e+01  0.5008000    30.1475    30.1486     0.0011     0.0002    23.7238    23.7246      3.467      3.482    1468.56    1468.57     6.7131     6.8191    94.0250    95.5110  0.000e+00
      14840      4.000     5.9685     5.9674    3.00271    3.00177          1     3.5739     3.3301      90.83      0.327     1.0903     0.3203  2.622e+01  0.5343000    30.1660    30.1566    -0.0093    -0.0012    23.7387    23.7315      3.963      3.980    1468.58    1468.57     6.7309     6.8368    94.2800    95.7550  0.000e+00
      14938      4.500     5.9981     6.0221    3.01873    3.03226          1     3.5736     3.3277      97.59      0.196     0.9941     0.3081  2.323e+01  0.4953000    30.3170    30.4456     0.1286     0.0239    23.8544    23.9531      4.458      4.477    1468.90    1469.16     6.6906     6.7917    93.8750    95.4280  0.000e+00
      14981      5.000     6.1393     6.1223    3.09677    3.08822          1     3.5678     3.3262      98.10      0.283     0.9506     0.3336  2.046e+01  0.4976000    31.0547    30.9755    -0.0792    -0.0171    24.4199    24.3594      4.953      4.974    1470.40    1470.24     6.6205     6.7433    93.6580    95.3060  0.000e+00
      15015      5.500     6.1841     6.1287    3.11978    3.08939          1     3.5647     3.3231      88.48      0.366     0.9258     0.2878  1.767e+01  0.5275000    31.2685    30.9821    -0.2864    -0.0553    24.5832    24.3638      5.449      5.471    1470.86    1470.28     6.6040     6.7238    93.6550    95.0490  0.000e+00
      15056      6.000     6.1879     6.1867    3.12162    3.12152          1     3.5634     3.3210      35.07      0.261     0.9288     0.3103  1.568e+01  0.5084000    31.2852    31.2853     0.0001    -0.0013    24.5958    24.5961      5.944      5.969    1470.91    1470.90     6.6129     6.7101    93.7990    95.1750  0.000e+00
      15078      6.500     6.1700     6.1709    3.11427    3.11374          1     3.5644     3.3203      72.34      0.406     0.9381     0.3127  1.288e+01  0.5239000    31.2199    31.2132    -0.0067     0.0009    24.5465    24.5411      6.439      6.466    1470.76    1470.75     6.6221     6.7179    93.8500    95.2050  0.000e+00
      15110      7.000     6.1569     6.1615    3.11208    3.11268          1     3.5664     3.3214      92.90      0.491     1.0393     0.2960  1.191e+01  0.5740000    31.2075    31.2100     0.0025     0.0046    24.5383    24.5397      6.935      6.963    1470.70    1470.72     6.6303     6.7307    93.9290    95.3640  0.000e+00
      15190      7.500     6.2455     6.2236    3.16561    3.15424          1     3.5677     3.3180      98.12      0.230     1.0021     0.3636  1.017e+01  0.5309000    31.7188    31.6131    -0.1058    -0.0219    24.9309    24.8502      7.430      7.460    1471.70    1471.48     6.5055     6.5782    92.6650    93.5870  0.000e+00
      15200      8.000     6.4190     6.4122    3.25479    3.25253          1     3.5584     3.3118      98.10      0.573     1.0066     0.3656  8.646e+00  0.5370000    32.5435    32.5250    -0.0186    -0.0068    25.5598    25.5460      7.925      7.956    1473.44    1473.39     6.4234     6.5141    92.3710    93.6490  0.000e+00
      15210      8.500     6.5065     6.5036    3.29491    3.29415          1     3.5515     3.3077      98.10      0.859     0.8996     0.3001  7.418e+00  0.5920000    32.9038    32.8981    -0.0057    -0.0029    25.8327    25.8285      8.421      8.453    1474.24    1474.22     6.4079     6.5178    92.5550    94.1340  0.000e+00
      15219      9.000     6.5651     6.5605    3.32024    3.31851          1     3.5477     3.3072      98.10      1.075     0.8164     0.2806  6.514e+00  0.6338000    33.1272    33.1126    -0.0146    -0.0047    26.0012    25.9904      8.916      8.949    1474.76    1474.73     6.4252     6.5506    93.0690    94.8650  0.000e+00
      15230      9.500     6.6477     6.6497    3.35021    3.35104          1     3.5513     3.3104      98.10      1.200     0.7982     0.2839  5.854e+00  0.6317000    33.3781    33.3853     0.0072     0.0020    26.1883    26.1937      9.411      9.446    1475.41    1475.43     6.4522     6.5757    93.7930    95.5990  0.000e+00
      15258     10.000     6.7169     6.7066    3.37110    3.36725          1     3.5591     3.3155      96.23      0.933     0.7211     0.2874  5.523e+00  0.5966000    33.5410    33.5086    -0.0324    -0.0103    26.3076    26.2833      9.907      9.942    1475.89    1475.81     6.4532     6.5620    94.0600    95.6010  0.000e+00
      15330     10.500     6.7759     6.7870    3.38513    3.38793          1     3.5552     3.3090      95.07      0.208     0.6962     0.2512  5.615e+00  0.4640000    33.6378    33.6578     0.0200     0.0111    26.3759    26.3903     10.402     10.438    1476.25    1476.32     6.3794     6.4587    93.1710    94.3650  0.000e+00
      15342     11.000     6.8297     6.8382    3.39784    3.39946          1     3.5544     3.3076      98.12      0.552     0.7087     0.2628  4.976e+00  0.4882000    33.7247    33.7344     0.0096     0.0084    26.4373    26.4437     10.897     10.934    1476.58    1476.62     6.3715     6.4571    93.2240    94.5000  0.000e+00
      15352     11.500     6.8531     6.8534    3.40265    3.40262          1     3.5535     3.3077      96.54      0.846     0.7061     0.2657  4.425e+00  0.4868000    33.7546    33.7539    -0.0007     0.0004    26.4577    26.4571     11.393     11.430    1476.72    1476.71     6.3668     6.4624    93.2240    94.6230  0.000e+00
      15364     12.000     6.8623     6.8626    3.40469    3.40461          1     3.5531     3.3080      91.83      1.027     0.7294     0.2741  3.953e+00  0.4590000    33.7677    33.7666    -0.0011     0.0003    26.4667    26.4658     11.888     11.926    1476.78    1476.78     6.3661     6.4668    93.2410    94.7150  0.000e+00
      15382     12.500     6.8602     6.8590    3.40451    3.40407          1     3.5522     3.3083      97.59      0.959     0.7208     0.2749  3.543e+00  0.4486000    33.7676    33.7639    -0.0037    -0.0012    26.4669    26.4642     12.383     12.423    1476.78    1476.77     6.3690     6.4727    93.2790    94.7930  0.000e+00
      15462     13.000     6.8584     6.8616    3.40449    3.40496          1     3.5523     3.3081      48.16      0.113     0.7048     0.2410  3.524e+00  0.3562000    33.7689    33.7710     0.0021     0.0032    26.4682    26.4694     12.879     12.919    1476.78    1476.80     6.3704     6.4577    93.2960    94.5820  0.000e+00
      15488     13.500     6.8722     6.8716    3.40781    3.40760          1     3.5522     3.3071      79.74      0.331     0.7170     0.3006  3.310e+00  0.3930000    33.7916    33.7898    -0.0018    -0.0006    26.4842    26.4829     13.374     13.415    1476.87    1476.87     6.3675     6.4585    93.2970    94.6280  0.000e+00
      15501     14.000     6.8769     6.8764    3.40873    3.40856          1     3.5520     3.3071      29.40      0.570     0.7185     0.3026  2.999e+00  0.4085000    33.7968    33.7955    -0.0013    -0.0005    26.4877    26.4868     13.869     13.911    1476.90    1476.90     6.3670     6.4625    93.3030    94.7000  0.000e+00
      15513     14.500     6.8793     6.8791    3.40921    3.40906          1     3.5523     3.3076      40.74      0.773     0.7430     0.3044  2.683e+00  0.4372000    33.7995    33.7982    -0.0013    -0.0002    26.4895    26.4885     14.364     14.407    1476.92    1476.92     6.3680     6.4643    93.3240    94.7350  0.000e+00
      15523     15.000     6.8852     6.8848    3.41070    3.41051          1     3.5520     3.3077      83.08      0.936     0.7453     0.2878  2.440e+00  0.4387000    33.8099    33.8082    -0.0016    -0.0005    26.4969    26.4957     14.860     14.903    1476.97    1476.96     6.3655     6.4648    93.3070    94.7600  0.000e+00
      15533     15.500     6.8879     6.8876    3.41171    3.41153          1     3.5519     3.3078      97.62      1.054     0.7066     0.2781  2.260e+00  0.4308000    33.8181    33.8164    -0.0016    -0.0003    26.5030    26.5017     15.355     15.399    1477.00    1476.99     6.3636     6.4677    93.2900    94.8150  0.000e+00
      15544     16.000     6.8919     6.8914    3.41286    3.41262          1     3.5517     3.3084      87.25      1.126     0.6786     0.2844  2.100e+00  0.4254000    33.8266    33.8244    -0.0021    -0.0006    26.5091    26.5075     15.850     15.896    1477.03    1477.03     6.3613     6.4727    93.2700    94.9000  0.000e+00
      15557     16.500     6.8941     6.8941    3.41346    3.41336          1     3.5511     3.3094      89.52      1.122     0.7003     0.3084  1.985e+00  0.4228000    33.8307    33.8297    -0.0011    -0.0000    26.5121    26.5113     16.346     16.392    1477.05    1477.05     6.3590     6.4742    93.2440    94.9330  0.000e+00
      15625     17.000     6.8948     6.8938    3.41363    3.41327          1     3.5507     3.3095      76.46      0.586     0.6998     0.2834  1.908e+00  0.3837000    33.8317    33.8287    -0.0030    -0.0010    26.5128    26.5105     16.841     16.888    1477.07    1477.06     6.3622     6.4673    93.2920    94.8290  0.000e+00
      15681     17.500     6.8974     6.8973    3.41426    3.41415          1     3.5509     3.3090      90.81      0.545     0.6857     0.2554  1.775e+00  0.3946000    33.8358    33.8348    -0.0010    -0.0002    26.5156    26.5149     17.336     17.384    1477.09    1477.09     6.3630     6.4622    93.3130    94.7670  0.000e+00
      15694     18.000     6.9002     6.8999    3.41490    3.41476          1     3.5507     3.3090      98.31      0.759     0.6970     0.2510  1.650e+00  0.4454000    33.8399    33.8385    -0.0014    -0.0002    26.5185    26.5175     17.832     17.880    1477.11    1477.11     6.3606     6.4616    93.2860    94.7660  0.000e+00
      15707     18.500     6.9010     6.9009    3.41512    3.41498          1     3.5504     3.3089      86.40      0.870     0.6874     0.2720  1.555e+00  0.4395000    33.8412    33.8398    -0.0014    -0.0002    26.5194    26.5183     18.327     18.376    1477.13    1477.13     6.3610     6.4611    93.2940    94.7610  0.000e+00
      15720     19.000     6.9047     6.9041    3.41622    3.41596          1     3.5506     3.3089      79.09      0.913     0.6823     0.2804  1.473e+00  0.4378000    33.8494    33.8472    -0.0023    -0.0006    26.5254    26.5237     18.822     18.872    1477.16    1477.15     6.3623     6.4581    93.3260    94.7280  0.000e+00
      15734     19.500     6.9112     6.9108    3.41793    3.41775          1     3.5505     3.3084      78.77      0.918     0.6786     0.2484  1.402e+00  0.4361000    33.8616    33.8600    -0.0016    -0.0004    26.5341    26.5329     19.318     19.368    1477.21    1477.20     6.3615     6.4541    93.3360    94.6920  0.000e+00
      15747     20.000     6.9143     6.9139    3.41876    3.41855          1     3.5508     3.3079      78.33      0.912     0.6822     0.2364  1.340e+00  0.4386000    33.8675    33.8656    -0.0019    -0.0005    26.5383    26.5368     19.813     19.864    1477.24    1477.23     6.3604     6.4572    93.3300    94.7480  0.000e+00
      15761     20.500     6.9183     6.9178    3.41996    3.41976          1     3.5505     3.3084      77.74      0.895     0.6624     0.2364  1.270e+00  0.4738000    33.8765    33.8748    -0.0017    -0.0005    26.5449    26.5436     20.308     20.361    1477.27    1477.27     6.3586     6.4641    93.3170    94.8650  0.000e+00
      15779     21.000     6.9215     6.9217    3.42088    3.42086          1     3.5505     3.3090      77.19      0.822     0.6568     0.2615  1.196e+00  0.4607000    33.8832    33.8828    -0.0004     0.0002    26.5497    26.5494     20.804     20.857    1477.30    1477.30     6.3586     6.4689    93.3280    94.9480  0.000e+00
      15841     21.500     6.9227     6.9245    3.42120    3.42173          1     3.5497     3.3080      76.13      0.502     0.6520     0.3019  1.132e+00  0.4091000    33.8852    33.8893     0.0041     0.0018    26.5512    26.5541     21.299     21.353    1477.31    1477.33     6.3552     6.4637    93.2820    94.8810  0.000e+00
      15913     22.000     6.9329     6.9325    3.42444    3.42425          1     3.5482     3.3044      64.20      0.563     0.6311     0.2726  1.080e+00  0.4204000    33.9106    33.9089    -0.0017    -0.0004    26.5698    26.5685     21.794     21.849    1477.39    1477.39     6.3456     6.4493    93.1800    94.6990  0.000e+00
      15922     22.500     6.9354     6.9351    3.42564    3.42548          1     3.5471     3.3046      27.66      0.844     0.6322     0.2838  9.820e-01  0.4197000    33.9211    33.9196    -0.0015    -0.0003    26.5777    26.5765     22.289     22.345    1477.43    1477.42     6.3445     6.4493    93.1750    94.7130  0.000e+00
      15930     23.000     6.9413     6.9410    3.42796    3.42781          1     3.5473     3.3052      28.64      1.080     0.6421     0.2878  8.751e-01  0.4360000    33.9405    33.9391    -0.0013    -0.0003    26.5922    26.5911     22.785     22.841    1477.48    1477.48     6.3461     6.4496    93.2230    94.7420  0.000e+00
      15937     23.500     6.9441     6.9437    3.42930    3.42905          1     3.5469     3.3050      69.35      1.265     0.6568     0.2968  7.878e-01  0.4557000    33.9522    33.9499    -0.0024    -0.0004    26.6010    26.5992     23.280     23.337    1477.51    1477.51     6.3475     6.4483    93.2570    94.7350  0.000e+00
      15945     24.000     6.9453     6.9451    3.43010    3.42992          1     3.5474     3.3047      95.03      1.408     0.6548     0.3224  7.118e-01  0.4570000    33.9595    33.9578    -0.0017    -0.0003    26.6066    26.6053     23.775     23.833    1477.54    1477.53     6.3504     6.4473    93.3060    94.7290  0.000e+00
      15954     24.500     6.9463     6.9460    3.43083    3.43063          1     3.5476     3.3053      48.50      1.497     0.6377     0.3216  6.537e-01  0.4668000    33.9664    33.9646    -0.0019    -0.0003    26.6119    26.6105     24.270     24.329    1477.56    1477.55     6.3516     6.4496    93.3300    94.7690  0.000e+00
      15966     25.000     6.9483     6.9475    3.43211    3.43163          1     3.5481     3.3056      31.66      1.420     0.6101     0.3238  6.337e-01  0.4811000    33.9782    33.9738    -0.0045    -0.0008    26.6209    26.6175     24.766     24.825    1477.59    1477.58     6.3517     6.4481    93.3430    94.7560  0.000e+00
      16052     25.500     6.9506     6.9497    3.43370    3.43325          1     3.5458     3.3051      66.47      0.327     0.5672     0.2436  6.487e-01  0.4657000    33.9932    33.9891    -0.0041    -0.0009    26.6324    26.6293     25.261     25.321    1477.62    1477.62     6.3381     6.4458    93.1570    94.7360  0.000e+00
      16080     26.000     6.9527     6.9525    3.43526    3.43514          1     3.5446     3.3049      70.43      0.541     0.5734     0.3141  5.760e-01  0.4681000    34.0081    34.0069    -0.0012    -0.0002    26.6439    26.6430     25.756     25.817    1477.66    1477.66     6.3383     6.4411    93.1740    94.6840  0.000e+00
      16135     26.500     6.9545     6.9544    3.43675    3.43661          1     3.5449     3.3036      70.96      0.207     0.5538     0.3036  5.520e-01  0.4288000    34.0224    34.0209    -0.0014    -0.0001    26.6549    26.6538     26.252     26.313    1477.69    1477.69     6.3394     6.4315    93.2040    94.5560  0.000e+00
