ctdpy/tests/etc/exprapp_feb_2020/SBE09_1387_20200209_1239_77_10_0132.cnv
* Sea-Bird SBE 9 Data File:
* FileName = L:\2020\sv20d0132.hex
* Software Version Seasave V 7.26.7.121
* Temperature SN = 6378
* Conductivity SN = 4824
* Number of Bytes Per Scan = 41
* Number of Voltage Words = 4
* Number of Scans Averaged by the Deck Unit = 1
* NMEA Latitude = 54 49.96 N
* NMEA Longitude = 019 19.16 E
* NMEA UTC (Time) = Feb 09 2020  12:39:04
* NMEA baud rate = 4800
** Station:  PL-P1
** Operator:  DBSj
** Ship: SVEA
** Average sound velocity: 1443.41 m/s
** True-depth calculation Sun, 09 Feb 2020 13:43:10 +0000
** CTD Python Module SMHI /ver 3-12/ feb 2012 
** LIMS Job: 20207710-0132
** Cruise: SMHI-03-2020
** Latitude [GG MM.mm N] :
** Longitude [GGG MM.mm E]:
# nquan = 30
# nvalues = 207                         
# units = specified
# name 0 = scan: Scan Count
# name 1 = prDM: Pressure, Digiquartz [db]
# name 2 = t090C: Temperature [ITS-90, deg C]
# name 3 = t190C: Temperature, 2 [ITS-90, deg C]
# name 4 = c0S/m: Conductivity [S/m]
# name 5 = c1S/m: Conductivity, 2 [S/m]
# name 6 = pumps: Pump Status
# name 7 = sbeox0V: Oxygen raw, SBE 43 [V]
# name 8 = sbeox1V: Oxygen raw, SBE 43, 2 [V]
# name 9 = altM: Altimeter [m]
# name 10 = dz/dtM: Descent Rate [m/s]
# name 11 = flECO-AFL: Chl-a Fluorescence, WET Labs ECO-AFL/FL [mg/m^3]
# name 12 = flECO-AFL1: Phycocyanin Fluorescence, WET Labs ECO-AFL/FL, 2 [mg/m^3]
# name 13 = par: PAR/Irradiance, Biospherical/Lico [µE/(cm^2*s)]
# name 14 = turbWETntu0: Turbidity, WET Labs ECO [NTU]
# name 15 = sal00: Salinity, Practical [PSU]
# name 16 = sal11: Salinity, Practical, 2 [PSU]
# name 17 = secS-priS: Salinity, Practical, Difference, 2 - 1 [PSU]
# name 18 = T2-T190C: Temperature Difference, 2 - 1 [ITS-90, deg C]
# name 19 = sigma-t00: Density [sigma-t, kg/m^3 ]
# name 20 = sigma-t11: Density, 2 [sigma-t, kg/m^3 ]
# name 21 = depSM: Depth [salt water, m], lat = 54.8327
# name 22 = depFM: Depth [true depth, m], lat = 54.8327
# name 23 = svCM: Sound Velocity [Chen-Millero, m/s]
# name 24 = svCM1: Sound Velocity, 2 [Chen-Millero, m/s]
# name 25 = sbeox0ML/L: Oxygen, SBE 43 [ml/l], WS = 2
# name 26 = sbeox1ML/L: Oxygen, SBE 43, 2 [ml/l], WS = 2
# name 27 = sbeox0PS: Oxygen, SBE 43 [% saturation], WS = 2
# name 28 = sbeox1PS: Oxygen, SBE 43, 2 [% saturation], WS = 2
# name 29 = flag: flag
# span 0 =      34395,      43832       
# span 1 =      1.000,    104.000       
# span 2 =     5.3433,     8.6241       
# span 3 =     5.3432,     8.6231       
# span 4 =   0.815560,   1.448141       
# span 5 =   0.815641,   1.448005       
# span 6 =          1,          1       
# span 7 =     0.7439,     3.5789       
# span 8 =     0.7287,     3.3395       
# span 9 =      -0.20,     117.13       
# span 10 =     -0.240,      0.595      
# span 11 =     0.3441,     0.4872      
# span 12 =     0.1496,     0.3107      
# span 13 = -4.755e-09, 1.6354e+03      
# span 14 =     0.1289,     0.2972      
# span 15 =     7.4538,    12.5733      
# span 16 =     7.4546,    12.5724      
# span 17 =    -0.0614,     0.1405      
# span 18 =    -0.0444,     0.0526      
# span 19 =     5.8788,     9.6535      
# span 20 =     5.8794,     9.6529      
# span 21 =      0.991,    103.038      
# span 22 =      1.013,    105.206      
# span 23 =    1437.29,    1458.97      
# span 24 =    1437.29,    1458.97      
# span 25 =     0.0471,     7.9600      
# span 26 =     0.0778,     8.0980      
# span 27 =      0.626,     94.432      
# span 28 =      1.034,     96.075      
# span 29 = 0.0000e+00, 0.0000e+00      
# interval = decibars: 0.5              
# start_time = Feb 09 2020 12:39:05 [NMEA time, first data scan]
# bad_flag = -9.990e-29
*END*
[from data line 49]
      36053     25.500     5.3446     5.3445    0.81594    0.81603          1     3.5672     3.3274      76.51      0.301     0.4616     0.2643  1.963e+00  0.1504000     7.4541     7.4550     0.0009    -0.0000     5.8790     5.8797     25.269     25.821    1437.68    1437.68     7.9433     8.0794    94.2370    95.8520  0.000e+00
      36075     26.000     5.3445     5.3444    0.81596    0.81603          1     3.5664     3.3273      96.26      0.456     0.4615     0.1993  1.795e+00  0.1457000     7.4542     7.4550     0.0007    -0.0001     5.8791     5.8797     25.764     26.327    1437.69    1437.69     7.9464     8.0845    94.2730    95.9120  0.000e+00
      36097     26.500     5.3448     5.3448    0.81597    0.81605          1     3.5665     3.3273      96.44      0.552     0.4515     0.2027  1.609e+00  0.1501000     7.4542     7.4550     0.0008    -0.0000     5.8791     5.8798     26.260     26.833    1437.70    1437.70     7.9489     8.0844    94.3030    95.9120  0.000e+00
      36124     27.000     5.3448     5.3448    0.81598    0.81606          1     3.5665     3.3272      57.56      0.482     0.4624     0.2573  1.468e+00  0.1372000     7.4542     7.4551     0.0008    -0.0000     5.8791     5.8798     26.755     27.340    1437.70    1437.70     7.9479     8.0833    94.2930    95.8990  0.000e+00
      36157     27.500     5.3451     5.3450    0.81599    0.81606          1     3.5665     3.3268      93.52      0.371     0.4635     0.2187  1.371e+00  0.1484000     7.4542     7.4550     0.0007    -0.0001     5.8791     5.8797     27.251     27.846    1437.71    1437.71     7.9501     8.0855    94.3190    95.9250  0.000e+00
      36185     28.000     5.3452     5.3451    0.81600    0.81607          1     3.5663     3.3273      96.43      0.400     0.4699     0.2032  1.260e+00  0.1518000     7.4542     7.4549     0.0008    -0.0001     5.8791     5.8797     27.746     28.352    1437.72    1437.72     7.9496     8.0890    94.3130    95.9670  0.000e+00
      36211     28.500     5.3451     5.3450    0.81600    0.81608          1     3.5667     3.3273      96.48      0.457     0.4675     0.2355  1.137e+00  0.1477000     7.4542     7.4549     0.0008    -0.0001     5.8791     5.8797     28.241     28.859    1437.73    1437.73     7.9530     8.0871    94.3530    95.9450  0.000e+00
      36240     29.000     5.3452     5.3450    0.81601    0.81608          1     3.5667     3.3272      96.48      0.438     0.4618     0.2354  1.039e+00  0.1502000     7.4542     7.4549     0.0007    -0.0001     5.8791     5.8797     28.737     29.365    1437.74    1437.74     7.9498     8.0812    94.3160    95.8750  0.000e+00
      36274     29.500     5.3451     5.3450    0.81602    0.81609          1     3.5663     3.3260      96.50      0.358     0.4626     0.2589  9.751e-01  0.1455000     7.4542     7.4550     0.0008    -0.0001     5.8791     5.8797     29.232     29.871    1437.74    1437.74     7.9517     8.0751    94.3390    95.8020  0.000e+00
      36303     30.000     5.3453     5.3451    0.81603    0.81610          1     3.5667     3.3249      96.52      0.385     0.4579     0.2210  8.902e-01  0.1492000     7.4542     7.4550     0.0008    -0.0002     5.8791     5.8797     29.728     30.378    1437.75    1437.75     7.9525     8.0755    94.3480    95.8080  0.000e+00
      36326     30.500     5.3454     5.3452    0.81603    0.81610          1     3.5663     3.3248      96.52      0.470     0.4515     0.2088  8.099e-01  0.1538000     7.4542     7.4549     0.0008    -0.0002     5.8790     5.8797     30.223     30.884    1437.76    1437.76     7.9468     8.0745    94.2800    95.7960  0.000e+00
      36352     31.000     5.3453     5.3451    0.81603    0.81610          1     3.5655     3.3238      96.53      0.492     0.4559     0.1990  7.269e-01  0.1414000     7.4541     7.4549     0.0008    -0.0002     5.8790     5.8796     30.719     31.390    1437.77    1437.77     7.9487     8.0740    94.3030    95.7890  0.000e+00
      36386     31.500     5.3453     5.3452    0.81604    0.81612          1     3.5653     3.3237      63.49      0.374     0.4632     0.2521  6.655e-01  0.1448000     7.4541     7.4549     0.0008    -0.0001     5.8790     5.8797     31.214     31.896    1437.78    1437.78     7.9485     8.0780    94.3010    95.8370  0.000e+00
      36415     32.000     5.3452     5.3451    0.81604    0.81611          1     3.5649     3.3233      86.90      0.367     0.4523     0.2043  6.291e-01  0.1516000     7.4541     7.4548     0.0008    -0.0001     5.8790     5.8796     31.710     32.403    1437.78    1437.78     7.9494     8.0708    94.3110    95.7510  0.000e+00
      36436     32.500     5.3451     5.3449    0.81604    0.81612          1     3.5651     3.3225      96.41      0.494     0.4509     0.2500  5.850e-01  0.1513000     7.4541     7.4549     0.0008    -0.0001     5.8790     5.8796     32.205     32.909    1437.79    1437.79     7.9508     8.0760    94.3270    95.8130  0.000e+00
      36456     33.000     5.3450     5.3449    0.81605    0.81612          1     3.5649     3.3232      96.50      0.592     0.4558     0.2635  5.321e-01  0.1483000     7.4541     7.4548     0.0008    -0.0002     5.8790     5.8796     32.700     33.415    1437.80    1437.80     7.9498     8.0875    94.3160    95.9490  0.000e+00
      36482     33.500     5.3450     5.3449    0.81605    0.81612          1     3.5649     3.3238      93.23      0.536     0.4629     0.2360  4.824e-01  0.1558000     7.4540     7.4547     0.0007    -0.0001     5.8790     5.8795     33.196     33.922    1437.81    1437.81     7.9523     8.0887    94.3450    95.9630  0.000e+00
      36515     34.000     5.3451     5.3450    0.81606    0.81613          1     3.5654     3.3248      91.92      0.371     0.4798     0.2542  4.405e-01  0.1445000     7.4540     7.4548     0.0007    -0.0001     5.8789     5.8795     33.691     34.428    1437.81    1437.81     7.9542     8.0897    94.3680    95.9760  0.000e+00
      36546     34.500     5.3450     5.3449    0.81605    0.81613          1     3.5652     3.3249      84.51      0.377     0.4618     0.2091  4.055e-01  0.1443000     7.4540     7.4547     0.0008    -0.0001     5.8789     5.8795     34.187     34.934    1437.82    1437.82     7.9523     8.0822    94.3450    95.8870  0.000e+00
      36574     35.000     5.3450     5.3449    0.81607    0.81614          1     3.5650     3.3239      88.93      0.413     0.4607     0.2320  3.709e-01  0.1599000     7.4540     7.4548     0.0008    -0.0001     5.8789     5.8795     34.682     35.440    1437.83    1437.83     7.9493     8.0734    94.3090    95.7820  0.000e+00
      36600     35.500     5.3449     5.3448    0.81607    0.81615          1     3.5642     3.3230      90.39      0.442     0.4510     0.2259  3.346e-01  0.1493000     7.4540     7.4548     0.0008    -0.0001     5.8789     5.8796     35.177     35.947    1437.84    1437.84     7.9485     8.0767    94.2990    95.8210  0.000e+00
      36624     36.000     5.3450     5.3448    0.81608    0.81615          1     3.5640     3.3229      86.72      0.486     0.4512     0.2589  3.023e-01  0.1439000     7.4540     7.4547     0.0007    -0.0002     5.8789     5.8795     35.673     36.453    1437.85    1437.85     7.9494     8.0770    94.3100    95.8240  0.000e+00
      36651     36.500     5.3450     5.3449    0.81608    0.81616          1     3.5636     3.3225      81.85      0.479     0.4559     0.2760  2.715e-01  0.1424000     7.4540     7.4547     0.0008    -0.0000     5.8789     5.8795     36.168     36.959    1437.85    1437.85     7.9492     8.0797    94.3080    95.8570  0.000e+00
      36690     37.000     5.3449     5.3448    0.81609    0.81616          1     3.5634     3.3225      79.01      0.315     0.4612     0.2403  2.482e-01  0.1386000     7.4540     7.4547     0.0007    -0.0001     5.8789     5.8795     36.664     37.466    1437.86    1437.86     7.9494     8.0813    94.3100    95.8750  0.000e+00
      36720     37.500     5.3452     5.3450    0.81612    0.81619          1     3.5631     3.3225      74.13      0.349     0.4525     0.2154  2.269e-01  0.1546000     7.4542     7.4549     0.0008    -0.0002     5.8791     5.8797     37.159     37.972    1437.87    1437.87     7.9492     8.0819    94.3080    95.8830  0.000e+00
      36742     38.000     5.3451     5.3449    0.81612    0.81618          1     3.5629     3.3225      96.60      0.484     0.4635     0.2122  1.997e-01  0.1395000     7.4541     7.4547     0.0006    -0.0002     5.8790     5.8795     37.655     38.478    1437.88    1437.88     7.9491     8.0832    94.3080    95.8980  0.000e+00
      36762     38.500     5.3451     5.3450    0.81613    0.81620          1     3.5627     3.3226      96.49      0.568     0.4525     0.2267  1.741e-01  0.1451000     7.4542     7.4549     0.0008    -0.0001     5.8791     5.8797     38.150     38.984    1437.89    1437.89     7.9463     8.0839    94.2740    95.9070  0.000e+00
      36785     39.000     5.3453     5.3451    0.81614    0.81621          1     3.5620     3.3226      96.53      0.561     0.4531     0.2123  1.484e-01  0.1793000     7.4541     7.4549     0.0008    -0.0003     5.8790     5.8797     38.645     39.491    1437.89    1437.89     7.9449     8.0837    94.2580    95.9050  0.000e+00
      36815     39.500     5.3453     5.3454    0.81615    0.81623          1     3.5613     3.3225      96.09      0.439     0.4600     0.2337  1.335e-01  0.1574000     7.4542     7.4549     0.0008     0.0000     5.8791     5.8797     39.141     39.997    1437.90    1437.90     7.9453     8.0810    94.2620    95.8730  0.000e+00
      36847     40.000     5.3471     5.3470    0.81622    0.81630          1     3.5614     3.3221      80.17      0.367     0.4624     0.1931  1.164e-01  0.1369000     7.4544     7.4552     0.0007    -0.0001     5.8792     5.8798     39.636     40.503    1437.92    1437.92     7.9491     8.0820    94.3130    95.8900  0.000e+00
      36872     40.500     5.3470     5.3465    0.81622    0.81629          1     3.5617     3.3221      96.72      0.432     0.4593     0.2452  1.092e-01  0.1439000     7.4544     7.4551     0.0007    -0.0005     5.8792     5.8798     40.132     41.010    1437.93    1437.93     7.9503     8.0781    94.3260    95.8420  0.000e+00
      36895     41.000     5.3473     5.3468    0.81624    0.81630          1     3.5619     3.3214      62.53      0.504     0.4546     0.2590  9.327e-02  0.1424000     7.4544     7.4552     0.0007    -0.0005     5.8792     5.8798     40.627     41.516    1437.93    1437.93     7.9506     8.0775    94.3300    95.8350  0.000e+00
      36921     41.500     5.3470     5.3469    0.81624    0.81631          1     3.5615     3.3214      73.06      0.492     0.4619     0.2157  7.433e-02  0.1516000     7.4544     7.4551     0.0008    -0.0002     5.8791     5.8797     41.122     42.022    1437.94    1437.94     7.9463     8.0817    94.2790    95.8850  0.000e+00
      36952     42.000     5.3501     5.3518    0.81634    0.81648          1     3.5606     3.3212      89.41      0.406     0.4602     0.2049  6.219e-02  0.1484000     7.4546     7.4557     0.0011     0.0018     5.8792     5.8800     41.618     42.529    1437.96    1437.97     7.9397     8.0789    94.2080    95.8640  0.000e+00
      36983     42.500     5.3585     5.3584    0.81664    0.81672          1     3.5592     3.3209      82.06      0.376     0.4644     0.2533  4.756e-02  0.1499000     7.4556     7.4564     0.0008    -0.0002     5.8796     5.8803     42.113     43.035    1438.01    1438.01     7.9349     8.0749    94.1720    95.8330  0.000e+00
      37010     43.000     5.3611     5.3605    0.81674    0.81680          1     3.5582     3.3204      78.95      0.424     0.4619     0.2421  3.590e-02  0.1569000     7.4560     7.4567     0.0007    -0.0006     5.8798     5.8804     42.609     43.541    1438.03    1438.03     7.9363     8.0762    94.1950    95.8540  0.000e+00
      37036     43.500     5.3637     5.3629    0.81683    0.81689          1     3.5583     3.3205      94.60      0.464     0.4628     0.2425  2.121e-02  0.2119000     7.4562     7.4570     0.0007    -0.0007     5.8799     5.8805     43.104     44.047    1438.05    1438.05     7.9388     8.0755    94.2310    95.8520  0.000e+00
      37063     44.000     5.3603     5.3593    0.81672    0.81677          1     3.5581     3.3202      96.59      0.454     0.4628     0.2534  1.842e-02  0.1524000     7.4559     7.4565     0.0007    -0.0010     5.8797     5.8803     43.599     44.554    1438.04    1438.04     7.9364     8.0750    94.1940    95.8370  0.000e+00
      37091     44.500     5.3542     5.3548    0.81651    0.81662          1     3.5574     3.3197      96.60      0.429     0.4733     0.2532  9.718e-03  0.1295000     7.4551     7.4560     0.0009     0.0007     5.8794     5.8801     44.095     45.060    1438.02    1438.03     7.9360     8.0710    94.1740    95.7780  0.000e+00
      37116     45.000     5.3559     5.3553    0.81658    0.81664          1     3.5571     3.3191      46.07      0.458     0.4630     0.2300  4.352e-04  0.1460000     7.4553     7.4560     0.0007    -0.0006     5.8795     5.8801     44.590     45.566    1438.04    1438.04     7.9390     8.0779    94.2140    95.8610  0.000e+00
      37143     45.500     5.3552     5.3551    0.81656    0.81664          1     3.5573     3.3196      95.35      0.463     0.4593     0.2284  8.001e-06  0.1517000     7.4552     7.4560     0.0007    -0.0001     5.8795     5.8801     45.085     46.073    1438.04    1438.04     7.9397     8.0798    94.2200    95.8840  0.000e+00
      37171     46.000     5.3556     5.3552    0.81658    0.81665          1     3.5571     3.3191      96.54      0.428     0.4506     0.2339 -4.755e-09  0.1470000     7.4553     7.4560     0.0007    -0.0004     5.8795     5.8801     45.581     46.579    1438.05    1438.05     7.9385     8.0673    94.2070    95.7350  0.000e+00
      37197     46.500     5.3559     5.3558    0.81660    0.81667          1     3.5568     3.3182      96.56      0.442     0.4552     0.2364  1.000e-12  0.1395000     7.4553     7.4561     0.0008    -0.0001     5.8795     5.8801     46.076     47.085    1438.06    1438.06     7.9398     8.0757    94.2230    95.8360  0.000e+00
      37220     47.000     5.3552     5.3549    0.81658    0.81665          1     3.5572     3.3186      38.65      0.493     0.4619     0.1960  1.000e-12  0.1396000     7.4552     7.4559     0.0007    -0.0003     5.8794     5.8800     46.572     47.591    1438.07    1438.07     7.9450     8.0819    94.2830    95.9080  0.000e+00
      37246     47.500     5.3506     5.3496    0.81643    0.81649          1     3.5579     3.3192      95.14      0.493     0.4573     0.1993  1.000e-12  0.1550000     7.4547     7.4555     0.0008    -0.0010     5.8792     5.8799     47.067     48.098    1438.05    1438.05     7.9472     8.0873    94.2980    95.9580  0.000e+00
      37279     48.000     5.3468     5.3491    0.81631    0.81647          1     3.5580     3.3196      96.64      0.386     0.4486     0.3019  1.000e-12  0.1527000     7.4544     7.4554     0.0011     0.0023     5.8791     5.8799     47.562     48.604    1438.04    1438.06     7.9438     8.0802    94.2490    95.8730  0.000e+00
      37307     48.500     5.3522     5.3522    0.81650    0.81658          1     3.5571     3.3190      85.52      0.391     0.4607     0.2222  1.000e-12  0.1443000     7.4549     7.4557     0.0008    -0.0000     5.8793     5.8799     48.058     49.110    1438.08    1438.08     7.9394     8.0784    94.2090    95.8590  0.000e+00
