ctdpy/tests/etc/exprapp_feb_2020/SBE09_1387_20200202_0529_77_10_0094.cnv
* Sea-Bird SBE 9 Data File:
* FileName = L:\2020\sv20d0094.hex
* Software Version Seasave V 7.26.7.121
* Temperature SN = 6378
* Conductivity SN = 4824
* Number of Bytes Per Scan = 41
* Number of Voltage Words = 4
* Number of Scans Averaged by the Deck Unit = 1
* NMEA Latitude = 58 40.54 N
* NMEA Longitude = 010 48.72 E
* NMEA UTC (Time) = Feb 02 2020  05:29:18
* NMEA baud rate = 4800
** Station:  Persgrund
** Operator:  A-KTh
** Ship: SVEA
** Average sound velocity: 1476.89 m/s
** True-depth calculation Sun, 02 Feb 2020 09:15:41 +0000
** CTD Python Module SMHI /ver 3-12/ feb 2012 
** LIMS Job: 20207710-0094
** Cruise: SMHI-02-2020
** Latitude [GG MM.mm N] :
** Longitude [GGG MM.mm E]:
# nquan = 30
# nvalues = 191                         
# units = specified
# name 0 = scan: Scan Count
# name 1 = prDM: Pressure, Digiquartz [db]
# name 2 = t090C: Temperature [ITS-90, deg C]
# name 3 = t190C: Temperature, 2 [ITS-90, deg C]
# name 4 = c0S/m: Conductivity [S/m]
# name 5 = c1S/m: Conductivity, 2 [S/m]
# name 6 = pumps: Pump Status
# name 7 = sbeox0V: Oxygen raw, SBE 43 [V]
# name 8 = sbeox1V: Oxygen raw, SBE 43, 2 [V]
# name 9 = altM: Altimeter [m]
# name 10 = dz/dtM: Descent Rate [m/s]
# name 11 = flECO-AFL: Chl-a Fluorescence, WET Labs ECO-AFL/FL [mg/m^3]
# name 12 = flECO-AFL1: Phycocyanin Fluorescence, WET Labs ECO-AFL/FL, 2 [mg/m^3]
# name 13 = par: PAR/Irradiance, Biospherical/Lico [µE/(cm^2*s)]
# name 14 = turbWETntu0: Turbidity, WET Labs ECO [NTU]
# name 15 = sal00: Salinity, Practical [PSU]
# name 16 = sal11: Salinity, Practical, 2 [PSU]
# name 17 = secS-priS: Salinity, Practical, Difference, 2 - 1 [PSU]
# name 18 = T2-T190C: Temperature Difference, 2 - 1 [ITS-90, deg C]
# name 19 = sigma-t00: Density [sigma-t, kg/m^3 ]
# name 20 = sigma-t11: Density, 2 [sigma-t, kg/m^3 ]
# name 21 = depSM: Depth [salt water, m], lat = 58.6757
# name 22 = depFM: Depth [true depth, m], lat = 58.6757
# name 23 = svCM: Sound Velocity [Chen-Millero, m/s]
# name 24 = svCM1: Sound Velocity, 2 [Chen-Millero, m/s]
# name 25 = sbeox0ML/L: Oxygen, SBE 43 [ml/l], WS = 2
# name 26 = sbeox1ML/L: Oxygen, SBE 43, 2 [ml/l], WS = 2
# name 27 = sbeox0PS: Oxygen, SBE 43 [% saturation], WS = 2
# name 28 = sbeox1PS: Oxygen, SBE 43, 2 [% saturation], WS = 2
# name 29 = flag: flag
# span 0 =      30546,      36031       
# span 1 =      0.500,     95.500       
# span 2 =     5.7851,     7.2710       
# span 3 =     5.7852,     7.2708       
# span 4 =   2.875216,   3.505540       
# span 5 =   2.875196,   3.505443       
# span 6 =          1,          1       
# span 7 =     3.5203,     3.5603       
# span 8 =     3.2776,     3.3141       
# span 9 =       0.40,     103.10       
# span 10 =     -0.517,      1.654      
# span 11 =     0.3924,     1.0567      
# span 12 =     0.1895,     0.4203      
# span 13 = 1.0000e-12, 1.6795e+00      
# span 14 =     0.3838,     2.1972      
# span 15 =    28.9113,    34.4287      
# span 16 =    28.9111,    34.4279      
# span 17 =    -0.0181,     0.1295      
# span 18 =    -0.0115,     0.0419      
# span 19 =    22.7692,    26.9309      
# span 20 =    22.7690,    26.9303      
# span 21 =      0.495,     94.588      
# span 22 =      0.498,     94.800      
# span 23 =    1466.25,    1480.54      
# span 24 =    1466.26,    1480.53      
# span 25 =     6.2693,     6.7949      
# span 26 =     6.3544,     6.8952      
# span 27 =     92.788,     94.054      
# span 28 =     94.063,     95.465      
# span 29 = 0.0000e+00, 0.0000e+00      
# interval = decibars: 0.5              
# start_time = Feb 02 2020 05:29:18 [NMEA time, first data scan]
# bad_flag = -9.990e-29
*END*
[from data line 146]
      34442     73.500     7.2440     7.2431    3.49908    3.49876          1     3.5303     3.2895      25.78      0.879     0.4302     0.2499  1.000e-12  1.7215000    34.3951    34.3925    -0.0026    -0.0009    26.9083    26.9064     72.802     72.980    1480.05    1480.04     6.2849     6.3773    93.2440    94.6120  0.000e+00
      34455     74.000     7.2450     7.2445    3.49933    3.49916          1     3.5306     3.2892      25.44      0.898     0.4267     0.2676  1.000e-12  1.7332000    34.3966    34.3952    -0.0014    -0.0005    26.9093    26.9083     73.297     73.476    1480.06    1480.06     6.2878     6.3737    93.2900    94.5630  0.000e+00
      34467     74.500     7.2452     7.2445    3.49938    3.49912          1     3.5313     3.2884      24.97      0.926     0.4220     0.2693  1.000e-12  1.6611000    34.3967    34.3946    -0.0021    -0.0007    26.9093    26.9078     73.792     73.972    1480.07    1480.07     6.2890     6.3727    93.3080    94.5470  0.000e+00
      34478     75.000     7.2451     7.2451    3.49938    3.49927          1     3.5313     3.2883      24.46      0.974     0.4281     0.2632  1.000e-12  1.6352000    34.3966    34.3955    -0.0011    -0.0000    26.9093    26.9084     74.287     74.467    1480.08    1480.08     6.2865     6.3758    93.2720    94.5950  0.000e+00
      34488     75.500     7.2458     7.2455    3.49957    3.49940          1     3.5311     3.2883      23.94      1.035     0.4288     0.2613  1.000e-12  1.6696000    34.3977    34.3961    -0.0016    -0.0003    26.9101    26.9088     74.783     74.963    1480.09    1480.09     6.2840     6.3780    93.2350    94.6290  0.000e+00
      34499     76.000     7.2460     7.2456    3.49963    3.49945          1     3.5309     3.2882      23.42      1.092     0.4290     0.2737  1.000e-12  1.7145000    34.3980    34.3964    -0.0016    -0.0004    26.9102    26.9091     75.278     75.459    1480.10    1480.10     6.2826     6.3762    93.2160    94.6020  0.000e+00
      34511     76.500     7.2462     7.2460    3.49973    3.49959          1     3.5301     3.2880      22.90      1.106     0.4378     0.2819  1.000e-12  1.7163000    34.3985    34.3972    -0.0013    -0.0002    26.9106    26.9096     75.773     75.955    1480.11    1480.11     6.2804     6.3748    93.1840    94.5830  0.000e+00
      34578     77.000     7.2460     7.2462    3.49967    3.49965          1     3.5289     3.2873      22.42      0.905     0.4391     0.2570  1.000e-12  1.6606000    34.3978    34.3974    -0.0005     0.0002    26.9101    26.9097     76.268     76.451    1480.12    1480.12     6.2815     6.3766    93.1990    94.6100  0.000e+00
      34663     77.500     7.2459     7.2459    3.49963    3.49952          1     3.5280     3.2871      22.12      1.001     0.4168     0.2388  1.000e-12  1.5697000    34.3972    34.3960    -0.0012    -0.0000    26.9096    26.9087     76.763     76.947    1480.12    1480.12     6.2835     6.3778    93.2290    94.6260  0.000e+00
      34667     78.000     7.2461     7.2461    3.49969    3.49962          1     3.5285     3.2871      21.68      1.214     0.4145     0.2364  1.000e-12  1.7843000    34.3975    34.3967    -0.0008     0.0000    26.9098    26.9092     77.258     77.443    1480.13    1480.13     6.2858     6.3781    93.2630    94.6320  0.000e+00
      34674     78.500     7.2461     7.2462    3.49971    3.49966          1     3.5283     3.2871      21.26      1.373     0.4120     0.2401  1.000e-12  1.8004000    34.3974    34.3968    -0.0007     0.0001    26.9098    26.9092     77.753     77.939    1480.14    1480.14     6.2853     6.3784    93.2560    94.6380  0.000e+00
      34682     79.000     7.2475     7.2481    3.50003    3.50008          1     3.5288     3.2871      20.80      1.484     0.4173     0.2834  1.000e-12  1.7998000    34.3993    34.3992    -0.0000     0.0007    26.9110    26.9109     78.249     78.435    1480.16    1480.16     6.2858     6.3785    93.2670    94.6440  0.000e+00
      34691     79.500     7.2480     7.2483    3.50015    3.50011          1     3.5288     3.2871      20.27      1.534     0.4280     0.2984  1.000e-12  1.7839000    34.3998    34.3992    -0.0006     0.0002    26.9114    26.9109     78.744     78.931    1480.17    1480.17     6.2845     6.3796    93.2500    94.6610  0.000e+00
      34702     80.000     7.2479     7.2473    3.50016    3.49993          1     3.5286     3.2871      19.66      1.463     0.4269     0.2860  1.000e-12  1.7815000    34.3998    34.3979    -0.0019    -0.0006    26.9114    26.9100     79.239     79.427    1480.18    1480.17     6.2830     6.3842    93.2260    94.7260  0.000e+00
      34718     80.500     7.2477     7.2472    3.50014    3.49994          1     3.5284     3.2879      18.95      1.137     0.4459     0.2379  1.000e-12  1.7910000    34.3996    34.3979    -0.0017    -0.0005    26.9112    26.9100     79.734     79.923    1480.18    1480.18     6.2844     6.3892    93.2460    94.8000  0.000e+00
      34742     81.000     7.2479     7.2479    3.50021    3.50008          1     3.5288     3.2884      18.16      0.666     0.4497     0.2391  1.000e-12  1.7694000    34.3999    34.3985    -0.0014    -0.0000    26.9115    26.9104     80.229     80.419    1480.19    1480.19     6.2870     6.3848    93.2870    94.7360  0.000e+00
      34806     81.500     7.2477     7.2473    3.50015    3.49995          1     3.5279     3.2866      17.61      0.375     0.4260     0.2415  1.000e-12  1.5774000    34.3993    34.3974    -0.0019    -0.0003    26.9110    26.9096     80.724     80.914    1480.20    1480.20     6.2832     6.3776    93.2290    94.6280  0.000e+00
      34900     82.000     7.2473     7.2471    3.50004    3.49995          1     3.5260     3.2820      17.41      0.577     0.4148     0.2821  1.000e-12  1.5211000    34.3981    34.3973    -0.0009    -0.0002    26.9102    26.9095     81.220     81.410    1480.20    1480.20     6.2793     6.3605    93.1690    94.3740  0.000e+00
      34905     82.500     7.2473     7.2472    3.50009    3.49996          1     3.5256     3.2822      17.05      0.849     0.4142     0.2824  1.000e-12  1.5250000    34.3984    34.3971    -0.0012    -0.0002    26.9103    26.9094     81.715     81.906    1480.21    1480.21     6.2794     6.3662    93.1710    94.4580  0.000e+00
      34913     83.000     7.2486     7.2484    3.50038    3.50027          1     3.5256     3.2822      16.70      1.078     0.4204     0.2793  1.000e-12  1.6663000    34.4001    34.3991    -0.0010    -0.0002    26.9115    26.9108     82.210     82.402    1480.23    1480.23     6.2801     6.3689    93.1860    94.5020  0.000e+00
      34920     83.500     7.2496     7.2499    3.50063    3.50054          1     3.5254     3.2822      16.23      1.271     0.4274     0.2385  1.000e-12  1.7286000    34.4015    34.4003    -0.0012     0.0002    26.9125    26.9116     82.705     82.898    1480.24    1480.24     6.2790     6.3697    93.1730    94.5190  0.000e+00
      34927     84.000     7.2501     7.2499    3.50073    3.50057          1     3.5263     3.2822      15.85      1.423     0.4234     0.2378  1.000e-12  1.7269000    34.4019    34.4004    -0.0015    -0.0002    26.9127    26.9116     83.200     83.394    1480.25    1480.25     6.2814     6.3702    93.2090    94.5240  0.000e+00
      34934     84.500     7.2528     7.2517    3.50133    3.50097          1     3.5257     3.2822      15.37      1.532     0.4306     0.2392  1.000e-12  1.6790000    34.4054    34.4027    -0.0027    -0.0011    26.9151    26.9131     83.695     83.890    1480.28    1480.27     6.2789     6.3702    93.1790    94.5300  0.000e+00
      34942     85.000     7.2532     7.2532    3.50135    3.50123          1     3.5256     3.2822      14.96      1.607     0.4372     0.2530  1.000e-12  1.5304000    34.4050    34.4038    -0.0012    -0.0001    26.9148    26.9138     84.190     84.386    1480.29    1480.28     6.2789     6.3704    93.1800    94.5370  0.000e+00
      34949     85.500     7.2535     7.2535    3.50142    3.50132          1     3.5252     3.2822      14.41      1.654     0.4377     0.2688  1.000e-12  1.5315000    34.4053    34.4042    -0.0011     0.0000    26.9150    26.9141     84.685     84.882    1480.29    1480.29     6.2778     6.3720    93.1650    94.5620  0.000e+00
      34959     86.000     7.2540     7.2537    3.50156    3.50140          1     3.5252     3.2822      13.80      1.626     0.4412     0.2690  1.000e-12  1.5736000    34.4060    34.4046    -0.0014    -0.0003    26.9155    26.9144     85.181     85.378    1480.31    1480.30     6.2783     6.3756    93.1750    94.6170  0.000e+00
      35031     86.500     7.2523     7.2525    3.50123    3.50118          1     3.5247     3.2847      12.88      0.942     0.4316     0.2612  1.000e-12  1.5584000    34.4040    34.4031    -0.0008     0.0003    26.9141    26.9134     85.676     85.874    1480.30    1480.31     6.2775     6.3794    93.1570    94.6690  0.000e+00
      35096     87.000     7.2538     7.2549    3.50158    3.50169          1     3.5239     3.2859      12.46      0.729     0.4044     0.2581  1.000e-12  1.4708000    34.4060    34.4062     0.0001     0.0011    26.9155    26.9154     86.171     86.370    1480.32    1480.33     6.2762     6.3718    93.1430    94.5630  0.000e+00
      35107     87.500     7.2534     7.2531    3.50148    3.50133          1     3.5240     3.2858      12.09      0.940     0.4144     0.2607  1.000e-12  1.5153000    34.4050    34.4037    -0.0013    -0.0003    26.9148    26.9137     86.666     86.866    1480.33    1480.32     6.2777     6.3743    93.1630    94.5960  0.000e+00
      35118     88.000     7.2526     7.2531    3.50135    3.50133          1     3.5239     3.2851      11.57      1.078     0.4394     0.2600  1.000e-12  1.6500000    34.4042    34.4035    -0.0007     0.0005    26.9142    26.9136     87.161     87.361    1480.33    1480.33     6.2771     6.3752    93.1530    94.6090  0.000e+00
      35134     88.500     7.2577     7.2558    3.50239    3.50195          1     3.5234     3.2850      11.02      1.022     0.4247     0.2372  1.000e-12  1.6336000    34.4103    34.4073    -0.0031    -0.0019    26.9183    26.9162     87.656     87.857    1480.37    1480.36     6.2744     6.3757    93.1270    94.6240  0.000e+00
      35165     89.000     7.2587     7.2569    3.50268    3.50216          1     3.5228     3.2845      10.25      0.527     0.4227     0.2528  1.000e-12  1.6271000    34.4122    34.4083    -0.0038    -0.0018    26.9196    26.9168     88.151     88.353    1480.38    1480.37     6.2753     6.3755    93.1430    94.6240  0.000e+00
      35196     89.500     7.2606     7.2585    3.50307    3.50257          1     3.5227     3.2841       9.73      0.329     0.4285     0.2403  1.000e-12  2.1972000    34.4143    34.4109    -0.0034    -0.0021    26.9210    26.9186     88.646     88.849    1480.40    1480.39     6.2734     6.3775    93.1200    94.6590  0.000e+00
      35218     90.000     7.2632     7.2620    3.50359    3.50331          1     3.5216     3.2841       9.28      0.477     0.4356     0.2627  1.000e-12  1.7404000    34.4171    34.4153    -0.0018    -0.0012    26.9229    26.9216     89.142     89.345    1480.42    1480.41     6.2693     6.3752    93.0670    94.6350  0.000e+00
      35239     90.500     7.2660     7.2649    3.50419    3.50390          1     3.5212     3.2839       8.83      0.567     0.4209     0.2821  1.000e-12  1.5665000    34.4206    34.4185    -0.0021    -0.0011    26.9252    26.9238     89.637     89.841    1480.44    1480.44     6.2728     6.3725    93.1260    94.6040  0.000e+00
      35283     91.000     7.2665     7.2661    3.50427    3.50407          1     3.5219     3.2825       8.13      0.460     0.4175     0.2454  1.000e-12  1.5792000    34.4207    34.4190    -0.0017    -0.0004    26.9253    26.9240     90.132     90.337    1480.46    1480.45     6.2746     6.3645    93.1540    94.4870  0.000e+00
      35388     91.500     7.2611     7.2596    3.50322    3.50285          1     3.5222     3.2799       7.72      0.305     0.4216     0.2377  1.000e-12  1.3685000    34.4144    34.4119    -0.0026    -0.0015    26.9211    26.9193     90.627     90.833    1480.43    1480.43     6.2722     6.3664    93.1030    94.4980  0.000e+00
      35401     92.000     7.2653     7.2631    3.50405    3.50356          1     3.5215     3.2799       7.35      0.589     0.4159     0.2385  1.000e-12  1.4558000    34.4190    34.4160    -0.0031    -0.0022    26.9241    26.9220     91.122     91.329    1480.46    1480.45     6.2729     6.3714    93.1260    94.5810  0.000e+00
      35432     92.500     7.2684     7.2685    3.50463    3.50461          1     3.5217     3.2803       6.85      0.664     0.4253     0.2373  1.000e-12  1.6471000    34.4220    34.4217    -0.0004     0.0001    26.9260    26.9257     91.617     91.825    1480.49    1480.49     6.2764     6.3728    93.1860    94.6170  0.000e+00
      35537     93.000     7.2652     7.2641    3.50404    3.50374          1     3.5209     3.2784       6.34      0.451     0.4164     0.2598  1.000e-12  1.3637000    34.4186    34.4165    -0.0021    -0.0011    26.9238    26.9223     92.112     92.321    1480.48    1480.47     6.2707     6.3544    93.0930    94.3320  0.000e+00
      35546     93.500     7.2677     7.2686    3.50457    3.50467          1     3.5204     3.2778       5.99      0.732     0.4158     0.2204  1.000e-12  1.3480000    34.4216    34.4218     0.0001     0.0009    26.9258    26.9258     92.607     92.817    1480.50    1480.51     6.2709     6.3581    93.1030    94.3990  0.000e+00
      35559     94.000     7.2710     7.2708    3.50554    3.50544          1     3.5205     3.2776       5.67      0.895     0.4169     0.2075  1.000e-12  1.7450000    34.4287    34.4279    -0.0008    -0.0002    26.9309    26.9303     93.103     93.312    1480.53    1480.53     6.2712     6.3639    93.1180    94.4930  0.000e+00
      35629     94.500     7.2706     7.2703    3.50550    3.50537          1     3.5207     3.2787       5.14      0.829     0.4141     0.2115  1.000e-12  1.8323000    34.4284    34.4273    -0.0011    -0.0003    26.9308    26.9299     93.598     93.808    1480.54    1480.53     6.2727     6.3723    93.1400    94.6170  0.000e+00
      35751     95.000     7.2653     7.2662    3.50420    3.50427          1     3.5213     3.2800       4.68      0.754     0.4318     0.2437  1.000e-12  1.5511000    34.4192    34.4191    -0.0001     0.0009    26.9242    26.9241     94.093     94.304    1480.51    1480.52     6.2763     6.3742    93.1760    94.6310  0.000e+00
      36031     95.500     7.2660     7.2676    3.50438    3.50465          1     3.5203     3.2797       3.67      0.319     0.4308     0.2503  1.000e-12  1.3231000    34.4203    34.4216     0.0013     0.0016    26.9250    26.9258     94.588     94.800    1480.53    1480.53     6.2748     6.3678    93.1560    94.5410  0.000e+00
