ctdpy/tests/etc/exprapp_feb_2020/SBE09_1387_20200208_0640_77_10_0125.cnv
* Sea-Bird SBE 9 Data File:
* FileName = L:\2020\sv20d0125.hex
* Software Version Seasave V 7.26.7.121
* Temperature SN = 6378
* Conductivity SN = 4824
* Number of Bytes Per Scan = 41
* Number of Voltage Words = 4
* Number of Scans Averaged by the Deck Unit = 1
* NMEA Latitude = 55 00.97 N
* NMEA Longitude = 013 18.01 E
* NMEA UTC (Time) = Feb 08 2020  06:40:09
* NMEA baud rate = 4800
** Station:  BY1
** Operator:  DBSj/SSip
** Ship: SVEA
** Average sound velocity: 1441.72 m/s
** True-depth calculation Sat, 08 Feb 2020 08:02:12 +0000
** CTD Python Module SMHI /ver 3-12/ feb 2012 
** LIMS Job: 20207710-0125
** Cruise: SMHI-03-2020
** Latitude [GG MM.mm N] :
** Longitude [GGG MM.mm E]:
# nquan = 30
# nvalues = 83                          
# units = specified
# name 0 = scan: Scan Count
# name 1 = prDM: Pressure, Digiquartz [db]
# name 2 = t090C: Temperature [ITS-90, deg C]
# name 3 = t190C: Temperature, 2 [ITS-90, deg C]
# name 4 = c0S/m: Conductivity [S/m]
# name 5 = c1S/m: Conductivity, 2 [S/m]
# name 6 = pumps: Pump Status
# name 7 = sbeox0V: Oxygen raw, SBE 43 [V]
# name 8 = sbeox1V: Oxygen raw, SBE 43, 2 [V]
# name 9 = altM: Altimeter [m]
# name 10 = dz/dtM: Descent Rate [m/s]
# name 11 = flECO-AFL: Chl-a Fluorescence, WET Labs ECO-AFL/FL [mg/m^3]
# name 12 = flECO-AFL1: Phycocyanin Fluorescence, WET Labs ECO-AFL/FL, 2 [mg/m^3]
# name 13 = par: PAR/Irradiance, Biospherical/Lico [µE/(cm^2*s)]
# name 14 = turbWETntu0: Turbidity, WET Labs ECO [NTU]
# name 15 = sal00: Salinity, Practical [PSU]
# name 16 = sal11: Salinity, Practical, 2 [PSU]
# name 17 = secS-priS: Salinity, Practical, Difference, 2 - 1 [PSU]
# name 18 = T2-T190C: Temperature Difference, 2 - 1 [ITS-90, deg C]
# name 19 = sigma-t00: Density [sigma-t, kg/m^3 ]
# name 20 = sigma-t11: Density, 2 [sigma-t, kg/m^3 ]
# name 21 = depSM: Depth [salt water, m], lat = 55.0162
# name 22 = depFM: Depth [true depth, m], lat = 55.0162
# name 23 = svCM: Sound Velocity [Chen-Millero, m/s]
# name 24 = svCM1: Sound Velocity, 2 [Chen-Millero, m/s]
# name 25 = sbeox0ML/L: Oxygen, SBE 43 [ml/l], WS = 2
# name 26 = sbeox1ML/L: Oxygen, SBE 43, 2 [ml/l], WS = 2
# name 27 = sbeox0PS: Oxygen, SBE 43 [% saturation], WS = 2
# name 28 = sbeox1PS: Oxygen, SBE 43, 2 [% saturation], WS = 2
# name 29 = flag: flag
# span 0 =      19125,      24081       
# span 1 =      1.000,     43.000       
# span 2 =     5.2573,     6.3423       
# span 3 =     5.2571,     6.3512       
# span 4 =   0.936396,   2.002715       
# span 5 =   0.936462,   2.007163       
# span 6 =          1,          1       
# span 7 =     2.9390,     3.6071       
# span 8 =     2.7336,     3.3619       
# span 9 =       1.33,      44.47       
# span 10 =     -0.161,      0.448      
# span 11 =     0.3062,     1.1495      
# span 12 =     0.2025,     0.3888      
# span 13 = -1.374e-13, 2.8386e+01      
# span 14 =     0.1478,     0.4445      
# span 15 =     8.6586,    19.1197      
# span 16 =     8.6593,    19.1610      
# span 17 =    -0.0255,     0.0467      
# span 18 =    -0.0062,     0.0109      
# span 19 =     6.8331,    15.0010      
# span 20 =     6.8336,    15.0327      
# span 21 =      0.991,     42.608      
# span 22 =      1.012,     43.442      
# span 23 =    1438.63,    1456.87      
# span 24 =    1438.63,    1456.96      
# span 25 =     5.6709,     7.9844      
# span 26 =     5.7449,     8.1180      
# span 27 =     74.493,     95.381      
# span 28 =     75.502,     96.977      
# span 29 = 0.0000e+00, 0.0000e+00      
# interval = decibars: 0.5              
# start_time = Feb 08 2020 06:40:09 [NMEA time, first data scan]
# bad_flag = -9.990e-29
*END*
      19125      1.000     5.3008     5.3006    0.93662    0.93667          1     3.6067     3.3619      44.47     -0.014     1.0553     0.3425  2.839e+01  0.2060000     8.6614     8.6620     0.0006    -0.0002     6.8352     6.8357      0.991      1.012    1438.63    1438.63     7.9799     8.1064    95.3290    96.8410  0.000e+00
      19226      1.500     5.3006     5.3008    0.93661    0.93675          1     3.6070     3.3618      44.28      0.325     1.0447     0.3229  1.147e+01  0.2124000     8.6614     8.6627     0.0013     0.0001     6.8352     6.8362      1.486      1.517    1438.64    1438.64     7.9827     8.1106    95.3620    96.8910  0.000e+00
      19276      2.000     5.3008     5.3007    0.93666    0.93673          1     3.6071     3.3618      44.29      0.266     1.0511     0.3219  8.712e+00  0.2079000     8.6617     8.6624     0.0008    -0.0001     6.8354     6.8360      1.982      2.023    1438.65    1438.65     7.9809     8.1097    95.3420    96.8800  0.000e+00
      19307      2.500     5.3010     5.3010    0.93670    0.93684          1     3.6066     3.3618      43.39      0.325     1.0426     0.3574  7.552e+00  0.2120000     8.6620     8.6634     0.0014    -0.0000     6.8356     6.8368      2.477      2.529    1438.66    1438.66     7.9789     8.1082    95.3180    96.8640  0.000e+00
      19336      3.000     5.3011     5.3006    0.93674    0.93675          1     3.6061     3.3611      42.85      0.447     1.0590     0.3221  6.515e+00  0.2211000     8.6623     8.6625     0.0002    -0.0004     6.8359     6.8361      2.973      3.035    1438.67    1438.66     7.9775     8.0981    95.3010    96.7410  0.000e+00
      19371      3.500     5.3011     5.3010    0.93674    0.93683          1     3.6055     3.3592      42.16      0.333     1.0928     0.3230  5.712e+00  0.2138000     8.6622     8.6632     0.0009    -0.0001     6.8358     6.8366      3.468      3.541    1438.67    1438.67     7.9773     8.0932    95.2990    96.6850  0.000e+00
      19402      4.000     5.3015     5.3022    0.93686    0.93715          1     3.6053     3.3583      41.59      0.378     1.0741     0.3394  5.018e+00  0.2067000     8.6632     8.6660     0.0028     0.0007     6.8366     6.8387      3.964      4.046    1438.69    1438.69     7.9785     8.0933    95.3150    96.6900  0.000e+00
      19435      4.500     5.3020     5.3023    0.93703    0.93719          1     3.6052     3.3576      41.06      0.363     1.0999     0.3265  4.269e+00  0.2095000     8.6647     8.6662     0.0016     0.0003     6.8377     6.8389      4.459      4.552    1438.70    1438.70     7.9798     8.0978    95.3330    96.7440  0.000e+00
      19466      5.000     5.3022     5.3019    0.93707    0.93706          1     3.6056     3.3579      40.69      0.392     1.1036     0.3707  3.839e+00  0.2166000     8.6649     8.6649    -0.0000    -0.0002     6.8379     6.8379      4.955      5.058    1438.71    1438.70     7.9812     8.1077    95.3500    96.8610  0.000e+00
      19499      5.500     5.3015     5.3014    0.93682    0.93692          1     3.6055     3.3590      40.28      0.367     1.1495     0.3063  3.210e+00  0.2178000     8.6626     8.6636     0.0010    -0.0001     6.8361     6.8369      5.450      5.564    1438.71    1438.71     7.9816     8.1079    95.3520    96.8610  0.000e+00
      19529      6.000     5.3013     5.3010    0.93677    0.93681          1     3.6057     3.3588      39.37      0.376     1.1286     0.3753  2.898e+00  0.2146000     8.6620     8.6625     0.0005    -0.0003     6.8357     6.8361      5.946      6.070    1438.71    1438.71     7.9838     8.1051    95.3770    96.8260  0.000e+00
      19559      6.500     5.3004     5.3000    0.93661    0.93663          1     3.6061     3.3591      38.64      0.417     1.1151     0.3088  2.488e+00  0.2188000     8.6606     8.6609     0.0003    -0.0004     6.8346     6.8348      6.441      6.576    1438.72    1438.71     7.9844     8.1089    95.3810    96.8680  0.000e+00
      19595      7.000     5.2997     5.2998    0.93646    0.93660          1     3.6058     3.3591      38.45      0.339     1.1421     0.3294  2.221e+00  0.2169000     8.6593     8.6606     0.0013     0.0001     6.8336     6.8346      6.937      7.081    1438.72    1438.72     7.9821     8.1070    95.3520    96.8450  0.000e+00
      19630      7.500     5.2993     5.2991    0.93640    0.93646          1     3.6049     3.3590      37.96      0.326     1.1280     0.3307  1.908e+00  0.2065000     8.6586     8.6593     0.0007    -0.0002     6.8331     6.8336      7.432      7.587    1438.72    1438.72     7.9772     8.1066    95.2920    96.8380  0.000e+00
      19659      8.000     5.2995     5.2993    0.93646    0.93652          1     3.6043     3.3590      37.56      0.406     1.1033     0.3251  1.696e+00  0.2096000     8.6591     8.6598     0.0006    -0.0002     6.8334     6.8340      7.928      8.093    1438.73    1438.73     7.9795     8.1089    95.3200    96.8660  0.000e+00
      19693      8.500     5.3012     5.2998    0.93686    0.93664          1     3.6038     3.3588      36.90      0.376     1.0876     0.3491  1.495e+00  0.2126000     8.6627     8.6608    -0.0019    -0.0014     6.8362     6.8347      8.423      8.599    1438.75    1438.74     7.9767     8.1021    95.2930    96.7870  0.000e+00
      19730      9.000     5.3017     5.3012    0.93698    0.93696          1     3.6037     3.3580      36.41      0.308     1.1188     0.3680  1.286e+00  0.2128000     8.6636     8.6635    -0.0001    -0.0004     6.8369     6.8369      8.919      9.105    1438.77    1438.76     7.9821     8.1081    95.3590    96.8630  0.000e+00
      19760      9.500     5.3004     5.3012    0.93669    0.93699          1     3.6042     3.3587      35.98      0.383     1.0962     0.3776  1.185e+00  0.2154000     8.6610     8.6638     0.0028     0.0009     6.8349     6.8370      9.414      9.610    1438.76    1438.77     7.9822     8.1130    95.3560    96.9230  0.000e+00
      19788     10.000     5.2996     5.2996    0.93651    0.93663          1     3.6038     3.3588      35.49      0.431     1.0774     0.3498  1.041e+00  0.2110000     8.6593     8.6605     0.0012     0.0000     6.8336     6.8345      9.910     10.116    1438.77    1438.77     7.9781     8.1039    95.3040    96.8070  0.000e+00
      19820     10.500     5.3010     5.3008    0.93685    0.93691          1     3.6033     3.3580      34.96      0.383     1.0873     0.3184  8.766e-01  0.2218000     8.6623     8.6630     0.0006    -0.0002     6.8359     6.8364     10.405     10.622    1438.78    1438.79     7.9796     8.1063    95.3260    96.8400  0.000e+00
      19853     11.000     5.3006     5.3003    0.93678    0.93683          1     3.6033     3.3584      34.50      0.355     1.1063     0.3302  8.088e-01  0.2226000     8.6616     8.6622     0.0006    -0.0002     6.8353     6.8358     10.901     11.128    1438.79    1438.79     7.9824     8.1147    95.3590    96.9390  0.000e+00
      19883     11.500     5.3003     5.3001    0.93673    0.93678          1     3.6035     3.3592      33.97      0.398     1.0713     0.3674  7.109e-01  0.2128000     8.6611     8.6617     0.0006    -0.0001     6.8350     6.8355     11.396     11.634    1438.80    1438.80     7.9797     8.1180    95.3260    96.9770  0.000e+00
      19915     12.000     5.3004     5.3007    0.93675    0.93694          1     3.6024     3.3590      33.35      0.386     1.0452     0.3621  6.212e-01  0.2112000     8.6613     8.6630     0.0018     0.0004     6.8351     6.8365     11.891     12.139    1438.80    1438.81     7.9739     8.1018    95.2570    96.7870  0.000e+00
      19948     12.500     5.3009     5.3009    0.93691    0.93702          1     3.6016     3.3574      32.93      0.359     1.0453     0.3433  5.570e-01  0.2258000     8.6626     8.6637     0.0011     0.0000     6.8361     6.8370     12.387     12.645    1438.82    1438.82     7.9774     8.0963    95.3010    96.7210  0.000e+00
      19981     13.000     5.3021     5.3020    0.93717    0.93726          1     3.6019     3.3560      32.45      0.367     1.0530     0.3681  4.939e-01  0.2100000     8.6648     8.6657     0.0009    -0.0001     6.8378     6.8385     12.882     13.151    1438.83    1438.83     7.9772     8.0940    95.3030    96.6980  0.000e+00
      20014     13.500     5.3027     5.3025    0.93732    0.93737          1     3.6012     3.3554      31.89      0.362     1.0759     0.3469  4.335e-01  0.2109000     8.6661     8.6666     0.0005    -0.0002     6.8388     6.8392     13.378     13.657    1438.84    1438.84     7.9747     8.0997    95.2750    96.7680  0.000e+00
      20049     14.000     5.3026     5.3026    0.93728    0.93737          1     3.6010     3.3550      31.41      0.349     1.0543     0.3421  3.745e-01  0.2110000     8.6656     8.6666     0.0010    -0.0000     6.8384     6.8392     13.873     14.163    1438.85    1438.85     7.9764     8.0961    95.2940    96.7250  0.000e+00
      20080     14.500     5.3026     5.3023    0.93729    0.93731          1     3.6007     3.3544      30.86      0.372     1.0776     0.3875  3.332e-01  0.2214000     8.6656     8.6659     0.0003    -0.0004     6.8384     6.8387     14.369     14.669    1438.86    1438.86     7.9722     8.0988    95.2450    96.7560  0.000e+00
      20111     15.000     5.3040     5.3042    0.93766    0.93786          1     3.5995     3.3546      30.38      0.387     1.0563     0.3306  2.883e-01  0.2189000     8.6689     8.6708     0.0019     0.0002     6.8410     6.8424     14.864     15.174    1438.88    1438.88     7.9707     8.0997    95.2320    96.7750  0.000e+00
      20143     15.500     5.3028     5.3033    0.93735    0.93759          1     3.5991     3.3539      29.90      0.378     1.0417     0.3503  2.634e-01  0.2144000     8.6660     8.6683     0.0023     0.0006     6.8387     6.8405     15.360     15.680    1438.88    1438.88     7.9685     8.0925    95.2010    96.6850  0.000e+00
      20174     16.000     5.3034     5.3051    0.93753    0.93810          1     3.5982     3.3534      29.34      0.383     1.0101     0.3888  2.309e-01  0.2215000     8.6675     8.6728     0.0052     0.0018     6.8399     6.8440     15.855     16.186    1438.89    1438.90     7.9701     8.0938    95.2220    96.7080  0.000e+00
      20205     16.500     5.3053     5.3053    0.93804    0.93809          1     3.5984     3.3529      28.76      0.391     1.0196     0.3717  1.956e-01  0.2099000     8.6721     8.6726     0.0005    -0.0001     6.8434     6.8439     16.351     16.692    1438.91    1438.91     7.9724     8.0947    95.2570    96.7190  0.000e+00
      20236     17.000     5.3050     5.3047    0.93793    0.93798          1     3.5978     3.3526      28.22      0.393     1.0257     0.3766  1.720e-01  0.2144000     8.6711     8.6716     0.0006    -0.0003     6.8426     6.8431     16.846     17.198    1438.91    1438.92     7.9618     8.0864    95.1300    96.6170  0.000e+00
      20270     17.500     5.3056     5.3052    0.93808    0.93829          1     3.5958     3.3507      27.69      0.354     0.9941     0.3381  1.427e-01  0.2072000     8.6723     8.6745     0.0022    -0.0004     6.8435     6.8453     17.342     17.703    1438.93    1438.93     7.9591     8.0801    95.0990    96.5450  0.000e+00
      20302     18.000     5.3049     5.3050    0.93911    0.93918          1     3.5947     3.3499      27.26      0.366     0.9933     0.3311  1.235e-01  0.2087000     8.6826     8.6833     0.0007     0.0001     6.8517     6.8523     17.837     18.209    1438.95    1438.95     7.9584     8.0831    95.0950    96.5860  0.000e+00
      20333     18.500     5.3031     5.3033    0.93939    0.93944          1     3.5941     3.3497      26.66      0.388     0.9517     0.3548  1.026e-01  0.2050000     8.6858     8.6862     0.0004     0.0002     6.8544     6.8547     18.332     18.715    1438.95    1438.95     7.9567     8.0925    95.0740    96.6960  0.000e+00
      20371     19.000     5.3018     5.3022    0.93962    0.93964          1     3.5927     3.3499      26.13      0.318     0.9517     0.3430  8.842e-02  0.2018000     8.6884     8.6885     0.0001     0.0004     6.8565     6.8565     18.828     19.221    1438.96    1438.96     7.9524     8.0797    95.0200    96.5420  0.000e+00
      20402     19.500     5.3022     5.3022    0.93962    0.93967          1     3.5915     3.3481      25.71      0.360     0.9554     0.3433  7.461e-02  0.2038000     8.6882     8.6887     0.0005     0.0000     6.8563     6.8567     19.323     19.727    1438.97    1438.97     7.9496     8.0752    94.9880    96.4880  0.000e+00
      20431     20.000     5.3001     5.3001    0.93988    0.93996          1     3.5908     3.3473      25.24      0.420     0.9216     0.3612  5.741e-02  0.1967000     8.6912     8.6921     0.0008    -0.0000     6.8588     6.8594     19.819     20.232    1438.97    1438.97     7.9511     8.0750    95.0020    96.4830  0.000e+00
      20467     20.500     5.2984     5.2985    0.94015    0.94020          1     3.5900     3.3462      24.55      0.338     0.9007     0.3421  4.449e-02  0.2080000     8.6943     8.6947     0.0005     0.0002     6.8613     6.8616     20.314     20.738    1438.97    1438.97     7.9491     8.0705    94.9770    96.4280  0.000e+00
      20498     21.000     5.2959     5.2957    0.94057    0.94066          1     3.5893     3.3448      23.80      0.365     0.8857     0.3099  3.388e-02  0.2022000     8.6990     8.7000     0.0009    -0.0002     6.8652     6.8659     20.810     21.244    1438.98    1438.98     7.9439     8.0636    94.9120    96.3410  0.000e+00
      20524     21.500     5.2926     5.2925    0.94124    0.94132          1     3.5874     3.3435      23.61      0.448     0.8850     0.3237  2.094e-02  0.2039000     8.7065     8.7074     0.0009    -0.0001     6.8712     6.8719     21.305     21.750    1438.98    1438.98     7.9381     8.0692    94.8390    96.4060  0.000e+00
      20558     22.000     5.2883     5.2881    0.94226    0.94233          1     3.5865     3.3436      23.13      0.377     0.8606     0.3302  9.094e-03  0.1999000     8.7177     8.7185     0.0007    -0.0002     6.8803     6.8809     21.801     22.256    1438.98    1438.98     7.9443     8.0751    94.9100    96.4720  0.000e+00
      20591     22.500     5.2779     5.2779    0.94377    0.94388          1     3.5865     3.3435      22.61      0.345     0.8429     0.2937  2.150e-03  0.2006000     8.7354     8.7365     0.0011    -0.0000     6.8947     6.8956     22.296     22.761    1438.97    1438.97     7.9474     8.0757    94.9320    96.4660  0.000e+00
      20620     23.000     5.2698     5.2700    0.94521    0.94537          1     3.5862     3.3432      22.10      0.411     0.8169     0.3065  4.071e-05  0.2027000     8.7518     8.7533     0.0016     0.0001     6.9081     6.9093     22.791     23.267    1438.96    1438.96     7.9451     8.0761    94.8970    96.4630  0.000e+00
      20655     23.500     5.2700     5.2702    0.94679    0.94700          1     3.5857     3.3431      21.54      0.353     0.8070     0.3160 -1.374e-13  0.1908000     8.7674     8.7695     0.0021     0.0002     6.9204     6.9220     23.287     23.773    1438.99    1438.99     7.9433     8.0710    94.8850    96.4130  0.000e+00
      20690     24.000     5.2671     5.2661    0.94969    0.95007          1     3.5848     3.3415      21.04      0.338     0.8139     0.3139  1.000e-12  0.1897000     8.7971     8.8011     0.0040    -0.0010     6.9440     6.9472     23.782     24.279    1439.02    1439.02     7.9388     8.0590    94.8440    96.2790  0.000e+00
      20721     24.500     5.2615     5.2614    0.95140    0.95158          1     3.5838     3.3407      20.55      0.380     0.7916     0.3052  1.000e-12  0.2042000     8.8155     8.8173     0.0018    -0.0001     6.9588     6.9603     24.278     24.784    1439.03    1439.03     7.9346     8.0667    94.7910    96.3710  0.000e+00
