ctdpy/tests/etc/exprapp_feb_2020/SBE09_1387_20200211_0511_77_10_0140.cnv
* Sea-Bird SBE 9 Data File:
* FileName = L:\2020\sv20d0140.hex
* Software Version Seasave V 7.26.7.121
* Temperature SN = 6378
* Conductivity SN = 4824
* Number of Bytes Per Scan = 41
* Number of Voltage Words = 4
* Number of Scans Averaged by the Deck Unit = 1
* NMEA Latitude = 59 02.08 N
* NMEA Longitude = 021 06.12 E
* NMEA UTC (Time) = Feb 11 2020  05:11:02
* NMEA baud rate = 4800
** Station:  BY28
** Operator:  SSip
** Ship: SVEA
** Average sound velocity: 1443.90 m/s
** True-depth calculation Tue, 11 Feb 2020 06:26:08 +0000
** CTD Python Module SMHI /ver 3-12/ feb 2012 
** LIMS Job: 20207710-0140
** Cruise: SMHI-03-2020
** Latitude [GG MM.mm N] :
** Longitude [GGG MM.mm E]:
# nquan = 30
# nvalues = 399                         
# units = specified
# name 0 = scan: Scan Count
# name 1 = prDM: Pressure, Digiquartz [db]
# name 2 = t090C: Temperature [ITS-90, deg C]
# name 3 = t190C: Temperature, 2 [ITS-90, deg C]
# name 4 = c0S/m: Conductivity [S/m]
# name 5 = c1S/m: Conductivity, 2 [S/m]
# name 6 = pumps: Pump Status
# name 7 = sbeox0V: Oxygen raw, SBE 43 [V]
# name 8 = sbeox1V: Oxygen raw, SBE 43, 2 [V]
# name 9 = altM: Altimeter [m]
# name 10 = dz/dtM: Descent Rate [m/s]
# name 11 = flECO-AFL: Chl-a Fluorescence, WET Labs ECO-AFL/FL [mg/m^3]
# name 12 = flECO-AFL1: Phycocyanin Fluorescence, WET Labs ECO-AFL/FL, 2 [mg/m^3]
# name 13 = par: PAR/Irradiance, Biospherical/Lico [µE/(cm^2*s)]
# name 14 = turbWETntu0: Turbidity, WET Labs ECO [NTU]
# name 15 = sal00: Salinity, Practical [PSU]
# name 16 = sal11: Salinity, Practical, 2 [PSU]
# name 17 = secS-priS: Salinity, Practical, Difference, 2 - 1 [PSU]
# name 18 = T2-T190C: Temperature Difference, 2 - 1 [ITS-90, deg C]
# name 19 = sigma-t00: Density [sigma-t, kg/m^3 ]
# name 20 = sigma-t11: Density, 2 [sigma-t, kg/m^3 ]
# name 21 = depSM: Depth [salt water, m], lat = 59.0347
# name 22 = depFM: Depth [true depth, m], lat = 59.0347
# name 23 = svCM: Sound Velocity [Chen-Millero, m/s]
# name 24 = svCM1: Sound Velocity, 2 [Chen-Millero, m/s]
# name 25 = sbeox0ML/L: Oxygen, SBE 43 [ml/l], WS = 2
# name 26 = sbeox1ML/L: Oxygen, SBE 43, 2 [ml/l], WS = 2
# name 27 = sbeox0PS: Oxygen, SBE 43 [% saturation], WS = 2
# name 28 = sbeox1PS: Oxygen, SBE 43, 2 [% saturation], WS = 2
# name 29 = flag: flag
# span 0 =      31827,      42462       
# span 1 =      4.000,    203.000       
# span 2 =     4.9268,     6.5305       
# span 3 =     4.9261,     6.5303       
# span 4 =   0.760146,   1.242667       
# span 5 =   0.760372,   1.242747       
# span 6 =          1,          1       
# span 7 =     0.7420,     3.5086       
# span 8 =     0.7267,     3.2744       
# span 9 =       3.78,     111.88       
# span 10 =     -0.381,      1.714      
# span 11 =     0.3207,     0.4805      
# span 12 =     0.1327,     0.3093      
# span 13 = -1.761e-05, 4.8217e-01      
# span 14 =     0.1448,     7.8849      
# span 15 =     6.9976,    11.2944      
# span 16 =     6.9999,    11.2954      
# span 17 =    -0.1158,     0.2926      
# span 18 =    -0.0194,     0.0346      
# span 19 =     5.5349,     8.8361      
# span 20 =     5.5367,     8.8369      
# span 21 =      3.962,    201.003      
# span 22 =      4.052,    205.243      
# span 23 =    1434.93,    1450.43      
# span 24 =    1434.93,    1450.43      
# span 25 =     0.0456,     7.8827      
# span 26 =     0.0753,     8.0264      
# span 27 =      0.572,     92.254      
# span 28 =      0.928,     93.938      
# span 29 = 0.0000e+00, 0.0000e+00      
# interval = decibars: 0.5              
# start_time = Feb 11 2020 05:11:02 [NMEA time, first data scan]
# bad_flag = -9.990e-29
*END*
[from data line 339]
      40533    173.500     6.5217     6.5215    1.24060    1.24070          1     0.7441     0.7301      34.20      0.587     0.4411     0.2597  1.000e-12  0.7286000    11.2824    11.2834     0.0010    -0.0002     8.8272     8.8281    171.805    175.459    1449.90    1449.90     0.0509     0.0867     0.6380     1.0860  0.000e+00
      40555    174.000     6.5219     6.5215    1.24059    1.24071          1     0.7442     0.7300      33.64      0.481     0.4536     0.2624  1.000e-12  0.6651000    11.2822    11.2834     0.0012    -0.0003     8.8271     8.8280    172.300    175.964    1449.91    1449.91     0.0516     0.0857     0.6460     1.0740  0.000e+00
      40572    174.500     6.5218     6.5215    1.24059    1.24070          1     0.7439     0.7298      33.19      0.577     0.4374     0.2562  1.000e-12  0.6566000    11.2820    11.2833     0.0013    -0.0003     8.8269     8.8279    172.795    176.469    1449.92    1449.92     0.0503     0.0866     0.6300     1.0850  0.000e+00
      40592    175.000     6.5217     6.5215    1.24059    1.24070          1     0.7439     0.7299      32.63      0.658     0.4336     0.2508  1.000e-12  0.7094000    11.2820    11.2832     0.0012    -0.0002     8.8269     8.8279    173.290    176.974    1449.93    1449.93     0.0504     0.0865     0.6320     1.0840  0.000e+00
      40649    175.500     6.5218     6.5216    1.24060    1.24070          1     0.7438     0.7299      31.85      0.164     0.4515     0.2020  1.000e-12  0.6143000    11.2820    11.2831     0.0011    -0.0002     8.8269     8.8278    173.785    177.479    1449.93    1449.94     0.0502     0.0882     0.6290     1.1060  0.000e+00
      40673    176.000     6.5220     6.5216    1.24063    1.24074          1     0.7438     0.7296      31.58      0.316     0.4442     0.1888  1.000e-12  0.6291000    11.2821    11.2833     0.0012    -0.0004     8.8270     8.8280    174.280    177.983    1449.94    1449.94     0.0506     0.0856     0.6340     1.0730  0.000e+00
      40686    176.500     6.5218     6.5215    1.24059    1.24069          1     0.7440     0.7296      31.28      0.575     0.4423     0.1903  1.000e-12  0.6425000    11.2817    11.2828     0.0012    -0.0004     8.8267     8.8276    174.775    178.488    1449.95    1449.95     0.0518     0.0832     0.6490     1.0430  0.000e+00
      40697    177.000     6.5219     6.5215    1.24058    1.24070          1     0.7436     0.7293      30.88      0.793     0.4409     0.1957  1.000e-12  0.6570000    11.2815    11.2827     0.0012    -0.0003     8.8266     8.8275    175.270    178.993    1449.96    1449.96     0.0498     0.0821     0.6240     1.0290  0.000e+00
      40707    177.500     6.5219     6.5217    1.24062    1.24072          1     0.7439     0.7292      30.43      0.971     0.4434     0.2202  1.000e-12  0.6587000    11.2818    11.2829     0.0011    -0.0003     8.8267     8.8276    175.765    179.498    1449.97    1449.97     0.0501     0.0834     0.6280     1.0450  0.000e+00
      40718    178.000     6.5219     6.5217    1.24061    1.24076          1     0.7437     0.7293      29.88      1.096     0.4492     0.2198  1.000e-12  0.6616000    11.2816    11.2832     0.0015    -0.0002     8.8266     8.8279    176.259    180.003    1449.98    1449.98     0.0496     0.0850     0.6210     1.0650  0.000e+00
      40732    178.500     6.5220     6.5216    1.24066    1.24075          1     0.7436     0.7292      29.24      1.082     0.4546     0.2328  1.000e-12  0.6660000    11.2819    11.2830     0.0010    -0.0003     8.8269     8.8277    176.754    180.507    1449.99    1449.98     0.0499     0.0852     0.6250     1.0670  0.000e+00
      40795    179.000     6.5219     6.5217    1.24066    1.24074          1     0.7436     0.7293      28.32      0.446     0.4477     0.2402  1.000e-12  0.6565000    11.2819    11.2828     0.0009    -0.0002     8.8269     8.8276    177.249    181.012    1449.99    1449.99     0.0507     0.0851     0.6350     1.0660  0.000e+00
      40865    179.500     6.5220     6.5218    1.24067    1.24078          1     0.7437     0.7292      27.72      0.198     0.4544     0.1933  1.000e-12  0.6257000    11.2819    11.2830     0.0011    -0.0002     8.8268     8.8277    177.744    181.517    1450.00    1450.00     0.0504     0.0868     0.6320     1.0880  0.000e+00
      40882    180.000     6.5222     6.5218    1.24073    1.24081          1     0.7437     0.7293      27.39      0.417     0.4533     0.2060  1.000e-12  0.6240000    11.2823    11.2832     0.0010    -0.0004     8.8271     8.8279    178.239    182.022    1450.01    1450.01     0.0501     0.0843     0.6280     1.0560  0.000e+00
      40896    180.500     6.5223     6.5220    1.24075    1.24086          1     0.7436     0.7291      26.98      0.602     0.4441     0.2606  1.000e-12  0.6849000    11.2823    11.2835     0.0012    -0.0003     8.8271     8.8281    178.734    182.527    1450.02    1450.02     0.0500     0.0830     0.6260     1.0400  0.000e+00
      40907    181.000     6.5223     6.5220    1.24074    1.24085          1     0.7436     0.7291      26.60      0.781     0.4412     0.2286  1.000e-12  0.6981000    11.2821    11.2833     0.0012    -0.0003     8.8270     8.8280    179.229    183.032    1450.03    1450.03     0.0500     0.0843     0.6270     1.0560  0.000e+00
      40918    181.500     6.5223     6.5220    1.24075    1.24086          1     0.7437     0.7291      26.18      0.935     0.4501     0.1724  1.000e-12  0.6832000    11.2821    11.2833     0.0012    -0.0003     8.8270     8.8280    179.724    183.536    1450.03    1450.03     0.0507     0.0848     0.6360     1.0620  0.000e+00
      40929    182.000     6.5223     6.5220    1.24076    1.24086          1     0.7436     0.7290      25.67      1.051     0.4523     0.1754  1.000e-12  0.6741000    11.2822    11.2833     0.0010    -0.0002     8.8271     8.8279    180.219    184.041    1450.04    1450.04     0.0502     0.0848     0.6290     1.0620  0.000e+00
      40942    182.500     6.5225     6.5221    1.24080    1.24089          1     0.7437     0.7291      25.07      1.077     0.4523     0.2309  1.000e-12  0.6924000    11.2824    11.2835     0.0011    -0.0004     8.8272     8.8281    180.714    184.546    1450.05    1450.05     0.0500     0.0856     0.6270     1.0720  0.000e+00
      40969    183.000     6.5225     6.5222    1.24081    1.24091          1     0.7436     0.7291      24.29      0.742     0.4544     0.2336  1.000e-12  0.6836000    11.2825    11.2836     0.0011    -0.0003     8.8273     8.8281    181.208    185.051    1450.06    1450.06     0.0496     0.0851     0.6210     1.0660  0.000e+00
      41031    183.500     6.5224     6.5221    1.24080    1.24088          1     0.7436     0.7291      23.54      0.104     0.4521     0.2350  1.000e-12  0.6160000    11.2823    11.2831     0.0009    -0.0003     8.8271     8.8278    181.703    185.556    1450.07    1450.07     0.0496     0.0851     0.6210     1.0670  0.000e+00
      41052    184.000     6.5225     6.5221    1.24080    1.24090          1     0.7435     0.7291      23.26      0.399     0.4668     0.2200  1.000e-12  0.7534000    11.2822    11.2833     0.0010    -0.0003     8.8270     8.8279    182.198    186.060    1450.07    1450.08     0.0496     0.0849     0.6210     1.0640  0.000e+00
      41071    184.500     6.5227     6.5224    1.24087    1.24098          1     0.7435     0.7290      22.85      0.561     0.4450     0.2316  1.000e-12  0.6990000    11.2827    11.2838     0.0011    -0.0003     8.8275     8.8283    182.693    186.565    1450.08    1450.09     0.0502     0.0847     0.6290     1.0610  0.000e+00
      41089    185.000     6.5229     6.5226    1.24092    1.24101          1     0.7436     0.7291      22.34      0.642     0.4456     0.2505  1.000e-12  0.6801000    11.2830    11.2841     0.0010    -0.0004     8.8277     8.8285    183.188    187.070    1450.09    1450.09     0.0496     0.0852     0.6210     1.0680  0.000e+00
      41106    185.500     6.5233     6.5230    1.24100    1.24110          1     0.7433     0.7291      21.81      0.678     0.4550     0.2823  1.000e-12  0.6740000    11.2836    11.2846     0.0011    -0.0003     8.8281     8.8289    183.683    187.575    1450.10    1450.10     0.0490     0.0835     0.6140     1.0470  0.000e+00
      41127    186.000     6.5231     6.5229    1.24096    1.24108          1     0.7434     0.7289      21.23      0.648     0.4400     0.2405  1.000e-12  0.6601000    11.2832    11.2844     0.0012    -0.0002     8.8278     8.8287    184.178    188.080    1450.11    1450.11     0.0498     0.0838     0.6240     1.0490  0.000e+00
      41158    186.500     6.5230     6.5228    1.24096    1.24107          1     0.7435     0.7289      20.56      0.451     0.4406     0.2321  1.000e-12  0.6903000    11.2831    11.2843     0.0012    -0.0001     8.8277     8.8287    184.673    188.584    1450.12    1450.12     0.0499     0.0841     0.6250     1.0540  0.000e+00
      41210    187.000     6.5231     6.5230    1.24099    1.24109          1     0.7434     0.7287      19.93      0.204     0.4492     0.2273  1.000e-12  0.7716000    11.2833    11.2843     0.0010    -0.0001     8.8278     8.8286    185.167    189.089    1450.13    1450.13     0.0486     0.0837     0.6090     1.0490  0.000e+00
      41242    187.500     6.5235     6.5232    1.24104    1.24115          1     0.7430     0.7289      19.54      0.310     0.4537     0.2616  1.000e-12  0.6883000    11.2835    11.2847     0.0011    -0.0002     8.8280     8.8290    185.662    189.594    1450.14    1450.14     0.0485     0.0835     0.6070     1.0460  0.000e+00
      41258    188.000     6.5236     6.5231    1.24107    1.24115          1     0.7434     0.7284      19.20      0.501     0.4402     0.2059  1.000e-12  0.6589000    11.2837    11.2846     0.0009    -0.0004     8.8281     8.8289    186.157    190.099    1450.15    1450.15     0.0505     0.0819     0.6320     1.0260  0.000e+00
      41271    188.500     6.5236     6.5232    1.24106    1.24116          1     0.7434     0.7287      18.74      0.681     0.4386     0.2113  1.000e-12  0.6732000    11.2835    11.2846     0.0011    -0.0004     8.8280     8.8289    186.652    190.604    1450.15    1450.15     0.0500     0.0832     0.6270     1.0430  0.000e+00
      41282    189.000     6.5235     6.5230    1.24104    1.24115          1     0.7432     0.7286      18.20      0.844     0.4419     0.2590  1.000e-12  0.6738000    11.2833    11.2845     0.0012    -0.0004     8.8279     8.8288    187.147    191.109    1450.16    1450.16     0.0479     0.0815     0.6000     1.0220  0.000e+00
      41293    189.500     6.5236     6.5233    1.24110    1.24119          1     0.7434     0.7285      17.43      0.980     0.4515     0.2591  1.000e-12  0.6742000    11.2838    11.2847     0.0009    -0.0004     8.8282     8.8289    187.642    191.613    1450.17    1450.17     0.0495     0.0807     0.6210     1.0110  0.000e+00
      41306    190.000     6.5236     6.5232    1.24109    1.24119          1     0.7433     0.7282      16.90      1.035     0.4554     0.2429  1.000e-12  0.6785000    11.2836    11.2846     0.0010    -0.0004     8.8280     8.8289    188.137    192.118    1450.18    1450.18     0.0490     0.0828     0.6150     1.0380  0.000e+00
      41369    190.500     6.5235     6.5233    1.24109    1.24118          1     0.7427     0.7285      16.01      0.407     0.4472     0.2389  1.000e-12  0.6588000    11.2835    11.2844     0.0009    -0.0003     8.8279     8.8287    188.632    192.623    1450.18    1450.18     0.0479     0.0817     0.6000     1.0240  0.000e+00
      41407    191.000     6.5238     6.5234    1.24110    1.24120          1     0.7431     0.7281      16.10      0.441     0.4427     0.2058  1.000e-12  0.6106000    11.2834    11.2845     0.0011    -0.0004     8.8279     8.8288    189.126    193.128    1450.19    1450.19     0.0493     0.0823     0.6170     1.0310  0.000e+00
      41417    191.500     6.5239     6.5234    1.24115    1.24122          1     0.7430     0.7281      15.77      0.741     0.4529     0.1905  1.000e-12  0.6763000    11.2838    11.2846     0.0008    -0.0004     8.8282     8.8289    189.621    193.633    1450.20    1450.20     0.0496     0.0830     0.6210     1.0400  0.000e+00
      41428    192.000     6.5240     6.5238    1.24121    1.24134          1     0.7431     0.7283      15.35      0.967     0.4555     0.1915  1.000e-12  0.6833000    11.2843    11.2856     0.0013    -0.0002     8.8285     8.8296    190.116    194.137    1450.21    1450.21     0.0490     0.0818     0.6140     1.0250  0.000e+00
      41441    192.500     6.5241     6.5239    1.24126    1.24136          1     0.7431     0.7281      14.79      1.078     0.4461     0.1924  1.000e-12  0.6794000    11.2846    11.2856     0.0010    -0.0002     8.8288     8.8296    190.611    194.642    1450.22    1450.22     0.0486     0.0806     0.6090     1.0100  0.000e+00
      41478    193.000     6.5241     6.5238    1.24125    1.24132          1     0.7429     0.7280      13.79      0.526     0.4484     0.2654  1.000e-12  0.6488000    11.2844    11.2852     0.0008    -0.0003     8.8287     8.8293    191.106    195.147    1450.23    1450.23     0.0478     0.0814     0.5980     1.0200  0.000e+00
      41521    193.500     6.5241     6.5238    1.24123    1.24132          1     0.7429     0.7280      13.26      0.211     0.4539     0.2403  1.000e-12  0.6276000    11.2841    11.2851     0.0010    -0.0003     8.8284     8.8292    191.601    195.652    1450.24    1450.24     0.0481     0.0817     0.6030     1.0230  0.000e+00
      41539    194.000     6.5244     6.5239    1.24130    1.24139          1     0.7429     0.7280      12.99      0.497     0.4456     0.1978  1.000e-12  0.6539000    11.2846    11.2857     0.0011    -0.0004     8.8288     8.8297    192.096    196.157    1450.25    1450.25     0.0481     0.0819     0.6020     1.0260  0.000e+00
      41560    194.500     6.5243     6.5240    1.24131    1.24141          1     0.7427     0.7279      12.47      0.603     0.4368     0.2151  1.000e-12  0.6751000    11.2846    11.2858     0.0011    -0.0002     8.8288     8.8297    192.590    196.661    1450.25    1450.26     0.0484     0.0816     0.6070     1.0230  0.000e+00
      41619    195.000     6.5244     6.5243    1.24133    1.24144          1     0.7429     0.7279      11.73      0.168     0.4507     0.2800  1.000e-12  0.6570000    11.2847    11.2858     0.0011    -0.0001     8.8289     8.8298    193.085    197.166    1450.26    1450.26     0.0482     0.0815     0.6040     1.0220  0.000e+00
      41646    195.500     6.5247     6.5243    1.24137    1.24149          1     0.7427     0.7279      11.48      0.298     0.4550     0.2687  1.000e-12  0.6473000    11.2850    11.2862     0.0013    -0.0004     8.8291     8.8301    193.580    197.671    1450.27    1450.27     0.0473     0.0817     0.5930     1.0230  0.000e+00
      41658    196.000     6.5251     6.5246    1.24147    1.24154          1     0.7424     0.7279      11.12      0.552     0.4531     0.2582  1.000e-12  0.6678000    11.2857    11.2865     0.0008    -0.0005     8.8296     8.8303    194.075    198.176    1450.28    1450.28     0.0470     0.0817     0.5890     1.0230  0.000e+00
      41668    196.500     6.5254     6.5250    1.24154    1.24164          1     0.7428     0.7279      10.75      0.776     0.4544     0.2482  1.000e-12  0.7431000    11.2862    11.2873     0.0011    -0.0004     8.8299     8.8309    194.570    198.681    1450.30    1450.29     0.0472     0.0817     0.5920     1.0230  0.000e+00
