ctdpy/tests/etc/exprapp_feb_2020/SBE09_1387_20200211_0829_77_10_0141.cnv
* Sea-Bird SBE 9 Data File:
* FileName = L:\2020\sv20d0141.hex
* Software Version Seasave V 7.26.7.121
* Temperature SN = 6378
* Conductivity SN = 4824
* Number of Bytes Per Scan = 41
* Number of Voltage Words = 4
* Number of Scans Averaged by the Deck Unit = 1
* NMEA Latitude = 59 17.99 N
* NMEA Longitude = 021 33.25 E
* NMEA UTC (Time) = Feb 11 2020  08:29:14
* NMEA baud rate = 4800
** Station:  BY27
** Operator:  DBSj
** Ship: SVEA
** Average sound velocity: 1442.23 m/s
** True-depth calculation Tue, 11 Feb 2020 10:43:49 +0000
** CTD Python Module SMHI /ver 3-12/ feb 2012 
** LIMS Job: 20207710-0141
** Cruise: SMHI-03-2020
** Latitude [GG MM.mm N] :
** Longitude [GGG MM.mm E]:
# nquan = 30
# nvalues = 345                         
# units = specified
# name 0 = scan: Scan Count
# name 1 = prDM: Pressure, Digiquartz [db]
# name 2 = t090C: Temperature [ITS-90, deg C]
# name 3 = t190C: Temperature, 2 [ITS-90, deg C]
# name 4 = c0S/m: Conductivity [S/m]
# name 5 = c1S/m: Conductivity, 2 [S/m]
# name 6 = pumps: Pump Status
# name 7 = sbeox0V: Oxygen raw, SBE 43 [V]
# name 8 = sbeox1V: Oxygen raw, SBE 43, 2 [V]
# name 9 = altM: Altimeter [m]
# name 10 = dz/dtM: Descent Rate [m/s]
# name 11 = flECO-AFL: Chl-a Fluorescence, WET Labs ECO-AFL/FL [mg/m^3]
# name 12 = flECO-AFL1: Phycocyanin Fluorescence, WET Labs ECO-AFL/FL, 2 [mg/m^3]
# name 13 = par: PAR/Irradiance, Biospherical/Lico [µE/(cm^2*s)]
# name 14 = turbWETntu0: Turbidity, WET Labs ECO [NTU]
# name 15 = sal00: Salinity, Practical [PSU]
# name 16 = sal11: Salinity, Practical, 2 [PSU]
# name 17 = secS-priS: Salinity, Practical, Difference, 2 - 1 [PSU]
# name 18 = T2-T190C: Temperature Difference, 2 - 1 [ITS-90, deg C]
# name 19 = sigma-t00: Density [sigma-t, kg/m^3 ]
# name 20 = sigma-t11: Density, 2 [sigma-t, kg/m^3 ]
# name 21 = depSM: Depth [salt water, m], lat = 59.2998
# name 22 = depFM: Depth [true depth, m], lat = 59.2998
# name 23 = svCM: Sound Velocity [Chen-Millero, m/s]
# name 24 = svCM1: Sound Velocity, 2 [Chen-Millero, m/s]
# name 25 = sbeox0ML/L: Oxygen, SBE 43 [ml/l], WS = 2
# name 26 = sbeox1ML/L: Oxygen, SBE 43, 2 [ml/l], WS = 2
# name 27 = sbeox0PS: Oxygen, SBE 43 [% saturation], WS = 2
# name 28 = sbeox1PS: Oxygen, SBE 43, 2 [% saturation], WS = 2
# name 29 = flag: flag
# span 0 =      24334,      34483       
# span 1 =      3.000,    175.000       
# span 2 =     4.8427,     6.4783       
# span 3 =     4.8425,     6.4779       
# span 4 =   0.758181,   1.229256       
# span 5 =   0.758252,   1.229326       
# span 6 =          1,          1       
# span 7 =     0.7424,     3.4921       
# span 8 =     0.7277,     3.2615       
# span 9 =       2.47,     101.84       
# span 10 =     -0.626,      1.205      
# span 11 =     0.3199,     0.5281      
# span 12 =     0.1200,     0.3151      
# span 13 = -1.820e-06, 6.1499e+01      
# span 14 =     0.1529,     9.1921      
# span 15 =     6.9946,    11.1851      
# span 16 =     6.9953,    11.1860      
# span 17 =    -0.0434,     0.0646      
# span 18 =    -0.0118,     0.0201      
# span 19 =     5.5354,     8.7539      
# span 20 =     5.5360,     8.7546      
# span 21 =      2.972,    173.286      
# span 22 =      3.039,    176.993      
# span 23 =    1434.57,    1449.60      
# span 24 =    1434.57,    1449.60      
# span 25 =     0.0463,     7.8543      
# span 26 =     0.0814,     8.0012      
# span 27 =      0.579,     91.723      
# span 28 =      1.018,     93.438      
# span 29 = 0.0000e+00, 0.0000e+00      
# interval = decibars: 0.5              
# start_time = Feb 11 2020 08:29:14 [NMEA time, first data scan]
# bad_flag = -9.990e-29
*END*
[from data line 242]
      31002    124.000     6.3579     6.3579    1.17860    1.17887          1     0.7497     0.7378      54.29      0.990     0.5075     0.2599  1.000e-12  8.3628000    10.7340    10.7366     0.0027     0.0000     8.4076     8.4097    122.801    125.493    1447.73    1447.74     0.0664     0.1092     0.8250     1.3570  0.000e+00
      31110    124.500     6.3487     6.3519    1.17392    1.17580          1     0.7494     0.7376      53.54      0.276     0.4935     0.2976  1.000e-12  7.8391000    10.6907    10.7082     0.0174     0.0033     8.3742     8.3877    123.296    125.998    1447.65    1447.68     0.0639     0.1096     0.7940     1.3630  0.000e+00
      31119    125.000     6.3546     6.3533    1.17684    1.17637          1     0.7492     0.7375      53.22      0.593     0.4936     0.3140  1.000e-12  7.7130000    10.7175    10.7133    -0.0042    -0.0013     8.3949     8.3916    123.791    126.503    1447.72    1447.70     0.0642     0.1079     0.7980     1.3420  0.000e+00
      31131    125.500     6.3670     6.3625    1.18297    1.18097          1     0.7492     0.7372      52.83      0.813     0.4953     0.2777  1.000e-12  7.5797000    10.7739    10.7556    -0.0183    -0.0045     8.4383     8.4243    124.286    127.008    1447.85    1447.80     0.0638     0.1068     0.7930     1.3280  0.000e+00
      31142    126.000     6.3735     6.3731    1.18577    1.18580          1     0.7493     0.7374      52.49      0.972     0.4914     0.2699  1.000e-12  7.1615000    10.7993    10.7997     0.0004    -0.0004     8.4579     8.4582    124.781    127.513    1447.91    1447.91     0.0644     0.1060     0.8020     1.3190  0.000e+00
      31154    126.500     6.3748     6.3746    1.18643    1.18654          1     0.7491     0.7370      51.94      1.054     0.4923     0.2820  1.000e-12  6.1986000    10.8053    10.8064     0.0011    -0.0002     8.4625     8.4634    125.276    128.018    1447.94    1447.94     0.0640     0.1049     0.7960     1.3050  0.000e+00
      31187    127.000     6.3767     6.3763    1.18731    1.18753          1     0.7489     0.7367      51.17      0.829     0.4789     0.2809  1.000e-12  5.6349000    10.8132    10.8156     0.0023    -0.0004     8.4686     8.4705    125.771    128.523    1447.96    1447.96     0.0648     0.1079     0.8060     1.3430  0.000e+00
      31274    127.500     6.3691     6.3699    1.18373    1.18458          1     0.7484     0.7364      50.62      0.409     0.4921     0.2047  1.000e-12  6.0359000    10.7804    10.7884     0.0081     0.0008     8.4433     8.4496    126.266    129.028    1447.89    1447.91     0.0611     0.1051     0.7600     1.3080  0.000e+00
      31284    128.000     6.3681     6.3739    1.18328    1.18635          1     0.7486     0.7363      50.10      0.701     0.4927     0.2363  1.000e-12  6.0661000    10.7762    10.8045     0.0283     0.0058     8.4401     8.4619    126.761    129.533    1447.89    1447.95     0.0626     0.1057     0.7780     1.3150  0.000e+00
      31294    128.500     6.3808     6.3831    1.18955    1.19073          1     0.7484     0.7363      49.08      0.927     0.4838     0.2654  1.000e-12  5.3561000    10.8337    10.8446     0.0109     0.0022     8.4844     8.4929    127.256    130.038    1448.03    1448.05     0.0626     0.1055     0.7790     1.3130  0.000e+00
      31304    129.000     6.3847     6.3844    1.19122    1.19134          1     0.7484     0.7363      48.96      1.089     0.4813     0.2669  1.000e-12  4.9501000    10.8489    10.8501     0.0012    -0.0003     8.4961     8.4971    127.751    130.543    1448.07    1448.07     0.0625     0.1061     0.7790     1.3210  0.000e+00
      31316    129.500     6.3873     6.3872    1.19254    1.19272          1     0.7484     0.7362      48.63      1.165     0.4802     0.2228  1.000e-12  4.8176000    10.8609    10.8627     0.0018    -0.0001     8.5054     8.5068    128.246    131.048    1448.10    1448.11     0.0632     0.1062     0.7870     1.3220  0.000e+00
      31335    130.000     6.3904     6.3905    1.19396    1.19427          1     0.7485     0.7363      48.04      0.995     0.4789     0.2103  1.000e-12  4.5055000    10.8738    10.8769     0.0030     0.0001     8.5153     8.5177    128.741    131.553    1448.14    1448.15     0.0635     0.1066     0.7920     1.3280  0.000e+00
      31436    130.500     6.3714     6.3774    1.18501    1.18789          1     0.7485     0.7362      46.97      0.094     0.4800     0.2712  1.000e-12  4.2581000    10.7917    10.8181     0.0264     0.0060     8.4520     8.4724    129.236    132.058    1447.97    1448.03     0.0622     0.1033     0.7740     1.2860  0.000e+00
      31448    131.000     6.3794     6.3810    1.18869    1.18980          1     0.7482     0.7357      46.85      0.469     0.4919     0.2127  1.000e-12  4.4810000    10.8253    10.8356     0.0104     0.0017     8.4779     8.4859    129.731    132.563    1448.05    1448.07     0.0608     0.0984     0.7570     1.2250  0.000e+00
      31464    131.500     6.3823     6.3883    1.19015    1.19321          1     0.7481     0.7354      46.54      0.668     0.4823     0.2228  1.000e-12  4.3503000    10.8386    10.8668     0.0282     0.0060     8.4882     8.5100    130.226    133.068    1448.09    1448.15     0.0626     0.1015     0.7790     1.2640  0.000e+00
      31481    132.000     6.3929     6.3929    1.19510    1.19532          1     0.7483     0.7355      46.00      0.740     0.4677     0.2797  1.000e-12  3.9659000    10.8839    10.8861     0.0022     0.0000     8.5230     8.5248    130.721    133.573    1448.20    1448.20     0.0631     0.1049     0.7860     1.3060  0.000e+00
      31524    132.500     6.3893     6.3893    1.19344    1.19372          1     0.7481     0.7354      45.22      0.436     0.4736     0.2794  1.000e-12  3.8106000    10.8686    10.8713     0.0027     0.0000     8.5113     8.5134    131.216    134.078    1448.17    1448.17     0.0616     0.1023     0.7670     1.2740  0.000e+00
      31592    133.000     6.3905     6.3936    1.19407    1.19595          1     0.7476     0.7351      44.56      0.146     0.4933     0.2157  1.000e-12  3.9174000    10.8743    10.8919     0.0176     0.0031     8.5157     8.5293    131.711    134.583    1448.19    1448.23     0.0607     0.1025     0.7560     1.2770  0.000e+00
      31605    133.500     6.4021     6.4017    1.19946    1.19952          1     0.7478     0.7351      44.28      0.442     0.4923     0.2557  1.000e-12  4.3246000    10.9236    10.9243     0.0008    -0.0005     8.5536     8.5543    132.206    135.088    1448.31    1448.31     0.0603     0.1012     0.7520     1.2620  0.000e+00
      31617    134.000     6.4032     6.4029    1.19988    1.19999          1     0.7474     0.7350      43.96      0.662     0.4843     0.2614  1.000e-12  3.5091000    10.9273    10.9285     0.0013    -0.0002     8.5565     8.5575    132.701    135.593    1448.33    1448.33     0.0591     0.1018     0.7360     1.2690  0.000e+00
      31628    134.500     6.4035     6.4032    1.19997    1.20006          1     0.7474     0.7349      43.65      0.850     0.4801     0.2180  1.000e-12  3.0249000    10.9280    10.9289     0.0009    -0.0003     8.5570     8.5578    133.196    136.098    1448.34    1448.34     0.0594     0.0998     0.7410     1.2440  0.000e+00
      31638    135.000     6.4036     6.4033    1.20002    1.20014          1     0.7473     0.7351      43.14      1.005     0.4766     0.2062  1.000e-12  3.0048000    10.9284    10.9296     0.0012    -0.0003     8.5573     8.5583    133.691    136.603    1448.35    1448.35     0.0605     0.1001     0.7550     1.2480  0.000e+00
      31649    135.500     6.4038     6.4034    1.20013    1.20021          1     0.7477     0.7345      42.63      1.113     0.4668     0.2148  1.000e-12  2.9574000    10.9293    10.9302     0.0009    -0.0003     8.5580     8.5588    134.186    137.108    1448.36    1448.36     0.0612     0.0969     0.7630     1.2080  0.000e+00
      31661    136.000     6.4038     6.4035    1.20013    1.20024          1     0.7472     0.7346      42.05      1.135     0.4655     0.2363  1.000e-12  2.9471000    10.9292    10.9304     0.0012    -0.0003     8.5579     8.5589    134.681    137.613    1448.36    1448.37     0.0592     0.0989     0.7380     1.2320  0.000e+00
      31699    136.500     6.4028     6.4030    1.19972    1.19998          1     0.7473     0.7344      41.28      0.845     0.4673     0.2566  1.000e-12  3.0137000    10.9254    10.9279     0.0025     0.0002     8.5550     8.5570    135.176    138.117    1448.36    1448.37     0.0597     0.1008     0.7430     1.2560  0.000e+00
      31815    137.000     6.3999     6.3993    1.19836    1.19833          1     0.7473     0.7341      40.65      0.431     0.4660     0.2579  1.000e-12  3.4507000    10.9128    10.9127    -0.0001    -0.0006     8.5453     8.5453    135.671    138.622    1448.34    1448.34     0.0593     0.0985     0.7390     1.2270  0.000e+00
      31825    137.500     6.4034     6.4015    1.19996    1.19937          1     0.7471     0.7339      40.31      0.670     0.4662     0.2617  1.000e-12  3.3324000    10.9274    10.9222    -0.0052    -0.0018     8.5565     8.5526    136.166    139.127    1448.38    1448.37     0.0573     0.0982     0.7140     1.2240  0.000e+00
      31837    138.000     6.4027     6.4013    1.19971    1.19950          1     0.7468     0.7339      39.86      0.840     0.4623     0.2171  1.000e-12  3.1943000    10.9250    10.9235    -0.0016    -0.0014     8.5547     8.5536    136.661    139.632    1448.39    1448.38     0.0574     0.0992     0.7150     1.2370  0.000e+00
      31848    138.500     6.4140     6.4148    1.20547    1.20597          1     0.7468     0.7339      39.43      0.965     0.4555     0.2070  1.000e-12  2.8587000    10.9780    10.9827     0.0047     0.0008     8.5956     8.5993    137.156    140.137    1448.51    1448.52     0.0585     0.0992     0.7290     1.2380  0.000e+00
      31860    139.000     6.4251     6.4252    1.21017    1.21036          1     0.7470     0.7339      38.90      1.036     0.4548     0.2337  1.000e-12  2.6766000    11.0206    11.0225     0.0019     0.0001     8.6283     8.6299    137.651    140.642    1448.62    1448.62     0.0599     0.0992     0.7470     1.2380  0.000e+00
      31875    139.500     6.4305     6.4305    1.21219    1.21244          1     0.7469     0.7339      38.34      0.993     0.4655     0.2581  1.000e-12  1.8947000    11.0387    11.0412     0.0025     0.0000     8.6422     8.6441    138.146    141.147    1448.67    1448.67     0.0581     0.0992     0.7250     1.2380  0.000e+00
      31927    140.000     6.4253     6.4268    1.20975    1.21060          1     0.7467     0.7337      37.51      0.561     0.4560     0.2184  1.000e-12  1.7375000    11.0163    11.0242     0.0079     0.0015     8.6249     8.6310    138.641    141.652    1448.63    1448.65     0.0583     0.0965     0.7270     1.2040  0.000e+00
      32004    140.500     6.4156     6.4165    1.20554    1.20622          1     0.7466     0.7332      36.52      0.389     0.4555     0.2380  1.000e-12  2.0119000    10.9779    10.9842     0.0064     0.0009     8.5954     8.6003    139.136    142.157    1448.55    1448.56     0.0576     0.0923     0.7180     1.1520  0.000e+00
      32014    141.000     6.4189     6.4241    1.20705    1.20963          1     0.7465     0.7332      36.45      0.674     0.4535     0.2267  1.000e-12  1.8564000    10.9916    11.0153     0.0237     0.0053     8.6060     8.6242    139.631    142.662    1448.59    1448.64     0.0572     0.0949     0.7140     1.1840  0.000e+00
      32024    141.500     6.4322     6.4346    1.21299    1.21389          1     0.7464     0.7330      36.18      0.900     0.4555     0.1873  1.000e-12  1.7555000    11.0457    11.0538     0.0081     0.0024     8.6475     8.6537    140.126    143.167    1448.72    1448.74     0.0571     0.0963     0.7130     1.2020  0.000e+00
      32035    142.000     6.4367     6.4364    1.21451    1.21457          1     0.7466     0.7330      35.79      1.066     0.4535     0.1888  1.000e-12  1.6880000    11.0591    11.0598     0.0008    -0.0003     8.6578     8.6584    140.621    143.672    1448.76    1448.76     0.0578     0.0956     0.7220     1.1940  0.000e+00
      32048    142.500     6.4380     6.4377    1.21512    1.21519          1     0.7464     0.7331      35.26      1.113     0.4562     0.2272  1.000e-12  1.4883000    11.0646    11.0654     0.0007    -0.0003     8.6620     8.6627    141.116    144.177    1448.78    1448.78     0.0568     0.0972     0.7090     1.2130  0.000e+00
      32096    143.000     6.4363     6.4281    1.21438    1.21121          1     0.7462     0.7329      34.36      0.443     0.4617     0.2514  1.000e-12  1.4705000    11.0578    11.0292    -0.0286    -0.0082     8.6568     8.6349    141.611    144.681    1448.78    1448.70     0.0563     0.0959     0.7030     1.1970  0.000e+00
      32144    143.500     6.4336     6.4218    1.21320    1.20841          1     0.7461     0.7327      33.84      0.248     0.4441     0.2795  1.000e-12  1.5402000    11.0469    11.0036    -0.0434    -0.0118     8.6484     8.6151    142.106    145.186    1448.76    1448.65     0.0563     0.0953     0.7020     1.1890  0.000e+00
      32162    144.000     6.4359     6.4315    1.21425    1.21276          1     0.7461     0.7327      33.53      0.526     0.4450     0.2660  1.000e-12  1.5039000    11.0564    11.0432    -0.0132    -0.0044     8.6557     8.6457    142.601    145.691    1448.79    1448.75     0.0564     0.0953     0.7040     1.1890  0.000e+00
      32182    144.500     6.4393     6.4388    1.21587    1.21590          1     0.7460     0.7327      33.01      0.637     0.4531     0.2621  1.000e-12  1.4308000    11.0712    11.0716     0.0004    -0.0004     8.6671     8.6675    143.096    146.196    1448.83    1448.83     0.0569     0.0955     0.7100     1.1920  0.000e+00
      32259    145.000     6.4356     6.4302    1.21418    1.21202          1     0.7460     0.7327      32.20      0.100     0.4549     0.2725  1.000e-12  1.2171000    11.0557    11.0361    -0.0196    -0.0054     8.6552     8.6402    143.591    146.701    1448.80    1448.75     0.0567     0.0957     0.7080     1.1950  0.000e+00
      32285    145.500     6.4406     6.4383    1.21635    1.21572          1     0.7461     0.7326      31.92      0.337     0.4488     0.2434  1.000e-12  1.2202000    11.0753    11.0698    -0.0055    -0.0023     8.6702     8.6661    144.085    147.206    1448.85    1448.84     0.0567     0.0939     0.7080     1.1730  0.000e+00
      32298    146.000     6.4446     6.4442    1.21798    1.21805          1     0.7460     0.7326      31.53      0.587     0.4430     0.2370  1.000e-12  1.2391000    11.0899    11.0908     0.0009    -0.0004     8.6814     8.6822    144.580    147.711    1448.90    1448.90     0.0562     0.0927     0.7020     1.1580  0.000e+00
      32310    146.500     6.4459     6.4457    1.21844    1.21860          1     0.7460     0.7322      31.15      0.789     0.4448     0.2219  1.000e-12  1.2202000    11.0940    11.0957     0.0017    -0.0002     8.6845     8.6859    145.075    148.216    1448.92    1448.92     0.0557     0.0919     0.6960     1.1470  0.000e+00
      32321    147.000     6.4469     6.4466    1.21879    1.21896          1     0.7460     0.7323      30.69      0.946     0.4553     0.2201  1.000e-12  1.1918000    11.0971    11.0988     0.0017    -0.0003     8.6869     8.6883    145.570    148.721    1448.93    1448.93     0.0560     0.0926     0.6990     1.1570  0.000e+00
      32332    147.500     6.4499     6.4495    1.21996    1.22010          1     0.7458     0.7323      30.18      1.040     0.4556     0.2449  1.000e-12  1.1857000    11.1075    11.1090     0.0015    -0.0004     8.6949     8.6961    146.065    149.225    1448.97    1448.97     0.0552     0.0911     0.6900     1.1390  0.000e+00
