ctdpy/tests/etc/exprapp_feb_2020/SBE09_1387_20200208_1737_77_10_0128.cnv
* Sea-Bird SBE 9 Data File:
* FileName = L:\2020\sv20d0128.hex
* Software Version Seasave V 7.26.7.121
* Temperature SN = 6378
* Conductivity SN = 4824
* Number of Bytes Per Scan = 41
* Number of Voltage Words = 4
* Number of Scans Averaged by the Deck Unit = 1
* NMEA Latitude = 55 23.00 N
* NMEA Longitude = 015 20.03 E
* NMEA UTC (Time) = Feb 08 2020  17:37:43
* NMEA baud rate = 4800
** Station:  BY4
** Operator:  DBSj
** Ship: SVEA
** Average sound velocity: 1449.66 m/s
** True-depth calculation Sat, 08 Feb 2020 18:54:52 +0000
** CTD Python Module SMHI /ver 3-12/ feb 2012 
** LIMS Job: 20207710-0128
** Cruise: SMHI-03-2020
** Latitude [GG MM.mm N] :
** Longitude [GGG MM.mm E]:
# nquan = 30
# nvalues = 176                         
# units = specified
# name 0 = scan: Scan Count
# name 1 = prDM: Pressure, Digiquartz [db]
# name 2 = t090C: Temperature [ITS-90, deg C]
# name 3 = t190C: Temperature, 2 [ITS-90, deg C]
# name 4 = c0S/m: Conductivity [S/m]
# name 5 = c1S/m: Conductivity, 2 [S/m]
# name 6 = pumps: Pump Status
# name 7 = sbeox0V: Oxygen raw, SBE 43 [V]
# name 8 = sbeox1V: Oxygen raw, SBE 43, 2 [V]
# name 9 = altM: Altimeter [m]
# name 10 = dz/dtM: Descent Rate [m/s]
# name 11 = flECO-AFL: Chl-a Fluorescence, WET Labs ECO-AFL/FL [mg/m^3]
# name 12 = flECO-AFL1: Phycocyanin Fluorescence, WET Labs ECO-AFL/FL, 2 [mg/m^3]
# name 13 = par: PAR/Irradiance, Biospherical/Lico [µE/(cm^2*s)]
# name 14 = turbWETntu0: Turbidity, WET Labs ECO [NTU]
# name 15 = sal00: Salinity, Practical [PSU]
# name 16 = sal11: Salinity, Practical, 2 [PSU]
# name 17 = secS-priS: Salinity, Practical, Difference, 2 - 1 [PSU]
# name 18 = T2-T190C: Temperature Difference, 2 - 1 [ITS-90, deg C]
# name 19 = sigma-t00: Density [sigma-t, kg/m^3 ]
# name 20 = sigma-t11: Density, 2 [sigma-t, kg/m^3 ]
# name 21 = depSM: Depth [salt water, m], lat = 55.3833
# name 22 = depFM: Depth [true depth, m], lat = 55.3833
# name 23 = svCM: Sound Velocity [Chen-Millero, m/s]
# name 24 = svCM1: Sound Velocity, 2 [Chen-Millero, m/s]
# name 25 = sbeox0ML/L: Oxygen, SBE 43 [ml/l], WS = 2
# name 26 = sbeox1ML/L: Oxygen, SBE 43, 2 [ml/l], WS = 2
# name 27 = sbeox0PS: Oxygen, SBE 43 [% saturation], WS = 2
# name 28 = sbeox1PS: Oxygen, SBE 43, 2 [% saturation], WS = 2
# name 29 = flag: flag
# span 0 =      26330,      33977       
# span 1 =      1.500,     89.000       
# span 2 =     5.5813,     9.5530       
# span 3 =     5.5811,     9.5414       
# span 4 =   0.854158,   1.907902       
# span 5 =   0.854243,   1.907941       
# span 6 =          1,          1       
# span 7 =     2.1585,     3.5864       
# span 8 =     2.0448,     3.3446       
# span 9 =      -1.38,      93.21       
# span 10 =      0.066,      0.510      
# span 11 =     0.2937,     0.6761      
# span 12 =     0.1395,     0.3314      
# span 13 = -5.712e-05, 2.1366e+00      
# span 14 =     0.1293,     0.7310      
# span 15 =     7.7698,    17.3584      
# span 16 =     7.7707,    17.3590      
# span 17 =    -0.0154,     0.0418      
# span 18 =    -0.1034,     0.0658      
# span 19 =     6.1157,    13.4738      
# span 20 =     6.1163,    13.4743      
# span 21 =      1.486,     88.176      
# span 22 =      1.519,     89.818      
# span 23 =    1438.90,    1461.69      
# span 24 =    1438.90,    1461.65      
# span 25 =     3.3128,     7.9062      
# span 26 =     3.2129,     8.0446      
# span 27 =     44.380,     94.611      
# span 28 =     43.047,     96.241      
# span 29 = 0.0000e+00, 0.0000e+00      
# interval = decibars: 0.5              
# start_time = Feb 08 2020 17:37:43 [NMEA time, first data scan]
# bad_flag = -9.990e-29
*END*
[from data line 49]
      27777     26.000     5.5817     5.5816    0.85762    0.85771          1     3.5751     3.3355      58.63      0.384     0.6263     0.2629  1.000e-12  0.1485000     7.8088     7.8097     0.0008    -0.0001     6.1482     6.1489     25.763     26.321    1439.17    1439.17     7.9000     8.0305    94.5070    96.0680  0.000e+00
      27804     26.500     5.5817     5.5815    0.85767    0.85776          1     3.5747     3.3345      60.73      0.423     0.6280     0.2909  1.000e-12  0.1497000     7.8092     7.8101     0.0009    -0.0002     6.1485     6.1492     26.259     26.827    1439.17    1439.17     7.9008     8.0270    94.5160    96.0260  0.000e+00
      27830     27.000     5.5813     5.5811    0.85768    0.85776          1     3.5748     3.3340      59.73      0.456     0.6270     0.3081  1.000e-12  0.1433000     7.8093     7.8102     0.0009    -0.0002     6.1486     6.1493     26.754     27.333    1439.18    1439.18     7.8986     8.0290    94.4890    96.0490  0.000e+00
      27859     27.500     5.5816     5.5813    0.85771    0.85779          1     3.5739     3.3335      71.29      0.434     0.6290     0.2804  1.000e-12  0.1455000     7.8095     7.8103     0.0008    -0.0002     6.1487     6.1494     27.249     27.839    1439.19    1439.19     7.8980     8.0307    94.4820    96.0710  0.000e+00
      27891     28.000     5.5822     5.5820    0.85777    0.85784          1     3.5740     3.3336      93.10      0.379     0.6270     0.2710  1.000e-12  0.1734000     7.8099     7.8106     0.0007    -0.0002     6.1490     6.1496     27.745     28.345    1439.20    1439.20     7.8984     8.0355    94.4890    96.1290  0.000e+00
      27921     28.500     5.5823     5.5822    0.85779    0.85788          1     3.5733     3.3334      92.71      0.387     0.6161     0.2254  1.000e-12  0.1618000     7.8100     7.8109     0.0009    -0.0002     6.1491     6.1498     28.240     28.852    1439.21    1439.21     7.8966     8.0228    94.4680    95.9780  0.000e+00
      27950     29.000     5.5833     5.5830    0.85788    0.85795          1     3.5731     3.3316      84.30      0.413     0.6219     0.2636  1.000e-12  0.1535000     7.8105     7.8114     0.0008    -0.0003     6.1495     6.1501     28.736     29.358    1439.22    1439.22     7.8958     8.0155    94.4620    95.8920  0.000e+00
      27978     29.500     5.5839     5.5837    0.85792    0.85800          1     3.5726     3.3307      76.14      0.426     0.6141     0.2380  1.000e-12  0.1493000     7.8108     7.8116     0.0008    -0.0003     6.1496     6.1503     29.231     29.864    1439.23    1439.23     7.8953     8.0224    94.4570    95.9770  0.000e+00
      28007     30.000     5.5840     5.5840    0.85795    0.85804          1     3.5722     3.3310      58.21      0.421     0.6127     0.2350  1.000e-12  0.1440000     7.8109     7.8118     0.0009    -0.0000     6.1497     6.1504     29.726     30.370    1439.24    1439.24     7.8944     8.0318    94.4460    96.0910  0.000e+00
      28041     30.500     5.5847     5.5844    0.85800    0.85807          1     3.5717     3.3316      62.83      0.366     0.6134     0.2599  1.000e-12  0.1558000     7.8112     7.8119     0.0007    -0.0003     6.1499     6.1505     30.222     30.876    1439.25    1439.25     7.8914     8.0351    94.4130    96.1310  0.000e+00
      28071     31.000     5.5858     5.5857    0.85809    0.85817          1     3.5705     3.3320      66.29      0.377     0.5999     0.2559  1.000e-12  0.1469000     7.8118     7.8126     0.0008    -0.0001     6.1503     6.1510     30.717     31.382    1439.27    1439.27     7.8879     8.0303    94.3730    96.0780  0.000e+00
      28097     31.500     5.5861     5.5859    0.85813    0.85823          1     3.5701     3.3317      92.47      0.443     0.6028     0.2504  1.000e-12  0.1536000     7.8121     7.8131     0.0010    -0.0002     6.1505     6.1513     31.213     31.888    1439.28    1439.28     7.8913     8.0247    94.4140    96.0110  0.000e+00
      28122     32.000     5.5870     5.5867    0.85822    0.85830          1     3.5702     3.3311      92.77      0.474     0.6038     0.2841  1.000e-12  0.1582000     7.8126     7.8135     0.0009    -0.0003     6.1509     6.1516     31.708     32.395    1439.29    1439.29     7.8906     8.0236    94.4080    96.0000  0.000e+00
      28153     32.500     5.5874     5.5872    0.85827    0.85833          1     3.5694     3.3305      89.65      0.413     0.6101     0.2748  1.000e-12  0.1475000     7.8130     7.8136     0.0006    -0.0002     6.1512     6.1517     32.203     32.901    1439.30    1439.30     7.8869     8.0249    94.3660    96.0170  0.000e+00
      28186     33.000     5.5885     5.5884    0.85838    0.85845          1     3.5687     3.3302      72.77      0.356     0.6043     0.2586  1.000e-12  0.1474000     7.8137     7.8144     0.0007    -0.0001     6.1517     6.1523     32.699     33.407    1439.31    1439.31     7.8859     8.0219    94.3570    95.9850  0.000e+00
      28214     33.500     5.5911     5.5909    0.85858    0.85865          1     3.5681     3.3294      54.55      0.408     0.5914     0.2833  1.000e-12  0.1538000     7.8150     7.8157     0.0007    -0.0002     6.1526     6.1532     33.194     33.913    1439.33    1439.33     7.8818     8.0162    94.3150    95.9230  0.000e+00
      28239     34.000     5.5941     5.5936    0.85878    0.85884          1     3.5671     3.3288      56.10      0.472     0.5685     0.2810  1.000e-12  0.1661000     7.8161     7.8169     0.0008    -0.0005     6.1534     6.1540     33.690     34.419    1439.36    1439.36     7.8811     8.0156    94.3150    95.9230  0.000e+00
      28268     34.500     5.5961     5.5959    0.85898    0.85905          1     3.5665     3.3274      91.89      0.438     0.5895     0.2710  1.000e-12  0.1589000     7.8176     7.8184     0.0007    -0.0002     6.1544     6.1550     34.185     34.925    1439.37    1439.37     7.8767     8.0007    94.2670    95.7510  0.000e+00
      28303     35.000     5.6009     5.6007    0.85940    0.85949          1     3.5658     3.3256      92.88      0.338     0.5888     0.2586  1.000e-12  0.1497000     7.8206     7.8215     0.0009    -0.0002     6.1565     6.1573     34.680     35.432    1439.41    1439.41     7.8828     8.0100    94.3540    95.8760  0.000e+00
      28331     35.500     5.6109     5.6104    0.86030    0.86038          1     3.5657     3.3253      64.36      0.395     0.5545     0.2114  1.000e-12  0.1474000     7.8270     7.8278     0.0009    -0.0005     6.1611     6.1618     35.176     35.938    1439.47    1439.46     7.8404     7.9640    93.8730    95.3520  0.000e+00
      28357     36.000     5.6178     5.6179    0.86095    0.86108          1     3.5524     3.3156      88.90      0.463     0.5524     0.2297  1.000e-12  0.1520000     7.8317     7.8329     0.0012     0.0001     6.1645     6.1654     35.671     36.444    1439.51    1439.51     7.7301     7.8332    92.5710    93.8080  0.000e+00
      28384     36.500     5.6867     5.6880    0.86960    0.86989          1     3.5317     3.2983      92.87      0.459     0.5424     0.2720  1.000e-12  0.1536000     7.8999     7.9025     0.0025     0.0013     6.2149     6.2168     36.167     36.950    1439.90    1439.91     7.6744     7.7698    92.1050    93.2550  0.000e+00
      28416     37.000     5.8199     5.8142    0.89006    0.88970          1     3.5114     3.2795      85.12      0.387     0.5020     0.2652  1.000e-12  0.1475000     8.0682     8.0661    -0.0021    -0.0057     6.3407     6.3394     36.662     37.456    1440.70    1440.67     7.4737     7.5271    90.0950    90.7250  0.000e+00
      28449     37.500     5.8739     5.8776    0.89960    0.90085          1     3.4366     3.2172      91.02      0.350     0.4929     0.2211  1.000e-12  0.1544000     8.1482     8.1594     0.0112     0.0037     6.4009     6.4096     37.157     37.962    1441.04    1441.07     6.9842     6.9485    84.3510    83.9350  0.000e+00
      28475     38.000     6.1493     6.1635    0.94967    0.95376          1     3.3468     3.1418      79.92      0.424     0.4723     0.2202  1.000e-12  0.1555000     8.5670     8.6031     0.0362     0.0141     6.7151     6.7428     37.653     38.468    1442.75    1442.86     6.5696     6.4923    80.1060    79.2090  0.000e+00
      28498     38.500     6.5235     6.5175    1.01312    1.01379          1     3.2504     3.0582      69.02      0.503     0.4309     0.2572  1.000e-12  0.1529000     9.0855     9.0935     0.0081    -0.0060     7.0999     7.1067     38.148     38.974    1445.00    1444.98     6.1452     6.0336    75.8880    74.5020  0.000e+00
      28526     39.000     6.7923     6.7851    1.04849    1.04846          1     3.1147     2.9421      53.09      0.476     0.4079     0.1972  1.000e-12  0.1572000     9.3542     9.3558     0.0016    -0.0072     7.2928     7.2946     38.644     39.479    1446.47    1446.44     5.5783     5.4316    69.4610    67.6220  0.000e+00
      28559     39.500     7.2128     7.1766    1.10999    1.10838          1     2.9137     2.7636      49.18      0.370     0.3928     0.2205  1.000e-12  0.1486000     9.8268     9.8218    -0.0051    -0.0361     7.6327     7.6315     39.139     39.985    1448.82    1448.66     5.0047     4.7824    63.1600    60.3000  0.000e+00
      28589     40.000     7.6731     7.6738    1.18593    1.18705          1     2.7844     2.6336      50.16      0.379     0.3539     0.1858  1.000e-12  0.1452000    10.4158    10.4260     0.0102     0.0007     8.0568     8.0646     39.634     40.490    1451.45    1451.47     4.9190     4.7873    63.0140    61.3350  0.000e+00
      28616     40.500     8.1468     8.1649    1.26805    1.27051          1     2.7238     2.5691      81.14      0.430     0.3392     0.2029  1.000e-12  0.1347000    11.0478    11.0653     0.0175     0.0182     8.5090     8.5211     40.130     40.995    1454.16    1454.26     4.8607     4.8289    63.2350    62.8570  0.000e+00
      28642     41.000     8.3131     8.3208    1.29149    1.29275          1     2.6905     2.5323      61.69      0.461     0.3294     0.2269  1.000e-12  0.1348000    11.2158    11.2251     0.0093     0.0077     8.6247     8.6312     40.625     41.500    1455.05    1455.09     4.7858     4.7661    62.5760    62.3320  0.000e+00
      28669     41.500     8.3879     8.3881    1.30326    1.30372          1     2.6305     2.4747      49.11      0.454     0.3211     0.2284  1.000e-12  0.1355000    11.3024    11.3067     0.0043     0.0002     8.6851     8.6885     41.120     42.005    1455.46    1455.47     4.3866     4.3041    57.4890    56.4100  0.000e+00
      28704     42.000     8.5057     8.5496    1.31896    1.32364          1     2.4740     2.3409      61.00      0.360     0.3151     0.2187  1.000e-12  0.1310000    11.4115    11.4411     0.0296     0.0439     8.7588     8.7775     41.616     42.510    1456.08    1456.29     3.8372     3.7062    50.4620    48.7990  0.000e+00
      28736     42.500     8.8360     8.8382    1.36108    1.36283          1     2.3548     2.2312      93.21      0.358     0.3100     0.1895  1.000e-12  0.1358000    11.6972    11.7128     0.0155     0.0022     8.9484     8.9602     42.111     43.015    1457.75    1457.78     3.7969     3.7415    50.4190    49.6920  0.000e+00
      28762     43.000     9.0066     9.0040    1.38791    1.38870          1     2.3311     2.1972      52.72      0.430     0.3208     0.2068  1.000e-12  0.1359000    11.8901    11.8984     0.0082    -0.0026     9.0809     9.0876     42.607     43.520    1458.67    1458.67     3.7804     3.7049    50.4610    49.4520  0.000e+00
      28788     43.500     9.1127     9.1117    1.41168    1.41385          1     2.2495     2.1215      82.71      0.468     0.3204     0.2314  1.000e-12  0.1335000    12.0750    12.0954     0.0204    -0.0010     9.2135     9.2295     43.102     44.024    1459.32    1459.34     3.3128     3.2129    44.3800    43.0470  0.000e+00
      28816     44.000     9.2218     9.2600    1.44278    1.44780          1     2.1585     2.0448      45.59      0.441     0.3228     0.2037  1.000e-12  0.1293000    12.3256    12.3590     0.0334     0.0382     9.3967     9.4185     43.597     44.529    1460.06    1460.25     3.3523     3.3616    45.1020    45.2800  0.000e+00
      28848     44.500     9.5530     9.5414    1.48426    1.48458          1     2.1739     2.0491      57.42      0.381     0.3176     0.2342  1.000e-12  0.1315000    12.5938    12.6009     0.0070    -0.0116     9.5683     9.5752     44.093     45.033    1461.69    1461.65     3.7147     3.8487    50.4470    52.2540  0.000e+00
      28877     45.000     9.4979     9.4824    1.50066    1.50144          1     2.2436     2.1060      51.87      0.393     0.3244     0.2084  1.000e-12  0.1386000    12.7645    12.7772     0.0127    -0.0155     9.7074     9.7190     44.588     45.538    1461.69    1461.64     3.9791     4.1843    54.0250    56.7960  0.000e+00
      28902     45.500     9.2824     9.2784    1.54280    1.54490          1     2.3092     2.1641      43.33      0.460     0.3117     0.2445  1.000e-12  0.1741000    13.2333    13.2544     0.0210    -0.0040    10.0968    10.1136     45.083     46.042    1461.43    1461.44     4.1469     4.3620    56.1930    59.1100  0.000e+00
      28928     46.000     9.0293     9.0347    1.57447    1.57435          1     2.3723     2.2212      42.78      0.474     0.3070     0.2295  1.000e-12  0.2262000    13.6241    13.6210    -0.0031     0.0054    10.4293    10.4263     45.579     46.546    1460.92    1460.94     4.2384     4.4294    57.2400    59.8270  0.000e+00
      28959     46.500     8.8140     8.8049    1.57733    1.57747          1     2.4133     2.2645      42.25      0.397     0.3131     0.1972  1.000e-12  0.2625000    13.7335    13.7383     0.0048    -0.0091    10.5382    10.5430     46.074     47.050    1460.22    1460.19     4.3378     4.5675    58.3310    61.4080  0.000e+00
      28989     47.000     8.6902     8.6874    1.58383    1.58487          1     2.4951     2.3406      41.96      0.395     0.3175     0.2066  1.000e-12  0.2878000    13.8429    13.8538     0.0109    -0.0028    10.6369    10.6457     46.569     47.554    1459.87    1459.88     4.8091     5.1008    64.5280    68.4430  0.000e+00
      29018     47.500     8.4764     8.3729    1.59158    1.58963          1     2.6165     2.4418      41.58      0.417     0.3290     0.2690  1.000e-12  0.3604000    14.0007    14.0231     0.0223    -0.1034    10.7825    10.8106     47.065     48.058    1459.23    1458.84     5.0674     5.3186    67.7240    70.9210  0.000e+00
      29047     48.000     7.8326     7.8117    1.57248    1.57328          1     2.6696     2.4921      40.53      0.411     0.3203     0.2589  1.000e-12  0.3518000    14.0734    14.0895     0.0162    -0.0209    10.9042    10.9189     47.560     48.562    1456.75    1456.69     4.9691     5.1392    65.4420    67.6550  0.000e+00
      29077     48.500     7.7642     7.7764    1.57727    1.57826          1     2.6826     2.5117      40.43      0.400     0.3094     0.2316  1.000e-12  0.3816000    14.1474    14.1520     0.0047     0.0122    10.9688    10.9712     48.056     49.065    1456.58    1456.63     5.0923     5.2757    66.9880    69.4230  0.000e+00
      29106     49.000     7.9251     7.9184    1.59994    1.60160          1     2.7490     2.5671      40.24      0.406     0.3190     0.2130  1.000e-12  0.5335000    14.3024    14.3212     0.0188    -0.0067    11.0743    11.0897     48.551     49.569    1457.42    1457.42     5.3997     5.6126    71.3730    74.1840  0.000e+00
