ctdpy/tests/etc/exprapp_feb_2020/SBE09_1387_20200208_2058_77_10_0129.cnv
* Sea-Bird SBE 9 Data File:
* FileName = L:\2020\sv20d0129.hex
* Software Version Seasave V 7.26.7.121
* Temperature SN = 6378
* Conductivity SN = 4824
* Number of Bytes Per Scan = 41
* Number of Voltage Words = 4
* Number of Scans Averaged by the Deck Unit = 1
* NMEA Latitude = 55 15.02 N
* NMEA Longitude = 015 59.09 E
* NMEA UTC (Time) = Feb 08 2020  20:58:01
* NMEA baud rate = 4800
** Station:  BY5
** Operator:  DBSj
** Ship: SVEA
** Average sound velocity: 1448.91 m/s
** True-depth calculation Sat, 08 Feb 2020 23:19:09 +0000
** CTD Python Module SMHI /ver 3-12/ feb 2012 
** LIMS Job: 20207710-0129
** Cruise: SMHI-03-2020
** Latitude [GG MM.mm N] :
** Longitude [GGG MM.mm E]:
# nquan = 30
# nvalues = 173                         
# units = specified
# name 0 = scan: Scan Count
# name 1 = prDM: Pressure, Digiquartz [db]
# name 2 = t090C: Temperature [ITS-90, deg C]
# name 3 = t190C: Temperature, 2 [ITS-90, deg C]
# name 4 = c0S/m: Conductivity [S/m]
# name 5 = c1S/m: Conductivity, 2 [S/m]
# name 6 = pumps: Pump Status
# name 7 = sbeox0V: Oxygen raw, SBE 43 [V]
# name 8 = sbeox1V: Oxygen raw, SBE 43, 2 [V]
# name 9 = altM: Altimeter [m]
# name 10 = dz/dtM: Descent Rate [m/s]
# name 11 = flECO-AFL: Chl-a Fluorescence, WET Labs ECO-AFL/FL [mg/m^3]
# name 12 = flECO-AFL1: Phycocyanin Fluorescence, WET Labs ECO-AFL/FL, 2 [mg/m^3]
# name 13 = par: PAR/Irradiance, Biospherical/Lico [µE/(cm^2*s)]
# name 14 = turbWETntu0: Turbidity, WET Labs ECO [NTU]
# name 15 = sal00: Salinity, Practical [PSU]
# name 16 = sal11: Salinity, Practical, 2 [PSU]
# name 17 = secS-priS: Salinity, Practical, Difference, 2 - 1 [PSU]
# name 18 = T2-T190C: Temperature Difference, 2 - 1 [ITS-90, deg C]
# name 19 = sigma-t00: Density [sigma-t, kg/m^3 ]
# name 20 = sigma-t11: Density, 2 [sigma-t, kg/m^3 ]
# name 21 = depSM: Depth [salt water, m], lat = 55.2503
# name 22 = depFM: Depth [true depth, m], lat = 55.2503
# name 23 = svCM: Sound Velocity [Chen-Millero, m/s]
# name 24 = svCM1: Sound Velocity, 2 [Chen-Millero, m/s]
# name 25 = sbeox0ML/L: Oxygen, SBE 43 [ml/l], WS = 2
# name 26 = sbeox1ML/L: Oxygen, SBE 43, 2 [ml/l], WS = 2
# name 27 = sbeox0PS: Oxygen, SBE 43 [% saturation], WS = 2
# name 28 = sbeox1PS: Oxygen, SBE 43, 2 [% saturation], WS = 2
# name 29 = flag: flag
# span 0 =      43948,      56125       
# span 1 =      1.000,     87.500       
# span 2 =     5.4109,    10.3449       
# span 3 =     5.4154,    10.3444       
# span 4 =   0.854863,   1.910637       
# span 5 =   0.854946,   1.910419       
# span 6 =          1,          1       
# span 7 =     1.0107,     3.5797       
# span 8 =     0.9893,     3.3386       
# span 9 =       0.09,      97.54       
# span 10 =     -0.227,      0.643      
# span 11 =     0.3068,     0.6232      
# span 12 =     0.1169,     0.3196      
# span 13 = -1.566e-06, 5.2249e+00      
# span 14 =     0.1340,     0.5458      
# span 15 =     7.7602,    17.0750      
# span 16 =     7.7610,    17.0709      
# span 17 =    -0.0113,     0.0337      
# span 18 =    -0.0420,     0.0284      
# span 19 =     6.1047,    13.1832      
# span 20 =     6.1053,    13.1799      
# span 21 =      0.991,     86.691      
# span 22 =      1.012,     88.389      
# span 23 =    1439.19,    1467.64      
# span 24 =    1439.19,    1467.64      
# span 25 =     0.6030,     7.8715      
# span 26 =     0.5461,     8.0059      
# span 27 =      7.377,     94.383      
# span 28 =      6.681,     96.015      
# span 29 = 0.0000e+00, 0.0000e+00      
# interval = decibars: 0.5              
# start_time = Feb 08 2020 20:58:02 [NMEA time, first data scan]
# bad_flag = -9.990e-29
*END*
      43948      1.000     5.6918     5.6924    0.85507    0.85518          1     3.5790     3.3386      56.56     -0.227     0.6186     0.2542  5.225e+00  0.1409000     7.7617     7.7627     0.0010     0.0006     6.1055     6.1063      0.991      1.012    1439.19    1439.19     7.8625     7.9878    94.2890    95.7930  0.000e+00
      44116      1.500     5.6899     5.6904    0.85500    0.85511          1     3.5794     3.3382      94.82      0.093     0.5887     0.2221  2.877e+00  0.1357000     7.7615     7.7624     0.0009     0.0005     6.1054     6.1061      1.486      1.519    1439.19    1439.19     7.8676     7.9948    94.3450    95.8720  0.000e+00
      44275      2.000     5.6897     5.6894    0.85500    0.85507          1     3.5797     3.3383      95.64      0.224     0.5872     0.2755  2.151e+00  0.1495000     7.7614     7.7622     0.0008    -0.0003     6.1054     6.1060      1.982      2.025    1439.19    1439.19     7.8672     7.9997    94.3390    95.9290  0.000e+00
      44302      2.500     5.6919     5.6915    0.85506    0.85513          1     3.5795     3.3383      95.67      0.407     0.5777     0.2469  1.946e+00  0.1518000     7.7614     7.7622     0.0008    -0.0004     6.1053     6.1059      2.477      2.531    1439.21    1439.21     7.8682     7.9999    94.3560    95.9360  0.000e+00
      44342      3.000     5.6931     5.6920    0.85508    0.85514          1     3.5793     3.3380      87.95      0.311     0.5869     0.2483  1.403e+00  0.1436000     7.7613     7.7621     0.0008    -0.0011     6.1052     6.1059      2.973      3.037    1439.22    1439.22     7.8652     7.9956    94.3240    95.8850  0.000e+00
      44381      3.500     5.6966     5.6957    0.85519    0.85525          1     3.5785     3.3371      95.96      0.236     0.5878     0.2777  1.130e+00  0.1397000     7.7615     7.7623     0.0008    -0.0009     6.1051     6.1058      3.468      3.543    1439.25    1439.24     7.8631     7.9924    94.3070    95.8560  0.000e+00
      44398      4.000     5.6912     5.6947    0.85502    0.85519          1     3.5785     3.3370      95.72      0.491     0.5685     0.3161  9.216e-01  0.1436000     7.7610     7.7619     0.0009     0.0035     6.1050     6.1055      3.964      4.049    1439.23    1439.25     7.8671     7.9960    94.3420    95.8960  0.000e+00
      44418      4.500     5.6881     5.6883    0.85493    0.85502          1     3.5786     3.3371      77.36      0.643     0.5731     0.2642  7.781e-01  0.1429000     7.7608     7.7616     0.0009     0.0001     6.1050     6.1056      4.459      4.556    1439.22    1439.22     7.8693     7.9993    94.3600    95.9200  0.000e+00
      44452      5.000     5.6894     5.6885    0.85498    0.85504          1     3.5787     3.3371      91.45      0.403     0.5789     0.2886  6.178e-01  0.1396000     7.7609     7.7617     0.0008    -0.0009     6.1050     6.1057      4.955      5.062    1439.24    1439.23     7.8660     7.9989    94.3240    95.9160  0.000e+00
      44483      5.500     5.6879     5.6881    0.85494    0.85504          1     3.5776     3.3367      95.77      0.350     0.5621     0.3152  4.413e-01  0.1340000     7.7608     7.7617     0.0009     0.0003     6.1050     6.1057      5.450      5.568    1439.24    1439.24     7.8641     7.9932    94.2970    95.8470  0.000e+00
      44508      6.000     5.6879     5.6878    0.85494    0.85503          1     3.5778     3.3362      95.72      0.452     0.5765     0.2821  3.760e-01  0.1451000     7.7607     7.7616     0.0008    -0.0001     6.1049     6.1056      5.946      6.074    1439.25    1439.25     7.8689     7.9937    94.3560    95.8520  0.000e+00
      44534      6.500     5.6868     5.6864    0.85490    0.85497          1     3.5777     3.3359      95.76      0.477     0.5865     0.2830  3.118e-01  0.1408000     7.7605     7.7613     0.0008    -0.0004     6.1048     6.1054      6.441      6.580    1439.25    1439.25     7.8664     7.9963    94.3230    95.8800  0.000e+00
      44565      7.000     5.6863     5.6862    0.85489    0.85497          1     3.5772     3.3355      95.78      0.413     0.5861     0.2523  2.403e-01  0.1457000     7.7604     7.7613     0.0009    -0.0001     6.1048     6.1055      6.937      7.086    1439.26    1439.26     7.8658     7.9902    94.3150    95.8060  0.000e+00
      44596      7.500     5.6865     5.6864    0.85491    0.85498          1     3.5774     3.3345      95.79      0.373     0.5861     0.2813  1.789e-01  0.1455000     7.7605     7.7613     0.0008    -0.0001     6.1049     6.1055      7.432      7.593    1439.26    1439.26     7.8715     7.9888    94.3830    95.7900  0.000e+00
      44623      8.000     5.6856     5.6858    0.85487    0.85496          1     3.5778     3.3342      95.74      0.420     0.5785     0.2716  1.324e-01  0.1416000     7.7603     7.7612     0.0009     0.0002     6.1047     6.1054      7.928      8.099    1439.27    1439.27     7.8704     7.9910    94.3680    95.8140  0.000e+00
      44649      8.500     5.6853     5.6853    0.85486    0.85495          1     3.5774     3.3338      95.73      0.455     0.5737     0.3004  1.130e-01  0.1443000     7.7602     7.7611     0.0008     0.0001     6.1047     6.1053      8.423      8.605    1439.27    1439.28     7.8638     7.9933    94.2880    95.8410  0.000e+00
      44680      9.000     5.6853     5.6849    0.85487    0.85495          1     3.5761     3.3341      95.73      0.416     0.5863     0.2467  6.878e-02  0.1411000     7.7602     7.7611     0.0008    -0.0004     6.1047     6.1054      8.919      9.111    1439.28    1439.28     7.8644     7.9980    94.2940    95.8960  0.000e+00
      44713      9.500     5.6850     5.6850    0.85487    0.85495          1     3.5764     3.3344      95.73      0.354     0.6061     0.2766  4.966e-02  0.1459000     7.7603     7.7610     0.0008     0.0000     6.1047     6.1053      9.414      9.617    1439.29    1439.29     7.8694     7.9968    94.3540    95.8830  0.000e+00
      44737     10.000     5.6851     5.6852    0.85488    0.85497          1     3.5764     3.3343      95.80      0.432     0.5898     0.2369  4.016e-02  0.1443000     7.7603     7.7611     0.0009     0.0001     6.1047     6.1054      9.909     10.124    1439.30    1439.30     7.8684     7.9965    94.3420    95.8790  0.000e+00
      44759     10.500     5.6855     5.6858    0.85490    0.85502          1     3.5764     3.3343      95.88      0.536     0.6013     0.2370  1.753e-02  0.1407000     7.7603     7.7614     0.0011     0.0003     6.1047     6.1055     10.405     10.630    1439.31    1439.31     7.8705     7.9995    94.3690    95.9170  0.000e+00
      44789     11.000     5.6881     5.6896    0.85507    0.85527          1     3.5768     3.3348      95.92      0.452     0.6051     0.2396  2.610e-04  0.1455000     7.7613     7.7629     0.0016     0.0015     6.1054     6.1066     10.900     11.136    1439.33    1439.34     7.8709     8.0008    94.3790    95.9430  0.000e+00
      44822     11.500     5.6888     5.6878    0.85513    0.85516          1     3.5768     3.3346      58.21      0.341     0.5936     0.2900 -1.566e-06  0.1457000     7.7617     7.7622     0.0005    -0.0010     6.1056     6.1061     11.396     11.642    1439.34    1439.34     7.8671     7.9945    94.3360    95.8620  0.000e+00
      44847     12.000     5.6897     5.6919    0.85523    0.85544          1     3.5760     3.3344      96.39      0.429     0.5870     0.3112  1.000e-12  0.1454000     7.7623     7.7639     0.0016     0.0022     6.1061     6.1072     11.891     12.148    1439.35    1439.36     7.8647     7.9989    94.3100    95.9260  0.000e+00
      44870     12.500     5.6947     5.6949    0.85554    0.85565          1     3.5755     3.3346      96.09      0.518     0.5944     0.3116  1.000e-12  0.1457000     7.7642     7.7651     0.0010     0.0002     6.1073     6.1081     12.387     12.654    1439.38    1439.39     7.8631     7.9973    94.3040    95.9140  0.000e+00
      44897     13.000     5.6941     5.6941    0.85550    0.85560          1     3.5752     3.3342      96.10      0.473     0.5837     0.2653  1.000e-12  0.1457000     7.7638     7.7648     0.0009     0.0000     6.1071     6.1078     12.882     13.161    1439.39    1439.39     7.8655     7.9960    94.3310    95.8960  0.000e+00
      44931     13.500     5.6933     5.6934    0.85544    0.85554          1     3.5752     3.3341      96.11      0.365     0.5973     0.2536  1.000e-12  0.1421000     7.7634     7.7643     0.0009     0.0001     6.1068     6.1075     13.378     13.667    1439.39    1439.39     7.8664     7.9943    94.3400    95.8740  0.000e+00
      44962     14.000     5.6932     5.6928    0.85544    0.85552          1     3.5750     3.3336      96.12      0.367     0.5898     0.2710  1.000e-12  0.1460000     7.7633     7.7641     0.0008    -0.0003     6.1067     6.1074     13.873     14.173    1439.40    1439.40     7.8664     7.9964    94.3390    95.8980  0.000e+00
      44987     14.500     5.6935     5.6935    0.85548    0.85556          1     3.5752     3.3336      59.80      0.447     0.5919     0.2620  1.000e-12  0.1354000     7.7635     7.7644     0.0009    -0.0001     6.1069     6.1075     14.368     14.679    1439.41    1439.41     7.8693     7.9943    94.3750    95.8740  0.000e+00
      45013     15.000     5.6927     5.6925    0.85543    0.85550          1     3.5751     3.3331      75.09      0.468     0.5903     0.2742  1.000e-12  0.1420000     7.7632     7.7639     0.0008    -0.0002     6.1066     6.1072     14.864     15.185    1439.41    1439.41     7.8660     7.9913    94.3330    95.8360  0.000e+00
      45043     15.500     5.6925     5.6925    0.85541    0.85551          1     3.5747     3.3327      96.14      0.418     0.6046     0.2656  1.000e-12  0.1495000     7.7630     7.7639     0.0009     0.0000     6.1065     6.1072     15.359     15.692    1439.42    1439.42     7.8659     7.9992    94.3320    95.9310  0.000e+00
      45074     16.000     5.6936     5.6938    0.85551    0.85561          1     3.5748     3.3337      87.60      0.387     0.6202     0.2765  1.000e-12  0.1518000     7.7636     7.7646     0.0010     0.0003     6.1069     6.1077     15.855     16.198    1439.43    1439.44     7.8698     8.0059    94.3810    96.0150  0.000e+00
      45100     16.500     5.6939     5.6951    0.85553    0.85569          1     3.5747     3.3341      59.90      0.434     0.6232     0.2640  1.000e-12  0.1516000     7.7637     7.7650     0.0013     0.0012     6.1070     6.1080     16.350     16.704    1439.44    1439.45     7.8655     8.0025    94.3310    95.9770  0.000e+00
      45125     17.000     5.6957     5.6960    0.85567    0.85577          1     3.5739     3.3341      96.17      0.472     0.6036     0.2575  1.000e-12  0.1572000     7.7646     7.7655     0.0009     0.0003     6.1076     6.1083     16.846     17.210    1439.46    1439.46     7.8608     7.9986    94.2790    95.9330  0.000e+00
      45153     17.500     5.6972     5.6971    0.85577    0.85585          1     3.5732     3.3337      75.65      0.450     0.5899     0.2409  1.000e-12  0.1520000     7.7652     7.7660     0.0008    -0.0001     6.1080     6.1086     17.341     17.716    1439.47    1439.48     7.8627     7.9945    94.3050    95.8860  0.000e+00
      45182     18.000     5.6973     5.6971    0.85579    0.85586          1     3.5733     3.3329      92.33      0.415     0.6112     0.2876  1.000e-12  0.1483000     7.7652     7.7659     0.0007    -0.0003     6.1080     6.1086     17.837     18.222    1439.48    1439.48     7.8646     7.9918    94.3280    95.8550  0.000e+00
      45211     18.500     5.6948     5.6948    0.85560    0.85569          1     3.5725     3.3323      73.97      0.409     0.5853     0.2391  1.000e-12  0.1370000     7.7639     7.7648     0.0009     0.0000     6.1071     6.1078     18.332     18.729    1439.48    1439.48     7.8606     7.9917    94.2740    95.8470  0.000e+00
      45237     19.000     5.6979     5.6961    0.85586    0.85581          1     3.5725     3.3315      61.16      0.443     0.6068     0.2600  1.000e-12  0.1442000     7.7657     7.7655    -0.0001    -0.0017     6.1083     6.1083     18.827     19.235    1439.50    1439.49     7.8639     7.9894    94.3210    95.8230  0.000e+00
      45263     19.500     5.6959     5.6961    0.85572    0.85582          1     3.5723     3.3315      95.65      0.467     0.6064     0.3080  1.000e-12  0.1577000     7.7646     7.7657     0.0010     0.0002     6.1076     6.1084     19.323     19.741    1439.50    1439.50     7.8638     7.9988    94.3150    95.9360  0.000e+00
      45293     20.000     5.6974     5.6958    0.85585    0.85581          1     3.5721     3.3318      95.84      0.425     0.6080     0.2469  1.000e-12  0.1424000     7.7656     7.7655    -0.0001    -0.0016     6.1083     6.1083     19.818     20.247    1439.52    1439.51     7.8627     7.9962    94.3070    95.9040  0.000e+00
      45328     20.500     5.6999     5.6998    0.85604    0.85613          1     3.5722     3.3314      96.07      0.343     0.6024     0.2615  1.000e-12  0.1410000     7.7668     7.7676     0.0009    -0.0001     6.1091     6.1098     20.314     20.753    1439.53    1439.54     7.8641     7.9936    94.3300    95.8840  0.000e+00
      45354     21.000     5.7009     5.7006    0.85611    0.85618          1     3.5718     3.3313      96.21      0.407     0.6002     0.2630  1.000e-12  0.1518000     7.7672     7.7679     0.0008    -0.0003     6.1094     6.1100     20.809     21.259    1439.55    1439.55     7.8617     7.9930    94.3040    95.8780  0.000e+00
      45376     21.500     5.7016     5.7006    0.85618    0.85619          1     3.5720     3.3310      89.42      0.504     0.5858     0.2822  1.000e-12  0.1461000     7.7676     7.7679     0.0003    -0.0010     6.1097     6.1100     21.305     21.766    1439.56    1439.56     7.8662     7.9943    94.3600    95.8940  0.000e+00
      45404     22.000     5.7018     5.7019    0.85621    0.85631          1     3.5724     3.3312      82.46      0.483     0.5891     0.3125  1.000e-12  0.1558000     7.7677     7.7687     0.0010     0.0001     6.1097     6.1106     21.800     22.272    1439.57    1439.57     7.8657     7.9950    94.3540    95.9060  0.000e+00
      45439     22.500     5.7004     5.7012    0.85609    0.85625          1     3.5719     3.3306      97.54      0.350     0.6015     0.2748  1.000e-12  0.1517000     7.7669     7.7682     0.0013     0.0008     6.1092     6.1102     22.295     22.778    1439.57    1439.57     7.8629     7.9913    94.3170    95.8600  0.000e+00
      45468     23.000     5.7002     5.7000    0.85608    0.85615          1     3.5713     3.3307      48.27      0.373     0.6017     0.2652  1.000e-12  0.1473000     7.7667     7.7675     0.0008    -0.0002     6.1090     6.1097     22.791     23.284    1439.58    1439.58     7.8610     7.9925    94.2940    95.8700  0.000e+00
      45491     23.500     5.7002     5.6998    0.85609    0.85615          1     3.5711     3.3298      79.17      0.474     0.6022     0.2657  1.000e-12  0.1457000     7.7667     7.7675     0.0007    -0.0004     6.1091     6.1097     23.286     23.790    1439.58    1439.58     7.8648     7.9883    94.3390    95.8210  0.000e+00
      45516     24.000     5.7038     5.7007    0.85645    0.85622          1     3.5716     3.3298      45.08      0.504     0.6086     0.2667  1.000e-12  0.1498000     7.7694     7.7679    -0.0015    -0.0031     6.1110     6.1099     23.782     24.297    1439.61    1439.60     7.8669     7.9946    94.3750    95.8970  0.000e+00
      45547     24.500     5.7112     5.7088    0.85715    0.85703          1     3.5716     3.3301      55.08      0.418     0.6099     0.1950  1.000e-12  0.1479000     7.7744     7.7738    -0.0006    -0.0024     6.1146     6.1142     24.277     24.803    1439.66    1439.65     7.8616     7.9950    94.3310    95.9260  0.000e+00
