ctdpy/tests/etc/exprapp_feb_2020/SBE09_1387_20200208_0640_77_10_0125.cnv
* Sea-Bird SBE 9 Data File:
* FileName = L:\2020\sv20d0125.hex
* Software Version Seasave V 7.26.7.121
* Temperature SN = 6378
* Conductivity SN = 4824
* Number of Bytes Per Scan = 41
* Number of Voltage Words = 4
* Number of Scans Averaged by the Deck Unit = 1
* NMEA Latitude = 55 00.97 N
* NMEA Longitude = 013 18.01 E
* NMEA UTC (Time) = Feb 08 2020  06:40:09
* NMEA baud rate = 4800
** Station:  BY1
** Operator:  DBSj/SSip
** Ship: SVEA
** Average sound velocity: 1441.72 m/s
** True-depth calculation Sat, 08 Feb 2020 08:02:12 +0000
** CTD Python Module SMHI /ver 3-12/ feb 2012 
** LIMS Job: 20207710-0125
** Cruise: SMHI-03-2020
** Latitude [GG MM.mm N] :
** Longitude [GGG MM.mm E]:
# nquan = 30
# nvalues = 83                          
# units = specified
# name 0 = scan: Scan Count
# name 1 = prDM: Pressure, Digiquartz [db]
# name 2 = t090C: Temperature [ITS-90, deg C]
# name 3 = t190C: Temperature, 2 [ITS-90, deg C]
# name 4 = c0S/m: Conductivity [S/m]
# name 5 = c1S/m: Conductivity, 2 [S/m]
# name 6 = pumps: Pump Status
# name 7 = sbeox0V: Oxygen raw, SBE 43 [V]
# name 8 = sbeox1V: Oxygen raw, SBE 43, 2 [V]
# name 9 = altM: Altimeter [m]
# name 10 = dz/dtM: Descent Rate [m/s]
# name 11 = flECO-AFL: Chl-a Fluorescence, WET Labs ECO-AFL/FL [mg/m^3]
# name 12 = flECO-AFL1: Phycocyanin Fluorescence, WET Labs ECO-AFL/FL, 2 [mg/m^3]
# name 13 = par: PAR/Irradiance, Biospherical/Lico [µE/(cm^2*s)]
# name 14 = turbWETntu0: Turbidity, WET Labs ECO [NTU]
# name 15 = sal00: Salinity, Practical [PSU]
# name 16 = sal11: Salinity, Practical, 2 [PSU]
# name 17 = secS-priS: Salinity, Practical, Difference, 2 - 1 [PSU]
# name 18 = T2-T190C: Temperature Difference, 2 - 1 [ITS-90, deg C]
# name 19 = sigma-t00: Density [sigma-t, kg/m^3 ]
# name 20 = sigma-t11: Density, 2 [sigma-t, kg/m^3 ]
# name 21 = depSM: Depth [salt water, m], lat = 55.0162
# name 22 = depFM: Depth [true depth, m], lat = 55.0162
# name 23 = svCM: Sound Velocity [Chen-Millero, m/s]
# name 24 = svCM1: Sound Velocity, 2 [Chen-Millero, m/s]
# name 25 = sbeox0ML/L: Oxygen, SBE 43 [ml/l], WS = 2
# name 26 = sbeox1ML/L: Oxygen, SBE 43, 2 [ml/l], WS = 2
# name 27 = sbeox0PS: Oxygen, SBE 43 [% saturation], WS = 2
# name 28 = sbeox1PS: Oxygen, SBE 43, 2 [% saturation], WS = 2
# name 29 = flag: flag
# span 0 =      19125,      24081       
# span 1 =      1.000,     43.000       
# span 2 =     5.2573,     6.3423       
# span 3 =     5.2571,     6.3512       
# span 4 =   0.936396,   2.002715       
# span 5 =   0.936462,   2.007163       
# span 6 =          1,          1       
# span 7 =     2.9390,     3.6071       
# span 8 =     2.7336,     3.3619       
# span 9 =       1.33,      44.47       
# span 10 =     -0.161,      0.448      
# span 11 =     0.3062,     1.1495      
# span 12 =     0.2025,     0.3888      
# span 13 = -1.374e-13, 2.8386e+01      
# span 14 =     0.1478,     0.4445      
# span 15 =     8.6586,    19.1197      
# span 16 =     8.6593,    19.1610      
# span 17 =    -0.0255,     0.0467      
# span 18 =    -0.0062,     0.0109      
# span 19 =     6.8331,    15.0010      
# span 20 =     6.8336,    15.0327      
# span 21 =      0.991,     42.608      
# span 22 =      1.012,     43.442      
# span 23 =    1438.63,    1456.87      
# span 24 =    1438.63,    1456.96      
# span 25 =     5.6709,     7.9844      
# span 26 =     5.7449,     8.1180      
# span 27 =     74.493,     95.381      
# span 28 =     75.502,     96.977      
# span 29 = 0.0000e+00, 0.0000e+00      
# interval = decibars: 0.5              
# start_time = Feb 08 2020 06:40:09 [NMEA time, first data scan]
# bad_flag = -9.990e-29
*END*
[from data line 49]
      20787     25.500     5.2601     5.2599    0.95275    0.95282          1     3.5817     3.3393      19.52      0.363     0.7774     0.3153  1.000e-12  0.1981000     8.8292     8.8299     0.0008    -0.0002     6.9697     6.9703     25.269     25.796    1439.06    1439.06     7.9323     8.0608    94.7690    96.3050  0.000e+00
      20818     26.000     5.2581     5.2578    0.95312    0.95324          1     3.5809     3.3382      18.91      0.395     0.7542     0.3180  1.000e-12  0.1973000     8.8334     8.8346     0.0013    -0.0002     6.9731     6.9741     25.764     26.302    1439.06    1439.06     7.9297     8.0527    94.7360    96.2060  0.000e+00
      20849     26.500     5.2573     5.2571    0.95363    0.95368          1     3.5799     3.3370      18.46      0.382     0.7408     0.2775  1.000e-12  0.1884000     8.8385     8.8391     0.0005    -0.0002     6.9772     6.9776     26.259     26.807    1439.07    1439.07     7.9293     8.0543    94.7320    96.2260  0.000e+00
      20880     27.000     5.2584     5.2581    0.95498    0.95506          1     3.5799     3.3369      17.98      0.380     0.7320     0.2916  1.000e-12  0.1884000     8.8516     8.8526     0.0009    -0.0003     6.9875     6.9882     26.755     27.313    1439.10    1439.10     7.9328     8.0604    94.7850    96.3100  0.000e+00
      20910     27.500     5.2609     5.2606    0.95640    0.95646          1     3.5794     3.3365      17.52      0.401     0.7209     0.2551  1.000e-12  0.1934000     8.8651     8.8658     0.0007    -0.0003     6.9980     6.9986     27.250     27.819    1439.14    1439.14     7.9141     8.0365    94.5760    96.0390  0.000e+00
      20940     28.000     5.2781     5.2787    0.95960    0.95986          1     3.5734     3.3315      17.00      0.404     0.7190     0.2873  1.000e-12  0.1881000     8.8924     8.8948     0.0024     0.0005     7.0188     7.0207     27.746     28.325    1439.25    1439.26     7.8674     7.9775    94.0770    95.3950  0.000e+00
      20974     28.500     5.3317     5.3341    0.96796    0.96852          1     3.5638     3.3232      16.46      0.367     0.7159     0.2813  1.000e-12  0.1886000     8.9615     8.9664     0.0049     0.0024     7.0707     7.0745     28.241     28.830    1439.58    1439.60     7.8267     7.9358    93.7590    95.0750  0.000e+00
      21007     29.000     5.3889     5.3884    0.97610    0.97622          1     3.5565     3.3160      15.94      0.351     0.6886     0.3047  1.000e-12  0.1791000     9.0272     9.0285     0.0013    -0.0006     7.1198     7.1209     28.737     29.336    1439.92    1439.92     7.8046     7.9129    93.6700    94.9690  0.000e+00
      21040     29.500     5.4086     5.4076    0.98007    0.98035          1     3.5500     3.3096      15.39      0.371     0.6733     0.3467  1.000e-12  0.1905000     9.0613     9.0644     0.0031    -0.0010     7.1458     7.1483     29.232     29.842    1440.06    1440.06     7.7537     7.8544    93.1250    94.3350  0.000e+00
      21075     30.000     5.4454     5.4438    0.99384    0.99437          1     3.5316     3.2943      14.81      0.338     0.6563     0.3122  1.000e-12  0.1942000     9.1884     9.1941     0.0057    -0.0016     7.2443     7.2488     29.727     30.347    1440.39    1440.39     7.6498     7.7432    92.0410    93.1640  0.000e+00
      21106     30.500     5.5838     5.5775    1.02958    1.02919          1     3.5124     3.2782      13.89      0.374     0.5695     0.2965  1.000e-12  0.1838000     9.5058     9.5036    -0.0022    -0.0062     7.4875     7.4861     30.223     30.853    1441.39    1441.36     7.5449     7.6355    91.2850    92.3650  0.000e+00
      21139     31.000     5.6591     5.6573    1.05358    1.05417          1     3.4870     3.2568      13.75      0.377     0.5295     0.2597  1.000e-12  0.1864000     9.7231     9.7295     0.0064    -0.0018     7.6548     7.6600     30.718     31.358    1442.00    1442.00     7.4063     7.4859    89.9060    90.8720  0.000e+00
      21172     31.500     5.7185     5.7154    1.10047    1.09970          1     3.4509     3.2257      13.34      0.351     0.4992     0.2077  1.000e-12  0.1766000    10.1729    10.1662    -0.0066    -0.0031     8.0061     8.0010     31.214     31.864    1442.83    1442.81     7.2655     7.3256    88.5920    89.3140  0.000e+00
      21200     32.000     5.7721     5.7720    1.17153    1.17242          1     3.4281     3.2035      12.86      0.408     0.4697     0.2697  1.000e-12  0.1701000    10.8667    10.8756     0.0090    -0.0000     8.5498     8.5569     31.709     32.369    1443.94    1443.95     7.2164     7.2924    88.5170    89.4550  0.000e+00
      21230     32.500     5.8032     5.8069    1.23936    1.23696          1     3.4148     3.1906      12.40      0.422     0.4209     0.2417  1.000e-12  0.1614000    11.5379    11.5124    -0.0255     0.0037     9.0768     9.0565     32.204     32.873    1444.93    1444.92     7.2072     7.3137    88.8670    90.1730  0.000e+00
      21264     33.000     5.7434     5.7447    1.28843    1.28713          1     3.4165     3.1894      11.86      0.362     0.3883     0.2401  1.000e-12  0.1624000    12.0537    12.0401    -0.0136     0.0013     9.4870     9.4762     32.700     33.378    1445.33    1445.32     7.2263     7.3341    89.2750    90.6010  0.000e+00
      21295     33.500     5.6773     5.6735    1.29535    1.29598          1     3.4075     3.1803      11.19      0.370     0.3927     0.2633  1.000e-12  0.1601000    12.1475    12.1552     0.0077    -0.0038     9.5652     9.5715     33.195     33.883    1445.18    1445.17     7.1336     7.2113    88.0400    88.9960  0.000e+00
      21325     34.000     5.7756     5.7791    1.33690    1.33839          1     3.3842     3.1587      10.48      0.401     0.3937     0.2176  1.000e-12  0.1675000    12.5328    12.5466     0.0138     0.0036     9.8624     9.8731     33.691     34.387    1446.09    1446.12     6.9666     7.0132    86.4070    87.0000  0.000e+00
      21359     34.500     5.9403     5.9415    1.40060    1.40387          1     3.3465     3.1262      10.25      0.365     0.3535     0.2231  1.000e-12  0.1625000    13.1169    13.1495     0.0327     0.0013    10.3113    10.3369     34.186     34.891    1447.53    1447.58     6.8200     6.8803    85.2640    86.0390  0.000e+00
      21393     35.000     6.0927     6.0886    1.45027    1.45046          1     3.3249     3.1072       9.77      0.344     0.3168     0.2049  1.000e-12  0.1478000    13.5608    13.5643     0.0035    -0.0042    10.6499    10.6530     34.682     35.395    1448.74    1448.73     6.8087     6.9104    85.6940    86.9670  0.000e+00
      21422     35.500     6.0320     6.0324    1.46798    1.46832          1     3.3225     3.1036       9.31      0.391     0.3218     0.2150  1.000e-12  0.1548000    13.7649    13.7682     0.0033     0.0005    10.8149    10.8175     35.177     35.899    1448.75    1448.76     6.8447     6.9568    86.1350    87.5480  0.000e+00
      21460     36.000     5.9449     5.9481    1.48141    1.48075          1     3.3231     3.1035       8.70      0.346     0.3789     0.2580  1.000e-12  0.2090000    13.9371    13.9291    -0.0080     0.0032    10.9567    10.9502     35.672     36.403    1448.61    1448.61     6.8538     6.9686    86.1630    87.6090  0.000e+00
      21504     36.500     5.8961     5.8960    1.49497    1.49458          1     3.3186     3.0984       8.16      0.257     0.3745     0.2264  1.000e-12  0.2820000    14.0957    14.0918    -0.0040    -0.0002    11.0851    11.0820     36.168     36.906    1448.61    1448.60     6.8091     6.9073    85.5880    86.8210  0.000e+00
      21539     37.000     5.9194     5.9190    1.51335    1.51361          1     3.3045     3.0867       7.69      0.337     0.3766     0.2525  1.000e-12  0.2859000    14.2739    14.2768     0.0029    -0.0003    11.2237    11.2260     36.663     37.410    1448.94    1448.94     6.7325     6.8266    84.7740    85.9600  0.000e+00
      21581     37.500     5.9617     5.9590    1.53408    1.53235          1     3.2877     3.0721       7.16      0.281     0.3653     0.2272  1.000e-12  0.2811000    14.4679    14.4515    -0.0165    -0.0028    11.3734    11.3606     37.159     37.914    1449.37    1449.33     6.7041     6.8079    84.6130    85.9070  0.000e+00
      21619     38.000     5.9629     5.9610    1.57014    1.57195          1     3.2862     3.0696       6.68      0.311     0.3558     0.2094  1.000e-12  0.2833000    14.8369    14.8564     0.0194    -0.0019    11.6637    11.6791     37.654     38.417    1449.84    1449.86     6.7429     6.8635    85.3130    86.8470  0.000e+00
      21660     38.500     5.9249     5.9235    1.61228    1.61425          1     3.3037     3.0822       6.17      0.299     0.3469     0.2059  1.000e-12  0.3036000    15.2869    15.3078     0.0209    -0.0014    12.0208    12.0373     38.149     38.920    1450.26    1450.28     6.8290     6.9619    86.5790    88.2740  0.000e+00
      21703     39.000     5.8812     5.8809    1.65079    1.65157          1     3.3210     3.0970       5.69      0.276     0.3265     0.2104  1.000e-12  0.2898000    15.7042    15.7123     0.0082    -0.0003    12.3525    12.3590     38.645     39.424    1450.61    1450.62     6.7875     6.9037    86.1990    87.6790  0.000e+00
      21747     39.500     5.8677     5.8700    1.70734    1.71148          1     3.3019     3.0825       5.20      0.279     0.3216     0.2025  1.000e-12  0.2784000    16.2962    16.3380     0.0418     0.0023    12.8197    12.8524     39.140     39.927    1451.30    1451.36     6.5870     6.6526    83.9530    84.8170  0.000e+00
      21789     40.000     5.9269     5.9341    1.76690    1.77174          1     3.2488     3.0384       4.73      0.275     0.3159     0.2212  1.000e-12  0.3182000    16.8858    16.9325     0.0467     0.0072    13.2792    13.3154     39.636     40.429    1452.30    1452.39     6.3188     6.3407    80.9660    81.2860  0.000e+00
      21826     40.500     6.0396     6.0500    1.83117    1.83607          1     3.1820     2.9796       4.21      0.325     0.3223     0.2443  1.000e-12  0.3283000    17.4970    17.5426     0.0456     0.0104    13.7510    13.7861     40.131     40.932    1453.55    1453.65     6.0619     6.0686    78.2030    78.3340  0.000e+00
      21873     41.000     6.1852     6.1961    1.88250    1.88510          1     3.1169     2.9176       3.71      0.240     0.3205     0.2502  1.000e-12  0.3425000    17.9549    17.9762     0.0213     0.0109    14.0990    14.1148     40.626     41.434    1454.73    1454.80     6.1548     6.1516    79.9290    79.9190  0.000e+00
      22363     42.500     6.2924     6.2940    1.97881    1.98013          1     2.9855     2.7956       2.04      0.113     0.3062     0.2272  9.978e-13  0.4417000    18.8945    18.9075     0.0130     0.0015    14.8273    14.8374     42.113     42.940    1453.24    1453.26     5.6935     5.7848    74.6360    75.8430  0.000e+00
      24081     43.000     6.3423     6.3512    2.00271    2.00716          1     2.9390     2.7336       1.33     -0.161     0.3114     0.2217  1.000e-12  0.4445000    19.1197    19.1610     0.0414     0.0089    15.0010    15.0327     42.608     43.442    1456.87    1456.96     5.6709     5.7449    74.4930    75.5020  0.000e+00
