ctdpy/tests/etc/exprapp_feb_2020/SBE09_1387_20200209_1726_77_10_0133.cnv
* Sea-Bird SBE 9 Data File:
* FileName = L:\2020\sv20d0133.hex
* Software Version Seasave V 7.26.7.121
* Temperature SN = 6378
* Conductivity SN = 4824
* Number of Bytes Per Scan = 41
* Number of Voltage Words = 4
* Number of Scans Averaged by the Deck Unit = 1
* NMEA Latitude = 55 21.29 N
* NMEA Longitude = 019 02.48 E
* NMEA UTC (Time) = Feb 09 2020  17:26:52
* NMEA baud rate = 4800
** Station:  PL-P63
** Operator:  SSip
** Ship: SVEA
** Average sound velocity: 1440.59 m/s
** True-depth calculation Sun, 09 Feb 2020 18:51:15 +0000
** CTD Python Module SMHI /ver 3-12/ feb 2012 
** LIMS Job: 20207710-0133
** Cruise: SMHI-03-2020
** Latitude [GG MM.mm N] :
** Longitude [GGG MM.mm E]:
# nquan = 30
# nvalues = 152                         
# units = specified
# name 0 = scan: Scan Count
# name 1 = prDM: Pressure, Digiquartz [db]
# name 2 = t090C: Temperature [ITS-90, deg C]
# name 3 = t190C: Temperature, 2 [ITS-90, deg C]
# name 4 = c0S/m: Conductivity [S/m]
# name 5 = c1S/m: Conductivity, 2 [S/m]
# name 6 = pumps: Pump Status
# name 7 = sbeox0V: Oxygen raw, SBE 43 [V]
# name 8 = sbeox1V: Oxygen raw, SBE 43, 2 [V]
# name 9 = altM: Altimeter [m]
# name 10 = dz/dtM: Descent Rate [m/s]
# name 11 = flECO-AFL: Chl-a Fluorescence, WET Labs ECO-AFL/FL [mg/m^3]
# name 12 = flECO-AFL1: Phycocyanin Fluorescence, WET Labs ECO-AFL/FL, 2 [mg/m^3]
# name 13 = par: PAR/Irradiance, Biospherical/Lico [µE/(cm^2*s)]
# name 14 = turbWETntu0: Turbidity, WET Labs ECO [NTU]
# name 15 = sal00: Salinity, Practical [PSU]
# name 16 = sal11: Salinity, Practical, 2 [PSU]
# name 17 = secS-priS: Salinity, Practical, Difference, 2 - 1 [PSU]
# name 18 = T2-T190C: Temperature Difference, 2 - 1 [ITS-90, deg C]
# name 19 = sigma-t00: Density [sigma-t, kg/m^3 ]
# name 20 = sigma-t11: Density, 2 [sigma-t, kg/m^3 ]
# name 21 = depSM: Depth [salt water, m], lat = 55.3548
# name 22 = depFM: Depth [true depth, m], lat = 55.3548
# name 23 = svCM: Sound Velocity [Chen-Millero, m/s]
# name 24 = svCM1: Sound Velocity, 2 [Chen-Millero, m/s]
# name 25 = sbeox0ML/L: Oxygen, SBE 43 [ml/l], WS = 2
# name 26 = sbeox1ML/L: Oxygen, SBE 43, 2 [ml/l], WS = 2
# name 27 = sbeox0PS: Oxygen, SBE 43 [% saturation], WS = 2
# name 28 = sbeox1PS: Oxygen, SBE 43, 2 [% saturation], WS = 2
# name 29 = flag: flag
# span 0 =        426,      40645       
# span 1 =      4.000,     79.500       
# span 2 =     5.5430,     7.8758       
# span 3 =     5.5276,     7.8579       
# span 4 =   0.823408,   1.335485       
# span 5 =   0.786958,   1.332505       
# span 6 =          0,          1       
# span 7 =     0.9448,     3.5783       
# span 8 =     0.9163,     3.3360       
# span 9 =      -0.40,      81.24       
# span 10 =      0.098,      1.054      
# span 11 =     0.3372,     0.4590      
# span 12 =     0.1630,     0.3024      
# span 13 = -1.921e-10, 6.0083e-01      
# span 14 =     0.1098,     0.3854      
# span 15 =     7.4842,    11.7685      
# span 16 =     7.0072,    11.7461      
# span 17 =    -0.5382,     0.0960      
# span 18 =    -0.2276,     0.5837      
# span 19 =     5.8933,     9.0976      
# span 20 =     5.4874,     9.0817      
# span 21 =      3.964,     78.766      
# span 22 =      4.050,     80.473      
# span 23 =    1438.33,    1454.59      
# span 24 =    1438.20,    1454.48      
# span 25 =     0.5810,     7.9165      
# span 26 =     0.6142,     8.0477      
# span 27 =      7.542,     94.430      
# span 28 =      7.963,     96.001      
# span 29 = 0.0000e+00, 0.0000e+00      
# interval = decibars: 0.5              
# start_time = Feb 09 2020 17:26:52 [NMEA time, first data scan]
# bad_flag = -9.990e-29
*END*
        426      4.000     5.5549     5.5276    0.82684    0.82951          0     3.2639     3.1438      76.67      0.493     0.4130     0.2045  6.008e-01  0.1259000     7.5168     7.5486     0.0319    -0.0273     5.9188     5.9453      3.964      4.050    1438.33    1438.25     6.7712     7.0282    80.7920    83.8180  0.000e+00
        476      4.500     5.5542     5.6445    0.82745    0.82114          0     3.2002     3.1223      81.24      0.368     0.4173     0.2129  4.933e-01  0.1462000     7.5228     7.4420    -0.0808     0.0903     5.9237     5.8553      4.459      4.556    1438.34    1438.63     6.6534     7.2197    79.3880    86.2910  0.000e+00
        562      5.000     5.5572     6.0868    0.82846    0.79213          0     3.1195     3.1125      71.76      0.114     0.4156     0.2248  3.236e-01  0.1901000     7.5319     7.0656    -0.4662     0.5296     5.9307     5.5358      4.955      5.063    1438.38    1440.07     6.4532     6.9321    77.0090    83.5700  0.000e+00
        574      5.500     5.5576     6.1131    0.82930    0.79134          0     3.1021     3.0902       8.95      0.441     0.4068     0.2234  2.586e-01  0.1213000     7.5400     7.0528    -0.4872     0.5555     5.9370     5.5242      5.450      5.569    1438.40    1440.17     6.3970     6.8674    76.3440    82.8370  0.000e+00
        588      6.000     5.5570     6.1165    0.83004    0.79012          0     3.0854     3.0726       0.62      0.737     0.4068     0.2502  2.299e-01  0.1277000     7.5473     7.0404    -0.5069     0.5595     5.9428     5.5142      5.946      6.075    1438.41    1440.18     6.3723     6.9093    76.0520    83.3420  0.000e+00
        605      6.500     5.5579     6.1176    0.83038    0.78907          0     3.0688     3.0627      44.25      0.824     0.4068     0.2246  1.919e-01  0.1321000     7.5504     7.0300    -0.5203     0.5597     5.9452     5.5060      6.441      6.582    1438.43    1440.18     6.3980     7.0223    76.3610    84.7010  0.000e+00
        643      7.000     5.5753     6.1296    0.83028    0.78696          0     3.0892     3.0495       9.87      0.448     0.4122     0.2153  1.344e-01  0.1427000     7.5454     7.0072    -0.5382     0.5543     5.9405     5.4874      6.937      7.088    1438.50    1440.21     6.7035     6.9721    80.0410    84.1070  0.000e+00
        692      7.500     5.5651     6.1488    0.83015    0.79041          0     3.1799     3.0150      -0.40      0.149     0.4194     0.2852  8.735e-02  0.3351000     7.5464     7.0362    -0.5101     0.5837     5.9417     5.5092      7.432      7.594    1438.47    1440.34     7.1352     6.8228    85.1730    82.3620  0.000e+00
        703      8.000     5.5560     5.8698    0.82902    0.79143          0     3.2030     3.0112       0.18      0.442     0.4186     0.2936  6.717e-02  0.3854000     7.5373     7.1042    -0.4330     0.3138     5.9350     5.5775      7.927      8.100    1438.43    1439.23     7.1071     6.9238    84.8130    83.0390  0.000e+00
        717      8.500     5.5549     5.6408    0.82784    0.79175          0     3.2186     3.0081       0.27      0.751     0.4076     0.2949  3.771e-02  0.1515000     7.5259     7.1557    -0.3702     0.0859     5.9261     5.6295      8.423      8.607    1438.41    1438.32     7.0517     6.9861    84.1440    83.3360  0.000e+00
       1409      9.000     5.5516     5.5643    0.82532    0.80695          0     3.3740     3.1438      31.85      0.545     0.4161     0.2603  2.589e-02  0.1209000     7.5020     7.3201    -0.1818     0.0127     5.9073     5.7631      8.918      9.113    1438.38    1438.20     7.3711     7.4398    87.9330    88.6780  0.000e+00
      15237      9.500     5.5520     5.5516    0.82352    0.82473          1     3.5783     3.3360      73.59      0.459     0.4352     0.2169  1.587e-02  0.1239000     7.4842     7.4962     0.0119    -0.0005     5.8933     5.9027      9.414      9.619    1438.36    1438.38     7.9165     8.0477    94.4300    96.0010  0.000e+00
      31949     10.000     5.5482     5.5478    0.82357    0.82365          1     3.5670     3.3270      71.07      0.604     0.4412     0.2129  1.300e-03  0.1151000     7.4855     7.4864     0.0008    -0.0005     5.8945     5.8952      9.909     10.125    1438.36    1438.36     7.8858     8.0217    94.0560    95.6760  0.000e+00
      31907     10.500     5.5487     5.5477    0.82360    0.82365          1     3.5668     3.3269      70.63      0.672     0.4408     0.2430  6.699e-05  0.1151000     7.4856     7.4863     0.0007    -0.0010     5.8945     5.8951     10.405     10.632    1438.37    1438.36     7.8857     8.0142    94.0550    95.5860  0.000e+00
      31967     11.000     5.5490     5.5485    0.82361    0.82368          1     3.5655     3.3247      69.43      0.254     0.4415     0.2431 -1.921e-10  0.1115000     7.4856     7.4863     0.0008    -0.0005     5.8945     5.8951     10.900     11.138    1438.38    1438.38     7.8806     8.0074    93.9960    95.5070  0.000e+00
      32014     11.500     5.5487     5.5486    0.82360    0.82369          1     3.5643     3.3239      68.77      0.241     0.4483     0.2211  1.000e-12  0.1172000     7.4855     7.4863     0.0009    -0.0000     5.8944     5.8951     11.396     11.644    1438.38    1438.38     7.8805     8.0151    93.9940    95.6000  0.000e+00
      32027     12.000     5.5465     5.5479    0.82351    0.82366          1     3.5644     3.3243      68.73      0.527     0.4501     0.2675  1.000e-12  0.1223000     7.4850     7.4862     0.0012     0.0015     5.8942     5.8950     11.891     12.151    1438.38    1438.39     7.8822     8.0200    94.0080    95.6560  0.000e+00
      32040     12.500     5.5468     5.5470    0.82353    0.82365          1     3.5645     3.3246      68.91      0.744     0.4271     0.2622  1.000e-12  0.1511000     7.4851     7.4862     0.0011     0.0003     5.8942     5.8951     12.387     12.657    1438.39    1438.39     7.8821     8.0215    94.0080    95.6710  0.000e+00
      32055     13.000     5.5453     5.5449    0.82348    0.82355          1     3.5643     3.3249      68.80      0.861     0.4364     0.2378  1.000e-12  0.1423000     7.4848     7.4856     0.0008    -0.0003     5.8941     5.8947     12.882     13.163    1438.39    1438.39     7.8822     8.0228    94.0060    95.6820  0.000e+00
      32098     13.500     5.5440     5.5432    0.82344    0.82349          1     3.5641     3.3250      67.85      0.493     0.4478     0.2307  1.000e-12  0.1190000     7.4847     7.4854     0.0007    -0.0008     5.8940     5.8946     13.377     13.669    1438.39    1438.39     7.8819     8.0178    93.9990    95.6170  0.000e+00
      32158     14.000     5.5445     5.5443    0.82346    0.82354          1     3.5640     3.3240      66.30      0.201     0.4350     0.1836  1.000e-12  0.1206000     7.4847     7.4855     0.0008    -0.0002     5.8940     5.8947     13.873     14.176    1438.40    1438.40     7.8830     8.0106    94.0130    95.5340  0.000e+00
      32171     14.500     5.5430     5.5428    0.82341    0.82349          1     3.5639     3.3237      66.50      0.532     0.4278     0.1876  1.000e-12  0.1274000     7.4845     7.4854     0.0009    -0.0002     5.8939     5.8946     14.368     14.682    1438.40    1438.40     7.8837     8.0128    94.0170    95.5570  0.000e+00
      32187     15.000     5.5440     5.5448    0.82347    0.82358          1     3.5639     3.3238      66.19      0.748     0.4389     0.2551  1.000e-12  0.1274000     7.4848     7.4857     0.0010     0.0008     5.8941     5.8948     14.864     15.188    1438.42    1438.42     7.8846     8.0173    94.0310    95.6160  0.000e+00
      32255     15.500     5.5440     5.5438    0.82346    0.82354          1     3.5636     3.3232      65.85      0.383     0.4589     0.2299  1.000e-12  0.1217000     7.4847     7.4855     0.0008    -0.0002     5.8940     5.8947     15.359     15.695    1438.43    1438.43     7.8846     8.0131    94.0310    95.5630  0.000e+00
      32309     16.000     5.5443     5.5444    0.82349    0.82357          1     3.5636     3.3219      65.40      0.379     0.4488     0.2247  1.000e-12  0.1146000     7.4848     7.4856     0.0008     0.0000     5.8941     5.8947     15.855     16.201    1438.44    1438.44     7.8875     8.0116    94.0660    95.5470  0.000e+00
      32322     16.500     5.5449     5.5452    0.82351    0.82362          1     3.5637     3.3224      64.74      0.651     0.4410     0.2184  1.000e-12  0.1151000     7.4848     7.4858     0.0011     0.0003     5.8940     5.8949     16.350     16.707    1438.44    1438.45     7.8885     8.0161    94.0790    95.6020  0.000e+00
      32336     17.000     5.5458     5.5455    0.82356    0.82364          1     3.5642     3.3224      64.15      0.816     0.4290     0.2442  1.000e-12  0.1354000     7.4850     7.4859     0.0009    -0.0003     5.8942     5.8949     16.846     17.213    1438.46    1438.46     7.8863     8.0140    94.0550    95.5780  0.000e+00
      32376     17.500     5.5466     5.5463    0.82361    0.82368          1     3.5632     3.3219      63.47      0.506     0.4357     0.2592  1.000e-12  0.1296000     7.4852     7.4860     0.0008    -0.0004     5.8943     5.8950     17.341     17.720    1438.47    1438.47     7.8816     8.0096    94.0010    95.5270  0.000e+00
      32435     18.000     5.5466     5.5463    0.82361    0.82369          1     3.5619     3.3212      63.06      0.147     0.4281     0.2680  1.000e-12  0.1287000     7.4852     7.4860     0.0008    -0.0003     5.8943     5.8950     17.836     18.226    1438.48    1438.48     7.8791     8.0106    93.9710    95.5390  0.000e+00
      32449     18.500     5.5485     5.5479    0.82371    0.82377          1     3.5618     3.3212      62.74      0.490     0.4279     0.2816  1.000e-12  0.1323000     7.4857     7.4864     0.0008    -0.0006     5.8946     5.8952     18.332     18.732    1438.49    1438.49     7.8797     8.0108    93.9840    95.5460  0.000e+00
      32464     19.000     5.5476     5.5483    0.82367    0.82379          1     3.5618     3.3212      62.34      0.714     0.4263     0.2588  1.000e-12  0.1212000     7.4854     7.4865     0.0010     0.0006     5.8944     5.8952     18.827     19.239    1438.50    1438.50     7.8815     8.0113    94.0030    95.5520  0.000e+00
      32480     19.500     5.5469     5.5475    0.82365    0.82376          1     3.5619     3.3212      61.84      0.789     0.4359     0.2384  1.000e-12  0.1209000     7.4853     7.4863     0.0010     0.0006     5.8944     5.8951     19.323     19.745    1438.50    1438.51     7.8836     8.0117    94.0260    95.5550  0.000e+00
      32504     20.000     5.5479     5.5485    0.82370    0.82381          1     3.5621     3.3209      61.20      0.648     0.4394     0.2507  1.000e-12  0.1273000     7.4855     7.4865     0.0010     0.0006     5.8945     5.8952     19.818     20.251    1438.51    1438.52     7.8841     8.0051    94.0350    95.4800  0.000e+00
      32574     20.500     5.5476     5.5478    0.82369    0.82378          1     3.5619     3.3202      60.41      0.151     0.4370     0.2635  1.000e-12  0.1225000     7.4854     7.4863     0.0009     0.0001     5.8944     5.8951     20.314     20.757    1438.52    1438.52     7.8822     8.0145    94.0110    95.5900  0.000e+00
      32606     21.000     5.5465     5.5463    0.82364    0.82372          1     3.5613     3.3204      60.08      0.329     0.4401     0.2669  1.000e-12  0.1246000     7.4851     7.4860     0.0008    -0.0002     5.8943     5.8949     20.809     21.264    1438.52    1438.52     7.8803     8.0092    93.9850    95.5220  0.000e+00
      32632     21.500     5.5472     5.5465    0.82368    0.82374          1     3.5614     3.3200      59.59      0.473     0.4409     0.2625  1.000e-12  0.1231000     7.4853     7.4860     0.0007    -0.0006     5.8944     5.8950     21.304     21.770    1438.53    1438.53     7.8816     8.0090    94.0020    95.5210  0.000e+00
      32677     22.000     5.5483     5.5472    0.82373    0.82377          1     3.5605     3.3196      58.78      0.284     0.4452     0.1939  1.000e-12  0.1159000     7.4855     7.4861     0.0006    -0.0011     5.8944     5.8950     21.800     22.276    1438.55    1438.54     7.8787     8.0077    93.9710    95.5070  0.000e+00
      32720     22.500     5.5496     5.5491    0.82381    0.82386          1     3.5603     3.3198      58.28      0.247     0.4389     0.2134  1.000e-12  0.1212000     7.4858     7.4865     0.0007    -0.0005     5.8947     5.8953     22.295     22.783    1438.56    1438.56     7.8808     8.0155    93.9990    95.6050  0.000e+00
      32741     23.000     5.5499     5.5495    0.82382    0.82389          1     3.5602     3.3200      58.38      0.442     0.4286     0.1899  1.000e-12  0.1212000     7.4858     7.4866     0.0008    -0.0004     5.8946     5.8953     22.791     23.289    1438.57    1438.57     7.8804     8.0133    93.9950    95.5800  0.000e+00
      32759     23.500     5.5498     5.5495    0.82381    0.82389          1     3.5603     3.3202      58.52      0.598     0.4308     0.2266  1.000e-12  0.1164000     7.4858     7.4866     0.0008    -0.0003     5.8946     5.8953     23.286     23.795    1438.58    1438.58     7.8814     8.0141    94.0060    95.5890  0.000e+00
      32781     24.000     5.5497     5.5494    0.82382    0.82389          1     3.5603     3.3201      58.15      0.613     0.4354     0.2148  1.000e-12  0.1191000     7.4858     7.4866     0.0008    -0.0003     5.8946     5.8953     23.782     24.301    1438.59    1438.59     7.8845     8.0108    94.0430    95.5500  0.000e+00
      32816     24.500     5.5497     5.5497    0.82383    0.82390          1     3.5605     3.3195      57.56      0.383     0.4513     0.2339  1.000e-12  0.1320000     7.4858     7.4865     0.0007    -0.0000     5.8946     5.8952     24.277     24.808    1438.59    1438.60     7.8814     8.0065    94.0070    95.4990  0.000e+00
      32849     25.000     5.5498     5.5491    0.82384    0.82390          1     3.5602     3.3196      57.14      0.334     0.4439     0.2572  1.000e-12  0.1263000     7.4858     7.4865     0.0007    -0.0007     5.8946     5.8952     24.772     25.314    1438.60    1438.60     7.8821     8.0216    94.0150    95.6780  0.000e+00
      32876     25.500     5.5485     5.5482    0.82379    0.82386          1     3.5603     3.3205      56.68      0.437     0.4339     0.2429  1.000e-12  0.1419000     7.4855     7.4863     0.0008    -0.0003     5.8945     5.8951     25.268     25.820    1438.60    1438.60     7.8834     8.0212    94.0270    95.6700  0.000e+00
      32919     26.000     5.5487     5.5479    0.82380    0.82385          1     3.5597     3.3207      56.03      0.289     0.4344     0.2370  1.000e-12  0.1359000     7.4855     7.4862     0.0007    -0.0008     5.8945     5.8951     25.763     26.326    1438.61    1438.61     7.8806     8.0185    93.9940    95.6380  0.000e+00
      32961     26.500     5.5482     5.5479    0.82378    0.82386          1     3.5594     3.3209      55.65      0.283     0.4386     0.2286  1.000e-12  0.1529000     7.4855     7.4863     0.0008    -0.0002     5.8944     5.8951     26.259     26.833    1438.62    1438.62     7.8796     8.0130    93.9810    95.5720  0.000e+00
      32996     27.000     5.5485     5.5485    0.82381    0.82389          1     3.5580     3.3201      55.08      0.342     0.4295     0.1989  1.000e-12  0.1249000     7.4855     7.4863     0.0008     0.0000     5.8945     5.8951     26.754     27.339    1438.63    1438.63     7.8743     8.0114    93.9190    95.5540  0.000e+00
      33032     27.500     5.5491     5.5494    0.82384    0.82393          1     3.5575     3.3192      54.51      0.321     0.4231     0.2185  1.000e-12  0.1168000     7.4856     7.4865     0.0008     0.0003     5.8945     5.8952     27.249     27.845    1438.64    1438.64     7.8779     8.0068    93.9630    95.5020  0.000e+00
