ctdpy/tests/etc/exprapp_feb_2020/SBE09_1387_20200207_0801_77_10_0120.cnv
* Sea-Bird SBE 9 Data File:
* FileName = L:\2020\sv20d0120.hex
* Software Version Seasave V 7.26.7.121
* Temperature SN = 6378
* Conductivity SN = 4824
* Number of Bytes Per Scan = 41
* Number of Voltage Words = 4
* Number of Scans Averaged by the Deck Unit = 1
* NMEA Latitude = 57 11.57 N
* NMEA Longitude = 011 39.44 E
* NMEA UTC (Time) = Feb 07 2020  08:01:28
* NMEA baud rate = 4800
** Station:  Fladen
** Operator:  DBSj
** Ship: SVEA
** Average sound velocity: 1474.83 m/s
** True-depth calculation Fri, 07 Feb 2020 09:43:39 +0000
** CTD Python Module SMHI /ver 3-12/ feb 2012 
** LIMS Job: 20207710-0120
** Cruise: SMHI-03-2020
** Latitude [GG MM.mm N] :
** Longitude [GGG MM.mm E]:
# nquan = 30
# nvalues = 165                         
# units = specified
# name 0 = scan: Scan Count
# name 1 = prDM: Pressure, Digiquartz [db]
# name 2 = t090C: Temperature [ITS-90, deg C]
# name 3 = t190C: Temperature, 2 [ITS-90, deg C]
# name 4 = c0S/m: Conductivity [S/m]
# name 5 = c1S/m: Conductivity, 2 [S/m]
# name 6 = pumps: Pump Status
# name 7 = sbeox0V: Oxygen raw, SBE 43 [V]
# name 8 = sbeox1V: Oxygen raw, SBE 43, 2 [V]
# name 9 = altM: Altimeter [m]
# name 10 = dz/dtM: Descent Rate [m/s]
# name 11 = flECO-AFL: Chl-a Fluorescence, WET Labs ECO-AFL/FL [mg/m^3]
# name 12 = flECO-AFL1: Phycocyanin Fluorescence, WET Labs ECO-AFL/FL, 2 [mg/m^3]
# name 13 = par: PAR/Irradiance, Biospherical/Lico [µE/(cm^2*s)]
# name 14 = turbWETntu0: Turbidity, WET Labs ECO [NTU]
# name 15 = sal00: Salinity, Practical [PSU]
# name 16 = sal11: Salinity, Practical, 2 [PSU]
# name 17 = secS-priS: Salinity, Practical, Difference, 2 - 1 [PSU]
# name 18 = T2-T190C: Temperature Difference, 2 - 1 [ITS-90, deg C]
# name 19 = sigma-t00: Density [sigma-t, kg/m^3 ]
# name 20 = sigma-t11: Density, 2 [sigma-t, kg/m^3 ]
# name 21 = depSM: Depth [salt water, m], lat = 57.1928
# name 22 = depFM: Depth [true depth, m], lat = 57.1928
# name 23 = svCM: Sound Velocity [Chen-Millero, m/s]
# name 24 = svCM1: Sound Velocity, 2 [Chen-Millero, m/s]
# name 25 = sbeox0ML/L: Oxygen, SBE 43 [ml/l], WS = 2
# name 26 = sbeox1ML/L: Oxygen, SBE 43, 2 [ml/l], WS = 2
# name 27 = sbeox0PS: Oxygen, SBE 43 [% saturation], WS = 2
# name 28 = sbeox1PS: Oxygen, SBE 43, 2 [% saturation], WS = 2
# name 29 = flag: flag
# span 0 =      40317,      47115       
# span 1 =      2.000,     84.500       
# span 2 =     5.0268,     7.2156       
# span 3 =     5.0268,     7.2137       
# span 4 =   2.366960,   3.425430       
# span 5 =   2.366985,   3.424972       
# span 6 =          1,          1       
# span 7 =     3.3746,     3.6404       
# span 8 =     3.1431,     3.3830       
# span 9 =       0.95,      98.03       
# span 10 =     -0.058,      0.523      
# span 11 =     0.2868,     1.5997      
# span 12 =     0.1672,     0.4520      
# span 13 = -6.515e-07, 4.4359e+01      
# span 14 =     0.3899,     1.8107      
# span 15 =    23.8793,    33.6195      
# span 16 =    23.8798,    33.6164      
# span 17 =    -0.0518,     0.2476      
# span 18 =    -0.0264,     0.0246      
# span 19 =    18.8698,    26.3032      
# span 20 =    18.8701,    26.3009      
# span 21 =      1.982,     83.705      
# span 22 =      1.999,     83.975      
# span 23 =    1456.77,    1481.50      
# span 24 =    1456.77,    1481.49      
# span 25 =     5.9757,     7.3860      
# span 26 =     6.0630,     7.4874      
# span 27 =     88.117,     97.001      
# span 28 =     89.404,     98.335      
# span 29 = 0.0000e+00, 0.0000e+00      
# interval = decibars: 0.5              
# start_time = Feb 07 2020 08:01:29 [NMEA time, first data scan]
# bad_flag = -9.990e-29
*END*
      40317      2.000     5.0339     5.0384    2.36853    2.37026          1     3.6191     3.3694      96.56      0.066     1.3196     0.3266  4.436e+01  0.4253000    23.8932    23.9091     0.0159     0.0045    18.8802    18.8924      1.982      1.999    1456.78    1456.82     7.2917     7.3906    95.7850    97.1050  0.000e+00
      40375      2.500     5.0354     5.0333    2.36933    2.36839          1     3.6183     3.3684      79.49      0.203     1.3219     0.3165  3.722e+01  0.4274000    23.9008    23.8919    -0.0088    -0.0022    18.8861    18.8793      2.477      2.499    1456.81    1456.79     7.2898     7.4019    95.7680    97.2300  0.000e+00
      40405      3.000     5.0306     5.0302    2.36720    2.36721          1     3.6185     3.3687      97.50      0.367     1.3597     0.3589  3.149e+01  0.4533000    23.8805    23.8809     0.0004    -0.0004    18.8705    18.8709      2.972      2.999    1456.77    1456.77     7.2981     7.4060    95.8530    97.2690  0.000e+00
      40432      3.500     5.0292     5.0295    2.36707    2.36713          1     3.6194     3.3694      42.12      0.424     1.3941     0.4520  2.593e+01  0.4726000    23.8799    23.8803     0.0004     0.0004    18.8701    18.8704      3.468      3.499    1456.77    1456.78     7.3114     7.4234    96.0250    97.4960  0.000e+00
      40458      4.000     5.0268     5.0268    2.36696    2.36699          1     3.6237     3.3732      98.03      0.459     1.4521     0.3498  2.218e+01  0.4631000    23.8802    23.8805     0.0003    -0.0000    18.8706    18.8708      3.963      3.999    1456.77    1456.77     7.3482     7.4684    96.5020    98.0810  0.000e+00
      40485      4.500     5.0282     5.0288    2.36700    2.36708          1     3.6335     3.3802      97.46      0.448     1.4400     0.3531  1.897e+01  0.4617000    23.8793    23.8798     0.0005     0.0006    18.8698    18.8701      4.459      4.498    1456.78    1456.79     7.3860     7.4874    97.0010    98.3350  0.000e+00
      40511      5.000     5.0725     5.0699    2.39754    2.40043          1     3.6404     3.3830      97.48      0.456     1.5997     0.3536  1.641e+01  0.5348000    24.1849    24.2188     0.0339    -0.0025    19.1074    19.1344      4.954      4.998    1457.37    1457.40     7.3148     7.3756    96.3650    97.1810  0.000e+00
      40536      5.500     5.2092     5.2338    2.52135    2.54538          1     3.6275     3.3704      97.48      0.472     1.4893     0.3713  1.389e+01  0.6373000    25.4533    25.7009     0.2476     0.0246    20.0970    20.2902      5.449      5.498    1459.55    1459.96     7.0938     7.1074    94.5560    94.9490  0.000e+00
      40561      6.000     5.5077     5.5241    2.71041    2.71765          1     3.6018     3.3485      97.49      0.487     1.5215     0.4113  1.234e+01  0.4611000    27.3141    27.3811     0.0670     0.0164    21.5375    21.5888      5.945      5.997    1463.14    1463.30     6.8657     6.8938    93.3310    93.7930  0.000e+00
      40585      6.500     5.9046     5.8974    2.85775    2.86119          1     3.5794     3.3302      95.89      0.488     1.4885     0.3748  1.025e+01  0.4327000    28.6158    28.6598     0.0440    -0.0071    22.5227    22.5583      6.440      6.495    1466.41    1466.44     6.7220     6.7772    93.0500    93.8270  0.000e+00
      40609      7.000     6.0123     6.0019    2.89925    2.89755          1     3.5668     3.3198      32.64      0.497     1.4392     0.4191  8.825e+00  0.4693000    28.9820    28.9721    -0.0099    -0.0104    22.7996    22.7930      6.935      6.993    1467.32    1467.26     6.6988     6.7790    93.1930    94.2790  0.000e+00
      40633      7.500     6.0084     5.9889    2.89991    2.89370          1     3.5592     3.3141      97.57      0.503     1.4704     0.4218  7.695e+00  0.4423000    28.9924    28.9406    -0.0518    -0.0195    22.8082    22.7696      7.431      7.491    1467.32    1467.18     6.6968     6.7865    93.1620    94.3350  0.000e+00
      40657      8.000     5.9795     5.9692    2.89136    2.88765          1     3.5529     3.3084      97.50      0.495     1.3935     0.3962  6.660e+00  0.4326000    28.9225    28.8904    -0.0322    -0.0103    22.7564    22.7322      7.926      7.989    1467.13    1467.04     6.6975     6.7880    93.0650    94.2800  0.000e+00
      40680      8.500     6.0116     5.9942    2.89987    2.89570          1     3.5485     3.3053      84.06      0.508     1.2000     0.4073  5.843e+00  0.4372000    28.9887    28.9577    -0.0311    -0.0174    22.8050    22.7824      8.422      8.487    1467.35    1467.24     6.6875     6.7836    93.0390    94.3170  0.000e+00
      40703      9.000     6.0369     6.0292    2.90721    2.90501          1     3.5452     3.3017      43.23      0.519     1.0416     0.4287  5.099e+00  0.4085000    29.0478    29.0302    -0.0176    -0.0077    22.8487    22.8357      8.917      8.985    1467.53    1467.48     6.6718     6.7563    92.9120    94.0600  0.000e+00
      40727      9.500     6.0496     6.0392    2.91015    2.90802          1     3.5403     3.2967      97.22      0.510     0.9748     0.3928  4.429e+00  0.4003000    29.0691    29.0546    -0.0146    -0.0104    22.8641    22.8538      9.412      9.482    1467.62    1467.56     6.6517     6.7333    92.6730    93.7770  0.000e+00
      40752     10.000     6.0790     6.0711    2.91733    2.91556          1     3.5354     3.2919      73.50      0.492     0.9564     0.3619  3.955e+00  0.4259000    29.1227    29.1100    -0.0127    -0.0079    22.9030    22.8939      9.908      9.980    1467.81    1467.76     6.6418     6.7291    92.6320    93.8250  0.000e+00
      40777     10.500     6.1101     6.1004    2.92716    2.92487          1     3.5324     3.2893      73.99      0.483     0.9586     0.3036  3.490e+00  0.4211000    29.2040    29.1873    -0.0168    -0.0097    22.9636    22.9515     10.403     10.478    1468.05    1467.99     6.6293     6.7226    92.5750    93.8470  0.000e+00
      40802     11.000     6.1232     6.1177    2.93025    2.92931          1     3.5294     3.2870      76.42      0.479     0.9694     0.3651  3.109e+00  0.3975000    29.2267    29.2209    -0.0057    -0.0054    22.9799    22.9760     10.899     10.976    1468.14    1468.11     6.6218     6.7167    92.5130    93.8240  0.000e+00
      40827     11.500     6.1541     6.1657    2.93759    2.94036          1     3.5274     3.2851      95.34      0.479     0.9848     0.3960  2.762e+00  0.3899000    29.2805    29.3010     0.0205     0.0116    23.0188    23.0336     11.394     11.474    1468.34    1468.41     6.6119     6.6929    92.4750    93.6470  0.000e+00
      40852     12.000     6.2038     6.2060    2.94759    2.94809          1     3.5241     3.2807      97.53      0.488     0.9894     0.3684  2.447e+00  0.4144000    29.3474    29.3509     0.0035     0.0022    23.0658    23.0683     11.889     11.972    1468.63    1468.64     6.5738     6.6416    92.0900    93.0480  0.000e+00
      40876     12.500     6.2453     6.2587    2.96550    2.97471          1     3.5159     3.2724      88.05      0.490     1.0152     0.3554  2.197e+00  0.4299000    29.5080    29.5975     0.0894     0.0134    23.1876    23.2565     12.385     12.469    1469.01    1469.17     6.5236     6.5783    91.5740    92.4250  0.000e+00
      40900     13.000     6.3502     6.3670    3.01742    3.02232          1     3.5061     3.2633      87.24      0.494     1.1536     0.3663  1.957e+00  0.4549000    29.9862    30.0252     0.0390     0.0168    23.5521    23.5808     12.880     12.967    1470.03    1470.15     6.4633     6.5189    91.2400    92.0850  0.000e+00
      40925     13.500     6.4320     6.4369    3.03941    3.04102          1     3.4979     3.2547      93.45      0.494     1.2049     0.3223  1.759e+00  0.5137000    30.1552    30.1684     0.0132     0.0049    23.6754    23.6852     13.375     13.465    1470.58    1470.61     6.4365     6.4949    91.1380    91.9820  0.000e+00
      40949     14.000     6.4730     6.4758    3.05138    3.05263          1     3.4929     3.2492      97.52      0.491     1.1218     0.3302  1.581e+00  0.5022000    30.2498    30.2611     0.0113     0.0027    23.7450    23.7536     13.871     13.962    1470.87    1470.89     6.4246     6.4916    91.1130    92.0770  0.000e+00
      40973     14.500     6.4895     6.4887    3.05668    3.05669          1     3.4881     3.2451      97.52      0.495     1.0655     0.3583  1.403e+00  0.4998000    30.2930    30.2939     0.0009    -0.0008    23.7770    23.7778     14.366     14.459    1471.00    1470.99     6.4109     6.4927    90.9800    92.1400  0.000e+00
      40998     15.000     6.4950     6.4949    3.05825    3.05829          1     3.4844     3.2431      97.44      0.489     1.0239     0.3460  1.250e+00  0.5051000    30.3052    30.3057     0.0005    -0.0001    23.7859    23.7863     14.861     14.957    1471.04    1471.04     6.4052     6.4944    90.9170    92.1840  0.000e+00
      41023     15.500     6.5178     6.5228    3.06175    3.06281          1     3.4806     3.2409      42.88      0.481     0.9256     0.3284  1.126e+00  0.4368000    30.3230    30.3301     0.0072     0.0050    23.7971    23.8022     15.357     15.454    1471.16    1471.19     6.3921     6.4837    90.7920    92.1070  0.000e+00
      41048     16.000     6.5386     6.5380    3.06619    3.06612          1     3.4771     3.2387      97.15      0.482     0.7750     0.3144  1.014e+00  0.4146000    30.3529    30.3527    -0.0002    -0.0006    23.8182    23.8181     15.852     15.952    1471.29    1471.29     6.3812     6.4705    90.6970    91.9660  0.000e+00
      41073     16.500     6.5658     6.5665    3.07477    3.07507          1     3.4736     3.2355      97.52      0.481     0.6671     0.3124  9.115e-01  0.4144000    30.4224    30.4250     0.0027     0.0007    23.8695    23.8716     16.348     16.449    1471.49    1471.50     6.3666     6.4514    90.5900    91.8000  0.000e+00
      41098     17.000     6.5850     6.5845    3.08203    3.08190          1     3.4707     3.2329      97.53      0.481     0.6628     0.3105  8.163e-01  0.4120000    30.4844    30.4835    -0.0009    -0.0005    23.9160    23.9154     16.843     16.947    1471.65    1471.65     6.3621     6.4505    90.6030    91.8600  0.000e+00
      41122     17.500     6.6007     6.5993    3.08682    3.08651          1     3.4702     3.2318      97.53      0.488     0.6779     0.2827  7.332e-01  0.4172000    30.5225    30.5205    -0.0021    -0.0014    23.9441    23.9427     17.338     17.444    1471.77    1471.77     6.3639     6.4474    90.6840    91.8700  0.000e+00
      41146     18.000     6.6060     6.6033    3.08851    3.08802          1     3.4694     3.2302      97.55      0.495     0.6435     0.3028  6.581e-01  0.4191000    30.5361    30.5331    -0.0030    -0.0026    23.9542    23.9521     17.834     17.941    1471.82    1471.81     6.3499     6.4331    90.5050    91.6820  0.000e+00
      41171     18.500     6.6125     6.6126    3.09094    3.09193          1     3.4647     3.2267      97.54      0.487     0.6223     0.2789  5.976e-01  0.4004000    30.5566    30.5673     0.0108     0.0001    23.9695    23.9779     18.329     18.439    1471.88    1471.89     6.3235     6.4050    90.1540    91.3220  0.000e+00
      41196     19.000     6.6638     6.6659    3.11311    3.11372          1     3.4593     3.2214      97.55      0.479     0.6116     0.2210  5.409e-01  0.4009000    30.7527    30.7575     0.0048     0.0020    24.1176    24.1211     18.824     18.936    1472.34    1472.35     6.2990     6.3734    90.0290    91.0990  0.000e+00
      41221     19.500     6.7196     6.7173    3.13377    3.13336          1     3.4546     3.2175      97.31      0.478     0.5875     0.3137  4.873e-01  0.4204000    30.9280    30.9256    -0.0024    -0.0022    24.2485    24.2470     19.320     19.433    1472.78    1472.77     6.2709     6.3576    89.8470    91.0830  0.000e+00
      41246     20.000     6.7447     6.7418    3.14367    3.14314          1     3.4498     3.2139      96.04      0.479     0.5716     0.2368  4.446e-01  0.4266000    31.0132    31.0100    -0.0033    -0.0028    24.3125    24.3103     19.815     19.930    1473.00    1472.98     6.2574     6.3412    89.7560    90.9500  0.000e+00
      41271     20.500     6.7632     6.7637    3.15068    3.15124          1     3.4467     3.2105      86.66      0.490     0.5619     0.2364  3.986e-01  0.4432000    31.0727    31.0784     0.0057     0.0006    24.3570    24.3614     20.310     20.428    1473.15    1473.16     6.2550     6.3358    89.7950    90.9600  0.000e+00
      41295     21.000     6.7865     6.7841    3.15986    3.15936          1     3.4455     3.2090      97.69      0.490     0.5582     0.2643  3.515e-01  0.4661000    31.1515    31.1482    -0.0033    -0.0024    24.4161    24.4137     20.806     20.925    1473.35    1473.34     6.2505     6.3392    89.8260    91.0940  0.000e+00
      41320     21.500     6.7899     6.7881    3.16136    3.16102          1     3.4446     3.2083      97.55      0.485     0.5641     0.2787  3.141e-01  0.4692000    31.1646    31.1625    -0.0020    -0.0018    24.4259    24.4245     21.301     21.422    1473.39    1473.38     6.2486     6.3370    89.8140    91.0790  0.000e+00
      41345     22.000     6.7917     6.7893    3.16201    3.16159          1     3.4437     3.2075      97.55      0.486     0.5656     0.3048  2.807e-01  0.4797000    31.1697    31.1673    -0.0024    -0.0024    24.4297    24.4281     21.796     21.919    1473.41    1473.40     6.2450     6.3357    89.7690    91.0660  0.000e+00
      41370     22.500     6.7985     6.7997    3.16459    3.16523          1     3.4426     3.2064      97.56      0.483     0.5664     0.3091  2.551e-01  0.4886000    31.1915    31.1973     0.0058     0.0013    24.4460    24.4504     22.292     22.416    1473.47    1473.49     6.2407     6.3219    89.7330    90.9070  0.000e+00
      41394     23.000     6.8156     6.8146    3.17105    3.17114          1     3.4409     3.2040      88.60      0.483     0.5606     0.2445  2.291e-01  0.4849000    31.2462    31.2480     0.0018    -0.0009    24.4869    24.4885     22.787     22.913    1473.62    1473.62     6.2251     6.3012    89.5780    90.6710  0.000e+00
      41419     23.500     6.8371     6.8397    3.17966    3.18084          1     3.4377     3.2001      61.12      0.489     0.5424     0.2326  2.004e-01  0.5097000    31.3203    31.3307     0.0105     0.0026    24.5424    24.5504     23.282     23.410    1473.80    1473.82     6.2099     6.2757    89.4470    90.4060  0.000e+00
      41443     24.000     6.8702     6.8712    3.19237    3.19268          1     3.4351     3.1966      61.09      0.499     0.5083     0.2168  1.757e-01  0.5339000    31.4284    31.4308     0.0023     0.0010    24.6233    24.6250     23.778     23.907    1474.07    1474.08     6.1960     6.2738    89.3780    90.5040  0.000e+00
      41467     24.500     6.8920     6.8950    3.20081    3.20221          1     3.4322     3.1954      60.62      0.502     0.4832     0.2322  1.495e-01  0.5170000    31.5001    31.5126     0.0124     0.0030    24.6770    24.6864     24.273     24.404    1474.26    1474.29     6.1829     6.2722    89.2770    90.5810  0.000e+00
      41492     25.000     6.9185     6.9173    3.21235    3.21225          1     3.4295     3.1940      91.72      0.484     0.4685     0.2724  1.288e-01  0.5423000    31.6013    31.6014     0.0001    -0.0012    24.7532    24.7534     24.768     24.901    1474.50    1474.49     6.1710     6.2580    89.2190    90.4730  0.000e+00
      41518     25.500     6.9363     6.9363    3.21992    3.22016          1     3.4272     3.1918      68.42      0.464     0.4520     0.2610  1.136e-01  0.5490000    31.6672    31.6698     0.0026    -0.0000    24.8027    24.8048     25.264     25.398    1474.66    1474.66     6.1642     6.2435    89.1960    90.3450  0.000e+00
